Date,Open,High,Low,Close,Volume,Dividends,Stock Splits
2008-04-23 00:00:00-04:00,14.462828636169434,15.059596093947423,14.196037848405386,14.462828636169434,23402800,0.0,0.0
2008-04-24 00:00:00-04:00,14.547075656878638,14.743658248943923,14.259223388670861,14.610262870788574,4960900,0.0,0.0
2008-04-25 00:00:00-04:00,14.743663561721739,14.91918336602795,14.533040332198219,14.863017082214355,1956800,0.0,0.0
2008-04-28 00:00:00-04:00,15.087678545158097,15.087678545158097,14.610264579389227,14.743659973144531,709400,0.0,0.0
2008-04-29 00:00:00-04:00,15.017466885394995,15.017466885394995,14.617282136168193,14.792801856994629,859700,0.0,0.0
2008-04-30 00:00:00-04:00,14.79982224647087,14.884072298487444,14.687489736521535,14.848967552185059,893300,0.0,0.0
2008-05-01 00:00:00-04:00,14.89811260080028,15.445734581684752,14.743655737062717,15.382547378540039,2999000,0.0,0.0
2008-05-02 00:00:00-04:00,15.55806460909707,15.55806460909707,15.087671804635995,15.452753067016602,1639400,0.0,0.0
2008-05-05 00:00:00-04:00,15.761670597408317,15.761670597408317,15.136819515100502,15.382547378540039,579000,0.0,0.0
2008-05-06 00:00:00-04:00,15.305326321967664,15.347452038945855,15.0034333849496,15.129806518554688,1040200,0.0,0.0
2008-05-07 00:00:00-04:00,15.094699683853129,15.164907857181328,14.497932219227728,14.891096115112305,1240100,0.0,0.0
2008-05-08 00:00:00-04:00,14.905136108344339,14.954281421646009,14.764721118783756,14.919178009033203,888100,0.0,0.0
2008-05-09 00:00:00-04:00,14.919174286599242,15.333400879802955,14.764717434887816,15.2140474319458,550400,0.0,0.0
2008-05-12 00:00:00-04:00,15.235112357727619,15.263194816823248,14.940239172122917,15.094696044921875,1168000,0.0,0.0
2008-05-13 00:00:00-04:00,15.115759064253659,15.122780013884144,14.603240454102076,14.968321800231934,1783900,0.0,0.0
2008-05-14 00:00:00-04:00,14.39963643332539,15.080652391248734,14.39963643332539,14.954277992248535,649200,0.0,0.0
2008-05-15 00:00:00-04:00,15.059600714444384,15.066620328651803,14.813872704777172,14.855997085571289,470400,0.0,0.0
2008-05-16 00:00:00-04:00,15.045558690679554,15.200015645128817,14.813872589450705,15.178954124450684,1002400,0.0,0.0
2008-05-19 00:00:00-04:00,15.368511404149668,15.508927762842083,15.129804397838347,15.270220756530762,802900,0.0,0.0
2008-05-20 00:00:00-04:00,15.424671497559226,15.424671497559226,15.059591521681233,15.200006484985352,504100,0.0,0.0
2008-05-21 00:00:00-04:00,15.340432151588375,15.340432151588375,14.778767938190471,14.855997085571289,407100,0.0,0.0
2008-05-22 00:00:00-04:00,15.003426550446981,15.059592808389356,14.827906826988407,14.989384651184082,274600,0.0,0.0
2008-05-23 00:00:00-04:00,14.919171870071478,14.919171870071478,14.743652201011814,14.84194278717041,464200,0.0,0.0
2008-05-27 00:00:00-04:00,15.087680661441496,15.087680661441496,14.778765462770947,14.905139923095703,320300,0.0,0.0
2008-05-28 00:00:00-04:00,14.813867191367404,15.038532257466985,14.792804339254534,15.031511306762695,403800,0.0,0.0
2008-05-29 00:00:00-04:00,15.017474633534801,15.094703779059104,14.778767582923214,14.785788536071777,384600,0.0,0.0
2008-05-30 00:00:00-04:00,14.813864758419587,15.094696044921875,14.77876001066355,15.094696044921875,784300,0.0,0.0
2008-06-02 00:00:00-04:00,15.705509622578953,15.705509622578953,14.884077044694331,15.164908409118652,414900,0.0,0.0
2008-06-03 00:00:00-04:00,15.347445045622758,15.375527505035475,14.9472602904497,14.968321800231934,446000,0.0,0.0
2008-06-04 00:00:00-04:00,14.81386420780817,15.192986095717506,14.792801359937425,15.143840789794922,850300,0.0,0.0
2008-06-05 00:00:00-04:00,15.087674757619004,15.36850603783462,15.087674757619004,15.305318832397461,567400,0.0,0.0
2008-06-06 00:00:00-04:00,15.27021471264844,15.621254131330014,15.27021471264844,15.515942573547363,1588900,0.0,0.0
2008-06-09 00:00:00-04:00,15.656357768638845,15.719544972062886,15.51594280255919,15.677420616149902,377700,0.0,0.0
2008-06-10 00:00:00-04:00,15.522965215979152,15.621255835417378,15.333403587826067,15.340424537658691,594000,0.0,0.0
2008-06-11 00:00:00-04:00,15.24915981533684,15.747636746073832,14.88407964730263,15.242138862609863,692300,0.0,0.0
2008-06-12 00:00:00-04:00,15.522965215979152,15.522965215979152,15.073633800455998,15.340424537658691,394400,0.0,0.0
2008-06-13 00:00:00-04:00,15.544027534119724,15.726568221925987,15.242133371175107,15.719547271728516,460500,0.0,0.0
2008-06-16 00:00:00-04:00,15.775711293480358,16.147813566438444,15.614233479202165,15.972293853759766,783000,0.0,0.0
2008-06-17 00:00:00-04:00,15.972294856346535,16.505874977075834,15.656358818049839,16.274188995361328,1194300,0.0,0.0
2008-06-18 00:00:00-04:00,16.14781951316915,16.28121491888081,15.733592731572127,16.1759033203125,723300,0.0,0.0
2008-06-19 00:00:00-04:00,16.21100541154128,16.21100541154128,15.937195009882185,16.070589065551758,683500,0.0,0.0
2008-06-20 00:00:00-04:00,15.937192556889267,16.28823202872287,15.712526170063938,16.147815704345703,1330300,0.0,0.0
2008-06-23 00:00:00-04:00,16.11972976963747,16.11972976963747,15.916127599266954,15.972293853759766,390500,0.0,0.0
2008-06-24 00:00:00-04:00,15.993355584307894,16.119728643758368,15.663377690489368,16.063562393188477,666900,0.0,0.0
2008-06-25 00:00:00-04:00,16.203981612057756,16.40758514404297,16.042503779930417,16.40758514404297,717000,0.0,0.0
2008-06-26 00:00:00-04:00,16.1829152012047,16.604162733326238,15.544023624145481,15.881022453308105,1993100,0.0,0.0
2008-06-27 00:00:00-04:00,15.445737287631724,16.2461068822031,15.410633874894486,15.810818672180176,4484900,0.0,0.0
2008-06-30 00:00:00-04:00,16.140790743163137,16.140790743163137,14.877049494250784,15.572107315063477,861700,0.0,0.0
2008-07-01 00:00:00-04:00,15.726564889769126,16.210999637877592,15.593169542499743,16.063562393188477,476800,0.0,0.0
2008-07-02 00:00:00-04:00,16.147819942580803,16.309297820620294,15.768696570721486,15.902091979980469,492400,0.0,0.0
2008-07-03 00:00:00-04:00,15.768690779530521,15.874003681331905,14.863009733446509,15.305318832397461,325300,0.0,0.0
2008-07-07 00:00:00-04:00,15.305322076538095,15.487862782147161,14.961303517966593,15.087677955627441,246800,0.0,0.0
2008-07-08 00:00:00-04:00,15.017466773879354,15.235112190246582,14.947259957357474,15.235112190246582,281500,0.0,0.0
2008-07-09 00:00:00-04:00,15.256175222004927,15.27723807252891,15.03151017285307,15.15788459777832,182900,0.0,0.0
2008-07-10 00:00:00-04:00,15.228087290835058,15.228087290835058,14.252196992823823,14.926193237304688,530200,0.0,0.0
2008-07-11 00:00:00-04:00,14.561111593078241,14.610256886186503,13.507993578099605,14.062636375427246,1062500,0.0,0.0
2008-07-14 00:00:00-04:00,14.062639953204684,14.17497246291969,13.774787729671338,13.837973594665527,543100,0.0,0.0
2008-07-15 00:00:00-04:00,13.634372273611278,13.641393223295141,12.700607391405185,13.276311874389648,1191800,0.0,0.0
2008-07-16 00:00:00-04:00,13.318441322697065,13.725647186200172,13.269295995239581,13.620335578918457,464600,0.0,0.0
2008-07-17 00:00:00-04:00,13.89414367445366,13.89414367445366,13.388645951187653,13.83095645904541,232300,0.0,0.0
2008-07-18 00:00:00-04:00,13.339500264882442,13.922225749205039,13.339500264882442,13.725643157958984,308500,0.0,0.0
2008-07-21 00:00:00-04:00,13.922226524565975,13.971371840337167,13.65543709361832,13.84499740600586,148500,0.0,0.0
2008-07-22 00:00:00-04:00,13.74670565010658,14.07668227123077,13.74670565010658,13.992433547973633,144400,0.0,0.0
2008-07-23 00:00:00-04:00,13.93626803854211,14.034558667352085,13.781809805715708,13.823935508728027,214900,0.0,0.0
2008-07-24 00:00:00-04:00,13.992433270316047,14.013494781157743,13.023563598319472,13.24822998046875,518300,0.0,0.0
2008-07-25 00:00:00-04:00,13.444808959960938,13.522038057669366,13.05164520083532,13.444808959960938,241000,0.0,0.0
2008-07-28 00:00:00-04:00,13.515016608676646,13.802868803343115,12.988457520026905,13.079727172851562,241900,0.0,0.0
2008-07-29 00:00:00-04:00,13.262268467588001,13.500975373270194,13.142915014746904,13.339497566223145,289100,0.0,0.0
2008-07-30 00:00:00-04:00,13.578208731285399,13.809894760759887,13.409709922495725,13.662457466125488,251400,0.0,0.0
2008-07-31 00:00:00-04:00,14.378575165626781,14.378575165626781,13.079728967581602,13.515018463134766,579200,0.0,0.0
2008-08-01 00:00:00-04:00,13.613310998490206,13.922226124749873,13.515020369770514,13.54310417175293,389700,0.0,0.0
2008-08-04 00:00:00-04:00,13.648415382864655,13.950309550486505,13.374603677358444,13.760747909545898,324400,0.0,0.0
2008-08-05 00:00:00-04:00,13.936267313226326,14.280285835266113,13.795850988712026,14.280285835266113,336500,0.0,0.0
2008-08-06 00:00:00-04:00,14.287307541396112,14.287307541396112,13.71160299082163,14.111787796020508,343600,0.0,0.0
2008-08-07 00:00:00-04:00,14.181995391387119,14.19603595272912,13.971370901945134,14.146890640258789,376900,0.0,0.0
2008-08-08 00:00:00-04:00,14.245183178035171,14.294328492484835,14.006476217185902,14.09072494506836,268200,0.0,0.0
2008-08-11 00:00:00-04:00,14.8068470082888,15.003429620872001,14.497931856832194,14.582181930541992,958300,0.0,0.0
2008-08-12 00:00:00-04:00,14.533028473867338,14.975337430605434,14.533028473867338,14.652381896972656,729100,0.0,0.0
2008-08-13 00:00:00-04:00,14.801256999892267,15.162782132128278,14.787080577659719,14.95012092590332,515800,0.2,0.0
2008-08-14 00:00:00-04:00,15.006823153947902,15.240750904445104,14.765806519851838,14.872137069702148,567900,0.0,0.0
2008-08-15 00:00:00-04:00,15.028089912473266,15.028089912473266,14.546056640825686,14.709096908569336,370800,0.0,0.0
2008-08-18 00:00:00-04:00,14.836687275695766,15.028082989872784,14.744533182766528,14.99263858795166,546500,0.0,0.0
2008-08-19 00:00:00-04:00,15.063536266989827,15.772408561906994,14.99264876708479,15.538480758666992,782800,0.0,0.0
2008-08-20 00:00:00-04:00,15.658988592830807,15.942537231148423,15.176955231657582,15.52430248260498,801300,0.0,0.0
2008-08-21 00:00:00-04:00,15.552658022470021,15.630633052965766,15.127334388960318,15.52430248260498,719900,0.0,0.0
2008-08-22 00:00:00-04:00,15.58809806350947,15.595186947097014,15.283282829576512,15.559743881225586,307100,0.0,0.0
2008-08-25 00:00:00-04:00,15.432144165039062,15.985063474067887,15.205305335481999,15.432144165039062,245800,0.0,0.0
2008-08-26 00:00:00-04:00,15.517210828656655,15.552655247163047,15.155685872289368,15.318727493286133,228100,0.0,0.0
2008-08-27 00:00:00-04:00,15.42505830169605,15.432147185515447,15.169863892463068,15.396702766418457,216000,0.0,0.0
2008-08-28 00:00:00-04:00,15.510121794585382,15.772405080724582,14.957202391909382,15.673163414001465,383700,0.0,0.0
2008-08-29 00:00:00-04:00,15.481765420351293,16.3891221158679,15.269104349746613,16.268613815307617,1009000,0.0,0.0
2008-09-02 00:00:00-04:00,16.304059825163048,16.304059825163048,15.630630726340641,16.16228485107422,652400,0.0,0.0
2008-09-03 00:00:00-04:00,16.070134739316515,16.155200008342618,15.325819381621068,15.503037452697754,295400,0.0,0.0
2008-09-04 00:00:00-04:00,15.43214388104643,15.680249353333444,15.219481468200682,15.219481468200684,409300,0.0,0.0
2008-09-05 00:00:00-04:00,15.084799747161915,15.084799747161915,14.588588704347952,14.8650484085083,443500,0.0,0.0
2008-09-08 00:00:00-04:00,15.240750134408334,15.240750134408334,14.694918293470838,14.822515487670898,382000,0.0,0.0
2008-09-09 00:00:00-04:00,14.779982385209383,15.049353166972832,14.63820743560791,14.63820743560791,517500,0.0,0.0
2008-09-10 00:00:00-04:00,14.531876993928062,14.971378258897424,14.531876993928062,14.943022727966309,591800,0.0,0.0
2008-09-11 00:00:00-04:00,14.957197850189598,14.97846314256379,14.744535461986414,14.935931205749512,327500,0.0,0.0
2008-09-12 00:00:00-04:00,14.865048979157693,15.127332278043225,14.857960095180639,14.90758228302002,231600,0.0,0.0
2008-09-15 00:00:00-04:00,14.87922843452779,15.098978454472292,14.368840898895437,14.390106201171875,403400,0.0,0.0
2008-09-16 00:00:00-04:00,14.290859412801687,14.588585706904475,13.936423412777705,14.432634353637695,421300,0.0,0.0
2008-09-17 00:00:00-04:00,14.496434256293732,14.602764795529403,13.986045504656646,14.113642692565918,370900,0.0,0.0
2008-09-18 00:00:00-04:00,14.184541258405565,14.404291391561317,13.886814704553453,14.354670524597168,565900,0.0,0.0
2008-09-19 00:00:00-04:00,15.070621593598663,15.070621593598663,13.872627319489403,14.17744255065918,340100,0.0,0.0
2008-09-22 00:00:00-04:00,14.177444738793163,14.425550292135343,13.929339185450985,13.93642807006836,314100,0.0,0.0
2008-09-23 00:00:00-04:00,14.049848326973756,14.049848326973756,13.511105233700977,13.709589958190918,388000,0.0,0.0
2008-09-24 00:00:00-04:00,13.908077690718166,14.007319398393836,13.631616523230875,13.893899917602539,522700,0.0,0.0
2008-09-25 00:00:00-04:00,13.943514802655955,14.290861982899152,13.830095370415984,14.17744255065918,304400,0.0,0.0
2008-09-26 00:00:00-04:00,14.106552727236716,14.262505434744067,13.532366777770164,13.574898719787598,541000,0.0,0.0
2008-09-29 00:00:00-04:00,13.58907972707011,14.333394974278866,13.291353357773334,14.248331069946289,1045200,0.0,0.0
2008-09-30 00:00:00-04:00,14.489350790636943,15.453416239157207,13.773389575738312,15.240755081176758,1171700,0.0,0.0
2008-10-01 00:00:00-04:00,15.020998629245724,15.219481931464097,14.191618303653847,14.297948837280273,525200,0.0,0.0
2008-10-02 00:00:00-04:00,14.312131140972955,14.446815895313437,13.759210297880935,14.262510299682617,435500,0.0,0.0
2008-10-03 00:00:00-04:00,14.460989387986672,14.638207398506278,13.978956183042762,14.127820014953613,521100,0.0,0.0
2008-10-06 00:00:00-04:00,13.872630841577498,14.163268379489958,13.326798840301269,13.837187767028809,771800,0.0,0.0
2008-10-07 00:00:00-04:00,14.071113709919766,14.418460932324598,13.71667760313119,13.908073425292969,511800,0.0,0.0
2008-10-08 00:00:00-04:00,13.447302905316237,13.986045849744764,13.043246035011391,13.518190383911133,775900,0.0,0.0
2008-10-09 00:00:00-04:00,13.681232363579571,14.028580917292222,13.135401819316192,13.248821258544922,868200,0.0,0.0
2008-10-10 00:00:00-04:00,12.85894022273715,13.18502211111942,11.675123691558838,12.972359657287598,743400,0.0,0.0
2008-10-13 00:00:00-04:00,13.156673665463481,14.276692199181811,12.915656899163723,13.752126693725586,177100,0.0,0.0
2008-10-14 00:00:00-04:00,14.042755583780592,14.886313741016743,13.35515015010603,13.560722351074219,665700,0.0,0.0
2008-10-15 00:00:00-04:00,13.326796136761892,13.539458597112157,12.5966586734718,12.830586433410645,250400,0.0,0.0
2008-10-16 00:00:00-04:00,13.135399952023501,13.142488834975858,12.065002963409002,13.05742359161377,462900,0.0,0.0
2008-10-17 00:00:00-04:00,12.766786375377064,13.69540842540481,12.582479471573675,13.560722351074219,365100,0.0,0.0
2008-10-20 00:00:00-04:00,13.305531373882271,14.007314682006836,13.192111931280305,14.007314682006836,250500,0.0,0.0
2008-10-21 00:00:00-04:00,13.674146377204346,14.404283930754701,13.362242208039227,13.957695007324219,276100,0.0,0.0
2008-10-22 00:00:00-04:00,13.787565376354715,13.787565376354715,13.05033761019318,13.447305679321289,304200,0.0,0.0
2008-10-23 00:00:00-04:00,13.199201385314518,13.560725029175229,12.901474997613695,13.291354179382324,584400,0.0,0.0
2008-10-24 00:00:00-04:00,13.092865133504079,13.135398426277744,12.412348673917643,12.76678466796875,314100,0.0,0.0
2008-10-27 00:00:00-04:00,12.717169342992815,12.844766572344348,12.1642484664917,12.1642484664917,348300,0.0,0.0
2008-10-28 00:00:00-04:00,12.44779228681351,13.716673851013184,12.433615873990345,13.716673851013184,352900,0.0,0.0
2008-10-29 00:00:00-04:00,13.610343971932023,13.82300504721659,13.007802455870891,13.22755241394043,219400,0.0,0.0
2008-10-30 00:00:00-04:00,13.48984181876638,14.312133667781591,13.11413897227606,14.085294723510742,333600,0.0,0.0
2008-10-31 00:00:00-04:00,14.184532116967056,14.489347362809376,13.971869657230709,14.375927925109863,477000,0.0,0.0
2008-11-03 00:00:00-05:00,14.049842972561093,14.595674742841334,14.049842972561093,14.39719009399414,335200,0.0,0.0
2008-11-04 00:00:00-05:00,14.709100907074447,15.056448187933263,13.837188262139048,14.283777236938477,427400,0.0,0.0
2008-11-05 00:00:00-05:00,14.177443154057572,14.581500067617599,13.553636250188228,13.808829307556152,456000,0.0,0.0
2008-11-06 00:00:00-05:00,13.808832168582946,14.078204401477933,13.121226519891273,13.418952941894531,383500,0.0,0.0
2008-11-07 00:00:00-05:00,13.596165553586767,13.986044623578422,13.574898906252901,13.716673851013184,212500,0.0,0.0
2008-11-10 00:00:00-05:00,13.9506050038836,14.17744388978961,13.53945918516236,13.77338695526123,427100,0.0,0.0
2008-11-11 00:00:00-05:00,13.504014996498281,14.113645526907538,13.447305274046242,14.028581619262695,514800,0.0,0.0
2008-11-12 00:00:00-05:00,13.978961359432432,14.24833359232742,13.348065441023923,13.418952941894531,685000,0.0,0.0
2008-11-13 00:00:00-05:00,13.567816529094754,14.801254272460938,13.390598439207658,14.801254272460938,573300,0.0,0.0
2008-11-14 00:00:00-05:00,14.486329146673459,14.608002915843548,13.942375905980255,13.956690788269043,683700,0.2,0.0
2008-11-17 00:00:00-05:00,13.684723082889514,14.157103561453665,13.684723082889514,13.992485046386719,324700,0.0,0.0
2008-11-18 00:00:00-05:00,13.963846319356405,14.26445198059082,13.677555538452706,14.26445198059082,551500,0.0,0.0
2008-11-19 00:00:00-05:00,14.121312282075353,14.572221660043228,13.620303530618843,13.813549041748047,656900,0.0,0.0
2008-11-20 00:00:00-05:00,13.648926913591907,14.200037565906237,13.491467312277344,13.527253150939941,672600,0.0,0.0
2008-11-21 00:00:00-05:00,13.648928134410015,14.314555168151855,13.563041567880827,14.314555168151855,540900,0.0,0.0
2008-11-24 00:00:00-05:00,14.357492980989239,14.958704178192228,13.935213655212335,14.808402061462402,547700,0.0,0.0
2008-11-25 00:00:00-05:00,14.965866715710865,15.380988744245053,14.650946132468352,14.901451110839844,1980300,0.0,0.0
2008-11-26 00:00:00-05:00,14.608005588446893,14.779780111912391,14.1069955378156,14.386130332946777,422300,0.0,0.0
2008-11-28 00:00:00-05:00,14.479172128559597,14.765462956988245,14.32886995556294,14.514959335327148,220600,0.0,0.0
2008-12-01 00:00:00-05:00,14.24298264924971,14.307398259114622,13.570198149073077,13.64892864227295,402700,0.0,0.0
2008-12-02 00:00:00-05:00,13.842170400561129,13.94952925595583,12.775736555375513,13.577350616455078,1204800,0.0,0.0
2008-12-03 00:00:00-05:00,13.541573482340695,14.672423639987693,13.26959744967692,14.464861869812012,520900,0.0,0.0
2008-12-04 00:00:00-05:00,14.314555186924867,14.658104183776896,14.028264356214843,14.50780200958252,420400,0.0,0.0
2008-12-05 00:00:00-05:00,14.314555769748296,15.008811233129817,14.14993870603037,14.665262222290039,632100,0.0,0.0
2008-12-08 00:00:00-05:00,15.008810158779957,15.266472581037194,14.743991660475416,15.001652717590332,648200,0.0,0.0
2008-12-09 00:00:00-05:00,15.180581343373671,15.35235716420238,14.751145886727974,14.829874992370605,419700,0.0,0.0
2008-12-10 00:00:00-05:00,14.751151749663437,14.980184448276129,14.371815489372063,14.794095039367676,280700,0.0,0.0
2008-12-11 00:00:00-05:00,14.865668704495347,14.99449994399833,14.414759366234906,14.815567970275879,491800,0.0,0.0
2008-12-12 00:00:00-05:00,14.643788502618115,14.851350196781187,14.336026729597112,14.608002662658691,363800,0.0,0.0
2008-12-15 00:00:00-05:00,14.77977859650517,14.965867985798228,14.643789934109774,14.772621154785156,402800,0.0,0.0
2008-12-16 00:00:00-05:00,14.9801853915475,15.030286126880945,14.58653422151979,14.987342834472656,711000,0.0,0.0
2008-12-17 00:00:00-05:00,14.872821876203812,15.774638928605494,14.751148114408135,15.617177963256836,630300,0.0,0.0
2008-12-18 00:00:00-05:00,15.33804697660602,15.33804697660602,14.765463917364391,14.844194412231445,531500,0.0,0.0
2008-12-19 00:00:00-05:00,14.829879028146495,15.202057799322699,14.443386738957665,15.094698905944824,823500,0.0,0.0
2008-12-22 00:00:00-05:00,15.244999606548282,15.824740031873725,15.101854884294625,15.788952827453613,628400,0.0,0.0
2008-12-23 00:00:00-05:00,15.796109531416768,15.967884009192883,15.481188972922787,15.860525131225586,524100,0.0,0.0
2008-12-24 00:00:00-05:00,15.99651921168648,15.99651921168648,15.524138895863699,15.688755989074707,175900,0.0,0.0
2008-12-26 00:00:00-05:00,15.853367125480352,15.853367125480352,15.151954358282024,15.58854866027832,267800,0.0,0.0
2008-12-29 00:00:00-05:00,15.45972314639179,15.466880589316945,14.386131280186007,14.987342834472656,431000,0.0,0.0
2008-12-30 00:00:00-05:00,15.030281646342218,15.266471731893335,14.135622024536133,14.135622024536133,1217000,0.0,0.0
2008-12-31 00:00:00-05:00,14.507804836358114,15.066071723732673,14.421916887839073,14.944397926330566,490500,0.0,0.0
2009-01-02 00:00:00-05:00,15.123325051197737,15.16626969425684,14.736832819661144,15.116168975830078,278600,0.0,0.0
2009-01-05 00:00:00-05:00,14.994497714868308,15.130485011778376,14.393286263327486,14.665262222290039,245700,0.0,0.0
2009-01-06 00:00:00-05:00,14.801250884342526,14.801250884342526,14.307398328046332,14.665262222290039,349400,0.0,0.0
2009-01-07 00:00:00-05:00,14.393289257915598,14.67958015984618,14.207199830375043,14.328873634338379,321900,0.0,0.0
2009-01-08 00:00:00-05:00,14.336030859293789,14.815568624656082,14.336030859293789,14.450547218322754,400500,0.0,0.0
2009-01-09 00:00:00-05:00,14.600848133363677,14.937241102692383,14.386130320503169,14.822723388671875,254800,0.0,0.0
2009-01-12 00:00:00-05:00,14.944401094647018,14.944401094647018,14.092685697405342,14.200044631958008,363900,0.0,0.0
2009-01-13 00:00:00-05:00,14.200038328374673,14.457700749035675,14.03542127746006,14.37181282043457,346300,0.0,0.0
2009-01-14 00:00:00-05:00,14.285925193341292,14.42191384768715,14.121308138952397,14.242981910705566,417800,0.0,0.0
2009-01-15 00:00:00-05:00,14.350342516473463,14.65810570331961,14.192882884545378,14.557904243469238,348100,0.0,0.0
2009-01-16 00:00:00-05:00,14.650945482084678,14.958708610552403,14.464856116845073,14.636631965637207,281900,0.0,0.0
2009-01-20 00:00:00-05:00,14.658101631951084,14.844190980801935,14.350338530587834,14.57221508026123,312400,0.0,0.0
2009-01-21 00:00:00-05:00,14.708207059612285,14.879982948303223,14.31455728045675,14.879982948303223,327000,0.0,0.0
2009-01-22 00:00:00-05:00,14.844196376197308,14.887139667650763,14.565062934035925,14.815567970275879,194000,0.0,0.0
2009-01-23 00:00:00-05:00,14.693901192755561,14.944404983517533,14.579384784080583,14.872833251953125,269800,0.0,0.0
2009-01-26 00:00:00-05:00,14.851353840151381,15.151959611039668,14.801253105860436,14.922926902770996,247500,0.0,0.0
2009-01-27 00:00:00-05:00,15.080386551428983,15.316576702521004,14.9658701972718,15.223532676696777,431400,0.0,0.0
2009-01-28 00:00:00-05:00,15.273626100300396,15.29509841835566,15.151952361604504,15.287940979003906,218700,0.0,0.0
2009-01-29 00:00:00-05:00,15.295101077066667,15.38098763393324,14.922922356932297,15.13048267364502,349600,0.0,0.0
2009-01-30 00:00:00-05:00,15.245001408119835,15.245001408119835,14.980182889827509,15.159114837646484,298300,0.0,0.0
2009-02-02 00:00:00-05:00,15.144797962198245,15.180583800998175,14.76546179126466,14.85850715637207,318100,0.0,0.0
2009-02-03 00:00:00-05:00,14.82271817699244,15.109010313669323,14.364652942536756,15.073223114013672,467300,0.0,0.0
2009-02-04 00:00:00-05:00,15.101858183561609,15.209217089991864,14.665263750250341,14.822723388671875,350600,0.0,0.0
2009-02-05 00:00:00-05:00,14.8298756668639,15.030279890184174,14.722516797819573,14.958706855773926,246400,0.0,0.0
2009-02-06 00:00:00-05:00,14.887134646320053,15.209212636442764,14.887134646320053,15.051753044128418,234700,0.0,0.0
2009-02-09 00:00:00-05:00,15.030281824085977,15.388145677040406,14.937237822980421,15.373830795288086,419900,0.0,0.0
2009-02-10 00:00:00-05:00,15.30225929049814,15.416776990890593,15.137642229218987,15.202057838439941,468000,0.0,0.0
2009-02-11 00:00:00-05:00,15.173433173454763,15.194904138387088,14.958713968132363,15.123331069946289,348500,0.0,0.0
2009-02-12 00:00:00-05:00,15.137640739390426,15.39530315091542,14.70820384189619,15.066067695617676,301200,0.0,0.0
2009-02-13 00:00:00-05:00,15.116646540617731,15.24671350909872,14.75535001849803,14.91431999206543,225400,0.2,0.0
2009-02-17 00:00:00-05:00,14.740902298577298,15.174458532290187,14.589158374808287,15.051617622375488,446800,0.0,0.0
2009-02-18 00:00:00-05:00,15.029939908271317,15.239492624309571,14.654192444242529,14.863743782043457,354800,0.0,0.0
2009-02-19 00:00:00-05:00,14.863742696554386,15.167231911876893,14.834839683695552,14.993809700012207,308400,0.0,0.0
2009-02-20 00:00:00-05:00,14.820385710100476,15.239489683051588,14.451863037261852,14.95767879486084,341800,0.0,0.0
2009-02-23 00:00:00-05:00,15.008264262161509,15.10220079156178,14.430188753220602,14.60361099243164,310400,0.0,0.0
2009-02-24 00:00:00-05:00,14.61083569320116,14.83484060337098,13.967728112054298,14.271217346191406,421600,0.0,0.0
2009-02-25 00:00:00-05:00,14.227860610209026,14.329023218000069,13.823207422570524,13.881014823913574,627800,0.0,0.0
2009-02-26 00:00:00-05:00,13.772631985119546,13.960506464068768,13.107845897390664,13.367980003356934,590100,0.0,0.0
2009-02-27 00:00:00-05:00,13.324623704586362,13.642563832657599,12.985003898448138,13.404108047485352,386300,0.0,0.0
2009-03-02 00:00:00-05:00,13.288487570106568,13.454685041849642,12.760994902072479,12.883835792541504,451600,0.0,0.0
2009-03-03 00:00:00-05:00,12.970549442148434,13.00667855350215,11.82162605966343,12.16124439239502,1261200,0.0,0.0
2009-03-04 00:00:00-05:00,12.298539226255617,12.609254589256324,12.096212590799066,12.414154052734375,423000,0.0,0.0
2009-03-05 00:00:00-05:00,12.20459905396653,12.421377847072298,12.110662541720066,12.255180358886719,393400,0.0,0.0
2009-03-06 00:00:00-05:00,12.42138143845001,12.667063314727912,11.958920706389355,12.154021263122559,485600,0.0,0.0
2009-03-09 00:00:00-04:00,12.016723313330592,12.46473166661286,11.72046023615122,12.03840160369873,555500,0.0,0.0
2009-03-10 00:00:00-04:00,12.197375066585142,12.312991269852768,11.807175376667587,11.94446849822998,459000,0.0,0.0
2009-03-11 00:00:00-04:00,12.060083596420718,12.226279738886284,11.930016570756376,12.07453441619873,234300,0.0,0.0
2009-03-12 00:00:00-04:00,12.117890287673879,12.276860321652569,11.864982350433445,12.002275466918945,348700,0.0,0.0
2009-03-13 00:00:00-04:00,12.13233883415409,13.259583686440507,12.13233883415409,13.12229061126709,543800,0.0,0.0
2009-03-16 00:00:00-04:00,13.237909068550689,14.090569385198632,13.143972545740464,13.736498832702637,772800,0.0,0.0
2009-03-17 00:00:00-04:00,13.794302858847628,13.794302858847628,13.01390233941054,13.187324523925781,373600,0.0,0.0
2009-03-18 00:00:00-04:00,13.093391723994639,13.64256144102174,12.659835451076622,13.461913108825684,603800,0.0,0.0
2009-03-19 00:00:00-04:00,13.664232808807984,13.750944570720657,12.912736844590507,13.223450660705566,462800,0.0,0.0
2009-03-20 00:00:00-04:00,13.360752777363228,13.584756361832733,13.086167871713927,13.288493156433105,358500,0.0,0.0
2009-03-23 00:00:00-04:00,13.476370701246756,13.476370701246756,12.956103792406308,13.042814254760742,406700,0.0,0.0
2009-03-24 00:00:00-04:00,13.050034199416567,13.613657451758735,12.970549876131466,13.071712493896484,416000,0.0,0.0
2009-03-25 00:00:00-04:00,13.071712025263038,13.38242734381592,13.028356816094828,13.28126335144043,215800,0.0,0.0
2009-03-26 00:00:00-04:00,13.367974174231914,13.382426368980974,13.187325874580132,13.375200271606445,275500,0.0,0.0
2009-03-27 00:00:00-04:00,13.375205025950528,13.48359376862198,13.223459683620385,13.404108047485352,245900,0.0,0.0
2009-03-30 00:00:00-04:00,13.324624778441805,13.476368754763628,12.992231045458489,13.367980003356934,488600,0.0,0.0
2009-03-31 00:00:00-04:00,13.454683943423914,14.039983960469756,13.13674259788922,13.902690887451172,614400,0.0,0.0
2009-04-01 00:00:00-04:00,13.722046023453442,13.79430562605636,13.0211310481509,13.20177936553955,403700,0.0,0.0
2009-04-02 00:00:00-04:00,13.180103532265896,13.729274685056668,13.078940896675176,13.136748313903809,367000,0.0,0.0
2009-04-03 00:00:00-04:00,13.209008936963178,13.339074601964755,13.078941893723952,13.252364158630371,131900,0.0,0.0
2009-04-06 00:00:00-04:00,13.22345660598385,13.519719743510892,12.833256947534439,13.18010139465332,387700,0.0,0.0
2009-04-07 00:00:00-04:00,13.107839264629913,13.483588032393916,12.768220981210748,13.129517555236816,367100,0.0,0.0
2009-04-08 00:00:00-04:00,13.100609188495472,13.44745484166747,13.021124903554014,13.295709609985352,348300,0.0,0.0
2009-04-09 00:00:00-04:00,13.555850234817433,13.61365764267058,12.956097861502041,13.18010139465332,295000,0.0,0.0
2009-04-13 00:00:00-04:00,13.035584643923125,13.165650288688518,12.645383574914648,12.782676696777344,431700,0.0,0.0
2009-04-14 00:00:00-04:00,12.789902392200625,13.19455426792733,12.594801863850513,12.717642784118652,322200,0.0,0.0
2009-04-15 00:00:00-04:00,12.797123377512175,13.006676041964242,12.717639072234658,12.862156867980957,252600,0.0,0.0
2009-04-16 00:00:00-04:00,12.89106509576959,13.606432325877488,12.59480194122705,13.461913108825684,428000,0.0,0.0
2009-04-17 00:00:00-04:00,13.40409969738131,13.577523231506348,13.339066216643616,13.577523231506348,286000,0.0,0.0
2009-04-20 00:00:00-04:00,13.367975342696088,13.57752805016251,13.086164411642745,13.360749244689941,295200,0.0,0.0
2009-04-21 00:00:00-04:00,13.454686396284107,13.512493798898378,13.24513370040913,13.346296310424805,211000,0.0,0.0
2009-04-22 00:00:00-04:00,13.447460237341607,13.447460237341607,13.013904030593501,13.078937530517578,371000,0.0,0.0
2009-04-23 00:00:00-04:00,13.165651154203022,13.165651154203022,12.92719538910082,13.057262420654297,216600,0.0,0.0
2009-04-24 00:00:00-04:00,13.050036661161762,13.13674847720136,12.724870452047778,13.006681442260742,449800,0.0,0.0
2009-04-27 00:00:00-04:00,13.01390990221172,13.396884976973462,12.876616742846144,13.302947044372559,291300,0.0,0.0
2009-04-28 00:00:00-04:00,13.353524804509204,13.404106118594571,13.100616855844933,13.165650367736816,271500,0.0,0.0
2009-04-29 00:00:00-04:00,13.115067750013731,13.425783080781525,13.006679033713578,13.310168266296387,219500,0.0,0.0
2009-04-30 00:00:00-04:00,13.433011666460516,13.620886119348345,12.963326223359724,13.006681442260742,442100,0.0,0.0
2009-05-01 00:00:00-04:00,13.00667897316765,13.107841590811908,12.68151144754354,12.710415840148926,473000,0.0,0.0
2009-05-04 00:00:00-04:00,12.703190478702819,12.876612709680645,12.291312507850808,12.724868774414062,678600,0.0,0.0
2009-05-05 00:00:00-04:00,12.724866755984298,12.768221962292369,12.327439667075982,12.760995864868164,569900,0.0,0.0
2009-05-06 00:00:00-04:00,13.013901921703638,13.223453204428047,13.006675825301148,13.12229061126709,421100,0.0,0.0
2009-05-07 00:00:00-04:00,13.346300701948897,13.346300701948897,13.165652337058338,13.252364158630371,564900,0.0,0.0
2009-05-08 00:00:00-04:00,13.367978926007414,13.548627289872378,13.18733056214245,13.404108047485352,417900,0.0,0.0
2009-05-11 00:00:00-04:00,13.353523146683795,13.548623658137926,13.302941838878043,13.360749244689941,374200,0.0,0.0
2009-05-12 00:00:00-04:00,13.367974542270584,13.56307504204281,13.050033140223682,13.078937530517578,427000,0.0,0.0
2009-05-13 00:00:00-04:00,13.028357422865524,13.295716166464665,12.919967327541062,12.941645622253418,777100,0.0,0.0
2009-05-14 00:00:00-04:00,13.043954258874559,13.197411871968534,12.824727305280446,12.912418365478516,382700,0.2,0.0
2009-05-15 00:00:00-04:00,12.802801061934124,12.817416465770055,12.473961444633806,12.510499954223633,796500,0.0,0.0
2009-05-18 00:00:00-04:00,12.6274204114268,12.744340854641727,12.4958845643596,12.568960189819336,505400,0.0,0.0
2009-05-19 00:00:00-04:00,12.612805021546576,12.70780235908833,12.452039760398367,12.627420425415039,552000,0.0,0.0
2009-05-20 00:00:00-04:00,12.715114254429272,12.78818990407009,12.568964348949724,12.612809181213379,577900,0.0,0.0
2009-05-21 00:00:00-04:00,12.598190338912726,12.693189075694697,12.430117366208265,12.517807006835938,376500,0.0,0.0
2009-05-22 00:00:00-04:00,12.583572650583829,12.678571370125757,12.422807409407085,12.473959922790527,237100,0.0,0.0
2009-05-26 00:00:00-04:00,12.430114879719271,12.780876159667969,12.320502153960481,12.780876159667969,1062100,0.0,0.0
2009-05-27 00:00:00-04:00,12.788187284072952,12.802802689767184,12.357042572705778,12.386273384094238,470700,0.0,0.0
2009-05-28 00:00:00-04:00,12.503193610070031,12.642035780183843,12.35704234344291,12.590883255004883,983700,0.0,0.0
2009-05-29 00:00:00-04:00,12.561652501808583,12.627420425415039,12.422808952661441,12.627420425415039,456200,0.0,0.0
2009-06-01 00:00:00-04:00,12.24012664625198,12.590888149960376,12.24012664625198,12.276663780212402,814300,0.0,0.0
2009-06-02 00:00:00-04:00,12.254739791910923,12.642038357982623,12.093973087079295,12.466657638549805,1385500,0.0,0.0
2009-06-03 00:00:00-04:00,12.488578204646963,12.78087934409943,12.415502571333402,12.590883255004883,1008600,0.0,0.0
2009-06-04 00:00:00-04:00,12.56165070815039,13.24855786626623,12.49588279393483,12.780876159667969,2420100,0.0,0.0
2009-06-05 00:00:00-04:00,12.707799228760408,12.853950443840173,12.532418606945463,12.737030029296875,16094200,0.0,0.0
2009-06-08 00:00:00-04:00,12.707806176112992,13.058569005306069,12.605501105907788,12.978185653686523,3275800,0.0,0.0
2009-06-09 00:00:00-04:00,12.985493347046738,13.336254782146877,12.86126516455685,13.153566360473633,2528800,0.0,0.0
2009-06-10 00:00:00-04:00,13.11702985829265,13.511636143120942,13.095106744879145,13.38010025024414,2129900,0.0,0.0
2009-06-11 00:00:00-04:00,13.431247323292718,13.716242106510874,13.336249991421028,13.606629371643066,1251900,0.0,0.0
2009-06-12 00:00:00-04:00,13.58470947415565,13.738167060437734,13.23394808225214,13.650477409362793,1030600,0.0,0.0
2009-06-15 00:00:00-04:00,13.687010395975362,13.694318096990472,13.336249110058768,13.504322052001953,819600,0.0,0.0
2009-06-16 00:00:00-04:00,13.592020111024054,13.65048035562579,13.365486837417603,13.394716262817383,1073000,0.0,0.0
2009-06-17 00:00:00-04:00,13.46048320605198,13.518943446283828,13.29971789386492,13.416638374328613,673600,0.0,0.0
2009-06-18 00:00:00-04:00,13.328947693952921,13.570096365952976,13.299718269911576,13.55548095703125,974200,0.0,0.0
2009-06-19 00:00:00-04:00,13.665091242298884,13.665091242298884,13.336251604128456,13.577400207519531,991600,0.0,0.0
2009-06-22 00:00:00-04:00,13.445864953525478,13.66509185337642,13.445864953525478,13.592016220092773,808300,0.0,0.0
2009-06-23 00:00:00-04:00,13.665093209313934,13.869703330248736,13.540865038545556,13.61393928527832,1293100,0.0,0.0
2009-06-24 00:00:00-04:00,13.708939963105163,13.730863076487752,13.431252768800789,13.55548095703125,752200,0.0,0.0
2009-06-25 00:00:00-04:00,13.58470377257791,13.862389409504807,13.48239875799452,13.730854988098145,2546400,0.0,0.0
2009-06-26 00:00:00-04:00,13.760090830361904,13.979316362370293,13.592017829568675,13.935471534729004,2175900,0.0,0.0
2009-06-29 00:00:00-04:00,14.03047119430489,14.096239136918978,13.87701219693801,14.074316024780273,1844900,0.0,0.0
2009-06-30 00:00:00-04:00,14.118158274364346,14.24238643283657,13.789320015209714,13.964700698852539,1182800,0.0,0.0
2009-07-01 00:00:00-04:00,13.321636798360402,14.16200309682461,13.248561165058781,13.964700698852539,1866600,0.0,0.0
2009-07-02 00:00:00-04:00,13.833165461854952,14.015853856451448,13.599324539779731,13.723552703857422,784000,0.0,0.0
2009-07-06 00:00:00-04:00,13.65047418682988,13.745471518701569,13.453170427786898,13.606629371643066,558900,0.0,0.0
2009-07-07 00:00:00-04:00,13.548174263300787,13.555480573752957,13.307024204317088,13.416638374328613,562400,0.0,0.0
2009-07-08 00:00:00-04:00,13.555480969718875,13.657787438464611,13.292410577892111,13.438560485839844,1116600,0.0,0.0
2009-07-09 00:00:00-04:00,13.497018411032213,13.497018411032213,13.248562076985978,13.358176231384277,476200,0.0,0.0
2009-07-10 00:00:00-04:00,13.350861650153707,13.482397452626339,13.30701545346206,13.4458589553833,416800,0.0,0.0
2009-07-13 00:00:00-04:00,13.41663396863217,13.70162737195226,13.321635238324397,13.657782554626465,441500,0.0,0.0
2009-07-14 00:00:00-04:00,13.745476970827434,13.855089749173013,13.489712892153022,13.833168029785156,690800,0.0,0.0
2009-07-15 00:00:00-04:00,13.935471168107318,13.935471168107318,13.402021365466425,13.482404708862305,1198600,0.0,0.0
2009-07-16 00:00:00-04:00,13.438556950504907,13.635860737821066,13.204716044264307,13.584708213806152,926500,0.0,0.0
2009-07-17 00:00:00-04:00,13.599320531244668,13.701625556046693,13.518937215299403,13.672394752502441,342200,0.0,0.0
2009-07-20 00:00:00-04:00,13.767396580704608,13.796625997051269,13.592015901219408,13.782011985778809,329100,0.0,0.0
2009-07-21 00:00:00-04:00,13.803935655575474,13.95739464299591,13.694322889590557,13.760090827941895,524200,0.0,0.0
2009-07-22 00:00:00-04:00,13.789321293616494,13.9135494636059,13.687014839988692,13.77470588684082,528000,0.0,0.0
2009-07-23 00:00:00-04:00,13.840475070508862,14.154699375486832,13.716246889326923,14.074316024780273,781700,0.0,0.0
2009-07-24 00:00:00-04:00,13.957396141075073,14.227774233271369,13.920857619290377,14.147392272949219,408000,0.0,0.0
2009-07-27 00:00:00-04:00,14.154699410228552,14.322772422298398,14.052392947132184,14.286233901977539,413500,0.0,0.0
2009-07-28 00:00:00-04:00,14.30084767041025,14.490843772888184,14.176619503167059,14.490843772888184,510600,0.0,0.0
2009-07-29 00:00:00-04:00,14.410459475393393,14.483535109007512,14.205849373835997,14.432382583618164,418600,0.0,0.0
2009-07-30 00:00:00-04:00,14.549305317782814,14.549305317782814,14.264311835249885,14.300848960876465,390900,0.0,0.0
2009-07-31 00:00:00-04:00,14.351998037394468,14.461612175476107,14.264308399491153,14.40315055847168,351600,0.0,0.0
2009-08-03 00:00:00-04:00,14.432384444950562,14.57122802734375,14.27161914530716,14.57122802734375,598400,0.0,0.0
2009-08-04 00:00:00-04:00,14.512765942222531,14.790451677819748,14.373922377523028,14.607763290405273,604300,0.0,0.0
2009-08-05 00:00:00-04:00,14.695457511598944,14.746610048142612,14.205852471563412,14.615074157714844,620200,0.0,0.0
2009-08-06 00:00:00-04:00,14.81237579138508,14.848912913827014,14.242387482198513,14.468920707702637,644300,0.0,0.0
2009-08-07 00:00:00-04:00,14.58584054045214,14.73199181149468,14.534688013727795,14.710068702697754,420200,0.0,0.0
2009-08-10 00:00:00-04:00,14.52738155436438,14.943912294350826,14.52738155436438,14.8927583694458,725300,0.0,0.0
2009-08-11 00:00:00-04:00,14.943909398893117,14.980446515801233,14.615069771513397,14.775835037231445,490300,0.0,0.0
2009-08-12 00:00:00-04:00,13.767397529991365,14.432383174900348,13.665092475021318,14.271617889404297,2568800,0.0,0.0
2009-08-13 00:00:00-04:00,14.169311474517784,14.17661917757624,13.70162962919131,14.132774353027344,3541300,0.0,0.0
2009-08-14 00:00:00-04:00,14.1697170310121,14.250982802499061,14.073675408508835,14.140165328979492,16448700,0.21,0.0
2009-08-17 00:00:00-04:00,14.058895934435695,14.221426010131836,14.036732165844409,14.221426010131836,3827300,0.0,0.0
2009-08-18 00:00:00-04:00,14.177102500855788,14.369184303488462,14.140162879713467,14.324856758117676,3215700,0.0,0.0
2009-08-19 00:00:00-04:00,14.162328296551728,14.716409996089585,14.162328296551728,14.672083854675293,2799500,0.0,0.0
2009-08-20 00:00:00-04:00,14.576039062297838,14.856774518003517,14.539100854016613,14.82722282409668,2187500,0.0,0.0
2009-08-21 00:00:00-04:00,14.908490873751763,14.997143150947474,14.664694997809747,14.842000961303711,1416400,0.0,0.0
2009-08-24 00:00:00-04:00,14.908484446489574,14.92326028935296,14.686851030844569,14.76072883605957,1421300,0.0,0.0
2009-08-25 00:00:00-04:00,14.70162659988414,15.056238367389037,14.657300481221505,14.952810287475586,1920200,0.0,0.0
2009-08-26 00:00:00-04:00,14.893712179514537,15.137508008886563,14.84938604938388,15.122732162475586,1369500,0.0,0.0
2009-08-27 00:00:00-04:00,14.997136324405748,15.048851773182538,14.812442520365767,15.041463851928711,989500,0.0,0.0
2009-08-28 00:00:00-04:00,15.144892391934208,15.144892391934208,14.775504772618739,14.930646896362305,1283800,0.0,0.0
2009-08-31 00:00:00-04:00,14.930651512066651,14.95281528335405,14.709019435602173,14.849387168884277,1028100,0.0,0.0
2009-09-01 00:00:00-04:00,14.775505246737916,14.974974905753355,14.576035587722478,14.745953559875488,1465700,0.0,0.0
2009-09-02 00:00:00-04:00,14.731184961652481,14.827225163799994,14.413511247537366,14.694245338439941,830500,0.0,0.0
2009-09-03 00:00:00-04:00,14.849383946913148,14.849383946913148,14.465220449233714,14.61297607421875,855300,0.0,0.0
2009-09-04 00:00:00-04:00,14.627747729879154,14.738565132111505,14.509543815992997,14.635135650634766,637200,0.0,0.0
2009-09-08 00:00:00-04:00,14.649918700983463,14.768122673034668,14.56126501739381,14.768122673034668,767500,0.0,0.0
2009-09-09 00:00:00-04:00,14.694236949875359,14.738564472424956,14.568645120854983,14.701624870300293,858100,0.0,0.0
2009-09-10 00:00:00-04:00,14.723788456005936,14.775502489262077,14.605584548819978,14.731176376342773,671800,0.0,0.0
2009-09-11 00:00:00-04:00,14.797673067958835,14.797673067958835,14.568651659305704,14.642529487609863,627100,0.0,0.0
2009-09-14 00:00:00-04:00,14.627747075152705,14.760726824598013,14.598196802554714,14.701624870300293,424900,0.0,0.0
2009-09-15 00:00:00-04:00,14.753343568013271,14.9084871277775,14.679467158613548,14.90109920501709,789500,0.0,0.0
2009-09-16 00:00:00-04:00,14.923267378464098,15.115347790525789,14.775511697844612,15.093185424804688,875200,0.0,0.0
2009-09-17 00:00:00-04:00,14.974978115430439,15.144896124002997,14.945426422234018,15.130120277404785,732800,0.0,0.0
2009-09-18 00:00:00-04:00,15.11534148784725,15.11534148784725,14.938035590497073,14.960199356079102,969100,0.0,0.0
2009-09-21 00:00:00-04:00,14.84938257830222,15.05623874329364,14.775504772618739,14.930646896362305,772200,0.0,0.0
2009-09-22 00:00:00-04:00,15.004528760230745,15.004528760230745,14.657304811439323,14.82722282409668,540300,0.0,0.0
2009-09-23 00:00:00-04:00,14.878937454831766,14.923264997406562,14.775509340361992,14.849387168884277,636400,0.0,0.0
2009-09-24 00:00:00-04:00,14.782892601746617,14.8863206835962,14.590810871810302,14.64991283416748,595800,0.0,0.0
2009-09-25 00:00:00-04:00,14.568650629088467,14.679468068259473,14.494774215110827,14.583426475524902,500400,0.0,0.0
2009-09-28 00:00:00-04:00,14.64991546757191,14.952813255237771,14.605589340111639,14.90109920501709,521900,0.0,0.0
2009-09-29 00:00:00-04:00,14.945424762012694,14.945424762012694,14.753343004880335,14.915874481201172,426200,0.0,0.0
2009-09-30 00:00:00-04:00,14.871542635437523,14.915870157458551,14.553870515563837,14.731176376342773,1064700,0.0,0.0
2009-10-01 00:00:00-04:00,14.768114160199326,14.768114160199326,14.539094272502657,14.605584144592285,617000,0.0,0.0
2009-10-02 00:00:00-04:00,14.57603214143222,14.57603214143222,14.11799237617728,14.428277969360352,1489600,0.0,0.0
2009-10-05 00:00:00-04:00,14.383954160294484,14.47260781368964,14.31746427252362,14.369179725646973,1086500,0.0,0.0
2009-10-06 00:00:00-04:00,14.480000039244866,14.53171409863642,14.354408148250046,14.406122207641602,589300,0.0,0.0
2009-10-07 00:00:00-04:00,14.369180281472074,14.546486186018875,14.35440443715099,14.46522045135498,679300,0.0,0.0
2009-10-08 00:00:00-04:00,14.546485707867404,14.56864806451847,14.435669697306,14.539097785949707,645200,0.0,0.0
2009-10-09 00:00:00-04:00,14.531709583276102,14.620363235473633,14.472607618178415,14.620363235473633,453000,0.0,0.0
2009-10-12 00:00:00-04:00,14.701631511839707,14.849387168884277,14.612979244894866,14.849387168884277,695700,0.0,0.0
2009-10-13 00:00:00-04:00,14.871545698983345,14.901097386418359,14.753341767447319,14.812443733215332,613000,0.0,0.0
2009-10-14 00:00:00-04:00,14.856775048781687,14.878937410901274,14.612979201749624,14.642529487609863,833300,0.0,0.0
2009-10-15 00:00:00-04:00,14.642525967044378,14.745954056341116,14.502158267925923,14.598199844360352,956500,0.0,0.0
2009-10-16 00:00:00-04:00,14.524328424093557,14.775512244986542,14.524328424093557,14.738574028015137,300000,0.0,0.0
2009-10-19 00:00:00-04:00,14.790289250252536,14.812451618524772,14.546493335538607,14.709023475646973,685600,0.0,0.0
2009-10-20 00:00:00-04:00,14.657305337356158,14.745957604052949,14.590815432782376,14.679469108581543,935200,0.0,0.0
2009-10-21 00:00:00-04:00,14.620363996378208,14.805057823058466,14.583424385580914,14.61297607421875,696900,0.0,0.0
2009-10-22 00:00:00-04:00,14.583420961704848,14.760726824598013,14.583420961704848,14.701624870300293,508600,0.0,0.0
2009-10-23 00:00:00-04:00,14.701631930078614,14.768121836729968,14.38395824476712,14.398734092712402,1041900,0.0,0.0
2009-10-26 00:00:00-04:00,14.4504465670639,14.516936466425268,14.110610556196699,14.243590354919434,1148100,0.0,0.0
2009-10-27 00:00:00-04:00,14.169709289735662,14.228811252409248,14.007177835556853,14.081055641174316,908000,0.0,0.0
2009-10-28 00:00:00-04:00,14.021959186774435,14.221428917569094,14.021959186774435,14.073673248291016,3117900,0.0,0.0
2009-10-29 00:00:00-04:00,14.19187068939209,14.236198215238788,14.014564813310827,14.19187068939209,746000,0.0,0.0
2009-10-30 00:00:00-04:00,14.110610876725234,14.287916809349039,13.97024315165136,14.014569282531738,1185100,0.0,0.0
2009-11-02 00:00:00-05:00,14.103216648678648,14.221420550919195,14.014563017447406,14.066278457641602,745200,0.0,0.0
2009-11-03 00:00:00-05:00,14.088443477712879,14.332239248409412,14.088443477712879,14.280525207519531,554500,0.0,0.0
2009-11-04 00:00:00-05:00,14.29530440795555,14.54648815907577,14.243590354919434,14.243590354919434,487300,0.0,0.0
2009-11-05 00:00:00-05:00,14.287918503132374,14.48738822939396,14.287918503132374,14.472612380981445,694900,0.0,0.0
2009-11-06 00:00:00-05:00,14.398733027638745,14.62775301744036,14.376569257360275,14.450447082519531,776800,0.0,0.0
2009-11-09 00:00:00-05:00,14.69423933714279,15.181830891589925,14.583423330968799,15.144892692565918,1607500,0.0,0.0
2009-11-10 00:00:00-05:00,15.19660848110744,15.19660848110744,14.856772501909163,14.878934860229492,677100,0.0,0.0
2009-11-11 00:00:00-05:00,14.952819390360903,14.982371093527568,14.701635549855306,14.709023475646973,1044000,0.0,0.0
2009-11-12 00:00:00-05:00,14.716406762176415,15.130120612369478,14.664692707040073,14.97497844696045,3593500,0.0,0.0
2009-11-13 00:00:00-05:00,14.989757537841797,15.292655419850094,14.790287788489222,14.989757537841797,1807100,0.0,0.0
2009-11-16 00:00:00-05:00,15.079334746075185,15.37793513807055,15.012149479896355,15.24356460571289,1139500,0.21,0.0
2009-11-17 00:00:00-05:00,15.33314595084147,16.15429670048196,15.265960682403389,16.146831512451172,6546200,0.0,0.0
2009-11-18 00:00:00-05:00,16.01245844854958,16.273732845966048,15.94527319668858,15.997528076171875,21216100,0.0,0.0
2009-11-19 00:00:00-05:00,15.870621089705203,16.199082128280818,15.773575103294018,16.027385711669922,5397700,0.0,0.0
2009-11-20 00:00:00-05:00,16.01992454204374,16.131900927332136,15.795974619144722,15.893020629882812,2626600,0.0,0.0
2009-11-23 00:00:00-05:00,16.064715665694653,16.094574990956374,15.863159880782204,15.893020629882812,1953100,0.0,0.0
2009-11-24 00:00:00-05:00,15.922880476125929,16.415571461695254,15.893021149887238,16.30359649658203,3478200,0.0,0.0
2009-11-25 00:00:00-05:00,16.26627019466135,16.520079423225056,16.146828631320084,16.430500030517578,3058300,0.0,0.0
2009-11-27 00:00:00-05:00,16.1244344950626,16.497685286967574,16.094573748267592,16.430500030517578,1367800,0.0,0.0
2009-11-30 00:00:00-05:00,16.5126144462763,16.63205457699696,16.288663133296055,16.60219383239746,5991500,0.0,0.0
2009-12-01 00:00:00-05:00,16.71416756928225,16.744028311724154,16.549937757367466,16.63205337524414,2474200,0.0,0.0
2009-12-02 00:00:00-05:00,16.714172697938395,16.79628834101182,16.30359733024926,16.482757568359375,3007900,0.0,0.0
2009-12-03 00:00:00-05:00,16.564867768820655,16.572332954268997,16.228941542837937,16.273731231689453,1983000,0.0,0.0
2009-12-04 00:00:00-05:00,16.482752152727425,16.527541841578945,16.027385807248308,16.273731231689453,1447100,0.0,0.0
2009-12-07 00:00:00-05:00,16.23640459702571,16.423029937221408,16.19161491405348,16.24386978149414,1745200,0.0,0.0
2009-12-08 00:00:00-05:00,16.266269208455462,16.266269208455462,15.930342946572312,16.124433517456055,1446800,0.0,0.0
2009-12-09 00:00:00-05:00,16.221475778563153,16.296126206544308,16.12443121887459,16.228940963745117,1742700,0.0,0.0
2009-12-10 00:00:00-05:00,16.23640459702571,16.572330778913308,16.169219360648192,16.24386978149414,1551200,0.0,0.0
2009-12-11 00:00:00-05:00,16.36331534177334,16.475290298461914,16.243875198127018,16.475290298461914,1223200,0.0,0.0
2009-12-14 00:00:00-05:00,16.535008809891842,16.57233474115817,16.2961285451421,16.490219116210938,1163700,0.0,0.0
2009-12-15 00:00:00-05:00,16.37824364407961,16.56486902290145,16.340917714012054,16.467823028564453,1605200,0.0,0.0
2009-12-16 00:00:00-05:00,16.467831786773946,16.796293026863193,16.452902830645794,16.661922454833984,2004500,0.0,0.0
2009-12-17 00:00:00-05:00,16.676851858259482,16.945592986581296,16.57980581799246,16.826152801513672,2270200,0.0,0.0
2009-12-18 00:00:00-05:00,16.87093304038689,16.99783834373226,16.676842492691712,16.729097366333008,2319700,0.0,0.0
2009-12-21 00:00:00-05:00,16.915727965123722,17.191934213379916,16.73656773267604,16.9306583404541,1847200,0.0,0.0
2009-12-22 00:00:00-05:00,16.990376381438825,17.02770089145203,16.520079581775207,16.57979965209961,1718900,0.0,0.0
2009-12-23 00:00:00-05:00,16.56486950141003,16.684309633399177,16.43049899696257,16.60965919494629,770400,0.0,0.0
2009-12-24 00:00:00-05:00,16.70670544452508,16.79628626442443,16.60966086148638,16.721635818481445,202200,0.0,0.0
2009-12-28 00:00:00-05:00,16.773893967154862,16.773893967154862,16.587268527905454,16.676849365234375,450000,0.0,0.0
2009-12-29 00:00:00-05:00,16.78881991454817,16.863470355320402,16.751495406081418,16.773889541625977,649600,0.0,0.0
2009-12-30 00:00:00-05:00,16.8261429586295,16.930652703468184,16.758957715850777,16.833606719970703,716700,0.0,0.0
2009-12-31 00:00:00-05:00,16.953047231606703,16.99783834373226,16.69923804875449,16.729097366333008,787700,0.0,0.0
2010-01-04 00:00:00-05:00,16.729102025919143,17.065028341234353,16.729102025919143,16.908262252807617,2176100,0.0,0.0
2010-01-05 00:00:00-05:00,16.923187621773593,17.10234779566625,16.863467563809373,17.079952239990234,1843600,0.0,0.0
2010-01-06 00:00:00-05:00,17.087420959949352,17.28151154444261,17.042631263170538,17.169536590576172,2089400,0.0,0.0
2010-01-07 00:00:00-05:00,17.259115891418507,17.281510025920753,17.094884644595822,17.206859588623047,1353200,0.0,0.0
2010-01-08 00:00:00-05:00,17.24418703443339,17.30390710475141,17.035166076400937,17.169536590576172,1359100,0.0,0.0
2010-01-11 00:00:00-05:00,17.169533491909572,17.744339954881706,17.124743803214162,17.341228485107422,2313500,0.0,0.0
2010-01-12 00:00:00-05:00,17.356171295575585,17.356171295575585,17.169545797773697,17.259126663208008,1117500,0.0,0.0
2010-01-13 00:00:00-05:00,17.229260958786003,17.40842121443213,17.16954087357063,17.333770751953125,703600,0.0,0.0
2010-01-14 00:00:00-05:00,17.259118973241126,17.281513111742115,17.07995732219971,17.15460777282715,1173700,0.0,0.0
2010-01-15 00:00:00-05:00,17.214321579829768,17.214321579829768,16.74402633266481,16.87093162536621,996700,0.0,0.0
2010-01-19 00:00:00-05:00,16.938117481906374,17.027696854234577,16.796281814575195,16.796281814575195,779500,0.0,0.0
2010-01-20 00:00:00-05:00,16.863474325959768,16.870939514178602,16.57980286900033,16.75896453857422,1438800,0.0,0.0
2010-01-21 00:00:00-05:00,16.773893309782455,16.885869708015008,16.490223279729648,16.50515365600586,1280400,0.0,0.0
2010-01-22 00:00:00-05:00,16.54993865087443,16.55740383688794,16.154292335190213,16.467823028564453,1491400,0.0,0.0
2010-01-25 00:00:00-05:00,16.594729452416797,16.699240639753516,16.39317368809463,16.535009384155273,1004800,0.0,0.0
2010-01-26 00:00:00-05:00,16.31106574337779,16.557411297469585,15.96767415122115,16.437971115112305,660000,0.0,0.0
2010-01-27 00:00:00-05:00,16.423040736357823,16.572341676224063,16.236415273444667,16.437971115112305,1078100,0.0,0.0
2010-01-28 00:00:00-05:00,16.437964804452182,16.49768487270383,16.12443409017134,16.16922378540039,1195200,0.0,0.0
2010-01-29 00:00:00-05:00,16.17668666853808,16.43796246387591,16.10203623789319,16.273731231689453,1422600,0.0,0.0
2010-02-01 00:00:00-05:00,16.340926175542197,16.557412410517284,16.296136460107117,16.527551651000977,878200,0.0,0.0
2010-02-02 00:00:00-05:00,16.587265784784012,16.729101493832413,16.445431499574482,16.4976863861084,816200,0.0,0.0
2010-02-03 00:00:00-05:00,16.49768757343255,16.6917781829834,16.251342073587043,16.6917781829834,933300,0.0,0.0
2010-02-04 00:00:00-05:00,16.50515117826363,16.646985460078444,16.23641014099121,16.23641014099121,1156400,0.0,0.0
2010-02-05 00:00:00-05:00,16.30359464959968,16.363314719150498,15.93034385894738,16.184154510498047,836200,0.0,0.0
2010-02-08 00:00:00-05:00,16.17669239942122,16.333457077857492,16.07218261379704,16.13190269470215,669000,0.0,0.0
2010-02-09 00:00:00-05:00,16.199083295257914,16.348382742574294,15.952737854539182,15.97513198852539,811300,0.0,0.0
2010-02-10 00:00:00-05:00,15.960201743469081,16.131898173813312,15.825832666968168,16.10203742980957,681900,0.0,0.0
2010-02-11 00:00:00-05:00,16.12443025675011,16.37077565770186,15.975129409696391,16.288660049438477,1097000,0.0,0.0
2010-02-12 00:00:00-05:00,16.22894777143203,16.542478561401367,16.08711204115471,16.542478561401367,906600,0.0,0.0
2010-02-16 00:00:00-05:00,16.723349985075483,16.730886592713915,16.572620707228687,16.670595169067383,759900,0.21,0.0
2010-02-17 00:00:00-05:00,16.738418579101562,16.88914782827837,16.647982179563996,16.738418579101562,1092700,0.0,0.0
2010-02-18 00:00:00-05:00,16.776106693551622,16.979590810361024,16.700742046126535,16.96451759338379,751800,0.0,0.0
2010-02-19 00:00:00-05:00,16.99466201227908,17.32626558720258,16.919298804876455,17.243364334106445,1019400,0.0,0.0
2010-02-22 00:00:00-05:00,17.31872985008595,17.333803067309063,17.070027515749093,17.100173950195312,431300,0.0,0.0
2010-02-23 00:00:00-05:00,17.11524808774373,17.160467745642492,16.821327498708328,16.919301986694336,916100,0.0,0.0
2010-02-24 00:00:00-05:00,16.941910799469,17.002202240705277,16.67060003263642,16.77610969543457,639500,0.0,0.0
2010-02-25 00:00:00-05:00,16.67813517313672,16.83640110449281,16.459579238120924,16.813791275024414,1211700,0.0,0.0
2010-02-26 00:00:00-05:00,16.791182915108976,16.851474356345253,16.64799020312481,16.77610969543457,1076800,0.0,0.0
2010-03-01 00:00:00-05:00,16.874081193716254,16.874081193716254,15.615496216088935,15.886808395385742,5563500,0.0,0.0
2010-03-02 00:00:00-05:00,15.886809671652525,15.886809671652525,15.366795098712016,15.638107299804688,4386200,0.0,0.0
2010-03-03 00:00:00-05:00,15.63810160232784,15.879267276562782,15.63810160232784,15.766221046447754,3049300,0.0,0.0
2010-03-04 00:00:00-05:00,15.758689841668135,16.082756866562274,15.758689841668135,16.014928817749023,1550900,0.0,0.0
2010-03-05 00:00:00-05:00,16.014922842802935,16.173187272680057,15.91694982965911,16.13550567626953,929200,0.0,0.0
2010-03-08 00:00:00-05:00,16.18073416281939,16.18073416281939,15.954641565745762,16.09029769897461,877800,0.0,0.0
2010-03-09 00:00:00-05:00,16.1053591308941,16.1053591308941,15.826510457025737,15.992311477661133,936000,0.0,0.0
2010-03-10 00:00:00-05:00,15.977249825171185,15.977249825171185,15.818983872854433,15.87927532196045,840800,0.0,0.0
2010-03-11 00:00:00-05:00,15.818980100602131,15.894344753378302,15.788835101968377,15.84158992767334,1318500,0.0,0.0
2010-03-12 00:00:00-05:00,15.932017939011814,15.932017939011814,15.743607125400187,15.796361923217773,1970000,0.0,0.0
2010-03-15 00:00:00-04:00,15.849122590688854,16.060141840970545,15.811439554952242,15.901877403259277,1568800,0.0,0.0
2010-03-16 00:00:00-04:00,15.969713214350241,16.01493144181437,15.766229034569362,15.87927532196045,1044400,0.0,0.0
2010-03-17 00:00:00-04:00,15.95463033945064,16.075213164704724,15.811437695413666,16.02999496459961,905900,0.0,0.0
2010-03-18 00:00:00-04:00,15.984782753305197,16.203340124029356,15.962174361479478,16.127975463867188,732600,0.0,0.0
2010-03-19 00:00:00-04:00,16.014928817749023,16.127975086617344,15.78883628001238,16.014928817749023,1321500,0.0,0.0
2010-03-22 00:00:00-04:00,15.932027450910024,15.969710498606517,15.743616524811424,15.909419059753418,841700,0.0,0.0
2010-03-23 00:00:00-04:00,15.969707365432326,16.33145592757773,15.796368254959274,16.286237716674805,1645700,0.0,0.0
2010-03-24 00:00:00-04:00,16.271156103587888,16.414348707921704,16.20332810350662,16.35405731201172,1263800,0.0,0.0
2010-03-25 00:00:00-04:00,16.384216101861334,16.436970938068278,16.09783208925443,16.210878372192383,1274300,0.0,0.0
2010-03-26 00:00:00-04:00,16.278704403415972,16.286241013002034,15.916955768052823,16.014928817749023,1035800,0.0,0.0
2010-03-29 00:00:00-04:00,16.037529433887475,16.16564884833083,15.932018397753815,16.150575637817383,506400,0.0,0.0
2010-03-30 00:00:00-04:00,16.19579643381664,16.256087848096012,15.886802755952262,16.10536003112793,1025500,0.0,0.0
2010-03-31 00:00:00-04:00,16.12797034004042,16.429427447455396,16.02999731917838,16.399282455444336,964400,0.0,0.0
2010-04-01 00:00:00-04:00,16.42188844657783,16.58015285200225,16.391742024138587,16.436960220336914,1197400,0.0,0.0
2010-04-05 00:00:00-04:00,16.50479775786715,16.70074530441701,16.459579535574523,16.693208694458008,688100,0.0,0.0
2010-04-06 00:00:00-04:00,16.693207462063736,16.745962290420675,16.580161195947255,16.685670852661133,823400,0.0,0.0
2010-04-07 00:00:00-04:00,16.62537640738366,16.62537640738366,16.323919273119326,16.361600875854492,954800,0.0,0.0
2010-04-08 00:00:00-04:00,16.28624528725387,16.39175497422667,15.781303812158535,16.09029769897461,1798000,0.0,0.0
2010-04-09 00:00:00-04:00,16.173189364598734,16.323918644658416,16.01492491425092,16.293773651123047,994600,0.0,0.0
2010-04-12 00:00:00-04:00,16.278697512569728,16.33898892627529,16.10535987784882,16.24101448059082,566800,0.0,0.0
2010-04-13 00:00:00-04:00,16.263631413612586,16.263631413612586,16.09029370307246,16.18826675415039,595100,0.0,0.0
2010-04-14 00:00:00-04:00,16.271161612888235,16.293771433057604,15.947094711097698,16.15811538696289,1177800,0.0,0.0
2010-04-15 00:00:00-04:00,16.127965822047212,16.27869505226074,16.067674417453894,16.150575637817383,744600,0.0,0.0
2010-04-16 00:00:00-04:00,16.08275018133652,16.210869616120693,15.856657737581257,16.180723190307617,937400,0.0,0.0
2010-04-19 00:00:00-04:00,16.17318571038901,16.225941952712684,15.879265261888788,15.992311477661133,697000,0.0,0.0
2010-04-20 00:00:00-04:00,15.92448986536439,16.19580204230536,15.92448986536439,16.16565704345703,682500,0.0,0.0
2010-04-21 00:00:00-04:00,16.195799278075445,16.346528558974864,16.143044460998933,16.30884552001953,651300,0.0,0.0
2010-04-22 00:00:00-04:00,16.286231657517465,16.286231657517465,16.022456223374025,16.150575637817383,561200,0.0,0.0
2010-04-23 00:00:00-04:00,16.28623881319565,16.28623881319565,16.029999871725334,16.097827911376953,781800,0.0,0.0
2010-04-26 00:00:00-04:00,16.067681172133927,16.195800640437326,15.871733665466309,15.871733665466309,1017600,0.0,0.0
2010-04-27 00:00:00-04:00,15.849122131701684,16.082751196659494,15.698392868041992,15.698392868041992,1633200,0.0,0.0
2010-04-28 00:00:00-04:00,15.849128387702327,16.07522093497479,15.638107622776365,16.00739288330078,1190400,0.0,0.0
2010-04-29 00:00:00-04:00,16.04507374653253,16.369139303476473,15.984780875516543,16.34653091430664,839300,0.0,0.0
2010-04-30 00:00:00-04:00,16.301304766338408,16.542471841933956,16.28623299205042,16.414352416992188,843600,0.0,0.0
2010-05-03 00:00:00-04:00,16.44449716583217,16.580153194691523,16.323914348503987,16.534934997558594,777300,0.0,0.0
2010-05-04 00:00:00-04:00,16.429428947443242,16.602768057810778,16.241018058424576,16.580158233642578,1795000,0.0,0.0
2010-05-05 00:00:00-04:00,16.5952288676256,16.610302081392422,16.323916769665914,16.587692260742188,1839400,0.0,0.0
2010-05-06 00:00:00-04:00,16.51987054674141,16.640453428016347,15.705935379404899,16.127975463867188,2127700,0.0,0.0
2010-05-07 00:00:00-04:00,16.150580163469545,16.384209242052712,15.449691490259168,15.607955932617188,2138400,0.0,0.0
2010-05-10 00:00:00-04:00,16.037529317319056,16.534933760963664,16.014919501713223,16.52739715576172,2215500,0.0,0.0
2010-05-11 00:00:00-04:00,16.36913435585165,16.565081815044348,16.256088131787596,16.31637954711914,939700,0.0,0.0
2010-05-12 00:00:00-04:00,16.293765916101734,16.46710349966041,16.20332810350662,16.35405731201172,1403300,0.0,0.0
2010-05-13 00:00:00-04:00,16.263632742724354,16.67813624744889,16.263632742724354,16.391752243041992,1792700,0.0,0.0
2010-05-14 00:00:00-04:00,16.361306665898258,16.361306665898258,16.041690384598446,16.269987106323242,905100,0.21,0.0
2010-05-17 00:00:00-04:00,16.315648304674426,16.4754557263728,16.05691123494592,16.201499938964844,777000,0.0,0.0
2010-05-18 00:00:00-04:00,16.231935653716192,16.44501362581571,15.874270457328539,15.919929504394531,1032500,0.0,0.0
2010-05-19 00:00:00-04:00,15.851444726690916,15.957983017373149,15.463339087308762,15.714466094970703,1438700,0.0,0.0
2010-05-20 00:00:00-04:00,15.562267762167584,15.63075707370575,15.158941977717857,15.181772232055664,1575000,0.0,0.0
2010-05-21 00:00:00-04:00,15.090450324483548,15.288308143615723,15.006740856376656,15.288308143615723,1334100,0.0,0.0
2010-05-24 00:00:00-04:00,15.28069806391124,15.585094150547912,15.196988595783019,15.257867813110352,745300,0.0,0.0
2010-05-25 00:00:00-04:00,14.991523536021496,15.265479313686164,14.770835445553258,15.22743034362793,1388800,0.0,0.0
2010-05-26 00:00:00-04:00,15.295914620777422,15.448111902434722,15.1513259694495,15.219815254211426,988500,0.0,0.0
2010-05-27 00:00:00-04:00,15.448114374969656,15.478554707058032,15.295917068952544,15.43289566040039,532400,0.0,0.0
2010-05-28 00:00:00-04:00,15.470949408642936,15.65358710323168,15.295921799429811,15.478559494018555,743200,0.0,0.0
2010-06-01 00:00:00-04:00,15.455730209561382,15.516609444918315,15.219823353987703,15.2350435256958,645200,0.0,0.0
2010-06-02 00:00:00-04:00,15.32635832668393,15.417677885637797,15.219820050800374,15.387237548828125,717400,0.0,0.0
2010-06-03 00:00:00-04:00,15.508994814740186,15.569874032258767,15.333967245808644,15.531825065612793,706800,0.0,0.0
2010-06-04 00:00:00-04:00,15.273096358311173,15.318755433484032,15.052409618745832,15.158947944641113,1060500,0.0,0.0
2010-06-07 00:00:00-04:00,15.235047370913096,15.379634684206453,15.14372776909155,15.158947944641113,906700,0.0,0.0
2010-06-08 00:00:00-04:00,15.273088953540311,15.379627227783203,15.0904512899203,15.379627227783203,1508500,0.0,0.0
2010-06-09 00:00:00-04:00,15.410069699831725,15.432899955251482,15.227432010899648,15.295921325683594,1084700,0.0,0.0
2010-06-10 00:00:00-04:00,15.470947235541042,15.562266795746044,15.15894103634297,15.22743034362793,1738500,0.0,0.0
2010-06-11 00:00:00-04:00,15.189381585200053,15.333970299907861,15.18177295153546,15.295921325683594,1292100,0.0,0.0
2010-06-14 00:00:00-04:00,15.333972631077998,15.866667060053386,15.333972631077998,15.722078323364258,2412800,0.0,0.0
2010-06-15 00:00:00-04:00,15.828608989728133,15.927538612368537,15.744900983811078,15.874269485473633,1186400,0.0,0.0
2010-06-16 00:00:00-04:00,15.744908797067389,15.965595496784855,15.66119929813547,15.897106170654297,842900,0.0,0.0
2010-06-17 00:00:00-04:00,15.950369603857201,16.07973812332346,15.80578236852289,16.049299240112305,838500,0.0,0.0
2010-06-18 00:00:00-04:00,15.988427722257585,16.5439510345459,15.9351585623773,16.5439510345459,3595400,0.0,0.0
2010-06-21 00:00:00-04:00,16.597217096591052,16.597217096591052,16.247161853300106,16.323261260986328,1069100,0.0,0.0
2010-06-22 00:00:00-04:00,16.262379400656926,16.39935657061573,16.04930138381783,16.05691146850586,1145700,0.0,0.0
2010-06-23 00:00:00-04:00,16.034081459863305,16.110180856433153,15.836223609371805,15.957982063293457,1623800,0.0,0.0
2010-06-24 00:00:00-04:00,15.95798662533138,16.193894967286447,15.813399327137125,15.828618049621582,1035300,0.0,0.0
2010-06-25 00:00:00-04:00,15.790566659474031,16.056913857278325,15.653588017661798,15.996034622192383,5651400,0.0,0.0
2010-06-28 00:00:00-04:00,15.996037452498287,16.216724174429384,15.912327945140433,16.117795944213867,639800,0.0,0.0
2010-06-29 00:00:00-04:00,16.003644728422284,16.003644728422284,15.706857186958793,15.798176765441895,979700,0.0,0.0
2010-06-30 00:00:00-04:00,15.737294667509461,15.935152508667679,15.607926134885828,15.67641544342041,903800,0.0,0.0
2010-07-01 00:00:00-04:00,15.714458959678359,15.714458959678359,15.219815254211426,15.219815254211426,1572200,0.0,0.0
2010-07-02 00:00:00-04:00,15.303531168070416,15.417679540407862,15.158942455656153,15.24265193939209,884800,0.0,0.0
2010-07-06 00:00:00-04:00,15.425285815166497,15.5242139930289,15.250258257384969,15.440505981445312,1144200,0.0,0.0
2010-07-07 00:00:00-04:00,15.478557639373328,16.05691099534357,15.478557639373328,16.041690826416016,1033000,0.0,0.0
2010-07-08 00:00:00-04:00,16.0721314196423,16.1406192779541,15.973201771516502,16.1406192779541,943600,0.0,0.0
2010-07-09 00:00:00-04:00,16.079734828351462,16.186274526446578,16.072126197714077,16.155834197998047,807800,0.0,0.0
2010-07-12 00:00:00-04:00,16.186280976764788,16.231940036158214,15.973202947136587,16.026472091674805,478700,0.0,0.0
2010-07-13 00:00:00-04:00,16.171066068765874,16.18628624400832,15.912328895547558,16.0721378326416,1067700,0.0,0.0
2010-07-14 00:00:00-04:00,15.973203404180966,16.262380842056054,15.957983233455883,16.193891525268555,808100,0.0,0.0
2010-07-15 00:00:00-04:00,16.201499233335955,16.308037509828107,16.041690367122566,16.25476837158203,740000,0.0,0.0
2010-07-16 00:00:00-04:00,16.239547183972206,16.285206235107044,15.805782569503583,15.859051704406738,728200,0.0,0.0
2010-07-19 00:00:00-04:00,15.980813032281379,16.125401747081778,15.927543887743159,16.026472091674805,462300,0.0,0.0
2010-07-20 00:00:00-04:00,15.86666419874232,16.35369802210746,15.859054113817828,16.330867767333984,890300,0.0,0.0
2010-07-21 00:00:00-04:00,16.445021744267716,16.445021744267716,15.843837946632126,15.973206520080566,992400,0.0,0.0
2010-07-22 00:00:00-04:00,16.110179691410917,16.361306665898258,16.094959522902556,16.269987106323242,882000,0.0,0.0
2010-07-23 00:00:00-04:00,16.300425035709768,16.346084083015693,16.064518264575053,16.239545822143555,692200,0.0,0.0
2010-07-26 00:00:00-04:00,16.376525445313096,16.551553013887553,16.216716592480957,16.528722763061523,630100,0.0,0.0
2010-07-27 00:00:00-04:00,16.551553497897462,16.696142187740392,16.54394341406625,16.62004280090332,740600,0.0,0.0
2010-07-28 00:00:00-04:00,16.658090044932624,16.71135917476417,16.323255099855785,16.39935302734375,561000,0.0,0.0
2010-07-29 00:00:00-04:00,16.513509078838123,16.57438831478186,16.00364493350601,16.171062469482422,944100,0.0,0.0
2010-07-30 00:00:00-04:00,15.980811162040158,16.30803752759415,15.957980909277614,16.269987106323242,830100,0.0,0.0
2010-08-02 00:00:00-04:00,16.490675231500873,16.589603424072266,16.32325773196653,16.589603424072266,971100,0.0,0.0
2010-08-03 00:00:00-04:00,16.55916595860647,16.55916595860647,16.346087935172783,16.406967163085938,755400,0.0,0.0
2010-08-04 00:00:00-04:00,16.323265288851285,16.52873185338608,16.31565520105728,16.42219352722168,606300,0.0,0.0
2010-08-05 00:00:00-04:00,16.7950732584437,17.502795210042333,16.787463173305774,17.213619232177734,2888300,0.0,0.0
2010-08-06 00:00:00-04:00,17.046196962869256,17.274495118394878,17.046196962869256,17.16795539855957,1106300,0.0,0.0
2010-08-09 00:00:00-04:00,17.282104704725946,17.41147323122369,17.17556643048373,17.198396682739258,627800,0.0,0.0
2010-08-10 00:00:00-04:00,17.030975895446083,17.464741932577557,16.992926930606902,17.365812301635742,1860900,0.0,0.0
2010-08-11 00:00:00-04:00,17.26689363174069,17.388652128053323,17.053815537455705,17.289722442626953,1723100,0.0,0.0
2010-08-12 00:00:00-04:00,17.15273332324749,17.335370941012375,17.02336482922968,17.107072830200195,1392500,0.0,0.0
2010-08-13 00:00:00-04:00,17.114684381837534,17.373421392088247,17.030974922204983,17.24405288696289,1088800,0.0,0.0
2010-08-16 00:00:00-04:00,17.205634520550735,17.213319214072534,16.93667757581486,16.982784271240234,1164600,0.22,0.0
2010-08-17 00:00:00-04:00,17.098050746065443,17.359324447756126,16.94435981599845,17.159526824951172,2855400,0.0,0.0
2010-08-18 00:00:00-04:00,17.151838663647798,17.297844871117363,16.944356389723417,17.11341667175293,1479800,0.0,0.0
2010-08-19 00:00:00-04:00,17.182579960736703,17.182579960736703,16.821406734621647,16.97509765625,1236600,0.0,0.0
2010-08-20 00:00:00-04:00,16.96741485595703,16.99815362999307,16.790671302366068,16.96741485595703,822700,0.0,0.0
2010-08-23 00:00:00-04:00,17.082682659198987,17.28248029720023,16.882885021197747,16.90593910217285,521500,0.0,0.0
2010-08-24 00:00:00-04:00,16.690770557324157,16.998152412853013,16.690770557324157,16.867515563964844,1120500,0.0,0.0
2010-08-25 00:00:00-04:00,16.85983172535868,17.528383923889837,16.798355644278743,17.413116455078125,2593800,0.0,0.0
2010-08-26 00:00:00-04:00,17.474598313787748,17.582181124821417,17.21332451638666,17.436176300048828,1380000,0.0,0.0
2010-08-27 00:00:00-04:00,17.543751067097524,17.589857755585022,17.205631931543724,17.474590301513672,1043800,0.0,0.0
2010-08-30 00:00:00-04:00,17.505331668267825,17.566807750607524,17.35164072956587,17.36701011657715,1360200,0.0,0.0
2010-08-31 00:00:00-04:00,17.37469287189049,17.420799562075587,17.15184118220288,17.351638793945312,1271600,0.0,0.0
2010-09-01 00:00:00-04:00,17.597551065364517,17.728187968138865,17.489968250975963,17.705135345458984,900700,0.0,0.0
2010-09-02 00:00:00-04:00,17.7819707191861,17.897239639297013,17.635965960934634,17.87418556213379,936700,0.0,0.0
2010-09-03 00:00:00-04:00,18.012514434803517,18.012514434803517,17.76661004099691,17.9356689453125,657500,0.0,0.0
2010-09-07 00:00:00-04:00,17.774285298505003,17.828078143015052,17.54375039913965,17.582172393798828,773700,0.0,0.0
2010-09-08 00:00:00-04:00,17.028893105128535,17.466910430938718,17.028893105128535,17.2901668548584,878400,0.0,0.0
2010-09-09 00:00:00-04:00,17.351644491051058,17.51302015824163,17.24406169006117,17.336275100708008,793100,0.0,0.0
2010-09-10 00:00:00-04:00,17.39006656360848,17.397751258807585,17.27479906703342,17.374698638916016,1360600,0.0,0.0
2010-09-13 00:00:00-04:00,17.359322892908498,17.520697035890006,17.290162127143507,17.497644424438477,791700,0.0,0.0
2010-09-14 00:00:00-04:00,17.497648252710448,17.60523103823592,17.40543338961324,17.505332946777344,821900,0.0,0.0
2010-09-15 00:00:00-04:00,17.49764790730384,17.56680868683512,17.32090434437079,17.559123992919922,558600,0.0,0.0
2010-09-16 00:00:00-04:00,17.589861581750828,17.60523096982489,17.397748627941557,17.466909408569336,694700,0.0,0.0
2010-09-17 00:00:00-04:00,17.451540272641406,17.80502887492466,17.359326874275716,17.78197479248047,1561500,0.0,0.0
2010-09-20 00:00:00-04:00,17.828084933036774,17.91261364662168,17.65133987945589,17.82040023803711,978400,0.0,0.0
2010-09-21 00:00:00-04:00,17.8588206045551,17.89724407601897,17.689761727230756,17.72049903869629,1455800,0.0,0.0
2010-09-22 00:00:00-04:00,17.659024200256077,17.9740893600375,17.651339505419255,17.858821868896484,1024700,0.0,0.0
2010-09-23 00:00:00-04:00,17.735872664267465,17.889563655427608,17.643657776430192,17.705135345458984,680900,0.0,0.0
2010-09-24 00:00:00-04:00,17.974092157963216,18.05093765258789,17.7973485463206,18.05093765258789,630200,0.0,0.0
2010-09-27 00:00:00-04:00,17.974079471528608,18.073978983741547,17.789651294025717,17.9279727935791,686600,0.0,0.0
2010-09-28 00:00:00-04:00,18.043246337501415,18.043246337501415,17.628283163884294,17.881872177124023,1268400,0.0,0.0
2010-09-29 00:00:00-04:00,17.743553121574614,17.958720164655603,17.682077032937983,17.72049903869629,1908200,0.0,0.0
2010-09-30 00:00:00-04:00,17.8588180974821,18.058615723929364,17.79734201747566,17.881872177124023,1489300,0.0,0.0
2010-10-01 00:00:00-04:00,18.01250998422549,18.09703868264481,17.797342959955838,18.0816707611084,1232600,0.0,0.0
2010-10-04 00:00:00-04:00,18.08167067676929,18.11240798540419,17.774288796187683,18.03556251525879,995300,0.0,0.0
2010-10-05 00:00:00-04:00,18.204622268676758,18.258413656370717,18.073985413260555,18.204622268676758,871100,0.0,0.0
2010-10-06 00:00:00-04:00,18.20462380263881,18.28146927683623,17.95103476378119,18.243045806884766,888900,0.0,0.0
2010-10-07 00:00:00-04:00,18.342941573433585,18.41978556604966,18.13545927567769,18.266096115112305,790400,0.0,0.0
2010-10-08 00:00:00-04:00,18.273783057403346,18.304520365093143,18.112407428489387,18.21230697631836,810500,0.0,0.0
2010-10-11 00:00:00-04:00,18.243048054239267,18.258417444113203,18.1124111717222,18.18157196044922,439000,0.0,0.0
2010-10-12 00:00:00-04:00,18.173886901175486,18.258417078081838,17.920297836162085,18.227678298950195,833400,0.0,0.0
2010-10-13 00:00:00-04:00,18.389051091645463,18.40442047881563,18.03556251525879,18.03556251525879,1174700,0.0,0.0
2010-10-14 00:00:00-04:00,18.050926257874696,18.12008701280833,18.0201889588514,18.0739803314209,995400,0.0,0.0
2010-10-15 00:00:00-04:00,18.21230689034387,18.25072889120109,18.073985342129273,18.16619873046875,1543700,0.0,0.0
2010-10-18 00:00:00-04:00,18.219988220128915,18.273781067713408,18.15082891893074,18.17388153076172,713400,0.0,0.0
2010-10-19 00:00:00-04:00,18.097037646051735,18.442841510658727,18.08935441857634,18.23535919189453,1240800,0.0,0.0
2010-10-20 00:00:00-04:00,18.3122044046634,18.36599579047914,18.24304363269878,18.33525848388672,760800,0.0,0.0
2010-10-21 00:00:00-04:00,18.350628591337845,18.427474065535264,18.112408940460806,18.243045806884766,512000,0.0,0.0
2010-10-22 00:00:00-04:00,18.3429476483273,18.366000267464702,18.104726502065738,18.196941375732422,396400,0.0,0.0
2010-10-25 00:00:00-04:00,18.319889981840344,18.327574675285643,18.050931574076596,18.09703826904297,625800,0.0,0.0
2010-10-26 00:00:00-04:00,18.081673819727413,18.235363321027105,18.01251303114556,18.158517837524414,707200,0.0,0.0
2010-10-27 00:00:00-04:00,18.16619590185646,18.419784878862398,18.120089214865878,18.36599349975586,1192100,0.0,0.0
2010-10-28 00:00:00-04:00,18.442838955210263,18.535053794896584,18.31220212064932,18.36599349975586,667000,0.0,0.0
2010-10-29 00:00:00-04:00,18.373678160781516,18.44283892400294,18.219987250132764,18.350624084472656,726700,0.0,0.0
2010-11-01 00:00:00-04:00,18.488948204037875,18.488948204037875,18.07398503221484,18.23535919189453,1346400,0.0,0.0
2010-11-02 00:00:00-04:00,18.35062832705108,18.4812651915936,18.25841493190665,18.342945098876953,1865100,0.0,0.0
2010-11-03 00:00:00-04:00,18.31988813294195,18.61189912586555,18.289149362263014,18.519685745239258,1573700,0.0,0.0
2010-11-04 00:00:00-04:00,18.95002246780244,19.119081346827787,18.727172193892006,18.85780906677246,1994400,0.0,0.0
2010-11-05 00:00:00-04:00,19.00381245898687,19.072973237503643,18.788646895339557,19.065288543701172,1336400,0.0,0.0
2010-11-08 00:00:00-05:00,19.019176435077345,19.019176435077345,18.85011761664159,18.996122360229492,847800,0.0,0.0
2010-11-09 00:00:00-05:00,19.034545220857115,19.096021286150073,18.704110820268102,18.780956268310547,955400,0.0,0.0
2010-11-10 00:00:00-05:00,18.788643481142554,19.057600386827925,18.75022001911235,19.01917839050293,750600,0.0,0.0
2010-11-11 00:00:00-05:00,19.034548992035873,19.126762375392374,18.880858065501297,19.119077682495117,1132300,0.0,0.0
2010-11-12 00:00:00-05:00,19.096028675578687,19.126765987266815,18.796331458812347,18.827070236206055,989600,0.0,0.0
2010-11-15 00:00:00-05:00,19.042234095761458,19.157501560296584,18.950019244710152,19.103710174560547,934600,0.0,0.0
2010-11-16 00:00:00-05:00,19.13472471684631,19.13472471684631,18.529980055851194,18.623018264770508,1612300,0.22,0.0
2010-11-17 00:00:00-05:00,18.72380470331365,18.894374473748563,18.661779735553285,18.700546264648438,1596400,0.0,0.0
2010-11-18 00:00:00-05:00,18.739312833397804,18.840102859628455,18.553237915039062,18.553237915039062,835800,0.0,0.0
2010-11-19 00:00:00-05:00,18.59200523987433,18.801340103149414,18.483461893935623,18.801340103149414,1233500,0.0,0.0
2010-11-22 00:00:00-05:00,18.762573402918758,18.917635100861727,18.677288507835293,18.832351684570312,810800,0.0,0.0
2010-11-23 00:00:00-05:00,18.778076771287072,19.02617812648502,18.646273527097375,18.948646545410156,817100,0.0,0.0
2010-11-24 00:00:00-05:00,19.06494321599243,19.17348654244052,18.92538666553521,19.103708267211914,504800,0.0,0.0
2010-11-26 00:00:00-05:00,19.0261862758313,19.2355197119662,19.0261862758313,19.220014572143555,667100,0.0,0.0
2010-11-29 00:00:00-05:00,19.088209070547727,19.103714208582563,18.553242620347902,19.02618408203125,1315900,0.0,0.0
2010-11-30 00:00:00-05:00,18.90988194819946,19.018426764315077,18.739313635435007,19.002920150756836,1414600,0.0,0.0
2010-12-01 00:00:00-05:00,19.134725786618585,19.3673191037323,18.99516920483346,19.212257385253906,1359200,0.0,0.0
2010-12-02 00:00:00-05:00,19.243271162318997,19.491371121024713,19.111467874407534,19.382827758789062,1172200,0.0,0.0
2010-12-03 00:00:00-05:00,19.34405879488781,19.437095521249386,19.251020589734136,19.320798873901367,729800,0.0,0.0
2010-12-06 00:00:00-05:00,19.344056720601493,19.421586824658455,19.274278443916668,19.351808547973633,503900,0.0,0.0
2010-12-07 00:00:00-05:00,19.537888916488455,19.545640745438966,19.1502324021041,19.212257385253906,717000,0.0,0.0
2010-12-08 00:00:00-05:00,19.173488812759476,19.2975387659008,19.041685552697814,19.196748733520508,710700,0.0,0.0
2010-12-09 00:00:00-05:00,19.30529022216797,19.351808580438576,19.1114620041165,19.30529022216797,765600,0.0,0.0
2010-12-10 00:00:00-05:00,19.313039350620425,19.367311003328286,19.072692826289213,19.165729522705078,1284400,0.0,0.0
2010-12-13 00:00:00-05:00,19.297542843436823,19.460359365582697,19.16573955552536,19.382827758789062,699500,0.0,0.0
2010-12-14 00:00:00-05:00,19.50687393696064,19.57665222159842,19.212255663106106,19.336305618286133,1382600,0.0,0.0
2010-12-15 00:00:00-05:00,19.3285521156476,19.491367125626777,19.227760603838696,19.313045501708984,1358800,0.0,0.0
2010-12-16 00:00:00-05:00,19.390571656501404,19.677436539983304,19.30528678254056,19.54563331604004,1939100,0.0,0.0
2010-12-17 00:00:00-05:00,19.56114959716797,19.623174587408514,19.235518028707002,19.56114959716797,1131900,0.0,0.0
2010-12-20 00:00:00-05:00,19.669689305158126,19.925542507968665,19.468107769793452,19.785985946655273,1068800,0.0,0.0
2010-12-21 00:00:00-05:00,19.80924576092445,19.917790582132916,19.51462748345492,19.568899154663086,868000,0.0,0.0
2010-12-22 00:00:00-05:00,19.677446508585398,19.692953126032425,19.382828171054047,19.537891387939453,833600,0.0,0.0
2010-12-23 00:00:00-05:00,19.460348454472253,19.816991575449446,19.460348454472253,19.692941665649414,652900,0.0,0.0
2010-12-27 00:00:00-05:00,19.59216122028947,19.79374279168988,19.537889543141723,19.70070457458496,310000,0.0,0.0
2010-12-28 00:00:00-05:00,19.73947555961495,19.7937487318425,19.545647238037617,19.778242111206055,491100,0.0,0.0
2010-12-29 00:00:00-05:00,19.81699968008249,19.964309562762743,19.77048131458058,19.948802947998047,424000,0.0,0.0
2010-12-30 00:00:00-05:00,19.964303603711745,20.01857526039671,19.599907138261447,19.723957061767578,667300,0.0,0.0
2010-12-31 00:00:00-05:00,19.79373902831557,19.816997469075464,19.607664108276367,19.607664108276367,504000,0.0,0.0
2011-01-03 00:00:00-05:00,19.76272806137067,19.824753041807295,19.592159734867998,19.801494598388672,722900,0.0,0.0
2011-01-04 00:00:00-05:00,19.879026605118447,19.941051591452972,19.754976632449402,19.902286529541016,1095100,0.0,0.0
2011-01-05 00:00:00-05:00,19.824751066580042,19.956554321724752,19.716207731328645,19.793739318847656,755100,0.0,0.0
2011-01-06 00:00:00-05:00,19.90228778288717,19.90228778288717,19.514631224185663,19.56114959716797,862900,0.0,0.0
2011-01-07 00:00:00-05:00,19.63092665978036,19.902286529541016,19.568901673445836,19.902286529541016,821900,0.0,0.0
2011-01-10 00:00:00-05:00,19.917798739348573,19.917798739348573,19.623178862427096,19.778242111206055,528000,0.0,0.0
2011-01-11 00:00:00-05:00,19.86352504728172,19.917796735255816,19.599918438156752,19.661943435668945,587000,0.0,0.0
2011-01-12 00:00:00-05:00,19.71620763116923,19.840257579052654,19.700701017985796,19.832504272460938,606300,0.0,0.0
2011-01-13 00:00:00-05:00,19.762728110931292,19.948803052707802,19.762728110931292,19.910037994384766,972100,0.0,0.0
2011-01-14 00:00:00-05:00,19.86351609248396,20.142627716064453,19.8480094803984,20.142627716064453,524900,0.0,0.0
2011-01-18 00:00:00-05:00,20.065095417199572,20.15038030182972,19.630920645866937,19.708452224731445,853900,0.0,0.0
2011-01-19 00:00:00-05:00,19.770479398954343,19.91003596073016,19.59215778281504,19.793739318847656,1116600,0.0,0.0
2011-01-20 00:00:00-05:00,19.685194500038325,20.04183921102262,19.685194500038325,19.894529342651367,861100,0.0,0.0
2011-01-21 00:00:00-05:00,20.026338342804696,20.026338342804696,19.817003440138862,19.84026336669922,1009400,0.0,0.0
2011-01-24 00:00:00-05:00,19.824747579865722,20.243417191558873,19.824747579865722,20.08060073852539,743900,0.0,0.0
2011-01-25 00:00:00-05:00,20.119373321533203,20.305448267592737,20.034088416708833,20.119373321533203,1436500,0.0,0.0
2011-01-26 00:00:00-05:00,20.220159564414285,20.421741087809774,20.16588790019087,20.274431228637695,981200,0.0,0.0
2011-01-27 00:00:00-05:00,20.320949149821416,20.33645576177813,20.057344140516836,20.07284927368164,1107200,0.0,0.0
2011-01-28 00:00:00-05:00,20.134877321790896,20.235668836130905,19.67744255065918,19.67744255065918,1001300,0.0,0.0
2011-01-31 00:00:00-05:00,19.785983906533826,19.871267312815796,19.70069902145998,19.770477294921875,1007200,0.0,0.0
2011-02-01 00:00:00-05:00,19.964311515875536,20.01082988592835,19.83250823506564,19.902286529541016,1131600,0.0,0.0
2011-02-02 00:00:00-05:00,20.003075510380945,20.336460348686,19.917792082967082,20.313201904296875,1155200,0.0,0.0
2011-02-03 00:00:00-05:00,20.413990324059295,20.669843543542612,20.235668696890464,20.65433692932129,2002400,0.0,0.0
2011-02-04 00:00:00-05:00,20.623323438012928,20.817151663034117,20.59231021218938,20.72411346435547,1740600,0.0,0.0
2011-02-07 00:00:00-05:00,20.824912647635244,20.824912647635244,20.66209610961515,20.778392791748047,1196600,0.0,0.0
2011-02-08 00:00:00-05:00,20.84041179790808,20.84041179790808,20.631078421748583,20.646583557128906,548100,0.0,0.0
2011-02-09 00:00:00-05:00,20.592315673828125,20.662093971646204,20.54579730154687,20.592315673828125,684400,0.0,0.0
2011-02-10 00:00:00-05:00,20.6078125016694,20.66983746151193,20.491515886813627,20.514774322509766,560100,0.0,0.0
2011-02-11 00:00:00-05:00,20.569053806072485,20.654337227938523,20.39848400475612,20.638832092285156,923800,0.0,0.0
2011-02-14 00:00:00-05:00,20.724115836953892,21.010982293495612,20.631079106415942,20.93345069885254,1771300,0.0,0.0
2011-02-15 00:00:00-05:00,20.995466670519757,21.228059875860655,20.89467667588311,21.142776489257812,1503400,0.0,0.0
2011-02-16 00:00:00-05:00,21.322561525271823,21.392907336948383,21.14278806719864,21.283479690551758,1063100,0.22,0.0
2011-02-17 00:00:00-05:00,21.346004435558157,21.377269896450528,21.2600273997426,21.35382080078125,1123900,0.0,0.0
2011-02-18 00:00:00-05:00,21.45543645770339,21.830613120433487,21.41635462357346,21.752450942993164,2263700,0.0,0.0
2011-02-22 00:00:00-05:00,21.69773175830376,21.752444819864863,21.33037156580842,21.478878021240234,1248600,0.0,0.0
2011-02-23 00:00:00-05:00,21.424165775934288,21.62738679148899,21.30692328371943,21.416349411010742,1309700,0.0,0.0
2011-02-24 00:00:00-05:00,21.42416715859085,21.486696591195532,21.088070899283473,21.16623306274414,1513500,0.0,0.0
2011-02-25 00:00:00-05:00,21.33818972082245,21.431984619935267,21.166234145071513,21.39290428161621,1204400,0.0,0.0
2011-02-28 00:00:00-05:00,21.353822295122367,21.768080736020707,21.353822295122367,21.68210220336914,1234600,0.0,0.0
2011-03-01 00:00:00-05:00,21.73681219174309,21.807157982882966,21.41634869469216,21.463245391845703,1571100,0.0,0.0
2011-03-02 00:00:00-05:00,21.533589210757423,21.68209714409767,21.439795825040733,21.643016815185547,1543700,0.0,0.0
2011-03-03 00:00:00-05:00,21.7758946075824,22.111990843102834,21.6977324496536,22.041645050048828,1684100,0.0,0.0
2011-03-04 00:00:00-05:00,22.033826067582734,22.033826067582734,21.52577433763019,21.643016815185547,1272200,0.0,0.0
2011-03-07 00:00:00-05:00,21.77589414096025,21.877503900516942,21.494510974773814,21.611753463745117,1260600,0.0,0.0
2011-03-08 00:00:00-05:00,21.658649622190147,21.900952449629436,21.635202019470864,21.799341201782227,1347700,0.0,0.0
2011-03-09 00:00:00-05:00,21.760259480346864,21.854052866872195,21.721179151097807,21.783708572387695,1123800,0.0,0.0
2011-03-10 00:00:00-05:00,21.736812918780302,21.752445648627397,21.408533046087193,21.416349411010742,856300,0.0,0.0
2011-03-11 00:00:00-05:00,21.33819079668707,21.580493677103963,21.33819079668707,21.455434799194336,1023600,0.0,0.0
2011-03-14 00:00:00-04:00,21.338192020915184,21.56486218189318,21.338192020915184,21.494516372680664,904000,0.0,0.0
2011-03-15 00:00:00-04:00,21.119337908867255,21.228764051240653,20.96301357048865,21.056808471679688,974800,0.0,0.0
2011-03-16 00:00:00-04:00,21.02553937352607,21.377268328673807,20.947377217846668,21.19749641418457,2229100,0.0,0.0
2011-03-17 00:00:00-04:00,21.40853913178715,21.45543733465995,20.947383905941766,21.103708267211914,966800,0.0,0.0
2011-03-18 00:00:00-04:00,21.29910896901917,21.385087500635187,21.064623962018242,21.127153396606445,1354700,0.0,0.0
2011-03-21 00:00:00-04:00,21.299111678383568,21.744634142849826,21.299111678383568,21.494516372680664,1246500,0.0,0.0
2011-03-22 00:00:00-04:00,21.455431135066007,21.705548848170505,21.42416567551836,21.431982040405273,1576800,0.0,0.0
2011-03-23 00:00:00-04:00,21.51796066419768,21.51796066419768,21.30692328371943,21.416349411010742,930400,0.0,0.0
2011-03-24 00:00:00-04:00,21.58048739443476,21.72899383695602,21.43197946109451,21.643016815185547,1524300,0.0,0.0
2011-03-25 00:00:00-04:00,21.721181919819507,21.869688382550706,21.65083612554928,21.71336555480957,639100,0.0,0.0
2011-03-28 00:00:00-04:00,21.72900140950938,21.83061268540279,21.494516372680664,21.494516372680664,532800,0.0,0.0
2011-03-29 00:00:00-04:00,21.455424866280673,21.6351967336969,21.42415941586808,21.62738037109375,998300,0.0,0.0
2011-03-30 00:00:00-04:00,21.768082638299763,21.916590619270533,21.689920464587804,21.84624481201172,1629800,0.0,0.0
2011-03-31 00:00:00-04:00,21.90876909118569,22.143254066258233,21.697731719128935,21.924400329589844,1012900,0.0,0.0
2011-04-01 00:00:00-04:00,21.971295987893626,22.31520704629929,21.971295987893626,22.12761878967285,862000,0.0,0.0
2011-04-04 00:00:00-04:00,22.158888847596092,22.276131345990084,22.0416463492021,22.237051010131836,509700,0.0,0.0
2011-04-05 00:00:00-04:00,22.11199609487018,22.283951690498974,22.049465161020233,22.213605880737305,625100,0.0,0.0
2011-04-06 00:00:00-04:00,22.30739758378252,22.612228388380956,22.283948486959833,22.448087692260742,979300,0.0,0.0
2011-04-07 00:00:00-04:00,22.385559652752164,22.502803653350146,22.213604071131535,22.362112045288086,1250900,0.0,0.0
2011-04-08 00:00:00-04:00,22.338663827958314,22.424642367569,22.18233948154242,22.291767120361328,678000,0.0,0.0
2011-04-11 00:00:00-04:00,22.35429054120145,22.36992326979735,22.119804084720112,22.166702270507812,839300,0.0,0.0
2011-04-12 00:00:00-04:00,22.111995570537434,22.135443179355644,21.78371562970718,21.80716323852539,1120800,0.0,0.0
2011-04-13 00:00:00-04:00,21.94004345038264,22.088551466704015,21.916595836261244,22.018205642700195,861200,0.0,0.0
2011-04-14 00:00:00-04:00,22.057274661155567,22.20578260117851,21.940032178324422,22.166702270507812,578300,0.0,0.0
2011-04-15 00:00:00-04:00,22.283951050999736,22.534068815943627,22.174524901541652,22.40900993347168,728500,0.0,0.0
2011-04-18 00:00:00-04:00,22.416821842813587,22.416821842813587,22.03382890504179,22.17452049255371,902300,0.0,0.0
2011-04-19 00:00:00-04:00,22.19015126469066,22.283946151331264,22.02601207659353,22.182334899902344,893200,0.0,0.0
2011-04-20 00:00:00-04:00,22.3621054707125,22.37773670748642,22.252677868381294,22.260494232177734,849300,0.0,0.0
2011-04-21 00:00:00-04:00,22.31520704629929,22.362105228570105,22.033825406769104,22.12761878967285,1063200,0.0,0.0
2011-04-25 00:00:00-04:00,22.127624409719225,22.276132376324128,22.127624409719225,22.14325714111328,562000,0.0,0.0
2011-04-26 00:00:00-04:00,22.174517400631316,22.440266317875473,22.151068309042582,22.401185989379883,769700,0.0,0.0
2011-04-27 00:00:00-04:00,22.549695433828166,22.745100071052292,22.377738398946725,22.73728370666504,774300,0.0,0.0
2011-04-28 00:00:00-04:00,22.69038799963179,22.88579264536841,22.69038799963179,22.815446853637695,1372600,0.0,0.0
2011-04-29 00:00:00-04:00,22.776368523107312,22.99522229659183,22.69820784548082,22.963956832885742,878000,0.0,0.0
2011-05-02 00:00:00-04:00,23.37821031848811,23.37821031848811,22.94050435527077,23.065563201904297,1008500,0.0,0.0
2011-05-03 00:00:00-04:00,22.987404699908257,23.253155163904133,22.956140728695424,23.08901596069336,1042400,0.0,0.0
2011-05-04 00:00:00-04:00,23.042119677447346,23.09683274971906,22.74510521762116,22.924877166748047,1274200,0.0,0.0
2011-05-05 00:00:00-04:00,22.932689292645478,23.167174270687763,22.487166939873656,22.82326316833496,1445000,0.0,0.0
2011-05-06 00:00:00-04:00,23.01085446337632,23.05775116696446,22.784184329531524,22.88579559326172,1676500,0.0,0.0
2011-05-09 00:00:00-04:00,23.214073483301956,23.22188835753829,22.948323034690585,23.16717529296875,1848900,0.0,0.0
2011-05-10 00:00:00-04:00,23.174997268580203,23.99569790826861,23.174997268580203,23.925352096557617,2042000,0.0,0.0
2011-05-11 00:00:00-04:00,23.956614058379166,23.972246790959872,23.096833147093015,23.190628051757812,2130100,0.0,0.0
2011-05-12 00:00:00-04:00,23.11246525970741,23.292237207105035,22.89361297272574,23.221891403198242,1414600,0.0,0.0
2011-05-13 00:00:00-04:00,23.18281107874743,23.26097324878593,22.86234752332703,22.95614242553711,1042200,0.0,0.0
2011-05-16 00:00:00-04:00,22.932518665241403,23.342026773744784,22.617510348140527,22.664762496948242,1137200,0.22,0.0
2011-05-17 00:00:00-04:00,22.735637134059104,22.79076313387742,22.609632917526163,22.649009704589844,1947600,0.0,0.0
2011-05-18 00:00:00-04:00,22.96401704623579,22.96401704623579,22.66476096766712,22.775012969970703,2470400,0.0,0.0
2011-05-19 00:00:00-04:00,22.775010642843842,23.153018756749542,22.767135286045303,23.09789276123047,1102100,0.0,0.0
2011-05-20 00:00:00-04:00,23.160894308280774,23.29477237084017,23.003390175127105,23.153018951416016,767400,0.0,0.0
2011-05-23 00:00:00-04:00,22.932517563161486,23.02701885209347,22.782888769936456,22.8537654876709,698800,0.0,0.0
2011-05-24 00:00:00-04:00,23.02701684420219,23.02701684420219,22.82226206660906,22.845888137817383,879100,0.0,0.0
2011-05-25 00:00:00-04:00,22.861636047003913,23.54677550520521,22.845885334797526,23.444398880004883,1757200,0.0,0.0
2011-05-26 00:00:00-04:00,23.475895136121313,23.531021118164062,23.239640498203723,23.531021118164062,1842700,0.0,0.0
2011-05-27 00:00:00-04:00,23.601901522721835,23.625527591058308,23.405022126129683,23.483774185180664,1340700,0.0,0.0
2011-05-31 00:00:00-04:00,23.55465171625642,23.7357804069924,23.326272389256847,23.633403778076172,1643900,0.0,0.0
2011-06-01 00:00:00-04:00,23.54677300170426,23.743652377140034,23.29476764147774,23.31839370727539,1409500,0.0,0.0
2011-06-02 00:00:00-04:00,23.389281100561565,23.389281100561565,23.01914674412243,23.16877555847168,1482100,0.0,0.0
2011-06-03 00:00:00-04:00,22.932511675931746,23.027012940603385,22.77500756538499,22.877384185791016,1217800,0.0,0.0
2011-06-06 00:00:00-04:00,22.92464146386608,23.01914274974125,22.530882601220885,22.672636032104492,1426100,0.0,0.0
2011-06-07 00:00:00-04:00,22.727759776582293,22.971889826610088,22.641132354736328,22.641132354736328,974700,0.0,0.0
2011-06-08 00:00:00-04:00,22.66475842489542,22.798636484988865,22.554504932890364,22.641132354736328,1638200,0.0,0.0
2011-06-09 00:00:00-04:00,22.63325440024616,22.67263117932511,22.396999734054596,22.467876434326172,1371000,0.0,0.0
2011-06-10 00:00:00-04:00,22.389128285801345,22.601758423726295,22.27100093208886,22.5151309967041,1116300,0.0,0.0
2011-06-13 00:00:00-04:00,22.60962905004348,22.838009869734705,22.515127781397208,22.680505752563477,974300,0.0,0.0
2011-06-14 00:00:00-04:00,22.86163739769181,23.121518156168825,22.63325656341802,22.924638748168945,1054700,0.0,0.0
2011-06-15 00:00:00-04:00,22.822265153427704,23.034895316849504,22.554508985134547,22.664762496948242,1411800,0.0,0.0
2011-06-16 00:00:00-04:00,22.735639218088842,22.893141874568304,22.546633626999927,22.664762496948242,848700,0.0,0.0
2011-06-17 00:00:00-04:00,22.775013617051165,23.011268343577242,22.641135538134144,22.948266983032227,1292100,0.0,0.0
2011-06-20 00:00:00-04:00,22.853762685711242,23.11364345151817,22.77501061987596,23.058517456054688,775100,0.0,0.0
2011-06-21 00:00:00-04:00,23.05064428034263,23.302649713204,22.98764292212729,23.12152099609375,1136000,0.0,0.0
2011-06-22 00:00:00-04:00,23.145137402420016,23.23964015744358,22.869507496247806,23.074260711669922,917900,0.0,0.0
2011-06-23 00:00:00-04:00,22.92463969538755,23.231771103895053,22.798636989227,23.1608943939209,1301500,0.0,0.0
2011-06-24 00:00:00-04:00,23.027021408081055,23.121524209573707,22.743514505674174,23.027021408081055,1408000,0.0,0.0
2011-06-27 00:00:00-04:00,22.956134970555286,23.082137651190855,22.908884340834557,22.971885681152344,1014900,0.0,0.0
2011-06-28 00:00:00-04:00,23.00338842571861,23.349896591062286,22.95613779019422,23.129392623901367,769500,0.0,0.0
2011-06-29 00:00:00-04:00,23.27114983028164,23.601907358420867,23.176648537710985,23.491655349731445,1052300,0.0,0.0
2011-06-30 00:00:00-04:00,23.578279645013666,23.578279645013666,23.042767384888922,23.19239616394043,1841000,0.0,0.0
2011-07-01 00:00:00-04:00,23.19240029504431,23.751537223724014,23.19240029504431,23.704286575317383,1002200,0.0,0.0
2011-07-05 00:00:00-04:00,23.63340714812278,23.657033220658903,23.4050262864862,23.554655075073242,1066900,0.0,0.0
2011-07-06 00:00:00-04:00,23.491650367214746,23.64127913446521,23.38927373829852,23.633403778076172,975600,0.0,0.0
2011-07-07 00:00:00-04:00,23.783033027146494,23.79878223817299,23.625528900316116,23.75153160095215,587300,0.0,0.0
2011-07-08 00:00:00-04:00,23.58615361964386,23.759406957500733,23.5625275499981,23.75153160095215,938800,0.0,0.0
2011-07-11 00:00:00-04:00,23.57827830468579,23.6176535854275,23.310522189844246,23.357772827148438,910500,0.0,0.0
2011-07-12 00:00:00-04:00,23.28689566585708,23.436524433483726,23.129393043892243,23.279020309448242,858500,0.0,0.0
2011-07-13 00:00:00-04:00,23.365650177001953,23.46802681690642,23.263273537097486,23.365650177001953,773500,0.0,0.0
2011-07-14 00:00:00-04:00,23.45227659071139,23.54677786929643,23.097893040840624,23.1608943939209,675400,0.0,0.0
2011-07-15 00:00:00-04:00,23.21602101110819,23.26327315373539,23.05064301812533,23.25539779663086,777800,0.0,0.0
2011-07-18 00:00:00-04:00,23.247524572174235,23.26327528782822,22.814388904115205,22.948266983032227,658100,0.0,0.0
2011-07-19 00:00:00-04:00,23.050647483971986,23.121524209573707,22.775015940195413,23.027021408081055,789600,0.0,0.0
2011-07-20 00:00:00-04:00,23.121520760914386,23.2317727611521,22.98764268830966,23.137269973754883,523400,0.0,0.0
2011-07-21 00:00:00-04:00,23.223897004928848,23.47590243089988,23.176646363076983,23.3892765045166,722100,0.0,0.0
2011-07-22 00:00:00-04:00,23.42865264062329,23.42865264062329,23.176647205492465,23.216022491455078,672200,0.0,0.0
2011-07-25 00:00:00-04:00,23.034893035888672,23.302649177668087,23.0191423211791,23.034893035888672,639900,0.0,0.0
2011-07-26 00:00:00-04:00,23.121519453912985,23.137268665863214,22.806511181776123,22.830137252807617,985800,0.0,0.0
2011-07-27 00:00:00-04:00,22.782883869244024,22.79863458136828,22.239496317521855,22.247371673583984,1873100,0.0,0.0
2011-07-28 00:00:00-04:00,22.223751489902643,22.50725837492515,22.208002275678822,22.26312828063965,1063400,0.0,0.0
2011-07-29 00:00:00-04:00,22.081992755905958,22.302496707910905,21.688233982102247,22.050491333007812,1024600,0.0,0.0
2011-08-01 00:00:00-04:00,22.397001437424425,22.397001437424425,22.01899183987023,22.089868545532227,792500,0.0,0.0
2011-08-02 00:00:00-04:00,21.987492324417616,22.08986895556825,21.735486922750816,21.766986846923828,1117300,0.0,0.0
2011-08-03 00:00:00-04:00,21.727610527263547,22.286747297717262,21.711859814894837,22.278873443603516,1793100,0.0,0.0
2011-08-04 00:00:00-04:00,21.869368880219668,22.37337977343606,21.656738721367397,21.735490798950195,1477400,0.0,0.0
2011-08-05 00:00:00-04:00,21.963865480533258,21.963865480533258,21.08184660578964,21.585857391357422,1962800,0.0,0.0
2011-08-08 00:00:00-04:00,21.36535853726471,21.36535853726471,20.113206541908788,20.12108039855957,2297800,0.0,0.0
2011-08-09 00:00:00-04:00,20.278576396776725,21.948114221228188,19.995069605324282,21.932363510131836,3204500,0.0,0.0
2011-08-10 00:00:00-04:00,21.614743446176437,22.424701152484232,21.26535117310909,21.2971134185791,2802200,0.23,0.0
2011-08-11 00:00:00-04:00,21.46385714993914,23.01230316605874,21.344744636363497,22.654970169067383,2369100,0.0,0.0
2011-08-12 00:00:00-04:00,22.877313662123626,23.01230655140011,22.28969800132562,22.416749954223633,1667800,0.0,0.0
2011-08-15 00:00:00-04:00,22.583509533558274,23.123481161068256,22.543804846489042,23.083776473999023,1245700,0.0,0.0
2011-08-16 00:00:00-04:00,22.821739490501965,23.09172539763094,22.758213483799825,22.94879150390625,1091000,0.0,0.0
2011-08-17 00:00:00-04:00,23.08378188592434,23.22671576372611,22.694684948896903,22.718507766723633,1064800,0.0,0.0
2011-08-18 00:00:00-04:00,22.392932450248008,22.575569474132585,21.91648678894037,22.154708862304688,2014900,0.0,0.0
2011-08-19 00:00:00-04:00,21.87677885310908,22.0911795960604,21.54326709115551,21.6226749420166,1982500,0.0,0.0
2011-08-22 00:00:00-04:00,21.964127497720067,22.01971253858783,21.686200778802498,21.845016479492188,1442500,0.0,0.0
2011-08-23 00:00:00-04:00,21.956185085649327,22.234111785888672,21.789429974252926,22.234111785888672,1651900,0.0,0.0
2011-08-24 00:00:00-04:00,22.19441508228268,22.909082866265102,22.170592267470926,22.861438751220703,952000,0.0,0.0
2011-08-25 00:00:00-04:00,22.964660350708638,23.05200912831687,22.53585891289943,22.662912368774414,830900,0.0,0.0
2011-08-26 00:00:00-04:00,22.527924293994598,23.06789440231771,22.115004639471984,23.0440731048584,927300,0.0,0.0
2011-08-29 00:00:00-04:00,23.139361080661956,23.441110638325956,23.123480720715627,23.417287826538086,843300,0.0,0.0
2011-08-30 00:00:00-04:00,23.234649731919085,23.607864678419837,23.17906468824651,23.472871780395508,735700,0.0,0.0
2011-08-31 00:00:00-04:00,23.63962681267232,23.67932997984917,23.369641035049217,23.647567749023438,963100,0.0,0.0
2011-09-01 00:00:00-04:00,23.766677985773804,23.82226302383015,23.51257408918554,23.544336318969727,941000,0.0,0.0
2011-09-02 00:00:00-04:00,23.194946126921398,23.62374765162953,23.187006704237692,23.417287826538086,1023200,0.0,0.0
2011-09-06 00:00:00-04:00,23.036135073191637,23.23465398814719,22.893201212090982,23.13936424255371,1112900,0.0,0.0
2011-09-07 00:00:00-04:00,23.361701693050357,23.496694591074686,23.13936000378121,23.472871780395508,1186400,0.0,0.0
2011-09-08 00:00:00-04:00,23.4014075442763,23.766683110316208,23.377586245446516,23.552282333374023,1020200,0.0,0.0
2011-09-09 00:00:00-04:00,23.282297742980493,23.345823734199,22.718504760238613,22.774089813232422,1336000,0.0,0.0
2011-09-12 00:00:00-04:00,22.519983628839817,22.694679708828293,22.313523799083104,22.647035598754883,1121100,0.0,0.0
2011-09-13 00:00:00-04:00,22.623212205523945,22.924961762258295,22.583509033912065,22.893198013305664,908300,0.0,0.0
2011-09-14 00:00:00-04:00,22.98848902723098,23.671393007417553,22.948784338826588,23.449052810668945,1335800,0.0,0.0
2011-09-15 00:00:00-04:00,23.782561285721528,23.838146327114874,23.38552354482186,23.63962745666504,995500,0.0,0.0
2011-09-16 00:00:00-04:00,23.75874214330376,23.88579411883648,23.57610511779785,23.57610511779785,1042900,0.0,0.0
2011-09-19 00:00:00-04:00,23.512580740723315,23.56816579450427,23.28229807268323,23.42523193359375,836200,0.0,0.0
2011-09-20 00:00:00-04:00,23.96520297730748,24.290773867451282,23.679335263199135,23.95726203918457,1826100,0.0,0.0
2011-09-21 00:00:00-04:00,23.901676477569243,24.346358400922522,23.854032364426153,24.05255126953125,1674500,0.0,0.0
2011-09-22 00:00:00-04:00,23.576107210868873,23.94932223280764,23.425232408562074,23.87785530090332,1702400,0.0,0.0
2011-09-23 00:00:00-04:00,23.798440348074603,23.822263156479416,23.42522543720476,23.655508041381836,1331400,0.0,0.0
2011-09-26 00:00:00-04:00,23.933436202136015,24.07637004113832,23.504636199707992,24.036666870117188,1118800,0.0,0.0
2011-09-27 00:00:00-04:00,24.33047513429125,24.64016563846712,24.100194005113256,24.21930503845215,2095600,0.0,0.0
2011-09-28 00:00:00-04:00,24.211362824308026,24.354296662609503,23.885791976878615,23.925495147705078,1111100,0.0,0.0
2011-09-29 00:00:00-04:00,24.298715104292732,24.481352139627624,23.989024572008454,24.108137130737305,2065900,0.0,0.0
2011-09-30 00:00:00-04:00,23.917558218668418,24.306655088731826,23.846091292067076,23.96520233154297,1472000,0.0,0.0
2011-10-03 00:00:00-04:00,24.044606377030256,24.330472523452258,23.242589950561523,23.242589950561523,1551800,0.0,0.0
2011-10-04 00:00:00-04:00,22.932902299994797,23.425229830646874,22.50410227033691,23.385526657104492,2100000,0.0,0.0
2011-10-05 00:00:00-04:00,23.54433543288058,23.59992046884499,22.980542622866004,23.202882766723633,1929600,0.0,0.0
2011-10-06 00:00:00-04:00,23.242597396951673,23.44905727219957,23.07584070308329,23.441116333007812,1557900,0.0,0.0
2011-10-07 00:00:00-04:00,23.568159654851048,23.63962656668873,23.266410134963344,23.321996688842773,1039500,0.0,0.0
2011-10-10 00:00:00-04:00,23.599920312770973,23.917551684030364,23.536394341434818,23.909610748291016,1032300,0.0,0.0
2011-10-11 00:00:00-04:00,23.782566424736373,23.996965700070415,23.742861733319618,23.88579559326172,604500,0.0,0.0
2011-10-12 00:00:00-04:00,23.981086629263228,24.004907930816746,23.306121984628287,23.369647979736328,1550600,0.0,0.0
2011-10-13 00:00:00-04:00,23.298171383341817,23.79843819801691,23.17111944581867,23.74285316467285,1388000,0.0,0.0
2011-10-14 00:00:00-04:00,23.893731571209248,23.996960718304233,23.425226911806806,23.679330825805664,1680500,0.0,0.0
2011-10-17 00:00:00-04:00,23.584050823398574,24.04461470645812,23.584050823398574,23.933443069458008,1006600,0.0,0.0
2011-10-18 00:00:00-04:00,23.996965510228982,24.251070989548648,23.695217430744336,24.108137130737305,949600,0.0,0.0
2011-10-19 00:00:00-04:00,24.155776880619577,24.67986659184065,24.155776880619577,24.330472946166992,1271800,0.0,0.0
2011-10-20 00:00:00-04:00,24.211360489582344,24.592516345245116,24.163716386269183,24.259004592895508,1197100,0.0,0.0
2011-10-21 00:00:00-04:00,24.449588956000053,24.53693624389047,24.12401655986272,24.22724723815918,1285500,0.0,0.0
2011-10-24 00:00:00-04:00,24.235187715329488,24.59252082716936,24.139897976758114,24.560758590698242,859600,0.0,0.0
2011-10-25 00:00:00-04:00,24.409876593958682,24.45752069188522,23.69520906674631,23.74285316467285,1119800,0.0,0.0
2011-10-26 00:00:00-04:00,24.012845466046738,24.07637145215087,23.49669663962829,23.560222625732422,1912200,0.0,0.0
2011-10-27 00:00:00-04:00,24.05255272235801,24.290774817041637,23.56022514154493,24.100196838378906,2100200,0.0,0.0
2011-10-28 00:00:00-04:00,23.96520218184857,24.251069886468326,23.901676193552962,24.163721084594727,847000,0.0,0.0
2011-10-31 00:00:00-04:00,23.981081057270274,24.449585730302438,23.869909455727473,24.243125915527344,1232400,0.0,0.0
2011-11-01 00:00:00-04:00,23.7269704856407,24.084304994364505,23.6158004227393,23.66344451904297,1156200,0.0,0.0
2011-11-02 00:00:00-04:00,24.155782058621448,24.211367113457182,23.822270215027892,23.90167808532715,1138400,0.0,0.0
2011-11-03 00:00:00-04:00,24.155778776885846,24.64016535678269,23.97314176021551,24.616342544555664,978400,0.0,0.0
2011-11-04 00:00:00-04:00,24.49722554089783,24.600454672892905,24.163713823914282,24.2907657623291,836100,0.0,0.0
2011-11-07 00:00:00-05:00,24.425764896142827,24.775158573616782,24.417823958634447,24.7672176361084,1035000,0.0,0.0
2011-11-08 00:00:00-05:00,24.719570133620124,24.775156691957026,24.505170895493194,24.743392944335938,938700,0.0,0.0
2011-11-09 00:00:00-05:00,24.473405838012695,24.663983769802595,24.266946033262276,24.473405838012695,1898300,0.0,0.0
2011-11-10 00:00:00-05:00,24.64810660264061,24.814861746579723,24.46546806910577,24.7672176361084,915600,0.0,0.0
2011-11-11 00:00:00-05:00,24.822800798809805,25.005437803894498,24.687807900577887,24.743392944335938,753500,0.0,0.0
2011-11-14 00:00:00-05:00,24.743395615499445,24.743395615499445,24.51311447870206,24.560758590698242,537000,0.0,0.0
2011-11-15 00:00:00-05:00,24.60840115978108,24.711631829642563,24.33841535109878,24.663986206054688,691700,0.0,0.0
2011-11-16 00:00:00-05:00,24.59198293336382,24.679983361228718,24.343983530872944,24.447982788085938,653800,0.23,0.0
2011-11-17 00:00:00-05:00,24.34398839131343,24.487988565341915,24.103987592639907,24.287988662719727,978100,0.0,0.0
2011-11-18 00:00:00-05:00,24.439985994361585,24.527986434410764,24.295987355023932,24.359987258911133,1124900,0.0,0.0
2011-11-21 00:00:00-05:00,24.20798499458684,24.47198476791355,24.079985196966494,24.319984436035156,1362600,0.0,0.0
2011-11-22 00:00:00-05:00,24.351981605380267,24.375980610268723,24.12798122919577,24.18398094177246,742000,0.0,0.0
2011-11-23 00:00:00-05:00,24.031985750367312,24.159985548499183,23.863985061645508,23.863985061645508,1037800,0.0,0.0
2011-11-25 00:00:00-05:00,23.807984193613546,24.02398441475828,23.7039834089685,23.85598373413086,221000,0.0,0.0
2011-11-28 00:00:00-05:00,24.271988521210194,24.27998870049196,23.86398853310938,23.943988800048828,857000,0.0,0.0
2011-11-29 00:00:00-05:00,24.047982000271084,24.58398166963741,24.047982000271084,24.535982131958008,839500,0.0,0.0
2011-11-30 00:00:00-05:00,24.943989907992883,25.055989373301937,24.519989534371327,24.855989456176758,1565300,0.0,0.0
2011-12-01 00:00:00-05:00,24.90398155370362,25.295982616691134,24.823982831504846,25.11998176574707,795300,0.0,0.0
2011-12-02 00:00:00-05:00,25.30398203122776,25.37598210408001,24.991982732786596,25.111982345581055,820600,0.0,0.0
2011-12-05 00:00:00-05:00,25.383983944082537,25.439983665328782,25.143984702776365,25.303983688354492,1002800,0.0,0.0
2011-12-06 00:00:00-05:00,25.34398688004451,25.399986606374764,25.13598680661922,25.31998634338379,659500,0.0,0.0
2011-12-07 00:00:00-05:00,25.231991441645384,25.231991441645384,24.791990688132547,24.863990783691406,868000,0.0,0.0
2011-12-08 00:00:00-05:00,24.74398767595648,25.095987924411506,24.68798794854098,24.783987045288086,1115200,0.0,0.0
2011-12-09 00:00:00-05:00,24.879991144010784,24.943991059409953,24.62399148241411,24.863990783691406,861700,0.0,0.0
2011-12-12 00:00:00-05:00,24.791989908273944,24.975989468523856,24.639989541777872,24.815990447998047,944100,0.0,0.0
2011-12-13 00:00:00-05:00,24.967987342674885,25.103987338755395,24.695988876392043,24.75998878479004,1063000,0.0,0.0
2011-12-14 00:00:00-05:00,24.751993431917878,24.81599335279527,24.279993443242674,24.29599380493164,1106300,0.0,0.0
2011-12-15 00:00:00-05:00,24.35198352759411,24.903982045888487,24.271983277936453,24.73598289489746,925900,0.0,0.0
2011-12-16 00:00:00-05:00,24.7439843915474,25.13598395730171,24.6959848495451,25.007984161376953,2758400,0.0,0.0
2011-12-19 00:00:00-05:00,24.999983058110804,25.19998292257569,24.73598329805227,24.767982482910156,979400,0.0,0.0
2011-12-20 00:00:00-05:00,25.015987454049466,25.279987256749127,25.015987454049466,25.127986907958984,1031800,0.0,0.0
2011-12-21 00:00:00-05:00,25.199989797483955,25.487990169164824,25.079990151243024,25.43998908996582,877700,0.0,0.0
2011-12-22 00:00:00-05:00,25.5119849885445,25.5119849885445,25.22398619009086,25.463985443115234,1047500,0.0,0.0
2011-12-23 00:00:00-05:00,25.511983210753357,25.751982447053496,25.455983490675187,25.67198371887207,658600,0.0,0.0
2011-12-27 00:00:00-05:00,25.71198218514102,26.22398135183801,25.671982822447024,26.039981842041016,694100,0.0,0.0
2011-12-28 00:00:00-05:00,25.999986769490274,26.10398757105999,25.45598680217275,25.487987518310547,934100,0.0,0.0
2011-12-29 00:00:00-05:00,25.511993085175032,25.791994845696475,25.511993085175032,25.743993759155273,880300,0.0,0.0
2011-12-30 00:00:00-05:00,25.815987229332325,25.91998803090204,25.487987518310547,25.487987518310547,439200,0.0,0.0
2012-01-03 00:00:00-05:00,25.639991236323723,25.75199071242748,25.071992149365045,25.191991806030273,984000,0.0,0.0
2012-01-04 00:00:00-05:00,25.183987005171613,25.303986639821506,25.015987821837395,25.103986740112305,1226700,0.0,0.0
2012-01-05 00:00:00-05:00,25.151993614959956,25.367992396789845,24.999993228882374,25.351993560791016,792400,0.0,0.0
2012-01-06 00:00:00-05:00,25.40798575087373,25.567984744463836,25.239985052844375,25.51998519897461,882800,0.0,0.0
2012-01-09 00:00:00-05:00,25.519989751675553,25.543990291640824,25.207990361518622,25.455989837646484,778100,0.0,0.0
2012-01-10 00:00:00-05:00,25.511982072147827,25.591982322636756,25.103982167944377,25.111982345581055,907200,0.0,0.0
2012-01-11 00:00:00-05:00,25.327985038108284,25.73598345628608,25.327985038108284,25.391984939575195,830000,0.0,0.0
2012-01-12 00:00:00-05:00,25.439990657036713,25.575990671388073,25.199991349771196,25.55999183654785,818700,0.0,0.0
2012-01-13 00:00:00-05:00,25.431987819318945,25.631987717768908,25.23198792086898,25.543987274169922,614200,0.0,0.0
2012-01-17 00:00:00-05:00,25.75999188262541,25.911990732493965,25.62399034178994,25.8959903717041,875600,0.0,0.0
2012-01-18 00:00:00-05:00,25.983987029765533,25.983987029765533,25.471987766401696,25.95198631286621,927200,0.0,0.0
2012-01-19 00:00:00-05:00,25.999982681529428,26.383982059538248,25.679981673977522,26.343982696533203,1150300,0.0,0.0
2012-01-20 00:00:00-05:00,26.27998430107716,26.519986610260876,26.079984411261485,26.31198501586914,970900,0.0,0.0
2012-01-23 00:00:00-05:00,26.367988184781883,26.503989714532796,25.93598763393526,26.319990158081055,732600,0.0,0.0
2012-01-24 00:00:00-05:00,26.191994077094584,26.191994077094584,25.767992119517736,26.127992630004883,663300,0.0,0.0
2012-01-25 00:00:00-05:00,26.15198790935857,26.327988811945684,25.84799023439823,26.319990158081055,623600,0.0,0.0
2012-01-26 00:00:00-05:00,26.471983115259746,26.791984130379607,26.415983395377147,26.71998405456543,1582400,0.0,0.0
2012-01-27 00:00:00-05:00,26.759987266889468,26.823985648063584,26.559987366616387,26.77598762512207,1026600,0.0,0.0
2012-01-30 00:00:00-05:00,26.535988358198946,26.855989456176758,26.335988434901974,26.855989456176758,995700,0.0,0.0
2012-01-31 00:00:00-05:00,27.079984997530076,27.151985082957516,26.743986633372852,26.983985900878906,1070800,0.0,0.0
2012-02-01 00:00:00-05:00,27.169248906108727,27.378678578543795,26.88732789249451,27.12897491455078,1170500,0.23,0.0
2012-02-02 00:00:00-05:00,27.18535953720739,27.298127944395016,26.879271665763376,27.153139114379883,1265100,0.0,0.0
2012-02-03 00:00:00-05:00,27.30618402541741,27.38673200812257,27.137028345402836,27.314237594604492,677100,0.0,0.0
2012-02-06 00:00:00-05:00,27.25785678556961,27.3706252044791,27.06453730121837,27.282020568847656,514000,0.0,0.0
2012-02-07 00:00:00-05:00,27.09675773221509,27.684766682854146,26.992042883476664,27.620328903198242,788400,0.0,0.0
2012-02-08 00:00:00-05:00,27.72503703837951,27.926410066511988,27.580051285016,27.76531410217285,927700,0.0,0.0
2012-02-09 00:00:00-05:00,27.77337707621991,27.781433720790226,27.507566186881803,27.61227798461914,836200,0.0,0.0
2012-02-10 00:00:00-05:00,27.571993748179345,27.64448815886219,27.2256319052178,27.378677368164062,620200,0.0,0.0
2012-02-13 00:00:00-05:00,27.44312045850559,27.700877730310914,27.322295393036633,27.34646224975586,839400,0.0,0.0
2012-02-14 00:00:00-05:00,27.362570972241492,27.427008750326834,27.137031067170575,27.370624542236328,771800,0.0,0.0
2012-02-15 00:00:00-05:00,27.38673600118191,27.57199884658247,26.903441889068194,27.120922088623047,1222300,0.0,0.0
2012-02-16 00:00:00-05:00,27.104812328846222,27.507558407594555,27.08870211697124,27.467281341552734,643300,0.0,0.0
2012-02-17 00:00:00-05:00,27.604215154117288,27.765314191684343,27.225632876740992,27.241743087768555,933400,0.0,0.0
2012-02-21 00:00:00-05:00,27.241743132324345,27.31423754571266,26.943711909598413,26.983985900878906,770300,0.0,0.0
2012-02-22 00:00:00-05:00,27.02426272162746,27.233692414547242,26.919547875167567,27.11286735534668,596600,0.0,0.0
2012-02-23 00:00:00-05:00,27.072593049753607,27.580053990790926,26.919547566824733,27.4833927154541,716100,0.0,0.0
2012-02-24 00:00:00-05:00,27.402839560782866,27.507554386307778,27.040367528356846,27.322288513183594,1087400,0.0,0.0
2012-02-27 00:00:00-05:00,27.15313739892078,27.700872261549442,27.120916978128868,27.306182861328125,1119700,0.0,0.0
2012-02-28 00:00:00-05:00,27.53172837721334,27.547838592709333,27.07259799006064,27.16925621032715,1320200,0.0,0.0
2012-02-29 00:00:00-05:00,27.19342157554099,27.66060863391225,26.983994907356713,27.61227798461914,3400300,0.0,0.0
2012-03-01 00:00:00-05:00,27.733093398072203,27.749203608883928,27.33034734590468,27.53977394104004,1221900,0.0,0.0
2012-03-02 00:00:00-05:00,26.782616251713264,27.394788985474765,26.685958045900176,27.290077209472656,1362500,0.0,0.0
2012-03-05 00:00:00-05:00,27.265904096444622,27.507554164586367,27.024257101011138,27.443113327026367,879400,0.0,0.0
2012-03-06 00:00:00-05:00,27.314241070637166,27.386735493380943,26.903441390228398,27.032320022583008,916100,0.0,0.0
2012-03-07 00:00:00-05:00,27.04842416898689,27.386729350772935,26.83899451794081,27.330345153808594,964600,0.0,0.0
2012-03-08 00:00:00-05:00,27.394787819518072,27.427008244320746,27.137030566514337,27.27396583557129,802500,0.0,0.0
2012-03-09 00:00:00-05:00,27.23368896470698,27.402841567993164,27.120917489807688,27.402841567993164,600000,0.0,0.0
2012-03-12 00:00:00-04:00,27.42700734821965,27.588106394260727,27.346459361553475,27.467281341552734,886400,0.0,0.0
2012-03-13 00:00:00-04:00,27.588104020551224,27.7089290628633,27.402841208992246,27.70087242126465,783100,0.0,0.0
2012-03-14 00:00:00-04:00,27.628377948409508,27.708929000672924,27.23368854679837,27.378677368164062,603400,0.0,0.0
2012-03-15 00:00:00-04:00,27.314238013792924,27.612269241626176,27.169249184531637,27.338401794433594,665900,0.0,0.0
2012-03-16 00:00:00-04:00,27.338402028783797,27.38673266318807,27.104811644268125,27.22563362121582,1123300,0.0,0.0
2012-03-19 00:00:00-04:00,27.145085595807558,27.32229177627305,26.855107935234834,26.895381927490234,880600,0.0,0.0
2012-03-20 00:00:00-04:00,26.790667504902142,27.07259160047904,26.750393512022214,26.927602767944336,502800,0.0,0.0
2012-03-21 00:00:00-04:00,26.9839862262632,27.064534209795468,26.85510760898641,26.94371223449707,581000,0.0,0.0
2012-03-22 00:00:00-04:00,26.89538391911548,27.000098764900663,26.669847087617132,26.975934982299805,855400,0.0,0.0
2012-03-23 00:00:00-04:00,26.943713576030547,27.16119682964654,26.863162515779013,27.096755981445312,581100,0.0,0.0
2012-03-26 00:00:00-04:00,27.201468543307186,27.42700534768876,27.17730476361159,27.402841567993164,607600,0.0,0.0
2012-03-27 00:00:00-04:00,27.394791805467722,27.467286235467284,27.265913160213977,27.41895866394043,581200,0.0,0.0
2012-03-28 00:00:00-04:00,27.265911017291828,27.386736082031465,27.024263960521594,27.201473236083984,525900,0.0,0.0
2012-03-29 00:00:00-04:00,27.145087469901796,27.563943778234787,27.016208842161557,27.4833927154541,983600,0.0,0.0
2012-03-30 00:00:00-04:00,27.459226935422077,27.53977491963435,27.34645852844144,27.41089630126953,837900,0.0,0.0
2012-04-02 00:00:00-04:00,27.45923256469453,27.741153639941277,27.346464134595834,27.668659210205078,736800,0.0,0.0
2012-04-03 00:00:00-04:00,27.56393991975254,27.797530287345708,27.483388868247626,27.741146087646484,814300,0.0,0.0
2012-04-04 00:00:00-04:00,27.50756131281145,27.620329735137645,27.306188252169225,27.34646224975586,1143400,0.0,0.0
2012-04-05 00:00:00-04:00,27.273958523646726,27.386726907514976,27.137023291300984,27.233684539794922,749600,0.0,0.0
2012-04-09 00:00:00-04:00,26.919545056663257,27.06453388343989,26.895381276436677,26.983985900878906,545300,0.0,0.0
2012-04-10 00:00:00-04:00,27.000096817007687,27.064534590197475,26.516799690895333,26.637624740600586,1029300,0.0,0.0
2012-04-11 00:00:00-04:00,26.838998196726468,26.927602824874857,26.637625159192382,26.661788940429688,800400,0.0,0.0
2012-04-12 00:00:00-04:00,26.67789563525283,26.89537885584422,26.56512724073321,26.879268646240234,465000,0.0,0.0
2012-04-13 00:00:00-04:00,26.863160382849564,27.056479839394953,26.60540315592806,26.62151336669922,890600,0.0,0.0
2012-04-16 00:00:00-04:00,26.621514529125974,26.790667140546404,26.565130325319167,26.637624740600586,1073900,0.0,0.0
2012-04-17 00:00:00-04:00,26.669842066804986,27.000093681915995,26.589291018785048,26.879268646240234,913300,0.0,0.0
2012-04-18 00:00:00-04:00,26.863049520740976,27.29292531747234,26.62783796483208,27.041488647460938,1227900,0.23,0.0
2012-04-19 00:00:00-04:00,27.041488667419376,27.203705774190524,26.911715600809252,27.025266647338867,538600,0.0,0.0
2012-04-20 00:00:00-04:00,27.114483038629437,27.487580174730507,27.06581698408137,27.39025115966797,810400,0.0,0.0
2012-04-23 00:00:00-04:00,27.203708593815744,27.27670614472715,26.749501266585384,26.895496368408203,785600,0.0,0.0
2012-04-24 00:00:00-04:00,27.00093209466816,27.309141159057617,26.984710076431824,27.309141159057617,825700,0.0,0.0
2012-04-25 00:00:00-04:00,27.47946526082257,27.601125732005315,27.309135650713944,27.584903717041016,549000,0.0,0.0
2012-04-26 00:00:00-04:00,27.511911552232657,27.820123708485415,27.422695093611484,27.78767967224121,583900,0.0,0.0
2012-04-27 00:00:00-04:00,27.779572989451665,28.112116659140682,27.71468491047142,28.047231674194336,588300,0.0,0.0
2012-04-30 00:00:00-04:00,27.966125283545292,28.02290081316402,27.609250083936942,27.771467208862305,1184300,0.0,0.0
2012-05-01 00:00:00-04:00,27.852564347236402,28.29865896206142,27.722791312123064,27.958005905151367,849300,0.0,0.0
2012-05-02 00:00:00-04:00,27.909348359660267,28.071565476481755,27.60924870466272,27.8282413482666,816100,0.0,0.0
2012-05-03 00:00:00-04:00,27.933679467324144,28.20133817057284,27.65791130065918,27.65791130065918,995000,0.0,0.0
2012-05-04 00:00:00-04:00,27.698467899842885,27.933679467324144,27.495697280060824,27.65791130065918,1048000,0.0,0.0
2012-05-07 00:00:00-04:00,27.57679425657536,27.609238286503956,27.309135650713944,27.584903717041016,1079900,0.0,0.0
2012-05-08 00:00:00-04:00,27.374020731027567,27.55245978217953,27.26046973267001,27.471349716186523,976900,0.0,0.0
2012-05-09 00:00:00-04:00,27.4389250286463,27.722802692605914,27.187488316257436,27.601139068603516,826300,0.0,0.0
2012-05-10 00:00:00-04:00,27.730902750224427,28.022892873554873,27.666017775058457,27.87689781188965,799800,0.0,0.0
2012-05-11 00:00:00-04:00,27.73091679915586,28.014797604671713,27.584921663527137,27.844470977783203,632800,0.0,0.0
2012-05-14 00:00:00-04:00,27.641694075070262,27.730910554276655,27.406479399078297,27.463254928588867,688700,0.0,0.0
2012-05-15 00:00:00-04:00,27.45513803100776,27.576801628748118,27.301033488699282,27.406475067138672,644900,0.0,0.0
2012-05-16 00:00:00-04:00,27.49570041228284,27.568697967481395,27.365927324600353,27.37403678894043,473500,0.0,0.0
2012-05-17 00:00:00-04:00,27.276698912234387,27.34158388804327,26.976596230263716,26.984708786010742,531700,0.0,0.0
2012-05-18 00:00:00-04:00,26.976602948874824,27.106376026846466,26.725169350699023,26.773832321166992,821600,0.0,0.0
2012-05-21 00:00:00-04:00,26.83060374741935,26.9684862521439,26.579167122645078,26.911710739135742,857200,0.0,0.0
2012-05-22 00:00:00-04:00,27.00093239237567,27.276700517366653,26.846824764448165,27.15503692626953,772400,0.0,0.0
2012-05-23 00:00:00-04:00,27.01716008219423,27.1793741123306,26.87116497984406,27.1712646484375,957000,0.0,0.0
2012-05-24 00:00:00-04:00,27.26859381219025,27.787686136723963,27.17126477484876,27.771467208862305,770200,0.0,0.0
2012-05-25 00:00:00-04:00,27.77146621290594,27.77146621290594,27.6011365361239,27.625471115112305,383200,0.0,0.0
2012-05-29 00:00:00-04:00,27.795804901228628,27.885024494561183,27.64170029985831,27.844470977783203,416700,0.0,0.0
2012-05-30 00:00:00-04:00,27.730911008949676,27.90935015835674,27.52003090931489,27.568696975708008,609100,0.0,0.0
2012-05-31 00:00:00-04:00,27.66602243418289,27.901237083592136,27.511914790898366,27.747129440307617,585900,0.0,0.0
2012-06-01 00:00:00-04:00,27.552465157229772,28.160776847702376,27.438914136720207,27.70656967163086,1144200,0.0,0.0
2012-06-04 00:00:00-04:00,27.779561778894642,27.812005805291843,27.390242744226168,27.471349716186523,853900,0.0,0.0
2012-06-05 00:00:00-04:00,27.45513491472911,27.779569075856145,27.341583886544687,27.739015579223633,657700,0.0,0.0
2012-06-06 00:00:00-04:00,27.917459958862263,28.371667301902306,27.755245923665612,28.347335815429688,713000,0.0,0.0
2012-06-07 00:00:00-04:00,28.38787996641466,28.38787996641466,27.820121748279693,27.83634376525879,985300,0.0,0.0
2012-06-08 00:00:00-04:00,27.730902201911334,27.87689726068985,27.609241715618154,27.83634376525879,1487300,0.0,0.0
2012-06-11 00:00:00-04:00,27.97423527199086,27.97423527199086,27.414586397105545,27.438920974731445,720000,0.0,0.0
2012-06-12 00:00:00-04:00,27.503808887183855,27.593028461887386,27.34159175990783,27.568696975708008,775800,0.0,0.0
2012-06-13 00:00:00-04:00,27.552472650444706,27.60113561873569,27.309145432853395,27.414587020874023,921800,0.0,0.0
2012-06-14 00:00:00-04:00,27.503803780027894,27.682242896300767,27.455137722671537,27.560579299926758,735000,0.0,0.0
2012-06-15 00:00:00-04:00,27.487587314019958,27.560584867784755,27.26859465272557,27.33348274230957,1185100,0.0,0.0
2012-06-18 00:00:00-04:00,27.406475553414293,27.584911580823324,27.228036431971393,27.495695114135742,619800,0.0,0.0
2012-06-19 00:00:00-04:00,27.633580973990437,27.739022567023774,27.382144281075323,27.422700881958008,852100,0.0,0.0
2012-06-20 00:00:00-04:00,27.38214912508104,27.414593173912962,27.073939943282138,27.211822509765625,939600,0.0,0.0
2012-06-21 00:00:00-04:00,27.374041095554634,27.52003622892039,27.138826370239258,27.138826370239258,745400,0.0,0.0
2012-06-22 00:00:00-04:00,27.163152250957992,27.301034780489626,27.01715716437511,27.041488647460938,1131800,0.0,0.0
2012-06-25 00:00:00-04:00,26.8792743466463,26.97660338318342,26.562952657374957,26.895496368408203,674400,0.0,0.0
2012-06-26 00:00:00-04:00,26.927937640788272,27.10637367373782,26.79816457408225,27.009044647216797,814700,0.0,0.0
2012-06-27 00:00:00-04:00,27.106371060606328,27.503802779474075,27.03337661827791,27.398361206054688,561500,0.0,0.0
2012-06-28 00:00:00-04:00,27.26048587185198,27.60925162702207,27.195597780641503,27.601139068603516,553400,0.0,0.0
2012-06-29 00:00:00-04:00,27.99856663707368,28.063451624388712,27.633578914570315,27.803905487060547,1024000,0.0,0.0
2012-07-02 00:00:00-04:00,27.885020031140876,28.17701025566086,27.82013193945443,28.12023162841797,766800,0.0,0.0
2012-07-03 00:00:00-04:00,28.10389028777269,28.447017669677734,27.817947686345168,28.447017669677734,491500,0.25,0.0
2012-07-05 00:00:00-04:00,28.447020132720485,28.447020132720485,28.128400931505304,28.365324020385742,465000,0.0,0.0
2012-07-06 00:00:00-04:00,28.35715675354004,28.447024360368058,28.185593022236027,28.35715675354004,808800,0.0,0.0
2012-07-09 00:00:00-04:00,28.29995609945973,28.520539276023797,28.275447896454608,28.455183029174805,418800,0.0,0.0
2012-07-10 00:00:00-04:00,28.594069767176173,28.839161170450712,28.528710397499612,28.643089294433594,790700,0.0,0.0
2012-07-11 00:00:00-04:00,28.741130293765593,28.741130293765593,28.324472029969552,28.512378692626953,611400,0.0,0.0
2012-07-12 00:00:00-04:00,28.38983302287027,28.659435810809377,28.348984965563222,28.528717041015625,458900,0.0,0.0
2012-07-13 00:00:00-04:00,28.594071025579748,29.0025577545166,28.545051496165016,29.0025577545166,553400,0.0,0.0
2012-07-16 00:00:00-04:00,29.00254847597736,29.00254847597736,28.741117302415745,28.961700439453125,557400,0.0,0.0
2012-07-17 00:00:00-04:00,29.002553409514412,29.263984627547305,28.855497959807664,29.08424949645996,658100,0.0,0.0
2012-07-18 00:00:00-04:00,29.043405586928067,29.411044263523387,28.961709488354167,29.402875900268555,796200,0.0,0.0
2012-07-19 00:00:00-04:00,29.411052578270304,29.411052578270304,29.141449767046,29.353864669799805,300500,0.0,0.0
2012-07-20 00:00:00-04:00,29.247655574645727,29.533598217434946,29.182299304284285,29.468238830566406,482400,0.0,0.0
2012-07-23 00:00:00-04:00,29.304840507695733,29.770515184128776,29.010729529631334,29.68065071105957,860200,0.0,0.0
2012-07-24 00:00:00-04:00,29.672480306611106,29.672480306611106,29.37020095330532,29.62346076965332,583800,0.0,0.0
2012-07-25 00:00:00-04:00,29.67247602869942,29.696984235391493,29.059745929346036,29.116933822631836,689000,0.0,0.0
2012-07-26 00:00:00-04:00,29.329349231758417,29.500912914907797,29.00255859256355,29.345685958862305,652300,0.0,0.0
2012-07-27 00:00:00-04:00,29.541764523209228,30.007439214410955,29.411048875091318,29.925743103027344,1139500,0.0,0.0
2012-07-30 00:00:00-04:00,29.90122130622932,30.195332190635806,29.811356861776932,29.9910888671875,546200,0.0,0.0
2012-07-31 00:00:00-04:00,29.92574434870039,30.015611944867274,29.590785291673747,29.615293502807617,772400,0.0,0.0
2012-08-01 00:00:00-04:00,29.7051610989745,30.228023713210536,29.54176575289899,29.615293502807617,942800,0.0,0.0
2012-08-02 00:00:00-04:00,29.664313041582375,29.7705173675005,29.370202041947856,29.615293502807617,757700,0.0,0.0
2012-08-03 00:00:00-04:00,30.652844839277726,32.17241598571866,29.78685184278277,30.734540939331055,1175000,0.0,0.0
2012-08-06 00:00:00-04:00,30.971476763982217,31.36362381565543,30.808081379991446,31.17572021484375,932100,0.0,0.0
2012-08-07 00:00:00-04:00,31.322762581675693,31.445309847280672,30.938784058186094,30.955123901367188,839800,0.0,0.0
2012-08-08 00:00:00-04:00,30.84075413368233,30.90611351916053,30.146327803765146,30.399587631225586,1506100,0.0,0.0
2012-08-09 00:00:00-04:00,30.473110907591035,31.036824616801777,30.448602699888507,30.938785552978516,1110900,0.0,0.0
2012-08-10 00:00:00-04:00,31.028654099854457,31.044993944332273,30.791731029686108,30.873430252075195,929100,0.0,0.0
2012-08-13 00:00:00-04:00,30.955127029652267,31.036826253814144,30.734543799175306,30.97963523864746,562900,0.0,0.0
2012-08-14 00:00:00-04:00,30.92244234572719,31.224724751544628,30.92244234572719,31.134857177734375,750300,0.0,0.0
2012-08-15 00:00:00-04:00,31.208382761883243,31.363606577279572,31.175703079745272,31.3309268951416,792000,0.0,0.0
2012-08-16 00:00:00-04:00,31.3309446935277,31.44532364598664,30.906121050425664,31.06951332092285,1185700,0.0,0.0
2012-08-17 00:00:00-04:00,31.07766635308269,31.118514396454902,30.799895295043346,30.865251541137695,757400,0.0,0.0
2012-08-20 00:00:00-04:00,30.848922619622318,30.96330154465783,30.35057132767785,30.636510848999023,1065900,0.0,0.0
2012-08-21 00:00:00-04:00,30.677356872819146,30.865260419586868,30.40775721580697,30.424097061157227,946800,0.0,0.0
2012-08-22 00:00:00-04:00,30.31789245929947,30.5711522946407,30.244364706602017,30.489456176757812,810500,0.0,0.0
2012-08-23 00:00:00-04:00,30.473113069432063,30.48128455025033,30.20351341605844,30.407756805419922,812300,0.0,0.0
2012-08-24 00:00:00-04:00,30.39142033958344,30.62834344554843,30.342400798743643,30.54664421081543,498600,0.0,0.0
2012-08-27 00:00:00-04:00,30.546641903900014,30.685529034203636,30.43226610041874,30.554813385009766,369200,0.0,0.0
2012-08-28 00:00:00-04:00,30.595665385945242,30.718209569829817,30.448609872077906,30.61200523376465,432100,0.0,0.0
2012-08-29 00:00:00-04:00,30.611998551321964,30.742714188835343,30.448603225303586,30.522130966186523,521800,0.0,0.0
2012-08-30 00:00:00-04:00,30.473118018934507,30.546645775707432,30.187178473988297,30.219858169555664,581300,0.0,0.0
2012-08-31 00:00:00-04:00,30.30972019461406,30.40775927334943,30.08096857724562,30.121816635131836,819600,0.0,0.0
2012-09-04 00:00:00-04:00,30.228027961791387,30.661023040718447,30.08097244130532,30.53847885131836,772800,0.0,0.0
2012-09-05 00:00:00-04:00,30.432272571015037,30.48946048491513,29.999277475340733,30.170841217041016,881800,0.0,0.0
2012-09-06 00:00:00-04:00,30.32606106194379,30.783567428588867,30.285213002682497,30.783567428588867,896900,0.0,0.0
2012-09-07 00:00:00-04:00,30.791732797695943,30.832583969489427,30.334229592074667,30.45677375793457,1205700,0.0,0.0
2012-09-10 00:00:00-04:00,30.55481092941024,30.636507034900646,30.366904277070326,30.48128318786621,858800,0.0,0.0
2012-09-11 00:00:00-04:00,30.448608245642973,30.59566375165523,30.358740645690244,30.54664421081543,681200,0.0,0.0
2012-09-12 00:00:00-04:00,30.930619925478723,30.930619925478723,30.358737801945278,30.45677375793457,733600,0.0,0.0
2012-09-13 00:00:00-04:00,30.55481995616034,30.55481995616034,30.228029204642258,30.38325309753418,1205700,0.0,0.0
2012-09-14 00:00:00-04:00,30.35055959817232,30.35055959817232,29.25581524225761,29.296663284301758,2250200,0.0,0.0
2012-09-17 00:00:00-04:00,29.288497502489236,29.484572505545156,29.043406086049174,29.116933822631836,1254000,0.0,0.0
2012-09-18 00:00:00-04:00,29.00256116086803,29.533595217458465,29.00256116086803,29.50091552734375,1048100,0.0,0.0
2012-09-19 00:00:00-04:00,29.615293354633547,29.852216449432294,29.517257394081547,29.713329315185547,788800,0.0,0.0
2012-09-20 00:00:00-04:00,30.05644822661374,30.178992350779247,29.8276935851277,29.9910888671875,1240800,0.0,0.0
2012-09-21 00:00:00-04:00,30.04829788408161,30.350580459291574,29.98294159519025,30.07280921936035,831700,0.0,0.0
2012-09-24 00:00:00-04:00,29.982924682286345,30.55480669090883,29.982924682286345,30.46493911743164,759300,0.0,0.0
2012-09-25 00:00:00-04:00,30.448608698701918,30.636512266623008,30.162666047642457,30.228025436401367,738900,0.0,0.0
2012-09-26 00:00:00-04:00,30.26069980161604,30.366904114885013,29.966588837010733,30.064624786376953,698200,0.0,0.0
2012-09-27 00:00:00-04:00,30.040131932442925,30.162676152659536,29.77052903825157,30.146339416503906,664800,0.0,0.0
2012-09-28 00:00:00-04:00,30.089131255017517,30.309711326365466,29.966584000707645,30.277034759521484,643800,0.0,0.0
2012-10-01 00:00:00-04:00,30.21168274317767,30.34239839187449,29.835875642737676,29.98293113708496,628900,0.0,0.0
2012-10-02 00:00:00-04:00,30.170834541853754,30.375077936739572,29.868555190044667,30.08096694946289,669600,0.0,0.0
2012-10-03 00:00:00-04:00,30.105470131046815,30.3015451286498,29.974754504813614,30.21167755126953,562000,0.0,0.0
2012-10-04 00:00:00-04:00,30.277038441131545,30.473110332061815,30.113643121018644,30.37507438659668,609500,0.0,0.0
2012-10-05 00:00:00-04:00,30.45677363535091,30.562981071874173,30.277041569511734,30.424097061157227,361500,0.0,0.0
2012-10-08 00:00:00-04:00,30.317893699641317,30.383249973320005,30.195346401296295,30.358741760253906,302900,0.0,0.0
2012-10-09 00:00:00-04:00,30.415927790131477,30.473115694759013,29.835877262333845,30.023780822753906,532900,0.0,0.0
2012-10-10 00:00:00-04:00,29.942079821587704,30.26069898581826,29.82770091448624,30.056455612182617,532700,0.0,0.0
2012-10-11 00:00:00-04:00,30.244353901935764,30.244353901935764,29.852207066477845,29.95024299621582,617800,0.0,0.0
2012-10-12 00:00:00-04:00,29.884892580643697,30.040116426063175,29.55810192906871,29.67247772216797,776900,0.0,0.0
2012-10-15 00:00:00-04:00,29.721497392026812,29.729665755925904,29.468234480062005,29.57444190979004,714200,0.0,0.0
2012-10-16 00:00:00-04:00,29.713326873316554,29.778686252651255,29.411047535160403,29.664310455322266,929500,0.0,0.0
2012-10-17 00:00:00-04:00,29.795023830751315,30.53846957333693,29.672476562075218,30.47311019897461,734600,0.0,0.0
2012-10-18 00:00:00-04:00,30.464948245466093,30.579324058159102,30.277044679397985,30.4486083984375,616100,0.0,0.0
2012-10-19 00:00:00-04:00,30.35056943749069,30.562981194885303,30.228022155123934,30.45677375793457,869000,0.0,0.0
2012-10-22 00:00:00-04:00,30.51396497095364,30.59566420690228,30.219857071060098,30.228025436401367,1139400,0.0,0.0
2012-10-23 00:00:00-04:00,30.105475720673184,30.203514795930584,29.7133287691644,29.819536209106445,1080800,0.0,0.0
2012-10-24 00:00:00-04:00,29.795030691787684,30.162666349460093,29.558107579926673,30.007442474365234,626900,0.0,0.0
2012-10-25 00:00:00-04:00,30.121811857903516,30.1789997531758,29.860380589085498,30.031944274902344,568300,0.0,0.0
2012-10-26 00:00:00-04:00,29.98292267829715,30.06461876699446,29.80318754335585,29.95024299621582,463200,0.0,0.0
2012-10-31 00:00:00-04:00,29.819538506792163,30.1299893693479,29.647974786632616,30.015613555908203,801600,0.0,0.0
2012-11-01 00:00:00-04:00,30.0646205357683,30.170827950528054,29.62345415123351,29.893056869506836,683700,0.0,0.0
2012-11-02 00:00:00-04:00,30.080967510112302,30.12181556654942,29.762348306793097,29.819536209106445,554100,0.0,0.0
2012-11-05 00:00:00-05:00,29.737840096232215,30.023779607798957,29.451897468158542,29.819536209106445,410800,0.0,0.0
2012-11-06 00:00:00-05:00,29.844036771190797,30.505786335302812,29.66430474562811,30.43225860595703,677900,0.0,0.0
2012-11-07 00:00:00-05:00,30.391418065684057,30.391418065684057,29.737839819256777,29.860383987426758,1087000,0.0,0.0
2012-11-08 00:00:00-05:00,29.770516671477747,30.432266405183977,29.590784599853055,29.819536209106445,642100,0.0,0.0
2012-11-09 00:00:00-05:00,29.713328492417254,30.023779328160302,29.598952688855846,29.860383987426758,632100,0.0,0.0
2012-11-12 00:00:00-05:00,29.91757449141156,30.02378193960223,29.57444705088241,29.835878372192383,545400,0.0,0.0
2012-11-13 00:00:00-05:00,29.60712403664497,30.252530799050383,29.590784190994505,29.98293113708496,567000,0.0,0.0
2012-11-14 00:00:00-05:00,30.007611289553246,30.18857924999533,29.571646444360066,30.03228759765625,1169800,0.25,0.0
2012-11-15 00:00:00-05:00,30.09808906013378,30.23792562771067,29.966476880933588,30.130992889404297,1768700,0.0,0.0
2012-11-16 00:00:00-05:00,30.14744500613656,30.640989896975356,30.032281602917745,30.46002197265625,1306000,0.0,0.0
2012-11-19 00:00:00-05:00,30.805512545179056,30.81373693538325,30.33664385647579,30.427127838134766,712700,0.0,0.0
2012-11-20 00:00:00-05:00,30.32018766576814,30.690347930448965,30.32018766576814,30.665668487548828,859800,0.0,0.0
2012-11-21 00:00:00-05:00,30.756156184861474,30.84664016473924,30.377771485265807,30.657447814941406,791700,0.0,0.0
2012-11-23 00:00:00-05:00,30.608090547590606,30.84663863949446,30.336641759261877,30.55051040649414,382300,0.0,0.0
2012-11-26 00:00:00-05:00,30.410674929015283,30.846639766932206,30.410674929015283,30.76438331604004,953500,0.0,0.0
2012-11-27 00:00:00-05:00,30.673895349804024,31.011151775231408,30.50115494265679,30.88776397705078,751000,0.0,0.0
2012-11-28 00:00:00-05:00,30.69856627076716,31.18388671374921,30.53405028133771,31.08517837524414,699100,0.0,0.0
2012-11-29 00:00:00-05:00,31.068726919396966,31.364855077148412,30.90421092754821,31.24969482421875,638000,0.0,0.0
2012-11-30 00:00:00-05:00,31.37308599293047,31.47179435342673,31.134537912005822,31.397762298583984,1046800,0.0,0.0
2012-12-03 00:00:00-05:00,31.076959153393698,31.397763692662096,31.076959153393698,31.22502326965332,659400,0.0,0.0
2012-12-04 00:00:00-05:00,31.331952285475754,31.38130802602409,31.109856159830734,31.233243942260742,621400,0.0,0.0
2012-12-05 00:00:00-05:00,31.159215091171713,31.23324714063448,30.632766356272917,31.192115783691406,1062600,0.0,0.0
2012-12-06 00:00:00-05:00,31.257921200844834,31.257921200844834,30.706796201644757,30.945341110229492,916800,0.0,0.0
2012-12-07 00:00:00-05:00,31.02760231409093,31.167438883800894,30.813730558452033,31.060503005981445,544000,0.0,0.0
2012-12-10 00:00:00-05:00,31.150984262711294,31.41420860225963,31.019372092937125,31.315500259399414,639900,0.0,0.0
2012-12-11 00:00:00-05:00,31.39776001687887,31.455343289022778,30.970022773185082,31.192115783691406,728600,0.0,0.0
2012-12-12 00:00:00-05:00,31.348409687276956,31.669214212301455,31.208569966848568,31.397762298583984,974400,0.0,0.0
2012-12-13 00:00:00-05:00,31.364855757037354,31.389532058091028,30.9453398118352,31.07695198059082,781900,0.0,0.0
2012-12-14 00:00:00-05:00,31.00291669404387,31.11808007529571,30.7314679972249,30.805500030517578,723200,0.0,0.0
2012-12-17 00:00:00-05:00,30.887765629911602,31.315506045176345,30.690348907716935,31.274377822875977,1106300,0.0,0.0
2012-12-18 00:00:00-05:00,31.3157737539304,31.564179579153755,31.117050357212293,31.2578125,922800,0.25,0.0
2012-12-19 00:00:00-05:00,31.199852695121713,31.27437476201498,30.761002278223348,30.868642807006836,1562300,0.0,0.0
2012-12-20 00:00:00-05:00,30.868647157339392,30.926608422130265,30.6368020981759,30.74444580078125,1098300,0.0,0.0
2012-12-21 00:00:00-05:00,30.57883615892985,30.876924422945173,30.363548786629206,30.678197860717773,2558300,0.0,0.0
2012-12-24 00:00:00-05:00,30.620232912864452,30.976282389880996,30.438067182674267,30.876920700073242,342500,0.0,0.0
2012-12-26 00:00:00-05:00,30.885207204094637,30.885207204094637,30.421517097265614,30.529157638549805,698200,0.0,0.0
2012-12-27 00:00:00-05:00,30.479475298189563,30.71132032830941,30.28074873047852,30.471193313598633,762800,0.0,0.0
2012-12-28 00:00:00-05:00,30.50431731892837,30.661640293284663,30.322151547509165,30.42151641845703,605500,0.0,0.0
2012-12-31 00:00:00-05:00,30.454636318174853,30.83552869078177,30.272473696825838,30.74444580078125,947800,0.0,0.0
2013-01-02 00:00:00-05:00,31.1915608724184,31.46480941772461,31.05079876749139,31.46480941772461,1099100,0.0,0.0
2013-01-03 00:00:00-05:00,31.5641736755613,31.655256531459553,31.290928266517387,31.55589485168457,945500,0.0,0.0
2013-01-04 00:00:00-05:00,31.514494186443713,31.68009593198406,31.464811767591115,31.580734252929688,820000,0.0,0.0
2013-01-07 00:00:00-05:00,31.464825470739623,31.49794709773272,30.992853341370704,31.04253578186035,1046200,0.0,0.0
2013-01-08 00:00:00-05:00,31.001117688093927,31.19156221636882,30.885195206417972,30.910037994384766,1001400,0.0,0.0
2013-01-09 00:00:00-05:00,30.976283095264833,31.083926770887647,30.885200228095627,30.984561920166016,843500,0.0,0.0
2013-01-10 00:00:00-05:00,31.10049103308623,31.431697762985493,31.001126171330018,31.141891479492188,831300,0.0,0.0
2013-01-11 00:00:00-05:00,31.191561043592234,31.796019375862414,31.17500339710456,31.754615783691406,739200,0.0,0.0
2013-01-14 00:00:00-05:00,31.729778643714912,31.73806062625887,31.290928328410754,31.406850814819336,872000,0.0,0.0
2013-01-15 00:00:00-05:00,31.30749009637463,31.423412586343463,31.216407237498842,31.324050903320312,712300,0.0,0.0
2013-01-16 00:00:00-05:00,31.216412799642587,31.348896120162998,30.943164174327762,31.199851989746094,660900,0.0,0.0
2013-01-17 00:00:00-05:00,31.307494928505246,31.357174198359054,31.083928738208797,31.2578125,711000,0.0,0.0
2013-01-18 00:00:00-05:00,31.35718103185954,31.456545910524085,31.24954048461781,31.390302658081055,681200,0.0,0.0
2013-01-22 00:00:00-05:00,31.539340878486335,31.878829586699936,31.357175127222416,31.688385009765625,626300,0.0,0.0
2013-01-23 00:00:00-05:00,31.580746274833096,31.787751694210506,31.539345822688023,31.74635124206543,481100,0.0,0.0
2013-01-24 00:00:00-05:00,31.704942354359527,32.036149042049814,31.506215814824408,31.95334815979004,699400,0.0,0.0
2013-01-25 00:00:00-05:00,31.911954093111085,32.21004238263166,30.603678413248957,30.96800994873047,3729200,0.0,0.0
2013-01-28 00:00:00-05:00,31.009402388994328,31.423413093363678,30.769275422383867,31.290929794311523,1748200,0.0,0.0
2013-01-29 00:00:00-05:00,31.340615366202854,31.945073895873215,31.340615366202854,31.8953914642334,2125100,0.0,0.0
2013-01-30 00:00:00-05:00,31.878819011951727,32.08582433021115,31.71321412561409,31.8456974029541,1384100,0.0,0.0
2013-01-31 00:00:00-05:00,31.738064596080278,31.95334878938829,31.655260553537772,31.6966609954834,1012700,0.0,0.0
2013-02-01 00:00:00-05:00,31.895390814447,32.01131332725998,31.72978587100636,31.80430793762207,1061200,0.0,0.0
2013-02-04 00:00:00-05:00,31.605572705011124,31.77117760302978,31.514493011819035,31.52277183532715,869200,0.0,0.0
2013-02-05 00:00:00-05:00,31.69665101233986,31.70493299331125,31.497927690130034,31.506206512451172,1033600,0.0,0.0
2013-02-06 00:00:00-05:00,31.522779928600023,31.928511874982295,31.506219118681205,31.911951065063477,1210600,0.0,0.0
2013-02-07 00:00:00-05:00,32.21003528656681,32.56608475853745,31.84570383134971,32.2845573425293,830200,0.0,0.0
2013-02-08 00:00:00-05:00,32.28455634082196,32.483279711455296,32.12723025053196,32.44187927246094,587000,0.0,0.0
2013-02-11 00:00:00-05:00,32.42533142106276,32.582654415562025,32.25144761261848,32.32596969604492,625700,0.0,0.0
2013-02-12 00:00:00-05:00,32.30111917796655,32.541246184816416,32.20175747668959,32.475006103515625,476300,0.0,0.0
2013-02-13 00:00:00-05:00,32.67372847778878,32.70685009672256,32.45844427202204,32.632328033447266,462000,0.0,0.0
2013-02-14 00:00:00-05:00,32.5412431037381,32.648886779142906,32.36735935330426,32.41704177856445,353400,0.0,0.0
2013-02-15 00:00:00-05:00,32.375640125763226,32.45016218881082,32.17691673007059,32.43360137939453,593100,0.0,0.0
2013-02-19 00:00:00-05:00,32.49155560975386,32.91384506225586,32.41703357005934,32.91384506225586,825600,0.0,0.0
2013-02-20 00:00:00-05:00,32.756532246439704,32.980098434363555,32.68201018379842,32.731689453125,654900,0.0,0.0
2013-02-21 00:00:00-05:00,32.6820156766113,32.980103977275654,32.52468954089848,32.66545486450195,496800,0.0,0.0
2013-02-22 00:00:00-05:00,32.71513677561678,32.9801066320434,32.6074962262193,32.971824645996094,483200,0.0,0.0
2013-02-25 00:00:00-05:00,33.0463424841997,33.1043037444802,32.47500870772686,32.49156951904297,880700,0.0,0.0
2013-02-26 00:00:00-05:00,32.59093019053969,32.905579278223314,32.45844686288106,32.64889144897461,706600,0.0,0.0
2013-02-27 00:00:00-05:00,32.77309192971252,32.81449237227933,32.04443213766174,32.599205017089844,793000,0.0,0.0
2013-02-28 00:00:00-05:00,32.58265080395522,32.79793820272478,32.499849902060426,32.66545486450195,1055400,0.0,0.0
2013-03-01 00:00:00-05:00,32.71512623047213,33.038057250530024,32.43359881000068,32.764808654785156,989300,0.0,0.0
2013-03-04 00:00:00-05:00,32.83105652693289,33.34442901611328,32.69029121747843,33.34442901611328,1023200,0.0,0.0
2013-03-05 00:00:00-05:00,33.5017541315187,33.692198725901314,33.2616271026073,33.3195915222168,1178000,0.0,0.0
2013-03-06 00:00:00-05:00,33.16226168649906,33.319587798933966,32.93869549407956,33.1705436706543,615300,0.0,0.0
2013-03-07 00:00:00-05:00,32.76481721800357,33.12914561556427,32.60749423787209,32.75653839111328,1227100,0.0,0.0
2013-03-08 00:00:00-05:00,32.706854690375174,33.253348844931566,32.68201505201184,33.21194839477539,689000,0.0,0.0
2013-03-11 00:00:00-04:00,33.28646581004753,33.50175001592156,33.07946042958536,33.418949127197266,855600,0.0,0.0
2013-03-12 00:00:00-04:00,33.49347081221498,33.51003162150308,33.11258167454291,33.2285041809082,1248600,0.0,0.0
2013-03-13 00:00:00-04:00,33.22850706263555,33.41066966329981,33.13742418297758,33.236785888671875,895700,0.0,0.0
2013-03-14 00:00:00-04:00,33.170539661742076,33.31130178885433,32.89729107336971,33.12085723876953,862400,0.0,0.0
2013-03-15 00:00:00-04:00,33.1788243457958,33.33614730834961,32.97181895149528,33.33614730834961,2386600,0.0,0.0
2013-03-18 00:00:00-04:00,32.971810666181405,33.327860107600635,32.95524985976065,33.30302047729492,677600,0.0,0.0
2013-03-19 00:00:00-04:00,33.32786671762999,33.49347165603174,33.24506582775486,33.460350036621094,499600,0.0,0.0
2013-03-20 00:00:00-04:00,33.534884324856215,33.857812335192634,33.485201877630374,33.69220733642578,625400,0.0,0.0
2013-03-21 00:00:00-04:00,33.534870803786106,33.783276622454245,33.21194292365238,33.625953674316406,569400,0.0,0.0
2013-03-22 00:00:00-04:00,33.62595479208124,33.948882682949446,33.47691066419568,33.75843811035156,529000,0.0,0.0
2013-03-25 00:00:00-04:00,33.8826480137767,34.14761787598257,33.576280855040146,33.84124755859375,804400,0.0,0.0
2013-03-26 00:00:00-04:00,33.92405058990838,34.03169113836098,33.83296769610067,33.90748977661133,914800,0.0,0.0
2013-03-27 00:00:00-04:00,33.86608383422641,34.06480724428084,33.67563609150107,33.973724365234375,757100,0.0,0.0
2013-03-28 00:00:00-04:00,34.04824290861667,34.32149151746636,33.982002831673654,34.313209533691406,926600,0.0,0.0
2013-04-01 00:00:00-04:00,34.2966447040945,34.42913115975141,33.8246727610951,34.17244338989258,588400,0.0,0.0
2013-04-02 00:00:00-04:00,34.18900894506049,34.35461387898009,34.0565256296551,34.2552490234375,488000,0.0,0.0
2013-04-03 00:00:00-04:00,34.37946299945966,34.37946299945966,33.71704623965984,34.039974212646484,794200,0.0,0.0
2013-04-04 00:00:00-04:00,34.1393174407022,34.329761958548445,34.031673788475864,34.28008270263672,594600,0.0,0.0
2013-04-05 00:00:00-04:00,34.04826034957053,34.362909562517615,33.75017195400518,34.338069915771484,728000,0.0,0.0
2013-04-08 00:00:00-04:00,34.28836356546764,34.652691817979026,33.98199655406828,34.644412994384766,679600,0.0,0.0
2013-04-09 00:00:00-04:00,34.735500961714386,34.735500961714386,34.4125730969271,34.47881317138672,635900,0.0,0.0
2013-04-10 00:00:00-04:00,34.64442164442192,34.975631526602186,34.495377513305954,34.92594909667969,700100,0.0,0.0
2013-04-11 00:00:00-04:00,35.09984022694375,35.124679867790285,34.81831271562499,35.02531814575195,675900,0.0,0.0
2013-04-12 00:00:00-04:00,34.85970224582693,35.215751726761155,34.818301804505765,35.066707611083984,488500,0.0,0.0
2013-04-15 00:00:00-04:00,35.00047116986482,35.11639368105771,33.98200504611812,34.13932800292969,1019100,0.0,0.0
2013-04-16 00:00:00-04:00,34.271801021541464,35.05842188643368,34.23867941154271,35.00873947143555,853100,0.0,0.0
2013-04-17 00:00:00-04:00,34.826577033031214,34.94249950970676,34.255240314200904,34.71065139770508,922900,0.0,0.0
2013-04-18 00:00:00-04:00,34.785191365022634,34.92595670112619,34.44570258326398,34.63615036010742,919900,0.0,0.0
2013-04-19 00:00:00-04:00,34.710660889118905,35.06671039835364,34.59473838074507,34.78518295288086,656400,0.0,0.0
2013-04-22 00:00:00-04:00,34.75206420636615,34.76862501580489,34.246970573764514,34.44569396972656,651700,0.0,0.0
2013-04-23 00:00:00-04:00,34.38772688935856,34.50364937713642,33.91575495560536,34.08135986328125,1117700,0.0,0.0
2013-04-24 00:00:00-04:00,34.42913528047722,34.49537535758281,33.92404166311037,34.07308578491211,1244500,0.0,0.0
2013-04-25 00:00:00-04:00,34.0813754430014,34.38774260912925,34.03169300039188,34.271820068359375,694100,0.0,0.0
2013-04-26 00:00:00-04:00,34.08963868727214,34.39600887200035,33.99855898876875,34.08135986328125,677400,0.0,0.0
2013-04-29 00:00:00-04:00,34.16417116404038,34.379458557315864,34.023409002681056,34.23869323730469,516400,0.0,0.0
2013-04-30 00:00:00-04:00,34.25525464609135,34.677547454833984,34.114492482278415,34.677547454833984,939800,0.0,0.0
2013-05-01 00:00:00-04:00,34.56162075443849,34.98391035351448,34.462255894589944,34.57817840576172,822100,0.0,0.0
2013-05-02 00:00:00-04:00,34.66926081910562,34.967349077374266,34.61129956429244,34.88454818725586,709300,0.0,0.0
2013-05-03 00:00:00-04:00,35.02531503036141,35.13295872887548,34.677547454833984,34.677547454833984,613900,0.0,0.0
2013-05-06 00:00:00-04:00,34.56990153832915,34.67754522993684,34.42085739876517,34.503658294677734,778200,0.0,0.0
2013-05-07 00:00:00-04:00,34.40429592781798,34.85970716390357,34.26353377573676,34.760345458984375,965800,0.0,0.0
2013-05-08 00:00:00-04:00,33.932324713250864,34.586462533867746,33.78328057289128,34.553340911865234,959400,0.0,0.0
2013-05-09 00:00:00-04:00,34.94251412913638,35.67945288945566,34.652704657544945,34.677547454833984,1511600,0.0,0.0
2013-05-10 00:00:00-04:00,35.19091366857895,35.24059609557848,34.669259240363516,34.80174255371094,776000,0.0,0.0
2013-05-13 00:00:00-04:00,34.58646168571288,34.82658870136494,34.44569637498,34.760345458984375,860800,0.0,0.0
2013-05-14 00:00:00-04:00,34.73550653889351,35.3482407502941,34.73550653889351,35.1412353515625,972200,0.0,0.0
2013-05-15 00:00:00-04:00,35.099838950668776,35.406206091694166,35.099838950668776,35.3896484375,1234800,0.0,0.0
2013-05-16 00:00:00-04:00,35.43931997517459,35.5304028466046,35.157792535596116,35.190914154052734,642900,0.0,0.0
2013-05-17 00:00:00-04:00,35.331661224365234,35.464147641681755,35.132937915690526,35.331661224365234,507000,0.0,0.0
2013-05-20 00:00:00-04:00,35.199201875152326,35.37308883666992,35.09156132594166,35.37308883666992,851700,0.0,0.0
2013-05-21 00:00:00-04:00,35.339968700346255,35.58837459472395,35.2571677884378,35.34824752807617,1268700,0.0,0.0
2013-05-22 00:00:00-04:00,35.464919800021896,35.50659357121365,35.00650195790273,35.0315055847168,1453800,0.28,0.0
2013-05-23 00:00:00-04:00,34.781473109187495,35.02318552605069,34.38139902929642,34.83981704711914,1124600,0.0,0.0
2013-05-24 00:00:00-04:00,34.78980057774719,34.8231376909626,34.39806008704196,34.44807052612305,803100,0.0,0.0
2013-05-28 00:00:00-04:00,34.64810733111033,35.089855099338536,34.523082818080816,34.67311096191406,799500,0.0,0.0
2013-05-29 00:00:00-04:00,34.59809513606471,34.664775720834896,33.94797533208176,34.11467361450195,1431500,0.0,0.0
2013-05-30 00:00:00-04:00,34.11466590047973,34.61475745515412,34.09799575805664,34.09799575805664,777100,0.0,0.0
2013-05-31 00:00:00-04:00,34.056323318080146,34.21468490801006,33.264509009421225,33.289512634277344,1475200,0.0,0.0
2013-06-03 00:00:00-04:00,33.38954356739476,33.98131951724822,33.23117875017648,33.59791564941406,891800,0.0,0.0
2013-06-04 00:00:00-04:00,33.572897189363424,33.74793209395542,32.93944767878307,33.18115997314453,1033600,0.0,0.0
2013-06-05 00:00:00-04:00,33.03947277607149,33.222841203267315,32.64773229233686,33.014469146728516,1026100,0.0,0.0
2013-06-06 00:00:00-04:00,33.056144883930735,33.38954146598113,32.881113109131725,33.356201171875,755100,0.0,0.0
2013-06-07 00:00:00-04:00,33.40621708134485,33.58958236993299,32.889451976626184,33.23118209838867,854300,0.0,0.0
2013-06-10 00:00:00-04:00,33.25618712630696,33.29786090876985,32.92279050759232,33.18950653076172,595200,0.0,0.0
2013-06-11 00:00:00-04:00,32.96446066013894,33.30619072591388,32.93112036603762,33.222843170166016,813600,0.0,0.0
2013-06-12 00:00:00-04:00,33.58957906060198,33.9396458125189,33.581245576285085,33.74794387817383,1825700,0.0,0.0
2013-06-13 00:00:00-04:00,33.672939177434955,34.16469755620737,33.55624810796658,34.07301330566406,1075700,0.0,0.0
2013-06-14 00:00:00-04:00,33.95632305397172,34.18136215209961,33.87297229586295,34.18136215209961,752700,0.0,0.0
2013-06-17 00:00:00-04:00,34.33138666085449,34.63977966357358,34.13135122182663,34.214698791503906,1338600,0.0,0.0
2013-06-18 00:00:00-04:00,34.27304092766221,34.48141302042682,34.17302321339682,34.30638122558594,940100,0.0,0.0
2013-06-19 00:00:00-04:00,34.356391545953905,34.4397391109505,33.83962646855647,33.87296676635742,856100,0.0,0.0
2013-06-20 00:00:00-04:00,33.48956089030914,33.69793296992555,32.85610798775213,32.98113250732422,787200,0.0,0.0
2013-06-21 00:00:00-04:00,33.06448406457997,33.21451223440135,32.464374564800465,32.88111877441406,1268700,0.0,0.0
2013-06-24 00:00:00-04:00,32.506046585391026,33.03947863602011,32.4310325045522,32.83944320678711,777000,0.0,0.0
2013-06-25 00:00:00-04:00,33.072813266042445,33.61458188808632,33.03113949038644,33.44788360595703,846000,0.0,0.0
2013-06-26 00:00:00-04:00,33.614579549658345,33.8479552207012,33.53956548689385,33.55623245239258,487000,0.0,0.0
2013-06-27 00:00:00-04:00,33.739616319630386,33.96465861098629,33.69794252778814,33.72294616699219,643900,0.0,0.0
2013-06-28 00:00:00-04:00,33.77294350979783,34.756459876975214,33.65625566615056,34.36471939086914,1527900,0.0,0.0
2013-07-01 00:00:00-04:00,34.41472755852461,34.58142582966632,33.16449529421933,33.32285690307617,1273400,0.0,0.0
2013-07-02 00:00:00-04:00,33.22284714087878,33.42288257038356,32.95613111520185,33.256187438964844,1530900,0.0,0.0
2013-07-03 00:00:00-04:00,33.24785794507633,33.73128283306454,33.03948580635863,33.72294616699219,933100,0.0,0.0
2013-07-05 00:00:00-04:00,33.764603020991665,34.0646592589445,33.33952547022841,33.58123779296875,468700,0.0,0.0
2013-07-08 00:00:00-04:00,33.73128077633752,34.37306730599662,33.597922742869805,34.18136215209961,694900,0.0,0.0
2013-07-09 00:00:00-04:00,34.44807580327028,34.60643744869538,34.03133161893556,34.556427001953125,618400,0.0,0.0
2013-07-10 00:00:00-04:00,34.556425286796426,34.82314129717213,34.44807409349143,34.79813766479492,638900,0.0,0.0
2013-07-11 00:00:00-04:00,35.09819764557511,35.256559299718155,34.55642890431285,34.89815902709961,776800,0.0,0.0
2013-07-12 00:00:00-04:00,34.82315066987056,35.056529626392795,34.46475033830696,34.97317886352539,686700,0.0,0.0
2013-07-15 00:00:00-04:00,35.03149868096665,35.68995494634943,34.92314753312212,35.66495132446289,701900,0.0,0.0
2013-07-16 00:00:00-04:00,35.62329831421585,35.756656341140356,35.21488756828732,35.273231506347656,813300,0.0,0.0
2013-07-17 00:00:00-04:00,35.46493169783833,35.53994578295128,35.0648576370713,35.09819793701172,503200,0.0,0.0
2013-07-18 00:00:00-04:00,35.089863027011646,35.34824559521183,34.92316787798563,35.273231506347656,837900,0.0,0.0
2013-07-19 00:00:00-04:00,35.18988751138951,35.65663906335071,35.08986659639227,35.50661087036133,524200,0.0,0.0
2013-07-22 00:00:00-04:00,35.4649204447299,36.02335916326692,35.43158015536843,35.93167495727539,675300,0.0,0.0
2013-07-23 00:00:00-04:00,35.99835805586658,36.440109011082875,35.79832264703756,36.25674057006836,625500,0.0,0.0
2013-07-24 00:00:00-04:00,36.43176438608669,36.43176438608669,35.548269027738975,35.68996047973633,661900,0.0,0.0
2013-07-25 00:00:00-04:00,35.53993618221477,35.82332229614258,35.414914860470375,35.82332229614258,475400,0.0,0.0
2013-07-26 00:00:00-04:00,35.94835484403403,36.04003907487217,35.50660383904171,35.906681060791016,327500,0.0,0.0
2013-07-29 00:00:00-04:00,35.9400158341513,36.048370207116356,35.814994492581455,35.88167190551758,466100,0.0,0.0
2013-07-30 00:00:00-04:00,35.96501469878597,36.04002875895408,35.52326382023821,35.564937591552734,748700,0.0,0.0
2013-07-31 00:00:00-04:00,35.63162043923361,35.81498886010523,35.45658868085896,35.57327651977539,608300,0.0,0.0
2013-08-01 00:00:00-04:00,35.84832812934695,36.206728330165916,35.83166116236009,36.08170700073242,662000,0.0,0.0
2013-08-02 00:00:00-04:00,36.148384397867545,36.240068613798314,35.60661894478486,35.94834899902344,546200,0.0,0.0
2013-08-05 00:00:00-04:00,35.96502108832366,35.96502108832366,35.58161405740122,35.623291015625,742800,0.0,0.0
2013-08-06 00:00:00-04:00,35.58161161074651,35.739976410294226,35.273221854030105,35.31489562988281,791900,0.0,0.0
2013-08-07 00:00:00-04:00,35.256542337768806,35.55659853137181,35.22320205414526,35.40657043457031,953100,0.0,0.0
2013-08-08 00:00:00-04:00,35.41492251360982,35.70664217355895,35.09819604030375,35.43992614746094,847900,0.0,0.0
2013-08-09 00:00:00-04:00,35.48158268336492,36.02335113650376,35.48158268336492,35.98167419433594,871500,0.0,0.0
2013-08-12 00:00:00-04:00,35.956674605816055,36.03168865882629,35.58160434076488,35.648284912109375,862500,0.0,0.0
2013-08-13 00:00:00-04:00,35.714971576449386,35.88166986858502,35.52326965332031,35.52326965332031,900500,0.0,0.0
2013-08-14 00:00:00-04:00,35.57328584818548,35.64829993280349,35.014846956138925,35.048187255859375,1011500,0.0,0.0
2013-08-15 00:00:00-04:00,35.03139419253847,35.081739863433114,34.46082272567238,34.527950286865234,700500,0.28,0.0
2013-08-16 00:00:00-04:00,34.41047924906165,34.50277805117838,34.234274190921624,34.43565368652344,545300,0.0,0.0
2013-08-19 00:00:00-04:00,34.435660345392066,34.502784723026934,34.14198199088455,34.15876388549805,727500,0.0,0.0
2013-08-20 00:00:00-04:00,34.1419788729887,34.56990914450585,34.03290136919077,34.2091064453125,558300,0.0,0.0
2013-08-21 00:00:00-04:00,34.200706481933594,34.36013283122156,33.764390159719476,34.200706481933594,610400,0.0,0.0
2013-08-22 00:00:00-04:00,34.4188770909416,35.1069187388159,34.251061352255896,34.93071365356445,673500,0.0,0.0
2013-08-23 00:00:00-04:00,34.930726350889536,35.20761969967559,34.74612865115206,35.14049530029297,440300,0.0,0.0
2013-08-26 00:00:00-04:00,35.11531031897035,35.11531031897035,34.81324581110537,34.838417053222656,407900,0.0,0.0
2013-08-27 00:00:00-04:00,34.5699016607396,34.997828638799376,34.494384758632805,34.89714050292969,539700,0.0,0.0
2013-08-28 00:00:00-04:00,34.82163405818993,35.21600057660503,34.72094589208234,34.96427536010742,590200,0.0,0.0
2013-08-29 00:00:00-04:00,34.838411926186886,34.930710734792584,34.27622972868795,34.334964752197266,695000,0.0,0.0
2013-08-30 00:00:00-04:00,34.444048427665244,34.58669292623316,33.94899375761009,34.183937072753906,687400,0.0,0.0
2013-09-03 00:00:00-04:00,34.225880709668346,34.485991992398894,33.7895611892729,33.80634307861328,523700,0.0,0.0
2013-09-04 00:00:00-04:00,33.80634539675031,33.84829852256897,32.87497127981187,33.36163330078125,2183300,0.0,0.0
2013-09-05 00:00:00-04:00,33.30289600975707,33.445540468779335,32.9588752802327,33.000831604003906,944200,0.0,0.0
2013-09-06 00:00:00-04:00,33.04278701601374,33.143475158240015,32.95048821863201,32.95887756347656,1528000,0.0,0.0
2013-09-09 00:00:00-04:00,33.0343978231238,33.14347852208393,32.84980341044356,33.08474349975586,714300,0.0,0.0
2013-09-10 00:00:00-04:00,33.16865518061737,33.52106857299805,33.12670204364374,33.52106857299805,836700,0.0,0.0
2013-09-11 00:00:00-04:00,33.43716294383282,33.5042905313663,33.12670585353935,33.17705154418945,632500,0.0,0.0
2013-09-12 00:00:00-04:00,33.495894910660894,33.50428745874269,32.765900067688456,32.9337158203125,1277800,0.0,0.0
2013-09-13 00:00:00-04:00,32.97567450492366,33.059583995759276,32.84981506989994,32.96728515625,901500,0.0,0.0
2013-09-16 00:00:00-04:00,32.97566436059908,33.22738635402893,32.765895499271075,32.83302307128906,2511500,0.0,0.0
2013-09-17 00:00:00-04:00,32.883361111092455,33.185428742764586,32.774283622514034,33.12669372558594,980600,0.0,0.0
2013-09-18 00:00:00-04:00,33.13510284454479,34.31819952646437,33.00924020145591,34.25107192993164,1240300,0.0,0.0
2013-09-19 00:00:00-04:00,34.284620836567164,34.561514049945316,34.058070097902174,34.074851989746094,741700,0.0,0.0
2013-09-20 00:00:00-04:00,34.032893667462666,34.34335061715599,33.43714780077362,33.46232223510742,2046600,0.0,0.0
2013-09-23 00:00:00-04:00,33.29451970242726,33.94060829150791,33.269348458962874,33.890262603759766,1429200,0.0,0.0
2013-09-24 00:00:00-04:00,33.93222032571252,34.30980503276826,33.890267180666285,34.22589874267578,686700,0.0,0.0
2013-09-25 00:00:00-04:00,34.20910831334042,34.34336026450018,33.96577565160744,34.183937072753906,691700,0.0,0.0
2013-09-26 00:00:00-04:00,34.30141598011068,34.64543689377044,34.25946283470238,34.50279235839844,643600,0.0,0.0
2013-09-27 00:00:00-04:00,34.36014953092969,34.49440151089501,34.183944407378895,34.301414489746094,481500,0.0,0.0
2013-09-30 00:00:00-04:00,33.990950598902195,34.65382108039772,33.990950598902195,34.63703918457031,925400,0.0,0.0
2013-10-01 00:00:00-04:00,34.37692353775254,34.95588446830635,34.37692353775254,34.76289749145508,1341400,0.0,0.0
2013-10-02 00:00:00-04:00,34.611854082543694,34.85518667338095,34.40208526992222,34.84679412841797,671900,0.0,0.0
2013-10-03 00:00:00-04:00,34.637038433655775,34.74611915375943,34.15037626848896,34.19232940673828,796200,0.0,0.0
2013-10-04 00:00:00-04:00,34.234273200565106,34.30140076409662,33.990940583990955,34.049678802490234,476900,0.0,0.0
2013-10-07 00:00:00-04:00,33.89865174336046,34.083246178235875,33.714054107666016,33.714054107666016,385400,0.0,0.0
2013-10-08 00:00:00-04:00,33.88185182273213,34.125181157537554,33.638519287109375,33.638519287109375,738900,0.0,0.0
2013-10-09 00:00:00-04:00,33.621755648876096,34.217498496664255,33.604973754468375,33.99094772338867,784600,0.0,0.0
2013-10-10 00:00:00-04:00,34.06646752971586,34.74611990703878,33.990950598902195,34.63703918457031,762400,0.0,0.0
2013-10-11 00:00:00-04:00,34.62865142085916,34.76290339279928,34.46083565572913,34.729339599609375,473000,0.0,0.0
2013-10-14 00:00:00-04:00,34.65381697339461,34.72933389525837,33.95738598360126,34.410484313964844,381500,0.0,0.0
2013-10-15 00:00:00-04:00,34.39370951832935,34.402098865789775,33.9406079358028,33.95738983154297,692200,0.0,0.0
2013-10-16 00:00:00-04:00,34.0832466878112,34.418878175761094,33.98255852175386,34.2762336730957,881100,0.0,0.0
2013-10-17 00:00:00-04:00,34.23427817942159,35.064964294433594,34.04968375450026,35.064964294433594,826500,0.0,0.0
2013-10-18 00:00:00-04:00,35.19921554200044,35.24116867406771,34.93910100187326,35.014617919921875,679400,0.0,0.0
2013-10-21 00:00:00-04:00,35.05657500971851,35.325078926244494,34.98945063099659,35.29990768432617,570200,0.0,0.0
2013-10-22 00:00:00-04:00,35.5264529763114,35.97116191921021,35.249556554705116,35.50128173828125,1020200,0.0,0.0
2013-10-23 00:00:00-04:00,35.341865570297536,35.74462149920804,35.29991242785636,35.57680892944336,595900,0.0,0.0
2013-10-24 00:00:00-04:00,35.59357422842355,35.73621870001599,35.20760034193313,35.2579460144043,598200,0.0,0.0
2013-10-25 00:00:00-04:00,35.350249245023804,35.74461252595417,35.148869730712654,35.71105194091797,561700,0.0,0.0
2013-10-28 00:00:00-04:00,35.71106165875804,35.8453136378924,35.434165151332344,35.67749786376953,470700,0.0,0.0
2013-10-29 00:00:00-04:00,35.71943895489735,35.9208184560607,35.635532696556794,35.862083435058594,402300,0.0,0.0
2013-10-30 00:00:00-04:00,35.91242876967352,36.1305901800423,35.71944179946658,35.9292106628418,540000,0.0,0.0
2013-10-31 00:00:00-04:00,35.870480346656066,36.03829609955281,35.5264594935864,35.971168518066406,830200,0.0,0.0
2013-11-01 00:00:00-04:00,36.08024380162967,36.20610639754426,35.71105176153566,35.87886428833008,432900,0.0,0.0
2013-11-04 00:00:00-05:00,35.87046869424796,36.16414376580341,35.75299866562579,36.088626861572266,369600,0.0,0.0
2013-11-05 00:00:00-05:00,36.02990078987643,37.83391439381065,36.02151144324327,36.298404693603516,752100,0.0,0.0
2013-11-06 00:00:00-05:00,36.44943008768022,36.53333953864995,36.222879371289366,36.49138641357422,708200,0.0,0.0
2013-11-07 00:00:00-05:00,36.55852273523098,37.33047393263827,36.155766841252124,36.365535736083984,729200,0.0,0.0
2013-11-08 00:00:00-05:00,36.24806807437443,36.24806807437443,35.383817993714445,35.8704833984375,597600,0.0,0.0
2013-11-11 00:00:00-05:00,35.870474211627,36.33196505254852,35.660705356588245,36.122196197509766,405100,0.0,0.0
2013-11-12 00:00:00-05:00,35.98793466465404,35.98793466465404,35.59356829804938,35.80333709716797,752600,0.0,0.0
2013-11-13 00:00:00-05:00,35.651323413304105,35.9300488873883,35.524632652143694,35.820247650146484,676800,0.28,0.0
2013-11-14 00:00:00-05:00,35.93004850281404,36.22566349765274,35.93004850281404,36.208770751953125,558600,0.0,0.0
2013-11-15 00:00:00-05:00,36.16653339453389,36.58884228818512,36.16653339453389,36.47059631347656,579700,0.0,0.0
2013-11-18 00:00:00-05:00,36.60574778213153,36.62264053039748,36.25100651247103,36.403038024902344,418300,0.0,0.0
2013-11-19 00:00:00-05:00,36.31857182535727,36.47060331401105,35.85403259756482,35.9722785949707,498700,0.0,0.0
2013-11-20 00:00:00-05:00,35.98071500903296,36.23410291264276,35.51617588901673,35.52462387084961,448200,0.0,0.0
2013-11-21 00:00:00-05:00,35.6344323448537,35.82024933632351,35.38949557296219,35.465511322021484,816400,0.0,0.0
2013-11-22 00:00:00-05:00,35.57529805679373,35.76955974899404,35.237452896343115,35.65131378173828,804800,0.0,0.0
2013-11-25 00:00:00-05:00,35.70200248706917,35.8624787437487,35.55841575470378,35.642879486083984,500900,0.0,0.0
2013-11-26 00:00:00-05:00,35.685097486961375,35.685097486961375,35.279681381437115,35.45705032348633,662000,0.0,0.0
2013-11-27 00:00:00-05:00,35.566850781829245,35.80334269961607,35.330358864042424,35.685096740722656,554500,0.0,0.0
2013-11-29 00:00:00-05:00,35.66820473203107,36.1074063183279,35.66820473203107,35.76955795288086,309100,0.0,0.0
2013-12-02 00:00:00-05:00,35.80334472223299,35.96382415147769,35.406373361841474,35.44015884399414,492000,0.0,0.0
2013-12-03 00:00:00-05:00,35.31347779660094,35.55841455443094,34.94184383499635,35.195228576660156,904300,0.0,0.0
2013-12-04 00:00:00-05:00,35.10232105133486,35.22901180304035,34.75602784153465,35.15299606323242,941000,0.0,0.0
2013-12-05 00:00:00-05:00,35.09386725984095,35.16988298706791,34.654665638303065,34.67155838012695,1240300,0.0,0.0
2013-12-06 00:00:00-05:00,35.03474347806737,35.27968339600444,34.74757331751103,34.84892654418945,1393700,0.0,0.0
2013-12-09 00:00:00-05:00,34.83203243867058,34.96717113043623,34.502628856903804,34.713783264160156,956800,0.0,0.0
2013-12-10 00:00:00-05:00,34.730685737761455,34.781363969612975,34.43507077353124,34.57020950317383,1308800,0.0,0.0
2013-12-11 00:00:00-05:00,34.680008751493766,34.747576501483714,34.08032765229108,34.088775634765625,950800,0.0,0.0
2013-12-12 00:00:00-05:00,34.105670845367804,34.49419429631399,34.105670845367804,34.41817855834961,747600,0.0,0.0
2013-12-13 00:00:00-05:00,34.57863792811997,34.57863792811997,34.16477717371864,34.460391998291016,895700,0.0,0.0
2013-12-16 00:00:00-05:00,34.69689553353132,34.84892375038048,34.55330885378388,34.59553909301758,729600,0.0,0.0
2013-12-17 00:00:00-05:00,34.561772500246164,35.21212885012768,34.47731197562259,35.009422302246094,1120100,0.0,0.0
2013-12-18 00:00:00-05:00,35.110761002087685,35.82024006910107,34.94183680099666,35.50773239135742,1349400,0.0,0.0
2013-12-19 00:00:00-05:00,35.38103639469088,35.6935440544128,35.076973494654005,35.33880615234375,685900,0.0,0.0
2013-12-20 00:00:00-05:00,35.490843974097224,35.693550462540095,35.13610278637989,35.30502700805664,1473300,0.0,0.0
2013-12-23 00:00:00-05:00,35.473953774015534,35.61753727846394,35.2290137961146,35.271244049072266,605000,0.0,0.0
2013-12-24 00:00:00-05:00,35.39793117735408,35.7780098243186,35.38948641718205,35.50773239135742,291800,0.0,0.0
2013-12-26 00:00:00-05:00,35.634418983839474,35.67665244567421,35.40637182216717,35.48238754272461,378300,0.0,0.0
2013-12-27 00:00:00-05:00,35.53306989383467,35.786454584490635,35.4148239196593,35.50773239135742,467700,0.0,0.0
2013-12-30 00:00:00-05:00,35.56685329711587,35.837130714260745,35.524623054804664,35.65131378173828,459800,0.0,0.0
2013-12-31 00:00:00-05:00,35.701986646142096,35.72732414333299,35.51616974151428,35.693538665771484,497100,0.0,0.0
2014-01-02 00:00:00-05:00,35.48240739199317,35.54997839116012,35.0516535491729,35.119224548339844,788800,0.0,0.0
2014-01-03 00:00:00-05:00,35.085439041144475,35.16989956812226,34.76448323909626,35.01786804199219,819600,0.0,0.0
2014-01-06 00:00:00-05:00,35.03475243714118,35.14455367359837,34.832045931948315,34.882720947265625,670400,0.0,0.0
2014-01-07 00:00:00-05:00,34.95028173740588,35.262789387916214,34.9418337560089,35.22900390625,769900,0.0,0.0
2014-01-08 00:00:00-05:00,35.22056198120117,35.35570069678051,35.00940753673589,35.22056198120117,726900,0.0,0.0
2014-01-09 00:00:00-05:00,35.30502114798372,35.330361871304085,35.02629896714785,35.1360969543457,697700,0.0,0.0
2014-01-10 00:00:00-05:00,35.203678581492376,35.82024933632351,35.15300034146552,35.465511322021484,941400,0.0,0.0
2014-01-13 00:00:00-05:00,35.423273822348,35.53307505229156,35.07698060972135,35.12765884399414,530700,0.0,0.0
2014-01-14 00:00:00-05:00,35.17833067370833,35.397929871653645,34.916498010577236,35.060081481933594,450100,0.0,0.0
2014-01-15 00:00:00-05:00,35.13610312155261,35.13610312155261,34.781365152412874,34.86582565307617,633400,0.0,0.0
2014-01-16 00:00:00-05:00,34.84892704384882,35.08542220543727,34.79825204076353,35.060081481933594,777200,0.0,0.0
2014-01-17 00:00:00-05:00,35.203670736977685,35.203670736977685,34.823592076375036,35.07697677612305,932000,0.0,0.0
2014-01-21 00:00:00-05:00,34.72224184605399,35.414828255556685,34.72224184605399,35.35570526123047,710200,0.0,0.0
2014-01-22 00:00:00-05:00,35.32191265844009,35.63442031150369,35.32191265844009,35.56685256958008,519800,0.0,0.0
2014-01-23 00:00:00-05:00,35.44016847768133,35.61753747425559,35.32192247996516,35.609092712402344,622200,0.0,0.0
2014-01-24 00:00:00-05:00,35.47395153738768,35.60064551023441,35.254352302676466,35.33036804199219,717200,0.0,0.0
2014-01-27 00:00:00-05:00,35.33880950740979,35.51617847528372,35.1783332824707,35.1783332824707,646700,0.0,0.0
2014-01-28 00:00:00-05:00,35.186772438309625,35.490835318782246,35.186772438309625,35.296573638916016,730100,0.0,0.0
2014-01-29 00:00:00-05:00,35.1952189313287,35.48238908570451,35.18677417177099,35.44015884399414,841300,0.0,0.0
2014-01-30 00:00:00-05:00,35.71225191004136,36.18841643653988,35.4996789820054,36.13739776611328,942700,0.28,0.0
2014-01-31 00:00:00-05:00,35.90781917119449,36.29045109631134,35.77177262488689,36.19691848754883,1076400,0.0,0.0
2014-02-03 00:00:00-05:00,36.137403434561804,36.537041639909695,35.695251285659154,35.97584915161133,1134700,0.0,0.0
2014-02-04 00:00:00-05:00,36.12890612853645,36.12890612853645,35.38064830959032,35.5081901550293,1303300,0.0,0.0
2014-02-05 00:00:00-05:00,35.431667684532535,35.49969260453832,34.99802017211914,34.99802017211914,976900,0.0,0.0
2014-02-06 00:00:00-05:00,35.02351417822509,35.54219263750333,34.92148008178517,35.4571647644043,591500,0.0,0.0
2014-02-07 00:00:00-05:00,35.59321167853661,35.97584359868154,35.516685294507624,35.95033264160156,612300,0.0,0.0
2014-02-10 00:00:00-05:00,36.00985189257364,36.09488300801673,35.63572471544025,36.00135040283203,557600,0.0,0.0
2014-02-11 00:00:00-05:00,35.94183272743404,36.34997237894744,35.882312564313686,36.31595993041992,1009700,0.0,0.0
2014-02-12 00:00:00-05:00,36.349986323999566,36.63058426658981,36.17992725972732,36.47753143310547,576400,0.0,0.0
2014-02-13 00:00:00-05:00,36.32446027462548,37.04720687866211,36.213921452072206,37.04720687866211,695200,0.0,0.0
2014-02-14 00:00:00-05:00,37.072723388671875,37.149249784970024,36.84314744338344,37.072723388671875,494400,0.0,0.0
2014-02-18 00:00:00-05:00,37.174772755349025,37.310819365650104,36.91968252287834,37.13225555419922,558800,0.0,0.0
2014-02-19 00:00:00-05:00,37.004699651989796,37.40433783731258,36.96218571056532,37.09823226928711,607800,0.0,0.0
2014-02-20 00:00:00-05:00,37.06423267821911,37.47237249598945,36.91117984110437,37.463871002197266,504000,0.0,0.0
2014-02-21 00:00:00-05:00,37.438350245079434,37.79547451951009,37.310808409901846,37.64242172241211,650000,0.0,0.0
2014-02-24 00:00:00-05:00,37.718947756416966,37.83798809887466,37.28529708762845,37.302303314208984,593300,0.0,0.0
2014-02-25 00:00:00-05:00,37.18326175320018,37.837986858867225,37.166255527176965,37.37032699584961,785900,0.0,0.0
2014-02-26 00:00:00-05:00,37.5233810161499,37.642421358607585,37.25128787807344,37.302303314208984,491300,0.0,0.0
2014-02-27 00:00:00-05:00,37.20026473669447,37.65942306848132,36.87715295762902,37.42984390258789,538800,0.0,0.0
2014-02-28 00:00:00-05:00,37.58290037501412,38.390678280295916,37.463860035129514,38.1270866394043,957900,0.0,0.0
2014-03-03 00:00:00-05:00,37.974033613087975,37.99954133044721,37.48086603037565,37.54038619995117,978000,0.0,0.0
2014-03-04 00:00:00-05:00,37.837996279490774,38.0335630620396,37.676441957456554,37.8124885559082,717100,0.0,0.0
2014-03-05 00:00:00-05:00,37.76996175832417,37.88050060509716,37.446853196381475,37.71044158935547,822900,0.0,0.0
2014-03-06 00:00:00-05:00,37.837992535370226,37.96553762787585,37.63392103608251,37.71895217895508,784800,0.0,0.0
2014-03-07 00:00:00-05:00,37.761460267159755,37.83798666206322,37.45535468754589,37.71044158935547,722600,0.0,0.0
2014-03-10 00:00:00-04:00,37.710444177286,37.88900794005223,37.531883658125935,37.77846908569336,840300,0.0,0.0
2014-03-11 00:00:00-04:00,37.63392078291227,37.69344420432586,37.09823918264774,37.285301208496094,884400,0.0,0.0
2014-03-12 00:00:00-04:00,37.19176806629366,37.65092321398151,37.14925087762837,37.64242172241211,584800,0.0,0.0
2014-03-13 00:00:00-04:00,37.786960402726166,38.30563883704861,37.63390764362756,38.25462341308594,878800,0.0,0.0
2014-03-14 00:00:00-04:00,38.297143829859735,38.99438285327854,38.254629888159734,38.739295959472656,1101900,0.0,0.0
2014-03-17 00:00:00-04:00,38.79881841463521,38.79881841463521,38.254632144129104,38.37367248535156,645400,0.0,0.0
2014-03-18 00:00:00-04:00,38.46720987644326,38.87534962990818,38.39068346994319,38.67978286743164,788100,0.0,0.0
2014-03-19 00:00:00-04:00,38.72229987808323,38.909361919288735,38.110088577684536,38.186614990234375,525500,0.0,0.0
2014-03-20 00:00:00-04:00,38.05906124207136,38.21211403240135,37.88050073455501,37.97403335571289,733400,0.0,0.0
2014-03-21 00:00:00-04:00,38.20360911199013,38.71378287155879,38.01654388646565,38.31414794921875,1120500,0.0,0.0
2014-03-24 00:00:00-04:00,38.48420690613265,38.67127214720918,38.22912000514116,38.40768051147461,567200,0.0,0.0
2014-03-25 00:00:00-04:00,38.57773810586428,38.57773810586428,38.21211237192019,38.30564498901367,454700,0.0,0.0
2014-03-26 00:00:00-04:00,38.30565450709885,38.43319960639217,37.769969631116155,37.7869758605957,668500,0.0,0.0
2014-03-27 00:00:00-04:00,37.88901491740847,38.24613602149334,37.63392470751155,38.229129791259766,567000,0.0,0.0
2014-03-28 00:00:00-04:00,38.27163512692715,38.50971905297809,38.24612740912406,38.37367248535156,640100,0.0,0.0
2014-03-31 00:00:00-04:00,38.50120744129456,38.892344091515405,38.23761908812592,38.60324478149414,1052600,0.0,0.0
2014-04-01 00:00:00-04:00,38.586250451751205,38.63726589397028,38.144098238749336,38.39918518066406,887900,0.0,0.0
2014-04-02 00:00:00-04:00,38.39068083647756,38.80732205381505,38.1696031245952,38.70528793334961,589000,0.0,0.0
2014-04-03 00:00:00-04:00,38.730793305171986,38.96887722996985,38.62875919089062,38.71378707885742,618200,0.0,0.0
2014-04-04 00:00:00-04:00,38.84133522855688,39.308995136599805,38.68828242321829,38.93486785888672,786400,0.0,0.0
2014-04-07 00:00:00-04:00,38.89235233100231,39.13043302136204,38.63726217006701,38.66277313232422,664700,0.0,0.0
2014-04-08 00:00:00-04:00,38.62025360001903,38.7392971815827,38.229120134270524,38.67127227783203,1072700,0.0,0.0
2014-04-09 00:00:00-04:00,38.77329311433958,38.858324214914276,38.34814734228057,38.83281326293945,690800,0.0,0.0
2014-04-10 00:00:00-04:00,38.78181198411567,39.14743774086374,38.5522327942781,38.71378707885742,956200,0.0,0.0
2014-04-11 00:00:00-04:00,38.705276791297365,38.8838372616114,38.57773174472718,38.688270568847656,876800,0.0,0.0
2014-04-14 00:00:00-04:00,38.917862245995586,39.096422773842505,38.60325513832154,38.900856018066406,801200,0.0,0.0
2014-04-15 00:00:00-04:00,38.73929767435946,38.95187063587538,38.35666569490961,38.82432556152344,859800,0.0,0.0
2014-04-16 00:00:00-04:00,38.91785830939709,39.08791732788086,38.62025421614899,39.08791732788086,900800,0.0,0.0
2014-04-17 00:00:00-04:00,39.10490954117366,39.29197147522834,38.73928391771452,38.83281326293945,578000,0.0,0.0
2014-04-21 00:00:00-04:00,39.02840048921656,39.223967241903374,38.74780259822705,38.93486785888672,515800,0.0,0.0
2014-04-22 00:00:00-04:00,39.011393556315305,39.249474252046355,38.7988205798108,39.12192916870117,614500,0.0,0.0
2014-04-23 00:00:00-04:00,39.20695389266318,39.35150193611256,38.93486078673026,38.994380950927734,783600,0.0,0.0
2014-04-24 00:00:00-04:00,39.01139589656004,39.29199055570327,38.773311942940424,39.11343002319336,602300,0.0,0.0
2014-04-25 00:00:00-04:00,39.07941135450541,39.223962650897725,38.900850850378916,39.215457916259766,662900,0.0,0.0
2014-04-28 00:00:00-04:00,39.29198793446553,39.606598272973535,39.0624087321514,39.49605941772461,1105000,0.0,0.0
2014-04-29 00:00:00-04:00,39.538568343847786,39.64910718506171,38.98587738138395,39.01988983154297,691700,0.0,0.0
2014-04-30 00:00:00-04:00,39.08791757056577,39.24097036379082,38.679777869834304,38.71378707885742,758100,0.0,0.0
2014-05-01 00:00:00-04:00,38.824319180381586,39.30048370361328,38.62875247716288,39.30048370361328,671100,0.0,0.0
2014-05-02 00:00:00-04:00,39.25798797607422,39.666131072507106,38.960387013682755,39.25798797607422,812900,0.0,0.0
2014-05-05 00:00:00-04:00,39.266476366629355,39.598089656266204,39.07941112894462,39.5895881652832,586500,0.0,0.0
2014-05-06 00:00:00-04:00,39.43655384271012,39.66613313000931,39.1304481263112,39.26649475097656,561600,0.0,0.0
2014-05-07 00:00:00-04:00,39.360016929952955,39.91270477636771,39.35151219364747,39.89569854736328,1073800,0.0,0.0
2014-05-08 00:00:00-04:00,40.0754561102158,40.75165532473109,39.810111246687235,39.99842071533203,715300,0.31,0.0
2014-05-09 00:00:00-04:00,40.07544284771953,40.229513586499166,39.467721192077086,39.59611129760742,903500,0.0,0.0
2014-05-12 00:00:00-04:00,39.81010667468831,39.8957033620511,39.467729720776454,39.638919830322266,1229400,0.0,0.0
2014-05-13 00:00:00-04:00,39.81866766179294,40.297999311702696,39.67315492701437,40.280879974365234,1142600,0.0,0.0
2014-05-14 00:00:00-04:00,40.297999311702696,40.78588899769132,40.06689315541655,40.280879974365234,965000,0.0,0.0
2014-05-15 00:00:00-04:00,40.22951441996596,40.58045260663935,40.22951441996596,40.55477523803711,1404900,0.0,0.0
2014-05-16 00:00:00-04:00,40.50341106462714,40.53764972766633,40.04976020748312,40.45205307006836,1303600,0.0,0.0
2014-05-19 00:00:00-04:00,40.41782661523404,40.48630069128466,40.006972363392265,40.10112380981445,710000,0.0,0.0
2014-05-20 00:00:00-04:00,40.10111300187881,40.52908647368191,39.844329571832645,40.075435638427734,771500,0.0,0.0
2014-05-21 00:00:00-04:00,40.13535166326589,40.28086434157174,39.94704229081542,40.075435638427734,529400,0.0,0.0
2014-05-22 00:00:00-04:00,40.07544503873831,40.5804539845307,40.07544503873831,40.47774124145508,443100,0.0,0.0
2014-05-23 00:00:00-04:00,40.52054180639461,40.820122029400224,40.38359038085211,40.75164794921875,579900,0.0,0.0
2014-05-27 00:00:00-04:00,40.88859944942557,41.24809571768876,40.50342254401533,40.58901596069336,1297000,0.0,0.0
2014-05-28 00:00:00-04:00,40.76019184016511,40.82866916176308,40.50340841452955,40.743072509765625,911900,0.0,0.0
2014-05-29 00:00:00-04:00,40.84579819968889,40.84579819968889,40.53765670962109,40.777320861816406,461000,0.0,0.0
2014-05-30 00:00:00-04:00,40.91427138407998,41.63326709023479,40.82867797877691,41.60758972167969,1641500,0.0,0.0
2014-06-02 00:00:00-04:00,41.7873363222853,41.7873363222853,41.188172711272244,41.27376937866211,709300,0.0,0.0
2014-06-03 00:00:00-04:00,41.273770457240694,41.3080058599123,40.991306345241206,41.128257751464844,702400,0.0,0.0
2014-06-04 00:00:00-04:00,40.99987180210895,41.16250059312133,40.62325294792113,41.03410720825195,748500,0.0,0.0
2014-06-05 00:00:00-04:00,41.179617166749125,41.25665253946789,40.79444030315531,41.188175201416016,606000,0.0,0.0
2014-06-06 00:00:00-04:00,41.256646511901494,41.40215593623412,40.98274373006938,41.042659759521484,586100,0.0,0.0
2014-06-09 00:00:00-04:00,41.04266741897505,41.2994509167167,40.94851270792794,41.17961883544922,610500,0.0,0.0
2014-06-10 00:00:00-04:00,41.230965182466115,41.230965182466115,40.81155298341004,40.9313850402832,532200,0.0,0.0
2014-06-11 00:00:00-04:00,40.91426780371387,40.93138713631222,40.6318069787883,40.80299377441406,376100,0.0,0.0
2014-06-12 00:00:00-04:00,40.84579861955486,41.06834343956967,40.42638308372258,40.957069396972656,629600,0.0,0.0
2014-06-13 00:00:00-04:00,40.96563313078652,41.111142586137696,40.75164633279051,41.03410720825195,400400,0.0,0.0
2014-06-16 00:00:00-04:00,41.0084298636684,41.4706421312795,40.90571711481462,41.171058654785156,705500,0.0,0.0
2014-06-17 00:00:00-04:00,41.17105932293803,41.47920083967949,41.1282626156527,41.28233337402344,509500,0.0,0.0
2014-06-18 00:00:00-04:00,41.2994400339621,41.65037815027568,41.1282499921846,41.63325881958008,505600,0.0,0.0
2014-06-19 00:00:00-04:00,41.62470631038523,41.83869307470836,41.44495494681784,41.462074279785156,614400,0.0,0.0
2014-06-20 00:00:00-04:00,41.48777224222985,41.684639755821784,41.1967499905765,41.22242736816406,689000,0.0,0.0
2014-06-23 00:00:00-04:00,41.29944551436398,41.56479027758907,41.10257808300817,41.462074279785156,621500,0.0,0.0
2014-06-24 00:00:00-04:00,41.48775418266203,41.82157300671049,41.42783815091891,41.513431549072266,485900,0.0,0.0
2014-06-25 00:00:00-04:00,41.46208148168091,41.744545626936876,41.35081069583414,41.718868255615234,372400,0.0,0.0
2014-06-26 00:00:00-04:00,41.667503016099644,41.84725111451353,41.53055161752066,41.76165771484375,461800,0.0,0.0
2014-06-27 00:00:00-04:00,41.79589997791955,42.15539620568711,41.65894530237474,41.96708679199219,797200,0.0,0.0
2014-06-30 00:00:00-04:00,42.069792807604834,42.36937292626464,41.73597076301168,42.326576232910156,725600,0.0,0.0
2014-07-01 00:00:00-04:00,42.240992447041215,42.41218253777968,42.02700564991298,42.08692169189453,734500,0.0,0.0
2014-07-02 00:00:00-04:00,42.00988240086248,42.112595131682276,41.46207355107295,41.513431549072266,816300,0.0,0.0
2014-07-03 00:00:00-04:00,41.46207162746735,41.49631029121175,41.07689808846829,41.13681411743164,523100,0.0,0.0
2014-07-07 00:00:00-04:00,40.914275150061016,41.34224874632772,40.81156240120724,41.171058654785156,739900,0.0,0.0
2014-07-08 00:00:00-04:00,41.04266475721371,41.80445716602005,40.99986805456217,41.60758972167969,796800,0.0,0.0
2014-07-09 00:00:00-04:00,41.684626085504604,41.77878079268834,41.33368789111562,41.48775863647461,421200,0.0,0.0
2014-07-10 00:00:00-04:00,41.4278541228022,41.73599243405965,41.31658005015973,41.59904098510742,437100,0.0,0.0
2014-07-11 00:00:00-04:00,41.57334831148327,41.59046764445059,41.179613448771654,41.462074279785156,534400,0.0,0.0
2014-07-14 00:00:00-04:00,41.48775614936827,41.61614625268457,41.265208079333625,41.27376937866211,524500,0.0,0.0
2014-07-15 00:00:00-04:00,41.29945542045608,41.607596957420874,41.27377804743557,41.42784881591797,535400,0.0,0.0
2014-07-16 00:00:00-04:00,41.55623270931238,41.71030345467137,41.12825914224391,41.48775863647461,451000,0.0,0.0
2014-07-17 00:00:00-04:00,41.4791864724603,41.55622182496279,41.11969033756754,41.1624870300293,418100,0.0,0.0
2014-07-18 00:00:00-04:00,41.325127709156746,41.915733337402344,41.12826025480131,41.915733337402344,379400,0.0,0.0
2014-07-21 00:00:00-04:00,41.872932012497714,41.872932012497714,41.55623248879776,41.69318389892578,343800,0.0,0.0
2014-07-22 00:00:00-04:00,41.89861931382575,42.0783674560001,41.69319053335527,41.949974060058594,435700,0.0,0.0
2014-07-23 00:00:00-04:00,41.94141309248825,41.94997112786897,41.5990329040288,41.718868255615234,336900,0.0,0.0
2014-07-24 00:00:00-04:00,41.73597820075139,41.924287603283695,41.49631406311317,41.75309753417969,300700,0.0,0.0
2014-07-25 00:00:00-04:00,41.710315057749895,41.81302782816904,41.51344755395481,41.59904098510742,347700,0.0,0.0
2014-07-28 00:00:00-04:00,41.46209016993184,42.09549267175548,41.46209016993184,41.98421859741211,440400,0.0,0.0
2014-07-29 00:00:00-04:00,41.95853278846878,42.121161583533805,41.58191719007529,41.62471389770508,385800,0.0,0.0
2014-07-30 00:00:00-04:00,41.68462708423792,41.941410577595505,41.24809220686868,41.36792755126953,589100,0.0,0.0
2014-07-31 00:00:00-04:00,41.1539480508454,41.393612251732364,40.828687160227474,40.88860321044922,857000,0.0,0.0
2014-08-01 00:00:00-04:00,40.84579098336303,41.419273893420105,40.84579098336303,41.119693756103516,775000,0.0,0.0
2014-08-04 00:00:00-04:00,41.17961132182353,41.273766015691194,39.93848749981829,40.53765106201172,1002600,0.0,0.0
2014-08-05 00:00:00-04:00,40.33222358969601,40.70028107792001,39.75017934158265,39.88713073730469,1066400,0.0,0.0
2014-08-06 00:00:00-04:00,39.65602468906924,40.058317544664895,39.65602468906924,39.7244987487793,610200,0.0,0.0
2014-08-07 00:00:00-04:00,39.62109241676101,40.37077289579246,39.62109241676101,40.11226272583008,837100,0.31,0.0
2014-08-08 00:00:00-04:00,40.15535403183855,41.353123830197845,40.15535403183855,41.3272705078125,725100,0.0,0.0
2014-08-11 00:00:00-04:00,41.44792060248311,41.72366535018885,41.07738798141539,41.12047576904297,580800,0.0,0.0
2014-08-12 00:00:00-04:00,41.387601324091435,41.91324077256807,41.1032409933427,41.456539154052734,540400,0.0,0.0
2014-08-13 00:00:00-04:00,41.499610062622395,41.87875814182434,41.499610062622395,41.67195129394531,484500,0.0,0.0
2014-08-14 00:00:00-04:00,41.69780851698885,42.559511535028335,41.594405075222234,42.45610809326172,816800,0.0,0.0
2014-08-15 00:00:00-04:00,42.51642463277167,43.214405221208345,42.473340141737886,43.00759506225586,1345500,0.0,0.0
2014-08-18 00:00:00-04:00,42.9989684983998,43.22300976684435,42.61981718499885,42.81800842285156,897300,0.0,0.0
2014-08-19 00:00:00-04:00,42.818028256208486,43.36090216004273,42.818028256208486,42.96451950073242,570900,0.0,0.0
2014-08-20 00:00:00-04:00,42.861113780932506,43.085155141327355,42.71462254414102,43.06792068481445,390900,0.0,0.0
2014-08-21 00:00:00-04:00,42.99897646539315,43.35227452652738,42.88695416684745,43.154083251953125,627400,0.0,0.0
2014-08-22 00:00:00-04:00,42.96450507811382,43.16269634123877,42.76631381498886,42.79216384887695,407000,0.0,0.0
2014-08-25 00:00:00-04:00,42.955883791131015,43.197162813337435,42.749076957394486,42.86109924316406,550100,0.0,0.0
2014-08-26 00:00:00-04:00,42.955891692843345,43.1454673979203,42.74046595057806,42.766319274902344,456000,0.0,0.0
2014-08-27 00:00:00-04:00,42.964504155317876,43.42120560892127,42.91280080151664,43.41259002685547,537800,0.0,0.0
2014-08-28 00:00:00-04:00,43.197165498517904,43.44705683088843,43.04205872000623,43.257484436035156,512400,0.0,0.0
2014-08-29 00:00:00-04:00,43.25748836311254,43.63663647437514,42.33546647777498,43.61078643798828,354700,0.0,0.0
2014-09-02 00:00:00-04:00,43.136841702544864,43.524605318015084,42.998969391300186,43.20577621459961,758900,0.0,0.0
2014-09-03 00:00:00-04:00,43.08514261536368,43.33503723144531,42.89556693597272,43.33503723144531,528800,0.0,0.0
2014-09-04 00:00:00-04:00,43.36088667305424,43.67971580365649,43.15407983212025,43.41259002685547,605500,0.0,0.0
2014-09-05 00:00:00-04:00,43.33505141654039,43.550477200133685,43.30919808725631,43.52462387084961,397100,0.0,0.0
2014-09-08 00:00:00-04:00,43.45568161589252,43.696957398806106,43.11099910847082,43.17131805419922,457400,0.0,0.0
2014-09-09 00:00:00-04:00,43.205777924226624,43.205777924226624,42.6284386252743,42.731842041015625,677000,0.0,0.0
2014-09-10 00:00:00-04:00,42.68875691347051,42.69737249501242,42.34407448335958,42.568119049072266,531900,0.0,0.0
2014-09-11 00:00:00-04:00,42.6112090251747,42.83525033263913,42.51642118031586,42.78355026245117,533100,0.0,0.0
2014-09-12 00:00:00-04:00,42.654295462513026,42.766317764933824,42.15450618027858,42.34408187866211,402400,0.0,0.0
2014-09-15 00:00:00-04:00,42.24067533990021,42.55088890093697,42.12865304571791,42.37854766845703,404200,0.0,0.0
2014-09-16 00:00:00-04:00,42.31822921538675,42.886952988096674,42.24067582423832,42.749080657958984,353200,0.0,0.0
2014-09-17 00:00:00-04:00,42.766312717604535,42.93865394241912,42.39578023475059,42.499183654785156,504700,0.0,0.0
2014-09-18 00:00:00-04:00,42.52503798465412,42.55089130762652,42.05972090391613,42.068336486816406,445200,0.0,0.0
2014-09-19 00:00:00-04:00,42.27514330233591,42.63705692406174,42.223439947602714,42.438865661621094,1030000,0.0,0.0
2014-09-22 00:00:00-04:00,42.37854752739804,42.4388664654949,42.02524948120117,42.02524948120117,497700,0.0,0.0
2014-09-23 00:00:00-04:00,41.999394986215634,42.016626149154135,41.525455827025866,41.54269027709961,609600,0.0,0.0
2014-09-24 00:00:00-04:00,41.62886393674117,41.84428963925293,41.266947047211026,41.611629486083984,423700,0.0,0.0
2014-09-25 00:00:00-04:00,41.6633346694194,41.82706032720928,41.422058904847894,41.56855010986328,489800,0.0,0.0
2014-09-26 00:00:00-04:00,41.52545834736338,41.69779957142559,41.18939476836657,41.585777282714844,532600,0.0,0.0
2014-09-29 00:00:00-04:00,41.422053815990324,41.646098387398354,41.31865039918258,41.611629486083984,523800,0.0,0.0
2014-09-30 00:00:00-04:00,41.57716334584467,42.15450268909142,41.534078859908206,41.55992889404297,826400,0.0,0.0
2014-10-01 00:00:00-04:00,41.54270962892264,41.81845438428207,41.25834928808056,41.44792175292969,607600,0.0,0.0
2014-10-02 00:00:00-04:00,41.43067974457431,41.56855208618954,41.146316190978965,41.370357513427734,537000,0.0,0.0
2014-10-03 00:00:00-04:00,41.637493055767514,41.844303243756904,41.31866383278961,41.52547073364258,982300,0.0,0.0
2014-10-06 00:00:00-04:00,41.62025276680505,41.904616324547426,40.999828864056525,41.29280471801758,1620100,0.0,0.0
2014-10-07 00:00:00-04:00,41.08600128600332,42.05110777218647,41.051532375427,41.70642852783203,904400,0.0,0.0
2014-10-08 00:00:00-04:00,41.732264456701365,42.714605066024106,41.60300772931253,42.68875503540039,801000,0.0,0.0
2014-10-09 00:00:00-04:00,42.7146205361249,43.007599708798416,42.06834323938651,42.240684509277344,721700,0.0,0.0
2014-10-10 00:00:00-04:00,42.447493398895666,43.248877547495276,42.352708818779384,43.06792068481445,1308200,0.0,0.0
2014-10-13 00:00:00-04:00,43.17992534006176,43.35226654753516,42.542263858550704,42.68875503540039,799600,0.0,0.0
2014-10-14 00:00:00-04:00,42.895576286630146,43.47291903283942,42.7404694764328,43.34366226196289,1043600,0.0,0.0
2014-10-15 00:00:00-04:00,42.990364279252596,43.076536555814144,41.603021854405945,42.301002502441406,1046400,0.0,0.0
2014-10-16 00:00:00-04:00,41.68057210164109,42.66291297005791,41.68057210164109,42.4647216796875,754700,0.0,0.0
2014-10-17 00:00:00-04:00,42.65429428021506,42.97312343827522,42.30961179946003,42.74046325683594,634600,0.0,0.0
2014-10-20 00:00:00-04:00,42.86971399620199,43.75726682202901,42.77492616293206,43.722801208496094,645900,0.0,0.0
2014-10-21 00:00:00-04:00,43.852057817526386,44.12780246848578,43.559078714990086,43.92961120605469,559000,0.0,0.0
2014-10-22 00:00:00-04:00,44.05887317384038,44.48110578256875,43.8779130543923,43.99855422973633,570700,0.0,0.0
2014-10-23 00:00:00-04:00,44.10196087197547,44.713769227892676,44.09334200097035,44.317386627197266,590000,0.0,0.0
2014-10-24 00:00:00-04:00,44.43803123418568,44.79994826691745,44.31739331898731,44.73101043701172,702800,0.0,0.0
2014-10-27 00:00:00-04:00,44.76547397966391,44.80855847461609,44.4897292674064,44.627601623535156,484000,0.0,0.0
2014-10-28 00:00:00-04:00,44.722384732258526,45.196320700641984,44.40355227179351,45.170467376708984,693300,0.0,0.0
2014-10-29 00:00:00-04:00,45.20493914987974,45.43759935721206,44.55004630812428,44.9895133972168,489700,0.0,0.0
2014-10-30 00:00:00-04:00,45.16184669692623,45.782273807127794,44.95503656448053,45.77365493774414,461600,0.0,0.0
2014-10-31 00:00:00-04:00,46.101116104534285,46.10973168924181,45.592711141241814,45.98909378051758,711500,0.0,0.0
2014-11-03 00:00:00-05:00,45.98907799445922,46.204503696702325,45.730567809194575,45.9373779296875,572600,0.0,0.0
2014-11-04 00:00:00-05:00,45.6961029523728,46.0924887778061,45.170463666434934,45.28248596191406,1014400,0.0,0.0
2014-11-05 00:00:00-05:00,45.63579238854403,45.70473020983991,45.32557876698508,45.5582389831543,846000,0.0,0.0
2014-11-06 00:00:00-05:00,46.034977276560745,46.13032420820726,44.50076658335335,45.064178466796875,1070400,0.31,0.0
2014-11-07 00:00:00-05:00,44.6134416570737,45.41955227242242,44.457420034327264,45.38488006591797,714000,0.0,0.0
2014-11-10 00:00:00-05:00,45.52356888127872,46.00030018239727,45.35021114272911,45.826942443847656,724800,0.0,0.0
2014-11-11 00:00:00-05:00,45.69692611694336,45.93095856543128,45.51489867488132,45.69692611694336,481300,0.0,0.0
2014-11-12 00:00:00-05:00,45.51488712244671,45.644906218558035,45.098830644022605,45.37620162963867,803900,0.0,0.0
2014-11-13 00:00:00-05:00,45.51490144758681,45.51490144758681,44.89081818679119,44.96015930175781,518700,0.0,0.0
2014-11-14 00:00:00-05:00,44.89081818679119,45.272202585417624,44.78680155455525,44.96015930175781,565600,0.0,0.0
2014-11-17 00:00:00-05:00,44.84747281638179,45.10750774472636,44.6741150953109,45.04683303833008,476500,0.0,0.0
2014-11-18 00:00:00-05:00,45.046840210437765,45.63625457200795,45.046840210437765,45.367549896240234,647100,0.0,0.0
2014-11-19 00:00:00-05:00,45.350205915389516,45.644913044996976,45.16818179882936,45.445552825927734,521400,0.0,0.0
2014-11-20 00:00:00-05:00,45.23753128339549,45.57558038516696,45.08150963843145,45.21152877807617,617900,0.0,0.0
2014-11-21 00:00:00-05:00,45.332857337972825,45.57555939978862,45.08148888054909,45.315521240234375,484900,0.0,0.0
2014-11-24 00:00:00-05:00,45.43688574695616,45.56690487002562,45.168184408847296,45.27219772338867,545700,0.0,0.0
2014-11-25 00:00:00-05:00,45.33287021632552,45.506227936435685,45.09017139208538,45.12484359741211,940300,0.0,0.0
2014-11-26 00:00:00-05:00,45.21151719853335,45.53222680591992,45.10750389737183,45.45421600341797,447300,0.0,0.0
2014-11-28 00:00:00-05:00,45.53223476944895,46.1736574029293,45.46289365872134,45.98296356201172,420600,0.0,0.0
2014-12-01 00:00:00-05:00,45.185505466979805,45.73157766638958,45.116161076025996,45.315521240234375,811000,0.0,0.0
2014-12-02 00:00:00-05:00,45.30686951292035,45.636248863543834,45.18552009598634,45.5929069519043,845700,0.0,0.0
2014-12-03 00:00:00-05:00,45.5582295951285,45.93961387848842,45.428210497391504,45.6622428894043,930400,0.0,0.0
2014-12-04 00:00:00-05:00,45.71426299676602,45.80960661233885,45.28953670011454,45.462894439697266,753200,0.0,0.0
2014-12-05 00:00:00-05:00,45.24618401786946,45.66224047953789,45.11616492699434,45.194175720214844,722800,0.0,0.0
2014-12-08 00:00:00-05:00,45.35886999469655,46.008958878810326,45.133503996550864,45.6709098815918,839400,0.0,0.0
2014-12-09 00:00:00-05:00,45.939626719756326,46.37301942465969,45.52357011983197,46.16498947143555,759100,0.0,0.0
2014-12-10 00:00:00-05:00,46.052308339398785,46.57237824675619,45.445557909799255,45.49756622314453,617900,0.0,0.0
2014-12-11 00:00:00-05:00,45.50622974167246,45.90495019917669,45.44555503320546,45.5929069519043,650400,0.0,0.0
2014-12-12 00:00:00-05:00,45.419549049703114,45.84427197641407,45.202852734211255,45.3935432434082,670000,0.0,0.0
2014-12-15 00:00:00-05:00,45.5062293799773,45.63624850081525,44.56143324725588,44.77812957763672,723800,0.0,0.0
2014-12-16 00:00:00-05:00,44.84746937862139,45.289528392269,44.483417861626364,44.57009506225586,760600,0.0,0.0
2014-12-17 00:00:00-05:00,44.36206958603416,45.09016933201276,44.33606708648885,44.864803314208984,1324400,0.0,0.0
2014-12-18 00:00:00-05:00,45.1595164622005,45.89628601074219,44.98616203338955,45.89628601074219,763800,0.0,0.0
2014-12-19 00:00:00-05:00,45.82693912601714,46.1303159731457,45.19418623666708,45.38488006591797,1242000,0.0,0.0
2014-12-22 00:00:00-05:00,45.37621349200556,45.601579543311246,45.116178538326864,45.49756622314453,597500,0.0,0.0
2014-12-23 00:00:00-05:00,45.6709147495623,46.17365179399375,45.6709147495623,46.086971282958984,665100,0.0,0.0
2014-12-24 00:00:00-05:00,46.14765555008935,46.71106406884017,46.14765555008935,46.59838104248047,242600,0.0,0.0
2014-12-26 00:00:00-05:00,46.771733604926446,47.02310213339874,46.650384192980795,46.8237419128418,429300,0.0,0.0
2014-12-29 00:00:00-05:00,46.85841946363607,48.70466996718051,46.85841946363607,48.41863250732422,1221000,0.0,0.0
2014-12-30 00:00:00-05:00,48.262603467968084,48.262603467968084,47.04043638548658,47.049102783203125,701100,0.0,0.0
2014-12-31 00:00:00-05:00,47.26580299959095,47.291808807934046,46.121646628203514,46.19965744018555,633700,0.0,0.0
2015-01-02 00:00:00-05:00,46.19965250816501,46.84107503893408,46.10430560297416,46.75439453125,913100,0.0,0.0
2015-01-05 00:00:00-05:00,46.780397488519114,46.89307718186282,45.852937605170624,46.03496170043945,707700,0.0,0.0
2015-01-06 00:00:00-05:00,46.16498506295073,46.71106074480865,45.870277919498285,46.15631866455078,1141800,0.0,0.0
2015-01-07 00:00:00-05:00,46.48569263236488,46.97975994704733,46.33833742443818,46.7457275390625,528300,0.0,0.0
2015-01-08 00:00:00-05:00,47.02309271123657,47.46515166710811,46.763057836810795,46.9277458190918,1355400,0.0,0.0
2015-01-09 00:00:00-05:00,47.03175694145094,47.47381918348557,46.659042399404285,47.066429138183594,644800,0.0,0.0
2015-01-12 00:00:00-05:00,47.29180822290802,47.378485432249754,46.520366511062775,46.919090270996094,901200,0.0,0.0
2015-01-13 00:00:00-05:00,47.41314815430664,47.889879323370444,46.66771239959603,47.023094177246094,1321600,0.0,0.0
2015-01-14 00:00:00-05:00,46.84107973727936,47.88122278815581,46.633049804494625,47.85521697998047,797400,0.0,0.0
2015-01-15 00:00:00-05:00,47.89855516172722,48.071912886428954,47.69052853730399,47.889888763427734,492300,0.0,0.0
2015-01-16 00:00:00-05:00,47.933222921591096,48.33194333685249,47.612513309882864,48.288604736328125,501800,0.0,0.0
2015-01-20 00:00:00-05:00,48.52264184304652,48.713335671637154,48.00257197337483,48.66132736206055,845900,0.0,0.0
2015-01-21 00:00:00-05:00,48.5832979119273,49.0513625989725,48.115233224882104,49.025360107421875,647000,0.0,0.0
2015-01-22 00:00:00-05:00,49.20739666508698,49.31140996424194,48.81734266010194,48.999366760253906,574200,0.0,0.0
2015-01-23 00:00:00-05:00,49.08603479205488,49.41541070677055,48.747989175807454,49.025360107421875,707600,0.0,0.0
2015-01-26 00:00:00-05:00,48.9733723936145,49.311418151889455,48.435966401139524,49.28541564941406,722100,0.0,0.0
2015-01-27 00:00:00-05:00,48.496632344017975,49.337411735121705,48.46196014263637,49.2333984375,568300,0.0,0.0
2015-01-28 00:00:00-05:00,49.29407379768032,49.675461404946105,48.912689496937695,49.1207160949707,943200,0.0,0.0
2015-01-29 00:00:00-05:00,49.328749374608314,49.82281671189483,49.042711956111404,49.71880340576172,588800,0.0,0.0
2015-01-30 00:00:00-05:00,49.70147040792752,49.74480901264623,48.62665515567614,48.66132736206055,830900,0.0,0.0
2015-02-02 00:00:00-05:00,48.68733441216249,49.19873793127735,48.27994752191852,49.155399322509766,513200,0.0,0.0
2015-02-03 00:00:00-05:00,48.89535346109895,49.19006056414063,48.68732355626587,48.999366760253906,681500,0.0,0.0
2015-02-04 00:00:00-05:00,48.765345633221,49.08605861510191,48.18460099658745,48.22793960571289,777500,0.0,0.0
2015-02-05 00:00:00-05:00,48.594026618004236,49.32620580677524,48.349967996763674,49.125728607177734,780200,0.31,0.0
2015-02-06 00:00:00-05:00,49.39743278668054,49.39743278668054,47.793504620071836,48.05644607543945,980000,0.31,0.0
2015-02-09 00:00:00-05:00,48.038907170499336,48.161611376205215,47.00468123178,47.27638244628906,1183200,0.0,0.0
2015-02-10 00:00:00-05:00,47.42538465073326,47.74091167397922,47.31144359379688,47.59191131591797,1335600,0.0,0.0
2015-02-11 00:00:00-05:00,47.451684170422396,47.54809559044088,46.654103345868705,46.92580795288086,764400,0.0,0.0
2015-02-12 00:00:00-05:00,47.06603385320926,47.23256051372506,46.61903613499697,46.987152099609375,739700,0.0,0.0
2015-02-13 00:00:00-05:00,46.960870439846545,46.99592640486822,45.90911459008368,46.136993408203125,1550900,0.0,0.0
2015-02-17 00:00:00-05:00,46.128227676127835,46.68916320641745,45.91787518054949,46.233402252197266,1757700,0.0,0.0
2015-02-18 00:00:00-05:00,46.04933131072534,47.49549213942999,46.04056481515881,47.425376892089844,944100,0.0,0.0
2015-02-19 00:00:00-05:00,47.460454274540375,47.591921667194455,46.9959267921981,47.153690338134766,956900,0.0,0.0
2015-02-20 00:00:00-05:00,47.04850368475512,47.34650104580033,46.76803597358772,47.27638244628906,536000,0.0,0.0
2015-02-23 00:00:00-05:00,47.276384292672006,47.59191131591797,46.671626393743225,47.59191131591797,1896800,0.0,0.0
2015-02-24 00:00:00-05:00,47.53933558404327,47.68833262961992,47.004692832852385,47.504276275634766,1179000,0.0,0.0
2015-02-25 00:00:00-05:00,47.889914562467375,48.87155171029241,47.53056504045932,47.73215103149414,1226800,0.0,0.0
2015-02-26 00:00:00-05:00,47.81102752949212,47.83732367738346,46.803097685364754,47.01344680786133,850100,0.0,0.0
2015-02-27 00:00:00-05:00,47.14491490613938,47.49549787203156,46.80309509343299,47.39908981323242,1095700,0.0,0.0
2015-03-02 00:00:00-05:00,47.32020961881088,47.32020961881088,46.00551593069184,46.68915557861328,1506800,0.0,0.0
2015-03-03 00:00:00-05:00,46.67162508520985,47.15367876012518,46.47880227786816,46.987152099609375,897100,0.0,0.0
2015-03-04 00:00:00-05:00,46.73298006987748,46.95209569411488,46.46127549218503,46.82939147949219,774700,0.0,0.0
2015-03-05 00:00:00-05:00,47.00468613590115,47.574384770893566,46.99591963832819,47.25885772705078,1509900,0.0,0.0
2015-03-06 00:00:00-05:00,46.89073828987147,47.00467933776671,45.57604469295919,45.82145309448242,1295100,0.0,0.0
2015-03-09 00:00:00-04:00,45.821456586522906,46.040572202707025,45.654929921861,45.830223083496094,543900,0.0,0.0
2015-03-10 00:00:00-04:00,45.576057189803095,46.049347816891945,45.549764380555814,45.80393600463867,453700,0.0,0.0
2015-03-11 00:00:00-04:00,45.961699889715824,46.128229932029356,45.72505457440685,45.742584228515625,1013600,0.0,0.0
2015-03-12 00:00:00-04:00,46.01428149310863,46.566453807188886,45.9441628878874,46.42621994018555,586800,0.0,0.0
2015-03-13 00:00:00-04:00,46.29475628570559,46.29475628570559,45.43582330141821,45.80393600463867,719900,0.0,0.0
2015-03-16 00:00:00-04:00,45.952925470314995,46.71544684821794,45.838984418257226,46.31227493286133,712200,0.0,0.0
2015-03-17 00:00:00-04:00,46.20712035845951,46.62782210554918,46.08441610015505,46.58399963378906,758500,0.0,0.0
2015-03-18 00:00:00-04:00,46.74174047184116,47.72337740425193,46.39115418140371,47.5480842590332,924000,0.0,0.0
2015-03-19 00:00:00-04:00,47.40785277719148,47.88114328986758,47.22379647007482,47.62696838378906,718200,0.0,0.0
2015-03-20 00:00:00-04:00,47.819800874487115,48.249265678090545,47.565625916919664,48.22297286987305,1056000,0.0,0.0
2015-03-23 00:00:00-04:00,48.12655534544641,48.20543710353522,47.784735508207966,47.85485076904297,592400,0.0,0.0
2015-03-24 00:00:00-04:00,47.819805728688515,48.310622696915395,47.460456158333905,47.583160400390625,736600,0.0,0.0
2015-03-25 00:00:00-04:00,48.24049783208271,48.24049783208271,47.26762390136719,47.26762390136719,674500,0.0,0.0
2015-03-26 00:00:00-04:00,47.206268694900366,47.50426606544414,46.79433026823836,46.855682373046875,794700,0.0,0.0
2015-03-27 00:00:00-04:00,46.89074597429557,47.609444990912436,46.89074597429557,47.416622161865234,590200,0.0,0.0
2015-03-30 00:00:00-04:00,47.600677490234375,47.92496766484371,47.22379836429422,47.600677490234375,748600,0.0,0.0
2015-03-31 00:00:00-04:00,47.60069072654153,47.88115852475091,47.47798313931503,47.51304244995117,1189200,0.0,0.0
2015-04-01 00:00:00-04:00,47.565624345884345,47.76721033691917,47.12739305838968,47.73215103149414,716700,0.0,0.0
2015-04-02 00:00:00-04:00,47.76720800990529,48.15285032047557,47.6445037903347,48.10902786254883,623000,0.0,0.0
2015-04-06 00:00:00-04:00,48.10902621328097,48.65243202850995,47.96002919275008,48.36320114135742,676000,0.0,0.0
2015-04-07 00:00:00-04:00,48.363211508637306,48.4683860952893,47.85486154351301,47.92498016357422,512700,0.0,0.0
2015-04-08 00:00:00-04:00,48.056450949284546,48.13532938176723,47.10986963821442,47.46921920776367,808900,0.0,0.0
2015-04-09 00:00:00-04:00,47.42538695840914,47.52179836947437,47.00468535475656,47.21503448486328,572400,0.0,0.0
2015-04-10 00:00:00-04:00,47.44291765452074,47.53932906770895,47.07480165356933,47.48674011230469,866100,0.0,0.0
2015-04-13 00:00:00-04:00,47.66203517380012,47.72338728581439,46.995921752731824,47.057273864746094,733300,0.0,0.0
2015-04-14 00:00:00-04:00,47.00468090734887,47.34650071900993,46.89073985564891,47.33773422241211,574300,0.0,0.0
2015-04-15 00:00:00-04:00,47.390328119035956,47.591914097125965,47.2413310957065,47.26762390136719,686400,0.0,0.0
2015-04-16 00:00:00-04:00,47.24133063370598,47.44291660982456,46.61903971049567,47.21503448486328,710400,0.0,0.0
2015-04-17 00:00:00-04:00,47.09232697981681,47.3202090888645,46.820622417010384,46.97838592529297,678800,0.0,0.0
2015-04-20 00:00:00-04:00,47.05726397555524,48.030137752243256,47.05726397555524,47.43414306640625,1031100,0.0,0.0
2015-04-21 00:00:00-04:00,47.69709172333009,48.02138528333388,47.13615621031942,47.22380447387695,662300,0.0,0.0
2015-04-22 00:00:00-04:00,47.47795725505156,47.583135129618604,47.04849263593601,47.55683898925781,511800,0.0,0.0
2015-04-23 00:00:00-04:00,47.60068154786445,48.11779457799482,47.45168117811201,47.88114929199219,522200,0.0,0.0
2015-04-24 00:00:00-04:00,48.047681122409244,48.792673020739386,47.898684080119054,48.599853515625,786600,0.0,0.0
2015-04-27 00:00:00-04:00,48.687494357746075,48.722553662440774,47.64450511887377,47.86362075805664,891900,0.0,0.0
2015-04-28 00:00:00-04:00,47.74092554901511,48.47715436941428,47.56563233588388,48.240509033203125,737700,0.0,0.0
2015-04-29 00:00:00-04:00,47.95126635617664,48.371967988159476,47.662035446943165,48.249263763427734,780600,0.0,0.0
2015-04-30 00:00:00-04:00,48.12656032057244,48.249264547297656,47.39033161678167,47.78474044799805,1038500,0.0,0.0
2015-05-01 00:00:00-04:00,47.86361588447732,47.995083248537156,47.25009148854783,47.59191131591797,956300,0.0,0.0
2015-05-04 00:00:00-04:00,47.62698226605004,48.19668434663544,47.59192295635006,47.87239074707031,609900,0.0,0.0
2015-05-05 00:00:00-04:00,47.65326307899656,47.8197930864245,46.73297816342984,46.855682373046875,650600,0.0,0.0
2015-05-06 00:00:00-04:00,46.96962044052231,47.241324989842354,46.18080293826333,46.505096435546875,1016200,0.0,0.0
2015-05-07 00:00:00-04:00,46.69915862512987,47.15785874776255,46.35513437440562,46.74326705932617,932300,0.34,0.0
2015-05-08 00:00:00-04:00,47.069648244840415,47.272534253568054,46.61094812576014,46.73444366455078,1003400,0.0,0.0
2015-05-11 00:00:00-04:00,46.787380596883246,46.981443609467206,46.2757522796126,46.505104064941406,968500,0.0,0.0
2015-05-12 00:00:00-04:00,46.41689128947308,46.558029557705915,46.046404597237526,46.275753021240234,976800,0.0,0.0
2015-05-13 00:00:00-04:00,46.47864045983261,46.75209733489018,46.00230089344456,46.07286834716797,639000,0.0,0.0
2015-05-14 00:00:00-04:00,46.30220963737179,46.75208672716478,46.161071396946426,46.74326705932617,761400,0.0,0.0
2015-05-15 00:00:00-04:00,46.866777333256756,47.34311694132041,46.769744131520895,47.325477600097656,1017000,0.0,0.0
2015-05-18 00:00:00-04:00,47.12257515540395,47.83708941780008,46.875584066428054,47.51070785522461,2025800,0.0,0.0
2015-05-19 00:00:00-04:00,47.50190166969283,47.581292171450066,47.18434302766625,47.33430099487305,601200,0.0,0.0
2015-05-20 00:00:00-04:00,47.307828460630624,47.563639253599376,47.06083397207221,47.14022445678711,709400,0.0,0.0
2015-05-21 00:00:00-04:00,47.19315211460982,47.246080225578204,46.902052551786205,47.09611892700195,821400,0.0,0.0
2015-05-22 00:00:00-04:00,47.08729405219089,47.08729405219089,46.59330849943422,46.672698974609375,867500,0.0,0.0
2015-05-26 00:00:00-04:00,46.496281933833735,46.743276427832726,46.22282843101588,46.59331512451172,697600,0.0,0.0
2015-05-27 00:00:00-04:00,46.74328816173704,47.07848953094935,46.55804140348512,46.93735122680664,623800,0.0,0.0
2015-05-28 00:00:00-04:00,46.76974136768617,47.131408411418676,46.33750350322443,46.49628448486328,1336000,0.0,0.0
2015-05-29 00:00:00-04:00,46.4609931751796,46.8755882818164,46.416888100324975,46.63741683959961,1205800,0.0,0.0
2015-06-01 00:00:00-04:00,46.66387848603849,46.94615497836604,46.43452673289661,46.61977005004883,635000,0.0,0.0
2015-06-02 00:00:00-04:00,46.41688161094425,46.566842882486235,45.86997135620518,46.11696243286133,819000,0.0,0.0
2015-06-03 00:00:00-04:00,46.12579053629181,46.24928608819598,45.40245656228047,45.58769989013672,821900,0.0,0.0
2015-06-04 00:00:00-04:00,45.455385648082775,45.79059029599752,45.42892327443221,45.622989654541016,824200,0.0,0.0
2015-06-05 00:00:00-04:00,45.120181860265966,45.18192963869045,44.59973389568709,44.80261993408203,836200,0.0,0.0
2015-06-08 00:00:00-04:00,45.14664750441102,45.367176261910096,44.89083333811166,45.05843734741211,1019000,0.0,0.0
2015-06-09 00:00:00-04:00,45.11136101082757,45.508313437780835,44.87318955465561,44.98786544799805,995000,0.0,0.0
2015-06-10 00:00:00-04:00,45.04080609150815,45.34954508448158,44.74970644241665,44.77616882324219,1060700,0.0,0.0
2015-06-11 00:00:00-04:00,44.8643653534844,45.07607104980758,44.65265629215985,44.92611312866211,990800,0.0,0.0
2015-06-12 00:00:00-04:00,44.76733124610221,44.882007125484705,44.47623171343925,44.54680252075195,647300,0.0,0.0
2015-06-15 00:00:00-04:00,44.476242537693764,44.60856115110703,43.576488080491174,43.8587646484375,1319800,0.0,0.0
2015-06-16 00:00:00-04:00,43.72644555057946,44.052827197713526,43.35595882113032,43.532379150390625,1710900,0.0,0.0
2015-06-17 00:00:00-04:00,43.611756927710694,44.02635198358431,43.497084420129525,43.72643280029297,1254700,0.0,0.0
2015-06-18 00:00:00-04:00,43.78818647023065,44.652658735013425,43.71761902259611,44.50270080566406,1191300,0.0,0.0
2015-06-19 00:00:00-04:00,44.864370196279346,44.89083256992583,44.370384576534,44.379207611083984,1358000,0.0,0.0
2015-06-22 00:00:00-04:00,44.573273825707595,44.80262563044617,44.132216286597085,44.352745056152344,1012300,0.0,0.0
2015-06-23 00:00:00-04:00,44.47623031351019,44.54680111860162,43.885214963374864,44.12338638305664,1008400,0.0,0.0
2015-06-24 00:00:00-04:00,43.94696689684904,44.176318670113254,43.72643815755735,43.84111404418945,798800,0.0,0.0
2015-06-25 00:00:00-04:00,44.00871082252882,44.03517319212706,43.47944324055662,43.550010681152344,672200,0.0,0.0
2015-06-26 00:00:00-04:00,43.57648023003972,43.86757641610397,43.355951490748026,43.84111404418945,675000,0.0,0.0
2015-06-29 00:00:00-04:00,43.46180736343583,43.86757946432805,43.13542574880529,43.161888122558594,781900,0.0,0.0
2015-06-30 00:00:00-04:00,43.43535337680678,43.594131014987454,42.65909106846758,42.89726257324219,1375700,0.0,0.0
2015-07-01 00:00:00-04:00,43.020748400250056,43.47062556386072,42.80021965308761,43.373592376708984,812600,0.0,0.0
2015-07-02 00:00:00-04:00,43.699977141937154,43.991073337036006,43.673511404199715,43.97343063354492,698700,0.0,0.0
2015-07-06 00:00:00-04:00,43.911683022802514,44.290992736816406,43.82347287000926,44.290992736816406,1562700,0.0,0.0
2015-07-07 00:00:00-04:00,44.326280257314316,45.199575617611444,44.30863755291417,45.05843734741211,1176000,0.0,0.0
2015-07-08 00:00:00-04:00,44.89965727044619,45.23485856574484,44.60855768952689,45.14664840698242,922700,0.0,0.0
2015-07-09 00:00:00-04:00,45.36717782199509,45.37599749199756,44.11457268652486,44.26453399658203,1437500,0.0,0.0
2015-07-10 00:00:00-04:00,44.36156245104913,45.04079137871998,44.11456797234966,44.80261993408203,834300,0.0,0.0
2015-07-13 00:00:00-04:00,45.049609498279914,45.27013823221119,44.732047583018655,44.979042053222656,595500,0.0,0.0
2015-07-14 00:00:00-04:00,45.190749578817936,45.37599291520253,44.96140116686581,45.15546417236328,710700,0.0,0.0
2015-07-15 00:00:00-04:00,45.181930724106635,45.234855469741014,44.917293535928216,45.20839309692383,597900,0.0,0.0
2015-07-16 00:00:00-04:00,45.37598794301274,45.817045380361236,45.164282257486136,45.675907135009766,560500,0.0,0.0
2015-07-17 00:00:00-04:00,45.7288380422368,45.79058581805086,45.26131820678711,45.26131820678711,695300,0.0,0.0
2015-07-20 00:00:00-04:00,45.26131485170596,45.517125604686846,44.987858032656064,45.305419921875,617700,0.0,0.0
2015-07-21 00:00:00-04:00,45.24369219617679,45.34954508448158,44.66149626299642,44.77616882324219,592600,0.0,0.0
2015-07-22 00:00:00-04:00,44.66148149231648,45.28778230807346,44.66148149231648,45.111358642578125,550500,0.0,0.0
2015-07-23 00:00:00-04:00,45.08490391515623,45.287789987126935,44.31746470987535,44.4938850402832,643400,0.0,0.0
2015-07-24 00:00:00-04:00,44.51152173067857,45.02315004172164,44.48505935769415,44.9349365234375,603400,0.0,0.0
2015-07-27 00:00:00-04:00,44.89082756872647,45.62298456472719,44.793794389497336,45.52595138549805,794700,0.0,0.0
2015-07-28 00:00:00-04:00,45.43773632609523,45.640625711205075,45.05843002067565,45.41127395629883,747000,0.0,0.0
2015-07-29 00:00:00-04:00,45.3142432328062,45.64062818129834,45.1113572017173,45.61416244506836,518200,0.0,0.0
2015-07-30 00:00:00-04:00,45.49068096149109,45.843528390336296,45.376005042366025,45.508323669433594,537400,0.0,0.0
2015-07-31 00:00:00-04:00,45.8346972731828,46.258112094147315,45.543601055958014,45.790592193603516,523900,0.0,0.0
2015-08-03 00:00:00-04:00,45.79940632153743,46.249286827812995,45.72883887575,45.940547943115234,684700,0.0,0.0
2015-08-04 00:00:00-04:00,45.93172684151776,46.00229765527542,45.137822011752064,45.19075012207031,603900,0.0,0.0
2015-08-05 00:00:00-04:00,45.44656435653639,45.95818929719726,45.29660305953126,45.51713180541992,666800,0.0,0.0
2015-08-06 00:00:00-04:00,45.206349902215685,46.0410367408323,44.91332287728535,45.970001220703125,1016500,0.34,0.0
2015-08-07 00:00:00-04:00,45.86344363380573,46.66261097316489,45.61481085921548,46.449501037597656,689700,0.0,0.0
2015-08-10 00:00:00-04:00,46.44950278608217,46.79580898490584,46.26302735128971,46.40510177612305,529000,0.0,0.0
2015-08-11 00:00:00-04:00,46.511661612162854,47.177636134839155,46.29854827448494,47.16875457763672,839700,0.0,0.0
2015-08-12 00:00:00-04:00,46.83132573620059,47.80808692716432,46.70700765773715,47.71929168701172,934800,0.0,0.0
2015-08-13 00:00:00-04:00,47.63049057952849,48.349744181671305,47.55945506856932,48.10999298095703,956300,0.0,0.0
2015-08-14 00:00:00-04:00,47.923530871254464,48.22543947678043,47.808094331321115,48.207679748535156,635900,0.0,0.0
2015-08-17 00:00:00-04:00,48.30535617688602,48.669422134720406,48.18103808015569,48.553985595703125,697900,0.0,0.0
2015-08-18 00:00:00-04:00,48.394142187862556,48.65165311521376,48.021198130861066,48.509578704833984,590300,0.0,0.0
2015-08-19 00:00:00-04:00,48.26094476240234,48.72268743164098,48.08335429427452,48.66053009033203,557600,0.0,0.0
2015-08-20 00:00:00-04:00,48.32310152726168,48.70492712635955,47.86136225085221,48.11886978149414,1029300,0.0,0.0
2015-08-21 00:00:00-04:00,47.586092787441125,48.340862448638006,47.586092787441125,47.967918395996094,1036200,0.0,0.0
2015-08-24 00:00:00-04:00,46.36958676506947,47.0444394515468,44.54037553982902,46.11207580566406,1924800,0.0,0.0
2015-08-25 00:00:00-04:00,46.83133305232882,47.097722201724004,45.5970573425293,45.5970573425293,1783400,0.0,0.0
2015-08-26 00:00:00-04:00,46.06767237644023,46.43173826418323,44.87779792110337,46.29854202270508,1448100,0.0,0.0
2015-08-27 00:00:00-04:00,46.76917445761312,47.222039080972486,46.360710850626916,47.186519622802734,1016000,0.0,0.0
2015-08-28 00:00:00-04:00,47.079960811632425,47.301952326179546,46.66261568034089,47.07107925415039,1142700,0.0,0.0
2015-08-31 00:00:00-04:00,46.831320365850765,46.831320365850765,45.827918008048705,46.12094497680664,827800,0.0,0.0
2015-09-01 00:00:00-04:00,45.96111584080276,46.11207181291901,45.126429071611085,45.339542388916016,895600,0.0,0.0
2015-09-02 00:00:00-04:00,45.801289390842335,45.95224198982208,45.179712493225836,45.650333404541016,1063400,0.0,0.0
2015-09-03 00:00:00-04:00,45.69472803666138,46.54717455552769,45.67696831076983,46.36070251464844,1256300,0.0,0.0
2015-09-04 00:00:00-04:00,45.88120428638115,46.04992000416708,45.20635157720244,45.38394546508789,1210200,0.0,0.0
2015-09-08 00:00:00-04:00,45.801282894864464,46.20974639721793,45.65032692997316,45.898956298828125,889200,0.0,0.0
2015-09-09 00:00:00-04:00,46.156470559734146,46.18310845480221,45.4105790119362,45.47273635864258,983400,0.0,0.0
2015-09-10 00:00:00-04:00,45.57041752307286,45.88120428638115,45.241871032243864,45.38394546508789,994100,0.0,0.0
2015-09-11 00:00:00-04:00,45.18858298881441,46.15646593131366,45.05539013950888,46.13870620727539,662500,0.0,0.0
2015-09-14 00:00:00-04:00,46.174227237215085,46.55605284881621,46.06767227665604,46.3873405456543,967400,0.0,0.0
2015-09-15 00:00:00-04:00,46.493886040139266,46.71587747204419,46.25413488720349,46.600440979003906,467400,0.0,0.0
2015-09-16 00:00:00-04:00,46.60932972685506,47.017793211645404,46.59157000308318,46.92011642456055,568800,0.0,0.0
2015-09-17 00:00:00-04:00,46.85796340105313,47.74592934751086,46.84020367564542,47.346343994140625,911500,0.0,0.0
2015-09-18 00:00:00-04:00,47.01779164831104,47.90575748345451,46.88459541811118,47.50617218017578,1000600,0.0,0.0
2015-09-21 00:00:00-04:00,47.59497290936721,48.01231798406036,47.5416971209868,47.666011810302734,699400,0.0,0.0
2015-09-22 00:00:00-04:00,47.32859571761119,47.692661708234276,47.23980045641418,47.57722854614258,786400,0.0,0.0
2015-09-23 00:00:00-04:00,47.52393068542132,48.07446854065134,47.45289179451641,47.861358642578125,908800,0.0,0.0
2015-09-24 00:00:00-04:00,47.63049465233082,48.55398008501343,47.57721886138619,48.278709411621094,793500,0.0,0.0
2015-09-25 00:00:00-04:00,48.39414562455817,49.39754812448982,48.28759065603665,48.74045181274414,1542900,0.0,0.0
2015-09-28 00:00:00-04:00,48.713813083277024,48.829249606469425,47.94128364691227,48.03007888793945,962400,0.0,0.0
2015-09-29 00:00:00-04:00,47.834720971094,48.18990867775468,47.657127117763665,48.11886978149414,874900,0.0,0.0
2015-09-30 00:00:00-04:00,48.43854774439517,48.926928398406965,48.2875951405806,48.90917205810547,1109500,0.0,0.0
2015-10-01 00:00:00-04:00,48.855881766150624,49.113392677150266,48.50069406909451,49.07787322998047,925200,0.0,0.0
2015-10-02 00:00:00-04:00,49.13115576347544,49.43306092311959,48.55397656308494,49.397544860839844,1192000,0.0,0.0
2015-10-05 00:00:00-04:00,49.450818175092316,49.92144239046735,49.32650349502679,49.788246154785156,1180100,0.0,0.0
2015-10-06 00:00:00-04:00,49.79712345666139,49.85039923652659,49.335380836345735,49.38865661621094,625000,0.0,0.0
2015-10-07 00:00:00-04:00,49.49522390554178,49.6017788718714,49.0068399196116,49.1489143371582,778500,0.0,0.0
2015-10-08 00:00:00-04:00,49.166673829481844,50.47198486328125,48.96244206693522,50.47198486328125,1143500,0.0,0.0
2015-10-09 00:00:00-04:00,50.45423289670418,50.720622045890764,50.17896218972901,50.49863052368164,964100,0.0,0.0
2015-10-12 00:00:00-04:00,50.56078441562965,51.29779784479487,50.46311099789833,51.013648986816406,639900,0.0,0.0
2015-10-13 00:00:00-04:00,50.90709592749452,51.297799775086354,50.77389966335186,51.22676086425781,1022500,0.0,0.0
2015-10-14 00:00:00-04:00,51.20899366266093,51.63522029078149,50.58742022023764,50.738372802734375,1206800,0.0,0.0
2015-10-15 00:00:00-04:00,49.97472113125281,51.68849563598633,49.75272965019739,51.68849563598633,1159700,0.0,0.0
2015-10-16 00:00:00-04:00,51.72402193169915,52.061449976012646,51.43987306932619,51.83945846557617,951600,0.0,0.0
2015-10-19 00:00:00-04:00,51.82169246210619,52.36335222394192,51.768413286618326,52.3455924987793,1093300,0.0,0.0
2015-10-20 00:00:00-04:00,52.194631793098154,52.56757921303441,52.017041332226604,52.03479766845703,820000,0.0,0.0
2015-10-21 00:00:00-04:00,52.24792418232713,52.4521559738562,51.39547756012187,51.448753356933594,1188400,0.0,0.0
2015-10-22 00:00:00-04:00,51.57306729965473,52.1324834450542,51.57306729965473,51.910491943359375,1042200,0.0,0.0
2015-10-23 00:00:00-04:00,51.91047938943976,51.9548770015774,51.01363542990498,51.17346954345703,829500,0.0,0.0
2015-10-26 00:00:00-04:00,51.280033481505704,51.74177618080474,51.07580172000596,51.67961883544922,492300,0.0,0.0
2015-10-27 00:00:00-04:00,51.581943346747536,51.75953721825985,51.306672676537374,51.43986892700195,692500,0.0,0.0
2015-10-28 00:00:00-04:00,51.466511294923734,51.85721852366998,50.64958415722097,51.26227951049805,719100,0.0,0.0
2015-10-29 00:00:00-04:00,50.94259661704096,51.26226484462456,50.027992933815106,50.685089111328125,1025400,0.0,0.0
2015-10-30 00:00:00-04:00,50.78277129199979,51.40434813239471,50.6229371505462,50.9337272644043,737200,0.0,0.0
2015-11-02 00:00:00-05:00,51.12908304004535,51.42211005367579,50.57854169049729,50.88933181762695,697500,0.0,0.0
2015-11-03 00:00:00-05:00,50.818296486793066,51.48427102235053,50.54302579266019,51.26227951049805,1000100,0.0,0.0
2015-11-04 00:00:00-05:00,51.24451316546099,51.4842643737793,50.92484488770324,51.4842643737793,1076500,0.0,0.0
2015-11-05 00:00:00-05:00,51.841550189304236,52.14523962239728,51.16271338248348,51.975528717041016,965900,0.34,0.0
2015-11-06 00:00:00-05:00,51.74329346489754,52.002323369923786,49.242323648541976,49.51921463012695,1153400,0.0,0.0
2015-11-09 00:00:00-05:00,49.42096758740084,49.921159531669886,49.26912117053197,49.83184051513672,907800,0.0,0.0
2015-11-10 00:00:00-05:00,49.76931138459635,50.60892163816522,49.65319394924796,50.58212661743164,636000,0.0,0.0
2015-11-11 00:00:00-05:00,50.60892891476357,51.06446136923994,50.4928114627197,50.81436538696289,555900,0.0,0.0
2015-11-12 00:00:00-05:00,50.68930873863562,51.39494046217695,50.32309536686001,50.439212799072266,479000,0.0,0.0
2015-11-13 00:00:00-05:00,50.34988943453231,50.76076570828844,49.96581158758083,50.02833557128906,450000,0.0,0.0
2015-11-16 00:00:00-05:00,50.0194156874738,50.77863759838061,49.81397921049081,50.76077651977539,470500,0.0,0.0
2015-11-17 00:00:00-05:00,50.698241664226884,50.84115412318059,50.01047779803215,50.06406784057617,643800,0.0,0.0
2015-11-18 00:00:00-05:00,50.144460154191485,51.01979945827164,50.01941216893747,50.966209411621094,579400,0.0,0.0
2015-11-19 00:00:00-05:00,50.984074395975654,51.35028781665261,50.93048094149777,51.15378189086914,519400,0.0,0.0
2015-11-20 00:00:00-05:00,51.18950898581578,51.7164993433244,51.10018656495722,51.2698974609375,457500,0.0,0.0
2015-11-23 00:00:00-05:00,51.35921537115205,51.68969980297406,51.21630290815048,51.332420349121094,623000,0.0,0.0
2015-11-24 00:00:00-05:00,51.055534998054924,51.23417646025142,50.46602055791824,50.80543899536133,1067700,0.0,0.0
2015-11-25 00:00:00-05:00,50.89475198736843,51.07339342838043,50.68038498399571,50.93048095703125,617600,0.0,0.0
2015-11-27 00:00:00-05:00,51.0555320573547,51.85048294067383,51.02873703212443,51.85048294067383,556600,0.0,0.0
2015-11-30 00:00:00-05:00,51.77902895275165,52.16310688586436,51.35922204741862,51.591453552246094,1444800,0.0,0.0
2015-12-01 00:00:00-05:00,51.5646569034872,52.198830807573884,51.25203692465636,51.68970489501953,942400,0.0,0.0
2015-12-02 00:00:00-05:00,51.48426831121681,51.68970478362036,50.876889433109696,51.046600341796875,659900,0.0,0.0
2015-12-03 00:00:00-05:00,51.11805071803425,51.32348717372536,50.87688529423112,51.27882766723633,688300,0.0,0.0
2015-12-04 00:00:00-05:00,51.30563611224177,51.841560552224486,51.287771623512064,51.814762115478516,702900,0.0,0.0
2015-12-07 00:00:00-05:00,51.582513614353715,52.172027919368546,51.43960115881381,52.1630973815918,783000,0.0,0.0
2015-12-08 00:00:00-05:00,51.83261251046542,52.43106079462734,51.69863399237679,52.207759857177734,962900,0.0,0.0
2015-12-09 00:00:00-05:00,51.770089041390946,52.48465136695807,51.68077002843328,51.72542953491211,917900,0.0,0.0
2015-12-10 00:00:00-05:00,51.82368477073425,51.85941374040806,50.58213203663711,50.70718002319336,1043300,0.0,0.0
2015-12-11 00:00:00-05:00,50.68037821535567,51.064452662378415,50.37668882838527,50.662513732910156,751800,0.0,0.0
2015-12-14 00:00:00-05:00,50.644649250464646,51.02872710478903,50.457077295739246,50.662513732910156,1170700,0.0,0.0
2015-12-15 00:00:00-05:00,50.68038220587568,51.34135107189537,50.68038220587568,51.08232116699219,1127200,0.0,0.0
2015-12-16 00:00:00-05:00,51.38600930284781,52.6275619376991,51.38600930284781,52.51144790649414,1195600,0.0,0.0
2015-12-17 00:00:00-05:00,52.53824671673893,53.39572153839055,52.35960527706933,52.95805358886719,1886000,0.0,0.0
2015-12-18 00:00:00-05:00,52.8508701269267,53.5475714463377,52.020193681806006,53.19028854370117,2238900,0.0,0.0
2015-12-21 00:00:00-05:00,53.24387884971446,53.25280938846574,51.85941364672518,52.0469856262207,1134600,0.0,0.0
2015-12-22 00:00:00-05:00,52.32387965436974,52.8062071114263,51.77902479729449,52.7258186340332,1020300,0.0,0.0
2015-12-23 00:00:00-05:00,52.91338968683006,53.368922083223026,52.84193175397528,53.20814514160156,782200,0.0,0.0
2015-12-24 00:00:00-05:00,53.07417087806855,53.66368868726383,53.07417087806855,53.44038772583008,383300,0.0,0.0
2015-12-28 00:00:00-05:00,53.34213409330212,54.172813932074476,53.32426960773363,54.1370849609375,908800,0.0,0.0
2015-12-29 00:00:00-05:00,54.26214052614875,54.66408298928446,54.10136354089446,54.12815856933594,724700,0.0,0.0
2015-12-30 00:00:00-05:00,54.342516244947525,54.44076920254108,53.87804988642467,53.99416732788086,476600,0.0,0.0
2015-12-31 00:00:00-05:00,53.93163863965261,54.06561714599774,53.21707638390713,53.368919372558594,538500,0.0,0.0
2016-01-04 00:00:00-05:00,53.30639810933711,54.11921335560947,53.30639810933711,53.878047943115234,1518500,0.0,0.0
2016-01-05 00:00:00-05:00,53.9048534147605,54.00310638785839,53.038447958166074,53.72621536254883,1317700,0.0,0.0
2016-01-06 00:00:00-05:00,53.2885401219175,53.8780545107749,53.11883262160932,53.49397659301758,824000,0.0,0.0
2016-01-07 00:00:00-05:00,52.85086794798894,53.3242682855603,52.609705917049546,53.09203338623047,1016700,0.0,0.0
2016-01-08 00:00:00-05:00,53.26173309324383,53.84231340489987,53.163480149361675,53.29745864868164,689900,0.0,0.0
2016-01-11 00:00:00-05:00,53.66368205542676,54.09241943951929,53.395718208979815,53.81552505493164,730600,0.0,0.0
2016-01-12 00:00:00-05:00,53.958442116611515,54.047761134840975,52.92232583155998,53.76193618774414,915300,0.0,0.0
2016-01-13 00:00:00-05:00,54.04776284315041,54.21747375337349,53.46718239170402,53.6726188659668,782700,0.0,0.0
2016-01-14 00:00:00-05:00,53.61901353791195,54.69979253426069,53.58328798178175,54.378238677978516,946700,0.0,0.0
2016-01-15 00:00:00-05:00,54.0030972778066,54.31572063104392,52.707951173941986,54.02096176147461,968300,0.0,0.0
2016-01-19 00:00:00-05:00,54.13708619453446,54.80698908575744,54.01203820000788,54.49436569213867,1087200,0.0,0.0
2016-01-20 00:00:00-05:00,54.49436411542495,54.75339404362241,53.06523935175313,54.14601516723633,1884500,0.0,0.0
2016-01-21 00:00:00-05:00,54.20853347185766,54.387174900388345,53.619019142817706,53.81552505493164,1275600,0.0,0.0
2016-01-22 00:00:00-05:00,54.262135093559976,56.22718428869669,53.91378612948574,55.77164840698242,1272100,0.0,0.0
2016-01-25 00:00:00-05:00,56.05746961348846,56.227180518053046,54.76232681489713,54.878440856933594,1055900,0.0,0.0
2016-01-26 00:00:00-05:00,55.146394670127385,55.834158479956095,54.940954832872926,55.691246032714844,999900,0.0,0.0
2016-01-27 00:00:00-05:00,55.691259922403574,56.19145531615001,55.34291095832934,55.77164840698242,874900,0.0,0.0
2016-01-28 00:00:00-05:00,56.048535228413186,57.1025159244161,55.798439269125005,56.67377853393555,869500,0.0,0.0
2016-01-29 00:00:00-05:00,57.173963462454054,58.09396206593106,56.8166806650429,57.977848052978516,1391600,0.0,0.0
2016-02-01 00:00:00-05:00,57.78135882501625,58.62096580409618,57.78135882501625,58.085044860839844,1292400,0.0,0.0
2016-02-02 00:00:00-05:00,58.17435522258359,58.5316380697717,57.35260944427339,58.37979507446289,1031700,0.0,0.0
2016-02-03 00:00:00-05:00,58.79960888206361,59.36232483326196,58.50484998708168,58.84426498413086,1164500,0.0,0.0
2016-02-04 00:00:00-05:00,58.6377635601836,58.664697588559974,57.20122496380721,57.39875030517578,1964200,0.34,0.0
2016-02-05 00:00:00-05:00,57.111438599636884,57.43466061750587,56.707411077300655,57.210201263427734,1306400,0.0,0.0
2016-02-08 00:00:00-05:00,57.210198758898976,57.757880106869884,56.78821409571265,57.72196578979492,1005700,0.0,0.0
2016-02-09 00:00:00-05:00,57.58729363016728,59.26625213159219,57.58729363016728,59.00587844848633,1752500,0.0,0.0
2016-02-10 00:00:00-05:00,59.257264372363885,59.92166208521806,58.96097640651279,59.867794036865234,1556800,0.0,0.0
2016-02-11 00:00:00-05:00,59.607425153156186,59.957581195360795,58.76345579504464,59.329097747802734,1898200,0.0,0.0
2016-02-12 00:00:00-05:00,59.3290965478869,59.58947021373948,58.296582176390274,58.43125915527344,1489100,0.0,0.0
2016-02-16 00:00:00-05:00,58.889161600739854,58.889161600739854,57.1294042501847,58.494117736816406,1709200,0.0,0.0
2016-02-17 00:00:00-05:00,58.81733275228458,58.81733275228458,57.82971293592674,58.09906005859375,1837100,0.0,0.0
2016-02-18 00:00:00-05:00,58.12599179996335,59.544576546738696,58.045189721327745,59.08667755126953,1649200,0.0,0.0
2016-02-19 00:00:00-05:00,58.74550075163292,59.5804897990409,58.63775779875729,59.05076217651367,996100,0.0,0.0
2016-02-22 00:00:00-05:00,59.44582294888341,59.643348304498815,59.131581178566556,59.499691009521484,668900,0.0,0.0
2016-02-23 00:00:00-05:00,59.356035082823134,60.02941317843832,59.356035082823134,59.858821868896484,865900,0.0,0.0
2016-02-24 00:00:00-05:00,59.939622173440036,60.110206608468324,59.32011222267272,59.876773834228516,1178900,0.0,0.0
2016-02-25 00:00:00-05:00,60.693812194746464,61.49288700285375,60.27182748373234,61.097843170166016,1350600,0.0,0.0
2016-02-26 00:00:00-05:00,60.7476849784673,60.7476849784673,58.05417263629371,58.1888427734375,2436800,0.0,0.0
2016-02-29 00:00:00-05:00,58.099063712655116,59.28420893681383,58.04519565472497,58.19782638549805,1427100,0.0,0.0
2016-03-01 00:00:00-05:00,58.44921259210398,59.113610341273855,58.296581880124734,58.6287841796875,1120500,0.0,0.0
2016-03-02 00:00:00-05:00,61.2774143354721,61.97772654617008,60.20898543199556,61.735313415527344,13574700,0.0,0.0
2016-03-03 00:00:00-05:00,61.564718593493986,61.6185866528138,60.52323063022293,60.96316909790039,33567100,0.0,0.0
2016-03-04 00:00:00-05:00,60.6489182014156,60.96315991671687,59.822902599823564,60.93622589111328,3304500,0.0,0.0
2016-03-07 00:00:00-05:00,60.810532008967016,60.90928782408192,60.173061407161974,60.46036911010742,2151500,0.0,0.0
2016-03-08 00:00:00-05:00,60.460365037570746,61.618576063603996,60.24488598736506,61.3851432800293,2352600,0.0,0.0
2016-03-09 00:00:00-05:00,61.295376866875955,61.93284766289834,61.12479236156395,61.6724739074707,1495500,0.0,0.0
2016-03-10 00:00:00-05:00,61.681430671441355,61.932830913835396,60.93623078670236,61.25945281982422,1711900,0.0,0.0
2016-03-11 00:00:00-05:00,61.72631824085049,61.94179728835831,60.90928295870209,61.151702880859375,2025700,0.0,0.0
2016-03-14 00:00:00-04:00,61.01703367722974,61.36718974275145,60.72972596064895,61.052947998046875,1498700,0.0,0.0
2016-03-15 00:00:00-04:00,60.765632246846955,61.923843252721255,60.765632246846955,61.58266067504883,1430400,0.0,0.0
2016-03-16 00:00:00-04:00,61.41207756073305,61.95077861346775,60.64891716519593,61.86099624633789,1543700,0.0,0.0
2016-03-17 00:00:00-04:00,61.85201972698012,62.9384021904074,61.59164605145451,62.821685791015625,1990300,0.0,0.0
2016-03-18 00:00:00-04:00,62.83964213672177,62.86657616462706,61.05294750278964,61.061927795410156,3278800,0.0,0.0
2016-03-21 00:00:00-04:00,61.06193789003387,61.367199390033974,60.55914416950815,60.64893341064453,2150400,0.0,0.0
2016-03-22 00:00:00-04:00,60.64893268665953,60.963174477013546,60.47834135048566,60.70280075073242,1692700,0.0,0.0
2016-03-23 00:00:00-04:00,60.891346551823595,60.963175204749746,60.44242774597117,60.64893341064453,1038500,0.0,0.0
2016-03-24 00:00:00-04:00,60.765639699750636,61.03499367832245,60.45139795805433,60.72074508666992,1575900,0.0,0.0
2016-03-28 00:00:00-04:00,60.5950377374785,61.21454766931107,60.173053108546455,60.28079605102539,1208300,0.0,0.0
2016-03-29 00:00:00-04:00,60.30773217219119,61.816099169595425,60.30773217219119,61.69938278198242,1528900,0.0,0.0
2016-03-30 00:00:00-04:00,61.636546036031554,61.878959148195335,61.187627283911816,61.60063171386719,1000200,0.0,0.0
2016-03-31 00:00:00-04:00,61.726324623596796,62.309920335483845,61.474931233850036,61.887935638427734,1404200,0.0,0.0
2016-04-01 00:00:00-04:00,61.80712418460368,62.57029146514498,61.76223642395503,62.39970016479492,1313900,0.0,0.0
2016-04-04 00:00:00-04:00,62.39970332812324,62.695991333239064,61.905889986263524,62.5074462890625,1231900,0.0,0.0
2016-04-05 00:00:00-04:00,62.46255808948617,62.68701747702205,61.94181066641328,61.99568557739258,1655700,0.0,0.0
2016-04-06 00:00:00-04:00,61.95078145857338,62.40868045690699,61.645520026321535,62.39970016479492,1379800,0.0,0.0
2016-04-07 00:00:00-04:00,62.30991959337856,63.01023169931992,62.15728887284386,62.6690559387207,1664100,0.0,0.0
2016-04-08 00:00:00-04:00,62.6241499859022,63.405270881817614,62.6241499859022,63.18978500366211,1079000,0.0,0.0
2016-04-11 00:00:00-04:00,63.46813558928591,63.584851999262064,62.866579253368556,62.93840789794922,923400,0.0,0.0
2016-04-12 00:00:00-04:00,62.93840636701041,63.25264811696136,62.54336253133909,63.19878005981445,870700,0.0,0.0
2016-04-13 00:00:00-04:00,63.53995583833886,63.53995583833886,62.50744820992236,63.19878005981445,871100,0.0,0.0
2016-04-14 00:00:00-04:00,63.00123627234582,63.30650449003757,62.89350018959353,63.243656158447266,835300,0.0,0.0
2016-04-15 00:00:00-04:00,63.11798849637708,64.13254255819784,63.11798849637708,63.97991180419922,1438400,0.0,0.0
2016-04-18 00:00:00-04:00,63.952953560604506,64.39289191733066,63.48607433105617,64.37493133544922,940400,0.0,0.0
2016-04-19 00:00:00-04:00,64.37494145025454,64.83284046080877,64.00683166330563,64.82386016845703,876800,0.0,0.0
2016-04-20 00:00:00-04:00,64.91364039625519,65.00342275746233,63.59381845164935,63.63870620727539,1171200,0.0,0.0
2016-04-21 00:00:00-04:00,63.369386857428,63.37836030250741,61.133766040200875,61.28640365600586,2645300,0.0,0.0
2016-04-22 00:00:00-04:00,61.412087173135525,62.345839007341866,61.412087173135525,62.16626739501953,1524500,0.0,0.0
2016-04-25 00:00:00-04:00,63.02819036084671,63.566898345947266,62.6331465150513,63.566898345947266,1618600,0.0,0.0
2016-04-26 00:00:00-04:00,63.64769134392663,64.41983203901087,63.58484300130143,64.11457061767578,1280300,0.0,0.0
2016-04-27 00:00:00-04:00,64.31208020654773,64.97648470821596,63.8541881377753,64.79691314697266,1141700,0.0,0.0
2016-04-28 00:00:00-04:00,64.33006317662446,65.23688103913021,64.20436646498489,64.99446105957031,956000,0.0,0.0
2016-04-29 00:00:00-04:00,64.71613792409804,65.43440391712141,64.19539045543479,65.32666778564453,1439200,0.0,0.0
2016-05-02 00:00:00-04:00,65.63190373058664,66.68237170311836,65.23685998576175,66.61054992675781,1578500,0.0,0.0
2016-05-03 00:00:00-04:00,66.65545604227343,66.96969780652363,66.02697251377305,66.37712860107422,1372900,0.0,0.0
2016-05-04 00:00:00-04:00,66.26040528919431,67.23904480309403,65.78454569578571,66.843994140625,1409000,0.0,0.0
2016-05-05 00:00:00-04:00,66.6770514250029,67.57040829357058,65.74759842537966,66.05440521240234,1578600,0.375,0.0
2016-05-06 00:00:00-04:00,66.03635167447015,66.86654192277553,65.46785317751515,66.79434967041016,1583700,0.0,0.0
2016-05-09 00:00:00-04:00,66.94777275312723,67.21848342440961,66.72217708474184,67.03800964355469,1276500,0.0,0.0
2016-05-10 00:00:00-04:00,67.14628961016291,67.38090411888315,66.83947595968114,67.23652648925781,935800,0.0,0.0
2016-05-11 00:00:00-04:00,67.31774432731554,67.42603272380641,66.6590088480708,67.24555206298828,975200,0.0,0.0
2016-05-12 00:00:00-04:00,67.26361823819721,67.768950429409,66.92973410635528,67.62457275390625,1093900,0.0,0.0
2016-05-13 00:00:00-04:00,67.35387142469902,67.70580026929832,66.94780179928026,67.41703796386719,713700,0.0,0.0
2016-05-16 00:00:00-04:00,67.12824884805937,67.90429852482809,67.00191582017922,67.85917663574219,862000,0.0,0.0
2016-05-17 00:00:00-04:00,67.72383731262778,67.85918923575015,65.72054623479735,66.17173767089844,1469000,0.0,0.0
2016-05-18 00:00:00-04:00,65.79271942581609,66.76728741268154,64.90838143842687,65.549072265625,1460900,0.0,0.0
2016-05-19 00:00:00-04:00,65.49492514684462,66.24390429296268,65.10690038671629,66.23487854003906,908000,0.0,0.0
2016-05-20 00:00:00-04:00,66.41538270762251,66.65902995571983,65.83785817939727,66.24393463134766,3491900,0.0,0.0
2016-05-23 00:00:00-04:00,66.44244010108264,66.66803579094938,65.9551525848144,66.0093002319336,881300,0.0,0.0
2016-05-24 00:00:00-04:00,66.28001683423928,66.81242628976975,65.89199193771188,66.75828552246094,1232200,0.0,0.0
2016-05-25 00:00:00-04:00,66.86655570048208,67.26360628567089,65.94612838938403,66.12660217285156,1289600,0.0,0.0
2016-05-26 00:00:00-04:00,66.26197220668124,66.86656705707854,65.87394731015385,66.75828552246094,1148900,0.0,0.0
2016-05-27 00:00:00-04:00,66.7492618593529,66.97485757639295,66.30709618165217,66.8846206665039,956800,0.0,0.0
2016-05-31 00:00:00-04:00,66.92973604477388,67.29971632736556,66.63194804434178,66.86656951904297,1755200,0.0,0.0
2016-06-01 00:00:00-04:00,66.83045945743415,67.89527130126953,66.73119681129948,67.89527130126953,1044600,0.0,0.0
2016-06-02 00:00:00-04:00,67.89527277008418,67.89527277008418,66.94777506098306,67.85917663574219,966700,0.0,0.0
2016-06-03 00:00:00-04:00,68.4367055106392,69.25787713042563,68.41866088459993,68.99618530273438,1017400,0.0,0.0
2016-06-06 00:00:00-04:00,68.6171805078001,68.87887231380459,68.12989302951246,68.42768096923828,1038900,0.0,0.0
2016-06-07 00:00:00-04:00,68.30134245278278,68.91496290744934,68.1930540603241,68.55400848388672,809100,0.0,0.0
2016-06-08 00:00:00-04:00,68.46376558412358,69.2578597384881,68.30133645202261,69.22176361083984,796100,0.0,0.0
2016-06-09 00:00:00-04:00,69.02325464882666,69.98880391634732,68.74351819929193,69.9075927734375,837800,0.0,0.0
2016-06-10 00:00:00-04:00,69.5737301648602,70.16930626867595,69.50153787022141,69.93468475341797,839900,0.0,0.0
2016-06-13 00:00:00-04:00,70.0248928863112,70.47608421532692,69.91661137351277,70.07904052734375,996000,0.0,0.0
2016-06-14 00:00:00-04:00,69.77221984429313,70.41291064106753,69.48345769807604,70.40388488769531,1188800,0.0,0.0
2016-06-15 00:00:00-04:00,70.61143652257266,70.85507678868373,69.61881706659402,70.21438598632812,948200,0.0,0.0
2016-06-16 00:00:00-04:00,70.23244208015149,71.06263245139873,70.23244208015149,70.99946594238281,1129800,0.0,0.0
2016-06-17 00:00:00-04:00,70.87313730867811,71.0987329812097,69.93465848479069,70.53925323486328,2037500,0.0,0.0
2016-06-20 00:00:00-04:00,70.6114602209162,70.6114602209162,69.25788590358235,70.02490997314453,1999400,0.0,0.0
2016-06-21 00:00:00-04:00,70.20536195677201,70.88214883854823,69.80831144971434,70.52119445800781,1250800,0.0,0.0
2016-06-22 00:00:00-04:00,70.61145001386764,70.83704570081291,70.22342515693643,70.62047576904297,908700,0.0,0.0
2016-06-23 00:00:00-04:00,70.83704970723383,71.23410034179688,70.45805058404243,71.23410034179688,922000,0.0,0.0
2016-06-24 00:00:00-04:00,70.09706572944305,72.99371243299281,70.09706572944305,72.12742614746094,2603000,0.0,0.0
2016-06-27 00:00:00-04:00,72.37108857264258,74.00440591380631,72.21768516852688,73.73368835449219,1957000,0.0,0.0
2016-06-28 00:00:00-04:00,74.29316774966969,74.50973766532668,72.87642721644515,74.10366821289062,1654800,0.0,0.0
2016-06-29 00:00:00-04:00,74.68119212066303,75.06921694635015,74.03147549303497,74.28414154052734,1544600,0.0,0.0
2016-06-30 00:00:00-04:00,74.52778822991671,76.28743872820354,74.35634018848005,76.26036834716797,1951800,0.0,0.0
2016-07-01 00:00:00-04:00,76.53107172629598,76.79276352568061,74.96995356898196,75.890380859375,1045300,0.0,0.0
2016-07-05 00:00:00-04:00,75.89040114923418,76.91911711308671,75.61969040774602,76.48597717285156,1303100,0.0,0.0
2016-07-06 00:00:00-04:00,75.70990075004933,76.17011779908493,74.92482541753365,75.8633041381836,1790200,0.0,0.0
2016-07-07 00:00:00-04:00,75.52940937442679,75.66476812075867,74.29314980668742,74.51874542236328,2064400,0.0,0.0
2016-07-08 00:00:00-04:00,74.16683957928139,75.24969611307154,73.54419328580337,75.22262573242188,1724500,0.0,0.0
2016-07-11 00:00:00-04:00,75.08726760268925,75.08726760268925,74.32024364414534,74.68119812011719,1753600,0.0,0.0
2016-07-12 00:00:00-04:00,74.4556140357317,74.68120975778973,73.27348777059575,73.35470581054688,1933700,0.0,0.0
2016-07-13 00:00:00-04:00,73.8329550487411,74.15781338387609,73.64345550068467,73.9953842163086,1391600,0.0,0.0
2016-07-14 00:00:00-04:00,73.5532294284294,73.88710668310554,73.27348605806368,73.75175476074219,1174000,0.0,0.0
2016-07-15 00:00:00-04:00,73.86905920743622,74.39244290251504,73.55322659303854,73.62541198730469,864600,0.0,0.0
2016-07-18 00:00:00-04:00,73.63442799773264,73.95026057032956,73.42688382915485,73.49906921386719,1456200,0.0,0.0
2016-07-19 00:00:00-04:00,73.64345128235978,73.77881006168494,73.28249683237051,73.74271392822266,1168200,0.0,0.0
2016-07-20 00:00:00-04:00,73.81491844057796,73.98636649717403,73.39079740782907,73.62541198730469,885000,0.0,0.0
2016-07-21 00:00:00-04:00,73.43589956744127,73.43589956744127,72.6057091592687,73.22835540771484,1731000,0.0,0.0
2016-07-22 00:00:00-04:00,73.42689801930652,74.89777964716167,73.42689801930652,74.7533950805664,1385300,0.0,0.0
2016-07-25 00:00:00-04:00,74.86166151046326,74.92482801863102,74.30218180623953,74.74435424804688,797300,0.0,0.0
2016-07-26 00:00:00-04:00,74.88874017697434,75.08726547737136,74.0044089647397,74.20293426513672,902100,0.0,0.0
2016-07-27 00:00:00-04:00,73.96831939178551,74.18488933659805,72.75912285692716,73.51712799072266,1322200,0.0,0.0
2016-07-28 00:00:00-04:00,73.45394582794115,74.32925806114685,73.30956130572321,74.04951477050781,914700,0.0,0.0
2016-07-29 00:00:00-04:00,73.99536194168364,74.88871865206315,73.99536194168364,74.51874542236328,927900,0.0,0.0
2016-08-01 00:00:00-04:00,74.44658820350408,74.89777964716167,74.28415900840193,74.7533950805664,787500,0.0,0.0
2016-08-02 00:00:00-04:00,74.52779930424325,74.67218387073294,73.86906365238045,74.05856323242188,913000,0.0,0.0
2016-08-03 00:00:00-04:00,74.1126931736321,74.26610347427075,73.12007352027386,73.24640655517578,1069000,0.0,0.0
2016-08-04 00:00:00-04:00,73.08776401994768,73.40506251923345,72.28997703135659,72.66167449951172,1391200,0.375,0.0
2016-08-05 00:00:00-04:00,72.80671717634806,72.85204849446482,70.88479102014695,71.14769744873047,2435500,0.0,0.0
2016-08-08 00:00:00-04:00,71.09329742279178,71.73696201423414,70.29551741859308,70.3952407836914,1857200,0.0,0.0
2016-08-09 00:00:00-04:00,70.47683715820312,70.6672162640231,69.9238282199023,70.47683715820312,1500500,0.0,0.0
2016-08-10 00:00:00-04:00,70.48589736564657,70.86665553709402,70.26832225576061,70.81226348876953,1073200,0.0,0.0
2016-08-11 00:00:00-04:00,70.81226468858623,71.01171142460606,70.14140405372801,70.55842590332031,1266300,0.0,0.0
2016-08-12 00:00:00-04:00,71.00264984290385,71.19302894811634,70.43151252726642,70.4949722290039,1121500,0.0,0.0
2016-08-15 00:00:00-04:00,70.52216805945889,70.83039891944256,69.37988651477792,69.38895416259766,1078800,0.0,0.0
2016-08-16 00:00:00-04:00,69.27111478932822,69.27111478932822,68.31014452973862,68.47332763671875,1312800,0.0,0.0
2016-08-17 00:00:00-04:00,68.56395807985787,69.84222643226012,67.7752457843298,69.76969909667969,1687000,0.0,0.0
2016-08-18 00:00:00-04:00,69.6699699857538,70.20485039575243,69.57024663671315,70.16858673095703,1266500,0.0,0.0
2016-08-19 00:00:00-04:00,69.9147780596218,70.03262983344685,68.86315207808201,69.29830932617188,980200,0.0,0.0
2016-08-22 00:00:00-04:00,69.3617587991924,69.8150443622727,69.23483939485702,69.47054290771484,740800,0.0,0.0
2016-08-23 00:00:00-04:00,69.434268386035,69.76063449379679,69.33455194099618,69.34361267089844,964800,0.0,0.0
2016-08-24 00:00:00-04:00,69.23483995516024,69.3526917125429,68.56397233642828,69.13511657714844,663300,0.0,0.0
2016-08-25 00:00:00-04:00,69.12604429030273,69.63372187768388,69.09884826477708,69.14417266845703,608000,0.0,0.0
2016-08-26 00:00:00-04:00,69.18951629921533,69.75159295424321,67.76619973856066,67.81153106689453,1296600,0.0,0.0
2016-08-29 00:00:00-04:00,68.09254983311645,68.77247809779281,67.99282646763687,68.38265228271484,1420500,0.0,0.0
2016-08-30 00:00:00-04:00,68.44610955493309,68.7271443477446,67.03186102776837,67.11344909667969,1129700,0.0,0.0
2016-08-31 00:00:00-04:00,67.08625423114849,67.24036964169842,66.57857668270738,67.07718658447266,1164800,0.0,0.0
2016-09-01 00:00:00-04:00,66.84148387486108,67.04092368791575,66.4425904155759,66.50605010986328,1143500,0.0,0.0
2016-09-02 00:00:00-04:00,66.6239180471251,67.8477878296541,66.52419465806226,67.81153106689453,1477800,0.0,0.0
2016-09-06 00:00:00-04:00,67.92937881575014,69.02632911390964,67.92937881575014,68.80875396728516,1265900,0.0,0.0
2016-09-07 00:00:00-04:00,68.69088442192725,69.08071024445388,68.14694318311032,68.89939880371094,894400,0.0,0.0
2016-09-08 00:00:00-04:00,68.62742199900505,69.18043086286102,68.38265087206958,68.65462493896484,720200,0.0,0.0
2016-09-09 00:00:00-04:00,68.02907399166564,68.1831893684318,65.71731567382812,65.71731567382812,1523400,0.0,0.0
2016-09-12 00:00:00-04:00,65.61761451025886,66.92307912312972,65.38191100139281,66.62390899658203,1212700,0.0,0.0
2016-09-13 00:00:00-04:00,66.48790416902742,66.75987819618433,65.92583465723048,66.1434097290039,1242100,0.0,0.0
2016-09-14 00:00:00-04:00,66.27033832624063,67.03186155837967,65.98023588461334,66.42445373535156,1296700,0.0,0.0
2016-09-15 00:00:00-04:00,66.37911965908081,66.96839210302474,66.28846395614794,66.83240509033203,892600,0.0,0.0
2016-09-16 00:00:00-04:00,66.69642588018074,67.59392920240907,66.69642588018074,67.38542175292969,1876200,0.0,0.0
2016-09-19 00:00:00-04:00,67.70272037398851,68.22853319701785,67.56673334505504,68.156005859375,816600,0.0,0.0
2016-09-20 00:00:00-04:00,68.60930392260038,68.9537984646772,68.11975467864556,68.12882232666016,910900,0.0,0.0
2016-09-21 00:00:00-04:00,68.21945794824036,69.66996995651348,68.10160622514489,69.59744262695312,1186100,0.0,0.0
2016-09-22 00:00:00-04:00,69.9056967069722,70.27738725407586,69.72438525715408,70.13233947753906,1015700,0.0,0.0
2016-09-23 00:00:00-04:00,70.53122536392682,70.53122536392682,69.33455194099618,69.34361267089844,1116800,0.0,0.0
2016-09-26 00:00:00-04:00,69.39803262574584,69.93290634845908,69.08072715190328,69.51588439941406,662700,0.0,0.0
2016-09-27 00:00:00-04:00,69.76064551347457,70.18673505016973,68.91753408800656,69.03539276123047,876000,0.0,0.0
2016-09-28 00:00:00-04:00,69.10791778564453,69.25296556457633,68.50957754150586,69.10791778564453,772900,0.0,0.0
2016-09-29 00:00:00-04:00,68.79968471533836,68.90847574440964,67.77526179545941,67.9747085571289,939100,0.0,0.0
2016-09-30 00:00:00-04:00,68.45518621854178,68.64556532099981,67.5486151116434,67.8477783203125,1738900,0.0,0.0
2016-10-03 00:00:00-04:00,67.65739309569304,67.8659074747107,66.93214042575397,67.1406478881836,1080100,0.0,0.0
2016-10-04 00:00:00-04:00,66.95027931069711,67.24944945583793,64.64758771614585,65.19153594970703,1789900,0.0,0.0
2016-10-05 00:00:00-04:00,65.34564338137503,65.70827318711994,64.47533599754017,64.52066040039062,1219900,0.0,0.0
2016-10-06 00:00:00-04:00,64.52065553952097,64.72010226348414,63.96764668365502,64.5478515625,1466900,0.0,0.0
2016-10-07 00:00:00-04:00,65.0736823075991,65.46350821630683,64.0129956199256,64.04019165039062,1031100,0.0,0.0
2016-10-10 00:00:00-04:00,64.21241920228756,64.91047575954796,64.20335155654499,64.71102905273438,855100,0.0,0.0
2016-10-11 00:00:00-04:00,64.45720279363795,64.45720279363795,63.56876700316636,63.90419387817383,916800,0.0,0.0
2016-10-12 00:00:00-04:00,63.90418082079578,64.79262334632266,63.88605244608943,64.62944030761719,839700,0.0,0.0
2016-10-13 00:00:00-04:00,64.7291758532975,65.54509120052249,64.52066146366676,65.0555419921875,748200,0.0,0.0
2016-10-14 00:00:00-04:00,65.05554685758817,65.71733991562907,64.78357274930988,65.02835083007812,866900,0.0,0.0
2016-10-17 00:00:00-04:00,65.20964998917869,65.45442110718112,64.93767593220923,65.03739929199219,538100,0.0,0.0
2016-10-18 00:00:00-04:00,65.48164867171549,65.89867064373314,64.81984857305456,65.65389251708984,954600,0.0,0.0
2016-10-19 00:00:00-04:00,65.44536342562164,65.55414752020606,64.3030820163698,64.96488189697266,1141100,0.0,0.0
2016-10-20 00:00:00-04:00,65.04646301269531,65.44535642775354,64.82888793020318,65.04646301269531,664200,0.0,0.0
2016-10-21 00:00:00-04:00,64.61131052771012,65.13712335467845,64.54785083594412,64.90141296386719,594500,0.0,0.0
2016-10-24 00:00:00-04:00,65.10992706152538,65.43629316541976,64.91954798701826,65.35469818115234,846700,0.0,0.0
2016-10-25 00:00:00-04:00,65.25497643389411,65.90770167204695,64.97393475157789,65.85330963134766,713600,0.0,0.0
2016-10-26 00:00:00-04:00,65.80797878994503,66.06182445372548,65.42722066915502,65.73545837402344,729400,0.0,0.0
2016-10-27 00:00:00-04:00,65.63572923040702,65.77171623771692,65.15524779895371,65.56320190429688,872600,0.0,0.0
2016-10-28 00:00:00-04:00,65.69011850750093,66.06181585076304,65.35468482577068,65.75357818603516,739500,0.0,0.0
2016-10-31 00:00:00-04:00,66.00746503794797,67.53050535007532,65.88054558831996,67.12255096435547,1371900,0.0,0.0
2016-11-01 00:00:00-04:00,67.13160792642513,67.13160792642513,66.09811719167458,66.22503662109375,1169400,0.0,0.0
2016-11-02 00:00:00-04:00,66.1706010760248,66.1796687207129,65.07365123269922,65.71731567382812,1063500,0.0,0.0
2016-11-03 00:00:00-04:00,64.89235196445834,65.6448075326919,64.65664157462626,65.35469818115234,958600,0.0,0.0
2016-11-04 00:00:00-04:00,65.59949268788465,65.77174342946253,63.98579705601611,63.99485778808594,1184600,0.0,0.0
2016-11-07 00:00:00-05:00,64.39132585469402,65.03842821021297,63.56193673834155,65.02931213378906,871900,0.375,0.0
2016-11-08 00:00:00-05:00,65.14780078556751,66.37820687849518,65.14780078556751,66.00452423095703,803600,0.0,0.0
2016-11-09 00:00:00-05:00,67.00707012519021,67.08910089807914,65.61260956783286,65.84957885742188,1735600,0.0,0.0
2016-11-10 00:00:00-05:00,65.72197547176059,65.7857740875882,63.261163771521495,64.7376480102539,2342400,0.0,0.0
2016-11-11 00:00:00-05:00,64.59184702181615,65.98630791169774,64.59184702181615,64.96552276611328,1038200,0.0,0.0
2016-11-14 00:00:00-05:00,64.72851868341233,65.12042637283857,63.607485098594466,64.35484313964844,1231000,0.0,0.0
2016-11-15 00:00:00-05:00,64.83792455527966,65.45768571444225,64.65564472462647,65.27540588378906,1181800,0.0,0.0
2016-11-16 00:00:00-05:00,65.3027293155632,65.73109444940727,64.54625501339295,65.5761489868164,1153700,0.0,0.0
2016-11-17 00:00:00-05:00,65.37564582407762,65.876918712054,65.16601781212263,65.43032836914062,921100,0.0,0.0
2016-11-18 00:00:00-05:00,65.39388216680322,65.85870473964606,65.07488901035394,65.466796875,995500,0.0,0.0
2016-11-21 00:00:00-05:00,65.71284408056893,66.08652656726588,65.40296714835526,66.0227279663086,829300,0.0,0.0
2016-11-22 00:00:00-05:00,66.20501689747583,67.72707441293244,65.71285321303843,67.57213592529297,984100,0.0,0.0
2016-11-23 00:00:00-05:00,67.07996689610354,67.72706901662106,65.79487872818184,66.06829833984375,902000,0.0,0.0
2016-11-25 00:00:00-05:00,66.20502065232635,67.88202370406145,66.20502065232635,67.77265167236328,550200,0.0,0.0
2016-11-28 00:00:00-05:00,68.05518829237796,68.92103457596038,68.0369630969518,68.26481628417969,955400,0.0,0.0
2016-11-29 00:00:00-05:00,68.21922959286908,69.37672745276406,68.18277225558232,69.24913024902344,978300,0.0,0.0
2016-11-30 00:00:00-05:00,68.85725598571533,68.85725598571533,66.04098615675892,66.05010223388672,1517100,0.0,0.0
2016-12-01 00:00:00-05:00,65.64905947091195,65.98628469271421,64.64650683354824,65.36652374267578,1005800,0.0,0.0
2016-12-02 00:00:00-05:00,65.83134614024745,66.38730152175373,65.685516762226,66.09564971923828,1142600,0.0,0.0
2016-12-05 00:00:00-05:00,65.7401993022203,66.12299794276291,64.69208020018282,66.09564971923828,845000,0.0,0.0
2016-12-06 00:00:00-05:00,66.07742958497869,66.38730660671825,65.58526582674997,65.82223510742188,1067900,0.0,0.0
2016-12-07 00:00:00-05:00,65.96805754109087,66.56047726598871,65.84046030231632,66.22325897216797,1056200,0.0,0.0
2016-12-08 00:00:00-05:00,65.73110575440549,66.65162784553017,65.24805104040857,66.57872009277344,961400,0.0,0.0
2016-12-09 00:00:00-05:00,66.67896527608215,66.76098909222216,65.96805743522877,66.55136108398438,987400,0.0,0.0
2016-12-12 00:00:00-05:00,66.07743809807694,67.21670427218172,66.07743809807694,67.20758819580078,1108600,0.0,0.0
2016-12-13 00:00:00-05:00,67.17110558181534,67.96403704405368,67.17110558181534,67.58124542236328,1257600,0.0,0.0
2016-12-14 00:00:00-05:00,67.93672720493595,68.24660429340189,65.50325611540808,65.56705474853516,1171800,0.0,0.0
2016-12-15 00:00:00-05:00,65.52145435371212,65.91336206837144,65.17512005261673,65.60348510742188,1179500,0.0,0.0
2016-12-16 00:00:00-05:00,66.03185927980033,66.61516295704705,65.54881157397367,66.42376708984375,2626000,0.0,0.0
2016-12-19 00:00:00-05:00,66.6151618885012,67.0070696922582,65.90426097785554,66.815673828125,795200,0.0,0.0
2016-12-20 00:00:00-05:00,66.99797360700437,67.73621593424348,66.54226709319661,66.7063217163086,1193700,0.0,0.0
2016-12-21 00:00:00-05:00,66.86123420836626,67.41719649485249,66.3326131894897,66.35084533691406,922600,0.0,0.0
2016-12-22 00:00:00-05:00,66.37817830786004,66.68805524007371,65.92247202858628,66.0227279663086,799400,0.0,0.0
2016-12-23 00:00:00-05:00,66.22326048166224,66.61516132859707,66.08654716456526,66.48756408691406,393400,0.0,0.0
2016-12-27 00:00:00-05:00,66.30527309849248,66.7062969066223,66.1503346102703,66.60604095458984,507900,0.0,0.0
2016-12-28 00:00:00-05:00,66.64249496423466,66.73363483783591,65.53057042713023,65.60348510742188,595200,0.0,0.0
2016-12-29 00:00:00-05:00,65.60351043232603,66.3417527330642,65.40299846088374,66.2779541015625,794200,0.0,0.0
2016-12-30 00:00:00-05:00,66.22326337710588,66.43288444609531,65.649068810899,65.94983673095703,775400,0.0,0.0
2017-01-03 00:00:00-05:00,65.95895090343102,66.03185864724219,65.1751352908528,65.84957885742188,806300,0.0,0.0
2017-01-04 00:00:00-05:00,66.06831065114338,66.53313311716889,65.76754971762352,66.3599624633789,640000,0.0,0.0
2017-01-05 00:00:00-05:00,66.25060033283408,66.72453194126919,65.36652878190843,66.4693374633789,763100,0.0,0.0
2017-01-06 00:00:00-05:00,66.21415772563844,66.59694952768841,66.03187094833163,66.38732147216797,919700,0.0,0.0
2017-01-09 00:00:00-05:00,66.42377282490315,66.53314488140327,64.88348967865116,65.02931213378906,794100,0.0,0.0
2017-01-10 00:00:00-05:00,64.90170661045016,64.93816395797273,64.27282953435977,64.45511627197266,1087800,0.0,0.0
2017-01-11 00:00:00-05:00,64.40042828534853,64.93815847042801,64.09054433435712,64.31839752197266,945600,0.0,0.0
2017-01-12 00:00:00-05:00,64.34571889577767,64.59180415628654,63.762415472125575,64.42774963378906,949100,0.0,0.0
2017-01-13 00:00:00-05:00,64.3639772325435,64.75588503169267,64.16346529527722,64.54625701904297,589500,0.0,0.0
2017-01-17 00:00:00-05:00,64.8105534274995,65.92247796156404,64.71941355414742,65.68550872802734,957300,0.0,0.0
2017-01-18 00:00:00-05:00,65.63082609395859,66.20501355336908,65.2298023075932,66.1685562133789,1361100,0.0,0.0
2017-01-19 00:00:00-05:00,65.44855299456243,66.09565526842457,65.37564525295807,65.50324249267578,834300,0.0,0.0
2017-01-20 00:00:00-05:00,65.45765878221833,65.98627980855586,65.23892168472682,65.55791473388672,813000,0.0,0.0
2017-01-23 00:00:00-05:00,65.63083054158119,65.81311030035809,65.14778292264802,65.4120864868164,743500,0.0,0.0
2017-01-24 00:00:00-05:00,65.4120915544839,65.6217195514922,64.9928425139949,65.5396957397461,819100,0.0,0.0
2017-01-25 00:00:00-05:00,65.11132928445893,65.51234616728793,64.71030544810246,65.36652374267578,1202100,0.0,0.0
2017-01-26 00:00:00-05:00,65.32095281392712,66.01362847944297,65.1660143088925,65.79489135742188,941300,0.0,0.0
2017-01-27 00:00:00-05:00,65.89514197803591,66.07742173935429,65.63083145665524,65.90425109863281,869300,0.0,0.0
2017-01-30 00:00:00-05:00,65.54880486092169,65.94982870553187,65.21158658570643,65.5396957397461,1073900,0.0,0.0
2017-01-31 00:00:00-05:00,65.57614824527428,66.96149959665865,65.52146570234758,66.93415832519531,1062500,0.0,0.0
2017-02-01 00:00:00-05:00,66.45109882200522,66.46020794185262,65.2844848035649,65.4394302368164,1315400,0.0,0.0
2017-02-02 00:00:00-05:00,65.53969680932924,66.56959075471659,65.40298350066034,66.52401733398438,1099100,0.0,0.0
2017-02-03 00:00:00-05:00,66.59273214258067,66.84924449756369,66.02473550694866,66.33621978759766,736100,0.375,0.0
2017-02-06 00:00:00-05:00,66.455302972931,66.455302972931,65.85982395735375,66.04304504394531,857500,0.0,0.0
2017-02-07 00:00:00-05:00,66.00640641817614,66.17130819188313,65.68575903248626,66.04304504394531,783500,0.0,0.0
2017-02-08 00:00:00-05:00,66.17131829174203,67.01414660180407,65.90564278302817,66.8125991821289,790800,0.0,0.0
2017-02-09 00:00:00-05:00,66.8125948256861,66.98665976577175,66.38201754617131,66.73930358886719,716200,0.0,0.0
2017-02-10 00:00:00-05:00,66.75762673039605,67.30729700162522,66.46446878644473,67.29813385009766,701200,0.0,0.0
2017-02-13 00:00:00-05:00,67.22483779584749,67.51799571877555,66.85839563426457,67.07826232910156,650300,0.0,0.0
2017-02-14 00:00:00-05:00,66.80341803083083,67.07825661805444,66.44613206110148,66.70264434814453,777100,0.0,0.0
2017-02-15 00:00:00-05:00,66.39118934657579,66.91337724541846,65.85983829457784,66.88589477539062,670200,0.0,0.0
2017-02-16 00:00:00-05:00,66.98665772492103,67.54549115712469,66.88588402472452,67.27981567382812,625400,0.0,0.0
2017-02-17 00:00:00-05:00,67.27982228172037,67.81116631106265,67.02330992491288,67.61878204345703,2662800,0.0,0.0
2017-02-21 00:00:00-05:00,67.6187804687175,68.19594024753067,67.45387867326193,68.1409683227539,1024800,0.0,0.0
2017-02-22 00:00:00-05:00,68.70898003791072,68.92884681698915,66.9225493527006,68.63568878173828,1212700,0.0,0.0
2017-02-23 00:00:00-05:00,68.71813067463086,69.39605719713792,68.6906482059321,69.23115539550781,993400,0.0,0.0
2017-02-24 00:00:00-05:00,69.35941105696297,70.2572113012203,69.35941105696297,69.8999252319336,866200,0.0,0.0
2017-02-27 00:00:00-05:00,69.8266422764852,70.31218458265464,69.42354738558,70.03734588623047,830300,0.0,0.0
2017-02-28 00:00:00-05:00,70.07399372511114,72.12610688050373,69.87244627329234,71.45733642578125,1766400,0.0,0.0
2017-03-01 00:00:00-05:00,70.57785446989583,71.86042330137151,70.43127197969847,71.1458511352539,1647600,0.0,0.0
2017-03-02 00:00:00-05:00,71.03591355704359,71.55810144163215,70.58701691682059,71.31074523925781,1341000,0.0,0.0
2017-03-03 00:00:00-05:00,71.34738942635649,71.53061753358494,70.56868919158902,70.8526840209961,914700,0.0,0.0
2017-03-06 00:00:00-05:00,70.75191195373662,71.08170854295751,70.59616632699911,70.8160400390625,752600,0.0,0.0
2017-03-07 00:00:00-05:00,70.81602670736264,70.98092846564752,70.40376881693255,70.44041442871094,692500,0.0,0.0
2017-03-08 00:00:00-05:00,69.9182418238426,69.93656113897852,68.9379942122951,69.13954162597656,650600,0.0,0.0
2017-03-09 00:00:00-05:00,69.15786890268309,69.55180062310949,68.79141965284302,68.96548461914062,557500,0.0,0.0
2017-03-10 00:00:00-05:00,69.45100701110725,69.78081054255051,68.97462801537593,69.5517807006836,597200,0.0,0.0
2017-03-13 00:00:00-04:00,69.62508738359382,70.01901907863115,69.55179614046185,69.70753479003906,674700,0.0,0.0
2017-03-14 00:00:00-04:00,69.62510655908093,70.03735768372071,69.46936786661165,69.63426971435547,367800,0.0,0.0
2017-03-15 00:00:00-04:00,69.18534466181382,70.96261880799553,68.92883230864066,70.74275207519531,760600,0.0,0.0
2017-03-16 00:00:00-04:00,70.44959628145867,70.57785246201367,69.31360997249824,69.38689422607422,843800,0.0,0.0
2017-03-17 00:00:00-04:00,69.31362059920518,70.28470525498409,69.2311661908141,69.80831909179688,1876600,0.0,0.0
2017-03-20 00:00:00-04:00,69.99152849962077,70.01901096525134,69.1761827352084,69.56095123291016,522400,0.0,0.0
2017-03-21 00:00:00-04:00,69.6250780369684,70.33965008798532,69.19450077816676,70.073974609375,801300,0.0,0.0
2017-03-22 00:00:00-04:00,70.41294364838328,70.94429462316472,70.41294364838328,70.68778228759766,859600,0.0,0.0
2017-03-23 00:00:00-04:00,70.54119748482326,71.07254844204387,69.89075351557872,70.073974609375,647700,0.0,0.0
2017-03-24 00:00:00-04:00,70.20223546174081,70.75191275871614,69.89992133572899,70.62364959716797,571900,0.0,0.0
2017-03-27 00:00:00-04:00,71.0725717072482,71.1550191296142,70.00071327985604,70.39463806152344,877600,0.0,0.0
2017-03-28 00:00:00-04:00,70.27552295046819,70.79771076318434,70.02817377157602,70.71526336669922,951600,0.0,0.0
2017-03-29 00:00:00-04:00,70.60532701226126,70.86183934460291,70.05565673018103,70.69693756103516,1035500,0.0,0.0
2017-03-30 00:00:00-04:00,70.58701513379407,70.71527131347518,69.9182447773675,70.54120635986328,949600,0.0,0.0
2017-03-31 00:00:00-04:00,70.62365855349364,71.503139544413,70.59617608304706,71.24662017822266,1453700,0.0,0.0
2017-04-03 00:00:00-04:00,71.08169978032255,71.22828223696145,70.29384353891531,70.66944885253906,915900,0.0,0.0
2017-04-04 00:00:00-04:00,70.77938396627826,71.42982787549516,70.63280151321955,71.20079803466797,735800,0.0,0.0
2017-04-05 00:00:00-04:00,71.18249298194108,71.92455464054989,70.87101566036658,71.72300720214844,896600,0.0,0.0
2017-04-06 00:00:00-04:00,71.51227359779779,71.72298412180339,70.85266655326744,71.40234375,684900,0.0,0.0
2017-04-07 00:00:00-04:00,71.48481569542561,71.89707373461185,71.31991387763875,71.36572265625,540400,0.0,0.0
2017-04-10 00:00:00-04:00,71.4573124014239,71.53975979157306,70.9809333940997,71.47563171386719,487400,0.0,0.0
2017-04-11 00:00:00-04:00,71.40235888342032,71.9153835870391,71.22829393493363,71.73216247558594,657300,0.0,0.0
2017-04-12 00:00:00-04:00,71.79629087285278,72.22686118556648,71.55809783538757,72.20854187011719,1039300,0.0,0.0
2017-04-13 00:00:00-04:00,72.18103954919465,72.32761500078635,71.57639746411071,71.9794921875,581100,0.0,0.0
2017-04-17 00:00:00-04:00,72.00699545821611,72.5841552497684,71.9795129899398,72.52002716064453,788000,0.0,0.0
2017-04-18 00:00:00-04:00,72.57500006650932,72.95976864350315,72.39177194215158,72.83151245117188,660800,0.0,0.0
2017-04-19 00:00:00-04:00,72.81317792785971,73.00556217618097,72.38260066233444,72.66659545898438,723300,0.0,0.0
2017-04-20 00:00:00-04:00,72.66660176321534,72.66660176321534,71.78712784197454,72.52918243408203,874000,0.0,0.0
2017-04-21 00:00:00-04:00,72.62995998987867,73.87588319165651,72.56583189814472,73.75679016113281,1126100,0.0,0.0
2017-04-24 00:00:00-04:00,73.75679378564625,74.4438835120337,73.54608319420133,73.99497985839844,1101400,0.0,0.0
2017-04-25 00:00:00-04:00,73.74761488377352,74.29728514961619,73.74761488377352,74.17819213867188,731800,0.0,0.0
2017-04-26 00:00:00-04:00,73.76594317731025,73.86671688708364,72.95976048856062,73.50027465820312,1104600,0.0,0.0
2017-04-27 00:00:00-04:00,73.60104131322313,74.65458019391343,73.60104131322313,73.66517639160156,913300,0.0,0.0
2017-04-28 00:00:00-04:00,73.6102093641307,73.92169366645531,72.8864740325295,73.0697021484375,1082800,0.0,0.0
2017-05-01 00:00:00-04:00,73.13380932978907,73.3353567049385,72.28181805538937,72.36426544189453,769900,0.0,0.0
2017-05-02 00:00:00-04:00,72.47421264648438,72.90478992054001,72.21770031030746,72.47421264648438,1298600,0.0,0.0
2017-05-03 00:00:00-04:00,72.51565082899207,72.51565082899207,71.42892880169056,71.557861328125,1254900,0.415,0.0
2017-05-04 00:00:00-04:00,70.39746469244788,71.06055023528026,69.31994717219762,69.69754028320312,1845900,0.0,0.0
2017-05-05 00:00:00-04:00,70.04750157200588,70.78426487498187,69.80805947088994,70.59086608886719,1069200,0.0,0.0
2017-05-08 00:00:00-04:00,70.79349234227729,71.2815951545962,70.28696657875926,70.51720428466797,1331000,0.0,0.0
2017-05-09 00:00:00-04:00,70.23170710353611,70.37905557183649,69.21866267021966,69.34759521484375,1409200,0.0,0.0
2017-05-10 00:00:00-04:00,69.31994717219762,69.91856645538213,69.21864907243271,69.69754028320312,1121200,0.0,0.0
2017-05-11 00:00:00-04:00,69.47650997675312,69.78041831055414,68.93314551237299,69.734375,749300,0.0,0.0
2017-05-12 00:00:00-04:00,69.72517150458255,70.62770621549996,69.54098418870343,70.27774047851562,1078000,0.0,0.0
2017-05-15 00:00:00-04:00,70.19485559924111,70.67374681791799,70.1119663918709,70.45272064208984,798700,0.0,0.0
2017-05-16 00:00:00-04:00,70.62771297636975,70.70138369399612,69.71596670449235,69.85411071777344,1084900,0.0,0.0
2017-05-17 00:00:00-04:00,69.85409312551062,69.85409312551062,68.96077002773924,69.57781219482422,983400,0.0,0.0
2017-05-18 00:00:00-04:00,69.67913737094828,69.94620690627822,68.73055219291044,69.30154418945312,1253600,0.0,0.0
2017-05-19 00:00:00-04:00,69.43968292581182,69.91857418955568,68.92394576528446,69.86331939697266,560800,0.0,0.0
2017-05-22 00:00:00-04:00,69.55020163733506,70.42510911704946,69.5317857128229,70.33301544189453,796700,0.0,0.0
2017-05-23 00:00:00-04:00,70.18566142605565,70.91321341988284,70.18566142605565,70.51720428466797,685400,0.0,0.0
2017-05-24 00:00:00-04:00,70.46194755504489,71.04214402858724,70.44352460435003,70.9500503540039,536900,0.0,0.0
2017-05-25 00:00:00-04:00,70.95003681703002,71.69600457301364,70.65533289881343,71.58549499511719,630800,0.0,0.0
2017-05-26 00:00:00-04:00,71.74208343586544,71.80654972403228,71.20793017602684,71.40132904052734,703100,0.0,0.0
2017-05-30 00:00:00-04:00,71.33686765175985,71.83418206304448,71.0421635961429,71.62236022949219,840900,0.0,0.0
2017-05-31 00:00:00-04:00,71.48419357895136,72.17490658187732,71.46577063081423,71.99992370605469,1145600,0.0,0.0
2017-06-01 00:00:00-04:00,72.10122841559264,72.6169585396465,71.7881015357771,72.57091522216797,571400,0.0,0.0
2017-06-02 00:00:00-04:00,72.75511932373047,73.20638328634978,72.50646567837221,72.75511932373047,692700,0.0,0.0
2017-06-05 00:00:00-04:00,72.64459017063236,72.98534446606047,72.52486910665316,72.58012390136719,536000,0.0,0.0
2017-06-06 00:00:00-04:00,72.78272159985961,72.97612037421722,72.42355144372476,72.52485656738281,612500,0.0,0.0
2017-06-07 00:00:00-04:00,72.69984943172038,73.24320696406595,72.62617169049844,73.0866470336914,869300,0.0,0.0
2017-06-08 00:00:00-04:00,73.08665509258138,73.08665509258138,71.93546660766333,72.46961975097656,1023500,0.0,0.0
2017-06-09 00:00:00-04:00,72.40514474124205,73.03139148253311,72.19332299400264,72.99455261230469,530700,0.0,0.0
2017-06-12 00:00:00-04:00,73.01296742258343,73.83261295037182,72.97612855291591,73.39976501464844,801600,0.0,0.0
2017-06-13 00:00:00-04:00,73.36293612024234,73.97075992844916,73.28925837794569,73.84182739257812,645900,0.0,0.0
2017-06-14 00:00:00-04:00,74.44043692863468,75.25087090805424,74.17336041777823,74.8917007446289,758400,0.0,0.0
2017-06-15 00:00:00-04:00,74.68909984720362,75.64688941172244,74.68909984720362,75.57321166992188,817700,0.0,0.0
2017-06-16 00:00:00-04:00,75.65610735403595,76.33760895821388,75.36140338793496,76.09815979003906,1664300,0.0,0.0
2017-06-19 00:00:00-04:00,76.19946156041715,76.24551190751284,74.72594179520935,74.90092468261719,794900,0.0,0.0
2017-06-20 00:00:00-04:00,75.0022339884791,75.08511618629628,74.55096304604056,74.86408996582031,477400,0.0,0.0
2017-06-21 00:00:00-04:00,74.70751100512717,74.80881612754047,73.91549297151138,74.32991790771484,558200,0.0,0.0
2017-06-22 00:00:00-04:00,74.36676322883885,74.92854367415727,73.91549938837339,74.68909454345703,582000,0.0,0.0
2017-06-23 00:00:00-04:00,74.54175235427935,75.12194876929867,74.50491348290248,74.71672821044922,1010700,0.0,0.0
2017-06-26 00:00:00-04:00,74.7167122875961,75.51794176012699,74.60620272331238,74.79039001464844,869700,0.0,0.0
2017-06-27 00:00:00-04:00,74.53254247783535,74.70752536405311,73.49187068773743,73.74052429199219,792200,0.0,0.0
2017-06-28 00:00:00-04:00,74.07206201065901,74.20099454120914,73.30767127504333,73.35372161865234,771900,0.0,0.0
2017-06-29 00:00:00-04:00,72.939306458668,73.07745049511915,71.58551457507986,71.92626190185547,1453900,0.0,0.0
2017-06-30 00:00:00-04:00,71.92624520066335,72.55249193103691,71.69600753547152,71.78810119628906,993000,0.0,0.0
2017-07-03 00:00:00-04:00,72.06439201191542,72.33146855709596,71.71443327665966,71.89862060546875,381800,0.0,0.0
2017-07-05 00:00:00-04:00,71.89862257070229,72.05518250709895,71.37368094032209,71.75127410888672,605700,0.0,0.0
2017-07-06 00:00:00-04:00,71.59469943179545,71.93545369161548,71.25395219827107,71.46576690673828,577900,0.0,0.0
2017-07-07 00:00:00-04:00,71.64076369134119,72.04598429241341,71.4013145155897,71.6131362915039,659000,0.0,0.0
2017-07-10 00:00:00-04:00,71.85256109914748,72.07359429709282,71.63153492749746,71.71442413330078,623000,0.0,0.0
2017-07-11 00:00:00-04:00,71.78809967123786,71.88940480387383,71.2447421655502,71.60391235351562,486700,0.0,0.0
2017-07-12 00:00:00-04:00,72.24859066798085,72.86563307145431,72.1564969891377,72.31305694580078,785700,0.0,0.0
2017-07-13 00:00:00-04:00,72.34068826783948,72.40515454289215,71.54867001645124,71.6131362915039,672000,0.0,0.0
2017-07-14 00:00:00-04:00,72.13805343444523,72.7366726570958,71.94465467505866,72.42354583740234,768000,0.0,0.0
2017-07-17 00:00:00-04:00,72.42356553349013,73.0774397148497,72.1749119255971,73.04981231689453,695900,0.0,0.0
2017-07-18 00:00:00-04:00,73.06821596859767,73.61158046688077,72.95770639533661,73.37213134765625,692800,0.0,0.0
2017-07-19 00:00:00-04:00,73.51949740829149,73.804989882084,73.26163233179547,73.69447326660156,418300,0.0,0.0
2017-07-20 00:00:00-04:00,74.00761499548658,74.8272607355942,73.81421614935647,74.5970230102539,702700,0.0,0.0
2017-07-21 00:00:00-04:00,74.67068728689037,75.44428253173828,74.47728847567839,75.44428253173828,585200,0.0,0.0
2017-07-24 00:00:00-04:00,75.23247155808441,75.23247155808441,74.51413107301853,74.53254699707031,521000,0.0,0.0
2017-07-25 00:00:00-04:00,74.53254413235614,74.70752702245828,74.10890763247949,74.37598419189453,468400,0.0,0.0
2017-07-26 00:00:00-04:00,74.19180521661204,75.02066246495164,74.08129560103211,74.91935729980469,307800,0.0,0.0
2017-07-27 00:00:00-04:00,74.9193298934432,74.94695728723177,73.85103085127795,74.41281127929688,623200,0.0,0.0
2017-07-28 00:00:00-04:00,74.47727975350782,74.73514480492474,74.1365254919665,74.64305114746094,495500,0.0,0.0
2017-07-31 00:00:00-04:00,74.6338397541784,74.92854367415727,74.18257591371294,74.68909454345703,775000,0.0,0.0
2017-08-01 00:00:00-04:00,74.79959677190831,75.14955541390414,74.51410438044577,74.94694519042969,599400,0.0,0.0
2017-08-02 00:00:00-04:00,74.66146759491728,75.61925709714528,74.44964585759075,75.51795196533203,870400,0.0,0.0
2017-08-03 00:00:00-04:00,74.82725014868569,75.10353819052263,73.4642399159452,74.2746810913086,1203800,0.0,0.0
2017-08-04 00:00:00-04:00,74.27466814149491,74.94695815242908,74.26545666802724,74.6706771850586,772500,0.0,0.0
2017-08-07 00:00:00-04:00,74.89748545728747,75.61952160343645,74.68457392223178,75.34181213378906,716700,0.415,0.0
2017-08-08 00:00:00-04:00,75.1381425023573,75.52693002214087,74.96226646956582,75.26773834228516,585700,0.0,0.0
2017-08-09 00:00:00-04:00,75.23999826847454,75.79541023737158,74.9900653543271,75.61027526855469,891400,0.0,0.0
2017-08-10 00:00:00-04:00,75.41587511013653,75.70283640647945,75.1103960809965,75.31404876708984,595500,0.0,0.0
2017-08-11 00:00:00-04:00,75.17518894219917,75.212217342846,74.28652851401098,74.72160339355469,497200,0.0,0.0
2017-08-14 00:00:00-04:00,74.80490802122925,75.36032693895807,74.46240769273405,75.28627014160156,763600,0.0,0.0
2017-08-15 00:00:00-04:00,75.02707277642715,75.78613723618956,74.89747692201243,75.68431091308594,609100,0.0,0.0
2017-08-16 00:00:00-04:00,75.55473125058711,76.07311477933929,75.45290490566138,75.5269546508789,689900,0.0,0.0
2017-08-17 00:00:00-04:00,75.52694413934282,75.90647992896118,75.22147220952586,75.28627014160156,604700,0.0,0.0
2017-08-18 00:00:00-04:00,75.16592926891592,75.88797248010435,74.95302479554047,75.38809967041016,730300,0.0,0.0
2017-08-21 00:00:00-04:00,75.54548531131934,76.02684051860903,75.46216962282958,75.98056030273438,526800,0.0,0.0
2017-08-22 00:00:00-04:00,76.04533091710832,76.19343744208985,75.68431287581294,76.08235931396484,543800,0.0,0.0
2017-08-23 00:00:00-04:00,76.08236971418056,76.08236971418056,75.60100755168968,75.72135162353516,675500,0.0,0.0
2017-08-24 00:00:00-04:00,75.85093018569658,75.91572810865159,75.29551134614627,75.60099029541016,1160100,0.0,0.0
2017-08-25 00:00:00-04:00,75.86019456466313,76.25824103236589,75.67505962908074,75.86945343017578,457300,0.0,0.0
2017-08-28 00:00:00-04:00,75.99903870733361,76.19343248134048,75.7398470086578,75.9064712524414,551500,0.0,0.0
2017-08-29 00:00:00-04:00,75.9064890925728,75.99905656922094,75.28627923033999,75.31404876708984,630600,0.0,0.0
2017-08-30 00:00:00-04:00,75.25849070820605,75.33254043337665,74.60124554618164,74.84192657470703,1156100,0.0,0.0
2017-08-31 00:00:00-04:00,74.96227089921837,75.249232124238,74.5457067641688,74.88821411132812,1195300,0.0,0.0
2017-09-01 00:00:00-04:00,75.04558096918352,75.13814842465038,74.64753455447627,74.82341766357422,414900,0.0,0.0
2017-09-05 00:00:00-04:00,74.85119923803605,74.89748650443948,74.25875895278747,74.81417083740234,784800,0.0,0.0
2017-09-06 00:00:00-04:00,75.04557920942513,75.04557920942513,74.41611063958918,74.84192657470703,662300,0.0,0.0
2017-09-07 00:00:00-04:00,74.98078965263133,75.64728669064588,74.86045265616278,75.44363403320312,568300,0.0,0.0
2017-09-08 00:00:00-04:00,75.32330042649612,75.90648182978128,74.87896669367522,75.86945343017578,463800,0.0,0.0
2017-09-11 00:00:00-04:00,75.86019836212326,76.88771354966535,75.86019836212326,76.75811767578125,553700,0.0,0.0
2017-09-12 00:00:00-04:00,76.74886655139335,76.74886655139335,75.32330486360817,75.67506408691406,591400,0.0,0.0
2017-09-13 00:00:00-04:00,75.81392161592467,75.81392161592467,75.23999196079303,75.31404876708984,647000,0.0,0.0
2017-09-14 00:00:00-04:00,75.15667173655127,76.19343861471155,74.82342322215843,76.15641021728516,1039200,0.0,0.0
2017-09-15 00:00:00-04:00,76.35081477336259,76.58223697167092,75.88797037674591,76.53594970703125,1285700,0.0,0.0
2017-09-18 00:00:00-04:00,76.53595219281976,76.53595219281976,75.56397610337821,76.12864685058594,658100,0.0,0.0
2017-09-19 00:00:00-04:00,76.13789982378805,76.52668740449727,75.79539244319487,76.20269775390625,687800,0.0,0.0
2017-09-20 00:00:00-04:00,76.36933139005991,76.96177169887807,75.66580587492128,76.27676391601562,1628800,0.0,0.0
2017-09-21 00:00:00-04:00,76.1749339492056,76.36006888848006,75.58249366859306,75.71208953857422,648700,0.0,0.0
2017-09-22 00:00:00-04:00,76.01755026549182,76.39707891847704,75.5732166306537,75.93423461914062,991000,0.0,0.0
2017-09-25 00:00:00-04:00,75.93425821243223,76.39710265557757,75.4991833058843,76.35082244873047,954600,0.0,0.0
2017-09-26 00:00:00-04:00,76.28602400602993,76.75812024996345,76.02682518712372,76.16567993164062,777200,0.0,0.0
2017-09-27 00:00:00-04:00,75.70284068948924,76.08237654639892,74.08288503793517,74.98080444335938,1324000,0.0,0.0
2017-09-28 00:00:00-04:00,74.6290331813985,75.0826187133789,73.99956451841862,75.0826187133789,1462300,0.0,0.0
2017-09-29 00:00:00-04:00,74.85121181029464,75.02709497723531,74.40687799050379,74.89749908447266,1985400,0.0,0.0
2017-10-02 00:00:00-04:00,75.14741997488308,75.82317593251229,74.87896936499999,75.69357299804688,885400,0.0,0.0
2017-10-03 00:00:00-04:00,75.60100728334056,75.68432295297212,74.88822997067072,75.67506408691406,606100,0.0,0.0
2017-10-04 00:00:00-04:00,75.68432676683967,76.47116092273298,75.35107819641142,76.37859344482422,736300,0.0,0.0
2017-10-05 00:00:00-04:00,76.47113854651417,76.76735862661279,76.16565960260016,76.74884796142578,666600,0.0,0.0
2017-10-06 00:00:00-04:00,76.46189728643962,76.85068490687101,76.100879201404,76.6192626953125,611000,0.0,0.0
2017-10-09 00:00:00-04:00,76.79514334769806,77.33204455610354,76.72108654741209,77.02656555175781,622000,0.0,0.0
2017-10-10 00:00:00-04:00,77.19318607711158,77.84116539207217,77.08210088207053,77.8226547241211,712900,0.0,0.0
2017-10-11 00:00:00-04:00,77.67456238315431,78.41510929804683,77.63753397804277,78.16517639160156,725500,0.0,0.0
2017-10-12 00:00:00-04:00,78.15591318618895,78.84092098661166,77.98003003728412,78.776123046875,1138900,0.0,0.0
2017-10-13 00:00:00-04:00,78.88721417272095,79.40559772949393,78.49842650514121,78.70207214355469,909500,0.0,0.0
2017-10-16 00:00:00-04:00,78.70205419490972,79.0167920414907,78.00778763437351,78.87793731689453,1123400,0.0,0.0
2017-10-17 00:00:00-04:00,78.79462795809272,79.72956849895226,78.71131229916236,79.63700103759766,1110700,0.0,0.0
2017-10-18 00:00:00-04:00,79.50741010153845,79.8499174984443,79.14639203619352,79.8128890991211,772500,0.0,0.0
2017-10-19 00:00:00-04:00,80.07207998341192,80.76634657286347,79.98877138265132,80.75708770751953,740100,0.0,0.0
2017-10-20 00:00:00-04:00,80.83113618342524,81.34026778825013,80.65525307222315,81.23844146728516,1099900,0.0,0.0
2017-10-23 00:00:00-04:00,81.2291887683281,81.33101509702186,80.88668138431771,81.21067810058594,785900,0.0,0.0
2017-10-24 00:00:00-04:00,81.20142272469285,81.42358605936884,79.7851199896602,80.36830139160156,1268500,0.0,0.0
2017-10-25 00:00:00-04:00,80.38680000957903,80.5441724495598,79.44260068191457,80.4701156616211,931500,0.0,0.0
2017-10-26 00:00:00-04:00,80.76634680007105,81.60872698761558,80.72005953566608,80.98851013183594,779100,0.0,0.0
2017-10-27 00:00:00-04:00,80.72931251481667,81.64574237116649,80.70154298317645,81.1551284790039,965500,0.0,0.0
2017-10-30 00:00:00-04:00,81.16438467704803,81.39580684970586,81.0255299609645,81.23844146728516,855300,0.0,0.0
2017-10-31 00:00:00-04:00,81.03478882535521,81.45134591116158,80.93296250439022,81.23844146728516,641300,0.0,0.0
2017-11-01 00:00:00-04:00,81.46061168655987,81.50689894999607,80.57195131565442,80.72931671142578,831700,0.0,0.0
2017-11-02 00:00:00-04:00,81.45135170829359,83.51564074279831,81.21992951916476,82.8028564453125,1430300,0.0,0.0
2017-11-03 00:00:00-04:00,82.01601758226194,82.54365985988841,81.48837530463547,82.16413116455078,951800,0.0,0.0
2017-11-06 00:00:00-05:00,82.11785127949844,82.58069567205278,81.79386161719938,82.02528381347656,733700,0.0,0.0
2017-11-07 00:00:00-05:00,82.25671926921932,83.43234110833727,81.6827895874565,83.31200408935547,725200,0.0,0.0
2017-11-08 00:00:00-05:00,83.17313872598143,83.76557900337448,82.77509225250374,83.5341567993164,843600,0.0,0.0
2017-11-09 00:00:00-05:00,83.45510703060454,84.06888770336035,82.49724364288636,83.05522155761719,965000,0.415,0.0
2017-11-10 00:00:00-05:00,82.81343299291555,83.08311675200085,82.17175450905147,82.52513885498047,693400,0.0,0.0
2017-11-13 00:00:00-05:00,82.4507473406629,83.49230419398693,82.39494458418203,83.2505111694336,682400,0.0,0.0
2017-11-14 00:00:00-05:00,83.10172560812686,84.40367885185894,83.0273266581823,84.357177734375,690100,0.0,0.0
2017-11-15 00:00:00-05:00,84.45948381894937,84.98956397930588,83.49231864837206,83.5295181274414,1085900,0.0,0.0
2017-11-16 00:00:00-05:00,83.62250322239045,83.68760052916538,83.04592910383377,83.40861511230469,754400,0.0,0.0
2017-11-17 00:00:00-05:00,83.2226227034617,83.45511411225061,82.4693528094095,82.78553771972656,2047600,0.0,0.0
2017-11-20 00:00:00-05:00,82.83202420950659,83.02731610698734,82.004355508009,82.19034576416016,1081700,0.0,0.0
2017-11-21 00:00:00-05:00,82.30195907826443,82.82273756584986,82.14386662240096,82.37635803222656,730200,0.0,0.0
2017-11-22 00:00:00-05:00,82.30195435890887,82.7204360345685,81.93926834798404,82.45075225830078,646600,0.0,0.0
2017-11-24 00:00:00-05:00,82.58094161123424,83.008724902119,82.37634806014285,82.52513885498047,198400,0.0,0.0
2017-11-27 00:00:00-05:00,82.42283137933744,83.18540272845252,82.42283137933744,82.95291137695312,695700,0.0,0.0
2017-11-28 00:00:00-05:00,83.33420416894926,83.4178976534393,82.79482250754691,83.29700469970703,788300,0.0,0.0
2017-11-29 00:00:00-05:00,83.17611969639172,84.31997333086431,82.79483042151823,84.02238464355469,688900,0.0,0.0
2017-11-30 00:00:00-05:00,84.1246833503111,85.35223760051511,84.01308492935651,85.14764404296875,899900,0.0,0.0
2017-12-01 00:00:00-05:00,85.28713251027199,85.52892551939868,84.1897729704797,84.83145141601562,701500,0.0,0.0
2017-12-04 00:00:00-05:00,84.98956631052876,85.27785341237976,84.45948613563239,84.92446899414062,1026600,0.0,0.0
2017-12-05 00:00:00-05:00,85.0918595979395,85.29645318245804,84.10609824897756,84.3106918334961,621800,0.0,0.0
2017-12-06 00:00:00-05:00,84.58966399887916,84.81285374009562,84.0037882675332,84.5710678100586,536100,0.0,0.0
2017-12-07 00:00:00-05:00,84.33856983655119,84.71985198570727,83.97588387476253,84.70125579833984,515800,0.0,0.0
2017-12-08 00:00:00-05:00,84.673365271213,85.13834804130188,84.3385771091431,85.11044311523438,610300,0.0,0.0
2017-12-11 00:00:00-05:00,85.13834885311209,85.90092031952614,84.13398435732556,85.78932189941406,1291800,0.0,0.0
2017-12-12 00:00:00-05:00,85.54752807974528,85.54752807974528,83.04592560057426,83.06452178955078,1270700,0.0,0.0
2017-12-13 00:00:00-05:00,83.14823402238852,84.29208782410016,83.04593723100618,83.6318130493164,989000,0.0,0.0
2017-12-14 00:00:00-05:00,83.6039029909572,84.52456688371605,82.62743634146443,84.02238464355469,1465800,0.0,0.0
2017-12-15 00:00:00-05:00,84.6640662165534,85.352238750695,84.38507370794437,84.45947265625,1782900,0.0,0.0
2017-12-18 00:00:00-05:00,84.41297713187043,85.01745621051859,83.76200402875685,84.152587890625,785600,0.0,0.0
2017-12-19 00:00:00-05:00,84.42228264774698,84.42228264774698,82.7669448852539,82.7669448852539,560800,0.0,0.0
2017-12-20 00:00:00-05:00,82.87850534142294,83.55737599828434,82.75760531850412,83.08309173583984,695700,0.0,0.0
2017-12-21 00:00:00-05:00,82.96222657804302,83.78059371485901,82.59954057802776,83.41790771484375,1094100,0.0,0.0
2017-12-22 00:00:00-05:00,83.56670929611019,84.49667489513651,83.36211572911249,84.17118835449219,640200,0.0,0.0
2017-12-26 00:00:00-05:00,84.23628416592598,85.29644436237328,84.03169060256346,84.08748626708984,795700,0.0,0.0
2017-12-27 00:00:00-05:00,84.22697031228763,85.38942712188367,83.92938165283398,84.47805786132812,907600,0.0,0.0
2017-12-28 00:00:00-05:00,84.94304912318559,85.268542738648,84.15257983222122,85.20344543457031,855300,0.0,0.0
2017-12-29 00:00:00-05:00,85.38944039709028,85.80792207557546,84.94305379097493,85.08255004882812,802400,0.0,0.0
2018-01-02 00:00:00-05:00,84.62687139845566,85.07325801777485,82.38565084919041,82.84133911132812,1139600,0.0,0.0
2018-01-03 00:00:00-05:00,82.31127304724426,83.16683986070414,81.75329499912154,82.2554702758789,946800,0.0,0.0
2018-01-04 00:00:00-05:00,82.0880548763697,82.59953876004346,81.23248828465537,81.47428131103516,931300,0.0,0.0
2018-01-05 00:00:00-05:00,81.63237819107255,81.86486958810572,80.31182875874204,80.67451477050781,1140900,0.0,0.0
2018-01-08 00:00:00-05:00,80.90700360979352,81.39058257850219,80.72101333607654,81.37198638916016,1284300,0.0,0.0
2018-01-09 00:00:00-05:00,81.37197979666621,81.40917926741065,79.85613861296622,80.6373062133789,864400,0.0,0.0
2018-01-10 00:00:00-05:00,80.45131303268444,80.45131303268444,79.38185134661425,79.69803619384766,829000,0.0,0.0
2018-01-11 00:00:00-05:00,78.91689629888138,79.03778929550333,78.13572135780078,78.8052978515625,1394200,0.0,0.0
2018-01-12 00:00:00-05:00,78.49838338873955,78.69367527274665,74.92731253741175,75.16910552978516,4003600,0.0,0.0
2018-01-16 00:00:00-05:00,75.55969384062341,77.74511125884523,75.290003005045,76.46176147460938,3111500,0.0,0.0
2018-01-17 00:00:00-05:00,76.34086964266666,77.00115143590308,76.23857995822952,76.73146057128906,1482100,0.0,0.0
2018-01-18 00:00:00-05:00,76.69426154501616,77.30803513059237,76.09908414897139,76.63846588134766,1561100,0.0,0.0
2018-01-19 00:00:00-05:00,77.0383421159486,77.68002061053807,76.61055881791363,77.19644165039062,1323900,0.0,0.0
2018-01-22 00:00:00-05:00,77.60561394509382,77.88460641805348,76.87094748344177,77.14993286132812,1317800,0.0,0.0
2018-01-23 00:00:00-05:00,77.05692756517072,78.76806036126806,77.02902974057146,78.3030776977539,1114000,0.0,0.0
2018-01-24 00:00:00-05:00,78.3030946870404,78.57278554180165,77.7730146194266,77.88461303710938,853500,0.0,0.0
2018-01-25 00:00:00-05:00,78.08920692362352,78.68438429700348,77.3731294901335,78.6099853515625,764800,0.0,0.0
2018-01-26 00:00:00-05:00,78.7215887291423,79.04707526710963,77.95901722801551,78.99127960205078,869500,0.0,0.0
2018-01-29 00:00:00-05:00,78.72160799425245,78.72160799425245,77.3731532997101,77.87533569335938,829800,0.0,0.0
2018-01-30 00:00:00-05:00,77.12204225988498,78.14500293147297,77.03834167212446,77.28943634033203,1030600,0.0,0.0
2018-01-31 00:00:00-05:00,77.43822523493148,77.43822523493148,76.74075109937759,77.34523010253906,1175200,0.0,0.0
2018-02-01 00:00:00-05:00,77.4475281825838,77.6614233762594,75.82008850551676,76.1083755493164,1334000,0.0,0.0
2018-02-02 00:00:00-05:00,75.98748810184416,76.5268698510809,75.3272133791886,75.53180694580078,1101800,0.0,0.0
2018-02-05 00:00:00-05:00,75.32720607060529,75.82938829581818,73.10458907637481,73.29988098144531,1883700,0.0,0.0
2018-02-06 00:00:00-05:00,72.93994401823035,74.09921004162517,71.79003600272758,73.81874084472656,2169600,0.415,0.0
2018-02-07 00:00:00-05:00,73.85614970211012,74.5479648034494,72.88386535644531,72.88386535644531,1268700,0.0,0.0
2018-02-08 00:00:00-05:00,72.70623978594601,73.35131481646222,71.08888746982846,71.10758209228516,1572000,0.0,0.0
2018-02-09 00:00:00-05:00,71.62175558384861,73.55697306224802,71.4160791247465,72.86515808105469,1775400,0.0,0.0
2018-02-12 00:00:00-05:00,73.11759207886546,73.2391249551991,72.05182029369459,72.84647369384766,1016900,0.0,0.0
2018-02-13 00:00:00-05:00,72.7623310851174,73.79070640676858,72.27618535534329,73.64112091064453,921200,0.0,0.0
2018-02-14 00:00:00-05:00,73.01474710929865,73.68786757120807,72.62209588406115,73.22977447509766,725600,0.0,0.0
2018-02-15 00:00:00-05:00,73.32324985705496,74.52925596539357,73.24845712181819,74.51990509033203,718100,0.0,0.0
2018-02-16 00:00:00-05:00,74.50121933767306,75.78201120102095,74.25814648554443,75.25847625732422,1012700,0.0,0.0
2018-02-20 00:00:00-05:00,75.02475155738543,75.56698823374313,74.38902752056599,74.65079498291016,1026000,0.0,0.0
2018-02-21 00:00:00-05:00,73.89352755884504,75.78199764847379,73.68785111556691,73.71589660644531,1250400,0.0,0.0
2018-02-22 00:00:00-05:00,73.73460761285544,74.37033163888168,73.16432545130418,73.61306762695312,988200,0.0,0.0
2018-02-23 00:00:00-05:00,73.67851673592823,75.53894888381235,73.67851673592823,75.38001251220703,655800,0.0,0.0
2018-02-26 00:00:00-05:00,76.1933667610332,76.32425050142344,75.3332715720034,75.53894805908203,804200,0.0,0.0
2018-02-27 00:00:00-05:00,75.71657266325516,76.60472049052204,74.53861898812829,74.7536392211914,986700,0.0,0.0
2018-02-28 00:00:00-05:00,74.678849489104,75.50155547874922,74.19271087646484,74.19271087646484,1069300,0.0,0.0
2018-03-01 00:00:00-05:00,74.11791653438482,75.13694812259527,73.28586681827355,73.99638366699219,1233900,0.0,0.0
2018-03-02 00:00:00-05:00,73.81875026593346,74.92191831116493,73.06149332334053,73.74395751953125,1373800,0.0,0.0
2018-03-05 00:00:00-05:00,73.60372305177006,75.61372620904663,73.53828118803494,74.96865844726562,1992400,0.0,0.0
2018-03-06 00:00:00-05:00,74.93128363771581,75.13696016367103,74.33295581637162,74.50123596191406,1122500,0.0,0.0
2018-03-07 00:00:00-05:00,74.25814651086252,75.27717090270947,73.9963790389249,74.95931243896484,1061800,0.0,0.0
2018-03-08 00:00:00-05:00,75.25847882531501,75.8007155398625,75.02475684138545,75.53894805908203,948000,0.0,0.0
2018-03-09 00:00:00-05:00,75.66048263445349,76.08117936199146,75.22108415350591,76.06248474121094,665900,0.0,0.0
2018-03-12 00:00:00-04:00,76.05313262583932,77.02541694105977,76.02508712881078,76.84778594970703,959300,0.0,0.0
2018-03-13 00:00:00-04:00,77.11889801801892,77.28717811909236,75.38000601780278,75.49219512939453,916500,0.0,0.0
2018-03-14 00:00:00-04:00,75.76330923210766,76.50187146039706,75.31455994344815,75.91288757324219,904400,0.0,0.0
2018-03-15 00:00:00-04:00,76.01573585655214,76.87583817918106,75.91289761289683,76.16532135009766,785300,0.0,0.0
2018-03-16 00:00:00-04:00,76.36165253573503,77.03477304057363,76.17467778778183,76.8104019165039,1952200,0.0,0.0
2018-03-19 00:00:00-04:00,76.81039384334306,77.2123887959278,75.65112770346379,76.2120590209961,1002800,0.0,0.0
2018-03-20 00:00:00-04:00,76.20271967523641,76.63276728125106,75.91289955722614,76.11857604980469,645400,0.0,0.0
2018-03-21 00:00:00-04:00,76.12792242697861,76.69820461992,75.34261287742463,75.58568572998047,570600,0.0,0.0
2018-03-22 00:00:00-04:00,75.63244041207439,76.72625765714187,74.8845271611433,74.9312744140625,791200,0.0,0.0
2018-03-23 00:00:00-04:00,75.50155980522858,76.30556408701973,73.87484948664854,74.07118225097656,784700,0.0,0.0
2018-03-26 00:00:00-04:00,74.23946224771534,74.80039364192271,73.75331647547387,74.66950988769531,742400,0.0,0.0
2018-03-27 00:00:00-04:00,74.79102891397666,76.37099168222548,74.08986301790813,75.43610382080078,1111400,0.0,0.0
2018-03-28 00:00:00-04:00,75.54827964167376,76.12791263625988,75.32390857035529,75.9035415649414,846700,0.0,0.0
2018-03-29 00:00:00-04:00,76.04378625920013,77.16565613527929,76.04378625920013,76.7823486328125,1069600,0.0,0.0
2018-04-02 00:00:00-04:00,76.93191899852228,76.95996449169574,75.22107258866056,75.91288757324219,927700,0.0,0.0
2018-04-03 00:00:00-04:00,75.8194130409714,76.24011690760653,75.26783256160229,75.8755111694336,1058100,0.0,0.0
2018-04-04 00:00:00-04:00,75.55763277199821,76.14660952652511,75.03409787908541,75.91288757324219,763400,0.0,0.0
2018-04-05 00:00:00-04:00,76.02508666154516,76.85713635387997,74.98736048209318,76.7636489868164,734100,0.0,0.0
2018-04-06 00:00:00-04:00,76.87582623009021,77.35261386824266,76.49251881193037,76.58600616455078,1216400,0.0,0.0
2018-04-09 00:00:00-04:00,76.53927043194479,77.33392367360736,76.14661211627788,76.79168701171875,728400,0.0,0.0
2018-04-10 00:00:00-04:00,77.05345709550272,77.26848444552736,76.35229118788928,76.47383117675781,657300,0.0,0.0
2018-04-11 00:00:00-04:00,76.26816456924035,76.88518693879588,76.03444256979991,76.48318481445312,794300,0.0,0.0
2018-04-12 00:00:00-04:00,75.63244179119677,76.16532767409754,75.02476315531318,75.39871978759766,2152500,0.0,0.0
2018-04-13 00:00:00-04:00,75.76331948211119,76.2681598254174,75.39871375627264,75.59503936767578,934700,0.0,0.0
2018-04-16 00:00:00-04:00,76.66081487877787,77.59570286510443,76.52058025430303,77.24044799804688,1254200,0.0,0.0
2018-04-17 00:00:00-04:00,77.62373931125963,78.95127838519926,77.40871909375184,78.59602355957031,1032200,0.0,0.0
2018-04-18 00:00:00-04:00,78.65211914060706,79.07282298952657,78.2314224243164,78.2314224243164,959400,0.0,0.0
2018-04-19 00:00:00-04:00,78.09119802518174,78.43710917297838,77.73594313233667,78.21273803710938,896800,0.0,0.0
2018-04-20 00:00:00-04:00,78.24077053887052,78.41839438946836,77.7546248371861,78.2220687866211,834600,0.0,0.0
2018-04-23 00:00:00-04:00,78.19400794302659,78.80168638454325,77.76396044987116,78.7923355102539,575500,0.0,0.0
2018-04-24 00:00:00-04:00,79.02606380286682,79.6898332783167,78.5586199075392,79.25043487548828,828200,0.0,0.0
2018-04-25 00:00:00-04:00,79.03541727231989,79.68049215148808,78.53992786822816,79.23174285888672,504300,0.0,0.0
2018-04-26 00:00:00-04:00,79.57765537193283,80.42839959590567,78.82974224816553,80.29751586914062,679900,0.0,0.0
2018-04-27 00:00:00-04:00,80.27884838399376,81.32591855201106,80.22275024454242,81.12959289550781,936500,0.0,0.0
2018-04-30 00:00:00-04:00,81.25112647262853,81.5128939938598,80.74628605341248,80.94261169433594,745400,0.0,0.0
2018-05-01 00:00:00-04:00,80.75561974489102,81.14827811048318,80.5032031330231,80.98934173583984,571400,0.0,0.0
2018-05-02 00:00:00-04:00,80.8303995364282,81.05477061463546,79.98899907736607,80.6153793334961,916600,0.0,0.0
2018-05-03 00:00:00-04:00,80.41905937195817,80.82106148101869,78.63342707308176,79.7365951538086,1107400,0.0,0.0
2018-05-04 00:00:00-04:00,79.65244227351724,80.3536081637159,79.10086186355586,80.13858795166016,555700,0.0,0.0
2018-05-07 00:00:00-04:00,80.21337595760102,80.21337595760102,79.01671358421432,79.27848815917969,647600,0.0,0.0
2018-05-08 00:00:00-04:00,78.72691179721583,79.11021927250795,77.43676902045064,77.60504913330078,629800,0.0,0.0
2018-05-09 00:00:00-04:00,77.77332597949726,77.94160608527926,77.08150380426649,77.81072235107422,853400,0.0,0.0
2018-05-10 00:00:00-04:00,78.3982288346083,78.79303833049151,77.92821548088983,78.71783447265625,607400,0.455,0.0
2018-05-11 00:00:00-04:00,78.8682669562959,78.8682669562959,78.05984316027411,78.47345733642578,480800,0.0,0.0
2018-05-14 00:00:00-04:00,78.47343982369479,78.8024477668293,77.5428081350404,77.7120132446289,838100,0.0,0.0
2018-05-15 00:00:00-04:00,77.45820668960387,77.60860724229865,76.17036744269865,76.5933837890625,806500,0.0,0.0
2018-05-16 00:00:00-04:00,76.64038520858625,76.84719225572837,75.50295362114007,75.69095611572266,691800,0.0,0.0
2018-05-17 00:00:00-04:00,75.29613176153487,75.76614507736446,75.15512633241917,75.52173614501953,723400,0.0,0.0
2018-05-18 00:00:00-04:00,75.77556031717155,76.02936439553903,75.13634181139814,75.62515258789062,765700,0.0,0.0
2018-05-21 00:00:00-04:00,75.69095325386088,76.0199683646936,75.2491466911129,75.70035552978516,753500,0.0,0.0
2018-05-22 00:00:00-04:00,75.9635527696525,76.2643610166324,75.5781455650068,75.68154907226562,630400,0.0,0.0
2018-05-23 00:00:00-04:00,75.80375115026636,76.2831667667536,75.72854729437925,76.08576202392578,644700,0.0,0.0
2018-05-24 00:00:00-04:00,76.30199069622917,77.23262260004411,75.98238495524484,77.12921905517578,1016200,0.0,0.0
2018-05-25 00:00:00-04:00,77.1292046643402,78.21963206335744,76.9693946518286,78.01282501220703,1033100,0.0,0.0
2018-05-29 00:00:00-04:00,77.99403177162225,79.4510691398163,77.81542436854043,78.88705444335938,1052500,0.0,0.0
2018-05-30 00:00:00-04:00,78.72724126037491,79.60146643527396,78.52043422539136,79.15965270996094,621600,0.0,0.0
2018-05-31 00:00:00-04:00,78.87764847026101,79.55446170965459,78.08802226654934,78.15382385253906,872600,0.0,0.0
2018-06-01 00:00:00-04:00,78.39824491786732,78.62384936582083,77.08220582310561,77.20440673828125,742400,0.0,0.0
2018-06-04 00:00:00-04:00,77.2890223215871,77.64623000542944,76.54640011910904,76.74380493164062,604500,0.0,0.0
2018-06-05 00:00:00-04:00,76.79079290864209,76.79079290864209,75.44655427463283,75.64395904541016,812000,0.0,0.0
2018-06-06 00:00:00-04:00,75.84136376617003,75.89776308011623,74.17751945823828,74.46892547607422,1011700,0.0,0.0
2018-06-07 00:00:00-04:00,74.67574020145352,75.2867519569252,74.21512185074546,74.51593017578125,1497300,0.0,0.0
2018-06-08 00:00:00-04:00,74.76032865541625,75.01413990220833,73.92370539508045,74.52532196044922,968500,0.0,0.0
2018-06-11 00:00:00-04:00,74.38432763859485,74.64754120068187,73.06829568734102,73.65110778808594,1059100,0.0,0.0
2018-06-12 00:00:00-04:00,73.56648426319654,74.76971717252022,73.35967726218767,74.71331787109375,774400,0.0,0.0
2018-06-13 00:00:00-04:00,74.72273232125178,75.07054483771907,73.8579093402277,74.19631958007812,970400,0.0,0.0
2018-06-14 00:00:00-04:00,74.22450918459006,75.10813659916302,74.22450918459006,74.99533081054688,963500,0.0,0.0
2018-06-15 00:00:00-04:00,74.89193683394326,76.27377744015568,74.17752159723894,76.18917846679688,2407800,0.0,0.0
2018-06-18 00:00:00-04:00,75.99174148343715,77.05397605567526,75.99174148343715,77.03517150878906,867900,0.0,0.0
2018-06-19 00:00:00-04:00,76.91300655691431,78.25724541365598,76.91300655691431,77.83423614501953,1234600,0.0,0.0
2018-06-20 00:00:00-04:00,77.98460973019428,78.40762602420445,77.6179999118193,78.18201446533203,815600,0.0,0.0
2018-06-21 00:00:00-04:00,78.10683946850843,78.39825271342109,77.27021601781463,77.42062377929688,658700,0.0,0.0
2018-06-22 00:00:00-04:00,77.52401532671736,78.57684080683747,77.40180724646363,78.41703796386719,909500,0.0,0.0
2018-06-25 00:00:00-04:00,78.63324986944694,80.36289588447373,78.33244155501464,80.18429565429688,1124700,0.0,0.0
2018-06-26 00:00:00-04:00,79.97748383858935,80.83290451834146,79.90227997149331,80.17488861083984,929000,0.0,0.0
2018-06-27 00:00:00-04:00,79.83648093446969,80.9739125662972,79.5920719445074,80.597900390625,1092100,0.0,0.0
2018-06-28 00:00:00-04:00,80.61669001941844,81.37810933461283,80.25008018826304,80.38168334960938,720000,0.0,0.0
2018-06-29 00:00:00-04:00,80.25949096679688,80.8705098620053,79.81768436560758,80.25949096679688,833200,0.0,0.0
2018-07-02 00:00:00-04:00,80.45688474299799,81.20890899914147,80.18428330127668,81.13370513916016,674900,0.0,0.0
2018-07-03 00:00:00-04:00,81.24651595861448,82.22414468338617,80.97390732818279,81.66952514648438,336000,0.0,0.0
2018-07-05 00:00:00-04:00,81.81993270051359,82.32754802797139,81.31231737305579,82.31814575195312,682700,0.0,0.0
2018-07-06 00:00:00-04:00,82.35575799246621,83.43679037114947,82.35575799246621,83.173583984375,608300,0.0,0.0
2018-07-09 00:00:00-04:00,83.35218760011172,83.35218760011172,79.9774943056624,80.16549682617188,869400,0.0,0.0
2018-07-10 00:00:00-04:00,79.81767904705785,81.4157217386556,79.16905825993584,81.06790924072266,685900,0.0,0.0
2018-07-11 00:00:00-04:00,81.28411710274956,82.27114092215358,81.08671233886876,82.0079345703125,509700,0.0,0.0
2018-07-12 00:00:00-04:00,82.017333984375,82.0831355700392,81.38751778275542,82.017333984375,947400,0.0,0.0
2018-07-13 00:00:00-04:00,82.13014997794062,82.5061549873923,81.67893392602842,82.44035339355469,452900,0.0,0.0
2018-07-16 00:00:00-04:00,82.44034665284963,82.54375017354484,81.83873008071488,82.31814575195312,620700,0.0,0.0
2018-07-17 00:00:00-04:00,81.74473124662734,82.85396317893029,81.66952737993397,82.43095397949219,813100,0.0,0.0
2018-07-18 00:00:00-04:00,82.43094868311623,82.51554764883397,81.6789244081728,82.32754516601562,680700,0.0,0.0
2018-07-19 00:00:00-04:00,82.47795893641752,83.40859073947264,82.2429522093132,83.2205810546875,519700,0.0,0.0
2018-07-20 00:00:00-04:00,82.96674969014576,83.26755791514925,81.8951199403312,82.29933166503906,754800,0.0,0.0
2018-07-23 00:00:00-04:00,82.46855622885155,82.69416065796067,81.622530654898,82.04553985595703,489400,0.0,0.0
2018-07-24 00:00:00-04:00,81.74473541384381,82.3839539696528,80.87991241828925,82.1771469116211,516300,0.0,0.0
2018-07-25 00:00:00-04:00,82.224144016106,82.66595775246721,81.83872959184698,82.2711410522461,369700,0.0,0.0
2018-07-26 00:00:00-04:00,82.84456885695336,83.36158652531732,82.76937215487546,83.2205810546875,361400,0.0,0.0
2018-07-27 00:00:00-04:00,83.1923636634287,83.61537281332244,82.78815189208893,83.06076049804688,371300,0.0,0.0
2018-07-30 00:00:00-04:00,83.01376356876482,83.15476902169786,82.12074098658097,82.31814575195312,393300,0.0,0.0
2018-07-31 00:00:00-04:00,82.7129731756482,83.48379502368421,82.36516777792069,82.95738220214844,829300,0.0,0.0
2018-08-01 00:00:00-04:00,82.64714258643451,82.71294416604813,81.23710259028447,81.36870574951172,776700,0.0,0.0
2018-08-02 00:00:00-04:00,81.69773320347281,82.70356159965384,81.15251593440841,82.28994750976562,660600,0.0,0.0
2018-08-03 00:00:00-04:00,82.47796542074086,83.1829856574817,81.77294518400002,82.76937866210938,572400,0.0,0.0
2018-08-06 00:00:00-04:00,83.17356574996435,83.39917015033446,82.59074661285412,82.96675872802734,430200,0.0,0.0
2018-08-07 00:00:00-04:00,82.8727731465096,82.89157052849345,82.00794296669802,82.79756927490234,437200,0.0,0.0
2018-08-08 00:00:00-04:00,82.66595420088554,83.07016598786737,82.44974489405737,82.83515930175781,414500,0.0,0.0
2018-08-09 00:00:00-04:00,82.80208288872213,83.42572410348559,82.6509017272711,83.35958099365234,436700,0.455,0.0
2018-08-10 00:00:00-04:00,83.4351953203903,83.9076482786959,82.8021028773752,82.81155395507812,365000,0.0,0.0
2018-08-13 00:00:00-04:00,83.00053919734955,83.19897580040895,82.4052510153533,82.58478546142578,636300,0.0,0.0
2018-08-14 00:00:00-04:00,82.73592858379757,83.14223826324026,82.58474744280305,82.76427459716797,453300,0.0,0.0
2018-08-15 00:00:00-04:00,83.0761118650263,84.0304686916969,82.75484737016104,83.4351806640625,659900,0.0,0.0
2018-08-16 00:00:00-04:00,83.2934436486759,84.30449251699358,83.20839838211374,84.0588150024414,601900,0.0,0.0
2018-08-17 00:00:00-04:00,84.12496029589856,84.97537693825414,83.88873385130306,84.55961608886719,571700,0.0,0.0
2018-08-20 00:00:00-04:00,84.84310028524978,85.00373255553681,84.20056399504185,84.4367904663086,515000,0.0,0.0
2018-08-21 00:00:00-04:00,84.30449426564209,84.68245801685623,83.8225903026176,84.06826782226562,505800,0.0,0.0
2018-08-22 00:00:00-04:00,84.2288914140969,84.46511783318715,83.05721039394552,83.39737701416016,439900,0.0,0.0
2018-08-23 00:00:00-04:00,83.44463456303517,83.91708749514893,83.12337002954642,83.4068374633789,378800,0.0,0.0
2018-08-24 00:00:00-04:00,83.52966743919256,84.03046631943789,83.1044555379789,83.95487213134766,339900,0.0,0.0
2018-08-27 00:00:00-04:00,84.04938422603544,84.2289186695378,82.7832136703424,83.198974609375,580600,0.0,0.0
2018-08-28 00:00:00-04:00,83.03831168717537,83.24619209804548,82.21624832844527,82.44302368164062,594400,0.0,0.0
2018-08-29 00:00:00-04:00,82.84933646058325,83.302894392636,82.60365894701054,82.8587875366211,873400,0.0,0.0
2018-08-30 00:00:00-04:00,83.07610632246421,83.27453565177046,82.4241263001889,82.78318786621094,680300,0.0,0.0
2018-08-31 00:00:00-04:00,82.78319001233601,83.0761084761831,82.2256918934965,82.70759582519531,723600,0.0,0.0
2018-09-04 00:00:00-04:00,82.50917478338229,84.002127688698,82.50917478338229,83.90763854980469,815700,0.0,0.0
2018-09-05 00:00:00-04:00,83.8037050796683,84.83364903190636,83.58637355456737,84.56907653808594,762700,0.0,0.0
2018-09-06 00:00:00-04:00,84.60684482362353,84.74858209962954,84.0587978678975,84.18163299560547,869700,0.0,0.0
2018-09-07 00:00:00-04:00,83.5674613985735,84.08715520181809,83.18004660593711,83.35958099365234,937900,0.0,0.0
2018-09-10 00:00:00-04:00,83.80369982200676,84.0682722992285,83.00997518128227,83.78479766845703,726400,0.0,0.0
2018-09-11 00:00:00-04:00,83.62415687523705,84.3328361707899,83.54856268687068,83.69029998779297,661900,0.0,0.0
2018-09-12 00:00:00-04:00,83.77534998034007,84.33284093062558,83.52967245881237,83.53912353515625,617700,0.0,0.0
2018-09-13 00:00:00-04:00,83.5107741126617,84.41788283842777,83.46353314690701,84.36119079589844,667900,0.0,0.0
2018-09-14 00:00:00-04:00,84.03992735006229,84.50292919110683,83.82259583582376,84.32339477539062,856800,0.0,0.0
2018-09-17 00:00:00-04:00,84.59741318508955,84.80529360978302,84.12496029589856,84.55961608886719,795300,0.0,0.0
2018-09-18 00:00:00-04:00,84.33284568401007,84.68246343784942,84.0304761054942,84.45568084716797,539700,0.0,0.0
2018-09-19 00:00:00-04:00,84.4745727871027,84.50291880524571,82.32018889953122,82.75484466552734,719700,0.0,0.0
2018-09-20 00:00:00-04:00,82.65091282769995,83.66196176183043,82.11231680127644,83.55802154541016,810900,0.0,0.0
2018-09-21 00:00:00-04:00,83.22731056798415,84.28560052614722,83.10446819136904,83.71865844726562,1948200,0.0,0.0
2018-09-24 00:00:00-04:00,83.63360035879975,83.9454137416521,82.94381606842772,82.98161315917969,672600,0.0,0.0
2018-09-25 00:00:00-04:00,82.78320149056172,83.21785731329979,81.76270144984136,81.88554382324219,549900,0.0,0.0
2018-09-26 00:00:00-04:00,81.9800254457765,82.44302724788719,81.14850376632681,81.1768569946289,969000,0.0,0.0
2018-09-27 00:00:00-04:00,81.36582276111962,82.51860876028898,81.16739344784487,82.16899108886719,850000,0.0,0.0
2018-09-28 00:00:00-04:00,82.37688327528979,83.1895027940741,82.37688327528979,83.12335968017578,698500,0.0,0.0
2018-10-01 00:00:00-04:00,83.03831138261275,83.04776245826996,82.20679695124056,82.70759582519531,458100,0.0,0.0
2018-10-02 00:00:00-04:00,82.98163056275078,83.70920488740954,82.96273561794096,83.48242950439453,459000,0.0,0.0
2018-10-03 00:00:00-04:00,83.4635217921909,84.0210126920443,82.04616324930598,82.83043670654297,717100,0.0,0.0
2018-10-04 00:00:00-04:00,82.66979096701557,82.92491952238831,81.98001389905362,82.83987426757812,609500,0.0,0.0
2018-10-05 00:00:00-04:00,82.80210152129543,84.52182997300073,82.80210152129543,84.1344223022461,586900,0.0,0.0
2018-10-08 00:00:00-04:00,84.31393361919119,85.48561459689542,84.31393361919119,84.9753646850586,613400,0.0,0.0
2018-10-09 00:00:00-04:00,85.107655794334,85.6840488459165,84.77694024237478,85.58010864257812,781900,0.0,0.0
2018-10-10 00:00:00-04:00,85.39114776749201,86.89354467035949,85.38169669006712,85.50453186035156,985200,0.0,0.0
2018-10-11 00:00:00-04:00,85.78800853478823,85.95809188715047,82.61312409673293,82.63201904296875,1220900,0.0,0.0
2018-10-12 00:00:00-04:00,82.83044806714595,83.26510388149218,82.09341546814915,82.89659118652344,970800,0.0,0.0
2018-10-15 00:00:00-04:00,82.9154916676608,83.8131493775899,82.75485939688356,83.15171813964844,691300,0.0,0.0
2018-10-16 00:00:00-04:00,83.26508463772544,85.23048282030696,82.83987278937767,85.08875274658203,662100,0.0,0.0
2018-10-17 00:00:00-04:00,84.98484171471232,85.58958093364016,84.54073477383028,84.9942855834961,933600,0.0,0.0
2018-10-18 00:00:00-04:00,85.43838218940648,85.9108350976103,85.06041842103156,85.46672821044922,645600,0.0,0.0
2018-10-19 00:00:00-04:00,85.7029455113326,87.2809435350856,85.58011036357995,86.8746337890625,818600,0.0,0.0
2018-10-22 00:00:00-04:00,86.93131994445288,87.29038149678864,86.08090341622815,86.48721313476562,974900,0.0,0.0
2018-10-23 00:00:00-04:00,86.49668976203195,87.1297750054314,84.67302102740449,84.9942855834961,1218600,0.0,0.0
2018-10-24 00:00:00-04:00,85.15490148955628,87.67779789573129,84.89032184661497,86.62895202636719,1063900,0.0,0.0
2018-10-25 00:00:00-04:00,86.21318876934956,86.31712896670842,84.8147324560705,84.9753646850586,1094900,0.0,0.0
2018-10-26 00:00:00-04:00,85.37222930123147,85.69350099075686,82.63200130540955,83.36903381347656,1059200,0.0,0.0
2018-10-29 00:00:00-04:00,83.69975903002835,85.08877173496559,83.69975903002835,84.57852172851562,995100,0.0,0.0
2018-10-30 00:00:00-04:00,84.97538242686524,85.26830093018457,83.98322841185674,85.21160888671875,1011200,0.0,0.0
2018-10-31 00:00:00-04:00,85.04152431392326,85.1265623778887,83.54857137912681,83.65251159667969,1182800,0.0,0.0
2018-11-01 00:00:00-04:00,84.44623439652564,84.86198804860682,82.16900794590033,83.46353149414062,980500,0.0,0.0
2018-11-02 00:00:00-04:00,83.36904024422624,83.67140980583687,81.82883920712857,82.56586456298828,839400,0.0,0.0
2018-11-05 00:00:00-05:00,82.75486292250324,83.42574526644266,82.67926871807228,83.35015106201172,789200,0.0,0.0
2018-11-06 00:00:00-05:00,83.32178951242038,84.25724418850648,83.17060113172913,84.19110107421875,436600,0.0,0.0
2018-11-07 00:00:00-05:00,84.68245674521499,85.3816849885728,84.54071943950574,85.12655639648438,767300,0.0,0.0
2018-11-08 00:00:00-05:00,85.1408126419993,85.62516284377017,83.87770684407407,84.41903686523438,819900,0.455,0.0
2018-11-09 00:00:00-05:00,84.21959039526517,85.43520803766306,83.8302090199316,85.10281372070312,704400,0.0,0.0
2018-11-12 00:00:00-05:00,84.9793527103138,87.49605764506026,84.90337479833778,86.68881225585938,840300,0.0,0.0
2018-11-13 00:00:00-05:00,86.81228609165,87.10669147034172,86.04302234262657,86.55586242675781,652800,0.0,0.0
2018-11-14 00:00:00-05:00,86.43240058961457,86.85026463704337,85.57766714724426,85.8340835571289,734000,0.0,0.0
2018-11-15 00:00:00-05:00,85.60616828284046,87.47708305052215,84.74194292183773,87.44859313964844,862700,0.0,0.0
2018-11-16 00:00:00-05:00,88.09437847857228,88.8446440892681,87.96142074965432,88.55973052978516,871000,0.0,0.0
2018-11-19 00:00:00-05:00,88.77816688605793,89.69937195489807,88.2938167241347,88.78765869140625,762200,0.0,0.0
2018-11-20 00:00:00-05:00,89.14854598210215,89.6613860272679,88.07537788464964,88.34129333496094,869800,0.0,0.0
2018-11-21 00:00:00-05:00,88.0563860014522,88.0563860014522,86.85975924336506,86.94523620605469,665300,0.0,0.0
2018-11-23 00:00:00-05:00,86.99271636408122,87.80946080093169,86.53686338507082,87.46756744384766,425600,0.0,0.0
2018-11-26 00:00:00-05:00,87.46757434363171,87.70499990224398,86.80278567777856,87.61003112792969,901200,0.0,0.0
2018-11-27 00:00:00-05:00,87.65751941315449,87.78097809558543,86.98322444840369,87.4770736694336,1118000,0.0,0.0
2018-11-28 00:00:00-05:00,87.66701315410246,88.1513633346683,87.32511976142696,87.96142578125,977700,0.0,0.0
2018-11-29 00:00:00-05:00,87.99942266387696,88.39829590935888,87.17317901624679,87.82847595214844,883100,0.0,0.0
2018-11-30 00:00:00-05:00,87.92343261221487,90.61109161376953,87.85695374713573,90.61109161376953,2473700,0.0,0.0
2018-12-03 00:00:00-05:00,90.06975302720204,90.93398550574436,89.01559025287489,90.8864974975586,1310200,0.0,0.0
2018-12-04 00:00:00-05:00,90.78203289497453,92.4535108523721,90.64907516212332,90.96247863769531,1300700,0.0,0.0
2018-12-06 00:00:00-05:00,91.47532365644605,92.44401679752382,90.63958825540537,92.4250259399414,1471500,0.0,0.0
2018-12-07 00:00:00-05:00,92.15909138951116,93.24175118901026,91.44681482428007,92.88086700439453,1141700,0.0,0.0
2018-12-10 00:00:00-05:00,93.11831151173513,93.11831151173513,91.15242808070568,92.5579833984375,841000,0.0,0.0
2018-12-11 00:00:00-05:00,92.55797767949278,92.9948398321007,91.49430858249988,91.62727355957031,1213400,0.0,0.0
2018-12-12 00:00:00-05:00,92.00715077829089,92.70043660440787,91.96916181905746,92.2350845336914,1824900,0.0,0.0
2018-12-13 00:00:00-05:00,92.3680348590833,93.20377015822257,92.2255780847981,92.74791717529297,921200,0.0,0.0
2018-12-14 00:00:00-05:00,92.4820158997186,92.88089640922361,90.93400361630475,92.25408935546875,1289700,0.0,0.0
2018-12-17 00:00:00-05:00,92.66244042746416,92.69093033325679,88.483749430767,88.87313079833984,1265800,0.0,0.0
2018-12-18 00:00:00-05:00,89.29099185766343,89.87980979186261,87.5815323560615,88.01839447021484,1672400,0.0,0.0
2018-12-19 00:00:00-05:00,88.19885271550547,88.85414235693194,86.7932901631619,87.93292999267578,1214800,0.0,0.0
2018-12-20 00:00:00-05:00,87.78097408023515,89.44295291971602,87.10668639198126,88.18934631347656,1414600,0.0,0.0
2018-12-21 00:00:00-05:00,88.66419985718984,90.354668649835,86.51787081076311,86.60334777832031,2376300,0.0,0.0
2018-12-24 00:00:00-05:00,86.54636821373963,86.68882500823769,81.93081444418533,81.96880340576172,576300,0.0,0.0
2018-12-26 00:00:00-05:00,82.12075645041423,84.08663985958889,81.56992739482921,84.07714080810547,1240600,0.0,0.0
2018-12-27 00:00:00-05:00,83.84920330296576,84.91287231445312,82.59559676062283,84.91287231445312,1160500,0.0,0.0
2018-12-28 00:00:00-05:00,85.28327432716112,86.24246848827678,84.86540297259734,85.49220275878906,755100,0.0,0.0
2018-12-31 00:00:00-05:00,85.53017249346162,86.2424490991584,84.79890503303328,86.20446014404297,585800,0.0,0.0
2019-01-02 00:00:00-05:00,85.9005613305946,85.9005613305946,83.74474051868732,84.30506134033203,981100,0.0,0.0
2019-01-03 00:00:00-05:00,84.19109003922223,85.9100484690408,84.19109003922223,84.637451171875,1241400,0.0,0.0
2019-01-04 00:00:00-05:00,84.27656776692135,85.52068252529669,83.57379019632585,85.27375793457031,952300,0.0,0.0
2019-01-07 00:00:00-05:00,84.98884410683092,85.53017404716796,84.1720996711431,84.37153625488281,724700,0.0,0.0
2019-01-08 00:00:00-05:00,84.53300205586756,85.72962171299022,84.51400395268271,85.60616302490234,688100,0.0,0.0
2019-01-09 00:00:00-05:00,85.4731857939796,85.91954692354132,84.35253706818801,84.51398468017578,1131600,0.0,0.0
2019-01-10 00:00:00-05:00,84.817904219629,86.32793453977926,84.52349884562959,86.19497680664062,806000,0.0,0.0
2019-01-11 00:00:00-05:00,86.3659224762876,86.51787106422464,85.6536458090536,86.08100891113281,723500,0.0,0.0
2019-01-14 00:00:00-05:00,85.73911974850147,85.91006644687218,85.00785218892597,85.88157653808594,1573700,0.0,0.0
2019-01-15 00:00:00-05:00,85.78659783803424,87.91392864731125,85.78659783803424,86.82176971435547,1064900,0.0,0.0
2019-01-16 00:00:00-05:00,86.54636502265156,87.4675773813652,86.14749180928686,87.17317199707031,752700,0.0,0.0
2019-01-17 00:00:00-05:00,86.9357335930535,88.25581897020457,86.9357335930535,87.90442657470703,829800,0.0,0.0
2019-01-18 00:00:00-05:00,88.17984605030475,88.60721637911523,87.56253818356913,87.95191955566406,801300,0.0,0.0
2019-01-22 00:00:00-05:00,87.7714798694483,88.6262133403011,87.42958648110718,88.10387420654297,1283900,0.0,0.0
2019-01-23 00:00:00-05:00,88.0373966147819,89.57591688461005,88.0373966147819,89.49993896484375,714000,0.0,0.0
2019-01-24 00:00:00-05:00,89.63289715966799,90.04126942343228,88.81615263213939,89.87982177734375,499300,0.0,0.0
2019-01-25 00:00:00-05:00,89.42396170806057,90.06026043654444,88.41727245939444,88.57872009277344,838500,0.0,0.0
2019-01-28 00:00:00-05:00,88.64519774183852,88.95860119927079,87.72399271630368,88.34129333496094,529800,0.0,0.0
2019-01-29 00:00:00-05:00,88.51224454198191,89.3384880868227,87.98991266520918,88.39828491210938,762900,0.0,0.0
2019-01-30 00:00:00-05:00,88.27481981435079,89.88931796068226,88.25582895774471,89.02508544921875,1216500,0.0,0.0
2019-01-31 00:00:00-05:00,89.29100672940781,91.30437820643581,88.74018490413098,90.85801696777344,2127200,0.0,0.0
2019-02-01 00:00:00-05:00,90.90549271276085,91.17140816059151,89.60439813370083,90.421142578125,1213900,0.0,0.0
2019-02-04 00:00:00-05:00,90.11725554912688,90.77255249023438,89.17705224997773,90.77255249023438,1051600,0.0,0.0
2019-02-05 00:00:00-05:00,90.69657398323953,91.31388195686355,90.0792660096155,91.03846740722656,780700,0.0,0.0
2019-02-06 00:00:00-05:00,91.24361783447284,91.40583544077134,90.38480803611533,90.79512786865234,611300,0.455,0.0
2019-02-07 00:00:00-05:00,90.83329976853888,92.45549042349063,90.49931291586469,92.43640899658203,915400,0.0,0.0
2019-02-08 00:00:00-05:00,92.22646990181278,93.31429315828055,92.04516359899878,93.2665786743164,665800,0.0,0.0
2019-02-11 00:00:00-05:00,92.61771729430077,93.73417380562424,92.61771729430077,93.13300323486328,679100,0.0,0.0
2019-02-12 00:00:00-05:00,93.47651896944079,93.7437026306186,92.3982399710564,93.19979095458984,668700,0.0,0.0
2019-02-13 00:00:00-05:00,92.84673195802718,93.26658888600737,92.51274509412644,92.9803237915039,670100,0.0,0.0
2019-02-14 00:00:00-05:00,93.26659028404057,93.51469252716299,92.72267858810115,92.79901885986328,798900,0.0,0.0
2019-02-15 00:00:00-05:00,93.26659170971774,93.68645593061854,92.93261211591445,93.56240844726562,909700,0.0,0.0
2019-02-19 00:00:00-05:00,93.41927442805675,94.25899560917703,93.17117217537216,94.18265533447266,834300,0.0,0.0
2019-02-20 00:00:00-05:00,93.25704986678902,94.44983926952483,92.21693372189482,94.14448547363281,1831700,0.0,0.0
2019-02-21 00:00:00-05:00,94.00133568447659,95.87162832365439,93.32383227540257,95.7857437133789,1188700,0.0,0.0
2019-02-22 00:00:00-05:00,96.25333320884539,96.6159385548924,95.42314919001717,96.3582992553711,770600,0.0,0.0
2019-02-25 00:00:00-05:00,96.42508803375759,96.6922716668864,95.42314212931657,96.26286315917969,755600,0.0,0.0
2019-02-26 00:00:00-05:00,96.60638597257964,96.63501175006495,95.69032469201063,96.41554260253906,621700,0.0,0.0
2019-02-27 00:00:00-05:00,95.71895046949594,96.78769227026373,95.71895046949594,96.41554260253906,655900,0.0,0.0
2019-02-28 00:00:00-05:00,96.406016603652,97.39841833325282,95.95752659044489,96.9690170288086,1006400,0.0,0.0
2019-03-01 00:00:00-05:00,96.81633026766133,97.1693985550285,96.42509912563557,96.79724884033203,735600,0.0,0.0
2019-03-04 00:00:00-05:00,96.7972389510907,97.32206187142981,96.00522511397699,97.05487823486328,1328500,0.0,0.0
2019-03-05 00:00:00-05:00,97.13122950301376,97.39841316985563,96.39646713898969,96.63502502441406,1217700,0.0,0.0
2019-03-06 00:00:00-05:00,96.7304480579444,97.02625748802407,96.22469925655128,96.43463134765625,1037500,0.0,0.0
2019-03-07 00:00:00-05:00,96.74953265551105,97.48429499846209,96.6827367407163,96.99763488769531,1225100,0.0,0.0
2019-03-08 00:00:00-05:00,97.03580558519266,97.91369683622247,97.03580558519266,97.83735656738281,968700,0.0,0.0
2019-03-11 00:00:00-04:00,97.90415586364473,99.32595883889316,97.90415586364473,99.26870727539062,1785800,0.0,0.0
2019-03-12 00:00:00-04:00,99.40229208421131,100.32789778985793,99.2877889652998,100.11796569824219,1342900,0.0,0.0
2019-03-13 00:00:00-04:00,100.06072037307037,100.54738049939111,99.85078826837481,100.29927825927734,1384700,0.0,0.0
2019-03-14 00:00:00-04:00,100.20383449218372,100.94813376839336,99.51678676638795,100.18474578857422,1508100,0.0,0.0
2019-03-15 00:00:00-04:00,100.09889244301625,101.48252529767345,99.86033455219886,100.96723937988281,4074400,0.0,0.0
2019-03-18 00:00:00-04:00,100.96722943593115,101.10082125921511,99.6981071147335,100.31835174560547,1569800,0.0,0.0
2019-03-19 00:00:00-04:00,100.17523673039818,100.57601225578448,99.1446648535111,99.57406616210938,1010900,0.0,0.0
2019-03-20 00:00:00-04:00,99.65040391597597,100.61417984757841,99.13511799057098,99.89850616455078,834200,0.0,0.0
2019-03-21 00:00:00-04:00,99.74582110891863,101.42527064763352,99.74582110891863,101.35847473144531,650700,0.0,0.0
2019-03-22 00:00:00-04:00,101.7687900513614,102.78027310295148,101.4634362652092,101.89283752441406,961200,0.0,0.0
2019-03-25 00:00:00-04:00,101.81648287260118,102.37948315889918,101.16760525867886,101.80694580078125,1116800,0.0,0.0
2019-03-26 00:00:00-04:00,101.79741246313903,102.57033761621763,101.60656908318647,102.29360961914062,921600,0.0,0.0
2019-03-27 00:00:00-04:00,101.74017165660327,102.16002859290899,100.64280390539088,101.02449798583984,936500,0.0,0.0
2019-03-28 00:00:00-04:00,101.12946088073949,101.22488257781855,98.82975939602743,99.5454330444336,1201700,0.0,0.0
2019-03-29 00:00:00-04:00,99.65994403570801,99.83170600354494,99.1160323509259,99.4881820678711,1532100,0.0,0.0
2019-04-01 00:00:00-04:00,99.65037975606631,99.73625708270855,98.29537299196784,99.096923828125,1410200,0.0,0.0
2019-04-02 00:00:00-04:00,99.38319725649785,99.53587048786218,98.22857818851399,98.96333312988281,1149500,0.0,0.0
2019-04-03 00:00:00-04:00,98.85838741646818,99.59314978905928,98.23813545109114,99.26870727539062,1155000,0.0,0.0
2019-04-04 00:00:00-04:00,99.32594497968739,99.49770692643757,98.66753025065162,99.10647583007812,1189400,0.0,0.0
2019-04-05 00:00:00-04:00,99.00151660760406,100.16568018459431,98.77250308957255,100.11796569824219,1054200,0.0,0.0
2019-04-08 00:00:00-04:00,99.90801680946984,100.21337054224338,99.17326189255478,99.37364959716797,775900,0.0,0.0
2019-04-09 00:00:00-04:00,99.24006969401218,99.80306274873793,98.9633417029712,99.78398132324219,699300,0.0,0.0
2019-04-10 00:00:00-04:00,100.06072121148425,100.71914331259931,99.15420414838556,99.26870727539062,774600,0.0,0.0
2019-04-11 00:00:00-04:00,99.2782493805287,99.60268460663927,98.96335122797987,99.5454330444336,863100,0.0,0.0
2019-04-12 00:00:00-04:00,99.28778755675545,99.55497120403656,98.89654915880213,99.39275360107422,965600,0.0,0.0
2019-04-15 00:00:00-04:00,99.6503865957258,99.679012373238,98.94425738966288,99.20189666748047,771100,0.0,0.0
2019-04-16 00:00:00-04:00,99.09693499784969,99.70764254572181,97.70375794925337,97.73238372802734,1376000,0.0,0.0
2019-04-17 00:00:00-04:00,97.6751332941995,98.20950058468327,97.25526912012893,97.59879302978516,1122800,0.0,0.0
2019-04-18 00:00:00-04:00,98.08544940625262,100.18475563680761,98.0377349227458,99.90802764892578,1882100,0.0,0.0
2019-04-22 00:00:00-04:00,99.5835908272909,100.30880873951402,99.43091030673533,100.12750244140625,882900,0.0,0.0
2019-04-23 00:00:00-04:00,100.34698001067088,100.81455136982507,99.42137436484971,100.00345611572266,1115400,0.0,0.0
2019-04-24 00:00:00-04:00,100.58554468775357,101.205789331053,99.90803392439929,100.99585723876953,836500,0.0,0.0
2019-04-25 00:00:00-04:00,100.65232779023836,101.95007575151307,100.42330702041849,101.65426635742188,773600,0.0,0.0
2019-04-26 00:00:00-04:00,102.27452306821377,102.99974098006743,101.87374762227145,101.98825073242188,606700,0.0,0.0
2019-04-29 00:00:00-04:00,101.31075852673135,101.95963625023043,101.1676223429784,101.54931640625,534300,0.0,0.0
2019-04-30 00:00:00-04:00,101.7306241999019,103.27648190247979,101.49206631692309,103.23831176757812,1179500,0.0,0.0
2019-05-01 00:00:00-04:00,102.86614749830102,103.3623446213995,102.00733778504613,102.19818115234375,710100,0.0,0.0
2019-05-02 00:00:00-04:00,101.77833526030804,102.16956638950657,100.44240970458385,101.79741668701172,950900,0.0,0.0
2019-05-03 00:00:00-04:00,102.0455132920013,102.66575790850726,101.6065676999196,102.46537017822266,609700,0.0,0.0
2019-05-06 00:00:00-04:00,102.6276041275206,103.25739315261804,101.85467163644392,102.30316162109375,664600,0.0,0.0
2019-05-07 00:00:00-04:00,102.25545556604331,102.65623106655399,101.85467278532373,102.17911529541016,748400,0.0,0.0
2019-05-08 00:00:00-04:00,102.18863892011922,102.36040086633389,100.89089089119578,101.01493835449219,653100,0.0,0.0
2019-05-09 00:00:00-04:00,101.05311274585154,101.59702438509828,100.55690831132678,101.41571807861328,536400,0.0,0.0
2019-05-10 00:00:00-04:00,101.31984804292809,103.83175454736764,101.2047963773971,103.80298614501953,776000,0.5,0.0
2019-05-13 00:00:00-04:00,103.57288902469311,106.42994318065453,103.342793010704,106.1231460571289,1857900,0.0,0.0
2019-05-14 00:00:00-04:00,106.25736437917044,106.49704984931314,105.25068247872308,105.3082046508789,1063800,0.0,0.0
2019-05-15 00:00:00-04:00,105.5574818789998,106.68879761521285,105.42325859797623,105.71088409423828,836400,0.0,0.0
2019-05-16 00:00:00-04:00,105.3465654815081,107.0531323396983,105.18358110141905,106.58334350585938,704300,0.0,0.0
2019-05-17 00:00:00-04:00,106.51622260375704,107.87763433316888,106.51622260375704,107.41744232177734,941800,0.0,0.0
2019-05-20 00:00:00-04:00,107.50372614559755,107.95433600697454,106.38199988299111,106.68879699707031,861800,0.0,0.0
2019-05-21 00:00:00-04:00,106.96683368324189,107.87763556403569,106.68879765398624,106.8230209350586,787800,0.0,0.0
2019-05-22 00:00:00-04:00,107.0339521357117,108.20361850060023,106.66004335541069,108.16526794433594,715900,0.0,0.0
2019-05-23 00:00:00-04:00,108.16525189250089,109.21986643209065,108.14608027452417,108.64462280273438,751400,0.0,0.0
2019-05-24 00:00:00-04:00,108.8172186955259,109.5458646749731,108.77886813717383,108.99938201904297,678500,0.0,0.0
2019-05-28 00:00:00-04:00,109.44997079360931,109.77593950470191,108.33782676009882,108.6637954711914,1516400,0.0,0.0
2019-05-29 00:00:00-04:00,108.89391319146505,108.89391319146505,106.97642927817122,107.16817474365234,995100,0.0,0.0
2019-05-30 00:00:00-04:00,107.05312478662738,107.9543372047604,106.89972257057565,107.32157135009766,553400,0.0,0.0
2019-05-31 00:00:00-04:00,107.38869336455059,108.58712086339509,107.21611951213215,108.35701751708984,1081000,0.0,0.0
2019-06-03 00:00:00-04:00,108.74049366016558,109.53625111303812,108.06937732317637,109.35408782958984,697100,0.0,0.0
2019-06-04 00:00:00-04:00,109.20070929002469,109.31575364237474,107.11065155175875,109.12400817871094,946800,0.0,0.0
2019-06-05 00:00:00-04:00,109.93892047738834,111.78929244442583,109.25821467697614,111.68383026123047,741300,0.0,0.0
2019-06-06 00:00:00-04:00,111.90435704561351,112.7288756744152,111.63591048081673,112.50836181640625,968100,0.0,0.0
2019-06-07 00:00:00-04:00,113.63968352225068,114.35873999335033,111.49210357666016,111.49210357666016,1045700,0.0,0.0
2019-06-10 00:00:00-04:00,111.00313914097481,111.32911519976697,110.15944887845343,111.06066131591797,928300,0.0,0.0
2019-06-11 00:00:00-04:00,111.03191115621509,111.58798328412895,109.9293636833163,110.6196517944336,966600,0.0,0.0
2019-06-12 00:00:00-04:00,111.0798381570556,112.374138271225,110.8880927011121,112.25908660888672,627700,0.0,0.0
2019-06-13 00:00:00-04:00,112.94940376509908,113.02610488813619,111.2716051004262,111.86602783203125,743900,0.0,0.0
2019-06-14 00:00:00-04:00,111.80848543003289,113.81225253336298,111.80848543003289,113.3904037475586,646100,0.0,0.0
2019-06-17 00:00:00-04:00,113.26577741554112,113.62051458291891,111.93312664282195,112.7672348022461,540500,0.0,0.0
2019-06-18 00:00:00-04:00,113.35204763257633,113.35204763257633,111.07023743903457,111.82764434814453,828500,0.0,0.0
2019-06-19 00:00:00-04:00,111.21406115866819,113.50545373012974,110.83056293312804,113.11237335205078,705900,0.0,0.0
2019-06-20 00:00:00-04:00,113.31371307373047,113.84101675588781,111.88518230595781,113.31371307373047,772400,0.0,0.0
2019-06-21 00:00:00-04:00,113.45751126556296,113.60132401137093,112.28785230905434,113.19865417480469,1796000,0.0,0.0
2019-06-24 00:00:00-04:00,113.6684400701199,113.88895393088151,112.47001266615989,113.51504516601562,997500,0.0,0.0
2019-06-25 00:00:00-04:00,113.30410925737075,113.82183072101937,112.1152714415589,112.34536743164062,902300,0.0,0.0
2019-06-26 00:00:00-04:00,112.11527465402781,112.36454226933382,110.26490258476468,110.55252075195312,820300,0.0,0.0
2019-06-27 00:00:00-04:00,111.03188888332717,111.44414816240986,110.06356490249779,110.50458526611328,926400,0.0,0.0
2019-06-28 00:00:00-04:00,110.30325606350229,111.43457177288354,110.24572657684219,111.21405792236328,1366200,0.0,0.0
2019-07-01 00:00:00-04:00,110.63882883695102,111.1853114872015,109.54586353645007,110.95521545410156,1124100,0.0,0.0
2019-07-02 00:00:00-04:00,111.2140500558023,112.80556497279065,111.2140500558023,112.44123840332031,816500,0.0,0.0
2019-07-03 00:00:00-04:00,112.91102720657207,113.94647018530415,112.83433341581488,113.5438003540039,583500,0.0,0.0
2019-07-05 00:00:00-04:00,112.80557487447705,113.2370058013704,110.60046559017277,113.09319305419922,791200,0.0,0.0
2019-07-08 00:00:00-04:00,113.2945161623531,113.61090271021934,112.65216091519639,113.15070343017578,689000,0.0,0.0
2019-07-09 00:00:00-04:00,113.3904051105774,113.65885899589286,112.54671484344735,113.40958404541016,1137600,0.0,0.0
2019-07-10 00:00:00-04:00,113.53421220572415,114.37790974543165,112.99731909108851,113.81224822998047,776900,0.0,0.0
2019-07-11 00:00:00-04:00,113.54380443972282,114.01358592647756,111.96187882883983,112.6234130859375,1045100,0.0,0.0
2019-07-12 00:00:00-04:00,112.45083497475767,112.70969206160403,111.0990054250601,111.81806182861328,1095600,0.0,0.0
2019-07-15 00:00:00-04:00,110.81139464622643,111.90435986738503,110.0635771069727,111.19489288330078,1167600,0.0,0.0
2019-07-16 00:00:00-04:00,110.70592698739654,111.50168451001507,109.56502179989816,110.98396301269531,1178700,0.0,0.0
2019-07-17 00:00:00-04:00,111.5879795264854,112.23992437166002,111.24283182523878,111.30035400390625,899300,0.0,0.0
2019-07-18 00:00:00-04:00,111.54962164823955,112.48919195432995,111.05107906505839,112.41249084472656,783800,0.0,0.0
2019-07-19 00:00:00-04:00,112.28785206572667,112.47959751664172,110.18820499949244,110.23614501953125,886200,0.0,0.0
2019-07-22 00:00:00-04:00,110.97436497359176,111.04147660798884,109.65130390349793,110.47582244873047,622400,0.0,0.0
2019-07-23 00:00:00-04:00,110.29366733531866,110.37995059395662,109.4116265565702,109.74718475341797,899400,0.0,0.0
2019-07-24 00:00:00-04:00,110.05397744311358,110.05397744311358,108.51040248500011,109.30615997314453,772700,0.0,0.0
2019-07-25 00:00:00-04:00,109.49790406545804,110.51416806958146,108.8267877070029,109.16234588623047,664300,0.0,0.0
2019-07-26 00:00:00-04:00,109.13359656470975,110.4087250978365,108.78844888183905,110.34160614013672,637700,0.0,0.0
2019-07-29 00:00:00-04:00,110.73468404473971,110.83055676713586,109.80470327679537,110.55252075195312,766000,0.0,0.0
2019-07-30 00:00:00-04:00,110.57170319332923,111.44415450382039,109.8526467806147,110.36077880859375,659400,0.0,0.0
2019-07-31 00:00:00-04:00,110.1882081964462,111.39622505319616,109.27740630624396,110.04439544677734,1116200,0.0,0.0
2019-08-01 00:00:00-04:00,108.94184386738256,112.75764000205751,108.5295845411334,112.19197845458984,1667000,0.0,0.0
2019-08-02 00:00:00-04:00,112.48920199865576,113.31372071396356,111.58798216689581,112.45085144042969,1155900,0.0,0.0
2019-08-05 00:00:00-04:00,112.45085256630199,113.04527525282589,109.90059527839293,110.6196517944336,1128200,0.0,0.0
2019-08-06 00:00:00-04:00,110.7251203587922,112.83435731571086,109.72802772155055,112.57549285888672,1130800,0.0,0.0
2019-08-07 00:00:00-04:00,112.73845441858685,114.33955892099634,111.607146019609,113.56297302246094,1048600,0.0,0.0
2019-08-08 00:00:00-04:00,113.45707621721004,115.48859783556266,113.06232950490448,114.96868896484375,841900,0.5,0.0
2019-08-09 00:00:00-04:00,115.28639104784682,116.78837343758849,114.71833902061827,116.06626892089844,770200,0.0,0.0
2019-08-12 00:00:00-04:00,116.27809639669206,118.2807349670274,116.13368134958502,117.95338439941406,1217600,0.0,0.0
2019-08-13 00:00:00-04:00,117.65490911298566,118.36739095599425,116.52842767544583,117.29867553710938,887700,0.0,0.0
2019-08-14 00:00:00-04:00,117.96298890322683,118.86802890161705,116.16254636893167,116.69208526611328,1179700,0.0,0.0
2019-08-15 00:00:00-04:00,116.80763812361418,120.22560278608148,116.6920987448485,119.8693618774414,1005600,0.0,0.0
2019-08-16 00:00:00-04:00,119.85973928758949,120.64924006133911,118.8199141959002,119.59978485107422,1068600,0.0,0.0
2019-08-19 00:00:00-04:00,119.72494485160051,120.64923788623207,116.69210397024902,119.37833404541016,886400,0.0,0.0
2019-08-20 00:00:00-04:00,119.5516278494199,119.75381624247629,118.65621791124025,119.01245880126953,710200,0.0,0.0
2019-08-21 00:00:00-04:00,118.6947389843184,119.52275284693027,118.37701119725453,119.43610382080078,679300,0.0,0.0
2019-08-22 00:00:00-04:00,119.44571724693432,120.38927041618253,118.61770344911261,120.0619125366211,729700,0.0,0.0
2019-08-23 00:00:00-04:00,119.72493260845643,121.20765482872926,117.69341122544076,118.2422103881836,1010300,0.0,0.0
2019-08-26 00:00:00-04:00,118.75248642470352,120.15818962412243,118.42513591636398,120.11004638671875,451100,0.0,0.0
2019-08-27 00:00:00-04:00,120.51444814092557,121.41948830337962,120.27374659521998,120.44705200195312,911700,0.0,0.0
2019-08-28 00:00:00-04:00,120.92845186847721,122.07419354608254,120.60110130094886,121.35208892822266,990800,0.0,0.0
2019-08-29 00:00:00-04:00,121.93939795456595,122.22823538647573,120.81291654429938,122.18009948730469,663800,0.0,0.0
2019-08-30 00:00:00-04:00,122.44005027177332,123.0466228174499,121.79497194615537,122.58447265625,787300,0.0,0.0
2019-09-03 00:00:00-04:00,123.58578940930877,124.77967424115569,122.60372309103558,124.68338775634766,1083400,0.0,0.0
2019-09-04 00:00:00-04:00,124.5100949945742,125.05888684574442,122.95033908380213,123.96128845214844,1064100,0.0,0.0
2019-09-05 00:00:00-04:00,122.95033389352125,123.50876318476024,120.88030669102314,121.8238525390625,1273600,0.0,0.0
2019-09-06 00:00:00-04:00,121.91051408457288,122.9407163435906,120.27373926613754,121.02472686767578,1148800,0.0,0.0
2019-09-09 00:00:00-04:00,120.43740101220457,120.69736275006846,117.26977568380399,117.80894470214844,1439100,0.0,0.0
2019-09-10 00:00:00-04:00,117.16387502817537,117.39494643218214,114.93978797311748,116.33586120605469,1221900,0.0,0.0
2019-09-11 00:00:00-04:00,116.16256739338668,117.68380292476125,115.05533881433232,116.74024963378906,1160200,0.0,0.0
2019-09-12 00:00:00-04:00,117.90523882443456,118.72362257293125,116.85578365950268,117.23127746582031,1267400,0.0,0.0
2019-09-13 00:00:00-04:00,116.98094165055234,117.45271458479529,116.2203239468224,116.71135711669922,1052300,0.0,0.0
2019-09-16 00:00:00-04:00,117.26977867454447,117.26977867454447,115.93147886586092,116.48027801513672,699200,0.0,0.0
2019-09-17 00:00:00-04:00,116.5861917704291,117.68379752615897,116.48991262571676,117.23127746582031,1055000,0.0,0.0
2019-09-18 00:00:00-04:00,118.05928329144776,118.05928329144776,116.3551124290363,117.00019073486328,1380000,0.0,0.0
2019-09-19 00:00:00-04:00,117.74155989946911,118.14593670212119,116.27809050087917,117.82820892333984,1261800,0.0,0.0
2019-09-20 00:00:00-04:00,117.46233620839905,119.01245451158628,117.12535556545119,118.26146697998047,1919800,0.0,0.0
2019-09-23 00:00:00-04:00,118.41551387215264,119.45534616769315,117.94374096506799,118.02076721191406,1139200,0.0,0.0
2019-09-24 00:00:00-04:00,118.48290962921034,120.63960046035653,118.36737760493166,120.22559356689453,1535400,0.0,0.0
2019-09-25 00:00:00-04:00,119.96564295748136,121.14989773566298,119.26279859245011,119.93675994873047,1064800,0.0,0.0
2019-09-26 00:00:00-04:00,120.40854837475221,120.90921174287962,119.59016452389916,120.47594451904297,971200,0.0,0.0
2019-09-27 00:00:00-04:00,120.49517556381797,120.82252608659614,119.19538889848205,119.6190185546875,885000,0.0,0.0
2019-09-30 00:00:00-04:00,119.90786541074876,120.55294369625345,119.20501376766936,119.6093978881836,1404200,0.0,0.0
2019-10-01 00:00:00-04:00,119.11838155081752,119.64792054148889,118.50218618437522,119.253173828125,972200,0.0,0.0
2019-10-02 00:00:00-04:00,118.54068944108822,119.77308007134116,118.19407865812613,118.56957244873047,924000,0.0,0.0
2019-10-03 00:00:00-04:00,118.91618745703906,119.39759052318861,118.33850524678516,119.12800598144531,1063500,0.0,0.0
2019-10-04 00:00:00-04:00,119.46499328678921,121.27506627151212,119.13763536391855,121.10176086425781,841200,0.0,0.0
2019-10-07 00:00:00-04:00,121.00547534628065,121.22692398941726,119.58051903433778,119.93675994873047,752500,0.0,0.0
2019-10-08 00:00:00-04:00,119.97526683523391,120.0908062098557,118.91618161089707,119.27241516113281,574700,0.0,0.0
2019-10-09 00:00:00-04:00,119.64790406299244,120.56257421375264,119.59976816808539,120.22559356689453,521000,0.0,0.0
2019-10-10 00:00:00-04:00,119.81159819049749,120.78402710124598,119.25316886738013,120.39891052246094,599900,0.0,0.0
2019-10-11 00:00:00-04:00,120.21598191071517,120.4855664696006,118.42516180311536,119.0895004272461,887800,0.0,0.0
2019-10-14 00:00:00-04:00,119.09912222286192,119.14726547039419,117.06760058355484,117.20240020751953,841300,0.0,0.0
2019-10-15 00:00:00-04:00,117.4912313792494,117.87635530204882,115.91222990683684,116.3069839477539,886900,0.0,0.0
2019-10-16 00:00:00-04:00,116.49954438782842,117.1446227466946,115.69079074607882,117.10610961914062,1080700,0.0,0.0
2019-10-17 00:00:00-04:00,116.81726697397053,118.17481976800445,116.81726697397053,117.8667221069336,690900,0.0,0.0
2019-10-18 00:00:00-04:00,117.95338058392934,118.26147825050492,117.22164587120191,117.85710144042969,1089900,0.0,0.0
2019-10-21 00:00:00-04:00,117.55861693926188,117.84746169178398,116.31659625642037,117.75118255615234,1223100,0.0,0.0
2019-10-22 00:00:00-04:00,118.00150485222355,119.1087332574068,117.53936207072448,117.83782958984375,824400,0.0,0.0
2019-10-23 00:00:00-04:00,117.9052427686211,119.08949759051961,117.240904160315,117.40458679199219,756400,0.0,0.0
2019-10-24 00:00:00-04:00,117.36607938139495,118.63698329465919,116.93281217614648,117.76082611083984,656800,0.0,0.0
2019-10-25 00:00:00-04:00,118.02077198594866,118.5117978017936,115.99888067102866,116.6054458618164,507000,0.0,0.0
2019-10-28 00:00:00-04:00,116.69209960448906,117.00982738921452,114.95905298400326,115.11309814453125,689500,0.0,0.0
2019-10-29 00:00:00-04:00,114.9012738832051,115.56561242797618,114.24657280162222,115.14197540283203,965800,0.0,0.0
2019-10-30 00:00:00-04:00,115.78705830124926,116.81726048689853,115.24788191509596,116.47064971923828,777900,0.0,0.0
2019-10-31 00:00:00-04:00,117.82820753125687,118.89692288680222,116.73060916809584,118.68510437011719,1260800,0.0,0.0
2019-11-01 00:00:00-04:00,118.81027556311163,119.55163303648415,117.8859825780535,118.21333312988281,1009700,0.0,0.0
2019-11-04 00:00:00-05:00,117.69343294758426,117.99190787758681,115.37307372444052,115.58489227294922,1136100,0.0,0.0
2019-11-05 00:00:00-05:00,115.1708698656389,115.7870651902239,114.34285602092262,115.62338256835938,1483200,0.0,0.0
2019-11-06 00:00:00-05:00,116.12404295272117,117.52010884316888,115.84482830550613,117.06758880615234,1161700,0.0,0.0
2019-11-07 00:00:00-05:00,115.98925651411692,116.72099123510374,113.26451338311733,113.75554656982422,1329100,0.0,0.0
2019-11-08 00:00:00-05:00,113.74586544188638,114.267991179686,112.06346520465114,112.45022583007812,1111300,0.5,0.0
2019-11-11 00:00:00-05:00,112.72095182315356,113.32042376205746,111.72504822943701,111.76371765136719,749400,0.0,0.0
2019-11-12 00:00:00-05:00,111.57034761918291,112.47923400193112,111.15458122886676,111.56067657470703,745500,0.0,0.0
2019-11-13 00:00:00-05:00,112.21817569067281,113.29143302420239,111.42531965279787,113.05937957763672,813800,0.0,0.0
2019-11-14 00:00:00-05:00,113.50414903467839,114.80945978346386,112.91434069880158,113.94892120361328,580400,0.0,0.0
2019-11-15 00:00:00-05:00,114.07461588917205,114.39368658529798,112.92400504370612,114.32600402832031,713100,0.0,0.0
2019-11-18 00:00:00-05:00,114.70309411029649,115.95039327443635,114.28732772224987,114.7514419555664,750700,0.0,0.0
2019-11-19 00:00:00-05:00,114.3260229135298,115.67968165353601,113.8329102213131,115.18656158447266,945500,0.0,0.0
2019-11-20 00:00:00-05:00,115.2058945925948,116.69491835150939,115.16721778857605,116.57888793945312,1547300,0.0,0.0
2019-11-21 00:00:00-05:00,116.7819304067799,116.80127249634756,115.20588944192001,115.38959503173828,901600,0.0,0.0
2019-11-22 00:00:00-05:00,115.68934909035994,115.76670270208348,114.18098316913667,115.09954071044922,1117600,0.0,0.0
2019-11-25 00:00:00-05:00,115.04154019252017,115.81505425319425,114.39371285343611,115.36061096191406,646200,0.0,0.0
2019-11-26 00:00:00-05:00,115.60232510969276,117.05267214219046,115.38960636463099,117.02366638183594,1102800,0.0,0.0
2019-11-27 00:00:00-05:00,116.95598601413815,117.67148849810461,116.78194407189262,117.25572204589844,822200,0.0,0.0
2019-11-29 00:00:00-05:00,117.46843858658032,118.41600189362461,116.93664910077239,117.02366638183594,458200,0.0,0.0
2019-12-02 00:00:00-05:00,116.93665474978371,117.27506759834536,116.11478549018805,116.31784057617188,758900,0.0,0.0
2019-12-03 00:00:00-05:00,116.77225725705435,117.64246685076893,116.45318655339702,117.17835998535156,722100,0.0,0.0
2019-12-04 00:00:00-05:00,116.6562369686037,118.55135603006052,116.45318928810966,118.4353256225586,900400,0.0,0.0
2019-12-05 00:00:00-05:00,117.86486306690745,119.29586791992188,117.86486306690745,119.29586791992188,790300,0.0,0.0
2019-12-06 00:00:00-05:00,119.05415484944662,119.57628068433736,118.55137110668892,118.60938262939453,635000,0.0,0.0
2019-12-09 00:00:00-05:00,118.95745626736202,119.21852285073159,118.18394231617856,118.42566680908203,537400,0.0,0.0
2019-12-10 00:00:00-05:00,118.58035090575936,119.24751277819077,118.08723094018636,118.2999496459961,767200,0.0,0.0
2019-12-11 00:00:00-05:00,116.0277548408634,116.96564703945573,115.0608568838562,116.89796447753906,1118200,0.0,0.0
2019-12-12 00:00:00-05:00,116.60789431340213,116.7819362439816,114.06495529473449,114.50972747802734,1249200,0.0,0.0
2019-12-13 00:00:00-05:00,114.1326440672629,115.62166791504247,113.45581102181046,115.25424194335938,1023900,0.0,0.0
2019-12-16 00:00:00-05:00,115.47662330044314,116.95597599436879,114.99317432193953,116.89796447753906,1020500,0.0,0.0
2019-12-17 00:00:00-05:00,117.40074816937057,117.71982626562598,116.71425150511698,116.89796447753906,1091700,0.0,0.0
2019-12-18 00:00:00-05:00,116.87863604842936,117.52646336174679,115.8827322166036,117.21705627441406,1115600,0.0,0.0
2019-12-19 00:00:00-05:00,117.37173830032293,118.04856389578556,116.77225893230909,117.63280487060547,1111300,0.0,0.0
2019-12-20 00:00:00-05:00,118.53201339199302,119.46990556196852,117.6424690691311,118.65771484375,1914600,0.0,0.0
2019-12-23 00:00:00-05:00,118.7640776652895,119.03480791258153,116.675574540158,117.37174224853516,1073100,0.0,0.0
2019-12-24 00:00:00-05:00,117.0913480008893,117.98089240318073,116.78194093153374,117.5941390991211,243400,0.0,0.0
2019-12-26 00:00:00-05:00,117.47809384693825,118.24194406663774,117.39107657756709,117.84551239013672,309600,0.0,0.0
2019-12-27 00:00:00-05:00,118.01956845493969,118.89944918280065,117.77784395302356,118.88977813720703,575500,0.0,0.0
2019-12-30 00:00:00-05:00,118.53201184934782,119.20884481590032,118.46432929037715,118.97679138183594,737800,0.0,0.0
2019-12-31 00:00:00-05:00,119.17016211143884,119.7212936005721,118.29028151155586,118.78340148925781,766800,0.0,0.0
2020-01-02 00:00:00-05:00,118.92843976846756,119.0831469708408,115.62165077461648,116.22112274169922,1618900,0.0,0.0
2020-01-03 00:00:00-05:00,116.45317793232675,118.07756659472469,116.45317793232675,116.97530364990234,869300,0.0,0.0
2020-01-06 00:00:00-05:00,116.98498313440545,117.7198276559265,116.5015341501922,116.7529296875,765800,0.0,0.0
2020-01-07 00:00:00-05:00,116.44351450037065,116.96564025207772,115.9407308377151,116.02774810791016,841000,0.0,0.0
2020-01-08 00:00:00-05:00,115.59265443924286,117.17836650857781,115.28324738612498,116.50153350830078,1096700,0.0,0.0
2020-01-09 00:00:00-05:00,116.50153763041796,118.17427441157739,116.17279585221863,118.08724975585938,803600,0.0,0.0
2020-01-10 00:00:00-05:00,118.15492214225121,118.67704790104237,118.10658167265771,118.50300598144531,754700,0.0,0.0
2020-01-13 00:00:00-05:00,118.7060592152169,119.92435270942887,118.7060592152169,119.64395141601562,961800,0.0,0.0
2020-01-14 00:00:00-05:00,119.89534824967652,120.44647979736328,119.42157031001324,120.44647979736328,886100,0.0,0.0
2020-01-15 00:00:00-05:00,120.86223494723373,122.82503646248155,120.74620454602005,122.68000030517578,912600,0.0,0.0
2020-01-16 00:00:00-05:00,122.7960499237832,124.4687793861991,122.63167902897406,124.3140869140625,984200,0.0,0.0
2020-01-17 00:00:00-05:00,124.56547075827679,126.26720592213637,124.54612866729754,126.12217712402344,1338400,0.0,0.0
2020-01-21 00:00:00-05:00,126.17050784457162,128.9841694218023,125.89009920136733,128.8101348876953,1666700,0.0,0.0
2020-01-22 00:00:00-05:00,129.37094641513332,130.3475080163532,128.8584916908238,129.6126708984375,1255000,0.0,0.0
2020-01-23 00:00:00-05:00,129.5933289048072,131.0436758057074,129.3806101790465,130.81161499023438,933300,0.0,0.0
2020-01-24 00:00:00-05:00,130.81161509130254,131.89455081065503,130.7245978180673,131.285400390625,813800,0.0,0.0
2020-01-27 00:00:00-05:00,131.49810734606055,132.3006343304536,130.4635195667871,130.77293395996094,703400,0.0,0.0
2020-01-28 00:00:00-05:00,131.0436819497204,131.87521480203745,130.59891714132542,131.30474853515625,904200,0.0,0.0
2020-01-29 00:00:00-05:00,131.49811951454973,131.8945512098546,130.8019518191774,131.5367889404297,608400,0.0,0.0
2020-01-30 00:00:00-05:00,131.32406479718765,132.58102012006472,131.11134610329074,132.24261474609375,922700,0.0,0.0
2020-01-31 00:00:00-05:00,132.37801717700108,133.17086591572692,130.95667584591246,131.69151306152344,1300500,0.0,0.0
2020-02-03 00:00:00-05:00,131.81718731416015,132.41665926749766,131.64313802705828,132.0009002685547,1253800,0.0,0.0
2020-02-04 00:00:00-05:00,131.4497832745714,132.28131616448937,130.35719854110542,130.37652587890625,1193000,0.0,0.0
2020-02-05 00:00:00-05:00,130.1057952966028,131.17905268965987,129.65135204660697,130.5989227294922,923300,0.0,0.0
2020-02-06 00:00:00-05:00,130.647428956752,131.29765582759865,130.21071118481146,131.01622009277344,669000,0.5,0.0
2020-02-07 00:00:00-05:00,131.87024616806684,132.1128687788803,130.42421007655526,130.48243713378906,938200,0.0,0.0
2020-02-10 00:00:00-05:00,130.73477126847322,131.549979668943,130.48243428129783,131.2200164794922,1400000,0.0,0.0
2020-02-11 00:00:00-05:00,131.53058698561958,131.9770191676991,131.11328314473985,131.34619140625,746800,0.0,0.0
2020-02-12 00:00:00-05:00,130.55036984345423,132.09344599100572,130.53095588950478,131.69554138183594,996000,0.0,0.0
2020-02-13 00:00:00-05:00,131.695578095115,133.18042760326327,131.55001042118363,132.90869140625,814200,0.0,0.0
2020-02-14 00:00:00-05:00,133.46186947739105,135.52900435492057,132.96690980129054,135.20875549316406,1091200,0.0,0.0
2020-02-18 00:00:00-05:00,136.19864429761378,136.42186779290319,135.1505126953125,135.1505126953125,1478400,0.0,0.0
2020-02-19 00:00:00-05:00,134.96613198945013,137.19824847533087,134.1606230315017,134.60704040527344,1288700,0.0,0.0
2020-02-20 00:00:00-05:00,134.2382411605661,134.57790392033064,132.47194149915987,133.2483367919922,1022400,0.0,0.0
2020-02-21 00:00:00-05:00,133.3551058528287,134.0635597857568,133.07365530937787,133.70448303222656,1222200,0.0,0.0
2020-02-24 00:00:00-05:00,132.8116168918944,133.6850523267055,131.93816664857502,132.5010528564453,1219400,0.0,0.0
2020-02-25 00:00:00-05:00,132.675768221583,132.81163630482462,128.85203312512746,129.16258239746094,1056500,0.0,0.0
2020-02-26 00:00:00-05:00,129.0267036021584,130.9482705651887,128.67732644447022,129.11404418945312,1118600,0.0,0.0
2020-02-27 00:00:00-05:00,128.85203829237213,130.4242282912889,123.95105790777887,124.00928497314453,1277700,0.0,0.0
2020-02-28 00:00:00-05:00,120.44757438387172,122.08770566877341,117.06056467290027,120.01085662841797,3988800,0.0,0.0
2020-03-02 00:00:00-05:00,120.6610855685808,127.07602836201674,120.41846294372847,126.97897338867188,1860400,0.0,0.0
2020-03-03 00:00:00-05:00,127.3477444919506,130.77357423147868,126.74604521565618,127.54183959960938,1639200,0.0,0.0
2020-03-04 00:00:00-05:00,129.14321206502356,136.18896962557477,129.14321206502356,136.1695556640625,1528700,0.0,0.0
2020-03-05 00:00:00-05:00,134.432350116211,136.34421761305296,132.66605027303314,135.24755859375,1218400,0.0,0.0
2020-03-06 00:00:00-05:00,131.99640429859605,137.51849747593317,130.6571375116151,136.8391571044922,1492800,0.0,0.0
2020-03-09 00:00:00-04:00,129.22081142892728,135.65516854501425,128.7355661515997,133.1416015625,2322200,0.0,0.0
2020-03-10 00:00:00-04:00,134.07324357357518,136.59652455084856,127.42539318213804,133.646240234375,2185400,0.0,0.0
2020-03-11 00:00:00-04:00,131.3558918333881,132.5981184578302,124.49451706085148,125.84349822998047,2157100,0.0,0.0
2020-03-12 00:00:00-04:00,118.6036473240368,123.68901565125242,110.90765708984596,114.48876953125,2494900,0.0,0.0
2020-03-13 00:00:00-04:00,117.77873425194156,124.5430545995049,113.10097007679273,124.50422668457031,1667000,0.0,0.0
2020-03-16 00:00:00-04:00,112.09165666837737,128.4541276626991,111.94608160743752,115.3039779663086,2367600,0.0,0.0
2020-03-17 00:00:00-04:00,117.74959998611287,136.1500893612325,116.94409119093031,134.4129180908203,2364400,0.0,0.0
2020-03-18 00:00:00-04:00,125.78528517203694,129.28875677226802,119.01125763852002,126.24141693115234,2661200,0.0,0.0
2020-03-19 00:00:00-04:00,125.19327544969984,126.4160881579124,110.69414490034976,111.72286987304688,2393300,0.0,0.0
2020-03-20 00:00:00-04:00,111.72286691095742,111.72286691095742,95.35068982030121,97.71868896484375,3441000,0.0,0.0
2020-03-23 00:00:00-04:00,97.41783420186884,97.41783420186884,89.2851264375459,94.20551300048828,2780900,0.0,0.0
2020-03-24 00:00:00-04:00,97.73808990003936,102.17323085005796,93.77848718550185,100.88247680664062,2167300,0.0,0.0
2020-03-25 00:00:00-04:00,100.70780409552404,110.8979551720458,98.35921867205177,107.19068145751953,1757000,0.0,0.0
2020-03-26 00:00:00-04:00,105.327340759706,118.27368886070776,105.327340759706,115.79893493652344,1634100,0.0,0.0
2020-03-27 00:00:00-04:00,113.32417647227192,121.34043036160614,111.60641148382788,117.20613861083984,1169900,0.0,0.0
2020-03-30 00:00:00-04:00,119.23445889329254,123.51431798551215,118.27367540797869,122.98055267333984,1584200,0.0,0.0
2020-03-31 00:00:00-04:00,121.23368288368373,122.76705979490227,113.73179475959576,116.03185272216797,2831000,0.0,0.0
2020-04-01 00:00:00-04:00,111.60642815701023,114.50819321590073,107.29744717010799,109.47135162353516,1355700,0.0,0.0
2020-04-02 00:00:00-04:00,108.2485266552279,114.95461311385482,107.6759333285726,114.16851806640625,944800,0.0,0.0
2020-04-03 00:00:00-04:00,114.89636918257294,115.29427383981415,109.2772283244978,109.97598266601562,1187700,0.0,0.0
2020-04-06 00:00:00-04:00,112.77099642308696,119.66148509719676,112.77099642308696,117.93400573730469,1224000,0.0,0.0
2020-04-07 00:00:00-04:00,120.3408210033812,121.26278400904387,113.37269897491845,114.7799072265625,1261400,0.0,0.0
2020-04-08 00:00:00-04:00,115.74070197991621,122.6020696892847,114.17821164374027,121.65098571777344,952800,0.0,0.0
2020-04-09 00:00:00-04:00,122.65059964143472,128.94908157656891,121.89361815639388,127.86213684082031,1177300,0.0,0.0
2020-04-13 00:00:00-04:00,125.95996845007893,126.62960933339728,121.70922969214257,123.48522186279297,764900,0.0,0.0
2020-04-14 00:00:00-04:00,127.23131050361023,129.77399087549074,125.6882193537764,129.667236328125,904400,0.0,0.0
2020-04-15 00:00:00-04:00,127.51274157287234,128.8520231529683,125.11562894022696,125.39707946777344,922900,0.0,0.0
2020-04-16 00:00:00-04:00,127.97858648817078,128.82292335228135,125.76586917738399,127.3671875,915500,0.0,0.0
2020-04-17 00:00:00-04:00,128.7646756773576,129.0752397532699,124.76625945530287,127.871826171875,1189400,0.0,0.0
2020-04-20 00:00:00-04:00,127.8621292049979,128.52205566700317,122.1556474703371,122.72823333740234,773300,0.0,0.0
2020-04-21 00:00:00-04:00,121.50540636598862,123.83458502245027,120.12731164744012,121.72862243652344,1075400,0.0,0.0
2020-04-22 00:00:00-04:00,124.14513373078618,125.9696604735324,122.85437968496132,124.11602020263672,739900,0.0,0.0
2020-04-23 00:00:00-04:00,123.49492337470123,125.37767742458884,120.85518787505623,121.00076293945312,946200,0.0,0.0
2020-04-24 00:00:00-04:00,122.52442820584852,123.06790052793463,120.74842877641777,121.3210220336914,1010900,0.0,0.0
2020-04-27 00:00:00-04:00,122.28180720365309,122.74764591753927,121.3404302016108,122.0391845703125,1476200,0.0,0.0
2020-04-28 00:00:00-04:00,123.98987448706214,124.22279014539328,122.1653475180783,122.78646087646484,929400,0.0,0.0
2020-04-29 00:00:00-04:00,123.9025243754409,124.03839245750595,120.08849629060323,122.01007080078125,934700,0.0,0.0
2020-04-30 00:00:00-04:00,121.31132041876467,121.89361327592366,116.55591517749801,118.0989990234375,1174800,0.0,0.0
2020-05-01 00:00:00-04:00,117.03145352017926,117.19644254323903,115.06135886058887,115.6824722290039,820800,0.0,0.0
2020-05-04 00:00:00-04:00,115.64366191972786,118.19604949842002,114.809039422432,117.87578582763672,720100,0.0,0.0
2020-05-05 00:00:00-04:00,117.6137467727158,121.00075656492342,117.6137467727158,119.78764343261719,784000,0.0,0.0
2020-05-06 00:00:00-04:00,120.1273099207588,120.50580061401482,114.06174444645764,114.30436706542969,1128400,0.0,0.0
2020-05-07 00:00:00-04:00,117.07027306967504,119.87499018333435,114.89637629807781,115.5660171508789,1119000,0.0,0.0
2020-05-08 00:00:00-04:00,115.65335569182189,116.75971431333129,114.05204482250403,114.5469970703125,1068400,0.0,0.0
2020-05-11 00:00:00-04:00,114.09848529967157,116.82858371194966,112.66519144409126,116.50682067871094,1091100,0.55,0.0
2020-05-12 00:00:00-04:00,116.62382714607133,116.98459243443152,114.12774227654276,114.1472396850586,908100,0.0,0.0
2020-05-13 00:00:00-04:00,114.06921603350614,114.06921603350614,112.21665010071719,113.60120391845703,1194700,0.0,0.0
2020-05-14 00:00:00-04:00,112.9966849030193,113.9327166109031,109.69132037742636,113.36719512939453,1039100,0.0,0.0
2020-05-15 00:00:00-04:00,112.76268496399662,115.81453874323212,111.69989402278787,114.82000732421875,3087000,0.0,0.0
2020-05-18 00:00:00-04:00,117.57934510410162,120.18269150700975,116.69206804279266,119.451416015625,931100,0.0,0.0
2020-05-19 00:00:00-04:00,119.06140635599536,120.01693554247032,117.11133829013863,117.16983795166016,756000,0.0,0.0
2020-05-20 00:00:00-04:00,118.25212714327589,119.02240492730066,117.18934361069599,117.58910369873047,683400,0.0,0.0
2020-05-21 00:00:00-04:00,117.97911467526211,118.89564902096207,117.06258032956217,117.60860443115234,685400,0.0,0.0
2020-05-22 00:00:00-04:00,117.16010106462355,118.00837597098956,116.3215711432384,117.69636535644531,445800,0.0,0.0
2020-05-26 00:00:00-04:00,119.58791967721734,120.70921024708714,117.17958454546645,117.72560119628906,873800,0.0,0.0
2020-05-27 00:00:00-04:00,118.99316025378359,119.21741392683693,115.10277634970271,117.53060913085938,876500,0.0,0.0
2020-05-28 00:00:00-04:00,119.19790912535271,121.47948516492362,119.02240270393038,120.63121032714844,947600,0.0,0.0
2020-05-29 00:00:00-04:00,120.62145250578645,124.21933026446624,119.49041695973109,123.82931518554688,1516800,0.0,0.0
2020-06-01 00:00:00-04:00,123.7415785489657,125.73064152407562,122.56178076700822,124.5801010131836,794200,0.0,0.0
2020-06-02 00:00:00-04:00,124.51184751714949,126.84217834472656,123.91707614051238,126.84217834472656,821900,0.0,0.0
2020-06-03 00:00:00-04:00,127.02741848467495,129.2504946421512,126.29614304135153,129.04574584960938,1117200,0.0,0.0
2020-06-04 00:00:00-04:00,128.08046907614016,129.28951661331664,125.51612485036358,127.43694305419922,1113300,0.0,0.0
2020-06-05 00:00:00-04:00,128.02196344235938,130.90805566660958,127.4564419535098,128.2754669189453,827400,0.0,0.0
2020-06-08 00:00:00-04:00,127.27119825884418,129.56253431574353,126.51067286077536,129.1920166015625,753300,0.0,0.0
2020-06-09 00:00:00-04:00,128.333972564554,128.333972564554,125.95488718247299,127.43694305419922,857100,0.0,0.0
2020-06-10 00:00:00-04:00,127.7294489511649,129.37725872648508,126.92016897781319,127.78794860839844,614700,0.0,0.0
2020-06-11 00:00:00-04:00,126.37416356197267,127.59295612202648,123.585565589456,124.31684112548828,1024900,0.0,0.0
2020-06-12 00:00:00-04:00,126.4131491472202,126.53990832511853,122.66902224680457,124.11207580566406,901400,0.0,0.0
2020-06-15 00:00:00-04:00,123.1175416796078,127.17367930977298,121.61599584423628,125.993896484375,1212300,0.0,0.0
2020-06-16 00:00:00-04:00,128.20724208543064,129.36752019347506,125.57463805319131,126.42292785644531,699800,0.0,0.0
2020-06-17 00:00:00-04:00,126.75442409116734,127.5734491069213,124.2778367585619,126.617919921875,697700,0.0,0.0
2020-06-18 00:00:00-04:00,126.11089865411091,126.92017868938643,124.35584185254349,125.94514465332031,629200,0.0,0.0
2020-06-19 00:00:00-04:00,127.7879562964364,127.85621581920724,123.2052993774414,123.2052993774414,1766000,0.0,0.0
2020-06-22 00:00:00-04:00,123.17604957916855,124.41433951191888,122.56177338542473,123.66356658935547,1127400,0.0,0.0
2020-06-23 00:00:00-04:00,124.52159018580025,124.97984991320163,121.76224220398274,122.09375762939453,833000,0.0,0.0
2020-06-24 00:00:00-04:00,121.23572050331501,122.0742503143175,120.026680460977,121.29422760009766,1038000,0.0,0.0
2020-06-25 00:00:00-04:00,121.29423755580548,121.29423755580548,117.65735726874426,119.16866302490234,707800,0.0,0.0
2020-06-26 00:00:00-04:00,119.37342341093262,122.42527742119127,118.79814943212594,120.98223114013672,1789400,0.0,0.0
2020-06-29 00:00:00-04:00,121.27473169254756,122.30827283746389,119.43191794483786,122.24002075195312,617600,0.0,0.0
2020-06-30 00:00:00-04:00,122.33750774631149,126.19863375729147,122.33750774631149,125.44786834716797,1228700,0.0,0.0
2020-07-01 00:00:00-04:00,125.24312556927953,127.85622466037023,125.24312556927953,127.35894775390625,766900,0.0,0.0
2020-07-02 00:00:00-04:00,127.87569809424876,128.86049191713866,127.33944131771621,127.78794860839844,731300,0.0,0.0
2020-07-06 00:00:00-04:00,129.3187632317548,130.57655053627428,127.09568691829841,127.76844787597656,551900,0.0,0.0
2020-07-07 00:00:00-04:00,126.99816386038121,128.24620604628703,126.14988913907365,127.0566635131836,693700,0.0,0.0
2020-07-08 00:00:00-04:00,127.14441230924533,128.8897312902668,126.76414969023648,128.470458984375,673400,0.0,0.0
2020-07-09 00:00:00-04:00,128.07069567897673,128.40220360054957,125.54534682789277,127.42716979980469,714000,0.0,0.0
2020-07-10 00:00:00-04:00,127.6807135881056,130.0793040423096,127.47596475682172,130.05979919433594,715700,0.0,0.0
2020-07-13 00:00:00-04:00,129.5040194099012,131.05431985598702,128.87023840087247,129.6502685546875,983800,0.0,0.0
2020-07-14 00:00:00-04:00,130.098770362991,131.85383441558633,129.53326377511198,131.47357177734375,1170400,0.0,0.0
2020-07-15 00:00:00-04:00,131.62957746607123,132.45836223828857,130.0695172634868,130.71304321289062,918700,0.0,0.0
2020-07-16 00:00:00-04:00,130.68381014774096,134.93495912331812,130.22554296237215,134.86671447753906,1100100,0.0,0.0
2020-07-17 00:00:00-04:00,135.4517241995709,137.99656358550374,134.96420718983538,137.69430541992188,786700,0.0,0.0
2020-07-20 00:00:00-04:00,137.343298601292,139.27386187871892,135.51998966582428,136.22201538085938,696000,0.0,0.0
2020-07-21 00:00:00-04:00,136.30978215435607,138.32809518254322,135.84176991095399,137.6553192138672,566900,0.0,0.0
2020-07-22 00:00:00-04:00,137.41152144788427,140.87289479520936,136.7095107220671,140.2001190185547,608000,0.0,0.0
2020-07-23 00:00:00-04:00,141.05818112761673,142.16971940387091,140.31716056939385,141.27268981933594,719300,0.0,0.0
2020-07-24 00:00:00-04:00,141.37995376118263,142.325738090364,139.6248892906481,140.9119415283203,834100,0.0,0.0
2020-07-27 00:00:00-04:00,141.37994035402548,142.26722492968733,140.11239308562844,140.72666931152344,833000,0.0,0.0
2020-07-28 00:00:00-04:00,140.2878956290751,142.6182262764895,140.2878956290751,141.73094177246094,724700,0.0,0.0
2020-07-29 00:00:00-04:00,142.29645034812944,144.4610268055089,142.27694550425272,144.29527282714844,811300,0.0,0.0
2020-07-30 00:00:00-04:00,143.15451239780387,144.28554063633084,142.20872813920218,142.96925354003906,591000,0.0,0.0
2020-07-31 00:00:00-04:00,142.5597280565197,144.80229436007383,141.8577023844693,143.59326171875,793400,0.0,0.0
2020-08-03 00:00:00-04:00,143.33000436617607,143.69076220129136,141.76994394574885,143.3885040283203,582400,0.0,0.0
2020-08-04 00:00:00-04:00,142.8327562767223,144.00279426712353,142.30622951044558,143.81753540039062,686000,0.0,0.0
2020-08-05 00:00:00-04:00,144.4902799992248,144.51952982680314,142.01368549345648,143.57374572753906,506400,0.0,0.0
2020-08-06 00:00:00-04:00,142.66699976353058,144.2660551272767,141.38969256729973,143.30076599121094,737600,0.0,0.0
2020-08-07 00:00:00-04:00,143.33000038607926,146.29409724917514,142.4427158606271,146.0503387451172,785500,0.0,0.0
2020-08-10 00:00:00-04:00,146.4598878887245,146.71339141459418,144.7340732577392,145.38734436035156,598600,0.0,0.0
2020-08-11 00:00:00-04:00,145.06438246784506,145.32862050452573,138.68363493207676,139.3784637451172,740900,0.55,0.0
2020-08-12 00:00:00-04:00,140.0733013643398,143.93894164970382,139.7503470965051,142.75477600097656,602600,0.0,0.0
2020-08-13 00:00:00-04:00,142.17737577454022,144.0270120334441,141.20851299781157,143.381103515625,613400,0.0,0.0
2020-08-14 00:00:00-04:00,143.03859461306436,143.54747868439898,141.6978423287525,142.2067413330078,378600,0.0,0.0
2020-08-17 00:00:00-04:00,142.88200029234906,144.95672044956663,141.99143081621517,143.43003845214844,657900,0.0,0.0
2020-08-18 00:00:00-04:00,143.01901332747784,144.0563734314382,142.1871600720046,142.8820037841797,493300,0.0,0.0
2020-08-19 00:00:00-04:00,143.61596860073658,144.0563552964039,140.52345080369594,140.84640502929688,603000,0.0,0.0
2020-08-20 00:00:00-04:00,140.4843246547203,142.20673241809538,140.1124352211258,141.19873046875,432200,0.0,0.0
2020-08-21 00:00:00-04:00,141.2966047837822,141.69783741593858,139.5644009765132,140.57240295410156,603300,0.0,0.0
2020-08-24 00:00:00-04:00,140.55279407440617,141.23785656521153,139.18269895862906,140.8072509765625,468600,0.0,0.0
2020-08-25 00:00:00-04:00,140.90515425483093,140.90515425483093,139.3099747422449,140.4647674560547,389400,0.0,0.0
2020-08-26 00:00:00-04:00,139.33931859216847,139.91671488992264,137.77348243146128,137.8909149169922,583900,0.0,0.0
2020-08-27 00:00:00-04:00,138.84999377346836,139.71119020433466,137.372232007615,138.3508758544922,704000,0.0,0.0
2020-08-28 00:00:00-04:00,138.12578019178127,138.12578019178127,135.88469254370924,137.7832489013672,773400,0.0,0.0
2020-08-31 00:00:00-04:00,139.11421707224628,139.63289711724735,137.8615541409697,138.32151794433594,881100,0.0,0.0
2020-09-01 00:00:00-04:00,138.7521309482013,138.9674338008363,136.52082405082155,137.176513671875,451700,0.0,0.0
2020-09-02 00:00:00-04:00,137.40158830836907,141.83484368136627,136.76547578949285,141.07150268554688,934600,0.0,0.0
2020-09-03 00:00:00-04:00,141.55103849647733,143.17559078679182,138.2823717915694,139.43716430664062,717300,0.0,0.0
2020-09-04 00:00:00-04:00,139.65246299128273,140.9344839407053,138.60532192250903,140.1124267578125,954200,0.0,0.0
2020-09-08 00:00:00-04:00,139.9460585509538,140.1515803123171,137.14713678261796,137.76368713378906,771700,0.0,0.0
2020-09-09 00:00:00-04:00,138.98699218889567,142.02077891161025,138.98699218889567,140.14178466796875,667600,0.0,0.0
2020-09-10 00:00:00-04:00,139.691616547621,140.3570871407616,137.70497089709062,137.76368713378906,575500,0.0,0.0
2020-09-11 00:00:00-04:00,138.53682247639378,138.74234425754403,137.284159529829,138.08665466308594,482500,0.0,0.0
2020-09-14 00:00:00-04:00,139.10444194428814,140.74857144480788,138.2334494793985,139.82864379882812,684600,0.0,0.0
2020-09-15 00:00:00-04:00,141.08130218456392,141.74677284035025,139.79928111956596,140.52346801757812,812900,0.0,0.0
2020-09-16 00:00:00-04:00,140.77793024032803,142.40246775667833,139.54482937580917,139.7209930419922,678200,0.0,0.0
2020-09-17 00:00:00-04:00,139.29038288836506,139.91671436370828,136.72634074444744,138.00836181640625,733400,0.0,0.0
2020-09-18 00:00:00-04:00,137.74412534408967,138.81084358345737,135.05285468905416,135.32687377929688,1420900,0.0,0.0
2020-09-21 00:00:00-04:00,134.99412971256845,137.08842687131855,134.08398320299133,136.73611450195312,746800,0.0,0.0
2020-09-22 00:00:00-04:00,137.24502591267742,138.4487537284668,135.9434277337191,137.176513671875,718100,0.0,0.0
2020-09-23 00:00:00-04:00,137.64624097825245,138.19429403589507,135.09198012822893,135.10177612304688,585700,0.0,0.0
2020-09-24 00:00:00-04:00,135.95319084000528,138.91848027073044,135.55194331009912,137.65603637695312,902900,0.0,0.0
2020-09-25 00:00:00-04:00,136.55993881398874,141.28678979761872,136.55993881398874,141.1497802734375,898100,0.0,0.0
2020-09-28 00:00:00-04:00,141.38467362153256,142.94071370869693,140.58217852274163,141.4629669189453,599200,0.0,0.0
2020-09-29 00:00:00-04:00,141.65869780726842,142.00122912919326,139.82863857958807,140.63111877441406,565100,0.0,0.0
2020-09-30 00:00:00-04:00,141.5412582383023,143.1560145427299,141.06171739819573,141.78591918945312,1099600,0.0,0.0
2020-10-01 00:00:00-04:00,142.45138272295398,145.68091010408517,142.33395025077712,145.39710998535156,1478200,0.0,0.0
2020-10-02 00:00:00-04:00,144.36952870135048,146.7672028776893,143.73340131062,145.77877807617188,751200,0.0,0.0
2020-10-05 00:00:00-04:00,146.0625756271459,148.91043244437952,145.41666718620087,148.6461944580078,707000,0.0,0.0
2020-10-06 00:00:00-04:00,148.60706700281824,150.45670318749714,147.6479853271186,149.2333984375,718400,0.0,0.0
2020-10-07 00:00:00-04:00,150.65241644117916,152.13995907477317,149.6444146055835,151.21023559570312,942400,0.0,0.0
2020-10-08 00:00:00-04:00,151.68978378830337,153.0500980262495,150.78943331518758,152.52163696289062,554400,0.0,0.0
2020-10-09 00:00:00-04:00,152.87394979426915,153.91130980060555,151.3081137900021,152.42376708984375,651900,0.0,0.0
2020-10-12 00:00:00-04:00,153.3045705116043,156.58303375399734,152.95225808834095,154.9389190673828,571000,0.0,0.0
2020-10-13 00:00:00-04:00,152.9913955827926,153.01097264110237,151.20047553690983,152.74673461914062,592900,0.0,0.0
2020-10-14 00:00:00-04:00,152.29653844338839,154.02874209448618,151.23960138168056,152.4335479736328,581900,0.0,0.0
2020-10-15 00:00:00-04:00,151.23960090876986,153.81343878986914,150.27075313825628,152.5314178466797,513900,0.0,0.0
2020-10-16 00:00:00-04:00,153.23605876292993,153.30455606862478,152.17912159271498,152.39442443847656,1120200,0.0,0.0
2020-10-19 00:00:00-04:00,152.92287768398043,154.1755405768714,150.69157097271093,151.2200469970703,1175100,0.0,0.0
2020-10-20 00:00:00-04:00,151.9736002666484,151.9736002666484,149.35084185827967,149.87930297851562,725600,0.0,0.0
2020-10-21 00:00:00-04:00,150.14351598581695,150.7992054786478,148.6070531283877,148.99850463867188,818400,0.0,0.0
2020-10-22 00:00:00-04:00,149.78142966001175,150.6719990607879,149.0865860236136,150.3294677734375,455500,0.0,0.0
2020-10-23 00:00:00-04:00,150.59371818920542,151.37662131128997,149.72272577290448,150.78944396972656,423700,0.0,0.0
2020-10-26 00:00:00-04:00,151.00474708208827,151.7093718395784,148.7538632697126,150.72093200683594,676200,0.0,0.0
2020-10-27 00:00:00-04:00,151.06345959575913,152.84458357058116,150.3881929754158,151.31790161132812,621100,0.0,0.0
2020-10-28 00:00:00-04:00,149.4976182861628,152.2769779672061,149.2529573414423,149.7324981689453,874700,0.0,0.0
2020-10-29 00:00:00-04:00,149.65421008900623,150.67200801694074,146.94336254583317,148.9104461669922,534000,0.0,0.0
2020-10-30 00:00:00-04:00,148.06880650221865,149.08658946019605,146.04300671526775,147.29566955566406,831800,0.0,0.0
2020-11-02 00:00:00-05:00,148.75384666351206,151.75829007642452,148.40153432409755,151.00473022460938,731300,0.0,0.0
2020-11-03 00:00:00-05:00,152.72715141057915,156.00561416466127,152.16933220103428,153.7449493408203,742100,0.0,0.0
2020-11-04 00:00:00-05:00,154.8801597579986,157.1310434460095,151.93444734632962,152.09103393554688,728100,0.0,0.0
2020-11-05 00:00:00-05:00,156.58300357497953,159.36234830453486,152.17910659943323,154.83123779296875,766900,0.0,0.0
2020-11-06 00:00:00-05:00,155.45758176331438,158.4815876801473,154.43000273279173,157.6888885498047,744800,0.0,0.0
2020-11-09 00:00:00-05:00,168.8934621232884,169.453191934548,159.01457184207393,159.40737915039062,1347500,0.55,0.0
2020-11-10 00:00:00-05:00,159.28953387193638,161.62667351893407,158.71997455075012,160.5661163330078,1021400,0.0,0.0
2020-11-11 00:00:00-05:00,161.528478946252,162.7166853584942,160.24205198579614,161.41062927246094,968000,0.0,0.0
2020-11-12 00:00:00-05:00,161.26335793750224,161.74454129305013,157.227354438393,158.5039520263672,863600,0.0,0.0
2020-11-13 00:00:00-05:00,159.00474920488116,159.9671008392767,157.7477958502233,158.40573120117188,634900,0.0,0.0
2020-11-16 00:00:00-05:00,160.03584617754223,162.64795842956667,158.11112794340164,162.56939697265625,902800,0.0,0.0
2020-11-17 00:00:00-05:00,160.97854807643338,161.59721016297908,156.01948177351684,156.42208862304688,1082500,0.0,0.0
2020-11-18 00:00:00-05:00,157.77726677027238,157.81655499419202,153.16188940814328,153.3779296875,858100,0.0,0.0
2020-11-19 00:00:00-05:00,154.05549016078163,154.36972099296545,151.75760883563962,153.82962036132812,913000,0.0,0.0
2020-11-20 00:00:00-05:00,152.97530006196544,157.227343549993,152.97530006196544,154.8705596923828,992800,0.0,0.0
2020-11-23 00:00:00-05:00,154.92947673020998,155.2928103699784,151.9736598745816,152.42538452148438,616900,0.0,0.0
2020-11-24 00:00:00-05:00,153.7117895028753,154.05549399995493,150.12751110334466,150.44174194335938,1006000,0.0,0.0
2020-11-25 00:00:00-05:00,151.20770376760998,152.1798849696639,148.38938071568538,150.37301635742188,1113600,0.0,0.0
2020-11-27 00:00:00-05:00,150.05876967843858,151.41392862205205,148.97858333294818,150.9622039794922,504000,0.0,0.0
2020-11-30 00:00:00-05:00,151.22733227270592,152.02274636318344,149.40081973810157,150.61849975585938,1059700,0.0,0.0
2020-12-01 00:00:00-05:00,151.79691502720078,153.5939691684721,151.2666288955118,151.52195739746094,797200,0.0,0.0
2020-12-02 00:00:00-05:00,151.9441986059172,152.5628607249631,149.96057797417112,152.0424041748047,794100,0.0,0.0
2020-12-03 00:00:00-05:00,151.20771975606718,152.66108443112918,149.18481066280296,149.73472595214844,707700,0.0,0.0
2020-12-04 00:00:00-05:00,149.5972297833745,150.1275158823743,145.23716623189213,146.2191619873047,1318400,0.0,0.0
2020-12-07 00:00:00-05:00,146.16025236005015,148.42866027742667,145.8951242806115,147.61361694335938,1042500,0.0,0.0
2020-12-08 00:00:00-05:00,146.86726721425617,147.54484661111863,145.94418890456325,146.6610565185547,811100,0.0,0.0
2020-12-09 00:00:00-05:00,147.3877337865725,147.3877337865725,145.1291406373154,145.79690551757812,919300,0.0,0.0
2020-12-10 00:00:00-05:00,145.97365810239438,145.97365810239438,143.90164652931765,145.40411376953125,888000,0.0,0.0
2020-12-11 00:00:00-05:00,145.3059200025795,146.14062242780236,144.09806936180857,145.61033630371094,760100,0.0,0.0
2020-12-14 00:00:00-05:00,147.4171831525976,148.6054044899004,145.78708175076613,145.87545776367188,811100,0.0,0.0
2020-12-15 00:00:00-05:00,146.3271808079376,150.5890537361106,146.13078465542898,150.23553466796875,1555900,0.0,0.0
2020-12-16 00:00:00-05:00,151.06041654755447,151.9736654542533,147.55468432981334,147.66270446777344,821500,0.0,0.0
2020-12-17 00:00:00-05:00,148.5366815273581,150.44175580519985,147.98676626861348,149.12588500976562,925500,0.0,0.0
2020-12-18 00:00:00-05:00,149.2535265943207,149.81325633194473,147.0145776756952,147.5350341796875,1891400,0.0,0.0
2020-12-21 00:00:00-05:00,146.26826160784134,146.70034212832678,144.3828315963224,146.42538452148438,1134600,0.0,0.0
2020-12-22 00:00:00-05:00,146.65124045994554,146.65124045994554,144.75599587093708,145.394287109375,823700,0.0,0.0
2020-12-23 00:00:00-05:00,146.26826356193817,147.947482882792,144.69707935671477,144.75599670410156,731500,0.0,0.0
2020-12-24 00:00:00-05:00,145.21753996127413,146.45484924316406,144.7658153119113,146.45484924316406,253700,0.0,0.0
2020-12-28 00:00:00-05:00,146.89674061144893,148.29117277802996,146.30755215202842,146.95565795898438,546600,0.0,0.0
2020-12-29 00:00:00-05:00,148.07512217740688,149.1455088578205,147.24043483881317,148.01620483398438,685100,0.0,0.0
2020-12-30 00:00:00-05:00,148.1831425722525,148.96874211547174,147.55466593449012,147.9180145263672,361800,0.0,0.0
2020-12-31 00:00:00-05:00,147.87872630029293,150.83454289579456,147.50557812993353,150.70687866210938,521900,0.0,0.0
2021-01-04 00:00:00-05:00,150.76579332620946,151.02110680497736,145.9441910124059,147.5350341796875,1378900,0.0,0.0
2021-01-05 00:00:00-05:00,147.790361815801,148.78217213870636,146.21916260685705,148.36973571777344,867600,0.0,0.0
2021-01-06 00:00:00-05:00,149.0473381566017,150.9622271860292,147.84930194658688,149.6168975830078,1206200,0.0,0.0
2021-01-07 00:00:00-05:00,151.11931345926453,151.80670743328164,149.0571165531484,149.39100646972656,851500,0.0,0.0
2021-01-08 00:00:00-05:00,149.35172797121527,154.53666426131784,148.772354082844,154.1536865234375,1367400,0.0,0.0
2021-01-11 00:00:00-05:00,153.54483612561106,154.71341331377656,151.4826393248409,153.81979370117188,812300,0.0,0.0
2021-01-12 00:00:00-05:00,153.9572912065817,156.24534308315134,151.64959521963686,153.4171905517578,1128800,0.0,0.0
2021-01-13 00:00:00-05:00,153.78053251500444,158.29770374166836,153.4171839170731,156.8148956298828,898200,0.0,0.0
2021-01-14 00:00:00-05:00,156.64797226565338,156.80508020381103,154.43848174309971,155.15533447265625,712400,0.0,0.0
2021-01-15 00:00:00-05:00,154.72324596293663,157.41391967725275,154.17333074752972,156.8443603515625,946600,0.0,0.0
2021-01-19 00:00:00-05:00,157.934392186632,158.0227682157432,154.86074042340277,156.40248107910156,873100,0.0,0.0
2021-01-20 00:00:00-05:00,156.35337919592428,160.91965386858908,155.72490245627046,160.45811462402344,1051000,0.0,0.0
2021-01-21 00:00:00-05:00,160.16349999850533,161.0374755466862,157.01128730033187,158.0030975341797,785300,0.0,0.0
2021-01-22 00:00:00-05:00,157.55140025270458,158.80835361178737,156.15696808822418,158.012939453125,674100,0.0,0.0
2021-01-25 00:00:00-05:00,157.98346527155297,160.615206426277,157.02109874417073,158.30752563476562,928100,0.0,0.0
2021-01-26 00:00:00-05:00,157.36482035411962,157.9245651290102,155.78380658302447,156.44174194335938,1056400,0.0,0.0
2021-01-27 00:00:00-05:00,155.34191142850773,156.0391200259385,152.60213487132253,153.89837646484375,963300,0.0,0.0
2021-01-28 00:00:00-05:00,154.2126127650949,159.69215108902415,153.9867579282064,156.91310119628906,827700,0.0,0.0
2021-01-29 00:00:00-05:00,155.79361854920728,157.91473294911788,153.23060906199848,156.15696716308594,1114600,0.0,0.0
2021-02-01 00:00:00-05:00,157.73797813925583,160.62504796889462,156.77561153999915,158.61195373535156,693700,0.0,0.0
2021-02-02 00:00:00-05:00,159.04401721770904,163.08983437745076,158.57264853155473,160.37953186035156,766500,0.0,0.0
2021-02-03 00:00:00-05:00,159.92780941364467,161.8918006799382,158.97527245076716,161.15530395507812,776400,0.0,0.0
2021-02-04 00:00:00-05:00,160.8803587255472,162.53993387040293,160.07511505220629,161.0669403076172,599400,0.0,0.0
2021-02-05 00:00:00-05:00,161.73693125187862,163.09664957754273,160.35751775807407,162.58428955078125,478900,0.55,0.0
2021-02-08 00:00:00-05:00,162.52517574912994,162.79121086672075,158.7416286667525,159.83531188964844,686500,0.0,0.0
2021-02-09 00:00:00-05:00,160.08162696116977,161.25413588882898,159.20471091993807,161.03736877441406,569400,0.0,0.0
2021-02-10 00:00:00-05:00,162.57444689319163,162.7222358311207,161.20488094195545,162.38723754882812,471200,0.0,0.0
2021-02-11 00:00:00-05:00,162.72223999143324,163.24444763144058,161.33297883594062,162.40695190429688,468500,0.0,0.0
2021-02-12 00:00:00-05:00,161.41180351639096,163.42180828231886,157.9238341710569,159.3131103515625,551700,0.0,0.0
2021-02-16 00:00:00-05:00,159.22444304317057,160.84033400570334,157.82530419041584,159.19488525390625,810800,0.0,0.0
2021-02-17 00:00:00-05:00,158.77118185703023,159.5889823544809,157.70705645195514,158.41647338867188,753900,0.0,0.0
2021-02-18 00:00:00-05:00,158.04205549966298,158.8697186195786,157.33263855943775,157.7957305908203,1157200,0.0,0.0
2021-02-19 00:00:00-05:00,158.02235615472418,158.28837622441736,154.15998349030403,154.35704040527344,741500,0.0,0.0
2021-02-22 00:00:00-05:00,152.8987936583098,154.2979324025216,148.60290158403566,149.57833862304688,1191500,0.0,0.0
2021-02-23 00:00:00-05:00,149.77539486105994,151.49966925405104,148.41569156317593,150.8986358642578,984700,0.0,0.0
2021-02-24 00:00:00-05:00,150.75085452880933,151.07600523487187,147.61760869044738,147.73583984375,1204000,0.0,0.0
2021-02-25 00:00:00-05:00,147.4698107162205,147.66686765790502,142.89802051052777,143.49905395507812,1353500,0.0,0.0
2021-02-26 00:00:00-05:00,143.9818662391226,145.1937807973904,139.6958060460909,139.79434204101562,1986300,0.0,0.0
2021-03-01 00:00:00-05:00,142.09009262002976,143.6468530939202,141.38067555205035,141.8930206298828,1188100,0.0,0.0
2021-03-02 00:00:00-05:00,141.50873835930864,142.32653891592773,137.24238884644254,137.58724975585938,1512800,0.0,0.0
2021-03-03 00:00:00-05:00,136.8384094436627,137.40002238207467,129.0840915844254,130.18763732910156,2149400,0.0,0.0
2021-03-04 00:00:00-05:00,133.03516887049375,136.71033251882278,130.60147742397683,132.98590087890625,3108600,0.0,0.0
2021-03-05 00:00:00-05:00,132.47355483778304,134.51313263624942,130.42412945374986,134.0106201171875,1720200,0.0,0.0
2021-03-08 00:00:00-05:00,134.70033173100015,135.86297818745564,131.75428014715615,131.90206909179688,1457200,0.0,0.0
2021-03-09 00:00:00-05:00,133.5475127259542,135.4393013520098,132.54251787180723,134.8185577392578,2495600,0.0,0.0
2021-03-10 00:00:00-05:00,135.28164169874395,135.62648754726362,133.62633050862027,134.3751678466797,2165000,0.0,0.0
2021-03-11 00:00:00-05:00,135.4984216090397,136.37533775784556,134.06974002293762,135.0254669189453,1755600,0.0,0.0
2021-03-12 00:00:00-05:00,135.86298543923658,137.48872405498216,134.45401397685458,137.0847625732422,1029600,0.0,0.0
2021-03-15 00:00:00-04:00,137.4493156110541,138.95682303112653,136.69063059121652,138.24740600585938,1296200,0.0,0.0
2021-03-16 00:00:00-04:00,138.4543087381505,140.57269693682866,138.43459853582218,139.08489990234375,1136600,0.0,0.0
2021-03-17 00:00:00-04:00,138.36560717685194,138.80900399740602,136.69060096585403,137.3310546875,1209300,0.0,0.0
2021-03-18 00:00:00-04:00,136.6512245225499,137.45916249837538,135.38017942769815,136.9566650390625,1200400,0.0,0.0
2021-03-19 00:00:00-04:00,136.99607696673058,137.48872686453663,134.88753600550004,136.32608032226562,2216400,0.0,0.0
2021-03-22 00:00:00-04:00,136.8187020169001,138.05032650753384,136.22751624760443,137.9912109375,1027300,0.0,0.0
2021-03-23 00:00:00-04:00,138.12915161710873,142.38563801841147,137.6956173929667,142.0309295654297,1033500,0.0,0.0
2021-03-24 00:00:00-04:00,140.9175692982705,143.4005137525895,140.18844209753718,142.77978515625,1256700,0.0,0.0
2021-03-25 00:00:00-04:00,142.947284643817,145.1050934280139,142.47434498965126,143.07537841796875,1211200,0.0,0.0
2021-03-26 00:00:00-04:00,142.91771735783217,144.3168410578541,140.28696909428962,144.16905212402344,1163500,0.0,0.0
2021-03-29 00:00:00-04:00,144.16904919240378,146.6027254487116,143.5187478278134,145.7356719970703,940500,0.0,0.0
2021-03-30 00:00:00-04:00,145.7553793809858,146.09039270973383,143.804490158185,144.69126892089844,768700,0.0,0.0
2021-03-31 00:00:00-04:00,145.321869505781,148.31717421235192,144.93760319417353,147.7161407470703,1221000,0.0,0.0
2021-04-01 00:00:00-04:00,148.4255497313473,149.59805880770824,147.39098201488292,148.37628173828125,855400,0.0,0.0
2021-04-05 00:00:00-04:00,148.06099808646712,150.13011854698766,148.04128788175328,149.7951202392578,577400,0.0,0.0
2021-04-06 00:00:00-04:00,149.60790812961775,150.9380687854422,148.67187638841725,150.55380249023438,848200,0.0,0.0
2021-04-07 00:00:00-04:00,150.80011568926207,151.5982060068601,149.62760669052733,150.68186950683594,611600,0.0,0.0
2021-04-08 00:00:00-04:00,151.3716127980731,151.5194017540002,148.95761626506396,149.4601287841797,657300,0.0,0.0
2021-04-09 00:00:00-04:00,149.82465976037037,150.40598293545634,148.74083918496115,149.4502410888672,609700,0.0,0.0
2021-04-12 00:00:00-04:00,149.42068553557513,151.1351123347065,149.13495525295963,150.01187133789062,742100,0.0,0.0
2021-04-13 00:00:00-04:00,149.1152503222792,153.54909889296437,149.05613474685353,153.12542724609375,738700,0.0,0.0
2021-04-14 00:00:00-04:00,152.43572121454866,154.87926022903267,151.68688383024542,154.8201446533203,929100,0.0,0.0
2021-04-15 00:00:00-04:00,154.8398353057348,156.96808617618095,154.8398353057348,156.82029724121094,1069200,0.0,0.0
2021-04-16 00:00:00-04:00,157.64794317006212,157.96324627295238,156.48529680573304,157.76617431640625,1341700,0.0,0.0
2021-04-19 00:00:00-04:00,157.88442423156013,158.19971230742823,155.65763735954752,156.3867645263672,835100,0.0,0.0
2021-04-20 00:00:00-04:00,156.66263527265284,160.01264787475458,156.52469393102461,158.9386749267578,850100,0.0,0.0
2021-04-21 00:00:00-04:00,159.90428502919147,160.11120458567365,157.48045613600365,158.6332550048828,623200,0.0,0.0
2021-04-22 00:00:00-04:00,158.6332436502526,159.99296197828824,158.11103603851015,159.05691528320312,653700,0.0,0.0
2021-04-23 00:00:00-04:00,159.12590530837528,159.47076622531262,156.9483863047734,157.01736450195312,1044900,0.0,0.0
2021-04-26 00:00:00-04:00,157.1257542487836,157.33265877949398,154.14029717268428,155.39163208007812,938500,0.0,0.0
2021-04-27 00:00:00-04:00,155.61823965242613,155.7561810113772,152.27807421437885,152.8199920654297,1373100,0.0,0.0
2021-04-28 00:00:00-04:00,153.00716808659882,153.20424003394712,151.2730462050765,152.07113647460938,699300,0.0,0.0
2021-04-29 00:00:00-04:00,152.22880857155843,154.38661738983723,151.7460062905365,152.16969299316406,752600,0.0,0.0
2021-04-30 00:00:00-04:00,152.39631177565582,153.72647246283498,151.86425652147284,153.69691467285156,1012100,0.0,0.0
2021-05-03 00:00:00-04:00,153.86439744870918,154.5048362094837,152.46527374533252,153.21409606933594,598000,0.0,0.0
2021-05-04 00:00:00-04:00,152.24851693014378,154.4260208918357,151.05629765388124,153.00718688964844,956300,0.0,0.0
2021-05-05 00:00:00-04:00,152.14012762656264,152.8692397697537,148.95759882635286,150.80996704101562,714100,0.0,0.0
2021-05-06 00:00:00-04:00,150.6720085582937,151.87407523739364,149.90347609584992,150.94789123535156,751300,0.0,0.0
2021-05-07 00:00:00-04:00,150.94790258777687,153.52939788079235,150.36657940557637,150.52423095703125,795900,0.0,0.0
2021-05-10 00:00:00-04:00,150.66569097953825,154.85992226851747,150.48764146668597,154.31585693359375,2008300,0.603,0.0
2021-05-11 00:00:00-04:00,154.11801475388287,154.11801475388287,150.92288946863837,152.04067993164062,667600,0.0,0.0
2021-05-12 00:00:00-04:00,151.1504039866263,151.32845349654517,147.53979961911466,147.9750518798828,837100,0.0,0.0
2021-05-13 00:00:00-04:00,147.98494023208715,151.01190238010665,147.6881759816024,150.35902404785156,560700,0.0,0.0
2021-05-14 00:00:00-04:00,150.51730401404257,152.1791597069713,150.3590277306997,151.18006896972656,830800,0.0,0.0
2021-05-17 00:00:00-04:00,151.00200618538983,152.16927492144774,149.17198757977005,149.22145080566406,540400,0.0,0.0
2021-05-18 00:00:00-04:00,149.27091108742636,150.29969193115315,148.2322587293975,149.4588623046875,515500,0.0,0.0
2021-05-19 00:00:00-04:00,148.94449256131145,150.4777470879108,148.4894519606677,150.4282989501953,605600,0.0,0.0
2021-05-20 00:00:00-04:00,150.4975300059598,153.2376299322366,150.4975300059598,152.75291442871094,703400,0.0,0.0
2021-05-21 00:00:00-04:00,152.99031756095474,154.66207499058987,152.49571548563344,153.44534301757812,1605300,0.0,0.0
2021-05-24 00:00:00-04:00,153.92018561910857,154.80057678801666,153.06946936984443,153.1683807373047,450100,0.0,0.0
2021-05-25 00:00:00-04:00,153.16837467011408,154.0487658041488,151.93186942039912,153.2475128173828,581500,0.0,0.0
2021-05-26 00:00:00-04:00,153.61353460874122,154.09825016696743,152.29790612538207,153.2969970703125,485100,0.0,0.0
2021-05-27 00:00:00-04:00,154.31585096990582,154.36531419736158,151.4471649061653,151.76370239257812,1029500,0.0,0.0
2021-05-28 00:00:00-04:00,153.0002232720865,154.26640353547864,152.22864514577122,153.34645080566406,562200,0.0,0.0
2021-06-01 00:00:00-04:00,154.1971560835183,154.48401866116967,152.4660487272604,152.59463500976562,619300,0.0,0.0
2021-06-02 00:00:00-04:00,152.564972041695,154.4444692321465,152.10994652508026,153.75201416015625,504100,0.0,0.0
2021-06-03 00:00:00-04:00,152.34733957388704,154.98851308349268,152.34733957388704,154.3554229736328,720800,0.0,0.0
2021-06-04 00:00:00-04:00,154.52358465542292,155.50288708941935,154.32573175306743,154.74119567871094,403200,0.0,0.0
2021-06-07 00:00:00-04:00,154.8599077771078,155.94802325107364,154.5433552140259,155.7699737548828,487600,0.0,0.0
2021-06-08 00:00:00-04:00,156.09644417210052,156.31407032926867,154.34554830545116,155.11712646484375,479800,0.0,0.0
2021-06-09 00:00:00-04:00,155.68096395339222,156.6800547751833,154.89948417204113,155.89859008789062,644500,0.0,0.0
2021-06-10 00:00:00-04:00,156.06673784042795,158.27265879606213,155.51278594969085,158.0055694580078,541500,0.0,0.0
2021-06-11 00:00:00-04:00,158.07483224949783,158.7079223260086,157.54065353534492,158.6287841796875,745500,0.0,0.0
2021-06-14 00:00:00-04:00,158.79694552752895,159.75647478795958,156.73939902547446,158.7474822998047,735400,0.0,0.0
2021-06-15 00:00:00-04:00,158.76728336861714,160.76548019560545,158.29246955123446,160.04335021972656,640700,0.0,0.0
2021-06-16 00:00:00-04:00,160.8050428702476,161.2402951618075,156.65038797691471,156.7592010498047,795500,0.0,0.0
2021-06-17 00:00:00-04:00,156.4228604457328,160.67642630729316,156.16565770098472,160.44891357421875,619700,0.0,0.0
2021-06-18 00:00:00-04:00,159.37068426805305,160.06312416752715,155.67105524220884,155.83921813964844,1741100,0.0,0.0
2021-06-21 00:00:00-04:00,156.22501112830685,159.8949653297856,154.6719683924876,159.5586395263672,808800,0.0,0.0
2021-06-22 00:00:00-04:00,160.06312782000774,160.80503096367187,157.91655653562648,157.9759063720703,581800,0.0,0.0
2021-06-23 00:00:00-04:00,158.10450738435077,158.27267028524187,154.26639029983508,154.68185424804688,855100,0.0,0.0
2021-06-24 00:00:00-04:00,155.78977167642137,155.8392198101542,152.0110044652657,153.0892333984375,867500,0.0,0.0
2021-06-25 00:00:00-04:00,153.08924150462488,153.70255839240144,151.73403653693532,153.55416870117188,1041300,0.0,0.0
2021-06-28 00:00:00-04:00,153.93005270263862,157.13507946417957,153.93005270263862,155.63148498535156,742900,0.0,0.0
2021-06-29 00:00:00-04:00,154.7511105880704,156.5415678111773,153.73223144901993,153.8014678955078,655300,0.0,0.0
2021-06-30 00:00:00-04:00,154.07844178714464,154.85001986077293,151.67468281023918,152.46604919433594,627700,0.0,0.0
2021-07-01 00:00:00-04:00,152.55507123689858,154.21692702929025,151.79337978502338,153.8905029296875,497200,0.0,0.0
2021-07-02 00:00:00-04:00,154.24659955061557,155.2457054261895,153.81136239322234,155.1863555908203,397700,0.0,0.0
2021-07-06 00:00:00-04:00,156.09641477934045,158.2528725382358,154.86979622391425,158.15396118164062,761300,0.0,0.0
2021-07-07 00:00:00-04:00,158.2726804736071,161.83382182188686,157.63959035547504,161.61619567871094,871300,0.0,0.0
2021-07-08 00:00:00-04:00,160.81493466107804,162.2196028192234,159.33112835533962,159.8356170654297,569900,0.0,0.0
2021-07-09 00:00:00-04:00,159.90485741934418,160.73580044235274,158.72771706702778,160.52806091308594,519800,0.0,0.0
2021-07-12 00:00:00-04:00,160.4983898831361,161.45791921507774,159.81583653422308,161.2205047607422,414500,0.0,0.0
2021-07-13 00:00:00-04:00,161.08202474212737,162.13057888607182,159.86530767831067,160.49839782714844,473900,0.0,0.0
2021-07-14 00:00:00-04:00,160.4588125785534,162.3185061254683,159.51905655632316,161.47769165039062,363800,0.0,0.0
2021-07-15 00:00:00-04:00,160.64675717648703,164.70250046274245,160.468707664378,164.31671142578125,627000,0.0,0.0
2021-07-16 00:00:00-04:00,164.74206994103685,167.93721055153125,164.40574411700348,166.4929656982422,629800,0.0,0.0
2021-07-19 00:00:00-04:00,165.55322265625,167.1260537795139,163.01096050745156,165.55322265625,768500,0.0,0.0
2021-07-20 00:00:00-04:00,166.15663846784065,167.62065652611014,163.92104230493868,164.9003448486328,955100,0.0,0.0
2021-07-21 00:00:00-04:00,164.62336727210578,164.62336727210578,160.96331461486568,161.72500610351562,749200,0.0,0.0
2021-07-22 00:00:00-04:00,161.82391716981385,163.0703241660247,161.4084532024298,162.64495849609375,535900,0.0,0.0
2021-07-23 00:00:00-04:00,162.9911771689745,165.55321237580785,162.73397442165546,165.4641876220703,603100,0.0,0.0
2021-07-26 00:00:00-04:00,164.7025084172178,165.2366720734012,163.17914050627638,164.38595581054688,556300,0.0,0.0
2021-07-27 00:00:00-04:00,164.583796700212,168.89672753930125,163.77264202548434,168.362548828125,584200,0.0,0.0
2021-07-28 00:00:00-04:00,168.31308763763354,169.01542925703518,166.7798332115774,168.5109405517578,484800,0.0,0.0
2021-07-29 00:00:00-04:00,168.66919943422297,169.46056579767398,167.82838493697835,168.88682556152344,406100,0.0,0.0
2021-07-30 00:00:00-04:00,168.72856963149312,170.24205086783962,168.1053661480357,168.27352905273438,631200,0.0,0.0
2021-08-02 00:00:00-04:00,168.14491377572202,170.41019968588733,167.9965391938584,170.39041137695312,621800,0.0,0.0
2021-08-03 00:00:00-04:00,171.3796295691825,174.93086906437685,170.2420507640667,173.40750122070312,912800,0.0,0.0
2021-08-04 00:00:00-04:00,170.28162403054807,175.23753203585187,170.20248587691898,174.56488037109375,1084800,0.0,0.0
2021-08-05 00:00:00-04:00,175.0891427689161,178.1358935052215,174.09993857248156,177.73031616210938,525200,0.0,0.0
2021-08-06 00:00:00-04:00,177.98750874777426,178.47222425130985,175.4452617414532,175.53428649902344,1000300,0.0,0.0
2021-08-09 00:00:00-04:00,176.77749756041192,177.19437696940506,174.19679819561713,175.8047637939453,985600,0.6025,0.0
2021-08-10 00:00:00-04:00,175.88416880944246,176.00328802835142,174.20671576310022,174.7030029296875,624000,0.0,0.0
2021-08-11 00:00:00-04:00,175.1496736441522,175.73528886630478,173.233997303854,174.25634765625,728800,0.0,0.0
2021-08-12 00:00:00-04:00,174.3953190190671,176.61869112703522,174.0082156089571,176.13232421875,789000,0.0,0.0
2021-08-13 00:00:00-04:00,176.36060250522573,177.7601359678252,175.5367791261742,177.59140014648438,649900,0.0,0.0
2021-08-16 00:00:00-04:00,177.66088087726564,180.40038051552682,177.4127373002154,180.15223693847656,617600,0.0,0.0
2021-08-17 00:00:00-04:00,179.98350826515644,180.2515075797397,178.20679170150797,180.04306030273438,579100,0.0,0.0
2021-08-18 00:00:00-04:00,179.83461555951482,179.98351080104007,177.65095499315623,178.54428100585938,583100,0.0,0.0
2021-08-19 00:00:00-04:00,178.92143022864664,181.06539426005057,178.09759177735307,180.42022705078125,549100,0.0,0.0
2021-08-20 00:00:00-04:00,180.10260960537937,183.26892414937288,179.15966701858855,182.73294067382812,666600,0.0,0.0
2021-08-23 00:00:00-04:00,182.7329462753118,183.86448044324325,179.99343134049042,180.8470458984375,993500,0.0,0.0
2021-08-24 00:00:00-04:00,180.3904604988503,180.60882805862482,177.67080143787467,179.25892639160156,745800,0.0,0.0
2021-08-25 00:00:00-04:00,179.2589303743313,180.0827537416689,178.22664458782916,179.53684997558594,502400,0.0,0.0
2021-08-26 00:00:00-04:00,179.16959414629355,180.3209840508591,178.42516336850284,179.87432861328125,520800,0.0,0.0
2021-08-27 00:00:00-04:00,180.26141895305994,180.96615336899387,178.67329401729666,178.9710693359375,748700,0.0,0.0
2021-08-30 00:00:00-04:00,179.82469442708987,181.9488029450953,179.44751132490293,181.22422790527344,520100,0.0,0.0
2021-08-31 00:00:00-04:00,181.2242188192904,182.355752923637,180.4599323620399,180.89666748046875,918100,0.0,0.0
2021-09-01 00:00:00-04:00,179.3383169621162,183.8049013048424,179.3383169621162,183.0604705810547,751700,0.0,0.0
2021-09-02 00:00:00-04:00,183.62624069017906,185.53198147880315,183.12995355317858,185.46250915527344,460000,0.0,0.0
2021-09-03 00:00:00-04:00,184.71808895590425,185.63125552246512,183.2093717328773,183.77513122558594,466300,0.0,0.0
2021-09-07 00:00:00-04:00,183.86446454820387,184.41036828424095,181.53190893875234,182.6336669921875,608700,0.0,0.0
2021-09-08 00:00:00-04:00,182.64359617560783,187.94395458413325,182.14730901287757,187.34840393066406,590000,0.0,0.0
2021-09-09 00:00:00-04:00,186.36575220950525,187.47744576674873,185.15481030577305,186.1473846435547,987900,0.0,0.0
2021-09-10 00:00:00-04:00,186.86203498610257,186.86203498610257,183.32847284993545,183.4178009033203,518600,0.0,0.0
2021-09-13 00:00:00-04:00,184.65851927563776,185.1448861433544,181.09518111242755,181.78005981445312,690200,0.0,0.0
2021-09-14 00:00:00-04:00,182.69323810996818,183.78507598706054,181.78999178850842,183.5071563720703,483300,0.0,0.0
2021-09-15 00:00:00-04:00,183.37810796576116,184.14239444267287,181.54183939207886,182.28627014160156,738000,0.0,0.0
2021-09-16 00:00:00-04:00,182.87190107855972,183.57662037550136,179.78499428842952,180.3507537841797,724000,0.0,0.0
2021-09-17 00:00:00-04:00,178.35568274769184,180.0629117970398,176.2216388632658,176.71792602539062,1961900,0.0,0.0
2021-09-20 00:00:00-04:00,175.95365241672872,179.4078067795502,174.73277510900047,177.9189453125,645200,0.0,0.0
2021-09-21 00:00:00-04:00,178.14724160095426,179.79491867077763,177.00578714701263,177.13482666015625,604700,0.0,0.0
2021-09-22 00:00:00-04:00,177.67079291611668,178.1472243211905,175.01070116351644,176.40029907226562,619900,0.0,0.0
2021-09-23 00:00:00-04:00,176.30104369815476,178.2762720229749,175.8940997425386,176.50949096679688,665800,0.0,0.0
2021-09-24 00:00:00-04:00,176.50948911988178,177.63110292247117,174.69307633822538,175.47720336914062,470400,0.0,0.0
2021-09-27 00:00:00-04:00,172.99577026449595,173.4622814030173,169.2835520287926,169.44236755371094,922400,0.0,0.0
2021-09-28 00:00:00-04:00,168.84681135655637,168.9361394068302,166.7326232938535,166.94107055664062,725000,0.0,0.0
2021-09-29 00:00:00-04:00,167.3182662563668,170.72278902345633,166.62345209162933,169.03541564941406,689700,0.0,0.0
2021-09-30 00:00:00-04:00,169.8989322580536,170.20662785173877,167.64578447375746,167.7847442626953,863900,0.0,0.0
2021-10-01 00:00:00-04:00,167.44729319935198,169.1247463080239,166.25620698438135,167.0899658203125,662600,0.0,0.0
2021-10-04 00:00:00-04:00,167.3380896048456,170.45477215207725,166.98076226810335,169.640869140625,730500,0.0,0.0
2021-10-05 00:00:00-04:00,170.11731261584984,171.1595186841128,169.36296158273146,170.3257598876953,577500,0.0,0.0
2021-10-06 00:00:00-04:00,169.8890329838637,172.90645240784374,168.81705084567156,172.8865966796875,488000,0.0,0.0
2021-10-07 00:00:00-04:00,173.2240809977431,174.57398272887485,170.93123665670285,171.18930053710938,497800,0.0,0.0
2021-10-08 00:00:00-04:00,171.01061233832982,172.11237037111871,168.4398486436495,169.56146240234375,442600,0.0,0.0
2021-10-11 00:00:00-04:00,168.83689192604734,169.66071525452156,167.12966294431646,167.60609436035156,746000,0.0,0.0
2021-10-12 00:00:00-04:00,167.54655629675372,169.0155621202136,166.66316571532056,168.2810516357422,499400,0.0,0.0
2021-10-13 00:00:00-04:00,168.57880968523315,169.19421602901735,167.01054052765625,168.14207458496094,773700,0.0,0.0
2021-10-14 00:00:00-04:00,168.64830081263673,170.45477814011412,168.64830081263673,169.9088592529297,547200,0.0,0.0
2021-10-15 00:00:00-04:00,170.03789569230435,170.5838145696498,168.94607308309477,170.14707946777344,659200,0.0,0.0
2021-10-18 00:00:00-04:00,169.4522919491085,170.1073946461537,168.10239024556805,169.12474060058594,531900,0.0,0.0
2021-10-19 00:00:00-04:00,170.38531155490364,172.12231661642048,169.9584967212802,171.36795043945312,594500,0.0,0.0
2021-10-20 00:00:00-04:00,172.7674896780607,174.32583868407016,171.98336260221294,172.67816162109375,556800,0.0,0.0
2021-10-21 00:00:00-04:00,172.96599553076544,174.98092018849317,171.8443968482234,172.2612762451172,743000,0.0,0.0
2021-10-22 00:00:00-04:00,172.63844154461603,175.15958875999436,172.54911349210974,174.50448608398438,537700,0.0,0.0
2021-10-25 00:00:00-04:00,173.1843576975545,175.6757288559603,172.7178465701033,173.55162048339844,585000,0.0,0.0
2021-10-26 00:00:00-04:00,173.64095861515787,175.34818770292563,173.1744474606235,173.65087890625,540400,0.0,0.0
2021-10-27 00:00:00-04:00,174.6434548290036,174.79235006962494,171.7550598194525,171.93373107910156,519900,0.0,0.0
2021-10-28 00:00:00-04:00,171.85432467734435,174.1372487423152,171.7649966195521,174.00820922851562,472100,0.0,0.0
2021-10-29 00:00:00-04:00,173.70051493378045,175.01072037339853,172.06277327974087,172.8865966796875,779900,0.0,0.0
2021-11-01 00:00:00-04:00,172.99577354863567,173.54169245997986,169.72029037153519,172.40023803710938,726500,0.0,0.0
2021-11-02 00:00:00-04:00,173.48213254182932,175.526833148259,172.6285180498218,175.4871368408203,962000,0.0,0.0
2021-11-03 00:00:00-04:00,170.72278236911848,172.70793100131755,164.97578374291436,166.7624053955078,1637900,0.0,0.0
2021-11-04 00:00:00-04:00,164.43978301074765,167.9137930723081,164.43978301074765,167.5167694091797,1145800,0.0,0.0
2021-11-05 00:00:00-04:00,167.50685095114582,169.34311965656906,166.60361975415694,168.40017700195312,657200,0.0,0.0
2021-11-08 00:00:00-05:00,167.96342162898418,168.54903682190354,165.34302612381305,167.75497436523438,953000,0.0,0.0
2021-11-09 00:00:00-05:00,168.86318969726562,169.7298139705473,167.75748984529645,168.86318969726562,528300,0.6025,0.0
2021-11-10 00:00:00-05:00,168.42488798274806,171.36345493434766,168.33524034279102,171.3335723876953,779200,0.0,0.0
2021-11-11 00:00:00-05:00,171.5327975188788,171.57265104824424,168.75361423252195,169.98880004882812,525900,0.0,0.0
2021-11-12 00:00:00-05:00,170.4171396902517,170.4171396902517,168.40496207398755,170.07846069335938,393300,0.0,0.0
2021-11-15 00:00:00-05:00,170.55659073332268,172.44922289713622,170.21791174816317,172.01092529296875,491700,0.0,0.0
2021-11-16 00:00:00-05:00,172.220124279219,172.32969868405684,169.57042699835313,170.07846069335938,636400,0.0,0.0
2021-11-17 00:00:00-05:00,169.87921640520443,170.14817451495858,167.39887392528814,170.08840942382812,709000,0.0,0.0
2021-11-18 00:00:00-05:00,170.3872486671013,172.16035062105695,170.16809986832772,170.82554626464844,606500,0.0,0.0
2021-11-19 00:00:00-05:00,171.76189017474593,173.2361666654322,170.53666022611273,172.70822143554688,746300,0.0,0.0
2021-11-22 00:00:00-05:00,172.31973579069154,175.2782293995597,170.8056209498689,173.89361572265625,650700,0.0,0.0
2021-11-23 00:00:00-05:00,173.75415353733086,175.08897318124414,171.85156549502156,172.40939331054688,571500,0.0,0.0
2021-11-24 00:00:00-05:00,172.3296983316084,173.16644003974912,170.68609746206997,172.7381134033203,404200,0.0,0.0
2021-11-26 00:00:00-05:00,171.73201442358794,173.91353150114125,169.35127530417753,169.65011596679688,399300,0.0,0.0
2021-11-29 00:00:00-05:00,170.84546820908656,173.22620739526644,169.21182310057404,172.64846801757812,623800,0.0,0.0
2021-11-30 00:00:00-05:00,171.87147406907334,173.60473777972186,167.84713404162642,167.9168701171875,1561900,0.0,0.0
2021-12-01 00:00:00-05:00,167.42875519819384,171.22399045280014,165.91464036917407,167.14984130859375,937500,0.0,0.0
2021-12-02 00:00:00-05:00,168.03640121701153,170.80562869641116,167.79732564193344,169.7098846435547,835900,0.0,0.0
2021-12-03 00:00:00-05:00,170.90524650311252,171.15427785942086,166.99046567811857,170.9650115966797,831100,0.0,0.0
2021-12-06 00:00:00-05:00,171.61247925234653,174.1924403386553,171.18415263478192,173.24612426757812,611200,0.0,0.0
2021-12-07 00:00:00-05:00,173.58480644228433,176.7425221310518,172.93733101323235,175.8360595703125,663900,0.0,0.0
2021-12-08 00:00:00-05:00,176.20462018355568,177.41989437915302,174.8299622771367,176.0751190185547,636900,0.0,0.0
2021-12-09 00:00:00-05:00,175.81613667646195,175.9555936273121,174.16256483090476,175.13877868652344,870300,0.0,0.0
2021-12-10 00:00:00-05:00,175.94564172862235,177.66893448780888,174.77020580293924,175.45753479003906,593800,0.0,0.0
2021-12-13 00:00:00-05:00,175.22842532984203,181.3446347674866,175.22842532984203,180.19908142089844,830500,0.0,0.0
2021-12-14 00:00:00-05:00,180.03970863950434,180.51784457127295,177.39996723357916,178.60528564453125,632400,0.0,0.0
2021-12-15 00:00:00-05:00,179.4619565267514,181.6335026127708,179.451985544919,181.56378173828125,622200,0.0,0.0
2021-12-16 00:00:00-05:00,181.12547787767818,183.2372587984951,180.68718028286705,182.22120666503906,750900,0.0,0.0
2021-12-17 00:00:00-05:00,181.9522745508821,184.13379167284037,181.54385947697796,182.40052795410156,2131400,0.0,0.0
2021-12-20 00:00:00-05:00,180.83659730152357,182.54993419482278,178.8543174956604,181.91241455078125,715700,0.0,0.0
2021-12-21 00:00:00-05:00,182.87866051992023,183.3966499894405,178.47578802816676,180.56765747070312,952800,0.0,0.0
2021-12-22 00:00:00-05:00,179.9500529931254,182.78901655075634,179.45199027772827,182.65951538085938,457700,0.0,0.0
2021-12-23 00:00:00-05:00,182.83881724901016,183.03803928585046,181.09559782724017,181.37451171875,322800,0.0,0.0
2021-12-27 00:00:00-05:00,182.52004815908876,183.53610029723802,181.24500889538524,182.8686981201172,428600,0.0,0.0
2021-12-28 00:00:00-05:00,183.02808263574227,185.43870422930996,182.57981405539397,185.4187774658203,375000,0.0,0.0
2021-12-29 00:00:00-05:00,185.77738942060003,186.99266363975374,184.55215941920218,186.6639404296875,373700,0.0,0.0
2021-12-30 00:00:00-05:00,186.39497489952595,187.99873735776438,185.54827745242304,187.30145263671875,373700,0.0,0.0
2021-12-31 00:00:00-05:00,187.27158164062118,188.91518252728076,186.76356314102972,188.1282501220703,382200,0.0,0.0
2022-01-03 00:00:00-05:00,188.237816394201,188.5167302877683,181.49404323975682,183.42652893066406,712600,0.0,0.0
2022-01-04 00:00:00-05:00,183.30700606030857,184.0640559159542,178.7048962335208,178.72482299804688,1139700,0.0,0.0
2022-01-05 00:00:00-05:00,176.61303925441058,179.59144451974956,176.56322994368898,177.40994262695312,1133500,0.0,0.0
2022-01-06 00:00:00-05:00,176.93179163696058,178.2068309542666,174.11275488395296,174.62078857421875,1057500,0.0,0.0
2022-01-07 00:00:00-05:00,172.17031236995624,173.78404587136868,170.37728359042438,172.8277587890625,1199700,0.0,0.0
2022-01-10 00:00:00-05:00,172.01092679189802,172.27988490582948,166.50235454536738,169.37120056152344,1082000,0.0,0.0
2022-01-11 00:00:00-05:00,169.520617107851,170.42709489026035,165.27712827981523,167.65786743164062,759500,0.0,0.0
2022-01-12 00:00:00-05:00,166.8111686269232,168.95283218857654,164.85875612633464,168.5244903564453,863900,0.0,0.0
2022-01-13 00:00:00-05:00,168.48465544969548,169.67004714916416,166.88089289153217,167.438720703125,858800,0.0,0.0
2022-01-14 00:00:00-05:00,167.17972211060172,167.31917905394752,160.02753407415216,162.9362335205078,1568600,0.0,0.0
2022-01-18 00:00:00-05:00,160.4160203739175,163.09560000901968,159.0911870283614,161.38226318359375,1166900,0.0,0.0
2022-01-19 00:00:00-05:00,160.96390174531578,163.6932908472318,160.14708681095706,160.3961181640625,940900,0.0,0.0
2022-01-20 00:00:00-05:00,160.9340130183512,164.06184608524654,158.91187972476712,162.06959533691406,1067300,0.0,0.0
2022-01-21 00:00:00-05:00,163.4442587339773,164.69937127591112,160.55548593158875,160.76467895507812,910200,0.0,0.0
2022-01-24 00:00:00-05:00,160.17696428237838,162.00983133524247,154.64846537866654,159.17086791992188,1417600,0.0,0.0
2022-01-25 00:00:00-05:00,157.16866973766784,159.26053922863048,154.83773987036744,156.39169311523438,1147000,0.0,0.0
2022-01-26 00:00:00-05:00,156.83994361071083,158.85212120567334,153.97111275020754,154.9473114013672,1090300,0.0,0.0
2022-01-27 00:00:00-05:00,156.27215010216398,158.79234602701692,155.05687595662226,155.5449676513672,921300,0.0,0.0
2022-01-28 00:00:00-05:00,155.66451515196232,157.22842407226562,152.76578668989035,157.22842407226562,903300,0.0,0.0
2022-01-31 00:00:00-05:00,156.5112219664469,160.49572366783033,156.07292434734788,160.17697143554688,966500,0.0,0.0
2022-02-01 00:00:00-05:00,160.37618263782352,160.8144802272897,155.9633545977284,158.09506225585938,904800,0.0,0.0
2022-02-02 00:00:00-05:00,157.77630670829964,160.35626793157817,156.6307685403372,160.1968994140625,863100,0.0,0.0
2022-02-03 00:00:00-05:00,158.63296762193542,159.1210745326523,156.69052616037575,156.8997039794922,732500,0.0,0.0
2022-02-04 00:00:00-05:00,155.96336823597048,156.7004913375608,153.17421394974215,154.8975067138672,895600,0.0,0.0
2022-02-07 00:00:00-05:00,155.6999969482422,156.2100067138672,153.52999877929688,155.4199981689453,942400,0.6025,0.0
2022-02-08 00:00:00-05:00,155.5,157.8300018310547,155.05999755859375,155.66000366210938,912000,0.0,0.0
2022-02-09 00:00:00-05:00,156.99000549316406,157.14999389648438,154.42999267578125,155.72999572753906,904800,0.0,0.0
2022-02-10 00:00:00-05:00,152.75,154.25999450683594,150.0500030517578,150.41000366210938,854100,0.0,0.0
2022-02-11 00:00:00-05:00,151.33999633789062,152.27000427246094,148.3800048828125,149.4600067138672,950200,0.0,0.0
2022-02-14 00:00:00-05:00,149.47000122070312,150.91000366210938,146.19000244140625,148.02999877929688,1232400,0.0,0.0
2022-02-15 00:00:00-05:00,149.39999389648438,149.6199951171875,145.38999938964844,146.77000427246094,1849100,0.0,0.0
2022-02-16 00:00:00-05:00,147.05999755859375,147.10000610351562,144.33999633789062,146.2899932861328,1870200,0.0,0.0
2022-02-17 00:00:00-05:00,147.9199981689453,149.14999389648438,144.1999969482422,148.05999755859375,1407700,0.0,0.0
2022-02-18 00:00:00-05:00,147.0,149.47000122070312,146.24000549316406,148.25999450683594,2489500,0.0,0.0
2022-02-22 00:00:00-05:00,147.16000366210938,149.4499969482422,145.2899932861328,147.8300018310547,1098300,0.0,0.0
2022-02-23 00:00:00-05:00,149.3000030517578,150.05999755859375,146.5800018310547,146.72999572753906,997800,0.0,0.0
2022-02-24 00:00:00-05:00,144.9499969482422,149.0399932861328,144.66000366210938,148.60000610351562,1234100,0.0,0.0
2022-02-25 00:00:00-05:00,149.5,152.77000427246094,148.9199981689453,152.69000244140625,1150000,0.0,0.0
2022-02-28 00:00:00-05:00,152.3699951171875,152.97000122070312,149.27999877929688,151.08999633789062,3606100,0.0,0.0
2022-03-01 00:00:00-05:00,151.2899932861328,153.2100067138672,148.67999267578125,151.02000427246094,1356600,0.0,0.0
2022-03-02 00:00:00-05:00,150.6300048828125,152.52999877929688,150.5800018310547,152.10000610351562,821700,0.0,0.0
2022-03-03 00:00:00-05:00,152.5,155.66000366210938,152.5,154.94000244140625,1084600,0.0,0.0
2022-03-04 00:00:00-05:00,155.0399932861328,161.44000244140625,154.94000244140625,161.0399932861328,1597000,0.0,0.0
2022-03-07 00:00:00-05:00,161.72000122070312,161.99000549316406,158.10000610351562,159.22000122070312,1244400,0.0,0.0
2022-03-08 00:00:00-05:00,157.41000366210938,159.32000732421875,153.52000427246094,154.25,1363200,0.0,0.0
2022-03-09 00:00:00-05:00,155.9600067138672,156.77000427246094,152.61000061035156,153.7899932861328,881200,0.0,0.0
2022-03-10 00:00:00-05:00,153.24000549316406,153.2899932861328,151.14999389648438,153.1300048828125,958700,0.0,0.0
2022-03-11 00:00:00-05:00,153.3300018310547,154.92999267578125,151.25999450683594,152.0800018310547,964500,0.0,0.0
2022-03-14 00:00:00-04:00,153.61000061035156,154.9499969482422,151.63999938964844,152.6199951171875,1013400,0.0,0.0
2022-03-15 00:00:00-04:00,154.9600067138672,156.3300018310547,153.2899932861328,155.9499969482422,677100,0.0,0.0
2022-03-16 00:00:00-04:00,156.05999755859375,156.9499969482422,154.1300048828125,156.14999389648438,985400,0.0,0.0
2022-03-17 00:00:00-04:00,156.1199951171875,158.74000549316406,155.77000427246094,157.42999267578125,638400,0.0,0.0
2022-03-18 00:00:00-04:00,157.97000122070312,160.75999450683594,157.5,158.72000122070312,1800700,0.0,0.0
2022-03-21 00:00:00-04:00,158.10000610351562,159.94000244140625,156.3800048828125,157.00999450683594,657300,0.0,0.0
2022-03-22 00:00:00-04:00,157.11000061035156,157.6699981689453,155.27000427246094,156.5800018310547,876800,0.0,0.0
2022-03-23 00:00:00-04:00,156.6699981689453,157.2899932861328,155.3300018310547,155.60000610351562,760200,0.0,0.0
2022-03-24 00:00:00-04:00,156.0399932861328,158.25,155.61000061035156,158.14999389648438,520800,0.0,0.0
2022-03-25 00:00:00-04:00,158.57000732421875,159.6300048828125,157.8300018310547,159.5500030517578,507100,0.0,0.0
2022-03-28 00:00:00-04:00,160.49000549316406,161.4199981689453,159.4600067138672,161.4199981689453,512700,0.0,0.0
2022-03-29 00:00:00-04:00,163.5399932861328,164.5399932861328,162.69000244140625,164.44000244140625,678500,0.0,0.0
2022-03-30 00:00:00-04:00,164.41000366210938,166.08999633789062,163.02000427246094,165.85000610351562,715200,0.0,0.0
2022-03-31 00:00:00-04:00,165.77999877929688,167.47000122070312,165.52000427246094,165.52999877929688,986900,0.0,0.0
2022-04-01 00:00:00-04:00,165.72999572753906,168.97000122070312,164.33999633789062,168.83999633789062,590500,0.0,0.0
2022-04-04 00:00:00-04:00,168.32000732421875,168.52999877929688,164.6199951171875,166.25,607500,0.0,0.0
2022-04-05 00:00:00-04:00,166.57000732421875,168.64999389648438,166.44000244140625,167.63999938964844,871300,0.0,0.0
2022-04-06 00:00:00-04:00,167.5399932861328,169.44000244140625,167.1199951171875,168.99000549316406,897000,0.0,0.0
2022-04-07 00:00:00-04:00,169.8800048828125,171.77000427246094,167.60000610351562,171.13999938964844,822100,0.0,0.0
2022-04-08 00:00:00-04:00,171.0500030517578,173.8699951171875,169.60000610351562,169.8699951171875,773100,0.0,0.0
2022-04-11 00:00:00-04:00,170.0,170.80999755859375,168.0,169.22000122070312,873600,0.0,0.0
2022-04-12 00:00:00-04:00,169.0,171.1199951171875,168.25999450683594,168.5500030517578,777000,0.0,0.0
2022-04-13 00:00:00-04:00,168.5500030517578,168.9499969482422,166.4199981689453,167.14999389648438,825600,0.0,0.0
2022-04-14 00:00:00-04:00,167.82000732421875,168.67999267578125,166.07000732421875,166.16000366210938,581900,0.0,0.0
2022-04-18 00:00:00-04:00,166.10000610351562,167.13999938964844,161.5,162.44000244140625,635000,0.0,0.0
2022-04-19 00:00:00-04:00,162.88999938964844,164.57000732421875,162.1300048828125,164.3800048828125,582300,0.0,0.0
2022-04-20 00:00:00-04:00,166.0399932861328,169.1300048828125,165.5500030517578,167.55999755859375,783800,0.0,0.0
2022-04-21 00:00:00-04:00,167.9600067138672,169.16000366210938,165.17999267578125,165.30999755859375,942600,0.0,0.0
2022-04-22 00:00:00-04:00,165.49000549316406,166.50999450683594,163.11000061035156,164.1999969482422,993100,0.0,0.0
2022-04-25 00:00:00-04:00,164.8000030517578,164.8300018310547,158.22999572753906,160.80999755859375,820300,0.0,0.0
2022-04-26 00:00:00-04:00,160.47999572753906,161.52999877929688,157.91000366210938,158.25999450683594,726300,0.0,0.0
2022-04-27 00:00:00-04:00,157.39999389648438,159.0399932861328,156.02000427246094,156.24000549316406,921000,0.0,0.0
2022-04-28 00:00:00-04:00,156.3800048828125,161.3300018310547,155.77000427246094,160.67999267578125,786500,0.0,0.0
2022-04-29 00:00:00-04:00,159.17999267578125,159.88999938964844,153.72999572753906,154.0800018310547,1358600,0.0,0.0
2022-05-02 00:00:00-04:00,154.83999633789062,154.92999267578125,147.55999755859375,148.8300018310547,1349300,0.0,0.0
2022-05-03 00:00:00-04:00,149.07000732421875,153.05999755859375,148.9600067138672,149.6199951171875,1111900,0.0,0.0
2022-05-04 00:00:00-04:00,149.99000549316406,152.77000427246094,148.9499969482422,152.5,852500,0.0,0.0
2022-05-05 00:00:00-04:00,151.5500030517578,152.3699951171875,147.11000061035156,148.36000061035156,693300,0.0,0.0
2022-05-06 00:00:00-04:00,146.8300018310547,149.63999938964844,146.63999938964844,149.00999450683594,1110000,0.0,0.0
2022-05-09 00:00:00-04:00,147.27999877929688,147.94000244140625,144.94000244140625,145.7899932861328,953900,0.0,0.0
2022-05-10 00:00:00-04:00,146.00999450683594,148.1199951171875,142.6300048828125,143.5500030517578,1065600,0.0,0.0
2022-05-11 00:00:00-04:00,143.63999938964844,146.22000122070312,143.13999938964844,144.0399932861328,1004000,0.0,0.0
2022-05-12 00:00:00-04:00,144.24000549316406,146.22999572753906,143.74000549316406,145.82000732421875,1255200,0.0,0.0
2022-05-13 00:00:00-04:00,147.02999877929688,147.91000366210938,145.11000061035156,146.47999572753906,710800,0.0,0.0
2022-05-16 00:00:00-04:00,146.33999633789062,148.07000732421875,145.6999969482422,145.97000122070312,780800,0.0,0.0
2022-05-17 00:00:00-04:00,146.72999572753906,146.72999572753906,143.9199981689453,146.41000366210938,664300,0.0,0.0
2022-05-18 00:00:00-04:00,146.4499969482422,147.5800018310547,143.9199981689453,144.27999877929688,676800,0.0,0.0
2022-05-19 00:00:00-04:00,144.07000732421875,145.47000122070312,142.36000061035156,145.0500030517578,940300,0.0,0.0
2022-05-20 00:00:00-04:00,145.8300018310547,146.66000366210938,143.22999572753906,145.57000732421875,2038000,0.0,0.0
2022-05-23 00:00:00-04:00,147.27999877929688,148.6199951171875,146.13999938964844,148.36000061035156,972500,0.0,0.0
2022-05-24 00:00:00-04:00,148.4199981689453,149.10000610351562,144.1300048828125,148.47000122070312,1315500,0.0,0.0
2022-05-25 00:00:00-04:00,147.85000610351562,148.63999938964844,146.30999755859375,146.88999938964844,677200,0.0,0.0
2022-05-26 00:00:00-04:00,148.3699951171875,149.42999267578125,147.80999755859375,148.82000732421875,829700,0.0,0.0
2022-05-27 00:00:00-04:00,148.86000061035156,152.08999633789062,148.38999938964844,151.75999450683594,843700,0.0,0.0
2022-05-31 00:00:00-04:00,150.58999633789062,151.83999633789062,147.32000732421875,151.25,1555900,0.0,0.0
2022-06-01 00:00:00-04:00,151.75,153.6999969482422,151.3000030517578,151.9199981689453,1237900,0.0,0.0
2022-06-02 00:00:00-04:00,152.74000549316406,155.27999877929688,150.17999267578125,155.05999755859375,812900,0.0,0.0
2022-06-03 00:00:00-04:00,154.0500030517578,156.4600067138672,153.6699981689453,155.14999389648438,768700,0.0,0.0
2022-06-06 00:00:00-04:00,156.16000366210938,157.27000427246094,154.9199981689453,155.10000610351562,606300,0.0,0.0
2022-06-07 00:00:00-04:00,154.64999389648438,157.2100067138672,153.57000732421875,156.85000610351562,827900,0.0,0.0
2022-06-08 00:00:00-04:00,155.86000061035156,156.38999938964844,152.91000366210938,153.60000610351562,532000,0.0,0.0
2022-06-09 00:00:00-04:00,153.11000061035156,154.85000610351562,150.42999267578125,150.55999755859375,704600,0.0,0.0
2022-06-10 00:00:00-04:00,148.08999633789062,149.8000030517578,146.11000061035156,148.27000427246094,845000,0.0,0.0
2022-06-13 00:00:00-04:00,145.82000732421875,145.8699951171875,140.14999389648438,140.66000366210938,1044500,0.0,0.0
2022-06-14 00:00:00-04:00,140.7100067138672,140.7100067138672,132.16000366210938,133.47000122070312,1299500,0.0,0.0
2022-06-15 00:00:00-04:00,134.69000244140625,137.3300018310547,132.38999938964844,135.02000427246094,1061900,0.0,0.0
2022-06-16 00:00:00-04:00,132.5800018310547,133.36000061035156,129.9199981689453,130.8800048828125,1070000,0.0,0.0
2022-06-17 00:00:00-04:00,129.66000366210938,132.67999267578125,129.4499969482422,131.83999633789062,1640400,0.0,0.0
2022-06-21 00:00:00-04:00,132.89999389648438,135.02999877929688,132.22999572753906,134.44000244140625,953900,0.0,0.0
2022-06-22 00:00:00-04:00,133.16000366210938,138.99000549316406,133.16000366210938,137.00999450683594,897400,0.0,0.0
2022-06-23 00:00:00-04:00,137.97999572753906,144.77000427246094,137.75,144.5800018310547,1136400,0.0,0.0
2022-06-24 00:00:00-04:00,146.02999877929688,148.66000366210938,144.6699981689453,148.33999633789062,1079400,0.0,0.0
2022-06-27 00:00:00-04:00,147.8800048828125,149.1999969482422,147.0500030517578,148.9499969482422,881800,0.0,0.0
2022-06-28 00:00:00-04:00,149.08999633789062,149.50999450683594,144.97999572753906,145.10000610351562,772700,0.0,0.0
2022-06-29 00:00:00-04:00,145.61000061035156,146.27000427246094,144.5,145.82000732421875,671300,0.0,0.0
2022-06-30 00:00:00-04:00,145.49000549316406,149.47999572753906,144.0500030517578,148.77000427246094,923600,0.0,0.0
2022-07-01 00:00:00-04:00,149.52000427246094,155.14999389648438,149.1199951171875,153.42999267578125,1477500,0.0,0.0
2022-07-05 00:00:00-04:00,152.75,152.89999389648438,147.72999572753906,149.64999389648438,1228900,0.0,0.0
2022-07-06 00:00:00-04:00,150.38999938964844,153.5399932861328,149.38999938964844,152.24000549316406,640600,0.0,0.0
2022-07-07 00:00:00-04:00,152.1300048828125,154.3000030517578,151.0500030517578,153.22999572753906,734900,0.0,0.0
2022-07-08 00:00:00-04:00,152.47999572753906,153.17999267578125,150.75999450683594,150.86000061035156,437800,0.0,0.0
2022-07-11 00:00:00-04:00,150.41000366210938,151.2100067138672,148.02999877929688,150.1699981689453,607200,0.0,0.0
2022-07-12 00:00:00-04:00,149.3800048828125,151.94000244140625,147.3699951171875,148.02999877929688,549200,0.0,0.0
2022-07-13 00:00:00-04:00,146.6699981689453,149.1999969482422,146.22999572753906,148.02000427246094,599400,0.0,0.0
2022-07-14 00:00:00-04:00,144.97000122070312,146.7899932861328,144.75999450683594,146.5399932861328,757300,0.0,0.0
2022-07-15 00:00:00-04:00,147.67999267578125,148.92999267578125,145.35000610351562,148.57000732421875,766700,0.0,0.0
2022-07-18 00:00:00-04:00,148.0399932861328,148.0399932861328,144.91000366210938,145.07000732421875,645100,0.0,0.0
2022-07-19 00:00:00-04:00,146.33999633789062,147.47000122070312,145.52999877929688,146.77000427246094,667200,0.0,0.0
2022-07-20 00:00:00-04:00,147.47999572753906,147.47999572753906,144.11000061035156,144.7100067138672,825100,0.0,0.0
2022-07-21 00:00:00-04:00,144.74000549316406,146.05999755859375,143.32000732421875,145.9499969482422,942300,0.0,0.0
2022-07-22 00:00:00-04:00,146.82000732421875,148.77000427246094,146.49000549316406,148.22000122070312,676500,0.0,0.0
2022-07-25 00:00:00-04:00,148.13999938964844,149.9499969482422,147.49000549316406,149.8300018310547,467900,0.0,0.0
2022-07-26 00:00:00-04:00,149.3699951171875,150.75,148.83999633789062,150.55999755859375,683100,0.0,0.0
2022-07-27 00:00:00-04:00,150.74000549316406,151.75999450683594,149.3300018310547,151.27000427246094,733600,0.0,0.0
2022-07-28 00:00:00-04:00,151.82000732421875,155.5399932861328,150.1199951171875,155.50999450683594,957500,0.0,0.0
2022-07-29 00:00:00-04:00,155.72000122070312,157.3699951171875,155.13999938964844,155.44000244140625,777700,0.0,0.0
2022-08-01 00:00:00-04:00,154.74000549316406,156.7100067138672,154.60000610351562,156.6300048828125,568700,0.0,0.0
2022-08-02 00:00:00-04:00,157.9199981689453,158.41000366210938,155.3800048828125,155.47999572753906,670200,0.0,0.0
2022-08-03 00:00:00-04:00,155.6300048828125,158.07000732421875,153.6199951171875,157.64999389648438,754200,0.0,0.0
2022-08-04 00:00:00-04:00,157.86000061035156,159.24000549316406,156.25,158.63999938964844,690000,0.0,0.0
2022-08-05 00:00:00-04:00,158.33999633789062,158.5399932861328,153.97999572753906,155.63999938964844,773800,0.0,0.0
2022-08-08 00:00:00-04:00,156.25999450683594,157.6699981689453,154.05999755859375,155.14999389648438,565500,0.0,0.0
2022-08-09 00:00:00-04:00,155.47000122070312,157.2100067138672,155.07000732421875,155.3699951171875,618000,0.0,0.0
2022-08-10 00:00:00-04:00,156.8699951171875,157.50999450683594,155.02000427246094,156.77000427246094,687300,0.0,0.0
2022-08-11 00:00:00-04:00,157.10000610351562,158.2100067138672,155.07000732421875,155.1999969482422,602800,0.0,0.0
2022-08-12 00:00:00-04:00,156.27000427246094,158.41000366210938,155.6999969482422,158.3300018310547,484600,0.0,0.0
2022-08-15 00:00:00-04:00,158.3300018310547,159.80999755859375,157.5500030517578,159.24000549316406,439600,0.0,0.0
2022-08-16 00:00:00-04:00,158.14999389648438,159.8800048828125,157.5399932861328,159.5,495400,0.0,0.0
2022-08-17 00:00:00-04:00,159.10000610351562,159.9499969482422,158.17999267578125,158.94000244140625,466800,0.0,0.0
2022-08-18 00:00:00-04:00,159.11000061035156,159.38999938964844,157.69000244140625,158.75,481800,0.0,0.0
2022-08-19 00:00:00-04:00,158.52000427246094,159.4600067138672,157.4499969482422,157.80999755859375,619900,0.0,0.0
2022-08-22 00:00:00-04:00,156.58999633789062,157.64999389648438,154.5500030517578,155.17999267578125,499500,0.0,0.0
2022-08-23 00:00:00-04:00,154.69000244140625,154.69000244140625,151.22999572753906,152.8000030517578,866200,0.0,0.0
2022-08-24 00:00:00-04:00,153.10000610351562,154.61000061035156,152.25999450683594,154.52999877929688,777600,0.0,0.0
2022-08-25 00:00:00-04:00,154.91000366210938,155.47000122070312,153.61000061035156,155.32000732421875,442900,0.0,0.0
2022-08-26 00:00:00-04:00,155.75999450683594,155.75999450683594,151.0399932861328,151.08999633789062,587600,0.0,0.0
2022-08-29 00:00:00-04:00,150.3300018310547,152.8699951171875,149.6699981689453,151.63999938964844,423900,0.0,0.0
2022-08-30 00:00:00-04:00,151.9600067138672,152.9600067138672,149.97000122070312,150.49000549316406,565700,0.0,0.0
2022-08-31 00:00:00-04:00,151.47000122070312,152.60000610351562,148.30999755859375,148.4499969482422,1029400,0.0,0.0
2022-09-01 00:00:00-04:00,148.4499969482422,151.50999450683594,147.75,151.47999572753906,609800,0.0,0.0
2022-09-02 00:00:00-04:00,151.74000549316406,153.08999633789062,147.27999877929688,148.1199951171875,717400,0.0,0.0
2022-09-06 00:00:00-04:00,148.3000030517578,150.80999755859375,148.00999450683594,148.4199981689453,610700,0.0,0.0
2022-09-07 00:00:00-04:00,149.36000061035156,153.72999572753906,149.16000366210938,153.33999633789062,742200,0.0,0.0
2022-09-08 00:00:00-04:00,152.4199981689453,155.13999938964844,151.6300048828125,154.52000427246094,593000,0.0,0.0
2022-09-09 00:00:00-04:00,155.33999633789062,156.6999969482422,154.47999572753906,154.89999389648438,641800,0.0,0.0
2022-09-12 00:00:00-04:00,154.69000244140625,157.10000610351562,154.3000030517578,156.8699951171875,556900,0.0,0.0
2022-09-13 00:00:00-04:00,154.7100067138672,155.4499969482422,151.4600067138672,152.13999938964844,832300,0.0,0.0
2022-09-14 00:00:00-04:00,151.97999572753906,154.77999877929688,151.8800048828125,153.47999572753906,756200,0.0,0.0
2022-09-15 00:00:00-04:00,152.5800018310547,152.6199951171875,147.3800048828125,147.86000061035156,947800,0.0,0.0
2022-09-16 00:00:00-04:00,147.86000061035156,149.63999938964844,147.13999938964844,148.39999389648438,1581600,0.0,0.0
2022-09-19 00:00:00-04:00,148.0,148.6699981689453,145.7899932861328,148.5500030517578,598300,0.0,0.0
2022-09-20 00:00:00-04:00,147.2100067138672,147.2100067138672,144.30999755859375,145.44000244140625,662300,0.0,0.0
2022-09-21 00:00:00-04:00,146.4600067138672,148.52999877929688,144.30999755859375,144.32000732421875,598900,0.0,0.0
2022-09-22 00:00:00-04:00,143.42999267578125,143.88999938964844,142.1300048828125,142.7899932861328,468900,0.0,0.0
2022-09-23 00:00:00-04:00,141.32000732421875,141.8800048828125,138.91000366210938,140.91000366210938,641800,0.0,0.0
2022-09-26 00:00:00-04:00,139.5800018310547,140.25999450683594,136.4499969482422,137.3300018310547,830600,0.0,0.0
2022-09-27 00:00:00-04:00,138.66000366210938,139.0500030517578,133.6699981689453,134.7100067138672,691600,0.0,0.0
2022-09-28 00:00:00-04:00,136.19000244140625,138.25,134.4600067138672,137.4199981689453,712400,0.0,0.0
2022-09-29 00:00:00-04:00,136.16000366210938,137.07000732421875,133.0399932861328,133.1999969482422,828500,0.0,0.0
2022-09-30 00:00:00-04:00,134.4600067138672,134.6300048828125,129.91000366210938,130.16000366210938,1380200,0.0,0.0
2022-10-03 00:00:00-04:00,132.41000366210938,135.16000366210938,130.7899932861328,134.35000610351562,980800,0.0,0.0
2022-10-04 00:00:00-04:00,135.16000366210938,137.57000732421875,134.94000244140625,136.52000427246094,711700,0.0,0.0
2022-10-05 00:00:00-04:00,134.6999969482422,134.8000030517578,131.86000061035156,133.39999389648438,677800,0.0,0.0
2022-10-06 00:00:00-04:00,132.82000732421875,133.11000061035156,130.61000061035156,131.24000549316406,1026800,0.0,0.0
2022-10-07 00:00:00-04:00,130.4600067138672,130.7899932861328,125.93000030517578,127.44999694824219,1051800,0.0,0.0
2022-10-10 00:00:00-04:00,127.58000183105469,128.85000610351562,127.05000305175781,127.44000244140625,759400,0.0,0.0
2022-10-11 00:00:00-04:00,127.0,129.22000122070312,126.55999755859375,127.72000122070312,830200,0.0,0.0
2022-10-12 00:00:00-04:00,127.73999786376953,127.73999786376953,125.02999877929688,126.01000213623047,1295900,0.0,0.0
2022-10-13 00:00:00-04:00,123.4800033569336,129.47999572753906,122.7699966430664,128.97999572753906,1322300,0.0,0.0
2022-10-14 00:00:00-04:00,130.49000549316406,131.72999572753906,127.63999938964844,128.44000244140625,1190300,0.0,0.0
2022-10-17 00:00:00-04:00,130.38999938964844,132.5800018310547,130.00999450683594,131.4199981689453,1026300,0.0,0.0
2022-10-18 00:00:00-04:00,133.8800048828125,135.0,132.3699951171875,134.77000427246094,920200,0.0,0.0
2022-10-19 00:00:00-04:00,133.1699981689453,134.0500030517578,132.02999877929688,134.0,950800,0.0,0.0
2022-10-20 00:00:00-04:00,134.3699951171875,134.38999938964844,129.3300018310547,129.92999267578125,1324800,0.0,0.0
2022-10-21 00:00:00-04:00,130.6300048828125,133.75999450683594,129.02000427246094,132.75999450683594,1292500,0.0,0.0
2022-10-24 00:00:00-04:00,134.3699951171875,136.39999389648438,133.24000549316406,135.9600067138672,1014700,0.0,0.0
2022-10-25 00:00:00-04:00,136.57000732421875,139.97999572753906,136.47999572753906,139.5500030517578,971000,0.0,0.0
2022-10-26 00:00:00-04:00,140.1999969482422,141.25999450683594,138.7100067138672,139.22000122070312,721800,0.0,0.0
2022-10-27 00:00:00-04:00,140.6199951171875,142.94000244140625,140.25,142.02000427246094,1021600,0.0,0.0
2022-10-28 00:00:00-04:00,142.38999938964844,146.02999877929688,142.38999938964844,145.94000244140625,845900,0.0,0.0
2022-10-31 00:00:00-04:00,145.9199981689453,146.0800018310547,144.0800018310547,145.33999633789062,956300,0.0,0.0
2022-11-01 00:00:00-04:00,147.6199951171875,149.41000366210938,141.4499969482422,141.83999633789062,1791800,0.0,0.0
2022-11-02 00:00:00-04:00,141.9600067138672,143.50999450683594,138.1199951171875,138.16000366210938,1523900,0.0,0.0
2022-11-03 00:00:00-04:00,136.4499969482422,139.10000610351562,135.72000122070312,137.83999633789062,1029000,0.0,0.0
2022-11-04 00:00:00-04:00,138.5,139.63999938964844,136.77000427246094,139.0399932861328,800700,0.0,0.0
2022-11-07 00:00:00-05:00,138.5500030517578,138.66000366210938,135.61000061035156,138.0399932861328,718600,0.0,0.0
2022-11-08 00:00:00-05:00,137.75999450683594,140.4499969482422,137.13999938964844,139.7899932861328,581800,0.0,0.0
2022-11-09 00:00:00-05:00,139.3699951171875,140.47000122070312,138.08999633789062,139.4600067138672,680900,0.0,0.0
2022-11-10 00:00:00-05:00,144.58999633789062,147.64999389648438,142.33999633789062,147.50999450683594,969100,0.0,0.0
2022-11-11 00:00:00-05:00,147.1699981689453,147.1699981689453,142.67999267578125,145.94000244140625,1403500,0.0,0.0
2022-11-14 00:00:00-05:00,146.0,147.57000732421875,144.75,144.75,787500,0.0,0.0
2022-11-15 00:00:00-05:00,146.17999267578125,147.17999267578125,144.69000244140625,146.02000427246094,708900,0.0,0.0
2022-11-16 00:00:00-05:00,146.24000549316406,147.9199981689453,145.83999633789062,147.0500030517578,767900,0.0,0.0
2022-11-17 00:00:00-05:00,145.3000030517578,146.22999572753906,141.83999633789062,142.85000610351562,773800,0.0,0.0
2022-11-18 00:00:00-05:00,144.6199951171875,147.10000610351562,143.99000549316406,146.7100067138672,868500,0.0,0.0
2022-11-21 00:00:00-05:00,147.32000732421875,150.32000732421875,147.2100067138672,147.72000122070312,739000,0.0,0.0
2022-11-22 00:00:00-05:00,148.2100067138672,149.82000732421875,147.02000427246094,148.22000122070312,561200,0.0,0.0
2022-11-23 00:00:00-05:00,148.1300048828125,151.47999572753906,148.1300048828125,151.25999450683594,743700,0.0,0.0
2022-11-25 00:00:00-05:00,151.97000122070312,153.3699951171875,151.50999450683594,152.89999389648438,351500,0.0,0.0
2022-11-28 00:00:00-05:00,151.4199981689453,151.82000732421875,149.27999877929688,149.75,704800,0.0,0.0
2022-11-29 00:00:00-05:00,148.72000122070312,148.8800048828125,146.33999633789062,147.13999938964844,533600,0.0,0.0
2022-11-30 00:00:00-05:00,146.7899932861328,151.92999267578125,146.57000732421875,151.75999450683594,1467400,0.0,0.0
2022-12-01 00:00:00-05:00,153.5,155.52999877929688,152.35000610351562,154.00999450683594,811800,0.0,0.0
2022-12-02 00:00:00-05:00,152.3300018310547,154.5500030517578,151.57000732421875,153.74000549316406,584500,0.0,0.0
2022-12-05 00:00:00-05:00,152.30999755859375,153.69000244140625,151.7899932861328,153.17999267578125,589400,0.0,0.0
2022-12-06 00:00:00-05:00,153.0,155.3300018310547,152.7100067138672,154.67999267578125,887500,0.0,0.0
2022-12-07 00:00:00-05:00,154.69000244140625,155.97000122070312,152.8699951171875,153.7899932861328,589600,0.0,0.0
2022-12-08 00:00:00-05:00,153.60000610351562,155.4600067138672,153.1199951171875,155.41000366210938,557100,0.0,0.0
2022-12-09 00:00:00-05:00,154.49000549316406,156.94000244140625,154.49000549316406,156.13999938964844,678900,0.0,0.0
2022-12-12 00:00:00-05:00,157.61000061035156,157.6699981689453,155.11000061035156,156.99000549316406,995600,0.0,0.0
2022-12-13 00:00:00-05:00,159.8800048828125,161.91000366210938,156.3000030517578,159.19000244140625,783300,0.0,0.0
2022-12-14 00:00:00-05:00,159.3699951171875,161.19000244140625,157.07000732421875,158.35000610351562,678200,0.0,0.0
2022-12-15 00:00:00-05:00,157.8000030517578,158.3699951171875,155.3699951171875,156.4199981689453,675700,0.0,0.0
2022-12-16 00:00:00-05:00,154.82000732421875,155.72000122070312,150.8000030517578,152.39999389648438,1919300,0.0,0.0
2022-12-19 00:00:00-05:00,152.00999450683594,153.97000122070312,150.69000244140625,151.47999572753906,686300,0.0,0.0
2022-12-20 00:00:00-05:00,151.25999450683594,151.6699981689453,149.6300048828125,150.25999450683594,991200,0.0,0.0
2022-12-21 00:00:00-05:00,150.69000244140625,152.88999938964844,150.33999633789062,152.52999877929688,598700,0.0,0.0
2022-12-22 00:00:00-05:00,151.6999969482422,152.39999389648438,149.08999633789062,151.92999267578125,539600,0.0,0.0
2022-12-23 00:00:00-05:00,152.0,153.24000549316406,151.7100067138672,153.02000427246094,440300,0.0,0.0
2022-12-27 00:00:00-05:00,152.67999267578125,154.89999389648438,151.94000244140625,154.27999877929688,392800,0.0,0.0
2022-12-28 00:00:00-05:00,154.67999267578125,155.5399932861328,152.58999633789062,153.1199951171875,580600,0.0,0.0
2022-12-29 00:00:00-05:00,154.0500030517578,155.5399932861328,153.6300048828125,154.77999877929688,476700,0.0,0.0
2022-12-30 00:00:00-05:00,154.52999877929688,154.7100067138672,150.99000549316406,152.4199981689453,550700,0.0,0.0
2023-01-03 00:00:00-05:00,153.77000427246094,155.00999450683594,151.72999572753906,154.10000610351562,640800,0.0,0.0
2023-01-04 00:00:00-05:00,155.5399932861328,158.4600067138672,154.72000122070312,157.1699981689453,668700,0.0,0.0
2023-01-05 00:00:00-05:00,155.8699951171875,157.25,153.89999389648438,154.6699981689453,975700,0.0,0.0
2023-01-06 00:00:00-05:00,155.17999267578125,159.0800018310547,155.17999267578125,158.25999450683594,541200,0.0,0.0
2023-01-09 00:00:00-05:00,157.8300018310547,161.27000427246094,157.41000366210938,158.44000244140625,789700,0.0,0.0
2023-01-10 00:00:00-05:00,158.1300048828125,161.11000061035156,157.47000122070312,160.77000427246094,715700,0.0,0.0
2023-01-11 00:00:00-05:00,161.0,162.38999938964844,160.05999755859375,161.4199981689453,854300,0.0,0.0
2023-01-12 00:00:00-05:00,161.22000122070312,161.24000549316406,159.05999755859375,159.4199981689453,569400,0.0,0.0
2023-01-13 00:00:00-05:00,158.19000244140625,159.7899932861328,157.85000610351562,158.8699951171875,537800,0.0,0.0
2023-01-17 00:00:00-05:00,158.82000732421875,159.3300018310547,156.52000427246094,157.24000549316406,814500,0.0,0.0
2023-01-18 00:00:00-05:00,158.1699981689453,158.4600067138672,152.05999755859375,152.69000244140625,786700,0.0,0.0
2023-01-19 00:00:00-05:00,152.77999877929688,152.97000122070312,150.1300048828125,150.19000244140625,493600,0.0,0.0
2023-01-20 00:00:00-05:00,149.91000366210938,151.64999389648438,148.16000366210938,151.5399932861328,756600,0.0,0.0
2023-01-23 00:00:00-05:00,150.89999389648438,152.57000732421875,149.08999633789062,150.97000122070312,643700,0.0,0.0
2023-01-24 00:00:00-05:00,150.4600067138672,154.72000122070312,150.02000427246094,154.5399932861328,656600,0.0,0.0
2023-01-25 00:00:00-05:00,153.6699981689453,155.63999938964844,152.63999938964844,155.50999450683594,848000,0.0,0.0
2023-01-26 00:00:00-05:00,155.10000610351562,156.38999938964844,154.2899932861328,156.1999969482422,812700,0.0,0.0
2023-01-27 00:00:00-05:00,155.6300048828125,157.89999389648438,155.52000427246094,157.02000427246094,759100,0.0,0.0
2023-01-30 00:00:00-05:00,156.6300048828125,158.4600067138672,154.9199981689453,155.0,813100,0.0,0.0
2023-01-31 00:00:00-05:00,155.30999755859375,156.49000549316406,154.1199951171875,156.49000549316406,967400,0.0,0.0
2023-02-01 00:00:00-05:00,155.97000122070312,159.49000549316406,155.1999969482422,158.6199951171875,962800,0.0,0.0
2023-02-02 00:00:00-05:00,159.41000366210938,162.58999633789062,158.02999877929688,160.60000610351562,925500,0.0,0.0
2023-02-03 00:00:00-05:00,158.9499969482422,159.9499969482422,155.10000610351562,156.61000061035156,1316800,0.0,0.0
2023-02-06 00:00:00-05:00,155.0500030517578,156.5,154.7899932861328,156.41000366210938,1156800,0.0,0.0
2023-02-07 00:00:00-05:00,155.41000366210938,156.3300018310547,153.42999267578125,155.47000122070312,1006100,0.0,0.0
2023-02-08 00:00:00-05:00,155.0,155.16000366210938,150.36000061035156,150.69000244140625,1652700,0.0,0.0
2023-02-09 00:00:00-05:00,151.3699951171875,153.13999938964844,148.6300048828125,149.05999755859375,916000,0.0,0.0
2023-02-10 00:00:00-05:00,149.07000732421875,150.47000122070312,147.77000427246094,150.4499969482422,825600,0.0,0.0
2023-02-13 00:00:00-05:00,151.0500030517578,152.39999389648438,150.5399932861328,151.7100067138672,746100,0.0,0.0
2023-02-14 00:00:00-05:00,151.4199981689453,151.92999267578125,148.49000549316406,149.30999755859375,845800,0.0,0.0
2023-02-15 00:00:00-05:00,148.6300048828125,149.55999755859375,148.13999938964844,149.25,689800,0.0,0.0
2023-02-16 00:00:00-05:00,146.86000061035156,147.88999938964844,144.14999389648438,147.4600067138672,1445300,0.0,0.0
2023-02-17 00:00:00-05:00,147.16000366210938,150.64999389648438,146.5,149.61000061035156,2711300,0.0,0.0
2023-02-21 00:00:00-05:00,148.5399932861328,148.92999267578125,147.32000732421875,147.66000366210938,1106600,0.0,0.0
2023-02-22 00:00:00-05:00,148.1199951171875,148.67999267578125,146.3000030517578,146.67999267578125,633000,0.0,0.0
2023-02-23 00:00:00-05:00,147.0,147.36000061035156,143.5500030517578,143.86000061035156,1018200,0.0,0.0
2023-02-24 00:00:00-05:00,142.0399932861328,142.4600067138672,140.33999633789062,141.55999755859375,917700,0.0,0.0
2023-02-27 00:00:00-05:00,142.5800018310547,144.0399932861328,139.1999969482422,139.77999877929688,1159600,0.0,0.0
2023-02-28 00:00:00-05:00,139.05999755859375,141.85000610351562,138.50999450683594,140.3800048828125,2130300,0.0,0.0
2023-03-01 00:00:00-05:00,136.8000030517578,140.58999633789062,136.6999969482422,138.13999938964844,6564700,0.0,0.0
2023-03-02 00:00:00-05:00,137.9199981689453,139.61000061035156,137.63999938964844,138.55999755859375,5301100,0.0,0.0
2023-03-03 00:00:00-05:00,139.3000030517578,140.64999389648438,137.8300018310547,139.6999969482422,2557500,0.0,0.0
2023-03-06 00:00:00-05:00,140.0,141.27999877929688,139.2100067138672,139.9199981689453,1368800,0.0,0.0
2023-03-07 00:00:00-05:00,140.10000610351562,140.4499969482422,136.1199951171875,137.1300048828125,1136400,0.0,0.0
2023-03-08 00:00:00-05:00,136.05999755859375,138.47999572753906,135.83999633789062,138.24000549316406,867500,0.0,0.0
2023-03-09 00:00:00-05:00,138.19000244140625,138.52999877929688,135.22000122070312,135.8699951171875,1272900,0.0,0.0
2023-03-10 00:00:00-05:00,136.6300048828125,137.22000122070312,132.8699951171875,133.64999389648438,1489500,0.0,0.0
2023-03-13 00:00:00-04:00,133.72000122070312,139.74000549316406,133.17999267578125,136.3699951171875,1660700,0.0,0.0
2023-03-14 00:00:00-04:00,138.22000122070312,138.72000122070312,135.5800018310547,137.6699981689453,1417700,0.0,0.0
2023-03-15 00:00:00-04:00,137.3800048828125,141.2899932861328,136.1300048828125,140.6300048828125,1523400,0.0,0.0
2023-03-16 00:00:00-04:00,140.67999267578125,142.97000122070312,139.80999755859375,142.64999389648438,1414200,0.0,0.0
2023-03-17 00:00:00-04:00,142.02000427246094,142.24000549316406,139.97999572753906,141.80999755859375,2613800,0.0,0.0
2023-03-20 00:00:00-04:00,142.1300048828125,143.1199951171875,141.72000122070312,142.55999755859375,1793700,0.0,0.0
2023-03-21 00:00:00-04:00,142.39999389648438,142.74000549316406,136.80999755859375,138.86000061035156,1431600,0.0,0.0
2023-03-22 00:00:00-04:00,138.3699951171875,140.10000610351562,136.36000061035156,136.3800048828125,1058400,0.0,0.0
2023-03-23 00:00:00-04:00,136.17999267578125,138.22000122070312,135.52999877929688,136.72000122070312,1105800,0.0,0.0
2023-03-24 00:00:00-04:00,137.27999877929688,141.92999267578125,136.8000030517578,141.83999633789062,837600,0.0,0.0
2023-03-27 00:00:00-04:00,142.85000610351562,143.72000122070312,140.9499969482422,141.67999267578125,861200,0.0,0.0
2023-03-28 00:00:00-04:00,141.25,143.22999572753906,140.75999450683594,141.22000122070312,675500,0.0,0.0
2023-03-29 00:00:00-04:00,141.88999938964844,144.4199981689453,141.88999938964844,144.13999938964844,608800,0.0,0.0
2023-03-30 00:00:00-04:00,144.4199981689453,146.00999450683594,144.1999969482422,145.88999938964844,766900,0.0,0.0
2023-03-31 00:00:00-04:00,146.47000122070312,147.25,144.52999877929688,146.49000549316406,1060700,0.0,0.0
2023-04-03 00:00:00-04:00,145.05999755859375,146.50999450683594,144.00999450683594,145.44000244140625,583200,0.0,0.0
2023-04-04 00:00:00-04:00,145.58999633789062,147.7899932861328,145.22000122070312,147.1300048828125,818300,0.0,0.0
2023-04-05 00:00:00-04:00,148.1699981689453,150.85000610351562,147.32000732421875,150.2100067138672,905600,0.0,0.0
2023-04-06 00:00:00-04:00,151.0,152.30999755859375,150.4199981689453,151.8800048828125,1059300,0.0,0.0
2023-04-10 00:00:00-04:00,150.89999389648438,151.92999267578125,148.44000244140625,151.88999938964844,925600,0.0,0.0
2023-04-11 00:00:00-04:00,151.36000061035156,152.3000030517578,150.77999877929688,152.05999755859375,664800,0.0,0.0
2023-04-12 00:00:00-04:00,152.88999938964844,153.42999267578125,150.6699981689453,150.82000732421875,865300,0.0,0.0
2023-04-13 00:00:00-04:00,150.27999877929688,152.0500030517578,149.1199951171875,152.0,972800,0.0,0.0
2023-04-14 00:00:00-04:00,150.1699981689453,151.4499969482422,148.4499969482422,149.6999969482422,798500,0.0,0.0
2023-04-17 00:00:00-04:00,150.47999572753906,150.99000549316406,148.6199951171875,149.83999633789062,661800,0.0,0.0
2023-04-18 00:00:00-04:00,149.82000732421875,150.2899932861328,147.3800048828125,148.10000610351562,664100,0.0,0.0
2023-04-19 00:00:00-04:00,148.63999938964844,149.9199981689453,148.27000427246094,149.00999450683594,552600,0.0,0.0
2023-04-20 00:00:00-04:00,149.07000732421875,149.63999938964844,147.6699981689453,149.6199951171875,649000,0.0,0.0
2023-04-21 00:00:00-04:00,150.49000549316406,151.8000030517578,149.6300048828125,150.92999267578125,837100,0.0,0.0
2023-04-24 00:00:00-04:00,151.0399932861328,152.41000366210938,150.16000366210938,151.50999450683594,988300,0.0,0.0
2023-04-25 00:00:00-04:00,152.22000122070312,152.99000549316406,151.74000549316406,152.4199981689453,825200,0.0,0.0
2023-04-26 00:00:00-04:00,150.67999267578125,152.0399932861328,148.8699951171875,149.0500030517578,805800,0.0,0.0
2023-04-27 00:00:00-04:00,148.14999389648438,149.25,144.47999572753906,148.4600067138672,1054400,0.0,0.0
2023-04-28 00:00:00-04:00,148.36000061035156,150.22000122070312,147.33999633789062,148.25,770000,0.0,0.0
2023-05-01 00:00:00-04:00,148.1300048828125,148.4499969482422,146.57000732421875,146.58999633789062,607500,0.0,0.0
2023-05-02 00:00:00-04:00,146.24000549316406,147.60000610351562,144.91000366210938,146.74000549316406,826700,0.0,0.0
2023-05-03 00:00:00-04:00,147.72000122070312,149.1199951171875,146.27000427246094,146.49000549316406,591900,0.0,0.0
2023-05-04 00:00:00-04:00,146.99000549316406,148.3800048828125,146.07000732421875,147.82000732421875,642500,0.0,0.0
2023-05-05 00:00:00-04:00,147.4600067138672,148.89999389648438,147.1199951171875,148.42999267578125,548400,0.0,0.0
2023-05-08 00:00:00-04:00,147.69000244140625,148.82000732421875,146.32000732421875,147.47000122070312,560000,0.0,0.0
2023-05-09 00:00:00-04:00,147.52999877929688,147.9499969482422,146.60000610351562,147.8800048828125,705800,0.0,0.0
2023-05-10 00:00:00-04:00,148.91000366210938,150.19000244140625,148.13999938964844,149.74000549316406,967400,0.0,0.0
2023-05-11 00:00:00-04:00,149.99000549316406,150.02999877929688,148.00999450683594,149.4199981689453,753100,0.0,0.0
2023-05-12 00:00:00-04:00,150.35000610351562,151.24000549316406,149.1699981689453,149.77000427246094,850200,0.0,0.0
2023-05-15 00:00:00-04:00,150.4199981689453,150.4499969482422,147.0,147.55999755859375,594200,0.0,0.0
2023-05-16 00:00:00-04:00,147.16000366210938,147.4600067138672,143.9600067138672,144.6999969482422,789600,0.0,0.0
2023-05-17 00:00:00-04:00,144.91000366210938,145.0,143.16000366210938,143.61000061035156,738400,0.0,0.0
2023-05-18 00:00:00-04:00,142.50999450683594,142.8699951171875,140.49000549316406,141.72999572753906,719700,0.0,0.0
2023-05-19 00:00:00-04:00,142.52999877929688,143.08999633789062,141.38999938964844,141.4499969482422,727400,0.0,0.0
2023-05-22 00:00:00-04:00,141.5,144.5,141.2899932861328,143.57000732421875,1180600,0.0,0.0
2023-05-23 00:00:00-04:00,143.1199951171875,145.07000732421875,142.7899932861328,143.5,952100,0.0,0.0
2023-05-24 00:00:00-04:00,143.58999633789062,144.52000427246094,142.75999450683594,143.1699981689453,684600,0.0,0.0
2023-05-25 00:00:00-04:00,143.3800048828125,143.44000244140625,141.5399932861328,142.4499969482422,864100,0.0,0.0
2023-05-26 00:00:00-04:00,142.8800048828125,143.52000427246094,141.86000061035156,143.4600067138672,879300,0.0,0.0
2023-05-30 00:00:00-04:00,144.0,145.60000610351562,143.02999877929688,143.1999969482422,801700,0.0,0.0
2023-05-31 00:00:00-04:00,143.3300018310547,144.60000610351562,141.83999633789062,144.4499969482422,2454100,0.0,0.0
2023-06-01 00:00:00-04:00,144.4499969482422,144.50999450683594,142.22999572753906,143.57000732421875,1088000,0.0,0.0
2023-06-02 00:00:00-04:00,142.8300018310547,146.17999267578125,142.35000610351562,145.7899932861328,917400,0.0,0.0
2023-06-05 00:00:00-04:00,145.38999938964844,146.9199981689453,144.6199951171875,145.91000366210938,665800,0.0,0.0
2023-06-06 00:00:00-04:00,146.6300048828125,146.6300048828125,144.75999450683594,144.7899932861328,588400,0.0,0.0
2023-06-07 00:00:00-04:00,144.25999450683594,147.2100067138672,142.97000122070312,147.0800018310547,731000,0.0,0.0
2023-06-08 00:00:00-04:00,146.16000366210938,147.4499969482422,145.63999938964844,147.1199951171875,631700,0.0,0.0
2023-06-09 00:00:00-04:00,147.52000427246094,147.77999877929688,145.36000061035156,146.66000366210938,866200,0.0,0.0
2023-06-12 00:00:00-04:00,147.13999938964844,147.47999572753906,144.6699981689453,146.02999877929688,867200,0.0,0.0
2023-06-13 00:00:00-04:00,145.22999572753906,146.4600067138672,144.7100067138672,146.36000061035156,672100,0.0,0.0
2023-06-14 00:00:00-04:00,146.72999572753906,148.17999267578125,145.92999267578125,146.11000061035156,797800,0.0,0.0
2023-06-15 00:00:00-04:00,146.67999267578125,148.72999572753906,144.91000366210938,148.08999633789062,711900,0.0,0.0
2023-06-16 00:00:00-04:00,148.14999389648438,150.02999877929688,148.14999389648438,148.97999572753906,2041700,0.0,0.0
2023-06-20 00:00:00-04:00,148.30999755859375,148.8800048828125,146.13999938964844,148.11000061035156,930300,0.0,0.0
2023-06-21 00:00:00-04:00,147.8000030517578,148.6699981689453,145.6999969482422,148.63999938964844,734500,0.0,0.0
2023-06-22 00:00:00-04:00,149.10000610351562,149.10000610351562,147.6199951171875,148.5,744600,0.0,0.0
2023-06-23 00:00:00-04:00,148.8000030517578,149.44000244140625,145.32000732421875,145.75999450683594,975900,0.0,0.0
2023-06-26 00:00:00-04:00,144.6999969482422,145.22000122070312,139.8300018310547,140.22999572753906,2614000,0.0,0.0
2023-06-27 00:00:00-04:00,140.2100067138672,143.14999389648438,139.32000732421875,142.8800048828125,2290300,0.0,0.0
2023-06-28 00:00:00-04:00,142.77000427246094,142.77000427246094,140.0,140.97999572753906,1308600,0.0,0.0
2023-06-29 00:00:00-04:00,139.99000549316406,141.49000549316406,139.00999450683594,140.47000122070312,969500,0.0,0.0
2023-06-30 00:00:00-04:00,140.75,142.83999633789062,140.2100067138672,142.75,1085000,0.0,0.0
2023-07-03 00:00:00-04:00,142.50999450683594,144.05999755859375,141.63999938964844,143.97000122070312,511700,0.0,0.0
2023-07-05 00:00:00-04:00,143.0399932861328,146.7899932861328,142.97999572753906,144.8000030517578,1228900,0.0,0.0
2023-07-06 00:00:00-04:00,143.75999450683594,144.17999267578125,142.08999633789062,142.4199981689453,941300,0.0,0.0
2023-07-07 00:00:00-04:00,141.33999633789062,142.25999450683594,140.7100067138672,141.05999755859375,619500,0.0,0.0
2023-07-10 00:00:00-04:00,140.6300048828125,141.44000244140625,139.7100067138672,140.60000610351562,717600,0.0,0.0
2023-07-11 00:00:00-04:00,140.6199951171875,142.5500030517578,140.41000366210938,142.52999877929688,717400,0.0,0.0
2023-07-12 00:00:00-04:00,143.66000366210938,145.9600067138672,142.69000244140625,145.44000244140625,890400,0.0,0.0
2023-07-13 00:00:00-04:00,145.11000061035156,145.52999877929688,144.47999572753906,145.4499969482422,823700,0.0,0.0
2023-07-14 00:00:00-04:00,145.22000122070312,146.47000122070312,144.35000610351562,146.2100067138672,762800,0.0,0.0
2023-07-17 00:00:00-04:00,145.1999969482422,145.9600067138672,144.0399932861328,144.07000732421875,756400,0.0,0.0
2023-07-18 00:00:00-04:00,143.80999755859375,145.38999938964844,141.3699951171875,142.64999389648438,1143100,0.0,0.0
2023-07-19 00:00:00-04:00,143.5500030517578,145.4499969482422,143.3699951171875,143.97999572753906,1100900,0.0,0.0
2023-07-20 00:00:00-04:00,144.0399932861328,147.4199981689453,143.1699981689453,146.94000244140625,730500,0.0,0.0
2023-07-21 00:00:00-04:00,147.44000244140625,149.35000610351562,146.94000244140625,148.82000732421875,752300,0.0,0.0
2023-07-24 00:00:00-04:00,148.9199981689453,149.0,146.6300048828125,147.72000122070312,678600,0.0,0.0
2023-07-25 00:00:00-04:00,147.3000030517578,148.57000732421875,146.82000732421875,148.27000427246094,868000,0.0,0.0
2023-07-26 00:00:00-04:00,147.50999450683594,149.39999389648438,147.0399932861328,147.77999877929688,793100,0.0,0.0
2023-07-27 00:00:00-04:00,150.60000610351562,151.22000122070312,147.3000030517578,148.49000549316406,1719000,0.0,0.0
2023-07-28 00:00:00-04:00,149.4600067138672,149.49000549316406,146.38999938964844,146.94000244140625,1018000,0.0,0.0
2023-07-31 00:00:00-04:00,147.22000122070312,148.1999969482422,146.77000427246094,147.42999267578125,994200,0.0,0.0
2023-08-01 00:00:00-04:00,147.16000366210938,147.6199951171875,144.36000061035156,144.4600067138672,970000,0.0,0.0
2023-08-02 00:00:00-04:00,143.7100067138672,146.05999755859375,143.60000610351562,145.6699981689453,794800,0.0,0.0
2023-08-03 00:00:00-04:00,144.97999572753906,145.27999877929688,142.1300048828125,142.1300048828125,699400,0.0,0.0
2023-08-04 00:00:00-04:00,142.36000061035156,143.14999389648438,141.1999969482422,141.97000122070312,1024800,0.0,0.0
2023-08-07 00:00:00-04:00,141.5399932861328,142.89999389648438,141.5399932861328,142.11000061035156,679200,0.0,0.0
2023-08-08 00:00:00-04:00,142.75999450683594,142.75999450683594,140.5800018310547,142.07000732421875,911700,0.0,0.0
2023-08-09 00:00:00-04:00,141.6300048828125,143.08999633789062,140.3300018310547,140.4499969482422,859200,0.0,0.0
2023-08-10 00:00:00-04:00,140.9600067138672,141.7899932861328,138.97999572753906,139.47999572753906,666200,0.0,0.0
2023-08-11 00:00:00-04:00,139.44000244140625,140.50999450683594,139.0500030517578,140.1999969482422,461300,0.0,0.0
2023-08-14 00:00:00-04:00,140.14999389648438,142.42999267578125,139.0,142.13999938964844,1722100,0.0,0.0
2023-08-15 00:00:00-04:00,141.3300018310547,141.8699951171875,140.64999389648438,140.69000244140625,1115900,0.0,0.0
2023-08-16 00:00:00-04:00,141.25999450683594,141.42999267578125,139.67999267578125,140.02000427246094,861100,0.0,0.0
2023-08-17 00:00:00-04:00,140.39999389648438,141.33999633789062,138.17999267578125,138.1999969482422,604400,0.0,0.0
2023-08-18 00:00:00-04:00,137.99000549316406,139.8800048828125,137.99000549316406,138.9600067138672,2192100,0.0,0.0
2023-08-21 00:00:00-04:00,138.30999755859375,139.0399932861328,136.5800018310547,137.49000549316406,650400,0.0,0.0
2023-08-22 00:00:00-04:00,137.4499969482422,138.85000610351562,136.8000030517578,138.39999389648438,594600,0.0,0.0
2023-08-23 00:00:00-04:00,139.8000030517578,140.0399932861328,138.75,139.5500030517578,577600,0.0,0.0
2023-08-24 00:00:00-04:00,139.35000610351562,140.89999389648438,137.85000610351562,138.25,587500,0.0,0.0
2023-08-25 00:00:00-04:00,138.97000122070312,140.8699951171875,138.75,140.4199981689453,638300,0.0,0.0
2023-08-28 00:00:00-04:00,140.8699951171875,141.27999877929688,140.0399932861328,140.1300048828125,424900,0.0,0.0
2023-08-29 00:00:00-04:00,140.05999755859375,140.3300018310547,138.99000549316406,140.07000732421875,583000,0.0,0.0
2023-08-30 00:00:00-04:00,140.3000030517578,141.77000427246094,139.33999633789062,139.52999877929688,578300,0.0,0.0
2023-08-31 00:00:00-04:00,140.1199951171875,140.55999755859375,138.63999938964844,138.74000549316406,1301400,0.0,0.0
2023-09-01 00:00:00-04:00,139.57000732421875,139.91000366210938,136.32000732421875,137.8000030517578,681600,0.0,0.0
2023-09-05 00:00:00-04:00,137.35000610351562,137.6999969482422,135.16000366210938,136.3800048828125,896900,0.0,0.0
2023-09-06 00:00:00-04:00,136.8699951171875,137.42999267578125,135.02999877929688,135.72999572753906,801900,0.0,0.0
2023-09-07 00:00:00-04:00,136.44000244140625,138.10000610351562,135.82000732421875,137.7100067138672,727500,0.0,0.0
2023-09-08 00:00:00-04:00,137.8000030517578,138.0399932861328,136.91000366210938,137.72999572753906,999300,0.0,0.0
2023-09-11 00:00:00-04:00,137.42999267578125,139.19000244140625,137.42999267578125,138.22000122070312,553800,0.0,0.0
2023-09-12 00:00:00-04:00,138.27000427246094,138.64999389648438,137.14999389648438,137.55999755859375,999600,0.0,0.0
2023-09-13 00:00:00-04:00,137.13999938964844,140.00999450683594,137.11000061035156,139.30999755859375,925600,0.0,0.0
2023-09-14 00:00:00-04:00,139.94000244140625,141.14999389648438,139.7899932861328,140.97999572753906,875300,0.0,0.0
2023-09-15 00:00:00-04:00,140.33999633789062,140.97999572753906,138.36000061035156,138.89999389648438,2180900,0.0,0.0
2023-09-18 00:00:00-04:00,139.05999755859375,139.17999267578125,137.6999969482422,138.4199981689453,782200,0.0,0.0
2023-09-19 00:00:00-04:00,137.97000122070312,138.1999969482422,137.24000549316406,137.57000732421875,941800,0.0,0.0
2023-09-20 00:00:00-04:00,138.41000366210938,139.00999450683594,136.8300018310547,137.1999969482422,711200,0.0,0.0
2023-09-21 00:00:00-04:00,136.52000427246094,136.97999572753906,133.52999877929688,133.5500030517578,1001300,0.0,0.0
2023-09-22 00:00:00-04:00,133.5,133.66000366210938,132.08999633789062,132.25,1071900,0.0,0.0
2023-09-25 00:00:00-04:00,131.60000610351562,132.86000061035156,131.4199981689453,132.6999969482422,897200,0.0,0.0
2023-09-26 00:00:00-04:00,132.27999877929688,133.24000549316406,129.6300048828125,129.63999938964844,1166600,0.0,0.0
2023-09-27 00:00:00-04:00,129.33999633789062,130.02000427246094,126.16999816894531,126.33999633789062,1426500,0.0,0.0
2023-09-28 00:00:00-04:00,126.86000061035156,126.86000061035156,123.04000091552734,123.58000183105469,2229700,0.0,0.0
2023-09-29 00:00:00-04:00,125.20999908447266,125.30000305175781,122.2699966430664,123.83000183105469,1962200,0.0,0.0
2023-10-02 00:00:00-04:00,123.0,123.33999633789062,118.97000122070312,119.75,1688700,0.0,0.0
2023-10-03 00:00:00-04:00,119.1500015258789,119.19999694824219,115.38999938964844,117.0,2451100,0.0,0.0
2023-10-04 00:00:00-04:00,118.0,119.4800033569336,115.83000183105469,119.3499984741211,1565200,0.0,0.0
2023-10-05 00:00:00-04:00,119.12999725341797,119.87000274658203,117.8499984741211,118.7300033569336,1105000,0.0,0.0
2023-10-06 00:00:00-04:00,117.0,119.30000305175781,115.66999816894531,118.8499984741211,1240700,0.0,0.0
2023-10-09 00:00:00-04:00,118.69000244140625,120.81999969482422,118.47000122070312,120.80000305175781,1089300,0.0,0.0
2023-10-10 00:00:00-04:00,120.87000274658203,122.73999786376953,120.75,121.86000061035156,1222200,0.0,0.0
2023-10-11 00:00:00-04:00,122.69000244140625,123.37000274658203,120.55000305175781,122.22000122070312,956000,0.0,0.0
2023-10-12 00:00:00-04:00,121.37000274658203,121.9800033569336,117.88999938964844,118.33000183105469,1390000,0.0,0.0
2023-10-13 00:00:00-04:00,118.33000183105469,120.44000244140625,116.93000030517578,118.04000091552734,1720100,0.0,0.0
2023-10-16 00:00:00-04:00,118.51000213623047,120.04000091552734,117.04000091552734,119.9800033569336,1628800,0.0,0.0
2023-10-17 00:00:00-04:00,118.97000122070312,120.41999816894531,118.73999786376953,120.30000305175781,1404500,0.0,0.0
2023-10-18 00:00:00-04:00,120.08999633789062,120.48999786376953,116.45999908447266,118.13999938964844,1541100,0.0,0.0
2023-10-19 00:00:00-04:00,117.4800033569336,119.18000030517578,116.88999938964844,117.0199966430664,1376800,0.0,0.0
2023-10-20 00:00:00-04:00,116.80000305175781,117.75,115.63999938964844,115.80000305175781,1340000,0.0,0.0
2023-10-23 00:00:00-04:00,114.62000274658203,116.80000305175781,114.25,115.5,1054700,0.0,0.0
2023-10-24 00:00:00-04:00,116.83999633789062,118.51000213623047,116.26000213623047,117.7699966430664,996400,0.0,0.0
2023-10-25 00:00:00-04:00,117.29000091552734,117.29000091552734,115.66999816894531,116.5,1049000,0.0,0.0
2023-10-26 00:00:00-04:00,117.12000274658203,119.08999633789062,116.9800033569336,118.0199966430664,966500,0.0,0.0
2023-10-27 00:00:00-04:00,117.70999908447266,118.01000213623047,115.9000015258789,116.38999938964844,843900,0.0,0.0
2023-10-30 00:00:00-04:00,116.68000030517578,117.62000274658203,115.5199966430664,116.70999908447266,1178900,0.0,0.0
2023-10-31 00:00:00-04:00,117.0199966430664,118.12000274658203,116.31999969482422,117.6500015258789,1452300,0.0,0.0
2023-11-01 00:00:00-04:00,117.58999633789062,119.44000244140625,115.98999786376953,118.80000305175781,1426200,0.0,0.0
2023-11-02 00:00:00-04:00,120.23999786376953,125.16000366210938,120.23999786376953,124.48999786376953,1883600,0.0,0.0
2023-11-03 00:00:00-04:00,127.16000366210938,131.49000549316406,126.88999938964844,130.0399932861328,2506500,0.0,0.0
2023-11-06 00:00:00-05:00,130.0800018310547,131.25,127.26000213623047,127.58000183105469,1236100,0.0,0.0
2023-11-07 00:00:00-05:00,128.6999969482422,130.1699981689453,126.62000274658203,126.86000061035156,1186400,0.0,0.0
2023-11-08 00:00:00-05:00,126.55000305175781,126.55000305175781,125.33999633789062,126.13999938964844,831100,0.0,0.0
2023-11-09 00:00:00-05:00,126.41999816894531,126.58000183105469,123.94000244140625,124.2699966430664,929100,0.0,0.0
2023-11-10 00:00:00-05:00,124.98999786376953,124.98999786376953,122.94000244140625,123.5,981100,0.0,0.0
2023-11-13 00:00:00-05:00,122.41999816894531,122.83000183105469,121.11000061035156,121.79000091552734,930600,0.0,0.0
2023-11-14 00:00:00-05:00,126.45999908447266,129.9199981689453,125.91999816894531,129.74000549316406,1584200,0.0,0.0
2023-11-15 00:00:00-05:00,129.83999633789062,131.55999755859375,127.86000061035156,130.4499969482422,1508500,0.0,0.0
2023-11-16 00:00:00-05:00,131.72000122070312,133.0,130.83999633789062,130.99000549316406,1346100,0.0,0.0
2023-11-17 00:00:00-05:00,131.5500030517578,132.14999389648438,130.6300048828125,132.10000610351562,1161500,0.0,0.0
2023-11-20 00:00:00-05:00,130.86000061035156,131.99000549316406,129.5,130.6699981689453,1465800,0.0,0.0
2023-11-21 00:00:00-05:00,130.97000122070312,131.75,130.1300048828125,130.8300018310547,1093100,0.0,0.0
2023-11-22 00:00:00-05:00,131.72999572753906,132.3699951171875,130.41000366210938,130.47000122070312,1021800,0.0,0.0
2023-11-24 00:00:00-05:00,130.35000610351562,132.05999755859375,130.08999633789062,132.05999755859375,595700,0.0,0.0
2023-11-27 00:00:00-05:00,131.64999389648438,132.24000549316406,130.60000610351562,130.75,1244900,0.0,0.0
2023-11-28 00:00:00-05:00,130.38999938964844,131.75,129.97999572753906,130.66000366210938,1048300,0.0,0.0
2023-11-29 00:00:00-05:00,131.44000244140625,132.5399932861328,130.49000549316406,131.22000122070312,960500,0.0,0.0
2023-11-30 00:00:00-05:00,131.75999450683594,132.91000366210938,130.88999938964844,131.83999633789062,2075600,0.0,0.0
2023-12-01 00:00:00-05:00,131.57000732421875,133.42999267578125,130.6300048828125,133.24000549316406,1063800,0.0,0.0
2023-12-04 00:00:00-05:00,131.92999267578125,133.82000732421875,131.77000427246094,133.13999938964844,801900,0.0,0.0
2023-12-05 00:00:00-05:00,132.86000061035156,133.00999450683594,130.58999633789062,131.3800048828125,814200,0.0,0.0
2023-12-06 00:00:00-05:00,132.2100067138672,133.0399932861328,131.7100067138672,132.6999969482422,720000,0.0,0.0
2023-12-07 00:00:00-05:00,133.0399932861328,133.4499969482422,131.75999450683594,132.5500030517578,790900,0.0,0.0
2023-12-08 00:00:00-05:00,132.16000366210938,132.2100067138672,130.91000366210938,131.35000610351562,714800,0.0,0.0
2023-12-11 00:00:00-05:00,130.3699951171875,131.3699951171875,129.77000427246094,130.7100067138672,1037000,0.0,0.0
2023-12-12 00:00:00-05:00,130.9199981689453,131.11000061035156,130.0,131.02999877929688,1144200,0.0,0.0
2023-12-13 00:00:00-05:00,131.1199951171875,135.14999389648438,130.0,135.0800018310547,1414900,0.0,0.0
2023-12-14 00:00:00-05:00,136.6999969482422,137.42999267578125,133.75,134.49000549316406,1253600,0.0,0.0
2023-12-15 00:00:00-05:00,133.1300048828125,133.85000610351562,130.44000244140625,131.75,2258400,0.0,0.0
2023-12-18 00:00:00-05:00,131.8300018310547,132.5399932861328,130.3000030517578,130.8699951171875,1026000,0.0,0.0
2023-12-19 00:00:00-05:00,131.25999450683594,132.63999938964844,130.94000244140625,132.6199951171875,938500,0.0,0.0
2023-12-20 00:00:00-05:00,132.4199981689453,133.91000366210938,130.75,130.8000030517578,1054200,0.0,0.0
2023-12-21 00:00:00-05:00,131.52000427246094,132.4600067138672,130.5,131.5,597700,0.0,0.0
2023-12-22 00:00:00-05:00,132.17999267578125,132.9499969482422,131.10000610351562,131.55999755859375,654400,0.0,0.0
2023-12-26 00:00:00-05:00,131.64999389648438,132.82000732421875,131.35000610351562,132.27000427246094,515900,0.0,0.0
2023-12-27 00:00:00-05:00,132.13999938964844,132.97000122070312,131.67999267578125,132.22999572753906,571400,0.0,0.0
2023-12-28 00:00:00-05:00,131.22000122070312,133.27999877929688,131.22000122070312,132.97999572753906,604400,0.0,0.0
2023-12-29 00:00:00-05:00,132.47000122070312,133.10000610351562,131.41000366210938,131.99000549316406,800800,0.0,0.0
2024-01-02 00:00:00-05:00,131.19000244140625,134.02000427246094,130.77000427246094,133.50999450683594,1132400,0.0,0.0
2024-01-03 00:00:00-05:00,133.1999969482422,133.99000549316406,132.44000244140625,133.50999450683594,998800,0.0,0.0
2024-01-04 00:00:00-05:00,133.27000427246094,133.6999969482422,131.44000244140625,131.75999450683594,816400,0.0,0.0
2024-01-05 00:00:00-05:00,131.35000610351562,132.88999938964844,130.41000366210938,131.88999938964844,862100,0.0,0.0
2024-01-08 00:00:00-05:00,131.47999572753906,133.13999938964844,130.72999572753906,133.0399932861328,1026400,0.0,0.0
2024-01-09 00:00:00-05:00,132.3000030517578,134.83999633789062,131.75999450683594,132.74000549316406,1202000,0.0,0.0
2024-01-10 00:00:00-05:00,133.10000610351562,134.3000030517578,132.77999877929688,133.6199951171875,614000,0.0,0.0
2024-01-11 00:00:00-05:00,133.32000732421875,133.57000732421875,130.4499969482422,131.52999877929688,878600,0.0,0.0
2024-01-12 00:00:00-05:00,132.3000030517578,133.0500030517578,131.72000122070312,132.2100067138672,673200,0.0,0.0
2024-01-16 00:00:00-05:00,131.41000366210938,132.77000427246094,130.30999755859375,130.41000366210938,800800,0.0,0.0
2024-01-17 00:00:00-05:00,128.9600067138672,130.88999938964844,127.44999694824219,128.4199981689453,1301200,0.0,0.0
2024-01-18 00:00:00-05:00,127.98999786376953,128.11000061035156,125.41000366210938,125.83000183105469,1083300,0.0,0.0
2024-01-19 00:00:00-05:00,126.05000305175781,126.25,124.4800033569336,125.30000305175781,1301200,0.0,0.0
2024-01-22 00:00:00-05:00,125.41999816894531,127.63999938964844,125.30000305175781,126.86000061035156,1137000,0.0,0.0
2024-01-23 00:00:00-05:00,127.44999694824219,128.02000427246094,125.6500015258789,126.26000213623047,1247800,0.0,0.0
2024-01-24 00:00:00-05:00,127.12999725341797,127.29000091552734,121.37999725341797,121.94000244140625,1279600,0.0,0.0
2024-01-25 00:00:00-05:00,123.04000091552734,123.98999786376953,122.2300033569336,123.9800033569336,1196300,0.0,0.0
2024-01-26 00:00:00-05:00,124.5999984741211,124.98999786376953,122.94000244140625,123.16000366210938,749000,0.0,0.0
2024-01-29 00:00:00-05:00,124.47000122070312,126.3499984741211,122.38999938964844,125.75,1252100,0.0,0.0
2024-01-30 00:00:00-05:00,125.02999877929688,125.4800033569336,123.95999908447266,124.4000015258789,1056900,0.0,0.0
2024-01-31 00:00:00-05:00,125.51000213623047,126.58000183105469,123.1500015258789,124.0199966430664,1607700,0.0,0.0
2024-02-01 00:00:00-05:00,123.86000061035156,125.36000061035156,122.91999816894531,125.23999786376953,1148400,0.0,0.0
2024-02-02 00:00:00-05:00,123.2699966430664,124.95999908447266,122.2699966430664,123.36000061035156,1201200,0.0,0.0
2024-02-05 00:00:00-05:00,121.94999694824219,122.5199966430664,121.18000030517578,121.5199966430664,1205800,0.0,0.0
2024-02-06 00:00:00-05:00,121.36000061035156,122.88999938964844,120.61000061035156,122.5199966430664,1375800,0.0,0.0
2024-02-07 00:00:00-05:00,122.36000061035156,123.0,121.37000274658203,121.94999694824219,1372600,0.0,0.0
2024-02-08 00:00:00-05:00,121.62000274658203,122.01000213623047,120.55000305175781,121.83000183105469,1269200,0.0,0.0
2024-02-09 00:00:00-05:00,121.41999816894531,122.62000274658203,121.05000305175781,122.19999694824219,1231200,0.0,0.0
2024-02-12 00:00:00-05:00,122.16000366210938,123.8499984741211,121.55000305175781,123.63999938964844,1301900,0.0,0.0
2024-02-13 00:00:00-05:00,121.72000122070312,122.3499984741211,118.9800033569336,119.77999877929688,1789700,0.0,0.0
2024-02-14 00:00:00-05:00,120.0,120.97000122070312,119.23999786376953,120.4800033569336,1462600,0.0,0.0
2024-02-15 00:00:00-05:00,122.31999969482422,124.33999633789062,120.61000061035156,124.26000213623047,1749500,0.0,0.0
2024-02-16 00:00:00-05:00,122.19999694824219,123.19000244140625,120.8499984741211,122.81999969482422,2005200,0.0,0.0
2024-02-20 00:00:00-05:00,122.08999633789062,123.2300033569336,120.48999786376953,121.16000366210938,2187500,0.0,0.0
2024-02-21 00:00:00-05:00,121.12999725341797,122.0,120.41000366210938,121.7300033569336,2828400,0.0,0.0
2024-02-22 00:00:00-05:00,121.43000030517578,121.68000030517578,117.80999755859375,119.68000030517578,2401400,0.0,0.0
2024-02-23 00:00:00-05:00,119.52999877929688,119.9000015258789,118.31999969482422,118.95999908447266,1672000,0.0,0.0
2024-02-26 00:00:00-05:00,118.83000183105469,118.83000183105469,116.69999694824219,117.43000030517578,1944000,0.0,0.0
2024-02-27 00:00:00-05:00,117.33000183105469,118.31999969482422,117.02999877929688,118.02999877929688,1464400,0.0,0.0
2024-02-28 00:00:00-05:00,118.22000122070312,119.20999908447266,117.45999908447266,117.91000366210938,1443700,0.0,0.0
2024-02-29 00:00:00-05:00,118.79000091552734,119.41000366210938,117.44999694824219,118.54000091552734,2159100,0.0,0.0
2024-03-01 00:00:00-05:00,118.18000030517578,120.37000274658203,116.8499984741211,119.68000030517578,1789500,0.0,0.0
2024-03-04 00:00:00-05:00,118.91000366210938,121.87999725341797,118.83000183105469,121.69999694824219,1274000,0.0,0.0
2024-03-05 00:00:00-05:00,121.87000274658203,122.41000366210938,118.56999969482422,119.26000213623047,1479100,0.0,0.0
2024-03-06 00:00:00-05:00,120.1500015258789,120.91999816894531,119.36000061035156,120.30999755859375,1313700,0.0,0.0
2024-03-07 00:00:00-05:00,119.55999755859375,120.41999816894531,118.08000183105469,118.61000061035156,2097400,0.0,0.0
2024-03-08 00:00:00-05:00,119.93000030517578,120.0,117.83999633789062,118.44000244140625,2312300,0.0,0.0
2024-03-11 00:00:00-04:00,118.05999755859375,121.06999969482422,118.05999755859375,120.33000183105469,1574500,0.0,0.0
2024-03-12 00:00:00-04:00,119.52999877929688,120.7300033569336,118.2300033569336,119.18000030517578,1821000,0.0,0.0
2024-03-13 00:00:00-04:00,118.9800033569336,121.55999755859375,118.66000366210938,120.54000091552734,1293500,0.0,0.0
2024-03-14 00:00:00-04:00,120.12000274658203,120.6500015258789,117.45999908447266,118.4800033569336,1354800,0.0,0.0
2024-03-15 00:00:00-04:00,117.0199966430664,118.4000015258789,116.6500015258789,117.13999938964844,4764600,0.0,0.0
2024-03-18 00:00:00-04:00,117.1500015258789,118.20999908447266,116.37999725341797,117.2300033569336,1394500,0.0,0.0
2024-03-19 00:00:00-04:00,117.73999786376953,118.33000183105469,116.93000030517578,118.0,1061000,0.0,0.0
2024-03-20 00:00:00-04:00,117.76000213623047,118.16000366210938,116.69999694824219,118.08999633789062,1134200,0.0,0.0
2024-03-21 00:00:00-04:00,118.9800033569336,120.16999816894531,118.05999755859375,118.20999908447266,1026000,0.0,0.0
2024-03-22 00:00:00-04:00,119.05999755859375,119.05999755859375,117.33999633789062,117.75,906000,0.0,0.0
2024-03-25 00:00:00-04:00,117.88999938964844,118.48999786376953,116.98999786376953,117.13999938964844,1083000,0.0,0.0
2024-03-26 00:00:00-04:00,116.9800033569336,117.91000366210938,116.58999633789062,117.83999633789062,1739800,0.0,0.0
2024-03-27 00:00:00-04:00,118.55000305175781,121.72000122070312,117.97000122070312,121.5,1805100,0.0,0.0
2024-03-28 00:00:00-04:00,121.69000244140625,122.37999725341797,120.44000244140625,122.20999908447266,2004200,0.0,0.0
2024-04-01 00:00:00-04:00,122.44000244140625,122.5,119.54000091552734,120.30000305175781,913900,0.0,0.0
2024-04-02 00:00:00-04:00,120.11000061035156,121.47000122070312,118.81999969482422,119.55999755859375,1183100,0.0,0.0
2024-04-03 00:00:00-04:00,119.19000244140625,119.77999877929688,118.26000213623047,118.93000030517578,1101300,0.0,0.0
2024-04-04 00:00:00-04:00,120.0999984741211,120.95999908447266,119.26000213623047,120.37999725341797,1272600,0.0,0.0
2024-04-05 00:00:00-04:00,119.23999786376953,120.02999877929688,117.8499984741211,118.5199966430664,1109000,0.0,0.0
2024-04-08 00:00:00-04:00,118.83999633789062,120.45999908447266,118.63999938964844,120.0199966430664,1217000,0.0,0.0
2024-04-09 00:00:00-04:00,120.77999877929688,122.20999908447266,120.18000030517578,121.8499984741211,1492900,0.0,0.0
2024-04-10 00:00:00-04:00,118.98999786376953,119.33000183105469,117.02999877929688,118.30999755859375,2354600,0.0,0.0
2024-04-11 00:00:00-04:00,119.22000122070312,119.5999984741211,116.9000015258789,117.81999969482422,1697300,0.0,0.0
2024-04-12 00:00:00-04:00,117.87000274658203,117.87000274658203,115.97000122070312,116.56999969482422,1072100,0.0,0.0
2024-04-15 00:00:00-04:00,116.72000122070312,117.41999816894531,115.12999725341797,115.9800033569336,1862800,0.0,0.0
2024-04-16 00:00:00-04:00,115.44999694824219,115.44999694824219,113.33999633789062,113.81999969482422,2331100,0.0,0.0
2024-04-17 00:00:00-04:00,113.83999633789062,115.7699966430664,113.52999877929688,115.4000015258789,1902800,0.0,0.0
2024-04-18 00:00:00-04:00,116.12000274658203,117.56999969482422,115.08999633789062,117.3499984741211,1399800,0.0,0.0
2024-04-19 00:00:00-04:00,117.94000244140625,119.38999938964844,117.6500015258789,118.5199966430664,1874300,0.0,0.0
2024-04-22 00:00:00-04:00,118.5999984741211,119.79000091552734,117.66999816894531,119.26000213623047,1247600,0.0,0.0
2024-04-23 00:00:00-04:00,119.30999755859375,120.55000305175781,119.0199966430664,119.87000274658203,1255500,0.0,0.0
2024-04-24 00:00:00-04:00,118.79000091552734,121.66000366210938,118.1500015258789,121.36000061035156,1297900,0.0,0.0
2024-04-25 00:00:00-04:00,121.37000274658203,122.37000274658203,119.93000030517578,121.55000305175781,1404200,0.0,0.0
2024-04-26 00:00:00-04:00,121.69000244140625,122.20999908447266,120.76000213623047,120.77999877929688,1058500,0.0,0.0
2024-04-29 00:00:00-04:00,121.7300033569336,122.56999969482422,121.66999816894531,122.27999877929688,1686000,0.0,0.0
2024-04-30 00:00:00-04:00,121.51000213623047,123.0999984741211,120.98999786376953,122.31999969482422,1325100,0.0,0.0
2024-05-01 00:00:00-04:00,122.12000274658203,125.8499984741211,122.08999633789062,125.12000274658203,2712500,0.0,0.0
2024-05-02 00:00:00-04:00,123.7300033569336,126.08999633789062,122.4000015258789,125.94999694824219,2778800,0.0,0.0
2024-05-03 00:00:00-04:00,127.81999969482422,128.85000610351562,127.22000122070312,128.75,1735800,0.0,0.0
2024-05-06 00:00:00-04:00,129.6199951171875,130.38999938964844,128.2100067138672,130.25,1479500,0.0,0.0
2024-05-07 00:00:00-04:00,131.3000030517578,132.4600067138672,130.08999633789062,131.82000732421875,1597700,0.0,0.0
2024-05-08 00:00:00-04:00,131.39999389648438,133.0,131.1999969482422,132.8699951171875,1417900,0.0,0.0
2024-05-09 00:00:00-04:00,132.8699951171875,134.77999877929688,132.17999267578125,134.3800048828125,1308700,0.0,0.0
2024-05-10 00:00:00-04:00,134.8300018310547,135.7100067138672,134.41000366210938,135.5,1763600,0.0,0.0
2024-05-13 00:00:00-04:00,135.0,135.52999877929688,133.27999877929688,133.77999877929688,852500,0.0,0.0
2024-05-14 00:00:00-04:00,134.8300018310547,135.0,132.86000061035156,133.1300048828125,1060900,0.0,0.0
2024-05-15 00:00:00-04:00,134.75,135.11000061035156,133.0800018310547,133.75,1281700,0.0,0.0
2024-05-16 00:00:00-04:00,133.41000366210938,134.61000061035156,133.08999633789062,134.27000427246094,1248200,0.0,0.0
2024-05-17 00:00:00-04:00,134.13999938964844,134.13999938964844,133.13999938964844,133.75999450683594,924200,0.0,0.0
2024-05-20 00:00:00-04:00,133.8000030517578,133.97999572753906,132.47000122070312,133.57000732421875,914000,0.0,0.0
2024-05-21 00:00:00-04:00,133.58999633789062,134.3800048828125,132.82000732421875,134.36000061035156,716000,0.0,0.0
2024-05-22 00:00:00-04:00,134.11000061035156,134.58999633789062,133.16000366210938,133.75,1495400,0.0,0.0
2024-05-23 00:00:00-04:00,132.83999633789062,132.83999633789062,128.39999389648438,128.60000610351562,1031800,0.0,0.0
2024-05-24 00:00:00-04:00,128.69000244140625,128.92999267578125,127.58999633789062,128.22999572753906,830300,0.0,0.0
2024-05-28 00:00:00-04:00,128.0500030517578,128.97000122070312,126.0199966430664,126.23999786376953,1164600,0.0,0.0
2024-05-29 00:00:00-04:00,125.0199966430664,125.29000091552734,123.68000030517578,124.11000061035156,987800,0.0,0.0
2024-05-30 00:00:00-04:00,124.58000183105469,126.36000061035156,124.11000061035156,126.27999877929688,886800,0.0,0.0
2024-05-31 00:00:00-04:00,126.87000274658203,130.94000244140625,126.62999725341797,130.77000427246094,3003100,0.0,0.0
2024-06-03 00:00:00-04:00,131.1300048828125,132.22000122070312,130.00999450683594,130.77000427246094,1186000,0.0,0.0
2024-06-04 00:00:00-04:00,130.77000427246094,133.16000366210938,130.24000549316406,132.82000732421875,1134800,0.0,0.0
2024-06-05 00:00:00-04:00,132.6199951171875,132.6199951171875,131.11000061035156,131.67999267578125,861100,0.0,0.0
2024-06-06 00:00:00-04:00,131.10000610351562,132.16000366210938,130.1300048828125,130.6199951171875,797800,0.0,0.0
2024-06-07 00:00:00-04:00,129.27000427246094,129.55999755859375,128.14999389648438,128.25,1096100,0.0,0.0
2024-06-10 00:00:00-04:00,128.0,128.85000610351562,127.33000183105469,128.55999755859375,1185300,0.0,0.0
2024-06-11 00:00:00-04:00,127.5199966430664,128.8699951171875,127.0999984741211,127.91999816894531,1050500,0.0,0.0
2024-06-12 00:00:00-04:00,130.57000732421875,130.8800048828125,128.0500030517578,128.1300048828125,846700,0.0,0.0
2024-06-13 00:00:00-04:00,128.10000610351562,129.92999267578125,127.19000244140625,129.22000122070312,947200,0.0,0.0
2024-06-14 00:00:00-04:00,128.41000366210938,129.69000244140625,127.44000244140625,129.3000030517578,953800,0.0,0.0
2024-06-17 00:00:00-04:00,128.27999877929688,130.02999877929688,127.36000061035156,128.72000122070312,781900,0.0,0.0
2024-06-18 00:00:00-04:00,128.19000244140625,130.64999389648438,128.1300048828125,130.47000122070312,1085200,0.0,0.0
2024-06-20 00:00:00-04:00,130.5,131.0,129.4499969482422,130.25999450683594,1061600,0.0,0.0
2024-06-21 00:00:00-04:00,130.27999877929688,131.69000244140625,129.4600067138672,130.5399932861328,1960300,0.0,0.0
2024-06-24 00:00:00-04:00,130.8300018310547,133.35000610351562,130.69000244140625,132.17999267578125,802100,0.0,0.0
2024-06-25 00:00:00-04:00,132.3000030517578,132.35000610351562,129.22000122070312,129.3699951171875,782400,0.0,0.0
2024-06-26 00:00:00-04:00,128.38999938964844,129.75,128.1300048828125,129.5800018310547,691100,0.0,0.0
2024-06-27 00:00:00-04:00,129.3000030517578,129.47000122070312,127.9800033569336,129.27000427246094,662100,0.0,0.0
2024-06-28 00:00:00-04:00,129.75,129.9199981689453,128.27000427246094,129.16000366210938,1201900,0.0,0.0
2024-07-01 00:00:00-04:00,129.47999572753906,130.9600067138672,127.19999694824219,127.76000213623047,767300,0.0,0.0
2024-07-02 00:00:00-04:00,128.0800018310547,129.8000030517578,127.80000305175781,128.4600067138672,665400,0.0,0.0
2024-07-03 00:00:00-04:00,128.60000610351562,129.8800048828125,127.8499984741211,127.95999908447266,402700,0.0,0.0
2024-07-05 00:00:00-04:00,128.6300048828125,130.17999267578125,127.20999908447266,130.00999450683594,713900,0.0,0.0
2024-07-08 00:00:00-04:00,130.35000610351562,130.80999755859375,129.6699981689453,129.9199981689453,874600,0.0,0.0
2024-07-09 00:00:00-04:00,129.5399932861328,131.30999755859375,128.8699951171875,130.72000122070312,698200,0.0,0.0
2024-07-10 00:00:00-04:00,131.24000549316406,132.4499969482422,130.86000061035156,132.22999572753906,682000,0.0,0.0
2024-07-11 00:00:00-04:00,133.4600067138672,137.22000122070312,133.24000549316406,136.22000122070312,1251000,0.0,0.0
2024-07-12 00:00:00-04:00,136.9499969482422,140.75,136.75,139.0800018310547,1207400,0.0,0.0
2024-07-15 00:00:00-04:00,138.25,138.55999755859375,136.22999572753906,136.3300018310547,794700,0.0,0.0
2024-07-16 00:00:00-04:00,137.25,139.22000122070312,136.82000732421875,139.0800018310547,670100,0.0,0.0
2024-07-17 00:00:00-04:00,139.57000732421875,143.4600067138672,139.0800018310547,142.52999877929688,1190600,0.0,0.0
2024-07-18 00:00:00-04:00,141.74000549316406,144.25999450683594,140.52000427246094,141.35000610351562,835200,0.0,0.0
2024-07-19 00:00:00-04:00,141.5,142.11000061035156,140.3699951171875,141.16000366210938,855900,0.0,0.0
2024-07-22 00:00:00-04:00,140.91000366210938,142.25,140.5500030517578,141.8000030517578,545900,0.0,0.0
2024-07-23 00:00:00-04:00,141.3000030517578,141.80999755859375,140.24000549316406,140.49000549316406,573600,0.0,0.0
2024-07-24 00:00:00-04:00,141.11000061035156,143.41000366210938,140.74000549316406,142.39999389648438,987000,0.0,0.0
2024-07-25 00:00:00-04:00,143.0,144.3000030517578,139.3000030517578,140.10000610351562,1009100,0.0,0.0
2024-07-26 00:00:00-04:00,141.08999633789062,142.35000610351562,140.3699951171875,141.7100067138672,645000,0.0,0.0
2024-07-29 00:00:00-04:00,141.99000549316406,142.0,139.89999389648438,141.36000061035156,748300,0.0,0.0
2024-07-30 00:00:00-04:00,141.42999267578125,143.9199981689453,141.42999267578125,143.6699981689453,848200,0.0,0.0
2024-07-31 00:00:00-04:00,141.67999267578125,142.99000549316406,141.35000610351562,142.36000061035156,1124000,0.0,0.0
2024-08-01 00:00:00-04:00,142.99000549316406,145.47000122070312,142.1300048828125,144.5,1109100,0.0,0.0
2024-08-02 00:00:00-04:00,147.0800018310547,148.16000366210938,144.02999877929688,147.35000610351562,1210500,0.0,0.0
2024-08-05 00:00:00-04:00,148.99000549316406,149.0,142.6999969482422,142.72000122070312,1299200,0.0,0.0
2024-08-06 00:00:00-04:00,144.14999389648438,145.64999389648438,142.9499969482422,143.60000610351562,1132200,0.0,0.0
2024-08-07 00:00:00-04:00,143.88999938964844,146.39999389648438,143.6300048828125,143.7899932861328,797400,0.0,0.0
2024-08-08 00:00:00-04:00,143.42999267578125,146.58999633789062,143.16000366210938,144.7100067138672,1188200,0.0,0.0
2024-08-09 00:00:00-04:00,144.85000610351562,145.00999450683594,140.27000427246094,142.27999877929688,1057100,0.0,0.0
2024-08-12 00:00:00-04:00,142.11000061035156,142.77999877929688,141.08999633789062,142.55999755859375,676700,0.0,0.0
2024-08-13 00:00:00-04:00,142.47000122070312,142.72000122070312,141.2100067138672,141.38999938964844,873200,0.0,0.0
2024-08-14 00:00:00-04:00,141.0,142.8000030517578,140.1699981689453,141.6699981689453,562400,0.0,0.0
2024-08-15 00:00:00-04:00,141.2899932861328,143.0,140.58999633789062,142.02999877929688,883700,0.0,0.0
2024-08-16 00:00:00-04:00,142.1699981689453,142.6999969482422,140.64999389648438,140.97999572753906,643700,0.0,0.0
2024-08-19 00:00:00-04:00,141.1699981689453,142.07000732421875,141.07000732421875,141.57000732421875,457900,0.0,0.0
2024-08-20 00:00:00-04:00,141.72999572753906,142.11000061035156,140.9499969482422,141.27000427246094,520600,0.0,0.0
2024-08-21 00:00:00-04:00,141.08999633789062,141.38999938964844,140.02999877929688,140.77000427246094,632900,0.0,0.0
2024-08-22 00:00:00-04:00,140.6699981689453,141.14999389648438,138.88999938964844,140.02000427246094,771800,0.0,0.0
2024-08-23 00:00:00-04:00,140.4199981689453,141.14999389648438,139.5500030517578,140.4199981689453,521400,0.0,0.0
