Date,Open,High,Low,Close,Volume,Dividends,Stock Splits
2003-05-29 00:00:00-04:00,2.7706220715904144,2.779502134819591,2.735101141168311,2.7581896781921387,343000,0.0,0.0
2003-05-30 00:00:00-04:00,2.7528605726918105,2.78482933031703,2.751084492962346,2.7741730213165283,267700,0.0,0.0
2003-06-02 00:00:00-04:00,2.7759497954979775,2.788382017961794,2.7439810298752167,2.752861261367798,305900,0.0,0.0
2003-06-03 00:00:00-04:00,2.779502291314539,2.797262757525562,2.7510856808779884,2.781278371810913,298300,0.0,0.0
2003-06-04 00:00:00-04:00,2.7528595290335005,2.7528595290335005,2.6995783429834144,2.7350990772247314,468300,0.0,0.0
2003-06-05 00:00:00-04:00,2.726219506240142,2.75996416743531,2.726219506240142,2.742203712463379,286800,0.0,0.0
2003-06-06 00:00:00-04:00,2.7422049497014354,2.7564134217153615,2.735100798382636,2.752861261367798,206000,0.0,0.0
2003-06-09 00:00:00-04:00,2.7528596983377627,2.756411856668467,2.726219188362406,2.733323335647583,213300,0.0,0.0
2003-06-10 00:00:00-04:00,2.736877959181046,2.7528623483036774,2.7279977241822064,2.7475342750549316,213100,0.0,0.0
2003-06-11 00:00:00-04:00,2.752861261367798,2.7564134217153615,2.727996647063837,2.752861261367798,262200,0.0,0.0
2003-06-12 00:00:00-04:00,2.754635456864248,2.770619828739378,2.7475313104059915,2.7670676708221436,293800,0.0,0.0
2003-06-13 00:00:00-04:00,2.777726602658457,2.7795025139207024,2.747533909307445,2.7599661350250244,198700,0.0,0.0
2003-06-16 00:00:00-04:00,2.7688456441791782,2.77062172435296,2.7457571100489986,2.752861261367798,228600,0.0,0.0
2003-06-17 00:00:00-04:00,2.7599671849762584,2.7599671849762584,2.7368786360199615,2.7439827919006348,264700,0.0,0.0
2003-06-18 00:00:00-04:00,2.7493108664670305,2.752863029095585,2.7404307986485166,2.7439827919006348,234100,0.0,0.0
2003-06-19 00:00:00-04:00,2.751086129622479,2.7528622104085594,2.73510174130053,2.745758056640625,230500,0.0,0.0
2003-06-20 00:00:00-04:00,2.735100798382636,2.7564134217153615,2.729772727237618,2.752861261367798,206000,0.0,0.0
2003-06-23 00:00:00-04:00,2.7581877664575876,2.7581877664575876,2.6818182254859906,2.733323335647583,230000,0.0,0.0
2003-06-24 00:00:00-04:00,2.733324557449542,2.733324557449542,2.6747152738042965,2.6995797157287598,217200,0.0,0.0
2003-06-25 00:00:00-04:00,2.6995797157287598,2.7137880166502555,2.681819424265044,2.6995797157287598,183100,0.0,0.0
2003-06-26 00:00:00-04:00,2.712011536461283,2.712011536461283,2.683594771210381,2.7084593772888184,145000,0.0,0.0
2003-06-27 00:00:00-04:00,2.7155643963616027,2.7493090724309157,2.7013560938717522,2.724444627761841,189500,0.0,0.0
2003-06-30 00:00:00-04:00,2.717339515686035,2.724443664418987,2.690698830905268,2.717339515686035,145000,0.0,0.0
2003-07-01 00:00:00-04:00,2.71023484040184,2.726219214289563,2.692474387331874,2.7066826820373535,115800,0.0,0.0
2003-07-02 00:00:00-04:00,2.7084593772888184,2.7244437548123654,2.704907218116354,2.7084593772888184,139300,0.0,0.0
2003-07-03 00:00:00-04:00,2.726219743946291,2.726219743946291,2.7049071283711705,2.717339515686035,69500,0.0,0.0
2003-07-07 00:00:00-04:00,2.7173406143255527,2.7262208461761475,2.692475999019155,2.7262208461761475,183800,0.0,0.0
2003-07-08 00:00:00-04:00,2.720891999602938,2.7333243891760937,2.710235859256001,2.731548309326172,208200,0.0,0.0
2003-07-09 00:00:00-04:00,2.7315489801104818,2.738653131878433,2.7120126050927005,2.7208926677703857,162300,0.0,0.0
2003-07-10 00:00:00-04:00,2.7155645962885067,2.722668748056458,2.710236524806628,2.7208926677703857,103600,0.0,0.0
2003-07-11 00:00:00-04:00,2.7208907835282043,2.738651235336974,2.71023464794392,2.7350990772247314,115100,0.0,0.0
2003-07-14 00:00:00-04:00,2.7422033927218807,2.7439794718872332,2.7226670300317015,2.733323335647583,176400,0.0,0.0
2003-07-15 00:00:00-04:00,2.735099245436704,2.7404274829327604,2.7120108937920513,2.733323335647583,157700,0.0,0.0
2003-07-16 00:00:00-04:00,2.72089013193145,2.729770355709205,2.68536940619661,2.6942496299743652,247200,0.0,0.0
2003-07-17 00:00:00-04:00,2.704907218116354,2.7155635262574758,2.6906989201790386,2.7084593772888184,204400,0.0,0.0
2003-07-18 00:00:00-04:00,2.7262200832226178,2.742204292828783,2.6924752455093754,2.7155637741088867,195800,0.0,0.0
2003-07-21 00:00:00-04:00,2.708459589075418,2.708459589075418,2.683594981052706,2.6871471405029297,116600,0.0,0.0
2003-07-22 00:00:00-04:00,2.701356588527058,2.701356588527058,2.637419215614925,2.6693878173828125,274400,0.0,0.0
2003-07-23 00:00:00-04:00,2.669385232979472,2.6995778944117244,2.6605050085506576,2.69069766998291,101300,0.0,0.0
2003-07-24 00:00:00-04:00,2.6907010117535455,2.697805166244507,2.6693885482806614,2.697805166244507,131700,0.0,0.0
2003-07-25 00:00:00-04:00,2.6906991305768684,2.6995793598261435,2.671162761729492,2.6871471405029297,101900,0.0,0.0
2003-07-28 00:00:00-04:00,2.6818193923753633,2.690699453313474,2.6391943207414266,2.6711630821228027,171400,0.0,0.0
2003-07-29 00:00:00-04:00,2.6747142550745027,2.6835943127360213,2.637417437016898,2.6498496532440186,158300,0.0,0.0
2003-07-30 00:00:00-04:00,2.6622838973999023,2.6640599780355885,2.639195357265096,2.6622838973999023,100600,0.0,0.0
2003-07-31 00:00:00-04:00,2.672939954637569,2.672939954637569,2.6409711837768555,2.6409711837768555,133500,0.0,0.0
2003-08-01 00:00:00-04:00,2.642746480617715,2.6800433124372187,2.642746480617715,2.6711630821228027,132200,0.0,0.0
2003-08-04 00:00:00-04:00,2.6640583473313573,2.6747146552462406,2.639193741780808,2.665834426879883,142800,0.0,0.0
2003-08-05 00:00:00-04:00,2.646298125322087,2.6534022747700496,2.6107773780822754,2.6107773780822754,155400,0.0,0.0
2003-08-06 00:00:00-04:00,2.6018982368551087,2.6143306306195893,2.5130962469368274,2.6125545501708984,259600,0.0,0.0
2003-08-07 00:00:00-04:00,2.6107787445996027,2.6640599780355885,2.6107787445996027,2.6622838973999023,127400,0.0,0.0
2003-08-08 00:00:00-04:00,2.6622816524903707,2.665833810766465,2.6303130748866654,2.664057731628418,131400,0.0,0.0
2003-08-11 00:00:00-04:00,2.6640599780355885,2.6729402118376484,2.6462995104314695,2.6622838973999023,151600,0.0,0.0
2003-08-12 00:00:00-04:00,2.66228366483702,2.6693878173828125,2.656955592771765,2.6693878173828125,151600,0.0,0.0
2003-08-13 00:00:00-04:00,2.6658346171624507,2.667610696837749,2.628537790862579,2.6551783084869385,234100,0.0,0.0
2003-08-14 00:00:00-04:00,2.65195315027518,2.677022145001406,2.625093293507442,2.673440933227539,197000,0.122,0.0
2003-08-15 00:00:00-04:00,2.677022889136963,2.693138773523416,2.6501631956727203,2.66806960105896,123900,0.0,0.0
2003-08-18 00:00:00-04:00,2.67881480654731,2.682396020955168,2.6430018086195073,2.6609082221984863,127600,0.0,0.0
2003-08-19 00:00:00-04:00,2.6698609912396494,2.6698609912396494,2.632257308091071,2.6501638889312744,175600,0.0,0.0
2003-08-20 00:00:00-04:00,2.6501649116242154,2.659118205499374,2.6412116177490566,2.6519556045532227,96300,0.0,0.0
2003-08-21 00:00:00-04:00,2.6555363843739843,2.6662803694171098,2.650164477237346,2.662698984146118,130600,0.0,0.0
2003-08-22 00:00:00-04:00,2.6591177696449755,2.664489676781614,2.641211184829716,2.662698984146118,125200,0.0,0.0
2003-08-25 00:00:00-04:00,2.6519577543516677,2.666282967856645,2.6322604577048123,2.6358418464660645,111600,0.0,0.0
2003-08-26 00:00:00-04:00,2.6358382725335874,2.6501634666150373,2.587490614431355,2.6376287937164307,235500,0.0,0.0
2003-08-27 00:00:00-04:00,2.632256619516714,2.66806960105896,2.6143502141304737,2.66806960105896,116500,0.0,0.0
2003-08-28 00:00:00-04:00,2.6501638889312744,2.675232897183786,2.637629214035208,2.6501638889312744,101700,0.0,0.0
2003-08-29 00:00:00-04:00,2.6680708912827567,2.6752334910548905,2.6537456917384885,2.662698984146118,110600,0.0,0.0
2003-09-02 00:00:00-04:00,2.6752338801336113,2.684187173843384,2.6591181563798694,2.684187173843384,146700,0.0,0.0
2003-09-03 00:00:00-04:00,2.6823966490235263,2.68597803503979,2.659118322997346,2.6806061267852783,134300,0.0,0.0
2003-09-04 00:00:00-04:00,2.6859777565054714,2.6859777565054714,2.66628064776825,2.6716525554656982,154400,0.0,0.0
2003-09-05 00:00:00-04:00,2.6859772205352783,2.6895586054655114,2.6680706374237766,2.6859772205352783,164200,0.0,0.0
2003-09-08 00:00:00-04:00,2.6895601395159825,2.6931413557190096,2.6770254558805626,2.6823973655700684,165800,0.0,0.0
2003-09-09 00:00:00-04:00,2.689559152149164,2.7038843532421932,2.685977766490973,2.6877684593200684,190500,0.0,0.0
2003-09-10 00:00:00-04:00,2.702094688764676,2.702094688764676,2.668072195143197,2.6913506984710693,172700,0.0,0.0
2003-09-11 00:00:00-04:00,2.694933275847558,2.7110491830214185,2.685979975109857,2.707467794418335,169700,0.0,0.0
2003-09-12 00:00:00-04:00,2.7217905922468355,2.730743885040283,2.7038841774297966,2.730743885040283,168000,0.0,0.0
2003-09-15 00:00:00-04:00,2.7128374971120723,2.728953391160519,2.703884374436152,2.7217907905578613,162400,0.0,0.0
2003-09-16 00:00:00-04:00,2.711319878245012,2.725760981892928,2.7022941454271807,2.7185404300689697,234700,0.122,0.0
2003-09-17 00:00:00-04:00,2.7077112850257206,2.7257627624532175,2.705906102852641,2.7131266593933105,156200,0.0,0.0
2003-09-18 00:00:00-04:00,2.716735363006592,2.723955915133357,2.7004890776834833,2.716735363006592,111600,0.0,0.0
2003-09-19 00:00:00-04:00,2.7257609261075824,2.7275659349129793,2.709514641798289,2.7221505641937256,117000,0.0,0.0
2003-09-22 00:00:00-04:00,2.727566661278879,2.727566661278879,2.7059050004817133,2.725761651992798,137000,0.0,0.0
2003-09-23 00:00:00-04:00,2.713125000867438,2.727566105120969,2.6842427923603753,2.716735363006592,194200,0.0,0.0
2003-09-24 00:00:00-04:00,2.7077107518585217,2.723957043913931,2.6896592779854864,2.7113211154937744,188600,0.0,0.0
2003-09-25 00:00:00-04:00,2.716738031303257,2.7221534076792624,2.693271170804954,2.705907106399536,147900,0.0,0.0
2003-09-26 00:00:00-04:00,2.707709347626103,2.7239556312561035,2.707709347626103,2.7239556312561035,107300,0.0,0.0
2003-09-29 00:00:00-04:00,2.7257609261075824,2.7257609261075824,2.709514641798289,2.7221505641937256,82900,0.0,0.0
2003-09-30 00:00:00-04:00,2.722152395390546,2.7528398036956787,2.7167370210283597,2.7528398036956787,129400,0.0,0.0
2003-10-01 00:00:00-04:00,2.7582556047503943,2.788943017802763,2.736593931799018,2.7600607872009277,244800,0.0,0.0
2003-10-02 00:00:00-04:00,2.77089129651343,2.7799168631167133,2.7492294546409353,2.7654757499694824,128200,0.0,0.0
2003-10-03 00:00:00-04:00,2.7708902559539688,2.7835261821746826,2.7347873144920722,2.7835261821746826,149300,0.0,0.0
2003-10-06 00:00:00-04:00,2.779917132679453,2.79796861193973,2.7654760181318974,2.785332679748535,122400,0.0,0.0
2003-10-07 00:00:00-04:00,2.765474495474769,2.8015774341172164,2.765474495474769,2.7961618900299072,201300,0.0,0.0
2003-10-08 00:00:00-04:00,2.799772806010257,2.8106035520219694,2.7853316965602377,2.8051881790161133,190400,0.0,0.0
2003-10-09 00:00:00-04:00,2.8322641276604523,2.8322641276604523,2.7799150829857706,2.80338191986084,213800,0.0,0.0
2003-10-10 00:00:00-04:00,2.7871359041081973,2.83226440119134,2.7871359041081973,2.8196284770965576,119200,0.0,0.0
2003-10-13 00:00:00-04:00,2.8268496514532186,2.837680568881902,2.7979674345121865,2.8340702056884766,139600,0.0,0.0
2003-10-14 00:00:00-04:00,2.8430959508882,2.8430959508882,2.803382816387633,2.8376805782318115,289700,0.0,0.0
2003-10-15 00:00:00-04:00,2.839862028528228,2.8653317061533095,2.8107539246698403,2.836223602294922,250500,0.122,0.0
2003-10-16 00:00:00-04:00,2.8471408415407615,2.890803198231619,2.814394290895235,2.8562371730804443,187500,0.0,0.0
2003-10-17 00:00:00-04:00,2.8835257054662615,2.888983434115952,2.8598753166535147,2.879887104034424,147600,0.0,0.0
2003-10-20 00:00:00-04:00,2.9017164242703135,2.9017164242703135,2.8562349750701586,2.885343074798584,189500,0.0,0.0
2003-10-21 00:00:00-04:00,2.8798900596140244,2.899901867532694,2.8653359859462206,2.874432325363159,208400,0.0,0.0
2003-10-22 00:00:00-04:00,2.8962608329468567,2.8980801338948567,2.8289482593536377,2.8289482593536377,221500,0.0,0.0
2003-10-23 00:00:00-04:00,2.8471418837135554,2.8744308883215184,2.8289493874730707,2.850780487060547,156300,0.0,0.0
2003-10-24 00:00:00-04:00,2.8744308883215184,2.879888619843848,2.81985305260375,2.850780487060547,172400,0.0,0.0
2003-10-27 00:00:00-05:00,2.8835269196497384,2.8962616830273396,2.86533425182619,2.8726112842559814,203200,0.0,0.0
2003-10-28 00:00:00-05:00,2.8908026390947024,2.905356697343922,2.8580559212849286,2.8835256099700928,186900,0.0,0.0
2003-10-29 00:00:00-05:00,2.8908042202451103,2.916273922861149,2.874430852384668,2.8889849185943604,206400,0.0,0.0
2003-10-30 00:00:00-05:00,2.9017195146271484,2.925369914218868,2.883527019670695,2.8908040523529053,202300,0.0,0.0
2003-10-31 00:00:00-05:00,2.9199121152667544,2.9199121152667544,2.8926232850953113,2.910815954208374,167400,0.0,0.0
2003-11-03 00:00:00-05:00,2.9108149478973933,2.914453549861349,2.887164555625956,2.9017186164855957,177000,0.0,0.0
2003-11-04 00:00:00-05:00,2.894441084270378,2.901718113438639,2.8671522682639132,2.876248598098755,188500,0.0,0.0
2003-11-05 00:00:00-05:00,2.87624902611576,2.901718545245784,2.87624902611576,2.8998992443084717,186500,0.0,0.0
2003-11-06 00:00:00-05:00,2.9017195146271484,2.9017195146271484,2.874430685443396,2.8908040523529053,174800,0.0,0.0
2003-11-07 00:00:00-05:00,2.8998987030886036,2.9435610499447824,2.8798869170073105,2.9180915355682373,196100,0.0,0.0
2003-11-10 00:00:00-05:00,2.929006671399487,2.939922126794625,2.9035369863141045,2.925368070602417,190800,0.0,0.0
2003-11-11 00:00:00-05:00,2.9326474776395535,2.9399243377100492,2.8962621362980783,2.9362857341766357,213500,0.0,0.0
2003-11-12 00:00:00-05:00,2.936283961423259,2.9799461364746094,2.914453047395645,2.9799461364746094,248600,0.0,0.0
2003-11-13 00:00:00-05:00,2.987644256914865,2.994976067414272,2.9326570765691793,2.974813938140869,212900,0.122,0.0
2003-11-14 00:00:00-05:00,2.9784812585630664,2.9784812585630664,2.943655841344138,2.971149444580078,222600,0.0,0.0
2003-11-17 00:00:00-05:00,2.9693167955027833,2.9711493993705123,2.9179951472031838,2.9308254718780518,215600,0.0,0.0
2003-11-18 00:00:00-05:00,2.930825119602785,2.971149042248446,2.9179947964700785,2.9601516723632812,228600,0.0,0.0
2003-11-19 00:00:00-05:00,2.9839796168952843,2.9876451736697924,2.9234933853149414,2.9234933853149414,257000,0.0,0.0
2003-11-20 00:00:00-05:00,2.9326586431435095,2.949154875979204,2.874005526216664,2.8813371658325195,259900,0.0,0.0
2003-11-21 00:00:00-05:00,2.9069966999174204,2.91616128961527,2.8813360585234515,2.9143283367156982,207100,0.0,0.0
2003-11-24 00:00:00-05:00,2.919827653740396,2.945488299162322,2.8868351955693066,2.9234933853149414,223200,0.0,0.0
2003-11-25 00:00:00-05:00,2.9509897232055664,2.9601541475060538,2.908832637262533,2.9509897232055664,139000,0.0,0.0
2003-11-26 00:00:00-05:00,2.958318143628568,2.996809455138986,2.9326575023549677,2.9913105964660645,140600,0.0,0.0
2003-11-28 00:00:00-05:00,3.037133315303948,3.037133315303948,2.9876446369379788,3.0059738159179688,103200,0.0,0.0
2003-12-01 00:00:00-05:00,3.0243040471563445,3.042633232513682,2.971149444580078,2.971149444580078,165100,0.0,0.0
2003-12-02 00:00:00-05:00,2.9894763567431792,3.033466158390918,2.972980137425294,3.0206358432769775,194700,0.0,0.0
2003-12-03 00:00:00-05:00,3.0243029948979587,3.0407992210199484,2.9931434955119793,3.0059738159179688,196000,0.0,0.0
2003-12-04 00:00:00-05:00,3.033467409587948,3.055462494283938,3.0004753069439793,3.0059738159179688,189200,0.0,0.0
2003-12-05 00:00:00-05:00,3.0243043046382803,3.0572967711703605,2.9986436527134015,3.033468723297119,233700,0.0,0.0
2003-12-08 00:00:00-05:00,3.0701249143151945,3.082955231155451,3.0243021544000426,3.0554616451263428,200600,0.0,0.0
2003-12-09 00:00:00-05:00,3.0664605112220604,3.115949200068343,3.0334680519912056,3.042632818222046,238800,0.0,0.0
2003-12-10 00:00:00-05:00,3.0596195002268223,3.0743913367443665,3.011610943497712,3.072544813156128,209000,0.122,0.0
2003-12-11 00:00:00-05:00,3.0540832332680465,3.0910126841581795,3.009767328697961,3.0374648571014404,223300,0.0,0.0
2003-12-12 00:00:00-05:00,3.065158338408754,3.1020877447821853,3.0263820567001303,3.063311815261841,194100,0.0,0.0
2003-12-15 00:00:00-05:00,3.083623954685559,3.120553369885238,3.028229303603495,3.072544813156128,168800,0.0,0.0
2003-12-16 00:00:00-05:00,3.0651605689772583,3.0651605689772583,3.0116124153137207,3.0116124153137207,171200,0.0,0.0
2003-12-17 00:00:00-05:00,3.0337700567938914,3.059620692727906,3.009765592979306,3.031923532485962,217100,0.0,0.0
2003-12-18 00:00:00-05:00,3.065158755237589,3.0965489486272904,3.0300755150518466,3.0910093784332275,211100,0.0,0.0
2003-12-19 00:00:00-05:00,3.1205546086093583,3.1205546086093583,3.054081493987662,3.074392557144165,236000,0.0,0.0
2003-12-22 00:00:00-05:00,3.0743913697161966,3.1205534033521407,3.065159103864355,3.098395824432373,187000,0.0,0.0
2003-12-23 00:00:00-05:00,3.1113220417416727,3.1297869310001616,3.0706992149353027,3.0706992149353027,225500,0.0,0.0
2003-12-24 00:00:00-05:00,3.0706984389737517,3.1224000453948975,3.0706984389737517,3.1224000453948975,116300,0.0,0.0
2003-12-26 00:00:00-05:00,3.1390185195104316,3.151943833534743,3.1057817964831194,3.129786252975464,79400,0.0,0.0
2003-12-29 00:00:00-05:00,3.1468983024458863,3.198974761164285,3.1301594533843238,3.139458656311035,193100,0.122,0.0
2003-12-30 00:00:00-05:00,3.1543374061584473,3.1692166975428435,3.1059811281264844,3.1543374061584473,162300,0.0,0.0
2003-12-31 00:00:00-05:00,3.174795377271598,3.174795377271598,3.0873816881072624,3.1227192878723145,153900,0.0,0.0
2004-01-02 00:00:00-05:00,3.1431779504691675,3.1431779504691675,3.0613436304655064,3.070643186569214,122900,0.0,0.0
2004-01-05 00:00:00-05:00,3.0520440871977383,3.105980442331632,3.0501841761853536,3.094820976257324,211500,0.0,0.0
2004-01-06 00:00:00-05:00,3.096680894955755,3.104120539023759,3.0780821395274995,3.092961072921753,169200,0.0,0.0
2004-01-07 00:00:00-05:00,3.096682137442996,3.1394590437722094,3.0687841704779397,3.1078412532806396,294000,0.0,0.0
2004-01-08 00:00:00-05:00,3.124579090533033,3.124579090533033,3.078082375764733,3.1208596229553223,196300,0.0,0.0
2004-01-09 00:00:00-05:00,3.1282982107405966,3.1524766956489167,3.1171391010284424,3.1171391010284424,175000,0.0,0.0
2004-01-12 00:00:00-05:00,3.13573825996269,3.161776304244995,3.118999415854994,3.161776304244995,198100,0.0,0.0
2004-01-13 00:00:00-05:00,3.1617756472226914,3.176654577255249,3.143176895996576,3.176654577255249,207800,0.0,0.0
2004-01-14 00:00:00-05:00,3.1803750593359625,3.217572214776149,3.128298616029604,3.161776304244995,274600,0.0,0.0
2004-01-15 00:00:00-05:00,3.1896733787854803,3.2082721287410045,3.1524762336160816,3.171074628829956,198000,0.0,0.0
2004-01-16 00:00:00-05:00,3.2026927253317856,3.2045526359919836,3.135737715273091,3.1506166458129883,187400,0.0,0.0
2004-01-20 00:00:00-05:00,3.1506165878129866,3.1692153393308935,3.1282980150431627,3.135737657546997,242300,0.0,0.0
2004-01-21 00:00:00-05:00,3.150616545589601,3.1989731569914297,3.1431769031854695,3.1747946739196777,228300,0.0,0.0
2004-01-22 00:00:00-05:00,3.195254990628914,3.20455419370851,3.161777291955395,3.1803760528564453,216300,0.0,0.0
2004-01-23 00:00:00-05:00,3.195253583201558,3.225011445638919,3.1654957207641963,3.1729350090026855,239700,0.0,0.0
2004-01-26 00:00:00-05:00,3.1989725802626463,3.2008321357867535,3.1636349946972313,3.1692147254943848,226600,0.0,0.0
2004-01-27 00:00:00-05:00,3.1785146258604837,3.182234447215553,3.115279081791061,3.143177032470703,255100,0.0,0.0
2004-01-28 00:00:00-05:00,3.161775030320653,3.1952527050474107,3.130157265827782,3.1524758338928223,229100,0.0,0.0
2004-01-29 00:00:00-05:00,3.159916639328003,3.184095129251591,3.115279836478812,3.159916639328003,280000,0.0,0.0
2004-01-30 00:00:00-05:00,3.1599152157711634,3.1599152157711634,3.1152784330310554,3.158055305480957,211100,0.0,0.0
2004-02-02 00:00:00-05:00,3.1580563634377716,3.171075385089006,3.133878231048584,3.133878231048584,190500,0.0,0.0
2004-02-03 00:00:00-05:00,3.1580567281998984,3.171075751354857,3.1338785930180855,3.159916639328003,179000,0.0,0.0
2004-02-04 00:00:00-05:00,3.1803760005690105,3.185955380428296,3.137599099519175,3.139458656311035,256600,0.0,0.0
2004-02-05 00:00:00-05:00,3.1729344053538626,3.1785141365274656,3.1338773513635445,3.145036458969116,203700,0.0,0.0
2004-02-06 00:00:00-05:00,3.1692150731018884,3.1878134683157633,3.1561956998138667,3.171074628829956,205700,0.0,0.0
2004-02-09 00:00:00-05:00,3.1785139220813625,3.189673028934058,3.1654949049629493,3.1692147254943848,160700,0.0,0.0
2004-02-10 00:00:00-05:00,3.161775084431514,3.1785139220813625,3.1431763365159475,3.1692147254943848,230600,0.0,0.0
2004-02-11 00:00:00-05:00,3.2033096617128867,3.2033096617128867,3.156477650159482,3.1770834922790527,206000,0.122,0.0
2004-02-12 00:00:00-05:00,3.186449805630371,3.186449805630371,3.1377444753754262,3.152730703353882,248600,0.0,0.0
2004-02-13 00:00:00-05:00,3.1658443130523874,3.178957220790662,3.139618497575839,3.1433651447296143,153300,0.0,0.0
2004-02-17 00:00:00-05:00,3.165843251161844,3.1677165741103797,3.1058983460079816,3.113391637802124,196100,0.0,0.0
2004-02-18 00:00:00-05:00,3.150857910633519,3.154604557583837,3.066560498050886,3.0927863121032715,256300,0.0,0.0
2004-02-19 00:00:00-05:00,3.1096458092139208,3.1096458092139208,3.0253480408729154,3.0553205013275146,321200,0.0,0.0
2004-02-20 00:00:00-05:00,3.079674079481711,3.079674079481711,2.9522909136751685,3.0066158771514893,494100,0.0,0.0
2004-02-23 00:00:00-05:00,3.0066149087746954,3.0066149087746954,2.8942181916022434,2.9223175048828125,598600,0.0,0.0
2004-02-24 00:00:00-05:00,2.927937818913825,2.950417166362399,2.7893150869892995,2.9373042583465576,688100,0.0,0.0
2004-02-25 00:00:00-05:00,2.978514412572243,3.040332623420545,2.9410488573080995,3.038459300994873,240100,0.0,0.0
2004-02-26 00:00:00-05:00,3.060940169902253,3.0721797521397503,2.997248608389976,3.0309677124023438,194700,0.0,0.0
2004-02-27 00:00:00-05:00,3.0628111362457275,3.0740507098340806,3.0347120236250444,3.0628111362457275,146400,0.0,0.0
2004-03-01 00:00:00-05:00,3.081546416856973,3.085292706128438,3.0290944367577466,3.0459539890289307,182800,0.0,0.0
2004-03-02 00:00:00-05:00,3.060939063804324,3.062812386383611,2.959781966971189,2.9953742027282715,283900,0.0,0.0
2004-03-03 00:00:00-05:00,2.99724808693529,3.019727604799223,2.989754973863948,3.0159809589385986,219100,0.0,0.0
2004-03-04 00:00:00-05:00,3.025347216290345,3.0309671850812823,3.0066143442870366,3.0159809589385986,237300,0.0,0.0
2004-03-05 00:00:00-05:00,3.0272187363664074,3.0646844580603867,3.017852484592714,3.0628111362457275,175900,0.0,0.0
2004-03-08 00:00:00-05:00,3.0796729833914545,3.08903924218485,3.0590667852861393,3.0815463066101074,179300,0.0,0.0
2004-03-09 00:00:00-05:00,3.079670750819507,3.087163680962336,3.0272188106212594,3.0440783500671387,184900,0.0,0.0
2004-03-10 00:00:00-05:00,3.0871675599033144,3.0871675599033144,3.0440821748725178,3.053448438644409,152000,0.0,0.0
2004-03-11 00:00:00-05:00,3.0557113977129156,3.1028965628907184,3.0198505713793975,3.053823947906494,198500,0.122,0.0
2004-03-12 00:00:00-05:00,3.0859093250299208,3.095346212387085,3.0538234040237144,3.095346212387085,140900,0.0,0.0
2004-03-15 00:00:00-05:00,3.106670351049388,3.106670351049388,3.0575981079292918,3.085909128189087,177600,0.0,0.0
2004-03-16 00:00:00-05:00,3.1047855293967075,3.1066726201307384,3.0292889402364582,3.0651497840881348,266100,0.0,0.0
2004-03-17 00:00:00-05:00,3.080247414102393,3.082134863840733,3.0217379121907615,3.051936388015747,163700,0.0,0.0
2004-03-18 00:00:00-05:00,3.0613737738094318,3.0670361239438866,3.0255133029407433,3.0481619834899902,186600,0.0,0.0
2004-03-19 00:00:00-05:00,3.0708105254049207,3.0708105254049207,3.034949700364914,3.051936388015747,140700,0.0,0.0
2004-03-22 00:00:00-05:00,3.0481609606200286,3.0632601959174455,3.0198499394366434,3.036836624145508,166800,0.0,0.0
2004-03-23 00:00:00-05:00,3.048162675085973,3.048162675085973,3.0217390884518562,3.0292885303497314,161600,0.0,0.0
2004-03-24 00:00:00-05:00,3.038726780446664,3.0406142315394487,3.0009784785799534,3.010415554046631,231900,0.0,0.0
2004-03-25 00:00:00-05:00,3.027401439871039,3.046275224612912,3.017964187505734,3.0292885303497314,243700,0.0,0.0
2004-03-26 00:00:00-05:00,3.046273606142641,3.0972336618573535,3.038724168255745,3.095346212387085,139900,0.0,0.0
2004-03-29 00:00:00-05:00,3.114220347095591,3.114220347095591,3.0764720776785794,3.095346212387085,194300,0.0,0.0
2004-03-30 00:00:00-05:00,3.1066730514215437,3.1066730514215437,3.085911810515225,3.097236156463623,177500,0.0,0.0
2004-03-31 00:00:00-05:00,3.1123336646113042,3.1198834643529074,3.101009324993165,3.1104462146759033,135700,0.0,0.0
2004-04-01 00:00:00-05:00,3.1236589228458906,3.16706956413793,3.1123345798974498,3.165182113647461,172500,0.0,0.0
2004-04-02 00:00:00-05:00,3.167067123759376,3.1746165599096736,3.0821337171054406,3.150080442428589,224100,0.0,0.0
2004-04-05 00:00:00-04:00,3.151970892156762,3.151970892156762,3.0613750521468397,3.078361749649048,195900,0.0,0.0
2004-04-06 00:00:00-04:00,3.067036168808406,3.085910309538393,3.0330627874932876,3.0387251377105713,149500,0.0,0.0
2004-04-07 00:00:00-04:00,3.0576007778843386,3.0745874768721544,3.025514830906738,3.050050973892212,147200,0.0,0.0
2004-04-08 00:00:00-04:00,3.0670375324275403,3.108560372499326,3.0538257360408108,3.099123477935791,128200,0.0,0.0
2004-04-12 00:00:00-04:00,3.099121856639613,3.1198834458113693,3.0877975170887746,3.1142210960388184,141400,0.0,0.0
2004-04-13 00:00:00-04:00,3.1507297526802547,3.1507297526802547,3.042346226393148,3.0556564331054688,247400,0.122,0.0
2004-04-14 00:00:00-04:00,3.0404452502771564,3.0404452502771564,2.9054411055254015,2.9548792839050293,385000,0.0,0.0
2004-04-15 00:00:00-04:00,2.9548796845899203,2.9548796845899203,2.911146031019302,2.9225547313690186,257000,0.0,0.0
2004-04-16 00:00:00-04:00,2.9263563605665657,2.966287155475043,2.9168489939049405,2.94537091255188,135300,0.0,0.0
2004-04-19 00:00:00-04:00,2.9738941882393988,2.9948102580936076,2.9491750976818745,2.9662883281707764,119000,0.0,0.0
2004-04-20 00:00:00-04:00,2.9853020972647157,2.9853020972647157,2.909243516716274,2.916849374771118,138600,0.0,0.0
2004-04-21 00:00:00-04:00,2.9168493034437244,2.922553651510876,2.823677499215777,2.8674111366271973,403600,0.0,0.0
2004-04-22 00:00:00-04:00,2.867409511645323,2.909241796886335,2.8617051668108653,2.9073402881622314,182600,0.0,0.0
2004-04-23 00:00:00-04:00,2.9263566711142808,2.9263566711142808,2.861706788560046,2.8674111366271973,189000,0.0,0.0
2004-04-26 00:00:00-04:00,2.886425128707962,2.895932312592443,2.814169406890869,2.814169406890869,233500,0.0,0.0
2004-04-27 00:00:00-04:00,2.814170633005648,2.8502984189858678,2.814170633005648,2.8369882106781006,277700,0.0,0.0
2004-04-28 00:00:00-04:00,2.84649473022561,2.8598049345596337,2.833184344553653,2.852199077606201,182000,0.0,0.0
2004-04-29 00:00:00-04:00,2.861707655472657,2.9187516974386987,2.852200284921982,2.8883280754089355,276300,0.0,0.0
2004-04-30 00:00:00-04:00,2.9282596839309716,2.935865546174764,2.880722999572754,2.880722999572754,182700,0.0,0.0
2004-05-03 00:00:00-04:00,2.9092430954259116,2.9092430954259116,2.833184344553653,2.852199077606201,218000,0.0,0.0
2004-05-04 00:00:00-04:00,2.8807204377026574,2.8807204377026574,2.833183795619525,2.876917600631714,231300,0.0,0.0
2004-05-05 00:00:00-04:00,2.909242162388213,2.9149465079393346,2.8712128898176097,2.8921289443969727,188200,0.0,0.0
2004-05-06 00:00:00-04:00,2.8940329104092966,2.899737260803442,2.831284512059609,2.840791702270508,144500,0.0,0.0
2004-05-07 00:00:00-04:00,2.848398734483033,2.848398734483033,2.709591669341512,2.7190990447998047,341100,0.0,0.0
2004-05-10 00:00:00-04:00,2.728604508455906,2.728604508455906,2.5441622066120675,2.662053108215332,502500,0.0,0.0
2004-05-11 00:00:00-04:00,2.70008245558358,2.7780425548553467,2.690575086598198,2.7780425548553467,227100,0.0,0.0
2004-05-12 00:00:00-04:00,2.799517539885929,2.832114675703191,2.747745553753245,2.818692207336426,182300,0.122,0.0
2004-05-13 00:00:00-04:00,2.837866361711223,2.8397838828455098,2.79376428994704,2.8263614177703857,128900,0.0,0.0
2004-05-14 00:00:00-04:00,2.8455377826060197,2.8551252105312646,2.7937657815286836,2.828280448913574,152000,0.0,0.0
2004-05-17 00:00:00-04:00,2.8474543802647787,2.8474543802647787,2.8091046810150146,2.8091046810150146,135100,0.0,0.0
2004-05-18 00:00:00-04:00,2.828280448913574,2.8570425498243313,2.8225280653044185,2.828280448913574,156100,0.0,0.0
2004-05-19 00:00:00-04:00,2.828279976065522,2.876216924812395,2.828279976065522,2.8627946376800537,173000,0.0,0.0
2004-05-20 00:00:00-04:00,2.8627936841254673,2.885803389915977,2.837866457136193,2.857041120529175,165500,0.0,0.0
2004-05-21 00:00:00-04:00,2.876216331551533,2.8915561373572816,2.858959004303838,2.880051374435425,166900,0.0,0.0
2004-05-24 00:00:00-04:00,2.89155669270012,2.9011441188862697,2.8397848838788224,2.8417022228240967,127500,0.0,0.0
2004-05-25 00:00:00-04:00,2.8436213889956146,2.9049806594848633,2.8436213889956146,2.9049806594848633,207400,0.0,0.0
2004-05-26 00:00:00-04:00,2.9145662784576416,2.922236182498388,2.8877217057474978,2.9145662784576416,142400,0.0,0.0
2004-05-27 00:00:00-04:00,2.9222348534132805,2.933739795674213,2.9049775314543083,2.924152374267578,127700,0.0,0.0
2004-05-28 00:00:00-04:00,2.951001123117096,2.951001123117096,2.9068989979313558,2.9279913902282715,112200,0.0,0.0
2004-06-01 00:00:00-04:00,2.9279894061801044,2.9433292177115082,2.885804833036255,2.891557216644287,151900,0.0,0.0
2004-06-02 00:00:00-04:00,2.922238819857239,2.9279913902282715,2.891559176005473,2.9279913902282715,98500,0.0,0.0
2004-06-03 00:00:00-04:00,2.9337429546754867,2.9337429546754867,2.8858059788894983,2.9049806594848633,136300,0.0,0.0
2004-06-04 00:00:00-04:00,2.9184008780560795,2.9184008780560795,2.8570414721972157,2.9011435508728027,173500,0.0,0.0
2004-06-07 00:00:00-04:00,2.90497911122217,2.922236442565918,2.88388691894923,2.922236442565918,152800,0.0,0.0
2004-06-08 00:00:00-04:00,2.9222386123896493,2.95291825406328,2.895394017357767,2.943331003189087,170600,0.0,0.0
2004-06-09 00:00:00-04:00,2.9529165993300914,2.9529165993300914,2.939494309335632,2.9509992599487305,155100,0.0,0.0
2004-06-10 00:00:00-04:00,2.9529177144858387,2.966340192414221,2.9299079874351115,2.949082851409912,203600,0.0,0.0
2004-06-14 00:00:00-04:00,2.9668641964518687,2.9668641964518687,2.9108126992263177,2.935939073562622,130900,0.122,0.0
2004-06-15 00:00:00-04:00,2.9571985003971424,2.9687952538937132,2.9185423481967825,2.9243407249450684,169500,0.0,0.0
2004-06-16 00:00:00-04:00,2.937872492155957,2.9572006746304025,2.9146787837829478,2.9262757301330566,185800,0.0,0.0
2004-06-17 00:00:00-04:00,2.9378705980982813,2.9378705980982813,2.9127440508115776,2.9146769046783447,157100,0.0,0.0
2004-06-18 00:00:00-04:00,2.9378707517962828,2.959131776788836,2.9204754347395023,2.9417364597320557,156100,0.0,0.0
2004-06-21 00:00:00-04:00,2.945605127440413,2.974597414923395,2.9340083599090576,2.9340083599090576,128900,0.0,0.0
2004-06-22 00:00:00-04:00,2.966862275005671,2.9726606511490306,2.9282059425111306,2.9378700256347656,167600,0.0,0.0
2004-06-23 00:00:00-04:00,2.9417365410142233,2.9417365410142233,2.906945905939374,2.9127442836761475,115800,0.0,0.0
2004-06-24 00:00:00-04:00,2.932072901342931,2.937871279961914,2.908879202539866,2.920475959777832,147900,0.0,0.0
2004-06-25 00:00:00-04:00,2.932072401046753,2.9378707786763654,2.9166099378163852,2.932072401046753,123100,0.0,0.0
2004-06-28 00:00:00-04:00,2.935937617148019,2.947534555519553,2.920475155537362,2.94560170173645,100100,0.0,0.0
2004-06-29 00:00:00-04:00,2.937871928304545,2.947536017686986,2.9262751685073543,2.935939073562622,111300,0.0,0.0
2004-06-30 00:00:00-04:00,2.9475359308438893,2.9668641090393066,2.9301406073334473,2.9668641090393066,107100,0.0,0.0
2004-07-01 00:00:00-04:00,2.9552635306224846,2.991986802835776,2.9552635306224846,2.9765243530273438,91200,0.0,0.0
2004-07-02 00:00:00-04:00,2.995856420885333,3.0248485060662538,2.9861923310492986,3.0209829807281494,119000,0.0,0.0
2004-07-06 00:00:00-04:00,3.0093843936920166,3.022914185809472,2.9919890783460614,3.0093843936920166,127200,0.0,0.0
2004-07-07 00:00:00-04:00,3.0190501662742038,3.0287142562394918,3.0074534057776057,3.0151846408843994,147200,0.0,0.0
2004-07-08 00:00:00-04:00,3.0325787119853667,3.0383772745155952,3.005519490819446,3.0345115661621094,117400,0.0,0.0
2004-07-09 00:00:00-04:00,3.0480409197961804,3.0538392971598367,3.026779895584285,3.028712749481201,112900,0.0,0.0
2004-07-12 00:00:00-04:00,3.032579876256629,3.049975201871507,3.0248486409085933,3.046109676361084,122400,0.0,0.0
2004-07-13 00:00:00-04:00,3.0854570514169475,3.0854570514169475,3.042603429656928,3.0581865310668945,118400,0.122,0.0
2004-07-14 00:00:00-04:00,3.0776641148785195,3.0796120481189413,3.0523415400484555,3.05623722076416,122300,0.0,0.0
2004-07-15 00:00:00-04:00,3.0757161816380982,3.0757161816380982,3.0445499928519077,3.05623722076416,128300,0.0,0.0
2004-07-16 00:00:00-04:00,3.0679245529091124,3.07376816670994,3.046497845129322,3.065976619720459,96700,0.0,0.0
2004-07-19 00:00:00-04:00,3.0951953756407575,3.0951953756407575,3.0464981555531976,3.085455894470215,101600,0.0,0.0
2004-07-20 00:00:00-04:00,3.0854567487720894,3.089352430859852,3.0523426150826887,3.0737693309783936,123500,0.0,0.0
2004-07-21 00:00:00-04:00,3.0757173893474254,3.0874048076139906,3.0426032543182373,3.0426032543182373,132100,0.0,0.0
2004-07-22 00:00:00-04:00,3.0542889173624026,3.058184597369035,3.030914280027295,3.038705825805664,91500,0.0,0.0
2004-07-23 00:00:00-04:00,3.0426010030056214,3.0542884126243184,3.0211743020972635,3.046496868133545,85100,0.0,0.0
2004-07-26 00:00:00-04:00,3.065977100949252,3.065977100949252,3.0231236786634956,3.052341938018799,101200,0.0,0.0
2004-07-27 00:00:00-04:00,3.052342206169257,3.064029436632045,3.038707042040945,3.044550657272339,119500,0.0,0.0
2004-07-28 00:00:00-04:00,3.0620813369750977,3.065977018093451,3.040654440646103,3.0620813369750977,83100,0.0,0.0
2004-07-29 00:00:00-04:00,3.067924737930298,3.0815598995429196,3.052341643011546,3.067924737930298,117900,0.0,0.0
2004-07-30 00:00:00-04:00,3.0796109073319062,3.097141742706299,3.069871430502753,3.097141742706299,83700,0.0,0.0
2004-08-02 00:00:00-04:00,3.0971433871567466,3.108830802710261,3.081560290262172,3.0912997722625732,112100,0.0,0.0
2004-08-03 00:00:00-04:00,3.099090705742867,3.1244134653780975,3.097142772576291,3.116621732711792,155300,0.0,0.0
2004-08-04 00:00:00-04:00,3.1224653480011293,3.1263608425742038,3.0971425898598195,3.1010384559631348,116600,0.0,0.0
2004-08-05 00:00:00-04:00,3.112726186509662,3.128309281914667,3.0990910244715697,3.1068825721740723,114400,0.0,0.0
2004-08-06 00:00:00-04:00,3.132205280819921,3.132205280819921,3.1088306367260596,3.110778570175171,146000,0.0,0.0
2004-08-09 00:00:00-04:00,3.1224651076903385,3.1244130405920796,3.101038217301398,3.114673376083374,115400,0.0,0.0
2004-08-10 00:00:00-04:00,3.1205165614022943,3.1244124264399833,3.0874024516422147,3.097141742706299,185000,0.0,0.0
2004-08-11 00:00:00-04:00,3.112726957270364,3.114674891119617,3.0893523083749215,3.10493540763855,119500,0.0,0.0
2004-08-12 00:00:00-04:00,3.1190678921675503,3.1190678921675503,3.0739208093181176,3.085698366165161,136000,0.122,0.0
2004-08-13 00:00:00-04:00,3.095509551269751,3.1033611847746516,3.0641028300524407,3.101398229598999,118800,0.0,0.0
2004-08-16 00:00:00-04:00,3.10336296711465,3.1210290122484516,3.0955113291003546,3.0974740982055664,126400,0.0,0.0
2004-08-17 00:00:00-04:00,3.1072883435455085,3.130843254942958,3.095510981445681,3.1210286617279053,107100,0.0,0.0
2004-08-18 00:00:00-04:00,3.1386986361432454,3.1465504698397617,3.121032384722121,3.136735677719116,155600,0.0,0.0
2004-08-19 00:00:00-04:00,3.1445846557617188,3.152436107932153,3.128881189827305,3.1445846557617188,144100,0.0,0.0
2004-08-20 00:00:00-04:00,3.158328768515621,3.1602917275131177,3.1347738221398824,3.1504769325256348,182000,0.0,0.0
2004-08-23 00:00:00-04:00,3.1524376571911716,3.160289487616069,3.111216670648105,3.140660285949707,175700,0.0,0.0
2004-08-24 00:00:00-04:00,3.152436529076184,3.1563624428837254,3.1406591620493085,3.14654803276062,152600,0.0,0.0
2004-08-25 00:00:00-04:00,3.1563658095181246,3.1602917275131177,3.1308479041448893,3.1504769325256348,151400,0.0,0.0
2004-08-26 00:00:00-04:00,3.1544006168034135,3.1701039032673135,3.150474701588468,3.166177988052368,131100,0.0,0.0
2004-08-27 00:00:00-04:00,3.1877701473386857,3.1877701473386857,3.164215404840777,3.166177988052368,88600,0.0,0.0
2004-08-30 00:00:00-04:00,3.191694372456125,3.191694372456125,3.1661763114674377,3.1877684593200684,118400,0.0,0.0
2004-08-31 00:00:00-04:00,3.1897312666583937,3.195620136086972,3.168139119815939,3.1799168586730957,139900,0.0,0.0
2004-09-01 00:00:00-04:00,3.1877693698497067,3.2034726524836152,3.168140172958374,3.168140172958374,167900,0.0,0.0
2004-09-02 00:00:00-04:00,3.17599233896055,3.1975844952750214,3.1642149693325794,3.1858067512512207,140300,0.0,0.0
2004-09-03 00:00:00-04:00,3.2034729670263253,3.2054359243477766,3.1838437682076397,3.199547052383423,115600,0.0,0.0
2004-09-07 00:00:00-04:00,3.2054339358586708,3.207396891962403,3.1720644308864068,3.175990343093872,162500,0.0,0.0
2004-09-08 00:00:00-04:00,3.1661776091323555,3.1916956805796812,3.1661776091323555,3.1838438510894775,134100,0.0,0.0
2004-09-09 00:00:00-04:00,3.191693583257933,3.207396857523588,3.1897306271752774,3.2034709453582764,126300,0.0,0.0
2004-09-10 00:00:00-04:00,3.2152518126606635,3.232918062268359,3.2034744377208657,3.22702956199646,179800,0.0,0.0
2004-09-13 00:00:00-04:00,3.243243915294663,3.245221548357283,3.203692385627069,3.205669641494751,168400,0.122,0.0
2004-09-14 00:00:00-04:00,3.22346896756987,3.2254466012495024,3.1720520006796513,3.179962158203125,184200,0.0,0.0
2004-09-15 00:00:00-04:00,3.18391766421724,3.2017159914729736,3.1661193369615064,3.193805456161499,115800,0.0,0.0
2004-09-16 00:00:00-04:00,3.2135794076786697,3.2175346728610377,3.1878709383829738,3.1997363567352295,128200,0.0,0.0
2004-09-17 00:00:00-04:00,3.2056701722548815,3.2195136059852705,3.189849482329438,3.217535972595215,124900,0.0,0.0
2004-09-20 00:00:00-04:00,3.2234671210034644,3.247198334369548,3.2135793354645865,3.2333552837371826,125100,0.0,0.0
2004-09-21 00:00:00-04:00,3.247198334369548,3.247198334369548,3.2096240703710994,3.2333552837371826,171100,0.0,0.0
2004-09-22 00:00:00-04:00,3.245219870930859,3.251152767052057,3.2096232485931577,3.2155561447143555,189100,0.0,0.0
2004-09-23 00:00:00-04:00,3.215557526002102,3.235333477706389,3.1997368400776534,3.2135798931121826,177000,0.0,0.0
2004-09-24 00:00:00-04:00,3.211600880633557,3.233354455883206,3.1977578335455052,3.2155561447143555,185000,0.0,0.0
2004-09-27 00:00:00-04:00,3.221490947436607,3.2294011030849923,3.2017149925231934,3.2017149925231934,153800,0.0,0.0
2004-09-28 00:00:00-04:00,3.2214890791256807,3.2313768622504586,3.2056680226144394,3.2076456546783447,150100,0.0,0.0
2004-09-29 00:00:00-04:00,3.2135797875749454,3.223467574504911,3.1957814693450928,3.1957814693450928,107500,0.0,0.0
2004-09-30 00:00:00-04:00,3.187871748662404,3.2036924362182617,3.1839164824747033,3.2036924362182617,140000,0.0,0.0
2004-10-01 00:00:00-04:00,3.2096232485931577,3.2214890408355537,3.203690729666703,3.2155561447143555,109300,0.0,0.0
2004-10-04 00:00:00-04:00,3.2214903327860656,3.241265906731393,3.219512699952554,3.2234675884246826,105100,0.0,0.0
2004-10-05 00:00:00-04:00,3.2116019552666017,3.2610416412353516,3.207646689862333,3.2610416412353516,164100,0.0,0.0
2004-10-06 00:00:00-04:00,3.2491794581346336,3.2551119849544787,3.241268919447846,3.2531347274780273,142000,0.0,0.0
2004-10-07 00:00:00-04:00,3.253130624655918,3.255107879638672,3.2452200959458257,3.255107879638672,80300,0.0,0.0
2004-10-08 00:00:00-04:00,3.2491770323515246,3.270930620304067,3.2491770323515246,3.264997720718384,118600,0.0,0.0
2004-10-11 00:00:00-04:00,3.2590617779960147,3.2768600829390016,3.247196367098894,3.266972303390503,128900,0.0,0.0
2004-10-12 00:00:00-04:00,3.2808169322430714,3.286749829158093,3.264996250997807,3.2768616676330566,107400,0.0,0.0
2004-10-13 00:00:00-04:00,3.289216671443595,3.295193579820406,3.2593328895453455,3.269294023513794,142600,0.122,0.0
2004-10-14 00:00:00-04:00,3.269292838447283,3.285230875015259,3.2573394060194922,3.285230875015259,108500,0.0,0.0
2004-10-15 00:00:00-04:00,3.2892132687919977,3.2991743924557837,3.2772598443969527,3.2931978702545166,125400,0.0,0.0
2004-10-18 00:00:00-04:00,3.2951904595529653,3.2991746813718805,3.2772601313939433,3.279252052307129,138400,0.0,0.0
2004-10-19 00:00:00-04:00,3.289216516401737,3.301169952599014,3.267301566712658,3.2732784748077393,108500,0.0,0.0
2004-10-20 00:00:00-04:00,3.2852284857076963,3.2852284857076963,3.2633135588679076,3.2752673625946045,139500,0.0,0.0
2004-10-21 00:00:00-04:00,3.289216516401737,3.2932011217984583,3.267301566712658,3.2732784748077393,116500,0.0,0.0
2004-10-22 00:00:00-04:00,3.2832364415007005,3.2931979453842546,3.2732753176096656,3.291205644607544,111100,0.0,0.0
2004-10-25 00:00:00-04:00,3.2951902461609657,3.3011667684985793,3.269290716056244,3.291205644607544,131600,0.0,0.0
2004-10-26 00:00:00-04:00,3.2951912136986956,3.309136943237913,3.2892143096136177,3.3071446418762207,180000,0.0,0.0
2004-10-27 00:00:00-04:00,3.317108392715454,3.325077604466329,3.2971857433311977,3.317108392715454,128400,0.0,0.0
2004-10-28 00:00:00-04:00,3.341013736151849,3.341013736151849,3.2991761583862727,3.3330445289611816,120800,0.0,0.0
2004-10-29 00:00:00-04:00,3.348982008049586,3.350974309516906,3.3270674518943664,3.335036277770996,112300,0.0,0.0
2004-11-01 00:00:00-05:00,3.3469907541617876,3.3649210929870605,3.333045019518302,3.3649210929870605,141700,0.0,0.0
2004-11-02 00:00:00-05:00,3.3728884019668883,3.386834128757079,3.36292689712207,3.370896100997925,149300,0.0,0.0
2004-11-03 00:00:00-05:00,3.386834144592285,3.3908187465488426,3.3708961167586122,3.386834144592285,148400,0.0,0.0
2004-11-04 00:00:00-05:00,3.386836287393264,3.4107435342658126,3.3828516829157067,3.3967974185943604,156800,0.0,0.0
2004-11-05 00:00:00-05:00,3.3868366628531197,3.3868366628531197,3.2872238198280277,3.303161859512329,366100,0.0,0.0
2004-11-08 00:00:00-05:00,3.3031602302554326,3.3031602302554326,3.167686769763635,3.2433927059173584,387600,0.0,0.0
2004-11-09 00:00:00-05:00,3.253354801879307,3.285230875015259,3.22944755703096,3.285230875015259,136400,0.0,0.0
2004-11-10 00:00:00-05:00,3.2996803755988617,3.2996803755988617,3.27559494972229,3.27559494972229,143400,0.122,0.0
2004-11-11 00:00:00-05:00,3.2916519643908773,3.303694486618042,3.2816165930057197,3.303694486618042,171600,0.0,0.0
2004-11-12 00:00:00-05:00,3.3237667534143496,3.3297882080078125,3.293660246097057,3.3297882080078125,144000,0.0,0.0
2004-11-15 00:00:00-05:00,3.349861145019531,3.349861145019531,3.317747468871878,3.3498611450195312,126700,0.0,0.0
2004-11-16 00:00:00-05:00,3.3358088007359035,3.3619009982495056,3.3358088007359035,3.355879545211792,153200,0.0,0.0
2004-11-17 00:00:00-05:00,3.3799673150541696,3.387995541838826,3.3538747166473875,3.371938705444336,178000,0.0,0.0
2004-11-18 00:00:00-05:00,3.406057551675041,3.406057551675041,3.371936746308204,3.385986804962158,186400,0.0,0.0
2004-11-19 00:00:00-05:00,3.3799654515449595,3.396022279086683,3.3538728675240557,3.3659157752990723,163000,0.0,0.0
2004-11-22 00:00:00-05:00,3.365914964838424,3.3799646377013657,3.351865291975482,3.363907814025879,173000,0.0,0.0
2004-11-23 00:00:00-05:00,3.3879922840841283,3.3879922840841283,3.3558786421743116,3.3739426136016846,175000,0.0,0.0
2004-11-24 00:00:00-05:00,3.3960209344194383,3.3980280849205355,3.3739426617321815,3.3799641132354736,146900,0.0,0.0
2004-11-26 00:00:00-05:00,3.379966397371782,3.3900017738342285,3.375952093656774,3.3900017738342285,39700,0.0,0.0
2004-11-29 00:00:00-05:00,3.394015127790847,3.394015127790847,3.3518660990531854,3.3659157752990723,150100,0.0,0.0
2004-11-30 00:00:00-05:00,3.365915734224663,3.37193680521373,3.3257734744477294,3.3358092308044434,137600,0.0,0.0
2004-12-01 00:00:00-05:00,3.3378182293452485,3.3659179830933574,3.335811459558085,3.3498611450195312,164500,0.0,0.0
2004-12-02 00:00:00-05:00,3.3679240318058823,3.3679240318058823,3.3418314392224873,3.3538739681243896,138100,0.0,0.0
2004-12-03 00:00:00-05:00,3.3699295514399004,3.381972074508667,3.3598937965285067,3.381972074508667,151500,0.0,0.0
2004-12-06 00:00:00-05:00,3.3799653469669,3.410071849822998,3.371936742031965,3.410071849822998,161400,0.0,0.0
2004-12-07 00:00:00-05:00,3.4120794324585937,3.4120794324585937,3.383980077283524,3.4020440578460693,140000,0.0,0.0
2004-12-08 00:00:00-05:00,3.4120781421661377,3.4120781421661377,3.389999866977579,3.4120781421661377,138500,0.0,0.0
2004-12-09 00:00:00-05:00,3.418548563039126,3.418548563039126,3.384181116452771,3.4145052433013916,112400,0.122,0.0
2004-12-10 00:00:00-05:00,3.414505629761968,3.4225922701526987,3.3680086042919766,3.384181499481201,119800,0.0,0.0
2004-12-13 00:00:00-05:00,3.3841822404075637,3.3942905431090695,3.3477931218667853,3.3518364429473877,149400,0.0,0.0
2004-12-14 00:00:00-05:00,3.351835767259233,3.361943682330788,3.315446656054044,3.323533296585083,209900,0.0,0.0
2004-12-15 00:00:00-05:00,3.3255542349583496,3.339705467224121,3.319489255876379,3.339705467224121,148200,0.0,0.0
2004-12-16 00:00:00-05:00,3.341726753931596,3.3558779846178792,3.3336401160582247,3.353856325149536,138800,0.0,0.0
2004-12-17 00:00:00-05:00,3.365988750049798,3.392269959827325,3.3457725238191873,3.3902482986450195,172300,0.0,0.0
2004-12-20 00:00:00-05:00,3.4145053729065693,3.424613672634588,3.3922678846893435,3.416527032852173,167500,0.0,0.0
2004-12-21 00:00:00-05:00,3.4104624305820517,3.4347215786877943,3.4064191107003587,3.4326999187469482,86900,0.0,0.0
2004-12-22 00:00:00-05:00,3.4225883074812384,3.4367395261885045,3.416523334210214,3.4306745529174805,112400,0.0,0.0
2004-12-23 00:00:00-05:00,3.430678795831889,3.4488733525554087,3.42865713557458,3.4448304176330566,98100,0.0,0.0
2004-12-27 00:00:00-05:00,3.450894397552422,3.4589810371398926,3.44280814355715,3.4589810371398926,110900,0.0,0.0
2004-12-28 00:00:00-05:00,3.477713054548965,3.4797492329263764,3.445134977233014,3.4695687294006348,136000,0.122,0.0
2004-12-29 00:00:00-05:00,3.5021475808873315,3.514364265491056,3.4654971387147575,3.4777138233184814,76200,0.0,0.0
2004-12-30 00:00:00-05:00,3.4777138092757456,3.51029189366173,3.4736414516371474,3.4838223457336426,74100,0.0,0.0
2004-12-31 00:00:00-05:00,3.4777126616058323,3.506218378946129,3.4777126616058323,3.4980740547180176,65200,0.0,0.0
2005-01-03 00:00:00-05:00,3.5041832403710633,3.5164003128795285,3.4614246516755953,3.4960389137268066,142600,0.0,0.0
2005-01-04 00:00:00-05:00,3.5102916809847278,3.5102916809847278,3.4634607360623826,3.471605062484741,110700,0.0,0.0
2005-01-05 00:00:00-05:00,3.479748933975344,3.500110327638861,3.4227371093897525,3.4288456439971924,162900,0.0,0.0
2005-01-06 00:00:00-05:00,3.42273684002056,3.4349539082739566,3.3942311241518035,3.4084839820861816,190200,0.0,0.0
2005-01-07 00:00:00-05:00,3.410520553588867,3.4207010566132703,3.3901591591787636,3.410520553588867,116000,0.0,0.0
2005-01-10 00:00:00-05:00,3.410520120062042,3.4247729778289795,3.402375407988794,3.4247729778289795,92200,0.0,0.0
2005-01-11 00:00:00-05:00,3.4186669049551437,3.422738875099454,3.402377470931972,3.4207026958465576,100100,0.0,0.0
2005-01-12 00:00:00-05:00,3.412556338170647,3.4186648722973456,3.398303480236269,3.4084839820861816,88700,0.0,0.0
2005-01-13 00:00:00-05:00,3.402380141856798,3.4105248652621265,3.3942358068132568,3.40441632270813,84500,0.0,0.0
2005-01-14 00:00:00-05:00,3.394231081008911,3.400339615057966,3.379978223255696,3.394231081008911,107000,0.0,0.0
2005-01-18 00:00:00-05:00,3.384053056968377,3.3901612071283496,3.3718359799253697,3.3860888481140137,122700,0.0,0.0
2005-01-19 00:00:00-05:00,3.386088815086366,3.388124994573673,3.3596192584744275,3.371835947036743,146600,0.0,0.0
2005-01-20 00:00:00-05:00,3.363689112380984,3.3718334359032958,3.3535082225265467,3.359616756439209,117500,0.0,0.0
2005-01-21 00:00:00-05:00,3.361654876983855,3.3636910561313735,3.3433296530176486,3.349438190460205,117600,0.0,0.0
2005-01-24 00:00:00-05:00,3.3636910561313735,3.3636910561313735,3.34129347387013,3.349438190460205,101700,0.0,0.0
2005-01-25 00:00:00-05:00,3.3494361060841387,3.365725140766053,3.3127856809595264,3.320930004119873,169800,0.0,0.0
2005-01-26 00:00:00-05:00,3.318895611573904,3.349437907848187,3.3005703891539055,3.3087151050567627,188300,0.0,0.0
2005-01-27 00:00:00-05:00,3.353508572258995,3.3596171068087073,3.3066776391283685,3.3168585300445557,118000,0.0,0.0
2005-01-28 00:00:00-05:00,3.3250040535631706,3.34536545437751,3.3209316957280195,3.3412930965423584,98700,0.0,0.0
2005-01-31 00:00:00-05:00,3.327039253100057,3.3514726161956787,3.327039253100057,3.3514726161956787,95000,0.0,0.0
2005-02-01 00:00:00-05:00,3.353508531814021,3.367761778924782,3.345364207540574,3.363689422607422,99400,0.0,0.0
2005-02-02 00:00:00-05:00,3.3759082211383866,3.3779444005745027,3.3596191740109758,3.3738720417022705,99700,0.0,0.0
2005-02-03 00:00:00-05:00,3.377943691619122,3.406449421018992,3.377943691619122,3.400341272354126,109500,0.0,0.0
2005-02-04 00:00:00-05:00,3.4227367998106675,3.4308815118839155,3.410520120062042,3.4247729778289795,89800,0.0,0.0
2005-02-07 00:00:00-05:00,3.424773009312359,3.4471705793584415,3.4186648635625185,3.445134401321411,108400,0.0,0.0
2005-02-08 00:00:00-05:00,3.432917792797562,3.4573511530271572,3.432917792797562,3.449206829071045,121400,0.0,0.0
2005-02-09 00:00:00-05:00,3.4593881721641404,3.4614243507385254,3.445135310504798,3.4614243507385254,109200,0.0,0.0
2005-02-10 00:00:00-05:00,3.4556818334174437,3.472088615421426,3.4515800401243135,3.467986822128296,110400,0.122,0.0
2005-02-11 00:00:00-05:00,3.470037913684981,3.470037913684981,3.4290207607868446,3.441326141357422,121300,0.0,0.0
2005-02-14 00:00:00-05:00,3.4433785482615518,3.451581747737672,3.408514070358394,3.4187681674957275,87800,0.0,0.0
2005-02-15 00:00:00-05:00,3.3962082862854004,3.426970965260111,3.3839032929292534,3.3962082862854004,144200,0.0,0.0
2005-02-16 00:00:00-05:00,3.3880026376724866,3.3880026376724866,3.3510872931313913,3.355189085006714,150000,0.0,0.0
2005-02-17 00:00:00-05:00,3.3633945323309202,3.3736490188935973,3.342885950374232,3.3449368476867676,127600,0.0,0.0
2005-02-18 00:00:00-05:00,3.332629586472835,3.3387822742223316,3.260849794068971,3.2731549739837646,281500,0.0,0.0
2005-02-22 00:00:00-05:00,3.2403421763665885,3.2403421763665885,3.1644607700403435,3.1890709400177,376600,0.0,0.0
2005-02-23 00:00:00-05:00,3.1890701784577913,3.2772565509214115,3.1890701784577913,3.2752058506011963,258200,0.0,0.0
2005-02-24 00:00:00-05:00,3.281359644391506,3.3018682204026635,3.2629019650983198,3.2998173236846924,125200,0.0,0.0
2005-02-25 00:00:00-05:00,3.3018694408521383,3.3285303257031535,3.3018694408521383,3.3121235370635986,111100,0.0,0.0
2005-02-28 00:00:00-05:00,3.3121217746855924,3.3285285545951093,3.299816787545577,3.305969476699829,128400,0.0,0.0
2005-03-01 00:00:00-05:00,3.3018682324041357,3.3162241183135603,3.293664645502434,3.3141732215881348,145000,0.0,0.0
2005-03-02 00:00:00-05:00,3.3039188120504015,3.3305796845851647,3.301867915521802,3.3223764896392822,110100,0.0,0.0
2005-03-03 00:00:00-05:00,3.328528668441694,3.330579564896592,3.3039186933199205,3.3100709915161133,137800,0.0,0.0
2005-03-04 00:00:00-05:00,3.3141734195457238,3.3285293063126344,3.30186842962674,3.318275213241577,139700,0.0,0.0
2005-03-07 00:00:00-05:00,3.318275502364235,3.3285295963287354,3.3059705113731126,3.3285295963287354,123100,0.0,0.0
2005-03-08 00:00:00-05:00,3.3203257058294247,3.340834280643132,3.3121221194365305,3.3264780044555664,158100,0.0,0.0
2005-03-09 00:00:00-05:00,3.3162228518347505,3.3244260444350666,3.2608498349011015,3.2895619869232178,208800,0.0,0.0
2005-03-10 00:00:00-05:00,3.2858421445611934,3.296175021158325,3.2362445733948366,3.2548437118530273,224400,0.122,0.0
2005-03-11 00:00:00-05:00,3.2445096988216,3.2755083177553006,3.1845792720495707,3.205245018005371,277800,0.0,0.0
2005-03-14 00:00:00-05:00,3.2114438504073743,3.2238433342602004,3.174245595932007,3.174245595932007,267100,0.0,0.0
2005-03-15 00:00:00-05:00,3.203179970580402,3.203179970580402,3.134983251489544,3.1411828994750977,255200,0.0,0.0
2005-03-16 00:00:00-05:00,3.1122512875758583,3.120517551142353,3.079186036226611,3.1081180572509766,373900,0.0,0.0
2005-03-17 00:00:00-05:00,3.1163849481094874,3.165982539491872,3.0895195368398682,3.1577162742614746,265300,0.0,0.0
2005-03-18 00:00:00-05:00,3.1639141676263813,3.2093784997826686,3.1225826699087564,3.126715898513794,174200,0.0,0.0
2005-03-21 00:00:00-05:00,3.110184728566538,3.1267172559980154,3.079186091820064,3.097785234451294,214600,0.0,0.0
2005-03-22 00:00:00-05:00,3.097784278458645,3.103984122144599,3.0791851415672076,3.09985089302063,133900,0.0,0.0
2005-03-23 00:00:00-05:00,3.0791847761580207,3.0812513904747583,3.0006554029538646,3.0419867038726807,350700,0.0,0.0
2005-03-24 00:00:00-05:00,3.0275218943258797,3.114317761882771,3.0275218943258797,3.097785234451294,216900,0.0,0.0
2005-03-28 00:00:00-05:00,3.0729857002698497,3.0957178707207755,3.0585197915359177,3.0647194385528564,138700,0.0,0.0
2005-03-29 00:00:00-05:00,3.0502543139413323,3.0998518969932376,3.048187698710017,3.0936522483825684,151300,0.0,0.0
2005-03-30 00:00:00-05:00,3.0998528821703255,3.1804491280567557,3.0874533839249754,3.159783363342285,177800,0.0,0.0
2005-03-31 00:00:00-05:00,3.134983614750232,3.1680486706155477,3.1329169994878305,3.161849021911621,124300,0.0,0.0
2005-04-01 00:00:00-05:00,3.1721815895302568,3.1721815895302568,3.130850076675415,3.130850076675415,138800,0.0,0.0
2005-04-04 00:00:00-04:00,3.1308493062411547,3.1597813187033497,3.1287828887735207,3.1432487964630127,144400,0.0,0.0
2005-04-05 00:00:00-04:00,3.1494514985290767,3.1556513481965065,3.139118612833429,3.1473848819732666,105400,0.0,0.0
2005-04-06 00:00:00-04:00,3.1535833616332187,3.1804487739374316,3.151516745975206,3.178382158279419,108600,0.0,0.0
2005-04-07 00:00:00-04:00,3.1804463376766328,3.1990452731017838,3.176313109526711,3.1887125968933105,147100,0.0,0.0
2005-04-08 00:00:00-04:00,3.1969795801358165,3.2052458412245692,3.1763138288723285,3.182513475418091,90400,0.0,0.0
2005-04-11 00:00:00-04:00,3.196977950148336,3.1990443665545487,3.168045952547149,3.174245595932007,132100,0.0,0.0
2005-04-12 00:00:00-04:00,3.1680494392712446,3.1763157052431965,3.1225848778838468,3.1556501388549805,142100,0.0,0.0
2005-04-13 00:00:00-04:00,3.1352341175079346,3.1643989585241017,3.1248180177147695,3.1352341175079346,175100,0.122,0.0
2005-04-14 00:00:00-04:00,3.1185680789982277,3.137317016737644,3.0956526223520275,3.09773588180542,118200,0.0,0.0
2005-04-15 00:00:00-04:00,3.0894048121294486,3.1019041773382985,3.062323019735832,3.0727391242980957,128600,0.0,0.0
2005-04-18 00:00:00-04:00,3.064406280382419,3.085238489506945,3.0456573319044793,3.0727391242980957,158300,0.0,0.0
2005-04-19 00:00:00-04:00,3.07690586775284,3.1248196740598284,3.07690586775284,3.1206531524658203,151300,0.0,0.0
2005-04-20 00:00:00-04:00,3.1164851607286947,3.1373173602021525,3.106069060991966,3.1185684204101562,152900,0.0,0.0
2005-04-21 00:00:00-04:00,3.1248190629432604,3.1706497981608757,3.1248190629432604,3.1581504344940186,112100,0.0,0.0
2005-04-22 00:00:00-04:00,3.156065289275226,3.1852303212998554,3.156065289275226,3.174814224243164,120900,0.0,0.0
2005-04-25 00:00:00-04:00,3.1852304935455322,3.1977298504235865,3.176897655183675,3.1852304935455322,103600,0.0,0.0
2005-04-26 00:00:00-04:00,3.176896678573697,3.1935623501742163,3.1643973255380695,3.1685638427734375,177400,0.0,0.0
2005-04-27 00:00:00-04:00,3.1664800310854058,3.206061143226097,3.1664800310854058,3.1935617923736572,116400,0.0,0.0
2005-04-28 00:00:00-04:00,3.2081450129114657,3.2373100398181123,3.2081450129114657,3.2289772033691406,70900,0.0,0.0
2005-04-29 00:00:00-04:00,3.2206457850246153,3.2331451445369965,3.1810648441314697,3.1810648441314697,98700,0.0,0.0
2005-05-02 00:00:00-04:00,3.17897949565986,3.226893245188946,3.1768962373315217,3.2143940925598145,75200,0.0,0.0
2005-05-03 00:00:00-04:00,3.239396851011377,3.2414801120758057,3.208148531057081,3.2414801120758057,136200,0.0,0.0
2005-05-04 00:00:00-04:00,3.249809592553677,3.285224199295044,3.2435598158319037,3.285224199295044,100900,0.0,0.0
2005-05-05 00:00:00-04:00,3.281057985460107,3.3102230168522517,3.264392309999031,3.274808406829834,131600,0.0,0.0
2005-05-06 00:00:00-04:00,3.2748099080632564,3.281059489558453,3.247728123356586,3.2643938064575195,108200,0.0,0.0
2005-05-09 00:00:00-04:00,3.2685597777143873,3.287308718861889,3.266476716552903,3.27272629737854,83800,0.0,0.0
2005-05-10 00:00:00-04:00,3.278976229503183,3.281059489558453,3.2623105464022495,3.2643938064575195,84100,0.0,0.0
2005-05-11 00:00:00-04:00,3.2753113153010176,3.2879085540771484,3.2564152569073213,3.2879085540771484,118100,0.122,0.0
2005-05-12 00:00:00-04:00,3.29210674533161,3.3026043743102353,3.262712863594922,3.264812469482422,97800,0.0,0.0
2005-05-13 00:00:00-04:00,3.2627135475844904,3.2732113789933006,3.2501161098480225,3.2501161098480225,73800,0.0,0.0
2005-05-16 00:00:00-04:00,3.2417148708998242,3.248013684026705,3.212321210558224,3.2186198234558105,112400,0.0,0.0
2005-05-17 00:00:00-04:00,3.2123257460679997,3.220723975198744,3.191330073126352,3.203927516937256,141300,0.0,0.0
2005-05-18 00:00:00-04:00,3.212324822491271,3.2375195026397705,3.199727382302261,3.2375195026397705,176300,0.0,0.0
2005-05-19 00:00:00-04:00,3.23541813430846,3.2648120119256565,3.2291195177581358,3.2543141841888428,105700,0.0,0.0
2005-05-20 00:00:00-04:00,3.2564144733793587,3.2963059868781173,3.250115655277356,3.294206380844116,135300,0.0,0.0
2005-05-23 00:00:00-04:00,3.296306732167178,3.321501409583305,3.2942071256584597,3.3089041709899902,135100,0.0,0.0
2005-05-24 00:00:00-04:00,3.3173011296430386,3.3194007353497432,3.2963054730348325,3.300504684448242,144700,0.0,0.0
2005-05-25 00:00:00-04:00,3.2942071256584597,3.3110037774987084,3.2900081128705203,3.3089041709899902,113700,0.0,0.0
2005-05-26 00:00:00-04:00,3.30890389478269,3.35719363907529,3.30890389478269,3.3487954139709473,133300,0.0,0.0
2005-05-27 00:00:00-04:00,3.3403964178855152,3.367690893461771,3.3340978005683826,3.365591287612915,107800,0.0,0.0
2005-05-31 00:00:00-04:00,3.3655908429094907,3.390785308849018,3.361391631766631,3.388685703277588,99400,0.0,0.0
2005-06-01 00:00:00-04:00,3.367690893461771,3.390785756881446,3.3508942469003595,3.365591287612915,125600,0.0,0.0
2005-06-02 00:00:00-04:00,3.3571937161609307,3.361392928924262,3.338297659184911,3.342496871948242,119200,0.0,0.0
2005-06-03 00:00:00-04:00,3.3529937577293514,3.382387638092041,3.348794546150641,3.382387638092041,97400,0.0,0.0
2005-06-06 00:00:00-04:00,3.3739901970514556,3.394985860597668,3.371890590650937,3.390786647796631,102600,0.0,0.0
2005-06-07 00:00:00-04:00,3.401284587177573,3.4033837930619533,3.3865873427741686,3.392886161804199,130200,0.0,0.0
2005-06-08 00:00:00-04:00,3.3949866583997697,3.4117831130920138,3.3823894174953537,3.4033846855163574,97700,0.0,0.0
2005-06-09 00:00:00-04:00,3.4075836309799734,3.41598205789431,3.3928867843389208,3.394986391067505,85900,0.0,0.0
2005-06-10 00:00:00-04:00,3.4033819920965436,3.4033819920965436,3.378187530226485,3.401282787322998,89400,0.0,0.0
2005-06-13 00:00:00-04:00,3.4038213112892084,3.4038213112892084,3.374204397201538,3.374204397201538,111700,0.122,0.0
2005-06-14 00:00:00-04:00,3.3763212658881256,3.384783215857818,3.3657437779888095,3.378436803817749,116200,0.0,0.0
2005-06-15 00:00:00-04:00,3.3805508613586426,3.3826663984880976,3.363626967820453,3.3805508613586426,114600,0.0,0.0
2005-06-16 00:00:00-04:00,3.374206593595454,3.3974769115448,3.372091055123099,3.3974769115448,101500,0.0,0.0
2005-06-17 00:00:00-04:00,3.4059389149662764,3.4207472801208496,3.3974767614506987,3.4207472801208496,87000,0.0,0.0
2005-06-20 00:00:00-04:00,3.420746906209635,3.4376708078932037,3.4122847536190286,3.4334397315979004,163400,0.0,0.0
2005-06-21 00:00:00-04:00,3.4376706693240906,3.4545945703254732,3.4270933825098364,3.429208517074585,128800,0.0,0.0
2005-06-22 00:00:00-04:00,3.433440158076997,3.437671234897856,3.4186317927016834,3.4355556964874268,176900,0.0,0.0
2005-06-23 00:00:00-04:00,3.437670798633424,3.4799807544772006,3.4249779732793484,3.4609413146972656,188000,0.0,0.0
2005-06-24 00:00:00-04:00,3.4694022071383075,3.4694022071383075,3.4440165626981187,3.456709384918213,128900,0.0,0.0
2005-06-27 00:00:00-04:00,3.4694007225334293,3.471516259247768,3.4334374053844128,3.4588234424591064,118900,0.0,0.0
2005-06-28 00:00:00-04:00,3.4694019351980976,3.4799796224670243,3.4545935765191125,3.4651708602905273,153100,0.0,0.0
2005-06-29 00:00:00-04:00,3.456707905744768,3.465169649104752,3.446130625670445,3.4588234424591064,110300,0.0,0.0
2005-06-30 00:00:00-04:00,3.452478039065327,3.4672863977443122,3.446131830201483,3.4651708602905273,98700,0.0,0.0
2005-07-01 00:00:00-04:00,3.477864232556182,3.490557054319855,3.467286544838514,3.486325979232788,103800,0.0,0.0
2005-07-05 00:00:00-04:00,3.490559810565078,3.520176552565713,3.4842131929230074,3.507483720779419,138000,0.0,0.0
2005-07-06 00:00:00-04:00,3.4905588102400933,3.526522159576416,3.4905588102400933,3.526522159576416,116100,0.0,0.0
2005-07-07 00:00:00-04:00,3.5265220721408994,3.541330438530278,3.524406533585599,3.5370993614196777,120300,0.0,0.0
2005-07-08 00:00:00-04:00,3.5455594062805176,3.5624833011566603,3.5201733622175624,3.5455594062805176,140200,0.0,0.0
2005-07-11 00:00:00-04:00,3.5434438689838146,3.554021151969848,3.532866585997781,3.5455594062805176,105700,0.0,0.0
2005-07-12 00:00:00-04:00,3.554022876607259,3.5646005682237414,3.5370989735185647,3.5603694915771484,128900,0.0,0.0
2005-07-13 00:00:00-04:00,3.5693172970853317,3.5693172970853317,3.5117819356455207,3.5245678424835205,130400,0.122,0.0
2005-07-14 00:00:00-04:00,3.5437482150065778,3.548010186748978,3.5160462115689683,3.528831720352173,130200,0.0,0.0
2005-07-15 00:00:00-04:00,3.535224677965773,3.535224677965773,3.505391688656964,3.528831720352173,100400,0.0,0.0
2005-07-18 00:00:00-04:00,3.533091369975265,3.5458768703552175,3.5053893847447464,3.5139129161834717,179700,0.0,0.0
2005-07-19 00:00:00-04:00,3.516045499083435,3.526700019836426,3.505390978330445,3.526700019836426,131700,0.0,0.0
2005-07-20 00:00:00-04:00,3.5267004938787356,3.5394864082336426,3.5139149859677974,3.5394864082336426,86900,0.0,0.0
2005-07-21 00:00:00-04:00,3.5266972186143,3.5266972186143,3.507518771337045,3.5117807388305664,136500,0.0,0.0
2005-07-22 00:00:00-04:00,3.5117816327900595,3.535222053527832,3.5075196642116113,3.535222053527832,83100,0.0,0.0
2005-07-25 00:00:00-04:00,3.5352233147508225,3.537354299800295,3.5203068258483547,3.522437810897827,97100,0.0,0.0
2005-07-26 00:00:00-04:00,3.5373555737849136,3.5373555737849136,3.4926056845169215,3.4989986419677734,145600,0.0,0.0
2005-07-27 00:00:00-04:00,3.5096511873002223,3.522437094998452,3.4947347014293775,3.52030611038208,110000,0.0,0.0
2005-07-28 00:00:00-04:00,3.518175772252985,3.539485215888691,3.5160447872450313,3.5373542308807373,69700,0.0,0.0
2005-07-29 00:00:00-04:00,3.5288318067076916,3.5650577545166016,3.526700820784343,3.5650577545166016,78800,0.0,0.0
2005-08-01 00:00:00-04:00,3.571448869853437,3.575710839501476,3.541615895204758,3.554401397705078,131100,0.0,0.0
2005-08-02 00:00:00-04:00,3.5458774584090005,3.554401397705078,3.5394849103807386,3.554401397705078,103500,0.0,0.0
2005-08-03 00:00:00-04:00,3.541615657066598,3.5671866603478444,3.541615657066598,3.5522701740264893,138500,0.0,0.0
2005-08-04 00:00:00-04:00,3.5437455842410346,3.5544005056871555,3.5330910692386075,3.535222053527832,85800,0.0,0.0
2005-08-05 00:00:00-04:00,3.5224386719056113,3.5288312221727534,3.4840817445270043,3.4883437156677246,119900,0.0,0.0
2005-08-08 00:00:00-04:00,3.4947338104248047,3.52243619693098,3.492602826351741,3.4947338104248047,95300,0.0,0.0
2005-08-09 00:00:00-04:00,3.4989961334984088,3.537353037817056,3.4989961334984088,3.535222053527832,102400,0.0,0.0
2005-08-10 00:00:00-04:00,3.5394849103807386,3.565055915381379,3.5330919559086804,3.554401397705078,108500,0.0,0.0
2005-08-11 00:00:00-04:00,3.5634167819185496,3.5634167819185496,3.5419503343680265,3.5526833534240723,84500,0.122,0.0
2005-08-12 00:00:00-04:00,3.5419540167890875,3.550540768511955,3.5204875469207764,3.5204875469207764,84200,0.0,0.0
2005-08-15 00:00:00-04:00,3.5140435587625327,3.520483205173929,3.492577115368389,3.499016761779785,97400,0.0,0.0
2005-08-16 00:00:00-04:00,3.509751895186039,3.5140452678406473,3.4882854413515503,3.4968721866607666,88400,0.0,0.0
2005-08-17 00:00:00-04:00,3.4968741657079088,3.501167131353558,3.471114324640094,3.486140727996826,121900,0.0,0.0
2005-08-18 00:00:00-04:00,3.4925792888085794,3.4990189392273847,3.477552891913223,3.4818458557128906,92300,0.0,0.0
2005-08-19 00:00:00-04:00,3.4732582218436177,3.4925779847637135,3.4668181643907676,3.471111536026001,107100,0.0,0.0
2005-08-22 00:00:00-04:00,3.4818436889521407,3.499016761779785,3.471110671974245,3.499016761779785,88400,0.0,0.0
2005-08-23 00:00:00-04:00,3.501166002488089,3.5054593761882282,3.4818462302761124,3.4904329776763916,68000,0.0,0.0
2005-08-24 00:00:00-04:00,3.4839933909682235,3.5097532272338867,3.4839933909682235,3.5097532272338867,92300,0.0,0.0
2005-08-25 00:00:00-04:00,3.507604468242702,3.5204841740484785,3.5033110964946212,3.5183374881744385,94400,0.0,0.0
2005-08-26 00:00:00-04:00,3.5355109102292737,3.5355109102292737,3.509751496107717,3.524777889251709,88800,0.0,0.0
2005-08-29 00:00:00-04:00,3.509754688897666,3.5161943435668945,3.50331462478956,3.5161943435668945,92200,0.0,0.0
2005-08-30 00:00:00-04:00,3.5161912420365584,3.5290713588915925,3.509751593047558,3.5118982791900635,67400,0.0,0.0
2005-08-31 00:00:00-04:00,3.520487169640322,3.5333668864054837,3.5097541405758226,3.5269272327423096,69600,0.0,0.0
2005-09-01 00:00:00-04:00,3.5355103472212974,3.5612701666792685,3.5247773279528998,3.556976795196533,95900,0.0,0.0
2005-09-02 00:00:00-04:00,3.5462456094834582,3.5848851539294335,3.5462456094834582,3.5677120685577393,77500,0.0,0.0
2005-09-06 00:00:00-04:00,3.552685260598686,3.580591780226847,3.552685260598686,3.5677120685577393,74900,0.0,0.0
2005-09-07 00:00:00-04:00,3.5677120685577393,3.5677120685577393,3.5548319474499794,3.5677120685577393,72100,0.0,0.0
2005-09-08 00:00:00-04:00,3.5526855993373165,3.584885495738234,3.5526855993373165,3.5784454345703125,88400,0.0,0.0
2005-09-09 00:00:00-04:00,3.582740166121921,3.6020599475069335,3.5741534146446505,3.593473196029663,86100,0.0,0.0
2005-09-12 00:00:00-04:00,3.5891773355683863,3.6020574538676184,3.5848843722405377,3.5870306491851807,95900,0.0,0.0
2005-09-13 00:00:00-04:00,3.59611194437903,3.59611194437903,3.563675657724152,3.5831375122070312,88800,0.122,0.0
2005-09-14 00:00:00-04:00,3.583140573688786,3.5853030496400606,3.5528667352711745,3.5680036544799805,88700,0.0,0.0
2005-09-15 00:00:00-04:00,3.5571892980963664,3.5701637326400157,3.5420519766039646,3.548539400100708,98100,0.0,0.0
2005-09-16 00:00:00-04:00,3.5593506762757072,3.5701630466928638,3.5442137701414467,3.565838098526001,53500,0.0,0.0
2005-09-19 00:00:00-04:00,3.5680029772810236,3.59827680995273,3.5593530751176585,3.563678026199341,64600,0.0,0.0
2005-09-20 00:00:00-04:00,3.557190487435281,3.578814414754664,3.5204292335623637,3.529078722000122,138600,0.0,0.0
2005-09-21 00:00:00-04:00,3.5442156361036803,3.5442156361036803,3.5096168574526967,3.529078722000122,112800,0.0,0.0
2005-09-22 00:00:00-04:00,3.526913660006743,3.5463755102801136,3.51177675700516,3.5247511863708496,98600,0.0,0.0
2005-09-23 00:00:00-04:00,3.5182676893759695,3.5290796558968207,3.4923183922958083,3.511780261993408,101200,0.0,0.0
2005-09-26 00:00:00-04:00,3.520426651548735,3.5528629311877946,3.516101704276948,3.5247511863708496,116500,0.0,0.0
2005-09-27 00:00:00-04:00,3.5247552419594426,3.5312426703315687,3.4815069568290467,3.505293369293213,153800,0.0,0.0
2005-09-28 00:00:00-04:00,3.503128976792921,3.5117784630888953,3.4598803079634286,3.4858295917510986,123100,0.0,0.0
2005-09-29 00:00:00-04:00,3.4901539311952994,3.5247526993212865,3.4858293945169385,3.5225906372070312,87000,0.0,0.0
2005-09-30 00:00:00-04:00,3.5074525372838425,3.5528636681578902,3.5074525372838425,3.5442137718200684,64300,0.0,0.0
2005-10-03 00:00:00-04:00,3.5312393397630943,3.5550261422423457,3.529076865678639,3.5442137718200684,63700,0.0,0.0
2005-10-04 00:00:00-04:00,3.5528669357299805,3.5788158237091237,3.535567539593839,3.5528669357299805,76600,0.0,0.0
2005-10-05 00:00:00-04:00,3.537728099466319,3.555027486232295,3.503129325934368,3.5139412879943848,85500,0.0,0.0
2005-10-06 00:00:00-04:00,3.505293369293213,3.5225931782855486,3.4858319090771306,3.505293369293213,73600,0.0,0.0
2005-10-07 00:00:00-04:00,3.496642388532323,3.503129814142391,3.485830424965514,3.4923174381256104,44300,0.0,0.0
2005-10-10 00:00:00-04:00,3.5139413432650306,3.526915780431108,3.498804431162953,3.5074539184570312,64400,0.0,0.0
2005-10-11 00:00:00-04:00,3.5139422002940006,3.518267151220829,3.485830844169658,3.498805284500122,91000,0.0,0.0
2005-10-12 00:00:00-04:00,3.4861678480208025,3.4992408610874746,3.388119418853577,3.405550241470337,120000,0.122,0.0
2005-10-13 00:00:00-04:00,3.3968320853836915,3.3968320853836915,3.24867000507041,3.322751045227051,281200,0.0,0.0
2005-10-14 00:00:00-04:00,3.303143828798516,3.385940335763687,3.30096492413822,3.379403829574585,153900,0.0,0.0
2005-10-17 00:00:00-04:00,3.3772237040513917,3.4077277348930006,3.366329392479981,3.399012327194214,97700,0.0,0.0
2005-10-18 00:00:00-04:00,3.3902969290038083,3.4011910328140624,3.377223713523108,3.385939121246338,90500,0.0,0.0
2005-10-19 00:00:00-04:00,3.3794028520022406,3.392475860598767,3.3772239479722446,3.383760452270508,66200,0.0,0.0
2005-10-20 00:00:00-04:00,3.3794035750203957,3.409907406799688,3.3750457660280566,3.3902978897094727,104900,0.0,0.0
2005-10-21 00:00:00-04:00,3.4099056470240368,3.4382307674809716,3.390296140053847,3.4295153617858887,81900,0.0,0.0
2005-10-24 00:00:00-04:00,3.407728361044457,3.451305407545435,3.407728361044457,3.4425899982452393,82400,0.0,0.0
2005-10-25 00:00:00-04:00,3.431694262699084,3.4513039774468877,3.429515359328959,3.444767475128174,106200,0.0,0.0
2005-10-26 00:00:00-04:00,3.4469461731760545,3.4491250765477406,3.4099056470240368,3.4295153617858887,101000,0.0,0.0
2005-10-27 00:00:00-04:00,3.4425881311394844,3.4469457295303414,3.414263014328187,3.4164419174194336,66300,0.0,0.0
2005-10-28 00:00:00-04:00,3.4164440355121384,3.425159445488781,3.403370816651292,3.4186227321624756,51000,0.0,0.0
2005-10-31 00:00:00-05:00,3.3990109225589467,3.4142628277810734,3.3772223084202313,3.381580114364624,118500,0.0,0.0
2005-11-01 00:00:00-05:00,3.3641517047443,3.4033711574624825,3.357615198555198,3.379403829574585,90700,0.0,0.0
2005-11-02 00:00:00-05:00,3.3794030230135146,3.4229800668599837,3.364150901823449,3.4208011627197266,68100,0.0,0.0
2005-11-03 00:00:00-05:00,3.431694262699084,3.453482880817013,3.422978857010245,3.444767475128174,117900,0.0,0.0
2005-11-04 00:00:00-05:00,3.4404080118895415,3.449123413382062,3.42079830658348,3.4360504150390625,91400,0.0,0.0
2005-11-07 00:00:00-05:00,3.4425896903797306,3.483987828905551,3.4295164737026806,3.4774513244628906,113100,0.0,0.0
2005-11-08 00:00:00-05:00,3.455662685351192,3.5079553440571107,3.455662685351192,3.4883456230163574,134600,0.0,0.0
2005-11-09 00:00:00-05:00,3.5035962976569017,3.51013300755473,3.483986583546728,3.4992384910583496,93100,0.0,0.0
2005-11-10 00:00:00-05:00,3.5057785511016846,3.51667266242524,3.4861688182523185,3.5057785511016846,85400,0.0,0.0
2005-11-11 00:00:00-05:00,3.4948820159902554,3.518849127397029,3.48834530437927,3.514491319656372,90300,0.0,0.0
2005-11-14 00:00:00-05:00,3.519319746593709,3.525905853382909,3.506146904889661,3.512733221054077,106700,0.122,0.0
2005-11-15 00:00:00-05:00,3.5127349603914237,3.5193214891923876,3.484193963713205,3.5017576217651367,87600,0.0,0.0
2005-11-16 00:00:00-05:00,3.5039527959674146,3.5039527959674146,3.3919843295724728,3.4073526859283447,224300,0.0,0.0
2005-11-17 00:00:00-05:00,3.4293067551007876,3.4402840914067836,3.4029612735915635,3.4161341190338135,97900,0.0,0.0
2005-11-18 00:00:00-05:00,3.394182353465636,3.4315052032470703,3.394182353465636,3.4315052032470703,84100,0.0,0.0
2005-11-21 00:00:00-05:00,3.4227204370673006,3.435893073134275,3.4051567827278175,3.4161341190338135,132200,0.0,0.0
2005-11-22 00:00:00-05:00,3.4271112459645336,3.4402840914067836,3.4095475916250506,3.4161341190338135,105900,0.0,0.0
2005-11-23 00:00:00-05:00,3.438089526116528,3.438089526116528,3.394180378213605,3.4029622077941895,111600,0.0,0.0
2005-11-25 00:00:00-05:00,3.42052532351875,3.4227208329089174,3.3963753483528074,3.4073526859283447,44300,0.0,0.0
2005-11-28 00:00:00-05:00,3.3985713411627945,3.431503360602563,3.3985713411627945,3.427112340927124,104600,0.0,0.0
2005-11-29 00:00:00-05:00,3.4358934027514776,3.460043586816534,3.4271115747392646,3.4512617588043213,92900,0.0,0.0
2005-11-30 00:00:00-05:00,3.4402843290920595,3.4666298124214627,3.4227206735391236,3.4556524753570557,111900,0.0,0.0
2005-12-01 00:00:00-05:00,3.4534573087136473,3.4754119850207568,3.438089160923857,3.4710211753845215,132000,0.0,0.0
2005-12-02 00:00:00-05:00,3.4907799640043273,3.497366492203137,3.460043669911084,3.4929754734039307,72200,0.0,0.0
2005-12-05 00:00:00-05:00,3.490780837753336,3.510540008544922,3.477608196809181,3.510540008544922,100500,0.0,0.0
2005-12-06 00:00:00-05:00,3.4995609247600776,3.5039519424708434,3.4798019731873775,3.4951701164245605,110600,0.0,0.0
2005-12-07 00:00:00-05:00,3.501758986657614,3.501758986657614,3.4336998375225636,3.440286159515381,158100,0.0,0.0
2005-12-08 00:00:00-05:00,3.4380888198041197,3.4556524753570557,3.413938845762656,3.4556524753570557,149400,0.0,0.0
2005-12-09 00:00:00-05:00,3.433700784102579,3.4863917933214315,3.433700784102579,3.4798054695129395,77300,0.0,0.0
2005-12-12 00:00:00-05:00,3.4995615907298085,3.5215164740864227,3.484193444568054,3.5193209648132324,122200,0.0,0.0
2005-12-13 00:00:00-05:00,3.528613514635001,3.528613514635001,3.4865799663508157,3.5153398513793945,104800,0.122,0.0
2005-12-14 00:00:00-05:00,3.5020647656705095,3.5153386353153486,3.4843664134647243,3.499852418899536,123300,0.0,0.0
2005-12-15 00:00:00-05:00,3.506489340528871,3.506489340528871,3.4865786422260268,3.488790988922119,83100,0.0,0.0
2005-12-16 00:00:00-05:00,3.504280859787555,3.504280859787555,3.4644594192504883,3.4644594192504883,100100,0.0,0.0
2005-12-19 00:00:00-05:00,3.4622440402881973,3.4710932181101204,3.429059676201247,3.4467580318450928,116400,0.0,0.0
2005-12-20 00:00:00-05:00,3.4511822204229126,3.464455879719818,3.4069361268172003,3.4401206970214844,170600,0.0,0.0
2005-12-21 00:00:00-05:00,3.429058894013586,3.499852300440594,3.4202097182102102,3.488790988922119,156000,0.0,0.0
2005-12-22 00:00:00-05:00,3.4998529843071373,3.5064900256922833,3.479942282113769,3.49764084815979,102500,0.0,0.0
2005-12-23 00:00:00-05:00,3.5286135243766155,3.548524441277141,3.5020659868110378,3.546312093734741,80200,0.0,0.0
2005-12-27 00:00:00-05:00,3.5241890402728893,3.555161061942193,3.5109151659995637,3.546312093734741,104400,0.0,0.0
2005-12-28 00:00:00-05:00,3.538240585497045,3.5606629818385405,3.531513952128924,3.5472095012664795,66600,0.214,0.0
2005-12-29 00:00:00-05:00,3.524785859693445,3.5472080329175752,3.5113323846903817,3.518059015274048,114100,0.0,0.0
2005-12-30 00:00:00-05:00,3.5292712102866743,3.535998056614913,3.4978801160980604,3.5203022956848145,96700,0.0,0.0
2006-01-03 00:00:00-05:00,3.5292708748709742,3.567388811765165,3.500121851726253,3.5561776161193848,103800,0.0,0.0
2006-01-04 00:00:00-05:00,3.5718722060674124,3.6055055681568606,3.569629924905262,3.59877872467041,114500,0.0,0.0
2006-01-05 00:00:00-05:00,3.6099897448943574,3.6189584409136,3.571871824552024,3.5763561725616455,113000,0.0,0.0
2006-01-06 00:00:00-05:00,3.598781786948246,3.6032663530885563,3.56514839623945,3.5808441638946533,113400,0.0,0.0
2006-01-09 00:00:00-05:00,3.592055619635174,3.6167198798089473,3.583086486719768,3.6099934577941895,93700,0.0,0.0
2006-01-10 00:00:00-05:00,3.6055080229840697,3.6167190087564713,3.5673900726175343,3.5741167068481445,122000,0.0,0.0
2006-01-11 00:00:00-05:00,3.587567363339216,3.594294206107165,3.5606606337744533,3.5763561725616455,90800,0.0,0.0
2006-01-12 00:00:00-05:00,3.587571053177471,3.6099934577941895,3.5696332150184555,3.6099934577941895,94600,0.0,0.0
2006-01-13 00:00:00-05:00,3.6189612720485336,3.6391413884680506,3.60550800365942,3.6279304027557373,92200,0.0,0.0
2006-01-17 00:00:00-05:00,3.643625580929395,3.652594710718689,3.609992199562838,3.6212031841278076,95800,0.0,0.0
2006-01-18 00:00:00-05:00,3.6099910560206783,3.6324134457194925,3.6055064925466134,3.6234443187713623,73200,0.0,0.0
2006-01-19 00:00:00-05:00,3.5987796473355154,3.636897581522046,3.5875686663218644,3.6234443187713623,108300,0.0,0.0
2006-01-20 00:00:00-05:00,3.609992199562838,3.6234454665751312,3.6077499171155143,3.6212031841278076,91200,0.0,0.0
2006-01-23 00:00:00-05:00,3.614475279133826,3.6368972390497403,3.6122329976079404,3.6301708221435547,83900,0.0,0.0
2006-01-24 00:00:00-05:00,3.616717026903918,3.648108539674082,3.601021484354566,3.639139413833618,106200,0.0,0.0
2006-01-25 00:00:00-05:00,3.6256862267302106,3.670531001504714,3.6256862267302106,3.6570773124694824,103500,0.0,0.0
2006-01-26 00:00:00-05:00,3.6525931771292064,3.699679805738114,3.6525931771292064,3.6570773124694824,142100,0.0,0.0
2006-01-27 00:00:00-05:00,3.657077689483827,3.675015515708576,3.6234443187713623,3.6234443187713623,72900,0.0,0.0
2006-01-30 00:00:00-05:00,3.6391405686076763,3.6391405686076763,3.560662617122519,3.5673892498016357,159600,0.0,0.0
2006-01-31 00:00:00-05:00,3.560661264912066,3.596537124526529,3.556176702271865,3.5853257179260254,81600,0.0,0.0
2006-02-01 00:00:00-05:00,3.585327520313927,3.6212031841278076,3.580843169255104,3.6212031841278076,85600,0.0,0.0
2006-02-02 00:00:00-05:00,3.6099894391200147,3.6368959525700557,3.603262596921844,3.625684976577759,111400,0.0,0.0
2006-02-03 00:00:00-05:00,3.6391367443080664,3.6391367443080664,3.607745682236593,3.636894464492798,96000,0.0,0.0
2006-02-06 00:00:00-05:00,3.6436262327058873,3.6593217849731445,3.630172963287056,3.6593217849731445,98600,0.0,0.0
2006-02-07 00:00:00-05:00,3.650348143384411,3.657074555159072,3.6279257729028673,3.636894464492798,91100,0.0,0.0
2006-02-08 00:00:00-05:00,3.6346552997850132,3.645866708470176,3.601021929072548,3.6234443187713623,113500,0.0,0.0
2006-02-09 00:00:00-05:00,3.6374509468597824,3.6555252196137276,3.628413595020483,3.648747205734253,82500,0.122,0.0
2006-02-10 00:00:00-05:00,3.6645625482176203,3.671340562851161,3.6329326751104993,3.644228935241699,94500,0.0,0.0
2006-02-13 00:00:00-05:00,3.6555272154006917,3.6555272154006917,3.6284155760054633,3.6464898586273193,82500,0.0,0.0
2006-02-14 00:00:00-05:00,3.6284155760054633,3.6532678762073485,3.6284155760054633,3.6464898586273193,109500,0.0,0.0
2006-02-15 00:00:00-05:00,3.637451563072393,3.664562761333831,3.6329328863872443,3.657785177230835,96900,0.0,0.0
2006-02-16 00:00:00-05:00,3.6623044624762877,3.6690824794278396,3.6464895205141823,3.655526876449585,75400,0.0,0.0
2006-02-17 00:00:00-05:00,3.6623044624762877,3.666823140443989,3.648748859498033,3.655526876449585,79400,0.0,0.0
2006-02-21 00:00:00-05:00,3.637451563072393,3.6668220996764056,3.6284142097020955,3.657785177230835,147300,0.0,0.0
2006-02-22 00:00:00-05:00,3.6464873984984116,3.6848952770233154,3.644228060829347,3.6848952770233154,114800,0.0,0.0
2006-02-23 00:00:00-05:00,3.684899835050798,3.716530170618169,3.669084882729678,3.714270830154419,83700,0.0,0.0
2006-02-24 00:00:00-05:00,3.698451758838729,3.7165260314941406,3.696192420891221,3.7165260314941406,61200,0.0,0.0
2006-02-27 00:00:00-05:00,3.721046936102055,3.721046936102055,3.6848983649538534,3.702972650527954,95000,0.0,0.0
2006-02-28 00:00:00-05:00,3.7097476507224263,3.7233032461420454,3.7052289752743506,3.7187845706939697,67100,0.0,0.0
2006-03-01 00:00:00-05:00,3.716530170618169,3.727826442011789,3.712011489690669,3.714270830154419,90900,0.0,0.0
2006-03-02 00:00:00-05:00,3.71426568435795,3.727821277435208,3.712006347024318,3.7233026027679443,59300,0.0,0.0
2006-03-03 00:00:00-05:00,3.7187858360856514,3.734601205535415,3.70071155906782,3.705230236053467,84900,0.0,0.0
2006-03-06 00:00:00-05:00,3.7120087199112275,3.725564321653851,3.6894157630569824,3.693934440612793,62800,0.0,0.0
2006-03-07 00:00:00-05:00,3.709748017651617,3.727822290307029,3.680377486183317,3.7165260314941406,72100,0.0,0.0
2006-03-08 00:00:00-05:00,3.7233056950570695,3.7323430518973257,3.7052314123014485,3.7120094299316406,94400,0.0,0.0
2006-03-09 00:00:00-05:00,3.7238446544403723,3.7261208951173583,3.6783207091976786,3.6851494312286377,61600,0.122,0.0
2006-03-10 00:00:00-05:00,3.6851482038887307,3.705633929010313,3.6851482038887307,3.6942527294158936,81400,0.0,0.0
2006-03-13 00:00:00-05:00,3.6988047722177515,3.7306712590201645,3.6965285325678185,3.7192904949188232,76100,0.0,0.0
2006-03-14 00:00:00-05:00,3.7101874975332962,3.7443306761821313,3.6988067274160517,3.7170162200927734,144200,0.0,0.0
2006-03-15 00:00:00-05:00,3.719290706647112,3.7443289100734,3.710185747529063,3.7375001907348633,91200,0.0,0.0
2006-03-16 00:00:00-05:00,3.7352227027789,3.7625371368572034,3.7352227027789,3.7397751808166504,86400,0.0,0.0
2006-03-17 00:00:00-05:00,3.764816876361969,3.764816876361969,3.7352261757516776,3.751159429550171,110800,0.0,0.0
2006-03-20 00:00:00-05:00,3.742054248210229,3.76709202804588,3.7306730445135425,3.7579874992370605,72200,0.0,0.0
2006-03-21 00:00:00-05:00,3.744330609651835,3.7693683902946042,3.7420543688391206,3.762540102005005,115100,0.0,0.0
2006-03-22 00:00:00-05:00,3.764817079084942,3.783026574999256,3.74433134191276,3.7784740924835205,98300,0.0,0.0
2006-03-23 00:00:00-05:00,3.7739212438228242,3.778473725896879,3.7170165203428973,3.7238452434539795,130700,0.0,0.0
2006-03-24 00:00:00-05:00,3.7101877972318147,3.726121484491007,3.703359508269319,3.7238452434539795,142700,0.0,0.0
2006-03-27 00:00:00-05:00,3.7352263106067474,3.7352263106067474,3.7124643325805664,3.7124643325805664,86000,0.0,0.0
2006-03-28 00:00:00-05:00,3.719292484259542,3.7375019770504063,3.7101875207898334,3.7329494953155518,96700,0.0,0.0
2006-03-29 00:00:00-05:00,3.732947711175839,3.755709674822615,3.7215669464266243,3.7375001907348633,91700,0.0,0.0
2006-03-30 00:00:00-05:00,3.7306733719052794,3.742054576600743,3.71701636041929,3.7283971309661865,55300,0.0,0.0
2006-03-31 00:00:00-05:00,3.723845661173457,3.7329501921942745,3.710188213419279,3.7261219024658203,78000,0.0,0.0
2006-04-03 00:00:00-04:00,3.7010839958060338,3.7306742668151855,3.7010839958060338,3.7306742668151855,86900,0.0,0.0
2006-04-04 00:00:00-04:00,3.719292484259542,3.7488827472389885,3.719292484259542,3.7329494953155518,80700,0.0,0.0
2006-04-05 00:00:00-04:00,3.721568748256554,3.74888277053833,3.721568748256554,3.74888277053833,77800,0.0,0.0
2006-04-06 00:00:00-04:00,3.7329494953155518,3.742054458785261,3.726121206861824,3.7329494953155518,64000,0.0,0.0
2006-04-07 00:00:00-04:00,3.7306730505521335,3.732949291295155,3.705635270675955,3.7147397994995117,94600,0.0,0.0
2006-04-10 00:00:00-04:00,3.714739979239614,3.7215687017990913,3.6919780048565745,3.7170162200927734,64600,0.0,0.0
2006-04-11 00:00:00-04:00,3.726646473508537,3.7312332203019856,3.6991264301640934,3.722059726715088,84800,0.122,0.0
2006-04-12 00:00:00-04:00,3.696835268979708,3.715181827545166,3.6853683964910093,3.715181827545166,88700,0.0,0.0
2006-04-13 00:00:00-04:00,3.7243547472318705,3.7243547472318705,3.6716084480285645,3.6716084480285645,55700,0.0,0.0
2006-04-17 00:00:00-04:00,3.6693133647546263,3.680779794052989,3.607393596744495,3.6188602447509766,141800,0.0,0.0
2006-04-18 00:00:00-04:00,3.6165677133974707,3.630327518410126,3.591341039694007,3.607394218444824,156100,0.0,0.0
2006-04-19 00:00:00-04:00,3.614274309938142,3.6463806671757566,3.6119809362188393,3.6280341148376465,154200,0.0,0.0
2006-04-20 00:00:00-04:00,3.6280317384115044,3.6693115634873004,3.6234452126853114,3.6463782787323,68900,0.0,0.0
2006-04-21 00:00:00-04:00,3.673902903593047,3.676196278678924,3.6463828399790956,3.6624362468719482,82300,0.0,0.0
2006-04-24 00:00:00-04:00,3.6509682528801397,3.676194932168227,3.6463815043884127,3.6739015579223633,83900,0.0,0.0
2006-04-25 00:00:00-04:00,3.680781998549918,3.683075373266388,3.646382252635868,3.6532623767852783,86200,0.0,0.0
2006-04-26 00:00:00-04:00,3.648676872253418,3.6509702477523707,3.6326236811774,3.648676872253418,77300,0.0,0.0
2006-04-27 00:00:00-04:00,3.637209638261257,3.6624363273436167,3.6349164818332804,3.6555562019348145,54100,0.0,0.0
2006-04-28 00:00:00-04:00,3.6647280609389092,3.6784883064140903,3.6509682528801397,3.6739015579223633,59100,0.0,0.0
2006-05-01 00:00:00-04:00,3.673902723354271,3.6853691608045493,3.660142692222352,3.6761960983276367,53000,0.0,0.0
2006-05-02 00:00:00-04:00,3.669313694441313,3.6784871886372303,3.653260517014737,3.667020320892334,84100,0.0,0.0
2006-05-03 00:00:00-04:00,3.6670227783354163,3.680782591434106,3.6555561216143175,3.6624362468719482,84100,0.0,0.0
2006-05-04 00:00:00-04:00,3.650968778940751,3.676195461863699,3.6486754043644396,3.6693153381347656,92200,0.0,0.0
2006-05-05 00:00:00-04:00,3.669316696514895,3.6968367642020765,3.669316696514895,3.6922500133514404,71300,0.0,0.0
2006-05-08 00:00:00-04:00,3.6899551351238435,3.7495815596482456,3.685368386141245,3.7335283756256104,114700,0.0,0.0
2006-05-09 00:00:00-04:00,3.750165365124868,3.750165365124868,3.7316802787689296,3.7363016605377197,94400,0.122,0.0
2006-05-10 00:00:00-04:00,3.7432337331909054,3.752476056009263,3.7155058832973866,3.7363016605377197,113700,0.0,0.0
2006-05-11 00:00:00-04:00,3.7432331557768572,3.7547861676974956,3.7201266912164264,3.7224373817443848,84900,0.0,0.0
2006-05-12 00:00:00-04:00,3.7062630914967905,3.717816103737651,3.6970203291287684,3.708573341369629,84200,0.0,0.0
2006-05-15 00:00:00-04:00,3.7016395410951106,3.710881857327826,3.6970181626192984,3.706260919570923,95500,0.0,0.0
2006-05-16 00:00:00-04:00,3.7085711680899203,3.710881857327826,3.6947074733813925,3.706260919570923,94300,0.0,0.0
2006-05-17 00:00:00-04:00,3.706264615901772,3.706264615901772,3.676226066569863,3.6831579208374023,130100,0.0,0.0
2006-05-18 00:00:00-04:00,3.671603393695458,3.708573341369629,3.671603393695458,3.708573341369629,142800,0.0,0.0
2006-05-19 00:00:00-04:00,3.7131940577285025,3.736300518792317,3.708572677371922,3.7293684482574463,174700,0.0,0.0
2006-05-22 00:00:00-04:00,3.743229742385535,3.775578498840332,3.7362976771228986,3.775578498840332,148100,0.0,0.0
2006-05-23 00:00:00-04:00,3.775582096822396,3.8056201934814453,3.773271406199519,3.8056201934814453,176800,0.0,0.0
2006-05-24 00:00:00-04:00,3.805620369761282,3.8125524419510115,3.7940673568309258,3.803309679031372,153900,0.0,0.0
2006-05-25 00:00:00-04:00,3.8033095907646097,3.8102416627934605,3.789445887426091,3.7986886501312256,114700,0.0,0.0
2006-05-26 00:00:00-04:00,3.7986896653803486,3.810242681130277,3.784825517617273,3.8010003566741943,79300,0.0,0.0
2006-05-30 00:00:00-04:00,3.800999976137402,3.814863681793213,3.791757211887357,3.814863681793213,86700,0.0,0.0
2006-05-31 00:00:00-04:00,3.817174372855724,3.8310380785115346,3.807931608605679,3.814863681793213,107000,0.0,0.0
2006-06-01 00:00:00-04:00,3.8148626255099636,3.870317873497664,3.8148626255099636,3.868007183074951,132100,0.0,0.0
2006-06-02 00:00:00-04:00,3.8749387655755116,3.900355475581131,3.8633853149192494,3.8864917755126953,162500,0.0,0.0
2006-06-05 00:00:00-04:00,3.909599550464572,3.9119102413726496,3.877250759189937,3.8818717002868652,166800,0.0,0.0
2006-06-06 00:00:00-04:00,3.9049781686484164,3.909599550464572,3.872629377373781,3.8818717002868652,172100,0.0,0.0
2006-06-07 00:00:00-04:00,3.9003557268283955,3.911909178228891,3.872628324905422,3.8957347869873047,147700,0.0,0.0
2006-06-08 00:00:00-04:00,3.917148142710905,3.917148142710905,3.8403413337923187,3.875253438949585,142400,0.122,0.0
2006-06-09 00:00:00-04:00,3.875253438949585,3.8799085046856208,3.8519785542009064,3.875253438949585,115600,0.0,0.0
2006-06-12 00:00:00-04:00,3.8775803948692826,3.893872678589765,3.842668294906616,3.842668294906616,163900,0.0,0.0
2006-06-13 00:00:00-04:00,3.817064441649884,3.83801178251434,3.7518953313438157,3.7774972915649414,171900,0.0,0.0
2006-06-14 00:00:00-04:00,3.7542250835072886,3.7681902832824945,3.7332781717076475,3.7472429275512695,122700,0.0,0.0
2006-06-15 00:00:00-04:00,3.8054289553297043,3.8543058102532477,3.77982653955177,3.8473236560821533,146400,0.0,0.0
2006-06-16 00:00:00-04:00,3.7472405783557314,3.7518956420291447,3.7216381720832636,3.728620767593384,1445900,0.0,0.0
2006-06-19 00:00:00-04:00,3.7239680733333427,3.7472429625779937,3.7239680733333427,3.740260362625122,242300,0.0,0.0
2006-06-20 00:00:00-04:00,3.735602919172198,3.7472405783557314,3.7262932357566774,3.728620767593384,210800,0.0,0.0
2006-06-21 00:00:00-04:00,3.735602919172198,3.7472405783557314,3.7239657039199705,3.728620767593384,215700,0.0,0.0
2006-06-22 00:00:00-04:00,3.7262969561387465,3.737934183009729,3.7239694219782002,3.730952024459839,158200,0.0,0.0
2006-06-23 00:00:00-04:00,3.7309494345638825,3.737931588267003,3.7239668369293213,3.7239668369293213,180200,0.0,0.0
2006-06-26 00:00:00-04:00,3.7332783010438737,3.735605390488777,3.7006932777044295,3.7030208110809326,204100,0.0,0.0
2006-06-27 00:00:00-04:00,3.700691032145227,3.7100009380362393,3.6890538162557105,3.693708658218384,171100,0.0,0.0
2006-06-28 00:00:00-04:00,3.7123304323644417,3.728622942760298,3.6960381439343677,3.710002899169922,128600,0.0,0.0
2006-06-29 00:00:00-04:00,3.7030194800795164,3.7356040477752686,3.6890547287715427,3.7356040477752686,148500,0.0,0.0
2006-06-30 00:00:00-04:00,3.728625097821006,3.728625097821006,3.714660112548225,3.72164249420166,145100,0.0,0.0
2006-07-03 00:00:00-04:00,3.7332781717076475,3.7472429275512695,3.7332781717076475,3.7472429275512695,68300,0.0,0.0
2006-07-05 00:00:00-04:00,3.7472429275512695,3.7472429275512695,3.7309506384117794,3.7472429275512695,94200,0.0,0.0
2006-07-06 00:00:00-04:00,3.749571543971316,3.749571543971316,3.730951716157321,3.737933874130249,127700,0.0,0.0
2006-07-07 00:00:00-04:00,3.7472429275512695,3.7472429275512695,3.7379327943677985,3.7472429275512695,110300,0.0,0.0
2006-07-10 00:00:00-04:00,3.749570460847137,3.749570460847137,3.7332781717076475,3.7472429275512695,147400,0.0,0.0
2006-07-11 00:00:00-04:00,3.7594385147094727,3.761783820012273,3.7312952983971157,3.7594385147094727,98300,0.122,0.0
2006-07-12 00:00:00-04:00,3.775853614633271,3.775853614633271,3.7547463231168274,3.773508310317993,98700,0.0,0.0
2006-07-13 00:00:00-04:00,3.773508711162304,3.773508711162304,3.7547467219681296,3.764127492904663,83600,0.0,0.0
2006-07-14 00:00:00-04:00,3.7711619031314854,3.7711619031314854,3.728947332444193,3.7523999214172363,124000,0.0,0.0
2006-07-17 00:00:00-04:00,3.7383283233013174,3.7523999214172363,3.7054949671316137,3.7523999214172363,151600,0.0,0.0
2006-07-18 00:00:00-04:00,3.752401628080362,3.7664730089357463,3.7383300235644112,3.757092237472534,113500,0.0,0.0
2006-07-19 00:00:00-04:00,3.7336373089347172,3.764125356324311,3.7312920057015404,3.7617805004119873,101300,0.0,0.0
2006-07-20 00:00:00-04:00,3.7711635014709493,3.7758541107177734,3.75240151180477,3.7758541107177734,118100,0.0,0.0
2006-07-21 00:00:00-04:00,3.7664730089357463,3.7758542277200906,3.7406753282604974,3.757092237472534,164900,0.0,0.0
2006-07-24 00:00:00-04:00,3.752402185812054,3.78289025675045,3.752402185812054,3.7711641788482666,112500,0.0,0.0
2006-07-25 00:00:00-04:00,3.7641270930568806,3.782889080258046,3.7594369317473837,3.773508310317993,149500,0.0,0.0
2006-07-26 00:00:00-04:00,3.7758541107177734,3.787580186513716,3.7664728922241246,3.7758541107177734,132200,0.0,0.0
2006-07-27 00:00:00-04:00,3.7711635014709493,3.785234881890304,3.768818196847537,3.7758541107177734,130000,0.0,0.0
2006-07-28 00:00:00-04:00,3.775853614633271,3.775853614633271,3.7641270930568806,3.773508310317993,103400,0.0,0.0
2006-07-31 00:00:00-04:00,3.7735071581519697,3.7828879252277905,3.766471247354412,3.778197765350342,109600,0.0,0.0
2006-08-01 00:00:00-04:00,3.778201603274998,3.78758237987988,3.773510991311869,3.7852370738983154,128400,0.0,0.0
2006-08-02 00:00:00-04:00,3.7805429811215094,3.803995121926692,3.7805429811215094,3.799304962158203,139200,0.0,0.0
2006-08-03 00:00:00-04:00,3.7875808288053983,3.806342821653205,3.7875808288053983,3.80399751663208,148600,0.0,0.0
2006-08-04 00:00:00-04:00,3.81103311213387,3.829795103408452,3.806342502484935,3.8274497985839844,166000,0.0,0.0
2006-08-07 00:00:00-04:00,3.841518995741619,3.841518995741619,3.8110309450027935,3.8204121589660645,197800,0.0,0.0
2006-08-08 00:00:00-04:00,3.836829255048163,3.848555326461792,3.820412576140702,3.848555326461792,152900,0.0,0.0
2006-08-09 00:00:00-04:00,3.8513926343803204,3.8584812496552314,3.818313331107484,3.830127239227295,200700,0.122,0.0
2006-08-10 00:00:00-04:00,3.830126503528535,3.834852246137411,3.8041358205229536,3.8112239837646484,124100,0.0,0.0
2006-08-11 00:00:00-04:00,3.8159501734864034,3.834852695465088,3.806499137832897,3.834852695465088,80200,0.0,0.0
2006-08-14 00:00:00-04:00,3.841941598018813,3.853755506138624,3.811224715832573,3.830127239227295,142800,0.0,0.0
2006-08-15 00:00:00-04:00,3.8443028437677578,3.8490285852855366,3.8277631991270464,3.837214231491089,133200,0.0,0.0
2006-08-16 00:00:00-04:00,3.8466657861074323,3.8537539478444853,3.8324885612902775,3.851391077041626,152600,0.0,0.0
2006-08-17 00:00:00-04:00,3.856116130377549,3.870292901992798,3.8466650995245306,3.870292901992798,129400,0.0,0.0
2006-08-18 00:00:00-04:00,3.8702934042065724,3.8891959190368652,3.8608423721271774,3.8891959190368652,142600,0.0,0.0
2006-08-21 00:00:00-04:00,3.901011638266326,3.905737381296314,3.8632065953697428,3.8868348598480225,154400,0.0,0.0
2006-08-22 00:00:00-04:00,3.8939228814456732,3.8986486243029925,3.8679321970737046,3.877383232116699,126100,0.0,0.0
2006-08-23 00:00:00-04:00,3.8750208690667574,3.882109484282719,3.853755474090576,3.853755474090576,114400,0.0,0.0
2006-08-24 00:00:00-04:00,3.8632065299222296,3.884471922525253,3.8537550440223733,3.8608436584472656,153800,0.0,0.0
2006-08-25 00:00:00-04:00,3.8632052428149017,3.8915587897245896,3.858479501439453,3.8891959190368652,133300,0.0,0.0
2006-08-28 00:00:00-04:00,3.8868353562632687,3.89392352104187,3.867932832400802,3.89392352104187,151000,0.0,0.0
2006-08-29 00:00:00-04:00,3.8962853431397595,3.9080996990406565,3.8868343090906383,3.903373956680298,145300,0.0,0.0
2006-08-30 00:00:00-04:00,3.915188615039791,3.9411797523498535,3.9033747075379535,3.9411797523498535,130100,0.0,0.0
2006-08-31 00:00:00-04:00,3.9435415741493998,3.9435415741493998,3.927001927781278,3.9388158321380615,125300,0.0,0.0
2006-09-01 00:00:00-04:00,3.941179323611645,3.950630358450655,3.9293649667233406,3.9364535808563232,86800,0.0,0.0
2006-09-05 00:00:00-04:00,3.941179993815568,3.943542865595039,3.9222774702515104,3.929365634918213,104900,0.0,0.0
2006-09-06 00:00:00-04:00,3.9317261894866182,3.9364519302603873,3.9080983869606647,3.9128236770629883,170900,0.0,0.0
2006-09-07 00:00:00-04:00,3.8871178918846763,3.9109215216349726,3.868075078887734,3.899019479751587,178800,0.122,0.0
2006-09-08 00:00:00-04:00,3.891878403566672,3.9085408068808265,3.875216000252517,3.889497995376587,99100,0.0,0.0
2006-09-11 00:00:00-04:00,3.9037787164695734,3.9323431514119087,3.882355503766895,3.922821521759033,116900,0.0,0.0
2006-09-12 00:00:00-04:00,3.9347235588251275,3.9442447344617118,3.922821521759033,3.922821521759033,181300,0.0,0.0
2006-09-13 00:00:00-04:00,3.9347240517575264,3.9585272208391347,3.9275828286232355,3.9513864517211914,145700,0.0,0.0
2006-09-14 00:00:00-04:00,3.9585278034210205,3.963288619544537,3.9442458090668855,3.9585278034210205,87500,0.0,0.0
2006-09-15 00:00:00-04:00,3.9823310054948267,3.9823310054948267,3.953767019831556,3.9704294204711914,148800,0.0,0.0
2006-09-18 00:00:00-04:00,3.975190236087192,3.989472228918827,3.9561474276395563,3.9704294204711914,138500,0.0,0.0
2006-09-19 00:00:00-04:00,3.979948004040706,4.01803359611642,3.958524801746108,3.9680464267730713,151100,0.0,0.0
2006-09-20 00:00:00-04:00,3.970430366056438,3.9870927706643395,3.9632891409317055,3.9847123622894287,152700,0.0,0.0
2006-09-21 00:00:00-04:00,3.9942304415811516,3.9942304415811516,3.9656660205163305,3.9680464267730713,111900,0.0,0.0
2006-09-22 00:00:00-04:00,3.9704287230487503,3.9918519355413093,3.934723520233247,3.939483880996704,140800,0.0,0.0
2006-09-25 00:00:00-04:00,3.9537676581998378,3.9751908779144287,3.9442460254304907,3.9751908779144287,147500,0.0,0.0
2006-09-26 00:00:00-04:00,3.972810469722092,3.9751908779144287,3.9418656172381543,3.9751908779144287,137400,0.0,0.0
2006-09-27 00:00:00-04:00,3.975191933993774,3.9989951142079936,3.963289889870104,3.982332706451416,100600,0.0,0.0
2006-09-28 00:00:00-04:00,3.9894717438638603,4.0085145499962005,3.9823305213081164,3.998992919921875,105300,0.0,0.0
2006-09-29 00:00:00-04:00,4.00613521850868,4.020417213439941,3.996614039893317,4.020417213439941,121800,0.0,0.0
2006-10-02 00:00:00-04:00,4.020416870006123,4.022797277960732,3.991852882583607,4.013276100158691,82400,0.0,0.0
2006-10-03 00:00:00-04:00,4.020416627153967,4.020416627153967,3.951386616705629,3.9561474323272705,181000,0.0,0.0
2006-10-04 00:00:00-04:00,3.958528324181884,3.9870927706643395,3.9537679614485364,3.9847123622894287,151500,0.0,0.0
2006-10-05 00:00:00-04:00,3.987091336345279,3.998992919921875,3.9704289377315205,3.998992919921875,99300,0.0,0.0
2006-10-06 00:00:00-04:00,3.9966118346654818,4.015654635405312,3.9870902072874754,4.010893821716309,114700,0.0,0.0
2006-10-09 00:00:00-04:00,4.046601332584464,4.22512786196319,4.018036888116633,4.044220924377441,133600,0.0,0.0
2006-10-10 00:00:00-04:00,4.044699864897934,4.059085153559374,4.027916494609492,4.051892280578613,150600,0.122,0.0
2006-10-11 00:00:00-04:00,4.056686418056173,4.056686418056173,4.030313014984131,4.030313014984131,117100,0.0,0.0
2006-10-12 00:00:00-04:00,4.027918215475191,4.066279306494934,4.027918215475191,4.056689262390137,120200,0.0,0.0
2006-10-13 00:00:00-04:00,4.066279218218969,4.07586971941584,4.047098673125493,4.059086799621582,97600,0.0,0.0
2006-10-16 00:00:00-04:00,4.068676227372922,4.090254394497898,4.054290935056338,4.087856769561768,117800,0.0,0.0
2006-10-17 00:00:00-04:00,4.085458977361191,4.095049018339437,4.049495066117417,4.066277980804443,126000,0.0,0.0
2006-10-18 00:00:00-04:00,4.049495024825303,4.068675563886341,4.0375073593997,4.04230260848999,118400,0.0,0.0
2006-10-19 00:00:00-04:00,4.037508716880265,4.056689262390137,4.032713466177729,4.056689262390137,102500,0.0,0.0
2006-10-20 00:00:00-04:00,4.06148284084579,4.080663378458399,4.051892343389441,4.075868129730225,111300,0.0,0.0
2006-10-23 00:00:00-04:00,4.07826610365241,4.085458977361191,4.05908556439579,4.066277980804443,126000,0.0,0.0
2006-10-24 00:00:00-04:00,4.063880766537337,4.092651346439479,4.063880766537337,4.080663681030273,168700,0.0,0.0
2006-10-25 00:00:00-04:00,4.1022439149969525,4.114231586456299,4.078268114777905,4.114231586456299,155600,0.0,0.0
2006-10-26 00:00:00-04:00,4.111832462485422,4.135808253968465,4.102242420272317,4.128615379333496,156800,0.0,0.0
2006-10-27 00:00:00-04:00,4.131010038918432,4.135805285232987,4.087853736687154,4.092648983001709,115300,0.0,0.0
2006-10-30 00:00:00-05:00,4.092651042978747,4.095048667342834,4.066277632273875,4.075868129730225,148700,0.0,0.0
2006-10-31 00:00:00-05:00,4.07587021379604,4.085460716156185,4.066279711435894,4.071074962615967,109000,0.0,0.0
2006-11-01 00:00:00-05:00,4.075868431946542,4.087856097355748,4.073470807404677,4.080663681030273,112400,0.0,0.0
2006-11-02 00:00:00-05:00,4.080664826974036,4.08306245218921,4.032713237271069,4.037508487701416,149900,0.0,0.0
2006-11-03 00:00:00-05:00,4.030313772025701,4.063880052413272,4.006337988120304,4.023121356964111,106200,0.0,0.0
2006-11-06 00:00:00-05:00,4.011135034388352,4.068676667174827,4.008737409193052,4.063881874084473,113000,0.0,0.0
2006-11-07 00:00:00-05:00,4.049494784327796,4.085458693068972,4.049494784327796,4.061482906341553,126200,0.0,0.0
2006-11-08 00:00:00-05:00,4.0494957537062914,4.0758691711497965,4.044700961053095,4.073471546173096,114700,0.0,0.0
2006-11-09 00:00:00-05:00,4.064294498886845,4.076368867576977,4.044975232618049,4.049805164337158,157300,0.122,0.0
2006-11-10 00:00:00-05:00,4.035318050288198,4.081201510889914,4.03290354343206,4.064297199249268,130800,0.0,0.0
2006-11-13 00:00:00-05:00,4.078780997046722,4.081195961226906,4.0449724197387695,4.0449724197387695,132400,0.0,0.0
2006-11-14 00:00:00-05:00,4.0159960552261555,4.069124382290242,3.9966767891867514,4.054635047912598,170800,0.0,0.0
2006-11-15 00:00:00-05:00,4.04255999792257,4.057049331508695,4.020825767239577,4.0304856300354,124700,0.0,0.0
2006-11-16 00:00:00-05:00,4.042559846120337,4.0691240072037305,4.032900444294843,4.066709041595459,135600,0.0,0.0
2006-11-17 00:00:00-05:00,4.069123006482224,4.081197370946534,4.052218711989198,4.071537971496582,167200,0.0,0.0
2006-11-20 00:00:00-05:00,4.069123419900401,4.081197785591453,4.0546340889496335,4.0763678550720215,116400,0.0,0.0
2006-11-21 00:00:00-05:00,4.076370400108584,4.110179474245395,4.076370400108584,4.105349540710449,116800,0.0,0.0
2006-11-22 00:00:00-05:00,4.117420116192132,4.12225004527214,4.066707242674214,4.078781604766846,150200,0.0,0.0
2006-11-24 00:00:00-05:00,4.081197261810303,4.081197261810303,4.069122897668876,4.081197261810303,64400,0.0,0.0
2006-11-27 00:00:00-05:00,4.06912543872273,4.10293404791722,4.06912543872273,4.088444709777832,96300,0.0,0.0
2006-11-28 00:00:00-05:00,4.08119684674681,4.105346033181124,4.076366917338463,4.0981011390686035,99000,0.0,0.0
2006-11-29 00:00:00-05:00,4.093271426598478,4.139154371424137,4.093271426598478,4.122250080108643,123700,0.0,0.0
2006-11-30 00:00:00-05:00,4.119836034448154,4.158474554818014,4.119836034448154,4.148815155029297,87400,0.0,0.0
2006-12-01 00:00:00-05:00,4.146401979586323,4.1657212481097705,4.129497677204268,4.136742115020752,104400,0.0,0.0
2006-12-04 00:00:00-05:00,4.144526788141603,4.149390903368475,4.117772066790705,4.137229919433594,122200,0.122,0.0
2006-12-05 00:00:00-05:00,4.137229919433594,4.154255482507147,4.1347976298642575,4.137229919433594,105700,0.0,0.0
2006-12-06 00:00:00-05:00,4.129932845801841,4.159119855273841,4.129932845801841,4.149390697479248,125700,0.0,0.0
2006-12-07 00:00:00-05:00,4.142093211127475,4.1615510577224795,4.122635364532471,4.122635364532471,131800,0.0,0.0
2006-12-08 00:00:00-05:00,4.112904071807861,4.134794195839927,4.110471784258586,4.112904071807861,73400,0.0,0.0
2006-12-11 00:00:00-05:00,4.122631299787272,4.139656840782459,4.110469867711282,4.132359981536865,96400,0.0,0.0
2006-12-12 00:00:00-05:00,4.137229919433594,4.149390903368475,4.127500761156249,4.137229919433594,135600,0.0,0.0
2006-12-13 00:00:00-05:00,4.134795581834085,4.178575844573474,4.134795581834085,4.151821136474609,109800,0.0,0.0
2006-12-14 00:00:00-05:00,4.159114668192845,4.161546954608043,4.122631299787272,4.132359981536865,122000,0.0,0.0
2006-12-15 00:00:00-05:00,4.134795421199418,4.146956398638324,4.122634443760511,4.144524574279785,91000,0.0,0.0
2006-12-18 00:00:00-05:00,4.139659543812881,4.183439800050786,4.137227255809497,4.1664137840271,119200,0.0,0.0
2006-12-19 00:00:00-05:00,4.159119218067589,4.166415621383896,4.1347967912192525,4.142093658447266,117600,0.0,0.0
2006-12-20 00:00:00-05:00,4.142092562479551,4.168846807413206,4.142092562479551,4.156685829162598,80500,0.0,0.0
2006-12-21 00:00:00-05:00,4.144526244322765,4.1956029268414605,4.144526244322765,4.176145076751709,132000,0.0,0.0
2006-12-22 00:00:00-05:00,4.176143672710522,4.18830465096113,4.149388963865283,4.156685829162598,85900,0.0,0.0
2006-12-26 00:00:00-05:00,4.14452613086754,4.173712673247324,4.14452613086754,4.171280384063721,72700,0.0,0.0
2006-12-27 00:00:00-05:00,4.1945825831111785,4.199488639831543,4.172505795736857,4.199488639831543,69500,0.145,0.0
2006-12-28 00:00:00-05:00,4.194583054585718,4.226471491117734,4.194583054585718,4.219112873077393,76400,0.0,0.0
2006-12-29 00:00:00-05:00,4.219111556687215,4.255906039010924,4.219111556687215,4.243640899658203,85300,0.0,0.0
2007-01-03 00:00:00-05:00,4.2313758067451595,4.287794038546972,4.160239409185951,4.17741060256958,203200,0.0,0.0
2007-01-04 00:00:00-05:00,4.182316958163827,4.1994881547014655,4.157787613130305,4.160240173339844,173000,0.0,0.0
2007-01-05 00:00:00-05:00,4.162694871709552,4.174960017015003,4.123447342467015,4.170053958892822,136600,0.0,0.0
2007-01-08 00:00:00-05:00,4.170053601874267,4.192130393666524,4.165147544172117,4.174959659576416,105500,0.0,0.0
2007-01-09 00:00:00-05:00,4.179866482766517,4.243643373104703,4.1700543655652575,4.197037220001221,175200,0.0,0.0
2007-01-10 00:00:00-05:00,4.1994882201210775,4.209299864713879,4.170052350608126,4.1725053787231445,109900,0.0,0.0
2007-01-11 00:00:00-05:00,4.172506987953913,4.18231863633082,4.1455241361493735,4.170053958892822,137300,0.0,0.0
2007-01-12 00:00:00-05:00,4.179863630195813,4.184769217581098,4.160239409185951,4.17741060256958,136800,0.0,0.0
2007-01-16 00:00:00-05:00,4.174958406838163,4.19458216389104,4.165146294378088,4.1725053787231445,121600,0.0,0.0
2007-01-17 00:00:00-05:00,4.179863630195813,4.182316189954865,4.160239409185951,4.17741060256958,109400,0.0,0.0
2007-01-18 00:00:00-05:00,4.172507572882202,4.194584369659424,4.165148484667288,4.194584369659424,103000,0.0,0.0
2007-01-19 00:00:00-05:00,4.1872233734065,4.233829975128174,4.179864756412287,4.233829975128174,100000,0.0,0.0
2007-01-22 00:00:00-05:00,4.238735311784342,4.2509999832698355,4.224017144561077,4.243640899658203,132000,0.0,0.0
2007-01-23 00:00:00-05:00,4.233831048505094,4.265719488588209,4.231378019596019,4.238737106323242,137400,0.0,0.0
2007-01-24 00:00:00-05:00,4.248547554016113,4.253453610448461,4.224017739721668,4.248547554016113,131500,0.0,0.0
2007-01-25 00:00:00-05:00,4.238735909018711,4.265718283662037,4.23137682437019,4.248547554016113,174800,0.0,0.0
2007-01-26 00:00:00-05:00,4.260813294057042,4.2657188833116955,4.233830447753333,4.253454208374023,167600,0.0,0.0
2007-01-29 00:00:00-05:00,4.236283121723819,4.268171554613017,4.23137706501246,4.258359909057617,123100,0.0,0.0
2007-01-30 00:00:00-05:00,4.2583602654960355,4.260813294057042,4.246095122691005,4.253454208374023,97700,0.0,0.0
2007-01-31 00:00:00-05:00,4.246096303418273,4.270626127982072,4.2387376835563755,4.2632670402526855,109000,0.0,0.0
2007-02-01 00:00:00-05:00,4.253453852346258,4.268171554613017,4.241189178435178,4.258359909057617,117100,0.0,0.0
2007-02-02 00:00:00-05:00,4.265719711898789,4.285343476331263,4.2559080636162765,4.268172740936279,92500,0.0,0.0
2007-02-05 00:00:00-05:00,4.280437349421505,4.290248996473784,4.260813587449555,4.27553129196167,107300,0.0,0.0
2007-02-06 00:00:00-05:00,4.275528661617547,4.295152411516788,4.255904911718306,4.265716552734375,137800,0.0,0.0
2007-02-07 00:00:00-05:00,4.258359488698506,4.273077189512424,4.243641320017315,4.25100040435791,172400,0.0,0.0
2007-02-08 00:00:00-05:00,4.249025860452553,4.249025860452553,4.229262969197706,4.234203338623047,130100,0.122,0.0
2007-02-09 00:00:00-05:00,4.224322564111336,4.253966668457637,4.221852143551721,4.249026298522949,120300,0.0,0.0
2007-02-12 00:00:00-05:00,4.244083184237679,4.2490240227105565,4.204557418823242,4.204557418823242,160600,0.0,0.0
2007-02-13 00:00:00-05:00,4.204560322438324,4.224323218793543,4.169974900428228,4.189737796783447,153400,0.0,0.0
2007-02-14 00:00:00-05:00,4.197148350111752,4.221852084175934,4.1847967186719295,4.214440822601318,131300,0.0,0.0
2007-02-15 00:00:00-05:00,4.2218512022612895,4.2218512022612895,4.207029153392816,4.216910362243652,150700,0.0,0.0
2007-02-16 00:00:00-05:00,4.204556905785905,4.22184936714667,4.199616067915906,4.21937894821167,128800,0.0,0.0
2007-02-20 00:00:00-05:00,4.219380089522259,4.2243209287287184,4.202087623484012,4.209498882293701,154200,0.0,0.0
2007-02-21 00:00:00-05:00,4.207026987825857,4.211967354116003,4.184793690375516,4.192204475402832,189200,0.0,0.0
2007-02-22 00:00:00-05:00,4.192203553482197,4.204555644451664,4.174911097309036,4.17738151550293,200200,0.0,0.0
2007-02-23 00:00:00-05:00,4.169972420376218,4.20455782181697,4.162561633140892,4.20208740234375,112900,0.0,0.0
2007-02-26 00:00:00-05:00,4.209497520641807,4.219378724674078,4.1897341702088475,4.211967468261719,101700,0.0,0.0
2007-02-27 00:00:00-05:00,4.199617610448749,4.2094992898183206,4.135388108099757,4.1749138832092285,129900,0.0,0.0
2007-02-28 00:00:00-05:00,4.155150155278386,4.199616761079303,4.152679735935633,4.194675922393799,117300,0.0,0.0
2007-03-01 00:00:00-05:00,4.167505618521166,4.199620153550582,4.157623933167689,4.17985725402832,140100,0.0,0.0
2007-03-02 00:00:00-05:00,4.165029732890887,4.199614643885155,4.125503985701988,4.140326023101807,160500,0.0,0.0
2007-03-05 00:00:00-05:00,4.14279954084508,4.160092009280453,4.083510875701904,4.083510875701904,200500,0.0,0.0
2007-03-06 00:00:00-05:00,4.083508893783296,4.100801353825826,4.07115680004992,4.081038475036621,156500,0.0,0.0
2007-03-07 00:00:00-05:00,4.083508749942948,4.113152831490454,4.083508749942948,4.108211994171143,122500,0.0,0.0
2007-03-08 00:00:00-05:00,4.121153704884769,4.143551318063476,4.106222120987795,4.126131057739258,106500,0.122,0.0
2007-03-09 00:00:00-05:00,4.118663287697017,4.1385722160339355,4.118663287697017,4.1385722160339355,80900,0.0,0.0
2007-03-12 00:00:00-04:00,4.1385722160339355,4.148526917535541,4.12364063844782,4.1385722160339355,108700,0.0,0.0
2007-03-13 00:00:00-04:00,4.126131638144429,4.136086345253693,4.056450112379261,4.066404819488525,126600,0.0,0.0
2007-03-14 00:00:00-04:00,4.0664077459511505,4.088805378399289,4.056453031677799,4.0639190673828125,93500,0.0,0.0
2007-03-15 00:00:00-04:00,4.046495058768309,4.126130800815442,4.041517706223747,4.098755836486816,155600,0.0,0.0
2007-03-16 00:00:00-04:00,4.0987580451552645,4.118666991395239,4.063917507901988,4.068894863128662,106200,0.0,0.0
2007-03-19 00:00:00-04:00,4.076360185617893,4.101246485645683,4.076360185617893,4.096269130706787,153300,0.0,0.0
2007-03-20 00:00:00-04:00,4.10622323433098,4.111200588535008,4.0813369379774675,4.101245880126953,119400,0.0,0.0
2007-03-21 00:00:00-04:00,4.09626918101176,4.131110191345215,4.091292300678436,4.131110191345215,89700,0.0,0.0
2007-03-22 00:00:00-04:00,4.131110302976858,4.170928194719604,4.1236442702750775,4.163462162017822,162300,0.0,0.0
2007-03-23 00:00:00-04:00,4.153508211337136,4.235632678023446,4.153508211337136,4.225677967071533,129500,0.0,0.0
2007-03-26 00:00:00-04:00,4.225677838004926,4.230655193328857,4.178394386427766,4.230655193328857,138500,0.0,0.0
2007-03-27 00:00:00-04:00,4.205767281855409,4.228164897574945,4.185858342845438,4.200789928436279,118700,0.0,0.0
2007-03-28 00:00:00-04:00,4.200791318379676,4.230654974109091,4.200791318379676,4.220700263977051,81900,0.0,0.0
2007-03-29 00:00:00-04:00,4.213233883835222,4.233142825547381,4.2057678526931825,4.215722560882568,138100,0.0,0.0
2007-03-30 00:00:00-04:00,4.218211237929915,4.240608856689421,4.208256529740529,4.215722560882568,78400,0.0,0.0
2007-04-02 00:00:00-04:00,4.210746375310407,4.228166644809511,4.20576901983445,4.225677967071533,69100,0.0,0.0
2007-04-03 00:00:00-04:00,4.2256767944053415,4.233142825547381,4.210745206787875,4.215722560882568,83100,0.0,0.0
2007-04-04 00:00:00-04:00,4.218212408524342,4.245586914308616,4.218212408524342,4.225677967071533,82900,0.0,0.0
2007-04-05 00:00:00-04:00,4.225674827590831,4.270470044260183,4.225674827590831,4.255538463592529,114900,0.0,0.0
2007-04-09 00:00:00-04:00,4.255540279207365,4.267983189294744,4.225676630464421,4.2406086921691895,138400,0.0,0.0
2007-04-10 00:00:00-04:00,4.256150463028034,4.263670335807761,4.238604571298364,4.261163711547852,99600,0.122,0.0
2007-04-11 00:00:00-04:00,4.248629646271174,4.258655661865291,4.208524627715643,4.228577136993408,133000,0.0,0.0
2007-04-12 00:00:00-04:00,4.216042262907293,4.2360947638284365,4.2085228738676985,4.221055507659912,73300,0.0,0.0
2007-04-13 00:00:00-04:00,4.221057695467981,4.2736953583850035,4.21103120076593,4.271189212799072,108000,0.0,0.0
2007-04-16 00:00:00-04:00,4.273694589923194,4.281214459597568,4.2536420822143555,4.2536420822143555,84200,0.0,0.0
2007-04-17 00:00:00-04:00,4.273694111536292,4.293746617000502,4.2636680978489085,4.286227226257324,127100,0.0,0.0
2007-04-18 00:00:00-04:00,4.281211630282488,4.298757503171031,4.251132649552715,4.276198387145996,132700,0.0,0.0
2007-04-19 00:00:00-04:00,4.261161877412852,4.2962536457676155,4.256148631050889,4.2736945152282715,91800,0.0,0.0
2007-04-20 00:00:00-04:00,4.271188702301061,4.291241211218879,4.228577061089506,4.248629570007324,105700,0.0,0.0
2007-04-23 00:00:00-04:00,4.248629460377888,4.248629460377888,4.2285769519774945,4.24612283706665,115400,0.0,0.0
2007-04-24 00:00:00-04:00,4.238602820955101,4.2536420822143555,4.226070182920639,4.2536420822143555,106000,0.0,0.0
2007-04-25 00:00:00-04:00,4.243615299722967,4.286226930656872,4.243615299722967,4.268681049346924,127600,0.0,0.0
2007-04-26 00:00:00-04:00,4.2711871612728824,4.286226418012759,4.268680538801345,4.2787065505981445,59300,0.0,0.0
2007-04-27 00:00:00-04:00,4.268681783544826,4.29625368259298,4.261161913937426,4.263668537139893,97600,0.0,0.0
2007-04-30 00:00:00-04:00,4.263669341772534,4.281215229411542,4.243616830458014,4.271189212799072,107700,0.0,0.0
2007-05-01 00:00:00-04:00,4.273692653124189,4.2962517738342285,4.2611600207694025,4.2962517738342285,102100,0.0,0.0
2007-05-02 00:00:00-04:00,4.293748663528655,4.311295032501221,4.286229269201511,4.311295032501221,89600,0.0,0.0
2007-05-03 00:00:00-04:00,4.311293712811127,4.313799858093262,4.296253972581174,4.313799858093262,79300,0.0,0.0
2007-05-04 00:00:00-04:00,4.308786759287993,4.32382602027607,4.306280136108398,4.306280136108398,83700,0.0,0.0
2007-05-07 00:00:00-04:00,4.313801873839618,4.321321747468469,4.303775853757564,4.316308498382568,108200,0.0,0.0
2007-05-08 00:00:00-04:00,4.3037739133338055,4.326333045959473,4.301267289921006,4.326333045959473,104700,0.0,0.0
2007-05-09 00:00:00-04:00,4.3167383090123534,4.3318846240635756,4.311689376831055,4.311689376831055,86300,0.122,0.0
2007-05-10 00:00:00-04:00,4.311690534783242,4.321788401857734,4.311690534783242,4.319263935089111,70600,0.0,0.0
2007-05-11 00:00:00-04:00,4.316738725317664,4.331885041829594,4.314214258983555,4.326836109161377,96600,0.0,0.0
2007-05-14 00:00:00-04:00,4.326836109161377,4.341982907166027,4.319263191651772,4.326836109161377,87700,0.0,0.0
2007-05-15 00:00:00-04:00,4.329364095694725,4.336937500854974,4.321791172027588,4.321791172027588,95300,0.0,0.0
2007-05-16 00:00:00-04:00,4.321791851753131,4.3369381829627125,4.321791851753131,4.329364776611328,84000,0.0,0.0
2007-05-17 00:00:00-04:00,4.329364776611328,4.339462651746507,4.329364776611328,4.329364776611328,107300,0.0,0.0
2007-05-18 00:00:00-04:00,4.329362685964289,4.339460556223211,4.329362685964289,4.33441162109375,102300,0.0,0.0
2007-05-21 00:00:00-04:00,4.329364776611328,4.339462651746507,4.329364776611328,4.329364776611328,100900,0.0,0.0
2007-05-22 00:00:00-04:00,4.321791283375657,4.334413144141489,4.321791283375657,4.331888675689697,105100,0.0,0.0
2007-05-23 00:00:00-04:00,4.329362978819979,4.341985317497459,4.321790057106479,4.339460849761963,132500,0.0,0.0
2007-05-24 00:00:00-04:00,4.334413144141489,4.354608410262692,4.329364207237906,4.331888675689697,113300,0.0,0.0
2007-05-25 00:00:00-04:00,4.324314594268799,4.3394614026114855,4.281399600283953,4.324314594268799,182800,0.0,0.0
2007-05-29 00:00:00-04:00,4.306640205408129,4.379848273492101,4.304115739457719,4.372274875640869,127400,0.0,0.0
2007-05-30 00:00:00-04:00,4.354608752220884,4.387425881684978,4.344510877620755,4.3748040199279785,127700,0.0,0.0
2007-05-31 00:00:00-04:00,4.357128561431051,4.384897205392923,4.357128561431051,4.372274875640869,120700,0.0,0.0
2007-06-01 00:00:00-04:00,4.362179553007952,4.379850341511738,4.3520816844384305,4.3546061515808105,111400,0.0,0.0
2007-06-04 00:00:00-04:00,4.331887446555474,4.362180577888438,4.278875068589024,4.339460849761963,143900,0.0,0.0
2007-06-05 00:00:00-04:00,4.319265023689393,4.349557669562029,4.319265023689393,4.341984748840332,92500,0.0,0.0
2007-06-06 00:00:00-04:00,4.336933556244874,4.3495554052054475,4.294018595689182,4.311689376831055,105000,0.0,0.0
2007-06-07 00:00:00-04:00,4.284232469862204,4.307115648929287,4.131678104400635,4.131678104400635,269800,0.122,0.0
2007-06-08 00:00:00-04:00,4.116422934819709,4.230838348574635,4.108795046586591,4.220668315887451,243500,0.0,0.0
2007-06-11 00:00:00-04:00,4.197783469778642,4.2842308956096185,4.197783469778642,4.271517753601074,141200,0.0,0.0
2007-06-12 00:00:00-04:00,4.271516783557176,4.271516783557176,4.1647288397204125,4.197782516479492,187300,0.0,0.0
2007-06-13 00:00:00-04:00,4.195243270008976,4.258807561978808,4.190158010261694,4.233381748199463,159400,0.0,0.0
2007-06-14 00:00:00-04:00,4.233379164148913,4.2435496774354045,4.182528052586753,4.200325965881348,137400,0.0,0.0
2007-06-15 00:00:00-04:00,4.2028695749005776,4.210496976688459,4.146932708686098,4.172358512878418,227600,0.0,0.0
2007-06-18 00:00:00-04:00,4.172358539486774,4.190156457047838,4.134220075433514,4.144390106201172,148500,0.0,0.0
2007-06-19 00:00:00-04:00,4.136761488021079,4.164729428126308,4.136761488021079,4.149474143981934,148100,0.0,0.0
2007-06-20 00:00:00-04:00,4.146930694580078,4.159643832980085,4.141845924176719,4.146930694580078,163500,0.0,0.0
2007-06-21 00:00:00-04:00,4.146933689038645,4.152018948070661,4.08336940600942,4.098625183105469,201400,0.0,0.0
2007-06-22 00:00:00-04:00,4.0808251960231745,4.111336253441596,4.073197795386173,4.083367824554443,183500,0.0,0.0
2007-06-25 00:00:00-04:00,4.073194674669399,4.0808220694626,3.9460662552474313,4.004545211791992,480500,0.0,0.0
2007-06-26 00:00:00-04:00,3.9994643546204034,4.047773342887179,3.958783254487424,3.9613258838653564,231900,0.0,0.0
2007-06-27 00:00:00-04:00,3.9664119855908098,4.068114757537842,3.9664119855908098,4.068114757537842,215400,0.0,0.0
2007-06-28 00:00:00-04:00,4.060487433447421,4.116424083709717,4.055402173206051,4.116424083709717,111500,0.0,0.0
2007-06-29 00:00:00-04:00,4.111336473404955,4.157102819502761,4.111336473404955,4.134219646453857,133300,0.0,0.0
2007-07-02 00:00:00-04:00,4.131678238091374,4.149476159062344,4.121507720418262,4.129135608673096,80500,0.0,0.0
2007-07-03 00:00:00-04:00,4.1291360240691315,4.185072422027588,4.126593394395062,4.185072422027588,72500,0.0,0.0
2007-07-05 00:00:00-04:00,4.185071411859209,4.195241928100586,4.162188720229923,4.195241928100586,90800,0.0,0.0
2007-07-06 00:00:00-04:00,4.182530277310542,4.195242940723865,4.182530277310542,4.185072422027588,77800,0.0,0.0
2007-07-09 00:00:00-04:00,4.1850709056350155,4.192698791893383,4.172358246827917,4.177443504333496,97800,0.0,0.0
2007-07-10 00:00:00-04:00,4.1753937273303645,4.188201977299527,4.108792781829834,4.108792781829834,131600,0.122,0.0
2007-07-11 00:00:00-04:00,4.108793746808828,4.108793746808828,4.047315353980164,4.0857391357421875,178000,0.0,0.0
2007-07-12 00:00:00-04:00,4.072931520433958,4.098547540277681,4.052438802275967,4.0959858894348145,170500,0.0,0.0
2007-07-13 00:00:00-04:00,4.083175093162597,4.0857367422574,4.034504981822872,4.070367336273193,190300,0.0,0.0
2007-07-16 00:00:00-04:00,4.0421919097892145,4.075492633474703,3.970467405701014,3.990960121154785,302500,0.0,0.0
2007-07-17 00:00:00-04:00,3.973029056205845,4.021699194335443,3.970467405701014,3.990960121154785,233700,0.0,0.0
2007-07-18 00:00:00-04:00,3.9832764739112627,3.9935228343647786,3.8756895670030933,3.919236660003662,344700,0.0,0.0
2007-07-19 00:00:00-04:00,3.919234597279982,3.975589672260457,3.9013032927043367,3.9243576526641846,242400,0.0,0.0
2007-07-20 00:00:00-04:00,3.9217979898032937,3.944852115715068,3.9013050262831337,3.9294826984405518,141900,0.0,0.0
2007-07-23 00:00:00-04:00,3.919234911169781,3.9294812670511865,3.852633475794447,3.875687837600708,296400,0.0,0.0
2007-07-24 00:00:00-04:00,3.855194880112257,3.868002885220745,3.6528291811337534,3.7681007385253906,709900,0.0,0.0
2007-07-25 00:00:00-04:00,3.7937196532004798,3.8090890756635374,3.609284873595829,3.729679822921753,531300,0.0,0.0
2007-07-26 00:00:00-04:00,3.652828947604146,3.7476077884798316,3.6144049347351728,3.7450461387634277,477600,0.0,0.0
2007-07-27 00:00:00-04:00,3.706623303439887,3.885934675764996,3.706623303439887,3.860318660736084,206500,0.0,0.0
2007-07-30 00:00:00-04:00,3.8680038599814943,3.8910579818357,3.773224744869189,3.806525468826294,167900,0.0,0.0
2007-07-31 00:00:00-04:00,3.81677377567699,3.898744924311779,3.8116507163018833,3.8654441833496094,167100,0.0,0.0
2007-08-01 00:00:00-04:00,3.8756900821423037,3.8987444573001238,3.778349522749583,3.8423893451690674,192400,0.0,0.0
2007-08-02 00:00:00-04:00,3.821895183798711,3.926920413970947,3.821895183798711,3.9269204139709473,106900,0.0,0.0
2007-08-03 00:00:00-04:00,3.9166742186463708,3.955098001522111,3.8936198512039453,3.9064278602600098,130500,0.0,0.0
2007-08-06 00:00:00-04:00,3.8680020259646124,3.9064257884620637,3.714306487390159,3.880809783935547,322400,0.0,0.0
2007-08-07 00:00:00-04:00,3.8551958516453095,3.898742933412875,3.7450473219635336,3.806525468826294,223800,0.0,0.0
2007-08-08 00:00:00-04:00,3.7706635626772362,3.860319137772713,3.7706635626772362,3.844949722290039,187400,0.0,0.0
2007-08-09 00:00:00-04:00,3.7705687899522102,3.848046031781988,3.716334572894879,3.7654035091400146,206700,0.122,0.0
2007-08-10 00:00:00-04:00,3.7189187441395353,3.7189187441395353,3.6156155414723172,3.6311111450195312,311300,0.0,0.0
2007-08-13 00:00:00-04:00,3.6362750270052175,3.749908760139609,3.6285273508396583,3.6440227031707764,203000,0.0,0.0
2007-08-14 00:00:00-04:00,3.6414419013380908,3.659519902396075,3.4477481884221137,3.563964366912842,453200,0.0,0.0
2007-08-15 00:00:00-04:00,3.4709921790385585,3.4735748216963835,3.2979593079684015,3.339280605316162,677100,0.0,0.0
2007-08-16 00:00:00-04:00,3.2282282515631957,3.3728529856027056,2.79177190032133,3.367687702178955,1454800,0.0,0.0
2007-08-17 00:00:00-04:00,3.486488794359039,3.832555128909934,3.486488794359039,3.7834858894348145,650400,0.0,0.0
2007-08-20 00:00:00-04:00,3.8222204089972758,3.8222204089972758,3.695673983224639,3.7085866928100586,301900,0.0,0.0
2007-08-21 00:00:00-04:00,3.7111732275836213,3.7938158378636673,3.7034255444434683,3.760242462158203,200400,0.0,0.0
2007-08-22 00:00:00-04:00,3.8222236414674753,3.8299713230298025,3.7731544168859035,3.8093106746673584,167000,0.0,0.0
2007-08-23 00:00:00-04:00,3.840299025017341,3.8506293421449214,3.773151840540973,3.7808997631073,216400,0.0,0.0
2007-08-24 00:00:00-04:00,3.8067270923713634,3.809309734352742,3.7369974829342114,3.7473278045654297,126400,0.0,0.0
2007-08-27 00:00:00-04:00,3.7395795204980833,3.770570728718142,3.7189188792142254,3.757657766342163,145200,0.0,0.0
2007-08-28 00:00:00-04:00,3.747329514409807,3.7550771975947868,3.711173249055889,3.73958158493042,148100,0.0,0.0
2007-08-29 00:00:00-04:00,3.765405707744237,3.765405707744237,3.6569372102952844,3.6750152111053467,151300,0.0,0.0
2007-08-30 00:00:00-04:00,3.6801789357670254,3.7318305206943925,3.6362750270052175,3.6440227031707764,176500,0.0,0.0
2007-08-31 00:00:00-04:00,3.669849841939822,3.7163364070154827,3.6595195215112604,3.6982581615448,178400,0.0,0.0
2007-09-04 00:00:00-04:00,3.7447448837714212,3.837717771530151,3.7215016002581693,3.8377177715301514,349600,0.0,0.0
2007-09-05 00:00:00-04:00,3.7860671001603374,3.868709687421291,3.7834844577348483,3.858379364013672,157800,0.0,0.0
2007-09-06 00:00:00-04:00,3.858377338874786,3.873872939000239,3.827386384918089,3.8687076568603516,135100,0.0,0.0
2007-09-07 00:00:00-04:00,3.868708907500719,3.868708907500719,3.7963966582253255,3.8532135486602783,141300,0.0,0.0
2007-09-10 00:00:00-04:00,3.860962006439161,3.879040257123248,3.7938147811424674,3.858379364013672,180700,0.0,0.0
2007-09-11 00:00:00-04:00,3.848485313343676,3.869316066862876,3.8016162420865607,3.8146352767944336,165700,0.122,0.0
2007-09-12 00:00:00-04:00,3.8484827769645324,3.8484827769645324,3.7755751876977715,3.79380202293396,118100,0.0,0.0
2007-09-13 00:00:00-04:00,3.8458797502764863,3.8458797502764863,3.741725785952672,3.7443296909332275,168400,0.0,0.0
2007-09-14 00:00:00-04:00,3.746935250307353,3.772973566643534,3.705273497189583,3.726104497909546,123500,0.0,0.0
2007-09-17 00:00:00-04:00,3.726103351794731,3.726103351794731,3.6844416114917253,3.697460889816284,142200,0.0,0.0
2007-09-18 00:00:00-04:00,3.7208957762601855,3.8484841655946256,3.7000650289534236,3.8458805084228516,278100,0.0,0.0
2007-09-19 00:00:00-04:00,3.864108335242758,3.9474313457098282,3.8536929589343742,3.923996686935425,165700,0.0,0.0
2007-09-20 00:00:00-04:00,3.9239955234862354,3.934410896706502,3.8484840055587806,3.853691816329956,187600,0.0,0.0
2007-09-21 00:00:00-04:00,3.879732444298528,3.9187903034626137,3.853694119844704,3.905771017074585,139600,0.0,0.0
2007-09-24 00:00:00-04:00,3.931805849075318,3.9370134096826424,3.8927480270713923,3.9318058490753174,164900,0.0,0.0
2007-09-25 00:00:00-04:00,3.934411904598304,4.033358099699266,3.9318082468678135,3.99169659614563,208600,0.0,0.0
2007-09-26 00:00:00-04:00,4.022939568867135,4.022939568867135,3.983882001996581,3.996901273727417,126400,0.0,0.0
2007-09-27 00:00:00-04:00,4.012526536271007,4.022941910052601,3.99169578870782,4.00731897354126,94800,0.0,0.0
2007-09-28 00:00:00-04:00,3.9969016470974292,4.004713111536856,3.960447732510142,3.994297742843628,113800,0.0,0.0
2007-10-01 00:00:00-04:00,4.009923441869809,4.015131253975087,3.98388512630986,3.99169659614563,87300,0.0,0.0
2007-10-02 00:00:00-04:00,4.03335707784839,4.043772451098064,3.9682609329574006,4.002110958099365,104800,0.0,0.0
2007-10-03 00:00:00-04:00,4.022941973763134,4.038565158843994,3.9969036630578345,4.038565158843994,114600,0.0,0.0
2007-10-04 00:00:00-04:00,4.04898021650638,4.04898021650638,3.9812801669811764,3.989091634750366,127200,0.0,0.0
2007-10-05 00:00:00-04:00,4.035960764824586,4.043772232258583,3.996903179332532,4.0203375816345215,138700,0.0,0.0
2007-10-08 00:00:00-04:00,4.0333560867599365,4.056790732893794,4.0229407160695585,4.030752182006836,90200,0.0,0.0
2007-10-09 00:00:00-04:00,4.054900077435495,4.054900077435495,4.028654919343782,4.049651145935059,92500,0.122,0.0
2007-10-10 00:00:00-04:00,4.049648934298413,4.052273273468018,4.015530022147274,4.052273273468018,88900,0.0,0.0
2007-10-11 00:00:00-04:00,4.054899409774445,4.062772930876066,4.023405075073242,4.023405075073242,106400,0.0,0.0
2007-10-12 00:00:00-04:00,4.057523971780879,4.062772902380236,3.9997842334196245,4.007658004760742,116800,0.0,0.0
2007-10-15 00:00:00-04:00,4.010281292032578,4.028653170043681,3.976162376062994,3.9945342540740967,173900,0.0,0.0
2007-10-16 00:00:00-04:00,3.984038305268283,3.984038305268283,3.9367966651916504,3.9367966651916504,166300,0.0,0.0
2007-10-17 00:00:00-04:00,3.963041984091025,3.989287144404042,3.8711832972585025,3.9236738681793213,180200,0.0,0.0
2007-10-18 00:00:00-04:00,3.928922600086654,3.96304152984818,3.9105507146490597,3.947294235229492,112700,0.0,0.0
2007-10-19 00:00:00-04:00,3.9420447326958405,3.947293663278344,3.886929584958591,3.934170961380005,149900,0.0,0.0
2007-10-22 00:00:00-04:00,3.9131762545947693,3.949919784087213,3.871183792486158,3.8738083839416504,175100,0.0,0.0
2007-10-23 00:00:00-04:00,3.889552815268037,3.9262963200401515,3.873805777719023,3.8816792964935303,102700,0.0,0.0
2007-10-24 00:00:00-04:00,3.8843038861832486,3.897426584337193,3.83443768325719,3.8816792964935303,140500,0.0,0.0
2007-10-25 00:00:00-04:00,3.897426283924783,3.897426283924783,3.8790544078075,3.892177104949951,116600,0.0,0.0
2007-10-26 00:00:00-04:00,3.910550342167013,3.9262976352857626,3.876431665950067,3.902676820755005,136500,0.0,0.0
2007-10-29 00:00:00-04:00,3.900052230186091,3.936795747266684,3.8974278899119104,3.902676820755005,105200,0.0,0.0
2007-10-30 00:00:00-04:00,3.8921800235404636,3.900053547612124,3.85543649404802,3.8738083839416504,142700,0.0,0.0
2007-10-31 00:00:00-04:00,3.8633088115769763,3.8659331517480235,3.837063407508717,3.8501861095428467,138000,0.0,0.0
2007-11-01 00:00:00-04:00,3.837062834548439,3.837062834548439,3.779323104396951,3.7871968746185303,147800,0.0,0.0
2007-11-02 00:00:00-04:00,3.80294550628524,3.8081946886301297,3.674343542372937,3.7084624767303467,171000,0.0,0.0
2007-11-05 00:00:00-05:00,3.6743424271142198,3.708461351115646,3.5824837663184783,3.640223503112793,179400,0.0,0.0
2007-11-06 00:00:00-05:00,3.6848387107821114,3.6874632998562276,3.60610279062076,3.6533443927764893,327100,0.0,0.0
2007-11-07 00:00:00-05:00,3.6724116356129795,3.6724116356129795,3.5426725674262816,3.5479679107666016,286300,0.122,0.0
2007-11-08 00:00:00-05:00,3.534727778443713,3.6035687248250254,3.4844206513679117,3.5108981132507324,248900,0.0,0.0
2007-11-09 00:00:00-05:00,3.4552960993710164,3.5108985746255508,3.4500005052954306,3.495012044906616,269200,0.0,0.0
2007-11-12 00:00:00-05:00,3.465886196370231,3.5214886581705787,3.452647466892479,3.468533992767334,205000,0.0,0.0
2007-11-13 00:00:00-05:00,3.521488921057831,3.5453185853951714,3.4817727296596708,3.5294320583343506,201000,0.0,0.0
2007-11-14 00:00:00-05:00,3.600922173847673,3.6326949853659465,3.5479672354760243,3.5876834392547607,216100,0.0,0.0
2007-11-15 00:00:00-05:00,3.6538759335326816,3.6538759335326816,3.484420729213939,3.5056025981903076,224900,0.0,0.0
2007-11-16 00:00:00-05:00,3.505603643523494,3.5320811138931485,3.476478628123171,3.5241379737854004,167400,0.0,0.0
2007-11-19 00:00:00-05:00,3.574442198519715,3.574442198519715,3.442055450426392,3.479123830795288,184000,0.0,0.0
2007-11-20 00:00:00-05:00,3.4552945908261434,3.5056014500416515,3.4420558639248897,3.4473514556884766,217700,0.0,0.0
2007-11-21 00:00:00-05:00,3.442055400628729,3.447350991679536,3.3440892387579098,3.410282611846924,279700,0.0,0.0
2007-11-23 00:00:00-05:00,3.4420583137224527,3.4420583137224527,3.394398963960693,3.4261717796325684,85200,0.0,0.0
2007-11-26 00:00:00-05:00,3.42617032627402,3.442056853624946,3.3123178482055664,3.3123178482055664,266300,0.0,0.0
2007-11-27 00:00:00-05:00,3.3096694772908894,3.349385410015283,3.275248884426135,3.3017263412475586,430600,0.0,0.0
2007-11-28 00:00:00-05:00,3.299077665066844,3.465884992528994,3.299077665066844,3.4155778884887695,314400,0.0,0.0
2007-11-29 00:00:00-05:00,3.4950120449066167,3.516193916193313,3.3891026884731343,3.495012044906616,261700,0.0,0.0
2007-11-30 00:00:00-05:00,3.5479636466115454,3.6062138683939144,3.545316104377314,3.6009185314178467,337500,0.0,0.0
2007-12-03 00:00:00-05:00,3.563852236926335,3.68829588464249,3.563852236926335,3.667114019393921,249700,0.0,0.0
2007-12-04 00:00:00-05:00,3.6676498482517412,3.6676498482517412,3.5714843180110956,3.640937328338623,281600,0.122,0.0
2007-12-05 00:00:00-05:00,3.6676489219819772,3.6997043453851175,3.6596351935071096,3.6863479614257812,221300,0.0,0.0
2007-12-06 00:00:00-05:00,3.72908926561486,3.72908926561486,3.6676499835201066,3.7210755348205566,243300,0.0,0.0
2007-12-07 00:00:00-05:00,3.7210740653688292,3.7210740653688292,3.627579642265889,3.6756625175476074,219600,0.0,0.0
2007-12-10 00:00:00-05:00,3.683677564001132,3.6997052797505225,3.6062108231748593,3.640937328338623,300200,0.0,0.0
2007-12-11 00:00:00-05:00,3.681004837747096,3.681004837747096,3.5127150326689778,3.584839344024658,289300,0.0,0.0
2007-12-12 00:00:00-05:00,3.595523406048722,3.6462773389217893,3.518056716030841,3.5233991146087646,236700,0.0,0.0
2007-12-13 00:00:00-05:00,3.5260734760517467,3.5794987815710857,3.502032024880056,3.5634713172912598,267400,0.0,0.0
2007-12-14 00:00:00-05:00,3.579495700811487,3.579495700811487,3.5127140627011855,3.5233991146087646,295000,0.0,0.0
2007-12-17 00:00:00-05:00,3.5207287166588324,3.5233997890832436,3.4486044114123224,3.461960792541504,314900,0.0,0.0
2007-12-18 00:00:00-05:00,3.5020301908279845,3.5100441735228376,3.4112073463860155,3.429906129837036,385500,0.0,0.0
2007-12-19 00:00:00-05:00,3.507371959096767,3.507371959096767,3.4112064838409424,3.4112064838409424,479300,0.0,0.0
2007-12-20 00:00:00-05:00,3.4299077117303605,3.4539491613993385,3.3791534835954207,3.4325790405273438,493900,0.0,0.0
2007-12-21 00:00:00-05:00,3.453945173350493,3.4726439438352346,3.4352461481141106,3.4459311962127686,448100,0.0,0.0
2007-12-24 00:00:00-05:00,3.469975713223964,3.539428715190798,3.459290655594595,3.5314149856567383,244400,0.0,0.0
2007-12-26 00:00:00-05:00,3.5794960408637113,3.643606613151424,3.5394271560916777,3.614222526550293,367300,0.0,0.0
2007-12-27 00:00:00-05:00,3.637859183774069,3.637859183774069,3.4938660683234484,3.548203229904175,460000,0.227,0.0
2007-12-28 00:00:00-05:00,3.586239680799847,3.588956591265857,3.5210353842086675,3.537336587905884,512400,0.0,0.0
2007-12-31 00:00:00-05:00,3.553635686841174,3.5862378182040913,3.4938649831264716,3.5726535320281982,640900,0.0,0.0
2008-01-02 00:00:00-05:00,3.599823982763442,3.651443986248634,3.537336596486691,3.6351430416107178,208100,0.0,0.0
2008-01-03 00:00:00-05:00,3.6840440482213013,3.7275135517120366,3.640574285631888,3.727513551712036,189000,0.0,0.0
2008-01-04 00:00:00-05:00,3.6731809630373533,3.7492526830064694,3.6623133153713554,3.7057831287384033,255500,0.0,0.0
2008-01-07 00:00:00-05:00,3.7329502942362884,3.7438176793786497,3.6405773909767665,3.700348138809204,275700,0.0,0.0
2008-01-08 00:00:00-05:00,3.694912369071358,3.7628335504212083,3.6840449904193315,3.732948064804077,284700,0.0,0.0
2008-01-09 00:00:00-05:00,3.7546858787536626,3.7546858787536626,3.6813310779098924,3.754685878753662,199200,0.0,0.0
2008-01-10 00:00:00-05:00,3.754684557427806,3.8253226808624925,3.7356667007718762,3.8035879135131836,192300,0.0,0.0
2008-01-11 00:00:00-05:00,3.8307566373495465,3.8307566373495465,3.770985895481564,3.7954375743865967,200700,0.0,0.0
2008-01-14 00:00:00-05:00,3.7900025844573975,3.8552068687042618,3.779135203749587,3.7900025844573975,249200,0.0,0.0
2008-01-15 00:00:00-05:00,3.7818535653416494,3.8361904897375854,3.751968321698608,3.8253231048583984,257700,0.0,0.0
2008-01-16 00:00:00-05:00,3.836191592705898,3.8633601922647327,3.779137740911519,3.857926368713379,207600,0.0,0.0
2008-01-17 00:00:00-05:00,3.863357544205368,3.8715080148468584,3.675894905759566,3.7084970474243164,199900,0.0,0.0
2008-01-18 00:00:00-05:00,3.73566441725353,3.73566441725353,3.621556828871344,3.651442050933838,154400,0.0,0.0
2008-01-22 00:00:00-05:00,3.5319039146855196,3.637861125401699,3.406928842724998,3.599825143814087,363900,0.0,0.0
2008-01-23 00:00:00-05:00,3.6487288889262084,3.7084993901875603,3.4911516417845467,3.6786141395568848,227200,0.0,0.0
2008-01-24 00:00:00-05:00,3.743816151674504,3.7900025844573975,3.7112140095510715,3.7900025844573975,162100,0.0,0.0
2008-01-25 00:00:00-05:00,3.803587257070253,3.8524906047156353,3.7737020218974187,3.8280389308929443,186000,0.0,0.0
2008-01-28 00:00:00-05:00,3.857926739459868,3.857926739459868,3.8035897942193895,3.8552098274230957,160000,0.0,0.0
2008-01-29 00:00:00-05:00,3.871508565035557,3.901393801033938,3.7954368903404245,3.8361895084381104,168500,0.0,0.0
2008-01-30 00:00:00-05:00,3.8552083727247424,3.9176960304968653,3.8144557439464544,3.860642194747925,141800,0.0,0.0
2008-01-31 00:00:00-05:00,3.8633589168915194,3.9149789280937304,3.8389072371803574,3.8905272483825684,170100,0.0,0.0
2008-02-01 00:00:00-05:00,3.906828008273999,3.9448639789352256,3.871508948181185,3.920412302017212,124400,0.0,0.0
2008-02-04 00:00:00-05:00,3.9204109764465773,4.012783831748664,3.9204109764465773,3.9856152534484863,146300,0.0,0.0
2008-02-05 00:00:00-05:00,3.9665988248477864,3.972032386994748,3.876942847082632,3.9394302368164062,179400,0.0,0.0
2008-02-06 00:00:00-05:00,3.955730135579272,3.9883322749949124,3.9068267969064254,3.9367120265960693,183600,0.0,0.0
2008-02-07 00:00:00-05:00,3.945478412479923,3.967397716670467,3.9098597391443275,3.9564380645751953,125300,0.122,0.0
2008-02-08 00:00:00-05:00,3.9591837355413566,3.981103071248093,3.9345244175465046,3.9482240676879883,131200,0.0,0.0
2008-02-11 00:00:00-05:00,3.9947985477831858,3.9947985477831858,3.8906816813037954,3.9126009941101074,110100,0.0,0.0
2008-02-12 00:00:00-05:00,3.953700300325037,3.978359595043722,3.8715027383623695,3.8961620330810547,143700,0.0,0.0
2008-02-13 00:00:00-05:00,3.876982367688908,3.890682004656127,3.748206459574041,3.76464581489563,210500,0.0,0.0
2008-02-14 00:00:00-05:00,3.753687337431467,3.756427317945903,3.539973821985007,3.6605300903320312,415600,0.0,0.0
2008-02-15 00:00:00-05:00,3.624910960782147,3.72902786385065,3.5618929796427152,3.638610601425171,297700,0.0,0.0
2008-02-19 00:00:00-05:00,3.649570277878491,3.7399875407052887,3.6303909376724772,3.6468305587768555,208400,0.0,0.0
2008-02-20 00:00:00-05:00,3.633130449448046,3.6660094261169434,3.537233238189602,3.6660094261169434,228400,0.0,0.0
2008-02-21 00:00:00-05:00,3.649569168012521,3.7016277345958244,3.586551205757697,3.663268804550171,154700,0.0,0.0
2008-02-22 00:00:00-05:00,3.6413515598022244,3.745468490834294,3.616692252281605,3.731768846511841,132300,0.0,0.0
2008-02-25 00:00:00-05:00,3.7317679828977846,3.761906984393161,3.698889000912213,3.737247943878174,158500,0.0,0.0
2008-02-26 00:00:00-05:00,3.7345077296848235,3.772866670250306,3.7235480697088152,3.756427049636841,209900,0.0,0.0
2008-02-27 00:00:00-05:00,3.759166713130212,3.816704988479614,3.739987113814489,3.8167049884796143,116700,0.0,0.0
2008-02-28 00:00:00-05:00,3.8084845809014496,3.835883855819702,3.7975249231939188,3.835883855819702,100600,0.0,0.0
2008-02-29 00:00:00-05:00,3.8358818017428016,3.8358818017428016,3.737244935194094,3.7536842823028564,159700,0.0,0.0
2008-03-03 00:00:00-05:00,3.7920448616578817,3.797524559337189,3.6386094071548927,3.6769683361053467,132100,0.0,0.0
2008-03-04 00:00:00-05:00,3.567371840580759,3.6742284297943115,3.567371840580759,3.6742284297943115,167800,0.0,0.0
2008-03-05 00:00:00-05:00,3.6577902190801366,3.6577902190801366,3.6112115974664634,3.6468305587768555,186700,0.0,0.0
2008-03-06 00:00:00-05:00,3.655051508670061,3.655051508670061,3.5975132067607496,3.644091844558716,183700,0.0,0.0
2008-03-07 00:00:00-05:00,3.635871049598878,3.671489751090852,3.575592784775904,3.6605300903320312,218300,0.0,0.0
2008-03-10 00:00:00-04:00,3.646829735664102,3.646829735664102,3.372838028624838,3.392017364501953,264700,0.0,0.0
2008-03-11 00:00:00-04:00,3.42301061513452,3.5835074553924375,3.420243364533632,3.5724387168884277,266900,0.122,0.0
2008-03-12 00:00:00-04:00,3.5724353436759047,3.575202591663865,3.4645153111383835,3.467282295227051,143100,0.0,0.0
2008-03-13 00:00:00-04:00,3.3759684012459172,3.5087935268287933,3.367666913365594,3.4894230365753174,192000,0.0,0.0
2008-03-14 00:00:00-04:00,3.486654896194204,3.528162585761023,3.370433048727767,3.4091734886169434,134000,0.0,0.0
2008-03-17 00:00:00-04:00,3.273582682486391,3.3206248895334123,3.187800020623863,3.207170248031616,279300,0.0,0.0
2008-03-18 00:00:00-04:00,3.245909447018956,3.398104748352119,3.1656610537922996,3.279115915298462,374100,0.0,0.0
2008-03-19 00:00:00-04:00,3.2569773788654066,3.41747411274686,3.2569773788654066,3.30678653717041,429100,0.0,0.0
2008-03-20 00:00:00-04:00,3.356598001550237,3.4313119164138444,3.3040212985910986,3.3842697143554688,229400,0.0,0.0
2008-03-24 00:00:00-04:00,3.41470719277669,3.652685067746604,3.4091726947102443,3.5281617641448975,261800,0.0,0.0
2008-03-25 00:00:00-04:00,3.5419983863830566,3.555834370153582,3.4645172467273304,3.5419983863830566,157200,0.0,0.0
2008-03-26 00:00:00-04:00,3.5779717076937385,3.625013892452391,3.5669029738622573,3.6028764247894287,134800,0.0,0.0
2008-03-27 00:00:00-04:00,3.6471538798396246,3.6499208672845618,3.5779741796235447,3.5807411670684814,113100,0.0,0.0
2008-03-28 00:00:00-04:00,3.5530692116089586,3.636084899187593,3.4174770714402927,3.4313127994537354,195200,0.0,0.0
2008-03-31 00:00:00-04:00,3.431311079126706,3.5143267250844974,3.431311079126706,3.503257989883423,117300,0.0,0.0
2008-04-01 00:00:00-04:00,3.52539635883151,3.61394652690906,3.52539635883151,3.5835072994232178,133800,0.0,0.0
2008-04-02 00:00:00-04:00,3.6111779453429076,3.6499183821912413,3.6001092114006075,3.6277809143066406,153300,0.0,0.0
2008-04-03 00:00:00-04:00,3.6167119671702608,3.6637541496269024,3.589040265895389,3.66098690032959,166100,0.0,0.0
2008-04-04 00:00:00-04:00,3.683125335744944,3.7080297924891217,3.644384629865997,3.6692893505096436,119800,0.0,0.0
2008-04-07 00:00:00-04:00,3.6858937614784435,3.763375203502604,3.680359523562187,3.7274017333984375,129100,0.0,0.0
2008-04-08 00:00:00-04:00,3.7080283921635244,3.7412348497477144,3.6609862184685182,3.7107956409454346,164700,0.0,0.0
2008-04-09 00:00:00-04:00,3.722526594105553,3.722526594105553,3.602445005159428,3.608030319213867,110100,0.122,0.0
2008-04-10 00:00:00-04:00,3.6080307712592417,3.6582975387573238,3.5801047301330926,3.658297538757324,124100,0.0,0.0
2008-04-11 00:00:00-04:00,3.6303697225399083,3.6415400802640607,3.5884809476549204,3.6024436950683594,93300,0.0,0.0
2008-04-14 00:00:00-04:00,3.655503617539655,3.65829627395124,3.5465924143891963,3.5493850708007812,113200,0.0,0.0
2008-04-15 00:00:00-04:00,3.5521776393975513,3.5884813728835585,3.4907405314733575,3.5410072803497314,112100,0.0,0.0
2008-04-16 00:00:00-04:00,3.5745198730861696,3.6666754408851485,3.560556851775495,3.624786376953125,149500,0.0,0.0
2008-04-17 00:00:00-04:00,3.6136139057466754,3.72252508886708,3.6108215161710175,3.6862213611602783,149500,0.0,0.0
2008-04-18 00:00:00-04:00,3.7951340419450728,3.8202674223005917,3.730904262556254,3.783963680267334,146100,0.0,0.0
2008-04-21 00:00:00-04:00,3.7839618963447608,3.8537766904975337,3.7839618963447608,3.828643321990967,150000,0.0,0.0
2008-04-22 00:00:00-04:00,3.8426089750390866,3.873327409702481,3.8342310022306707,3.8649497032165527,109600,0.0,0.0
2008-04-23 00:00:00-04:00,3.9068363007590037,3.92917701634915,3.8677401816374157,3.918006658554077,133400,0.0,0.0
2008-04-24 00:00:00-04:00,3.931972391630754,3.9738611957509273,3.8789132219903664,3.962690830230713,139600,0.0,0.0
2008-04-25 00:00:00-04:00,3.979445647530051,4.00178637371916,3.920801174703026,3.9571049213409424,120100,0.0,0.0
2008-04-28 00:00:00-04:00,3.9738588105336743,3.9766514668181308,3.912421970209805,3.9235923290252686,120500,0.0,0.0
2008-04-29 00:00:00-04:00,3.951518545767928,3.9738592659592213,3.901252058498714,3.9124224185943604,142900,0.0,0.0
2008-04-30 00:00:00-04:00,3.9152169549636433,3.9571057588532748,3.8844982502102283,3.9515204429626465,156200,0.0,0.0
2008-05-01 00:00:00-04:00,3.954311045137996,4.024125859540355,3.940348028993048,3.9459333419799805,128200,0.0,0.0
2008-05-02 00:00:00-04:00,3.973860296432246,4.018542014723769,3.9515195704477155,3.9710679054260254,123900,0.0,0.0
2008-05-05 00:00:00-04:00,3.9710669786345156,3.987822386051205,3.954311304895427,3.9822373390197754,86900,0.0,0.0
2008-05-06 00:00:00-04:00,3.9962013865116384,3.9962013865116384,3.951519667126918,3.954312324523926,122900,0.0,0.0
2008-05-07 00:00:00-04:00,3.951518092902747,3.993407138202507,3.915214626494261,3.9235923290252686,128900,0.0,0.0
2008-05-08 00:00:00-04:00,3.9438777695579916,3.9776824039155607,3.9157071065990077,3.9326095581054688,102400,0.122,0.0
2008-05-09 00:00:00-04:00,3.9241556566333284,3.974862437531413,3.921338538623668,3.9664113521575928,66000,0.0,0.0
2008-05-12 00:00:00-04:00,3.9692301792917593,3.986132357317368,3.915705988681688,3.921340227127075,97300,0.0,0.0
2008-05-13 00:00:00-04:00,3.9607777416987626,3.9635945913070887,3.89316824665043,3.8959853649139404,125000,0.0,0.0
2008-05-14 00:00:00-04:00,3.893169705319194,3.960779225699044,3.893169705319194,3.9297914505004883,106500,0.0,0.0
2008-05-15 00:00:00-04:00,3.9635930000890722,3.9635930000890722,3.9354226347287513,3.94950795173645,80400,0.0,0.0
2008-05-16 00:00:00-04:00,3.9579602667837714,3.9664113521575923,3.9382407093713097,3.9664113521575928,126500,0.0,0.0
2008-05-19 00:00:00-04:00,3.9664123106073625,4.028387578519885,3.946693017085061,4.0143022537231445,135400,0.0,0.0
2008-05-20 00:00:00-04:00,3.988951321928488,4.0171219898773245,3.9579638021090884,3.9635977745056152,140300,0.0,0.0
2008-05-21 00:00:00-04:00,3.977680014300683,4.028387069702148,3.9635946912830327,4.028387069702148,111900,0.0,0.0
2008-05-22 00:00:00-04:00,4.053740597402881,4.070642770099909,4.003033542001416,4.028387069702148,115700,0.0,0.0
2008-05-23 00:00:00-04:00,4.005850822703556,4.034021201225484,3.9917654991149907,3.9917654991149902,111000,0.0,0.0
2008-05-27 00:00:00-04:00,4.014301352860826,4.0790934562683105,4.008667116744436,4.0790934562683105,144400,0.0,0.0
2008-05-28 00:00:00-04:00,4.126982176930911,4.126982176930911,4.056555858084615,4.065007209777832,136200,0.0,0.0
2008-05-29 00:00:00-04:00,4.098812594001126,4.098812594001126,3.97204524957947,3.9748620986938477,148700,0.0,0.0
2008-05-30 00:00:00-04:00,4.014300357617862,4.045287842609953,3.9889468386901963,4.031202793121338,100400,0.0,0.0
2008-06-02 00:00:00-04:00,4.0368380084103865,4.126983642578125,4.031204040602494,4.126983642578125,145900,0.0,0.0
2008-06-03 00:00:00-04:00,4.129800933528138,4.155154461361957,4.073459909816981,4.124166965484619,166000,0.0,0.0
2008-06-04 00:00:00-04:00,4.11853131453792,4.121348431919916,4.084726711919269,4.093177795410156,88800,0.0,0.0
2008-06-05 00:00:00-04:00,4.098812077669551,4.1213484796764615,4.087543876666096,4.1128973960876465,102400,0.0,0.0
2008-06-06 00:00:00-04:00,4.141070716664155,4.141070716664155,4.073461462441095,4.0847296714782715,78000,0.0,0.0
2008-06-09 00:00:00-04:00,4.138251117583781,4.138251117583781,4.079092988422577,4.0959954261779785,99000,0.0,0.0
2008-06-10 00:00:00-04:00,4.034062943567999,4.053949353844527,3.999972302858945,4.011335849761963,117900,0.122,0.0
2008-06-11 00:00:00-04:00,4.053952637166925,4.053952637166925,3.971566516734583,3.977248430252075,117700,0.0,0.0
2008-06-12 00:00:00-04:00,3.968725013498031,4.002815674795958,3.9403159936188454,3.9573614597320557,105500,0.0,0.0
2008-06-13 00:00:00-04:00,3.9658850503743537,4.005657633978493,3.9573624506479526,4.002816677093506,67100,0.0,0.0
2008-06-16 00:00:00-04:00,4.04258691247489,4.04258691247489,3.948837550872159,3.9800875186920166,79100,0.0,0.0
2008-06-17 00:00:00-04:00,4.0170220392938765,4.0170220392938765,3.909068093213232,3.9232726097106934,132000,0.0,0.0
2008-06-18 00:00:00-04:00,3.937476196920466,3.9403171539306645,3.906226482594,3.940317153930664,109300,0.0,0.0
2008-06-19 00:00:00-04:00,3.9744085614859648,3.977249519022422,3.9090681637191924,3.9261133670806885,83100,0.0,0.0
2008-06-20 00:00:00-04:00,3.920428319095883,3.9516780120790638,3.8834967159730036,3.909064769744873,89900,0.0,0.0
2008-06-23 00:00:00-04:00,3.9602010350765036,3.963041990453904,3.7698616305737636,3.8352019786834717,144000,0.0,0.0
2008-06-24 00:00:00-04:00,3.815316491203427,3.832361684552019,3.778384877710193,3.789748430252075,128600,0.0,0.0
2008-06-25 00:00:00-04:00,3.8494072824865713,3.8920205382661144,3.806793755778555,3.8408846855163574,160300,0.0,0.0
2008-06-26 00:00:00-04:00,3.784066371887323,3.803952791261382,3.724407655622052,3.7670211791992188,133500,0.0,0.0
2008-06-27 00:00:00-04:00,3.7244088239528486,3.7386133362677976,3.613614223939029,3.678954601287842,175400,0.0,0.0
2008-06-30 00:00:00-04:00,3.6704319742407536,3.7783858877100154,3.6448639064548054,3.76418137550354,184000,0.0,0.0
2008-07-01 00:00:00-04:00,3.713044853961169,3.8124761581420903,3.7016812995629356,3.81247615814209,104000,0.0,0.0
2008-07-02 00:00:00-04:00,3.8124754808416776,3.8124754808416776,3.741453210737963,3.7442941665649414,81100,0.0,0.0
2008-07-03 00:00:00-04:00,3.7329309021386723,3.744294455394697,3.6278179667883217,3.6619086265563965,95400,0.0,0.0
2008-07-07 00:00:00-04:00,3.639182215949336,3.6732728822364207,3.485774082193189,3.5312283039093018,255200,0.0,0.0
2008-07-08 00:00:00-04:00,3.460205049597134,3.585204124450683,3.4516821822062314,3.5852041244506836,206800,0.0,0.0
2008-07-09 00:00:00-04:00,3.60012182889244,3.6574942327304343,3.5915160367100416,3.6144649982452393,105400,0.122,0.0
2008-07-10 00:00:00-04:00,3.602989768471647,3.6517560964162743,3.600121080482803,3.620201349258423,87700,0.0,0.0
2008-07-11 00:00:00-04:00,3.608727106373787,3.608727106373787,3.4509528131422385,3.4939823150634766,171500,0.0,0.0
2008-07-14 00:00:00-04:00,3.485378388659268,3.5226705371054767,3.301786609937417,3.376370906829834,235700,0.0,0.0
2008-07-15 00:00:00-04:00,3.273096871459336,3.3648926658505736,3.1239287055735754,3.238673448562622,527900,0.0,0.0
2008-07-16 00:00:00-04:00,3.230069021476601,3.4939823150634766,3.230069021476601,3.4939823150634766,226700,0.0,0.0
2008-07-17 00:00:00-04:00,3.499718745510917,3.6345440545790932,3.499718745510917,3.568565607070923,253400,0.0,0.0
2008-07-18 00:00:00-04:00,3.525537350029122,3.6288076705785723,3.519800246785189,3.5886471271514893,196500,0.0,0.0
2008-07-21 00:00:00-04:00,3.6632304898876633,3.6861794444063407,3.605857830017853,3.6574931144714355,222700,0.0,0.0
2008-07-22 00:00:00-04:00,3.6431511551899556,3.7292098999023438,3.5886474385635942,3.7292098999023438,148100,0.0,0.0
2008-07-23 00:00:00-04:00,3.757894382260937,3.786580433940236,3.7062591062358967,3.749288320541382,168600,0.0,0.0
2008-07-24 00:00:00-04:00,3.7119983200985898,3.73781597280712,3.6574945993819807,3.67470645904541,199000,0.0,0.0
2008-07-25 00:00:00-04:00,3.6546266078948975,3.680444265530023,3.6202031555724905,3.6546266078948975,104300,0.0,0.0
2008-07-28 00:00:00-04:00,3.657492883977458,3.7005221025950115,3.6173320793141346,3.6316752433776855,90800,0.0,0.0
2008-07-29 00:00:00-04:00,3.694784541827722,3.694784541827722,3.631674791936909,3.680441379547119,102200,0.0,0.0
2008-07-30 00:00:00-04:00,3.7865832481417034,3.7865832481417034,3.657495235713528,3.6833128929138184,98400,0.0,0.0
2008-07-31 00:00:00-04:00,3.729208847091883,3.729208847091883,3.637413024553023,3.6402814388275146,89200,0.0,0.0
2008-08-01 00:00:00-04:00,3.6316779298308863,3.775109129420247,3.6316779298308863,3.76650333404541,104000,0.0,0.0
2008-08-04 00:00:00-04:00,3.838216179518528,3.838216179518528,3.6747048168666185,3.6976537704467773,116100,0.0,0.0
2008-08-05 00:00:00-04:00,3.732078772276169,3.7349474610748783,3.6460200233274294,3.711998224258423,151700,0.0,0.0
2008-08-06 00:00:00-04:00,3.786580987015138,3.786580987015138,3.7148654369823775,3.740683078765869,99000,0.0,0.0
2008-08-07 00:00:00-04:00,3.7586364919536313,3.7586364919536313,3.692035205122372,3.703618049621582,106300,0.122,0.0
2008-08-08 00:00:00-04:00,3.720993271677161,3.720993271677161,3.66597454110475,3.6978275775909424,110700,0.0,0.0
2008-08-11 00:00:00-04:00,3.7152004241943364,3.74705317349899,3.6891389583283645,3.715200424194336,129000,0.0,0.0
2008-08-12 00:00:00-04:00,3.729680526837175,3.729680526837175,3.6920362030010843,3.694931983947754,79400,0.0,0.0
2008-08-13 00:00:00-04:00,3.6949285530150595,3.712302670248566,3.6370143686423466,3.7007198333740234,95300,0.0,0.0
2008-08-14 00:00:00-04:00,3.7296787635654134,3.836820122527369,3.700721520102511,3.770218849182129,233000,0.0,0.0
2008-08-15 00:00:00-04:00,3.7991770233564512,3.8339255608563083,3.7615327053590657,3.7818028926849365,81700,0.0,0.0
2008-08-18 00:00:00-04:00,3.784698706225348,3.7962815530049214,3.7209931870161217,3.7383673191070557,94000,0.0,0.0
2008-08-19 00:00:00-04:00,3.718096791445495,3.735470920663387,3.6949311017171023,3.7325754165649414,71400,0.0,0.0
2008-08-20 00:00:00-04:00,3.761535121718146,3.7644309040758857,3.706516637706119,3.7354736328125,94300,0.0,0.0
2008-08-21 00:00:00-04:00,3.7441609798857187,3.7528480508019326,3.709412420063859,3.7354736328125,85200,0.0,0.0
2008-08-22 00:00:00-04:00,3.7499478101446875,3.7731134891510014,3.729677910053332,3.773113489151001,100500,0.0,0.0
2008-08-25 00:00:00-04:00,3.7267842859606035,3.761532824561638,3.7209930009388494,3.741262912750244,118400,0.0,0.0
2008-08-26 00:00:00-04:00,3.7354683439976513,3.7441556787710186,3.680449937882728,3.7007198333740234,123900,0.0,0.0
2008-08-27 00:00:00-04:00,3.8802580085801694,3.8802580085801694,3.689140861827339,3.761533737182617,118600,0.0,0.0
2008-08-28 00:00:00-04:00,3.7731169266741613,3.8020741898920987,3.7615340766183722,3.7673256397247314,87300,0.0,0.0
2008-08-29 00:00:00-04:00,3.793385595088238,3.7991768797074954,3.770219904297574,3.796281099319458,51000,0.0,0.0
2008-09-02 00:00:00-04:00,3.8194492403894755,3.848406510533081,3.7673265407507777,3.7875964641571045,150800,0.0,0.0
2008-09-03 00:00:00-04:00,3.8252406137045245,3.8252406137045245,3.784700492760975,3.802074909210205,128900,0.0,0.0
2008-09-04 00:00:00-04:00,3.8172726803549653,3.8172726803549653,3.70328052047273,3.7062034606933594,152400,0.122,0.0
2008-09-05 00:00:00-04:00,3.706202083619533,3.7091247440072985,3.656513233318881,3.682819128036499,135300,0.0,0.0
2008-09-08 00:00:00-04:00,3.7325109771059473,3.788045471546395,3.6155958265121506,3.676976203918457,132600,0.0,0.0
2008-09-09 00:00:00-04:00,3.676974090550887,3.6945114506216963,3.5892878476906054,3.6009793281555176,144500,0.0,0.0
2008-09-10 00:00:00-04:00,3.5951339937153173,3.644822859060127,3.577596632344895,3.636054039001465,127300,0.0,0.0
2008-09-11 00:00:00-04:00,3.6039043341769803,3.6039043341769803,3.507449495354495,3.562983989715576,151600,0.0,0.0
2008-09-12 00:00:00-04:00,3.5132944533531365,3.522062996733822,3.460682635575086,3.4869885444641113,203600,0.0,0.0
2008-09-15 00:00:00-04:00,3.294076534767212,3.3905312784230777,3.250233292084785,3.2882306575775146,325800,0.0,0.0
2008-09-16 00:00:00-04:00,3.273618346204539,3.273618346204539,2.94625653945878,3.0544028282165527,488300,0.0,0.0
2008-09-17 00:00:00-04:00,3.001788256008627,3.031016794916522,2.7474982671552923,2.797187089920044,667700,0.0,0.0
2008-09-18 00:00:00-04:00,2.57505176243188,3.010559861625348,2.5195170079727705,2.9871768951416016,778500,0.0,0.0
2008-09-19 00:00:00-04:00,3.2151608077996254,3.302847067398093,3.1099374635296253,3.273618221282959,314500,0.0,0.0
2008-09-22 00:00:00-04:00,3.355458119426181,3.355458119426181,3.004713410030122,3.069016695022583,255800,0.0,0.0
2008-09-23 00:00:00-04:00,2.9988691940518764,3.0485580810315547,2.893645537508076,3.0076377391815186,246400,0.0,0.0
2008-09-24 00:00:00-04:00,2.9667153695997257,3.048555997362231,2.8614920637224337,2.952101230621338,321600,0.0,0.0
2008-09-25 00:00:00-04:00,3.0047127460957657,3.107013391490482,2.931640936170063,3.104090452194214,185800,0.0,0.0
2008-09-26 00:00:00-04:00,2.855646929306385,3.063170635589688,2.8527239895355803,3.045633554458618,294600,0.0,0.0
2008-09-29 00:00:00-04:00,2.9287184621611395,2.957947020744991,2.5428990916313743,2.592587947845459,444300,0.0,0.0
2008-09-30 00:00:00-04:00,2.747500527463035,2.9374874410223586,2.7182719645094493,2.922873020172119,514700,0.0,0.0
2008-10-01 00:00:00-04:00,2.9228715407919648,3.0865524697248854,2.864414165725476,3.063169240951538,172300,0.0,0.0
2008-10-02 00:00:00-04:00,2.987177072304366,3.0017914969101933,2.922873771286904,2.966716766357422,182900,0.0,0.0
2008-10-03 00:00:00-04:00,2.931639209929193,3.0514768630436926,2.7942644888571255,2.832261562347412,182100,0.0,0.0
2008-10-06 00:00:00-04:00,2.776730434314625,2.776730434314625,2.4669056526792605,2.7036585807800293,1217300,0.0,0.0
2008-10-07 00:00:00-04:00,2.627663386065243,2.788421495110572,2.5604374248491175,2.6802752017974854,417700,0.0,0.0
2008-10-08 00:00:00-04:00,2.4815176369936847,2.6013553142547607,2.122004605210456,2.6013553142547607,716200,0.0,0.0
2008-10-09 00:00:00-04:00,2.518971192456847,2.521934755806414,2.2226216404031,2.3411614894866943,539500,0.122,0.0
2008-10-10 00:00:00-04:00,2.3115265429645215,2.3115265429645215,1.9262720720336088,2.2374391555786133,821000,0.0,0.0
2008-10-13 00:00:00-04:00,2.427104705535797,2.4893381740172886,2.1840979631895863,2.2789299488067627,926600,0.0,0.0
2008-10-14 00:00:00-04:00,2.711599816998458,2.711599816998458,2.178170407349336,2.2196593284606934,972100,0.0,0.0
2008-10-15 00:00:00-04:00,2.2107684040897806,2.2196588144711074,2.1248270167474868,2.1929874420166016,383500,0.0,0.0
2008-10-16 00:00:00-04:00,2.388577568747479,2.5189712502917088,2.1633518361864836,2.293745517730713,359700,0.0,0.0
2008-10-17 00:00:00-04:00,2.379687085905754,2.6967813337035182,2.2374394209138875,2.5871317386627197,370000,0.0,0.0
2008-10-20 00:00:00-04:00,2.5812045013757414,2.678999826839935,2.5812045013757414,2.6226935386657715,330700,0.0,0.0
2008-10-21 00:00:00-04:00,2.604914166136444,2.6404761005146224,2.5782426446975277,2.607877731323242,284200,0.0,0.0
2008-10-22 00:00:00-04:00,2.575277902556825,2.607876539471103,2.462665303136055,2.54267954826355,181000,0.0,0.0
2008-10-23 00:00:00-04:00,2.643439292907715,2.6641836810475374,2.4389578457939796,2.643439292907715,271200,0.0,0.0
2008-10-24 00:00:00-04:00,2.5160065536229053,2.518970115705677,2.42413839002366,2.489335060119629,104900,0.0,0.0
2008-10-27 00:00:00-04:00,2.465628271927266,2.6226937436900797,2.3885776003952643,2.501190185546875,223700,0.0,0.0
2008-10-28 00:00:00-04:00,2.634548171643729,2.637511452993377,2.435993907545509,2.5782415866851807,171000,0.0,0.0
2008-10-29 00:00:00-04:00,2.6138037405586494,2.6493656635284424,2.510081535885346,2.6493656635284424,185300,0.0,0.0
2008-10-30 00:00:00-04:00,2.6671469641932446,2.7086360187131664,2.6375118848760057,2.661219835281372,205700,0.0,0.0
2008-10-31 00:00:00-04:00,2.667145749809538,2.6938172525269826,2.581204398064957,2.590094804763794,251800,0.0,0.0
2008-11-03 00:00:00-05:00,2.6730732362095395,2.6967811790149527,2.6226937870927944,2.693817615509033,401000,0.0,0.0
2008-11-04 00:00:00-05:00,2.6612205642907782,2.806432153578944,2.6612205642907782,2.70863676071167,331800,0.0,0.0
2008-11-05 00:00:00-05:00,2.7797594312267053,2.7797594312267053,2.6078766766038637,2.6345481872558594,302400,0.0,0.0
2008-11-06 00:00:00-05:00,2.637510663471403,2.6582553224352523,2.5337884991358806,2.5930583477020264,270800,0.0,0.0
2008-11-07 00:00:00-05:00,2.581204377988797,2.6078758804987956,2.5189709663391113,2.5930583477020264,169500,0.0,0.0
2008-11-10 00:00:00-05:00,2.750171750250203,2.750171750250203,2.5167513662711865,2.5885729789733887,201900,0.085,0.0
2008-11-11 00:00:00-05:00,2.567622569112483,2.567622569112483,2.391061063164342,2.5167489051818848,212400,0.0,0.0
2008-11-12 00:00:00-05:00,2.501784748460677,2.501784748460677,2.2324539575842595,2.2384390830993652,277700,0.0,0.0
2008-11-13 00:00:00-05:00,2.2174929070405622,2.2384409350226324,2.0050205614251575,2.199537515640259,359800,0.0,0.0
2008-11-14 00:00:00-05:00,2.1247227550550996,2.178589057796076,2.064871466117046,2.082826852798462,330800,0.0,0.0
2008-11-17 00:00:00-05:00,2.0798338334898925,2.0828264687333293,1.930205496038916,2.0050196647644043,453800,0.0,0.0
2008-11-18 00:00:00-05:00,2.241432308153593,2.241432308153593,1.9481609192258582,2.011004686355591,306700,0.0,0.0
2008-11-19 00:00:00-05:00,2.0020279829169048,2.0648719215100133,1.9182360172271729,1.9182360172271729,352200,0.0,0.0
2008-11-20 00:00:00-05:00,1.8045189611572192,1.8254668504093716,1.7207269760582293,1.7267121076583862,730900,0.0,0.0
2008-11-21 00:00:00-05:00,1.6878073726073326,1.789554673637508,1.5262088019692202,1.771599292755127,634000,0.0,0.0
2008-11-24 00:00:00-05:00,1.7656142577416087,1.8823243109032957,1.7656142577416087,1.8703540563583374,358600,0.0,0.0
2008-11-25 00:00:00-05:00,1.933198366010701,1.9571388800782348,1.7865625033019776,1.891302466392517,330200,0.0,0.0
2008-11-26 00:00:00-05:00,1.8972877256610632,2.0409309626621646,1.8464140584132334,2.028960704803467,237200,0.0,0.0
2008-11-28 00:00:00-05:00,2.049906527985576,2.0947950212663144,2.0289586690987287,2.0618767738342285,84200,0.0,0.0
2008-12-01 00:00:00-05:00,2.091804846530242,2.094797482857337,1.9092583114800512,1.9451690912246704,256800,0.0,0.0
2008-12-02 00:00:00-05:00,1.9601311166660393,2.0409304065442155,1.9122499555813006,1.9900567531585693,188900,0.0,0.0
2008-12-03 00:00:00-05:00,1.9601308187375714,2.1217293739318848,1.9451679314172328,2.1217293739318848,162600,0.0,0.0
2008-12-04 00:00:00-05:00,2.120215598311794,2.120215598311794,1.9324251085526665,1.9990603923797607,207600,0.085,0.0
2008-12-05 00:00:00-05:00,1.9263654366483818,2.1111267936172693,1.8991055027491994,2.0081450939178467,288200,0.0,0.0
2008-12-08 00:00:00-05:00,2.2686311517936724,2.2686311517936724,2.035407387175367,2.068725109100342,307600,0.0,0.0
2008-12-09 00:00:00-05:00,1.9869463901499074,2.1293039118096857,1.9869463901499074,2.1050727367401123,258400,0.0,0.0
2008-12-10 00:00:00-05:00,2.1020424936509676,2.135360210228504,2.0384360094703236,2.0778114795684814,271800,0.0,0.0
2008-12-11 00:00:00-05:00,2.1293024094517965,2.1293024094517965,1.9687717280756656,2.026320457458496,261400,0.0,0.0
2008-12-12 00:00:00-05:00,2.0142038928465342,2.0535793413912344,1.980886194506545,2.0475215911865234,281000,0.0,0.0
2008-12-15 00:00:00-05:00,1.9687715337262546,2.0596379699772154,1.9051650572362258,2.0414645671844482,405800,0.0,0.0
2008-12-16 00:00:00-05:00,2.1505045218159395,2.1505045218159395,2.0051182928927873,2.0778114795684814,334500,0.0,0.0
2008-12-17 00:00:00-05:00,2.059637539663053,2.195937021134615,2.044493088642573,2.1807925701141357,526200,0.0,0.0
2008-12-18 00:00:00-05:00,2.180793749686208,2.286804675313562,2.180793749686208,2.250458002090454,362600,0.0,0.0
2008-12-19 00:00:00-05:00,2.268630571228851,2.359497009796711,2.2565150653435655,2.2807462215423584,567100,0.0,0.0
2008-12-22 00:00:00-05:00,2.3170930045200606,2.4049305044604394,2.314064055487794,2.371612787246704,470500,0.0,0.0
2008-12-23 00:00:00-05:00,2.401901761476332,2.404930710768438,2.323150957448842,2.356468677520752,246700,0.0,0.0
2008-12-24 00:00:00-05:00,2.341323871770995,2.420074664088549,2.3322371696740856,2.404930353164673,232800,0.0,0.0
2008-12-26 00:00:00-05:00,2.380698732526968,2.4836805115816496,2.3625254773996716,2.471565008163452,251800,0.0,0.0
2008-12-29 00:00:00-05:00,2.4884011360748284,2.4884011360748284,2.3904566367516487,2.418003559112549,278400,0.085,0.0
2008-12-30 00:00:00-05:00,2.454731473922306,2.497581958770752,2.387394622435702,2.497581958770752,241100,0.0,0.0
2008-12-31 00:00:00-05:00,2.534310566897872,2.5955257415771484,2.509824497026161,2.5955257415771484,247500,0.0,0.0
2009-01-02 00:00:00-05:00,2.659801204662666,2.705712795216766,2.6322546006065077,2.6812267303466797,331600,0.0,0.0
2009-01-05 00:00:00-05:00,2.7087731316264954,2.7087731316264954,2.632254119907067,2.6842870712280273,464300,0.0,0.0
2009-01-06 00:00:00-05:00,2.7240781328496926,2.803658016938484,2.678166818435323,2.779171943664551,450500,0.0,0.0
2009-01-07 00:00:00-05:00,2.8128397268365664,2.8159005584318506,2.7608070492015684,2.769989252090454,567800,0.0,0.0
2009-01-08 00:00:00-05:00,2.773049836555581,2.8832371370933814,2.7638673425880587,2.880176305770874,333900,0.0,0.0
2009-01-09 00:00:00-05:00,2.898541219510654,2.9016017591660894,2.831204384842705,2.849569082260132,321500,0.0,0.0
2009-01-12 00:00:00-05:00,2.8771164684031443,2.886298965542936,2.7424430545536658,2.7822329998016357,374000,0.0,0.0
2009-01-13 00:00:00-05:00,2.773049384988475,2.8434467425609005,2.7485630302927473,2.8158998489379883,271800,0.0,0.0
2009-01-14 00:00:00-05:00,2.7546854506020026,2.7791715201444847,2.555736062595092,2.567979097366333,473600,0.0,0.0
2009-01-15 00:00:00-05:00,2.5679807975612,2.5679807975612,2.3445449001836005,2.5312516689300537,433400,0.0,0.0
2009-01-16 00:00:00-05:00,2.5955256688620194,2.7087741037171837,2.58328263426916,2.7057132720947266,285000,0.0,0.0
2009-01-20 00:00:00-05:00,2.696531144669177,2.714895551124471,2.5894043700577094,2.5955257415771484,331900,0.0,0.0
2009-01-21 00:00:00-05:00,2.616951902837895,2.8434482497298874,2.616951902837895,2.736321449279785,792700,0.0,0.0
2009-01-22 00:00:00-05:00,2.73938181781086,2.73938181781086,2.6138906277280105,2.6873488426208496,402100,0.0,0.0
2009-01-23 00:00:00-05:00,2.5924658003737697,2.7179570104168143,2.5894049679588065,2.7087748050689697,242700,0.0,0.0
2009-01-26 00:00:00-05:00,2.7455036957232584,2.7516250681597554,2.6536807739996373,2.6934707164764404,200500,0.0,0.0
2009-01-27 00:00:00-05:00,2.7485642359929963,2.757746732493273,2.662862978602893,2.6934707164764404,194300,0.0,0.0
2009-01-28 00:00:00-05:00,2.7638682872424023,2.8159012699214645,2.727139174509601,2.8067190647125244,211100,0.0,0.0
2009-01-29 00:00:00-05:00,2.7944757835099896,2.8036579879184167,2.7577466739792653,2.7852935791015625,205200,0.0,0.0
2009-01-30 00:00:00-05:00,2.8005976933120995,2.812840732172046,2.724078627463167,2.7516255378723145,201400,0.0,0.0
2009-02-02 00:00:00-05:00,2.7485649503233693,2.7485649503233693,2.681228376536554,2.6965322494506836,199000,0.0,0.0
2009-02-03 00:00:00-05:00,2.7240783768892873,2.754686117172241,2.6965317609110824,2.754686117172241,171500,0.0,0.0
2009-02-04 00:00:00-05:00,2.754685872719832,2.754685872719832,2.7087745582666423,2.7332606315612793,126400,0.0,0.0
2009-02-05 00:00:00-05:00,2.727139214545865,2.7699899926450655,2.6934709336874505,2.742443084716797,171000,0.0,0.0
2009-02-06 00:00:00-05:00,2.7501664607923426,2.8088780471625205,2.7347163225088726,2.7656168937683105,226800,0.085,0.0
2009-02-09 00:00:00-05:00,2.7408985862323867,2.818150520324707,2.7285382885653253,2.818150520324707,313600,0.0,0.0
2009-02-10 00:00:00-05:00,2.833600170101192,2.833600170101192,2.7192673751246668,2.7903389930725098,272400,0.0,0.0
2009-02-11 00:00:00-05:00,2.805788052115343,2.805788052115343,2.70381560157423,2.7378063201904297,268900,0.0,0.0
2009-02-12 00:00:00-05:00,2.7347163225088726,2.7656168937683105,2.6172934444610148,2.7656168937683105,388000,0.0,0.0
2009-02-13 00:00:00-05:00,2.7996093943382045,2.8088795411774847,2.6914566006735376,2.7007267475128174,313500,0.0,0.0
2009-02-17 00:00:00-05:00,2.6296548452637527,2.6296548452637527,2.475151039474239,2.5307722091674805,576100,0.0,0.0
2009-02-18 00:00:00-05:00,2.509143428845018,2.555494778029086,2.4102610220941814,2.444251775741577,467100,0.0,0.0
2009-02-19 00:00:00-05:00,2.5400436015199355,2.5400436015199355,2.3206481032974042,2.370089292526245,408800,0.0,0.0
2009-02-20 00:00:00-05:00,2.289745753064496,2.320646623980857,2.2063137257521213,2.3113763332366943,477800,0.0,0.0
2009-02-23 00:00:00-05:00,2.357728606619124,2.4257102306040754,2.274296539873512,2.3175575733184814,661600,0.0,0.0
2009-02-24 00:00:00-05:00,2.2681177264556602,2.49678347080915,2.237216822756926,2.441162109375,484700,0.0,0.0
2009-02-25 00:00:00-05:00,2.385539480233133,2.5740342264758618,2.2248554753194645,2.4998724460601807,281600,0.0,0.0
2009-02-26 00:00:00-05:00,2.555492838360951,2.586393419670044,2.450430066240031,2.5400424003601074,315400,0.0,0.0
2009-02-27 00:00:00-05:00,2.4318911749695693,2.5060529708862305,2.397900425514295,2.5060529708862305,329100,0.0,0.0
2009-03-02 00:00:00-05:00,2.3793580827463923,2.410258955710235,2.1630528560771864,2.2835657596588135,567300,0.0,0.0
2009-03-03 00:00:00-05:00,2.2279459708353233,2.2557567165040973,2.051811493843727,2.156874179840088,589000,0.0,0.0
2009-03-04 00:00:00-05:00,2.1476034647186064,2.3113776112111877,2.141423316587548,2.2619364261627197,365800,0.0,0.0
2009-03-05 00:00:00-05:00,2.1754136864461366,2.2186747130517723,2.082711339230599,2.12288236618042,425300,0.0,0.0
2009-03-06 00:00:00-05:00,2.1105223144450895,2.129062756541162,1.9807390724262481,2.045630693435669,804600,0.0,0.0
2009-03-09 00:00:00-04:00,1.972068866035724,2.0534557550295336,1.9470265970825138,1.9939806461334229,505300,0.085,0.0
2009-03-10 00:00:00-04:00,2.006502556645225,2.260054349899292,2.006502556645225,2.260054349899292,666300,0.0,0.0
2009-03-11 00:00:00-04:00,2.2725763536232457,2.36648437489099,2.256924942113827,2.307009220123291,425900,0.0,0.0
2009-03-12 00:00:00-04:00,2.338310570953943,2.4697818756103516,2.285096130307012,2.4697818756103516,349000,0.0,0.0
2009-03-13 00:00:00-04:00,2.501084941720523,2.501084941720523,2.4541310245845045,2.4948244094848633,166500,0.0,0.0
2009-03-16 00:00:00-04:00,2.585602258081166,2.585602258081166,2.441609872561433,2.5104758739471436,207100,0.0,0.0
2009-03-17 00:00:00-04:00,2.5417793603278755,2.5417793603278755,2.482304208762547,2.516737222671509,202800,0.0,0.0
2009-03-18 00:00:00-04:00,2.5323870973296354,2.5355174372694442,2.485433043072271,2.5136053562164307,238400,0.0,0.0
2009-03-19 00:00:00-04:00,2.519866261940757,2.5981229762959006,2.4948239879663276,2.507345199584961,192100,0.0,0.0
2009-03-20 00:00:00-04:00,2.4760416822640234,2.5136048585273465,2.4259574472462595,2.46665096282959,105800,0.0,0.0
2009-03-23 00:00:00-04:00,2.532387359005952,2.5824716091156006,2.5010845534245822,2.5824716091156006,200300,0.0,0.0
2009-03-24 00:00:00-04:00,2.566820644345784,2.6106445199329897,2.5386481742201332,2.5949931144714355,154100,0.0,0.0
2009-03-25 00:00:00-04:00,2.6200361968798775,2.6544690626002208,2.5605611927218597,2.588733673095703,224700,0.0,0.0
2009-03-26 00:00:00-04:00,2.5793423419884562,2.6356872960669846,2.5793423419884562,2.6200358867645264,164400,0.0,0.0
2009-03-27 00:00:00-04:00,2.648207664489746,2.6638590696591264,2.585602342337947,2.648207664489746,214900,0.0,0.0
2009-03-30 00:00:00-04:00,2.504215228688869,2.588732635949463,2.504215228688869,2.5449087619781494,81800,0.0,0.0
2009-03-31 00:00:00-04:00,2.5574295994185645,2.6294256375672846,2.519866410141968,2.551168918609619,119200,0.0,0.0
2009-04-01 00:00:00-04:00,2.5167366899651213,2.5824723620305665,2.5136063487892035,2.569951295852661,108100,0.0,0.0
2009-04-02 00:00:00-04:00,2.6544688690312377,2.685771689058588,2.607514937516028,2.6575992107391357,138200,0.0,0.0
2009-04-03 00:00:00-04:00,2.6137744694976544,2.645076977209637,2.5981230663788204,2.6388165950775146,117900,0.0,0.0
2009-04-06 00:00:00-04:00,2.6262957095740287,2.6388167732091854,2.604383624318226,2.6231653690338135,136900,0.0,0.0
2009-04-07 00:00:00-04:00,2.620035629071909,2.6638595111033494,2.604384221308839,2.660729169845581,176800,0.0,0.0
2009-04-08 00:00:00-04:00,2.624366037988185,2.687603712081909,2.60539458498956,2.687603712081909,144800,0.085,0.0
2009-04-09 00:00:00-04:00,2.7192227268538636,2.8298885822296143,2.693927656965634,2.8298885822296143,228200,0.0,0.0
2009-04-13 00:00:00-04:00,2.769814276639829,2.8077569007873535,2.7192241111097966,2.8077569007873535,164700,0.0,0.0
2009-04-14 00:00:00-04:00,2.8456993472071566,2.8456993472071566,2.6970905190881487,2.7034144401550293,175800,0.0,0.0
2009-04-15 00:00:00-04:00,2.706576331093229,2.7729759928823485,2.7034143706410934,2.750842571258545,160400,0.0,0.0
2009-04-16 00:00:00-04:00,2.8488623346044406,2.8488623346044406,2.7793006855012337,2.839376449584961,238800,0.0,0.0
2009-04-17 00:00:00-04:00,2.8330528315593275,2.8804810505549487,2.8235672480684557,2.874157428741455,235700,0.0,0.0
2009-04-20 00:00:00-04:00,2.8488625189551278,2.8678336871391923,2.7856247891061092,2.842538595199585,248000,0.0,0.0
2009-04-21 00:00:00-04:00,2.795109511444279,2.8615091826995367,2.7666524664004273,2.8520236015319824,203300,0.0,0.0
2009-04-22 00:00:00-04:00,2.7919460185203713,2.874155147638501,2.7887840593525146,2.845698118209839,221600,0.0,0.0
2009-04-23 00:00:00-04:00,2.870995467064077,2.8773193904188332,2.8362147932367057,2.874157428741455,168700,0.0,0.0
2009-04-24 00:00:00-04:00,2.8868042668404743,2.893127887105114,2.8267282158498563,2.8520236015319824,288000,0.0,0.0
2009-04-27 00:00:00-04:00,2.8425363331545745,2.893126476774961,2.8140793019828467,2.8899648189544678,157700,0.0,0.0
2009-04-28 00:00:00-04:00,2.858347921895827,2.9089381025688263,2.8267289082045712,2.874157428741455,234100,0.0,0.0
2009-04-29 00:00:00-04:00,2.8962878704615687,2.9057734451525,2.8140787523642095,2.8583452701568604,218800,0.0,0.0
2009-04-30 00:00:00-04:00,2.8868030864105627,2.908936200598232,2.814079523086548,2.814079523086548,269900,0.0,0.0
2009-05-01 00:00:00-04:00,2.84569777906805,2.937392473220825,2.829888286653919,2.937392473220825,150700,0.0,0.0
2009-05-04 00:00:00-04:00,2.9215841920031527,2.997469425201416,2.9215841920031527,2.997469425201416,307500,0.0,0.0
2009-05-05 00:00:00-04:00,2.965849765927539,3.0354113578796387,2.934230778256308,3.0354113578796387,173000,0.0,0.0
2009-05-06 00:00:00-04:00,3.054383273860911,3.0828403095805363,3.0417357359345316,3.0765163898468018,296300,0.0,0.0
2009-05-07 00:00:00-04:00,3.097247857571396,3.1036272006146395,3.03026308252656,3.0749197006225586,259100,0.085,0.0
2009-05-08 00:00:00-04:00,3.0749203922586674,3.0972485542297363,3.055781750427471,3.0972485542297363,213600,0.0,0.0
2009-05-11 00:00:00-04:00,3.0621637887593445,3.0972509712664618,3.0366457825362354,3.0844919681549072,191700,0.0,0.0
2009-05-12 00:00:00-04:00,3.0844913823582876,3.1419070375554012,3.0494042065148133,3.116389036178589,319200,0.0,0.0
2009-05-13 00:00:00-04:00,3.090869410837372,3.090869410837372,2.9250024727113733,2.985607624053955,210600,0.0,0.0
2009-05-14 00:00:00-04:00,3.0366456394742753,3.0366456394742753,2.81017311676475,2.9728503227233887,319000,0.0,0.0
2009-05-15 00:00:00-04:00,2.9792296337198665,3.017506636852629,2.966470632675612,2.995178461074829,248300,0.0,0.0
2009-05-18 00:00:00-04:00,3.0047467254829527,3.1100085282573215,3.0047467254829527,3.094059705734253,214900,0.0,0.0
2009-05-19 00:00:00-04:00,3.1036282822663583,3.141905570659208,3.0781102928034114,3.1291465759277344,195500,0.0,0.0
2009-05-20 00:00:00-04:00,3.173804807381856,3.218461467803007,3.0813019640940964,3.1419074535369873,198000,0.0,0.0
2009-05-21 00:00:00-04:00,3.1259586245152473,3.1419074535369873,3.0494046102492276,3.1419074535369873,203900,0.0,0.0
2009-05-22 00:00:00-04:00,3.26949650230081,3.285445326566372,3.196132336557155,3.2344093322753906,560900,0.0,0.0
2009-05-26 00:00:00-04:00,3.26630775707599,3.2790667598693095,3.2439795782373366,3.2758772373199463,370400,0.0,0.0
2009-05-27 00:00:00-04:00,3.3109652444496014,3.320534422880746,3.256739393008621,3.2631187438964844,246500,0.0,0.0
2009-05-28 00:00:00-04:00,3.301395933631462,3.326913944557032,3.237600602118852,3.3045854568481445,222100,0.0,0.0
2009-05-29 00:00:00-04:00,3.3301026332213075,3.346051462102546,3.30458462869077,3.336482286453247,167200,0.0,0.0
2009-06-01 00:00:00-04:00,3.38432648444797,3.4130342987612217,3.3492393248420123,3.3619983196258545,287600,0.0,0.0
2009-06-02 00:00:00-04:00,3.3715706900696554,3.42898637319701,3.346052676279436,3.4130375385284424,220300,0.0,0.0
2009-06-03 00:00:00-04:00,3.3843279944781575,3.422604995908237,3.352430645385708,3.4194154739379883,236900,0.0,0.0
2009-06-04 00:00:00-04:00,3.43855386452941,3.43855386452941,3.4002768626320696,3.422605037689209,142500,0.0,0.0
2009-06-05 00:00:00-04:00,3.444934368133545,3.460883198914449,3.384328872005838,3.444934368133545,207200,0.0,0.0
2009-06-08 00:00:00-04:00,3.3983157367190002,3.497982655809715,3.37581043195507,3.407961130142212,247500,0.085,0.0
2009-06-09 00:00:00-04:00,3.446542105018188,3.4497569298469126,3.4079614475671995,3.4208216667175293,112500,0.0,0.0
2009-06-10 00:00:00-04:00,3.456189408328912,3.456189408328912,3.350092455671962,3.401533365249634,137000,0.0,0.0
2009-06-11 00:00:00-04:00,3.404745059059442,3.4690461310704657,3.404745059059442,3.4465408325195312,133100,0.0,0.0
2009-06-12 00:00:00-04:00,3.456184447180833,3.4593995760673124,3.398313353670476,3.430464029312134,133800,0.0,0.0
2009-06-15 00:00:00-04:00,3.4433257941287967,3.4433257941287967,3.227916967186312,3.301863431930542,212600,0.0,0.0
2009-06-16 00:00:00-04:00,3.3211535141061312,3.3854545861552356,3.317938383850752,3.3500890731811523,214300,0.0,0.0
2009-06-17 00:00:00-04:00,3.3372297524247476,3.3533051013946533,3.2664984009242306,3.3533051013946533,191600,0.0,0.0
2009-06-18 00:00:00-04:00,3.3307981123126726,3.38866922201959,3.3307981123126726,3.372593879699707,94000,0.0,0.0
2009-06-19 00:00:00-04:00,3.382240694237211,3.4240361726240014,3.369380169672929,3.407961130142212,122200,0.0,0.0
2009-06-22 00:00:00-04:00,3.3886691524991375,3.3886691524991375,3.272927242071465,3.2793571949005127,219000,0.0,0.0
2009-06-23 00:00:00-04:00,3.2279163626689087,3.2568519170797607,3.1218195342368826,3.1989808082580566,395300,0.0,0.0
2009-06-24 00:00:00-04:00,3.227918122203053,3.3115097012641472,3.2118427713664093,3.28900408744812,137700,0.0,0.0
2009-06-25 00:00:00-04:00,3.2825728301831987,3.3050781284684665,3.2632823555017594,3.2954330444335938,115800,0.0,0.0
2009-06-26 00:00:00-04:00,3.298647933152102,3.3018630631322416,3.221486653298779,3.234346866607666,228400,0.0,0.0
2009-06-29 00:00:00-04:00,3.2632817980535416,3.295432481493254,3.243991633279027,3.2825722694396973,160100,0.0,0.0
2009-06-30 00:00:00-04:00,3.2954324262043193,3.298647555816677,3.189335601889599,3.285787343978882,167300,0.0,0.0
2009-07-01 00:00:00-04:00,3.292217407170254,3.3275832208707774,3.2568519000813767,3.2793571949005127,118000,0.0,0.0
2009-07-02 00:00:00-04:00,3.2150558876001956,3.266496732743939,3.157184783507673,3.218271017074585,153500,0.0,0.0
2009-07-06 00:00:00-04:00,3.198981944011522,3.211842160914223,3.1636164241820333,3.2021970748901367,129700,0.0,0.0
2009-07-07 00:00:00-04:00,3.1989802846464106,3.2086253656674306,3.1571845247398596,3.17969012260437,121900,0.0,0.0
2009-07-08 00:00:00-04:00,3.204012845676057,3.204012845676057,2.9056634500965655,3.0580811500549316,548900,0.085,0.0
2009-07-09 00:00:00-04:00,3.0613240261701664,3.0969964336205225,3.058081333077184,3.0775387287139893,185300,0.0,0.0
2009-07-10 00:00:00-04:00,3.0645669036073695,3.1326684040995203,3.041866506533224,3.096996307373047,170200,0.0,0.0
2009-07-13 00:00:00-04:00,3.129426733175858,3.2234716729808466,3.1229410352254345,3.213742971420288,164800,0.0,0.0
2009-07-14 00:00:00-04:00,3.2331983067272496,3.311028480529785,3.2007689130080506,3.311028480529785,228000,0.0,0.0
2009-07-15 00:00:00-04:00,3.3953453343382978,3.3953453343382978,3.3077861393854553,3.375887632369995,224600,0.0,0.0
2009-07-16 00:00:00-04:00,3.3726446304969975,3.3985880269416144,3.3369725377030695,3.375887632369995,143600,0.0,0.0
2009-07-17 00:00:00-04:00,3.3888589695554745,3.405073667923325,3.3726442711876246,3.3953449726104736,146500,0.0,0.0
2009-07-20 00:00:00-04:00,3.4050742069374174,3.434260606765747,3.379130809149946,3.434260606765747,106400,0.0,0.0
2009-07-21 00:00:00-04:00,3.450473732063276,3.499117503384489,3.4083156525924316,3.4634454250335693,158500,0.0,0.0
2009-07-22 00:00:00-04:00,3.456961449336535,3.4699331499069075,3.4212893500854444,3.4375040531158447,153100,0.0,0.0
2009-07-23 00:00:00-04:00,3.437504381024002,3.5250632909089448,3.437504381024002,3.4796621799468994,155500,0.0,0.0
2009-07-24 00:00:00-04:00,3.476417949934748,3.5510051250457764,3.469931947262678,3.5510051250457764,132200,0.0,0.0
2009-07-27 00:00:00-04:00,3.55100465960783,3.625592134212144,3.5412759661445157,3.5964057445526123,219400,0.0,0.0
2009-07-28 00:00:00-04:00,3.5801898495478253,3.635319609481971,3.460201639476297,3.48614501953125,220400,0.0,0.0
2009-07-29 00:00:00-04:00,3.486148142675886,3.486148142675886,3.372645521299464,3.3888602256774902,264800,0.0,0.0
2009-07-30 00:00:00-04:00,3.4277759661950022,3.4537193743023202,3.4115615680802938,3.4472336769104004,204900,0.0,0.0
2009-07-31 00:00:00-04:00,3.453717506385279,3.5607340842663113,3.450474814078015,3.541276693344116,153200,0.0,0.0
2009-08-03 00:00:00-04:00,3.5542490796626853,3.6450509765381267,3.5542490796626853,3.6028928756713867,187200,0.0,0.0
2009-08-04 00:00:00-04:00,3.606137187842256,3.6839674134366627,3.580193779310787,3.6645100116729736,210000,0.0,0.0
2009-08-05 00:00:00-04:00,3.6385642614379594,3.661264651976044,3.589920169795402,3.615863561630249,162500,0.0,0.0
2009-08-06 00:00:00-04:00,3.6273013956379,3.6371048253257787,3.532534077600642,3.545605421066284,172600,0.085,0.0
2009-08-07 00:00:00-04:00,3.5586753850878976,3.643638928857574,3.5586753850878976,3.6174962520599365,151900,0.0,0.0
2009-08-10 00:00:00-04:00,3.627302122314753,3.6730516777870483,3.614230776230458,3.640373468399048,142400,0.0,0.0
2009-08-11 00:00:00-04:00,3.650175609849719,3.659979038036425,3.5946223307161134,3.607693672180176,185100,0.0,0.0
2009-08-12 00:00:00-04:00,3.601158333988661,3.6469078755352418,3.5848190784454346,3.5848190784454346,154700,0.0,0.0
2009-08-13 00:00:00-04:00,3.679586269401624,3.679586269401624,3.6109616476225397,3.630568504333496,88400,0.0,0.0
2009-08-14 00:00:00-04:00,3.6142288226763575,3.6338356753822154,3.555407641268175,3.5946216583251953,167400,0.0,0.0
2009-08-17 00:00:00-04:00,3.4639110326956626,3.493321335226923,3.4148932385191215,3.418161153793335,242100,0.0,0.0
2009-08-18 00:00:00-04:00,3.4345007864240547,3.496589625057326,3.421429435572546,3.480250358581543,152200,0.0,0.0
2009-08-19 00:00:00-04:00,3.437768702048329,3.490054105454365,3.431232870799781,3.480250358581543,162500,0.0,0.0
2009-08-20 00:00:00-04:00,3.470444360693971,3.5259976387023926,3.470444360693971,3.5259976387023926,131100,0.0,0.0
2009-08-21 00:00:00-04:00,3.535802783017567,3.5848205700429143,3.5129280027263765,3.578284740447998,206100,0.0,0.0
2009-08-24 00:00:00-04:00,3.578284582910534,3.6273023677778258,3.578284582910534,3.6109631061553955,168500,0.0,0.0
2009-08-25 00:00:00-04:00,3.584819158736563,3.676318555524464,3.581551245225649,3.67305064201355,211700,0.0,0.0
2009-08-26 00:00:00-04:00,3.6436417259708413,3.6926595163298503,3.604427680670952,3.6828560829162598,272400,0.0,0.0
2009-08-27 00:00:00-04:00,3.669784073593127,3.669784073593127,3.5913559904571555,3.6044273376464844,197400,0.0,0.0
2009-08-28 00:00:00-04:00,3.617497324617337,3.64364000916606,3.5946225535485508,3.601158380508423,107300,0.0,0.0
2009-08-31 00:00:00-04:00,3.6044267081221077,3.6044267081221077,3.4998559488710885,3.512927293777466,172600,0.0,0.0
2009-09-01 00:00:00-04:00,3.4933212685954915,3.5456069770489513,3.4802499193935135,3.496589183807373,175200,0.0,0.0
2009-09-02 00:00:00-04:00,3.4802487358088396,3.5096593394225355,3.463909788597179,3.467177391052246,179900,0.0,0.0
2009-09-03 00:00:00-04:00,3.470446793891631,3.5358035457110866,3.467178878389264,3.5292680263519287,206100,0.0,0.0
2009-09-04 00:00:00-04:00,3.525998407845098,3.6371049880981445,3.525998407845098,3.6371049880981445,160500,0.0,0.0
2009-09-08 00:00:00-04:00,3.6585087021733442,3.6914387001151323,3.642044017246185,3.688145637512207,165500,0.085,0.0
2009-09-09 00:00:00-04:00,3.67168066364714,3.674973726272583,3.6321648542730385,3.674973726272583,146000,0.0,0.0
2009-09-10 00:00:00-04:00,3.678268486077859,3.6881473644686364,3.625580715935203,3.671682357788086,125600,0.0,0.0
2009-09-11 00:00:00-04:00,3.684853080823703,3.688146143878752,3.6552164554595947,3.6552164554595947,104600,0.0,0.0
2009-09-14 00:00:00-04:00,3.6453383847453047,3.7013192176818848,3.6321664425275135,3.7013192176818848,136200,0.0,0.0
2009-09-15 00:00:00-04:00,3.721077473804965,3.737542480910186,3.698026338240099,3.7079055309295654,180400,0.0,0.0
2009-09-16 00:00:00-04:00,3.7572988153016817,3.8066938179113188,3.744126877414533,3.803400754928589,211900,0.0,0.0
2009-09-17 00:00:00-04:00,3.796814628963129,3.875846570329794,3.78693575405871,3.803400754928589,257400,0.0,0.0
2009-09-18 00:00:00-04:00,3.8198651873896545,3.8231579358386414,3.7375405093342198,3.754005193710327,117100,0.0,0.0
2009-09-21 00:00:00-04:00,3.7408338136749277,3.763884940505603,3.661802186368024,3.70461106300354,160500,0.0,0.0
2009-09-22 00:00:00-04:00,3.78364212805728,3.78364212805728,3.7079035749872675,3.754005193710327,138200,0.0,0.0
2009-09-23 00:00:00-04:00,3.7441276621717634,3.823159306059438,3.724369908221763,3.7836434841156006,266300,0.0,0.0
2009-09-24 00:00:00-04:00,3.809987819489629,3.819867011685878,3.6947334035949266,3.7013192176818848,132700,0.0,0.0
2009-09-25 00:00:00-04:00,3.688148137164727,3.727663973050598,3.678269256704246,3.7210781574249268,184200,0.0,0.0
2009-09-28 00:00:00-04:00,3.747419940397263,3.816572692815738,3.744126877414533,3.803400754928589,142500,0.0,0.0
2009-09-29 00:00:00-04:00,3.8363303901838073,3.8429165160592382,3.803400702937953,3.8198657035827637,130200,0.0,0.0
2009-09-30 00:00:00-04:00,3.819866503502895,3.8495031340172554,3.7836434316900673,3.790229558944702,149000,0.0,0.0
2009-10-01 00:00:00-04:00,3.783643630168201,3.8066947627247814,3.6848539144733023,3.7276628017425537,172200,0.0,0.0
2009-10-02 00:00:00-04:00,3.7342475463414844,3.7342475463414844,3.6387509298143974,3.691438674926758,242500,0.0,0.0
2009-10-05 00:00:00-04:00,3.694734798542749,3.790231494187498,3.694734798542749,3.786938428878784,134200,0.0,0.0
2009-10-06 00:00:00-04:00,3.796815845569014,3.8330389218983876,3.790230031537046,3.8001089096069336,136300,0.0,0.0
2009-10-07 00:00:00-04:00,3.808403131611934,3.8183556327902575,3.7884987620037887,3.7984509468078613,127600,0.085,0.0
2009-10-08 00:00:00-04:00,3.8415755579876745,3.8714324136590648,3.798449023837232,3.811718702316284,179300,0.0,0.0
2009-10-09 00:00:00-04:00,3.7818637612182395,3.8382600023984033,3.7818637612182395,3.7984509468078613,167500,0.0,0.0
2009-10-12 00:00:00-04:00,3.8117190700339894,3.818354068100641,3.7719100307564424,3.78849720954895,165900,0.0,0.0
2009-10-13 00:00:00-04:00,3.768594692798211,3.7951340675354,3.732103131628151,3.7951340675354004,164800,0.0,0.0
2009-10-14 00:00:00-04:00,3.815036815682309,3.858163356781006,3.781862455952806,3.858163356781006,277500,0.0,0.0
2009-10-15 00:00:00-04:00,3.897972707398205,3.897972707398205,3.8050849357215677,3.838258981704712,222200,0.0,0.0
2009-10-16 00:00:00-04:00,3.8415789878883575,3.8482139912388997,3.815039607234934,3.8283092975616455,243500,0.0,0.0
2009-10-19 00:00:00-04:00,3.8349417503102385,3.8813854773770364,3.8183545693403125,3.8448939323425293,138500,0.0,0.0
2009-10-20 00:00:00-04:00,3.8382597416243214,3.8747516107170563,3.8382597416243214,3.848212242126465,128400,0.0,0.0
2009-10-21 00:00:00-04:00,3.8548458697972534,3.904607409549822,3.8548458697972534,3.8780677318573,131700,0.0,0.0
2009-10-22 00:00:00-04:00,3.8946549892425533,3.941099030660597,3.888020306968061,3.8946549892425537,192700,0.0,0.0
2009-10-23 00:00:00-04:00,3.9112428384370617,3.941099704714125,3.888020971943436,3.9012906551361084,131500,0.0,0.0
2009-10-26 00:00:00-04:00,3.934464629678066,3.9477343126169355,3.8647987151554517,3.8847033977508545,186800,0.0,0.0
2009-10-27 00:00:00-04:00,3.8614796223149086,3.8979711532592773,3.8084006004312267,3.8979711532592773,198200,0.0,0.0
2009-10-28 00:00:00-04:00,3.8714352117605966,3.8913395856781277,3.665754888491633,3.669072389602661,237900,0.0,0.0
2009-10-29 00:00:00-04:00,3.715513812686387,3.78849720954895,3.632578235097967,3.78849720954895,243300,0.0,0.0
2009-10-30 00:00:00-04:00,3.791813052318522,3.83162207420749,3.6491638199358984,3.6524813175201416,294100,0.0,0.0
2009-11-02 00:00:00-05:00,3.675706291630659,3.732102532994742,3.6558019219576012,3.708880662918091,206600,0.0,0.0
2009-11-03 00:00:00-05:00,3.692291578535322,3.758639970616666,3.672386902723874,3.7420527935028076,127500,0.0,0.0
2009-11-04 00:00:00-05:00,3.7652749858266463,3.831623378221908,3.7652749858266463,3.811718702316284,162900,0.0,0.0
2009-11-05 00:00:00-05:00,3.8548478368990957,3.8548478368990957,3.80840377270478,3.8183562755584717,160900,0.0,0.0
2009-11-06 00:00:00-05:00,3.7832615103096465,3.8768406489319354,3.776577468252549,3.8701562881469727,179800,0.085,0.0
2009-11-09 00:00:00-05:00,3.8835264368854356,3.9069210726944776,3.8534474372863765,3.853447437286377,187300,0.0,0.0
2009-11-10 00:00:00-05:00,3.8601296613889677,3.8902086443151096,3.80665605562153,3.833392858505249,114700,0.0,0.0
2009-11-11 00:00:00-05:00,3.863473811988741,3.9102630815361104,3.863473811988741,3.8902106285095215,195000,0.0,0.0
2009-11-12 00:00:00-05:00,3.890210190278001,3.9002364156618428,3.8734996021529597,3.8768417835235596,153200,0.0,0.0
2009-11-13 00:00:00-05:00,3.893550849885619,3.9002352105614753,3.8634721830278442,3.886866807937622,122000,0.0,0.0
2009-11-16 00:00:00-05:00,3.9236308835142206,3.9269730647448804,3.8300520401513585,3.850104808807373,177300,0.0,0.0
2009-11-17 00:00:00-05:00,3.8768417835235596,3.9002364156618428,3.8434206072734765,3.8768417835235596,239500,0.0,0.0
2009-11-18 00:00:00-05:00,3.870157827119804,3.9269736414734036,3.8501053742467644,3.9202892780303955,174100,0.0,0.0
2009-11-19 00:00:00-05:00,3.900237884078958,3.900237884078958,3.803316818937044,3.813343048095703,242000,0.0,0.0
2009-11-20 00:00:00-05:00,3.7966301639339393,3.816682928885526,3.749840910260047,3.7665514945983887,212200,0.0,0.0
2009-11-23 00:00:00-05:00,3.7866065637666364,3.8200277555938444,3.7531853719394284,3.776580333709717,262100,0.0,0.0
2009-11-24 00:00:00-05:00,3.75652426769332,3.7966294715547497,3.7431558664061773,3.7632086277008057,215700,0.0,0.0
2009-11-25 00:00:00-05:00,3.786605596542358,3.8033161881875244,3.7698950048971915,3.7866055965423584,152200,0.0,0.0
2009-11-27 00:00:00-05:00,3.709738214338674,3.7431590869472853,3.6662907930921875,3.739816904067993,215700,0.0,0.0
2009-11-30 00:00:00-05:00,3.7264467899156926,3.759867965993484,3.6896837512124874,3.753183603286743,287900,0.0,0.0
2009-12-01 00:00:00-05:00,3.776577072695388,3.8400768998622627,3.776577072695388,3.833392858505249,126600,0.0,0.0
2009-12-02 00:00:00-05:00,3.8267098589206987,3.873499439966102,3.820025815187324,3.850104808807373,145600,0.0,0.0
2009-12-03 00:00:00-05:00,3.8618910954420205,3.8820926122562995,3.791185144397404,3.8046529293060303,183900,0.085,0.0
2009-12-04 00:00:00-05:00,3.8282214726217956,3.8484233105333945,3.7743503329872916,3.8046529293060303,199100,0.0,0.0
2009-12-07 00:00:00-05:00,3.8046497533477344,3.824851253298668,3.8012827296568945,3.808016777038574,181000,0.0,0.0
2009-12-08 00:00:00-05:00,3.7945492690222427,3.8383192956792156,3.787815221169124,3.8349525928497314,286900,0.0,0.0
2009-12-09 00:00:00-05:00,3.8416870414201516,3.8450540659793413,3.8012837100012833,3.838320016860962,209600,0.0,0.0
2009-12-10 00:00:00-05:00,3.885458070522138,3.885458070522138,3.8349539777734143,3.8820910453796387,229700,0.0,0.0
2009-12-11 00:00:00-05:00,3.87199068069458,3.8820914360413434,3.8450551190383955,3.87199068069458,311200,0.0,0.0
2009-12-14 00:00:00-05:00,3.885458070522138,3.8888250956646373,3.861889536719026,3.8820910453796387,207600,0.0,0.0
2009-12-15 00:00:00-05:00,3.8416863196057753,3.8686218688241008,3.8282185449966124,3.8349525928497314,320300,0.0,0.0
2009-12-16 00:00:00-05:00,3.861888659362604,3.8787234601533243,3.8551546106074692,3.875356435775757,161000,0.0,0.0
2009-12-17 00:00:00-05:00,3.855155866523828,3.8787247237478457,3.8450551111976616,3.858522891998291,223700,0.0,0.0
2009-12-18 00:00:00-05:00,3.8686233995004176,3.878724475276731,3.824853034427997,3.845054864883423,219200,0.0,0.0
2009-12-21 00:00:00-05:00,3.855155866523828,3.8989262344001783,3.855155866523828,3.858522891998291,179200,0.0,0.0
2009-12-22 00:00:00-05:00,3.8652538090161563,3.898923397064209,3.8652538090161563,3.898923397064209,139200,0.0,0.0
2009-12-23 00:00:00-05:00,3.8820917872347125,3.9426969669923855,3.8820917872347125,3.9359629154205322,187000,0.0,0.0
2009-12-24 00:00:00-05:00,3.949427690996403,3.96626248601343,3.929226193853576,3.9561617374420166,84400,0.0,0.0
2009-12-28 00:00:00-05:00,3.9561645200480013,3.9696323013149137,3.9460637643721257,3.959531545639038,131100,0.0,0.0
2009-12-29 00:00:00-05:00,3.978181738541558,3.984964812620241,3.927309976690528,3.9374842643737793,171300,0.085,0.0
2009-12-30 00:00:00-05:00,3.9340941188705907,3.964616990207263,3.8933963102186366,3.900179386138916,149300,0.0,0.0
2009-12-31 00:00:00-05:00,3.900181237375075,3.944270281479343,3.900181237375075,3.9137470722198486,105000,0.0,0.0
2010-01-04 00:00:00-05:00,3.951050089096372,3.9680074508583063,3.9103526149285934,3.9374842643737793,227700,0.0,0.0
2010-01-05 00:00:00-05:00,3.9510527587726756,3.995141799770203,3.9476615428767063,3.9815759658813477,158600,0.0,0.0
2010-01-06 00:00:00-05:00,3.9951426848606975,4.001925765025356,3.9747940912368502,3.9883599281311035,267400,0.0,0.0
2010-01-07 00:00:00-05:00,3.991750076993966,4.049404621124268,3.988358538093668,4.049404621124268,196700,0.0,0.0
2010-01-08 00:00:00-05:00,4.035836638406626,4.117231911466414,4.035836638406626,4.110448837280273,237800,0.0,0.0
2010-01-11 00:00:00-05:00,4.117235276586061,4.140975408771399,4.086712064670601,4.100277900695801,161900,0.0,0.0
2010-01-12 00:00:00-05:00,4.066362019765781,4.0968852232055415,4.059579265354142,4.0867109298706055,126700,0.0,0.0
2010-01-13 00:00:00-05:00,4.090102468793902,4.110451055463773,4.066362019765781,4.0867109298706055,139800,0.0,0.0
2010-01-14 00:00:00-05:00,4.09010148143235,4.120624354068854,4.08331840522321,4.107058525085449,144900,0.0,0.0
2010-01-15 00:00:00-05:00,4.127406419590937,4.130797956865013,4.073143116944894,4.103666305541992,152800,0.0,0.0
2010-01-19 00:00:00-05:00,4.117231614665173,4.134188652038574,4.0799253562002775,4.134188652038574,130000,0.0,0.0
2010-01-20 00:00:00-05:00,4.127408888003965,4.140974721778576,4.093494141849944,4.096885681152344,169200,0.0,0.0
2010-01-21 00:00:00-05:00,4.086709005696665,4.113840657438543,4.02566262756004,4.029054164886475,173800,0.0,0.0
2010-01-22 00:00:00-05:00,4.008706159373415,4.042620893340195,3.944268552958381,3.9849660396575928,190100,0.0,0.0
2010-01-25 00:00:00-05:00,3.9781827908748753,3.988357404684352,3.9442683818145325,3.961225748062134,155700,0.0,0.0
2010-01-26 00:00:00-05:00,3.940877131928889,3.9747918669030238,3.88661381471818,3.9646172523498535,226600,0.0,0.0
2010-01-27 00:00:00-05:00,3.9815768479664446,3.9917514682134327,3.9273135003894333,3.9883599281311035,152400,0.0,0.0
2010-01-28 00:00:00-05:00,3.991749927644837,4.001924220530112,3.890006028487261,3.9103546142578125,176200,0.0,0.0
2010-01-29 00:00:00-05:00,3.9239204459164934,3.9273119846898985,3.8560912876230895,3.9103546142578125,331700,0.0,0.0
2010-02-01 00:00:00-05:00,3.9510530371842223,3.9510530371842223,3.8933981582351804,3.9137470722198486,155900,0.0,0.0
2010-02-02 00:00:00-05:00,3.9137461272424887,3.9883583625910624,3.9137461272424887,3.9781837463378906,184600,0.0,0.0
2010-02-03 00:00:00-05:00,3.9781844116077187,3.9985333240820635,3.954444283250142,3.9747931957244873,131700,0.0,0.0
2010-02-04 00:00:00-05:00,3.9646166645427092,3.9646166645427092,3.9137448930588072,3.9171364307403564,293300,0.0,0.0
2010-02-05 00:00:00-05:00,3.9222622618384504,3.9222622618384504,3.6489341309898595,3.8197643756866455,667400,0.085,0.0
2010-02-08 00:00:00-05:00,3.819763912361545,3.8334303172462834,3.7855977372333016,3.8060975074768066,162700,0.0,0.0
2010-02-09 00:00:00-05:00,3.8231795670169553,3.8641790999737116,3.812929846694133,3.8402626514434814,218900,0.0,0.0
2010-02-10 00:00:00-05:00,3.8573481503048694,3.874431245424239,3.8129322333276834,3.826598644256592,143200,0.0,0.0
2010-02-11 00:00:00-05:00,3.840263647855452,3.871013142635054,3.8197642018909304,3.8505136966705322,159600,0.0,0.0
2010-02-12 00:00:00-05:00,3.853930053776073,3.8744298255734138,3.8197642018909304,3.8505136966705322,117000,0.0,0.0
2010-02-16 00:00:00-05:00,3.8778458713908908,3.915428400039673,3.857346102961613,3.915428400039673,191300,0.0,0.0
2010-02-17 00:00:00-05:00,3.922262854703307,3.9666787641380443,3.9017634047075105,3.929096221923828,244700,0.0,0.0
2010-02-18 00:00:00-05:00,3.9188461660374556,3.963262071721928,3.898346391939678,3.9256792068481445,195000,0.0,0.0
2010-02-19 00:00:00-05:00,3.9359299950118767,3.976929225064136,3.915430217069289,3.949596405029297,139900,0.0,0.0
2010-02-22 00:00:00-05:00,3.966681044469426,3.997430562973022,3.959847999153666,3.9974305629730225,132600,0.0,0.0
2010-02-23 00:00:00-05:00,4.0076762032927995,4.011092885379862,3.9598439574048694,3.9769270420074463,220100,0.0,0.0
2010-02-24 00:00:00-05:00,4.004259481556878,4.021342564600228,3.9905930802887406,4.014509201049805,152000,0.0,0.0
2010-02-25 00:00:00-05:00,3.99059577928872,4.017928600311279,3.9769293687774407,4.017928600311279,129700,0.0,0.0
2010-02-26 00:00:00-05:00,4.004262552759669,4.031595376259765,3.9974291839681655,4.028178691864014,142200,0.0,0.0
2010-03-01 00:00:00-05:00,4.052092857089129,4.086259032737501,4.038426451996339,4.0828423500061035,239800,0.0,0.0
2010-03-02 00:00:00-05:00,4.076009941278429,4.123842203590475,4.072593258018184,4.117009162902832,198100,0.0,0.0
2010-03-03 00:00:00-05:00,4.127258517410924,4.130675200365336,4.106759071350098,4.106759071350098,178700,0.0,0.0
2010-03-04 00:00:00-05:00,4.110173503102185,4.134089946746826,4.103340466227051,4.134089946746826,267500,0.0,0.0
2010-03-05 00:00:00-05:00,4.12725674883518,4.164839267730713,4.113590348706561,4.164839267730713,210000,0.0,0.0
2010-03-08 00:00:00-05:00,4.158006627844241,4.212672233581543,4.158006627844241,4.212672233581543,256900,0.0,0.0
2010-03-09 00:00:00-05:00,4.207514456090307,4.210954857493367,4.169671024940852,4.204074382781982,179200,0.085,0.0
2010-03-10 00:00:00-05:00,4.197192612644906,4.204073413865202,4.155908789607113,4.17655086517334,230500,0.0,0.0
2010-03-11 00:00:00-05:00,4.16622992858226,4.190312406291825,4.145588179796555,4.1868720054626465,213200,0.0,0.0
2010-03-12 00:00:00-05:00,4.190311242229204,4.190311242229204,4.149027428031698,4.166228771209717,203000,0.0,0.0
2010-03-15 00:00:00-04:00,4.18343012893803,4.186870528553615,4.107742977867991,4.1318254470825195,286500,0.0,0.0
2010-03-16 00:00:00-04:00,4.149028316481478,4.179990937688827,4.131826641525398,4.17655086517334,225300,0.0,0.0
2010-03-17 00:00:00-04:00,4.1627905502294675,4.235037339220053,4.1627905502294675,4.204074382781982,343100,0.0,0.0
2010-03-18 00:00:00-04:00,4.210951815078175,4.262556814555229,4.204071345337934,4.241914749145508,259900,0.0,0.0
2010-03-19 00:00:00-04:00,4.1868720054626465,4.2487979080091245,4.155909054189408,4.1868720054626465,217800,0.0,0.0
2010-03-22 00:00:00-04:00,4.155909054189408,4.207513754248352,4.135267305403702,4.1868720054626465,169400,0.0,0.0
2010-03-23 00:00:00-04:00,4.197190955572716,4.252236031224366,4.197190955572716,4.221273422241211,223300,0.0,0.0
2010-03-24 00:00:00-04:00,4.2212741876145286,4.248796730430557,4.214393387863225,4.22815465927124,169900,0.0,0.0
2010-03-25 00:00:00-04:00,4.252237261499092,4.262558462240847,4.221274643557705,4.231595516204834,165100,0.0,0.0
2010-03-26 00:00:00-04:00,4.231593377590967,4.2487950420390135,4.135264516014148,4.179988384246826,202500,0.0,0.0
2010-03-29 00:00:00-04:00,4.200632818850752,4.221274893461668,4.179990744239835,4.2143940925598145,124700,0.0,0.0
2010-03-30 00:00:00-04:00,4.228156301872499,4.241917578626647,4.210954623906133,4.217835426330566,159900,0.0,0.0
2010-03-31 00:00:00-04:00,4.217835235667589,4.248798188988454,4.217835235667589,4.224715709686279,153000,0.0,0.0
2010-04-01 00:00:00-04:00,4.259117872028755,4.2659983441217495,4.207512854905541,4.238475799560547,151600,0.0,0.0
2010-04-05 00:00:00-04:00,4.358888658403929,4.358888658403929,4.300403149325524,4.3244853019714355,465400,0.0,0.0
2010-04-06 00:00:00-04:00,4.317605953078907,4.348568916320801,4.317605953078907,4.348568916320801,294200,0.0,0.0
2010-04-07 00:00:00-04:00,4.362327138147096,4.379528480691768,4.334804596362127,4.3554463386535645,225400,0.0,0.0
2010-04-08 00:00:00-04:00,4.35544541297805,4.382967948913574,4.348564943041423,4.382967948913574,227200,0.0,0.0
2010-04-09 00:00:00-04:00,4.398555827145407,4.408946024173361,4.374311923980713,4.374311923980713,227400,0.085,0.0
2010-04-12 00:00:00-04:00,4.408944189447466,4.408944189447466,4.384700296371558,4.391627311706543,237400,0.0,0.0
2010-04-13 00:00:00-04:00,4.4054851616606605,4.408948342291897,4.377777734819283,4.398558139801025,258300,0.0,0.0
2010-04-14 00:00:00-04:00,4.422802386011168,4.422802386011168,4.3847044263803365,4.398558139801025,263900,0.0,0.0
2010-04-15 00:00:00-04:00,4.391625115857191,4.412405490875244,4.384698103985769,4.412405490875244,287100,0.0,0.0
2010-04-16 00:00:00-04:00,4.412407699064972,4.429724907111818,4.3673830902624795,4.384700298309326,236600,0.0,0.0
2010-04-19 00:00:00-04:00,4.37431010366735,4.402017504410751,4.370846595999858,4.391627311706543,257900,0.0,0.0
2010-04-20 00:00:00-04:00,4.398554646518897,4.426262051355368,4.391627960458939,4.41933536529541,236300,0.0,0.0
2010-04-21 00:00:00-04:00,4.429728265980383,4.45050899745337,4.426264755685132,4.433191776275635,234100,0.0,0.0
2010-04-22 00:00:00-04:00,4.436650935182899,4.464358329772949,4.436650935182899,4.464358329772949,174100,0.0,0.0
2010-04-23 00:00:00-04:00,4.467823265419701,4.485140476431069,4.457433070932212,4.471286773681641,262900,0.0,0.0
2010-04-26 00:00:00-04:00,4.4678259631939685,4.48860669501515,4.4678259631939685,4.485143184661865,198000,0.0,0.0
2010-04-27 00:00:00-04:00,4.4816752036680825,4.5059194216580245,4.443577618681313,4.464358329772949,202600,0.0,0.0
2010-04-28 00:00:00-04:00,4.48513928000322,4.48513928000322,4.453968374557381,4.4747490882873535,202100,0.0,0.0
2010-04-29 00:00:00-04:00,4.509385112702288,4.523238816707432,4.488604391545393,4.502458095550537,232400,0.0,0.0
2010-04-30 00:00:00-04:00,4.498996022345677,4.5093865513883244,4.481678804239729,4.495532512664795,111800,0.0,0.0
2010-05-03 00:00:00-04:00,4.505922161742593,4.523239376466649,4.505922161742593,4.519775867462158,168700,0.0,0.0
2010-05-04 00:00:00-04:00,4.495531078398787,4.509385112702288,4.488604391545393,4.502458095550537,148600,0.0,0.0
2010-05-05 00:00:00-04:00,4.485140915244582,4.485140915244582,4.329286661490593,4.339676856994629,337000,0.0,0.0
2010-05-06 00:00:00-04:00,4.329286303993425,4.350067023583859,3.494599957431226,4.038358211517334,1530700,0.0,0.0
2010-05-07 00:00:00-04:00,4.055676695981216,4.100701327313015,3.8859686988602746,4.059140205383301,476000,0.0,0.0
2010-05-10 00:00:00-04:00,4.189967951918909,4.273697454857196,4.179501514518022,4.245787620544434,258500,0.085,0.0
2010-05-11 00:00:00-04:00,4.266717433929443,4.273695054945055,4.2213642281730985,4.266717433929443,177500,0.0,0.0
2010-05-12 00:00:00-04:00,4.280674103733118,4.343471050262451,4.277185292061657,4.343471050262451,187800,0.0,0.0
2010-05-13 00:00:00-04:00,4.353934880213601,4.357423690064226,4.277183059767178,4.298115253448486,197700,0.0,0.0
2010-05-14 00:00:00-04:00,4.277185310185464,4.284162600846558,4.189967014297725,4.235320568084717,312200,0.0,0.0
2010-05-17 00:00:00-04:00,4.256251939995782,4.256251939995782,4.0573943707481055,4.113214015960693,340800,0.0,0.0
2010-05-18 00:00:00-04:00,4.162055616454233,4.210897630794639,4.106235981373043,4.116702079772949,256900,0.0,0.0
2010-05-19 00:00:00-04:00,4.123681446990143,4.26323093776617,3.977154664666606,4.238809585571289,837500,0.0,0.0
2010-05-20 00:00:00-04:00,4.141125801168124,4.141125801168124,3.896914571268513,4.015531539916992,347400,0.0,0.0
2010-05-21 00:00:00-04:00,3.9527331015575804,4.0504174987681045,3.875980908822187,4.0120415687561035,339600,0.0,0.0
2010-05-24 00:00:00-04:00,3.9771526384594327,4.064370900993291,3.9771526384594327,4.039949893951416,229900,0.0,0.0
2010-05-25 00:00:00-04:00,3.9666884217582816,4.019019603729248,3.869004014541806,4.019019603729248,367200,0.0,0.0
2010-05-26 00:00:00-04:00,4.046927366985444,4.130656816112004,3.9980850219726567,3.9980850219726562,226400,0.0,0.0
2010-05-27 00:00:00-04:00,4.106235566049439,4.113212853373239,4.060882033955421,4.099257946014404,257100,0.0,0.0
2010-05-28 00:00:00-04:00,4.095769135996887,4.127167760732072,4.0713481312967374,4.099257946014404,153500,0.0,0.0
2010-06-01 00:00:00-04:00,4.0608828390500395,4.092281137298891,4.022506586671496,4.0469279289245605,158000,0.0,0.0
2010-06-02 00:00:00-04:00,4.057394027709961,4.067860127124618,4.005062865214075,4.057394027709961,278300,0.0,0.0
2010-06-03 00:00:00-04:00,4.085305279654856,4.106237818531294,4.057395449627216,4.078327655792236,206800,0.0,0.0
2010-06-04 00:00:00-04:00,4.029485294292973,4.102748675378715,3.9980866548688856,4.0120415687561035,187300,0.0,0.0
2010-06-07 00:00:00-04:00,4.036460936311182,4.04343855676069,3.9876189240096505,3.9980850219726562,144200,0.0,0.0
2010-06-08 00:00:00-04:00,3.989298574846644,4.0174169511375775,3.936576367903029,3.999842882156372,178700,0.085,0.0
2010-06-09 00:00:00-04:00,4.034992251994032,4.049051780797293,3.9893001241738957,4.003359317779541,154600,0.0,0.0
2010-06-10 00:00:00-04:00,4.0349919981065225,4.056080954786851,3.9998441839027676,4.031477451324463,154500,0.0,0.0
2010-06-11 00:00:00-04:00,4.027962678049745,4.07365513942559,4.024447795975233,4.063110828399658,98000,0.0,0.0
2010-06-14 00:00:00-04:00,4.077169648454558,4.119347223896803,4.056080693134649,4.0701398849487305,133900,0.0,0.0
2010-06-15 00:00:00-04:00,4.112317313027642,4.140435695648193,4.073654620723773,4.140435695648193,249300,0.0,0.0
2010-06-16 00:00:00-04:00,4.126375201085386,4.175582522728752,4.115830894732327,4.172067642211914,250400,0.0,0.0
2010-06-17 00:00:00-04:00,4.15449486585858,4.196672439575195,4.15449486585858,4.196672439575195,156800,0.0,0.0
2010-06-18 00:00:00-04:00,4.2142462820146935,4.224790926265502,4.182613019657349,4.203701972961426,150300,0.0,0.0
2010-06-21 00:00:00-04:00,4.242364788209439,4.245879669730151,4.161524524418372,4.189642906188965,140300,0.0,0.0
2010-06-22 00:00:00-04:00,4.182613248336324,4.231820585271155,4.17206893870656,4.196672439575195,155500,0.0,0.0
2010-06-23 00:00:00-04:00,4.224791865490256,4.252910252681738,4.175584520306356,4.249395370483398,147100,0.0,0.0
2010-06-24 00:00:00-04:00,4.21073199912821,4.24588014789859,4.203702570492688,4.224791526794434,177200,0.0,0.0
2010-06-25 00:00:00-04:00,4.252908935498274,4.263453243629961,4.231819984037389,4.245879173278809,344600,0.0,0.0
2010-06-28 00:00:00-04:00,4.270481473025405,4.281026113397433,4.245877982552175,4.273996353149414,234900,0.0,0.0
2010-06-29 00:00:00-04:00,4.2423652554919205,4.259939329833655,4.182613603848576,4.235335826873779,191500,0.0,0.0
2010-06-30 00:00:00-04:00,4.242365018154487,4.242365018154487,4.200187443212485,4.217761516571045,177200,0.0,0.0
2010-07-01 00:00:00-04:00,4.189642791457621,4.210731409609289,4.1298911480319935,4.19315767288208,197200,0.0,0.0
2010-07-02 00:00:00-04:00,4.172068833782957,4.189642906188965,4.143950452012364,4.189642906188965,138800,0.0,0.0
2010-07-06 00:00:00-04:00,4.207217206634937,4.242365018154487,4.182613369853925,4.217761516571045,191700,0.0,0.0
2010-07-07 00:00:00-04:00,4.210732218188082,4.2353360576863786,4.186128713887393,4.228306293487549,211000,0.0,0.0
2010-07-08 00:00:00-04:00,4.237156718113627,4.293793678283691,4.237156718113627,4.293793678283691,189000,0.085,0.0
2010-07-09 00:00:00-04:00,4.265475859269081,4.293794343742959,4.247776722077167,4.286714553833008,117700,0.0,0.0
2010-07-12 00:00:00-04:00,4.304412283748442,4.304412283748442,4.265474464722859,4.269014358520508,100400,0.0,0.0
2010-07-13 00:00:00-04:00,4.315031051635742,4.325650731611292,4.293792366850258,4.315031051635742,125200,0.0,0.0
2010-07-14 00:00:00-04:00,4.286714553833008,4.307953585979898,4.2760952065510445,4.286714553833008,158400,0.0,0.0
2010-07-15 00:00:00-04:00,4.300873129513493,4.300873129513493,4.261935303792302,4.293793678283691,111100,0.0,0.0
2010-07-16 00:00:00-04:00,4.293792399937947,4.315031084887094,4.286712613233023,4.300871849060059,136700,0.0,0.0
2010-07-19 00:00:00-04:00,4.315033038306885,4.329192280543824,4.286714553833008,4.286714553833008,180300,0.0,0.0
2010-07-20 00:00:00-04:00,4.25131469245684,4.322110871592018,4.25131469245684,4.300871849060059,140800,0.0,0.0
2010-07-21 00:00:00-04:00,4.30441174241252,4.322110871592018,4.279633164110911,4.300871849060059,138500,0.0,0.0
2010-07-22 00:00:00-04:00,4.336270519295279,4.385828018188477,4.329190731917889,4.385828018188477,180600,0.0,0.0
2010-07-23 00:00:00-04:00,4.382287945109337,4.39644718170166,4.364588814973226,4.39644718170166,102900,0.0,0.0
2010-07-26 00:00:00-04:00,4.392906971145133,4.460163593292236,4.392906971145133,4.460163593292236,227500,0.0,0.0
2010-07-27 00:00:00-04:00,4.502641300003815,4.502641300003815,4.442464464433377,4.460163593292236,192500,0.0,0.0
2010-07-28 00:00:00-04:00,4.474323791341309,4.474323791341309,4.446005314108626,4.4637041091918945,213500,0.0,0.0
2010-07-29 00:00:00-04:00,4.470784664154053,4.4743245588110465,4.446006076720965,4.470784664154053,183400,0.0,0.0
2010-07-30 00:00:00-04:00,4.449543291804992,4.470782310984992,4.449543291804992,4.456623077392578,151900,0.0,0.0
2010-08-02 00:00:00-04:00,4.492022003303493,4.506181240081787,4.4672434233371865,4.506181240081787,165700,0.0,0.0
2010-08-03 00:00:00-04:00,4.506179839371638,4.513259624351507,4.488481052087423,4.492020606994629,208800,0.0,0.0
2010-08-04 00:00:00-04:00,4.506179626213184,4.513259410858154,4.492020394505958,4.513259410858154,205000,0.0,0.0
2010-08-05 00:00:00-04:00,4.5061815657404605,4.513261353432676,4.488482771675638,4.4991021156311035,137400,0.0,0.0
2010-08-06 00:00:00-04:00,4.493752490102895,4.536516153800351,4.4901891063529815,4.518698215484619,148800,0.085,0.0
2010-08-09 00:00:00-04:00,4.522262090352134,4.543644094450642,4.515134982222915,4.532953262329102,158600,0.0,0.0
2010-08-10 00:00:00-04:00,4.511572516926266,4.5400816371078285,4.504445406808636,4.515136241912842,229800,0.0,0.0
2010-08-11 00:00:00-04:00,4.490191429751399,4.497318540794457,4.404663718245757,4.408227443695068,237000,0.0,0.0
2010-08-12 00:00:00-04:00,4.38328204526102,4.408227443695068,4.344081745029729,4.408227443695068,314100,0.0,0.0
2010-08-13 00:00:00-04:00,4.422480926773688,4.4474263191223145,4.397535534425062,4.4474263191223145,114900,0.0,0.0
2010-08-16 00:00:00-04:00,4.401102240682383,4.461684240162809,4.401102240682383,4.43673849105835,117700,0.0,0.0
2010-08-17 00:00:00-04:00,4.4723738014916306,4.4723738014916306,4.422482657415094,4.454555511474609,113500,0.0,0.0
2010-08-18 00:00:00-04:00,4.447426497264185,4.479499340057373,4.440299387674307,4.479499340057373,126800,0.0,0.0
2010-08-19 00:00:00-04:00,4.479503307795776,4.490194491433595,4.461685348111002,4.483067035675049,123600,0.0,0.0
2010-08-20 00:00:00-04:00,4.483064955919137,4.483064955919137,4.458119552048337,4.475937843322754,313300,0.0,0.0
2010-08-23 00:00:00-04:00,4.490190514225432,4.504445073260683,4.461681396154931,4.479499340057373,272700,0.0,0.0
2010-08-24 00:00:00-04:00,4.454554704845453,4.468809266306736,4.433172692725751,4.443863868713379,155700,0.0,0.0
2010-08-25 00:00:00-04:00,4.426046235716458,4.465246200561523,4.40110083443829,4.465246200561523,196200,0.0,0.0
2010-08-26 00:00:00-04:00,4.433171916372634,4.450990200042725,4.422481082112778,4.450990200042725,154700,0.0,0.0
2010-08-27 00:00:00-04:00,4.443865778482096,4.458120346069336,4.418920030312653,4.458120346069336,283100,0.0,0.0
2010-08-30 00:00:00-04:00,4.4367367390430905,4.454555027122697,4.426045902137558,4.440300464630127,132200,0.0,0.0
2010-08-31 00:00:00-04:00,4.422482657415094,4.454555511474609,4.4082280933726,4.454555511474609,136000,0.0,0.0
2010-09-01 00:00:00-04:00,4.4474263191223145,4.458117492862138,4.4331717606580305,4.4474263191223145,247900,0.0,0.0
2010-09-02 00:00:00-04:00,4.450992892347867,4.458120346069336,4.408229189586148,4.458120346069336,265300,0.0,0.0
2010-09-03 00:00:00-04:00,4.4367367390430905,4.4723733152023035,4.4367367390430905,4.440300464630127,266200,0.0,0.0
2010-09-07 00:00:00-04:00,4.418917655944824,4.4438633907104546,4.411790545908585,4.418917655944824,379200,0.0,0.0
2010-09-08 00:00:00-04:00,4.478124143207981,4.481712465967273,4.4171243673064895,4.424300670623779,324800,0.085,0.0
2010-09-09 00:00:00-04:00,4.453007374193457,4.463772002218203,4.424301471326563,4.43865442276001,183600,0.0,0.0
2010-09-10 00:00:00-04:00,4.442241723238542,4.474535942077637,4.438653400656137,4.474535942077637,87800,0.0,0.0
2010-09-13 00:00:00-04:00,4.474534277993857,4.492475542032232,4.453004692707577,4.467357635498047,160200,0.0,0.0
2010-09-14 00:00:00-04:00,4.467361962301935,4.4996562004089355,4.453009005610101,4.4996562004089355,161100,0.0,0.0
2010-09-15 00:00:00-04:00,4.506831092341053,4.506831092341053,4.463771896855723,4.485301494598389,260300,0.0,0.0
2010-09-16 00:00:00-04:00,4.4781238020771035,4.531947612762451,4.4781238020771035,4.531947612762451,181300,0.0,0.0
2010-09-17 00:00:00-04:00,4.524773477964102,4.571420669555664,4.517597171212338,4.571420669555664,194100,0.0,0.0
2010-09-20 00:00:00-04:00,4.571418243709514,4.603712462459003,4.564241940765892,4.596536159515381,207500,0.0,0.0
2010-09-21 00:00:00-04:00,4.596538387118747,4.6144793242730895,4.5750087834515165,4.610891342163086,240100,0.0,0.0
2010-09-22 00:00:00-04:00,4.6108884217092205,4.628829347500104,4.560652939771564,4.578594207763672,215400,0.0,0.0
2010-09-23 00:00:00-04:00,4.560655828407177,4.610891342163086,4.560655828407177,4.610891342163086,158100,0.0,0.0
2010-09-24 00:00:00-04:00,4.618065657999626,4.646771555714827,4.575006811426823,4.589359760284424,204400,0.0,0.0
2010-09-27 00:00:00-04:00,4.6073031041763475,4.610891428555025,4.571420544792465,4.575008869171143,169100,0.0,0.0
2010-09-28 00:00:00-04:00,4.589358831678447,4.607300099670554,4.560652939771564,4.578594207763672,132200,0.0,0.0
2010-09-29 00:00:00-04:00,4.582184454930663,4.621654987335205,4.5714194842919404,4.621654987335205,131700,0.0,0.0
2010-09-30 00:00:00-04:00,4.603714156280141,4.646773016388128,4.600125832387459,4.632420063018799,222300,0.0,0.0
2010-10-01 00:00:00-04:00,4.636006601075537,4.643182903895118,4.618065330724682,4.6288299560546875,229900,0.0,0.0
2010-10-04 00:00:00-04:00,4.625243310881446,4.6467725677561535,4.614478340242724,4.621654987335205,158400,0.0,0.0
2010-10-05 00:00:00-04:00,4.625243186950684,4.639596138549699,4.6180665400504965,4.625243186950684,179500,0.0,0.0
2010-10-06 00:00:00-04:00,4.625241205529065,4.657535076141357,4.610888260078753,4.657535076141357,218300,0.0,0.0
2010-10-07 00:00:00-04:00,4.67379058201579,4.688238143920898,4.648507434796111,4.688238143920898,165600,0.085,0.0
2010-10-08 00:00:00-04:00,4.670178952490658,4.681014537811279,4.655731390577479,4.681014537811279,150800,0.0,0.0
2010-10-11 00:00:00-04:00,4.684628009796143,4.684628009796143,4.655732876746096,4.684628009796143,125300,0.0,0.0
2010-10-12 00:00:00-04:00,4.66295499670122,4.688238143920898,4.66295499670122,4.688238143920898,114900,0.0,0.0
2010-10-13 00:00:00-04:00,4.681014537811279,4.717133614822748,4.6737905846261665,4.681014537811279,273600,0.0,0.0
2010-10-14 00:00:00-04:00,4.677404297489916,4.7135233879089355,4.670180686080418,4.7135233879089355,149900,0.0,0.0
2010-10-15 00:00:00-04:00,4.727969200143369,4.727969200143369,4.662954999305545,4.681014537811279,222400,0.0,0.0
2010-10-18 00:00:00-04:00,4.684628009796143,4.709911165100644,4.6665684655255735,4.684628009796143,157300,0.0,0.0
2010-10-19 00:00:00-04:00,4.670178822829265,4.695461969361111,4.6593428933524415,4.673790454864502,160000,0.0,0.0
2010-10-20 00:00:00-04:00,4.677402558606329,4.691850120511438,4.65211941138665,4.688238143920898,264900,0.0,0.0
2010-10-21 00:00:00-04:00,4.699073916764502,4.727969039609752,4.691849963824672,4.720745086669922,136200,0.0,0.0
2010-10-22 00:00:00-04:00,4.720746708469163,4.7315826416015625,4.709911119793917,4.7315826416015625,120700,0.0,0.0
2010-10-25 00:00:00-04:00,4.724356368450802,4.749639511108398,4.720744392512007,4.749639511108398,143900,0.0,0.0
2010-10-26 00:00:00-04:00,4.7388058989382795,4.760477419128714,4.73519392149702,4.746029853820801,146800,0.0,0.0
2010-10-27 00:00:00-04:00,4.7388039277489975,4.764087070406594,4.7171327610301965,4.749639511108398,144500,0.0,0.0
2010-10-28 00:00:00-04:00,4.746030325624085,4.767701503511725,4.727970781079611,4.753253936767578,127900,0.0,0.0
2010-10-29 00:00:00-04:00,4.7532535195207695,4.785760627955875,4.746029909011375,4.764089107513428,212500,0.0,0.0
2010-11-01 00:00:00-04:00,4.78214604297984,4.785758018493652,4.760474878810852,4.785758018493652,181500,0.0,0.0
2010-11-02 00:00:00-04:00,4.7857593866041945,4.7929833396969395,4.756864263147299,4.774923801422119,247200,0.0,0.0
2010-11-03 00:00:00-04:00,4.764089107513428,4.771313062479954,4.735193976561585,4.764089107513428,190100,0.0,0.0
2010-11-04 00:00:00-04:00,4.771313264627803,4.839939117431641,4.76047767617607,4.839939117431641,309500,0.0,0.0
2010-11-05 00:00:00-04:00,4.9049520158929525,4.9049520158929525,4.836326181573687,4.8543853759765625,611100,0.0,0.0
2010-11-08 00:00:00-05:00,4.852567236055078,4.888915845274432,4.841662341304872,4.870741367340088,144500,0.085,0.0
2010-11-09 00:00:00-05:00,4.870742214448592,4.91436110773685,4.8525680800027775,4.903456211090088,199900,0.0,0.0
2010-11-10 00:00:00-05:00,4.881648415024548,4.881648415024548,4.838029856734802,4.859838962554932,153000,0.0,0.0
2010-11-11 00:00:00-05:00,4.827124010355276,4.848933458547062,4.827124010355276,4.838028907775879,174900,0.0,0.0
2010-11-12 00:00:00-05:00,4.8234879276919145,4.848931987321106,4.779869044542853,4.783504009246826,236800,0.0,0.0
2010-11-15 00:00:00-05:00,4.772600377621485,4.787139892578125,4.674458391677127,4.787139892578125,346600,0.0,0.0
2010-11-16 00:00:00-05:00,4.768963413723504,4.768963413723504,4.525426380270122,4.6090288162231445,387600,0.0,0.0
2010-11-17 00:00:00-05:00,4.569047326116597,4.732617320752758,4.561777741160223,4.703537940979004,201200,0.0,0.0
2010-11-18 00:00:00-05:00,4.703541852564792,4.718081381218404,4.663558235429786,4.674462795257568,214500,0.0,0.0
2010-11-19 00:00:00-05:00,4.667189415302888,4.7471569313027775,4.663554449428023,4.728982448577881,133800,0.0,0.0
2010-11-22 00:00:00-05:00,4.703536102478908,4.743520017383174,4.699901484746116,4.7326154708862305,141200,0.0,0.0
2010-11-23 00:00:00-05:00,4.71808030255846,4.728985206542841,4.670827105224652,4.685366630554199,274500,0.0,0.0
2010-11-24 00:00:00-05:00,4.688998150483958,4.707172631787263,4.681728565952275,4.696268081665039,161900,0.0,0.0
2010-11-26 00:00:00-05:00,4.678094631639844,4.768966711539568,4.678094631639844,4.765331745147705,94200,0.0,0.0
2010-11-29 00:00:00-05:00,4.754424771947166,4.758059736488318,4.732615677998851,4.74715518951416,171100,0.0,0.0
2010-11-30 00:00:00-05:00,4.725346024104045,4.754425048828125,4.710806511742006,4.754425048828125,127300,0.0,0.0
2010-12-01 00:00:00-05:00,4.754425897263339,4.787139892578125,4.739886382306699,4.787139892578125,163900,0.0,0.0
2010-12-02 00:00:00-05:00,4.765331306651608,4.779870824231687,4.73261765208351,4.739887237548828,157000,0.0,0.0
2010-12-03 00:00:00-05:00,4.668539764786348,4.741714298152779,4.668539764786348,4.727079391479492,156000,0.085,0.0
2010-12-06 00:00:00-05:00,4.697810137126688,4.727079953956085,4.690492508457469,4.719762325286865,164800,0.0,0.0
2010-12-07 00:00:00-05:00,4.712445785138208,4.756350517272949,4.697810874426628,4.756350517272949,187400,0.0,0.0
2010-12-08 00:00:00-05:00,4.749032491841418,4.767326215937899,4.697810483079786,4.730739116668701,174300,0.0,0.0
2010-12-09 00:00:00-05:00,4.716104943332271,4.7380571365356445,4.635612754097656,4.7380571365356445,196700,0.0,0.0
2010-12-10 00:00:00-05:00,4.7234222223915765,4.7234222223915765,4.650247663543972,4.690493583679199,166700,0.0,0.0
2010-12-13 00:00:00-05:00,4.672201035304356,4.675859502203506,4.588050015994023,4.606343746185303,334500,0.0,0.0
2010-12-14 00:00:00-05:00,4.584390373623527,4.588049188786889,4.44901735289349,4.481945991516113,498100,0.0,0.0
2010-12-15 00:00:00-05:00,4.463651782117804,4.4746278774975945,4.38681841661171,4.43438196182251,372000,0.0,0.0
2010-12-16 00:00:00-05:00,4.394137507742119,4.456335983789259,4.390478691757253,4.430724620819092,705600,0.0,0.0
2010-12-17 00:00:00-05:00,4.4270657144797,4.525851293801749,4.41243080091629,4.522192478179932,223900,0.0,0.0
2010-12-20 00:00:00-05:00,4.500240282296748,4.533168925045386,4.496581466674931,4.522192478179932,167100,0.0,0.0
2010-12-21 00:00:00-05:00,4.529509977209591,4.544144890345814,4.492922519907103,4.533168792724609,192900,0.0,0.0
2010-12-22 00:00:00-05:00,4.540488243103027,4.566099266090787,4.529512140240276,4.540488243103027,243000,0.0,0.0
2010-12-23 00:00:00-05:00,4.518535454181497,4.60268614680817,4.518535454181497,4.5953688621521,161500,0.0,0.0
2010-12-27 00:00:00-05:00,4.620978527520362,4.650248355414208,4.595367515344214,4.635613441467285,134900,0.0,0.0
2010-12-28 00:00:00-05:00,4.628294247905959,4.6502467858789345,4.606342058856737,4.617318153381348,151200,0.0,0.0
2010-12-29 00:00:00-05:00,4.615477559905584,4.663363643207594,4.608110659322916,4.637578964233398,185100,0.085,0.0
2010-12-30 00:00:00-05:00,4.655998118601586,4.667048648386278,4.6228461779574985,4.641263961791992,142700,0.0,0.0
2010-12-31 00:00:00-05:00,4.644946628978865,4.667048036942688,4.6265291988473,4.663364410400391,96300,0.0,0.0
2011-01-03 00:00:00-05:00,4.652313882063459,4.674414938737321,4.604427790883476,4.663364410400391,276400,0.0,0.0
2011-01-04 00:00:00-05:00,4.6302117123608255,4.641262590169685,4.586009254995103,4.637578964233398,345500,0.0,0.0
2011-01-05 00:00:00-05:00,4.644946706763204,4.644946706763204,4.5712759311333695,4.622845649719238,524500,0.0,0.0
2011-01-06 00:00:00-05:00,4.633896707742192,4.659681394336478,4.619162550932598,4.641263961791992,240300,0.0,0.0
2011-01-07 00:00:00-05:00,4.615477983634638,4.667047697607348,4.571275522210859,4.597060203552246,420000,0.0,0.0
2011-01-10 00:00:00-05:00,4.604427808716932,4.633896118589523,4.567592245731212,4.626529216766357,270200,0.0,0.0
2011-01-11 00:00:00-05:00,4.619159995486664,4.644944667816162,4.619159995486664,4.644944667816162,155700,0.0,0.0
2011-01-12 00:00:00-05:00,4.648630273525819,4.674414956841845,4.608111435273497,4.626529216766357,264800,0.0,0.0
2011-01-13 00:00:00-05:00,4.611793096802441,4.6670460664484565,4.611793096802441,4.644944667816162,137200,0.0,0.0
2011-01-14 00:00:00-05:00,4.644945263920762,4.703882217407227,4.644945263920762,4.703882217407227,168600,0.0,0.0
2011-01-18 00:00:00-05:00,4.711245221794245,4.711245221794245,4.659675561864917,4.685460567474365,156600,0.0,0.0
2011-01-19 00:00:00-05:00,4.667046781217793,4.692831457496276,4.652312630302964,4.674413681030273,154100,0.0,0.0
2011-01-20 00:00:00-05:00,4.670731776615798,4.681782305220387,4.65231399474817,4.678098678588867,170800,0.0,0.0
2011-01-21 00:00:00-05:00,4.67073029084917,4.714932742496625,4.67073029084917,4.703882217407227,161600,0.0,0.0
2011-01-24 00:00:00-05:00,4.689146708256738,4.7444000244140625,4.685463434878076,4.7444000244140625,292700,0.0,0.0
2011-01-25 00:00:00-05:00,4.725983966074901,4.7775536762637385,4.725983966074901,4.770186424255371,170000,0.0,0.0
2011-01-26 00:00:00-05:00,4.777554208374708,4.788604736328125,4.751769174763467,4.788604736328125,160600,0.0,0.0
2011-01-27 00:00:00-05:00,4.77755124006013,4.795969009399414,4.770183991808524,4.795969009399414,150100,0.0,0.0
2011-01-28 00:00:00-05:00,4.788604262216815,4.7959715143163075,4.751768704299181,4.766502857208252,111800,0.0,0.0
2011-01-31 00:00:00-05:00,4.784924011985304,4.82175959589086,4.770189848681113,4.80702543258667,134800,0.0,0.0
2011-02-01 00:00:00-05:00,4.803337276582214,4.843856099655429,4.803337276582214,4.836489200592041,141900,0.0,0.0
2011-02-02 00:00:00-05:00,4.814389758809918,4.847541696302469,4.814389758809918,4.832807540893555,154100,0.0,0.0
2011-02-03 00:00:00-05:00,4.818070711180818,4.843855381011963,4.818070711180818,4.843855381011963,135800,0.0,0.0
2011-02-04 00:00:00-05:00,4.829121950238821,4.843856099655429,4.814387800822212,4.836489200592041,121000,0.0,0.0
2011-02-07 00:00:00-05:00,4.83649097123655,4.913845371815732,4.83649097123655,4.880693435668945,206100,0.0,0.0
2011-02-08 00:00:00-05:00,4.875130531828275,4.901082038188937,4.871423476826415,4.893667221069336,179000,0.085,0.0
2011-02-09 00:00:00-05:00,4.867717266082764,4.889961015799281,4.852887981752409,4.867717266082764,191900,0.0,0.0
2011-02-10 00:00:00-05:00,4.83434903787799,4.904788017272949,4.830641630131449,4.904788017272949,170200,0.0,0.0
2011-02-11 00:00:00-05:00,4.904789677006539,4.945570468902588,4.875131112113767,4.945570468902588,198800,0.0,0.0
2011-02-14 00:00:00-05:00,4.941861865365307,4.982642293846016,4.908495899536591,4.967813014984131,176800,0.0,0.0
2011-02-15 00:00:00-05:00,4.960400104882999,4.975229388386287,4.919619663638459,4.956692695617676,233900,0.0,0.0
2011-02-16 00:00:00-05:00,4.949278456876686,5.012303003036017,4.949278456876686,4.982644081115723,171000,0.0,0.0
2011-02-17 00:00:00-05:00,4.967814796934587,5.023424877782362,4.967814796934587,4.982644081115723,225600,0.0,0.0
2011-02-18 00:00:00-05:00,4.971522080321875,5.012302875954562,4.960400205857512,5.0085954666137695,202900,0.0,0.0
2011-02-22 00:00:00-05:00,4.964107285040782,4.978936567859658,4.919619436584157,4.9270339012146,249300,0.0,0.0
2011-02-23 00:00:00-05:00,4.941861748325917,4.952983618819454,4.8936665047767365,4.923325061798096,217400,0.0,0.0
2011-02-24 00:00:00-05:00,4.904789677006539,4.964107160350067,4.904789677006539,4.945570468902588,164300,0.0,0.0
2011-02-25 00:00:00-05:00,4.949278456876686,4.990058899985302,4.945571047441897,4.982644081115723,115100,0.0,0.0
2011-02-28 00:00:00-05:00,4.986350293033462,5.019716262817383,4.971521012413713,5.019716262817383,219800,0.0,0.0
2011-03-01 00:00:00-05:00,5.023423916845341,5.03454578946417,4.967813846635287,4.993765354156494,273900,0.0,0.0
2011-03-02 00:00:00-05:00,4.9678156180236535,5.023425708062759,4.952986331391508,5.004889011383057,155200,0.0,0.0
2011-03-03 00:00:00-05:00,5.041959990491435,5.130935667679918,5.019715894415358,5.123520851135254,370200,0.0,0.0
2011-03-04 00:00:00-05:00,5.1272300678133345,5.130937477393292,5.071620338346116,5.08644962310791,247900,0.0,0.0
2011-03-07 00:00:00-05:00,5.086448437451391,5.09386290132495,5.049375057409732,5.053082466125488,223300,0.0,0.0
2011-03-08 00:00:00-05:00,5.062408924479025,5.099714955060348,5.002719560170249,5.084792613983154,185000,0.085,0.0
2011-03-09 00:00:00-05:00,5.10717642838488,5.10717642838488,5.010181380142533,5.062409400939941,193400,0.0,0.0
2011-03-10 00:00:00-05:00,5.03629323611316,5.066137908309483,4.991526227818674,4.9952569007873535,170300,0.0,0.0
2011-03-11 00:00:00-05:00,4.984062671661377,5.017638001937148,4.894528694776918,4.984062671661377,343900,0.0,0.0
2011-03-14 00:00:00-04:00,4.969144244839718,4.995258608772978,4.909454880038002,4.987797260284424,165000,0.0,0.0
2011-03-15 00:00:00-04:00,4.913184431807773,4.954220771789551,4.823650405060294,4.954220771789551,181900,0.0,0.0
2011-03-16 00:00:00-04:00,4.9243783232655955,4.984067701425205,4.8609582700268215,4.894533634185791,189600,0.0,0.0
2011-03-17 00:00:00-04:00,4.92437781649851,4.943030834197998,4.901994479880503,4.943030834197998,180900,0.0,0.0
2011-03-18 00:00:00-04:00,4.9728748408987755,5.006450197016028,4.9504915073383895,4.9803361892700195,127300,0.0,0.0
2011-03-21 00:00:00-04:00,5.028831106634812,5.036292451409621,4.998986439088579,5.032561779022217,160500,0.0,0.0
2011-03-22 00:00:00-04:00,5.021370117636504,5.040023123797026,5.013908772861696,5.032561779022217,159500,0.0,0.0
2011-03-23 00:00:00-04:00,5.0251025150987765,5.03256350665838,4.984065816302781,5.021371841430664,152300,0.0,0.0
2011-03-24 00:00:00-04:00,5.032563114378312,5.058677472242907,5.010179785667625,5.051216125488281,122200,0.0,0.0
2011-03-25 00:00:00-04:00,5.062410250392708,5.129560980716103,5.051218580597731,5.081063270568848,439000,0.0,0.0
2011-03-28 00:00:00-04:00,5.081060902021499,5.08852224892454,5.0549468994140625,5.0549468994140625,192400,0.0,0.0
2011-03-29 00:00:00-04:00,5.0549496547432975,5.081063671584845,5.043757984065034,5.073602676391602,151400,0.0,0.0
2011-03-30 00:00:00-04:00,5.103445829640405,5.103445829640405,5.066139797594409,5.069870471954346,149900,0.0,0.0
2011-03-31 00:00:00-04:00,5.066137799007709,5.095982470560135,5.066137799007709,5.088521480560303,138900,0.0,0.0
2011-04-01 00:00:00-04:00,5.084794347069865,5.092255342263109,5.051218979258278,5.073602676391602,177500,0.0,0.0
2011-04-04 00:00:00-04:00,5.058679082152061,5.077331743421588,5.047487058458295,5.062409400939941,177000,0.0,0.0
2011-04-05 00:00:00-04:00,5.043754473231664,5.088521480560303,5.043754473231664,5.088521480560303,134500,0.0,0.0
2011-04-06 00:00:00-04:00,5.092253685029202,5.11463737487793,5.0885233665349805,5.11463737487793,172500,0.0,0.0
2011-04-07 00:00:00-04:00,5.110907554626465,5.129560573321163,5.07360187301381,5.110907554626465,188600,0.0,0.0
2011-04-08 00:00:00-04:00,5.105277157264531,5.131554203807007,5.086507684877945,5.120292663574219,145800,0.085,0.0
2011-04-11 00:00:00-04:00,5.109031569206375,5.1165395025414835,5.0452155678498185,5.067739009857178,216100,0.0,0.0
2011-04-12 00:00:00-04:00,5.041459459466883,5.075244426727295,5.007674492206472,5.075244426727295,173600,0.0,0.0
2011-04-13 00:00:00-04:00,5.097767499569044,5.097767499569044,5.048967031081537,5.075244426727295,166700,0.0,0.0
2011-04-14 00:00:00-04:00,5.041459459466883,5.082751998341949,5.041459459466883,5.075244426727295,129600,0.0,0.0
2011-04-15 00:00:00-04:00,5.101522586665282,5.101522586665282,5.041460568543785,5.0452141761779785,179100,0.0,0.0
2011-04-18 00:00:00-04:00,5.033950607291782,5.056474034003493,5.018935108816549,5.052720069885254,130400,0.0,0.0
2011-04-19 00:00:00-04:00,5.060228521952424,5.078997987816786,5.048966985632921,5.0639824867248535,117700,0.0,0.0
2011-04-20 00:00:00-04:00,5.082751178630094,5.127797675046585,5.078997214429287,5.1165361404418945,164900,0.0,0.0
2011-04-21 00:00:00-04:00,5.139062576918583,5.15407808556269,5.124047068274477,5.142816543579102,195800,0.0,0.0
2011-04-25 00:00:00-04:00,5.1165376697715645,5.157830214329563,5.1165376697715645,5.1315531730651855,144600,0.0,0.0
2011-04-26 00:00:00-04:00,5.131551639247392,5.150321102253695,5.101520641636397,5.1165361404418945,216200,0.0,0.0
2011-04-27 00:00:00-04:00,5.131552421426022,5.161583423614502,5.131552421426022,5.161583423614502,125000,0.0,0.0
2011-04-28 00:00:00-04:00,5.120290712198893,5.161583249314209,5.120290712198893,5.157829284667969,122600,0.0,0.0
2011-04-29 00:00:00-04:00,5.150323921649346,5.165339428674647,5.131554448368238,5.154077529907227,130000,0.0,0.0
2011-05-02 00:00:00-04:00,5.176602840423584,5.180356808036187,5.154079392746019,5.176602840423584,106000,0.0,0.0
2011-05-03 00:00:00-04:00,5.161583771455593,5.180353238587721,5.1428143043234655,5.169091701507568,127000,0.0,0.0
2011-05-04 00:00:00-04:00,5.161584179652427,5.169092110298156,5.1165376697715645,5.1315531730651855,111000,0.0,0.0
2011-05-05 00:00:00-04:00,5.120289929640367,5.120289929640367,5.090258933055779,5.112782001495361,128700,0.0,0.0
2011-05-06 00:00:00-04:00,5.011428457012692,5.09025992795439,4.97388952494606,5.075244426727295,349000,0.0,0.0
2011-05-09 00:00:00-04:00,5.084688124694883,5.099798624728012,5.0657999095877875,5.092243194580078,125000,0.085,0.0
2011-05-10 00:00:00-04:00,5.096020530502506,5.141352027229162,5.080910031593621,5.137574672698975,152700,0.0,0.0
2011-05-11 00:00:00-04:00,5.122466763073043,5.1337995529174805,5.099800823121275,5.1337995529174805,130600,0.0,0.0
2011-05-12 00:00:00-04:00,5.10357731815377,5.1451311111450195,5.080911383627665,5.1451311111450195,115000,0.0,0.0
2011-05-13 00:00:00-04:00,5.148908826943171,5.152686542741324,5.122465536881722,5.1451311111450195,155600,0.0,0.0
2011-05-16 00:00:00-04:00,5.133797919906581,5.145130706146169,5.099799200925036,5.122465133666992,138200,0.0,0.0
2011-05-17 00:00:00-04:00,5.096019115542963,5.114907324000251,5.092241401798982,5.107352256774902,126600,0.0,0.0
2011-05-18 00:00:00-04:00,5.103578488683995,5.145132291205809,5.103578488683995,5.126244068145752,145100,0.0,0.0
2011-05-19 00:00:00-04:00,5.118687629699707,5.133798132064538,5.111132198385895,5.118687629699707,124300,0.0,0.0
2011-05-20 00:00:00-04:00,5.126242700750725,5.137575847721443,5.099799411677971,5.118687629699707,85100,0.0,0.0
2011-05-23 00:00:00-04:00,5.107356205348585,5.126244068145752,5.103578488683995,5.126244068145752,131000,0.0,0.0
2011-05-24 00:00:00-04:00,5.12246535505089,5.130020426116206,5.099799421329353,5.103577136993408,129300,0.0,0.0
2011-05-25 00:00:00-04:00,5.1035771273348765,5.122465345356614,5.092243980364159,5.118687629699707,129700,0.0,0.0
2011-05-26 00:00:00-04:00,5.107354631926614,5.130020204405792,5.103576916425825,5.122465133666992,98500,0.0,0.0
2011-05-27 00:00:00-04:00,5.137577269619924,5.156465132606354,5.1186890463706,5.1337995529174805,117900,0.0,0.0
2011-05-31 00:00:00-04:00,5.145131840088951,5.16402006149292,5.126243618684983,5.16402006149292,112900,0.0,0.0
2011-06-01 00:00:00-04:00,5.148906447492652,5.160239229387112,5.114907741546631,5.114907741546631,176400,0.0,0.0
2011-06-02 00:00:00-04:00,5.126244068145752,5.145132291205809,5.103578488683995,5.126244068145752,131400,0.0,0.0
2011-06-03 00:00:00-04:00,5.099799421329353,5.1111322080587245,5.08091120327187,5.103577136993408,163800,0.0,0.0
2011-06-06 00:00:00-04:00,5.069579324430787,5.084689829530287,5.043136030572378,5.080912113189697,202400,0.0,0.0
2011-06-07 00:00:00-04:00,5.069577889013353,5.0960211753845215,5.058245103463246,5.0960211753845215,128800,0.0,0.0
2011-06-08 00:00:00-04:00,5.101726163698851,5.101726163698851,5.03709920154319,5.059908866882324,208000,0.085,0.0
2011-06-09 00:00:00-04:00,5.037098548427873,5.048503198345037,4.991479586211937,4.999082565307617,183900,0.0,0.0
2011-06-10 00:00:00-04:00,4.972468899640999,4.991476880899058,4.831810418406699,4.888833999633789,396300,0.0,0.0
2011-06-13 00:00:00-04:00,4.892634474396618,4.896436142229889,4.797594953846846,4.839412212371826,317100,0.0,0.0
2011-06-14 00:00:00-04:00,4.850819800768466,4.900240421295166,4.84321646105027,4.900240421295166,220400,0.0,0.0
2011-06-15 00:00:00-04:00,4.888835657767601,4.888835657767601,4.717764493517473,4.80900239944458,318600,0.0,0.0
2011-06-16 00:00:00-04:00,4.789993700424413,4.866025271651583,4.7823903620281305,4.847017288208008,169100,0.0,0.0
2011-06-17 00:00:00-04:00,4.8356121915385515,4.862223148345947,4.8242071850093,4.862223148345947,157100,0.0,0.0
2011-06-20 00:00:00-04:00,4.831810074242183,4.877429008483887,4.828008405751942,4.877429008483887,135100,0.0,0.0
2011-06-21 00:00:00-04:00,4.915446738184366,4.942057702103669,4.85842277793947,4.900240421295166,210600,0.0,0.0
2011-06-22 00:00:00-04:00,4.904041311661952,4.919247627258301,4.8812320195410095,4.919247627258301,124600,0.0,0.0
2011-06-23 00:00:00-04:00,4.881235501757087,4.961068806226849,4.85082284886836,4.953465461730957,150900,0.0,0.0
2011-06-24 00:00:00-04:00,4.945859126236189,4.949660795906408,4.888835168824431,4.938255786895752,110300,0.0,0.0
2011-06-27 00:00:00-04:00,4.8964353856505705,4.915443359332882,4.869824440023501,4.885030746459961,153000,0.0,0.0
2011-06-28 00:00:00-04:00,4.881231024658818,4.888833999633789,4.847016730903729,4.888833999633789,197900,0.0,0.0
2011-06-29 00:00:00-04:00,4.90404254829317,4.915447559776755,4.881233250420506,4.911645889282227,105600,0.0,0.0
2011-06-30 00:00:00-04:00,4.896440257816474,4.976273536682129,4.888836915759124,4.976273536682129,146800,0.0,0.0
2011-07-01 00:00:00-04:00,4.945860893547337,4.983876516192176,4.919249558893916,4.976273536682129,131800,0.0,0.0
2011-07-05 00:00:00-04:00,4.9458598127848985,4.99908174536715,4.942058142586959,4.987677097320557,127600,0.0,0.0
2011-07-06 00:00:00-04:00,4.964866007508546,4.976270651434841,4.945858025933323,4.961064338684082,141600,0.0,0.0
2011-07-07 00:00:00-04:00,4.983876244568972,5.010487577772064,4.964868615556128,4.999082565307617,174700,0.0,0.0
2011-07-08 00:00:00-04:00,4.955081248597836,5.000997016283198,4.955081248597836,4.989518165588379,134800,0.085,0.0
2011-07-11 00:00:00-04:00,4.939775680155327,4.943602085113525,4.901512725291525,4.943602085113525,137900,0.0,0.0
2011-07-12 00:00:00-04:00,4.928297404447211,4.97803957998172,4.909165742332999,4.966560363769531,167900,0.0,0.0
2011-07-13 00:00:00-04:00,4.955080935657665,4.989517850473329,4.955080935657665,4.962733745574951,139800,0.0,0.0
2011-07-14 00:00:00-04:00,4.947426788804193,4.947426788804193,4.897684636170588,4.928295135498047,149200,0.0,0.0
2011-07-15 00:00:00-04:00,4.943598412235852,4.943598412235852,4.8708982316673834,4.91681432723999,218600,0.0,0.0
2011-07-18 00:00:00-04:00,4.88620402677323,4.890030064128936,4.855593173586947,4.882377624511719,159400,0.0,0.0
2011-07-19 00:00:00-04:00,4.909164801943691,4.9321228650641675,4.886207103729248,4.886207103729248,143500,0.0,0.0
2011-07-20 00:00:00-04:00,4.924468040466309,4.928294443571502,4.890031142331332,4.924468040466309,119100,0.0,0.0
2011-07-21 00:00:00-04:00,4.947429324509563,5.004823948938524,4.939776513302436,5.000997543334961,139400,0.0,0.0
2011-07-22 00:00:00-04:00,5.004819824646393,5.020125069542023,4.962730492409869,5.012472629547119,135300,0.0,0.0
2011-07-25 00:00:00-04:00,4.970384488035301,4.974210891683252,4.882379393568063,4.947426795959473,298600,0.0,0.0
2011-07-26 00:00:00-04:00,4.916813478374085,4.932118719287309,4.882376595092899,4.920639514923096,214100,0.0,0.0
2011-07-27 00:00:00-04:00,4.882379825386596,4.890032268453375,4.740806162044482,4.771416664123535,497300,0.0,0.0
2011-07-28 00:00:00-04:00,4.752285748640257,4.802027913486001,4.69106473495504,4.786722660064697,239400,0.0,0.0
2011-07-29 00:00:00-04:00,4.691060765700335,4.771413369399812,4.618360599783529,4.763760566711426,411500,0.0,0.0
2011-08-01 00:00:00-04:00,4.828810913146725,4.878553066634456,4.786721567075234,4.851768970489502,175800,0.0,0.0
2011-08-02 00:00:00-04:00,4.817329090812982,4.878550052697209,4.744628924896175,4.763760566711426,173400,0.0,0.0
2011-08-03 00:00:00-04:00,4.7484581922237865,4.802026748657227,4.706368846751329,4.802026748657227,210200,0.0,0.0
2011-08-04 00:00:00-04:00,4.756111593993919,4.759937633219857,4.580101017891401,4.5992326736450195,376500,0.0,0.0
2011-08-05 00:00:00-04:00,4.595404047252528,4.645146182195078,4.323735688662179,4.5265302658081055,1151500,0.0,0.0
2011-08-08 00:00:00-04:00,4.412837544921634,4.412837544921634,4.119932951032907,4.1970133781433105,974600,0.085,0.0
2011-08-09 00:00:00-04:00,4.173892221380622,4.328052452968822,4.116082226421792,4.3241987228393555,1438600,0.0,0.0
2011-08-10 00:00:00-04:00,4.220134945825533,4.33575515685086,4.158470931291098,4.247113227844238,539100,0.0,0.0
2011-08-11 00:00:00-04:00,4.239410370159372,4.428256743891559,4.239410370159372,4.397424697875977,382500,0.0,0.0
2011-08-12 00:00:00-04:00,4.3974218193055234,4.4706481563185045,4.3974218193055234,4.4552321434021,271200,0.0,0.0
2011-08-15 00:00:00-04:00,4.516895314042631,4.60168318477153,4.466793189950098,4.590121269226074,336200,0.0,0.0
2011-08-16 00:00:00-04:00,4.566999286264401,4.566999286264401,4.459086805682271,4.505334854125977,371400,0.0,0.0
2011-08-17 00:00:00-04:00,4.513042937336768,4.56314508049811,4.505334745674958,4.536167144775391,181900,0.0,0.0
2011-08-18 00:00:00-04:00,4.455232343000865,4.459086070742562,4.335757961886097,4.401276111602783,198600,0.0,0.0
2011-08-19 00:00:00-04:00,4.320341556273334,4.443669653939637,4.2972173541875405,4.355027675628662,212200,0.0,0.0
2011-08-22 00:00:00-04:00,4.393567234174521,4.43210744594051,4.285655155795133,4.3010711669921875,240200,0.0,0.0
2011-08-23 00:00:00-04:00,4.339612948072336,4.424400856544251,4.324196931300458,4.412838935852051,203400,0.0,0.0
2011-08-24 00:00:00-04:00,4.389714276527334,4.455232427486456,4.3858601811657945,4.428254127502441,117300,0.0,0.0
2011-08-25 00:00:00-04:00,4.462940166031016,4.470648356607923,4.366589989100214,4.401276111602783,223900,0.0,0.0
2011-08-26 00:00:00-04:00,4.389712657613472,4.474500519017237,4.335756445091108,4.459084510803223,152500,0.0,0.0
2011-08-29 00:00:00-04:00,4.516897033167673,4.555436888836299,4.497626921559956,4.536167144775391,189600,0.0,0.0
2011-08-30 00:00:00-04:00,4.513042189860379,4.574706242754468,4.474501973028201,4.555436134338379,154000,0.0,0.0
2011-08-31 00:00:00-04:00,4.5785627365112305,4.620956703198088,4.567000812423349,4.5785627365112305,156600,0.0,0.0
2011-09-01 00:00:00-04:00,4.574707002944324,4.632517337799072,4.5554368913260745,4.632517337799072,266200,0.0,0.0
2011-09-02 00:00:00-04:00,4.547729184227137,4.617101073272352,4.5246049761808536,4.528459072113037,318300,0.0,0.0
2011-09-06 00:00:00-04:00,4.389713338747232,4.5708513714816865,4.389713338747232,4.559289455413818,208600,0.0,0.0
2011-09-07 00:00:00-04:00,4.586267080395916,4.671055316925049,4.536165324882028,4.671055316925049,234500,0.0,0.0
2011-09-08 00:00:00-04:00,4.630303888571163,4.641947465828435,4.591491470856723,4.614778995513916,128000,0.085,0.0
2011-09-09 00:00:00-04:00,4.564322150598536,4.575965725687605,4.447885289280115,4.47117280960083,255400,0.0,0.0
2011-09-12 00:00:00-04:00,4.42847878271906,4.486697394488316,4.42847878271906,4.4789347648620605,150900,0.0,0.0
2011-09-13 00:00:00-04:00,4.47505414969414,4.5332727705654925,4.471173204416805,4.51774787902832,110500,0.0,0.0
2011-09-14 00:00:00-04:00,4.5255082631207735,4.556558033319624,4.486696235443438,4.521626949310303,134800,0.0,0.0
2011-09-15 00:00:00-04:00,4.552680801578254,4.568206070740556,4.529393638120381,4.544918537139893,142700,0.0,0.0
2011-09-16 00:00:00-04:00,4.56044129514963,4.579847502349003,4.52939151168768,4.568203926086426,132300,0.0,0.0
2011-09-19 00:00:00-04:00,4.490579156261472,4.5682039860783705,4.490579156261472,4.556560039520264,112900,0.0,0.0
2011-09-20 00:00:00-04:00,4.544916546963529,4.568204070366804,4.509985446929932,4.509985446929932,171700,0.0,0.0
2011-09-21 00:00:00-04:00,4.486697611320933,4.517747391041418,4.424597681737391,4.436241626739502,208500,0.0,0.0
2011-09-22 00:00:00-04:00,4.308162212371826,4.36249915467008,4.26934979346508,4.308162212371826,402000,0.0,0.0
2011-09-23 00:00:00-04:00,4.296517458558446,4.3586170210448145,4.280992567936854,4.331448554992676,175700,0.0,0.0
2011-09-26 00:00:00-04:00,4.346975768653867,4.366381984837257,4.30428238916464,4.3625006675720215,239400,0.0,0.0
2011-09-27 00:00:00-04:00,4.405193700054157,4.412955963178171,4.370262590639273,4.385787487030029,222000,0.0,0.0
2011-09-28 00:00:00-04:00,4.374144135628968,4.401312613195466,4.2693508019134825,4.2965192794799805,163400,0.0,0.0
2011-09-29 00:00:00-04:00,4.323689588448793,4.370264295793199,4.312045634005537,4.3469767570495605,184600,0.0,0.0
2011-09-30 00:00:00-04:00,4.288756002918453,4.346974261135913,4.288756002918453,4.308162212371826,188100,0.0,0.0
2011-10-03 00:00:00-04:00,4.277113358599496,4.304281835676974,4.176201343536377,4.176201343536377,220400,0.0,0.0
2011-10-04 00:00:00-04:00,4.117981069702373,4.141268590923005,4.005425519111604,4.137387275695801,454700,0.0,0.0
2011-10-05 00:00:00-04:00,4.125743589361645,4.183961835635908,4.094693808663027,4.180080890655518,437700,0.0,0.0
2011-10-06 00:00:00-04:00,4.170299884712573,4.311135768890381,4.1429152952722434,4.311135768890381,184800,0.085,0.0
2011-10-07 00:00:00-04:00,4.330698997606793,4.330698997606793,4.209423982843874,4.225072383880615,204200,0.0,0.0
2011-10-10 00:00:00-04:00,4.252453723954337,4.338520050048828,4.248541533430265,4.338520050048828,248100,0.0,0.0
2011-10-11 00:00:00-04:00,4.307222541478869,4.377640093533492,4.299398161757822,4.334607124328613,165300,0.0,0.0
2011-10-12 00:00:00-04:00,4.350258099582531,4.389379275295399,4.342434088292267,4.369818687438965,173000,0.0,0.0
2011-10-13 00:00:00-04:00,4.34243406392308,4.412851657489012,4.334609679589544,4.408939838409424,171900,0.0,0.0
2011-10-14 00:00:00-04:00,4.451971492325482,4.51456505579577,4.42849871948059,4.506741046905518,260700,0.0,0.0
2011-10-17 00:00:00-04:00,4.502827930377832,4.502827930377832,4.4402343797734085,4.45197057723999,167600,0.0,0.0
2011-10-18 00:00:00-04:00,4.4324124676375325,4.514566641825958,4.424588455998595,4.510654449462891,168300,0.0,0.0
2011-10-19 00:00:00-04:00,4.506744318221349,4.51065613896242,4.455886917714053,4.491095542907715,127300,0.0,0.0
2011-10-20 00:00:00-04:00,4.495005833735234,4.514566421508789,4.432412251329602,4.514566421508789,104600,0.0,0.0
2011-10-21 00:00:00-04:00,4.5615128302256815,4.584985616459143,4.498919231052825,4.518479824066162,178300,0.0,0.0
2011-10-24 00:00:00-04:00,4.518476626150605,4.600630760192871,4.514564435699302,4.600630760192871,252100,0.0,0.0
2011-10-25 00:00:00-04:00,4.561510782314557,4.584983558009808,4.518477795474895,4.55759859085083,257300,0.0,0.0
2011-10-26 00:00:00-04:00,4.58107198401411,4.624104976654053,4.534126799383128,4.624104976654053,155500,0.0,0.0
2011-10-27 00:00:00-04:00,4.698434706738313,4.741467695482044,4.655401344907454,4.737555503845215,331600,0.0,0.0
2011-10-28 00:00:00-04:00,4.706259476291512,4.741468460529772,4.702347657110631,4.725820064544678,133700,0.0,0.0
2011-10-31 00:00:00-04:00,4.6593143808409065,4.71408395441971,4.655402188495165,4.678874969482422,121300,0.0,0.0
2011-11-01 00:00:00-04:00,4.608455943080697,4.6436649199460325,4.565422956404794,4.596719741821289,167700,0.0,0.0
2011-11-02 00:00:00-04:00,4.624105233328912,4.639753629074518,4.596720634045899,4.628017425537109,124000,0.0,0.0
2011-11-03 00:00:00-04:00,4.635841877418648,4.647578081126852,4.577160112703249,4.6201934814453125,210900,0.0,0.0
2011-11-04 00:00:00-04:00,4.5810703263507735,4.667136653574664,4.561509746560749,4.6436638832092285,174000,0.0,0.0
2011-11-07 00:00:00-05:00,4.628016626952147,4.7179951667785645,4.628016626952147,4.7179951667785645,135100,0.0,0.0
2011-11-08 00:00:00-05:00,4.731785914464628,4.75936489561981,4.700266971505724,4.751485347747803,138800,0.085,0.0
2011-11-09 00:00:00-05:00,4.668746802094512,4.712085243344393,4.6332879066467285,4.6332879066467285,174500,0.0,0.0
2011-11-10 00:00:00-05:00,4.660870939603834,4.672690456467998,4.57419360588341,4.593893051147461,223700,0.0,0.0
2011-11-11 00:00:00-05:00,4.625406545763612,4.649045927284418,4.582068117999892,4.601767539978027,218200,0.0,0.0
2011-11-14 00:00:00-05:00,4.609649805435236,4.61752972917386,4.570251313948448,4.597830295562744,133300,0.0,0.0
2011-11-15 00:00:00-05:00,4.586011266603767,4.609650288827663,4.5623718686443855,4.582071304321289,191300,0.0,0.0
2011-11-16 00:00:00-05:00,4.550551603710044,4.589950092801804,4.530852171296454,4.5426716804504395,218300,0.0,0.0
2011-11-17 00:00:00-05:00,4.558432258118915,4.5781316953159505,4.499334322263325,4.530853271484375,311000,0.0,0.0
2011-11-18 00:00:00-05:00,4.550553871091989,4.554493834684937,4.487515956547246,4.5072150230407715,192500,0.0,0.0
2011-11-21 00:00:00-05:00,4.467814592815166,4.471754554713629,4.4126562534430285,4.455995082855225,154700,0.0,0.0
2011-11-22 00:00:00-05:00,4.4717535972595215,4.495392612118017,4.448114206665658,4.4717535972595215,150000,0.0,0.0
2011-11-23 00:00:00-05:00,4.4520548448424515,4.459934392415244,4.373257490437406,4.385076999664307,159900,0.0,0.0
2011-11-25 00:00:00-05:00,4.365378032896769,4.43235588522117,4.357498484483261,4.416596412658691,70300,0.0,0.0
2011-11-28 00:00:00-05:00,4.475692086046402,4.511150975382179,4.4520530769794,4.483572006225586,172300,0.0,0.0
2011-11-29 00:00:00-05:00,4.475693037836694,4.483572959691604,4.436294555768212,4.452054023742676,153600,0.0,0.0
2011-11-30 00:00:00-05:00,4.51509379687385,4.530853271484375,4.4875148102393085,4.530853271484375,241100,0.0,0.0
2011-12-01 00:00:00-05:00,4.53872998965811,4.53872998965811,4.479631719824967,4.503271102905273,125600,0.0,0.0
2011-12-02 00:00:00-05:00,4.546611936895753,4.546611936895753,4.499333521478719,4.519032955169678,155100,0.0,0.0
2011-12-05 00:00:00-05:00,4.538731143498567,4.589949131011963,4.534791182694354,4.589949131011963,262100,0.0,0.0
2011-12-06 00:00:00-05:00,4.582069586322909,4.629347988779651,4.570250079642559,4.6214680671691895,242000,0.0,0.0
2011-12-07 00:00:00-05:00,4.601771056108319,4.629350042509181,4.574191693971947,4.625410079956055,159900,0.0,0.0
2011-12-08 00:00:00-05:00,4.6115184581326805,4.615487153530987,4.5678639441781845,4.587707042694092,143600,0.085,0.0
2011-12-09 00:00:00-05:00,4.579769577308006,4.627392785885181,4.567863869782617,4.611518383026123,157900,0.0,0.0
2011-12-12 00:00:00-05:00,4.563894258012868,4.587706046757827,4.536114153206703,4.579768657684326,242000,0.0,0.0
2011-12-13 00:00:00-05:00,4.579767236083013,4.5996103241317465,4.540081059985546,4.563892841339111,121400,0.0,0.0
2011-12-14 00:00:00-05:00,4.5599260588573856,4.583737850189209,4.512302854669322,4.583737850189209,287500,0.0,0.0
2011-12-15 00:00:00-05:00,4.6194553479491525,4.6194553479491525,4.555957363889484,4.583737850189209,109800,0.0,0.0
2011-12-16 00:00:00-05:00,4.579768643894407,4.607548748616925,4.563894244270748,4.595643043518066,180400,0.0,0.0
2011-12-19 00:00:00-05:00,4.607548285626025,4.607548285626025,4.544050693511963,4.544050693511963,176000,0.0,0.0
2011-12-20 00:00:00-05:00,4.56389286801263,4.6075473591946405,4.56389286801263,4.603579044342041,190200,0.0,0.0
2011-12-21 00:00:00-05:00,4.587708369339047,4.627394199371338,4.563896568539086,4.627394199371338,171000,0.0,0.0
2011-12-22 00:00:00-05:00,4.635332479470071,4.663112603656191,4.607551976808145,4.65517520904541,178800,0.0,0.0
2011-12-23 00:00:00-05:00,4.659142040113612,4.702796936035156,4.6353306227706375,4.702796936035156,214700,0.0,0.0
2011-12-27 00:00:00-05:00,4.675016426119,4.7226396390933525,4.643267617469431,4.7186713218688965,245800,0.0,0.0
2011-12-28 00:00:00-05:00,4.700682842798729,4.700682842798729,4.600753362541276,4.604750633239746,167600,0.085,0.0
2011-12-29 00:00:00-05:00,4.576770850515328,4.604751368672719,4.540796170884951,4.588762283325195,280200,0.0,0.0
2011-12-30 00:00:00-05:00,4.564780225486159,4.628735053390558,4.560782953441923,4.62074089050293,228000,0.0,0.0
2012-01-03 00:00:00-05:00,4.7366582191009945,4.7526469230651855,4.66870613195299,4.7526469230651855,329800,0.0,0.0
2012-01-04 00:00:00-05:00,4.696686215931534,4.804610252380371,4.696686215931534,4.804610252380371,323400,0.0,0.0
2012-01-05 00:00:00-05:00,4.796614225961889,4.8126029248004025,4.776628257113584,4.80061149597168,205600,0.0,0.0
2012-01-06 00:00:00-05:00,4.792620057894515,4.856574894642258,4.792620057894515,4.840586185455322,324200,0.0,0.0
2012-01-09 00:00:00-05:00,4.8525753175127715,4.888549607372173,4.808606105683472,4.860569477081299,279600,0.0,0.0
2012-01-10 00:00:00-05:00,4.896546114799917,4.936518072299027,4.876560136050362,4.920529365539551,256400,0.0,0.0
2012-01-11 00:00:00-05:00,4.916531085968018,4.920528357138905,4.876559136660657,4.916531085968018,182500,0.0,0.0
2012-01-12 00:00:00-05:00,4.9005423824852254,4.93251978945081,4.860570433177866,4.916531085968018,221500,0.0,0.0
2012-01-13 00:00:00-05:00,4.900544230585302,4.924527104253565,4.8525781020478735,4.912535667419434,298700,0.0,0.0
2012-01-17 00:00:00-05:00,4.904540497190346,4.928523365938978,4.876559975382507,4.9085373878479,211200,0.0,0.0
2012-01-18 00:00:00-05:00,4.880557526672434,4.93651819229126,4.864568819524319,4.93651819229126,132900,0.0,0.0
2012-01-19 00:00:00-05:00,4.940512308910167,4.956501007080078,4.900540754085705,4.956501007080078,166300,0.0,0.0
2012-01-20 00:00:00-05:00,4.956501007080078,4.956501007080078,4.9245236107402555,4.956501007080078,197100,0.0,0.0
2012-01-23 00:00:00-05:00,4.948506848595439,4.980484244935262,4.944509578752803,4.956501007080078,226600,0.0,0.0
2012-01-24 00:00:00-05:00,4.940514331747809,4.984483555618241,4.92052873675302,4.97249174118042,161600,0.0,0.0
2012-01-25 00:00:00-05:00,4.984483555618241,4.992477717375999,4.944511603227083,4.97249174118042,188000,0.0,0.0
2012-01-26 00:00:00-05:00,4.980486325456874,4.99647503030582,4.94051437273411,4.968494892120361,381100,0.0,0.0
2012-01-27 00:00:00-05:00,4.96050112836606,4.976489835726755,4.936518257925444,4.948509693145752,237000,0.0,0.0
2012-01-30 00:00:00-05:00,4.94051160164901,4.984480801222309,4.928520175038372,4.980483531951904,304200,0.0,0.0
2012-01-31 00:00:00-05:00,5.000474029139252,5.012465466617984,4.964499335502133,5.004471302032471,242100,0.0,0.0
2012-02-01 00:00:00-05:00,5.01646025973432,5.060429096221924,5.004468828183288,5.060429096221924,177800,0.0,0.0
2012-02-02 00:00:00-05:00,5.0484384377100735,5.104399095518388,5.0444411661807385,5.096404552459717,208000,0.0,0.0
2012-02-03 00:00:00-05:00,5.10040134939123,5.1643561631063575,5.096404078233845,5.152364730834961,351800,0.0,0.0
2012-02-06 00:00:00-05:00,5.140372720084219,5.144369991088196,5.056431935004428,5.068423748016357,334000,0.0,0.0
2012-02-07 00:00:00-05:00,5.048436799965929,5.148366268576813,5.024453559771022,5.128380298614502,504300,0.0,0.0
2012-02-08 00:00:00-05:00,5.110273739013678,5.126369074264782,5.082106998260013,5.106249809265137,319000,0.085,0.0
2012-02-09 00:00:00-05:00,5.126369074264782,5.126369074264782,5.066011663008909,5.106249809265137,266800,0.0,0.0
2012-02-10 00:00:00-05:00,5.086130214171762,5.086130214171762,5.041867760636152,5.06601095199585,264200,0.0,0.0
2012-02-13 00:00:00-05:00,5.057965673241767,5.0941802868796255,5.041870332040851,5.078084945678711,268100,0.0,0.0
2012-02-14 00:00:00-05:00,5.057964346604779,5.0821075439453125,5.0458929398060635,5.0821075439453125,160000,0.0,0.0
2012-02-15 00:00:00-05:00,5.118324350348048,5.118324350348048,5.049919042817376,5.070038318634033,261300,0.0,0.0
2012-02-16 00:00:00-05:00,5.078085076855964,5.146490374662701,5.0619897352392735,5.134418964385986,239500,0.0,0.0
2012-02-17 00:00:00-05:00,5.146488637987946,5.15453649795216,5.082107293246571,5.118321895599365,176800,0.0,0.0
2012-02-21 00:00:00-05:00,5.106251062014723,5.130394262686116,5.086132175822243,5.1223464012146,195600,0.0,0.0
2012-02-22 00:00:00-05:00,5.134418229810707,5.1786803169882765,5.098203620418532,5.170632839202881,226000,0.0,0.0
2012-02-23 00:00:00-05:00,5.1746533543979405,5.190748684281646,5.150510551443849,5.18672513961792,191800,0.0,0.0
2012-02-24 00:00:00-05:00,5.190752046079681,5.218919179425851,5.138442477886472,5.214895248413086,192800,0.0,0.0
2012-02-27 00:00:00-05:00,5.198800846571558,5.202824778310706,5.150514816931534,5.190752983093262,162800,0.0,0.0
2012-02-28 00:00:00-05:00,5.202823063713838,5.202823063713838,5.170632387895633,5.198799133300781,206700,0.0,0.0
2012-02-29 00:00:00-05:00,5.182703473266115,5.194774880011876,5.150512799448688,5.158560276031494,141600,0.0,0.0
2012-03-01 00:00:00-05:00,5.1585591896823875,5.182702381832656,5.110273189124872,5.126368522644043,281000,0.0,0.0
2012-03-02 00:00:00-05:00,5.118322443755268,5.198799133300781,5.086131767937063,5.198799133300781,376100,0.0,0.0
2012-03-05 00:00:00-05:00,5.158559020764837,5.158559020764837,5.057963093628281,5.06601095199585,359300,0.0,0.0
2012-03-06 00:00:00-05:00,5.029797886623707,5.049917154918827,4.973464012145996,4.973464012145996,421200,0.0,0.0
2012-03-07 00:00:00-05:00,4.981511743934277,5.06198843128719,4.9774878136308525,5.041869163513184,202700,0.0,0.0
2012-03-08 00:00:00-05:00,5.051996412788364,5.116817474365234,5.039842173969698,5.116817474365234,226600,0.085,0.0
2012-03-09 00:00:00-05:00,5.1046668892275235,5.124923194162638,5.072256337694239,5.108717918395996,194600,0.0,0.0
2012-03-12 00:00:00-04:00,5.096560796031462,5.12086888730479,5.084406943576799,5.116817474365234,132500,0.0,0.0
2012-03-13 00:00:00-04:00,5.104664184689231,5.1532799862316745,5.092509944530585,5.149228572845459,223900,0.0,0.0
2012-03-14 00:00:00-04:00,5.128972817421247,5.165434771745948,5.108716133200401,5.157331943511963,182000,0.0,0.0
2012-03-15 00:00:00-04:00,5.177586822532054,5.189741060645374,5.088458061218262,5.088458061218262,163100,0.0,0.0
2012-03-16 00:00:00-04:00,5.088460048643655,5.141126888915802,5.068203363573682,5.120870590209961,194100,0.0,0.0
2012-03-19 00:00:00-04:00,5.116819896307905,5.137076584229769,5.09251179352883,5.133025169372559,170500,0.0,0.0
2012-03-20 00:00:00-04:00,5.088457658272053,5.141124473803253,5.088457658272053,5.128970623016357,142200,0.0,0.0
2012-03-21 00:00:00-04:00,5.145178484489761,5.149229898919331,5.080357399073219,5.124921798706055,132100,0.0,0.0
2012-03-22 00:00:00-04:00,5.100611912967601,5.133022441875158,5.088458061218262,5.088458061218262,162700,0.0,0.0
2012-03-23 00:00:00-04:00,5.0884596312678205,5.100613486767244,5.0601001199503655,5.076305389404297,179300,0.0,0.0
2012-03-26 00:00:00-04:00,5.08846002885182,5.092511056758752,5.03174138814933,5.043895244598389,227000,0.0,0.0
2012-03-27 00:00:00-04:00,5.051998525082649,5.1208710283954,5.043895695815659,5.104665756225586,138700,0.0,0.0
2012-03-28 00:00:00-04:00,5.088460458268322,5.120871002443699,5.068203771567671,5.112768173217773,122500,0.0,0.0
2012-03-29 00:00:00-04:00,5.1006115090589494,5.133022035399973,5.080354833504821,5.128970623016357,166600,0.0,0.0
2012-03-30 00:00:00-04:00,5.161382265643404,5.169485092163086,5.128971732292741,5.169485092163086,138900,0.0,0.0
2012-04-02 00:00:00-04:00,5.165433406829834,5.177587259605157,5.157330580736943,5.165433406829834,122300,0.0,0.0
2012-04-03 00:00:00-04:00,5.149229321040973,5.161383176601558,5.124921223555703,5.153280735015869,155300,0.0,0.0
2012-04-04 00:00:00-04:00,5.120871442636551,5.14923057463673,5.0398446888688415,5.096563339233398,212800,0.0,0.0
2012-04-05 00:00:00-04:00,5.10466636625406,5.11276881012516,5.051999128817173,5.068204402923584,198200,0.0,0.0
2012-04-09 00:00:00-04:00,5.037609415951009,5.078399540930092,5.013135029757822,5.02537202835083,182200,0.085,0.0
2012-04-10 00:00:00-04:00,5.021293832656838,5.033530832576801,4.947871055122632,5.004977703094482,245700,0.0,0.0
2012-04-11 00:00:00-04:00,5.029450590358492,5.074319839477539,4.992739209712394,5.074319839477539,213100,0.0,0.0
2012-04-12 00:00:00-04:00,5.078398020848449,5.123267650604248,5.074318892869367,5.123267650604248,178100,0.0,0.0
2012-04-13 00:00:00-04:00,5.115110587009294,5.119189715939247,5.078399204654016,5.098794460296631,74600,0.0,0.0
2012-04-16 00:00:00-04:00,5.119189715939247,5.261955727423265,5.082478333583968,5.098794460296631,189500,0.0,0.0
2012-04-17 00:00:00-04:00,5.090639801291752,5.131430341414074,5.086561058485457,5.094718933105469,191200,0.0,0.0
2012-04-18 00:00:00-04:00,5.062082717147835,5.106952354164992,5.045766591598082,5.0702409744262695,167400,0.0,0.0
2012-04-19 00:00:00-04:00,5.08655947657281,5.090638218110623,5.021294943880207,5.0498480796813965,176200,0.0,0.0
2012-04-20 00:00:00-04:00,5.0743211795915295,5.0743211795915295,5.0172149181778884,5.041688919067383,191300,0.0,0.0
2012-04-23 00:00:00-04:00,5.004976595932511,5.074319839477539,4.988660080972355,5.074319839477539,173400,0.0,0.0
2012-04-24 00:00:00-04:00,5.049845184638097,5.102872684302342,5.033529060818874,5.090635299682617,146700,0.0,0.0
2012-04-25 00:00:00-04:00,5.098798064919185,5.106956328546618,5.070244920238012,5.094718933105469,147500,0.0,0.0
2012-04-26 00:00:00-04:00,5.098797466569025,5.143666744232178,5.0906392038989745,5.143666744232178,140800,0.0,0.0
2012-04-27 00:00:00-04:00,5.143665947276961,5.155903339385986,5.127349813472244,5.155903339385986,163100,0.0,0.0
2012-04-30 00:00:00-04:00,5.1518254183750765,5.1518254183750765,5.0987978738066,5.131430149078369,208000,0.0,0.0
2012-05-01 00:00:00-04:00,5.115112127250738,5.159981391969624,5.115112127250738,5.1518235206604,141200,0.0,0.0
2012-05-02 00:00:00-04:00,5.143665048781507,5.147744178771973,5.111032786872275,5.147744178771973,187000,0.0,0.0
2012-05-03 00:00:00-04:00,5.131426474816704,5.1395847322967825,5.041687587571481,5.074319839477539,300300,0.0,0.0
2012-05-04 00:00:00-04:00,5.045768737792969,5.053926998541483,5.021294733561993,5.045768737792969,164100,0.0,0.0
2012-05-07 00:00:00-04:00,5.0498455828453706,5.078398704528809,5.0457664543171346,5.078398704528809,112000,0.0,0.0
2012-05-08 00:00:00-04:00,5.051705755667345,5.105097813892945,4.990099353861749,5.092776298522949,315000,0.085,0.0
2012-05-09 00:00:00-04:00,5.035275867534876,5.084560738381709,4.9859909966880425,5.076346397399902,173000,0.0,0.0
2012-05-10 00:00:00-04:00,5.084562128465571,5.10099042323923,5.0517055389182515,5.088669300079346,143500,0.0,0.0
2012-05-11 00:00:00-04:00,5.072241130873716,5.10509772123443,5.047598492262455,5.055812835693359,157000,0.0,0.0
2012-05-14 00:00:00-04:00,5.018847935536279,5.0475973476622835,4.973669840273855,4.998312473297119,188100,0.0,0.0
2012-05-15 00:00:00-04:00,5.006527504250826,5.02706297092424,4.953135839253981,4.965456962585449,124000,0.0,0.0
2012-05-16 00:00:00-04:00,4.97366851380306,5.018846597016548,4.932597991959558,4.944919109344482,189700,0.0,0.0
2012-05-17 00:00:00-04:00,4.93259856108056,4.936705731243172,4.862778235041385,4.870992183685303,329700,0.0,0.0
2012-05-18 00:00:00-04:00,4.879206705934518,4.879206705934518,4.780636968444444,4.797065258026123,397100,0.0,0.0
2012-05-21 00:00:00-04:00,4.784745102309808,4.879208087921143,4.784745102309808,4.879208087921143,264100,0.0,0.0
2012-05-22 00:00:00-04:00,4.875099022010691,4.920276715680357,4.8463496161919295,4.8997416496276855,174000,0.0,0.0
2012-05-23 00:00:00-04:00,4.87920660105135,4.9490269281929615,4.866885482050274,4.940812587738037,130000,0.0,0.0
2012-05-24 00:00:00-04:00,4.9367053211313525,4.9367053211313525,4.895634406279773,4.920276641845703,127800,0.0,0.0
2012-05-25 00:00:00-04:00,4.932599365562084,4.944920486378125,4.907956732248635,4.916171073913574,99400,0.0,0.0
2012-05-29 00:00:00-04:00,4.9367062460608215,4.957241315652741,4.924384734288055,4.953134536743164,98000,0.0,0.0
2012-05-30 00:00:00-04:00,4.924387582777542,4.9326019287109375,4.8956381553738035,4.9326019287109375,95400,0.0,0.0
2012-05-31 00:00:00-04:00,4.928491889263102,4.928491889263102,4.866885897319852,4.9120635986328125,139200,0.0,0.0
2012-06-01 00:00:00-04:00,4.8504587922894995,4.870993866835751,4.805280688252288,4.8258161544799805,126500,0.0,0.0
2012-06-04 00:00:00-04:00,4.809385299682617,4.8463490408794865,4.788849844386442,4.809385299682617,254600,0.0,0.0
2012-06-05 00:00:00-04:00,4.788849419875271,4.825813157795462,4.788849419875271,4.817598819732666,172700,0.0,0.0
2012-06-06 00:00:00-04:00,4.8176027621439115,4.854566530312835,4.8176027621439115,4.846352577209473,211700,0.0,0.0
2012-06-07 00:00:00-04:00,4.895635119383071,4.895635119383071,4.850457419810721,4.8750996589660645,130400,0.0,0.0
2012-06-08 00:00:00-04:00,4.881303916408005,4.9102606773376465,4.856483553820971,4.9102606773376465,150400,0.085,0.0
2012-06-11 00:00:00-04:00,4.9185360547698425,4.947492826247916,4.868895706018964,4.881305694580078,169300,0.0,0.0
2012-06-12 00:00:00-04:00,4.873031818875209,4.901988983154297,4.860621831044972,4.901988983154297,127900,0.0,0.0
2012-06-13 00:00:00-04:00,4.901989271852884,4.9185360547698425,4.864758911663119,4.881305694580078,119600,0.0,0.0
2012-06-14 00:00:00-04:00,4.873031291249331,4.918535232543945,4.868894892091386,4.918535232543945,113200,0.0,0.0
2012-06-15 00:00:00-04:00,4.94749110234809,4.959901086585079,4.901987563808275,4.955764293670654,191400,0.0,0.0
2012-06-18 00:00:00-04:00,4.951629093205451,4.976449067684102,4.9433555053749805,4.959902286529541,144900,0.0,0.0
2012-06-19 00:00:00-04:00,4.947493971271802,5.042637896437359,4.947493971271802,5.034364700317383,172100,0.0,0.0
2012-06-20 00:00:00-04:00,5.042635633460221,5.088139572472147,5.034362441052995,5.063319206237793,252800,0.0,0.0
2012-06-21 00:00:00-04:00,5.079862909356334,5.0839997003080075,5.038496183357892,5.042632579803467,178000,0.0,0.0
2012-06-22 00:00:00-04:00,5.067455486476627,5.088139057159424,5.063318693438808,5.088139057159424,99400,0.0,0.0
2012-06-25 00:00:00-04:00,5.08813948119942,5.104686260223389,5.063319115410302,5.104686260223389,179000,0.0,0.0
2012-06-26 00:00:00-04:00,5.117097390692916,5.133644173418831,5.079867030933001,5.125370979309082,185700,0.0,0.0
2012-06-27 00:00:00-04:00,5.129507022959368,5.154327392578125,5.117097035403185,5.154327392578125,170600,0.0,0.0
2012-06-28 00:00:00-04:00,5.125370623444901,5.158464186598983,5.117097035403185,5.154327392578125,235700,0.0,0.0
2012-06-29 00:00:00-04:00,5.187420545499202,5.2122409131551075,5.166736971537007,5.199830532073975,151400,0.0,0.0
2012-07-02 00:00:00-04:00,5.187420942133498,5.228788093220852,5.088140252931514,5.146053791046143,117900,0.0,0.0
2012-07-03 00:00:00-04:00,5.170873765230718,5.199830532073975,5.141916998387461,5.199830532073975,89000,0.0,0.0
2012-07-05 00:00:00-04:00,5.274291240535332,5.274291240535332,5.170873765230718,5.199830532073975,115000,0.0,0.0
2012-07-06 00:00:00-04:00,5.137779363841868,5.216376458627331,5.137779363841868,5.166736125946045,107800,0.0,0.0
2012-07-09 00:00:00-04:00,5.181315554833919,5.218801021575928,5.152160368349968,5.218801021575928,124000,0.085,0.0
2012-07-10 00:00:00-04:00,5.247956503732791,5.260451526668501,5.1729855716993,5.18548059463501,128100,0.0,0.0
2012-07-11 00:00:00-04:00,5.214638679491741,5.235463595305488,5.181317940328168,5.210473537445068,116800,0.0,0.0
2012-07-12 00:00:00-04:00,5.197975718140409,5.227131301833985,5.168820531656458,5.218801021575928,96600,0.0,0.0
2012-07-13 00:00:00-04:00,5.218801578801357,5.2479571656079536,5.189646389204428,5.239626884460449,131100,0.0,0.0
2012-07-16 00:00:00-04:00,5.2729471823988385,5.281277463495421,5.214636803561418,5.235461711883545,122900,0.0,0.0
2012-07-17 00:00:00-04:00,5.264616666716943,5.281276829701095,5.164655291602416,5.18548059463501,182400,0.0,0.0
2012-07-18 00:00:00-04:00,5.168822394566026,5.239628213440335,5.168822394566026,5.193812847137451,132400,0.0,0.0
2012-07-19 00:00:00-04:00,5.218797251049339,5.235457402319043,5.1979719626598735,5.214632511138916,149700,0.0,0.0
2012-07-20 00:00:00-04:00,5.202137912275909,5.227128341688267,5.177147880072951,5.197972774505615,131900,0.0,0.0
2012-07-23 00:00:00-04:00,5.19380949691648,5.206304516537507,5.164653921521402,5.202139377593994,199900,0.0,0.0
2012-07-24 00:00:00-04:00,5.227131301833985,5.235461184882418,5.1729856717854865,5.218801021575928,127200,0.0,0.0
2012-07-25 00:00:00-04:00,5.197976273142264,5.239626884460449,5.185481248630675,5.239626884460449,104100,0.0,0.0
2012-07-26 00:00:00-04:00,5.247956312764995,5.272946357727051,5.23962603297124,5.272946357727051,152800,0.0,0.0
2012-07-27 00:00:00-04:00,5.293770777221673,5.306265797619053,5.256285318819996,5.302100658416748,126200,0.0,0.0
2012-07-30 00:00:00-04:00,5.30210307407948,5.318763638479333,5.268782739699211,5.306268215179443,411000,0.0,0.0
2012-07-31 00:00:00-04:00,5.3270911967802395,5.3270911967802395,5.281275856320355,5.314596176147461,116700,0.0,0.0
2012-08-01 00:00:00-04:00,5.331259727478027,5.331259727478027,5.289609102593827,5.331259727478027,87500,0.0,0.0
2012-08-02 00:00:00-04:00,5.327093569786079,5.331258710922256,5.306268261314915,5.322928428649902,124800,0.0,0.0
2012-08-03 00:00:00-04:00,5.347919897989748,5.36041492657109,5.327094585547648,5.331259727478027,189000,0.0,0.0
2012-08-06 00:00:00-04:00,5.364580099315461,5.372909986014269,5.331259758100628,5.335424900054932,146700,0.0,0.0
2012-08-07 00:00:00-04:00,5.35624602813554,5.368741445163246,5.289605392825847,5.360411167144775,143700,0.0,0.0
2012-08-08 00:00:00-04:00,5.3583161163897755,5.370894611390887,5.291232409118924,5.328967094421387,148600,0.085,0.0
2012-08-09 00:00:00-04:00,5.345736341107143,5.375085353851318,5.320579758861914,5.375085353851318,105200,0.0,0.0
2012-08-10 00:00:00-04:00,5.383471096789687,5.383471096789687,5.295423657361806,5.358314514160156,140800,0.0,0.0
2012-08-13 00:00:00-04:00,5.34993011676964,5.383471965789795,5.320580698989219,5.383471965789795,101800,0.0,0.0
2012-08-14 00:00:00-04:00,5.370893872369832,5.408628152629721,5.333159192259562,5.383471965789795,143200,0.0,0.0
2012-08-15 00:00:00-04:00,5.391853481717375,5.391853481717375,5.349926399499417,5.370890140533447,117700,0.0,0.0
2012-08-16 00:00:00-04:00,5.4002432845822765,5.4002432845822765,5.375086696055238,5.396050453186035,148300,0.0,0.0
2012-08-17 00:00:00-04:00,5.383471963833284,5.412820981752659,5.379279132744694,5.387664794921875,99300,0.0,0.0
2012-08-20 00:00:00-04:00,5.383468225213824,5.383468225213824,5.316384573785008,5.370890140533447,117500,0.0,0.0
2012-08-21 00:00:00-04:00,5.383472792200558,5.383472792200558,5.287039661576488,5.316389083862305,193600,0.0,0.0
2012-08-22 00:00:00-04:00,5.316389179589185,5.328967275166478,5.249305470043023,5.287039756774902,252500,0.0,0.0
2012-08-23 00:00:00-04:00,5.2576917622285695,5.287040790933146,5.249306496820346,5.282848358154297,128000,0.0,0.0
2012-08-24 00:00:00-04:00,5.282846452790732,5.295424546291793,5.257689865938227,5.278653621673584,155900,0.0,0.0
2012-08-27 00:00:00-04:00,5.295424935908344,5.316388693186132,5.253497421352769,5.299617767333984,185600,0.0,0.0
2012-08-28 00:00:00-04:00,5.303808052340173,5.345735549926758,5.278651873668423,5.345735549926758,142700,0.0,0.0
2012-08-29 00:00:00-04:00,5.3499305448904275,5.3499305448904275,5.287039273057064,5.299617767333984,143700,0.0,0.0
2012-08-30 00:00:00-04:00,5.282848358154297,5.320582652267098,5.266077427487321,5.282848358154297,113500,0.0,0.0
2012-08-31 00:00:00-04:00,5.312194740190307,5.337350923732067,5.295423817879025,5.333158493041992,81000,0.0,0.0
2012-09-04 00:00:00-04:00,5.337352050613507,5.337352050613507,5.287039273057064,5.299617767333984,97700,0.0,0.0
2012-09-05 00:00:00-04:00,5.287039756774902,5.30800351597069,5.274461661197609,5.287039756774902,146500,0.0,0.0
2012-09-06 00:00:00-04:00,5.278653454732741,5.308002471923828,5.278653454732741,5.308002471923828,204300,0.0,0.0
2012-09-07 00:00:00-04:00,5.318554357396882,5.318554357396882,5.2847857915289,5.301670074462891,165400,0.085,0.0
2012-09-10 00:00:00-04:00,5.326998481451947,5.339661598205566,5.297451074842427,5.339661598205566,124100,0.0,0.0
2012-09-11 00:00:00-04:00,5.314335556952498,5.348104137885929,5.31011438369751,5.31011438369751,127300,0.0,0.0
2012-09-12 00:00:00-04:00,5.331218679314867,5.3692084251794885,5.3058920478874025,5.314334392547607,171400,0.0,0.0
2012-09-13 00:00:00-04:00,5.331218679314867,5.339660621421921,5.30167127811045,5.314334392547607,188000,0.0,0.0
2012-09-14 00:00:00-04:00,5.348103944410129,5.38187252412193,5.3185565378006086,5.339661598205566,253900,0.0,0.0
2012-09-17 00:00:00-04:00,5.33965910997126,5.381870016217711,5.3185540594010705,5.36920690536499,196400,0.0,0.0
2012-09-18 00:00:00-04:00,5.356545124720118,5.394534872120422,5.356545124720118,5.390314102172852,139500,0.0,0.0
2012-09-19 00:00:00-04:00,5.398754805717856,5.4029759772499215,5.360765067035417,5.394533634185791,134300,0.0,0.0
2012-09-20 00:00:00-04:00,5.360762596130371,5.377646871923187,5.343878320337555,5.360762596130371,152000,0.0,0.0
2012-09-21 00:00:00-04:00,5.381871757171377,5.424082677072418,5.3649874697215925,5.390314102172852,155900,0.0,0.0
2012-09-24 00:00:00-04:00,5.381868839263916,5.402974287771619,5.373426498839656,5.381868839263916,113700,0.0,0.0
2012-09-25 00:00:00-04:00,5.4029759772499215,5.4029759772499215,5.373428179078538,5.394533634185791,133800,0.0,0.0
2012-09-26 00:00:00-04:00,5.381871603192712,5.398755890159426,5.352324201639251,5.3565449714660645,95000,0.0,0.0
2012-09-27 00:00:00-04:00,5.381872368370384,5.381872368370384,5.352324962615967,5.352324962615967,180700,0.0,0.0
2012-09-28 00:00:00-04:00,5.339660434873035,5.369208237598305,5.293228748523517,5.343881607055664,359900,0.0,0.0
2012-10-01 00:00:00-04:00,5.314336809222882,5.35232657236321,5.314336809222882,5.331221103668213,281300,0.0,0.0
2012-10-02 00:00:00-04:00,5.314334392547607,5.331218679314867,5.3058920478874025,5.314334392547607,309800,0.0,0.0
2012-10-03 00:00:00-04:00,5.293230093230794,5.3185567302074865,5.293230093230794,5.31011438369751,244300,0.0,0.0
2012-10-04 00:00:00-04:00,5.301673920911156,5.327000162410203,5.293231572042574,5.318558216094971,239100,0.0,0.0
2012-10-05 00:00:00-04:00,5.310114191596046,5.348103944410129,5.310114191596046,5.339661598205566,185700,0.0,0.0
2012-10-08 00:00:00-04:00,5.322775465451266,5.35232326438371,5.322775465451266,5.34810209274292,186800,0.0,0.0
2012-10-09 00:00:00-04:00,5.362976249477584,5.367225931765141,5.311981277842933,5.324729919433594,173100,0.085,0.0
2012-10-10 00:00:00-04:00,5.2992345402895324,5.3332312002611095,5.222741852717407,5.277986526489258,375100,0.0,0.0
2012-10-11 00:00:00-04:00,5.303478786325001,5.303478786325001,5.248234570246915,5.25248384475708,187300,0.0,0.0
2012-10-12 00:00:00-04:00,5.290732523117996,5.290732523117996,5.248236922070948,5.269484519958496,213700,0.0,0.0
2012-10-15 00:00:00-04:00,5.269485177823743,5.277984542257421,5.239738212849875,5.265235900878906,211500,0.0,0.0
2012-10-16 00:00:00-04:00,5.286482061625587,5.328978061676025,5.273733423719212,5.328978061676025,202700,0.0,0.0
2012-10-17 00:00:00-04:00,5.3459756918130426,5.3459756918130426,5.2822321052226355,5.2864813804626465,229000,0.0,0.0
2012-10-18 00:00:00-04:00,5.29923099718873,5.333227634429932,5.290731635242488,5.333227634429932,136000,0.0,0.0
2012-10-19 00:00:00-04:00,5.3332292840087065,5.3332292840087065,5.294982953964716,5.324729919433594,150900,0.0,0.0
2012-10-22 00:00:00-04:00,5.307731562901934,5.341728210449219,5.307731562901934,5.341728210449219,237000,0.0,0.0
2012-10-23 00:00:00-04:00,5.328978061676025,5.333227742735447,5.290731742685009,5.328978061676025,154400,0.0,0.0
2012-10-24 00:00:00-04:00,5.311981277842933,5.32897960172115,5.290733271677159,5.324729919433594,176000,0.0,0.0
2012-10-25 00:00:00-04:00,5.311984426978966,5.341731410082928,5.299235777830446,5.316234111785889,113200,0.0,0.0
2012-10-26 00:00:00-04:00,5.294983352850286,5.31623136061673,5.277985027691539,5.311981678009033,155500,0.0,0.0
2012-10-31 00:00:00-04:00,5.294982833194416,5.324729797984811,5.2652358684040195,5.282234191894531,182000,0.0,0.0
2012-11-01 00:00:00-04:00,5.303480380591384,5.328978061676025,5.290731742685009,5.328978061676025,126200,0.0,0.0
2012-11-02 00:00:00-04:00,5.333232445741332,5.333232445741332,5.311984426978966,5.316234111785889,96900,0.0,0.0
2012-11-05 00:00:00-05:00,5.3119811566849275,5.316230838875555,5.2652358684040195,5.282234191894531,184600,0.0,0.0
2012-11-06 00:00:00-05:00,5.2907328605651855,5.324729505679939,5.269484856050471,5.2907328605651855,176500,0.0,0.0
2012-11-07 00:00:00-05:00,5.299231886490578,5.311980526277496,5.248236922070948,5.269484519958496,251700,0.0,0.0
2012-11-08 00:00:00-05:00,5.275905016785786,5.275905016785786,5.203163389784737,5.211721420288086,196700,0.085,0.0
2012-11-09 00:00:00-05:00,5.198886223499947,5.2202808992979115,5.1817705644754755,5.190328598022461,196800,0.0,0.0
2012-11-12 00:00:00-05:00,5.186047379381974,5.198884016182836,5.16037410578025,5.177489757537842,178600,0.0,0.0
2012-11-13 00:00:00-05:00,5.186046109979477,5.186046109979477,5.134699167275034,5.147535800933838,232100,0.0,0.0
2012-11-14 00:00:00-05:00,5.1774895004840955,5.1774895004840955,5.027727248988627,5.03200626373291,373800,0.0,0.0
2012-11-15 00:00:00-05:00,4.967821908005144,5.014890250654417,4.929312002295661,4.997774600982666,662600,0.0,0.0
2012-11-16 00:00:00-05:00,5.014890557124526,5.1090264320373535,4.993495891710047,5.1090264320373535,376400,0.0,0.0
2012-11-19 00:00:00-05:00,5.113305343171724,5.245951939599497,5.113305343171724,5.160373687744141,223800,0.0,0.0
2012-11-20 00:00:00-05:00,5.151813964032181,5.177487635179064,5.104746043010247,5.1133036613464355,216900,0.0,0.0
2012-11-21 00:00:00-05:00,5.147535760286641,5.203161716461182,5.113304465420652,5.203161716461182,165900,0.0,0.0
2012-11-23 00:00:00-05:00,5.22027898283945,5.228837013244629,5.198884314895854,5.228837013244629,51400,0.0,0.0
2012-11-26 00:00:00-05:00,5.224554767361734,5.224554767361734,5.177486853446437,5.215996742248535,151900,0.0,0.0
2012-11-27 00:00:00-05:00,5.220276181392561,5.233112812042236,5.1860448942806725,5.233112812042236,177700,0.0,0.0
2012-11-28 00:00:00-05:00,5.237391367401438,5.258786021994579,5.2159967128082965,5.250228404998779,190800,0.0,0.0
2012-11-29 00:00:00-05:00,5.258789184052338,5.2801838515098805,5.245952546805549,5.263068199157715,120200,0.0,0.0
2012-11-30 00:00:00-05:00,5.245949745178223,5.2630653883896885,5.2202760763264635,5.245949745178223,155200,0.0,0.0
2012-12-03 00:00:00-05:00,5.224554737873191,5.254507009462132,5.220275725340744,5.250228404998779,115200,0.0,0.0
2012-12-04 00:00:00-05:00,5.233113957002863,5.258787631988525,5.220277323544642,5.258787631988525,111700,0.0,0.0
2012-12-05 00:00:00-05:00,5.254509744946294,5.254509744946294,5.19888377727303,5.207441806793213,188000,0.0,0.0
2012-12-06 00:00:00-05:00,5.186047077178955,5.207441742646559,5.177489455833495,5.186047077178955,181600,0.0,0.0
2012-12-07 00:00:00-05:00,5.209745464313064,5.209745464313064,5.149417412665201,5.2054362297058105,224200,0.085,0.0
2012-12-10 00:00:00-05:00,5.179582890285587,5.21405595353613,5.162345947708987,5.188200950622559,219800,0.0,0.0
2012-12-11 00:00:00-05:00,5.188202262463908,5.1968207359313965,5.179584199947852,5.1968207359313965,238700,0.0,0.0
2012-12-12 00:00:00-05:00,5.179582951357637,5.226983311148194,5.179582951357637,5.214056015014648,238200,0.0,0.0
2012-12-13 00:00:00-05:00,5.192510123924346,5.218364715576172,5.1882008883319335,5.218364715576172,253500,0.0,0.0
2012-12-14 00:00:00-05:00,5.222672757183595,5.226981991790849,5.188199702228025,5.2054362297058105,193000,0.0,0.0
2012-12-17 00:00:00-05:00,5.205438857930235,5.2312938676767144,5.188202321749729,5.192511558532715,235700,0.0,0.0
2012-12-18 00:00:00-05:00,5.183891776101262,5.252837903415285,5.183891776101262,5.214056015014648,288100,0.0,0.0
2012-12-19 00:00:00-05:00,5.218364302574219,5.274383127988058,5.218364302574219,5.2442193031311035,205900,0.0,0.0
2012-12-20 00:00:00-05:00,5.226983957310546,5.265766261456805,5.218365484855206,5.257147789001465,171900,0.0,0.0
2012-12-21 00:00:00-05:00,5.196819483186143,5.2442198429767,5.196819483186143,5.214056015014648,261800,0.0,0.0
2012-12-24 00:00:00-05:00,5.19250893683528,5.226981991790849,5.188199702228025,5.2054362297058105,191300,0.0,0.0
2012-12-26 00:00:00-05:00,5.1925107153453265,5.257147612788285,5.1795834180470095,5.239911079406738,172300,0.0,0.0
2012-12-27 00:00:00-05:00,5.255098944624187,5.259438514709473,5.185667478636342,5.259438514709473,206200,0.085,0.0
2012-12-28 00:00:00-05:00,5.21604309521899,5.242079683249521,5.19434566263081,5.203024387359619,195300,0.0,0.0
2012-12-31 00:00:00-05:00,5.194348335189798,5.276798124833431,5.194348335189798,5.272458553314209,255400,0.0,0.0
2013-01-02 00:00:00-05:00,5.333211252656727,5.354908696162817,5.2984955085847085,5.346229553222656,142700,0.0,0.0
2013-01-03 00:00:00-05:00,5.3288709716021545,5.41132116317749,5.3288709716021545,5.41132116317749,270700,0.0,0.0
2013-01-04 00:00:00-05:00,5.424339127659699,5.463394435593926,5.415659986410212,5.437357425689697,259600,0.0,0.0
2013-01-07 00:00:00-05:00,5.415659759008028,5.5111282395225265,5.415659759008028,5.5024495124816895,332700,0.0,0.0
2013-01-08 00:00:00-05:00,5.48509152031639,5.498109817504883,5.441696644562469,5.498109817504883,197600,0.0,0.0
2013-01-09 00:00:00-05:00,5.485090959258704,5.511127550972467,5.463393523601127,5.476411819458008,180900,0.0,0.0
2013-01-10 00:00:00-05:00,5.459054943177785,5.52414684810454,5.459054943177785,5.515468120574951,319200,0.0,0.0
2013-01-11 00:00:00-05:00,5.519806611600036,5.524145767593982,5.48509088058352,5.511127471923828,202300,0.0,0.0
2013-01-14 00:00:00-05:00,5.48509088058352,5.519806611600036,5.48509088058352,5.511127471923828,220200,0.0,0.0
2013-01-15 00:00:00-05:00,5.511128549888037,5.52414684810454,5.480752382768117,5.515468120574951,242000,0.0,0.0
2013-01-16 00:00:00-05:00,5.498109176253674,5.53282490727019,5.4937696064155705,5.511127471923828,194100,0.0,0.0
2013-01-17 00:00:00-05:00,5.532824641643429,5.537164211273193,5.506787637708981,5.537164211273193,204200,0.0,0.0
2013-01-18 00:00:00-05:00,5.537164211273193,5.545842936688585,5.515466776968509,5.537164211273193,112800,0.0,0.0
2013-01-22 00:00:00-05:00,5.53282551228799,5.57188081741333,5.53282551228799,5.57188081741333,179700,0.0,0.0
2013-01-23 00:00:00-05:00,5.576220075755305,5.589238372120689,5.554522639250214,5.558862209320068,218700,0.0,0.0
2013-01-24 00:00:00-05:00,5.576220387725969,5.59357825513232,5.554522950006979,5.57188081741333,190900,0.0,0.0
2013-01-25 00:00:00-05:00,5.537164772814977,5.563201365545743,5.51980690637974,5.558862209320068,216800,0.0,0.0
2013-01-28 00:00:00-05:00,5.545843601226807,5.563201467981656,5.519807008016626,5.545843601226807,184300,0.0,0.0
2013-01-29 00:00:00-05:00,5.545841058966443,5.554520195287371,5.511125341370721,5.51980447769165,231200,0.0,0.0
2013-01-30 00:00:00-05:00,5.5328256778909415,5.537165248333468,5.4850916445558004,5.5024495124816895,189200,0.0,0.0
2013-01-31 00:00:00-05:00,5.511127207338745,5.537164211273193,5.489429773034061,5.537164211273193,198300,0.0,0.0
2013-02-01 00:00:00-05:00,5.550183171376566,5.554522741526325,5.532825304621716,5.545843601226807,189800,0.0,0.0
2013-02-04 00:00:00-05:00,5.545844287694872,5.550183858381786,5.480752382768117,5.515468120574951,217200,0.0,0.0
2013-02-05 00:00:00-05:00,5.519806471454527,5.5545222015896245,5.498109036659053,5.54150390625,207600,0.0,0.0
2013-02-06 00:00:00-05:00,5.519806657933067,5.550182819366455,5.519806657933067,5.550182819366455,166100,0.0,0.0
2013-02-07 00:00:00-05:00,5.5545223426165515,5.5545223426165515,5.502448746091779,5.511127471923828,204000,0.0,0.0
2013-02-08 00:00:00-05:00,5.5133131466104075,5.530787973674437,5.495838319546379,5.526419162750244,311400,0.085,0.0
2013-02-11 00:00:00-05:00,5.5395243057549255,5.5395243057549255,5.48273102686183,5.513311862945557,239800,0.0,0.0
2013-02-12 00:00:00-05:00,5.487100139536737,5.530786991119385,5.473993709092542,5.530786991119385,296000,0.0,0.0
2013-02-13 00:00:00-05:00,5.530787973674437,5.548262800738466,5.508944335686215,5.526419162750244,257700,0.0,0.0
2013-02-14 00:00:00-05:00,5.5264178760339195,5.535155495847923,5.49146823004319,5.513311862945557,190600,0.0,0.0
2013-02-15 00:00:00-05:00,5.522050886518084,5.522050886518084,5.487101231642816,5.517682075500488,160500,0.0,0.0
2013-02-19 00:00:00-05:00,5.513313060378183,5.543893903103742,5.469626201717775,5.539525508880615,237800,0.0,0.0
2013-02-20 00:00:00-05:00,5.5264178760339195,5.543892699029284,5.473993407047826,5.513311862945557,180800,0.0,0.0
2013-02-21 00:00:00-05:00,5.508942439274546,5.508942439274546,5.4215683340322744,5.4783616065979,226800,0.0,0.0
2013-02-22 00:00:00-05:00,5.46962741014872,5.482733428979144,5.434677332212877,5.465258598327637,217800,0.0,0.0
2013-02-25 00:00:00-05:00,5.452147500098795,5.460885116268411,5.399723052978516,5.399723052978516,242500,0.0,0.0
2013-02-26 00:00:00-05:00,5.39535792013232,5.456519603729248,5.39535792013232,5.456519603729248,270900,0.0,0.0
2013-02-27 00:00:00-05:00,5.447780773921255,5.482730416018163,5.425937143452537,5.4783616065979,232600,0.0,0.0
2013-02-28 00:00:00-05:00,5.469624404389972,5.500205237066617,5.4390431550807286,5.4783616065979,203400,0.0,0.0
2013-03-01 00:00:00-05:00,5.45214916670892,5.482730416018163,5.4303059528728,5.4783616065979,169600,0.0,0.0
2013-03-04 00:00:00-05:00,5.48273148721125,5.48273148721125,5.4303070138234135,5.469625473022461,182400,0.0,0.0
2013-03-05 00:00:00-05:00,5.482733042113147,5.51331388943727,5.482733042113147,5.504576683044434,229900,0.0,0.0
2013-03-06 00:00:00-05:00,5.504575941394764,5.526419162750244,5.504575941394764,5.526419162750244,207400,0.0,0.0
2013-03-07 00:00:00-05:00,5.5220494725568265,5.561367511749268,5.517680662657896,5.561367511749268,194000,0.0,0.0
2013-03-08 00:00:00-05:00,5.5723622274235,5.585556337749847,5.5327794770112515,5.58115816116333,168400,0.085,0.0
2013-03-11 00:00:00-04:00,5.567965816378349,5.581159930888407,5.550373523887159,5.563567638397217,152900,0.0,0.0
2013-03-12 00:00:00-04:00,5.554769828995311,5.598750335677938,5.550371652497089,5.576760292053223,159300,0.0,0.0
2013-03-13 00:00:00-04:00,5.581157853929033,5.5899542066178425,5.563565567984596,5.5855560302734375,144300,0.0,0.0
2013-03-14 00:00:00-04:00,5.57676009701781,5.5855560302734375,5.563565567984596,5.5855560302734375,157200,0.0,0.0
2013-03-15 00:00:00-04:00,5.603148512176159,5.603148512176159,5.541575718933843,5.576760292053223,241100,0.0,0.0
2013-03-18 00:00:00-04:00,5.52838134765625,5.598750495908908,5.510789060593085,5.52838134765625,264600,0.0,0.0
2013-03-19 00:00:00-04:00,5.515188999348927,5.5591699407755835,5.497596706664933,5.537179470062256,211400,0.0,0.0
2013-03-20 00:00:00-04:00,5.563567329770172,5.585557799022619,5.537179102213886,5.567965507507324,205000,0.0,0.0
2013-03-21 00:00:00-04:00,5.5723634867031295,5.603149890899658,5.567965309122682,5.603149890899658,289100,0.0,0.0
2013-03-22 00:00:00-04:00,5.589955777591617,5.6163444236409985,5.58555760001117,5.603149890899658,246800,0.0,0.0
2013-03-25 00:00:00-04:00,5.5987516027121975,5.625140248240254,5.567965199123874,5.572363376617432,197000,0.0,0.0
2013-03-26 00:00:00-04:00,5.594353983324699,5.620742210073575,5.585557628119539,5.616344451904297,193400,0.0,0.0
2013-03-27 00:00:00-04:00,5.607547899765325,5.625140190124512,5.603149722317206,5.625140190124512,151800,0.0,0.0
2013-03-28 00:00:00-04:00,5.64713147367319,5.64713147367319,5.589956416888439,5.633937358856201,242500,0.0,0.0
2013-04-01 00:00:00-04:00,5.62514063716951,5.6427329289268044,5.61194652320987,5.63833475112915,121200,0.0,0.0
2013-04-02 00:00:00-04:00,5.638334501050593,5.638334501050593,5.585557628119539,5.616344451904297,213200,0.0,0.0
2013-04-03 00:00:00-04:00,5.576760451654859,5.589954562093929,5.52838134765625,5.52838134765625,310300,0.0,0.0
2013-04-04 00:00:00-04:00,5.523984375925115,5.563566712870572,5.515188021426168,5.55037260055542,176300,0.0,0.0
2013-04-05 00:00:00-04:00,5.501993771103572,5.5679647504578424,5.466809192856861,5.559168815612793,247100,0.0,0.0
2013-04-08 00:00:00-04:00,5.583519555509586,5.59237545956058,5.548096783851102,5.579092025756836,197200,0.085,0.0
2013-04-09 00:00:00-04:00,5.605659624932225,5.605659624932225,5.574664801254253,5.596804141998291,198200,0.0,0.0
2013-04-10 00:00:00-04:00,5.570236121705841,5.605658893364325,5.561380639927594,5.579092025756836,237600,0.0,0.0
2013-04-11 00:00:00-04:00,5.596804141998291,5.632226918279632,5.574664801254253,5.596804141998291,197300,0.0,0.0
2013-04-12 00:00:00-04:00,5.565809950016272,5.6322279848256285,5.561382418847287,5.6233720779418945,242600,0.0,0.0
2013-04-15 00:00:00-04:00,5.623368699820035,5.623368699820035,5.543667697109562,5.587945938110352,248100,0.0,0.0
2013-04-16 00:00:00-04:00,5.587949047826297,5.6145163450296804,5.570237657114996,5.605660438537598,205300,0.0,0.0
2013-04-17 00:00:00-04:00,5.605660438537598,5.618943876002858,5.587949047826297,5.605660438537598,216400,0.0,0.0
2013-04-18 00:00:00-04:00,5.601236491071109,5.605664447483847,5.561386150175965,5.592381000518799,141500,0.0,0.0
2013-04-19 00:00:00-04:00,5.601231098175049,5.6056590503245305,5.565808325524717,5.601231098175049,166500,0.0,0.0
2013-04-22 00:00:00-04:00,5.601236491071109,5.610092403896585,5.570241640728275,5.592381000518799,138800,0.0,0.0
2013-04-23 00:00:00-04:00,5.596806106907741,5.649940289983938,5.596806106907741,5.627800941467285,285600,0.0,0.0
2013-04-24 00:00:00-04:00,5.6455117862155575,5.672079086303711,5.627800393581092,5.672079086303711,169200,0.0,0.0
2013-04-25 00:00:00-04:00,5.680933541691148,5.711928367614746,5.676505588766967,5.711928367614746,188700,0.0,0.0
2013-04-26 00:00:00-04:00,5.707501270055485,5.7163567543029785,5.685361926027456,5.7163567543029785,121200,0.0,0.0
2013-04-29 00:00:00-04:00,5.694218604229868,5.738497301570217,5.689791072314196,5.734069347381592,215000,0.0,0.0
2013-04-30 00:00:00-04:00,5.742924071995458,5.751779556274414,5.720784727888768,5.751779556274414,201400,0.0,0.0
2013-05-01 00:00:00-04:00,5.756208030613975,5.760635984290714,5.738496638179925,5.747352123260498,159900,0.0,0.0
2013-05-02 00:00:00-04:00,5.756208807789951,5.765064716339111,5.7252139724138145,5.765064716339111,197700,0.0,0.0
2013-05-03 00:00:00-04:00,5.773918900381104,5.796058244487794,5.738496118719547,5.751779556274414,210600,0.0,0.0
2013-05-06 00:00:00-04:00,5.742924460783904,5.765063806389398,5.738496507208226,5.760635852813721,248200,0.0,0.0
2013-05-07 00:00:00-04:00,5.742925753242789,5.804915428161621,5.738497798670589,5.804915428161621,206900,0.0,0.0
2013-05-08 00:00:00-04:00,5.811601557040445,5.873996205477629,5.793774575348216,5.8561692237854,289200,0.085,0.0
2013-05-09 00:00:00-04:00,5.873995158075482,5.873995158075482,5.829427499277463,5.869538307189941,180200,0.0,0.0
2013-05-10 00:00:00-04:00,5.8739928121062075,5.92747372628728,5.865079113895099,5.918560028076172,230500,0.0,0.0
2013-05-13 00:00:00-04:00,5.923017588646335,5.945301411822281,5.891820491217155,5.909647464752197,216500,0.0,0.0
2013-05-14 00:00:00-04:00,5.923017086965385,5.945300908253887,5.905190114940292,5.9408440589904785,225400,0.0,0.0
2013-05-15 00:00:00-04:00,5.940846643109169,5.980957453869957,5.936389791907143,5.963130474090576,254300,0.0,0.0
2013-05-16 00:00:00-04:00,5.958672783300324,5.998783588409424,5.958672783300324,5.998783588409424,243000,0.0,0.0
2013-05-17 00:00:00-04:00,6.003241284851363,6.003241284851363,5.940846643109169,5.963130474090576,237700,0.0,0.0
2013-05-20 00:00:00-04:00,5.972042999408237,5.985413551330566,5.927475768086487,5.985413551330566,201700,0.0,0.0
2013-05-21 00:00:00-04:00,5.976498956833364,6.012152906573584,5.954215131988575,6.003239631652832,286100,0.0,0.0
2013-05-22 00:00:00-04:00,5.9943253949100495,5.9943253949100495,5.83833948502232,5.860622882843018,229400,0.0,0.0
2013-05-23 00:00:00-04:00,5.86062303007321,5.873993579135806,5.784858285499488,5.865079879760742,276300,0.0,0.0
2013-05-24 00:00:00-04:00,5.8472534992243475,5.856167199503678,5.816056398303938,5.8205132484436035,152800,0.0,0.0
2013-05-28 00:00:00-04:00,5.8561681795620135,5.873995158075482,5.816057371649534,5.869538307189941,194200,0.0,0.0
2013-05-29 00:00:00-04:00,5.824968962436213,5.856166484576619,5.718007122314004,5.767031192779541,323000,0.0,0.0
2013-05-30 00:00:00-04:00,5.726924242528662,5.851713130548202,5.726924242528662,5.83388614654541,216500,0.0,0.0
2013-05-31 00:00:00-04:00,5.793773150554393,5.833883955755125,5.735835368045409,5.744749069213867,215700,0.0,0.0
2013-06-03 00:00:00-04:00,5.744748239157639,5.793772313414697,5.575391766685161,5.718007564544678,681800,0.0,0.0
2013-06-04 00:00:00-04:00,5.700181413428906,5.771489322661912,5.65115733208838,5.744749069213867,495100,0.0,0.0
2013-06-05 00:00:00-04:00,5.726921081542969,5.749204480475472,5.651156335092404,5.726921081542969,374200,0.0,0.0
2013-06-06 00:00:00-04:00,5.722464231745032,5.731377506312315,5.660069609659687,5.726921081542969,241100,0.0,0.0
2013-06-07 00:00:00-04:00,5.751596794093905,5.756083321843214,5.6932732169293825,5.720191955566406,278600,0.085,0.0
2013-06-10 00:00:00-04:00,5.715705656698751,5.724678712556691,5.630463765342586,5.666355133056641,310400,0.0,0.0
2013-06-11 00:00:00-04:00,5.617004590503643,5.657382058151875,5.531762271575612,5.558681011199951,267400,0.0,0.0
2013-06-12 00:00:00-04:00,5.572140183933292,5.608031551635048,5.545221444227549,5.567653656005859,251600,0.0,0.0
2013-06-13 00:00:00-04:00,5.572138363579706,5.585597515106201,5.4599777691885825,5.585597515106201,247800,0.0,0.0
2013-06-14 00:00:00-04:00,5.603543350023477,5.643921233592471,5.572138519629248,5.612516403198242,170200,0.0,0.0
2013-06-17 00:00:00-04:00,5.612517642106854,5.679813844337676,5.594571959654714,5.670841217041016,250600,0.0,0.0
2013-06-18 00:00:00-04:00,5.66635457185016,5.6843002539298135,5.59457184353155,5.648408889770508,176200,0.0,0.0
2013-06-19 00:00:00-04:00,5.648406673088275,5.648406673088275,5.567650921492528,5.590083122253418,207600,0.0,0.0
2013-06-20 00:00:00-04:00,5.563165380336178,5.603543263280119,5.446518685881005,5.5003557205200195,405400,0.0,0.0
2013-06-21 00:00:00-04:00,5.518304761690245,5.549709610737021,5.4689537956350485,5.509331703186035,185100,0.0,0.0
2013-06-24 00:00:00-04:00,5.459978887743384,5.47343804202718,5.244630279908653,5.4240875244140625,434200,0.0,0.0
2013-06-25 00:00:00-04:00,5.415112515965374,5.415112515965374,5.280520165968609,5.325384140014648,337400,0.0,0.0
2013-06-26 00:00:00-04:00,5.316415951524783,5.477927162975477,5.316415951524783,5.464468002319336,235700,0.0,0.0
2013-06-27 00:00:00-04:00,5.451006497045726,5.576626711860725,5.451006497045726,5.567653656005859,305900,0.0,0.0
2013-06-28 00:00:00-04:00,5.540735327403342,5.585599322965439,5.491384376068529,5.558681011199951,143500,0.0,0.0
2013-07-01 00:00:00-04:00,5.590084095582185,5.652894183077254,5.540733587602378,5.599056720733643,132800,0.0,0.0
2013-07-02 00:00:00-04:00,5.572139365501373,5.5900850467164025,5.486897058835893,5.495870113372803,254400,0.0,0.0
2013-07-03 00:00:00-04:00,5.428575136219938,5.518303562467605,5.428575136219938,5.455493450164795,198200,0.0,0.0
2013-07-05 00:00:00-04:00,5.442035087742959,5.468953405617958,5.374738437337568,5.419602870941162,178000,0.0,0.0
2013-07-08 00:00:00-04:00,5.41282320022583,5.467042177810854,5.41282320022583,5.41282320022583,270000,0.085,0.0
2013-07-09 00:00:00-04:00,5.439932956013413,5.471560335414711,5.399268936274185,5.467042446136475,199200,0.0,0.0
2013-07-10 00:00:00-04:00,5.439931671829611,5.521259692109274,5.421858826310866,5.507704734802246,184800,0.0,0.0
2013-07-11 00:00:00-04:00,5.557406945146192,5.579998116116895,5.543852414920069,5.5709614753723145,298500,0.0,0.0
2013-07-12 00:00:00-04:00,5.548371666891338,5.598072341409813,5.548371666891338,5.5935540199279785,137200,0.0,0.0
2013-07-15 00:00:00-04:00,5.620663353261429,5.643254530849786,5.584517641476407,5.625181674957275,190600,0.0,0.0
2013-07-16 00:00:00-04:00,5.607106496551613,5.674880001244299,5.584515328320718,5.602588176727295,226400,0.0,0.0
2013-07-17 00:00:00-04:00,5.625179183693377,5.670361518859863,5.6025880161101345,5.670361518859863,126000,0.0,0.0
2013-07-18 00:00:00-04:00,5.670363613755566,5.674881935119629,5.629699583260684,5.674881935119629,153700,0.0,0.0
2013-07-19 00:00:00-04:00,5.647770637979981,5.674880126634195,5.647770637979981,5.665843486785889,101900,0.0,0.0
2013-07-22 00:00:00-04:00,5.661328182297302,5.706510543823242,5.647773646195893,5.706510543823242,164500,0.0,0.0
2013-07-23 00:00:00-04:00,5.706509668223852,5.7562099135636995,5.692955134202234,5.73361873626709,163900,0.0,0.0
2013-07-24 00:00:00-04:00,5.733615829334558,5.778798161020418,5.6839156091926295,5.720061302185059,179800,0.0,0.0
2013-07-25 00:00:00-04:00,5.688433928539346,5.7471707873747055,5.6748794013898465,5.720061302185059,90100,0.0,0.0
2013-07-26 00:00:00-04:00,5.720062878842075,5.747172371504082,5.674880965593087,5.711026668548584,112200,0.0,0.0
2013-07-29 00:00:00-04:00,5.69295598403942,5.711028842396428,5.593555047630414,5.620664119720459,193500,0.0,0.0
2013-07-30 00:00:00-04:00,5.647771530541969,5.69747176489006,5.620662037603427,5.6884355545043945,151800,0.0,0.0
2013-07-31 00:00:00-04:00,5.683917421840237,5.729099767935116,5.6432533965330025,5.692954063415527,218900,0.0,0.0
2013-08-01 00:00:00-04:00,5.711025803328214,5.747171500807639,5.6929529545885025,5.738134860992432,172900,0.0,0.0
2013-08-02 00:00:00-04:00,5.7155458806079755,5.747173701179576,5.670363956905624,5.73361873626709,110500,0.0,0.0
2013-08-05 00:00:00-04:00,5.7607278865826155,5.7607278865826155,5.652290759190157,5.674881935119629,158100,0.0,0.0
2013-08-06 00:00:00-04:00,5.6477699162002,5.720061302185059,5.638733277506768,5.720061302185059,176800,0.0,0.0
2013-08-07 00:00:00-04:00,5.706509815992036,5.733618884737254,5.661327460228835,5.724582672119141,198500,0.0,0.0
2013-08-08 00:00:00-04:00,5.754146814197744,5.754146814197744,5.640428494282366,5.663172245025635,196600,0.085,0.0
2013-08-09 00:00:00-04:00,5.644978041895176,5.6904655491086,5.62678312577001,5.681367874145508,91300,0.0,0.0
2013-08-12 00:00:00-04:00,5.649526168100059,5.667721081934482,5.617685177340062,5.663172245025635,115900,0.0,0.0
2013-08-13 00:00:00-04:00,5.681367869652227,5.717757701873779,5.6449780374306755,5.717757701873779,257600,0.0,0.0
2013-08-14 00:00:00-04:00,5.717759703299597,5.717759703299597,5.622236251831055,5.622236251831055,301500,0.0,0.0
2013-08-15 00:00:00-04:00,5.626783847808838,5.644978766268808,5.5994916870194205,5.626783847808838,170100,0.0,0.0
2013-08-16 00:00:00-04:00,5.626781597649613,5.713207751123314,5.576745700344403,5.581294536590576,239900,0.0,0.0
2013-08-19 00:00:00-04:00,5.608590160395572,5.608590160395572,5.522164387191125,5.535810470581055,188700,0.0,0.0
2013-08-20 00:00:00-04:00,5.513064621180233,5.558552126988064,5.50396738029927,5.531259536743164,118500,0.0,0.0
2013-08-21 00:00:00-04:00,5.517614464823868,5.558553140757112,5.4630297081799055,5.508516788482666,235100,0.0,0.0
2013-08-22 00:00:00-04:00,5.513065990553972,5.604040590965534,5.503968747413373,5.554004669189453,112200,0.0,0.0
2013-08-23 00:00:00-04:00,5.5540027132321494,5.599490214319119,5.549453876363261,5.576746463775635,202900,0.0,0.0
2013-08-26 00:00:00-04:00,5.563100530528042,5.626782951898805,5.517613458521217,5.531259536743164,208700,0.0,0.0
2013-08-27 00:00:00-04:00,5.503967427519558,5.544905662536621,5.463028758701485,5.544905662536621,186300,0.0,0.0
2013-08-28 00:00:00-04:00,5.549454264554782,5.549454264554782,5.4630285270050996,5.490320682525635,187300,0.0,0.0
2013-08-29 00:00:00-04:00,5.472126483917236,5.49487023902899,5.463029242153163,5.472126483917236,152900,0.0,0.0
2013-08-30 00:00:00-04:00,5.494867568625012,5.5176113126837265,5.467575422795224,5.513062477111816,113100,0.0,0.0
2013-09-03 00:00:00-04:00,5.522161722374013,5.540356636047363,5.485771895027311,5.540356636047363,141600,0.0,0.0
2013-09-04 00:00:00-04:00,5.5267089760893,5.581294139558605,5.490319156310344,5.499416828155518,628100,0.0,0.0
2013-09-05 00:00:00-04:00,5.485772511800526,5.5585521746766515,5.485772511800526,5.544905662536621,165800,0.0,0.0
2013-09-06 00:00:00-04:00,5.540357923812338,5.563101245839618,5.490321574229777,5.549455165863037,157300,0.0,0.0
2013-09-09 00:00:00-04:00,5.579227731857492,5.592969549422969,5.542582593786548,5.56548547744751,189400,0.085,0.0
2013-09-10 00:00:00-04:00,5.570069457580713,5.606714616892842,5.542585806518995,5.583811283111572,238200,0.0,0.0
2013-09-11 00:00:00-04:00,5.565488193208252,5.592972278594971,5.524262720395251,5.592972278594971,214600,0.0,0.0
2013-09-12 00:00:00-04:00,5.620451604217186,5.620451604217186,5.533419104901299,5.542580604553223,235700,0.0,0.0
2013-09-13 00:00:00-04:00,5.533419795084231,5.588387489318848,5.533419795084231,5.588387489318848,141800,0.0,0.0
2013-09-16 00:00:00-04:00,5.6433592588184505,5.6433592588184505,5.574649700618731,5.592972278594971,194600,0.0,0.0
2013-09-17 00:00:00-04:00,5.606712251330378,5.680002539032279,5.592970431597414,5.666260719299316,261600,0.0,0.0
2013-09-18 00:00:00-04:00,5.670843052428847,5.7212300300598145,5.64335896845624,5.7212300300598145,191600,0.0,0.0
2013-09-19 00:00:00-04:00,5.702907232448509,5.721229808773333,5.661681326506488,5.716649055480957,180000,0.0,0.0
2013-09-20 00:00:00-04:00,5.725809679824898,5.725809679824898,5.680003027648454,5.707487106323242,169800,0.0,0.0
2013-09-23 00:00:00-04:00,5.702906353736676,5.716648174651764,5.666261206733365,5.707487106323242,166600,0.0,0.0
2013-09-24 00:00:00-04:00,5.7029080035900135,5.725811336304178,5.68916617869941,5.712069511413574,175200,0.0,0.0
2013-09-25 00:00:00-04:00,5.69832560115011,5.725809679824898,5.666261206733365,5.707487106323242,162400,0.0,0.0
2013-09-26 00:00:00-04:00,5.70290668195391,5.725810009360279,5.666261532841575,5.6937456130981445,170700,0.0,0.0
2013-09-27 00:00:00-04:00,5.675423038541977,5.716648503659877,5.670842285691776,5.6937456130981445,132900,0.0,0.0
2013-09-30 00:00:00-04:00,5.679999295527763,5.7395477294921875,5.666257483641918,5.7395477294921875,209600,0.0,0.0
2013-10-01 00:00:00-04:00,5.739552575302585,5.771617412567139,5.716649244926388,5.771617412567139,205100,0.0,0.0
2013-10-02 00:00:00-04:00,5.675423038541977,5.707487434804111,5.661680779991374,5.6937456130981445,387300,0.0,0.0
2013-10-03 00:00:00-04:00,5.661680039222198,5.693744868133635,5.6387771516570595,5.657099723815918,190600,0.0,0.0
2013-10-04 00:00:00-04:00,5.592971016637285,5.698325707018011,5.592971016637285,5.689164638519287,158300,0.0,0.0
2013-10-07 00:00:00-04:00,5.647936469216758,5.698323417829326,5.647936469216758,5.670839786529541,108500,0.0,0.0
2013-10-08 00:00:00-04:00,5.686986777805352,5.691599200333975,5.599352949085618,5.636251449584961,175700,0.085,0.0
2013-10-09 00:00:00-04:00,5.613189707013334,5.640863362111341,5.590128034521784,5.6224141120910645,133400,0.0,0.0
2013-10-10 00:00:00-04:00,5.645474031438863,5.673148117807785,5.627024787147809,5.659311294555664,219800,0.0,0.0
2013-10-11 00:00:00-04:00,5.636250740935456,5.719272136688232,5.636250740935456,5.719272136688232,113200,0.0,0.0
2013-10-14 00:00:00-04:00,5.705433832337023,5.705433832337023,5.659310944395501,5.69620943069458,139600,0.0,0.0
2013-10-15 00:00:00-04:00,5.7008203793353,5.71465763909043,5.65930991966363,5.682371139526367,233400,0.0,0.0
2013-10-16 00:00:00-04:00,5.6777593574194665,5.7377190589904785,5.6777593574194665,5.7377190589904785,189500,0.0,0.0
2013-10-17 00:00:00-04:00,5.7284927649242325,5.866862242504249,5.7284927649242325,5.857637405395508,221400,0.0,0.0
2013-10-18 00:00:00-04:00,5.848416720494039,5.848416720494039,5.797680963919804,5.825355052947998,183300,0.0,0.0
2013-10-21 00:00:00-04:00,5.825357014508401,5.843806266784668,5.797682916161565,5.843806266784668,139400,0.0,0.0
2013-10-22 00:00:00-04:00,5.8345764628985535,5.917598247528076,5.8345764628985535,5.917598247528076,210200,0.0,0.0
2013-10-23 00:00:00-04:00,5.9037636451240765,5.90837606597062,5.866865158081055,5.866865158081055,220900,0.0,0.0
2013-10-24 00:00:00-04:00,5.89915101411102,5.949886322021484,5.889926612611229,5.949886322021484,281500,0.0,0.0
2013-10-25 00:00:00-04:00,5.94988543472229,5.968334674835205,5.912986954496461,5.968334674835205,214200,0.0,0.0
2013-10-28 00:00:00-04:00,5.949887741407855,5.963725006755484,5.9268265122246415,5.9406633377075195,149100,0.0,0.0
2013-10-29 00:00:00-04:00,5.949887227404607,5.968336473076221,5.9129887360613775,5.926826000213623,194100,0.0,0.0
2013-10-30 00:00:00-04:00,5.917599160163044,5.959110058879776,5.86686386165624,5.903762340545654,225500,0.0,0.0
2013-10-31 00:00:00-04:00,5.931437981732992,5.936050403117074,5.880702666102231,5.926826000213623,157700,0.0,0.0
2013-11-01 00:00:00-04:00,5.90837726495922,5.949887741407855,5.89453999961159,5.9406633377075195,116600,0.0,0.0
2013-11-04 00:00:00-05:00,5.940661313609667,5.9498857141670705,5.894537991228843,5.912987232208252,138500,0.0,0.0
2013-11-05 00:00:00-05:00,5.89914844686287,5.903760865537811,5.857637558517304,5.889924049377441,125800,0.0,0.0
2013-11-06 00:00:00-05:00,5.903764198789899,5.912988601483405,5.885314953538184,5.8945393562316895,170500,0.0,0.0
2013-11-07 00:00:00-05:00,5.93400518354884,5.9432917893800425,5.88293017990644,5.896859645843506,167300,0.085,0.0
2013-11-08 00:00:00-05:00,5.915431815424841,5.952577349367093,5.89221574600851,5.943291187286377,155600,0.0,0.0
2013-11-11 00:00:00-05:00,5.966508967798862,5.975795132542697,5.934006284170889,5.971151828765869,138300,0.0,0.0
2013-11-12 00:00:00-05:00,5.961865866699084,5.9665091706337625,5.878288167114196,5.892217636108398,93300,0.0,0.0
2013-11-13 00:00:00-05:00,5.906147175333406,5.947936022489674,5.873644492650861,5.929363250732422,160800,0.0,0.0
2013-11-14 00:00:00-05:00,5.943294245290844,5.989725965204336,5.929364773597789,5.985083103179932,151300,0.0,0.0
2013-11-15 00:00:00-05:00,5.989728717332696,6.0175881163294145,5.9386536691171905,5.9990153312683105,218400,0.0,0.0
2013-11-18 00:00:00-05:00,6.022228656234693,6.031514823093423,5.971153188676955,5.985083103179932,243500,0.0,0.0
2013-11-19 00:00:00-05:00,6.008298741731717,6.008298741731717,5.966510326652551,5.985083103179932,168400,0.0,0.0
2013-11-20 00:00:00-05:00,5.99436910293572,6.008298574240468,5.943294079611704,5.961866855621338,191800,0.0,0.0
2013-11-21 00:00:00-05:00,5.980436721228629,5.980436721228629,5.920075117870046,5.943291187286377,160000,0.0,0.0
2013-11-22 00:00:00-05:00,5.920074348373284,5.994365406601368,5.920074348373284,5.966506481170654,168300,0.0,0.0
2013-11-25 00:00:00-05:00,5.947936195501372,5.98972460106336,5.929363423203881,5.971151828765869,205800,0.0,0.0
2013-11-26 00:00:00-05:00,5.952578717423308,6.012940334654549,5.93400594618368,5.975794792175293,175000,0.0,0.0
2013-11-27 00:00:00-05:00,5.999009889276021,6.02686882019043,5.975793818307531,6.02686882019043,129500,0.0,0.0
2013-11-29 00:00:00-05:00,6.02686909474925,6.036155700683594,6.003653465532877,6.036155700683594,71300,0.0,0.0
2013-12-02 00:00:00-05:00,6.022226196309237,6.031512359374807,6.008296287496273,6.017582893371582,94900,0.0,0.0
2013-12-03 00:00:00-05:00,6.012940334654549,6.012940334654549,5.9572220209356646,5.975794792175293,181200,0.0,0.0
2013-12-04 00:00:00-05:00,5.989726485081293,6.008299263220693,5.929365288235709,5.95258092880249,157500,0.0,0.0
2013-12-05 00:00:00-05:00,5.929362021923903,5.961864255060837,5.896859345977253,5.920075416564941,174400,0.0,0.0
2013-12-06 00:00:00-05:00,5.934005260467529,5.966507938488311,5.920075794349905,5.934005260467529,167200,0.0,0.0
2013-12-09 00:00:00-05:00,5.950367741261839,5.992436399857687,5.926996660508406,5.987762451171875,228300,0.085,0.0
2013-12-10 00:00:00-05:00,5.9830864927917125,5.987760886030476,5.945692238430957,5.969063758850098,137400,0.0,0.0
2013-12-11 00:00:00-05:00,5.95036657926796,5.973738101232169,5.908298374662028,5.959715366363525,161300,0.0,0.0
2013-12-12 00:00:00-05:00,5.955041795032312,5.983087714416623,5.9129731388432285,5.941019058227539,176700,0.0,0.0
2013-12-13 00:00:00-05:00,5.941017066807836,5.959714191538541,5.889600085242052,5.931668281555176,154300,0.0,0.0
2013-12-16 00:00:00-05:00,5.945693411888301,5.969064936920106,5.908299150147317,5.936344623565674,204000,0.0,0.0
2013-12-17 00:00:00-05:00,5.922320001784249,6.0064572868079775,5.912971216437337,6.0017828941345215,279300,0.0,0.0
2013-12-18 00:00:00-05:00,6.006458548398648,6.062549934937639,5.992435367432864,6.043852806091309,199100,0.0,0.0
2013-12-19 00:00:00-05:00,6.043852806091309,6.062549934937639,6.020481283589717,6.043852806091309,159100,0.0,0.0
2013-12-20 00:00:00-05:00,6.02515607124627,6.127990063738325,6.006458941177284,6.099944591522217,299900,0.0,0.0
2013-12-23 00:00:00-05:00,6.146684298477552,6.17005581149857,6.095267326450938,6.160707473754883,206400,0.0,0.0
2013-12-24 00:00:00-05:00,6.188756982592922,6.193431377410889,6.118642843422729,6.193431377410889,69800,0.0,0.0
2013-12-26 00:00:00-05:00,6.216799757302328,6.240171273781111,6.1279880838378755,6.156033992767334,188200,0.0,0.0
2013-12-27 00:00:00-05:00,6.191317878241395,6.191317878241395,6.064292591298594,6.116043567657471,164300,0.085,0.0
2013-12-30 00:00:00-05:00,6.092521197903722,6.120749293176459,6.059588793977491,6.068997859954834,150300,0.0,0.0
2013-12-31 00:00:00-05:00,6.1019322557333915,6.1066365655766095,6.031362224039527,6.083113670349121,151300,0.0,0.0
2014-01-02 00:00:00-05:00,6.078408017607037,6.163091863713176,6.05017991934819,6.144273281097412,186300,0.0,0.0
2014-01-03 00:00:00-05:00,6.11134147644043,6.15838816540917,6.007839478581966,6.11134147644043,247000,0.0,0.0
2014-01-06 00:00:00-05:00,6.163092651487047,6.163092651487047,6.068999277710698,6.092522621154785,224300,0.0,0.0
2014-01-07 00:00:00-05:00,6.083113939418109,6.116046353129636,6.059590594479667,6.101932525634766,202700,0.0,0.0
2014-01-08 00:00:00-05:00,6.0878168829061,6.163091659545898,6.054884476587079,6.163091659545898,163000,0.0,0.0
2014-01-09 00:00:00-05:00,6.144272768307844,6.177205172969354,6.111339914975971,6.167795658111572,167200,0.0,0.0
2014-01-10 00:00:00-05:00,6.1583855504101805,6.200727462768555,6.134862215914386,6.200727462768555,189300,0.0,0.0
2014-01-13 00:00:00-05:00,6.167799617114959,6.191322970688282,6.130162430865902,6.134867191314697,119100,0.0,0.0
2014-01-14 00:00:00-05:00,6.10663425400423,6.1207485242025435,6.064292789420181,6.097225189208984,177600,0.0,0.0
2014-01-15 00:00:00-05:00,6.101931233662884,6.181910320317193,6.078407893705077,6.177205562591553,170100,0.0,0.0
2014-01-16 00:00:00-05:00,6.196024700622033,6.2007294587697,6.130159432565979,6.191319942474365,156900,0.0,0.0
2014-01-17 00:00:00-05:00,6.1725013585541255,6.2007294587697,6.167796600406458,6.191319942474365,142800,0.0,0.0
2014-01-21 00:00:00-05:00,6.1913200079698685,6.238366692603371,6.172501423850555,6.228957176208496,178300,0.0,0.0
2014-01-22 00:00:00-05:00,6.23366069100085,6.261888785884485,6.2101373533762105,6.257184028625488,123300,0.0,0.0
2014-01-23 00:00:00-05:00,6.2571882464083055,6.304234504699707,6.2571882464083055,6.304234504699707,188500,0.0,0.0
2014-01-24 00:00:00-05:00,6.29012116042223,6.2995306820134225,6.13016288273744,6.158390998840332,152900,0.0,0.0
2014-01-27 00:00:00-05:00,6.177206870501391,6.186615939274476,6.087818249469408,6.101932525634766,132500,0.0,0.0
2014-01-28 00:00:00-05:00,6.116045182838565,6.1536823480700935,6.05017991934819,6.144273281097412,214900,0.0,0.0
2014-01-29 00:00:00-05:00,6.130157584686088,6.153680919663101,6.078406606672896,6.120748519897461,118100,0.0,0.0
2014-01-30 00:00:00-05:00,6.163091863713176,6.186614755480081,6.116045182838565,6.144273281097412,114800,0.0,0.0
2014-01-31 00:00:00-05:00,6.134863562222176,6.181910241538252,6.111340222564138,6.163091659545898,214500,0.0,0.0
2014-02-03 00:00:00-05:00,6.186613121662329,6.200727391399526,6.0878154768533586,6.116043567657471,122500,0.0,0.0
2014-02-04 00:00:00-05:00,6.13016034661299,6.139569864311346,6.059590758557313,6.106637001037598,205100,0.0,0.0
2014-02-05 00:00:00-05:00,6.106637001037598,6.1160465187359545,6.083114104132705,6.106637001037598,110100,0.0,0.0
2014-02-06 00:00:00-05:00,6.116044980229823,6.1725007262068825,6.111340222564138,6.163091659545898,124500,0.0,0.0
2014-02-07 00:00:00-05:00,6.212812476884244,6.269636927549578,6.16545899379676,6.203341960906982,161000,0.085,0.0
2014-02-10 00:00:00-05:00,6.174929362968763,6.260166262740604,6.165458847216659,6.236489295959473,167200,0.0,0.0
2014-02-11 00:00:00-05:00,6.269635587308381,6.2980480323677,6.241223593849555,6.2933125495910645,176900,0.0,0.0
2014-02-12 00:00:00-05:00,6.293313871148313,6.335932321886658,6.260166387952085,6.321726322174072,254200,0.0,0.0
2014-02-13 00:00:00-05:00,6.331200524303908,6.359612991872139,6.302788508336528,6.345406532287598,176800,0.0,0.0
2014-02-14 00:00:00-05:00,6.369079020920421,6.39275598526001,6.350137539768857,6.39275598526001,216500,0.0,0.0
2014-02-18 00:00:00-05:00,6.3785505294799805,6.416433495003201,6.335932080366216,6.3785505294799805,288000,0.0,0.0
2014-02-19 00:00:00-05:00,6.38802285428682,6.430641315471056,6.373816851092308,6.402229309082031,292100,0.0,0.0
2014-02-20 00:00:00-05:00,6.402229309082031,6.421170797208281,6.3596108478977955,6.402229309082031,236400,0.0,0.0
2014-02-21 00:00:00-05:00,6.416433597000936,6.482728561920132,6.406962629669292,6.463787078857422,213900,0.0,0.0
2014-02-24 00:00:00-05:00,6.468520966257793,6.544286879811543,6.468520966257793,6.506403923034668,307800,0.0,0.0
2014-02-25 00:00:00-05:00,6.5111431054634545,6.558497054143478,6.4685246419715785,6.534820079803467,287500,0.0,0.0
2014-02-26 00:00:00-05:00,6.539555173453423,6.558496661471217,6.482730257799344,6.515878200531006,174600,0.0,0.0
2014-02-27 00:00:00-05:00,6.496935625767766,6.567966081053024,6.496935625767766,6.5442891120910645,145400,0.0,0.0
2014-02-28 00:00:00-05:00,6.553762062947181,6.58217407301618,6.487466620118252,6.53008508682251,152900,0.0,0.0
2014-03-03 00:00:00-05:00,6.530084566320639,6.534820051488267,6.416435631901888,6.43537712097168,243100,0.0,0.0
2014-03-04 00:00:00-05:00,6.477995355241863,6.530084335441944,6.45431838184157,6.482730388641357,188700,0.0,0.0
2014-03-05 00:00:00-05:00,6.496936016206731,6.591643446145472,6.496936016206731,6.563230991363525,243600,0.0,0.0
2014-03-06 00:00:00-05:00,6.577437400817871,6.615320372541463,6.56323094772104,6.577437400817871,225400,0.0,0.0
2014-03-07 00:00:00-05:00,6.622699492848593,6.646522244424836,6.49882200253828,6.560760974884033,160200,0.085,0.0
2014-03-10 00:00:00-04:00,6.527411229479277,6.603643697745917,6.527411229479277,6.58935022354126,137300,0.0,0.0
2014-03-11 00:00:00-04:00,6.584585365833967,6.594114651247047,6.441649719688473,6.451178550720215,311700,0.0,0.0
2014-03-12 00:00:00-04:00,6.470236606704774,6.5083528392382455,6.398768784299849,6.479765892028809,171400,0.0,0.0
2014-03-13 00:00:00-04:00,6.4940572293755014,6.527408808275759,6.403530866101682,6.465469837188721,280400,0.0,0.0
2014-03-14 00:00:00-04:00,6.489295176645239,6.4988244626354765,6.432120823847911,6.455943584442139,176000,0.0,0.0
2014-03-17 00:00:00-04:00,6.489292179607374,6.536937678791063,6.460705243602085,6.513114929199219,292200,0.0,0.0
2014-03-18 00:00:00-04:00,6.5369399308749765,6.58934963452812,6.5369399308749765,6.570291519165039,258000,0.0,0.0
2014-03-19 00:00:00-04:00,6.598879200335736,6.617937316510181,6.536940209173455,6.5559983253479,224900,0.0,0.0
2014-03-20 00:00:00-04:00,6.546469150950432,6.579821195606608,6.522646391733545,6.575056552886963,159900,0.0,0.0
2014-03-21 00:00:00-04:00,6.560762149327014,6.598878376919717,6.489293881804742,6.498823165893555,160800,0.0,0.0
2014-03-24 00:00:00-04:00,6.536940610707292,6.546469442189162,6.441650023981808,6.460708141326904,145500,0.0,0.0
2014-03-25 00:00:00-04:00,6.508351254558094,6.508351254558094,6.394002584799765,6.436883449554443,212900,0.0,0.0
2014-03-26 00:00:00-04:00,6.46546855762076,6.47499783792416,6.417823519247038,6.432116985321045,177300,0.0,0.0
2014-03-27 00:00:00-04:00,6.451176323848747,6.451176323848747,6.408295463054541,6.417824745178223,151400,0.0,0.0
2014-03-28 00:00:00-04:00,6.427353943399468,6.4368832260724265,6.374944251841817,6.422589302062988,169300,0.0,0.0
2014-03-31 00:00:00-04:00,6.455941337037136,6.455941337037136,6.413060473771237,6.422589302062988,133000,0.0,0.0
2014-04-01 00:00:00-04:00,6.479765610948686,6.598878946044203,6.479765610948686,6.594114303588867,287300,0.0,0.0
2014-04-02 00:00:00-04:00,6.656050766320221,6.756105948003673,6.5750536928440395,6.727518558502197,449300,0.0,0.0
2014-04-03 00:00:00-04:00,6.722757425039919,6.789461065754452,6.675112356856434,6.6941704750061035,313500,0.0,0.0
2014-04-04 00:00:00-04:00,6.7418122309836095,6.75610615335939,6.641757046258924,6.665579795837402,329100,0.0,0.0
2014-04-07 00:00:00-04:00,6.670344281926444,6.670344281926444,6.565524458840879,6.622698783874512,256800,0.0,0.0
2014-04-08 00:00:00-04:00,6.646694617842348,6.646694617842348,6.526718184001683,6.598703861236572,294900,0.1,0.0
2014-04-09 00:00:00-04:00,6.608303725433226,6.651494867168537,6.57471000496281,6.613102436065674,377600,0.0,0.0
2014-04-10 00:00:00-04:00,6.58910760122793,6.632299204235948,6.541117287187624,6.555514335632324,191500,0.0,0.0
2014-04-11 00:00:00-04:00,6.569911384077024,6.598705938640342,6.5315189497752115,6.555514335632324,184100,0.0,0.0
2014-04-14 00:00:00-04:00,6.574709892272949,6.59870527571943,6.5267195830538585,6.574709892272949,243500,0.0,0.0
2014-04-15 00:00:00-04:00,6.5939062048855295,6.613102420391463,6.531518390072776,6.589107036590576,334100,0.0,0.0
2014-04-16 00:00:00-04:00,6.603503268965048,6.718680539805722,6.5987041015949055,6.6754889488220215,388300,0.0,0.0
2014-04-17 00:00:00-04:00,6.646695794890269,6.680289055859,6.617901244292889,6.627499580383301,190600,0.0,0.0
2014-04-21 00:00:00-04:00,6.622700577401243,6.651494671042428,6.555513596115368,6.58430814743042,375600,0.0,0.0
2014-04-22 00:00:00-04:00,6.569911701923103,6.622701644897461,6.560313821720273,6.622701644897461,220100,0.0,0.0
2014-04-23 00:00:00-04:00,6.637099080333164,6.6850898571623105,6.637099080333164,6.656295299530029,221100,0.0,0.0
2014-04-24 00:00:00-04:00,6.6754886708119034,6.704283216159778,6.646694583137801,6.680287837982178,199100,0.0,0.0
2014-04-25 00:00:00-04:00,6.680290687944602,6.689888568706052,6.627501199571715,6.656295299530029,149200,0.0,0.0
2014-04-28 00:00:00-04:00,6.689888568706052,6.713883957120625,6.656295299530029,6.656295299530029,174500,0.0,0.0
2014-04-29 00:00:00-04:00,6.689889542405889,6.704287052154541,6.656296268340434,6.704287052154541,146300,0.0,0.0
2014-04-30 00:00:00-04:00,6.704281840226553,6.75707129524417,6.685085633158903,6.752272129058838,197000,0.0,0.0
2014-05-01 00:00:00-04:00,6.752272155188099,6.781066694737839,6.737875114250069,6.7762675285339355,167800,0.0,0.0
2014-05-02 00:00:00-04:00,6.7906671055319645,6.795466273528177,6.699485201973173,6.709083080291748,169100,0.0,0.0
2014-05-05 00:00:00-04:00,6.7378778293039305,6.742676997441677,6.69468623141194,6.7138824462890625,219500,0.0,0.0
2014-05-06 00:00:00-04:00,6.747474143470519,6.814660646568806,6.699483391822835,6.805062770843506,209900,0.0,0.0
2014-05-07 00:00:00-04:00,6.809861406426104,6.838655948638916,6.7570719463219575,6.838655948638916,231800,0.0,0.0
2014-05-08 00:00:00-04:00,6.867655358057369,6.886987233610118,6.814492815514373,6.853156566619873,140700,0.1,0.0
2014-05-09 00:00:00-04:00,6.8338246910671225,6.857989189826858,6.780661687615858,6.853156566619873,228200,0.0,0.0
2014-05-12 00:00:00-04:00,6.833823065570636,6.853154936525098,6.799991945719207,6.8289899826049805,183500,0.0,0.0
2014-05-13 00:00:00-04:00,6.862821358296267,6.915984354654461,6.814491906316699,6.906318187713623,325300,0.0,0.0
2014-05-14 00:00:00-04:00,6.9111552238464355,6.915988310081018,6.882157167347415,6.9111552238464355,165900,0.0,0.0
2014-05-15 00:00:00-04:00,6.930483506086956,6.9546484637928065,6.848322926432005,6.867654800415039,265700,0.0,0.0
2014-05-16 00:00:00-04:00,6.853156010154821,6.891819758120889,6.814492262188754,6.867654800415039,321000,0.0,0.0
2014-05-19 00:00:00-04:00,6.906317987087519,6.920816776169384,6.87248732559377,6.915984153747559,223100,0.0,0.0
2014-05-20 00:00:00-04:00,6.935315503308601,6.935315503308601,6.824156899639325,6.8289899826049805,185500,0.0,0.0
2014-05-21 00:00:00-04:00,6.814492125445827,6.877320368948769,6.799992874568326,6.862821578979492,272300,0.0,0.0
2014-05-22 00:00:00-04:00,6.891820317304253,6.9836466109471385,6.872488441752684,6.973980903625488,295200,0.0,0.0
2014-05-23 00:00:00-04:00,6.96914645197769,7.065805810768385,6.886985881778555,6.959480285644531,260800,0.0,0.0
2014-05-27 00:00:00-04:00,6.959478386714531,6.959478386714531,6.925647735595703,6.925647735595703,234700,0.0,0.0
2014-05-28 00:00:00-04:00,6.9449814970529715,6.998144029160809,6.911150836703273,6.959480285644531,145200,0.0,0.0
2014-05-29 00:00:00-04:00,6.969147931842034,7.0126447677612305,6.959481763456312,7.0126447677612305,266100,0.0,0.0
2014-05-30 00:00:00-04:00,7.027143559431537,7.041642351101844,6.969147931842034,7.0126447677612305,262800,0.0,0.0
2014-06-02 00:00:00-04:00,7.0126489249180635,7.0126489249180635,6.9643189761556075,7.007815837860107,207800,0.0,0.0
2014-06-03 00:00:00-04:00,6.983648641092446,6.998147436743852,6.9594836744011666,6.97881555557251,195100,0.0,0.0
2014-06-04 00:00:00-04:00,6.98364769229115,7.01264574056268,6.848324542476808,6.891821384429932,401300,0.0,0.0
2014-06-05 00:00:00-04:00,6.93048384473108,7.03197630332829,6.896653178834763,7.017477512359619,267400,0.0,0.0
2014-06-06 00:00:00-04:00,7.031977570554257,7.046476364135742,7.007812607312889,7.046476364135742,203800,0.0,0.0
2014-06-09 00:00:00-04:00,7.07080257000517,7.114599770412219,7.046470740435581,7.100000858306885,201400,0.1,0.0
2014-06-10 00:00:00-04:00,7.10486949276041,8.07813926085958,7.095136572315647,7.109735488891602,218500,0.0,0.0
2014-06-11 00:00:00-04:00,7.129204350500351,7.134070813101498,7.080541116763141,7.11460542678833,187300,0.0,0.0
2014-06-12 00:00:00-04:00,7.1486685772261955,7.168133960381878,7.061074585071292,7.124337196350098,205000,0.0,0.0
2014-06-13 00:00:00-04:00,7.134069517373965,7.153534900151727,7.090272290101168,7.119470596313477,177100,0.0,0.0
2014-06-16 00:00:00-04:00,7.119470734538342,7.134069655882269,7.095138889570903,7.124337196350098,140600,0.0,0.0
2014-06-17 00:00:00-04:00,7.27032628368384,7.27032628368384,7.070806019248187,7.172999382019043,212600,0.0,0.0
2014-06-18 00:00:00-04:00,7.163266995498804,7.2362620564542075,7.153534073189402,7.226529598236084,173400,0.0,0.0
2014-06-19 00:00:00-04:00,7.236263426549283,7.275194194975385,7.163268351773185,7.207065582275391,151200,0.0,0.0
2014-06-20 00:00:00-04:00,7.216798015667464,7.27519416809082,7.216798015667464,7.27519416809082,162300,0.0,0.0
2014-06-23 00:00:00-04:00,7.270326965488691,7.318990652930364,7.216797280575904,7.265460968017578,177700,0.0,0.0
2014-06-24 00:00:00-04:00,7.25573000023352,7.2654629259813,7.129204750061035,7.129204750061035,226600,0.0,0.0
2014-06-25 00:00:00-04:00,7.163264615261737,7.202195363380731,7.138932781664585,7.19246244430542,172100,0.0,0.0
2014-06-26 00:00:00-04:00,7.192468447184986,7.289795398712158,7.1778695204787875,7.289795398712158,160100,0.0,0.0
2014-06-27 00:00:00-04:00,7.2557314334305225,7.289795752093463,7.241132506016625,7.2849297523498535,154400,0.0,0.0
2014-06-30 00:00:00-04:00,7.284926014953706,7.333589236064781,7.158400804700578,7.202198028564453,283900,0.0,0.0
2014-07-01 00:00:00-04:00,7.1778689221322995,7.241131551374273,7.158403533449498,7.163269996643066,192400,0.0,0.0
2014-07-02 00:00:00-04:00,7.187599711407265,7.2654612429876515,7.163267866765561,7.241129398345947,196000,0.0,0.0
2014-07-03 00:00:00-04:00,7.255727763637743,7.343322212000789,7.226529923577593,7.323856830596924,120600,0.0,0.0
2014-07-07 00:00:00-04:00,7.299526948472264,7.362789571049994,7.289794023110416,7.343324184417725,174400,0.0,0.0
2014-07-08 00:00:00-04:00,7.362918949889328,7.362918949889328,7.220853330958493,7.245347499847412,187100,0.1,0.0
2014-07-09 00:00:00-04:00,7.235549165671449,7.274739643889807,7.225751312523183,7.269840717315674,163800,0.0,0.0
2014-07-10 00:00:00-04:00,7.2698402190644655,7.289435456830651,7.157167251518412,7.196357727050781,236700,0.0,0.0
2014-07-11 00:00:00-04:00,7.162069696302229,7.245349614518683,7.162069696302229,7.181664943695068,267600,0.0,0.0
2014-07-14 00:00:00-04:00,7.166965484619141,7.240447513347997,7.152269172310839,7.166965484619141,168300,0.0,0.0
2014-07-15 00:00:00-04:00,7.201260191087908,7.2159565098356495,7.12287920151655,7.181664943695068,224200,0.0,0.0
2014-07-16 00:00:00-04:00,7.17675988882214,7.225748199080598,7.127772045750833,7.137569427490234,154600,0.0,0.0
2014-07-17 00:00:00-04:00,7.157164758863079,7.191456763401375,7.103277990570267,7.142468452453613,197700,0.0,0.0
2014-07-18 00:00:00-04:00,7.108178894272956,7.15226829296457,7.0738868801865395,7.098381042480469,211200,0.0,0.0
2014-07-21 00:00:00-04:00,7.1228782572834,7.1669676748695315,7.11308086847953,7.157169818878174,125000,0.0,0.0
2014-07-22 00:00:00-04:00,7.162068173224863,7.2502470013344045,7.162068173224863,7.225752830505371,176700,0.0,0.0
2014-07-23 00:00:00-04:00,7.250244338602945,7.284535884857178,7.225750176769661,7.284535884857178,150600,0.0,0.0
2014-07-24 00:00:00-04:00,7.264940450448757,7.279636760272513,7.250244140625,7.250244140625,103100,0.0,0.0
2014-07-25 00:00:00-04:00,7.269837177906872,7.269837177906872,7.211051489199864,7.260039329528809,127000,0.0,0.0
2014-07-28 00:00:00-04:00,7.260044389353548,7.269842244560142,7.215954975298778,7.225752830505371,179100,0.0,0.0
2014-07-29 00:00:00-04:00,7.240445350036583,7.274737358093262,7.230647967154107,7.274737358093262,148200,0.0,0.0
2014-07-30 00:00:00-04:00,7.255146711074613,7.289438273619573,7.113081065575853,7.117979526519775,408300,0.0,0.0
2014-07-31 00:00:00-04:00,7.064093063844399,7.108182484806764,6.828949641107628,6.863241672515869,740800,0.0,0.0
2014-08-01 00:00:00-04:00,6.892631534076639,6.912226772485312,6.828946892451618,6.868137836456299,246400,0.0,0.0
2014-08-04 00:00:00-04:00,6.868139832078357,6.897532464638088,6.814252560406398,6.848544120788574,223300,0.0,0.0
2014-08-05 00:00:00-04:00,6.858339164632823,6.926922724466572,6.559511697789814,6.706475734710693,606400,0.0,0.0
2014-08-06 00:00:00-04:00,6.721174148980513,6.843644521031679,6.652590572444398,6.838745594024658,278900,0.0,0.0
2014-08-07 00:00:00-04:00,6.819149425657678,6.990608110082822,6.819149425657678,6.961215019226074,221500,0.0,0.0
2014-08-08 00:00:00-04:00,6.931617967105334,7.045089065877464,6.882282420379146,7.04015588760376,168300,0.1,0.0
2014-08-11 00:00:00-04:00,7.059886824259958,7.173357871793551,7.0352190620357415,7.069753646850586,212000,0.0,0.0
2014-08-12 00:00:00-04:00,7.0993538904380955,7.104287065674537,7.030284261646026,7.089486598968506,192900,0.0,0.0
2014-08-13 00:00:00-04:00,7.064820525153951,7.104288759445434,7.0056181737167265,7.020418643951416,205100,0.0,0.0
2014-08-14 00:00:00-04:00,7.069753373519062,7.1881580630194115,7.059886551309906,7.1634907722473145,180300,0.0,0.0
2014-08-15 00:00:00-04:00,7.202957168443052,7.227624452935664,7.1092197935772745,7.178289413452148,181800,0.0,0.0
2014-08-18 00:00:00-04:00,7.153621658461244,7.227624452935664,7.153621658461244,7.178289413452148,227500,0.0,0.0
2014-08-19 00:00:00-04:00,7.173357071354016,7.247359879270627,7.168423425360008,7.212825298309326,163900,0.0,0.0
2014-08-20 00:00:00-04:00,7.19802281070728,7.267091953245692,7.173355058158599,7.2473578453063965,214900,0.0,0.0
2014-08-21 00:00:00-04:00,7.222690563255961,7.3016269950131445,7.222690563255961,7.2473578453063965,293800,0.0,0.0
2014-08-22 00:00:00-04:00,7.267094222225646,7.291761982476258,7.222692818372616,7.281895160675049,224900,0.0,0.0
2014-08-25 00:00:00-04:00,7.291764231348082,7.316431999206543,7.28189740650382,7.316431999206543,131100,0.0,0.0
2014-08-26 00:00:00-04:00,7.316429595135916,7.360831468591639,7.311495949085639,7.341097354888916,263900,0.0,0.0
2014-08-27 00:00:00-04:00,7.346032832306525,7.355899656368496,7.30656459506164,7.326298713684082,165500,0.0,0.0
2014-08-28 00:00:00-04:00,7.272027492523193,7.321363010474528,7.262160671231948,7.272027492523193,197400,0.0,0.0
2014-08-29 00:00:00-04:00,7.267094409642821,7.316429931416399,7.262161233864187,7.286828994750977,142400,0.0,0.0
2014-09-02 00:00:00-04:00,7.286828430207615,7.286828430207615,7.227625620466667,7.272027492523193,228200,0.0,0.0
2014-09-03 00:00:00-04:00,7.281895181126777,7.296695649119355,7.2325596604869915,7.257227420806885,147400,0.0,0.0
2014-09-04 00:00:00-04:00,7.2769618248707495,7.281895471230959,7.207892187323056,7.252294063568115,303300,0.0,0.0
2014-09-05 00:00:00-04:00,7.217760484986175,7.247361426272002,7.178292249606087,7.202960014343262,278200,0.0,0.0
2014-09-08 00:00:00-04:00,7.212891960978176,7.232762167189834,7.153280868600117,7.188054084777832,238700,0.1,0.0
2014-09-09 00:00:00-04:00,7.193020630150196,7.212891308306905,7.128442821113058,7.143345355987549,174900,0.0,0.0
2014-09-10 00:00:00-04:00,7.163217914431968,7.163217914431968,7.123477492544835,7.1334123611450195,167400,0.0,0.0
2014-09-11 00:00:00-04:00,7.1383795738220215,7.148314915527261,7.113541693302089,7.1383795738220215,136500,0.0,0.0
2014-09-12 00:00:00-04:00,7.153282999067882,7.153282999067882,7.093672362679025,7.1185102462768555,173600,0.0,0.0
2014-09-15 00:00:00-04:00,7.133412256842324,7.1433475990404345,7.093671835536265,7.103607177734375,189300,0.0,0.0
2014-09-16 00:00:00-04:00,7.113542574808644,7.133412786938263,7.103607705615448,7.1185102462768555,281600,0.0,0.0
2014-09-17 00:00:00-04:00,7.143348643876058,7.163218857435442,7.118510758491012,7.128446102142334,220900,0.0,0.0
2014-09-18 00:00:00-04:00,7.143345355987549,7.158247890862039,7.128442821113058,7.143345355987549,194400,0.0,0.0
2014-09-19 00:00:00-04:00,7.153284695337111,7.222830691153936,7.153284695337111,7.19799280166626,186000,0.0,0.0
2014-09-22 00:00:00-04:00,7.212895819604869,7.237733235349206,7.178122584824787,7.19799280166626,203500,0.0,0.0
2014-09-23 00:00:00-04:00,7.197990930636113,7.217861142312566,7.17812071895966,7.207926273345947,186600,0.0,0.0
2014-09-24 00:00:00-04:00,7.202960474312463,7.212895819604869,7.183090257470989,7.19799280166626,202500,0.0,0.0
2014-09-25 00:00:00-04:00,7.1731519161752875,7.18805492788937,7.103606423148798,7.158249378204346,212700,0.0,0.0
2014-09-26 00:00:00-04:00,7.113543443774424,7.118511115849469,7.073803014660634,7.093673229217529,195700,0.0,0.0
2014-09-29 00:00:00-04:00,7.039029032975944,7.068834112754175,6.989353268354623,7.014191150665283,247100,0.0,0.0
2014-09-30 00:00:00-04:00,6.989354320529306,7.0539326347613365,6.979419450355372,7.043997764587402,222600,0.0,0.0
2014-10-01 00:00:00-04:00,7.014192287538362,7.148316589509119,7.014192287538362,7.068835258483887,283400,0.0,0.0
2014-10-02 00:00:00-04:00,7.034062285842214,7.043997629568983,6.979419316574781,7.0042572021484375,167000,0.0,0.0
2014-10-03 00:00:00-04:00,6.989353982513378,7.088705521907568,6.984386784538268,7.083737850189209,168200,0.0,0.0
2014-10-06 00:00:00-04:00,7.083737197001283,7.083737197001283,7.019158891847093,7.034061431884766,154400,0.0,0.0
2014-10-07 00:00:00-04:00,7.024055653929881,7.084090260548281,6.984032582850947,7.079087257385254,176900,0.1,0.0
2014-10-08 00:00:00-04:00,7.034060532003822,7.054072064333471,7.004042994953066,7.024054527282715,232200,0.0,0.0
2014-10-09 00:00:00-04:00,7.069081128818808,7.0790866571839,7.009046527290449,7.014049530029297,212100,0.0,0.0
2014-10-10 00:00:00-04:00,7.034062360463155,7.04406789067257,6.828943504374217,6.868966579437256,327500,0.0,0.0
2014-10-13 00:00:00-04:00,6.813932899874735,6.898982027816998,6.618820110399093,6.633829116821289,457100,0.0,0.0
2014-10-14 00:00:00-04:00,6.643840189821396,6.70387483428543,6.578802539040456,6.663851737976074,324400,0.0,0.0
2014-10-15 00:00:00-04:00,6.613818250179407,6.613818250179407,6.25861317339616,6.598809242248535,910100,0.0,0.0
2014-10-16 00:00:00-04:00,6.513763761026041,6.678859111917224,6.468737669489751,6.618824005126953,513000,0.0,0.0
2014-10-17 00:00:00-04:00,6.663848309933319,6.893981233882715,6.663848309933319,6.848955154418945,251600,0.0,0.0
2014-10-20 00:00:00-04:00,6.853961163562948,6.903990268707275,6.803932535531528,6.903990268707275,212300,0.0,0.0
2014-10-21 00:00:00-04:00,6.913993705606823,7.024057417260787,6.903988173881605,7.019054412841797,288400,0.0,0.0
2014-10-22 00:00:00-04:00,7.029058061133235,7.0790866571839,6.974025985231123,7.014049530029297,200200,0.0,0.0
2014-10-23 00:00:00-04:00,7.064081133207158,7.104104217930262,7.004046506122501,7.074087142944336,203900,0.0,0.0
2014-10-24 00:00:00-04:00,7.084089620053289,7.1141071592048295,7.044066552592968,7.109104156494141,104100,0.0,0.0
2014-10-27 00:00:00-04:00,7.0840927702360075,7.149130403058375,7.039066680042614,7.139124870300293,160900,0.0,0.0
2014-10-28 00:00:00-04:00,7.144125349705564,7.184148423487795,7.099099272422386,7.16413688659668,166500,0.0,0.0
2014-10-29 00:00:00-04:00,7.1841492936567946,7.224172372286759,7.139123688032634,7.179146766662598,142300,0.0,0.0
2014-10-30 00:00:00-04:00,7.179145618638095,7.2291742203690585,7.169139612024308,7.214165687561035,119100,0.0,0.0
2014-10-31 00:00:00-04:00,7.254187187085918,7.309218780192947,7.2141641235330685,7.239178657531738,176100,0.0,0.0
2014-11-03 00:00:00-05:00,7.234176919700678,7.294211525522815,7.229173916604008,7.2691969871521,121400,0.0,0.0
2014-11-04 00:00:00-05:00,7.26419393016241,7.289207989591986,7.229173388158322,7.279202461242676,118100,0.0,0.0
2014-11-05 00:00:00-05:00,7.28420599644211,7.304217531716156,7.254188454974724,7.2691969871521,160900,0.0,0.0
2014-11-06 00:00:00-05:00,7.415287475730738,7.415287475730738,7.198672270588899,7.284310817718506,156500,0.1,0.0
2014-11-07 00:00:00-05:00,7.244008290641393,7.299421254382434,7.2037078660262805,7.254083156585693,198000,0.0,0.0
2014-11-10 00:00:00-05:00,7.294382647464561,7.294382647464561,7.183556734169035,7.233932018280029,170700,0.0,0.0
2014-11-11 00:00:00-05:00,7.294384780234372,7.339722885483683,7.208746724164495,7.329648017883301,137200,0.0,0.0
2014-11-12 00:00:00-05:00,7.274236386020365,7.380025164617672,7.24904897050318,7.369950294494629,253300,0.0,0.0
2014-11-13 00:00:00-05:00,7.37498417815281,7.37498417815281,7.284307991567915,7.349796295166016,151200,0.0,0.0
2014-11-14 00:00:00-05:00,7.349802254643051,7.364914804521348,7.284313897944697,7.294388771057129,155800,0.0,0.0
2014-11-17 00:00:00-05:00,7.289350292249834,7.304462839469287,7.233936818413149,7.279274940490723,180200,0.0,0.0
2014-11-18 00:00:00-05:00,7.24904437183307,7.329645203362243,7.24904437183307,7.289344787597656,192200,0.0,0.0
2014-11-19 00:00:00-05:00,7.238974532653586,7.289350330877667,7.238974532653586,7.259124755859375,164700,0.0,0.0
2014-11-20 00:00:00-05:00,7.21378659531414,7.289350292249834,7.21378659531414,7.279274940490723,140300,0.0,0.0
2014-11-21 00:00:00-05:00,7.33468333058676,7.33468333058676,7.279269895157668,7.309495449066162,156300,0.0,0.0
2014-11-24 00:00:00-05:00,7.380025052888471,7.380025052888471,7.264161405922228,7.299424171447754,165700,0.0,0.0
2014-11-25 00:00:00-05:00,7.329650661406627,7.344763208467234,7.254086965265176,7.319575309753418,186900,0.0,0.0
2014-11-26 00:00:00-05:00,7.324614351233023,7.359877127755483,7.259125994534669,7.294388771057129,138200,0.0,0.0
2014-11-28 00:00:00-05:00,7.304461846642586,7.339724612168113,7.2742362758927435,7.299424171447754,69000,0.0,0.0
2014-12-01 00:00:00-05:00,7.289348704530933,7.309498923240951,7.228898048400878,7.228898048400879,122600,0.0,0.0
2014-12-02 00:00:00-05:00,7.244007751555878,7.2792705003651745,7.173481773518364,7.208745002746582,169200,0.0,0.0
2014-12-03 00:00:00-05:00,7.203708200456159,7.223858413699182,7.168444966966633,7.183557987213135,137800,0.0,0.0
2014-12-04 00:00:00-05:00,7.193632519663024,7.2540831565856925,7.168444634173839,7.254083156585693,115200,0.0,0.0
2014-12-05 00:00:00-05:00,7.213781808551853,7.269195245618511,7.183556734169035,7.233932018280029,160900,0.0,0.0
2014-12-08 00:00:00-05:00,7.239006979396962,7.269444017854147,7.1476948964494,7.20349645614624,122700,0.1,0.0
2014-12-09 00:00:00-05:00,7.18828297713485,7.18828297713485,7.005659166977169,7.081752300262451,270400,0.0,0.0
2014-12-10 00:00:00-05:00,7.03101632677594,7.066526840099869,6.904194239818155,6.929558753967285,216500,0.0,0.0
2014-12-11 00:00:00-05:00,6.909266610052682,7.046234683709087,6.909266610052682,6.985360145568848,158200,0.0,0.0
2014-12-12 00:00:00-05:00,6.959995717118801,6.985360229261419,6.899121178249216,6.924485206604004,245600,0.0,0.0
2014-12-15 00:00:00-05:00,6.970141127035235,6.970141127035235,6.8179545402526855,6.8179545402526855,208300,0.0,0.0
2014-12-16 00:00:00-05:00,6.7773753750587495,6.8483959516843775,6.706355282221221,6.823031425476074,238000,0.0,0.0
2014-12-17 00:00:00-05:00,6.8027385159053715,6.914342118221233,6.767228476718143,6.894050598144531,162500,0.0,0.0
2014-12-18 00:00:00-05:00,6.9549252062730815,7.020872767923543,6.894050645623733,6.965070724487305,229800,0.0,0.0
2014-12-19 00:00:00-05:00,6.990435423861089,7.066528989453076,6.954925383524305,7.046237468719482,175200,0.0,0.0
2014-12-22 00:00:00-05:00,7.071600571724476,7.107111091153754,6.965069981012546,6.980288982391357,167400,0.0,0.0
2014-12-23 00:00:00-05:00,7.020873497651401,7.086821066156248,6.919415886023963,7.0513105392456055,151300,0.0,0.0
2014-12-24 00:00:00-05:00,7.051305451089671,7.162908985241814,7.046232937009618,7.12739896774292,118100,0.0,0.0
2014-12-26 00:00:00-05:00,7.152767897454932,7.249152497620022,7.132476377220807,7.20349645614624,184100,0.0,0.0
2014-12-29 00:00:00-05:00,7.229043239071564,7.229043239071564,7.111539586731128,7.137084007263184,165600,0.1,0.0
2014-12-30 00:00:00-05:00,7.096208999159419,7.121752917605089,7.004249333654165,7.029793739318848,220700,0.0,0.0
2014-12-31 00:00:00-05:00,7.00425212781238,7.080884888157997,7.00425212781238,7.065558433532715,128800,0.0,0.0
2015-01-02 00:00:00-05:00,7.070667211197704,7.106429100036622,7.0297963418906,7.106429100036621,129400,0.0,0.0
2015-01-05 00:00:00-05:00,7.101317490517145,7.126861896181828,6.98892288514296,7.029793739318848,147500,0.0,0.0
2015-01-06 00:00:00-05:00,7.060449885066741,7.111538719903618,6.988926100958199,7.050232410430908,198400,0.0,0.0
2015-01-07 00:00:00-05:00,7.04001078241849,7.0757731430683855,6.973595526604667,6.994030952453613,283300,0.0,0.0
2015-01-08 00:00:00-05:00,7.0144679401748995,7.131972030384561,7.0093594479894215,7.091101169586182,110600,0.0,0.0
2015-01-09 00:00:00-05:00,7.060448220138576,7.101319083482601,7.009359884568106,7.024686336517334,141300,0.0,0.0
2015-01-12 00:00:00-05:00,7.0655571998613595,7.0655571998613595,6.983815473173308,7.024686336517334,141100,0.0,0.0
2015-01-13 00:00:00-05:00,7.045123654508037,7.091103509885867,6.9991437991302075,7.075777053833008,184600,0.0,0.0
2015-01-14 00:00:00-05:00,7.004250795044301,7.126863383154261,7.004250795044301,7.096210479736328,223200,0.0,0.0
2015-01-15 00:00:00-05:00,7.075776394762375,7.13197371986788,7.029796543667322,7.065558433532715,165200,0.0,0.0
2015-01-16 00:00:00-05:00,7.004250795044301,7.116645911087988,6.988924343335335,7.096210479736328,155300,0.0,0.0
2015-01-20 00:00:00-05:00,7.065559970477593,7.085995410162949,6.999144669695355,7.045124530792236,211300,0.0,0.0
2015-01-21 00:00:00-05:00,7.024688217364474,7.096212490976571,7.009361761311616,7.075777053833008,108200,0.0,0.0
2015-01-22 00:00:00-05:00,7.126864267960198,7.234150417680854,7.111537814348441,7.1830620765686035,170800,0.0,0.0
2015-01-23 00:00:00-05:00,7.183061543880224,7.28523870574655,7.1575171316088575,7.269911766052246,248400,0.0,0.0
2015-01-26 00:00:00-05:00,7.275020745950347,7.300565158221714,7.244367841000019,7.269911766052246,195600,0.0,0.0
2015-01-27 00:00:00-05:00,7.254584935595045,7.280129346535484,7.172843210360933,7.249475955963135,207900,0.0,0.0
2015-01-28 00:00:00-05:00,7.264803031179293,7.300564914835492,7.22904066030397,7.244367599487305,110700,0.0,0.0
2015-01-29 00:00:00-05:00,7.239257762710762,7.254584212860489,7.15751604562013,7.223931312561035,156700,0.0,0.0
2015-01-30 00:00:00-05:00,7.183059266245467,7.1881677573046066,7.126861479624065,7.147296905517578,140500,0.0,0.0
2015-02-02 00:00:00-05:00,7.147299472939802,7.172843886287396,7.075775700229533,7.157517433166504,108600,0.0,0.0
2015-02-03 00:00:00-05:00,7.137079346193149,7.264800878221993,7.137079346193149,7.218821048736572,183600,0.0,0.0
2015-02-04 00:00:00-05:00,7.223934351593014,7.407853292419668,7.223934351593014,7.351655960083008,231400,0.0,0.0
2015-02-05 00:00:00-05:00,7.397632549775568,7.40274152912779,7.341435238558383,7.382306098937988,134100,0.0,0.0
2015-02-06 00:00:00-05:00,7.351438419858592,7.377160835824286,7.2794157532775055,7.320571422576904,121600,0.1,0.0
2015-02-09 00:00:00-05:00,7.3257189179120585,7.372019186944739,7.2794186488793775,7.341152667999268,108200,0.0,0.0
2015-02-10 00:00:00-05:00,7.341151278687139,7.3823069565687085,7.3051396925799805,7.351439952850342,96000,0.0,0.0
2015-02-11 00:00:00-05:00,7.315429491281232,7.418318694901092,7.315429491281232,7.402885437011719,221500,0.0,0.0
2015-02-12 00:00:00-05:00,7.38230771578307,7.459474497093437,7.366873967029453,7.438896656036377,232400,0.0,0.0
2015-02-13 00:00:00-05:00,7.459472032806397,7.459472032806397,7.397738530029297,7.41831636428833,143700,0.0,0.0
2015-02-17 00:00:00-05:00,7.372017846739881,7.408028942501075,7.330862168551549,7.366873264312744,224400,0.0,0.0
2015-02-18 00:00:00-05:00,7.346294879280276,7.526351325934159,7.346294879280276,7.490340232849121,159000,0.0,0.0
2015-02-19 00:00:00-05:00,7.485194396738664,7.552072480273548,7.464616562621336,7.5366387367248535,114200,0.0,0.0
2015-02-20 00:00:00-05:00,7.536644422922269,7.6138117270436245,7.495488723636734,7.526355743408203,254000,0.0,0.0
2015-02-23 00:00:00-05:00,7.552073116317903,7.603517460636794,7.521206117235123,7.582939624786377,147000,0.0,0.0
2015-02-24 00:00:00-05:00,7.577795982360839,7.61380756752307,7.541784887812977,7.57779598236084,125000,0.0,0.0
2015-02-25 00:00:00-05:00,7.588088108551333,7.649821647848851,7.588088108551333,7.6138105392456055,183600,0.0,0.0
2015-02-26 00:00:00-05:00,7.593228788018738,7.665250968188047,7.5623617889359585,7.582939624786377,116600,0.0,0.0
2015-02-27 00:00:00-05:00,7.552074761388456,7.6035191169134855,7.490341240389772,7.50577449798584,150700,0.0,0.0
2015-03-02 00:00:00-05:00,7.459471285705931,7.510916111508211,7.428604292101719,7.474904537200928,212700,0.0,0.0
2015-03-03 00:00:00-05:00,7.47490716652577,7.562363106784049,7.4491847445766775,7.552074432373047,141700,0.0,0.0
2015-03-04 00:00:00-05:00,7.526352292276169,7.660108498928933,7.500629869363804,7.639530658721924,218100,0.0,0.0
2015-03-05 00:00:00-05:00,7.649818662070932,7.6549632443247315,7.567507308467607,7.57779598236084,154500,0.0,0.0
2015-03-06 00:00:00-05:00,7.536637507356559,7.582937749221669,7.428603773209367,7.464615345001221,178000,0.0,0.0
2015-03-09 00:00:00-04:00,7.4387205405611,7.485342128285016,7.412820097620509,7.428360462188721,210600,0.1,0.0
2015-03-10 00:00:00-04:00,7.376555124486525,7.433537257845208,7.288492276585879,7.417996406555176,241400,0.0,0.0
2015-03-11 00:00:00-04:00,7.397277115478094,7.407637684895522,7.33511518103095,7.381736755371094,143400,0.0,0.0
2015-03-12 00:00:00-04:00,7.36619615913923,7.43353837613642,7.329934661359744,7.397276878356934,184500,0.0,0.0
2015-03-13 00:00:00-04:00,7.402457474520867,7.433538689066121,7.350655614951826,7.3869171142578125,200900,0.0,0.0
2015-03-16 00:00:00-04:00,7.423180175992889,7.454261399148594,7.4024595252288465,7.428360462188721,216500,0.0,0.0
2015-03-17 00:00:00-04:00,7.423173732862763,7.449074647341287,7.381732467304666,7.412813663482666,136200,0.0,0.0
2015-03-18 00:00:00-04:00,7.386917177211212,7.51124104841346,7.37655660760145,7.485340118408203,149100,0.0,0.0
2015-03-19 00:00:00-04:00,7.480157206351263,7.490517772322089,7.454256779462152,7.469797134399414,90100,0.0,0.0
2015-03-20 00:00:00-04:00,7.474980428537648,7.53714236734642,7.474980428537648,7.511241436004639,154400,0.0,0.0
2015-03-23 00:00:00-04:00,7.5112413614159905,7.53714229250057,7.474980354309083,7.474980354309082,110200,0.0,0.0
2015-03-24 00:00:00-04:00,7.464618836577232,7.521600976532823,7.433538118437009,7.5060601234436035,162200,0.0,0.0
2015-03-25 00:00:00-04:00,7.469799769258126,7.500880490095904,7.392097473144532,7.392097473144531,198500,0.0,0.0
2015-03-26 00:00:00-04:00,7.381735979236954,7.381735979236954,7.262592407578432,7.267772197723389,387400,0.0,0.0
2015-03-27 00:00:00-04:00,7.252232923744687,7.361016437361624,7.252232923744687,7.340295791625977,123100,0.0,0.0
2015-03-30 00:00:00-04:00,7.376558545324908,7.402459482133994,7.355837894681495,7.361018180847168,150200,0.0,0.0
2015-03-31 00:00:00-04:00,7.324755430829033,7.355836152422921,7.278133854419036,7.340295791625977,118600,0.0,0.0
2015-04-01 00:00:00-04:00,7.350652614040655,7.407634735107422,7.288490704346954,7.407634735107422,129300,0.0,0.0
2015-04-02 00:00:00-04:00,7.371375884954618,7.40763738241579,7.324754806537317,7.329934597015381,177300,0.0,0.0
2015-04-06 00:00:00-04:00,7.3040365576044675,7.4439008267569315,7.278135620644594,7.428360462188721,154900,0.0,0.0
2015-04-07 00:00:00-04:00,7.397274659002569,7.563040256500243,7.381734304056185,7.563040256500244,243300,0.0,0.0
2015-04-08 00:00:00-04:00,7.531746143976089,7.573473728272066,7.505667087752008,7.52131462097168,219200,0.1,0.0
2015-04-09 00:00:00-04:00,7.516097168423459,7.5786877867171665,7.500449638206536,7.563040256500244,319100,0.0,0.0
2015-04-10 00:00:00-04:00,7.583903915377012,7.5943359339699406,7.542176835857344,7.547392845153809,181200,0.0,0.0
2015-04-13 00:00:00-04:00,7.568258578994506,7.604769659802477,7.490019909143777,7.495235919952393,191100,0.0,0.0
2015-04-14 00:00:00-04:00,7.490018084380138,7.589120275895282,7.469154543654746,7.583904266357422,110200,0.0,0.0
2015-04-15 00:00:00-04:00,7.58390379593148,7.5943358143601065,7.5369607078546945,7.563040256500244,177900,0.0,0.0
2015-04-16 00:00:00-04:00,7.563040725632031,7.599551797544954,7.5526087065563114,7.583904266357422,118700,0.0,0.0
2015-04-17 00:00:00-04:00,7.573472499847412,7.578688011790599,7.510881382268844,7.573472499847412,90400,0.0,0.0
2015-04-20 00:00:00-04:00,7.5891216304204105,7.6256327088499205,7.516098976135254,7.516098976135254,143800,0.0,0.0
2015-04-21 00:00:00-04:00,7.552609236209766,7.563041256017067,7.432643992982291,7.458723545074463,201200,0.0,0.0
2015-04-22 00:00:00-04:00,7.479587124923294,7.646495463271859,7.474371114993381,7.630847930908203,211200,0.0,0.0
2015-04-23 00:00:00-04:00,7.630847949557283,7.630847949557283,7.578688844982842,7.589120864868164,148600,0.0,0.0
2015-04-24 00:00:00-04:00,7.552610546568658,7.583906113994184,7.484804395761331,7.495235919952393,261000,0.0,0.0
2015-04-27 00:00:00-04:00,7.5213133232640015,7.547392872414497,7.4378591639232345,7.4639387130737305,171800,0.0,0.0
2015-04-28 00:00:00-04:00,7.4848009494377,7.5108799966205275,7.437857868627106,7.490016460418701,137300,0.0,0.0
2015-04-29 00:00:00-04:00,7.490018609644203,7.510882151832724,7.443076012789592,7.458723545074463,112400,0.0,0.0
2015-04-30 00:00:00-04:00,7.437859918086311,7.463939469881148,7.3596212627018005,7.39091682434082,186300,0.0,0.0
2015-05-01 00:00:00-04:00,7.3857014023329,7.458724053685183,7.3857014023329,7.3961334228515625,128700,0.0,0.0
2015-05-04 00:00:00-04:00,7.406564610520275,7.448291695852979,7.370053535210682,7.3804850578308105,140500,0.0,0.0
2015-05-05 00:00:00-04:00,7.364837135477857,7.448291301727295,7.35962112573075,7.448291301727295,197200,0.0,0.0
2015-05-06 00:00:00-04:00,7.432643992982291,7.474371077359333,7.4222119731749885,7.458723545074463,148400,0.0,0.0
2015-05-07 00:00:00-04:00,7.458724353256575,7.536962520584422,7.4535083427877495,7.516098976135254,187700,0.0,0.0
2015-05-08 00:00:00-04:00,7.542360750755579,7.547613211453366,7.474080264391014,7.489837646484375,131400,0.1,0.0
2015-05-11 00:00:00-04:00,7.484584286274895,7.500341165572342,7.395294468752425,7.405799388885498,174000,0.0,0.0
2015-05-12 00:00:00-04:00,7.374285069524402,7.489836685539349,7.363780650378765,7.4635748863220215,98300,0.0,0.0
2015-05-13 00:00:00-04:00,7.48458406755608,7.537107664882244,7.4635747288060434,7.526602745056152,147800,0.0,0.0
2015-05-14 00:00:00-04:00,7.495089138236056,7.5213504365255535,7.426808660698617,7.437313079833984,234500,0.0,0.0
2015-05-15 00:00:00-04:00,7.500340676125845,7.542359352111817,7.442565121870666,7.542359352111816,141200,0.0,0.0
2015-05-18 00:00:00-04:00,7.5266027528539,7.568621430397505,7.4950889951472695,7.5528645515441895,161100,0.0,0.0
2015-05-19 00:00:00-04:00,7.552865406003412,7.584379167275209,7.474080001019511,7.558117866516113,151700,0.0,0.0
2015-05-20 00:00:00-04:00,7.542361534058401,7.542361534058401,7.468829080261647,7.500342845916748,105400,0.0,0.0
2015-05-21 00:00:00-04:00,7.505593028876754,7.526602366570306,7.4793312315342835,7.521349906921387,157000,0.0,0.0
2015-05-22 00:00:00-04:00,7.48983842315606,7.510847767223587,7.47408103942871,7.474081039428711,136200,0.0,0.0
2015-05-26 00:00:00-04:00,7.500341097352661,7.500341097352661,7.405799321525725,7.437313079833984,181800,0.0,0.0
2015-05-27 00:00:00-04:00,7.421554665859425,7.584376885551222,7.421554665859425,7.579124927520752,114500,0.0,0.0
2015-05-28 00:00:00-04:00,7.516100333931533,7.6421564001055025,7.516100333931533,7.626399517059326,167300,0.0,0.0
2015-05-29 00:00:00-04:00,7.6106399009012256,7.615892360676825,7.537107467651366,7.537107467651367,152500,0.0,0.0
2015-06-01 00:00:00-04:00,7.573873882469272,7.600135681132354,7.521350285143107,7.526602745056152,122300,0.0,0.0
2015-06-02 00:00:00-04:00,7.558118340172323,7.558118340172323,7.495090312776651,7.531856536865234,136400,0.0,0.0
2015-06-03 00:00:00-04:00,7.573875829257463,7.610642056294877,7.547614023844049,7.605389595031738,118800,0.0,0.0
2015-06-04 00:00:00-04:00,7.5738738316404275,7.642154307345347,7.531855154422345,7.610640048980713,128400,0.0,0.0
2015-06-05 00:00:00-04:00,7.600134849548341,7.631648603774181,7.5266019215178925,7.60013484954834,195800,0.0,0.0
2015-06-08 00:00:00-04:00,7.594845428961945,7.626578989098195,7.536667823831286,7.605423450469971,140400,0.1,0.0
2015-06-09 00:00:00-04:00,7.5736919105341745,7.589558947028573,7.552536366262938,7.578980922698975,113700,0.0,0.0
2015-06-10 00:00:00-04:00,7.557823957265655,7.573690486388574,7.457335266970017,7.510223865509033,169800,0.0,0.0
2015-06-11 00:00:00-04:00,7.536668972395598,7.536668972395598,7.446757793426513,7.446757793426514,148800,0.0,0.0
2015-06-12 00:00:00-04:00,7.44147087817623,7.4679154390381335,7.37800423474049,7.425604343414307,160400,0.0,0.0
2015-06-15 00:00:00-04:00,7.404444506301107,7.420311031871752,7.351555415215283,7.356844425201416,166600,0.0,0.0
2015-06-16 00:00:00-04:00,7.351559673878586,7.44147087817623,7.351559673878586,7.425604343414307,112000,0.0,0.0
2015-06-17 00:00:00-04:00,7.4361803160849576,7.531380002756072,7.425602292905997,7.4837799072265625,162600,0.0,0.0
2015-06-18 00:00:00-04:00,7.44146873003044,7.510224366668324,7.436180222895142,7.478491306304932,302400,0.0,0.0
2015-06-19 00:00:00-04:00,7.4626253814990156,7.526092016051796,7.446758848957814,7.489069938659668,84100,0.0,0.0
2015-06-22 00:00:00-04:00,7.504935355145125,7.510224366668324,7.452046753076838,7.478491306304932,111200,0.0,0.0
2015-06-23 00:00:00-04:00,7.483778296658751,7.536667392395593,7.467911769692817,7.504933834075928,94200,0.0,0.0
2015-06-24 00:00:00-04:00,7.478490700529799,7.499646240521046,7.3938680361769515,7.3991570472717285,154600,0.0,0.0
2015-06-25 00:00:00-04:00,7.409736586183251,7.430892130504892,7.325114408896686,7.335691928863525,194000,0.0,0.0
2015-06-26 00:00:00-04:00,7.335690779159365,7.335690779159365,7.039513205075548,7.044801712036133,426600,0.0,0.0
2015-06-29 00:00:00-04:00,6.976046978894954,6.986625002958449,6.748625009797256,6.833247184753418,547600,0.0,0.0
2015-06-30 00:00:00-04:00,6.827956607127476,7.044801006828994,6.827956607127476,7.028934478759766,342900,0.0,0.0
2015-07-01 00:00:00-04:00,7.102979769927527,7.166446392425763,7.060668688262037,7.145290851593018,238400,0.0,0.0
2015-07-02 00:00:00-04:00,7.161155526807978,7.182311062162699,7.039511324615264,7.081822395324707,299900,0.0,0.0
2015-07-06 00:00:00-04:00,7.01307045929653,7.060670564918816,6.9866259001299245,7.039515018463135,133800,0.0,0.0
2015-07-07 00:00:00-04:00,7.007779233408964,7.140001483095926,6.965468153860165,7.050090312957764,253600,0.0,0.0
2015-07-08 00:00:00-04:00,6.991475482166339,7.050092853310693,6.9435155838661835,6.954173564910889,262800,0.1,0.0
2015-07-09 00:00:00-04:00,6.970160244119913,7.012791153217852,6.922200344334599,6.927529335021973,152600,0.0,0.0
2015-07-10 00:00:00-04:00,6.954174019901469,7.007462404009967,6.932858564617962,6.970160484313965,178400,0.0,0.0
2015-07-13 00:00:00-04:00,7.023449059958354,7.023449059958354,6.954173706360222,6.959502696990967,202900,0.0,0.0
2015-07-14 00:00:00-04:00,6.948840826916812,7.0341025964912145,6.948840826916812,7.023445129394531,185300,0.0,0.0
2015-07-15 00:00:00-04:00,7.060750096381979,7.066079086347358,6.991474751433422,7.012790203094482,219400,0.0,0.0
2015-07-16 00:00:00-04:00,7.012787876127817,7.092721174483852,7.012787876127817,7.0820631980896,166100,0.0,0.0
2015-07-17 00:00:00-04:00,7.050094212937941,7.0820676540377,7.034107746488363,7.071410179138184,187300,0.0,0.0
2015-07-20 00:00:00-04:00,7.044762844165754,7.0500913253327475,6.900883180448564,6.916869640350342,155300,0.0,0.0
2015-07-21 00:00:00-04:00,6.900883173022524,6.938185590353727,6.783647948068052,6.815621376037598,274900,0.0,0.0
2015-07-22 00:00:00-04:00,6.804963415164032,6.82627886287432,6.623781855526409,6.629110336303711,361900,0.0,0.0
2015-07-23 00:00:00-04:00,6.607792888291009,6.75700148529515,6.517202135895711,6.559833526611328,779200,0.0,0.0
2015-07-24 00:00:00-04:00,6.543850158434895,6.629111970291952,6.4958902622151795,6.517205715179443,394500,0.0,0.0
2015-07-27 00:00:00-04:00,6.463916691666814,6.522534054417469,6.39997033915689,6.511876583099365,236600,0.0,0.0
2015-07-28 00:00:00-04:00,6.479901111468181,6.5385189639536785,6.437270223224333,6.506545543670654,589300,0.0,0.0
2015-07-29 00:00:00-04:00,6.474572123387632,6.554505419995053,6.463914655426807,6.506545543670654,425000,0.0,0.0
2015-07-30 00:00:00-04:00,6.501218404367238,6.5065473939632135,6.453258514404297,6.453258514404297,429300,0.0,0.0
2015-07-31 00:00:00-04:00,6.458587194742717,6.543848991394044,6.458587194742717,6.543848991394043,295800,0.0,0.0
2015-08-03 00:00:00-04:00,6.602466857742127,6.613124328223345,6.527862531572018,6.543848991394043,384300,0.0,0.0
2015-08-04 00:00:00-04:00,6.5651655701532325,6.6504273814746275,6.5545080978382995,6.618454456329346,254800,0.0,0.0
2015-08-05 00:00:00-04:00,6.60779637359283,6.661085258944577,6.581152439117432,6.581152439117432,200300,0.0,0.0
2015-08-06 00:00:00-04:00,6.581151819874041,6.5971382806951535,6.527862939536431,6.575822830200195,173800,0.0,0.0
2015-08-07 00:00:00-04:00,6.570449268023265,6.5919393739909085,6.516725540161133,6.516725540161133,186800,0.1,0.0
2015-08-10 00:00:00-04:00,6.527471491677954,6.565078672897638,6.409278957423052,6.495237350463867,345900,0.0,0.0
2015-08-11 00:00:00-04:00,6.463003096711897,6.484492696301491,6.355555098763927,6.398534297943115,240900,0.0,0.0
2015-08-12 00:00:00-04:00,6.328692524758412,6.420023444659756,6.312575454291243,6.414650917053223,318900,0.0,0.0
2015-08-13 00:00:00-04:00,6.425393105501266,6.436137643568099,6.398530991805879,6.420020580291748,128800,0.0,0.0
2015-08-14 00:00:00-04:00,6.425396425518224,6.436140969136788,6.366300154734958,6.398534297943115,235100,0.0,0.0
2015-08-17 00:00:00-04:00,6.37704130609149,6.40390341937732,6.3448071800302515,6.366296768188477,371700,0.0,0.0
2015-08-18 00:00:00-04:00,6.382414399899608,6.446883170118524,6.350179758614029,6.4307661056518555,261400,0.0,0.0
2015-08-19 00:00:00-04:00,6.387788298245237,6.430767487627433,6.366298703554139,6.382415771484375,290700,0.0,0.0
2015-08-20 00:00:00-04:00,6.35555413064955,6.387788781300009,6.291085341701023,6.371671199798584,369600,0.0,0.0
2015-08-21 00:00:00-04:00,6.334065776403932,6.350182848713423,6.16752098803089,6.183638572692871,318400,0.0,0.0
2015-08-24 00:00:00-04:00,5.775333487716859,5.99560193876039,5.377775770596715,5.839802265167236,786100,0.0,0.0
2015-08-25 00:00:00-04:00,5.957995735067465,6.054699164805281,5.8290581703186035,5.8290581703186035,349900,0.0,0.0
2015-08-26 00:00:00-04:00,5.888155573248027,5.990231037139893,5.866665974936454,5.990231037139893,359200,0.0,0.0
2015-08-27 00:00:00-04:00,6.017092346650334,6.162147499835062,5.990230224317714,6.135285377502441,331300,0.0,0.0
2015-08-28 00:00:00-04:00,6.070817552664704,6.178265546657829,6.070817552664704,6.162148475646973,209600,0.0,0.0
2015-08-31 00:00:00-04:00,6.13528487633342,6.1567744699736355,6.092305689052988,6.108422756195068,280200,0.0,0.0
2015-09-01 00:00:00-04:00,6.060074289034944,6.0869364235643895,5.990232944199424,6.0278401374816895,350300,0.0,0.0
2015-09-02 00:00:00-04:00,6.054700311941579,6.086934453059773,5.974113934441221,5.984858989715576,301200,0.0,0.0
2015-09-03 00:00:00-04:00,6.011722529345771,6.092308932665921,5.9633713021768,5.97411584854126,229700,0.0,0.0
2015-09-04 00:00:00-04:00,5.94187928119889,5.957996350368874,5.893527561336545,5.925761699676514,185000,0.0,0.0
2015-09-08 00:00:00-04:00,5.952868419844127,6.007084188299638,5.9257610526562585,5.958290100097656,417900,0.1,0.0
2015-09-09 00:00:00-04:00,5.996241134256245,6.066720906917456,5.979976094066855,5.990819454193115,324400,0.0,0.0
2015-09-10 00:00:00-04:00,5.990820404503344,6.0287711368855526,5.904075577892608,5.914918422698975,366700,0.0,0.0
2015-09-11 00:00:00-04:00,5.914916474701509,5.990818431508599,5.904073633466085,5.920338153839111,323800,0.0,0.0
2015-09-14 00:00:00-04:00,5.931183735401815,5.931183735401815,5.8281743693938575,5.866125106811523,302300,0.0,0.0
2015-09-15 00:00:00-04:00,5.8769663711598605,5.990819059790811,5.8769663711598605,5.979975700378418,224400,0.0,0.0
2015-09-16 00:00:00-04:00,5.979978366559249,6.104674470198505,5.963713837228934,6.088409423828125,368200,0.0,0.0
2015-09-17 00:00:00-04:00,6.06130028448951,6.1751529907701865,6.055878603942832,6.142623424530029,308000,0.0,0.0
2015-09-18 00:00:00-04:00,6.082987428337795,6.234790887791075,6.082987428337795,6.223947525024414,248900,0.0,0.0
2015-09-21 00:00:00-04:00,6.196838562614383,6.267318851398538,6.1914168826217875,6.245632648468018,211000,0.0,0.0
2015-09-22 00:00:00-04:00,6.21310415989719,6.22394700471742,6.115515971315365,6.148045539855957,149400,0.0,0.0
2015-09-23 00:00:00-04:00,6.148043755776773,6.202258998225294,6.126357555389404,6.126357555389404,107100,0.0,0.0
2015-09-24 00:00:00-04:00,6.088408950000851,6.115516841468429,6.0287720024041995,6.0829877853393555,298200,0.0,0.0
2015-09-25 00:00:00-04:00,6.1155160130985875,6.148045581861433,6.050457392612853,6.061300754547119,263000,0.0,0.0
2015-09-28 00:00:00-04:00,6.07214155041351,6.07214155041351,5.893230275190881,5.920338153839111,369800,0.0,0.0
2015-09-29 00:00:00-04:00,5.882390285011116,5.947448915075382,5.790223763160064,5.8444390296936035,343700,0.0,0.0
2015-09-30 00:00:00-04:00,5.8444373045018265,5.920339275691676,5.8444373045018265,5.893231391906738,335300,0.0,0.0
2015-10-01 00:00:00-04:00,5.866123974862677,5.909496385553571,5.8173298835754395,5.8173298835754395,184700,0.0,0.0
2015-10-02 00:00:00-04:00,5.763114884705241,5.801065616485407,5.719742472087925,5.7739577293396,307500,0.0,0.0
2015-10-05 00:00:00-04:00,5.8064870394226755,5.866123974862677,5.784800834077228,5.8173298835754395,411400,0.0,0.0
2015-10-06 00:00:00-04:00,5.806485357547463,5.979974950058984,5.806485357547463,5.942024230957031,254100,0.0,0.0
2015-10-07 00:00:00-04:00,5.963910480635612,6.051454562094772,5.947496193649858,6.029568672180176,286800,0.1,0.0
2015-10-08 00:00:00-04:00,5.991268635425862,6.106169700622559,5.991268635425862,6.106169700622559,232200,0.0,0.0
2015-10-09 00:00:00-04:00,6.089758372009848,6.193716280672968,6.089758372009848,6.182773590087891,241200,0.0,0.0
2015-10-12 00:00:00-04:00,6.193714220060649,6.237486011440511,6.1882431374888505,6.221071720123291,285900,0.0,0.0
2015-10-13 00:00:00-04:00,6.193714873788608,6.237486669788452,6.149943077788763,6.160886287689209,202900,0.0,0.0
2015-10-14 00:00:00-04:00,6.177302526262796,6.182774132936285,6.128059109803655,6.139002323150635,131100,0.0,0.0
2015-10-15 00:00:00-04:00,6.188243364523962,6.221071948362822,6.15541425888417,6.210129261016846,373900,0.0,0.0
2015-10-16 00:00:00-04:00,6.188243485734454,6.270315468740099,6.182771881053826,6.237486362457275,181500,0.0,0.0
2015-10-19 00:00:00-04:00,6.237485198240075,6.303143398550718,6.199185016226238,6.297671794891357,125600,0.0,0.0
2015-10-20 00:00:00-04:00,6.292199965409661,6.314085857460792,6.26484246989554,6.308614253997803,175800,0.0,0.0
2015-10-21 00:00:00-04:00,6.319557001865814,6.3414428923271355,6.264842014812117,6.2867279052734375,158800,0.0,0.0
2015-10-22 00:00:00-04:00,6.3031431723356395,6.341443352974912,6.29767156887265,6.308614253997803,209300,0.0,0.0
2015-10-23 00:00:00-04:00,6.352386951446533,6.407101950341699,6.314086765300458,6.352386951446533,215000,0.0,0.0
2015-10-26 00:00:00-04:00,6.363328830431934,6.363328830431934,6.308613842968575,6.3578572273254395,126000,0.0,0.0
2015-10-27 00:00:00-04:00,6.357860247300775,6.357860247300775,6.286730938532396,6.3195600509643555,225500,0.0,0.0
2015-10-28 00:00:00-04:00,6.319561447505576,6.412576677850076,6.297675541648115,6.341447353363037,201300,0.0,0.0
2015-10-29 00:00:00-04:00,6.330499752315557,6.3523856430054675,6.319557067870998,6.335971355438232,133700,0.0,0.0
2015-10-30 00:00:00-04:00,6.319558369550155,6.368801764195624,6.319558369550155,6.352386951446533,172900,0.0,0.0
2015-11-02 00:00:00-05:00,6.3688022173328385,6.3906881140878955,6.341444715938783,6.374273300170898,225900,0.0,0.0
2015-11-03 00:00:00-05:00,6.368801075058335,6.4125728607177725,6.308614478425975,6.412572860717773,189300,0.0,0.0
2015-11-04 00:00:00-05:00,6.407103914887362,6.428989816795901,6.368803716997683,6.401632308959961,190400,0.0,0.0
2015-11-05 00:00:00-05:00,6.374271533695378,6.401629027507965,6.335971355438232,6.335971355438232,323700,0.0,0.0
2015-11-06 00:00:00-05:00,6.324930504649673,6.330449767520324,6.242143666973419,6.280777454376221,212000,0.1,0.0
2015-11-09 00:00:00-05:00,6.275262692805863,6.2863012264652,6.1593607211140915,6.19247579574585,141500,0.0,0.0
2015-11-10 00:00:00-05:00,6.164880404300494,6.242148566095542,6.13728459463467,6.209033489227295,153500,0.0,0.0
2015-11-11 00:00:00-05:00,6.209032765295561,6.225590038626072,6.164879685516713,6.197994232177734,157500,0.0,0.0
2015-11-12 00:00:00-05:00,6.1593591157979715,6.186954916407757,6.087610244750977,6.087610244750977,151900,0.0,0.0
2015-11-13 00:00:00-05:00,6.0931319535073865,6.0931319535073865,6.004825777221912,6.032421588897705,235500,0.0,0.0
2015-11-16 00:00:00-05:00,6.054495130282762,6.13728199790622,6.04897586541558,6.104167461395264,256000,0.0,0.0
2015-11-17 00:00:00-05:00,6.0876106515314286,6.120725719745177,6.043457578143865,6.0655341148376465,246400,0.0,0.0
2015-11-18 00:00:00-05:00,6.060015639624003,6.120726518211424,6.054496899490236,6.098649978637695,213100,0.0,0.0
2015-11-19 00:00:00-05:00,6.109686779969581,6.120725310751943,6.026899904486344,6.087610244750977,197900,0.0,0.0
2015-11-20 00:00:00-05:00,6.087611348966113,6.104169148143028,6.010343724858693,6.015862464904785,144900,0.0,0.0
2015-11-23 00:00:00-05:00,6.037939060676032,6.071054132993789,5.977228708830732,5.999305248260498,186000,0.0,0.0
2015-11-24 00:00:00-05:00,5.96067244213377,6.0048255284472845,5.955153174758005,5.982748985290527,197800,0.0,0.0
2015-11-25 00:00:00-05:00,5.971708670855339,6.037938280587917,5.971708670855339,5.988266468048096,180200,0.0,0.0
2015-11-27 00:00:00-05:00,5.993785752936036,6.0213815577560155,5.982747746815764,6.010343551635742,60900,0.0,0.0
2015-11-30 00:00:00-05:00,6.026904217605988,6.076576588982128,5.988270384911878,6.071057319641113,219400,0.0,0.0
2015-12-01 00:00:00-05:00,6.054496357452753,6.104168698633211,6.0489770914668854,6.076572895050049,192100,0.0,0.0
2015-12-02 00:00:00-05:00,6.076572646357614,6.10968718822521,6.048976843903849,6.0655341148376465,235600,0.0,0.0
2015-12-03 00:00:00-05:00,6.087611956122672,6.087611956122672,5.982748515941236,6.0213823318481445,205600,0.0,0.0
2015-12-04 00:00:00-05:00,5.999305913022789,6.060016271595192,5.993786645967222,6.026901721954346,288700,0.0,0.0
2015-12-07 00:00:00-05:00,5.993786993695752,5.999306261071519,5.927557364225481,5.982748985290527,203100,0.0,0.0
2015-12-08 00:00:00-05:00,5.954893508721447,5.977175596891479,5.9103293323813855,5.921470642089844,290900,0.1,0.0
2015-12-09 00:00:00-05:00,5.876907059878251,5.927041896140946,5.810060788610304,5.815630912780762,569300,0.0,0.0
2015-12-10 00:00:00-05:00,5.798922292318302,5.832345709798008,5.771069532959747,5.804492950439453,316600,0.0,0.0
2015-12-11 00:00:00-05:00,5.726503998186805,5.787780160768878,5.648516927623548,5.665228366851807,641300,0.0,0.0
2015-12-14 00:00:00-05:00,5.631801794697971,5.659654531936183,5.453545126368257,5.486968517303467,978100,0.0,0.0
2015-12-15 00:00:00-05:00,5.492541145911044,5.648516333115266,5.492541145911044,5.576099395751953,666400,0.0,0.0
2015-12-16 00:00:00-05:00,5.559386607296829,5.843483658620808,5.559386607296829,5.815630912780762,715400,0.0,0.0
2015-12-17 00:00:00-05:00,5.826774108633965,5.86019752070421,5.782209913371714,5.793350696563721,537200,0.0,0.0
2015-12-18 00:00:00-05:00,5.810061466706638,5.826772903662293,5.75992662459267,5.798920154571533,303100,0.0,0.0
2015-12-21 00:00:00-05:00,5.804492950439453,5.815633735434556,5.771069532959747,5.804492950439453,399400,0.0,0.0
2015-12-22 00:00:00-05:00,5.793348680372834,5.899189005721651,5.7710665904962815,5.888047695159912,589600,0.0,0.0
2015-12-23 00:00:00-05:00,5.893618062369261,6.044022560119629,5.854624539802973,6.044022560119629,854700,0.0,0.0
2015-12-24 00:00:00-05:00,6.010600926816582,6.1554348121006095,5.9883188314841975,6.138723373413086,387100,0.0,0.0
2015-12-28 00:00:00-05:00,6.09415872825698,6.144293576198056,5.977177593476823,5.999460220336914,392700,0.0,0.0
2015-12-29 00:00:00-05:00,6.016326247651591,6.055685756662956,5.920739711264514,5.960099220275879,545700,0.1,0.0
2015-12-30 00:00:00-05:00,5.971345254675599,6.005081904846746,5.898249626159668,5.898249626159668,410600,0.0,0.0
2015-12-31 00:00:00-05:00,5.898252480480567,5.982593878610542,5.887007282465578,5.90949821472168,389500,0.0,0.0
2016-01-04 00:00:00-05:00,5.909495939821681,5.960100651973819,5.813909380473401,5.954477787017822,360700,0.0,0.0
2016-01-05 00:00:00-05:00,5.971345005228222,6.03881776652604,5.954476948960227,5.9994587898254395,289700,0.0,0.0
2016-01-06 00:00:00-05:00,5.960101986980416,5.976970049400777,5.875760602426539,5.903874397277832,295100,0.0,0.0
2016-01-07 00:00:00-05:00,5.836399807229025,5.842022671706356,5.735190391540528,5.735190391540527,372000,0.0,0.0
2016-01-08 00:00:00-05:00,5.740812117771086,5.7914168155818,5.656471312237072,5.662093639373779,288000,0.0,0.0
2016-01-11 00:00:00-05:00,5.690208262423158,5.707076318782205,5.572130795458141,5.617112636566162,389600,0.0,0.0
2016-01-12 00:00:00-05:00,5.6227387035685865,5.667720570299043,5.521529235311984,5.5552659034729,374900,0.0,0.0
2016-01-13 00:00:00-05:00,5.594622990908095,5.594622990908095,5.290995226125699,5.335977077484131,731600,0.0,0.0
2016-01-14 00:00:00-05:00,5.330353314111837,5.386580886951346,5.2685034129690775,5.369712829589844,377900,0.0,0.0
2016-01-15 00:00:00-05:00,5.268502111600998,5.279747837881453,5.122310887309541,5.223520278930664,467600,0.0,0.0
2016-01-19 00:00:00-05:00,5.257256313066681,5.274124364309297,5.105442243206094,5.1841607093811035,322000,0.0,0.0
2016-01-20 00:00:00-05:00,5.111066161815556,5.111066161815556,4.886156441795397,5.043593406677246,807300,0.0,0.0
2016-01-21 00:00:00-05:00,5.043594993888455,5.184163412053036,5.004235472168719,5.116690635681152,268500,0.0,0.0
2016-01-22 00:00:00-05:00,5.150424322653848,5.285369811648323,5.144801459889318,5.274124622344971,384200,0.0,0.0
2016-01-25 00:00:00-05:00,5.279747581350131,5.279747581350131,5.111065448919401,5.122310638427734,265900,0.0,0.0
2016-01-26 00:00:00-05:00,5.144801803644707,5.251634058406058,5.127933750449769,5.223520278930664,338600,0.0,0.0
2016-01-27 00:00:00-05:00,5.1841607093811035,5.251633450577248,5.127933156938142,5.1841607093811035,300600,0.0,0.0
2016-01-28 00:00:00-05:00,5.195407505694066,5.268503131996846,5.178539449232146,5.240389347076416,324300,0.0,0.0
2016-01-29 00:00:00-05:00,5.257259105719858,5.341599942960427,5.257259105719858,5.335977077484131,252700,0.0,0.0
2016-02-01 00:00:00-05:00,5.31348437269937,5.40344804529384,5.251634481847119,5.397825717926025,316700,0.0,0.0
2016-02-02 00:00:00-05:00,5.2460137412390555,5.324732254728349,5.2460137412390555,5.296618461608887,477300,0.0,0.0
2016-02-03 00:00:00-05:00,5.2966151886373325,5.324728964384268,5.217896723791048,5.319106101989746,212100,0.0,0.0
2016-02-04 00:00:00-05:00,5.307861389330499,5.358466088079408,5.279748144448461,5.341598033905029,201100,0.0,0.0
2016-02-05 00:00:00-05:00,5.341598392487433,5.347221256331614,5.1897842860494015,5.302239418029785,435200,0.0,0.0
2016-02-08 00:00:00-05:00,5.251093732275911,5.251093732275911,5.103335549798543,5.160165786743164,461200,0.1,0.0
2016-02-09 00:00:00-05:00,5.0692368305180935,5.114700794219971,5.018089735860182,5.114700794219971,379000,0.0,0.0
2016-02-10 00:00:00-05:00,5.114701680626448,5.165848784148439,5.063554577104457,5.06923770904541,172200,0.0,0.0
2016-02-11 00:00:00-05:00,5.00103977731558,5.040820601250612,4.9101118700508914,4.961258411407471,417000,0.0,0.0
2016-02-12 00:00:00-05:00,4.972626079348069,5.0408220291137695,4.932845244144719,5.0408220291137695,217600,0.0,0.0
2016-02-16 00:00:00-05:00,5.086286562894976,5.103335416744542,5.052188855195843,5.06923770904541,286800,0.0,0.0
2016-02-17 00:00:00-05:00,5.069236632339097,5.205628518112563,5.069236632339097,5.13743257522583,365700,0.0,0.0
2016-02-18 00:00:00-05:00,5.1374321113231805,5.1715303506741135,5.1147001324136,5.120383262634277,225000,0.0,0.0
2016-02-19 00:00:00-05:00,5.120384103965114,5.182896920744664,5.0919689901659675,5.1715312004089355,309000,0.0,0.0
2016-02-22 00:00:00-05:00,5.205628903389338,5.251092868678686,5.154481806945517,5.1715312004089355,283100,0.0,0.0
2016-02-23 00:00:00-05:00,5.171531281548299,5.205628985063682,5.14311616730333,5.154481887817383,225900,0.0,0.0
2016-02-24 00:00:00-05:00,5.148797009941681,5.199943542480469,5.120381908327031,5.199943542480469,200100,0.0,0.0
2016-02-25 00:00:00-05:00,5.188579243770229,5.290873420725402,5.188579243770229,5.279507160186768,145800,0.0,0.0
2016-02-26 00:00:00-05:00,5.279507044226964,5.364751828501858,5.273823914082472,5.347702980041504,211000,0.0,0.0
2016-02-29 00:00:00-05:00,5.347702877765857,5.415898812276139,5.330654029631564,5.398849964141846,207600,0.0,0.0
2016-03-01 00:00:00-05:00,5.421581823020298,5.546607971191406,5.387483585528869,5.546607971191406,296300,0.0,0.0
2016-03-02 00:00:00-05:00,5.5238776902413,5.592073644198197,5.495462573932611,5.569341659545898,241100,0.0,0.0
2016-03-03 00:00:00-05:00,5.552292146012254,5.620488091856107,5.552292146012254,5.575024127960205,312400,0.0,0.0
2016-03-04 00:00:00-05:00,5.597756280770647,5.683001080184122,5.580706887309379,5.586390018463135,397200,0.0,0.0
2016-03-07 00:00:00-05:00,5.592074188367566,5.6318550298868795,5.563659069293777,5.614806175231934,368100,0.0,0.0
2016-03-08 00:00:00-05:00,5.5918417540710355,5.620547417400905,5.5401716695802685,5.614806175231934,187800,0.1,0.0
2016-03-09 00:00:00-05:00,5.626288406299544,5.6779584884643555,5.597582744261875,5.6779584884643555,258600,0.0,0.0
2016-03-10 00:00:00-05:00,5.712403112262657,5.723885592600947,5.660733045769947,5.6951799392700195,251200,0.0,0.0
2016-03-11 00:00:00-05:00,5.741111332643028,5.781298936766715,5.718146909213057,5.764075756072998,226700,0.0,0.0
2016-03-14 00:00:00-04:00,5.758332010789704,5.787037664480571,5.706661943649105,5.769814491271973,217700,0.0,0.0
2016-03-15 00:00:00-04:00,5.781295656273464,5.787036895751953,5.723884904032768,5.787036895751953,273200,0.0,0.0
2016-03-16 00:00:00-04:00,5.787037979612495,5.890378119521058,5.775556046019785,5.884636878967285,322900,0.0,0.0
2016-03-17 00:00:00-04:00,5.861674179268098,5.959273107178257,5.861674179268098,5.947790622711182,257200,0.0,0.0
2016-03-18 00:00:00-04:00,5.959269831748939,5.987975479623974,5.9535285926709935,5.970751762390137,165300,0.0,0.0
2016-03-21 00:00:00-04:00,5.953529237595048,5.9937168204646545,5.924823586610435,5.959270477294922,187400,0.0,0.0
2016-03-22 00:00:00-04:00,5.9535285926709935,5.970751762390137,5.924822944795959,5.970751762390137,131600,0.0,0.0
2016-03-23 00:00:00-04:00,5.965014401784356,5.970755096553302,5.9305674955956835,5.942049980163574,125100,0.0,0.0
2016-03-24 00:00:00-04:00,5.9305650298779256,5.9305650298779256,5.810001729615998,5.8157429695129395,204800,0.0,0.0
2016-03-28 00:00:00-04:00,5.838707502693532,5.838707502693532,5.792778677594873,5.810001850128174,183500,0.0,0.0
2016-03-29 00:00:00-04:00,5.798522163825956,5.8788973651267336,5.798522163825956,5.867415428161621,181900,0.0,0.0
2016-03-30 00:00:00-04:00,5.878893328346199,5.98223342764804,5.8731520900484036,5.907598972320557,167800,0.0,0.0
2016-03-31 00:00:00-04:00,5.92482630885328,5.987978879538696,5.919085614030519,5.965014457702637,125200,0.0,0.0
2016-04-01 00:00:00-04:00,5.930566665624022,5.970754260957463,5.913343488697537,5.936307907104492,128300,0.0,0.0
2016-04-04 00:00:00-04:00,5.959271132294122,5.959271132294122,5.901859824014667,5.924824237823486,117700,0.0,0.0
2016-04-05 00:00:00-04:00,5.901860408071483,5.913342889869623,5.827225918928179,5.838708400726318,170600,0.0,0.0
2016-04-06 00:00:00-04:00,5.8272232786952785,5.924822139699324,5.8272232786952785,5.907598972320557,165600,0.0,0.0
2016-04-07 00:00:00-04:00,5.861668704217166,5.9075975041560005,5.827221830505799,5.855927467346191,214600,0.0,0.0
2016-04-08 00:00:00-04:00,5.867527848118801,5.90811333857192,5.855932230676126,5.884921550750732,115300,0.1,0.0
2016-04-11 00:00:00-04:00,5.890715280412967,5.9313007408576635,5.867523509739508,5.913907051086426,185400,0.0,0.0
2016-04-12 00:00:00-04:00,5.925504731485558,5.971888284719704,5.896514872480324,5.966090202331543,137300,0.0,0.0
2016-04-13 00:00:00-04:00,5.966091923951137,6.029869189818235,5.948698224702971,6.012475490570068,201500,0.0,0.0
2016-04-14 00:00:00-04:00,6.02407078098507,6.070454340845912,5.9950809178381315,6.0646562576293945,164200,0.0,0.0
2016-04-15 00:00:00-04:00,6.082053478430233,6.105245271798533,6.00088247810917,6.006680011749268,371500,0.0,0.0
2016-04-18 00:00:00-04:00,5.954498036915931,5.995083531252538,5.9197100753874885,5.948699951171875,596400,0.0,0.0
2016-04-19 00:00:00-04:00,5.931304047130056,5.977688167268191,5.931304047130056,5.954496383666992,279500,0.0,0.0
2016-04-20 00:00:00-04:00,5.942901667970821,6.018275121331536,5.942901667970821,5.995083332061768,204400,0.0,0.0
2016-04-21 00:00:00-04:00,6.012475269728329,6.053060750795232,5.9950815711190435,6.01827335357666,205500,0.0,0.0
2016-04-22 00:00:00-04:00,6.02407078098507,6.0646562576293945,6.012474614552035,6.0646562576293945,128300,0.0,0.0
2016-04-25 00:00:00-04:00,6.0356685138972574,6.076254004793108,6.0356685138972574,6.0588603019714355,127600,0.0,0.0
2016-04-26 00:00:00-04:00,6.076252641420041,6.1110405921936035,6.03566715963065,6.1110405921936035,199400,0.0,0.0
2016-04-27 00:00:00-04:00,6.134231597420658,6.134231597420658,6.047262560915491,6.0646562576293945,255900,0.0,0.0
2016-04-28 00:00:00-04:00,6.041465136034278,6.087848700949513,6.006677185879997,6.01827335357666,305200,0.0,0.0
2016-04-29 00:00:00-04:00,6.024072069829179,6.035667685807436,5.948698630695328,5.960294246673584,255000,0.0,0.0
2016-05-02 00:00:00-04:00,5.989283561706543,6.018273428372783,5.966091778960694,5.989283561706543,227600,0.0,0.0
2016-05-03 00:00:00-04:00,5.983486031565865,5.995082200479888,5.95449671515234,5.960294246673584,211500,0.0,0.0
2016-05-04 00:00:00-04:00,5.948694983564329,5.9544930644665515,5.913907051086427,5.913907051086426,261900,0.0,0.0
2016-05-05 00:00:00-04:00,5.913910787761024,5.966092442980879,5.902315171565378,5.942900657653809,177100,0.0,0.0
2016-05-06 00:00:00-04:00,5.925507767823804,5.942901470965567,5.913911597105393,5.9197096824646,164900,0.0,0.0
2016-05-09 00:00:00-04:00,5.907995946128464,5.960693719032246,5.9021405139381,5.937272548675537,173800,0.1,0.0
2016-05-10 00:00:00-04:00,5.943129665392281,5.960695968592879,5.913853610201203,5.9489850997924805,170200,0.0,0.0
2016-05-11 00:00:00-04:00,5.93142007585108,5.960696693005148,5.9138543289206496,5.919709205627441,115400,0.0,0.0
2016-05-12 00:00:00-04:00,5.948984875202509,5.960695743560791,5.919708262711741,5.960695743560791,136300,0.0,0.0
2016-05-13 00:00:00-04:00,5.972406278988318,5.972406278988318,5.902142741400804,5.9489850997924805,237100,0.0,0.0
2016-05-16 00:00:00-04:00,5.966547141865403,6.019244901954077,5.954836838737149,5.972402572631836,224100,0.0,0.0
2016-05-17 00:00:00-04:00,5.960696202147927,6.019248873229284,5.960696202147927,5.978261947631836,225900,0.0,0.0
2016-05-18 00:00:00-04:00,5.972406513002206,6.013393997004634,5.919708718145499,5.978261947631836,176700,0.0,0.0
2016-05-19 00:00:00-04:00,5.960693719032246,5.972404025008227,5.913851378318828,5.937272548675537,141900,0.0,0.0
2016-05-20 00:00:00-04:00,5.925563478008329,5.954840089417657,5.913853168487549,5.913853168487549,188500,0.0,0.0
2016-05-23 00:00:00-04:00,5.902142633488245,5.948984991023473,5.902142633488245,5.925563812255859,175100,0.0,0.0
2016-05-24 00:00:00-04:00,5.943125977204283,5.984113434164703,5.931415674076029,5.972402572631836,247000,0.0,0.0
2016-05-25 00:00:00-04:00,5.972404943184674,6.013392416413745,5.972404943184674,5.989970684051514,236400,0.0,0.0
2016-05-26 00:00:00-04:00,6.0133904041501545,6.048521874127774,5.995824110756698,6.0251007080078125,158200,0.0,0.0
2016-05-27 00:00:00-04:00,6.042671474586587,6.048526910593423,5.98997366733529,6.036816596984863,161200,0.0,0.0
2016-05-31 00:00:00-04:00,6.030960787866488,6.0660922849238315,6.030960787866488,6.060237407684326,129800,0.0,0.0
2016-06-01 00:00:00-04:00,6.060236660957503,6.107079023532217,6.025104609823963,6.066091537475586,252600,0.0,0.0
2016-06-02 00:00:00-04:00,6.048526910593423,6.066092660208818,6.036816596984863,6.036816596984863,211400,0.0,0.0
2016-06-03 00:00:00-04:00,6.013393727517679,6.107078443773404,6.013393727517679,6.083657264709473,211400,0.0,0.0
2016-06-06 00:00:00-04:00,6.083658673689882,6.118790171219786,6.060237489201585,6.101224422454834,200500,0.0,0.0
2016-06-07 00:00:00-04:00,6.095366575696031,6.148064359551249,6.089511142288814,6.136353492736816,238200,0.0,0.0
2016-06-08 00:00:00-04:00,6.177738653686208,6.213209172180844,6.16591552337784,6.207297325134277,293500,0.1,0.0
2016-06-09 00:00:00-04:00,6.1895585223173075,6.213205332103878,6.154088025745244,6.1836466789245605,234400,0.0,0.0
2016-06-10 00:00:00-04:00,6.142266274680218,6.160001245035323,6.08906079983036,6.112707614898682,185100,0.0,0.0
2016-06-13 00:00:00-04:00,6.1127085428643495,6.130443515911788,6.065414905548096,6.065414905548096,207100,0.0,0.0
2016-06-14 00:00:00-04:00,6.059504003519076,6.094974518922024,6.006298512307013,6.041769027709961,194300,0.0,0.0
2016-06-15 00:00:00-04:00,6.06541301841104,6.100882953470125,6.035854363338834,6.089059829711914,226200,0.0,0.0
2016-06-16 00:00:00-04:00,6.053592164974306,6.136356325167231,6.035857189141793,6.118621349334717,283900,0.0,0.0
2016-06-17 00:00:00-04:00,6.094975522885839,6.136357327851756,6.083151827875687,6.13044548034668,113900,0.0,0.0
2016-06-20 00:00:00-04:00,6.136355917405828,6.189561405152576,6.136355917405828,6.177737712860107,132000,0.0,0.0
2016-06-21 00:00:00-04:00,6.165911712530737,6.195469801925638,6.148176182352497,6.1836466789245605,138400,0.0,0.0
2016-06-22 00:00:00-04:00,6.15408992767334,6.1777367447679845,6.142266801018312,6.15408992767334,149700,0.0,0.0
2016-06-23 00:00:00-04:00,6.1777362953580575,6.266412275850533,6.165913169563124,6.260500431060791,215800,0.0,0.0
2016-06-24 00:00:00-04:00,6.089061310926751,6.201383550983111,6.024032141192119,6.100884437561035,551200,0.0,0.0
2016-06-27 00:00:00-04:00,6.053592681884766,6.094975047407187,6.018122727190994,6.053592681884766,196100,0.0,0.0
2016-06-28 00:00:00-04:00,6.100885404313102,6.183649559006342,6.100885404313102,6.177737712860107,210600,0.0,0.0
2016-06-29 00:00:00-04:00,6.177737734121727,6.2427669143847515,6.160002759406667,6.22503137588501,178900,0.0,0.0
2016-06-30 00:00:00-04:00,6.230941348408076,6.295969945332326,6.20729453463703,6.272323131561279,248700,0.0,0.0
2016-07-01 00:00:00-04:00,6.278236827906583,6.313707340918512,6.2427668786793316,6.290060520172119,220600,0.0,0.0
2016-07-05 00:00:00-04:00,6.295969524877723,6.355086837249649,6.295969524877723,6.343263149261475,349900,0.0,0.0
2016-07-06 00:00:00-04:00,6.349175401326092,6.3905577481599325,6.319616743240353,6.366910934448242,308600,0.0,0.0
2016-07-07 00:00:00-04:00,6.366910986994886,6.4496745537766,6.366910986994886,6.408292770385742,244500,0.0,0.0
2016-07-08 00:00:00-04:00,6.47392942253611,6.5156965255737305,6.438128642050936,6.5156965255737305,227200,0.1,0.0
2016-07-11 00:00:00-04:00,6.503760004009024,6.593261633020477,6.479893016746075,6.527626991271973,412900,0.0,0.0
2016-07-12 00:00:00-04:00,6.527627717167331,6.694697215620553,6.515694506725772,6.658896446228027,330400,0.0,0.0
2016-07-13 00:00:00-04:00,6.646963150096739,6.68276334999382,6.539561412337662,6.5634284019470215,243900,0.0,0.0
2016-07-14 00:00:00-04:00,6.569395377707092,6.587295477890233,6.473927418018439,6.533594608306885,278800,0.0,0.0
2016-07-15 00:00:00-04:00,6.533596631299267,6.599231300683071,6.497796419848194,6.5156965255737305,202900,0.0,0.0
2016-07-18 00:00:00-04:00,6.509728033370903,6.640996770827965,6.509728033370903,6.605195999145508,301000,0.0,0.0
2016-07-19 00:00:00-04:00,6.599229789504058,6.617129891130593,6.569395907437186,6.587296009063721,122400,0.0,0.0
2016-07-20 00:00:00-04:00,6.599228864969666,6.7483976853718985,6.599228864969666,6.7245306968688965,358800,0.0,0.0
2016-07-21 00:00:00-04:00,6.718563807484673,6.760330895106454,6.682763040213225,6.7245306968688965,147400,0.0,0.0
2016-07-22 00:00:00-04:00,6.718560525680639,6.766294479370117,6.700659866271874,6.766294479370117,133000,0.0,0.0
2016-07-25 00:00:00-04:00,6.772267284596705,6.778233607247065,6.6946993998009106,6.706632614135742,214000,0.0,0.0
2016-07-26 00:00:00-04:00,6.72453353814425,6.748400536731626,6.682765863840743,6.712599754333496,144800,0.0,0.0
2016-07-27 00:00:00-04:00,6.849835272054239,6.849835272054239,6.742434056372533,6.796134948730469,252000,0.0,0.0
2016-07-28 00:00:00-04:00,6.808065692231618,6.8617665650908055,6.802098802128605,6.855799674987793,220600,0.0,0.0
2016-07-29 00:00:00-04:00,6.855799284291433,6.855799284291433,6.784198314237545,6.825965404510498,238900,0.0,0.0
2016-08-01 00:00:00-04:00,6.831932146666787,6.8378990363008425,6.760331178159868,6.7722649574279785,153500,0.0,0.0
2016-08-02 00:00:00-04:00,6.77226870327943,6.796135705982962,6.623099794123797,6.652933120727539,207900,0.0,0.0
2016-08-03 00:00:00-04:00,6.646964436686803,6.7066316377424595,6.635030655055255,6.664864540100098,198800,0.0,0.0
2016-08-04 00:00:00-04:00,6.676795733821698,6.700662720834059,6.664862524832446,6.682762622833252,132900,0.0,0.0
2016-08-05 00:00:00-04:00,6.694698604561916,6.766299589168017,6.694698604561916,6.742432594299316,159200,0.0,0.0
2016-08-08 00:00:00-04:00,6.760491091616076,6.772531423054292,6.652130979245136,6.700291156768799,219200,0.1,0.0
2016-08-09 00:00:00-04:00,6.688250825330582,6.730391411249738,6.670190902287859,6.700291156768799,133000,0.0,0.0
2016-08-10 00:00:00-04:00,6.700289722019293,6.706309886449289,6.640089225948294,6.658149719238281,381900,0.0,0.0
2016-08-11 00:00:00-04:00,6.6581517153041565,6.742431746132725,6.64611138283456,6.694271564483643,241900,0.0,0.0
2016-08-12 00:00:00-04:00,6.712331489073386,6.7303919877777805,6.664171307424303,6.694271564483643,138600,0.0,0.0
2016-08-15 00:00:00-04:00,6.736411281397269,6.76651153712282,6.712331191639754,6.760491371154785,218700,0.0,0.0
2016-08-16 00:00:00-04:00,6.736411370216547,6.802632048508801,6.736411370216547,6.784572124481201,222700,0.0,0.0
2016-08-17 00:00:00-04:00,6.8086546054363835,6.81467419948296,6.77855433874416,6.790594100952148,173900,0.0,0.0
2016-08-18 00:00:00-04:00,6.802634395678969,6.880894858954278,6.7785542972954,6.868854522705078,145800,0.0,0.0
2016-08-19 00:00:00-04:00,6.832732394631346,6.838751986643413,6.790591805859031,6.82069206237793,155000,0.0,0.0
2016-08-22 00:00:00-04:00,6.81467180648899,6.820691972536401,6.7725317923863795,6.784572124481201,162300,0.0,0.0
2016-08-23 00:00:00-04:00,6.820689491264272,6.844769572579283,6.814669327406913,6.838749408721924,115900,0.0,0.0
2016-08-24 00:00:00-04:00,6.850792505157573,6.862832263623687,6.8026323230638015,6.8447723388671875,138700,0.0,0.0
2016-08-25 00:00:00-04:00,6.814672470092773,6.8387525625126715,6.802632710940169,6.814672470092773,110800,0.0,0.0
2016-08-26 00:00:00-04:00,6.8146741578133385,6.886914452964047,6.80865456380357,6.868854522705078,197000,0.0,0.0
2016-08-29 00:00:00-04:00,6.892932520960959,6.9049728535417305,6.826712414110688,6.8447723388671875,188400,0.0,0.0
2016-08-30 00:00:00-04:00,6.832734703967195,6.880894901028819,6.77855433874416,6.790594100952148,159600,0.0,0.0
2016-08-31 00:00:00-04:00,6.784574067389447,6.802633996588895,6.700293440934029,6.7123332023620605,271000,0.0,0.0
2016-09-01 00:00:00-04:00,6.736411287942771,6.772531709671455,6.712331198161857,6.718351364135742,197300,0.0,0.0
2016-09-02 00:00:00-04:00,6.742431729252591,6.802632243220553,6.742431729252591,6.772531986236572,131800,0.0,0.0
2016-09-06 00:00:00-04:00,6.778549770378338,6.826709934982687,6.766509442170026,6.808650016784668,198600,0.0,0.0
2016-09-07 00:00:00-04:00,6.8146700875819155,6.856810665169776,6.77855024863745,6.850790500640869,160300,0.0,0.0
2016-09-08 00:00:00-04:00,6.850787839085725,6.87508139039013,6.783980717799598,6.808274269104004,224600,0.1,0.0
2016-09-09 00:00:00-04:00,6.771838463469641,6.814352642858706,6.547122809457931,6.57141637802124,384700,0.0,0.0
2016-09-12 00:00:00-04:00,6.553195652334952,6.729324150565844,6.4560213883736735,6.680737018585205,331700,0.0,0.0
2016-09-13 00:00:00-04:00,6.662515839726967,6.705029428076106,6.57141454857341,6.632148742675781,310100,0.0,0.0
2016-09-14 00:00:00-04:00,6.620002814007256,6.717177657172835,6.620002814007256,6.680737018585205,208900,0.0,0.0
2016-09-15 00:00:00-04:00,6.680737703240411,6.73539837712144,6.63822410320155,6.6503705978393555,303700,0.0,0.0
2016-09-16 00:00:00-04:00,6.6382227297760705,6.723249912261963,6.632149194111581,6.723249912261963,196400,0.0,0.0
2016-09-19 00:00:00-04:00,6.73539795998078,6.765765063501122,6.686810826029962,6.711104393005371,135700,0.0,0.0
2016-09-20 00:00:00-04:00,6.723250053527148,6.747543617491309,6.692883532975137,6.698956489562988,111100,0.0,0.0
2016-09-21 00:00:00-04:00,6.71110288397524,6.747542936642436,6.662515760949517,6.729322910308838,140900,0.0,0.0
2016-09-22 00:00:00-04:00,6.7718380032360574,6.820425137060556,6.747544436323808,6.790058612823486,125600,0.0,0.0
2016-09-23 00:00:00-04:00,6.790057462507328,6.796130418803317,6.72324973041342,6.7414703369140625,185700,0.0,0.0
2016-09-26 00:00:00-04:00,6.723247988529581,6.7293215224562415,6.644293785095216,6.644293785095215,167400,0.0,0.0
2016-09-27 00:00:00-04:00,6.668589601442334,6.747543831632625,6.656443108676897,6.7353973388671875,152500,0.0,0.0
2016-09-28 00:00:00-04:00,6.735393615190788,6.808274269104003,6.717173596513471,6.808274269104004,102200,0.0,0.0
2016-09-29 00:00:00-04:00,6.7839829600920964,6.808276519426189,6.656441628787072,6.662515163421631,214500,0.0,0.0
2016-09-30 00:00:00-04:00,6.668589884740619,6.735397625003632,6.6442963189734225,6.686810493469238,222200,0.0,0.0
2016-10-03 00:00:00-04:00,6.680736957226365,6.723250552517886,6.6442963189734225,6.686810493469238,222900,0.0,0.0
2016-10-04 00:00:00-04:00,6.680736673412042,6.771837396367771,6.668589601442334,6.7353973388671875,302600,0.0,0.0
2016-10-05 00:00:00-04:00,6.759689947288847,6.881157753780163,6.723249315739357,6.814350605010986,432000,0.0,0.0
2016-10-06 00:00:00-04:00,6.795967441525872,6.795967441525872,6.685663005402499,6.710175037384033,253800,0.1,0.0
2016-10-07 00:00:00-04:00,6.704047220178617,6.734687407798506,6.630511120538663,6.642767429351807,198100,0.0,0.0
2016-10-10 00:00:00-04:00,6.655025730428494,6.710177972615412,6.642770001283178,6.679537773132324,193300,0.0,0.0
2016-10-11 00:00:00-04:00,6.66115087197316,6.7163030891948905,6.587614777148496,6.69179105758667,264200,0.0,0.0
2016-10-12 00:00:00-04:00,6.6611519767015155,6.704047893026805,6.624384215397847,6.697920322418213,160400,0.0,0.0
2016-10-13 00:00:00-04:00,6.64889520860335,6.697919272263869,6.587614836821234,6.661150932312012,187900,0.0,0.0
2016-10-14 00:00:00-04:00,6.704048917741496,6.734689113119931,6.66728115081787,6.667281150817871,192000,0.0,0.0
2016-10-17 00:00:00-04:00,6.673409025654026,6.7101767910287835,6.587616599091103,6.59374475479126,241600,0.0,0.0
2016-10-18 00:00:00-04:00,6.655022797670689,6.655022797670689,6.556974670063546,6.581486701965332,168200,0.0,0.0
2016-10-19 00:00:00-04:00,6.612126453584757,6.679534390783299,6.575358115940979,6.630510330200195,125200,0.0,0.0
2016-10-20 00:00:00-04:00,6.648895003792482,6.667278880995649,6.59374278777006,6.624382972717285,94100,0.0,0.0
2016-10-21 00:00:00-04:00,6.618252277374267,6.655020017661445,6.593740255711917,6.618252277374268,135800,0.0,0.0
2016-10-24 00:00:00-04:00,6.66115051416786,6.7101745747509645,6.624382760936983,6.630510330200195,132300,0.0,0.0
2016-10-25 00:00:00-04:00,6.624384948878953,6.6427688315663325,6.587616599091103,6.59374475479126,186500,0.0,0.0
2016-10-26 00:00:00-04:00,6.6121269434099075,6.63051082138722,6.56310287919511,6.569231033325195,219100,0.0,0.0
2016-10-27 00:00:00-04:00,6.593745835879853,6.636641763987841,6.483441352844238,6.483441352844238,180100,0.0,0.0
2016-10-28 00:00:00-04:00,6.501823290744098,6.587615705671764,6.434415340423584,6.434415340423584,128500,0.0,0.0
2016-10-31 00:00:00-04:00,6.45892631516729,6.471182622893354,6.391518375912694,6.416030406951904,165900,0.0,0.0
2016-11-01 00:00:00-04:00,6.4405433591897845,6.45279908425588,6.330238911529905,6.367007255554199,158100,0.0,0.0
2016-11-02 00:00:00-04:00,6.367007934219516,6.367007934219516,6.238319593036981,6.275087356567383,260500,0.0,0.0
2016-11-03 00:00:00-04:00,6.2567015854686865,6.317981952065303,6.177037342658241,6.19542121887207,175000,0.0,0.0
2016-11-04 00:00:00-04:00,6.1831671456200805,6.238319373386847,6.158655109325189,6.170910835266113,155500,0.0,0.0
2016-11-07 00:00:00-05:00,6.27613017600815,6.319456328091265,6.238993052597943,6.3008880615234375,246400,0.1,0.0
2016-11-08 00:00:00-05:00,6.269942558239897,6.307079103228434,6.226616392328358,6.2637529373168945,222500,0.0,0.0
2016-11-09 00:00:00-05:00,6.195668177395543,6.319457630484057,6.189478557172449,6.282320499420166,231200,0.0,0.0
2016-11-10 00:00:00-05:00,6.344215535990102,6.356594776465341,6.189478571697661,6.220426082611084,199800,0.0,0.0
2016-11-11 00:00:00-05:00,6.251373826870545,6.251373826870545,6.158531290664728,6.201858043670654,443200,0.0,0.0
2016-11-14 00:00:00-05:00,6.195668465040932,6.220426356808066,6.133773440485747,6.214236736297607,333800,0.0,0.0
2016-11-15 00:00:00-05:00,6.214234540411502,6.313266072485869,6.177097420746367,6.307076454162598,197600,0.0,0.0
2016-11-16 00:00:00-05:00,6.282320194702216,6.455626010894775,6.282320194702216,6.455626010894775,317900,0.0,0.0
2016-11-17 00:00:00-05:00,6.44324679842741,6.449436418376583,6.387541399434147,6.430868148803711,168700,0.0,0.0
2016-11-18 00:00:00-05:00,6.412299562064639,6.430868422703032,6.381352641549998,6.424678802490234,102500,0.0,0.0
2016-11-21 00:00:00-05:00,6.412299033359923,6.49276231866794,6.406110003932094,6.474194049835205,152000,0.0,0.0
2016-11-22 00:00:00-05:00,6.430868538843145,6.517520862288541,6.430868538843145,6.5051422119140625,298400,0.0,0.0
2016-11-23 00:00:00-05:00,6.48657156068412,6.517519063491009,6.437055792302908,6.4432454109191895,226600,0.0,0.0
2016-11-25 00:00:00-05:00,6.461813949843637,6.4927614539596785,6.406109150764216,6.437056064605713,148000,0.0,0.0
2016-11-28 00:00:00-05:00,6.443246771049031,6.4741942803887484,6.424678501555058,6.455626010894775,156800,0.0,0.0
2016-11-29 00:00:00-05:00,6.430867487519627,6.480383261472025,6.418488248894233,6.4618144035339355,215600,0.0,0.0
2016-11-30 00:00:00-05:00,6.449440002441406,6.480387529110698,6.437060755663699,6.449440002441406,277200,0.0,0.0
2016-12-01 00:00:00-05:00,6.418488964086598,6.437057233819106,6.375162804619195,6.381352424621582,195100,0.0,0.0
2016-12-02 00:00:00-05:00,6.375162832343777,6.381352452373081,6.3318360824133,6.356594562530518,225100,0.0,0.0
2016-12-05 00:00:00-05:00,6.362786378830413,6.412302180200696,6.362786378830413,6.406113147735596,269400,0.0,0.0
2016-12-06 00:00:00-05:00,6.412298629581537,6.4618144035339355,6.412298629581537,6.4618144035339355,253000,0.0,0.0
2016-12-07 00:00:00-05:00,6.461815013295522,6.4927625225047425,6.412299234670624,6.48038387298584,272400,0.0,0.0
2016-12-08 00:00:00-05:00,6.505380271071024,6.505380271071024,6.467885617109679,6.492882251739502,323500,0.1,0.0
2016-12-09 00:00:00-05:00,6.505380279210019,6.5616228561891825,6.486632952205891,6.549124240875244,251000,0.0,0.0
2016-12-12 00:00:00-05:00,6.5553725884893215,6.617864463973437,6.492881308971898,6.530375957489014,436400,0.0,0.0
2016-12-13 00:00:00-05:00,6.530379277781561,6.636615162538896,6.517881253910284,6.611618518829346,386100,0.0,0.0
2016-12-14 00:00:00-05:00,6.592869402325669,6.655360696718386,6.592869402325669,6.617866039276123,324400,0.0,0.0
2016-12-15 00:00:00-05:00,6.642865168881381,6.686609150967367,6.617868522551238,6.680359840393066,379400,0.0,0.0
2016-12-16 00:00:00-05:00,6.680356146372574,6.6991040677284825,6.642861495594216,6.686605453491211,307600,0.0,0.0
2016-12-19 00:00:00-05:00,6.6991040677284825,6.70535277888039,6.661608820983395,6.686605453491211,224400,0.0,0.0
2016-12-20 00:00:00-05:00,6.6991039325705435,6.705352643596379,6.599117404556563,6.624114036560059,527900,0.0,0.0
2016-12-21 00:00:00-05:00,6.636613249310188,6.649111865545311,6.599118592538468,6.630363941192627,314100,0.0,0.0
2016-12-22 00:00:00-05:00,6.642864227294923,6.655362250704944,6.611618274819407,6.642864227294922,422300,0.0,0.0
2016-12-23 00:00:00-05:00,6.655361531882744,6.674109458923341,6.624116178748904,6.67410945892334,242300,0.0,0.0
2016-12-27 00:00:00-05:00,6.661611193909921,6.71785378607831,6.630365243153378,6.705355167388916,312300,0.0,0.0
2016-12-28 00:00:00-05:00,6.717971170585141,6.724279269339486,6.629660194317941,6.648583889007568,247500,0.1,0.0
2016-12-29 00:00:00-05:00,6.6422757902532235,6.667507583697196,6.617043996809251,6.648583889007568,370300,0.0,0.0
2016-12-30 00:00:00-05:00,6.623351601092594,6.654891490936278,6.566579919688634,6.654891490936279,663500,0.0,0.0
2017-01-03 00:00:00-05:00,6.661197875509619,6.74320072580382,6.648581682188537,6.717968940734863,201100,0.0,0.0
2017-01-04 00:00:00-05:00,6.7116620560307805,6.8378209928489175,6.7116620560307805,6.799973011016846,254800,0.0,0.0
2017-01-05 00:00:00-05:00,6.825206652037097,6.856746545200861,6.730587574119232,6.818899154663086,184500,0.0,0.0
2017-01-06 00:00:00-05:00,6.837822457105552,6.863054249872335,6.799974467168681,6.831514358520508,232800,0.0,0.0
2017-01-09 00:00:00-05:00,6.837818757219504,6.888282315447665,6.787355198991343,6.881974220275879,245000,0.0,0.0
2017-01-10 00:00:00-05:00,6.875666543981877,6.881974639537964,6.844127269347648,6.856742858886719,104500,0.0,0.0
2017-01-11 00:00:00-05:00,6.850438013027368,6.875669805648019,6.8252062204067165,6.844130516052246,95200,0.0,0.0
2017-01-12 00:00:00-05:00,6.831511519049993,6.875666987645601,6.7810479544912585,6.869359493255615,158300,0.0,0.0
2017-01-13 00:00:00-05:00,6.881977196831332,6.926132678985596,6.863053504704266,6.926132678985596,133900,0.0,0.0
2017-01-17 00:00:00-05:00,6.919825959843405,6.919825959843405,6.856746176904085,6.863054275512695,182400,0.0,0.0
2017-01-18 00:00:00-05:00,6.894593373601794,6.951365051399624,6.844129793686685,6.932440757751465,341700,0.0,0.0
2017-01-19 00:00:00-05:00,6.926129709656629,6.957669584062371,6.87566615123667,6.9198222160339355,244300,0.0,0.0
2017-01-20 00:00:00-05:00,6.9324391838762525,6.9324391838762525,6.875667518967323,6.894591808319092,153800,0.0,0.0
2017-01-23 00:00:00-05:00,6.894593727012918,6.919825518263833,6.8441301445110865,6.850437641143799,203200,0.0,0.0
2017-01-24 00:00:00-05:00,6.875667518967323,6.907207399647083,6.8693600240899215,6.894591808319092,187200,0.0,0.0
2017-01-25 00:00:00-05:00,6.938746949600384,6.976594924926758,6.938746949600384,6.976594924926758,227200,0.0,0.0
2017-01-26 00:00:00-05:00,6.970291237550185,7.0396785343679555,6.957675037270477,7.01444673538208,242800,0.0,0.0
2017-01-27 00:00:00-05:00,7.001828378977835,7.071215648467152,6.995520281322451,7.064907550811768,224500,0.0,0.0
2017-01-30 00:00:00-05:00,7.0459842874612075,7.071216078042268,7.001828804337687,7.039676189422607,183300,0.0,0.0
2017-01-31 00:00:00-05:00,7.045983347096037,7.09644692152323,7.014443462685726,7.077523231506348,304300,0.0,0.0
2017-02-01 00:00:00-05:00,7.083832019564414,7.096448216259648,6.9829048522960155,7.001829147338867,433500,0.0,0.0
2017-02-02 00:00:00-05:00,7.020752496880148,7.064907980003668,6.9829045102218865,7.039676189422607,320300,0.0,0.0
2017-02-03 00:00:00-05:00,7.045983859418918,7.096447437515385,7.039675761763534,7.064907550811768,199100,0.0,0.0
2017-02-06 00:00:00-05:00,7.077518477328279,7.090134061674187,7.058594198450133,7.0712103843688965,222300,0.0,0.0
2017-02-07 00:00:00-05:00,7.090139846534941,7.140603428237632,7.07752425189594,7.096447944641113,303700,0.0,0.0
2017-02-08 00:00:00-05:00,7.121903789450878,7.249194785419151,7.096445711650913,7.102810382843018,560400,0.1,0.0
2017-02-09 00:00:00-05:00,7.115538706720841,7.147360844189489,7.096444695877613,7.134632110595703,268700,0.0,0.0
2017-02-10 00:00:00-05:00,7.166456921830048,7.166456921830048,7.115540758834014,7.140998840332031,160800,0.0,0.0
2017-02-13 00:00:00-05:00,7.166458105130065,7.255561101601224,7.160093431962514,7.230103015899658,259700,0.0,0.0
2017-02-14 00:00:00-05:00,7.249194537101178,7.255558601106831,7.185549041297189,7.211007118225098,303600,0.0,0.0
2017-02-15 00:00:00-05:00,7.236468315124512,7.268291076746749,7.2046455535022735,7.236468315124512,273800,0.0,0.0
2017-02-16 00:00:00-05:00,7.249198520699381,7.261927262673851,7.191917664392355,7.217375755310059,316500,0.0,0.0
2017-02-17 00:00:00-05:00,7.204645205612326,7.230103292287086,7.160093705673662,7.191916465759277,287200,0.0,0.0
2017-02-21 00:00:00-05:00,7.2110111650982365,7.230104581767428,7.172824331759854,7.185553073883057,275800,0.0,0.0
2017-02-22 00:00:00-05:00,7.198278383245359,7.230100524178922,7.198278383245359,7.211007118225098,196500,0.0,0.0
2017-02-23 00:00:00-05:00,7.223738949700747,7.255561101601224,7.185551517664079,7.230103015899658,200500,0.0,0.0
2017-02-24 00:00:00-05:00,7.223740429781676,7.249198520699381,7.204646406366824,7.217375755310059,212000,0.0,0.0
2017-02-27 00:00:00-05:00,7.23646768906721,7.2682904479363275,7.211009603365644,7.230103015899658,349500,0.0,0.0
2017-02-28 00:00:00-05:00,7.223740514190212,7.268292022074583,7.166459657213865,7.185553073883057,472300,0.0,0.0
2017-03-01 00:00:00-05:00,7.223735594488438,7.2746517422425185,7.2173709242770885,7.2491936683654785,251600,0.0,0.0
2017-03-02 00:00:00-05:00,7.268289415916179,7.28738282573913,7.2428313338293915,7.261924743652344,309100,0.0,0.0
2017-03-03 00:00:00-05:00,7.29375004118935,7.306478783186727,7.249198533745381,7.26829195022583,293500,0.0,0.0
2017-03-06 00:00:00-05:00,7.281015805485509,7.281015805485509,7.2364643279427785,7.2491936683654785,258100,0.0,0.0
2017-03-07 00:00:00-05:00,7.242833859262309,7.287385366706278,7.242833859262309,7.26829195022583,271800,0.0,0.0
2017-03-08 00:00:00-05:00,7.293971352651955,7.3003922492354505,7.094928457206787,7.101349353790283,339200,0.1,0.0
2017-03-09 00:00:00-05:00,7.082087383185062,7.133453336408144,6.992197271209898,7.0114593505859375,600300,0.0,0.0
2017-03-10 00:00:00-05:00,7.049983600159602,7.107770451362627,7.011459440911233,7.069246292114258,302900,0.0,0.0
2017-03-13 00:00:00-04:00,7.094927398933109,7.127031264731602,7.043561458587646,7.0435614585876465,237300,0.0,0.0
2017-03-14 00:00:00-04:00,7.049982788160021,7.082086658722998,7.011458633348768,7.0307207107543945,198800,0.0,0.0
2017-03-15 00:00:00-04:00,7.056405006922528,7.165557819890764,7.030722028125915,7.152716636657715,232000,0.0,0.0
2017-03-16 00:00:00-04:00,7.178399615454328,7.197661696469159,7.133453943312368,7.152716636657715,291200,0.0,0.0
2017-03-17 00:00:00-04:00,7.171978088052527,7.242606120460228,7.171978088052527,7.229764938354492,204900,0.0,0.0
2017-03-20 00:00:00-04:00,7.229767419876691,7.268291591747272,7.210504721610728,7.216925621032715,193200,0.0,0.0
2017-03-21 00:00:00-04:00,7.210500945814842,7.242604813782842,7.069244906484204,7.082086086273193,246900,0.0,0.0
2017-03-22 00:00:00-04:00,7.082087133058176,7.1591360601715675,7.062825054362438,7.13987398147583,197700,0.0,0.0
2017-03-23 00:00:00-04:00,7.133454744150162,7.2169245876925325,7.1077717624702474,7.159137725830078,206500,0.0,0.0
2017-03-24 00:00:00-04:00,7.165556907653809,7.216922858707708,7.159136010689462,7.165556907653809,108400,0.0,0.0
2017-03-27 00:00:00-04:00,7.146295970870114,7.184820134150407,7.114192093249513,7.171978950500488,136700,0.0,0.0
2017-03-28 00:00:00-04:00,7.171979546763617,7.287553270874121,7.171979546763617,7.242607593536377,263100,0.0,0.0
2017-03-29 00:00:00-04:00,7.287553119612698,7.287553119612698,7.255449239989401,7.281132221221924,259900,0.0,0.0
2017-03-30 00:00:00-04:00,7.287550211222511,7.319653465703139,7.281129315394254,7.306812286376953,266500,0.0,0.0
2017-03-31 00:00:00-04:00,7.306813432388313,7.338917304234488,7.287551354212777,7.313234329223633,230000,0.0,0.0
2017-04-03 00:00:00-04:00,7.326077461242675,7.3517604430920125,7.300394479393337,7.326077461242676,232700,0.0,0.0
2017-04-04 00:00:00-04:00,7.332496735804632,7.351758814842872,7.293971965397702,7.319654941558838,234100,0.0,0.0
2017-04-05 00:00:00-04:00,7.351761939731709,7.351761939731709,7.274712978498404,7.300395965576172,256700,0.0,0.0
2017-04-06 00:00:00-04:00,7.313233182205211,7.332495257359653,7.268287523737739,7.306812286376953,267200,0.0,0.0
2017-04-07 00:00:00-04:00,7.274424385196516,7.32624632259412,7.26146936416626,7.26146936416626,267200,0.1,0.0
2017-04-10 00:00:00-04:00,7.267950534820557,7.306816233591201,7.242039863053746,7.267950534820557,293200,0.0,0.0
2017-04-11 00:00:00-04:00,7.254993349818763,7.319770324363177,7.2420383255652885,7.313292503356934,264400,0.0,0.0
2017-04-12 00:00:00-04:00,7.332726588025611,7.345682232227918,7.274427424633466,7.280905246734619,408800,0.0,0.0
2017-04-13 00:00:00-04:00,7.300338713038079,7.332726588025611,7.26795022029143,7.280905246734619,155100,0.0,0.0
2017-04-17 00:00:00-04:00,7.287379963311788,7.378067580803966,7.287379963311788,7.32624626159668,298700,0.0,0.0
2017-04-18 00:00:00-04:00,7.313292713887602,7.371591869104053,7.306814892694878,7.352159023284912,180600,0.0,0.0
2017-04-19 00:00:00-04:00,7.371592313479758,7.416935829044169,7.319770976332128,7.332726001739502,212900,0.0,0.0
2017-04-20 00:00:00-04:00,7.339201195614052,7.397500333471631,7.332723376350134,7.378067493438721,214100,0.0,0.0
2017-04-21 00:00:00-04:00,7.384547732150687,7.403981197935277,7.345682036099708,7.39750337600708,198900,0.0,0.0
2017-04-24 00:00:00-04:00,7.449320608918126,7.468753446229807,7.423409953249631,7.429887771606445,234900,0.0,0.0
2017-04-25 00:00:00-04:00,7.468755912162172,7.494666576385499,7.429890224706664,7.494666576385498,330200,0.0,0.0
2017-04-26 00:00:00-04:00,7.520576502918828,7.565920624181087,7.5140993008175645,7.53353214263916,246900,0.0,0.0
2017-04-27 00:00:00-04:00,7.5464860972016305,7.578874574162429,7.514098237999648,7.572396755218506,190600,0.0,0.0
2017-04-28 00:00:00-04:00,7.585353154358494,7.5983081757876665,7.520576193936002,7.546486854553223,171700,0.0,0.0
2017-05-01 00:00:00-04:00,7.5464881865257105,7.611265158381489,7.540010983547322,7.598309516906738,219600,0.0,0.0
2017-05-02 00:00:00-04:00,7.6112636189173175,7.630696459439944,7.507620979118159,7.520576000213623,355200,0.0,0.0
2017-05-03 00:00:00-04:00,7.540009652718076,7.591830973952519,7.501143352912805,7.546486854553223,292000,0.0,0.0
2017-05-04 00:00:00-04:00,7.5723952272055115,7.5723952272055115,7.449319780900117,7.5076189041137695,213500,0.0,0.0
2017-05-05 00:00:00-04:00,7.520576694586131,7.591831479346132,7.4881888299776795,7.55944299697876,318600,0.0,0.0
2017-05-08 00:00:00-04:00,7.5855769329733125,7.611711540804901,7.5333077173101355,7.605178356170654,202200,0.1,0.0
2017-05-09 00:00:00-04:00,7.6117120305941155,7.624779646899869,7.539842010207192,7.565976619720459,172300,0.0,0.0
2017-05-10 00:00:00-04:00,7.585577727147481,7.618246146131745,7.500640087027698,7.533308506011963,242600,0.0,0.0
2017-05-11 00:00:00-04:00,7.552911617015884,7.579046233416697,7.461440148063835,7.481040954589844,237600,0.0,0.0
2017-05-12 00:00:00-04:00,7.507170897054565,7.513704702861447,7.448367890988663,7.494103908538818,235700,0.0,0.0
2017-05-15 00:00:00-04:00,7.513707928753654,7.552910157327787,7.494107126015729,7.520241737365723,237900,0.0,0.0
2017-05-16 00:00:00-04:00,7.546376631800633,7.637847463407788,7.533309014086292,7.631314277648926,319200,0.0,0.0
2017-05-17 00:00:00-04:00,7.618248592734545,7.618248592734545,7.415705451562191,7.428772449493408,342200,0.0,0.0
2017-05-18 00:00:00-04:00,7.461440878969149,7.52677773792063,7.38303702208645,7.428772449493408,291800,0.0,0.0
2017-05-19 00:00:00-04:00,7.461441040039062,7.579047139451102,7.435306420513995,7.4614410400390625,213100,0.0,0.0
2017-05-22 00:00:00-04:00,7.481040954589844,7.539843997266274,7.474507144715039,7.481040954589844,219600,0.0,0.0
2017-05-23 00:00:00-04:00,7.526775122283346,7.60517895191985,7.467972094281406,7.579044342041016,203400,0.0,0.0
2017-05-24 00:00:00-04:00,7.624780719015877,7.663982327248772,7.60517991489943,7.644381523132324,343700,0.0,0.0
2017-05-25 00:00:00-04:00,7.677046298401523,7.696647093206589,7.618243290888294,7.637844085693359,191800,0.0,0.0
2017-05-26 00:00:00-04:00,7.670512492433824,7.696647093206589,7.618243290888294,7.637844085693359,133800,0.0,0.0
2017-05-30 00:00:00-04:00,7.677050590515137,7.72931982128354,7.657449784751581,7.677050590515137,196700,0.0,0.0
2017-05-31 00:00:00-04:00,7.72932471756739,7.7358585313270005,7.663987826168832,7.690123081207275,214400,0.0,0.0
2017-06-01 00:00:00-04:00,7.709718644468911,7.768521682027903,7.690117839648696,7.755454063415527,240600,0.0,0.0
2017-06-02 00:00:00-04:00,7.775054454803467,7.827323680276898,7.75545365102551,7.775054454803467,163700,0.0,0.0
2017-06-05 00:00:00-04:00,7.8207862897215366,7.827319472069537,7.775050274697633,7.7881178855896,145500,0.0,0.0
2017-06-06 00:00:00-04:00,7.8273215675809364,7.8273215675809364,7.781586163410845,7.820788383483887,217600,0.0,0.0
2017-06-07 00:00:00-04:00,7.905727692606295,7.905727692606295,7.820790050261136,7.873059272766113,304300,0.0,0.0
2017-06-08 00:00:00-04:00,7.9323533438420135,7.9323533438420135,7.807175286403706,7.853293418884277,245300,0.1,0.0
2017-06-09 00:00:00-04:00,7.879648048935695,7.8928243911493015,7.734704514710802,7.767646312713623,184500,0.0,0.0
2017-06-12 00:00:00-04:00,7.747879955255096,7.754468439217133,7.668820032647891,7.714938163757324,232500,0.0,0.0
2017-06-13 00:00:00-04:00,7.780823230743408,7.813764400211443,7.747881432962841,7.780823230743408,142300,0.0,0.0
2017-06-14 00:00:00-04:00,7.853294736195945,7.853294736195945,7.721528172497195,7.767646312713623,182300,0.0,0.0
2017-06-15 00:00:00-04:00,7.794000031965075,7.794000031965075,7.688586775508035,7.747881889343262,219000,0.0,0.0
2017-06-16 00:00:00-04:00,7.820351071035136,7.820351071035136,7.734702668001908,7.793997764587402,186700,0.0,0.0
2017-06-19 00:00:00-04:00,7.846704611879086,7.899411226349,7.83352827241781,7.892822742462158,211800,0.0,0.0
2017-06-20 00:00:00-04:00,7.919181876633988,7.919181876633988,7.82035643839367,7.873063087463379,180000,0.0,0.0
2017-06-21 00:00:00-04:00,7.886237054985501,7.892824912371081,7.826941940327233,7.833530426025391,205600,0.0,0.0
2017-06-22 00:00:00-04:00,7.8269418316860415,7.879648459914562,7.7347049181298475,7.747881889343262,839200,0.0,0.0
2017-06-23 00:00:00-04:00,7.734703516315392,7.787410134991522,7.701761722564696,7.701761722564697,292000,0.0,0.0
2017-06-26 00:00:00-04:00,7.7347049181298475,7.820353346079335,7.708351604015587,7.747881889343262,206300,0.0,0.0
2017-06-27 00:00:00-04:00,7.787411072788879,7.787411072788879,7.7017626500478595,7.708351135253906,249600,0.0,0.0
2017-06-28 00:00:00-04:00,7.734702668001908,7.8071747319674625,7.734702668001908,7.793997764587402,139000,0.0,0.0
2017-06-29 00:00:00-04:00,7.833530317292749,7.833530317292749,7.70176311840888,7.747881889343262,209800,0.0,0.0
2017-06-30 00:00:00-04:00,7.787412112453947,7.859884202770852,7.747882452565286,7.800589084625244,188300,0.0,0.0
2017-07-03 00:00:00-04:00,7.873060083589184,7.873060083589184,7.807177111545336,7.833530426025391,148900,0.0,0.0
2017-07-05 00:00:00-04:00,7.873058821556102,7.879647306198142,7.8203522010447415,7.8664703369140625,211200,0.0,0.0
2017-07-06 00:00:00-04:00,7.906001355585626,7.906001355585626,7.78741113419183,7.80717658996582,312400,0.0,0.0
2017-07-07 00:00:00-04:00,7.860330393815618,7.860330393815618,7.807175209042579,7.840397357940674,258400,0.1,0.0
2017-07-10 00:00:00-04:00,7.8736218211432,7.8736218211432,7.740733186490678,7.773955345153809,519800,0.0,0.0
2017-07-11 00:00:00-04:00,7.793886812867167,7.8204650413580215,7.767309218036155,7.787242889404297,183100,0.0,0.0
2017-07-12 00:00:00-04:00,7.860330053802563,7.860330053802563,7.807174871328849,7.827107906341553,266400,0.0,0.0
2017-07-13 00:00:00-04:00,7.873618666481736,7.873618666481736,7.7872413420297155,7.81381893157959,192300,0.0,0.0
2017-07-14 00:00:00-04:00,7.827107482329431,7.900196329516218,7.8071744483965455,7.860329627990723,306700,0.0,0.0
2017-07-17 00:00:00-04:00,7.847044340011011,7.900199541214575,7.847044340011011,7.873621940612793,268900,0.0,0.0
2017-07-18 00:00:00-04:00,7.906843815335616,7.913488374194522,7.880266213560001,7.900199890136719,123800,0.0,0.0
2017-07-19 00:00:00-04:00,7.940060980010723,7.966638565063477,7.893550364583306,7.966638565063477,253700,0.0,0.0
2017-07-20 00:00:00-04:00,8.00650944558892,8.026442486385356,7.953354247691794,7.993220329284668,203100,0.0,0.0
2017-07-21 00:00:00-04:00,7.986577176823478,8.006510219546763,7.946710457716904,7.973288059234619,147600,0.0,0.0
2017-07-24 00:00:00-04:00,7.966641239428153,7.986574910154068,7.906841494570055,7.9467082023620605,179200,0.0,0.0
2017-07-25 00:00:00-04:00,7.973288226100692,7.993221269241139,7.9533551829602445,7.97993278503418,161600,0.0,0.0
2017-07-26 00:00:00-04:00,7.946707823895273,8.033085158614327,7.946707823895273,8.013152122497559,174300,0.0,0.0
2017-07-27 00:00:00-04:00,8.039734840393066,8.05302332838882,7.993223548257436,8.039734840393066,142900,0.0,0.0
2017-07-28 00:00:00-04:00,8.072954475096425,8.072954475096425,8.00651078345245,8.053021430969238,145200,0.0,0.0
2017-07-31 00:00:00-04:00,8.039730024112776,8.072951541030578,7.993218759840181,8.006507873535156,239700,0.0,0.0
2017-08-01 00:00:00-04:00,8.019796353570314,8.05966306099542,7.986574836652511,8.006507873535156,286200,0.0,0.0
2017-08-02 00:00:00-04:00,8.039730024112776,8.039730024112776,7.946708129227404,8.006507873535156,257100,0.0,0.0
2017-08-03 00:00:00-04:00,8.013152522014796,8.02644100220191,7.940063663176281,7.959996700286865,275100,0.0,0.0
2017-08-04 00:00:00-04:00,7.946705512479151,7.973283097457625,7.933416403160109,7.953350067138672,228000,0.0,0.0
2017-08-07 00:00:00-04:00,7.9998656607523335,7.9998656607523335,7.946710457716904,7.973288059234619,234500,0.0,0.0
2017-08-08 00:00:00-04:00,7.979984757577177,8.006785688725818,7.906282356664562,7.919682502746582,212700,0.1,0.0
2017-08-09 00:00:00-04:00,7.852679062370309,7.933081841154164,7.852679062370309,7.859378814697266,269800,0.0,0.0
2017-08-10 00:00:00-04:00,7.805780171288659,7.845981896700571,7.557871341705323,7.557871341705322,706200,0.0,0.0
2017-08-11 00:00:00-04:00,7.611473804223282,7.839282108190397,7.577973109274422,7.8258819580078125,628900,0.0,0.0
2017-08-14 00:00:00-04:00,7.8392830865574075,7.973287800031446,7.8392830865574075,7.906285762786865,206300,0.0,0.0
2017-08-15 00:00:00-04:00,7.906285521723977,7.919685673170371,7.866083789415079,7.892884731292725,180400,0.0,0.0
2017-08-16 00:00:00-04:00,7.892881157857181,7.946483017344683,7.839279298369679,7.845979690551758,250900,0.0,0.0
2017-08-17 00:00:00-04:00,7.852678508009191,7.879479432378461,7.772275734901384,7.778975486755371,195300,0.0,0.0
2017-08-18 00:00:00-04:00,7.778978773071122,7.8258808897699925,7.7521778373795005,7.758878231048584,162400,0.0,0.0
2017-08-21 00:00:00-04:00,7.758877154366481,7.819179411050798,7.73877661513325,7.752176761627197,165400,0.0,0.0
2017-08-22 00:00:00-04:00,7.772279363844602,7.83258099259247,7.765578969877703,7.812480449676514,176100,0.0,0.0
2017-08-23 00:00:00-04:00,7.812478491558328,7.852680206298828,7.792377953680367,7.852680206298828,135200,0.0,0.0
2017-08-24 00:00:00-04:00,7.89288128205475,7.89288128205475,7.825879276133354,7.852680206298828,87100,0.0,0.0
2017-08-25 00:00:00-04:00,7.959884589640097,7.959884589640097,7.839280074362562,7.879481792449951,135500,0.0,0.0
2017-08-28 00:00:00-04:00,7.886184231291436,7.886184231291436,7.799081018657845,7.8258819580078125,295000,0.0,0.0
2017-08-29 00:00:00-04:00,7.785680229490463,7.859382652956672,7.778979834906773,7.8258819580078125,193600,0.0,0.0
2017-08-30 00:00:00-04:00,7.886180991800608,7.946482601328699,7.852679671628646,7.926382064819336,151200,0.0,0.0
2017-08-31 00:00:00-04:00,7.9799875003966205,7.986687895232939,7.9397864093483514,7.973287105560303,199800,0.0,0.0
2017-09-01 00:00:00-04:00,8.000083344211392,8.02688426882074,7.9665826676880425,8.020184516906738,147100,0.0,0.0
2017-09-05 00:00:00-04:00,8.033589381117528,8.033589381117528,7.9062850741515796,7.973287105560303,209700,0.0,0.0
2017-09-06 00:00:00-04:00,8.000086254983072,8.013487041655745,7.926383845237406,7.97998571395874,155300,0.0,0.0
2017-09-07 00:00:00-04:00,7.993387405555822,8.006787554760836,7.933085136671383,7.959886074066162,282500,0.0,0.0
2017-09-08 00:00:00-04:00,7.959884218961846,7.993385542643798,7.892881571597941,7.919682502746582,239100,0.0,0.0
2017-09-11 00:00:00-04:00,8.007531983881446,8.007531983881446,7.919685566937721,7.939957618713379,179600,0.1,0.0
2017-09-12 00:00:00-04:00,7.946711973299836,7.980499142232382,7.919682367041128,7.92643928527832,256100,0.0,0.0
2017-09-13 00:00:00-04:00,7.987259668718208,8.000774800171353,7.872383629114228,7.892656326293945,372700,0.0,0.0
2017-09-14 00:00:00-04:00,7.912928001533532,7.939957618713379,7.8926559497578745,7.939957618713379,162600,0.0,0.0
2017-09-15 00:00:00-04:00,7.939955502794257,7.966985112770981,7.879138719237445,7.919683456420898,328900,0.0,0.0
2017-09-18 00:00:00-04:00,7.946712400497469,8.000771615920987,7.933197274423248,7.9737420082092285,268900,0.0,0.0
2017-09-19 00:00:00-04:00,7.980502364146406,8.014288902282715,7.953472746975214,8.014288902282715,138900,0.0,0.0
2017-09-20 00:00:00-04:00,7.987259285111524,8.054833650257956,7.987259285111524,8.014288902282715,145800,0.0,0.0
2017-09-21 00:00:00-04:00,8.041316569905051,8.054831697432473,7.960227738050775,8.000772476196289,167300,0.0,0.0
2017-09-22 00:00:00-04:00,8.041317936915725,8.041317936915725,7.966986656188965,7.966986656188965,181400,0.0,0.0
2017-09-25 00:00:00-04:00,8.014288288097953,8.021045852982104,7.939957007682872,7.953472137451172,214900,0.0,0.0
2017-09-26 00:00:00-04:00,7.960226882135008,8.014286097558527,7.939954837460358,7.9737420082092285,143200,0.0,0.0
2017-09-27 00:00:00-04:00,8.021046467684739,8.06159121565998,7.980502364146406,8.014288902282715,209500,0.0,0.0
2017-09-28 00:00:00-04:00,8.04807642732663,8.081863611337596,7.994017190683858,8.027804374694824,209300,0.0,0.0
2017-09-29 00:00:00-04:00,8.048075504673175,8.08862024972556,8.014288324535665,8.0413179397583,183500,0.0,0.0
2017-10-02 00:00:00-04:00,8.06834602355957,8.06834602355957,8.034559494271809,8.06834602355957,202300,0.0,0.0
2017-10-03 00:00:00-04:00,8.068349608876618,8.088622308781902,8.007533442471843,8.034563064575195,672300,0.0,0.0
2017-10-04 00:00:00-04:00,8.06834677062708,8.06834677062708,7.994015497100063,8.048074722290039,491500,0.0,0.0
2017-10-05 00:00:00-04:00,8.068342776092923,8.108887497130626,8.034556260404061,8.102129936218262,274300,0.0,0.0
2017-10-06 00:00:00-04:00,8.102133314668919,8.12916292515278,8.075103704185059,8.122406005859375,192500,0.0,0.0
2017-10-09 00:00:00-04:00,8.162950365339265,8.162950365339265,8.088619095195908,8.095376014709473,261900,0.0,0.0
2017-10-10 00:00:00-04:00,8.163518629834424,8.163518629834424,8.088561678175605,8.143075942993164,216400,0.1,0.0
2017-10-11 00:00:00-04:00,8.143078470264564,8.143078470264564,8.088564188528048,8.109006881713867,235200,0.0,0.0
2017-10-12 00:00:00-04:00,8.143079518981702,8.143079518981702,8.034050941467285,8.034050941467285,423500,0.0,0.0
2017-10-13 00:00:00-04:00,8.047681440140105,8.109009539800558,8.047681440140105,8.102195739746094,270700,0.0,0.0
2017-10-16 00:00:00-04:00,8.12263163277976,8.163516998291016,8.109002744368562,8.163516998291016,263300,0.0,0.0
2017-10-17 00:00:00-04:00,8.170334477500028,8.170334477500028,8.122634650064295,8.136262893676758,250900,0.0,0.0
2017-10-18 00:00:00-04:00,8.122633491246967,8.163518866112842,8.095376358049279,8.129447937011719,279300,0.0,0.0
2017-10-19 00:00:00-04:00,8.129447937011719,8.143076178679904,8.115819045482215,8.129447937011719,178500,0.0,0.0
2017-10-20 00:00:00-04:00,8.156705514840716,8.156705514840716,8.122633934020996,8.122633934020996,169000,0.0,0.0
2017-10-23 00:00:00-04:00,8.143075942993164,8.183961966536982,8.136261497425645,8.143075942993164,161200,0.0,0.0
2017-10-24 00:00:00-04:00,8.177147422800424,8.183961868286133,8.149890290718874,8.183961868286133,167200,0.0,0.0
2017-10-25 00:00:00-04:00,8.163520169046713,8.163520169046713,8.068120512559254,8.074934959411621,209700,0.0,0.0
2017-10-26 00:00:00-04:00,8.115819314282462,8.136262002392472,8.047676803961982,8.061305046081543,145700,0.0,0.0
2017-10-27 00:00:00-04:00,8.081745660128496,8.115817231475429,8.074931865748047,8.088560104370117,95500,0.0,0.0
2017-10-30 00:00:00-04:00,8.102192973602072,8.156707254596514,8.102192973602072,8.149892807006836,125000,0.0,0.0
2017-10-31 00:00:00-04:00,8.16351678947043,8.170331233501717,8.136259663206431,8.156702995300293,142400,0.0,0.0
2017-11-01 00:00:00-04:00,8.177147422800424,8.218033445853393,8.163518531829004,8.183961868286133,282700,0.0,0.0
2017-11-02 00:00:00-04:00,8.204405066911828,8.204405066911828,8.163519041307199,8.190776824951172,130000,0.0,0.0
2017-11-03 00:00:00-04:00,8.23847510156378,8.23847510156378,8.156703715551235,8.170331954956055,182300,0.0,0.0
2017-11-06 00:00:00-05:00,8.163517510323041,8.224846212297752,8.163517510323041,8.170331954956055,211300,0.0,0.0
2017-11-07 00:00:00-05:00,8.22484978090882,8.22484978090882,8.143078359417158,8.149892807006836,217900,0.0,0.0
2017-11-08 00:00:00-05:00,8.170334477500028,8.190777817710833,8.122634650064295,8.136262893676758,230300,0.0,0.0
2017-11-09 00:00:00-05:00,8.115648794220805,8.143136146519472,8.005698729675968,8.026314735412598,332000,0.1,0.0
2017-11-10 00:00:00-05:00,8.026315339698046,8.040058689207003,7.936981274164053,8.012571334838867,255300,0.0,0.0
2017-11-13 00:00:00-05:00,8.040055168874158,8.053799167715537,7.957593141875698,7.964465141296387,305800,0.0,0.0
2017-11-14 00:00:00-05:00,7.978208793581293,8.019440136351333,7.882003419367798,7.916362762451172,314900,0.0,0.0
2017-11-15 00:00:00-05:00,7.930106106474546,7.936978106161213,7.840772076597758,7.916362762451172,323800,0.0,0.0
2017-11-16 00:00:00-05:00,7.93697867046022,8.040056051688921,7.923234670109722,8.033184051513672,166200,0.0,0.0
2017-11-17 00:00:00-05:00,8.060671029922737,8.08815902937241,8.04692768554788,8.067543029785156,151600,0.0,0.0
2017-11-20 00:00:00-05:00,8.081287029509992,8.095030373884851,8.04692768554788,8.067543029785156,129900,0.0,0.0
2017-11-21 00:00:00-05:00,8.136263299056457,8.177493995544522,8.095031947218287,8.163750648498535,177400,0.0,0.0
2017-11-22 00:00:00-05:00,8.177493271932018,8.191237273111927,8.163749926102158,8.184365272521973,133700,0.0,0.0
2017-11-24 00:00:00-05:00,8.19123476725939,8.211850107372586,8.150003431683151,8.19810676574707,88000,0.0,0.0
2017-11-27 00:00:00-05:00,8.225596443139137,8.225596443139137,8.150005748981572,8.17749309539795,172100,0.0,0.0
2017-11-28 00:00:00-05:00,8.211853346184647,8.211853346184647,8.150006646102444,8.163750648498535,230900,0.0,0.0
2017-11-29 00:00:00-05:00,8.177496238698934,8.177496238698934,8.067546810770589,8.115650177001953,164000,0.0,0.0
2017-11-30 00:00:00-05:00,8.122518715846082,8.177493410799181,8.122518715846082,8.129390716552734,197800,0.0,0.0
2017-12-01 00:00:00-05:00,8.18436677711179,8.18436677711179,8.088161372566503,8.156879425048828,144300,0.0,0.0
2017-12-04 00:00:00-05:00,8.170621654642341,8.184365000014603,8.081287615997553,8.101902961730957,297200,0.0,0.0
2017-12-05 00:00:00-05:00,8.10190278481802,8.143134130734529,8.081287439534771,8.095030784606934,227200,0.0,0.0
2017-12-06 00:00:00-05:00,8.095031368369533,8.150006063322632,8.095031368369533,8.129390716552734,186300,0.0,0.0
2017-12-07 00:00:00-05:00,8.115647232672572,8.198109273701881,8.108775232082618,8.184365272521973,233400,0.0,0.0
2017-12-08 00:00:00-05:00,8.115646462703898,8.211851840435623,8.115646462703898,8.19123649597168,405300,0.0,0.0
2017-12-11 00:00:00-05:00,8.225883834963302,8.260533857261228,8.20509408594223,8.246673583984375,237900,0.1,0.0
2017-12-12 00:00:00-05:00,8.26053424720287,8.26053424720287,8.205094473266817,8.218954086303711,152500,0.0,0.0
2017-12-13 00:00:00-05:00,8.274393469643874,8.274393469643874,8.218953698324876,8.246673583984375,217300,0.0,0.0
2017-12-14 00:00:00-05:00,8.260535601526367,8.267465739628136,8.163515650784632,8.191235542297363,224200,0.0,0.0
2017-12-15 00:00:00-05:00,8.22588751010665,8.260537547885441,8.184307993487703,8.232817649841309,239200,0.0,0.0
2017-12-18 00:00:00-05:00,8.260537547885441,8.274397166460258,8.212027891531834,8.232817649841309,184300,0.0,0.0
2017-12-19 00:00:00-05:00,8.2674676876201,8.2674676876201,8.212027891531834,8.232817649841309,150600,0.0,0.0
2017-12-20 00:00:00-05:00,8.26053424720287,8.267464384168436,8.212024610232382,8.218954086303711,172900,0.0,0.0
2017-12-21 00:00:00-05:00,8.274396765425054,8.302116662125686,8.246676868724423,8.260537147521973,206200,0.0,0.0
2017-12-22 00:00:00-05:00,8.315977154024873,8.315977154024873,8.232817461791962,8.267467498779297,185900,0.0,0.0
2017-12-26 00:00:00-05:00,8.253605463424599,8.253605463424599,8.156586173577207,8.191235542297363,284300,0.0,0.0
2017-12-27 00:00:00-05:00,8.232817250821341,8.274396765425054,8.170447318021301,8.260537147521973,297900,0.0,0.0
2017-12-28 00:00:00-05:00,8.246558899376666,8.267524540132058,8.211615720460545,8.253547668457031,219400,0.1,0.0
2017-12-29 00:00:00-05:00,8.23957361896614,8.288493690270252,8.23957361896614,8.281505584716797,147500,0.0,0.0
2018-01-02 00:00:00-05:00,8.323434500244495,8.323434500244495,8.260536902874662,8.267525672912598,223800,0.0,0.0
2018-01-03 00:00:00-05:00,8.295481610516056,8.358379219440618,8.246561544235139,8.316447257995605,337000,0.0,0.0
2018-01-04 00:00:00-05:00,8.379345401106397,8.40729982168987,8.323436559939449,8.393322944641113,304700,0.0,0.0
2018-01-05 00:00:00-05:00,8.421277365224588,8.421277365224588,8.372356629339038,8.393322944641113,184800,0.0,0.0
2018-01-08 00:00:00-05:00,8.386332511901855,8.407298156565577,8.344400556088582,8.386332511901855,186000,0.0,0.0
2018-01-09 00:00:00-05:00,8.386329994367953,8.484170750903738,8.386329994367953,8.442238807678223,245600,0.0,0.0
2018-01-10 00:00:00-05:00,8.449231785808061,8.449231785808061,8.379345401106397,8.393322944641113,136900,0.0,0.0
2018-01-11 00:00:00-05:00,8.386332511901855,8.414286926948762,8.358378096854949,8.386332511901855,178800,0.0,0.0
2018-01-12 00:00:00-05:00,8.435253360047486,8.456219673156738,8.372355753691512,8.456219673156738,180500,0.0,0.0
2018-01-16 00:00:00-05:00,8.512128182717278,8.512128182717278,8.386332974819508,8.400310516357422,242200,0.0,0.0
2018-01-17 00:00:00-05:00,8.407298620640516,8.463207453820443,8.372355433281594,8.400310516357422,283300,0.0,0.0
2018-01-18 00:00:00-05:00,8.414287713424125,8.498150966403461,8.386333295764345,8.456219673156738,187400,0.0,0.0
2018-01-19 00:00:00-05:00,8.498152560276253,8.498152560276253,8.442243714470699,8.484175682067871,156400,0.0,0.0
2018-01-22 00:00:00-05:00,8.519114715730089,8.540081024169922,8.456217789867813,8.540081024169922,251200,0.0,0.0
2018-01-23 00:00:00-05:00,8.512126612735885,8.582012308078106,8.512126612735885,8.540081024169922,207800,0.0,0.0
2018-01-24 00:00:00-05:00,8.554058783811342,8.679853981553977,8.52610436947807,8.561047554016113,268200,0.0,0.0
2018-01-25 00:00:00-05:00,8.561048044445124,8.582013689774666,8.49815044197065,8.547070503234863,227100,0.0,0.0
2018-01-26 00:00:00-05:00,8.561047554016113,8.568036324220884,8.505138725349566,8.561047554016113,151500,0.0,0.0
2018-01-29 00:00:00-05:00,8.5750277231234,8.582015828984582,8.449232486817897,8.484175682067871,201000,0.0,0.0
2018-01-30 00:00:00-05:00,8.428264783820653,8.4352528879801,8.323435223598707,8.358378410339355,207300,0.0,0.0
2018-01-31 00:00:00-05:00,8.36536435599801,8.491158852703302,8.337409949342874,8.442238807678223,196400,0.0,0.0
2018-02-01 00:00:00-05:00,8.463205126295604,8.484171432836385,8.35837625953442,8.365365028381348,197000,0.0,0.0
2018-02-02 00:00:00-05:00,8.35837743682154,8.386331849660978,8.246559785463784,8.274514198303223,275500,0.0,0.0
2018-02-05 00:00:00-05:00,8.246560539336832,8.260537413791383,7.694460335422423,7.799289226531982,766000,0.0,0.0
2018-02-06 00:00:00-05:00,7.743379964330642,8.18366248213558,7.4079269982806695,8.162696838378906,881000,0.0,0.0
2018-02-07 00:00:00-05:00,8.155705285639584,8.25354603393128,8.113773345947266,8.113773345947266,273200,0.0,0.0
2018-02-08 00:00:00-05:00,8.169683455985743,8.169683455985743,7.9670138259061245,7.980991363525391,263000,0.0,0.0
2018-02-09 00:00:00-05:00,8.044446775252512,8.114950522579084,7.825886368812558,7.959842681884766,340100,0.1,0.0
2018-02-12 00:00:00-05:00,7.973944287579656,8.100850100791092,7.966893777853016,8.093799591064453,242600,0.0,0.0
2018-02-13 00:00:00-05:00,8.079695467040446,8.129047667309454,8.051494113690543,8.121997833251953,243200,0.0,0.0
2018-02-14 00:00:00-05:00,8.093793655373291,8.178398365299747,8.086743823190355,8.143146514892578,185600,0.0,0.0
2018-02-15 00:00:00-05:00,8.1713530846371,8.24185615815048,8.150202229820444,8.206604957580566,194700,0.0,0.0
2018-02-16 00:00:00-05:00,8.24185441958789,8.29120730024751,8.206603226453973,8.277106285095215,140800,0.0,0.0
2018-02-20 00:00:00-05:00,8.298259725075269,8.312360071111934,8.255957342218142,8.284158706665039,270900,0.0,0.0
2018-02-21 00:00:00-05:00,8.30530956190682,8.340561435558831,8.255957342218142,8.284158706665039,192300,0.0,0.0
2018-02-22 00:00:00-05:00,8.305308859683961,8.326460385510924,8.234805790714615,8.248906135559082,165500,0.0,0.0
2018-02-23 00:00:00-05:00,8.291207320165704,8.33350902097739,8.277106304979535,8.298257827758789,138500,0.0,0.0
2018-02-26 00:00:00-05:00,8.333509714408411,8.361711074753973,8.26300664973124,8.319409370422363,173500,0.0,0.0
2018-02-27 00:00:00-05:00,8.312358862242606,8.375812091113488,8.284157501897045,8.319409370422363,177100,0.0,0.0
2018-02-28 00:00:00-05:00,8.312359368292949,8.326460385510924,8.248906135559082,8.248906135559082,173600,0.0,0.0
2018-03-01 00:00:00-05:00,8.248905968235036,8.263006985166978,8.164301883763857,8.1784029006958,181100,0.0,0.0
2018-03-02 00:00:00-05:00,8.171352557980748,8.263007152777055,8.143151195918309,8.248906135559082,186800,0.0,0.0
2018-03-05 00:00:00-05:00,8.178403066589736,8.270056989012534,8.178403066589736,8.248906135559082,200000,0.0,0.0
2018-03-06 00:00:00-05:00,8.248905366886918,8.361710804624932,8.248905366886918,8.33350944519043,148900,0.0,0.0
2018-03-07 00:00:00-05:00,8.326458358074733,8.516817337551705,8.326458358074733,8.481565475463867,514300,0.0,0.0
2018-03-08 00:00:00-05:00,8.51681759859457,8.51681759859457,8.432213530414629,8.46041488647461,135300,0.0,0.0
2018-03-09 00:00:00-05:00,8.517291457851895,8.545730478648695,8.460414772305446,8.51018238067627,218800,0.1,0.0
2018-03-12 00:00:00-04:00,8.503072852007262,8.588387882599813,8.481744263865023,8.495963096618652,103100,0.0,0.0
2018-03-13 00:00:00-04:00,8.50307528214849,8.552842228044753,8.424869984593824,8.439088821411133,173900,0.0,0.0
2018-03-14 00:00:00-04:00,8.474632755927077,8.495961339658576,8.403536572790806,8.417756080627441,144100,0.0,0.0
2018-03-15 00:00:00-04:00,8.43197960862225,8.488856315612793,8.410651013006753,8.488856315612793,120100,0.0,0.0
2018-03-16 00:00:00-04:00,8.481744317425749,8.48885339483566,8.410648119137868,8.424867630004883,163500,0.0,0.0
2018-03-19 00:00:00-04:00,8.424868138301129,8.44619672786487,8.318223834435154,8.36799144744873,121400,0.0,0.0
2018-03-20 00:00:00-04:00,8.40353808775022,8.481744038903495,8.375099744973642,8.467524528503418,237400,0.0,0.0
2018-03-21 00:00:00-04:00,8.439087972378301,8.47463607788086,8.431978215673047,8.47463607788086,142600,0.0,0.0
2018-03-22 00:00:00-04:00,8.453305976140307,8.495963152706397,8.35377143411344,8.382209777832031,150800,0.0,0.0
2018-03-23 00:00:00-04:00,8.375102011156567,8.439088469223584,8.24712977304629,8.268458366394043,304800,0.0,0.0
2018-03-26 00:00:00-04:00,8.318225010749766,8.389321223381092,8.30400617503774,8.35377311706543,217400,0.0,0.0
2018-03-27 00:00:00-04:00,8.382213583630001,8.396433100957218,8.268460157107874,8.275569915771484,157600,0.0,0.0
2018-03-28 00:00:00-04:00,8.29689598964241,8.29689598964241,8.20447118920484,8.25423812866211,163400,0.0,0.0
2018-03-29 00:00:00-04:00,8.261348208735756,8.332444420479657,8.25423845195662,8.318224906921387,137400,0.0,0.0
2018-04-02 00:00:00-04:00,8.353773417808814,8.353773417808814,8.211581665450861,8.268458366394043,212100,0.0,0.0
2018-04-03 00:00:00-04:00,8.332442396653844,8.339551473682565,8.247127370097143,8.325332641601562,195500,0.0,0.0
2018-04-04 00:00:00-04:00,8.240018059239075,8.382209777832031,8.240018059239075,8.382209777832031,201200,0.0,0.0
2018-04-05 00:00:00-04:00,8.417760010533469,8.417760010533469,8.332444957753927,8.410650253295898,257600,0.0,0.0
2018-04-06 00:00:00-04:00,8.396431531955825,8.453308234588608,8.360883423304392,8.40354061126709,208800,0.0,0.0
2018-04-09 00:00:00-04:00,8.460416230195088,8.510183847141812,8.4177590476964,8.453307151794434,252800,0.0,0.0
2018-04-10 00:00:00-04:00,8.517294669108066,8.531514184867618,8.453308882261576,8.488856315612793,188000,0.0,0.0
2018-04-11 00:00:00-04:00,8.50307497860605,8.531513329249263,8.50307497860605,8.52440357208252,184500,0.0,0.0
2018-04-12 00:00:00-04:00,8.538742608794161,8.538742608794161,8.46704912551026,8.510065078735352,180200,0.1,0.0
2018-04-13 00:00:00-04:00,8.5172325512652,8.524402102959812,8.481385476518223,8.502893447875977,145200,0.0,0.0
2018-04-16 00:00:00-04:00,8.517230707554525,8.574585741243705,8.488553190709935,8.567416191101074,176200,0.0,0.0
2018-04-17 00:00:00-04:00,8.581756838076444,8.624772779233126,8.581756838076444,8.603264808654785,210500,0.0,0.0
2018-04-18 00:00:00-04:00,8.653450301246266,8.682127823259407,8.596095257219986,8.603264808654785,241400,0.0,0.0
2018-04-19 00:00:00-04:00,8.617606947148811,8.631945371343184,8.5745903071131,8.610437393188477,156400,0.0,0.0
2018-04-20 00:00:00-04:00,8.596095867251211,8.624773391299485,8.560248791259346,8.588926315307617,175700,0.0,0.0
2018-04-23 00:00:00-04:00,8.610435728700764,8.667790781843514,8.58892707097761,8.631943702697754,200000,0.0,0.0
2018-04-24 00:00:00-04:00,8.68929720075255,8.68929720075255,8.538740042265891,8.596095085144043,249200,0.0,0.0
2018-04-25 00:00:00-04:00,8.574588360871994,8.574588360871994,8.438370285175598,8.545910835266113,271200,0.0,0.0
2018-04-26 00:00:00-04:00,8.617606163024902,8.631944585914608,8.581759080211285,8.617606163024902,165600,0.0,0.0
2018-04-27 00:00:00-04:00,8.66062300465923,8.710808515515406,8.617607047847168,8.689300537109375,291600,0.0,0.0
2018-04-30 00:00:00-04:00,8.696470091153488,8.710808515515406,8.631945472209086,8.689300537109375,170900,0.0,0.0
2018-05-01 00:00:00-04:00,8.674962450563967,8.70363998413086,8.631945808350464,8.70363998413086,138900,0.0,0.0
2018-05-02 00:00:00-04:00,8.71797806955952,8.71797806955952,8.667792558703344,8.689300537109375,156500,0.0,0.0
2018-05-03 00:00:00-04:00,8.667791366577148,8.696468895083123,8.5459116994952,8.667791366577148,325500,0.0,0.0
2018-05-04 00:00:00-04:00,8.653450313477647,8.782499504582214,8.631942342868905,8.739482879638672,214200,0.0,0.0
2018-05-07 00:00:00-04:00,8.768162115011364,8.782501220703125,8.746654140199915,8.782501220703125,190600,0.0,0.0
2018-05-08 00:00:00-04:00,8.782499603027205,8.804007573877033,8.69646703590182,8.732314109802246,242100,0.0,0.0
2018-05-09 00:00:00-04:00,8.725148840360585,8.818351004752545,8.703640858955179,8.775334358215332,207300,0.0,0.0
2018-05-10 00:00:00-04:00,8.768160574181264,8.804007648385063,8.746652603149414,8.746652603149414,250800,0.0,0.0
2018-05-11 00:00:00-04:00,8.818939533950354,8.833397143001724,8.724967143246674,8.74665355682373,227800,0.1,0.0
2018-05-14 00:00:00-04:00,8.746656504718654,8.782799160774793,8.710513159285542,8.717741966247559,122400,0.0,0.0
2018-05-15 00:00:00-04:00,8.71051236898843,8.74665571114229,8.5803966129853,8.61653995513916,474700,0.0,0.0
2018-05-16 00:00:00-04:00,8.638225396079687,8.746655418918646,8.594853938445615,8.739426612854004,123000,0.0,0.0
2018-05-17 00:00:00-04:00,8.73942652984608,8.79725559906017,8.732197723850097,8.768341064453125,175000,0.0,0.0
2018-05-18 00:00:00-04:00,8.76834003117822,8.818940288433513,8.746654305122636,8.79725456237793,148600,0.0,0.0
2018-05-21 00:00:00-04:00,8.8117094039917,8.855081535245153,8.790023683053294,8.8117094039917,158900,0.0,0.0
2018-05-22 00:00:00-04:00,8.782796872880244,8.847854739837057,8.768339952099172,8.82616901397705,209200,0.0,0.0
2018-05-23 00:00:00-04:00,8.782795726552116,8.876768112182617,8.782795726552116,8.876768112182617,205500,0.0,0.0
2018-05-24 00:00:00-04:00,8.847853613423776,8.87676814068163,8.80448216722535,8.840624809265137,118200,0.0,0.0
2018-05-25 00:00:00-04:00,8.84062397403451,8.898453712463379,8.811709449508397,8.898453712463379,162700,0.0,0.0
2018-05-29 00:00:00-04:00,8.826168902359575,8.891226768493652,8.804483176773811,8.891226768493652,342300,0.0,0.0
2018-05-30 00:00:00-04:00,8.883997963506136,8.934598219665181,8.847854627945338,8.891226768493652,194600,0.0,0.0
2018-05-31 00:00:00-04:00,8.869540918212639,8.920141173660303,8.869540918212639,8.912912368774414,119100,0.0,0.0
2018-06-01 00:00:00-04:00,8.92014200099363,8.970742261134413,8.898456273701415,8.934598922729492,159400,0.0,0.0
2018-06-04 00:00:00-04:00,8.985198818889927,9.043027877807617,8.95628428943108,9.043027877807617,143300,0.0,0.0
2018-06-05 00:00:00-04:00,9.057482744612585,9.122540593491246,9.006882501874337,9.100854873657227,292500,0.0,0.0
2018-06-06 00:00:00-04:00,9.10085396894967,9.115310884276333,9.035796126538347,9.10808277130127,256500,0.0,0.0
2018-06-07 00:00:00-04:00,9.136998079888933,9.136998079888933,9.079169034838344,9.122540473937988,189400,0.0,0.0
2018-06-08 00:00:00-04:00,9.129770252485242,9.194828107463133,9.122541448737326,9.165913581848145,184100,0.0,0.0
2018-06-11 00:00:00-04:00,9.19505786895752,9.231488506947626,9.16591349753676,9.19505786895752,147300,0.1,0.0
2018-06-12 00:00:00-04:00,9.180490692536509,9.25335131065878,9.180490692536509,9.224206924438477,128400,0.0,0.0
2018-06-13 00:00:00-04:00,9.216916821020995,9.253347462359777,9.165914340060711,9.173200607299805,133700,0.0,0.0
2018-06-14 00:00:00-04:00,9.231488255403214,9.297063263027258,9.202343884776594,9.282490730285645,195700,0.0,0.0
2018-06-15 00:00:00-04:00,9.216915722661602,9.297063263027258,9.209630151147401,9.282490730285645,156500,0.0,0.0
2018-06-18 00:00:00-04:00,9.158629416437948,9.297065734863281,9.158629416437948,9.297065734863281,173600,0.0,0.0
2018-06-19 00:00:00-04:00,9.25334711576308,9.318922128745351,9.231489009721212,9.289777755737305,242300,0.0,0.0
2018-06-20 00:00:00-04:00,9.326207861932186,9.45735718553382,9.289777224043045,9.413640975952148,338600,0.0,0.0
2018-06-21 00:00:00-04:00,9.471929718632124,9.471929718632124,9.377210338063009,9.413640975952148,230900,0.0,0.0
2018-06-22 00:00:00-04:00,9.391787169637249,9.413645284432206,9.362642784958327,9.369928359985352,153600,0.0,0.0
2018-06-25 00:00:00-04:00,9.39906744357428,9.39906744357428,9.224201234125585,9.275203704833984,222200,0.0,0.0
2018-06-26 00:00:00-04:00,9.275204832650106,9.340779842881082,9.224202355740074,9.304349899291992,125400,0.0,0.0
2018-06-27 00:00:00-04:00,9.304353052219048,9.326211164750795,9.260636132298684,9.267922401428223,153600,0.0,0.0
2018-06-28 00:00:00-04:00,9.304346930202506,9.31891876401683,9.180483215926904,9.246057510375977,191500,0.0,0.0
2018-06-29 00:00:00-04:00,9.23877452177402,9.333493900024683,9.224201989032407,9.282490730285645,161400,0.0,0.0
2018-07-02 00:00:00-04:00,9.253348819871915,9.318923844930568,9.24606255156389,9.297065734863281,119800,0.0,0.0
2018-07-03 00:00:00-04:00,9.289777755737305,9.326208395711529,9.260633382729258,9.289777755737305,131000,0.0,0.0
2018-07-05 00:00:00-04:00,9.253347977432398,9.348067372242959,9.231489869355107,9.318922996520996,189900,0.0,0.0
2018-07-06 00:00:00-04:00,9.348067302652206,9.399069786071777,9.304351086823067,9.399069786071777,126300,0.0,0.0
2018-07-09 00:00:00-04:00,9.4719309779331,9.515647888183594,9.384497852288833,9.515647888183594,232600,0.0,0.0
2018-07-10 00:00:00-04:00,9.52293328557271,9.573936462402344,9.479217070983543,9.573936462402344,191500,0.0,0.0
2018-07-11 00:00:00-04:00,9.552080147229473,9.581224529495849,9.471933269711165,9.501077651977539,275000,0.0,0.0
2018-07-12 00:00:00-04:00,9.567155864107137,9.567155864107137,9.449677467346191,9.449677467346191,175400,0.1,0.0
2018-07-13 00:00:00-04:00,9.47170211640066,9.574496037901413,9.449675097588464,9.55981159210205,241300,0.0,0.0
2018-07-16 00:00:00-04:00,9.523103724436742,9.537788176862268,9.44233678530319,9.47170639038086,183400,0.0,0.0
2018-07-17 00:00:00-04:00,9.471705431462539,9.574499388940797,9.471705431462539,9.523102760314941,219400,0.0,0.0
2018-07-18 00:00:00-04:00,9.53778814039595,9.574500321659327,9.49373408306119,9.567157745361328,171900,0.0,0.0
2018-07-19 00:00:00-04:00,9.537786483764648,9.56715608362878,9.48638985905904,9.537786483764648,171000,0.0,0.0
2018-07-20 00:00:00-04:00,9.530444154927066,9.567156330762183,9.493732679318462,9.508417129516602,179300,0.0,0.0
2018-07-23 00:00:00-04:00,9.552469019089218,9.574496037901413,9.515756854251356,9.55981159210205,180400,0.0,0.0
2018-07-24 00:00:00-04:00,9.581842681630201,9.596527133668056,9.501075744628906,9.501075744628906,194800,0.0,0.0
2018-07-25 00:00:00-04:00,9.508420722837377,9.537790334559217,9.47170853312838,9.493736267089844,253700,0.0,0.0
2018-07-26 00:00:00-04:00,9.508417129516602,9.57449890597451,9.464363078695671,9.508417129516602,247500,0.0,0.0
2018-07-27 00:00:00-04:00,9.508418320761134,9.545130501195668,9.457021688288746,9.501075744628906,114500,0.0,0.0
2018-07-30 00:00:00-04:00,9.46436238057892,9.515759002821024,9.449677231237485,9.457019805908203,171600,0.0,0.0
2018-07-31 00:00:00-04:00,9.45702004220037,9.486389641390607,9.427650443010133,9.449677467346191,175600,0.0,0.0
2018-08-01 00:00:00-04:00,9.48638985905904,9.537786483764648,9.471704709013727,9.537786483764648,91600,0.0,0.0
2018-08-02 00:00:00-04:00,9.493731734637949,9.523101332338296,9.48638916015625,9.48638916015625,145100,0.0,0.0
2018-08-03 00:00:00-04:00,9.523102279941254,9.567156330762183,9.508417129516602,9.508417129516602,163000,0.0,0.0
2018-08-06 00:00:00-04:00,9.508418311712468,9.574500096386423,9.508418311712468,9.552473068237305,172900,0.0,0.0
2018-08-07 00:00:00-04:00,9.545129058787305,9.581841233674092,9.530443908741992,9.537786483764648,195400,0.0,0.0
2018-08-08 00:00:00-04:00,9.545129295612304,9.58184147140996,9.515759695019481,9.530444145202637,207900,0.0,0.0
2018-08-09 00:00:00-04:00,9.55981493800193,9.574499388940797,9.50107503356682,9.523102760314941,161500,0.0,0.0
2018-08-10 00:00:00-04:00,9.537898575588246,9.56009674492516,9.478702986911756,9.50830078125,188900,0.1,0.0
2018-08-13 00:00:00-04:00,9.50830078125,9.530498950586914,9.493501531247338,9.50830078125,137100,0.0,0.0
2018-08-14 00:00:00-04:00,9.523101221366568,9.582296821827233,9.493503421136236,9.560098648071289,96300,0.0,0.0
2018-08-15 00:00:00-04:00,9.5157046123747,9.530503870016403,9.463908621963629,9.49350643157959,152500,0.0,0.0
2018-08-16 00:00:00-04:00,9.537900474315345,9.582296821827233,9.530500847840957,9.560098648071289,140100,0.0,0.0
2018-08-17 00:00:00-04:00,9.53790283203125,9.567500639577995,9.493505767877437,9.53790283203125,106800,0.0,0.0
2018-08-20 00:00:00-04:00,9.560102603798896,9.589700416276052,9.530504791321741,9.545303344726562,161700,0.0,0.0
2018-08-21 00:00:00-04:00,9.574898651209098,9.58969790640809,9.552700474077938,9.582298278808594,176800,0.0,0.0
2018-08-22 00:00:00-04:00,9.574897113764145,9.626693792976278,9.552698940197354,9.619294166564941,116600,0.0,0.0
2018-08-23 00:00:00-04:00,9.619294617784327,9.656292045909254,9.59709644317627,9.59709644317627,106200,0.0,0.0
2018-08-24 00:00:00-04:00,9.626690866237904,9.678486824035645,9.611891617914551,9.678486824035645,116400,0.0,0.0
2018-08-27 00:00:00-04:00,9.68589299213832,9.79688460688315,9.678493362977338,9.789484977722168,208500,0.0,0.0
2018-08-28 00:00:00-04:00,9.774682494483406,9.796880667372571,9.715486896334166,9.752484321594238,118400,0.0,0.0
2018-08-29 00:00:00-04:00,9.722884113174786,9.789478615340071,9.722884113174786,9.782079696655273,124100,0.0,0.0
2018-08-30 00:00:00-04:00,9.833878900702945,9.833878900702945,9.77468329768948,9.819080352783203,169600,0.0,0.0
2018-08-31 00:00:00-04:00,9.789480076480068,9.84127674900673,9.789480076480068,9.804279327392578,123900,0.0,0.0
2018-09-04 00:00:00-04:00,9.782083213632623,9.782083213632623,9.715487981857168,9.737686157226562,210400,0.0,0.0
2018-09-05 00:00:00-04:00,9.789482638192602,9.796882265585193,9.648893246069933,9.75988483428955,203400,0.0,0.0
2018-09-06 00:00:00-04:00,9.767283523261288,9.796881324320642,9.663691572387165,9.708087921142578,143900,0.0,0.0
2018-09-07 00:00:00-04:00,9.663692004106155,9.745085784238784,9.663692004106155,9.737686157226562,149100,0.0,0.0
2018-09-10 00:00:00-04:00,9.752486796525657,9.804282781633939,9.745087168462367,9.767285346984863,187300,0.0,0.0
2018-09-11 00:00:00-04:00,9.745086312019724,10.01146654788108,9.745086312019724,9.981868743896484,447200,0.0,0.0
2018-09-12 00:00:00-04:00,9.981866758844296,10.055861606924392,9.952268960745691,10.041062355041504,229700,0.0,0.0
2018-09-13 00:00:00-04:00,10.011468645565595,10.092863152828153,10.004069722269646,10.085463523864746,155800,0.0,0.0
2018-09-14 00:00:00-04:00,10.09291487354354,10.234543351846371,10.018373120194989,10.16745662689209,188300,0.1,0.0
2018-09-17 00:00:00-04:00,10.167460559491696,10.197277130187086,9.958743853740845,10.010923385620117,189400,0.0,0.0
2018-09-18 00:00:00-04:00,10.010917681582761,10.010917681582761,9.884197150609609,9.899105072021484,236400,0.0,0.0
2018-09-19 00:00:00-04:00,9.884200623081371,9.973650315625816,9.839475421367665,9.936379432678223,172600,0.0,0.0
2018-09-20 00:00:00-04:00,9.951285276693396,10.025826310780518,9.936376643346312,9.966193199157715,202700,0.0,0.0
2018-09-21 00:00:00-04:00,9.966195649159584,9.973649967665631,9.809658514947321,9.83202075958252,345000,0.0,0.0
2018-09-24 00:00:00-04:00,9.80220464929744,9.80220464929744,9.720209274591618,9.73511791229248,252400,0.0,0.0
2018-09-25 00:00:00-04:00,9.742569625218165,9.928923294933174,9.742569625218165,9.921469688415527,192100,0.0,0.0
2018-09-26 00:00:00-04:00,9.943831287035616,9.943831287035616,9.891652490370387,9.928922653198242,69700,0.0,0.0
2018-09-27 00:00:00-04:00,10.01837310917083,10.01837310917083,9.899106872650663,9.98110294342041,133500,0.0,0.0
2018-09-28 00:00:00-04:00,9.981100811851665,9.981100811851665,9.869288205830632,9.891651153564453,138500,0.0,0.0
2018-10-01 00:00:00-04:00,9.891651697628813,10.04073446964074,9.891651697628813,9.943830490112305,136800,0.0,0.0
2018-10-02 00:00:00-04:00,9.608391644511789,9.623299562500023,8.721348131411592,8.840614318847656,1629900,0.0,0.0
2018-10-03 00:00:00-04:00,8.795894223121643,8.885343908130391,8.646811414773731,8.803348541259766,969400,0.0,0.0
2018-10-04 00:00:00-04:00,8.758621142495311,8.818254250850194,8.698988034140429,8.728804588317871,438000,0.0,0.0
2018-10-05 00:00:00-04:00,8.676628723643539,8.74371546001519,8.46045845520253,8.572270393371582,460100,0.0,0.0
2018-10-08 00:00:00-04:00,8.497725108699125,8.549904607670715,8.326280113045438,8.348642349243164,473900,0.0,0.0
2018-10-09 00:00:00-04:00,8.27410302664238,8.460456692009254,8.236832151392441,8.445548057556152,553700,0.0,0.0
2018-10-10 00:00:00-04:00,8.341189854418376,8.385915047459939,8.125019628296945,8.132473945617676,497500,0.0,0.0
2018-10-11 00:00:00-04:00,8.046078485930819,8.211357609099318,8.023540651646652,8.038565635681152,583800,0.085,0.0
2018-10-12 00:00:00-04:00,8.143741563471075,8.203842919060445,8.11369088567639,8.196330070495605,302900,0.0,0.0
2018-10-15 00:00:00-04:00,8.20384693145752,8.218871919471056,8.091157013728415,8.20384693145752,287700,0.0,0.0
2018-10-16 00:00:00-04:00,8.278972505158197,8.421713089245628,8.233896116440388,8.384149551391602,365200,0.0,0.0
2018-10-17 00:00:00-04:00,8.406682973329831,8.459272185297838,8.32404380661513,8.451759338378906,242300,0.0,0.0
2018-10-18 00:00:00-04:00,8.406686486075111,8.444250019901228,8.301509451119765,8.331560134887695,193700,0.0,0.0
2018-10-19 00:00:00-04:00,8.391663966211402,8.489328896247747,8.331562581029809,8.361613273620605,304100,0.0,0.0
2018-10-22 00:00:00-04:00,8.361610205500675,8.429224418136586,8.324046674429084,8.399173736572266,278200,0.0,0.0
2018-10-23 00:00:00-04:00,8.30902340506532,8.376636915177277,8.211358490728164,8.346586227416992,262000,0.0,0.0
2018-10-24 00:00:00-04:00,8.376636228120516,8.376636228120516,8.248920636498386,8.256433486938477,291600,0.0,0.0
2018-10-25 00:00:00-04:00,8.211358981597725,8.278973212216528,8.1963332785869,8.218871116638184,202600,0.0,0.0
2018-10-26 00:00:00-04:00,8.136229317932699,8.166279997954627,8.05359012698858,8.128716468811035,236000,0.0,0.0
2018-10-29 00:00:00-04:00,8.143741805142875,8.226380992414473,8.098665428880835,8.151254653930664,340800,0.0,0.0
2018-10-30 00:00:00-04:00,8.106179698583416,8.143743232642098,8.001001946512071,8.023540496826172,243500,0.0,0.0
2018-10-31 00:00:00-04:00,8.076129447681172,8.203845040450062,8.076129447681172,8.158768653869629,217000,0.0,0.0
2018-11-01 00:00:00-04:00,8.151255350644213,8.293995907489222,8.151255350644213,8.24140739440918,366800,0.0,0.0
2018-11-02 00:00:00-04:00,8.226383968143596,8.293998198762399,8.1963332785869,8.218871116638184,285300,0.0,0.0
2018-11-05 00:00:00-05:00,8.203845639671867,8.346586227416992,8.203845639671867,8.346586227416992,232000,0.0,0.0
2018-11-06 00:00:00-05:00,8.361613273620605,8.37663826168349,8.324049728765853,8.361613273620605,155500,0.0,0.0
2018-11-07 00:00:00-05:00,8.391660445132294,8.451761805095797,8.391660445132294,8.436736106872559,301800,0.0,0.0
2018-11-08 00:00:00-05:00,8.45176336512844,8.459276215626785,8.384149143573033,8.414199829101562,217300,0.0,0.0
2018-11-09 00:00:00-05:00,8.387706499265715,8.433127610551185,8.274154803968147,8.342286109924316,319200,0.085,0.0
2018-11-12 00:00:00-05:00,8.289293135500143,8.357424428654095,8.198451651942852,8.221161842346191,211000,0.0,0.0
2018-11-13 00:00:00-05:00,8.228733024544193,8.304434629891968,8.213593136641046,8.236303329467773,175200,0.0,0.0
2018-11-14 00:00:00-05:00,8.243874020695115,8.274154519864352,8.153032523187406,8.206023216247559,190200,0.0,0.0
2018-11-15 00:00:00-05:00,8.15303138668154,8.19845176813192,8.13789077823545,8.145461082458496,164300,0.0,0.0
2018-11-16 00:00:00-05:00,8.153034769587206,8.221165370031928,8.13032384749472,8.18331527709961,181600,0.0,0.0
2018-11-19 00:00:00-05:00,8.160599266938164,8.183310174870579,8.039477312407131,8.04704761505127,156400,0.0,0.0
2018-11-20 00:00:00-05:00,7.986487098979784,8.001626983198545,7.7972338536103285,7.842654228210449,412200,0.0,0.0
2018-11-21 00:00:00-05:00,7.8729351603455795,7.9940578506111,7.81994447969083,7.85022497177124,269900,0.0,0.0
2018-11-23 00:00:00-05:00,7.835085280781753,7.910786151885986,7.835085280781753,7.910786151885986,54600,0.0,0.0
2018-11-26 00:00:00-05:00,7.948635066141079,8.00919603746094,7.9183545804811475,7.956205368041992,182100,0.0,0.0
2018-11-27 00:00:00-05:00,7.9183555371190435,7.956206329252745,7.880504744985341,7.903214931488037,140900,0.0,0.0
2018-11-28 00:00:00-05:00,7.903214147676265,8.039476697066046,7.895644567555298,8.024336814880371,292500,0.0,0.0
2018-11-29 00:00:00-05:00,7.986489057657305,8.122750936819576,7.986489057657305,8.084900856018066,161800,0.0,0.0
2018-11-30 00:00:00-05:00,8.054619029935747,8.12274959730957,8.047048726246246,8.115180015563965,256100,0.0,0.0
2018-12-03 00:00:00-05:00,8.198451651942852,8.259012640981046,8.175741461539513,8.221161842346191,259500,0.0,0.0
2018-12-04 00:00:00-05:00,8.175737969079139,8.198448149781285,8.001624658513009,8.039475440979004,349500,0.0,0.0
2018-12-06 00:00:00-05:00,7.8956450067008905,7.98648647069865,7.812373123245108,7.978916168212891,358000,0.0,0.0
2018-12-07 00:00:00-05:00,7.948638604716695,7.978919103856901,7.766955609875456,7.865367412567139,324900,0.0,0.0
2018-12-10 00:00:00-05:00,7.895645734670812,7.895645734670812,7.706392486740592,7.766953468322754,327800,0.0,0.0
2018-12-11 00:00:00-05:00,7.804803545007345,7.850223916047744,7.751812149535172,7.819943428039551,198400,0.0,0.0
2018-12-12 00:00:00-05:00,7.827516608155869,7.9107878003054255,7.759385304604393,7.865367412567139,509300,0.0,0.0
2018-12-13 00:00:00-05:00,7.853917037543255,7.884447298287979,7.71653050024258,7.754693508148193,338500,0.085,0.0
2018-12-14 00:00:00-05:00,7.670734319878693,7.708897322046989,7.518083039104229,7.563878059387207,557600,0.0,0.0
2018-12-17 00:00:00-05:00,7.518082471234807,7.518082471234807,7.1059236803263195,7.266207695007324,876000,0.0,0.0
2018-12-18 00:00:00-05:00,7.266206777578433,7.29673702757252,7.105922783134833,7.2433085441589355,495400,0.0,0.0
2018-12-19 00:00:00-05:00,7.281474625658023,7.289107373367146,7.052497289676549,7.113557815551758,992800,0.0,0.0
2018-12-20 00:00:00-05:00,7.044864338817667,7.1364558528881785,6.647970932073858,6.785357475280762,967500,0.0,0.0
2018-12-21 00:00:00-05:00,6.709031663930414,6.8693157266686375,6.602175379471969,6.655603885650635,761900,0.0,0.0
2018-12-24 00:00:00-05:00,6.65560303600857,6.831151843888397,6.586909771047317,6.747193813323975,757700,0.0,0.0
2018-12-26 00:00:00-05:00,6.976170200356816,7.235677004570326,6.90747694445668,7.2280449867248535,1362700,0.0,0.0
2018-12-27 00:00:00-05:00,7.1135559521009055,7.449389484339253,7.083025697160936,7.434123992919922,893600,0.0,0.0
2018-12-28 00:00:00-05:00,7.430273131803121,7.491871194720964,7.260878825932466,7.330176830291748,691200,0.085,0.0
2018-12-31 00:00:00-05:00,7.56887028303813,7.56887028303813,7.199281849741913,7.2377800941467285,1141400,0.0,0.0
2019-01-02 00:00:00-05:00,7.1453839810837145,7.437975232017594,7.1453839810837145,7.391777038574219,337800,0.0,0.0
2019-01-03 00:00:00-05:00,7.3840769324751925,7.3840769324751925,7.237780943072709,7.276279926300049,245200,0.0,0.0
2019-01-04 00:00:00-05:00,7.314778525290484,7.514972640111059,7.314778525290484,7.49957275390625,232200,0.0,0.0
2019-01-07 00:00:00-05:00,7.4841738839676095,7.753665293941689,7.468773997182624,7.715167045593262,201600,0.0,0.0
2019-01-08 00:00:00-05:00,7.838361666470651,7.8999597329244695,7.745964566789922,7.8152618408203125,277800,0.0,0.0
2019-01-09 00:00:00-05:00,7.876860298792007,7.992357229863827,7.807563021317208,7.984657287597656,165500,0.0,0.0
2019-01-10 00:00:00-05:00,7.976957199022462,8.046255209533145,7.946158164829591,8.007756233215332,221300,0.0,0.0
2019-01-11 00:00:00-05:00,8.007754124135047,8.100151936684844,7.992354978247884,8.077052116394043,163300,0.0,0.0
2019-01-14 00:00:00-05:00,8.084756179407073,8.084756179407073,7.984659110021374,8.030858039855957,178900,0.0,0.0
2019-01-15 00:00:00-05:00,8.030856890323516,8.084755022159683,7.984657967101822,8.038556098937988,127000,0.0,0.0
2019-01-16 00:00:00-05:00,8.077054876561796,8.161752777958428,8.061655725412288,8.115553855895996,215300,0.0,0.0
2019-01-17 00:00:00-05:00,8.107853713542735,8.200250821085717,8.092454562772373,8.192551612854004,132700,0.0,0.0
2019-01-18 00:00:00-05:00,8.19255112499297,8.33884635298084,8.161752090979371,8.315747261047363,443400,0.0,0.0
2019-01-22 00:00:00-05:00,8.308046315661972,8.33114540480593,8.238748313923294,8.300346374511719,368300,0.0,0.0
2019-01-23 00:00:00-05:00,8.361945543527876,8.377345427869734,8.184851279437913,8.27724838256836,235700,0.0,0.0
2019-01-24 00:00:00-05:00,8.338846699647645,8.385045619742096,8.200250673671222,8.21565055847168,269400,0.0,0.0
2019-01-25 00:00:00-05:00,8.246449396440708,8.315747407770724,8.246449396440708,8.292648315429688,184200,0.0,0.0
2019-01-28 00:00:00-05:00,8.277249757163013,8.40814585857899,8.18485263868827,8.392745971679688,206400,0.0,0.0
2019-01-29 00:00:00-05:00,8.415846105374973,8.415846105374973,8.338848136717143,8.346548080444336,115100,0.0,0.0
2019-01-30 00:00:00-05:00,8.408143782398321,8.500540878057915,8.385044692060132,8.477441787719727,227200,0.0,0.0
2019-01-31 00:00:00-05:00,8.500541662840268,8.592938767030097,8.485142512628752,8.492841720581055,178300,0.0,0.0
2019-02-01 00:00:00-05:00,8.515945393182044,8.577543490459792,8.492845555972456,8.500545501708984,153400,0.0,0.0
2019-02-04 00:00:00-05:00,8.492841967736867,8.569839923955948,8.415844745824717,8.431243896484375,387000,0.0,0.0
2019-02-05 00:00:00-05:00,8.43124299235621,8.485141849652472,8.415843843347888,8.446642875671387,146200,0.0,0.0
2019-02-06 00:00:00-05:00,8.477442570369538,8.546740582088637,8.469742628110325,8.492841720581055,162300,0.0,0.0
2019-02-07 00:00:00-05:00,8.508241852703456,8.508241852703456,8.338846789605638,8.431243896484375,235200,0.0,0.0
2019-02-08 00:00:00-05:00,8.385045857318461,8.431244044414937,8.338846935915043,8.4081449508667,152400,0.0,0.0
2019-02-11 00:00:00-05:00,8.458587043335143,8.489627701216335,8.4197867760344,8.47410774230957,161500,0.085,0.0
2019-02-12 00:00:00-05:00,8.52842903137207,8.567230040209031,8.48186841282187,8.52842903137207,143400,0.0,0.0
2019-02-13 00:00:00-05:00,8.551709613732948,8.567229572379622,8.512908607014788,8.559469223022461,149800,0.0,0.0
2019-02-14 00:00:00-05:00,8.536187171936035,8.567227822958557,8.489625825368504,8.536187171936035,89800,0.0,0.0
2019-02-15 00:00:00-05:00,8.567228177555428,8.606029177956426,8.520666829060726,8.551708221435547,159000,0.0,0.0
2019-02-19 00:00:00-05:00,8.574988331406548,8.574988331406548,8.481866376594091,8.512907028198242,168500,0.0,0.0
2019-02-20 00:00:00-05:00,8.520666476391026,8.606028821753585,8.512906868686018,8.536187171936035,160500,0.0,0.0
2019-02-21 00:00:00-05:00,8.59826675642434,8.606027102646669,8.536185466780417,8.574986457824707,228800,0.0,0.0
2019-02-22 00:00:00-05:00,8.598268368372826,8.613789063727204,8.559467370054373,8.582748413085938,174400,0.0,0.0
2019-02-25 00:00:00-05:00,8.621553113551983,8.652593780186807,8.567232131958008,8.567232131958008,182000,0.0,0.0
2019-02-26 00:00:00-05:00,8.559469671357588,8.567230021121228,8.466347694396973,8.466347694396973,231900,0.0,0.0
2019-02-27 00:00:00-05:00,8.466344691503712,8.512906033503212,8.435304043526521,8.450824737548828,161500,0.0,0.0
2019-02-28 00:00:00-05:00,8.443065804437376,8.474106457612724,8.388744846397406,8.419785499572754,197400,0.0,0.0
2019-03-01 00:00:00-05:00,8.443070066639173,8.489630699873,8.380988728948791,8.427549362182617,270600,0.0,0.0
2019-03-04 00:00:00-05:00,8.427543341365196,8.450824381417558,8.34218174804205,8.435303688049316,175500,0.0,0.0
2019-03-05 00:00:00-05:00,8.404267008661352,8.443068020330795,8.380986697686783,8.412027359008789,193700,0.0,0.0
2019-03-06 00:00:00-05:00,8.435307487069304,8.435307487069304,8.342185505122574,8.373226165771484,127300,0.0,0.0
2019-03-07 00:00:00-05:00,8.373224368284815,8.373224368284815,8.287862754841889,8.32666301727295,154300,0.0,0.0
2019-03-08 00:00:00-05:00,8.303382079823313,8.318902775668498,8.21026012495474,8.280101776123047,203100,0.0,0.0
2019-03-11 00:00:00-04:00,8.330947663621188,8.44828540646724,8.330947663621188,8.432640075683594,219900,0.085,0.0
2019-03-12 00:00:00-04:00,8.440463578940964,8.456108911277687,8.424818992614746,8.424818992614746,99100,0.0,0.0
2019-03-13 00:00:00-04:00,8.456106475257666,8.518686294555664,8.440461147428023,8.518686294555664,348200,0.0,0.0
2019-03-14 00:00:00-04:00,8.51869200650366,8.52651392965294,8.487402075874156,8.495223999023438,111400,0.0,0.0
2019-03-15 00:00:00-04:00,8.495222221912114,8.526512145996094,8.487400300399095,8.526512145996094,108700,0.0,0.0
2019-03-18 00:00:00-04:00,8.534334813519747,8.549980148567055,8.503044889435767,8.526512145996094,141100,0.0,0.0
2019-03-19 00:00:00-04:00,8.542155758463988,8.573445676238158,8.48739858886181,8.503043174743652,128300,0.0,0.0
2019-03-20 00:00:00-04:00,8.51869200650366,8.542159267973089,8.471756737554008,8.495223999023438,203800,0.0,0.0
2019-03-21 00:00:00-04:00,8.503043143394606,8.675138063523308,8.479575891653118,8.581268310546875,299200,0.0,0.0
2019-03-22 00:00:00-04:00,8.581269630902868,8.6125595533761,8.479577196362218,8.51086711883545,110000,0.0,0.0
2019-03-25 00:00:00-04:00,8.503044451714493,8.51086711883545,8.448287273888987,8.51086711883545,176600,0.0,0.0
2019-03-26 00:00:00-04:00,8.526511883595601,8.549979885444342,8.456110116081215,8.463932037353516,173200,0.0,0.0
2019-03-27 00:00:00-04:00,8.495221844469611,8.510867178821798,8.41699741074049,8.456110000610352,133700,0.0,0.0
2019-03-28 00:00:00-04:00,8.456108071859065,8.510865237580964,8.432640075683594,8.432640075683594,140000,0.0,0.0
2019-03-29 00:00:00-04:00,8.471752816504114,8.518688063730346,8.440462900356778,8.487398147583008,140500,0.0,0.0
2019-04-01 00:00:00-04:00,8.526510395136095,8.581268310546875,8.526510395136095,8.581268310546875,112600,0.0,0.0
2019-04-02 00:00:00-04:00,8.55780061719066,8.604735868353576,8.518688778233823,8.56562328338623,141800,0.0,0.0
2019-04-03 00:00:00-04:00,8.565623741067776,8.643848915182224,8.565623741067776,8.604736328125,149000,0.0,0.0
2019-04-04 00:00:00-04:00,8.620381166705913,8.643848419189453,8.612558500541232,8.643848419189453,113000,0.0,0.0
2019-04-05 00:00:00-04:00,8.628204300874026,8.737719404557154,8.620382379619283,8.706429481506348,147100,0.0,0.0
2019-04-08 00:00:00-04:00,8.706429542501123,8.737719465771137,8.573447182100905,8.65167236328125,293400,0.0,0.0
2019-04-09 00:00:00-04:00,8.636026248568669,8.714251422683116,8.604736328125,8.604736328125,201000,0.0,0.0
2019-04-10 00:00:00-04:00,8.612557411193848,8.643847325884408,8.542154916637484,8.612557411193848,231600,0.0,0.0
2019-04-11 00:00:00-04:00,8.64803409576416,8.64803409576416,8.60861720025419,8.64803409576416,160000,0.085,0.0
2019-04-12 00:00:00-04:00,8.63226733027954,8.703217594246418,8.63226733027954,8.655917167663574,170500,0.0,0.0
2019-04-15 00:00:00-04:00,8.671681742877466,8.695331573486328,8.624381329845182,8.695331573486328,120800,0.0,0.0
2019-04-16 00:00:00-04:00,8.734749296663082,8.76628265777031,8.69533240732539,8.726865768432617,168100,0.0,0.0
2019-04-17 00:00:00-04:00,8.734748619392725,8.734748619392725,8.655914846829912,8.6795654296875,256400,0.0,0.0
2019-04-18 00:00:00-04:00,8.71109878834971,8.718982315968907,8.655914846829912,8.6795654296875,181300,0.0,0.0
2019-04-22 00:00:00-04:00,8.703215759588756,8.718982815730898,8.66379887104802,8.68744945526123,260000,0.0,0.0
2019-04-23 00:00:00-04:00,8.687451112185995,8.758400622913715,8.679567582611329,8.750517845153809,163200,0.0,0.0
2019-04-24 00:00:00-04:00,8.766281978054936,8.78993180909795,8.608615184743883,8.6795654296875,363000,0.0,0.0
2019-04-25 00:00:00-04:00,8.68745128659532,8.703217594246418,8.616501022628443,8.655917167663574,223800,0.0,0.0
2019-04-26 00:00:00-04:00,8.718984603881836,8.718984603881836,8.65591711819356,8.718984603881836,133900,0.0,0.0
2019-04-29 00:00:00-04:00,8.718982815730898,8.758398952457018,8.68744945526123,8.68744945526123,163300,0.0,0.0
2019-04-30 00:00:00-04:00,8.69533240732539,8.734749296663082,8.687449630909557,8.726865768432617,201600,0.0,0.0
2019-05-01 00:00:00-04:00,8.782051211637715,8.797817518972288,8.734750786004476,8.750517845153809,176600,0.0,0.0
2019-05-02 00:00:00-04:00,8.742634277220741,8.821467317177246,8.726867218140587,8.734750747680664,148600,0.0,0.0
2019-05-03 00:00:00-04:00,8.742632017069388,8.845115619151994,8.734748489567366,8.82934856414795,230100,0.0,0.0
2019-05-06 00:00:00-04:00,8.774167516064946,8.900300979614258,8.750517679603135,8.900300979614258,310900,0.0,0.0
2019-05-07 00:00:00-04:00,8.892418623835882,8.892418623835882,8.78993498322229,8.821468353271484,283300,0.0,0.0
2019-05-08 00:00:00-04:00,8.860881922341477,8.8687654498435,8.813582260958466,8.82934856414795,163200,0.0,0.0
2019-05-09 00:00:00-04:00,8.813583831030435,8.82146660812215,8.726866516689292,8.805700302124023,205300,0.0,0.0
2019-05-10 00:00:00-04:00,8.79378280940507,8.849389902122645,8.682570139128913,8.74612045288086,256100,0.085,0.0
2019-05-13 00:00:00-04:00,8.658740064790951,8.682572005756075,8.547527370605676,8.563414573669434,347100,0.0,0.0
2019-05-14 00:00:00-04:00,8.571358658412967,8.682572111532775,8.571358658412967,8.6666841506958,137600,0.0,0.0
2019-05-15 00:00:00-04:00,8.642853456789425,8.73023497360547,8.619022271763178,8.722290992736816,141000,0.0,0.0
2019-05-16 00:00:00-04:00,8.730233818161595,8.817616080992337,8.650796292727737,8.793784141540527,193400,0.0,0.0
2019-05-17 00:00:00-04:00,8.77789560975683,8.77789560975683,8.682570139128913,8.74612045288086,138700,0.0,0.0
2019-05-20 00:00:00-04:00,8.746121679049041,8.769952860652175,8.579301892667903,8.595189094543457,274700,0.0,0.0
2019-05-21 00:00:00-04:00,8.619021033726193,8.722289739866305,8.587245872395481,8.595189094543457,276200,0.0,0.0
2019-05-22 00:00:00-04:00,8.587246329499765,8.626964715092685,8.523695245875874,8.539583206176758,271200,0.0,0.0
2019-05-23 00:00:00-04:00,8.491921117209872,8.52369628410236,8.412483578768517,8.460145950317383,257500,0.0,0.0
2019-05-24 00:00:00-04:00,8.483977893671552,8.539584246338473,8.436314764542951,8.460145950317383,369800,0.0,0.0
2019-05-28 00:00:00-04:00,8.483974004988134,8.499861202362514,8.428366920229339,8.444254875183105,148200,0.0,0.0
2019-05-29 00:00:00-04:00,8.428367293934778,8.452199227422113,8.36481698646073,8.396592140197754,218900,0.0,0.0
2019-05-30 00:00:00-04:00,8.380708481439568,8.476033982908277,8.380708481439568,8.452202796936035,182000,0.0,0.0
2019-05-31 00:00:00-04:00,8.42836889252555,8.42836889252555,8.348931371905955,8.364818572998047,172600,0.0,0.0
2019-06-03 00:00:00-04:00,8.491921309415584,8.491921309415584,8.237719968522095,8.27743911743164,220500,0.0,0.0
2019-06-04 00:00:00-04:00,8.317157843504898,8.436314526595972,8.29332590082291,8.420427322387695,171800,0.0,0.0
2019-06-05 00:00:00-04:00,8.460146020540288,8.476033982908277,8.372764500255572,8.452202796936035,170500,0.0,0.0
2019-06-06 00:00:00-04:00,8.45219885265999,8.468086050034367,8.380704570526815,8.444254875183105,255200,0.0,0.0
2019-06-07 00:00:00-04:00,8.444256018272835,8.523693531056875,8.436312039720583,8.468087196350098,232500,0.0,0.0
2019-06-10 00:00:00-04:00,8.507808432218852,8.555471557721503,8.483977248257364,8.491920471191406,169700,0.0,0.0
2019-06-11 00:00:00-04:00,8.51575258393495,8.603134098603592,8.51575258393495,8.587246894836426,257900,0.0,0.0
2019-06-12 00:00:00-04:00,8.603132817222702,8.682571096965791,8.595188837732477,8.650795936584473,224700,0.0,0.0
2019-06-13 00:00:00-04:00,8.710844204521056,8.710844204521056,8.622775283400872,8.654800415039062,155500,0.085,0.0
2019-06-14 00:00:00-04:00,8.646794288795157,8.646794288795157,8.55872460059572,8.574737548828125,123000,0.0,0.0
2019-06-17 00:00:00-04:00,8.60676248343225,8.622775431295677,8.550718692989014,8.558724403381348,183300,0.0,0.0
2019-06-18 00:00:00-04:00,8.622775283400872,8.654800415039062,8.558724256585123,8.654800415039062,211300,0.0,0.0
2019-06-19 00:00:00-04:00,8.662804638724996,8.718849182128906,8.638785985002883,8.718849182128906,112200,0.0,0.0
2019-06-20 00:00:00-04:00,8.790906898854793,8.822932794932218,8.74286958181743,8.774894714355469,210700,0.0,0.0
2019-06-21 00:00:00-04:00,8.766885007085653,8.854954661739473,8.734859886358565,8.78289794921875,174800,0.0,0.0
2019-06-24 00:00:00-04:00,8.838945184857039,8.846951659062473,8.766888444086941,8.806920051574707,196000,0.0,0.0
2019-06-25 00:00:00-04:00,8.814924357367007,8.814924357367007,8.654798730345194,8.702836036682129,143700,0.0,0.0
2019-06-26 00:00:00-04:00,8.702836237288007,8.750874308271468,8.670811111145445,8.718849182128906,139000,0.0,0.0
2019-06-27 00:00:00-04:00,8.750875274184075,8.774893930557342,8.710843671202417,8.734862327575684,131400,0.0,0.0
2019-06-28 00:00:00-04:00,8.782901023099994,8.846951286970784,8.782901023099994,8.830938339233398,138200,0.0,0.0
2019-07-01 00:00:00-04:00,8.902994354891918,8.943025957449226,8.878975698773258,8.919007301330566,214600,0.0,0.0
2019-07-02 00:00:00-04:00,8.91900524631618,8.975049018859863,8.910998774941616,8.975049018859863,147600,0.0,0.0
2019-07-03 00:00:00-04:00,9.015080773857516,9.015080773857516,8.927011114236253,8.935017585754395,129400,0.0,0.0
2019-07-05 00:00:00-04:00,8.943026755133207,8.999070545588744,8.911001622938704,8.991064071655273,132000,0.0,0.0
2019-07-08 00:00:00-04:00,9.007075309753418,9.03910043586875,8.975050183638087,9.007075309753418,164400,0.0,0.0
2019-07-09 00:00:00-04:00,9.015081628049192,9.087138351461647,8.991062211218892,9.063118934631348,170500,0.0,0.0
2019-07-10 00:00:00-04:00,9.11115779438179,9.14318292272513,9.07913266603845,9.103151321411133,156900,0.0,0.0
2019-07-11 00:00:00-04:00,9.17978554680052,9.187852326732946,9.091053275415266,9.123319625854492,172700,0.085,0.0
2019-07-12 00:00:00-04:00,9.115251245666167,9.123318024182405,9.034584999084473,9.034584999084473,163300,0.0,0.0
2019-07-15 00:00:00-04:00,9.050719529745072,9.09105265737474,9.042652750361052,9.082985877990723,130900,0.0,0.0
2019-07-16 00:00:00-04:00,9.10718606598964,9.139452416428867,9.066852935617987,9.123319625854492,138400,0.0,0.0
2019-07-17 00:00:00-04:00,9.123317286803962,9.14751685110644,9.05878383318022,9.139450073242188,185400,0.0,0.0
2019-07-18 00:00:00-04:00,9.155584335327148,9.155584335327148,9.08298486752836,9.155584335327148,146500,0.0,0.0
2019-07-19 00:00:00-04:00,9.187851201626996,9.21205076917042,9.082985383218322,9.171717643737793,186700,0.0,0.0
2019-07-22 00:00:00-04:00,9.171718948362534,9.236251650517993,9.16365216827048,9.17978572845459,218800,0.0,0.0
2019-07-23 00:00:00-04:00,9.179782712916913,9.244315393873531,9.179782712916913,9.228181838989258,176000,0.0,0.0
2019-07-24 00:00:00-04:00,9.228183415715584,9.27658331934777,9.220117406185528,9.268516540527344,136400,0.0,0.0
2019-07-25 00:00:00-04:00,9.260451150204792,9.284651490294634,9.244318359435384,9.252385139465332,149700,0.0,0.0
2019-07-26 00:00:00-04:00,9.236251758965489,9.30885124206543,9.236251758965489,9.30885124206543,105100,0.0,0.0
2019-07-29 00:00:00-04:00,9.284650450696537,9.308850018786277,9.220117756263631,9.276583671569824,126600,0.0,0.0
2019-07-30 00:00:00-04:00,9.268518195764525,9.29271853654767,9.260451415503477,9.284651756286621,71300,0.0,0.0
2019-07-31 00:00:00-04:00,9.292722107317259,9.341121268900126,9.139456300626305,9.203989028930664,301500,0.0,0.0
2019-08-01 00:00:00-04:00,9.236247381019266,9.292714046271179,9.195914268493652,9.195914268493652,120900,0.0,0.0
2019-08-02 00:00:00-04:00,9.179784069964612,9.179784069964612,9.091051812854527,9.163650512695312,119800,0.0,0.0
2019-08-05 00:00:00-04:00,9.066849188926065,9.07491596552506,8.913584279995979,8.929717063903809,241500,0.0,0.0
2019-08-06 00:00:00-04:00,8.96198862785204,9.0910548208399,8.96198862785204,9.066854476928711,158900,0.0,0.0
2019-08-07 00:00:00-04:00,9.010386818265872,9.050719947758354,8.97005368877339,9.018453598022461,182500,0.0,0.0
2019-08-08 00:00:00-04:00,9.026521339700668,9.139453970081068,9.026521339700668,9.066854476928711,173300,0.0,0.0
2019-08-09 00:00:00-04:00,9.111558022072748,9.11968627054561,9.030277087649,9.046533584594727,120300,0.085,0.0
2019-08-12 00:00:00-04:00,9.005891185836123,9.014019432565673,8.932738515574725,8.989635467529297,152000,0.0,0.0
2019-08-13 00:00:00-04:00,9.00588834346055,9.144065393643322,8.981504386120069,9.111553192138672,152300,0.0,0.0
2019-08-14 00:00:00-04:00,9.070914932159257,9.11155538762063,8.875841676127324,8.900225639343262,203100,0.0,0.0
2019-08-15 00:00:00-04:00,8.916485425920953,8.965253370370894,8.851460983219365,8.875844955444336,195200,0.0,0.0
2019-08-16 00:00:00-04:00,8.973378761671704,9.08717188773511,8.916482586216128,8.932738304138184,124700,0.0,0.0
2019-08-19 00:00:00-04:00,8.981509652904208,9.054662342974634,8.973381403973608,9.014021873474121,91200,0.0,0.0
2019-08-20 00:00:00-04:00,9.04652878912937,9.119681436302841,9.04652878912937,9.111553192138672,120400,0.0,0.0
2019-08-21 00:00:00-04:00,9.15219763327447,9.184709848972595,9.087173201878219,9.095300674438477,160300,0.0,0.0
2019-08-22 00:00:00-04:00,9.135941137849224,9.184709848972595,8.973380059358599,9.095300674438477,156000,0.0,0.0
2019-08-23 00:00:00-04:00,9.079044311983447,9.09530003110652,8.96525117751268,9.022148132324219,151400,0.0,0.0
2019-08-26 00:00:00-04:00,9.038404971026795,9.087173684741579,9.005892753601074,9.005892753601074,130000,0.0,0.0
2019-08-27 00:00:00-04:00,9.038402599245805,9.070914808139946,8.97337818145752,8.97337818145752,143400,0.0,0.0
2019-08-28 00:00:00-04:00,8.973378143275324,8.981506389252326,8.916481971740723,8.916481971740723,78400,0.0,0.0
2019-08-29 00:00:00-04:00,8.997765375612923,9.062789816752751,8.989637901834806,9.014021873474121,103200,0.0,0.0
2019-08-30 00:00:00-04:00,9.062789816752751,9.062789816752751,8.924612685542495,9.014021873474121,114000,0.0,0.0
2019-09-03 00:00:00-04:00,8.981509652904208,9.046534094044036,8.957125681264893,9.014021873474121,98400,0.0,0.0
2019-09-04 00:00:00-04:00,9.014019497748134,9.10342788696289,9.014019497748134,9.10342788696289,166200,0.0,0.0
2019-09-05 00:00:00-04:00,9.135937149479153,9.144065393643322,9.087169234798191,9.111553192138672,163800,0.0,0.0
2019-09-06 00:00:00-04:00,9.11155729224989,9.209093940654375,9.11155729224989,9.16032600402832,278000,0.0,0.0
2019-09-09 00:00:00-04:00,9.152195592555854,9.168451309204102,9.095298646406507,9.168451309204102,102700,0.0,0.0
2019-09-10 00:00:00-04:00,9.160321881971662,9.160321881971662,9.103424947974503,9.111553192138672,137200,0.0,0.0
2019-09-11 00:00:00-04:00,9.111557736943036,9.225350886544843,9.095301240506029,9.192838668823242,170500,0.0,0.0
2019-09-12 00:00:00-04:00,9.217222742562457,9.274118930430584,9.192838772783606,9.241606712341309,170200,0.0,0.0
2019-09-13 00:00:00-04:00,9.294837060648076,9.294837060648076,9.16380786895752,9.16380786895752,156200,0.085,0.0
2019-09-16 00:00:00-04:00,9.139238357543945,9.171995453481742,9.11467073083829,9.139238357543945,122800,0.0,0.0
2019-09-17 00:00:00-04:00,9.147427826776088,9.171995453481742,9.122860200070432,9.139238357543945,111300,0.0,0.0
2019-09-18 00:00:00-04:00,9.131051092107755,9.147430034525128,9.090105298046245,9.106483459472656,158100,0.0,0.0
2019-09-19 00:00:00-04:00,9.131048888311803,9.171995453481742,9.106481261606147,9.139238357543945,128200,0.0,0.0
2019-09-20 00:00:00-04:00,9.171995722560153,9.221131758403736,9.131049156188965,9.131049156188965,189200,0.0,0.0
2019-09-23 00:00:00-04:00,9.09829431301277,9.21294457105375,9.081916151001765,9.196565628051758,217600,0.0,0.0
2019-09-24 00:00:00-04:00,9.204754442548886,9.253890487056712,9.131050766282614,9.16380786895752,78900,0.0,0.0
2019-09-25 00:00:00-04:00,9.163805984249601,9.270266741295135,9.090103104132634,9.139238357543945,114200,0.0,0.0
2019-09-26 00:00:00-04:00,9.114671314496054,9.163806571053739,9.049157118425258,9.073724746704102,156000,0.0,0.0
2019-09-27 00:00:00-04:00,9.073725065547826,9.073725065547826,9.008210867174913,9.016400337219238,93400,0.0,0.0
2019-09-30 00:00:00-04:00,9.016400606152853,9.040968236027766,8.942696935537242,9.008211135864258,117400,0.0,0.0
2019-10-01 00:00:00-04:00,9.008211431683549,9.032779062365234,8.901750657408382,8.975454330444336,113900,0.0,0.0
2019-10-02 00:00:00-04:00,8.93450985195917,8.991834597310975,8.811670888779283,8.893563270568848,223700,0.0,0.0
2019-10-03 00:00:00-04:00,8.844424642334722,8.92631699305633,8.762531510622328,8.885371208190918,141500,0.0,0.0
2019-10-04 00:00:00-04:00,8.885371162339547,8.950885354975073,8.87718169301241,8.9345064163208,117700,0.0,0.0
2019-10-07 00:00:00-04:00,8.95907509512356,9.008211135864258,8.91812930566233,9.008211135864258,127300,0.0,0.0
2019-10-08 00:00:00-04:00,8.934504491339691,9.016397604985233,8.926315023777015,8.95907211303711,150200,0.0,0.0
2019-10-09 00:00:00-04:00,9.02458951429458,9.090103710540678,9.000021104959174,9.04915714263916,137600,0.0,0.0
2019-10-10 00:00:00-04:00,9.00002134733866,9.090103955346176,9.00002134733866,9.065535545349121,107000,0.0,0.0
2019-10-11 00:00:00-04:00,9.094419219400686,9.119176945061023,9.003639580256273,9.086166381835938,164900,0.085,0.0
2019-10-14 00:00:00-04:00,9.094419219400686,9.13568183315661,9.07791354427119,9.086166381835938,137700,0.0,0.0
2019-10-15 00:00:00-04:00,9.086168468636828,9.143936770789772,9.061409950256348,9.061409950256348,139500,0.0,0.0
2019-10-16 00:00:00-04:00,9.061408220838608,9.10267162322998,9.036650494217358,9.10267162322998,164000,0.0,0.0
2019-10-17 00:00:00-04:00,9.110924286704048,9.1851982521799,9.077913722829662,9.127429962158203,161800,0.0,0.0
2019-10-18 00:00:00-04:00,9.094420697856295,9.143936157226562,9.061409342230734,9.143936157226562,105300,0.0,0.0
2019-10-21 00:00:00-04:00,9.127431524375991,9.16869414600589,9.119178685236387,9.152189254760742,156100,0.0,0.0
2019-10-22 00:00:00-04:00,9.16044321519228,9.226464362322368,9.135684694742883,9.193453788757324,189300,0.0,0.0
2019-10-23 00:00:00-04:00,9.168694059425484,9.185199737548828,9.127431438185228,9.185199737548828,240700,0.0,0.0
2019-10-24 00:00:00-04:00,9.176948108457726,9.242969255587811,9.152190375042482,9.193453788757324,146400,0.0,0.0
2019-10-25 00:00:00-04:00,9.176946812449469,9.226463059321212,9.176946812449469,9.218210220336914,102200,0.0,0.0
2019-10-28 00:00:00-04:00,9.234715197850754,9.242968036912426,9.176946898487156,9.185199737548828,131800,0.0,0.0
2019-10-29 00:00:00-04:00,9.185199737548828,9.201704628638119,9.160442007397863,9.185199737548828,251000,0.0,0.0
2019-10-30 00:00:00-04:00,9.176945686340332,9.218209089164318,9.160440797431107,9.176945686340332,110500,0.0,0.0
2019-10-31 00:00:00-04:00,9.193450051417496,9.234712661324025,9.135680980887454,9.160439491271973,306100,0.0,0.0
2019-11-01 00:00:00-04:00,9.193449376435726,9.251217655690596,9.168690867868973,9.209954261779785,144900,0.0,0.0
2019-11-04 00:00:00-05:00,9.23471468240775,9.308988655749031,9.20995695363866,9.275978088378906,151500,0.0,0.0
2019-11-05 00:00:00-05:00,9.300735826239318,9.325493552937596,9.251219585808823,9.317240715026855,173000,0.0,0.0
2019-11-06 00:00:00-05:00,9.308989174535135,9.308989174535135,9.267725766264386,9.292484283447266,134400,0.0,0.0
2019-11-07 00:00:00-05:00,9.284231710481853,9.325495119935253,9.226463409467536,9.234715461730957,141100,0.0,0.0
2019-11-08 00:00:00-05:00,9.272135704522915,9.305398941040039,9.230557253670097,9.305398941040039,149300,0.085,0.0
2019-11-11 00:00:00-05:00,9.297084677884047,9.346979141235352,9.2721366531502,9.346979141235352,140100,0.0,0.0
2019-11-12 00:00:00-05:00,9.322030955827659,9.338662177557163,9.305398941040039,9.305398941040039,101400,0.0,0.0
2019-11-13 00:00:00-05:00,9.322031943027891,9.338663166518636,9.280452694713729,9.313715934753418,107300,0.0,0.0
2019-11-14 00:00:00-05:00,9.305398941040039,9.31371494843385,9.263820490187221,9.305398941040039,103300,0.0,0.0
2019-11-15 00:00:00-05:00,9.330348931453806,9.363612174987793,9.31371691315767,9.363612174987793,128600,0.0,0.0
2019-11-18 00:00:00-05:00,9.346978222615295,9.396873474121094,9.346978222615295,9.396873474121094,188800,0.0,0.0
2019-11-19 00:00:00-05:00,9.380241459266456,9.405189481548414,9.338662215187975,9.396873474121094,131800,0.0,0.0
2019-11-20 00:00:00-05:00,9.388555526733398,9.430134762220346,9.35529229695543,9.388555526733398,107900,0.0,0.0
2019-11-21 00:00:00-05:00,9.388558487032798,9.421821727298974,9.322032006500448,9.330348014831543,134300,0.0,0.0
2019-11-22 00:00:00-05:00,9.396874365652218,9.396874365652218,9.313715869605572,9.338663101196289,89200,0.0,0.0
2019-11-25 00:00:00-05:00,9.346979141235352,9.388558389400234,9.338663132990735,9.346979141235352,151300,0.0,0.0
2019-11-26 00:00:00-05:00,9.355293273925781,9.371925287080618,9.313714034096726,9.355293273925781,151600,0.0,0.0
2019-11-27 00:00:00-05:00,9.346979141235352,9.39687439764485,9.338663132990735,9.346979141235352,122300,0.0,0.0
2019-11-29 00:00:00-05:00,9.346978222615295,9.396873474121094,9.338662215187975,9.396873474121094,63800,0.0,0.0
2019-12-02 00:00:00-05:00,9.363611125845198,9.371927134061501,9.338663101196289,9.338663101196289,117800,0.0,0.0
2019-12-03 00:00:00-05:00,9.322030040674145,9.355293273925781,9.27213479426767,9.355293273925781,176000,0.0,0.0
2019-12-04 00:00:00-05:00,9.338663129734853,9.463400874186014,9.330347914551332,9.430137634277344,119200,0.0,0.0
2019-12-05 00:00:00-05:00,9.421819615152186,9.563188552856445,9.35529314953348,9.563188552856445,395000,0.0,0.0
2019-12-06 00:00:00-05:00,9.53824234008789,9.579821583782476,9.480031081692228,9.53824234008789,172200,0.0,0.0
2019-12-09 00:00:00-05:00,9.513293292572966,9.521609299027102,9.46339883996421,9.480030059814453,166600,0.0,0.0
2019-12-10 00:00:00-05:00,9.50498101547506,9.50498101547506,9.438454529406535,9.455085754394531,114400,0.0,0.0
2019-12-11 00:00:00-05:00,9.471715740475025,9.56318944093084,9.463399733235924,9.546557426452637,172600,0.0,0.0
2019-12-12 00:00:00-05:00,9.584260180576619,9.626149590948899,9.525615485439857,9.559126853942871,140700,0.085,0.0
2019-12-13 00:00:00-05:00,9.550745389759854,9.575879506361355,9.492100715637207,9.492100715637207,123600,0.0,0.0
2019-12-16 00:00:00-05:00,9.492101482587612,9.567502240536884,9.483723443043509,9.517234802246094,159700,0.0,0.0
2019-12-17 00:00:00-05:00,9.542366628794671,9.601011293569243,9.525610553731287,9.58425521850586,136100,0.0,0.0
2019-12-18 00:00:00-05:00,9.54236810082655,9.69316880479176,9.54236810082655,9.684791564941406,168400,0.0,0.0
2019-12-19 00:00:00-05:00,9.676414677300157,9.693169957967962,9.592635877039575,9.651281356811523,143400,0.0,0.0
2019-12-20 00:00:00-05:00,9.65965915096308,9.718304634094238,9.584258386204375,9.718304634094238,131100,0.0,0.0
2019-12-23 00:00:00-05:00,9.659658007770467,9.776948161177934,9.634524688816654,9.751814842224121,194600,0.0,0.0
2019-12-24 00:00:00-05:00,9.77694987060291,9.802083193951093,9.718305183132504,9.785327911376953,81500,0.0,0.0
2019-12-26 00:00:00-05:00,9.802081480131747,9.802081480131747,9.751814842224121,9.751814842224121,83600,0.0,0.0
2019-12-27 00:00:00-05:00,9.760193070946169,9.802082472760413,9.693170347632933,9.72668170928955,592600,0.0,0.0
2019-12-30 00:00:00-05:00,9.553669349969566,9.697143251221043,9.553669349969566,9.570549011230469,500500,0.085,0.0
2019-12-31 00:00:00-05:00,9.562107156883048,9.638064006748563,9.553667328038795,9.621184349060059,151800,0.0,0.0
2020-01-02 00:00:00-05:00,9.654945560030503,9.680265053645048,9.536791142629042,9.663385391235352,580100,0.0,0.0
2020-01-03 00:00:00-05:00,9.604306099672243,9.680262954310093,9.59586627029772,9.654943466186523,162000,0.0,0.0
2020-01-06 00:00:00-05:00,9.65494384218052,9.688702356126848,9.65494384218052,9.671823501586914,156300,0.0,0.0
2020-01-07 00:00:00-05:00,9.680264472961426,9.688703498793444,9.663384811564278,9.680264472961426,228900,0.0,0.0
2020-01-08 00:00:00-05:00,9.70558362726615,9.78998032858032,9.697143796161415,9.764660835266113,246700,0.0,0.0
2020-01-09 00:00:00-05:00,9.773098369102017,9.815296709839942,9.756219515726691,9.78997802734375,218500,0.0,0.0
2020-01-10 00:00:00-05:00,9.806856880719076,9.83217556321527,9.78997802734375,9.78997802734375,110500,0.0,0.0
2020-01-13 00:00:00-05:00,9.806860562926778,9.84905891950903,9.789981703213902,9.840619087219238,124700,0.0,0.0
2020-01-14 00:00:00-05:00,9.832176771123518,9.874375117045616,9.832176771123518,9.85749626159668,158900,0.0,0.0
2020-01-15 00:00:00-05:00,9.857498033806483,9.908135414123535,9.849058202131424,9.908135414123535,190400,0.0,0.0
2020-01-16 00:00:00-05:00,9.91657561753249,9.950334140631552,9.832178907351501,9.925015449523926,131100,0.0,0.0
2020-01-17 00:00:00-05:00,9.95033054549479,9.958770374436844,9.933451692477067,9.941890716552734,161800,0.0,0.0
2020-01-21 00:00:00-05:00,9.925013003060542,9.98409020270501,9.916573173149482,9.950331687927246,245100,0.0,0.0
2020-01-22 00:00:00-05:00,9.941892644149913,10.009409679044207,9.941892644149913,9.992530822753906,116400,0.0,0.0
2020-01-23 00:00:00-05:00,9.984090805053711,9.992530635473955,9.95877211865951,9.984090805053711,125400,0.0,0.0
2020-01-24 00:00:00-05:00,10.017851374116237,10.060049729995644,9.916575802925681,9.933455467224121,216300,0.0,0.0
2020-01-27 00:00:00-05:00,9.857497009437768,9.891255527763244,9.764660480392786,9.798418998718262,215600,0.0,0.0
2020-01-28 00:00:00-05:00,9.806858496155956,9.88281536102295,9.798418665644837,9.88281536102295,116100,0.0,0.0
2020-01-29 00:00:00-05:00,9.899695768156967,9.933455095490492,9.85749821872339,9.91657543182373,103200,0.0,0.0
2020-01-30 00:00:00-05:00,9.832176459684582,9.899693489074707,9.832176459684582,9.899693489074707,186700,0.0,0.0
2020-01-31 00:00:00-05:00,9.908134950016294,9.916574781296022,9.789980531566547,9.823739051818848,138100,0.0,0.0
2020-02-03 00:00:00-05:00,9.83217926485033,9.891257286071777,9.83217926485033,9.891257286071777,104300,0.0,0.0
2020-02-04 00:00:00-05:00,9.925014196593976,10.034729584032164,9.925014196593976,10.017849922180176,295500,0.0,0.0
2020-02-05 00:00:00-05:00,10.060048271943568,10.085366959854973,9.975651572416785,10.017849922180176,312100,0.0,0.0
2020-02-06 00:00:00-05:00,9.984089916307994,10.068486603264697,9.984089916307994,10.043167114257812,138000,0.0,0.0
2020-02-07 00:00:00-05:00,10.043168628209058,10.076927147107355,10.01784994025198,10.068488121032715,136500,0.0,0.0
2020-02-10 00:00:00-05:00,10.060047049483405,10.161322593688965,10.060047049483405,10.161322593688965,161900,0.0,0.0
2020-02-11 00:00:00-05:00,10.127564491140863,10.211961183846975,10.110684830653035,10.186641693115234,150200,0.0,0.0
2020-02-12 00:00:00-05:00,10.2119619710195,10.254159515758774,10.195082309230532,10.228840827941895,111600,0.0,0.0
2020-02-13 00:00:00-05:00,10.23309040348592,10.292584855946235,10.029108728863878,10.284086227416992,118900,0.085,0.0
2020-02-14 00:00:00-05:00,10.309584251939361,10.309584251939361,10.267087864954135,10.292585372924805,94900,0.0,0.0
2020-02-18 00:00:00-05:00,10.284086227416992,10.3010842950266,10.26708734925626,10.284086227416992,153700,0.0,0.0
2020-02-19 00:00:00-05:00,10.30958163976776,10.420071893713612,10.301082202414012,10.411572456359863,213600,0.0,0.0
2020-02-20 00:00:00-05:00,10.42007188048844,10.462568256652286,10.258585813176015,10.360576629638672,286800,0.0,0.0
2020-02-21 00:00:00-05:00,10.352080933636678,10.403075951029788,10.30108510569238,10.335082054138184,216400,0.0,0.0
2020-02-24 00:00:00-05:00,10.097104823218007,10.122602335470592,9.969615640852481,9.97811508178711,360300,0.0,0.0
2020-02-25 00:00:00-05:00,10.0036096415067,10.046105209091571,9.587146108436398,9.629642486572266,326800,0.0,0.0
2020-02-26 00:00:00-05:00,9.680640736826383,9.808129092742355,9.64664378787871,9.689139366149902,212800,0.0,0.0
2020-02-27 00:00:00-05:00,9.561650022317037,9.561650022317037,9.136687799102948,9.196182250976562,682700,0.0,0.0
2020-02-28 00:00:00-05:00,8.88171041632761,9.017698199802116,8.575737903509976,8.847713470458984,817200,0.0,0.0
2020-03-02 00:00:00-05:00,8.907206719412224,9.425661087036133,8.847712274819717,9.425661087036133,552800,0.0,0.0
2020-03-03 00:00:00-05:00,9.629643103028917,9.629643103028917,9.306671743292204,9.391664505004883,536200,0.0,0.0
2020-03-04 00:00:00-05:00,9.536152410851615,9.646642684936523,9.476657149082138,9.646642684936523,330200,0.0,0.0
2020-03-05 00:00:00-05:00,9.56164848901745,9.595645429000806,9.383164351467085,9.459657669067383,310500,0.0,0.0
2020-03-06 00:00:00-05:00,9.247174804394453,9.315168671220448,9.179180937568459,9.306669235229492,228900,0.0,0.0
2020-03-09 00:00:00-04:00,8.92420504933161,8.92420504933161,8.567236782514268,8.669227600097656,451000,0.0,0.0
2020-03-10 00:00:00-04:00,8.839216646098341,8.941208324425684,8.51624597008343,8.609737396240234,446700,0.0,0.0
2020-03-11 00:00:00-04:00,8.49924637336584,8.584239161320019,7.810807060480637,7.963793754577637,683900,0.0,0.0
2020-03-12 00:00:00-04:00,7.153261959614287,7.256186492087046,6.655792977010214,6.887372970581055,901700,0.085,0.0
2020-03-13 00:00:00-04:00,7.101797660247739,7.599266529083252,7.076066737506946,7.599266529083252,693400,0.0,0.0
2020-03-16 00:00:00-04:00,6.947411896211392,6.947411896211392,6.389903069642794,6.690100193023682,1105500,0.0,0.0
2020-03-17 00:00:00-04:00,6.690100480209436,7.016028542508793,6.578598710109283,6.921680450439453,431400,0.0,0.0
2020-03-18 00:00:00-04:00,6.364172777124304,6.432789129063265,4.768840958600614,5.163385391235352,978400,0.0,0.0
2020-03-19 00:00:00-04:00,5.069037584263844,5.952474117279053,4.863188533261684,5.952474117279053,882200,0.0,0.0
2020-03-20 00:00:00-04:00,6.166899474533066,7.033181378649033,6.098283134680591,6.57002067565918,1145800,0.0,0.0
2020-03-23 00:00:00-04:00,6.475672990412337,6.475672990412337,5.412118565123334,5.9696269035339355,818900,0.0,0.0
2020-03-24 00:00:00-04:00,6.063974964754353,6.724407849312895,6.063974964754353,6.57002067565918,820700,0.0,0.0
2020-03-25 00:00:00-04:00,6.612906393451989,7.376264231508242,6.604329146087335,7.153260707855225,455700,0.0,0.0
2020-03-26 00:00:00-04:00,7.118952354450233,7.796539337487552,7.016027842618511,7.564958572387695,743700,0.0,0.0
2020-03-27 00:00:00-04:00,7.419148559094788,7.444880300240887,7.1275295211807,7.247607707977295,373000,0.0,0.0
2020-03-30 00:00:00-04:00,7.2132991059187095,7.462033529641035,7.161837262649953,7.3676862716674805,568400,0.0,0.0
2020-03-31 00:00:00-04:00,7.333376973255938,7.590688603855837,7.170412586088514,7.582111358642578,515800,0.0,0.0
2020-04-01 00:00:00-04:00,7.247607947233823,7.290493365921747,6.801601310619214,6.904526233673096,393500,0.0,0.0
2020-04-02 00:00:00-04:00,6.784446947917489,7.0674895545406775,6.72440785498872,6.810178279876709,429400,0.0,0.0
2020-04-03 00:00:00-04:00,6.75871587423212,6.8101781280173626,6.570020534700591,6.73298454284668,402900,0.0,0.0
2020-04-06 00:00:00-04:00,6.904526511805797,7.2304545618034,6.85306384371297,7.1875691413879395,223700,0.0,0.0
2020-04-07 00:00:00-04:00,7.333380096924884,7.650730943251619,7.324802848058128,7.453458309173584,432500,0.0,0.0
2020-04-08 00:00:00-04:00,7.470612926374854,8.002390095045683,7.307649285157781,7.899465560913086,609100,0.0,0.0
2020-04-09 00:00:00-04:00,8.096735187848704,8.65424395257653,8.062427019094013,8.474125862121582,663000,0.0,0.0
2020-04-13 00:00:00-04:00,8.668783209345117,8.824509285662797,8.210254183054095,8.383283615112305,383300,0.085,0.0
2020-04-14 00:00:00-04:00,8.426545117276717,8.57362040952459,8.374636675936173,8.400590896606445,303000,0.0,0.0
2020-04-15 00:00:00-04:00,8.513057092965546,8.513057092965546,8.21890661880763,8.314072608947754,263900,0.0,0.0
2020-04-16 00:00:00-04:00,8.39193606682126,8.435193635092041,8.210254940139576,8.314072608947754,387400,0.0,0.0
2020-04-17 00:00:00-04:00,8.426543592670694,8.56496717796037,8.365983480373872,8.547664642333984,451600,0.0,0.0
2020-04-20 00:00:00-04:00,8.539013180021335,8.686088449414452,8.50440728281529,8.625528335571289,363400,0.0,0.0
2020-04-21 00:00:00-04:00,8.573618827575723,8.651482300289471,8.417891882148226,8.521710395812988,424300,0.0,0.0
2020-04-22 00:00:00-04:00,8.556314504445712,8.677434703301037,8.513056936967608,8.582268714904785,167200,0.0,0.0
2020-04-23 00:00:00-04:00,8.556316238660203,8.634178885818809,8.487104446695016,8.51305866241455,170300,0.0,0.0
2020-04-24 00:00:00-04:00,8.573621778274578,8.625531052972063,8.487107420538678,8.556319236755371,208400,0.0,0.0
2020-04-27 00:00:00-04:00,8.625528528750582,8.77260380143763,8.590922630769494,8.720694541931152,181900,0.0,0.0
2020-04-28 00:00:00-04:00,8.798556039207975,8.798556039207975,8.651480799609061,8.712040901184082,188200,0.0,0.0
2020-04-29 00:00:00-04:00,8.79855611404003,8.859116216130118,8.703390121459961,8.703390121459961,291200,0.0,0.0
2020-04-30 00:00:00-04:00,8.712042358047055,8.737997398836233,8.46114940590584,8.51305866241455,323900,0.0,0.0
2020-05-01 00:00:00-04:00,8.383288855791731,8.443849813672882,8.141047499476915,8.167001724243164,255300,0.0,0.0
2020-05-04 00:00:00-04:00,8.071832930356106,8.184302299410232,7.881500088489919,8.158348083496094,282100,0.0,0.0
2020-05-05 00:00:00-04:00,8.20160527562378,8.417892345024026,8.20160527562378,8.357332229614258,141000,0.0,0.0
2020-05-06 00:00:00-04:00,8.43519777972081,8.461152003408072,8.36598596650818,8.426546096801758,135000,0.0,0.0
2020-05-07 00:00:00-04:00,8.426542512331558,8.599571971760119,8.426542512331558,8.504405975341797,165500,0.0,0.0
2020-05-08 00:00:00-04:00,8.56496758848141,8.720694541931152,8.56496758848141,8.720694541931152,99200,0.0,0.0
2020-05-11 00:00:00-04:00,8.694739480509957,8.815859699148936,8.660133585888877,8.737997055053711,200700,0.0,0.0
2020-05-12 00:00:00-04:00,8.716183387818864,8.794707697414513,8.602759477522051,8.620209693908691,171500,0.085,0.0
2020-05-13 00:00:00-04:00,8.594036733452716,8.628936340375404,8.332289265496422,8.506787300109863,245600,0.0,0.0
2020-05-14 00:00:00-04:00,8.279938460992726,8.489336077793364,8.253763966910688,8.480611801147461,166100,0.0,0.0
2020-05-15 00:00:00-04:00,8.358463762670372,8.506787300109863,8.323564155747684,8.506787300109863,85600,0.0,0.0
2020-05-18 00:00:00-04:00,8.690008049146176,8.733632753792829,8.628933961884083,8.655108451843262,212200,0.0,0.0
2020-05-19 00:00:00-04:00,8.620209693908691,8.803432805607832,8.611484585715372,8.620209693908691,259200,0.0,0.0
2020-05-20 00:00:00-04:00,8.724908880362552,8.803433193417359,8.724908880362552,8.751083374023438,343800,0.0,0.0
2020-05-21 00:00:00-04:00,8.733635214197914,8.838334035601996,8.724910104396175,8.812159538269043,245600,0.0,0.0
2020-05-22 00:00:00-04:00,8.89068333363798,8.934308052062988,8.855783725312435,8.934308052062988,259600,0.0,0.0
2020-05-26 00:00:00-04:00,9.15242947893913,9.169879696596189,9.03028128362842,9.100080490112305,498600,0.0,0.0
2020-05-27 00:00:00-04:00,9.152431687924604,9.239681133123641,8.943034017933769,9.222230911254883,315800,0.0,0.0
2020-05-28 00:00:00-04:00,9.239680281002325,9.344379106341988,9.204780672555772,9.257129669189453,195600,0.0,0.0
2020-05-29 00:00:00-04:00,9.265853204027328,9.353102626346548,9.222228492867718,9.344377517700195,163900,0.0,0.0
2020-06-01 00:00:00-04:00,9.353102339125803,9.536325454711914,9.309477629305848,9.536325454711914,224000,0.0,0.0
2020-06-02 00:00:00-04:00,9.597400884054334,9.667200096645313,9.527601671463355,9.649750709533691,186700,0.0,0.0
2020-06-03 00:00:00-04:00,9.719550073819539,10.024921425653,9.710824964091431,10.007472038269043,418700,0.0,0.0
2020-06-04 00:00:00-04:00,9.990022092785546,9.990022092785546,9.736999728237171,9.789349555969238,420800,0.0,0.0
2020-06-05 00:00:00-04:00,9.963846091324832,9.998745693855462,9.911496271492807,9.946395874023438,253900,0.0,0.0
2020-06-08 00:00:00-04:00,9.99874614035468,10.085995566613505,9.99002103131436,10.051095962524414,203800,0.0,0.0
2020-06-09 00:00:00-04:00,10.059819051544736,10.068544159554722,9.946395143631188,10.016194343566895,307300,0.0,0.0
2020-06-10 00:00:00-04:00,10.024920635403449,10.103444952621953,9.972571645305912,10.051095962524414,229300,0.0,0.0
2020-06-11 00:00:00-04:00,9.809374915163078,9.826954842704405,9.422625730081762,9.49294376373291,433100,0.085,0.0
2020-06-12 00:00:00-04:00,9.686320810184176,9.76542798596676,9.431416836830348,9.528104782104492,251100,0.0,0.0
2020-06-15 00:00:00-04:00,9.361098077601618,9.659950179834274,9.27320094287608,9.60721206665039,233500,0.0,0.0
2020-06-16 00:00:00-04:00,9.826957382015426,10.055490631306695,9.659951380246357,9.730269432067871,261000,0.0,0.0
2020-06-17 00:00:00-04:00,9.81816577911377,9.914852874684598,9.756637703592075,9.81816577911377,170600,0.0,0.0
2020-06-18 00:00:00-04:00,9.774216935788923,9.879693997461155,9.774216935788923,9.862114906311035,96400,0.0,0.0
2020-06-19 00:00:00-04:00,9.95880200327962,10.02912004439444,9.862114906311035,9.862114906311035,281000,0.0,0.0
2020-06-22 00:00:00-04:00,9.862116847464334,9.97638389633131,9.844536914596796,9.8884859085083,174700,0.0,0.0
2020-06-23 00:00:00-04:00,9.932433115583514,10.020330249336567,9.932433115583514,9.95001220703125,158500,0.0,0.0
2020-06-24 00:00:00-04:00,9.96759256091417,9.96759256091417,9.677530414496644,9.739058494567871,216800,0.0,0.0
2020-06-25 00:00:00-04:00,9.739057864357738,9.87969394585274,9.677529788267966,9.853324890136719,285400,0.0,0.0
2020-06-26 00:00:00-04:00,9.826955560266128,9.879693670226871,9.73026762824286,9.747847557067871,171800,0.0,0.0
2020-06-29 00:00:00-04:00,9.703898664151616,9.800585758823336,9.668739644429433,9.78300666809082,190200,0.0,0.0
2020-06-30 00:00:00-04:00,9.765428171309042,9.985172286364884,9.765428171309042,9.9675931930542,116800,0.0,0.0
2020-07-01 00:00:00-04:00,9.967589370462184,10.029117430839348,9.958799408049172,9.98516845703125,182700,0.0,0.0
2020-07-02 00:00:00-04:00,10.046700653771984,10.160967687881561,10.046700653771984,10.117018699645996,170600,0.0,0.0
2020-07-06 00:00:00-04:00,10.143388455780142,10.275234591308818,9.993962388443755,10.011542320251465,1125700,0.0,0.0
2020-07-07 00:00:00-04:00,10.00275245960574,10.152178528514524,10.00275245960574,10.090649604797363,232300,0.0,0.0
2020-07-08 00:00:00-04:00,10.117019258352755,10.222496332988687,9.9675931930542,9.9675931930542,1285800,0.0,0.0
2020-07-09 00:00:00-04:00,9.993961511726775,10.08185948653993,9.932433432311894,10.064279556274414,265600,0.0,0.0
2020-07-10 00:00:00-04:00,10.095274989036106,10.201541788291706,10.042142433935043,10.192686080932617,365700,0.085,0.0
2020-07-13 00:00:00-04:00,10.25467124959367,10.369792876949823,10.050995108943425,10.077561378479004,258100,0.0,0.0
2020-07-14 00:00:00-04:00,10.015575638191649,10.068708190543703,9.865031998983007,10.042141914367676,196000,0.0,0.0
2020-07-15 00:00:00-04:00,10.068708986214682,10.174974943843058,10.068708986214682,10.130697250366211,187500,0.0,0.0
2020-07-16 00:00:00-04:00,10.104132144828878,10.166120416175088,10.033288164854106,10.148409843444824,111400,0.0,0.0
2020-07-17 00:00:00-04:00,10.12184033484361,10.210394859313965,10.077562650345136,10.210394859313965,125000,0.0,0.0
2020-07-20 00:00:00-04:00,10.236961943929206,10.307805901089138,10.210394826599291,10.2989501953125,239800,0.0,0.0
2020-07-21 00:00:00-04:00,10.334374200376033,10.405218171427869,10.307807922363281,10.307807922363281,206000,0.0,0.0
2020-07-22 00:00:00-04:00,10.307806019690544,10.360938565908542,10.272384040703013,10.31666088104248,123300,0.0,0.0
2020-07-23 00:00:00-04:00,10.307809333371328,10.369797605395403,10.130698536970767,10.157265663146973,223500,0.0,0.0
2020-07-24 00:00:00-04:00,10.157262341909753,10.166117203212911,10.033284993873037,10.112984657287598,96900,0.0,0.0
2020-07-27 00:00:00-04:00,10.112984596636032,10.2989501953125,10.112984596636032,10.2989501953125,199400,0.0,0.0
2020-07-28 00:00:00-04:00,10.236961250220475,10.33437147358272,10.192683568864352,10.228105545043945,143500,0.0,0.0
2020-07-29 00:00:00-04:00,10.23696240401289,10.378650324700688,10.23696240401289,10.352083206176758,104300,0.0,0.0
2020-07-30 00:00:00-04:00,10.316660503108599,10.396360164042525,10.254672253282907,10.369793891906738,142200,0.0,0.0
2020-07-31 00:00:00-04:00,10.405216944248506,10.440638925596797,10.281239587266164,10.387505531311035,218600,0.0,0.0
2020-08-03 00:00:00-04:00,10.352081603308722,10.59118056584338,10.352081603308722,10.564614295959473,217400,0.0,0.0
2020-08-04 00:00:00-04:00,10.573472247629285,10.644317062243607,10.538050262585493,10.59118366241455,160200,0.0,0.0
2020-08-05 00:00:00-04:00,10.653170585632324,10.697448272501491,10.591182330731472,10.653170585632324,153700,0.0,0.0
2020-08-06 00:00:00-04:00,10.688593365423158,10.777148745782897,10.688593365423158,10.732871055603027,351300,0.0,0.0
2020-08-07 00:00:00-04:00,10.724015348661714,10.750582469485654,10.63546081282867,10.732871055603027,210700,0.0,0.0
2020-08-10 00:00:00-04:00,10.777150265625732,10.803716545669474,10.73287256920162,10.786005973815918,314200,0.0,0.0
2020-08-11 00:00:00-04:00,10.78600445272421,10.794859315138828,10.69744907236447,10.732871055603027,242700,0.0,0.0
2020-08-12 00:00:00-04:00,10.794860336636075,10.865705154343797,10.741727779013756,10.83913803100586,379600,0.0,0.0
2020-08-13 00:00:00-04:00,10.870345466700206,10.923850414348449,10.852511051105655,10.88818073272705,202500,0.085,0.0
2020-08-14 00:00:00-04:00,10.88818073272705,10.897098365740474,10.816841369484257,10.88818073272705,184700,0.0,0.0
2020-08-17 00:00:00-04:00,10.861430400871962,10.932769775390625,10.861430400871962,10.932769775390625,164500,0.0,0.0
2020-08-18 00:00:00-04:00,10.968440283230171,11.039779663085938,10.941688228392382,11.039779663085938,146300,0.0,0.0
2020-08-19 00:00:00-04:00,11.013027017240928,11.05761348943371,10.932770006602011,11.004109382629395,215800,0.0,0.0
2020-08-20 00:00:00-04:00,11.004110800624606,11.093284606933594,10.94168905116506,11.093284606933594,215900,0.0,0.0
2020-08-21 00:00:00-04:00,11.084365844726562,11.120035530975038,11.013026472229614,11.084365844726562,220800,0.0,0.0
2020-08-24 00:00:00-04:00,11.084365680178658,11.084365680178658,10.986273406627236,11.021943092346191,226900,0.0,0.0
2020-08-25 00:00:00-04:00,11.030861378274436,11.030861378274436,10.88818262696673,10.94168758392334,209400,0.0,0.0
2020-08-26 00:00:00-04:00,10.923852371990478,11.039779070643085,10.906017102767409,11.004109382629395,162800,0.0,0.0
2020-08-27 00:00:00-04:00,11.048697887278305,11.191376654597285,10.950605596922106,11.07544994354248,474900,0.0,0.0
2020-08-28 00:00:00-04:00,11.111116656775202,11.155703972217834,11.075446974507557,11.128951072692871,241800,0.0,0.0
2020-08-31 00:00:00-04:00,11.128953022308774,11.244879722595215,11.111118603266798,11.244879722595215,183400,0.0,0.0
2020-09-01 00:00:00-04:00,11.164622787558491,11.307301531736604,11.137869885200796,11.253796577453613,188700,0.0,0.0
2020-09-02 00:00:00-04:00,11.298384680586054,11.298384680586054,11.13787065704599,11.244879722595215,364200,0.0,0.0
2020-09-03 00:00:00-04:00,11.182456003635275,11.182456003635275,10.807923915200844,10.84359359741211,298100,0.0,0.0
2020-09-04 00:00:00-04:00,10.772254351266893,10.897098665593239,10.406639891978976,10.683079719543457,408200,0.0,0.0
2020-09-08 00:00:00-04:00,10.477980390451197,10.504732442688722,10.344219278831167,10.35313606262207,390900,0.0,0.0
2020-09-09 00:00:00-04:00,10.433392632335732,10.683080427093147,10.415558215069245,10.66524600982666,323400,0.0,0.0
2020-09-10 00:00:00-04:00,10.691998959486165,10.825760927171693,10.567155476831937,10.602825164794922,285200,0.0,0.0
2020-09-11 00:00:00-04:00,10.706113861855929,10.742040383947156,10.499535717414483,10.54444408416748,294300,0.085,0.0
2020-09-14 00:00:00-04:00,10.553426312457388,10.768985452840553,10.53546262248085,10.73305892944336,156300,0.0,0.0
2020-09-15 00:00:00-04:00,10.786949142817091,10.822875666214285,10.706114251034434,10.73305892944336,262000,0.0,0.0
2020-09-16 00:00:00-04:00,10.751020058126825,10.813891244954688,10.724074529581445,10.768982887268066,208100,0.0,0.0
2020-09-17 00:00:00-04:00,10.742041521749469,10.742041521749469,10.544445201040293,10.643243789672852,245800,0.0,0.0
2020-09-18 00:00:00-04:00,10.688150561057896,10.813893821226017,10.634261204240046,10.73305892944336,197500,0.0,0.0
2020-09-21 00:00:00-04:00,10.58036994934082,10.652222989062038,10.472590389758995,10.58036994934082,216200,0.0,0.0
2020-09-22 00:00:00-04:00,10.616296469201428,10.643242001513734,10.481572233863098,10.58036994934082,141900,0.0,0.0
2020-09-23 00:00:00-04:00,10.63426033380647,10.63426033380647,10.239067752228685,10.257031440734863,265100,0.0,0.0
2020-09-24 00:00:00-04:00,10.221102990228843,10.274992332459835,10.068415092981617,10.203139305114746,262900,0.0,0.0
2020-09-25 00:00:00-04:00,10.15823229870807,10.355827705224149,10.122305783290992,10.337864875793457,250300,0.0,0.0
2020-09-28 00:00:00-04:00,10.427682082264262,10.535461642429755,10.382774574612158,10.472590446472168,254900,0.0,0.0
2020-09-29 00:00:00-04:00,10.454628721095053,10.535462757356672,10.436665030888543,10.517499923706055,188100,0.0,0.0
2020-09-30 00:00:00-04:00,10.508516687168152,10.55342505018221,10.445645492881937,10.490553855895996,317700,0.0,0.0
2020-10-01 00:00:00-04:00,10.553425134665043,10.625278173440426,10.49953492730561,10.589351654052734,203400,0.0,0.0
2020-10-02 00:00:00-04:00,10.409719057114273,10.625278173440426,10.409719057114273,10.589351654052734,193800,0.0,0.0
2020-10-05 00:00:00-04:00,10.589351599315432,10.733057676123371,10.589351599315432,10.697131156921387,204600,0.0,0.0
2020-10-06 00:00:00-04:00,10.724076447001707,10.885746220957154,10.724076447001707,10.822875022888184,249900,0.0,0.0
2020-10-07 00:00:00-04:00,10.849818642565685,11.083341436291668,10.849818642565685,11.038433074951172,287200,0.0,0.0
2020-10-08 00:00:00-04:00,11.074360847473145,11.128251058498824,11.029452481044386,11.074360847473145,119500,0.0,0.0
2020-10-09 00:00:00-04:00,11.119266473941462,11.227046012878418,11.10130278917415,11.227046012878418,153100,0.0,0.0
2020-10-12 00:00:00-04:00,11.227047430412075,11.334826982957342,11.20908374337666,11.307882308959961,308200,0.0,0.0
2020-10-13 00:00:00-04:00,11.294319086260398,11.321447775931377,11.194849811267714,11.203892707824707,281300,0.085,0.0
2020-10-14 00:00:00-04:00,11.258148113425497,11.32144752554644,11.194849563682615,11.212934494018555,140900,0.0,0.0
2020-10-15 00:00:00-04:00,11.14963451659801,11.176762339817314,11.05016525654193,11.140591621398926,150200,0.0,0.0
2020-10-16 00:00:00-04:00,11.131549835205078,11.267189816684743,11.131549835205078,11.131549835205078,279600,0.0,0.0
2020-10-19 00:00:00-04:00,11.140593213601312,11.176763937189184,10.98686742275834,11.059208869934082,180700,0.0,0.0
2020-10-20 00:00:00-04:00,11.095379979470973,11.122507805402506,10.968782021160427,10.98686695098877,237500,0.0,0.0
2020-10-21 00:00:00-04:00,10.950695762942702,11.086336611584185,10.950695762942702,11.013995170593262,245400,0.0,0.0
2020-10-22 00:00:00-04:00,11.041123871659126,11.059208802153183,10.941654597996637,10.968782424926758,233700,0.0,0.0
2020-10-23 00:00:00-04:00,11.02303855022644,11.06825217196241,10.941655065955423,11.04112434387207,144300,0.0,0.0
2020-10-26 00:00:00-04:00,11.013996373318133,11.013996373318133,10.760800439822981,10.806014060974121,191500,0.0,0.0
2020-10-27 00:00:00-04:00,10.778883951088929,10.932609713028556,10.760798161506425,10.923566818237305,164500,0.0,0.0
2020-10-28 00:00:00-04:00,10.724629981802968,10.769843604077323,10.543776355083667,10.55281925201416,285600,0.0,0.0
2020-10-29 00:00:00-04:00,10.49856225317629,10.688458768150552,10.480477322519638,10.625160217285156,179200,0.0,0.0
2020-10-30 00:00:00-04:00,10.616117010051708,10.616117010051708,10.353879055369955,10.399092674255371,160500,0.0,0.0
2020-11-02 00:00:00-05:00,10.435261571576627,10.534730825823173,10.417176644612665,10.444304466247559,110300,0.0,0.0
2020-11-03 00:00:00-05:00,10.471435512605394,10.751759297085869,10.471435512605394,10.715588569641113,139200,0.0,0.0
2020-11-04 00:00:00-05:00,10.796970918353512,11.013996122460345,10.77888598773182,10.914525985717773,245000,0.0,0.0
2020-11-05 00:00:00-05:00,10.977826023321837,11.140593857688554,10.977826023321837,11.077295303344727,245500,0.0,0.0
2020-11-06 00:00:00-05:00,11.077293325186428,11.20389127364463,11.059207534387555,11.131549835205078,142800,0.0,0.0
2020-11-09 00:00:00-05:00,11.330489243775771,11.44804430600666,11.203892147817921,11.231019973754883,382700,0.0,0.0
2020-11-10 00:00:00-05:00,11.249103792782828,11.258146687994879,11.068250200431583,11.24006175994873,205800,0.0,0.0
2020-11-11 00:00:00-05:00,11.249105532743856,11.43900204967949,11.249105532743856,11.393789291381836,308500,0.0,0.0
2020-11-12 00:00:00-05:00,11.41654893949183,11.507590347186403,11.30729977119947,11.398341178894043,255400,0.085,0.0
2020-11-13 00:00:00-05:00,11.389236071377923,11.53490161895752,11.389236071377923,11.53490161895752,141400,0.0,0.0
2020-11-16 00:00:00-05:00,11.55311176179532,11.644153181932785,11.525799683048213,11.635048866271973,139300,0.0,0.0
2020-11-17 00:00:00-05:00,11.598633819473584,11.808028762824572,11.580426054271783,11.798924446105957,195200,0.0,0.0
2020-11-18 00:00:00-05:00,11.826234277543195,11.94458776765672,11.780713570847952,11.835338592529297,217100,0.0,0.0
2020-11-19 00:00:00-05:00,11.844443721523028,11.981004982758645,11.808027327311176,11.899067878723145,242900,0.0,0.0
2020-11-20 00:00:00-05:00,11.944586339043678,11.990107040294491,11.899065637792866,11.935482025146484,159800,0.0,0.0
2020-11-23 00:00:00-05:00,11.962795410721725,12.172189428715873,11.935482468016685,12.099356651306152,317700,0.0,0.0
2020-11-24 00:00:00-05:00,12.25412638872747,12.25412638872747,12.117565149609973,12.163084983825684,317400,0.0,0.0
2020-11-25 00:00:00-05:00,12.172188921703931,12.290542397123712,12.172188921703931,12.263230323791504,151100,0.0,0.0
2020-11-27 00:00:00-05:00,12.272335003520087,12.381585044305437,12.272335003520087,12.336064338684082,61400,0.0,0.0
2020-11-30 00:00:00-05:00,12.363376558600743,12.481730047299116,12.199502363751417,12.472625732421875,202500,0.0,0.0
2020-12-01 00:00:00-05:00,12.54545709570206,12.54545709570206,12.418000174780898,12.527249336242676,239400,0.0,0.0
2020-12-02 00:00:00-05:00,12.518147334823965,12.518147334823965,12.308753287067134,12.381586074829102,265300,0.0,0.0
2020-12-03 00:00:00-05:00,12.37247975550748,12.627394471389502,12.37247975550748,12.600082397460938,217000,0.0,0.0
2020-12-04 00:00:00-05:00,12.645605431142759,12.78216669420044,12.590980404978485,12.763958930969238,246700,0.0,0.0
2020-12-07 00:00:00-05:00,12.791269302368164,12.836790006722401,12.691123579141799,12.791269302368164,391700,0.0,0.0
2020-12-08 00:00:00-05:00,12.782164473425409,13.000662803649902,12.773060159273925,13.000662803649902,188300,0.0,0.0
2020-12-09 00:00:00-05:00,13.018870646942927,13.055287033117846,12.727538689308444,12.82768440246582,345400,0.0,0.0
2020-12-10 00:00:00-05:00,12.70932978010241,12.900516007276535,12.636497014344176,12.845890998840332,238000,0.0,0.0
2020-12-11 00:00:00-05:00,12.923748890583813,12.942067877126956,12.70392629305023,12.74056339263916,281800,0.085,0.0
2020-12-14 00:00:00-05:00,12.758880680896372,12.877951457085679,12.7405616967916,12.777198791503906,238900,0.0,0.0
2020-12-15 00:00:00-05:00,12.85047435760498,12.914589935343175,12.795519146397767,12.85047435760498,195200,0.0,0.0
2020-12-16 00:00:00-05:00,12.795516960601649,13.088613699631383,12.795516960601649,13.042817115783691,328600,0.0,0.0
2020-12-17 00:00:00-05:00,13.088613846946545,13.244321709682913,13.015339661364397,13.061136245727539,299300,0.0,0.0
2020-12-18 00:00:00-05:00,13.088614609538531,13.189366402209869,13.061137006718576,13.10693359375,211100,0.0,0.0
2020-12-21 00:00:00-05:00,13.015342178862081,13.216846664937675,12.978705078984461,13.171050071716309,180700,0.0,0.0
2020-12-22 00:00:00-05:00,13.180210179371427,13.308439598171013,13.161891191830113,13.280961990356445,156300,0.0,0.0
2020-12-23 00:00:00-05:00,13.280961990356445,13.354236193526896,13.226005901229907,13.280961990356445,216100,0.0,0.0
2020-12-24 00:00:00-05:00,13.28095969680996,13.372552871704102,13.28095969680996,13.372552871704102,89500,0.0,0.0
2020-12-28 00:00:00-05:00,13.37255518106821,13.44582938423866,13.24432488877122,13.280961990356445,246900,0.0,0.0
2020-12-29 00:00:00-05:00,13.280960828849823,13.354235025611967,13.19852713911808,13.24432373046875,201500,0.0,0.0
2020-12-30 00:00:00-05:00,13.294996935056236,13.33185066748808,13.22128947019255,13.30420970916748,163700,0.085,0.0
2020-12-31 00:00:00-05:00,13.322635814696785,13.322635814696785,13.156793594360352,13.156793594360352,170900,0.0,0.0
2021-01-04 00:00:00-05:00,13.166009080407658,13.239716548900137,12.815898165737206,12.963313102722168,510300,0.0,0.0
2021-01-05 00:00:00-05:00,12.98173877902531,13.055446238262151,12.926457745266568,12.95409870147705,335300,0.0,0.0
2021-01-06 00:00:00-05:00,12.944885458696927,13.018592920264242,12.861964344768133,12.93567180633545,672200,0.0,0.0
2021-01-07 00:00:00-05:00,13.110726071101832,13.212074484058048,13.037018613676691,13.202860832214355,279500,0.0,0.0
2021-01-08 00:00:00-05:00,13.258142446495736,13.396343715567781,13.202861411669572,13.377917289733887,254000,0.0,0.0
2021-01-11 00:00:00-05:00,13.322637819368099,13.387131635353516,13.221290268724967,13.3502779006958,339100,0.0,0.0
2021-01-12 00:00:00-05:00,13.313423924406075,13.488479819849804,13.29499749674282,13.479266166687012,340000,0.0,0.0
2021-01-13 00:00:00-05:00,13.497692557914949,13.635894718996779,13.488479783439352,13.599040985107422,210900,0.0,0.0
2021-01-14 00:00:00-05:00,13.59904081453915,13.700388361798131,13.4700523082131,13.488479614257812,213200,0.0,0.0
2021-01-15 00:00:00-05:00,13.525333966992722,13.56218770210732,13.37791902653433,13.46083927154541,208600,0.0,0.0
2021-01-19 00:00:00-05:00,13.51611997568644,13.691174993439345,13.506906322472515,13.672748565673828,367900,0.0,0.0
2021-01-20 00:00:00-05:00,13.69117551549999,13.847804111459812,13.681962740597104,13.728029251098633,311500,0.0,0.0
2021-01-21 00:00:00-05:00,13.774093296911698,13.792520599569388,13.645105692956466,13.709599494934082,192600,0.0,0.0
2021-01-22 00:00:00-05:00,13.709600427592044,13.829375267028809,13.681960350387316,13.829375267028809,294100,0.0,0.0
2021-01-25 00:00:00-05:00,13.838588515191125,13.912295971361177,13.663532647790612,13.764880180358887,201000,0.0,0.0
2021-01-26 00:00:00-05:00,13.801734477101853,13.801734477101853,13.663533210754395,13.663533210754395,164100,0.0,0.0
2021-01-27 00:00:00-05:00,13.66353425937467,13.66353425937467,13.239715897077327,13.30420970916748,362200,0.0,0.0
2021-01-28 00:00:00-05:00,13.212076356179418,13.405558679001967,13.175222622244759,13.322637557983398,350300,0.0,0.0
2021-01-29 00:00:00-05:00,13.32263814147234,13.3502782234683,13.037021031972863,13.221290588378906,324500,0.0,0.0
2021-02-01 00:00:00-05:00,13.267355338345354,13.488478600958832,13.258142564677405,13.451624870300293,221500,0.0,0.0
2021-02-02 00:00:00-05:00,13.543759341937221,13.866230158108555,13.543759341937221,13.820162773132324,503700,0.0,0.0
2021-02-03 00:00:00-05:00,13.866230815354866,13.958364711012104,13.838590734523928,13.912298202514648,211400,0.0,0.0
2021-02-04 00:00:00-05:00,13.930725261509242,14.059713775669811,13.912298833007656,14.04128646850586,189500,0.0,0.0
2021-02-05 00:00:00-05:00,14.133420738534165,14.197914553963024,14.087353350943978,14.142634391784668,233700,0.0,0.0
2021-02-08 00:00:00-05:00,14.234765521020105,14.345326702545712,14.216339096763585,14.336113929748535,260200,0.0,0.0
2021-02-09 00:00:00-05:00,14.33611636171258,14.501957722803068,14.290048975263211,14.391396522521973,261200,0.0,0.0
2021-02-10 00:00:00-05:00,14.46510455019113,14.566452980041504,14.253195794435527,14.566452980041504,426000,0.0,0.0
2021-02-11 00:00:00-05:00,14.57572541475738,14.640629760402629,14.455188141233785,14.501548767089844,223500,0.1,0.0
2021-02-12 00:00:00-05:00,14.538635477249596,14.649900436401367,14.501547157532338,14.649900436401367,232000,0.0,0.0
2021-02-16 00:00:00-05:00,14.622084068401213,14.649900086460894,14.427370173472896,14.60353946685791,317100,0.0,0.0
2021-02-17 00:00:00-05:00,14.603540402717092,14.603540402717092,14.390282776834256,14.464459419250488,214900,0.0,0.0
2021-02-18 00:00:00-05:00,14.418099936912608,14.418099936912608,14.177025387867133,14.19556999206543,264800,0.0,0.0
2021-02-19 00:00:00-05:00,14.279016784168942,14.501547593416559,14.251200764608734,14.39028263092041,247000,0.0,0.0
2021-02-22 00:00:00-05:00,14.371738900723123,14.436643245054993,14.223385608390068,14.251201629638672,222200,0.0,0.0
2021-02-23 00:00:00-05:00,14.14920873582106,14.158481037507354,13.453802025945581,14.000855445861816,427600,0.0,0.0
2021-02-24 00:00:00-05:00,14.047212938217125,14.306832038361897,13.945220288752889,14.29755973815918,362800,0.0,0.0
2021-02-25 00:00:00-05:00,14.325376918152934,14.501547099293873,13.908133101945623,13.926677703857422,354100,0.0,0.0
2021-02-26 00:00:00-05:00,13.963768009553394,14.158481936045856,13.796870105629738,14.102849006652832,707800,0.0,0.0
2021-03-01 00:00:00-05:00,14.251198952987945,14.510817165809474,14.232655237056868,14.427369117736816,428100,0.0,0.0
2021-03-02 00:00:00-05:00,14.445914670040825,14.492275292144717,14.381010329648568,14.39028263092041,206800,0.0,0.0
2021-03-03 00:00:00-05:00,14.334649544193722,14.353193262270771,14.158480243312859,14.214112281799316,217500,0.0,0.0
2021-03-04 00:00:00-05:00,14.186298227691521,14.214114250787922,13.648517065132122,13.731966018676758,441400,0.0,0.0
2021-03-05 00:00:00-05:00,13.759782105707544,13.889590803597525,12.906749729907235,13.425986289978027,856800,0.0,0.0
2021-03-08 00:00:00-05:00,13.453803403989138,13.574340685491233,13.231273446257015,13.259089469909668,365900,0.0,0.0
2021-03-09 00:00:00-05:00,13.39816729438218,13.843227988533448,13.370351277327488,13.796867370605469,241600,0.0,0.0
2021-03-10 00:00:00-05:00,13.908134100783398,14.02867136910083,13.676331865770342,13.722692489624023,460700,0.0,0.0
2021-03-11 00:00:00-05:00,13.853384651813752,13.984076388732687,13.778703404925594,13.900060653686523,291900,0.1,0.0
2021-03-12 00:00:00-05:00,13.862720856882502,13.890726103567854,13.704022975214269,13.75069808959961,323800,0.0,0.0
2021-03-15 00:00:00-04:00,13.797373030530155,13.984076144489633,13.769367786003901,13.956070899963379,126900,0.0,0.0
2021-03-16 00:00:00-04:00,14.049422441635464,14.068092307284205,13.94673506462013,13.99341106414795,191700,0.0,0.0
2021-03-17 00:00:00-04:00,13.946734888381403,14.086762885195393,13.862719158617766,14.049422264099121,200900,0.0,0.0
2021-03-18 00:00:00-04:00,13.993411914718862,14.002747293245994,13.760032793164763,13.769368171691895,253400,0.0,0.0
2021-03-19 00:00:00-04:00,13.788038783354285,13.946735765288608,13.666681534593355,13.900060653686523,220100,0.0,0.0
2021-03-22 00:00:00-04:00,13.956071671170521,14.096099682081027,13.900061179022895,14.012083053588867,258700,0.0,0.0
2021-03-23 00:00:00-04:00,14.002747005010828,14.086763629484201,13.881389757468252,13.890725135803223,159100,0.0,0.0
2021-03-24 00:00:00-04:00,13.900059334849406,13.909393822121753,13.732026100158691,13.732026100158691,327500,0.0,0.0
2021-03-25 00:00:00-04:00,13.722691139208672,13.722691139208672,13.48931203517359,13.620004653930664,300900,0.0,0.0
2021-03-26 00:00:00-04:00,13.620004693686557,13.7226911792643,13.591999450396377,13.694685935974121,252900,0.0,0.0
2021-03-29 00:00:00-04:00,13.676014725171585,13.788037475145797,13.648009482813334,13.732026100158691,229500,0.0,0.0
2021-03-30 00:00:00-04:00,13.676017712261965,13.76003434795808,13.638677084204891,13.741364479064941,119400,0.0,0.0
2021-03-31 00:00:00-04:00,13.760031918315898,13.937400537971687,13.685350675388399,13.918729782104492,177300,0.0,0.0
2021-04-01 00:00:00-04:00,13.918731672124654,14.12410556319825,13.872055666389187,14.058759689331055,167400,0.0,0.0
2021-04-05 00:00:00-04:00,14.189450863877475,14.198786242701614,14.049423742598282,14.161445617675781,373700,0.0,0.0
2021-04-06 00:00:00-04:00,14.198786776957403,14.488177299499512,14.15211077135116,14.488177299499512,213200,0.0,0.0
2021-04-07 00:00:00-04:00,14.581527987930542,14.609533234355306,14.525517495081013,14.600198745727539,339700,0.0,0.0
2021-04-08 00:00:00-04:00,14.674880058849984,14.768231177420201,14.656209300973499,14.749561309814453,214500,0.0,0.0
2021-04-09 00:00:00-04:00,14.805573023982333,14.917594909667969,14.777567775128626,14.917594909667969,197000,0.0,0.0
2021-04-12 00:00:00-04:00,14.982937655019816,15.029614543803243,14.81490530675259,14.824240684509277,222400,0.0,0.0
2021-04-13 00:00:00-04:00,14.908791755806222,14.974551735682082,14.833637237115944,14.927580833435059,264200,0.1,0.0
2021-04-14 00:00:00-04:00,14.974550990113139,15.012128247587341,14.82424196021633,14.852425575256348,191100,0.0,0.0
2021-04-15 00:00:00-04:00,14.965157347678954,14.965157347678954,14.833636498563003,14.852425575256348,208600,0.0,0.0
2021-04-16 00:00:00-04:00,14.955761899525493,14.955761899525493,14.833635596185548,14.861818313598633,168100,0.0,0.0
2021-04-19 00:00:00-04:00,14.871215128308474,14.918186928463767,14.730300623755168,14.899397850036621,276500,0.0,0.0
2021-04-20 00:00:00-04:00,14.805452021422473,14.936971959009139,14.673931187923428,14.777268409729004,217600,0.0,0.0
2021-04-21 00:00:00-04:00,14.730299682465231,15.00273503086178,14.655145165384287,14.993340492248535,226200,0.0,0.0
2021-04-22 00:00:00-04:00,14.97454902554977,15.124858931639386,14.918183594689488,14.946366310119629,233400,0.0,0.0
2021-04-23 00:00:00-04:00,15.002733712345494,15.124860015847078,14.993339174557887,15.049705505371094,156600,0.0,0.0
2021-04-26 00:00:00-04:00,15.115465056018952,15.162435951820637,15.08728144344305,15.106070518493652,186500,0.0,0.0
2021-04-27 00:00:00-04:00,15.124863104185886,15.15304493147827,15.021524959246513,15.068497657775879,160100,0.0,0.0
2021-04-28 00:00:00-04:00,15.115466431977445,15.200015485576822,14.946368324778696,14.95576286315918,444800,0.0,0.0
2021-04-29 00:00:00-04:00,15.106070474908368,15.106070474908368,14.62695981344931,14.720903396606445,429900,0.0,0.0
2021-04-30 00:00:00-04:00,14.645749944217828,14.805453509550109,14.645749944217828,14.73029899597168,126200,0.0,0.0
2021-05-03 00:00:00-04:00,14.871213067069036,14.880607604980469,14.749086761957745,14.880607604980469,204200,0.0,0.0
2021-05-04 00:00:00-04:00,14.871211990215807,14.871211990215807,14.598776681898938,14.777268409729004,203900,0.0,0.0
2021-05-05 00:00:00-04:00,14.814845929959924,14.833634107712546,14.673930565209709,14.805451393127441,128200,0.0,0.0
2021-05-06 00:00:00-04:00,14.843030766339323,14.843030766339323,14.673932662831621,14.73029899597168,150000,0.0,0.0
2021-05-07 00:00:00-04:00,14.8336369194734,15.00273503086178,14.814848738159421,14.993340492248535,177800,0.0,0.0
2021-05-10 00:00:00-04:00,15.002734331671602,15.021522512109975,14.73029899597168,14.73029899597168,228800,0.0,0.0
2021-05-11 00:00:00-04:00,14.62696001684439,14.711509063679026,14.467256460803947,14.64574909210205,242500,0.0,0.0
2021-05-12 00:00:00-04:00,14.636353974323292,14.636353974323292,14.28876415904596,14.307552337646484,209300,0.0,0.0
2021-05-13 00:00:00-04:00,14.354835735577945,14.449399327857021,14.061686525294947,14.080599784851074,231300,0.1,0.0
2021-05-14 00:00:00-04:00,14.250816277911516,14.392663035665823,14.231903917977984,14.345380783081055,122500,0.0,0.0
2021-05-17 00:00:00-04:00,14.317010871024134,14.383205479283092,14.203534013222825,14.298097610473633,123500,0.0,0.0
2021-05-18 00:00:00-04:00,14.288639882421963,14.591245715143904,14.288639882421963,14.515594482421875,182400,0.0,0.0
2021-05-19 00:00:00-04:00,14.411574512024792,14.411574512024792,14.156251806655224,14.27918529510498,304100,0.0,0.0
2021-05-20 00:00:00-04:00,14.39266102075432,14.487224610851397,14.345378774788864,14.4493989944458,181600,0.0,0.0
2021-05-21 00:00:00-04:00,14.562876710152898,14.610158958931644,14.439944125895597,14.58178997039795,180500,0.0,0.0
2021-05-24 00:00:00-04:00,14.581789776989382,14.884394722225476,14.54396415883487,14.827656745910645,176600,0.0,0.0
2021-05-25 00:00:00-04:00,14.884393702361296,14.941132576622307,14.799285841886682,14.90330696105957,124800,0.0,0.0
2021-05-26 00:00:00-04:00,14.884395667732969,14.988416800641058,14.799287796020508,14.799287796020508,193400,0.0,0.0
2021-05-27 00:00:00-04:00,14.808744334755808,14.997872436369217,14.78983197551143,14.950591087341309,131600,0.0,0.0
2021-05-28 00:00:00-04:00,14.922219261046457,15.073521722720704,14.922219261046457,14.988414764404297,147800,0.0,0.0
2021-06-01 00:00:00-04:00,15.05461207708052,15.130263321541511,15.035698815048288,15.111350059509277,155900,0.0,0.0
2021-06-02 00:00:00-04:00,15.111348189975153,15.111348189975153,14.978958979464233,15.082979202270508,162400,0.0,0.0
2021-06-03 00:00:00-04:00,14.950589143787207,15.01678374528822,14.874937011142581,14.978958129882812,158000,0.0,0.0
2021-06-04 00:00:00-04:00,14.988416588360158,15.111349177054919,14.978959957896278,15.035697937011719,165300,0.0,0.0
2021-06-07 00:00:00-04:00,15.035696987991889,15.082979235493019,14.893851147322364,15.045153617858887,155600,0.0,0.0
2021-06-08 00:00:00-04:00,15.045154607243163,15.101893488342496,14.91276538773459,15.007328987121582,177600,0.0,0.0
2021-06-09 00:00:00-04:00,15.007329062908394,15.082980303533592,14.941134452819824,14.941134452819824,132900,0.0,0.0
2021-06-10 00:00:00-04:00,15.045153617858887,15.082979235493019,14.95059002469049,15.045153617858887,163300,0.0,0.0
2021-06-11 00:00:00-04:00,15.130800193710792,15.216446379804017,14.978540710673105,15.19741439819336,97100,0.1,0.0
2021-06-14 00:00:00-04:00,15.244994385044913,15.359188079833984,15.178380186367253,15.359188079833984,115400,0.0,0.0
2021-06-15 00:00:00-04:00,15.349673372527834,15.368706262171134,15.216446775177245,15.283060073852539,114200,0.0,0.0
2021-06-16 00:00:00-04:00,15.340158641496629,15.359189715938017,15.083220078237323,15.3496732711792,171600,0.0,0.0
2021-06-17 00:00:00-04:00,15.34015655517578,15.416286287816126,15.264026822535435,15.340156555175781,122400,0.0,0.0
2021-06-18 00:00:00-04:00,15.330640930429022,15.387737779189482,15.254511193723042,15.302091598510742,217700,0.0,0.0
2021-06-21 00:00:00-04:00,15.32112561255806,15.40677179953179,15.264028759600984,15.378222465515137,147200,0.0,0.0
2021-06-22 00:00:00-04:00,15.397253854814377,15.397253854814377,15.321124119929644,15.359188079833984,102800,0.0,0.0
2021-06-23 00:00:00-04:00,15.349673402158471,15.416288516038616,15.349673402158471,15.387739181518555,83200,0.0,0.0
2021-06-24 00:00:00-04:00,15.387739889155275,15.549515828722699,15.387739889155275,15.482902526855469,160400,0.0,0.0
2021-06-25 00:00:00-04:00,15.520964719426734,15.559030496187862,15.454351425170898,15.454351425170898,111300,0.0,0.0
2021-06-28 00:00:00-04:00,15.530482563130864,15.549515453226556,15.482902152967931,15.539999008178711,108400,0.0,0.0
2021-06-29 00:00:00-04:00,15.520964622497559,15.587577916337391,15.463867772788578,15.520964622497559,122400,0.0,0.0
2021-06-30 00:00:00-04:00,15.520963941113589,15.578062603392015,15.473383537624281,15.53048038482666,106200,0.0,0.0
2021-07-01 00:00:00-04:00,15.549513679282901,15.654192747790756,15.549513679282901,15.578063011169434,167400,0.0,0.0
2021-07-02 00:00:00-04:00,15.606608530171568,15.673221814303519,15.597092087427594,15.644674301147461,123100,0.0,0.0
2021-07-06 00:00:00-04:00,15.682740441632202,15.682740441632202,15.568546742949215,15.654192924499512,135400,0.0,0.0
2021-07-07 00:00:00-04:00,15.654192517266926,15.692256477479011,15.587577410512662,15.606610298156738,102900,0.0,0.0
2021-07-08 00:00:00-04:00,15.511450047612085,15.530482938167392,15.359190553322314,15.482902526855469,140600,0.0,0.0
2021-07-09 00:00:00-04:00,15.520963941113589,15.625643006881322,15.511447497400518,15.53048038482666,101700,0.0,0.0
2021-07-12 00:00:00-04:00,15.626231663527278,15.693255650546492,15.587933025059161,15.683680534362793,111200,0.1,0.0
2021-07-13 00:00:00-04:00,15.63580558556599,15.702829567466415,15.501757621765137,15.501757621765137,126400,0.0,0.0
2021-07-14 00:00:00-04:00,15.56878252286019,15.59750787091343,15.32941010121646,15.348560333251953,151400,0.0,0.0
2021-07-15 00:00:00-04:00,15.38685718730104,15.38685718730104,15.128335476724837,15.185784339904785,159200,0.0,0.0
2021-07-16 00:00:00-04:00,15.166635651230095,15.195360084009469,14.88896369934082,14.88896369934082,190700,0.0,0.0
2021-07-19 00:00:00-04:00,14.77406585816337,14.77406585816337,14.458094341015263,14.50596809387207,269600,0.0,0.0
2021-07-20 00:00:00-04:00,14.601716817854763,14.831514109278853,14.525117720713398,14.764490127563477,198600,0.0,0.0
2021-07-21 00:00:00-04:00,14.86981276920609,15.023010954333452,14.860238567485538,14.955986976623535,139800,0.0,0.0
2021-07-22 00:00:00-04:00,15.032587511432421,15.032587511432421,14.898539543151855,14.898539543151855,102100,0.0,0.0
2021-07-23 00:00:00-04:00,15.003864062065897,15.10918760307571,14.927264957125423,15.013439178466797,194800,0.0,0.0
2021-07-26 00:00:00-04:00,15.0517385470447,15.22408607448846,15.013438995042382,15.21451187133789,116800,0.0,0.0
2021-07-27 00:00:00-04:00,15.233660202770508,15.233660202770508,14.860239823249978,15.09961223602295,143700,0.0,0.0
2021-07-28 00:00:00-04:00,15.157060423566852,15.300683499532292,15.109185760533956,15.243234634399414,100300,0.0,0.0
2021-07-29 00:00:00-04:00,15.243235833392724,15.425159384600711,15.243235833392724,15.310259819030762,113900,0.0,0.0
2021-07-30 00:00:00-04:00,15.224085581962866,15.31983491543768,15.204936263147895,15.233660697937012,103900,0.0,0.0
2021-08-02 00:00:00-04:00,15.329410268067596,15.444308008997856,15.204936497882038,15.262385368347168,184400,0.0,0.0
2021-08-03 00:00:00-04:00,15.233660482560062,15.291110264459375,15.18578581649952,15.281535148620605,101600,0.0,0.0
2021-08-04 00:00:00-04:00,15.31025724692465,15.453880310058594,15.271957702546722,15.453880310058594,91900,0.0,0.0
2021-08-05 00:00:00-04:00,15.463457206856425,15.674106094915567,15.415583455715645,15.654955863952637,121700,0.0,0.0
2021-08-06 00:00:00-04:00,15.68367915851028,15.693254273854,15.626230292714473,15.664530754089355,59700,0.0,0.0
2021-08-09 00:00:00-04:00,15.654957012078373,15.70283076673019,15.626231663527278,15.683680534362793,99400,0.0,0.0
2021-08-10 00:00:00-04:00,15.741130077019278,15.76985359719713,15.616655402026778,15.654955863952637,148700,0.0,0.0
2021-08-11 00:00:00-04:00,15.70283076673019,15.750706347648682,15.645381895894676,15.683680534362793,93800,0.0,0.0
2021-08-12 00:00:00-04:00,15.731847821085157,15.731847821085157,15.606610403840588,15.625876426696777,91400,0.1,0.0
2021-08-13 00:00:00-04:00,15.664414739924108,15.664414739924108,15.577711191526305,15.587345123291016,86700,0.0,0.0
2021-08-16 00:00:00-04:00,15.568076971795238,15.568076971795238,15.36576900218993,15.433205604553223,123200,0.0,0.0
2021-08-17 00:00:00-04:00,15.423571014155618,15.433204945330619,15.307966596282332,15.356134414672852,154400,0.0,0.0
2021-08-18 00:00:00-04:00,15.298331575570838,15.442837776677498,15.259796772357499,15.33686637878418,102400,0.0,0.0
2021-08-19 00:00:00-04:00,15.307965918448224,15.375401596202705,15.23089630994533,15.269431114196777,107400,0.0,0.0
2021-08-20 00:00:00-04:00,15.336867625810019,15.491006851196289,15.23089713804252,15.491006851196289,111100,0.0,0.0
2021-08-23 00:00:00-04:00,15.45247119608529,15.654778217207507,15.442837265915045,15.625876426696777,115200,0.0,0.0
2021-08-24 00:00:00-04:00,15.664412865272734,15.731848542070695,15.625877142825681,15.712580680847168,107800,0.0,0.0
2021-08-25 00:00:00-04:00,15.751116752624512,15.789650638441794,15.664413212680103,15.751116752624512,78000,0.0,0.0
2021-08-26 00:00:00-04:00,15.780016491864576,15.780016491864576,15.577709459749936,15.606611251831055,100900,0.0,0.0
2021-08-27 00:00:00-04:00,15.596978463876068,15.712581965701633,15.56807666967741,15.635512351989746,138300,0.0,0.0
2021-08-30 00:00:00-04:00,15.635512858130575,15.683682516687648,15.57771110534668,15.57771110534668,107600,0.0,0.0
2021-08-31 00:00:00-04:00,15.625878926419162,15.625878926419162,15.548809310212436,15.57771110534668,94400,0.0,0.0
2021-09-01 00:00:00-04:00,15.57770982433509,15.70294725131557,15.57770982433509,15.654779434204102,93100,0.0,0.0
2021-09-02 00:00:00-04:00,15.712580488359661,15.74148227984089,15.635510881894081,15.683680534362793,77400,0.0,0.0
2021-09-03 00:00:00-04:00,15.635510881894081,15.751116210334631,15.616243020906596,15.683680534362793,98200,0.0,0.0
2021-09-07 00:00:00-04:00,15.683682802135323,15.770386351631494,15.606613184525909,15.731850624084473,113300,0.0,0.0
2021-09-08 00:00:00-04:00,15.751116340682016,15.85708590202141,15.712580618388147,15.818552017211914,143300,0.0,0.0
2021-09-09 00:00:00-04:00,15.837821196617764,15.905256878760662,15.789651539741032,15.866721153259277,112500,0.0,0.0
2021-09-10 00:00:00-04:00,15.943788743932574,15.943788743932574,15.81855132691144,15.847453117370605,113300,0.0,0.0
2021-09-13 00:00:00-04:00,15.915301829420306,15.915301829420306,15.760219865206354,15.866839408874512,109300,0.1,0.0
2021-09-14 00:00:00-04:00,15.876531830035482,15.905610394190184,15.702065991276283,15.721449851989746,122200,0.0,0.0
2021-09-15 00:00:00-04:00,15.692372030365528,15.750527305852424,15.653600614225681,15.682679176330566,84400,0.0,0.0
2021-09-16 00:00:00-04:00,15.69237050432356,15.895914873094975,15.6826776512312,15.857145309448242,82200,0.0,0.0
2021-09-17 00:00:00-04:00,15.886225259262359,15.886225259262359,15.740836130677012,15.837762832641602,73600,0.0,0.0
2021-09-20 00:00:00-04:00,15.663294711344193,15.760221410663316,15.595446576437714,15.692373275756836,154400,0.0,0.0
2021-09-21 00:00:00-04:00,15.750526059516309,15.847452743473264,15.672985082095293,15.769911766052246,108000,0.0,0.0
2021-09-22 00:00:00-04:00,15.760221632269127,15.857148332951144,15.760221632269127,15.798991203308105,118400,0.0,0.0
2021-09-23 00:00:00-04:00,15.828068733215332,15.91530257325308,15.808683024601848,15.828068733215332,109400,0.0,0.0
2021-09-24 00:00:00-04:00,15.82806917678325,15.91530301926565,15.82806917678325,15.876531600952148,114400,0.0,0.0
2021-09-27 00:00:00-04:00,15.866838526841722,15.866838526841722,15.71175472252599,15.740833282470703,123400,0.0,0.0
2021-09-28 00:00:00-04:00,15.740834111587132,15.740834111587132,15.22712487553641,15.314358711242676,216200,0.0,0.0
2021-09-29 00:00:00-04:00,15.32405252581074,15.50821213823321,15.178662482397918,15.217432975769043,116100,0.0,0.0
2021-09-30 00:00:00-04:00,15.217430986292865,15.265894327761202,15.120505227717542,15.149582862854004,111800,0.0,0.0
2021-10-01 00:00:00-04:00,15.19804639179869,15.217431174008334,15.052656365600209,15.188353538513184,97700,0.0,0.0
2021-10-04 00:00:00-04:00,15.207740164087639,15.294974005508266,14.868498577227001,15.023580551147461,196700,0.0,0.0
2021-10-05 00:00:00-04:00,15.091428352131775,15.391900363273264,15.033273075369847,15.20773983001709,135200,0.0,0.0
2021-10-06 00:00:00-04:00,15.207740351342482,15.614831924438477,15.188355566544477,15.614831924438477,206200,0.0,0.0
2021-10-07 00:00:00-04:00,15.731141304983081,15.77960557425584,15.624523610028698,15.672986030578613,131100,0.0,0.0
2021-10-08 00:00:00-04:00,15.751008518622319,15.780268028348605,15.643727370079837,15.66323184967041,78300,0.1,0.0
2021-10-11 00:00:00-04:00,15.62422229372581,15.78026930443095,15.468174352907118,15.536445617675781,80200,0.0,0.0
2021-10-12 00:00:00-04:00,15.604715543326597,15.604715543326597,15.43891536626967,15.45842170715332,103600,0.0,0.0
2021-10-13 00:00:00-04:00,15.516939859594123,15.594963367879755,15.448669522372592,15.468174934387207,104400,0.0,0.0
2021-10-14 00:00:00-04:00,15.52669184496267,15.682738849617408,15.50718550432407,15.604715347290039,66000,0.0,0.0
2021-10-15 00:00:00-04:00,15.692491588554768,15.741255578583731,15.63397442847462,15.702244758605957,64500,0.0,0.0
2021-10-18 00:00:00-04:00,15.702246171902479,15.829033673525604,15.643729006555432,15.790022850036621,98800,0.0,0.0
2021-10-19 00:00:00-04:00,15.829032816194516,15.994832992553711,15.829032816194516,15.994832992553711,77600,0.0,0.0
2021-10-20 00:00:00-04:00,16.02409100850099,16.111867673690277,15.89730166534896,16.07285499572754,173700,0.0,0.0
2021-10-21 00:00:00-04:00,16.024093135172958,16.131376153581915,16.004586793602765,16.11186981201172,85100,0.0,0.0
2021-10-22 00:00:00-04:00,16.07285398369591,16.092360321449057,16.014336830663222,16.063100814819336,61800,0.0,0.0
2021-10-25 00:00:00-04:00,16.06310552769516,16.102118214647682,15.955824359030329,16.05335235595703,71300,0.0,0.0
2021-10-26 00:00:00-04:00,16.102113723754883,16.18989038468977,16.072854216700993,16.102113723754883,103100,0.0,0.0
2021-10-27 00:00:00-04:00,16.10211450419959,16.131374012671646,16.05334865674617,16.07285499572754,81600,0.0,0.0
2021-10-28 00:00:00-04:00,16.092363470441523,16.18989331806538,16.043599476743154,16.11186981201172,126100,0.0,0.0
2021-10-29 00:00:00-04:00,16.121622492413387,16.2386568178204,16.033845818244597,16.19964599609375,122400,0.0,0.0
2021-11-01 00:00:00-04:00,16.18989140090878,16.316678885647033,16.18989140090878,16.29717254638672,68100,0.0,0.0
2021-11-02 00:00:00-04:00,16.33618664565253,16.531246334766067,16.267916312530907,16.384950637817383,159200,0.0,0.0
2021-11-03 00:00:00-04:00,16.394704818725586,16.423964331964044,16.345940823555335,16.394704818725586,80100,0.0,0.0
2021-11-04 00:00:00-04:00,16.443469398800648,16.52149290115801,16.404456717508452,16.51173973083496,86000,0.0,0.0
2021-11-05 00:00:00-04:00,16.560503836246298,16.60926968819731,16.472727162961522,16.531246185302734,116300,0.0,0.0
2021-11-08 00:00:00-05:00,16.482479325219888,16.66778583084558,16.482479325219888,16.52149200439453,113000,0.0,0.0
2021-11-09 00:00:00-05:00,16.58976303973349,16.65803337097168,16.501986368076672,16.65803337097168,103500,0.0,0.0
2021-11-10 00:00:00-05:00,16.608981359643458,16.648221924869045,16.40296231086647,16.4814453125,91200,0.1,0.0
2021-11-11 00:00:00-05:00,16.530498614340527,16.65803279227924,16.501066786578182,16.57954978942871,72700,0.0,0.0
2021-11-12 00:00:00-05:00,16.65803214450834,16.65803214450834,16.54030858040159,16.618791580200195,60200,0.0,0.0
2021-11-15 00:00:00-05:00,16.697274220204594,16.716895437527025,16.559927570129855,16.638410568237305,101100,0.0,0.0
2021-11-16 00:00:00-05:00,16.599170684814453,16.63841124988466,16.52068768349169,16.599170684814453,102400,0.0,0.0
2021-11-17 00:00:00-05:00,16.60898194127068,16.628603160161763,16.510877717997683,16.55992889404297,78500,0.0,0.0
2021-11-18 00:00:00-05:00,16.55992766696353,16.628601927993607,16.44220410470511,16.520687103271484,87100,0.0,0.0
2021-11-19 00:00:00-05:00,16.5403096529827,16.56973961032666,16.43239481956835,16.44220542907715,114500,0.0,0.0
2021-11-22 00:00:00-05:00,16.422584498803914,16.520688724434347,16.245997266905622,16.255807876586914,120300,0.0,0.0
2021-11-23 00:00:00-05:00,16.206756808670825,16.275429205720556,16.039980185328986,16.138084411621094,188400,0.0,0.0
2021-11-24 00:00:00-05:00,16.118462615273835,16.187135009865898,15.951685997900647,16.059600830078125,189300,0.0,0.0
2021-11-26 00:00:00-05:00,15.883014103873977,15.883014103873977,15.72604809095024,15.80453109741211,94900,0.0,0.0
2021-11-29 00:00:00-05:00,15.922253562613298,15.932064171635583,15.686804559625461,15.755476951599121,98800,0.0,0.0
2021-11-30 00:00:00-05:00,15.71623764681726,15.84377183196796,15.441546185715573,15.56908130645752,155000,0.0,0.0
2021-12-01 00:00:00-05:00,15.637753084530086,15.775098809640701,15.304200784560662,15.323821067810059,128300,0.0,0.0
2021-12-02 00:00:00-05:00,15.323821642231046,15.67699517427996,15.009889613743123,15.402304649353027,178200,0.0,0.0
2021-12-03 00:00:00-05:00,15.412115408047779,15.461167521870752,15.117803660701187,15.22571849822998,118500,0.0,0.0
2021-12-06 00:00:00-05:00,15.176665791511441,15.392493586954936,15.04913067479053,15.147233963012695,127200,0.0,0.0
2021-12-07 00:00:00-05:00,15.421925329980516,15.598511622038206,15.4023041110901,15.49059772491455,96000,0.0,0.0
2021-12-08 00:00:00-05:00,15.461167335510254,15.667185462610512,15.372873718811393,15.461167335510254,156600,0.0,0.0
2021-12-09 00:00:00-05:00,15.480787656475007,15.480787656475007,15.353252536003978,15.402304649353027,77700,0.0,0.0
2021-12-10 00:00:00-05:00,15.461167368624423,15.637753666809108,15.402304645502033,15.627943992614746,73900,0.0,0.0
2021-12-13 00:00:00-05:00,15.588453748287746,15.69704935085794,15.430496165821477,15.558836936950684,103800,0.1,0.0
2021-12-14 00:00:00-05:00,15.43049546836988,15.667431831359863,15.420622884536611,15.667431831359863,100900,0.0,0.0
2021-12-15 00:00:00-05:00,15.598325819889762,15.598325819889762,15.282409723839132,15.529218673706055,176000,0.0,0.0
2021-12-16 00:00:00-05:00,15.479857340846227,15.677304308662857,15.341643992623883,15.36138916015625,153800,0.0,0.0
2021-12-17 00:00:00-05:00,15.410750740234926,15.519347282495355,15.223176349560049,15.450240135192871,112700,0.0,0.0
2021-12-20 00:00:00-05:00,15.509474150643369,15.509474150643369,15.272537789263415,15.36138916015625,155300,0.0,0.0
2021-12-21 00:00:00-05:00,15.519347443076848,15.558836838443396,15.351517277393652,15.44036865234375,116900,0.0,0.0
2021-12-22 00:00:00-05:00,15.450239695774172,15.874751385624666,15.440368053441526,15.855006217956543,84500,0.0,0.0
2021-12-23 00:00:00-05:00,15.953729629516602,16.052453581489413,15.943857046019044,15.953729629516602,149200,0.0,0.0
2021-12-27 00:00:00-05:00,16.06232616498697,16.06232616498697,15.933984462521487,15.953729629516602,90600,0.0,0.0
2021-12-28 00:00:00-05:00,16.01296349610952,16.05245383071286,15.795772304799533,15.874751091003418,80900,0.0,0.0
2021-12-29 00:00:00-05:00,15.943857737688717,15.973475489466253,15.795772744806722,15.845133781433105,82500,0.0,0.0
2021-12-30 00:00:00-05:00,15.874937814580528,16.093492620452892,15.874937814580528,16.073623657226562,52600,0.1,0.0
2021-12-31 00:00:00-05:00,16.113359688870595,16.12329417048376,15.934544704259512,16.073623657226562,67500,0.0,0.0
2022-01-03 00:00:00-05:00,16.153096505669158,16.153096505669158,15.93454360961914,15.93454360961914,112700,0.0,0.0
2022-01-04 00:00:00-05:00,16.103424465961194,16.103424465961194,15.656384182799357,15.706055641174316,177100,0.0,0.0
2022-01-05 00:00:00-05:00,15.696120750283509,15.725923245568806,15.249079531387066,15.278882026672363,225100,0.0,0.0
2022-01-06 00:00:00-05:00,15.288816663520505,15.507369561047668,15.199408229348368,15.417962074279785,107300,0.0,0.0
2022-01-07 00:00:00-05:00,15.408027913585595,15.725923732891195,15.25901353773289,15.527238845825195,103300,0.0,0.0
2022-01-10 00:00:00-05:00,15.427895857607892,15.50736981206864,15.070263062534524,15.209342956542969,213800,0.0,0.0
2022-01-11 00:00:00-05:00,15.17953915176178,15.566975381089327,15.109999680114878,15.437829971313477,115500,0.0,0.0
2022-01-12 00:00:00-05:00,15.517304018529533,15.795462854217998,15.467632561019816,15.586843490600586,107000,0.0,0.0
2022-01-13 00:00:00-05:00,15.656384028278552,15.78552943981714,15.398093205201377,15.566975593566895,152100,0.0,0.0
2022-01-14 00:00:00-05:00,15.606712821851001,15.676252295567492,15.229211062210684,15.358356475830078,204800,0.0,0.0
2022-01-18 00:00:00-05:00,15.199408106106379,15.24907956328862,14.92124927225178,14.941117286682129,180200,0.0,0.0
2022-01-19 00:00:00-05:00,15.020591157898172,15.199408023824512,14.60335243567287,14.623221397399902,249100,0.0,0.0
2022-01-20 00:00:00-05:00,14.65302402058204,14.901380359913938,14.384798719349549,14.434470176696777,166400,0.0,0.0
2022-01-21 00:00:00-05:00,14.235785846008305,14.295391786614134,13.37150586535163,13.679468154907227,451100,0.0,0.0
2022-01-24 00:00:00-05:00,13.411242411736328,13.649664271679065,13.003938164149757,13.590059280395508,531200,0.0,0.0
2022-01-25 00:00:00-05:00,13.540388345457133,13.907955630576716,13.351636988495759,13.828481674194336,280200,0.0,0.0
2022-01-26 00:00:00-05:00,13.967561014423985,14.205982874060895,13.739072688385422,13.758941650390625,167100,0.0,0.0
2022-01-27 00:00:00-05:00,13.878152903169823,14.086772272057999,13.729138526875827,13.868218421936035,184600,0.0,0.0
2022-01-28 00:00:00-05:00,13.90795499663155,13.987428949391392,13.74900709111187,13.93775749206543,135700,0.0,0.0
2022-01-31 00:00:00-05:00,13.917890009495535,14.67289353697321,13.917890009495535,14.176180839538574,213600,0.0,0.0
2022-02-01 00:00:00-05:00,14.354995983528877,14.66295825600148,14.086771634192043,14.643089294433594,132800,0.0,0.0
2022-02-02 00:00:00-05:00,14.653024443659353,14.802037872599263,14.533813511026569,14.692761421203613,163900,0.0,0.0
2022-02-03 00:00:00-05:00,14.553681280736782,14.653024196624756,14.28545692368607,14.404667854309082,146900,0.0,0.0
2022-02-04 00:00:00-05:00,14.34506235046833,14.672893603882052,14.285457357050772,14.4940767288208,176800,0.0,0.0
2022-02-07 00:00:00-05:00,14.593418581366299,14.732498477214099,14.364931196120928,14.513944625854492,229100,0.0,0.0
2022-02-08 00:00:00-05:00,14.474207659117724,14.921249843467312,14.474207659117724,14.841774940490723,137400,0.0,0.0
2022-02-09 00:00:00-05:00,15.060328539358482,15.189473951847958,14.861643653760929,15.050394058227539,126500,0.0,0.0
2022-02-10 00:00:00-05:00,14.87157779933977,15.20934257093665,14.87157779933977,15.109999656677246,137400,0.0,0.0
2022-02-11 00:00:00-05:00,15.149999618530273,15.239999771118164,14.520000457763672,14.600000381469727,183300,0.1,0.0
2022-02-14 00:00:00-05:00,14.569999694824219,14.760000228881836,14.380000114440918,14.420000076293945,198600,0.0,0.0
2022-02-15 00:00:00-05:00,14.5,14.619999885559082,14.4399995803833,14.479999542236328,114900,0.0,0.0
2022-02-16 00:00:00-05:00,14.539999961853027,14.670000076293945,14.270000457763672,14.569999694824219,94500,0.0,0.0
2022-02-17 00:00:00-05:00,14.489999771118164,14.569999694824219,14.0600004196167,14.15999984741211,170700,0.0,0.0
2022-02-18 00:00:00-05:00,14.210000038146973,14.619999885559082,14.079999923706055,14.1899995803833,176800,0.0,0.0
2022-02-22 00:00:00-05:00,14.029999732971191,14.15999984741211,13.399999618530273,13.40999984741211,364600,0.0,0.0
2022-02-23 00:00:00-05:00,13.470000267028809,13.640000343322754,13.079999923706055,13.130000114440918,360000,0.0,0.0
2022-02-24 00:00:00-05:00,12.710000038146973,13.640000343322754,12.5,13.579999923706055,343700,0.0,0.0
2022-02-25 00:00:00-05:00,13.59000015258789,13.880000114440918,13.539999961853027,13.819999694824219,110300,0.0,0.0
2022-02-28 00:00:00-05:00,13.630000114440918,14.050000190734863,13.630000114440918,14.010000228881836,171000,0.0,0.0
2022-03-01 00:00:00-05:00,13.979999542236328,14.199999809265137,13.869999885559082,14.0600004196167,98900,0.0,0.0
2022-03-02 00:00:00-05:00,14.100000381469727,14.380000114440918,14.050000190734863,14.369999885559082,133400,0.0,0.0
2022-03-03 00:00:00-05:00,14.380000114440918,14.510000228881836,14.109999656677246,14.199999809265137,145900,0.0,0.0
2022-03-04 00:00:00-05:00,14.029999732971191,14.130000114440918,13.75,13.869999885559082,156200,0.0,0.0
2022-03-07 00:00:00-05:00,13.770000457763672,13.8100004196167,13.539999961853027,13.5600004196167,131900,0.0,0.0
2022-03-08 00:00:00-05:00,13.5600004196167,13.729999542236328,13.289999961853027,13.5600004196167,147800,0.0,0.0
2022-03-09 00:00:00-05:00,13.699999809265137,13.729999542236328,13.390000343322754,13.40999984741211,387200,0.0,0.0
2022-03-10 00:00:00-05:00,13.380000114440918,13.529999732971191,13.300000190734863,13.5,127800,0.0,0.0
2022-03-11 00:00:00-05:00,13.579999923706055,13.579999923706055,13.010000228881836,13.0600004196167,129800,0.0,0.0
2022-03-14 00:00:00-04:00,13.079999923706055,13.140000343322754,12.510000228881836,12.619999885559082,208100,0.0,0.0
2022-03-15 00:00:00-04:00,12.640000343322754,12.760000228881836,12.550000190734863,12.649999618530273,154300,0.0,0.0
2022-03-16 00:00:00-04:00,12.890000343322754,13.350000381469727,12.8100004196167,13.220000267028809,154800,0.0,0.0
2022-03-17 00:00:00-04:00,13.369999885559082,13.600000381469727,13.229999542236328,13.600000381469727,160900,0.0,0.0
2022-03-18 00:00:00-04:00,13.579999923706055,14.140000343322754,13.579999923706055,14.140000343322754,295900,0.0,0.0
2022-03-21 00:00:00-04:00,14.199999809265137,14.300000190734863,13.920000076293945,14.029999732971191,132800,0.0,0.0
2022-03-22 00:00:00-04:00,14.100000381469727,14.300000190734863,14.010000228881836,14.1899995803833,155100,0.0,0.0
2022-03-23 00:00:00-04:00,14.170000076293945,14.289999961853027,14.069999694824219,14.130000114440918,156500,0.0,0.0
2022-03-24 00:00:00-04:00,14.149999618530273,14.199999809265137,14.020000457763672,14.130000114440918,100600,0.0,0.0
2022-03-25 00:00:00-04:00,14.170000076293945,14.369999885559082,14.130000114440918,14.149999618530273,102600,0.0,0.0
2022-03-28 00:00:00-04:00,14.010000228881836,14.140000343322754,13.920000076293945,14.0600004196167,99400,0.0,0.0
2022-03-29 00:00:00-04:00,14.039999961853027,14.25,14.029999732971191,14.149999618530273,162200,0.0,0.0
2022-03-30 00:00:00-04:00,14.180000305175781,14.180000305175781,13.920000076293945,14.029999732971191,126200,0.0,0.0
2022-03-31 00:00:00-04:00,14.010000228881836,14.109999656677246,13.920000076293945,14.100000381469727,108300,0.0,0.0
2022-04-01 00:00:00-04:00,14.109999656677246,14.25,14.010000228881836,14.210000038146973,75400,0.0,0.0
2022-04-04 00:00:00-04:00,14.380000114440918,14.489999771118164,14.180000305175781,14.300000190734863,118700,0.0,0.0
2022-04-05 00:00:00-04:00,14.279999732971191,14.289999961853027,14.0,14.029999732971191,130900,0.0,0.0
2022-04-06 00:00:00-04:00,13.970000267028809,14.029999732971191,13.5,13.59000015258789,306800,0.0,0.0
2022-04-07 00:00:00-04:00,13.569999694824219,13.59000015258789,13.34000015258789,13.529999732971191,200700,0.0,0.0
2022-04-08 00:00:00-04:00,13.5,13.5,13.300000190734863,13.4399995803833,81400,0.0,0.0
2022-04-11 00:00:00-04:00,13.3100004196167,13.5600004196167,13.3100004196167,13.390000343322754,201700,0.0,0.0
2022-04-12 00:00:00-04:00,13.489999771118164,13.6899995803833,13.489999771118164,13.579999923706055,171700,0.0,0.0
2022-04-13 00:00:00-04:00,13.630000114440918,13.739999771118164,13.510000228881836,13.579999923706055,147800,0.0,0.0
2022-04-14 00:00:00-04:00,13.640000343322754,13.8100004196167,13.579999923706055,13.65999984741211,158300,0.0,0.0
2022-04-18 00:00:00-04:00,13.6899995803833,13.819999694824219,13.640000343322754,13.729999542236328,212100,0.0,0.0
2022-04-19 00:00:00-04:00,13.880000114440918,14.0,13.710000038146973,13.930000305175781,201500,0.0,0.0
2022-04-20 00:00:00-04:00,14.0600004196167,14.0600004196167,13.84000015258789,13.960000038146973,195000,0.0,0.0
2022-04-21 00:00:00-04:00,14.0,14.109999656677246,13.75,13.84000015258789,238200,0.0,0.0
2022-04-22 00:00:00-04:00,13.770000457763672,13.829999923706055,13.460000038146973,13.510000228881836,168600,0.0,0.0
2022-04-25 00:00:00-04:00,13.40999984741211,13.600000381469727,13.390000343322754,13.5,187000,0.0,0.0
2022-04-26 00:00:00-04:00,13.479999542236328,13.649999618530273,13.260000228881836,13.329999923706055,226600,0.0,0.0
2022-04-27 00:00:00-04:00,13.390000343322754,13.449999809265137,13.119999885559082,13.180000305175781,204700,0.0,0.0
2022-04-28 00:00:00-04:00,13.350000381469727,13.390000343322754,13.149999618530273,13.260000228881836,271400,0.0,0.0
2022-04-29 00:00:00-04:00,13.149999618530273,13.300000190734863,13.100000381469727,13.140000343322754,149100,0.0,0.0
2022-05-02 00:00:00-04:00,13.1899995803833,13.260000228881836,12.859999656677246,13.039999961853027,230600,0.0,0.0
2022-05-03 00:00:00-04:00,13.109999656677246,13.220000267028809,13.039999961853027,13.119999885559082,173600,0.0,0.0
2022-05-04 00:00:00-04:00,13.25,13.279999732971191,12.930000305175781,13.180000305175781,173600,0.0,0.0
2022-05-05 00:00:00-04:00,13.09000015258789,13.140000343322754,12.829999923706055,12.930000305175781,198100,0.0,0.0
2022-05-06 00:00:00-04:00,12.859999656677246,12.9399995803833,12.640000343322754,12.819999694824219,214300,0.0,0.0
2022-05-09 00:00:00-04:00,12.6899995803833,12.84000015258789,12.069999694824219,12.109999656677246,288100,0.0,0.0
2022-05-10 00:00:00-04:00,12.170000076293945,12.420000076293945,11.84000015258789,11.869999885559082,377300,0.0,0.0
2022-05-11 00:00:00-04:00,11.829999923706055,11.920000076293945,11.710000038146973,11.789999961853027,280200,0.0,0.0
2022-05-12 00:00:00-04:00,11.529999732971191,11.619999885559082,11.149999618530273,11.25,436500,0.0,0.0
2022-05-13 00:00:00-04:00,11.520000457763672,11.630000114440918,11.25,11.5,156500,0.0,0.0
2022-05-16 00:00:00-04:00,11.5,11.640000343322754,11.359999656677246,11.390000343322754,189400,0.0,0.0
2022-05-17 00:00:00-04:00,11.569999694824219,11.739999771118164,11.350000381469727,11.729999542236328,192100,0.0,0.0
2022-05-18 00:00:00-04:00,11.65999984741211,11.850000381469727,11.460000038146973,11.5600004196167,178900,0.0,0.0
2022-05-19 00:00:00-04:00,11.369999885559082,11.619999885559082,11.369999885559082,11.460000038146973,177300,0.0,0.0
2022-05-20 00:00:00-04:00,11.609999656677246,11.729999542236328,11.399999618530273,11.59000015258789,216300,0.0,0.0
2022-05-23 00:00:00-04:00,11.529999732971191,11.739999771118164,11.529999732971191,11.630000114440918,158200,0.0,0.0
2022-05-24 00:00:00-04:00,11.609999656677246,11.710000038146973,11.470000267028809,11.649999618530273,129000,0.0,0.0
2022-05-25 00:00:00-04:00,11.579999923706055,11.670000076293945,11.520000457763672,11.630000114440918,176000,0.0,0.0
2022-05-26 00:00:00-04:00,11.800000190734863,11.890000343322754,11.600000381469727,11.829999923706055,125500,0.0,0.0
2022-05-27 00:00:00-04:00,11.850000381469727,12.3100004196167,11.850000381469727,12.25,200700,0.0,0.0
2022-05-31 00:00:00-04:00,12.300000190734863,12.449999809265137,12.130000114440918,12.420000076293945,177900,0.0,0.0
2022-06-01 00:00:00-04:00,12.420000076293945,12.529999732971191,12.149999618530273,12.3100004196167,173000,0.0,0.0
2022-06-02 00:00:00-04:00,12.3100004196167,12.4399995803833,12.220000267028809,12.420000076293945,141500,0.0,0.0
2022-06-03 00:00:00-04:00,12.289999961853027,12.489999771118164,12.210000038146973,12.420000076293945,189600,0.0,0.0
2022-06-06 00:00:00-04:00,12.5,12.630000114440918,12.430000305175781,12.5,242200,0.0,0.0
2022-06-07 00:00:00-04:00,12.5,12.630000114440918,12.5,12.569999694824219,176200,0.0,0.0
2022-06-08 00:00:00-04:00,12.65999984741211,12.789999961853027,12.539999961853027,12.619999885559082,207600,0.0,0.0
2022-06-09 00:00:00-04:00,12.619999885559082,12.960000038146973,12.619999885559082,12.619999885559082,247700,0.0,0.0
2022-06-10 00:00:00-04:00,12.399999618530273,12.539999961853027,12.350000381469727,12.350000381469727,216600,0.0,0.0
2022-06-13 00:00:00-04:00,12.149999618530273,12.1899995803833,11.479999542236328,11.520000457763672,344900,0.0,0.0
2022-06-14 00:00:00-04:00,11.470000267028809,11.6899995803833,11.100000381469727,11.25,384500,0.0,0.0
2022-06-15 00:00:00-04:00,11.25,11.470000267028809,11.239999771118164,11.270000457763672,346700,0.0,0.0
2022-06-16 00:00:00-04:00,11.109999656677246,11.199999809265137,10.550000190734863,10.6899995803833,274500,0.0,0.0
2022-06-17 00:00:00-04:00,10.930000305175781,10.979999542236328,10.680000305175781,10.760000228881836,243500,0.0,0.0
2022-06-21 00:00:00-04:00,10.829999923706055,11.25,10.829999923706055,10.890000343322754,151100,0.0,0.0
2022-06-22 00:00:00-04:00,10.84000015258789,11.140000343322754,10.5600004196167,10.930000305175781,131300,0.0,0.0
2022-06-23 00:00:00-04:00,10.9399995803833,11.050000190734863,10.90999984741211,11.050000190734863,171200,0.0,0.0
2022-06-24 00:00:00-04:00,11.1899995803833,11.359999656677246,11.09000015258789,11.239999771118164,153900,0.0,0.0
2022-06-27 00:00:00-04:00,11.380000114440918,11.390000343322754,11.210000038146973,11.260000228881836,146800,0.0,0.0
2022-06-28 00:00:00-04:00,11.420000076293945,11.4399995803833,11.180000305175781,11.210000038146973,129400,0.0,0.0
2022-06-29 00:00:00-04:00,11.210000038146973,11.3100004196167,11.149999618530273,11.289999961853027,165300,0.0,0.0
2022-06-30 00:00:00-04:00,11.149999618530273,11.300000190734863,11.109999656677246,11.170000076293945,212000,0.0,0.0
2022-07-01 00:00:00-04:00,11.109999656677246,11.300000190734863,11.100000381469727,11.260000228881836,109100,0.0,0.0
2022-07-05 00:00:00-04:00,11.25,11.350000381469727,11.029999732971191,11.329999923706055,94500,0.0,0.0
2022-07-06 00:00:00-04:00,11.270000457763672,11.40999984741211,11.199999809265137,11.25,142000,0.0,0.0
2022-07-07 00:00:00-04:00,11.239999771118164,11.520000457763672,11.239999771118164,11.510000228881836,151000,0.0,0.0
2022-07-08 00:00:00-04:00,11.479999542236328,11.729999542236328,11.40999984741211,11.670000076293945,82300,0.0,0.0
2022-07-11 00:00:00-04:00,11.649999618530273,11.890000343322754,11.520000457763672,11.819999694824219,379100,0.0,0.0
2022-07-12 00:00:00-04:00,11.65999984741211,11.899999618530273,11.579999923706055,11.600000381469727,185000,0.0,0.0
2022-07-13 00:00:00-04:00,11.5,11.65999984741211,11.40999984741211,11.470000267028809,136900,0.0,0.0
2022-07-14 00:00:00-04:00,11.119999885559082,11.470000267028809,11.119999885559082,11.319999694824219,140600,0.0,0.0
2022-07-15 00:00:00-04:00,11.479999542236328,11.619999885559082,11.390000343322754,11.600000381469727,140000,0.0,0.0
2022-07-18 00:00:00-04:00,11.699999809265137,11.760000228881836,11.4399995803833,11.5,126300,0.0,0.0
2022-07-19 00:00:00-04:00,11.539999961853027,11.729999542236328,11.479999542236328,11.729999542236328,109600,0.0,0.0
2022-07-20 00:00:00-04:00,11.75,12.09000015258789,11.75,12.0,184000,0.0,0.0
2022-07-21 00:00:00-04:00,12.039999961853027,12.300000190734863,11.970000267028809,12.220000267028809,148900,0.0,0.0
2022-07-22 00:00:00-04:00,12.380000114440918,12.489999771118164,12.140000343322754,12.229999542236328,98700,0.0,0.0
2022-07-25 00:00:00-04:00,12.239999771118164,12.359999656677246,12.199999809265137,12.25,94500,0.0,0.0
2022-07-26 00:00:00-04:00,12.15999984741211,12.350000381469727,12.15999984741211,12.279999732971191,153000,0.0,0.0
2022-07-27 00:00:00-04:00,12.460000038146973,12.609999656677246,12.279999732971191,12.600000381469727,179500,0.0,0.0
2022-07-28 00:00:00-04:00,12.550000190734863,13.0,12.539999961853027,12.9399995803833,178300,0.0,0.0
2022-07-29 00:00:00-04:00,13.100000381469727,13.3100004196167,12.970000267028809,13.260000228881836,276500,0.0,0.0
2022-08-01 00:00:00-04:00,13.229999542236328,13.289999961853027,13.050000190734863,13.069999694824219,248300,0.0,0.0
2022-08-02 00:00:00-04:00,13.020000457763672,13.350000381469727,13.0,13.149999618530273,205100,0.0,0.0
2022-08-03 00:00:00-04:00,13.380000114440918,13.399999618530273,13.170000076293945,13.279999732971191,193500,0.0,0.0
2022-08-04 00:00:00-04:00,13.350000381469727,13.350000381469727,13.0600004196167,13.130000114440918,146700,0.0,0.0
2022-08-05 00:00:00-04:00,13.079999923706055,13.210000038146973,12.970000267028809,13.079999923706055,120400,0.0,0.0
2022-08-08 00:00:00-04:00,13.25,13.369999885559082,13.119999885559082,13.199999809265137,91900,0.0,0.0
2022-08-09 00:00:00-04:00,13.180000305175781,13.3100004196167,13.079999923706055,13.09000015258789,146400,0.0,0.0
2022-08-10 00:00:00-04:00,13.390000343322754,13.520000457763672,13.270000457763672,13.380000114440918,170400,0.0,0.0
2022-08-11 00:00:00-04:00,13.479999542236328,13.489999771118164,13.210000038146973,13.319999694824219,162500,0.0,0.0
2022-08-12 00:00:00-04:00,13.489999771118164,13.489999771118164,13.220000267028809,13.34000015258789,167900,0.0,0.0
2022-08-15 00:00:00-04:00,13.34000015258789,13.479999542236328,13.289999961853027,13.350000381469727,138800,0.0,0.0
2022-08-16 00:00:00-04:00,13.390000343322754,13.390000343322754,13.140000343322754,13.260000228881836,120700,0.0,0.0
2022-08-17 00:00:00-04:00,13.109999656677246,13.1899995803833,12.989999771118164,13.039999961853027,265600,0.0,0.0
2022-08-18 00:00:00-04:00,13.0,13.079999923706055,12.949999809265137,13.039999961853027,113600,0.0,0.0
2022-08-19 00:00:00-04:00,13.029999732971191,13.15999984741211,12.880000114440918,12.899999618530273,164700,0.0,0.0
2022-08-22 00:00:00-04:00,12.880000114440918,12.899999618530273,12.649999618530273,12.699999809265137,207600,0.0,0.0
2022-08-23 00:00:00-04:00,12.699999809265137,12.869999885559082,12.619999885559082,12.670000076293945,113200,0.0,0.0
2022-08-24 00:00:00-04:00,12.720000267028809,12.890000343322754,12.6899995803833,12.770000457763672,134700,0.0,0.0
2022-08-25 00:00:00-04:00,12.899999618530273,12.930000305175781,12.699999809265137,12.760000228881836,175500,0.0,0.0
2022-08-26 00:00:00-04:00,12.84000015258789,12.84000015258789,12.529999732971191,12.539999961853027,129500,0.0,0.0
2022-08-29 00:00:00-04:00,12.5600004196167,12.5600004196167,12.399999618530273,12.420000076293945,144600,0.0,0.0
2022-08-30 00:00:00-04:00,12.4399995803833,12.470000267028809,12.1899995803833,12.260000228881836,164700,0.0,0.0
2022-08-31 00:00:00-04:00,12.359999656677246,12.390000343322754,12.199999809265137,12.25,297300,0.0,0.0
2022-09-01 00:00:00-04:00,12.180000305175781,12.329999923706055,12.149999618530273,12.289999961853027,158500,0.0,0.0
2022-09-02 00:00:00-04:00,12.449999809265137,12.520000457763672,12.229999542236328,12.279999732971191,118000,0.0,0.0
2022-09-06 00:00:00-04:00,12.350000381469727,12.350000381469727,12.1899995803833,12.220000267028809,84000,0.0,0.0
2022-09-07 00:00:00-04:00,12.239999771118164,12.510000228881836,12.229999542236328,12.5,110400,0.0,0.0
2022-09-08 00:00:00-04:00,12.449999809265137,12.819999694824219,12.380000114440918,12.710000038146973,127900,0.0,0.0
2022-09-09 00:00:00-04:00,12.789999961853027,12.899999618530273,12.729999542236328,12.760000228881836,146100,0.0,0.0
2022-09-12 00:00:00-04:00,12.720000267028809,12.880000114440918,12.649999618530273,12.8100004196167,95000,0.0,0.0
2022-09-13 00:00:00-04:00,12.5600004196167,12.609999656677246,12.270000457763672,12.329999923706055,121000,0.0,0.0
2022-09-14 00:00:00-04:00,12.359999656677246,12.569999694824219,12.25,12.300000190734863,101200,0.0,0.0
2022-09-15 00:00:00-04:00,12.380000114440918,12.380000114440918,12.140000343322754,12.170000076293945,92100,0.0,0.0
2022-09-16 00:00:00-04:00,12.0600004196167,12.0600004196167,11.819999694824219,11.9399995803833,197600,0.0,0.0
2022-09-19 00:00:00-04:00,11.75,11.899999618530273,11.739999771118164,11.890000343322754,152500,0.0,0.0
2022-09-20 00:00:00-04:00,11.880000114440918,11.899999618530273,11.680000305175781,11.789999961853027,212600,0.0,0.0
2022-09-21 00:00:00-04:00,11.779999732971191,11.8100004196167,11.5600004196167,11.569999694824219,170800,0.0,0.0
2022-09-22 00:00:00-04:00,11.489999771118164,11.550000190734863,11.289999961853027,11.329999923706055,133100,0.0,0.0
2022-09-23 00:00:00-04:00,11.289999961853027,11.300000190734863,10.899999618530273,10.899999618530273,242200,0.0,0.0
2022-09-26 00:00:00-04:00,10.829999923706055,10.869999885559082,10.529999732971191,10.600000381469727,228800,0.0,0.0
2022-09-27 00:00:00-04:00,10.600000381469727,10.720000267028809,10.260000228881836,10.399999618530273,226600,0.0,0.0
2022-09-28 00:00:00-04:00,10.5,10.550000190734863,10.270000457763672,10.510000228881836,154900,0.0,0.0
2022-09-29 00:00:00-04:00,10.350000381469727,10.399999618530273,10.130000114440918,10.149999618530273,190800,0.0,0.0
2022-09-30 00:00:00-04:00,10.079999923706055,10.239999771118164,10.069999694824219,10.09000015258789,165100,0.0,0.0
2022-10-03 00:00:00-04:00,10.140000343322754,10.369999885559082,10.069999694824219,10.3100004196167,323600,0.0,0.0
2022-10-04 00:00:00-04:00,10.520000457763672,10.890000343322754,10.520000457763672,10.829999923706055,164300,0.0,0.0
2022-10-05 00:00:00-04:00,10.829999923706055,11.039999961853027,10.729999542236328,10.989999771118164,261700,0.0,0.0
2022-10-06 00:00:00-04:00,10.859999656677246,11.15999984741211,10.859999656677246,11.069999694824219,133700,0.0,0.0
2022-10-07 00:00:00-04:00,11.0,11.029999732971191,10.819999694824219,10.829999923706055,126100,0.0,0.0
2022-10-10 00:00:00-04:00,10.789999961853027,10.8100004196167,10.609999656677246,10.729999542236328,100700,0.0,0.0
2022-10-11 00:00:00-04:00,10.710000038146973,10.760000228881836,10.5,10.579999923706055,120000,0.0,0.0
2022-10-12 00:00:00-04:00,10.550000190734863,10.579999923706055,10.399999618530273,10.520000457763672,69400,0.0,0.0
2022-10-13 00:00:00-04:00,10.239999771118164,10.710000038146973,10.170000076293945,10.470000267028809,188700,0.0,0.0
2022-10-14 00:00:00-04:00,10.609999656677246,10.619999885559082,10.199999809265137,10.239999771118164,137000,0.0,0.0
2022-10-17 00:00:00-04:00,10.3100004196167,10.40999984741211,10.220000267028809,10.229999542236328,157700,0.0,0.0
2022-10-18 00:00:00-04:00,10.449999809265137,10.449999809265137,10.220000267028809,10.34000015258789,205700,0.0,0.0
2022-10-19 00:00:00-04:00,10.319999694824219,10.430000305175781,10.199999809265137,10.279999732971191,133700,0.0,0.0
2022-10-20 00:00:00-04:00,10.369999885559082,10.520000457763672,10.25,10.3100004196167,203200,0.0,0.0
2022-10-21 00:00:00-04:00,10.369999885559082,10.4399995803833,10.220000267028809,10.369999885559082,135100,0.0,0.0
2022-10-24 00:00:00-04:00,10.369999885559082,10.529999732971191,10.34000015258789,10.4399995803833,140300,0.0,0.0
2022-10-25 00:00:00-04:00,10.479999542236328,10.739999771118164,10.479999542236328,10.6899995803833,144000,0.0,0.0
2022-10-26 00:00:00-04:00,10.65999984741211,10.960000038146973,10.65999984741211,10.859999656677246,155100,0.0,0.0
2022-10-27 00:00:00-04:00,10.869999885559082,10.989999771118164,10.770000457763672,10.899999618530273,124600,0.0,0.0
2022-10-28 00:00:00-04:00,10.829999923706055,11.119999885559082,10.829999923706055,11.020000457763672,176400,0.0,0.0
2022-10-31 00:00:00-04:00,11.029999732971191,11.079999923706055,10.930000305175781,11.0,116400,0.0,0.0
2022-11-01 00:00:00-04:00,11.239999771118164,11.239999771118164,10.970000267028809,11.0,176000,0.0,0.0
2022-11-02 00:00:00-04:00,11.119999885559082,11.15999984741211,10.859999656677246,10.9399995803833,119100,0.0,0.0
2022-11-03 00:00:00-04:00,10.859999656677246,10.9399995803833,10.760000228881836,10.770000457763672,147500,0.0,0.0
2022-11-04 00:00:00-04:00,10.880000114440918,11.050000190734863,10.829999923706055,11.029999732971191,95100,0.0,0.0
2022-11-07 00:00:00-05:00,11.0600004196167,11.149999618530273,10.970000267028809,11.09000015258789,121100,0.0,0.0
2022-11-08 00:00:00-05:00,11.15999984741211,11.289999961853027,11.069999694824219,11.149999618530273,145300,0.0,0.0
2022-11-09 00:00:00-05:00,11.239999771118164,11.270000457763672,11.020000457763672,11.140000343322754,199700,0.0,0.0
2022-11-10 00:00:00-05:00,11.329999923706055,11.609999656677246,11.15999984741211,11.600000381469727,211400,0.0,0.0
2022-11-11 00:00:00-05:00,11.6899995803833,11.6899995803833,11.550000190734863,11.5600004196167,128700,0.0,0.0
2022-11-14 00:00:00-05:00,11.539999961853027,11.699999809265137,11.529999732971191,11.539999961853027,125800,0.0,0.0
2022-11-15 00:00:00-05:00,11.739999771118164,11.859999656677246,11.600000381469727,11.8100004196167,217600,0.0,0.0
2022-11-16 00:00:00-05:00,11.779999732971191,11.850000381469727,11.670000076293945,11.819999694824219,106500,0.0,0.0
2022-11-17 00:00:00-05:00,11.75,11.819999694824219,11.569999694824219,11.8100004196167,196900,0.0,0.0
2022-11-18 00:00:00-05:00,11.899999618530273,11.899999618530273,11.65999984741211,11.789999961853027,211900,0.0,0.0
2022-11-21 00:00:00-05:00,11.819999694824219,11.819999694824219,11.619999885559082,11.6899995803833,159200,0.0,0.0
2022-11-22 00:00:00-05:00,11.6899995803833,11.770000457763672,11.609999656677246,11.770000457763672,154300,0.0,0.0
2022-11-23 00:00:00-05:00,11.729999542236328,11.829999923706055,11.720000267028809,11.800000190734863,107000,0.0,0.0
2022-11-25 00:00:00-05:00,11.800000190734863,11.800000190734863,11.670000076293945,11.680000305175781,89100,0.0,0.0
2022-11-28 00:00:00-05:00,11.600000381469727,11.6899995803833,11.5,11.600000381469727,172400,0.0,0.0
2022-11-29 00:00:00-05:00,11.649999618530273,11.649999618530273,11.4399995803833,11.510000228881836,172700,0.0,0.0
2022-11-30 00:00:00-05:00,11.5600004196167,11.739999771118164,11.420000076293945,11.710000038146973,153400,0.0,0.0
2022-12-01 00:00:00-05:00,11.75,11.960000038146973,11.739999771118164,11.789999961853027,198000,0.0,0.0
2022-12-02 00:00:00-05:00,11.710000038146973,11.779999732971191,11.350000381469727,11.630000114440918,214600,0.0,0.0
2022-12-05 00:00:00-05:00,11.649999618530273,11.699999809265137,11.5,11.520000457763672,138200,0.0,0.0
2022-12-06 00:00:00-05:00,11.630000114440918,11.65999984741211,11.479999542236328,11.510000228881836,139000,0.0,0.0
2022-12-07 00:00:00-05:00,11.5,11.819999694824219,11.4399995803833,11.680000305175781,152400,0.0,0.0
2022-12-08 00:00:00-05:00,11.729999542236328,11.899999618530273,11.649999618530273,11.729999542236328,161800,0.0,0.0
2022-12-09 00:00:00-05:00,11.550000190734863,11.710000038146973,11.550000190734863,11.569999694824219,79300,0.0,0.0
2022-12-12 00:00:00-05:00,11.649999618530273,11.770000457763672,11.520000457763672,11.539999961853027,134700,0.0,0.0
2022-12-13 00:00:00-05:00,11.779999732971191,11.779999732971191,11.539999961853027,11.579999923706055,144100,0.0,0.0
2022-12-14 00:00:00-05:00,11.59000015258789,11.640000343322754,11.449999809265137,11.510000228881836,144700,0.0,0.0
2022-12-15 00:00:00-05:00,11.5,11.5,11.34000015258789,11.40999984741211,171600,0.0,0.0
2022-12-16 00:00:00-05:00,11.329999923706055,11.369999885559082,11.149999618530273,11.319999694824219,151200,0.0,0.0
2022-12-19 00:00:00-05:00,11.359999656677246,11.359999656677246,11.149999618530273,11.220000267028809,202900,0.0,0.0
2022-12-20 00:00:00-05:00,11.220000267028809,11.279999732971191,11.119999885559082,11.220000267028809,115300,0.0,0.0
2022-12-21 00:00:00-05:00,11.270000457763672,11.359999656677246,11.239999771118164,11.279999732971191,130600,0.0,0.0
2022-12-22 00:00:00-05:00,11.319999694824219,11.319999694824219,11.0600004196167,11.1899995803833,118300,0.0,0.0
2022-12-23 00:00:00-05:00,11.130000114440918,11.220000267028809,11.050000190734863,11.1899995803833,107000,0.0,0.0
2022-12-27 00:00:00-05:00,11.170000076293945,11.170000076293945,11.0,11.079999923706055,89300,0.0,0.0
2022-12-28 00:00:00-05:00,11.09000015258789,11.220000267028809,10.5,10.59000015258789,493600,0.0,0.0
2022-12-29 00:00:00-05:00,10.569999694824219,10.829999923706055,10.569999694824219,10.739999771118164,182900,0.0,0.0
2022-12-30 00:00:00-05:00,10.739999771118164,10.819999694824219,10.470000267028809,10.550000190734863,311700,0.0,0.0
2023-01-03 00:00:00-05:00,10.899999618530273,11.0,10.5600004196167,10.770000457763672,202200,0.0,0.0
2023-01-04 00:00:00-05:00,10.9399995803833,10.949999809265137,10.800000190734863,10.84000015258789,158600,0.0,0.0
2023-01-05 00:00:00-05:00,10.829999923706055,10.949999809265137,10.75,10.850000381469727,112300,0.0,0.0
2023-01-06 00:00:00-05:00,10.90999984741211,11.1899995803833,10.890000343322754,11.130000114440918,133000,0.0,0.0
2023-01-09 00:00:00-05:00,11.1899995803833,11.489999771118164,11.109999656677246,11.40999984741211,213600,0.0,0.0
2023-01-10 00:00:00-05:00,11.449999809265137,11.59000015258789,11.350000381469727,11.59000015258789,163400,0.0,0.0
2023-01-11 00:00:00-05:00,11.649999618530273,11.8100004196167,11.520000457763672,11.600000381469727,128300,0.0,0.0
2023-01-12 00:00:00-05:00,11.609999656677246,11.800000190734863,11.510000228881836,11.800000190734863,152600,0.0,0.0
2023-01-13 00:00:00-05:00,11.8100004196167,11.989999771118164,11.770000457763672,11.960000038146973,263900,0.0,0.0
2023-01-17 00:00:00-05:00,11.979999542236328,12.210000038146973,11.979999542236328,12.079999923706055,195800,0.0,0.0
2023-01-18 00:00:00-05:00,12.1899995803833,12.229999542236328,11.979999542236328,12.0,162300,0.0,0.0
2023-01-19 00:00:00-05:00,11.989999771118164,12.010000228881836,11.850000381469727,11.949999809265137,131800,0.0,0.0
2023-01-20 00:00:00-05:00,11.979999542236328,12.119999885559082,11.949999809265137,12.119999885559082,118200,0.0,0.0
2023-01-23 00:00:00-05:00,12.140000343322754,12.329999923706055,12.130000114440918,12.300000190734863,193500,0.0,0.0
2023-01-24 00:00:00-05:00,12.300000190734863,12.34000015258789,12.199999809265137,12.3100004196167,126900,0.0,0.0
2023-01-25 00:00:00-05:00,12.239999771118164,12.329999923706055,12.079999923706055,12.279999732971191,97500,0.0,0.0
2023-01-26 00:00:00-05:00,12.289999961853027,12.369999885559082,12.199999809265137,12.239999771118164,122000,0.0,0.0
2023-01-27 00:00:00-05:00,12.239999771118164,12.420000076293945,12.220000267028809,12.380000114440918,108700,0.0,0.0
2023-01-30 00:00:00-05:00,12.260000228881836,12.359999656677246,12.079999923706055,12.079999923706055,171000,0.0,0.0
2023-01-31 00:00:00-05:00,12.109999656677246,12.270000457763672,12.09000015258789,12.270000457763672,126800,0.0,0.0
2023-02-01 00:00:00-05:00,12.25,12.529999732971191,12.229999542236328,12.5,137100,0.0,0.0
2023-02-02 00:00:00-05:00,12.640000343322754,12.930000305175781,12.609999656677246,12.770000457763672,204400,0.0,0.0
2023-02-03 00:00:00-05:00,12.6899995803833,12.770000457763672,12.59000015258789,12.680000305175781,171200,0.0,0.0
2023-02-06 00:00:00-05:00,12.579999923706055,12.670000076293945,12.449999809265137,12.529999732971191,111200,0.0,0.0
2023-02-07 00:00:00-05:00,12.550000190734863,12.65999984741211,12.4399995803833,12.640000343322754,142000,0.0,0.0
2023-02-08 00:00:00-05:00,12.640000343322754,12.789999961853027,12.579999923706055,12.640000343322754,149000,0.0,0.0
2023-02-09 00:00:00-05:00,12.65999984741211,12.800000190734863,12.489999771118164,12.539999961853027,108300,0.0,0.0
2023-02-10 00:00:00-05:00,12.359999656677246,12.489999771118164,12.319999694824219,12.350000381469727,140200,0.0,0.0
2023-02-13 00:00:00-05:00,12.359999656677246,12.720000267028809,12.359999656677246,12.449999809265137,183800,0.0,0.0
2023-02-14 00:00:00-05:00,12.430000305175781,12.5,12.270000457763672,12.5,142300,0.0,0.0
2023-02-15 00:00:00-05:00,12.380000114440918,12.609999656677246,12.34000015258789,12.539999961853027,128900,0.0,0.0
2023-02-16 00:00:00-05:00,12.479999542236328,12.550000190734863,12.369999885559082,12.449999809265137,169200,0.0,0.0
2023-02-17 00:00:00-05:00,12.4399995803833,12.520000457763672,12.300000190734863,12.489999771118164,190300,0.0,0.0
2023-02-21 00:00:00-05:00,12.390000343322754,12.449999809265137,12.140000343322754,12.210000038146973,228200,0.0,0.0
2023-02-22 00:00:00-05:00,12.199999809265137,12.34000015258789,12.100000381469727,12.229999542236328,212700,0.0,0.0
2023-02-23 00:00:00-05:00,12.359999656677246,12.390000343322754,12.15999984741211,12.380000114440918,127800,0.0,0.0
2023-02-24 00:00:00-05:00,12.289999961853027,12.380000114440918,12.199999809265137,12.350000381469727,167700,0.0,0.0
2023-02-27 00:00:00-05:00,12.399999618530273,12.430000305175781,12.210000038146973,12.210000038146973,117500,0.0,0.0
2023-02-28 00:00:00-05:00,12.1899995803833,12.239999771118164,12.119999885559082,12.170000076293945,94600,0.0,0.0
2023-03-01 00:00:00-05:00,12.1899995803833,12.270000457763672,12.140000343322754,12.229999542236328,96900,0.0,0.0
2023-03-02 00:00:00-05:00,12.180000305175781,12.319999694824219,12.130000114440918,12.300000190734863,139300,0.0,0.0
2023-03-03 00:00:00-05:00,12.34000015258789,12.470000267028809,12.239999771118164,12.4399995803833,242100,0.0,0.0
2023-03-06 00:00:00-05:00,12.470000267028809,12.600000381469727,12.40999984741211,12.4399995803833,108700,0.0,0.0
2023-03-07 00:00:00-05:00,12.470000267028809,12.470000267028809,12.279999732971191,12.390000343322754,108100,0.0,0.0
2023-03-08 00:00:00-05:00,12.390000343322754,12.449999809265137,12.199999809265137,12.350000381469727,134500,0.0,0.0
2023-03-09 00:00:00-05:00,12.350000381469727,12.390000343322754,12.069999694824219,12.079999923706055,155000,0.0,0.0
2023-03-10 00:00:00-05:00,12.020000457763672,12.109999656677246,11.8100004196167,11.970000267028809,111800,0.0,0.0
2023-03-13 00:00:00-04:00,11.649999618530273,11.859999656677246,11.170000076293945,11.170000076293945,277400,0.0,0.0
2023-03-14 00:00:00-04:00,11.289999961853027,11.4399995803833,11.100000381469727,11.220000267028809,128800,0.0,0.0
2023-03-15 00:00:00-04:00,11.100000381469727,11.149999618530273,10.739999771118164,10.960000038146973,226200,0.0,0.0
2023-03-16 00:00:00-04:00,10.789999961853027,11.079999923706055,10.760000228881836,10.989999771118164,135100,0.0,0.0
2023-03-17 00:00:00-04:00,10.970000267028809,11.079999923706055,10.960000038146973,11.0,101100,0.0,0.0
2023-03-20 00:00:00-04:00,10.9399995803833,11.3100004196167,10.9399995803833,11.210000038146973,204400,0.0,0.0
2023-03-21 00:00:00-04:00,11.3100004196167,11.460000038146973,11.3100004196167,11.460000038146973,94800,0.0,0.0
2023-03-22 00:00:00-04:00,11.5600004196167,11.5600004196167,11.140000343322754,11.170000076293945,111800,0.0,0.0
2023-03-23 00:00:00-04:00,11.220000267028809,11.350000381469727,11.0,11.039999961853027,138400,0.0,0.0
2023-03-24 00:00:00-04:00,11.050000190734863,11.050000190734863,10.720000267028809,10.970000267028809,173000,0.0,0.0
2023-03-27 00:00:00-04:00,10.770000457763672,10.84000015258789,10.520000457763672,10.800000190734863,438900,0.0,0.0
2023-03-28 00:00:00-04:00,10.720000267028809,10.800000190734863,10.65999984741211,10.699999809265137,140600,0.0,0.0
2023-03-29 00:00:00-04:00,10.720000267028809,10.899999618530273,10.699999809265137,10.819999694824219,175200,0.0,0.0
2023-03-30 00:00:00-04:00,10.789999961853027,10.949999809265137,10.710000038146973,10.9399995803833,200800,0.0,0.0
2023-03-31 00:00:00-04:00,10.869999885559082,10.979999542236328,10.84000015258789,10.920000076293945,247500,0.0,0.0
2023-04-03 00:00:00-04:00,10.90999984741211,10.970000267028809,10.819999694824219,10.850000381469727,214000,0.0,0.0
2023-04-04 00:00:00-04:00,10.819999694824219,10.859999656677246,10.640000343322754,10.720000267028809,233100,0.0,0.0
2023-04-05 00:00:00-04:00,10.640000343322754,10.65999984741211,10.529999732971191,10.600000381469727,191000,0.0,0.0
2023-04-06 00:00:00-04:00,10.640000343322754,10.829999923706055,10.600000381469727,10.649999618530273,230500,0.0,0.0
2023-04-10 00:00:00-04:00,10.729999542236328,10.899999618530273,10.670000076293945,10.899999618530273,263000,0.0,0.0
2023-04-11 00:00:00-04:00,10.899999618530273,11.010000228881836,10.899999618530273,10.90999984741211,188900,0.0,0.0
2023-04-12 00:00:00-04:00,10.949999809265137,10.989999771118164,10.84000015258789,10.920000076293945,135300,0.0,0.0
2023-04-13 00:00:00-04:00,10.84000015258789,10.930000305175781,10.819999694824219,10.90999984741211,116000,0.0,0.0
2023-04-14 00:00:00-04:00,10.979999542236328,11.029999732971191,10.819999694824219,10.869999885559082,108800,0.0,0.0
2023-04-17 00:00:00-04:00,10.850000381469727,10.859999656677246,10.75,10.800000190734863,117600,0.0,0.0
2023-04-18 00:00:00-04:00,10.899999618530273,10.920000076293945,10.779999732971191,10.84000015258789,158800,0.0,0.0
2023-04-19 00:00:00-04:00,10.84000015258789,10.9399995803833,10.84000015258789,10.899999618530273,139200,0.0,0.0
2023-04-20 00:00:00-04:00,10.890000343322754,11.020000457763672,10.65999984741211,10.779999732971191,234500,0.0,0.0
2023-04-21 00:00:00-04:00,10.739999771118164,10.819999694824219,10.720000267028809,10.770000457763672,124600,0.0,0.0
2023-04-24 00:00:00-04:00,10.819999694824219,10.859999656677246,10.760000228881836,10.800000190734863,101200,0.0,0.0
2023-04-25 00:00:00-04:00,10.720000267028809,10.789999961853027,10.600000381469727,10.619999885559082,93200,0.0,0.0
2023-04-26 00:00:00-04:00,10.680000305175781,10.800000190734863,10.5600004196167,10.579999923706055,111200,0.0,0.0
2023-04-27 00:00:00-04:00,10.59000015258789,10.649999618530273,10.5,10.630000114440918,142900,0.0,0.0
2023-04-28 00:00:00-04:00,10.59000015258789,10.710000038146973,10.569999694824219,10.710000038146973,130800,0.0,0.0
2023-05-01 00:00:00-04:00,10.699999809265137,10.720000267028809,10.579999923706055,10.59000015258789,86800,0.0,0.0
2023-05-02 00:00:00-04:00,10.569999694824219,10.609999656677246,10.4399995803833,10.510000228881836,103800,0.0,0.0
2023-05-03 00:00:00-04:00,10.479999542236328,10.5600004196167,10.479999542236328,10.510000228881836,102600,0.0,0.0
2023-05-04 00:00:00-04:00,10.479999542236328,10.5,10.399999618530273,10.449999809265137,97300,0.0,0.0
2023-05-05 00:00:00-04:00,10.529999732971191,10.630000114440918,10.489999771118164,10.600000381469727,121600,0.0,0.0
2023-05-08 00:00:00-04:00,10.630000114440918,10.680000305175781,10.579999923706055,10.670000076293945,108000,0.0,0.0
2023-05-09 00:00:00-04:00,10.640000343322754,10.800000190734863,10.600000381469727,10.789999961853027,143900,0.0,0.0
2023-05-10 00:00:00-04:00,10.819999694824219,10.850000381469727,10.770000457763672,10.789999961853027,135600,0.0,0.0
2023-05-11 00:00:00-04:00,10.699999809265137,10.710000038146973,10.59000015258789,10.609999656677246,67900,0.0,0.0
2023-05-12 00:00:00-04:00,10.579999923706055,10.649999618530273,10.529999732971191,10.630000114440918,85600,0.0,0.0
2023-05-15 00:00:00-04:00,10.630000114440918,10.6899995803833,10.5600004196167,10.680000305175781,169400,0.0,0.0
2023-05-16 00:00:00-04:00,10.609999656677246,10.6899995803833,10.489999771118164,10.579999923706055,213300,0.0,0.0
2023-05-17 00:00:00-04:00,10.5600004196167,10.75,10.5600004196167,10.720000267028809,102300,0.0,0.0
2023-05-18 00:00:00-04:00,10.800000190734863,10.84000015258789,10.680000305175781,10.770000457763672,198100,0.0,0.0
2023-05-19 00:00:00-04:00,10.770000457763672,10.770000457763672,10.600000381469727,10.630000114440918,144200,0.0,0.0
2023-05-22 00:00:00-04:00,10.630000114440918,10.630000114440918,10.380000114440918,10.420000076293945,302900,0.0,0.0
2023-05-23 00:00:00-04:00,10.420000076293945,10.420000076293945,10.300000190734863,10.350000381469727,264400,0.0,0.0
2023-05-24 00:00:00-04:00,10.34000015258789,10.359999656677246,10.180000305175781,10.210000038146973,168500,0.0,0.0
2023-05-25 00:00:00-04:00,10.279999732971191,10.279999732971191,10.020000457763672,10.029999732971191,415900,0.0,0.0
2023-05-26 00:00:00-04:00,10.029999732971191,10.109999656677246,9.989999771118164,10.029999732971191,455100,0.0,0.0
2023-05-30 00:00:00-04:00,10.0600004196167,10.140000343322754,10.029999732971191,10.050000190734863,152400,0.0,0.0
2023-05-31 00:00:00-04:00,10.050000190734863,10.079999923706055,9.970000267028809,10.029999732971191,138900,0.0,0.0
2023-06-01 00:00:00-04:00,10.079999923706055,10.239999771118164,10.029999732971191,10.199999809265137,176500,0.0,0.0
2023-06-02 00:00:00-04:00,10.260000228881836,10.449999809265137,10.220000267028809,10.399999618530273,213600,0.0,0.0
2023-06-05 00:00:00-04:00,10.40999984741211,10.529999732971191,10.369999885559082,10.510000228881836,170900,0.0,0.0
2023-06-06 00:00:00-04:00,10.520000457763672,10.739999771118164,10.5,10.670000076293945,233500,0.0,0.0
2023-06-07 00:00:00-04:00,10.720000267028809,10.770000457763672,10.680000305175781,10.75,230100,0.0,0.0
2023-06-08 00:00:00-04:00,10.789999961853027,10.899999618530273,10.75,10.84000015258789,218900,0.0,0.0
2023-06-09 00:00:00-04:00,10.819999694824219,10.84000015258789,10.680000305175781,10.720000267028809,188800,0.0,0.0
2023-06-12 00:00:00-04:00,10.720000267028809,10.760000228881836,10.65999984741211,10.75,155300,0.0,0.0
2023-06-13 00:00:00-04:00,10.84000015258789,10.880000114440918,10.729999542236328,10.760000228881836,187600,0.0,0.0
2023-06-14 00:00:00-04:00,10.880000114440918,10.880000114440918,10.670000076293945,10.710000038146973,234000,0.0,0.0
2023-06-15 00:00:00-04:00,10.779999732971191,10.930000305175781,10.770000457763672,10.930000305175781,258100,0.0,0.0
2023-06-16 00:00:00-04:00,11.0600004196167,11.149999618530273,10.989999771118164,11.079999923706055,311700,0.0,0.0
2023-06-20 00:00:00-04:00,11.079999923706055,11.1899995803833,10.930000305175781,10.9399995803833,201000,0.0,0.0
2023-06-21 00:00:00-04:00,10.90999984741211,10.979999542236328,10.859999656677246,10.890000343322754,113300,0.0,0.0
2023-06-22 00:00:00-04:00,10.899999618530273,10.949999809265137,10.8100004196167,10.869999885559082,152600,0.0,0.0
2023-06-23 00:00:00-04:00,10.850000381469727,10.9399995803833,10.8100004196167,10.8100004196167,111200,0.0,0.0
2023-06-26 00:00:00-04:00,10.880000114440918,10.960000038146973,10.8100004196167,10.829999923706055,171100,0.0,0.0
2023-06-27 00:00:00-04:00,10.850000381469727,11.149999618530273,10.829999923706055,11.010000228881836,257300,0.0,0.0
2023-06-28 00:00:00-04:00,11.09000015258789,11.130000114440918,11.020000457763672,11.119999885559082,157700,0.0,0.0
2023-06-29 00:00:00-04:00,11.0600004196167,11.260000228881836,11.029999732971191,11.170000076293945,173300,0.0,0.0
2023-06-30 00:00:00-04:00,11.25,11.390000343322754,11.210000038146973,11.229999542236328,150200,0.0,0.0
2023-07-03 00:00:00-04:00,11.369999885559082,11.40999984741211,11.3100004196167,11.350000381469727,79100,0.0,0.0
2023-07-05 00:00:00-04:00,11.3100004196167,11.460000038146973,11.3100004196167,11.350000381469727,158100,0.0,0.0
2023-07-06 00:00:00-04:00,11.300000190734863,11.3100004196167,10.829999923706055,10.930000305175781,240900,0.0,0.0
2023-07-07 00:00:00-04:00,10.90999984741211,11.079999923706055,10.890000343322754,10.920000076293945,205400,0.0,0.0
2023-07-10 00:00:00-04:00,10.859999656677246,11.020000457763672,10.859999656677246,11.020000457763672,129500,0.0,0.0
2023-07-11 00:00:00-04:00,11.0,11.210000038146973,11.0,11.199999809265137,169800,0.0,0.0
2023-07-12 00:00:00-04:00,11.359999656677246,11.359999656677246,11.170000076293945,11.300000190734863,178900,0.0,0.0
2023-07-13 00:00:00-04:00,11.149999618530273,11.239999771118164,11.119999885559082,11.119999885559082,176700,0.0,0.0
2023-07-14 00:00:00-04:00,11.100000381469727,11.119999885559082,10.949999809265137,10.960000038146973,229100,0.0,0.0
2023-07-17 00:00:00-04:00,11.039999961853027,11.109999656677246,10.920000076293945,11.09000015258789,138900,0.0,0.0
2023-07-18 00:00:00-04:00,11.119999885559082,11.199999809265137,11.050000190734863,11.119999885559082,143700,0.0,0.0
2023-07-19 00:00:00-04:00,11.079999923706055,11.260000228881836,11.079999923706055,11.210000038146973,157100,0.0,0.0
2023-07-20 00:00:00-04:00,11.300000190734863,11.350000381469727,11.09000015258789,11.140000343322754,184000,0.0,0.0
2023-07-21 00:00:00-04:00,11.140000343322754,11.279999732971191,11.109999656677246,11.199999809265137,150200,0.0,0.0
2023-07-24 00:00:00-04:00,11.239999771118164,11.289999961853027,11.199999809265137,11.239999771118164,120400,0.0,0.0
2023-07-25 00:00:00-04:00,11.25,11.329999923706055,11.239999771118164,11.300000190734863,92800,0.0,0.0
2023-07-26 00:00:00-04:00,11.279999732971191,11.350000381469727,11.25,11.289999961853027,93800,0.0,0.0
2023-07-27 00:00:00-04:00,11.369999885559082,11.369999885559082,11.199999809265137,11.239999771118164,101800,0.0,0.0
2023-07-28 00:00:00-04:00,11.329999923706055,11.390000343322754,11.319999694824219,11.390000343322754,171700,0.0,0.0
2023-07-31 00:00:00-04:00,11.40999984741211,11.600000381469727,11.40999984741211,11.5600004196167,193400,0.0,0.0
2023-08-01 00:00:00-04:00,11.5600004196167,11.649999618530273,11.520000457763672,11.630000114440918,128500,0.0,0.0
2023-08-02 00:00:00-04:00,11.430000305175781,11.520000457763672,11.350000381469727,11.399999618530273,128500,0.0,0.0
2023-08-03 00:00:00-04:00,11.390000343322754,11.4399995803833,11.319999694824219,11.350000381469727,113500,0.0,0.0
2023-08-04 00:00:00-04:00,11.430000305175781,11.5,11.380000114440918,11.399999618530273,67500,0.0,0.0
2023-08-07 00:00:00-04:00,11.460000038146973,11.569999694824219,11.460000038146973,11.510000228881836,149800,0.0,0.0
2023-08-08 00:00:00-04:00,11.479999542236328,11.579999923706055,11.420000076293945,11.569999694824219,111500,0.0,0.0
2023-08-09 00:00:00-04:00,11.550000190734863,11.630000114440918,11.510000228881836,11.529999732971191,102700,0.0,0.0
2023-08-10 00:00:00-04:00,11.5,11.539999961853027,11.350000381469727,11.390000343322754,116000,0.0,0.0
2023-08-11 00:00:00-04:00,11.4399995803833,11.449999809265137,11.319999694824219,11.369999885559082,126500,0.0,0.0
2023-08-14 00:00:00-04:00,11.380000114440918,11.399999618530273,11.289999961853027,11.350000381469727,124300,0.0,0.0
2023-08-15 00:00:00-04:00,11.3100004196167,11.319999694824219,11.220000267028809,11.220000267028809,115900,0.0,0.0
2023-08-16 00:00:00-04:00,11.180000305175781,11.220000267028809,11.130000114440918,11.140000343322754,101200,0.0,0.0
2023-08-17 00:00:00-04:00,11.260000228881836,11.260000228881836,11.069999694824219,11.100000381469727,170200,0.0,0.0
2023-08-18 00:00:00-04:00,11.069999694824219,11.100000381469727,11.0,11.029999732971191,133500,0.0,0.0
2023-08-21 00:00:00-04:00,11.020000457763672,11.09000015258789,10.979999542236328,11.0600004196167,96400,0.0,0.0
2023-08-22 00:00:00-04:00,11.149999618530273,11.149999618530273,11.020000457763672,11.0600004196167,90500,0.0,0.0
2023-08-23 00:00:00-04:00,11.09000015258789,11.1899995803833,11.050000190734863,11.130000114440918,110200,0.0,0.0
2023-08-24 00:00:00-04:00,11.1899995803833,11.229999542236328,10.949999809265137,10.979999542236328,134500,0.0,0.0
2023-08-25 00:00:00-04:00,11.010000228881836,11.039999961853027,10.850000381469727,10.9399995803833,184000,0.0,0.0
2023-08-28 00:00:00-04:00,10.899999618530273,10.920000076293945,10.770000457763672,10.789999961853027,145600,0.0,0.0
2023-08-29 00:00:00-04:00,10.800000190734863,11.050000190734863,10.800000190734863,11.050000190734863,132500,0.0,0.0
2023-08-30 00:00:00-04:00,11.0600004196167,11.170000076293945,11.029999732971191,11.119999885559082,115800,0.0,0.0
2023-08-31 00:00:00-04:00,11.119999885559082,11.779999732971191,11.119999885559082,11.470000267028809,573100,0.0,0.0
2023-09-01 00:00:00-04:00,11.470000267028809,11.579999923706055,11.420000076293945,11.489999771118164,228600,0.0,0.0
2023-09-05 00:00:00-04:00,11.489999771118164,11.520000457763672,11.380000114440918,11.4399995803833,136200,0.0,0.0
2023-09-06 00:00:00-04:00,11.369999885559082,11.569999694824219,11.319999694824219,11.489999771118164,250000,0.0,0.0
2023-09-07 00:00:00-04:00,11.479999542236328,11.630000114440918,11.4399995803833,11.520000457763672,110900,0.0,0.0
2023-09-08 00:00:00-04:00,11.569999694824219,11.819999694824219,11.569999694824219,11.640000343322754,182900,0.0,0.0
2023-09-11 00:00:00-04:00,11.550000190734863,11.670000076293945,11.520000457763672,11.5600004196167,104200,0.0,0.0
2023-09-12 00:00:00-04:00,11.649999618530273,11.649999618530273,11.460000038146973,11.539999961853027,199000,0.0,0.0
2023-09-13 00:00:00-04:00,11.529999732971191,11.529999732971191,11.380000114440918,11.380000114440918,120300,0.0,0.0
2023-09-14 00:00:00-04:00,11.5600004196167,11.5600004196167,11.300000190734863,11.350000381469727,146200,0.0,0.0
2023-09-15 00:00:00-04:00,11.359999656677246,11.359999656677246,11.1899995803833,11.25,149800,0.0,0.0
2023-09-18 00:00:00-04:00,11.289999961853027,11.489999771118164,11.229999542236328,11.430000305175781,190800,0.0,0.0
2023-09-19 00:00:00-04:00,11.420000076293945,11.550000190734863,11.380000114440918,11.430000305175781,199200,0.0,0.0
2023-09-20 00:00:00-04:00,11.520000457763672,11.5600004196167,11.390000343322754,11.4399995803833,162400,0.0,0.0
2023-09-21 00:00:00-04:00,11.359999656677246,11.359999656677246,11.220000267028809,11.220000267028809,162200,0.0,0.0
2023-09-22 00:00:00-04:00,11.229999542236328,11.369999885559082,11.229999542236328,11.300000190734863,147500,0.0,0.0
2023-09-25 00:00:00-04:00,11.220000267028809,11.289999961853027,11.1899995803833,11.199999809265137,188500,0.0,0.0
2023-09-26 00:00:00-04:00,11.180000305175781,11.180000305175781,11.020000457763672,11.0600004196167,194700,0.0,0.0
2023-09-27 00:00:00-04:00,11.140000343322754,11.140000343322754,10.90999984741211,11.039999961853027,165100,0.0,0.0
2023-09-28 00:00:00-04:00,10.970000267028809,11.1899995803833,10.970000267028809,11.130000114440918,172000,0.0,0.0
2023-09-29 00:00:00-04:00,11.170000076293945,11.289999961853027,11.119999885559082,11.15999984741211,101000,0.0,0.0
2023-10-02 00:00:00-04:00,11.079999923706055,11.15999984741211,11.010000228881836,11.020000457763672,115500,0.0,0.0
2023-10-03 00:00:00-04:00,10.920000076293945,11.0,10.739999771118164,10.800000190734863,151200,0.0,0.0
2023-10-04 00:00:00-04:00,10.8100004196167,10.899999618530273,10.75,10.819999694824219,177800,0.0,0.0
2023-10-05 00:00:00-04:00,10.850000381469727,11.079999923706055,10.789999961853027,11.079999923706055,280200,0.0,0.0
2023-10-06 00:00:00-04:00,11.069999694824219,11.239999771118164,10.930000305175781,11.140000343322754,161100,0.0,0.0
2023-10-09 00:00:00-04:00,11.119999885559082,11.270000457763672,11.119999885559082,11.210000038146973,102400,0.0,0.0
2023-10-10 00:00:00-04:00,11.25,11.380000114440918,11.210000038146973,11.369999885559082,192700,0.0,0.0
2023-10-11 00:00:00-04:00,11.430000305175781,11.640000343322754,11.359999656677246,11.569999694824219,138200,0.0,0.0
2023-10-12 00:00:00-04:00,11.479999542236328,11.479999542236328,11.279999732971191,11.3100004196167,119000,0.0,0.0
2023-10-13 00:00:00-04:00,11.319999694824219,11.359999656677246,11.170000076293945,11.220000267028809,143000,0.0,0.0
2023-10-16 00:00:00-04:00,11.260000228881836,11.260000228881836,11.140000343322754,11.140000343322754,90800,0.0,0.0
2023-10-17 00:00:00-04:00,11.0600004196167,11.210000038146973,11.029999732971191,11.15999984741211,213200,0.0,0.0
2023-10-18 00:00:00-04:00,11.09000015258789,11.1899995803833,11.0,11.09000015258789,159600,0.0,0.0
2023-10-19 00:00:00-04:00,11.119999885559082,11.260000228881836,11.0,11.029999732971191,174300,0.0,0.0
2023-10-20 00:00:00-04:00,11.010000228881836,11.09000015258789,10.920000076293945,10.989999771118164,133300,0.0,0.0
2023-10-23 00:00:00-04:00,10.979999542236328,11.100000381469727,10.930000305175781,10.979999542236328,170200,0.0,0.0
2023-10-24 00:00:00-04:00,11.039999961853027,11.130000114440918,10.960000038146973,11.079999923706055,153900,0.0,0.0
2023-10-25 00:00:00-04:00,11.029999732971191,11.100000381469727,10.920000076293945,10.920000076293945,129800,0.0,0.0
2023-10-26 00:00:00-04:00,10.850000381469727,10.920000076293945,10.789999961853027,10.819999694824219,205000,0.0,0.0
2023-10-27 00:00:00-04:00,10.819999694824219,10.850000381469727,10.729999542236328,10.789999961853027,163700,0.0,0.0
2023-10-30 00:00:00-04:00,10.890000343322754,10.9399995803833,10.760000228881836,10.880000114440918,178900,0.0,0.0
2023-10-31 00:00:00-04:00,10.930000305175781,10.9399995803833,10.8100004196167,10.869999885559082,170300,0.0,0.0
2023-11-01 00:00:00-04:00,10.920000076293945,11.079999923706055,10.90999984741211,11.029999732971191,160900,0.0,0.0
2023-11-02 00:00:00-04:00,11.039999961853027,11.359999656677246,11.039999961853027,11.319999694824219,150800,0.0,0.0
2023-11-03 00:00:00-04:00,11.399999618530273,11.460000038146973,11.329999923706055,11.449999809265137,108000,0.0,0.0
2023-11-06 00:00:00-05:00,11.489999771118164,11.520000457763672,11.34000015258789,11.359999656677246,121600,0.0,0.0
2023-11-07 00:00:00-05:00,11.329999923706055,11.390000343322754,11.300000190734863,11.3100004196167,145900,0.0,0.0
2023-11-08 00:00:00-05:00,11.3100004196167,11.359999656677246,11.260000228881836,11.319999694824219,122100,0.0,0.0
2023-11-09 00:00:00-05:00,11.3100004196167,11.359999656677246,11.180000305175781,11.1899995803833,120600,0.0,0.0
2023-11-10 00:00:00-05:00,11.1899995803833,11.5,11.1899995803833,11.359999656677246,178400,0.0,0.0
2023-11-13 00:00:00-05:00,11.260000228881836,11.420000076293945,11.210000038146973,11.369999885559082,108400,0.0,0.0
2023-11-14 00:00:00-05:00,11.5,11.630000114440918,11.449999809265137,11.609999656677246,182300,0.0,0.0
2023-11-15 00:00:00-05:00,11.579999923706055,11.789999961853027,11.579999923706055,11.710000038146973,144000,0.0,0.0
2023-11-16 00:00:00-05:00,11.649999618530273,11.739999771118164,11.579999923706055,11.65999984741211,80600,0.0,0.0
2023-11-17 00:00:00-05:00,11.619999885559082,11.75,11.579999923706055,11.699999809265137,168100,0.0,0.0
2023-11-20 00:00:00-05:00,11.699999809265137,11.90999984741211,11.699999809265137,11.779999732971191,209600,0.0,0.0
2023-11-21 00:00:00-05:00,11.75,11.920000076293945,11.630000114440918,11.920000076293945,221500,0.0,0.0
2023-11-22 00:00:00-05:00,11.899999618530273,11.90999984741211,11.770000457763672,11.859999656677246,127400,0.0,0.0
2023-11-24 00:00:00-05:00,11.859999656677246,11.880000114440918,11.710000038146973,11.75,60800,0.0,0.0
2023-11-27 00:00:00-05:00,11.84000015258789,11.84000015258789,11.619999885559082,11.699999809265137,158800,0.0,0.0
2023-11-28 00:00:00-05:00,11.649999618530273,11.760000228881836,11.5600004196167,11.699999809265137,154800,0.0,0.0
2023-11-29 00:00:00-05:00,11.770000457763672,11.789999961853027,11.289999961853027,11.329999923706055,378300,0.0,0.0
2023-11-30 00:00:00-05:00,11.359999656677246,11.369999885559082,11.180000305175781,11.329999923706055,139800,0.0,0.0
2023-12-01 00:00:00-05:00,11.359999656677246,11.510000228881836,11.260000228881836,11.430000305175781,177900,0.0,0.0
2023-12-04 00:00:00-05:00,11.380000114440918,11.380000114440918,11.109999656677246,11.15999984741211,174100,0.0,0.0
2023-12-05 00:00:00-05:00,11.140000343322754,11.140000343322754,10.90999984741211,11.069999694824219,190800,0.0,0.0
2023-12-06 00:00:00-05:00,11.100000381469727,11.229999542236328,10.970000267028809,11.050000190734863,142500,0.0,0.0
2023-12-07 00:00:00-05:00,11.010000228881836,11.199999809265137,11.0,11.199999809265137,113600,0.0,0.0
2023-12-08 00:00:00-05:00,11.229999542236328,11.359999656677246,11.220000267028809,11.3100004196167,91000,0.0,0.0
2023-12-11 00:00:00-05:00,11.220000267028809,11.220000267028809,10.90999984741211,10.960000038146973,175100,0.0,0.0
2023-12-12 00:00:00-05:00,10.949999809265137,11.069999694824219,10.789999961853027,10.850000381469727,204900,0.0,0.0
2023-12-13 00:00:00-05:00,10.869999885559082,11.359999656677246,10.829999923706055,11.329999923706055,269000,0.0,0.0
2023-12-14 00:00:00-05:00,11.5,11.5,11.34000015258789,11.369999885559082,168000,0.0,0.0
2023-12-15 00:00:00-05:00,11.380000114440918,11.5,11.010000228881836,11.220000267028809,187100,0.0,0.0
2023-12-18 00:00:00-05:00,11.319999694824219,11.59000015258789,11.210000038146973,11.390000343322754,264300,0.0,0.0
2023-12-19 00:00:00-05:00,11.479999542236328,11.619999885559082,11.399999618530273,11.510000228881836,184100,0.0,0.0
2023-12-20 00:00:00-05:00,11.649999618530273,11.649999618530273,11.319999694824219,11.369999885559082,303400,0.0,0.0
2023-12-21 00:00:00-05:00,11.489999771118164,11.579999923706055,11.34000015258789,11.479999542236328,173300,0.0,0.0
2023-12-22 00:00:00-05:00,11.59000015258789,11.930000305175781,11.579999923706055,11.880000114440918,172400,0.0,0.0
2023-12-26 00:00:00-05:00,11.869999885559082,11.960000038146973,11.6899995803833,11.9399995803833,250000,0.0,0.0
2023-12-27 00:00:00-05:00,11.970000267028809,12.069999694824219,11.899999618530273,11.9399995803833,147900,0.0,0.0
2023-12-28 00:00:00-05:00,11.960000038146973,11.960000038146973,11.720000267028809,11.829999923706055,88500,0.0,0.0
2023-12-29 00:00:00-05:00,11.800000190734863,11.850000381469727,11.430000305175781,11.470000267028809,171500,0.0,0.0
2024-01-02 00:00:00-05:00,11.449999809265137,11.449999809265137,11.229999542236328,11.319999694824219,156700,0.0,0.0
2024-01-03 00:00:00-05:00,11.3100004196167,11.3100004196167,11.109999656677246,11.15999984741211,128500,0.0,0.0
2024-01-04 00:00:00-05:00,11.149999618530273,11.380000114440918,11.100000381469727,11.279999732971191,171400,0.0,0.0
2024-01-05 00:00:00-05:00,11.279999732971191,11.390000343322754,11.140000343322754,11.1899995803833,130000,0.0,0.0
2024-01-08 00:00:00-05:00,11.479999542236328,11.479999542236328,11.319999694824219,11.369999885559082,177900,0.0,0.0
2024-01-09 00:00:00-05:00,11.319999694824219,11.470000267028809,11.210000038146973,11.260000228881836,124600,0.0,0.0
2024-01-10 00:00:00-05:00,11.239999771118164,11.369999885559082,11.210000038146973,11.329999923706055,137800,0.0,0.0
2024-01-11 00:00:00-05:00,11.420000076293945,11.59000015258789,11.270000457763672,11.489999771118164,178700,0.0,0.0
2024-01-12 00:00:00-05:00,11.5600004196167,11.8100004196167,11.529999732971191,11.710000038146973,141000,0.0,0.0
2024-01-16 00:00:00-05:00,11.609999656677246,11.670000076293945,11.5,11.569999694824219,102800,0.0,0.0
2024-01-17 00:00:00-05:00,11.479999542236328,11.529999732971191,11.359999656677246,11.510000228881836,78700,0.0,0.0
2024-01-18 00:00:00-05:00,11.460000038146973,11.640000343322754,11.449999809265137,11.5,110300,0.0,0.0
2024-01-19 00:00:00-05:00,11.489999771118164,11.600000381469727,11.380000114440918,11.520000457763672,138800,0.0,0.0
2024-01-22 00:00:00-05:00,11.640000343322754,11.760000228881836,11.539999961853027,11.729999542236328,107800,0.0,0.0
2024-01-23 00:00:00-05:00,11.729999542236328,11.800000190734863,11.6899995803833,11.699999809265137,119500,0.0,0.0
2024-01-24 00:00:00-05:00,11.800000190734863,11.899999618530273,11.630000114440918,11.640000343322754,108300,0.0,0.0
2024-01-25 00:00:00-05:00,11.649999618530273,11.729999542236328,11.579999923706055,11.579999923706055,139200,0.0,0.0
2024-01-26 00:00:00-05:00,11.529999732971191,11.630000114440918,11.510000228881836,11.59000015258789,99300,0.0,0.0
2024-01-29 00:00:00-05:00,11.520000457763672,11.649999618530273,11.4399995803833,11.640000343322754,147400,0.0,0.0
2024-01-30 00:00:00-05:00,11.579999923706055,11.680000305175781,11.579999923706055,11.630000114440918,117800,0.0,0.0
2024-01-31 00:00:00-05:00,11.550000190734863,11.699999809265137,11.550000190734863,11.630000114440918,109600,0.0,0.0
2024-02-01 00:00:00-05:00,11.609999656677246,11.710000038146973,11.569999694824219,11.680000305175781,123000,0.0,0.0
2024-02-02 00:00:00-05:00,11.640000343322754,11.729999542236328,11.609999656677246,11.65999984741211,125700,0.0,0.0
2024-02-05 00:00:00-05:00,11.65999984741211,11.680000305175781,11.5600004196167,11.670000076293945,110700,0.0,0.0
2024-02-06 00:00:00-05:00,11.619999885559082,11.800000190734863,11.619999885559082,11.789999961853027,132000,0.0,0.0
2024-02-07 00:00:00-05:00,11.8100004196167,11.899999618530273,11.739999771118164,11.859999656677246,96400,0.0,0.0
2024-02-08 00:00:00-05:00,11.869999885559082,12.079999923706055,11.819999694824219,11.930000305175781,162900,0.0,0.0
2024-02-09 00:00:00-05:00,11.850000381469727,11.949999809265137,11.819999694824219,11.899999618530273,90000,0.0,0.0
2024-02-12 00:00:00-05:00,11.899999618530273,12.029999732971191,11.859999656677246,11.949999809265137,126600,0.0,0.0
2024-02-13 00:00:00-05:00,11.850000381469727,11.90999984741211,11.770000457763672,11.819999694824219,116400,0.0,0.0
2024-02-14 00:00:00-05:00,11.84000015258789,11.9399995803833,11.829999923706055,11.90999984741211,88600,0.0,0.0
2024-02-15 00:00:00-05:00,11.949999809265137,12.079999923706055,11.930000305175781,12.0600004196167,126000,0.0,0.0
2024-02-16 00:00:00-05:00,11.989999771118164,12.039999961853027,11.930000305175781,12.020000457763672,192700,0.0,0.0
2024-02-20 00:00:00-05:00,12.09000015258789,12.09000015258789,11.970000267028809,12.020000457763672,139900,0.0,0.0
2024-02-21 00:00:00-05:00,12.09000015258789,12.09000015258789,11.90999984741211,11.9399995803833,166200,0.0,0.0
2024-02-22 00:00:00-05:00,12.039999961853027,12.039999961853027,11.949999809265137,11.989999771118164,103400,0.0,0.0
2024-02-23 00:00:00-05:00,12.029999732971191,12.079999923706055,11.979999542236328,12.0,96300,0.0,0.0
2024-02-26 00:00:00-05:00,12.09000015258789,12.09000015258789,11.979999542236328,12.039999961853027,105400,0.0,0.0
2024-02-27 00:00:00-05:00,12.079999923706055,12.079999923706055,12.020000457763672,12.079999923706055,85900,0.0,0.0
2024-02-28 00:00:00-05:00,11.949999809265137,12.010000228881836,11.949999809265137,11.960000038146973,143500,0.0,0.0
2024-02-29 00:00:00-05:00,12.010000228881836,12.09000015258789,11.899999618530273,11.920000076293945,155800,0.0,0.0
2024-03-01 00:00:00-05:00,11.930000305175781,11.979999542236328,11.829999923706055,11.899999618530273,181000,0.0,0.0
2024-03-04 00:00:00-05:00,11.90999984741211,12.0600004196167,11.84000015258789,11.869999885559082,160700,0.0,0.0
2024-03-05 00:00:00-05:00,11.859999656677246,11.880000114440918,11.800000190734863,11.84000015258789,127000,0.0,0.0
2024-03-06 00:00:00-05:00,11.829999923706055,12.0,11.829999923706055,11.970000267028809,131500,0.0,0.0
2024-03-07 00:00:00-05:00,12.039999961853027,12.050000190734863,11.979999542236328,12.029999732971191,96400,0.0,0.0
2024-03-08 00:00:00-05:00,12.0,12.079999923706055,11.949999809265137,12.0600004196167,133200,0.0,0.0
2024-03-11 00:00:00-04:00,12.100000381469727,12.149999618530273,12.050000190734863,12.140000343322754,142200,0.0,0.0
2024-03-12 00:00:00-04:00,12.130000114440918,12.15999984741211,12.09000015258789,12.140000343322754,130000,0.0,0.0
2024-03-13 00:00:00-04:00,12.039999961853027,12.069999694824219,11.979999542236328,12.010000228881836,121100,0.0,0.0
2024-03-14 00:00:00-04:00,12.039999961853027,12.050000190734863,11.869999885559082,11.880000114440918,89200,0.0,0.0
2024-03-15 00:00:00-04:00,11.899999618530273,11.949999809265137,11.84000015258789,11.949999809265137,102500,0.0,0.0
2024-03-18 00:00:00-04:00,11.949999809265137,11.979999542236328,11.869999885559082,11.880000114440918,101900,0.0,0.0
2024-03-19 00:00:00-04:00,11.850000381469727,11.90999984741211,11.829999923706055,11.899999618530273,87200,0.0,0.0
2024-03-20 00:00:00-04:00,11.880000114440918,12.020000457763672,11.859999656677246,12.020000457763672,139700,0.0,0.0
2024-03-21 00:00:00-04:00,12.140000343322754,12.15999984741211,12.039999961853027,12.109999656677246,217800,0.0,0.0
2024-03-22 00:00:00-04:00,12.140000343322754,12.149999618530273,12.020000457763672,12.09000015258789,101600,0.0,0.0
2024-03-25 00:00:00-04:00,11.960000038146973,12.029999732971191,11.930000305175781,12.0,139300,0.0,0.0
2024-03-26 00:00:00-04:00,11.9399995803833,11.970000267028809,11.829999923706055,11.890000343322754,157700,0.0,0.0
2024-03-27 00:00:00-04:00,11.819999694824219,11.869999885559082,11.729999542236328,11.859999656677246,216100,0.0,0.0
2024-03-28 00:00:00-04:00,11.789999961853027,11.829999923706055,11.699999809265137,11.8100004196167,245200,0.0,0.0
2024-04-01 00:00:00-04:00,11.859999656677246,11.859999656677246,11.510000228881836,11.59000015258789,189200,0.0,0.0
2024-04-02 00:00:00-04:00,11.510000228881836,11.539999961853027,11.239999771118164,11.449999809265137,309900,0.0,0.0
2024-04-03 00:00:00-04:00,11.420000076293945,11.420000076293945,11.239999771118164,11.390000343322754,175400,0.0,0.0
2024-04-04 00:00:00-04:00,11.399999618530273,11.470000267028809,11.279999732971191,11.289999961853027,225400,0.0,0.0
2024-04-05 00:00:00-04:00,11.289999961853027,11.430000305175781,11.289999961853027,11.420000076293945,113700,0.0,0.0
2024-04-08 00:00:00-04:00,11.430000305175781,11.569999694824219,11.40999984741211,11.510000228881836,132200,0.0,0.0
2024-04-09 00:00:00-04:00,11.510000228881836,11.670000076293945,11.489999771118164,11.579999923706055,150400,0.0,0.0
2024-04-10 00:00:00-04:00,11.550000190734863,11.579999923706055,11.399999618530273,11.399999618530273,155800,0.0,0.0
2024-04-11 00:00:00-04:00,11.3100004196167,11.34000015258789,11.25,11.329999923706055,83600,0.0,0.0
2024-04-12 00:00:00-04:00,11.239999771118164,11.3100004196167,11.100000381469727,11.100000381469727,142300,0.0,0.0
2024-04-15 00:00:00-04:00,11.130000114440918,11.170000076293945,10.859999656677246,10.859999656677246,175500,0.0,0.0
2024-04-16 00:00:00-04:00,10.819999694824219,10.890000343322754,10.770000457763672,10.890000343322754,258400,0.0,0.0
2024-04-17 00:00:00-04:00,10.930000305175781,11.0600004196167,10.920000076293945,11.020000457763672,141300,0.0,0.0
2024-04-18 00:00:00-04:00,11.029999732971191,11.039999961853027,10.960000038146973,11.039999961853027,130300,0.0,0.0
2024-04-19 00:00:00-04:00,11.109999656677246,11.260000228881836,11.050000190734863,11.130000114440918,203000,0.0,0.0
2024-04-22 00:00:00-04:00,11.289999961853027,11.329999923706055,11.15999984741211,11.319999694824219,146700,0.0,0.0
2024-04-23 00:00:00-04:00,11.390000343322754,11.510000228881836,11.319999694824219,11.4399995803833,115700,0.0,0.0
2024-04-24 00:00:00-04:00,11.510000228881836,11.539999961853027,11.34000015258789,11.390000343322754,102700,0.0,0.0
2024-04-25 00:00:00-04:00,11.300000190734863,11.359999656677246,11.229999542236328,11.34000015258789,118200,0.0,0.0
2024-04-26 00:00:00-04:00,11.390000343322754,11.399999618530273,11.260000228881836,11.34000015258789,93400,0.0,0.0
2024-04-29 00:00:00-04:00,11.279999732971191,11.359999656677246,11.25,11.34000015258789,156000,0.0,0.0
2024-04-30 00:00:00-04:00,11.329999923706055,11.34000015258789,11.1899995803833,11.199999809265137,104300,0.0,0.0
2024-05-01 00:00:00-04:00,11.199999809265137,11.289999961853027,11.170000076293945,11.229999542236328,259900,0.0,0.0
2024-05-02 00:00:00-04:00,11.260000228881836,11.279999732971191,11.100000381469727,11.140000343322754,399000,0.0,0.0
2024-05-03 00:00:00-04:00,11.199999809265137,11.25,11.15999984741211,11.180000305175781,235700,0.0,0.0
2024-05-06 00:00:00-04:00,11.220000267028809,11.270000457763672,11.1899995803833,11.229999542236328,156800,0.0,0.0
2024-05-07 00:00:00-04:00,11.260000228881836,11.300000190734863,11.199999809265137,11.229999542236328,211900,0.0,0.0
2024-05-08 00:00:00-04:00,11.229999542236328,11.229999542236328,11.140000343322754,11.149999618530273,197500,0.0,0.0
2024-05-09 00:00:00-04:00,11.149999618530273,11.199999809265137,11.109999656677246,11.149999618530273,155500,0.0,0.0
2024-05-10 00:00:00-04:00,11.199999809265137,11.199999809265137,11.079999923706055,11.140000343322754,179000,0.0,0.0
2024-05-13 00:00:00-04:00,11.09000015258789,11.119999885559082,11.010000228881836,11.039999961853027,144000,0.0,0.0
2024-05-14 00:00:00-04:00,11.029999732971191,11.100000381469727,11.0,11.100000381469727,193900,0.0,0.0
2024-05-15 00:00:00-04:00,11.149999618530273,11.25,11.109999656677246,11.109999656677246,352000,0.0,0.0
2024-05-16 00:00:00-04:00,11.119999885559082,11.25,11.079999923706055,11.140000343322754,227400,0.0,0.0
2024-05-17 00:00:00-04:00,11.180000305175781,11.220000267028809,11.079999923706055,11.130000114440918,164300,0.0,0.0
2024-05-20 00:00:00-04:00,11.140000343322754,11.220000267028809,11.130000114440918,11.199999809265137,133900,0.0,0.0
2024-05-21 00:00:00-04:00,11.270000457763672,11.319999694824219,11.199999809265137,11.319999694824219,228000,0.0,0.0
2024-05-22 00:00:00-04:00,11.359999656677246,11.359999656677246,11.15999984741211,11.1899995803833,158400,0.0,0.0
2024-05-23 00:00:00-04:00,11.210000038146973,11.210000038146973,11.029999732971191,11.039999961853027,134700,0.0,0.0
2024-05-24 00:00:00-04:00,11.069999694824219,11.140000343322754,11.039999961853027,11.140000343322754,89200,0.0,0.0
2024-05-28 00:00:00-04:00,11.119999885559082,11.130000114440918,11.010000228881836,11.039999961853027,146500,0.0,0.0
2024-05-29 00:00:00-04:00,11.0,11.029999732971191,10.949999809265137,11.020000457763672,128400,0.0,0.0
2024-05-30 00:00:00-04:00,11.039999961853027,11.079999923706055,10.989999771118164,11.020000457763672,125700,0.0,0.0
2024-05-31 00:00:00-04:00,11.050000190734863,11.119999885559082,10.989999771118164,11.119999885559082,125200,0.0,0.0
2024-06-03 00:00:00-04:00,11.09000015258789,11.1899995803833,11.069999694824219,11.130000114440918,144000,0.0,0.0
2024-06-04 00:00:00-04:00,11.149999618530273,11.239999771118164,11.100000381469727,11.220000267028809,167200,0.0,0.0
2024-06-05 00:00:00-04:00,11.25,11.34000015258789,11.199999809265137,11.34000015258789,156600,0.0,0.0
2024-06-06 00:00:00-04:00,11.34000015258789,11.34000015258789,11.260000228881836,11.289999961853027,118600,0.0,0.0
2024-06-07 00:00:00-04:00,11.170000076293945,11.279999732971191,11.170000076293945,11.239999771118164,108200,0.0,0.0
2024-06-10 00:00:00-04:00,11.260000228881836,11.380000114440918,11.25,11.350000381469727,117800,0.0,0.0
2024-06-11 00:00:00-04:00,11.329999923706055,11.399999618530273,11.289999961853027,11.399999618530273,103100,0.0,0.0
2024-06-12 00:00:00-04:00,11.4399995803833,11.529999732971191,11.420000076293945,11.479999542236328,217200,0.0,0.0
2024-06-13 00:00:00-04:00,11.520000457763672,11.520000457763672,11.359999656677246,11.40999984741211,115400,0.0,0.0
2024-06-14 00:00:00-04:00,11.270000457763672,11.3100004196167,11.130000114440918,11.170000076293945,93800,0.0,0.0
2024-06-17 00:00:00-04:00,11.170000076293945,11.199999809265137,11.100000381469727,11.140000343322754,155100,0.0,0.0
2024-06-18 00:00:00-04:00,11.170000076293945,11.180000305175781,11.0600004196167,11.119999885559082,132000,0.0,0.0
2024-06-20 00:00:00-04:00,11.149999618530273,11.15999984741211,11.050000190734863,11.130000114440918,256800,0.0,0.0
2024-06-21 00:00:00-04:00,11.109999656677246,11.1899995803833,11.09000015258789,11.119999885559082,99700,0.0,0.0
2024-06-24 00:00:00-04:00,11.130000114440918,11.220000267028809,11.050000190734863,11.079999923706055,362400,0.0,0.0
2024-06-25 00:00:00-04:00,11.100000381469727,11.130000114440918,11.050000190734863,11.079999923706055,145300,0.0,0.0
2024-06-26 00:00:00-04:00,11.079999923706055,11.109999656677246,11.020000457763672,11.0600004196167,145300,0.0,0.0
2024-06-27 00:00:00-04:00,11.09000015258789,11.119999885559082,11.020000457763672,11.109999656677246,115400,0.0,0.0
2024-06-28 00:00:00-04:00,11.149999618530273,11.199999809265137,11.109999656677246,11.15999984741211,103700,0.0,0.0
2024-07-01 00:00:00-04:00,11.140000343322754,11.170000076293945,11.100000381469727,11.170000076293945,132100,0.0,0.0
2024-07-02 00:00:00-04:00,11.140000343322754,11.25,11.140000343322754,11.229999542236328,158900,0.0,0.0
2024-07-03 00:00:00-04:00,11.229999542236328,11.319999694824219,11.210000038146973,11.319999694824219,66300,0.0,0.0
2024-07-05 00:00:00-04:00,11.319999694824219,11.350000381469727,11.279999732971191,11.34000015258789,109700,0.0,0.0
2024-07-08 00:00:00-04:00,11.3100004196167,11.380000114440918,11.3100004196167,11.369999885559082,144500,0.0,0.0
2024-07-09 00:00:00-04:00,11.359999656677246,11.390000343322754,11.279999732971191,11.289999961853027,179100,0.0,0.0
2024-07-10 00:00:00-04:00,11.319999694824219,11.350000381469727,11.289999961853027,11.350000381469727,111800,0.0,0.0
2024-07-11 00:00:00-04:00,11.420000076293945,11.420000076293945,11.3100004196167,11.319999694824219,202700,0.0,0.0
2024-07-12 00:00:00-04:00,11.270000457763672,11.399999618530273,11.210000038146973,11.3100004196167,161200,0.0,0.0
2024-07-15 00:00:00-04:00,11.3100004196167,11.329999923706055,11.229999542236328,11.319999694824219,132500,0.0,0.0
2024-07-16 00:00:00-04:00,11.300000190734863,11.430000305175781,11.279999732971191,11.420000076293945,164400,0.0,0.0
2024-07-17 00:00:00-04:00,11.380000114440918,11.40999984741211,11.300000190734863,11.350000381469727,114200,0.0,0.0
2024-07-18 00:00:00-04:00,11.350000381469727,11.399999618530273,11.220000267028809,11.270000457763672,134100,0.0,0.0
2024-07-19 00:00:00-04:00,11.390000343322754,11.390000343322754,11.260000228881836,11.329999923706055,141900,0.0,0.0
2024-07-22 00:00:00-04:00,11.359999656677246,11.470000267028809,11.3100004196167,11.460000038146973,147400,0.0,0.0
2024-07-23 00:00:00-04:00,11.479999542236328,11.550000190734863,11.420000076293945,11.470000267028809,252300,0.0,0.0
2024-07-24 00:00:00-04:00,11.420000076293945,11.449999809265137,11.289999961853027,11.300000190734863,90300,0.0,0.0
2024-07-25 00:00:00-04:00,11.300000190734863,11.319999694824219,11.15999984741211,11.210000038146973,188600,0.0,0.0
2024-07-26 00:00:00-04:00,11.270000457763672,11.300000190734863,11.149999618530273,11.170000076293945,238900,0.0,0.0
2024-07-29 00:00:00-04:00,11.15999984741211,11.220000267028809,11.119999885559082,11.140000343322754,126900,0.0,0.0
2024-07-30 00:00:00-04:00,11.25,11.289999961853027,11.180000305175781,11.260000228881836,148700,0.0,0.0
2024-07-31 00:00:00-04:00,11.300000190734863,11.399999618530273,11.260000228881836,11.390000343322754,157400,0.0,0.0
2024-08-01 00:00:00-04:00,11.399999618530273,11.399999618530273,11.270000457763672,11.34000015258789,131800,0.0,0.0
2024-08-02 00:00:00-04:00,11.260000228881836,11.260000228881836,11.149999618530273,11.1899995803833,150300,0.0,0.0
2024-08-05 00:00:00-04:00,10.880000114440918,11.15999984741211,10.84000015258789,11.130000114440918,450700,0.0,0.0
2024-08-06 00:00:00-04:00,11.140000343322754,11.319999694824219,11.100000381469727,11.25,165700,0.0,0.0
2024-08-07 00:00:00-04:00,11.329999923706055,11.369999885559082,11.279999732971191,11.3100004196167,132100,0.0,0.0
2024-08-08 00:00:00-04:00,11.3100004196167,11.430000305175781,11.3100004196167,11.40999984741211,125700,0.0,0.0
2024-08-09 00:00:00-04:00,11.319999694824219,11.369999885559082,11.229999542236328,11.270000457763672,159400,0.0,0.0
2024-08-12 00:00:00-04:00,11.279999732971191,11.3100004196167,11.180000305175781,11.3100004196167,117100,0.0,0.0
2024-08-13 00:00:00-04:00,11.350000381469727,11.489999771118164,11.270000457763672,11.470000267028809,222200,0.0,0.0
2024-08-14 00:00:00-04:00,11.430000305175781,11.479999542236328,11.390000343322754,11.479999542236328,52000,0.0,0.0
2024-08-15 00:00:00-04:00,11.489999771118164,11.550000190734863,11.460000038146973,11.550000190734863,122100,0.0,0.0
2024-08-16 00:00:00-04:00,11.600000381469727,11.6899995803833,11.510000228881836,11.630000114440918,168600,0.0,0.0
2024-08-19 00:00:00-04:00,11.649999618530273,11.680000305175781,11.5600004196167,11.680000305175781,102700,0.0,0.0
2024-08-20 00:00:00-04:00,11.649999618530273,11.680000305175781,11.569999694824219,11.59000015258789,78400,0.0,0.0
2024-08-21 00:00:00-04:00,11.619999885559082,11.640000343322754,11.550000190734863,11.59000015258789,104100,0.0,0.0
2024-08-22 00:00:00-04:00,11.640000343322754,11.640000343322754,11.449999809265137,11.489999771118164,170600,0.0,0.0
2024-08-23 00:00:00-04:00,11.569999694824219,11.710000038146973,11.5,11.699999809265137,165000,0.0,0.0
