Date,Open,High,Low,Close,Volume,Dividends,Stock Splits
2022-09-16 00:00:00-04:00,72.9000015258789,72.9000015258789,40.0,40.20000076293945,50150,0.0,0.0
2022-09-19 00:00:00-04:00,48.20000076293945,50.900001525878906,23.34000015258789,25.0,424820,0.0,0.0
2022-09-20 00:00:00-04:00,22.5,24.799999237060547,20.200000762939453,21.100000381469727,229290,0.0,0.0
2022-09-21 00:00:00-04:00,22.799999237060547,28.200000762939453,21.0,22.399999618530273,461390,0.0,0.0
2022-09-22 00:00:00-04:00,20.5,22.600000381469727,19.200000762939453,20.5,97990,0.0,0.0
2022-09-23 00:00:00-04:00,19.5,20.5,16.5,17.299999237060547,59350,0.0,0.0
2022-09-26 00:00:00-04:00,16.799999237060547,18.0,14.899999618530273,14.899999618530273,42920,0.0,0.0
2022-09-27 00:00:00-04:00,14.5,16.649999618530273,14.300000190734863,14.800000190734863,32830,0.0,0.0
2022-09-28 00:00:00-04:00,14.899999618530273,18.43000030517578,14.600000381469727,16.200000762939453,47230,0.0,0.0
2022-09-29 00:00:00-04:00,15.699999809265137,17.0,14.300000190734863,14.399999618530273,20880,0.0,0.0
2022-09-30 00:00:00-04:00,14.800000190734863,15.100000381469727,12.300000190734863,12.800000190734863,23510,0.0,0.0
2022-10-03 00:00:00-04:00,13.199999809265137,13.800000190734863,12.100000381469727,12.699999809265137,17310,0.0,0.0
2022-10-04 00:00:00-04:00,12.100000381469727,13.9399995803833,10.600000381469727,11.399999618530273,70300,0.0,0.0
2022-10-05 00:00:00-04:00,11.5,18.0,11.199999809265137,16.100000381469727,360670,0.0,0.0
2022-10-06 00:00:00-04:00,15.0,15.600000381469727,13.100000381469727,13.199999809265137,71770,0.0,0.0
2022-10-07 00:00:00-04:00,12.699999809265137,13.899999618530273,11.899999618530273,12.5,22580,0.0,0.0
2022-10-10 00:00:00-04:00,12.199999809265137,12.600000381469727,10.5,11.399999618530273,21080,0.0,0.0
2022-10-11 00:00:00-04:00,11.329999923706055,11.539999961853027,8.760000228881836,8.979999542236328,62030,0.0,0.0
2022-10-12 00:00:00-04:00,9.3100004196167,17.399999618530273,9.020000457763672,14.300000190734863,2856860,0.0,0.0
2022-10-13 00:00:00-04:00,11.600000381469727,14.899999618530273,11.600000381469727,14.5,235790,0.0,0.0
2022-10-14 00:00:00-04:00,13.699999809265137,15.399999618530273,10.399999618530273,12.0,200750,0.0,0.0
2022-10-17 00:00:00-04:00,11.0,11.300000190734863,9.800000190734863,10.199999809265137,66640,0.0,0.0
2022-10-18 00:00:00-04:00,10.600000381469727,11.579999923706055,9.1899995803833,9.640000343322754,58400,0.0,0.0
2022-10-19 00:00:00-04:00,9.399999618530273,9.899999618530273,9.0,9.449999809265137,25410,0.0,0.0
2022-10-20 00:00:00-04:00,9.319999694824219,9.399999618530273,8.670000076293945,8.699999809265137,43540,0.0,0.0
2022-10-21 00:00:00-04:00,8.449999809265137,8.520000457763672,7.980000019073486,8.350000381469727,28190,0.0,0.0
2022-10-24 00:00:00-04:00,8.5,8.899999618530273,7.150000095367432,7.96999979019165,33230,0.0,0.0
2022-10-25 00:00:00-04:00,7.739999771118164,8.399999618530273,7.050000190734863,8.100000381469727,21450,0.0,0.0
2022-10-26 00:00:00-04:00,8.399999618530273,8.399999618530273,7.46999979019165,7.949999809265137,17250,0.0,0.0
2022-10-27 00:00:00-04:00,8.25,8.25,7.400000095367432,7.699999809265137,12090,0.0,0.0
2022-10-28 00:00:00-04:00,7.949999809265137,8.300000190734863,7.369999885559082,7.5,9620,0.0,0.0
2022-10-31 00:00:00-04:00,7.53000020980835,7.849999904632568,7.199999809265137,7.699999809265137,18250,0.0,0.0
2022-11-01 00:00:00-04:00,7.539999961853027,7.690000057220459,7.199999809265137,7.409999847412109,9610,0.0,0.0
2022-11-02 00:00:00-04:00,7.0,7.190000057220459,6.300000190734863,6.400000095367432,24160,0.0,0.0
2022-11-03 00:00:00-04:00,6.389999866485596,6.699999809265137,5.900000095367432,6.0,28370,0.0,0.0
2022-11-04 00:00:00-04:00,6.0,6.409999847412109,5.400000095367432,5.599999904632568,37520,0.0,0.0
2022-11-07 00:00:00-05:00,5.5,5.699999809265137,5.190000057220459,5.320000171661377,32920,0.0,0.0
2022-11-08 00:00:00-05:00,5.199999809265137,5.699999809265137,5.199999809265137,5.210000038146973,13170,0.0,0.0
2022-11-09 00:00:00-05:00,6.0,6.0,5.099999904632568,5.099999904632568,10630,0.0,0.0
2022-11-10 00:00:00-05:00,5.360000133514404,5.789999961853027,5.130000114440918,5.420000076293945,20130,0.0,0.0
2022-11-11 00:00:00-05:00,5.260000228881836,5.659999847412109,4.699999809265137,5.300000190734863,26520,0.0,0.0
2022-11-14 00:00:00-05:00,6.0,6.760000228881836,5.21999979019165,5.650000095367432,70400,0.0,0.0
2022-11-15 00:00:00-05:00,5.650000095367432,5.800000190734863,4.420000076293945,4.929999828338623,52340,0.0,0.0
2022-11-16 00:00:00-05:00,5.0,5.0,4.440000057220459,4.539999961853027,28280,0.0,0.0
2022-11-17 00:00:00-05:00,4.429999828338623,4.800000190734863,4.179999828338623,4.440000057220459,25380,0.0,0.0
2022-11-18 00:00:00-05:00,4.699999809265137,7.5,4.5,6.519999980926514,474160,0.0,0.0
2022-11-21 00:00:00-05:00,6.5,6.5,4.239999771118164,4.880000114440918,116920,0.0,0.0
2022-11-22 00:00:00-05:00,5.0,7.78000020980835,5.0,7.199999809265137,320550,0.0,0.0
2022-11-23 00:00:00-05:00,6.940000057220459,7.150000095367432,5.599999904632568,6.239999771118164,113790,0.0,0.0
2022-11-25 00:00:00-05:00,5.960000038146973,6.239999771118164,5.800000190734863,6.150000095367432,12510,0.0,0.0
2022-11-28 00:00:00-05:00,6.010000228881836,6.550000190734863,5.099999904632568,5.550000190734863,47530,0.0,0.0
2022-11-29 00:00:00-05:00,5.380000114440918,5.380000114440918,4.489999771118164,5.130000114440918,61200,0.0,0.0
2022-11-30 00:00:00-05:00,5.320000171661377,5.320000171661377,4.900000095367432,5.0,10800,0.0,0.0
2022-12-01 00:00:00-05:00,4.960000038146973,5.0,4.760000228881836,4.960000038146973,19190,0.0,0.0
2022-12-02 00:00:00-05:00,4.809999942779541,4.909999847412109,4.599999904632568,4.699999809265137,13900,0.0,0.0
2022-12-05 00:00:00-05:00,4.800000190734863,6.71999979019165,4.579999923706055,5.599999904632568,214070,0.0,0.0
2022-12-06 00:00:00-05:00,6.380000114440918,6.389999866485596,5.099999904632568,5.440000057220459,132300,0.0,0.0
2022-12-07 00:00:00-05:00,5.159999847412109,5.159999847412109,4.5,4.900000095367432,30840,0.0,0.0
2022-12-08 00:00:00-05:00,4.800000190734863,5.0,4.570000171661377,4.840000152587891,12650,0.0,0.0
2022-12-09 00:00:00-05:00,5.039999961853027,5.150000095367432,4.599999904632568,4.889999866485596,19060,0.0,0.0
2022-12-12 00:00:00-05:00,4.869999885559082,5.21999979019165,4.53000020980835,4.960000038146973,28100,0.0,0.0
2022-12-13 00:00:00-05:00,5.0,5.300000190734863,4.75,4.989999771118164,18010,0.0,0.0
2022-12-14 00:00:00-05:00,4.900000095367432,5.199999809265137,4.309999942779541,4.980000019073486,32840,0.0,0.0
2022-12-15 00:00:00-05:00,5.0,5.0,4.099999904632568,4.409999847412109,22230,0.0,0.0
2022-12-16 00:00:00-05:00,4.800000190734863,4.800000190734863,4.070000171661377,4.070000171661377,32680,0.0,0.0
2022-12-19 00:00:00-05:00,4.179999828338623,4.199999809265137,3.5,3.5299999713897705,33520,0.0,0.0
2022-12-20 00:00:00-05:00,3.549999952316284,3.740000009536743,2.9000000953674316,3.0,37300,0.0,0.0
2022-12-21 00:00:00-05:00,2.940000057220459,3.1700000762939453,2.809999942779541,2.809999942779541,14300,0.0,0.0
2022-12-22 00:00:00-05:00,2.9000000953674316,2.9800000190734863,2.7699999809265137,2.8499999046325684,5890,0.0,0.0
2022-12-23 00:00:00-05:00,2.9000000953674316,2.9000000953674316,2.5999999046325684,2.5999999046325684,10850,0.0,0.0
2022-12-27 00:00:00-05:00,2.6500000953674316,2.75,2.299999952316284,2.559999942779541,18850,0.0,0.0
2022-12-28 00:00:00-05:00,2.5999999046325684,2.9600000381469727,2.509999990463257,2.799999952316284,19130,0.0,0.0
2022-12-29 00:00:00-05:00,2.9000000953674316,2.9600000381469727,2.5299999713897705,2.9600000381469727,22300,0.0,0.0
2022-12-30 00:00:00-05:00,2.9200000762939453,3.7899999618530273,2.5999999046325684,3.7899999618530273,21600,0.0,0.0
2023-01-03 00:00:00-05:00,3.680000066757202,3.700000047683716,2.809999942779541,3.0999999046325684,18060,0.0,0.0
2023-01-04 00:00:00-05:00,3.259999990463257,3.430000066757202,3.0,3.200000047683716,18470,0.0,0.0
2023-01-05 00:00:00-05:00,3.359999895095825,3.7699999809265137,3.200000047683716,3.7300000190734863,62230,0.0,0.0
2023-01-06 00:00:00-05:00,4.5,4.5,3.299999952316284,3.5999999046325684,58460,0.0,0.0
2023-01-09 00:00:00-05:00,3.490000009536743,3.9200000762939453,3.2100000381469727,3.2100000381469727,18500,0.0,0.0
2023-01-10 00:00:00-05:00,3.799999952316284,3.799999952316284,3.140000104904175,3.4000000953674316,34100,0.0,0.0
2023-01-11 00:00:00-05:00,3.5999999046325684,4.349999904632568,3.509999990463257,3.759999990463257,59360,0.0,0.0
2023-01-12 00:00:00-05:00,3.880000114440918,3.890000104904175,3.5999999046325684,3.809999942779541,26670,0.0,0.0
2023-01-13 00:00:00-05:00,3.8499999046325684,4.199999809265137,3.700000047683716,3.990000009536743,39350,0.0,0.0
2023-01-17 00:00:00-05:00,3.869999885559082,4.5,3.700000047683716,4.349999904632568,41990,0.0,0.0
2023-01-18 00:00:00-05:00,4.260000228881836,4.5,3.799999952316284,4.329999923706055,35910,0.0,0.0
2023-01-19 00:00:00-05:00,4.099999904632568,4.199999809265137,3.7200000286102295,3.950000047683716,20910,0.0,0.0
2023-01-20 00:00:00-05:00,3.950000047683716,6.199999809265137,3.75,5.0,368840,0.0,0.0
2023-01-23 00:00:00-05:00,4.590000152587891,4.730000019073486,4.199999809265137,4.309999942779541,77940,0.0,0.0
2023-01-24 00:00:00-05:00,4.5,4.5,4.119999885559082,4.25,42520,0.0,0.0
2023-01-25 00:00:00-05:00,4.239999771118164,4.239999771118164,4.03000020980835,4.099999904632568,12290,0.0,0.0
2023-01-26 00:00:00-05:00,4.190000057220459,7.199999809265137,4.019999980926514,5.099999904632568,1795760,0.0,0.0
2023-01-27 00:00:00-05:00,6.0,14.600000381469727,5.559999942779541,9.989999771118164,6456770,0.0,0.0
2023-01-30 00:00:00-05:00,8.800000190734863,11.199999809265137,7.380000114440918,9.300000190734863,847530,0.0,0.0
2023-01-31 00:00:00-05:00,10.399999618530273,14.800000190734863,9.329999923706055,10.399999618530273,2651790,0.0,0.0
2023-02-01 00:00:00-05:00,10.100000381469727,11.5,9.0,10.800000190734863,373920,0.0,0.0
2023-02-02 00:00:00-05:00,11.300000190734863,12.800000190734863,10.699999809265137,12.0,266030,0.0,0.0
2023-02-03 00:00:00-05:00,11.699999809265137,15.600000381469727,11.5,14.899999618530273,741950,0.0,0.0
2023-02-06 00:00:00-05:00,14.0,16.5,13.100000381469727,13.600000381469727,354170,0.0,0.0
2023-02-07 00:00:00-05:00,12.899999618530273,12.899999618530273,10.5,10.699999809265137,181300,0.0,0.0
2023-02-08 00:00:00-05:00,11.199999809265137,11.600000381469727,8.899999618530273,10.0,219160,0.0,0.0
2023-02-09 00:00:00-05:00,11.300000190734863,11.699999809265137,9.800000190734863,10.300000190734863,192510,0.0,0.0
2023-02-10 00:00:00-05:00,10.0,10.399999618530273,9.119999885559082,10.100000381469727,106220,0.0,0.0
2023-02-13 00:00:00-05:00,9.5,9.699999809265137,7.900000095367432,8.199999809265137,141620,0.0,0.0
2023-02-14 00:00:00-05:00,8.0,8.199999809265137,6.599999904632568,6.710000038146973,116640,0.0,0.0
2023-02-15 00:00:00-05:00,6.559999942779541,6.699999809265137,6.099999904632568,6.5,86470,0.0,0.0
2023-02-16 00:00:00-05:00,6.650000095367432,7.199999809265137,6.0,6.300000190734863,129240,0.0,0.0
2023-02-17 00:00:00-05:00,6.199999809265137,7.260000228881836,5.679999828338623,6.039999961853027,257940,0.0,0.0
2023-02-21 00:00:00-05:00,5.800000190734863,5.880000114440918,5.150000095367432,5.199999809265137,79350,0.0,0.0
2023-02-22 00:00:00-05:00,5.210000038146973,7.0,5.010000228881836,6.920000076293945,205760,0.0,0.0
2023-02-23 00:00:00-05:00,6.800000190734863,7.0,6.0,6.300000190734863,63880,0.0,0.0
2023-02-24 00:00:00-05:00,6.0,6.199999809265137,5.380000114440918,5.659999847412109,32890,0.0,0.0
2023-02-27 00:00:00-05:00,5.820000171661377,5.869999885559082,5.199999809265137,5.300000190734863,40930,0.0,0.0
2023-02-28 00:00:00-05:00,5.0,5.599999904632568,5.0,5.320000171661377,57240,0.0,0.0
2023-03-01 00:00:00-05:00,5.449999809265137,5.599999904632568,5.050000190734863,5.260000228881836,29250,0.0,0.0
2023-03-02 00:00:00-05:00,5.5,8.329999923706055,5.5,6.949999809265137,698900,0.0,0.0
2023-03-03 00:00:00-05:00,7.199999809265137,7.699999809265137,6.099999904632568,6.400000095367432,141580,0.0,0.0
2023-03-06 00:00:00-05:00,6.690000057220459,6.900000095367432,6.0,6.139999866485596,69370,0.0,0.0
2023-03-07 00:00:00-05:00,6.070000171661377,6.090000152587891,5.300000190734863,5.590000152587891,64930,0.0,0.0
2023-03-08 00:00:00-05:00,5.650000095367432,5.699999809265137,5.199999809265137,5.389999866485596,38270,0.0,0.0
2023-03-09 00:00:00-05:00,5.420000076293945,5.599999904632568,4.900000095367432,5.0,34130,0.0,0.0
2023-03-10 00:00:00-05:00,5.039999961853027,5.139999866485596,3.799999952316284,4.210000038146973,75950,0.0,0.0
2023-03-13 00:00:00-04:00,4.150000095367432,4.400000095367432,3.9000000953674316,4.28000020980835,24090,0.0,0.0
2023-03-14 00:00:00-04:00,4.150000095367432,4.28000020980835,3.7300000190734863,3.819999933242798,26280,0.0,0.0
2023-03-15 00:00:00-04:00,3.9000000953674316,4.0,3.119999885559082,3.5,54760,0.0,0.0
2023-03-16 00:00:00-04:00,3.3299999237060547,3.5999999046325684,3.3299999237060547,3.390000104904175,27260,0.0,0.0
2023-03-17 00:00:00-04:00,3.3499999046325684,4.0,2.940000057220459,3.75,67290,0.0,0.0
2023-03-20 00:00:00-04:00,3.640000104904175,3.9000000953674316,3.190000057220459,3.4000000953674316,34410,0.0,0.0
2023-03-21 00:00:00-04:00,3.430000066757202,3.9000000953674316,3.309999942779541,3.390000104904175,51300,0.0,0.0
2023-03-22 00:00:00-04:00,3.2899999618530273,3.4700000286102295,2.890000104904175,3.4000000953674316,51520,0.0,0.0
2023-03-23 00:00:00-04:00,3.299999952316284,3.4000000953674316,3.130000114440918,3.3399999141693115,28430,0.0,0.0
2023-03-24 00:00:00-04:00,3.3399999141693115,3.6700000762939453,3.069999933242798,3.5999999046325684,46890,0.0,0.0
2023-03-27 00:00:00-04:00,3.5999999046325684,3.9000000953674316,3.3499999046325684,3.9000000953674316,32600,0.0,0.0
2023-03-28 00:00:00-04:00,3.7799999713897705,3.869999885559082,3.4000000953674316,3.4000000953674316,24240,0.0,0.0
2023-03-29 00:00:00-04:00,3.4100000858306885,3.9000000953674316,3.309999942779541,3.700000047683716,39430,0.0,0.0
2023-03-30 00:00:00-04:00,3.799999952316284,3.819999933242798,3.5199999809265137,3.700000047683716,43920,0.0,0.0
2023-03-31 00:00:00-04:00,4.050000190734863,4.789999961853027,3.9200000762939453,4.199999809265137,210800,0.0,0.0
2023-04-03 00:00:00-04:00,4.03000020980835,4.5,4.019999980926514,4.389999866485596,51510,0.0,0.0
2023-04-04 00:00:00-04:00,4.400000095367432,4.579999923706055,3.8299999237060547,4.179999828338623,69040,0.0,0.0
2023-04-05 00:00:00-04:00,4.130000114440918,4.199999809265137,3.5999999046325684,3.740000009536743,26420,0.0,0.0
2023-04-06 00:00:00-04:00,3.6500000953674316,3.799999952316284,3.450000047683716,3.5,32100,0.0,0.0
2023-04-10 00:00:00-04:00,3.299999952316284,3.5799999237060547,3.299999952316284,3.5,27040,0.0,0.0
2023-04-11 00:00:00-04:00,3.450000047683716,3.700000047683716,3.359999895095825,3.5999999046325684,43860,0.0,0.0
2023-04-12 00:00:00-04:00,3.5299999713897705,4.099999904632568,3.5299999713897705,3.9200000762939453,77500,0.0,0.0
2023-04-13 00:00:00-04:00,3.940000057220459,5.400000095367432,3.509999990463257,4.980000019073486,430320,0.0,0.0
2023-04-14 00:00:00-04:00,8.0,8.800000190734863,5.400000095367432,7.099999904632568,2335570,0.0,0.0
2023-04-17 00:00:00-04:00,6.570000171661377,8.5,5.670000076293945,8.329999923706055,658260,0.0,0.0
2023-04-18 00:00:00-04:00,8.199999809265137,9.300000190734863,6.550000190734863,7.659999847412109,484360,0.0,0.0
2023-04-19 00:00:00-04:00,6.599999904632568,8.0,6.0,6.389999866485596,225520,0.0,0.0
2023-04-20 00:00:00-04:00,5.860000133514404,6.820000171661377,5.760000228881836,5.989999771118164,93870,0.0,0.0
2023-04-21 00:00:00-04:00,5.710000038146973,6.0,5.099999904632568,5.53000020980835,64710,0.0,0.0
2023-04-24 00:00:00-04:00,5.150000095367432,5.199999809265137,4.440000057220459,4.699999809265137,69950,0.0,0.0
2023-04-25 00:00:00-04:00,4.559999942779541,4.559999942779541,2.9100000858306885,4.079999923706055,161240,0.0,0.0
2023-04-26 00:00:00-04:00,4.039999961853027,4.5,3.809999942779541,4.300000190734863,105400,0.0,0.0
2023-04-27 00:00:00-04:00,4.360000133514404,4.599999904632568,4.059999942779541,4.590000152587891,49520,0.0,0.0
2023-04-28 00:00:00-04:00,4.239999771118164,4.5,3.5199999809265137,4.0,56010,0.0,0.0
2023-05-01 00:00:00-04:00,4.059999942779541,4.179999828338623,3.7300000190734863,4.130000114440918,40060,0.0,0.0
2023-05-02 00:00:00-04:00,4.010000228881836,4.019999980926514,3.6500000953674316,3.680000066757202,24690,0.0,0.0
2023-05-03 00:00:00-04:00,3.680000066757202,4.099999904632568,3.5199999809265137,3.609999895095825,18830,0.0,0.0
2023-05-04 00:00:00-04:00,3.619999885559082,3.8499999046325684,3.619999885559082,3.759999990463257,15640,0.0,0.0
2023-05-05 00:00:00-04:00,3.809999942779541,3.9000000953674316,3.6500000953674316,3.7799999713897705,15020,0.0,0.0
2023-05-08 00:00:00-04:00,3.680000066757202,4.0,3.680000066757202,3.8499999046325684,24730,0.0,0.0
2023-05-09 00:00:00-04:00,3.700000047683716,3.9200000762939453,3.6500000953674316,3.6600000858306885,18450,0.0,0.0
2023-05-10 00:00:00-04:00,3.799999952316284,3.799999952316284,3.5299999713897705,3.549999952316284,29820,0.0,0.0
2023-05-11 00:00:00-04:00,3.5,3.6500000953674316,3.4000000953674316,3.5,21000,0.0,0.0
2023-05-12 00:00:00-04:00,3.5,3.700000047683716,3.450000047683716,3.5,24020,0.0,0.0
2023-05-15 00:00:00-04:00,3.430000066757202,3.5999999046325684,3.009999990463257,3.4000000953674316,40210,0.0,0.0
2023-05-16 00:00:00-04:00,3.4200000762939453,3.5,3.200000047683716,3.450000047683716,16480,0.0,0.0
2023-05-17 00:00:00-04:00,3.2100000381469727,3.5,3.2100000381469727,3.299999952316284,27340,0.0,0.0
2023-05-18 00:00:00-04:00,3.200000047683716,3.299999952316284,3.0999999046325684,3.0999999046325684,17560,0.0,0.0
2023-05-19 00:00:00-04:00,3.0999999046325684,3.200000047683716,2.9700000286102295,3.009999990463257,27730,0.0,0.0
2023-05-22 00:00:00-04:00,3.200000047683716,3.319999933242798,3.049999952316284,3.049999952316284,17360,0.0,0.0
2023-05-23 00:00:00-04:00,3.1600000858306885,3.619999885559082,3.049999952316284,3.5,101240,0.0,0.0
2023-05-24 00:00:00-04:00,3.549999952316284,3.5999999046325684,3.4000000953674316,3.450000047683716,16050,0.0,0.0
2023-05-25 00:00:00-04:00,3.359999895095825,3.6500000953674316,3.1500000953674316,3.200000047683716,57880,0.0,0.0
2023-05-26 00:00:00-04:00,3.200000047683716,3.4000000953674316,3.049999952316284,3.059999942779541,38390,0.0,0.0
2023-05-30 00:00:00-04:00,3.240000009536743,3.5999999046325684,3.0999999046325684,3.5,73260,0.0,0.0
2023-05-31 00:00:00-04:00,3.4100000858306885,3.8499999046325684,3.4100000858306885,3.6500000953674316,49940,0.0,0.0
2023-06-01 00:00:00-04:00,3.700000047683716,3.700000047683716,3.109999895095825,3.299999952316284,36470,0.0,0.0
2023-06-02 00:00:00-04:00,3.200000047683716,3.4100000858306885,3.200000047683716,3.309999942779541,69520,0.0,0.0
2023-06-05 00:00:00-04:00,3.2200000286102295,3.25,2.9700000286102295,3.059999942779541,42560,0.0,0.0
2023-06-06 00:00:00-04:00,3.0899999141693115,3.240000009536743,3.009999990463257,3.109999895095825,13100,0.0,0.0
2023-06-07 00:00:00-04:00,3.240000009536743,3.240000009536743,3.0899999141693115,3.0999999046325684,11890,0.0,0.0
2023-06-08 00:00:00-04:00,3.1700000762939453,3.1700000762939453,3.109999895095825,3.109999895095825,7750,0.0,0.0
2023-06-09 00:00:00-04:00,3.1500000953674316,3.200000047683716,3.0999999046325684,3.0999999046325684,7940,0.0,0.0
2023-06-12 00:00:00-04:00,3.1700000762939453,3.1700000762939453,2.9700000286102295,3.0,30970,0.0,0.0
2023-06-13 00:00:00-04:00,2.9100000858306885,3.4000000953674316,2.9100000858306885,3.2300000190734863,90460,0.0,0.0
2023-06-14 00:00:00-04:00,3.130000114440918,3.640000104904175,3.130000114440918,3.369999885559082,52250,0.0,0.0
2023-06-15 00:00:00-04:00,3.369999885559082,3.5999999046325684,3.1700000762939453,3.450000047683716,20950,0.0,0.0
2023-06-16 00:00:00-04:00,3.4600000381469727,3.490000009536743,3.0199999809265137,3.2699999809265137,52420,0.0,0.0
2023-06-20 00:00:00-04:00,3.069999933242798,3.190000057220459,3.0,3.0999999046325684,21920,0.0,0.0
2023-06-21 00:00:00-04:00,3.009999990463257,5.28000020980835,3.0,3.700000047683716,1724410,0.0,0.0
2023-06-22 00:00:00-04:00,3.6700000762939453,3.6700000762939453,3.0199999809265137,3.559999942779541,112520,0.0,0.0
2023-06-23 00:00:00-04:00,3.2200000286102295,3.2799999713897705,3.0299999713897705,3.2799999713897705,67900,0.0,0.0
2023-06-26 00:00:00-04:00,3.259999990463257,3.2799999713897705,3.0299999713897705,3.240000009536743,24380,0.0,0.0
2023-06-27 00:00:00-04:00,3.319999933242798,3.319999933242798,3.0999999046325684,3.180000066757202,17660,0.0,0.0
2023-06-28 00:00:00-04:00,3.0999999046325684,3.259999990463257,3.049999952316284,3.1700000762939453,19320,0.0,0.0
2023-06-29 00:00:00-04:00,3.200000047683716,3.2300000190734863,3.069999933242798,3.200000047683716,13390,0.0,0.0
2023-06-30 00:00:00-04:00,3.0999999046325684,3.200000047683716,3.0799999237060547,3.0999999046325684,7500,0.0,0.0
2023-07-03 00:00:00-04:00,3.190000057220459,3.190000057220459,3.059999942779541,3.109999895095825,5870,0.0,0.0
2023-07-05 00:00:00-04:00,3.119999885559082,3.450000047683716,3.0999999046325684,3.3499999046325684,25250,0.0,0.0
2023-07-06 00:00:00-04:00,3.3399999141693115,3.359999895095825,3.009999990463257,3.130000114440918,23490,0.0,0.0
2023-07-07 00:00:00-04:00,2.490000009536743,2.5299999713897705,1.899999976158142,2.049999952316284,474160,0.0,0.0
2023-07-10 00:00:00-04:00,2.200000047683716,2.200000047683716,1.6200000047683716,1.7899999618530273,429750,0.0,0.0
2023-07-11 00:00:00-04:00,1.7899999618530273,1.9900000095367432,1.5199999809265137,1.909999966621399,512060,0.0,0.0
2023-07-12 00:00:00-04:00,1.7999999523162842,1.850000023841858,1.5299999713897705,1.7000000476837158,263230,0.0,0.0
2023-07-13 00:00:00-04:00,1.7000000476837158,1.75,1.600000023841858,1.7000000476837158,161820,0.0,0.0
2023-07-14 00:00:00-04:00,1.75,1.75,1.6399999856948853,1.649999976158142,43500,0.0,0.0
2023-07-17 00:00:00-04:00,1.6699999570846558,1.690000057220459,1.5099999904632568,1.5800000429153442,111920,0.0,0.0
2023-07-18 00:00:00-04:00,1.559999942779541,1.5800000429153442,1.5,1.5099999904632568,52820,0.0,0.0
2023-07-19 00:00:00-04:00,1.649999976158142,1.8899999856948853,1.6299999952316284,1.7999999523162842,688230,0.0,0.0
2023-07-20 00:00:00-04:00,1.7599999904632568,1.7699999809265137,1.649999976158142,1.649999976158142,91570,0.0,0.0
2023-07-21 00:00:00-04:00,1.5499999523162842,1.6399999856948853,1.5,1.5,189400,0.0,0.0
2023-07-24 00:00:00-04:00,1.5499999523162842,1.5499999523162842,1.309999942779541,1.440000057220459,69290,0.0,0.0
2023-07-25 00:00:00-04:00,1.440000057220459,1.4800000190734863,1.399999976158142,1.440000057220459,31870,0.0,0.0
2023-07-26 00:00:00-04:00,1.3799999952316284,1.440000057220459,1.350000023841858,1.399999976158142,32750,0.0,0.0
2023-07-27 00:00:00-04:00,1.3799999952316284,1.399999976158142,1.309999942779541,1.350000023841858,48360,0.0,0.0
2023-07-28 00:00:00-04:00,1.3799999952316284,1.3899999856948853,1.2999999523162842,1.340000033378601,615290,0.0,0.0
2023-07-31 00:00:00-04:00,2.8299999237060547,3.2799999713897705,2.0,2.0,10094640,0.0,0.0
2023-08-01 00:00:00-04:00,1.7999999523162842,1.8899999856948853,1.6699999570846558,1.7000000476837158,645710,0.0,0.0
2023-08-02 00:00:00-04:00,1.649999976158142,1.6799999475479126,1.4299999475479126,1.4600000381469727,489180,0.0,0.0
2023-08-03 00:00:00-04:00,1.4900000095367432,2.4600000381469727,1.4700000286102295,1.899999976158142,2464020,0.0,0.0
2023-08-04 00:00:00-04:00,1.7999999523162842,2.1700000762939453,1.7999999523162842,1.8799999952316284,381640,0.0,0.0
2023-08-07 00:00:00-04:00,2.369999885559082,2.4700000286102295,1.6100000143051147,1.7300000190734863,2449300,0.0,0.0
2023-08-08 00:00:00-04:00,1.6200000047683716,1.649999976158142,1.4500000476837158,1.559999942779541,554120,0.0,0.0
2023-08-09 00:00:00-04:00,1.600000023841858,1.6200000047683716,1.4600000381469727,1.5700000524520874,326670,0.0,0.0
2023-08-10 00:00:00-04:00,1.600000023841858,1.6299999952316284,1.4700000286102295,1.5299999713897705,216450,0.0,0.0
2023-08-11 00:00:00-04:00,1.399999976158142,1.5,1.3799999952316284,1.409999966621399,246890,0.0,0.0
2023-08-14 00:00:00-04:00,1.440000057220459,1.4600000381469727,1.3600000143051147,1.3700000047683716,123150,0.0,0.0
2023-08-15 00:00:00-04:00,1.3799999952316284,1.690000057220459,1.3300000429153442,1.3700000047683716,323600,0.0,0.0
2023-08-16 00:00:00-04:00,1.409999966621399,1.4500000476837158,1.309999942779541,1.3899999856948853,160940,0.0,0.0
2023-08-17 00:00:00-04:00,1.4500000476837158,1.4700000286102295,1.350000023841858,1.3799999952316284,502820,0.0,0.0
2023-08-18 00:00:00-04:00,1.2999999523162842,1.4299999475479126,1.2999999523162842,1.409999966621399,160770,0.0,0.0
2023-08-21 00:00:00-04:00,1.409999966621399,1.409999966621399,1.340000033378601,1.3700000047683716,85980,0.0,0.0
2023-08-22 00:00:00-04:00,1.3700000047683716,1.399999976158142,1.2400000095367432,1.2999999523162842,193010,0.0,0.0
2023-08-23 00:00:00-04:00,1.2699999809265137,1.3300000429153442,1.2599999904632568,1.2999999523162842,505920,0.0,0.0
2023-08-24 00:00:00-04:00,1.4800000190734863,1.7000000476837158,1.350000023841858,1.409999966621399,1734180,0.0,0.0
2023-08-25 00:00:00-04:00,1.4600000381469727,1.4800000190734863,1.340000033378601,1.4199999570846558,147720,0.0,0.0
2023-08-28 00:00:00-04:00,1.3700000047683716,1.3799999952316284,1.2300000190734863,1.3200000524520874,144650,0.0,0.0
2023-08-29 00:00:00-04:00,1.2999999523162842,1.350000023841858,1.2599999904632568,1.3200000524520874,92600,0.0,0.0
2023-08-30 00:00:00-04:00,1.2699999809265137,1.399999976158142,1.2699999809265137,1.3600000143051147,80550,0.0,0.0
2023-08-31 00:00:00-04:00,1.399999976158142,1.4700000286102295,1.350000023841858,1.4600000381469727,174130,0.0,0.0
2023-09-01 00:00:00-04:00,1.3600000143051147,1.4500000476837158,1.3200000524520874,1.399999976158142,81150,0.0,0.0
2023-09-05 00:00:00-04:00,1.3799999952316284,1.4299999475479126,1.309999942779541,1.4299999475479126,64230,0.0,0.0
2023-09-06 00:00:00-04:00,2.569999933242798,2.609999895095825,1.600000023841858,1.6399999856948853,8011280,0.0,0.0
2023-09-07 00:00:00-04:00,1.600000023841858,1.649999976158142,1.340000033378601,1.4600000381469727,641250,0.0,0.0
2023-09-08 00:00:00-04:00,1.440000057220459,1.4500000476837158,1.3600000143051147,1.3899999856948853,219020,0.0,0.0
2023-09-11 00:00:00-04:00,1.3799999952316284,1.440000057220459,1.3600000143051147,1.3700000047683716,273390,0.0,0.0
2023-09-12 00:00:00-04:00,1.3600000143051147,1.4199999570846558,1.090000033378601,1.2300000190734863,748360,0.0,0.0
2023-09-13 00:00:00-04:00,1.2799999713897705,1.3899999856948853,1.1200000047683716,1.3700000047683716,418890,0.0,0.0
2023-09-14 00:00:00-04:00,1.2899999618530273,1.2999999523162842,1.2000000476837158,1.2300000190734863,258930,0.0,0.0
2023-09-15 00:00:00-04:00,1.2000000476837158,1.3899999856948853,1.1299999952316284,1.3700000047683716,857510,0.0,0.0
2023-09-18 00:00:00-04:00,1.2300000190734863,1.2699999809265137,1.1399999856948853,1.1699999570846558,405950,0.0,0.0
2023-09-19 00:00:00-04:00,1.2100000381469727,1.2100000381469727,1.100000023841858,1.1299999952316284,520120,0.0,0.0
2023-09-20 00:00:00-04:00,1.100000023841858,1.1799999475479126,1.100000023841858,1.149999976158142,242650,0.0,0.0
2023-09-21 00:00:00-04:00,1.1399999856948853,1.1399999856948853,1.0800000429153442,1.1200000047683716,151380,0.0,0.0
2023-09-22 00:00:00-04:00,1.1100000143051147,1.149999976158142,1.090000033378601,1.100000023841858,99650,0.0,0.0
2023-09-25 00:00:00-04:00,1.1100000143051147,1.1100000143051147,0.9200000166893005,1.100000023841858,931210,0.0,0.0
2023-09-26 00:00:00-04:00,1.0800000429153442,1.1100000143051147,1.0099999904632568,1.0299999713897705,243510,0.0,0.0
2023-09-27 00:00:00-04:00,1.0399999618530273,1.159999966621399,0.9900000095367432,1.1299999952316284,421220,0.0,0.0
2023-09-28 00:00:00-04:00,1.1200000047683716,1.190000057220459,1.0800000429153442,1.0800000429153442,177720,0.0,0.0
2023-09-29 00:00:00-04:00,1.0700000524520874,1.100000023841858,1.0299999713897705,1.059999942779541,142800,0.0,0.0
2023-10-02 00:00:00-04:00,1.0399999618530273,1.0700000524520874,1.0,1.0299999713897705,184750,0.0,0.0
2023-10-03 00:00:00-04:00,1.0299999713897705,1.3899999856948853,0.9700000286102295,1.0700000524520874,1587950,0.0,0.0
2023-10-04 00:00:00-04:00,1.059999942779541,1.159999966621399,1.0499999523162842,1.0800000429153442,252150,0.0,0.0
2023-10-05 00:00:00-04:00,1.0800000429153442,1.2300000190734863,1.0299999713897705,1.0399999618530273,323130,0.0,0.0
2023-10-06 00:00:00-04:00,1.100000023841858,1.25,1.090000033378601,1.2200000286102295,1619180,0.0,0.0
2023-10-09 00:00:00-04:00,1.149999976158142,1.149999976158142,1.0499999523162842,1.100000023841858,249030,0.0,0.0
2023-10-10 00:00:00-04:00,1.1100000143051147,1.2000000476837158,1.0800000429153442,1.149999976158142,346720,0.0,0.0
2023-10-11 00:00:00-04:00,1.1699999570846558,1.2999999523162842,1.0800000429153442,1.2000000476837158,970270,0.0,0.0
2023-10-12 00:00:00-04:00,1.149999976158142,1.2000000476837158,1.0800000429153442,1.1100000143051147,273860,0.0,0.0
2023-10-13 00:00:00-04:00,1.350000023841858,2.069999933242798,1.1699999570846558,1.2000000476837158,8941280,0.0,0.0
2023-10-16 00:00:00-04:00,1.1200000047683716,1.1200000047683716,1.0199999809265137,1.0800000429153442,1047430,0.0,0.0
2023-10-17 00:00:00-04:00,1.0800000429153442,1.1100000143051147,1.059999942779541,1.0800000429153442,269240,0.0,0.0
2023-10-18 00:00:00-04:00,1.0700000524520874,1.1200000047683716,1.0499999523162842,1.059999942779541,495980,0.0,0.0
2023-10-19 00:00:00-04:00,0.9800000190734863,1.0399999618530273,0.949999988079071,1.0099999904632568,306780,0.0,0.0
2023-10-20 00:00:00-04:00,0.9900000095367432,1.0099999904632568,0.949999988079071,0.9800000190734863,164230,0.0,0.0
2023-10-23 00:00:00-04:00,0.9700000286102295,1.0199999809265137,0.9599999785423279,0.9800000190734863,168170,0.0,0.0
2023-10-24 00:00:00-04:00,0.9800000190734863,1.0099999904632568,0.9100000262260437,0.9800000190734863,85310,0.0,0.0
2023-10-25 00:00:00-04:00,1.0199999809265137,1.0199999809265137,0.9300000071525574,0.9300000071525574,55210,0.0,0.0
2023-10-26 00:00:00-04:00,0.9700000286102295,0.9900000095367432,0.9399999976158142,0.9599999785423279,72130,0.0,0.0
2023-10-27 00:00:00-04:00,0.9399999976158142,0.9599999785423279,0.8899999856948853,0.8899999856948853,206320,0.0,0.0
2023-10-30 00:00:00-04:00,0.800000011920929,0.8199999928474426,0.6700000166893005,0.6700000166893005,430830,0.0,0.0
2023-10-31 00:00:00-04:00,0.699999988079071,0.699999988079071,0.550000011920929,0.5799999833106995,130320,0.0,0.0
2023-11-01 00:00:00-04:00,0.5799999833106995,0.5799999833106995,0.5799999833106995,0.5799999833106995,0,0.0,0.0
2023-11-02 00:00:00-04:00,0.5799999833106995,0.5799999833106995,0.5799999833106995,0.5799999833106995,0,0.0,0.0
2023-11-03 00:00:00-04:00,0.5799999833106995,0.5799999833106995,0.5799999833106995,0.5799999833106995,0,0.0,0.0
2023-11-06 00:00:00-05:00,0.5799999833106995,0.5799999833106995,0.5799999833106995,0.5799999833106995,0,0.0,0.0
2023-11-07 00:00:00-05:00,0.7179999947547913,0.8500000238418579,0.44999998807907104,0.47999998927116394,634700,0.0,0.0
2023-11-08 00:00:00-05:00,0.4729999899864197,0.4729999899864197,0.3610000014305115,0.375,753300,0.0,0.0
2023-11-09 00:00:00-05:00,0.37299999594688416,0.4000000059604645,0.3610000014305115,0.3709999918937683,199700,0.0,0.0
2023-11-10 00:00:00-05:00,0.375,0.38199999928474426,0.33000001311302185,0.35600000619888306,393200,0.0,0.0
2023-11-13 00:00:00-05:00,0.35600000619888306,0.3700000047683716,0.35100001096725464,0.36000001430511475,172800,0.0,0.0
2023-11-14 00:00:00-05:00,0.3630000054836273,0.4099999964237213,0.36000001430511475,0.37599998712539673,303300,0.0,0.0
2023-11-15 00:00:00-05:00,0.3799999952316284,0.4059999883174896,0.3700000047683716,0.3799999952316284,231300,0.0,0.0
2023-11-16 00:00:00-05:00,0.382999986410141,0.3869999945163727,0.3479999899864197,0.3499999940395355,203800,0.0,0.0
2023-11-17 00:00:00-05:00,0.3610000014305115,0.3799999952316284,0.32600000500679016,0.335999995470047,97900,0.0,0.0
2023-11-20 00:00:00-05:00,0.3370000123977661,0.3479999899864197,0.28999999165534973,0.2980000078678131,564200,0.0,0.0
2023-11-21 00:00:00-05:00,0.30399999022483826,0.3190000057220459,0.28200000524520874,0.3089999854564667,370600,0.0,0.0
2023-11-22 00:00:00-05:00,0.30799999833106995,0.40799999237060547,0.29600000381469727,0.36000001430511475,1399400,0.0,0.0
2023-11-24 00:00:00-05:00,0.3610000014305115,0.421999990940094,0.3400000035762787,0.35899999737739563,459800,0.0,0.0
2023-11-27 00:00:00-05:00,0.36000001430511475,0.49399998784065247,0.33000001311302185,0.39899998903274536,2293600,0.0,0.0
2023-11-28 00:00:00-05:00,0.42899999022483826,0.4300000071525574,0.33000001311302185,0.3370000123977661,973800,0.0,0.0
2023-11-29 00:00:00-05:00,0.3409999907016754,0.35499998927116394,0.30300000309944153,0.3179999887943268,535000,0.0,0.0
2023-11-30 00:00:00-05:00,0.31299999356269836,0.3400000035762787,0.2800000011920929,0.3330000042915344,912700,0.0,0.0
2023-12-01 00:00:00-05:00,0.38100001215934753,0.5960000157356262,0.34700000286102295,0.4090000092983246,14142900,0.0,0.0
2023-12-04 00:00:00-05:00,0.3700000047683716,0.3700000047683716,0.3230000138282776,0.3449999988079071,973600,0.0,0.0
2023-12-05 00:00:00-05:00,0.3370000123977661,0.3970000147819519,0.33000001311302185,0.3499999940395355,664900,0.0,0.0
2023-12-06 00:00:00-05:00,0.3529999852180481,0.3889999985694885,0.35100001096725464,0.3700000047683716,505600,0.0,0.0
2023-12-07 00:00:00-05:00,0.3720000088214874,0.3799999952316284,0.3100000023841858,0.32199999690055847,789200,0.0,0.0
2023-12-08 00:00:00-05:00,0.3330000042915344,0.3400000035762787,0.31299999356269836,0.3149999976158142,216400,0.0,0.0
2023-12-11 00:00:00-05:00,0.3109999895095825,0.328000009059906,0.28999999165534973,0.3050000071525574,261000,0.0,0.0
2023-12-12 00:00:00-05:00,0.3140000104904175,0.3140000104904175,0.2809999883174896,0.28700000047683716,269500,0.0,0.0
2023-12-13 00:00:00-05:00,0.2849999964237213,0.3050000071525574,0.2809999883174896,0.28999999165534973,211000,0.0,0.0
2023-12-14 00:00:00-05:00,0.32100000977516174,0.5360000133514404,0.3100000023841858,0.36800000071525574,20656600,0.0,0.0
2023-12-15 00:00:00-05:00,0.3330000042915344,0.34200000762939453,0.29100000858306885,0.30000001192092896,1990400,0.0,0.0
2023-12-18 00:00:00-05:00,0.3050000071525574,0.3100000023841858,0.28999999165534973,0.30000001192092896,1059700,0.0,0.0
2023-12-19 00:00:00-05:00,0.2919999957084656,0.2980000078678131,0.2720000147819519,0.2849999964237213,1436600,0.0,0.0
2023-12-20 00:00:00-05:00,0.28600001335144043,0.28600001335144043,0.25,0.2590000033378601,711600,0.0,0.0
2023-12-21 00:00:00-05:00,0.2540000081062317,0.26899999380111694,0.25,0.257999986410141,334800,0.0,0.0
2023-12-22 00:00:00-05:00,0.25999999046325684,0.30000001192092896,0.2590000033378601,0.26600000262260437,1190900,0.0,0.0
2023-12-26 00:00:00-05:00,0.2770000100135803,0.29499998688697815,0.27000001072883606,0.2800000011920929,552500,0.0,0.0
2023-12-27 00:00:00-05:00,0.2770000100135803,0.28999999165534973,0.27300000190734863,0.28700000047683716,324700,0.0,0.0
2023-12-28 00:00:00-05:00,0.296999990940094,0.3400000035762787,0.28600001335144043,0.3070000112056732,2678800,0.0,0.0
2023-12-29 00:00:00-05:00,0.3100000023841858,0.3580000102519989,0.28999999165534973,0.3199999928474426,3224200,0.0,0.0
2024-01-02 00:00:00-05:00,0.33000001311302185,0.34200000762939453,0.29499998688697815,0.3100000023841858,1314100,0.0,0.0
2024-01-03 00:00:00-05:00,0.30399999022483826,0.3240000009536743,0.29100000858306885,0.3149999976158142,725400,0.0,0.0
2024-01-04 00:00:00-05:00,0.3109999895095825,0.31700000166893005,0.29600000381469727,0.30399999022483826,305900,0.0,0.0
2024-01-05 00:00:00-05:00,0.3019999861717224,0.30399999022483826,0.29100000858306885,0.2919999957084656,191400,0.0,0.0
2024-01-08 00:00:00-05:00,0.3009999990463257,0.3059999942779541,0.2919999957084656,0.30399999022483826,128900,0.0,0.0
2024-01-09 00:00:00-05:00,0.30000001192092896,0.3070000112056732,0.2919999957084656,0.3019999861717224,251400,0.0,0.0
2024-01-10 00:00:00-05:00,0.296999990940094,0.3019999861717224,0.28200000524520874,0.28200000524520874,363600,0.0,0.0
2024-01-11 00:00:00-05:00,0.28999999165534973,0.28999999165534973,0.28200000524520874,0.28600001335144043,84200,0.0,0.0
2024-01-12 00:00:00-05:00,0.29899999499320984,0.30000001192092896,0.2840000092983246,0.2849999964237213,75400,0.0,0.0
2024-01-16 00:00:00-05:00,0.28200000524520874,0.30000001192092896,0.27000001072883606,0.27000001072883606,199500,0.0,0.0
2024-01-17 00:00:00-05:00,0.27000001072883606,0.28700000047683716,0.26100000739097595,0.2709999978542328,284700,0.0,0.0
2024-01-18 00:00:00-05:00,0.28200000524520874,0.28700000047683716,0.2709999978542328,0.2759999930858612,126300,0.0,0.0
2024-01-19 00:00:00-05:00,0.2759999930858612,0.39100000262260437,0.26600000262260437,0.3449999988079071,9805700,0.0,0.0
2024-01-22 00:00:00-05:00,0.33500000834465027,0.33899998664855957,0.29499998688697815,0.29499998688697815,3605400,0.0,0.0
2024-01-23 00:00:00-05:00,0.28700000047683716,0.28700000047683716,0.26499998569488525,0.2680000066757202,1135800,0.0,0.0
2024-01-24 00:00:00-05:00,0.2939999997615814,0.3100000023841858,0.2709999978542328,0.296999990940094,1546600,0.0,0.0
2024-01-25 00:00:00-05:00,0.29600000381469727,0.29600000381469727,0.2770000100135803,0.2849999964237213,367600,0.0,0.0
2024-01-26 00:00:00-05:00,0.2879999876022339,0.2879999876022339,0.2720000147819519,0.2800000011920929,251400,0.0,0.0
2024-01-29 00:00:00-05:00,0.2750000059604645,0.2939999997615814,0.2750000059604645,0.28999999165534973,285300,0.0,0.0
2024-01-30 00:00:00-05:00,0.28299999237060547,0.2939999997615814,0.27799999713897705,0.28600001335144043,185400,0.0,0.0
2024-01-31 00:00:00-05:00,0.289000004529953,0.33000001311302185,0.289000004529953,0.3089999854564667,1369300,0.0,0.0
2024-02-01 00:00:00-05:00,0.30399999022483826,0.32600000500679016,0.28999999165534973,0.3050000071525574,337000,0.0,0.0
2024-02-02 00:00:00-05:00,0.3009999990463257,0.3100000023841858,0.2980000078678131,0.30000001192092896,197100,0.0,0.0
2024-02-05 00:00:00-05:00,0.3019999861717224,0.44999998807907104,0.27000001072883606,0.296999990940094,18124800,0.0,0.0
2024-02-06 00:00:00-05:00,0.3019999861717224,0.3019999861717224,0.28200000524520874,0.28999999165534973,888600,0.0,0.0
2024-02-07 00:00:00-05:00,0.29499998688697815,0.39399999380111694,0.28700000047683716,0.3610000014305115,7121500,0.0,0.0
2024-02-08 00:00:00-05:00,0.36899998784065247,0.36899998784065247,0.3199999928474426,0.3400000035762787,913000,0.0,0.0
2024-02-09 00:00:00-05:00,0.33799999952316284,0.3479999899864197,0.3240000009536743,0.34200000762939453,352100,0.0,0.0
2024-02-12 00:00:00-05:00,0.33799999952316284,0.4090000092983246,0.33000001311302185,0.38100001215934753,978800,0.0,0.0
2024-02-13 00:00:00-05:00,0.3799999952316284,0.3889999985694885,0.3330000042915344,0.3580000102519989,684500,0.0,0.0
2024-02-14 00:00:00-05:00,0.3580000102519989,0.44999998807907104,0.3059999942779541,0.3269999921321869,2282000,0.0,0.0
2024-02-15 00:00:00-05:00,0.3400000035762787,0.3889999985694885,0.3100000023841858,0.3619999885559082,3525500,0.0,0.0
2024-02-16 00:00:00-05:00,0.36000001430511475,0.3799999952316284,0.335999995470047,0.3499999940395355,1374700,0.0,0.0
2024-02-20 00:00:00-05:00,0.3540000021457672,0.36000001430511475,0.3269999921321869,0.33399999141693115,422600,0.0,0.0
2024-02-21 00:00:00-05:00,0.3319999873638153,0.36000001430511475,0.328000009059906,0.33799999952316284,254300,0.0,0.0
2024-02-22 00:00:00-05:00,0.33399999141693115,0.3449999988079071,0.33000001311302185,0.33000001311302185,187600,0.0,0.0
2024-02-23 00:00:00-05:00,0.3400000035762787,0.35499998927116394,0.33000001311302185,0.3400000035762787,427800,0.0,0.0
2024-02-26 00:00:00-05:00,0.3499999940395355,0.35199999809265137,0.33000001311302185,0.335999995470047,1049100,0.0,0.0
2024-02-27 00:00:00-05:00,0.3499999940395355,0.3790000081062317,0.3310000002384186,0.3580000102519989,1616300,0.0,0.0
2024-02-28 00:00:00-05:00,0.35899999737739563,0.35899999737739563,0.3230000138282776,0.335999995470047,599100,0.0,0.0
2024-02-29 00:00:00-05:00,0.3400000035762787,0.3479999899864197,0.3149999976158142,0.3230000138282776,527200,0.0,0.0
2024-03-01 00:00:00-05:00,0.3149999976158142,0.33000001311302185,0.3100000023841858,0.3230000138282776,328500,0.0,0.0
2024-03-04 00:00:00-05:00,0.32499998807907104,0.33000001311302185,0.3109999895095825,0.3240000009536743,184300,0.0,0.0
2024-03-05 00:00:00-05:00,0.3109999895095825,0.3400000035762787,0.3100000023841858,0.3160000145435333,326100,0.0,0.0
2024-03-06 00:00:00-05:00,0.3240000009536743,0.3240000009536743,0.31200000643730164,0.31299999356269836,120100,0.0,0.0
2024-03-07 00:00:00-05:00,0.32199999690055847,0.3230000138282776,0.30000001192092896,0.3019999861717224,227000,0.0,0.0
2024-03-08 00:00:00-05:00,0.3100000023841858,0.3199999928474426,0.3050000071525574,0.3179999887943268,160100,0.0,0.0
2024-03-11 00:00:00-04:00,0.3230000138282776,0.33000001311302185,0.30000001192092896,0.33000001311302185,204300,0.0,0.0
2024-03-12 00:00:00-04:00,0.33399999141693115,0.3449999988079071,0.31200000643730164,0.32199999690055847,393000,0.0,0.0
2024-03-13 00:00:00-04:00,0.3230000138282776,0.3269999921321869,0.30399999022483826,0.3089999854564667,422700,0.0,0.0
2024-03-14 00:00:00-04:00,0.3240000009536743,0.33899998664855957,0.30000001192092896,0.328000009059906,646300,0.0,0.0
2024-03-15 00:00:00-04:00,0.3240000009536743,0.36399999260902405,0.31299999356269836,0.3199999928474426,1036400,0.0,0.0
2024-03-18 00:00:00-04:00,0.33000001311302185,0.33000001311302185,0.28999999165534973,0.2919999957084656,1321700,0.0,0.0
2024-03-19 00:00:00-04:00,0.30399999022483826,0.33000001311302185,0.2849999964237213,0.30000001192092896,1397700,0.0,0.0
2024-03-20 00:00:00-04:00,0.32499998807907104,0.3490000069141388,0.28999999165534973,0.3059999942779541,1712400,0.0,0.0
2024-03-21 00:00:00-04:00,0.3050000071525574,0.32499998807907104,0.29100000858306885,0.30000001192092896,727500,0.0,0.0
2024-03-22 00:00:00-04:00,0.30000001192092896,0.3610000014305115,0.30000001192092896,0.3499999940395355,2192100,0.0,0.0
2024-03-25 00:00:00-04:00,0.3799999952316284,0.43700000643730164,0.3499999940395355,0.37599998712539673,5250400,0.0,0.0
2024-03-26 00:00:00-04:00,0.3619999885559082,0.3709999918937683,0.3100000023841858,0.3330000042915344,1243200,0.0,0.0
2024-03-27 00:00:00-04:00,0.3140000104904175,0.36000001430511475,0.3140000104904175,0.3499999940395355,581400,0.0,0.0
2024-03-28 00:00:00-04:00,0.36800000071525574,0.44999998807907104,0.34599998593330383,0.40700000524520874,1709100,0.0,0.0
2024-04-01 00:00:00-04:00,0.39800000190734863,0.4050000011920929,0.3700000047683716,0.382999986410141,516500,0.0,0.0
2024-04-02 00:00:00-04:00,0.37700000405311584,0.38199999928474426,0.3449999988079071,0.3479999899864197,724100,0.0,0.0
2024-04-03 00:00:00-04:00,0.3479999899864197,0.36800000071525574,0.32600000500679016,0.3319999873638153,389800,0.0,0.0
2024-04-04 00:00:00-04:00,0.3400000035762787,0.3499999940395355,0.3319999873638153,0.3400000035762787,254400,0.0,0.0
2024-04-05 00:00:00-04:00,0.3400000035762787,0.34299999475479126,0.32600000500679016,0.33500000834465027,267800,0.0,0.0
2024-04-08 00:00:00-04:00,0.3310000002384186,0.3490000069141388,0.3009999990463257,0.3160000145435333,740400,0.0,0.0
2024-04-09 00:00:00-04:00,0.33000001311302185,0.33000001311302185,0.3109999895095825,0.3230000138282776,120500,0.0,0.0
2024-04-10 00:00:00-04:00,0.3089999854564667,0.32499998807907104,0.3019999861717224,0.30799999833106995,284900,0.0,0.0
2024-04-11 00:00:00-04:00,0.30799999833106995,0.33000001311302185,0.30799999833106995,0.3199999928474426,178400,0.0,0.0
2024-04-12 00:00:00-04:00,0.3100000023841858,0.3190000057220459,0.3019999861717224,0.31299999356269836,241000,0.0,0.0
2024-04-15 00:00:00-04:00,0.32899999618530273,0.32899999618530273,0.2849999964237213,0.28700000047683716,496300,0.0,0.0
2024-04-16 00:00:00-04:00,0.30000001192092896,0.30000001192092896,0.25600001215934753,0.27000001072883606,611600,0.0,0.0
2024-04-17 00:00:00-04:00,0.2630000114440918,0.2800000011920929,0.2630000114440918,0.2709999978542328,137000,0.0,0.0
2024-04-18 00:00:00-04:00,0.2840000092983246,0.2849999964237213,0.2709999978542328,0.2770000100135803,123400,0.0,0.0
2024-04-19 00:00:00-04:00,0.2759999930858612,0.27900001406669617,0.26600000262260437,0.2669999897480011,184700,0.0,0.0
2024-04-22 00:00:00-04:00,0.26600000262260437,0.3100000023841858,0.26600000262260437,0.2930000126361847,518900,0.0,0.0
2024-04-23 00:00:00-04:00,0.2980000078678131,0.2980000078678131,0.27399998903274536,0.28600001335144043,237400,0.0,0.0
2024-04-24 00:00:00-04:00,0.289000004529953,0.289000004529953,0.26600000262260437,0.2800000011920929,147300,0.0,0.0
2024-04-25 00:00:00-04:00,0.27000001072883606,0.28999999165534973,0.27000001072883606,0.2809999883174896,187500,0.0,0.0
2024-04-26 00:00:00-04:00,0.27900001406669617,0.296999990940094,0.27000001072883606,0.28299999237060547,217500,0.0,0.0
2024-04-29 00:00:00-04:00,0.29100000858306885,0.3019999861717224,0.2750000059604645,0.2849999964237213,353400,0.0,0.0
2024-04-30 00:00:00-04:00,0.2800000011920929,0.2840000092983246,0.27300000190734863,0.27900001406669617,96800,0.0,0.0
2024-05-01 00:00:00-04:00,0.2750000059604645,0.28999999165534973,0.2709999978542328,0.27799999713897705,33100,0.0,0.0
2024-05-02 00:00:00-04:00,0.2800000011920929,0.2800000011920929,0.27000001072883606,0.2800000011920929,170200,0.0,0.0
2024-05-03 00:00:00-04:00,0.2759999930858612,0.2800000011920929,0.2750000059604645,0.2750000059604645,85000,0.0,0.0
2024-05-06 00:00:00-04:00,0.2879999876022339,0.289000004529953,0.2750000059604645,0.2759999930858612,128600,0.0,0.0
2024-05-07 00:00:00-04:00,0.2759999930858612,0.27799999713897705,0.26600000262260437,0.2709999978542328,221600,0.0,0.0
2024-05-08 00:00:00-04:00,0.2680000066757202,0.2750000059604645,0.26499998569488525,0.27399998903274536,54900,0.0,0.0
2024-05-09 00:00:00-04:00,0.27000001072883606,0.27799999713897705,0.26499998569488525,0.2770000100135803,181100,0.0,0.0
2024-05-10 00:00:00-04:00,0.27799999713897705,0.27799999713897705,0.2669999897480011,0.27300000190734863,97700,0.0,0.0
2024-05-13 00:00:00-04:00,0.27799999713897705,0.28999999165534973,0.27000001072883606,0.2879999876022339,256700,0.0,0.0
2024-05-14 00:00:00-04:00,0.27799999713897705,0.3190000057220459,0.2709999978542328,0.29899999499320984,488100,0.0,0.0
2024-05-15 00:00:00-04:00,0.30000001192092896,0.3059999942779541,0.2849999964237213,0.28999999165534973,318200,0.0,0.0
2024-05-16 00:00:00-04:00,0.29899999499320984,0.3179999887943268,0.289000004529953,0.3140000104904175,616300,0.0,0.0
2024-05-17 00:00:00-04:00,0.3100000023841858,0.3269999921321869,0.28999999165534973,0.296999990940094,475700,0.0,0.0
2024-05-20 00:00:00-04:00,0.28999999165534973,0.30799999833106995,0.28999999165534973,0.2980000078678131,255600,0.0,0.0
2024-05-21 00:00:00-04:00,0.2980000078678131,0.30000001192092896,0.2879999876022339,0.296999990940094,188800,0.0,0.0
2024-05-22 00:00:00-04:00,0.29600000381469727,0.29600000381469727,0.2849999964237213,0.29100000858306885,182500,0.0,0.0
2024-05-23 00:00:00-04:00,0.3199999928474426,0.33500000834465027,0.28700000047683716,0.29499998688697815,1022200,0.0,0.0
2024-05-24 00:00:00-04:00,0.29499998688697815,0.4099999964237213,0.289000004529953,0.35199999809265137,3888500,0.0,0.0
2024-05-28 00:00:00-04:00,0.3799999952316284,0.4350000023841858,0.33000001311302185,0.3449999988079071,2677800,0.0,0.0
2024-05-29 00:00:00-04:00,0.32600000500679016,0.35499998927116394,0.3070000112056732,0.3140000104904175,1210500,0.0,0.0
2024-05-30 00:00:00-04:00,0.33000001311302185,0.34700000286102295,0.31299999356269836,0.3409999907016754,659100,0.0,0.0
2024-05-31 00:00:00-04:00,0.3630000054836273,0.5400000214576721,0.3630000054836273,0.4749999940395355,23353200,0.0,0.0
2024-06-03 00:00:00-04:00,0.4650000035762787,0.5099999904632568,0.3440000116825104,0.3540000021457672,4094200,0.0,0.0
2024-06-04 00:00:00-04:00,0.36000001430511475,0.36000001430511475,0.3009999990463257,0.3149999976158142,1402000,0.0,0.0
2024-06-05 00:00:00-04:00,0.31200000643730164,0.32899999618530273,0.3009999990463257,0.3160000145435333,763500,0.0,0.0
2024-06-06 00:00:00-04:00,0.31200000643730164,0.32100000977516174,0.2549999952316284,0.2750000059604645,2232700,0.0,0.0
2024-06-07 00:00:00-04:00,0.27300000190734863,0.2800000011920929,0.22100000083446503,0.25699999928474426,1429700,0.0,0.0
2024-06-10 00:00:00-04:00,0.25099998712539673,0.25999999046325684,0.24300000071525574,0.24699999392032623,456700,0.0,0.0
2024-06-11 00:00:00-04:00,0.2639999985694885,0.28999999165534973,0.2529999911785126,0.27000001072883606,4178300,0.0,0.0
2024-06-12 00:00:00-04:00,0.2680000066757202,0.2750000059604645,0.23600000143051147,0.24300000071525574,1929400,0.0,0.0
2024-06-13 00:00:00-04:00,0.23800000548362732,0.24500000476837158,0.2199999988079071,0.23899999260902405,2488700,0.0,0.0
2024-06-14 00:00:00-04:00,0.375,0.37700000405311584,0.2549999952316284,0.289000004529953,50076300,0.0,0.0
2024-06-17 00:00:00-04:00,0.2919999957084656,0.29499998688697815,0.2549999952316284,0.25699999928474426,2647500,0.0,0.0
2024-06-18 00:00:00-04:00,0.2549999952316284,0.25699999928474426,0.23999999463558197,0.24500000476837158,1998800,0.0,0.0
2024-06-20 00:00:00-04:00,0.23899999260902405,0.24799999594688416,0.23399999737739563,0.2370000034570694,888000,0.0,0.0
2024-06-21 00:00:00-04:00,0.23600000143051147,0.27000001072883606,0.2329999953508377,0.26499998569488525,1214100,0.0,0.0
2024-06-24 00:00:00-04:00,0.25699999928474426,0.27799999713897705,0.25200000405311584,0.2680000066757202,906000,0.0,0.0
2024-06-25 00:00:00-04:00,0.2680000066757202,0.27300000190734863,0.25999999046325684,0.2630000114440918,916500,0.0,0.0
2024-06-26 00:00:00-04:00,0.2669999897480011,0.27000001072883606,0.257999986410141,0.25999999046325684,317900,0.0,0.0
2024-06-27 00:00:00-04:00,0.2630000114440918,0.2680000066757202,0.25999999046325684,0.2680000066757202,227300,0.0,0.0
2024-06-28 00:00:00-04:00,0.26499998569488525,0.27000001072883606,0.2619999945163727,0.26600000262260437,233200,0.0,0.0
2024-07-01 00:00:00-04:00,0.27000001072883606,0.28999999165534973,0.2630000114440918,0.28299999237060547,966300,0.0,0.0
2024-07-02 00:00:00-04:00,0.2750000059604645,0.2800000011920929,0.2669999897480011,0.27399998903274536,270800,0.0,0.0
2024-07-03 00:00:00-04:00,0.27399998903274536,0.2759999930858612,0.2720000147819519,0.27399998903274536,86100,0.0,0.0
2024-07-05 00:00:00-04:00,0.26499998569488525,0.27000001072883606,0.2549999952316284,0.2669999897480011,172000,0.0,0.0
2024-07-08 00:00:00-04:00,0.2669999897480011,0.2680000066757202,0.2549999952316284,0.25999999046325684,241000,0.0,0.0
2024-07-09 00:00:00-04:00,0.25999999046325684,0.25999999046325684,0.25600001215934753,0.25600001215934753,216200,0.0,0.0
2024-07-10 00:00:00-04:00,0.25600001215934753,0.26100000739097595,0.25200000405311584,0.25699999928474426,169800,0.0,0.0
2024-07-11 00:00:00-04:00,0.25200000405311584,0.25999999046325684,0.25200000405311584,0.2549999952316284,243200,0.0,0.0
2024-07-12 00:00:00-04:00,0.2549999952316284,0.257999986410141,0.25,0.2540000081062317,239100,0.0,0.0
2024-07-15 00:00:00-04:00,0.25999999046325684,0.25999999046325684,0.2529999911785126,0.25699999928474426,148500,0.0,0.0
2024-07-16 00:00:00-04:00,0.25699999928474426,0.2809999883174896,0.2540000081062317,0.2630000114440918,585300,0.0,0.0
2024-07-17 00:00:00-04:00,0.2630000114440918,0.2680000066757202,0.25699999928474426,0.2619999945163727,403200,0.0,0.0
2024-07-18 00:00:00-04:00,0.257999986410141,0.25999999046325684,0.25,0.25099998712539673,239700,0.0,0.0
2024-07-19 00:00:00-04:00,0.25,0.25,0.22599999606609344,0.23399999737739563,364700,0.0,0.0
2024-07-22 00:00:00-04:00,0.23499999940395355,0.24500000476837158,0.23000000417232513,0.23600000143051147,273400,0.0,0.0
2024-07-23 00:00:00-04:00,0.23600000143051147,0.23600000143051147,0.2199999988079071,0.23199999332427979,460700,0.0,0.0
2024-07-24 00:00:00-04:00,0.23199999332427979,0.23199999332427979,0.2199999988079071,0.22499999403953552,154900,0.0,0.0
2024-07-25 00:00:00-04:00,0.2290000021457672,0.2290000021457672,0.2150000035762787,0.2160000056028366,275400,0.0,0.0
2024-07-26 00:00:00-04:00,0.21899999678134918,0.21899999678134918,0.20499999821186066,0.20900000631809235,253800,0.0,0.0
2024-07-29 00:00:00-04:00,0.2150000035762787,0.2160000056028366,0.20600000023841858,0.210999995470047,105000,0.0,0.0
2024-07-30 00:00:00-04:00,0.20499999821186066,0.2150000035762787,0.20000000298023224,0.2029999941587448,149900,0.0,0.0
2024-07-31 00:00:00-04:00,0.2070000022649765,0.2199999988079071,0.20000000298023224,0.21699999272823334,305100,0.0,0.0
2024-08-01 00:00:00-04:00,0.21699999272823334,0.2199999988079071,0.2029999941587448,0.20900000631809235,158300,0.0,0.0
2024-08-02 00:00:00-04:00,0.2150000035762787,0.2199999988079071,0.19699999690055847,0.2029999941587448,164400,0.0,0.0
2024-08-05 00:00:00-04:00,0.1809999942779541,0.18799999356269836,0.16099999845027924,0.17900000512599945,1023700,0.0,0.0
2024-08-06 00:00:00-04:00,0.17900000512599945,0.1809999942779541,0.16699999570846558,0.17100000381469727,303100,0.0,0.0
2024-08-07 00:00:00-04:00,0.16699999570846558,0.17000000178813934,0.16500000655651093,0.16500000655651093,148800,0.0,0.0
2024-08-08 00:00:00-04:00,0.15000000596046448,0.1589999943971634,0.12999999523162842,0.14900000393390656,1699800,0.0,0.0
2024-08-09 00:00:00-04:00,0.14499999582767487,0.14800000190734863,0.13500000536441803,0.14000000059604645,367700,0.0,0.0
2024-08-12 00:00:00-04:00,0.14399999380111694,0.14399999380111694,0.12999999523162842,0.12999999523162842,183000,0.0,0.0
2024-08-13 00:00:00-04:00,0.13500000536441803,0.14000000059604645,0.13300000131130219,0.1379999965429306,295700,0.0,0.0
2024-08-14 00:00:00-04:00,0.14000000059604645,0.1420000046491623,0.1340000033378601,0.1420000046491623,352800,0.0,0.0
2024-08-15 00:00:00-04:00,0.14399999380111694,0.1599999964237213,0.1379999965429306,0.15199999511241913,383800,0.0,0.0
2024-08-16 00:00:00-04:00,0.15000000596046448,0.1720000058412552,0.15000000596046448,0.16300000250339508,363700,0.0,0.0
2024-08-19 00:00:00-04:00,0.15800000727176666,0.17399999499320984,0.15000000596046448,0.17000000178813934,180400,0.0,0.0
2024-08-20 00:00:00-04:00,0.16899999976158142,0.17000000178813934,0.15000000596046448,0.1589999943971634,349000,0.0,0.0
2024-08-21 00:00:00-04:00,0.15399999916553497,0.18700000643730164,0.15000000596046448,0.17000000178813934,352300,0.0,0.0
2024-08-22 00:00:00-04:00,0.1850000023841858,0.1850000023841858,0.16699999570846558,0.17800000309944153,414400,0.0,0.0
2024-08-23 00:00:00-04:00,0.18000000715255737,0.18000000715255737,0.16300000250339508,0.1679999977350235,176200,0.0,0.0
