Date,Open,High,Low,Close,Volume,Dividends,Stock Splits
2005-01-27 00:00:00+08:00,0.21498246089510292,0.21498246089510292,0.1905526298364869,0.20032456517219543,24620000,0.0,0.0
2005-01-28 00:00:00+08:00,0.20032456084081451,0.20032456084081451,0.18566666543483734,0.18566666543483734,7336000,0.0,0.0
2005-01-31 00:00:00+08:00,0.18566666916966595,0.18566666916966595,0.17589474840998492,0.18078070878982544,2431000,0.0,0.0
2005-02-01 00:00:00+08:00,0.1807807051532817,0.18566666543483734,0.1807807051532817,0.18566666543483734,1923000,0.0,0.0
2005-02-02 00:00:00+08:00,0.18566666944928795,0.21009650050790396,0.18566666944928795,0.20032456517219543,14746000,0.0,0.0
2005-02-03 00:00:00+08:00,0.20032455917724526,0.2394122847890222,0.20032455917724526,0.22964034974575043,43000000,0.0,0.0
2005-02-04 00:00:00+08:00,0.2442982423965103,0.2589561229614434,0.2442982423965103,0.2540701627731323,20652000,0.0,0.0
2005-02-07 00:00:00+08:00,0.2589561229614434,0.2638421122723743,0.2540701627731323,0.2540701627731323,9567000,0.0,0.0
2005-02-08 00:00:00+08:00,0.25407017391669534,0.2589561343193054,0.25407017391669534,0.2589561343193054,1143000,0.0,0.0
2005-02-11 00:00:00+08:00,0.2589561266436953,0.2589561266436953,0.24918420612812042,0.24918420612812042,2279000,0.0,0.0
2005-02-14 00:00:00+08:00,0.24918420612812042,0.2589561266436953,0.24918420612812042,0.24918420612812042,5901000,0.0,0.0
2005-02-15 00:00:00+08:00,0.2491842136485916,0.2491842136485916,0.23941229283809662,0.23941229283809662,3191000,0.0,0.0
2005-02-16 00:00:00+08:00,0.2394122963297398,0.24429825680624523,0.23452632129192352,0.23452632129192352,5044000,0.0,0.0
2005-02-17 00:00:00+08:00,0.23941229283809662,0.24429825324334412,0.23941229283809662,0.23941229283809662,2561000,0.0,0.0
2005-02-18 00:00:00+08:00,0.2394122847890222,0.24429824503000303,0.22964034974575043,0.22964034974575043,2477000,0.0,0.0
2005-02-21 00:00:00+08:00,0.23452630998673127,0.23452630998673127,0.22964034974575043,0.22964034974575043,2222000,0.0,0.0
2005-02-22 00:00:00+08:00,0.2296403534198925,0.2296403534198925,0.2198684182202742,0.22475439310073853,2636000,0.0,0.0
2005-02-23 00:00:00+08:00,0.22475439310073853,0.22475439310073853,0.2198684182202742,0.22475439310073853,1864000,0.0,0.0
2005-02-24 00:00:00+08:00,0.22475439650912526,0.22475439650912526,0.21986842155456543,0.21986842155456543,1554000,0.0,0.0
2005-02-25 00:00:00+08:00,0.21986842538798995,0.21986842538798995,0.21498246490955353,0.21498246490955353,1379000,0.0,0.0
2005-02-28 00:00:00+08:00,0.21498245358442786,0.21498245358442786,0.21009649336338043,0.21009649336338043,849000,0.0,0.0
2005-03-01 00:00:00+08:00,0.21009649667661698,0.21498245697471635,0.20521052181720734,0.20521052181720734,832000,0.0,0.0
2005-03-02 00:00:00+08:00,0.21009650443111713,0.21498246490955353,0.21009650443111713,0.21498246490955353,360000,0.0,0.0
2005-03-03 00:00:00+08:00,0.21498246116131614,0.21986842155456543,0.21498246116131614,0.21986842155456543,825000,0.0,0.0
2005-03-04 00:00:00+08:00,0.2296403534198925,0.2296403534198925,0.22475439310073853,0.22475439310073853,979000,0.0,0.0
2005-03-07 00:00:00+08:00,0.22964034974575043,0.22964034974575043,0.2247543895047696,0.22964034974575043,276000,0.0,0.0
2005-03-08 00:00:00+08:00,0.22964035690237455,0.22964035690237455,0.21986842155456543,0.21986842155456543,475000,0.0,0.0
2005-03-09 00:00:00+08:00,0.21498246490955353,0.21986842538798995,0.21498246490955353,0.21498246490955353,402000,0.0,0.0
2005-03-10 00:00:00+08:00,0.21498246490955353,0.21498246490955353,0.21498246490955353,0.21498246490955353,238000,0.0,0.0
2005-03-11 00:00:00+08:00,0.2198684182202742,0.2345263137390465,0.2198684182202742,0.22475439310073853,2301000,0.0,0.0
2005-03-14 00:00:00+08:00,0.22475439310073853,0.22475439310073853,0.22475439310073853,0.22475439310073853,442000,0.0,0.0
2005-03-15 00:00:00+08:00,0.22475439310073853,0.22475439310073853,0.22475439310073853,0.22475439310073853,345000,0.0,0.0
2005-03-16 00:00:00+08:00,0.22475439650912526,0.22475439650912526,0.21986842155456543,0.21986842155456543,117000,0.0,0.0
2005-03-17 00:00:00+08:00,0.22475439310073853,0.2296403534198925,0.22475439310073853,0.22475439310073853,1988000,0.0,0.0
2005-03-18 00:00:00+08:00,0.22475439650912526,0.22475439650912526,0.21986842155456543,0.21986842155456543,396000,0.0,0.0
2005-03-21 00:00:00+08:00,0.22475439650912526,0.22475439650912526,0.21986842155456543,0.21986842155456543,706000,0.0,0.0
2005-03-22 00:00:00+08:00,0.21986842155456543,0.21986842155456543,0.21986842155456543,0.21986842155456543,35000,0.0,0.0
2005-03-23 00:00:00+08:00,0.21986842155456543,0.21986842155456543,0.21986842155456543,0.21986842155456543,140000,0.0,0.0
2005-03-24 00:00:00+08:00,0.21986842155456543,0.22475439650912526,0.21986842155456543,0.21986842155456543,387000,0.0,0.0
2005-03-28 00:00:00+08:00,0.22475439650912526,0.22475439650912526,0.21498246116131614,0.21986842155456543,253000,0.0,0.0
2005-03-29 00:00:00+08:00,0.21986842155456543,0.21986842155456543,0.21986842155456543,0.21986842155456543,70000,0.0,0.0
2005-03-30 00:00:00+08:00,0.21498246490955353,0.21498246490955353,0.21498246490955353,0.21498246490955353,10000,0.0,0.0
2005-03-31 00:00:00+08:00,0.21498246490955353,0.21498246490955353,0.21498246490955353,0.21498246490955353,103000,0.0,0.0
2005-04-01 00:00:00+08:00,0.21498246490955353,0.21498246490955353,0.21498246490955353,0.21498246490955353,40000,0.0,0.0
2005-04-04 00:00:00+08:00,0.21498246490955353,0.21498246490955353,0.21498246490955353,0.21498246490955353,124000,0.0,0.0
2005-04-05 00:00:00+08:00,0.21498246490955353,0.21498246490955353,0.21498246490955353,0.21498246490955353,319000,0.0,0.0
2005-04-06 00:00:00+08:00,0.21498246490955353,0.21498246490955353,0.21498246490955353,0.21498246490955353,20000,0.0,0.0
2005-04-07 00:00:00+08:00,0.21986842538798995,0.21986842538798995,0.21498246490955353,0.21498246490955353,328000,0.0,0.0
2005-04-08 00:00:00+08:00,0.21498246116131614,0.21986842155456543,0.21009650076806685,0.21986842155456543,1661000,0.0,0.0
2005-04-11 00:00:00+08:00,0.21986842155456543,0.22475439650912526,0.21986842155456543,0.21986842155456543,520000,0.0,0.0
2005-04-12 00:00:00+08:00,0.21986842155456543,0.21986842155456543,0.21986842155456543,0.21986842155456543,70000,0.0,0.0
2005-04-13 00:00:00+08:00,0.21986842155456543,0.21986842155456543,0.21498246116131614,0.21986842155456543,215000,0.0,0.0
2005-04-14 00:00:00+08:00,0.21498246490955353,0.21498246490955353,0.21498246490955353,0.21498246490955353,140000,0.0,0.0
2005-04-15 00:00:00+08:00,0.21498245358442786,0.21498245358442786,0.21009649336338043,0.21009649336338043,554000,0.0,0.0
2005-04-18 00:00:00+08:00,0.21498245358442786,0.21498245358442786,0.21009649336338043,0.21009649336338043,408000,0.0,0.0
2005-04-19 00:00:00+08:00,0.21009649336338043,0.21009649336338043,0.21009649336338043,0.21009649336338043,70000,0.0,0.0
2005-04-20 00:00:00+08:00,0.21009649336338043,0.21009649336338043,0.20521051858102296,0.21009649336338043,111000,0.0,0.0
2005-04-21 00:00:00+08:00,0.21009649336338043,0.21009649336338043,0.20521051858102296,0.21009649336338043,274000,0.0,0.0
2005-04-22 00:00:00+08:00,0.21009650443111713,0.21498246490955353,0.21009650443111713,0.21498246490955353,265000,0.0,0.0
2005-04-25 00:00:00+08:00,0.21498245358442786,0.21498245358442786,0.21009649336338043,0.21009649336338043,170000,0.0,0.0
2005-04-26 00:00:00+08:00,0.21498246490955353,0.21498246490955353,0.21498246490955353,0.21498246490955353,80000,0.0,0.0
2005-04-27 00:00:00+08:00,0.21009650443111713,0.21498246490955353,0.21009650443111713,0.21498246490955353,49000,0.0,0.0
2005-04-28 00:00:00+08:00,0.21498245358442786,0.21498245358442786,0.21009649336338043,0.21009649336338043,132000,0.0,0.0
2005-04-29 00:00:00+08:00,0.21498245358442786,0.21498245358442786,0.21009649336338043,0.21009649336338043,52000,0.0,0.0
2005-05-03 00:00:00+08:00,0.21498246490955353,0.21498246490955353,0.21498246490955353,0.21498246490955353,485000,0.0,0.0
2005-05-04 00:00:00+08:00,0.2149824579011202,0.22475439310073853,0.2149824579011202,0.22475439310073853,970000,0.0,0.0
2005-05-05 00:00:00+08:00,0.22475439650912526,0.22475439650912526,0.21986842155456543,0.21986842155456543,529000,0.0,0.0
2005-05-06 00:00:00+08:00,0.21986842155456543,0.21986842155456543,0.21986842155456543,0.21986842155456543,205000,0.0,0.0
2005-05-09 00:00:00+08:00,0.21986842155456543,0.21986842155456543,0.21986842155456543,0.21986842155456543,150000,0.0,0.0
2005-05-10 00:00:00+08:00,0.21986842155456543,0.21986842155456543,0.21986842155456543,0.21986842155456543,807000,0.0,0.0
2005-05-11 00:00:00+08:00,0.21986842155456543,0.21986842155456543,0.21986842155456543,0.21986842155456543,273000,0.0,0.0
2005-05-12 00:00:00+08:00,0.21986842155456543,0.21986842155456543,0.21986842155456543,0.21986842155456543,142000,0.0,0.0
2005-05-13 00:00:00+08:00,0.2247543895047696,0.22964034974575043,0.2247543895047696,0.22964034974575043,1049000,0.0,0.0
2005-05-16 00:00:00+08:00,0.23452630998673127,0.23452630998673127,0.22964034974575043,0.22964034974575043,303000,0.0,0.0
2005-05-17 00:00:00+08:00,0.22964034974575043,0.22964034974575043,0.2247543895047696,0.22964034974575043,692000,0.0,0.0
2005-05-18 00:00:00+08:00,0.22475439310073853,0.22475439310073853,0.22475439310073853,0.22475439310073853,361000,0.0,0.0
2005-05-19 00:00:00+08:00,0.22475439310073853,0.22475439310073853,0.22475439310073853,0.22475439310073853,112000,0.0,0.0
2005-05-20 00:00:00+08:00,0.22475439310073853,0.22475439310073853,0.22475439310073853,0.22475439310073853,134000,0.0,0.0
2005-05-24 00:00:00+08:00,0.22964036081541808,0.23452632129192352,0.22964036081541808,0.23452632129192352,296000,0.0,0.0
2005-05-25 00:00:00+08:00,0.22964034974575043,0.22964034974575043,0.22964034974575043,0.22964034974575043,85000,0.0,0.0
2005-05-26 00:00:00+08:00,0.22964036081541808,0.23452632129192352,0.22964036081541808,0.23452632129192352,192000,0.0,0.0
2005-05-27 00:00:00+08:00,0.22964034974575043,0.22964034974575043,0.22964034974575043,0.22964034974575043,180000,0.0,0.0
2005-05-30 00:00:00+08:00,0.23452632129192352,0.23452632129192352,0.23452632129192352,0.23452632129192352,210000,0.0,0.0
2005-05-31 00:00:00+08:00,0.23452632129192352,0.23452632129192352,0.22964036081541808,0.23452632129192352,85000,0.0,0.0
2005-06-01 00:00:00+08:00,0.22964034974575043,0.23452630998673127,0.22964034974575043,0.22964034974575043,77000,0.0,0.0
2005-06-02 00:00:00+08:00,0.23452632129192352,0.23452632129192352,0.23452632129192352,0.23452632129192352,241000,0.0,0.0
2005-06-03 00:00:00+08:00,0.23452632129192352,0.23452632129192352,0.23452632129192352,0.23452632129192352,180000,0.0,0.0
2005-06-06 00:00:00+08:00,0.23941228561254563,0.24918420612812042,0.23941228561254563,0.24918420612812042,752000,0.0,0.0
2005-06-07 00:00:00+08:00,0.24918420258482132,0.2540701627731323,0.24918420258482132,0.2540701627731323,180000,0.0,0.0
2005-06-08 00:00:00+08:00,0.2491842135140852,0.2589561343193054,0.2491842135140852,0.2589561343193054,675000,0.0,0.0
2005-06-09 00:00:00+08:00,0.2589561229614434,0.2589561229614434,0.2540701627731323,0.2540701627731323,594000,0.0,0.0
2005-06-10 00:00:00+08:00,0.25407016638590785,0.25407016638590785,0.24918420612812042,0.24918420612812042,375000,0.0,0.0
2005-06-13 00:00:00+08:00,0.24918420258482132,0.2540701627731323,0.24918420258482132,0.2540701627731323,110000,0.0,0.0
2005-06-14 00:00:00+08:00,0.24918420612812042,0.24918420612812042,0.24918420612812042,0.24918420612812042,444000,0.0,0.0
2005-06-15 00:00:00+08:00,0.24918420981315137,0.24918420981315137,0.24429824948310852,0.24429824948310852,218000,0.0,0.0
2005-06-16 00:00:00+08:00,0.2442982423965103,0.2638421122723743,0.2442982423965103,0.2540701627731323,1754000,0.0,0.0
2005-06-17 00:00:00+08:00,0.2589561343193054,0.26384212384453676,0.2589561343193054,0.2589561343193054,699000,0.0,0.0
2005-06-20 00:00:00+08:00,0.2589561343193054,0.2589561343193054,0.2589561343193054,0.2589561343193054,0,0.0,0.0
2005-06-21 00:00:00+08:00,0.25407017391669534,0.2589561343193054,0.25407017391669534,0.2589561343193054,249000,0.0,0.0
2005-06-22 00:00:00+08:00,0.2589561343193054,0.2589561343193054,0.2589561343193054,0.2589561343193054,10000,0.0,0.0
2005-06-23 00:00:00+08:00,0.2589561166731944,0.2687280659351434,0.2589561166731944,0.2638421058654785,1797000,0.0,0.0
2005-06-24 00:00:00+08:00,0.2638421171333231,0.2736140376899801,0.2638421171333231,0.2687280774116516,1817000,0.0,0.0
2005-06-27 00:00:00+08:00,0.2687280659351434,0.2687280659351434,0.2638421058654785,0.2638421058654785,307000,0.0,0.0
2005-06-28 00:00:00+08:00,0.2638421171333231,0.2687280774116516,0.2638421171333231,0.2687280774116516,210000,0.0,0.0
2005-06-29 00:00:00+08:00,0.2687280774116516,0.2736140376899801,0.2687280774116516,0.2687280774116516,572000,0.0,0.0
2005-06-30 00:00:00+08:00,0.2687280884782849,0.2736140489578247,0.2687280884782849,0.2736140489578247,290000,0.0,0.0
2005-07-01 00:00:00+08:00,0.2687280659351434,0.2687280659351434,0.2638421058654785,0.2638421058654785,51000,0.0,0.0
2005-07-04 00:00:00+08:00,0.2687280659351434,0.2687280659351434,0.2638421058654785,0.2638421058654785,671000,0.0,0.0
2005-07-05 00:00:00+08:00,0.2638421058654785,0.2687280659351434,0.2638421058654785,0.2638421058654785,175000,0.0,0.0
2005-07-06 00:00:00+08:00,0.2687280659351434,0.2687280659351434,0.2638421058654785,0.2638421058654785,359000,0.0,0.0
2005-07-07 00:00:00+08:00,0.2638421058654785,0.2638421058654785,0.2638421058654785,0.2638421058654785,18000,0.0,0.0
2005-07-08 00:00:00+08:00,0.2638421058654785,0.2638421058654785,0.2638421058654785,0.2638421058654785,0,0.0,0.0
2005-07-11 00:00:00+08:00,0.2589561166731944,0.2638421058654785,0.25407015660352944,0.2638421058654785,171000,0.0,0.0
2005-07-12 00:00:00+08:00,0.26384212384453676,0.26384212384453676,0.2589561343193054,0.2589561343193054,84000,0.0,0.0
2005-07-13 00:00:00+08:00,0.2589561343193054,0.2589561343193054,0.2589561343193054,0.2589561343193054,154000,0.0,0.0
2005-07-14 00:00:00+08:00,0.2638421058654785,0.2638421058654785,0.2638421058654785,0.2638421058654785,439000,0.0,0.0
2005-07-15 00:00:00+08:00,0.2589561343193054,0.26384212384453676,0.2589561343193054,0.2589561343193054,233000,0.0,0.0
2005-07-18 00:00:00+08:00,0.2589561166731944,0.2638421058654785,0.2589561166731944,0.2638421058654785,91000,0.0,0.0
2005-07-19 00:00:00+08:00,0.2638421058654785,0.2638421058654785,0.2638421058654785,0.2638421058654785,345000,0.0,0.0
2005-07-20 00:00:00+08:00,0.2638421058654785,0.2638421058654785,0.2638421058654785,0.2638421058654785,40000,0.0,0.0
2005-07-21 00:00:00+08:00,0.2589561343193054,0.2589561343193054,0.2589561343193054,0.2589561343193054,63000,0.0,0.0
2005-07-22 00:00:00+08:00,0.2589561343193054,0.2589561343193054,0.2589561343193054,0.2589561343193054,112000,0.0,0.0
2005-07-25 00:00:00+08:00,0.2589561343193054,0.2589561343193054,0.2589561343193054,0.2589561343193054,150000,0.0,0.0
2005-07-26 00:00:00+08:00,0.2589561343193054,0.2589561343193054,0.2589561343193054,0.2589561343193054,382000,0.0,0.0
2005-07-27 00:00:00+08:00,0.2589561229614434,0.2589561229614434,0.2540701627731323,0.2540701627731323,478000,0.0,0.0
2005-07-28 00:00:00+08:00,0.2589561343193054,0.2589561343193054,0.2589561343193054,0.2589561343193054,135000,0.0,0.0
2005-07-29 00:00:00+08:00,0.2589561166731944,0.2638421058654785,0.25407015660352944,0.2638421058654785,237000,0.0,0.0
2005-08-01 00:00:00+08:00,0.2589561166731944,0.2638421058654785,0.2589561166731944,0.2638421058654785,158000,0.0,0.0
2005-08-02 00:00:00+08:00,0.2589561343193054,0.2589561343193054,0.2589561343193054,0.2589561343193054,575000,0.0,0.0
2005-08-03 00:00:00+08:00,0.2589561343193054,0.2589561343193054,0.2589561343193054,0.2589561343193054,281000,0.0,0.0
2005-08-04 00:00:00+08:00,0.2589561229614434,0.2638421122723743,0.2540701627731323,0.2540701627731323,212000,0.0,0.0
2005-08-05 00:00:00+08:00,0.2589561229614434,0.2589561229614434,0.2540701627731323,0.2540701627731323,232000,0.0,0.0
2005-08-08 00:00:00+08:00,0.25407017391669534,0.2589561343193054,0.25407017391669534,0.2589561343193054,155000,0.0,0.0
2005-08-10 00:00:00+08:00,0.2589561166731944,0.2638421058654785,0.2589561166731944,0.2638421058654785,631000,0.0,0.0
2005-08-11 00:00:00+08:00,0.2540701627731323,0.2540701627731323,0.2540701627731323,0.2540701627731323,71000,0.0,0.0
2005-08-12 00:00:00+08:00,0.2589561343193054,0.2589561343193054,0.2589561343193054,0.2589561343193054,135000,0.0,0.0
2005-08-15 00:00:00+08:00,0.2589561343193054,0.2589561343193054,0.2589561343193054,0.2589561343193054,279000,0.0,0.0
2005-08-16 00:00:00+08:00,0.2589561229614434,0.2589561229614434,0.2540701627731323,0.2540701627731323,200000,0.0,0.0
2005-08-17 00:00:00+08:00,0.2589561166731944,0.2638421058654785,0.2589561166731944,0.2638421058654785,1171000,0.0,0.0
2005-08-18 00:00:00+08:00,0.2638421058654785,0.2638421058654785,0.2589561166731944,0.2638421058654785,681000,0.0,0.0
2005-08-19 00:00:00+08:00,0.26384212384453676,0.26384212384453676,0.2589561343193054,0.2589561343193054,595000,0.0,0.0
2005-08-22 00:00:00+08:00,0.2589561229614434,0.2589561229614434,0.2540701627731323,0.2540701627731323,147000,0.0,0.0
2005-08-23 00:00:00+08:00,0.2589561343193054,0.2589561343193054,0.2589561343193054,0.2589561343193054,516000,0.0,0.0
2005-08-24 00:00:00+08:00,0.2589561343193054,0.2589561343193054,0.25407017391669534,0.2589561343193054,289000,0.0,0.0
2005-08-25 00:00:00+08:00,0.2589561383965836,0.2736140489578247,0.2589561383965836,0.2736140489578247,1692000,0.0,0.0
2005-08-26 00:00:00+08:00,0.2785000019005337,0.29315791206509906,0.2785000019005337,0.2833859622478485,4044000,0.0,0.0
2005-08-29 00:00:00+08:00,0.2882719225951634,0.2882719225951634,0.27361404155321883,0.2833859622478485,1689000,0.0,0.0
2005-08-30 00:00:00+08:00,0.2882719337940216,0.2882719337940216,0.2833859732568958,0.2882719337940216,954000,0.0,0.0
2005-08-31 00:00:00+08:00,0.2882719337940216,0.2882719337940216,0.2736140521826441,0.2882719337940216,1156000,0.0,0.0
2005-09-01 00:00:00+08:00,0.2882719110033631,0.2882719110033631,0.2784999907016754,0.2784999907016754,154000,0.0,0.0
2005-09-02 00:00:00+08:00,0.2785000094373645,0.2785000094373645,0.2736140489578247,0.2736140489578247,593000,0.0,0.0
2005-09-05 00:00:00+08:00,0.2736140489578247,0.2736140489578247,0.2687280884782849,0.2736140489578247,397000,0.0,0.0
2005-09-06 00:00:00+08:00,0.2687280659351434,0.2687280659351434,0.2638421058654785,0.2638421058654785,260000,0.0,0.0
2005-09-07 00:00:00+08:00,0.2638421058654785,0.2638421058654785,0.2638421058654785,0.2638421058654785,154000,0.0,0.0
2005-09-08 00:00:00+08:00,0.26384212384453676,0.26384212384453676,0.2589561343193054,0.2589561343193054,259000,0.0,0.0
2005-09-09 00:00:00+08:00,0.2638421171333231,0.2687280774116516,0.2638421171333231,0.2687280774116516,349000,0.0,0.0
2005-09-12 00:00:00+08:00,0.2687280774116516,0.2687280774116516,0.2687280774116516,0.2687280774116516,24000,0.0,0.0
2005-09-13 00:00:00+08:00,0.2687280774116516,0.2736140376899801,0.2687280774116516,0.2687280774116516,714000,0.0,0.0
2005-09-14 00:00:00+08:00,0.2687280884782849,0.2736140489578247,0.2687280884782849,0.2736140489578247,470000,0.0,0.0
2005-09-15 00:00:00+08:00,0.2736140489578247,0.2736140489578247,0.2687280884782849,0.2736140489578247,512000,0.0,0.0
2005-09-16 00:00:00+08:00,0.27361404155321883,0.2833859622478485,0.27361404155321883,0.2833859622478485,935000,0.0,0.0
2005-09-19 00:00:00+08:00,0.2784999907016754,0.2784999907016754,0.2784999907016754,0.2784999907016754,105000,0.0,0.0
2005-09-20 00:00:00+08:00,0.2784999907016754,0.2784999907016754,0.2784999907016754,0.2784999907016754,21000,0.0,0.0
2005-09-21 00:00:00+08:00,0.2736140489578247,0.2785000094373645,0.2736140489578247,0.2736140489578247,220000,0.0,0.0
2005-09-22 00:00:00+08:00,0.2784999907016754,0.2784999907016754,0.2736140305508316,0.2784999907016754,122000,0.0,0.0
2005-09-23 00:00:00+08:00,0.2736140489578247,0.2785000094373645,0.2736140489578247,0.2736140489578247,182000,0.0,0.0
2005-09-26 00:00:00+08:00,0.2736140489578247,0.2736140489578247,0.2736140489578247,0.2736140489578247,307000,0.0,0.0
2005-09-27 00:00:00+08:00,0.2785000094373645,0.2785000094373645,0.2736140489578247,0.2736140489578247,543000,0.0,0.0
2005-09-28 00:00:00+08:00,0.2736140521826441,0.2882719337940216,0.2736140521826441,0.2882719337940216,2638000,0.0,0.0
2005-09-29 00:00:00+08:00,0.2833859622478485,0.2833859622478485,0.2833859622478485,0.2833859622478485,210000,0.0,0.0
2005-09-30 00:00:00+08:00,0.2833859508525193,0.2833859508525193,0.2784999907016754,0.2784999907016754,386000,0.0,0.0
2005-10-03 00:00:00+08:00,0.2784999907016754,0.2784999907016754,0.2784999907016754,0.2784999907016754,69000,0.0,0.0
2005-10-04 00:00:00+08:00,0.2784999907016754,0.2833859508525193,0.2784999907016754,0.2784999907016754,499000,0.0,0.0
2005-10-05 00:00:00+08:00,0.2833859508525193,0.2833859508525193,0.2784999907016754,0.2784999907016754,532000,0.0,0.0
2005-10-06 00:00:00+08:00,0.2785000094373645,0.2785000094373645,0.2736140489578247,0.2736140489578247,556000,0.0,0.0
2005-10-07 00:00:00+08:00,0.2833859732568958,0.2882719337940216,0.2833859732568958,0.2882719337940216,1956000,0.0,0.0
2005-10-10 00:00:00+08:00,0.2882719225951634,0.2882719225951634,0.2833859622478485,0.2833859622478485,241000,0.0,0.0
2005-10-11 00:00:00+08:00,0.2882719225951634,0.2882719225951634,0.2833859622478485,0.2833859622478485,1059000,0.0,0.0
2005-10-12 00:00:00+08:00,0.2833859508525193,0.2833859508525193,0.2784999907016754,0.2784999907016754,895000,0.0,0.0
2005-10-13 00:00:00+08:00,0.2784999907016754,0.2784999907016754,0.2784999907016754,0.2784999907016754,818000,0.0,0.0
2005-10-14 00:00:00+08:00,0.2849999964237213,0.2849999964237213,0.27000001072883606,0.27000001072883606,440000,0.0065,0.0
2005-10-17 00:00:00+08:00,0.25999999046325684,0.25999999046325684,0.25999999046325684,0.25999999046325684,316000,0.0,0.0
2005-10-18 00:00:00+08:00,0.25999999046325684,0.25999999046325684,0.25999999046325684,0.25999999046325684,179000,0.0,0.0
2005-10-19 00:00:00+08:00,0.25999999046325684,0.25999999046325684,0.25,0.25,323000,0.0,0.0
2005-10-20 00:00:00+08:00,0.25,0.25999999046325684,0.24500000476837158,0.24500000476837158,536000,0.0,0.0
2005-10-21 00:00:00+08:00,0.24500000476837158,0.25,0.23999999463558197,0.25,571000,0.0,0.0
2005-10-24 00:00:00+08:00,0.25,0.25,0.24500000476837158,0.24500000476837158,250000,0.0,0.0
2005-10-25 00:00:00+08:00,0.25,0.2549999952316284,0.25,0.25,593000,0.0,0.0
2005-10-26 00:00:00+08:00,0.25,0.25,0.24500000476837158,0.24500000476837158,324000,0.0,0.0
2005-10-27 00:00:00+08:00,0.23000000417232513,0.23000000417232513,0.20000000298023224,0.20000000298023224,72000,0.0,0.0
2005-10-28 00:00:00+08:00,0.2150000035762787,0.2150000035762787,0.20999999344348907,0.20999999344348907,185000,0.0,0.0
2005-10-31 00:00:00+08:00,0.2199999988079071,0.22499999403953552,0.2199999988079071,0.22499999403953552,428000,0.0,0.0
2005-11-02 00:00:00+08:00,0.22499999403953552,0.23000000417232513,0.22499999403953552,0.23000000417232513,208000,0.0,0.0
2005-11-04 00:00:00+08:00,0.23000000417232513,0.23000000417232513,0.22499999403953552,0.23000000417232513,251000,0.0,0.0
2005-11-07 00:00:00+08:00,0.2199999988079071,0.2199999988079071,0.2150000035762787,0.2199999988079071,363000,0.0,0.0
2005-11-08 00:00:00+08:00,0.2199999988079071,0.23000000417232513,0.2150000035762787,0.2199999988079071,723000,0.0,0.0
2005-11-09 00:00:00+08:00,0.20999999344348907,0.20999999344348907,0.20999999344348907,0.20999999344348907,502000,0.0,0.0
2005-11-10 00:00:00+08:00,0.20000000298023224,0.20000000298023224,0.20000000298023224,0.20000000298023224,80000,0.0,0.0
2005-11-11 00:00:00+08:00,0.20000000298023224,0.20000000298023224,0.20000000298023224,0.20000000298023224,0,0.0,0.0
2005-11-14 00:00:00+08:00,0.20499999821186066,0.20499999821186066,0.20499999821186066,0.20499999821186066,20000,0.0,0.0
2005-11-15 00:00:00+08:00,0.20499999821186066,0.20499999821186066,0.19499999284744263,0.19499999284744263,85000,0.0,0.0
2005-11-16 00:00:00+08:00,0.19499999284744263,0.19499999284744263,0.19499999284744263,0.19499999284744263,0,0.0,0.0
2005-11-17 00:00:00+08:00,0.20000000298023224,0.2150000035762787,0.20000000298023224,0.2150000035762787,243000,0.0,0.0
2005-11-18 00:00:00+08:00,0.2150000035762787,0.2199999988079071,0.20999999344348907,0.2199999988079071,550000,0.0,0.0
2005-11-21 00:00:00+08:00,0.20000000298023224,0.20000000298023224,0.20000000298023224,0.20000000298023224,10000,0.0,0.0
2005-11-22 00:00:00+08:00,0.20499999821186066,0.2199999988079071,0.20499999821186066,0.2199999988079071,61000,0.0,0.0
2005-11-23 00:00:00+08:00,0.2199999988079071,0.2199999988079071,0.2199999988079071,0.2199999988079071,0,0.0,0.0
2005-11-24 00:00:00+08:00,0.20000000298023224,0.20000000298023224,0.20000000298023224,0.20000000298023224,6000,0.0,0.0
2005-11-25 00:00:00+08:00,0.20499999821186066,0.20999999344348907,0.20499999821186066,0.20999999344348907,501000,0.0,0.0
2005-11-28 00:00:00+08:00,0.20499999821186066,0.20499999821186066,0.20499999821186066,0.20499999821186066,100000,0.0,0.0
2005-11-29 00:00:00+08:00,0.20000000298023224,0.20000000298023224,0.20000000298023224,0.20000000298023224,7000,0.0,0.0
2005-11-30 00:00:00+08:00,0.20000000298023224,0.20499999821186066,0.20000000298023224,0.20000000298023224,26000,0.0,0.0
2005-12-01 00:00:00+08:00,0.20000000298023224,0.20000000298023224,0.20000000298023224,0.20000000298023224,0,0.0,0.0
2005-12-02 00:00:00+08:00,0.20000000298023224,0.20000000298023224,0.20000000298023224,0.20000000298023224,0,0.0,0.0
2005-12-05 00:00:00+08:00,0.20000000298023224,0.20000000298023224,0.20000000298023224,0.20000000298023224,0,0.0,0.0
2005-12-06 00:00:00+08:00,0.19499999284744263,0.19499999284744263,0.19499999284744263,0.19499999284744263,50000,0.0,0.0
2005-12-07 00:00:00+08:00,0.19499999284744263,0.19499999284744263,0.19499999284744263,0.19499999284744263,1000,0.0,0.0
2005-12-08 00:00:00+08:00,0.19499999284744263,0.19499999284744263,0.19499999284744263,0.19499999284744263,0,0.0,0.0
2005-12-09 00:00:00+08:00,0.20999999344348907,0.20999999344348907,0.20999999344348907,0.20999999344348907,45000,0.0,0.0
2005-12-12 00:00:00+08:00,0.20000000298023224,0.20499999821186066,0.20000000298023224,0.20000000298023224,101000,0.0,0.0
2005-12-13 00:00:00+08:00,0.20000000298023224,0.20499999821186066,0.20000000298023224,0.20499999821186066,102000,0.0,0.0
2005-12-14 00:00:00+08:00,0.20499999821186066,0.20499999821186066,0.20499999821186066,0.20499999821186066,0,0.0,0.0
2005-12-15 00:00:00+08:00,0.20499999821186066,0.20499999821186066,0.20499999821186066,0.20499999821186066,0,0.0,0.0
2005-12-16 00:00:00+08:00,0.19499999284744263,0.19499999284744263,0.19499999284744263,0.19499999284744263,100000,0.0,0.0
2005-12-19 00:00:00+08:00,0.19499999284744263,0.19499999284744263,0.19499999284744263,0.19499999284744263,0,0.0,0.0
2005-12-20 00:00:00+08:00,0.19499999284744263,0.19499999284744263,0.19499999284744263,0.19499999284744263,59000,0.0,0.0
2005-12-21 00:00:00+08:00,0.19499999284744263,0.19499999284744263,0.19499999284744263,0.19499999284744263,0,0.0,0.0
2005-12-22 00:00:00+08:00,0.19499999284744263,0.19499999284744263,0.19499999284744263,0.19499999284744263,0,0.0,0.0
2005-12-23 00:00:00+08:00,0.19499999284744263,0.19499999284744263,0.19499999284744263,0.19499999284744263,0,0.0,0.0
2005-12-27 00:00:00+08:00,0.19499999284744263,0.19499999284744263,0.19499999284744263,0.19499999284744263,0,0.0,0.0
2005-12-28 00:00:00+08:00,0.1850000023841858,0.1850000023841858,0.1850000023841858,0.1850000023841858,59000,0.0,0.0
2005-12-29 00:00:00+08:00,0.1850000023841858,0.20999999344348907,0.1850000023841858,0.20999999344348907,5000,0.0,0.0
2005-12-30 00:00:00+08:00,0.17499999701976776,0.17499999701976776,0.17000000178813934,0.17000000178813934,75000,0.0,0.0
2006-01-03 00:00:00+08:00,0.17000000178813934,0.17000000178813934,0.14499999582767487,0.15000000596046448,344000,0.0,0.0
2006-01-04 00:00:00+08:00,0.15000000596046448,0.1550000011920929,0.14499999582767487,0.1550000011920929,481000,0.0,0.0
2006-01-05 00:00:00+08:00,0.1599999964237213,0.1599999964237213,0.1599999964237213,0.1599999964237213,149000,0.0,0.0
2006-01-06 00:00:00+08:00,0.16500000655651093,0.16500000655651093,0.1599999964237213,0.16500000655651093,685000,0.0,0.0
2006-01-09 00:00:00+08:00,0.1599999964237213,0.1599999964237213,0.1599999964237213,0.1599999964237213,92000,0.0,0.0
2006-01-10 00:00:00+08:00,0.1599999964237213,0.1599999964237213,0.1599999964237213,0.1599999964237213,0,0.0,0.0
2006-01-11 00:00:00+08:00,0.1550000011920929,0.1599999964237213,0.1550000011920929,0.1599999964237213,315000,0.0,0.0
2006-01-12 00:00:00+08:00,0.1550000011920929,0.1550000011920929,0.1550000011920929,0.1550000011920929,55000,0.0,0.0
2006-01-13 00:00:00+08:00,0.15000000596046448,0.1550000011920929,0.15000000596046448,0.1550000011920929,190000,0.0,0.0
2006-01-16 00:00:00+08:00,0.15000000596046448,0.1550000011920929,0.15000000596046448,0.15000000596046448,170000,0.0,0.0
2006-01-17 00:00:00+08:00,0.15000000596046448,0.15000000596046448,0.15000000596046448,0.15000000596046448,0,0.0,0.0
2006-01-18 00:00:00+08:00,0.15000000596046448,0.1550000011920929,0.15000000596046448,0.1550000011920929,90000,0.0,0.0
2006-01-19 00:00:00+08:00,0.1550000011920929,0.1550000011920929,0.1550000011920929,0.1550000011920929,0,0.0,0.0
2006-01-20 00:00:00+08:00,0.1550000011920929,0.1550000011920929,0.1550000011920929,0.1550000011920929,10000,0.0,0.0
2006-01-23 00:00:00+08:00,0.1550000011920929,0.1550000011920929,0.1550000011920929,0.1550000011920929,39000,0.0,0.0
2006-01-24 00:00:00+08:00,0.1550000011920929,0.1550000011920929,0.15000000596046448,0.15000000596046448,230000,0.0,0.0
2006-01-25 00:00:00+08:00,0.1550000011920929,0.1599999964237213,0.15000000596046448,0.15000000596046448,60000,0.0,0.0
2006-01-26 00:00:00+08:00,0.15000000596046448,0.15000000596046448,0.15000000596046448,0.15000000596046448,0,0.0,0.0
2006-01-27 00:00:00+08:00,0.1550000011920929,0.16500000655651093,0.1550000011920929,0.16500000655651093,120000,0.0,0.0
2006-01-30 00:00:00+08:00,0.16500000655651093,0.16500000655651093,0.16500000655651093,0.16500000655651093,0,0.0,0.0
2006-01-31 00:00:00+08:00,0.16500000655651093,0.16500000655651093,0.16500000655651093,0.16500000655651093,0,0.0,0.0
2006-02-01 00:00:00+08:00,0.16500000655651093,0.16500000655651093,0.1550000011920929,0.16500000655651093,123000,0.0,0.0
2006-02-02 00:00:00+08:00,0.1599999964237213,0.1599999964237213,0.1599999964237213,0.1599999964237213,33000,0.0,0.0
2006-02-03 00:00:00+08:00,0.1550000011920929,0.1550000011920929,0.1550000011920929,0.1550000011920929,160000,0.0,0.0
2006-02-06 00:00:00+08:00,0.1599999964237213,0.17000000178813934,0.1599999964237213,0.17000000178813934,501000,0.0,0.0
2006-02-07 00:00:00+08:00,0.17000000178813934,0.20000000298023224,0.17000000178813934,0.20000000298023224,478000,0.0,0.0
2006-02-08 00:00:00+08:00,0.17499999701976776,0.1899999976158142,0.17499999701976776,0.18000000715255737,437000,0.0,0.0
2006-02-09 00:00:00+08:00,0.18000000715255737,0.18000000715255737,0.18000000715255737,0.18000000715255737,84000,0.0,0.0
2006-02-10 00:00:00+08:00,0.18000000715255737,0.18000000715255737,0.18000000715255737,0.18000000715255737,30000,0.0,0.0
2006-02-13 00:00:00+08:00,0.1599999964237213,0.17499999701976776,0.1599999964237213,0.17499999701976776,208000,0.0,0.0
2006-02-14 00:00:00+08:00,0.16500000655651093,0.16500000655651093,0.16500000655651093,0.16500000655651093,100000,0.0,0.0
2006-02-15 00:00:00+08:00,0.16500000655651093,0.16500000655651093,0.1599999964237213,0.1599999964237213,248000,0.0,0.0
2006-02-16 00:00:00+08:00,0.1599999964237213,0.1599999964237213,0.1599999964237213,0.1599999964237213,20000,0.0,0.0
2006-02-17 00:00:00+08:00,0.1599999964237213,0.1599999964237213,0.1599999964237213,0.1599999964237213,103000,0.0,0.0
2006-02-20 00:00:00+08:00,0.1599999964237213,0.1599999964237213,0.1550000011920929,0.1550000011920929,123000,0.0,0.0
2006-02-21 00:00:00+08:00,0.1550000011920929,0.1550000011920929,0.1550000011920929,0.1550000011920929,0,0.0,0.0
2006-02-22 00:00:00+08:00,0.1550000011920929,0.1550000011920929,0.1550000011920929,0.1550000011920929,130000,0.0,0.0
2006-02-23 00:00:00+08:00,0.1599999964237213,0.1599999964237213,0.1599999964237213,0.1599999964237213,40000,0.0,0.0
2006-02-24 00:00:00+08:00,0.1599999964237213,0.1599999964237213,0.1599999964237213,0.1599999964237213,0,0.0,0.0
2006-02-27 00:00:00+08:00,0.1550000011920929,0.1550000011920929,0.1550000011920929,0.1550000011920929,286000,0.0,0.0
2006-02-28 00:00:00+08:00,0.1550000011920929,0.1599999964237213,0.1550000011920929,0.1599999964237213,60000,0.0,0.0
2006-03-01 00:00:00+08:00,0.1599999964237213,0.1599999964237213,0.1599999964237213,0.1599999964237213,0,0.0,0.0
2006-03-02 00:00:00+08:00,0.1550000011920929,0.1550000011920929,0.15000000596046448,0.1550000011920929,105000,0.0,0.0
2006-03-03 00:00:00+08:00,0.1550000011920929,0.1550000011920929,0.1550000011920929,0.1550000011920929,0,0.0,0.0
2006-03-06 00:00:00+08:00,0.1550000011920929,0.1550000011920929,0.1550000011920929,0.1550000011920929,0,0.0,0.0
2006-03-07 00:00:00+08:00,0.1550000011920929,0.1550000011920929,0.1550000011920929,0.1550000011920929,0,0.0,0.0
2006-03-08 00:00:00+08:00,0.14499999582767487,0.14499999582767487,0.14499999582767487,0.14499999582767487,55000,0.0,0.0
2006-03-09 00:00:00+08:00,0.15000000596046448,0.15000000596046448,0.15000000596046448,0.15000000596046448,135000,0.0,0.0
2006-03-10 00:00:00+08:00,0.15000000596046448,0.1550000011920929,0.15000000596046448,0.1550000011920929,145000,0.0,0.0
2006-03-13 00:00:00+08:00,0.15000000596046448,0.15000000596046448,0.15000000596046448,0.15000000596046448,345000,0.0,0.0
2006-03-14 00:00:00+08:00,0.15000000596046448,0.1550000011920929,0.15000000596046448,0.15000000596046448,815000,0.0,0.0
2006-03-15 00:00:00+08:00,0.15000000596046448,0.15000000596046448,0.15000000596046448,0.15000000596046448,20000,0.0,0.0
2006-03-16 00:00:00+08:00,0.15000000596046448,0.15000000596046448,0.15000000596046448,0.15000000596046448,0,0.0,0.0
2006-03-17 00:00:00+08:00,0.14499999582767487,0.15000000596046448,0.14499999582767487,0.15000000596046448,50000,0.0,0.0
2006-03-20 00:00:00+08:00,0.15000000596046448,0.15000000596046448,0.15000000596046448,0.15000000596046448,0,0.0,0.0
2006-03-21 00:00:00+08:00,0.14000000059604645,0.14000000059604645,0.14000000059604645,0.14000000059604645,1000,0.0,0.0
2006-03-22 00:00:00+08:00,0.14499999582767487,0.14499999582767487,0.14499999582767487,0.14499999582767487,50000,0.0,0.0
2006-03-23 00:00:00+08:00,0.14499999582767487,0.14499999582767487,0.14499999582767487,0.14499999582767487,0,0.0,0.0
2006-03-24 00:00:00+08:00,0.15000000596046448,0.15000000596046448,0.15000000596046448,0.15000000596046448,20000,0.0,0.0
2006-03-27 00:00:00+08:00,0.14499999582767487,0.15000000596046448,0.14499999582767487,0.15000000596046448,78000,0.0,0.0
2006-03-28 00:00:00+08:00,0.15000000596046448,0.15000000596046448,0.15000000596046448,0.15000000596046448,90000,0.0,0.0
2006-03-29 00:00:00+08:00,0.14499999582767487,0.16500000655651093,0.14499999582767487,0.16500000655651093,1300000,0.0,0.0
2006-03-30 00:00:00+08:00,0.16500000655651093,0.18000000715255737,0.16500000655651093,0.17499999701976776,4296000,0.0,0.0
2006-03-31 00:00:00+08:00,0.17000000178813934,0.17000000178813934,0.16500000655651093,0.16500000655651093,365000,0.0,0.0
2006-04-03 00:00:00+08:00,0.16500000655651093,0.16500000655651093,0.16500000655651093,0.16500000655651093,0,0.0,0.0
2006-04-04 00:00:00+08:00,0.16500000655651093,0.16500000655651093,0.16500000655651093,0.16500000655651093,19000,0.0,0.0
2006-04-05 00:00:00+08:00,0.1599999964237213,0.16500000655651093,0.1599999964237213,0.16500000655651093,55000,0.0,0.0
2006-04-06 00:00:00+08:00,0.1599999964237213,0.1599999964237213,0.1599999964237213,0.1599999964237213,50000,0.0,0.0
2006-04-07 00:00:00+08:00,0.16500000655651093,0.17000000178813934,0.16500000655651093,0.17000000178813934,504000,0.0,0.0
2006-04-10 00:00:00+08:00,0.17000000178813934,0.18000000715255737,0.17000000178813934,0.18000000715255737,275000,0.0,0.0
2006-04-11 00:00:00+08:00,0.17499999701976776,0.18000000715255737,0.17499999701976776,0.17499999701976776,375000,0.0,0.0
2006-04-12 00:00:00+08:00,0.17499999701976776,0.17499999701976776,0.17000000178813934,0.17000000178813934,483000,0.0,0.0
2006-04-13 00:00:00+08:00,0.17000000178813934,0.17000000178813934,0.17000000178813934,0.17000000178813934,50000,0.0,0.0
2006-04-14 00:00:00+08:00,0.17000000178813934,0.17000000178813934,0.17000000178813934,0.17000000178813934,0,0.0,0.0
2006-04-17 00:00:00+08:00,0.17000000178813934,0.17499999701976776,0.17000000178813934,0.17499999701976776,143000,0.0,0.0
2006-04-18 00:00:00+08:00,0.17499999701976776,0.17499999701976776,0.17000000178813934,0.17499999701976776,405000,0.0,0.0
2006-04-19 00:00:00+08:00,0.17499999701976776,0.17499999701976776,0.17000000178813934,0.17000000178813934,100000,0.0,0.0
2006-04-20 00:00:00+08:00,0.17499999701976776,0.18000000715255737,0.17499999701976776,0.18000000715255737,220000,0.0,0.0
2006-04-21 00:00:00+08:00,0.17499999701976776,0.17499999701976776,0.17000000178813934,0.17000000178813934,167000,0.0,0.0
2006-04-24 00:00:00+08:00,0.17000000178813934,0.17000000178813934,0.17000000178813934,0.17000000178813934,168000,0.0,0.0
2006-04-25 00:00:00+08:00,0.17000000178813934,0.17000000178813934,0.17000000178813934,0.17000000178813934,0,0.0,0.0
2006-04-26 00:00:00+08:00,0.17000000178813934,0.17000000178813934,0.17000000178813934,0.17000000178813934,0,0.0,0.0
2006-04-27 00:00:00+08:00,0.15000000596046448,0.15000000596046448,0.15000000596046448,0.15000000596046448,30000,0.0,0.0
2006-04-28 00:00:00+08:00,0.1599999964237213,0.1599999964237213,0.1599999964237213,0.1599999964237213,10000,0.0,0.0
2006-05-01 00:00:00+08:00,0.1599999964237213,0.1599999964237213,0.1599999964237213,0.1599999964237213,0,0.0,0.0
2006-05-02 00:00:00+08:00,0.1599999964237213,0.1599999964237213,0.1599999964237213,0.1599999964237213,0,0.0,0.0
2006-05-03 00:00:00+08:00,0.1599999964237213,0.1599999964237213,0.1599999964237213,0.1599999964237213,10000,0.0,0.0
2006-05-04 00:00:00+08:00,0.1599999964237213,0.1599999964237213,0.1599999964237213,0.1599999964237213,0,0.0,0.0
2006-05-05 00:00:00+08:00,0.1550000011920929,0.1599999964237213,0.1550000011920929,0.1599999964237213,44000,0.0,0.0
2006-05-08 00:00:00+08:00,0.1599999964237213,0.1599999964237213,0.1599999964237213,0.1599999964237213,0,0.0,0.0
2006-05-09 00:00:00+08:00,0.1599999964237213,0.1599999964237213,0.1599999964237213,0.1599999964237213,0,0.0,0.0
2006-05-10 00:00:00+08:00,0.1599999964237213,0.1599999964237213,0.1599999964237213,0.1599999964237213,0,0.0,0.0
2006-05-11 00:00:00+08:00,0.1599999964237213,0.1599999964237213,0.1599999964237213,0.1599999964237213,0,0.0,0.0
2006-05-12 00:00:00+08:00,0.1599999964237213,0.1599999964237213,0.1599999964237213,0.1599999964237213,0,0.0,0.0
2006-05-15 00:00:00+08:00,0.14499999582767487,0.1550000011920929,0.14499999582767487,0.15000000596046448,115000,0.0,0.0
2006-05-16 00:00:00+08:00,0.15000000596046448,0.15000000596046448,0.15000000596046448,0.15000000596046448,0,0.0,0.0
2006-05-17 00:00:00+08:00,0.15000000596046448,0.15000000596046448,0.15000000596046448,0.15000000596046448,1000,0.0,0.0
2006-05-18 00:00:00+08:00,0.15000000596046448,0.15000000596046448,0.15000000596046448,0.15000000596046448,10000,0.0,0.0
2006-05-19 00:00:00+08:00,0.15000000596046448,0.15000000596046448,0.15000000596046448,0.15000000596046448,0,0.0,0.0
2006-05-22 00:00:00+08:00,0.12999999523162842,0.1550000011920929,0.12999999523162842,0.1550000011920929,90000,0.0,0.0
2006-05-23 00:00:00+08:00,0.15000000596046448,0.15000000596046448,0.14000000059604645,0.14000000059604645,30000,0.0,0.0
2006-05-24 00:00:00+08:00,0.1550000011920929,0.1550000011920929,0.1550000011920929,0.1550000011920929,10000,0.0,0.0
2006-05-25 00:00:00+08:00,0.14000000059604645,0.14000000059604645,0.14000000059604645,0.14000000059604645,18000,0.0,0.0
2006-05-26 00:00:00+08:00,0.13500000536441803,0.13500000536441803,0.12999999523162842,0.12999999523162842,73000,0.0,0.0
2006-05-29 00:00:00+08:00,0.13500000536441803,0.13500000536441803,0.13500000536441803,0.13500000536441803,30000,0.0,0.0
2006-05-30 00:00:00+08:00,0.13500000536441803,0.13500000536441803,0.13500000536441803,0.13500000536441803,0,0.0,0.0
2006-05-31 00:00:00+08:00,0.13500000536441803,0.13500000536441803,0.13500000536441803,0.13500000536441803,0,0.0,0.0
2006-06-01 00:00:00+08:00,0.13500000536441803,0.13500000536441803,0.13500000536441803,0.13500000536441803,0,0.0,0.0
2006-06-02 00:00:00+08:00,0.14499999582767487,0.14499999582767487,0.14499999582767487,0.14499999582767487,30000,0.0,0.0
2006-06-05 00:00:00+08:00,0.14499999582767487,0.14499999582767487,0.14499999582767487,0.14499999582767487,40000,0.0,0.0
2006-06-06 00:00:00+08:00,0.14499999582767487,0.14499999582767487,0.14499999582767487,0.14499999582767487,0,0.0,0.0
2006-06-07 00:00:00+08:00,0.14499999582767487,0.14499999582767487,0.14499999582767487,0.14499999582767487,0,0.0,0.0
2006-06-08 00:00:00+08:00,0.14499999582767487,0.14499999582767487,0.14499999582767487,0.14499999582767487,0,0.0,0.0
2006-06-09 00:00:00+08:00,0.14499999582767487,0.14499999582767487,0.14499999582767487,0.14499999582767487,0,0.0,0.0
2006-06-12 00:00:00+08:00,0.14499999582767487,0.1550000011920929,0.14499999582767487,0.1550000011920929,18000,0.0,0.0
2006-06-13 00:00:00+08:00,0.1550000011920929,0.1550000011920929,0.1550000011920929,0.1550000011920929,0,0.0,0.0
2006-06-14 00:00:00+08:00,0.12999999523162842,0.15000000596046448,0.125,0.15000000596046448,44000,0.0,0.0
2006-06-15 00:00:00+08:00,0.13500000536441803,0.13500000536441803,0.13500000536441803,0.13500000536441803,16000,0.0,0.0
2006-06-16 00:00:00+08:00,0.13500000536441803,0.13500000536441803,0.13500000536441803,0.13500000536441803,0,0.0,0.0
2006-06-19 00:00:00+08:00,0.13500000536441803,0.13500000536441803,0.13500000536441803,0.13500000536441803,0,0.0,0.0
2006-06-20 00:00:00+08:00,0.13500000536441803,0.13500000536441803,0.13500000536441803,0.13500000536441803,0,0.0,0.0
2006-06-21 00:00:00+08:00,0.13500000536441803,0.13500000536441803,0.13500000536441803,0.13500000536441803,0,0.0,0.0
2006-06-22 00:00:00+08:00,0.14000000059604645,0.15000000596046448,0.125,0.15000000596046448,16000,0.0,0.0
2006-06-23 00:00:00+08:00,0.14499999582767487,0.15000000596046448,0.13500000536441803,0.15000000596046448,26000,0.0,0.0
2006-06-26 00:00:00+08:00,0.15000000596046448,0.15000000596046448,0.15000000596046448,0.15000000596046448,0,0.0,0.0
2006-06-27 00:00:00+08:00,0.15000000596046448,0.15000000596046448,0.15000000596046448,0.15000000596046448,0,0.0,0.0
2006-06-28 00:00:00+08:00,0.15000000596046448,0.15000000596046448,0.15000000596046448,0.15000000596046448,0,0.0,0.0
2006-06-29 00:00:00+08:00,0.15000000596046448,0.15000000596046448,0.15000000596046448,0.15000000596046448,0,0.0,0.0
2006-06-30 00:00:00+08:00,0.15000000596046448,0.15000000596046448,0.15000000596046448,0.15000000596046448,20000,0.0,0.0
2006-07-03 00:00:00+08:00,0.15000000596046448,0.15000000596046448,0.15000000596046448,0.15000000596046448,0,0.0,0.0
2006-07-04 00:00:00+08:00,0.1599999964237213,0.1599999964237213,0.1599999964237213,0.1599999964237213,60000,0.0,0.0
2006-07-05 00:00:00+08:00,0.1599999964237213,0.1599999964237213,0.1599999964237213,0.1599999964237213,0,0.0,0.0
2006-07-06 00:00:00+08:00,0.1599999964237213,0.1599999964237213,0.1599999964237213,0.1599999964237213,0,0.0,0.0
2006-07-07 00:00:00+08:00,0.1599999964237213,0.1599999964237213,0.1599999964237213,0.1599999964237213,0,0.0,0.0
2006-07-10 00:00:00+08:00,0.1599999964237213,0.1599999964237213,0.1599999964237213,0.1599999964237213,45000,0.0,0.0
2006-07-11 00:00:00+08:00,0.1599999964237213,0.1599999964237213,0.1599999964237213,0.1599999964237213,0,0.0,0.0
2006-07-12 00:00:00+08:00,0.1599999964237213,0.1599999964237213,0.1599999964237213,0.1599999964237213,0,0.0,0.0
2006-07-13 00:00:00+08:00,0.1599999964237213,0.1599999964237213,0.1599999964237213,0.1599999964237213,0,0.0,0.0
2006-07-14 00:00:00+08:00,0.1599999964237213,0.1599999964237213,0.1599999964237213,0.1599999964237213,0,0.0,0.0
2006-07-17 00:00:00+08:00,0.14000000059604645,0.1599999964237213,0.14000000059604645,0.1599999964237213,30000,0.0,0.0
2006-07-18 00:00:00+08:00,0.1599999964237213,0.1599999964237213,0.1599999964237213,0.1599999964237213,40000,0.0,0.0
2006-07-19 00:00:00+08:00,0.1599999964237213,0.1599999964237213,0.1599999964237213,0.1599999964237213,36000,0.0,0.0
2006-07-20 00:00:00+08:00,0.1599999964237213,0.17000000178813934,0.1599999964237213,0.1599999964237213,514000,0.0,0.0
2006-07-21 00:00:00+08:00,0.1599999964237213,0.1599999964237213,0.1599999964237213,0.1599999964237213,0,0.0,0.0
2006-07-24 00:00:00+08:00,0.1599999964237213,0.1599999964237213,0.1599999964237213,0.1599999964237213,0,0.0,0.0
2006-07-25 00:00:00+08:00,0.1550000011920929,0.1550000011920929,0.15000000596046448,0.15000000596046448,10000,0.0,0.0
2006-07-26 00:00:00+08:00,0.15000000596046448,0.15000000596046448,0.15000000596046448,0.15000000596046448,0,0.0,0.0
2006-07-27 00:00:00+08:00,0.1599999964237213,0.1599999964237213,0.1599999964237213,0.1599999964237213,189000,0.0,0.0
2006-07-28 00:00:00+08:00,0.1599999964237213,0.17499999701976776,0.1599999964237213,0.17499999701976776,11000,0.0,0.0
2006-07-31 00:00:00+08:00,0.17000000178813934,0.17499999701976776,0.16500000655651093,0.17000000178813934,70000,0.0,0.0
2006-08-01 00:00:00+08:00,0.17000000178813934,0.17499999701976776,0.17000000178813934,0.17000000178813934,223000,0.0,0.0
2006-08-02 00:00:00+08:00,0.18000000715255737,0.18000000715255737,0.18000000715255737,0.18000000715255737,20000,0.0,0.0
2006-08-03 00:00:00+08:00,0.17499999701976776,0.1850000023841858,0.17499999701976776,0.17499999701976776,296000,0.0,0.0
2006-08-04 00:00:00+08:00,0.18000000715255737,0.18000000715255737,0.18000000715255737,0.18000000715255737,90000,0.0,0.0
2006-08-07 00:00:00+08:00,0.18000000715255737,0.18000000715255737,0.18000000715255737,0.18000000715255737,0,0.0,0.0
2006-08-08 00:00:00+08:00,0.17000000178813934,0.17499999701976776,0.17000000178813934,0.17499999701976776,110000,0.0,0.0
2006-08-09 00:00:00+08:00,0.17499999701976776,0.17499999701976776,0.17499999701976776,0.17499999701976776,0,0.0,0.0
2006-08-10 00:00:00+08:00,0.18000000715255737,0.18000000715255737,0.17499999701976776,0.17499999701976776,343000,0.0,0.0
2006-08-11 00:00:00+08:00,0.17499999701976776,0.17499999701976776,0.17499999701976776,0.17499999701976776,10000,0.0,0.0
2006-08-14 00:00:00+08:00,0.17499999701976776,0.18000000715255737,0.17499999701976776,0.18000000715255737,56000,0.0,0.0
2006-08-15 00:00:00+08:00,0.18000000715255737,0.1850000023841858,0.17499999701976776,0.18000000715255737,250000,0.0,0.0
2006-08-16 00:00:00+08:00,0.18000000715255737,0.1850000023841858,0.18000000715255737,0.1850000023841858,110000,0.0,0.0
2006-08-17 00:00:00+08:00,0.1850000023841858,0.1850000023841858,0.18000000715255737,0.1850000023841858,365000,0.0,0.0
2006-08-18 00:00:00+08:00,0.1899999976158142,0.1899999976158142,0.1850000023841858,0.1899999976158142,27000,0.0,0.0
2006-08-21 00:00:00+08:00,0.1899999976158142,0.1899999976158142,0.1899999976158142,0.1899999976158142,0,0.0,0.0
2006-08-22 00:00:00+08:00,0.1850000023841858,0.1850000023841858,0.1850000023841858,0.1850000023841858,18000,0.0,0.0
2006-08-23 00:00:00+08:00,0.1850000023841858,0.1850000023841858,0.1850000023841858,0.1850000023841858,0,0.0,0.0
2006-08-24 00:00:00+08:00,0.1850000023841858,0.1899999976158142,0.16500000655651093,0.1850000023841858,154000,0.0,0.0
2006-08-25 00:00:00+08:00,0.1850000023841858,0.1850000023841858,0.1850000023841858,0.1850000023841858,0,0.0,0.0
2006-08-28 00:00:00+08:00,0.17000000178813934,0.18000000715255737,0.16500000655651093,0.18000000715255737,65000,0.0,0.0
2006-08-29 00:00:00+08:00,0.18000000715255737,0.18000000715255737,0.18000000715255737,0.18000000715255737,0,0.0,0.0
2006-08-30 00:00:00+08:00,0.18000000715255737,0.18000000715255737,0.18000000715255737,0.18000000715255737,0,0.0,0.0
2006-08-31 00:00:00+08:00,0.18000000715255737,0.18000000715255737,0.18000000715255737,0.18000000715255737,0,0.0,0.0
2006-09-01 00:00:00+08:00,0.18000000715255737,0.18000000715255737,0.18000000715255737,0.18000000715255737,0,0.0,0.0
2006-09-04 00:00:00+08:00,0.18000000715255737,0.18000000715255737,0.18000000715255737,0.18000000715255737,0,0.0,0.0
2006-09-05 00:00:00+08:00,0.18000000715255737,0.18000000715255737,0.18000000715255737,0.18000000715255737,0,0.0,0.0
2006-09-06 00:00:00+08:00,0.18000000715255737,0.18000000715255737,0.18000000715255737,0.18000000715255737,0,0.0,0.0
2006-09-07 00:00:00+08:00,0.18000000715255737,0.18000000715255737,0.18000000715255737,0.18000000715255737,0,0.0,0.0
2006-09-08 00:00:00+08:00,0.18000000715255737,0.18000000715255737,0.18000000715255737,0.18000000715255737,0,0.0,0.0
2006-09-11 00:00:00+08:00,0.1599999964237213,0.17000000178813934,0.1599999964237213,0.17000000178813934,100000,0.0,0.0
2006-09-12 00:00:00+08:00,0.1550000011920929,0.17499999701976776,0.1550000011920929,0.17499999701976776,98000,0.0,0.0
2006-09-13 00:00:00+08:00,0.17499999701976776,0.17499999701976776,0.17499999701976776,0.17499999701976776,0,0.0,0.0
2006-09-14 00:00:00+08:00,0.17000000178813934,0.17499999701976776,0.16500000655651093,0.17499999701976776,67000,0.0,0.0
2006-09-15 00:00:00+08:00,0.17499999701976776,0.17499999701976776,0.17499999701976776,0.17499999701976776,0,0.0,0.0
2006-09-18 00:00:00+08:00,0.17499999701976776,0.17499999701976776,0.17499999701976776,0.17499999701976776,0,0.0,0.0
2006-09-19 00:00:00+08:00,0.1599999964237213,0.17000000178813934,0.1599999964237213,0.17000000178813934,60000,0.0,0.0
2006-09-20 00:00:00+08:00,0.17000000178813934,0.17000000178813934,0.17000000178813934,0.17000000178813934,0,0.0,0.0
2006-09-21 00:00:00+08:00,0.1550000011920929,0.16500000655651093,0.1550000011920929,0.16500000655651093,150000,0.0,0.0
2006-09-22 00:00:00+08:00,0.16500000655651093,0.16500000655651093,0.16500000655651093,0.16500000655651093,0,0.0,0.0
2006-09-25 00:00:00+08:00,0.1550000011920929,0.1599999964237213,0.1550000011920929,0.1599999964237213,205000,0.0,0.0
2006-09-26 00:00:00+08:00,0.14499999582767487,0.1599999964237213,0.14499999582767487,0.1550000011920929,145000,0.0,0.0
2006-09-27 00:00:00+08:00,0.1599999964237213,0.17499999701976776,0.1599999964237213,0.1599999964237213,7910000,0.0,0.0
2006-09-28 00:00:00+08:00,0.1550000011920929,0.1599999964237213,0.1550000011920929,0.1599999964237213,1402000,0.0,0.0
2006-09-29 00:00:00+08:00,0.15000000596046448,0.1599999964237213,0.15000000596046448,0.1599999964237213,696000,0.0,0.0
2006-10-02 00:00:00+08:00,0.15000000596046448,0.1550000011920929,0.15000000596046448,0.1550000011920929,125000,0.0,0.0
2006-10-03 00:00:00+08:00,0.15000000596046448,0.1550000011920929,0.15000000596046448,0.1550000011920929,410000,0.0,0.0
2006-10-04 00:00:00+08:00,0.15000000596046448,0.1550000011920929,0.15000000596046448,0.1550000011920929,1095000,0.0,0.0
2006-10-05 00:00:00+08:00,0.1550000011920929,0.1550000011920929,0.1550000011920929,0.1550000011920929,180000,0.0,0.0
2006-10-06 00:00:00+08:00,0.1550000011920929,0.1550000011920929,0.1550000011920929,0.1550000011920929,1502000,0.0,0.0
2006-10-09 00:00:00+08:00,0.1550000011920929,0.1599999964237213,0.1550000011920929,0.1550000011920929,3274000,0.0,0.0
2006-10-10 00:00:00+08:00,0.1550000011920929,0.1550000011920929,0.1550000011920929,0.1550000011920929,4439000,0.0,0.0
2006-10-11 00:00:00+08:00,0.1550000011920929,0.1550000011920929,0.1550000011920929,0.1550000011920929,1591000,0.0,0.0
2006-10-12 00:00:00+08:00,0.1550000011920929,0.1550000011920929,0.15000000596046448,0.15000000596046448,163000,0.0,0.0
2006-10-13 00:00:00+08:00,0.15000000596046448,0.15000000596046448,0.15000000596046448,0.15000000596046448,0,0.0,0.0
2006-10-16 00:00:00+08:00,0.1550000011920929,0.1599999964237213,0.1550000011920929,0.1599999964237213,390000,0.0,0.0
2006-10-17 00:00:00+08:00,0.1599999964237213,0.1599999964237213,0.1599999964237213,0.1599999964237213,0,0.0,0.0
2006-10-18 00:00:00+08:00,0.1550000011920929,0.1550000011920929,0.15000000596046448,0.15000000596046448,175000,0.0,0.0
2006-10-19 00:00:00+08:00,0.15000000596046448,0.15000000596046448,0.15000000596046448,0.15000000596046448,0,0.0,0.0
2006-10-20 00:00:00+08:00,0.15000000596046448,0.1550000011920929,0.15000000596046448,0.1550000011920929,60000,0.0,0.0
2006-10-23 00:00:00+08:00,0.15000000596046448,0.1550000011920929,0.15000000596046448,0.1550000011920929,210000,0.0,0.0
2006-10-24 00:00:00+08:00,0.1550000011920929,0.1550000011920929,0.1550000011920929,0.1550000011920929,0,0.0,0.0
2006-10-25 00:00:00+08:00,0.1550000011920929,0.1599999964237213,0.1550000011920929,0.1599999964237213,185000,0.0,0.0
2006-10-26 00:00:00+08:00,0.1599999964237213,0.1599999964237213,0.1550000011920929,0.1550000011920929,341000,0.0,0.0
2006-10-27 00:00:00+08:00,0.1550000011920929,0.1550000011920929,0.1550000011920929,0.1550000011920929,100000,0.0,0.0
2006-10-30 00:00:00+08:00,0.1550000011920929,0.1550000011920929,0.1550000011920929,0.1550000011920929,242000,0.0,0.0
2006-10-31 00:00:00+08:00,0.1550000011920929,0.1550000011920929,0.15000000596046448,0.15000000596046448,50000,0.0,0.0
2006-11-01 00:00:00+08:00,0.1550000011920929,0.1550000011920929,0.15000000596046448,0.15000000596046448,419000,0.0,0.0
2006-11-02 00:00:00+08:00,0.15000000596046448,0.15000000596046448,0.15000000596046448,0.15000000596046448,30000,0.0,0.0
2006-11-03 00:00:00+08:00,0.15000000596046448,0.15000000596046448,0.15000000596046448,0.15000000596046448,10000,0.0,0.0
2006-11-06 00:00:00+08:00,0.15000000596046448,0.15000000596046448,0.15000000596046448,0.15000000596046448,100000,0.0,0.0
2006-11-07 00:00:00+08:00,0.1599999964237213,0.1599999964237213,0.1550000011920929,0.1550000011920929,755000,0.0,0.0
2006-11-08 00:00:00+08:00,0.1550000011920929,0.1550000011920929,0.14499999582767487,0.14499999582767487,165000,0.0,0.0
2006-11-09 00:00:00+08:00,0.14499999582767487,0.14499999582767487,0.14499999582767487,0.14499999582767487,0,0.0,0.0
2006-11-10 00:00:00+08:00,0.14499999582767487,0.14499999582767487,0.14499999582767487,0.14499999582767487,34000,0.0,0.0
2006-11-13 00:00:00+08:00,0.14499999582767487,0.14499999582767487,0.14499999582767487,0.14499999582767487,0,0.0,0.0
2006-11-14 00:00:00+08:00,0.15000000596046448,0.15000000596046448,0.15000000596046448,0.15000000596046448,85000,0.0,0.0
2006-11-15 00:00:00+08:00,0.15000000596046448,0.15000000596046448,0.14499999582767487,0.14499999582767487,280000,0.0,0.0
2006-11-16 00:00:00+08:00,0.14499999582767487,0.14499999582767487,0.14499999582767487,0.14499999582767487,0,0.0,0.0
2006-11-17 00:00:00+08:00,0.15000000596046448,0.1550000011920929,0.15000000596046448,0.1550000011920929,184000,0.0,0.0
2006-11-20 00:00:00+08:00,0.1550000011920929,0.1550000011920929,0.1550000011920929,0.1550000011920929,0,0.0,0.0
2006-11-21 00:00:00+08:00,0.1550000011920929,0.1550000011920929,0.1550000011920929,0.1550000011920929,0,0.0,0.0
2006-11-22 00:00:00+08:00,0.15000000596046448,0.1550000011920929,0.15000000596046448,0.1550000011920929,63000,0.0,0.0
2006-11-23 00:00:00+08:00,0.15000000596046448,0.15000000596046448,0.15000000596046448,0.15000000596046448,252000,0.0,0.0
2006-11-24 00:00:00+08:00,0.15000000596046448,0.15000000596046448,0.15000000596046448,0.15000000596046448,120000,0.0,0.0
2006-11-27 00:00:00+08:00,0.1550000011920929,0.1550000011920929,0.15000000596046448,0.15000000596046448,101000,0.0,0.0
2006-11-28 00:00:00+08:00,0.15000000596046448,0.15000000596046448,0.15000000596046448,0.15000000596046448,50000,0.0,0.0
2006-11-29 00:00:00+08:00,0.15000000596046448,0.15000000596046448,0.15000000596046448,0.15000000596046448,0,0.0,0.0
2006-11-30 00:00:00+08:00,0.15000000596046448,0.15000000596046448,0.15000000596046448,0.15000000596046448,0,0.0,0.0
2006-12-01 00:00:00+08:00,0.15000000596046448,0.15000000596046448,0.15000000596046448,0.15000000596046448,0,0.0,0.0
2006-12-04 00:00:00+08:00,0.14499999582767487,0.14499999582767487,0.14499999582767487,0.14499999582767487,54000,0.0,0.0
2006-12-05 00:00:00+08:00,0.1550000011920929,0.1550000011920929,0.1550000011920929,0.1550000011920929,10000,0.0,0.0
2006-12-06 00:00:00+08:00,0.15000000596046448,0.15000000596046448,0.14499999582767487,0.14499999582767487,63000,0.0,0.0
2006-12-07 00:00:00+08:00,0.14499999582767487,0.15000000596046448,0.14499999582767487,0.15000000596046448,107000,0.0,0.0
2006-12-08 00:00:00+08:00,0.15000000596046448,0.15000000596046448,0.14499999582767487,0.14499999582767487,50000,0.0,0.0
2006-12-11 00:00:00+08:00,0.14499999582767487,0.14499999582767487,0.14499999582767487,0.14499999582767487,0,0.0,0.0
2006-12-12 00:00:00+08:00,0.14499999582767487,0.14499999582767487,0.14499999582767487,0.14499999582767487,52000,0.0,0.0
2006-12-13 00:00:00+08:00,0.14499999582767487,0.14499999582767487,0.13500000536441803,0.13500000536441803,125000,0.0,0.0
2006-12-14 00:00:00+08:00,0.14000000059604645,0.14000000059604645,0.14000000059604645,0.14000000059604645,5000,0.0,0.0
2006-12-15 00:00:00+08:00,0.14000000059604645,0.14000000059604645,0.14000000059604645,0.14000000059604645,0,0.0,0.0
2006-12-18 00:00:00+08:00,0.14000000059604645,0.14000000059604645,0.14000000059604645,0.14000000059604645,0,0.0,0.0
2006-12-19 00:00:00+08:00,0.12999999523162842,0.14000000059604645,0.12999999523162842,0.14000000059604645,10000,0.0,0.0
2006-12-20 00:00:00+08:00,0.125,0.14000000059604645,0.125,0.14000000059604645,7000,0.0,0.0
2006-12-21 00:00:00+08:00,0.14000000059604645,0.14000000059604645,0.14000000059604645,0.14000000059604645,35000,0.0,0.0
2006-12-22 00:00:00+08:00,0.14000000059604645,0.14000000059604645,0.14000000059604645,0.14000000059604645,0,0.0,0.0
2006-12-26 00:00:00+08:00,0.14000000059604645,0.14499999582767487,0.14000000059604645,0.14499999582767487,7000,0.0,0.0
2006-12-27 00:00:00+08:00,0.14499999582767487,0.14499999582767487,0.14499999582767487,0.14499999582767487,0,0.0,0.0
2006-12-28 00:00:00+08:00,0.14499999582767487,0.14499999582767487,0.14499999582767487,0.14499999582767487,0,0.0,0.0
2006-12-29 00:00:00+08:00,0.14499999582767487,0.14499999582767487,0.14499999582767487,0.14499999582767487,0,0.0,0.0
2007-01-03 00:00:00+08:00,0.14000000059604645,0.14499999582767487,0.14000000059604645,0.14499999582767487,416000,0.0,0.0
2007-01-04 00:00:00+08:00,0.14000000059604645,0.14000000059604645,0.14000000059604645,0.14000000059604645,206000,0.0,0.0
2007-01-05 00:00:00+08:00,0.14499999582767487,0.1550000011920929,0.14499999582767487,0.1550000011920929,496000,0.0,0.0
2007-01-08 00:00:00+08:00,0.15000000596046448,0.15000000596046448,0.15000000596046448,0.15000000596046448,430000,0.0,0.0
2007-01-09 00:00:00+08:00,0.1599999964237213,0.1599999964237213,0.1550000011920929,0.1550000011920929,570000,0.0,0.0
2007-01-10 00:00:00+08:00,0.1599999964237213,0.1599999964237213,0.1599999964237213,0.1599999964237213,622000,0.0,0.0
2007-01-11 00:00:00+08:00,0.1599999964237213,0.1599999964237213,0.15000000596046448,0.15000000596046448,168000,0.0,0.0
2007-01-12 00:00:00+08:00,0.15000000596046448,0.1599999964237213,0.15000000596046448,0.1550000011920929,1091000,0.0,0.0
2007-01-15 00:00:00+08:00,0.1550000011920929,0.1599999964237213,0.15000000596046448,0.1550000011920929,1388000,0.0,0.0
2007-01-16 00:00:00+08:00,0.1550000011920929,0.1599999964237213,0.15000000596046448,0.1550000011920929,3298000,0.0,0.0
2007-01-17 00:00:00+08:00,0.1550000011920929,0.1550000011920929,0.15000000596046448,0.15000000596046448,863000,0.0,0.0
2007-01-18 00:00:00+08:00,0.15000000596046448,0.15000000596046448,0.14499999582767487,0.14499999582767487,262000,0.0,0.0
2007-01-19 00:00:00+08:00,0.1550000011920929,0.1550000011920929,0.14499999582767487,0.14499999582767487,547000,0.0,0.0
2007-01-22 00:00:00+08:00,0.15000000596046448,0.15000000596046448,0.14499999582767487,0.14499999582767487,832000,0.0,0.0
2007-01-23 00:00:00+08:00,0.14499999582767487,0.14499999582767487,0.14499999582767487,0.14499999582767487,770000,0.0,0.0
2007-01-24 00:00:00+08:00,0.15000000596046448,0.1550000011920929,0.15000000596046448,0.15000000596046448,865000,0.0,0.0
2007-01-25 00:00:00+08:00,0.1550000011920929,0.1550000011920929,0.14499999582767487,0.14499999582767487,817000,0.0,0.0
2007-01-26 00:00:00+08:00,0.14499999582767487,0.15000000596046448,0.14499999582767487,0.15000000596046448,100000,0.0,0.0
2007-01-29 00:00:00+08:00,0.14499999582767487,0.14499999582767487,0.14499999582767487,0.14499999582767487,25000,0.0,0.0
2007-01-30 00:00:00+08:00,0.14499999582767487,0.14499999582767487,0.14000000059604645,0.14000000059604645,472000,0.0,0.0
2007-01-31 00:00:00+08:00,0.14000000059604645,0.14000000059604645,0.14000000059604645,0.14000000059604645,155000,0.0,0.0
2007-02-01 00:00:00+08:00,0.14499999582767487,0.14499999582767487,0.14499999582767487,0.14499999582767487,2000,0.0,0.0
2007-02-02 00:00:00+08:00,0.14499999582767487,0.14499999582767487,0.14499999582767487,0.14499999582767487,30000,0.0,0.0
2007-02-05 00:00:00+08:00,0.14499999582767487,0.14499999582767487,0.14499999582767487,0.14499999582767487,0,0.0,0.0
2007-02-06 00:00:00+08:00,0.14000000059604645,0.14000000059604645,0.14000000059604645,0.14000000059604645,110000,0.0,0.0
2007-02-07 00:00:00+08:00,0.14499999582767487,0.16500000655651093,0.14499999582767487,0.16500000655651093,3378000,0.0,0.0
2007-02-08 00:00:00+08:00,0.16500000655651093,0.17000000178813934,0.1599999964237213,0.1599999964237213,1288000,0.0,0.0
2007-02-09 00:00:00+08:00,0.1550000011920929,0.1599999964237213,0.1550000011920929,0.1550000011920929,1140000,0.0,0.0
2007-02-12 00:00:00+08:00,0.1550000011920929,0.1550000011920929,0.15000000596046448,0.1550000011920929,410000,0.0,0.0
2007-02-13 00:00:00+08:00,0.15000000596046448,0.1550000011920929,0.15000000596046448,0.15000000596046448,180000,0.0,0.0
2007-02-14 00:00:00+08:00,0.15000000596046448,0.1550000011920929,0.15000000596046448,0.15000000596046448,550000,0.0,0.0
2007-02-15 00:00:00+08:00,0.15000000596046448,0.1550000011920929,0.14000000059604645,0.14000000059604645,485000,0.0,0.0
2007-02-16 00:00:00+08:00,0.14000000059604645,0.15000000596046448,0.14000000059604645,0.15000000596046448,148000,0.0,0.0
2007-02-21 00:00:00+08:00,0.15000000596046448,0.15000000596046448,0.15000000596046448,0.15000000596046448,48000,0.0,0.0
2007-02-22 00:00:00+08:00,0.15000000596046448,0.15000000596046448,0.15000000596046448,0.15000000596046448,50000,0.0,0.0
2007-02-23 00:00:00+08:00,0.15000000596046448,0.15000000596046448,0.15000000596046448,0.15000000596046448,70000,0.0,0.0
2007-02-26 00:00:00+08:00,0.15000000596046448,0.15000000596046448,0.15000000596046448,0.15000000596046448,426000,0.0,0.0
2007-02-27 00:00:00+08:00,0.14499999582767487,0.14499999582767487,0.14499999582767487,0.14499999582767487,532000,0.0,0.0
2007-02-28 00:00:00+08:00,0.14000000059604645,0.14000000059604645,0.13500000536441803,0.13500000536441803,232000,0.0,0.0
2007-03-01 00:00:00+08:00,0.14000000059604645,0.14000000059604645,0.14000000059604645,0.14000000059604645,104000,0.0,0.0
2007-03-02 00:00:00+08:00,0.14000000059604645,0.14000000059604645,0.14000000059604645,0.14000000059604645,100000,0.0,0.0
2007-03-05 00:00:00+08:00,0.13500000536441803,0.13500000536441803,0.12999999523162842,0.12999999523162842,523000,0.0,0.0
2007-03-06 00:00:00+08:00,0.13500000536441803,0.13500000536441803,0.13500000536441803,0.13500000536441803,100000,0.0,0.0
2007-03-07 00:00:00+08:00,0.13500000536441803,0.13500000536441803,0.13500000536441803,0.13500000536441803,10000,0.0,0.0
2007-03-08 00:00:00+08:00,0.14000000059604645,0.14000000059604645,0.13500000536441803,0.14000000059604645,105000,0.0,0.0
2007-03-09 00:00:00+08:00,0.14000000059604645,0.14000000059604645,0.14000000059604645,0.14000000059604645,0,0.0,0.0
2007-03-12 00:00:00+08:00,0.14000000059604645,0.14000000059604645,0.14000000059604645,0.14000000059604645,100000,0.0,0.0
2007-03-13 00:00:00+08:00,0.14000000059604645,0.14000000059604645,0.14000000059604645,0.14000000059604645,20000,0.0,0.0
2007-03-14 00:00:00+08:00,0.14000000059604645,0.14000000059604645,0.13500000536441803,0.14000000059604645,230000,0.0,0.0
2007-03-15 00:00:00+08:00,0.14499999582767487,0.15000000596046448,0.14499999582767487,0.15000000596046448,210000,0.0,0.0
2007-03-16 00:00:00+08:00,0.15000000596046448,0.1550000011920929,0.15000000596046448,0.1550000011920929,335000,0.0,0.0
2007-03-19 00:00:00+08:00,0.1550000011920929,0.1550000011920929,0.1550000011920929,0.1550000011920929,780000,0.0,0.0
2007-03-20 00:00:00+08:00,0.1550000011920929,0.1599999964237213,0.1550000011920929,0.1550000011920929,280000,0.0,0.0
2007-03-21 00:00:00+08:00,0.1550000011920929,0.1550000011920929,0.1550000011920929,0.1550000011920929,180000,0.0,0.0
2007-03-22 00:00:00+08:00,0.15000000596046448,0.15000000596046448,0.15000000596046448,0.15000000596046448,60000,0.0,0.0
2007-03-23 00:00:00+08:00,0.14499999582767487,0.14499999582767487,0.14499999582767487,0.14499999582767487,3000,0.0,0.0
2007-03-26 00:00:00+08:00,0.15000000596046448,0.1550000011920929,0.15000000596046448,0.1550000011920929,100000,0.0,0.0
2007-03-27 00:00:00+08:00,0.1550000011920929,0.1550000011920929,0.1550000011920929,0.1550000011920929,140000,0.0,0.0
2007-03-28 00:00:00+08:00,0.1550000011920929,0.1550000011920929,0.15000000596046448,0.1550000011920929,337000,0.0,0.0
2007-03-29 00:00:00+08:00,0.1550000011920929,0.1599999964237213,0.1550000011920929,0.1599999964237213,930000,0.0,0.0
2007-03-30 00:00:00+08:00,0.16500000655651093,0.20000000298023224,0.16500000655651093,0.1850000023841858,2477000,0.0,0.0
2007-04-02 00:00:00+08:00,0.1850000023841858,0.1899999976158142,0.18000000715255737,0.18000000715255737,1752000,0.0,0.0
2007-04-03 00:00:00+08:00,0.18000000715255737,0.1850000023841858,0.18000000715255737,0.18000000715255737,371000,0.0,0.0
2007-04-04 00:00:00+08:00,0.1850000023841858,0.1850000023841858,0.18000000715255737,0.18000000715255737,300000,0.0,0.0
2007-04-05 00:00:00+08:00,0.1850000023841858,0.1850000023841858,0.18000000715255737,0.18000000715255737,155000,0.0,0.0
2007-04-09 00:00:00+08:00,0.1850000023841858,0.20000000298023224,0.1850000023841858,0.20000000298023224,2472000,0.0,0.0
2007-04-10 00:00:00+08:00,0.20000000298023224,0.20999999344348907,0.20000000298023224,0.20499999821186066,875000,0.0,0.0
2007-04-11 00:00:00+08:00,0.20499999821186066,0.20499999821186066,0.18000000715255737,0.1850000023841858,1275000,0.0,0.0
2007-04-12 00:00:00+08:00,0.1850000023841858,0.1850000023841858,0.1850000023841858,0.1850000023841858,395000,0.0,0.0
2007-04-13 00:00:00+08:00,0.1850000023841858,0.1850000023841858,0.1850000023841858,0.1850000023841858,0,0.0,0.0
2007-04-16 00:00:00+08:00,0.1899999976158142,0.20000000298023224,0.1899999976158142,0.20000000298023224,853000,0.0,0.0
2007-04-17 00:00:00+08:00,0.20000000298023224,0.20000000298023224,0.1850000023841858,0.1899999976158142,266000,0.0,0.0
2007-04-18 00:00:00+08:00,0.1899999976158142,0.1899999976158142,0.18000000715255737,0.18000000715255737,385000,0.0,0.0
2007-04-19 00:00:00+08:00,0.18000000715255737,0.18000000715255737,0.18000000715255737,0.18000000715255737,246000,0.0,0.0
2007-04-20 00:00:00+08:00,0.1899999976158142,0.20000000298023224,0.1899999976158142,0.19499999284744263,1088000,0.0,0.0
2007-04-23 00:00:00+08:00,0.19499999284744263,0.19499999284744263,0.1899999976158142,0.1899999976158142,520000,0.0,0.0
2007-04-24 00:00:00+08:00,0.1899999976158142,0.1899999976158142,0.1850000023841858,0.1850000023841858,381000,0.0,0.0
2007-04-25 00:00:00+08:00,0.1850000023841858,0.1899999976158142,0.1850000023841858,0.1850000023841858,650000,0.0,0.0
2007-04-26 00:00:00+08:00,0.1850000023841858,0.1850000023841858,0.1850000023841858,0.1850000023841858,100000,0.0,0.0
2007-04-27 00:00:00+08:00,0.1850000023841858,0.1850000023841858,0.18000000715255737,0.1850000023841858,460000,0.0,0.0
2007-04-30 00:00:00+08:00,0.18000000715255737,0.1850000023841858,0.18000000715255737,0.1850000023841858,72000,0.0,0.0
2007-05-02 00:00:00+08:00,0.18000000715255737,0.18000000715255737,0.18000000715255737,0.18000000715255737,80000,0.0,0.0
2007-05-03 00:00:00+08:00,0.1850000023841858,0.1850000023841858,0.1850000023841858,0.1850000023841858,69000,0.0,0.0
2007-05-04 00:00:00+08:00,0.1850000023841858,0.1850000023841858,0.1850000023841858,0.1850000023841858,221000,0.0,0.0
2007-05-07 00:00:00+08:00,0.18000000715255737,0.1899999976158142,0.18000000715255737,0.1850000023841858,332000,0.0,0.0
2007-05-08 00:00:00+08:00,0.1850000023841858,0.1850000023841858,0.18000000715255737,0.1850000023841858,368000,0.0,0.0
2007-05-09 00:00:00+08:00,0.18000000715255737,0.18000000715255737,0.18000000715255737,0.18000000715255737,52000,0.0,0.0
2007-05-10 00:00:00+08:00,0.18000000715255737,0.18000000715255737,0.18000000715255737,0.18000000715255737,0,0.0,0.0
2007-05-11 00:00:00+08:00,0.18000000715255737,0.18000000715255737,0.17499999701976776,0.17499999701976776,26000,0.0,0.0
2007-05-14 00:00:00+08:00,0.17499999701976776,0.17499999701976776,0.17499999701976776,0.17499999701976776,0,0.0,0.0
2007-05-15 00:00:00+08:00,0.18000000715255737,0.18000000715255737,0.18000000715255737,0.18000000715255737,25000,0.0,0.0
2007-05-16 00:00:00+08:00,0.18000000715255737,0.18000000715255737,0.18000000715255737,0.18000000715255737,0,0.0,0.0
2007-05-17 00:00:00+08:00,0.18000000715255737,0.18000000715255737,0.18000000715255737,0.18000000715255737,0,0.0,0.0
2007-05-18 00:00:00+08:00,0.17000000178813934,0.18000000715255737,0.17000000178813934,0.18000000715255737,140000,0.0,0.0
2007-05-21 00:00:00+08:00,0.17499999701976776,0.17499999701976776,0.17499999701976776,0.17499999701976776,20000,0.0,0.0
2007-05-22 00:00:00+08:00,0.17499999701976776,0.17499999701976776,0.17499999701976776,0.17499999701976776,0,0.0,0.0
2007-05-23 00:00:00+08:00,0.17499999701976776,0.18000000715255737,0.17499999701976776,0.18000000715255737,442000,0.0,0.0
2007-05-24 00:00:00+08:00,0.17499999701976776,0.17499999701976776,0.17499999701976776,0.17499999701976776,195000,0.0,0.0
2007-05-25 00:00:00+08:00,0.17499999701976776,0.17499999701976776,0.17499999701976776,0.17499999701976776,100000,0.0,0.0
2007-05-28 00:00:00+08:00,0.17499999701976776,0.17499999701976776,0.17499999701976776,0.17499999701976776,165000,0.0,0.0
2007-05-29 00:00:00+08:00,0.17000000178813934,0.17000000178813934,0.16500000655651093,0.17000000178813934,136000,0.0,0.0
2007-05-30 00:00:00+08:00,0.16500000655651093,0.17000000178813934,0.16500000655651093,0.17000000178813934,120000,0.0,0.0
2007-06-01 00:00:00+08:00,0.16500000655651093,0.17000000178813934,0.16500000655651093,0.17000000178813934,52000,0.0,0.0
2007-06-04 00:00:00+08:00,0.17000000178813934,0.17000000178813934,0.17000000178813934,0.17000000178813934,0,0.0,0.0
2007-06-05 00:00:00+08:00,0.17000000178813934,0.17000000178813934,0.17000000178813934,0.17000000178813934,24000,0.0,0.0
2007-06-06 00:00:00+08:00,0.17499999701976776,0.17499999701976776,0.17000000178813934,0.17000000178813934,200000,0.0,0.0
2007-06-07 00:00:00+08:00,0.17499999701976776,0.17499999701976776,0.17499999701976776,0.17499999701976776,240000,0.0,0.0
2007-06-08 00:00:00+08:00,0.17499999701976776,0.1850000023841858,0.17499999701976776,0.1850000023841858,1031000,0.0,0.0
2007-06-11 00:00:00+08:00,0.19499999284744263,0.20999999344348907,0.19499999284744263,0.20000000298023224,2852000,0.0,0.0
2007-06-12 00:00:00+08:00,0.20000000298023224,0.20000000298023224,0.19499999284744263,0.20000000298023224,520000,0.0,0.0
2007-06-13 00:00:00+08:00,0.20499999821186066,0.22499999403953552,0.20499999821186066,0.2199999988079071,4657000,0.0,0.0
2007-06-14 00:00:00+08:00,0.22499999403953552,0.25999999046325684,0.22499999403953552,0.24500000476837158,6512000,0.0,0.0
2007-06-15 00:00:00+08:00,0.25,0.26499998569488525,0.24500000476837158,0.24500000476837158,3817000,0.0,0.0
2007-06-18 00:00:00+08:00,0.25,0.25,0.23499999940395355,0.24500000476837158,2002000,0.0,0.0
2007-06-19 00:00:00+08:00,0.23999999463558197,0.24500000476837158,0.23499999940395355,0.23499999940395355,1529000,0.0,0.0
2007-06-20 00:00:00+08:00,0.23499999940395355,0.23999999463558197,0.23499999940395355,0.23999999463558197,718000,0.0,0.0
2007-06-21 00:00:00+08:00,0.23999999463558197,0.23999999463558197,0.23000000417232513,0.23999999463558197,785000,0.0,0.0
2007-06-22 00:00:00+08:00,0.23999999463558197,0.23999999463558197,0.23000000417232513,0.23000000417232513,971000,0.0,0.0
2007-06-25 00:00:00+08:00,0.23000000417232513,0.23999999463558197,0.23000000417232513,0.23499999940395355,523000,0.0,0.0
2007-06-26 00:00:00+08:00,0.23999999463558197,0.23999999463558197,0.22499999403953552,0.22499999403953552,1568000,0.0,0.0
2007-06-27 00:00:00+08:00,0.22499999403953552,0.23000000417232513,0.22499999403953552,0.23000000417232513,540000,0.0,0.0
2007-06-28 00:00:00+08:00,0.23000000417232513,0.23499999940395355,0.22499999403953552,0.23499999940395355,270000,0.0,0.0
2007-06-29 00:00:00+08:00,0.23000000417232513,0.23000000417232513,0.22499999403953552,0.23000000417232513,235000,0.0,0.0
2007-07-02 00:00:00+08:00,0.22499999403953552,0.23000000417232513,0.22499999403953552,0.23000000417232513,120000,0.0,0.0
2007-07-03 00:00:00+08:00,0.23499999940395355,0.23999999463558197,0.23000000417232513,0.23999999463558197,644000,0.0,0.0
2007-07-04 00:00:00+08:00,0.23999999463558197,0.23999999463558197,0.23499999940395355,0.23999999463558197,404000,0.0,0.0
2007-07-05 00:00:00+08:00,0.23999999463558197,0.23999999463558197,0.23499999940395355,0.23499999940395355,280000,0.0,0.0
2007-07-06 00:00:00+08:00,0.23499999940395355,0.23499999940395355,0.23499999940395355,0.23499999940395355,485000,0.0,0.0
2007-07-09 00:00:00+08:00,0.23499999940395355,0.25999999046325684,0.23499999940395355,0.2549999952316284,4731000,0.0,0.0
2007-07-10 00:00:00+08:00,0.25999999046325684,0.27000001072883606,0.2549999952316284,0.2549999952316284,2552000,0.0,0.0
2007-07-11 00:00:00+08:00,0.2549999952316284,0.29499998688697815,0.2549999952316284,0.29499998688697815,4607000,0.0,0.0
2007-07-12 00:00:00+08:00,0.29499998688697815,0.29499998688697815,0.29499998688697815,0.29499998688697815,0,0.0,0.0
2007-07-13 00:00:00+08:00,0.29499998688697815,0.29499998688697815,0.29499998688697815,0.29499998688697815,0,0.0,0.0
2007-07-16 00:00:00+08:00,0.30000001192092896,0.3400000035762787,0.28999999165534973,0.32499998807907104,12629000,0.0,0.0
2007-07-17 00:00:00+08:00,0.33000001311302185,0.33000001311302185,0.3050000071525574,0.3199999928474426,3645000,0.0,0.0
2007-07-18 00:00:00+08:00,0.3149999976158142,0.3400000035762787,0.28999999165534973,0.28999999165534973,5901000,0.0,0.0
2007-07-19 00:00:00+08:00,0.28999999165534973,0.3149999976158142,0.2800000011920929,0.3149999976158142,1835000,0.0,0.0
2007-07-20 00:00:00+08:00,0.3149999976158142,0.3149999976158142,0.30000001192092896,0.3100000023841858,873000,0.0,0.0
2007-07-23 00:00:00+08:00,0.3149999976158142,0.3149999976158142,0.30000001192092896,0.3100000023841858,1113000,0.0,0.0
2007-07-24 00:00:00+08:00,0.30000001192092896,0.3050000071525574,0.29499998688697815,0.29499998688697815,2312000,0.0,0.0
2007-07-25 00:00:00+08:00,0.29499998688697815,0.29499998688697815,0.28999999165534973,0.28999999165534973,1438000,0.0,0.0
2007-07-26 00:00:00+08:00,0.28999999165534973,0.29499998688697815,0.2800000011920929,0.2800000011920929,1962000,0.0,0.0
2007-07-27 00:00:00+08:00,0.2750000059604645,0.2750000059604645,0.2549999952316284,0.27000001072883606,1891000,0.0,0.0
2007-07-30 00:00:00+08:00,0.25999999046325684,0.27000001072883606,0.25999999046325684,0.27000001072883606,1310000,0.0,0.0
2007-07-31 00:00:00+08:00,0.2750000059604645,0.2849999964237213,0.26499998569488525,0.27000001072883606,4328000,0.0,0.0
2007-08-01 00:00:00+08:00,0.27000001072883606,0.27000001072883606,0.23000000417232513,0.23999999463558197,2047000,0.0,0.0
2007-08-02 00:00:00+08:00,0.23999999463558197,0.2549999952316284,0.23999999463558197,0.23999999463558197,1025000,0.0,0.0
2007-08-03 00:00:00+08:00,0.24500000476837158,0.25,0.23999999463558197,0.25,677000,0.0,0.0
2007-08-06 00:00:00+08:00,0.23999999463558197,0.23999999463558197,0.23000000417232513,0.23499999940395355,935000,0.0,0.0
2007-08-07 00:00:00+08:00,0.23499999940395355,0.24500000476837158,0.2150000035762787,0.2150000035762787,812000,0.0,0.0
2007-08-08 00:00:00+08:00,0.2150000035762787,0.2150000035762787,0.2150000035762787,0.2150000035762787,0,0.0,0.0
2007-08-10 00:00:00+08:00,0.20999999344348907,0.23499999940395355,0.20999999344348907,0.23499999940395355,507000,0.0,0.0
2007-08-13 00:00:00+08:00,0.23499999940395355,0.23499999940395355,0.23499999940395355,0.23499999940395355,0,0.0,0.0
2007-08-14 00:00:00+08:00,0.23000000417232513,0.23999999463558197,0.23000000417232513,0.23999999463558197,583000,0.0,0.0
2007-08-15 00:00:00+08:00,0.23000000417232513,0.23499999940395355,0.23000000417232513,0.23000000417232513,249000,0.0,0.0
2007-08-16 00:00:00+08:00,0.2150000035762787,0.22499999403953552,0.2150000035762787,0.22499999403953552,68000,0.0,0.0
2007-08-17 00:00:00+08:00,0.22499999403953552,0.23000000417232513,0.19499999284744263,0.20499999821186066,1073000,0.0,0.0
2007-08-20 00:00:00+08:00,0.22499999403953552,0.23000000417232513,0.2150000035762787,0.2199999988079071,835000,0.0,0.0
2007-08-21 00:00:00+08:00,0.2150000035762787,0.2199999988079071,0.2150000035762787,0.2150000035762787,169000,0.0,0.0
2007-08-22 00:00:00+08:00,0.20999999344348907,0.2199999988079071,0.20999999344348907,0.2199999988079071,72000,0.0,0.0
2007-08-23 00:00:00+08:00,0.2199999988079071,0.22499999403953552,0.2199999988079071,0.2199999988079071,325000,0.0,0.0
2007-08-24 00:00:00+08:00,0.2199999988079071,0.2199999988079071,0.2199999988079071,0.2199999988079071,0,0.0,0.0
2007-08-27 00:00:00+08:00,0.22499999403953552,0.23000000417232513,0.2199999988079071,0.23000000417232513,590000,0.0,0.0
2007-08-28 00:00:00+08:00,0.22499999403953552,0.22499999403953552,0.22499999403953552,0.22499999403953552,491000,0.0,0.0
2007-08-29 00:00:00+08:00,0.20499999821186066,0.2199999988079071,0.20499999821186066,0.2199999988079071,248000,0.0,0.0
2007-08-30 00:00:00+08:00,0.2199999988079071,0.22499999403953552,0.2199999988079071,0.2199999988079071,125000,0.0,0.0
2007-08-31 00:00:00+08:00,0.22499999403953552,0.22499999403953552,0.2199999988079071,0.22499999403953552,168000,0.0,0.0
2007-09-03 00:00:00+08:00,0.22499999403953552,0.22499999403953552,0.22499999403953552,0.22499999403953552,162000,0.0,0.0
2007-09-04 00:00:00+08:00,0.23000000417232513,0.23499999940395355,0.22499999403953552,0.22499999403953552,501000,0.0,0.0
2007-09-05 00:00:00+08:00,0.22499999403953552,0.22499999403953552,0.22499999403953552,0.22499999403953552,50000,0.0,0.0
2007-09-06 00:00:00+08:00,0.23000000417232513,0.23499999940395355,0.23000000417232513,0.23000000417232513,116000,0.0,0.0
2007-09-07 00:00:00+08:00,0.23000000417232513,0.23499999940395355,0.23000000417232513,0.23499999940395355,221000,0.0,0.0
2007-09-10 00:00:00+08:00,0.23000000417232513,0.23000000417232513,0.22499999403953552,0.22499999403953552,64000,0.0,0.0
2007-09-11 00:00:00+08:00,0.23000000417232513,0.23999999463558197,0.23000000417232513,0.23499999940395355,741000,0.0,0.0
2007-09-12 00:00:00+08:00,0.23999999463558197,0.23999999463558197,0.23499999940395355,0.23499999940395355,415000,0.0,0.0
2007-09-13 00:00:00+08:00,0.23999999463558197,0.23999999463558197,0.23499999940395355,0.23499999940395355,101000,0.0,0.0
2007-09-14 00:00:00+08:00,0.23499999940395355,0.23999999463558197,0.23499999940395355,0.23499999940395355,120000,0.0,0.0
2007-09-17 00:00:00+08:00,0.23000000417232513,0.23000000417232513,0.22499999403953552,0.23000000417232513,368000,0.0,0.0
2007-09-18 00:00:00+08:00,0.23000000417232513,0.23000000417232513,0.23000000417232513,0.23000000417232513,0,0.0,0.0
2007-09-19 00:00:00+08:00,0.23000000417232513,0.23499999940395355,0.23000000417232513,0.23499999940395355,19000,0.0,0.0
2007-09-20 00:00:00+08:00,0.23000000417232513,0.23000000417232513,0.23000000417232513,0.23000000417232513,60000,0.0,0.0
2007-09-21 00:00:00+08:00,0.23499999940395355,0.23499999940395355,0.23499999940395355,0.23499999940395355,5000,0.0,0.0
2007-09-24 00:00:00+08:00,0.23000000417232513,0.23499999940395355,0.23000000417232513,0.23499999940395355,310000,0.0,0.0
2007-09-25 00:00:00+08:00,0.23000000417232513,0.23999999463558197,0.23000000417232513,0.23999999463558197,243000,0.0,0.0
2007-09-26 00:00:00+08:00,0.23999999463558197,0.25,0.23999999463558197,0.24500000476837158,728000,0.0,0.0
2007-09-27 00:00:00+08:00,0.25,0.25999999046325684,0.24500000476837158,0.25999999046325684,1162000,0.0,0.0
2007-09-28 00:00:00+08:00,0.25999999046325684,0.2750000059604645,0.25999999046325684,0.27000001072883606,3008000,0.0,0.0
2007-10-01 00:00:00+08:00,0.27000001072883606,0.2800000011920929,0.27000001072883606,0.2800000011920929,2373000,0.0,0.0
2007-10-02 00:00:00+08:00,0.2849999964237213,0.2849999964237213,0.27000001072883606,0.27000001072883606,1765000,0.0,0.0
2007-10-03 00:00:00+08:00,0.27000001072883606,0.27000001072883606,0.25999999046325684,0.26499998569488525,1717000,0.0,0.0
2007-10-04 00:00:00+08:00,0.26499998569488525,0.27000001072883606,0.26499998569488525,0.27000001072883606,463000,0.0,0.0
2007-10-05 00:00:00+08:00,0.27000001072883606,0.27000001072883606,0.26499998569488525,0.26499998569488525,333000,0.0,0.0
2007-10-08 00:00:00+08:00,0.27000001072883606,0.2750000059604645,0.27000001072883606,0.27000001072883606,2117000,0.0,0.0
2007-10-09 00:00:00+08:00,0.2750000059604645,0.28999999165534973,0.2750000059604645,0.2750000059604645,2847000,0.0,0.0
2007-10-10 00:00:00+08:00,0.2800000011920929,0.2849999964237213,0.2750000059604645,0.2750000059604645,2520000,0.0,0.0
2007-10-11 00:00:00+08:00,0.2750000059604645,0.2800000011920929,0.2750000059604645,0.2750000059604645,1072000,0.0,0.0
2007-10-12 00:00:00+08:00,0.2750000059604645,0.2750000059604645,0.26499998569488525,0.2750000059604645,995000,0.0,0.0
2007-10-15 00:00:00+08:00,0.27000001072883606,0.27000001072883606,0.27000001072883606,0.27000001072883606,1050000,0.0,0.0
2007-10-16 00:00:00+08:00,0.26499998569488525,0.27000001072883606,0.25999999046325684,0.26499998569488525,742000,0.0,0.0
2007-10-17 00:00:00+08:00,0.25999999046325684,0.27000001072883606,0.25999999046325684,0.27000001072883606,934000,0.0,0.0
2007-10-18 00:00:00+08:00,0.27000001072883606,0.27000001072883606,0.26499998569488525,0.26499998569488525,425000,0.0,0.0
2007-10-19 00:00:00+08:00,0.26499998569488525,0.26499998569488525,0.25999999046325684,0.26499998569488525,416000,0.0,0.0
2007-10-22 00:00:00+08:00,0.25999999046325684,0.25999999046325684,0.25,0.25999999046325684,189000,0.0,0.0
2007-10-23 00:00:00+08:00,0.2549999952316284,0.25999999046325684,0.2549999952316284,0.25999999046325684,150000,0.0,0.0
2007-10-24 00:00:00+08:00,0.25999999046325684,0.25999999046325684,0.25999999046325684,0.25999999046325684,130000,0.0,0.0
2007-10-25 00:00:00+08:00,0.25999999046325684,0.25999999046325684,0.25999999046325684,0.25999999046325684,0,0.0,0.0
2007-10-26 00:00:00+08:00,0.25999999046325684,0.25999999046325684,0.25999999046325684,0.25999999046325684,214000,0.0,0.0
2007-10-29 00:00:00+08:00,0.25999999046325684,0.26499998569488525,0.2549999952316284,0.26499998569488525,283000,0.0,0.0
2007-10-30 00:00:00+08:00,0.25999999046325684,0.25999999046325684,0.2549999952316284,0.25999999046325684,314000,0.0,0.0
2007-10-31 00:00:00+08:00,0.2549999952316284,0.2549999952316284,0.2549999952316284,0.2549999952316284,354000,0.0,0.0
2007-11-01 00:00:00+08:00,0.25999999046325684,0.25999999046325684,0.2549999952316284,0.2549999952316284,305000,0.0,0.0
2007-11-02 00:00:00+08:00,0.24500000476837158,0.2549999952316284,0.24500000476837158,0.2549999952316284,170000,0.0,0.0
2007-11-05 00:00:00+08:00,0.25,0.25,0.23000000417232513,0.25,135000,0.0,0.0
2007-11-06 00:00:00+08:00,0.25,0.25,0.25,0.25,0,0.0,0.0
2007-11-07 00:00:00+08:00,0.24500000476837158,0.25,0.24500000476837158,0.25,170000,0.0,0.0
2007-11-09 00:00:00+08:00,0.23999999463558197,0.24500000476837158,0.23499999940395355,0.24500000476837158,431000,0.0,0.0
2007-11-12 00:00:00+08:00,0.23499999940395355,0.24500000476837158,0.23499999940395355,0.24500000476837158,55000,0.0,0.0
2007-11-13 00:00:00+08:00,0.23999999463558197,0.23999999463558197,0.23499999940395355,0.23999999463558197,60000,0.0,0.0
2007-11-14 00:00:00+08:00,0.23499999940395355,0.23999999463558197,0.23499999940395355,0.23999999463558197,20000,0.0,0.0
2007-11-15 00:00:00+08:00,0.23499999940395355,0.23499999940395355,0.23000000417232513,0.23499999940395355,471000,0.0,0.0
2007-11-16 00:00:00+08:00,0.22499999403953552,0.23000000417232513,0.22499999403953552,0.23000000417232513,125000,0.0,0.0
2007-11-19 00:00:00+08:00,0.23499999940395355,0.23499999940395355,0.20000000298023224,0.23499999940395355,107000,0.0,0.0
2007-11-20 00:00:00+08:00,0.22499999403953552,0.23000000417232513,0.22499999403953552,0.23000000417232513,96000,0.0,0.0
2007-11-21 00:00:00+08:00,0.23000000417232513,0.23000000417232513,0.23000000417232513,0.23000000417232513,0,0.0,0.0
2007-11-22 00:00:00+08:00,0.2199999988079071,0.23499999940395355,0.2199999988079071,0.23499999940395355,115000,0.0,0.0
2007-11-23 00:00:00+08:00,0.23000000417232513,0.23000000417232513,0.23000000417232513,0.23000000417232513,10000,0.0,0.0
2007-11-26 00:00:00+08:00,0.23000000417232513,0.23000000417232513,0.23000000417232513,0.23000000417232513,0,0.0,0.0
2007-11-27 00:00:00+08:00,0.23499999940395355,0.23499999940395355,0.23499999940395355,0.23499999940395355,5000,0.0,0.0
2007-11-28 00:00:00+08:00,0.23499999940395355,0.23499999940395355,0.23499999940395355,0.23499999940395355,0,0.0,0.0
2007-11-29 00:00:00+08:00,0.23499999940395355,0.23499999940395355,0.23499999940395355,0.23499999940395355,0,0.0,0.0
2007-11-30 00:00:00+08:00,0.23499999940395355,0.23499999940395355,0.23499999940395355,0.23499999940395355,0,0.0,0.0
2007-12-03 00:00:00+08:00,0.23499999940395355,0.23499999940395355,0.23499999940395355,0.23499999940395355,0,0.0,0.0
2007-12-04 00:00:00+08:00,0.22499999403953552,0.23499999940395355,0.22499999403953552,0.23499999940395355,50000,0.0,0.0
2007-12-05 00:00:00+08:00,0.22499999403953552,0.23999999463558197,0.22499999403953552,0.23999999463558197,54000,0.0,0.0
2007-12-06 00:00:00+08:00,0.23999999463558197,0.23999999463558197,0.23999999463558197,0.23999999463558197,35000,0.0,0.0
2007-12-07 00:00:00+08:00,0.23999999463558197,0.23999999463558197,0.23000000417232513,0.23000000417232513,160000,0.0,0.0
2007-12-10 00:00:00+08:00,0.23000000417232513,0.23000000417232513,0.23000000417232513,0.23000000417232513,0,0.0,0.0
2007-12-11 00:00:00+08:00,0.23000000417232513,0.23000000417232513,0.23000000417232513,0.23000000417232513,0,0.0,0.0
2007-12-12 00:00:00+08:00,0.23000000417232513,0.23000000417232513,0.23000000417232513,0.23000000417232513,0,0.0,0.0
2007-12-13 00:00:00+08:00,0.23000000417232513,0.23000000417232513,0.23000000417232513,0.23000000417232513,0,0.0,0.0
2007-12-14 00:00:00+08:00,0.20000000298023224,0.23000000417232513,0.20000000298023224,0.23000000417232513,25000,0.0,0.0
2007-12-17 00:00:00+08:00,0.23000000417232513,0.23000000417232513,0.23000000417232513,0.23000000417232513,0,0.0,0.0
2007-12-18 00:00:00+08:00,0.23000000417232513,0.23000000417232513,0.23000000417232513,0.23000000417232513,0,0.0,0.0
2007-12-19 00:00:00+08:00,0.23000000417232513,0.23000000417232513,0.23000000417232513,0.23000000417232513,0,0.0,0.0
2007-12-21 00:00:00+08:00,0.23000000417232513,0.23000000417232513,0.23000000417232513,0.23000000417232513,0,0.0,0.0
2007-12-24 00:00:00+08:00,0.23000000417232513,0.23000000417232513,0.23000000417232513,0.23000000417232513,0,0.0,0.0
2007-12-26 00:00:00+08:00,0.20999999344348907,0.23000000417232513,0.20999999344348907,0.23000000417232513,416000,0.0,0.0
2007-12-27 00:00:00+08:00,0.2199999988079071,0.2199999988079071,0.2199999988079071,0.2199999988079071,20000,0.0,0.0
2007-12-28 00:00:00+08:00,0.22499999403953552,0.22499999403953552,0.22499999403953552,0.22499999403953552,10000,0.0,0.0
2007-12-31 00:00:00+08:00,0.23499999940395355,0.23499999940395355,0.23499999940395355,0.23499999940395355,10000,0.0,0.0
2008-01-02 00:00:00+08:00,0.23499999940395355,0.23499999940395355,0.23499999940395355,0.23499999940395355,0,0.0,0.0
2008-01-03 00:00:00+08:00,0.2150000035762787,0.23000000417232513,0.2150000035762787,0.23000000417232513,25000,0.0,0.0
2008-01-04 00:00:00+08:00,0.23000000417232513,0.23000000417232513,0.23000000417232513,0.23000000417232513,1000,0.0,0.0
2008-01-07 00:00:00+08:00,0.23000000417232513,0.23000000417232513,0.23000000417232513,0.23000000417232513,0,0.0,0.0
2008-01-08 00:00:00+08:00,0.23000000417232513,0.23000000417232513,0.23000000417232513,0.23000000417232513,0,0.0,0.0
2008-01-09 00:00:00+08:00,0.20499999821186066,0.23000000417232513,0.20499999821186066,0.23000000417232513,55000,0.0,0.0
2008-01-10 00:00:00+08:00,0.23000000417232513,0.23000000417232513,0.23000000417232513,0.23000000417232513,0,0.0,0.0
2008-01-11 00:00:00+08:00,0.23000000417232513,0.23000000417232513,0.23000000417232513,0.23000000417232513,0,0.0,0.0
2008-01-14 00:00:00+08:00,0.2150000035762787,0.2150000035762787,0.2150000035762787,0.2150000035762787,20000,0.0,0.0
2008-01-15 00:00:00+08:00,0.2150000035762787,0.2150000035762787,0.2150000035762787,0.2150000035762787,0,0.0,0.0
2008-01-16 00:00:00+08:00,0.2150000035762787,0.2150000035762787,0.2150000035762787,0.2150000035762787,0,0.0,0.0
2008-01-17 00:00:00+08:00,0.2150000035762787,0.2150000035762787,0.2150000035762787,0.2150000035762787,0,0.0,0.0
2008-01-18 00:00:00+08:00,0.23000000417232513,0.23000000417232513,0.23000000417232513,0.23000000417232513,6000,0.0,0.0
2008-01-21 00:00:00+08:00,0.23000000417232513,0.23000000417232513,0.23000000417232513,0.23000000417232513,0,0.0,0.0
2008-01-22 00:00:00+08:00,0.23000000417232513,0.23000000417232513,0.23000000417232513,0.23000000417232513,0,0.0,0.0
2008-01-23 00:00:00+08:00,0.23000000417232513,0.23000000417232513,0.23000000417232513,0.23000000417232513,0,0.0,0.0
2008-01-24 00:00:00+08:00,0.23000000417232513,0.23000000417232513,0.23000000417232513,0.23000000417232513,0,0.0,0.0
2008-01-25 00:00:00+08:00,0.19499999284744263,0.20000000298023224,0.19499999284744263,0.20000000298023224,56000,0.0,0.0
2008-01-28 00:00:00+08:00,0.20000000298023224,0.20000000298023224,0.20000000298023224,0.20000000298023224,0,0.0,0.0
2008-01-29 00:00:00+08:00,0.23499999940395355,0.23499999940395355,0.23499999940395355,0.23499999940395355,1000,0.0,0.0
2008-01-30 00:00:00+08:00,0.23000000417232513,0.23000000417232513,0.23000000417232513,0.23000000417232513,5000,0.0,0.0
2008-01-31 00:00:00+08:00,0.23000000417232513,0.23000000417232513,0.23000000417232513,0.23000000417232513,0,0.0,0.0
2008-02-01 00:00:00+08:00,0.13500000536441803,0.2199999988079071,0.13500000536441803,0.13500000536441803,631000,0.0,0.0
2008-02-04 00:00:00+08:00,0.13500000536441803,0.13500000536441803,0.13500000536441803,0.13500000536441803,0,0.0,0.0
2008-02-05 00:00:00+08:00,0.13500000536441803,0.13500000536441803,0.13500000536441803,0.13500000536441803,0,0.0,0.0
2008-02-06 00:00:00+08:00,0.13500000536441803,0.13500000536441803,0.13500000536441803,0.13500000536441803,0,0.0,0.0
2008-02-11 00:00:00+08:00,0.13500000536441803,0.13500000536441803,0.13500000536441803,0.13500000536441803,0,0.0,0.0
2008-02-12 00:00:00+08:00,0.18000000715255737,0.23000000417232513,0.18000000715255737,0.23000000417232513,7000,0.0,0.0
2008-02-13 00:00:00+08:00,0.23000000417232513,0.23000000417232513,0.23000000417232513,0.23000000417232513,0,0.0,0.0
2008-02-14 00:00:00+08:00,0.23000000417232513,0.23000000417232513,0.23000000417232513,0.23000000417232513,0,0.0,0.0
2008-02-15 00:00:00+08:00,0.18000000715255737,0.20999999344348907,0.18000000715255737,0.19499999284744263,90000,0.0,0.0
2008-02-18 00:00:00+08:00,0.23000000417232513,0.23000000417232513,0.18000000715255737,0.20000000298023224,80000,0.0,0.0
2008-02-19 00:00:00+08:00,0.20999999344348907,0.20999999344348907,0.1850000023841858,0.20000000298023224,36000,0.0,0.0
2008-02-20 00:00:00+08:00,0.1850000023841858,0.20000000298023224,0.18000000715255737,0.20000000298023224,92000,0.0,0.0
2008-02-21 00:00:00+08:00,0.1899999976158142,0.19499999284744263,0.1899999976158142,0.19499999284744263,30000,0.0,0.0
2008-02-22 00:00:00+08:00,0.1850000023841858,0.19499999284744263,0.1850000023841858,0.19499999284744263,2000,0.0,0.0
2008-02-25 00:00:00+08:00,0.1850000023841858,0.19499999284744263,0.1850000023841858,0.19499999284744263,72000,0.0,0.0
2008-02-26 00:00:00+08:00,0.1850000023841858,0.19499999284744263,0.1850000023841858,0.19499999284744263,23000,0.0,0.0
2008-02-27 00:00:00+08:00,0.1850000023841858,0.1899999976158142,0.18000000715255737,0.1899999976158142,61000,0.0,0.0
2008-02-28 00:00:00+08:00,0.18000000715255737,0.1899999976158142,0.17499999701976776,0.1899999976158142,41000,0.0,0.0
2008-02-29 00:00:00+08:00,0.18000000715255737,0.1850000023841858,0.17499999701976776,0.1850000023841858,242000,0.0,0.0
2008-03-03 00:00:00+08:00,0.18000000715255737,0.18000000715255737,0.17499999701976776,0.18000000715255737,161000,0.0,0.0
2008-03-04 00:00:00+08:00,0.17499999701976776,0.17499999701976776,0.17000000178813934,0.17499999701976776,52000,0.0,0.0
2008-03-05 00:00:00+08:00,0.17499999701976776,0.17499999701976776,0.17499999701976776,0.17499999701976776,0,0.0,0.0
2008-03-06 00:00:00+08:00,0.17499999701976776,0.17499999701976776,0.17499999701976776,0.17499999701976776,100000,0.0,0.0
2008-03-07 00:00:00+08:00,0.17000000178813934,0.17499999701976776,0.16500000655651093,0.17499999701976776,186000,0.0,0.0
2008-03-10 00:00:00+08:00,0.16500000655651093,0.17499999701976776,0.16500000655651093,0.17499999701976776,40000,0.0,0.0
2008-03-11 00:00:00+08:00,0.17000000178813934,0.17000000178813934,0.17000000178813934,0.17000000178813934,30000,0.0,0.0
2008-03-12 00:00:00+08:00,0.17499999701976776,0.17499999701976776,0.17000000178813934,0.17499999701976776,61000,0.0,0.0
2008-03-13 00:00:00+08:00,0.17499999701976776,0.17499999701976776,0.17000000178813934,0.17499999701976776,60000,0.0,0.0
2008-03-14 00:00:00+08:00,0.17499999701976776,0.17499999701976776,0.17499999701976776,0.17499999701976776,0,0.0,0.0
2008-03-17 00:00:00+08:00,0.17000000178813934,0.17000000178813934,0.17000000178813934,0.17000000178813934,5000,0.0,0.0
2008-03-18 00:00:00+08:00,0.1599999964237213,0.17000000178813934,0.1599999964237213,0.17000000178813934,47000,0.0,0.0
2008-03-19 00:00:00+08:00,0.17000000178813934,0.17000000178813934,0.17000000178813934,0.17000000178813934,0,0.0,0.0
2008-03-20 00:00:00+08:00,0.17000000178813934,0.17000000178813934,0.17000000178813934,0.17000000178813934,0,0.0,0.0
2008-03-24 00:00:00+08:00,0.17000000178813934,0.17000000178813934,0.17000000178813934,0.17000000178813934,0,0.0,0.0
2008-03-25 00:00:00+08:00,0.16500000655651093,0.17000000178813934,0.16500000655651093,0.17000000178813934,30000,0.0,0.0
2008-03-26 00:00:00+08:00,0.16500000655651093,0.17000000178813934,0.16500000655651093,0.17000000178813934,35000,0.0,0.0
2008-03-27 00:00:00+08:00,0.17000000178813934,0.17000000178813934,0.17000000178813934,0.17000000178813934,0,0.0,0.0
2008-03-28 00:00:00+08:00,0.17000000178813934,0.17000000178813934,0.17000000178813934,0.17000000178813934,0,0.0,0.0
2008-03-31 00:00:00+08:00,0.17000000178813934,0.17000000178813934,0.17000000178813934,0.17000000178813934,131000,0.0,0.0
2008-04-01 00:00:00+08:00,0.17000000178813934,0.17000000178813934,0.17000000178813934,0.17000000178813934,0,0.0,0.0
2008-04-02 00:00:00+08:00,0.17000000178813934,0.17000000178813934,0.17000000178813934,0.17000000178813934,0,0.0,0.0
2008-04-03 00:00:00+08:00,0.17000000178813934,0.17000000178813934,0.17000000178813934,0.17000000178813934,0,0.0,0.0
2008-04-04 00:00:00+08:00,0.17000000178813934,0.17000000178813934,0.17000000178813934,0.17000000178813934,0,0.0,0.0
2008-04-07 00:00:00+08:00,0.17000000178813934,0.17000000178813934,0.17000000178813934,0.17000000178813934,0,0.0,0.0
2008-04-08 00:00:00+08:00,0.17000000178813934,0.17000000178813934,0.17000000178813934,0.17000000178813934,0,0.0,0.0
2008-04-09 00:00:00+08:00,0.17000000178813934,0.17000000178813934,0.17000000178813934,0.17000000178813934,0,0.0,0.0
2008-04-10 00:00:00+08:00,0.17000000178813934,0.17000000178813934,0.17000000178813934,0.17000000178813934,0,0.0,0.0
2008-04-11 00:00:00+08:00,0.17000000178813934,0.17000000178813934,0.17000000178813934,0.17000000178813934,0,0.0,0.0
2008-04-14 00:00:00+08:00,0.17000000178813934,0.17000000178813934,0.17000000178813934,0.17000000178813934,0,0.0,0.0
2008-04-15 00:00:00+08:00,0.17000000178813934,0.17000000178813934,0.17000000178813934,0.17000000178813934,0,0.0,0.0
2008-04-16 00:00:00+08:00,0.17000000178813934,0.17000000178813934,0.17000000178813934,0.17000000178813934,0,0.0,0.0
2008-04-17 00:00:00+08:00,0.17000000178813934,0.17000000178813934,0.17000000178813934,0.17000000178813934,0,0.0,0.0
2008-04-18 00:00:00+08:00,0.17000000178813934,0.17000000178813934,0.17000000178813934,0.17000000178813934,0,0.0,0.0
2008-04-21 00:00:00+08:00,0.17000000178813934,0.17000000178813934,0.17000000178813934,0.17000000178813934,0,0.0,0.0
2008-04-22 00:00:00+08:00,0.125,0.17000000178813934,0.125,0.17000000178813934,78000,0.0,0.0
2008-04-23 00:00:00+08:00,0.13500000536441803,0.17000000178813934,0.13500000536441803,0.17000000178813934,20000,0.0,0.0
2008-04-24 00:00:00+08:00,0.16500000655651093,0.17000000178813934,0.16500000655651093,0.17000000178813934,55000,0.0,0.0
2008-04-25 00:00:00+08:00,0.17000000178813934,0.17000000178813934,0.17000000178813934,0.17000000178813934,0,0.0,0.0
2008-04-28 00:00:00+08:00,0.17000000178813934,0.17000000178813934,0.17000000178813934,0.17000000178813934,0,0.0,0.0
2008-04-29 00:00:00+08:00,0.17000000178813934,0.17000000178813934,0.17000000178813934,0.17000000178813934,0,0.0,0.0
2008-04-30 00:00:00+08:00,0.17000000178813934,0.17000000178813934,0.17000000178813934,0.17000000178813934,0,0.0,0.0
2008-05-02 00:00:00+08:00,0.17000000178813934,0.17000000178813934,0.17000000178813934,0.17000000178813934,0,0.0,0.0
2008-05-05 00:00:00+08:00,0.17000000178813934,0.17000000178813934,0.17000000178813934,0.17000000178813934,0,0.0,0.0
2008-05-06 00:00:00+08:00,0.1550000011920929,0.18000000715255737,0.1550000011920929,0.18000000715255737,189000,0.0,0.0
2008-05-07 00:00:00+08:00,0.16500000655651093,0.18000000715255737,0.16500000655651093,0.18000000715255737,71000,0.0,0.0
2008-05-08 00:00:00+08:00,0.1599999964237213,0.18000000715255737,0.1599999964237213,0.17499999701976776,22000,0.0,0.0
2008-05-09 00:00:00+08:00,0.17499999701976776,0.17499999701976776,0.17499999701976776,0.17499999701976776,0,0.0,0.0
2008-05-12 00:00:00+08:00,0.17499999701976776,0.17499999701976776,0.17499999701976776,0.17499999701976776,0,0.0,0.0
2008-05-13 00:00:00+08:00,0.1599999964237213,0.18000000715255737,0.1599999964237213,0.18000000715255737,8000,0.0,0.0
2008-05-14 00:00:00+08:00,0.16500000655651093,0.18000000715255737,0.16500000655651093,0.18000000715255737,4000,0.0,0.0
2008-05-15 00:00:00+08:00,0.18000000715255737,0.18000000715255737,0.18000000715255737,0.18000000715255737,0,0.0,0.0
2008-05-16 00:00:00+08:00,0.18000000715255737,0.18000000715255737,0.18000000715255737,0.18000000715255737,0,0.0,0.0
2008-05-20 00:00:00+08:00,0.18000000715255737,0.18000000715255737,0.18000000715255737,0.18000000715255737,0,0.0,0.0
2008-05-21 00:00:00+08:00,0.18000000715255737,0.18000000715255737,0.18000000715255737,0.18000000715255737,0,0.0,0.0
2008-05-22 00:00:00+08:00,0.18000000715255737,0.18000000715255737,0.18000000715255737,0.18000000715255737,0,0.0,0.0
2008-05-23 00:00:00+08:00,0.18000000715255737,0.18000000715255737,0.18000000715255737,0.18000000715255737,0,0.0,0.0
2008-05-26 00:00:00+08:00,0.18000000715255737,0.18000000715255737,0.18000000715255737,0.18000000715255737,0,0.0,0.0
2008-05-27 00:00:00+08:00,0.18000000715255737,0.18000000715255737,0.18000000715255737,0.18000000715255737,0,0.0,0.0
2008-05-28 00:00:00+08:00,0.18000000715255737,0.18000000715255737,0.18000000715255737,0.18000000715255737,0,0.0,0.0
2008-05-29 00:00:00+08:00,0.18000000715255737,0.18000000715255737,0.18000000715255737,0.18000000715255737,0,0.0,0.0
2008-05-30 00:00:00+08:00,0.18000000715255737,0.18000000715255737,0.18000000715255737,0.18000000715255737,0,0.0,0.0
2008-06-02 00:00:00+08:00,0.18000000715255737,0.18000000715255737,0.18000000715255737,0.18000000715255737,0,0.0,0.0
2008-06-03 00:00:00+08:00,0.18000000715255737,0.18000000715255737,0.18000000715255737,0.18000000715255737,0,0.0,0.0
2008-06-04 00:00:00+08:00,0.18000000715255737,0.18000000715255737,0.18000000715255737,0.18000000715255737,0,0.0,0.0
2008-06-05 00:00:00+08:00,0.18000000715255737,0.18000000715255737,0.18000000715255737,0.18000000715255737,0,0.0,0.0
2008-06-06 00:00:00+08:00,0.18000000715255737,0.18000000715255737,0.18000000715255737,0.18000000715255737,0,0.0,0.0
2008-06-09 00:00:00+08:00,0.18000000715255737,0.18000000715255737,0.14499999582767487,0.18000000715255737,139000,0.0,0.0
2008-06-10 00:00:00+08:00,0.18000000715255737,0.18000000715255737,0.18000000715255737,0.18000000715255737,0,0.0,0.0
2008-06-11 00:00:00+08:00,0.1550000011920929,0.17499999701976776,0.1550000011920929,0.17499999701976776,302000,0.0,0.0
2008-06-12 00:00:00+08:00,0.17499999701976776,0.18000000715255737,0.17499999701976776,0.18000000715255737,160000,0.0,0.0
2008-06-13 00:00:00+08:00,0.18000000715255737,0.1850000023841858,0.17000000178813934,0.1850000023841858,78000,0.0,0.0
2008-06-16 00:00:00+08:00,0.1850000023841858,0.1850000023841858,0.18000000715255737,0.18000000715255737,121000,0.0,0.0
2008-06-17 00:00:00+08:00,0.17499999701976776,0.18000000715255737,0.17000000178813934,0.18000000715255737,120000,0.0,0.0
2008-06-18 00:00:00+08:00,0.18000000715255737,0.18000000715255737,0.18000000715255737,0.18000000715255737,0,0.0,0.0
2008-06-19 00:00:00+08:00,0.18000000715255737,0.18000000715255737,0.18000000715255737,0.18000000715255737,0,0.0,0.0
2008-06-20 00:00:00+08:00,0.18000000715255737,0.18000000715255737,0.18000000715255737,0.18000000715255737,0,0.0,0.0
2008-06-23 00:00:00+08:00,0.16500000655651093,0.17499999701976776,0.16500000655651093,0.17499999701976776,339000,0.0,0.0
2008-06-24 00:00:00+08:00,0.17000000178813934,0.17000000178813934,0.16500000655651093,0.17000000178813934,450000,0.0,0.0
2008-06-25 00:00:00+08:00,0.17499999701976776,0.17499999701976776,0.17499999701976776,0.17499999701976776,220000,0.0,0.0
2008-06-26 00:00:00+08:00,0.17499999701976776,0.17499999701976776,0.17000000178813934,0.17000000178813934,140000,0.0,0.0
2008-06-27 00:00:00+08:00,0.17499999701976776,0.17499999701976776,0.17000000178813934,0.17499999701976776,246000,0.0,0.0
2008-06-30 00:00:00+08:00,0.17000000178813934,0.17499999701976776,0.16500000655651093,0.17000000178813934,478000,0.0,0.0
2008-07-01 00:00:00+08:00,0.1599999964237213,0.17000000178813934,0.1550000011920929,0.17000000178813934,43000,0.0,0.0
2008-07-02 00:00:00+08:00,0.17000000178813934,0.17000000178813934,0.17000000178813934,0.17000000178813934,0,0.0,0.0
2008-07-03 00:00:00+08:00,0.1599999964237213,0.16500000655651093,0.1599999964237213,0.1599999964237213,280000,0.0,0.0
2008-07-04 00:00:00+08:00,0.1550000011920929,0.16500000655651093,0.1550000011920929,0.16500000655651093,63000,0.0,0.0
2008-07-07 00:00:00+08:00,0.16500000655651093,0.16500000655651093,0.16500000655651093,0.16500000655651093,0,0.0,0.0
2008-07-08 00:00:00+08:00,0.1550000011920929,0.16500000655651093,0.1550000011920929,0.16500000655651093,5000,0.0,0.0
2008-07-09 00:00:00+08:00,0.16500000655651093,0.16500000655651093,0.16500000655651093,0.16500000655651093,0,0.0,0.0
2008-07-10 00:00:00+08:00,0.1550000011920929,0.16500000655651093,0.1550000011920929,0.16500000655651093,350000,0.0,0.0
2008-07-11 00:00:00+08:00,0.16500000655651093,0.17000000178813934,0.16500000655651093,0.17000000178813934,200000,0.0,0.0
2008-07-14 00:00:00+08:00,0.17000000178813934,0.17000000178813934,0.17000000178813934,0.17000000178813934,0,0.0,0.0
2008-07-15 00:00:00+08:00,0.1599999964237213,0.16500000655651093,0.1599999964237213,0.16500000655651093,53000,0.0,0.0
2008-07-16 00:00:00+08:00,0.1599999964237213,0.16500000655651093,0.1599999964237213,0.16500000655651093,25000,0.0,0.0
2008-07-17 00:00:00+08:00,0.16500000655651093,0.16500000655651093,0.16500000655651093,0.16500000655651093,105000,0.0,0.0
2008-07-18 00:00:00+08:00,0.16500000655651093,0.16500000655651093,0.16500000655651093,0.16500000655651093,11000,0.0,0.0
2008-07-21 00:00:00+08:00,0.1599999964237213,0.1599999964237213,0.1550000011920929,0.1599999964237213,175000,0.0,0.0
2008-07-22 00:00:00+08:00,0.1550000011920929,0.1599999964237213,0.1550000011920929,0.1550000011920929,60000,0.0,0.0
2008-07-23 00:00:00+08:00,0.1599999964237213,0.16500000655651093,0.1599999964237213,0.16500000655651093,309000,0.0,0.0
2008-07-24 00:00:00+08:00,0.16500000655651093,0.16500000655651093,0.16500000655651093,0.16500000655651093,0,0.0,0.0
2008-07-25 00:00:00+08:00,0.1599999964237213,0.16500000655651093,0.1599999964237213,0.16500000655651093,145000,0.0,0.0
2008-07-28 00:00:00+08:00,0.1599999964237213,0.1599999964237213,0.1599999964237213,0.1599999964237213,70000,0.0,0.0
2008-07-29 00:00:00+08:00,0.1550000011920929,0.1599999964237213,0.1550000011920929,0.1599999964237213,38000,0.0,0.0
2008-07-30 00:00:00+08:00,0.1599999964237213,0.1599999964237213,0.1599999964237213,0.1599999964237213,0,0.0,0.0
2008-07-31 00:00:00+08:00,0.1550000011920929,0.1599999964237213,0.1550000011920929,0.1599999964237213,55000,0.0,0.0
2008-08-01 00:00:00+08:00,0.15000000596046448,0.1599999964237213,0.15000000596046448,0.1599999964237213,13000,0.0,0.0
2008-08-04 00:00:00+08:00,0.15000000596046448,0.1599999964237213,0.15000000596046448,0.1599999964237213,13000,0.0,0.0
2008-08-05 00:00:00+08:00,0.1599999964237213,0.1599999964237213,0.1599999964237213,0.1599999964237213,0,0.0,0.0
2008-08-06 00:00:00+08:00,0.15000000596046448,0.1599999964237213,0.15000000596046448,0.1599999964237213,47000,0.0,0.0
2008-08-07 00:00:00+08:00,0.15000000596046448,0.1599999964237213,0.15000000596046448,0.1599999964237213,20000,0.0,0.0
2008-08-08 00:00:00+08:00,0.15000000596046448,0.16500000655651093,0.15000000596046448,0.1599999964237213,246000,0.0,0.0
2008-08-11 00:00:00+08:00,0.1599999964237213,0.1599999964237213,0.1599999964237213,0.1599999964237213,0,0.0,0.0
2008-08-12 00:00:00+08:00,0.1599999964237213,0.1599999964237213,0.1599999964237213,0.1599999964237213,0,0.0,0.0
2008-08-13 00:00:00+08:00,0.1550000011920929,0.16500000655651093,0.1550000011920929,0.16500000655651093,20000,0.0,0.0
2008-08-14 00:00:00+08:00,0.16500000655651093,0.16500000655651093,0.16500000655651093,0.16500000655651093,0,0.0,0.0
2008-08-15 00:00:00+08:00,0.16500000655651093,0.16500000655651093,0.16500000655651093,0.16500000655651093,0,0.0,0.0
2008-08-18 00:00:00+08:00,0.16500000655651093,0.16500000655651093,0.16500000655651093,0.16500000655651093,0,0.0,0.0
2008-08-19 00:00:00+08:00,0.15000000596046448,0.16500000655651093,0.15000000596046448,0.16500000655651093,21000,0.0,0.0
2008-08-20 00:00:00+08:00,0.15000000596046448,0.1550000011920929,0.15000000596046448,0.1550000011920929,21000,0.0,0.0
2008-08-21 00:00:00+08:00,0.14499999582767487,0.1550000011920929,0.14499999582767487,0.1550000011920929,2000,0.0,0.0
2008-08-22 00:00:00+08:00,0.1550000011920929,0.1550000011920929,0.1550000011920929,0.1550000011920929,0,0.0,0.0
2008-08-25 00:00:00+08:00,0.1550000011920929,0.1550000011920929,0.1550000011920929,0.1550000011920929,0,0.0,0.0
2008-08-26 00:00:00+08:00,0.14000000059604645,0.14000000059604645,0.14000000059604645,0.14000000059604645,2000,0.0,0.0
2008-08-27 00:00:00+08:00,0.14000000059604645,0.14000000059604645,0.14000000059604645,0.14000000059604645,0,0.0,0.0
2008-08-28 00:00:00+08:00,0.10000000149011612,0.14000000059604645,0.10000000149011612,0.14000000059604645,3000,0.0,0.0
2008-08-29 00:00:00+08:00,0.14000000059604645,0.14000000059604645,0.14000000059604645,0.14000000059604645,0,0.0,0.0
2008-09-01 00:00:00+08:00,0.10499999672174454,0.13500000536441803,0.10499999672174454,0.13500000536441803,7000,0.0,0.0
2008-09-02 00:00:00+08:00,0.14000000059604645,0.14000000059604645,0.11999999731779099,0.14000000059604645,3000,0.0,0.0
2008-09-03 00:00:00+08:00,0.14000000059604645,0.14000000059604645,0.14000000059604645,0.14000000059604645,0,0.0,0.0
2008-09-04 00:00:00+08:00,0.14000000059604645,0.14000000059604645,0.14000000059604645,0.14000000059604645,0,0.0,0.0
2008-09-05 00:00:00+08:00,0.14000000059604645,0.14000000059604645,0.14000000059604645,0.14000000059604645,0,0.0,0.0
2008-09-08 00:00:00+08:00,0.14000000059604645,0.14000000059604645,0.14000000059604645,0.14000000059604645,0,0.0,0.0
2008-09-09 00:00:00+08:00,0.14000000059604645,0.14000000059604645,0.14000000059604645,0.14000000059604645,0,0.0,0.0
2008-09-10 00:00:00+08:00,0.14000000059604645,0.14000000059604645,0.14000000059604645,0.14000000059604645,0,0.0,0.0
2008-09-11 00:00:00+08:00,0.14000000059604645,0.14000000059604645,0.14000000059604645,0.14000000059604645,0,0.0,0.0
2008-09-12 00:00:00+08:00,0.14000000059604645,0.14000000059604645,0.14000000059604645,0.14000000059604645,0,0.0,0.0
2008-09-15 00:00:00+08:00,0.14000000059604645,0.14000000059604645,0.14000000059604645,0.14000000059604645,0,0.0,0.0
2008-09-16 00:00:00+08:00,0.14000000059604645,0.14000000059604645,0.14000000059604645,0.14000000059604645,0,0.0,0.0
2008-09-17 00:00:00+08:00,0.14000000059604645,0.14000000059604645,0.13500000536441803,0.13500000536441803,113000,0.0,0.0
2008-09-18 00:00:00+08:00,0.11999999731779099,0.125,0.11999999731779099,0.125,17000,0.0,0.0
2008-09-19 00:00:00+08:00,0.125,0.13500000536441803,0.10999999940395355,0.11999999731779099,29000,0.0,0.0
2008-09-22 00:00:00+08:00,0.10499999672174454,0.10499999672174454,0.10499999672174454,0.10499999672174454,10000,0.0,0.0
2008-09-23 00:00:00+08:00,0.07999999821186066,0.10499999672174454,0.07000000029802322,0.07500000298023224,50000,0.0,0.0
2008-09-24 00:00:00+08:00,0.054999999701976776,0.0949999988079071,0.054999999701976776,0.06499999761581421,379000,0.0,0.0
2008-09-25 00:00:00+08:00,0.05999999865889549,0.07500000298023224,0.05999999865889549,0.06499999761581421,521000,0.0,0.0
2008-09-26 00:00:00+08:00,0.07000000029802322,0.07500000298023224,0.06499999761581421,0.06499999761581421,45000,0.0,0.0
2008-09-29 00:00:00+08:00,0.07000000029802322,0.07000000029802322,0.07000000029802322,0.07000000029802322,49000,0.0,0.0
2008-09-30 00:00:00+08:00,0.07000000029802322,0.07500000298023224,0.07000000029802322,0.07500000298023224,63000,0.0,0.0
2008-10-02 00:00:00+08:00,0.07500000298023224,0.07500000298023224,0.07500000298023224,0.07500000298023224,50000,0.0,0.0
2008-10-03 00:00:00+08:00,0.07500000298023224,0.07500000298023224,0.07500000298023224,0.07500000298023224,100000,0.0,0.0
2008-10-06 00:00:00+08:00,0.06499999761581421,0.07000000029802322,0.05000000074505806,0.07000000029802322,277000,0.0,0.0
2008-10-07 00:00:00+08:00,0.07500000298023224,0.07500000298023224,0.07500000298023224,0.07500000298023224,5000,0.0,0.0
2008-10-08 00:00:00+08:00,0.06499999761581421,0.06499999761581421,0.06499999761581421,0.06499999761581421,924000,0.0,0.0
2008-10-09 00:00:00+08:00,0.06499999761581421,0.06499999761581421,0.05999999865889549,0.06499999761581421,225000,0.0,0.0
2008-10-10 00:00:00+08:00,0.05999999865889549,0.06499999761581421,0.05999999865889549,0.06499999761581421,55000,0.0,0.0
2008-10-13 00:00:00+08:00,0.07500000298023224,0.07500000298023224,0.07500000298023224,0.07500000298023224,5000,0.0,0.0
2008-10-14 00:00:00+08:00,0.07500000298023224,0.07500000298023224,0.07500000298023224,0.07500000298023224,0,0.0,0.0
2008-10-15 00:00:00+08:00,0.06499999761581421,0.06499999761581421,0.06499999761581421,0.06499999761581421,2000,0.0,0.0
2008-10-16 00:00:00+08:00,0.06499999761581421,0.06499999761581421,0.06499999761581421,0.06499999761581421,0,0.0,0.0
2008-10-17 00:00:00+08:00,0.05999999865889549,0.05999999865889549,0.05999999865889549,0.05999999865889549,2000,0.0,0.0
2008-10-20 00:00:00+08:00,0.05999999865889549,0.05999999865889549,0.05999999865889549,0.05999999865889549,0,0.0,0.0
2008-10-21 00:00:00+08:00,0.05999999865889549,0.05999999865889549,0.05999999865889549,0.05999999865889549,0,0.0,0.0
2008-10-22 00:00:00+08:00,0.05999999865889549,0.05999999865889549,0.05999999865889549,0.05999999865889549,0,0.0,0.0
2008-10-23 00:00:00+08:00,0.17000000178813934,0.17000000178813934,0.07000000029802322,0.07500000298023224,39000,0.0,0.0
2008-10-24 00:00:00+08:00,0.07999999821186066,0.11999999731779099,0.07000000029802322,0.07000000029802322,12000,0.0,0.0
2008-10-27 00:00:00+08:00,0.07000000029802322,0.07000000029802322,0.07000000029802322,0.07000000029802322,0,0.0,0.0
2008-10-29 00:00:00+08:00,0.07000000029802322,0.08500000089406967,0.06499999761581421,0.08500000089406967,61000,0.0,0.0
2008-10-30 00:00:00+08:00,0.08500000089406967,0.08500000089406967,0.08500000089406967,0.08500000089406967,0,0.0,0.0
2008-10-31 00:00:00+08:00,0.06499999761581421,0.09000000357627869,0.06499999761581421,0.09000000357627869,37000,0.0,0.0
2008-11-03 00:00:00+08:00,0.09000000357627869,0.09000000357627869,0.09000000357627869,0.09000000357627869,0,0.0,0.0
2008-11-04 00:00:00+08:00,0.07000000029802322,0.07000000029802322,0.07000000029802322,0.07000000029802322,5000,0.0,0.0
2008-11-05 00:00:00+08:00,0.07000000029802322,0.07000000029802322,0.07000000029802322,0.07000000029802322,0,0.0,0.0
2008-11-06 00:00:00+08:00,0.07000000029802322,0.07000000029802322,0.07000000029802322,0.07000000029802322,0,0.0,0.0
2008-11-07 00:00:00+08:00,0.06499999761581421,0.07999999821186066,0.06499999761581421,0.07999999821186066,10000,0.0,0.0
2008-11-10 00:00:00+08:00,0.07999999821186066,0.07999999821186066,0.07999999821186066,0.07999999821186066,0,0.0,0.0
2008-11-11 00:00:00+08:00,0.07999999821186066,0.07999999821186066,0.07999999821186066,0.07999999821186066,0,0.0,0.0
2008-11-12 00:00:00+08:00,0.07999999821186066,0.07999999821186066,0.07999999821186066,0.07999999821186066,0,0.0,0.0
2008-11-13 00:00:00+08:00,0.07999999821186066,0.07999999821186066,0.07999999821186066,0.07999999821186066,0,0.0,0.0
2008-11-14 00:00:00+08:00,0.07500000298023224,0.07500000298023224,0.07500000298023224,0.07500000298023224,50000,0.0,0.0
2008-11-17 00:00:00+08:00,0.07500000298023224,0.07500000298023224,0.07500000298023224,0.07500000298023224,0,0.0,0.0
2008-11-18 00:00:00+08:00,0.07500000298023224,0.07500000298023224,0.07500000298023224,0.07500000298023224,0,0.0,0.0
2008-11-19 00:00:00+08:00,0.07500000298023224,0.07500000298023224,0.07500000298023224,0.07500000298023224,0,0.0,0.0
2008-11-20 00:00:00+08:00,0.07500000298023224,0.07500000298023224,0.07500000298023224,0.07500000298023224,0,0.0,0.0
2008-11-21 00:00:00+08:00,0.07500000298023224,0.07500000298023224,0.07500000298023224,0.07500000298023224,0,0.0,0.0
2008-11-24 00:00:00+08:00,0.07500000298023224,0.07500000298023224,0.07500000298023224,0.07500000298023224,0,0.0,0.0
2008-11-25 00:00:00+08:00,0.07500000298023224,0.07500000298023224,0.07500000298023224,0.07500000298023224,0,0.0,0.0
2008-11-26 00:00:00+08:00,0.07500000298023224,0.07500000298023224,0.07500000298023224,0.07500000298023224,0,0.0,0.0
2008-11-27 00:00:00+08:00,0.07500000298023224,0.07500000298023224,0.07500000298023224,0.07500000298023224,0,0.0,0.0
2008-11-28 00:00:00+08:00,0.07500000298023224,0.07500000298023224,0.07500000298023224,0.07500000298023224,0,0.0,0.0
2008-12-01 00:00:00+08:00,0.07500000298023224,0.07500000298023224,0.07500000298023224,0.07500000298023224,0,0.0,0.0
2008-12-02 00:00:00+08:00,0.07500000298023224,0.07500000298023224,0.07500000298023224,0.07500000298023224,0,0.0,0.0
2008-12-03 00:00:00+08:00,0.07500000298023224,0.07500000298023224,0.07500000298023224,0.07500000298023224,0,0.0,0.0
2008-12-04 00:00:00+08:00,0.07500000298023224,0.07500000298023224,0.07500000298023224,0.07500000298023224,0,0.0,0.0
2008-12-05 00:00:00+08:00,0.07500000298023224,0.07500000298023224,0.07500000298023224,0.07500000298023224,0,0.0,0.0
2008-12-09 00:00:00+08:00,0.07500000298023224,0.07500000298023224,0.07500000298023224,0.07500000298023224,0,0.0,0.0
2008-12-10 00:00:00+08:00,0.07500000298023224,0.07500000298023224,0.07500000298023224,0.07500000298023224,0,0.0,0.0
2008-12-11 00:00:00+08:00,0.07500000298023224,0.07500000298023224,0.07500000298023224,0.07500000298023224,0,0.0,0.0
2008-12-12 00:00:00+08:00,0.07500000298023224,0.07500000298023224,0.07500000298023224,0.07500000298023224,0,0.0,0.0
2008-12-15 00:00:00+08:00,0.07500000298023224,0.07500000298023224,0.07500000298023224,0.07500000298023224,0,0.0,0.0
2008-12-16 00:00:00+08:00,0.07500000298023224,0.07500000298023224,0.07500000298023224,0.07500000298023224,0,0.0,0.0
2008-12-17 00:00:00+08:00,0.07500000298023224,0.07500000298023224,0.07500000298023224,0.07500000298023224,0,0.0,0.0
2008-12-18 00:00:00+08:00,0.07500000298023224,0.07500000298023224,0.07500000298023224,0.07500000298023224,0,0.0,0.0
2008-12-19 00:00:00+08:00,0.07500000298023224,0.07500000298023224,0.07500000298023224,0.07500000298023224,0,0.0,0.0
2008-12-22 00:00:00+08:00,0.07500000298023224,0.07500000298023224,0.07500000298023224,0.07500000298023224,0,0.0,0.0
2008-12-23 00:00:00+08:00,0.07500000298023224,0.07500000298023224,0.07500000298023224,0.07500000298023224,0,0.0,0.0
2008-12-24 00:00:00+08:00,0.07500000298023224,0.07500000298023224,0.07500000298023224,0.07500000298023224,0,0.0,0.0
2008-12-26 00:00:00+08:00,0.07500000298023224,0.07500000298023224,0.07500000298023224,0.07500000298023224,0,0.0,0.0
2008-12-29 00:00:00+08:00,0.07500000298023224,0.07500000298023224,0.07500000298023224,0.07500000298023224,0,0.0,0.0
2008-12-30 00:00:00+08:00,0.07500000298023224,0.07500000298023224,0.07500000298023224,0.07500000298023224,0,0.0,0.0
2008-12-31 00:00:00+08:00,0.07500000298023224,0.07500000298023224,0.07500000298023224,0.07500000298023224,0,0.0,0.0
2009-01-02 00:00:00+08:00,0.07500000298023224,0.07500000298023224,0.07500000298023224,0.07500000298023224,0,0.0,0.0
2009-01-05 00:00:00+08:00,0.07500000298023224,0.07500000298023224,0.07500000298023224,0.07500000298023224,0,0.0,0.0
2009-01-06 00:00:00+08:00,0.05999999865889549,0.07000000029802322,0.05999999865889549,0.07000000029802322,25000,0.0,0.0
2009-01-07 00:00:00+08:00,0.07500000298023224,0.07500000298023224,0.07000000029802322,0.07000000029802322,11000,0.0,0.0
2009-01-08 00:00:00+08:00,0.07000000029802322,0.07000000029802322,0.07000000029802322,0.07000000029802322,0,0.0,0.0
2009-01-09 00:00:00+08:00,0.054999999701976776,0.06499999761581421,0.05000000074505806,0.06499999761581421,33000,0.0,0.0
2009-01-12 00:00:00+08:00,0.06499999761581421,0.06499999761581421,0.054999999701976776,0.06499999761581421,14000,0.0,0.0
2009-01-13 00:00:00+08:00,0.04500000178813934,0.06499999761581421,0.04500000178813934,0.06499999761581421,1001000,0.0,0.0
2009-01-14 00:00:00+08:00,0.05000000074505806,0.06499999761581421,0.05000000074505806,0.06499999761581421,59000,0.0,0.0
2009-01-15 00:00:00+08:00,0.06499999761581421,0.06499999761581421,0.06499999761581421,0.06499999761581421,0,0.0,0.0
2009-01-16 00:00:00+08:00,0.06499999761581421,0.06499999761581421,0.06499999761581421,0.06499999761581421,0,0.0,0.0
2009-01-19 00:00:00+08:00,0.06499999761581421,0.06499999761581421,0.06499999761581421,0.06499999761581421,0,0.0,0.0
2009-01-20 00:00:00+08:00,0.06499999761581421,0.06499999761581421,0.06499999761581421,0.06499999761581421,0,0.0,0.0
2009-01-21 00:00:00+08:00,0.06499999761581421,0.06499999761581421,0.06499999761581421,0.06499999761581421,0,0.0,0.0
2009-01-22 00:00:00+08:00,0.06499999761581421,0.06499999761581421,0.06499999761581421,0.06499999761581421,0,0.0,0.0
2009-01-23 00:00:00+08:00,0.03999999910593033,0.03999999910593033,0.03999999910593033,0.03999999910593033,1000,0.0,0.0
2009-01-28 00:00:00+08:00,0.05999999865889549,0.05999999865889549,0.05999999865889549,0.05999999865889549,5000,0.0,0.0
2009-01-29 00:00:00+08:00,0.04500000178813934,0.054999999701976776,0.03999999910593033,0.054999999701976776,501000,0.0,0.0
2009-01-30 00:00:00+08:00,0.04500000178813934,0.04500000178813934,0.03999999910593033,0.03999999910593033,261000,0.0,0.0
2009-02-02 00:00:00+08:00,0.03999999910593033,0.03999999910593033,0.03999999910593033,0.03999999910593033,351000,0.0,0.0
2009-02-03 00:00:00+08:00,0.03999999910593033,0.03999999910593033,0.03999999910593033,0.03999999910593033,0,0.0,0.0
2009-02-04 00:00:00+08:00,0.03999999910593033,0.03999999910593033,0.03999999910593033,0.03999999910593033,205000,0.0,0.0
2009-02-05 00:00:00+08:00,0.04500000178813934,0.04500000178813934,0.03999999910593033,0.03999999910593033,151000,0.0,0.0
2009-02-06 00:00:00+08:00,0.03999999910593033,0.03999999910593033,0.03999999910593033,0.03999999910593033,0,0.0,0.0
2009-02-09 00:00:00+08:00,0.03999999910593033,0.03999999910593033,0.03999999910593033,0.03999999910593033,0,0.0,0.0
2009-02-10 00:00:00+08:00,0.03999999910593033,0.03999999910593033,0.03999999910593033,0.03999999910593033,50000,0.0,0.0
2009-02-11 00:00:00+08:00,0.03500000014901161,0.03500000014901161,0.03500000014901161,0.03500000014901161,2000,0.0,0.0
2009-02-12 00:00:00+08:00,0.04500000178813934,0.04500000178813934,0.03999999910593033,0.03999999910593033,3000,0.0,0.0
2009-02-13 00:00:00+08:00,0.03999999910593033,0.03999999910593033,0.03999999910593033,0.03999999910593033,20000,0.0,0.0
2009-02-16 00:00:00+08:00,0.03999999910593033,0.03999999910593033,0.03999999910593033,0.03999999910593033,100000,0.0,0.0
2009-02-17 00:00:00+08:00,0.03999999910593033,0.03999999910593033,0.03999999910593033,0.03999999910593033,0,0.0,0.0
2009-02-18 00:00:00+08:00,0.03999999910593033,0.03999999910593033,0.03999999910593033,0.03999999910593033,70000,0.0,0.0
2009-02-19 00:00:00+08:00,0.03999999910593033,0.03999999910593033,0.03999999910593033,0.03999999910593033,0,0.0,0.0
2009-02-20 00:00:00+08:00,0.03999999910593033,0.03999999910593033,0.03999999910593033,0.03999999910593033,0,0.0,0.0
2009-02-23 00:00:00+08:00,0.03999999910593033,0.03999999910593033,0.03999999910593033,0.03999999910593033,0,0.0,0.0
2009-02-24 00:00:00+08:00,0.03999999910593033,0.03999999910593033,0.03999999910593033,0.03999999910593033,0,0.0,0.0
2009-02-25 00:00:00+08:00,0.03999999910593033,0.03999999910593033,0.03999999910593033,0.03999999910593033,20000,0.0,0.0
2009-02-26 00:00:00+08:00,0.03999999910593033,0.03999999910593033,0.03999999910593033,0.03999999910593033,20000,0.0,0.0
2009-02-27 00:00:00+08:00,0.03999999910593033,0.03999999910593033,0.03999999910593033,0.03999999910593033,0,0.0,0.0
2009-03-02 00:00:00+08:00,0.03999999910593033,0.03999999910593033,0.03999999910593033,0.03999999910593033,11000,0.0,0.0
2009-03-03 00:00:00+08:00,0.029999999329447746,0.029999999329447746,0.029999999329447746,0.029999999329447746,245000,0.0,0.0
2009-03-04 00:00:00+08:00,0.03500000014901161,0.03500000014901161,0.03500000014901161,0.03500000014901161,46000,0.0,0.0
2009-03-05 00:00:00+08:00,0.03500000014901161,0.03999999910593033,0.03500000014901161,0.03999999910593033,4487000,0.0,0.0
2009-03-06 00:00:00+08:00,0.03999999910593033,0.03999999910593033,0.03500000014901161,0.03500000014901161,23000,0.0,0.0
2009-03-09 00:00:00+08:00,0.03999999910593033,0.04500000178813934,0.03500000014901161,0.03500000014901161,105000,0.0,0.0
2009-03-10 00:00:00+08:00,0.03999999910593033,0.03999999910593033,0.03999999910593033,0.03999999910593033,215000,0.0,0.0
2009-03-11 00:00:00+08:00,0.03999999910593033,0.03999999910593033,0.03999999910593033,0.03999999910593033,0,0.0,0.0
2009-03-12 00:00:00+08:00,0.03999999910593033,0.03999999910593033,0.03999999910593033,0.03999999910593033,0,0.0,0.0
2009-03-13 00:00:00+08:00,0.03500000014901161,0.03999999910593033,0.03500000014901161,0.03500000014901161,292000,0.0,0.0
2009-03-16 00:00:00+08:00,0.03500000014901161,0.03500000014901161,0.03500000014901161,0.03500000014901161,80000,0.0,0.0
2009-03-17 00:00:00+08:00,0.03500000014901161,0.03500000014901161,0.03500000014901161,0.03500000014901161,137000,0.0,0.0
2009-03-18 00:00:00+08:00,0.03500000014901161,0.03500000014901161,0.03500000014901161,0.03500000014901161,0,0.0,0.0
2009-03-19 00:00:00+08:00,0.03500000014901161,0.03500000014901161,0.03500000014901161,0.03500000014901161,260000,0.0,0.0
2009-03-20 00:00:00+08:00,0.03500000014901161,0.03500000014901161,0.03500000014901161,0.03500000014901161,0,0.0,0.0
2009-03-23 00:00:00+08:00,0.03500000014901161,0.03500000014901161,0.03500000014901161,0.03500000014901161,0,0.0,0.0
2009-03-24 00:00:00+08:00,0.03500000014901161,0.03500000014901161,0.03500000014901161,0.03500000014901161,0,0.0,0.0
2009-03-25 00:00:00+08:00,0.03500000014901161,0.03500000014901161,0.03500000014901161,0.03500000014901161,0,0.0,0.0
2009-03-26 00:00:00+08:00,0.03500000014901161,0.03500000014901161,0.03500000014901161,0.03500000014901161,222000,0.0,0.0
2009-03-27 00:00:00+08:00,0.03500000014901161,0.03500000014901161,0.03500000014901161,0.03500000014901161,0,0.0,0.0
2009-03-30 00:00:00+08:00,0.03500000014901161,0.03500000014901161,0.03500000014901161,0.03500000014901161,0,0.0,0.0
2009-03-31 00:00:00+08:00,0.03500000014901161,0.03500000014901161,0.03500000014901161,0.03500000014901161,160000,0.0,0.0
2009-04-01 00:00:00+08:00,0.03500000014901161,0.03500000014901161,0.03500000014901161,0.03500000014901161,30000,0.0,0.0
2009-04-02 00:00:00+08:00,0.03999999910593033,0.03999999910593033,0.03999999910593033,0.03999999910593033,40000,0.0,0.0
2009-04-03 00:00:00+08:00,0.03999999910593033,0.03999999910593033,0.03999999910593033,0.03999999910593033,0,0.0,0.0
2009-04-06 00:00:00+08:00,0.03999999910593033,0.03999999910593033,0.03999999910593033,0.03999999910593033,30000,0.0,0.0
2009-04-07 00:00:00+08:00,0.03999999910593033,0.03999999910593033,0.03999999910593033,0.03999999910593033,0,0.0,0.0
2009-04-08 00:00:00+08:00,0.03999999910593033,0.03999999910593033,0.03999999910593033,0.03999999910593033,0,0.0,0.0
2009-04-09 00:00:00+08:00,0.03999999910593033,0.03999999910593033,0.03999999910593033,0.03999999910593033,0,0.0,0.0
2009-04-13 00:00:00+08:00,0.03500000014901161,0.03500000014901161,0.03500000014901161,0.03500000014901161,80000,0.0,0.0
2009-04-14 00:00:00+08:00,0.03999999910593033,0.03999999910593033,0.03999999910593033,0.03999999910593033,90000,0.0,0.0
2009-04-15 00:00:00+08:00,0.03999999910593033,0.03999999910593033,0.03999999910593033,0.03999999910593033,603000,0.0,0.0
2009-04-16 00:00:00+08:00,0.03999999910593033,0.03999999910593033,0.03999999910593033,0.03999999910593033,390000,0.0,0.0
2009-04-17 00:00:00+08:00,0.03999999910593033,0.03999999910593033,0.03999999910593033,0.03999999910593033,180000,0.0,0.0
2009-04-20 00:00:00+08:00,0.03999999910593033,0.03999999910593033,0.03500000014901161,0.03500000014901161,160000,0.0,0.0
2009-04-21 00:00:00+08:00,0.03999999910593033,0.03999999910593033,0.03999999910593033,0.03999999910593033,1500000,0.0,0.0
2009-04-22 00:00:00+08:00,0.03999999910593033,0.04500000178813934,0.03999999910593033,0.03999999910593033,4100000,0.0,0.0
2009-04-23 00:00:00+08:00,0.03999999910593033,0.04500000178813934,0.03999999910593033,0.04500000178813934,805000,0.0,0.0
2009-04-24 00:00:00+08:00,0.04500000178813934,0.04500000178813934,0.04500000178813934,0.04500000178813934,0,0.0,0.0
2009-04-27 00:00:00+08:00,0.03999999910593033,0.03999999910593033,0.03999999910593033,0.03999999910593033,550000,0.0,0.0
2009-04-28 00:00:00+08:00,0.03999999910593033,0.03999999910593033,0.03999999910593033,0.03999999910593033,0,0.0,0.0
2009-04-29 00:00:00+08:00,0.03999999910593033,0.03999999910593033,0.03999999910593033,0.03999999910593033,95000,0.0,0.0
2009-04-30 00:00:00+08:00,0.03999999910593033,0.03999999910593033,0.03999999910593033,0.03999999910593033,0,0.0,0.0
2009-05-01 00:00:00+08:00,0.03999999910593033,0.03999999910593033,0.03999999910593033,0.03999999910593033,0,0.0,0.0
2009-05-04 00:00:00+08:00,0.03999999910593033,0.03999999910593033,0.03999999910593033,0.03999999910593033,25000,0.0,0.0
2009-05-05 00:00:00+08:00,0.03999999910593033,0.04500000178813934,0.03999999910593033,0.04500000178813934,203000,0.0,0.0
2009-05-06 00:00:00+08:00,0.03999999910593033,0.04500000178813934,0.03999999910593033,0.03999999910593033,631000,0.0,0.0
2009-05-07 00:00:00+08:00,0.04500000178813934,0.04500000178813934,0.03999999910593033,0.03999999910593033,241000,0.0,0.0
2009-05-08 00:00:00+08:00,0.04500000178813934,0.04500000178813934,0.04500000178813934,0.04500000178813934,656000,0.0,0.0
2009-05-11 00:00:00+08:00,0.04500000178813934,0.05000000074505806,0.04500000178813934,0.04500000178813934,425000,0.0,0.0
2009-05-12 00:00:00+08:00,0.04500000178813934,0.04500000178813934,0.04500000178813934,0.04500000178813934,0,0.0,0.0
2009-05-13 00:00:00+08:00,0.04500000178813934,0.05000000074505806,0.04500000178813934,0.04500000178813934,2712000,0.0,0.0
2009-05-14 00:00:00+08:00,0.05000000074505806,0.05000000074505806,0.04500000178813934,0.04500000178813934,1350000,0.0,0.0
2009-05-15 00:00:00+08:00,0.04500000178813934,0.054999999701976776,0.04500000178813934,0.05000000074505806,1812000,0.0,0.0
2009-05-18 00:00:00+08:00,0.04500000178813934,0.04500000178813934,0.04500000178813934,0.04500000178813934,204000,0.0,0.0
2009-05-19 00:00:00+08:00,0.04500000178813934,0.04500000178813934,0.04500000178813934,0.04500000178813934,500000,0.0,0.0
2009-05-20 00:00:00+08:00,0.05000000074505806,0.05000000074505806,0.04500000178813934,0.05000000074505806,323000,0.0,0.0
2009-05-21 00:00:00+08:00,0.05000000074505806,0.05000000074505806,0.04500000178813934,0.04500000178813934,240000,0.0,0.0
2009-05-22 00:00:00+08:00,0.04500000178813934,0.04500000178813934,0.04500000178813934,0.04500000178813934,650000,0.0,0.0
2009-05-25 00:00:00+08:00,0.04500000178813934,0.04500000178813934,0.04500000178813934,0.04500000178813934,0,0.0,0.0
2009-05-26 00:00:00+08:00,0.04500000178813934,0.05000000074505806,0.04500000178813934,0.04500000178813934,650000,0.0,0.0
2009-05-27 00:00:00+08:00,0.05000000074505806,0.05000000074505806,0.05000000074505806,0.05000000074505806,1633000,0.0,0.0
2009-05-28 00:00:00+08:00,0.05000000074505806,0.05999999865889549,0.05000000074505806,0.05999999865889549,1761000,0.0,0.0
2009-05-29 00:00:00+08:00,0.05999999865889549,0.06499999761581421,0.054999999701976776,0.054999999701976776,170000,0.0,0.0
2009-06-01 00:00:00+08:00,0.05999999865889549,0.06499999761581421,0.05999999865889549,0.05999999865889549,216000,0.0,0.0
2009-06-02 00:00:00+08:00,0.05999999865889549,0.05999999865889549,0.05000000074505806,0.05000000074505806,216000,0.0,0.0
2009-06-03 00:00:00+08:00,0.054999999701976776,0.06499999761581421,0.054999999701976776,0.05999999865889549,1180000,0.0,0.0
2009-06-04 00:00:00+08:00,0.05999999865889549,0.06499999761581421,0.05999999865889549,0.05999999865889549,136000,0.0,0.0
2009-06-05 00:00:00+08:00,0.05999999865889549,0.07000000029802322,0.05999999865889549,0.07000000029802322,1232000,0.0,0.0
2009-06-08 00:00:00+08:00,0.06499999761581421,0.07000000029802322,0.06499999761581421,0.06499999761581421,996000,0.0,0.0
2009-06-09 00:00:00+08:00,0.06499999761581421,0.06499999761581421,0.06499999761581421,0.06499999761581421,0,0.0,0.0
2009-06-10 00:00:00+08:00,0.06499999761581421,0.06499999761581421,0.06499999761581421,0.06499999761581421,0,0.0,0.0
2009-06-11 00:00:00+08:00,0.06499999761581421,0.06499999761581421,0.06499999761581421,0.06499999761581421,0,0.0,0.0
2009-06-12 00:00:00+08:00,0.06499999761581421,0.06499999761581421,0.06499999761581421,0.06499999761581421,0,0.0,0.0
2009-06-15 00:00:00+08:00,0.05999999865889549,0.05999999865889549,0.05000000074505806,0.05000000074505806,205000,0.0,0.0
2009-06-16 00:00:00+08:00,0.05999999865889549,0.05999999865889549,0.054999999701976776,0.054999999701976776,255000,0.0,0.0
2009-06-17 00:00:00+08:00,0.054999999701976776,0.054999999701976776,0.054999999701976776,0.054999999701976776,0,0.0,0.0
2009-06-18 00:00:00+08:00,0.054999999701976776,0.054999999701976776,0.054999999701976776,0.054999999701976776,0,0.0,0.0
2009-06-19 00:00:00+08:00,0.054999999701976776,0.05999999865889549,0.054999999701976776,0.05999999865889549,65000,0.0,0.0
2009-06-22 00:00:00+08:00,0.05999999865889549,0.05999999865889549,0.05999999865889549,0.05999999865889549,0,0.0,0.0
2009-06-23 00:00:00+08:00,0.05999999865889549,0.05999999865889549,0.05999999865889549,0.05999999865889549,0,0.0,0.0
2009-06-24 00:00:00+08:00,0.05999999865889549,0.05999999865889549,0.05999999865889549,0.05999999865889549,0,0.0,0.0
2009-06-25 00:00:00+08:00,0.05999999865889549,0.05999999865889549,0.05999999865889549,0.05999999865889549,0,0.0,0.0
2009-06-26 00:00:00+08:00,0.05999999865889549,0.05999999865889549,0.05999999865889549,0.05999999865889549,0,0.0,0.0
2009-06-29 00:00:00+08:00,0.05999999865889549,0.05999999865889549,0.05999999865889549,0.05999999865889549,0,0.0,0.0
2009-06-30 00:00:00+08:00,0.05999999865889549,0.06499999761581421,0.054999999701976776,0.05999999865889549,363000,0.0,0.0
2009-07-01 00:00:00+08:00,0.05999999865889549,0.05999999865889549,0.05999999865889549,0.05999999865889549,0,0.0,0.0
2009-07-02 00:00:00+08:00,0.05999999865889549,0.06499999761581421,0.05999999865889549,0.06499999761581421,552000,0.0,0.0
2009-07-03 00:00:00+08:00,0.05999999865889549,0.07000000029802322,0.05999999865889549,0.07000000029802322,55000,0.0,0.0
2009-07-06 00:00:00+08:00,0.07000000029802322,0.07000000029802322,0.07000000029802322,0.07000000029802322,0,0.0,0.0
2009-07-07 00:00:00+08:00,0.07000000029802322,0.07000000029802322,0.07000000029802322,0.07000000029802322,0,0.0,0.0
2009-07-08 00:00:00+08:00,0.07000000029802322,0.07000000029802322,0.07000000029802322,0.07000000029802322,0,0.0,0.0
2009-07-09 00:00:00+08:00,0.07000000029802322,0.07000000029802322,0.07000000029802322,0.07000000029802322,0,0.0,0.0
2009-07-10 00:00:00+08:00,0.07000000029802322,0.07000000029802322,0.07000000029802322,0.07000000029802322,0,0.0,0.0
2009-07-13 00:00:00+08:00,0.07000000029802322,0.07000000029802322,0.07000000029802322,0.07000000029802322,0,0.0,0.0
2009-07-14 00:00:00+08:00,0.05999999865889549,0.06499999761581421,0.05999999865889549,0.06499999761581421,66000,0.0,0.0
2009-07-15 00:00:00+08:00,0.06499999761581421,0.06499999761581421,0.06499999761581421,0.06499999761581421,0,0.0,0.0
2009-07-16 00:00:00+08:00,0.06499999761581421,0.06499999761581421,0.05999999865889549,0.06499999761581421,556000,0.0,0.0
2009-07-17 00:00:00+08:00,0.06499999761581421,0.07000000029802322,0.05999999865889549,0.06499999761581421,290000,0.0,0.0
2009-07-20 00:00:00+08:00,0.06499999761581421,0.07999999821186066,0.06499999761581421,0.07999999821186066,191000,0.0,0.0
2009-07-21 00:00:00+08:00,0.07999999821186066,0.07999999821186066,0.07999999821186066,0.07999999821186066,0,0.0,0.0
2009-07-22 00:00:00+08:00,0.07999999821186066,0.07999999821186066,0.07999999821186066,0.07999999821186066,0,0.0,0.0
2009-07-23 00:00:00+08:00,0.07999999821186066,0.07999999821186066,0.07999999821186066,0.07999999821186066,0,0.0,0.0
2009-07-24 00:00:00+08:00,0.07999999821186066,0.07999999821186066,0.07999999821186066,0.07999999821186066,0,0.0,0.0
2009-07-27 00:00:00+08:00,0.07999999821186066,0.07999999821186066,0.07999999821186066,0.07999999821186066,0,0.0,0.0
2009-07-28 00:00:00+08:00,0.07999999821186066,0.07999999821186066,0.07999999821186066,0.07999999821186066,0,0.0,0.0
2009-07-29 00:00:00+08:00,0.07999999821186066,0.07999999821186066,0.07999999821186066,0.07999999821186066,0,0.0,0.0
2009-07-30 00:00:00+08:00,0.06499999761581421,0.07000000029802322,0.06499999761581421,0.07000000029802322,230000,0.0,0.0
2009-07-31 00:00:00+08:00,0.07000000029802322,0.07000000029802322,0.07000000029802322,0.07000000029802322,0,0.0,0.0
2009-08-03 00:00:00+08:00,0.07000000029802322,0.07000000029802322,0.07000000029802322,0.07000000029802322,0,0.0,0.0
2009-08-04 00:00:00+08:00,0.07000000029802322,0.07000000029802322,0.07000000029802322,0.07000000029802322,0,0.0,0.0
2009-08-05 00:00:00+08:00,0.07000000029802322,0.07000000029802322,0.07000000029802322,0.07000000029802322,0,0.0,0.0
2009-08-06 00:00:00+08:00,0.07000000029802322,0.07000000029802322,0.07000000029802322,0.07000000029802322,0,0.0,0.0
2009-08-07 00:00:00+08:00,0.07000000029802322,0.07000000029802322,0.07000000029802322,0.07000000029802322,0,0.0,0.0
2009-08-11 00:00:00+08:00,0.05999999865889549,0.07000000029802322,0.05999999865889549,0.07000000029802322,50000,0.0,0.0
2009-08-12 00:00:00+08:00,0.07000000029802322,0.07000000029802322,0.07000000029802322,0.07000000029802322,0,0.0,0.0
2009-08-13 00:00:00+08:00,0.07000000029802322,0.07000000029802322,0.07000000029802322,0.07000000029802322,0,0.0,0.0
2009-08-14 00:00:00+08:00,0.07000000029802322,0.07000000029802322,0.07000000029802322,0.07000000029802322,0,0.0,0.0
2009-08-17 00:00:00+08:00,0.07000000029802322,0.07000000029802322,0.07000000029802322,0.07000000029802322,0,0.0,0.0
2009-08-18 00:00:00+08:00,0.07000000029802322,0.07000000029802322,0.07000000029802322,0.07000000029802322,0,0.0,0.0
2009-08-19 00:00:00+08:00,0.06499999761581421,0.07000000029802322,0.06499999761581421,0.07000000029802322,600000,0.0,0.0
2009-08-20 00:00:00+08:00,0.07000000029802322,0.07500000298023224,0.07000000029802322,0.07500000298023224,329000,0.0,0.0
2009-08-21 00:00:00+08:00,0.07500000298023224,0.07500000298023224,0.07500000298023224,0.07500000298023224,0,0.0,0.0
2009-08-24 00:00:00+08:00,0.07500000298023224,0.07500000298023224,0.07500000298023224,0.07500000298023224,0,0.0,0.0
2009-08-25 00:00:00+08:00,0.07999999821186066,0.09000000357627869,0.07999999821186066,0.08500000089406967,880000,0.0,0.0
2009-08-26 00:00:00+08:00,0.08500000089406967,0.08500000089406967,0.08500000089406967,0.08500000089406967,0,0.0,0.0
2009-08-27 00:00:00+08:00,0.09000000357627869,0.10000000149011612,0.09000000357627869,0.10000000149011612,660000,0.0,0.0
2009-08-28 00:00:00+08:00,0.10499999672174454,0.14499999582767487,0.10499999672174454,0.12999999523162842,2071000,0.0,0.0
2009-08-31 00:00:00+08:00,0.12999999523162842,0.12999999523162842,0.12999999523162842,0.12999999523162842,0,0.0,0.0
2009-09-01 00:00:00+08:00,0.11999999731779099,0.13500000536441803,0.11999999731779099,0.13500000536441803,205000,0.0,0.0
2009-09-02 00:00:00+08:00,0.13500000536441803,0.13500000536441803,0.13500000536441803,0.13500000536441803,0,0.0,0.0
2009-09-03 00:00:00+08:00,0.14000000059604645,0.14000000059604645,0.12999999523162842,0.12999999523162842,1136000,0.0,0.0
2009-09-04 00:00:00+08:00,0.12999999523162842,0.12999999523162842,0.12999999523162842,0.12999999523162842,0,0.0,0.0
2009-09-07 00:00:00+08:00,0.12999999523162842,0.12999999523162842,0.12999999523162842,0.12999999523162842,0,0.0,0.0
2009-09-08 00:00:00+08:00,0.12999999523162842,0.12999999523162842,0.12999999523162842,0.12999999523162842,0,0.0,0.0
2009-09-09 00:00:00+08:00,0.10999999940395355,0.11999999731779099,0.10999999940395355,0.10999999940395355,65000,0.0,0.0
2009-09-10 00:00:00+08:00,0.10999999940395355,0.10999999940395355,0.10999999940395355,0.10999999940395355,0,0.0,0.0
2009-09-11 00:00:00+08:00,0.10999999940395355,0.10999999940395355,0.10999999940395355,0.10999999940395355,0,0.0,0.0
2009-09-14 00:00:00+08:00,0.10999999940395355,0.10999999940395355,0.10999999940395355,0.10999999940395355,0,0.0,0.0
2009-09-15 00:00:00+08:00,0.10999999940395355,0.10999999940395355,0.10999999940395355,0.10999999940395355,0,0.0,0.0
2009-09-16 00:00:00+08:00,0.10999999940395355,0.10999999940395355,0.10999999940395355,0.10999999940395355,0,0.0,0.0
2009-09-17 00:00:00+08:00,0.10999999940395355,0.10999999940395355,0.10999999940395355,0.10999999940395355,0,0.0,0.0
2009-09-18 00:00:00+08:00,0.10999999940395355,0.10999999940395355,0.10999999940395355,0.10999999940395355,0,0.0,0.0
2009-09-21 00:00:00+08:00,0.10999999940395355,0.10999999940395355,0.10999999940395355,0.10999999940395355,0,0.0,0.0
2009-09-22 00:00:00+08:00,0.10999999940395355,0.10999999940395355,0.10999999940395355,0.10999999940395355,0,0.0,0.0
2009-09-23 00:00:00+08:00,0.10499999672174454,0.10499999672174454,0.09000000357627869,0.10499999672174454,180000,0.0,0.0
2009-09-24 00:00:00+08:00,0.10499999672174454,0.10499999672174454,0.10499999672174454,0.10499999672174454,0,0.0,0.0
2009-09-25 00:00:00+08:00,0.10499999672174454,0.10499999672174454,0.10499999672174454,0.10499999672174454,0,0.0,0.0
2009-09-28 00:00:00+08:00,0.10499999672174454,0.10499999672174454,0.10499999672174454,0.10499999672174454,0,0.0,0.0
2009-09-29 00:00:00+08:00,0.10499999672174454,0.12999999523162842,0.10499999672174454,0.11500000208616257,1350000,0.0,0.0
2009-09-30 00:00:00+08:00,0.11500000208616257,0.11500000208616257,0.11500000208616257,0.11500000208616257,0,0.0,0.0
2009-10-01 00:00:00+08:00,0.11500000208616257,0.11500000208616257,0.11500000208616257,0.11500000208616257,0,0.0,0.0
2009-10-02 00:00:00+08:00,0.11500000208616257,0.11500000208616257,0.11500000208616257,0.11500000208616257,0,0.0,0.0
2009-10-05 00:00:00+08:00,0.11999999731779099,0.11999999731779099,0.10999999940395355,0.11999999731779099,1295000,0.0,0.0
2009-10-06 00:00:00+08:00,0.11999999731779099,0.11999999731779099,0.11999999731779099,0.11999999731779099,0,0.0,0.0
2009-10-07 00:00:00+08:00,0.10999999940395355,0.11500000208616257,0.10999999940395355,0.11500000208616257,150000,0.0,0.0
2009-10-08 00:00:00+08:00,0.11500000208616257,0.11500000208616257,0.11500000208616257,0.11500000208616257,0,0.0,0.0
2009-10-09 00:00:00+08:00,0.11500000208616257,0.11500000208616257,0.11500000208616257,0.11500000208616257,0,0.0,0.0
2009-10-12 00:00:00+08:00,0.10499999672174454,0.10999999940395355,0.10499999672174454,0.10999999940395355,266000,0.0,0.0
2009-10-13 00:00:00+08:00,0.10999999940395355,0.10999999940395355,0.10999999940395355,0.10999999940395355,0,0.0,0.0
2009-10-14 00:00:00+08:00,0.10999999940395355,0.10999999940395355,0.10999999940395355,0.10999999940395355,0,0.0,0.0
2009-10-15 00:00:00+08:00,0.10999999940395355,0.10999999940395355,0.10499999672174454,0.10499999672174454,280000,0.0,0.0
2009-10-16 00:00:00+08:00,0.10499999672174454,0.10499999672174454,0.10499999672174454,0.10499999672174454,0,0.0,0.0
2009-10-19 00:00:00+08:00,0.10499999672174454,0.10499999672174454,0.10499999672174454,0.10499999672174454,0,0.0,0.0
2009-10-20 00:00:00+08:00,0.10499999672174454,0.10499999672174454,0.10499999672174454,0.10499999672174454,0,0.0,0.0
2009-10-21 00:00:00+08:00,0.10499999672174454,0.10499999672174454,0.10499999672174454,0.10499999672174454,0,0.0,0.0
2009-10-22 00:00:00+08:00,0.10499999672174454,0.10499999672174454,0.10499999672174454,0.10499999672174454,0,0.0,0.0
2009-10-23 00:00:00+08:00,0.10499999672174454,0.10499999672174454,0.10499999672174454,0.10499999672174454,0,0.0,0.0
2009-10-26 00:00:00+08:00,0.10499999672174454,0.10499999672174454,0.10499999672174454,0.10499999672174454,0,0.0,0.0
2009-10-27 00:00:00+08:00,0.10499999672174454,0.10499999672174454,0.10499999672174454,0.10499999672174454,0,0.0,0.0
2009-10-28 00:00:00+08:00,0.10499999672174454,0.10499999672174454,0.10499999672174454,0.10499999672174454,0,0.0,0.0
2009-10-29 00:00:00+08:00,0.10499999672174454,0.13500000536441803,0.10499999672174454,0.11500000208616257,115000,0.0,0.0
2009-10-30 00:00:00+08:00,0.11500000208616257,0.11500000208616257,0.11500000208616257,0.11500000208616257,0,0.0,0.0
2009-11-02 00:00:00+08:00,0.11500000208616257,0.11500000208616257,0.11500000208616257,0.11500000208616257,0,0.0,0.0
2009-11-03 00:00:00+08:00,0.11500000208616257,0.11500000208616257,0.11500000208616257,0.11500000208616257,0,0.0,0.0
2009-11-04 00:00:00+08:00,0.11500000208616257,0.11500000208616257,0.11500000208616257,0.11500000208616257,0,0.0,0.0
2009-11-05 00:00:00+08:00,0.11500000208616257,0.11500000208616257,0.11500000208616257,0.11500000208616257,0,0.0,0.0
2009-11-06 00:00:00+08:00,0.14000000059604645,0.14000000059604645,0.11999999731779099,0.11999999731779099,77000,0.0,0.0
2009-11-09 00:00:00+08:00,0.11999999731779099,0.11999999731779099,0.11999999731779099,0.11999999731779099,0,0.0,0.0
2009-11-10 00:00:00+08:00,0.11999999731779099,0.11999999731779099,0.11999999731779099,0.11999999731779099,0,0.0,0.0
2009-11-11 00:00:00+08:00,0.11999999731779099,0.11999999731779099,0.11999999731779099,0.11999999731779099,0,0.0,0.0
2009-11-12 00:00:00+08:00,0.10000000149011612,0.11999999731779099,0.10000000149011612,0.11999999731779099,479000,0.0,0.0
2009-11-13 00:00:00+08:00,0.11999999731779099,0.125,0.11500000208616257,0.11500000208616257,760000,0.0,0.0
2009-11-17 00:00:00+08:00,0.11500000208616257,0.11500000208616257,0.11500000208616257,0.11500000208616257,0,0.0,0.0
2009-11-18 00:00:00+08:00,0.10999999940395355,0.10999999940395355,0.10499999672174454,0.10499999672174454,130000,0.0,0.0
2009-11-19 00:00:00+08:00,0.10499999672174454,0.10499999672174454,0.10499999672174454,0.10499999672174454,0,0.0,0.0
2009-11-20 00:00:00+08:00,0.10499999672174454,0.10499999672174454,0.10499999672174454,0.10499999672174454,0,0.0,0.0
2009-11-23 00:00:00+08:00,0.10499999672174454,0.10499999672174454,0.10499999672174454,0.10499999672174454,266000,0.0,0.0
2009-11-24 00:00:00+08:00,0.10999999940395355,0.12999999523162842,0.10999999940395355,0.12999999523162842,570000,0.0,0.0
2009-11-25 00:00:00+08:00,0.15000000596046448,0.15000000596046448,0.11999999731779099,0.12999999523162842,860000,0.0,0.0
2009-11-26 00:00:00+08:00,0.11999999731779099,0.11999999731779099,0.11500000208616257,0.11500000208616257,460000,0.0,0.0
2009-11-30 00:00:00+08:00,0.125,0.12999999523162842,0.125,0.12999999523162842,519000,0.0,0.0
2009-12-01 00:00:00+08:00,0.125,0.12999999523162842,0.125,0.125,545000,0.0,0.0
2009-12-02 00:00:00+08:00,0.12999999523162842,0.12999999523162842,0.125,0.125,410000,0.0,0.0
2009-12-03 00:00:00+08:00,0.125,0.125,0.11999999731779099,0.11999999731779099,100000,0.0,0.0
2009-12-04 00:00:00+08:00,0.11999999731779099,0.11999999731779099,0.11999999731779099,0.11999999731779099,0,0.0,0.0
2009-12-07 00:00:00+08:00,0.11500000208616257,0.125,0.10999999940395355,0.125,95000,0.0,0.0
2009-12-08 00:00:00+08:00,0.10999999940395355,0.10999999940395355,0.10999999940395355,0.10999999940395355,10000,0.0,0.0
2009-12-09 00:00:00+08:00,0.11500000208616257,0.11999999731779099,0.10999999940395355,0.10999999940395355,438000,0.0,0.0
2009-12-10 00:00:00+08:00,0.11500000208616257,0.11500000208616257,0.10999999940395355,0.10999999940395355,392000,0.0,0.0
2009-12-11 00:00:00+08:00,0.11500000208616257,0.11500000208616257,0.10499999672174454,0.10499999672174454,300000,0.0,0.0
2009-12-14 00:00:00+08:00,0.10499999672174454,0.10499999672174454,0.10499999672174454,0.10499999672174454,0,0.0,0.0
2009-12-15 00:00:00+08:00,0.10999999940395355,0.10999999940395355,0.10999999940395355,0.10999999940395355,405000,0.0,0.0
2009-12-16 00:00:00+08:00,0.10999999940395355,0.10999999940395355,0.10499999672174454,0.10999999940395355,435000,0.0,0.0
2009-12-17 00:00:00+08:00,0.10999999940395355,0.10999999940395355,0.10999999940395355,0.10999999940395355,165000,0.0,0.0
2009-12-18 00:00:00+08:00,0.10499999672174454,0.11500000208616257,0.10499999672174454,0.11500000208616257,10000,0.0,0.0
2009-12-21 00:00:00+08:00,0.11500000208616257,0.11500000208616257,0.11500000208616257,0.11500000208616257,0,0.0,0.0
2009-12-22 00:00:00+08:00,0.10499999672174454,0.10499999672174454,0.10499999672174454,0.10499999672174454,140000,0.0,0.0
2009-12-23 00:00:00+08:00,0.10000000149011612,0.11500000208616257,0.10000000149011612,0.11500000208616257,30000,0.0,0.0
2009-12-28 00:00:00+08:00,0.11500000208616257,0.11500000208616257,0.11500000208616257,0.11500000208616257,0,0.0,0.0
2009-12-29 00:00:00+08:00,0.11500000208616257,0.11500000208616257,0.11500000208616257,0.11500000208616257,0,0.0,0.0
2009-12-30 00:00:00+08:00,0.11500000208616257,0.11500000208616257,0.11500000208616257,0.11500000208616257,0,0.0,0.0
2010-01-04 00:00:00+08:00,0.11500000208616257,0.11500000208616257,0.11500000208616257,0.11500000208616257,80000,0.0,0.0
2010-01-05 00:00:00+08:00,0.10000000149011612,0.10999999940395355,0.10000000149011612,0.10999999940395355,114000,0.0,0.0
2010-01-06 00:00:00+08:00,0.10999999940395355,0.11500000208616257,0.10999999940395355,0.11500000208616257,201000,0.0,0.0
2010-01-07 00:00:00+08:00,0.10499999672174454,0.10999999940395355,0.10499999672174454,0.10999999940395355,120000,0.0,0.0
2010-01-08 00:00:00+08:00,0.10999999940395355,0.10999999940395355,0.10499999672174454,0.10499999672174454,565000,0.0,0.0
2010-01-11 00:00:00+08:00,0.10499999672174454,0.10499999672174454,0.0949999988079071,0.10499999672174454,605000,0.0,0.0
2010-01-12 00:00:00+08:00,0.10999999940395355,0.10999999940395355,0.10499999672174454,0.10499999672174454,710000,0.0,0.0
2010-01-13 00:00:00+08:00,0.10499999672174454,0.10499999672174454,0.10000000149011612,0.10000000149011612,101000,0.0,0.0
2010-01-14 00:00:00+08:00,0.10499999672174454,0.10499999672174454,0.10000000149011612,0.10000000149011612,397000,0.0,0.0
2010-01-15 00:00:00+08:00,0.10000000149011612,0.10000000149011612,0.10000000149011612,0.10000000149011612,200000,0.0,0.0
2010-01-18 00:00:00+08:00,0.10000000149011612,0.10000000149011612,0.10000000149011612,0.10000000149011612,170000,0.0,0.0
2010-01-19 00:00:00+08:00,0.10000000149011612,0.10000000149011612,0.10000000149011612,0.10000000149011612,0,0.0,0.0
2010-01-20 00:00:00+08:00,0.10000000149011612,0.10000000149011612,0.10000000149011612,0.10000000149011612,481000,0.0,0.0
2010-01-21 00:00:00+08:00,0.10000000149011612,0.10000000149011612,0.10000000149011612,0.10000000149011612,20000,0.0,0.0
2010-01-22 00:00:00+08:00,0.0949999988079071,0.0949999988079071,0.0949999988079071,0.0949999988079071,100000,0.0,0.0
2010-01-25 00:00:00+08:00,0.0949999988079071,0.0949999988079071,0.0949999988079071,0.0949999988079071,0,0.0,0.0
2010-01-26 00:00:00+08:00,0.09000000357627869,0.0949999988079071,0.08500000089406967,0.0949999988079071,216000,0.0,0.0
2010-01-27 00:00:00+08:00,0.08500000089406967,0.0949999988079071,0.08500000089406967,0.09000000357627869,73000,0.0,0.0
2010-01-28 00:00:00+08:00,0.09000000357627869,0.09000000357627869,0.09000000357627869,0.09000000357627869,0,0.0,0.0
2010-01-29 00:00:00+08:00,0.09000000357627869,0.09000000357627869,0.09000000357627869,0.09000000357627869,0,0.0,0.0
2010-02-01 00:00:00+08:00,0.09000000357627869,0.09000000357627869,0.09000000357627869,0.09000000357627869,0,0.0,0.0
2010-02-02 00:00:00+08:00,0.09000000357627869,0.09000000357627869,0.09000000357627869,0.09000000357627869,0,0.0,0.0
2010-02-03 00:00:00+08:00,0.07999999821186066,0.08500000089406967,0.07999999821186066,0.07999999821186066,365000,0.0,0.0
2010-02-04 00:00:00+08:00,0.07999999821186066,0.07999999821186066,0.07999999821186066,0.07999999821186066,80000,0.0,0.0
2010-02-05 00:00:00+08:00,0.07999999821186066,0.07999999821186066,0.07999999821186066,0.07999999821186066,0,0.0,0.0
2010-02-08 00:00:00+08:00,0.07999999821186066,0.07999999821186066,0.07999999821186066,0.07999999821186066,0,0.0,0.0
2010-02-09 00:00:00+08:00,0.07999999821186066,0.07999999821186066,0.07999999821186066,0.07999999821186066,0,0.0,0.0
2010-02-10 00:00:00+08:00,0.07999999821186066,0.07999999821186066,0.07999999821186066,0.07999999821186066,0,0.0,0.0
2010-02-11 00:00:00+08:00,0.07000000029802322,0.08500000089406967,0.07000000029802322,0.08500000089406967,10000,0.0,0.0
2010-02-12 00:00:00+08:00,0.08500000089406967,0.08500000089406967,0.08500000089406967,0.08500000089406967,0,0.0,0.0
2010-02-17 00:00:00+08:00,0.08500000089406967,0.08500000089406967,0.08500000089406967,0.08500000089406967,0,0.0,0.0
2010-02-18 00:00:00+08:00,0.08500000089406967,0.08500000089406967,0.08500000089406967,0.08500000089406967,0,0.0,0.0
2010-02-19 00:00:00+08:00,0.08500000089406967,0.08500000089406967,0.08500000089406967,0.08500000089406967,0,0.0,0.0
2010-02-22 00:00:00+08:00,0.07500000298023224,0.07500000298023224,0.07500000298023224,0.07500000298023224,1010000,0.0,0.0
2010-02-23 00:00:00+08:00,0.07999999821186066,0.07999999821186066,0.07500000298023224,0.07999999821186066,1330000,0.0,0.0
2010-02-24 00:00:00+08:00,0.07999999821186066,0.07999999821186066,0.07999999821186066,0.07999999821186066,0,0.0,0.0
2010-02-25 00:00:00+08:00,0.07999999821186066,0.08500000089406967,0.07999999821186066,0.08500000089406967,830000,0.0,0.0
2010-02-26 00:00:00+08:00,0.08500000089406967,0.08500000089406967,0.08500000089406967,0.08500000089406967,0,0.0,0.0
2010-03-01 00:00:00+08:00,0.07999999821186066,0.07999999821186066,0.07999999821186066,0.07999999821186066,125000,0.0,0.0
2010-03-02 00:00:00+08:00,0.07999999821186066,0.07999999821186066,0.07999999821186066,0.07999999821186066,150000,0.0,0.0
2010-03-03 00:00:00+08:00,0.07500000298023224,0.07500000298023224,0.07500000298023224,0.07500000298023224,455000,0.0,0.0
2010-03-04 00:00:00+08:00,0.07500000298023224,0.07999999821186066,0.07500000298023224,0.07999999821186066,1480000,0.0,0.0
2010-03-05 00:00:00+08:00,0.07999999821186066,0.07999999821186066,0.07999999821186066,0.07999999821186066,0,0.0,0.0
2010-03-08 00:00:00+08:00,0.07999999821186066,0.07999999821186066,0.07999999821186066,0.07999999821186066,0,0.0,0.0
2010-03-09 00:00:00+08:00,0.07999999821186066,0.07999999821186066,0.07999999821186066,0.07999999821186066,0,0.0,0.0
2010-03-10 00:00:00+08:00,0.07999999821186066,0.07999999821186066,0.07999999821186066,0.07999999821186066,0,0.0,0.0
2010-03-11 00:00:00+08:00,0.09000000357627869,0.09000000357627869,0.09000000357627869,0.09000000357627869,125000,0.0,0.0
2010-03-12 00:00:00+08:00,0.09000000357627869,0.09000000357627869,0.09000000357627869,0.09000000357627869,0,0.0,0.0
2010-03-15 00:00:00+08:00,0.08500000089406967,0.08500000089406967,0.08500000089406967,0.08500000089406967,200000,0.0,0.0
2010-03-16 00:00:00+08:00,0.09000000357627869,0.10000000149011612,0.09000000357627869,0.10000000149011612,809000,0.0,0.0
2010-03-17 00:00:00+08:00,0.10000000149011612,0.11500000208616257,0.10000000149011612,0.10999999940395355,1106000,0.0,0.0
2010-03-18 00:00:00+08:00,0.10999999940395355,0.10999999940395355,0.10499999672174454,0.10499999672174454,410000,0.0,0.0
2010-03-19 00:00:00+08:00,0.10499999672174454,0.10499999672174454,0.10499999672174454,0.10499999672174454,0,0.0,0.0
2010-03-22 00:00:00+08:00,0.10499999672174454,0.10499999672174454,0.10499999672174454,0.10499999672174454,0,0.0,0.0
2010-03-23 00:00:00+08:00,0.10000000149011612,0.10999999940395355,0.10000000149011612,0.10999999940395355,2000,0.0,0.0
2010-03-24 00:00:00+08:00,0.10499999672174454,0.10499999672174454,0.10499999672174454,0.10499999672174454,100000,0.0,0.0
2010-03-25 00:00:00+08:00,0.10000000149011612,0.10000000149011612,0.10000000149011612,0.10000000149011612,100000,0.0,0.0
2010-03-26 00:00:00+08:00,0.10000000149011612,0.10000000149011612,0.10000000149011612,0.10000000149011612,0,0.0,0.0
2010-03-29 00:00:00+08:00,0.10000000149011612,0.10499999672174454,0.10000000149011612,0.10000000149011612,310000,0.0,0.0
2010-03-30 00:00:00+08:00,0.10000000149011612,0.10000000149011612,0.10000000149011612,0.10000000149011612,70000,0.0,0.0
2010-03-31 00:00:00+08:00,0.10000000149011612,0.10000000149011612,0.10000000149011612,0.10000000149011612,120000,0.0,0.0
2010-04-01 00:00:00+08:00,0.10000000149011612,0.10000000149011612,0.10000000149011612,0.10000000149011612,0,0.0,0.0
2010-04-05 00:00:00+08:00,0.10999999940395355,0.10999999940395355,0.10999999940395355,0.10999999940395355,390000,0.0,0.0
2010-04-06 00:00:00+08:00,0.10999999940395355,0.10999999940395355,0.10999999940395355,0.10999999940395355,0,0.0,0.0
2010-04-07 00:00:00+08:00,0.10999999940395355,0.10999999940395355,0.10999999940395355,0.10999999940395355,0,0.0,0.0
2010-04-08 00:00:00+08:00,0.10499999672174454,0.10499999672174454,0.10499999672174454,0.10499999672174454,100000,0.0,0.0
2010-04-09 00:00:00+08:00,0.0949999988079071,0.10499999672174454,0.0949999988079071,0.10499999672174454,140000,0.0,0.0
2010-04-12 00:00:00+08:00,0.10499999672174454,0.10499999672174454,0.10000000149011612,0.10000000149011612,210000,0.0,0.0
2010-04-13 00:00:00+08:00,0.10000000149011612,0.10499999672174454,0.10000000149011612,0.10499999672174454,320000,0.0,0.0
2010-04-14 00:00:00+08:00,0.10000000149011612,0.10000000149011612,0.10000000149011612,0.10000000149011612,169000,0.0,0.0
2010-04-15 00:00:00+08:00,0.10000000149011612,0.10000000149011612,0.10000000149011612,0.10000000149011612,15000,0.0,0.0
2010-04-16 00:00:00+08:00,0.10000000149011612,0.10000000149011612,0.10000000149011612,0.10000000149011612,200000,0.0,0.0
2010-04-19 00:00:00+08:00,0.10000000149011612,0.10000000149011612,0.10000000149011612,0.10000000149011612,0,0.0,0.0
2010-04-20 00:00:00+08:00,0.10000000149011612,0.10499999672174454,0.10000000149011612,0.10499999672174454,250000,0.0,0.0
2010-04-21 00:00:00+08:00,0.10000000149011612,0.10000000149011612,0.10000000149011612,0.10000000149011612,1000,0.0,0.0
2010-04-22 00:00:00+08:00,0.10000000149011612,0.10000000149011612,0.10000000149011612,0.10000000149011612,100000,0.0,0.0
2010-04-23 00:00:00+08:00,0.10000000149011612,0.10000000149011612,0.10000000149011612,0.10000000149011612,85000,0.0,0.0
2010-04-26 00:00:00+08:00,0.10000000149011612,0.10499999672174454,0.10000000149011612,0.10499999672174454,10000,0.0,0.0
2010-04-27 00:00:00+08:00,0.10499999672174454,0.10499999672174454,0.10499999672174454,0.10499999672174454,0,0.0,0.0
2010-04-28 00:00:00+08:00,0.0949999988079071,0.0949999988079071,0.0949999988079071,0.0949999988079071,50000,0.0,0.0
2010-04-29 00:00:00+08:00,0.0949999988079071,0.0949999988079071,0.0949999988079071,0.0949999988079071,100000,0.0,0.0
2010-04-30 00:00:00+08:00,0.09000000357627869,0.0949999988079071,0.09000000357627869,0.09000000357627869,21284000,0.0,0.0
2010-05-03 00:00:00+08:00,0.09000000357627869,0.0949999988079071,0.09000000357627869,0.09000000357627869,36000,0.0,0.0
2010-05-04 00:00:00+08:00,0.0949999988079071,0.10499999672174454,0.0949999988079071,0.10000000149011612,5227000,0.0,0.0
2010-05-05 00:00:00+08:00,0.10000000149011612,0.10000000149011612,0.10000000149011612,0.10000000149011612,0,0.0,0.0
2010-05-06 00:00:00+08:00,0.09000000357627869,0.09000000357627869,0.09000000357627869,0.09000000357627869,541000,0.0,0.0
2010-05-07 00:00:00+08:00,0.09000000357627869,0.09000000357627869,0.09000000357627869,0.09000000357627869,260000,0.0,0.0
2010-05-10 00:00:00+08:00,0.09000000357627869,0.09000000357627869,0.09000000357627869,0.09000000357627869,50000,0.0,0.0
2010-05-11 00:00:00+08:00,0.08500000089406967,0.08500000089406967,0.08500000089406967,0.08500000089406967,387000,0.0,0.0
2010-05-12 00:00:00+08:00,0.08500000089406967,0.09000000357627869,0.08500000089406967,0.09000000357627869,363000,0.0,0.0
2010-05-13 00:00:00+08:00,0.09000000357627869,0.09000000357627869,0.09000000357627869,0.09000000357627869,0,0.0,0.0
2010-05-14 00:00:00+08:00,0.09000000357627869,0.09000000357627869,0.09000000357627869,0.09000000357627869,0,0.0,0.0
2010-05-17 00:00:00+08:00,0.09000000357627869,0.09000000357627869,0.09000000357627869,0.09000000357627869,0,0.0,0.0
2010-05-18 00:00:00+08:00,0.09000000357627869,0.09000000357627869,0.09000000357627869,0.09000000357627869,0,0.0,0.0
2010-05-19 00:00:00+08:00,0.08500000089406967,0.08500000089406967,0.08500000089406967,0.08500000089406967,50000,0.0,0.0
2010-05-20 00:00:00+08:00,0.08500000089406967,0.08500000089406967,0.08500000089406967,0.08500000089406967,100000,0.0,0.0
2010-05-21 00:00:00+08:00,0.08500000089406967,0.08500000089406967,0.08500000089406967,0.08500000089406967,50000,0.0,0.0
2010-05-24 00:00:00+08:00,0.07999999821186066,0.07999999821186066,0.07500000298023224,0.07999999821186066,684000,0.0,0.0
2010-05-25 00:00:00+08:00,0.07500000298023224,0.07500000298023224,0.07500000298023224,0.07500000298023224,50000,0.0,0.0
2010-05-26 00:00:00+08:00,0.07999999821186066,0.07999999821186066,0.07999999821186066,0.07999999821186066,16000,0.0,0.0
2010-05-27 00:00:00+08:00,0.07999999821186066,0.07999999821186066,0.07999999821186066,0.07999999821186066,25000,0.0,0.0
2010-05-31 00:00:00+08:00,0.07999999821186066,0.07999999821186066,0.07999999821186066,0.07999999821186066,0,0.0,0.0
2010-06-01 00:00:00+08:00,0.07999999821186066,0.07999999821186066,0.07999999821186066,0.07999999821186066,25000,0.0,0.0
2010-06-02 00:00:00+08:00,0.07999999821186066,0.07999999821186066,0.07999999821186066,0.07999999821186066,0,0.0,0.0
2010-06-03 00:00:00+08:00,0.07999999821186066,0.07999999821186066,0.07999999821186066,0.07999999821186066,0,0.0,0.0
2010-06-04 00:00:00+08:00,0.07999999821186066,0.07999999821186066,0.07999999821186066,0.07999999821186066,0,0.0,0.0
2010-06-07 00:00:00+08:00,0.07999999821186066,0.07999999821186066,0.07999999821186066,0.07999999821186066,0,0.0,0.0
2010-06-08 00:00:00+08:00,0.07999999821186066,0.07999999821186066,0.07999999821186066,0.07999999821186066,0,0.0,0.0
2010-06-09 00:00:00+08:00,0.07999999821186066,0.07999999821186066,0.07999999821186066,0.07999999821186066,0,0.0,0.0
2010-06-10 00:00:00+08:00,0.07999999821186066,0.07999999821186066,0.07999999821186066,0.07999999821186066,0,0.0,0.0
2010-06-11 00:00:00+08:00,0.07999999821186066,0.07999999821186066,0.07999999821186066,0.07999999821186066,0,0.0,0.0
2010-06-14 00:00:00+08:00,0.07999999821186066,0.07999999821186066,0.07999999821186066,0.07999999821186066,0,0.0,0.0
2010-06-15 00:00:00+08:00,0.07999999821186066,0.07999999821186066,0.07999999821186066,0.07999999821186066,509000,0.0,0.0
2010-06-16 00:00:00+08:00,0.07999999821186066,0.07999999821186066,0.07999999821186066,0.07999999821186066,0,0.0,0.0
2010-06-17 00:00:00+08:00,0.07999999821186066,0.07999999821186066,0.07999999821186066,0.07999999821186066,0,0.0,0.0
2010-06-18 00:00:00+08:00,0.07999999821186066,0.08500000089406967,0.07999999821186066,0.08500000089406967,49000,0.0,0.0
2010-06-21 00:00:00+08:00,0.08500000089406967,0.08500000089406967,0.08500000089406967,0.08500000089406967,100000,0.0,0.0
2010-06-22 00:00:00+08:00,0.08500000089406967,0.08500000089406967,0.08500000089406967,0.08500000089406967,0,0.0,0.0
2010-06-23 00:00:00+08:00,0.07999999821186066,0.07999999821186066,0.07999999821186066,0.07999999821186066,50000,0.0,0.0
2010-06-24 00:00:00+08:00,0.07999999821186066,0.07999999821186066,0.07999999821186066,0.07999999821186066,0,0.0,0.0
2010-06-25 00:00:00+08:00,0.07999999821186066,0.07999999821186066,0.07999999821186066,0.07999999821186066,183000,0.0,0.0
2010-06-28 00:00:00+08:00,0.07999999821186066,0.07999999821186066,0.07999999821186066,0.07999999821186066,0,0.0,0.0
2010-06-29 00:00:00+08:00,0.07999999821186066,0.07999999821186066,0.07999999821186066,0.07999999821186066,0,0.0,0.0
2010-06-30 00:00:00+08:00,0.07999999821186066,0.07999999821186066,0.07999999821186066,0.07999999821186066,0,0.0,0.0
2010-07-01 00:00:00+08:00,0.07999999821186066,0.07999999821186066,0.07999999821186066,0.07999999821186066,0,0.0,0.0
2010-07-02 00:00:00+08:00,0.07999999821186066,0.07999999821186066,0.07999999821186066,0.07999999821186066,0,0.0,0.0
2010-07-05 00:00:00+08:00,0.07999999821186066,0.07999999821186066,0.07999999821186066,0.07999999821186066,0,0.0,0.0
2010-07-06 00:00:00+08:00,0.07999999821186066,0.07999999821186066,0.07999999821186066,0.07999999821186066,0,0.0,0.0
2010-07-07 00:00:00+08:00,0.07999999821186066,0.07999999821186066,0.07999999821186066,0.07999999821186066,0,0.0,0.0
2010-07-08 00:00:00+08:00,0.07999999821186066,0.07999999821186066,0.07999999821186066,0.07999999821186066,0,0.0,0.0
2010-07-09 00:00:00+08:00,0.07999999821186066,0.07999999821186066,0.07999999821186066,0.07999999821186066,352000,0.0,0.0
2010-07-12 00:00:00+08:00,0.07999999821186066,0.07999999821186066,0.07999999821186066,0.07999999821186066,0,0.0,0.0
2010-07-13 00:00:00+08:00,0.07999999821186066,0.07999999821186066,0.07999999821186066,0.07999999821186066,68000,0.0,0.0
2010-07-14 00:00:00+08:00,0.07999999821186066,0.07999999821186066,0.07999999821186066,0.07999999821186066,0,0.0,0.0
2010-07-15 00:00:00+08:00,0.07999999821186066,0.07999999821186066,0.07999999821186066,0.07999999821186066,0,0.0,0.0
2010-07-16 00:00:00+08:00,0.07500000298023224,0.07500000298023224,0.07500000298023224,0.07500000298023224,50000,0.0,0.0
2010-07-19 00:00:00+08:00,0.07500000298023224,0.07500000298023224,0.07500000298023224,0.07500000298023224,97000,0.0,0.0
2010-07-20 00:00:00+08:00,0.07500000298023224,0.07500000298023224,0.07500000298023224,0.07500000298023224,0,0.0,0.0
2010-07-21 00:00:00+08:00,0.07500000298023224,0.07500000298023224,0.07500000298023224,0.07500000298023224,0,0.0,0.0
2010-07-22 00:00:00+08:00,0.07500000298023224,0.07500000298023224,0.07500000298023224,0.07500000298023224,0,0.0,0.0
2010-07-23 00:00:00+08:00,0.07500000298023224,0.07500000298023224,0.07500000298023224,0.07500000298023224,60000,0.0,0.0
2010-07-26 00:00:00+08:00,0.07500000298023224,0.07500000298023224,0.07500000298023224,0.07500000298023224,0,0.0,0.0
2010-07-27 00:00:00+08:00,0.07500000298023224,0.07500000298023224,0.07500000298023224,0.07500000298023224,0,0.0,0.0
2010-07-28 00:00:00+08:00,0.07500000298023224,0.07500000298023224,0.07500000298023224,0.07500000298023224,0,0.0,0.0
2010-07-29 00:00:00+08:00,0.07999999821186066,0.07999999821186066,0.07999999821186066,0.07999999821186066,136000,0.0,0.0
2010-07-30 00:00:00+08:00,0.07999999821186066,0.07999999821186066,0.07999999821186066,0.07999999821186066,0,0.0,0.0
2010-08-02 00:00:00+08:00,0.07999999821186066,0.07999999821186066,0.07999999821186066,0.07999999821186066,30000,0.0,0.0
2010-08-03 00:00:00+08:00,0.07999999821186066,0.07999999821186066,0.07999999821186066,0.07999999821186066,120000,0.0,0.0
2010-08-04 00:00:00+08:00,0.07999999821186066,0.07999999821186066,0.07999999821186066,0.07999999821186066,0,0.0,0.0
2010-08-05 00:00:00+08:00,0.07999999821186066,0.07999999821186066,0.07999999821186066,0.07999999821186066,320000,0.0,0.0
2010-08-06 00:00:00+08:00,0.08500000089406967,0.09000000357627869,0.07999999821186066,0.08500000089406967,651000,0.0,0.0
2010-08-10 00:00:00+08:00,0.08500000089406967,0.08500000089406967,0.08500000089406967,0.08500000089406967,220000,0.0,0.0
2010-08-11 00:00:00+08:00,0.07999999821186066,0.07999999821186066,0.07999999821186066,0.07999999821186066,20000,0.0,0.0
2010-08-12 00:00:00+08:00,0.07999999821186066,0.07999999821186066,0.07999999821186066,0.07999999821186066,230000,0.0,0.0
2010-08-13 00:00:00+08:00,0.07999999821186066,0.07999999821186066,0.07999999821186066,0.07999999821186066,0,0.0,0.0
2010-08-16 00:00:00+08:00,0.08500000089406967,0.09000000357627869,0.08500000089406967,0.09000000357627869,290000,0.0,0.0
2010-08-17 00:00:00+08:00,0.09000000357627869,0.09000000357627869,0.09000000357627869,0.09000000357627869,0,0.0,0.0
2010-08-18 00:00:00+08:00,0.08500000089406967,0.09000000357627869,0.08500000089406967,0.08500000089406967,305000,0.0,0.0
2010-08-19 00:00:00+08:00,0.08500000089406967,0.08500000089406967,0.08500000089406967,0.08500000089406967,0,0.0,0.0
2010-08-20 00:00:00+08:00,0.08500000089406967,0.08500000089406967,0.08500000089406967,0.08500000089406967,0,0.0,0.0
2010-08-23 00:00:00+08:00,0.08500000089406967,0.08500000089406967,0.08500000089406967,0.08500000089406967,50000,0.0,0.0
2010-08-24 00:00:00+08:00,0.08500000089406967,0.08500000089406967,0.08500000089406967,0.08500000089406967,0,0.0,0.0
2010-08-25 00:00:00+08:00,0.08500000089406967,0.08500000089406967,0.08500000089406967,0.08500000089406967,340000,0.0,0.0
2010-08-26 00:00:00+08:00,0.08500000089406967,0.08500000089406967,0.08500000089406967,0.08500000089406967,0,0.0,0.0
2010-08-27 00:00:00+08:00,0.08500000089406967,0.08500000089406967,0.08500000089406967,0.08500000089406967,60000,0.0,0.0
2010-08-30 00:00:00+08:00,0.08500000089406967,0.08500000089406967,0.08500000089406967,0.08500000089406967,90000,0.0,0.0
2010-08-31 00:00:00+08:00,0.08500000089406967,0.08500000089406967,0.08500000089406967,0.08500000089406967,0,0.0,0.0
2010-09-01 00:00:00+08:00,0.08500000089406967,0.08500000089406967,0.08500000089406967,0.08500000089406967,0,0.0,0.0
2010-09-02 00:00:00+08:00,0.07999999821186066,0.08500000089406967,0.07999999821186066,0.08500000089406967,201000,0.0,0.0
2010-09-03 00:00:00+08:00,0.08500000089406967,0.08500000089406967,0.08500000089406967,0.08500000089406967,0,0.0,0.0
2010-09-06 00:00:00+08:00,0.09000000357627869,0.0949999988079071,0.09000000357627869,0.0949999988079071,715000,0.0,0.0
2010-09-07 00:00:00+08:00,0.0949999988079071,0.0949999988079071,0.0949999988079071,0.0949999988079071,710000,0.0,0.0
2010-09-08 00:00:00+08:00,0.09000000357627869,0.09000000357627869,0.09000000357627869,0.09000000357627869,100000,0.0,0.0
2010-09-09 00:00:00+08:00,0.09000000357627869,0.09000000357627869,0.09000000357627869,0.09000000357627869,0,0.0,0.0
2010-09-13 00:00:00+08:00,0.09000000357627869,0.09000000357627869,0.09000000357627869,0.09000000357627869,0,0.0,0.0
2010-09-14 00:00:00+08:00,0.09000000357627869,0.09000000357627869,0.09000000357627869,0.09000000357627869,230000,0.0,0.0
2010-09-15 00:00:00+08:00,0.09000000357627869,0.09000000357627869,0.09000000357627869,0.09000000357627869,0,0.0,0.0
2010-09-16 00:00:00+08:00,0.09000000357627869,0.09000000357627869,0.09000000357627869,0.09000000357627869,600000,0.0,0.0
2010-09-17 00:00:00+08:00,0.09000000357627869,0.09000000357627869,0.09000000357627869,0.09000000357627869,260000,0.0,0.0
2010-09-20 00:00:00+08:00,0.09000000357627869,0.09000000357627869,0.09000000357627869,0.09000000357627869,0,0.0,0.0
2010-09-21 00:00:00+08:00,0.09000000357627869,0.09000000357627869,0.08500000089406967,0.08500000089406967,320000,0.0,0.0
2010-09-22 00:00:00+08:00,0.09000000357627869,0.09000000357627869,0.09000000357627869,0.09000000357627869,131000,0.0,0.0
2010-09-23 00:00:00+08:00,0.09000000357627869,0.09000000357627869,0.09000000357627869,0.09000000357627869,60000,0.0,0.0
2010-09-24 00:00:00+08:00,0.09000000357627869,0.09000000357627869,0.08500000089406967,0.08500000089406967,290000,0.0,0.0
2010-09-27 00:00:00+08:00,0.09000000357627869,0.09000000357627869,0.09000000357627869,0.09000000357627869,150000,0.0,0.0
2010-09-28 00:00:00+08:00,0.09000000357627869,0.09000000357627869,0.09000000357627869,0.09000000357627869,3390000,0.0,0.0
2010-09-29 00:00:00+08:00,0.09000000357627869,0.10999999940395355,0.09000000357627869,0.10000000149011612,1429000,0.0,0.0
2010-09-30 00:00:00+08:00,0.10499999672174454,0.10999999940395355,0.10000000149011612,0.10499999672174454,2346000,0.0,0.0
2010-10-01 00:00:00+08:00,0.10499999672174454,0.10499999672174454,0.10000000149011612,0.10000000149011612,644000,0.0,0.0
2010-10-04 00:00:00+08:00,0.10499999672174454,0.10499999672174454,0.10000000149011612,0.10000000149011612,754000,0.0,0.0
2010-10-05 00:00:00+08:00,0.10000000149011612,0.10000000149011612,0.10000000149011612,0.10000000149011612,774000,0.0,0.0
2010-10-06 00:00:00+08:00,0.10000000149011612,0.10499999672174454,0.10000000149011612,0.10499999672174454,226000,0.0,0.0
2010-10-07 00:00:00+08:00,0.10499999672174454,0.10499999672174454,0.0949999988079071,0.10000000149011612,1325000,0.0,0.0
2010-10-08 00:00:00+08:00,0.10000000149011612,0.10000000149011612,0.0949999988079071,0.0949999988079071,270000,0.0,0.0
2010-10-11 00:00:00+08:00,0.10000000149011612,0.10000000149011612,0.10000000149011612,0.10000000149011612,176000,0.0,0.0
2010-10-12 00:00:00+08:00,0.0949999988079071,0.0949999988079071,0.0949999988079071,0.0949999988079071,230000,0.0,0.0
2010-10-13 00:00:00+08:00,0.0949999988079071,0.0949999988079071,0.0949999988079071,0.0949999988079071,300000,0.0,0.0
2010-10-14 00:00:00+08:00,0.0949999988079071,0.10000000149011612,0.0949999988079071,0.10000000149011612,374000,0.0,0.0
2010-10-15 00:00:00+08:00,0.0949999988079071,0.0949999988079071,0.0949999988079071,0.0949999988079071,30000,0.0,0.0
2010-10-18 00:00:00+08:00,0.0949999988079071,0.0949999988079071,0.0949999988079071,0.0949999988079071,0,0.0,0.0
2010-10-19 00:00:00+08:00,0.0949999988079071,0.0949999988079071,0.0949999988079071,0.0949999988079071,70000,0.0,0.0
2010-10-20 00:00:00+08:00,0.09000000357627869,0.0949999988079071,0.09000000357627869,0.0949999988079071,21000,0.0,0.0
2010-10-21 00:00:00+08:00,0.0949999988079071,0.0949999988079071,0.0949999988079071,0.0949999988079071,0,0.0,0.0
2010-10-22 00:00:00+08:00,0.09000000357627869,0.09000000357627869,0.09000000357627869,0.09000000357627869,64000,0.0,0.0
2010-10-25 00:00:00+08:00,0.09000000357627869,0.09000000357627869,0.09000000357627869,0.09000000357627869,0,0.0,0.0
2010-10-26 00:00:00+08:00,0.09000000357627869,0.09000000357627869,0.09000000357627869,0.09000000357627869,30000,0.0,0.0
2010-10-27 00:00:00+08:00,0.09000000357627869,0.09000000357627869,0.09000000357627869,0.09000000357627869,0,0.0,0.0
2010-10-28 00:00:00+08:00,0.09000000357627869,0.09000000357627869,0.09000000357627869,0.09000000357627869,0,0.0,0.0
2010-10-29 00:00:00+08:00,0.09000000357627869,0.09000000357627869,0.09000000357627869,0.09000000357627869,0,0.0,0.0
2010-11-01 00:00:00+08:00,0.08500000089406967,0.09000000357627869,0.08500000089406967,0.09000000357627869,325000,0.0,0.0
2010-11-02 00:00:00+08:00,0.09000000357627869,0.09000000357627869,0.09000000357627869,0.09000000357627869,0,0.0,0.0
2010-11-03 00:00:00+08:00,0.08500000089406967,0.08500000089406967,0.08500000089406967,0.08500000089406967,68000,0.0,0.0
2010-11-04 00:00:00+08:00,0.08500000089406967,0.08500000089406967,0.08500000089406967,0.08500000089406967,0,0.0,0.0
2010-11-08 00:00:00+08:00,0.08500000089406967,0.08500000089406967,0.08500000089406967,0.08500000089406967,0,0.0,0.0
2010-11-09 00:00:00+08:00,0.08500000089406967,0.08500000089406967,0.08500000089406967,0.08500000089406967,0,0.0,0.0
2010-11-10 00:00:00+08:00,0.08500000089406967,0.08500000089406967,0.08500000089406967,0.08500000089406967,0,0.0,0.0
2010-11-11 00:00:00+08:00,0.08500000089406967,0.08500000089406967,0.08500000089406967,0.08500000089406967,185000,0.0,0.0
2010-11-12 00:00:00+08:00,0.08500000089406967,0.08500000089406967,0.08500000089406967,0.08500000089406967,0,0.0,0.0
2010-11-15 00:00:00+08:00,0.08500000089406967,0.08500000089406967,0.08500000089406967,0.08500000089406967,0,0.0,0.0
2010-11-16 00:00:00+08:00,0.08500000089406967,0.09000000357627869,0.08500000089406967,0.09000000357627869,150000,0.0,0.0
2010-11-18 00:00:00+08:00,0.08500000089406967,0.08500000089406967,0.08500000089406967,0.08500000089406967,100000,0.0,0.0
2010-11-19 00:00:00+08:00,0.08500000089406967,0.08500000089406967,0.08500000089406967,0.08500000089406967,0,0.0,0.0
2010-11-22 00:00:00+08:00,0.08500000089406967,0.08500000089406967,0.08500000089406967,0.08500000089406967,0,0.0,0.0
2010-11-23 00:00:00+08:00,0.08500000089406967,0.08500000089406967,0.07999999821186066,0.07999999821186066,352000,0.0,0.0
2010-11-24 00:00:00+08:00,0.07999999821186066,0.07999999821186066,0.07999999821186066,0.07999999821186066,50000,0.0,0.0
2010-11-25 00:00:00+08:00,0.07500000298023224,0.07999999821186066,0.07500000298023224,0.07999999821186066,235000,0.0,0.0
2010-11-26 00:00:00+08:00,0.07999999821186066,0.07999999821186066,0.07999999821186066,0.07999999821186066,0,0.0,0.0
2010-11-29 00:00:00+08:00,0.07500000298023224,0.07999999821186066,0.07500000298023224,0.07999999821186066,310000,0.0,0.0
2010-11-30 00:00:00+08:00,0.07500000298023224,0.07500000298023224,0.07500000298023224,0.07500000298023224,50000,0.0,0.0
2010-12-01 00:00:00+08:00,0.07500000298023224,0.07999999821186066,0.07500000298023224,0.07999999821186066,131000,0.0,0.0
2010-12-02 00:00:00+08:00,0.07999999821186066,0.07999999821186066,0.07999999821186066,0.07999999821186066,220000,0.0,0.0
2010-12-03 00:00:00+08:00,0.07999999821186066,0.07999999821186066,0.07999999821186066,0.07999999821186066,0,0.0,0.0
2010-12-06 00:00:00+08:00,0.07999999821186066,0.07999999821186066,0.07999999821186066,0.07999999821186066,0,0.0,0.0
2010-12-07 00:00:00+08:00,0.07999999821186066,0.07999999821186066,0.07999999821186066,0.07999999821186066,0,0.0,0.0
2010-12-08 00:00:00+08:00,0.07999999821186066,0.07999999821186066,0.07999999821186066,0.07999999821186066,0,0.0,0.0
2010-12-09 00:00:00+08:00,0.09000000357627869,0.0949999988079071,0.09000000357627869,0.09000000357627869,282000,0.0,0.0
2010-12-10 00:00:00+08:00,0.07999999821186066,0.09000000357627869,0.07999999821186066,0.08500000089406967,262000,0.0,0.0
2010-12-13 00:00:00+08:00,0.07999999821186066,0.07999999821186066,0.07999999821186066,0.07999999821186066,400000,0.0,0.0
2010-12-14 00:00:00+08:00,0.07999999821186066,0.07999999821186066,0.07999999821186066,0.07999999821186066,0,0.0,0.0
2010-12-15 00:00:00+08:00,0.07999999821186066,0.07999999821186066,0.07999999821186066,0.07999999821186066,0,0.0,0.0
2010-12-16 00:00:00+08:00,0.07999999821186066,0.07999999821186066,0.07999999821186066,0.07999999821186066,0,0.0,0.0
2010-12-17 00:00:00+08:00,0.07999999821186066,0.07999999821186066,0.07999999821186066,0.07999999821186066,0,0.0,0.0
2010-12-20 00:00:00+08:00,0.07999999821186066,0.07999999821186066,0.07999999821186066,0.07999999821186066,300000,0.0,0.0
2010-12-21 00:00:00+08:00,0.07999999821186066,0.07999999821186066,0.07999999821186066,0.07999999821186066,0,0.0,0.0
2010-12-22 00:00:00+08:00,0.07999999821186066,0.07999999821186066,0.07999999821186066,0.07999999821186066,100000,0.0,0.0
2010-12-23 00:00:00+08:00,0.07999999821186066,0.07999999821186066,0.07999999821186066,0.07999999821186066,0,0.0,0.0
2010-12-24 00:00:00+08:00,0.07999999821186066,0.07999999821186066,0.07999999821186066,0.07999999821186066,0,0.0,0.0
2010-12-27 00:00:00+08:00,0.07999999821186066,0.07999999821186066,0.07999999821186066,0.07999999821186066,102000,0.0,0.0
2010-12-28 00:00:00+08:00,0.07999999821186066,0.07999999821186066,0.07999999821186066,0.07999999821186066,200000,0.0,0.0
2010-12-29 00:00:00+08:00,0.07500000298023224,0.07999999821186066,0.07500000298023224,0.07999999821186066,421000,0.0,0.0
2010-12-30 00:00:00+08:00,0.07999999821186066,0.07999999821186066,0.07999999821186066,0.07999999821186066,0,0.0,0.0
2010-12-31 00:00:00+08:00,0.07999999821186066,0.07999999821186066,0.07999999821186066,0.07999999821186066,0,0.0,0.0
2011-01-03 00:00:00+08:00,0.07999999821186066,0.07999999821186066,0.07999999821186066,0.07999999821186066,701000,0.0,0.0
2011-01-04 00:00:00+08:00,0.07999999821186066,0.07999999821186066,0.07999999821186066,0.07999999821186066,600000,0.0,0.0
2011-01-05 00:00:00+08:00,0.07999999821186066,0.07999999821186066,0.07999999821186066,0.07999999821186066,300000,0.0,0.0
2011-01-06 00:00:00+08:00,0.07500000298023224,0.07999999821186066,0.07500000298023224,0.07999999821186066,384000,0.0,0.0
2011-01-07 00:00:00+08:00,0.07999999821186066,0.07999999821186066,0.07500000298023224,0.07500000298023224,302000,0.0,0.0
2011-01-10 00:00:00+08:00,0.07500000298023224,0.07999999821186066,0.07500000298023224,0.07999999821186066,302000,0.0,0.0
2011-01-11 00:00:00+08:00,0.07999999821186066,0.07999999821186066,0.07999999821186066,0.07999999821186066,150000,0.0,0.0
2011-01-12 00:00:00+08:00,0.07999999821186066,0.07999999821186066,0.07999999821186066,0.07999999821186066,0,0.0,0.0
2011-01-13 00:00:00+08:00,0.07999999821186066,0.07999999821186066,0.07999999821186066,0.07999999821186066,150000,0.0,0.0
2011-01-14 00:00:00+08:00,0.07999999821186066,0.07999999821186066,0.07999999821186066,0.07999999821186066,0,0.0,0.0
2011-01-17 00:00:00+08:00,0.07999999821186066,0.07999999821186066,0.07999999821186066,0.07999999821186066,200000,0.0,0.0
2011-01-18 00:00:00+08:00,0.07999999821186066,0.07999999821186066,0.07999999821186066,0.07999999821186066,0,0.0,0.0
2011-01-19 00:00:00+08:00,0.07999999821186066,0.07999999821186066,0.07999999821186066,0.07999999821186066,0,0.0,0.0
2011-01-20 00:00:00+08:00,0.07999999821186066,0.07999999821186066,0.07999999821186066,0.07999999821186066,200000,0.0,0.0
2011-01-21 00:00:00+08:00,0.07999999821186066,0.07999999821186066,0.07999999821186066,0.07999999821186066,0,0.0,0.0
2011-01-24 00:00:00+08:00,0.08500000089406967,0.08500000089406967,0.07999999821186066,0.07999999821186066,399000,0.0,0.0
2011-01-25 00:00:00+08:00,0.07999999821186066,0.07999999821186066,0.07999999821186066,0.07999999821186066,100000,0.0,0.0
2011-01-26 00:00:00+08:00,0.07999999821186066,0.07999999821186066,0.07999999821186066,0.07999999821186066,0,0.0,0.0
2011-01-27 00:00:00+08:00,0.07999999821186066,0.07999999821186066,0.07999999821186066,0.07999999821186066,0,0.0,0.0
2011-01-28 00:00:00+08:00,0.07999999821186066,0.07999999821186066,0.07999999821186066,0.07999999821186066,0,0.0,0.0
2011-01-31 00:00:00+08:00,0.07999999821186066,0.07999999821186066,0.07999999821186066,0.07999999821186066,0,0.0,0.0
2011-02-01 00:00:00+08:00,0.07999999821186066,0.07999999821186066,0.07999999821186066,0.07999999821186066,0,0.0,0.0
2011-02-02 00:00:00+08:00,0.07999999821186066,0.07999999821186066,0.07999999821186066,0.07999999821186066,0,0.0,0.0
2011-02-07 00:00:00+08:00,0.07999999821186066,0.07999999821186066,0.07999999821186066,0.07999999821186066,250000,0.0,0.0
2011-02-08 00:00:00+08:00,0.07999999821186066,0.07999999821186066,0.07999999821186066,0.07999999821186066,0,0.0,0.0
2011-02-09 00:00:00+08:00,0.07999999821186066,0.07999999821186066,0.07999999821186066,0.07999999821186066,0,0.0,0.0
2011-02-10 00:00:00+08:00,0.07500000298023224,0.07500000298023224,0.07500000298023224,0.07500000298023224,50000,0.0,0.0
2011-02-11 00:00:00+08:00,0.07999999821186066,0.07999999821186066,0.07999999821186066,0.07999999821186066,198000,0.0,0.0
2011-02-14 00:00:00+08:00,0.07999999821186066,0.07999999821186066,0.07999999821186066,0.07999999821186066,200000,0.0,0.0
2011-02-15 00:00:00+08:00,0.07999999821186066,0.07999999821186066,0.07999999821186066,0.07999999821186066,300000,0.0,0.0
2011-02-16 00:00:00+08:00,0.07999999821186066,0.07999999821186066,0.07999999821186066,0.07999999821186066,0,0.0,0.0
2011-02-17 00:00:00+08:00,0.07999999821186066,0.08500000089406967,0.07999999821186066,0.08500000089406967,1366000,0.0,0.0
2011-02-18 00:00:00+08:00,0.07999999821186066,0.07999999821186066,0.07999999821186066,0.07999999821186066,800000,0.0,0.0
2011-02-21 00:00:00+08:00,0.08500000089406967,0.08500000089406967,0.08500000089406967,0.08500000089406967,235000,0.0,0.0
2011-02-22 00:00:00+08:00,0.07999999821186066,0.07999999821186066,0.07999999821186066,0.07999999821186066,1726000,0.0,0.0
2011-02-23 00:00:00+08:00,0.07999999821186066,0.07999999821186066,0.07999999821186066,0.07999999821186066,0,0.0,0.0
2011-02-24 00:00:00+08:00,0.07999999821186066,0.07999999821186066,0.07999999821186066,0.07999999821186066,0,0.0,0.0
2011-02-25 00:00:00+08:00,0.07999999821186066,0.07999999821186066,0.07999999821186066,0.07999999821186066,250000,0.0,0.0
2011-02-28 00:00:00+08:00,0.07999999821186066,0.07999999821186066,0.07500000298023224,0.07500000298023224,131000,0.0,0.0
2011-03-01 00:00:00+08:00,0.07500000298023224,0.07500000298023224,0.07500000298023224,0.07500000298023224,70000,0.0,0.0
2011-03-02 00:00:00+08:00,0.07500000298023224,0.07500000298023224,0.07500000298023224,0.07500000298023224,400000,0.0,0.0
2011-03-03 00:00:00+08:00,0.07500000298023224,0.07500000298023224,0.07500000298023224,0.07500000298023224,0,0.0,0.0
2011-03-04 00:00:00+08:00,0.07500000298023224,0.07500000298023224,0.07500000298023224,0.07500000298023224,0,0.0,0.0
2011-03-07 00:00:00+08:00,0.07500000298023224,0.07500000298023224,0.07500000298023224,0.07500000298023224,0,0.0,0.0
2011-03-08 00:00:00+08:00,0.07500000298023224,0.07500000298023224,0.07500000298023224,0.07500000298023224,0,0.0,0.0
2011-03-09 00:00:00+08:00,0.07500000298023224,0.07500000298023224,0.07500000298023224,0.07500000298023224,0,0.0,0.0
2011-03-10 00:00:00+08:00,0.07500000298023224,0.07500000298023224,0.07500000298023224,0.07500000298023224,0,0.0,0.0
2011-03-11 00:00:00+08:00,0.07500000298023224,0.07500000298023224,0.07500000298023224,0.07500000298023224,0,0.0,0.0
2011-03-14 00:00:00+08:00,0.07500000298023224,0.07500000298023224,0.07500000298023224,0.07500000298023224,0,0.0,0.0
2011-03-15 00:00:00+08:00,0.07500000298023224,0.07500000298023224,0.07500000298023224,0.07500000298023224,0,0.0,0.0
2011-03-16 00:00:00+08:00,0.07000000029802322,0.07000000029802322,0.07000000029802322,0.07000000029802322,50000,0.0,0.0
2011-03-17 00:00:00+08:00,0.07000000029802322,0.07000000029802322,0.07000000029802322,0.07000000029802322,200000,0.0,0.0
2011-03-18 00:00:00+08:00,0.07000000029802322,0.07999999821186066,0.07000000029802322,0.07999999821186066,12000,0.0,0.0
2011-03-21 00:00:00+08:00,0.07999999821186066,0.07999999821186066,0.07999999821186066,0.07999999821186066,0,0.0,0.0
2011-03-22 00:00:00+08:00,0.07999999821186066,0.07999999821186066,0.07999999821186066,0.07999999821186066,0,0.0,0.0
2011-03-23 00:00:00+08:00,0.07500000298023224,0.07500000298023224,0.07500000298023224,0.07500000298023224,30000,0.0,0.0
2011-03-24 00:00:00+08:00,0.07500000298023224,0.07500000298023224,0.07500000298023224,0.07500000298023224,0,0.0,0.0
2011-03-25 00:00:00+08:00,0.07500000298023224,0.07500000298023224,0.07500000298023224,0.07500000298023224,20000,0.0,0.0
2011-03-28 00:00:00+08:00,0.07500000298023224,0.07500000298023224,0.07500000298023224,0.07500000298023224,0,0.0,0.0
2011-03-29 00:00:00+08:00,0.07999999821186066,0.07999999821186066,0.07999999821186066,0.07999999821186066,100000,0.0,0.0
2011-03-30 00:00:00+08:00,0.07999999821186066,0.07999999821186066,0.07999999821186066,0.07999999821186066,335000,0.0,0.0
2011-03-31 00:00:00+08:00,0.07999999821186066,0.07999999821186066,0.07999999821186066,0.07999999821186066,100000,0.0,0.0
2011-04-01 00:00:00+08:00,0.07999999821186066,0.07999999821186066,0.07999999821186066,0.07999999821186066,0,0.0,0.0
2011-04-04 00:00:00+08:00,0.07999999821186066,0.07999999821186066,0.07999999821186066,0.07999999821186066,0,0.0,0.0
2011-04-05 00:00:00+08:00,0.07999999821186066,0.07999999821186066,0.07999999821186066,0.07999999821186066,0,0.0,0.0
2011-04-06 00:00:00+08:00,0.07999999821186066,0.07999999821186066,0.07999999821186066,0.07999999821186066,0,0.0,0.0
2011-04-07 00:00:00+08:00,0.07999999821186066,0.07999999821186066,0.07999999821186066,0.07999999821186066,0,0.0,0.0
2011-04-08 00:00:00+08:00,0.07500000298023224,0.07999999821186066,0.07500000298023224,0.07999999821186066,189000,0.0,0.0
2011-04-11 00:00:00+08:00,0.07999999821186066,0.07999999821186066,0.07999999821186066,0.07999999821186066,1000000,0.0,0.0
2011-04-12 00:00:00+08:00,0.07999999821186066,0.07999999821186066,0.07999999821186066,0.07999999821186066,570000,0.0,0.0
2011-04-13 00:00:00+08:00,0.07999999821186066,0.07999999821186066,0.07999999821186066,0.07999999821186066,691000,0.0,0.0
2011-04-14 00:00:00+08:00,0.07999999821186066,0.07999999821186066,0.07999999821186066,0.07999999821186066,0,0.0,0.0
2011-04-15 00:00:00+08:00,0.09000000357627869,0.0949999988079071,0.09000000357627869,0.0949999988079071,2349000,0.0,0.0
2011-04-18 00:00:00+08:00,0.10000000149011612,0.11500000208616257,0.10000000149011612,0.10999999940395355,10930000,0.0,0.0
2011-04-19 00:00:00+08:00,0.10499999672174454,0.11500000208616257,0.10499999672174454,0.11500000208616257,2384000,0.0,0.0
2011-04-20 00:00:00+08:00,0.11500000208616257,0.11999999731779099,0.10999999940395355,0.11500000208616257,4090000,0.0,0.0
2011-04-21 00:00:00+08:00,0.11500000208616257,0.11999999731779099,0.11500000208616257,0.11500000208616257,5203000,0.0,0.0
2011-04-25 00:00:00+08:00,0.11999999731779099,0.11999999731779099,0.10999999940395355,0.10999999940395355,3316000,0.0,0.0
2011-04-26 00:00:00+08:00,0.10999999940395355,0.11500000208616257,0.10999999940395355,0.10999999940395355,4851000,0.0,0.0
2011-04-27 00:00:00+08:00,0.10999999940395355,0.10999999940395355,0.10499999672174454,0.10499999672174454,1393000,0.0,0.0
2011-04-28 00:00:00+08:00,0.10499999672174454,0.10499999672174454,0.10000000149011612,0.10499999672174454,3052000,0.0,0.0
2011-04-29 00:00:00+08:00,0.10000000149011612,0.10499999672174454,0.0949999988079071,0.10000000149011612,2075000,0.0,0.0
2011-05-03 00:00:00+08:00,0.0949999988079071,0.0949999988079071,0.0949999988079071,0.0949999988079071,1031000,0.0,0.0
2011-05-04 00:00:00+08:00,0.0949999988079071,0.0949999988079071,0.09000000357627869,0.09000000357627869,230000,0.0,0.0
2011-05-05 00:00:00+08:00,0.0949999988079071,0.10000000149011612,0.0949999988079071,0.10000000149011612,1492000,0.0,0.0
2011-05-06 00:00:00+08:00,0.10000000149011612,0.10000000149011612,0.10000000149011612,0.10000000149011612,0,0.0,0.0
2011-05-09 00:00:00+08:00,0.10000000149011612,0.10000000149011612,0.10000000149011612,0.10000000149011612,15000,0.0,0.0
2011-05-10 00:00:00+08:00,0.0949999988079071,0.0949999988079071,0.0949999988079071,0.0949999988079071,150000,0.0,0.0
2011-05-11 00:00:00+08:00,0.0949999988079071,0.0949999988079071,0.0949999988079071,0.0949999988079071,911000,0.0,0.0
2011-05-12 00:00:00+08:00,0.0949999988079071,0.0949999988079071,0.0949999988079071,0.0949999988079071,679000,0.0,0.0
2011-05-13 00:00:00+08:00,0.09000000357627869,0.0949999988079071,0.09000000357627869,0.0949999988079071,1103000,0.0,0.0
2011-05-16 00:00:00+08:00,0.0949999988079071,0.0949999988079071,0.0949999988079071,0.0949999988079071,850000,0.0,0.0
2011-05-18 00:00:00+08:00,0.0949999988079071,0.0949999988079071,0.0949999988079071,0.0949999988079071,573000,0.0,0.0
2011-05-19 00:00:00+08:00,0.0949999988079071,0.0949999988079071,0.0949999988079071,0.0949999988079071,650000,0.0,0.0
2011-05-20 00:00:00+08:00,0.0949999988079071,0.0949999988079071,0.0949999988079071,0.0949999988079071,300000,0.0,0.0
2011-05-23 00:00:00+08:00,0.09000000357627869,0.09000000357627869,0.09000000357627869,0.09000000357627869,879000,0.0,0.0
2011-05-24 00:00:00+08:00,0.0949999988079071,0.0949999988079071,0.0949999988079071,0.0949999988079071,100000,0.0,0.0
2011-05-25 00:00:00+08:00,0.0949999988079071,0.10000000149011612,0.0949999988079071,0.10000000149011612,2293000,0.0,0.0
2011-05-26 00:00:00+08:00,0.10000000149011612,0.10999999940395355,0.10000000149011612,0.10999999940395355,969000,0.0,0.0
2011-05-27 00:00:00+08:00,0.10499999672174454,0.11999999731779099,0.10499999672174454,0.11500000208616257,7514000,0.0,0.0
2011-05-30 00:00:00+08:00,0.11500000208616257,0.11500000208616257,0.10999999940395355,0.10999999940395355,1670000,0.0,0.0
2011-05-31 00:00:00+08:00,0.10999999940395355,0.10999999940395355,0.10999999940395355,0.10999999940395355,750000,0.0,0.0
2011-06-01 00:00:00+08:00,0.10999999940395355,0.10999999940395355,0.10499999672174454,0.10999999940395355,420000,0.0,0.0
2011-06-02 00:00:00+08:00,0.10499999672174454,0.10499999672174454,0.10499999672174454,0.10499999672174454,383000,0.0,0.0
2011-06-03 00:00:00+08:00,0.10499999672174454,0.10499999672174454,0.10499999672174454,0.10499999672174454,480000,0.0,0.0
2011-06-06 00:00:00+08:00,0.10499999672174454,0.10999999940395355,0.10499999672174454,0.10999999940395355,2362000,0.0,0.0
2011-06-07 00:00:00+08:00,0.10999999940395355,0.10999999940395355,0.10999999940395355,0.10999999940395355,1693000,0.0,0.0
2011-06-08 00:00:00+08:00,0.11500000208616257,0.14499999582767487,0.11500000208616257,0.13500000536441803,16562000,0.0,0.0
2011-06-09 00:00:00+08:00,0.14000000059604645,0.15000000596046448,0.13500000536441803,0.14000000059604645,11418000,0.0,0.0
2011-06-10 00:00:00+08:00,0.14000000059604645,0.14000000059604645,0.12999999523162842,0.12999999523162842,3776000,0.0,0.0
2011-06-13 00:00:00+08:00,0.12999999523162842,0.14000000059604645,0.12999999523162842,0.12999999523162842,4910000,0.0,0.0
2011-06-14 00:00:00+08:00,0.13500000536441803,0.14000000059604645,0.13500000536441803,0.13500000536441803,3694000,0.0,0.0
2011-06-15 00:00:00+08:00,0.13500000536441803,0.1550000011920929,0.13500000536441803,0.14499999582767487,22157000,0.0,0.0
2011-06-16 00:00:00+08:00,0.14000000059604645,0.14000000059604645,0.12999999523162842,0.13500000536441803,9422000,0.0,0.0
2011-06-17 00:00:00+08:00,0.13500000536441803,0.14000000059604645,0.11500000208616257,0.11500000208616257,24230000,0.0,0.0
2011-06-20 00:00:00+08:00,0.10499999672174454,0.11500000208616257,0.10000000149011612,0.10499999672174454,20712000,0.0,0.0
2011-06-21 00:00:00+08:00,0.10499999672174454,0.11500000208616257,0.10499999672174454,0.10999999940395355,3287000,0.0,0.0
2011-06-22 00:00:00+08:00,0.10999999940395355,0.10999999940395355,0.10499999672174454,0.10499999672174454,3899000,0.0,0.0
2011-06-23 00:00:00+08:00,0.10499999672174454,0.10999999940395355,0.10499999672174454,0.10499999672174454,1314000,0.0,0.0
2011-06-24 00:00:00+08:00,0.10999999940395355,0.10999999940395355,0.10499999672174454,0.10499999672174454,2298000,0.0,0.0
2011-06-27 00:00:00+08:00,0.10499999672174454,0.11999999731779099,0.10499999672174454,0.11500000208616257,16678000,0.0,0.0
2011-06-28 00:00:00+08:00,0.11999999731779099,0.11999999731779099,0.11500000208616257,0.11999999731779099,7752000,0.0,0.0
2011-06-29 00:00:00+08:00,0.11999999731779099,0.11999999731779099,0.11500000208616257,0.11500000208616257,9425000,0.0,0.0
2011-06-30 00:00:00+08:00,0.11500000208616257,0.11500000208616257,0.11500000208616257,0.11500000208616257,4313000,0.0,0.0
2011-07-01 00:00:00+08:00,0.11999999731779099,0.12999999523162842,0.11999999731779099,0.125,20785000,0.0,0.0
2011-07-04 00:00:00+08:00,0.12399999797344208,0.12399999797344208,0.11900000274181366,0.11900000274181366,4670000,0.0,0.0
2011-07-05 00:00:00+08:00,0.11500000208616257,0.11500000208616257,0.1120000034570694,0.1120000034570694,2320000,0.0,0.0
2011-07-06 00:00:00+08:00,0.11299999803304672,0.11500000208616257,0.10999999940395355,0.11100000143051147,2159000,0.0,0.0
2011-07-07 00:00:00+08:00,0.11100000143051147,0.11400000005960464,0.11100000143051147,0.11299999803304672,1160000,0.0,0.0
2011-07-08 00:00:00+08:00,0.1120000034570694,0.11400000005960464,0.10899999737739563,0.11299999803304672,3685000,0.0,0.0
2011-07-11 00:00:00+08:00,0.1120000034570694,0.1120000034570694,0.10999999940395355,0.1120000034570694,4045000,0.0,0.0
2011-07-12 00:00:00+08:00,0.10999999940395355,0.1120000034570694,0.10999999940395355,0.10999999940395355,2984000,0.0,0.0
2011-07-13 00:00:00+08:00,0.11100000143051147,0.12300000339746475,0.11100000143051147,0.11999999731779099,10669000,0.0,0.0
2011-07-14 00:00:00+08:00,0.11999999731779099,0.11999999731779099,0.11400000005960464,0.11699999868869781,3826000,0.0,0.0
2011-07-15 00:00:00+08:00,0.11599999666213989,0.11699999868869781,0.11500000208616257,0.11500000208616257,1978000,0.0,0.0
2011-07-18 00:00:00+08:00,0.11500000208616257,0.11500000208616257,0.1120000034570694,0.1120000034570694,1034000,0.0,0.0
2011-07-19 00:00:00+08:00,0.1120000034570694,0.11400000005960464,0.1120000034570694,0.11400000005960464,880000,0.0,0.0
2011-07-20 00:00:00+08:00,0.11400000005960464,0.11599999666213989,0.11299999803304672,0.11400000005960464,1469000,0.0,0.0
2011-07-21 00:00:00+08:00,0.11500000208616257,0.11999999731779099,0.11400000005960464,0.11800000071525574,7297000,0.0,0.0
2011-07-22 00:00:00+08:00,0.11900000274181366,0.12300000339746475,0.11900000274181366,0.11999999731779099,6727000,0.0,0.0
2011-07-25 00:00:00+08:00,0.11500000208616257,0.11900000274181366,0.11100000143051147,0.11800000071525574,1410000,0.0,0.0
2011-07-26 00:00:00+08:00,0.11599999666213989,0.11999999731779099,0.11599999666213989,0.11800000071525574,390000,0.0,0.0
2011-07-27 00:00:00+08:00,0.11800000071525574,0.12300000339746475,0.11800000071525574,0.11999999731779099,6568000,0.0,0.0
2011-07-28 00:00:00+08:00,0.11900000274181366,0.12600000202655792,0.11900000274181366,0.125,7294000,0.0,0.0
2011-07-29 00:00:00+08:00,0.12399999797344208,0.12800000607967377,0.12099999934434891,0.12099999934434891,6487000,0.0,0.0
2011-08-01 00:00:00+08:00,0.12200000137090683,0.12200000137090683,0.11900000274181366,0.11900000274181366,1759000,0.0,0.0
2011-08-02 00:00:00+08:00,0.11999999731779099,0.11999999731779099,0.11500000208616257,0.11500000208616257,3569000,0.0,0.0
2011-08-03 00:00:00+08:00,0.11400000005960464,0.11699999868869781,0.11100000143051147,0.11699999868869781,2149000,0.0,0.0
2011-08-04 00:00:00+08:00,0.11500000208616257,0.11500000208616257,0.1120000034570694,0.1120000034570694,2894000,0.0,0.0
2011-08-05 00:00:00+08:00,0.10499999672174454,0.10700000077486038,0.10300000011920929,0.10599999874830246,6955000,0.0,0.0
2011-08-08 00:00:00+08:00,0.10100000351667404,0.10499999672174454,0.0989999994635582,0.10100000351667404,1687000,0.0,0.0
2011-08-10 00:00:00+08:00,0.10300000011920929,0.10300000011920929,0.09000000357627869,0.09099999815225601,4067000,0.0,0.0
2011-08-11 00:00:00+08:00,0.07900000363588333,0.0949999988079071,0.07900000363588333,0.09000000357627869,4929000,0.0,0.0
2011-08-12 00:00:00+08:00,0.09300000220537186,0.09300000220537186,0.09099999815225601,0.09099999815225601,1260000,0.0,0.0
2011-08-15 00:00:00+08:00,0.09000000357627869,0.09300000220537186,0.08900000154972076,0.09099999815225601,527000,0.0,0.0
2011-08-16 00:00:00+08:00,0.09300000220537186,0.09300000220537186,0.0820000022649765,0.0860000029206276,2557000,0.0,0.0
2011-08-17 00:00:00+08:00,0.08299999684095383,0.08699999749660492,0.08100000023841858,0.08399999886751175,2635000,0.0,0.0
2011-08-18 00:00:00+08:00,0.08299999684095383,0.08299999684095383,0.0820000022649765,0.08299999684095383,449000,0.0,0.0
2011-08-19 00:00:00+08:00,0.07999999821186066,0.08399999886751175,0.07999999821186066,0.07999999821186066,1364000,0.0,0.0
2011-08-22 00:00:00+08:00,0.08100000023841858,0.0820000022649765,0.08100000023841858,0.0820000022649765,1090000,0.0,0.0
2011-08-23 00:00:00+08:00,0.0820000022649765,0.08699999749660492,0.08100000023841858,0.08399999886751175,1291000,0.0,0.0
2011-08-24 00:00:00+08:00,0.08299999684095383,0.08299999684095383,0.08100000023841858,0.08100000023841858,1350000,0.0,0.0
2011-08-25 00:00:00+08:00,0.0820000022649765,0.08399999886751175,0.0820000022649765,0.08399999886751175,453000,0.0,0.0
2011-08-26 00:00:00+08:00,0.08399999886751175,0.08699999749660492,0.08399999886751175,0.08699999749660492,490000,0.0,0.0
2011-08-29 00:00:00+08:00,0.08799999952316284,0.09200000017881393,0.08799999952316284,0.09200000017881393,559000,0.0,0.0
2011-08-31 00:00:00+08:00,0.09300000220537186,0.10300000011920929,0.09200000017881393,0.10300000011920929,2134000,0.0,0.0
2011-09-01 00:00:00+08:00,0.10599999874830246,0.1080000028014183,0.10300000011920929,0.10499999672174454,3138000,0.0,0.0
2011-09-02 00:00:00+08:00,0.10300000011920929,0.10300000011920929,0.10000000149011612,0.10300000011920929,761000,0.0,0.0
2011-09-05 00:00:00+08:00,0.0949999988079071,0.0949999988079071,0.0949999988079071,0.0949999988079071,82000,0.0,0.0
2011-09-06 00:00:00+08:00,0.0949999988079071,0.10000000149011612,0.0949999988079071,0.09700000286102295,865000,0.0,0.0
2011-09-07 00:00:00+08:00,0.09700000286102295,0.09700000286102295,0.0949999988079071,0.09700000286102295,213000,0.0,0.0
2011-09-08 00:00:00+08:00,0.09600000083446503,0.09600000083446503,0.09399999678134918,0.09399999678134918,453000,0.0,0.0
2011-09-09 00:00:00+08:00,0.09399999678134918,0.0949999988079071,0.09399999678134918,0.09399999678134918,584000,0.0,0.0
2011-09-12 00:00:00+08:00,0.08799999952316284,0.09399999678134918,0.08799999952316284,0.09399999678134918,45000,0.0,0.0
2011-09-13 00:00:00+08:00,0.09600000083446503,0.10199999809265137,0.09600000083446503,0.09600000083446503,492000,0.0,0.0
2011-09-14 00:00:00+08:00,0.09600000083446503,0.09600000083446503,0.0949999988079071,0.09600000083446503,266000,0.0,0.0
2011-09-15 00:00:00+08:00,0.09600000083446503,0.09600000083446503,0.0949999988079071,0.0949999988079071,161000,0.0,0.0
2011-09-16 00:00:00+08:00,0.10000000149011612,0.10000000149011612,0.09600000083446503,0.10000000149011612,266000,0.0,0.0
2011-09-19 00:00:00+08:00,0.09600000083446503,0.09600000083446503,0.0949999988079071,0.09600000083446503,152000,0.0,0.0
2011-09-20 00:00:00+08:00,0.09600000083446503,0.09600000083446503,0.09600000083446503,0.09600000083446503,0,0.0,0.0
2011-09-21 00:00:00+08:00,0.0949999988079071,0.09600000083446503,0.09399999678134918,0.09399999678134918,275000,0.0,0.0
2011-09-22 00:00:00+08:00,0.09000000357627869,0.09000000357627869,0.09000000357627869,0.09000000357627869,102000,0.0,0.0
2011-09-23 00:00:00+08:00,0.09000000357627869,0.09000000357627869,0.08299999684095383,0.08799999952316284,709000,0.0,0.0
2011-09-26 00:00:00+08:00,0.08500000089406967,0.08500000089406967,0.0820000022649765,0.08500000089406967,757000,0.0,0.0
2011-09-27 00:00:00+08:00,0.08299999684095383,0.08799999952316284,0.0820000022649765,0.08500000089406967,754000,0.0,0.0
2011-09-28 00:00:00+08:00,0.08500000089406967,0.08799999952316284,0.08500000089406967,0.08500000089406967,606000,0.0,0.0
2011-09-29 00:00:00+08:00,0.08299999684095383,0.08900000154972076,0.08299999684095383,0.08900000154972076,230000,0.0,0.0
2011-09-30 00:00:00+08:00,0.08399999886751175,0.0860000029206276,0.08399999886751175,0.08399999886751175,193000,0.0,0.0
2011-10-03 00:00:00+08:00,0.08399999886751175,0.08399999886751175,0.0820000022649765,0.08299999684095383,535000,0.0,0.0
2011-10-04 00:00:00+08:00,0.08100000023841858,0.08500000089406967,0.08100000023841858,0.0820000022649765,1166000,0.0,0.0
2011-10-05 00:00:00+08:00,0.08299999684095383,0.08299999684095383,0.08299999684095383,0.08299999684095383,332000,0.0,0.0
2011-10-06 00:00:00+08:00,0.08299999684095383,0.08299999684095383,0.08299999684095383,0.08299999684095383,40000,0.0,0.0
2011-10-07 00:00:00+08:00,0.08500000089406967,0.0860000029206276,0.08500000089406967,0.0860000029206276,535000,0.0,0.0
2011-10-10 00:00:00+08:00,0.08399999886751175,0.0860000029206276,0.08399999886751175,0.0860000029206276,821000,0.0,0.0
2011-10-11 00:00:00+08:00,0.08500000089406967,0.0860000029206276,0.08500000089406967,0.0860000029206276,382000,0.0,0.0
2011-10-12 00:00:00+08:00,0.08500000089406967,0.0860000029206276,0.08500000089406967,0.0860000029206276,545000,0.0,0.0
2011-10-13 00:00:00+08:00,0.08900000154972076,0.08900000154972076,0.0860000029206276,0.0860000029206276,486000,0.0,0.0
2011-10-14 00:00:00+08:00,0.08699999749660492,0.08799999952316284,0.08699999749660492,0.08799999952316284,1109000,0.0,0.0
2011-10-17 00:00:00+08:00,0.09200000017881393,0.0949999988079071,0.09099999815225601,0.09200000017881393,1401000,0.0,0.0
2011-10-18 00:00:00+08:00,0.08900000154972076,0.09000000357627869,0.0860000029206276,0.0860000029206276,473000,0.0,0.0
2011-10-19 00:00:00+08:00,0.0860000029206276,0.0860000029206276,0.0860000029206276,0.0860000029206276,0,0.0,0.0
2011-10-20 00:00:00+08:00,0.08699999749660492,0.09000000357627869,0.08699999749660492,0.08799999952316284,522000,0.0,0.0
2011-10-21 00:00:00+08:00,0.08799999952316284,0.09200000017881393,0.08799999952316284,0.09200000017881393,235000,0.0,0.0
2011-10-24 00:00:00+08:00,0.09700000286102295,0.10599999874830246,0.09700000286102295,0.10499999672174454,6297000,0.0,0.0
2011-10-25 00:00:00+08:00,0.10599999874830246,0.11500000208616257,0.10599999874830246,0.11400000005960464,7103000,0.0,0.0
2011-10-27 00:00:00+08:00,0.11599999666213989,0.12200000137090683,0.11599999666213989,0.11900000274181366,6626000,0.0,0.0
2011-10-28 00:00:00+08:00,0.11900000274181366,0.11900000274181366,0.11900000274181366,0.11900000274181366,0,0.0,0.0
2011-10-31 00:00:00+08:00,0.11900000274181366,0.11900000274181366,0.11900000274181366,0.11900000274181366,0,0.0,0.0
2011-11-01 00:00:00+08:00,0.1420000046491623,0.15000000596046448,0.12700000405311584,0.12800000607967377,43433000,0.0,0.0
2011-11-02 00:00:00+08:00,0.12700000405311584,0.1289999932050705,0.12099999934434891,0.125,20235000,0.0,0.0
2011-11-03 00:00:00+08:00,0.125,0.125,0.11900000274181366,0.12099999934434891,5173000,0.0,0.0
2011-11-04 00:00:00+08:00,0.12200000137090683,0.125,0.12099999934434891,0.12099999934434891,551000,0.0,0.0
2011-11-08 00:00:00+08:00,0.12300000339746475,0.13099999725818634,0.12200000137090683,0.13099999725818634,16722000,0.0,0.0
2011-11-09 00:00:00+08:00,0.1340000033378601,0.13600000739097595,0.12600000202655792,0.12700000405311584,8115000,0.0,0.0
2011-11-10 00:00:00+08:00,0.12200000137090683,0.12600000202655792,0.11900000274181366,0.12300000339746475,7951000,0.0,0.0
2011-11-11 00:00:00+08:00,0.12399999797344208,0.1289999932050705,0.12399999797344208,0.12600000202655792,13378000,0.0,0.0
2011-11-14 00:00:00+08:00,0.1289999932050705,0.13099999725818634,0.12600000202655792,0.12600000202655792,4979000,0.0,0.0
2011-11-15 00:00:00+08:00,0.125,0.12700000405311584,0.125,0.12600000202655792,2521000,0.0,0.0
2011-11-16 00:00:00+08:00,0.12700000405311584,0.13699999451637268,0.125,0.13699999451637268,20915000,0.0,0.0
2011-11-17 00:00:00+08:00,0.13699999451637268,0.14800000190734863,0.13500000536441803,0.14300000667572021,78313000,0.0,0.0
2011-11-18 00:00:00+08:00,0.14300000667572021,0.15199999511241913,0.1420000046491623,0.14900000393390656,41814000,0.0,0.0
2011-11-21 00:00:00+08:00,0.14900000393390656,0.1550000011920929,0.1289999932050705,0.1289999932050705,38399000,0.0,0.0
2011-11-22 00:00:00+08:00,0.12999999523162842,0.14000000059604645,0.12999999523162842,0.1379999965429306,18896000,0.0,0.0
2011-11-23 00:00:00+08:00,0.13899999856948853,0.13899999856948853,0.13099999725818634,0.13300000131130219,5892000,0.0,0.0
2011-11-24 00:00:00+08:00,0.13199999928474426,0.13600000739097595,0.13099999725818634,0.13199999928474426,3346000,0.0,0.0
2011-11-25 00:00:00+08:00,0.13099999725818634,0.13099999725818634,0.12200000137090683,0.12300000339746475,15392000,0.0,0.0
2011-11-28 00:00:00+08:00,0.12700000405311584,0.12800000607967377,0.12399999797344208,0.12700000405311584,4552000,0.0,0.0
2011-11-29 00:00:00+08:00,0.12800000607967377,0.12800000607967377,0.12200000137090683,0.12300000339746475,5260000,0.0,0.0
2011-11-30 00:00:00+08:00,0.12200000137090683,0.125,0.11999999731779099,0.11999999731779099,4583000,0.0,0.0
2011-12-01 00:00:00+08:00,0.125,0.12600000202655792,0.12300000339746475,0.12399999797344208,6856000,0.0,0.0
2011-12-02 00:00:00+08:00,0.12300000339746475,0.12399999797344208,0.12099999934434891,0.12300000339746475,3696000,0.0,0.0
2011-12-05 00:00:00+08:00,0.12300000339746475,0.12700000405311584,0.12300000339746475,0.12700000405311584,5988000,0.0,0.0
2011-12-06 00:00:00+08:00,0.12399999797344208,0.12600000202655792,0.12399999797344208,0.12399999797344208,2496000,0.0,0.0
2011-12-07 00:00:00+08:00,0.125,0.1340000033378601,0.125,0.13199999928474426,10629000,0.0,0.0
2011-12-08 00:00:00+08:00,0.1289999932050705,0.13099999725818634,0.12700000405311584,0.12700000405311584,3468000,0.0,0.0
2011-12-09 00:00:00+08:00,0.12700000405311584,0.12700000405311584,0.12399999797344208,0.125,2858000,0.0,0.0
2011-12-12 00:00:00+08:00,0.12700000405311584,0.12700000405311584,0.12399999797344208,0.125,1682000,0.0,0.0
2011-12-13 00:00:00+08:00,0.12300000339746475,0.125,0.12300000339746475,0.125,3059000,0.0,0.0
2011-12-14 00:00:00+08:00,0.12399999797344208,0.12600000202655792,0.12300000339746475,0.12300000339746475,2272000,0.0,0.0
2011-12-15 00:00:00+08:00,0.12200000137090683,0.12200000137090683,0.12099999934434891,0.12200000137090683,2309000,0.0,0.0
2011-12-16 00:00:00+08:00,0.12200000137090683,0.12300000339746475,0.12099999934434891,0.12099999934434891,1462000,0.0,0.0
2011-12-19 00:00:00+08:00,0.11999999731779099,0.12099999934434891,0.11900000274181366,0.11900000274181366,1711000,0.0,0.0
2011-12-20 00:00:00+08:00,0.11999999731779099,0.12200000137090683,0.11999999731779099,0.11999999731779099,1045000,0.0,0.0
2011-12-21 00:00:00+08:00,0.12200000137090683,0.12200000137090683,0.11999999731779099,0.12099999934434891,2122000,0.0,0.0
2011-12-22 00:00:00+08:00,0.11999999731779099,0.12999999523162842,0.11999999731779099,0.1289999932050705,9985000,0.0,0.0
2011-12-23 00:00:00+08:00,0.1289999932050705,0.1289999932050705,0.125,0.12700000405311584,722000,0.0,0.0
2011-12-27 00:00:00+08:00,0.12700000405311584,0.12700000405311584,0.12700000405311584,0.12700000405311584,0,0.0,0.0
2011-12-28 00:00:00+08:00,0.12700000405311584,0.12700000405311584,0.12700000405311584,0.12700000405311584,0,0.0,0.0
2011-12-29 00:00:00+08:00,0.12700000405311584,0.12700000405311584,0.12700000405311584,0.12700000405311584,0,0.0,0.0
2011-12-30 00:00:00+08:00,0.12700000405311584,0.12700000405311584,0.12700000405311584,0.12700000405311584,0,0.0,0.0
2012-01-03 00:00:00+08:00,0.12700000405311584,0.12700000405311584,0.12700000405311584,0.12700000405311584,0,0.0,0.0
2012-01-04 00:00:00+08:00,0.12700000405311584,0.12700000405311584,0.12700000405311584,0.12700000405311584,0,0.0,0.0
2012-01-05 00:00:00+08:00,0.12700000405311584,0.12700000405311584,0.12700000405311584,0.12700000405311584,0,0.0,0.0
2012-01-06 00:00:00+08:00,0.12700000405311584,0.12700000405311584,0.12700000405311584,0.12700000405311584,0,0.0,0.0
2012-01-09 00:00:00+08:00,0.12700000405311584,0.12700000405311584,0.12700000405311584,0.12700000405311584,0,0.0,0.0
2012-01-10 00:00:00+08:00,0.12700000405311584,0.12700000405311584,0.12700000405311584,0.12700000405311584,0,0.0,0.0
2012-01-11 00:00:00+08:00,0.12700000405311584,0.12700000405311584,0.12700000405311584,0.12700000405311584,0,0.0,0.0
2012-01-12 00:00:00+08:00,0.12700000405311584,0.12700000405311584,0.12700000405311584,0.12700000405311584,0,0.0,0.0
2012-01-13 00:00:00+08:00,0.12700000405311584,0.12700000405311584,0.12700000405311584,0.12700000405311584,0,0.0,0.0
2012-01-16 00:00:00+08:00,0.12700000405311584,0.12700000405311584,0.12700000405311584,0.12700000405311584,0,0.0,0.0
2012-01-17 00:00:00+08:00,0.12700000405311584,0.12700000405311584,0.12700000405311584,0.12700000405311584,0,0.0,0.0
2012-01-18 00:00:00+08:00,0.12700000405311584,0.12700000405311584,0.12700000405311584,0.12700000405311584,0,0.0,0.0
2012-01-19 00:00:00+08:00,0.12700000405311584,0.12700000405311584,0.12700000405311584,0.12700000405311584,0,0.0,0.0
2012-01-20 00:00:00+08:00,0.12700000405311584,0.12700000405311584,0.12700000405311584,0.12700000405311584,0,0.0,0.0
2012-01-25 00:00:00+08:00,0.12700000405311584,0.12700000405311584,0.12700000405311584,0.12700000405311584,0,0.0,0.0
2012-01-26 00:00:00+08:00,0.12700000405311584,0.12700000405311584,0.12700000405311584,0.12700000405311584,0,0.0,0.0
2012-01-27 00:00:00+08:00,0.12700000405311584,0.12700000405311584,0.12700000405311584,0.12700000405311584,0,0.0,0.0
2012-01-30 00:00:00+08:00,0.12700000405311584,0.12700000405311584,0.12700000405311584,0.12700000405311584,0,0.0,0.0
2012-01-31 00:00:00+08:00,0.12700000405311584,0.12700000405311584,0.12700000405311584,0.12700000405311584,0,0.0,0.0
2012-02-01 00:00:00+08:00,0.12700000405311584,0.12700000405311584,0.12700000405311584,0.12700000405311584,0,0.0,0.0
2012-02-02 00:00:00+08:00,0.12700000405311584,0.12700000405311584,0.12700000405311584,0.12700000405311584,0,0.0,0.0
2012-02-03 00:00:00+08:00,0.12700000405311584,0.12700000405311584,0.12700000405311584,0.12700000405311584,0,0.0,0.0
2012-02-06 00:00:00+08:00,0.12700000405311584,0.12700000405311584,0.12700000405311584,0.12700000405311584,0,0.0,0.0
2012-02-07 00:00:00+08:00,0.12700000405311584,0.12700000405311584,0.12700000405311584,0.12700000405311584,0,0.0,0.0
2012-02-08 00:00:00+08:00,0.12700000405311584,0.12700000405311584,0.12700000405311584,0.12700000405311584,0,0.0,0.0
2012-02-09 00:00:00+08:00,0.12700000405311584,0.12700000405311584,0.12700000405311584,0.12700000405311584,0,0.0,0.0
2012-02-10 00:00:00+08:00,0.12700000405311584,0.12700000405311584,0.12700000405311584,0.12700000405311584,0,0.0,0.0
2012-02-13 00:00:00+08:00,0.12700000405311584,0.12700000405311584,0.12700000405311584,0.12700000405311584,0,0.0,0.0
2012-02-14 00:00:00+08:00,0.12700000405311584,0.12700000405311584,0.12700000405311584,0.12700000405311584,0,0.0,0.0
2012-02-15 00:00:00+08:00,0.12700000405311584,0.12700000405311584,0.12700000405311584,0.12700000405311584,0,0.0,0.0
2012-02-16 00:00:00+08:00,0.12700000405311584,0.12700000405311584,0.12700000405311584,0.12700000405311584,0,0.0,0.0
2012-02-17 00:00:00+08:00,0.12700000405311584,0.12700000405311584,0.12700000405311584,0.12700000405311584,0,0.0,0.0
2012-02-20 00:00:00+08:00,0.12700000405311584,0.12700000405311584,0.12700000405311584,0.12700000405311584,0,0.0,0.0
2012-02-21 00:00:00+08:00,0.12700000405311584,0.12700000405311584,0.12700000405311584,0.12700000405311584,0,0.0,0.0
2012-02-22 00:00:00+08:00,0.12700000405311584,0.12700000405311584,0.12700000405311584,0.12700000405311584,0,0.0,0.0
2012-02-23 00:00:00+08:00,0.12700000405311584,0.12700000405311584,0.12700000405311584,0.12700000405311584,0,0.0,0.0
2012-02-24 00:00:00+08:00,0.12700000405311584,0.12700000405311584,0.12700000405311584,0.12700000405311584,0,0.0,0.0
2012-02-27 00:00:00+08:00,0.12700000405311584,0.12700000405311584,0.12700000405311584,0.12700000405311584,0,0.0,0.0
2012-02-28 00:00:00+08:00,0.12700000405311584,0.12700000405311584,0.12700000405311584,0.12700000405311584,0,0.0,0.0
2012-02-29 00:00:00+08:00,0.12700000405311584,0.12700000405311584,0.12700000405311584,0.12700000405311584,0,0.0,0.0
2012-03-01 00:00:00+08:00,0.12700000405311584,0.12700000405311584,0.12700000405311584,0.12700000405311584,0,0.0,0.0
2012-03-02 00:00:00+08:00,0.12700000405311584,0.12700000405311584,0.12700000405311584,0.12700000405311584,0,0.0,0.0
2012-03-05 00:00:00+08:00,0.12700000405311584,0.12700000405311584,0.12700000405311584,0.12700000405311584,0,0.0,0.0
2012-03-06 00:00:00+08:00,0.12700000405311584,0.12700000405311584,0.12700000405311584,0.12700000405311584,0,0.0,0.0
2012-03-07 00:00:00+08:00,0.12700000405311584,0.12700000405311584,0.12700000405311584,0.12700000405311584,0,0.0,0.0
2012-03-08 00:00:00+08:00,0.12700000405311584,0.12700000405311584,0.12700000405311584,0.12700000405311584,0,0.0,0.0
2012-03-09 00:00:00+08:00,0.12700000405311584,0.12700000405311584,0.12700000405311584,0.12700000405311584,0,0.0,0.0
2012-03-12 00:00:00+08:00,0.12700000405311584,0.12700000405311584,0.12700000405311584,0.12700000405311584,0,0.0,0.0
2012-03-13 00:00:00+08:00,0.12700000405311584,0.12700000405311584,0.12700000405311584,0.12700000405311584,0,0.0,0.0
2012-03-14 00:00:00+08:00,0.12700000405311584,0.12700000405311584,0.12700000405311584,0.12700000405311584,0,0.0,0.0
2012-03-15 00:00:00+08:00,0.12700000405311584,0.12700000405311584,0.12700000405311584,0.12700000405311584,0,0.0,0.0
2012-03-16 00:00:00+08:00,0.12700000405311584,0.12700000405311584,0.12700000405311584,0.12700000405311584,0,0.0,0.0
2012-03-19 00:00:00+08:00,0.12700000405311584,0.12700000405311584,0.12700000405311584,0.12700000405311584,0,0.0,0.0
2012-03-20 00:00:00+08:00,0.12700000405311584,0.12700000405311584,0.12700000405311584,0.12700000405311584,0,0.0,0.0
2012-03-21 00:00:00+08:00,0.12700000405311584,0.12700000405311584,0.12700000405311584,0.12700000405311584,0,0.0,0.0
2012-03-22 00:00:00+08:00,0.12700000405311584,0.12700000405311584,0.12700000405311584,0.12700000405311584,0,0.0,0.0
2012-03-23 00:00:00+08:00,0.12700000405311584,0.12700000405311584,0.12700000405311584,0.12700000405311584,0,0.0,0.0
2012-03-26 00:00:00+08:00,0.12700000405311584,0.12700000405311584,0.12700000405311584,0.12700000405311584,0,0.0,0.0
2012-03-27 00:00:00+08:00,0.12700000405311584,0.12700000405311584,0.12700000405311584,0.12700000405311584,0,0.0,0.0
2012-03-28 00:00:00+08:00,0.12700000405311584,0.12700000405311584,0.12700000405311584,0.12700000405311584,0,0.0,0.0
2012-03-29 00:00:00+08:00,0.12700000405311584,0.12700000405311584,0.12700000405311584,0.12700000405311584,0,0.0,0.0
2012-03-30 00:00:00+08:00,0.12700000405311584,0.12700000405311584,0.12700000405311584,0.12700000405311584,0,0.0,0.0
2012-04-02 00:00:00+08:00,0.12700000405311584,0.12700000405311584,0.12700000405311584,0.12700000405311584,0,0.0,0.0
2012-04-03 00:00:00+08:00,0.12700000405311584,0.12700000405311584,0.12700000405311584,0.12700000405311584,0,0.0,0.0
2012-04-04 00:00:00+08:00,0.12700000405311584,0.12700000405311584,0.12700000405311584,0.12700000405311584,0,0.0,0.0
2012-04-05 00:00:00+08:00,0.12700000405311584,0.12700000405311584,0.12700000405311584,0.12700000405311584,0,0.0,0.0
2012-04-09 00:00:00+08:00,0.12700000405311584,0.12700000405311584,0.12700000405311584,0.12700000405311584,0,0.0,0.0
2012-04-10 00:00:00+08:00,0.12700000405311584,0.12700000405311584,0.12700000405311584,0.12700000405311584,0,0.0,0.0
2012-04-11 00:00:00+08:00,0.12700000405311584,0.12700000405311584,0.12700000405311584,0.12700000405311584,0,0.0,0.0
2012-04-12 00:00:00+08:00,0.12700000405311584,0.12700000405311584,0.12700000405311584,0.12700000405311584,0,0.0,0.0
2012-04-13 00:00:00+08:00,0.12700000405311584,0.12700000405311584,0.12700000405311584,0.12700000405311584,0,0.0,0.0
2012-04-16 00:00:00+08:00,0.12700000405311584,0.12700000405311584,0.12700000405311584,0.12700000405311584,0,0.0,0.0
2012-04-17 00:00:00+08:00,0.12700000405311584,0.12700000405311584,0.12700000405311584,0.12700000405311584,0,0.0,0.0
2012-04-18 00:00:00+08:00,0.12700000405311584,0.12700000405311584,0.12700000405311584,0.12700000405311584,0,0.0,0.0
2012-04-19 00:00:00+08:00,0.12700000405311584,0.12700000405311584,0.12700000405311584,0.12700000405311584,0,0.0,0.0
2012-04-20 00:00:00+08:00,0.12700000405311584,0.12700000405311584,0.12700000405311584,0.12700000405311584,0,0.0,0.0
2012-04-23 00:00:00+08:00,0.12700000405311584,0.12700000405311584,0.12700000405311584,0.12700000405311584,0,0.0,0.0
2012-04-24 00:00:00+08:00,0.12700000405311584,0.12700000405311584,0.12700000405311584,0.12700000405311584,0,0.0,0.0
2012-04-25 00:00:00+08:00,0.12700000405311584,0.12700000405311584,0.12700000405311584,0.12700000405311584,0,0.0,0.0
2012-04-26 00:00:00+08:00,0.12700000405311584,0.12700000405311584,0.12700000405311584,0.12700000405311584,0,0.0,0.0
2012-04-27 00:00:00+08:00,0.12700000405311584,0.12700000405311584,0.12700000405311584,0.12700000405311584,0,0.0,0.0
2012-04-30 00:00:00+08:00,0.12700000405311584,0.12700000405311584,0.12700000405311584,0.12700000405311584,0,0.0,0.0
2012-05-02 00:00:00+08:00,0.12700000405311584,0.12700000405311584,0.12700000405311584,0.12700000405311584,0,0.0,0.0
2012-05-03 00:00:00+08:00,0.12700000405311584,0.12700000405311584,0.12700000405311584,0.12700000405311584,0,0.0,0.0
2012-05-04 00:00:00+08:00,0.12700000405311584,0.12700000405311584,0.12700000405311584,0.12700000405311584,0,0.0,0.0
2012-05-07 00:00:00+08:00,0.12700000405311584,0.12700000405311584,0.12700000405311584,0.12700000405311584,0,0.0,0.0
2012-05-08 00:00:00+08:00,0.12700000405311584,0.12700000405311584,0.12700000405311584,0.12700000405311584,0,0.0,0.0
2012-05-09 00:00:00+08:00,0.12700000405311584,0.12700000405311584,0.12700000405311584,0.12700000405311584,0,0.0,0.0
2012-05-10 00:00:00+08:00,0.12700000405311584,0.12700000405311584,0.12700000405311584,0.12700000405311584,0,0.0,0.0
2012-05-11 00:00:00+08:00,0.12700000405311584,0.12700000405311584,0.12700000405311584,0.12700000405311584,0,0.0,0.0
2012-05-14 00:00:00+08:00,0.12700000405311584,0.12700000405311584,0.12700000405311584,0.12700000405311584,0,0.0,0.0
2012-05-15 00:00:00+08:00,0.12700000405311584,0.12700000405311584,0.12700000405311584,0.12700000405311584,0,0.0,0.0
2012-05-16 00:00:00+08:00,0.12700000405311584,0.12700000405311584,0.12700000405311584,0.12700000405311584,0,0.0,0.0
2012-05-17 00:00:00+08:00,0.12700000405311584,0.12700000405311584,0.12700000405311584,0.12700000405311584,0,0.0,0.0
2012-05-18 00:00:00+08:00,0.12700000405311584,0.12700000405311584,0.12700000405311584,0.12700000405311584,0,0.0,0.0
2012-05-21 00:00:00+08:00,0.12700000405311584,0.12700000405311584,0.12700000405311584,0.12700000405311584,0,0.0,0.0
2012-05-22 00:00:00+08:00,0.12700000405311584,0.12700000405311584,0.12700000405311584,0.12700000405311584,0,0.0,0.0
2012-05-23 00:00:00+08:00,0.12700000405311584,0.12700000405311584,0.12700000405311584,0.12700000405311584,0,0.0,0.0
2012-05-24 00:00:00+08:00,0.12700000405311584,0.12700000405311584,0.12700000405311584,0.12700000405311584,0,0.0,0.0
2012-05-25 00:00:00+08:00,0.12700000405311584,0.12700000405311584,0.12700000405311584,0.12700000405311584,0,0.0,0.0
2012-05-28 00:00:00+08:00,0.12700000405311584,0.12700000405311584,0.12700000405311584,0.12700000405311584,0,0.0,0.0
2012-05-29 00:00:00+08:00,0.12700000405311584,0.12700000405311584,0.12700000405311584,0.12700000405311584,0,0.0,0.0
2012-05-30 00:00:00+08:00,0.12700000405311584,0.12700000405311584,0.12700000405311584,0.12700000405311584,0,0.0,0.0
2012-05-31 00:00:00+08:00,0.12700000405311584,0.12700000405311584,0.12700000405311584,0.12700000405311584,0,0.0,0.0
2012-06-01 00:00:00+08:00,0.12700000405311584,0.12700000405311584,0.12700000405311584,0.12700000405311584,0,0.0,0.0
2012-06-04 00:00:00+08:00,0.12700000405311584,0.12700000405311584,0.12700000405311584,0.12700000405311584,0,0.0,0.0
2012-06-05 00:00:00+08:00,0.12700000405311584,0.12700000405311584,0.12700000405311584,0.12700000405311584,0,0.0,0.0
2012-06-06 00:00:00+08:00,0.12700000405311584,0.12700000405311584,0.12700000405311584,0.12700000405311584,0,0.0,0.0
2012-06-07 00:00:00+08:00,0.12700000405311584,0.12700000405311584,0.12700000405311584,0.12700000405311584,0,0.0,0.0
2012-06-08 00:00:00+08:00,0.12700000405311584,0.12700000405311584,0.12700000405311584,0.12700000405311584,0,0.0,0.0
2012-06-11 00:00:00+08:00,0.12700000405311584,0.12700000405311584,0.12700000405311584,0.12700000405311584,0,0.0,0.0
2012-06-12 00:00:00+08:00,0.12700000405311584,0.12700000405311584,0.12700000405311584,0.12700000405311584,0,0.0,0.0
2012-06-13 00:00:00+08:00,0.12700000405311584,0.12700000405311584,0.12700000405311584,0.12700000405311584,0,0.0,0.0
2012-06-14 00:00:00+08:00,0.12700000405311584,0.12700000405311584,0.12700000405311584,0.12700000405311584,0,0.0,0.0
2012-06-15 00:00:00+08:00,0.12700000405311584,0.12700000405311584,0.12700000405311584,0.12700000405311584,0,0.0,0.0
2012-06-18 00:00:00+08:00,0.12700000405311584,0.12700000405311584,0.12700000405311584,0.12700000405311584,0,0.0,0.0
2012-06-19 00:00:00+08:00,0.12700000405311584,0.12700000405311584,0.12700000405311584,0.12700000405311584,0,0.0,0.0
2012-06-20 00:00:00+08:00,0.12700000405311584,0.12700000405311584,0.12700000405311584,0.12700000405311584,0,0.0,0.0
2012-06-21 00:00:00+08:00,0.12700000405311584,0.12700000405311584,0.12700000405311584,0.12700000405311584,0,0.0,0.0
2012-06-22 00:00:00+08:00,0.12700000405311584,0.12700000405311584,0.12700000405311584,0.12700000405311584,0,0.0,0.0
2012-06-25 00:00:00+08:00,0.12700000405311584,0.12700000405311584,0.12700000405311584,0.12700000405311584,0,0.0,0.0
2012-06-26 00:00:00+08:00,0.12700000405311584,0.12700000405311584,0.12700000405311584,0.12700000405311584,0,0.0,0.0
2012-06-27 00:00:00+08:00,0.12700000405311584,0.12700000405311584,0.12700000405311584,0.12700000405311584,0,0.0,0.0
2012-06-28 00:00:00+08:00,0.12700000405311584,0.12700000405311584,0.12700000405311584,0.12700000405311584,0,0.0,0.0
2012-06-29 00:00:00+08:00,0.12700000405311584,0.12700000405311584,0.12700000405311584,0.12700000405311584,0,0.0,0.0
2012-07-02 00:00:00+08:00,0.12700000405311584,0.12700000405311584,0.12700000405311584,0.12700000405311584,0,0.0,0.0
2012-07-03 00:00:00+08:00,0.12700000405311584,0.12700000405311584,0.12700000405311584,0.12700000405311584,0,0.0,0.0
2012-07-04 00:00:00+08:00,0.12700000405311584,0.12700000405311584,0.12700000405311584,0.12700000405311584,0,0.0,0.0
2012-07-05 00:00:00+08:00,0.12700000405311584,0.12700000405311584,0.12700000405311584,0.12700000405311584,0,0.0,0.0
2012-07-06 00:00:00+08:00,0.12700000405311584,0.12700000405311584,0.12700000405311584,0.12700000405311584,0,0.0,0.0
2012-07-09 00:00:00+08:00,0.12700000405311584,0.12700000405311584,0.12700000405311584,0.12700000405311584,0,0.0,0.0
2012-07-10 00:00:00+08:00,0.12700000405311584,0.12700000405311584,0.12700000405311584,0.12700000405311584,0,0.0,0.0
2012-07-11 00:00:00+08:00,0.12700000405311584,0.12700000405311584,0.12700000405311584,0.12700000405311584,0,0.0,0.0
2012-07-12 00:00:00+08:00,0.12700000405311584,0.12700000405311584,0.12700000405311584,0.12700000405311584,0,0.0,0.0
2012-07-13 00:00:00+08:00,0.12700000405311584,0.12700000405311584,0.12700000405311584,0.12700000405311584,0,0.0,0.0
2012-07-16 00:00:00+08:00,0.12700000405311584,0.12700000405311584,0.12700000405311584,0.12700000405311584,0,0.0,0.0
2012-07-17 00:00:00+08:00,0.12700000405311584,0.12700000405311584,0.12700000405311584,0.12700000405311584,0,0.0,0.0
2012-07-18 00:00:00+08:00,0.12700000405311584,0.12700000405311584,0.12700000405311584,0.12700000405311584,0,0.0,0.0
2012-07-19 00:00:00+08:00,0.12700000405311584,0.12700000405311584,0.12700000405311584,0.12700000405311584,0,0.0,0.0
2012-07-20 00:00:00+08:00,0.12700000405311584,0.12700000405311584,0.12700000405311584,0.12700000405311584,0,0.0,0.0
2012-07-23 00:00:00+08:00,0.12700000405311584,0.12700000405311584,0.12700000405311584,0.12700000405311584,0,0.0,0.0
2012-07-24 00:00:00+08:00,0.12700000405311584,0.12700000405311584,0.12700000405311584,0.12700000405311584,0,0.0,0.0
2012-07-25 00:00:00+08:00,0.12700000405311584,0.12700000405311584,0.12700000405311584,0.12700000405311584,0,0.0,0.0
2012-07-26 00:00:00+08:00,0.12700000405311584,0.12700000405311584,0.12700000405311584,0.12700000405311584,0,0.0,0.0
2012-07-27 00:00:00+08:00,0.12700000405311584,0.12700000405311584,0.12700000405311584,0.12700000405311584,0,0.0,0.0
2012-07-30 00:00:00+08:00,0.12700000405311584,0.12700000405311584,0.12700000405311584,0.12700000405311584,0,0.0,0.0
2012-07-31 00:00:00+08:00,0.12700000405311584,0.12700000405311584,0.12700000405311584,0.12700000405311584,0,0.0,0.0
2012-08-01 00:00:00+08:00,0.12700000405311584,0.12700000405311584,0.12700000405311584,0.12700000405311584,0,0.0,0.0
2012-08-02 00:00:00+08:00,0.12700000405311584,0.12700000405311584,0.12700000405311584,0.12700000405311584,0,0.0,0.0
2012-08-03 00:00:00+08:00,0.12700000405311584,0.12700000405311584,0.12700000405311584,0.12700000405311584,0,0.0,0.0
2012-08-06 00:00:00+08:00,0.12700000405311584,0.12700000405311584,0.12700000405311584,0.12700000405311584,0,0.0,0.0
2012-08-07 00:00:00+08:00,0.12700000405311584,0.12700000405311584,0.12700000405311584,0.12700000405311584,0,0.0,0.0
2012-08-08 00:00:00+08:00,0.12700000405311584,0.12700000405311584,0.12700000405311584,0.12700000405311584,0,0.0,0.0
2012-08-10 00:00:00+08:00,0.12700000405311584,0.12700000405311584,0.12700000405311584,0.12700000405311584,0,0.0,0.0
2012-08-13 00:00:00+08:00,0.12700000405311584,0.12700000405311584,0.12700000405311584,0.12700000405311584,0,0.0,0.0
2012-08-14 00:00:00+08:00,0.12700000405311584,0.12700000405311584,0.12700000405311584,0.12700000405311584,0,0.0,0.0
2012-08-15 00:00:00+08:00,0.12700000405311584,0.12700000405311584,0.12700000405311584,0.12700000405311584,0,0.0,0.0
2012-08-16 00:00:00+08:00,0.12700000405311584,0.12700000405311584,0.12700000405311584,0.12700000405311584,0,0.0,0.0
2012-08-17 00:00:00+08:00,0.12700000405311584,0.12700000405311584,0.12700000405311584,0.12700000405311584,0,0.0,0.0
2012-08-21 00:00:00+08:00,0.12700000405311584,0.12700000405311584,0.12700000405311584,0.12700000405311584,0,0.0,0.0
2012-08-22 00:00:00+08:00,0.12700000405311584,0.12700000405311584,0.12700000405311584,0.12700000405311584,0,0.0,0.0
2012-08-23 00:00:00+08:00,0.12700000405311584,0.12700000405311584,0.12700000405311584,0.12700000405311584,0,0.0,0.0
2012-08-24 00:00:00+08:00,0.12700000405311584,0.12700000405311584,0.12700000405311584,0.12700000405311584,0,0.0,0.0
2012-08-27 00:00:00+08:00,0.12700000405311584,0.12700000405311584,0.12700000405311584,0.12700000405311584,0,0.0,0.0
2012-08-28 00:00:00+08:00,0.12700000405311584,0.12700000405311584,0.12700000405311584,0.12700000405311584,0,0.0,0.0
2012-08-29 00:00:00+08:00,0.12700000405311584,0.12700000405311584,0.12700000405311584,0.12700000405311584,0,0.0,0.0
2012-08-30 00:00:00+08:00,0.12700000405311584,0.12700000405311584,0.12700000405311584,0.12700000405311584,0,0.0,0.0
2012-08-31 00:00:00+08:00,0.12700000405311584,0.12700000405311584,0.12700000405311584,0.12700000405311584,0,0.0,0.0
2012-09-03 00:00:00+08:00,0.12700000405311584,0.12700000405311584,0.12700000405311584,0.12700000405311584,0,0.0,0.0
2012-09-04 00:00:00+08:00,0.12700000405311584,0.12700000405311584,0.12700000405311584,0.12700000405311584,0,0.0,0.0
2012-09-05 00:00:00+08:00,0.12700000405311584,0.12700000405311584,0.12700000405311584,0.12700000405311584,0,0.0,0.0
2012-09-06 00:00:00+08:00,0.12700000405311584,0.12700000405311584,0.12700000405311584,0.12700000405311584,0,0.0,0.0
2012-09-07 00:00:00+08:00,0.12700000405311584,0.12700000405311584,0.12700000405311584,0.12700000405311584,0,0.0,0.0
2012-09-10 00:00:00+08:00,0.12700000405311584,0.12700000405311584,0.12700000405311584,0.12700000405311584,0,0.0,0.0
2012-09-11 00:00:00+08:00,0.12700000405311584,0.12700000405311584,0.12700000405311584,0.12700000405311584,0,0.0,0.0
2012-09-12 00:00:00+08:00,0.12700000405311584,0.12700000405311584,0.12700000405311584,0.12700000405311584,0,0.0,0.0
2012-09-13 00:00:00+08:00,0.12700000405311584,0.12700000405311584,0.12700000405311584,0.12700000405311584,0,0.0,0.0
2012-09-14 00:00:00+08:00,0.12700000405311584,0.12700000405311584,0.12700000405311584,0.12700000405311584,0,0.0,0.0
2012-09-17 00:00:00+08:00,0.12700000405311584,0.12700000405311584,0.12700000405311584,0.12700000405311584,0,0.0,0.0
2012-09-18 00:00:00+08:00,0.12700000405311584,0.12700000405311584,0.12700000405311584,0.12700000405311584,0,0.0,0.0
2012-09-19 00:00:00+08:00,0.12700000405311584,0.12700000405311584,0.12700000405311584,0.12700000405311584,0,0.0,0.0
2012-09-20 00:00:00+08:00,0.12700000405311584,0.12700000405311584,0.12700000405311584,0.12700000405311584,0,0.0,0.0
2012-09-21 00:00:00+08:00,0.12700000405311584,0.12700000405311584,0.12700000405311584,0.12700000405311584,0,0.0,0.0
2012-09-24 00:00:00+08:00,0.12700000405311584,0.12700000405311584,0.12700000405311584,0.12700000405311584,0,0.0,0.0
2012-09-25 00:00:00+08:00,0.12700000405311584,0.12700000405311584,0.12700000405311584,0.12700000405311584,0,0.0,0.0
2012-09-26 00:00:00+08:00,0.12700000405311584,0.12700000405311584,0.12700000405311584,0.12700000405311584,0,0.0,0.0
2012-09-27 00:00:00+08:00,0.12700000405311584,0.12700000405311584,0.12700000405311584,0.12700000405311584,0,0.0,0.0
2012-09-28 00:00:00+08:00,0.12700000405311584,0.12700000405311584,0.12700000405311584,0.12700000405311584,0,0.0,0.0
2012-10-01 00:00:00+08:00,0.12700000405311584,0.12700000405311584,0.12700000405311584,0.12700000405311584,0,0.0,0.0
2012-10-02 00:00:00+08:00,0.12700000405311584,0.12700000405311584,0.12700000405311584,0.12700000405311584,0,0.0,0.0
2012-10-03 00:00:00+08:00,0.12700000405311584,0.12700000405311584,0.12700000405311584,0.12700000405311584,0,0.0,0.0
2012-10-04 00:00:00+08:00,0.12700000405311584,0.12700000405311584,0.12700000405311584,0.12700000405311584,0,0.0,0.0
2012-10-05 00:00:00+08:00,0.12700000405311584,0.12700000405311584,0.12700000405311584,0.12700000405311584,0,0.0,0.0
2012-10-08 00:00:00+08:00,0.12700000405311584,0.12700000405311584,0.12700000405311584,0.12700000405311584,0,0.0,0.0
2012-10-09 00:00:00+08:00,0.12700000405311584,0.12700000405311584,0.12700000405311584,0.12700000405311584,0,0.0,0.0
2012-10-10 00:00:00+08:00,0.12700000405311584,0.12700000405311584,0.12700000405311584,0.12700000405311584,0,0.0,0.0
2012-10-11 00:00:00+08:00,0.12700000405311584,0.12700000405311584,0.12700000405311584,0.12700000405311584,0,0.0,0.0
2012-10-12 00:00:00+08:00,0.12700000405311584,0.12700000405311584,0.12700000405311584,0.12700000405311584,0,0.0,0.0
2012-10-15 00:00:00+08:00,0.12700000405311584,0.12700000405311584,0.12700000405311584,0.12700000405311584,0,0.0,0.0
2012-10-16 00:00:00+08:00,0.12700000405311584,0.12700000405311584,0.12700000405311584,0.12700000405311584,0,0.0,0.0
2012-10-17 00:00:00+08:00,0.12700000405311584,0.12700000405311584,0.12700000405311584,0.12700000405311584,0,0.0,0.0
2012-10-18 00:00:00+08:00,0.12700000405311584,0.12700000405311584,0.12700000405311584,0.12700000405311584,0,0.0,0.0
2012-10-19 00:00:00+08:00,0.12700000405311584,0.12700000405311584,0.12700000405311584,0.12700000405311584,0,0.0,0.0
2012-10-22 00:00:00+08:00,0.12700000405311584,0.12700000405311584,0.12700000405311584,0.12700000405311584,0,0.0,0.0
2012-10-23 00:00:00+08:00,0.12700000405311584,0.12700000405311584,0.12700000405311584,0.12700000405311584,0,0.0,0.0
2012-10-24 00:00:00+08:00,0.12700000405311584,0.12700000405311584,0.12700000405311584,0.12700000405311584,0,0.0,0.0
2012-10-25 00:00:00+08:00,0.12700000405311584,0.12700000405311584,0.12700000405311584,0.12700000405311584,0,0.0,0.0
2012-10-29 00:00:00+08:00,0.12700000405311584,0.12700000405311584,0.12700000405311584,0.12700000405311584,0,0.0,0.0
2012-10-30 00:00:00+08:00,0.12700000405311584,0.12700000405311584,0.12700000405311584,0.12700000405311584,0,0.0,0.0
2012-10-31 00:00:00+08:00,0.12700000405311584,0.12700000405311584,0.12700000405311584,0.12700000405311584,0,0.0,0.0
2012-11-01 00:00:00+08:00,0.12700000405311584,0.12700000405311584,0.12700000405311584,0.12700000405311584,0,0.0,0.0
2012-11-02 00:00:00+08:00,0.12700000405311584,0.12700000405311584,0.12700000405311584,0.12700000405311584,0,0.0,0.0
2012-11-05 00:00:00+08:00,0.12700000405311584,0.12700000405311584,0.12700000405311584,0.12700000405311584,0,0.0,0.0
2012-11-06 00:00:00+08:00,0.12700000405311584,0.12700000405311584,0.12700000405311584,0.12700000405311584,0,0.0,0.0
2012-11-07 00:00:00+08:00,0.12700000405311584,0.12700000405311584,0.12700000405311584,0.12700000405311584,0,0.0,0.0
2012-11-08 00:00:00+08:00,0.12700000405311584,0.12700000405311584,0.12700000405311584,0.12700000405311584,0,0.0,0.0
2012-11-09 00:00:00+08:00,0.12700000405311584,0.12700000405311584,0.12700000405311584,0.12700000405311584,0,0.0,0.0
2012-11-12 00:00:00+08:00,0.12700000405311584,0.12700000405311584,0.12700000405311584,0.12700000405311584,0,0.0,0.0
2012-11-14 00:00:00+08:00,0.12700000405311584,0.12700000405311584,0.12700000405311584,0.12700000405311584,0,0.0,0.0
2012-11-15 00:00:00+08:00,0.12700000405311584,0.12700000405311584,0.12700000405311584,0.12700000405311584,0,0.0,0.0
2012-11-16 00:00:00+08:00,0.12700000405311584,0.12700000405311584,0.12700000405311584,0.12700000405311584,0,0.0,0.0
2012-11-19 00:00:00+08:00,0.12700000405311584,0.12700000405311584,0.12700000405311584,0.12700000405311584,0,0.0,0.0
2012-11-20 00:00:00+08:00,0.12700000405311584,0.12700000405311584,0.12700000405311584,0.12700000405311584,0,0.0,0.0
2012-11-21 00:00:00+08:00,0.12700000405311584,0.12700000405311584,0.12700000405311584,0.12700000405311584,0,0.0,0.0
2012-11-22 00:00:00+08:00,0.12700000405311584,0.12700000405311584,0.12700000405311584,0.12700000405311584,0,0.0,0.0
2012-11-23 00:00:00+08:00,0.12700000405311584,0.12700000405311584,0.12700000405311584,0.12700000405311584,0,0.0,0.0
2012-11-26 00:00:00+08:00,0.12700000405311584,0.12700000405311584,0.12700000405311584,0.12700000405311584,0,0.0,0.0
2012-11-27 00:00:00+08:00,0.12700000405311584,0.12700000405311584,0.12700000405311584,0.12700000405311584,0,0.0,0.0
2012-11-28 00:00:00+08:00,0.12700000405311584,0.12700000405311584,0.12700000405311584,0.12700000405311584,0,0.0,0.0
2012-11-29 00:00:00+08:00,0.12700000405311584,0.12700000405311584,0.12700000405311584,0.12700000405311584,0,0.0,0.0
2012-11-30 00:00:00+08:00,0.12700000405311584,0.12700000405311584,0.12700000405311584,0.12700000405311584,0,0.0,0.0
2012-12-03 00:00:00+08:00,0.12700000405311584,0.12700000405311584,0.12700000405311584,0.12700000405311584,0,0.0,0.0
2012-12-04 00:00:00+08:00,0.12700000405311584,0.12700000405311584,0.12700000405311584,0.12700000405311584,0,0.0,0.0
2012-12-05 00:00:00+08:00,0.12700000405311584,0.12700000405311584,0.12700000405311584,0.12700000405311584,0,0.0,0.0
2012-12-06 00:00:00+08:00,0.12700000405311584,0.12700000405311584,0.12700000405311584,0.12700000405311584,0,0.0,0.0
2012-12-07 00:00:00+08:00,0.12700000405311584,0.12700000405311584,0.12700000405311584,0.12700000405311584,0,0.0,0.0
2012-12-10 00:00:00+08:00,0.12700000405311584,0.12700000405311584,0.12700000405311584,0.12700000405311584,0,0.0,0.0
2012-12-11 00:00:00+08:00,0.12700000405311584,0.12700000405311584,0.12700000405311584,0.12700000405311584,0,0.0,0.0
2012-12-12 00:00:00+08:00,0.12700000405311584,0.12700000405311584,0.12700000405311584,0.12700000405311584,0,0.0,0.0
2012-12-13 00:00:00+08:00,0.12700000405311584,0.12700000405311584,0.12700000405311584,0.12700000405311584,0,0.0,0.0
2012-12-14 00:00:00+08:00,0.12700000405311584,0.12700000405311584,0.12700000405311584,0.12700000405311584,0,0.0,0.0
2012-12-17 00:00:00+08:00,0.12700000405311584,0.12700000405311584,0.12700000405311584,0.12700000405311584,0,0.0,0.0
2012-12-18 00:00:00+08:00,0.12700000405311584,0.12700000405311584,0.12700000405311584,0.12700000405311584,0,0.0,0.0
2012-12-19 00:00:00+08:00,0.12700000405311584,0.12700000405311584,0.12700000405311584,0.12700000405311584,0,0.0,0.0
2012-12-20 00:00:00+08:00,0.12700000405311584,0.12700000405311584,0.12700000405311584,0.12700000405311584,0,0.0,0.0
2012-12-21 00:00:00+08:00,0.12700000405311584,0.12700000405311584,0.12700000405311584,0.12700000405311584,0,0.0,0.0
2012-12-24 00:00:00+08:00,0.12700000405311584,0.12700000405311584,0.12700000405311584,0.12700000405311584,0,0.0,0.0
2012-12-26 00:00:00+08:00,0.12700000405311584,0.12700000405311584,0.12700000405311584,0.12700000405311584,0,0.0,0.0
2012-12-27 00:00:00+08:00,0.12700000405311584,0.12700000405311584,0.12700000405311584,0.12700000405311584,0,0.0,0.0
2012-12-28 00:00:00+08:00,0.12700000405311584,0.12700000405311584,0.12700000405311584,0.12700000405311584,0,0.0,0.0
2012-12-31 00:00:00+08:00,0.12700000405311584,0.12700000405311584,0.12700000405311584,0.12700000405311584,0,0.0,0.0
2013-01-02 00:00:00+08:00,0.12700000405311584,0.12700000405311584,0.12700000405311584,0.12700000405311584,0,0.0,0.0
2013-01-03 00:00:00+08:00,0.12700000405311584,0.12700000405311584,0.12700000405311584,0.12700000405311584,0,0.0,0.0
2013-01-04 00:00:00+08:00,0.12700000405311584,0.12700000405311584,0.12700000405311584,0.12700000405311584,0,0.0,0.0
2013-01-07 00:00:00+08:00,0.12700000405311584,0.12700000405311584,0.12700000405311584,0.12700000405311584,0,0.0,0.0
2013-01-08 00:00:00+08:00,0.12700000405311584,0.12700000405311584,0.12700000405311584,0.12700000405311584,0,0.0,0.0
2013-01-09 00:00:00+08:00,0.12700000405311584,0.12700000405311584,0.12700000405311584,0.12700000405311584,0,0.0,0.0
2013-01-10 00:00:00+08:00,0.12700000405311584,0.12700000405311584,0.12700000405311584,0.12700000405311584,0,0.0,0.0
2013-01-11 00:00:00+08:00,0.12700000405311584,0.12700000405311584,0.12700000405311584,0.12700000405311584,0,0.0,0.0
2013-01-14 00:00:00+08:00,0.12700000405311584,0.12700000405311584,0.12700000405311584,0.12700000405311584,0,0.0,0.0
2013-01-15 00:00:00+08:00,0.12700000405311584,0.12700000405311584,0.12700000405311584,0.12700000405311584,0,0.0,0.0
2013-01-16 00:00:00+08:00,0.12700000405311584,0.12700000405311584,0.12700000405311584,0.12700000405311584,0,0.0,0.0
2013-01-17 00:00:00+08:00,0.12700000405311584,0.12700000405311584,0.12700000405311584,0.12700000405311584,0,0.0,0.0
2013-01-18 00:00:00+08:00,0.12700000405311584,0.12700000405311584,0.12700000405311584,0.12700000405311584,0,0.0,0.0
2013-01-21 00:00:00+08:00,0.12700000405311584,0.12700000405311584,0.12700000405311584,0.12700000405311584,0,0.0,0.0
2013-01-22 00:00:00+08:00,0.12700000405311584,0.12700000405311584,0.12700000405311584,0.12700000405311584,0,0.0,0.0
2013-01-23 00:00:00+08:00,0.12700000405311584,0.12700000405311584,0.12700000405311584,0.12700000405311584,0,0.0,0.0
2013-01-24 00:00:00+08:00,0.12700000405311584,0.12700000405311584,0.12700000405311584,0.12700000405311584,0,0.0,0.0
2013-01-25 00:00:00+08:00,0.12700000405311584,0.12700000405311584,0.12700000405311584,0.12700000405311584,0,0.0,0.0
2013-01-28 00:00:00+08:00,0.12700000405311584,0.12700000405311584,0.12700000405311584,0.12700000405311584,0,0.0,0.0
2013-01-29 00:00:00+08:00,0.12700000405311584,0.12700000405311584,0.12700000405311584,0.12700000405311584,0,0.0,0.0
2013-01-30 00:00:00+08:00,0.12700000405311584,0.12700000405311584,0.12700000405311584,0.12700000405311584,0,0.0,0.0
2013-01-31 00:00:00+08:00,0.12700000405311584,0.12700000405311584,0.12700000405311584,0.12700000405311584,0,0.0,0.0
2013-02-01 00:00:00+08:00,0.12700000405311584,0.12700000405311584,0.12700000405311584,0.12700000405311584,0,0.0,0.0
2013-02-04 00:00:00+08:00,0.12700000405311584,0.12700000405311584,0.12700000405311584,0.12700000405311584,0,0.0,0.0
2013-02-05 00:00:00+08:00,0.12700000405311584,0.12700000405311584,0.12700000405311584,0.12700000405311584,0,0.0,0.0
2013-02-06 00:00:00+08:00,0.12700000405311584,0.12700000405311584,0.12700000405311584,0.12700000405311584,0,0.0,0.0
2013-02-07 00:00:00+08:00,0.12700000405311584,0.12700000405311584,0.12700000405311584,0.12700000405311584,0,0.0,0.0
2013-02-08 00:00:00+08:00,0.12700000405311584,0.12700000405311584,0.12700000405311584,0.12700000405311584,0,0.0,0.0
2013-02-13 00:00:00+08:00,0.12700000405311584,0.12700000405311584,0.12700000405311584,0.12700000405311584,0,0.0,0.0
2013-02-14 00:00:00+08:00,0.12700000405311584,0.12700000405311584,0.12700000405311584,0.12700000405311584,0,0.0,0.0
2013-02-15 00:00:00+08:00,0.12700000405311584,0.12700000405311584,0.12700000405311584,0.12700000405311584,0,0.0,0.0
2013-02-18 00:00:00+08:00,0.12700000405311584,0.12700000405311584,0.12700000405311584,0.12700000405311584,0,0.0,0.0
2013-02-19 00:00:00+08:00,0.12700000405311584,0.12700000405311584,0.12700000405311584,0.12700000405311584,0,0.0,0.0
2013-02-20 00:00:00+08:00,0.12700000405311584,0.12700000405311584,0.12700000405311584,0.12700000405311584,0,0.0,0.0
2013-02-21 00:00:00+08:00,0.12700000405311584,0.12700000405311584,0.12700000405311584,0.12700000405311584,0,0.0,0.0
2013-02-22 00:00:00+08:00,0.12700000405311584,0.12700000405311584,0.12700000405311584,0.12700000405311584,0,0.0,0.0
2013-02-25 00:00:00+08:00,0.12700000405311584,0.12700000405311584,0.12700000405311584,0.12700000405311584,0,0.0,0.0
2013-02-26 00:00:00+08:00,0.12700000405311584,0.12700000405311584,0.12700000405311584,0.12700000405311584,0,0.0,0.0
2013-02-27 00:00:00+08:00,0.12700000405311584,0.12700000405311584,0.12700000405311584,0.12700000405311584,0,0.0,0.0
2013-02-28 00:00:00+08:00,0.12700000405311584,0.12700000405311584,0.12700000405311584,0.12700000405311584,0,0.0,0.0
2013-03-01 00:00:00+08:00,0.12700000405311584,0.12700000405311584,0.12700000405311584,0.12700000405311584,0,0.0,0.0
2013-03-04 00:00:00+08:00,0.12700000405311584,0.12700000405311584,0.12700000405311584,0.12700000405311584,0,0.0,0.0
2013-03-05 00:00:00+08:00,0.12700000405311584,0.12700000405311584,0.12700000405311584,0.12700000405311584,0,0.0,0.0
2013-03-06 00:00:00+08:00,0.12700000405311584,0.12700000405311584,0.12700000405311584,0.12700000405311584,0,0.0,0.0
2013-03-07 00:00:00+08:00,0.12700000405311584,0.12700000405311584,0.12700000405311584,0.12700000405311584,0,0.0,0.0
2013-03-08 00:00:00+08:00,0.12700000405311584,0.12700000405311584,0.12700000405311584,0.12700000405311584,0,0.0,0.0
2013-03-11 00:00:00+08:00,0.12700000405311584,0.12700000405311584,0.12700000405311584,0.12700000405311584,0,0.0,0.0
2013-03-12 00:00:00+08:00,0.12700000405311584,0.12700000405311584,0.12700000405311584,0.12700000405311584,0,0.0,0.0
2013-03-13 00:00:00+08:00,0.12700000405311584,0.12700000405311584,0.12700000405311584,0.12700000405311584,0,0.0,0.0
2013-03-14 00:00:00+08:00,0.12700000405311584,0.12700000405311584,0.12700000405311584,0.12700000405311584,0,0.0,0.0
2013-03-15 00:00:00+08:00,0.12700000405311584,0.12700000405311584,0.12700000405311584,0.12700000405311584,0,0.0,0.0
2013-03-18 00:00:00+08:00,0.12700000405311584,0.12700000405311584,0.12700000405311584,0.12700000405311584,0,0.0,0.0
2013-03-19 00:00:00+08:00,0.12700000405311584,0.12700000405311584,0.12700000405311584,0.12700000405311584,0,0.0,0.0
2013-03-20 00:00:00+08:00,0.12700000405311584,0.12700000405311584,0.12700000405311584,0.12700000405311584,0,0.0,0.0
2013-03-21 00:00:00+08:00,0.12700000405311584,0.12700000405311584,0.12700000405311584,0.12700000405311584,0,0.0,0.0
2013-03-22 00:00:00+08:00,0.12700000405311584,0.12700000405311584,0.12700000405311584,0.12700000405311584,0,0.0,0.0
2013-03-25 00:00:00+08:00,0.12700000405311584,0.12700000405311584,0.12700000405311584,0.12700000405311584,0,0.0,0.0
2013-03-26 00:00:00+08:00,0.12700000405311584,0.12700000405311584,0.12700000405311584,0.12700000405311584,0,0.0,0.0
2013-03-27 00:00:00+08:00,0.12700000405311584,0.12700000405311584,0.12700000405311584,0.12700000405311584,0,0.0,0.0
2013-03-28 00:00:00+08:00,0.12700000405311584,0.12700000405311584,0.12700000405311584,0.12700000405311584,0,0.0,0.0
2013-04-01 00:00:00+08:00,0.12700000405311584,0.12700000405311584,0.12700000405311584,0.12700000405311584,0,0.0,0.0
2013-04-02 00:00:00+08:00,0.12700000405311584,0.12700000405311584,0.12700000405311584,0.12700000405311584,0,0.0,0.0
2013-04-03 00:00:00+08:00,0.12700000405311584,0.12700000405311584,0.12700000405311584,0.12700000405311584,0,0.0,0.0
2013-04-04 00:00:00+08:00,0.12700000405311584,0.12700000405311584,0.12700000405311584,0.12700000405311584,0,0.0,0.0
2013-04-05 00:00:00+08:00,0.12700000405311584,0.12700000405311584,0.12700000405311584,0.12700000405311584,0,0.0,0.0
2013-04-08 00:00:00+08:00,0.12700000405311584,0.12700000405311584,0.12700000405311584,0.12700000405311584,0,0.0,0.0
2013-04-09 00:00:00+08:00,0.12700000405311584,0.12700000405311584,0.12700000405311584,0.12700000405311584,0,0.0,0.0
2013-04-10 00:00:00+08:00,0.12700000405311584,0.12700000405311584,0.12700000405311584,0.12700000405311584,0,0.0,0.0
2013-04-11 00:00:00+08:00,0.12700000405311584,0.12700000405311584,0.12700000405311584,0.12700000405311584,0,0.0,0.0
2013-04-12 00:00:00+08:00,0.12700000405311584,0.12700000405311584,0.12700000405311584,0.12700000405311584,0,0.0,0.0
2013-04-15 00:00:00+08:00,0.12700000405311584,0.12700000405311584,0.12700000405311584,0.12700000405311584,0,0.0,0.0
2013-04-16 00:00:00+08:00,0.12700000405311584,0.12700000405311584,0.12700000405311584,0.12700000405311584,0,0.0,0.0
2013-04-17 00:00:00+08:00,0.12700000405311584,0.12700000405311584,0.12700000405311584,0.12700000405311584,0,0.0,0.0
2013-04-18 00:00:00+08:00,0.12700000405311584,0.12700000405311584,0.12700000405311584,0.12700000405311584,0,0.0,0.0
2013-04-19 00:00:00+08:00,0.12700000405311584,0.12700000405311584,0.12700000405311584,0.12700000405311584,0,0.0,0.0
2013-04-22 00:00:00+08:00,0.12700000405311584,0.12700000405311584,0.12700000405311584,0.12700000405311584,0,0.0,0.0
2013-04-23 00:00:00+08:00,0.12700000405311584,0.12700000405311584,0.12700000405311584,0.12700000405311584,0,0.0,0.0
2013-04-24 00:00:00+08:00,0.12700000405311584,0.12700000405311584,0.12700000405311584,0.12700000405311584,0,0.0,0.0
2013-04-25 00:00:00+08:00,0.12700000405311584,0.12700000405311584,0.12700000405311584,0.12700000405311584,0,0.0,0.0
2013-04-26 00:00:00+08:00,0.12700000405311584,0.12700000405311584,0.12700000405311584,0.12700000405311584,0,0.0,0.0
2013-04-29 00:00:00+08:00,0.12700000405311584,0.12700000405311584,0.12700000405311584,0.12700000405311584,0,0.0,0.0
2013-04-30 00:00:00+08:00,0.12700000405311584,0.12700000405311584,0.12700000405311584,0.12700000405311584,0,0.0,0.0
2013-05-02 00:00:00+08:00,0.12700000405311584,0.12700000405311584,0.12700000405311584,0.12700000405311584,0,0.0,0.0
2013-05-03 00:00:00+08:00,0.12700000405311584,0.12700000405311584,0.12700000405311584,0.12700000405311584,0,0.0,0.0
2013-05-06 00:00:00+08:00,0.12700000405311584,0.12700000405311584,0.12700000405311584,0.12700000405311584,0,0.0,0.0
2013-05-07 00:00:00+08:00,0.12700000405311584,0.12700000405311584,0.12700000405311584,0.12700000405311584,0,0.0,0.0
2013-05-08 00:00:00+08:00,0.12700000405311584,0.12700000405311584,0.12700000405311584,0.12700000405311584,0,0.0,0.0
2013-05-09 00:00:00+08:00,0.12700000405311584,0.12700000405311584,0.12700000405311584,0.12700000405311584,0,0.0,0.0
2013-05-10 00:00:00+08:00,0.12700000405311584,0.12700000405311584,0.12700000405311584,0.12700000405311584,0,0.0,0.0
2013-05-13 00:00:00+08:00,0.12700000405311584,0.12700000405311584,0.12700000405311584,0.12700000405311584,0,0.0,0.0
2013-05-14 00:00:00+08:00,0.12700000405311584,0.12700000405311584,0.12700000405311584,0.12700000405311584,0,0.0,0.0
2013-05-15 00:00:00+08:00,0.12700000405311584,0.12700000405311584,0.12700000405311584,0.12700000405311584,0,0.0,0.0
2013-05-16 00:00:00+08:00,0.12700000405311584,0.12700000405311584,0.12700000405311584,0.12700000405311584,0,0.0,0.0
2013-05-17 00:00:00+08:00,0.12700000405311584,0.12700000405311584,0.12700000405311584,0.12700000405311584,0,0.0,0.0
2013-05-20 00:00:00+08:00,0.12700000405311584,0.12700000405311584,0.12700000405311584,0.12700000405311584,0,0.0,0.0
2013-05-21 00:00:00+08:00,0.12700000405311584,0.12700000405311584,0.12700000405311584,0.12700000405311584,0,0.0,0.0
2013-05-22 00:00:00+08:00,0.12700000405311584,0.12700000405311584,0.12700000405311584,0.12700000405311584,0,0.0,0.0
2013-05-23 00:00:00+08:00,0.12700000405311584,0.12700000405311584,0.12700000405311584,0.12700000405311584,0,0.0,0.0
2013-05-27 00:00:00+08:00,0.12700000405311584,0.12700000405311584,0.12700000405311584,0.12700000405311584,0,0.0,0.0
2013-05-28 00:00:00+08:00,0.12700000405311584,0.12700000405311584,0.12700000405311584,0.12700000405311584,0,0.0,0.0
2013-05-29 00:00:00+08:00,0.12700000405311584,0.12700000405311584,0.12700000405311584,0.12700000405311584,0,0.0,0.0
2013-05-30 00:00:00+08:00,0.12700000405311584,0.12700000405311584,0.12700000405311584,0.12700000405311584,0,0.0,0.0
2013-05-31 00:00:00+08:00,0.12700000405311584,0.12700000405311584,0.12700000405311584,0.12700000405311584,0,0.0,0.0
2013-06-03 00:00:00+08:00,0.12700000405311584,0.12700000405311584,0.12700000405311584,0.12700000405311584,0,0.0,0.0
2013-06-04 00:00:00+08:00,0.12700000405311584,0.12700000405311584,0.12700000405311584,0.12700000405311584,0,0.0,0.0
2013-06-05 00:00:00+08:00,0.12700000405311584,0.12700000405311584,0.12700000405311584,0.12700000405311584,0,0.0,0.0
2013-06-06 00:00:00+08:00,0.12700000405311584,0.12700000405311584,0.12700000405311584,0.12700000405311584,0,0.0,0.0
2013-06-07 00:00:00+08:00,0.12700000405311584,0.12700000405311584,0.12700000405311584,0.12700000405311584,0,0.0,0.0
2013-06-10 00:00:00+08:00,0.12700000405311584,0.12700000405311584,0.12700000405311584,0.12700000405311584,0,0.0,0.0
2013-06-11 00:00:00+08:00,0.12700000405311584,0.12700000405311584,0.12700000405311584,0.12700000405311584,0,0.0,0.0
2013-06-12 00:00:00+08:00,0.12700000405311584,0.12700000405311584,0.12700000405311584,0.12700000405311584,0,0.0,0.0
2013-06-13 00:00:00+08:00,0.12700000405311584,0.12700000405311584,0.12700000405311584,0.12700000405311584,0,0.0,0.0
2013-06-14 00:00:00+08:00,0.12700000405311584,0.12700000405311584,0.12700000405311584,0.12700000405311584,0,0.0,0.0
2013-06-17 00:00:00+08:00,0.12700000405311584,0.12700000405311584,0.12700000405311584,0.12700000405311584,0,0.0,0.0
2013-06-18 00:00:00+08:00,0.12700000405311584,0.12700000405311584,0.12700000405311584,0.12700000405311584,0,0.0,0.0
2013-06-19 00:00:00+08:00,0.12700000405311584,0.12700000405311584,0.12700000405311584,0.12700000405311584,0,0.0,0.0
2013-06-20 00:00:00+08:00,0.12700000405311584,0.12700000405311584,0.12700000405311584,0.12700000405311584,0,0.0,0.0
2013-06-21 00:00:00+08:00,0.12700000405311584,0.12700000405311584,0.12700000405311584,0.12700000405311584,0,0.0,0.0
2013-06-24 00:00:00+08:00,0.12700000405311584,0.12700000405311584,0.12700000405311584,0.12700000405311584,0,0.0,0.0
2013-06-25 00:00:00+08:00,0.12700000405311584,0.12700000405311584,0.12700000405311584,0.12700000405311584,0,0.0,0.0
2013-06-26 00:00:00+08:00,0.12700000405311584,0.12700000405311584,0.12700000405311584,0.12700000405311584,0,0.0,0.0
2013-06-27 00:00:00+08:00,0.12700000405311584,0.12700000405311584,0.12700000405311584,0.12700000405311584,0,0.0,0.0
2013-06-28 00:00:00+08:00,0.12700000405311584,0.12700000405311584,0.12700000405311584,0.12700000405311584,0,0.0,0.0
2013-07-01 00:00:00+08:00,0.12700000405311584,0.12700000405311584,0.12700000405311584,0.12700000405311584,0,0.0,0.0
2013-07-02 00:00:00+08:00,0.12700000405311584,0.12700000405311584,0.12700000405311584,0.12700000405311584,0,0.0,0.0
2013-07-03 00:00:00+08:00,0.12700000405311584,0.12700000405311584,0.12700000405311584,0.12700000405311584,0,0.0,0.0
2013-07-04 00:00:00+08:00,0.12700000405311584,0.12700000405311584,0.12700000405311584,0.12700000405311584,0,0.0,0.0
2013-07-05 00:00:00+08:00,0.12700000405311584,0.12700000405311584,0.12700000405311584,0.12700000405311584,0,0.0,0.0
2013-07-08 00:00:00+08:00,0.12700000405311584,0.12700000405311584,0.12700000405311584,0.12700000405311584,0,0.0,0.0
2013-07-09 00:00:00+08:00,0.12700000405311584,0.12700000405311584,0.12700000405311584,0.12700000405311584,0,0.0,0.0
2013-07-10 00:00:00+08:00,0.12700000405311584,0.12700000405311584,0.12700000405311584,0.12700000405311584,0,0.0,0.0
2013-07-11 00:00:00+08:00,0.12700000405311584,0.12700000405311584,0.12700000405311584,0.12700000405311584,0,0.0,0.0
2013-07-12 00:00:00+08:00,0.12700000405311584,0.12700000405311584,0.12700000405311584,0.12700000405311584,0,0.0,0.0
2013-07-15 00:00:00+08:00,0.12700000405311584,0.12700000405311584,0.12700000405311584,0.12700000405311584,0,0.0,0.0
2013-07-16 00:00:00+08:00,0.12700000405311584,0.12700000405311584,0.12700000405311584,0.12700000405311584,0,0.0,0.0
2013-07-17 00:00:00+08:00,0.12700000405311584,0.12700000405311584,0.12700000405311584,0.12700000405311584,0,0.0,0.0
2013-07-18 00:00:00+08:00,0.12700000405311584,0.12700000405311584,0.12700000405311584,0.12700000405311584,0,0.0,0.0
2013-07-19 00:00:00+08:00,0.12700000405311584,0.12700000405311584,0.12700000405311584,0.12700000405311584,0,0.0,0.0
2013-07-22 00:00:00+08:00,0.12700000405311584,0.12700000405311584,0.12700000405311584,0.12700000405311584,0,0.0,0.0
2013-07-23 00:00:00+08:00,0.12700000405311584,0.12700000405311584,0.12700000405311584,0.12700000405311584,0,0.0,0.0
2013-07-24 00:00:00+08:00,0.12700000405311584,0.12700000405311584,0.12700000405311584,0.12700000405311584,0,0.0,0.0
2013-07-25 00:00:00+08:00,0.12700000405311584,0.12700000405311584,0.12700000405311584,0.12700000405311584,0,0.0,0.0
2013-07-26 00:00:00+08:00,0.12700000405311584,0.12700000405311584,0.12700000405311584,0.12700000405311584,0,0.0,0.0
2013-07-29 00:00:00+08:00,0.12700000405311584,0.12700000405311584,0.12700000405311584,0.12700000405311584,0,0.0,0.0
2013-07-30 00:00:00+08:00,0.12700000405311584,0.12700000405311584,0.12700000405311584,0.12700000405311584,0,0.0,0.0
2013-07-31 00:00:00+08:00,0.12700000405311584,0.12700000405311584,0.12700000405311584,0.12700000405311584,0,0.0,0.0
2013-08-01 00:00:00+08:00,0.12700000405311584,0.12700000405311584,0.12700000405311584,0.12700000405311584,0,0.0,0.0
2013-08-02 00:00:00+08:00,0.12700000405311584,0.12700000405311584,0.12700000405311584,0.12700000405311584,0,0.0,0.0
2013-08-05 00:00:00+08:00,0.12700000405311584,0.12700000405311584,0.12700000405311584,0.12700000405311584,0,0.0,0.0
2013-08-06 00:00:00+08:00,0.12700000405311584,0.12700000405311584,0.12700000405311584,0.12700000405311584,0,0.0,0.0
2013-08-07 00:00:00+08:00,0.12700000405311584,0.12700000405311584,0.12700000405311584,0.12700000405311584,0,0.0,0.0
2013-08-12 00:00:00+08:00,0.12700000405311584,0.12700000405311584,0.12700000405311584,0.12700000405311584,0,0.0,0.0
2013-08-13 00:00:00+08:00,0.12700000405311584,0.12700000405311584,0.12700000405311584,0.12700000405311584,0,0.0,0.0
2013-08-14 00:00:00+08:00,0.12700000405311584,0.12700000405311584,0.12700000405311584,0.12700000405311584,0,0.0,0.0
2013-08-15 00:00:00+08:00,0.12700000405311584,0.12700000405311584,0.12700000405311584,0.12700000405311584,0,0.0,0.0
2013-08-16 00:00:00+08:00,0.12700000405311584,0.12700000405311584,0.12700000405311584,0.12700000405311584,0,0.0,0.0
2013-08-19 00:00:00+08:00,0.12700000405311584,0.12700000405311584,0.12700000405311584,0.12700000405311584,0,0.0,0.0
2013-08-20 00:00:00+08:00,0.12700000405311584,0.12700000405311584,0.12700000405311584,0.12700000405311584,0,0.0,0.0
2013-08-21 00:00:00+08:00,0.12700000405311584,0.12700000405311584,0.12700000405311584,0.12700000405311584,0,0.0,0.0
2013-08-22 00:00:00+08:00,0.12700000405311584,0.12700000405311584,0.12700000405311584,0.12700000405311584,0,0.0,0.0
2013-08-23 00:00:00+08:00,0.12700000405311584,0.12700000405311584,0.12700000405311584,0.12700000405311584,0,0.0,0.0
2013-08-26 00:00:00+08:00,0.12700000405311584,0.12700000405311584,0.12700000405311584,0.12700000405311584,0,0.0,0.0
2013-08-27 00:00:00+08:00,0.12700000405311584,0.12700000405311584,0.12700000405311584,0.12700000405311584,0,0.0,0.0
2013-08-28 00:00:00+08:00,0.12700000405311584,0.12700000405311584,0.12700000405311584,0.12700000405311584,0,0.0,0.0
2013-08-29 00:00:00+08:00,0.12700000405311584,0.12700000405311584,0.12700000405311584,0.12700000405311584,0,0.0,0.0
2013-08-30 00:00:00+08:00,0.12700000405311584,0.12700000405311584,0.12700000405311584,0.12700000405311584,0,0.0,0.0
2013-09-02 00:00:00+08:00,0.12700000405311584,0.12700000405311584,0.12700000405311584,0.12700000405311584,0,0.0,0.0
2013-09-03 00:00:00+08:00,0.12700000405311584,0.12700000405311584,0.12700000405311584,0.12700000405311584,0,0.0,0.0
2013-09-04 00:00:00+08:00,0.12700000405311584,0.12700000405311584,0.12700000405311584,0.12700000405311584,0,0.0,0.0
2013-09-05 00:00:00+08:00,0.12700000405311584,0.12700000405311584,0.12700000405311584,0.12700000405311584,0,0.0,0.0
2013-09-06 00:00:00+08:00,0.12700000405311584,0.12700000405311584,0.12700000405311584,0.12700000405311584,0,0.0,0.0
2013-09-09 00:00:00+08:00,0.12700000405311584,0.12700000405311584,0.12700000405311584,0.12700000405311584,0,0.0,0.0
2013-09-10 00:00:00+08:00,0.12700000405311584,0.12700000405311584,0.12700000405311584,0.12700000405311584,0,0.0,0.0
2013-09-11 00:00:00+08:00,0.12700000405311584,0.12700000405311584,0.12700000405311584,0.12700000405311584,0,0.0,0.0
2013-09-12 00:00:00+08:00,0.12700000405311584,0.12700000405311584,0.12700000405311584,0.12700000405311584,0,0.0,0.0
2013-09-13 00:00:00+08:00,0.12700000405311584,0.12700000405311584,0.12700000405311584,0.12700000405311584,0,0.0,0.0
2013-09-16 00:00:00+08:00,0.12700000405311584,0.12700000405311584,0.12700000405311584,0.12700000405311584,0,0.0,0.0
2013-09-17 00:00:00+08:00,0.12700000405311584,0.12700000405311584,0.12700000405311584,0.12700000405311584,0,0.0,0.0
2013-09-18 00:00:00+08:00,0.12700000405311584,0.12700000405311584,0.12700000405311584,0.12700000405311584,0,0.0,0.0
2013-09-19 00:00:00+08:00,0.12700000405311584,0.12700000405311584,0.12700000405311584,0.12700000405311584,0,0.0,0.0
2013-09-20 00:00:00+08:00,0.12700000405311584,0.12700000405311584,0.12700000405311584,0.12700000405311584,0,0.0,0.0
2013-09-23 00:00:00+08:00,0.12700000405311584,0.12700000405311584,0.12700000405311584,0.12700000405311584,0,0.0,0.0
2013-09-24 00:00:00+08:00,0.12700000405311584,0.12700000405311584,0.12700000405311584,0.12700000405311584,0,0.0,0.0
2013-09-25 00:00:00+08:00,0.12700000405311584,0.12700000405311584,0.12700000405311584,0.12700000405311584,0,0.0,0.0
2013-09-26 00:00:00+08:00,0.12700000405311584,0.12700000405311584,0.12700000405311584,0.12700000405311584,0,0.0,0.0
2013-09-27 00:00:00+08:00,0.12700000405311584,0.12700000405311584,0.12700000405311584,0.12700000405311584,0,0.0,0.0
2013-09-30 00:00:00+08:00,0.12700000405311584,0.12700000405311584,0.12700000405311584,0.12700000405311584,0,0.0,0.0
2013-10-01 00:00:00+08:00,0.12700000405311584,0.12700000405311584,0.12700000405311584,0.12700000405311584,0,0.0,0.0
2013-10-02 00:00:00+08:00,0.12700000405311584,0.12700000405311584,0.12700000405311584,0.12700000405311584,0,0.0,0.0
2013-10-03 00:00:00+08:00,0.12700000405311584,0.12700000405311584,0.12700000405311584,0.12700000405311584,0,0.0,0.0
2013-10-04 00:00:00+08:00,0.12700000405311584,0.12700000405311584,0.12700000405311584,0.12700000405311584,0,0.0,0.0
2013-10-07 00:00:00+08:00,0.12700000405311584,0.12700000405311584,0.12700000405311584,0.12700000405311584,0,0.0,0.0
2013-10-08 00:00:00+08:00,0.12700000405311584,0.12700000405311584,0.12700000405311584,0.12700000405311584,0,0.0,0.0
2013-10-09 00:00:00+08:00,0.12700000405311584,0.12700000405311584,0.12700000405311584,0.12700000405311584,0,0.0,0.0
2013-10-10 00:00:00+08:00,0.12700000405311584,0.12700000405311584,0.12700000405311584,0.12700000405311584,0,0.0,0.0
2013-10-11 00:00:00+08:00,0.12700000405311584,0.12700000405311584,0.12700000405311584,0.12700000405311584,0,0.0,0.0
2013-10-14 00:00:00+08:00,0.12700000405311584,0.12700000405311584,0.12700000405311584,0.12700000405311584,0,0.0,0.0
2013-10-16 00:00:00+08:00,0.12700000405311584,0.12700000405311584,0.12700000405311584,0.12700000405311584,0,0.0,0.0
2013-10-17 00:00:00+08:00,0.12700000405311584,0.12700000405311584,0.12700000405311584,0.12700000405311584,0,0.0,0.0
2013-10-18 00:00:00+08:00,0.12700000405311584,0.12700000405311584,0.12700000405311584,0.12700000405311584,0,0.0,0.0
2013-10-21 00:00:00+08:00,0.12700000405311584,0.12700000405311584,0.12700000405311584,0.12700000405311584,0,0.0,0.0
2013-10-22 00:00:00+08:00,0.12700000405311584,0.12700000405311584,0.12700000405311584,0.12700000405311584,0,0.0,0.0
2013-10-23 00:00:00+08:00,0.12700000405311584,0.12700000405311584,0.12700000405311584,0.12700000405311584,0,0.0,0.0
2013-10-24 00:00:00+08:00,0.12700000405311584,0.12700000405311584,0.12700000405311584,0.12700000405311584,0,0.0,0.0
2013-10-25 00:00:00+08:00,0.12700000405311584,0.12700000405311584,0.12700000405311584,0.12700000405311584,0,0.0,0.0
2013-10-28 00:00:00+08:00,0.12700000405311584,0.12700000405311584,0.12700000405311584,0.12700000405311584,0,0.0,0.0
2013-10-29 00:00:00+08:00,0.12700000405311584,0.12700000405311584,0.12700000405311584,0.12700000405311584,0,0.0,0.0
2013-10-30 00:00:00+08:00,0.12700000405311584,0.12700000405311584,0.12700000405311584,0.12700000405311584,0,0.0,0.0
2013-10-31 00:00:00+08:00,0.12700000405311584,0.12700000405311584,0.12700000405311584,0.12700000405311584,0,0.0,0.0
2013-11-01 00:00:00+08:00,0.12700000405311584,0.12700000405311584,0.12700000405311584,0.12700000405311584,0,0.0,0.0
2013-11-05 00:00:00+08:00,0.12700000405311584,0.12700000405311584,0.12700000405311584,0.12700000405311584,0,0.0,0.0
2013-11-06 00:00:00+08:00,0.12700000405311584,0.12700000405311584,0.12700000405311584,0.12700000405311584,0,0.0,0.0
2013-11-07 00:00:00+08:00,0.12700000405311584,0.12700000405311584,0.12700000405311584,0.12700000405311584,0,0.0,0.0
2013-11-08 00:00:00+08:00,0.12700000405311584,0.12700000405311584,0.12700000405311584,0.12700000405311584,0,0.0,0.0
2013-11-11 00:00:00+08:00,0.12700000405311584,0.12700000405311584,0.12700000405311584,0.12700000405311584,0,0.0,0.0
2013-11-12 00:00:00+08:00,0.12700000405311584,0.12700000405311584,0.12700000405311584,0.12700000405311584,0,0.0,0.0
2013-11-13 00:00:00+08:00,0.12700000405311584,0.12700000405311584,0.12700000405311584,0.12700000405311584,0,0.0,0.0
2013-11-14 00:00:00+08:00,0.12700000405311584,0.12700000405311584,0.12700000405311584,0.12700000405311584,0,0.0,0.0
2013-11-15 00:00:00+08:00,0.12700000405311584,0.12700000405311584,0.12700000405311584,0.12700000405311584,0,0.0,0.0
2013-11-18 00:00:00+08:00,0.12700000405311584,0.12700000405311584,0.12700000405311584,0.12700000405311584,0,0.0,0.0
2013-11-19 00:00:00+08:00,0.12700000405311584,0.12700000405311584,0.12700000405311584,0.12700000405311584,0,0.0,0.0
2013-11-20 00:00:00+08:00,0.12700000405311584,0.12700000405311584,0.12700000405311584,0.12700000405311584,0,0.0,0.0
2013-11-21 00:00:00+08:00,0.12700000405311584,0.12700000405311584,0.12700000405311584,0.12700000405311584,0,0.0,0.0
2013-11-22 00:00:00+08:00,0.12700000405311584,0.12700000405311584,0.12700000405311584,0.12700000405311584,0,0.0,0.0
2013-11-25 00:00:00+08:00,0.12700000405311584,0.12700000405311584,0.12700000405311584,0.12700000405311584,0,0.0,0.0
2013-11-26 00:00:00+08:00,0.12700000405311584,0.12700000405311584,0.12700000405311584,0.12700000405311584,0,0.0,0.0
2013-11-27 00:00:00+08:00,0.12700000405311584,0.12700000405311584,0.12700000405311584,0.12700000405311584,0,0.0,0.0
2013-11-28 00:00:00+08:00,0.12700000405311584,0.12700000405311584,0.12700000405311584,0.12700000405311584,0,0.0,0.0
2013-11-29 00:00:00+08:00,0.12700000405311584,0.12700000405311584,0.12700000405311584,0.12700000405311584,0,0.0,0.0
2013-12-02 00:00:00+08:00,0.12700000405311584,0.12700000405311584,0.12700000405311584,0.12700000405311584,0,0.0,0.0
2013-12-03 00:00:00+08:00,0.12700000405311584,0.12700000405311584,0.12700000405311584,0.12700000405311584,0,0.0,0.0
2013-12-04 00:00:00+08:00,0.12700000405311584,0.12700000405311584,0.12700000405311584,0.12700000405311584,0,0.0,0.0
2013-12-05 00:00:00+08:00,0.12700000405311584,0.12700000405311584,0.12700000405311584,0.12700000405311584,0,0.0,0.0
2013-12-06 00:00:00+08:00,0.15000000596046448,0.1550000011920929,0.15000000596046448,0.1550000011920929,80000,0.0,0.0
2013-12-09 00:00:00+08:00,0.15399999916553497,0.1550000011920929,0.15399999916553497,0.1550000011920929,85000,0.0,0.0
2013-12-10 00:00:00+08:00,0.15199999511241913,0.1550000011920929,0.1509999930858612,0.1550000011920929,555000,0.0,0.0
2013-12-11 00:00:00+08:00,0.1550000011920929,0.1550000011920929,0.1550000011920929,0.1550000011920929,0,0.0,0.0
2013-12-12 00:00:00+08:00,0.1550000011920929,0.1550000011920929,0.1550000011920929,0.1550000011920929,0,0.0,0.0
2013-12-13 00:00:00+08:00,0.1550000011920929,0.1550000011920929,0.1550000011920929,0.1550000011920929,0,0.0,0.0
2013-12-16 00:00:00+08:00,0.18000000715255737,0.1899999976158142,0.17499999701976776,0.17599999904632568,6266000,0.0,0.0
2013-12-17 00:00:00+08:00,0.17599999904632568,0.17599999904632568,0.16099999845027924,0.16099999845027924,1715000,0.0,0.0
2013-12-18 00:00:00+08:00,0.15700000524520874,0.15700000524520874,0.1509999930858612,0.15299999713897705,740000,0.0,0.0
2013-12-19 00:00:00+08:00,0.15199999511241913,0.15199999511241913,0.15000000596046448,0.1509999930858612,280000,0.0,0.0
2013-12-20 00:00:00+08:00,0.1509999930858612,0.15299999713897705,0.14800000190734863,0.15000000596046448,420000,0.0,0.0
2013-12-23 00:00:00+08:00,0.14800000190734863,0.14800000190734863,0.14300000667572021,0.14300000667572021,832000,0.0,0.0
2013-12-24 00:00:00+08:00,0.1420000046491623,0.15399999916553497,0.1420000046491623,0.1509999930858612,522000,0.0,0.0
2013-12-26 00:00:00+08:00,0.15299999713897705,0.15299999713897705,0.1459999978542328,0.14900000393390656,85000,0.0,0.0
2013-12-27 00:00:00+08:00,0.14800000190734863,0.14900000393390656,0.14800000190734863,0.14800000190734863,206000,0.0,0.0
2013-12-30 00:00:00+08:00,0.15000000596046448,0.15600000321865082,0.15000000596046448,0.15199999511241913,1595000,0.0,0.0
2013-12-31 00:00:00+08:00,0.1509999930858612,0.1589999943971634,0.1509999930858612,0.15199999511241913,906000,0.0,0.0
2014-01-02 00:00:00+08:00,0.14800000190734863,0.1550000011920929,0.1459999978542328,0.1550000011920929,409000,0.0,0.0
2014-01-03 00:00:00+08:00,0.1509999930858612,0.1509999930858612,0.14900000393390656,0.14900000393390656,233000,0.0,0.0
2014-01-06 00:00:00+08:00,0.14900000393390656,0.14900000393390656,0.14800000190734863,0.14800000190734863,140000,0.0,0.0
2014-01-07 00:00:00+08:00,0.1459999978542328,0.14900000393390656,0.14499999582767487,0.14900000393390656,145000,0.0,0.0
2014-01-08 00:00:00+08:00,0.14800000190734863,0.14900000393390656,0.1459999978542328,0.1459999978542328,93000,0.0,0.0
2014-01-09 00:00:00+08:00,0.1459999978542328,0.14800000190734863,0.1459999978542328,0.14800000190734863,140000,0.0,0.0
2014-01-10 00:00:00+08:00,0.1459999978542328,0.15399999916553497,0.1420000046491623,0.15000000596046448,1385000,0.0,0.0
2014-01-13 00:00:00+08:00,0.1509999930858612,0.15199999511241913,0.15000000596046448,0.15000000596046448,125000,0.0,0.0
2014-01-14 00:00:00+08:00,0.14900000393390656,0.14900000393390656,0.14900000393390656,0.14900000393390656,55000,0.0,0.0
2014-01-15 00:00:00+08:00,0.15000000596046448,0.15000000596046448,0.14800000190734863,0.15000000596046448,170000,0.0,0.0
2014-01-16 00:00:00+08:00,0.14900000393390656,0.14900000393390656,0.14399999380111694,0.1469999998807907,188000,0.0,0.0
2014-01-17 00:00:00+08:00,0.1469999998807907,0.1599999964237213,0.1459999978542328,0.15000000596046448,110000,0.0,0.0
2014-01-20 00:00:00+08:00,0.1550000011920929,0.1550000011920929,0.14900000393390656,0.15299999713897705,392000,0.0,0.0
2014-01-21 00:00:00+08:00,0.1509999930858612,0.15199999511241913,0.14900000393390656,0.1509999930858612,445000,0.0,0.0
2014-01-22 00:00:00+08:00,0.1509999930858612,0.1509999930858612,0.1509999930858612,0.1509999930858612,0,0.0,0.0
2014-01-23 00:00:00+08:00,0.1509999930858612,0.1509999930858612,0.1509999930858612,0.1509999930858612,0,0.0,0.0
2014-01-24 00:00:00+08:00,0.1509999930858612,0.1509999930858612,0.1509999930858612,0.1509999930858612,0,0.0,0.0
2014-01-27 00:00:00+08:00,0.13500000536441803,0.15000000596046448,0.13500000536441803,0.15000000596046448,62000,0.0,0.0
2014-01-28 00:00:00+08:00,0.14900000393390656,0.14900000393390656,0.14900000393390656,0.14900000393390656,35000,0.0,0.0
2014-01-29 00:00:00+08:00,0.14900000393390656,0.14900000393390656,0.14900000393390656,0.14900000393390656,0,0.0,0.0
2014-01-30 00:00:00+08:00,0.14100000262260437,0.14100000262260437,0.14000000059604645,0.14000000059604645,25000,0.0,0.0
2014-02-03 00:00:00+08:00,0.14800000190734863,0.14800000190734863,0.14800000190734863,0.14800000190734863,1000,0.0,0.0
2014-02-04 00:00:00+08:00,0.13899999856948853,0.14399999380111694,0.1379999965429306,0.14399999380111694,61000,0.0,0.0
2014-02-05 00:00:00+08:00,0.1420000046491623,0.14800000190734863,0.1420000046491623,0.14800000190734863,40000,0.0,0.0
2014-02-06 00:00:00+08:00,0.14100000262260437,0.14100000262260437,0.14100000262260437,0.14100000262260437,59000,0.0,0.0
2014-02-07 00:00:00+08:00,0.14100000262260437,0.14100000262260437,0.14100000262260437,0.14100000262260437,0,0.0,0.0
2014-02-10 00:00:00+08:00,0.1420000046491623,0.1420000046491623,0.13600000739097595,0.13600000739097595,160000,0.0,0.0
2014-02-11 00:00:00+08:00,0.13600000739097595,0.13600000739097595,0.13600000739097595,0.13600000739097595,0,0.0,0.0
2014-02-12 00:00:00+08:00,0.13699999451637268,0.13699999451637268,0.13600000739097595,0.13600000739097595,25000,0.0,0.0
2014-02-13 00:00:00+08:00,0.14800000190734863,0.14800000190734863,0.14800000190734863,0.14800000190734863,35000,0.0,0.0
2014-02-14 00:00:00+08:00,0.14800000190734863,0.14800000190734863,0.14800000190734863,0.14800000190734863,0,0.0,0.0
2014-02-17 00:00:00+08:00,0.14300000667572021,0.14300000667572021,0.14000000059604645,0.14000000059604645,110000,0.0,0.0
2014-02-18 00:00:00+08:00,0.14000000059604645,0.14000000059604645,0.14000000059604645,0.14000000059604645,100000,0.0,0.0
2014-02-19 00:00:00+08:00,0.1379999965429306,0.1379999965429306,0.13699999451637268,0.13699999451637268,83000,0.0,0.0
2014-02-20 00:00:00+08:00,0.14800000190734863,0.14800000190734863,0.13699999451637268,0.13699999451637268,65000,0.0,0.0
2014-02-21 00:00:00+08:00,0.1420000046491623,0.14399999380111694,0.1420000046491623,0.14399999380111694,30000,0.0,0.0
2014-02-24 00:00:00+08:00,0.13699999451637268,0.14800000190734863,0.13699999451637268,0.14800000190734863,204000,0.0,0.0
2014-02-25 00:00:00+08:00,0.1379999965429306,0.14000000059604645,0.1379999965429306,0.13899999856948853,222000,0.0,0.0
2014-02-26 00:00:00+08:00,0.14000000059604645,0.14000000059604645,0.1379999965429306,0.14000000059604645,210000,0.0,0.0
2014-02-27 00:00:00+08:00,0.1379999965429306,0.1379999965429306,0.1379999965429306,0.1379999965429306,25000,0.0,0.0
2014-02-28 00:00:00+08:00,0.14499999582767487,0.14499999582767487,0.14000000059604645,0.14000000059604645,36000,0.0,0.0
2014-03-03 00:00:00+08:00,0.13600000739097595,0.13600000739097595,0.13500000536441803,0.13500000536441803,200000,0.0,0.0
2014-03-04 00:00:00+08:00,0.14300000667572021,0.14300000667572021,0.13600000739097595,0.13600000739097595,267000,0.0,0.0
2014-03-05 00:00:00+08:00,0.13600000739097595,0.13600000739097595,0.13600000739097595,0.13600000739097595,0,0.0,0.0
2014-03-06 00:00:00+08:00,0.13600000739097595,0.13600000739097595,0.13600000739097595,0.13600000739097595,0,0.0,0.0
2014-03-07 00:00:00+08:00,0.13300000131130219,0.13899999856948853,0.13300000131130219,0.13899999856948853,106000,0.0,0.0
2014-03-10 00:00:00+08:00,0.13300000131130219,0.13500000536441803,0.13300000131130219,0.13500000536441803,81000,0.0,0.0
2014-03-11 00:00:00+08:00,0.12999999523162842,0.13500000536441803,0.12999999523162842,0.13500000536441803,175000,0.0,0.0
2014-03-12 00:00:00+08:00,0.13500000536441803,0.13500000536441803,0.13500000536441803,0.13500000536441803,0,0.0,0.0
2014-03-13 00:00:00+08:00,0.13199999928474426,0.13199999928474426,0.13199999928474426,0.13199999928474426,60000,0.0,0.0
2014-03-14 00:00:00+08:00,0.12999999523162842,0.12999999523162842,0.12999999523162842,0.12999999523162842,54000,0.0,0.0
2014-03-17 00:00:00+08:00,0.1289999932050705,0.1289999932050705,0.1289999932050705,0.1289999932050705,85000,0.0,0.0
2014-03-18 00:00:00+08:00,0.1289999932050705,0.1289999932050705,0.1289999932050705,0.1289999932050705,0,0.0,0.0
2014-03-19 00:00:00+08:00,0.1289999932050705,0.1289999932050705,0.12800000607967377,0.12800000607967377,248000,0.0,0.0
2014-03-20 00:00:00+08:00,0.12800000607967377,0.12800000607967377,0.12800000607967377,0.12800000607967377,101000,0.0,0.0
2014-03-21 00:00:00+08:00,0.12800000607967377,0.12800000607967377,0.12800000607967377,0.12800000607967377,0,0.0,0.0
2014-03-24 00:00:00+08:00,0.12800000607967377,0.12800000607967377,0.12800000607967377,0.12800000607967377,0,0.0,0.0
2014-03-25 00:00:00+08:00,0.12700000405311584,0.13600000739097595,0.12700000405311584,0.13500000536441803,180000,0.0,0.0
2014-03-26 00:00:00+08:00,0.13699999451637268,0.13699999451637268,0.13699999451637268,0.13699999451637268,20000,0.0,0.0
2014-03-27 00:00:00+08:00,0.1379999965429306,0.1379999965429306,0.1379999965429306,0.1379999965429306,20000,0.0,0.0
2014-03-28 00:00:00+08:00,0.14000000059604645,0.14000000059604645,0.1379999965429306,0.1379999965429306,60000,0.0,0.0
2014-03-31 00:00:00+08:00,0.13899999856948853,0.13899999856948853,0.13899999856948853,0.13899999856948853,129000,0.0,0.0
2014-04-01 00:00:00+08:00,0.13899999856948853,0.13899999856948853,0.13600000739097595,0.1379999965429306,91000,0.0,0.0
2014-04-02 00:00:00+08:00,0.13899999856948853,0.14300000667572021,0.13899999856948853,0.14000000059604645,269000,0.0,0.0
2014-04-03 00:00:00+08:00,0.13899999856948853,0.14300000667572021,0.13899999856948853,0.14300000667572021,173000,0.0,0.0
2014-04-04 00:00:00+08:00,0.1420000046491623,0.1420000046491623,0.14000000059604645,0.1420000046491623,113000,0.0,0.0
2014-04-07 00:00:00+08:00,0.1420000046491623,0.1420000046491623,0.13899999856948853,0.13899999856948853,155000,0.0,0.0
2014-04-08 00:00:00+08:00,0.14000000059604645,0.14000000059604645,0.14000000059604645,0.14000000059604645,45000,0.0,0.0
2014-04-09 00:00:00+08:00,0.14000000059604645,0.14000000059604645,0.14000000059604645,0.14000000059604645,30000,0.0,0.0
2014-04-10 00:00:00+08:00,0.14000000059604645,0.14000000059604645,0.14000000059604645,0.14000000059604645,0,0.0,0.0
2014-04-11 00:00:00+08:00,0.14000000059604645,0.14000000059604645,0.14000000059604645,0.14000000059604645,0,0.0,0.0
2014-04-14 00:00:00+08:00,0.14000000059604645,0.14000000059604645,0.14000000059604645,0.14000000059604645,0,0.0,0.0
2014-04-15 00:00:00+08:00,0.1379999965429306,0.1379999965429306,0.1379999965429306,0.1379999965429306,45000,0.0,0.0
2014-04-16 00:00:00+08:00,0.1379999965429306,0.1379999965429306,0.1379999965429306,0.1379999965429306,0,0.0,0.0
2014-04-17 00:00:00+08:00,0.14000000059604645,0.14000000059604645,0.14000000059604645,0.14000000059604645,50000,0.0,0.0
2014-04-21 00:00:00+08:00,0.14000000059604645,0.14000000059604645,0.14000000059604645,0.14000000059604645,0,0.0,0.0
2014-04-22 00:00:00+08:00,0.14000000059604645,0.14000000059604645,0.14000000059604645,0.14000000059604645,195000,0.0,0.0
2014-04-23 00:00:00+08:00,0.14000000059604645,0.14000000059604645,0.14000000059604645,0.14000000059604645,5000,0.0,0.0
2014-04-24 00:00:00+08:00,0.13899999856948853,0.13899999856948853,0.13899999856948853,0.13899999856948853,40000,0.0,0.0
2014-04-25 00:00:00+08:00,0.13899999856948853,0.13899999856948853,0.13699999451637268,0.13899999856948853,45000,0.0,0.0
2014-04-28 00:00:00+08:00,0.13899999856948853,0.13899999856948853,0.13899999856948853,0.13899999856948853,0,0.0,0.0
2014-04-29 00:00:00+08:00,0.13899999856948853,0.13899999856948853,0.13899999856948853,0.13899999856948853,50000,0.0,0.0
2014-04-30 00:00:00+08:00,0.13899999856948853,0.13899999856948853,0.13899999856948853,0.13899999856948853,0,0.0,0.0
2014-05-02 00:00:00+08:00,0.13899999856948853,0.13899999856948853,0.13899999856948853,0.13899999856948853,0,0.0,0.0
2014-05-05 00:00:00+08:00,0.13099999725818634,0.1379999965429306,0.125,0.1379999965429306,355000,0.0,0.0
2014-05-06 00:00:00+08:00,0.1379999965429306,0.1379999965429306,0.1379999965429306,0.1379999965429306,0,0.0,0.0
2014-05-07 00:00:00+08:00,0.1379999965429306,0.1379999965429306,0.1379999965429306,0.1379999965429306,0,0.0,0.0
2014-05-08 00:00:00+08:00,0.1379999965429306,0.1379999965429306,0.1379999965429306,0.1379999965429306,1000,0.0,0.0
2014-05-09 00:00:00+08:00,0.1379999965429306,0.1379999965429306,0.1379999965429306,0.1379999965429306,1000,0.0,0.0
2014-05-12 00:00:00+08:00,0.1379999965429306,0.1379999965429306,0.1379999965429306,0.1379999965429306,80000,0.0,0.0
2014-05-14 00:00:00+08:00,0.1379999965429306,0.1379999965429306,0.1379999965429306,0.1379999965429306,0,0.0,0.0
2014-05-15 00:00:00+08:00,0.1379999965429306,0.1379999965429306,0.1379999965429306,0.1379999965429306,0,0.0,0.0
2014-05-16 00:00:00+08:00,0.12800000607967377,0.12800000607967377,0.12600000202655792,0.12600000202655792,45000,0.0,0.0
2014-05-19 00:00:00+08:00,0.12600000202655792,0.12600000202655792,0.12600000202655792,0.12600000202655792,0,0.0,0.0
2014-05-20 00:00:00+08:00,0.125,0.125,0.125,0.125,50000,0.0,0.0
2014-05-21 00:00:00+08:00,0.12999999523162842,0.12999999523162842,0.12399999797344208,0.12999999523162842,162000,0.0,0.0
2014-05-22 00:00:00+08:00,0.12999999523162842,0.12999999523162842,0.12999999523162842,0.12999999523162842,0,0.0,0.0
2014-05-23 00:00:00+08:00,0.12999999523162842,0.12999999523162842,0.12999999523162842,0.12999999523162842,0,0.0,0.0
2014-05-26 00:00:00+08:00,0.12700000405311584,0.13099999725818634,0.12700000405311584,0.13099999725818634,52000,0.0,0.0
2014-05-27 00:00:00+08:00,0.125,0.12999999523162842,0.12399999797344208,0.12999999523162842,151000,0.0,0.0
2014-05-28 00:00:00+08:00,0.12999999523162842,0.12999999523162842,0.12999999523162842,0.12999999523162842,0,0.0,0.0
2014-05-29 00:00:00+08:00,0.12099999934434891,0.13699999451637268,0.12099999934434891,0.13699999451637268,5000,0.0,0.0
2014-05-30 00:00:00+08:00,0.13699999451637268,0.13699999451637268,0.13699999451637268,0.13699999451637268,0,0.0,0.0
2014-06-02 00:00:00+08:00,0.13699999451637268,0.13699999451637268,0.13699999451637268,0.13699999451637268,0,0.0,0.0
2014-06-03 00:00:00+08:00,0.13699999451637268,0.13699999451637268,0.13699999451637268,0.13699999451637268,0,0.0,0.0
2014-06-04 00:00:00+08:00,0.12300000339746475,0.13699999451637268,0.12300000339746475,0.13699999451637268,11000,0.0,0.0
2014-06-05 00:00:00+08:00,0.12200000137090683,0.125,0.12200000137090683,0.125,100000,0.0,0.0
2014-06-06 00:00:00+08:00,0.125,0.125,0.125,0.125,0,0.0,0.0
2014-06-09 00:00:00+08:00,0.125,0.125,0.125,0.125,0,0.0,0.0
2014-06-10 00:00:00+08:00,0.125,0.125,0.125,0.125,41000,0.0,0.0
2014-06-11 00:00:00+08:00,0.125,0.125,0.125,0.125,0,0.0,0.0
2014-06-12 00:00:00+08:00,0.125,0.125,0.125,0.125,0,0.0,0.0
2014-06-13 00:00:00+08:00,0.12999999523162842,0.12999999523162842,0.12999999523162842,0.12999999523162842,24000,0.0,0.0
2014-06-16 00:00:00+08:00,0.12999999523162842,0.12999999523162842,0.12999999523162842,0.12999999523162842,0,0.0,0.0
2014-06-17 00:00:00+08:00,0.12999999523162842,0.12999999523162842,0.12999999523162842,0.12999999523162842,0,0.0,0.0
2014-06-18 00:00:00+08:00,0.12999999523162842,0.12999999523162842,0.12999999523162842,0.12999999523162842,0,0.0,0.0
2014-06-19 00:00:00+08:00,0.12999999523162842,0.12999999523162842,0.12999999523162842,0.12999999523162842,0,0.0,0.0
2014-06-20 00:00:00+08:00,0.12999999523162842,0.12999999523162842,0.12999999523162842,0.12999999523162842,0,0.0,0.0
2014-06-23 00:00:00+08:00,0.12999999523162842,0.12999999523162842,0.12999999523162842,0.12999999523162842,0,0.0,0.0
2014-06-24 00:00:00+08:00,0.12999999523162842,0.12999999523162842,0.12999999523162842,0.12999999523162842,0,0.0,0.0
2014-06-25 00:00:00+08:00,0.12999999523162842,0.12999999523162842,0.12999999523162842,0.12999999523162842,0,0.0,0.0
2014-06-26 00:00:00+08:00,0.12099999934434891,0.12099999934434891,0.12099999934434891,0.12099999934434891,50000,0.0,0.0
2014-06-27 00:00:00+08:00,0.12999999523162842,0.12999999523162842,0.12999999523162842,0.12999999523162842,5000,0.0,0.0
2014-06-30 00:00:00+08:00,0.11999999731779099,0.12999999523162842,0.11999999731779099,0.12999999523162842,60000,0.0,0.0
2014-07-01 00:00:00+08:00,0.12999999523162842,0.12999999523162842,0.12999999523162842,0.12999999523162842,0,0.0,0.0
2014-07-02 00:00:00+08:00,0.12999999523162842,0.12999999523162842,0.12999999523162842,0.12999999523162842,0,0.0,0.0
2014-07-03 00:00:00+08:00,0.12999999523162842,0.12999999523162842,0.12999999523162842,0.12999999523162842,0,0.0,0.0
2014-07-04 00:00:00+08:00,0.12999999523162842,0.12999999523162842,0.12999999523162842,0.12999999523162842,0,0.0,0.0
2014-07-07 00:00:00+08:00,0.12999999523162842,0.12999999523162842,0.12999999523162842,0.12999999523162842,0,0.0,0.0
2014-07-08 00:00:00+08:00,0.12999999523162842,0.12999999523162842,0.12999999523162842,0.12999999523162842,0,0.0,0.0
2014-07-09 00:00:00+08:00,0.12999999523162842,0.12999999523162842,0.12999999523162842,0.12999999523162842,0,0.0,0.0
2014-07-10 00:00:00+08:00,0.12999999523162842,0.12999999523162842,0.12999999523162842,0.12999999523162842,0,0.0,0.0
2014-07-11 00:00:00+08:00,0.12999999523162842,0.12999999523162842,0.12999999523162842,0.12999999523162842,0,0.0,0.0
2014-07-14 00:00:00+08:00,0.12999999523162842,0.12999999523162842,0.12999999523162842,0.12999999523162842,0,0.0,0.0
2014-07-15 00:00:00+08:00,0.12999999523162842,0.12999999523162842,0.12999999523162842,0.12999999523162842,0,0.0,0.0
2014-07-16 00:00:00+08:00,0.12999999523162842,0.12999999523162842,0.12999999523162842,0.12999999523162842,0,0.0,0.0
2014-07-17 00:00:00+08:00,0.12999999523162842,0.12999999523162842,0.12999999523162842,0.12999999523162842,0,0.0,0.0
2014-07-18 00:00:00+08:00,0.12999999523162842,0.12999999523162842,0.12999999523162842,0.12999999523162842,0,0.0,0.0
2014-07-21 00:00:00+08:00,0.12999999523162842,0.12999999523162842,0.12999999523162842,0.12999999523162842,0,0.0,0.0
2014-07-22 00:00:00+08:00,0.125,0.12999999523162842,0.125,0.12999999523162842,110000,0.0,0.0
2014-07-23 00:00:00+08:00,0.12800000607967377,0.13199999928474426,0.12800000607967377,0.13199999928474426,146000,0.0,0.0
2014-07-24 00:00:00+08:00,0.125,0.125,0.125,0.125,50000,0.0,0.0
2014-07-25 00:00:00+08:00,0.125,0.125,0.09300000220537186,0.10599999874830246,440000,0.0,0.0
2014-07-29 00:00:00+08:00,0.10400000214576721,0.11999999731779099,0.10400000214576721,0.11500000208616257,159000,0.0,0.0
2014-07-30 00:00:00+08:00,0.11800000071525574,0.12800000607967377,0.11100000143051147,0.12800000607967377,135000,0.0,0.0
2014-07-31 00:00:00+08:00,0.12099999934434891,0.125,0.11999999731779099,0.125,91000,0.0,0.0
2014-08-01 00:00:00+08:00,0.12099999934434891,0.12099999934434891,0.11900000274181366,0.11900000274181366,20000,0.0,0.0
2014-08-04 00:00:00+08:00,0.11900000274181366,0.11900000274181366,0.11900000274181366,0.11900000274181366,0,0.0,0.0
2014-08-05 00:00:00+08:00,0.11900000274181366,0.11900000274181366,0.11900000274181366,0.11900000274181366,0,0.0,0.0
2014-08-06 00:00:00+08:00,0.11900000274181366,0.11900000274181366,0.11900000274181366,0.11900000274181366,0,0.0,0.0
2014-08-07 00:00:00+08:00,0.11900000274181366,0.11900000274181366,0.11900000274181366,0.11900000274181366,0,0.0,0.0
2014-08-08 00:00:00+08:00,0.13199999928474426,0.13300000131130219,0.13199999928474426,0.13300000131130219,10000,0.0,0.0
2014-08-11 00:00:00+08:00,0.11500000208616257,0.1289999932050705,0.11500000208616257,0.125,20000,0.0,0.0
2014-08-12 00:00:00+08:00,0.11999999731779099,0.11999999731779099,0.11999999731779099,0.11999999731779099,80000,0.0,0.0
2014-08-13 00:00:00+08:00,0.11999999731779099,0.11999999731779099,0.11999999731779099,0.11999999731779099,0,0.0,0.0
2014-08-14 00:00:00+08:00,0.11999999731779099,0.11999999731779099,0.11999999731779099,0.11999999731779099,0,0.0,0.0
2014-08-15 00:00:00+08:00,0.11999999731779099,0.11999999731779099,0.11999999731779099,0.11999999731779099,0,0.0,0.0
2014-08-18 00:00:00+08:00,0.11999999731779099,0.11999999731779099,0.11999999731779099,0.11999999731779099,0,0.0,0.0
2014-08-19 00:00:00+08:00,0.11999999731779099,0.11999999731779099,0.11999999731779099,0.11999999731779099,0,0.0,0.0
2014-08-20 00:00:00+08:00,0.11999999731779099,0.11999999731779099,0.11999999731779099,0.11999999731779099,0,0.0,0.0
2014-08-21 00:00:00+08:00,0.11999999731779099,0.11999999731779099,0.11999999731779099,0.11999999731779099,0,0.0,0.0
2014-08-22 00:00:00+08:00,0.12300000339746475,0.12300000339746475,0.12300000339746475,0.12300000339746475,61000,0.0,0.0
2014-08-25 00:00:00+08:00,0.12300000339746475,0.12300000339746475,0.12300000339746475,0.12300000339746475,0,0.0,0.0
2014-08-26 00:00:00+08:00,0.12300000339746475,0.12300000339746475,0.12300000339746475,0.12300000339746475,0,0.0,0.0
2014-08-27 00:00:00+08:00,0.12300000339746475,0.12300000339746475,0.12300000339746475,0.12300000339746475,0,0.0,0.0
2014-08-28 00:00:00+08:00,0.12300000339746475,0.12300000339746475,0.12300000339746475,0.12300000339746475,0,0.0,0.0
2014-08-29 00:00:00+08:00,0.12300000339746475,0.12300000339746475,0.12300000339746475,0.12300000339746475,0,0.0,0.0
2014-09-01 00:00:00+08:00,0.125,0.125,0.125,0.125,30000,0.0,0.0
2014-09-02 00:00:00+08:00,0.125,0.12600000202655792,0.125,0.125,261000,0.0,0.0
2014-09-03 00:00:00+08:00,0.125,0.125,0.125,0.125,0,0.0,0.0
2014-09-04 00:00:00+08:00,0.12700000405311584,0.12700000405311584,0.10999999940395355,0.125,240000,0.0,0.0
2014-09-05 00:00:00+08:00,0.125,0.125,0.125,0.125,0,0.0,0.0
2014-09-08 00:00:00+08:00,0.125,0.125,0.11999999731779099,0.11999999731779099,43000,0.0,0.0
2014-09-09 00:00:00+08:00,0.11999999731779099,0.11999999731779099,0.11999999731779099,0.11999999731779099,0,0.0,0.0
2014-09-10 00:00:00+08:00,0.12300000339746475,0.12300000339746475,0.12300000339746475,0.12300000339746475,44000,0.0,0.0
2014-09-11 00:00:00+08:00,0.12300000339746475,0.12300000339746475,0.12300000339746475,0.12300000339746475,0,0.0,0.0
2014-09-12 00:00:00+08:00,0.11999999731779099,0.11999999731779099,0.11999999731779099,0.11999999731779099,50000,0.0,0.0
2014-09-15 00:00:00+08:00,0.11999999731779099,0.11999999731779099,0.11999999731779099,0.11999999731779099,24000,0.0,0.0
2014-09-16 00:00:00+08:00,0.1289999932050705,0.1289999932050705,0.1289999932050705,0.1289999932050705,21000,0.0,0.0
2014-09-17 00:00:00+08:00,0.12200000137090683,0.12200000137090683,0.12200000137090683,0.12200000137090683,5000,0.0,0.0
2014-09-18 00:00:00+08:00,0.12200000137090683,0.12200000137090683,0.12200000137090683,0.12200000137090683,0,0.0,0.0
2014-09-19 00:00:00+08:00,0.12200000137090683,0.12200000137090683,0.12200000137090683,0.12200000137090683,35000,0.0,0.0
2014-09-22 00:00:00+08:00,0.11999999731779099,0.12800000607967377,0.11999999731779099,0.12800000607967377,110000,0.0,0.0
2014-09-23 00:00:00+08:00,0.12800000607967377,0.12800000607967377,0.12800000607967377,0.12800000607967377,0,0.0,0.0
2014-09-24 00:00:00+08:00,0.1120000034570694,0.12999999523162842,0.1120000034570694,0.12999999523162842,6000,0.0,0.0
2014-09-25 00:00:00+08:00,0.11999999731779099,0.11999999731779099,0.11999999731779099,0.11999999731779099,90000,0.0,0.0
2014-09-26 00:00:00+08:00,0.11999999731779099,0.11999999731779099,0.11999999731779099,0.11999999731779099,80000,0.0,0.0
2014-09-29 00:00:00+08:00,0.11999999731779099,0.11999999731779099,0.11999999731779099,0.11999999731779099,30000,0.0,0.0
2014-09-30 00:00:00+08:00,0.11999999731779099,0.11999999731779099,0.11999999731779099,0.11999999731779099,0,0.0,0.0
2014-10-01 00:00:00+08:00,0.11999999731779099,0.11999999731779099,0.11999999731779099,0.11999999731779099,0,0.0,0.0
2014-10-02 00:00:00+08:00,0.11999999731779099,0.11999999731779099,0.11999999731779099,0.11999999731779099,0,0.0,0.0
2014-10-03 00:00:00+08:00,0.11999999731779099,0.11999999731779099,0.11999999731779099,0.11999999731779099,100000,0.0,0.0
2014-10-07 00:00:00+08:00,0.11999999731779099,0.12700000405311584,0.11800000071525574,0.12700000405311584,126000,0.0,0.0
2014-10-08 00:00:00+08:00,0.12700000405311584,0.12700000405311584,0.12700000405311584,0.12700000405311584,0,0.0,0.0
2014-10-09 00:00:00+08:00,0.12700000405311584,0.12700000405311584,0.12700000405311584,0.12700000405311584,0,0.0,0.0
2014-10-10 00:00:00+08:00,0.12700000405311584,0.12700000405311584,0.12700000405311584,0.12700000405311584,0,0.0,0.0
2014-10-13 00:00:00+08:00,0.12700000405311584,0.12700000405311584,0.12700000405311584,0.12700000405311584,0,0.0,0.0
2014-10-14 00:00:00+08:00,0.12700000405311584,0.12700000405311584,0.12700000405311584,0.12700000405311584,0,0.0,0.0
2014-10-15 00:00:00+08:00,0.1080000028014183,0.125,0.1080000028014183,0.125,255000,0.0,0.0
2014-10-16 00:00:00+08:00,0.1080000028014183,0.125,0.1080000028014183,0.125,30000,0.0,0.0
2014-10-17 00:00:00+08:00,0.10599999874830246,0.12399999797344208,0.10100000351667404,0.12399999797344208,176000,0.0,0.0
2014-10-20 00:00:00+08:00,0.12399999797344208,0.12399999797344208,0.12399999797344208,0.12399999797344208,0,0.0,0.0
2014-10-21 00:00:00+08:00,0.11800000071525574,0.125,0.11800000071525574,0.125,86000,0.0,0.0
2014-10-22 00:00:00+08:00,0.125,0.125,0.125,0.125,0,0.0,0.0
2014-10-24 00:00:00+08:00,0.12200000137090683,0.12200000137090683,0.12200000137090683,0.12200000137090683,0,0.0,0.0
2014-10-27 00:00:00+08:00,0.11500000208616257,0.12200000137090683,0.11500000208616257,0.12200000137090683,116000,0.0,0.0
2014-10-28 00:00:00+08:00,0.11500000208616257,0.11500000208616257,0.11500000208616257,0.11500000208616257,100000,0.0,0.0
2014-10-29 00:00:00+08:00,0.12200000137090683,0.12200000137090683,0.12200000137090683,0.12200000137090683,20000,0.0,0.0
2014-10-30 00:00:00+08:00,0.1080000028014183,0.11999999731779099,0.10499999672174454,0.11999999731779099,255000,0.0,0.0
2014-10-31 00:00:00+08:00,0.11999999731779099,0.11999999731779099,0.11999999731779099,0.11999999731779099,0,0.0,0.0
2014-11-03 00:00:00+08:00,0.11800000071525574,0.11800000071525574,0.11800000071525574,0.11800000071525574,20000,0.0,0.0
2014-11-04 00:00:00+08:00,0.11800000071525574,0.11800000071525574,0.11800000071525574,0.11800000071525574,0,0.0,0.0
2014-11-05 00:00:00+08:00,0.11800000071525574,0.11800000071525574,0.11800000071525574,0.11800000071525574,0,0.0,0.0
2014-11-06 00:00:00+08:00,0.11800000071525574,0.11800000071525574,0.11800000071525574,0.11800000071525574,0,0.0,0.0
2014-11-07 00:00:00+08:00,0.11800000071525574,0.11800000071525574,0.11800000071525574,0.11800000071525574,0,0.0,0.0
2014-11-10 00:00:00+08:00,0.11800000071525574,0.11800000071525574,0.11800000071525574,0.11800000071525574,0,0.0,0.0
2014-11-11 00:00:00+08:00,0.1080000028014183,0.11900000274181366,0.1080000028014183,0.11800000071525574,36000,0.0,0.0
2014-11-12 00:00:00+08:00,0.11800000071525574,0.11800000071525574,0.11800000071525574,0.11800000071525574,0,0.0,0.0
2014-11-13 00:00:00+08:00,0.11800000071525574,0.11800000071525574,0.11800000071525574,0.11800000071525574,0,0.0,0.0
2014-11-14 00:00:00+08:00,0.11800000071525574,0.11800000071525574,0.11800000071525574,0.11800000071525574,0,0.0,0.0
2014-11-17 00:00:00+08:00,0.10700000077486038,0.11500000208616257,0.10499999672174454,0.11500000208616257,296000,0.0,0.0
2014-11-18 00:00:00+08:00,0.11500000208616257,0.11500000208616257,0.11500000208616257,0.11500000208616257,0,0.0,0.0
2014-11-19 00:00:00+08:00,0.10700000077486038,0.11400000005960464,0.10700000077486038,0.11400000005960464,23000,0.0,0.0
2014-11-20 00:00:00+08:00,0.11400000005960464,0.11400000005960464,0.11400000005960464,0.11400000005960464,0,0.0,0.0
2014-11-21 00:00:00+08:00,0.11100000143051147,0.11100000143051147,0.09600000083446503,0.10899999737739563,1432000,0.0,0.0
2014-11-24 00:00:00+08:00,0.10899999737739563,0.10899999737739563,0.10899999737739563,0.10899999737739563,0,0.0,0.0
2014-11-25 00:00:00+08:00,0.10899999737739563,0.10899999737739563,0.10899999737739563,0.10899999737739563,0,0.0,0.0
2014-11-26 00:00:00+08:00,0.09600000083446503,0.0989999994635582,0.09300000220537186,0.09700000286102295,5790000,0.0,0.0
2014-11-27 00:00:00+08:00,0.07699999958276749,0.0949999988079071,0.07699999958276749,0.09099999815225601,9163000,0.0,0.0
2014-11-28 00:00:00+08:00,0.08100000023841858,0.08100000023841858,0.0729999989271164,0.07400000095367432,672000,0.0,0.0
2014-12-01 00:00:00+08:00,0.07999999821186066,0.07999999821186066,0.07999999821186066,0.07999999821186066,20000,0.0,0.0
2014-12-02 00:00:00+08:00,0.07999999821186066,0.07999999821186066,0.07999999821186066,0.07999999821186066,0,0.0,0.0
2014-12-03 00:00:00+08:00,0.07999999821186066,0.07999999821186066,0.07999999821186066,0.07999999821186066,0,0.0,0.0
2014-12-04 00:00:00+08:00,0.07999999821186066,0.07999999821186066,0.07999999821186066,0.07999999821186066,0,0.0,0.0
2014-12-05 00:00:00+08:00,0.07500000298023224,0.09099999815225601,0.06499999761581421,0.09099999815225601,16470000,0.0,0.0
2014-12-08 00:00:00+08:00,0.07500000298023224,0.07500000298023224,0.07000000029802322,0.07199999690055847,316000,0.0,0.0
2014-12-09 00:00:00+08:00,0.06599999964237213,0.07199999690055847,0.06599999964237213,0.07199999690055847,215000,0.0,0.0
2014-12-10 00:00:00+08:00,0.06800000369548798,0.07000000029802322,0.06400000303983688,0.0689999982714653,3561000,0.0,0.0
2014-12-11 00:00:00+08:00,0.0689999982714653,0.0689999982714653,0.06400000303983688,0.06400000303983688,1278000,0.0,0.0
2014-12-12 00:00:00+08:00,0.06800000369548798,0.06800000369548798,0.06800000369548798,0.06800000369548798,200000,0.0,0.0
2014-12-15 00:00:00+08:00,0.0689999982714653,0.0689999982714653,0.06400000303983688,0.06800000369548798,1848000,0.0,0.0
2014-12-16 00:00:00+08:00,0.06400000303983688,0.06400000303983688,0.06300000101327896,0.06300000101327896,613000,0.0,0.0
2014-12-17 00:00:00+08:00,0.06800000369548798,0.06800000369548798,0.06400000303983688,0.06400000303983688,830000,0.0,0.0
2014-12-18 00:00:00+08:00,0.06400000303983688,0.06800000369548798,0.06400000303983688,0.06400000303983688,410000,0.0,0.0
2014-12-19 00:00:00+08:00,0.06599999964237213,0.06800000369548798,0.06599999964237213,0.06800000369548798,140000,0.0,0.0
2014-12-22 00:00:00+08:00,0.06800000369548798,0.06800000369548798,0.06800000369548798,0.06800000369548798,120000,0.0,0.0
2014-12-23 00:00:00+08:00,0.06400000303983688,0.06700000166893005,0.06300000101327896,0.06700000166893005,2080000,0.0,0.0
2014-12-24 00:00:00+08:00,0.06800000369548798,0.0689999982714653,0.06800000369548798,0.06800000369548798,310000,0.0,0.0
2014-12-26 00:00:00+08:00,0.06800000369548798,0.06800000369548798,0.06400000303983688,0.06700000166893005,840000,0.0,0.0
2014-12-29 00:00:00+08:00,0.06400000303983688,0.06499999761581421,0.06400000303983688,0.06499999761581421,490000,0.0,0.0
2014-12-30 00:00:00+08:00,0.06300000101327896,0.06499999761581421,0.06300000101327896,0.06400000303983688,433000,0.0,0.0
2014-12-31 00:00:00+08:00,0.061000000685453415,0.0689999982714653,0.05999999865889549,0.061000000685453415,213000,0.0,0.0
2015-01-02 00:00:00+08:00,0.0689999982714653,0.0689999982714653,0.06499999761581421,0.06800000369548798,2140000,0.0,0.0
2015-01-05 00:00:00+08:00,0.06499999761581421,0.06800000369548798,0.06400000303983688,0.06700000166893005,602000,0.0,0.0
2015-01-06 00:00:00+08:00,0.06300000101327896,0.06499999761581421,0.06300000101327896,0.06499999761581421,150000,0.0,0.0
2015-01-07 00:00:00+08:00,0.0689999982714653,0.0689999982714653,0.06300000101327896,0.06300000101327896,300000,0.0,0.0
2015-01-08 00:00:00+08:00,0.06700000166893005,0.06700000166893005,0.06400000303983688,0.06400000303983688,250000,0.0,0.0
2015-01-09 00:00:00+08:00,0.06400000303983688,0.0689999982714653,0.06400000303983688,0.06499999761581421,380000,0.0,0.0
2015-01-12 00:00:00+08:00,0.0689999982714653,0.0689999982714653,0.06499999761581421,0.06499999761581421,350000,0.0,0.0
2015-01-13 00:00:00+08:00,0.0689999982714653,0.07500000298023224,0.06700000166893005,0.06800000369548798,642000,0.0,0.0
2015-01-14 00:00:00+08:00,0.06800000369548798,0.06800000369548798,0.06800000369548798,0.06800000369548798,0,0.0,0.0
2015-01-15 00:00:00+08:00,0.0689999982714653,0.0689999982714653,0.0689999982714653,0.0689999982714653,20000,0.0,0.0
2015-01-16 00:00:00+08:00,0.06800000369548798,0.06800000369548798,0.06199999898672104,0.06599999964237213,369000,0.0,0.0
2015-01-19 00:00:00+08:00,0.06599999964237213,0.06599999964237213,0.06599999964237213,0.06599999964237213,0,0.0,0.0
2015-01-20 00:00:00+08:00,0.07000000029802322,0.07000000029802322,0.06400000303983688,0.06599999964237213,255000,0.0,0.0
2015-01-21 00:00:00+08:00,0.07000000029802322,0.07999999821186066,0.06599999964237213,0.07199999690055847,1450400,0.0,0.0
2015-01-22 00:00:00+08:00,0.07800000160932541,0.08500000089406967,0.06800000369548798,0.07000000029802322,1157000,0.0,0.0
2015-01-23 00:00:00+08:00,0.0729999989271164,0.08299999684095383,0.07000000029802322,0.07999999821186066,483000,0.0,0.0
2015-01-26 00:00:00+08:00,0.07599999755620956,0.09000000357627869,0.07500000298023224,0.08699999749660492,2542200,0.0,0.0
2015-01-27 00:00:00+08:00,0.08699999749660492,0.09700000286102295,0.08699999749660492,0.09600000083446503,1169500,0.0,0.0
2015-01-28 00:00:00+08:00,0.08900000154972076,0.10499999672174454,0.08900000154972076,0.10499999672174454,1739400,0.0,0.0
2015-01-29 00:00:00+08:00,0.10499999672174454,0.1289999932050705,0.10499999672174454,0.1289999932050705,4982900,0.0,0.0
2015-01-30 00:00:00+08:00,0.11299999803304672,0.13099999725818634,0.10899999737739563,0.11999999731779099,2575000,0.0,0.0
2015-02-02 00:00:00+08:00,0.11500000208616257,0.12800000607967377,0.11299999803304672,0.125,2106000,0.0,0.0
2015-02-03 00:00:00+08:00,0.11599999666213989,0.11999999731779099,0.10999999940395355,0.11699999868869781,1609300,0.0,0.0
2015-02-04 00:00:00+08:00,0.1120000034570694,0.1120000034570694,0.10599999874830246,0.10599999874830246,438000,0.0,0.0
2015-02-05 00:00:00+08:00,0.10599999874830246,0.10599999874830246,0.10599999874830246,0.10599999874830246,0,0.0,0.0
2015-02-06 00:00:00+08:00,0.10599999874830246,0.10599999874830246,0.10000000149011612,0.10000000149011612,376600,0.0,0.0
2015-02-09 00:00:00+08:00,0.10000000149011612,0.10000000149011612,0.10000000149011612,0.10000000149011612,100000,0.0,0.0
2015-02-10 00:00:00+08:00,0.09799999743700027,0.09799999743700027,0.09700000286102295,0.09700000286102295,314000,0.0,0.0
2015-02-11 00:00:00+08:00,0.0949999988079071,0.0949999988079071,0.0949999988079071,0.0949999988079071,50000,0.0,0.0
2015-02-12 00:00:00+08:00,0.0949999988079071,0.0949999988079071,0.0949999988079071,0.0949999988079071,0,0.0,0.0
2015-02-13 00:00:00+08:00,0.0949999988079071,0.0949999988079071,0.0949999988079071,0.0949999988079071,0,0.0,0.0
2015-02-16 00:00:00+08:00,0.0949999988079071,0.0949999988079071,0.0949999988079071,0.0949999988079071,0,0.0,0.0
2015-02-17 00:00:00+08:00,0.0949999988079071,0.0949999988079071,0.0949999988079071,0.0949999988079071,0,0.0,0.0
2015-02-18 00:00:00+08:00,0.09000000357627869,0.09099999815225601,0.08500000089406967,0.08500000089406967,272500,0.0,0.0
2015-02-23 00:00:00+08:00,0.08500000089406967,0.08500000089406967,0.08500000089406967,0.08500000089406967,0,0.0,0.0
2015-02-24 00:00:00+08:00,0.08500000089406967,0.08500000089406967,0.08500000089406967,0.08500000089406967,0,0.0,0.0
2015-02-25 00:00:00+08:00,0.07999999821186066,0.09000000357627869,0.07999999821186066,0.09000000357627869,95000,0.0,0.0
2015-02-26 00:00:00+08:00,0.09000000357627869,0.09000000357627869,0.09000000357627869,0.09000000357627869,0,0.0,0.0
2015-02-27 00:00:00+08:00,0.09000000357627869,0.09000000357627869,0.09000000357627869,0.09000000357627869,0,0.0,0.0
2015-03-02 00:00:00+08:00,0.09000000357627869,0.09000000357627869,0.09000000357627869,0.09000000357627869,0,0.0,0.0
2015-03-03 00:00:00+08:00,0.09000000357627869,0.09000000357627869,0.09000000357627869,0.09000000357627869,0,0.0,0.0
2015-03-04 00:00:00+08:00,0.09000000357627869,0.09000000357627869,0.09000000357627869,0.09000000357627869,0,0.0,0.0
2015-03-05 00:00:00+08:00,0.07999999821186066,0.08500000089406967,0.07999999821186066,0.08500000089406967,30000,0.0,0.0
2015-03-06 00:00:00+08:00,0.07999999821186066,0.0860000029206276,0.07999999821186066,0.0860000029206276,110000,0.0,0.0
2015-03-09 00:00:00+08:00,0.0860000029206276,0.0860000029206276,0.0860000029206276,0.0860000029206276,0,0.0,0.0
2015-03-10 00:00:00+08:00,0.0860000029206276,0.0860000029206276,0.0860000029206276,0.0860000029206276,0,0.0,0.0
2015-03-11 00:00:00+08:00,0.0949999988079071,0.10000000149011612,0.0949999988079071,0.10000000149011612,21000,0.0,0.0
2015-03-12 00:00:00+08:00,0.10000000149011612,0.10000000149011612,0.10000000149011612,0.10000000149011612,0,0.0,0.0
2015-03-13 00:00:00+08:00,0.10000000149011612,0.10000000149011612,0.10000000149011612,0.10000000149011612,0,0.0,0.0
2015-03-16 00:00:00+08:00,0.10000000149011612,0.10000000149011612,0.10000000149011612,0.10000000149011612,0,0.0,0.0
2015-03-17 00:00:00+08:00,0.10000000149011612,0.10000000149011612,0.10000000149011612,0.10000000149011612,0,0.0,0.0
2015-03-18 00:00:00+08:00,0.10000000149011612,0.10000000149011612,0.10000000149011612,0.10000000149011612,0,0.0,0.0
2015-03-19 00:00:00+08:00,0.10000000149011612,0.10000000149011612,0.10000000149011612,0.10000000149011612,0,0.0,0.0
2015-03-20 00:00:00+08:00,0.10000000149011612,0.10000000149011612,0.10000000149011612,0.10000000149011612,40000,0.0,0.0
2015-03-23 00:00:00+08:00,0.10000000149011612,0.10000000149011612,0.10000000149011612,0.10000000149011612,40000,0.0,0.0
2015-03-24 00:00:00+08:00,0.08500000089406967,0.0949999988079071,0.08500000089406967,0.0949999988079071,75000,0.0,0.0
2015-03-25 00:00:00+08:00,0.0949999988079071,0.0949999988079071,0.0949999988079071,0.0949999988079071,0,0.0,0.0
2015-03-26 00:00:00+08:00,0.0860000029206276,0.0949999988079071,0.0860000029206276,0.0949999988079071,176600,0.0,0.0
2015-03-27 00:00:00+08:00,0.0949999988079071,0.0949999988079071,0.0949999988079071,0.0949999988079071,0,0.0,0.0
2015-03-30 00:00:00+08:00,0.0860000029206276,0.0949999988079071,0.0860000029206276,0.0949999988079071,30000,0.0,0.0
2015-03-31 00:00:00+08:00,0.0949999988079071,0.0949999988079071,0.0949999988079071,0.0949999988079071,0,0.0,0.0
2015-04-01 00:00:00+08:00,0.09799999743700027,0.09799999743700027,0.09799999743700027,0.09799999743700027,10000,0.0,0.0
2015-04-02 00:00:00+08:00,0.09799999743700027,0.09799999743700027,0.09799999743700027,0.09799999743700027,0,0.0,0.0
2015-04-06 00:00:00+08:00,0.09799999743700027,0.09799999743700027,0.09799999743700027,0.09799999743700027,0,0.0,0.0
2015-04-07 00:00:00+08:00,0.09799999743700027,0.09799999743700027,0.09799999743700027,0.09799999743700027,0,0.0,0.0
2015-04-08 00:00:00+08:00,0.09799999743700027,0.09799999743700027,0.09799999743700027,0.09799999743700027,0,0.0,0.0
2015-04-09 00:00:00+08:00,0.09799999743700027,0.09799999743700027,0.09799999743700027,0.09799999743700027,0,0.0,0.0
2015-04-10 00:00:00+08:00,0.09799999743700027,0.09799999743700027,0.09799999743700027,0.09799999743700027,0,0.0,0.0
2015-04-13 00:00:00+08:00,0.09799999743700027,0.09799999743700027,0.09799999743700027,0.09799999743700027,0,0.0,0.0
2015-04-14 00:00:00+08:00,0.09799999743700027,0.09799999743700027,0.09799999743700027,0.09799999743700027,0,0.0,0.0
2015-04-15 00:00:00+08:00,0.09799999743700027,0.09799999743700027,0.09799999743700027,0.09799999743700027,0,0.0,0.0
2015-04-16 00:00:00+08:00,0.09799999743700027,0.09799999743700027,0.09799999743700027,0.09799999743700027,0,0.0,0.0
2015-04-17 00:00:00+08:00,0.09799999743700027,0.09799999743700027,0.09799999743700027,0.09799999743700027,0,0.0,0.0
2015-04-20 00:00:00+08:00,0.09799999743700027,0.09799999743700027,0.09799999743700027,0.09799999743700027,0,0.0,0.0
2015-04-21 00:00:00+08:00,0.09799999743700027,0.09799999743700027,0.09799999743700027,0.09799999743700027,0,0.0,0.0
2015-04-22 00:00:00+08:00,0.09799999743700027,0.09799999743700027,0.09799999743700027,0.09799999743700027,0,0.0,0.0
2015-04-23 00:00:00+08:00,0.09799999743700027,0.09799999743700027,0.09799999743700027,0.09799999743700027,0,0.0,0.0
2015-04-24 00:00:00+08:00,0.0989999994635582,0.10000000149011612,0.09799999743700027,0.10000000149011612,117500,0.0,0.0
2015-04-27 00:00:00+08:00,0.10000000149011612,0.10000000149011612,0.10000000149011612,0.10000000149011612,0,0.0,0.0
2015-04-28 00:00:00+08:00,0.10000000149011612,0.10000000149011612,0.10000000149011612,0.10000000149011612,0,0.0,0.0
2015-04-29 00:00:00+08:00,0.10000000149011612,0.10000000149011612,0.10000000149011612,0.10000000149011612,0,0.0,0.0
2015-04-30 00:00:00+08:00,0.10000000149011612,0.10000000149011612,0.10000000149011612,0.10000000149011612,0,0.0,0.0
2015-05-04 00:00:00+08:00,0.10000000149011612,0.10000000149011612,0.10000000149011612,0.10000000149011612,0,0.0,0.0
2015-05-05 00:00:00+08:00,0.10000000149011612,0.10000000149011612,0.10000000149011612,0.10000000149011612,0,0.0,0.0
2015-05-06 00:00:00+08:00,0.10000000149011612,0.10000000149011612,0.10000000149011612,0.10000000149011612,0,0.0,0.0
2015-05-07 00:00:00+08:00,0.10000000149011612,0.10000000149011612,0.10000000149011612,0.10000000149011612,0,0.0,0.0
2015-05-08 00:00:00+08:00,0.10000000149011612,0.10000000149011612,0.10000000149011612,0.10000000149011612,0,0.0,0.0
2015-05-11 00:00:00+08:00,0.09600000083446503,0.09600000083446503,0.0860000029206276,0.0860000029206276,6200,0.0,0.0
2015-05-12 00:00:00+08:00,0.0860000029206276,0.0949999988079071,0.0860000029206276,0.08799999952316284,51800,0.0,0.0
2015-05-13 00:00:00+08:00,0.08900000154972076,0.08900000154972076,0.08900000154972076,0.08900000154972076,58300,0.0,0.0
2015-05-14 00:00:00+08:00,0.08900000154972076,0.08900000154972076,0.08799999952316284,0.08799999952316284,15400,0.0,0.0
2015-05-15 00:00:00+08:00,0.0860000029206276,0.08799999952316284,0.08500000089406967,0.08799999952316284,46800,0.0,0.0
2015-05-18 00:00:00+08:00,0.07999999821186066,0.08799999952316284,0.07999999821186066,0.08799999952316284,78000,0.0,0.0
2015-05-19 00:00:00+08:00,0.08799999952316284,0.08799999952316284,0.08799999952316284,0.08799999952316284,0,0.0,0.0
2015-05-20 00:00:00+08:00,0.08799999952316284,0.08799999952316284,0.08799999952316284,0.08799999952316284,583300,0.0,0.0
2015-05-21 00:00:00+08:00,0.09000000357627869,0.09000000357627869,0.09000000357627869,0.09000000357627869,20000,0.0,0.0
2015-05-22 00:00:00+08:00,0.09000000357627869,0.09000000357627869,0.09000000357627869,0.09000000357627869,0,0.0,0.0
2015-05-25 00:00:00+08:00,0.08500000089406967,0.08799999952316284,0.08500000089406967,0.08799999952316284,43300,0.0,0.0
2015-05-26 00:00:00+08:00,0.08799999952316284,0.08799999952316284,0.08799999952316284,0.08799999952316284,0,0.0,0.0
2015-05-27 00:00:00+08:00,0.08799999952316284,0.08799999952316284,0.08799999952316284,0.08799999952316284,0,0.0,0.0
2015-05-28 00:00:00+08:00,0.08799999952316284,0.08799999952316284,0.08799999952316284,0.08799999952316284,0,0.0,0.0
2015-05-29 00:00:00+08:00,0.08799999952316284,0.08799999952316284,0.08799999952316284,0.08799999952316284,0,0.0,0.0
2015-06-02 00:00:00+08:00,0.08799999952316284,0.08799999952316284,0.08799999952316284,0.08799999952316284,0,0.0,0.0
2015-06-03 00:00:00+08:00,0.08799999952316284,0.08799999952316284,0.08799999952316284,0.08799999952316284,0,0.0,0.0
2015-06-04 00:00:00+08:00,0.08799999952316284,0.08799999952316284,0.08799999952316284,0.08799999952316284,0,0.0,0.0
2015-06-05 00:00:00+08:00,0.08799999952316284,0.08799999952316284,0.08799999952316284,0.08799999952316284,0,0.0,0.0
2015-06-08 00:00:00+08:00,0.08799999952316284,0.08799999952316284,0.08799999952316284,0.08799999952316284,0,0.0,0.0
2015-06-09 00:00:00+08:00,0.08799999952316284,0.08799999952316284,0.08799999952316284,0.08799999952316284,0,0.0,0.0
2015-06-10 00:00:00+08:00,0.07400000095367432,0.08299999684095383,0.07199999690055847,0.08299999684095383,81000,0.0,0.0
2015-06-11 00:00:00+08:00,0.0820000022649765,0.0820000022649765,0.07199999690055847,0.07199999690055847,34300,0.0,0.0
2015-06-12 00:00:00+08:00,0.07900000363588333,0.07900000363588333,0.07900000363588333,0.07900000363588333,6000,0.0,0.0
2015-06-15 00:00:00+08:00,0.06800000369548798,0.07900000363588333,0.06800000369548798,0.07900000363588333,300,0.0,0.0
2015-06-16 00:00:00+08:00,0.07900000363588333,0.07900000363588333,0.07900000363588333,0.07900000363588333,0,0.0,0.0
2015-06-17 00:00:00+08:00,0.07900000363588333,0.07900000363588333,0.07900000363588333,0.07900000363588333,0,0.0,0.0
2015-06-18 00:00:00+08:00,0.07900000363588333,0.07900000363588333,0.07900000363588333,0.07900000363588333,0,0.0,0.0
2015-06-19 00:00:00+08:00,0.07900000363588333,0.07900000363588333,0.07900000363588333,0.07900000363588333,0,0.0,0.0
2015-06-22 00:00:00+08:00,0.07900000363588333,0.07900000363588333,0.07900000363588333,0.07900000363588333,0,0.0,0.0
2015-06-23 00:00:00+08:00,0.07900000363588333,0.07900000363588333,0.07900000363588333,0.07900000363588333,0,0.0,0.0
2015-06-24 00:00:00+08:00,0.0689999982714653,0.0689999982714653,0.0689999982714653,0.0689999982714653,100,0.0,0.0
2015-06-25 00:00:00+08:00,0.07900000363588333,0.07900000363588333,0.07900000363588333,0.07900000363588333,5000,0.0,0.0
2015-06-26 00:00:00+08:00,0.06800000369548798,0.07800000160932541,0.06800000369548798,0.07500000298023224,55300,0.0,0.0
2015-06-29 00:00:00+08:00,0.06800000369548798,0.06800000369548798,0.06800000369548798,0.06800000369548798,100,0.0,0.0
2015-06-30 00:00:00+08:00,0.07400000095367432,0.07400000095367432,0.07400000095367432,0.07400000095367432,5000,0.0,0.0
2015-07-01 00:00:00+08:00,0.07400000095367432,0.07400000095367432,0.07400000095367432,0.07400000095367432,0,0.0,0.0
2015-07-02 00:00:00+08:00,0.0689999982714653,0.0689999982714653,0.06800000369548798,0.06800000369548798,30100,0.0,0.0
2015-07-03 00:00:00+08:00,0.06800000369548798,0.06800000369548798,0.06800000369548798,0.06800000369548798,0,0.0,0.0
2015-07-06 00:00:00+08:00,0.07900000363588333,0.07900000363588333,0.07900000363588333,0.07900000363588333,100,0.0,0.0
2015-07-07 00:00:00+08:00,0.06599999964237213,0.07199999690055847,0.06599999964237213,0.06599999964237213,110200,0.0,0.0
2015-07-08 00:00:00+08:00,0.07000000029802322,0.07000000029802322,0.06599999964237213,0.06599999964237213,25800,0.0,0.0
2015-07-09 00:00:00+08:00,0.07900000363588333,0.07900000363588333,0.07800000160932541,0.07900000363588333,7100,0.0,0.0
2015-07-10 00:00:00+08:00,0.06800000369548798,0.07900000363588333,0.06499999761581421,0.07900000363588333,3900,0.0,0.0
2015-07-13 00:00:00+08:00,0.06400000303983688,0.06400000303983688,0.06400000303983688,0.06400000303983688,100,0.0,0.0
2015-07-14 00:00:00+08:00,0.07599999755620956,0.07599999755620956,0.07599999755620956,0.07599999755620956,800,0.0,0.0
2015-07-15 00:00:00+08:00,0.07599999755620956,0.07599999755620956,0.07599999755620956,0.07599999755620956,0,0.0,0.0
2015-07-16 00:00:00+08:00,0.07599999755620956,0.07599999755620956,0.07599999755620956,0.07599999755620956,0,0.0,0.0
2015-07-20 00:00:00+08:00,0.06400000303983688,0.07900000363588333,0.061000000685453415,0.07900000363588333,55300,0.0,0.0
2015-07-21 00:00:00+08:00,0.07900000363588333,0.07900000363588333,0.07900000363588333,0.07900000363588333,0,0.0,0.0
2015-07-22 00:00:00+08:00,0.07900000363588333,0.07900000363588333,0.07900000363588333,0.07900000363588333,0,0.0,0.0
2015-07-23 00:00:00+08:00,0.07900000363588333,0.07900000363588333,0.07900000363588333,0.07900000363588333,0,0.0,0.0
2015-07-24 00:00:00+08:00,0.07900000363588333,0.07900000363588333,0.07900000363588333,0.07900000363588333,0,0.0,0.0
2015-07-27 00:00:00+08:00,0.07900000363588333,0.07900000363588333,0.07900000363588333,0.07900000363588333,0,0.0,0.0
2015-07-28 00:00:00+08:00,0.07900000363588333,0.07900000363588333,0.07900000363588333,0.07900000363588333,0,0.0,0.0
2015-07-29 00:00:00+08:00,0.07900000363588333,0.07900000363588333,0.07900000363588333,0.07900000363588333,0,0.0,0.0
2015-07-30 00:00:00+08:00,0.07900000363588333,0.07900000363588333,0.07900000363588333,0.07900000363588333,0,0.0,0.0
2015-07-31 00:00:00+08:00,0.07900000363588333,0.07900000363588333,0.07900000363588333,0.07900000363588333,0,0.0,0.0
2015-08-03 00:00:00+08:00,0.07900000363588333,0.07900000363588333,0.07900000363588333,0.07900000363588333,0,0.0,0.0
2015-08-04 00:00:00+08:00,0.07900000363588333,0.07900000363588333,0.07900000363588333,0.07900000363588333,0,0.0,0.0
2015-08-05 00:00:00+08:00,0.07900000363588333,0.07900000363588333,0.07900000363588333,0.07900000363588333,0,0.0,0.0
2015-08-06 00:00:00+08:00,0.06199999898672104,0.07900000363588333,0.061000000685453415,0.07900000363588333,2400,0.0,0.0
2015-08-07 00:00:00+08:00,0.07900000363588333,0.07900000363588333,0.07900000363588333,0.07900000363588333,0,0.0,0.0
2015-08-11 00:00:00+08:00,0.07900000363588333,0.07900000363588333,0.07900000363588333,0.07900000363588333,0,0.0,0.0
2015-08-12 00:00:00+08:00,0.07900000363588333,0.07900000363588333,0.07900000363588333,0.07900000363588333,0,0.0,0.0
2015-08-13 00:00:00+08:00,0.07900000363588333,0.07900000363588333,0.07900000363588333,0.07900000363588333,0,0.0,0.0
2015-08-14 00:00:00+08:00,0.07900000363588333,0.07900000363588333,0.07900000363588333,0.07900000363588333,0,0.0,0.0
2015-08-17 00:00:00+08:00,0.06499999761581421,0.07699999958276749,0.06499999761581421,0.07699999958276749,51000,0.0,0.0
2015-08-18 00:00:00+08:00,0.07699999958276749,0.07699999958276749,0.07699999958276749,0.07699999958276749,0,0.0,0.0
2015-08-19 00:00:00+08:00,0.07699999958276749,0.07699999958276749,0.07699999958276749,0.07699999958276749,0,0.0,0.0
2015-08-20 00:00:00+08:00,0.07699999958276749,0.07699999958276749,0.07699999958276749,0.07699999958276749,0,0.0,0.0
2015-08-21 00:00:00+08:00,0.07699999958276749,0.07699999958276749,0.07699999958276749,0.07699999958276749,0,0.0,0.0
2015-08-24 00:00:00+08:00,0.07699999958276749,0.07699999958276749,0.07699999958276749,0.07699999958276749,0,0.0,0.0
2015-08-25 00:00:00+08:00,0.07699999958276749,0.07699999958276749,0.07699999958276749,0.07699999958276749,0,0.0,0.0
2015-08-26 00:00:00+08:00,0.07699999958276749,0.07699999958276749,0.07699999958276749,0.07699999958276749,0,0.0,0.0
2015-08-27 00:00:00+08:00,0.07699999958276749,0.07699999958276749,0.07699999958276749,0.07699999958276749,0,0.0,0.0
2015-08-28 00:00:00+08:00,0.07699999958276749,0.07699999958276749,0.07699999958276749,0.07699999958276749,0,0.0,0.0
2015-08-31 00:00:00+08:00,0.07699999958276749,0.07699999958276749,0.07699999958276749,0.07699999958276749,0,0.0,0.0
2015-09-01 00:00:00+08:00,0.07699999958276749,0.07699999958276749,0.07699999958276749,0.07699999958276749,0,0.0,0.0
2015-09-02 00:00:00+08:00,0.07699999958276749,0.07699999958276749,0.07699999958276749,0.07699999958276749,0,0.0,0.0
2015-09-03 00:00:00+08:00,0.07699999958276749,0.07699999958276749,0.07699999958276749,0.07699999958276749,0,0.0,0.0
2015-09-04 00:00:00+08:00,0.06499999761581421,0.07500000298023224,0.06400000303983688,0.07500000298023224,50700,0.0,0.0
2015-09-07 00:00:00+08:00,0.07500000298023224,0.07500000298023224,0.07500000298023224,0.07500000298023224,0,0.0,0.0
2015-09-08 00:00:00+08:00,0.07500000298023224,0.07500000298023224,0.07500000298023224,0.07500000298023224,0,0.0,0.0
2015-09-09 00:00:00+08:00,0.07500000298023224,0.07500000298023224,0.07500000298023224,0.07500000298023224,0,0.0,0.0
2015-09-10 00:00:00+08:00,0.07500000298023224,0.07500000298023224,0.07500000298023224,0.07500000298023224,0,0.0,0.0
2015-09-14 00:00:00+08:00,0.07500000298023224,0.07500000298023224,0.07500000298023224,0.07500000298023224,0,0.0,0.0
2015-09-15 00:00:00+08:00,0.07500000298023224,0.07500000298023224,0.07500000298023224,0.07500000298023224,0,0.0,0.0
2015-09-16 00:00:00+08:00,0.07500000298023224,0.07500000298023224,0.07500000298023224,0.07500000298023224,0,0.0,0.0
2015-09-17 00:00:00+08:00,0.07500000298023224,0.07500000298023224,0.07500000298023224,0.07500000298023224,0,0.0,0.0
2015-09-18 00:00:00+08:00,0.07500000298023224,0.07500000298023224,0.07500000298023224,0.07500000298023224,0,0.0,0.0
2015-09-21 00:00:00+08:00,0.07500000298023224,0.07500000298023224,0.07500000298023224,0.07500000298023224,0,0.0,0.0
2015-09-22 00:00:00+08:00,0.07500000298023224,0.07500000298023224,0.07500000298023224,0.07500000298023224,0,0.0,0.0
2015-09-23 00:00:00+08:00,0.07500000298023224,0.07500000298023224,0.07500000298023224,0.07500000298023224,0,0.0,0.0
2015-09-25 00:00:00+08:00,0.07500000298023224,0.07500000298023224,0.07500000298023224,0.07500000298023224,0,0.0,0.0
2015-09-28 00:00:00+08:00,0.07500000298023224,0.07500000298023224,0.07500000298023224,0.07500000298023224,0,0.0,0.0
2015-09-29 00:00:00+08:00,0.07500000298023224,0.07500000298023224,0.07500000298023224,0.07500000298023224,0,0.0,0.0
2015-09-30 00:00:00+08:00,0.07500000298023224,0.07500000298023224,0.07500000298023224,0.07500000298023224,0,0.0,0.0
2015-10-01 00:00:00+08:00,0.07500000298023224,0.07500000298023224,0.07500000298023224,0.07500000298023224,0,0.0,0.0
2015-10-02 00:00:00+08:00,0.07500000298023224,0.07500000298023224,0.07500000298023224,0.07500000298023224,0,0.0,0.0
2015-10-05 00:00:00+08:00,0.07500000298023224,0.07500000298023224,0.07500000298023224,0.07500000298023224,0,0.0,0.0
2015-10-06 00:00:00+08:00,0.07500000298023224,0.07500000298023224,0.07500000298023224,0.07500000298023224,0,0.0,0.0
2015-10-07 00:00:00+08:00,0.07000000029802322,0.07000000029802322,0.07000000029802322,0.07000000029802322,60000,0.0,0.0
2015-10-08 00:00:00+08:00,0.07000000029802322,0.07000000029802322,0.07000000029802322,0.07000000029802322,0,0.0,0.0
2015-10-09 00:00:00+08:00,0.07000000029802322,0.07000000029802322,0.07000000029802322,0.07000000029802322,0,0.0,0.0
2015-10-12 00:00:00+08:00,0.07000000029802322,0.07000000029802322,0.07000000029802322,0.07000000029802322,0,0.0,0.0
2015-10-13 00:00:00+08:00,0.07000000029802322,0.07000000029802322,0.07000000029802322,0.07000000029802322,0,0.0,0.0
2015-10-14 00:00:00+08:00,0.07000000029802322,0.07000000029802322,0.07000000029802322,0.07000000029802322,0,0.0,0.0
2015-10-15 00:00:00+08:00,0.07000000029802322,0.07000000029802322,0.07000000029802322,0.07000000029802322,0,0.0,0.0
2015-10-16 00:00:00+08:00,0.07000000029802322,0.07000000029802322,0.07000000029802322,0.07000000029802322,0,0.0,0.0
2015-10-19 00:00:00+08:00,0.07000000029802322,0.07000000029802322,0.07000000029802322,0.07000000029802322,0,0.0,0.0
2015-10-20 00:00:00+08:00,0.07000000029802322,0.07000000029802322,0.07000000029802322,0.07000000029802322,0,0.0,0.0
2015-10-21 00:00:00+08:00,0.07000000029802322,0.07000000029802322,0.07000000029802322,0.07000000029802322,0,0.0,0.0
2015-10-22 00:00:00+08:00,0.07000000029802322,0.07000000029802322,0.07000000029802322,0.07000000029802322,0,0.0,0.0
2015-10-23 00:00:00+08:00,0.07000000029802322,0.07000000029802322,0.07000000029802322,0.07000000029802322,0,0.0,0.0
2015-10-26 00:00:00+08:00,0.061000000685453415,0.06800000369548798,0.052000001072883606,0.06800000369548798,816700,0.0,0.0
2015-10-27 00:00:00+08:00,0.06800000369548798,0.06800000369548798,0.06800000369548798,0.06800000369548798,0,0.0,0.0
2015-10-28 00:00:00+08:00,0.06800000369548798,0.06800000369548798,0.06800000369548798,0.06800000369548798,0,0.0,0.0
2015-10-29 00:00:00+08:00,0.06800000369548798,0.06800000369548798,0.06800000369548798,0.06800000369548798,0,0.0,0.0
2015-10-30 00:00:00+08:00,0.06800000369548798,0.06800000369548798,0.06800000369548798,0.06800000369548798,0,0.0,0.0
2015-11-02 00:00:00+08:00,0.06800000369548798,0.06800000369548798,0.06800000369548798,0.06800000369548798,0,0.0,0.0
2015-11-03 00:00:00+08:00,0.06800000369548798,0.06800000369548798,0.06800000369548798,0.06800000369548798,0,0.0,0.0
2015-11-04 00:00:00+08:00,0.06800000369548798,0.06800000369548798,0.06800000369548798,0.06800000369548798,0,0.0,0.0
2015-11-05 00:00:00+08:00,0.06800000369548798,0.06800000369548798,0.06800000369548798,0.06800000369548798,0,0.0,0.0
2015-11-06 00:00:00+08:00,0.06800000369548798,0.06800000369548798,0.06800000369548798,0.06800000369548798,0,0.0,0.0
2015-11-09 00:00:00+08:00,0.06800000369548798,0.06800000369548798,0.06800000369548798,0.06800000369548798,0,0.0,0.0
2015-11-11 00:00:00+08:00,0.054999999701976776,0.0689999982714653,0.052000001072883606,0.06300000101327896,100500,0.0,0.0
2015-11-12 00:00:00+08:00,0.06300000101327896,0.06300000101327896,0.06300000101327896,0.06300000101327896,0,0.0,0.0
2015-11-13 00:00:00+08:00,0.05299999937415123,0.06199999898672104,0.04899999871850014,0.06199999898672104,800100,0.0,0.0
2015-11-16 00:00:00+08:00,0.0689999982714653,0.0689999982714653,0.0689999982714653,0.0689999982714653,100,0.0,0.0
2015-11-17 00:00:00+08:00,0.0689999982714653,0.0689999982714653,0.0689999982714653,0.0689999982714653,0,0.0,0.0
2015-11-18 00:00:00+08:00,0.0689999982714653,0.0689999982714653,0.0689999982714653,0.0689999982714653,0,0.0,0.0
2015-11-19 00:00:00+08:00,0.0689999982714653,0.0689999982714653,0.0689999982714653,0.0689999982714653,0,0.0,0.0
2015-11-20 00:00:00+08:00,0.0689999982714653,0.0689999982714653,0.0689999982714653,0.0689999982714653,0,0.0,0.0
2015-11-23 00:00:00+08:00,0.05000000074505806,0.0689999982714653,0.05000000074505806,0.05900000035762787,68100,0.0,0.0
2015-11-24 00:00:00+08:00,0.06400000303983688,0.06499999761581421,0.050999999046325684,0.06499999761581421,73900,0.0,0.0
2015-11-25 00:00:00+08:00,0.06499999761581421,0.06499999761581421,0.06499999761581421,0.06499999761581421,0,0.0,0.0
2015-11-26 00:00:00+08:00,0.06499999761581421,0.06499999761581421,0.06499999761581421,0.06499999761581421,0,0.0,0.0
2015-11-27 00:00:00+08:00,0.05000000074505806,0.05999999865889549,0.03999999910593033,0.05999999865889549,637000,0.0,0.0
2015-11-30 00:00:00+08:00,0.05999999865889549,0.05999999865889549,0.05999999865889549,0.05999999865889549,0,0.0,0.0
2015-12-01 00:00:00+08:00,0.05999999865889549,0.05999999865889549,0.05999999865889549,0.05999999865889549,0,0.0,0.0
2015-12-02 00:00:00+08:00,0.05999999865889549,0.05999999865889549,0.05999999865889549,0.05999999865889549,0,0.0,0.0
2015-12-03 00:00:00+08:00,0.05999999865889549,0.05999999865889549,0.05999999865889549,0.05999999865889549,0,0.0,0.0
2015-12-04 00:00:00+08:00,0.04899999871850014,0.057999998331069946,0.04500000178813934,0.057999998331069946,28200,0.0,0.0
2015-12-07 00:00:00+08:00,0.057999998331069946,0.057999998331069946,0.057999998331069946,0.057999998331069946,0,0.0,0.0
2015-12-08 00:00:00+08:00,0.04899999871850014,0.05700000002980232,0.04699999839067459,0.0560000017285347,64400,0.0,0.0
2015-12-09 00:00:00+08:00,0.04699999839067459,0.054999999701976776,0.04600000008940697,0.054999999701976776,8500,0.0,0.0
2015-12-10 00:00:00+08:00,0.054999999701976776,0.054999999701976776,0.054999999701976776,0.054999999701976776,0,0.0,0.0
2015-12-11 00:00:00+08:00,0.054999999701976776,0.054999999701976776,0.054999999701976776,0.054999999701976776,0,0.0,0.0
2015-12-14 00:00:00+08:00,0.054999999701976776,0.054999999701976776,0.054999999701976776,0.054999999701976776,0,0.0,0.0
2015-12-15 00:00:00+08:00,0.04800000041723251,0.05400000140070915,0.04800000041723251,0.05400000140070915,400,0.0,0.0
2015-12-16 00:00:00+08:00,0.05400000140070915,0.05400000140070915,0.05400000140070915,0.05400000140070915,0,0.0,0.0
2015-12-17 00:00:00+08:00,0.05400000140070915,0.05400000140070915,0.05400000140070915,0.05400000140070915,0,0.0,0.0
2015-12-18 00:00:00+08:00,0.05400000140070915,0.05400000140070915,0.05400000140070915,0.05400000140070915,0,0.0,0.0
2015-12-21 00:00:00+08:00,0.05400000140070915,0.05400000140070915,0.05400000140070915,0.05400000140070915,0,0.0,0.0
2015-12-22 00:00:00+08:00,0.05400000140070915,0.05400000140070915,0.05400000140070915,0.05400000140070915,0,0.0,0.0
2015-12-23 00:00:00+08:00,0.05400000140070915,0.05400000140070915,0.05400000140070915,0.05400000140070915,0,0.0,0.0
2015-12-24 00:00:00+08:00,0.05400000140070915,0.05400000140070915,0.05400000140070915,0.05400000140070915,0,0.0,0.0
2015-12-28 00:00:00+08:00,0.05400000140070915,0.05400000140070915,0.05400000140070915,0.05400000140070915,0,0.0,0.0
2015-12-29 00:00:00+08:00,0.04800000041723251,0.05700000002980232,0.04800000041723251,0.05700000002980232,28500,0.0,0.0
2015-12-30 00:00:00+08:00,0.05000000074505806,0.057999998331069946,0.05000000074505806,0.057999998331069946,19000,0.0,0.0
2015-12-31 00:00:00+08:00,0.057999998331069946,0.057999998331069946,0.057999998331069946,0.057999998331069946,0,0.0,0.0
2016-01-04 00:00:00+08:00,0.057999998331069946,0.057999998331069946,0.057999998331069946,0.057999998331069946,0,0.0,0.0
2016-01-05 00:00:00+08:00,0.05299999937415123,0.057999998331069946,0.052000001072883606,0.057999998331069946,18000,0.0,0.0
2016-01-06 00:00:00+08:00,0.05700000002980232,0.06700000166893005,0.04800000041723251,0.061000000685453415,75100,0.0,0.0
2016-01-07 00:00:00+08:00,0.061000000685453415,0.061000000685453415,0.061000000685453415,0.061000000685453415,0,0.0,0.0
2016-01-08 00:00:00+08:00,0.061000000685453415,0.061000000685453415,0.061000000685453415,0.061000000685453415,0,0.0,0.0
2016-01-11 00:00:00+08:00,0.061000000685453415,0.061000000685453415,0.061000000685453415,0.061000000685453415,0,0.0,0.0
2016-01-12 00:00:00+08:00,0.06499999761581421,0.06499999761581421,0.06499999761581421,0.06499999761581421,195000,0.0,0.0
2016-01-13 00:00:00+08:00,0.06199999898672104,0.06199999898672104,0.06199999898672104,0.06199999898672104,30000,0.0,0.0
2016-01-14 00:00:00+08:00,0.06199999898672104,0.06199999898672104,0.06199999898672104,0.06199999898672104,0,0.0,0.0
2016-01-15 00:00:00+08:00,0.06199999898672104,0.06199999898672104,0.06199999898672104,0.06199999898672104,0,0.0,0.0
2016-01-18 00:00:00+08:00,0.04699999839067459,0.06700000166893005,0.04600000008940697,0.06700000166893005,900,0.0,0.0
2016-01-19 00:00:00+08:00,0.04800000041723251,0.05900000035762787,0.04800000041723251,0.04899999871850014,17200,0.0,0.0
2016-01-20 00:00:00+08:00,0.05999999865889549,0.06700000166893005,0.04699999839067459,0.054999999701976776,6300,0.0,0.0
2016-01-21 00:00:00+08:00,0.06599999964237213,0.06700000166893005,0.06599999964237213,0.06700000166893005,3400,0.0,0.0
2016-01-22 00:00:00+08:00,0.06700000166893005,0.07699999958276749,0.05999999865889549,0.07199999690055847,132300,0.0,0.0
2016-01-25 00:00:00+08:00,0.07199999690055847,0.07199999690055847,0.07199999690055847,0.07199999690055847,0,0.0,0.0
2016-01-26 00:00:00+08:00,0.0560000017285347,0.0560000017285347,0.052000001072883606,0.052000001072883606,37000,0.0,0.0
2016-01-27 00:00:00+08:00,0.054999999701976776,0.06700000166893005,0.05000000074505806,0.052000001072883606,58400,0.0,0.0
2016-01-28 00:00:00+08:00,0.054999999701976776,0.05999999865889549,0.04899999871850014,0.05999999865889549,203900,0.0,0.0
2016-01-29 00:00:00+08:00,0.05999999865889549,0.05999999865889549,0.05999999865889549,0.05999999865889549,0,0.0,0.0
2016-02-01 00:00:00+08:00,0.05999999865889549,0.05999999865889549,0.04600000008940697,0.04600000008940697,42200,0.0,0.0
2016-02-02 00:00:00+08:00,0.05299999937415123,0.057999998331069946,0.05299999937415123,0.057999998331069946,700,0.0,0.0
2016-02-03 00:00:00+08:00,0.057999998331069946,0.06499999761581421,0.057999998331069946,0.06499999761581421,37700,0.0,0.0
2016-02-04 00:00:00+08:00,0.06499999761581421,0.06499999761581421,0.06499999761581421,0.06499999761581421,0,0.0,0.0
2016-02-05 00:00:00+08:00,0.06700000166893005,0.06700000166893005,0.06700000166893005,0.06700000166893005,5200,0.0,0.0
2016-02-10 00:00:00+08:00,0.06700000166893005,0.06700000166893005,0.06700000166893005,0.06700000166893005,0,0.0,0.0
2016-02-11 00:00:00+08:00,0.06700000166893005,0.06700000166893005,0.06700000166893005,0.06700000166893005,0,0.0,0.0
2016-02-12 00:00:00+08:00,0.06700000166893005,0.07000000029802322,0.06599999964237213,0.07000000029802322,824200,0.0,0.0
2016-02-15 00:00:00+08:00,0.07100000232458115,0.07100000232458115,0.06499999761581421,0.07000000029802322,382700,0.0,0.0
2016-02-16 00:00:00+08:00,0.06199999898672104,0.06800000369548798,0.05999999865889549,0.06800000369548798,910000,0.0,0.0
2016-02-17 00:00:00+08:00,0.07000000029802322,0.07000000029802322,0.05999999865889549,0.05999999865889549,347000,0.0,0.0
2016-02-18 00:00:00+08:00,0.061000000685453415,0.061000000685453415,0.05999999865889549,0.05999999865889549,70000,0.0,0.0
2016-02-19 00:00:00+08:00,0.05999999865889549,0.05999999865889549,0.05999999865889549,0.05999999865889549,0,0.0,0.0
2016-02-22 00:00:00+08:00,0.05999999865889549,0.05999999865889549,0.05999999865889549,0.05999999865889549,0,0.0,0.0
2016-02-23 00:00:00+08:00,0.0560000017285347,0.05999999865889549,0.050999999046325684,0.054999999701976776,280500,0.0,0.0
2016-02-24 00:00:00+08:00,0.052000001072883606,0.052000001072883606,0.052000001072883606,0.052000001072883606,20000,0.0,0.0
2016-02-25 00:00:00+08:00,0.052000001072883606,0.052000001072883606,0.052000001072883606,0.052000001072883606,0,0.0,0.0
2016-02-26 00:00:00+08:00,0.050999999046325684,0.050999999046325684,0.050999999046325684,0.050999999046325684,16700,0.0,0.0
2016-02-29 00:00:00+08:00,0.050999999046325684,0.050999999046325684,0.050999999046325684,0.050999999046325684,0,0.0,0.0
2016-03-01 00:00:00+08:00,0.050999999046325684,0.050999999046325684,0.050999999046325684,0.050999999046325684,0,0.0,0.0
2016-03-02 00:00:00+08:00,0.050999999046325684,0.050999999046325684,0.050999999046325684,0.050999999046325684,0,0.0,0.0
2016-03-03 00:00:00+08:00,0.050999999046325684,0.050999999046325684,0.050999999046325684,0.050999999046325684,0,0.0,0.0
2016-03-04 00:00:00+08:00,0.050999999046325684,0.050999999046325684,0.050999999046325684,0.050999999046325684,0,0.0,0.0
2016-03-07 00:00:00+08:00,0.05700000002980232,0.057999998331069946,0.05700000002980232,0.057999998331069946,10000,0.0,0.0
2016-03-08 00:00:00+08:00,0.057999998331069946,0.057999998331069946,0.057999998331069946,0.057999998331069946,0,0.0,0.0
2016-03-09 00:00:00+08:00,0.057999998331069946,0.057999998331069946,0.057999998331069946,0.057999998331069946,0,0.0,0.0
2016-03-10 00:00:00+08:00,0.057999998331069946,0.057999998331069946,0.057999998331069946,0.057999998331069946,0,0.0,0.0
2016-03-11 00:00:00+08:00,0.05299999937415123,0.06700000166893005,0.05299999937415123,0.061000000685453415,153600,0.0,0.0
2016-03-14 00:00:00+08:00,0.06599999964237213,0.06700000166893005,0.0560000017285347,0.0560000017285347,6100,0.0,0.0
2016-03-15 00:00:00+08:00,0.0560000017285347,0.0560000017285347,0.0560000017285347,0.0560000017285347,0,0.0,0.0
2016-03-16 00:00:00+08:00,0.06599999964237213,0.06599999964237213,0.06599999964237213,0.06599999964237213,100,0.0,0.0
2016-03-17 00:00:00+08:00,0.06599999964237213,0.06599999964237213,0.06599999964237213,0.06599999964237213,0,0.0,0.0
2016-03-18 00:00:00+08:00,0.06599999964237213,0.06599999964237213,0.06599999964237213,0.06599999964237213,0,0.0,0.0
2016-03-21 00:00:00+08:00,0.06599999964237213,0.06599999964237213,0.06599999964237213,0.06599999964237213,0,0.0,0.0
2016-03-22 00:00:00+08:00,0.054999999701976776,0.06199999898672104,0.05400000140070915,0.06199999898672104,4200,0.0,0.0
2016-03-23 00:00:00+08:00,0.06199999898672104,0.06199999898672104,0.06199999898672104,0.06199999898672104,0,0.0,0.0
2016-03-24 00:00:00+08:00,0.06400000303983688,0.0689999982714653,0.06400000303983688,0.06800000369548798,20400,0.0,0.0
2016-03-28 00:00:00+08:00,0.06800000369548798,0.06800000369548798,0.06800000369548798,0.06800000369548798,0,0.0,0.0
2016-03-29 00:00:00+08:00,0.06800000369548798,0.06800000369548798,0.06800000369548798,0.06800000369548798,0,0.0,0.0
2016-03-30 00:00:00+08:00,0.06800000369548798,0.06800000369548798,0.06800000369548798,0.06800000369548798,0,0.0,0.0
2016-03-31 00:00:00+08:00,0.06800000369548798,0.06800000369548798,0.06800000369548798,0.06800000369548798,0,0.0,0.0
2016-04-01 00:00:00+08:00,0.06800000369548798,0.06800000369548798,0.06800000369548798,0.06800000369548798,0,0.0,0.0
2016-04-04 00:00:00+08:00,0.06800000369548798,0.06800000369548798,0.06800000369548798,0.06800000369548798,0,0.0,0.0
2016-04-05 00:00:00+08:00,0.06800000369548798,0.06800000369548798,0.06800000369548798,0.06800000369548798,0,0.0,0.0
2016-04-06 00:00:00+08:00,0.06800000369548798,0.06800000369548798,0.06800000369548798,0.06800000369548798,0,0.0,0.0
2016-04-07 00:00:00+08:00,0.05999999865889549,0.05999999865889549,0.05999999865889549,0.05999999865889549,33000,0.0,0.0
2016-04-08 00:00:00+08:00,0.05999999865889549,0.05999999865889549,0.05999999865889549,0.05999999865889549,0,0.0,0.0
2016-04-11 00:00:00+08:00,0.05999999865889549,0.05999999865889549,0.05999999865889549,0.05999999865889549,0,0.0,0.0
2016-04-12 00:00:00+08:00,0.05999999865889549,0.05999999865889549,0.05999999865889549,0.05999999865889549,0,0.0,0.0
2016-04-13 00:00:00+08:00,0.05999999865889549,0.05999999865889549,0.05999999865889549,0.05999999865889549,0,0.0,0.0
2016-04-14 00:00:00+08:00,0.05999999865889549,0.05999999865889549,0.05999999865889549,0.05999999865889549,0,0.0,0.0
2016-04-15 00:00:00+08:00,0.05999999865889549,0.05999999865889549,0.05999999865889549,0.05999999865889549,0,0.0,0.0
2016-04-18 00:00:00+08:00,0.05999999865889549,0.05999999865889549,0.05999999865889549,0.05999999865889549,0,0.0,0.0
2016-04-19 00:00:00+08:00,0.05999999865889549,0.05999999865889549,0.05999999865889549,0.05999999865889549,0,0.0,0.0
2016-04-20 00:00:00+08:00,0.05999999865889549,0.05999999865889549,0.05999999865889549,0.05999999865889549,0,0.0,0.0
2016-04-21 00:00:00+08:00,0.05400000140070915,0.05700000002980232,0.05299999937415123,0.05700000002980232,10300,0.0,0.0
2016-04-22 00:00:00+08:00,0.057999998331069946,0.05900000035762787,0.057999998331069946,0.05900000035762787,116900,0.0,0.0
2016-04-25 00:00:00+08:00,0.05900000035762787,0.05900000035762787,0.04600000008940697,0.052000001072883606,33200,0.0,0.0
2016-04-26 00:00:00+08:00,0.052000001072883606,0.052000001072883606,0.052000001072883606,0.052000001072883606,0,0.0,0.0
2016-04-27 00:00:00+08:00,0.054999999701976776,0.0560000017285347,0.054999999701976776,0.054999999701976776,255400,0.0,0.0
2016-04-28 00:00:00+08:00,0.054999999701976776,0.054999999701976776,0.054999999701976776,0.054999999701976776,0,0.0,0.0
2016-04-29 00:00:00+08:00,0.054999999701976776,0.054999999701976776,0.054999999701976776,0.054999999701976776,0,0.0,0.0
2016-05-03 00:00:00+08:00,0.05999999865889549,0.06700000166893005,0.05999999865889549,0.05999999865889549,82700,0.0,0.0
2016-05-04 00:00:00+08:00,0.061000000685453415,0.06199999898672104,0.05999999865889549,0.061000000685453415,606900,0.0,0.0
2016-05-05 00:00:00+08:00,0.061000000685453415,0.061000000685453415,0.061000000685453415,0.061000000685453415,0,0.0,0.0
2016-05-06 00:00:00+08:00,0.06300000101327896,0.06800000369548798,0.06199999898672104,0.06700000166893005,42900,0.0,0.0
2016-05-09 00:00:00+08:00,0.06700000166893005,0.06700000166893005,0.06700000166893005,0.06700000166893005,0,0.0,0.0
2016-05-10 00:00:00+08:00,0.0560000017285347,0.0560000017285347,0.0560000017285347,0.0560000017285347,100,0.0,0.0
2016-05-11 00:00:00+08:00,0.0560000017285347,0.0560000017285347,0.0560000017285347,0.0560000017285347,0,0.0,0.0
2016-05-12 00:00:00+08:00,0.0560000017285347,0.0560000017285347,0.0560000017285347,0.0560000017285347,0,0.0,0.0
2016-05-13 00:00:00+08:00,0.0560000017285347,0.0560000017285347,0.0560000017285347,0.0560000017285347,0,0.0,0.0
2016-05-16 00:00:00+08:00,0.057999998331069946,0.06800000369548798,0.057999998331069946,0.06400000303983688,33500,0.0,0.0
2016-05-17 00:00:00+08:00,0.06400000303983688,0.06400000303983688,0.06400000303983688,0.06400000303983688,0,0.0,0.0
2016-05-18 00:00:00+08:00,0.06400000303983688,0.06400000303983688,0.06400000303983688,0.06400000303983688,0,0.0,0.0
2016-05-19 00:00:00+08:00,0.05700000002980232,0.05700000002980232,0.05700000002980232,0.05700000002980232,400,0.0,0.0
2016-05-20 00:00:00+08:00,0.05999999865889549,0.06700000166893005,0.05999999865889549,0.05999999865889549,840000,0.0,0.0
2016-05-23 00:00:00+08:00,0.057999998331069946,0.057999998331069946,0.057999998331069946,0.057999998331069946,40000,0.0,0.0
2016-05-24 00:00:00+08:00,0.057999998331069946,0.057999998331069946,0.057999998331069946,0.057999998331069946,0,0.0,0.0
2016-05-25 00:00:00+08:00,0.0560000017285347,0.0560000017285347,0.054999999701976776,0.054999999701976776,333200,0.0,0.0
2016-05-26 00:00:00+08:00,0.054999999701976776,0.0560000017285347,0.054999999701976776,0.0560000017285347,100000,0.0,0.0
2016-05-27 00:00:00+08:00,0.0560000017285347,0.0560000017285347,0.0560000017285347,0.0560000017285347,0,0.0,0.0
2016-05-30 00:00:00+08:00,0.0560000017285347,0.06199999898672104,0.0560000017285347,0.06199999898672104,406200,0.0,0.0
2016-05-31 00:00:00+08:00,0.05700000002980232,0.05700000002980232,0.05700000002980232,0.05700000002980232,400000,0.0,0.0
2016-06-01 00:00:00+08:00,0.05700000002980232,0.05700000002980232,0.05700000002980232,0.05700000002980232,0,0.0,0.0
2016-06-02 00:00:00+08:00,0.05700000002980232,0.05700000002980232,0.05700000002980232,0.05700000002980232,0,0.0,0.0
2016-06-03 00:00:00+08:00,0.05700000002980232,0.05700000002980232,0.05700000002980232,0.05700000002980232,0,0.0,0.0
2016-06-06 00:00:00+08:00,0.057999998331069946,0.05900000035762787,0.057999998331069946,0.05900000035762787,110000,0.0,0.0
2016-06-07 00:00:00+08:00,0.05900000035762787,0.05900000035762787,0.05900000035762787,0.05900000035762787,0,0.0,0.0
2016-06-08 00:00:00+08:00,0.05900000035762787,0.05900000035762787,0.05900000035762787,0.05900000035762787,0,0.0,0.0
2016-06-09 00:00:00+08:00,0.05900000035762787,0.05900000035762787,0.05900000035762787,0.05900000035762787,0,0.0,0.0
2016-06-10 00:00:00+08:00,0.05900000035762787,0.05900000035762787,0.05900000035762787,0.05900000035762787,0,0.0,0.0
2016-06-13 00:00:00+08:00,0.057999998331069946,0.057999998331069946,0.057999998331069946,0.057999998331069946,30000,0.0,0.0
2016-06-14 00:00:00+08:00,0.057999998331069946,0.057999998331069946,0.057999998331069946,0.057999998331069946,0,0.0,0.0
2016-06-15 00:00:00+08:00,0.057999998331069946,0.057999998331069946,0.057999998331069946,0.057999998331069946,0,0.0,0.0
2016-06-16 00:00:00+08:00,0.06400000303983688,0.06400000303983688,0.06400000303983688,0.06400000303983688,100,0.0,0.0
2016-06-17 00:00:00+08:00,0.0560000017285347,0.0560000017285347,0.054999999701976776,0.054999999701976776,65000,0.0,0.0
2016-06-20 00:00:00+08:00,0.054999999701976776,0.054999999701976776,0.054999999701976776,0.054999999701976776,0,0.0,0.0
2016-06-21 00:00:00+08:00,0.05700000002980232,0.05700000002980232,0.0560000017285347,0.0560000017285347,50000,0.0,0.0
2016-06-22 00:00:00+08:00,0.0560000017285347,0.0560000017285347,0.0560000017285347,0.0560000017285347,0,0.0,0.0
2016-06-23 00:00:00+08:00,0.05299999937415123,0.05400000140070915,0.052000001072883606,0.05400000140070915,22500,0.0,0.0
2016-06-24 00:00:00+08:00,0.054999999701976776,0.054999999701976776,0.054999999701976776,0.054999999701976776,20100,0.0,0.0
2016-06-27 00:00:00+08:00,0.054999999701976776,0.054999999701976776,0.054999999701976776,0.054999999701976776,0,0.0,0.0
2016-06-28 00:00:00+08:00,0.057999998331069946,0.057999998331069946,0.05700000002980232,0.05700000002980232,104300,0.0,0.0
2016-06-29 00:00:00+08:00,0.057999998331069946,0.06199999898672104,0.057999998331069946,0.06199999898672104,2170700,0.0,0.0
2016-06-30 00:00:00+08:00,0.06199999898672104,0.06499999761581421,0.05900000035762787,0.06400000303983688,302800,0.0,0.0
2016-07-01 00:00:00+08:00,0.061000000685453415,0.06700000166893005,0.05999999865889549,0.06700000166893005,141700,0.0,0.0
2016-07-04 00:00:00+08:00,0.06800000369548798,0.07800000160932541,0.06800000369548798,0.0729999989271164,652300,0.0,0.0
2016-07-05 00:00:00+08:00,0.07400000095367432,0.08799999952316284,0.07400000095367432,0.07999999821186066,1343900,0.0,0.0
2016-07-07 00:00:00+08:00,0.07999999821186066,0.08500000089406967,0.07500000298023224,0.08299999684095383,1178900,0.0,0.0
2016-07-08 00:00:00+08:00,0.08500000089406967,0.08699999749660492,0.07999999821186066,0.08699999749660492,842500,0.0,0.0
2016-07-11 00:00:00+08:00,0.08699999749660492,0.12600000202655792,0.08699999749660492,0.10100000351667404,7148100,0.0,0.0
2016-07-12 00:00:00+08:00,0.10499999672174454,0.11299999803304672,0.09399999678134918,0.10300000011920929,2572900,0.0,0.0
2016-07-13 00:00:00+08:00,0.10300000011920929,0.10499999672174454,0.09799999743700027,0.10000000149011612,1037200,0.0,0.0
2016-07-14 00:00:00+08:00,0.10599999874830246,0.10599999874830246,0.09399999678134918,0.09399999678134918,393200,0.0,0.0
2016-07-15 00:00:00+08:00,0.09200000017881393,0.10000000149011612,0.08900000154972076,0.09300000220537186,919700,0.0,0.0
2016-07-18 00:00:00+08:00,0.08900000154972076,0.08900000154972076,0.08100000023841858,0.08500000089406967,1095500,0.0,0.0
2016-07-19 00:00:00+08:00,0.08299999684095383,0.08699999749660492,0.07800000160932541,0.08299999684095383,415200,0.0,0.0
2016-07-20 00:00:00+08:00,0.08699999749660492,0.08900000154972076,0.08399999886751175,0.08799999952316284,400000,0.0,0.0
2016-07-21 00:00:00+08:00,0.08799999952316284,0.09099999815225601,0.08399999886751175,0.08500000089406967,311000,0.0,0.0
2016-07-22 00:00:00+08:00,0.08699999749660492,0.08699999749660492,0.07999999821186066,0.08100000023841858,425000,0.0,0.0
2016-07-25 00:00:00+08:00,0.07999999821186066,0.07999999821186066,0.07900000363588333,0.07900000363588333,95000,0.0,0.0
2016-07-26 00:00:00+08:00,0.07900000363588333,0.07900000363588333,0.07900000363588333,0.07900000363588333,0,0.0,0.0
2016-07-27 00:00:00+08:00,0.08399999886751175,0.08399999886751175,0.08100000023841858,0.08100000023841858,278000,0.0,0.0
2016-07-28 00:00:00+08:00,0.07900000363588333,0.09200000017881393,0.07900000363588333,0.09200000017881393,490000,0.0,0.0
2016-07-29 00:00:00+08:00,0.09200000017881393,0.09200000017881393,0.08299999684095383,0.08799999952316284,614900,0.0,0.0
2016-08-01 00:00:00+08:00,0.08799999952316284,0.08799999952316284,0.08500000089406967,0.08699999749660492,110000,0.0,0.0
2016-08-02 00:00:00+08:00,0.08399999886751175,0.08399999886751175,0.07900000363588333,0.07900000363588333,1228000,0.0,0.0
2016-08-03 00:00:00+08:00,0.07800000160932541,0.08299999684095383,0.07800000160932541,0.08100000023841858,784000,0.0,0.0
2016-08-04 00:00:00+08:00,0.0820000022649765,0.08299999684095383,0.0820000022649765,0.08299999684095383,150000,0.0,0.0
2016-08-05 00:00:00+08:00,0.08299999684095383,0.08500000089406967,0.0820000022649765,0.0820000022649765,921000,0.0,0.0
2016-08-08 00:00:00+08:00,0.0820000022649765,0.0820000022649765,0.0820000022649765,0.0820000022649765,0,0.0,0.0
2016-08-10 00:00:00+08:00,0.0820000022649765,0.0820000022649765,0.0820000022649765,0.0820000022649765,0,0.0,0.0
2016-08-11 00:00:00+08:00,0.07999999821186066,0.08699999749660492,0.07999999821186066,0.0860000029206276,740300,0.0,0.0
2016-08-12 00:00:00+08:00,0.07999999821186066,0.07999999821186066,0.07800000160932541,0.07800000160932541,357200,0.0,0.0
2016-08-15 00:00:00+08:00,0.0820000022649765,0.0860000029206276,0.07500000298023224,0.07999999821186066,1302900,0.0,0.0
2016-08-16 00:00:00+08:00,0.08100000023841858,0.08100000023841858,0.07699999958276749,0.07699999958276749,567000,0.0,0.0
2016-08-17 00:00:00+08:00,0.07699999958276749,0.07699999958276749,0.07699999958276749,0.07699999958276749,0,0.0,0.0
2016-08-18 00:00:00+08:00,0.07699999958276749,0.07699999958276749,0.07699999958276749,0.07699999958276749,30000,0.0,0.0
2016-08-19 00:00:00+08:00,0.07999999821186066,0.07999999821186066,0.07999999821186066,0.07999999821186066,80000,0.0,0.0
2016-08-22 00:00:00+08:00,0.07500000298023224,0.07500000298023224,0.07500000298023224,0.07500000298023224,20000,0.0,0.0
2016-08-23 00:00:00+08:00,0.07599999755620956,0.07599999755620956,0.07100000232458115,0.07100000232458115,71000,0.0,0.0
2016-08-24 00:00:00+08:00,0.06800000369548798,0.07199999690055847,0.06800000369548798,0.07199999690055847,18300,0.0,0.0
2016-08-25 00:00:00+08:00,0.07800000160932541,0.07800000160932541,0.07800000160932541,0.07800000160932541,60000,0.0,0.0
2016-08-26 00:00:00+08:00,0.07699999958276749,0.08100000023841858,0.07599999755620956,0.08100000023841858,107000,0.0,0.0
2016-08-29 00:00:00+08:00,0.08100000023841858,0.0820000022649765,0.07999999821186066,0.07999999821186066,1248300,0.0,0.0
2016-08-30 00:00:00+08:00,0.07900000363588333,0.07900000363588333,0.07800000160932541,0.07800000160932541,493000,0.0,0.0
2016-08-31 00:00:00+08:00,0.07400000095367432,0.07400000095367432,0.07400000095367432,0.07400000095367432,10000,0.0,0.0
2016-09-01 00:00:00+08:00,0.07500000298023224,0.07500000298023224,0.07500000298023224,0.07500000298023224,40500,0.0,0.0
2016-09-02 00:00:00+08:00,0.07500000298023224,0.07500000298023224,0.0689999982714653,0.0689999982714653,178800,0.0,0.0
2016-09-05 00:00:00+08:00,0.07000000029802322,0.07000000029802322,0.07000000029802322,0.07000000029802322,41600,0.0,0.0
2016-09-06 00:00:00+08:00,0.07400000095367432,0.08299999684095383,0.07400000095367432,0.08299999684095383,290100,0.0,0.0
2016-09-07 00:00:00+08:00,0.08299999684095383,0.08299999684095383,0.08299999684095383,0.08299999684095383,0,0.0,0.0
2016-09-08 00:00:00+08:00,0.07999999821186066,0.07999999821186066,0.07599999755620956,0.07999999821186066,25000,0.0,0.0
2016-09-09 00:00:00+08:00,0.07699999958276749,0.07699999958276749,0.07500000298023224,0.07500000298023224,70000,0.0,0.0
2016-09-13 00:00:00+08:00,0.07500000298023224,0.07500000298023224,0.07500000298023224,0.07500000298023224,25000,0.0,0.0
2016-09-14 00:00:00+08:00,0.07500000298023224,0.07500000298023224,0.07500000298023224,0.07500000298023224,0,0.0,0.0
2016-09-15 00:00:00+08:00,0.07500000298023224,0.07500000298023224,0.07500000298023224,0.07500000298023224,0,0.0,0.0
2016-09-16 00:00:00+08:00,0.07400000095367432,0.07400000095367432,0.0729999989271164,0.0729999989271164,77600,0.0,0.0
2016-09-19 00:00:00+08:00,0.07900000363588333,0.07900000363588333,0.07900000363588333,0.07900000363588333,50000,0.0,0.0
2016-09-20 00:00:00+08:00,0.07199999690055847,0.07400000095367432,0.0689999982714653,0.07100000232458115,717100,0.0,0.0
2016-09-21 00:00:00+08:00,0.0729999989271164,0.07500000298023224,0.07199999690055847,0.07199999690055847,521100,0.0,0.0
2016-09-22 00:00:00+08:00,0.07500000298023224,0.07500000298023224,0.07000000029802322,0.07000000029802322,318200,0.0,0.0
2016-09-23 00:00:00+08:00,0.07000000029802322,0.07000000029802322,0.07000000029802322,0.07000000029802322,0,0.0,0.0
2016-09-26 00:00:00+08:00,0.07000000029802322,0.07000000029802322,0.07000000029802322,0.07000000029802322,0,0.0,0.0
2016-09-27 00:00:00+08:00,0.07000000029802322,0.07000000029802322,0.07000000029802322,0.07000000029802322,72800,0.0,0.0
2016-09-28 00:00:00+08:00,0.07100000232458115,0.07100000232458115,0.07100000232458115,0.07100000232458115,100000,0.0,0.0
2016-09-29 00:00:00+08:00,0.07100000232458115,0.07100000232458115,0.07100000232458115,0.07100000232458115,40000,0.0,0.0
2016-09-30 00:00:00+08:00,0.07100000232458115,0.07100000232458115,0.07100000232458115,0.07100000232458115,0,0.0,0.0
2016-10-03 00:00:00+08:00,0.07100000232458115,0.07100000232458115,0.07100000232458115,0.07100000232458115,0,0.0,0.0
2016-10-04 00:00:00+08:00,0.07100000232458115,0.07100000232458115,0.07100000232458115,0.07100000232458115,0,0.0,0.0
2016-10-05 00:00:00+08:00,0.06300000101327896,0.06800000369548798,0.061000000685453415,0.06800000369548798,320000,0.0,0.0
2016-10-06 00:00:00+08:00,0.06499999761581421,0.06499999761581421,0.06499999761581421,0.06499999761581421,100000,0.0,0.0
2016-10-07 00:00:00+08:00,0.06599999964237213,0.07000000029802322,0.06599999964237213,0.07000000029802322,192900,0.0,0.0
2016-10-10 00:00:00+08:00,0.0689999982714653,0.0689999982714653,0.06700000166893005,0.06800000369548798,376700,0.0,0.0
2016-10-11 00:00:00+08:00,0.06800000369548798,0.06800000369548798,0.06800000369548798,0.06800000369548798,0,0.0,0.0
2016-10-12 00:00:00+08:00,0.07699999958276749,0.07699999958276749,0.06800000369548798,0.06800000369548798,145000,0.0,0.0
2016-10-13 00:00:00+08:00,0.06800000369548798,0.06800000369548798,0.06800000369548798,0.06800000369548798,100000,0.0,0.0
2016-10-14 00:00:00+08:00,0.06800000369548798,0.06800000369548798,0.06800000369548798,0.06800000369548798,0,0.0,0.0
2016-10-17 00:00:00+08:00,0.0689999982714653,0.0689999982714653,0.0689999982714653,0.0689999982714653,80000,0.0,0.0
2016-10-18 00:00:00+08:00,0.06800000369548798,0.06800000369548798,0.06800000369548798,0.06800000369548798,200000,0.0,0.0
2016-10-19 00:00:00+08:00,0.06800000369548798,0.06800000369548798,0.06800000369548798,0.06800000369548798,0,0.0,0.0
2016-10-20 00:00:00+08:00,0.06800000369548798,0.06800000369548798,0.06800000369548798,0.06800000369548798,100000,0.0,0.0
2016-10-21 00:00:00+08:00,0.07000000029802322,0.07000000029802322,0.07000000029802322,0.07000000029802322,80000,0.0,0.0
2016-10-24 00:00:00+08:00,0.07000000029802322,0.07000000029802322,0.07000000029802322,0.07000000029802322,0,0.0,0.0
2016-10-25 00:00:00+08:00,0.07000000029802322,0.07000000029802322,0.07000000029802322,0.07000000029802322,0,0.0,0.0
2016-10-26 00:00:00+08:00,0.07400000095367432,0.07599999755620956,0.0729999989271164,0.07599999755620956,176000,0.0,0.0
2016-10-27 00:00:00+08:00,0.07900000363588333,0.08699999749660492,0.07800000160932541,0.08100000023841858,31980800,0.0,0.0
2016-10-28 00:00:00+08:00,0.07599999755620956,0.08100000023841858,0.07100000232458115,0.0729999989271164,3250000,0.0,0.0
2016-10-31 00:00:00+08:00,0.0689999982714653,0.07500000298023224,0.06800000369548798,0.07400000095367432,4034000,0.0,0.0
2016-11-01 00:00:00+08:00,0.0689999982714653,0.07100000232458115,0.06800000369548798,0.07100000232458115,160000,0.0,0.0
2016-11-02 00:00:00+08:00,0.07100000232458115,0.07699999958276749,0.07100000232458115,0.07199999690055847,8605700,0.0,0.0
2016-11-03 00:00:00+08:00,0.07199999690055847,0.07400000095367432,0.0689999982714653,0.07000000029802322,1512400,0.0,0.0
2016-11-04 00:00:00+08:00,0.07000000029802322,0.0729999989271164,0.0689999982714653,0.0689999982714653,1406700,0.0,0.0
2016-11-07 00:00:00+08:00,0.06800000369548798,0.0729999989271164,0.06800000369548798,0.0689999982714653,2164700,0.0,0.0
2016-11-08 00:00:00+08:00,0.0689999982714653,0.07100000232458115,0.06599999964237213,0.06800000369548798,1199500,0.0,0.0
2016-11-09 00:00:00+08:00,0.06700000166893005,0.07199999690055847,0.06599999964237213,0.07199999690055847,1875800,0.0,0.0
2016-11-10 00:00:00+08:00,0.07100000232458115,0.07100000232458115,0.06700000166893005,0.06700000166893005,2190200,0.0,0.0
2016-11-11 00:00:00+08:00,0.06700000166893005,0.06700000166893005,0.06499999761581421,0.06599999964237213,884000,0.0,0.0
2016-11-14 00:00:00+08:00,0.06300000101327896,0.06400000303983688,0.061000000685453415,0.061000000685453415,742100,0.0,0.0
2016-11-15 00:00:00+08:00,0.06300000101327896,0.06800000369548798,0.06300000101327896,0.06800000369548798,1485100,0.0,0.0
2016-11-16 00:00:00+08:00,0.06800000369548798,0.07000000029802322,0.06800000369548798,0.0689999982714653,720400,0.0,0.0
2016-11-17 00:00:00+08:00,0.0689999982714653,0.0689999982714653,0.06199999898672104,0.06400000303983688,349100,0.0,0.0
2016-11-18 00:00:00+08:00,0.06199999898672104,0.06400000303983688,0.06199999898672104,0.06400000303983688,141000,0.0,0.0
2016-11-21 00:00:00+08:00,0.06400000303983688,0.06400000303983688,0.06400000303983688,0.06400000303983688,0,0.0,0.0
2016-11-22 00:00:00+08:00,0.06400000303983688,0.06400000303983688,0.06300000101327896,0.06300000101327896,200000,0.0,0.0
2016-11-23 00:00:00+08:00,0.06300000101327896,0.06300000101327896,0.06300000101327896,0.06300000101327896,450000,0.0,0.0
2016-11-24 00:00:00+08:00,0.06199999898672104,0.06700000166893005,0.06199999898672104,0.06199999898672104,370100,0.0,0.0
2016-11-25 00:00:00+08:00,0.06199999898672104,0.06199999898672104,0.061000000685453415,0.061000000685453415,450000,0.0,0.0
2016-11-28 00:00:00+08:00,0.06300000101327896,0.06300000101327896,0.061000000685453415,0.061000000685453415,205000,0.0,0.0
2016-11-29 00:00:00+08:00,0.05999999865889549,0.05999999865889549,0.05999999865889549,0.05999999865889549,300000,0.0,0.0
2016-11-30 00:00:00+08:00,0.05999999865889549,0.05999999865889549,0.05999999865889549,0.05999999865889549,0,0.0,0.0
2016-12-01 00:00:00+08:00,0.06199999898672104,0.06199999898672104,0.061000000685453415,0.061000000685453415,260900,0.0,0.0
2016-12-02 00:00:00+08:00,0.06199999898672104,0.06199999898672104,0.061000000685453415,0.061000000685453415,145000,0.0,0.0
2016-12-05 00:00:00+08:00,0.06400000303983688,0.06400000303983688,0.06300000101327896,0.06400000303983688,256000,0.0,0.0
2016-12-06 00:00:00+08:00,0.06400000303983688,0.06700000166893005,0.06400000303983688,0.06700000166893005,210000,0.0,0.0
2016-12-07 00:00:00+08:00,0.06599999964237213,0.07000000029802322,0.06599999964237213,0.07000000029802322,779000,0.0,0.0
2016-12-08 00:00:00+08:00,0.07000000029802322,0.07000000029802322,0.06800000369548798,0.06800000369548798,270000,0.0,0.0
2016-12-09 00:00:00+08:00,0.06800000369548798,0.06800000369548798,0.06800000369548798,0.06800000369548798,0,0.0,0.0
2016-12-12 00:00:00+08:00,0.0689999982714653,0.0689999982714653,0.06800000369548798,0.0689999982714653,150000,0.0,0.0
2016-12-13 00:00:00+08:00,0.06800000369548798,0.06800000369548798,0.06800000369548798,0.06800000369548798,280000,0.0,0.0
2016-12-14 00:00:00+08:00,0.06400000303983688,0.06400000303983688,0.06400000303983688,0.06400000303983688,170000,0.0,0.0
2016-12-15 00:00:00+08:00,0.06400000303983688,0.06400000303983688,0.06400000303983688,0.06400000303983688,0,0.0,0.0
2016-12-16 00:00:00+08:00,0.06499999761581421,0.06499999761581421,0.06300000101327896,0.06400000303983688,116600,0.0,0.0
2016-12-19 00:00:00+08:00,0.06400000303983688,0.06400000303983688,0.06400000303983688,0.06400000303983688,0,0.0,0.0
2016-12-20 00:00:00+08:00,0.06700000166893005,0.06800000369548798,0.06700000166893005,0.06800000369548798,627800,0.0,0.0
2016-12-21 00:00:00+08:00,0.0689999982714653,0.07100000232458115,0.0689999982714653,0.07000000029802322,1946000,0.0,0.0
2016-12-22 00:00:00+08:00,0.0689999982714653,0.07000000029802322,0.0689999982714653,0.0689999982714653,922100,0.0,0.0
2016-12-23 00:00:00+08:00,0.0689999982714653,0.0689999982714653,0.06599999964237213,0.06599999964237213,85000,0.0,0.0
2016-12-27 00:00:00+08:00,0.06499999761581421,0.06700000166893005,0.06499999761581421,0.06700000166893005,99100,0.0,0.0
2016-12-28 00:00:00+08:00,0.06700000166893005,0.06700000166893005,0.06700000166893005,0.06700000166893005,0,0.0,0.0
2016-12-29 00:00:00+08:00,0.06599999964237213,0.0689999982714653,0.06499999761581421,0.0689999982714653,205000,0.0,0.0
2016-12-30 00:00:00+08:00,0.06599999964237213,0.06599999964237213,0.06599999964237213,0.06599999964237213,50000,0.0,0.0
2017-01-03 00:00:00+08:00,0.06599999964237213,0.06599999964237213,0.06599999964237213,0.06599999964237213,0,0.0,0.0
2017-01-04 00:00:00+08:00,0.06499999761581421,0.06499999761581421,0.06499999761581421,0.06499999761581421,300000,0.0,0.0
2017-01-05 00:00:00+08:00,0.06499999761581421,0.06499999761581421,0.06499999761581421,0.06499999761581421,0,0.0,0.0
2017-01-06 00:00:00+08:00,0.06499999761581421,0.07000000029802322,0.06499999761581421,0.07000000029802322,120000,0.0,0.0
2017-01-09 00:00:00+08:00,0.07000000029802322,0.07000000029802322,0.07000000029802322,0.07000000029802322,0,0.0,0.0
2017-01-10 00:00:00+08:00,0.0689999982714653,0.07800000160932541,0.0689999982714653,0.0729999989271164,5312000,0.0,0.0
2017-01-11 00:00:00+08:00,0.0729999989271164,0.0729999989271164,0.07199999690055847,0.07199999690055847,51000,0.0,0.0
2017-01-12 00:00:00+08:00,0.07199999690055847,0.07500000298023224,0.07199999690055847,0.07199999690055847,204000,0.0,0.0
2017-01-13 00:00:00+08:00,0.07199999690055847,0.0729999989271164,0.07199999690055847,0.0729999989271164,28000,0.0,0.0
2017-01-16 00:00:00+08:00,0.07000000029802322,0.07000000029802322,0.07000000029802322,0.07000000029802322,106000,0.0,0.0
2017-01-17 00:00:00+08:00,0.07100000232458115,0.07100000232458115,0.06800000369548798,0.0689999982714653,260000,0.0,0.0
2017-01-18 00:00:00+08:00,0.0689999982714653,0.0689999982714653,0.0689999982714653,0.0689999982714653,0,0.0,0.0
2017-01-19 00:00:00+08:00,0.07000000029802322,0.07199999690055847,0.07000000029802322,0.07199999690055847,150000,0.0,0.0
2017-01-20 00:00:00+08:00,0.07199999690055847,0.07500000298023224,0.07199999690055847,0.0729999989271164,1768400,0.0,0.0
2017-01-23 00:00:00+08:00,0.07500000298023224,0.08100000023841858,0.07500000298023224,0.07900000363588333,4065200,0.0,0.0
2017-01-24 00:00:00+08:00,0.07800000160932541,0.07800000160932541,0.07500000298023224,0.07500000298023224,240000,0.0,0.0
2017-01-25 00:00:00+08:00,0.07599999755620956,0.07599999755620956,0.07599999755620956,0.07599999755620956,50000,0.0,0.0
2017-01-26 00:00:00+08:00,0.07599999755620956,0.07599999755620956,0.07599999755620956,0.07599999755620956,0,0.0,0.0
2017-01-27 00:00:00+08:00,0.07500000298023224,0.07500000298023224,0.07500000298023224,0.07500000298023224,2000,0.0,0.0
2017-01-31 00:00:00+08:00,0.07100000232458115,0.07199999690055847,0.07100000232458115,0.07100000232458115,199600,0.0,0.0
2017-02-01 00:00:00+08:00,0.07100000232458115,0.07400000095367432,0.07100000232458115,0.07400000095367432,121000,0.0,0.0
2017-02-02 00:00:00+08:00,0.0729999989271164,0.0820000022649765,0.0729999989271164,0.07599999755620956,3848500,0.0,0.0
2017-02-03 00:00:00+08:00,0.07699999958276749,0.07699999958276749,0.07500000298023224,0.07699999958276749,445000,0.0,0.0
2017-02-06 00:00:00+08:00,0.07699999958276749,0.0820000022649765,0.07699999958276749,0.07999999821186066,1953300,0.0,0.0
2017-02-07 00:00:00+08:00,0.07999999821186066,0.08500000089406967,0.07999999821186066,0.07999999821186066,4820000,0.0,0.0
2017-02-08 00:00:00+08:00,0.08399999886751175,0.0860000029206276,0.0820000022649765,0.08299999684095383,2883100,0.0,0.0
2017-02-09 00:00:00+08:00,0.08399999886751175,0.08500000089406967,0.07900000363588333,0.07999999821186066,2156400,0.0,0.0
2017-02-10 00:00:00+08:00,0.07999999821186066,0.08299999684095383,0.07999999821186066,0.08299999684095383,1468200,0.0,0.0
2017-02-13 00:00:00+08:00,0.0820000022649765,0.08299999684095383,0.08100000023841858,0.08299999684095383,1371000,0.0,0.0
2017-02-14 00:00:00+08:00,0.08100000023841858,0.08100000023841858,0.07699999958276749,0.07699999958276749,1049100,0.0,0.0
2017-02-15 00:00:00+08:00,0.07500000298023224,0.07800000160932541,0.07400000095367432,0.07800000160932541,149800,0.0,0.0
2017-02-16 00:00:00+08:00,0.07699999958276749,0.07900000363588333,0.07599999755620956,0.07699999958276749,557100,0.0,0.0
2017-02-17 00:00:00+08:00,0.07599999755620956,0.08299999684095383,0.07500000298023224,0.08299999684095383,374300,0.0,0.0
2017-02-20 00:00:00+08:00,0.07599999755620956,0.07599999755620956,0.07599999755620956,0.07599999755620956,31000,0.0,0.0
2017-02-21 00:00:00+08:00,0.07699999958276749,0.07699999958276749,0.07500000298023224,0.07500000298023224,330000,0.0,0.0
2017-02-22 00:00:00+08:00,0.07500000298023224,0.07500000298023224,0.07400000095367432,0.07400000095367432,500000,0.0,0.0
2017-02-23 00:00:00+08:00,0.07400000095367432,0.07500000298023224,0.0729999989271164,0.0729999989271164,250400,0.0,0.0
2017-02-24 00:00:00+08:00,0.0729999989271164,0.0729999989271164,0.0729999989271164,0.0729999989271164,0,0.0,0.0
2017-02-27 00:00:00+08:00,0.0729999989271164,0.0729999989271164,0.07199999690055847,0.0729999989271164,400100,0.0,0.0
2017-02-28 00:00:00+08:00,0.0729999989271164,0.0729999989271164,0.0729999989271164,0.0729999989271164,0,0.0,0.0
2017-03-01 00:00:00+08:00,0.07199999690055847,0.07199999690055847,0.07199999690055847,0.07199999690055847,170000,0.0,0.0
2017-03-02 00:00:00+08:00,0.07100000232458115,0.0729999989271164,0.07000000029802322,0.0729999989271164,170000,0.0,0.0
2017-03-03 00:00:00+08:00,0.0729999989271164,0.0729999989271164,0.0729999989271164,0.0729999989271164,0,0.0,0.0
2017-03-06 00:00:00+08:00,0.07000000029802322,0.07000000029802322,0.07000000029802322,0.07000000029802322,16600,0.0,0.0
2017-03-07 00:00:00+08:00,0.0689999982714653,0.0689999982714653,0.0689999982714653,0.0689999982714653,30100,0.0,0.0
2017-03-08 00:00:00+08:00,0.0689999982714653,0.0689999982714653,0.0689999982714653,0.0689999982714653,150000,0.0,0.0
2017-03-09 00:00:00+08:00,0.07000000029802322,0.07000000029802322,0.07000000029802322,0.07000000029802322,60000,0.0,0.0
2017-03-10 00:00:00+08:00,0.07000000029802322,0.07000000029802322,0.07000000029802322,0.07000000029802322,0,0.0,0.0
2017-03-13 00:00:00+08:00,0.07100000232458115,0.07400000095367432,0.07100000232458115,0.07400000095367432,50000,0.0,0.0
2017-03-14 00:00:00+08:00,0.07400000095367432,0.07500000298023224,0.07400000095367432,0.07500000298023224,672000,0.0,0.0
2017-03-15 00:00:00+08:00,0.07400000095367432,0.07400000095367432,0.0729999989271164,0.07400000095367432,470100,0.0,0.0
2017-03-16 00:00:00+08:00,0.07400000095367432,0.07699999958276749,0.07400000095367432,0.07599999755620956,1987200,0.0,0.0
2017-03-17 00:00:00+08:00,0.07599999755620956,0.08399999886751175,0.07599999755620956,0.07900000363588333,16910800,0.0,0.0
2017-03-20 00:00:00+08:00,0.07999999821186066,0.07999999821186066,0.07699999958276749,0.07999999821186066,850000,0.0,0.0
2017-03-21 00:00:00+08:00,0.07699999958276749,0.08100000023841858,0.07699999958276749,0.07900000363588333,1686600,0.0,0.0
2017-03-22 00:00:00+08:00,0.07800000160932541,0.07999999821186066,0.07699999958276749,0.07699999958276749,1374600,0.0,0.0
2017-03-23 00:00:00+08:00,0.07699999958276749,0.0820000022649765,0.07699999958276749,0.07900000363588333,3970400,0.0,0.0
2017-03-24 00:00:00+08:00,0.08100000023841858,0.0820000022649765,0.07599999755620956,0.07599999755620956,5533700,0.0,0.0
2017-03-27 00:00:00+08:00,0.07500000298023224,0.07999999821186066,0.07400000095367432,0.07500000298023224,3583400,0.0,0.0
2017-03-28 00:00:00+08:00,0.07800000160932541,0.07800000160932541,0.07500000298023224,0.07699999958276749,785700,0.0,0.0
2017-03-29 00:00:00+08:00,0.07800000160932541,0.08399999886751175,0.07699999958276749,0.07999999821186066,6787400,0.0,0.0
2017-03-30 00:00:00+08:00,0.08100000023841858,0.08900000154972076,0.07999999821186066,0.08399999886751175,27425000,0.0,0.0
2017-03-31 00:00:00+08:00,0.08399999886751175,0.08500000089406967,0.07999999821186066,0.0820000022649765,4541100,0.0,0.0
2017-04-03 00:00:00+08:00,0.08100000023841858,0.08100000023841858,0.07999999821186066,0.07999999821186066,1988400,0.0,0.0
2017-04-04 00:00:00+08:00,0.08100000023841858,0.08399999886751175,0.07999999821186066,0.08100000023841858,3274100,0.0,0.0
2017-04-05 00:00:00+08:00,0.0820000022649765,0.08299999684095383,0.07900000363588333,0.08100000023841858,4406400,0.0,0.0
2017-04-06 00:00:00+08:00,0.08100000023841858,0.08500000089406967,0.07900000363588333,0.07900000363588333,19183500,0.0,0.0
2017-04-07 00:00:00+08:00,0.07900000363588333,0.08100000023841858,0.07800000160932541,0.07999999821186066,4599100,0.0,0.0
2017-04-10 00:00:00+08:00,0.07999999821186066,0.08100000023841858,0.07800000160932541,0.07999999821186066,1667300,0.0,0.0
2017-04-11 00:00:00+08:00,0.07900000363588333,0.07900000363588333,0.07800000160932541,0.07800000160932541,1543200,0.0,0.0
2017-04-12 00:00:00+08:00,0.08100000023841858,0.08100000023841858,0.07800000160932541,0.07900000363588333,2455900,0.0,0.0
2017-04-13 00:00:00+08:00,0.07900000363588333,0.07900000363588333,0.07400000095367432,0.07400000095367432,3510500,0.0,0.0
2017-04-17 00:00:00+08:00,0.07400000095367432,0.07400000095367432,0.07000000029802322,0.07100000232458115,3969600,0.0,0.0
2017-04-18 00:00:00+08:00,0.07199999690055847,0.07199999690055847,0.07100000232458115,0.07100000232458115,504000,0.0,0.0
2017-04-19 00:00:00+08:00,0.07000000029802322,0.07199999690055847,0.07000000029802322,0.07199999690055847,1398000,0.0,0.0
2017-04-20 00:00:00+08:00,0.07199999690055847,0.0729999989271164,0.07100000232458115,0.07100000232458115,1050000,0.0,0.0
2017-04-21 00:00:00+08:00,0.07100000232458115,0.07100000232458115,0.07100000232458115,0.07100000232458115,780500,0.0,0.0
2017-04-24 00:00:00+08:00,0.07100000232458115,0.07100000232458115,0.07000000029802322,0.07100000232458115,1141300,0.0,0.0
2017-04-25 00:00:00+08:00,0.07100000232458115,0.07100000232458115,0.07100000232458115,0.07100000232458115,574900,0.0,0.0
2017-04-26 00:00:00+08:00,0.07199999690055847,0.07199999690055847,0.07100000232458115,0.07100000232458115,725500,0.0,0.0
2017-04-27 00:00:00+08:00,0.07100000232458115,0.07199999690055847,0.07000000029802322,0.07199999690055847,1680300,0.0,0.0
2017-04-28 00:00:00+08:00,0.07100000232458115,0.07100000232458115,0.07100000232458115,0.07100000232458115,325000,0.0,0.0
2017-05-02 00:00:00+08:00,0.07000000029802322,0.07100000232458115,0.07000000029802322,0.07100000232458115,1394900,0.0,0.0
2017-05-03 00:00:00+08:00,0.07100000232458115,0.07100000232458115,0.07100000232458115,0.07100000232458115,696000,0.0,0.0
2017-05-04 00:00:00+08:00,0.07100000232458115,0.07199999690055847,0.07100000232458115,0.07199999690055847,827800,0.0,0.0
2017-05-05 00:00:00+08:00,0.07100000232458115,0.07100000232458115,0.07100000232458115,0.07100000232458115,1200000,0.0,0.0
2017-05-08 00:00:00+08:00,0.07100000232458115,0.07100000232458115,0.07000000029802322,0.07000000029802322,1054100,0.0,0.0
2017-05-09 00:00:00+08:00,0.07000000029802322,0.07100000232458115,0.0689999982714653,0.0689999982714653,529600,0.0,0.0
2017-05-11 00:00:00+08:00,0.07000000029802322,0.07000000029802322,0.0689999982714653,0.07000000029802322,350000,0.0,0.0
2017-05-12 00:00:00+08:00,0.0689999982714653,0.07000000029802322,0.0689999982714653,0.07000000029802322,505000,0.0,0.0
2017-05-15 00:00:00+08:00,0.0689999982714653,0.07000000029802322,0.06800000369548798,0.07000000029802322,990000,0.0,0.0
2017-05-16 00:00:00+08:00,0.06700000166893005,0.06800000369548798,0.06599999964237213,0.06700000166893005,1540000,0.0,0.0
2017-05-17 00:00:00+08:00,0.06700000166893005,0.06700000166893005,0.06700000166893005,0.06700000166893005,46600,0.0,0.0
2017-05-18 00:00:00+08:00,0.07000000029802322,0.07100000232458115,0.06700000166893005,0.06800000369548798,1741300,0.0,0.0
2017-05-19 00:00:00+08:00,0.06599999964237213,0.06800000369548798,0.06400000303983688,0.06700000166893005,1575100,0.0,0.0
2017-05-22 00:00:00+08:00,0.06499999761581421,0.06499999761581421,0.06499999761581421,0.06499999761581421,551600,0.0,0.0
2017-05-23 00:00:00+08:00,0.06700000166893005,0.06700000166893005,0.06499999761581421,0.06599999964237213,932700,0.0,0.0
2017-05-24 00:00:00+08:00,0.06499999761581421,0.06599999964237213,0.06499999761581421,0.06499999761581421,630000,0.0,0.0
2017-05-25 00:00:00+08:00,0.06499999761581421,0.06599999964237213,0.06499999761581421,0.06599999964237213,1090000,0.0,0.0
2017-05-26 00:00:00+08:00,0.06599999964237213,0.06599999964237213,0.06599999964237213,0.06599999964237213,40000,0.0,0.0
2017-05-29 00:00:00+08:00,0.06599999964237213,0.06599999964237213,0.06400000303983688,0.06499999761581421,519500,0.0,0.0
2017-05-30 00:00:00+08:00,0.06499999761581421,0.06499999761581421,0.06499999761581421,0.06499999761581421,0,0.0,0.0
2017-05-31 00:00:00+08:00,0.06599999964237213,0.06700000166893005,0.06599999964237213,0.06700000166893005,500500,0.0,0.0
2017-06-01 00:00:00+08:00,0.06800000369548798,0.06800000369548798,0.06800000369548798,0.06800000369548798,318000,0.0,0.0
2017-06-02 00:00:00+08:00,0.0689999982714653,0.07000000029802322,0.06800000369548798,0.07000000029802322,559000,0.0,0.0
2017-06-05 00:00:00+08:00,0.07000000029802322,0.07699999958276749,0.07000000029802322,0.07699999958276749,1353000,0.0,0.0
2017-06-06 00:00:00+08:00,0.07699999958276749,0.07699999958276749,0.07599999755620956,0.07599999755620956,281300,0.0,0.0
2017-06-07 00:00:00+08:00,0.07699999958276749,0.07999999821186066,0.07699999958276749,0.07900000363588333,763500,0.0,0.0
2017-06-08 00:00:00+08:00,0.07800000160932541,0.07900000363588333,0.07599999755620956,0.07599999755620956,356600,0.0,0.0
2017-06-09 00:00:00+08:00,0.07699999958276749,0.07999999821186066,0.07699999958276749,0.07900000363588333,502000,0.0,0.0
2017-06-12 00:00:00+08:00,0.07699999958276749,0.07699999958276749,0.07699999958276749,0.07699999958276749,30000,0.0,0.0
2017-06-13 00:00:00+08:00,0.07699999958276749,0.0820000022649765,0.07699999958276749,0.0820000022649765,564900,0.0,0.0
2017-06-14 00:00:00+08:00,0.07900000363588333,0.07900000363588333,0.07800000160932541,0.07800000160932541,435000,0.0,0.0
2017-06-15 00:00:00+08:00,0.07800000160932541,0.07999999821186066,0.07800000160932541,0.07800000160932541,759100,0.0,0.0
2017-06-16 00:00:00+08:00,0.07800000160932541,0.07800000160932541,0.07800000160932541,0.07800000160932541,493400,0.0,0.0
2017-06-19 00:00:00+08:00,0.07599999755620956,0.07999999821186066,0.07599999755620956,0.07999999821186066,161600,0.0,0.0
2017-06-20 00:00:00+08:00,0.07900000363588333,0.07999999821186066,0.07800000160932541,0.07900000363588333,275200,0.0,0.0
2017-06-21 00:00:00+08:00,0.07999999821186066,0.07999999821186066,0.07900000363588333,0.07900000363588333,1040000,0.0,0.0
2017-06-22 00:00:00+08:00,0.07900000363588333,0.07900000363588333,0.07900000363588333,0.07900000363588333,278900,0.0,0.0
2017-06-23 00:00:00+08:00,0.07900000363588333,0.08100000023841858,0.07900000363588333,0.08100000023841858,241000,0.0,0.0
2017-06-27 00:00:00+08:00,0.07900000363588333,0.07900000363588333,0.07900000363588333,0.07900000363588333,568000,0.0,0.0
2017-06-28 00:00:00+08:00,0.07800000160932541,0.07800000160932541,0.07599999755620956,0.07699999958276749,738200,0.0,0.0
2017-06-29 00:00:00+08:00,0.07800000160932541,0.07800000160932541,0.07699999958276749,0.07699999958276749,400000,0.0,0.0
2017-06-30 00:00:00+08:00,0.07599999755620956,0.07599999755620956,0.07599999755620956,0.07599999755620956,110000,0.0,0.0
2017-07-03 00:00:00+08:00,0.07599999755620956,0.07599999755620956,0.07599999755620956,0.07599999755620956,0,0.0,0.0
2017-07-04 00:00:00+08:00,0.07599999755620956,0.07599999755620956,0.07599999755620956,0.07599999755620956,0,0.0,0.0
2017-07-05 00:00:00+08:00,0.07599999755620956,0.07900000363588333,0.07599999755620956,0.07900000363588333,210300,0.0,0.0
2017-07-06 00:00:00+08:00,0.07900000363588333,0.07900000363588333,0.07900000363588333,0.07900000363588333,0,0.0,0.0
2017-07-07 00:00:00+08:00,0.07900000363588333,0.07900000363588333,0.07900000363588333,0.07900000363588333,0,0.0,0.0
2017-07-10 00:00:00+08:00,0.07900000363588333,0.07900000363588333,0.07900000363588333,0.07900000363588333,0,0.0,0.0
2017-07-11 00:00:00+08:00,0.07900000363588333,0.07900000363588333,0.07900000363588333,0.07900000363588333,0,0.0,0.0
2017-07-12 00:00:00+08:00,0.0729999989271164,0.0729999989271164,0.07199999690055847,0.07199999690055847,185200,0.0,0.0
2017-07-13 00:00:00+08:00,0.07199999690055847,0.07199999690055847,0.07199999690055847,0.07199999690055847,0,0.0,0.0
2017-07-14 00:00:00+08:00,0.07500000298023224,0.07999999821186066,0.07500000298023224,0.07999999821186066,226000,0.0,0.0
2017-07-17 00:00:00+08:00,0.07400000095367432,0.07400000095367432,0.0729999989271164,0.0729999989271164,100000,0.0,0.0
2017-07-18 00:00:00+08:00,0.0729999989271164,0.0729999989271164,0.07199999690055847,0.0729999989271164,466600,0.0,0.0
2017-07-19 00:00:00+08:00,0.07199999690055847,0.07199999690055847,0.07199999690055847,0.07199999690055847,50800,0.0,0.0
2017-07-20 00:00:00+08:00,0.07199999690055847,0.07199999690055847,0.07199999690055847,0.07199999690055847,0,0.0,0.0
2017-07-21 00:00:00+08:00,0.07100000232458115,0.07100000232458115,0.07000000029802322,0.07000000029802322,150000,0.0,0.0
2017-07-24 00:00:00+08:00,0.07199999690055847,0.0729999989271164,0.07000000029802322,0.07199999690055847,200100,0.0,0.0
2017-07-25 00:00:00+08:00,0.07500000298023224,0.07800000160932541,0.07500000298023224,0.07800000160932541,325600,0.0,0.0
2017-07-26 00:00:00+08:00,0.07599999755620956,0.07599999755620956,0.07400000095367432,0.07400000095367432,389500,0.0,0.0
2017-07-27 00:00:00+08:00,0.07699999958276749,0.07699999958276749,0.07400000095367432,0.07500000298023224,988200,0.0,0.0
2017-07-28 00:00:00+08:00,0.07500000298023224,0.07599999755620956,0.07400000095367432,0.07400000095367432,1583000,0.0,0.0
2017-07-31 00:00:00+08:00,0.07400000095367432,0.07400000095367432,0.07400000095367432,0.07400000095367432,0,0.0,0.0
2017-08-01 00:00:00+08:00,0.07400000095367432,0.07400000095367432,0.07400000095367432,0.07400000095367432,0,0.0,0.0
2017-08-02 00:00:00+08:00,0.07599999755620956,0.07999999821186066,0.07500000298023224,0.07500000298023224,1526000,0.0,0.0
2017-08-03 00:00:00+08:00,0.07500000298023224,0.07500000298023224,0.0729999989271164,0.0729999989271164,60000,0.0,0.0
2017-08-04 00:00:00+08:00,0.07199999690055847,0.07199999690055847,0.07199999690055847,0.07199999690055847,16600,0.0,0.0
2017-08-07 00:00:00+08:00,0.07199999690055847,0.07400000095367432,0.07100000232458115,0.07100000232458115,251800,0.0,0.0
2017-08-08 00:00:00+08:00,0.07100000232458115,0.07400000095367432,0.07100000232458115,0.07400000095367432,230000,0.0,0.0
2017-08-10 00:00:00+08:00,0.0729999989271164,0.07699999958276749,0.0729999989271164,0.07500000298023224,645600,0.0,0.0
2017-08-11 00:00:00+08:00,0.07400000095367432,0.07400000095367432,0.07400000095367432,0.07400000095367432,250000,0.0,0.0
2017-08-14 00:00:00+08:00,0.07400000095367432,0.07400000095367432,0.07400000095367432,0.07400000095367432,90000,0.0,0.0
2017-08-15 00:00:00+08:00,0.07400000095367432,0.07400000095367432,0.0729999989271164,0.0729999989271164,89000,0.0,0.0
2017-08-16 00:00:00+08:00,0.07500000298023224,0.07500000298023224,0.0729999989271164,0.0729999989271164,178700,0.0,0.0
2017-08-17 00:00:00+08:00,0.07400000095367432,0.07400000095367432,0.07400000095367432,0.07400000095367432,180000,0.0,0.0
2017-08-18 00:00:00+08:00,0.07400000095367432,0.07800000160932541,0.07400000095367432,0.07400000095367432,225100,0.0,0.0
2017-08-21 00:00:00+08:00,0.07400000095367432,0.07400000095367432,0.07400000095367432,0.07400000095367432,0,0.0,0.0
2017-08-22 00:00:00+08:00,0.07400000095367432,0.07400000095367432,0.07400000095367432,0.07400000095367432,0,0.0,0.0
2017-08-23 00:00:00+08:00,0.07400000095367432,0.07400000095367432,0.07400000095367432,0.07400000095367432,0,0.0,0.0
2017-08-24 00:00:00+08:00,0.0729999989271164,0.07400000095367432,0.07199999690055847,0.07199999690055847,666600,0.0,0.0
2017-08-25 00:00:00+08:00,0.0729999989271164,0.0729999989271164,0.0729999989271164,0.0729999989271164,85300,0.0,0.0
2017-08-28 00:00:00+08:00,0.0729999989271164,0.0729999989271164,0.07100000232458115,0.0729999989271164,440000,0.0,0.0
2017-08-29 00:00:00+08:00,0.07400000095367432,0.07400000095367432,0.07199999690055847,0.07199999690055847,268000,0.0,0.0
2017-08-30 00:00:00+08:00,0.0729999989271164,0.0729999989271164,0.0729999989271164,0.0729999989271164,160000,0.0,0.0
2017-08-31 00:00:00+08:00,0.0729999989271164,0.0729999989271164,0.0729999989271164,0.0729999989271164,0,0.0,0.0
2017-09-04 00:00:00+08:00,0.0729999989271164,0.0729999989271164,0.0729999989271164,0.0729999989271164,240000,0.0,0.0
2017-09-05 00:00:00+08:00,0.0729999989271164,0.0729999989271164,0.0729999989271164,0.0729999989271164,0,0.0,0.0
2017-09-06 00:00:00+08:00,0.0729999989271164,0.0729999989271164,0.0729999989271164,0.0729999989271164,0,0.0,0.0
2017-09-07 00:00:00+08:00,0.0729999989271164,0.0729999989271164,0.0729999989271164,0.0729999989271164,0,0.0,0.0
2017-09-08 00:00:00+08:00,0.0729999989271164,0.07400000095367432,0.07199999690055847,0.07400000095367432,788300,0.0,0.0
2017-09-11 00:00:00+08:00,0.07400000095367432,0.07400000095367432,0.07400000095367432,0.07400000095367432,0,0.0,0.0
2017-09-12 00:00:00+08:00,0.07400000095367432,0.07400000095367432,0.0729999989271164,0.0729999989271164,151700,0.0,0.0
2017-09-13 00:00:00+08:00,0.0729999989271164,0.0729999989271164,0.0729999989271164,0.0729999989271164,0,0.0,0.0
2017-09-14 00:00:00+08:00,0.0729999989271164,0.0729999989271164,0.0729999989271164,0.0729999989271164,149500,0.0,0.0
2017-09-15 00:00:00+08:00,0.07199999690055847,0.07199999690055847,0.07199999690055847,0.07199999690055847,100000,0.0,0.0
2017-09-18 00:00:00+08:00,0.07199999690055847,0.07199999690055847,0.07199999690055847,0.07199999690055847,52800,0.0,0.0
2017-09-19 00:00:00+08:00,0.07199999690055847,0.07199999690055847,0.07199999690055847,0.07199999690055847,2000,0.0,0.0
2017-09-20 00:00:00+08:00,0.07199999690055847,0.07199999690055847,0.07199999690055847,0.07199999690055847,0,0.0,0.0
2017-09-21 00:00:00+08:00,0.07100000232458115,0.07100000232458115,0.07100000232458115,0.07100000232458115,120000,0.0,0.0
2017-09-22 00:00:00+08:00,0.07100000232458115,0.07100000232458115,0.07100000232458115,0.07100000232458115,0,0.0,0.0
2017-09-25 00:00:00+08:00,0.07100000232458115,0.07100000232458115,0.07100000232458115,0.07100000232458115,0,0.0,0.0
2017-09-26 00:00:00+08:00,0.07100000232458115,0.07100000232458115,0.07100000232458115,0.07100000232458115,0,0.0,0.0
2017-09-27 00:00:00+08:00,0.07100000232458115,0.07100000232458115,0.07100000232458115,0.07100000232458115,0,0.0,0.0
2017-09-28 00:00:00+08:00,0.07100000232458115,0.07100000232458115,0.07000000029802322,0.07000000029802322,100000,0.0,0.0
2017-09-29 00:00:00+08:00,0.07000000029802322,0.07100000232458115,0.0689999982714653,0.07000000029802322,504600,0.0,0.0
2017-10-02 00:00:00+08:00,0.07000000029802322,0.07000000029802322,0.07000000029802322,0.07000000029802322,30000,0.0,0.0
2017-10-03 00:00:00+08:00,0.06700000166893005,0.07000000029802322,0.06700000166893005,0.07000000029802322,25000,0.0,0.0
2017-10-04 00:00:00+08:00,0.07000000029802322,0.07000000029802322,0.07000000029802322,0.07000000029802322,0,0.0,0.0
2017-10-05 00:00:00+08:00,0.061000000685453415,0.06300000101327896,0.05999999865889549,0.06300000101327896,473400,0.0,0.0
2017-10-06 00:00:00+08:00,0.06599999964237213,0.07100000232458115,0.06400000303983688,0.07000000029802322,450300,0.0,0.0
2017-10-09 00:00:00+08:00,0.06800000369548798,0.07000000029802322,0.06800000369548798,0.06800000369548798,413500,0.0,0.0
2017-10-10 00:00:00+08:00,0.06800000369548798,0.06800000369548798,0.06800000369548798,0.06800000369548798,0,0.0,0.0
2017-10-11 00:00:00+08:00,0.06800000369548798,0.06800000369548798,0.06800000369548798,0.06800000369548798,0,0.0,0.0
2017-10-12 00:00:00+08:00,0.0689999982714653,0.0689999982714653,0.06800000369548798,0.06800000369548798,100000,0.0,0.0
2017-10-13 00:00:00+08:00,0.06800000369548798,0.06800000369548798,0.06800000369548798,0.06800000369548798,0,0.0,0.0
2017-10-16 00:00:00+08:00,0.07199999690055847,0.07199999690055847,0.07199999690055847,0.07199999690055847,103000,0.0,0.0
2017-10-17 00:00:00+08:00,0.06800000369548798,0.07199999690055847,0.06800000369548798,0.07000000029802322,270500,0.0,0.0
2017-10-19 00:00:00+08:00,0.07199999690055847,0.07199999690055847,0.07100000232458115,0.07199999690055847,264700,0.0,0.0
2017-10-20 00:00:00+08:00,0.07199999690055847,0.07199999690055847,0.0689999982714653,0.07000000029802322,507200,0.0,0.0
2017-10-23 00:00:00+08:00,0.07000000029802322,0.07000000029802322,0.07000000029802322,0.07000000029802322,0,0.0,0.0
2017-10-24 00:00:00+08:00,0.07000000029802322,0.07000000029802322,0.07000000029802322,0.07000000029802322,100000,0.0,0.0
2017-10-25 00:00:00+08:00,0.0689999982714653,0.07100000232458115,0.06599999964237213,0.06800000369548798,1279800,0.0,0.0
2017-10-26 00:00:00+08:00,0.06800000369548798,0.06800000369548798,0.06800000369548798,0.06800000369548798,0,0.0,0.0
2017-10-27 00:00:00+08:00,0.06800000369548798,0.06800000369548798,0.06800000369548798,0.06800000369548798,0,0.0,0.0
2017-10-30 00:00:00+08:00,0.07100000232458115,0.07500000298023224,0.07100000232458115,0.07400000095367432,988600,0.0,0.0
2017-10-31 00:00:00+08:00,0.0689999982714653,0.0689999982714653,0.0689999982714653,0.0689999982714653,100,0.0,0.0
2017-11-01 00:00:00+08:00,0.07000000029802322,0.07000000029802322,0.07000000029802322,0.07000000029802322,39000,0.0,0.0
2017-11-02 00:00:00+08:00,0.06700000166893005,0.0689999982714653,0.06700000166893005,0.06800000369548798,46700,0.0,0.0
2017-11-03 00:00:00+08:00,0.06700000166893005,0.07000000029802322,0.06700000166893005,0.07000000029802322,150000,0.0,0.0
2017-11-06 00:00:00+08:00,0.07000000029802322,0.07000000029802322,0.07000000029802322,0.07000000029802322,0,0.0,0.0
2017-11-07 00:00:00+08:00,0.07000000029802322,0.07000000029802322,0.07000000029802322,0.07000000029802322,0,0.0,0.0
2017-11-08 00:00:00+08:00,0.07000000029802322,0.07000000029802322,0.07000000029802322,0.07000000029802322,0,0.0,0.0
2017-11-09 00:00:00+08:00,0.06499999761581421,0.06499999761581421,0.06499999761581421,0.06499999761581421,100,0.0,0.0
2017-11-10 00:00:00+08:00,0.06499999761581421,0.06499999761581421,0.06499999761581421,0.06499999761581421,0,0.0,0.0
2017-11-13 00:00:00+08:00,0.07199999690055847,0.07199999690055847,0.07199999690055847,0.07199999690055847,3000,0.0,0.0
2017-11-14 00:00:00+08:00,0.06400000303983688,0.06700000166893005,0.06400000303983688,0.06700000166893005,1100,0.0,0.0
2017-11-15 00:00:00+08:00,0.06700000166893005,0.06700000166893005,0.06700000166893005,0.06700000166893005,0,0.0,0.0
2017-11-16 00:00:00+08:00,0.06700000166893005,0.06700000166893005,0.06700000166893005,0.06700000166893005,0,0.0,0.0
2017-11-17 00:00:00+08:00,0.06300000101327896,0.06599999964237213,0.06199999898672104,0.06599999964237213,220700,0.0,0.0
2017-11-20 00:00:00+08:00,0.06599999964237213,0.06599999964237213,0.06599999964237213,0.06599999964237213,0,0.0,0.0
2017-11-21 00:00:00+08:00,0.06599999964237213,0.06599999964237213,0.06599999964237213,0.06599999964237213,0,0.0,0.0
2017-11-22 00:00:00+08:00,0.06599999964237213,0.06599999964237213,0.06599999964237213,0.06599999964237213,0,0.0,0.0
2017-11-23 00:00:00+08:00,0.06599999964237213,0.06599999964237213,0.06599999964237213,0.06599999964237213,0,0.0,0.0
2017-11-24 00:00:00+08:00,0.06199999898672104,0.06199999898672104,0.061000000685453415,0.06199999898672104,489500,0.0,0.0
2017-11-27 00:00:00+08:00,0.06499999761581421,0.06499999761581421,0.06499999761581421,0.06499999761581421,4000,0.0,0.0
2017-11-28 00:00:00+08:00,0.06300000101327896,0.06300000101327896,0.06199999898672104,0.06199999898672104,240000,0.0,0.0
2017-11-29 00:00:00+08:00,0.06499999761581421,0.06499999761581421,0.06300000101327896,0.06300000101327896,70100,0.0,0.0
2017-11-30 00:00:00+08:00,0.06300000101327896,0.06300000101327896,0.06300000101327896,0.06300000101327896,0,0.0,0.0
2017-12-01 00:00:00+08:00,0.06300000101327896,0.06300000101327896,0.06300000101327896,0.06300000101327896,0,0.0,0.0
2017-12-04 00:00:00+08:00,0.06300000101327896,0.06300000101327896,0.06300000101327896,0.06300000101327896,0,0.0,0.0
2017-12-05 00:00:00+08:00,0.06300000101327896,0.06300000101327896,0.06300000101327896,0.06300000101327896,0,0.0,0.0
2017-12-06 00:00:00+08:00,0.06300000101327896,0.06300000101327896,0.06300000101327896,0.06300000101327896,0,0.0,0.0
2017-12-07 00:00:00+08:00,0.06300000101327896,0.06300000101327896,0.06300000101327896,0.06300000101327896,0,0.0,0.0
2017-12-08 00:00:00+08:00,0.06300000101327896,0.06300000101327896,0.06300000101327896,0.06300000101327896,0,0.0,0.0
2017-12-11 00:00:00+08:00,0.06300000101327896,0.06300000101327896,0.06300000101327896,0.06300000101327896,0,0.0,0.0
2017-12-12 00:00:00+08:00,0.06300000101327896,0.06300000101327896,0.06300000101327896,0.06300000101327896,0,0.0,0.0
2017-12-13 00:00:00+08:00,0.06300000101327896,0.06300000101327896,0.06300000101327896,0.06300000101327896,0,0.0,0.0
2017-12-14 00:00:00+08:00,0.05999999865889549,0.06700000166893005,0.05999999865889549,0.06700000166893005,130000,0.0,0.0
2017-12-15 00:00:00+08:00,0.06700000166893005,0.06700000166893005,0.06700000166893005,0.06700000166893005,0,0.0,0.0
2017-12-18 00:00:00+08:00,0.06700000166893005,0.06700000166893005,0.06700000166893005,0.06700000166893005,0,0.0,0.0
2017-12-19 00:00:00+08:00,0.06700000166893005,0.06700000166893005,0.06700000166893005,0.06700000166893005,0,0.0,0.0
2017-12-20 00:00:00+08:00,0.06700000166893005,0.06700000166893005,0.06700000166893005,0.06700000166893005,0,0.0,0.0
2017-12-21 00:00:00+08:00,0.061000000685453415,0.06499999761581421,0.05900000035762787,0.06499999761581421,205100,0.0,0.0
2017-12-22 00:00:00+08:00,0.06499999761581421,0.06700000166893005,0.06499999761581421,0.06700000166893005,546000,0.0,0.0
2017-12-26 00:00:00+08:00,0.06700000166893005,0.06700000166893005,0.06700000166893005,0.06700000166893005,0,0.0,0.0
2017-12-27 00:00:00+08:00,0.06700000166893005,0.06700000166893005,0.06700000166893005,0.06700000166893005,0,0.0,0.0
2017-12-28 00:00:00+08:00,0.06700000166893005,0.06700000166893005,0.06700000166893005,0.06700000166893005,0,0.0,0.0
2017-12-29 00:00:00+08:00,0.06199999898672104,0.06199999898672104,0.06199999898672104,0.06199999898672104,1300,0.0,0.0
2018-01-02 00:00:00+08:00,0.06199999898672104,0.07000000029802322,0.061000000685453415,0.07000000029802322,370300,0.0,0.0
2018-01-03 00:00:00+08:00,0.07000000029802322,0.07000000029802322,0.07000000029802322,0.07000000029802322,0,0.0,0.0
2018-01-04 00:00:00+08:00,0.07000000029802322,0.07000000029802322,0.07000000029802322,0.07000000029802322,0,0.0,0.0
2018-01-05 00:00:00+08:00,0.06400000303983688,0.06400000303983688,0.06400000303983688,0.06400000303983688,100,0.0,0.0
2018-01-08 00:00:00+08:00,0.06800000369548798,0.0689999982714653,0.06800000369548798,0.0689999982714653,40300,0.0,0.0
2018-01-09 00:00:00+08:00,0.0689999982714653,0.0689999982714653,0.0689999982714653,0.0689999982714653,0,0.0,0.0
2018-01-10 00:00:00+08:00,0.0689999982714653,0.0689999982714653,0.0689999982714653,0.0689999982714653,0,0.0,0.0
2018-01-11 00:00:00+08:00,0.0689999982714653,0.0689999982714653,0.0689999982714653,0.0689999982714653,0,0.0,0.0
2018-01-12 00:00:00+08:00,0.06599999964237213,0.06599999964237213,0.06599999964237213,0.06599999964237213,125000,0.0,0.0
2018-01-15 00:00:00+08:00,0.07000000029802322,0.07000000029802322,0.0689999982714653,0.0689999982714653,170000,0.0,0.0
2018-01-16 00:00:00+08:00,0.07000000029802322,0.07000000029802322,0.07000000029802322,0.07000000029802322,100000,0.0,0.0
2018-01-17 00:00:00+08:00,0.07000000029802322,0.07000000029802322,0.07000000029802322,0.07000000029802322,0,0.0,0.0
2018-01-18 00:00:00+08:00,0.07000000029802322,0.07000000029802322,0.07000000029802322,0.07000000029802322,0,0.0,0.0
2018-01-19 00:00:00+08:00,0.07000000029802322,0.07000000029802322,0.06300000101327896,0.07000000029802322,207700,0.0,0.0
2018-01-22 00:00:00+08:00,0.07000000029802322,0.07000000029802322,0.07000000029802322,0.07000000029802322,0,0.0,0.0
2018-01-23 00:00:00+08:00,0.07000000029802322,0.07000000029802322,0.07000000029802322,0.07000000029802322,0,0.0,0.0
2018-01-24 00:00:00+08:00,0.06599999964237213,0.06599999964237213,0.06499999761581421,0.06599999964237213,85900,0.0,0.0
2018-01-25 00:00:00+08:00,0.06800000369548798,0.06800000369548798,0.06800000369548798,0.06800000369548798,5000,0.0,0.0
2018-01-26 00:00:00+08:00,0.06800000369548798,0.06800000369548798,0.06800000369548798,0.06800000369548798,0,0.0,0.0
2018-01-29 00:00:00+08:00,0.06800000369548798,0.06800000369548798,0.06800000369548798,0.06800000369548798,0,0.0,0.0
2018-01-30 00:00:00+08:00,0.06800000369548798,0.06800000369548798,0.06800000369548798,0.06800000369548798,0,0.0,0.0
2018-01-31 00:00:00+08:00,0.06499999761581421,0.06800000369548798,0.06499999761581421,0.06599999964237213,125000,0.0,0.0
2018-02-01 00:00:00+08:00,0.06499999761581421,0.06499999761581421,0.06499999761581421,0.06499999761581421,5000,0.0,0.0
2018-02-02 00:00:00+08:00,0.06499999761581421,0.06499999761581421,0.06300000101327896,0.06499999761581421,205100,0.0,0.0
2018-02-05 00:00:00+08:00,0.06499999761581421,0.06499999761581421,0.06499999761581421,0.06499999761581421,50000,0.0,0.0
2018-02-06 00:00:00+08:00,0.06499999761581421,0.06499999761581421,0.06499999761581421,0.06499999761581421,69900,0.0,0.0
2018-02-07 00:00:00+08:00,0.06300000101327896,0.06300000101327896,0.06300000101327896,0.06300000101327896,2500,0.0,0.0
2018-02-08 00:00:00+08:00,0.06300000101327896,0.06300000101327896,0.06300000101327896,0.06300000101327896,0,0.0,0.0
2018-02-09 00:00:00+08:00,0.06300000101327896,0.06499999761581421,0.06300000101327896,0.06499999761581421,281000,0.0,0.0
2018-02-12 00:00:00+08:00,0.06499999761581421,0.06499999761581421,0.06499999761581421,0.06499999761581421,0,0.0,0.0
2018-02-13 00:00:00+08:00,0.06499999761581421,0.06499999761581421,0.06499999761581421,0.06499999761581421,0,0.0,0.0
2018-02-14 00:00:00+08:00,0.06499999761581421,0.06499999761581421,0.06499999761581421,0.06499999761581421,0,0.0,0.0
2018-02-15 00:00:00+08:00,0.06499999761581421,0.06499999761581421,0.06499999761581421,0.06499999761581421,0,0.0,0.0
2018-02-19 00:00:00+08:00,0.06499999761581421,0.06499999761581421,0.06499999761581421,0.06499999761581421,0,0.0,0.0
2018-02-20 00:00:00+08:00,0.05999999865889549,0.05999999865889549,0.05999999865889549,0.05999999865889549,51000,0.0,0.0
2018-02-21 00:00:00+08:00,0.06499999761581421,0.06700000166893005,0.06499999761581421,0.06700000166893005,165000,0.0,0.0
2018-02-22 00:00:00+08:00,0.06700000166893005,0.06700000166893005,0.06700000166893005,0.06700000166893005,0,0.0,0.0
2018-02-23 00:00:00+08:00,0.06700000166893005,0.06700000166893005,0.06700000166893005,0.06700000166893005,0,0.0,0.0
2018-02-26 00:00:00+08:00,0.06300000101327896,0.06300000101327896,0.06300000101327896,0.06300000101327896,50000,0.0,0.0
2018-02-27 00:00:00+08:00,0.06300000101327896,0.06300000101327896,0.06300000101327896,0.06300000101327896,0,0.0,0.0
2018-02-28 00:00:00+08:00,0.06300000101327896,0.06300000101327896,0.06300000101327896,0.06300000101327896,0,0.0,0.0
2018-03-01 00:00:00+08:00,0.06300000101327896,0.06300000101327896,0.06300000101327896,0.06300000101327896,0,0.0,0.0
2018-03-02 00:00:00+08:00,0.06300000101327896,0.06300000101327896,0.06300000101327896,0.06300000101327896,0,0.0,0.0
2018-03-05 00:00:00+08:00,0.06300000101327896,0.06300000101327896,0.06300000101327896,0.06300000101327896,0,0.0,0.0
2018-03-06 00:00:00+08:00,0.05900000035762787,0.05900000035762787,0.057999998331069946,0.057999998331069946,100000,0.0,0.0
2018-03-07 00:00:00+08:00,0.05900000035762787,0.05900000035762787,0.057999998331069946,0.057999998331069946,250000,0.0,0.0
2018-03-08 00:00:00+08:00,0.057999998331069946,0.057999998331069946,0.057999998331069946,0.057999998331069946,0,0.0,0.0
2018-03-09 00:00:00+08:00,0.05700000002980232,0.057999998331069946,0.0560000017285347,0.057999998331069946,70000,0.0,0.0
2018-03-12 00:00:00+08:00,0.0560000017285347,0.0560000017285347,0.0560000017285347,0.0560000017285347,20000,0.0,0.0
2018-03-13 00:00:00+08:00,0.0560000017285347,0.0560000017285347,0.0560000017285347,0.0560000017285347,0,0.0,0.0
2018-03-14 00:00:00+08:00,0.057999998331069946,0.057999998331069946,0.0560000017285347,0.0560000017285347,140000,0.0,0.0
2018-03-15 00:00:00+08:00,0.0560000017285347,0.0560000017285347,0.0560000017285347,0.0560000017285347,0,0.0,0.0
2018-03-16 00:00:00+08:00,0.054999999701976776,0.054999999701976776,0.054999999701976776,0.054999999701976776,9900,0.0,0.0
2018-03-19 00:00:00+08:00,0.054999999701976776,0.054999999701976776,0.054999999701976776,0.054999999701976776,0,0.0,0.0
2018-03-20 00:00:00+08:00,0.054999999701976776,0.054999999701976776,0.054999999701976776,0.054999999701976776,0,0.0,0.0
2018-03-21 00:00:00+08:00,0.054999999701976776,0.054999999701976776,0.054999999701976776,0.054999999701976776,0,0.0,0.0
2018-03-22 00:00:00+08:00,0.054999999701976776,0.054999999701976776,0.054999999701976776,0.054999999701976776,0,0.0,0.0
2018-03-23 00:00:00+08:00,0.054999999701976776,0.054999999701976776,0.054999999701976776,0.054999999701976776,0,0.0,0.0
2018-03-26 00:00:00+08:00,0.054999999701976776,0.054999999701976776,0.054999999701976776,0.054999999701976776,0,0.0,0.0
2018-03-27 00:00:00+08:00,0.05000000074505806,0.054999999701976776,0.05000000074505806,0.054999999701976776,168100,0.0,0.0
2018-03-28 00:00:00+08:00,0.054999999701976776,0.054999999701976776,0.054999999701976776,0.054999999701976776,0,0.0,0.0
2018-03-29 00:00:00+08:00,0.054999999701976776,0.054999999701976776,0.054999999701976776,0.054999999701976776,0,0.0,0.0
2018-04-02 00:00:00+08:00,0.054999999701976776,0.054999999701976776,0.054999999701976776,0.054999999701976776,0,0.0,0.0
2018-04-03 00:00:00+08:00,0.05400000140070915,0.05400000140070915,0.05400000140070915,0.05400000140070915,100100,0.0,0.0
2018-04-04 00:00:00+08:00,0.05400000140070915,0.05400000140070915,0.05400000140070915,0.05400000140070915,0,0.0,0.0
2018-04-05 00:00:00+08:00,0.05400000140070915,0.05400000140070915,0.05400000140070915,0.05400000140070915,0,0.0,0.0
2018-04-06 00:00:00+08:00,0.052000001072883606,0.05299999937415123,0.052000001072883606,0.05299999937415123,35900,0.0,0.0
2018-04-09 00:00:00+08:00,0.05299999937415123,0.05299999937415123,0.05299999937415123,0.05299999937415123,0,0.0,0.0
2018-04-10 00:00:00+08:00,0.05299999937415123,0.05299999937415123,0.05299999937415123,0.05299999937415123,0,0.0,0.0
2018-04-11 00:00:00+08:00,0.05299999937415123,0.05299999937415123,0.05299999937415123,0.05299999937415123,0,0.0,0.0
2018-04-12 00:00:00+08:00,0.05299999937415123,0.05299999937415123,0.05299999937415123,0.05299999937415123,0,0.0,0.0
2018-04-13 00:00:00+08:00,0.05299999937415123,0.05299999937415123,0.05299999937415123,0.05299999937415123,0,0.0,0.0
2018-04-16 00:00:00+08:00,0.054999999701976776,0.054999999701976776,0.05299999937415123,0.05299999937415123,150000,0.0,0.0
2018-04-17 00:00:00+08:00,0.05299999937415123,0.05299999937415123,0.05299999937415123,0.05299999937415123,0,0.0,0.0
2018-04-18 00:00:00+08:00,0.052000001072883606,0.052000001072883606,0.05000000074505806,0.05000000074505806,519600,0.0,0.0
2018-04-19 00:00:00+08:00,0.05000000074505806,0.05000000074505806,0.05000000074505806,0.05000000074505806,0,0.0,0.0
2018-04-20 00:00:00+08:00,0.052000001072883606,0.052000001072883606,0.052000001072883606,0.052000001072883606,70700,0.0,0.0
2018-04-23 00:00:00+08:00,0.052000001072883606,0.052000001072883606,0.052000001072883606,0.052000001072883606,32000,0.0,0.0
2018-04-24 00:00:00+08:00,0.052000001072883606,0.052000001072883606,0.050999999046325684,0.050999999046325684,56600,0.0,0.0
2018-04-25 00:00:00+08:00,0.050999999046325684,0.050999999046325684,0.050999999046325684,0.050999999046325684,0,0.0,0.0
2018-04-26 00:00:00+08:00,0.05000000074505806,0.05000000074505806,0.05000000074505806,0.05000000074505806,72400,0.0,0.0
2018-04-27 00:00:00+08:00,0.05000000074505806,0.05000000074505806,0.05000000074505806,0.05000000074505806,300000,0.0,0.0
2018-04-30 00:00:00+08:00,0.05000000074505806,0.05000000074505806,0.05000000074505806,0.05000000074505806,35000,0.0,0.0
2018-05-02 00:00:00+08:00,0.05000000074505806,0.05000000074505806,0.05000000074505806,0.05000000074505806,0,0.0,0.0
2018-05-03 00:00:00+08:00,0.05000000074505806,0.05000000074505806,0.05000000074505806,0.05000000074505806,50000,0.0,0.0
2018-05-04 00:00:00+08:00,0.05000000074505806,0.05000000074505806,0.05000000074505806,0.05000000074505806,0,0.0,0.0
2018-05-07 00:00:00+08:00,0.05000000074505806,0.054999999701976776,0.05000000074505806,0.05000000074505806,390000,0.0,0.0
2018-05-08 00:00:00+08:00,0.05000000074505806,0.05000000074505806,0.05000000074505806,0.05000000074505806,0,0.0,0.0
2018-05-09 00:00:00+08:00,0.05000000074505806,0.05000000074505806,0.05000000074505806,0.05000000074505806,0,0.0,0.0
2018-05-10 00:00:00+08:00,0.05000000074505806,0.05000000074505806,0.05000000074505806,0.05000000074505806,0,0.0,0.0
2018-05-11 00:00:00+08:00,0.05000000074505806,0.05000000074505806,0.05000000074505806,0.05000000074505806,0,0.0,0.0
2018-05-14 00:00:00+08:00,0.05000000074505806,0.05000000074505806,0.05000000074505806,0.05000000074505806,0,0.0,0.0
2018-05-15 00:00:00+08:00,0.05000000074505806,0.05000000074505806,0.05000000074505806,0.05000000074505806,0,0.0,0.0
2018-05-16 00:00:00+08:00,0.05000000074505806,0.05000000074505806,0.05000000074505806,0.05000000074505806,0,0.0,0.0
2018-05-17 00:00:00+08:00,0.05000000074505806,0.05000000074505806,0.05000000074505806,0.05000000074505806,0,0.0,0.0
2018-05-18 00:00:00+08:00,0.041999999433755875,0.04899999871850014,0.04100000113248825,0.04899999871850014,290000,0.0,0.0
2018-05-21 00:00:00+08:00,0.04899999871850014,0.04899999871850014,0.04899999871850014,0.04899999871850014,0,0.0,0.0
2018-05-22 00:00:00+08:00,0.04699999839067459,0.04699999839067459,0.04699999839067459,0.04699999839067459,50000,0.0,0.0
2018-05-23 00:00:00+08:00,0.04699999839067459,0.04699999839067459,0.04699999839067459,0.04699999839067459,0,0.0,0.0
2018-05-24 00:00:00+08:00,0.04699999839067459,0.04699999839067459,0.04699999839067459,0.04699999839067459,0,0.0,0.0
2018-05-25 00:00:00+08:00,0.04100000113248825,0.04100000113248825,0.04100000113248825,0.04100000113248825,180000,0.0,0.0
2018-05-28 00:00:00+08:00,0.04100000113248825,0.04100000113248825,0.04100000113248825,0.04100000113248825,0,0.0,0.0
2018-05-30 00:00:00+08:00,0.04800000041723251,0.04800000041723251,0.04800000041723251,0.04800000041723251,5000,0.0,0.0
2018-05-31 00:00:00+08:00,0.04800000041723251,0.04800000041723251,0.04800000041723251,0.04800000041723251,0,0.0,0.0
2018-06-01 00:00:00+08:00,0.04800000041723251,0.04800000041723251,0.04800000041723251,0.04800000041723251,0,0.0,0.0
2018-06-04 00:00:00+08:00,0.04800000041723251,0.04800000041723251,0.04800000041723251,0.04800000041723251,0,0.0,0.0
2018-06-05 00:00:00+08:00,0.04100000113248825,0.04800000041723251,0.04100000113248825,0.04699999839067459,53600,0.0,0.0
2018-06-06 00:00:00+08:00,0.04699999839067459,0.04699999839067459,0.04699999839067459,0.04699999839067459,0,0.0,0.0
2018-06-07 00:00:00+08:00,0.04699999839067459,0.04699999839067459,0.04699999839067459,0.04699999839067459,0,0.0,0.0
2018-06-08 00:00:00+08:00,0.04699999839067459,0.04699999839067459,0.04699999839067459,0.04699999839067459,0,0.0,0.0
2018-06-11 00:00:00+08:00,0.04699999839067459,0.04699999839067459,0.04699999839067459,0.04699999839067459,0,0.0,0.0
2018-06-12 00:00:00+08:00,0.04699999839067459,0.04699999839067459,0.04699999839067459,0.04699999839067459,0,0.0,0.0
2018-06-13 00:00:00+08:00,0.04699999839067459,0.04699999839067459,0.04699999839067459,0.04699999839067459,0,0.0,0.0
2018-06-14 00:00:00+08:00,0.04699999839067459,0.04699999839067459,0.04699999839067459,0.04699999839067459,0,0.0,0.0
2018-06-18 00:00:00+08:00,0.04699999839067459,0.04699999839067459,0.04699999839067459,0.04699999839067459,0,0.0,0.0
2018-06-19 00:00:00+08:00,0.04699999839067459,0.04699999839067459,0.04699999839067459,0.04699999839067459,0,0.0,0.0
2018-06-20 00:00:00+08:00,0.04699999839067459,0.04699999839067459,0.04699999839067459,0.04699999839067459,0,0.0,0.0
2018-06-21 00:00:00+08:00,0.04699999839067459,0.04699999839067459,0.04699999839067459,0.04699999839067459,0,0.0,0.0
2018-06-22 00:00:00+08:00,0.04699999839067459,0.04699999839067459,0.04699999839067459,0.04699999839067459,0,0.0,0.0
2018-06-25 00:00:00+08:00,0.04699999839067459,0.04699999839067459,0.04699999839067459,0.04699999839067459,0,0.0,0.0
2018-06-26 00:00:00+08:00,0.04699999839067459,0.04699999839067459,0.04699999839067459,0.04699999839067459,0,0.0,0.0
2018-06-27 00:00:00+08:00,0.04699999839067459,0.04699999839067459,0.04699999839067459,0.04699999839067459,0,0.0,0.0
2018-06-28 00:00:00+08:00,0.04699999839067459,0.04699999839067459,0.04699999839067459,0.04699999839067459,0,0.0,0.0
2018-06-29 00:00:00+08:00,0.04699999839067459,0.04699999839067459,0.04699999839067459,0.04699999839067459,0,0.0,0.0
2018-07-02 00:00:00+08:00,0.04699999839067459,0.04699999839067459,0.04699999839067459,0.04699999839067459,0,0.0,0.0
2018-07-03 00:00:00+08:00,0.04699999839067459,0.04699999839067459,0.04699999839067459,0.04699999839067459,0,0.0,0.0
2018-07-04 00:00:00+08:00,0.04699999839067459,0.04699999839067459,0.04699999839067459,0.04699999839067459,0,0.0,0.0
2018-07-05 00:00:00+08:00,0.04699999839067459,0.04699999839067459,0.04699999839067459,0.04699999839067459,0,0.0,0.0
2018-07-06 00:00:00+08:00,0.02500000037252903,0.04500000178813934,0.02500000037252903,0.04500000178813934,25100,0.0,0.0
2018-07-09 00:00:00+08:00,0.04500000178813934,0.04500000178813934,0.04500000178813934,0.04500000178813934,0,0.0,0.0
2018-07-10 00:00:00+08:00,0.03999999910593033,0.03999999910593033,0.03999999910593033,0.03999999910593033,68000,0.0,0.0
2018-07-11 00:00:00+08:00,0.03799999877810478,0.03999999910593033,0.03799999877810478,0.03999999910593033,16100,0.0,0.0
2018-07-12 00:00:00+08:00,0.03999999910593033,0.03999999910593033,0.03999999910593033,0.03999999910593033,0,0.0,0.0
2018-07-13 00:00:00+08:00,0.03999999910593033,0.03999999910593033,0.03999999910593033,0.03999999910593033,0,0.0,0.0
2018-07-16 00:00:00+08:00,0.03999999910593033,0.03999999910593033,0.03999999910593033,0.03999999910593033,0,0.0,0.0
2018-07-17 00:00:00+08:00,0.03999999910593033,0.03999999910593033,0.03999999910593033,0.03999999910593033,0,0.0,0.0
2018-07-18 00:00:00+08:00,0.03999999910593033,0.03999999910593033,0.03999999910593033,0.03999999910593033,0,0.0,0.0
2018-07-19 00:00:00+08:00,0.03999999910593033,0.03999999910593033,0.03999999910593033,0.03999999910593033,0,0.0,0.0
2018-07-20 00:00:00+08:00,0.03999999910593033,0.03999999910593033,0.03999999910593033,0.03999999910593033,0,0.0,0.0
2018-07-23 00:00:00+08:00,0.03999999910593033,0.03999999910593033,0.03999999910593033,0.03999999910593033,0,0.0,0.0
2018-07-24 00:00:00+08:00,0.03999999910593033,0.03999999910593033,0.03999999910593033,0.03999999910593033,0,0.0,0.0
2018-07-25 00:00:00+08:00,0.03999999910593033,0.03999999910593033,0.03999999910593033,0.03999999910593033,0,0.0,0.0
2018-07-26 00:00:00+08:00,0.03999999910593033,0.03999999910593033,0.03999999910593033,0.03999999910593033,0,0.0,0.0
2018-07-27 00:00:00+08:00,0.03999999910593033,0.03999999910593033,0.03999999910593033,0.03999999910593033,0,0.0,0.0
2018-07-30 00:00:00+08:00,0.03999999910593033,0.03999999910593033,0.03999999910593033,0.03999999910593033,0,0.0,0.0
2018-07-31 00:00:00+08:00,0.03999999910593033,0.03999999910593033,0.03999999910593033,0.03999999910593033,0,0.0,0.0
2018-08-01 00:00:00+08:00,0.020999999716877937,0.03999999910593033,0.019999999552965164,0.03999999910593033,516600,0.0,0.0
2018-08-02 00:00:00+08:00,0.03999999910593033,0.03999999910593033,0.03999999910593033,0.03999999910593033,0,0.0,0.0
2018-08-03 00:00:00+08:00,0.03999999910593033,0.03999999910593033,0.03999999910593033,0.03999999910593033,33000,0.0,0.0
2018-08-06 00:00:00+08:00,0.03999999910593033,0.03999999910593033,0.03999999910593033,0.03999999910593033,0,0.0,0.0
2018-08-07 00:00:00+08:00,0.03999999910593033,0.03999999910593033,0.03999999910593033,0.03999999910593033,0,0.0,0.0
2018-08-08 00:00:00+08:00,0.03999999910593033,0.03999999910593033,0.03999999910593033,0.03999999910593033,0,0.0,0.0
2018-08-10 00:00:00+08:00,0.03999999910593033,0.03999999910593033,0.03999999910593033,0.03999999910593033,0,0.0,0.0
2018-08-13 00:00:00+08:00,0.03999999910593033,0.03999999910593033,0.03999999910593033,0.03999999910593033,0,0.0,0.0
2018-08-14 00:00:00+08:00,0.03999999910593033,0.03999999910593033,0.03999999910593033,0.03999999910593033,0,0.0,0.0
2018-08-15 00:00:00+08:00,0.03999999910593033,0.03999999910593033,0.03999999910593033,0.03999999910593033,0,0.0,0.0
2018-08-16 00:00:00+08:00,0.03999999910593033,0.03999999910593033,0.03999999910593033,0.03999999910593033,0,0.0,0.0
2018-08-17 00:00:00+08:00,0.03999999910593033,0.03999999910593033,0.03999999910593033,0.03999999910593033,0,0.0,0.0
2018-08-20 00:00:00+08:00,0.03999999910593033,0.03999999910593033,0.03999999910593033,0.03999999910593033,0,0.0,0.0
2018-08-21 00:00:00+08:00,0.03999999910593033,0.03999999910593033,0.03999999910593033,0.03999999910593033,0,0.0,0.0
2018-08-23 00:00:00+08:00,0.023000000044703484,0.03999999910593033,0.020999999716877937,0.023000000044703484,75200,0.0,0.0
2018-08-24 00:00:00+08:00,0.03799999877810478,0.039000000804662704,0.03799999877810478,0.039000000804662704,105700,0.0,0.0
2018-08-27 00:00:00+08:00,0.039000000804662704,0.039000000804662704,0.039000000804662704,0.039000000804662704,113600,0.0,0.0
2018-08-28 00:00:00+08:00,0.039000000804662704,0.039000000804662704,0.039000000804662704,0.039000000804662704,0,0.0,0.0
2018-08-29 00:00:00+08:00,0.03999999910593033,0.03999999910593033,0.03999999910593033,0.03999999910593033,10000,0.0,0.0
2018-08-30 00:00:00+08:00,0.03999999910593033,0.03999999910593033,0.03999999910593033,0.03999999910593033,0,0.0,0.0
2018-08-31 00:00:00+08:00,0.029999999329447746,0.03999999910593033,0.029999999329447746,0.03999999910593033,55000,0.0,0.0
2018-09-03 00:00:00+08:00,0.03999999910593033,0.03999999910593033,0.03999999910593033,0.03999999910593033,0,0.0,0.0
2018-09-04 00:00:00+08:00,0.03999999910593033,0.03999999910593033,0.03999999910593033,0.03999999910593033,0,0.0,0.0
2018-09-05 00:00:00+08:00,0.03999999910593033,0.03999999910593033,0.03999999910593033,0.03999999910593033,0,0.0,0.0
2018-09-06 00:00:00+08:00,0.03999999910593033,0.03999999910593033,0.03999999910593033,0.03999999910593033,0,0.0,0.0
2018-09-07 00:00:00+08:00,0.03999999910593033,0.03999999910593033,0.03999999910593033,0.03999999910593033,0,0.0,0.0
2018-09-10 00:00:00+08:00,0.03999999910593033,0.03999999910593033,0.03999999910593033,0.03999999910593033,0,0.0,0.0
2018-09-11 00:00:00+08:00,0.03999999910593033,0.03999999910593033,0.03999999910593033,0.03999999910593033,0,0.0,0.0
2018-09-12 00:00:00+08:00,0.03999999910593033,0.03999999910593033,0.03999999910593033,0.03999999910593033,0,0.0,0.0
2018-09-13 00:00:00+08:00,0.03999999910593033,0.03999999910593033,0.03999999910593033,0.03999999910593033,0,0.0,0.0
2018-09-14 00:00:00+08:00,0.02500000037252903,0.039000000804662704,0.02500000037252903,0.039000000804662704,1100,0.0,0.0
2018-09-17 00:00:00+08:00,0.026000000536441803,0.03700000047683716,0.02500000037252903,0.03700000047683716,172200,0.0,0.0
2018-09-18 00:00:00+08:00,0.027000000700354576,0.03700000047683716,0.027000000700354576,0.03700000047683716,786300,0.0,0.0
2018-09-19 00:00:00+08:00,0.026000000536441803,0.035999998450279236,0.026000000536441803,0.035999998450279236,89200,0.0,0.0
2018-09-20 00:00:00+08:00,0.027000000700354576,0.035999998450279236,0.027000000700354576,0.035999998450279236,160600,0.0,0.0
2018-09-21 00:00:00+08:00,0.035999998450279236,0.035999998450279236,0.035999998450279236,0.035999998450279236,0,0.0,0.0
2018-09-24 00:00:00+08:00,0.035999998450279236,0.035999998450279236,0.035999998450279236,0.035999998450279236,0,0.0,0.0
2018-09-25 00:00:00+08:00,0.035999998450279236,0.035999998450279236,0.035999998450279236,0.035999998450279236,0,0.0,0.0
2018-09-26 00:00:00+08:00,0.02500000037252903,0.032999999821186066,0.02500000037252903,0.032999999821186066,41200,0.0,0.0
2018-09-27 00:00:00+08:00,0.032999999821186066,0.032999999821186066,0.032999999821186066,0.032999999821186066,0,0.0,0.0
2018-09-28 00:00:00+08:00,0.032999999821186066,0.032999999821186066,0.032999999821186066,0.032999999821186066,0,0.0,0.0
2018-10-01 00:00:00+08:00,0.032999999821186066,0.032999999821186066,0.032999999821186066,0.032999999821186066,0,0.0,0.0
2018-10-02 00:00:00+08:00,0.032999999821186066,0.032999999821186066,0.032999999821186066,0.032999999821186066,0,0.0,0.0
2018-10-03 00:00:00+08:00,0.032999999821186066,0.032999999821186066,0.032999999821186066,0.032999999821186066,0,0.0,0.0
2018-10-04 00:00:00+08:00,0.032999999821186066,0.032999999821186066,0.032999999821186066,0.032999999821186066,0,0.0,0.0
2018-10-05 00:00:00+08:00,0.032999999821186066,0.032999999821186066,0.032999999821186066,0.032999999821186066,0,0.0,0.0
2018-10-08 00:00:00+08:00,0.032999999821186066,0.032999999821186066,0.032999999821186066,0.032999999821186066,0,0.0,0.0
2018-10-09 00:00:00+08:00,0.032999999821186066,0.032999999821186066,0.032999999821186066,0.032999999821186066,0,0.0,0.0
2018-10-10 00:00:00+08:00,0.032999999821186066,0.032999999821186066,0.032999999821186066,0.032999999821186066,0,0.0,0.0
2018-10-11 00:00:00+08:00,0.032999999821186066,0.032999999821186066,0.032999999821186066,0.032999999821186066,0,0.0,0.0
2018-10-12 00:00:00+08:00,0.032999999821186066,0.032999999821186066,0.032999999821186066,0.032999999821186066,0,0.0,0.0
2018-10-15 00:00:00+08:00,0.02500000037252903,0.03500000014901161,0.02500000037252903,0.03500000014901161,275000,0.0,0.0
2018-10-16 00:00:00+08:00,0.03500000014901161,0.03500000014901161,0.03500000014901161,0.03500000014901161,0,0.0,0.0
2018-10-17 00:00:00+08:00,0.029999999329447746,0.029999999329447746,0.029999999329447746,0.029999999329447746,20800,0.0,0.0
2018-10-18 00:00:00+08:00,0.029999999329447746,0.029999999329447746,0.029999999329447746,0.029999999329447746,0,0.0,0.0
2018-10-19 00:00:00+08:00,0.027000000700354576,0.027000000700354576,0.027000000700354576,0.027000000700354576,50000,0.0,0.0
2018-10-22 00:00:00+08:00,0.027000000700354576,0.027000000700354576,0.027000000700354576,0.027000000700354576,0,0.0,0.0
2018-10-23 00:00:00+08:00,0.027000000700354576,0.027000000700354576,0.027000000700354576,0.027000000700354576,0,0.0,0.0
2018-10-24 00:00:00+08:00,0.027000000700354576,0.027000000700354576,0.027000000700354576,0.027000000700354576,0,0.0,0.0
2018-10-25 00:00:00+08:00,0.027000000700354576,0.027000000700354576,0.027000000700354576,0.027000000700354576,0,0.0,0.0
2018-10-26 00:00:00+08:00,0.027000000700354576,0.027000000700354576,0.027000000700354576,0.027000000700354576,0,0.0,0.0
2018-10-29 00:00:00+08:00,0.027000000700354576,0.027000000700354576,0.027000000700354576,0.027000000700354576,0,0.0,0.0
2018-10-30 00:00:00+08:00,0.02500000037252903,0.02500000037252903,0.02500000037252903,0.02500000037252903,265800,0.0,0.0
2018-10-31 00:00:00+08:00,0.02500000037252903,0.02500000037252903,0.02500000037252903,0.02500000037252903,359000,0.0,0.0
2018-11-01 00:00:00+08:00,0.02500000037252903,0.02500000037252903,0.02500000037252903,0.02500000037252903,0,0.0,0.0
2018-11-02 00:00:00+08:00,0.02500000037252903,0.02500000037252903,0.02500000037252903,0.02500000037252903,45000,0.0,0.0
2018-11-05 00:00:00+08:00,0.02500000037252903,0.02500000037252903,0.02500000037252903,0.02500000037252903,0,0.0,0.0
2018-11-07 00:00:00+08:00,0.02500000037252903,0.02500000037252903,0.02500000037252903,0.02500000037252903,0,0.0,0.0
2018-11-08 00:00:00+08:00,0.02500000037252903,0.02500000037252903,0.02500000037252903,0.02500000037252903,0,0.0,0.0
2018-11-09 00:00:00+08:00,0.02500000037252903,0.02500000037252903,0.02500000037252903,0.02500000037252903,0,0.0,0.0
2018-11-12 00:00:00+08:00,0.024000000208616257,0.02500000037252903,0.024000000208616257,0.02500000037252903,730400,0.0,0.0
2018-11-13 00:00:00+08:00,0.02500000037252903,0.02500000037252903,0.02500000037252903,0.02500000037252903,0,0.0,0.0
2018-11-14 00:00:00+08:00,0.02500000037252903,0.02500000037252903,0.02500000037252903,0.02500000037252903,0,0.0,0.0
2018-11-15 00:00:00+08:00,0.02500000037252903,0.02500000037252903,0.02500000037252903,0.02500000037252903,0,0.0,0.0
2018-11-16 00:00:00+08:00,0.02500000037252903,0.02500000037252903,0.02500000037252903,0.02500000037252903,0,0.0,0.0
2018-11-19 00:00:00+08:00,0.024000000208616257,0.024000000208616257,0.024000000208616257,0.024000000208616257,80000,0.0,0.0
2018-11-20 00:00:00+08:00,0.024000000208616257,0.024000000208616257,0.024000000208616257,0.024000000208616257,0,0.0,0.0
2018-11-21 00:00:00+08:00,0.024000000208616257,0.024000000208616257,0.024000000208616257,0.024000000208616257,250000,0.0,0.0
2018-11-22 00:00:00+08:00,0.024000000208616257,0.024000000208616257,0.024000000208616257,0.024000000208616257,0,0.0,0.0
2018-11-23 00:00:00+08:00,0.024000000208616257,0.024000000208616257,0.024000000208616257,0.024000000208616257,0,0.0,0.0
2018-11-26 00:00:00+08:00,0.024000000208616257,0.024000000208616257,0.024000000208616257,0.024000000208616257,0,0.0,0.0
2018-11-27 00:00:00+08:00,0.024000000208616257,0.024000000208616257,0.024000000208616257,0.024000000208616257,0,0.0,0.0
2018-11-28 00:00:00+08:00,0.024000000208616257,0.024000000208616257,0.024000000208616257,0.024000000208616257,0,0.0,0.0
2018-11-29 00:00:00+08:00,0.024000000208616257,0.024000000208616257,0.024000000208616257,0.024000000208616257,0,0.0,0.0
2018-11-30 00:00:00+08:00,0.024000000208616257,0.024000000208616257,0.024000000208616257,0.024000000208616257,0,0.0,0.0
2018-12-03 00:00:00+08:00,0.024000000208616257,0.024000000208616257,0.024000000208616257,0.024000000208616257,0,0.0,0.0
2018-12-04 00:00:00+08:00,0.024000000208616257,0.024000000208616257,0.024000000208616257,0.024000000208616257,0,0.0,0.0
2018-12-05 00:00:00+08:00,0.024000000208616257,0.024000000208616257,0.024000000208616257,0.024000000208616257,0,0.0,0.0
2018-12-06 00:00:00+08:00,0.024000000208616257,0.024000000208616257,0.024000000208616257,0.024000000208616257,0,0.0,0.0
2018-12-07 00:00:00+08:00,0.024000000208616257,0.024000000208616257,0.024000000208616257,0.024000000208616257,0,0.0,0.0
2018-12-10 00:00:00+08:00,0.024000000208616257,0.024000000208616257,0.024000000208616257,0.024000000208616257,0,0.0,0.0
2018-12-11 00:00:00+08:00,0.020999999716877937,0.027000000700354576,0.020999999716877937,0.027000000700354576,52500,0.0,0.0
2018-12-12 00:00:00+08:00,0.027000000700354576,0.027000000700354576,0.027000000700354576,0.027000000700354576,0,0.0,0.0
2018-12-13 00:00:00+08:00,0.027000000700354576,0.027000000700354576,0.027000000700354576,0.027000000700354576,0,0.0,0.0
2018-12-14 00:00:00+08:00,0.027000000700354576,0.027000000700354576,0.027000000700354576,0.027000000700354576,0,0.0,0.0
2018-12-17 00:00:00+08:00,0.019999999552965164,0.03500000014901161,0.019999999552965164,0.03500000014901161,51000,0.0,0.0
2018-12-18 00:00:00+08:00,0.03500000014901161,0.03500000014901161,0.03500000014901161,0.03500000014901161,0,0.0,0.0
2018-12-19 00:00:00+08:00,0.03500000014901161,0.03500000014901161,0.03500000014901161,0.03500000014901161,0,0.0,0.0
2018-12-20 00:00:00+08:00,0.03500000014901161,0.03500000014901161,0.03500000014901161,0.03500000014901161,0,0.0,0.0
2018-12-21 00:00:00+08:00,0.03500000014901161,0.03500000014901161,0.03500000014901161,0.03500000014901161,0,0.0,0.0
2018-12-24 00:00:00+08:00,0.03500000014901161,0.03500000014901161,0.03500000014901161,0.03500000014901161,0,0.0,0.0
2018-12-26 00:00:00+08:00,0.03500000014901161,0.03500000014901161,0.03500000014901161,0.03500000014901161,0,0.0,0.0
2018-12-27 00:00:00+08:00,0.03500000014901161,0.03500000014901161,0.03500000014901161,0.03500000014901161,0,0.0,0.0
2018-12-28 00:00:00+08:00,0.03500000014901161,0.03500000014901161,0.03500000014901161,0.03500000014901161,0,0.0,0.0
2018-12-31 00:00:00+08:00,0.03500000014901161,0.03500000014901161,0.03500000014901161,0.03500000014901161,0,0.0,0.0
2019-01-01 00:00:00+08:00,0.03500000014901161,0.03500000014901161,0.03500000014901161,0.03500000014901161,0,0.0,0.0
2019-01-02 00:00:00+08:00,0.03500000014901161,0.03500000014901161,0.03500000014901161,0.03500000014901161,0,0.0,0.0
2019-01-03 00:00:00+08:00,0.03500000014901161,0.03500000014901161,0.03500000014901161,0.03500000014901161,0,0.0,0.0
2019-01-04 00:00:00+08:00,0.03500000014901161,0.03500000014901161,0.03500000014901161,0.03500000014901161,0,0.0,0.0
2019-01-07 00:00:00+08:00,0.03500000014901161,0.03500000014901161,0.03500000014901161,0.03500000014901161,0,0.0,0.0
2019-01-08 00:00:00+08:00,0.03500000014901161,0.03500000014901161,0.03500000014901161,0.03500000014901161,0,0.0,0.0
2019-01-09 00:00:00+08:00,0.03500000014901161,0.03500000014901161,0.03500000014901161,0.03500000014901161,0,0.0,0.0
2019-01-10 00:00:00+08:00,0.03500000014901161,0.03500000014901161,0.03500000014901161,0.03500000014901161,0,0.0,0.0
2019-01-11 00:00:00+08:00,0.03500000014901161,0.03500000014901161,0.03500000014901161,0.03500000014901161,0,0.0,0.0
2019-01-14 00:00:00+08:00,0.03500000014901161,0.03500000014901161,0.03500000014901161,0.03500000014901161,0,0.0,0.0
2019-01-15 00:00:00+08:00,0.03500000014901161,0.03500000014901161,0.03500000014901161,0.03500000014901161,0,0.0,0.0
2019-01-16 00:00:00+08:00,0.03500000014901161,0.03500000014901161,0.03500000014901161,0.03500000014901161,0,0.0,0.0
2019-01-17 00:00:00+08:00,0.03500000014901161,0.03500000014901161,0.03500000014901161,0.03500000014901161,0,0.0,0.0
2019-01-18 00:00:00+08:00,0.03500000014901161,0.03500000014901161,0.03500000014901161,0.03500000014901161,0,0.0,0.0
2019-01-21 00:00:00+08:00,0.03500000014901161,0.03500000014901161,0.03500000014901161,0.03500000014901161,0,0.0,0.0
2019-01-22 00:00:00+08:00,0.03500000014901161,0.03500000014901161,0.03500000014901161,0.03500000014901161,0,0.0,0.0
2019-01-23 00:00:00+08:00,0.03500000014901161,0.03500000014901161,0.03500000014901161,0.03500000014901161,0,0.0,0.0
2019-01-24 00:00:00+08:00,0.023000000044703484,0.03400000184774399,0.023000000044703484,0.03400000184774399,93300,0.0,0.0
2019-01-25 00:00:00+08:00,0.03400000184774399,0.03400000184774399,0.03400000184774399,0.03400000184774399,0,0.0,0.0
2019-01-28 00:00:00+08:00,0.03400000184774399,0.03400000184774399,0.03400000184774399,0.03400000184774399,0,0.0,0.0
2019-01-29 00:00:00+08:00,0.03400000184774399,0.03400000184774399,0.03400000184774399,0.03400000184774399,0,0.0,0.0
2019-01-30 00:00:00+08:00,0.029999999329447746,0.029999999329447746,0.029999999329447746,0.029999999329447746,20000,0.0,0.0
2019-01-31 00:00:00+08:00,0.029999999329447746,0.029999999329447746,0.029999999329447746,0.029999999329447746,0,0.0,0.0
2019-02-01 00:00:00+08:00,0.029999999329447746,0.029999999329447746,0.029999999329447746,0.029999999329447746,0,0.0,0.0
2019-02-04 00:00:00+08:00,0.029999999329447746,0.029999999329447746,0.029999999329447746,0.029999999329447746,0,0.0,0.0
2019-02-05 00:00:00+08:00,0.029999999329447746,0.029999999329447746,0.029999999329447746,0.029999999329447746,0,0.0,0.0
2019-02-07 00:00:00+08:00,0.029999999329447746,0.029999999329447746,0.029999999329447746,0.029999999329447746,1641700,0.0,0.0
2019-02-08 00:00:00+08:00,0.03500000014901161,0.04500000178813934,0.03200000151991844,0.04500000178813934,436700,0.0,0.0
2019-02-11 00:00:00+08:00,0.04500000178813934,0.04500000178813934,0.04500000178813934,0.04500000178813934,0,0.0,0.0
2019-02-12 00:00:00+08:00,0.05000000074505806,0.05000000074505806,0.032999999821186066,0.032999999821186066,431600,0.0,0.0
2019-02-13 00:00:00+08:00,0.03700000047683716,0.039000000804662704,0.03700000047683716,0.039000000804662704,29600,0.0,0.0
2019-02-14 00:00:00+08:00,0.03500000014901161,0.03799999877810478,0.03500000014901161,0.03799999877810478,100100,0.0,0.0
2019-02-15 00:00:00+08:00,0.03799999877810478,0.03799999877810478,0.03799999877810478,0.03799999877810478,0,0.0,0.0
2019-02-18 00:00:00+08:00,0.03799999877810478,0.03799999877810478,0.03799999877810478,0.03799999877810478,0,0.0,0.0
2019-02-19 00:00:00+08:00,0.03799999877810478,0.03799999877810478,0.03799999877810478,0.03799999877810478,0,0.0,0.0
2019-02-20 00:00:00+08:00,0.03500000014901161,0.03500000014901161,0.03500000014901161,0.03500000014901161,200000,0.0,0.0
2019-02-21 00:00:00+08:00,0.03500000014901161,0.03500000014901161,0.03500000014901161,0.03500000014901161,0,0.0,0.0
2019-02-22 00:00:00+08:00,0.03500000014901161,0.03500000014901161,0.03500000014901161,0.03500000014901161,400000,0.0,0.0
2019-02-25 00:00:00+08:00,0.03500000014901161,0.03500000014901161,0.03500000014901161,0.03500000014901161,0,0.0,0.0
2019-02-26 00:00:00+08:00,0.03500000014901161,0.03500000014901161,0.03500000014901161,0.03500000014901161,0,0.0,0.0
2019-02-27 00:00:00+08:00,0.03500000014901161,0.03500000014901161,0.03500000014901161,0.03500000014901161,0,0.0,0.0
2019-02-28 00:00:00+08:00,0.03500000014901161,0.03500000014901161,0.03500000014901161,0.03500000014901161,0,0.0,0.0
2019-03-01 00:00:00+08:00,0.03500000014901161,0.03500000014901161,0.03500000014901161,0.03500000014901161,0,0.0,0.0
2019-03-04 00:00:00+08:00,0.03500000014901161,0.03500000014901161,0.03500000014901161,0.03500000014901161,0,0.0,0.0
2019-03-05 00:00:00+08:00,0.03500000014901161,0.03500000014901161,0.03500000014901161,0.03500000014901161,0,0.0,0.0
2019-03-06 00:00:00+08:00,0.029999999329447746,0.029999999329447746,0.029999999329447746,0.029999999329447746,100000,0.0,0.0
2019-03-07 00:00:00+08:00,0.029999999329447746,0.029999999329447746,0.029999999329447746,0.029999999329447746,0,0.0,0.0
2019-03-08 00:00:00+08:00,0.029999999329447746,0.029999999329447746,0.029999999329447746,0.029999999329447746,0,0.0,0.0
2019-03-11 00:00:00+08:00,0.029999999329447746,0.029999999329447746,0.029999999329447746,0.029999999329447746,50000,0.0,0.0
2019-03-12 00:00:00+08:00,0.029999999329447746,0.029999999329447746,0.029999999329447746,0.029999999329447746,54000,0.0,0.0
2019-03-13 00:00:00+08:00,0.029999999329447746,0.029999999329447746,0.029999999329447746,0.029999999329447746,0,0.0,0.0
2019-03-14 00:00:00+08:00,0.029999999329447746,0.029999999329447746,0.029999999329447746,0.029999999329447746,0,0.0,0.0
2019-03-15 00:00:00+08:00,0.029999999329447746,0.029999999329447746,0.029999999329447746,0.029999999329447746,200000,0.0,0.0
2019-03-18 00:00:00+08:00,0.029999999329447746,0.029999999329447746,0.029999999329447746,0.029999999329447746,1000000,0.0,0.0
2019-03-19 00:00:00+08:00,0.029999999329447746,0.03099999949336052,0.029999999329447746,0.03099999949336052,1100000,0.0,0.0
2019-03-20 00:00:00+08:00,0.029999999329447746,0.03099999949336052,0.029999999329447746,0.03099999949336052,1100000,0.0,0.0
2019-03-21 00:00:00+08:00,0.03099999949336052,0.03099999949336052,0.03099999949336052,0.03099999949336052,0,0.0,0.0
2019-03-22 00:00:00+08:00,0.029999999329447746,0.029999999329447746,0.029999999329447746,0.029999999329447746,375000,0.0,0.0
2019-03-25 00:00:00+08:00,0.03099999949336052,0.03099999949336052,0.03099999949336052,0.03099999949336052,16600,0.0,0.0
2019-03-26 00:00:00+08:00,0.03099999949336052,0.03099999949336052,0.03099999949336052,0.03099999949336052,0,0.0,0.0
2019-03-27 00:00:00+08:00,0.029999999329447746,0.029999999329447746,0.029999999329447746,0.029999999329447746,100,0.0,0.0
2019-03-28 00:00:00+08:00,0.029999999329447746,0.029999999329447746,0.029999999329447746,0.029999999329447746,0,0.0,0.0
2019-03-29 00:00:00+08:00,0.029999999329447746,0.029999999329447746,0.029999999329447746,0.029999999329447746,0,0.0,0.0
2019-04-01 00:00:00+08:00,0.029999999329447746,0.029999999329447746,0.029999999329447746,0.029999999329447746,0,0.0,0.0
2019-04-02 00:00:00+08:00,0.029999999329447746,0.029999999329447746,0.029999999329447746,0.029999999329447746,50000,0.0,0.0
2019-04-03 00:00:00+08:00,0.029999999329447746,0.029999999329447746,0.029999999329447746,0.029999999329447746,0,0.0,0.0
2019-04-04 00:00:00+08:00,0.029999999329447746,0.029999999329447746,0.029999999329447746,0.029999999329447746,0,0.0,0.0
2019-04-05 00:00:00+08:00,0.029999999329447746,0.029999999329447746,0.029999999329447746,0.029999999329447746,0,0.0,0.0
2019-04-08 00:00:00+08:00,0.019999999552965164,0.02500000037252903,0.019999999552965164,0.02500000037252903,22700,0.0,0.0
2019-04-09 00:00:00+08:00,0.02500000037252903,0.02500000037252903,0.02500000037252903,0.02500000037252903,0,0.0,0.0
2019-04-10 00:00:00+08:00,0.02500000037252903,0.02500000037252903,0.02500000037252903,0.02500000037252903,0,0.0,0.0
2019-04-11 00:00:00+08:00,0.032999999821186066,0.03500000014901161,0.032999999821186066,0.03500000014901161,155900,0.0,0.0
2019-04-12 00:00:00+08:00,0.032999999821186066,0.032999999821186066,0.032999999821186066,0.032999999821186066,60000,0.0,0.0
2019-04-15 00:00:00+08:00,0.032999999821186066,0.032999999821186066,0.032999999821186066,0.032999999821186066,0,0.0,0.0
2019-04-16 00:00:00+08:00,0.032999999821186066,0.032999999821186066,0.032999999821186066,0.032999999821186066,0,0.0,0.0
2019-04-17 00:00:00+08:00,0.032999999821186066,0.032999999821186066,0.032999999821186066,0.032999999821186066,95000,0.0,0.0
2019-04-18 00:00:00+08:00,0.032999999821186066,0.032999999821186066,0.032999999821186066,0.032999999821186066,0,0.0,0.0
2019-04-22 00:00:00+08:00,0.032999999821186066,0.032999999821186066,0.032999999821186066,0.032999999821186066,200000,0.0,0.0
2019-04-23 00:00:00+08:00,0.032999999821186066,0.032999999821186066,0.032999999821186066,0.032999999821186066,0,0.0,0.0
2019-04-24 00:00:00+08:00,0.032999999821186066,0.03400000184774399,0.032999999821186066,0.03400000184774399,180000,0.0,0.0
2019-04-25 00:00:00+08:00,0.03400000184774399,0.03400000184774399,0.03400000184774399,0.03400000184774399,0,0.0,0.0
2019-04-26 00:00:00+08:00,0.029999999329447746,0.029999999329447746,0.029999999329447746,0.029999999329447746,60000,0.0,0.0
2019-04-29 00:00:00+08:00,0.029999999329447746,0.029999999329447746,0.029999999329447746,0.029999999329447746,267800,0.0,0.0
2019-04-30 00:00:00+08:00,0.027000000700354576,0.027000000700354576,0.026000000536441803,0.026000000536441803,553000,0.0,0.0
2019-05-02 00:00:00+08:00,0.029999999329447746,0.029999999329447746,0.026000000536441803,0.026000000536441803,315800,0.0,0.0
2019-05-03 00:00:00+08:00,0.028999999165534973,0.029999999329447746,0.028999999165534973,0.029999999329447746,700000,0.0,0.0
2019-05-06 00:00:00+08:00,0.028999999165534973,0.028999999165534973,0.028999999165534973,0.028999999165534973,500000,0.0,0.0
2019-05-07 00:00:00+08:00,0.028999999165534973,0.028999999165534973,0.028999999165534973,0.028999999165534973,0,0.0,0.0
2019-05-08 00:00:00+08:00,0.028999999165534973,0.028999999165534973,0.028999999165534973,0.028999999165534973,0,0.0,0.0
2019-05-09 00:00:00+08:00,0.028999999165534973,0.028999999165534973,0.028999999165534973,0.028999999165534973,0,0.0,0.0
2019-05-10 00:00:00+08:00,0.028999999165534973,0.028999999165534973,0.028999999165534973,0.028999999165534973,500000,0.0,0.0
2019-05-13 00:00:00+08:00,0.028999999165534973,0.028999999165534973,0.028999999165534973,0.028999999165534973,0,0.0,0.0
2019-05-14 00:00:00+08:00,0.026000000536441803,0.026000000536441803,0.026000000536441803,0.026000000536441803,100000,0.0,0.0
2019-05-15 00:00:00+08:00,0.02500000037252903,0.02800000086426735,0.024000000208616257,0.02800000086426735,193900,0.0,0.0
2019-05-16 00:00:00+08:00,0.027000000700354576,0.027000000700354576,0.027000000700354576,0.027000000700354576,600000,0.0,0.0
2019-05-17 00:00:00+08:00,0.023000000044703484,0.026000000536441803,0.023000000044703484,0.026000000536441803,5000,0.0,0.0
2019-05-21 00:00:00+08:00,0.026000000536441803,0.026000000536441803,0.026000000536441803,0.026000000536441803,115000,0.0,0.0
2019-05-22 00:00:00+08:00,0.026000000536441803,0.026000000536441803,0.026000000536441803,0.026000000536441803,0,0.0,0.0
2019-05-23 00:00:00+08:00,0.026000000536441803,0.026000000536441803,0.026000000536441803,0.026000000536441803,0,0.0,0.0
2019-05-24 00:00:00+08:00,0.026000000536441803,0.026000000536441803,0.026000000536441803,0.026000000536441803,0,0.0,0.0
2019-05-27 00:00:00+08:00,0.026000000536441803,0.026000000536441803,0.026000000536441803,0.026000000536441803,0,0.0,0.0
2019-05-28 00:00:00+08:00,0.026000000536441803,0.026000000536441803,0.026000000536441803,0.026000000536441803,0,0.0,0.0
2019-05-29 00:00:00+08:00,0.026000000536441803,0.026000000536441803,0.026000000536441803,0.026000000536441803,0,0.0,0.0
2019-05-30 00:00:00+08:00,0.026000000536441803,0.026000000536441803,0.026000000536441803,0.026000000536441803,0,0.0,0.0
2019-05-31 00:00:00+08:00,0.02199999988079071,0.023000000044703484,0.02199999988079071,0.023000000044703484,8000,0.0,0.0
2019-06-03 00:00:00+08:00,0.023000000044703484,0.023000000044703484,0.023000000044703484,0.023000000044703484,120000,0.0,0.0
2019-06-04 00:00:00+08:00,0.023000000044703484,0.023000000044703484,0.023000000044703484,0.023000000044703484,100000,0.0,0.0
2019-06-06 00:00:00+08:00,0.023000000044703484,0.023000000044703484,0.023000000044703484,0.023000000044703484,0,0.0,0.0
2019-06-07 00:00:00+08:00,0.023000000044703484,0.023000000044703484,0.023000000044703484,0.023000000044703484,0,0.0,0.0
2019-06-10 00:00:00+08:00,0.023000000044703484,0.023000000044703484,0.023000000044703484,0.023000000044703484,0,0.0,0.0
2019-06-11 00:00:00+08:00,0.023000000044703484,0.023000000044703484,0.023000000044703484,0.023000000044703484,0,0.0,0.0
2019-06-12 00:00:00+08:00,0.023000000044703484,0.023000000044703484,0.023000000044703484,0.023000000044703484,0,0.0,0.0
2019-06-13 00:00:00+08:00,0.023000000044703484,0.023000000044703484,0.023000000044703484,0.023000000044703484,0,0.0,0.0
2019-06-14 00:00:00+08:00,0.02500000037252903,0.02500000037252903,0.02500000037252903,0.02500000037252903,20000,0.0,0.0
2019-06-17 00:00:00+08:00,0.023000000044703484,0.03500000014901161,0.023000000044703484,0.03500000014901161,352600,0.0,0.0
2019-06-18 00:00:00+08:00,0.03099999949336052,0.03099999949336052,0.03099999949336052,0.03099999949336052,100000,0.0,0.0
2019-06-19 00:00:00+08:00,0.03099999949336052,0.03099999949336052,0.03099999949336052,0.03099999949336052,0,0.0,0.0
2019-06-20 00:00:00+08:00,0.03200000151991844,0.03200000151991844,0.03200000151991844,0.03200000151991844,100000,0.0,0.0
2019-06-21 00:00:00+08:00,0.03099999949336052,0.03099999949336052,0.03099999949336052,0.03099999949336052,230000,0.0,0.0
2019-06-24 00:00:00+08:00,0.03099999949336052,0.03099999949336052,0.029999999329447746,0.029999999329447746,400000,0.0,0.0
2019-06-25 00:00:00+08:00,0.028999999165534973,0.029999999329447746,0.028999999165534973,0.028999999165534973,1450000,0.0,0.0
2019-06-26 00:00:00+08:00,0.027000000700354576,0.028999999165534973,0.027000000700354576,0.028999999165534973,1416800,0.0,0.0
2019-06-27 00:00:00+08:00,0.029999999329447746,0.03099999949336052,0.029999999329447746,0.029999999329447746,922000,0.0,0.0
2019-06-28 00:00:00+08:00,0.029999999329447746,0.03099999949336052,0.028999999165534973,0.029999999329447746,1319700,0.0,0.0
2019-07-01 00:00:00+08:00,0.029999999329447746,0.029999999329447746,0.029999999329447746,0.029999999329447746,200100,0.0,0.0
2019-07-02 00:00:00+08:00,0.02800000086426735,0.028999999165534973,0.027000000700354576,0.02800000086426735,422000,0.0,0.0
2019-07-03 00:00:00+08:00,0.02800000086426735,0.02800000086426735,0.027000000700354576,0.027000000700354576,310000,0.0,0.0
2019-07-04 00:00:00+08:00,0.026000000536441803,0.026000000536441803,0.026000000536441803,0.026000000536441803,500,0.0,0.0
2019-07-05 00:00:00+08:00,0.026000000536441803,0.026000000536441803,0.026000000536441803,0.026000000536441803,0,0.0,0.0
2019-07-08 00:00:00+08:00,0.026000000536441803,0.026000000536441803,0.026000000536441803,0.026000000536441803,0,0.0,0.0
2019-07-09 00:00:00+08:00,0.026000000536441803,0.026000000536441803,0.023000000044703484,0.023000000044703484,210000,0.0,0.0
2019-07-10 00:00:00+08:00,0.02500000037252903,0.02500000037252903,0.02500000037252903,0.02500000037252903,80000,0.0,0.0
2019-07-11 00:00:00+08:00,0.02500000037252903,0.02500000037252903,0.02500000037252903,0.02500000037252903,0,0.0,0.0
2019-07-12 00:00:00+08:00,0.02500000037252903,0.02500000037252903,0.02500000037252903,0.02500000037252903,0,0.0,0.0
2019-07-15 00:00:00+08:00,0.02500000037252903,0.02500000037252903,0.02500000037252903,0.02500000037252903,0,0.0,0.0
2019-07-16 00:00:00+08:00,0.028999999165534973,0.028999999165534973,0.019999999552965164,0.02500000037252903,1000100,0.0,0.0
2019-07-17 00:00:00+08:00,0.024000000208616257,0.024000000208616257,0.024000000208616257,0.024000000208616257,269900,0.0,0.0
2019-07-18 00:00:00+08:00,0.024000000208616257,0.024000000208616257,0.024000000208616257,0.024000000208616257,0,0.0,0.0
2019-07-19 00:00:00+08:00,0.024000000208616257,0.024000000208616257,0.024000000208616257,0.024000000208616257,0,0.0,0.0
2019-07-22 00:00:00+08:00,0.024000000208616257,0.024000000208616257,0.024000000208616257,0.024000000208616257,0,0.0,0.0
2019-07-23 00:00:00+08:00,0.024000000208616257,0.024000000208616257,0.024000000208616257,0.024000000208616257,0,0.0,0.0
2019-07-24 00:00:00+08:00,0.027000000700354576,0.027000000700354576,0.027000000700354576,0.027000000700354576,217000,0.0,0.0
2019-07-25 00:00:00+08:00,0.02800000086426735,0.03700000047683716,0.02800000086426735,0.029999999329447746,8561900,0.0,0.0
2019-07-26 00:00:00+08:00,0.029999999329447746,0.032999999821186066,0.028999999165534973,0.028999999165534973,800000,0.0,0.0
2019-07-29 00:00:00+08:00,0.029999999329447746,0.029999999329447746,0.028999999165534973,0.028999999165534973,190000,0.0,0.0
2019-07-30 00:00:00+08:00,0.028999999165534973,0.028999999165534973,0.028999999165534973,0.028999999165534973,380000,0.0,0.0
2019-07-31 00:00:00+08:00,0.029999999329447746,0.029999999329447746,0.026000000536441803,0.026000000536441803,541000,0.0,0.0
2019-08-01 00:00:00+08:00,0.02500000037252903,0.02500000037252903,0.02500000037252903,0.02500000037252903,402000,0.0,0.0
2019-08-02 00:00:00+08:00,0.02800000086426735,0.028999999165534973,0.026000000536441803,0.02800000086426735,498600,0.0,0.0
2019-08-05 00:00:00+08:00,0.02800000086426735,0.02800000086426735,0.024000000208616257,0.024000000208616257,661100,0.0,0.0
2019-08-06 00:00:00+08:00,0.026000000536441803,0.026000000536441803,0.024000000208616257,0.024000000208616257,550000,0.0,0.0
2019-08-07 00:00:00+08:00,0.027000000700354576,0.028999999165534973,0.026000000536441803,0.028999999165534973,1736800,0.0,0.0
2019-08-08 00:00:00+08:00,0.029999999329447746,0.03099999949336052,0.029999999329447746,0.029999999329447746,2688600,0.0,0.0
2019-08-13 00:00:00+08:00,0.02800000086426735,0.029999999329447746,0.02800000086426735,0.028999999165534973,375000,0.0,0.0
2019-08-14 00:00:00+08:00,0.028999999165534973,0.028999999165534973,0.02800000086426735,0.02800000086426735,250000,0.0,0.0
2019-08-15 00:00:00+08:00,0.029999999329447746,0.03099999949336052,0.027000000700354576,0.027000000700354576,690000,0.0,0.0
2019-08-16 00:00:00+08:00,0.02800000086426735,0.02800000086426735,0.024000000208616257,0.027000000700354576,1027400,0.0,0.0
2019-08-19 00:00:00+08:00,0.02500000037252903,0.02800000086426735,0.02500000037252903,0.02800000086426735,850000,0.0,0.0
2019-08-20 00:00:00+08:00,0.02800000086426735,0.02800000086426735,0.02800000086426735,0.02800000086426735,0,0.0,0.0
2019-08-21 00:00:00+08:00,0.02500000037252903,0.02500000037252903,0.02500000037252903,0.02500000037252903,200000,0.0,0.0
2019-08-22 00:00:00+08:00,0.027000000700354576,0.027000000700354576,0.026000000536441803,0.026000000536441803,420200,0.0,0.0
2019-08-23 00:00:00+08:00,0.02800000086426735,0.029999999329447746,0.02800000086426735,0.028999999165534973,1950000,0.0,0.0
2019-08-26 00:00:00+08:00,0.02800000086426735,0.02800000086426735,0.027000000700354576,0.027000000700354576,940000,0.0,0.0
2019-08-27 00:00:00+08:00,0.02800000086426735,0.02800000086426735,0.02500000037252903,0.02500000037252903,1270000,0.0,0.0
2019-08-28 00:00:00+08:00,0.027000000700354576,0.027000000700354576,0.026000000536441803,0.027000000700354576,2780000,0.0,0.0
2019-08-29 00:00:00+08:00,0.027000000700354576,0.02800000086426735,0.027000000700354576,0.02800000086426735,400000,0.0,0.0
2019-08-30 00:00:00+08:00,0.02800000086426735,0.02800000086426735,0.02800000086426735,0.02800000086426735,0,0.0,0.0
2019-09-02 00:00:00+08:00,0.02800000086426735,0.02800000086426735,0.027000000700354576,0.027000000700354576,100000,0.0,0.0
2019-09-03 00:00:00+08:00,0.02800000086426735,0.02800000086426735,0.02800000086426735,0.02800000086426735,200000,0.0,0.0
2019-09-04 00:00:00+08:00,0.02800000086426735,0.02800000086426735,0.02800000086426735,0.02800000086426735,0,0.0,0.0
2019-09-05 00:00:00+08:00,0.02800000086426735,0.02800000086426735,0.027000000700354576,0.027000000700354576,425000,0.0,0.0
2019-09-06 00:00:00+08:00,0.026000000536441803,0.026000000536441803,0.026000000536441803,0.026000000536441803,608000,0.0,0.0
2019-09-09 00:00:00+08:00,0.027000000700354576,0.027000000700354576,0.027000000700354576,0.027000000700354576,500000,0.0,0.0
2019-09-10 00:00:00+08:00,0.027000000700354576,0.027000000700354576,0.027000000700354576,0.027000000700354576,30000,0.0,0.0
2019-09-11 00:00:00+08:00,0.028999999165534973,0.028999999165534973,0.028999999165534973,0.028999999165534973,200000,0.0,0.0
2019-09-12 00:00:00+08:00,0.028999999165534973,0.028999999165534973,0.028999999165534973,0.028999999165534973,0,0.0,0.0
2019-09-13 00:00:00+08:00,0.028999999165534973,0.028999999165534973,0.028999999165534973,0.028999999165534973,0,0.0,0.0
2019-09-16 00:00:00+08:00,0.028999999165534973,0.028999999165534973,0.028999999165534973,0.028999999165534973,0,0.0,0.0
2019-09-17 00:00:00+08:00,0.028999999165534973,0.028999999165534973,0.028999999165534973,0.028999999165534973,0,0.0,0.0
2019-09-18 00:00:00+08:00,0.029999999329447746,0.029999999329447746,0.027000000700354576,0.02800000086426735,1516000,0.0,0.0
2019-09-19 00:00:00+08:00,0.027000000700354576,0.02800000086426735,0.027000000700354576,0.02800000086426735,1340000,0.0,0.0
2019-09-20 00:00:00+08:00,0.027000000700354576,0.027000000700354576,0.02500000037252903,0.02500000037252903,640000,0.0,0.0
2019-09-23 00:00:00+08:00,0.02500000037252903,0.02500000037252903,0.023000000044703484,0.024000000208616257,1698000,0.0,0.0
2019-09-24 00:00:00+08:00,0.024000000208616257,0.024000000208616257,0.024000000208616257,0.024000000208616257,0,0.0,0.0
2019-09-25 00:00:00+08:00,0.024000000208616257,0.024000000208616257,0.024000000208616257,0.024000000208616257,572000,0.0,0.0
2019-09-26 00:00:00+08:00,0.02500000037252903,0.02500000037252903,0.024000000208616257,0.024000000208616257,261000,0.0,0.0
2019-09-27 00:00:00+08:00,0.024000000208616257,0.024000000208616257,0.024000000208616257,0.024000000208616257,0,0.0,0.0
2019-09-30 00:00:00+08:00,0.024000000208616257,0.024000000208616257,0.02199999988079071,0.023000000044703484,87000,0.0,0.0
2019-10-01 00:00:00+08:00,0.023000000044703484,0.023000000044703484,0.023000000044703484,0.023000000044703484,0,0.0,0.0
2019-10-02 00:00:00+08:00,0.023000000044703484,0.023000000044703484,0.023000000044703484,0.023000000044703484,0,0.0,0.0
2019-10-03 00:00:00+08:00,0.02500000037252903,0.02800000086426735,0.02500000037252903,0.02800000086426735,150000,0.0,0.0
2019-10-04 00:00:00+08:00,0.02500000037252903,0.02500000037252903,0.02500000037252903,0.02500000037252903,100000,0.0,0.0
2019-10-07 00:00:00+08:00,0.02500000037252903,0.02500000037252903,0.02500000037252903,0.02500000037252903,200000,0.0,0.0
2019-10-08 00:00:00+08:00,0.02500000037252903,0.02500000037252903,0.02500000037252903,0.02500000037252903,0,0.0,0.0
2019-10-09 00:00:00+08:00,0.02500000037252903,0.02500000037252903,0.02500000037252903,0.02500000037252903,0,0.0,0.0
2019-10-10 00:00:00+08:00,0.02500000037252903,0.02500000037252903,0.02500000037252903,0.02500000037252903,0,0.0,0.0
2019-10-11 00:00:00+08:00,0.02500000037252903,0.02500000037252903,0.02500000037252903,0.02500000037252903,0,0.0,0.0
2019-10-14 00:00:00+08:00,0.02500000037252903,0.02500000037252903,0.02500000037252903,0.02500000037252903,110000,0.0,0.0
2019-10-15 00:00:00+08:00,0.02500000037252903,0.02500000037252903,0.02500000037252903,0.02500000037252903,0,0.0,0.0
2019-10-16 00:00:00+08:00,0.02500000037252903,0.02500000037252903,0.02500000037252903,0.02500000037252903,0,0.0,0.0
2019-10-17 00:00:00+08:00,0.02500000037252903,0.02500000037252903,0.02500000037252903,0.02500000037252903,0,0.0,0.0
2019-10-18 00:00:00+08:00,0.02800000086426735,0.02800000086426735,0.02800000086426735,0.02800000086426735,225000,0.0,0.0
2019-10-21 00:00:00+08:00,0.02800000086426735,0.02800000086426735,0.02800000086426735,0.02800000086426735,0,0.0,0.0
2019-10-22 00:00:00+08:00,0.026000000536441803,0.026000000536441803,0.026000000536441803,0.026000000536441803,92000,0.0,0.0
2019-10-23 00:00:00+08:00,0.026000000536441803,0.026000000536441803,0.026000000536441803,0.026000000536441803,0,0.0,0.0
2019-10-24 00:00:00+08:00,0.026000000536441803,0.026000000536441803,0.026000000536441803,0.026000000536441803,0,0.0,0.0
2019-10-25 00:00:00+08:00,0.026000000536441803,0.026000000536441803,0.026000000536441803,0.026000000536441803,0,0.0,0.0
2019-10-29 00:00:00+08:00,0.027000000700354576,0.027000000700354576,0.027000000700354576,0.027000000700354576,400000,0.0,0.0
2019-10-30 00:00:00+08:00,0.028999999165534973,0.028999999165534973,0.028999999165534973,0.028999999165534973,100000,0.0,0.0
2019-10-31 00:00:00+08:00,0.028999999165534973,0.03200000151991844,0.028999999165534973,0.03099999949336052,130000,0.0,0.0
2019-11-01 00:00:00+08:00,0.03099999949336052,0.03099999949336052,0.03099999949336052,0.03099999949336052,0,0.0,0.0
2019-11-04 00:00:00+08:00,0.03099999949336052,0.03099999949336052,0.03099999949336052,0.03099999949336052,150000,0.0,0.0
2019-11-05 00:00:00+08:00,0.028999999165534973,0.028999999165534973,0.028999999165534973,0.028999999165534973,70000,0.0,0.0
2019-11-06 00:00:00+08:00,0.029999999329447746,0.03400000184774399,0.029999999329447746,0.03400000184774399,248000,0.0,0.0
2019-11-07 00:00:00+08:00,0.029999999329447746,0.029999999329447746,0.029999999329447746,0.029999999329447746,400000,0.0,0.0
2019-11-08 00:00:00+08:00,0.032999999821186066,0.032999999821186066,0.032999999821186066,0.032999999821186066,690000,0.0,0.0
2019-11-11 00:00:00+08:00,0.032999999821186066,0.032999999821186066,0.02500000037252903,0.02500000037252903,1730000,0.0,0.0
2019-11-12 00:00:00+08:00,0.027000000700354576,0.027000000700354576,0.026000000536441803,0.026000000536441803,890000,0.0,0.0
2019-11-13 00:00:00+08:00,0.026000000536441803,0.026000000536441803,0.026000000536441803,0.026000000536441803,0,0.0,0.0
2019-11-14 00:00:00+08:00,0.026000000536441803,0.026000000536441803,0.02500000037252903,0.02500000037252903,1200000,0.0,0.0
2019-11-15 00:00:00+08:00,0.026000000536441803,0.026000000536441803,0.02500000037252903,0.02500000037252903,116100,0.0,0.0
2019-11-18 00:00:00+08:00,0.02500000037252903,0.02500000037252903,0.02500000037252903,0.02500000037252903,0,0.0,0.0
2019-11-19 00:00:00+08:00,0.02500000037252903,0.02500000037252903,0.02500000037252903,0.02500000037252903,0,0.0,0.0
2019-11-20 00:00:00+08:00,0.02500000037252903,0.02500000037252903,0.02500000037252903,0.02500000037252903,0,0.0,0.0
2019-11-21 00:00:00+08:00,0.02500000037252903,0.02500000037252903,0.02500000037252903,0.02500000037252903,0,0.0,0.0
2019-11-22 00:00:00+08:00,0.02500000037252903,0.02500000037252903,0.02500000037252903,0.02500000037252903,0,0.0,0.0
2019-11-25 00:00:00+08:00,0.02500000037252903,0.02500000037252903,0.02500000037252903,0.02500000037252903,0,0.0,0.0
2019-11-26 00:00:00+08:00,0.02500000037252903,0.02500000037252903,0.02500000037252903,0.02500000037252903,0,0.0,0.0
2019-11-27 00:00:00+08:00,0.02500000037252903,0.02500000037252903,0.02500000037252903,0.02500000037252903,0,0.0,0.0
2019-11-28 00:00:00+08:00,0.02500000037252903,0.02500000037252903,0.02500000037252903,0.02500000037252903,30000,0.0,0.0
2019-11-29 00:00:00+08:00,0.02500000037252903,0.02500000037252903,0.02500000037252903,0.02500000037252903,0,0.0,0.0
2019-12-02 00:00:00+08:00,0.02500000037252903,0.02500000037252903,0.02500000037252903,0.02500000037252903,0,0.0,0.0
2019-12-03 00:00:00+08:00,0.02500000037252903,0.02500000037252903,0.02500000037252903,0.02500000037252903,0,0.0,0.0
2019-12-04 00:00:00+08:00,0.024000000208616257,0.024000000208616257,0.024000000208616257,0.024000000208616257,100000,0.0,0.0
2019-12-05 00:00:00+08:00,0.024000000208616257,0.024000000208616257,0.024000000208616257,0.024000000208616257,0,0.0,0.0
2019-12-06 00:00:00+08:00,0.019999999552965164,0.027000000700354576,0.019999999552965164,0.027000000700354576,50100,0.0,0.0
2019-12-09 00:00:00+08:00,0.02500000037252903,0.02500000037252903,0.02500000037252903,0.02500000037252903,254000,0.0,0.0
2019-12-10 00:00:00+08:00,0.02500000037252903,0.02500000037252903,0.02500000037252903,0.02500000037252903,0,0.0,0.0
2019-12-11 00:00:00+08:00,0.02500000037252903,0.02500000037252903,0.02500000037252903,0.02500000037252903,0,0.0,0.0
2019-12-12 00:00:00+08:00,0.02500000037252903,0.02500000037252903,0.02500000037252903,0.02500000037252903,0,0.0,0.0
2019-12-13 00:00:00+08:00,0.02500000037252903,0.02500000037252903,0.02500000037252903,0.02500000037252903,100000,0.0,0.0
2019-12-16 00:00:00+08:00,0.02500000037252903,0.02500000037252903,0.02500000037252903,0.02500000037252903,150000,0.0,0.0
2019-12-17 00:00:00+08:00,0.024000000208616257,0.024000000208616257,0.024000000208616257,0.024000000208616257,50000,0.0,0.0
2019-12-18 00:00:00+08:00,0.024000000208616257,0.024000000208616257,0.024000000208616257,0.024000000208616257,0,0.0,0.0
2019-12-19 00:00:00+08:00,0.024000000208616257,0.024000000208616257,0.024000000208616257,0.024000000208616257,0,0.0,0.0
2019-12-20 00:00:00+08:00,0.024000000208616257,0.024000000208616257,0.024000000208616257,0.024000000208616257,0,0.0,0.0
2019-12-23 00:00:00+08:00,0.024000000208616257,0.024000000208616257,0.024000000208616257,0.024000000208616257,0,0.0,0.0
2019-12-24 00:00:00+08:00,0.024000000208616257,0.024000000208616257,0.024000000208616257,0.024000000208616257,0,0.0,0.0
2019-12-25 00:00:00+08:00,0.024000000208616257,0.024000000208616257,0.024000000208616257,0.024000000208616257,0,0.0,0.0
2019-12-26 00:00:00+08:00,0.026000000536441803,0.026000000536441803,0.02500000037252903,0.02500000037252903,850000,0.0,0.0
2019-12-27 00:00:00+08:00,0.02500000037252903,0.02500000037252903,0.02500000037252903,0.02500000037252903,0,0.0,0.0
2019-12-30 00:00:00+08:00,0.02500000037252903,0.02500000037252903,0.02500000037252903,0.02500000037252903,0,0.0,0.0
2019-12-31 00:00:00+08:00,0.02500000037252903,0.02500000037252903,0.02500000037252903,0.02500000037252903,0,0.0,0.0
2020-01-02 00:00:00+08:00,0.02800000086426735,0.02800000086426735,0.02800000086426735,0.02800000086426735,53900,0.0,0.0
2020-01-03 00:00:00+08:00,0.02800000086426735,0.02800000086426735,0.02800000086426735,0.02800000086426735,0,0.0,0.0
2020-01-06 00:00:00+08:00,0.02800000086426735,0.02800000086426735,0.02800000086426735,0.02800000086426735,33200,0.0,0.0
2020-01-07 00:00:00+08:00,0.02800000086426735,0.02800000086426735,0.02800000086426735,0.02800000086426735,0,0.0,0.0
2020-01-08 00:00:00+08:00,0.02800000086426735,0.02800000086426735,0.02800000086426735,0.02800000086426735,0,0.0,0.0
2020-01-09 00:00:00+08:00,0.02800000086426735,0.02800000086426735,0.02800000086426735,0.02800000086426735,0,0.0,0.0
2020-01-10 00:00:00+08:00,0.026000000536441803,0.026000000536441803,0.026000000536441803,0.026000000536441803,25000,0.0,0.0
2020-01-13 00:00:00+08:00,0.026000000536441803,0.026000000536441803,0.026000000536441803,0.026000000536441803,20000,0.0,0.0
2020-01-14 00:00:00+08:00,0.026000000536441803,0.026000000536441803,0.026000000536441803,0.026000000536441803,0,0.0,0.0
2020-01-15 00:00:00+08:00,0.026000000536441803,0.026000000536441803,0.02500000037252903,0.02500000037252903,150000,0.0,0.0
2020-01-16 00:00:00+08:00,0.026000000536441803,0.027000000700354576,0.026000000536441803,0.027000000700354576,24800,0.0,0.0
2020-01-17 00:00:00+08:00,0.027000000700354576,0.027000000700354576,0.027000000700354576,0.027000000700354576,0,0.0,0.0
2020-01-20 00:00:00+08:00,0.027000000700354576,0.027000000700354576,0.027000000700354576,0.027000000700354576,0,0.0,0.0
2020-01-21 00:00:00+08:00,0.028999999165534973,0.028999999165534973,0.028999999165534973,0.028999999165534973,65000,0.0,0.0
2020-01-22 00:00:00+08:00,0.029999999329447746,0.029999999329447746,0.029999999329447746,0.029999999329447746,50000,0.0,0.0
2020-01-23 00:00:00+08:00,0.029999999329447746,0.029999999329447746,0.029999999329447746,0.029999999329447746,0,0.0,0.0
2020-01-24 00:00:00+08:00,0.029999999329447746,0.029999999329447746,0.029999999329447746,0.029999999329447746,0,0.0,0.0
2020-01-28 00:00:00+08:00,0.028999999165534973,0.028999999165534973,0.026000000536441803,0.027000000700354576,512000,0.0,0.0
2020-01-29 00:00:00+08:00,0.027000000700354576,0.027000000700354576,0.027000000700354576,0.027000000700354576,0,0.0,0.0
2020-01-30 00:00:00+08:00,0.02800000086426735,0.02800000086426735,0.027000000700354576,0.027000000700354576,80000,0.0,0.0
2020-01-31 00:00:00+08:00,0.027000000700354576,0.027000000700354576,0.027000000700354576,0.027000000700354576,38300,0.0,0.0
2020-02-03 00:00:00+08:00,0.027000000700354576,0.027000000700354576,0.027000000700354576,0.027000000700354576,400000,0.0,0.0
2020-02-04 00:00:00+08:00,0.027000000700354576,0.027000000700354576,0.027000000700354576,0.027000000700354576,0,0.0,0.0
2020-02-05 00:00:00+08:00,0.027000000700354576,0.027000000700354576,0.027000000700354576,0.027000000700354576,0,0.0,0.0
2020-02-06 00:00:00+08:00,0.02500000037252903,0.02500000037252903,0.02500000037252903,0.02500000037252903,50000,0.0,0.0
2020-02-07 00:00:00+08:00,0.026000000536441803,0.027000000700354576,0.026000000536441803,0.027000000700354576,150000,0.0,0.0
2020-02-10 00:00:00+08:00,0.02500000037252903,0.02500000037252903,0.02500000037252903,0.02500000037252903,5000,0.0,0.0
2020-02-11 00:00:00+08:00,0.026000000536441803,0.026000000536441803,0.026000000536441803,0.026000000536441803,50000,0.0,0.0
2020-02-12 00:00:00+08:00,0.026000000536441803,0.026000000536441803,0.026000000536441803,0.026000000536441803,0,0.0,0.0
2020-02-13 00:00:00+08:00,0.026000000536441803,0.026000000536441803,0.026000000536441803,0.026000000536441803,0,0.0,0.0
2020-02-14 00:00:00+08:00,0.026000000536441803,0.026000000536441803,0.026000000536441803,0.026000000536441803,0,0.0,0.0
2020-02-17 00:00:00+08:00,0.026000000536441803,0.026000000536441803,0.026000000536441803,0.026000000536441803,0,0.0,0.0
2020-02-18 00:00:00+08:00,0.026000000536441803,0.026000000536441803,0.026000000536441803,0.026000000536441803,0,0.0,0.0
2020-02-19 00:00:00+08:00,0.024000000208616257,0.024000000208616257,0.024000000208616257,0.024000000208616257,100000,0.0,0.0
2020-02-20 00:00:00+08:00,0.024000000208616257,0.024000000208616257,0.024000000208616257,0.024000000208616257,0,0.0,0.0
2020-02-21 00:00:00+08:00,0.024000000208616257,0.024000000208616257,0.024000000208616257,0.024000000208616257,0,0.0,0.0
2020-02-24 00:00:00+08:00,0.024000000208616257,0.024000000208616257,0.024000000208616257,0.024000000208616257,0,0.0,0.0
2020-02-25 00:00:00+08:00,0.02800000086426735,0.02800000086426735,0.024000000208616257,0.024000000208616257,836400,0.0,0.0
2020-02-26 00:00:00+08:00,0.024000000208616257,0.024000000208616257,0.024000000208616257,0.024000000208616257,0,0.0,0.0
2020-02-27 00:00:00+08:00,0.024000000208616257,0.024000000208616257,0.024000000208616257,0.024000000208616257,0,0.0,0.0
2020-02-28 00:00:00+08:00,0.024000000208616257,0.024000000208616257,0.024000000208616257,0.024000000208616257,89900,0.0,0.0
2020-03-02 00:00:00+08:00,0.02500000037252903,0.02500000037252903,0.02500000037252903,0.02500000037252903,100000,0.0,0.0
2020-03-03 00:00:00+08:00,0.029999999329447746,0.03200000151991844,0.02800000086426735,0.028999999165534973,4805000,0.0,0.0
2020-03-04 00:00:00+08:00,0.029999999329447746,0.04699999839067459,0.029999999329447746,0.04399999976158142,79221100,0.0,0.0
2020-03-05 00:00:00+08:00,0.04500000178813934,0.04899999871850014,0.04100000113248825,0.04399999976158142,34423000,0.0,0.0
2020-03-06 00:00:00+08:00,0.0430000014603138,0.04500000178813934,0.039000000804662704,0.04500000178813934,16956800,0.0,0.0
2020-03-09 00:00:00+08:00,0.04399999976158142,0.04600000008940697,0.032999999821186066,0.035999998450279236,14147500,0.0,0.0
2020-03-10 00:00:00+08:00,0.032999999821186066,0.041999999433755875,0.032999999821186066,0.039000000804662704,11330000,0.0,0.0
2020-03-11 00:00:00+08:00,0.03999999910593033,0.0430000014603138,0.032999999821186066,0.032999999821186066,21085500,0.0,0.0
2020-03-12 00:00:00+08:00,0.03099999949336052,0.032999999821186066,0.02800000086426735,0.02800000086426735,5814400,0.0,0.0
2020-03-13 00:00:00+08:00,0.027000000700354576,0.029999999329447746,0.02500000037252903,0.026000000536441803,4705000,0.0,0.0
2020-03-16 00:00:00+08:00,0.02500000037252903,0.02500000037252903,0.019999999552965164,0.019999999552965164,5173300,0.0,0.0
2020-03-17 00:00:00+08:00,0.019999999552965164,0.02199999988079071,0.01899999938905239,0.01899999938905239,3596100,0.0,0.0
2020-03-18 00:00:00+08:00,0.01899999938905239,0.01899999938905239,0.01899999938905239,0.01899999938905239,0,0.0,0.0
2020-03-19 00:00:00+08:00,0.017999999225139618,0.01899999938905239,0.01600000075995922,0.01899999938905239,3078900,0.0,0.0
2020-03-20 00:00:00+08:00,0.01899999938905239,0.020999999716877937,0.017000000923871994,0.020999999716877937,2410900,0.0,0.0
2020-03-23 00:00:00+08:00,0.017999999225139618,0.017999999225139618,0.017000000923871994,0.017000000923871994,1155100,0.0,0.0
2020-03-24 00:00:00+08:00,0.017999999225139618,0.019999999552965164,0.017999999225139618,0.01899999938905239,1800000,0.0,0.0
2020-03-25 00:00:00+08:00,0.01899999938905239,0.019999999552965164,0.01899999938905239,0.01899999938905239,717700,0.0,0.0
2020-03-26 00:00:00+08:00,0.019999999552965164,0.019999999552965164,0.017999999225139618,0.017999999225139618,493000,0.0,0.0
2020-03-27 00:00:00+08:00,0.01899999938905239,0.019999999552965164,0.01899999938905239,0.019999999552965164,1467000,0.0,0.0
2020-03-30 00:00:00+08:00,0.019999999552965164,0.019999999552965164,0.019999999552965164,0.019999999552965164,0,0.0,0.0
2020-03-31 00:00:00+08:00,0.017999999225139618,0.020999999716877937,0.017000000923871994,0.019999999552965164,4333700,0.0,0.0
2020-04-01 00:00:00+08:00,0.01899999938905239,0.01899999938905239,0.01899999938905239,0.01899999938905239,100000,0.0,0.0
2020-04-02 00:00:00+08:00,0.01899999938905239,0.02199999988079071,0.01899999938905239,0.020999999716877937,1876300,0.0,0.0
2020-04-03 00:00:00+08:00,0.020999999716877937,0.023000000044703484,0.01899999938905239,0.019999999552965164,3306600,0.0,0.0
2020-04-06 00:00:00+08:00,0.019999999552965164,0.019999999552965164,0.01899999938905239,0.01899999938905239,395000,0.0,0.0
2020-04-07 00:00:00+08:00,0.019999999552965164,0.02199999988079071,0.019999999552965164,0.020999999716877937,1861000,0.0,0.0
2020-04-08 00:00:00+08:00,0.019999999552965164,0.023000000044703484,0.019999999552965164,0.023000000044703484,2416300,0.0,0.0
2020-04-09 00:00:00+08:00,0.024000000208616257,0.02500000037252903,0.02199999988079071,0.02199999988079071,5019400,0.0,0.0
2020-04-13 00:00:00+08:00,0.02199999988079071,0.02199999988079071,0.020999999716877937,0.020999999716877937,700000,0.0,0.0
2020-04-14 00:00:00+08:00,0.023000000044703484,0.024000000208616257,0.02199999988079071,0.02199999988079071,2309100,0.0,0.0
2020-04-15 00:00:00+08:00,0.02199999988079071,0.02199999988079071,0.02199999988079071,0.02199999988079071,763000,0.0,0.0
2020-04-16 00:00:00+08:00,0.02199999988079071,0.02500000037252903,0.02199999988079071,0.023000000044703484,4100900,0.0,0.0
2020-04-17 00:00:00+08:00,0.02500000037252903,0.03200000151991844,0.024000000208616257,0.02800000086426735,21904900,0.0,0.0
2020-04-20 00:00:00+08:00,0.028999999165534973,0.029999999329447746,0.027000000700354576,0.028999999165534973,2880500,0.0,0.0
2020-04-21 00:00:00+08:00,0.02800000086426735,0.032999999821186066,0.02800000086426735,0.03099999949336052,14463300,0.0,0.0
2020-04-22 00:00:00+08:00,0.03099999949336052,0.03500000014901161,0.03099999949336052,0.03200000151991844,10478200,0.0,0.0
2020-04-23 00:00:00+08:00,0.032999999821186066,0.03500000014901161,0.03099999949336052,0.03099999949336052,3744900,0.0,0.0
2020-04-24 00:00:00+08:00,0.03099999949336052,0.03099999949336052,0.02800000086426735,0.029999999329447746,832600,0.0,0.0
2020-04-27 00:00:00+08:00,0.028999999165534973,0.028999999165534973,0.027000000700354576,0.027000000700354576,1687300,0.0,0.0
2020-04-28 00:00:00+08:00,0.026000000536441803,0.02800000086426735,0.026000000536441803,0.026000000536441803,2271300,0.0,0.0
2020-04-29 00:00:00+08:00,0.027000000700354576,0.029999999329447746,0.027000000700354576,0.02800000086426735,5016400,0.0,0.0
2020-04-30 00:00:00+08:00,0.028999999165534973,0.03200000151991844,0.028999999165534973,0.029999999329447746,6275700,0.0,0.0
2020-05-04 00:00:00+08:00,0.028999999165534973,0.028999999165534973,0.02800000086426735,0.028999999165534973,2119700,0.0,0.0
2020-05-05 00:00:00+08:00,0.028999999165534973,0.03099999949336052,0.028999999165534973,0.028999999165534973,1669600,0.0,0.0
2020-05-06 00:00:00+08:00,0.028999999165534973,0.03099999949336052,0.02800000086426735,0.02800000086426735,2229200,0.0,0.0
2020-05-08 00:00:00+08:00,0.028999999165534973,0.03200000151991844,0.028999999165534973,0.028999999165534973,5733600,0.0,0.0
2020-05-11 00:00:00+08:00,0.029999999329447746,0.03200000151991844,0.029999999329447746,0.029999999329447746,2308100,0.0,0.0
2020-05-12 00:00:00+08:00,0.029999999329447746,0.03099999949336052,0.029999999329447746,0.029999999329447746,1360000,0.0,0.0
2020-05-13 00:00:00+08:00,0.028999999165534973,0.032999999821186066,0.028999999165534973,0.032999999821186066,4678100,0.0,0.0
2020-05-14 00:00:00+08:00,0.03200000151991844,0.03799999877810478,0.03200000151991844,0.03400000184774399,27633000,0.0,0.0
2020-05-15 00:00:00+08:00,0.035999998450279236,0.035999998450279236,0.03400000184774399,0.035999998450279236,1741100,0.0,0.0
2020-05-18 00:00:00+08:00,0.03500000014901161,0.039000000804662704,0.03500000014901161,0.035999998450279236,14780100,0.0,0.0
2020-05-19 00:00:00+08:00,0.035999998450279236,0.035999998450279236,0.03200000151991844,0.032999999821186066,5005000,0.0,0.0
2020-05-20 00:00:00+08:00,0.03200000151991844,0.03500000014901161,0.03200000151991844,0.032999999821186066,4888000,0.0,0.0
2020-05-21 00:00:00+08:00,0.032999999821186066,0.03400000184774399,0.03200000151991844,0.03400000184774399,3160200,0.0,0.0
2020-05-22 00:00:00+08:00,0.032999999821186066,0.032999999821186066,0.028999999165534973,0.029999999329447746,5966300,0.0,0.0
2020-05-26 00:00:00+08:00,0.03099999949336052,0.03200000151991844,0.028999999165534973,0.03099999949336052,1918700,0.0,0.0
2020-05-27 00:00:00+08:00,0.03099999949336052,0.03200000151991844,0.029999999329447746,0.03200000151991844,1050100,0.0,0.0
2020-05-28 00:00:00+08:00,0.029999999329447746,0.03200000151991844,0.029999999329447746,0.03099999949336052,1470500,0.0,0.0
2020-05-29 00:00:00+08:00,0.029999999329447746,0.03200000151991844,0.029999999329447746,0.029999999329447746,2667000,0.0,0.0
2020-06-01 00:00:00+08:00,0.03099999949336052,0.03400000184774399,0.03099999949336052,0.03200000151991844,4744900,0.0,0.0
2020-06-02 00:00:00+08:00,0.03099999949336052,0.032999999821186066,0.03099999949336052,0.032999999821186066,501000,0.0,0.0
2020-06-03 00:00:00+08:00,0.03200000151991844,0.03400000184774399,0.03200000151991844,0.03400000184774399,1160500,0.0,0.0
2020-06-04 00:00:00+08:00,0.032999999821186066,0.032999999821186066,0.03099999949336052,0.03099999949336052,879500,0.0,0.0
2020-06-05 00:00:00+08:00,0.03099999949336052,0.03099999949336052,0.03099999949336052,0.03099999949336052,250000,0.0,0.0
2020-06-08 00:00:00+08:00,0.03099999949336052,0.032999999821186066,0.029999999329447746,0.032999999821186066,2035300,0.0,0.0
2020-06-09 00:00:00+08:00,0.032999999821186066,0.03500000014901161,0.03099999949336052,0.03099999949336052,2981200,0.0,0.0
2020-06-10 00:00:00+08:00,0.03400000184774399,0.03400000184774399,0.03099999949336052,0.03099999949336052,475100,0.0,0.0
2020-06-11 00:00:00+08:00,0.03099999949336052,0.03200000151991844,0.029999999329447746,0.03200000151991844,1053100,0.0,0.0
2020-06-12 00:00:00+08:00,0.029999999329447746,0.03200000151991844,0.029999999329447746,0.029999999329447746,1650300,0.0,0.0
2020-06-15 00:00:00+08:00,0.028999999165534973,0.028999999165534973,0.028999999165534973,0.028999999165534973,1270400,0.0,0.0
2020-06-16 00:00:00+08:00,0.029999999329447746,0.03200000151991844,0.029999999329447746,0.029999999329447746,4270800,0.0,0.0
2020-06-17 00:00:00+08:00,0.029999999329447746,0.029999999329447746,0.029999999329447746,0.029999999329447746,269700,0.0,0.0
2020-06-18 00:00:00+08:00,0.029999999329447746,0.029999999329447746,0.029999999329447746,0.029999999329447746,432000,0.0,0.0
2020-06-19 00:00:00+08:00,0.029999999329447746,0.029999999329447746,0.028999999165534973,0.028999999165534973,445000,0.0,0.0
2020-06-22 00:00:00+08:00,0.03099999949336052,0.032999999821186066,0.029999999329447746,0.029999999329447746,4207800,0.0,0.0
2020-06-23 00:00:00+08:00,0.03099999949336052,0.03099999949336052,0.029999999329447746,0.029999999329447746,590000,0.0,0.0
2020-06-24 00:00:00+08:00,0.03099999949336052,0.03400000184774399,0.03099999949336052,0.03200000151991844,7306900,0.0,0.0
2020-06-25 00:00:00+08:00,0.03200000151991844,0.03200000151991844,0.029999999329447746,0.029999999329447746,2546000,0.0,0.0
2020-06-26 00:00:00+08:00,0.03099999949336052,0.03400000184774399,0.03099999949336052,0.03200000151991844,12100300,0.0,0.0
2020-06-29 00:00:00+08:00,0.03200000151991844,0.032999999821186066,0.03099999949336052,0.03099999949336052,683300,0.0,0.0
2020-06-30 00:00:00+08:00,0.03200000151991844,0.041999999433755875,0.03200000151991844,0.03700000047683716,52772800,0.0,0.0
2020-07-01 00:00:00+08:00,0.03700000047683716,0.03700000047683716,0.03400000184774399,0.03500000014901161,5721400,0.0,0.0
2020-07-02 00:00:00+08:00,0.035999998450279236,0.039000000804662704,0.03500000014901161,0.03500000014901161,10984000,0.0,0.0
2020-07-03 00:00:00+08:00,0.03700000047683716,0.03700000047683716,0.03400000184774399,0.035999998450279236,3395500,0.0,0.0
2020-07-06 00:00:00+08:00,0.035999998450279236,0.035999998450279236,0.032999999821186066,0.032999999821186066,8596900,0.0,0.0
2020-07-07 00:00:00+08:00,0.03400000184774399,0.03500000014901161,0.03200000151991844,0.032999999821186066,4454800,0.0,0.0
2020-07-08 00:00:00+08:00,0.032999999821186066,0.04399999976158142,0.032999999821186066,0.03799999877810478,64411400,0.0,0.0
2020-07-09 00:00:00+08:00,0.03799999877810478,0.041999999433755875,0.03799999877810478,0.03799999877810478,13065600,0.0,0.0
2020-07-13 00:00:00+08:00,0.039000000804662704,0.03999999910593033,0.035999998450279236,0.03700000047683716,4342200,0.0,0.0
2020-07-14 00:00:00+08:00,0.03500000014901161,0.03500000014901161,0.032999999821186066,0.03400000184774399,8116000,0.0,0.0
2020-07-15 00:00:00+08:00,0.03500000014901161,0.035999998450279236,0.03200000151991844,0.03200000151991844,11317500,0.0,0.0
2020-07-16 00:00:00+08:00,0.032999999821186066,0.032999999821186066,0.028999999165534973,0.028999999165534973,11429100,0.0,0.0
2020-07-17 00:00:00+08:00,0.029999999329447746,0.03099999949336052,0.029999999329447746,0.03099999949336052,1908300,0.0,0.0
2020-07-20 00:00:00+08:00,0.03099999949336052,0.03400000184774399,0.03099999949336052,0.03200000151991844,4701000,0.0,0.0
2020-07-21 00:00:00+08:00,0.032999999821186066,0.03400000184774399,0.032999999821186066,0.032999999821186066,3323700,0.0,0.0
2020-07-22 00:00:00+08:00,0.03400000184774399,0.03799999877810478,0.03400000184774399,0.03500000014901161,19244100,0.0,0.0
2020-07-23 00:00:00+08:00,0.035999998450279236,0.03700000047683716,0.03500000014901161,0.035999998450279236,3125400,0.0,0.0
2020-07-24 00:00:00+08:00,0.03500000014901161,0.035999998450279236,0.032999999821186066,0.035999998450279236,1697100,0.0,0.0
2020-07-27 00:00:00+08:00,0.03799999877810478,0.0430000014603138,0.03799999877810478,0.04100000113248825,71455100,0.0,0.0
2020-07-28 00:00:00+08:00,0.041999999433755875,0.0430000014603138,0.03700000047683716,0.03700000047683716,32930100,0.0,0.0
2020-07-29 00:00:00+08:00,0.03799999877810478,0.039000000804662704,0.035999998450279236,0.03700000047683716,7788900,0.0,0.0
2020-07-30 00:00:00+08:00,0.03799999877810478,0.03799999877810478,0.03500000014901161,0.03500000014901161,3072200,0.0,0.0
2020-08-03 00:00:00+08:00,0.035999998450279236,0.03700000047683716,0.03400000184774399,0.03500000014901161,9170800,0.0,0.0
2020-08-04 00:00:00+08:00,0.035999998450279236,0.03700000047683716,0.03400000184774399,0.03500000014901161,5668800,0.0,0.0
2020-08-05 00:00:00+08:00,0.03799999877810478,0.03999999910593033,0.03700000047683716,0.03799999877810478,23093800,0.0,0.0
2020-08-06 00:00:00+08:00,0.039000000804662704,0.039000000804662704,0.03700000047683716,0.03700000047683716,8222900,0.0,0.0
2020-08-07 00:00:00+08:00,0.03799999877810478,0.03999999910593033,0.03700000047683716,0.03799999877810478,19030800,0.0,0.0
2020-08-11 00:00:00+08:00,0.03799999877810478,0.039000000804662704,0.035999998450279236,0.035999998450279236,8323800,0.0,0.0
2020-08-12 00:00:00+08:00,0.03400000184774399,0.03700000047683716,0.03200000151991844,0.03500000014901161,9732400,0.0,0.0
2020-08-13 00:00:00+08:00,0.03500000014901161,0.03500000014901161,0.03400000184774399,0.03400000184774399,5112300,0.0,0.0
2020-08-14 00:00:00+08:00,0.03500000014901161,0.035999998450279236,0.03400000184774399,0.03400000184774399,2648800,0.0,0.0
2020-08-17 00:00:00+08:00,0.03500000014901161,0.03500000014901161,0.03400000184774399,0.03500000014901161,2925600,0.0,0.0
2020-08-18 00:00:00+08:00,0.03500000014901161,0.03700000047683716,0.03500000014901161,0.03700000047683716,6952400,0.0,0.0
2020-08-19 00:00:00+08:00,0.035999998450279236,0.035999998450279236,0.03400000184774399,0.03500000014901161,2370600,0.0,0.0
2020-08-20 00:00:00+08:00,0.03400000184774399,0.03400000184774399,0.032999999821186066,0.032999999821186066,950600,0.0,0.0
2020-08-21 00:00:00+08:00,0.03400000184774399,0.03500000014901161,0.03400000184774399,0.03500000014901161,2715000,0.0,0.0
2020-08-24 00:00:00+08:00,0.03400000184774399,0.03500000014901161,0.03400000184774399,0.03400000184774399,2559100,0.0,0.0
2020-08-25 00:00:00+08:00,0.03400000184774399,0.03400000184774399,0.032999999821186066,0.03400000184774399,1140100,0.0,0.0
2020-08-26 00:00:00+08:00,0.03400000184774399,0.03400000184774399,0.032999999821186066,0.03400000184774399,905900,0.0,0.0
2020-08-27 00:00:00+08:00,0.03400000184774399,0.03799999877810478,0.03400000184774399,0.03700000047683716,9386400,0.0,0.0
2020-08-28 00:00:00+08:00,0.03500000014901161,0.03700000047683716,0.03500000014901161,0.03700000047683716,3358000,0.0,0.0
2020-08-31 00:00:00+08:00,0.03799999877810478,0.03799999877810478,0.03500000014901161,0.035999998450279236,5795500,0.0,0.0
2020-09-01 00:00:00+08:00,0.03500000014901161,0.03700000047683716,0.03500000014901161,0.035999998450279236,1545300,0.0,0.0
2020-09-02 00:00:00+08:00,0.03500000014901161,0.03500000014901161,0.03400000184774399,0.03400000184774399,3044400,0.0,0.0
2020-09-03 00:00:00+08:00,0.03400000184774399,0.03400000184774399,0.032999999821186066,0.032999999821186066,3239500,0.0,0.0
2020-09-04 00:00:00+08:00,0.03200000151991844,0.03400000184774399,0.03200000151991844,0.032999999821186066,1701700,0.0,0.0
2020-09-07 00:00:00+08:00,0.032999999821186066,0.03400000184774399,0.032999999821186066,0.03400000184774399,790700,0.0,0.0
2020-09-08 00:00:00+08:00,0.032999999821186066,0.03400000184774399,0.03099999949336052,0.03099999949336052,1634800,0.0,0.0
2020-09-09 00:00:00+08:00,0.03099999949336052,0.03200000151991844,0.03099999949336052,0.03099999949336052,733300,0.0,0.0
2020-09-10 00:00:00+08:00,0.032999999821186066,0.032999999821186066,0.03099999949336052,0.03200000151991844,181400,0.0,0.0
2020-09-11 00:00:00+08:00,0.03099999949336052,0.032999999821186066,0.03099999949336052,0.03200000151991844,1227600,0.0,0.0
2020-09-14 00:00:00+08:00,0.03099999949336052,0.03099999949336052,0.029999999329447746,0.03099999949336052,1500000,0.0,0.0
2020-09-15 00:00:00+08:00,0.03200000151991844,0.032999999821186066,0.03099999949336052,0.032999999821186066,681900,0.0,0.0
2020-09-16 00:00:00+08:00,0.03400000184774399,0.03400000184774399,0.03200000151991844,0.032999999821186066,269900,0.0,0.0
2020-09-17 00:00:00+08:00,0.03200000151991844,0.03200000151991844,0.03099999949336052,0.03200000151991844,392000,0.0,0.0
2020-09-18 00:00:00+08:00,0.03099999949336052,0.03099999949336052,0.03099999949336052,0.03099999949336052,210000,0.0,0.0
2020-09-21 00:00:00+08:00,0.03200000151991844,0.03200000151991844,0.03099999949336052,0.03099999949336052,621800,0.0,0.0
2020-09-22 00:00:00+08:00,0.03099999949336052,0.03099999949336052,0.03099999949336052,0.03099999949336052,214700,0.0,0.0
2020-09-23 00:00:00+08:00,0.03200000151991844,0.03200000151991844,0.03200000151991844,0.03200000151991844,200,0.0,0.0
2020-09-24 00:00:00+08:00,0.03099999949336052,0.03099999949336052,0.03099999949336052,0.03099999949336052,342500,0.0,0.0
2020-09-25 00:00:00+08:00,0.03099999949336052,0.03200000151991844,0.029999999329447746,0.03099999949336052,1725300,0.0,0.0
2020-09-28 00:00:00+08:00,0.029999999329447746,0.03099999949336052,0.029999999329447746,0.03099999949336052,292000,0.0,0.0
2020-09-29 00:00:00+08:00,0.03099999949336052,0.03099999949336052,0.03099999949336052,0.03099999949336052,0,0.0,0.0
2020-09-30 00:00:00+08:00,0.03099999949336052,0.03099999949336052,0.03099999949336052,0.03099999949336052,0,0.0,0.0
2020-10-01 00:00:00+08:00,0.03099999949336052,0.03099999949336052,0.03099999949336052,0.03099999949336052,0,0.0,0.0
2020-10-02 00:00:00+08:00,0.029999999329447746,0.029999999329447746,0.029999999329447746,0.029999999329447746,3500000,0.0,0.0
2020-10-05 00:00:00+08:00,0.03099999949336052,0.03099999949336052,0.03099999949336052,0.03099999949336052,40000,0.0,0.0
2020-10-06 00:00:00+08:00,0.03099999949336052,0.03099999949336052,0.029999999329447746,0.029999999329447746,890700,0.0,0.0
2020-10-07 00:00:00+08:00,0.029999999329447746,0.029999999329447746,0.029999999329447746,0.029999999329447746,75600,0.0,0.0
2020-10-08 00:00:00+08:00,0.029999999329447746,0.029999999329447746,0.028999999165534973,0.028999999165534973,715400,0.0,0.0
2020-10-09 00:00:00+08:00,0.029999999329447746,0.03200000151991844,0.029999999329447746,0.03200000151991844,1142000,0.0,0.0
2020-10-12 00:00:00+08:00,0.032999999821186066,0.03400000184774399,0.03200000151991844,0.03200000151991844,4184500,0.0,0.0
2020-10-13 00:00:00+08:00,0.03200000151991844,0.03200000151991844,0.03099999949336052,0.03200000151991844,1029800,0.0,0.0
2020-10-14 00:00:00+08:00,0.03099999949336052,0.03200000151991844,0.03099999949336052,0.03099999949336052,269000,0.0,0.0
2020-10-15 00:00:00+08:00,0.029999999329447746,0.029999999329447746,0.029999999329447746,0.029999999329447746,50000,0.0,0.0
2020-10-16 00:00:00+08:00,0.029999999329447746,0.032999999821186066,0.029999999329447746,0.03099999949336052,1635900,0.0,0.0
2020-10-19 00:00:00+08:00,0.03099999949336052,0.03099999949336052,0.03099999949336052,0.03099999949336052,379100,0.0,0.0
2020-10-20 00:00:00+08:00,0.03099999949336052,0.03099999949336052,0.029999999329447746,0.03099999949336052,824000,0.0,0.0
2020-10-21 00:00:00+08:00,0.03200000151991844,0.03400000184774399,0.03099999949336052,0.03099999949336052,4874500,0.0,0.0
2020-10-22 00:00:00+08:00,0.03200000151991844,0.03200000151991844,0.03200000151991844,0.03200000151991844,192900,0.0,0.0
2020-10-23 00:00:00+08:00,0.03200000151991844,0.03200000151991844,0.03099999949336052,0.03099999949336052,503100,0.0,0.0
2020-10-26 00:00:00+08:00,0.03099999949336052,0.03099999949336052,0.03099999949336052,0.03099999949336052,437200,0.0,0.0
2020-10-27 00:00:00+08:00,0.03099999949336052,0.03099999949336052,0.03099999949336052,0.03099999949336052,0,0.0,0.0
2020-10-28 00:00:00+08:00,0.03099999949336052,0.03099999949336052,0.03099999949336052,0.03099999949336052,730000,0.0,0.0
2020-10-29 00:00:00+08:00,0.03099999949336052,0.03099999949336052,0.03099999949336052,0.03099999949336052,0,0.0,0.0
2020-10-30 00:00:00+08:00,0.029999999329447746,0.029999999329447746,0.029999999329447746,0.029999999329447746,527000,0.0,0.0
2020-11-02 00:00:00+08:00,0.028999999165534973,0.029999999329447746,0.02800000086426735,0.029999999329447746,3970100,0.0,0.0
2020-11-03 00:00:00+08:00,0.028999999165534973,0.029999999329447746,0.028999999165534973,0.029999999329447746,305000,0.0,0.0
2020-11-04 00:00:00+08:00,0.028999999165534973,0.028999999165534973,0.028999999165534973,0.028999999165534973,590000,0.0,0.0
2020-11-05 00:00:00+08:00,0.028999999165534973,0.029999999329447746,0.02800000086426735,0.029999999329447746,1750000,0.0,0.0
2020-11-06 00:00:00+08:00,0.03099999949336052,0.03200000151991844,0.029999999329447746,0.03099999949336052,2738000,0.0,0.0
2020-11-09 00:00:00+08:00,0.03099999949336052,0.03099999949336052,0.029999999329447746,0.029999999329447746,150100,0.0,0.0
2020-11-10 00:00:00+08:00,0.029999999329447746,0.029999999329447746,0.028999999165534973,0.029999999329447746,916000,0.0,0.0
2020-11-11 00:00:00+08:00,0.02800000086426735,0.02800000086426735,0.02800000086426735,0.02800000086426735,750000,0.0,0.0
2020-11-12 00:00:00+08:00,0.027000000700354576,0.027000000700354576,0.027000000700354576,0.027000000700354576,885000,0.0,0.0
2020-11-13 00:00:00+08:00,0.027000000700354576,0.02800000086426735,0.027000000700354576,0.027000000700354576,715000,0.0,0.0
2020-11-16 00:00:00+08:00,0.027000000700354576,0.027000000700354576,0.027000000700354576,0.027000000700354576,800000,0.0,0.0
2020-11-17 00:00:00+08:00,0.027000000700354576,0.027000000700354576,0.02500000037252903,0.02500000037252903,440000,0.0,0.0
2020-11-18 00:00:00+08:00,0.026000000536441803,0.026000000536441803,0.026000000536441803,0.026000000536441803,101000,0.0,0.0
2020-11-19 00:00:00+08:00,0.026000000536441803,0.02800000086426735,0.026000000536441803,0.027000000700354576,1095200,0.0,0.0
2020-11-20 00:00:00+08:00,0.027000000700354576,0.02800000086426735,0.026000000536441803,0.026000000536441803,480000,0.0,0.0
2020-11-23 00:00:00+08:00,0.027000000700354576,0.028999999165534973,0.027000000700354576,0.028999999165534973,2205200,0.0,0.0
2020-11-24 00:00:00+08:00,0.027000000700354576,0.03099999949336052,0.027000000700354576,0.02800000086426735,10000400,0.0,0.0
2020-11-25 00:00:00+08:00,0.03099999949336052,0.03099999949336052,0.02800000086426735,0.028999999165534973,215100,0.0,0.0
2020-11-26 00:00:00+08:00,0.028999999165534973,0.028999999165534973,0.028999999165534973,0.028999999165534973,0,0.0,0.0
2020-11-27 00:00:00+08:00,0.027000000700354576,0.02800000086426735,0.027000000700354576,0.02800000086426735,738100,0.0,0.0
2020-11-30 00:00:00+08:00,0.027000000700354576,0.027000000700354576,0.02500000037252903,0.02500000037252903,980000,0.0,0.0
2020-12-01 00:00:00+08:00,0.026000000536441803,0.02800000086426735,0.02500000037252903,0.026000000536441803,743600,0.0,0.0
2020-12-02 00:00:00+08:00,0.027000000700354576,0.027000000700354576,0.026000000536441803,0.027000000700354576,448500,0.0,0.0
2020-12-03 00:00:00+08:00,0.027000000700354576,0.02800000086426735,0.027000000700354576,0.027000000700354576,501000,0.0,0.0
2020-12-04 00:00:00+08:00,0.027000000700354576,0.027000000700354576,0.026000000536441803,0.026000000536441803,510100,0.0,0.0
2020-12-07 00:00:00+08:00,0.026000000536441803,0.026000000536441803,0.026000000536441803,0.026000000536441803,25000,0.0,0.0
2020-12-08 00:00:00+08:00,0.02800000086426735,0.02800000086426735,0.027000000700354576,0.027000000700354576,1226000,0.0,0.0
2020-12-09 00:00:00+08:00,0.027000000700354576,0.027000000700354576,0.027000000700354576,0.027000000700354576,180000,0.0,0.0
2020-12-10 00:00:00+08:00,0.02800000086426735,0.02800000086426735,0.02800000086426735,0.02800000086426735,1241600,0.0,0.0
2020-12-11 00:00:00+08:00,0.02800000086426735,0.02800000086426735,0.02800000086426735,0.02800000086426735,0,0.0,0.0
2020-12-14 00:00:00+08:00,0.027000000700354576,0.028999999165534973,0.027000000700354576,0.028999999165534973,310000,0.0,0.0
2020-12-15 00:00:00+08:00,0.028999999165534973,0.028999999165534973,0.028999999165534973,0.028999999165534973,0,0.0,0.0
2020-12-16 00:00:00+08:00,0.02800000086426735,0.02800000086426735,0.02800000086426735,0.02800000086426735,120000,0.0,0.0
2020-12-17 00:00:00+08:00,0.027000000700354576,0.029999999329447746,0.027000000700354576,0.029999999329447746,369100,0.0,0.0
2020-12-18 00:00:00+08:00,0.029999999329447746,0.029999999329447746,0.029999999329447746,0.029999999329447746,0,0.0,0.0
2020-12-21 00:00:00+08:00,0.029999999329447746,0.03200000151991844,0.029999999329447746,0.029999999329447746,4589700,0.0,0.0
2020-12-22 00:00:00+08:00,0.028999999165534973,0.028999999165534973,0.028999999165534973,0.028999999165534973,1137300,0.0,0.0
2020-12-23 00:00:00+08:00,0.028999999165534973,0.028999999165534973,0.028999999165534973,0.028999999165534973,160500,0.0,0.0
2020-12-24 00:00:00+08:00,0.029999999329447746,0.029999999329447746,0.029999999329447746,0.029999999329447746,75000,0.0,0.0
2020-12-28 00:00:00+08:00,0.03099999949336052,0.03099999949336052,0.03099999949336052,0.03099999949336052,2063000,0.0,0.0
2020-12-29 00:00:00+08:00,0.03099999949336052,0.03099999949336052,0.03099999949336052,0.03099999949336052,0,0.0,0.0
2020-12-30 00:00:00+08:00,0.03200000151991844,0.03200000151991844,0.029999999329447746,0.029999999329447746,988300,0.0,0.0
2020-12-31 00:00:00+08:00,0.029999999329447746,0.029999999329447746,0.029999999329447746,0.029999999329447746,1700,0.0,0.0
2021-01-04 00:00:00+08:00,0.03099999949336052,0.032999999821186066,0.03099999949336052,0.032999999821186066,1450400,0.0,0.0
2021-01-05 00:00:00+08:00,0.03200000151991844,0.03200000151991844,0.03200000151991844,0.03200000151991844,250000,0.0,0.0
2021-01-06 00:00:00+08:00,0.03200000151991844,0.03200000151991844,0.03200000151991844,0.03200000151991844,0,0.0,0.0
2021-01-07 00:00:00+08:00,0.03099999949336052,0.03200000151991844,0.03099999949336052,0.03200000151991844,186000,0.0,0.0
2021-01-08 00:00:00+08:00,0.03099999949336052,0.03099999949336052,0.029999999329447746,0.029999999329447746,600000,0.0,0.0
2021-01-11 00:00:00+08:00,0.029999999329447746,0.029999999329447746,0.028999999165534973,0.029999999329447746,560500,0.0,0.0
2021-01-12 00:00:00+08:00,0.029999999329447746,0.029999999329447746,0.029999999329447746,0.029999999329447746,481000,0.0,0.0
2021-01-13 00:00:00+08:00,0.028999999165534973,0.028999999165534973,0.028999999165534973,0.028999999165534973,500000,0.0,0.0
2021-01-14 00:00:00+08:00,0.028999999165534973,0.028999999165534973,0.028999999165534973,0.028999999165534973,0,0.0,0.0
2021-01-15 00:00:00+08:00,0.028999999165534973,0.028999999165534973,0.028999999165534973,0.028999999165534973,454500,0.0,0.0
2021-01-18 00:00:00+08:00,0.02800000086426735,0.02800000086426735,0.02800000086426735,0.02800000086426735,200000,0.0,0.0
2021-01-19 00:00:00+08:00,0.028999999165534973,0.029999999329447746,0.028999999165534973,0.029999999329447746,1169500,0.0,0.0
2021-01-20 00:00:00+08:00,0.029999999329447746,0.03099999949336052,0.029999999329447746,0.03099999949336052,1532600,0.0,0.0
2021-01-21 00:00:00+08:00,0.03099999949336052,0.03099999949336052,0.03099999949336052,0.03099999949336052,500300,0.0,0.0
2021-01-22 00:00:00+08:00,0.03099999949336052,0.03099999949336052,0.03099999949336052,0.03099999949336052,600,0.0,0.0
2021-01-25 00:00:00+08:00,0.029999999329447746,0.029999999329447746,0.029999999329447746,0.029999999329447746,133500,0.0,0.0
2021-01-26 00:00:00+08:00,0.03099999949336052,0.03099999949336052,0.03099999949336052,0.03099999949336052,718900,0.0,0.0
2021-01-27 00:00:00+08:00,0.03099999949336052,0.03400000184774399,0.03099999949336052,0.03400000184774399,3504300,0.0,0.0
2021-01-28 00:00:00+08:00,0.03500000014901161,0.03700000047683716,0.032999999821186066,0.032999999821186066,17857600,0.0,0.0
2021-01-29 00:00:00+08:00,0.03200000151991844,0.032999999821186066,0.03099999949336052,0.032999999821186066,1679400,0.0,0.0
2021-02-01 00:00:00+08:00,0.03099999949336052,0.032999999821186066,0.029999999329447746,0.032999999821186066,1301500,0.0,0.0
2021-02-02 00:00:00+08:00,0.03099999949336052,0.03099999949336052,0.03099999949336052,0.03099999949336052,530000,0.0,0.0
2021-02-03 00:00:00+08:00,0.03099999949336052,0.032999999821186066,0.029999999329447746,0.029999999329447746,2695000,0.0,0.0
2021-02-04 00:00:00+08:00,0.03099999949336052,0.03099999949336052,0.029999999329447746,0.03099999949336052,631100,0.0,0.0
2021-02-05 00:00:00+08:00,0.03099999949336052,0.03099999949336052,0.03099999949336052,0.03099999949336052,191700,0.0,0.0
2021-02-08 00:00:00+08:00,0.03099999949336052,0.03099999949336052,0.03099999949336052,0.03099999949336052,0,0.0,0.0
2021-02-09 00:00:00+08:00,0.029999999329447746,0.03200000151991844,0.029999999329447746,0.03200000151991844,2535400,0.0,0.0
2021-02-10 00:00:00+08:00,0.03099999949336052,0.03099999949336052,0.03099999949336052,0.03099999949336052,600000,0.0,0.0
2021-02-11 00:00:00+08:00,0.029999999329447746,0.029999999329447746,0.029999999329447746,0.029999999329447746,500,0.0,0.0
2021-02-15 00:00:00+08:00,0.03099999949336052,0.03099999949336052,0.03099999949336052,0.03099999949336052,499700,0.0,0.0
2021-02-16 00:00:00+08:00,0.03099999949336052,0.03400000184774399,0.03099999949336052,0.03200000151991844,3031600,0.0,0.0
2021-02-17 00:00:00+08:00,0.03200000151991844,0.03200000151991844,0.029999999329447746,0.029999999329447746,450500,0.0,0.0
2021-02-18 00:00:00+08:00,0.029999999329447746,0.029999999329447746,0.028999999165534973,0.028999999165534973,2889100,0.0,0.0
2021-02-19 00:00:00+08:00,0.02800000086426735,0.029999999329447746,0.02800000086426735,0.029999999329447746,1160000,0.0,0.0
2021-02-22 00:00:00+08:00,0.029999999329447746,0.029999999329447746,0.02800000086426735,0.029999999329447746,2118000,0.0,0.0
2021-02-23 00:00:00+08:00,0.029999999329447746,0.029999999329447746,0.028999999165534973,0.028999999165534973,155000,0.0,0.0
2021-02-24 00:00:00+08:00,0.029999999329447746,0.029999999329447746,0.028999999165534973,0.028999999165534973,572700,0.0,0.0
2021-02-25 00:00:00+08:00,0.029999999329447746,0.029999999329447746,0.029999999329447746,0.029999999329447746,100000,0.0,0.0
2021-02-26 00:00:00+08:00,0.02800000086426735,0.028999999165534973,0.02800000086426735,0.028999999165534973,2828000,0.0,0.0
2021-03-01 00:00:00+08:00,0.028999999165534973,0.028999999165534973,0.028999999165534973,0.028999999165534973,0,0.0,0.0
2021-03-02 00:00:00+08:00,0.02800000086426735,0.02800000086426735,0.027000000700354576,0.02800000086426735,1588100,0.0,0.0
2021-03-03 00:00:00+08:00,0.028999999165534973,0.028999999165534973,0.026000000536441803,0.026000000536441803,50000,0.0,0.0
2021-03-04 00:00:00+08:00,0.027000000700354576,0.027000000700354576,0.026000000536441803,0.026000000536441803,1520000,0.0,0.0
2021-03-05 00:00:00+08:00,0.027000000700354576,0.027000000700354576,0.02500000037252903,0.02500000037252903,420100,0.0,0.0
2021-03-08 00:00:00+08:00,0.027000000700354576,0.027000000700354576,0.026000000536441803,0.026000000536441803,400000,0.0,0.0
2021-03-09 00:00:00+08:00,0.026000000536441803,0.026000000536441803,0.02500000037252903,0.026000000536441803,700100,0.0,0.0
2021-03-10 00:00:00+08:00,0.026000000536441803,0.026000000536441803,0.026000000536441803,0.026000000536441803,0,0.0,0.0
2021-03-11 00:00:00+08:00,0.026000000536441803,0.028999999165534973,0.026000000536441803,0.027000000700354576,600000,0.0,0.0
2021-03-12 00:00:00+08:00,0.02800000086426735,0.02800000086426735,0.02800000086426735,0.02800000086426735,100100,0.0,0.0
2021-03-15 00:00:00+08:00,0.02800000086426735,0.02800000086426735,0.02800000086426735,0.02800000086426735,0,0.0,0.0
2021-03-16 00:00:00+08:00,0.02800000086426735,0.02800000086426735,0.02800000086426735,0.02800000086426735,0,0.0,0.0
2021-03-17 00:00:00+08:00,0.02800000086426735,0.02800000086426735,0.02800000086426735,0.02800000086426735,0,0.0,0.0
2021-03-18 00:00:00+08:00,0.028999999165534973,0.028999999165534973,0.02800000086426735,0.02800000086426735,735000,0.0,0.0
2021-03-19 00:00:00+08:00,0.02800000086426735,0.03099999949336052,0.02800000086426735,0.029999999329447746,1857500,0.0,0.0
2021-03-22 00:00:00+08:00,0.028999999165534973,0.028999999165534973,0.02800000086426735,0.02800000086426735,203200,0.0,0.0
2021-03-23 00:00:00+08:00,0.02800000086426735,0.03500000014901161,0.02800000086426735,0.03200000151991844,42475533,0.0,0.0
2021-03-24 00:00:00+08:00,0.032999999821186066,0.03400000184774399,0.029999999329447746,0.029999999329447746,17106300,0.0,0.0
2021-03-25 00:00:00+08:00,0.029999999329447746,0.03099999949336052,0.029999999329447746,0.03099999949336052,1085500,0.0,0.0
2021-03-26 00:00:00+08:00,0.03099999949336052,0.03099999949336052,0.028999999165534973,0.029999999329447746,2115400,0.0,0.0
2021-03-29 00:00:00+08:00,0.028999999165534973,0.029999999329447746,0.02800000086426735,0.02800000086426735,2440000,0.0,0.0
2021-03-30 00:00:00+08:00,0.02800000086426735,0.02800000086426735,0.027000000700354576,0.027000000700354576,4237900,0.0,0.0
2021-03-31 00:00:00+08:00,0.02800000086426735,0.03099999949336052,0.02800000086426735,0.02800000086426735,6940000,0.0,0.0
2021-04-01 00:00:00+08:00,0.028999999165534973,0.029999999329447746,0.028999999165534973,0.028999999165534973,2515200,0.0,0.0
2021-04-05 00:00:00+08:00,0.028999999165534973,0.028999999165534973,0.02800000086426735,0.02800000086426735,990000,0.0,0.0
2021-04-06 00:00:00+08:00,0.028999999165534973,0.028999999165534973,0.028999999165534973,0.028999999165534973,529400,0.0,0.0
2021-04-07 00:00:00+08:00,0.028999999165534973,0.028999999165534973,0.02800000086426735,0.02800000086426735,1287000,0.0,0.0
2021-04-08 00:00:00+08:00,0.02800000086426735,0.02800000086426735,0.02800000086426735,0.02800000086426735,2243000,0.0,0.0
2021-04-09 00:00:00+08:00,0.02800000086426735,0.028999999165534973,0.02800000086426735,0.028999999165534973,826000,0.0,0.0
2021-04-12 00:00:00+08:00,0.028999999165534973,0.028999999165534973,0.02800000086426735,0.028999999165534973,900100,0.0,0.0
2021-04-13 00:00:00+08:00,0.028999999165534973,0.028999999165534973,0.02800000086426735,0.02800000086426735,430000,0.0,0.0
2021-04-14 00:00:00+08:00,0.028999999165534973,0.028999999165534973,0.028999999165534973,0.028999999165534973,635300,0.0,0.0
2021-04-15 00:00:00+08:00,0.028999999165534973,0.029999999329447746,0.028999999165534973,0.028999999165534973,854700,0.0,0.0
2021-04-16 00:00:00+08:00,0.028999999165534973,0.028999999165534973,0.028999999165534973,0.028999999165534973,241000,0.0,0.0
2021-04-19 00:00:00+08:00,0.028999999165534973,0.029999999329447746,0.028999999165534973,0.029999999329447746,500100,0.0,0.0
2021-04-20 00:00:00+08:00,0.029999999329447746,0.029999999329447746,0.029999999329447746,0.029999999329447746,0,0.0,0.0
2021-04-21 00:00:00+08:00,0.029999999329447746,0.029999999329447746,0.029999999329447746,0.029999999329447746,0,0.0,0.0
2021-04-22 00:00:00+08:00,0.028999999165534973,0.028999999165534973,0.028999999165534973,0.028999999165534973,1000000,0.0,0.0
2021-04-23 00:00:00+08:00,0.02800000086426735,0.02800000086426735,0.02800000086426735,0.02800000086426735,734600,0.0,0.0
2021-04-26 00:00:00+08:00,0.02800000086426735,0.02800000086426735,0.02800000086426735,0.02800000086426735,1192600,0.0,0.0
2021-04-27 00:00:00+08:00,0.028999999165534973,0.028999999165534973,0.027000000700354576,0.027000000700354576,10200,0.0,0.0
2021-04-28 00:00:00+08:00,0.028999999165534973,0.029999999329447746,0.02800000086426735,0.029999999329447746,1100100,0.0,0.0
2021-04-29 00:00:00+08:00,0.029999999329447746,0.029999999329447746,0.028999999165534973,0.029999999329447746,655700,0.0,0.0
2021-04-30 00:00:00+08:00,0.028999999165534973,0.029999999329447746,0.028999999165534973,0.028999999165534973,1103100,0.0,0.0
2021-05-03 00:00:00+08:00,0.028999999165534973,0.028999999165534973,0.02800000086426735,0.02800000086426735,1158000,0.0,0.0
2021-05-04 00:00:00+08:00,0.02800000086426735,0.02800000086426735,0.02800000086426735,0.02800000086426735,760400,0.0,0.0
2021-05-05 00:00:00+08:00,0.027000000700354576,0.02800000086426735,0.027000000700354576,0.027000000700354576,110100,0.0,0.0
2021-05-06 00:00:00+08:00,0.02800000086426735,0.02800000086426735,0.027000000700354576,0.027000000700354576,400000,0.0,0.0
2021-05-07 00:00:00+08:00,0.027000000700354576,0.027000000700354576,0.027000000700354576,0.027000000700354576,266600,0.0,0.0
2021-05-10 00:00:00+08:00,0.02800000086426735,0.02800000086426735,0.02800000086426735,0.02800000086426735,625400,0.0,0.0
2021-05-11 00:00:00+08:00,0.02800000086426735,0.02800000086426735,0.02800000086426735,0.02800000086426735,1775200,0.0,0.0
2021-05-12 00:00:00+08:00,0.02800000086426735,0.02800000086426735,0.02800000086426735,0.02800000086426735,0,0.0,0.0
2021-05-14 00:00:00+08:00,0.02800000086426735,0.02800000086426735,0.027000000700354576,0.027000000700354576,915000,0.0,0.0
2021-05-17 00:00:00+08:00,0.027000000700354576,0.027000000700354576,0.027000000700354576,0.027000000700354576,309900,0.0,0.0
2021-05-18 00:00:00+08:00,0.027000000700354576,0.027000000700354576,0.027000000700354576,0.027000000700354576,300000,0.0,0.0
2021-05-19 00:00:00+08:00,0.027000000700354576,0.027000000700354576,0.027000000700354576,0.027000000700354576,0,0.0,0.0
2021-05-20 00:00:00+08:00,0.027000000700354576,0.027000000700354576,0.027000000700354576,0.027000000700354576,340600,0.0,0.0
2021-05-21 00:00:00+08:00,0.027000000700354576,0.027000000700354576,0.027000000700354576,0.027000000700354576,0,0.0,0.0
2021-05-24 00:00:00+08:00,0.027000000700354576,0.02800000086426735,0.027000000700354576,0.02800000086426735,1073200,0.0,0.0
2021-05-25 00:00:00+08:00,0.02800000086426735,0.02800000086426735,0.02800000086426735,0.02800000086426735,300000,0.0,0.0
2021-05-27 00:00:00+08:00,0.027000000700354576,0.027000000700354576,0.027000000700354576,0.027000000700354576,525100,0.0,0.0
2021-05-28 00:00:00+08:00,0.027000000700354576,0.028999999165534973,0.027000000700354576,0.028999999165534973,540100,0.0,0.0
2021-05-31 00:00:00+08:00,0.028999999165534973,0.029999999329447746,0.02800000086426735,0.028999999165534973,819300,0.0,0.0
2021-06-01 00:00:00+08:00,0.028999999165534973,0.028999999165534973,0.028999999165534973,0.028999999165534973,150000,0.0,0.0
2021-06-02 00:00:00+08:00,0.028999999165534973,0.028999999165534973,0.02800000086426735,0.028999999165534973,429900,0.0,0.0
2021-06-03 00:00:00+08:00,0.02800000086426735,0.028999999165534973,0.02800000086426735,0.028999999165534973,1245200,0.0,0.0
2021-06-04 00:00:00+08:00,0.02800000086426735,0.02800000086426735,0.02800000086426735,0.02800000086426735,300000,0.0,0.0
2021-06-07 00:00:00+08:00,0.02800000086426735,0.03099999949336052,0.02800000086426735,0.03099999949336052,7151300,0.0,0.0
2021-06-08 00:00:00+08:00,0.03200000151991844,0.03200000151991844,0.028999999165534973,0.028999999165534973,6398900,0.0,0.0
2021-06-09 00:00:00+08:00,0.028999999165534973,0.028999999165534973,0.028999999165534973,0.028999999165534973,809400,0.0,0.0
2021-06-10 00:00:00+08:00,0.028999999165534973,0.03099999949336052,0.028999999165534973,0.028999999165534973,8222800,0.0,0.0
2021-06-11 00:00:00+08:00,0.02800000086426735,0.028999999165534973,0.02800000086426735,0.028999999165534973,1858700,0.0,0.0
2021-06-14 00:00:00+08:00,0.028999999165534973,0.028999999165534973,0.02800000086426735,0.028999999165534973,718500,0.0,0.0
2021-06-15 00:00:00+08:00,0.028999999165534973,0.029999999329447746,0.02800000086426735,0.02800000086426735,1383600,0.0,0.0
2021-06-16 00:00:00+08:00,0.028999999165534973,0.029999999329447746,0.02800000086426735,0.029999999329447746,3351900,0.0,0.0
2021-06-17 00:00:00+08:00,0.029999999329447746,0.029999999329447746,0.028999999165534973,0.028999999165534973,100400,0.0,0.0
2021-06-18 00:00:00+08:00,0.02800000086426735,0.02800000086426735,0.02800000086426735,0.02800000086426735,200000,0.0,0.0
2021-06-21 00:00:00+08:00,0.02800000086426735,0.02800000086426735,0.02800000086426735,0.02800000086426735,1100100,0.0,0.0
2021-06-22 00:00:00+08:00,0.02800000086426735,0.02800000086426735,0.026000000536441803,0.026000000536441803,2494000,0.0,0.0
2021-06-23 00:00:00+08:00,0.027000000700354576,0.027000000700354576,0.027000000700354576,0.027000000700354576,953500,0.0,0.0
2021-06-24 00:00:00+08:00,0.02800000086426735,0.028999999165534973,0.027000000700354576,0.027000000700354576,3245500,0.0,0.0
2021-06-25 00:00:00+08:00,0.027000000700354576,0.027000000700354576,0.027000000700354576,0.027000000700354576,375100,0.0,0.0
2021-06-28 00:00:00+08:00,0.027000000700354576,0.027000000700354576,0.027000000700354576,0.027000000700354576,0,0.0,0.0
2021-06-29 00:00:00+08:00,0.027000000700354576,0.02800000086426735,0.027000000700354576,0.027000000700354576,201300,0.0,0.0
2021-06-30 00:00:00+08:00,0.026000000536441803,0.026000000536441803,0.026000000536441803,0.026000000536441803,350000,0.0,0.0
2021-07-01 00:00:00+08:00,0.027000000700354576,0.027000000700354576,0.027000000700354576,0.027000000700354576,850000,0.0,0.0
2021-07-02 00:00:00+08:00,0.027000000700354576,0.027000000700354576,0.027000000700354576,0.027000000700354576,1235800,0.0,0.0
2021-07-05 00:00:00+08:00,0.027000000700354576,0.027000000700354576,0.027000000700354576,0.027000000700354576,297000,0.0,0.0
2021-07-06 00:00:00+08:00,0.027000000700354576,0.027000000700354576,0.027000000700354576,0.027000000700354576,300000,0.0,0.0
2021-07-07 00:00:00+08:00,0.026000000536441803,0.026000000536441803,0.026000000536441803,0.026000000536441803,404000,0.0,0.0
2021-07-08 00:00:00+08:00,0.026000000536441803,0.026000000536441803,0.02500000037252903,0.026000000536441803,1146000,0.0,0.0
2021-07-09 00:00:00+08:00,0.026000000536441803,0.026000000536441803,0.026000000536441803,0.026000000536441803,100000,0.0,0.0
2021-07-12 00:00:00+08:00,0.026000000536441803,0.026000000536441803,0.026000000536441803,0.026000000536441803,600000,0.0,0.0
2021-07-13 00:00:00+08:00,0.026000000536441803,0.026000000536441803,0.02500000037252903,0.026000000536441803,764200,0.0,0.0
2021-07-14 00:00:00+08:00,0.026000000536441803,0.026000000536441803,0.026000000536441803,0.026000000536441803,0,0.0,0.0
2021-07-15 00:00:00+08:00,0.026000000536441803,0.026000000536441803,0.02500000037252903,0.026000000536441803,100900,0.0,0.0
2021-07-16 00:00:00+08:00,0.026000000536441803,0.026000000536441803,0.02500000037252903,0.026000000536441803,609900,0.0,0.0
2021-07-19 00:00:00+08:00,0.02500000037252903,0.026000000536441803,0.02500000037252903,0.026000000536441803,278300,0.0,0.0
2021-07-21 00:00:00+08:00,0.026000000536441803,0.026000000536441803,0.026000000536441803,0.026000000536441803,0,0.0,0.0
2021-07-22 00:00:00+08:00,0.02500000037252903,0.02500000037252903,0.02500000037252903,0.02500000037252903,100100,0.0,0.0
2021-07-23 00:00:00+08:00,0.02500000037252903,0.02500000037252903,0.02500000037252903,0.02500000037252903,110300,0.0,0.0
2021-07-26 00:00:00+08:00,0.02500000037252903,0.02500000037252903,0.02500000037252903,0.02500000037252903,267100,0.0,0.0
2021-07-27 00:00:00+08:00,0.02500000037252903,0.026000000536441803,0.02500000037252903,0.026000000536441803,850000,0.0,0.0
2021-07-28 00:00:00+08:00,0.026000000536441803,0.026000000536441803,0.02199999988079071,0.02500000037252903,55200,0.0,0.0
2021-07-29 00:00:00+08:00,0.02500000037252903,0.02500000037252903,0.02500000037252903,0.02500000037252903,0,0.0,0.0
2021-07-30 00:00:00+08:00,0.02500000037252903,0.026000000536441803,0.024000000208616257,0.02500000037252903,2319900,0.0,0.0
2021-08-02 00:00:00+08:00,0.02500000037252903,0.02500000037252903,0.02500000037252903,0.02500000037252903,0,0.0,0.0
2021-08-03 00:00:00+08:00,0.02500000037252903,0.02500000037252903,0.02500000037252903,0.02500000037252903,0,0.0,0.0
2021-08-04 00:00:00+08:00,0.02199999988079071,0.02500000037252903,0.02199999988079071,0.02500000037252903,67600,0.0,0.0
2021-08-05 00:00:00+08:00,0.024000000208616257,0.02500000037252903,0.024000000208616257,0.024000000208616257,451100,0.0,0.0
2021-08-06 00:00:00+08:00,0.023000000044703484,0.02500000037252903,0.023000000044703484,0.024000000208616257,600100,0.0,0.0
2021-08-10 00:00:00+08:00,0.024000000208616257,0.024000000208616257,0.024000000208616257,0.024000000208616257,0,0.0,0.0
2021-08-11 00:00:00+08:00,0.023000000044703484,0.023000000044703484,0.019999999552965164,0.023000000044703484,1267400,0.0,0.0
2021-08-12 00:00:00+08:00,0.023000000044703484,0.023000000044703484,0.023000000044703484,0.023000000044703484,0,0.0,0.0
2021-08-13 00:00:00+08:00,0.020999999716877937,0.02199999988079071,0.019999999552965164,0.02199999988079071,1758500,0.0,0.0
2021-08-16 00:00:00+08:00,0.020999999716877937,0.02199999988079071,0.020999999716877937,0.02199999988079071,640300,0.0,0.0
2021-08-17 00:00:00+08:00,0.02199999988079071,0.023000000044703484,0.02199999988079071,0.023000000044703484,776300,0.0,0.0
2021-08-18 00:00:00+08:00,0.023000000044703484,0.023000000044703484,0.020999999716877937,0.023000000044703484,24000,0.0,0.0
2021-08-19 00:00:00+08:00,0.02199999988079071,0.02199999988079071,0.02199999988079071,0.02199999988079071,12000,0.0,0.0
2021-08-20 00:00:00+08:00,0.02199999988079071,0.02199999988079071,0.02199999988079071,0.02199999988079071,350000,0.0,0.0
2021-08-23 00:00:00+08:00,0.02199999988079071,0.02199999988079071,0.02199999988079071,0.02199999988079071,350000,0.0,0.0
2021-08-24 00:00:00+08:00,0.02199999988079071,0.02199999988079071,0.02199999988079071,0.02199999988079071,450000,0.0,0.0
2021-08-25 00:00:00+08:00,0.02199999988079071,0.023000000044703484,0.019999999552965164,0.023000000044703484,1176600,0.0,0.0
2021-08-26 00:00:00+08:00,0.023000000044703484,0.023000000044703484,0.023000000044703484,0.023000000044703484,0,0.0,0.0
2021-08-27 00:00:00+08:00,0.023000000044703484,0.023000000044703484,0.023000000044703484,0.023000000044703484,0,0.0,0.0
2021-08-30 00:00:00+08:00,0.020999999716877937,0.023000000044703484,0.020999999716877937,0.023000000044703484,349100,0.0,0.0
2021-08-31 00:00:00+08:00,0.023000000044703484,0.023000000044703484,0.023000000044703484,0.023000000044703484,0,0.0,0.0
2021-09-01 00:00:00+08:00,0.023000000044703484,0.023000000044703484,0.023000000044703484,0.023000000044703484,900,0.0,0.0
2021-09-02 00:00:00+08:00,0.023000000044703484,0.023000000044703484,0.023000000044703484,0.023000000044703484,0,0.0,0.0
2021-09-03 00:00:00+08:00,0.024000000208616257,0.02500000037252903,0.024000000208616257,0.02500000037252903,382400,0.0,0.0
2021-09-06 00:00:00+08:00,0.02500000037252903,0.026000000536441803,0.02500000037252903,0.02500000037252903,530500,0.0,0.0
2021-09-07 00:00:00+08:00,0.024000000208616257,0.027000000700354576,0.024000000208616257,0.027000000700354576,460100,0.0,0.0
2021-09-08 00:00:00+08:00,0.027000000700354576,0.027000000700354576,0.027000000700354576,0.027000000700354576,0,0.0,0.0
2021-09-09 00:00:00+08:00,0.02500000037252903,0.02500000037252903,0.024000000208616257,0.02500000037252903,301900,0.0,0.0
2021-09-10 00:00:00+08:00,0.026000000536441803,0.026000000536441803,0.024000000208616257,0.02500000037252903,300800,0.0,0.0
2021-09-13 00:00:00+08:00,0.02500000037252903,0.02500000037252903,0.02500000037252903,0.02500000037252903,0,0.0,0.0
2021-09-14 00:00:00+08:00,0.024000000208616257,0.024000000208616257,0.024000000208616257,0.024000000208616257,187800,0.0,0.0
2021-09-15 00:00:00+08:00,0.024000000208616257,0.024000000208616257,0.024000000208616257,0.024000000208616257,0,0.0,0.0
2021-09-16 00:00:00+08:00,0.020999999716877937,0.026000000536441803,0.020999999716877937,0.026000000536441803,210300,0.0,0.0
2021-09-17 00:00:00+08:00,0.02199999988079071,0.02500000037252903,0.02199999988079071,0.02500000037252903,1100,0.0,0.0
2021-09-20 00:00:00+08:00,0.023000000044703484,0.02500000037252903,0.023000000044703484,0.02500000037252903,1200,0.0,0.0
2021-09-21 00:00:00+08:00,0.023000000044703484,0.02500000037252903,0.023000000044703484,0.02500000037252903,10100,0.0,0.0
2021-09-22 00:00:00+08:00,0.023000000044703484,0.02500000037252903,0.023000000044703484,0.02500000037252903,10100,0.0,0.0
2021-09-23 00:00:00+08:00,0.02500000037252903,0.02500000037252903,0.02500000037252903,0.02500000037252903,0,0.0,0.0
2021-09-24 00:00:00+08:00,0.02500000037252903,0.02500000037252903,0.02500000037252903,0.02500000037252903,80300,0.0,0.0
2021-09-27 00:00:00+08:00,0.02500000037252903,0.02500000037252903,0.02500000037252903,0.02500000037252903,0,0.0,0.0
2021-09-28 00:00:00+08:00,0.02500000037252903,0.02500000037252903,0.02500000037252903,0.02500000037252903,0,0.0,0.0
2021-09-29 00:00:00+08:00,0.02500000037252903,0.02500000037252903,0.02500000037252903,0.02500000037252903,60000,0.0,0.0
2021-09-30 00:00:00+08:00,0.02500000037252903,0.02500000037252903,0.02500000037252903,0.02500000037252903,0,0.0,0.0
2021-10-01 00:00:00+08:00,0.02500000037252903,0.02500000037252903,0.02500000037252903,0.02500000037252903,0,0.0,0.0
2021-10-04 00:00:00+08:00,0.02500000037252903,0.02500000037252903,0.02500000037252903,0.02500000037252903,0,0.0,0.0
2021-10-05 00:00:00+08:00,0.024000000208616257,0.024000000208616257,0.02199999988079071,0.02199999988079071,217600,0.0,0.0
2021-10-06 00:00:00+08:00,0.024000000208616257,0.024000000208616257,0.024000000208616257,0.024000000208616257,50000,0.0,0.0
2021-10-07 00:00:00+08:00,0.024000000208616257,0.024000000208616257,0.024000000208616257,0.024000000208616257,10000,0.0,0.0
2021-10-08 00:00:00+08:00,0.024000000208616257,0.024000000208616257,0.024000000208616257,0.024000000208616257,110000,0.0,0.0
2021-10-11 00:00:00+08:00,0.024000000208616257,0.024000000208616257,0.024000000208616257,0.024000000208616257,0,0.0,0.0
2021-10-12 00:00:00+08:00,0.024000000208616257,0.027000000700354576,0.024000000208616257,0.02500000037252903,2847500,0.0,0.0
2021-10-13 00:00:00+08:00,0.024000000208616257,0.024000000208616257,0.024000000208616257,0.024000000208616257,792200,0.0,0.0
2021-10-14 00:00:00+08:00,0.024000000208616257,0.024000000208616257,0.023000000044703484,0.024000000208616257,2590000,0.0,0.0
2021-10-15 00:00:00+08:00,0.024000000208616257,0.024000000208616257,0.023000000044703484,0.023000000044703484,250500,0.0,0.0
2021-10-18 00:00:00+08:00,0.023000000044703484,0.023000000044703484,0.023000000044703484,0.023000000044703484,66000,0.0,0.0
2021-10-19 00:00:00+08:00,0.023000000044703484,0.023000000044703484,0.02199999988079071,0.02199999988079071,114500,0.0,0.0
2021-10-20 00:00:00+08:00,0.02199999988079071,0.024000000208616257,0.02199999988079071,0.024000000208616257,300000,0.0,0.0
2021-10-21 00:00:00+08:00,0.023000000044703484,0.024000000208616257,0.020999999716877937,0.023000000044703484,638600,0.0,0.0
2021-10-22 00:00:00+08:00,0.02199999988079071,0.023000000044703484,0.02199999988079071,0.023000000044703484,424300,0.0,0.0
2021-10-25 00:00:00+08:00,0.023000000044703484,0.027000000700354576,0.023000000044703484,0.026000000536441803,5748100,0.0,0.0
2021-10-26 00:00:00+08:00,0.026000000536441803,0.026000000536441803,0.02500000037252903,0.02500000037252903,3286800,0.0,0.0
2021-10-27 00:00:00+08:00,0.02500000037252903,0.02500000037252903,0.02500000037252903,0.02500000037252903,350000,0.0,0.0
2021-10-28 00:00:00+08:00,0.024000000208616257,0.024000000208616257,0.024000000208616257,0.024000000208616257,530000,0.0,0.0
2021-10-29 00:00:00+08:00,0.02500000037252903,0.02500000037252903,0.023000000044703484,0.024000000208616257,2422600,0.0,0.0
2021-11-01 00:00:00+08:00,0.024000000208616257,0.02500000037252903,0.023000000044703484,0.023000000044703484,692000,0.0,0.0
2021-11-02 00:00:00+08:00,0.023000000044703484,0.024000000208616257,0.023000000044703484,0.024000000208616257,1387200,0.0,0.0
2021-11-03 00:00:00+08:00,0.024000000208616257,0.024000000208616257,0.024000000208616257,0.024000000208616257,0,0.0,0.0
2021-11-05 00:00:00+08:00,0.023000000044703484,0.023000000044703484,0.02199999988079071,0.02199999988079071,410000,0.0,0.0
2021-11-08 00:00:00+08:00,0.023000000044703484,0.023000000044703484,0.02199999988079071,0.02199999988079071,495100,0.0,0.0
2021-11-09 00:00:00+08:00,0.023000000044703484,0.024000000208616257,0.02199999988079071,0.023000000044703484,979000,0.0,0.0
2021-11-10 00:00:00+08:00,0.023000000044703484,0.023000000044703484,0.02199999988079071,0.02199999988079071,90100,0.0,0.0
2021-11-11 00:00:00+08:00,0.02199999988079071,0.023000000044703484,0.02199999988079071,0.023000000044703484,354300,0.0,0.0
2021-11-12 00:00:00+08:00,0.024000000208616257,0.024000000208616257,0.023000000044703484,0.023000000044703484,768000,0.0,0.0
2021-11-15 00:00:00+08:00,0.023000000044703484,0.023000000044703484,0.023000000044703484,0.023000000044703484,0,0.0,0.0
2021-11-16 00:00:00+08:00,0.023000000044703484,0.023000000044703484,0.02199999988079071,0.02199999988079071,707800,0.0,0.0
2021-11-17 00:00:00+08:00,0.02199999988079071,0.02199999988079071,0.02199999988079071,0.02199999988079071,0,0.0,0.0
2021-11-18 00:00:00+08:00,0.02199999988079071,0.023000000044703484,0.020999999716877937,0.02199999988079071,1089800,0.0,0.0
2021-11-19 00:00:00+08:00,0.02199999988079071,0.02199999988079071,0.019999999552965164,0.02199999988079071,2240100,0.0,0.0
2021-11-22 00:00:00+08:00,0.02199999988079071,0.023000000044703484,0.02199999988079071,0.023000000044703484,6797600,0.0,0.0
2021-11-23 00:00:00+08:00,0.024000000208616257,0.02500000037252903,0.02199999988079071,0.02199999988079071,11435100,0.0,0.0
2021-11-24 00:00:00+08:00,0.02199999988079071,0.02199999988079071,0.020999999716877937,0.02199999988079071,829100,0.0,0.0
2021-11-25 00:00:00+08:00,0.020999999716877937,0.020999999716877937,0.020999999716877937,0.020999999716877937,208000,0.0,0.0
2021-11-26 00:00:00+08:00,0.020999999716877937,0.020999999716877937,0.019999999552965164,0.019999999552965164,930000,0.0,0.0
2021-11-29 00:00:00+08:00,0.019999999552965164,0.019999999552965164,0.01899999938905239,0.019999999552965164,2710200,0.0,0.0
2021-11-30 00:00:00+08:00,0.01899999938905239,0.019999999552965164,0.01899999938905239,0.019999999552965164,169700,0.0,0.0
2021-12-01 00:00:00+08:00,0.017999999225139618,0.01899999938905239,0.017999999225139618,0.017999999225139618,2217600,0.0,0.0
2021-12-02 00:00:00+08:00,0.017999999225139618,0.017999999225139618,0.017999999225139618,0.017999999225139618,133300,0.0,0.0
2021-12-03 00:00:00+08:00,0.017999999225139618,0.017999999225139618,0.017999999225139618,0.017999999225139618,119900,0.0,0.0
2021-12-06 00:00:00+08:00,0.017999999225139618,0.017999999225139618,0.017000000923871994,0.017000000923871994,1995100,0.0,0.0
2021-12-07 00:00:00+08:00,0.017000000923871994,0.017000000923871994,0.014999999664723873,0.014999999664723873,1321100,0.0,0.0
2021-12-08 00:00:00+08:00,0.01600000075995922,0.01600000075995922,0.014999999664723873,0.014999999664723873,1608000,0.0,0.0
2021-12-09 00:00:00+08:00,0.01600000075995922,0.01600000075995922,0.01600000075995922,0.01600000075995922,250000,0.0,0.0
2021-12-10 00:00:00+08:00,0.01600000075995922,0.01600000075995922,0.014999999664723873,0.014999999664723873,692000,0.0,0.0
2021-12-13 00:00:00+08:00,0.017000000923871994,0.017000000923871994,0.017000000923871994,0.017000000923871994,30000,0.0,0.0
2021-12-14 00:00:00+08:00,0.017000000923871994,0.017000000923871994,0.014999999664723873,0.014999999664723873,130100,0.0,0.0
2021-12-15 00:00:00+08:00,0.014999999664723873,0.01600000075995922,0.014999999664723873,0.01600000075995922,458800,0.0,0.0
2021-12-16 00:00:00+08:00,0.01600000075995922,0.01600000075995922,0.01600000075995922,0.01600000075995922,50100,0.0,0.0
2021-12-17 00:00:00+08:00,0.01600000075995922,0.017000000923871994,0.014999999664723873,0.017000000923871994,628000,0.0,0.0
2021-12-20 00:00:00+08:00,0.014999999664723873,0.01600000075995922,0.014999999664723873,0.01600000075995922,250000,0.0,0.0
2021-12-21 00:00:00+08:00,0.014999999664723873,0.01600000075995922,0.014999999664723873,0.014999999664723873,1060000,0.0,0.0
2021-12-22 00:00:00+08:00,0.01600000075995922,0.01600000075995922,0.01600000075995922,0.01600000075995922,275000,0.0,0.0
2021-12-23 00:00:00+08:00,0.01600000075995922,0.01600000075995922,0.01600000075995922,0.01600000075995922,0,0.0,0.0
2021-12-24 00:00:00+08:00,0.01600000075995922,0.01600000075995922,0.01600000075995922,0.01600000075995922,0,0.0,0.0
2021-12-27 00:00:00+08:00,0.01600000075995922,0.01600000075995922,0.014999999664723873,0.014999999664723873,180000,0.0,0.0
2021-12-28 00:00:00+08:00,0.01600000075995922,0.01600000075995922,0.01600000075995922,0.01600000075995922,256000,0.0,0.0
2021-12-29 00:00:00+08:00,0.017000000923871994,0.017000000923871994,0.01600000075995922,0.01600000075995922,100400,0.0,0.0
2021-12-30 00:00:00+08:00,0.01600000075995922,0.01600000075995922,0.014999999664723873,0.014999999664723873,1359600,0.0,0.0
2021-12-31 00:00:00+08:00,0.014999999664723873,0.014999999664723873,0.014999999664723873,0.014999999664723873,207500,0.0,0.0
2022-01-03 00:00:00+08:00,0.014999999664723873,0.014999999664723873,0.014000000432133675,0.014000000432133675,550100,0.0,0.0
2022-01-04 00:00:00+08:00,0.014000000432133675,0.014000000432133675,0.014000000432133675,0.014000000432133675,0,0.0,0.0
2022-01-05 00:00:00+08:00,0.01600000075995922,0.01600000075995922,0.014999999664723873,0.014999999664723873,1372000,0.0,0.0
2022-01-06 00:00:00+08:00,0.014999999664723873,0.014999999664723873,0.014999999664723873,0.014999999664723873,0,0.0,0.0
2022-01-07 00:00:00+08:00,0.014999999664723873,0.014999999664723873,0.014999999664723873,0.014999999664723873,0,0.0,0.0
2022-01-10 00:00:00+08:00,0.01600000075995922,0.01600000075995922,0.014999999664723873,0.014999999664723873,200000,0.0,0.0
2022-01-11 00:00:00+08:00,0.014999999664723873,0.014999999664723873,0.014999999664723873,0.014999999664723873,0,0.0,0.0
2022-01-12 00:00:00+08:00,0.014999999664723873,0.014999999664723873,0.014999999664723873,0.014999999664723873,0,0.0,0.0
2022-01-13 00:00:00+08:00,0.014999999664723873,0.014999999664723873,0.014999999664723873,0.014999999664723873,1000,0.0,0.0
2022-01-14 00:00:00+08:00,0.014999999664723873,0.014999999664723873,0.014999999664723873,0.014999999664723873,0,0.0,0.0
2022-01-17 00:00:00+08:00,0.014999999664723873,0.014999999664723873,0.014999999664723873,0.014999999664723873,0,0.0,0.0
2022-01-18 00:00:00+08:00,0.014999999664723873,0.014999999664723873,0.014999999664723873,0.014999999664723873,0,0.0,0.0
2022-01-19 00:00:00+08:00,0.01600000075995922,0.01600000075995922,0.014999999664723873,0.014999999664723873,505300,0.0,0.0
2022-01-20 00:00:00+08:00,0.014999999664723873,0.01600000075995922,0.014000000432133675,0.014000000432133675,518600,0.0,0.0
2022-01-21 00:00:00+08:00,0.014999999664723873,0.014999999664723873,0.014999999664723873,0.014999999664723873,355000,0.0,0.0
2022-01-24 00:00:00+08:00,0.014999999664723873,0.014999999664723873,0.014000000432133675,0.014999999664723873,561100,0.0,0.0
2022-01-25 00:00:00+08:00,0.014999999664723873,0.014999999664723873,0.014999999664723873,0.014999999664723873,15000,0.0,0.0
2022-01-26 00:00:00+08:00,0.014000000432133675,0.014000000432133675,0.013000000268220901,0.013000000268220901,206400,0.0,0.0
2022-01-27 00:00:00+08:00,0.013000000268220901,0.013000000268220901,0.013000000268220901,0.013000000268220901,162000,0.0,0.0
2022-01-28 00:00:00+08:00,0.012000000104308128,0.014000000432133675,0.012000000104308128,0.014000000432133675,162000,0.0,0.0
2022-01-31 00:00:00+08:00,0.01600000075995922,0.01600000075995922,0.01600000075995922,0.01600000075995922,59000,0.0,0.0
2022-02-03 00:00:00+08:00,0.01600000075995922,0.017000000923871994,0.01600000075995922,0.017000000923871994,12100,0.0,0.0
2022-02-04 00:00:00+08:00,0.017000000923871994,0.017000000923871994,0.017000000923871994,0.017000000923871994,0,0.0,0.0
2022-02-07 00:00:00+08:00,0.017000000923871994,0.017000000923871994,0.017000000923871994,0.017000000923871994,0,0.0,0.0
2022-02-08 00:00:00+08:00,0.017000000923871994,0.017000000923871994,0.017000000923871994,0.017000000923871994,0,0.0,0.0
2022-02-09 00:00:00+08:00,0.017000000923871994,0.017000000923871994,0.017000000923871994,0.017000000923871994,0,0.0,0.0
2022-02-10 00:00:00+08:00,0.01600000075995922,0.017000000923871994,0.014999999664723873,0.014999999664723873,319800,0.0,0.0
2022-02-11 00:00:00+08:00,0.014999999664723873,0.014999999664723873,0.014999999664723873,0.014999999664723873,0,0.0,0.0
2022-02-14 00:00:00+08:00,0.017000000923871994,0.017000000923871994,0.017000000923871994,0.017000000923871994,30000,0.0,0.0
2022-02-15 00:00:00+08:00,0.017000000923871994,0.017000000923871994,0.017000000923871994,0.017000000923871994,0,0.0,0.0
2022-02-16 00:00:00+08:00,0.017000000923871994,0.017000000923871994,0.017000000923871994,0.017000000923871994,0,0.0,0.0
2022-02-17 00:00:00+08:00,0.017000000923871994,0.017000000923871994,0.017000000923871994,0.017000000923871994,0,0.0,0.0
2022-02-18 00:00:00+08:00,0.017000000923871994,0.017000000923871994,0.017000000923871994,0.017000000923871994,0,0.0,0.0
2022-02-21 00:00:00+08:00,0.017000000923871994,0.017999999225139618,0.017000000923871994,0.017000000923871994,650000,0.0,0.0
2022-02-22 00:00:00+08:00,0.017000000923871994,0.017000000923871994,0.014999999664723873,0.017000000923871994,474200,0.0,0.0
2022-02-23 00:00:00+08:00,0.014999999664723873,0.014999999664723873,0.014999999664723873,0.014999999664723873,400000,0.0,0.0
2022-02-24 00:00:00+08:00,0.014999999664723873,0.017000000923871994,0.014999999664723873,0.01600000075995922,576400,0.0,0.0
2022-02-25 00:00:00+08:00,0.01600000075995922,0.017000000923871994,0.01600000075995922,0.01600000075995922,804700,0.0,0.0
2022-02-28 00:00:00+08:00,0.01600000075995922,0.01600000075995922,0.01600000075995922,0.01600000075995922,0,0.0,0.0
2022-03-01 00:00:00+08:00,0.017000000923871994,0.017999999225139618,0.014000000432133675,0.017999999225139618,159400,0.0,0.0
2022-03-02 00:00:00+08:00,0.017999999225139618,0.017999999225139618,0.017999999225139618,0.017999999225139618,0,0.0,0.0
2022-03-03 00:00:00+08:00,0.01600000075995922,0.017000000923871994,0.01600000075995922,0.017000000923871994,530000,0.0,0.0
2022-03-04 00:00:00+08:00,0.01600000075995922,0.01600000075995922,0.01600000075995922,0.01600000075995922,150000,0.0,0.0
2022-03-07 00:00:00+08:00,0.01600000075995922,0.017000000923871994,0.014999999664723873,0.017000000923871994,5101300,0.0,0.0
2022-03-08 00:00:00+08:00,0.017000000923871994,0.02199999988079071,0.01600000075995922,0.019999999552965164,46222000,0.0,0.0
2022-03-09 00:00:00+08:00,0.02199999988079071,0.02500000037252903,0.020999999716877937,0.02199999988079071,23569800,0.0,0.0
2022-03-10 00:00:00+08:00,0.019999999552965164,0.019999999552965164,0.01899999938905239,0.01899999938905239,18411100,0.0,0.0
2022-03-11 00:00:00+08:00,0.01899999938905239,0.019999999552965164,0.01899999938905239,0.01899999938905239,2495000,0.0,0.0
2022-03-14 00:00:00+08:00,0.017999999225139618,0.017999999225139618,0.01600000075995922,0.01600000075995922,4850600,0.0,0.0
2022-03-15 00:00:00+08:00,0.017000000923871994,0.017999999225139618,0.017000000923871994,0.017000000923871994,2429900,0.0,0.0
2022-03-16 00:00:00+08:00,0.017000000923871994,0.017000000923871994,0.017000000923871994,0.017000000923871994,1431900,0.0,0.0
2022-03-17 00:00:00+08:00,0.017999999225139618,0.01899999938905239,0.017999999225139618,0.017999999225139618,3619500,0.0,0.0
2022-03-18 00:00:00+08:00,0.019999999552965164,0.019999999552965164,0.017999999225139618,0.017999999225139618,1595000,0.0,0.0
2022-03-21 00:00:00+08:00,0.017999999225139618,0.01899999938905239,0.017999999225139618,0.01899999938905239,160000,0.0,0.0
2022-03-22 00:00:00+08:00,0.019999999552965164,0.019999999552965164,0.01899999938905239,0.01899999938905239,430000,0.0,0.0
2022-03-23 00:00:00+08:00,0.017999999225139618,0.01899999938905239,0.017999999225139618,0.01899999938905239,2588300,0.0,0.0
2022-03-24 00:00:00+08:00,0.01899999938905239,0.019999999552965164,0.017999999225139618,0.01899999938905239,2805800,0.0,0.0
2022-03-25 00:00:00+08:00,0.017999999225139618,0.01899999938905239,0.017999999225139618,0.017999999225139618,1296900,0.0,0.0
2022-03-28 00:00:00+08:00,0.017999999225139618,0.017999999225139618,0.017999999225139618,0.017999999225139618,360000,0.0,0.0
2022-03-29 00:00:00+08:00,0.017000000923871994,0.017999999225139618,0.017000000923871994,0.017999999225139618,1230800,0.0,0.0
2022-03-30 00:00:00+08:00,0.017999999225139618,0.017999999225139618,0.017000000923871994,0.017000000923871994,910000,0.0,0.0
2022-03-31 00:00:00+08:00,0.017000000923871994,0.017000000923871994,0.017000000923871994,0.017000000923871994,0,0.0,0.0
2022-04-01 00:00:00+08:00,0.017000000923871994,0.017000000923871994,0.017000000923871994,0.017000000923871994,0,0.0,0.0
2022-04-04 00:00:00+08:00,0.017999999225139618,0.02199999988079071,0.017999999225139618,0.01899999938905239,20729300,0.0,0.0
2022-04-05 00:00:00+08:00,0.019999999552965164,0.019999999552965164,0.01899999938905239,0.019999999552965164,961200,0.0,0.0
2022-04-06 00:00:00+08:00,0.019999999552965164,0.019999999552965164,0.019999999552965164,0.019999999552965164,0,0.0,0.0
2022-04-07 00:00:00+08:00,0.01899999938905239,0.01899999938905239,0.01899999938905239,0.01899999938905239,720200,0.0,0.0
2022-04-08 00:00:00+08:00,0.01899999938905239,0.01899999938905239,0.017999999225139618,0.017999999225139618,1932800,0.0,0.0
2022-04-11 00:00:00+08:00,0.017999999225139618,0.017999999225139618,0.017999999225139618,0.017999999225139618,2674200,0.0,0.0
2022-04-12 00:00:00+08:00,0.017999999225139618,0.017999999225139618,0.017999999225139618,0.017999999225139618,0,0.0,0.0
2022-04-13 00:00:00+08:00,0.01899999938905239,0.019999999552965164,0.01899999938905239,0.019999999552965164,3892600,0.0,0.0
2022-04-14 00:00:00+08:00,0.01899999938905239,0.019999999552965164,0.01899999938905239,0.019999999552965164,527900,0.0,0.0
2022-04-18 00:00:00+08:00,0.019999999552965164,0.020999999716877937,0.019999999552965164,0.019999999552965164,2778200,0.0,0.0
2022-04-19 00:00:00+08:00,0.019999999552965164,0.019999999552965164,0.01899999938905239,0.01899999938905239,832000,0.0,0.0
2022-04-20 00:00:00+08:00,0.01899999938905239,0.019999999552965164,0.01899999938905239,0.01899999938905239,1028900,0.0,0.0
2022-04-21 00:00:00+08:00,0.01899999938905239,0.01899999938905239,0.01899999938905239,0.01899999938905239,0,0.0,0.0
2022-04-22 00:00:00+08:00,0.017999999225139618,0.019999999552965164,0.017999999225139618,0.019999999552965164,2074800,0.0,0.0
2022-04-25 00:00:00+08:00,0.019999999552965164,0.019999999552965164,0.019999999552965164,0.019999999552965164,0,0.0,0.0
2022-04-26 00:00:00+08:00,0.01899999938905239,0.01899999938905239,0.017000000923871994,0.017000000923871994,457900,0.0,0.0
2022-04-27 00:00:00+08:00,0.017000000923871994,0.01899999938905239,0.017000000923871994,0.017999999225139618,1744700,0.0,0.0
2022-04-28 00:00:00+08:00,0.017999999225139618,0.01899999938905239,0.017000000923871994,0.01899999938905239,1465100,0.0,0.0
2022-04-29 00:00:00+08:00,0.01899999938905239,0.01899999938905239,0.017000000923871994,0.017000000923871994,2011400,0.0,0.0
2022-05-04 00:00:00+08:00,0.017000000923871994,0.017999999225139618,0.01600000075995922,0.017999999225139618,1136100,0.0,0.0
2022-05-05 00:00:00+08:00,0.017000000923871994,0.017000000923871994,0.017000000923871994,0.017000000923871994,800000,0.0,0.0
2022-05-06 00:00:00+08:00,0.017000000923871994,0.017000000923871994,0.017000000923871994,0.017000000923871994,112000,0.0,0.0
2022-05-09 00:00:00+08:00,0.017000000923871994,0.017999999225139618,0.017000000923871994,0.017999999225139618,2888200,0.0,0.0
2022-05-10 00:00:00+08:00,0.017000000923871994,0.017000000923871994,0.017000000923871994,0.017000000923871994,580000,0.0,0.0
2022-05-11 00:00:00+08:00,0.017000000923871994,0.017000000923871994,0.017000000923871994,0.017000000923871994,700000,0.0,0.0
2022-05-12 00:00:00+08:00,0.017000000923871994,0.017000000923871994,0.01600000075995922,0.01600000075995922,608300,0.0,0.0
2022-05-13 00:00:00+08:00,0.017000000923871994,0.017000000923871994,0.017000000923871994,0.017000000923871994,219200,0.0,0.0
2022-05-17 00:00:00+08:00,0.017999999225139618,0.017999999225139618,0.017999999225139618,0.017999999225139618,2500000,0.0,0.0
2022-05-18 00:00:00+08:00,0.017999999225139618,0.017999999225139618,0.017000000923871994,0.017000000923871994,205000,0.0,0.0
2022-05-19 00:00:00+08:00,0.017000000923871994,0.017000000923871994,0.017000000923871994,0.017000000923871994,600000,0.0,0.0
2022-05-20 00:00:00+08:00,0.017000000923871994,0.017000000923871994,0.017000000923871994,0.017000000923871994,0,0.0,0.0
2022-05-23 00:00:00+08:00,0.017999999225139618,0.020999999716877937,0.017999999225139618,0.01899999938905239,7141400,0.0,0.0
2022-05-24 00:00:00+08:00,0.017999999225139618,0.019999999552965164,0.017999999225139618,0.01899999938905239,709300,0.0,0.0
2022-05-25 00:00:00+08:00,0.017999999225139618,0.01899999938905239,0.017999999225139618,0.017999999225139618,1565700,0.0,0.0
2022-05-26 00:00:00+08:00,0.017999999225139618,0.01899999938905239,0.017999999225139618,0.01899999938905239,50400,0.0,0.0
2022-05-27 00:00:00+08:00,0.017999999225139618,0.017999999225139618,0.017999999225139618,0.017999999225139618,908300,0.0,0.0
2022-05-30 00:00:00+08:00,0.017000000923871994,0.019999999552965164,0.017000000923871994,0.01899999938905239,5619800,0.0,0.0
2022-05-31 00:00:00+08:00,0.01899999938905239,0.019999999552965164,0.017999999225139618,0.01899999938905239,1741600,0.0,0.0
2022-06-01 00:00:00+08:00,0.017999999225139618,0.017999999225139618,0.017999999225139618,0.017999999225139618,1042400,0.0,0.0
2022-06-02 00:00:00+08:00,0.017999999225139618,0.017999999225139618,0.017000000923871994,0.017999999225139618,314500,0.0,0.0
2022-06-03 00:00:00+08:00,0.017999999225139618,0.019999999552965164,0.017999999225139618,0.017999999225139618,561000,0.0,0.0
2022-06-06 00:00:00+08:00,0.017999999225139618,0.017999999225139618,0.017999999225139618,0.017999999225139618,371600,0.0,0.0
2022-06-07 00:00:00+08:00,0.017999999225139618,0.017999999225139618,0.017000000923871994,0.017999999225139618,1179900,0.0,0.0
2022-06-08 00:00:00+08:00,0.01899999938905239,0.01899999938905239,0.017999999225139618,0.017999999225139618,1488400,0.0,0.0
2022-06-09 00:00:00+08:00,0.017999999225139618,0.017999999225139618,0.017999999225139618,0.017999999225139618,0,0.0,0.0
2022-06-10 00:00:00+08:00,0.017999999225139618,0.017999999225139618,0.017999999225139618,0.017999999225139618,179500,0.0,0.0
2022-06-13 00:00:00+08:00,0.017999999225139618,0.017999999225139618,0.017999999225139618,0.017999999225139618,246100,0.0,0.0
2022-06-14 00:00:00+08:00,0.017000000923871994,0.017000000923871994,0.017000000923871994,0.017000000923871994,700000,0.0,0.0
2022-06-15 00:00:00+08:00,0.017999999225139618,0.01899999938905239,0.017999999225139618,0.017999999225139618,1200000,0.0,0.0
2022-06-16 00:00:00+08:00,0.017999999225139618,0.017999999225139618,0.017999999225139618,0.017999999225139618,0,0.0,0.0
2022-06-17 00:00:00+08:00,0.017000000923871994,0.017000000923871994,0.017000000923871994,0.017000000923871994,8300,0.0,0.0
2022-06-20 00:00:00+08:00,0.017000000923871994,0.017000000923871994,0.017000000923871994,0.017000000923871994,0,0.0,0.0
2022-06-21 00:00:00+08:00,0.017999999225139618,0.01899999938905239,0.017999999225139618,0.01899999938905239,600100,0.0,0.0
2022-06-22 00:00:00+08:00,0.017000000923871994,0.017999999225139618,0.017000000923871994,0.017999999225139618,1200100,0.0,0.0
2022-06-23 00:00:00+08:00,0.017000000923871994,0.017000000923871994,0.01600000075995922,0.017000000923871994,472000,0.0,0.0
2022-06-24 00:00:00+08:00,0.01600000075995922,0.017999999225139618,0.01600000075995922,0.017999999225139618,69900,0.0,0.0
2022-06-27 00:00:00+08:00,0.017000000923871994,0.017999999225139618,0.017000000923871994,0.017999999225139618,4679300,0.0,0.0
2022-06-28 00:00:00+08:00,0.01899999938905239,0.01899999938905239,0.017999999225139618,0.017999999225139618,2905800,0.0,0.0
2022-06-29 00:00:00+08:00,0.017000000923871994,0.017000000923871994,0.017000000923871994,0.017000000923871994,1801400,0.0,0.0
2022-06-30 00:00:00+08:00,0.017000000923871994,0.017000000923871994,0.017000000923871994,0.017000000923871994,0,0.0,0.0
2022-07-01 00:00:00+08:00,0.017000000923871994,0.017000000923871994,0.01600000075995922,0.017000000923871994,1194000,0.0,0.0
2022-07-04 00:00:00+08:00,0.01600000075995922,0.017000000923871994,0.01600000075995922,0.01600000075995922,1705900,0.0,0.0
2022-07-05 00:00:00+08:00,0.01600000075995922,0.01600000075995922,0.01600000075995922,0.01600000075995922,400000,0.0,0.0
2022-07-06 00:00:00+08:00,0.01600000075995922,0.01600000075995922,0.01600000075995922,0.01600000075995922,371600,0.0,0.0
2022-07-07 00:00:00+08:00,0.01600000075995922,0.01600000075995922,0.01600000075995922,0.01600000075995922,400,0.0,0.0
2022-07-08 00:00:00+08:00,0.014999999664723873,0.014999999664723873,0.014999999664723873,0.014999999664723873,681700,0.0,0.0
2022-07-12 00:00:00+08:00,0.014999999664723873,0.01600000075995922,0.014999999664723873,0.01600000075995922,210000,0.0,0.0
2022-07-13 00:00:00+08:00,0.014999999664723873,0.01600000075995922,0.014999999664723873,0.01600000075995922,870600,0.0,0.0
2022-07-14 00:00:00+08:00,0.01600000075995922,0.01600000075995922,0.01600000075995922,0.01600000075995922,0,0.0,0.0
2022-07-15 00:00:00+08:00,0.01600000075995922,0.017000000923871994,0.01600000075995922,0.01600000075995922,646200,0.0,0.0
2022-07-18 00:00:00+08:00,0.01600000075995922,0.01600000075995922,0.01600000075995922,0.01600000075995922,0,0.0,0.0
2022-07-19 00:00:00+08:00,0.014999999664723873,0.01600000075995922,0.014999999664723873,0.01600000075995922,610000,0.0,0.0
2022-07-20 00:00:00+08:00,0.01600000075995922,0.01600000075995922,0.01600000075995922,0.01600000075995922,0,0.0,0.0
2022-07-21 00:00:00+08:00,0.014999999664723873,0.014999999664723873,0.014999999664723873,0.014999999664723873,360000,0.0,0.0
2022-07-22 00:00:00+08:00,0.01600000075995922,0.01600000075995922,0.014999999664723873,0.014999999664723873,50000,0.0,0.0
2022-07-25 00:00:00+08:00,0.01600000075995922,0.017000000923871994,0.01600000075995922,0.01600000075995922,1049600,0.0,0.0
2022-07-26 00:00:00+08:00,0.01600000075995922,0.01600000075995922,0.01600000075995922,0.01600000075995922,0,0.0,0.0
2022-07-27 00:00:00+08:00,0.014999999664723873,0.014999999664723873,0.014999999664723873,0.014999999664723873,6527700,0.0,0.0
2022-07-28 00:00:00+08:00,0.01600000075995922,0.01600000075995922,0.014999999664723873,0.014999999664723873,4196800,0.0,0.0
2022-07-29 00:00:00+08:00,0.014999999664723873,0.014999999664723873,0.014999999664723873,0.014999999664723873,400000,0.0,0.0
2022-08-01 00:00:00+08:00,0.014999999664723873,0.014999999664723873,0.014999999664723873,0.014999999664723873,578300,0.0,0.0
2022-08-02 00:00:00+08:00,0.014999999664723873,0.01600000075995922,0.014999999664723873,0.014999999664723873,832000,0.0,0.0
2022-08-03 00:00:00+08:00,0.014999999664723873,0.014999999664723873,0.014000000432133675,0.014999999664723873,1456000,0.0,0.0
2022-08-04 00:00:00+08:00,0.014000000432133675,0.014000000432133675,0.014000000432133675,0.014000000432133675,120000,0.0,0.0
2022-08-05 00:00:00+08:00,0.014999999664723873,0.01600000075995922,0.014999999664723873,0.014999999664723873,715000,0.0,0.0
2022-08-08 00:00:00+08:00,0.014999999664723873,0.014999999664723873,0.014999999664723873,0.014999999664723873,100500,0.0,0.0
2022-08-10 00:00:00+08:00,0.014999999664723873,0.014999999664723873,0.014000000432133675,0.014000000432133675,87900,0.0,0.0
2022-08-11 00:00:00+08:00,0.014999999664723873,0.01600000075995922,0.014999999664723873,0.014999999664723873,7689600,0.0,0.0
2022-08-12 00:00:00+08:00,0.01600000075995922,0.017000000923871994,0.014999999664723873,0.014999999664723873,1135100,0.0,0.0
2022-08-15 00:00:00+08:00,0.014999999664723873,0.01600000075995922,0.014999999664723873,0.014999999664723873,5093100,0.0,0.0
2022-08-16 00:00:00+08:00,0.014999999664723873,0.014999999664723873,0.014999999664723873,0.014999999664723873,800000,0.0,0.0
2022-08-17 00:00:00+08:00,0.014999999664723873,0.014999999664723873,0.014999999664723873,0.014999999664723873,967000,0.0,0.0
2022-08-18 00:00:00+08:00,0.014999999664723873,0.01600000075995922,0.014999999664723873,0.01600000075995922,1788700,0.0,0.0
2022-08-19 00:00:00+08:00,0.01600000075995922,0.01600000075995922,0.01600000075995922,0.01600000075995922,0,0.0,0.0
2022-08-22 00:00:00+08:00,0.017000000923871994,0.017999999225139618,0.017000000923871994,0.017999999225139618,3579700,0.0,0.0
2022-08-23 00:00:00+08:00,0.017999999225139618,0.017999999225139618,0.017000000923871994,0.017000000923871994,550300,0.0,0.0
2022-08-24 00:00:00+08:00,0.017000000923871994,0.017000000923871994,0.017000000923871994,0.017000000923871994,350000,0.0,0.0
2022-08-25 00:00:00+08:00,0.017000000923871994,0.017999999225139618,0.017000000923871994,0.017999999225139618,190100,0.0,0.0
2022-08-26 00:00:00+08:00,0.017000000923871994,0.017000000923871994,0.01600000075995922,0.017000000923871994,1271300,0.0,0.0
2022-08-29 00:00:00+08:00,0.017999999225139618,0.017999999225139618,0.017999999225139618,0.017999999225139618,600000,0.0,0.0
2022-08-30 00:00:00+08:00,0.017999999225139618,0.017999999225139618,0.017999999225139618,0.017999999225139618,0,0.0,0.0
2022-08-31 00:00:00+08:00,0.017999999225139618,0.01899999938905239,0.017999999225139618,0.01899999938905239,806500,0.0,0.0
2022-09-01 00:00:00+08:00,0.01899999938905239,0.01899999938905239,0.01899999938905239,0.01899999938905239,0,0.0,0.0
2022-09-02 00:00:00+08:00,0.01899999938905239,0.01899999938905239,0.01899999938905239,0.01899999938905239,0,0.0,0.0
2022-09-05 00:00:00+08:00,0.01899999938905239,0.01899999938905239,0.01899999938905239,0.01899999938905239,0,0.0,0.0
2022-09-06 00:00:00+08:00,0.017000000923871994,0.017999999225139618,0.017000000923871994,0.017000000923871994,403000,0.0,0.0
2022-09-07 00:00:00+08:00,0.01600000075995922,0.01600000075995922,0.01600000075995922,0.01600000075995922,97100,0.0,0.0
2022-09-08 00:00:00+08:00,0.01600000075995922,0.01600000075995922,0.01600000075995922,0.01600000075995922,0,0.0,0.0
2022-09-09 00:00:00+08:00,0.01600000075995922,0.01600000075995922,0.01600000075995922,0.01600000075995922,100000,0.0,0.0
2022-09-12 00:00:00+08:00,0.01600000075995922,0.01600000075995922,0.01600000075995922,0.01600000075995922,83300,0.0,0.0
2022-09-13 00:00:00+08:00,0.01600000075995922,0.01600000075995922,0.01600000075995922,0.01600000075995922,645000,0.0,0.0
2022-09-14 00:00:00+08:00,0.017000000923871994,0.017000000923871994,0.017000000923871994,0.017000000923871994,452200,0.0,0.0
2022-09-15 00:00:00+08:00,0.017999999225139618,0.017999999225139618,0.017999999225139618,0.017999999225139618,178000,0.0,0.0
2022-09-16 00:00:00+08:00,0.017999999225139618,0.017999999225139618,0.017000000923871994,0.017000000923871994,75000,0.0,0.0
2022-09-19 00:00:00+08:00,0.017000000923871994,0.017000000923871994,0.017000000923871994,0.017000000923871994,75000,0.0,0.0
2022-09-20 00:00:00+08:00,0.017000000923871994,0.017000000923871994,0.017000000923871994,0.017000000923871994,0,0.0,0.0
2022-09-21 00:00:00+08:00,0.017999999225139618,0.01899999938905239,0.017999999225139618,0.017999999225139618,200000,0.0,0.0
2022-09-22 00:00:00+08:00,0.017999999225139618,0.01899999938905239,0.017999999225139618,0.01899999938905239,1267000,0.0,0.0
2022-09-23 00:00:00+08:00,0.017999999225139618,0.017999999225139618,0.017999999225139618,0.017999999225139618,450000,0.0,0.0
2022-09-26 00:00:00+08:00,0.017999999225139618,0.017999999225139618,0.017000000923871994,0.017000000923871994,160000,0.0,0.0
2022-09-27 00:00:00+08:00,0.017000000923871994,0.017000000923871994,0.017000000923871994,0.017000000923871994,0,0.0,0.0
2022-09-28 00:00:00+08:00,0.017000000923871994,0.017000000923871994,0.01600000075995922,0.01600000075995922,400000,0.0,0.0
2022-09-29 00:00:00+08:00,0.01600000075995922,0.01600000075995922,0.01600000075995922,0.01600000075995922,0,0.0,0.0
2022-09-30 00:00:00+08:00,0.01600000075995922,0.01600000075995922,0.01600000075995922,0.01600000075995922,0,0.0,0.0
2022-10-03 00:00:00+08:00,0.01600000075995922,0.01600000075995922,0.01600000075995922,0.01600000075995922,0,0.0,0.0
2022-10-04 00:00:00+08:00,0.014999999664723873,0.014999999664723873,0.014999999664723873,0.014999999664723873,16600,0.0,0.0
2022-10-05 00:00:00+08:00,0.014999999664723873,0.014999999664723873,0.014999999664723873,0.014999999664723873,0,0.0,0.0
2022-10-06 00:00:00+08:00,0.014999999664723873,0.014999999664723873,0.014999999664723873,0.014999999664723873,0,0.0,0.0
2022-10-07 00:00:00+08:00,0.017000000923871994,0.017000000923871994,0.017000000923871994,0.017000000923871994,200000,0.0,0.0
2022-10-10 00:00:00+08:00,0.017000000923871994,0.017000000923871994,0.017000000923871994,0.017000000923871994,0,0.0,0.0
2022-10-11 00:00:00+08:00,0.017000000923871994,0.017000000923871994,0.017000000923871994,0.017000000923871994,0,0.0,0.0
2022-10-12 00:00:00+08:00,0.017000000923871994,0.017000000923871994,0.017000000923871994,0.017000000923871994,0,0.0,0.0
2022-10-13 00:00:00+08:00,0.017000000923871994,0.017000000923871994,0.017000000923871994,0.017000000923871994,0,0.0,0.0
2022-10-14 00:00:00+08:00,0.017000000923871994,0.017000000923871994,0.017000000923871994,0.017000000923871994,0,0.0,0.0
2022-10-17 00:00:00+08:00,0.017000000923871994,0.017000000923871994,0.017000000923871994,0.017000000923871994,0,0.0,0.0
2022-10-18 00:00:00+08:00,0.017000000923871994,0.017000000923871994,0.017000000923871994,0.017000000923871994,560600,0.0,0.0
2022-10-19 00:00:00+08:00,0.017000000923871994,0.017000000923871994,0.017000000923871994,0.017000000923871994,0,0.0,0.0
2022-10-20 00:00:00+08:00,0.017000000923871994,0.017999999225139618,0.017000000923871994,0.017999999225139618,1370000,0.0,0.0
2022-10-21 00:00:00+08:00,0.017000000923871994,0.017000000923871994,0.017000000923871994,0.017000000923871994,200000,0.0,0.0
2022-10-25 00:00:00+08:00,0.017000000923871994,0.017000000923871994,0.017000000923871994,0.017000000923871994,200000,0.0,0.0
2022-10-26 00:00:00+08:00,0.017999999225139618,0.01899999938905239,0.017999999225139618,0.01899999938905239,2104300,0.0,0.0
2022-10-27 00:00:00+08:00,0.01899999938905239,0.01899999938905239,0.01899999938905239,0.01899999938905239,50000,0.0,0.0
2022-10-28 00:00:00+08:00,0.017000000923871994,0.017000000923871994,0.01600000075995922,0.01600000075995922,210000,0.0,0.0
2022-10-31 00:00:00+08:00,0.017999999225139618,0.017999999225139618,0.017999999225139618,0.017999999225139618,897900,0.0,0.0
2022-11-01 00:00:00+08:00,0.017999999225139618,0.017999999225139618,0.017999999225139618,0.017999999225139618,0,0.0,0.0
2022-11-02 00:00:00+08:00,0.017999999225139618,0.01899999938905239,0.017999999225139618,0.01899999938905239,1855900,0.0,0.0
2022-11-03 00:00:00+08:00,0.01899999938905239,0.019999999552965164,0.01899999938905239,0.019999999552965164,5232500,0.0,0.0
2022-11-04 00:00:00+08:00,0.01899999938905239,0.01899999938905239,0.01899999938905239,0.01899999938905239,2500000,0.0,0.0
2022-11-07 00:00:00+08:00,0.017999999225139618,0.01899999938905239,0.017999999225139618,0.01899999938905239,1780600,0.0,0.0
2022-11-08 00:00:00+08:00,0.01899999938905239,0.01899999938905239,0.01899999938905239,0.01899999938905239,465000,0.0,0.0
2022-11-09 00:00:00+08:00,0.01899999938905239,0.01899999938905239,0.01899999938905239,0.01899999938905239,1030000,0.0,0.0
2022-11-10 00:00:00+08:00,0.019999999552965164,0.019999999552965164,0.019999999552965164,0.019999999552965164,500000,0.0,0.0
2022-11-11 00:00:00+08:00,0.019999999552965164,0.019999999552965164,0.01899999938905239,0.019999999552965164,1194000,0.0,0.0
2022-11-14 00:00:00+08:00,0.01899999938905239,0.01899999938905239,0.01899999938905239,0.01899999938905239,100000,0.0,0.0
2022-11-15 00:00:00+08:00,0.01899999938905239,0.019999999552965164,0.01899999938905239,0.019999999552965164,189000,0.0,0.0
2022-11-16 00:00:00+08:00,0.019999999552965164,0.019999999552965164,0.019999999552965164,0.019999999552965164,0,0.0,0.0
2022-11-17 00:00:00+08:00,0.01899999938905239,0.019999999552965164,0.01899999938905239,0.01899999938905239,301000,0.0,0.0
2022-11-18 00:00:00+08:00,0.019999999552965164,0.019999999552965164,0.01899999938905239,0.019999999552965164,153000,0.0,0.0
2022-11-21 00:00:00+08:00,0.019999999552965164,0.019999999552965164,0.01899999938905239,0.01899999938905239,350600,0.0,0.0
2022-11-22 00:00:00+08:00,0.01899999938905239,0.01899999938905239,0.01899999938905239,0.01899999938905239,283000,0.0,0.0
2022-11-23 00:00:00+08:00,0.01899999938905239,0.019999999552965164,0.017999999225139618,0.017999999225139618,337600,0.0,0.0
2022-11-24 00:00:00+08:00,0.01899999938905239,0.01899999938905239,0.01899999938905239,0.01899999938905239,133000,0.0,0.0
2022-11-25 00:00:00+08:00,0.017999999225139618,0.01899999938905239,0.017999999225139618,0.017999999225139618,96000,0.0,0.0
2022-11-28 00:00:00+08:00,0.01899999938905239,0.02199999988079071,0.01899999938905239,0.02199999988079071,5169700,0.0,0.0
2022-11-29 00:00:00+08:00,0.020999999716877937,0.02199999988079071,0.020999999716877937,0.020999999716877937,920500,0.0,0.0
2022-11-30 00:00:00+08:00,0.020999999716877937,0.024000000208616257,0.020999999716877937,0.023000000044703484,6174100,0.0,0.0
2022-12-01 00:00:00+08:00,0.023000000044703484,0.02500000037252903,0.02199999988079071,0.023000000044703484,7144100,0.0,0.0
2022-12-02 00:00:00+08:00,0.024000000208616257,0.024000000208616257,0.02199999988079071,0.02199999988079071,1341900,0.0,0.0
2022-12-05 00:00:00+08:00,0.02199999988079071,0.02199999988079071,0.019999999552965164,0.020999999716877937,2778500,0.0,0.0
2022-12-06 00:00:00+08:00,0.020999999716877937,0.02199999988079071,0.020999999716877937,0.02199999988079071,1012000,0.0,0.0
2022-12-07 00:00:00+08:00,0.020999999716877937,0.02199999988079071,0.020999999716877937,0.02199999988079071,3200000,0.0,0.0
2022-12-08 00:00:00+08:00,0.02199999988079071,0.02199999988079071,0.020999999716877937,0.020999999716877937,1847100,0.0,0.0
2022-12-09 00:00:00+08:00,0.020999999716877937,0.02199999988079071,0.020999999716877937,0.02199999988079071,867900,0.0,0.0
2022-12-12 00:00:00+08:00,0.02199999988079071,0.023000000044703484,0.02199999988079071,0.023000000044703484,746200,0.0,0.0
2022-12-13 00:00:00+08:00,0.02199999988079071,0.023000000044703484,0.02199999988079071,0.023000000044703484,1091000,0.0,0.0
2022-12-14 00:00:00+08:00,0.02199999988079071,0.02199999988079071,0.02199999988079071,0.02199999988079071,505000,0.0,0.0
2022-12-15 00:00:00+08:00,0.023000000044703484,0.023000000044703484,0.02199999988079071,0.023000000044703484,958100,0.0,0.0
2022-12-16 00:00:00+08:00,0.023000000044703484,0.023000000044703484,0.02199999988079071,0.023000000044703484,499200,0.0,0.0
2022-12-19 00:00:00+08:00,0.020999999716877937,0.020999999716877937,0.020999999716877937,0.020999999716877937,900000,0.0,0.0
2022-12-20 00:00:00+08:00,0.020999999716877937,0.020999999716877937,0.020999999716877937,0.020999999716877937,0,0.0,0.0
2022-12-21 00:00:00+08:00,0.020999999716877937,0.023000000044703484,0.020999999716877937,0.023000000044703484,9085100,0.0,0.0
2022-12-22 00:00:00+08:00,0.023000000044703484,0.024000000208616257,0.023000000044703484,0.024000000208616257,2745000,0.0,0.0
2022-12-23 00:00:00+08:00,0.023000000044703484,0.024000000208616257,0.02199999988079071,0.023000000044703484,1832700,0.0,0.0
2022-12-27 00:00:00+08:00,0.02199999988079071,0.023000000044703484,0.020999999716877937,0.023000000044703484,1512700,0.0,0.0
2022-12-28 00:00:00+08:00,0.02199999988079071,0.023000000044703484,0.02199999988079071,0.02199999988079071,6926600,0.0,0.0
2022-12-29 00:00:00+08:00,0.02199999988079071,0.023000000044703484,0.02199999988079071,0.023000000044703484,2836700,0.0,0.0
2022-12-30 00:00:00+08:00,0.023000000044703484,0.023000000044703484,0.020999999716877937,0.020999999716877937,2359300,0.0,0.0
2023-01-03 00:00:00+08:00,0.020999999716877937,0.023000000044703484,0.020999999716877937,0.02199999988079071,4065500,0.0,0.0
2023-01-04 00:00:00+08:00,0.02199999988079071,0.02199999988079071,0.01899999938905239,0.019999999552965164,4122600,0.0,0.0
2023-01-05 00:00:00+08:00,0.019999999552965164,0.019999999552965164,0.017999999225139618,0.017999999225139618,1550100,0.0,0.0
2023-01-06 00:00:00+08:00,0.017999999225139618,0.019999999552965164,0.017999999225139618,0.017999999225139618,4658300,0.0,0.0
2023-01-09 00:00:00+08:00,0.017999999225139618,0.01899999938905239,0.017999999225139618,0.017999999225139618,1671700,0.0,0.0
2023-01-10 00:00:00+08:00,0.017999999225139618,0.017999999225139618,0.017999999225139618,0.017999999225139618,1160000,0.0,0.0
2023-01-11 00:00:00+08:00,0.01899999938905239,0.019999999552965164,0.01899999938905239,0.019999999552965164,3895000,0.0,0.0
2023-01-12 00:00:00+08:00,0.019999999552965164,0.019999999552965164,0.019999999552965164,0.019999999552965164,1380100,0.0,0.0
2023-01-13 00:00:00+08:00,0.020999999716877937,0.020999999716877937,0.020999999716877937,0.020999999716877937,820000,0.0,0.0
2023-01-16 00:00:00+08:00,0.02199999988079071,0.024000000208616257,0.02199999988079071,0.023000000044703484,5324100,0.0,0.0
2023-01-17 00:00:00+08:00,0.024000000208616257,0.024000000208616257,0.02199999988079071,0.02199999988079071,879400,0.0,0.0
2023-01-18 00:00:00+08:00,0.02199999988079071,0.02199999988079071,0.020999999716877937,0.020999999716877937,600000,0.0,0.0
2023-01-19 00:00:00+08:00,0.02199999988079071,0.02199999988079071,0.02199999988079071,0.02199999988079071,200000,0.0,0.0
2023-01-20 00:00:00+08:00,0.02199999988079071,0.02199999988079071,0.02199999988079071,0.02199999988079071,1469700,0.0,0.0
2023-01-25 00:00:00+08:00,0.023000000044703484,0.023000000044703484,0.023000000044703484,0.023000000044703484,1798800,0.0,0.0
2023-01-26 00:00:00+08:00,0.023000000044703484,0.023000000044703484,0.023000000044703484,0.023000000044703484,455000,0.0,0.0
2023-01-27 00:00:00+08:00,0.023000000044703484,0.023000000044703484,0.023000000044703484,0.023000000044703484,200000,0.0,0.0
2023-01-30 00:00:00+08:00,0.02199999988079071,0.024000000208616257,0.020999999716877937,0.023000000044703484,1026600,0.0,0.0
2023-01-31 00:00:00+08:00,0.023000000044703484,0.023000000044703484,0.023000000044703484,0.023000000044703484,0,0.0,0.0
2023-02-01 00:00:00+08:00,0.020999999716877937,0.023000000044703484,0.019999999552965164,0.023000000044703484,1001200,0.0,0.0
2023-02-02 00:00:00+08:00,0.023000000044703484,0.024000000208616257,0.02199999988079071,0.02199999988079071,958700,0.0,0.0
2023-02-03 00:00:00+08:00,0.024000000208616257,0.024000000208616257,0.023000000044703484,0.023000000044703484,626000,0.0,0.0
2023-02-06 00:00:00+08:00,0.02199999988079071,0.023000000044703484,0.02199999988079071,0.023000000044703484,1300000,0.0,0.0
2023-02-07 00:00:00+08:00,0.023000000044703484,0.023000000044703484,0.023000000044703484,0.023000000044703484,1135000,0.0,0.0
2023-02-08 00:00:00+08:00,0.023000000044703484,0.023000000044703484,0.023000000044703484,0.023000000044703484,850000,0.0,0.0
2023-02-09 00:00:00+08:00,0.023000000044703484,0.023000000044703484,0.023000000044703484,0.023000000044703484,647800,0.0,0.0
2023-02-10 00:00:00+08:00,0.023000000044703484,0.023000000044703484,0.023000000044703484,0.023000000044703484,0,0.0,0.0
2023-02-13 00:00:00+08:00,0.023000000044703484,0.023000000044703484,0.02199999988079071,0.023000000044703484,921800,0.0,0.0
2023-02-14 00:00:00+08:00,0.023000000044703484,0.023000000044703484,0.02199999988079071,0.02199999988079071,600200,0.0,0.0
2023-02-15 00:00:00+08:00,0.02199999988079071,0.02199999988079071,0.02199999988079071,0.02199999988079071,459000,0.0,0.0
2023-02-16 00:00:00+08:00,0.02199999988079071,0.023000000044703484,0.02199999988079071,0.023000000044703484,844800,0.0,0.0
2023-02-17 00:00:00+08:00,0.02199999988079071,0.024000000208616257,0.02199999988079071,0.024000000208616257,365800,0.0,0.0
2023-02-20 00:00:00+08:00,0.024000000208616257,0.024000000208616257,0.024000000208616257,0.024000000208616257,0,0.0,0.0
2023-02-21 00:00:00+08:00,0.024000000208616257,0.024000000208616257,0.024000000208616257,0.024000000208616257,0,0.0,0.0
2023-02-22 00:00:00+08:00,0.02199999988079071,0.02199999988079071,0.02199999988079071,0.02199999988079071,700000,0.0,0.0
2023-02-23 00:00:00+08:00,0.020999999716877937,0.020999999716877937,0.020999999716877937,0.020999999716877937,700000,0.0,0.0
2023-02-24 00:00:00+08:00,0.020999999716877937,0.020999999716877937,0.020999999716877937,0.020999999716877937,0,0.0,0.0
2023-02-27 00:00:00+08:00,0.020999999716877937,0.020999999716877937,0.020999999716877937,0.020999999716877937,50500,0.0,0.0
2023-02-28 00:00:00+08:00,0.020999999716877937,0.020999999716877937,0.020999999716877937,0.020999999716877937,0,0.0,0.0
2023-03-01 00:00:00+08:00,0.020999999716877937,0.023000000044703484,0.020999999716877937,0.023000000044703484,123000,0.0,0.0
2023-03-02 00:00:00+08:00,0.01899999938905239,0.020999999716877937,0.01899999938905239,0.019999999552965164,927300,0.0,0.0
2023-03-03 00:00:00+08:00,0.019999999552965164,0.020999999716877937,0.019999999552965164,0.020999999716877937,201700,0.0,0.0
2023-03-06 00:00:00+08:00,0.019999999552965164,0.019999999552965164,0.019999999552965164,0.019999999552965164,400000,0.0,0.0
2023-03-07 00:00:00+08:00,0.019999999552965164,0.019999999552965164,0.019999999552965164,0.019999999552965164,300000,0.0,0.0
2023-03-08 00:00:00+08:00,0.019999999552965164,0.019999999552965164,0.019999999552965164,0.019999999552965164,0,0.0,0.0
2023-03-09 00:00:00+08:00,0.019999999552965164,0.019999999552965164,0.019999999552965164,0.019999999552965164,656500,0.0,0.0
2023-03-10 00:00:00+08:00,0.019999999552965164,0.024000000208616257,0.019999999552965164,0.023000000044703484,1386700,0.0,0.0
2023-03-13 00:00:00+08:00,0.02199999988079071,0.02199999988079071,0.02199999988079071,0.02199999988079071,914500,0.0,0.0
2023-03-14 00:00:00+08:00,0.020999999716877937,0.02199999988079071,0.020999999716877937,0.02199999988079071,120000,0.0,0.0
2023-03-15 00:00:00+08:00,0.02199999988079071,0.02199999988079071,0.02199999988079071,0.02199999988079071,20300,0.0,0.0
2023-03-16 00:00:00+08:00,0.02199999988079071,0.02199999988079071,0.02199999988079071,0.02199999988079071,0,0.0,0.0
2023-03-17 00:00:00+08:00,0.020999999716877937,0.020999999716877937,0.020999999716877937,0.020999999716877937,300000,0.0,0.0
2023-03-20 00:00:00+08:00,0.023000000044703484,0.023000000044703484,0.02199999988079071,0.023000000044703484,2284700,0.0,0.0
2023-03-21 00:00:00+08:00,0.02199999988079071,0.02199999988079071,0.02199999988079071,0.02199999988079071,200000,0.0,0.0
2023-03-22 00:00:00+08:00,0.02199999988079071,0.02199999988079071,0.02199999988079071,0.02199999988079071,200000,0.0,0.0
2023-03-23 00:00:00+08:00,0.02199999988079071,0.02199999988079071,0.02199999988079071,0.02199999988079071,0,0.0,0.0
2023-03-24 00:00:00+08:00,0.02199999988079071,0.023000000044703484,0.02199999988079071,0.023000000044703484,760000,0.0,0.0
2023-03-27 00:00:00+08:00,0.02199999988079071,0.024000000208616257,0.02199999988079071,0.024000000208616257,901000,0.0,0.0
2023-03-28 00:00:00+08:00,0.023000000044703484,0.023000000044703484,0.023000000044703484,0.023000000044703484,1133600,0.0,0.0
2023-03-29 00:00:00+08:00,0.023000000044703484,0.024000000208616257,0.023000000044703484,0.024000000208616257,1614300,0.0,0.0
2023-03-30 00:00:00+08:00,0.023000000044703484,0.024000000208616257,0.023000000044703484,0.024000000208616257,2068200,0.0,0.0
2023-03-31 00:00:00+08:00,0.024000000208616257,0.026000000536441803,0.024000000208616257,0.026000000536441803,2952900,0.0,0.0
2023-04-03 00:00:00+08:00,0.027000000700354576,0.027000000700354576,0.024000000208616257,0.024000000208616257,2178200,0.0,0.0
2023-04-04 00:00:00+08:00,0.02500000037252903,0.02500000037252903,0.02500000037252903,0.02500000037252903,240000,0.0,0.0
2023-04-05 00:00:00+08:00,0.026000000536441803,0.027000000700354576,0.026000000536441803,0.027000000700354576,3907500,0.0,0.0
2023-04-06 00:00:00+08:00,0.026000000536441803,0.026000000536441803,0.026000000536441803,0.026000000536441803,970300,0.0,0.0
2023-04-10 00:00:00+08:00,0.026000000536441803,0.027000000700354576,0.026000000536441803,0.026000000536441803,1041000,0.0,0.0
2023-04-11 00:00:00+08:00,0.02500000037252903,0.02500000037252903,0.02500000037252903,0.02500000037252903,350100,0.0,0.0
2023-04-12 00:00:00+08:00,0.02500000037252903,0.026000000536441803,0.024000000208616257,0.026000000536441803,1768400,0.0,0.0
2023-04-13 00:00:00+08:00,0.02500000037252903,0.02500000037252903,0.02500000037252903,0.02500000037252903,234900,0.0,0.0
2023-04-14 00:00:00+08:00,0.026000000536441803,0.027000000700354576,0.02500000037252903,0.027000000700354576,5351400,0.0,0.0
2023-04-17 00:00:00+08:00,0.027000000700354576,0.027000000700354576,0.027000000700354576,0.027000000700354576,0,0.0,0.0
2023-04-18 00:00:00+08:00,0.02500000037252903,0.02500000037252903,0.024000000208616257,0.024000000208616257,941700,0.0,0.0
2023-04-19 00:00:00+08:00,0.024000000208616257,0.024000000208616257,0.024000000208616257,0.024000000208616257,100,0.0,0.0
2023-04-20 00:00:00+08:00,0.02500000037252903,0.026000000536441803,0.024000000208616257,0.026000000536441803,1219500,0.0,0.0
2023-04-21 00:00:00+08:00,0.02500000037252903,0.02500000037252903,0.024000000208616257,0.02500000037252903,1720000,0.0,0.0
2023-04-24 00:00:00+08:00,0.02500000037252903,0.02500000037252903,0.02500000037252903,0.02500000037252903,561000,0.0,0.0
2023-04-25 00:00:00+08:00,0.02500000037252903,0.026000000536441803,0.024000000208616257,0.024000000208616257,474300,0.0,0.0
2023-04-26 00:00:00+08:00,0.024000000208616257,0.024000000208616257,0.024000000208616257,0.024000000208616257,0,0.0,0.0
2023-04-27 00:00:00+08:00,0.024000000208616257,0.02500000037252903,0.024000000208616257,0.02500000037252903,701000,0.0,0.0
2023-04-28 00:00:00+08:00,0.024000000208616257,0.024000000208616257,0.024000000208616257,0.024000000208616257,380000,0.0,0.0
2023-05-02 00:00:00+08:00,0.024000000208616257,0.02500000037252903,0.023000000044703484,0.02500000037252903,433200,0.0,0.0
2023-05-03 00:00:00+08:00,0.02500000037252903,0.02500000037252903,0.024000000208616257,0.02500000037252903,751200,0.0,0.0
2023-05-04 00:00:00+08:00,0.02500000037252903,0.026000000536441803,0.02500000037252903,0.026000000536441803,100000,0.0,0.0
2023-05-05 00:00:00+08:00,0.026000000536441803,0.026000000536441803,0.026000000536441803,0.026000000536441803,0,0.0,0.0
2023-05-08 00:00:00+08:00,0.024000000208616257,0.026000000536441803,0.024000000208616257,0.026000000536441803,200,0.0,0.0
2023-05-09 00:00:00+08:00,0.02500000037252903,0.02500000037252903,0.024000000208616257,0.02500000037252903,330300,0.0,0.0
2023-05-10 00:00:00+08:00,0.02500000037252903,0.02500000037252903,0.02500000037252903,0.02500000037252903,0,0.0,0.0
2023-05-11 00:00:00+08:00,0.023000000044703484,0.02500000037252903,0.023000000044703484,0.02500000037252903,1603300,0.0,0.0
2023-05-12 00:00:00+08:00,0.020999999716877937,0.02199999988079071,0.020999999716877937,0.02199999988079071,600000,0.0,0.0
2023-05-15 00:00:00+08:00,0.02199999988079071,0.02199999988079071,0.02199999988079071,0.02199999988079071,0,0.0,0.0
2023-05-16 00:00:00+08:00,0.02199999988079071,0.02199999988079071,0.02199999988079071,0.02199999988079071,0,0.0,0.0
2023-05-17 00:00:00+08:00,0.02199999988079071,0.02199999988079071,0.020999999716877937,0.02199999988079071,612500,0.0,0.0
2023-05-18 00:00:00+08:00,0.02199999988079071,0.02199999988079071,0.02199999988079071,0.02199999988079071,99900,0.0,0.0
2023-05-19 00:00:00+08:00,0.023000000044703484,0.023000000044703484,0.023000000044703484,0.023000000044703484,852300,0.0,0.0
2023-05-22 00:00:00+08:00,0.023000000044703484,0.023000000044703484,0.019999999552965164,0.019999999552965164,320100,0.0,0.0
2023-05-23 00:00:00+08:00,0.019999999552965164,0.019999999552965164,0.019999999552965164,0.019999999552965164,250000,0.0,0.0
2023-05-24 00:00:00+08:00,0.019999999552965164,0.019999999552965164,0.019999999552965164,0.019999999552965164,99900,0.0,0.0
2023-05-25 00:00:00+08:00,0.019999999552965164,0.02199999988079071,0.019999999552965164,0.020999999716877937,393400,0.0,0.0
2023-05-26 00:00:00+08:00,0.020999999716877937,0.020999999716877937,0.020999999716877937,0.020999999716877937,0,0.0,0.0
2023-05-29 00:00:00+08:00,0.023000000044703484,0.023000000044703484,0.023000000044703484,0.023000000044703484,852300,0.0,0.0
2023-05-30 00:00:00+08:00,0.023000000044703484,0.023000000044703484,0.023000000044703484,0.023000000044703484,0,0.0,0.0
2023-05-31 00:00:00+08:00,0.019999999552965164,0.019999999552965164,0.019999999552965164,0.019999999552965164,475900,0.0,0.0
2023-06-01 00:00:00+08:00,0.020999999716877937,0.020999999716877937,0.019999999552965164,0.019999999552965164,182000,0.0,0.0
2023-06-05 00:00:00+08:00,0.019999999552965164,0.019999999552965164,0.019999999552965164,0.019999999552965164,0,0.0,0.0
2023-06-06 00:00:00+08:00,0.020999999716877937,0.020999999716877937,0.020999999716877937,0.020999999716877937,298000,0.0,0.0
2023-06-07 00:00:00+08:00,0.019999999552965164,0.019999999552965164,0.019999999552965164,0.019999999552965164,300000,0.0,0.0
2023-06-08 00:00:00+08:00,0.019999999552965164,0.019999999552965164,0.019999999552965164,0.019999999552965164,0,0.0,0.0
2023-06-09 00:00:00+08:00,0.019999999552965164,0.019999999552965164,0.019999999552965164,0.019999999552965164,0,0.0,0.0
2023-06-12 00:00:00+08:00,0.019999999552965164,0.019999999552965164,0.019999999552965164,0.019999999552965164,0,0.0,0.0
2023-06-13 00:00:00+08:00,0.026000000536441803,0.026000000536441803,0.019999999552965164,0.020999999716877937,24794200,0.0,0.0
2023-06-14 00:00:00+08:00,0.019999999552965164,0.019999999552965164,0.019999999552965164,0.019999999552965164,2429800,0.0,0.0
2023-06-15 00:00:00+08:00,0.019999999552965164,0.019999999552965164,0.01899999938905239,0.01899999938905239,1372600,0.0,0.0
2023-06-16 00:00:00+08:00,0.01899999938905239,0.01899999938905239,0.01899999938905239,0.01899999938905239,1237000,0.0,0.0
2023-06-19 00:00:00+08:00,0.01899999938905239,0.019999999552965164,0.01899999938905239,0.01899999938905239,6360200,0.0,0.0
2023-06-20 00:00:00+08:00,0.019999999552965164,0.019999999552965164,0.01899999938905239,0.019999999552965164,2586700,0.0,0.0
2023-06-21 00:00:00+08:00,0.01899999938905239,0.019999999552965164,0.017999999225139618,0.019999999552965164,6415000,0.0,0.0
2023-06-22 00:00:00+08:00,0.019999999552965164,0.019999999552965164,0.019999999552965164,0.019999999552965164,0,0.0,0.0
2023-06-23 00:00:00+08:00,0.019999999552965164,0.020999999716877937,0.017000000923871994,0.017999999225139618,22465800,0.0,0.0
2023-06-26 00:00:00+08:00,0.017999999225139618,0.017999999225139618,0.017999999225139618,0.017999999225139618,957500,0.0,0.0
2023-06-27 00:00:00+08:00,0.017999999225139618,0.01899999938905239,0.017999999225139618,0.01899999938905239,502700,0.0,0.0
2023-06-28 00:00:00+08:00,0.01899999938905239,0.01899999938905239,0.017000000923871994,0.017000000923871994,2831400,0.0,0.0
2023-06-30 00:00:00+08:00,0.01600000075995922,0.017000000923871994,0.014000000432133675,0.014999999664723873,22948200,0.0,0.0
2023-07-03 00:00:00+08:00,0.014999999664723873,0.014999999664723873,0.014999999664723873,0.014999999664723873,0,0.0,0.0
2023-07-04 00:00:00+08:00,0.014999999664723873,0.014999999664723873,0.014999999664723873,0.014999999664723873,0,0.0,0.0
2023-07-05 00:00:00+08:00,0.014999999664723873,0.014999999664723873,0.014999999664723873,0.014999999664723873,0,0.0,0.0
2023-07-06 00:00:00+08:00,0.009999999776482582,0.009999999776482582,0.006000000052154064,0.007000000216066837,51686900,0.0,0.0
2023-07-07 00:00:00+08:00,0.007000000216066837,0.007000000216066837,0.006000000052154064,0.007000000216066837,4389400,0.0,0.0
2023-07-10 00:00:00+08:00,0.00800000037997961,0.00800000037997961,0.007000000216066837,0.007000000216066837,1520000,0.0,0.0
2023-07-11 00:00:00+08:00,0.007000000216066837,0.008999999612569809,0.007000000216066837,0.00800000037997961,7782300,0.0,0.0
2023-07-12 00:00:00+08:00,0.00800000037997961,0.00800000037997961,0.00800000037997961,0.00800000037997961,1301000,0.0,0.0
2023-07-13 00:00:00+08:00,0.00800000037997961,0.00800000037997961,0.00800000037997961,0.00800000037997961,0,0.0,0.0
2023-07-14 00:00:00+08:00,0.00800000037997961,0.00800000037997961,0.00800000037997961,0.00800000037997961,4987300,0.0,0.0
2023-07-17 00:00:00+08:00,0.00800000037997961,0.008999999612569809,0.00800000037997961,0.008999999612569809,905000,0.0,0.0
2023-07-18 00:00:00+08:00,0.008999999612569809,0.008999999612569809,0.008999999612569809,0.008999999612569809,0,0.0,0.0
2023-07-19 00:00:00+08:00,0.00800000037997961,0.00800000037997961,0.00800000037997961,0.00800000037997961,1267800,0.0,0.0
2023-07-20 00:00:00+08:00,0.00800000037997961,0.00800000037997961,0.00800000037997961,0.00800000037997961,312200,0.0,0.0
2023-07-21 00:00:00+08:00,0.00800000037997961,0.00800000037997961,0.00800000037997961,0.00800000037997961,0,0.0,0.0
2023-07-24 00:00:00+08:00,0.007000000216066837,0.007000000216066837,0.007000000216066837,0.007000000216066837,1821400,0.0,0.0
2023-07-25 00:00:00+08:00,0.007000000216066837,0.007000000216066837,0.007000000216066837,0.007000000216066837,3713900,0.0,0.0
2023-07-26 00:00:00+08:00,0.007000000216066837,0.007000000216066837,0.007000000216066837,0.007000000216066837,0,0.0,0.0
2023-07-27 00:00:00+08:00,0.00800000037997961,0.00800000037997961,0.007000000216066837,0.007000000216066837,428800,0.0,0.0
2023-07-28 00:00:00+08:00,0.007000000216066837,0.007000000216066837,0.007000000216066837,0.007000000216066837,0,0.0,0.0
2023-07-31 00:00:00+08:00,0.007000000216066837,0.007000000216066837,0.007000000216066837,0.007000000216066837,0,0.0,0.0
2023-08-01 00:00:00+08:00,0.007000000216066837,0.007000000216066837,0.007000000216066837,0.007000000216066837,1250000,0.0,0.0
2023-08-02 00:00:00+08:00,0.007000000216066837,0.007000000216066837,0.007000000216066837,0.007000000216066837,0,0.0,0.0
2023-08-03 00:00:00+08:00,0.007000000216066837,0.007000000216066837,0.007000000216066837,0.007000000216066837,300000,0.0,0.0
2023-08-04 00:00:00+08:00,0.007000000216066837,0.007000000216066837,0.007000000216066837,0.007000000216066837,0,0.0,0.0
2023-08-07 00:00:00+08:00,0.007000000216066837,0.007000000216066837,0.007000000216066837,0.007000000216066837,0,0.0,0.0
2023-08-08 00:00:00+08:00,0.007000000216066837,0.007000000216066837,0.007000000216066837,0.007000000216066837,0,0.0,0.0
2023-08-10 00:00:00+08:00,0.007000000216066837,0.007000000216066837,0.007000000216066837,0.007000000216066837,0,0.0,0.0
2023-08-11 00:00:00+08:00,0.007000000216066837,0.007000000216066837,0.007000000216066837,0.007000000216066837,0,0.0,0.0
2023-08-14 00:00:00+08:00,0.007000000216066837,0.007000000216066837,0.007000000216066837,0.007000000216066837,875100,0.0,0.0
2023-08-15 00:00:00+08:00,0.007000000216066837,0.007000000216066837,0.007000000216066837,0.007000000216066837,0,0.0,0.0
2023-08-16 00:00:00+08:00,0.007000000216066837,0.007000000216066837,0.007000000216066837,0.007000000216066837,210000,0.0,0.0
2023-08-17 00:00:00+08:00,0.007000000216066837,0.007000000216066837,0.007000000216066837,0.007000000216066837,0,0.0,0.0
2023-08-18 00:00:00+08:00,0.007000000216066837,0.007000000216066837,0.007000000216066837,0.007000000216066837,0,0.0,0.0
2023-08-21 00:00:00+08:00,0.007000000216066837,0.007000000216066837,0.007000000216066837,0.007000000216066837,1000000,0.0,0.0
2023-08-22 00:00:00+08:00,0.007000000216066837,0.007000000216066837,0.007000000216066837,0.007000000216066837,0,0.0,0.0
2023-08-23 00:00:00+08:00,0.007000000216066837,0.007000000216066837,0.007000000216066837,0.007000000216066837,0,0.0,0.0
2023-08-24 00:00:00+08:00,0.007000000216066837,0.007000000216066837,0.007000000216066837,0.007000000216066837,0,0.0,0.0
2023-08-25 00:00:00+08:00,0.007000000216066837,0.007000000216066837,0.007000000216066837,0.007000000216066837,0,0.0,0.0
2023-08-28 00:00:00+08:00,0.007000000216066837,0.007000000216066837,0.007000000216066837,0.007000000216066837,1110000,0.0,0.0
2023-08-29 00:00:00+08:00,0.007000000216066837,0.00800000037997961,0.007000000216066837,0.00800000037997961,1352000,0.0,0.0
2023-08-30 00:00:00+08:00,0.00800000037997961,0.00800000037997961,0.00800000037997961,0.00800000037997961,0,0.0,0.0
2023-08-31 00:00:00+08:00,0.00800000037997961,0.00800000037997961,0.00800000037997961,0.00800000037997961,0,0.0,0.0
2023-09-04 00:00:00+08:00,0.00800000037997961,0.00800000037997961,0.00800000037997961,0.00800000037997961,2000000,0.0,0.0
2023-09-05 00:00:00+08:00,0.00800000037997961,0.009999999776482582,0.00800000037997961,0.009999999776482582,9586600,0.0,0.0
2023-09-06 00:00:00+08:00,0.009999999776482582,0.009999999776482582,0.008999999612569809,0.008999999612569809,8396000,0.0,0.0
2023-09-07 00:00:00+08:00,0.008999999612569809,0.008999999612569809,0.008999999612569809,0.008999999612569809,1500000,0.0,0.0
2023-09-08 00:00:00+08:00,0.008999999612569809,0.010999999940395355,0.008999999612569809,0.009999999776482582,10568000,0.0,0.0
2023-09-11 00:00:00+08:00,0.009999999776482582,0.010999999940395355,0.009999999776482582,0.009999999776482582,5760100,0.0,0.0
2023-09-12 00:00:00+08:00,0.009999999776482582,0.009999999776482582,0.009999999776482582,0.009999999776482582,750000,0.0,0.0
2023-09-13 00:00:00+08:00,0.009999999776482582,0.009999999776482582,0.009999999776482582,0.009999999776482582,2880100,0.0,0.0
2023-09-14 00:00:00+08:00,0.010999999940395355,0.010999999940395355,0.009999999776482582,0.009999999776482582,406900,0.0,0.0
2023-09-15 00:00:00+08:00,0.009999999776482582,0.012000000104308128,0.009999999776482582,0.010999999940395355,4450000,0.0,0.0
2023-09-18 00:00:00+08:00,0.010999999940395355,0.010999999940395355,0.010999999940395355,0.010999999940395355,981200,0.0,0.0
2023-09-19 00:00:00+08:00,0.010999999940395355,0.010999999940395355,0.010999999940395355,0.010999999940395355,580000,0.0,0.0
2023-09-20 00:00:00+08:00,0.010999999940395355,0.012000000104308128,0.010999999940395355,0.010999999940395355,6163800,0.0,0.0
2023-09-21 00:00:00+08:00,0.010999999940395355,0.010999999940395355,0.010999999940395355,0.010999999940395355,6448200,0.0,0.0
2023-09-22 00:00:00+08:00,0.009999999776482582,0.009999999776482582,0.009999999776482582,0.009999999776482582,1540400,0.0,0.0
2023-09-25 00:00:00+08:00,0.009999999776482582,0.009999999776482582,0.009999999776482582,0.009999999776482582,0,0.0,0.0
2023-09-26 00:00:00+08:00,0.009999999776482582,0.009999999776482582,0.009999999776482582,0.009999999776482582,1302000,0.0,0.0
2023-09-27 00:00:00+08:00,0.009999999776482582,0.009999999776482582,0.009999999776482582,0.009999999776482582,2500000,0.0,0.0
2023-09-28 00:00:00+08:00,0.009999999776482582,0.009999999776482582,0.009999999776482582,0.009999999776482582,1000500,0.0,0.0
2023-09-29 00:00:00+08:00,0.009999999776482582,0.009999999776482582,0.009999999776482582,0.009999999776482582,0,0.0,0.0
2023-10-02 00:00:00+08:00,0.009999999776482582,0.009999999776482582,0.009999999776482582,0.009999999776482582,0,0.0,0.0
2023-10-03 00:00:00+08:00,0.009999999776482582,0.009999999776482582,0.009999999776482582,0.009999999776482582,700000,0.0,0.0
2023-10-04 00:00:00+08:00,0.009999999776482582,0.009999999776482582,0.009999999776482582,0.009999999776482582,0,0.0,0.0
2023-10-05 00:00:00+08:00,0.009999999776482582,0.009999999776482582,0.009999999776482582,0.009999999776482582,0,0.0,0.0
2023-10-06 00:00:00+08:00,0.010999999940395355,0.010999999940395355,0.009999999776482582,0.009999999776482582,8186300,0.0,0.0
2023-10-09 00:00:00+08:00,0.010999999940395355,0.010999999940395355,0.010999999940395355,0.010999999940395355,1863500,0.0,0.0
2023-10-10 00:00:00+08:00,0.010999999940395355,0.010999999940395355,0.009999999776482582,0.010999999940395355,1546100,0.0,0.0
2023-10-11 00:00:00+08:00,0.010999999940395355,0.010999999940395355,0.010999999940395355,0.010999999940395355,0,0.0,0.0
2023-10-12 00:00:00+08:00,0.010999999940395355,0.010999999940395355,0.010999999940395355,0.010999999940395355,0,0.0,0.0
2023-10-13 00:00:00+08:00,0.010999999940395355,0.010999999940395355,0.010999999940395355,0.010999999940395355,0,0.0,0.0
2023-10-16 00:00:00+08:00,0.012000000104308128,0.012000000104308128,0.010999999940395355,0.012000000104308128,4252700,0.0,0.0
2023-10-17 00:00:00+08:00,0.012000000104308128,0.012000000104308128,0.010999999940395355,0.010999999940395355,220100,0.0,0.0
2023-10-18 00:00:00+08:00,0.010999999940395355,0.010999999940395355,0.010999999940395355,0.010999999940395355,500,0.0,0.0
2023-10-19 00:00:00+08:00,0.010999999940395355,0.010999999940395355,0.010999999940395355,0.010999999940395355,1271600,0.0,0.0
2023-10-20 00:00:00+08:00,0.010999999940395355,0.010999999940395355,0.010999999940395355,0.010999999940395355,500000,0.0,0.0
2023-10-23 00:00:00+08:00,0.010999999940395355,0.010999999940395355,0.010999999940395355,0.010999999940395355,0,0.0,0.0
2023-10-24 00:00:00+08:00,0.009999999776482582,0.012000000104308128,0.009999999776482582,0.012000000104308128,2700000,0.0,0.0
2023-10-25 00:00:00+08:00,0.013000000268220901,0.013000000268220901,0.012000000104308128,0.013000000268220901,4922400,0.0,0.0
2023-10-26 00:00:00+08:00,0.013000000268220901,0.013000000268220901,0.013000000268220901,0.013000000268220901,0,0.0,0.0
2023-10-27 00:00:00+08:00,0.013000000268220901,0.014000000432133675,0.013000000268220901,0.013000000268220901,991100,0.0,0.0
2023-10-30 00:00:00+08:00,0.014999999664723873,0.014999999664723873,0.014999999664723873,0.014999999664723873,50000,0.0,0.0
2023-10-31 00:00:00+08:00,0.014999999664723873,0.014999999664723873,0.014999999664723873,0.014999999664723873,156000,0.0,0.0
2023-11-01 00:00:00+08:00,0.014000000432133675,0.014000000432133675,0.014000000432133675,0.014000000432133675,280000,0.0,0.0
2023-11-02 00:00:00+08:00,0.014999999664723873,0.017000000923871994,0.014999999664723873,0.01600000075995922,3951100,0.0,0.0
2023-11-03 00:00:00+08:00,0.01600000075995922,0.01600000075995922,0.01600000075995922,0.01600000075995922,372000,0.0,0.0
2023-11-06 00:00:00+08:00,0.01600000075995922,0.01600000075995922,0.01600000075995922,0.01600000075995922,125000,0.0,0.0
2023-11-07 00:00:00+08:00,0.01600000075995922,0.01600000075995922,0.01600000075995922,0.01600000075995922,0,0.0,0.0
2023-11-08 00:00:00+08:00,0.01600000075995922,0.01600000075995922,0.01600000075995922,0.01600000075995922,0,0.0,0.0
2023-11-09 00:00:00+08:00,0.01600000075995922,0.01600000075995922,0.01600000075995922,0.01600000075995922,0,0.0,0.0
2023-11-10 00:00:00+08:00,0.01600000075995922,0.01600000075995922,0.01600000075995922,0.01600000075995922,0,0.0,0.0
2023-11-14 00:00:00+08:00,0.01600000075995922,0.01600000075995922,0.01600000075995922,0.01600000075995922,0,0.0,0.0
2023-11-15 00:00:00+08:00,0.017000000923871994,0.01899999938905239,0.017000000923871994,0.017999999225139618,4604600,0.0,0.0
2023-11-16 00:00:00+08:00,0.017999999225139618,0.017999999225139618,0.017000000923871994,0.017000000923871994,5406900,0.0,0.0
2023-11-17 00:00:00+08:00,0.017999999225139618,0.017999999225139618,0.017999999225139618,0.017999999225139618,136900,0.0,0.0
2023-11-20 00:00:00+08:00,0.017999999225139618,0.017999999225139618,0.017999999225139618,0.017999999225139618,0,0.0,0.0
2023-11-21 00:00:00+08:00,0.017999999225139618,0.017999999225139618,0.017999999225139618,0.017999999225139618,0,0.0,0.0
2023-11-22 00:00:00+08:00,0.017999999225139618,0.017999999225139618,0.017999999225139618,0.017999999225139618,0,0.0,0.0
2023-11-23 00:00:00+08:00,0.017999999225139618,0.017999999225139618,0.017999999225139618,0.017999999225139618,0,0.0,0.0
2023-11-24 00:00:00+08:00,0.01899999938905239,0.01899999938905239,0.017999999225139618,0.017999999225139618,1038200,0.0,0.0
2023-11-27 00:00:00+08:00,0.017999999225139618,0.017999999225139618,0.017999999225139618,0.017999999225139618,100000,0.0,0.0
2023-11-28 00:00:00+08:00,0.019999999552965164,0.019999999552965164,0.01899999938905239,0.019999999552965164,2700000,0.0,0.0
2023-11-29 00:00:00+08:00,0.020999999716877937,0.02199999988079071,0.020999999716877937,0.020999999716877937,2395900,0.0,0.0
2023-11-30 00:00:00+08:00,0.020999999716877937,0.024000000208616257,0.020999999716877937,0.02199999988079071,3951300,0.0,0.0
2023-12-01 00:00:00+08:00,0.020999999716877937,0.020999999716877937,0.020999999716877937,0.020999999716877937,200000,0.0,0.0
2023-12-04 00:00:00+08:00,0.020999999716877937,0.020999999716877937,0.020999999716877937,0.020999999716877937,200000,0.0,0.0
2023-12-05 00:00:00+08:00,0.023000000044703484,0.023000000044703484,0.019999999552965164,0.019999999552965164,1100,0.0,0.0
2023-12-06 00:00:00+08:00,0.019999999552965164,0.019999999552965164,0.019999999552965164,0.019999999552965164,3300,0.0,0.0
2023-12-07 00:00:00+08:00,0.019999999552965164,0.019999999552965164,0.019999999552965164,0.019999999552965164,20000,0.0,0.0
2023-12-08 00:00:00+08:00,0.019999999552965164,0.019999999552965164,0.019999999552965164,0.019999999552965164,0,0.0,0.0
2023-12-11 00:00:00+08:00,0.019999999552965164,0.019999999552965164,0.019999999552965164,0.019999999552965164,0,0.0,0.0
2023-12-12 00:00:00+08:00,0.019999999552965164,0.019999999552965164,0.019999999552965164,0.019999999552965164,0,0.0,0.0
2023-12-13 00:00:00+08:00,0.019999999552965164,0.019999999552965164,0.019999999552965164,0.019999999552965164,0,0.0,0.0
2023-12-14 00:00:00+08:00,0.019999999552965164,0.019999999552965164,0.019999999552965164,0.019999999552965164,0,0.0,0.0
2023-12-15 00:00:00+08:00,0.019999999552965164,0.019999999552965164,0.019999999552965164,0.019999999552965164,0,0.0,0.0
2023-12-18 00:00:00+08:00,0.020999999716877937,0.020999999716877937,0.020999999716877937,0.020999999716877937,19200,0.0,0.0
2023-12-19 00:00:00+08:00,0.020999999716877937,0.020999999716877937,0.020999999716877937,0.020999999716877937,266600,0.0,0.0
2023-12-20 00:00:00+08:00,0.020999999716877937,0.020999999716877937,0.020999999716877937,0.020999999716877937,113500,0.0,0.0
2023-12-21 00:00:00+08:00,0.020999999716877937,0.020999999716877937,0.020999999716877937,0.020999999716877937,0,0.0,0.0
2023-12-22 00:00:00+08:00,0.020999999716877937,0.020999999716877937,0.020999999716877937,0.020999999716877937,0,0.0,0.0
2023-12-26 00:00:00+08:00,0.020999999716877937,0.020999999716877937,0.020999999716877937,0.020999999716877937,0,0.0,0.0
2023-12-27 00:00:00+08:00,0.020999999716877937,0.020999999716877937,0.020999999716877937,0.020999999716877937,0,0.0,0.0
2023-12-28 00:00:00+08:00,0.020999999716877937,0.02199999988079071,0.020999999716877937,0.020999999716877937,350000,0.0,0.0
2023-12-29 00:00:00+08:00,0.020999999716877937,0.020999999716877937,0.020999999716877937,0.020999999716877937,0,0.0,0.0
2024-01-02 00:00:00+08:00,0.019999999552965164,0.02199999988079071,0.01899999938905239,0.02199999988079071,63900,0.0,0.0
2024-01-03 00:00:00+08:00,0.017999999225139618,0.020999999716877937,0.017999999225139618,0.020999999716877937,445100,0.0,0.0
2024-01-04 00:00:00+08:00,0.020999999716877937,0.020999999716877937,0.020999999716877937,0.020999999716877937,0,0.0,0.0
2024-01-05 00:00:00+08:00,0.017000000923871994,0.017000000923871994,0.017000000923871994,0.017000000923871994,4100,0.0,0.0
2024-01-08 00:00:00+08:00,0.017000000923871994,0.017000000923871994,0.017000000923871994,0.017000000923871994,100,0.0,0.0
2024-01-09 00:00:00+08:00,0.017000000923871994,0.017000000923871994,0.017000000923871994,0.017000000923871994,0,0.0,0.0
2024-01-10 00:00:00+08:00,0.017000000923871994,0.017000000923871994,0.017000000923871994,0.017000000923871994,0,0.0,0.0
2024-01-11 00:00:00+08:00,0.017000000923871994,0.017000000923871994,0.017000000923871994,0.017000000923871994,0,0.0,0.0
2024-01-12 00:00:00+08:00,0.017000000923871994,0.017000000923871994,0.017000000923871994,0.017000000923871994,0,0.0,0.0
2024-01-15 00:00:00+08:00,0.017000000923871994,0.017000000923871994,0.017000000923871994,0.017000000923871994,0,0.0,0.0
2024-01-16 00:00:00+08:00,0.017000000923871994,0.017000000923871994,0.017000000923871994,0.017000000923871994,0,0.0,0.0
2024-01-17 00:00:00+08:00,0.017000000923871994,0.017000000923871994,0.017000000923871994,0.017000000923871994,0,0.0,0.0
2024-01-18 00:00:00+08:00,0.017000000923871994,0.017000000923871994,0.017000000923871994,0.017000000923871994,0,0.0,0.0
2024-01-19 00:00:00+08:00,0.017000000923871994,0.017000000923871994,0.017000000923871994,0.017000000923871994,0,0.0,0.0
2024-01-22 00:00:00+08:00,0.017000000923871994,0.017000000923871994,0.017000000923871994,0.017000000923871994,0,0.0,0.0
2024-01-23 00:00:00+08:00,0.017000000923871994,0.017000000923871994,0.017000000923871994,0.017000000923871994,0,0.0,0.0
2024-01-24 00:00:00+08:00,0.020999999716877937,0.020999999716877937,0.017999999225139618,0.019999999552965164,399200,0.0,0.0
2024-01-25 00:00:00+08:00,0.017000000923871994,0.01899999938905239,0.017000000923871994,0.01899999938905239,256000,0.0,0.0
2024-01-26 00:00:00+08:00,0.01899999938905239,0.01899999938905239,0.01899999938905239,0.01899999938905239,0,0.0,0.0
2024-01-29 00:00:00+08:00,0.01899999938905239,0.01899999938905239,0.01899999938905239,0.01899999938905239,0,0.0,0.0
2024-01-30 00:00:00+08:00,0.01899999938905239,0.01899999938905239,0.01899999938905239,0.01899999938905239,21000,0.0,0.0
2024-01-31 00:00:00+08:00,0.017000000923871994,0.01899999938905239,0.017000000923871994,0.01899999938905239,362200,0.0,0.0
2024-02-01 00:00:00+08:00,0.01899999938905239,0.01899999938905239,0.01899999938905239,0.01899999938905239,0,0.0,0.0
2024-02-02 00:00:00+08:00,0.017999999225139618,0.017999999225139618,0.017999999225139618,0.017999999225139618,23600,0.0,0.0
2024-02-05 00:00:00+08:00,0.017999999225139618,0.01899999938905239,0.017000000923871994,0.01899999938905239,834700,0.0,0.0
2024-02-06 00:00:00+08:00,0.01899999938905239,0.01899999938905239,0.01899999938905239,0.01899999938905239,0,0.0,0.0
2024-02-07 00:00:00+08:00,0.017999999225139618,0.017999999225139618,0.017999999225139618,0.017999999225139618,118800,0.0,0.0
2024-02-08 00:00:00+08:00,0.017999999225139618,0.017999999225139618,0.017999999225139618,0.017999999225139618,0,0.0,0.0
2024-02-09 00:00:00+08:00,0.017999999225139618,0.017999999225139618,0.017999999225139618,0.017999999225139618,0,0.0,0.0
2024-02-13 00:00:00+08:00,0.017999999225139618,0.017999999225139618,0.017999999225139618,0.017999999225139618,200000,0.0,0.0
2024-02-14 00:00:00+08:00,0.017999999225139618,0.017999999225139618,0.017000000923871994,0.017999999225139618,1023300,0.0,0.0
2024-02-15 00:00:00+08:00,0.017999999225139618,0.01899999938905239,0.017999999225139618,0.01899999938905239,671400,0.0,0.0
2024-02-16 00:00:00+08:00,0.01899999938905239,0.01899999938905239,0.01899999938905239,0.01899999938905239,0,0.0,0.0
2024-02-19 00:00:00+08:00,0.01899999938905239,0.01899999938905239,0.01899999938905239,0.01899999938905239,0,0.0,0.0
2024-02-20 00:00:00+08:00,0.01899999938905239,0.01899999938905239,0.01899999938905239,0.01899999938905239,0,0.0,0.0
2024-02-21 00:00:00+08:00,0.01899999938905239,0.01899999938905239,0.01899999938905239,0.01899999938905239,0,0.0,0.0
2024-02-22 00:00:00+08:00,0.01899999938905239,0.01899999938905239,0.01899999938905239,0.01899999938905239,0,0.0,0.0
2024-02-23 00:00:00+08:00,0.01899999938905239,0.01899999938905239,0.01899999938905239,0.01899999938905239,0,0.0,0.0
2024-02-26 00:00:00+08:00,0.017000000923871994,0.017999999225139618,0.017000000923871994,0.017999999225139618,3740000,0.0,0.0
2024-02-27 00:00:00+08:00,0.017999999225139618,0.02199999988079071,0.017999999225139618,0.019999999552965164,176400,0.0,0.0
2024-02-28 00:00:00+08:00,0.019999999552965164,0.019999999552965164,0.019999999552965164,0.019999999552965164,0,0.0,0.0
2024-02-29 00:00:00+08:00,0.017000000923871994,0.017000000923871994,0.017000000923871994,0.017000000923871994,171300,0.0,0.0
2024-03-01 00:00:00+08:00,0.01899999938905239,0.01899999938905239,0.01899999938905239,0.01899999938905239,171300,0.0,0.0
2024-03-04 00:00:00+08:00,0.020999999716877937,0.020999999716877937,0.020999999716877937,0.020999999716877937,15000,0.0,0.0
2024-03-05 00:00:00+08:00,0.017999999225139618,0.01899999938905239,0.017000000923871994,0.01899999938905239,1028700,0.0,0.0
2024-03-06 00:00:00+08:00,0.01899999938905239,0.01899999938905239,0.01899999938905239,0.01899999938905239,0,0.0,0.0
2024-03-07 00:00:00+08:00,0.01899999938905239,0.01899999938905239,0.01899999938905239,0.01899999938905239,0,0.0,0.0
2024-03-08 00:00:00+08:00,0.01899999938905239,0.01899999938905239,0.01899999938905239,0.01899999938905239,0,0.0,0.0
2024-03-11 00:00:00+08:00,0.01899999938905239,0.01899999938905239,0.01899999938905239,0.01899999938905239,400000,0.0,0.0
2024-03-12 00:00:00+08:00,0.019999999552965164,0.019999999552965164,0.019999999552965164,0.019999999552965164,283200,0.0,0.0
2024-03-13 00:00:00+08:00,0.01899999938905239,0.020999999716877937,0.01899999938905239,0.020999999716877937,910000,0.0,0.0
2024-03-14 00:00:00+08:00,0.020999999716877937,0.020999999716877937,0.020999999716877937,0.020999999716877937,0,0.0,0.0
2024-03-15 00:00:00+08:00,0.020999999716877937,0.020999999716877937,0.019999999552965164,0.019999999552965164,1106200,0.0,0.0
2024-03-18 00:00:00+08:00,0.01899999938905239,0.019999999552965164,0.01899999938905239,0.019999999552965164,720100,0.0,0.0
2024-03-19 00:00:00+08:00,0.019999999552965164,0.019999999552965164,0.01899999938905239,0.01899999938905239,4089300,0.0,0.0
2024-03-20 00:00:00+08:00,0.01899999938905239,0.019999999552965164,0.01899999938905239,0.019999999552965164,1700000,0.0,0.0
2024-03-21 00:00:00+08:00,0.019999999552965164,0.019999999552965164,0.019999999552965164,0.019999999552965164,500000,0.0,0.0
2024-03-22 00:00:00+08:00,0.019999999552965164,0.019999999552965164,0.01899999938905239,0.01899999938905239,900300,0.0,0.0
2024-03-25 00:00:00+08:00,0.01899999938905239,0.01899999938905239,0.01899999938905239,0.01899999938905239,0,0.0,0.0
2024-03-26 00:00:00+08:00,0.01899999938905239,0.01899999938905239,0.01899999938905239,0.01899999938905239,2800,0.0,0.0
2024-03-27 00:00:00+08:00,0.01899999938905239,0.01899999938905239,0.01899999938905239,0.01899999938905239,0,0.0,0.0
2024-03-28 00:00:00+08:00,0.01899999938905239,0.01899999938905239,0.01899999938905239,0.01899999938905239,133000,0.0,0.0
2024-04-01 00:00:00+08:00,0.019999999552965164,0.023000000044703484,0.01899999938905239,0.02199999988079071,515100,0.0,0.0
2024-04-02 00:00:00+08:00,0.02199999988079071,0.02199999988079071,0.01899999938905239,0.019999999552965164,300700,0.0,0.0
2024-04-03 00:00:00+08:00,0.01899999938905239,0.019999999552965164,0.01899999938905239,0.019999999552965164,134400,0.0,0.0
2024-04-04 00:00:00+08:00,0.020999999716877937,0.020999999716877937,0.020999999716877937,0.020999999716877937,100000,0.0,0.0
2024-04-05 00:00:00+08:00,0.020999999716877937,0.020999999716877937,0.020999999716877937,0.020999999716877937,0,0.0,0.0
2024-04-08 00:00:00+08:00,0.019999999552965164,0.019999999552965164,0.019999999552965164,0.019999999552965164,650000,0.0,0.0
2024-04-09 00:00:00+08:00,0.017999999225139618,0.019999999552965164,0.017000000923871994,0.017000000923871994,6295300,0.0,0.0
2024-04-11 00:00:00+08:00,0.017999999225139618,0.017999999225139618,0.017000000923871994,0.017000000923871994,1220000,0.0,0.0
2024-04-12 00:00:00+08:00,0.017000000923871994,0.017000000923871994,0.017000000923871994,0.017000000923871994,0,0.0,0.0
2024-04-15 00:00:00+08:00,0.01600000075995922,0.01600000075995922,0.013000000268220901,0.014000000432133675,2175800,0.0,0.0
2024-04-16 00:00:00+08:00,0.014000000432133675,0.014999999664723873,0.014000000432133675,0.014999999664723873,351000,0.0,0.0
2024-04-17 00:00:00+08:00,0.014999999664723873,0.014999999664723873,0.012000000104308128,0.012000000104308128,2708000,0.0,0.0
2024-04-18 00:00:00+08:00,0.014999999664723873,0.014999999664723873,0.014999999664723873,0.014999999664723873,30000,0.0,0.0
2024-04-19 00:00:00+08:00,0.012000000104308128,0.014000000432133675,0.012000000104308128,0.014000000432133675,270000,0.0,0.0
2024-04-22 00:00:00+08:00,0.013000000268220901,0.013000000268220901,0.013000000268220901,0.013000000268220901,61500,0.0,0.0
2024-04-23 00:00:00+08:00,0.012000000104308128,0.013000000268220901,0.012000000104308128,0.013000000268220901,499500,0.0,0.0
2024-04-24 00:00:00+08:00,0.014000000432133675,0.014000000432133675,0.014000000432133675,0.014000000432133675,758000,0.0,0.0
2024-04-25 00:00:00+08:00,0.014000000432133675,0.014999999664723873,0.014000000432133675,0.014999999664723873,110000,0.0,0.0
2024-04-26 00:00:00+08:00,0.014999999664723873,0.014999999664723873,0.014999999664723873,0.014999999664723873,0,0.0,0.0
2024-04-29 00:00:00+08:00,0.014999999664723873,0.014999999664723873,0.012000000104308128,0.013000000268220901,2723000,0.0,0.0
2024-04-30 00:00:00+08:00,0.013000000268220901,0.013000000268220901,0.010999999940395355,0.012000000104308128,2226000,0.0,0.0
2024-05-02 00:00:00+08:00,0.012000000104308128,0.012000000104308128,0.012000000104308128,0.012000000104308128,0,0.0,0.0
2024-05-03 00:00:00+08:00,0.010999999940395355,0.010999999940395355,0.010999999940395355,0.010999999940395355,1189300,0.0,0.0
2024-05-06 00:00:00+08:00,0.010999999940395355,0.010999999940395355,0.009999999776482582,0.009999999776482582,1574500,0.0,0.0
2024-05-07 00:00:00+08:00,0.010999999940395355,0.012000000104308128,0.010999999940395355,0.010999999940395355,509600,0.0,0.0
2024-05-08 00:00:00+08:00,0.010999999940395355,0.010999999940395355,0.010999999940395355,0.010999999940395355,100000,0.0,0.0
2024-05-09 00:00:00+08:00,0.010999999940395355,0.010999999940395355,0.010999999940395355,0.010999999940395355,0,0.0,0.0
2024-05-10 00:00:00+08:00,0.012000000104308128,0.013000000268220901,0.012000000104308128,0.013000000268220901,850500,0.0,0.0
2024-05-13 00:00:00+08:00,0.013000000268220901,0.013000000268220901,0.013000000268220901,0.013000000268220901,0,0.0,0.0
2024-05-14 00:00:00+08:00,0.012000000104308128,0.013000000268220901,0.010999999940395355,0.012000000104308128,296000,0.0,0.0
2024-05-15 00:00:00+08:00,0.012000000104308128,0.012000000104308128,0.012000000104308128,0.012000000104308128,0,0.0,0.0
2024-05-16 00:00:00+08:00,0.013000000268220901,0.014000000432133675,0.013000000268220901,0.014000000432133675,609500,0.0,0.0
2024-05-17 00:00:00+08:00,0.014000000432133675,0.014000000432133675,0.014000000432133675,0.014000000432133675,0,0.0,0.0
2024-05-20 00:00:00+08:00,0.014000000432133675,0.014000000432133675,0.014000000432133675,0.014000000432133675,0,0.0,0.0
2024-05-21 00:00:00+08:00,0.014000000432133675,0.014000000432133675,0.014000000432133675,0.014000000432133675,0,0.0,0.0
2024-05-23 00:00:00+08:00,0.014000000432133675,0.014000000432133675,0.014000000432133675,0.014000000432133675,200000,0.0,0.0
2024-05-24 00:00:00+08:00,0.014000000432133675,0.014999999664723873,0.014000000432133675,0.014999999664723873,300300,0.0,0.0
2024-05-27 00:00:00+08:00,0.014999999664723873,0.014999999664723873,0.014999999664723873,0.014999999664723873,0,0.0,0.0
2024-05-28 00:00:00+08:00,0.014999999664723873,0.014999999664723873,0.014999999664723873,0.014999999664723873,0,0.0,0.0
2024-05-29 00:00:00+08:00,0.014999999664723873,0.014999999664723873,0.014999999664723873,0.014999999664723873,0,0.0,0.0
2024-05-30 00:00:00+08:00,0.014999999664723873,0.014999999664723873,0.014999999664723873,0.014999999664723873,0,0.0,0.0
2024-05-31 00:00:00+08:00,0.014999999664723873,0.014999999664723873,0.014999999664723873,0.014999999664723873,0,0.0,0.0
2024-06-03 00:00:00+08:00,0.014000000432133675,0.014000000432133675,0.014000000432133675,0.014000000432133675,316800,0.0,0.0
2024-06-04 00:00:00+08:00,0.014000000432133675,0.014000000432133675,0.013000000268220901,0.014000000432133675,600000,0.0,0.0
2024-06-05 00:00:00+08:00,0.014000000432133675,0.014000000432133675,0.014000000432133675,0.014000000432133675,450900,0.0,0.0
2024-06-06 00:00:00+08:00,0.014999999664723873,0.01600000075995922,0.014999999664723873,0.01600000075995922,869500,0.0,0.0
2024-06-07 00:00:00+08:00,0.014999999664723873,0.014999999664723873,0.014999999664723873,0.014999999664723873,1052300,0.0,0.0
2024-06-10 00:00:00+08:00,0.014999999664723873,0.014999999664723873,0.014999999664723873,0.014999999664723873,1150000,0.0,0.0
2024-06-11 00:00:00+08:00,0.014000000432133675,0.014000000432133675,0.014000000432133675,0.014000000432133675,100000,0.0,0.0
2024-06-12 00:00:00+08:00,0.014000000432133675,0.014000000432133675,0.014000000432133675,0.014000000432133675,307300,0.0,0.0
2024-06-13 00:00:00+08:00,0.014000000432133675,0.014000000432133675,0.014000000432133675,0.014000000432133675,1207000,0.0,0.0
2024-06-14 00:00:00+08:00,0.014000000432133675,0.014999999664723873,0.014000000432133675,0.014999999664723873,550100,0.0,0.0
2024-06-18 00:00:00+08:00,0.014999999664723873,0.014999999664723873,0.014999999664723873,0.014999999664723873,0,0.0,0.0
2024-06-19 00:00:00+08:00,0.014999999664723873,0.014999999664723873,0.014999999664723873,0.014999999664723873,0,0.0,0.0
2024-06-20 00:00:00+08:00,0.01899999938905239,0.035999998450279236,0.01899999938905239,0.028999999165534973,88141800,0.0,0.0
2024-06-21 00:00:00+08:00,0.03099999949336052,0.03099999949336052,0.02500000037252903,0.027000000700354576,32654800,0.0,0.0
2024-06-24 00:00:00+08:00,0.027000000700354576,0.027000000700354576,0.027000000700354576,0.027000000700354576,0,0.0,0.0
2024-06-25 00:00:00+08:00,0.027000000700354576,0.027000000700354576,0.027000000700354576,0.027000000700354576,0,0.0,0.0
2024-06-26 00:00:00+08:00,0.027000000700354576,0.027000000700354576,0.027000000700354576,0.027000000700354576,0,0.0,0.0
2024-06-27 00:00:00+08:00,0.02500000037252903,0.02500000037252903,0.017999999225139618,0.01899999938905239,65920700,0.0,0.0
2024-06-28 00:00:00+08:00,0.01899999938905239,0.019999999552965164,0.017999999225139618,0.017999999225139618,12688300,0.0,0.0
