Date,Open,High,Low,Close,Volume,Dividends,Stock Splits
2007-12-31 00:00:00+08:00,227.8903922615357,227.8903922615357,221.87348558424515,223.75376892089844,1610947,0.0,0.0
2008-01-02 00:00:00+08:00,224.12982165235496,229.01855824180396,218.86502840217912,219.6171417236328,2772276,0.0,0.0
2008-01-03 00:00:00+08:00,218.48898711337173,224.1298374211397,213.60025017997282,215.10447692871094,2892024,0.0,0.0
2008-01-04 00:00:00+08:00,218.1129304261872,220.74532723647891,215.10447692871094,215.10447692871094,1661784,0.0,0.0
2008-01-07 00:00:00+08:00,208.33545483873888,210.59179494321089,200.06219482421875,200.06219482421875,2063956,0.0,0.0
2008-01-08 00:00:00+08:00,195.54951471797347,201.56642166639207,191.78894787521182,197.05374145507812,1586094,0.0,0.0
2008-01-09 00:00:00+08:00,185.01992755824088,197.05374145507812,183.51570082113622,197.05374145507812,3050182,0.0,0.0
2008-01-10 00:00:00+08:00,203.0706329345703,204.57485955709035,199.31006637827022,203.0706329345703,2033454,0.0,0.0
2008-01-11 00:00:00+08:00,204.57484039343467,206.83119308063823,200.06216094860218,203.44667053222656,1777013,0.0,0.0
2008-01-14 00:00:00+08:00,206.0791017694774,208.33545483873888,196.3016279834321,200.06219482421875,1057396,0.0,0.0
2008-01-15 00:00:00+08:00,203.07062804150502,213.9762837567878,203.07062804150502,209.83966064453125,3862434,0.0,0.0
2008-01-16 00:00:00+08:00,203.82273110496192,209.08753685747712,203.82273110496192,204.57484436035156,1813163,0.0,0.0
2008-01-17 00:00:00+08:00,201.56639767162244,204.57485078770094,190.28469848632812,190.28469848632812,3181226,0.0,0.0
2008-01-18 00:00:00+08:00,177.12271118164062,180.13116421412093,177.12271118164062,177.12271118164062,4077076,0.0,0.0
2008-01-21 00:00:00+08:00,174.11428421678173,186.90021151907558,174.11428421678173,182.011474609375,3641013,0.0,0.0
2008-01-22 00:00:00+08:00,169.60159301757812,169.9776496786052,169.60159301757812,169.60159301757812,1574797,0.0,0.0
2008-01-23 00:00:00+08:00,163.96075465670262,169.60160496962695,157.94384765625,157.94384765625,2670603,0.0,0.0
2008-01-24 00:00:00+08:00,156.4396067952183,159.44806002408086,147.03817749023438,147.03817749023438,3328087,0.0,0.0
2008-01-25 00:00:00+08:00,147.03818362654482,154.9353866466696,144.40578694143286,152.67904663085938,5188698,0.0,0.0
2008-01-28 00:00:00+08:00,149.6705780029297,150.4226912647818,142.90154568147318,149.6705780029297,1735214,0.0,0.0
2008-01-29 00:00:00+08:00,150.42270661504915,152.67904663085938,147.4142532606355,152.67904663085938,2618637,0.0,0.0
2008-01-30 00:00:00+08:00,149.67058190883506,159.44805456807185,149.67058190883506,150.7987518310547,2309100,0.0,0.0
2008-01-31 00:00:00+08:00,151.17480540978346,151.17480540978346,140.26915008443058,143.27760314941406,1915966,0.0,0.0
2008-02-01 00:00:00+08:00,145.15787492598528,147.79027115130881,142.9015353042794,144.40576171875,1483292,0.0,0.0
2008-02-12 00:00:00+08:00,142.90153359364786,144.4057599901118,135.38040161132812,135.38040161132812,2076383,0.0,0.0
2008-02-13 00:00:00+08:00,135.38042017316593,135.38042017316593,125.97900390625,125.97900390625,2348640,0.0,0.0
2008-02-14 00:00:00+08:00,129.73955983811567,134.6282958984375,129.73955983811567,134.6282958984375,2338472,0.0,0.0
2008-02-15 00:00:00+08:00,136.1325379393817,143.27761453658135,131.6198579832556,140.6452178955078,4716485,0.0,0.0
2008-02-18 00:00:00+08:00,142.90155300580884,150.42269897460938,142.90155300580884,150.42269897460938,3429760,0.0,0.0
2008-02-19 00:00:00+08:00,154.93538025394471,155.68749356151548,147.03817755966315,148.5424041748047,3103277,0.0,0.0
2008-02-20 00:00:00+08:00,150.79873694503672,154.5593029812132,143.65364851151472,144.40576171875,3538211,0.0,0.0
2008-02-21 00:00:00+08:00,145.9100075294109,151.17481364470882,145.9100075294109,147.03817749023438,2564412,0.0,0.0
2008-02-22 00:00:00+08:00,142.90154275938667,145.15788249880475,139.1409765270232,143.65365600585938,1770235,0.0,0.0
2008-02-25 00:00:00+08:00,146.66212847515195,146.66212847515195,141.39733505043904,141.7733917236328,2670603,0.0,0.0
2008-02-26 00:00:00+08:00,144.40576944296413,147.79027905655917,142.90154294803298,145.1578826904297,2042492,0.0,0.0
2008-02-27 00:00:00+08:00,148.542402758818,152.67903887581306,144.78183625681189,150.42269897460938,3315660,0.0,0.0
2008-02-29 00:00:00+08:00,153.43115273518865,160.95228576660156,153.43115273518865,160.95228576660156,4490545,0.0,0.0
2008-03-03 00:00:00+08:00,158.6959496078636,160.57623291015625,154.55932634281984,160.57623291015625,2280858,0.0,0.0
2008-03-04 00:00:00+08:00,166.96917745712565,171.48185687774088,165.84100760197182,168.47340393066406,4072557,0.0,0.0
2008-03-05 00:00:00+08:00,165.46496574346125,165.46496574346125,160.95228592030406,163.9607391357422,2242448,0.0,0.0
2008-03-06 00:00:00+08:00,172.23398563674598,172.98609894129785,166.9691925048828,166.9691925048828,4232974,0.0,0.0
2008-03-07 00:00:00+08:00,165.46495414839453,168.4734071530133,162.45650114377577,163.5846710205078,2031195,0.0,0.0
2008-03-10 00:00:00+08:00,163.9607622264103,166.59315916064028,161.3283652921803,161.7044219970703,1760068,0.0,0.0
2008-03-11 00:00:00+08:00,163.2086255958913,164.7128522014353,157.56777582510122,159.44805908203125,1754419,0.0,0.0
2008-03-12 00:00:00+08:00,163.96075853796853,164.71287193082907,158.31990809151444,159.072021484375,2388179,0.0,0.0
2008-03-13 00:00:00+08:00,159.44808246572575,160.9523092918706,153.0551184546101,154.18328857421875,1692286,0.0,0.0
2008-03-14 00:00:00+08:00,156.4396251314316,157.9438519221726,150.4227179684677,151.55088806152344,1544295,0.0,0.0
2008-03-17 00:00:00+08:00,146.66212090587777,148.5424041748047,142.90155436802388,148.5424041748047,1511534,0.0,0.0
2008-03-18 00:00:00+08:00,147.7903099999858,148.54242340492425,143.65368627282433,146.66213989257812,1322875,0.0,0.0
2008-03-19 00:00:00+08:00,150.79877879175214,153.43117574756678,147.79031216317367,148.1663818359375,1932911,0.0,0.0
2008-03-20 00:00:00+08:00,147.0381889698004,150.4227120812957,144.40579218902917,145.91001892089844,857440,0.0,0.0
2008-03-21 00:00:00+08:00,147.41426841999046,148.91849525188454,146.2860853312796,148.1663818359375,1060785,0.0,0.0
2008-03-24 00:00:00+08:00,154.93541987826782,154.93541987826782,149.2945556640625,149.2945556640625,1529609,0.0,0.0
2008-03-25 00:00:00+08:00,151.92694833500147,154.55934528075497,151.17483492192903,154.18328857421875,1779272,0.0,0.0
2008-03-26 00:00:00+08:00,154.18328452975953,159.82413497983478,153.43117113641617,157.5677947998047,2173537,0.0,0.0
2008-03-27 00:00:00+08:00,157.19173455244993,157.9438479288044,151.92694091796875,151.92694091796875,1760068,0.0,0.0
2008-03-28 00:00:00+08:00,152.67904665231566,157.1917266845703,152.67904665231566,157.1917266845703,1424547,0.0,0.0
2008-03-31 00:00:00+08:00,157.94384386361966,158.6959572206161,154.9353904356339,156.815673828125,1065304,0.0,0.0
2008-04-01 00:00:00+08:00,156.81568551997225,158.6959690526533,154.18328857421875,154.18328857421875,1296892,0.0,0.0
2008-04-02 00:00:00+08:00,158.31988912787324,161.70439899034727,155.6874925681712,159.44805908203125,3085202,0.0,0.0
2008-04-03 00:00:00+08:00,160.95229343253538,169.6015968306145,160.95229343253538,169.2255401611328,5968189,0.0,0.0
2008-04-07 00:00:00+08:00,172.23399729879625,178.25090414261908,172.23399729879625,174.86639404296875,4926608,0.0,0.0
2008-04-08 00:00:00+08:00,174.4903296521925,174.4903296521925,169.22553639656843,171.10581970214844,2198390,0.0,0.0
2008-04-09 00:00:00+08:00,172.23397827148438,177.122714542014,169.97763845431683,172.23397827148438,3300974,0.0,0.0
2008-04-10 00:00:00+08:00,174.4903373652298,179.37907417583585,173.73822400975197,174.86639404296875,3342773,0.0,0.0
2008-04-11 00:00:00+08:00,174.86636599715763,178.25087555398594,165.46495056152344,165.46495056152344,5826977,0.0,0.0
2008-04-14 00:00:00+08:00,154.18328857421875,154.18328857421875,154.18328857421875,154.18328857421875,1507015,0.0,0.0
2008-04-15 00:00:00+08:00,145.15790028003627,154.1832733080662,145.15790028003627,152.67904663085938,5826977,0.0,0.0
2008-04-16 00:00:00+08:00,152.67903562114347,158.69594189609043,152.67903562114347,158.31988525390625,4489416,0.0,0.0
2008-04-17 00:00:00+08:00,162.45652770996094,166.21709458069222,160.9523009616684,162.45652770996094,4072557,0.0,0.0
2008-04-18 00:00:00+08:00,163.96074298161545,166.96919626762005,158.69594973110745,165.0889129638672,3110055,0.0,0.0
2008-04-21 00:00:00+08:00,166.9692076418666,172.23400125102194,164.33681083728894,169.9776611328125,2772276,0.0,0.0
2008-04-22 00:00:00+08:00,171.48187255859375,172.61004251691105,168.84947598918674,171.48187255859375,1993915,0.0,0.0
2008-04-23 00:00:00+08:00,172.23397094772224,177.49876363057606,170.35368784670302,174.4903106689453,3516746,0.0,0.0
2008-04-24 00:00:00+08:00,174.49031219382098,186.5241241455078,174.49031219382098,186.5241241455078,8382352,0.0,0.0
2008-04-25 00:00:00+08:00,186.14806752201758,188.78046388644907,179.75510492268398,186.5241241455078,4898366,0.0,0.0
2008-04-28 00:00:00+08:00,189.15652928830957,199.31005859375,189.15652928830957,199.31005859375,4229585,0.0,0.0
2008-04-29 00:00:00+08:00,199.6861266743575,204.1988066241878,196.30161671198476,198.18190002441406,6903578,0.0,0.0
2008-04-30 00:00:00+08:00,195.9255600494989,199.31007001187163,193.66922007458373,198.18190002441406,2163369,0.0,0.0
2008-05-02 00:00:00+08:00,201.5663985606572,204.57485169000486,199.31005871364647,200.8142852783203,4681464,0.0,0.0
2008-05-05 00:00:00+08:00,204.95092250225622,214.72840881347656,201.56641249772227,214.72840881347656,3918919,0.0,0.0
2008-05-06 00:00:00+08:00,214.7284022238891,216.23262884640914,203.0706329345703,203.0706329345703,4367408,0.0,0.0
2008-05-07 00:00:00+08:00,203.82275617775383,213.22418599140767,203.82275617775383,206.8312225341797,5625891,0.0,0.0
2008-05-08 00:00:00+08:00,208.33544922999803,215.1044693611806,204.57486952566302,206.8312225341797,4945813,0.0,0.0
2008-05-09 00:00:00+08:00,221.1213600415946,221.1213600415946,209.08754735139368,209.83966064453125,6973619,0.0,0.0
2008-05-12 00:00:00+08:00,210.59177078680514,211.34388406868962,195.54949218432762,199.31005859375,3025328,0.0,0.0
2008-05-13 00:00:00+08:00,198.9340171993229,203.82275390625,195.5495071714503,203.82275390625,2479685,0.0,0.0
2008-05-14 00:00:00+08:00,204.5748621701602,214.35234830621843,204.5748621701602,213.60023498535156,3403777,0.0,0.0
2008-05-15 00:00:00+08:00,213.60022711021904,213.60022711021904,209.08754735139368,209.83966064453125,2562152,0.0,0.0
2008-05-16 00:00:00+08:00,212.8481293059614,214.35235600169855,207.207266232158,208.33544921875,2048140,0.0,0.0
2008-05-19 00:00:00+08:00,210.591774227381,214.72839734532832,209.83966093320873,214.3523406982422,2666085,0.0,0.0
2008-05-20 00:00:00+08:00,216.60867371708528,216.60867371708528,206.83120120266466,207.20724487304688,1835757,0.0,0.0
2008-05-21 00:00:00+08:00,209.08754744863947,214.352340503051,209.08754744863947,211.34388732910156,1954375,0.0,0.0
2008-05-22 00:00:00+08:00,214.35234826292623,214.35234826292623,209.08755501792132,212.09600830078125,1599651,0.0,0.0
2008-05-23 00:00:00+08:00,213.60024028489315,218.86503366158385,203.07064056672274,203.82275390625,5109619,0.0,0.0
2008-05-26 00:00:00+08:00,199.31006180490846,202.31851498091666,189.9086456298828,189.9086456298828,2815205,0.0,0.0
2008-05-27 00:00:00+08:00,185.01991285375516,188.0283660888672,179.0030063835311,188.0283660888672,3249008,0.0,0.0
2008-05-28 00:00:00+08:00,189.15651971096798,189.90863295477158,178.25087767581576,180.50721740722656,2393828,0.0,0.0
2008-05-29 00:00:00+08:00,182.01145204520316,186.5241317101,179.00299893527193,185.7720184326172,2600562,0.0,0.0
2008-05-30 00:00:00+08:00,182.01145277179012,194.79737854003906,172.98609340596735,194.79737854003906,4985353,0.0,0.0
2008-06-02 00:00:00+08:00,186.14806807921258,192.91708732229804,185.77201145459674,191.03680419921875,2300063,0.0,0.0
2008-06-03 00:00:00+08:00,191.0368309699876,194.79739774312972,186.90020751953125,186.90020751953125,1920484,0.0,0.0
2008-06-04 00:00:00+08:00,186.90018517438537,195.54948771853128,183.51567548319784,192.16497802734375,3306623,0.0,0.0
2008-06-05 00:00:00+08:00,192.16499332156653,194.04527663298728,188.40442669872505,193.66921997070312,1251704,0.0,0.0
2008-06-06 00:00:00+08:00,197.05371424794794,199.31005404207298,192.16497802734375,192.16497802734375,1797348,0.0,0.0
2008-06-09 00:00:00+08:00,188.0283585232423,192.54103819433539,188.0283585232423,188.7804718017578,1093546,0.0,0.0
2008-06-10 00:00:00+08:00,188.78046668250178,191.7889197149821,177.12271118164062,177.12271118164062,2058308,0.0,0.0
2008-06-11 00:00:00+08:00,177.49876781070066,180.50722084318096,169.22552197137983,177.12271118164062,2478555,0.0,0.0
2008-06-12 00:00:00+08:00,173.73822019491325,175.99456021180345,169.2255401611328,169.2255401611328,1574797,0.0,0.0
2008-06-13 00:00:00+08:00,170.72974848761996,177.49876781070066,170.72974848761996,177.12271118164062,1616596,0.0,0.0
2008-06-16 00:00:00+08:00,178.2508774796802,185.77200990944047,178.2508774796802,179.00299072265625,1215554,0.0,0.0
2008-06-17 00:00:00+08:00,182.0114707883534,182.7635841432872,178.62696069115117,182.3875274658203,1008819,0.0,0.0
2008-06-18 00:00:00+08:00,181.259334605246,182.76356112566828,179.0029948246126,181.63539123535156,785139,0.0,0.0
2008-06-19 00:00:00+08:00,179.0030211264823,189.15655163124507,177.87485107039757,182.011474609375,2847966,0.0,0.0
2008-06-20 00:00:00+08:00,182.76359594843169,184.267822755461,177.49880212382908,178.25091552734375,1275427,0.0,0.0
2008-06-23 00:00:00+08:00,176.74667358398438,178.25090026219388,172.9861068884606,176.74667358398438,1068693,0.0,0.0
2008-06-24 00:00:00+08:00,176.74667362600655,188.78048705454373,176.74667362600655,187.27626037597656,5245183,0.0,0.0
2008-06-25 00:00:00+08:00,190.28470237288087,191.41287231445312,185.01990931221047,191.41287231445312,2546337,0.0,0.0
2008-06-26 00:00:00+08:00,189.9086532411378,190.66076656528344,185.01991663419122,189.1565399169922,1274298,0.0,0.0
2008-06-27 00:00:00+08:00,185.7720184326172,188.7804715425484,180.50722549023754,185.7720184326172,1520572,0.0,0.0
2008-06-30 00:00:00+08:00,185.7720416415719,188.78049512735657,176.7466811842179,177.49879455566406,1427937,0.0,0.0
2008-07-01 00:00:00+08:00,177.49877519127466,178.25088848066835,170.72975558673147,173.36215209960938,1148901,0.0,0.0
2008-07-02 00:00:00+08:00,171.481858292896,185.39595328795247,171.10580167140796,179.00299072265625,3213988,0.0,0.0
2008-07-03 00:00:00+08:00,175.99456753538652,187.6523247744283,172.98611405434346,185.01992797851562,1945338,0.0,0.0
2008-07-04 00:00:00+08:00,186.52415471903717,194.79740179190551,185.01992797851562,185.01992797851562,3803689,0.0,0.0
2008-07-07 00:00:00+08:00,182.38750868394456,187.6523016263242,182.38750868394456,185.7720184326172,1059655,0.0,0.0
2008-07-08 00:00:00+08:00,184.26778342348842,188.4044062598566,179.00299072265625,179.00299072265625,2836669,0.0,0.0
2008-07-09 00:00:00+08:00,181.2593536376953,185.77203367279893,177.49878694177562,181.2593536376953,2060567,0.0,0.0
2008-07-10 00:00:00+08:00,181.25933065103015,183.51567038244096,174.11425483489595,180.50721740722656,1285595,0.0,0.0
2008-07-11 00:00:00+08:00,180.50723300108712,188.0283660888672,179.7551196923091,188.0283660888672,1894501,0.0,0.0
2008-07-14 00:00:00+08:00,188.7804548920638,201.19032287597656,186.5241152586251,201.19032287597656,5037319,0.0,0.0
2008-07-15 00:00:00+08:00,200.43825966116918,200.43825966116918,187.27627518304917,193.29318237304688,3444446,0.0,0.0
2008-07-16 00:00:00+08:00,191.78892451758495,194.4213209869233,182.01145191718544,184.26779174804688,1953246,0.0,0.0
2008-07-17 00:00:00+08:00,185.01990419728335,190.66075374920163,171.48186527267947,175.242431640625,4253309,0.0,0.0
2008-07-18 00:00:00+08:00,170.72978277321988,172.98612300069365,163.20864868164062,163.20864868164062,4532344,0.0,0.0
2008-07-21 00:00:00+08:00,161.7044067650936,168.4734268154961,157.94384007042555,167.7213134765625,1972451,0.0,0.0
2008-07-22 00:00:00+08:00,169.22552531808867,173.7382049560547,166.96918549910566,173.7382049560547,2324916,0.0,0.0
2008-07-23 00:00:00+08:00,172.98608418812992,177.1227070103722,169.9776312264992,174.4903106689453,4260087,0.0,0.0
2008-07-24 00:00:00+08:00,176.75046949237608,182.33207381899155,176.75046949237608,180.00640869140625,5464757,6.184632,1.1996200000000001
2008-07-25 00:00:00+08:00,178.6110011956721,180.9366662832542,170.70374524483321,173.9596710205078,3096350,0.0,0.0
2008-07-28 00:00:00+08:00,173.9596710205078,173.9596710205078,173.9596710205078,173.9596710205078,0,0.0,0.0
2008-07-29 00:00:00+08:00,173.9596710205078,173.9596710205078,173.9596710205078,173.9596710205078,0,0.0,0.0
2008-07-30 00:00:00+08:00,173.9596710205078,173.9596710205078,173.9596710205078,173.9596710205078,0,0.0,0.0
2008-07-31 00:00:00+08:00,173.9596710205078,173.9596710205078,173.9596710205078,173.9596710205078,0,0.0,0.0
2008-08-01 00:00:00+08:00,173.9596710205078,173.9596710205078,173.9596710205078,173.9596710205078,0,0.0,0.0
2008-08-04 00:00:00+08:00,173.9596710205078,173.9596710205078,173.9596710205078,173.9596710205078,0,0.0,0.0
2008-08-05 00:00:00+08:00,173.9596710205078,173.9596710205078,173.9596710205078,173.9596710205078,0,0.0,0.0
2008-08-06 00:00:00+08:00,173.9596710205078,173.9596710205078,173.9596710205078,173.9596710205078,0,0.0,0.0
2008-08-07 00:00:00+08:00,173.9596710205078,173.9596710205078,173.9596710205078,173.9596710205078,0,0.0,0.0
2008-08-08 00:00:00+08:00,173.9596710205078,173.9596710205078,173.9596710205078,173.9596710205078,0,0.0,0.0
2008-08-11 00:00:00+08:00,173.9596710205078,173.9596710205078,173.9596710205078,173.9596710205078,0,0.0,0.0
2008-08-12 00:00:00+08:00,173.9596710205078,173.9596710205078,173.9596710205078,173.9596710205078,0,0.0,0.0
2008-08-13 00:00:00+08:00,173.9596710205078,173.9596710205078,173.9596710205078,173.9596710205078,0,0.0,0.0
2008-08-14 00:00:00+08:00,173.9596710205078,173.9596710205078,173.9596710205078,173.9596710205078,0,0.0,0.0
2008-08-15 00:00:00+08:00,173.9596710205078,173.9596710205078,173.9596710205078,173.9596710205078,0,0.0,0.0
2008-08-18 00:00:00+08:00,160.47084731920046,160.93597773023993,151.63331604003906,151.63331604003906,2435268,0.0,0.0
2008-08-19 00:00:00+08:00,149.7727813720703,154.42409844535268,147.91224652234632,149.7727813720703,2459752,0.0,0.0
2008-08-20 00:00:00+08:00,151.63327553531133,153.9589403366231,146.5168156458953,152.09841918945312,1709208,0.0,0.0
2008-08-21 00:00:00+08:00,153.4938503726944,158.61031160620576,152.5635895547297,155.35438537597656,2398541,0.0,0.0
2008-08-22 00:00:00+08:00,158.14518189665023,159.54058649712152,151.1681856289996,151.63331604003906,2570874,0.0,0.0
2008-08-25 00:00:00+08:00,152.5635747216989,153.49383544921875,150.23790953554774,153.49383544921875,1111220,0.0,0.0
2008-08-26 00:00:00+08:00,142.79578606652592,147.91224689048752,142.79578606652592,146.0517120361328,3384514,0.0,0.0
2008-08-27 00:00:00+08:00,146.05171247842702,155.8195037841797,146.05171247842702,155.8195037841797,2894823,0.0,0.0
2008-08-28 00:00:00+08:00,157.21490888009552,164.65703498153232,157.21490888009552,163.7267608642578,4242414,0.0,0.0
2008-08-29 00:00:00+08:00,164.6570195852404,167.44781494140625,161.4010805302547,167.44781494140625,2508721,0.0,0.0
2008-09-01 00:00:00+08:00,167.44782370039107,168.37808441199024,163.2616237634921,164.6570281982422,1658355,0.0,0.0
2008-09-02 00:00:00+08:00,166.51753756059878,166.9826812500594,159.54055599424407,163.26161193847656,1845756,0.0,0.0
2008-09-03 00:00:00+08:00,160.93595440241793,163.26161948786074,152.56356811523438,152.56356811523438,1545350,0.0,0.0
2008-09-04 00:00:00+08:00,150.70301818847656,155.35434789069123,148.37735333736924,150.70301818847656,1642346,0.0,0.0
2008-09-05 00:00:00+08:00,146.98199791223598,157.6800507882411,145.1214629089538,155.35438537597656,2039749,0.0,0.0
2008-09-08 00:00:00+08:00,161.4010986282686,166.05242919921875,158.61030295916893,166.05242919921875,2598184,0.0,0.0
2008-09-09 00:00:00+08:00,164.6570435615647,164.6570435615647,154.88925170898438,154.88925170898438,1721450,0.0,0.0
2008-09-10 00:00:00+08:00,146.98197533934032,156.2846221923828,146.98197533934032,156.2846221923828,1728042,0.0,0.0
2008-09-11 00:00:00+08:00,155.3543636984693,155.3543636984693,148.3773684352169,148.84249877929688,1132880,0.0,0.0
2008-09-12 00:00:00+08:00,151.16818188957967,153.0287168550667,140.00499883136257,145.1214599609375,2070825,0.0,0.0
2008-09-15 00:00:00+08:00,140.47011351110123,142.33064826837867,135.35365295410156,135.35365295410156,1670597,0.0,0.0
2008-09-16 00:00:00+08:00,126.05099817175797,127.4464026439529,126.05099817175797,126.51612854003906,1871182,0.0,0.0
2008-09-17 00:00:00+08:00,127.44639703012461,133.9582486339256,125.58586227160245,133.4931182861328,2959802,0.0,0.0
2008-09-18 00:00:00+08:00,126.05098725502674,126.98126127837355,124.1904525756836,124.1904525756836,1647996,0.0,0.0
2008-09-19 00:00:00+08:00,132.56285095214844,132.56285095214844,129.30692531329615,132.56285095214844,1982304,0.0,0.0
2008-09-22 00:00:00+08:00,134.88850915725624,141.40036010742188,134.88850915725624,141.40036010742188,2170647,0.0,0.0
2008-09-23 00:00:00+08:00,141.40038140574168,151.16817266960564,140.47012066341244,147.91224670410156,2518139,0.0,0.0
2008-09-24 00:00:00+08:00,147.9122359680674,158.14515686035156,145.1214405762945,158.14515686035156,3820527,0.0,0.0
2008-09-25 00:00:00+08:00,156.2846468851395,160.005716908161,151.63331604003906,151.63331604003906,2342980,0.0,0.0
2008-09-26 00:00:00+08:00,153.95894507399817,154.88921904355735,141.40036010742188,141.40036010742188,2075534,0.0,0.0
2008-09-29 00:00:00+08:00,141.40036010742188,141.40036010742188,141.40036010742188,141.40036010742188,0,0.0,0.0
2008-09-30 00:00:00+08:00,131.63258361816406,131.63258361816406,131.63258361816406,131.63258361816406,346550,0.0,0.0
2008-10-01 00:00:00+08:00,131.63257511396895,140.0049743084993,131.63257511396895,136.28390502929688,2681996,0.0,0.0
2008-10-02 00:00:00+08:00,137.21419079992395,141.86552111413852,133.0279908436606,139.53985595703125,2326971,0.0,0.0
2008-10-03 00:00:00+08:00,133.95824009914085,139.53984401909062,129.77205386836627,138.14443969726562,1598085,0.0,0.0
2008-10-06 00:00:00+08:00,133.95824524768852,141.40037072630182,133.95824524768852,134.88851928710938,1135705,0.0,0.0
2008-10-07 00:00:00+08:00,129.77208272140504,144.19119262695312,128.84180851090463,144.19119262695312,1707324,0.0,0.0
2008-10-08 00:00:00+08:00,136.74906613279626,139.5398617639939,134.42340087890625,134.42340087890625,1520865,0.0,0.0
2008-10-09 00:00:00+08:00,125.58586552831163,130.702326221415,125.12073516845703,125.12073516845703,2110377,0.0,0.0
2008-10-13 00:00:00+08:00,120.93452453613281,120.93452453613281,120.93452453613281,120.93452453613281,417178,0.0,0.0
2008-10-14 00:00:00+08:00,129.30694580078125,129.30694580078125,127.44641084064527,129.30694580078125,1256244,0.0,0.0
2008-10-15 00:00:00+08:00,131.16745895755327,131.16745895755327,125.12073743519579,126.51612854003906,1220459,0.0,0.0
2008-10-16 00:00:00+08:00,122.32992553710936,122.32992553710936,122.32992553710936,122.32992553710938,252378,0.0,0.0
2008-10-17 00:00:00+08:00,118.14373779296875,120.9345332751419,118.14373779296875,118.14373779296875,685566,0.0,0.0
2008-10-20 00:00:00+08:00,114.42268371582031,114.42268371582031,114.42268371582031,114.42268371582031,615879,0.0,0.0
2008-10-21 00:00:00+08:00,116.28320078404884,121.86480500862514,111.16674695404258,114.88780975341797,3752723,0.0,0.0
2008-10-22 00:00:00+08:00,111.16674041748047,114.42267268186465,111.16674041748047,111.16674041748047,2011497,0.0,0.0
2008-10-23 00:00:00+08:00,107.44568634033203,107.44568634033203,107.44568634033203,107.44568634033203,356909,0.0,0.0
2008-10-24 00:00:00+08:00,103.72461700439453,103.72461700439453,103.72461700439453,103.72461700439453,260854,0.0,0.0
2008-10-27 00:00:00+08:00,96.74763488769531,96.74763488769531,96.74763488769531,96.74763488769531,321123,0.0,0.0
2008-10-28 00:00:00+08:00,90.0497055053711,90.0497055053711,90.0497055053711,90.0497055053711,626238,0.0,0.0
2008-10-29 00:00:00+08:00,90.04972220669612,92.84051787731543,83.81694030761719,83.81694030761719,3218773,0.0,0.0
2008-10-30 00:00:00+08:00,77.95625571723905,89.30549716560175,77.95625571723905,87.4449691772461,8520613,0.0,0.0
2008-10-31 00:00:00+08:00,82.1424578676344,85.67746716755195,81.39824397635167,82.23548126220703,4911971,0.0,0.0
2008-11-03 00:00:00+08:00,82.79364232722683,87.91010284423828,82.79364232722683,87.91010284423828,4850760,0.0,0.0
2008-11-04 00:00:00+08:00,88.18918173476324,93.95683288574219,87.44497450428989,93.95683288574219,5232154,0.0,0.0
2008-11-05 00:00:00+08:00,100.46869336965405,100.46869336965405,96.7476304047159,99.07329559326172,10198745,0.0,0.0
2008-11-06 00:00:00+08:00,92.18933868408203,92.18933868408203,92.18933868408203,92.18933868408203,870142,0.0,0.0
2008-11-07 00:00:00+08:00,85.77050018310547,85.77050018310547,85.77050018310547,85.77050018310547,1754410,0.0,0.0
2008-11-10 00:00:00+08:00,79.81678009033203,79.81678009033203,79.81678009033203,79.81678009033203,2345805,0.0,0.0
2008-11-11 00:00:00+08:00,74.23519134521484,74.23519134521484,74.23519134521484,74.23519134521484,1247768,0.0,0.0
2008-11-12 00:00:00+08:00,69.11873626708984,69.11873626708984,69.11873626708984,69.11873626708984,842832,0.0,0.0
2008-11-13 00:00:00+08:00,64.28136444091797,64.28136444091797,64.28136444091797,64.28136444091797,1258127,0.0,0.0
2008-11-14 00:00:00+08:00,61.02542646499513,67.81636830897266,59.816082213635895,61.39753341674805,15433724,0.0,0.0
2008-11-17 00:00:00+08:00,57.11831283569336,58.420687227945955,57.11831283569336,57.11831283569336,5013676,0.0,0.0
2008-11-18 00:00:00+08:00,53.21119689941406,53.21119689941406,53.21119689941406,53.21119689941406,1260952,0.0,0.0
2008-11-19 00:00:00+08:00,49.49013361044402,51.07158823843727,49.49013361044402,50.04829406738281,11024627,0.0,0.0
2008-11-20 00:00:00+08:00,46.606307009835085,52.09487430959005,46.606307009835085,49.39710235595703,8306845,0.0,0.0
2008-11-21 00:00:00+08:00,48.46684208815061,52.83909225463867,46.978417566102934,52.83909225463867,5395070,0.0,0.0
2008-11-24 00:00:00+08:00,53.955407284218886,54.420540969902945,50.234344482421875,50.234344482421875,7694732,0.0,0.0
2008-11-25 00:00:00+08:00,53.676326751708984,53.676326751708984,53.676326751708984,53.676326751708984,1080144,0.0,0.0
2008-11-26 00:00:00+08:00,57.397396087646484,57.397396087646484,55.071727542888716,57.397396087646484,8296486,0.0,0.0
2008-11-27 00:00:00+08:00,58.97884539369992,61.39753391608938,57.676471051972584,60.932403564453125,8460344,0.0,0.0
2008-11-28 00:00:00+08:00,60.65332157138823,61.118451935024865,59.164900397545566,60.374244689941406,5169059,0.0,0.0
2008-12-01 00:00:00+08:00,60.37424169361682,63.63016744483579,58.60673704237138,58.69976043701172,8382182,0.0,0.0
2008-12-02 00:00:00+08:00,54.60659408569336,55.25777789953839,54.60659408569336,54.60659408569336,3650077,0.0,0.0
2008-12-03 00:00:00+08:00,54.60659523482461,54.88567210843806,50.79250564066665,50.88553237915039,6615529,0.0,0.0
2008-12-04 00:00:00+08:00,51.72276736274504,53.02513830123926,50.04828948701315,50.327369689941406,6187050,0.0,0.0
2008-12-05 00:00:00+08:00,50.048285646065565,50.69947273625625,46.88538360595703,46.88538360595703,6166332,0.0,0.0
2008-12-08 00:00:00+08:00,46.14117613966604,50.141319274902344,45.95512265971664,50.141319274902344,8100610,0.0,0.0
2008-12-09 00:00:00+08:00,52.560010754442956,53.58330154418945,51.53671662285865,53.58330154418945,5234979,0.0,0.0
2008-12-10 00:00:00+08:00,53.49027014346301,57.304359436035156,52.653032905148706,57.304359436035156,12105713,0.0,0.0
2008-12-11 00:00:00+08:00,58.60673356476051,61.30449873703093,58.141596568132826,60.28120803833008,11312791,0.0,0.0
2008-12-12 00:00:00+08:00,60.93240373097108,64.00227609077585,56.74620382010226,58.1416015625,13991021,0.0,0.0
2008-12-15 00:00:00+08:00,60.746345082669855,62.14174270629883,59.53699423742804,62.14174270629883,7628812,0.0,0.0
2008-12-16 00:00:00+08:00,62.32780663035907,64.6534652709961,61.025432177314364,64.6534652709961,11634856,0.0,0.0
2008-12-17 00:00:00+08:00,67.44425862856555,67.44425862856555,62.327798274477495,62.88595199584961,9310710,0.0,0.0
2008-12-18 00:00:00+08:00,62.88595730192433,64.18833169025754,62.60688041769084,63.25806427001953,6111713,0.0,0.0
2008-12-19 00:00:00+08:00,61.95569491438178,66.51399512656579,61.95569491438178,65.6767578125,9092233,0.0,0.0
2008-12-22 00:00:00+08:00,66.9791259765625,68.09544685933584,65.30465133607818,66.9791259765625,8431151,0.0,0.0
2008-12-23 00:00:00+08:00,66.9791275566045,67.72334149600945,62.420827203262945,66.42096710205078,7170198,0.0,0.0
2008-12-24 00:00:00+08:00,62.327803533457356,65.49070607859075,62.327803533457356,63.25806427001953,3276217,0.0,0.0
2008-12-25 00:00:00+08:00,63.25806427001953,64.65346205853862,62.699903817876724,63.25806427001953,3485277,0.0,0.0
2008-12-26 00:00:00+08:00,63.444114685058594,64.65345893102997,63.258061210011036,63.444114685058594,2795002,0.0,0.0
2008-12-29 00:00:00+08:00,63.81622600731135,66.14189126290334,63.44411903172255,65.49070739746094,4953407,0.0,0.0
2008-12-30 00:00:00+08:00,67.16518395826489,70.04900975685821,66.79307697240277,69.6769027709961,6765262,0.0,0.0
2008-12-31 00:00:00+08:00,70.51412815681823,73.0258465424459,70.23505130671516,72.00255584716797,6982797,0.0,0.0
2009-01-02 00:00:00+08:00,72.00255584716797,72.00255584716797,72.00255584716797,72.00255584716797,0,0.0,0.0
2009-01-05 00:00:00+08:00,77.02598571777344,77.02598571777344,77.02598571777344,77.02598571777344,1145122,0.0,0.0
2009-01-06 00:00:00+08:00,81.86338677987315,81.86338677987315,76.28179511283298,77.39810943603516,6930061,0.0,0.0
2009-01-07 00:00:00+08:00,77.9562620173258,78.14231549956492,74.42125253845822,76.74691772460938,5350809,0.0,0.0
2009-01-08 00:00:00+08:00,71.44439697265625,73.86308533689795,71.44439697265625,71.44439697265625,4378962,0.0,0.0
2009-01-09 00:00:00+08:00,71.44439948399392,72.83979718038867,68.83965756296872,69.95597839355469,3205589,0.0,0.0
2009-01-12 00:00:00+08:00,69.11872905595845,73.3049285034115,69.11872905595845,71.63044738769531,3835594,0.0,0.0
2009-01-13 00:00:00+08:00,70.51412664388452,71.63044738769531,68.8396522118432,71.63044738769531,2072709,0.0,0.0
2009-01-14 00:00:00+08:00,71.63043674368488,73.95610127253502,71.63043674368488,71.81649017333984,3621825,0.0,0.0
2009-01-15 00:00:00+08:00,66.97913180492543,68.2815062814905,66.79307830827328,66.8861083984375,2759217,0.0,0.0
2009-01-16 00:00:00+08:00,68.09544345073886,67.44425964355469,66.04886195177411,67.44425964355469,2912716,0.0,0.0
2009-01-19 00:00:00+08:00,64.65347116484847,66.97913670117083,64.65347116484847,66.79308319091797,2287419,0.0,0.0
2009-01-20 00:00:00+08:00,65.86282232333045,68.93269521698747,65.86282232333045,66.79308319091797,4055955,0.0,0.0
2009-01-21 00:00:00+08:00,65.86280852433248,67.53728308211022,65.2116180330408,65.58372497558594,2515313,0.0,0.0
2009-02-02 00:00:00+08:00,66.97912260252723,69.30478764931313,66.51399226664019,68.37452697753906,3693396,0.0,0.0
2009-02-03 00:00:00+08:00,69.9559819390901,72.5607239921298,69.11873793187941,71.07229614257812,3948600,0.0,0.0
2009-02-04 00:00:00+08:00,71.63045946877955,72.00256644614214,69.21177079959867,70.23506164550781,2743208,0.0,0.0
2009-02-05 00:00:00+08:00,69.30479409705168,70.32808494140976,67.72334278749577,68.65361022949219,2561457,0.0,0.0
2009-02-06 00:00:00+08:00,69.76992332673044,71.81651166540438,69.58387652507231,70.5141372680664,3906223,0.0,0.0
2009-02-09 00:00:00+08:00,70.88624172746883,75.44454193115234,70.88624172746883,75.44454193115234,10918213,0.0,0.0
2009-02-10 00:00:00+08:00,75.90969120993333,76.28179822741933,74.42126313998932,75.63060760498047,5153992,0.0,0.0
2009-02-11 00:00:00+08:00,73.58401506566598,80.37495712853969,73.58401506566598,78.60745239257812,11201669,0.0,0.0
2009-02-12 00:00:00+08:00,78.04928237253345,78.60744274968395,73.77005949805458,73.86308288574219,7037416,0.0,0.0
2009-02-13 00:00:00+08:00,73.95611897217437,76.74691440123556,73.95611897217437,76.28178405761719,6631538,0.0,0.0
2009-02-16 00:00:00+08:00,76.65390039799912,81.3982545454401,76.65390039799912,80.46798706054688,9103533,0.0,0.0
2009-02-17 00:00:00+08:00,80.0028521026774,80.4679824767903,77.30507989200038,77.77021026611328,4326226,0.0,0.0
2009-02-18 00:00:00+08:00,75.72362089392217,77.39809541727377,74.97940702413247,76.18875122070312,4281966,0.0,0.0
2009-02-19 00:00:00+08:00,76.18874548078213,78.51441030682598,76.18874548078213,77.2120361328125,4574838,0.0,0.0
2009-02-20 00:00:00+08:00,77.1190289913614,78.23534994707283,74.7003402709961,74.7003402709961,3829002,0.0,0.0
2009-02-23 00:00:00+08:00,73.2119003388927,74.04913757670967,70.70018194176677,73.5840072631836,3942008,0.0,0.0
2009-02-24 00:00:00+08:00,71.16532313135653,72.93282778402538,71.16532313135653,72.18861389160156,2373115,0.0,0.0
2009-02-25 00:00:00+08:00,74.7003261878508,76.0026937069712,73.30492859812188,73.49098205566406,6602345,0.0,0.0
2009-02-26 00:00:00+08:00,73.02584497562138,73.02584497562138,70.70018010118632,71.63044738769531,5384711,0.0,0.0
2009-02-27 00:00:00+08:00,71.44440900117654,72.83980688345368,71.44440900117654,72.56072998046875,4932689,0.0,0.0
2009-03-02 00:00:00+08:00,72.09558499113193,72.09558499113193,67.53728485107422,67.53728485107422,7211633,0.0,0.0
2009-03-03 00:00:00+08:00,64.28135862341655,64.74648896889963,62.88595421961633,64.37438201904297,7051542,0.0,0.0
2009-03-04 00:00:00+08:00,64.18832699363156,66.8860989730893,64.18832699363156,65.86280822753906,6297230,0.0,0.0
2009-03-05 00:00:00+08:00,68.65361012052234,68.65361012052234,66.97912872758658,67.07215881347656,4280082,0.0,0.0
2009-03-06 00:00:00+08:00,66.51400626737707,67.72335074218226,65.58373871611276,66.79308319091797,4041829,0.0,0.0
2009-03-09 00:00:00+08:00,66.79306889603455,67.44425938439181,65.49070128667073,65.86280822753906,3570031,0.0,0.0
2009-03-10 00:00:00+08:00,65.86281605687451,66.97913032850421,65.86281605687451,66.51399993896484,2713073,0.0,0.0
2009-03-11 00:00:00+08:00,68.37452450104925,70.70018277992565,67.53728056963162,68.00241088867188,8174063,0.0,0.0
2009-03-12 00:00:00+08:00,68.00241519960083,68.83965918409451,66.97912442263694,67.53728485107422,3505995,0.0,0.0
2009-03-13 00:00:00+08:00,68.93267636586383,69.49083674398145,67.81636229330354,67.90938568115234,5821666,0.0,0.0
2009-03-16 00:00:00+08:00,67.1651710510254,71.3513704956674,67.1651710510254,70.70018005371094,9059273,0.0,0.0
2009-03-17 00:00:00+08:00,70.70018893955006,71.07229590067145,69.118737696622,70.42111206054688,3959900,0.0,0.0
2009-03-18 00:00:00+08:00,72.56071954594567,75.25849151611328,72.09558252962435,75.25849151611328,11518084,0.0,0.0
2009-03-19 00:00:00+08:00,75.72362371021802,78.14231219331464,74.14217251993556,74.42124938964844,15544846,0.0,0.0
2009-03-20 00:00:00+08:00,76.28178405761719,77.9562586415837,74.70033286890414,76.28178405761719,13974070,0.0,0.0
2009-03-23 00:00:00+08:00,77.67718498321,78.60745239257812,76.00270364634737,78.60745239257812,7181498,0.0,0.0
2009-03-24 00:00:00+08:00,82.32851081781719,82.79364115507845,80.00284576416016,80.00284576416016,12525716,0.0,0.0
2009-03-25 00:00:00+08:00,79.5377122758456,81.6773239528927,78.9795518361365,81.1191635131836,7553475,0.0,0.0
2009-03-26 00:00:00+08:00,81.8633818879976,86.79378934823919,81.11916792788354,84.74720764160156,16895262,0.0,0.0
2009-03-27 00:00:00+08:00,90.60786437988281,90.60786437988281,90.60786437988281,90.60786437988281,5884760,0.0,0.0
2009-03-30 00:00:00+08:00,93.02655792236328,95.81735318962566,90.97997650868423,93.02655792236328,17585537,0.0,0.0
2009-03-31 00:00:00+08:00,93.0265598259883,93.0265598259883,86.70075530843374,87.4449691772461,9477393,0.0,0.0
2009-04-02 00:00:00+08:00,90.23575516317361,92.09628295898438,88.37522068368831,92.09628295898438,6272746,0.0,0.0
2009-04-03 00:00:00+08:00,94.88708467821232,97.21274275205714,92.09628295898438,92.09628295898438,9501878,0.0,0.0
2009-04-06 00:00:00+08:00,93.02656171120515,93.02656171120515,87.91010128494614,89.39852905273438,5525026,0.0,0.0
2009-04-07 00:00:00+08:00,87.724049631381,90.70089854495448,86.88681233649248,88.56128692626953,6354675,0.0,0.0
2009-04-08 00:00:00+08:00,87.63103348921395,87.817080295766,85.58444509670475,86.32865905761719,5141749,0.0,0.0
2009-04-09 00:00:00+08:00,86.42166853722402,91.72418212890625,86.42166853722402,91.72418212890625,5897944,0.0,0.0
2009-04-10 00:00:00+08:00,92.65446106459258,93.95683544989608,85.30536517099804,86.51470947265625,11681942,0.0,0.0
2009-04-13 00:00:00+08:00,85.58443097969976,90.97997462265319,84.09600998706343,90.14273071289062,6032609,0.0,0.0
2009-04-14 00:00:00+08:00,89.30550839904231,90.14274576493187,87.91011056133433,89.49156188964844,4655826,0.0,0.0
2009-04-15 00:00:00+08:00,89.6776095630612,94.42196324024748,89.6776095630612,93.95683288574219,8710839,0.0,0.0
2009-04-16 00:00:00+08:00,96.74762838012522,97.67789577281145,93.02656549305597,93.95683288574219,10051838,0.0,0.0
2009-04-17 00:00:00+08:00,95.817360987439,100.46869126719449,91.16603739135915,93.95683288574219,19326764,0.0,0.0
2009-04-20 00:00:00+08:00,96.74762616304675,100.46868896484375,95.81735879167863,100.46868896484375,13249893,0.0,0.0
2009-04-21 00:00:00+08:00,99.53841406737244,104.18974388885034,98.60815345001683,101.3989486694336,13092627,0.0,0.0
2009-04-22 00:00:00+08:00,102.32920568215101,103.72460992638,96.28248514764087,98.14301300048828,7865182,0.0,0.0
2009-04-23 00:00:00+08:00,94.88709070045337,94.88709070045337,91.35208164874786,92.93353271484375,7668364,0.0,0.0
2009-04-24 00:00:00+08:00,93.0265561028847,94.88709070045337,91.16602818899099,92.93353271484375,7217283,0.0,0.0
2009-04-27 00:00:00+08:00,93.02656803182215,93.02656803182215,86.51470947265625,86.51470947265625,8828553,0.0,0.0
2009-04-28 00:00:00+08:00,84.18904577790907,86.32865753598134,80.46798272261071,80.93311309814453,8288952,0.0,0.0
2009-04-29 00:00:00+08:00,80.1889058340256,82.51456439537064,80.1889058340256,80.93311309814453,5164350,0.0,0.0
2009-04-30 00:00:00+08:00,86.32865598904147,86.51470947265625,83.90996738572504,86.51470947265625,6423420,0.0,0.0
2009-05-04 00:00:00+08:00,88.37524076645033,89.67761519804709,85.86352867388494,86.32865905761719,8779584,0.0,0.0
2009-05-05 00:00:00+08:00,86.51471107582655,90.04972064633756,86.32865758876409,88.46826934814453,8256934,0.0,0.0
2009-05-06 00:00:00+08:00,90.04970593227871,93.95682183849466,88.46825489249366,92.5614242553711,9774974,0.0,0.0
2009-05-07 00:00:00+08:00,94.88709380567775,95.81735445123034,90.23576384321409,90.88694763183594,8299311,0.0,0.0
2009-05-08 00:00:00+08:00,89.7706332285408,92.09629151853538,89.30549622360176,90.23576354980469,4717037,0.0,0.0
2009-05-11 00:00:00+08:00,90.4218293426791,92.65446454627664,89.39853848618341,89.49156188964844,5136099,0.0,0.0
2009-05-12 00:00:00+08:00,88.3752282368439,88.3752282368439,84.28205871582031,84.28205871582031,4580489,0.0,0.0
2009-05-13 00:00:00+08:00,84.28207527411328,90.04972710291538,83.7239214565821,88.74735260009766,5596596,0.0,0.0
2009-05-14 00:00:00+08:00,87.91009366506462,90.70088880409133,87.25890991493833,87.5379867553711,3761199,0.0,0.0
2009-05-15 00:00:00+08:00,89.30549560143105,89.49154906537544,86.88680725382905,87.07286071777344,3038905,0.0,0.0
2009-05-18 00:00:00+08:00,88.56130696319792,89.21249761426527,87.44499254533977,87.81709289550781,3406173,0.0,0.0
2009-05-19 00:00:00+08:00,92.09629810036974,93.95683288574219,90.32879339610373,93.95683288574219,8427384,0.0,0.0
2009-05-20 00:00:00+08:00,95.81736291766553,100.0035629272461,94.88710218991497,100.0035629272461,17796481,0.0,0.0
2009-05-21 00:00:00+08:00,103.72461933519989,106.98054504394531,102.32921496439432,106.98054504394531,10844760,0.0,0.0
2009-05-22 00:00:00+08:00,107.44568847675436,112.09701215032013,104.18975588995013,110.70161437988281,13214108,0.0,0.0
2009-05-25 00:00:00+08:00,114.88780646752565,115.35293679776613,106.98054406771043,109.7713394165039,9462326,0.0,0.0
2009-05-26 00:00:00+08:00,109.7713468269805,117.21347939896093,109.7713468269805,112.56214904785156,13531465,0.0,0.0
2009-05-27 00:00:00+08:00,117.21347698130536,120.00427246093749,117.21347698130536,120.0042724609375,9174162,0.0,0.0
2009-06-01 00:00:00+08:00,122.79505584333357,125.58585104802867,118.14372604639179,122.32992553710938,10861711,0.0,0.0
2009-06-02 00:00:00+08:00,123.72533367929243,124.65560778859196,113.9575424194336,113.9575424194336,6358442,0.0,0.0
2009-06-03 00:00:00+08:00,111.63187844149581,116.2832019756213,109.77134368090519,110.23648071289062,6988447,0.0,0.0
2009-06-04 00:00:00+08:00,107.9108123595878,111.63187508521756,106.98054500726151,108.84107971191406,3829944,0.0,0.0
2009-06-05 00:00:00+08:00,111.63189105786759,116.2832151176747,110.23649317155783,115.81808471679688,7877424,0.0,0.0
2009-06-08 00:00:00+08:00,116.74832881382372,117.21347251549987,108.37594269391326,108.84107971191406,4418514,0.0,0.0
2009-06-09 00:00:00+08:00,108.84109219138412,109.77135296669663,101.39896588682745,104.65489196777344,4929864,0.0,0.0
2009-06-10 00:00:00+08:00,97.67790105788912,101.86409452596688,97.67790105788912,99.5384292602539,4939281,0.0,0.0
2009-06-11 00:00:00+08:00,102.7943593958016,106.05028533935547,100.46869418830552,106.05028533935547,5173768,0.0,0.0
2009-06-12 00:00:00+08:00,108.84108298428542,113.02727617010102,108.84108298428542,110.23648071289062,9302235,0.0,0.0
2009-06-15 00:00:00+08:00,108.84107730345804,108.84107730345804,102.79434967265338,103.72461700439453,4428873,0.0,0.0
2009-06-16 00:00:00+08:00,102.32922334818068,105.12002563476562,98.14302994381708,105.12002563476562,3895864,0.0,0.0
2009-06-17 00:00:00+08:00,106.98055275908906,107.91082017882266,104.65488755159298,106.05028533935547,5614489,0.0,0.0
2009-06-18 00:00:00+08:00,108.37594383149604,108.84108085437923,100.0035576237037,102.32921600341797,3761199,0.0,0.0
2009-06-19 00:00:00+08:00,102.32922234409689,106.98055275908906,100.93382455633441,106.05028533935547,3435366,0.0,0.0
2009-06-22 00:00:00+08:00,106.05027348619517,109.77133606555333,105.58514317015354,109.30620574951172,3681153,0.0,0.0
2009-06-23 00:00:00+08:00,104.65488428169549,108.37594716069103,104.65488428169549,105.58515167236328,2533206,0.0,0.0
2009-06-24 00:00:00+08:00,107.44568634033203,109.77134478903426,105.58515156095952,107.44568634033203,3081283,0.0,0.0
2009-06-25 00:00:00+08:00,109.30621221251715,114.88780975341798,108.84108186897353,114.88780975341797,5080538,0.0,0.0
2009-06-26 00:00:00+08:00,118.14373349501706,122.79506358521193,117.67860315946771,118.6088638305664,11151758,0.0,0.0
2009-06-29 00:00:00+08:00,119.53914233005406,120.00427268296144,114.4226817133705,116.283203125,3306352,0.0,0.0
2009-06-30 00:00:00+08:00,120.00426913309359,123.72532521363058,118.14373440914967,119.53913879394531,5645565,0.0,0.0
2009-07-01 00:00:00+08:00,119.53914210889067,121.86480723647597,117.21347698130536,120.0042724609375,4808383,0.0,0.0
2009-07-02 00:00:00+08:00,120.00426820456515,122.79506358521193,118.6088638305664,118.6088638305664,4386496,0.0,0.0
2009-07-03 00:00:00+08:00,116.28320280721768,122.79506783217876,115.35294210394517,121.86480712890625,5880994,0.0,0.0
2009-07-06 00:00:00+08:00,123.72532853545127,125.58586330934746,121.39966340991882,121.86480712890625,6647547,0.0,0.0
2009-07-07 00:00:00+08:00,121.86479854120091,122.79505917891876,119.07398989334686,120.93452453613281,3366621,0.0,0.0
2009-07-08 00:00:00+08:00,119.07398989334686,124.19045013549555,118.60885957448794,120.93452453613281,5866868,0.0,0.0
2009-07-09 00:00:00+08:00,121.39966015053841,122.79506453533403,119.07399508744622,119.53913879394531,4232055,0.0,0.0
2009-07-10 00:00:00+08:00,120.00427268296144,120.93453338877619,116.283203125,116.283203125,3872321,0.0,0.0
2009-07-13 00:00:00+08:00,116.2832019756213,118.60886708452182,108.84108298428542,110.23648071289062,5345159,0.0,0.0
2009-07-14 00:00:00+08:00,111.63186983503024,113.02726745605469,109.30620490543117,113.02726745605469,3890214,0.0,0.0
2009-07-15 00:00:00+08:00,113.95752808095429,115.35293238565376,110.70160252645562,113.02726745605469,3827119,0.0,0.0
2009-07-16 00:00:00+08:00,115.35294443791506,117.213479249456,113.95753998742148,114.42268371582031,4418514,0.0,0.0
2009-07-17 00:00:00+08:00,116.28320301573626,118.60886814543908,114.42268160585496,118.14373779296875,4462775,0.0,0.0
2009-07-20 00:00:00+08:00,119.0740075188215,119.5391512738818,115.35295104980469,115.35295104980469,3247966,0.0,0.0
2009-07-21 00:00:00+08:00,116.2832151176747,120.00428505940246,115.35295431591905,115.81808471679688,7487555,0.0,0.0
2009-07-22 00:00:00+08:00,118.60887333187587,123.72533416748047,117.6786125862575,123.72533416748047,14031515,0.0,0.0
2009-07-23 00:00:00+08:00,127.91152854778706,127.91152854778706,120.00427246093749,120.0042724609375,10472783,0.0,0.0
2009-07-24 00:00:00+08:00,123.72532752920286,125.58586228796747,120.93453207473148,122.7950668334961,6567502,0.0,0.0
2009-07-27 00:00:00+08:00,125.58585692702857,126.5161175830249,121.86480093569278,124.1904525756836,5605072,0.0,0.0
2009-07-28 00:00:00+08:00,125.12073194011408,126.51612298367425,122.7950668334961,122.7950668334961,5531618,0.0,0.0
2009-07-29 00:00:00+08:00,122.79506453533403,123.26019487448231,118.60886474829795,119.53913879394531,4604032,0.0,0.0
2009-07-30 00:00:00+08:00,118.6088682568881,119.07399860979547,113.49240764020452,116.283203125,3379805,0.0,0.0
2009-07-31 00:00:00+08:00,117.2134859679892,118.60887713111343,115.35295104980469,115.35295104980469,3473977,0.0,0.0
2009-08-03 00:00:00+08:00,113.9575379931119,116.283203125,113.49240764020452,116.283203125,2555807,0.0,0.0
2009-08-04 00:00:00+08:00,118.14373552557427,118.14373552557427,113.95753569897978,114.88780975341797,2369348,0.0,0.0
2009-08-05 00:00:00+08:00,114.88780296038651,115.35293327642812,107.91080811771178,109.30620574951172,4305509,0.0,0.0
2009-08-06 00:00:00+08:00,110.70161529784818,116.74833679199219,109.30621751583989,116.74833679199219,7454595,0.0,0.0
2009-08-10 00:00:00+08:00,116.07974973144144,119.98627829235963,114.96360253327981,118.31205749511719,7924523,3.182855,1.1998199999999999
2009-08-11 00:00:00+08:00,118.3120464489149,120.54434063682004,116.07973889365852,119.98626708984375,2253384,0.0,0.0
2009-08-12 00:00:00+08:00,119.42818737530904,123.33471536975179,118.31204033899698,120.5443344116211,2415069,0.0,0.0
2009-08-13 00:00:00+08:00,120.54435290922574,122.21858708795664,119.42820570164021,121.1024398803711,2406436,0.0,0.0
2009-08-14 00:00:00+08:00,121.66049189568122,121.66049189568122,119.42818450927734,119.42818450927734,1477925,0.0,0.0
2009-08-17 00:00:00+08:00,118.31205146203325,118.87012503265623,113.8474361623458,116.6378173828125,2958990,0.0,0.0
2009-08-18 00:00:00+08:00,114.96360044779009,115.5216740367472,111.0570652740619,112.73129272460938,3016286,0.0,0.0
2009-08-19 00:00:00+08:00,112.73128159888394,114.4055155678733,110.16413532262779,111.5035171508789,2327948,0.0,0.0
2009-08-20 00:00:00+08:00,112.17322205695194,112.17322205695194,107.93184796633332,108.48992156982422,1726731,0.0,0.0
2009-08-21 00:00:00+08:00,108.93636607736487,110.6105932889504,100.90007546175431,102.57430267333984,4133167,0.0,0.0
2009-08-24 00:00:00+08:00,103.69045673811117,104.13691958609789,101.23492778337321,102.46269226074219,4991039,0.0,0.0
2009-08-25 00:00:00+08:00,102.12784716608124,106.59245561111446,101.34653885018962,102.68592071533203,6268821,0.0,0.0
2009-08-26 00:00:00+08:00,103.46723013949469,103.69045822485094,100.45362091064453,100.45362091064453,2378180,0.0,0.0
2009-08-27 00:00:00+08:00,99.33747110184716,99.8955446419165,96.2122445733727,97.10516357421875,3156779,0.0,0.0
2009-08-28 00:00:00+08:00,96.65870996973817,97.66324637861211,91.07795437055262,92.8637924194336,5315194,0.0,0.0
2009-08-31 00:00:00+08:00,92.19409838808176,93.31025214395441,88.17595288735077,91.8592529296875,5604814,0.0,0.0
2009-09-01 00:00:00+08:00,91.5244061059905,93.97994165881003,89.40372269024559,93.86832427978516,4366276,0.0,0.0
2009-09-02 00:00:00+08:00,93.19863900162844,98.77939466743494,92.64056544015052,98.22132110595703,6201321,0.0,0.0
2009-09-03 00:00:00+08:00,99.11423356596161,102.6859161530964,99.11423356596161,101.12330627441406,6440709,0.0,0.0
2009-09-04 00:00:00+08:00,102.35107768218158,102.35107768218158,99.44908579994416,100.6768569946289,2505330,0.0,0.0
2009-09-07 00:00:00+08:00,100.67685837562804,101.90462290347843,100.45362360061823,101.23493194580078,2533586,0.0,0.0
2009-09-08 00:00:00+08:00,101.23493416481449,102.01623584344685,98.55617027538692,99.33747863769531,3257244,0.0,0.0
2009-09-09 00:00:00+08:00,100.4536205405886,103.24400167380315,100.23039245605469,100.23039245605469,4070377,0.0,0.0
2009-09-10 00:00:00+08:00,101.56977261460736,101.56977261460736,99.56069983671796,99.78392791748047,2627771,0.0,0.0
2009-09-11 00:00:00+08:00,101.3465364286398,102.01622734520956,100.00716127917575,101.79299926757812,2412715,0.0,0.0
2009-09-14 00:00:00+08:00,101.7930003244164,101.7930003244164,95.76578201271253,96.9935531616211,3659886,0.0,0.0
2009-09-15 00:00:00+08:00,97.99809349714117,97.99809349714117,93.64510231877783,95.87740325927734,2647393,0.0,0.0
2009-09-16 00:00:00+08:00,97.66324307118155,102.12784472586301,97.10516285158975,101.79299926757812,5793185,0.0,0.0
2009-09-17 00:00:00+08:00,103.80207801571584,104.02530610624697,100.90008610410743,101.01170349121094,4506769,0.0,0.0
2009-09-18 00:00:00+08:00,102.57431992800586,103.57885642393653,100.11878404339436,103.24401092529297,5406240,0.0,0.0
2009-09-21 00:00:00+08:00,103.24399394726096,103.80206745866866,101.34653197785943,102.79753112792969,3018641,0.0,0.0
2009-09-22 00:00:00+08:00,102.90914955440448,104.58337678939697,102.68591480062197,103.13237762451172,4184185,0.0,0.0
2009-09-23 00:00:00+08:00,103.80206322145634,108.82474467012477,103.57883516274049,106.36920928955078,10026817,0.0,0.0
2009-09-24 00:00:00+08:00,106.59246591172854,107.03892212080241,102.90916542664942,103.24401092529297,3472300,0.0,0.0
2009-09-25 00:00:00+08:00,101.68138254681466,103.24399915140215,101.12330900727657,101.90461730957031,2535156,0.0,0.0
2009-09-28 00:00:00+08:00,100.78846216966939,101.4581530814348,94.87286134363332,96.54708862304688,5689581,0.0,0.0
2009-09-29 00:00:00+08:00,96.54707952178492,97.66323316406863,95.98900604248047,95.98900604248047,4106482,0.0,0.0
2009-09-30 00:00:00+08:00,96.21225539453692,98.4445564895607,96.21225539453692,97.99810028076172,3182680,0.0,0.0
2009-10-01 00:00:00+08:00,98.22131097177974,98.77938447567732,97.21677465455903,97.3283920288086,1772254,0.0,0.0
2009-10-02 00:00:00+08:00,95.98902027866626,96.54709384073891,95.54255741880264,95.6541748046875,1860161,0.0,0.0
2009-10-05 00:00:00+08:00,96.10061127493881,97.43999289620658,96.10061127493881,96.65869140625,1483419,0.0,0.0
2009-10-06 00:00:00+08:00,97.10516628453034,98.44454816502078,96.77032081440773,97.886474609375,1644319,0.0,0.0
2009-10-07 00:00:00+08:00,102.46269121561689,104.69499206542969,100.56523582745979,104.69499206542969,7699653,0.0,0.0
2009-10-08 00:00:00+08:00,105.25306167307973,106.81567144195054,103.5788345336914,103.5788345336914,10636667,0.0,0.0
2009-10-09 00:00:00+08:00,105.4763027308701,107.82022101491226,104.69499440829749,105.2530746459961,5153509,0.0,0.0
2009-10-12 00:00:00+08:00,106.48083822779405,106.59245561111446,101.90461908311606,102.68592071533203,3601805,0.0,0.0
2009-10-13 00:00:00+08:00,101.5697766445047,104.47176854425962,101.5697766445047,103.69046020507812,2424488,0.0,0.0
2009-10-14 00:00:00+08:00,104.80660944720678,105.81114583217386,104.0253011421183,104.69499206542969,2967624,0.0,0.0
2009-10-15 00:00:00+08:00,105.81114367202946,107.70859902144983,105.47629821720966,106.25760650634766,5349729,0.0,0.0
2009-10-16 00:00:00+08:00,107.1505323996721,110.2757590740428,106.59245883355,108.71314239501953,6499575,0.0,0.0
2009-10-19 00:00:00+08:00,110.05252355886383,110.83383189310918,108.26668548583984,108.26668548583984,4120609,0.0,0.0
2009-10-20 00:00:00+08:00,110.27574574769471,111.28028205552614,108.93636400391948,109.38282012939453,4018575,0.0,0.0
2009-10-21 00:00:00+08:00,109.15959335327115,109.38282141863976,106.92729264855966,107.37374877929688,2596376,0.0,0.0
2009-10-22 00:00:00+08:00,107.70859445767226,109.38282166083168,104.36014005135343,105.02983093261719,3558637,0.0,0.0
2009-10-23 00:00:00+08:00,105.92277224946551,106.25761773968449,103.24400832771373,104.9182357788086,2295768,0.0,0.0
2009-10-26 00:00:00+08:00,108.82475668947819,109.15960215637206,106.48083842122116,107.70860290527344,3263523,0.0,0.0
2009-10-27 00:00:00+08:00,107.15052691679396,107.15052691679396,106.03437315798733,106.81568145751953,1160834,0.0,0.0
2009-10-28 00:00:00+08:00,100.45360869669074,106.03436362144996,100.45360869669074,103.80206298828125,5297927,0.0,0.0
2009-10-29 00:00:00+08:00,101.5697753688209,103.13238534388216,100.11877609532961,100.56523895263672,4360782,0.0,0.0
2009-10-30 00:00:00+08:00,101.01169513951513,101.12330583371474,94.98447704042462,96.10062408447266,5844202,0.0,0.0
2009-11-02 00:00:00+08:00,94.31478919019654,97.10516357421875,94.31478919019654,97.10516357421875,1847603,0.0,0.0
2009-11-03 00:00:00+08:00,99.33746172194384,103.80206298828125,99.11422698005453,103.80206298828125,6005887,0.0,0.0
2009-11-04 00:00:00+08:00,106.5924581150825,109.38283261056088,105.58792169262809,108.26668548583984,7712996,0.0,0.0
2009-11-05 00:00:00+08:00,108.82476570982368,108.82476570982368,107.15053823657979,107.93184661865234,2355419,0.0,0.0
2009-11-06 00:00:00+08:00,109.6060548758071,111.61512749146996,107.82021032288176,109.38282012939453,5107201,0.0,0.0
2009-11-09 00:00:00+08:00,110.05250468383107,110.16412205063007,108.71312301694165,109.60604858398438,1864085,0.0,0.0
2009-11-10 00:00:00+08:00,111.057061398618,111.39190687704274,108.82476043701172,108.82476043701172,2615998,0.0,0.0
2009-11-11 00:00:00+08:00,109.38282573987124,116.0797348022461,108.82475221256513,116.0797348022461,11255936,0.0,0.0
2009-11-12 00:00:00+08:00,116.07974381218952,118.31205146203325,115.52167024156654,116.6378173828125,8458631,0.0,0.0
2009-11-13 00:00:00+08:00,116.07974103775315,116.63781459503754,113.84743344126409,115.52166748046875,3540585,0.0,0.0
2009-11-16 00:00:00+08:00,117.75396682084094,123.33471536975179,116.63780641717834,120.5443344116211,7823664,0.0,0.0
2009-11-17 00:00:00+08:00,122.77664819207642,122.77664819207642,118.3120464489149,119.98626708984375,5632285,0.0,0.0
2009-11-18 00:00:00+08:00,122.21857246960919,128.3574081117795,121.66049893256661,126.68317413330078,8854209,0.0,0.0
2009-11-19 00:00:00+08:00,126.68317421620085,128.91548173318296,124.45086669921875,124.45086669921875,7348028,0.0,0.0
2009-11-20 00:00:00+08:00,123.89279032148858,126.12509778729358,119.42818875722926,123.334716796875,8208254,0.0,0.0
2009-11-23 00:00:00+08:00,123.33471062197937,127.79931196271322,123.33471062197937,123.89278411865234,5088364,0.0,0.0
2009-11-24 00:00:00+08:00,126.68317405327171,131.70586261818394,126.68317405327171,128.9154815673828,8048139,0.0,0.0
2009-11-25 00:00:00+08:00,128.91547877771217,128.91547877771217,122.77664327226142,123.334716796875,5582052,0.0,0.0
2009-11-26 00:00:00+08:00,128.35742725701624,128.91550087729865,125.00897216796875,125.00897216796875,3621427,0.0,0.0
2009-11-27 00:00:00+08:00,122.7766299949367,133.38006591796875,122.7766299949367,133.38006591796875,15648114,0.0,0.0
2009-11-30 00:00:00+08:00,133.38006140053616,133.38006140053616,128.91546047029928,131.70584106445312,5939172,0.0,0.0
2009-12-01 00:00:00+08:00,130.03162802232808,138.96084466895383,130.03162802232808,133.9381561279297,10547976,0.0,0.0
2009-12-02 00:00:00+08:00,135.0543031960013,138.96084466895383,131.1477750903997,133.9381561279297,7503434,0.0,0.0
2009-12-03 00:00:00+08:00,135.0543147682947,138.4027696267769,132.82202044087458,137.84469604492188,7270325,0.0,0.0
2009-12-04 00:00:00+08:00,140.07699238416325,147.33197509484773,140.07699238416325,143.9835205078125,8496305,0.0,0.0
2009-12-07 00:00:00+08:00,150.680400433056,154.0288543701172,148.44809335256576,154.0288543701172,6624371,0.0,0.0
2009-12-08 00:00:00+08:00,156.8192348788929,164.63228960958617,150.680400433056,154.0288543701172,19414744,0.0,0.0
2009-12-09 00:00:00+08:00,154.02890856832016,164.0742739141697,152.91276131901012,162.40003967285156,9986003,0.0,0.0
2009-12-10 00:00:00+08:00,151.23849487304688,156.26118316011963,151.23849487304688,151.23849487304688,14654458,0.0,0.0
2009-12-11 00:00:00+08:00,142.86738614594825,155.14504514589228,142.86738614594825,148.44813537597656,16532671,0.0,0.0
2009-12-14 00:00:00+08:00,148.4481033736133,150.1223371388379,142.8673553466797,142.8673553466797,4725750,0.0,0.0
2009-12-15 00:00:00+08:00,142.86737282446978,150.12235550417188,142.86737282446978,149.00619506835938,7109425,0.0,0.0
2009-12-16 00:00:00+08:00,145.657749660456,150.12235117284052,143.98351573871773,147.33197021484375,4022500,0.0,0.0
2009-12-17 00:00:00+08:00,148.44812070398098,149.5642811335517,142.86737202553067,143.42544555664062,4131598,0.0,0.0
2009-12-18 00:00:00+08:00,143.42546803722254,146.21584949748893,140.63508657695613,145.65777587890625,3248610,0.0,0.0
2009-12-21 00:00:00+08:00,147.8900344665147,148.44810794967628,143.9835067170337,144.5415802001953,2789456,0.0,0.0
2009-12-22 00:00:00+08:00,145.65774202347606,154.58694458007812,145.0996551672573,154.58694458007812,7680816,0.0,0.0
2009-12-23 00:00:00+08:00,155.14501806894702,155.70309155781592,152.91272411347143,154.58694458007812,3640264,0.0,0.0
2009-12-24 00:00:00+08:00,155.70310407140465,156.26119097247587,150.680428900571,153.47080993652344,4006017,0.0,0.0
2009-12-25 00:00:00+08:00,154.02888347024376,156.26119097247587,152.35464950173193,153.47080993652344,2095624,0.0,0.0
2009-12-28 00:00:00+08:00,152.91274059397313,157.93541590247278,152.91274059397313,155.14503479003906,2624632,0.0,0.0
2009-12-29 00:00:00+08:00,155.70312053345265,165.19041171181485,155.70312053345265,164.0742645263672,7370790,0.0,0.0
2009-12-30 00:00:00+08:00,163.51620028951467,164.0742739141697,160.7258187988865,162.40003967285156,3205442,0.0,0.0
2009-12-31 00:00:00+08:00,163.51617643625212,173.00345340611727,162.9580895256561,169.65499877929688,5852835,0.0,0.0
2010-01-04 00:00:00+08:00,169.65500094009508,171.88730850885733,163.51617851886365,165.19039916992188,3972267,0.0,0.0
2010-01-05 00:00:00+08:00,166.30655419423792,167.42271471547375,161.28387863440858,162.95809936523438,3787821,0.0,0.0
2010-01-06 00:00:00+08:00,163.51618630952828,169.6550090232415,162.40002578829245,162.95809936523438,4256393,0.0,0.0
2010-01-07 00:00:00+08:00,165.1903876077473,166.30653463033028,153.470803768575,156.2611846923828,4267382,0.0,0.0
2010-01-08 00:00:00+08:00,156.26119525542333,157.93541590247278,151.7965801285889,155.14503479003906,2341291,0.0,0.0
2010-01-11 00:00:00+08:00,154.58694927531195,155.1450227811311,150.68042136722775,151.23849487304688,2637975,0.0,0.0
2010-01-12 00:00:00+08:00,155.14501806894702,157.93539888064137,152.91272411347143,154.58694458007812,4265812,0.0,0.0
2010-01-13 00:00:00+08:00,154.0288772798665,156.81925820367428,152.91273025728353,156.2611846923828,2888351,0.0,0.0
2010-01-14 00:00:00+08:00,158.49349561449512,158.49349561449512,155.14504082284057,156.81927490234375,2140362,0.0,0.0
2010-01-15 00:00:00+08:00,156.26116145060743,156.26116145060743,152.91270751354625,154.0288543701172,2677219,0.0,0.0
2010-01-18 00:00:00+08:00,151.79657946462206,154.02888701827504,148.4481248178182,149.5642852783203,3047681,0.0,0.0
2010-01-19 00:00:00+08:00,149.5642852783203,150.6804323714712,147.33197772466733,149.5642852783203,2739224,0.0,0.0
2010-01-20 00:00:00+08:00,152.91273021383495,155.70309776949952,151.79656982421875,151.79656982421875,5928184,0.0,0.0
2010-01-21 00:00:00+08:00,151.7965956778423,153.4708298637429,143.98353845658002,145.0996856689453,5202171,0.0,0.0
2010-01-22 00:00:00+08:00,141.19314153289017,143.4254490795116,139.5189208984375,139.5189208984375,3030414,0.0,0.0
2010-01-25 00:00:00+08:00,136.17046648911992,140.07699467670457,135.05430603027344,135.05430603027344,3058669,0.0,0.0
2010-01-26 00:00:00+08:00,135.61237607254145,137.84466997782388,127.2412338256836,127.2412338256836,3820786,0.0,0.0
2010-01-27 00:00:00+08:00,130.03162524759955,135.61238720357233,128.3574046812181,132.82200622558594,7406894,0.0,0.0
2010-01-28 00:00:00+08:00,133.93814547020392,141.75120105970666,131.70585151168876,140.0769805908203,7095297,0.0,0.0
2010-01-29 00:00:00+08:00,135.0542952454569,143.425437865244,135.0542952454569,141.19313049316406,4430636,0.0,0.0
2010-02-01 00:00:00+08:00,141.19313082231838,141.75120432480182,135.61238243013375,136.1704559326172,2262018,0.0,0.0
2010-02-02 00:00:00+08:00,141.19313082231838,141.75120432480182,136.1704559326172,136.1704559326172,3885146,0.0,0.0
2010-02-03 00:00:00+08:00,140.07699444325507,142.3093019898765,138.4027604414512,139.5189208984375,3314540,0.0,0.0
2010-02-04 00:00:00+08:00,140.63505699198163,142.3092908628791,137.2866026175368,141.19313049316406,3111256,0.0,0.0
2010-02-05 00:00:00+08:00,135.612368549329,138.40273577613405,131.70584106445312,131.70584106445312,3327098,0.0,0.0
2010-02-08 00:00:00+08:00,126.12508687304236,127.79930730200421,123.89277960041036,127.2412338256836,2301262,0.0,0.0
2010-02-09 00:00:00+08:00,127.24123685706299,132.8219984879236,126.6831633674469,130.58969116210938,4787756,0.0,0.0
2010-02-10 00:00:00+08:00,135.05430580519464,139.5189208984375,133.93815871555952,139.5189208984375,9841586,0.0,0.0
2010-02-22 00:00:00+08:00,142.30928791668532,142.8673614063141,138.96083361156275,140.0769805908203,4794820,0.0,0.0
2010-02-23 00:00:00+08:00,140.0769972448022,141.75121791273938,137.8446896535345,140.63507080078125,3170122,0.0,0.0
2010-02-24 00:00:00+08:00,137.84469604492188,140.07700373969405,136.72854888121182,137.84469604492188,2455098,0.0,0.0
2010-02-25 00:00:00+08:00,138.9608475852093,142.30930222704632,135.05430603027344,135.05430603027344,3265092,0.0,0.0
2010-02-26 00:00:00+08:00,136.72853980699853,139.5189208984375,133.93815871555952,139.5189208984375,2907973,0.0,0.0
2010-03-01 00:00:00+08:00,140.07699444325507,142.3093019898765,138.4027604414512,139.5189208984375,2765125,0.0,0.0
2010-03-02 00:00:00+08:00,141.75121507770774,141.75121507770774,138.96084735361995,139.5189208984375,1744783,0.0,0.0
2010-03-03 00:00:00+08:00,141.1931401039439,141.7512136431135,138.402759040745,138.96084594726562,1488128,0.0,0.0
2010-03-04 00:00:00+08:00,140.0769932129639,140.63506675287994,134.49623107910156,134.49623107910156,3075937,0.0,0.0
2010-03-05 00:00:00+08:00,136.1704559326172,137.2866029375841,132.2639280478829,136.1704559326172,2681143,0.0,0.0
2010-03-08 00:00:00+08:00,138.40274994255097,138.40274994255097,135.05429556030012,136.1704559326172,2557132,0.0,0.0
2010-03-09 00:00:00+08:00,136.17045737539263,139.51891179312156,136.17045737539263,136.72853088378906,4567990,0.0,0.0
2010-03-10 00:00:00+08:00,138.40276403680895,138.40276403680895,133.9381621949381,135.61239624023438,3750932,0.0,0.0
2010-03-11 00:00:00+08:00,135.61238243013375,137.84467644006753,135.61238243013375,136.1704559326172,1903329,0.0,0.0
2010-03-12 00:00:00+08:00,137.2866086856061,140.63506320805263,136.1704616339075,138.4027557373047,3430702,0.0,0.0
2010-03-15 00:00:00+08:00,138.4027577675671,138.96084466895383,133.9381561279297,133.9381561279297,3480934,0.0,0.0
2010-03-16 00:00:00+08:00,133.9381561279297,136.17046363142384,133.9381561279297,133.9381561279297,2653672,0.0,0.0
2010-03-17 00:00:00+08:00,135.6123929433723,136.17046648911992,134.49623248452582,135.05430603027344,2019491,0.0,0.0
2010-03-18 00:00:00+08:00,136.7285351597568,138.96084263050471,136.1704616339075,138.4027557373047,2944862,0.0,0.0
2010-03-19 00:00:00+08:00,139.51893015783904,140.07700373969405,137.28662246306686,137.84469604492188,1660802,0.0,0.0
2010-03-22 00:00:00+08:00,137.84469604492188,137.84469604492188,137.84469604492188,137.84469604492188,0,0.0,0.0
2010-03-23 00:00:00+08:00,135.05433001630772,136.17049067338752,131.7058881471291,132.2639617919922,2719602,0.0,0.0
2010-03-24 00:00:00+08:00,132.8220354368553,135.05433001630772,132.2639617919922,132.2639617919922,1493622,0.0,0.0
2010-03-25 00:00:00+08:00,134.496235754253,136.1704697995493,133.9381621949381,135.61239624023438,2594022,0.0,0.0
2010-03-26 00:00:00+08:00,135.6124154375908,140.0770179114729,135.0543284319213,137.28663635253906,4818366,0.0,0.0
2010-03-29 00:00:00+08:00,138.96083361156275,141.19312757007788,137.8446732649553,140.0769805908203,5223363,0.0,0.0
2010-03-30 00:00:00+08:00,141.19313049316406,141.19313049316406,137.84467611871926,141.19313049316406,3097913,0.0,0.0
2010-03-31 00:00:00+08:00,142.86737864824366,150.68043518066406,142.86737864824366,150.68043518066406,7570933,0.0,0.0
2010-04-01 00:00:00+08:00,150.68043518066406,151.23850873764388,147.8900540284135,150.68043518066406,7540323,0.0,0.0
2010-04-02 00:00:00+08:00,150.6804323714712,152.3546530111975,149.00619836439364,149.5642852783203,3804304,0.0,0.0
2010-04-06 00:00:00+08:00,149.56430125311175,150.680448465477,145.0996856689453,145.0996856689453,3166198,0.0,0.0
2010-04-07 00:00:00+08:00,145.0996492100932,149.00617683914018,144.54157574413637,147.89002990722656,3779187,0.0,0.0
2010-04-08 00:00:00+08:00,147.89004863146175,148.4481221680758,142.86737343458444,143.9835205078125,3451108,0.0,0.0
2010-04-09 00:00:00+08:00,145.09966614997046,145.09966614997046,141.19313806485,143.42544555664062,1992805,0.0,0.0
2010-04-12 00:00:00+08:00,144.54161206276268,147.33199346102853,142.86739124421476,145.0996856689453,2415854,0.0,0.0
2010-04-13 00:00:00+08:00,143.98351908775055,144.5415926188605,141.19313806485,143.42544555664062,2590097,0.0,0.0
2010-04-14 00:00:00+08:00,142.8673658254683,143.98351283925038,139.51891141677177,141.75120544433594,3133233,0.0,0.0
2010-04-15 00:00:00+08:00,143.98351283925038,143.98351283925038,141.75120544433594,141.75120544433594,2065014,0.0,0.0
2010-04-16 00:00:00+08:00,142.8673614063141,143.4254348959429,140.0769805908203,140.0769805908203,1802864,0.0,0.0
2010-04-19 00:00:00+08:00,137.28661069949547,139.51891820298965,132.82200905985806,133.9381561279297,4147295,0.0,0.0
2010-04-20 00:00:00+08:00,134.49623248452582,136.72854003486756,133.38008539303053,135.05430603027344,1592517,0.0,0.0
2010-04-21 00:00:00+08:00,136.1704648840667,139.51891948643518,136.1704648840667,138.96084594726562,2675649,0.0,0.0
2010-04-22 00:00:00+08:00,137.84470999085514,138.96087063484072,136.17048907590691,137.28663635253906,1181241,0.0,0.0
2010-04-23 00:00:00+08:00,138.96087063484072,140.0770179114729,137.28663635253906,137.28663635253906,1436326,0.0,0.0
2010-04-26 00:00:00+08:00,139.51891179312156,139.51891179312156,136.17045737539263,136.72853088378906,1771469,0.0,0.0
2010-04-27 00:00:00+08:00,136.728562714223,139.5189442731568,136.728562714223,137.28663635253906,1400222,0.0,0.0
2010-04-28 00:00:00+08:00,132.8220029576637,137.2866043921855,132.8220029576637,136.72853088378906,1709464,0.0,0.0
2010-04-29 00:00:00+08:00,136.72853424782662,137.28660776995378,132.82200622558594,132.82200622558594,2980182,0.0,0.0
2010-04-30 00:00:00+08:00,131.1477757969924,132.26393623842856,126.1251005962582,126.68317413330078,5245340,0.0,0.0
2010-05-03 00:00:00+08:00,126.12511940853358,127.2412666490984,125.00897216796875,125.00897216796875,1429262,0.0,0.0
2010-05-04 00:00:00+08:00,126.12509632788249,126.68316984603852,116.63780641717834,120.5443344116211,4582118,0.0,0.0
2010-05-05 00:00:00+08:00,114.96358774763387,118.3120422788213,114.96358774763387,116.0797348022461,2196088,0.0,0.0
2010-05-06 00:00:00+08:00,117.19589480361856,117.19589480361856,110.49899168510478,112.73129272460938,3220354,0.0,0.0
2010-05-07 00:00:00+08:00,106.0343614978575,111.50350562581424,106.0343614978575,110.3873519897461,3059454,0.0,0.0
2010-05-10 00:00:00+08:00,110.38736405391137,111.6151351928711,107.59698968429488,111.6151351928711,2464517,0.0,0.0
2010-05-11 00:00:00+08:00,113.2893519354543,114.40551233906335,110.49897766113281,110.49897766113281,2769834,0.0,0.0
2010-05-12 00:00:00+08:00,113.84743399059259,113.84743399059259,110.27575785979808,110.61060333251953,1722022,0.0,0.0
2010-05-13 00:00:00+08:00,112.17321140935566,114.96359252929688,111.61513785883768,114.96359252929688,1593302,0.0,0.0
2010-05-14 00:00:00+08:00,113.28936004638672,114.40552052990708,112.17321293021786,113.28936004638672,1187520,0.0,0.0
2010-05-17 00:00:00+08:00,111.61512299452349,111.61512299452349,109.38281572238719,110.3873519897461,1064294,0.0,0.0
2010-05-18 00:00:00+08:00,110.38736922322771,110.94544947022568,104.36015067811553,106.03437805175781,2115246,0.0,0.0
2010-05-19 00:00:00+08:00,105.58792011514497,106.5924565225916,103.2440018311028,105.2530746459961,1953561,0.0,0.0
2010-05-20 00:00:00+08:00,104.91822683946148,106.3692193843307,101.68138292068278,102.12784576416016,2485708,0.0,0.0
2010-05-21 00:00:00+08:00,98.22132110595703,98.66778396534484,95.20771184335987,98.22132110595703,2999019,0.0,0.0
2010-05-24 00:00:00+08:00,98.22132121063268,98.22132121063268,95.43094003291779,95.6541748046875,2572830,0.0,0.0
2010-05-25 00:00:00+08:00,94.98447537178677,94.98447537178677,89.40372019856048,90.40825653076172,3447184,0.0,0.0
2010-05-26 00:00:00+08:00,92.7521572217694,96.65869140625,92.6405465424467,96.65869140625,5296357,0.0,0.0
2010-05-27 00:00:00+08:00,96.65871347649463,99.56070542396661,96.54709608801171,99.11424255371094,7249133,0.0,0.0
2010-05-28 00:00:00+08:00,101.45816603796858,103.69046713436686,100.4536295420379,103.24401092529297,4293283,0.0,0.0
2010-05-31 00:00:00+08:00,103.57885642393653,103.57885642393653,100.56524693614452,103.24401092529297,1686702,0.0,0.0
2010-06-01 00:00:00+08:00,102.23946000700165,103.3556070559139,101.12330627441406,101.12330627441406,1164759,0.0,0.0
2010-06-02 00:00:00+08:00,100.34200710201927,101.34653679684804,99.44908142089844,99.44908142089844,1423768,0.0,0.0
2010-06-03 00:00:00+08:00,101.56977603139217,102.35107768218158,100.6768569946289,100.6768569946289,1138073,0.0,0.0
2010-06-04 00:00:00+08:00,102.2394744293623,105.92277491444142,101.68139414250551,103.24401092529297,2603440,0.0,0.0
2010-06-07 00:00:00+08:00,99.44908069049609,102.1278443468334,99.44908069049609,101.56977081298828,1671790,0.0,0.0
2010-06-08 00:00:00+08:00,101.56977222257011,103.57884499270493,101.56977222257011,102.12784576416016,1198508,0.0,0.0
2010-06-09 00:00:00+08:00,103.24400019770647,106.59245483622024,101.45815549594059,102.23946380615234,3886716,0.0,0.0
2010-06-10 00:00:00+08:00,104.36013859023737,109.38282012939453,103.02075684646213,109.38282012939453,6475244,0.0,0.0
2010-06-11 00:00:00+08:00,111.6151341522151,113.28935474816991,110.61059778443696,111.28028869628906,5381124,0.0,0.0
2010-06-14 00:00:00+08:00,113.28936118005088,113.84743474371983,110.61060406423438,111.05706024169922,1944927,0.0,0.0
2010-06-15 00:00:00+08:00,111.05706024169922,112.73128761638192,110.61060406423438,111.05706024169922,1718098,0.0,0.0
2010-06-17 00:00:00+08:00,112.73128648830229,115.52166764607593,112.73128648830229,113.28936004638672,3131663,0.0,0.0
2010-06-18 00:00:00+08:00,113.8474399025236,114.40552685883297,111.61514554669515,112.73129272460938,1298188,0.0,0.0
2010-06-21 00:00:00+08:00,113.84741973876953,114.40550659623497,112.17319926842286,113.84741973876953,1448884,0.0,0.0
2010-06-22 00:00:00+08:00,114.40552052990708,114.40552052990708,112.73128648830229,113.28936004638672,1040748,0.0,0.0
2010-06-23 00:00:00+08:00,112.17320489919582,112.73127841732507,110.05251483642425,110.49897766113281,1992805,0.0,0.0
2010-06-24 00:00:00+08:00,110.49898667803026,111.05706024169922,109.60606763942477,111.05706024169922,1186735,0.0,0.0
2010-06-25 00:00:00+08:00,109.71766556533834,110.72220187316977,109.38282012939453,109.38282012939453,1519523,0.0,0.0
2010-06-28 00:00:00+08:00,109.38282012939453,109.38282012939453,109.38282012939453,109.38282012939453,0,0.0,0.0
2010-06-29 00:00:00+08:00,111.05705998131823,111.16867736726066,108.26668548583984,108.26668548583984,1355484,0.0,0.0
2010-06-30 00:00:00+08:00,106.81568375760598,110.83382935542289,106.36922090773444,109.94091033935547,2104258,0.0,0.0
2010-07-01 00:00:00+08:00,110.38735856495659,110.72220400735459,109.04797679536459,110.0525131225586,1247171,0.0,0.0
2010-07-02 00:00:00+08:00,110.8338282909675,114.40551768828578,109.94090928347573,112.17321014404297,4322323,0.0,0.0
2010-07-05 00:00:00+08:00,114.40551825272965,119.98626708984375,113.84743133840212,119.98626708984375,4392177,0.0,0.0
2010-07-06 00:00:00+08:00,121.66049622303427,123.89279032148858,119.98626228184284,123.334716796875,6380273,0.0,0.0
2010-07-07 00:00:00+08:00,121.66050857206004,124.45087647836137,121.66050857206004,122.21858215332031,2333442,0.0,0.0
2010-07-08 00:00:00+08:00,123.8927825520166,130.58969116210938,123.8927825520166,130.58969116210938,4636274,0.0,0.0
2010-07-09 00:00:00+08:00,132.26395455314676,132.26395455314676,128.35742588555692,130.03164672851562,5137027,0.0,0.0
2010-07-12 00:00:00+08:00,132.82200905985806,138.4027577675671,130.5897015563639,133.9381561279297,8171365,0.0,0.0
2010-07-13 00:00:00+08:00,132.82198795517516,134.49620829125817,131.14775425174332,131.70584106445312,2579109,0.0,0.0
2010-07-14 00:00:00+08:00,133.93815893877817,136.17046648911992,131.14777784268878,135.05430603027344,3670089,0.0,0.0
2010-07-15 00:00:00+08:00,135.0543031960013,135.61239009738804,132.82200905985806,133.9381561279297,2081496,0.0,0.0
2010-07-16 00:00:00+08:00,135.05433001630772,138.96087226505662,128.35743291059688,132.2639617919922,5805743,0.0,0.0
2010-07-19 00:00:00+08:00,131.7689208984375,131.7689208984375,127.22516779220942,131.7689208984375,3147283,1.146498,1.01
2010-07-20 00:00:00+08:00,131.76890759468992,134.04079065324706,129.4970245361328,129.4970245361328,2617296,0.0,0.0
2010-07-21 00:00:00+08:00,132.33688353514535,137.44859691488872,131.76890939533564,135.17672729492188,4329263,0.0,0.0
2010-07-22 00:00:00+08:00,135.1767158496862,136.88062465521156,134.04078113588088,135.74468994140625,1834749,0.0,0.0
2010-07-23 00:00:00+08:00,138.01655936901687,138.58453346073694,135.74468994140625,135.74468994140625,2449441,0.0,0.0
2010-07-26 00:00:00+08:00,137.44859313964844,138.58454138806724,135.74469770629142,137.44859313964844,1471840,0.0,0.0
2010-07-27 00:00:00+08:00,138.01656514261748,138.01656514261748,134.04078674316406,134.04078674316406,1289997,0.0,0.0
2010-07-28 00:00:00+08:00,133.4728070441608,136.3126505634915,132.33687233035548,135.74468994140625,1773358,0.0,0.0
2010-07-29 00:00:00+08:00,135.7446956199685,135.7446956199685,132.90483851220418,134.04078674316406,717269,0.0,0.0
2010-07-30 00:00:00+08:00,132.90484420531905,135.74470143473155,132.33688353514535,135.17672729492188,885124,0.0,0.0
2010-08-02 00:00:00+08:00,136.88065463882234,141.9923821751188,136.31268042268792,141.42440795898438,4514991,0.0,0.0
2010-08-03 00:00:00+08:00,142.56031984862622,143.12829397283562,137.44859313964844,137.44859313964844,2093526,0.0,0.0
2010-08-04 00:00:00+08:00,138.58454138806724,140.85641094563363,137.44859313964844,137.44859313964844,1883707,0.0,0.0
2010-08-05 00:00:00+08:00,139.15249788770362,139.15249788770362,128.36108413739376,131.200927734375,3535059,0.0,0.0
2010-08-06 00:00:00+08:00,131.200927734375,132.33687594887564,128.36108413739376,131.200927734375,1531677,0.0,0.0
2010-08-09 00:00:00+08:00,132.90483658649077,132.90483658649077,131.200927734375,131.200927734375,924757,0.0,0.0
2010-08-10 00:00:00+08:00,134.6087417579661,136.88062465521156,134.04078113588088,135.74468994140625,3185361,0.0,0.0
2010-08-11 00:00:00+08:00,135.17674812048125,137.44861809045625,134.6087738931685,136.31268310546875,2196881,0.0,0.0
2010-08-12 00:00:00+08:00,132.90483862082587,137.4485911394728,131.768903858573,136.88063049316406,2479748,0.0,0.0
2010-08-13 00:00:00+08:00,138.58454328103838,145.9681396484375,137.4485950171033,145.9681396484375,9045525,0.0,0.0
2010-08-16 00:00:00+08:00,144.83220858356842,149.94393549399595,142.56032546683304,146.53611755371094,7564359,0.0,0.0
2010-08-17 00:00:00+08:00,147.10411346471292,155.62364610627478,147.10411346471292,153.35177612304688,9741036,0.0,0.0
2010-08-18 00:00:00+08:00,154.48768990983353,158.46348203922625,153.35175507413686,155.0556640625,6196651,0.0,0.0
2010-08-19 00:00:00+08:00,155.05565650189658,155.62361715723267,152.7837734716453,153.91970825195312,2703555,0.0,0.0
2010-08-20 00:00:00+08:00,153.35177612304688,154.4877111146608,151.64786690080686,153.35177612304688,2062442,0.0,0.0
2010-08-23 00:00:00+08:00,153.3517457049129,158.4634723576947,149.94392793639167,156.19158935546875,3568475,0.0,0.0
2010-08-24 00:00:00+08:00,156.19159312905458,161.87128056738746,156.19159312905458,156.7595672607422,5530670,0.0,0.0
2010-08-25 00:00:00+08:00,154.48767828737658,156.7595612574873,146.53610809644198,147.6720428466797,3578577,0.0,0.0
2010-08-26 00:00:00+08:00,148.24001875242837,150.51188828042575,140.8564091123483,142.56031799316406,2959223,0.0,0.0
2010-08-27 00:00:00+08:00,142.56033481126912,145.4001922607422,141.9923740970841,145.4001922607422,1419774,0.0,0.0
2010-08-30 00:00:00+08:00,147.67204854433606,147.67204854433606,141.9923611043718,143.1282958984375,2443224,0.0,0.0
2010-08-31 00:00:00+08:00,141.9923821751188,143.69629135388428,138.58456381758782,141.42440795898438,1755484,0.0,0.0
2010-09-01 00:00:00+08:00,141.99238178988594,147.10410931231402,141.42440757529246,144.26425170898438,2593206,0.0,0.0
2010-09-02 00:00:00+08:00,148.8079833984375,153.91971017824912,147.6720486039135,148.8079833984375,4946286,0.0,0.0
2010-09-03 00:00:00+08:00,151.07987406067775,151.64784822134268,148.24003019662607,149.94393920898438,2354634,0.0,0.0
2010-09-06 00:00:00+08:00,151.07987193310726,157.32753373389332,149.9439370974106,155.0556640625,4647877,0.0,0.0
2010-09-07 00:00:00+08:00,155.05568534528686,155.62364610627478,151.07989267018084,153.35177612304688,1716629,0.0,0.0
2010-09-08 00:00:00+08:00,153.35175723370097,155.05566624605927,149.37596504831944,149.94393920898438,1595400,0.0,0.0
2010-09-09 00:00:00+08:00,150.51190603659228,152.21581511842132,140.85642572944008,145.4001922607422,3762752,0.0,0.0
2010-09-10 00:00:00+08:00,147.10406781253687,147.10406781253687,135.74468101274732,139.720458984375,4637774,0.0,0.0
2010-09-13 00:00:00+08:00,140.28846501525507,146.5361271587492,140.28846501525507,145.4001922607422,2740079,0.0,0.0
2010-09-14 00:00:00+08:00,146.53611378040503,147.67204857470432,144.26423072217065,145.9681396484375,1249588,0.0,0.0
2010-09-15 00:00:00+08:00,147.6720486039135,148.8079833984375,143.69627008826168,148.8079833984375,1800556,0.0,0.0
2010-09-16 00:00:00+08:00,146.5361296572457,147.1041038507519,139.15251902021419,140.28846740722656,3291048,0.0,0.0
2010-09-17 00:00:00+08:00,140.28847261574325,145.40020013817133,138.58456344160055,144.26425170898438,2674025,0.0,0.0
2010-09-20 00:00:00+08:00,144.26421101036402,144.8321850647254,138.5845243452862,139.720458984375,3076566,0.0,0.0
2010-09-21 00:00:00+08:00,140.28847664122264,141.9923858642578,138.58456741818748,141.9923858642578,1979291,0.0,0.0
2010-09-23 00:00:00+08:00,140.85643740247562,143.12832085640187,140.85643740247562,141.9923858642578,1470286,0.0,0.0
2010-09-24 00:00:00+08:00,142.5603083011072,143.12828237931018,139.15249077115843,140.8563995361328,1826978,0.0,0.0
2010-09-27 00:00:00+08:00,143.1283144177189,144.2642493587625,131.2009503930298,132.33689880371094,5784784,0.0,0.0
2010-09-28 00:00:00+08:00,128.36109346546644,131.20093726882072,128.36109346546644,130.06500244140625,2381832,0.0,0.0
2010-09-29 00:00:00+08:00,130.06501179989732,131.7689208984375,128.9290768907496,131.7689208984375,2699669,0.0,0.0
2010-09-30 00:00:00+08:00,131.76892459837038,135.74471709647923,128.9290805109426,132.33689880371094,2116839,0.0,0.0
2010-10-01 00:00:00+08:00,132.33689880371094,135.17674289113867,131.2009503930298,132.33689880371094,1724400,0.0,0.0
2010-10-04 00:00:00+08:00,132.33687968252497,134.04078858271353,124.3852958352214,124.9532699584961,3376529,0.0,0.0
2010-10-05 00:00:00+08:00,120.40952112042778,123.81733902663197,117.5696773551363,121.54545593261719,3660951,0.0,0.0
2010-10-06 00:00:00+08:00,123.24936488571927,123.81733902663197,120.40952112042778,121.54545593261719,1624153,0.0,0.0
2010-10-07 00:00:00+08:00,122.6813948817066,128.92905607792423,122.11342078400136,126.65717315673828,2858976,0.0,0.0
2010-10-08 00:00:00+08:00,127.22515691719555,127.22515691719555,123.24936487056745,124.38529968261719,1230160,0.0,0.0
2010-10-11 00:00:00+08:00,124.38529969790868,124.38529969790868,120.97749526134048,121.54545593261719,1507587,0.0,0.0
2010-10-12 00:00:00+08:00,123.24937809314495,126.65719636453156,122.68141736100549,123.81735229492188,1607834,0.0,0.0
2010-10-13 00:00:00+08:00,124.95328722883826,125.52126143061517,122.11344315922857,123.81735229492188,1357605,0.0,0.0
2010-10-14 00:00:00+08:00,123.24936105830756,126.08920473540994,123.24936105830756,124.9532699584961,1299322,0.0,0.0
2010-10-15 00:00:00+08:00,127.22517395019531,129.49704387845443,126.08922551642796,127.22517395019531,2515495,0.0,0.0
2010-10-18 00:00:00+08:00,127.79312165373992,127.79312165373992,118.70561592897944,119.27359008789062,2999633,0.0,0.0
2010-10-19 00:00:00+08:00,121.54545591767483,124.95327382346007,119.27358629357532,124.38529968261719,2771940,0.0,0.0
2010-10-20 00:00:00+08:00,123.81732960748208,129.49701670599447,122.6813948817066,126.65717315673828,4238341,0.0,0.0
2010-10-21 00:00:00+08:00,127.2251794883757,134.04081650911698,126.6572052467678,128.36111450195312,3640746,0.0,0.0
2010-10-22 00:00:00+08:00,130.06499866818103,131.76890759468992,127.79311560962392,129.4970245361328,2461875,0.0,0.0
2010-10-25 00:00:00+08:00,130.63298598928978,132.33689508782996,129.4970376105049,131.7689208984375,2384164,0.0,0.0
2010-10-26 00:00:00+08:00,134.04078674316406,135.17672150448854,132.90483851220418,134.04078674316406,2607194,0.0,0.0
2010-10-27 00:00:00+08:00,135.17672729492188,136.880636244715,133.47281834512876,135.17672729492188,2712880,0.0,0.0
2010-10-28 00:00:00+08:00,136.88064188312953,140.2884599230913,134.0407980063736,139.1525115966797,5257128,0.0,0.0
2010-10-29 00:00:00+08:00,145.40015911908674,146.53609375817553,139.720458984375,139.720458984375,10639372,0.0,0.0
2010-11-01 00:00:00+08:00,142.56031037201456,144.26421916174084,139.72046687901567,143.69625854492188,4653316,0.0,0.0
2010-11-02 00:00:00+08:00,142.56033724197687,143.69628562898924,140.28846740722656,140.28846740722656,2621959,0.0,0.0
2010-11-03 00:00:00+08:00,140.8564271108937,141.42440130028612,130.63298598928978,131.7689208984375,4815732,0.0,0.0
2010-11-04 00:00:00+08:00,132.90484048751944,135.17672351356995,132.3368798332335,134.60874938964844,1785791,0.0,0.0
2010-11-05 00:00:00+08:00,136.8806491854639,141.42440232460172,134.04080515720742,140.28846740722656,3615101,0.0,0.0
2010-11-08 00:00:00+08:00,138.58453346073694,138.58453346073694,135.1767158496862,135.74468994140625,1521,0.0,0.0
2010-11-09 00:00:00+08:00,136.31265637721992,139.1525000176698,135.17672161496705,136.88063049316406,2422242,0.0,0.0
2010-11-10 00:00:00+08:00,136.88063248507464,138.58454138806724,135.74469770629142,137.44859313964844,984594,0.0,0.0
2010-11-11 00:00:00+08:00,138.58456741818748,143.12832085640187,138.01659318729637,141.9923858642578,3890197,0.0,0.0
2010-11-12 00:00:00+08:00,141.42437721546378,141.42437721546378,138.0165595987408,138.58453369140625,1544888,0.0,0.0
2010-11-15 00:00:00+08:00,138.5845665450818,140.28847575738206,136.31268310546875,136.31268310546875,1105823,0.0,0.0
2010-11-16 00:00:00+08:00,137.44858550607535,139.15249431443684,136.3126507903793,138.58453369140625,1127582,0.0,0.0
2010-11-17 00:00:00+08:00,136.31265836086524,137.44859313964844,135.17672358208205,137.44859313964844,937968,0.0,0.0
2010-11-18 00:00:00+08:00,137.44860891381333,137.44860891381333,129.4970376105049,131.7689208984375,3064910,0.0,0.0
2010-11-19 00:00:00+08:00,131.76891141734606,132.3368855658714,129.4970282928809,130.06500244140625,2834886,0.0,0.0
2010-11-22 00:00:00+08:00,130.06500244140625,132.3368855658714,128.36109346546644,130.06500244140625,1851846,0.0,0.0
2010-11-23 00:00:00+08:00,130.06499866818103,132.9048423891506,129.4970245361328,129.4970245361328,1306316,0.0,0.0
2010-11-24 00:00:00+08:00,128.36110891432486,129.49704387845443,126.65719973331164,127.22517395019531,1441533,0.0,0.0
2010-11-25 00:00:00+08:00,127.22514725444351,128.36108198021898,124.95326433325756,126.65717315673828,2375616,0.0,0.0
2010-11-26 00:00:00+08:00,126.65718465954164,128.9290677870564,126.0892105102539,126.0892105102539,2863639,0.0,0.0
2010-11-29 00:00:00+08:00,127.22513786355971,130.6329552589795,123.8173204681399,127.79309844970703,4103902,0.0,0.0
2010-11-30 00:00:00+08:00,126.08918975199713,129.49700714741692,126.08918975199713,127.79309844970703,3324463,0.0,0.0
2010-12-01 00:00:00+08:00,127.79313469744119,128.92908313120856,126.65719973331164,127.22517395019531,2518603,0.0,0.0
2010-12-02 00:00:00+08:00,128.92906587008818,130.0650006821379,123.81733901141031,124.38529968261719,4410859,0.0,0.0
2010-12-03 00:00:00+08:00,124.95328475401838,129.49703786932798,124.95328475401838,128.9290771484375,3930607,0.0,0.0
2010-12-06 00:00:00+08:00,129.49700714741692,131.76888990090814,127.22513786355971,127.79309844970703,4022305,0.0,0.0
2010-12-07 00:00:00+08:00,128.929088743561,130.63299799874633,127.79314026034523,128.36111450195312,2428459,0.0,0.0
2010-12-08 00:00:00+08:00,128.36109346546644,130.6329765899316,128.36109346546644,130.06500244140625,2859753,0.0,0.0
2010-12-09 00:00:00+08:00,130.06498120319822,131.20091584512684,127.22513786355971,127.79309844970703,3015175,0.0,0.0
2010-12-10 00:00:00+08:00,128.36107250548832,129.49700714741692,126.65716380777842,127.79309844970703,3078897,0.0,0.0
2010-12-13 00:00:00+08:00,128.36110891432486,128.36110891432486,126.65719973331164,127.22517395019531,1597732,0.0,0.0
2010-12-14 00:00:00+08:00,127.22515298195935,128.3610877588732,124.3852958352214,124.9532699584961,2259050,0.0,0.0
2010-12-15 00:00:00+08:00,124.95327382346007,126.65718277635268,122.1134300585177,124.38529968261719,2232628,0.0,0.0
2010-12-16 00:00:00+08:00,123.81732737181623,124.95326207708109,121.54544449165178,122.11341857910156,2109068,0.0,0.0
2010-12-17 00:00:00+08:00,122.11344315922857,124.38531302706134,120.97750822531218,123.81735229492188,3183807,0.0,0.0
2010-12-20 00:00:00+08:00,123.81736390346505,124.3853246888539,122.11345460802109,123.2493896484375,1088726,0.0,0.0
2010-12-21 00:00:00+08:00,123.81733518158227,126.08920473540994,123.24936105830756,124.9532699584961,1673111,0.0,0.0
2010-12-22 00:00:00+08:00,126.08922551642796,127.22517395019531,124.95329055229841,127.22517395019531,2650,0.0,0.0
2010-12-23 00:00:00+08:00,128.36108198021898,128.36108198021898,126.08919905903305,126.65717315673828,1823093,0.0,0.0
2010-12-24 00:00:00+08:00,127.79311948848091,128.36109363776865,126.0892105102539,126.0892105102539,1574418,0.0,0.0
2010-12-27 00:00:00+08:00,126.08922216275465,126.65719636453156,123.81735229492188,123.81735229492188,1238708,0.0,0.0
2010-12-28 00:00:00+08:00,123.81735229492188,125.52126143061517,123.24937809314495,123.81735229492188,1011016,0.0,0.0
2010-12-29 00:00:00+08:00,123.81733892502677,124.38529959583741,122.68140411376953,122.68140411376953,1760924,0.0,0.0
2010-12-30 00:00:00+08:00,123.24936478458017,123.81733892502677,121.54545583287631,122.68140411376953,1317196,0.0,0.0
2010-12-31 00:00:00+08:00,122.68139266655136,124.3852879896313,122.11341857910158,122.11341857910156,1230160,0.0,0.0
2011-01-03 00:00:00+08:00,123.81733892502677,123.81733892502677,122.11342997332292,122.68140411376953,620131,0.0,0.0
2011-01-04 00:00:00+08:00,123.81732960748208,127.22514725444351,123.81732960748208,126.65717315673828,2101297,0.0,0.0
2011-01-05 00:00:00+08:00,127.79313129844796,127.79313129844796,122.68141736100549,123.81735229492188,1596177,0.0,0.0
2011-01-06 00:00:00+08:00,123.81735229492188,123.81735229492188,122.68141736100549,123.81735229492188,678414,0.0,0.0
2011-01-07 00:00:00+08:00,122.68139266655136,123.24935328436644,120.4095097863869,122.11341857910156,1716629,0.0,0.0
2011-01-10 00:00:00+08:00,120.9774838738367,123.81732737181623,120.4095097863869,122.11341857910156,1349057,0.0,0.0
2011-01-11 00:00:00+08:00,123.81733891224162,126.65718267490948,123.24936477185366,125.52124786376953,3512523,0.0,0.0
2011-01-12 00:00:00+08:00,126.65716989718466,134.04077909879373,126.65716989718466,132.9048309326172,13377897,0.0,0.0
2011-01-13 00:00:00+08:00,132.33687594887564,132.90483658649077,130.06499298950953,131.200927734375,3831137,0.0,0.0
2011-01-14 00:00:00+08:00,130.63298625038325,131.76892116180136,128.9290771484375,128.9290771484375,1855731,0.0,0.0
2011-01-17 00:00:00+08:00,130.0649909893746,134.0407827397169,130.0649909893746,130.63296508789062,4285745,0.0,0.0
2011-01-18 00:00:00+08:00,131.76892459837038,133.47283374475452,130.06501545198623,132.33689880371094,3699806,0.0,0.0
2011-01-19 00:00:00+08:00,134.04078135898723,140.28844249976774,134.04078135898723,138.58453369140625,12077797,0.0,0.0
2011-01-20 00:00:00+08:00,137.44859691488872,138.0165710546984,134.60875315511217,135.17672729492188,3228102,0.0,0.0
2011-01-21 00:00:00+08:00,135.17673286314866,139.7204857598855,134.0407980063736,139.1525115966797,5319297,0.0,0.0
2011-01-24 00:00:00+08:00,139.72046817454228,140.8564028883476,135.1767158496862,135.74468994140625,2547356,0.0,0.0
2011-01-25 00:00:00+08:00,138.016592317769,140.28847575738206,136.31268310546875,136.31268310546875,4404642,0.0,0.0
2011-01-26 00:00:00+08:00,135.17671379533567,136.31264849187758,131.76889623607525,132.9048309326172,2549688,0.0,0.0
2011-01-27 00:00:00+08:00,134.04077909879373,135.74468787842395,132.33687031916352,132.9048309326172,2124610,0.0,0.0
2011-01-28 00:00:00+08:00,132.90485953941396,134.0408079500951,131.76892459837038,132.33689880371094,1661454,0.0,0.0
2011-02-08 00:00:00+08:00,133.47282999697768,134.04080418637014,130.63298598928978,131.7689208984375,1380919,0.0,0.0
2011-02-09 00:00:00+08:00,131.76892116180136,131.76892116180136,128.9290771484375,128.9290771484375,1758593,0.0,0.0
2011-02-10 00:00:00+08:00,126.0892310051599,129.49704951553053,124.38532174997458,128.36111450195312,3137958,0.0,0.0
2011-02-11 00:00:00+08:00,128.9290771484375,130.63298625038325,126.65719385596412,128.9290771484375,2276923,0.0,0.0
2011-02-14 00:00:00+08:00,129.49702274889486,137.44859313964844,129.49702274889486,137.44859313964844,7118300,0.0,0.0
2011-02-15 00:00:00+08:00,138.01655608438702,143.69625645751313,135.74468671084418,140.8563995361328,7581456,0.0,0.0
2011-02-16 00:00:00+08:00,140.85641094563363,140.85641094563363,136.31265836086524,137.44859313964844,2576109,0.0,0.0
2011-02-17 00:00:00+08:00,138.58454325253894,145.40017895620468,138.58454325253894,143.1282958984375,6868848,0.0,0.0
2011-02-18 00:00:00+08:00,145.9681279514671,146.53610203792076,143.12828445846822,143.69625854492188,3848233,0.0,0.0
2011-02-21 00:00:00+08:00,144.832223335849,150.5119115017534,144.26424913140357,149.3759765625,6147693,0.0,0.0
2011-02-22 00:00:00+08:00,149.37597923141246,149.94395344600593,143.12831674943516,144.26425170898438,3803161,0.0,0.0
2011-02-23 00:00:00+08:00,143.1282820700095,143.69625614698506,137.44858170915725,138.0165557861328,4241450,0.0,0.0
2011-02-24 00:00:00+08:00,139.72048524316168,147.6720561504532,138.5845503905876,147.10409545898438,6175669,0.0,0.0
2011-02-25 00:00:00+08:00,148.80797759691742,153.35174353713884,146.53610809644198,147.6720428466797,6776373,0.0,0.0
2011-03-01 00:00:00+08:00,145.96814340711805,147.67205237726057,140.85641649669054,146.53611755371094,3036157,0.0,0.0
2011-03-02 00:00:00+08:00,145.40020013817133,148.80800501681898,144.26425170898438,144.26425170898438,2383387,0.0,0.0
2011-03-03 00:00:00+08:00,144.83222592357785,149.94395344600593,143.69629096402863,144.26425170898438,4316052,0.0,0.0
2011-03-04 00:00:00+08:00,144.2642306925032,144.2642306925032,139.15250391475388,143.1282958984375,4731027,0.0,0.0
2011-03-07 00:00:00+08:00,143.12828237931018,144.26421706608159,140.8563995361328,140.8563995361328,2438561,0.0,0.0
2011-03-08 00:00:00+08:00,140.856433360699,144.26425170898438,139.72049840114977,144.26425170898438,4001324,0.0,0.0
2011-03-09 00:00:00+08:00,145.96812583105597,147.1040739874619,139.7204648493614,140.8563995361328,5166207,0.0,0.0
2011-03-10 00:00:00+08:00,141.99235712775513,143.69626600595214,135.7446957309112,136.88063049316406,5581182,0.0,0.0
2011-03-11 00:00:00+08:00,135.17672729492188,135.17672729492188,132.33688353514535,135.17672729492188,3472891,0.0,0.0
2011-03-14 00:00:00+08:00,135.1767176663147,136.88062649473878,131.20092591011354,133.47280883789062,2522489,0.0,0.0
2011-03-15 00:00:00+08:00,135.17673286314866,141.42439477986636,131.76891482318692,139.1525115966797,11901393,0.0,0.0
2011-03-16 00:00:00+08:00,148.8079833984375,148.8079833984375,145.40017901486556,148.8079833984375,12014074,0.0,0.0
2011-03-17 00:00:00+08:00,148.80797591485114,158.46346832645338,148.80797591485114,152.7837677001953,18324183,0.0,0.0
2011-03-18 00:00:00+08:00,152.78378307303606,152.78378307303606,147.1040953449327,149.94393920898438,7737654,0.0,0.0
2011-03-21 00:00:00+08:00,149.94395043896267,152.78379451570308,148.24004129899095,152.2158203125,7213107,0.0,0.0
2011-03-22 00:00:00+08:00,151.6478385595507,152.78377333887138,147.10408597263245,148.24002075195312,7002511,0.0,0.0
2011-03-23 00:00:00+08:00,145.40017898610574,148.80798336900364,145.40017898610574,145.9681396484375,4512660,0.0,0.0
2011-03-24 00:00:00+08:00,148.24002270667188,150.51189229527046,144.26423072217065,145.9681396484375,7851889,0.0,0.0
2011-03-25 00:00:00+08:00,145.96812583105597,145.96812583105597,140.28843892756436,140.8563995361328,5291321,0.0,0.0
2011-03-28 00:00:00+08:00,140.85641284067032,144.2642306925032,139.72047804660463,143.1282958984375,2985645,0.0,0.0
2011-03-29 00:00:00+08:00,143.69629508729298,144.26425584854596,141.4244116333667,141.9923858642578,1963749,0.0,0.0
2011-03-30 00:00:00+08:00,143.1283053174215,147.10409756274396,142.56033114819354,144.83221435546875,4208811,0.0,0.0
2011-03-31 00:00:00+08:00,145.40018852469672,145.40018852469672,143.1283053174215,144.83221435546875,2762615,0.0,0.0
2011-04-01 00:00:00+08:00,145.96813967730964,149.37595753051738,145.96813967730964,148.8079833984375,6725084,0.0,0.0
2011-04-06 00:00:00+08:00,150.51188645709163,151.07986056702813,147.10408220637845,147.6720428466797,3346222,0.0,0.0
2011-04-07 00:00:00+08:00,148.80797759691742,151.07986056702813,147.6720428466797,147.6720428466797,3309698,0.0,0.0
2011-04-08 00:00:00+08:00,147.67205826233527,147.67205826233527,144.83221435546875,144.83221435546875,2332875,0.0,0.0
2011-04-11 00:00:00+08:00,143.69627948664947,145.96814922428803,141.99237044860223,144.83221435546875,2440893,0.0,0.0
2011-04-12 00:00:00+08:00,142.56031984862622,142.56031984862622,135.17672358208205,137.44859313964844,6683897,0.0,0.0
2011-04-13 00:00:00+08:00,136.3126505634915,136.88062465521156,132.33687233035548,135.74468994140625,3969462,0.0,0.0
2011-04-14 00:00:00+08:00,135.74469016734872,138.58453369140625,135.17671607468327,138.58453369140625,3943818,0.0,0.0
2011-04-15 00:00:00+08:00,138.58453532316284,138.58453532316284,132.9048347385376,133.47280883789062,3395180,0.0,0.0
2011-04-18 00:00:00+08:00,131.76893301232374,132.90486802590118,126.0892310051599,128.36111450195312,4238341,0.0,0.0
2011-04-19 00:00:00+08:00,124.95329599158248,128.36111450195312,124.95329599158248,128.36111450195312,4091468,0.0,0.0
2011-04-20 00:00:00+08:00,128.36110891432486,128.92908313120856,126.08922551642796,127.22517395019531,3546716,0.0,0.0
2011-04-21 00:00:00+08:00,128.36111450195312,130.63299799874633,127.2251794883757,128.36111450195312,4483130,0.0,0.0
2011-04-22 00:00:00+08:00,128.36110630560208,133.47283374475452,128.36110630560208,132.33689880371094,3558373,0.0,0.0
2011-04-25 00:00:00+08:00,132.9048309326172,134.04077909879373,131.76889623607525,132.9048309326172,1917900,0.0,0.0
2011-04-26 00:00:00+08:00,134.04078293724365,136.31265239538575,133.47280883789062,133.47280883789062,2526374,0.0,0.0
2011-04-27 00:00:00+08:00,134.60876868579814,135.74471709647923,131.76892459837038,132.33689880371094,2360073,0.0,0.0
2011-04-28 00:00:00+08:00,132.33689508782996,134.04080418637014,131.7689208984375,131.7689208984375,3264626,0.0,0.0
2011-04-29 00:00:00+08:00,126.65718268798787,126.65718268798787,122.68140411376953,122.68140411376953,8474351,0.0,0.0
2011-05-03 00:00:00+08:00,119.2735864446927,119.2735864446927,114.16185957953837,114.72982025146484,9305079,0.0,0.0
2011-05-04 00:00:00+08:00,114.16185944893212,121.54545593261719,112.45795049583003,121.54545593261719,6778704,0.0,0.0
2011-05-05 00:00:00+08:00,120.9774933690376,122.11342816345896,118.70561031055911,119.84154510498047,3288716,0.0,0.0
2011-05-06 00:00:00+08:00,119.84154510498047,122.11342816345896,118.70561031055911,119.84154510498047,3726228,0.0,0.0
2011-05-09 00:00:00+08:00,119.8415507771654,119.8415507771654,118.70561592897944,119.27359008789062,2214754,0.0,0.0
2011-05-10 00:00:00+08:00,116.4337272230933,119.27358441289336,114.72981829706757,117.00170135498047,3594119,0.0,0.0
2011-05-11 00:00:00+08:00,117.00171865349091,117.56969286935212,115.29780947554504,115.86578369140625,1353720,0.0,0.0
2011-05-12 00:00:00+08:00,117.00171865349091,118.13765361557557,115.86578369140625,115.86578369140625,1558099,0.0,0.0
2011-05-13 00:00:00+08:00,118.13764177006826,121.54545978426253,116.43373276297112,119.27359008789062,2627398,0.0,0.0
2011-05-16 00:00:00+08:00,121.54545400117047,121.54545400117047,117.00170135498047,117.00170135498047,1821538,0.0,0.0
2011-05-17 00:00:00+08:00,117.00170135498047,118.70561028100619,116.4337272230933,117.00170135498047,1150895,0.0,0.0
2011-05-18 00:00:00+08:00,117.00171865349091,118.13765361557557,114.16187451346038,115.86578369140625,1921785,0.0,0.0
2011-05-19 00:00:00+08:00,117.00169756318729,117.56967167666754,115.29778869238187,116.43372344970703,1384027,0.0,0.0
2011-05-20 00:00:00+08:00,116.43373752940403,116.43373752940403,111.32201703367296,112.23076629638672,3050145,0.0,0.0
2011-05-23 00:00:00+08:00,109.05014210668982,111.88998611982122,109.05014210668982,110.7540512084961,1808328,0.0,0.0
2011-05-24 00:00:00+08:00,110.18607330322266,111.54920053871146,109.50450968547825,110.18607330322266,1593846,0.0,0.0
2011-05-25 00:00:00+08:00,110.18606756534005,110.4132599159695,109.05013275146484,109.05013275146484,1483497,0.0,0.0
2011-05-26 00:00:00+08:00,109.16373829174977,110.86764065873744,108.25498228090736,110.7540512084961,4330817,0.0,0.0
2011-05-27 00:00:00+08:00,110.7540512084961,113.02592103114634,109.84529519765368,110.7540512084961,2710549,0.0,0.0
2011-05-30 00:00:00+08:00,109.61810013929247,112.11716885205469,109.05013273245387,111.88997650146484,2636724,0.0,0.0
2011-05-31 00:00:00+08:00,112.4579450642513,116.43372344970703,111.32200357210847,116.43372344970703,4872460,0.0,0.0
2011-06-01 00:00:00+08:00,117.00169756318729,117.00169756318729,114.72981457890162,116.43372344970703,2779711,0.0,0.0
2011-06-02 00:00:00+08:00,114.16186914766156,114.7298298671899,113.13952368894599,113.5938949584961,2510832,0.0,0.0
2011-06-03 00:00:00+08:00,114.7298298671899,115.29780405635539,113.48030550851784,113.5938949584961,1625707,0.0,0.0
2011-06-07 00:00:00+08:00,111.32199971744558,113.59387588824703,110.75403235844958,113.0259017944336,1643581,0.0,0.0
2011-06-08 00:00:00+08:00,113.02590722404031,113.02590722404031,110.2996597290039,110.2996597290039,2651489,0.0,0.0
2011-06-09 00:00:00+08:00,110.41326461821517,111.66279566061975,109.95888663242337,111.32201385498047,2382610,0.0,0.0
2011-06-10 00:00:00+08:00,110.4132599159695,111.20841293871855,108.25497299389778,109.05013275146484,2432344,0.0,0.0
2011-06-13 00:00:00+08:00,108.48216634670972,109.95888296535334,107.57341040543265,107.91419219970703,1936550,0.0,0.0
2011-06-14 00:00:00+08:00,107.91419083110902,111.32200873063395,107.68700521608002,108.7093505859375,4274088,0.0,0.0
2011-06-15 00:00:00+08:00,109.16373392764422,112.57154526020202,109.16373392764422,111.66279602050781,3628312,0.0,0.0
2011-06-16 00:00:00+08:00,111.43561982874698,118.13765361557557,110.52686377729658,115.86578369140625,6537024,0.0,0.0
2011-06-17 00:00:00+08:00,119.27358054747296,119.84154119131787,116.43372344970703,116.43372344970703,5522899,0.0,0.0
2011-06-20 00:00:00+08:00,119.27358054747296,119.84154119131787,114.72981457890162,116.43372344970703,4345582,0.0,0.0
2011-06-21 00:00:00+08:00,117.56967548686764,118.13763614911902,113.59388350292902,117.00170135498047,2047676,0.0,0.0
2011-06-22 00:00:00+08:00,117.56968108079349,119.27359008789062,115.29779791478516,119.27359008789062,2661591,0.0,0.0
2011-06-23 00:00:00+08:00,119.2735825231201,119.2735825231201,116.43372537831479,118.13763427734375,2496067,0.0,0.0
2011-06-24 00:00:00+08:00,118.13762460823206,118.70559868463373,116.4337158486615,117.56966400146484,1513027,0.0,0.0
2011-06-27 00:00:00+08:00,116.43374155037175,124.95328722883826,115.86578081823227,123.81735229492188,5975175,0.0,0.0
2011-06-28 00:00:00+08:00,124.38529959583741,124.38529959583741,120.40952102161907,122.68140411376953,3347777,0.0,0.0
2011-06-29 00:00:00+08:00,126.0892086355098,127.22515691719555,124.38529968261719,124.38529968261719,4915978,0.0,0.0
2011-06-30 00:00:00+08:00,127.22515880882938,127.22515880882938,124.95327568131464,126.0892105102539,3029940,0.0,0.0
2011-07-01 00:00:00+08:00,127.22516804649176,129.49703786932798,126.65719385596412,128.9290771484375,3636860,0.0,0.0
2011-07-04 00:00:00+08:00,129.49700714741692,130.06498120319822,126.08918975199713,127.79309844970703,2346863,0.0,0.0
2011-07-05 00:00:00+08:00,126.65719973331164,129.49704387845443,126.08922551642796,127.22517395019531,2265266,0.0,0.0
2011-07-06 00:00:00+08:00,127.79309844970703,128.36107250548832,126.08918975199713,127.79309844970703,1315642,0.0,0.0
2011-07-07 00:00:00+08:00,128.36108974167215,129.4970245361328,127.79311560962392,129.4970245361328,2362405,0.0,0.0
2011-07-08 00:00:00+08:00,130.63299799874633,130.63299799874633,126.0892310051599,128.36111450195312,4469142,0.0,0.0
2011-07-11 00:00:00+08:00,129.76412539294722,132.23580966977156,129.76412539294722,130.45069885253906,5066737,7.077533,1.15
2011-07-12 00:00:00+08:00,129.0775292588771,130.31337839514657,123.85949485281257,125.50729370117188,2988145,0.0,0.0
2011-07-13 00:00:00+08:00,125.50729594817292,125.50729594817292,122.21169819245209,123.8594970703125,1583271,0.0,0.0
2011-07-14 00:00:00+08:00,123.85947679949345,124.68337610358445,122.48631601226785,124.40875244140625,2719874,0.0,0.0
2011-07-15 00:00:00+08:00,124.40876824686194,125.09534164831103,123.03559312640371,123.99681854248047,1518399,0.0,0.0
2011-07-18 00:00:00+08:00,123.99682990679548,124.54609151005062,122.76098068038546,122.8982925415039,920365,0.0,0.0
2011-07-19 00:00:00+08:00,122.8982925415039,125.64462887534218,122.34903093824877,122.8982925415039,1694769,0.0,0.0
2011-07-20 00:00:00+08:00,124.82071577891573,125.64461517333984,123.31022883621158,125.64461517333984,2515799,0.0,0.0
2011-07-21 00:00:00+08:00,125.6446202678645,126.60583154740705,124.40877112611821,125.09534454345703,2214417,0.0,0.0
2011-07-22 00:00:00+08:00,125.64460139754276,125.78191322863185,123.99680278936076,124.40875244140625,1517723,0.0,0.0
2011-07-25 00:00:00+08:00,124.40875955641074,125.09533290989994,121.25047399051178,122.21168518066406,1902222,0.0,0.0
2011-07-26 00:00:00+08:00,122.21170688673398,123.58488215516061,121.52513341130219,123.03560638427734,1568404,0.0,0.0
2011-07-27 00:00:00+08:00,122.07437427784154,126.60582074424703,122.07437427784154,125.78192138671875,2236040,0.0,0.0
2011-07-28 00:00:00+08:00,124.54608209625343,125.64461937851222,123.85949452499416,124.1341323852539,1515020,0.0,0.0
2011-07-29 00:00:00+08:00,123.9968236469043,124.82072308958367,123.31023605841129,123.44754791259766,1205529,0.0,0.0
2011-08-01 00:00:00+08:00,124.68338323429481,124.68338323429481,122.21168518066406,122.21168518066406,1227829,0.0,0.0
2011-08-02 00:00:00+08:00,122.21169701617133,123.58487217369196,121.5251235961914,121.5251235961914,1154172,0.0,0.0
2011-08-03 00:00:00+08:00,120.83853587981436,120.83853587981436,113.14881022569979,113.97270965576172,3201005,0.0,0.0
2011-08-04 00:00:00+08:00,113.97270958055049,116.71903865248119,110.12785029572555,110.40248107910156,3192896,0.0,0.0
2011-08-05 00:00:00+08:00,102.71276092529297,103.81129119695963,102.71276092529297,102.71276092529297,3386159,0.0,0.0
2011-08-08 00:00:00+08:00,100.24106274741266,102.57544223513266,95.57230377197266,95.57230377197266,2673923,0.0,0.0
2011-08-09 00:00:00+08:00,88.98109138272699,95.57228595899909,88.98109138272699,93.64985656738281,3265876,0.0,0.0
2011-08-10 00:00:00+08:00,98.7305763364391,98.7305763364391,95.02302893655587,96.53351593017578,3577395,0.0,0.0
2011-08-11 00:00:00+08:00,94.47377014389106,99.69179761095438,92.00207180485206,98.04399871826172,2906380,0.0,0.0
2011-08-12 00:00:00+08:00,99.55448127682257,101.88886074264053,97.76936340332031,97.76936340332031,2397544,0.0,0.0
2011-08-15 00:00:00+08:00,99.55446887199273,99.55446887199273,96.39619033184312,97.49472045898438,1604894,0.0,0.0
2011-08-16 00:00:00+08:00,97.4947214222608,100.92763783765616,97.4947214222608,98.86788940429688,3176678,0.0,0.0
2011-08-17 00:00:00+08:00,98.86789526660185,98.86789526660185,96.53351593017578,96.53351593017578,1554214,0.0,0.0
2011-08-18 00:00:00+08:00,93.6498602024275,94.06180987943445,90.35426278637196,90.7662124633789,2146166,0.0,0.0
2011-08-19 00:00:00+08:00,84.58698019460137,85.82282941389653,84.44966125488281,84.44966125488281,2373217,0.0,0.0
2011-08-22 00:00:00+08:00,83.76307021363964,85.96013757673566,82.11527146116505,82.93917083740234,1779237,0.0,0.0
2011-08-23 00:00:00+08:00,84.44966164681063,88.70647800393544,84.03771190513373,88.0198974609375,2859753,0.0,0.0
2011-08-24 00:00:00+08:00,88.43183505136099,89.80499594867341,85.54818725585938,85.54818725585938,2596888,0.0,0.0
2011-08-25 00:00:00+08:00,84.31233523959752,84.31233523959752,79.64356994628906,79.64356994628906,3697002,0.0,0.0
2011-08-26 00:00:00+08:00,76.89724071008466,79.91820730295906,75.5240798691876,78.2704086303711,2505663,0.0,0.0
2011-08-29 00:00:00+08:00,79.23162983176199,81.56601629965982,77.85846881705886,80.1928482055664,1906277,0.0,0.0
2011-08-30 00:00:00+08:00,79.5062688253098,79.6435806810925,76.34798995145195,79.36894989013672,2424573,0.0,0.0
2011-08-31 00:00:00+08:00,78.95700667095151,82.25260475157673,77.72115739071707,81.97797393798828,3428731,0.0,0.0
2011-09-01 00:00:00+08:00,84.72428533572271,87.6079330444336,83.7630670730226,87.6079330444336,2806369,0.0,0.0
2011-09-02 00:00:00+08:00,87.1959943502382,87.1959943502382,84.31234627845942,85.13624572753906,2606349,0.0,0.0
2011-09-05 00:00:00+08:00,82.38991091075366,83.07649137785965,79.91821273390427,81.70332336425781,1669766,0.0,0.0
2011-09-06 00:00:00+08:00,80.46748530518076,82.11528431560406,78.54505548615052,79.23163604736328,1806942,0.0,0.0
2011-09-07 00:00:00+08:00,80.05553555257492,81.4287037543913,78.81968629475745,79.23163604736328,1921819,0.0,0.0
2011-09-08 00:00:00+08:00,80.46746928749705,81.566006462034,79.23162027568506,79.64356994628906,2012369,0.0,0.0
2011-09-09 00:00:00+08:00,79.64358125444924,80.33016885586704,77.8584704813,78.95700073242188,1244722,0.0,0.0
2011-09-13 00:00:00+08:00,77.72116088867188,78.13311066729042,76.75994237876482,77.72116088867188,1048756,0.0,0.0
2011-09-14 00:00:00+08:00,78.2704218465002,78.95700238287932,72.36580657958984,72.36580657958984,2863808,0.0,0.0
2011-09-15 00:00:00+08:00,72.77775232069233,74.28823932892456,69.75679246300825,71.6792221069336,2158330,0.0,0.0
2011-09-16 00:00:00+08:00,72.77774903841154,74.83749752093327,72.77774903841154,74.15091705322266,2181305,0.0,0.0
2011-09-19 00:00:00+08:00,73.46434393306514,73.46434393306514,71.81654498224277,72.36580657958984,1192014,0.0,0.0
2011-09-20 00:00:00+08:00,72.09116262561874,73.87628018972237,70.99263255199534,72.9150619506836,1873165,0.0,0.0
2011-09-21 00:00:00+08:00,73.18969926969204,75.24944776726376,72.50311879696478,73.73896789550781,2061022,0.0,0.0
2011-09-22 00:00:00+08:00,72.36580970457594,72.77775946007084,71.54191019358615,72.09117889404297,1159578,0.0,0.0
2011-09-23 00:00:00+08:00,68.7955683714261,70.16873633379718,68.10898792993537,68.65825653076172,1573810,0.0,0.0
2011-09-26 00:00:00+08:00,67.28509787186124,67.97167840828507,63.85218811035156,63.85218811035156,2013720,0.0,0.0
2011-09-27 00:00:00+08:00,65.6372913519431,65.6372913519431,62.06706306309462,63.64620590209961,2240771,0.0,0.0
2011-09-28 00:00:00+08:00,64.26413100818162,66.39254271399123,63.440238609037046,65.22534942626953,2822587,0.0,0.0
2011-09-29 00:00:00+08:00,64.5387726212027,68.58960723876953,64.26413472620796,68.58960723876953,2823263,0.0,0.0
2011-09-30 00:00:00+08:00,68.5896023031386,69.34484584094116,67.01046637781124,67.83436584472656,1285267,0.0,0.0
2011-10-03 00:00:00+08:00,67.28510546174286,72.50313370182619,67.28510546174286,70.58070373535156,6003320,0.0,0.0
2011-10-04 00:00:00+08:00,68.10898333950988,69.3448322985329,66.32386581668021,67.97166442871094,3117888,0.0,0.0
2011-10-05 00:00:00+08:00,69.4821627557869,70.58069298656334,67.28509521484375,67.28509521484375,3156405,0.0,0.0
2011-10-06 00:00:00+08:00,68.65826573026615,68.93289652778223,66.73582890948188,68.31497192382812,3240874,0.0,0.0
2011-10-07 00:00:00+08:00,69.20751848004159,72.09116626327493,68.31496319264686,70.03141784667969,3938918,0.0,0.0
2011-10-11 00:00:00+08:00,71.95385626845943,72.77775573730469,70.03142653428404,72.77775573730469,3152351,0.0,0.0
2011-10-12 00:00:00+08:00,73.7389668238823,76.89724544779733,73.7389668238823,74.5628662109375,4861986,0.0,0.0
2011-10-13 00:00:00+08:00,75.5240798691876,79.64356947126815,74.4255427012027,78.2704086303711,5601927,0.0,0.0
2011-10-14 00:00:00+08:00,77.72113901037015,78.81966908432247,76.62260893641783,76.8972396850586,2611755,0.0,0.0
2011-10-17 00:00:00+08:00,82.25260162353516,82.25260162353516,82.25260162353516,82.25260162353516,3707814,0.0,0.0
2011-10-18 00:00:00+08:00,83.21381882423195,83.7630875485253,81.15407703676205,83.48845672607422,11314002,0.0,0.0
2011-10-19 00:00:00+08:00,83.48845672607422,85.41088664201416,83.076506952702,83.48845672607422,4597094,0.0,0.0
2011-10-20 00:00:00+08:00,83.48844506623858,84.31234449791882,78.27041769206056,78.8196792602539,4173402,0.0,0.0
2011-10-21 00:00:00+08:00,78.81968179626023,80.05553098354375,77.72115154513835,78.95700073242188,2284694,0.0,0.0
2011-10-24 00:00:00+08:00,80.46746877196868,80.46746877196868,78.68235826371425,80.0555191040039,2559047,0.0,0.0
2011-10-25 00:00:00+08:00,82.2526035548417,85.54820158751758,81.70333485626543,82.80187225341797,5543813,0.0,0.0
2011-10-26 00:00:00+08:00,81.42868549034739,82.25258481076257,80.46746725673326,81.29136657714844,2304966,0.0,0.0
2011-10-27 00:00:00+08:00,79.64357869193414,79.91821655542101,77.44651826038033,78.8196792602539,2831372,0.0,0.0
2011-10-28 00:00:00+08:00,81.70331725777646,83.21379700427278,80.33015642619411,80.46746826171875,5066061,0.0,0.0
2011-10-31 00:00:00+08:00,80.7421113295194,82.38991009782713,77.72114456115864,78.5450439453125,2651624,0.0,0.0
2011-11-01 00:00:00+08:00,77.85846348498089,78.95699363738943,76.89724517700478,78.5450439453125,3220601,0.0,0.0
2011-11-02 00:00:00+08:00,75.52408292068424,77.17187458046067,74.70018355110119,75.79871368408203,2715820,0.0,0.0
2011-11-03 00:00:00+08:00,76.62261305366508,78.81967331962677,75.79871368408203,75.79871368408203,2353620,0.0,0.0
2011-11-04 00:00:00+08:00,76.62262355923751,78.13310358410874,76.62262355923751,77.3092041015625,1724501,0.0,0.0
2011-11-07 00:00:00+08:00,77.7211488044529,82.38991459601915,76.8972493753171,81.0167465209961,3892968,0.0,0.0
2011-11-08 00:00:00+08:00,81.15406657937082,82.8018654605268,79.91821741850384,80.1928482055664,2556344,0.0,0.0
2011-11-09 00:00:00+08:00,80.33016120743355,80.46747305113097,76.48529507550056,76.75992584228516,3103022,0.0,0.0
2011-11-10 00:00:00+08:00,74.15091569180156,74.56286538074245,71.40458679199219,71.40458679199219,3094913,0.0,0.0
2011-11-11 00:00:00+08:00,70.16873109632608,71.81652969642204,66.59850315591454,68.38361358642578,3326693,0.0,0.0
2011-11-14 00:00:00+08:00,69.20752381643379,72.09117182201689,68.79557410135048,71.6792221069336,2720550,0.0,0.0
2011-11-15 00:00:00+08:00,71.95385778203021,71.95385778203021,69.61947826432782,70.16874694824219,991993,0.0,0.0
2011-11-16 00:00:00+08:00,70.16874498692087,71.40459418164136,68.45229013182811,69.61947631835938,2029262,0.0,0.0
2011-11-17 00:00:00+08:00,70.30606727690133,72.09117814592722,70.30606727690133,70.71800994873047,1881274,0.0,0.0
2011-11-18 00:00:00+08:00,69.75678665302482,69.75678665302482,68.52093761070773,68.65825653076172,1344733,0.0,0.0
2011-11-21 00:00:00+08:00,68.2463069841658,68.38361882510016,64.26412200927734,64.26412200927734,1738692,0.0,0.0
2011-11-22 00:00:00+08:00,63.44023853570108,64.26413093389324,59.801346816580335,59.87000274658203,3058422,0.0,0.0
2011-11-23 00:00:00+08:00,59.8699938792025,62.06706118714448,58.771463764926274,58.90877914428711,2796233,0.0,0.0
2011-11-24 00:00:00+08:00,59.046107288186455,62.34170168558453,58.359523204726884,61.44914627075195,3471303,0.0,0.0
2011-11-25 00:00:00+08:00,62.95962382532893,63.44023655853392,60.69390033258947,62.410362243652344,3073289,0.0,0.0
2011-11-28 00:00:00+08:00,63.71486048676071,64.26412200927734,62.47901144201387,64.26412200927734,1736665,0.0,0.0
2011-11-29 00:00:00+08:00,65.63729936771176,68.24631675090627,64.95071882661453,67.01046752929688,2432007,0.0,0.0
2011-11-30 00:00:00+08:00,67.28509355409696,69.20752318035342,66.18656335043472,68.52094268798828,3138160,0.0,0.0
2011-12-01 00:00:00+08:00,72.91507410069862,73.18970489501953,71.81654384402447,73.18970489501953,4625476,0.0,0.0
2011-12-02 00:00:00+08:00,71.81654216828412,72.64044161141278,70.44337406993958,70.8553237915039,2094134,0.0,0.0
2011-12-05 00:00:00+08:00,70.85532202554185,70.85532202554185,68.52094268798828,68.52094268798828,1267022,0.0,0.0
2011-12-06 00:00:00+08:00,68.52094324491883,71.67922203073674,67.42241303232785,68.10899353027344,2361053,0.0,0.0
2011-12-07 00:00:00+08:00,69.20751805219847,70.71799785523393,68.10898792993537,68.65825653076172,1833296,0.0,0.0
2011-12-08 00:00:00+08:00,68.6582544829669,68.6582544829669,65.22533821912386,65.91191864013672,1333245,0.0,0.0
2011-12-09 00:00:00+08:00,63.98950024107678,70.03142739361697,63.71486944122197,67.90302276611328,2969224,0.0,0.0
2011-12-12 00:00:00+08:00,68.65826161821737,69.48216104081158,67.6283873399746,68.52094268798828,1353517,0.0,0.0
2011-12-13 00:00:00+08:00,67.69704021930231,69.2075200662962,67.69704021930231,68.79557037353516,1192014,0.0,0.0
2011-12-14 00:00:00+08:00,68.79557503265008,69.61947447396997,67.97167559133018,68.17765045166016,1285943,0.0,0.0
2011-12-15 00:00:00+08:00,67.5597194619356,67.5597194619356,64.0581471684862,64.26412200927734,1786670,0.0,0.0
2011-12-16 00:00:00+08:00,64.40144658125743,65.15669009023247,63.16559742805659,64.12681579589844,1175120,0.0,0.0
2011-12-19 00:00:00+08:00,64.12681635724377,65.36266552126284,61.655118029205646,61.72377395629883,1156875,0.0,0.0
2011-12-20 00:00:00+08:00,61.92975415718721,65.22535221208497,61.92975415718721,64.05815887451172,851438,0.0,0.0
2011-12-21 00:00:00+08:00,68.52094268798828,68.52094268798828,67.49106840974552,68.52094268798828,1908980,0.0,0.0
2011-12-22 00:00:00+08:00,68.52094932848463,72.22849708946414,68.10899957726468,70.71800994873047,4394371,0.0,0.0
2011-12-23 00:00:00+08:00,71.40459524453718,72.9150752563275,70.71800762876748,72.36580657958984,3973381,0.0,0.0
2011-12-26 00:00:00+08:00,72.77774509877763,72.77774509877763,70.71799672775502,71.26726531982422,1112276,0.0,0.0
2011-12-27 00:00:00+08:00,71.6792163404298,76.21066284179688,71.40458557893137,76.21066284179688,6530401,0.0,0.0
2011-12-28 00:00:00+08:00,75.93604175413849,76.2106725506234,72.22849414433487,72.77775573730469,4864689,0.0,0.0
2011-12-29 00:00:00+08:00,72.77774405922881,74.42554273250994,71.54189505426797,74.2882308959961,3064504,0.0,0.0
2011-12-30 00:00:00+08:00,74.70017951478724,74.70017951478724,72.9150619506836,72.9150619506836,1473800,0.0,0.0
2012-01-02 00:00:00+08:00,73.46433523669666,74.28823461457843,71.40458679199219,71.40458679199219,1391359,0.0,0.0
2012-01-03 00:00:00+08:00,72.36579337417726,73.32701161321603,71.8165318770602,72.9150619506836,1256210,0.0,0.0
2012-01-04 00:00:00+08:00,74.01359505934448,76.48529313589475,73.46433353970414,74.42554473876953,3523335,0.0,0.0
2012-01-05 00:00:00+08:00,74.83749441819457,75.66139377704465,74.01359505934448,74.42554473876953,2098864,0.0,0.0
2012-01-06 00:00:00+08:00,74.83750771269808,79.50627393536105,74.83750771269808,79.23163604736328,7170332,0.0,0.0
2012-01-09 00:00:00+08:00,79.50626225328861,79.64357409772106,77.17187594525947,78.5450439453125,3680784,0.0,0.0
2012-01-10 00:00:00+08:00,78.27040909720202,79.64356994628906,77.17187192266508,79.64356994628906,3271958,0.0,0.0
2012-01-11 00:00:00+08:00,80.46748013335024,81.01674879465219,78.81968122883477,79.36894989013672,2473227,0.0,0.0
2012-01-12 00:00:00+08:00,82.3899263568787,84.44966814434859,80.87943913491978,83.48845672607422,6670956,0.0,0.0
2012-01-13 00:00:00+08:00,83.76306717072296,83.76306717072296,81.4286880493164,81.4286880493164,3146269,0.0,0.0
2012-01-16 00:00:00+08:00,81.42869623556399,81.42869623556399,79.3689476627245,81.0167465209961,1946822,0.0,0.0
2012-01-17 00:00:00+08:00,81.70333293785582,82.38992056480267,80.60480264588784,82.25260162353516,1533265,0.0,0.0
2012-01-18 00:00:00+08:00,81.15407323708003,85.54820158751758,81.15407323708003,82.80187225341797,4872123,0.0,0.0
2012-01-30 00:00:00+08:00,85.27355842849153,87.6079449436287,84.72429684325137,86.09745788574219,4397074,0.0,0.0
2012-01-31 00:00:00+08:00,86.78404267628889,90.62890196603419,85.82282431415746,88.1572036743164,4188268,0.0,0.0
2012-02-01 00:00:00+08:00,87.88256379975243,89.94231216311735,86.23476510906049,87.6079330444336,2534044,0.0,0.0
2012-02-02 00:00:00+08:00,89.25573929786167,90.62890027019473,87.88257124613854,89.39305114746094,3926079,0.0,0.0
2012-02-03 00:00:00+08:00,89.66769016841852,90.35427779708712,87.60794852058483,88.98110961914062,2411734,0.0,0.0
2012-02-06 00:00:00+08:00,84.44965953391706,89.53037524727839,84.44965953391706,85.68550872802734,7099379,0.0,0.0
2012-02-07 00:00:00+08:00,85.82282766494752,86.92135792213763,85.13624713912753,85.68550872802734,2339429,0.0,0.0
2012-02-08 00:00:00+08:00,86.50940536288955,88.4318420993684,86.37209350984838,87.74525451660156,2793530,0.0,0.0
2012-02-09 00:00:00+08:00,88.0198892720235,93.78717803955078,87.8825703444431,93.78717803955078,7542668,0.0,0.0
2012-02-10 00:00:00+08:00,95.98424567998559,97.22009479256415,92.00206756591797,92.00206756591797,6899358,0.0,0.0
2012-02-13 00:00:00+08:00,85.68550149005102,89.80499845577219,85.68550149005102,87.47061920166016,3622670,0.0,0.0
2012-02-14 00:00:00+08:00,87.47061362259454,88.56914371692359,85.82281494140625,85.82281494140625,2848266,0.0,0.0
2012-02-15 00:00:00+08:00,85.82282148283855,87.05867058792643,84.86160315241798,86.64672088623047,3518605,0.0,0.0
2012-02-16 00:00:00+08:00,86.5094047409234,89.11842196202109,84.58697509765625,84.58697509765625,2591482,0.0,0.0
2012-02-17 00:00:00+08:00,87.74525738487782,88.0198952587182,84.86160926528716,85.68550872802734,2725280,0.0,0.0
2012-02-20 00:00:00+08:00,87.05867983352807,88.98110961914062,85.13625004791554,88.98110961914062,2308345,0.0,0.0
2012-02-21 00:00:00+08:00,88.56915651198776,90.7662240974327,87.88257598876953,87.88257598876953,3244928,0.0,0.0
2012-02-22 00:00:00+08:00,89.25574633409359,91.31548795496727,88.56915871441174,89.80500793457031,3300339,0.0,0.0
2012-02-23 00:00:00+08:00,89.80499114155879,91.3154708795048,87.05866241455078,87.05866241455078,2364432,0.0,0.0
2012-02-24 00:00:00+08:00,86.50940176299052,87.05867039046933,82.38991183476426,83.07649230957031,3736871,0.0,0.0
2012-02-29 00:00:00+08:00,83.07650133171421,84.17503162658275,81.56602129134615,83.62576293945312,2015072,0.0,0.0
2012-03-01 00:00:00+08:00,82.93917392770403,84.03770411048826,82.66454315185547,82.66454315185547,1315675,0.0,0.0
2012-03-02 00:00:00+08:00,82.66453850912859,84.31233723045385,82.66453850912859,84.17501831054688,2362405,0.0,0.0
2012-03-05 00:00:00+08:00,82.52722422423619,84.44965381395609,82.52722422423619,82.66454315185547,1042674,0.0,0.0
2012-03-06 00:00:00+08:00,82.52721764051705,82.66453655718152,77.85845942659802,79.64356994628906,2198874,0.0,0.0
2012-03-07 00:00:00+08:00,78.27041063317488,79.64357150920874,77.99577279445646,78.40772247314453,1723826,0.0,0.0
2012-03-08 00:00:00+08:00,78.54503985114154,81.01673787476552,78.54503985114154,79.64356994628906,1679902,0.0,0.0
2012-03-09 00:00:00+08:00,80.60479122755767,82.8018585796517,80.33016046331706,81.56600952148438,1838027,0.0,0.0
2012-03-12 00:00:00+08:00,82.38991183476426,84.17502248513799,82.11527398132989,83.07649230957031,1778561,0.0,0.0
2012-03-13 00:00:00+08:00,83.07649509383559,83.48844480840349,80.87942758967674,81.0167465209961,1307567,0.0,0.0
2012-03-14 00:00:00+08:00,81.70332788184952,82.66454625245808,80.60479765786134,82.3899154663086,2606349,0.0,0.0
2012-03-15 00:00:00+08:00,81.56600542225183,82.52721658848161,80.33015642619411,80.46746826171875,1552186,0.0,0.0
2012-03-16 00:00:00+08:00,79.9182220983317,83.07650111235881,79.9182220983317,82.25260162353516,2855699,0.0,0.0
2012-03-19 00:00:00+08:00,82.2525956646998,82.80186431058705,80.05552816054093,81.0167465209961,1414334,0.0,0.0
2012-03-20 00:00:00+08:00,80.60479335907739,82.252592146875,79.918212890625,79.918212890625,1251480,0.0,0.0
2012-03-21 00:00:00+08:00,79.91822029564064,79.91822029564064,77.99578347882215,78.13310241699219,2284018,0.0,0.0
2012-03-22 00:00:00+08:00,78.13308867302592,78.27040758704095,76.8972396850586,76.8972396850586,2018450,0.0,0.0
2012-03-23 00:00:00+08:00,76.34799967953754,78.54506044590899,75.93604990091899,77.72116088867188,2204280,0.0,0.0
2012-03-26 00:00:00+08:00,77.72115015679711,78.81968038829582,76.8972507133255,77.99578094482422,1688687,0.0,0.0
2012-03-27 00:00:00+08:00,78.40773179241548,79.09431939142738,77.5838394165039,77.5838394165039,1257561,0.0,0.0
2012-03-28 00:00:00+08:00,76.89724335735636,78.54504208667161,73.60164589872588,74.01359558105469,2548235,0.0,0.0
2012-03-29 00:00:00+08:00,72.7777598885404,72.7777598885404,68.9329002008792,70.30606842041016,3734843,0.0,0.0
2012-03-30 00:00:00+08:00,68.93289093534888,69.89410926775865,66.73582349529366,67.55972290039062,2771906,0.0,0.0
2012-04-02 00:00:00+08:00,67.62838232883081,69.20751805219847,67.55971932910902,68.65825653076172,1317703,0.0,0.0
2012-04-03 00:00:00+08:00,68.52094875822218,70.03142880699414,65.98059433997143,66.18656921386719,1193366,0.0,0.0
2012-04-05 00:00:00+08:00,63.165604347019794,65.91193373960482,63.165604347019794,64.53877258300781,1395413,0.0,0.0
2012-04-06 00:00:00+08:00,64.538757798111,67.01045580902455,64.538757798111,65.91191864013672,1420416,0.0,0.0
2012-04-09 00:00:00+08:00,64.67607724384176,65.91191918003213,63.85217790012189,64.60741424560547,1110925,0.0,0.0
2012-04-10 00:00:00+08:00,65.91193115563709,66.3238809023446,63.92084543281133,64.40145111083984,1452176,0.0,0.0
2012-04-11 00:00:00+08:00,63.85218910376858,67.90302353490006,63.71487016259117,66.59851837158203,2940843,0.0,0.0
2012-04-12 00:00:00+08:00,67.28509635632125,68.04033988494963,66.18656610690847,66.46119689941406,2348214,0.0,0.0
2012-04-13 00:00:00+08:00,66.73582642935034,69.3448436866601,66.73582642935034,68.17765045166016,2636082,0.0,0.0
2012-04-16 00:00:00+08:00,68.10898901942387,68.1776449408543,66.52984619140625,66.52984619140625,1087274,0.0,0.0
2012-04-17 00:00:00+08:00,66.73582944378717,67.55972892232234,65.22534942626953,65.22534942626953,1905601,0.0,0.0
2012-04-18 00:00:00+08:00,65.91193373960482,66.59852139729435,64.53877258300781,64.53877258300781,1839378,0.0,0.0
2012-04-19 00:00:00+08:00,64.53876276636507,64.53876276636507,63.165594739242216,63.302913665771484,1169714,0.0,0.0
2012-04-20 00:00:00+08:00,63.30291458866631,64.47010778270678,61.79243469238281,61.79243469238281,1536644,0.0,0.0
2012-04-23 00:00:00+08:00,61.7924311643344,62.479011609010115,59.45804490953563,60.281944274902344,1390683,0.0,0.0
2012-04-24 00:00:00+08:00,60.28195133110825,60.69390106201172,59.59537080606597,60.69390106201172,1271752,0.0,0.0
2012-04-25 00:00:00+08:00,61.929738399746725,62.616325872748625,61.243158006133925,62.204376220703125,1344733,0.0,0.0
2012-04-26 00:00:00+08:00,62.47901053547895,63.852178480625874,61.10584259033203,61.10584259033203,2008314,0.0,0.0
2012-04-27 00:00:00+08:00,61.380481584903826,61.9297431098125,58.22219949912038,58.49683380126953,2500257,0.0,0.0
2012-04-30 00:00:00+08:00,57.67293266896382,58.90877814156479,57.67293266896382,58.84012222290039,1355544,0.0,0.0
2012-05-02 00:00:00+08:00,58.840124153661726,61.3804817199707,58.840124153661726,61.3804817199707,2017099,0.0,0.0
2012-05-03 00:00:00+08:00,60.96853153439784,60.96853153439784,59.73268249171068,60.487918853759766,1012266,0.0,0.0
2012-05-04 00:00:00+08:00,59.732687123883856,63.714865321557426,59.732687123883856,61.86109161376953,2528638,0.0,0.0
2012-05-07 00:00:00+08:00,61.2431651472299,61.2431651472299,60.41926574707031,60.41926574707031,1217017,0.0,0.0
2012-05-08 00:00:00+08:00,60.41926970716198,61.517799952912995,59.45805131751084,59.52671432495117,1704229,0.0,0.0
2012-05-09 00:00:00+08:00,59.046098995803135,61.3804817199707,58.42817446937891,61.3804817199707,2173196,0.0,0.0
2012-05-10 00:00:00+08:00,61.929751943447855,63.16560116985789,61.24317139968362,61.44914627075195,2359702,0.0,0.0
2012-05-11 00:00:00+08:00,61.449145474566706,61.65512034296626,60.07597732543945,60.07597732543945,816300,0.0,0.0
2012-05-14 00:00:00+08:00,60.144640334499684,60.831220869368025,59.870002457039895,60.07597732543945,687908,0.0,0.0
2012-05-15 00:00:00+08:00,58.90878674132846,60.69390106201172,58.70281541557196,60.69390106201172,788594,0.0,0.0
2012-05-16 00:00:00+08:00,60.693900790024784,61.65511918428885,59.18342080994447,59.32073974609375,1229856,0.0,0.0
2012-05-17 00:00:00+08:00,59.73268409562723,63.44023132324219,59.73268409562723,63.44023132324219,2103594,0.0,0.0
2012-05-18 00:00:00+08:00,63.1655932592655,65.22534171199467,62.06706311093986,62.34169387817383,6427012,0.0,0.0
2012-05-21 00:00:00+08:00,64.2641334982317,66.66717609686715,64.12682163274913,65.3626708984375,5420152,0.0,0.0
2012-05-22 00:00:00+08:00,66.80449582967086,67.07912664326602,64.53877214918562,66.32388305664062,3538202,0.0,0.0
2012-05-23 00:00:00+08:00,65.91192166036323,66.73582103508726,65.2939971293202,66.52984619140625,2898947,0.0,0.0
2012-05-24 00:00:00+08:00,67.28508964469984,67.97167009717329,65.91192166036323,66.52984619140625,2245501,0.0,0.0
2012-05-25 00:00:00+08:00,67.2164337232694,68.24630794167444,66.52984619140625,66.52984619140625,2417816,0.0,0.0
2012-05-28 00:00:00+08:00,66.73583281672884,66.73583281672884,64.33279726914151,66.32388305664062,1534617,0.0,0.0
2012-05-29 00:00:00+08:00,66.32386729819818,67.97166594703681,65.22533722543551,65.84326171875,5584358,0.0,0.0
2012-05-30 00:00:00+08:00,62.47901552064025,64.19547027948661,62.41035959569122,63.16559600830078,2983415,0.0,0.0
2012-05-31 00:00:00+08:00,61.792436962782304,63.09694205389455,61.72377395629883,61.72377395629883,2292127,0.0,0.0
2012-06-01 00:00:00+08:00,61.72377077085969,62.479014247469294,60.41926574707031,60.41926574707031,1961688,0.0,0.0
2012-06-04 00:00:00+08:00,58.359517880918204,58.359517880918204,56.23111343383789,56.23111343383789,1990069,0.0,0.0
2012-06-05 00:00:00+08:00,56.29976883536354,57.12366464533172,54.995260351832314,55.33855056762695,1873165,0.0,0.0
2012-06-06 00:00:00+08:00,55.956485237191636,57.9475745137381,55.61319495908236,57.26099395751953,2512420,0.0,0.0
2012-06-07 00:00:00+08:00,58.35951806222515,59.25207693810289,56.917694091796875,56.917694091796875,2204956,0.0,0.0
2012-06-08 00:00:00+08:00,56.91769317453461,57.53561772333136,55.613188153538104,55.75050354003906,1121061,0.0,0.0
2012-06-11 00:00:00+08:00,56.50574701503173,56.711718324935696,55.33855384084123,55.75050354003906,952125,0.0,0.0
2012-06-12 00:00:00+08:00,54.514651217964015,56.29976883536354,54.514651217964015,55.33855056762695,934555,0.0,0.0
2012-06-13 00:00:00+08:00,56.57440285810324,58.08488626624885,56.437087471797255,56.849037170410156,1792076,0.0,0.0
2012-06-14 00:00:00+08:00,57.6042781147563,57.6042781147563,56.849038167287446,56.917694091796875,819003,0.0,0.0
2012-06-15 00:00:00+08:00,56.98635175215453,57.81025113774811,56.98635175215453,57.46696090698242,873738,0.0,0.0
2012-06-18 00:00:00+08:00,58.35951940092465,59.252078297276654,58.1535445432815,58.77146911621094,1085922,0.0,0.0
2012-06-19 00:00:00+08:00,58.77146503702417,59.320733645745875,58.42817481134424,58.977439880371094,1262967,0.0,0.0
2012-06-20 00:00:00+08:00,59.11475832633403,59.38938908878836,58.22219949912038,58.49683380126953,1223098,0.0,0.0
2012-06-21 00:00:00+08:00,58.70281359587118,59.32073817307162,57.67293930053711,57.67293930053711,970370,0.0,0.0
2012-06-22 00:00:00+08:00,57.12367106683428,57.12367106683428,56.231115697493514,56.368431091308594,1054838,0.0,0.0
2012-06-25 00:00:00+08:00,56.29977798461914,56.917699057589715,55.6131939017586,56.29977798461914,967667,0.0,0.0
2012-06-26 00:00:00+08:00,54.92660621647968,56.299774292140114,54.92660621647968,55.20124053955078,674393,0.0,0.0
2012-06-27 00:00:00+08:00,55.20123872340846,56.23111297642298,55.20123872340846,55.54452896118164,961585,0.0,0.0
2012-06-28 00:00:00+08:00,56.162453604792205,56.29977253188192,54.651973724365234,54.651973724365234,1183905,0.0,0.0
2012-06-29 00:00:00+08:00,54.92660981889805,56.71172418670108,54.51466007712079,56.29977798461914,1665711,0.0,0.0
2012-07-02 00:00:00+08:00,57.67293609348116,57.67293609348116,56.09379677501284,56.162452697753906,954828,0.0,0.0
2012-07-03 00:00:00+08:00,56.71172062522985,56.91769548318335,56.025140125181586,56.09379959106445,1248777,0.0,0.0
2012-07-04 00:00:00+08:00,56.98635482788086,57.67293886616416,56.780379970365374,56.98635482788086,1808294,0.0,0.0
2012-07-05 00:00:00+08:00,56.98635337896042,57.1236687672477,56.09379804555061,56.23111343383789,1010914,0.0,0.0
2012-07-06 00:00:00+08:00,56.29976986642635,56.43708524732002,55.3385515810862,55.61318588256836,807515,0.0,0.0
2012-07-09 00:00:00+08:00,55.613184864079514,55.613184864079514,54.926600892795484,55.33855056762695,751428,0.0,0.0
2012-07-10 00:00:00+08:00,55.338554201033865,55.95647875385262,54.651973724365234,54.651973724365234,1352841,0.0,0.0
2012-07-11 00:00:00+08:00,54.651977706987005,54.651977706987005,53.553443908691406,53.553443908691406,1264319,0.0,0.0
2012-07-12 00:00:00+08:00,53.0041751908368,53.41612489484541,51.49369176290688,51.56235122680664,1448797,0.0,0.0
2012-07-13 00:00:00+08:00,51.49368959581287,51.56234905682313,49.43394470214844,49.43394470214844,1094031,0.0,0.0
2012-07-16 00:00:00+08:00,49.43394775115834,50.05187231927876,47.09956486947173,47.1682243347168,1248101,0.0,0.0
2012-07-17 00:00:00+08:00,47.1682214716294,48.74736075885249,47.1682214716294,48.335411071777344,1567728,0.0,0.0
2012-07-18 00:00:00+08:00,48.06077582491053,48.335410124141255,46.06968688964844,46.06968688964844,1174445,0.0,0.0
2012-07-19 00:00:00+08:00,46.55030143702275,48.0607814090563,45.932376846728516,47.717491149902344,2240095,0.0,0.0
2012-07-20 00:00:00+08:00,47.5801754716443,48.74736517759301,47.37420060943599,47.923465728759766,1181878,0.0,0.0
2012-07-23 00:00:00+08:00,46.687613442559524,46.687613442559524,46.00103297410715,46.61895751953125,788594,0.0,0.0
2012-07-24 00:00:00+08:00,45.451767390957365,46.412985774576875,43.460678235794404,44.35323715209961,1602867,0.0,0.0
2012-07-25 00:00:00+08:00,43.25469691869673,44.55920536482706,43.11738154425473,43.52933120727539,1113628,0.0,0.0
2012-07-26 00:00:00+08:00,43.80396757187589,44.353232635370134,42.98006820678711,42.98006820678711,1104843,0.0,0.0
2012-07-27 00:00:00+08:00,43.6666465817174,44.078596244738065,43.39201583283339,43.52933120727539,1060920,0.0,0.0
2012-07-30 00:00:00+08:00,43.941281899876216,44.21591265519505,43.46067276852616,43.8039665222168,562895,0.0,0.0
2012-07-31 00:00:00+08:00,43.80397244984947,44.83384323120117,43.25470378549431,44.83384323120117,1145388,0.0,0.0
2012-08-01 00:00:00+08:00,44.76518730292818,45.31445242758814,44.490552970750606,44.83384323120117,1073759,0.0,0.0
2012-08-02 00:00:00+08:00,44.83384323120117,44.83384323120117,44.83384323120117,44.83384323120117,0,0.0,0.0
2012-08-03 00:00:00+08:00,44.62787134282197,44.6965272702275,43.3920221731804,43.46067810058594,725074,0.0,0.0
2012-08-06 00:00:00+08:00,43.94128057023496,44.28457077384308,40.43970845847042,40.64568328857422,2012369,0.0,0.0
2012-08-07 00:00:00+08:00,37.89935480555314,40.09641849315241,37.89935480555314,38.4486198425293,2540802,0.0,0.0
2012-08-08 00:00:00+08:00,35.83961492729084,37.693388845535985,35.770955454124014,36.732173919677734,5847223,0.0,0.0
2012-08-09 00:00:00+08:00,36.388874256260635,37.62472333684345,36.251558871649735,37.28143310546875,6220234,0.0,0.0
2012-08-10 00:00:00+08:00,37.07546429041304,37.89936381150626,36.5948550565435,37.41875457763672,3803094,0.0,0.0
2012-08-13 00:00:00+08:00,37.76203872145435,37.76203872145435,37.21277364331585,37.28143310546875,1220395,0.0,0.0
2012-08-14 00:00:00+08:00,37.28143082420658,38.17398961879875,37.006796532094825,37.14411544799805,2337402,0.0,0.0
2012-08-15 00:00:00+08:00,37.21277418411754,37.48740849702542,36.66350909799674,36.869483947753906,1467042,0.0,0.0
2012-08-16 00:00:00+08:00,36.93814540342824,39.40984019414791,36.93814540342824,38.99789047241211,5782351,0.0,0.0
2012-08-17 00:00:00+08:00,39.135214809980184,39.4098456359288,38.723265031361635,38.86058044433594,2008314,0.0,0.0
2012-08-20 00:00:00+08:00,38.585937972629736,40.027761894898994,38.585937972629736,39.27252197265625,2058995,0.0,0.0
2012-08-21 00:00:00+08:00,39.68447709142235,42.0188566392785,39.68447709142235,41.60690689086914,5619497,0.0,0.0
2012-08-22 00:00:00+08:00,41.60690648711781,41.812881359323725,40.783006998294155,41.12630081176758,2520529,0.0,0.0
2012-08-23 00:00:00+08:00,40.50836867785909,41.05763372191389,39.753128799821894,40.02775955200195,1753558,0.0,0.0
2012-08-24 00:00:00+08:00,40.02775929818309,41.05763346156452,40.02775929818309,40.233734130859375,2155627,0.0,0.0
2012-08-27 00:00:00+08:00,40.233740481136955,40.783005608401886,39.82179075076445,40.37105941772461,956179,0.0,0.0
2012-08-28 00:00:00+08:00,40.371050992901786,40.85165655157784,39.821782440565606,39.89044189453125,1405550,0.0,0.0
2012-08-29 00:00:00+08:00,39.959109275719335,40.3710590018482,39.409840614417384,39.68447494506836,1113628,0.0,0.0
2012-08-30 00:00:00+08:00,39.684471343054774,41.40092955936018,39.47849649868592,40.577030181884766,2713117,0.0,0.0
2012-08-31 00:00:00+08:00,40.57702787844963,40.57702787844963,39.8217844655068,40.233734130859375,1050783,0.0,0.0
2012-09-03 00:00:00+08:00,40.43971206529018,40.85166176223959,39.89044698258929,39.9591064453125,1625843,0.0,0.0
2012-09-04 00:00:00+08:00,39.95910288135798,41.194951861980755,39.89044342475851,40.64568328857422,2592834,0.0,0.0
2012-09-05 00:00:00+08:00,40.85165862888823,41.1262929190215,40.233734130859375,40.233734130859375,1535968,0.0,0.0
2012-09-06 00:00:00+08:00,40.233739362545734,41.60690391237852,40.02776450308606,41.1949577331543,4026765,0.0,0.0
2012-09-07 00:00:00+08:00,42.01885318745028,42.08751265310996,40.50837326049805,40.50837326049805,3354399,0.0,0.0
2012-09-10 00:00:00+08:00,40.5083679150699,40.92031757527749,40.23373362836663,40.64568328857422,1510290,0.0,0.0
2012-09-11 00:00:00+08:00,40.92032383389727,43.46067810058594,40.92032383389727,43.46067810058594,5129582,0.0,0.0
2012-09-12 00:00:00+08:00,43.39202303230395,43.460678961068815,42.156173838193666,42.84275436401367,3972706,0.0,0.0
2012-09-13 00:00:00+08:00,43.39201990662956,45.31444948808072,43.18604505578158,43.323360443115234,4293009,0.0,0.0
2012-09-14 00:00:00+08:00,44.62787205729821,44.62787205729821,43.59799773277565,43.941287994384766,3479412,0.0,0.0
2012-09-17 00:00:00+08:00,44.83384208684509,45.1771358782285,43.39202161387619,43.87262725830078,2514447,0.0,0.0
2012-09-18 00:00:00+08:00,44.07860282253758,44.833842804214186,43.73531256535643,44.35323715209961,3027338,0.0,0.0
2012-09-19 00:00:00+08:00,47.374199908370954,47.44285583496094,47.374199908370954,47.44285583496094,2855699,0.0,0.0
2012-09-20 00:00:00+08:00,47.442853827054144,47.442853827054144,44.147259759664266,44.42189407348633,7033156,0.0,0.0
2012-09-21 00:00:00+08:00,44.42189360834858,44.627868456634644,43.73530960083008,43.73530960083008,2761095,0.0,0.0
2012-09-24 00:00:00+08:00,43.7353141161665,44.42189819456956,42.98007410770985,44.009944915771484,1745449,0.0,0.0
2012-09-25 00:00:00+08:00,44.42189648121504,44.62787134282197,43.3920221731804,43.46067810058594,1107546,0.0,0.0
2012-09-26 00:00:00+08:00,43.460678961068815,44.07860355812395,42.70543896678872,42.84275436401367,1345408,0.0,0.0
2012-09-27 00:00:00+08:00,42.842749548978404,43.39201815553718,42.77409362792969,42.77409362792969,875090,0.0,0.0
2012-09-28 00:00:00+08:00,43.186048750484886,43.73531388650588,42.43080520629883,42.43080520629883,1338651,0.0,0.0
2012-10-01 00:00:00+08:00,43.11738755238284,43.11738755238284,41.88153839111328,41.88153839111328,724398,0.0,0.0
2012-10-02 00:00:00+08:00,41.88153839111328,42.0188537846893,40.37105844269169,41.88153839111328,2236040,0.0,0.0
2012-10-03 00:00:00+08:00,42.56811958415907,42.8427503528969,41.74422019855577,42.15616989135742,1990745,0.0,0.0
2012-10-04 00:00:00+08:00,42.15617649315107,42.15617649315107,40.78300827563972,40.988983154296875,1467718,0.0,0.0
2012-10-05 00:00:00+08:00,41.4695923843954,41.744226735836754,40.714352342550974,40.988983154296875,1625167,0.0,0.0
2012-10-08 00:00:00+08:00,40.98897452662429,40.98897452662429,39.203860467238535,39.82178497314453,1221747,0.0,0.0
2012-10-09 00:00:00+08:00,39.82179062722462,39.959109563386264,39.40984089813011,39.47850036621094,1357572,0.0,0.0
2012-10-11 00:00:00+08:00,39.27252550166369,40.233740356319124,38.51728551155549,39.47850036621094,2343484,0.0,0.0
2012-10-12 00:00:00+08:00,39.82178889886091,40.027763754468346,38.791914620823725,38.92923355102539,1195393,0.0,0.0
2012-10-15 00:00:00+08:00,38.929236391528434,38.99789232194374,38.44862718014469,38.65460205078125,999427,0.0,0.0
2012-10-16 00:00:00+08:00,38.723258695417954,39.13520840663283,38.37996490960885,38.92923355102539,1202150,0.0,0.0
2012-10-17 00:00:00+08:00,39.34117889404297,40.09641876751479,39.34117889404297,39.34117889404297,1119709,0.0,0.0
2012-10-18 00:00:00+08:00,39.82179120965028,39.82179120965028,38.92923581002132,39.066551208496094,733183,0.0,0.0
2012-10-19 00:00:00+08:00,39.06655179205437,39.06655179205437,38.58594258067062,38.65460205078125,1084571,0.0,0.0
2012-10-22 00:00:00+08:00,38.0366780192868,38.44862776684601,37.69338774288592,38.242652893066406,1008211,0.0,0.0
2012-10-23 00:00:00+08:00,38.242654155725134,39.13521315147152,38.242654155725134,38.31131362915039,1154848,0.0,0.0
2012-10-24 00:00:00+08:00,38.311312661276325,38.311312661276325,37.83070343883233,38.036678314208984,750752,0.0,0.0
2012-10-25 00:00:00+08:00,38.03667070289553,38.17398961879875,36.59484686377455,37.14411544799805,987263,0.0,0.0
2012-10-26 00:00:00+08:00,37.07546199025821,37.07546199025821,34.603763580322266,34.603763580322266,1974527,0.0,0.0
2012-10-29 00:00:00+08:00,34.05449941560367,34.32913022027843,32.20072555541992,32.20072555541992,1762343,0.0,0.0
2012-10-30 00:00:00+08:00,32.20072555541992,32.955965577818546,31.857435279728794,32.20072555541992,1395413,0.0,0.0
2012-10-31 00:00:00+08:00,32.20072238937306,32.40669724247491,30.62158302882394,30.896217346191406,1644763,0.0,0.0
2012-11-01 00:00:00+08:00,30.89621971084476,32.6813340611201,29.523053328454186,31.92609405517578,3236143,0.0,0.0
2012-11-02 00:00:00+08:00,32.81865146208181,33.02462634351046,31.78877705493855,32.269386291503906,2609052,0.0,0.0
2012-11-05 00:00:00+08:00,32.26938473318782,32.81864987724125,31.788775519831493,32.406700134277344,1286618,0.0,0.0
2012-11-06 00:00:00+08:00,32.40669994331942,33.77986456520921,32.33804047333157,33.50523376464844,1521778,0.0,0.0
2012-11-07 00:00:00+08:00,33.50522692432052,35.42765629454967,33.299252096103494,34.87839126586914,3361832,0.0,0.0
2012-11-08 00:00:00+08:00,34.329131449465535,35.4963248000595,34.19181604221145,34.947059631347656,3464545,0.0,0.0
2012-11-09 00:00:00+08:00,35.15303464403822,36.93814910382449,35.15303464403822,36.52619934082031,3853099,0.0,0.0
2012-11-12 00:00:00+08:00,36.526193794677866,36.86948403182428,35.4276600802364,35.77095031738281,1504208,0.0,0.0
2012-11-13 00:00:00+08:00,35.8396135815337,35.908273052122404,33.299259185791016,33.299259185791016,2311724,0.0,0.0
2012-11-14 00:00:00+08:00,32.063409009383676,33.29925820542355,32.063409009383676,33.02462387084961,1233235,0.0,0.0
2012-11-15 00:00:00+08:00,31.926095787751112,33.84852564169918,31.926095787751112,33.16194152832031,2397544,0.0,0.0
2012-11-16 00:00:00+08:00,33.16194075641205,33.5052345749584,31.9947509765625,31.9947509765625,1871138,0.0,0.0
2012-11-19 00:00:00+08:00,31.994746674095783,32.132062059231714,29.93499819858223,30.072317123413086,1942767,0.0,0.0
2012-11-20 00:00:00+08:00,30.209632780331376,30.896216791577753,29.866342544555664,29.866342544555664,2717847,0.0,0.0
2012-11-21 00:00:00+08:00,29.866343180314978,30.27829288789291,29.317076313595233,29.797683715820312,1474476,0.0,0.0
2012-11-22 00:00:00+08:00,30.209629351021462,31.170844025896113,30.140969895782362,31.102188110351562,2461064,0.0,0.0
2012-11-23 00:00:00+08:00,31.582795942427236,32.61267014638294,31.033530880215796,32.13206100463867,2845563,0.0,0.0
2012-11-26 00:00:00+08:00,32.81864859273893,33.230598319579364,32.33803939819336,32.33803939819336,1885329,0.0,0.0
2012-11-27 00:00:00+08:00,32.33804222551645,33.436576106367774,32.1320673440878,32.269386291503906,2107649,0.0,0.0
2012-11-28 00:00:00+08:00,32.269383596547065,33.23059844970703,32.13206466059906,33.23059844970703,2448224,0.0,0.0
2012-11-29 00:00:00+08:00,33.84852304238741,34.67242249929459,33.16193898173303,33.23059844970703,4026090,0.0,0.0
2012-11-30 00:00:00+08:00,34.46644603044501,35.49632030363207,33.36791229248047,33.36791229248047,26030381,0.0,0.0
2012-12-03 00:00:00+08:00,33.779862597727586,34.7410774230957,33.23059748890225,34.7410774230957,7767691,0.0,0.0
2012-12-04 00:00:00+08:00,34.603765302789355,36.66351408026383,34.46644989752287,36.045589447021484,7320348,0.0,0.0
2012-12-05 00:00:00+08:00,36.526198295952014,37.075463451013476,35.29034904229218,35.359004974365234,5799245,0.0,0.0
2012-12-06 00:00:00+08:00,35.63363803070238,37.21277750659995,35.35900369327422,35.49632263183594,6527698,0.0,0.0
2012-12-07 00:00:00+08:00,35.702292402054546,35.83960778131373,34.054493692165224,34.329124450683594,4072716,0.0,0.0
2012-12-10 00:00:00+08:00,34.60375929131148,35.15302789634757,34.054494225970224,34.12315368652344,2515123,0.0,0.0
2012-12-11 00:00:00+08:00,34.329124450683594,35.015708426369066,33.98583423268824,34.329124450683594,3025987,0.0,0.0
2012-12-12 00:00:00+08:00,35.42766316255508,36.18290316586343,35.08437289554133,35.49632263183594,4975512,0.0,0.0
2012-12-13 00:00:00+08:00,36.938146541012685,37.075461939255135,35.70229733774481,36.388877868652344,6323623,0.0,0.0
2012-12-14 00:00:00+08:00,36.25155717121889,36.32021663015122,35.290342444639926,35.63363265991211,2617837,0.0,0.0
2012-12-17 00:00:00+08:00,35.564971370986726,35.633630826386195,33.8485168432511,33.98583221435547,2336726,0.0,0.0
2012-12-18 00:00:00+08:00,34.12315441805682,34.6037600331481,34.054494956031675,34.39778518676758,1178499,0.0,0.0
2012-12-19 00:00:00+08:00,34.94705566010009,34.94705566010009,34.05449676513672,34.05449676513672,1640709,0.0,0.0
2012-12-20 00:00:00+08:00,34.878399653017766,36.38887973003542,34.67242477527032,36.045589447021484,10558519,0.0,0.0
2012-12-21 00:00:00+08:00,36.04559195881255,36.04559195881255,34.8784020834747,35.29035186767578,3246955,0.0,0.0
2012-12-24 00:00:00+08:00,37.07546223472214,37.2127776340589,36.04558789045816,36.18290328979492,2911786,0.0,0.0
2012-12-25 00:00:00+08:00,37.075457993742596,37.48740768432617,36.66350830315901,37.48740768432617,5674908,0.0,0.0
2012-12-26 00:00:00+08:00,38.1739937074867,39.40983930512011,37.8306999206543,37.8306999206543,9859122,0.0,0.0
2012-12-27 00:00:00+08:00,37.89935838346466,38.65459832306758,37.41874921842917,37.55606460571289,3726734,0.0,0.0
2012-12-28 00:00:00+08:00,38.79191926622693,38.79191926622693,37.28143917068635,37.41875457763672,2763122,0.0,0.0
2013-01-02 00:00:00+08:00,37.418749766352434,37.76204000943603,36.73216928018525,37.350093841552734,2163736,0.0,0.0
2013-01-03 00:00:00+08:00,38.44862304326637,39.9591064453125,38.173992271763396,39.9591064453125,10340253,0.0,0.0
2013-01-04 00:00:00+08:00,40.50837276875026,42.70543670654297,40.50837276875026,42.70543670654297,16209776,0.0,0.0
2013-01-07 00:00:00+08:00,44.00994267414948,45.65774154663086,43.39202163666408,45.65774154663086,11406579,0.0,0.0
2013-01-08 00:00:00+08:00,45.65773545734318,47.58016839874517,44.97115504517398,47.51150894165039,20481837,0.0,0.0
2013-01-09 00:00:00+08:00,47.51151446994807,48.74736360328592,46.687615047722836,48.0607795715332,11484290,0.0,0.0
2013-01-10 00:00:00+08:00,48.884681701660156,51.425039574139376,48.06078223379611,48.884681701660156,19669592,0.0,0.0
2013-01-11 00:00:00+08:00,49.502602895457656,49.845896676570064,48.19809785425453,49.57126235961914,7337241,0.0,0.0
2013-01-14 00:00:00+08:00,49.02199894867098,50.53247889452861,48.81602408880902,50.12052917480469,7549425,0.0,0.0
2013-01-15 00:00:00+08:00,49.433949231519115,50.53247947016666,47.30554114213483,47.923465728759766,9754382,0.0,0.0
2013-01-16 00:00:00+08:00,48.060781123666914,48.61004978268586,46.75627602281105,47.923465728759766,9034713,0.0,0.0
2013-01-17 00:00:00+08:00,48.060782194041224,48.33541652966716,44.627872467041016,44.627872467041016,8661026,0.0,0.0
2013-01-18 00:00:00+08:00,44.627871343777166,45.45176725052735,44.07860268635016,45.245792388916016,5751267,0.0,0.0
2013-01-21 00:00:00+08:00,46.13834944641221,46.13834944641221,44.902500326459865,45.79505920410156,3882832,0.0,0.0
2013-01-22 00:00:00+08:00,47.786150046061955,47.786150046061955,45.726401436383604,46.34432601928711,6374304,0.0,0.0
2013-01-23 00:00:00+08:00,46.8249310871327,46.8249310871327,46.001031715771255,46.550296783447266,2875295,0.0,0.0
2013-01-24 00:00:00+08:00,46.61895950699798,47.37419947037109,46.344325184091815,46.962249755859375,2805018,0.0,0.0
2013-01-25 00:00:00+08:00,46.96224706621169,47.09956244995283,45.03981399536133,45.03981399536133,3503739,0.0,0.0
2013-01-28 00:00:00+08:00,45.03981696945034,45.65774154663086,44.284576999461414,45.65774154663086,2136706,0.0,0.0
2013-01-29 00:00:00+08:00,43.25469884220395,45.863712310791016,43.25469884220395,45.863712310791016,3257767,0.0,0.0
2013-01-30 00:00:00+08:00,45.863710048188636,46.824928283691406,45.863710048188636,46.824928283691406,3972706,0.0,0.0
2013-01-31 00:00:00+08:00,47.09956585041323,47.09956585041323,45.45176696777344,45.45176696777344,2854347,0.0,0.0
2013-02-01 00:00:00+08:00,45.8637174098614,46.00103634537148,43.666653378347306,44.14726257324219,3252361,0.0,0.0
2013-02-04 00:00:00+08:00,44.35323772419379,44.76518745400281,43.46067879637583,43.941287994384766,2223877,0.0,0.0
2013-02-05 00:00:00+08:00,43.941288397823826,44.627872467041016,43.39202326626722,44.627872467041016,1596785,0.0,0.0
2013-02-06 00:00:00+08:00,44.627869011717436,44.627869011717436,43.323360443115234,43.323360443115234,2354972,0.0,0.0
2013-02-18 00:00:00+08:00,45.039818247412015,45.17713718381184,43.941287994384766,43.941287994384766,3367914,0.0,0.0
2013-02-19 00:00:00+08:00,43.941287994384766,44.35323772419379,43.46067879637583,43.941287994384766,3230062,0.0,0.0
2013-02-20 00:00:00+08:00,44.28457211387212,44.3532315725492,43.392016849543815,43.8039665222168,2755689,0.0,0.0
2013-02-21 00:00:00+08:00,43.803973355894236,44.35323849191523,42.2934898072174,42.43080520629883,3421298,0.0,0.0
2013-02-22 00:00:00+08:00,42.2934905743693,42.362150045003055,40.645691596721996,41.12630081176758,3271958,0.0,0.0
2013-02-25 00:00:00+08:00,41.1949577331543,41.81287877183819,40.64568908146508,41.1949577331543,2266449,0.0,0.0
2013-02-26 00:00:00+08:00,41.60690351069266,42.91141212124151,41.60690351069266,42.293487548828125,5594494,0.0,0.0
2013-02-27 00:00:00+08:00,42.980068514864705,43.25469927873295,41.675559997558594,41.675559997558594,1964391,0.0,0.0
2013-03-01 00:00:00+08:00,41.675563530901684,42.43080350511248,41.469588670690094,41.88153839111328,2125894,0.0,0.0
2013-03-04 00:00:00+08:00,42.568127909781545,42.842758732232625,41.538253476351,41.74422836303711,2437413,0.0,0.0
2013-03-05 00:00:00+08:00,41.744217667105765,42.29348271096784,41.194952623243694,42.01884841918945,2065077,0.0,0.0
2013-03-06 00:00:00+08:00,42.56812446678249,44.902503967285156,42.430805526968,44.902503967285156,5433667,0.0,0.0
2013-03-07 00:00:00+08:00,45.58908590112351,46.138351015438396,45.3144515741185,45.45176696777344,9919939,0.0,0.0
2013-03-08 00:00:00+08:00,45.65774110758477,46.2756656788233,45.03981653634623,45.1771354675293,3227359,0.0,0.0
2013-03-11 00:00:00+08:00,45.31444976273922,46.8249331913447,44.83384059461589,46.001033782958984,4382207,0.0,0.0
2013-03-12 00:00:00+08:00,47.09956585041323,47.23688124406816,45.10847671378853,45.45176696777344,4156771,0.0,0.0
2013-03-13 00:00:00+08:00,45.863716090167124,45.863716090167124,43.529336730008175,44.0786018371582,3945000,0.0,0.0
2013-03-14 00:00:00+08:00,44.0786018371582,44.21591722902194,43.254702406585615,44.0786018371582,1841124,0.0,0.0
2013-03-15 00:00:00+08:00,44.353236442420496,44.7651861603245,43.73531186556449,43.87262725830078,1485871,0.0,0.0
2013-03-18 00:00:00+08:00,43.32336629230981,43.66665657683991,40.85166774842393,40.988983154296875,2588961,0.0,0.0
2013-03-19 00:00:00+08:00,40.98897600849829,41.675559997558594,40.57702986269592,41.675559997558594,3632987,0.0,0.0
2013-03-20 00:00:00+08:00,41.05763880038443,41.88153823822313,41.05763880038443,41.1949577331543,1203006,0.0,0.0
2013-03-21 00:00:00+08:00,41.74422802026199,42.15617779025156,41.05764389038086,41.05764389038086,1100788,0.0,0.0
2013-03-22 00:00:00+08:00,41.05764389038086,41.812883955463214,41.05764389038086,41.05764389038086,954915,0.0,0.0
2013-03-25 00:00:00+08:00,41.4695895189659,41.74422385143082,41.05763979011613,41.263614654541016,728306,0.0,0.0
2013-03-26 00:00:00+08:00,41.263609075631265,41.263609075631265,40.439709729324306,40.7143440246582,1138170,0.0,0.0
2013-03-27 00:00:00+08:00,40.71434374235031,43.11738230585166,40.71434374235031,42.911407470703125,3834411,0.0,0.0
2013-03-28 00:00:00+08:00,43.39202187923001,43.66665266638204,41.88153839111328,41.88153839111328,1607201,0.0,0.0
2013-03-29 00:00:00+08:00,42.3621471674829,43.1860466003418,42.29348770151296,43.1860466003418,1371105,0.0,0.0
2013-04-01 00:00:00+08:00,43.186041001323055,43.59799066434372,42.49945704972372,43.52933120727539,1674158,0.0,0.0
2013-04-02 00:00:00+08:00,43.25469691869673,44.49054590775873,43.0487220871864,43.52933120727539,1403793,0.0,0.0
2013-04-03 00:00:00+08:00,44.215918079912946,44.215918079912946,42.774097588359616,43.46067810058594,932528,0.0,0.0
2013-04-08 00:00:00+08:00,40.988978901030535,42.156172118769646,40.43971379483837,40.50837326049805,1668148,0.0,0.0
2013-04-09 00:00:00+08:00,40.50837326049805,41.19495729800958,40.37105786887378,40.50837326049805,740390,0.0,0.0
2013-04-10 00:00:00+08:00,42.56812372653096,42.56812372653096,41.46958992559486,41.950199127197266,1454504,0.0,0.0
2013-04-11 00:00:00+08:00,42.56812330913036,42.70543870551521,41.1949587261962,41.263614654541016,1660275,0.0,0.0
2013-04-12 00:00:00+08:00,41.46958493140648,41.744219233490064,40.64568556485054,40.78300094604492,965129,0.0,0.0
2013-04-15 00:00:00+08:00,40.78299969132229,41.126293443288766,39.82178497314453,39.82178497314453,890603,0.0,0.0
2013-04-16 00:00:00+08:00,38.51728427227011,39.40983963012695,38.03667509055828,39.40983963012695,1196701,0.0,0.0
2013-04-17 00:00:00+08:00,39.409838360278854,40.02776291412851,39.27252297265504,39.547157287597656,1275192,0.0,0.0
2013-04-18 00:00:00+08:00,38.860575078398554,39.615815055015815,38.860575078398554,38.99789047241211,811895,0.0,0.0
2013-04-19 00:00:00+08:00,39.272521345389805,41.675559997558594,39.272521345389805,41.675559997558594,3090866,0.0,0.0
2013-04-22 00:00:00+08:00,41.88153823822313,41.95019770460806,40.92032340730969,41.1949577331543,2399451,0.0,0.0
2013-04-23 00:00:00+08:00,40.64569286976677,41.744226735836754,40.64569286976677,40.988983154296875,2337169,0.0,0.0
2013-04-24 00:00:00+08:00,41.74422542838532,41.95020030059123,40.920325939561664,41.12630081176758,3645462,0.0,0.0
2013-04-25 00:00:00+08:00,41.53824461562447,42.36214398661889,41.26361031206138,41.675559997558594,2726368,0.0,0.0
2013-04-26 00:00:00+08:00,41.675566936301685,42.156176162632065,41.19496124966674,41.400936126708984,2532580,0.0,0.0
2013-04-29 00:00:00+08:00,42.087509381375995,43.32335842900916,41.81287507978146,42.98006820678711,5327792,0.0,0.0
2013-04-30 00:00:00+08:00,43.66665339488554,43.66665339488554,42.36214828491211,42.36214828491211,2931618,0.0,0.0
2013-05-02 00:00:00+08:00,41.74421972401189,42.22482533368707,41.12629519183392,41.46958541870117,1676376,0.0,0.0
2013-05-03 00:00:00+08:00,42.15616941213054,42.362144256189865,41.46958541870117,41.46958541870117,1342095,0.0,0.0
2013-05-06 00:00:00+08:00,42.29348811153647,42.29348811153647,41.60690406426611,41.88153839111328,1299962,0.0,0.0
2013-05-07 00:00:00+08:00,42.156170277201944,43.73530960083008,42.08751081454161,43.73530960083008,4059777,0.0,0.0
2013-05-08 00:00:00+08:00,44.00993920851787,46.68761216544256,44.00993920851787,46.550296783447266,11763898,0.0,0.0
2013-05-09 00:00:00+08:00,47.92345960094057,49.7772331237793,47.92345960094057,49.7772331237793,6377490,0.0,0.0
2013-05-10 00:00:00+08:00,50.463822271354815,51.56235609907969,49.708582255872585,50.051876068115234,15543242,0.0,0.0
2013-05-13 00:00:00+08:00,51.493694160716366,53.14149305348076,50.25784499114307,52.592227935791016,14969723,0.0,0.0
2013-05-14 00:00:00+08:00,53.41612525403009,53.41612525403009,51.83698589127683,53.1414909362793,8239377,0.0,0.0
2013-05-15 00:00:00+08:00,53.27880880889501,56.849037170410156,52.5922247979752,56.849037170410156,14806472,0.0,0.0
2013-05-16 00:00:00+08:00,57.398302441617496,60.07597195159686,56.71171842846935,57.53561782836914,14765788,0.0,0.0
2013-05-17 00:00:00+08:00,57.535628504218984,61.51780731617251,56.9863633156002,61.311832427978516,13066544,0.0,0.0
2013-05-20 00:00:00+08:00,61.311832427978516,62.47902582087491,60.41927693893494,61.311832427978516,7385283,0.0,0.0
2013-05-21 00:00:00+08:00,61.31182056182969,61.449139487179714,57.05501174926758,57.05501174926758,13314029,0.0,0.0
2013-05-22 00:00:00+08:00,56.91769974648361,59.66402903177489,56.57440947074605,59.25208282470703,16475268,0.0,0.0
2013-05-23 00:00:00+08:00,58.977445945415774,59.938664339679846,56.986356768203436,59.32073974609375,9298058,0.0,0.0
2013-05-24 00:00:00+08:00,59.80134201049805,59.86999793498204,58.22220265194094,59.80134201049805,6550014,0.0,0.0
2013-05-27 00:00:00+08:00,60.28195135227908,60.28195135227908,58.56549649937533,59.11476516723633,4532900,0.0,0.0
2013-05-28 00:00:00+08:00,59.183424706392294,62.20439194483418,59.183424706392294,60.00732421875,13241873,0.0,0.0
2013-05-29 00:00:00+08:00,59.04609934138502,60.14463301913358,56.5744012212219,58.977439880371094,7741927,0.0,0.0
2013-05-30 00:00:00+08:00,58.565491916023,59.73268508911133,58.565491916023,59.73268508911133,2897557,0.0,0.0
2013-05-31 00:00:00+08:00,60.41926247603538,60.625237314924014,58.70280784509325,58.90877914428711,2968006,0.0,0.0
2013-06-03 00:00:00+08:00,58.90878162182312,60.76255878948023,58.359516541584476,60.14463424682617,3685470,0.0,0.0
2013-06-04 00:00:00+08:00,60.556586278758765,63.37157125099539,59.80134278212961,62.06706619262695,9525611,0.0,0.0
2013-06-05 00:00:00+08:00,62.753649134154294,63.02828700513484,58.84013026658539,59.52671432495117,7486744,0.0,0.0
2013-06-06 00:00:00+08:00,58.359515143487855,59.320733435496585,57.329644470098216,58.29085922241211,4154707,0.0,0.0
2013-06-07 00:00:00+08:00,58.3595182723784,59.664023319095314,54.651974446192675,54.926605224609375,5451601,0.0,0.0
2013-06-10 00:00:00+08:00,55.7505060848844,55.7505060848844,54.7206317898791,55.681846618652344,3034516,0.0,0.0
2013-06-11 00:00:00+08:00,56.093798142219256,56.093798142219256,55.063923879052346,55.1325798034668,1266072,0.0,0.0
2013-06-13 00:00:00+08:00,55.13257673989828,56.574400628213695,55.13257673989828,55.61318588256836,3827368,0.0,0.0
2013-06-14 00:00:00+08:00,55.88782602295656,55.95648195072884,51.83698823627937,52.386253356933594,4577119,0.0,0.0
2013-06-17 00:00:00+08:00,52.386252515311554,53.34746734593765,51.76832793711724,53.00417709350586,2789563,0.0,0.0
2013-06-18 00:00:00+08:00,53.82807824318911,54.651977706987005,53.27881311388893,53.553443908691406,2428670,0.0,0.0
2013-06-19 00:00:00+08:00,53.55344478002137,53.96539451862286,52.454914503547606,52.93552017211914,1858644,0.0,0.0
2013-06-20 00:00:00+08:00,52.24893653412916,52.79820163977617,51.631011962890625,51.631011962890625,1667443,0.0,0.0
2013-06-21 00:00:00+08:00,50.53247931877425,50.9444290419567,49.433949083417836,50.80711364746094,2362360,0.0,0.0
2013-06-24 00:00:00+08:00,50.66979486074819,51.493694309511106,49.708580017089844,49.708580017089844,1863484,0.0,0.0
2013-06-25 00:00:00+08:00,49.7085726320422,49.7085726320422,47.51150894165039,47.51150894165039,2079376,0.0,0.0
2013-06-26 00:00:00+08:00,48.88468042604446,50.80711364746094,48.88468042604446,50.80711364746094,1540504,0.0,0.0
2013-06-27 00:00:00+08:00,53.484778945248145,53.484778945248145,51.9056396484375,51.9056396484375,4753954,0.0,0.0
2013-06-28 00:00:00+08:00,51.562350684842805,53.41612433339685,51.35637583500347,51.974300384521484,3343594,0.0,0.0
2013-07-01 00:00:00+08:00,52.866859348301745,54.58331407378675,52.18027533429076,53.75941467285156,3853877,0.0,0.0
2013-07-02 00:00:00+08:00,53.96539451862286,53.96539451862286,52.7295453028184,52.93552017211914,1729015,0.0,0.0
2013-07-03 00:00:00+08:00,52.93551608288996,53.75941549644731,52.592225840472736,53.1414909362793,2235444,0.0,0.0
2013-07-04 00:00:00+08:00,53.553444595875995,55.61319328180091,53.00417945952778,54.034053802490234,5669745,0.0,0.0
2013-07-05 00:00:00+08:00,54.034049814198106,54.034049814198106,52.38625098708339,53.1414909362793,1775244,0.0,0.0
2013-07-08 00:00:00+08:00,53.14149362937368,53.82807768869772,52.18027877807617,52.18027877807617,1436582,0.0,0.0
2013-07-09 00:00:00+08:00,51.974300656581576,53.21014976208667,51.76832580566406,51.76832580566406,1882109,0.0,0.0
2013-07-10 00:00:00+08:00,51.76833246992654,52.24894169716906,51.49369812011719,51.49369812011719,1580241,0.0,0.0
2013-07-11 00:00:00+08:00,52.24893712227786,53.48478273897135,51.974302796515346,53.00417709350586,2509415,0.0,0.0
2013-07-12 00:00:00+08:00,52.8668588968006,53.484779902529766,52.18027488865328,53.27880859375,1887356,0.0,0.0
2013-07-15 00:00:00+08:00,53.55344171585453,56.98635482788086,53.41612632407591,56.98635482788086,5136553,0.0,0.0
2013-07-16 00:00:00+08:00,57.94756440937172,59.320732361759156,57.94756440937172,58.90877914428711,8287917,0.0,0.0
2013-07-17 00:00:00+08:00,58.908784508074675,59.252078297276654,57.53561997035205,58.77146911621094,2639813,0.0,0.0
2013-07-18 00:00:00+08:00,58.771464420986526,58.771464420986526,54.7892865178167,55.61318588256836,3446598,0.0,0.0
2013-07-19 00:00:00+08:00,54.37733709289533,56.505744975145866,54.37733709289533,55.40721130371094,2921158,0.0,0.0
2013-07-22 00:00:00+08:00,56.09380130336607,56.162457231649604,54.24002752519685,54.85795211791992,2578724,0.0,0.0
2013-07-23 00:00:00+08:00,56.43708620641071,58.016225502455654,56.43708620641071,56.78037643432617,4173716,0.0,0.0
2013-07-24 00:00:00+08:00,57.26098705486585,58.084886454765645,56.29977226821442,57.53561782836914,2701291,0.0,0.0
2013-07-25 00:00:00+08:00,57.535619934690445,59.046103403035666,56.64306457858675,56.98635482788086,4143738,0.0,0.0
2013-07-26 00:00:00+08:00,57.947570509115074,57.947570509115074,56.368431091308594,56.368431091308594,2427439,0.0,0.0
2013-07-29 00:00:00+08:00,55.61318614587406,56.025135830200306,54.51465247443913,55.40721130371094,2312948,0.0,0.0
2013-07-30 00:00:00+08:00,55.40721210253688,56.299770944677036,54.65197218361514,54.78928756713867,1739362,0.0,0.0
2013-07-31 00:00:00+08:00,54.85794791882441,55.06392276729911,52.18027488865328,53.27880859375,2354669,0.0,0.0
2013-08-01 00:00:00+08:00,53.27881572635286,54.44600551073324,53.072840850303656,54.37734603881836,1507102,0.0,0.0
2013-08-02 00:00:00+08:00,55.201240380678044,55.33855577197085,54.240025562238245,54.30868148803711,895291,0.0,0.0
2013-08-05 00:00:00+08:00,54.30868431071489,55.33855864817605,54.240028381347656,54.240028381347656,1027125,0.0,0.0
2013-08-06 00:00:00+08:00,54.37733940988079,55.338554201033865,54.10270863509133,54.651973724365234,1660051,0.0,0.0
2013-08-07 00:00:00+08:00,55.40721811723854,56.98635758811389,54.240028381347656,54.240028381347656,4413298,0.0,0.0
2013-08-08 00:00:00+08:00,54.651976551746515,54.651976551746515,52.592227935791016,52.592227935791016,1756717,0.0,0.0
2013-08-09 00:00:00+08:00,52.72954276774335,53.82807653109826,52.59222737470965,53.00417709350586,1340572,0.0,0.0
2013-08-12 00:00:00+08:00,53.00417279503122,53.347463019623234,52.317588806152344,52.317588806152344,868748,0.0,0.0
2013-08-13 00:00:00+08:00,52.72954086586864,54.51465506970078,52.72954086586864,54.44599914550781,2278688,0.0,0.0
2013-08-14 00:00:00+08:00,54.37734377977739,54.37734377977739,53.2101540438865,54.240028381347656,907738,0.0,0.0
2013-08-15 00:00:00+08:00,53.41612569872733,54.65197482935199,53.41612569872733,53.82807540893555,1054321,0.0,0.0
2013-08-16 00:00:00+08:00,53.82808088258561,54.720636319001905,53.21015625443799,54.37734603881836,1495443,0.0,0.0
2013-08-19 00:00:00+08:00,54.240024738872584,55.33855493192946,54.240024738872584,54.926605224609375,1192356,0.0,0.0
2013-08-20 00:00:00+08:00,54.92660043877472,55.613184404383475,52.59222132715544,52.86685562133789,1530398,0.0,0.0
2013-08-22 00:00:00+08:00,52.317594174062904,53.27881256505561,52.18027877807617,52.18027877807617,1740289,0.0,0.0
2013-08-23 00:00:00+08:00,52.31759762984982,53.004181734525496,51.35638271506023,51.49369812011719,2268907,0.0,0.0
2013-08-26 00:00:00+08:00,52.317591624262576,52.386251088757284,51.69966706289526,52.24893569946289,1720156,0.0,0.0
2013-08-27 00:00:00+08:00,52.24893681680875,52.454911675002634,50.80711280945154,51.4250373840332,1190297,0.0,0.0
2013-08-28 00:00:00+08:00,51.4250395279846,52.11162005745825,50.601140060860025,50.669795989990234,1331365,0.0,0.0
2013-08-29 00:00:00+08:00,51.356377947554044,53.347467064673005,51.21906255524432,53.21015167236328,2913222,0.0,0.0
2013-08-30 00:00:00+08:00,53.27881126840655,53.96539177132605,51.90564318317732,52.11161804199219,1619490,0.0,0.0
2013-09-02 00:00:00+08:00,52.729540259153254,55.75050354003906,52.729540259153254,55.75050354003906,6696403,0.0,0.0
2013-09-03 00:00:00+08:00,56.57440608702739,56.98635580915188,55.0639261323677,55.47587585449219,3852845,0.0,0.0
2013-09-04 00:00:00+08:00,55.40721802132343,58.016231825143485,54.92660881810845,57.81025695800781,5200299,0.0,0.0
2013-09-05 00:00:00+08:00,58.22220441148357,58.6341541296172,57.05501472333667,57.67293930053711,3681764,0.0,0.0
2013-09-06 00:00:00+08:00,58.4968394581965,60.07597534425606,57.67294001176879,57.94757080078125,6159965,0.0,0.0
2013-09-09 00:00:00+08:00,59.18341552838845,59.18341552838845,56.849036298514456,58.35951614379883,3249939,0.0,0.0
2013-09-10 00:00:00+08:00,58.35952209047118,58.63415642655049,57.5356226219285,57.81025695800781,2059107,0.0,0.0
2013-09-11 00:00:00+08:00,57.2609852122766,59.18341472371802,57.12366629024875,58.977439880371094,2975926,0.0,0.0
2013-09-12 00:00:00+08:00,59.320733645745875,60.00731409710573,58.77146503702417,58.977439880371094,3206509,0.0,0.0
2013-09-13 00:00:00+08:00,59.73268685675973,62.616334833756355,59.04610282519551,62.06706619262695,7976939,0.0,0.0
2013-09-16 00:00:00+08:00,62.89096789746696,63.71486734937221,61.7924376547234,62.410362243652344,5441814,0.0,0.0
2013-09-17 00:00:00+08:00,62.41035959569122,63.16559600830078,62.20438474145406,63.16559600830078,2624299,0.0,0.0
2013-09-18 00:00:00+08:00,63.85217837955225,66.80448202358585,63.85217837955225,66.39253234863281,8994800,0.0,0.0
2013-09-23 00:00:00+08:00,67.76569810886173,69.34484100341797,66.39253714605543,69.34484100341797,7426218,0.0,0.0
2013-09-24 00:00:00+08:00,69.34483697225245,69.34483697225245,67.28508856839065,68.65825653076172,5585142,0.0,0.0
2013-09-25 00:00:00+08:00,68.52094193702733,71.81653959128582,67.42241174540453,71.12995910644531,9269785,0.0,0.0
2013-09-26 00:00:00+08:00,70.58069687182015,70.85532767478429,66.39254349951126,66.59851837158203,8265787,0.0,0.0
2013-09-27 00:00:00+08:00,67.28509052654127,69.07020822163572,66.73582190972994,68.79557037353516,6702037,0.0,0.0
2013-09-30 00:00:00+08:00,68.65826499761486,70.99264445006787,67.69704659747988,69.61947631835938,7393532,0.0,0.0
2013-10-01 00:00:00+08:00,70.03141629721065,73.60164444718667,69.48215478453095,71.26726531982422,10370621,0.0,0.0
2013-10-02 00:00:00+08:00,72.0911802081672,73.32702949717974,70.85533091915467,73.05239868164062,6589830,0.0,0.0
2013-10-03 00:00:00+08:00,73.46433552964247,74.97481536865234,71.95384861124283,74.97481536865234,6499869,0.0,0.0
2013-10-04 00:00:00+08:00,75.2494553951969,78.54505332538186,74.42555591265067,77.3092041015625,10029912,0.0,0.0
2013-10-07 00:00:00+08:00,78.27041612232091,78.27041612232091,74.42554982512655,74.70018768310547,6626723,0.0,0.0
2013-10-08 00:00:00+08:00,74.83749240083021,76.89724074243162,74.2882308959961,74.2882308959961,4527899,0.0,0.0
2013-10-09 00:00:00+08:00,74.83749614690646,75.66139552478825,70.85531818027442,71.40458679199219,9212373,0.0,0.0
2013-10-11 00:00:00+08:00,73.32700700367276,74.01358737160334,72.22847699910608,72.64042663574219,4087919,0.0,0.0
2013-10-14 00:00:00+08:00,72.64044759449979,74.01360872655552,71.12996751748214,72.09117889404297,3047535,0.0,0.0
2013-10-15 00:00:00+08:00,73.87628998171876,77.0345687866211,73.05239054744942,77.0345687866211,7369835,0.0,0.0
2013-10-16 00:00:00+08:00,76.89725734197403,76.89725734197403,74.70019668958697,75.24945831298828,4838054,0.0,0.0
2013-10-17 00:00:00+08:00,75.93604596132629,76.21067677302693,73.87629717509411,75.24945831298828,3700403,0.0,0.0
2013-10-18 00:00:00+08:00,76.34798390935373,77.44651406563075,74.5628662109375,74.5628662109375,5067564,0.0,0.0
2013-10-21 00:00:00+08:00,74.5628636583744,74.97481333779945,72.64043418085406,74.42554473876953,3077279,0.0,0.0
2013-10-22 00:00:00+08:00,73.46433449672661,75.79871368408203,73.46433449672661,75.79871368408203,4151379,0.0,0.0
2013-10-23 00:00:00+08:00,75.7987090665767,75.7987090665767,72.77774253567353,73.32701110839844,3411426,0.0,0.0
2013-10-24 00:00:00+08:00,73.18970994668815,74.70019711818557,73.05239807974544,73.46434783935547,2897528,0.0,0.0
2013-10-25 00:00:00+08:00,73.46434249772948,74.56287275035127,71.40459384944458,71.81654357910156,3400383,0.0,0.0
2013-10-28 00:00:00+08:00,71.81653237709733,72.50311279296875,70.03141480056445,72.50311279296875,4133216,0.0,0.0
2013-10-29 00:00:00+08:00,72.50312410206638,72.77775489537422,71.40459384944458,71.81654357910156,2229255,0.0,0.0
2013-10-30 00:00:00+08:00,72.64043418085406,75.38676301722448,72.22848450142902,74.42554473876953,4785133,0.0,0.0
2013-10-31 00:00:00+08:00,74.70019668958697,76.75993839642824,74.15092798679476,75.24945831298828,6126796,0.0,0.0
2013-11-01 00:00:00+08:00,76.6226233258785,77.72115360613095,75.52409304562603,75.93604278564453,7710832,0.0,0.0
2013-11-04 00:00:00+08:00,76.34798323180316,77.72114414511583,74.83749631601354,76.75992584228516,5104645,0.0,0.0
2013-11-05 00:00:00+08:00,79.64357150920874,82.11526958133715,77.7211420351276,78.40772247314453,14510632,0.0,0.0
2013-11-06 00:00:00+08:00,79.6435795779947,83.76307678222656,77.72114990914991,83.76307678222656,12798640,0.0,0.0
2013-11-07 00:00:00+08:00,84.7242911126168,85.68550236146729,81.01674380576222,83.07649230957031,14496944,0.0,0.0
2013-11-08 00:00:00+08:00,81.42870523142042,83.07650427173303,79.09432561744121,81.97797393798828,7600904,0.0,0.0
2013-11-11 00:00:00+08:00,81.29137382752977,82.93917261532738,79.64357503973216,79.918212890625,6592140,0.0,0.0
2013-11-12 00:00:00+08:00,80.46748309152619,81.01675177302056,75.93604301691252,77.3092041015625,7841392,0.0,0.0
2013-11-13 00:00:00+08:00,75.52408830472388,78.54504815562994,75.52408830472388,77.44651794433594,4508416,0.0,0.0
2013-11-14 00:00:00+08:00,77.58382820992256,78.68235829851808,76.21066028963612,78.2704086303711,3206350,0.0,0.0
2013-11-15 00:00:00+08:00,78.95700097737155,81.42869935960658,78.54505124699904,80.74211883544922,4505520,0.0,0.0
2013-11-18 00:00:00+08:00,81.01673739155459,81.42868705970157,77.99577079868017,78.2704086303711,3412526,0.0,0.0
2013-11-19 00:00:00+08:00,76.89724071008466,78.54503938267263,76.89724071008466,78.2704086303711,2845478,0.0,0.0
2013-11-20 00:00:00+08:00,77.99577079868017,79.23161980312115,77.58382820992256,78.2704086303711,1992080,0.0,0.0
2013-11-21 00:00:00+08:00,77.58382403533449,78.27040441883987,74.97480725099162,75.38675689697266,3453187,0.0,0.0
2013-11-22 00:00:00+08:00,76.34798446104246,76.34798446104246,72.77774903841154,74.15091705322266,4359350,0.0,0.0
2013-11-25 00:00:00+08:00,75.24943798851598,75.93602545141036,74.42553869655391,75.38675689697266,1901126,0.0,0.0
2013-11-26 00:00:00+08:00,74.70018056431638,75.11213023263666,73.60164339586937,74.2882308959961,2169027,0.0,0.0
2013-11-27 00:00:00+08:00,74.56286994522276,78.27041737265398,74.4255510140397,77.44651794433594,4394489,0.0,0.0
2013-11-28 00:00:00+08:00,78.27041125150919,78.27041125150919,76.21066284179688,76.21066284179688,2496388,0.0,0.0
2013-11-29 00:00:00+08:00,77.44652048082344,77.99578206476448,76.48530208984101,77.5838394165039,1778504,0.0,0.0
2013-12-02 00:00:00+08:00,78.40772406109318,78.40772406109318,76.34798270532758,77.171875,1465762,0.0,0.0
2013-12-03 00:00:00+08:00,77.5838394165039,78.54505072809593,77.17188260946251,77.5838394165039,2300316,0.0,0.0
2013-12-04 00:00:00+08:00,77.85847654178247,79.09432582526416,76.48530831145027,76.62262725830078,2435120,0.0,0.0
2013-12-05 00:00:00+08:00,77.44652604476624,77.44652604476624,74.83750855574185,75.24945831298828,1807976,0.0,0.0
2013-12-06 00:00:00+08:00,75.2494486894145,76.21066702652395,75.11213684082031,75.11213684082031,1451703,0.0,0.0
2013-12-09 00:00:00+08:00,74.28823195712053,75.24944314400476,70.16873521507533,71.26726531982422,5187340,0.0,0.0
2013-12-10 00:00:00+08:00,70.71800374527582,71.81654103842476,70.30606110958271,71.6792221069336,2952985,0.0,0.0
2013-12-11 00:00:00+08:00,72.09116572537589,72.09116572537589,70.30605516390581,70.44336700439453,2047210,0.0,0.0
2013-12-12 00:00:00+08:00,69.34483740094448,70.71799829241489,69.20751848004159,70.03141784667969,1962695,0.0,0.0
2013-12-13 00:00:00+08:00,69.61947105911177,71.9538503352193,69.48215921188718,71.54190063476562,2050263,0.0,0.0
2013-12-16 00:00:00+08:00,71.54191090824803,73.60165970629818,71.12996822802894,73.46434783935547,3067703,0.0,0.0
2013-12-17 00:00:00+08:00,74.42554473876953,75.11213225740431,73.73896429952431,74.42554473876953,3189026,0.0,0.0
2013-12-18 00:00:00+08:00,74.97480222214989,75.5240707397461,73.73895336709982,75.5240707397461,2183006,0.0,0.0
2013-12-19 00:00:00+08:00,77.03455965833484,77.03455965833484,74.2882308959961,74.2882308959961,2797834,0.0,0.0
2013-12-20 00:00:00+08:00,75.11215023862675,76.89726122388291,75.11215023862675,76.3479995727539,2921213,0.0,0.0
2013-12-23 00:00:00+08:00,77.44650826172939,77.44650826172939,76.21065927376205,76.8972396850586,2720325,0.0,0.0
2013-12-24 00:00:00+08:00,76.89725181749199,78.54505072809593,76.21067129787049,77.5838394165039,2979347,0.0,0.0
2013-12-25 00:00:00+08:00,77.58383632103757,78.27041681326565,77.17187953043258,77.85846710205078,1750180,0.0,0.0
2013-12-26 00:00:00+08:00,77.85846095448682,79.50625966923909,77.30919235643954,78.40772247314453,3002229,0.0,0.0
2013-12-27 00:00:00+08:00,78.68235876780601,79.64356994628906,78.68235876780601,79.64356994628906,2180594,0.0,0.0
2013-12-30 00:00:00+08:00,80.33017205484752,84.44966243045221,80.19285311321744,83.62576293945312,6626490,0.0,0.0
2013-12-31 00:00:00+08:00,84.44965984531972,86.50940850976538,83.62576037954145,83.90039825439453,5809208,0.0,0.0
2014-01-02 00:00:00+08:00,82.38991574023781,82.38991574023781,79.78089848527742,80.1928482055664,6784513,0.0,0.0
2014-01-03 00:00:00+08:00,79.50625610250837,81.70331623735603,79.09430644230078,81.29136657714844,3587689,0.0,0.0
2014-01-06 00:00:00+08:00,81.56600593946766,82.52721711179255,80.0555191040039,80.0555191040039,2924143,0.0,0.0
2014-01-07 00:00:00+08:00,80.8794219917983,81.56600952148438,79.64357293363098,81.56600952148438,2383970,0.0,0.0
2014-01-08 00:00:00+08:00,82.25259653353874,83.21380782475704,81.97796574738925,82.3899154663086,3574962,0.0,0.0
2014-01-09 00:00:00+08:00,83.07649285532331,86.2347715554467,82.3899123760069,82.66454315185547,6838309,0.0,0.0
2014-01-10 00:00:00+08:00,82.80186548749931,84.3123454359209,82.66454655422815,83.76307678222656,3205815,0.0,0.0
2014-01-13 00:00:00+08:00,85.27354950097427,85.27354950097427,82.52722062412276,83.35111999511719,5102891,0.0,0.0
2014-01-14 00:00:00+08:00,81.84064320728545,83.07649230957031,80.6047941050006,83.07649230957031,3418933,0.0,0.0
2014-01-15 00:00:00+08:00,83.07650427173303,83.62576589890992,81.70333604500887,81.97797393798828,2451686,0.0,0.0
2014-01-16 00:00:00+08:00,83.35112966907494,83.4884486066415,80.33016967773438,80.33016967773438,2888411,0.0,0.0
2014-01-17 00:00:00+08:00,80.6047861699322,82.93916521797881,80.6047861699322,81.29136657714844,2488311,0.0,0.0
2014-01-20 00:00:00+08:00,82.66453706877684,82.66453706877684,81.2913691318021,81.4286880493164,2596571,0.0,0.0
2014-01-21 00:00:00+08:00,81.7033335235684,82.66455196055031,80.74212216597722,81.84065246582031,2042675,0.0,0.0
2014-01-22 00:00:00+08:00,81.84063772246989,82.38990631313769,81.4286880493164,81.4286880493164,1286053,0.0,0.0
2014-01-23 00:00:00+08:00,82.11528778076172,83.07650627053442,81.56602614036971,82.11528778076172,1599004,0.0,0.0
2014-01-24 00:00:00+08:00,82.11527962901629,82.25259856517792,78.95700073242188,78.95700073242188,3048773,0.0,0.0
2014-01-27 00:00:00+08:00,77.9957821245849,78.95700051630456,73.464342196339,73.60165405273438,5008476,0.0,0.0
2014-02-05 00:00:00+08:00,72.22849856052538,74.01360946590822,70.58069952208525,73.46434783935547,3246869,0.0,0.0
2014-02-06 00:00:00+08:00,73.46433552964247,75.52408398256037,73.46433552964247,74.97481536865234,2571138,0.0,0.0
2014-02-07 00:00:00+08:00,75.2494466736869,75.3867655979927,73.18969820604887,74.5628662109375,2070020,0.0,0.0
2014-02-10 00:00:00+08:00,74.56286060081334,75.79870958841063,72.7777430367097,72.9150619506836,2043429,0.0,0.0
2014-02-11 00:00:00+08:00,72.91507913341178,74.01360946590822,72.91507913341178,73.46434783935547,1067655,0.0,0.0
2014-02-12 00:00:00+08:00,74.2882334222003,74.4255452633835,72.50311577231226,74.01359558105469,2401385,0.0,0.0
2014-02-13 00:00:00+08:00,74.28824281644799,75.11214228529325,72.77775573730469,72.77775573730469,1616117,0.0,0.0
2014-02-14 00:00:00+08:00,72.77774354343944,73.7389617891709,72.50311279296875,72.50311279296875,1332140,0.0,0.0
2014-02-17 00:00:00+08:00,70.7180079329493,70.7180079329493,67.49107302663575,67.90302276611328,3683958,0.0,0.0
2014-02-18 00:00:00+08:00,67.76570500192506,68.93289831048722,65.91193114212143,67.0791244506836,3870386,0.0,0.0
2014-02-19 00:00:00+08:00,67.28508711269507,67.697036784555,63.85217790012189,64.60741424560547,4796989,0.0,0.0
2014-02-20 00:00:00+08:00,64.67607673241123,66.3238683274315,64.26411998441942,65.01936340332031,3049600,0.0,0.0
2014-02-21 00:00:00+08:00,66.18655795294978,68.24630634146374,65.63728935621621,67.76569366455078,3266430,0.0,0.0
2014-02-24 00:00:00+08:00,69.61946513516374,72.50311279296875,68.7955658043623,72.50311279296875,4471231,0.0,0.0
2014-02-25 00:00:00+08:00,73.32701836319487,74.28823669071677,71.54190063476562,71.54190063476562,6334699,0.0,0.0
2014-02-26 00:00:00+08:00,71.81654103842476,71.81654103842476,70.30606110958271,71.6792221069336,2100180,0.0,0.0
2014-02-27 00:00:00+08:00,72.77775232069233,74.01360146594223,71.6792221069336,71.6792221069336,2391490,0.0,0.0
2014-03-03 00:00:00+08:00,71.26726280991655,73.73896076809481,70.9926320632487,73.32701110839844,1824120,0.0,0.0
2014-03-04 00:00:00+08:00,73.60165435468818,74.1509230206943,71.67922464275243,71.81654357910156,1720852,0.0,0.0
2014-03-05 00:00:00+08:00,72.7777569039273,73.05239478420516,71.40459582010055,71.953857421875,1479076,0.0,0.0
2014-03-06 00:00:00+08:00,72.09116363849148,76.21066032169428,72.09116363849148,74.2882308959961,5385784,0.0,0.0
2014-03-07 00:00:00+08:00,75.11212970030306,75.79871011617448,71.95384421263802,72.50311279296875,2907777,0.0,0.0
2014-03-10 00:00:00+08:00,72.50312953863964,74.9748281019193,72.36581059199378,74.83750915527344,2107835,0.0,0.0
2014-03-11 00:00:00+08:00,75.24945891582006,75.93604656965839,74.15092858082608,74.83750915527344,2137059,0.0,0.0
2014-03-12 00:00:00+08:00,74.15091198009287,74.56286164841316,73.05238189103525,74.2882308959961,1966123,0.0,0.0
2014-03-13 00:00:00+08:00,75.79871639307953,76.3479850188953,73.73896789550781,73.73896789550781,3288766,0.0,0.0
2014-03-14 00:00:00+08:00,73.60165987363361,75.52409680911177,73.46434800637871,74.83750915527344,1544440,0.0,0.0
2014-03-17 00:00:00+08:00,76.34799633020499,76.34799633020499,74.83750915527344,74.83750915527344,1629694,0.0,0.0
2014-03-18 00:00:00+08:00,76.21067267956423,79.7809013574706,75.52409214749507,78.13310241699219,5338603,0.0,0.0
2014-03-19 00:00:00+08:00,78.27041125150919,78.54504201300762,76.07334392135286,76.21066284179688,2546497,0.0,0.0
2014-03-20 00:00:00+08:00,74.83749487552546,77.1718740467362,74.56286411402704,76.21066284179688,1516020,0.0,0.0
2014-03-21 00:00:00+08:00,77.58383298993655,77.72114483485254,74.5628662109375,74.5628662109375,1821277,0.0,0.0
2014-03-24 00:00:00+08:00,73.87628173828125,74.56286216376398,72.50311380792637,73.87628173828125,1545090,0.0,0.0
2014-03-25 00:00:00+08:00,73.87629787702735,76.62262725830078,73.73897893017684,76.62262725830078,2221597,0.0,0.0
2014-03-26 00:00:00+08:00,76.89725795800649,77.58384561184482,74.83750915527344,74.83750915527344,2762710,0.0,0.0
2014-03-27 00:00:00+08:00,74.1509290231881,75.24945936473557,72.7777607867105,73.05239868164062,2247977,0.0,0.0
2014-03-28 00:00:00+08:00,73.05238137329948,73.60164287424088,71.81653237709733,72.50311279296875,1590042,0.0,0.0
2014-03-31 00:00:00+08:00,72.77775459680049,73.60165405273438,72.36580486883356,73.60165405273438,957760,0.0,0.0
2014-04-01 00:00:00+08:00,73.60164390457662,74.01359357574414,72.91506347909389,73.87628173828125,1245927,0.0,0.0
2014-04-02 00:00:00+08:00,74.70018310452912,75.38676354861393,74.01359558105469,74.01359558105469,2486664,0.0,0.0
2014-04-03 00:00:00+08:00,74.5628781718519,74.83750898512828,73.46434783935547,73.46434783935547,1124187,0.0,0.0
2014-04-07 00:00:00+08:00,72.777738461695,73.46432590901442,72.36578882505889,72.64042663574219,1250507,0.0,0.0
2014-04-08 00:00:00+08:00,73.60164236177455,74.42554168683942,72.9150619506836,72.9150619506836,1570985,0.0,0.0
2014-04-09 00:00:00+08:00,73.32702949717974,74.42555983872721,72.91507973417556,73.05239868164062,1557081,0.0,0.0
2014-04-10 00:00:00+08:00,73.46434249772948,74.1509230206943,71.81654357910156,71.81654357910156,3214735,0.0,0.0
2014-04-11 00:00:00+08:00,70.99263982229752,71.12995875033415,68.38362266594156,69.34484100341797,3196792,0.0,0.0
2014-04-14 00:00:00+08:00,68.79558212032009,69.48216977841594,68.3149764231658,68.58960723876953,1806333,0.0,0.0
2014-04-15 00:00:00+08:00,69.8941055730788,70.0314174137432,68.58959353103992,68.65825653076172,1574539,0.0,0.0
2014-04-16 00:00:00+08:00,69.07020674090619,69.20751858262297,67.14777016297471,68.24630737304688,1462675,0.0,0.0
2014-04-17 00:00:00+08:00,68.31496475844388,69.61946975905725,68.31496475844388,68.79557037353516,1000792,0.0,0.0
2014-04-18 00:00:00+08:00,70.03141880239264,71.40458679199219,69.34483834728773,71.40458679199219,1885782,0.0,0.0
2014-04-21 00:00:00+08:00,71.4045932840265,73.1897040454777,71.4045932840265,72.2284927368164,2513537,0.0,0.0
2014-04-22 00:00:00+08:00,72.777747702202,73.46433523669666,71.12995602582818,71.40458679199219,1253362,0.0,0.0
2014-04-23 00:00:00+08:00,72.09117407665241,73.73897298852016,71.40459355650431,73.60165405273438,1493327,0.0,0.0
2014-04-24 00:00:00+08:00,74.15091569180156,74.97481506968334,71.40458679199219,71.40458679199219,6084049,0.0,0.0
2014-04-25 00:00:00+08:00,71.54191122913534,72.09117993754266,68.3836320844229,69.89411926269531,2452836,0.0,0.0
2014-04-28 00:00:00+08:00,70.03142075956545,72.22848818844838,69.89410891234085,71.54190063476562,2511215,0.0,0.0
2014-04-29 00:00:00+08:00,71.8165455611267,72.09117636201393,70.58069633804826,71.953857421875,1897614,0.0,0.0
2014-04-30 00:00:00+08:00,71.54189765905298,71.81653550085878,70.03141784667969,70.03141784667969,1115966,0.0,0.0
2014-05-02 00:00:00+08:00,70.44337658881555,71.67922579769937,70.44337658881555,70.99264526367188,1285439,0.0,0.0
2014-05-05 00:00:00+08:00,71.54190710417866,72.5031255186219,70.85532656779954,72.36580657958984,2091651,0.0,0.0
2014-05-06 00:00:00+08:00,72.22848616987397,72.50311693603798,70.9926371030513,71.40458679199219,1924826,0.0,0.0
2014-05-07 00:00:00+08:00,71.40459214153967,71.81654186134335,68.79557488965295,69.48216247558594,1741959,0.0,0.0
2014-05-08 00:00:00+08:00,69.48215178724531,70.4433629326653,69.07020213081127,69.75678253173828,1388342,0.0,0.0
2014-05-09 00:00:00+08:00,69.48215120933185,70.03141269374935,67.97166442871094,67.97166442871094,1955235,0.0,0.0
2014-05-12 00:00:00+08:00,68.17764791013934,70.03142158400428,68.17764791013934,68.45228576660156,2177951,0.0,0.0
2014-05-13 00:00:00+08:00,69.48216597251569,69.89411571305216,66.94180451961371,67.01046752929688,2423721,0.0,0.0
2014-05-14 00:00:00+08:00,67.2850922182519,68.52094132760729,66.18656203639935,66.66716766357422,2994740,0.0,0.0
2014-05-15 00:00:00+08:00,66.049238071149,66.049238071149,65.36265764478217,65.49996948242188,2100895,0.0,0.0
2014-05-16 00:00:00+08:00,64.81340067101095,66.32388071146097,64.81340067101095,65.29400634765625,2228425,0.0,0.0
2014-05-19 00:00:00+08:00,65.63730533736465,67.42242340184109,65.56864940082792,66.94181060791016,2508226,0.0,0.0
2014-05-20 00:00:00+08:00,67.28508656155181,67.62838031175293,65.91191864013672,65.91191864013672,1375602,0.0,0.0
2014-05-21 00:00:00+08:00,65.91193055666155,66.66717411189225,64.81340026855469,64.81340026855469,2270522,0.0,0.0
2014-05-22 00:00:00+08:00,65.4999796456483,65.70595451345714,65.08802991003063,65.63729858398438,1788482,0.0,0.0
2014-05-23 00:00:00+08:00,65.98058727860978,66.25521805461571,65.49997457136188,65.77461242675781,1051129,0.0,0.0
2014-05-26 00:00:00+08:00,66.04924873318328,66.32387953218453,65.84327386408468,66.11790466308594,837664,0.0,0.0
2014-05-27 00:00:00+08:00,66.11790309923927,66.52985282769286,66.11790309923927,66.46119689941406,713474,0.0,0.0
2014-05-28 00:00:00+08:00,66.46119675301065,67.83436487129455,66.46119675301065,67.35375213623047,1737963,0.0,0.0
2014-05-29 00:00:00+08:00,67.69703468519086,67.97166543145104,67.01045427984576,67.14776611328125,1882105,0.0,0.0
2014-05-30 00:00:00+08:00,67.28510185674284,68.10900138100214,67.21644592285156,67.21644592285156,1490985,0.0,0.0
2014-06-03 00:00:00+08:00,68.10899781093057,68.17765374122311,67.01046752929688,67.01046752929688,1149198,0.0,0.0
2014-06-04 00:00:00+08:00,67.28509794777483,67.28509794777483,66.11790466308594,66.11790466308594,1478471,0.0,0.0
2014-06-05 00:00:00+08:00,66.18655855538168,66.7358200777251,65.49997103336798,65.56863403320312,1396593,0.0,0.0
2014-06-06 00:00:00+08:00,65.77462065366696,66.18657040889642,65.3626708984375,65.3626708984375,1104441,0.0,0.0
2014-06-09 00:00:00+08:00,65.77461268212998,68.58959761544266,65.77461268212998,68.45228576660156,3355731,0.0,0.0
2014-06-10 00:00:00+08:00,67.28509521484375,68.45228845212453,67.21643928772968,67.28509521484375,1836519,0.0,0.0
2014-06-11 00:00:00+08:00,67.28508856839065,69.34483697225245,67.28508856839065,68.65825653076172,3627585,0.0,0.0
2014-06-12 00:00:00+08:00,68.65826967036875,73.46434783935547,68.65826967036875,73.46434783935547,5616199,0.0,0.0
2014-06-13 00:00:00+08:00,73.73897791602255,74.70019637197426,71.40459832801511,72.09117889404297,9273816,0.0,0.0
2014-06-16 00:00:00+08:00,72.777747702202,73.46433523669666,71.40458679199219,71.40458679199219,3286298,0.0,0.0
2014-06-17 00:00:00+08:00,72.50311693603798,73.60164708008378,71.40458679199219,71.40458679199219,2937271,0.0,0.0
2014-06-18 00:00:00+08:00,72.09117470780038,72.77775523395938,69.34484552377387,69.61947631835938,3034598,0.0,0.0
2014-06-19 00:00:00+08:00,70.58068645090162,70.99263613422067,70.03141784667969,70.03141784667969,1282739,0.0,0.0
2014-06-20 00:00:00+08:00,70.30606902415306,70.992649600119,69.61948136879616,69.89411926269531,1996454,0.0,0.0
2014-06-23 00:00:00+08:00,70.30606523703334,70.30606523703334,65.01937455663574,65.22534942626953,5207031,0.0,0.0
2014-06-24 00:00:00+08:00,65.22533673068148,67.14776611328125,64.5387563253364,67.14776611328125,3373244,0.0,0.0
2014-06-25 00:00:00+08:00,66.59850614053896,67.6970362300374,65.91191864013672,65.91191864013672,1826237,0.0,0.0
2014-06-26 00:00:00+08:00,65.91191915411986,66.59850665987614,65.22533872775303,65.49996948242188,2181265,0.0,0.0
2014-06-27 00:00:00+08:00,64.67608668791523,66.04924774169922,64.67608668791523,66.04924774169922,1267236,0.0,0.0
2014-06-30 00:00:00+08:00,66.049238071149,66.46118774284699,65.49996948242188,65.49996948242188,1488666,0.0,0.0
2014-07-01 00:00:00+08:00,65.49997907255134,66.5985164108471,65.49997907255134,66.04924774169922,1738671,0.0,0.0
2014-07-02 00:00:00+08:00,66.18656921386719,66.5985189616587,65.22535077589008,66.18656921386719,2200617,0.0,0.0
2014-07-03 00:00:00+08:00,66.18656213046172,66.46119290646767,65.77461242675781,65.77461242675781,2760205,0.0,0.0
2014-07-04 00:00:00+08:00,66.32389067521801,66.3925536960473,64.95072937011719,64.95072937011719,1815830,0.0,0.0
2014-07-07 00:00:00+08:00,64.95071388108592,65.22534466073553,61.792435137250024,62.273040771484375,2925909,0.0,0.0
2014-07-08 00:00:00+08:00,61.72377240699732,62.54767182899636,61.3804857007578,62.06706619262695,1849188,0.0,0.0
2014-07-09 00:00:00+08:00,62.47901517625894,62.75364595393139,61.79243469238281,61.79243469238281,1059829,0.0,0.0
2014-07-10 00:00:00+08:00,62.06707007976539,62.34170087783461,60.007321395769786,60.07597732543945,2441210,0.0,0.0
2014-07-11 00:00:00+08:00,59.938653749793,60.419259322317025,56.91768724398256,57.39829635620117,3064993,0.0,0.0
2014-07-14 00:00:00+08:00,57.466965842072966,59.04610528684077,57.3983063741456,58.42818069458008,1670548,0.0,0.0
2014-07-15 00:00:00+08:00,58.84013336481811,62.479021632402855,58.84013336481811,61.51780319213867,4382401,0.0,0.0
2014-07-16 00:00:00+08:00,62.48997617754096,63.53147613846525,61.934507145279525,63.18430709838867,3474256,0.740038,0.0
2014-07-17 00:00:00+08:00,62.767719901259404,64.57298925440523,62.35111983201859,64.43412017822266,3481275,0.0,0.0
2014-07-18 00:00:00+08:00,64.15637696091373,64.98956978133326,63.6009079213285,63.809207916259766,2404086,0.0,0.0
2014-07-21 00:00:00+08:00,63.80920462565357,64.43410457822162,62.351104736328125,62.351104736328125,2250005,0.0,0.0
2014-07-22 00:00:00+08:00,62.35111389512543,63.39261396905883,61.86508291372525,62.55941390991211,2404029,0.0,0.0
2014-07-23 00:00:00+08:00,62.55941390991211,62.55941390991211,62.55941390991211,62.55941390991211,0,0.0,0.0
2014-07-24 00:00:00+08:00,62.55940536233789,66.93370507519182,62.55940536233789,66.51710510253906,4578385,0.0,0.0
2014-07-25 00:00:00+08:00,66.93371036895772,67.76691038016075,65.82277224781646,66.23937225341797,4195491,0.0,0.0
2014-07-28 00:00:00+08:00,61.656776428222656,61.656776428222656,61.656776428222656,61.656776428222656,844359,0.0,0.0
2014-07-29 00:00:00+08:00,57.62964416481797,58.32397869340852,57.35190963745117,57.35190963745117,7686754,0.0,0.0
2014-07-30 00:00:00+08:00,56.9353141784668,57.69907966707212,56.24097963813736,56.9353141784668,3305278,0.0,0.0
2014-07-31 00:00:00+08:00,56.93531586965781,57.35191231064642,56.37984678903359,56.6575813293457,2227728,0.0,0.0
2014-08-01 00:00:00+08:00,55.26891304420532,56.24097851757648,54.15797851774338,54.71344757080078,2913354,0.0,0.0
2014-08-04 00:00:00+08:00,54.15797687231936,56.24097680886689,53.60251141579093,55.5466423034668,2139473,0.0,0.0
2014-08-05 00:00:00+08:00,54.85230675597666,56.37983752763641,53.88024139404297,53.88024139404297,1964662,0.0,0.0
2014-08-06 00:00:00+08:00,54.157974785241386,54.9911747277515,50.13084411621094,50.13084411621094,4572022,0.0,0.0
2014-08-07 00:00:00+08:00,50.13084411621094,51.51950949384358,49.714244144955885,50.13084411621094,2867874,0.0,0.0
2014-08-08 00:00:00+08:00,49.99198032778059,51.936111205691596,49.57538034256355,51.380645751953125,3130708,0.0,0.0
2014-08-11 00:00:00+08:00,52.63044692095291,53.047046915774295,51.86667787734517,52.07497787475586,2128990,0.0,0.0
2014-08-12 00:00:00+08:00,51.38064529359312,53.11647616341049,51.03347625590748,52.35271072387695,1736906,0.0,0.0
2014-08-13 00:00:00+08:00,51.93611312804986,51.93611312804986,50.96404765311441,51.65837860107422,1937641,0.0,0.0
2014-08-14 00:00:00+08:00,52.63044966648002,54.36628068235216,52.213849649926225,52.422149658203125,3590368,0.0,0.0
2014-08-15 00:00:00+08:00,52.56101513717005,53.60251517855454,52.14441512061626,52.422149658203125,1474204,0.0,0.0
2014-08-18 00:00:00+08:00,52.42214556353743,52.42214556353743,48.81161117553711,48.81161117553711,3551211,0.0,0.0
2014-08-19 00:00:00+08:00,49.4365099470139,52.213844299316406,49.01990997315116,52.213844299316406,2818823,0.0,0.0
2014-08-20 00:00:00+08:00,53.88024532165233,54.78287623079803,53.39421081542969,53.39421081542969,5624143,0.0,0.0
2014-08-21 00:00:00+08:00,53.46364688795509,54.0191123542641,52.352712375684256,53.60251235961914,3065127,0.0,0.0
2014-08-22 00:00:00+08:00,54.15797230907977,54.78287223739124,53.88024139404297,53.88024139404297,3245031,0.0,0.0
2014-08-25 00:00:00+08:00,55.40777707129997,57.629642486572266,54.99117708220812,57.629642486572266,3768998,0.0,0.0
2014-08-26 00:00:00+08:00,57.62964224490565,58.74057673770954,57.07417678833008,57.07417678833008,8204011,0.0,0.0
2014-08-27 00:00:00+08:00,59.08774516807806,59.15717969600688,56.51871417019972,56.9353141784668,3792678,0.0,0.0
2014-08-28 00:00:00+08:00,56.935312764047175,58.04624370539237,56.2409782409668,56.2409782409668,3125909,0.0,0.0
2014-08-29 00:00:00+08:00,56.37984371372173,57.62964370747471,55.963243715804076,56.2409782409668,4359718,0.0,0.0
2014-09-01 00:00:00+08:00,56.24097956681204,56.79644505057937,55.75494503123253,55.89381408691406,1912475,0.0,0.0
2014-09-02 00:00:00+08:00,56.2409782409668,58.04624370539237,56.03267824200797,56.2409782409668,4556970,0.0,0.0
2014-09-03 00:00:00+08:00,56.9353130440718,57.00474399096433,54.50514399116461,54.71344757080078,2865416,0.0,0.0
2014-09-04 00:00:00+08:00,55.19947874221511,55.96324421871001,54.991178741384424,55.26891326904297,1773644,0.0,0.0
2014-09-05 00:00:00+08:00,56.24097859890551,56.51871312583583,55.40777859776739,56.31040954589844,2044921,0.0,0.0
2014-09-09 00:00:00+08:00,56.51870974334981,56.93530971898653,55.13004077145898,55.338340759277344,2009001,0.0,0.0
2014-09-10 00:00:00+08:00,55.407779551334556,56.24097956681204,55.06061407143658,55.89381408691406,1049181,0.0,0.0
2014-09-11 00:00:00+08:00,56.37983832058497,57.42133821575217,55.89380742260862,56.03267288208008,3011824,0.0,0.0
2014-09-12 00:00:00+08:00,56.10211133964797,56.58814227174056,55.407776834247876,55.5466423034668,1710565,0.0,0.0
2014-09-15 00:00:00+08:00,55.9632450351019,56.379845042840635,55.407779551334556,55.89381408691406,868278,0.0,0.0
2014-09-16 00:00:00+08:00,56.240976024665,56.51871053888297,52.00554526584402,52.35271072387695,3668125,0.0,0.0
2014-09-17 00:00:00+08:00,52.491576326631275,53.7413762743586,52.491576326631275,53.39421081542969,1598125,0.0,0.0
2014-09-18 00:00:00+08:00,54.435711395030175,57.07417678833008,54.01911140768531,57.07417678833008,6670516,0.0,0.0
2014-09-19 00:00:00+08:00,57.90737601968599,58.185106954582274,55.96324157714844,55.96324157714844,5093741,0.0,0.0
2014-09-22 00:00:00+08:00,56.24097801112719,57.28247800166504,55.68551254272461,55.68551254272461,2682663,0.0,0.0
2014-09-23 00:00:00+08:00,56.379845042840635,57.28247958615888,55.75494503123253,55.89381408691406,2307999,0.0,0.0
2014-09-24 00:00:00+08:00,55.963243715804076,56.657578238884454,55.268912772376545,56.2409782409668,1252916,0.0,0.0
2014-09-25 00:00:00+08:00,57.074172573422885,58.115672464870656,55.68550724471002,58.04623794555664,5189479,0.0,0.0
2014-09-26 00:00:00+08:00,58.046245147410374,58.7405796877398,56.9353141784668,56.9353141784668,5428331,0.0,0.0
2014-09-29 00:00:00+08:00,57.14361312668942,57.90737860118173,56.31040954589844,56.31040954589844,2309070,0.0,0.0
2014-09-30 00:00:00+08:00,56.51871060624643,56.93531058824357,55.5466415951513,55.96324157714844,1684177,0.0,0.0
2014-10-01 00:00:00+08:00,55.754939341416105,56.9353082959873,55.68550840031372,56.171539306640625,1348544,0.0,0.0
2014-10-02 00:00:00+08:00,56.31040775842932,58.25454222592295,56.240976813640344,57.07417678833008,3305918,0.0,0.0
2014-10-03 00:00:00+08:00,57.629642486572266,57.8379424811182,56.37984251929671,57.629642486572266,2228663,0.0,0.0
2014-10-06 00:00:00+08:00,57.907378692184764,58.185109639898684,57.21304416359421,57.35190963745117,1670131,0.0,0.0
2014-10-07 00:00:00+08:00,57.6296451391433,58.32397967947273,56.9353141784668,56.9353141784668,2200611,0.0,0.0
2014-10-08 00:00:00+08:00,57.35190998326627,57.35190998326627,53.324779000256136,54.296844482421875,4805370,0.0,0.0
2014-10-09 00:00:00+08:00,54.92174816186793,55.268917241305914,53.324782567273886,53.74138259887695,2396623,0.0,0.0
2014-10-13 00:00:00+08:00,52.63044694837345,52.69987789444464,49.991981506347656,49.991981506347656,3370980,0.0,0.0
2014-10-14 00:00:00+08:00,49.99198495706672,51.51951599121094,49.783684945169504,51.51951599121094,1722680,0.0,0.0
2014-10-15 00:00:00+08:00,51.79725053362491,52.49158152018026,51.38065050983048,51.51951599121094,1569756,0.0,0.0
2014-10-16 00:00:00+08:00,52.0749797940137,52.0749797940137,48.603314235769254,51.79724884033203,2201926,0.0,0.0
2014-10-17 00:00:00+08:00,52.49157789692542,52.49157789692542,49.367081513790005,49.991981506347656,1398794,0.0,0.0
2014-10-20 00:00:00+08:00,51.72781193528179,51.72781193528179,50.68631195769829,50.964046478271484,986068,0.0,0.0
2014-10-21 00:00:00+08:00,50.96404683731028,52.005546822231096,50.26971232081213,51.033477783203125,1265666,0.0,0.0
2014-10-22 00:00:00+08:00,51.727813127731345,52.35271312868689,51.380647653751446,51.65837860107422,2319131,0.0,0.0
2014-10-23 00:00:00+08:00,52.07497787475586,53.047046915774295,51.936112403033,52.07497787475586,2979188,0.0,0.0
2014-10-24 00:00:00+08:00,52.97761312964243,52.97761312964243,51.51951312741283,51.65837860107422,1016943,0.0,0.0
2014-10-27 00:00:00+08:00,51.65837964643911,52.0749796555065,48.88104863909178,49.71424865722656,2288762,0.0,0.0
2014-10-28 00:00:00+08:00,49.991982887403786,51.38064838267693,49.991982887403786,51.24177932739258,1001655,0.0,0.0
2014-10-29 00:00:00+08:00,51.65837978383825,52.63044886068293,51.45008335840347,51.79724884033203,1393290,0.0,0.0
2014-10-30 00:00:00+08:00,51.866675267995696,52.42214428624777,51.450078873785586,52.213844299316406,698127,0.0,0.0
2014-10-31 00:00:00+08:00,52.630444273179144,52.630444273179144,51.79724432545366,52.213844299316406,668530,0.0,0.0
2014-11-03 00:00:00+08:00,52.213843604677635,53.25534352547866,52.213843604677635,52.63044357299805,1373631,0.0,0.0
2014-11-04 00:00:00+08:00,52.769312392675765,52.977612390086456,52.07497787475586,52.07497787475586,800178,0.0,0.0
2014-11-05 00:00:00+08:00,48.46444432852468,49.92254423084576,48.46444432852468,49.64480972290039,6802077,0.0,0.0
2014-11-06 00:00:00+08:00,49.64481308891271,49.64481308891271,48.18671666738256,48.53388214111328,2011147,0.0,0.0
2014-11-07 00:00:00+08:00,48.3255831535529,49.71424865722656,48.3255831535529,49.71424865722656,1580801,0.0,0.0
2014-11-10 00:00:00+08:00,49.71424770648181,49.92254770703194,49.29764770538156,49.575382232666016,867033,0.0,0.0
2014-11-11 00:00:00+08:00,49.85310970894626,50.40857872483699,49.575378780653516,49.64480972290039,835244,0.0,0.0
2014-11-12 00:00:00+08:00,48.742185567776374,49.43651656404811,48.742185567776374,49.01991653442383,928570,0.0,0.0
2014-11-13 00:00:00+08:00,49.019917707381914,49.78368683307081,49.019917707381914,49.15878677368164,831353,0.0,0.0
2014-11-14 00:00:00+08:00,49.15878069443968,49.64481162742389,49.01991164531326,49.36708068847656,732937,0.0,0.0
2014-11-17 00:00:00+08:00,49.36707863074916,49.7142440797891,48.46444416766221,48.603309631347656,1116104,0.0,0.0
2014-11-18 00:00:00+08:00,48.603311274546556,49.158780307373085,45.20108045183453,46.24258041381836,4976640,0.0,0.0
2014-11-19 00:00:00+08:00,46.24257756385974,46.659177522977956,45.82597760474152,46.38144302368164,1739700,0.0,0.0
2014-11-20 00:00:00+08:00,45.825982180765344,47.00634765625,45.68711670707682,47.00634765625,1716455,0.0,0.0
2014-11-21 00:00:00+08:00,47.006349822012844,49.019915391707094,47.006349822012844,48.325584411621094,2547735,0.0,0.0
2014-11-24 00:00:00+08:00,48.39501268792092,48.603309091308375,47.49237823486328,47.49237823486328,841483,0.0,0.0
2014-11-25 00:00:00+08:00,47.70067848597194,48.881043869948,47.56180944339646,48.04784393310547,941175,0.0,0.0
2014-11-26 00:00:00+08:00,47.77011313101621,48.04784765804613,47.00634765625,47.00634765625,998970,0.0,0.0
2014-11-27 00:00:00+08:00,47.14522035412863,47.70068587147559,46.10372027181987,46.45088577270508,1418994,0.0,0.0
2014-11-28 00:00:00+08:00,46.520320121385126,46.86748562090199,45.89542007446289,45.89542007446289,849178,0.0,0.0
2014-12-01 00:00:00+08:00,43.1180811969585,45.82598114013672,43.1180811969585,45.82598114013672,1530273,0.0,0.0
2014-12-02 00:00:00+08:00,46.659175872802734,46.659175872802734,46.659175872802734,46.659175872802734,3093077,0.0,0.0
2014-12-03 00:00:00+08:00,47.90898132324219,47.90898132324219,47.90898132324219,47.90898132324219,3357865,0.0,0.0
2014-12-04 00:00:00+08:00,47.49237823486328,47.49237823486328,47.49237823486328,47.49237823486328,2446862,0.0,0.0
2014-12-05 00:00:00+08:00,47.353513298873374,48.811609616702135,47.28407877720434,48.603309631347656,1548543,0.0,0.0
2014-12-08 00:00:00+08:00,48.8810499116205,49.019915391707094,47.97841534192506,48.325584411621094,1002772,0.0,0.0
2014-12-09 00:00:00+08:00,47.908978470182575,49.08934385415863,47.770109427607096,48.04784393310547,873399,0.0,0.0
2014-12-10 00:00:00+08:00,47.908982864116936,48.39501739840222,47.3535173818287,48.11728286743164,643806,0.0,0.0
2014-12-11 00:00:00+08:00,47.21464468492612,48.603310073367595,47.21464468492612,47.63124465942383,620618,0.0,0.0
2014-12-12 00:00:00+08:00,48.04785292051855,48.25615294369197,47.56181833989614,47.700687408447266,551285,0.0,0.0
2014-12-15 00:00:00+08:00,47.21464538574219,47.353514432404445,46.52031447104168,47.21464538574219,830497,0.0,0.0
2014-12-16 00:00:00+08:00,46.93691445172306,47.700679889754696,46.659179938051246,47.21464538574219,900158,0.0,0.0
2014-12-17 00:00:00+08:00,49.71424286911451,50.47800827026367,49.71424286911451,50.47800827026367,2079311,0.0,0.0
2014-12-18 00:00:00+08:00,53.81080922685831,53.94967469044479,52.63044383724171,53.185909271240234,11028033,0.0,0.0
2014-12-19 00:00:00+08:00,54.36627805607586,55.616078045363054,52.769312596315395,54.15797805786133,7696653,0.0,0.0
2014-12-22 00:00:00+08:00,55.13004472669181,57.76851023513339,54.644013773347744,57.42134475708008,8479014,0.0,0.0
2014-12-23 00:00:00+08:00,57.351908684440076,57.351908684440076,56.24097775273887,57.213043212890625,4227132,0.0,0.0
2014-12-24 00:00:00+08:00,57.62964403063484,59.4349095051835,56.58814403000045,57.83794403076172,5665543,0.0,0.0
2014-12-25 00:00:00+08:00,58.60170968250931,59.92094421386719,57.97681325988522,59.92094421386719,6219246,0.0,0.0
2014-12-26 00:00:00+08:00,60.26810236951848,62.767702075070616,59.434902467667776,62.48997116088867,10337736,0.0,0.0
2014-12-29 00:00:00+08:00,66.93370992226092,68.32237182546122,65.1284408569336,65.1284408569336,13938128,0.0,0.0
2014-12-30 00:00:00+08:00,65.5450335843281,67.28086435030606,65.40617170500505,67.21143341064453,8207339,0.0,0.0
2014-12-31 00:00:00+08:00,67.35030364990234,68.4612345008158,66.72540370389382,67.35030364990234,7513482,0.0,0.0
2015-01-05 00:00:00+08:00,65.54504474610123,65.96164477362385,64.01751369828706,64.57298278808594,8024530,0.0,0.0
2015-01-06 00:00:00+08:00,62.21224162723661,62.48997973884837,60.059810638427734,60.059810638427734,13138050,0.0,0.0
2015-01-07 00:00:00+08:00,59.43490998555777,62.281679063402294,59.36547903805622,61.51791000366211,10173372,0.0,0.0
2015-01-08 00:00:00+08:00,61.51791223889077,61.934512257648635,59.22661213572253,60.26811218261719,7166484,0.0,0.0
2015-01-09 00:00:00+08:00,60.54583967374104,61.37903966352813,59.78207778930664,59.78207778930664,3714518,0.0,0.0
2015-01-12 00:00:00+08:00,59.434909462515535,60.19867851553436,59.296043989081596,59.365478515625,1983791,0.0,0.0
2015-01-13 00:00:00+08:00,59.5737802352573,61.24018396296166,59.43491474947077,60.12924575805664,3278755,0.0,0.0
2015-01-14 00:00:00+08:00,60.40697429376163,60.75413616325744,59.71263981581217,59.851505279541016,1991065,0.0,0.0
2015-01-15 00:00:00+08:00,60.75414581357583,60.962445832082224,59.782083833416884,60.12924575805664,3521560,0.0,0.0
2015-01-16 00:00:00+08:00,59.71264141512268,59.99037592967168,55.96324157714844,55.96324157714844,7039163,0.0,0.0
2015-01-19 00:00:00+08:00,57.351905560102445,57.83794005352721,56.37984015290552,56.79644012451172,3102852,0.0,0.0
2015-01-20 00:00:00+08:00,57.76850807184293,60.7541389465332,56.935311671646744,60.7541389465332,6232577,0.0,0.0
2015-01-21 00:00:00+08:00,60.68470812154313,60.68470812154313,58.67114269280311,59.712642669677734,4407186,0.0,0.0
2015-01-22 00:00:00+08:00,58.32397711306295,59.6432080280904,58.04624259322165,58.671142578125,4645860,0.0,0.0
2015-01-23 00:00:00+08:00,58.32397374027018,58.87943916817824,57.62963927064569,57.699073791503906,4265292,0.0,0.0
2015-01-26 00:00:00+08:00,58.04624389798803,58.94887842302215,57.90737842477234,58.323978424072266,2266152,0.0,0.0
2015-01-27 00:00:00+08:00,59.01830936980357,59.434909369103494,58.254543897637994,58.323978424072266,2867577,0.0,0.0
2015-01-28 00:00:00+08:00,58.60170639237068,59.92094084966136,58.60170639237068,58.948875427246094,3631573,0.0,0.0
2015-01-29 00:00:00+08:00,59.50434183669224,59.50434183669224,58.462841874478244,59.08774185180664,1980871,0.0,0.0
2015-01-30 00:00:00+08:00,59.43490407844717,60.615273024493824,59.15717315673828,59.15717315673828,3505804,0.0,0.0
2015-02-02 00:00:00+08:00,60.40697657857759,60.40697657857759,59.434907556750574,59.64320755004883,1932031,0.0,0.0
2015-02-03 00:00:00+08:00,59.71264417093675,60.337540593119506,56.657578688513496,57.35190963745117,6734202,0.0,0.0
2015-02-04 00:00:00+08:00,57.62964416481797,58.46284416726548,57.35190963745117,57.35190963745117,2256947,0.0,0.0
2015-02-05 00:00:00+08:00,57.35191060708094,57.76851061534801,56.657579646404436,56.9353141784668,1269648,0.0,0.0
2015-02-06 00:00:00+08:00,57.21304080435663,57.42134079273827,56.17154086244844,56.37984085083008,1609327,0.0,0.0
2015-02-09 00:00:00+08:00,56.58814371268057,57.28247823576094,56.2409782409668,56.2409782409668,1748359,0.0,0.0
2015-02-10 00:00:00+08:00,56.93531586965781,57.282481360308175,56.37984678903359,56.6575813293457,1061145,0.0,0.0
2015-02-11 00:00:00+08:00,56.79643759005762,57.62963749608974,56.44927215576172,56.44927215576172,1203450,0.0,0.0
2015-02-12 00:00:00+08:00,56.44927859919004,56.72701312612036,56.24097859890551,56.31040954589844,667534,0.0,0.0
2015-02-13 00:00:00+08:00,56.51871312583583,56.93531312640489,56.31040954589844,56.31040954589844,1126195,0.0,0.0
2015-02-24 00:00:00+08:00,56.379845114342075,57.14361418260033,56.379845114342075,56.9353141784668,1085272,0.0,0.0
2015-02-25 00:00:00+08:00,56.935311557854355,58.04624247566412,56.518711568762505,57.629642486572266,2314086,0.0,0.0
2015-02-26 00:00:00+08:00,57.907377005851096,58.11567700039702,57.42134249202634,57.629642486572266,1192921,0.0,0.0
2015-03-02 00:00:00+08:00,58.04624389798803,58.323978424072266,57.56020937225383,58.323978424072266,1311691,0.0,0.0
2015-03-03 00:00:00+08:00,57.907380686793346,59.64321169858078,57.907380686793346,58.11568069458008,2465392,0.0,0.0
2015-03-04 00:00:00+08:00,58.46284246475598,58.46284246475598,57.49077701675924,57.629642486572266,1191421,0.0,0.0
2015-03-05 00:00:00+08:00,57.629643207191776,58.11567772709406,57.213043212890625,57.213043212890625,815658,0.0,0.0
2015-03-06 00:00:00+08:00,57.62964107614359,59.018306479245965,57.35190656366204,58.46284103393555,2477953,0.0,0.0
2015-03-09 00:00:00+08:00,59.434902467667776,62.48997116088867,58.879437059651444,62.48997116088867,11449507,0.0,0.0
2015-03-10 00:00:00+08:00,62.48998407400004,62.48998407400004,59.990383851923276,60.12924575805664,6307730,0.0,0.0
2015-03-11 00:00:00+08:00,59.782080479841156,61.37904242593504,59.71264595101634,60.68471145629883,2881528,0.0,0.0
2015-03-12 00:00:00+08:00,61.10131146994175,62.42054246004234,60.68471145629883,60.68471145629883,4755400,0.0,0.0
2015-03-13 00:00:00+08:00,60.684707998105964,61.44847703269565,60.19867706298828,60.19867706298828,1619776,0.0,0.0
2015-03-16 00:00:00+08:00,60.19867706298828,60.19867706298828,60.19867706298828,60.19867706298828,0,0.0,0.0
2015-03-17 00:00:00+08:00,59.36547611984888,59.71264157924981,58.32397616199334,58.53227615356445,1764647,0.0,0.0
2015-03-18 00:00:00+08:00,59.01830698039284,59.78207600128938,58.74057604520566,59.57377243041992,1794239,0.0,0.0
2015-03-19 00:00:00+08:00,60.12923762755962,60.19867573054344,59.018306732177734,59.018306732177734,2027072,0.0,0.0
2015-03-20 00:00:00+08:00,59.643208734503816,60.68470872167825,59.15717779359096,60.33753967285156,2645356,0.0,0.0
2015-03-23 00:00:00+08:00,60.82358392594887,62.35111500856033,60.12924575805664,60.12924575805664,5635763,0.0,0.0
2015-03-24 00:00:00+08:00,60.1986786068843,60.823578607764595,59.9209440799421,60.406978607177734,1706996,0.0,0.0
2015-03-25 00:00:00+08:00,61.03187777398727,61.03187777398727,59.78207778930664,59.78207778930664,1764994,0.0,0.0
2015-03-26 00:00:00+08:00,59.643209552999906,60.96244050175639,59.643209552999906,60.406978607177734,2676002,0.0,0.0
2015-03-27 00:00:00+08:00,60.89301221075398,62.07338131700327,60.26811218261719,60.26811218261719,3851416,0.0,0.0
2015-03-30 00:00:00+08:00,60.406976330495276,60.7541382116963,58.32397640606729,59.08774185180664,2683228,0.0,0.0
2015-03-31 00:00:00+08:00,59.50434738346634,59.64321286482182,58.81001281738281,58.81001281738281,1166433,0.0,0.0
2015-04-01 00:00:00+08:00,58.87944479191894,60.684710289785514,58.81001026442884,59.990379333496094,3073929,0.0,0.0
2015-04-02 00:00:00+08:00,60.89301190226351,62.00394289355437,60.89301190226351,61.24018096923828,5496202,0.0,0.0
2015-04-07 00:00:00+08:00,62.21223986312377,62.21223986312377,61.24017797796434,61.86507797241211,3163849,0.0,0.0
2015-04-08 00:00:00+08:00,61.101308716548026,61.101308716548026,59.9903777833305,60.33753967285156,2650784,0.0,0.0
2015-04-09 00:00:00+08:00,60.33753690016345,60.823574978047056,59.22660601799649,59.434906005859375,2049379,0.0,0.0
2015-04-10 00:00:00+08:00,60.268105694087154,60.268105694087154,58.60170579846214,58.87944030761719,1501140,0.0,0.0
2015-04-13 00:00:00+08:00,59.018308158543725,59.920942665052664,58.87944268817804,59.712642669677734,750561,0.0,0.0
2015-04-14 00:00:00+08:00,60.406975720884134,60.406975720884134,58.9488757884993,59.018306732177734,933556,0.0,0.0
2015-04-15 00:00:00+08:00,59.01831026724625,60.33754123198789,59.01831026724625,59.990379333496094,2303464,0.0,0.0
2015-04-16 00:00:00+08:00,60.82358242738885,62.837144450470014,60.47641335199622,62.003944396972656,7047343,0.0,0.0
2015-04-17 00:00:00+08:00,62.14280424731908,62.28167328875226,60.962435293399814,61.79563522338867,2401033,0.0,0.0
2015-04-20 00:00:00+08:00,61.10131222013291,62.212243217051864,60.26811218261719,60.26811218261719,3271459,0.0,0.0
2015-04-21 00:00:00+08:00,59.57377412749529,59.990377701449255,56.93531226979173,57.213043212890625,5712410,0.0,0.0
2015-04-22 00:00:00+08:00,57.629642486572266,58.25454247021005,57.213042497480416,57.629642486572266,1635286,0.0,0.0
2015-04-23 00:00:00+08:00,57.62963749608974,57.9768065100381,55.82437222623763,56.44927215576172,3451912,0.0,0.0
2015-04-24 00:00:00+08:00,56.449276082696,56.79644154114272,55.75494158614987,55.96324157714844,2054632,0.0,0.0
2015-04-27 00:00:00+08:00,56.24098183334155,56.5881473272304,54.435716253605214,54.64401626586914,3681766,0.0,0.0
2015-04-28 00:00:00+08:00,54.15797639135831,55.54664181017342,54.15797639135831,54.43571090698242,2196092,0.0,0.0
2015-04-29 00:00:00+08:00,54.50514244519732,54.921742433347625,52.21384609002341,52.97761154174805,2559917,0.0,0.0
2015-04-30 00:00:00+08:00,54.01911304430546,55.199478517659934,53.39421304435553,54.71344757080078,2248674,0.0,0.0
2015-05-04 00:00:00+08:00,55.54664399108116,55.68551304417194,54.227413044288774,54.71344757080078,1652299,0.0,0.0
2015-05-05 00:00:00+08:00,55.26891414653227,55.61607962687764,54.22741412584322,54.36627960205078,1362164,0.0,0.0
2015-05-06 00:00:00+08:00,54.227408935007475,55.546639781830294,54.227408935007475,55.1994743347168,2312583,0.0,0.0
2015-05-07 00:00:00+08:00,55.19947781254056,55.26891233819899,53.46364688795509,53.60251235961914,1407679,0.0,0.0
2015-05-08 00:00:00+08:00,54.43571063137996,54.64401062213026,52.35271072387695,52.35271072387695,1972318,0.0,0.0
2015-05-11 00:00:00+08:00,52.56101475626944,53.324780254532186,48.742183685302734,48.742183685302734,3648405,0.0,0.0
2015-05-12 00:00:00+08:00,48.533879628118406,49.15877959626925,46.936914236061604,48.18671417236328,2686475,0.0,0.0
2015-05-13 00:00:00+08:00,48.186713240291304,49.08934412372565,47.561809704575246,48.603309631347656,1889951,0.0,0.0
2015-05-14 00:00:00+08:00,48.603308103489326,49.08934258058869,47.28407729081639,47.353511810302734,1975255,0.0,0.0
2015-05-15 00:00:00+08:00,47.492381105169464,47.70068110079856,45.33994662378457,45.82598114013672,3078755,0.0,0.0
2015-05-18 00:00:00+08:00,45.82598369221661,45.82598369221661,43.04865264892578,43.04865264892578,4242900,0.0,0.0
2015-05-19 00:00:00+08:00,43.04864813235455,46.034278869628906,43.04864813235455,46.034278869628906,3645401,0.0,0.0
2015-05-20 00:00:00+08:00,47.07577940706473,47.07577940706473,45.13164857145089,46.10371398925781,2758270,0.0,0.0
2015-05-21 00:00:00+08:00,44.992781406134235,45.54824687099563,44.15958141901575,44.2984504699707,2411296,0.0,0.0
2015-05-22 00:00:00+08:00,44.43731408464443,46.72861395348783,44.43731408464443,46.10371398925781,3546825,0.0,0.0
2015-05-25 00:00:00+08:00,46.10371707361269,47.63124803526554,45.47881706757664,46.52031707763672,2772116,0.0,0.0
2015-05-26 00:00:00+08:00,46.65918481066366,47.07578483485053,44.9233537629871,45.2705192565918,2396843,0.0,0.0
2015-05-27 00:00:00+08:00,44.71504827792115,45.75654829428924,44.71504827792115,45.548248291015625,1907351,0.0,0.0
2015-05-28 00:00:00+08:00,46.31201757073492,48.67274856567383,46.24258304277098,48.67274856567383,5974975,0.0,0.0
2015-05-29 00:00:00+08:00,48.74218174437633,51.311212672439254,47.90898175048504,50.547447204589844,7082339,0.0,0.0
2015-06-01 00:00:00+08:00,50.54744320836411,51.79724310039323,49.436508777787374,49.505943298339844,4055857,0.0,0.0
2015-06-02 00:00:00+08:00,49.50595109553654,50.755751184409405,49.01991653442383,49.01991653442383,2164322,0.0,0.0
2015-06-03 00:00:00+08:00,49.29764506264076,49.9919795538037,48.18671417236328,48.18671417236328,2006780,0.0,0.0
2015-06-04 00:00:00+08:00,48.186711899628925,48.53387733900994,45.47881216536051,46.38144302368164,3792463,0.0,0.0
2015-06-05 00:00:00+08:00,46.38144537848887,47.21464533902725,44.7150454574121,45.131649017333984,2958309,0.0,0.0
2015-06-08 00:00:00+08:00,45.40937950245135,46.86747941898806,44.85391406079778,46.10371398925781,3399166,0.0,0.0
2015-06-09 00:00:00+08:00,45.82597888932029,47.422944250821566,43.465248107910156,43.465248107910156,3676703,0.0,0.0
2015-06-10 00:00:00+08:00,44.020714108491084,46.86747941898806,43.88184864299085,46.10371398925781,3789468,0.0,0.0
2015-06-11 00:00:00+08:00,47.21464831720457,47.21464831720457,45.409382815384184,45.548248291015625,2371233,0.0,0.0
2015-06-12 00:00:00+08:00,45.54824591261156,46.79804586699216,45.409380444231296,46.24258041381836,2198883,0.0,0.0
2015-06-15 00:00:00+08:00,47.353513038838415,49.22820931708152,47.353513038838415,48.04784393310547,3820907,0.0,0.0
2015-06-16 00:00:00+08:00,49.57537861610364,49.99197858681261,48.603309631347656,48.603309631347656,3856981,0.0,0.0
2015-06-17 00:00:00+08:00,49.228208703154046,49.29764322357586,47.90897787270729,47.97840881347656,2116511,0.0,0.0
2015-06-18 00:00:00+08:00,48.603312692292555,50.96404720153549,48.603312692292555,50.547447204589844,6265100,0.0,0.0
2015-06-22 00:00:00+08:00,51.102911708722125,51.241777178530135,49.2976462826069,50.4085807800293,4112282,0.0,0.0
2015-06-23 00:00:00+08:00,51.38064599384183,53.11647688731623,51.241776945013896,51.93611145019531,5646523,0.0,0.0
2015-06-24 00:00:00+08:00,52.35271203656193,52.76931202850831,51.24177753148734,52.00554656982422,2367737,0.0,0.0
2015-06-25 00:00:00+08:00,52.63044655774378,52.838746553716966,51.658377523433714,52.00554656982422,2567596,0.0,0.0
2015-06-26 00:00:00+08:00,52.28327666682155,53.463645678038304,51.380645751953125,51.380645751953125,3624949,0.0,0.0
2015-06-29 00:00:00+08:00,51.380645751953125,53.116476637255616,51.380645751953125,51.380645751953125,4129938,0.0,0.0
2015-06-30 00:00:00+08:00,51.658380078819604,52.2138491486607,50.40858362080957,50.82518005371094,2555446,0.0,0.0
2015-07-01 00:00:00+08:00,51.38064752173031,52.491578467472635,51.38064752173031,52.144412994384766,2717919,0.0,0.0
2015-07-02 00:00:00+08:00,53.46364558486749,54.57457649040842,53.047045600376464,53.949676513671875,5145291,0.0,0.0
2015-07-03 00:00:00+08:00,54.15798128302037,54.50514677416768,53.32478124054439,54.08854675292969,2945902,0.0,0.0
2015-07-06 00:00:00+08:00,54.2274124812355,54.85231247469697,53.116477966308594,53.116477966308594,2662190,0.0,0.0
2015-07-07 00:00:00+08:00,53.60251258917352,54.15797805786133,53.047047120485715,54.15797805786133,2675062,0.0,0.0
2015-07-08 00:00:00+08:00,54.36627618555687,54.435710709123704,49.29764545649579,49.7836799621582,6171039,0.0,0.0
2015-07-09 00:00:00+08:00,49.85311316709592,54.366278651269255,48.32558221656807,54.227413177490234,8260765,0.0,0.0
2015-07-10 00:00:00+08:00,54.227413177490234,54.227413177490234,54.227413177490234,54.227413177490234,0,0.0,0.0
2015-07-13 00:00:00+08:00,57.97681060396183,59.64320695404307,56.58814160941506,59.57377243041992,13078894,0.0,0.0
2015-07-14 00:00:00+08:00,60.40697304338589,61.6567729300335,58.87943865537685,59.15717315673828,11177893,0.0,0.0
2015-07-15 00:00:00+08:00,59.7126463816471,61.51791192723449,58.18511179405592,61.24018096923828,7515137,0.0,0.0
2015-07-16 00:00:00+08:00,61.30961340549358,62.14281345899094,60.40698240064017,62.003944396972656,7348870,0.0,0.0
2015-07-17 00:00:00+08:00,62.48998295808529,63.462044920885646,61.37904477301885,62.55941390991211,7336943,0.0,0.0
2015-07-20 00:00:00+08:00,62.69827567351322,63.114875654585845,60.54583766510109,62.0733757019043,5391488,0.0,0.0
2015-07-21 00:00:00+08:00,62.76770869960849,64.43410867918267,58.87944327381969,59.78207778930664,13618763,0.0,0.0
2015-07-22 00:00:00+08:00,61.03187738050439,64.01750827155738,60.406977392192914,63.323177337646484,9159869,0.0,0.0
2015-07-23 00:00:00+08:00,62.90657461161717,63.87863644498701,60.82357474110283,62.97600555419922,7039090,0.0,0.0
2015-07-24 00:00:00+08:00,61.934510306689965,62.212241257344566,59.50434480037117,59.990379333496094,7478646,0.0,0.0
2015-07-27 00:00:00+08:00,59.71264051622744,61.51790588448824,58.32397512369241,59.434906005859375,5891698,0.0,0.0
2015-07-28 00:00:00+08:00,60.54584145774285,63.1148796081543,58.39341047380605,63.1148796081543,8967233,0.0,0.0
2015-07-29 00:00:00+08:00,63.60090792742316,63.73977697715916,60.19867706298828,60.19867706298828,10052590,0.0,0.0
2015-07-30 00:00:00+08:00,60.68470812154313,61.795639043774216,59.018308158543725,59.712642669677734,7338199,0.0,0.0
2015-07-31 00:00:00+08:00,59.99037859573307,61.24017859726745,59.226609541693485,60.962440490722656,5833153,0.0,0.0
2015-08-03 00:00:00+08:00,60.96243856401182,61.6567766491236,55.963242295526186,57.07417678833008,8684979,0.0,0.0
2015-08-04 00:00:00+08:00,55.96324200968778,56.240976526383385,51.380645751953125,51.380645751953125,14120347,0.0,0.0
2015-08-05 00:00:00+08:00,51.10291123525752,52.35271119090863,50.68631125004049,51.380645751953125,8885208,0.0,0.0
2015-08-06 00:00:00+08:00,51.79724595576235,52.00554594924992,46.659180642953075,46.79804611206055,11604912,0.0,0.0
2015-08-07 00:00:00+08:00,47.63124761382998,48.67274761467499,46.52031666603054,48.53388214111328,7299172,0.0,0.0
2015-08-10 00:00:00+08:00,48.67274856567383,49.29764857839053,47.21464853600153,48.67274856567383,3999971,0.0,0.0
2015-08-11 00:00:00+08:00,49.36707863074916,50.54744402120702,48.603309631347656,48.603309631347656,5611147,0.0,0.0
2015-08-12 00:00:00+08:00,49.0199100478653,49.43651002236301,45.82597929648464,47.63124465942383,7564165,0.0,0.0
2015-08-13 00:00:00+08:00,47.77010667139316,48.46444110525146,45.33994152236767,46.659175872802734,9448976,0.0,0.0
2015-08-14 00:00:00+08:00,46.867475844994985,47.4229412442902,46.45087590061048,46.659175872802734,3501769,0.0,0.0
2015-08-17 00:00:00+08:00,47.2146460990357,47.35351514779591,45.6176806755152,46.79804611206055,3117943,0.0,0.0
2015-08-18 00:00:00+08:00,47.21465112041886,47.353520183948106,45.89542007446289,45.89542007446289,3221512,0.0,0.0
2015-08-19 00:00:00+08:00,46.24258076561126,47.00634621699221,43.88184988692368,44.2290153503418,6314451,0.0,0.0
2015-08-20 00:00:00+08:00,44.29844999559716,45.06221544905933,42.90978097883516,43.74298095703125,4480565,0.0,0.0
2015-08-21 00:00:00+08:00,42.63205223192229,42.63205223192229,39.36868667602539,39.36868667602539,9291660,0.0,0.0
2015-08-24 00:00:00+08:00,37.35512713602208,37.910592712490754,35.48042678833008,35.48042678833008,6694647,0.0,0.0
2015-08-25 00:00:00+08:00,33.74458147663926,38.25774638772462,33.60571602049357,37.56341552734375,6968323,0.0,0.0
2015-08-26 00:00:00+08:00,35.133251058280905,36.45248558120621,34.369485586930914,35.619285583496094,8139754,0.0,0.0
2015-08-27 00:00:00+08:00,36.244184115552954,36.4524841065539,34.855518702097584,34.924949645996094,6425070,0.0,0.0
2015-08-28 00:00:00+08:00,36.17475281636042,37.1468219141099,35.96645280679311,36.383052825927734,5508738,0.0,0.0
2015-08-31 00:00:00+08:00,36.73021997280626,37.21625091659296,36.03588545070018,36.10531997680664,4665116,0.0,0.0
2015-09-01 00:00:00+08:00,37.00795085222082,39.715850830078125,36.93851990589047,39.715850830078125,7608724,0.0,0.0
2015-09-02 00:00:00+08:00,39.715850830078125,39.715850830078125,38.3271853679843,39.715850830078125,4538537,0.0,0.0
2015-09-03 00:00:00+08:00,40.27131806507808,41.52111810966818,39.09095254951621,40.479618072509766,6317102,0.0,0.0
2015-09-04 00:00:00+08:00,41.52111469501993,43.32638008441393,40.965649247433944,41.03508377075195,7701005,0.0,0.0
2015-09-07 00:00:00+08:00,41.03508647342399,41.93771743774414,40.41018646136253,41.93771743774414,2704777,0.0,0.0
2015-09-08 00:00:00+08:00,42.493180379304725,42.77091489459791,41.24338042996448,41.59054946899414,3816095,0.0,0.0
2015-09-09 00:00:00+08:00,42.63205123852191,42.701482185556294,41.937716710608015,42.35431671142578,4830043,0.0,0.0
2015-09-10 00:00:00+08:00,42.63205506999125,44.64562072835793,42.35432051793429,44.437320709228516,6399995,0.0,0.0
2015-09-11 00:00:00+08:00,44.43731534432322,44.50674628921518,43.46524989896084,44.2290153503418,2562056,0.0,0.0
2015-09-14 00:00:00+08:00,44.78448056077232,44.78448056077232,43.32638061094324,43.67354965209961,2751057,0.0,0.0
2015-09-15 00:00:00+08:00,44.15958009175493,44.15958009175493,43.118080139160156,43.118080139160156,1739256,0.0,0.0
2015-09-16 00:00:00+08:00,44.159583307714634,44.853917853227564,43.81241782478465,44.5761833190918,4427773,0.0,0.0
2015-09-17 00:00:00+08:00,46.38145087335436,49.01991653442383,46.03428537521849,49.01991653442383,11070488,0.0,0.0
2015-09-18 00:00:00+08:00,49.019917707381914,49.57538681327442,48.395021227645955,49.15878677368164,6841623,0.0,0.0
2015-09-21 00:00:00+08:00,48.53388012648267,49.297645568847656,47.284080177347576,49.297645568847656,4244359,0.0,0.0
2015-09-22 00:00:00+08:00,50.686312444976494,52.28327789940621,49.78368150882844,49.991981506347656,7392156,0.0,0.0
2015-09-23 00:00:00+08:00,49.22821268771102,51.03347814792454,49.22821268771102,50.547447204589844,3677279,0.0,0.0
2015-09-24 00:00:00+08:00,50.825174948577924,50.894609470246955,48.04784419695324,48.603309631347656,4939027,0.0,0.0
2015-09-25 00:00:00+08:00,49.01991411556326,49.78368318528878,48.18671767708142,49.71424865722656,3367075,0.0,0.0
2015-09-29 00:00:00+08:00,49.71424865722656,49.71424865722656,49.71424865722656,49.71424865722656,0,0.0,0.0
2015-09-30 00:00:00+08:00,49.99197736937444,50.47800827026367,49.29764290855086,50.47800827026367,3556263,0.0,0.0
2015-10-01 00:00:00+08:00,50.82517982708199,53.810814430292794,50.061414334022324,52.838748931884766,7773885,0.0,0.0
2015-10-02 00:00:00+08:00,52.56101850872218,55.268918790021424,52.283283953319895,54.99118423461914,7247276,0.0,0.0
2015-10-05 00:00:00+08:00,55.68551415366557,57.213045130876225,55.54664509780793,56.9353141784668,5795228,0.0,0.0
2015-10-06 00:00:00+08:00,57.76851061534801,57.83794514327683,55.754945101941466,56.9353141784668,5182143,0.0,0.0
2015-10-07 00:00:00+08:00,57.490776037688846,57.490776037688846,54.921741622155594,55.96324157714844,5297769,0.0,0.0
2015-10-08 00:00:00+08:00,57.07417778844288,57.6296432547519,53.60251235961914,53.60251235961914,7058642,0.0,0.0
2015-10-12 00:00:00+08:00,54.85231255029432,55.75494348899191,53.8802470856766,55.68551254272461,3592985,0.0,0.0
2015-10-13 00:00:00+08:00,55.68550909099544,55.754940032958984,54.64400916501613,55.754940032958984,3561461,0.0,0.0
2015-10-14 00:00:00+08:00,55.963243229987164,57.907377729943484,55.963243229987164,57.213043212890625,6580497,0.0,0.0
2015-10-15 00:00:00+08:00,58.18510340453218,58.18510340453218,56.65757261684378,58.04623794555664,4281215,0.0,0.0
2015-10-16 00:00:00+08:00,58.810009551826184,62.55940955710794,58.60170955153275,60.406978607177734,11400938,0.0,0.0
2015-10-19 00:00:00+08:00,61.101314897521945,61.24018396296166,59.29604926368423,60.12924575805664,4112953,0.0,0.0
2015-10-20 00:00:00+08:00,60.47640438734135,62.767704194810726,60.12923536341095,61.79563522338867,8496078,0.0,0.0
2015-10-21 00:00:00+08:00,62.48997116088867,62.767702075070616,60.545833283700425,62.48997116088867,4874929,0.0,0.0
2015-10-22 00:00:00+08:00,62.42053306286453,62.83713301378988,61.65677125903796,62.48997116088867,2953085,0.0,0.0
2015-10-23 00:00:00+08:00,63.80920656993842,64.98956841010724,62.0733757019043,62.0733757019043,6240804,0.0,0.0
2015-10-26 00:00:00+08:00,62.767702075070616,62.767702075070616,60.545833283700425,62.48997116088867,4704934,0.0,0.0
2015-10-27 00:00:00+08:00,62.76771045543084,63.739779523809666,62.28167950089434,62.628841400146484,2802572,0.0,0.0
2015-10-28 00:00:00+08:00,62.90657822952859,62.90657822952859,60.754140133334936,60.893009185791016,3594761,0.0,0.0
2015-10-29 00:00:00+08:00,60.893008116918054,61.240177162311454,58.740577217812344,59.712642669677734,4123903,0.0,0.0
2015-10-30 00:00:00+08:00,60.54583723720122,60.615275339759506,58.32397546005356,58.948875427246094,4162162,0.0,0.0
2015-11-02 00:00:00+08:00,58.67113708418877,62.48997116088867,58.393402590354384,62.48997116088867,6382073,0.0,0.0
2015-11-03 00:00:00+08:00,63.04543298925256,63.04543298925256,61.58733316101382,62.48997116088867,5733004,0.0,0.0
2015-11-04 00:00:00+08:00,62.69827113635135,63.67033291564059,62.48997116088867,62.48997116088867,4713898,0.0,0.0
2015-11-05 00:00:00+08:00,62.76771352368627,63.87864454234893,62.62884446161362,63.04544448852539,4113874,0.0,0.0
2015-11-06 00:00:00+08:00,62.48997116088867,63.114871087276704,60.545833283700425,62.48997116088867,4618091,0.0,0.0
2015-11-09 00:00:00+08:00,62.489981782501154,62.767712743889874,60.68471263520923,60.82358169555664,2568569,0.0,0.0
2015-11-10 00:00:00+08:00,60.40697599740432,61.72620688916583,60.12923790280842,61.1013069152832,2602948,0.0,0.0
2015-11-11 00:00:00+08:00,60.61527606927551,61.03187605241772,58.53227615356445,58.53227615356445,2761637,0.0,0.0
2015-11-12 00:00:00+08:00,58.32397907260085,59.36547908243153,54.85231356638287,56.86587905883789,6336645,0.0,0.0
2015-11-13 00:00:00+08:00,55.54664289791679,56.86587739839935,54.99117743544387,55.6160774230957,2567268,0.0,0.0
2015-11-16 00:00:00+08:00,53.602518195943475,57.62964952955646,53.46365270915953,57.56021499633789,3842102,0.0,0.0
2015-11-17 00:00:00+08:00,58.67114389693791,58.74057842337219,57.69907842512238,58.323978424072266,2812299,0.0,0.0
2015-11-18 00:00:00+08:00,58.60170735616489,60.7541382254596,57.976810958347656,60.61527633666992,3838492,0.0,0.0
2015-11-19 00:00:00+08:00,61.031879329676244,62.003941236335066,59.226610252686434,60.545841217041016,4091819,0.0,0.0
2015-11-20 00:00:00+08:00,60.54583688802634,60.54583688802634,59.434906005859375,59.434906005859375,1924296,0.0,0.0
2015-11-23 00:00:00+08:00,60.54583688802634,61.379036839477884,60.40697500232128,59.434906005859375,4777749,0.0,0.0
2015-11-24 00:00:00+08:00,60.82358169555664,60.893012646077295,59.85151259173697,60.82358169555664,2494617,0.0,0.0
2015-11-25 00:00:00+08:00,61.517906897871626,61.93450688046004,60.61527598869853,61.1013069152832,3223322,0.0,0.0
2015-11-26 00:00:00+08:00,62.21224176994248,63.600910853269085,61.51791080793212,62.1428108215332,7611163,0.0,0.0
2015-11-27 00:00:00+08:00,62.142812711285686,62.420543672674405,60.615281684688576,60.82358169555664,2804729,0.0,0.0
2015-11-30 00:00:00+08:00,59.92094669353664,61.37904317953614,59.08774665602092,60.26811218261719,23647519,0.0,0.0
2015-12-01 00:00:00+08:00,60.96243680660521,62.35110577749114,60.82357492103033,61.4484748840332,6878726,0.0,0.0
2015-12-02 00:00:00+08:00,62.28168254539126,64.22581361787746,62.212244434701844,63.04544448852539,11745890,0.0,0.0
2015-12-03 00:00:00+08:00,62.42053780704472,64.15637584070008,61.1013069152832,61.1013069152832,6384198,0.0,0.0
2015-12-04 00:00:00+08:00,60.82358242738885,62.28168252100923,59.712647829508,62.003944396972656,5268156,0.0,0.0
2015-12-07 00:00:00+08:00,63.46203753260943,63.80920656993842,62.0733757019043,62.0733757019043,7596596,0.0,0.0
2015-12-08 00:00:00+08:00,62.48998056852013,62.55941151769197,60.68471145629883,60.68471145629883,6082957,0.0,0.0
2015-12-09 00:00:00+08:00,60.82357855913126,61.101309506198525,57.28247855697433,57.83794403076172,6885161,0.0,0.0
2015-12-10 00:00:00+08:00,57.837942711303405,59.712642669677734,56.5187117936974,59.712642669677734,5614479,0.0,0.0
2015-12-11 00:00:00+08:00,59.57377088211796,59.57377088211796,56.518709196542666,56.79644012451172,3531352,0.0,0.0
2015-12-14 00:00:00+08:00,55.268914145398504,57.6296451391433,55.19947961746968,56.9353141784668,3173357,0.0,0.0
2015-12-15 00:00:00+08:00,58.46284269742819,59.9903771900619,57.62964271592848,59.712642669677734,4934104,0.0,0.0
2015-12-16 00:00:00+08:00,60.54584063649128,60.754140637250266,59.08774421083124,59.92094421386719,3959022,0.0,0.0
2015-12-17 00:00:00+08:00,61.79563468261903,63.04543456666541,61.1013038001394,62.698272705078125,7003003,0.0,0.0
2015-12-18 00:00:00+08:00,61.79564918011091,65.8227806981611,61.65678726662049,65.26731872558594,8975787,0.0,0.0
2015-12-21 00:00:00+08:00,64.43410709185498,69.43330690742273,64.43410709185498,66.79483795166016,12115730,0.0,0.0
2015-12-22 00:00:00+08:00,68.25294059613742,68.60010965015621,65.33674058843563,66.10050964355469,5850451,0.0,0.0
2015-12-23 00:00:00+08:00,67.48917154101838,67.48917154101838,65.68390964245444,66.10050964355469,4125493,0.0,0.0
2015-12-24 00:00:00+08:00,68.32236944972509,68.87783848727365,64.78126954887722,65.33673858642578,6471712,0.0,0.0
2015-12-25 00:00:00+08:00,65.2673051845808,66.51710510253906,63.87863622263653,66.51710510253906,3268121,0.0,0.0
2015-12-28 00:00:00+08:00,66.51710870636647,67.2114396453041,64.98957061767578,64.98957061767578,3237735,0.0,0.0
2015-12-29 00:00:00+08:00,63.87863540649415,64.57297345824773,62.42053552083885,63.87863540649414,4121698,0.0,0.0
2015-12-30 00:00:00+08:00,64.57297609938954,64.64240704368268,63.18430709838867,63.18430709838867,1592039,0.0,0.0
2015-12-31 00:00:00+08:00,63.67033100885062,63.73976910479524,62.7677001953125,62.7677001953125,1637505,0.0,0.0
2016-01-04 00:00:00+08:00,62.76771158292813,63.32318065473762,61.72621154785156,61.72621154785156,2205366,0.0,0.0
2016-01-05 00:00:00+08:00,61.51791080793212,62.90657989125872,61.37904175180769,62.1428108215332,2062984,0.0,0.0
2016-01-06 00:00:00+08:00,62.76770807529239,62.97600807066731,58.39340817241895,59.712642669677734,4356615,0.0,0.0
2016-01-07 00:00:00+08:00,59.15717552531308,60.2681064159339,55.96324116055967,58.46284103393555,4604592,0.0,0.0
2016-01-08 00:00:00+08:00,58.53227663889329,60.19867658527934,58.53227663889329,59.64320755004883,2679931,0.0,0.0
2016-01-11 00:00:00+08:00,58.046244543428365,58.740579076533116,56.657579056871754,56.86587905883789,2780324,0.0,0.0
2016-01-12 00:00:00+08:00,56.93531313569419,57.62964408365399,51.24177860043719,51.65837860107422,7510037,0.0,0.0
2016-01-13 00:00:00+08:00,52.491579123275365,53.047048182739125,46.798048111168555,50.68631362915039,11436505,0.0,0.0
2016-01-14 00:00:00+08:00,49.29764255939521,49.71424251700824,47.353511810302734,47.353511810302734,6659691,0.0,0.0
2016-01-15 00:00:00+08:00,48.46444571541019,49.57538019933015,47.908980263276575,48.81161117553711,5405027,0.0,0.0
2016-01-18 00:00:00+08:00,48.39501998142526,53.67195129394531,48.25615091870155,53.67195129394531,7633557,0.0,0.0
2016-01-19 00:00:00+08:00,53.32477803762119,56.51871253515489,51.93611257678833,55.68551254272461,6665429,0.0,0.0
2016-01-20 00:00:00+08:00,54.50514084409247,55.68550982894648,52.49157548706601,52.769309997558594,4893061,0.0,0.0
2016-01-21 00:00:00+08:00,54.157976117161994,54.157976117161994,52.21384525659432,52.35271072387695,3002070,0.0,0.0
2016-01-22 00:00:00+08:00,54.01911580249205,54.08854675292969,52.35271571754009,54.08854675292969,3682929,0.0,0.0
2016-01-25 00:00:00+08:00,54.85231420840992,56.65757972002881,53.8802487144079,55.407779693603516,4813130,0.0,0.0
2016-01-26 00:00:00+08:00,54.43571398817099,55.26891400255167,54.36627946042163,54.85231399536133,1844497,0.0,0.0
2016-01-27 00:00:00+08:00,55.75493759932494,55.75493759932494,53.60250689935371,53.88024139404297,2139669,0.0,0.0
2016-01-28 00:00:00+08:00,53.88024290311328,55.40777371755589,53.394208418707414,55.13003921508789,2477712,0.0,0.0
2016-01-29 00:00:00+08:00,55.47721254461704,55.89381254083218,54.43571255407918,55.68551254272461,2398519,0.0,0.0
2016-02-01 00:00:00+08:00,55.89381158418252,55.96324252926148,53.88024616349009,54.01911163330078,3261236,0.0,0.0
2016-02-02 00:00:00+08:00,54.15797865077429,54.78287865225919,53.74137864978435,54.227413177490234,2212764,0.0,0.0
2016-02-03 00:00:00+08:00,54.22740682766519,54.574572261287415,53.810806875457544,53.88024139404297,1897028,0.0,0.0
2016-02-15 00:00:00+08:00,54.57457733154297,55.47721183840302,54.505142806506726,54.57457733154297,2542436,0.0,0.0
2016-02-16 00:00:00+08:00,55.6160747315117,56.79644012451172,55.6160747315117,56.79644012451172,3936067,0.0,0.0
2016-02-17 00:00:00+08:00,56.93531586965781,58.046246871600175,56.24098130870406,56.6575813293457,4201388,0.0,0.0
2016-02-18 00:00:00+08:00,57.76850963867493,57.907378692184764,56.518713214656536,57.35190963745117,3170069,0.0,0.0
2016-02-19 00:00:00+08:00,57.351911760761276,61.44848097756194,56.8658807944414,61.24018096923828,9176764,0.0,0.0
2016-02-22 00:00:00+08:00,61.10130750313662,61.934507476329635,59.22660756345232,59.64320755004883,3977701,0.0,0.0
2016-02-23 00:00:00+08:00,60.33753787166375,60.5458378628805,59.29604149523274,59.57377243041992,2080552,0.0,0.0
2016-02-24 00:00:00+08:00,59.5043446411671,60.26811012290317,57.21304461630599,57.907379150390625,3775810,0.0,0.0
2016-02-25 00:00:00+08:00,57.90737875301406,58.32397875467544,54.574578739723044,55.26891326904297,8117482,0.0,0.0
2016-02-26 00:00:00+08:00,55.47721254461704,56.17154348520705,53.04704709324632,55.68551254272461,7167950,0.0,0.0
2016-03-01 00:00:00+08:00,54.99117614570602,55.96324157714844,54.99117614570602,55.96324157714844,2823518,0.0,0.0
2016-03-02 00:00:00+08:00,56.935312764047175,57.00474371059823,55.963243715804076,56.2409782409668,3323440,0.0,0.0
2016-03-03 00:00:00+08:00,56.240976428372534,56.44927642061805,53.74137652142636,53.949676513671875,6368598,0.0,0.0
2016-03-04 00:00:00+08:00,54.43571398817099,55.47721400614684,54.43571398817099,54.85231399536133,4947800,0.0,0.0
2016-03-07 00:00:00+08:00,55.19947646714496,55.407776459390476,53.81081104539244,53.949676513671875,3494245,0.0,0.0
2016-03-08 00:00:00+08:00,54.6440110143745,55.338341935424396,53.949676513671875,53.949676513671875,8364028,0.0,0.0
2016-03-09 00:00:00+08:00,53.81080932766044,53.81080932766044,51.797243993447786,52.69987487792969,6547210,0.0,0.0
2016-03-10 00:00:00+08:00,51.866682076772264,52.908182148151596,51.450085627873634,51.588951110839844,6432706,0.0,0.0
2016-03-11 00:00:00+08:00,51.86667621890869,52.699876181909886,51.86667621890869,52.35271072387695,6028619,0.0,0.0
2016-03-14 00:00:00+08:00,52.56100650277255,53.671940890969566,51.79724112444159,53.324771881103516,5447510,0.0,0.0
2016-03-15 00:00:00+08:00,53.39421115395122,53.88024566325534,51.31121122786604,51.380645751953125,5165908,0.0,0.0
2016-03-16 00:00:00+08:00,51.727807976550416,52.07497341595874,50.825173538505766,51.450077056884766,4264139,0.0,0.0
2016-03-17 00:00:00+08:00,52.491578372319076,52.69987837172477,51.10291290283203,51.10291290283203,4653856,0.0,0.0
2016-03-18 00:00:00+08:00,51.38064599384183,51.93611145019531,50.8251769578356,51.93611145019531,2930526,0.0,0.0
2016-03-21 00:00:00+08:00,52.21384596819843,52.35271143737361,51.38064599384183,51.93611145019531,2311677,0.0,0.0
2016-03-22 00:00:00+08:00,52.213848470856206,53.04704848514884,51.93611393954102,52.28327941894531,4305587,0.0,0.0
2016-03-23 00:00:00+08:00,52.838746918363604,53.324777859220006,52.07497787475586,52.07497787475586,3161528,0.0,0.0
2016-03-24 00:00:00+08:00,51.658377167606936,51.936111686875726,50.33914625529891,50.4085807800293,4595896,0.0,0.0
2016-03-25 00:00:00+08:00,51.03348215105686,51.03348215105686,48.60331650479954,49.01991653442383,4501003,0.0,0.0
2016-03-28 00:00:00+08:00,48.74218070636592,49.50594615795023,47.700680736181525,49.36708068847656,2763191,0.0,0.0
2016-03-29 00:00:00+08:00,49.575383712372265,50.339149210635014,48.395018200574754,48.742183685302734,3366925,0.0,0.0
2016-03-30 00:00:00+08:00,49.505948652692865,49.85311413369805,49.01991411556326,49.71424865722656,3434339,0.0,0.0
2016-03-31 00:00:00+08:00,50.547448154110896,50.96404815888227,49.99198267430004,50.68631362915039,2937945,0.0,0.0
2016-04-01 00:00:00+08:00,51.10291385176114,51.51951385830837,50.26971383866666,51.24177932739258,3177578,0.0,0.0
2016-04-06 00:00:00+08:00,51.241778146397365,51.241778146397365,50.47801267854796,50.547447204589844,2273513,0.0,0.0
2016-04-07 00:00:00+08:00,49.99198223376627,49.99198223376627,48.7421822304655,49.575382232666016,3262758,0.0,0.0
2016-04-08 00:00:00+08:00,50.96404890006995,51.45008343925608,50.26971435546875,50.26971435546875,2725457,0.0,0.0
2016-04-11 00:00:00+08:00,50.547447204589844,51.17234720000832,50.40858173215891,50.547447204589844,1260717,0.0,0.0
2016-04-12 00:00:00+08:00,51.03347706111884,51.380646104282135,49.36708068847656,49.36708068847656,1753308,0.0,0.0
2016-04-13 00:00:00+08:00,47.9569479126583,49.92009734573784,47.9569479126583,49.499420166015625,10951387,0.0,0.0
2016-04-14 00:00:00+08:00,49.77987364956264,50.340772999084145,49.56953684094865,49.70976257324219,3996775,0.0,0.0
2016-04-15 00:00:00+08:00,49.77987418582233,49.920099919626466,48.027061462402344,48.027061462402344,4653587,0.0,0.0
2016-04-18 00:00:00+08:00,47.81673119101468,47.95695694399631,46.4144808205047,46.55470657348633,5217602,0.0,0.0
2016-04-19 00:00:00+08:00,47.676505438033054,47.676505438033054,46.55470657348633,46.55470657348633,3486989,0.0,0.0
2016-04-20 00:00:00+08:00,46.2742527090358,46.83515211272147,44.73177666416048,44.8018913269043,6683325,0.0,0.0
2016-04-21 00:00:00+08:00,45.012225910663666,45.222562729097774,43.399638863131784,43.8203125,7461615,0.0,0.0
2016-04-22 00:00:00+08:00,43.75020293993903,44.24099125309988,41.85716434897742,43.680091857910156,8824365,0.0,0.0
2016-04-25 00:00:00+08:00,43.189299268491155,43.89042433797175,42.90884780883789,42.90884780883789,4146495,0.0,0.0
2016-04-26 00:00:00+08:00,45.15245403382305,46.62481542026407,45.012228287577955,45.993804931640625,13977509,0.0,0.0
2016-04-27 00:00:00+08:00,45.292677356134014,45.432899515221834,44.240989685058594,44.240989685058594,7715198,0.0,0.0
2016-04-28 00:00:00+08:00,43.46974870106371,43.9605369831597,42.34794998168945,42.34794998168945,10237488,0.0,0.0
2016-04-29 00:00:00+08:00,42.13761291852729,43.39963736522694,41.857161450526185,42.76862335205078,6455300,0.0,0.0
2016-05-03 00:00:00+08:00,44.66166381469294,45.01222637558829,43.82031295261353,44.591552734375,15851417,0.0,0.0
2016-05-04 00:00:00+08:00,44.59154940745235,44.66166048253938,42.76862207901126,42.90884780883789,7431889,0.0,0.0
2016-05-05 00:00:00+08:00,43.25941186268564,44.030651613988866,42.41806103383335,43.96053695678711,5248728,0.0,0.0
2016-05-06 00:00:00+08:00,43.46975577919747,43.89043305220076,43.189307843515216,43.609981536865234,3288513,0.0,0.0
2016-05-09 00:00:00+08:00,44.591552040179316,44.591552040179316,43.049076080322266,43.049076080322266,3972794,0.0,0.0
2016-05-10 00:00:00+08:00,43.329529995975406,44.3812141418457,43.18930424997504,44.3812141418457,2616786,0.0,0.0
2016-05-11 00:00:00+08:00,44.87200017182333,45.222562729097774,43.8203125,43.8203125,3531971,0.0,0.0
2016-05-12 00:00:00+08:00,43.89042792022668,44.38121264519798,43.609976437683486,43.75020217895508,2201810,0.0,0.0
2016-05-13 00:00:00+08:00,43.75019807915748,44.030649535419776,41.92727077275757,42.558284759521484,6653388,0.0,0.0
2016-05-16 00:00:00+08:00,42.347949214587246,43.11918537273008,40.80547331864895,42.83873748779297,4799976,0.0,0.0
2016-05-17 00:00:00+08:00,43.75020373067809,46.41447859072292,43.25941540864675,45.993804931640625,9369035,0.0,0.0
2016-05-18 00:00:00+08:00,45.85357918539553,46.90526691275425,45.29267978006814,45.993804931640625,6932212,0.0,0.0
2016-05-19 00:00:00+08:00,46.55470072340623,47.396051555918405,46.2742492526846,46.765037536621094,7091110,0.0,0.0
2016-05-20 00:00:00+08:00,46.83514970195981,47.18571225867535,45.432899475097656,45.432899475097656,6367288,0.0,0.0
2016-05-23 00:00:00+08:00,46.06391243946973,47.25582582055759,45.573124155533236,46.765037536621094,4296194,0.0,0.0
2016-05-24 00:00:00+08:00,47.04549048533555,48.37762606398222,46.76503900580319,47.81672668457031,8020874,0.0,0.0
2016-05-25 00:00:00+08:00,47.95695322816491,48.09717897028148,46.69492870842155,47.3259391784668,6944214,0.0,0.0
2016-05-26 00:00:00+08:00,48.65807885290796,49.63965189837982,47.6765022277832,47.6765022277832,10353442,0.0,0.0
2016-05-27 00:00:00+08:00,47.6764991882555,48.027061734928736,46.5547004707622,47.18571090698242,6697186,0.0,0.0
2016-05-30 00:00:00+08:00,47.46616386000229,48.23740005493164,46.97537556338688,48.23740005493164,5366303,0.0,0.0
2016-05-31 00:00:00+08:00,49.07875067679524,49.35920215343407,47.39605255592059,47.466163635253906,8107971,0.0,0.0
2016-06-01 00:00:00+08:00,47.466165402300156,48.09717945840221,47.39605432035678,47.6765022277832,3730239,0.0,0.0
2016-06-02 00:00:00+08:00,48.167288816994535,48.167288816994535,45.85357666015625,45.85357666015625,6662256,0.0,0.0
2016-06-03 00:00:00+08:00,46.20414079506297,46.20414079506297,44.66166477792576,45.29267883300781,6549381,0.0,0.0
2016-06-06 00:00:00+08:00,44.45132880467237,44.59155455067274,43.75020365432352,44.3812141418457,5698247,0.0,0.0
2016-06-07 00:00:00+08:00,44.3812141418457,44.3812141418457,44.3812141418457,44.3812141418457,0,0.0,0.0
2016-06-08 00:00:00+08:00,45.01222510815222,45.01222510815222,44.311100006103516,44.311100006103516,4171749,0.0,0.0
2016-06-13 00:00:00+08:00,44.03065490722656,44.10076599001953,43.469751926270945,44.03065490722656,3355185,0.0,0.0
2016-06-14 00:00:00+08:00,45.15245643913465,45.78346696137259,44.872004931704566,44.94211959838867,4741294,0.0,0.0
2016-06-15 00:00:00+08:00,45.01223068541961,45.36279327988063,44.31110549649756,44.94211959838867,2503709,0.0,0.0
2016-06-16 00:00:00+08:00,44.942115295270355,45.152452115877004,44.451326994086294,44.591552734375,2401405,0.0,0.0
2016-06-17 00:00:00+08:00,44.8719991119932,45.1524505830499,44.5915512205892,44.731773376464844,1620180,0.0,0.0
2016-06-20 00:00:00+08:00,45.29267807339853,45.5731259756682,45.082337672130215,45.362789154052734,2856922,0.0,0.0
2016-06-21 00:00:00+08:00,45.853576690947975,45.993802429564745,45.432899475097656,45.432899475097656,2235062,0.0,0.0
2016-06-22 00:00:00+08:00,45.50301381517035,47.255826586457516,45.432899156527206,46.69492721557617,6395248,0.0,0.0
2016-06-23 00:00:00+08:00,46.97537901195001,47.74661884315053,46.1340280959372,46.274253845214844,7026925,0.0,0.0
2016-06-24 00:00:00+08:00,46.55470104858993,46.55470104858993,43.680089562051315,44.311100006103516,5939510,0.0,0.0
2016-06-27 00:00:00+08:00,44.451325485060856,44.94211376958373,44.3110997495325,44.731773376464844,1920646,0.0,0.0
2016-06-28 00:00:00+08:00,44.66166477792576,45.36278991483786,44.59155369609571,45.29267883300781,2318134,0.0,0.0
2016-06-29 00:00:00+08:00,45.71335220336914,45.783463284769866,45.08233815215109,45.71335220336914,2469090,0.0,0.0
2016-06-30 00:00:00+08:00,46.48458405178186,48.44773710246693,46.134021518395606,46.975372314453125,12840343,0.0,0.0
2016-07-01 00:00:00+08:00,47.60638811078192,47.886836000328906,46.76503728283561,47.18571090698242,5114091,0.0,0.0
2016-07-04 00:00:00+08:00,46.69493109304778,46.69493109304778,45.99380592631261,46.274253845214844,3099205,0.0,0.0
2016-07-05 00:00:00+08:00,46.55470534377013,47.18571584603995,46.274253845214844,46.274253845214844,1639958,0.0,0.0
2016-07-06 00:00:00+08:00,46.06391347811377,46.48458711402881,45.85357666015625,45.85357666015625,2517578,0.0,0.0
2016-07-07 00:00:00+08:00,46.134024557548685,46.62481285255142,45.85357666015625,45.85357666015625,2077234,0.0,0.0
2016-07-08 00:00:00+08:00,45.85357666015625,45.85357666015625,45.85357666015625,45.85357666015625,0,0.0,0.0
2016-07-11 00:00:00+08:00,45.85357745759071,46.204140020167436,45.29267807339853,45.362789154052734,3373204,0.0,0.0
2016-07-12 00:00:00+08:00,45.573124689515396,46.06391297920248,45.503013610839844,45.503013610839844,1616356,0.0,0.0
2016-07-13 00:00:00+08:00,45.99380592631261,46.274253845214844,45.50301759366739,46.274253845214844,1814333,0.0,0.0
2016-07-14 00:00:00+08:00,46.41447754133596,46.484588623046875,45.99380389176469,46.484588623046875,2050588,0.0,0.0
2016-07-15 00:00:00+08:00,46.76503726442591,48.027061716022224,46.694926186979934,47.606388092041016,9329887,0.0,0.0
2016-07-18 00:00:00+08:00,48.02706479680592,48.798304596447636,47.6765022277832,47.6765022277832,5730642,0.0,0.0
2016-07-19 00:00:00+08:00,47.67650072140441,47.74661538078537,46.835149866402496,47.04549026489258,3296401,0.0,0.0
2016-07-20 00:00:00+08:00,46.97537511119046,47.46616340308142,46.41447574030912,46.69492721557617,3127365,0.0,0.0
2016-07-21 00:00:00+08:00,47.25582325011047,47.32593432415088,46.48458353740338,46.62480926513672,4842432,0.0,0.0
2016-07-22 00:00:00+08:00,46.905261743728595,48.1672861615516,46.62481028214455,47.746612548828125,6914217,0.0,0.0
2016-07-25 00:00:00+08:00,48.798302509822165,48.86841358876758,47.39605229369182,47.886837005615234,7213061,0.0,0.0
2016-07-26 00:00:00+08:00,47.746614611941176,47.816725690540366,47.1156005859375,47.1156005859375,3163723,0.0,0.0
2016-07-27 00:00:00+08:00,47.4661613399094,47.816723878929224,46.83514733781267,46.9052619934082,2332798,0.0,0.0
2016-07-28 00:00:00+08:00,46.905266136580714,47.18571404477715,45.783463764836185,46.06391525268555,3145015,0.0,0.0
2016-07-29 00:00:00+08:00,45.643242071930885,46.835151958467456,45.643242071930885,46.41447830200195,1801576,0.0,0.0
2016-08-01 00:00:00+08:00,47.67649738122564,47.67649738122564,46.83514658516812,46.975372314453125,3280427,0.0,0.0
2016-08-02 00:00:00+08:00,46.83514733781267,47.1857098768325,46.6248105303313,46.9052619934082,1835217,0.0,0.0
2016-08-03 00:00:00+08:00,46.55470534377013,46.765042177860074,46.274253845214844,46.274253845214844,1810916,0.0,0.0
2016-08-04 00:00:00+08:00,46.41447959449249,46.69493109304778,45.99380592631261,46.274253845214844,1596720,0.0,0.0
2016-08-05 00:00:00+08:00,46.274250296071294,46.48458711402881,45.57312518311104,45.85357666015625,2280923,0.0,0.0
2016-08-08 00:00:00+08:00,45.92369032278117,46.69493013821107,45.503016663203404,45.57312774658203,2524201,0.0,0.0
2016-08-09 00:00:00+08:00,45.643241447115656,46.204140841275766,44.240991171888936,44.87200164794922,4033251,0.0,0.0
2016-08-10 00:00:00+08:00,45.15245264753561,45.29267838947544,44.52143859863281,44.52143859863281,1897977,0.0,0.0
2016-08-11 00:00:00+08:00,44.59155568219688,45.01222935121972,43.25941643086944,43.46975326538086,3162538,0.0,0.0
2016-08-12 00:00:00+08:00,43.82031098757593,43.89042564440254,42.62840119770289,42.76862335205078,3266803,0.0,0.0
2016-08-15 00:00:00+08:00,42.768622046675254,42.768622046675254,41.22614975870621,41.296260833740234,5096945,0.0,0.0
2016-08-16 00:00:00+08:00,41.787051815599895,43.960538238840336,41.787051815599895,43.8203125,6611821,0.0,0.0
2016-08-17 00:00:00+08:00,44.03065880986853,44.100769898875775,42.83874523917244,43.609981536865234,3532102,0.0,0.0
2016-08-18 00:00:00+08:00,43.750203416748754,44.661665391322195,43.60997767150985,44.03065490722656,3682903,0.0,0.0
2016-08-19 00:00:00+08:00,44.45132523858867,44.45132523858867,43.68008906693813,43.96053695678711,2168445,0.0,0.0
2016-08-22 00:00:00+08:00,44.17087453042502,44.17087453042502,43.53986408264909,43.89042663574219,1464320,0.0,0.0
2016-08-23 00:00:00+08:00,44.170872213465294,44.170872213465294,43.25941033916404,43.329524993896484,1873825,0.0,0.0
2016-08-24 00:00:00+08:00,43.53986869636279,43.890431286603345,43.04908035409538,43.39964294433594,1633253,0.0,0.0
2016-08-25 00:00:00+08:00,43.39963808937074,44.59155147878409,43.39963808937074,44.311100006103516,2401893,0.0,0.0
2016-08-26 00:00:00+08:00,44.1007634516675,44.17087453042502,43.7502008985744,43.89042663574219,1462416,0.0,0.0
2016-08-29 00:00:00+08:00,44.100761138385415,44.24098686819774,43.329524993896484,43.329524993896484,1749417,0.0,0.0
2016-08-30 00:00:00+08:00,43.53986869636279,44.030657038630196,43.32953185814908,43.39964294433594,1712915,0.0,0.0
2016-08-31 00:00:00+08:00,43.39964294433594,43.82031662076336,43.04908035409538,43.39964294433594,1696649,0.0,0.0
2016-09-01 00:00:00+08:00,43.11918460935171,44.030650063305536,43.11918460935171,43.329524993896484,2078335,0.0,0.0
2016-09-02 00:00:00+08:00,43.189300811046486,43.32952654588144,42.13761316926337,42.34794998168945,2907488,0.0,0.0
2016-09-05 00:00:00+08:00,42.418060302734375,42.76862284374297,42.34794922639371,42.418060302734375,1308297,0.0,0.0
2016-09-06 00:00:00+08:00,42.4881762161066,42.90884984590512,42.4881762161066,42.69851303100586,1118861,0.0,0.0
2016-09-07 00:00:00+08:00,42.55828602320323,43.04907429640896,42.20772348229238,42.83873748779297,1653895,0.0,0.0
2016-09-08 00:00:00+08:00,42.838743515881674,43.82031662076336,42.698517763854824,43.39964294433594,2204293,0.0,0.0
2016-09-09 00:00:00+08:00,43.750201191197945,43.890426929303636,43.049076080322266,43.049076080322266,1853191,0.0,0.0
2016-09-12 00:00:00+08:00,43.39964294433594,44.38121604921762,43.25941719230909,43.39964294433594,2638952,0.0,0.0
2016-09-13 00:00:00+08:00,43.820315849450914,43.89043051405677,43.04907959635802,43.46975326538086,1477734,0.0,0.0
2016-09-14 00:00:00+08:00,43.469751452517706,44.030654427360346,43.39964037048884,43.680091857910156,1500575,0.0,0.0
2016-09-19 00:00:00+08:00,43.329529334608026,43.609977242675114,42.97896676478447,43.25941467285156,2781757,0.0,0.0
2016-09-20 00:00:00+08:00,42.97896530002135,42.97896530002135,41.71693722794531,42.207725524902344,5483841,0.0,0.0
2016-09-21 00:00:00+08:00,42.34795047962285,43.46974921218738,42.2077247431391,42.69851303100586,2465920,0.0,0.0
2016-09-22 00:00:00+08:00,43.32952778353801,43.960538238840336,42.76862482817666,43.8203125,4018937,0.0,0.0
2016-09-23 00:00:00+08:00,44.17087789699264,44.31110364484801,43.46975273736886,43.53986740112305,2378155,0.0,0.0
2016-09-26 00:00:00+08:00,43.75020365432352,44.52143988784607,43.3996410791491,44.3812141418457,2297762,0.0,0.0
2016-09-27 00:00:00+08:00,44.3812141418457,44.3812141418457,44.3812141418457,44.3812141418457,0,0.0,0.0
2016-09-28 00:00:00+08:00,44.3812141418457,44.3812141418457,44.3812141418457,44.3812141418457,0,0.0,0.0
2016-09-29 00:00:00+08:00,45.01222532115276,46.06391297920248,44.591551689793974,45.503013610839844,7287356,0.0,0.0
2016-09-30 00:00:00+08:00,45.22256062108271,45.362786353386525,44.24098765426121,44.451324462890625,3651493,0.0,0.0
2016-10-03 00:00:00+08:00,44.87200212473406,45.29267935956371,44.59155421450058,45.222564697265625,3293386,0.0,0.0
2016-10-04 00:00:00+08:00,45.1524550102998,46.97537901195001,44.87200351174451,46.274253845214844,10040172,0.0,0.0
2016-10-05 00:00:00+08:00,46.62481334987481,47.11560165011254,46.204139709472656,46.204139709472656,4565445,0.0,0.0
2016-10-06 00:00:00+08:00,46.624809778315935,47.53627164913591,46.624809778315935,47.39604949951172,9411204,0.0,0.0
2016-10-07 00:00:00+08:00,47.46616313823893,47.53627421683812,46.765038033636074,47.1156005859375,4017501,0.0,0.0
2016-10-11 00:00:00+08:00,47.67650185877115,47.81672760122548,45.29267855565903,45.71335220336914,4990040,0.0,0.0
2016-10-12 00:00:00+08:00,46.27425000267559,47.11560084882399,45.783461710784636,46.69492721557617,4545878,0.0,0.0
2016-10-13 00:00:00+08:00,47.045492901093205,47.606392309306955,46.344364166259766,46.344364166259766,5231715,0.0,0.0
2016-10-14 00:00:00+08:00,46.4144768417829,46.69492832370542,45.01222659147601,45.362789154052734,3485017,0.0,0.0
2016-10-17 00:00:00+08:00,45.43289992919828,46.765039089893136,45.292677768832775,46.204139709472656,2534286,0.0,0.0
2016-10-18 00:00:00+08:00,46.06391350904674,46.20413924766351,45.432899475097656,45.432899475097656,2765263,0.0,0.0
2016-10-19 00:00:00+08:00,45.57313320732799,45.9938104969659,45.01223373413086,45.01223373413086,2897602,0.0,0.0
2016-10-20 00:00:00+08:00,45.43290104210932,45.71335252901583,44.87200164794922,44.87200164794922,2568877,0.0,0.0
2016-10-21 00:00:00+08:00,45.082336186496,45.50301339551687,44.311100006103516,44.311100006103516,3481321,0.0,0.0
2016-10-24 00:00:00+08:00,44.31110418307961,44.451329932638245,43.32953109547529,43.46975326538086,3778985,0.0,0.0
2016-10-25 00:00:00+08:00,43.750207294533,43.89043305220076,43.46975577919747,43.609981536865234,1484943,0.0,0.0
2016-10-26 00:00:00+08:00,43.609976437683486,44.03065366149827,43.609976437683486,43.75020217895508,2574036,0.0,0.0
2016-10-27 00:00:00+08:00,44.17087351542284,44.24098817222195,43.11918588031027,43.189300537109375,3157081,0.0,0.0
2016-10-28 00:00:00+08:00,43.3295278251837,43.3295278251837,42.62840270996094,42.62840270996094,2844473,0.0,0.0
2016-10-31 00:00:00+08:00,42.62839992883719,43.25941034357819,42.41805954427096,42.90884780883789,1487744,0.0,0.0
2016-11-01 00:00:00+08:00,41.85716094138152,42.90884856411409,41.576709476791784,42.83873748779297,6601587,0.0,0.0
2016-11-02 00:00:00+08:00,42.4881762161066,43.39963813377187,42.34795047962285,42.69851303100586,3508953,0.0,0.0
2016-11-03 00:00:00+08:00,42.90885013686636,42.97896479541004,41.6468256592604,41.85716247558594,3102063,0.0,0.0
2016-11-04 00:00:00+08:00,41.71693801879883,42.137615244016814,41.5767122770595,41.71693801879883,1832160,0.0,0.0
2016-11-07 00:00:00+08:00,41.787051887312195,42.347951263983326,41.57671148886432,42.207725524902344,2041017,0.0,0.0
2016-11-08 00:00:00+08:00,42.48817494688211,42.83873748779297,42.06749774999751,42.83873748779297,1907615,0.0,0.0
2016-11-09 00:00:00+08:00,43.04907403481112,43.25941084214895,39.61355972290039,39.61355972290039,5546269,0.0,0.0
2016-11-10 00:00:00+08:00,40.66525221706122,41.01581479789197,40.174467467620595,40.31468963623047,2651682,0.0,0.0
2016-11-11 00:00:00+08:00,39.543452455464305,39.543452455464305,36.458500385220155,36.80906295776367,7605284,0.0,0.0
2016-11-14 00:00:00+08:00,36.80906167449147,37.15962423481334,35.617151833119344,36.94928741455078,3858240,0.0,0.0
2016-11-15 00:00:00+08:00,36.668844149650525,37.01940675428948,36.38839263407805,36.45850372314453,2084758,0.0,0.0
2016-11-16 00:00:00+08:00,37.15962294911534,37.65041123251559,36.87917505835284,37.08951187133789,2390298,0.0,0.0
2016-11-17 00:00:00+08:00,36.73894804216531,36.87917377248365,35.19647216796875,35.19647216796875,5595994,0.0,0.0
2016-11-18 00:00:00+08:00,35.617155816054954,36.59872894693023,35.54704114835822,36.52861785888672,2386210,0.0,0.0
2016-11-21 00:00:00+08:00,36.528617020983816,37.019405364990234,36.17805442950111,37.019405364990234,1184418,0.0,0.0
2016-11-22 00:00:00+08:00,37.15962040666578,37.86074545508033,37.15962040666578,37.36996078491211,2408534,0.0,0.0
2016-11-23 00:00:00+08:00,37.44006964347903,38.351531436578526,37.44006964347903,38.00096893310547,2300214,0.0,0.0
2016-11-24 00:00:00+08:00,37.9308606333484,38.28142316241367,37.29984664916992,37.29984664916992,1695709,0.0,0.0
2016-11-25 00:00:00+08:00,37.29984918356982,37.580300657738775,37.15962344648534,37.4400749206543,922120,0.0,0.0
2016-11-28 00:00:00+08:00,37.72052639482325,37.79063747353912,37.369963841938436,37.4400749206543,870199,0.0,0.0
2016-11-29 00:00:00+08:00,37.72052817486093,38.07109074428885,37.580302431159176,37.650413513183594,943040,0.0,0.0
2016-11-30 00:00:00+08:00,37.440072379097536,37.860745982141495,37.159620923966564,37.720523834228516,1109835,0.0,0.0
2016-12-01 00:00:00+08:00,38.98254799017982,39.26299944363573,38.56187438964844,38.56187438964844,2807952,0.0,0.0
2016-12-02 00:00:00+08:00,38.631988049832316,38.631988049832316,37.860748291015625,37.860748291015625,1281405,0.0,0.0
2016-12-05 00:00:00+08:00,38.2113164879906,38.2113164879906,37.650413513183594,37.650413513183594,723607,0.0,0.0
2016-12-06 00:00:00+08:00,38.42164608506449,38.63198287121787,38.00096893310547,38.00096893310547,1754810,0.0,0.0
2016-12-07 00:00:00+08:00,38.000968421306005,38.28141985216821,37.860742705874905,38.071083068847656,890093,0.0,0.0
2016-12-08 00:00:00+08:00,38.982549033704316,39.68367410646003,38.842323303222656,38.842323303222656,4177925,0.0,0.0
2016-12-09 00:00:00+08:00,39.12277655402677,39.12277655402677,38.56187718609194,39.05266189575195,1042847,0.0,0.0
2016-12-12 00:00:00+08:00,39.052659063717556,39.19288479044551,38.56187438964844,38.56187438964844,954074,0.0,0.0
2016-12-13 00:00:00+08:00,38.70209653672391,38.98254799017982,38.42164866292048,38.56187438964844,572349,0.0,0.0
2016-12-14 00:00:00+08:00,38.842328057971216,39.613564300549676,38.70210231032431,39.543453216552734,1980905,0.0,0.0
2016-12-15 00:00:00+08:00,38.98254799017982,39.052659063717556,38.56187438964844,38.56187438964844,1655019,0.0,0.0
2016-12-16 00:00:00+08:00,38.70210085030026,39.543451724789,38.70210085030026,38.91244125366211,2009701,0.0,0.0
2016-12-19 00:00:00+08:00,39.54345018506471,39.96412381610264,39.05266189575195,39.05266189575195,2367666,0.0,0.0
2016-12-20 00:00:00+08:00,39.263005300911935,39.543453216552734,39.052664889615066,39.543453216552734,1268612,0.0,0.0
2016-12-21 00:00:00+08:00,39.6836759219616,39.6836759219616,38.98255081712988,39.05266189575195,767131,0.0,0.0
2016-12-22 00:00:00+08:00,39.052657763218924,39.1928834852772,38.28142166137695,38.28142166137695,1393607,0.0,0.0
2016-12-23 00:00:00+08:00,38.0009702172604,38.561873105493504,38.0009702172604,38.28142166137695,960179,0.0,0.0
2016-12-26 00:00:00+08:00,38.42164665877284,39.122771676188094,38.42164665877284,38.77220916748047,859845,0.0,0.0
2016-12-27 00:00:00+08:00,38.63198649732646,39.052660109118854,38.63198649732646,38.842323303222656,915581,0.0,0.0
2016-12-28 00:00:00+08:00,39.19288763264885,39.54345018506471,39.05266189575195,39.05266189575195,1469652,0.0,0.0
2016-12-29 00:00:00+08:00,39.333116679410125,39.333116679410125,39.052665182016476,39.122779846191406,846249,0.0,0.0
2016-12-30 00:00:00+08:00,39.96412557985803,40.034240241227245,39.54345193025431,39.683677673339844,2942707,0.0,0.0
2017-01-03 00:00:00+08:00,39.68367563716244,39.96412352929078,39.54344990127191,39.894012451171875,1069730,0.0,0.0
2017-01-04 00:00:00+08:00,40.52502998902963,41.15604048580792,40.52502998902963,40.73536682128906,3315047,0.0,0.0
2017-01-05 00:00:00+08:00,41.085926847670905,41.15603792751487,40.52502746996071,40.59513854980469,1519203,0.0,0.0
2017-01-06 00:00:00+08:00,40.665248845992785,41.0859260559082,40.59513776749992,41.0859260559082,1653470,0.0,0.0
2017-01-09 00:00:00+08:00,41.29626343583612,41.646825992400466,39.75378747102241,39.82390213012695,2572130,0.0,0.0
2017-01-10 00:00:00+08:00,39.82390213012695,40.10435002758677,39.403224914458065,39.82390213012695,1122411,0.0,0.0
2017-01-11 00:00:00+08:00,40.03424363391206,40.03424363391206,39.263007351062846,39.3331184387207,901043,0.0,0.0
2017-01-12 00:00:00+08:00,39.96412557985803,40.384802809114646,39.54345193025431,39.683677673339844,1514752,0.0,0.0
2017-01-13 00:00:00+08:00,39.964125301592006,40.24457678581034,39.47334057368925,40.10435104370117,1125457,0.0,0.0
2017-01-16 00:00:00+08:00,40.38479945600923,40.38479945600923,39.61355972290039,39.61355972290039,888234,0.0,0.0
2017-01-17 00:00:00+08:00,39.894012451171875,39.96412352929078,39.61356097939082,39.894012451171875,586791,0.0,0.0
2017-01-18 00:00:00+08:00,39.894012451171875,40.03423818706241,39.54344990127191,39.894012451171875,687513,0.0,0.0
2017-01-19 00:00:00+08:00,40.24457591672698,42.488177003064315,40.104350177646,42.207725524902344,8793092,0.0,0.0
2017-01-20 00:00:00+08:00,42.48817469212859,42.69851149948342,41.22615026834696,41.64682388305664,5112760,0.0,0.0
2017-01-23 00:00:00+08:00,42.207721941721246,42.34794766889791,41.78704833984375,41.78704833984375,1844227,0.0,0.0
2017-01-24 00:00:00+08:00,41.85716247558594,42.27783968788976,41.506599921825796,41.85716247558594,2126422,0.0,0.0
2017-02-02 00:00:00+08:00,42.20772399570124,43.11918589722583,41.857161450526185,42.76862335205078,4035403,0.0,0.0
2017-02-03 00:00:00+08:00,42.97896607383867,43.1191882357915,41.92727480162247,42.13761520385742,2594417,0.0,0.0
2017-02-06 00:00:00+08:00,42.20772757608721,42.48817906787838,41.99739074707031,41.99739074707031,1499544,0.0,0.0
2017-02-07 00:00:00+08:00,41.997388674399325,43.89042720143136,41.997388674399325,42.62840270996094,4258519,0.0,0.0
2017-02-08 00:00:00+08:00,42.76862362637812,42.76862362637812,41.71693598410722,41.92727279663086,3011185,0.0,0.0
2017-02-09 00:00:00+08:00,41.85716121372897,42.41806056690536,41.50659867053715,41.57670974731445,2985490,0.0,0.0
2017-02-10 00:00:00+08:00,41.71693989838408,41.857165646441366,40.73536682128906,40.73536682128906,2188809,0.0,0.0
2017-02-13 00:00:00+08:00,40.80547585809954,41.36637524253289,40.80547585809954,40.945701599121094,1333249,0.0,0.0
2017-02-14 00:00:00+08:00,41.22615514966308,41.22615514966308,40.10435274485775,40.73536682128906,2218356,0.0,0.0
2017-02-15 00:00:00+08:00,40.94569904812488,41.29626158901161,40.80547331583967,41.22615051269531,1641287,0.0,0.0
2017-02-16 00:00:00+08:00,42.067500367987776,42.067500367987776,40.945701599121094,40.945701599121094,1723545,0.0,0.0
2017-02-17 00:00:00+08:00,41.156036876694834,41.716936240083804,41.08592579864098,41.50659942626953,1648479,0.0,0.0
2017-02-20 00:00:00+08:00,43.75020019102538,43.82031126864903,41.92727279663086,41.92727279663086,5535951,0.0,0.0
2017-02-21 00:00:00+08:00,42.06749929191147,42.41806184567161,41.57671100071672,41.85716247558594,1655221,0.0,0.0
2017-02-22 00:00:00+08:00,42.27783841335075,42.48817522333531,41.50659867053715,41.57670974731445,2696990,0.0,0.0
2017-02-23 00:00:00+08:00,41.64682388305664,41.78704961451073,41.29626134424771,41.64682388305664,1561495,0.0,0.0
2017-02-24 00:00:00+08:00,41.646822609114565,41.927270483791474,41.366371154785156,41.366371154785156,1264667,0.0,0.0
2017-03-01 00:00:00+08:00,41.3663726772871,41.64682414193861,40.73536225130015,40.80547332763672,1470509,0.0,0.0
2017-03-02 00:00:00+08:00,41.08592798041185,42.838740821364325,40.66525075079152,42.48817825317383,6786439,0.0,0.0
2017-03-03 00:00:00+08:00,41.78704986218354,41.99738667078505,41.15603585672639,41.22615051269531,4212954,0.0,0.0
2017-03-06 00:00:00+08:00,41.01581013629903,41.3663726772871,40.80547332763672,40.80547332763672,1168461,0.0,0.0
2017-03-07 00:00:00+08:00,40.59513854980469,40.73536428914544,40.034239172094495,40.59513854980469,3153844,0.0,0.0
2017-03-08 00:00:00+08:00,40.59513600229687,41.29626107534939,40.314684541214824,40.875587463378906,2590465,0.0,0.0
2017-03-09 00:00:00+08:00,40.875587983625906,41.22615052461398,40.80547332763672,40.80547332763672,1664585,0.0,0.0
2017-03-10 00:00:00+08:00,40.805477905491195,40.87559256934636,40.174467408712914,40.73536682128906,1495087,0.0,0.0
2017-03-13 00:00:00+08:00,40.80547182577884,41.50659688194986,40.735360752022736,41.366371154785156,2288159,0.0,0.0
2017-03-14 00:00:00+08:00,41.78705316105751,42.418063636677076,41.50660167434687,42.067501068115234,4119470,0.0,0.0
2017-03-15 00:00:00+08:00,42.48817573623083,42.55828681385448,41.29626235905993,41.92727279663086,3354729,0.0,0.0
2017-03-16 00:00:00+08:00,42.277841472974664,42.34795255482587,41.92727532475992,42.067501068115234,1878506,0.0,0.0
2017-03-17 00:00:00+08:00,42.13761291852729,42.76862335205078,41.927272527700126,42.76862335205078,3949579,0.0,0.0
2017-03-20 00:00:00+08:00,42.83873800887739,42.90884908605133,42.34794972970179,42.76862335205078,3077313,0.0,0.0
2017-03-21 00:00:00+08:00,42.76862439943175,42.90885013686636,41.85716247558594,41.85716247558594,2257876,0.0,0.0
2017-03-22 00:00:00+08:00,41.71693598410722,42.06749853153085,41.08592554653629,41.92727279663086,1440488,0.0,0.0
2017-03-23 00:00:00+08:00,42.06749926480179,43.259412662748716,41.646825632421816,42.27783966064453,3553446,0.0,0.0
2017-03-24 00:00:00+08:00,41.99738928730343,42.13761502832498,40.875590518436745,40.945701599121094,4474472,0.0,0.0
2017-03-27 00:00:00+08:00,40.94570187500599,41.576712344375316,40.525028228759766,40.525028228759766,1924606,0.0,0.0
2017-03-28 00:00:00+08:00,40.73536459754861,41.01581249870055,39.61356225398238,39.753787994384766,3266514,0.0,0.0
2017-03-29 00:00:00+08:00,40.24457372456648,40.24457372456648,39.61355972290039,39.61355972290039,1643611,0.0,0.0
2017-03-30 00:00:00+08:00,39.753787994384766,40.03423947518953,39.68367691400999,39.753787994384766,1502591,0.0,0.0
2017-03-31 00:00:00+08:00,39.96412586408687,40.10435160816971,39.263004302978516,39.263004302978516,2350505,0.0,0.0
2017-04-05 00:00:00+08:00,39.33311413393564,39.75378777314884,38.98255157470703,38.98255157470703,2241499,0.0,0.0
2017-04-06 00:00:00+08:00,38.98255157470703,39.33311413393564,38.91244049472243,38.98255157470703,1292228,0.0,0.0
2017-04-07 00:00:00+08:00,39.12278083493728,39.6836802642471,38.98255508269654,39.403228759765625,1988061,0.0,0.0
2017-04-10 00:00:00+08:00,39.82390369965695,39.82390369965695,39.263004302978516,39.263004302978516,1134530,0.0,0.0
2017-04-11 00:00:00+08:00,39.40322105209584,39.47333570432764,38.14119668810024,38.21131134033203,2113558,0.0,0.0
2017-04-12 00:00:00+08:00,37.44007390884335,37.86074752907541,36.17804946849452,36.738948822021484,4480088,0.0,0.0
2017-04-13 00:00:00+08:00,36.73895385994281,37.650415881867225,36.73895385994281,37.019405364990234,1868356,0.0,0.0
2017-04-14 00:00:00+08:00,37.01940002509015,37.01940002509015,35.96771240234375,35.96771240234375,1991190,0.0,0.0
2017-04-17 00:00:00+08:00,35.6171583687367,36.31828361803436,35.6171583687367,36.2481689453125,1159118,0.0,0.0
2017-04-18 00:00:00+08:00,36.66883824536779,37.15962294911534,36.528612510160194,37.08951187133789,1256110,0.0,0.0
2017-04-19 00:00:00+08:00,36.87917584160591,37.01940157979167,36.45849862704861,36.598724365234375,848838,0.0,0.0
2017-04-20 00:00:00+08:00,36.94929208556972,36.94929208556972,36.10794469815885,36.45850372314453,1410171,0.0,0.0
2017-04-21 00:00:00+08:00,36.66884231567383,37.29985282467225,36.66884231567383,36.66884231567383,1421867,0.0,0.0
2017-04-24 00:00:00+08:00,36.87918045841072,36.87918045841072,36.52861785888672,36.52861785888672,592056,0.0,0.0
2017-04-25 00:00:00+08:00,36.73895187511615,37.15962553030719,36.66884079246862,36.80906295776367,861007,0.0,0.0
2017-04-26 00:00:00+08:00,37.01940157979167,37.08951265905816,36.598724365234375,36.598724365234375,865325,0.0,0.0
2017-04-27 00:00:00+08:00,36.809059391668036,38.84232354729713,36.809059391668036,38.42164993286133,3984787,0.0,0.0
2017-04-28 00:00:00+08:00,38.07108583332665,38.28142263192052,37.36996078491211,37.36996078491211,1746287,0.0,0.0
2017-05-02 00:00:00+08:00,37.44008035835183,37.72053187325281,36.809066239651244,36.879180908203125,962082,0.0,0.0
2017-05-03 00:00:00+08:00,37.08951059773257,37.72052459467222,37.08951059773257,37.229736328125,773515,0.0,0.0
2017-05-04 00:00:00+08:00,37.58030039843451,38.14119976324946,37.58030039843451,37.860748291015625,1491758,0.0,0.0
2017-05-05 00:00:00+08:00,37.790640077615755,37.86075116116283,37.15962600708008,37.15962600708008,841036,0.0,0.0
2017-05-08 00:00:00+08:00,37.29985329038452,37.79064163439094,37.019405364990234,37.019405364990234,690396,0.0,0.0
2017-05-09 00:00:00+08:00,36.178052569326425,36.38838939747049,34.6355765301817,35.61715316772461,3076605,0.0,0.0
2017-05-10 00:00:00+08:00,35.19647266453815,36.03782347866579,35.19647266453815,35.96771240234375,1075506,0.0,0.0
2017-05-11 00:00:00+08:00,35.687264250554975,35.82748999586867,35.33670167709722,35.61715316772461,855811,0.0,0.0
2017-05-12 00:00:00+08:00,35.19647342558268,35.75737636689779,35.19647342558268,35.476924896240234,1267423,0.0,0.0
2017-05-15 00:00:00+08:00,35.75737991172177,36.037827830528954,35.547039498050054,35.89760208129883,1054402,0.0,0.0
2017-05-16 00:00:00+08:00,36.178050498952636,36.31827623624158,35.6872622082677,35.82748794555664,792790,0.0,0.0
2017-05-17 00:00:00+08:00,35.75737843055736,35.8274895124417,35.2665901184082,35.2665901184082,1152443,0.0,0.0
2017-05-18 00:00:00+08:00,34.77580383735309,35.33670326414614,34.77580383735309,35.05625534057617,1202508,0.0,0.0
2017-05-19 00:00:00+08:00,35.757375089242096,36.037822970226195,35.19647216796875,35.19647216796875,1302408,0.0,0.0
2017-05-22 00:00:00+08:00,35.33670040372985,36.45849916650918,35.33670040372985,35.75737762451172,1995620,0.0,0.0
2017-05-23 00:00:00+08:00,35.54703726023028,35.757377660660275,35.26658935907835,35.336700439453125,1000385,0.0,0.0
2017-05-24 00:00:00+08:00,35.406817158736885,35.547039327641734,35.056254577168666,35.126365661621094,1235480,0.0,0.0
2017-05-25 00:00:00+08:00,35.336697898287085,35.68726043425664,35.12636109263587,35.19647216796875,1133237,0.0,0.0
2017-05-26 00:00:00+08:00,35.406815907763686,35.406815907763686,34.775801851374304,34.84591293334961,1048756,0.0,0.0
2017-05-31 00:00:00+08:00,35.05625410564829,35.47692776601071,34.70569152879528,34.77580261230469,998366,0.0,0.0
2017-06-01 00:00:00+08:00,34.775804364057535,35.406818466040065,34.775804364057535,34.986141204833984,1321780,0.0,0.0
2017-06-02 00:00:00+08:00,35.05625664060073,35.266593485991606,34.845916215556606,34.91603088378906,1027020,0.0,0.0
2017-06-05 00:00:00+08:00,36.178056550807476,36.738956014137614,36.037830790061605,36.38839340209961,2960501,0.0,0.0
2017-06-06 00:00:00+08:00,36.31827623624158,36.31827623624158,35.82748794555664,35.82748794555664,982518,0.0,0.0
2017-06-07 00:00:00+08:00,35.89759902437474,36.178050498952636,35.75737686673855,35.82748794555664,928402,0.0,0.0
2017-06-08 00:00:00+08:00,35.96771241431531,36.178049223004074,35.547035217285156,35.547035217285156,1077921,0.0,0.0
2017-06-09 00:00:00+08:00,35.89760190920995,36.03782765776785,35.126365661621094,35.126365661621094,999595,0.0,0.0
2017-06-12 00:00:00+08:00,35.05625587152825,35.3367037993458,34.986141204833984,34.986141204833984,749302,0.0,0.0
2017-06-13 00:00:00+08:00,35.33670326414614,35.476929015757676,34.98614067494384,35.05625534057617,795807,0.0,0.0
2017-06-14 00:00:00+08:00,35.33670249463142,35.406817158736885,34.775803080052874,35.126365661621094,1330015,0.0,0.0
2017-06-15 00:00:00+08:00,35.40681330485153,37.089511365432415,35.40681330485153,36.738948822021484,7725403,0.0,0.0
2017-06-16 00:00:00+08:00,37.22973996290965,39.263004302978516,37.159625301041764,39.263004302978516,13881340,0.0,0.0
2017-06-19 00:00:00+08:00,40.03423818706241,40.17446392295294,38.70209906558144,39.894012451171875,7623170,0.0,0.0
2017-06-20 00:00:00+08:00,40.03423818706241,40.384800736962376,39.473338823153,39.894012451171875,4273064,0.0,0.0
2017-06-21 00:00:00+08:00,39.613564300549676,39.823904711846545,38.982553805618124,39.543453216552734,3099959,0.0,0.0
2017-06-22 00:00:00+08:00,39.54345451200636,39.7537913505409,38.842329330455804,39.403228759765625,3950345,0.0,0.0
2017-06-23 00:00:00+08:00,39.33311208215013,39.683674623091875,37.580299377441406,37.580299377441406,5864645,0.0,0.0
2017-06-26 00:00:00+08:00,37.86074855225498,37.93086321062359,37.22973810485396,37.4400749206543,2506215,0.0,0.0
2017-06-27 00:00:00+08:00,37.510186293962676,37.72052669106771,36.528613285967886,36.598724365234375,3017215,0.0,0.0
2017-06-28 00:00:00+08:00,35.55257132134632,36.11690000941225,35.55257132134632,35.62311553955078,6023161,0.0,0.0
2017-06-29 00:00:00+08:00,35.76419667797062,35.83473731624872,35.12932735381489,35.270408630371094,5512225,0.0,0.0
2017-06-30 00:00:00+08:00,35.19986650199115,35.55256967845082,35.12932586669922,35.12932586669922,2764722,0.0,0.0
2017-07-03 00:00:00+08:00,35.27040713728309,35.34094777257502,35.12932586669922,35.12932586669922,1928470,0.0,0.0
2017-07-04 00:00:00+08:00,35.12932520323567,35.90527575644475,35.05878456927599,35.76419448852539,4894611,0.0,0.0
2017-07-05 00:00:00+08:00,35.693652937902755,35.83473420219895,35.27040556536166,35.340946197509766,2037604,0.0,0.0
2017-07-06 00:00:00+08:00,35.41149299653044,35.623118509481586,35.19987106323242,35.19987106323242,1235575,0.0,0.0
2017-07-07 00:00:00+08:00,35.27040797586732,35.41148924980551,34.847164154052734,34.847164154052734,2158026,0.0,0.0
2017-07-10 00:00:00+08:00,34.98824542799093,35.48202988677461,34.847164154052734,34.847164154052734,2985424,0.0,0.0
2017-07-11 00:00:00+08:00,34.84716485741552,34.98824613420133,34.14175847348647,34.21229553222656,4422889,0.0,0.0
2017-07-12 00:00:00+08:00,34.35337915610147,34.423923378966904,34.07121658325195,34.07121658325195,2735643,0.0,0.0
2017-07-13 00:00:00+08:00,34.00067594003958,34.49446402217928,33.930135296827196,34.07121658325195,4931470,0.0,0.0
2017-07-14 00:00:00+08:00,34.14175944794727,34.56500329038476,34.14175944794727,34.282840728759766,4191618,0.0,0.0
2017-07-17 00:00:00+08:00,34.21229101569388,34.28283522442671,33.71850661213045,33.78904724121094,3286350,0.0,0.0
2017-07-18 00:00:00+08:00,33.93012543105107,34.14175087880747,33.789044185648144,33.85958480834961,1415231,0.0,0.0
2017-07-19 00:00:00+08:00,33.85959102922088,33.93013166488245,33.29526594392827,33.365806579589844,2875654,0.0,0.0
2017-07-20 00:00:00+08:00,33.506890084733314,34.00067456728372,33.506890084733314,33.577430725097656,2285724,0.0,0.0
2017-07-21 00:00:00+08:00,33.85959330666935,34.423922009572266,33.85959330666935,34.282840728759766,3844457,0.0,0.0
2017-07-24 00:00:00+08:00,34.21229712645592,34.494463272828774,34.000675201416016,34.000675201416016,1928271,0.0,0.0
2017-07-25 00:00:00+08:00,33.85959465361482,34.21229786967671,33.50689143755293,34.07121658325195,10741384,0.0,0.0
2017-07-26 00:00:00+08:00,34.28283914810865,34.988245519647535,34.14175787380087,34.49446105957031,7079196,0.0,0.0
2017-07-27 00:00:00+08:00,34.49446264997851,34.56500329038476,34.2122965087006,34.282840728759766,1980130,0.0,0.0
2017-07-28 00:00:00+08:00,34.494460313362275,34.98824476275761,34.35337546245379,34.423919677734375,3316520,0.0,0.0
2017-07-31 00:00:00+08:00,34.56500329038476,34.70608457119726,34.282840728759766,34.282840728759766,1665953,0.0,0.0
2017-08-01 00:00:00+08:00,34.423922009572266,34.49446264997851,34.282840728759766,34.282840728759766,1489719,0.0,0.0
2017-08-02 00:00:00+08:00,34.35337840981585,34.423922631148805,34.000675201416016,34.000675201416016,2160261,0.0,0.0
2017-08-03 00:00:00+08:00,33.85959391805608,34.28284134778887,33.85959391805608,34.000675201416016,2442749,0.0,0.0
2017-08-04 00:00:00+08:00,34.00066605375253,34.42391336961331,33.85958480834961,33.85958480834961,2813557,0.0,0.0
2017-08-07 00:00:00+08:00,34.00066912845241,34.28283522442671,33.78904724121094,33.78904724121094,2012740,0.0,0.0
2017-08-08 00:00:00+08:00,33.85959102922088,34.00067230054403,33.365806579589844,33.365806579589844,3004253,0.0,0.0
2017-08-09 00:00:00+08:00,33.36580977255177,33.718512984611806,32.02553398707062,32.23715591430664,5091575,0.0,0.0
2017-08-10 00:00:00+08:00,32.237151387433435,32.44877328495264,30.755794525146484,30.755794525146484,5978311,0.0,0.0
2017-08-11 00:00:00+08:00,30.47363535447106,31.249582397580266,30.33255407390575,30.896879196166992,3720622,0.0,0.0
2017-08-14 00:00:00+08:00,30.89687710280686,30.89687710280686,28.498490126215444,28.56903076171875,6858797,0.0,0.0
2017-08-15 00:00:00+08:00,28.71011195029882,29.34497945783221,28.498490044396465,28.921733856201172,3365364,0.0,0.0
2017-08-16 00:00:00+08:00,29.344982526874055,31.743371537241302,28.99227752365619,31.17904281616211,7883731,0.0,0.0
2017-08-17 00:00:00+08:00,31.60228569487582,31.60228569487582,30.755794525146484,30.755794525146484,4556574,0.0,0.0
2017-08-18 00:00:00+08:00,30.332552792743133,30.75579661656242,29.979847816400678,30.050390243530273,3127191,0.0,0.0
2017-08-21 00:00:00+08:00,30.12092730118073,30.47363406734956,29.83876654179425,30.050390243530273,2259665,0.0,0.0
2017-08-22 00:00:00+08:00,30.050390751825372,30.332553305810944,30.050390751825372,30.120927810668945,1314820,0.0,0.0
2017-08-23 00:00:00+08:00,30.403092922086625,31.17903991945785,30.120926797935294,30.544174194335938,3451886,0.0,0.0
2017-08-24 00:00:00+08:00,30.61471589857383,31.17904100725976,30.54417525998809,30.826337814331055,1856470,0.0,0.0
2017-08-25 00:00:00+08:00,30.96741801108388,31.037958647208537,30.47363355821128,30.544174194335938,1540826,0.0,0.0
2017-08-28 00:00:00+08:00,30.4736328125,30.82633598449239,30.40309217810152,30.4736328125,2053094,0.0,0.0
2017-08-29 00:00:00+08:00,30.47363458280373,30.544175221300122,29.909307685006176,30.120927810668945,1806121,0.0,0.0
2017-08-30 00:00:00+08:00,30.332551956176758,30.826336403680774,30.26201132081904,30.332551956176758,1974697,0.0,0.0
2017-08-31 00:00:00+08:00,30.896876618890868,30.967417253289344,30.40309217810152,30.4736328125,1791244,0.0,0.0
2017-09-01 00:00:00+08:00,30.685256958007812,30.89687887666743,30.473635039348192,30.685256958007812,1551671,0.0,0.0
2017-09-04 00:00:00+08:00,30.82633716055078,30.82633716055078,30.403093338012695,30.403093338012695,1159756,0.0,0.0
2017-09-05 00:00:00+08:00,31.67282853866471,33.15418550437465,31.179040496992883,33.08364486694336,10894679,0.0,0.0
2017-09-06 00:00:00+08:00,33.85959013078348,35.693653768624394,33.85959013078348,35.05878448486328,23062335,0.0,0.0
2017-09-07 00:00:00+08:00,35.69365711653766,36.187441599381394,34.282840728759766,34.282840728759766,11801135,0.0,0.0
2017-09-08 00:00:00+08:00,34.56500466539166,34.91770788145355,34.00067594003958,34.07121658325195,4903476,0.0,0.0
2017-09-11 00:00:00+08:00,34.56500224759008,36.046359231083024,34.353376753102964,35.270408630371094,12479037,0.0,0.0
2017-09-12 00:00:00+08:00,35.27040730526923,35.482029212152945,34.28283840647856,34.423919677734375,4542143,0.0,0.0
2017-09-13 00:00:00+08:00,34.706075860419155,34.917697728523535,33.85958480834961,33.85958480834961,3103709,0.0,0.0
2017-09-14 00:00:00+08:00,34.07120667645399,34.494453992314774,33.85958480834961,33.85958480834961,2073158,0.0,0.0
2017-09-15 00:00:00+08:00,34.28283372669116,34.28283372669116,33.29526138305664,33.29526138305664,2694548,0.0,0.0
2017-09-18 00:00:00+08:00,33.57743074504436,34.49446264997851,33.43634946423187,34.282840728759766,4376751,0.0,0.0
2017-09-19 00:00:00+08:00,34.49446804903997,34.56500870048722,33.7185173034668,33.7185173034668,1968711,0.0,0.0
2017-09-20 00:00:00+08:00,33.78905264619068,34.28284070839401,33.436349444368965,33.577430725097656,2485065,0.0,0.0
2017-09-21 00:00:00+08:00,33.859592537278495,33.93013317608185,33.43634870445837,33.50688934326172,1526211,0.0,0.0
2017-09-22 00:00:00+08:00,33.436352652002505,33.57743394626548,32.87202389529736,33.15419006347656,2073319,0.0,0.0
2017-09-25 00:00:00+08:00,33.436352652002505,33.789055887659934,33.01310876921359,33.15419006347656,2897438,0.0,0.0
2017-09-26 00:00:00+08:00,33.436348769951394,34.00067388148359,32.23715432829261,32.44877624511719,3858073,0.0,0.0
2017-09-27 00:00:00+08:00,32.80148387923784,32.87202094037538,32.025533250889765,32.1666145324707,2354957,0.0,0.0
2017-09-28 00:00:00+08:00,32.16661527178627,33.2952691300276,32.16661527178627,32.94256591796875,3726850,0.0,0.0
2017-09-29 00:00:00+08:00,32.94256278237507,32.94256278237507,32.1666122100504,32.30769348144531,1627052,0.0,0.0
2017-10-02 00:00:00+08:00,32.66039732063921,32.80148217454089,32.44877540926583,32.73093795776367,963311,0.0,0.0
2017-10-03 00:00:00+08:00,33.15418858778815,33.64797309573027,33.01310729980469,33.01310729980469,2350839,0.0,0.0
2017-10-05 00:00:00+08:00,33.506888691531124,33.57742932896242,33.01310422951207,33.08364486694336,1093274,0.0,0.0
2017-10-06 00:00:00+08:00,33.365806579589844,33.577428486574576,33.15418467260512,33.365806579589844,1867578,0.0,0.0
2017-10-11 00:00:00+08:00,33.64797082507438,33.64797082507438,32.73093893541256,32.801483154296875,1877387,0.0,0.0
2017-10-12 00:00:00+08:00,32.8720207418013,33.647971365462,32.8720207418013,33.577430725097656,2904691,0.0,0.0
2017-10-13 00:00:00+08:00,33.577423887051594,33.64796451305033,33.29526138305664,33.29526138305664,1605104,0.0,0.0
2017-10-16 00:00:00+08:00,36.116898985302115,36.61068344116211,35.834736439096396,36.61068344116211,7400977,0.0,0.0
2017-10-17 00:00:00+08:00,36.61068050212988,36.61068050212988,34.564998626708984,34.564998626708984,17768561,0.0,0.0
2017-10-18 00:00:00+08:00,35.764197645890434,36.04636020663927,34.565003183054976,34.63554382324219,13479336,0.0,0.0
2017-10-19 00:00:00+08:00,34.917707130161986,35.199869696940475,34.565003921688884,34.706085205078125,3618392,0.0,0.0
2017-10-20 00:00:00+08:00,34.70608205494762,35.12932586669922,34.353375298835296,35.12932586669922,4619293,0.0,0.0
2017-10-23 00:00:00+08:00,35.55257428539579,36.11690302051031,35.19987106323242,35.19987106323242,6474608,0.0,0.0
2017-10-24 00:00:00+08:00,35.411491622024336,35.411491622024336,34.635544563383505,34.706085205078125,2570630,0.0,0.0
2017-10-25 00:00:00+08:00,34.91770553588867,35.55257128215355,34.70608362046705,34.91770553588867,4664275,0.0,0.0
2017-10-26 00:00:00+08:00,35.12932594950787,35.693654612826265,34.7766227722168,34.7766227722168,5283612,0.0,0.0
2017-10-27 00:00:00+08:00,35.12931959662792,35.12931959662792,33.85958480834961,33.85958480834961,4175648,0.0,0.0
2017-10-30 00:00:00+08:00,34.35337700890198,34.42392122735817,33.36580806565501,33.50688934326172,2718269,0.0,0.0
2017-10-31 00:00:00+08:00,33.506890192984194,33.64797147416867,32.73093956681662,33.224727630615234,3335801,0.0,0.0
2017-11-01 00:00:00+08:00,32.872022321890256,33.15418847656368,32.51931910311483,32.660400390625,3803801,0.0,0.0
2017-11-02 00:00:00+08:00,32.51931773642304,33.01310580160925,32.1666145324707,32.1666145324707,3535302,0.0,0.0
2017-11-03 00:00:00+08:00,32.09606980783691,32.37823233509695,31.602285385131836,31.602285385131836,2893870,0.0,0.0
2017-11-06 00:00:00+08:00,31.60228794364308,32.166613043850745,31.60228794364308,32.02553176879883,1586477,0.0,0.0
2017-11-07 00:00:00+08:00,32.23714676602812,32.30768738842206,31.81390303166446,32.096065521240234,1353998,0.0,0.0
2017-11-08 00:00:00+08:00,32.30768738842206,32.37822801081601,31.954984276452347,32.096065521240234,1810728,0.0,0.0
2017-11-09 00:00:00+08:00,32.23715293049447,32.66039674579183,31.884449751079995,31.95499038696289,3023875,0.0,0.0
2017-11-10 00:00:00+08:00,31.95499334465861,32.23715591430664,31.390668205362555,32.23715591430664,2032105,0.0,0.0
2017-11-13 00:00:00+08:00,32.30769510002381,33.15418635045417,32.30769510002381,32.801483154296875,3468995,0.0,0.0
2017-11-14 00:00:00+08:00,33.15418635045417,33.29526762891709,32.37823573925527,32.801483154296875,2355112,0.0,0.0
2017-11-15 00:00:00+08:00,32.80148368108987,33.71851200582634,32.44877689961524,33.577430725097656,2823266,0.0,0.0
2017-11-16 00:00:00+08:00,33.506883261052856,33.718505139049064,33.154180131059164,33.29526138305664,1945910,0.0,0.0
2017-11-17 00:00:00+08:00,33.64797309573027,33.64797309573027,33.01310729980469,33.01310729980469,1373252,0.0,0.0
2017-11-20 00:00:00+08:00,33.013102577148054,33.2952651127505,32.5898551940918,32.5898551940918,1203127,0.0,0.0
2017-11-21 00:00:00+08:00,32.730938100134125,33.224726141805945,32.730938100134125,33.08364486694336,1782982,0.0,0.0
2017-11-22 00:00:00+08:00,33.15418697158311,33.224727612136114,32.519317626953125,32.519317626953125,1770257,0.0,0.0
2017-11-23 00:00:00+08:00,32.448774752840215,32.589856024235125,32.1666122100504,32.30769348144531,1410149,0.0,0.0
2017-11-24 00:00:00+08:00,32.23714676602812,32.44876863320995,31.884443654058405,32.096065521240234,1267219,0.0,0.0
2017-11-27 00:00:00+08:00,32.096071658728675,32.589856109908936,31.95499038696289,31.95499038696289,1185144,0.0,0.0
2017-11-28 00:00:00+08:00,32.096071658728675,32.23715293049447,31.884449751079995,31.95499038696289,1058175,0.0,0.0
2017-11-29 00:00:00+08:00,32.237155284187445,32.307695925220635,31.813911437988278,31.81391143798828,1520169,0.0,0.0
2017-11-30 00:00:00+08:00,31.88445281982422,32.66039988921769,31.88445281982422,31.88445281982422,2277135,0.0,0.0
2017-12-01 00:00:00+08:00,31.95499453102678,32.09607582108861,31.390669370779463,31.461206436157227,1611161,0.0,0.0
2017-12-04 00:00:00+08:00,31.46120538687519,31.602290251884764,31.17904281616211,31.17904281616211,1208053,0.0,0.0
2017-12-05 00:00:00+08:00,31.17904143488025,31.390666933192744,30.614716318454605,30.685256958007812,1773691,0.0,0.0
2017-12-06 00:00:00+08:00,30.89687653583204,30.967417170040886,29.6271415404202,29.76822280883789,1780728,0.0,0.0
2017-12-07 00:00:00+08:00,29.90930863782816,30.050391709141845,29.48606300354004,29.48606300354004,1381026,0.0,0.0
2017-12-08 00:00:00+08:00,29.768225574781425,30.050391717487155,29.62714429325503,29.838768005371094,1305468,0.0,0.0
2017-12-11 00:00:00+08:00,29.979847816400678,30.26201215543992,29.909307179097464,30.050390243530273,835217,0.0,0.0
2017-12-12 00:00:00+08:00,30.332551543703044,30.685254715695432,30.191470274906088,30.4736328125,1115823,0.0,0.0
2017-12-13 00:00:00+08:00,30.473632475193856,30.685254376046892,30.26201057434082,30.26201057434082,896222,0.0,0.0
2017-12-14 00:00:00+08:00,30.544173446898476,30.82633598449239,30.332551543703044,30.4736328125,913411,0.0,0.0
2017-12-15 00:00:00+08:00,30.685256958007812,30.755797597561017,30.473635039348192,30.685256958007812,905350,0.0,0.0
2017-12-18 00:00:00+08:00,30.826339410233555,30.89688005247124,30.544176841282823,30.614717483520508,777645,0.0,0.0
2017-12-19 00:00:00+08:00,30.89688005247124,30.89688005247124,30.614717483520508,30.614717483520508,821546,0.0,0.0
2017-12-20 00:00:00+08:00,30.82633434584679,31.179037499090423,30.614712453900612,31.03795623779297,1072748,0.0,0.0
2017-12-21 00:00:00+08:00,31.179041164516885,33.15418621418529,31.179041164516885,32.44877624511719,7508335,0.0,0.0
2017-12-22 00:00:00+08:00,32.73094041119069,32.94256591807973,32.23715591430664,32.23715591430664,2317172,0.0,0.0
2017-12-25 00:00:00+08:00,32.237152594842705,32.30769322999114,31.74336814880371,31.74336814880371,1208797,0.0,0.0
2017-12-26 00:00:00+08:00,32.02553068939742,32.66039640573328,31.74336814880371,31.74336814880371,2038614,0.0,0.0
2017-12-27 00:00:00+08:00,32.02553336108786,32.307695925220635,31.813911437988278,31.81391143798828,952072,0.0,0.0
2017-12-28 00:00:00+08:00,31.954992720054666,32.09607400212106,31.743370796955084,31.81391143798828,746073,0.0,0.0
2017-12-29 00:00:00+08:00,32.02553379157201,32.096074433553405,31.67283058166504,31.67283058166504,879108,0.0,0.0
2018-01-02 00:00:00+08:00,31.602288456664255,31.884451011348624,31.46120359966924,31.531747817993164,1512529,0.0,0.0
2018-01-03 00:00:00+08:00,31.53174929770225,32.02553379157201,31.53174929770225,31.67283058166504,1478419,0.0,0.0
2018-01-04 00:00:00+08:00,31.954990949394592,32.8720192320126,31.88445031227013,32.73093795776367,3185645,0.0,0.0
2018-01-05 00:00:00+08:00,32.94256344878981,33.224725997287656,32.44877540926583,32.73093795776367,2172867,0.0,0.0
2018-01-08 00:00:00+08:00,33.01310408591427,33.57742918290997,32.73093795776367,32.73093795776367,3352807,0.0,0.0
2018-01-09 00:00:00+08:00,33.083645575243764,33.083645575243764,32.44877624511719,32.44877624511719,1125443,0.0,0.0
2018-01-10 00:00:00+08:00,32.589856869006496,32.589856869006496,32.02553176879883,32.02553176879883,900350,0.0,0.0
2018-01-11 00:00:00+08:00,31.813911437988278,32.16661464315425,31.813911437988278,31.81391143798828,749099,0.0,0.0
2018-01-12 00:00:00+08:00,32.16660916154751,32.73093419364477,32.096068532535355,32.378231048583984,1501251,0.0,0.0
2018-01-15 00:00:00+08:00,32.66039674579183,32.80148159721031,31.95499038696289,31.95499038696289,1440370,0.0,0.0
2018-01-16 00:00:00+08:00,31.95499334465861,32.23715591430664,31.884452702246605,32.23715591430664,1236065,0.0,0.0
2018-01-17 00:00:00+08:00,32.09607305040956,32.660398161941764,32.09607305040956,32.44877624511719,1094674,0.0,0.0
2018-01-18 00:00:00+08:00,32.73093965879444,32.73093965879444,32.1666145324707,32.1666145324707,1236120,0.0,0.0
2018-01-19 00:00:00+08:00,32.37823477214136,32.73093795776367,32.237153497892436,32.73093795776367,2229375,0.0,0.0
2018-01-22 00:00:00+08:00,33.08364720279229,33.436350414851134,32.87202169590396,32.94256591796875,3066045,0.0,0.0
2018-01-23 00:00:00+08:00,32.94256429736071,33.29526749206834,32.378235606175664,32.44877624511719,2123831,0.0,0.0
2018-01-24 00:00:00+08:00,31.9549926100993,32.307695814051634,31.9549926100993,32.1666145324707,1695252,0.0,0.0
2018-01-25 00:00:00+08:00,32.23715603318489,32.44877796120129,31.88445281982422,31.88445281982422,1322542,0.0,0.0
2018-01-26 00:00:00+08:00,32.16661539051275,32.23715603318489,31.74337153447995,31.88445281982422,1111529,0.0,0.0
2018-01-29 00:00:00+08:00,31.88445207902147,32.237155284187445,31.743370796955084,31.81391143798828,860063,0.0,0.0
2018-01-30 00:00:00+08:00,31.954991131272873,32.237153681376704,31.884450493746915,32.02553176879883,782988,0.0,0.0
2018-01-31 00:00:00+08:00,32.02553102284578,32.166612294611575,31.813909115197102,31.95499038696289,790274,0.0,0.0
2018-02-01 00:00:00+08:00,32.16661464315425,32.307695925220635,31.813911437988278,31.81391143798828,670812,0.0,0.0
2018-02-02 00:00:00+08:00,31.813907280576867,31.884447912391877,31.602285385131836,31.602285385131836,803410,0.0,0.0
2018-02-05 00:00:00+08:00,30.755798960092488,31.17904281616211,30.61471767473595,31.17904281616211,1013797,0.0,0.0
2018-02-06 00:00:00+08:00,30.47363337946386,30.61471465088564,28.075244605988207,28.216327667236328,4513223,0.0,0.0
2018-02-07 00:00:00+08:00,29.27444118399026,29.344981824981293,28.71011426623553,28.780654907226562,1517456,0.0,0.0
2018-02-08 00:00:00+08:00,28.921732420642897,28.99227305244233,28.21632610264858,28.427947998046875,1373235,0.0,0.0
2018-02-09 00:00:00+08:00,28.427947998046875,28.427947998046875,28.427947998046875,28.427947998046875,0,0.0,0.0
2018-02-12 00:00:00+08:00,28.56902926164574,28.63956989344517,28.28686494462177,28.427947998046875,1007517,0.0,0.0
2018-02-21 00:00:00+08:00,29.203900866809104,30.050392147740244,28.99227715166307,29.69768714904785,1653721,0.0,0.0
2018-02-22 00:00:00+08:00,29.768223293662363,30.614714497607626,29.768223293662363,30.332551956176758,1838163,0.0,0.0
2018-02-23 00:00:00+08:00,30.96741909150254,31.10850036867402,30.755797175745315,30.826337814331055,1479019,0.0,0.0
2018-02-26 00:00:00+08:00,30.826336403680774,31.179039580469357,30.332551956176758,30.332551956176758,898987,0.0,0.0
2018-02-27 00:00:00+08:00,30.61471326013368,30.96741642266569,30.473631995120876,30.755794525146484,829190,0.0,0.0
2018-03-01 00:00:00+08:00,30.403089043106792,31.249576568603516,30.12092295495564,31.249576568603516,1268046,0.0,0.0
2018-03-02 00:00:00+08:00,31.03796122417949,31.743371223646434,31.03796122417949,31.67283058166504,1632075,0.0,0.0
2018-03-05 00:00:00+08:00,31.743370796955084,32.37823656625383,31.743370796955084,31.81391143798828,2014592,0.0,0.0
2018-03-06 00:00:00+08:00,32.02553176879883,32.30769431890266,31.884450493746915,32.02553176879883,1373412,0.0,0.0
2018-03-07 00:00:00+08:00,32.02553271822472,32.237154637076316,31.390666961669922,31.390666961669922,1243069,0.0,0.0
2018-03-08 00:00:00+08:00,31.179038014589292,31.813907280576867,31.179038014589292,31.602285385131836,1089972,0.0,0.0
2018-03-09 00:00:00+08:00,31.67283089180782,31.954993462496354,31.67283089180782,31.88445281982422,1090411,0.0,0.0
2018-03-12 00:00:00+08:00,31.884449751079995,32.166612294611575,31.743368479314206,31.95499038696289,1454090,0.0,0.0
2018-03-13 00:00:00+08:00,31.95499395307416,32.73094103438009,31.95499395307416,32.660400390625,3302840,0.0,0.0
2018-03-14 00:00:00+08:00,32.66039976877868,33.08364720290374,32.23715591430664,32.23715591430664,2604054,0.0,0.0
2018-03-15 00:00:00+08:00,32.2371550647411,32.58985826750613,32.2371550647411,32.519317626953125,1205331,0.0,0.0
2018-03-16 00:00:00+08:00,32.660397506532455,32.80148236123714,31.954991131272873,32.02553176879883,1808653,0.0,0.0
2018-03-19 00:00:00+08:00,32.09607222364352,33.1541853601632,32.02553158651905,32.73093795776367,2900667,0.0,0.0
2018-03-20 00:00:00+08:00,32.16661368935109,32.44877624511719,32.025532411468035,32.44877624511719,1603858,0.0,0.0
2018-03-21 00:00:00+08:00,32.378236345847114,32.73093954861214,32.1666144241881,32.519317626953125,1981812,0.0,0.0
2018-03-22 00:00:00+08:00,33.013098879061694,35.693649826318094,33.013098879061694,33.29526138305664,16285022,0.0,0.0
2018-03-23 00:00:00+08:00,32.1666144241881,33.224727612136114,32.025533143082086,32.519317626953125,3426713,0.0,0.0
2018-03-26 00:00:00+08:00,32.519315474026044,32.73093738167473,31.884449751079995,31.95499038696289,2033638,0.0,0.0
2018-03-27 00:00:00+08:00,32.025535176057694,32.378238401212265,31.461206436157227,31.461206436157227,2581789,0.0,0.0
2018-03-28 00:00:00+08:00,31.390666961669922,31.81391079937312,31.320122742399843,31.390666961669922,1302978,0.0,0.0
2018-03-29 00:00:00+08:00,31.67283004693743,32.23715517326117,31.531748765356497,32.1666145324707,1922436,0.0,0.0
2018-03-30 00:00:00+08:00,32.16661646611952,32.23715711115044,31.320125146095396,31.461206436157227,2186850,0.0,0.0
2018-04-02 00:00:00+08:00,31.60228794364308,32.30769431890266,31.46120308893839,32.02553176879883,1835960,0.0,0.0
2018-04-03 00:00:00+08:00,31.602285385131836,32.0255291760219,31.461200541849333,31.602285385131836,1245205,0.0,0.0
2018-04-09 00:00:00+08:00,31.954993149590617,32.02553379157201,31.32012379210507,31.67283058166504,941292,0.0,0.0
2018-04-10 00:00:00+08:00,31.813908783952137,31.954990054248995,31.461202028557345,31.74336814880371,1046468,0.0,0.0
2018-04-11 00:00:00+08:00,31.884448056853664,33.01310175066001,31.884448056853664,32.87201690673828,3729419,0.0,0.0
2018-04-12 00:00:00+08:00,33.1541875012564,34.91770712290858,33.1541875012564,34.000675201416016,9733090,0.0,0.0
2018-04-13 00:00:00+08:00,34.00066764304402,34.3533707730377,33.29526138305664,33.29526138305664,3390736,0.0,0.0
2018-04-16 00:00:00+08:00,33.64796912223615,34.70608223681247,33.29526594392827,33.365806579589844,3603574,0.0,0.0
2018-04-17 00:00:00+08:00,33.295269130139765,33.718512984611806,32.09607462948262,32.23715591430664,3332255,0.0,0.0
2018-04-18 00:00:00+08:00,32.51931538853767,32.730937295630035,31.954990302958045,32.30769348144531,1637425,0.0,0.0
2018-04-19 00:00:00+08:00,32.44877637848672,33.718511464305834,32.44877637848672,32.801483154296875,3503543,0.0,0.0
2018-04-20 00:00:00+08:00,32.44877845935975,32.872022321890256,32.30769717184958,32.660400390625,1674436,0.0,0.0
2018-04-23 00:00:00+08:00,31.320120032618103,31.743367413355287,29.768222515655275,29.909305572509766,6346148,0.0,0.0
2018-04-24 00:00:00+08:00,29.627142856162898,29.83876655801396,27.863623342971156,28.639572143554688,4264758,0.0,0.0
2018-04-25 00:00:00+08:00,28.6395736252445,28.921736189208627,28.216329779298302,28.780654907226562,2086654,0.0,0.0
2018-04-26 00:00:00+08:00,28.780652718372302,28.921733989624716,27.793082029779068,27.863622665405273,2153533,0.0,0.0
2018-04-27 00:00:00+08:00,28.21632763336265,28.286866479162516,27.51091948727424,27.863622665405273,1519939,0.0,0.0
2018-04-30 00:00:00+08:00,28.498491211814265,29.203899383544922,28.216328659052564,29.203899383544922,2247091,0.0,0.0
2018-05-02 00:00:00+08:00,29.20390055006572,29.556603755106224,28.92173619620684,29.133359909057617,1086823,0.0,0.0
2018-05-03 00:00:00+08:00,29.415520877048838,30.120927248855576,29.203898965506816,29.344980239868164,2692620,0.0,0.0
2018-05-04 00:00:00+08:00,29.697686069937927,29.697686069937927,28.99227609818527,29.06281852722168,821529,0.0,0.0
2018-05-07 00:00:00+08:00,29.27444009920596,29.27444009920596,28.427950648854345,28.498491287231445,964147,0.0,0.0
2018-05-08 00:00:00+08:00,28.63957256398565,28.99227575587115,28.357410010477246,28.498491287231445,1095432,0.0,0.0
2018-05-09 00:00:00+08:00,28.498491694601665,28.498491694601665,27.863624150306265,28.00470542907715,1824579,0.0,0.0
2018-05-10 00:00:00+08:00,28.216328713553473,28.710113181840214,28.075245647073714,28.14578628540039,1363999,0.0,0.0
2018-05-11 00:00:00+08:00,28.286869049072266,28.639574049073484,28.216330196863822,28.286869049072266,1171772,0.0,0.0
2018-05-14 00:00:00+08:00,28.286867582273736,28.921735117494052,28.286867582273736,28.498491287231445,1562513,0.0,0.0
2018-05-15 00:00:00+08:00,28.710112421517923,28.710112421517923,27.934163630647316,28.075244903564453,1429531,0.0,0.0
2018-05-16 00:00:00+08:00,28.00470237496083,28.427947954941896,26.805508056536333,27.369834899902344,2350298,0.0,0.0
2018-05-17 00:00:00+08:00,27.652002334594727,28.00470553282862,27.58145990512151,27.652002334594727,897086,0.0,0.0
2018-05-18 00:00:00+08:00,27.934165954216052,27.934165954216052,27.58146095275879,27.58146095275879,697993,0.0,0.0
2018-05-21 00:00:00+08:00,27.58145833307411,28.004703936657688,27.51091948727424,27.863622665405273,993574,0.0,0.0
2018-05-22 00:00:00+08:00,28.004706596542203,28.145787881194504,27.510922100259148,27.58146095275879,891550,0.0,0.0
2018-05-23 00:00:00+08:00,27.72253968861858,27.793082114285614,27.51091957092285,27.51091957092285,777288,0.0,0.0
2018-05-24 00:00:00+08:00,27.65200183687983,28.498491287231445,27.65200183687983,28.498491287231445,2361775,0.0,0.0
2018-05-25 00:00:00+08:00,28.427951055216223,28.427951055216223,28.00470542907715,28.00470542907715,995300,0.0,0.0
2018-05-28 00:00:00+08:00,28.00470542907715,28.498491694601665,27.934164789691707,28.00470542907715,799091,0.0,0.0
2018-05-29 00:00:00+08:00,28.075246068462587,28.28686798661891,27.934164789691707,28.00470542907715,669962,0.0,0.0
2018-05-30 00:00:00+08:00,28.004702310329694,28.14578357338904,27.651999152681327,27.722537994384766,700848,0.0,0.0
2018-05-31 00:00:00+08:00,28.216330313724733,28.28686916622532,27.793084669935656,27.934165954589844,1194487,0.0,0.0
2018-06-01 00:00:00+08:00,27.934164804544093,28.63957298859999,27.7930835256982,28.357410430908203,1987020,0.0,0.0
2018-06-04 00:00:00+08:00,28.07524294185937,28.357407257804294,27.58145673132542,27.722537994384766,3387494,0.0,0.0
2018-06-05 00:00:00+08:00,26.946592628423186,27.158214535427344,26.73496893159269,26.805509567260742,4173671,0.0,0.0
2018-06-06 00:00:00+08:00,26.805509271327733,27.22875487048975,26.805509271327733,26.946592330932617,2130952,0.0,0.0
2018-06-07 00:00:00+08:00,26.946594554311535,27.58146032069822,26.59388956093691,27.15821647644043,4805751,0.0,0.0
2018-06-08 00:00:00+08:00,26.946592628423186,27.228755171095397,26.805509567260742,26.805509567260742,1294427,0.0,0.0
2018-06-11 00:00:00+08:00,26.734969768240944,26.805510406116504,26.382266578863135,26.523347854614258,1537823,0.0,0.0
2018-06-12 00:00:00+08:00,26.382265424732587,27.158214197245155,26.382265424732587,26.593887329101562,3373994,0.0,0.0
2018-06-13 00:00:00+08:00,26.523347854614258,26.876051043992067,26.382266578863135,26.523347854614258,2168377,0.0,0.0
2018-06-14 00:00:00+08:00,26.452808372915836,26.52334901387453,26.029562737337205,26.1001033782959,2395231,0.0,0.0
2018-06-15 00:00:00+08:00,25.959019487447158,26.17064317888112,25.32415199279785,25.32415199279785,4233250,0.0,0.0
2018-06-19 00:00:00+08:00,24.68928337097168,24.759824001620405,23.983875274658203,23.983875274658203,4758915,0.0,0.0
2018-06-20 00:00:00+08:00,23.98387712751116,24.75982591441859,23.98387712751116,24.689285278320312,3646768,0.0,0.0
2018-06-21 00:00:00+08:00,24.47766418433918,24.689286099674177,24.054418563842773,24.054418563842773,1719449,0.0,0.0
2018-06-22 00:00:00+08:00,23.983879964690633,23.983879964690633,23.34901237487793,23.34901237487793,3290913,0.0,0.0
2018-06-25 00:00:00+08:00,23.278471730435026,23.983879964690633,23.207931085992122,23.34901237487793,3915032,0.0,0.0
2018-06-26 00:00:00+08:00,22.64360267319369,22.71414331306518,21.021164376496593,21.2327880859375,8780550,0.0,0.0
2018-06-27 00:00:00+08:00,20.80954057159698,21.091703105519805,20.174673080444336,20.174673080444336,6260665,0.0,0.0
2018-06-28 00:00:00+08:00,20.174675114348048,22.149818420410156,20.174675114348048,22.149818420410156,11733208,0.0,0.0
2018-06-29 00:00:00+08:00,22.149815711002223,22.784681398674394,21.30332454778684,21.72657012939453,9955670,0.0,0.0
2018-07-02 00:00:00+08:00,21.444405045278835,21.656028723432254,20.17467192548923,20.24521255493164,5404642,0.0,0.0
2018-07-03 00:00:00+08:00,20.52737985899563,20.73900179666598,18.834400777979607,19.257644653320312,5825168,0.0,0.0
2018-07-04 00:00:00+08:00,19.751428364318087,19.96305027413073,18.97547957184537,19.187103271484375,3783694,0.0,0.0
2018-07-05 00:00:00+08:00,19.61034700225138,20.6684601261728,19.39872330357128,19.539806365966797,8173209,0.0,0.0
2018-07-06 00:00:00+08:00,19.61034503624998,19.892507553100586,19.046018212722593,19.892507553100586,5276718,0.0,0.0
2018-07-09 00:00:00+08:00,19.963052453923247,19.963052453923247,19.046022288110347,19.398725509643555,3132236,0.0,0.0
2018-07-10 00:00:00+08:00,19.398725509643555,20.17467617666973,19.32818665516347,19.398725509643555,4475491,0.0,0.0
2018-07-11 00:00:00+08:00,19.39872215431146,20.315753951334994,19.25764089010053,19.6103458404541,13602888,0.0,0.0
2018-07-12 00:00:00+08:00,19.61034923239004,19.963052453923247,19.32818665516347,19.398725509643555,3423718,0.0,0.0
2018-07-13 00:00:00+08:00,19.680886472559568,19.89250836887596,19.469264576243173,19.6103458404541,2305155,0.0,0.0
2018-07-16 00:00:00+08:00,19.680890599515777,19.963053187105317,19.610349952618392,19.821971893310547,2590902,0.0,0.0
2018-07-17 00:00:00+08:00,19.75142598918877,19.8219666173104,19.257639802511207,19.328182220458984,3206627,0.0,0.0
2018-07-18 00:00:00+08:00,19.469266123916668,19.53980676162963,18.834398594673612,19.0460205078125,3816392,0.0,0.0
2018-07-19 00:00:00+08:00,19.187103211304635,19.257642057861244,18.340611995056335,18.481693267822266,4785393,0.0,0.0
2018-07-20 00:00:00+08:00,18.622777939222832,18.693318581699753,17.987910367104035,18.27007293701172,4916344,0.0,0.0
2018-07-23 00:00:00+08:00,18.4816914124992,18.62277446092857,17.987907007388017,18.12898826599121,2994730,0.0,0.0
2018-07-24 00:00:00+08:00,18.34061129582927,18.904938155204658,18.199530028441995,18.763856887817383,4079837,0.0,0.0
2018-07-25 00:00:00+08:00,18.90493811050043,18.975478744027264,18.411151885986328,18.411151885986328,3615940,0.0,0.0
2018-07-26 00:00:00+08:00,18.270071333191634,19.68088763853596,18.270071333191634,19.539806365966797,10649252,0.0,0.0
2018-07-27 00:00:00+08:00,19.39872488554846,19.39872488554846,18.904940391287983,18.975481033325195,4390298,0.0,0.0
2018-07-30 00:00:00+08:00,18.975481151220176,19.11656243617114,18.4816948640653,18.622777938842773,2214357,0.0,0.0
2018-07-31 00:00:00+08:00,18.693316254123744,19.32818374719277,18.693316254123744,18.763856887817383,4593707,0.0,0.0
2018-08-01 00:00:00+08:00,18.975478788898297,18.975478788898297,18.622775620430108,18.763856887817383,1976803,0.0,0.0
2018-08-02 00:00:00+08:00,18.83439866721807,18.904939305202735,18.27007177351436,18.340612411499023,3244332,0.0,0.0
2018-08-03 00:00:00+08:00,18.48169486444248,18.622777939222832,18.199532294534798,18.27007293701172,3852783,0.0,0.0
2018-08-06 00:00:00+08:00,18.48169368746835,18.622776753264077,18.27007177351436,18.340612411499023,1950137,0.0,0.0
2018-08-07 00:00:00+08:00,17.635203568641543,17.77628483922541,17.070876696479747,17.56466293334961,7698822,0.0,0.0
2018-08-08 00:00:00+08:00,17.42358291565438,17.494123556018724,16.718174722184482,16.788715362548828,7507279,0.0,0.0
2018-08-09 00:00:00+08:00,16.788715911804232,17.000337839820634,15.94222640991211,15.94222640991211,7360956,0.0,0.0
2018-08-10 00:00:00+08:00,16.153847907025817,16.718174823176028,16.08330726623535,16.08330726623535,7598528,0.0,0.0
2018-08-13 00:00:00+08:00,15.942224497204247,15.942224497204247,14.672489501792407,14.884111404418945,7687026,0.0,0.0
2018-08-14 00:00:00+08:00,15.236818099522571,15.44844002623562,14.884113098507653,15.307358741760254,3877926,0.0,0.0
2018-08-15 00:00:00+08:00,15.095734335004126,15.16627317582664,14.46086597442627,14.813570022583008,4455326,0.0,0.0
2018-08-16 00:00:00+08:00,14.672489501792407,15.166273941254332,14.460866704252716,14.884111404418945,2691899,0.0,0.0
2018-08-17 00:00:00+08:00,14.884110653231735,15.025191914529188,14.672488761285555,14.813570022583008,2386981,0.0,0.0
2018-08-20 00:00:00+08:00,14.743030388523955,14.95465318968838,14.108162879943848,14.108162879943848,5359988,0.0,0.0
2018-08-21 00:00:00+08:00,14.037621598994276,14.079946517944336,13.233457088074946,14.079946517944336,11442909,0.0,0.0
2018-08-22 00:00:00+08:00,14.249244653652168,14.954653717457319,14.249244653652168,14.601948738098145,7466358,0.0,0.0
2018-08-23 00:00:00+08:00,14.46086722549157,15.307357551248744,14.46086722549157,15.025193214416504,8181834,0.0,0.0
2018-08-24 00:00:00+08:00,14.954653717457319,15.166274736263787,14.531408995104785,14.601948738098145,3667537,0.0,0.0
2018-08-27 00:00:00+08:00,14.672489357285329,15.025192524855843,14.531408090257123,14.954652786254883,2438171,0.0,0.0
2018-08-28 00:00:00+08:00,15.166274580198799,15.166274580198799,14.672490119934082,14.672490119934082,2260436,0.0,0.0
2018-08-29 00:00:00+08:00,14.813570022583008,14.954652178793568,14.743029391934282,14.813570022583008,1747791,0.0,0.0
2018-08-30 00:00:00+08:00,15.095736174993705,15.448439371227636,15.02519374592049,15.166275024414062,4209486,0.0,0.0
2018-08-31 00:00:00+08:00,15.095737412800382,15.871686297967019,14.954655227825265,15.730603218078613,10499122,0.0,0.0
2018-09-03 00:00:00+08:00,15.660060212640868,16.224387077655,15.23681640625,15.23681640625,10030431,0.0,0.0
2018-09-04 00:00:00+08:00,15.307358741760254,15.589521310710984,15.166275667458383,15.307358741760254,3176167,0.0,0.0
2018-09-05 00:00:00+08:00,15.589520649721209,15.730601928214782,15.166275024414062,15.166275024414062,3592507,0.0,0.0
2018-09-06 00:00:00+08:00,15.025192524855843,15.307356848738538,14.884111257827637,14.954652786254883,2855036,0.0,0.0
2018-09-07 00:00:00+08:00,15.095735767274068,15.236817041957186,14.249244539522593,14.319786071777344,5288209,0.0,0.0
2018-09-10 00:00:00+08:00,14.319785732054559,14.390326367722611,13.346322454078564,13.402754783630371,5001682,0.0,0.0
2018-09-11 00:00:00+08:00,13.430972166465498,13.868325206596376,13.388647245688372,13.67081069946289,3736537,0.0,0.0
2018-09-12 00:00:00+08:00,13.670810644138042,13.670810644138042,13.275781631469727,13.275781631469727,3177635,0.0,0.0
2018-09-13 00:00:00+08:00,13.289890972214046,13.572053532883816,13.289890972214046,13.360430717468262,3278255,0.0,0.0
2018-09-14 00:00:00+08:00,13.43097108591897,13.68491701049843,13.43097108591897,13.586160659790039,3629594,0.0,0.0
2018-09-17 00:00:00+08:00,13.487403935336514,13.586161184774141,13.30399774279709,13.33221435546875,3452998,0.0,0.0
2018-09-18 00:00:00+08:00,13.388645277400697,13.614376365200487,13.388645277400697,13.430970191955566,4980514,0.0,0.0
2018-09-19 00:00:00+08:00,13.684918310962956,14.74303150177002,13.614378565132581,14.74303150177002,8643515,0.0,0.0
2018-09-20 00:00:00+08:00,15.025194064744454,15.236817776801749,14.319786762395134,14.74303150177002,18325654,0.0,0.0
2018-09-21 00:00:00+08:00,14.743030136001254,14.884111404418945,14.531408233374714,14.884111404418945,4795386,0.0,0.0
2018-09-25 00:00:00+08:00,14.954653165032408,15.307357236449494,14.460866928100586,14.460866928100586,6359097,0.0,0.0
2018-09-26 00:00:00+08:00,14.53140926361084,14.813571820450758,14.460867729487646,14.53140926361084,4626936,0.0,0.0
2018-09-27 00:00:00+08:00,14.601948775285631,14.743030946371242,14.249244689941406,14.249244689941406,3376307,0.0,0.0
2018-09-28 00:00:00+08:00,14.531408878715212,14.67249015339833,14.319786071777344,14.319786071777344,2837744,0.0,0.0
2018-10-01 00:00:00+08:00,14.319785935501649,14.390326572171901,14.051730800224146,14.079946517944336,3186863,0.0,0.0
2018-10-02 00:00:00+08:00,14.108162604565926,14.178704133519274,13.515620025749838,13.586160659790039,6489791,0.0,0.0
2018-10-03 00:00:00+08:00,13.586160166833993,13.642593387949066,13.275780135440439,13.289889335632324,4876813,0.0,0.0
2018-10-04 00:00:00+08:00,13.289889335632324,13.445078008959426,13.261672725074787,13.289889335632324,3626764,0.0,0.0
2018-10-05 00:00:00+08:00,13.289889762599172,13.289889762599172,12.0060464697686,12.640913963317871,9971643,0.0,0.0
2018-10-08 00:00:00+08:00,12.513940485653412,12.725563288216986,12.076587469280108,12.147128105163574,4507917,0.0,0.0
2018-10-09 00:00:00+08:00,12.217670110530833,12.274102442446972,11.498152732849121,11.498152732849121,5821202,0.0,0.0
2018-10-11 00:00:00+08:00,10.42593123985123,10.637554031916316,10.355391502380371,10.355391502380371,7495604,0.0,0.0
2018-10-12 00:00:00+08:00,10.355393326327446,10.552906952809042,10.087338160123904,10.51058292388916,5847154,0.0,0.0
2018-10-15 00:00:00+08:00,10.567015273189101,10.792745515825125,10.298960106670101,10.708097457885742,5950779,0.0,0.0
2018-10-16 00:00:00+08:00,10.835070165930272,11.131341940885138,10.538799285888672,10.538799285888672,6340345,0.0,0.0
2018-10-17 00:00:00+08:00,10.722204982723927,10.764529907048187,10.228419568420662,10.397717475891113,5929065,0.0,0.0
2018-10-18 00:00:00+08:00,10.567013825769816,10.567013825769816,9.889822295706935,10.059120178222656,6959715,0.0,0.0
2018-10-19 00:00:00+08:00,10.059119778582808,10.143768716477641,9.762848048494327,9.84749698638916,4968489,0.0,0.0
2018-10-22 00:00:00+08:00,9.861606751510937,10.214311755676597,9.762849493530675,10.143770217895508,4038170,0.0,0.0
2018-10-23 00:00:00+08:00,10.171985882567265,10.45414842767413,9.988578796386719,9.988578796386719,4382011,0.0,0.0
2018-10-24 00:00:00+08:00,10.087338083468415,10.12966211206667,9.875715255737305,9.875715255737305,3302908,0.0,0.0
2018-10-25 00:00:00+08:00,9.19852330441175,9.381929509800075,8.916358947753906,8.916358947753906,6240678,0.0,0.0
2018-10-26 00:00:00+08:00,9.085657653217137,9.18441401370893,8.479005813598633,8.479005813598633,7369715,0.0,0.0
2018-10-29 00:00:00+08:00,8.535438537597656,8.718844730373428,8.337924038467873,8.535438537597656,4617462,0.0,0.0
2018-10-30 00:00:00+08:00,8.45079017395085,8.789385970015626,8.45079017395085,8.676521301269531,3389415,0.0,0.0
2018-10-31 00:00:00+08:00,8.85992614573851,9.311387481718839,8.831709532579366,9.170306205749512,4207245,0.0,0.0
2018-11-01 00:00:00+08:00,9.283171040753748,9.59355107660085,9.212629513347727,9.494792938232422,3978115,0.0,0.0
2018-11-02 00:00:00+08:00,9.776957472070842,10.08733754312288,9.607659576919998,9.734633445739746,6150473,0.0,0.0
2018-11-05 00:00:00+08:00,9.508902915074092,10.708097457885742,9.508902915074092,10.708097457885742,8227745,0.0,0.0
2018-11-06 00:00:00+08:00,11.427613178415305,11.68155912370066,10.736312402698198,10.83506965637207,14772940,0.0,0.0
2018-11-07 00:00:00+08:00,11.004367012077495,11.357071088714036,10.651662935440951,11.244206428527832,8231102,0.0,0.0
2018-11-08 00:00:00+08:00,11.357070946928076,11.413503276316657,10.947934545306245,11.004366874694824,5679081,0.0,0.0
2018-11-09 00:00:00+08:00,11.074908154534603,11.131340482646566,10.679879173011416,10.877392768859863,5003495,0.0,0.0
2018-11-12 00:00:00+08:00,10.792743828676333,11.173664504423511,10.792743828676333,11.032583236694336,4295107,0.0,0.0
2018-11-13 00:00:00+08:00,10.708096805229552,11.074909210205078,10.581122936232935,11.074909210205078,4338346,0.0,0.0
2018-11-14 00:00:00+08:00,11.089015866675178,12.09069575854272,10.976151207384627,11.752099990844727,11115212,0.0,0.0
2018-11-15 00:00:00+08:00,11.681557609596357,11.70977421982109,11.286529541015625,11.286529541015625,5690549,0.0,0.0
2018-11-16 00:00:00+08:00,11.286529751391836,11.286529751391836,10.792743537820568,10.863285064697266,6612200,0.0,0.0
2018-11-19 00:00:00+08:00,10.849177339774185,11.173664801115216,10.80685331629687,11.046690940856934,3653978,0.0,0.0
2018-11-20 00:00:00+08:00,10.58112225461835,10.77863675148372,10.369499451560714,10.49647331237793,7586015,0.0,0.0
2018-11-21 00:00:00+08:00,10.369500751561779,10.891503671552073,10.355393338514071,10.708097457885742,4425908,0.0,0.0
2018-11-22 00:00:00+08:00,10.792744924481948,11.00436774247528,10.510582360375155,10.567014694213867,4097443,0.0,0.0
2018-11-23 00:00:00+08:00,11.568693205844037,11.611017227172852,11.39939533070253,11.611017227172852,13695456,0.0,0.0
2018-11-26 00:00:00+08:00,11.82264106259933,12.006047259351194,11.314746497410132,11.85085678100586,14610073,0.0,0.0
2018-11-27 00:00:00+08:00,11.879073730993333,12.076588240002874,11.695668423956738,12.020155906677246,6546471,0.0,0.0
2018-11-28 00:00:00+08:00,12.03426151830529,13.219347500141435,11.977829193422842,12.965400695800781,18877051,0.0,0.0
2018-11-29 00:00:00+08:00,12.965402251954714,13.205241675045963,12.810212668716757,12.9512939453125,10101458,0.0,0.0
2018-11-30 00:00:00+08:00,13.120591005268729,13.233456556354097,12.288209915161133,12.288209915161133,12779937,0.0,0.0
2018-12-03 00:00:00+08:00,12.528048533634735,12.669131602398528,12.429292175326514,12.485725402832031,5996261,0.0,0.0
2018-12-04 00:00:00+08:00,12.528047661707,13.064158811131033,12.499831944831218,12.725563049316406,6121715,0.0,0.0
2018-12-05 00:00:00+08:00,12.51394066843791,12.612697918082526,12.274102144965656,12.429291725158691,4302583,0.0,0.0
2018-12-06 00:00:00+08:00,12.443399459695858,12.485724376847045,11.498151925784109,11.58280086517334,6500839,0.0,0.0
2018-12-07 00:00:00+08:00,11.709775504233596,11.89318170098546,11.709775504233596,11.85085678100586,2811999,0.0,0.0
2018-12-10 00:00:00+08:00,11.907289956282185,12.245885735005617,11.850856729886145,11.963723182678223,5665592,0.0,0.0
2018-12-11 00:00:00+08:00,12.006048067258282,12.259994919484788,11.879074193688398,11.921399116516113,3229868,0.0,0.0
2018-12-12 00:00:00+08:00,12.048370857778568,12.13301979353966,11.935504416879636,11.991937637329102,2476111,0.0,0.0
2018-12-13 00:00:00+08:00,12.189453546495225,12.217670160024202,11.92139840270957,12.048372268676758,3031826,0.0,0.0
2018-12-14 00:00:00+08:00,12.07658752453226,12.07658752453226,11.357071066420021,11.441720008850098,4792141,0.0,0.0
2018-12-17 00:00:00+08:00,11.35707057062262,11.498151836876064,11.314745653798704,11.342962265014648,2229124,0.0,0.0
2018-12-18 00:00:00+08:00,11.145448320580961,11.23009726344921,10.609338050777657,10.736311912536621,4921536,0.0,0.0
2018-12-19 00:00:00+08:00,10.877392425627757,10.877392425627757,10.609337309456302,10.665770530700684,2914999,0.0,0.0
2018-12-20 00:00:00+08:00,10.581122089498047,10.69398674744855,9.734632680303466,9.861605644226074,6587187,0.0,0.0
2018-12-21 00:00:00+08:00,9.847497656322082,10.355392213156671,9.776957019096308,10.228418350219727,4066034,0.0,0.0
2018-12-24 00:00:00+08:00,10.2566335097168,10.468256304785035,10.186093771244908,10.440040588378906,1208483,0.0,0.0
2018-12-25 00:00:00+08:00,10.200201445120387,10.256633774301537,10.059120174710927,10.214310646057129,1424393,0.0,0.0
2018-12-26 00:00:00+08:00,10.228419265891066,10.3271765248134,10.129662006968731,10.186095237731934,1232069,0.0,0.0
2018-12-27 00:00:00+08:00,11.173664796442882,11.201881408691406,11.173664796442882,11.201881408691406,2373267,0.0,0.0
2018-12-28 00:00:00+08:00,11.441719107425445,11.991937637329102,11.117231669493439,11.991937637329102,11513807,0.0,0.0
2019-01-02 00:00:00+08:00,12.17534496038466,12.189453266825454,11.723883628845215,11.723883628845215,5860536,0.0,0.0
2019-01-03 00:00:00+08:00,11.667450655517886,11.949613189143495,11.667450655517886,11.695667266845703,3298890,0.0,0.0
2019-01-04 00:00:00+08:00,11.568694815604642,11.66745207233125,11.244207325583826,11.596911430358887,2841299,0.0,0.0
2019-01-07 00:00:00+08:00,11.963722177782971,11.963722177782971,11.611017227172852,11.611017227172852,3495759,0.0,0.0
2019-01-08 00:00:00+08:00,11.709775390082005,11.752100309649006,11.554585808162724,11.568694114685059,1505874,0.0,0.0
2019-01-09 00:00:00+08:00,11.639234236698465,11.836749639533366,11.625126824629682,11.780317306518555,2430702,0.0,0.0
2019-01-10 00:00:00+08:00,11.87907260049222,11.963722434794596,11.58280086517334,11.58280086517334,3373827,0.0,0.0
2019-01-11 00:00:00+08:00,11.695668687085494,11.723884406926489,11.554586508227521,11.596911430358887,1435420,0.0,0.0
2019-01-14 00:00:00+08:00,11.681559294515251,11.977831059869127,11.625126960839232,11.86496639251709,3733139,0.0,0.0
2019-01-15 00:00:00+08:00,11.864966253497384,12.076588173487844,11.780317306518555,11.780317306518555,3303252,0.0,0.0
2019-01-16 00:00:00+08:00,12.034262962700558,12.9512939453125,12.034262962700558,12.9512939453125,7875474,0.0,0.0
2019-01-17 00:00:00+08:00,13.007726806921253,13.896541212460317,12.979511087400478,13.092375755310059,22682349,0.0,0.0
2019-01-18 00:00:00+08:00,13.205241958982988,13.51562113213263,13.035943170549375,13.12059211730957,8079930,0.0,0.0
2019-01-21 00:00:00+08:00,13.37453900802643,13.416862136364385,12.725563193899534,12.810212135314941,4716092,0.0,0.0
2019-01-22 00:00:00+08:00,13.035942634478614,13.035942634478614,12.41518341879329,12.429291725158691,5909841,0.0,0.0
2019-01-23 00:00:00+08:00,12.429292255311012,12.852537884673175,12.358751615388393,12.57037353515625,5242486,0.0,0.0
2019-01-24 00:00:00+08:00,12.781996589467957,12.951294486421446,12.62680699974613,12.697347640991211,4783203,0.0,0.0
2019-01-25 00:00:00+08:00,12.78199577331543,12.923077046797308,12.669131112495199,12.78199577331543,4398380,0.0,0.0
2019-01-28 00:00:00+08:00,12.880753307014627,13.064159503537017,12.781996055432327,12.9512939453125,4184963,0.0,0.0
2019-01-29 00:00:00+08:00,12.95129340603623,12.979510018145755,12.767887217150655,12.810212135314941,2681794,0.0,0.0
2019-01-30 00:00:00+08:00,12.908970936656237,12.908970936656237,12.598590850830078,12.598590850830078,3523709,0.0,0.0
2019-02-11 00:00:00+08:00,12.683239170201254,12.838428757921815,12.415184020996094,12.415184020996094,3069919,0.0,0.0
2019-02-12 00:00:00+08:00,12.471616170355745,12.739671315607744,12.344643198607185,12.683238983154297,3531585,0.0,0.0
2019-02-13 00:00:00+08:00,12.711455884999696,12.866645473949653,12.45750904083252,12.45750904083252,3123775,0.0,0.0
2019-02-14 00:00:00+08:00,12.570373267114237,13.699027061462402,12.570373267114237,13.699027061462402,13995786,0.0,0.0
2019-02-15 00:00:00+08:00,13.332215243235423,13.332215243235423,12.73967170715332,12.73967170715332,10937875,0.0,0.0
2019-02-18 00:00:00+08:00,12.81021287770221,13.007726489175843,12.739671343340323,12.880753517150879,4135859,0.0,0.0
2019-02-19 00:00:00+08:00,12.993618755607848,13.473296702829947,12.93718642442833,13.064159393310547,8555788,0.0,0.0
2019-02-20 00:00:00+08:00,13.261674251049124,13.360430609537818,13.021835718452033,13.078268051147461,4964652,0.0,0.0
2019-02-21 00:00:00+08:00,13.120590824061159,13.205240657390952,12.852536598169346,12.908968925476074,4357919,0.0,0.0
2019-02-22 00:00:00+08:00,12.979509616466908,13.05005024964452,12.683237883225166,12.753779411315918,5126602,0.0,0.0
2019-02-25 00:00:00+08:00,12.866644716387192,12.894861329048842,12.739670854322956,12.78199577331543,3025771,0.0,0.0
2019-02-26 00:00:00+08:00,12.866644758608901,13.162916507788877,12.781995815259362,12.824319839477539,4312757,0.0,0.0
2019-02-27 00:00:00+08:00,12.951293701958438,12.965402008335559,12.796103226723297,12.824319839477539,2026934,0.0,0.0
2019-03-04 00:00:00+08:00,12.894861076730347,12.923076793926706,12.796102934347013,12.810212135314941,2016666,0.0,0.0
2019-03-05 00:00:00+08:00,12.753780337061098,13.1488075535639,12.753780337061098,12.9512939453125,4126471,0.0,0.0
2019-03-06 00:00:00+08:00,13.035942327703987,13.148806986144779,12.979509998483591,13.007725715637207,2679421,0.0,0.0
2019-03-07 00:00:00+08:00,13.120591581176404,13.332214386886179,12.979510307312012,12.979510307312012,5644803,0.0,0.0
2019-03-08 00:00:00+08:00,12.852538125626277,12.908970459639693,12.62680699974613,12.697347640991211,4229016,0.0,0.0
2019-03-11 00:00:00+08:00,12.626806901823514,12.810213104586328,12.626806901823514,12.655022621154785,3320322,0.0,0.0
2019-03-12 00:00:00+08:00,12.753780097418307,13.078267564439338,12.753780097418307,12.824319839477539,5728520,0.0,0.0
2019-03-13 00:00:00+08:00,12.880752372052994,12.937185594525594,12.683237883225166,12.753779411315918,2717514,0.0,0.0
2019-03-14 00:00:00+08:00,12.767887676489908,12.866644927512981,12.711455345153809,12.711455345153809,2706267,0.0,0.0
2019-03-15 00:00:00+08:00,12.79610400178638,12.96540279365311,12.697347640991211,12.697347640991211,4412538,0.0,0.0
2019-03-18 00:00:00+08:00,12.753781105002938,12.810213440056549,12.1330218397602,12.471616744995117,6044297,0.0,0.0
2019-03-19 00:00:00+08:00,12.274102693764815,12.796103788232028,12.274102693764815,12.767888069152832,5334827,0.0,0.0
2019-03-20 00:00:00+08:00,12.852538165355522,12.866645577717554,12.697347680240737,12.73967170715332,2626635,0.0,0.0
2019-03-21 00:00:00+08:00,12.739671902597966,12.838429160126726,12.274103124850853,12.471616744995117,4546883,0.0,0.0
2019-03-22 00:00:00+08:00,12.38696656092777,12.584481951221413,12.274101902064496,12.30231761932373,3982754,0.0,0.0
2019-03-25 00:00:00+08:00,11.991939446564007,12.076588395096167,11.780317522690234,11.949614524841309,4126900,0.0,0.0
2019-03-26 00:00:00+08:00,11.963722419697504,12.245884954030116,11.963722419697504,12.09069538116455,2959316,0.0,0.0
2019-03-27 00:00:00+08:00,12.090696347182453,12.13302126766189,11.780317176652764,11.935505867004395,2620938,0.0,0.0
2019-03-28 00:00:00+08:00,11.89318170098546,11.89318170098546,11.780317037532932,11.85085678100586,2217081,0.0,0.0
2019-03-29 00:00:00+08:00,11.85085624135618,11.94961348856496,11.653342641851783,11.7097749710083,3268555,0.0,0.0
2019-04-01 00:00:00+08:00,11.808532745601516,12.020155555487847,11.723883800629626,12.006047248840332,3525646,0.0,0.0
2019-04-02 00:00:00+08:00,12.020155514161061,12.13302107203994,11.935505674567002,11.963723182678223,1606837,0.0,0.0
2019-04-03 00:00:00+08:00,11.99193863322664,12.034262657165527,11.893181384151662,12.034262657165527,1199604,0.0,0.0
2019-04-08 00:00:00+08:00,12.118911141076504,12.344642243247245,12.062478812990392,12.288209915161133,4616978,0.0,0.0
2019-04-09 00:00:00+08:00,12.288210689593148,12.640914775914169,12.288210689593148,12.556265830993652,5969877,0.0,0.0
2019-04-10 00:00:00+08:00,12.584482169423437,12.810212385977078,12.443400001028374,12.78199577331543,3676632,0.0,0.0
2019-04-11 00:00:00+08:00,12.866644318434783,12.979509870677377,12.528047661707,12.725563049316406,4327197,0.0,0.0
2019-04-12 00:00:00+08:00,12.838428135189378,12.838428135189378,12.429291725158691,12.429291725158691,1818902,0.0,0.0
2019-04-15 00:00:00+08:00,12.528048254756788,12.753780264840781,12.513940843107662,12.711455345153809,2207239,0.0,0.0
2019-04-16 00:00:00+08:00,12.753780079453772,12.838428127770893,12.528048072650986,12.584482192993164,1419482,0.0,0.0
2019-04-17 00:00:00+08:00,12.528047416338653,12.838427455198543,12.429291066837877,12.753779411315918,2451958,0.0,0.0
2019-04-18 00:00:00+08:00,12.796104237651575,12.86664577511016,12.471616744995117,12.471616744995117,1967653,0.0,0.0
2019-04-19 00:00:00+08:00,12.584482210719232,12.88075306498602,12.55626559796499,12.824319839477539,2787568,0.0,0.0
2019-04-22 00:00:00+08:00,12.951294270277117,12.951294270277117,12.725564043077425,12.767888069152832,2012529,0.0,0.0
2019-04-23 00:00:00+08:00,12.810212849816072,12.824320261744521,12.62680665070085,12.683238983154297,1027453,0.0,0.0
2019-04-24 00:00:00+08:00,12.725564016881881,12.725564016881881,12.556266123102304,12.57037353515625,1070867,0.0,0.0
2019-04-25 00:00:00+08:00,12.62680699974613,12.82432061624971,12.570373770819474,12.697347640991211,1099458,0.0,0.0
2019-04-26 00:00:00+08:00,12.697346649310978,12.767887285046738,12.499832153320312,12.499832153320312,1299089,0.0,0.0
2019-04-29 00:00:00+08:00,12.584481866264639,12.626805889324347,12.062479019165039,12.062479019165039,2036254,0.0,0.0
2019-04-30 00:00:00+08:00,12.062479680528037,12.231777571875481,11.907290095945081,12.048372268676758,1486090,0.0,0.0
2019-05-02 00:00:00+08:00,12.048371689424785,12.330534231496133,12.048371689424785,12.30231761932373,751655,0.0,0.0
2019-05-03 00:00:00+08:00,12.217669572632861,12.38696656092777,12.133020631028822,12.30231761932373,969834,0.0,0.0
2019-05-06 00:00:00+08:00,12.147128955810418,12.189453877252358,11.808533163927837,11.86496639251709,1611823,0.0,0.0
2019-05-07 00:00:00+08:00,11.991938604869647,12.44339993032491,11.963722887281504,12.386966705322266,1930731,0.0,0.0
2019-05-08 00:00:00+08:00,12.090696956512005,12.344643807447039,12.090696956512005,12.274103164672852,1018843,0.0,0.0
2019-05-09 00:00:00+08:00,12.147128813484663,12.316427602355544,11.709775771608511,11.780317306518555,1765260,0.0,0.0
2019-05-10 00:00:00+08:00,11.794424231701539,11.935505505871202,11.498152482049425,11.526369094848633,1419142,0.0,0.0
2019-05-13 00:00:00+08:00,11.54047851917386,11.709776422542609,11.159558684050811,11.215991020202637,1510383,0.0,0.0
2019-05-14 00:00:00+08:00,10.891502960332058,11.455828977528016,10.736312477808433,11.427613258361816,1618677,0.0,0.0
2019-05-15 00:00:00+08:00,11.300638571068923,11.76620730016482,11.300638571068923,11.7097749710083,1387974,0.0,0.0
2019-05-16 00:00:00+08:00,11.7097749710083,11.737991583043142,11.455828147434222,11.7097749710083,934084,0.0,0.0
2019-05-17 00:00:00+08:00,11.639232694259258,11.780315745382921,11.286529541015625,11.286529541015625,1032987,0.0,0.0
2019-05-20 00:00:00+08:00,11.300638758620934,11.512261562568131,11.230097227363084,11.244206428527832,938450,0.0,0.0
2019-05-21 00:00:00+08:00,11.244207208510531,11.498153159001681,11.244207208510531,11.357071876525879,969578,0.0,0.0
2019-05-22 00:00:00+08:00,11.427613258361816,11.498153003733929,11.357071723163248,11.427613258361816,771580,0.0,0.0
2019-05-23 00:00:00+08:00,11.540477007888322,11.540477007888322,11.300638492009575,11.314745903015137,848739,0.0,0.0
2019-05-24 00:00:00+08:00,11.554585732669281,11.554585732669281,11.328855514526367,11.328855514526367,782025,0.0,0.0
2019-05-27 00:00:00+08:00,11.371179371689824,11.413502497200712,11.286529541015625,11.286529541015625,462535,0.0,0.0
2019-05-28 00:00:00+08:00,11.328855614698083,11.441720277310914,11.328855614698083,11.371180534362793,430807,0.0,0.0
2019-05-29 00:00:00+08:00,11.357071315629957,11.484045179517867,11.286530677875872,11.413503646850586,530368,0.0,0.0
2019-05-30 00:00:00+08:00,11.413503290827574,11.554585456848145,11.37118016237379,11.554585456848145,1433871,0.0,0.0
2019-05-31 00:00:00+08:00,11.55458662504638,11.596911547605659,11.45582936732132,11.48404598236084,806827,0.0,0.0
2019-06-03 00:00:00+08:00,11.4417202599175,11.52636920420504,11.37118051707661,11.413503646850586,397497,0.0,0.0
2019-06-04 00:00:00+08:00,11.42761220205794,11.498151940909759,11.371179874028599,11.385287284851074,288679,0.0,0.0
2019-06-05 00:00:00+08:00,11.498153003733929,11.540477924853072,11.427613258361816,11.427613258361816,1202181,0.0,0.0
2019-06-06 00:00:00+08:00,11.441720923504148,11.512262460262633,11.371181176572158,11.399396896362305,674048,0.0,0.0
2019-06-10 00:00:00+08:00,11.46993687298441,11.52636920420504,11.37118051707661,11.413503646850586,683127,0.0,0.0
2019-06-11 00:00:00+08:00,11.42761389961183,11.526370264604992,11.42761389961183,11.455829620361328,506734,0.0,0.0
2019-06-12 00:00:00+08:00,11.5969120709588,11.653344408671297,11.568695454645903,11.625127792358398,1307402,0.0,0.0
2019-06-13 00:00:00+08:00,11.78031661958691,12.161236411322903,11.681558476471615,12.147128105163574,2350972,0.0,0.0
2019-06-14 00:00:00+08:00,12.147128880388214,12.203561213713842,11.921398652172476,12.020155906677246,1590706,0.0,0.0
2019-06-17 00:00:00+08:00,11.991939759649043,12.118912738305664,11.907290808906875,11.921399116516113,821922,0.0,0.0
2019-06-18 00:00:00+08:00,11.921399116516113,12.034263787563495,11.808533550555467,11.921399116516113,632097,0.0,0.0
2019-06-19 00:00:00+08:00,11.991939406931598,12.09069666237827,11.9072904586792,11.9072904586792,1029112,0.0,0.0
2019-06-20 00:00:00+08:00,11.907288224885239,12.443398428214506,11.879071615790098,12.401074409484863,2548147,0.0,0.0
2019-06-21 00:00:00+08:00,12.401075571245068,12.401075571245068,12.175344467163086,12.175344467163086,1685889,0.0,0.0
2019-06-24 00:00:00+08:00,12.175345633868542,12.274102889503702,12.076588378233382,12.104804992675781,627368,0.0,0.0
2019-06-25 00:00:00+08:00,12.090696347182453,12.203561011967858,11.935505867004395,11.935505867004395,991583,0.0,0.0
2019-06-26 00:00:00+08:00,11.893182404173714,12.00604796921266,11.879074096679688,11.879074096679688,533698,0.0,0.0
2019-06-27 00:00:00+08:00,11.893180250713224,12.259992599487305,11.822639620928921,12.259992599487305,1192751,0.0,0.0
2019-06-28 00:00:00+08:00,12.161236662516277,12.203560686955303,12.090696025175776,12.118911743164062,721091,0.0,0.0
2019-07-01 00:00:00+08:00,12.161236903530193,12.316427382650723,12.161236903530193,12.245885848999023,976607,0.0,0.0
2019-07-02 00:00:00+08:00,12.316426820323098,12.41518317310017,12.217669572632861,12.30231761932373,1021571,0.0,0.0
2019-07-03 00:00:00+08:00,12.24588542677435,12.683238445769392,12.24588542677435,12.542157173156738,2041301,0.0,0.0
2019-07-04 00:00:00+08:00,12.584482447180925,12.97951055859693,12.584482447180925,12.9512939453125,3950906,0.0,0.0
2019-07-05 00:00:00+08:00,12.937185994894634,12.937185994894634,12.767887217150655,12.810212135314941,1314973,0.0,0.0
2019-07-08 00:00:00+08:00,12.711455312699082,12.796103362030511,12.499832504630923,12.513940811157227,1442679,0.0,0.0
2019-07-09 00:00:00+08:00,12.655022382108395,12.655022382108395,12.499832796521533,12.528048515319824,850043,0.0,0.0
2019-07-10 00:00:00+08:00,12.612699115726368,12.810213633770674,12.528049269496005,12.796104431152344,1331601,0.0,0.0
2019-07-11 00:00:00+08:00,12.908969635379666,12.96540196578978,12.725563442905313,12.78199577331543,1616760,0.0,0.0
2019-07-12 00:00:00+08:00,12.711455202667166,12.810212452583238,12.556265622047562,12.626806259155273,1750084,0.0,0.0
2019-07-15 00:00:00+08:00,12.697347542521543,12.767888183219572,12.499833032636475,12.655022621154785,1037267,0.0,0.0
2019-07-16 00:00:00+08:00,12.626806259155273,12.767887533370699,12.598589646346914,12.626806259155273,823055,0.0,0.0
2019-07-17 00:00:00+08:00,12.626806217151723,12.69734685402478,12.556265580278668,12.584482192993164,937300,0.0,0.0
2019-07-18 00:00:00+08:00,12.528048687567468,12.61269852986584,12.415184020996094,12.415184020996094,1281557,0.0,0.0
2019-07-19 00:00:00+08:00,12.485723688692785,12.640913253200866,12.217668579581963,12.259992599487305,2054473,0.0,0.0
2019-07-22 00:00:00+08:00,12.203560371633491,12.401075761927137,12.203560371633491,12.30231761932373,641527,0.0,0.0
2019-07-23 00:00:00+08:00,12.33053288674701,12.51393905603929,12.33053288674701,12.401074409484863,739997,0.0,0.0
2019-07-24 00:00:00+08:00,12.429290123666934,12.52804646567379,12.35874949584215,12.401074409484863,591935,0.0,0.0
2019-07-25 00:00:00+08:00,12.48572494340561,12.669131136223468,12.401076000175307,12.584482192993164,968912,0.0,0.0
2019-07-26 00:00:00+08:00,12.75377935419772,12.908968925476074,12.640913804671127,12.908968925476074,2170887,0.0,0.0
2019-07-29 00:00:00+08:00,13.106483737589807,14.178705215454102,13.092375430722575,14.178705215454102,7687750,0.0,0.0
2019-07-30 00:00:00+08:00,14.954654729063366,15.589521408081055,14.601949725845499,15.589521408081055,23393393,0.0,0.0
2019-07-31 00:00:00+08:00,15.589520878648806,15.730602159214117,14.954654221191682,15.448439598083496,11046391,0.0,0.0
2019-08-01 00:00:00+08:00,15.30735763218853,16.4360096160063,14.954653551653031,16.365468978881836,12698630,0.0,0.0
2019-08-02 00:00:00+08:00,15.94222640991211,16.57709398378783,15.589521406724925,15.94222640991211,8774691,0.0,0.0
2019-08-05 00:00:00+08:00,15.942225982815511,16.224388545944834,14.884112791427613,15.095736503601074,6647899,0.0,0.0
2019-08-06 00:00:00+08:00,14.390326724337871,15.801143947227066,14.178704812089386,15.66006088256836,6794603,0.0,0.0
2019-08-07 00:00:00+08:00,15.80114284743791,15.942224112450713,15.377897262573242,15.377897262573242,5626534,0.0,0.0
2019-08-08 00:00:00+08:00,15.518980765402784,15.942226411298922,15.095736909333164,15.589521408081055,3699849,0.0,0.0
2019-08-12 00:00:00+08:00,15.801144617008243,17.141420364379883,15.660061546369285,17.141420364379883,12944801,0.0,0.0
2019-08-13 00:00:00+08:00,16.8592586517334,17.00033995462789,16.506553604670433,16.8592586517334,6839327,0.0,0.0
2019-08-14 00:00:00+08:00,17.141420809419518,17.353042736132565,15.236818099522571,15.307358741760254,11762509,0.0,0.0
2019-08-15 00:00:00+08:00,14.67248954123587,15.307357040648478,14.460866743127282,15.23681640625,4854785,0.0,0.0
2019-08-16 00:00:00+08:00,15.236817785165735,15.377899066730397,14.884112791427613,15.095736503601074,2254894,0.0,0.0
2019-08-19 00:00:00+08:00,15.307358425948067,15.518980348295058,14.954654327123178,15.095736503601074,2293981,0.0,0.0
2019-08-20 00:00:00+08:00,15.23681640625,15.58951957824239,15.166273982025215,15.23681640625,2226326,0.0,0.0
2019-08-21 00:00:00+08:00,15.5189806684733,15.660061952948666,15.236818099522571,15.307358741760254,1538795,0.0,0.0
2019-08-22 00:00:00+08:00,15.377896857599032,15.589518749545212,14.813570022583008,14.813570022583008,2822432,0.0,0.0
2019-08-23 00:00:00+08:00,14.81357139429543,14.954653563569966,14.460867313478872,14.672490119934082,2176039,0.0,0.0
2019-08-26 00:00:00+08:00,14.319785681108273,14.460866951942444,14.094055468790964,14.108162879943848,2688490,0.0,0.0
2019-08-27 00:00:00+08:00,14.249244757056948,14.390326928807072,13.656702141463404,13.699027061462402,3017327,0.0,0.0
2019-08-28 00:00:00+08:00,13.741351541949701,14.065839921289594,13.741351541949701,13.995298385620117,1440217,0.0,0.0
2019-08-29 00:00:00+08:00,14.319785384178854,14.319785384178854,13.840107462445381,13.938864707946777,1401781,0.0,0.0
2019-08-30 00:00:00+08:00,14.00940652719587,14.094056368998881,13.51562115282431,13.713134765625,3140020,0.0,0.0
2019-09-02 00:00:00+08:00,13.826000715473239,14.319786071777344,13.670810239425979,14.319786071777344,1694966,0.0,0.0
2019-09-03 00:00:00+08:00,14.319786250798758,14.319786250798758,14.009406189737158,14.05173110961914,1541223,0.0,0.0
2019-09-04 00:00:00+08:00,14.108163593890026,14.108163593890026,13.9247573955764,13.981189727783203,1214951,0.0,0.0
2019-09-05 00:00:00+08:00,14.079947234179746,14.1787053834203,13.952973365783691,13.952973365783691,1522751,0.0,0.0
2019-09-06 00:00:00+08:00,14.037622313076653,14.06583982205861,13.91065023450705,13.952973365783691,1458739,0.0,0.0
2019-09-10 00:00:00+08:00,13.713134744630937,13.713134744630937,13.092375503418431,13.12059211730957,4388667,0.0,0.0
2019-09-11 00:00:00+08:00,13.191130799304153,13.459185906745724,13.148805884749283,13.430970191955566,1178018,0.0,0.0
2019-09-12 00:00:00+08:00,13.473296600541335,13.811891479961051,13.473296600541335,13.572052955627441,1462151,0.0,0.0
2019-09-16 00:00:00+08:00,13.713133368756518,13.727241674286564,13.416861637364939,13.459186553955078,1471581,0.0,0.0
2019-09-17 00:00:00+08:00,13.515621199732507,13.529729506748641,13.33221499834922,13.360430717468262,746949,0.0,0.0
2019-09-18 00:00:00+08:00,13.402754956396628,13.459187286675869,13.106483208875957,13.134699821472168,1290219,0.0,0.0
2019-09-19 00:00:00+08:00,13.13469998914773,13.275781264103445,12.88075315727953,13.021835327148438,2363477,0.0,0.0
2019-09-20 00:00:00+08:00,13.177025273215865,13.360430577768192,13.050051406311558,13.275781631469727,1058969,0.0,0.0
2019-09-23 00:00:00+08:00,13.402754974048825,14.249244403918214,13.402754974048825,14.079946517944336,3480439,0.0,0.0
2019-09-24 00:00:00+08:00,14.07994639585793,14.108163008246638,13.797783851623535,13.797783851623535,1817986,0.0,0.0
2019-09-25 00:00:00+08:00,13.755458287283616,13.755458287283616,13.586160410725485,13.61437702178955,965235,0.0,0.0
2019-09-26 00:00:00+08:00,13.6284846822489,13.811890867701308,13.557944943121848,13.586160659790039,950191,0.0,0.0
2019-09-27 00:00:00+08:00,13.572052371390658,13.572052371390658,13.205240894928954,13.2334566116333,1565904,0.0,0.0
2019-10-01 00:00:00+08:00,13.346321899540971,13.501511470545218,13.050050168149392,13.459186553955078,1379969,0.0,0.0
2019-10-02 00:00:00+08:00,13.374539484855946,13.430971816173756,13.247565620749377,13.261673927307129,512488,0.0,0.0
2019-10-03 00:00:00+08:00,13.261674490697624,13.289891105011844,13.120592314039765,13.205242156982422,470944,0.0,0.0
2019-10-04 00:00:00+08:00,13.374539452080892,13.374539452080892,13.050051086787368,13.064159393310547,1015941,0.0,0.0
2019-10-07 00:00:00+08:00,13.092375322577375,13.134700242829464,12.965402351647533,12.993618965148926,795211,0.0,0.0
2019-10-08 00:00:00+08:00,13.021835184176576,13.078267514556629,12.894861322179974,12.937186241149902,610479,0.0,0.0
2019-10-09 00:00:00+08:00,12.951294128406296,12.951294128406296,12.584482625089068,12.683238983154297,1615833,0.0,0.0
2019-10-14 00:00:00+08:00,12.781996376149042,12.86664532321308,12.711455736081215,12.767888069152832,898865,0.0,0.0
2019-10-15 00:00:00+08:00,12.767887957085078,12.908970130895634,12.767887957085078,12.880753517150879,786966,0.0,0.0
2019-10-16 00:00:00+08:00,13.035942522045545,13.952972583842289,13.007725909558108,13.684917449951172,4336869,0.0,0.0
2019-10-17 00:00:00+08:00,13.572052520234879,13.572052520234879,13.2616733686911,13.318105697631836,1630704,0.0,0.0
2019-10-18 00:00:00+08:00,13.33221400359531,13.529728497257619,13.247565062727627,13.318105697631836,703365,0.0,0.0
2019-10-21 00:00:00+08:00,13.318106258624939,13.33221456518269,13.219349007633873,13.261673927307129,499133,0.0,0.0
2019-10-22 00:00:00+08:00,13.332214000774583,13.586160823323898,13.318105694814095,13.473296165466309,1203055,0.0,0.0
2019-10-23 00:00:00+08:00,13.445079799000341,13.473297308227796,13.205242156982422,13.205242156982422,1024859,0.0,0.0
2019-10-24 00:00:00+08:00,13.247566476082337,13.332215425981035,13.205242448589617,13.21934986114502,791099,0.0,0.0
2019-10-25 00:00:00+08:00,13.275781390231796,13.332214616680787,13.13470011393572,13.148807525634766,711140,0.0,0.0
2019-10-28 00:00:00+08:00,13.177024740366484,13.318106013521177,13.134699821472168,13.134699821472168,601518,0.0,0.0
2019-10-29 00:00:00+08:00,13.134699821472168,13.402754956396628,13.120591515174063,13.134699821472168,1207570,0.0,0.0
2019-10-30 00:00:00+08:00,13.360429574085734,13.360429574085734,13.205240894928954,13.2334566116333,734169,0.0,0.0
2019-10-31 00:00:00+08:00,13.473297312703625,13.65670262106727,13.388647469732847,13.445079803466797,1746590,0.0,0.0
2019-11-01 00:00:00+08:00,13.430973393786264,13.430973393786264,13.233458868603924,13.247567176818848,706629,0.0,0.0
2019-11-04 00:00:00+08:00,13.416862768238774,13.416862768238774,13.14880762531359,13.191132545471191,755594,0.0,0.0
2019-11-05 00:00:00+08:00,13.205240851876592,13.303997202389558,13.021834666787115,13.035942077636719,1026969,0.0,0.0
2019-11-06 00:00:00+08:00,13.03594263787513,13.13469988754548,12.951293694573858,12.979510307312012,961786,0.0,0.0
2019-11-07 00:00:00+08:00,13.050051524337366,13.050051524337366,12.697347429085005,12.767888069152832,1559743,0.0,0.0
2019-11-08 00:00:00+08:00,12.76788826554635,12.95129446949176,12.739671651119906,12.852538108825684,721553,0.0,0.0
2019-11-11 00:00:00+08:00,12.781996248896968,12.838428581406768,12.528048515319824,12.528048515319824,1382152,0.0,0.0
2019-11-12 00:00:00+08:00,12.556266296049738,12.655022656353722,12.386967505025053,12.45750904083252,792176,0.0,0.0
2019-11-13 00:00:00+08:00,12.626806359442995,12.683238690594738,12.48572508410704,12.6691312789917,852704,0.0,0.0
2019-11-14 00:00:00+08:00,12.655021942265543,12.697346861361744,12.41518341879329,12.429291725158691,648507,0.0,0.0
2019-11-15 00:00:00+08:00,12.612698456057755,12.739671428935827,12.528048614254745,12.57037353515625,702533,0.0,0.0
2019-11-18 00:00:00+08:00,12.556265580278668,12.908969659557133,12.556265580278668,12.584482192993164,537429,0.0,0.0
2019-11-19 00:00:00+08:00,12.598589855997309,12.824320077480953,12.528048322802542,12.556265830993652,417705,0.0,0.0
2019-11-20 00:00:00+08:00,12.471616201042433,12.55626604230071,12.415183868450134,12.485725402832031,442315,0.0,0.0
2019-11-21 00:00:00+08:00,12.485725384578995,12.626806663310104,12.429292157155977,12.528048515319824,401742,0.0,0.0
2019-11-22 00:00:00+08:00,12.584482343788743,12.725563619225385,12.513940811157227,12.513940811157227,708639,0.0,0.0
2019-11-25 00:00:00+08:00,12.513941275430968,12.626806836915568,12.415184020996094,12.415184020996094,641856,0.0,0.0
2019-11-26 00:00:00+08:00,12.42929162407425,12.513940566665037,12.386966705322266,12.386966705322266,524127,0.0,0.0
2019-11-27 00:00:00+08:00,12.45750823657557,12.45750823657557,12.386966705322266,12.386966705322266,525457,0.0,0.0
2019-11-28 00:00:00+08:00,12.415183086082454,12.457508004044403,12.203560286099036,12.217669486999512,1137382,0.0,0.0
2019-11-29 00:00:00+08:00,12.203561589389244,12.231778204377296,11.879074096679688,11.879074096679688,1523591,0.0,0.0
2019-12-02 00:00:00+08:00,11.893182305625459,11.921398920379703,11.455829251500914,11.596911430358887,1191923,0.0,0.0
2019-12-03 00:00:00+08:00,11.709775363957087,11.836749227461612,11.6392338315028,11.766207695007324,734309,0.0,0.0
2019-12-04 00:00:00+08:00,11.78031660312395,11.836748932769225,11.752099990844727,11.752099990844727,461604,0.0,0.0
2019-12-05 00:00:00+08:00,11.737992574975173,11.75210088218483,11.427613396015639,11.512262344360352,2065246,0.0,0.0
2019-12-06 00:00:00+08:00,11.52636920420504,11.639233866646297,11.37118051707661,11.413503646850586,857133,0.0,0.0
2019-12-09 00:00:00+08:00,11.342962265014648,11.427612098662479,11.272421631887926,11.342962265014648,1369514,0.0,0.0
2019-12-10 00:00:00+08:00,11.469937422731377,11.54047806386643,11.371181062090244,11.512262344360352,826763,0.0,0.0
2019-12-11 00:00:00+08:00,11.540477752685547,11.653343312406236,11.498152832197833,11.540477752685547,689745,0.0,0.0
2019-12-12 00:00:00+08:00,11.540477924853072,11.5686945389325,11.427613258361816,11.427613258361816,587980,0.0,0.0
2019-12-13 00:00:00+08:00,11.45582833756185,11.469936643813421,11.215989816024692,11.244206428527832,1124483,0.0,0.0
2019-12-16 00:00:00+08:00,11.244206017665801,11.357070673727945,11.131340466690512,11.230096817016602,1332267,0.0,0.0
2019-12-17 00:00:00+08:00,11.286530452369364,11.328855371124074,11.244206428527832,11.244206428527832,1217863,0.0,0.0
2019-12-18 00:00:00+08:00,11.328854456352724,11.357070171664352,11.27242123590326,11.286529541015625,738300,0.0,0.0
2019-12-19 00:00:00+08:00,11.286530325813546,11.596910375128266,11.286530325813546,11.554585456848145,2141737,0.0,0.0
2019-12-20 00:00:00+08:00,11.653342891283174,11.822640777289593,11.582801359686181,11.681558609008789,2213168,0.0,0.0
2019-12-23 00:00:00+08:00,11.639234010096072,11.639234010096072,11.48404532105499,11.498152732849121,721672,0.0,0.0
2019-12-24 00:00:00+08:00,11.498153003733929,11.554586231892785,11.427613258361816,11.427613258361816,558714,0.0,0.0
2019-12-25 00:00:00+08:00,11.526369617813357,11.554586231892785,11.427613258361816,11.427613258361816,643186,0.0,0.0
2019-12-26 00:00:00+08:00,11.427612839288111,11.582801526294197,11.427612839288111,11.568694114685059,993712,0.0,0.0
2019-12-27 00:00:00+08:00,11.526369346263794,11.639234010096072,11.498152732849121,11.498152732849121,608939,0.0,0.0
2019-12-30 00:00:00+08:00,11.568694815604642,12.147129153673912,11.49815327871903,11.596911430358887,3086895,0.0,0.0
2019-12-31 00:00:00+08:00,11.498152732849121,11.611018291594606,11.48404532105499,11.498152732849121,1348434,0.0,0.0
2020-01-02 00:00:00+08:00,11.540478200850398,11.681559484795123,11.540478200850398,11.596911430358887,1044263,0.0,0.0
2020-01-03 00:00:00+08:00,11.639234284304612,11.695668407376695,11.413504056408874,11.427613258361816,1214023,0.0,0.0
2020-01-06 00:00:00+08:00,11.455828315073973,11.568693869951801,11.427612597539397,11.441720008850098,877979,0.0,0.0
2020-01-07 00:00:00+08:00,11.455828482571384,11.540477426239127,11.2865305952359,11.328855514526367,1109446,0.0,0.0
2020-01-08 00:00:00+08:00,11.342963077488358,11.399396303962444,11.25831413269043,11.25831413269043,941832,0.0,0.0
2020-01-09 00:00:00+08:00,11.244206327064193,11.37118018726938,11.201881408691406,11.201881408691406,1126740,0.0,0.0
2020-01-10 00:00:00+08:00,11.230097869353049,11.371180939934034,11.21599045720818,11.272422790527344,675112,0.0,0.0
2020-01-13 00:00:00+08:00,11.977829800471312,11.977829800471312,11.582800821534434,11.695667266845703,2778272,0.0,0.0
2020-01-14 00:00:00+08:00,11.709775390082005,11.794424334302812,11.54047750164039,11.568694114685059,944492,0.0,0.0
2020-01-15 00:00:00+08:00,11.568693454369422,11.709774721713758,11.568693454369422,11.58280086517334,1183276,0.0,0.0
2020-01-16 00:00:00+08:00,11.66745044882877,11.66745044882877,11.568693205844037,11.611017227172852,609929,0.0,0.0
2020-01-17 00:00:00+08:00,11.639233857470336,11.709775390082005,11.568694114685059,11.568694114685059,843438,0.0,0.0
2020-01-20 00:00:00+08:00,11.568693454369422,11.667450699475715,11.540476842935297,11.58280086517334,695341,0.0,0.0
2020-01-30 00:00:00+08:00,10.58112337383328,11.074909668226796,10.425932884216309,10.425932884216309,2533502,0.0,0.0
2020-01-31 00:00:00+08:00,10.28485051465828,10.581122260110105,10.256633902259102,10.341282844543457,1222134,0.0,0.0
2020-02-03 00:00:00+08:00,9.847498152683215,9.875714766961053,9.565335589557773,9.776957511901855,1353551,0.0,0.0
2020-02-04 00:00:00+08:00,9.81928287576932,10.115553759383461,9.776957952445429,10.07322883605957,885960,0.0,0.0
2020-02-05 00:00:00+08:00,10.07322815215538,10.087337353885365,9.875714541460217,10.00268840789795,1034286,0.0,0.0
2020-02-06 00:00:00+08:00,9.974470989705152,10.143768868024106,9.974470989705152,10.087336540222168,1045593,0.0,0.0
2020-02-07 00:00:00+08:00,10.087337467737553,10.087337467737553,9.875714652923895,9.889822959899902,963877,0.0,0.0
2020-02-10 00:00:00+08:00,10.059120138172814,10.750419971511825,10.045011832200482,10.60933780670166,2556446,0.0,0.0
2020-02-11 00:00:00+08:00,10.48236550535781,10.48236550535781,10.341282448761465,10.440040588378906,925869,0.0,0.0
2020-02-12 00:00:00+08:00,10.425931080970821,10.552904933257548,10.341282144417374,10.468255996704102,658484,0.0,0.0
2020-02-13 00:00:00+08:00,10.552906952809042,10.750421474203923,10.51058292388916,10.51058292388916,1127405,0.0,0.0
2020-02-14 00:00:00+08:00,10.72220420262443,10.72220420262443,10.45414905281316,10.482366561889648,603218,0.0,0.0
2020-02-17 00:00:00+08:00,10.383607109218135,10.778636078276328,10.341282193284849,10.665770530700684,1927563,0.0,0.0
2020-02-18 00:00:00+08:00,10.581122749361448,10.778637255462034,10.581122749361448,10.595231056213379,907910,0.0,0.0
2020-02-19 00:00:00+08:00,10.60933872086459,10.693987669079275,10.53879897475113,10.567014694213867,538094,0.0,0.0
2020-02-20 00:00:00+08:00,10.708097323678954,10.863286919478277,10.609339169189763,10.623448371887207,802818,0.0,0.0
2020-02-21 00:00:00+08:00,10.510582262234417,10.693987569226023,10.496473955178164,10.524689674377441,735795,0.0,0.0
2020-02-24 00:00:00+08:00,10.355392366382272,10.454148723011711,10.157876968383789,10.157876968383789,1144698,0.0,0.0
2020-02-25 00:00:00+08:00,10.016796499874323,10.214311913805876,9.960364163689075,10.07322883605957,497521,0.0,0.0
2020-02-26 00:00:00+08:00,10.030903816223145,10.157876783818624,10.030903816223145,10.030903816223145,556053,0.0,0.0
2020-02-27 00:00:00+08:00,10.073227504793003,10.073227504793003,9.805172377240716,9.819281578063965,957795,0.0,0.0
2020-03-02 00:00:00+08:00,9.692308243974258,9.720523962407274,9.494793740377125,9.565335273742676,1089492,0.0,0.0
2020-03-03 00:00:00+08:00,9.776955697811365,9.847496325504084,9.664090156555176,9.664090156555176,850708,0.0,0.0
2020-03-04 00:00:00+08:00,9.664091066703794,9.734632595953068,9.593551327280824,9.621767044067383,486214,0.0,0.0
2020-03-05 00:00:00+08:00,9.664090658525959,9.819281121406501,9.635874048018021,9.762847900390625,626557,0.0,0.0
2020-03-06 00:00:00+08:00,9.734632892184239,9.734632892184239,9.593551619218802,9.63587474822998,701053,0.0,0.0
2020-03-09 00:00:00+08:00,9.63587474822998,9.63587474822998,9.63587474822998,9.63587474822998,0,0.0,0.0
2020-03-10 00:00:00+08:00,8.761170116054744,8.888143090177044,8.535438992194516,8.831709861755371,1750637,0.0,0.0
2020-03-11 00:00:00+08:00,8.944575127510715,9.029224967340282,8.77527723767799,8.817602157592773,743621,0.0,0.0
2020-03-12 00:00:00+08:00,8.747061723235397,8.747061723235397,7.957004587292968,7.99932861328125,2290727,0.0,0.0
2020-03-13 00:00:00+08:00,7.99932861328125,7.99932861328125,7.99932861328125,7.99932861328125,0,0.0,0.0
2020-03-16 00:00:00+08:00,7.392677617758152,7.5901921238602625,6.913000106811523,6.913000106811523,1835109,0.0,0.0
2020-03-17 00:00:00+08:00,6.292240376471721,6.800134461309104,6.292240376471721,6.616727828979492,1326280,0.0,0.0
2020-03-18 00:00:00+08:00,6.616727828979492,6.616727828979492,6.616727828979492,6.616727828979492,0,0.0,0.0
2020-03-19 00:00:00+08:00,6.701377341746752,6.771918429054438,6.108834266662598,6.108834266662598,2426415,0.0,0.0
2020-03-20 00:00:00+08:00,6.02418561233856,6.348673084253755,5.86899558221932,5.9254279136657715,5143495,0.0,0.0
2020-03-23 00:00:00+08:00,5.64326501998041,5.798455040707289,5.4175343654864045,5.615048408508301,2053274,0.0,0.0
2020-03-24 00:00:00+08:00,5.854887581372255,5.9113203589093875,5.756130332546421,5.840778827667236,1221854,0.0,0.0
2020-03-25 00:00:00+08:00,6.15115954751833,6.348673619134836,6.108834624182682,6.221700191497803,2076553,0.0,0.0
2020-03-26 00:00:00+08:00,6.278132712661658,6.842458248138428,6.264023959021932,6.842458248138428,2539488,0.0,0.0
2020-03-27 00:00:00+08:00,7.322135993471116,7.336244746744106,7.05408086769869,7.06818962097168,3146757,0.0,0.0
2020-03-30 00:00:00+08:00,6.78602624005639,6.969432439306462,6.701377293857374,6.913000106811523,999033,0.0,0.0
2020-03-31 00:00:00+08:00,7.096405969608588,7.096405969608588,6.842458248138428,6.842458248138428,837405,0.0,0.0
2020-04-01 00:00:00+08:00,6.88478321430758,7.011757075920896,6.743701941326723,6.941215991973877,1007015,0.0,0.0
2020-04-06 00:00:00+08:00,7.054080963134766,7.124622045714628,6.912999692888204,7.054080963134766,1151350,0.0,0.0
2020-04-07 00:00:00+08:00,7.124622666191112,7.2233803693862635,7.082297744483209,7.138730525970459,887956,0.0,0.0
2020-04-08 00:00:00+08:00,7.096405669748181,7.505542057205192,7.096405669748181,7.378568649291992,1501876,0.0,0.0
2020-04-09 00:00:00+08:00,7.576083340497844,7.576083340497844,7.336244823837877,7.406785011291504,1310317,0.0,0.0
2020-04-10 00:00:00+08:00,7.406785165931546,7.4773262497711,7.33624497700517,7.392677307128906,730319,0.0,0.0
2020-04-13 00:00:00+08:00,7.336245398309055,7.392677731673572,7.223380284123405,7.251596450805664,597291,0.0,0.0
2020-04-14 00:00:00+08:00,7.25159568883536,7.392676954878981,7.25159568883536,7.378568649291992,729653,0.0,0.0
2020-04-15 00:00:00+08:00,7.392676900863979,7.759488368879893,7.392676900863979,7.688948631286621,1434032,0.0,0.0
2020-04-16 00:00:00+08:00,7.618406845544856,7.97111089103063,7.477325585315786,7.759488105773926,1159996,0.0,0.0
2020-04-17 00:00:00+08:00,8.041652503690822,8.1827337654573,7.830029716127994,7.858246326446533,1745981,0.0,0.0
2020-04-20 00:00:00+08:00,7.900571195833098,7.928786911073921,7.7030558196687196,7.815922260284424,713690,0.0,0.0
2020-04-21 00:00:00+08:00,7.830030577592626,7.830030577592626,7.364461378136624,7.463217735290527,1036281,0.0,0.0
2020-04-22 00:00:00+08:00,7.265703858543779,7.519651595812762,7.209271525213577,7.449110507965088,597957,0.0,0.0
2020-04-23 00:00:00+08:00,7.576083340497844,7.618407363478704,7.406785011291504,7.406785011291504,122384,0.0,0.0
2020-04-24 00:00:00+08:00,7.33624487614039,7.491434900488459,7.33624487614039,7.3503522872924805,458278,0.0,0.0
2020-04-27 00:00:00+08:00,7.406785694108711,7.590192346187628,7.406785694108711,7.533759117126465,654493,0.0,0.0
2020-04-28 00:00:00+08:00,7.618408164393227,7.646624779288954,7.336245595088972,7.576084136962891,587980,0.0,0.0
2020-04-29 00:00:00+08:00,7.576083534798984,7.590191841125488,7.505542450623055,7.590191841125488,699057,0.0,0.0
2020-04-30 00:00:00+08:00,7.646623714834902,7.717164347341304,7.604299693296313,7.688948631286621,886626,0.0,0.0
2020-05-04 00:00:00+08:00,7.618408054477778,7.618408054477778,7.42089399034048,7.435001850128174,895937,0.0,0.0
2020-05-05 00:00:00+08:00,7.547868209934478,7.547868209934478,7.406785586782514,7.449110507965088,651833,0.0,0.0
2020-05-06 00:00:00+08:00,7.449109929185524,7.463217340237037,7.406785011291504,7.406785011291504,547406,0.0,0.0
2020-05-07 00:00:00+08:00,7.449110124712965,8.140410423278809,7.406785205707983,8.140410423278809,1841095,0.0,0.0
2020-05-08 00:00:00+08:00,8.944575309753418,8.944575309753418,8.944575309753418,8.944575309753418,2558777,0.0,0.0
2020-05-11 00:00:00+08:00,9.734632806086609,9.776956829636635,9.325496402174888,9.551226615905762,7871217,0.0,0.0
2020-05-12 00:00:00+08:00,9.56533660893044,9.734634522812986,9.18441496032472,9.424254417419434,3201298,0.0,0.0
2020-05-13 00:00:00+08:00,9.593551061789691,10.355391502380371,9.494792923573732,10.355391502380371,4598748,0.0,0.0
2020-05-14 00:00:00+08:00,10.228418829731584,11.300639429551634,10.030904320309316,10.722204208374023,11431689,0.0,0.0
2020-05-15 00:00:00+08:00,11.00436794514048,11.117233509809761,10.228419089729833,10.298959732055664,4686546,0.0,0.0
2020-05-18 00:00:00+08:00,10.08733571253762,10.129659731188022,9.593550423775527,9.664090156555176,3664233,0.0,0.0
2020-05-19 00:00:00+08:00,9.93214552152279,9.93214552152279,9.692307023032042,9.791064262390137,1404101,0.0,0.0
2020-05-20 00:00:00+08:00,9.791064556146685,9.861605187829408,9.452467913225998,9.805171966552734,1637564,0.0,0.0
2020-05-21 00:00:00+08:00,10.016795256640192,10.482365775765633,10.016795256640192,10.214310646057129,2810198,0.0,0.0
2020-05-22 00:00:00+08:00,10.101444879800336,10.115553186776344,9.84749803897188,9.889822959899902,1545775,0.0,0.0
2020-05-25 00:00:00+08:00,10.016794710222719,10.016794710222719,9.692307269033897,9.762847900390625,1453986,0.0,0.0
2020-05-26 00:00:00+08:00,9.903931266875908,10.214311335608393,9.776957399005068,9.889822959899902,1537128,0.0,0.0
2020-05-27 00:00:00+08:00,9.946254692135781,10.002687916631237,9.664091254398015,9.748740196228027,1186602,0.0,0.0
2020-05-28 00:00:00+08:00,10.01679532784193,10.05912024621352,9.748740196228027,9.748740196228027,1125409,0.0,0.0
2020-05-29 00:00:00+08:00,9.678200721740723,9.805173702263748,9.635875798290863,9.678200721740723,967107,0.0,0.0
2020-06-01 00:00:00+08:00,9.734632184795803,9.847496837001323,9.706415574287865,9.762847900390625,934515,0.0,0.0
2020-06-02 00:00:00+08:00,9.918039096447941,10.736311912536621,9.903930790151035,10.736311912536621,3718109,0.0,0.0
2020-06-03 00:00:00+08:00,11.554585335055297,11.554585335055297,10.792743973348758,10.962041854858398,7396310,0.0,0.0
2020-06-04 00:00:00+08:00,10.962042744150645,11.103124920129366,10.440041646243047,10.722204208374023,2993111,0.0,0.0
2020-06-05 00:00:00+08:00,10.863286384352742,10.863286384352742,10.581122927308536,10.722204208374023,1444009,0.0,0.0
2020-06-08 00:00:00+08:00,10.764528625944013,11.103124400588078,10.764528625944013,10.778636932373047,2075888,0.0,0.0
2020-06-09 00:00:00+08:00,10.863286099459739,10.863286099459739,10.411824759011365,10.552906036376953,1219193,0.0,0.0
2020-06-10 00:00:00+08:00,10.581122649815354,10.665771595217349,10.440041372449766,10.552906036376953,1419399,0.0,0.0
2020-06-11 00:00:00+08:00,10.482365251445527,10.863285020463008,10.298958177226053,10.313066482543945,2058595,0.0,0.0
2020-06-12 00:00:00+08:00,9.833390288630676,10.157877787794078,9.66409238516166,10.07322883605957,2315337,0.0,0.0
2020-06-15 00:00:00+08:00,9.932146706519328,10.157876927045885,9.861606068536853,10.11555290222168,1301670,0.0,0.0
2020-06-16 00:00:00+08:00,10.115552759591193,10.157876783818624,10.002688098375918,10.030903816223145,975089,0.0,0.0
2020-06-17 00:00:00+08:00,10.157877139224263,10.157877139224263,10.045012474060059,10.045012474060059,954469,0.0,0.0
2020-06-18 00:00:00+08:00,10.073227840450576,10.087337041743968,9.974471485615506,10.030903816223145,1054905,0.0,0.0
2020-06-19 00:00:00+08:00,10.143769844300165,11.03258423847421,10.073228309117123,10.679880142211914,7701607,0.0,0.0
2020-06-22 00:00:00+08:00,10.355392568438079,10.482366435731349,10.214311289146197,10.24252700805664,3614347,0.0,0.0
2020-06-23 00:00:00+08:00,10.383608084742168,10.397716391378717,10.016795691844704,10.157876968383789,1939536,0.0,0.0
2020-06-24 00:00:00+08:00,10.228418459941558,10.270743379678962,10.002688239415,10.11555290222168,1122749,0.0,0.0
2020-06-29 00:00:00+08:00,10.14376989155139,10.48236657726754,10.045012636748332,10.327176094055176,1567059,0.0,0.0
2020-06-30 00:00:00+08:00,10.44004044022378,10.524688483154062,10.200201037239848,10.355391502380371,1072198,0.0,0.0
2020-07-01 00:00:00+08:00,10.552906105478376,11.11723300846241,10.411824827188974,10.792744636535645,4144461,0.0,0.0
2020-07-02 00:00:00+08:00,10.849177433136578,11.258313839866224,10.679879547944092,11.244206428527832,4946615,0.0,0.0
2020-07-03 00:00:00+08:00,11.215989676000042,11.244206288150915,10.933826239230807,11.004366874694824,2880038,0.0,0.0
2020-07-06 00:00:00+08:00,11.060799744977295,11.230096727724405,10.93382588927554,10.99025821685791,2485612,0.0,0.0
2020-07-07 00:00:00+08:00,11.03258323726577,11.399395607276402,10.52468870460551,10.877392768859863,5648998,0.0,0.0
2020-07-08 00:00:00+08:00,10.877392684626725,11.963722375403092,10.764528029276809,11.893180847167969,13439734,0.0,0.0
2020-07-09 00:00:00+08:00,11.92139851904205,13.078268051147461,11.92139851904205,13.078268051147461,12407443,0.0,0.0
2020-07-10 00:00:00+08:00,13.402753988036238,14.079945482112187,12.062478410249991,13.289889335632324,17496397,0.0,0.0
2020-07-13 00:00:00+08:00,13.247565625042949,13.247565625042949,12.697347038591484,12.711455345153809,5664961,0.0,0.0
2020-07-14 00:00:00+08:00,12.838427908459614,13.727242244651313,12.542157059671162,13.402754783630371,8415963,0.0,0.0
2020-07-15 00:00:00+08:00,14.108163491242928,14.390326940050429,13.346322984884564,13.54383659362793,9796120,0.0,0.0
2020-07-16 00:00:00+08:00,13.741350674926045,14.249244330220844,13.557945378497239,13.684917449951172,5963607,0.0,0.0
2020-07-17 00:00:00+08:00,13.68491678186785,13.825999837417505,12.499831644034604,12.908968925476074,6772412,0.0,0.0
2020-07-20 00:00:00+08:00,12.90897049954338,12.993619448281787,12.274102936548694,12.73967170715332,2923271,0.0,0.0
2020-07-21 00:00:00+08:00,12.65502218763992,13.205241671993084,12.429291966156276,12.556265830993652,6149845,0.0,0.0
2020-07-22 00:00:00+08:00,12.697346542471644,12.979509977953645,12.528047765251912,12.61269760131836,4667923,0.0,0.0
2020-07-23 00:00:00+08:00,12.485724849076894,12.697346758097273,12.3305343752328,12.386966705322266,3305059,0.0,0.0
2020-07-24 00:00:00+08:00,12.386967053757242,12.528048330405994,11.991938942192816,12.006047248840332,3630976,0.0,0.0
2020-07-27 00:00:00+08:00,12.274103025154764,12.288211332531887,11.568694815604642,11.596911430358887,3314371,0.0,0.0
2020-07-28 00:00:00+08:00,11.667451141509048,11.78031669660843,11.018475318329065,11.244206428527832,3035679,0.0,0.0
2020-07-29 00:00:00+08:00,11.34296219028546,12.358750343322754,11.34296219028546,12.358750343322754,3684852,0.0,0.0
2020-07-30 00:00:00+08:00,12.485724675708076,13.2616734545015,12.471615474740148,12.810212135314941,7745506,0.0,0.0
2020-07-31 00:00:00+08:00,12.669131710005809,12.965402577273327,12.499832920964508,12.767888069152832,3039670,0.0,0.0
2020-08-03 00:00:00+08:00,12.979510272120606,13.233457101335897,12.78199577331543,12.78199577331543,3936938,0.0,0.0
2020-08-04 00:00:00+08:00,12.979510070371154,13.826000382844393,12.753779857326192,13.557945251464844,7093008,0.0,0.0
2020-08-05 00:00:00+08:00,13.68491680419449,13.82599985997432,13.275780416998657,13.65670108795166,6332092,0.0,0.0
2020-08-06 00:00:00+08:00,13.854216252920729,13.868324559187826,13.402754926939501,13.487403869628906,4223612,0.0,0.0
2020-08-07 00:00:00+08:00,13.543835091253507,14.813570022583008,13.402753829956055,14.813570022583008,20484852,0.0,0.0
2020-08-10 00:00:00+08:00,16.2949275970459,16.2949275970459,16.2949275970459,16.2949275970459,5676934,0.0,0.0
2020-08-11 00:00:00+08:00,17.91736602783203,17.91736602783203,17.91736602783203,17.91736602783203,4634666,0.0,0.0
2020-08-12 00:00:00+08:00,18.199530311991467,19.68088722229004,17.070876575656214,19.68088722229004,46846180,0.0,0.0
2020-08-13 00:00:00+08:00,20.386296728778138,21.585491180419922,19.751429183192865,21.585491180419922,17164494,0.0,0.0
2020-08-14 00:00:00+08:00,22.50252103119723,23.70171546936035,20.738999693320498,23.70171546936035,29041824,0.0,0.0
2020-08-17 00:00:00+08:00,23.842794761345896,25.88847848381384,22.99630537717929,25.81793785095215,22737667,0.0,0.0
2020-08-18 00:00:00+08:00,25.81793785095215,26.80550850084214,23.91333539420759,25.81793785095215,20363797,0.0,0.0
2020-08-19 00:00:00+08:00,24.618742740322954,24.618742740322954,23.278467178344727,23.278467178344727,9053163,0.0,0.0
2020-08-20 00:00:00+08:00,22.71414424773725,24.548206329345703,21.16224652705207,24.548206329345703,17004196,0.0,0.0
2020-08-21 00:00:00+08:00,24.124962472700574,25.253614546914104,23.701716826228925,24.548206329345703,7535988,0.0,0.0
2020-08-24 00:00:00+08:00,24.68928645796291,25.11253208460142,23.983878273449683,24.971450805664062,5598448,0.0,0.0
2020-08-25 00:00:00+08:00,25.53577557945823,27.440378189086914,25.53577557945823,27.440378189086914,11756940,0.0,0.0
2020-08-26 00:00:00+08:00,27.08767532723999,28.569032333987103,26.523348422330034,28.00470542907715,9904537,0.0,0.0
2020-08-27 00:00:00+08:00,28.216326059864482,28.357407323249426,26.946591109747512,27.369834899902344,6092643,0.0,0.0
2020-08-28 00:00:00+08:00,27.369836299931254,29.133357551929855,27.228755029329683,28.921733856201172,7250645,0.0,0.0
2020-08-31 00:00:00+08:00,29.62714381193418,31.390666961669922,29.62714381193418,31.390666961669922,9255364,0.0,0.0
2020-09-01 00:00:00+08:00,30.967415607144243,31.390662970689025,29.627140045166016,29.627140045166016,7863235,0.0,0.0
2020-09-02 00:00:00+08:00,29.62714141096096,32.5898551940918,28.498489478724892,32.5898551940918,25789310,0.0,0.0
2020-09-03 00:00:00+08:00,35.83473587036133,35.83473587036133,34.635541488366805,35.83473587036133,11727674,0.0,0.0
2020-09-04 00:00:00+08:00,35.83473554564163,39.36177444458008,35.12932561806235,39.36177444458008,55326661,0.0,0.0
2020-09-07 00:00:00+08:00,39.785015158243375,41.548538050171196,37.386630182223584,39.43231201171875,40571288,0.0,0.0
2020-09-08 00:00:00+08:00,38.09204450747729,39.07961710564115,35.552574157714844,35.552574157714844,19312883,0.0,0.0
2020-09-09 00:00:00+08:00,33.15418777118865,39.00907539690678,32.16661519997558,37.59825897216797,39732552,0.0,0.0
2020-09-10 00:00:00+08:00,36.46960523154652,38.374209737729416,35.693658164300395,36.54014587402344,27595154,0.0,0.0
2020-09-11 00:00:00+08:00,35.834736840960595,36.681224489070566,33.154185462640164,34.14175796508789,28392652,0.0,0.0
2020-09-14 00:00:00+08:00,33.15418697158311,33.85959337711317,31.320123157899097,32.519317626953125,19370750,0.0,0.0
2020-09-15 00:00:00+08:00,33.29526818341937,35.270409694447245,33.29526818341937,34.282840728759766,18916462,0.0,0.0
2020-09-16 00:00:00+08:00,33.71850747639374,35.6936523005785,32.589853802524225,34.564998626708984,18629123,0.0,0.0
2020-09-17 00:00:00+08:00,34.56501007080078,34.56501007080078,34.56501007080078,34.56501007080078,0,0.0,0.6569358
2020-09-18 00:00:00+08:00,34.56501007080078,34.56501007080078,34.56501007080078,34.56501007080078,0,0.0,0.0
2020-09-21 00:00:00+08:00,34.56501007080078,34.56501007080078,34.56501007080078,34.56501007080078,0,0.0,0.0
2020-09-22 00:00:00+08:00,34.56501007080078,34.56501007080078,34.56501007080078,34.56501007080078,0,0.0,0.0
2020-09-23 00:00:00+08:00,34.56501007080078,34.56501007080078,34.56501007080078,34.56501007080078,0,0.0,0.0
2020-09-24 00:00:00+08:00,34.56501007080078,34.56501007080078,34.56501007080078,34.56501007080078,0,0.0,0.0
2020-09-25 00:00:00+08:00,34.56501007080078,34.56501007080078,34.56501007080078,34.56501007080078,0,0.0,0.0
2020-09-28 00:00:00+08:00,37.07263881603668,37.53604630903492,34.431213242224715,34.57023620605469,24143643,0.0,0.0
2020-09-29 00:00:00+08:00,34.8482848373882,35.49705394605892,32.438562823119184,32.484901428222656,13493346,0.0,0.0
2020-09-30 00:00:00+08:00,32.48490329672899,35.728759765625,32.438564688960156,35.728759765625,13153152,0.0,0.0
2020-10-05 00:00:00+08:00,35.867782438509934,36.97996271015251,35.17267111110318,36.006805419921875,20989762,0.0,0.0
2020-10-06 00:00:00+08:00,36.192166295011674,39.57504565059946,35.77510093865311,38.416526794433594,51931208,0.0,0.0
2020-10-07 00:00:00+08:00,38.41652742372038,41.382337891878564,37.53605093081983,38.92627716064453,71225064,0.0,0.0
2020-10-08 00:00:00+08:00,38.46286392211914,40.594539768979324,38.46286392211914,38.46286392211914,57513021,0.0,0.0
2020-10-12 00:00:00+08:00,38.92627840661196,40.7335700574755,38.83359402991148,38.87993621826172,60189011,0.0,0.0
2020-10-13 00:00:00+08:00,38.8799321154255,39.76040854359569,37.16532144254506,38.231163024902344,49781709,0.0,0.0
2020-10-14 00:00:00+08:00,38.92627637002874,41.10429467478333,38.55554962158203,38.55554962158203,73481886,0.0,0.0
2020-10-15 00:00:00+08:00,38.926275440241284,39.66772891942445,37.258006901905546,37.397029876708984,72841997,0.0,0.0
2020-10-16 00:00:00+08:00,37.39703305798009,37.814098438216334,34.29219590232333,35.03364944458008,50711168,0.0,0.0
2020-10-19 00:00:00+08:00,35.03364534346877,36.60923304140952,34.01414952694986,35.31169128417969,45557635,0.0,0.0
2020-10-20 00:00:00+08:00,35.68241786776701,36.47020992372868,35.126329568244216,35.450714111328125,32423720,0.0,0.0
2020-10-21 00:00:00+08:00,35.96046593590705,36.4238771019973,35.03365076303299,35.12633514404297,16786949,0.0,0.0
2020-10-22 00:00:00+08:00,35.172670855907086,35.682420590834724,34.29219436645508,34.29219436645508,16205785,0.0,0.0
2020-10-23 00:00:00+08:00,34.431218282133734,35.079991015087614,33.96781072130368,34.52389907836914,17432913,0.0,0.0
2020-10-26 00:00:00+08:00,35.12633382210198,35.63608000020705,34.29219590232333,35.03364944458008,81434931,0.0,0.0
2020-10-27 00:00:00+08:00,34.894623289724485,37.44336826745115,34.52389655225591,36.470211029052734,160831736,0.0,0.0
2020-10-28 00:00:00+08:00,36.979962552329084,38.69457334967048,36.14582824707031,36.14582824707031,198423164,0.0,0.0
2020-10-29 00:00:00+08:00,36.192164130343144,37.02630195247589,34.987306739785396,35.31169128417969,101460810,0.0,0.0
2020-10-30 00:00:00+08:00,35.682417471553094,35.960459828400815,34.10682979747227,34.66291809082031,79228733,0.0,0.0
2020-11-02 00:00:00+08:00,34.662919365977274,34.98730749704524,32.76294708251953,32.76294708251953,74314146,0.0,0.0
2020-11-03 00:00:00+08:00,33.272691663563165,33.59707616498339,32.25319240245362,32.80928421020508,52784731,0.0,0.0
2020-11-04 00:00:00+08:00,32.99464819188873,33.59707864159286,31.41906058653543,31.78978729248047,76920274,0.0,0.0
2020-11-05 00:00:00+08:00,32.53124238076754,34.75560273106329,32.53124238076754,33.45805740356445,103416925,0.0,0.0
2020-11-06 00:00:00+08:00,33.87512206885912,34.338529522217215,32.62391908107053,32.80928421020508,56620012,0.0,0.0
2020-11-09 00:00:00+08:00,34.106828944488136,34.33853269255948,33.040990987429446,33.36537551879883,23083574,0.0,0.0
2020-11-10 00:00:00+08:00,32.90197005588398,33.736104316417936,32.43856253110431,32.76294708251953,12721835,0.0,0.0
2020-11-11 00:00:00+08:00,32.71660393242651,32.99464987094783,31.465404368385823,31.604427337646484,19293855,0.0,0.0
2020-11-12 00:00:00+08:00,31.789789498803906,31.975154654467644,28.87031961906113,30.12152099609375,36473647,0.0,0.0
2020-11-13 00:00:00+08:00,29.658113334607688,30.260543823242188,28.870319481022086,30.260543823242188,19618861,0.0,0.0
2020-11-16 00:00:00+08:00,30.631271004636105,30.770293977855157,29.287387036388925,29.380067825317383,13389060,0.0,0.0
2020-11-17 00:00:00+08:00,29.194704133026775,31.604425948558333,28.91665820672622,30.58492660522461,31933679,0.0,0.0
2020-11-18 00:00:00+08:00,30.58492660522461,31.419060804473805,29.982496151341717,30.58492660522461,13598644,0.0,0.0
2020-11-19 00:00:00+08:00,30.5385882816324,32.39221826141803,30.492246100276756,31.51174545288086,36999125,0.0,0.0
2020-11-20 00:00:00+08:00,31.789789200969892,33.13367314324372,31.789789200969892,32.253196716308594,36178003,0.0,0.0
2020-11-23 00:00:00+08:00,32.4385643346015,33.040994866239146,31.51174923351373,31.975156784057617,16025563,0.0,0.0
2020-11-24 00:00:00+08:00,32.34588159833417,33.504400405134895,31.789789707347637,32.90196990966797,24851368,0.0,0.0
2020-11-25 00:00:00+08:00,33.36538010871483,34.29219522849774,32.99465334487106,33.736106872558594,34178351,0.0,0.0
2020-11-26 00:00:00+08:00,33.9678048552361,34.477554515979186,33.226351454092054,33.2726936340332,19664423,0.0,0.0
2020-11-27 00:00:00+08:00,33.78244441311876,34.15317112596341,33.36537551879883,33.36537551879883,10279728,0.0,0.0
2020-11-30 00:00:00+08:00,34.01414952694986,35.31169128417969,33.6897614029029,35.31169128417969,30815899,0.0,0.0
2020-12-01 00:00:00+08:00,34.8482862880681,34.8482862880681,33.82878681821283,34.29219436645508,6247013,0.0,0.0
2020-12-02 00:00:00+08:00,34.199511841197605,34.199511841197605,32.76294708251953,32.76294708251953,5474489,0.0,0.0
2020-12-03 00:00:00+08:00,32.71660394324589,33.45805739311287,32.253196431992194,32.53124237060547,3845406,0.0,0.0
2020-12-04 00:00:00+08:00,32.25319916659219,32.716606717136074,31.975156784057617,31.975156784057617,3633797,0.0,0.0
2020-12-07 00:00:00+08:00,31.8824758058813,32.623925734680746,31.28004169806745,32.57758712768555,4923699,0.0,0.0
2020-12-08 00:00:00+08:00,32.253199597459044,32.39222258040999,31.975157211210135,32.0214958190918,2916960,0.0,0.0
2020-12-09 00:00:00+08:00,32.392221322662735,32.809290255321336,32.06783676147461,32.06783676147461,2116087,0.0,0.0
2020-12-10 00:00:00+08:00,31.975155040670206,32.29953959243386,30.584928885185168,30.909317016601562,3404976,0.0,0.0
2020-12-11 00:00:00+08:00,31.09467807060898,31.233701041778893,29.889817093339982,30.260543823242188,2617265,0.0,0.0
2020-12-14 00:00:00+08:00,30.584926883335534,31.51174545288086,30.121519388389128,31.51174545288086,2794450,0.0,0.0
2020-12-15 00:00:00+08:00,31.789787512990387,32.85562545760589,30.58492660522461,30.58492660522461,9578078,0.0,0.0
2020-12-16 00:00:00+08:00,31.511749064106898,32.02149521917302,30.81663416237506,31.048337936401367,5524101,0.0,0.0
2020-12-17 00:00:00+08:00,31.04833753333637,31.326383490419552,30.353226220281282,30.538591384887695,4021578,0.0,0.0
2020-12-18 00:00:00+08:00,30.862972531525166,31.372722203192026,30.58492660522461,30.58492660522461,3908180,0.0,0.0
2020-12-21 00:00:00+08:00,30.90932065967134,31.141024449619394,30.121524910125427,30.44590950012207,3721883,0.0,0.0
2020-12-22 00:00:00+08:00,30.723952644881173,30.95565641344886,29.28738784790039,29.28738784790039,5375266,0.0,0.0
2020-12-23 00:00:00+08:00,29.287387812605164,32.20685958862305,29.10202444000912,32.20685958862305,22530759,0.0,0.0
2020-12-24 00:00:00+08:00,32.438559922797396,33.82878238535195,31.41906058653543,31.78978729248047,41714254,0.0,0.0
2020-12-25 00:00:00+08:00,32.25319768924005,32.577585823484576,31.28004044581201,31.558086395263672,10507537,0.0,0.0
2020-12-28 00:00:00+08:00,31.78979212303433,32.067838089656135,31.048338598478182,31.094680786132812,5861257,0.0,0.0
2020-12-29 00:00:00+08:00,31.233702622940278,32.43856366120364,31.141021830686068,31.928813934326172,11937161,0.0,0.0
2020-12-30 00:00:00+08:00,32.809295247694365,33.180022051028764,31.836137836398226,32.94831466674805,12456564,0.0,0.0
2020-12-31 00:00:00+08:00,32.9946518389566,33.27269779406233,32.06783676147461,32.06783676147461,5917956,0.0,0.0
2021-01-04 00:00:00+08:00,32.62392635877724,32.90197232467913,31.882476415793832,32.0214958190918,5415765,0.0,0.0
2021-01-05 00:00:00+08:00,31.882474529508197,32.67026661341754,31.511747790123575,31.558086395263672,5433990,0.0,0.0
2021-01-06 00:00:00+08:00,31.558086270241507,31.836132218591647,29.936158134229085,30.770294189453125,7313156,0.0,0.0
2021-01-07 00:00:00+08:00,31.975156938675184,33.643425560561354,31.697110975143172,31.83613395690918,28065998,0.0,0.0
2021-01-08 00:00:00+08:00,32.716606350258736,32.9483101229324,31.326383714216746,31.650768280029297,9579091,0.0,0.0
2021-01-11 00:00:00+08:00,31.697108123936047,32.1605156350365,31.233700612835598,31.604427337646484,4841688,0.0,0.0
2021-01-12 00:00:00+08:00,31.88247654149177,31.97515733727347,30.49225028615427,30.63127326965332,5620287,0.0,0.0
2021-01-13 00:00:00+08:00,30.955656371123318,31.233702324885503,30.214202880859375,30.214202880859375,5602062,0.0,0.0
2021-01-14 00:00:00+08:00,30.214202880859375,30.909317765264838,29.75079534435762,30.214202880859375,4961161,0.0,0.0
2021-01-15 00:00:00+08:00,30.49224969205216,30.53859187886659,29.19470783743029,29.65811538696289,5274018,0.0,0.0
2021-01-18 00:00:00+08:00,29.936157093726383,30.02883966989715,28.360569407260172,28.54593276977539,6060716,0.0,0.0
2021-01-19 00:00:00+08:00,28.777637575600096,31.048336611989708,28.499593416594198,29.70445442199707,10719145,0.0,0.0
2021-01-20 00:00:00+08:00,29.797135914209704,30.58492796761649,27.897161895885283,28.54593276977539,7490341,0.0,0.0
2021-01-21 00:00:00+08:00,29.00934126651946,29.333727609396202,27.57277829042639,27.85082244873047,7071173,0.0,0.0
2021-01-22 00:00:00+08:00,28.73129775003156,29.658114614792893,28.453253585516364,28.8239803314209,12110295,0.0,0.0
2021-01-25 00:00:00+08:00,28.314228873731125,29.38006686054042,28.314228873731125,28.684955596923828,4276723,0.0,0.0
2021-01-26 00:00:00+08:00,28.684955327446932,29.055682047156896,27.897161495519832,28.36056900024414,3629747,0.0,0.0
2021-01-27 00:00:00+08:00,28.267892068709358,28.592278440132503,27.897165298461914,27.897165298461914,2881523,0.0,0.0
2021-01-28 00:00:00+08:00,27.619119983488886,27.804483361013936,26.877666473388672,26.877666473388672,4474157,0.0,0.0
2021-01-29 00:00:00+08:00,27.248390579687,27.29473097210701,25.441099166870117,25.441099166870117,5862270,0.0,0.0
2021-02-01 00:00:00+08:00,25.11671216164565,25.858165579637493,24.05087421565206,25.533781051635742,7106610,0.0,0.0
2021-02-02 00:00:00+08:00,26.089869746319113,26.182552319976843,25.533781463677798,25.719144821166992,2945309,0.0,0.0
2021-02-03 00:00:00+08:00,25.90450774466862,27.665458838070787,25.81182695598626,26.599620819091797,10317190,0.0,0.0
2021-02-04 00:00:00+08:00,26.784984753670887,26.877665544316514,26.136212059845903,26.182554244995117,3093132,0.0,0.0
2021-02-05 00:00:00+08:00,26.506939508909024,26.64596248841102,25.950851170553946,26.089872360229492,2356045,0.0,0.0
2021-02-17 00:00:00+08:00,26.87766632072634,27.433756450142965,26.275235794648278,27.01668930053711,3564948,0.0,0.0
2021-02-18 00:00:00+08:00,27.016688587051426,27.61911909721986,26.692304029161594,27.572778701782227,3724920,0.0,0.0
2021-02-19 00:00:00+08:00,27.52643727075183,29.33372885077753,27.387414290803253,28.40691375732422,7773836,0.0,0.0
2021-02-22 00:00:00+08:00,28.731296137346288,29.2873862249898,28.592274957805145,29.009340286254883,5350966,0.0,0.0
2021-02-23 00:00:00+08:00,29.102024495936092,29.426410846059163,28.54593437707929,28.8239803314209,4266598,0.0,0.0
2021-02-24 00:00:00+08:00,29.380067679934704,30.399567092061087,29.287386891464866,29.51909065246582,12527438,0.0,0.0
2021-02-25 00:00:00+08:00,30.121522130674624,30.30688371366764,29.28738784790039,29.28738784790039,4241286,0.0,0.0
2021-02-26 00:00:00+08:00,28.731295584520034,29.797135346118576,28.453251440961356,29.565431594848633,3526474,0.0,0.0
2021-03-02 00:00:00+08:00,30.214199123390596,30.399564262730795,28.870317076696768,29.148361206054688,3147806,0.0,0.0
2021-03-03 00:00:00+08:00,29.658113217777757,30.028839946219588,28.684956003074536,29.33372688293457,4061064,0.0,0.0
2021-03-04 00:00:00+08:00,29.658114189246948,30.075179535122317,29.009341498309645,29.10202407836914,4888262,0.0,0.0
2021-03-05 00:00:00+08:00,29.102023535940578,29.42640987536304,28.406912252669194,28.592275619506836,2996946,0.0,0.0
2021-03-08 00:00:00+08:00,29.14836254678159,29.750793012955352,28.59227426248756,28.638614654541016,3225767,0.0,0.0
2021-03-09 00:00:00+08:00,29.426409316709947,29.519090103456065,28.916659620127316,29.472749710083008,4425558,0.0,0.0
2021-03-10 00:00:00+08:00,29.936160742733776,32.3922233581543,29.843479945092188,32.3922233581543,19801108,0.0,0.0
2021-03-11 00:00:00+08:00,33.087330668179376,34.0604878736732,32.253196431992194,32.53124237060547,51507991,0.0,0.0
2021-03-12 00:00:00+08:00,33.365379269970596,35.079990062189225,32.80929092801049,34.29219436645508,41235350,0.0,0.0
2021-03-15 00:00:00+08:00,34.940966467136334,35.91412373318732,34.47755892704594,34.84828567504883,31567160,0.0,0.0
2021-03-16 00:00:00+08:00,34.61658171333219,35.126331436470295,33.87512822143183,33.92146682739258,19379915,0.0,0.0
2021-03-17 00:00:00+08:00,34.24585481652598,34.6629201665997,33.458059142482334,34.060489654541016,10967203,0.0,0.0
2021-03-18 00:00:00+08:00,34.52390197889013,35.126336154166246,33.5044059753418,33.5044059753418,19500401,0.0,0.0
2021-03-19 00:00:00+08:00,33.64342441498586,36.840938568115234,33.1800168779804,36.840938568115234,23513879,0.0,0.0
2021-03-22 00:00:00+08:00,37.072639724624544,39.66772676052939,37.072639724624544,37.99945831298828,50622069,0.0,0.0
2021-03-23 00:00:00+08:00,38.69457302317023,39.29700354853237,36.33118952850155,36.42387390136719,23720425,0.0,0.0
2021-03-24 00:00:00+08:00,36.74825846743822,37.07264303350926,36.23850873528881,36.42387390136719,12588187,0.0,0.0
2021-03-25 00:00:00+08:00,36.8872819157622,38.13848158916378,35.82144383114125,36.006805419921875,17096769,0.0,0.0
2021-03-26 00:00:00+08:00,36.192169152094706,36.470215131385174,34.15317723614177,35.40437698364258,18868612,0.0,0.0
2021-03-29 00:00:00+08:00,35.96046687868572,38.092146843697,35.63608227560602,36.933624267578125,24683296,0.0,0.0
2021-03-30 00:00:00+08:00,37.02630442672933,37.44336978601311,36.42387390136719,36.42387390136719,12860545,0.0,0.0
2021-03-31 00:00:00+08:00,36.377530921298735,37.211665201321175,35.68241961788885,36.05314636230469,8953377,0.0,0.0
2021-04-01 00:00:00+08:00,36.47020992372868,36.51655210687751,35.3580333246831,35.450714111328125,5864295,0.0,0.0
2021-04-07 00:00:00+08:00,35.58974172545727,37.02630663470603,35.404376548325075,36.60923767089844,13981362,0.0,0.0
2021-04-08 00:00:00+08:00,36.33118805504542,37.5360490569051,36.19216508103812,36.470211029052734,13886189,0.0,0.0
2021-04-09 00:00:00+08:00,37.53605057922585,37.814096538516964,36.42387390136719,36.42387390136719,11334734,0.0,0.0
2021-04-12 00:00:00+08:00,37.58239124145845,37.58239124145845,36.42387242415214,36.470211029052734,7223045,0.0,0.0
2021-04-13 00:00:00+08:00,36.979962240296516,40.084795660320005,36.23850873528881,36.42387390136719,58096211,0.0,0.0
2021-04-14 00:00:00+08:00,37.072639844441404,37.536047350294695,33.5507377884428,34.80194091796875,27529382,0.0,0.0
2021-04-15 00:00:00+08:00,35.31169128417969,36.284848497015226,35.03364534346877,35.31169128417969,10188605,0.0,0.0
2021-04-16 00:00:00+08:00,36.099479183472866,36.70190959915821,35.49704876778751,35.5897331237793,10089382,0.0,0.0
2021-04-19 00:00:00+08:00,35.82144652369851,36.00680812641204,34.84828916031946,35.12633514404297,7532865,0.0,0.0
2021-04-20 00:00:00+08:00,34.98730797095458,36.145826798596104,34.84828499570704,35.265350341796875,8148454,0.0,0.0
2021-04-21 00:00:00+08:00,36.33118999011444,36.8872819157622,35.77510164411962,36.006805419921875,11900712,0.0,0.0
2021-04-22 00:00:00+08:00,36.05314588393482,36.37753043862478,34.29219297641151,34.47755813598633,10348577,0.0,0.0
2021-04-23 00:00:00+08:00,34.52390098609097,35.96046593590705,34.43122018473421,35.12633514404297,5511951,0.0,0.0
2021-04-26 00:00:00+08:00,35.31169114153427,35.68241786776701,35.079987385095386,35.450714111328125,5036084,0.0,0.0
2021-04-27 00:00:00+08:00,35.77510376281215,36.0068075523365,35.21901538388437,35.40437698364258,4681716,0.0,0.0
2021-04-28 00:00:00+08:00,35.63608056824871,35.82144574659417,34.75560760498047,34.75560760498047,4941924,0.0,0.0
2021-04-29 00:00:00+08:00,34.848284206638006,34.98730717873765,33.73610400949355,33.96780776977539,5909856,0.0,0.0
2021-05-03 00:00:00+08:00,34.709261091451296,35.497053157231385,33.180015563964844,33.180015563964844,9900047,0.0,0.0
2021-05-04 00:00:00+08:00,33.411722200675314,33.78244896345512,29.88981974409372,30.63127326965332,9651989,0.0,0.0
2021-05-05 00:00:00+08:00,31.04833700933146,31.511748123200032,30.260544917095224,30.353225708007812,3741120,0.0,0.0
2021-05-06 00:00:00+08:00,30.770292069956938,32.85562579998431,30.538588322176118,32.438560485839844,10234167,0.0,0.0
2021-05-07 00:00:00+08:00,31.60443014499291,32.62392604404277,31.60443014499291,32.29954147338867,5089746,0.0,0.0
2021-05-10 00:00:00+08:00,32.90197130487688,33.22635586860608,32.34588296996214,32.71660614013672,3836293,0.0,0.0
2021-05-11 00:00:00+08:00,31.60442808112715,31.882474026189385,29.472750258230903,29.51909065246582,7319231,0.0,0.0
2021-05-12 00:00:00+08:00,29.51909206228497,29.70445543790388,26.599622028483374,26.692304611206055,10453875,0.0,0.0
2021-05-13 00:00:00+08:00,24.097217490502228,27.526437274345344,24.097217490502228,26.553281784057617,6528483,0.0,0.0
2021-05-14 00:00:00+08:00,28.128868692217008,29.19470858935012,27.248393967462842,27.711801528930664,8979701,0.0,0.0
2021-05-17 00:00:00+08:00,26.043531613381674,27.34107522835309,24.977693557739258,24.977693557739258,5912894,0.0,0.0
2021-05-18 00:00:00+08:00,26.228894847753402,27.43375587463379,25.487441357418884,27.43375587463379,5394503,0.0,0.0
2021-05-19 00:00:00+08:00,27.61911852453061,29.472750412038025,26.970347632376967,28.91666030883789,7696887,0.0,0.0
2021-05-20 00:00:00+08:00,29.380068174020945,30.35322541845169,27.20205171008831,27.24839210510254,8440049,0.0,0.0
2021-05-21 00:00:00+08:00,27.711800038596024,28.499593924619848,27.34107508325518,27.43375587463379,3033395,0.0,0.0
2021-05-24 00:00:00+08:00,27.43375463447798,28.73129639408099,27.0630279060696,27.943504333496094,4427583,0.0,0.0
2021-05-25 00:00:00+08:00,28.638619617854687,29.519094378769147,27.850825657109503,28.267892837524414,5142395,0.0,0.0
2021-05-26 00:00:00+08:00,28.638616307964853,28.87032007143561,28.082526201739203,28.31422996520996,2177848,0.0,0.0
2021-05-27 00:00:00+08:00,28.49959455073897,28.963003887292075,28.128867797427063,28.40691375732422,2699276,0.0,0.0
2021-05-28 00:00:00+08:00,29.009341245075976,29.287387193000907,28.731297086977424,28.777637481689453,2734713,0.0,0.0
2021-05-31 00:00:00+08:00,28.777635830701385,29.472748870808335,28.545932080607827,28.638614654541016,3372577,0.0,0.0
2021-06-01 00:00:00+08:00,29.194705818108282,29.936157488110865,29.00934066332471,29.797136306762695,4901424,0.0,0.0
2021-06-02 00:00:00+08:00,30.30688158255339,30.35322376486938,28.73129570911963,28.963001251220703,3913242,0.0,0.0
2021-06-03 00:00:00+08:00,29.287384553580793,29.380065334652333,28.777634888208695,28.870317459106445,1817405,0.0,0.0
2021-06-04 00:00:00+08:00,28.73129863624756,28.73129863624756,27.989846911394853,28.128868103027344,2591953,0.0,0.0
2021-06-07 00:00:00+08:00,28.175210325996492,28.453254499442536,27.433756810371737,27.66546058654785,1602758,0.0,0.0
2021-06-08 00:00:00+08:00,28.36057286635795,29.00934381937771,27.897165298461914,27.897165298461914,3588235,0.0,0.0
2021-06-09 00:00:00+08:00,28.26789053571583,28.73129807848085,27.850823389262022,28.08252716064453,2371232,0.0,0.0
2021-06-10 00:00:00+08:00,28.40691262686769,30.306883134872127,28.267889652451547,29.70445442199707,9515304,0.0,0.0
2021-06-11 00:00:00+08:00,29.843477299024393,29.843477299024393,28.731297086977424,28.777637481689453,4579455,0.0,0.0
2021-06-15 00:00:00+08:00,29.194708414961536,30.028842736551695,28.823981652071133,29.24104881286621,8080618,0.0,0.0
2021-06-16 00:00:00+08:00,29.84347792555382,32.160517397889016,29.75079534435762,30.214202880859375,27979937,0.0,0.0
2021-06-17 00:00:00+08:00,29.472750906153678,30.58492934137344,29.472750906153678,30.028841018676758,6109315,0.0,0.0
2021-06-18 00:00:00+08:00,30.12152180918407,30.167863994264128,29.194706744805334,30.028841018676758,5114046,0.0,0.0
2021-06-21 00:00:00+08:00,29.472750412038025,29.75079456872491,28.91666030883789,28.91666030883789,2526142,0.0,0.0
2021-06-22 00:00:00+08:00,29.472749159374033,29.75079330424336,28.31422860773697,28.36056900024414,3455600,0.0,0.0
2021-06-23 00:00:00+08:00,29.287386751160607,30.86297446621073,29.194705963134766,29.194705963134766,9689451,0.0,0.0
2021-06-24 00:00:00+08:00,29.611774989974922,29.982499955705126,29.19470783743029,29.65811538696289,2831911,0.0,0.0
2021-06-25 00:00:00+08:00,30.584930486028096,30.584930486028096,29.65811538696289,29.65811538696289,4349622,0.0,0.0
2021-06-28 00:00:00+08:00,29.936158757855193,29.936158757855193,29.241047452152138,29.28738784790039,2157598,0.0,0.0
2021-06-29 00:00:00+08:00,29.658115776282557,30.35322710970613,29.472752396070973,29.84347915649414,6764391,0.0,0.0
2021-06-30 00:00:00+08:00,32.438564454998414,32.80929121274008,31.14102259272907,32.29954147338867,38910691,0.0,0.0
2021-07-01 00:00:00+08:00,32.392220831825796,32.392220831825796,30.63127149536299,30.955656051635742,10612835,0.0,0.0
2021-07-02 00:00:00+08:00,30.399567610779798,31.46540564550152,30.167863845825195,30.167863845825195,6731992,0.0,0.0
2021-07-05 00:00:00+08:00,30.30688335943745,31.83613250969354,30.167863963643978,30.955656051635742,5657748,0.0,0.0
2021-07-06 00:00:00+08:00,31.00199892692442,31.187360511877962,30.214203241739693,30.538591384887695,2848111,0.0,0.0
2021-07-07 00:00:00+08:00,30.44590762769036,30.862976571738898,29.88981928194525,29.982500076293945,4025628,0.0,0.0
2021-07-08 00:00:00+08:00,30.167863994264128,30.53859073594618,29.9824988335967,30.028841018676758,2223410,0.0,0.0
2021-07-09 00:00:00+08:00,30.723949568374888,31.419060804473805,30.214199896708024,30.58492660522461,5898719,0.0,0.0
2021-07-12 00:00:00+08:00,30.862978200049348,32.392223916270105,30.862978200049348,32.11418151855469,15580071,0.0,0.0
2021-07-13 00:00:00+08:00,32.345878800536234,32.392217401008516,30.955652772972005,31.14101791381836,6678330,0.0,0.0
2021-07-14 00:00:00+08:00,31.511745166342305,31.604425948558333,30.49224582300858,30.58492660522461,3200455,0.0,0.0
2021-07-15 00:00:00+08:00,30.909318233391275,31.78979113421838,30.909318233391275,31.326383590698242,4404296,0.0,0.0
2021-07-16 00:00:00+08:00,31.928812856281365,32.438562565947635,30.909317016601562,30.909317016601562,13383998,0.0,0.0
2021-07-19 00:00:00+08:00,31.465405580460335,33.55073946074122,31.141021026124974,32.484901428222656,26607011,0.0,0.0
2021-07-20 00:00:00+08:00,31.789791769769526,32.34588369683355,31.1873612352188,31.83613395690918,10482225,0.0,0.0
2021-07-21 00:00:00+08:00,32.438559581133205,32.71660192292412,31.048333553568977,31.14101791381836,8045181,0.0,0.0
2021-07-22 00:00:00+08:00,31.51174973606552,31.65076913972343,30.816634819511005,31.094680786132812,3649997,0.0,0.0
2021-07-23 00:00:00+08:00,31.094677924513775,31.604427623190887,30.770293379743187,30.862974166870117,2651690,0.0,0.0
2021-07-26 00:00:00+08:00,31.233703574715534,32.392222462328554,31.141022779637087,31.697111129760742,9575041,0.0,0.0
2021-07-27 00:00:00+08:00,32.438567188432835,32.62392879309668,30.816637039184567,30.81663703918457,6423185,0.0,0.0
2021-07-28 00:00:00+08:00,31.001999835359918,31.233703613167773,29.28738901585939,29.84347915649414,4873075,0.0,0.0
2021-07-29 00:00:00+08:00,30.306883672229162,30.399568043251776,29.611774157302943,30.214202880859375,2066475,0.0,0.0
2021-07-30 00:00:00+08:00,30.21420164063354,30.770293525331574,29.750794123153632,29.797136306762695,2886585,0.0,0.0
2021-08-02 00:00:00+08:00,30.492248814720273,30.677610397338867,30.075179884349204,30.677610397338867,2528167,0.0,0.0
2021-08-03 00:00:00+08:00,30.77029515590606,31.00199892692442,30.445907012758052,30.538591384887695,1704007,0.0,0.0
2021-08-04 00:00:00+08:00,30.677610085863332,31.928813284620013,30.677610085863332,31.419063568115234,8657732,0.0,0.0
2021-08-05 00:00:00+08:00,31.280037294887613,31.836129137774268,31.09467573369367,31.14101791381836,2950372,0.0,0.0
2021-08-06 00:00:00+08:00,31.141024449619394,31.32638604971657,30.39957088992436,30.44590950012207,3913242,0.0,0.0
2021-08-09 00:00:00+08:00,30.44590790489868,30.77029605755206,29.84347915649414,29.84347915649414,1989526,0.0,0.0
2021-08-10 00:00:00+08:00,30.028840667698887,30.121521457122945,28.592275902841337,28.777637481689453,4320260,0.0,0.0
2021-08-11 00:00:00+08:00,28.77764003542969,28.916663021729114,27.5727807168653,27.897165298461914,3121481,0.0,0.0
2021-08-12 00:00:00+08:00,28.22155166988506,28.499595852657375,27.897165298461914,27.897165298461914,1957127,0.0,0.0
2021-08-13 00:00:00+08:00,27.897163004780907,28.175208954519057,27.24839210510254,27.24839210510254,1820442,0.0,0.0
2021-08-16 00:00:00+08:00,26.877665544316514,27.34107486702385,26.136212059845903,26.182554244995117,2559554,0.0,0.0
2021-08-17 00:00:00+08:00,26.369239807128906,26.369239807128906,26.369239807128906,26.369239807128906,0,0.197534,0.0
2021-08-18 00:00:00+08:00,26.042541351477876,26.882624958701975,25.435815403397694,26.695938110351562,1998639,0.0,0.0
2021-08-19 00:00:00+08:00,26.695936635046937,27.255991741383134,26.135883331298828,26.135883331298828,3358402,0.0,0.0
2021-08-20 00:00:00+08:00,26.60259437561035,27.39600530642884,26.555921765936052,26.60259437561035,2732688,0.0,0.0
2021-08-23 00:00:00+08:00,27.115978348115913,27.30266157430461,26.88262251279201,27.162649154663086,1096517,0.0,0.0
2021-08-24 00:00:00+08:00,27.302663419497897,27.349336031787367,26.462581634521484,26.462581634521484,1181566,0.0,0.0
2021-08-25 00:00:00+08:00,26.46258098767642,27.396006171827207,26.46258098767642,26.88262367248535,1999651,0.0,0.0
2021-08-26 00:00:00+08:00,27.11597972923895,27.162650538163255,26.742609652668303,26.97596549987793,1436711,0.0,0.0
2021-08-27 00:00:00+08:00,27.302663699584397,28.656129812924448,27.209322079224197,27.255992889404297,5831895,0.0,0.0
2021-08-30 00:00:00+08:00,27.769376110558635,29.77623889479058,27.722703499636797,28.236087799072266,7887233,0.0,0.0
2021-08-31 00:00:00+08:00,28.56278770554379,28.56278770554379,27.816049300503824,28.422775268554688,2326683,0.0,0.0
2021-09-01 00:00:00+08:00,28.516114557894696,28.79614301411655,28.18941709575334,28.282758712768555,2739776,0.0,0.0
2021-09-02 00:00:00+08:00,28.376102684938704,28.74947096285826,27.769376754760742,27.769376754760742,1819429,0.0,0.0
2021-09-03 00:00:00+08:00,28.236090317183347,28.65613123482273,27.816049399543967,28.469446182250977,2643590,0.0,0.0
2021-09-06 00:00:00+08:00,28.189418212825377,28.236089023182426,27.302663803100586,27.302663803100586,1834617,0.0,0.0
2021-09-07 00:00:00+08:00,27.349333205517866,27.48934562015301,26.602593117111933,26.835948944091797,1270664,0.0,0.0
2021-09-08 00:00:00+08:00,27.069305507309014,27.069305507309014,26.369238007328818,26.415908813476562,1100567,0.0,0.0
2021-09-09 00:00:00+08:00,26.27589522594686,26.83595032098653,26.27589522594686,26.64926528930664,1089430,0.0,0.0
2021-09-10 00:00:00+08:00,26.97596632801307,27.302663803100586,26.695937860694432,27.302663803100586,1104617,0.0,0.0
2021-09-13 00:00:00+08:00,27.629361578052272,28.2827582952781,27.442676544189453,27.442676544189453,3531536,0.0,0.0
2021-09-14 00:00:00+08:00,27.582689834588166,27.769376676906752,27.069307327270508,27.069307327270508,1066143,0.0,0.0
2021-09-15 00:00:00+08:00,27.1626507484298,27.582689834588166,27.069307327270508,27.069307327270508,985144,0.0,0.0
2021-09-16 00:00:00+08:00,27.536017828846177,27.676030241453677,27.069304379057375,27.349332809448242,872759,0.0,0.0
2021-09-17 00:00:00+08:00,27.536020827890713,27.769376676906752,27.069307327270508,27.069307327270508,1356725,0.0,0.0
2021-09-22 00:00:00+08:00,26.18255558644659,27.302664058431745,26.18255558644659,26.695938110351562,1589596,0.0,0.0
2021-09-23 00:00:00+08:00,26.975965414386042,27.209321260856118,25.94919860836483,26.275896072387695,2257834,0.0,0.0
2021-09-24 00:00:00+08:00,26.509251687693975,26.55592069030188,26.13588164095102,26.229223251342773,1092467,0.0,0.0
2021-09-27 00:00:00+08:00,26.41590827471425,26.602593298085726,26.182552446146897,26.229223251342773,1095505,0.0,0.0
2021-09-28 00:00:00+08:00,26.509253598825037,27.302662752118074,26.46258098767642,26.88262367248535,3503187,0.0,0.0
2021-09-29 00:00:00+08:00,27.115979199002076,27.676032500318424,26.78927993774414,26.78927993774414,4301023,0.0,0.0
2021-09-30 00:00:00+08:00,27.02263618531555,28.28275883604196,26.602595301740084,27.629362106323242,4426570,0.0,0.0
2021-10-01 00:00:00+08:00,28.936157809357898,30.38296741228463,28.422775268554688,28.422775268554688,25585417,0.0,0.0
2021-10-04 00:00:00+08:00,28.982827726137707,29.776240524167953,26.882625012901762,27.396007537841797,11933111,0.0,0.0
2021-10-05 00:00:00+08:00,25.949198183181537,26.929292361779186,25.762513148546727,26.78927993774414,3794782,0.0,0.0
2021-10-06 00:00:00+08:00,26.78927919107102,27.582688312919892,26.509252548217773,26.509252548217773,3194380,0.0,0.0
2021-10-07 00:00:00+08:00,26.882622930847543,27.162649577073353,26.60259448203368,26.64926528930664,2489692,0.0,0.0
2021-10-08 00:00:00+08:00,27.396007695343968,27.582690939967645,26.695938317652363,26.742610931396484,3922354,0.0,0.0
2021-10-12 00:00:00+08:00,27.67603420575562,27.86271925189423,27.069308256452178,27.396007537841797,7274682,0.0,0.0
2021-10-13 00:00:00+08:00,27.862718140460252,28.749470722305265,27.536020674690672,28.376102447509766,11319547,0.0,0.0
2021-10-14 00:00:00+08:00,28.79614407028241,29.169514157213698,27.956060473392927,28.656129837036133,10991503,0.0,0.0
2021-10-15 00:00:00+08:00,28.889485270093697,29.216182739460773,28.376102759979087,28.516115188598633,4605780,0.0,0.0
2021-10-18 00:00:00+08:00,28.936154252870192,29.122839281832146,28.376100968572363,28.56278419494629,3744158,0.0,0.0
2021-10-19 00:00:00+08:00,28.749468280395526,29.589549981860124,28.562783257560284,28.889482498168945,6553795,0.0,0.0
2021-10-20 00:00:00+08:00,29.216180895019107,29.216180895019107,28.329428359390857,28.56278419494629,2754963,0.0,0.0
2021-10-21 00:00:00+08:00,28.796145865592237,28.93615830497949,27.909391403198242,27.909391403198242,3377639,0.0,0.0
2021-10-22 00:00:00+08:00,27.956058502197266,28.469442786175847,27.629361051109115,27.956058502197266,3378652,0.0,0.0
2021-10-25 00:00:00+08:00,28.002733744867847,28.656130511072416,28.002733744867847,28.18941879272461,2940247,0.0,0.0
2021-10-26 00:00:00+08:00,28.18941940431793,28.422775268554688,27.536022623937367,28.422775268554688,3067820,0.0,0.0
2021-10-27 00:00:00+08:00,28.376102322701666,29.076169862775725,28.329429711292907,29.029499053955078,5834933,0.0,0.0
2021-10-28 00:00:00+08:00,29.3095244396331,30.38296381152996,28.936154380067933,29.962921142578125,11882487,0.0,0.0
2021-10-29 00:00:00+08:00,30.52297442933784,30.52297442933784,29.122839409850517,29.962921142578125,6599357,0.0,0.0
2021-11-01 00:00:00+08:00,31.269718449250206,32.94988212429964,30.662992477416992,30.662992477416992,39677140,0.0,0.0
2021-11-02 00:00:00+08:00,30.803005219921086,31.456403775188523,30.056266846539714,30.756336212158203,11693153,0.0,0.0
2021-11-03 00:00:00+08:00,30.943017968893688,31.269715428264053,30.10293621252978,30.242950439453125,5220356,0.0,0.0
2021-11-04 00:00:00+08:00,30.80300106820278,32.57650964838587,30.42963103054191,32.01645278930664,13304012,0.0,0.0
2021-11-05 00:00:00+08:00,32.29648421766946,32.29648421766946,31.176374000681335,31.68975830078125,7531852,0.0,0.0
2021-11-08 00:00:00+08:00,31.829774028428915,32.38982736072562,31.549745559692383,31.549745559692383,5670911,0.0,0.0
2021-11-09 00:00:00+08:00,31.549745515736863,32.669855783946076,31.409731281563666,32.20314407348633,10717120,0.0,0.0
2021-11-10 00:00:00+08:00,32.06313009491764,32.20314433020702,31.596418380737305,31.596418380737305,4738415,0.0,0.0
2021-11-11 00:00:00+08:00,31.596414094423302,32.10979835244742,30.803001403808594,30.803001403808594,4589580,0.0,0.0
2021-11-12 00:00:00+08:00,30.056265628010802,30.196278053387637,28.93615540946754,29.6362247467041,7951020,0.0,0.0
2021-11-15 00:00:00+08:00,29.63622594820389,30.849677832860312,29.21618324727989,30.756336212158203,5208206,0.0,0.0
2021-11-16 00:00:00+08:00,30.61631922900185,31.269714120414463,30.429632399186804,30.47630500793457,4930786,0.0,0.0
2021-11-17 00:00:00+08:00,30.56964557837507,31.31638566183271,30.56964557837507,30.803001403808594,2931135,0.0,0.0
2021-11-18 00:00:00+08:00,30.429633455573978,31.036359364477782,30.05626519074616,30.896345138549805,4773852,0.0,0.0
2021-11-19 00:00:00+08:00,30.75633635989125,31.17637545765649,30.149608612060547,30.149608612060547,2882535,0.0,0.0
2021-11-22 00:00:00+08:00,30.196276601078143,32.016454266727244,30.10293498864958,31.829771041870117,6260175,0.0,0.0
2021-11-23 00:00:00+08:00,31.736431952983292,34.350018939860185,31.456403488254946,32.06312942504883,20659693,0.0,0.0
2021-11-24 00:00:00+08:00,31.736427746953833,35.19009606512473,31.596413533145746,34.583370208740234,40333228,0.0,0.0
2021-11-25 00:00:00+08:00,34.49003436848219,35.423457809716616,33.18323722454228,33.88330841064453,21457528,0.0,0.0
2021-11-26 00:00:00+08:00,33.9299792177874,34.630050440991326,32.34316072566284,33.1832389831543,17406588,0.0,0.0
2021-11-29 00:00:00+08:00,32.66985688800168,32.856540136423874,30.61632312947519,31.92311668395996,15145716,0.0,0.0
2021-11-30 00:00:00+08:00,32.24980896356682,32.576510003314475,30.803001403808594,30.803001403808594,15122429,0.0,0.0
2021-12-01 00:00:00+08:00,30.803004357888916,31.82977297240667,30.476306891986106,31.176374435424805,7563239,0.0,0.0
2021-12-02 00:00:00+08:00,30.989689088949937,31.363059141060564,30.61631903683931,31.083030700683594,5844045,0.0,0.0
2021-12-03 00:00:00+08:00,31.92311435687214,34.02332057699444,31.783100128173828,31.783100128173828,22933727,0.0,0.0
2021-12-06 00:00:00+08:00,32.38982773046175,33.46326539930347,31.876443400309842,32.34315872192383,13974275,0.0,0.0
2021-12-07 00:00:00+08:00,32.80986959420689,33.08989445375892,32.06312942504883,32.06312942504883,6776541,0.0,0.0
2021-12-08 00:00:00+08:00,32.80987227334385,33.323253027031576,32.06313204320965,33.08989715576172,9180173,0.0,0.0
2021-12-09 00:00:00+08:00,33.36992284657146,34.58337471754411,32.99655276279709,33.416595458984375,21649900,0.0,0.0
2021-12-10 00:00:00+08:00,33.6032794285871,35.84349997992031,33.323250958376356,35.09675979614258,36728793,0.0,0.0
2021-12-13 00:00:00+08:00,36.03018343390197,36.730251008344915,34.95674576538751,35.190101623535156,34658267,0.0,0.0
2021-12-14 00:00:00+08:00,35.47012709775637,36.54356467555323,34.06998846202162,34.116661071777344,31883054,0.0,0.0
2021-12-15 00:00:00+08:00,34.06998846202162,34.77005597730094,33.83663262359517,34.116661071777344,13604719,0.0,0.0
2021-12-16 00:00:00+08:00,34.536694909636395,35.23676592409332,34.39668431192056,34.95673751831055,11866287,0.0,0.0
2021-12-17 00:00:00+08:00,34.53669560896208,35.23676663759457,33.929969787597656,33.929969787597656,14351930,0.0,0.0
2021-12-20 00:00:00+08:00,35.096754457644614,36.17019195660551,34.53669760241226,34.583370208740234,24061632,0.0,0.0
2021-12-21 00:00:00+08:00,35.00341649879352,35.00341649879352,34.350017967973166,34.53670120239258,5576750,0.0,0.0
2021-12-22 00:00:00+08:00,34.77005342370046,35.0034128501645,34.49002860126012,34.583370208740234,5119108,0.0,0.0
2021-12-23 00:00:00+08:00,34.86340162867449,34.95674324416609,33.97664726856389,34.256675720214844,5472464,0.0,0.0
2021-12-24 00:00:00+08:00,34.30334278339128,34.490029608981914,33.416592078657565,33.603275299072266,6329024,0.0,0.0
2021-12-27 00:00:00+08:00,33.78996318237994,34.06999165682084,33.60327993620363,33.88330841064453,2787362,0.0,0.0
2021-12-28 00:00:00+08:00,34.11666215673942,34.1633311628032,33.089893550869384,33.136566162109375,4589580,0.0,0.0
2021-12-29 00:00:00+08:00,33.229902364140784,34.256670802684695,33.229902364140784,33.929969787597656,5425890,0.0,0.0
2021-12-30 00:00:00+08:00,34.11666385312678,34.21000547507178,33.603279524664686,33.78996276855469,5136320,0.0,0.0
2022-01-03 00:00:00+08:00,34.02331773225665,34.116659341859034,33.416591862077304,33.50993347167969,2617265,0.0,0.0
2022-01-04 00:00:00+08:00,33.696620942916645,33.9766494122353,33.18323661755792,33.64995193481445,4198762,0.0,0.0
2022-01-05 00:00:00+08:00,33.883303734870246,34.910068657502954,33.603275299072266,33.603275299072266,8101880,0.0,0.0
2022-01-06 00:00:00+08:00,33.41659639076555,33.60327963527002,32.34315872192383,32.34315872192383,5518026,0.0,0.0
2022-01-07 00:00:00+08:00,32.43649693041982,32.763194376507805,31.269714156946687,31.829771041870117,4535918,0.0,0.0
2022-01-10 00:00:00+08:00,32.29648678598082,32.66985688800168,31.78310244505508,31.92311668395996,4827513,0.0,0.0
2022-01-11 00:00:00+08:00,32.109802037562325,32.94988022139475,31.6897593404698,32.06312942504883,7629051,0.0,0.0
2022-01-12 00:00:00+08:00,32.109803816847496,32.2498144517937,31.269718376111197,31.316390991210938,4011453,0.0,0.0
2022-01-13 00:00:00+08:00,31.643088555391916,31.689761170600825,30.662992477416992,30.662992477416992,4297985,0.0,0.0
2022-01-14 00:00:00+08:00,30.66299049771375,30.84967734131975,29.91625213623047,29.91625213623047,5071521,0.0,0.0
2022-01-17 00:00:00+08:00,30.00959501264052,30.476306705409094,29.72956655490889,30.382965087890625,2152536,0.0,0.0
2022-01-18 00:00:00+08:00,30.5229770034873,30.989692321186155,30.14960871502222,30.196279525756836,2074575,0.0,0.0
2022-01-19 00:00:00+08:00,30.05626626290148,30.429634541047946,29.72956699161167,29.86958122253418,1881191,0.0,0.0
2022-01-20 00:00:00+08:00,30.009594176099124,30.522974860727928,29.869579951136316,30.102935791015625,2560566,0.0,0.0
2022-01-21 00:00:00+08:00,30.05626433032223,30.28961836254182,29.2161808013916,29.2161808013916,2834949,0.0,0.0
2022-01-24 00:00:00+08:00,28.93615749527881,28.93615749527881,28.049404860286486,28.329431533813477,2712439,0.0,0.0
2022-01-25 00:00:00+08:00,28.329430706399123,28.60945917433558,28.00273323059082,28.00273323059082,1881191,0.0,0.0
2022-01-26 00:00:00+08:00,28.049404599805026,28.9361572265625,27.676034503510866,28.9361572265625,1502523,0.0,0.0
2022-02-07 00:00:00+08:00,29.216183020914386,29.729567338562816,29.076170590946035,29.309526443481445,2055338,0.0,0.0
2022-02-08 00:00:00+08:00,29.589552121507285,30.336292266845703,29.402868887760782,30.336292266845703,2164686,0.0,0.0
2022-02-09 00:00:00+08:00,30.70966126999453,30.756333879393793,30.149606180495663,30.61631965637207,1665532,0.0,0.0
2022-02-10 00:00:00+08:00,30.66298994062392,30.89634578700956,30.33629247671927,30.42963409423828,1416462,0.0,0.0
2022-02-11 00:00:00+08:00,30.05626699091009,30.709663746727838,29.96292356717145,30.149608612060547,1117780,0.0,0.0
2022-02-14 00:00:00+08:00,29.869582467297903,29.91625327868762,28.9361572265625,28.9361572265625,2197085,0.0,0.0
2022-02-15 00:00:00+08:00,29.216178561551892,29.44953618105731,29.02949535008817,29.0761661529541,950720,0.0,0.0
2022-02-16 00:00:00+08:00,29.729567338562816,29.729567338562816,29.122841400935485,29.309526443481445,1254465,0.0,0.0
2022-02-17 00:00:00+08:00,29.68289427105923,29.68289427105923,29.122839186015995,29.169511795043945,2113049,0.0,0.0
2022-02-18 00:00:00+08:00,29.122840671596375,29.169513283005134,28.60945816939302,29.029499053955078,2332758,0.0,0.0
2022-02-21 00:00:00+08:00,28.74946934006983,29.402867845370718,28.702798533287776,29.262853622436523,1938902,0.0,0.0
2022-02-22 00:00:00+08:00,29.02949950130138,29.12284112038108,28.28275933831125,28.516115188598633,1950040,0.0,0.0
2022-02-23 00:00:00+08:00,28.609457544332994,29.02949841971799,28.609457544332994,28.796142578125,1172454,0.0,0.0
2022-02-24 00:00:00+08:00,29.16951430762032,29.636226017396854,28.00273323059082,28.00273323059082,4896362,0.0,0.0
2022-02-25 00:00:00+08:00,28.842813385925982,29.449539295102984,28.189416668948,28.796142578125,2373257,0.0,0.0
2022-03-01 00:00:00+08:00,29.356194508497552,29.962920389392515,28.936153652692422,29.682893753051758,3483950,0.0,0.0
2022-03-02 00:00:00+08:00,29.682895540968637,30.522975500592207,29.589552121507285,30.336292266845703,4603755,0.0,0.0
2022-03-03 00:00:00+08:00,30.382965477673643,31.923114804603753,30.196278635065475,31.223047256469727,11462307,0.0,0.0
2022-03-04 00:00:00+08:00,31.549744536928635,31.549744536928635,30.42963430347004,30.52297592163086,5614212,0.0,0.0
2022-03-07 00:00:00+08:00,30.38296424042077,30.56964747025057,29.122839820953203,29.402868270874023,3360427,0.0,0.0
2022-03-08 00:00:00+08:00,28.88948418918499,30.149606815141862,28.702799155422333,29.4962100982666,5098858,0.0,0.0
2022-03-09 00:00:00+08:00,29.962920544351718,31.45640075279422,29.542879686374263,31.083030700683594,11540268,0.0,0.0
2022-03-10 00:00:00+08:00,31.083032817334892,31.31638866514779,30.476306891986106,31.176374435424805,9310783,0.0,0.0
2022-03-11 00:00:00+08:00,30.803004564067667,31.269716262817383,30.709662945352978,31.269716262817383,3567986,0.0,0.0
2022-03-14 00:00:00+08:00,30.989690359285888,31.2230462007738,30.80300352298987,30.896345138549805,2244672,0.0,0.0
2022-03-15 00:00:00+08:00,31.129705804140606,31.736431736801602,29.91625213623047,29.91625213623047,7525777,0.0,0.0
2022-03-16 00:00:00+08:00,30.38296643369829,32.90321184938811,30.102937963562848,32.296485900878906,19265505,0.0,0.0
2022-03-17 00:00:00+08:00,32.436498874049036,32.66985472169139,31.26971603066105,31.876441955566406,15432249,0.0,0.0
2022-03-18 00:00:00+08:00,31.82977499222566,32.62318420410156,31.316390652389003,32.62318420410156,8629383,0.0,0.0
2022-03-21 00:00:00+08:00,32.48316893665636,32.99655326023263,32.20314407348633,32.20314407348633,7176471,0.0,0.0
2022-03-22 00:00:00+08:00,32.38982626245007,32.90321056933374,31.876441955566406,31.876441955566406,4697916,0.0,0.0
2022-03-23 00:00:00+08:00,32.203142600881165,32.24981160668722,31.64308568979901,31.68975830078125,2734713,0.0,0.0
2022-03-24 00:00:00+08:00,31.736430701081144,32.29648400326919,31.50307125289527,31.643085479736328,3053645,0.0,0.0
2022-03-25 00:00:00+08:00,31.73643092562454,31.783099931450973,30.98969078063965,30.98969078063965,2623340,0.0,0.0
2022-03-28 00:00:00+08:00,31.269717346353396,31.363062573478885,30.756336623045165,30.94301986694336,1743493,0.0,0.0
2022-03-29 00:00:00+08:00,31.363060853132094,31.363060853132094,30.80300394180533,30.98969078063965,1704007,0.0,0.0
2022-03-30 00:00:00+08:00,31.54974408679022,32.10980099811699,30.98969078063965,30.98969078063965,3783644,0.0,0.0
2022-03-31 00:00:00+08:00,31.17637231241725,31.736429193171187,31.036358092228767,31.083030700683594,2737751,0.0,0.0
2022-04-01 00:00:00+08:00,30.98969119935367,31.456402894981103,30.84967696963019,31.12970542907715,1735393,0.0,0.0
2022-04-06 00:00:00+08:00,31.40972734819873,32.156467433492395,31.363058346102815,32.109798431396484,4792076,0.0,0.0
2022-04-07 00:00:00+08:00,32.24980896356682,32.296481570723884,30.803001403808594,30.803001403808594,3397889,0.0,0.0
2022-04-08 00:00:00+08:00,31.59641710150133,32.34315725602735,31.0363601830187,31.876441955566406,5889607,0.0,0.0
2022-04-11 00:00:00+08:00,32.109798169410944,32.76319303482989,31.17637126782178,31.36305809020996,10225054,0.0,0.0
2022-04-12 00:00:00+08:00,31.456402484853324,31.503071490701853,30.196278038947725,30.336292266845703,5615224,0.0,0.0
2022-04-13 00:00:00+08:00,30.476306494743678,30.803003956388164,30.149607230511098,30.336292266845703,2504880,0.0,0.0
2022-04-14 00:00:00+08:00,30.47630500793457,30.80300245364088,30.429632399186804,30.47630500793457,1682744,0.0,0.0
2022-04-15 00:00:00+08:00,30.476306891986106,31.549744512960693,30.476306891986106,31.176374435424805,4034740,0.0,0.0
2022-04-18 00:00:00+08:00,31.36306287368587,32.669856409011025,31.316390259676375,32.436500549316406,8476498,0.0,0.0
2022-04-19 00:00:00+08:00,32.80987133868006,32.80987133868006,31.969789505004883,31.969789505004883,7566277,0.0,0.0
2022-04-20 00:00:00+08:00,32.29648165013195,32.62317908550697,31.923111607485115,32.109798431396484,4516681,0.0,0.0
2022-04-21 00:00:00+08:00,32.20314390725122,32.529841381851334,31.456403732299805,31.456403732299805,3824144,0.0,0.0
2022-04-22 00:00:00+08:00,31.269718305961813,31.969789505004883,30.803006576717436,31.969789505004883,10164305,0.0,0.0
2022-04-25 00:00:00+08:00,31.92311372523754,31.96978633560558,30.896345138549805,30.896345138549805,5037097,0.0,0.0
2022-04-26 00:00:00+08:00,31.129703939059702,31.643084616571265,30.61631965637207,30.61631965637207,2899748,0.0,0.0
2022-04-27 00:00:00+08:00,29.962923338707476,30.242951805200025,28.562786414009228,28.656129837036133,4097514,0.0,0.0
2022-04-28 00:00:00+08:00,28.93615478950419,29.309524854352407,28.422772302278933,28.749469757080078,1686794,0.0,0.0
2022-04-29 00:00:00+08:00,29.029498207010274,29.16951243197537,28.56278472465597,28.749469757080078,1889291,0.0,0.0
2022-05-03 00:00:00+08:00,28.702801633574946,28.749472445398073,28.28276072199035,28.329431533813477,1160304,0.0,0.0
2022-05-04 00:00:00+08:00,28.562785683613455,28.936155760997078,28.32942983589572,28.376102447509766,1053993,0.0,0.0
2022-05-05 00:00:00+08:00,28.749468280395526,29.216179936189643,28.702797475333707,28.889482498168945,997294,0.0,0.0
2022-05-06 00:00:00+08:00,28.469445463215653,28.469445463215653,28.14274798140747,28.18941879272461,1141067,0.0,0.0
2022-05-09 00:00:00+08:00,28.189417127708346,28.23608793626886,26.88262367248535,26.88262367248535,2021926,0.0,0.0
2022-05-10 00:00:00+08:00,26.182553298259165,26.92929161345973,25.85585404607965,26.55592155456543,1754631,0.0,0.0
2022-05-11 00:00:00+08:00,26.789280461592604,27.209321347087556,26.60259542330728,26.97596549987793,1542009,0.0,0.0
2022-05-12 00:00:00+08:00,26.97596679526026,27.115981031344745,25.34247398376465,25.34247398376465,1861954,0.0,0.0
2022-05-13 00:00:00+08:00,25.622497985525076,25.949197234843478,25.389142151406794,25.76251220703125,1970289,0.0,0.0
2022-05-16 00:00:00+08:00,26.135883558371663,26.135883558371663,25.435814218722076,25.529157638549805,1375962,0.0,0.0
2022-05-17 00:00:00+08:00,26.322567402829364,27.069307568403133,26.182554973725395,26.462581634521484,2685101,0.0,0.0
2022-05-18 00:00:00+08:00,26.695935989782857,26.78927940654341,26.415909344677292,26.60259437561035,1362800,0.0,0.0
2022-05-19 00:00:00+08:00,25.809182925791855,26.50925222836006,25.809182925791855,26.415908813476562,815047,0.0,0.0
2022-05-20 00:00:00+08:00,26.83595106171068,27.162650326815033,26.64926602487792,26.929292678833008,1554159,0.0,0.0
2022-05-23 00:00:00+08:00,27.25599330259079,27.536021773092806,26.78928158853836,27.396007537841797,1301039,0.0,0.0
2022-05-24 00:00:00+08:00,27.536019212216534,27.536019212216534,26.929291516751164,27.162649154663086,864659,0.0,0.0
2022-05-25 00:00:00+08:00,27.069305632016025,27.34933407536859,27.069305632016025,27.115978240966797,503203,0.0,0.0
2022-05-26 00:00:00+08:00,27.349335576448578,27.349335576448578,26.60259542330728,26.97596549987793,594326,0.0,0.0
2022-05-27 00:00:00+08:00,27.16265000701376,27.255991623037122,26.78927993774414,26.78927993774414,657100,0.0,0.0
2022-05-30 00:00:00+08:00,27.069304379057375,27.442674417853244,27.069304379057375,27.349332809448242,930470,0.0,0.0
2022-05-31 00:00:00+08:00,27.396006051277123,27.67603270399611,27.209321015268433,27.536020278930664,656088,0.0,0.0
2022-06-01 00:00:00+08:00,27.629362211131465,28.002732287412236,27.44267717299108,27.67603302001953,1077280,0.0,0.0
2022-06-02 00:00:00+08:00,27.722704596381625,27.81604801932999,27.255992889404297,27.255992889404297,803910,0.0,0.0
2022-06-06 00:00:00+08:00,27.722702979555002,28.562784724154724,27.722702979555002,28.049402236938477,2776225,0.0,0.0
2022-06-07 00:00:00+08:00,27.769376545368452,27.909388972561985,27.34933565861161,27.72270393371582,1406337,0.0,0.0
2022-06-08 00:00:00+08:00,27.722704350267858,27.86271858215332,27.396006879319316,27.86271858215332,1005394,0.0,0.0
2022-06-09 00:00:00+08:00,27.862718478048425,27.909389287639815,27.62936262750332,27.81604766845703,569014,0.0,0.0
2022-06-10 00:00:00+08:00,27.76937720914989,27.76937720914989,27.255992889404297,27.255992889404297,606476,0.0,0.0
2022-06-13 00:00:00+08:00,26.789280483472538,26.975965521910336,26.322566986083984,26.322566986083984,815047,0.0,0.0
2022-06-14 00:00:00+08:00,26.182553068961756,26.415908903080037,25.575827179219022,25.76251220703125,1343563,0.0,0.0
2022-06-15 00:00:00+08:00,25.76251220703125,26.22922387526781,25.622497985525076,25.76251220703125,817072,0.0,0.0
2022-06-16 00:00:00+08:00,26.089210515593194,26.135883126029047,25.389142990112305,25.389142990112305,969957,0.0,0.0
2022-06-17 00:00:00+08:00,25.38914365202094,27.72270393371582,25.202458613174777,27.72270393371582,1447849,0.0,0.0
2022-06-20 00:00:00+08:00,27.16265036094803,27.53602043508273,25.529157638549805,25.529157638549805,1667557,0.0,0.0
2022-06-21 00:00:00+08:00,25.715842035524496,26.135882907823774,25.435813585599604,25.995868682861328,808973,0.0,0.0
2022-06-22 00:00:00+08:00,26.789280844505694,28.562786029683732,26.789280844505694,27.81604766845703,12074859,0.0,0.0
2022-06-23 00:00:00+08:00,28.282756103849984,28.376099514842917,27.20931859425281,27.349332809448242,7272657,0.0,0.0
2022-06-24 00:00:00+08:00,27.86271740916497,28.889484193726965,27.349334918178005,28.796142578125,5467402,0.0,0.0
2022-06-27 00:00:00+08:00,29.16951243197537,29.49620988677652,28.60945733470304,28.749469757080078,8729618,0.0,0.0
2022-06-28 00:00:00+08:00,29.216184589949737,29.402871445109746,28.189419504687475,28.469446182250977,4422520,0.0,0.0
2022-06-29 00:00:00+08:00,28.56278419494629,29.122839281832146,28.236086746203892,28.56278419494629,3017196,0.0,0.0
2022-06-30 00:00:00+08:00,28.609460810487622,28.609460810487622,27.676035534964544,27.909391403198242,2461343,0.0,0.0
2022-07-01 00:00:00+08:00,28.189415095449288,28.28275670584104,26.229223251342773,26.229223251342773,2425906,0.0,0.0
2022-07-04 00:00:00+08:00,27.1626507484298,27.536020827890713,26.50925401066727,27.069307327270508,2375282,0.0,0.0
2022-07-05 00:00:00+08:00,27.81604874026823,29.16951488868751,27.676034503510866,28.9361572265625,6968912,0.0,0.0
2022-07-06 00:00:00+08:00,29.076169990662965,29.076169990662965,28.002732370126143,28.376102447509766,3726945,0.0,0.0
2022-07-07 00:00:00+08:00,28.65613113279144,28.889486997028197,27.62936424859677,28.422775268554688,2649665,0.0,0.0
2022-07-08 00:00:00+08:00,28.702799828497593,28.702799828497593,27.582689599655282,27.67603302001953,3376627,0.0,0.0
2022-07-11 00:00:00+08:00,27.81604766845703,27.81604766845703,26.69593742273477,27.81604766845703,2567654,0.0,0.0
2022-07-12 00:00:00+08:00,27.162648368200156,27.34933339157163,26.229223251342773,26.229223251342773,1856891,0.0,0.0
2022-07-13 00:00:00+08:00,26.882623903985497,27.069307139835175,26.322566986083984,26.322566986083984,1449874,0.0,0.0
2022-07-14 00:00:00+08:00,26.089209033167172,26.55592069030188,25.762511594208068,26.229223251342773,1392162,0.0,0.0
2022-07-15 00:00:00+08:00,26.36923670152166,26.64926332712919,25.902525057979805,25.949195861816406,2222397,0.0,0.0
2022-07-18 00:00:00+08:00,26.229224307583838,26.415909338473053,25.80918343873012,25.90252685546875,1856891,0.0,0.0
2022-07-19 00:00:00+08:00,26.18255445483491,26.602595338998672,25.94919860836483,26.275896072387695,2243659,0.0,0.0
2022-07-20 00:00:00+08:00,26.6492678755425,26.69593868734473,26.18255615234375,26.18255615234375,1873091,0.0,0.0
2022-07-21 00:00:00+08:00,26.322567195207572,26.41591061646211,26.089211345953423,26.369239807128906,1228140,0.0,0.0
2022-07-22 00:00:00+08:00,26.229224629739758,26.369238855273377,25.949197981260582,26.042539596557617,2007751,0.0,0.0
2022-07-25 00:00:00+08:00,26.042539912282084,26.695936635046937,26.042539912282084,26.135883331298828,1677682,0.0,0.0
2022-07-26 00:00:00+08:00,26.089209219053796,26.27589424375541,25.62249755859375,25.62249755859375,1671607,0.0,0.0
2022-07-27 00:00:00+08:00,25.6691686846358,25.855853711668424,25.529156266302337,25.71584129333496,1332426,0.0,0.0
2022-07-28 00:00:00+08:00,26.65804956718965,26.753257250259576,26.372428333915398,26.467634201049805,2062000,0.2,0.0
2022-07-29 00:00:00+08:00,26.75325885719325,28.371782302856445,26.75325885719325,28.371782302856445,3332000,0.0,0.0
2022-08-01 00:00:00+08:00,28.371780452467178,28.419385201724523,27.705330306283884,27.990951538085938,2664000,0.0,0.0
2022-08-02 00:00:00+08:00,27.705331382539384,27.705331382539384,26.84846583791148,27.03887939453125,1811000,0.0,0.0
2022-08-03 00:00:00+08:00,27.038877062378297,27.3245000965758,26.562840487984538,26.75325584411621,1593000,0.0,0.0
2022-08-04 00:00:00+08:00,26.658049864028907,26.896068166386307,26.134410325216837,26.61044692993164,1430000,0.0,0.0
2022-08-05 00:00:00+08:00,26.84846419949551,26.991274812229275,26.65804883856018,26.800859451293945,1396000,0.0,0.0
2022-08-08 00:00:00+08:00,26.705651472964423,27.419706344604492,26.182011960135885,27.419706344604492,3702000,0.0,0.0
2022-08-09 00:00:00+08:00,27.3721032017427,28.276573425217933,27.086481981663905,27.27689552307129,4675000,0.0,0.0
2022-08-10 00:00:00+08:00,27.32450099764905,27.610122225329995,26.94367027282715,26.94367027282715,1618000,0.0,0.0
2022-08-11 00:00:00+08:00,27.37210106431392,27.514911663201545,26.896064524064982,27.134082794189453,1647000,0.0,0.0
2022-08-12 00:00:00+08:00,27.134085635238097,27.229293316443574,26.89606734019215,26.94367027282715,1138000,0.0,0.0
2022-08-15 00:00:00+08:00,27.13408512232264,27.705329382821787,26.658048541229263,27.419706344604492,4255000,0.0,0.0
2022-08-16 00:00:00+08:00,27.562519597057573,27.895743761053186,27.086483001708984,27.086483001708984,3114000,0.0,0.0
2022-08-17 00:00:00+08:00,27.2292904654263,27.467308735550766,27.134082794189453,27.134082794189453,1083000,0.0,0.0
2022-08-18 00:00:00+08:00,27.038875122952607,27.37210106431392,26.848461596414204,27.134082794189453,1374000,0.0,0.0
2022-08-19 00:00:00+08:00,27.229291215595975,27.657723024062186,27.13408354173615,27.562517166137695,1985000,0.0,0.0
2022-08-22 00:00:00+08:00,27.84813973755145,28.133760957203446,27.514913770667164,27.657724380493164,3097000,0.0,0.0
2022-08-23 00:00:00+08:00,27.514912351058964,27.610120024675947,27.181686401367188,27.181686401367188,1269000,0.0,0.0
2022-08-24 00:00:00+08:00,27.22929263354366,27.372103243802503,26.848463734208277,26.896066665649414,1326000,0.0,0.0
2022-08-25 00:00:00+08:00,26.896067379514385,27.419706903006844,26.896067379514385,27.324501037597656,1187000,0.0,0.0
2022-08-26 00:00:00+08:00,27.562517843183866,27.61012077331543,27.134084208258265,27.61012077331543,1838000,0.0,0.0
2022-08-29 00:00:00+08:00,27.372102522388506,27.705328481500313,26.848463026595226,27.229291915893555,3088000,0.0,0.0
2022-08-30 00:00:00+08:00,27.61012077331543,28.800212185958337,27.61012077331543,27.61012077331543,8886000,0.0,0.0
2022-08-31 00:00:00+08:00,27.37210106431392,27.4197039919647,26.94366745171576,27.134082794189453,10527000,0.0,0.0
2022-09-01 00:00:00+08:00,27.324501244002825,27.8005378383866,27.13408587987512,27.46731185913086,5071000,0.0,0.0
2022-09-02 00:00:00+08:00,27.610120805191883,27.752931411686834,27.18168716977165,27.229291915893555,3072000,0.0,0.0
2022-09-05 00:00:00+08:00,27.229295324402656,27.324503012628995,26.467635634527568,26.562843322753906,3700000,0.0,0.0
2022-09-06 00:00:00+08:00,26.753256091050382,26.753256091050382,25.753578186035156,25.753578186035156,3201000,0.0,0.0
2022-09-07 00:00:00+08:00,25.753578702593632,25.896391131842755,25.277542114257812,25.277542114257812,2304000,0.0,0.0
2022-09-08 00:00:00+08:00,26.134408901813586,26.27721951226278,25.61076757558596,25.753578186035156,2932000,0.0,0.0
2022-09-12 00:00:00+08:00,26.324820775194894,26.84846206823204,26.182010173797607,26.65804672241211,3503000,0.0,0.0
2022-09-13 00:00:00+08:00,26.705651308014005,26.896066665649414,26.51523776631403,26.896066665649414,2221000,0.0,0.0
2022-09-14 00:00:00+08:00,26.229615933084666,26.89606789944512,26.229615933084666,26.848464965820312,2146000,0.0,0.0
2022-09-15 00:00:00+08:00,26.991275582630262,27.229293882625353,26.610446665825222,26.848464965820312,2669000,0.0,0.0
2022-09-16 00:00:00+08:00,26.75325484952968,28.086156845092773,26.70565010429882,28.086156845092773,8775000,0.0,0.0
2022-09-19 00:00:00+08:00,27.990951134216417,28.086158815421893,26.94367027282715,26.94367027282715,6200000,0.0,0.0
2022-09-20 00:00:00+08:00,27.134086199440212,27.372104499435302,26.848464965820312,26.848464965820312,1497000,0.0,0.0
2022-09-21 00:00:00+08:00,26.84846275055185,27.134083960605125,26.705650329589844,26.705650329589844,1558000,0.0,0.0
2022-09-22 00:00:00+08:00,26.70565109711558,26.896066453247254,26.562840487984538,26.75325584411621,871000,0.0,0.0
2022-09-23 00:00:00+08:00,26.75325510363831,26.991273384247307,26.229613796737297,26.32482147216797,1531000,0.0,0.0
2022-09-26 00:00:00+08:00,26.182014128396208,26.372429502976964,25.134733200073242,25.134733200073242,2337000,0.0,0.0
2022-09-27 00:00:00+08:00,25.372750966692244,25.705976957101033,25.039524976283452,25.610769271850586,1558000,0.0,0.0
2022-09-28 00:00:00+08:00,25.705974358838983,25.75357728868491,24.325467602082743,24.42067527770996,2470000,0.0,0.0
2022-09-29 00:00:00+08:00,24.94431736939318,25.039523232076206,24.37307311361787,24.468280792236328,1559000,0.0,0.0
2022-09-30 00:00:00+08:00,24.087450691850773,24.944318005326522,23.897037145694863,24.896713256835938,1392000,0.0,0.0
2022-10-03 00:00:00+08:00,25.18233871459961,25.753581223776806,25.08713102442486,25.18233871459961,2528000,0.0,0.0
2022-10-04 00:00:00+08:00,25.705976073133602,25.705976073133602,25.27754241220718,25.42035484313965,1409000,0.0,0.0
2022-10-05 00:00:00+08:00,25.801183755110085,25.94399437010706,25.42035484313965,25.42035484313965,1407000,0.0,0.0
2022-10-06 00:00:00+08:00,25.563164644081375,25.848785864979764,25.467956965136768,25.753578186035156,1223000,0.0,0.0
2022-10-07 00:00:00+08:00,25.705976486206055,25.896391853218827,25.61076880269967,25.705976486206055,920000,0.0,0.0
2022-10-11 00:00:00+08:00,25.42035564903142,25.42035564903142,24.706300735473633,24.706300735473633,1252000,0.0,0.0
2022-10-12 00:00:00+08:00,24.9919195155379,24.9919195155379,24.37307234786404,24.42067527770996,1505000,0.0,0.0
2022-10-13 00:00:00+08:00,24.468283711057644,24.515886648077714,22.611740112304688,22.611740112304688,2518000,0.0,0.0
2022-10-14 00:00:00+08:00,23.421002057588673,23.421002057588673,22.373721130830752,22.564136505126953,2754000,0.0,0.0
2022-10-17 00:00:00+08:00,22.18330669407225,22.70694808754977,21.707270054148506,22.373722076416016,2750000,0.0,0.0
2022-10-18 00:00:00+08:00,22.65934296403344,23.087776659343977,22.13570339504113,22.992568969726562,2804000,0.0,0.0
2022-10-19 00:00:00+08:00,23.040172017275648,23.56381154751284,23.040172017275648,23.135377883911133,2361000,0.0,0.0
2022-10-20 00:00:00+08:00,23.325792568246115,24.563486957738053,22.94496366501286,23.0877742767334,5747000,0.0,0.0
2022-10-21 00:00:00+08:00,23.18298186746313,23.84943199157715,22.897358829183883,23.84943199157715,5310000,0.0,0.0
2022-10-24 00:00:00+08:00,23.849433566563032,24.08745187287977,23.1829833984375,23.1829833984375,3715000,0.0,0.0
2022-10-25 00:00:00+08:00,23.2305852001075,23.278189948609963,22.46892738342285,22.46892738342285,1623000,0.0,0.0
2022-10-26 00:00:00+08:00,22.992567868747138,22.992567868747138,22.278512954711914,22.278512954711914,944000,0.0,0.0
2022-10-27 00:00:00+08:00,22.373720573736897,22.7069465624903,22.373720573736897,22.65934181213379,680000,0.0,0.0
2022-10-28 00:00:00+08:00,22.659341608515728,22.8021540423664,22.468928056607382,22.516530990600586,672000,0.0,0.0
2022-10-31 00:00:00+08:00,22.849756976359604,22.944964660281542,22.516530990600586,22.516530990600586,778000,0.0,0.0
2022-11-01 00:00:00+08:00,22.849757675712908,23.278191358506756,22.659342302041065,22.944965362548828,1457000,0.0,0.0
2022-11-02 00:00:00+08:00,23.182984069348493,23.373397630351075,22.99256869241029,23.230587005615234,636000,0.0,0.0
2022-11-03 00:00:00+08:00,22.94496575614355,23.325794694084333,22.94496575614355,23.230587005615234,454000,0.0,0.0
2022-11-04 00:00:00+08:00,23.325793749711668,23.706622672234136,23.325793749711668,23.421001434326172,1053000,0.0,0.0
2022-11-07 00:00:00+08:00,24.135056757512224,24.373075065148566,23.65902014223954,23.706623077392578,1800000,0.0,0.0
2022-11-08 00:00:00+08:00,23.516208350019724,23.897037260090045,23.373395919799805,23.373395919799805,1228000,0.0,0.0
2022-11-09 00:00:00+08:00,23.468602922777567,23.563810601526377,23.32579231262207,23.32579231262207,957000,0.0,0.0
2022-11-10 00:00:00+08:00,23.42100066851827,23.801829578588592,23.27819005423384,23.373395919799805,1181000,0.0,0.0
2022-11-11 00:00:00+08:00,23.897038178668456,24.087451733055183,23.754227558894524,23.94464111328125,2455000,0.0,0.0
2022-11-14 00:00:00+08:00,24.087451934814453,24.182659620773062,23.8970383788328,24.087451934814453,771000,0.0,0.0
2022-11-15 00:00:00+08:00,24.277866770954777,24.658695690449314,24.087451403239744,24.563488006591797,2756000,0.0,0.0
2022-11-16 00:00:00+08:00,24.753902435302734,24.896713047703926,24.325468782163693,24.753902435302734,1746000,0.0,0.0
2022-11-17 00:00:00+08:00,24.849110115548683,24.896713047703926,24.563487074810837,24.753902435302734,929000,0.0,0.0
2022-11-18 00:00:00+08:00,24.753902435302734,24.944317795794632,24.468281210500347,24.753902435302734,1358000,0.0,0.0
2022-11-21 00:00:00+08:00,24.944319242775634,25.087129863461048,24.611093250552624,24.849111557006836,1554000,0.0,0.0
2022-11-22 00:00:00+08:00,25.03952418973238,25.134731871992127,24.27786636352539,24.27786636352539,2236000,0.0,0.0
2022-11-23 00:00:00+08:00,24.420676559363503,24.51588423998744,23.992244720458984,23.992244720458984,998000,0.0,0.0
2022-11-24 00:00:00+08:00,24.087451261317238,24.182658944613795,23.944640644340165,24.03984832763672,633000,0.0,0.0
2022-11-25 00:00:00+08:00,24.087451733055183,24.420677723151396,23.94464111328125,23.94464111328125,810000,0.0,0.0
2022-11-28 00:00:00+08:00,23.94463997217928,24.039847652803218,23.516208133274763,23.992244720458984,648000,0.0,0.0
2022-11-29 00:00:00+08:00,24.039847809134177,24.515884399414062,23.801829513994235,24.515884399414062,747000,0.0,0.0
2022-11-30 00:00:00+08:00,24.468282898862743,24.75390414337359,24.277867525231787,24.611093521118164,1163000,0.0,0.0
2022-12-01 00:00:00+08:00,24.944319242775634,24.99192217769225,24.611093250552624,24.849111557006836,1526000,0.0,0.0
2022-12-02 00:00:00+08:00,24.849110530632007,25.4679577386648,24.849110530632007,25.03952407836914,1990000,0.0,0.0
2022-12-05 00:00:00+08:00,24.896713256835938,25.182336299973013,24.84911032428083,24.896713256835938,1026000,0.0,0.0
2022-12-06 00:00:00+08:00,24.849110164105348,25.039523709033865,24.37307357788086,24.37307357788086,933000,0.0,0.0
2022-12-07 00:00:00+08:00,24.277866420094366,24.706300083293762,23.897037506103516,23.897037506103516,1168000,0.0,0.0
2022-12-08 00:00:00+08:00,25.087129661586015,26.27722118428046,24.849111357047125,25.99159812927246,13783000,0.0,0.0
2022-12-09 00:00:00+08:00,27.895742885279468,28.56219482421875,27.657724595077646,28.56219482421875,14745000,0.0,0.0
2022-12-12 00:00:00+08:00,30.37113593569428,30.37113593569428,28.65740483329151,29.228649139404297,42571000,0.0,0.0
2022-12-13 00:00:00+08:00,29.419058866934932,29.419058866934932,27.7053279876709,27.7053279876709,15526000,0.0,0.0
2022-12-14 00:00:00+08:00,28.133761839753046,28.847816727218206,27.94334829265696,28.609798431396484,13182000,0.0,0.0
2022-12-15 00:00:00+08:00,28.60979867291072,29.27625063321169,28.181366826376237,29.133440017700195,9959000,0.0,0.0
2022-12-16 00:00:00+08:00,29.133437429051142,29.323850960835458,27.562517166137695,27.562517166137695,17219000,0.0,0.0
2022-12-19 00:00:00+08:00,27.419704473821184,27.610119819641113,26.65804672241211,26.65804672241211,5999000,0.0,0.0
2022-12-20 00:00:00+08:00,26.610446483898883,27.08648308063457,25.943994522094727,25.943994522094727,5006000,0.0,0.0
2022-12-21 00:00:00+08:00,26.658049627402225,26.658049627402225,25.943994726668237,26.08680534362793,2145000,0.0,0.0
2022-12-22 00:00:00+08:00,26.467634433831297,27.134086405246656,26.372428565859558,26.991275787353516,3490000,0.0,0.0
2022-12-23 00:00:00+08:00,26.562842117738565,27.181689339232523,26.182013198045016,26.991275787353516,3231000,0.0,0.0
2022-12-26 00:00:00+08:00,27.229293356252985,27.752932879745444,26.991275060859053,27.324501037597656,7186000,0.0,0.0
2022-12-27 00:00:00+08:00,27.610121703416024,28.038555352774242,27.038877442916878,27.419706344604492,7420000,0.0,0.0
2022-12-28 00:00:00+08:00,27.41970542091841,27.94334673204252,27.229291884456774,27.61012077331543,6018000,0.0,0.0
2022-12-29 00:00:00+08:00,27.657725942833345,27.848141310647883,26.753257485553107,26.991275787353516,4946000,0.0,0.0
2022-12-30 00:00:00+08:00,27.276893393077078,27.276893393077078,26.75325392517736,27.134082794189453,2252000,0.0,0.0
2023-01-03 00:00:00+08:00,27.324498136663145,27.467308735550766,26.705649181591294,27.134082794189453,4141000,0.0,0.0
2023-01-04 00:00:00+08:00,27.41970493934355,28.466985727262895,27.41970493934355,28.086156845092773,9805000,0.0,0.0
2023-01-05 00:00:00+08:00,28.086159125566823,28.086159125566823,27.038878252612825,27.086483001708984,6574000,0.0,0.0
2023-01-06 00:00:00+08:00,27.134085635238097,27.229293316443574,26.848464407557152,26.94367027282715,2063000,0.0,0.0
2023-01-09 00:00:00+08:00,27.324501037597656,27.419706903006844,27.134085674908317,27.324501037597656,2538000,0.0,0.0
2023-01-10 00:00:00+08:00,27.514915324940205,27.514915324940205,26.800860419538974,26.991275787353516,2327000,0.0,0.0
2023-01-11 00:00:00+08:00,27.038877275908252,27.324500312361366,26.896066665649414,26.896066665649414,2232000,0.0,0.0
2023-01-12 00:00:00+08:00,26.896066492925804,27.13408478047382,26.22961456141719,26.372426986694336,2965000,0.0,0.0
2023-01-13 00:00:00+08:00,26.562840527171495,26.65804820537779,26.182011630281757,26.372426986694336,2032000,0.0,0.0
2023-01-16 00:00:00+08:00,26.420032100433403,26.562842721572952,26.134410858154297,26.134410858154297,1196000,0.0,0.0
2023-01-17 00:00:00+08:00,26.1344109147323,27.03887939453125,26.1344109147323,27.03887939453125,3211000,0.0,0.0
2023-01-30 00:00:00+08:00,27.229292591703302,27.514913811782097,26.896066624321087,27.27689552307129,3504000,0.0,0.0
2023-01-31 00:00:00+08:00,27.324499560655283,27.800536125712448,27.324499560655283,27.61012077331543,5437000,0.0,0.0
2023-02-01 00:00:00+08:00,27.800537109375,28.37177955490748,27.56251881842465,27.800537109375,8969000,0.0,0.0
2023-02-02 00:00:00+08:00,27.895740821610556,28.84781391198546,27.895740821610556,28.03855323791504,8548000,0.0,0.0
2023-02-03 00:00:00+08:00,27.80053636335153,28.847815362681125,27.657723939865313,28.514591217041016,7470000,0.0,0.0
2023-02-06 00:00:00+08:00,28.18136451961914,28.371778052736527,27.89574149604004,28.086156845092773,3242000,0.0,0.0
2023-02-07 00:00:00+08:00,28.086156845092773,28.32417512344102,27.990949170566406,28.086156845092773,1767000,0.0,0.0
2023-02-08 00:00:00+08:00,27.848139055844012,28.08615733837259,27.61012077331543,27.61012077331543,4286000,0.0,0.0
2023-02-09 00:00:00+08:00,27.610122946034306,27.610122946034306,27.324501710897817,27.37210464477539,1992000,0.0,0.0
2023-02-10 00:00:00+08:00,27.562516406787612,27.848137604562858,27.134082794189453,27.134082794189453,2912000,0.0,0.0
2023-02-13 00:00:00+08:00,27.13408423958513,27.324499592201985,26.848463026595226,27.229291915893555,1215000,0.0,0.0
2023-02-14 00:00:00+08:00,27.32449881976033,27.419704677441977,27.134083472526363,27.181686401367188,1178000,0.0,0.0
2023-02-15 00:00:00+08:00,27.181688868030303,27.514914847961414,27.038878252612825,27.086483001708984,1968000,0.0,0.0
2023-02-16 00:00:00+08:00,27.37210484768171,27.800538519497902,27.32450191345126,27.514915466308594,1841000,0.0,0.0
2023-02-17 00:00:00+08:00,27.80053634128472,28.181365233096415,27.657723917911863,27.752931594848633,4711000,0.0,0.0
2023-02-20 00:00:00+08:00,27.75293069792201,27.848138371781836,27.46730949227787,27.562517166137695,2910000,0.0,0.0
2023-02-21 00:00:00+08:00,27.705330835101467,27.800538519497902,27.514915466308594,27.514915466308594,1445000,0.0,0.0
2023-02-22 00:00:00+08:00,27.324502453364268,27.419708323706367,27.03887939453125,27.03887939453125,2516000,0.0,0.0
2023-02-23 00:00:00+08:00,27.13408423958513,27.467310198696932,27.086481309398604,27.229291915893555,2029000,0.0,0.0
2023-02-24 00:00:00+08:00,27.372104707047065,27.372104707047065,26.991275787353516,26.991275787353516,1300000,0.0,0.0
2023-03-01 00:00:00+08:00,26.896066665649414,27.134084954725957,26.80085898683171,26.896066665649414,1160000,0.0,0.0
2023-03-02 00:00:00+08:00,27.229294027207146,27.37210464477539,27.0388786598258,27.37210464477539,1587000,0.0,0.0
2023-03-03 00:00:00+08:00,27.467310198696932,27.514913128883457,27.18168716977165,27.229291915893555,1264000,0.0,0.0
2023-03-06 00:00:00+08:00,27.467313220282907,28.086160460461898,27.419708468924163,27.943349838256836,4143000,0.0,0.0
2023-03-07 00:00:00+08:00,28.08615969208492,28.181367376262145,27.848141389609623,27.89574432373047,2873000,0.0,0.0
2023-03-08 00:00:00+08:00,28.181369496995913,28.419387817382812,28.08616180565402,28.419387817382812,5651000,0.0,0.0
2023-03-09 00:00:00+08:00,28.56219707843583,28.752612451999635,27.943349838256836,27.943349838256836,4578000,0.0,0.0
2023-03-10 00:00:00+08:00,28.13376048666033,28.276572910033188,27.657723917911863,27.752931594848633,2497000,0.0,0.0
2023-03-13 00:00:00+08:00,27.75293236162366,27.94334772075812,27.181688100155732,27.800537109375,2613000,0.0,0.0
2023-03-14 00:00:00+08:00,27.800537021947093,30.22832285563151,27.61012166341146,28.56219482421875,25613000,0.0,0.0
2023-03-15 00:00:00+08:00,28.94302477644335,30.942378849933874,28.609798794872347,30.418739318847656,29310000,0.0,0.0
2023-03-16 00:00:00+08:00,30.46634185065986,30.799566011903064,28.84781671346936,29.371458053588867,21801000,0.0,0.0
2023-03-17 00:00:00+08:00,30.56154910121533,32.27528381347656,30.2759278597955,32.27528381347656,46663000,0.0,0.0
2023-03-20 00:00:00+08:00,32.751320544189845,34.08422088623047,32.41809273477633,34.08422088623047,73913000,0.0,0.0
2023-03-21 00:00:00+08:00,34.46505015648978,35.22670798105736,33.703392331922196,34.75067138671875,53599000,0.0,0.0
2023-03-22 00:00:00+08:00,35.036292882192605,35.2267082477438,33.98901381946755,34.51265335083008,19780000,0.0,0.0
2023-03-23 00:00:00+08:00,34.465047285123056,35.559929181762,33.9890107304442,34.56025314331055,27605000,0.0,0.0
2023-03-24 00:00:00+08:00,34.4650490680309,34.560254931143476,33.75099419907392,34.41744613647461,18014000,0.0,0.0
2023-03-27 00:00:00+08:00,35.22670729676743,36.51200462376598,34.607858283400176,34.703067779541016,46619000,0.0,0.0
2023-03-28 00:00:00+08:00,34.465054812912754,34.75067608173077,33.60818737458724,34.03662109375,15254000,0.0,0.0
2023-03-29 00:00:00+08:00,34.22703144933413,34.5126526761418,33.846200725676596,34.465049743652344,7484000,0.0,0.0
2023-03-30 00:00:00+08:00,35.22670504623508,35.65513867182018,34.465047285123056,34.56025314331055,16952000,0.0,0.0
2023-03-31 00:00:00+08:00,34.56025820673044,34.89348602294922,34.03661864623946,34.89348602294922,8262000,0.0,0.0
2023-04-06 00:00:00+08:00,34.84587589719416,35.13150074818217,34.51265174686928,34.65546417236328,6618000,0.0,0.0
2023-04-07 00:00:00+08:00,34.75067071167598,35.22670729676743,34.27463412658452,34.703067779541016,9368000,0.0,0.0
2023-04-10 00:00:00+08:00,34.75067358287385,35.36952264737215,34.46505233459434,34.89348602294922,8869000,0.0,0.0
2023-04-11 00:00:00+08:00,35.179104364632465,35.36951972504323,34.56025535126521,34.703067779541016,9363000,0.0,0.0
2023-04-12 00:00:00+08:00,35.131504296906456,37.79730866439786,35.03629479300281,36.17878341674805,39770000,0.0,0.0
2023-04-13 00:00:00+08:00,35.988366920602395,36.321594726085955,35.03629370242842,35.08389663696289,15206000,0.0,0.0
2023-04-14 00:00:00+08:00,35.60754164349377,35.797953391423185,34.94108963012695,34.94108963012695,8385000,0.0,0.0
2023-04-17 00:00:00+08:00,34.75067358287385,35.17910727122873,34.32223989451897,34.89348602294922,9037000,0.0,0.0
2023-04-18 00:00:00+08:00,35.22670537224858,37.51168230860218,35.13149951317998,35.84555435180664,41541000,0.0,0.0
2023-04-19 00:00:00+08:00,36.41679691768787,39.415828704833984,36.41679691768787,39.415828704833984,52984000,0.0,0.0
2023-04-20 00:00:00+08:00,39.98707809448242,41.224772642461176,38.035328580530766,38.08293151855469,77413000,0.0,0.0
2023-04-21 00:00:00+08:00,39.08260622294549,39.79666116111821,36.559614287191316,36.702423095703125,72317000,0.0,0.0
2023-04-24 00:00:00+08:00,36.89283480799194,37.416474317602166,36.369195298381705,37.22605895996094,14989000,0.0,0.0
2023-04-25 00:00:00+08:00,37.41647422859724,37.65449251711487,35.70274327764448,35.94076156616211,17991000,0.0,0.0
2023-04-26 00:00:00+08:00,35.702745991368445,36.94044045936166,35.51233061970692,36.89283752441406,14570000,0.0,0.0
2023-04-27 00:00:00+08:00,36.226387592341815,36.559615419599986,35.70274801450336,35.75035095214844,14767000,0.0,0.0
2023-04-28 00:00:00+08:00,36.13117692335038,36.55961056905629,35.8455557035034,35.94076156616211,8637000,0.0,0.0
2023-05-02 00:00:00+08:00,36.4644002559735,37.94011288528182,36.27398490305967,37.416473388671875,20371000,0.0,0.0
2023-05-03 00:00:00+08:00,37.511684832497075,37.940114859002506,36.70242044848144,37.797306060791016,14408000,0.0,0.0
2023-05-04 00:00:00+08:00,38.082927289084964,38.17813315455928,37.03564824138351,37.797306060791016,15449000,0.0,0.0
2023-05-05 00:00:00+08:00,38.98739557944589,39.36822265407748,36.51200325092204,36.654815673828125,39874000,0.0,0.0
2023-05-08 00:00:00+08:00,36.98804075593153,36.98804075593153,36.226382955486045,36.46440124511719,9687000,0.0,0.0
2023-05-09 00:00:00+08:00,35.22670613164487,35.32191199276586,32.84652328491211,32.84652328491211,29847000,0.0,0.0
2023-05-10 00:00:00+08:00,32.56090366470181,33.13214612315215,32.37048830126137,32.703712463378906,12578000,0.0,0.0
2023-05-11 00:00:00+08:00,32.70371618425636,33.03694401615799,32.03726778419587,32.180076599121094,8204000,0.0,0.0
2023-05-12 00:00:00+08:00,31.89445571203397,32.941734894605915,31.89445571203397,32.4656982421875,5210000,0.0,0.0
2023-05-15 00:00:00+08:00,32.89412756675157,33.41776708816954,32.846524634235564,32.94173049926758,8224000,0.0,0.0
2023-05-16 00:00:00+08:00,33.560581479753765,33.560581479753765,32.98933899242132,33.32256317138672,5310000,0.0,0.0
2023-05-17 00:00:00+08:00,33.41777152708512,33.512981036634855,33.132150262178776,33.227359771728516,4558000,0.0,0.0
2023-05-18 00:00:00+08:00,33.22736006400068,33.22736006400068,32.22768018022801,32.989341735839844,13218000,0.0,0.0
2023-05-19 00:00:00+08:00,33.227359791554115,33.51298105663088,32.4656982421875,32.4656982421875,6341000,0.0,0.0
2023-05-22 00:00:00+08:00,32.79892493822626,33.51297989204016,32.70371543192828,33.41777038574219,5822000,0.0,0.0
2023-05-23 00:00:00+08:00,33.512981036634855,33.608186914313166,33.132150262178776,33.227359771728516,3514000,0.0,0.0
2023-05-24 00:00:00+08:00,33.227359771728516,33.608186914313166,33.132150262178776,33.227359771728516,3515000,0.0,0.0
2023-05-25 00:00:00+08:00,33.37016734113098,33.37016734113098,32.56090651549492,32.89413070678711,4850000,0.0,0.0
2023-05-26 00:00:00+08:00,33.227358419552566,33.417770167160434,32.37049102783203,32.37049102783203,4927000,0.0,0.0
2023-05-29 00:00:00+08:00,32.7513188486939,34.03661618910036,32.46569398916272,33.703392028808594,8784000,0.0,0.0
2023-05-30 00:00:00+08:00,34.03662092699892,34.13182680551466,32.84652928619476,32.989341735839844,8072000,0.0,0.0
2023-05-31 00:00:00+08:00,33.036942199806816,33.27496051013414,32.98933926411559,33.08454513549805,3259000,0.0,0.0
2023-06-01 00:00:00+08:00,33.13214475292556,33.3225601084911,32.60850524902344,32.60850524902344,4333000,0.0,0.0
2023-06-02 00:00:00+08:00,33.08454580601979,33.22735824785903,32.56090623906135,33.13214874267578,5119000,0.0,0.0
2023-06-05 00:00:00+08:00,33.65578870368015,33.89380702161812,33.32256451131552,33.41777038574219,7016000,0.0,0.0
2023-06-06 00:00:00+08:00,33.512980072846545,33.512980072846545,32.560906795958125,32.65611267089844,6535000,0.0,0.0
2023-06-07 00:00:00+08:00,32.22767875980824,32.275285328839345,31.46602086963759,31.60883331298828,14878000,0.0,0.0
2023-06-08 00:00:00+08:00,31.799248798849508,32.4180942477197,31.704039292343186,32.13247299194336,5908000,0.0,0.0
2023-06-09 00:00:00+08:00,32.180073723804135,32.32288615784034,31.704037119511554,31.98965835571289,3852000,0.0,0.0
2023-06-12 00:00:00+08:00,31.894452197735127,31.894452197735127,30.942378997802734,30.942378997802734,7701000,0.0,0.0
2023-06-13 00:00:00+08:00,30.989981633450707,31.180396997980512,30.609154536262093,30.7995662689209,5603000,0.0,0.0
2023-06-14 00:00:00+08:00,30.847172573756907,31.370812097893662,30.847172573756907,31.03758430480957,3019000,0.0,0.0
2023-06-15 00:00:00+08:00,31.085191430541006,31.323209730524102,30.561548265081363,30.942378997802734,4455000,0.0,0.0
2023-06-16 00:00:00+08:00,31.22800161726601,31.989659484639095,30.98998330671997,31.79924774169922,10258000,0.0,0.0
2023-06-19 00:00:00+08:00,31.704037247077117,31.704037247077117,30.847173535025405,31.22800064086914,6908000,0.0,0.0
2023-06-20 00:00:00+08:00,31.79924559139962,33.60818245010452,31.56122729694864,32.94173049926758,27397000,0.0,0.0
2023-06-21 00:00:00+08:00,32.513299387176076,32.79892060458898,32.322884031610535,32.60850524902344,7962000,0.0,0.0
2023-06-26 00:00:00+08:00,32.32288505511596,32.465693852409046,31.65643310546875,31.65643310546875,6427000,0.0,0.0
2023-06-27 00:00:00+08:00,31.89445139949483,32.22767555838297,31.65643310546875,31.65643310546875,4021000,0.0,0.0
2023-06-28 00:00:00+08:00,32.22767886405323,32.656112563619835,31.75164222717285,31.75164222717285,6356000,0.0,0.0
2023-06-29 00:00:00+08:00,31.894453733678404,32.37049035656913,31.894453733678404,32.3228874206543,3067000,0.0,0.0
2023-06-30 00:00:00+08:00,32.608510690661596,32.75132313913569,32.27528648671728,32.4656982421875,5060000,0.0,0.0
2023-07-03 00:00:00+08:00,32.7037142630789,32.75132083046205,32.37049008262389,32.56090545654297,3825000,0.0,0.0
2023-07-04 00:00:00+08:00,32.60850934421315,32.894130597496236,32.37049102783203,32.37049102783203,3938000,0.0,0.0
2023-07-05 00:00:00+08:00,32.51329913911784,33.60818106949243,32.46569257668655,32.84652328491211,11530000,0.0,0.0
2023-07-06 00:00:00+08:00,33.13214807118927,33.989015441116116,32.84652682517072,33.08454513549805,10737000,0.0,0.0
2023-07-07 00:00:00+08:00,32.84652794731988,32.84652794731988,31.51362391120185,32.13247299194336,8563000,0.0,0.0
2023-07-10 00:00:00+08:00,31.989661501969326,32.56090766242643,31.704040237676487,31.942058563232422,2968000,0.0,0.0
2023-07-11 00:00:00+08:00,32.180075537918455,32.32288798000554,31.846851348876953,31.846851348876953,2632000,0.0,0.0
2023-07-12 00:00:00+08:00,31.94205681475227,32.03726631888581,31.18039894104004,31.18039894104004,4661000,0.0,0.0
2023-07-13 00:00:00+08:00,31.561227035289853,31.65643289953256,30.751962661743164,30.751962661743164,3592000,0.0,0.0
2023-07-14 00:00:00+08:00,30.942377765904624,31.41841434691854,30.75196240712488,30.989980697631836,2286000,0.0,0.0
2023-07-17 00:00:00+08:00,30.989978317606163,31.704033134287737,30.989978317606163,31.466014862060547,4663000,0.0,0.0
2023-07-18 00:00:00+08:00,31.996888069922427,31.996888069922427,30.790367126464844,30.790367126464844,5424000,0.45,0.0
2023-07-19 00:00:00+08:00,30.838630594799294,31.176454488208517,30.114719095775857,30.162979125976562,4178000,0.0,0.0
2023-07-20 00:00:00+08:00,30.404281559930762,30.549063484872878,30.066455841064453,30.066455841064453,2879000,0.0,0.0
2023-07-21 00:00:00+08:00,30.066456560404184,30.066456560404184,29.197763148965947,29.246023178100586,4838000,0.0,0.0
2023-07-24 00:00:00+08:00,29.246023427218795,29.439067227405907,28.136026178648173,28.85993766784668,6686000,0.0,0.0
2023-07-25 00:00:00+08:00,29.149503413372535,29.29428534323654,28.37733005242764,29.197763442993164,3498000,0.0,0.0
2023-07-26 00:00:00+08:00,29.342544213108678,29.3908060818239,28.666894620113972,28.71515464782715,2297000,0.0,0.0
2023-07-27 00:00:00+08:00,28.956458582974676,29.487326253928387,28.666894733545753,29.390806198120117,2588000,0.0,0.0
2023-07-28 00:00:00+08:00,29.535588924033807,30.11471847960351,29.2460232257479,29.58384895324707,3200000,0.0,0.0
2023-07-31 00:00:00+08:00,29.583848323764617,29.77689211851432,29.004718780517578,29.004718780517578,2316000,0.0,0.0
2023-08-01 00:00:00+08:00,29.052979321898377,29.39080502676968,28.811675509990586,28.9081974029541,1467000,0.0,0.0
2023-08-02 00:00:00+08:00,28.859936283215674,29.101240101371328,28.37732864690437,28.42559051513672,3146000,0.0,0.0
2023-08-04 00:00:00+08:00,28.47385186323116,28.57037376317135,28.184288004412707,28.522111892700195,1998000,0.0,0.0
2023-08-07 00:00:00+08:00,28.522110569597356,28.522110569597356,28.039502933286048,28.42559051513672,2155000,0.0,0.0
2023-08-08 00:00:00+08:00,28.57037260518753,28.908198320784745,28.03950309753418,28.03950309753418,2125000,0.0,0.0
2023-08-09 00:00:00+08:00,28.039503684365403,28.184287451938665,27.846461729271187,27.942983627319336,1401000,0.0,0.0
2023-08-10 00:00:00+08:00,27.991244967139444,28.039504997923302,27.267333459368597,27.363855361938477,2626000,0.0,0.0
2023-08-11 00:00:00+08:00,27.36385264826503,27.798198405252165,27.36385264826503,27.508634567260742,1498000,0.0,0.0
2023-08-14 00:00:00+08:00,27.942982392662238,27.942982392662238,26.832983375656816,27.122549057006836,2300000,0.0,0.0
2023-08-15 00:00:00+08:00,27.363854838777446,27.798200630534534,27.363854838777446,27.460376739501953,1651000,0.0,0.0
2023-08-16 00:00:00+08:00,27.315591525322297,27.315591525322297,26.639941937937433,27.02602767944336,2022000,0.0,0.0
2023-08-17 00:00:00+08:00,27.026029106742737,27.749940600673344,26.784725275432532,27.460376739501953,2233000,0.0,0.0
2023-08-18 00:00:00+08:00,27.4603763980357,27.798200284867484,27.122550670201807,27.17081069946289,1658000,0.0,0.0
2023-08-21 00:00:00+08:00,27.556895982739487,27.798199806900087,27.508635954308197,27.60515785217285,1318000,0.0,0.0
2023-08-22 00:00:00+08:00,27.749939135142736,27.749939135142736,26.92950578381637,27.02602767944336,2116000,0.0,0.0
2023-08-23 00:00:00+08:00,27.02602767944336,27.315591525322297,26.881245756503894,27.02602767944336,1422000,0.0,0.0
2023-08-24 00:00:00+08:00,27.267332370776117,27.653418124639785,27.122550443202506,27.219072341918945,1922000,0.0,0.0
2023-08-25 00:00:00+08:00,27.219070441944897,27.701678060837523,26.929504766008144,27.556894302368164,1388000,0.0,0.0
2023-08-28 00:00:00+08:00,27.653418970523457,28.329070441203786,27.508637038521144,27.749940872192383,3329000,0.0,0.0
2023-08-29 00:00:00+08:00,28.232547426789992,28.4255912225193,27.60515785217285,27.60515785217285,3756000,0.0,0.0
2023-08-30 00:00:00+08:00,27.74993983122304,27.942983627319336,27.653417933174893,27.942983627319336,1306000,0.0,0.0
2023-08-31 00:00:00+08:00,27.991245302382342,28.329071044921875,27.942985271020486,28.329071044921875,2829000,0.0,0.0
2023-09-01 00:00:00+08:00,28.280807212533798,28.329069081553012,27.84646143737324,27.991243362426758,1475000,0.0,0.0
2023-09-04 00:00:00+08:00,28.136026362569243,28.136026362569243,27.315592967914128,27.460376739501953,1816000,0.0,0.0
2023-09-05 00:00:00+08:00,27.412114056443542,27.749939778468796,27.315592158578887,27.60515785217285,856000,0.0,0.0
2023-09-06 00:00:00+08:00,27.701679696070094,27.701679696070094,27.219072048689096,27.267332077026367,1265000,0.0,0.0
2023-09-07 00:00:00+08:00,27.219072048689096,27.556895929054136,27.170810179349754,27.267332077026367,847000,0.0,0.0
2023-09-08 00:00:00+08:00,27.26733149800982,27.26733149800982,27.02602767944336,27.02602767944336,1377000,0.0,0.0
2023-09-11 00:00:00+08:00,27.02602897457525,27.02602897457525,26.253857454559665,26.4468994140625,2825000,0.0,0.0
2023-09-12 00:00:00+08:00,26.495159076247376,26.495159076247376,26.01255145621374,26.157333374023438,1832000,0.0,0.0
2023-09-13 00:00:00+08:00,26.157335509460573,26.30211743909,25.964291709286588,26.109073638916016,1126000,0.0,0.0
2023-09-14 00:00:00+08:00,26.2055953582548,26.5916811149377,26.2055953582548,26.495161056518555,1547000,0.0,0.0
2023-09-15 00:00:00+08:00,26.495160762951127,26.929506544031028,26.495160762951127,26.543420791625977,2700000,0.0,0.0
2023-09-18 00:00:00+08:00,26.59168134394016,26.784725144445115,26.4468994140625,26.4468994140625,810000,0.0,0.0
2023-09-19 00:00:00+08:00,26.543420453582414,26.543420453582414,25.916030883789062,25.916030883789062,2078000,0.0,0.0
2023-09-20 00:00:00+08:00,25.916031355535843,25.916031355535843,25.4816837310791,25.4816837310791,1691000,0.0,0.0
2023-09-21 00:00:00+08:00,25.433422899199552,25.62646484986208,25.28864097595215,25.28864097595215,1384000,0.0,0.0
2023-09-22 00:00:00+08:00,25.288642852125424,25.722988654091907,25.04733901514332,25.626466751098633,1428000,0.0,0.0
2023-09-25 00:00:00+08:00,25.771248088746788,26.109071955769945,25.722986221313477,25.722986221313477,748000,0.0,0.0
2023-09-26 00:00:00+08:00,25.6264642596895,25.86776807321201,25.385160446166992,25.385160446166992,641000,0.0,0.0
2023-09-27 00:00:00+08:00,25.38516131481804,25.67472700555485,25.38516131481804,25.578205108642578,537000,0.0,0.0
2023-09-28 00:00:00+08:00,25.72298736666955,26.253856886061737,25.578205439926982,26.205595016479492,2042000,0.0,0.0
2023-10-02 00:00:00+08:00,26.54342050991562,26.736464304570376,26.15733476160817,26.253856658935547,1490000,0.0,0.0
2023-10-03 00:00:00+08:00,26.253855850574272,26.54341969263862,26.15733395621882,26.398637771606445,831000,0.0,0.0
2023-10-04 00:00:00+08:00,26.253857409547564,26.398639339176995,26.109073638916016,26.109073638916016,1011000,0.0,0.0
2023-10-05 00:00:00+08:00,26.205594657673956,27.798199512040494,26.205594657673956,27.653417587280273,4723000,0.0,0.0
2023-10-06 00:00:00+08:00,27.508637038521144,27.942984675530234,27.21907317451652,27.749940872192383,2321000,0.0,0.0
2023-10-11 00:00:00+08:00,27.653416875221286,27.653416875221286,26.253855850574272,26.398637771606445,3775000,0.0,0.0
2023-10-12 00:00:00+08:00,26.49516132896974,26.784725189208984,26.157335598022534,26.784725189208984,1385000,0.0,0.0
2023-10-13 00:00:00+08:00,26.78472415099104,27.267331793351236,26.54342032981094,26.977767944335938,1938000,0.0,0.0
2023-10-16 00:00:00+08:00,26.977768548446875,28.42559150794845,26.977768548446875,27.89472198486328,9733000,0.0,0.0
2023-10-17 00:00:00+08:00,27.701679222939006,28.136024993562245,27.267331611313722,28.03950309753418,4855000,0.0,0.0
2023-10-18 00:00:00+08:00,27.894723625425762,28.76341708401645,27.84646359367158,28.28080940246582,7057000,0.0,0.0
2023-10-19 00:00:00+08:00,28.522112124465142,28.522112124465142,27.074289136603923,27.460376739501953,7282000,0.0,0.0
2023-10-20 00:00:00+08:00,27.315591638826735,28.03950309753418,26.639942048634346,28.03950309753418,16387000,0.0,0.0
2023-10-23 00:00:00+08:00,27.846462319369618,29.00471959748596,27.460376559997506,28.85993766784668,7117000,0.0,0.0
2023-10-24 00:00:00+08:00,28.42559051513672,28.811676255985358,27.508635269744424,28.42559051513672,6986000,0.0,0.0
2023-10-25 00:00:00+08:00,28.425590681646447,28.425590681646447,27.846461146480085,28.03950309753418,2964000,0.0,0.0
2023-10-26 00:00:00+08:00,27.7499402556064,27.894722184391753,27.17081069946289,27.17081069946289,2834000,0.0,0.0
2023-10-27 00:00:00+08:00,27.12255201786903,27.36385585816857,26.832986304908257,26.929508209228516,2204000,0.0,0.0
2023-10-30 00:00:00+08:00,27.12254991615878,28.5703728457651,27.12254991615878,27.653417587280273,6778000,0.0,0.0
2023-10-31 00:00:00+08:00,28.039504880915683,28.280808715832347,26.350378036499023,26.350378036499023,4737000,0.0,0.0
2023-11-01 00:00:00+08:00,26.736465645167414,26.736465645167414,26.157336073166984,26.350378036499023,1961000,0.0,0.0
2023-11-02 00:00:00+08:00,26.63994268997776,26.784724617004393,26.39863886459934,26.543420791625977,1373000,0.0,0.0
2023-11-03 00:00:00+08:00,26.88124684189219,27.508636427296782,26.88124684189219,27.17081069946289,2346000,0.0,0.0
2023-11-06 00:00:00+08:00,27.605156752911043,27.942982461483776,27.412112964868907,27.798198699951172,1945000,0.0,0.0
2023-11-07 00:00:00+08:00,27.798200630534534,27.99124443198355,27.412114868638636,27.460376739501953,1284000,0.0,0.0
2023-11-08 00:00:00+08:00,26.832985853808815,28.28080887126617,26.832985853808815,27.70168113708496,3843000,0.0,0.0
2023-11-09 00:00:00+08:00,27.026027914046857,27.21907170697658,26.639942169189453,26.639942169189453,4545000,0.0,0.0
2023-11-10 00:00:00+08:00,26.54342131431498,27.02602897457525,26.4468994140625,26.4468994140625,1652000,0.0,0.0
2023-11-13 00:00:00+08:00,26.591681871415688,26.639943743000316,26.302118005916554,26.350378036499023,1049000,0.0,0.0
2023-11-14 00:00:00+08:00,26.54342131431498,26.63994321456746,26.253857454559665,26.4468994140625,889000,0.0,0.0
2023-11-15 00:00:00+08:00,26.639941937937433,27.02602767944336,26.639941937937433,27.02602767944336,2013000,0.0,0.0
2023-11-16 00:00:00+08:00,27.02602767944336,27.12254957507035,26.784723860876902,27.02602767944336,791000,0.0,0.0
2023-11-17 00:00:00+08:00,27.170809309136036,27.267331203721294,27.026027387759157,27.07428741455078,1086000,0.0,0.0
2023-11-20 00:00:00+08:00,27.36385506678259,27.99124466521632,27.31559319551714,27.4121150970459,3360000,0.0,0.0
2023-11-21 00:00:00+08:00,27.65341788060414,27.65341788060414,27.315592158578887,27.60515785217285,1295000,0.0,0.0
2023-11-22 00:00:00+08:00,27.55689732607607,27.991244967139444,27.363855361938477,27.363855361938477,1632000,0.0,0.0
2023-11-23 00:00:00+08:00,27.508636998574662,27.798200862158797,27.4121150970459,27.4121150970459,1465000,0.0,0.0
2023-11-24 00:00:00+08:00,27.749940349903596,28.087766078885455,27.605158420626264,27.84646224975586,2842000,0.0,0.0
2023-11-27 00:00:00+08:00,27.942983219795767,28.377328993174768,27.267331784314585,27.31559181213379,2005000,0.0,0.0
2023-11-28 00:00:00+08:00,27.60515779839348,27.60515779839348,27.219072048689096,27.267332077026367,1257000,0.0,0.0
2023-11-29 00:00:00+08:00,27.36385449851143,27.4603763980357,27.17081069946289,27.17081069946289,873000,0.0,0.0
2023-11-30 00:00:00+08:00,27.31559262824824,27.41211452777251,27.17081069946289,27.17081069946289,1205000,0.0,0.0
2023-12-01 00:00:00+08:00,27.31559349015245,27.701681100431973,27.21907342858474,27.363855361938477,1617000,0.0,0.0
2023-12-04 00:00:00+08:00,27.267333953848315,27.267333953848315,26.881248177569486,26.929508209228516,2713000,0.0,0.0
2023-12-05 00:00:00+08:00,26.92950720601823,27.460376739501953,26.591681473983517,27.460376739501953,2542000,0.0,0.0
2023-12-06 00:00:00+08:00,27.508635605414714,27.89472135097451,27.31559181213379,27.31559181213379,1593000,0.0,0.0
2023-12-07 00:00:00+08:00,27.363853098306553,27.653416941060307,27.07428741455078,27.07428741455078,1244000,0.0,0.0
2023-12-08 00:00:00+08:00,27.315591821186434,27.412113717858887,26.977767944335938,26.977767944335938,906000,0.0,0.0
2023-12-11 00:00:00+08:00,27.315592580084704,27.315592580084704,26.832984924316406,26.832984924316406,842000,0.0,0.0
2023-12-12 00:00:00+08:00,27.026028723024567,27.026028723024567,26.639942966610352,26.832984924316406,1168000,0.0,0.0
2023-12-13 00:00:00+08:00,27.0260290197424,27.0260290197424,26.784725189208984,26.784725189208984,666000,0.0,0.0
2023-12-14 00:00:00+08:00,27.26733259898716,28.13602601270137,27.17081069946289,27.17081069946289,5835000,0.0,0.0
2023-12-15 00:00:00+08:00,27.46037730084207,28.087766906873156,27.219073464599177,27.70168113708496,4502000,0.0,0.0
2023-12-18 00:00:00+08:00,27.412112964868907,28.087764382014374,27.412112964868907,27.798198699951172,1913000,0.0,0.0
2023-12-19 00:00:00+08:00,28.08776431283625,28.08776431283625,27.074287189614168,27.122549057006836,2378000,0.0,0.0
2023-12-20 00:00:00+08:00,27.267332691644405,28.908199466126508,27.267332691644405,27.84646224975586,9765000,0.0,0.0
2023-12-21 00:00:00+08:00,27.412114868638636,27.749940600673344,27.315592967914128,27.460376739501953,2595000,0.0,0.0
2023-12-22 00:00:00+08:00,27.556895633233918,27.798199454334046,27.267331784314585,27.31559181213379,1741000,0.0,0.0
2023-12-25 00:00:00+08:00,27.36385585816857,27.46037776248883,26.929508209228516,26.929508209228516,1943000,0.0,0.0
2023-12-26 00:00:00+08:00,27.026027387759157,27.267331203721294,26.977767360967537,27.07428741455078,732000,0.0,0.0
2023-12-27 00:00:00+08:00,27.17081103732843,27.508636769363143,27.17081103732843,27.460376739501953,1237000,0.0,0.0
2023-12-28 00:00:00+08:00,27.460376739501953,27.508636769363143,27.21907290819175,27.460376739501953,992000,0.0,0.0
2023-12-29 00:00:00+08:00,27.460374992891808,27.508635019683428,27.07428741455078,27.07428741455078,1117000,0.0,0.0
2024-01-02 00:00:00+08:00,27.412113125098173,27.412113125098173,27.07428741455078,27.07428741455078,1112000,0.0,0.0
2024-01-03 00:00:00+08:00,27.170810949862023,27.170810949862023,26.784725189208984,26.784725189208984,1485000,0.0,0.0
2024-01-04 00:00:00+08:00,26.784724093385723,27.074287941778262,26.639942169189453,26.639942169189453,1154000,0.0,0.0
2024-01-05 00:00:00+08:00,26.73646377250116,27.07428764492102,26.688201904296875,26.688201904296875,769000,0.0,0.0
2024-01-08 00:00:00+08:00,26.784724093385723,26.97776788631545,26.639942169189453,26.639942169189453,1030000,0.0,0.0
2024-01-09 00:00:00+08:00,26.929505897227223,26.929505897227223,25.964290618896484,25.964290618896484,3071000,0.0,0.0
2024-01-10 00:00:00+08:00,26.01255436307174,26.01255436307174,25.57820672010308,25.626466751098633,1472000,0.0,0.0
2024-01-11 00:00:00+08:00,25.626467345112196,25.916033060804068,25.48168540776737,25.52994728088379,1764000,0.0,0.0
2024-01-12 00:00:00+08:00,25.626467345112196,25.819511155573444,25.52994728088379,25.52994728088379,1421000,0.0,0.0
2024-01-15 00:00:00+08:00,26.15733452786719,27.026027914046857,26.15733452786719,26.639942169189453,4671019,0.0,0.0
2024-01-16 00:00:00+08:00,26.35037749010787,26.495161260857415,25.771249771118164,25.771249771118164,2250000,0.0,0.0
2024-01-17 00:00:00+08:00,25.77124967855595,25.77124967855595,25.095598220825195,25.095598220825195,2552000,0.0,0.0
2024-01-18 00:00:00+08:00,25.095596830384196,25.433422540532078,24.950814909178536,24.999074935913086,1727000,0.0,0.0
2024-01-19 00:00:00+08:00,25.28864061932642,25.28864061932642,24.999074935913086,24.999074935913086,2384000,0.0,0.0
2024-01-22 00:00:00+08:00,25.09559826649156,25.5299458959663,25.04733823699531,25.43342399597168,912000,0.0,0.0
2024-01-23 00:00:00+08:00,25.52994668910753,25.771250526089634,25.481684817109805,25.626466751098633,652000,0.0,0.0
2024-01-24 00:00:00+08:00,25.674726486206055,25.81950840814478,25.481682696286406,25.674726486206055,957000,0.0,0.0
2024-01-25 00:00:00+08:00,25.6747264220741,25.722986448932456,25.288640684201216,25.33690071105957,798000,0.0,0.0
2024-01-26 00:00:00+08:00,25.433423126888858,25.52994502358524,25.240379333496094,25.240379333496094,514000,0.0,0.0
2024-01-29 00:00:00+08:00,25.33690100336727,25.433422899199552,25.09559718428758,25.28864097595215,1152000,0.0,0.0
2024-01-30 00:00:00+08:00,25.385163474986832,25.433425348050875,25.095599600611433,25.192121505737305,533000,0.0,0.0
2024-01-31 00:00:00+08:00,25.192119825778274,25.288641724467496,25.095597927089052,25.143857955932617,531000,0.0,0.0
2024-02-01 00:00:00+08:00,25.14385743679971,25.385161258039638,25.095597408952546,25.240379333496094,730000,0.0,0.0
2024-02-02 00:00:00+08:00,25.385162079280025,25.385162079280025,25.095598220825195,25.095598220825195,688000,0.0,0.0
2024-02-05 00:00:00+08:00,25.095597591484214,25.095597591484214,24.516468048095703,24.516468048095703,1900000,0.0,0.0
2024-02-15 00:00:00+08:00,24.516468865850666,24.709512667086564,24.130383104380996,24.371686935424805,1779000,0.0,0.0
2024-02-16 00:00:00+08:00,24.323427500301733,25.14385907310776,24.323427500301733,24.950817108154297,1333000,0.0,0.0
2024-02-19 00:00:00+08:00,24.99907636649694,25.674727825457175,24.99907636649694,25.43342399597168,1724000,0.0,0.0
2024-02-20 00:00:00+08:00,25.433422311779044,25.57820423168251,24.950814684766165,25.04733657836914,1554000,0.0,0.0
2024-02-21 00:00:00+08:00,25.14385749303839,25.819508930422224,25.14385749303839,25.578205108642578,1886000,0.0,0.0
2024-02-22 00:00:00+08:00,25.529944795031835,25.722986745694364,25.28864097595215,25.28864097595215,1232000,0.0,0.0
2024-02-23 00:00:00+08:00,25.433422311779044,25.433422311779044,24.950814684766165,25.04733657836914,1548000,0.0,0.0
2024-02-26 00:00:00+08:00,25.192119875442675,25.626465658897317,25.192119875442675,25.4816837310791,1589000,0.0,0.0
2024-02-27 00:00:00+08:00,25.57820423168251,25.626464257983,24.950814684766165,25.04733657836914,1473000,0.0,0.0
2024-02-29 00:00:00+08:00,25.240378996204797,26.784723799703418,24.902553282782907,26.688201904296875,5493000,0.0,0.0
2024-03-01 00:00:00+08:00,26.73646348134952,26.73646348134952,26.06081206186337,26.398637771606445,4082000,0.0,0.0
2024-03-04 00:00:00+08:00,26.59168159878162,26.59168159878162,26.060813903808594,26.060813903808594,1782000,0.0,0.0
2024-03-05 00:00:00+08:00,26.060813037269167,26.495160657624485,25.819509212850008,25.867769241333008,1635000,0.0,0.0
2024-03-06 00:00:00+08:00,25.916030938790755,26.398638584425584,25.57820521864596,26.253856658935547,2202000,0.0,0.0
2024-03-07 00:00:00+08:00,26.25385571706787,26.25385571706787,25.67472619488217,25.722986221313477,1775000,0.0,0.0
2024-03-08 00:00:00+08:00,25.57820671600686,25.57820671600686,24.9025552361643,24.950817108154297,3406000,0.0,0.0
2024-03-11 00:00:00+08:00,24.902553444532263,26.25385630699693,24.902553444532263,25.964290618896484,3436000,0.0,0.0
2024-03-12 00:00:00+08:00,25.964290035474022,26.205593849634564,25.62646432744886,25.722986221313477,2211000,0.0,0.0
2024-03-13 00:00:00+08:00,25.722986221313477,25.722986221313477,25.722986221313477,25.722986221313477,0,0.0,0.0
2024-03-14 00:00:00+08:00,25.529944795031835,25.62646484986208,25.09559718428758,25.28864097595215,1087000,0.0,0.0
2024-03-15 00:00:00+08:00,25.336901342055942,26.350376659337353,24.95081559456788,25.916030883789062,4549000,0.0,0.0
2024-03-18 00:00:00+08:00,25.916030883789062,25.916030883789062,25.916030883789062,25.916030883789062,0,0.0,0.0
2024-03-19 00:00:00+08:00,25.481683979099007,25.67472777873697,25.095598220825195,25.095598220825195,1612000,0.0,0.0
2024-03-20 00:00:00+08:00,25.095598220825195,25.095598220825195,25.095598220825195,25.095598220825195,0,0.0,0.0
2024-03-21 00:00:00+08:00,25.19212129547269,27.46037776248883,25.19212129547269,26.929508209228516,14650000,0.0,0.0
2024-03-22 00:00:00+08:00,27.026027163223496,27.653416711312214,26.543419535308793,27.122549057006836,9432000,0.0,0.0
2024-03-25 00:00:00+08:00,27.122549057006836,27.122549057006836,27.122549057006836,27.122549057006836,0,0.0,0.0
2024-03-26 00:00:00+08:00,26.881246515356178,27.31559229643608,26.543420791625977,26.543420791625977,2976000,0.0,0.0
2024-03-27 00:00:00+08:00,26.736465371048933,26.736465371048933,26.060813903808594,26.060813903808594,2387000,0.0,0.0
2024-03-28 00:00:00+08:00,26.109072986911144,27.701679696070094,26.109072986911144,27.267332077026367,7933000,0.0,0.0
2024-03-29 00:00:00+08:00,27.798200541048477,27.942984312170225,26.784725189208984,26.784725189208984,5363000,0.0,0.0
2024-04-01 00:00:00+08:00,27.074288172162333,27.122550041306464,26.5916805267334,26.5916805267334,1372000,0.0,0.0
2024-04-02 00:00:00+08:00,26.5916805267334,26.929506246734064,26.495160470449264,26.5916805267334,1068000,0.0,0.0
2024-04-03 00:00:00+08:00,26.639942637709275,26.639942637709275,26.157334987899333,26.205595016479492,1481000,0.0,0.0
2024-04-08 00:00:00+08:00,26.495161038080283,27.267332550908716,25.91603148295791,26.832984924316406,3045000,0.0,0.0
2024-04-09 00:00:00+08:00,26.832985706332355,26.832985706332355,26.350378036499023,26.350378036499023,2178000,0.0,0.0
2024-04-10 00:00:00+08:00,26.591681143319377,27.7499402556064,26.543421114058297,27.17081069946289,7223000,0.0,0.0
2024-04-11 00:00:00+08:00,27.074288172162333,27.17081006944853,26.5916805267334,26.5916805267334,2413000,0.0,0.0
2024-04-12 00:00:00+08:00,26.73646412315584,27.36385369002369,26.591680357646137,26.977767944335938,2651000,0.0,0.0
2024-04-15 00:00:00+08:00,26.7364662415902,27.4121158898276,26.495162401290656,26.929508209228516,2973000,0.0,0.0
2024-04-16 00:00:00+08:00,27.12255201786903,27.31559398550734,26.302118592650142,26.929508209228516,2951000,0.0,0.0
2024-04-17 00:00:00+08:00,27.026027963214457,27.99124324761497,26.977767935395253,27.31559181213379,6600000,0.0,0.0
2024-04-18 00:00:00+08:00,27.79819811181448,28.280805730707105,27.315590492921853,27.556894302368164,6529000,0.0,0.0
2024-04-19 00:00:00+08:00,27.991243196691386,28.136025120887656,26.639942169189453,26.639942169189453,22091000,0.0,0.0
2024-04-22 00:00:00+08:00,26.784725401136612,27.36385496719945,26.060813903808594,26.060813903808594,4610000,0.0,0.0
2024-04-23 00:00:00+08:00,26.15733441096345,26.446898258061854,25.62646490328032,25.964290618896484,4060000,0.0,0.0
2024-04-24 00:00:00+08:00,26.688201613670792,27.21907111212477,26.350375903927716,26.398637771606445,5597000,0.0,0.0
2024-04-25 00:00:00+08:00,26.253857131516202,26.543420987708547,25.819509506225586,25.819509506225586,3212000,0.0,0.0
2024-04-26 00:00:00+08:00,25.867768141609403,25.964290035474022,25.67472619488217,25.722986221313477,2123000,0.0,0.0
2024-04-29 00:00:00+08:00,25.867769535256944,25.96429143432176,25.626465708095957,25.819509506225586,1728000,0.0,0.0
2024-04-30 00:00:00+08:00,25.819509800699933,26.157335530778674,25.771249771118164,25.771249771118164,1358000,0.0,0.0
2024-05-02 00:00:00+08:00,25.77124831679283,25.77124831679283,25.33690071105957,25.33690071105957,2514000,0.0,0.0
2024-05-03 00:00:00+08:00,26.01255355493729,26.20559551392442,25.385162125473308,25.43342399597168,2279000,0.0,0.0
2024-05-06 00:00:00+08:00,25.674727825457175,25.722987854953427,25.385162125473308,25.43342399597168,1386000,0.0,0.0
2024-05-07 00:00:00+08:00,25.481683680843847,25.578205579533073,25.095597927089052,25.143857955932617,1910000,0.0,0.0
2024-05-08 00:00:00+08:00,25.288640393559586,25.481682339776395,25.192118499950183,25.385160446166992,1317000,0.0,0.0
2024-05-09 00:00:00+08:00,25.52994420538202,25.72298615158597,25.04733657836914,25.04733657836914,1774000,0.0,0.0
2024-05-10 00:00:00+08:00,25.385160446166992,26.01255183412711,25.24037852625389,25.385160446166992,5290000,0.0,0.0
2024-05-13 00:00:00+08:00,25.52994502358524,25.674726948128786,25.095597408952546,25.240379333496094,2506000,0.0,0.0
2024-05-14 00:00:00+08:00,25.24037938995066,25.578205108642578,25.192119361995555,25.578205108642578,1556000,0.0,0.0
2024-05-15 00:00:00+08:00,26.157334935237248,26.446898788139407,25.867769241333008,25.867769241333008,5081000,0.0,0.0
2024-05-16 00:00:00+08:00,26.012552836118132,26.253856658935547,25.867769069626032,26.253856658935547,2881000,0.0,0.0
2024-05-17 00:00:00+08:00,26.977769628356285,28.473852676661352,26.68820392026351,27.70168113708496,21668000,0.0,0.0
2024-05-20 00:00:00+08:00,27.70168022634532,28.087765983440292,27.17081069946289,27.17081069946289,7278000,0.0,0.0
2024-05-21 00:00:00+08:00,27.556895343888755,27.556895343888755,26.977767652130883,27.02602767944336,2676000,0.0,0.0
2024-05-22 00:00:00+08:00,27.36385506678259,28.08776656674508,27.12255123346176,27.4121150970459,6481000,0.0,0.0
2024-05-23 00:00:00+08:00,28.0877673790672,28.0877673790672,26.78472627324923,26.929508209228516,4510000,0.0,0.0
2024-05-24 00:00:00+08:00,26.59168134394016,26.832985174070295,26.253857454559665,26.4468994140625,2724000,0.0,0.0
2024-05-27 00:00:00+08:00,26.54342135867557,26.784725189208984,26.350377557847988,26.784725189208984,2043000,0.0,0.0
2024-05-28 00:00:00+08:00,26.78472442964537,27.36385397470298,26.639942503631485,27.267332077026367,2688000,0.0,0.0
2024-05-29 00:00:00+08:00,27.363853098306553,27.412113125098173,26.736463545005403,27.07428741455078,2395000,0.0,0.0
2024-05-30 00:00:00+08:00,27.026027389525613,27.122549284117177,26.591679784364576,26.73646354675293,2299000,0.0,0.0
2024-05-31 00:00:00+08:00,26.97776788631545,27.170809838243127,26.639942169189453,26.639942169189453,1331000,0.0,0.0
2024-06-03 00:00:00+08:00,26.73646575673751,27.798201161999685,26.54342195159775,27.363855361938477,3562000,0.0,0.0
2024-06-04 00:00:00+08:00,27.412113717858887,27.508635614531336,26.929506075498686,26.977767944335938,2691000,0.0,0.0
2024-06-05 00:00:00+08:00,27.12254997110358,28.087765259463126,27.12254997110358,27.991243362426758,5190000,0.0,0.0
2024-06-06 00:00:00+08:00,28.18428620661959,28.18428620661959,27.026027163223496,27.122549057006836,5854000,0.0,0.0
2024-06-07 00:00:00+08:00,27.31559186883839,27.749939484121107,27.219071812999612,27.653417587280273,2328000,0.0,0.0
2024-06-11 00:00:00+08:00,27.60515858122302,27.60515858122302,26.784725189208984,26.784725189208984,3098000,0.0,0.0
2024-06-12 00:00:00+08:00,26.832984645679243,27.07428847105766,26.39863886459934,26.543420791625977,2617000,0.0,0.0
2024-06-13 00:00:00+08:00,26.736464588329543,26.929506544031028,26.543420791625977,26.543420791625977,1291000,0.0,0.0
2024-06-14 00:00:00+08:00,26.7847243213058,26.832984349447866,26.495160470449264,26.5916805267334,1310000,0.0,0.0
2024-06-17 00:00:00+08:00,26.54342049859133,26.929506246734064,26.54342049859133,26.5916805267334,1501000,0.0,0.0
2024-06-18 00:00:00+08:00,26.7847243213058,26.881246218591997,26.495160470449264,26.5916805267334,1321000,0.0,0.0
2024-06-19 00:00:00+08:00,26.83298436089569,27.170810081040486,26.253856658935547,26.253856658935547,2650000,0.0,0.0
2024-06-20 00:00:00+08:00,26.35037694322206,26.495160710966708,26.157334987899333,26.205595016479492,1784000,0.0,0.0
2024-06-21 00:00:00+08:00,26.350377862233817,27.4121150970459,26.350377862233817,27.4121150970459,7185000,0.0,0.0
2024-06-24 00:00:00+08:00,27.749939071764803,27.79819909896706,26.639941877094618,26.688201904296875,5945000,0.0,0.0
2024-06-25 00:00:00+08:00,26.78472415099104,27.460375586696138,26.54342032981094,26.977767944335938,3371000,0.0,0.0
2024-06-26 00:00:00+08:00,27.074288102084367,28.47385100660653,26.881246149013695,27.991243362426758,14406000,0.0,0.0
2024-06-27 00:00:00+08:00,28.087765073365265,30.790367126464844,27.89472128057156,30.790367126464844,42699000,0.0,0.0
2024-06-28 00:00:00+08:00,31.948626101835305,32.3347137084695,30.259501107320393,30.83863067626953,64363000,0.0,0.0
2024-07-01 00:00:00+08:00,30.935149231719205,31.321236819567595,29.921673916122337,30.066455841064453,14687000,0.0,0.0
2024-07-02 00:00:00+08:00,31.514281249047684,33.058624267578125,30.983409884548916,33.058624267578125,73842000,0.0,0.0
2024-07-03 00:00:00+08:00,33.73427495811944,34.07209883517765,32.47949582361228,33.203407287597656,64222000,0.0,0.0
2024-07-04 00:00:00+08:00,33.25166806539548,34.0238395746607,32.86558046976077,33.058624267578125,28494000,0.0,0.0
2024-07-05 00:00:00+08:00,33.05862191920603,33.87905339914388,32.527754274422485,33.49296951293945,20340000,0.0,0.0
2024-07-08 00:00:00+08:00,33.83079398410445,33.83079398410445,31.948623498631324,31.99688720703125,15946000,0.0,0.0
2024-07-09 00:00:00+08:00,31.85210447986691,32.093408301684086,30.307759652036587,31.803844451904297,15285000,0.0,0.0
2024-07-10 00:00:00+08:00,32.1899276399904,32.672535272865844,30.838628477141583,30.88688850402832,11881000,0.0,0.0
2024-07-11 00:00:00+08:00,31.031673431396484,32.04514876207262,30.935149691996173,31.031673431396484,8552000,0.0,0.0
2024-07-12 00:00:00+08:00,31.12819405823253,32.14166940744855,30.93515025790466,31.272977828979492,8355000,0.0,0.0
2024-07-15 00:00:00+08:00,31.031672266692567,31.321236110017026,30.6455846875906,30.88688850402832,4775000,0.0,0.0
2024-07-16 00:00:00+08:00,31.63761370573847,31.978849954166773,31.150131225585938,31.150131225585938,5269000,0.32,0.0
2024-07-17 00:00:00+08:00,31.24762623393798,31.832607441638714,31.101381861811834,31.150131225585938,4038000,0.0,0.0
2024-07-18 00:00:00+08:00,30.808892529689583,31.393871866630143,30.223913192749023,30.223913192749023,5801000,0.0,0.0
2024-07-19 00:00:00+08:00,30.223913192749023,31.198878134450606,29.590186352562608,30.223913192749023,11104000,0.0,0.0
2024-07-22 00:00:00+08:00,30.906389444949546,31.345124413252478,28.956459558444163,29.005207061767578,9972000,0.0,0.0
2024-07-23 00:00:00+08:00,29.151450145629244,29.492688232637203,28.371478969266455,28.712717056274414,5605000,0.0,0.0
2024-07-26 00:00:00+08:00,28.1764868009999,28.858963012695312,27.494012448902563,28.858963012695312,3487000,0.0,0.0
2024-07-29 00:00:00+08:00,29.346443744507564,29.492688107002863,27.835247039794922,27.835247039794922,5640000,0.0,0.0
2024-07-30 00:00:00+08:00,27.883996893759104,28.32272998900827,27.591506303994997,28.225234985351562,2215000,0.0,0.0
2024-07-31 00:00:00+08:00,28.273983645715383,28.468977380214717,27.932745540140584,27.981494903564453,1915000,0.0,0.0
2024-08-01 00:00:00+08:00,28.273982487179918,28.517723715517675,27.981493757013805,28.225234985351562,1757000,0.0,0.0
2024-08-02 00:00:00+08:00,27.981495407954466,28.273984155377754,27.104025446488397,27.152774810791016,3665000,0.0,0.0
2024-08-05 00:00:00+08:00,26.421550455132444,26.567794825370836,24.471620559692383,24.471620559692383,5589000,0.0,0.0
2024-08-06 00:00:00+08:00,24.666613814957024,24.910355065538017,22.082956930718154,23.5454044342041,7898000,0.0,0.0
2024-08-07 00:00:00+08:00,23.6916475120225,25.544082402422646,23.6916475120225,25.349088668823242,4036000,0.0,0.0
2024-08-08 00:00:00+08:00,24.764108142747915,24.95910186701756,24.422870055075027,24.715360641479492,2433000,0.0,0.0
2024-08-09 00:00:00+08:00,25.25159144459542,25.349088310015084,24.569117105853834,24.61786460876465,2850000,0.0,0.0
2024-08-12 00:00:00+08:00,24.86160659790039,25.05660033466434,24.764109729518417,24.86160659790039,1560000,0.0,0.0
2024-08-13 00:00:00+08:00,25.10534759884401,25.10534759884401,24.374123882372825,24.66661262512207,1648000,0.0,0.0
2024-08-14 00:00:00+08:00,25.836570369387136,26.12905910142779,25.056599177546726,25.1053466796875,3985000,0.0,0.0
2024-08-15 00:00:00+08:00,25.25159221183019,25.349089080212163,24.715362225126476,24.86160659790039,1857000,0.0,0.0
2024-08-16 00:00:00+08:00,25.300339318675686,25.446583678402554,24.910351879940134,25.007848739624023,1670000,0.0,0.0
2024-08-19 00:00:00+08:00,25.15409309935089,25.349086818718668,24.861604379897155,25.007848739624023,1364000,0.0,0.0
2024-08-20 00:00:00+08:00,25.251592311827615,25.88531916942289,25.056600433889585,25.397836685180664,3416000,0.0,0.0
2024-08-21 00:00:00+08:00,25.39783509294449,25.690325680911922,25.05659886304613,25.251590728759766,2605000,0.0,0.0
2024-08-22 00:00:00+08:00,25.592830985455407,25.592830985455407,25.30034223231803,25.44658660888672,1421000,0.0,0.0
2024-08-23 00:00:00+08:00,25.34908790958738,25.44658477346693,24.812857947646847,25.1053466796875,1655000,0.0,0.0
2024-08-26 00:00:00+08:00,25.251591483767257,25.73907395202376,25.251591483767257,25.495332717895508,1833000,0.0,0.0
2024-08-27 00:00:00+08:00,26.17780919301157,26.616542303304556,25.592829853022867,26.567794799804688,7554000,0.0,0.0
2024-08-28 00:00:00+08:00,26.03156587730534,26.03156587730534,25.592830889643622,25.787824630737305,4514000,0.0,0.0
2024-08-29 00:00:00+08:00,25.641578395117975,26.03156587730534,25.49533401909678,25.787824630737305,1236000,0.0,0.0
2024-08-30 00:00:00+08:00,26.03156383459241,26.470296928228336,25.885317610449118,26.129058837890625,3377000,0.0,0.0
2024-09-02 00:00:00+08:00,26.324053451479408,26.519047183848105,25.787823476862567,26.031564712524414,1657000,0.0,0.0
2024-09-03 00:00:00+08:00,26.080312380423912,26.080312380423912,25.349088668823242,25.349088668823242,1921000,0.0,0.0
2024-09-04 00:00:00+08:00,24.179131313795043,24.179131313795043,22.96042506089009,23.5454044342041,3659000,0.0,0.0
2024-09-05 00:00:00+08:00,23.984137811647393,24.276626548780467,23.399158477783203,23.399158477783203,2161000,0.0,0.0
2024-09-06 00:00:00+08:00,23.64290130635613,23.64290130635613,23.30166318362311,23.5454044342041,1029000,0.0,0.0
2024-09-09 00:00:00+08:00,22.814180682461128,23.5454044342041,22.765433176184196,23.5454044342041,1250000,0.0,0.0
2024-09-10 00:00:00+08:00,23.789145170450563,23.83789453527167,22.472942073850618,22.61918830871582,2124000,0.0,0.0
2024-09-11 00:00:00+08:00,22.667933589960892,23.155416032755753,22.619186089520586,22.765430450439453,815000,0.0,0.0
2024-09-12 00:00:00+08:00,23.25291410921667,23.399158477783203,23.05792037806259,23.399158477783203,1086000,0.0,0.0
2024-09-13 00:00:00+08:00,23.447905903862065,23.74039649963379,23.447905903862065,23.74039649963379,787000,0.0,0.0
2024-09-16 00:00:00+08:00,23.98413784932155,24.569117184104616,23.935388486657434,24.276626586914062,1745000,0.0,0.0
2024-09-18 00:00:00+08:00,24.32537669818664,25.056600424269227,24.179130465291642,24.520368576049805,2484000,0.0,0.0
2024-09-19 00:00:00+08:00,24.812858068935693,25.787822993300978,24.715361204579562,25.641576766967773,4090000,0.0,0.0
2024-09-20 00:00:00+08:00,25.982815860779482,26.080312728881836,25.251592139408963,26.080312728881836,5342000,0.0,0.0
2024-09-23 00:00:00+08:00,26.08031205172292,26.129059554709354,25.495332717895508,25.495332717895508,2317000,0.0,0.0
2024-09-24 00:00:00+08:00,25.690326528545462,25.739074031682765,25.154094696044922,25.154094696044922,1236000,0.0,0.0
2024-09-25 00:00:00+08:00,25.39783617242406,25.446585535622944,25.15409493522384,25.349088668823242,1003000,0.0,0.0
2024-09-26 00:00:00+08:00,25.495332599365188,25.787823194718094,24.959102630615234,24.959102630615234,1348000,0.0,0.0
2024-09-27 00:00:00+08:00,24.812858378095225,25.836570817594666,24.76410901551075,25.495332717895508,2302000,0.0,0.0
2024-09-30 00:00:00+08:00,25.49533137423765,25.982813816802796,25.446583873820313,25.54408073425293,1992000,0.0,0.0
2024-10-01 00:00:00+08:00,25.83656991031374,26.03156363460813,25.641576186019357,25.934066772460938,2267000,0.0,0.0
2024-10-04 00:00:00+08:00,26.080311203002932,26.080311203002932,25.49533188821224,25.59282875061035,1618000,0.0,0.0
2024-10-07 00:00:00+08:00,25.592829824185888,25.739074194118768,25.34908858776507,25.690326690673828,1114000,0.0,0.0
2024-10-08 00:00:00+08:00,25.690326252162812,25.836570619599428,25.202843787642067,25.30034065246582,1070000,0.0,0.0
2024-10-09 00:00:00+08:00,25.544082908324285,25.544082908324285,24.471621071483536,24.520368576049805,1774000,0.0,0.0
2024-10-11 00:00:00+08:00,24.764109818077333,25.105347928835492,24.520368576049805,24.520368576049805,845000,0.0,0.0
2024-10-14 00:00:00+08:00,24.569116592407227,24.861605322955743,24.325375363750798,24.569116592407227,826000,0.0,0.0
2024-10-15 00:00:00+08:00,24.66661186732191,24.910353098657495,24.374123133558417,24.422870635986328,684000,0.0,0.0
2024-10-16 00:00:00+08:00,24.37412345264425,24.569117184104616,24.179129721183877,24.276626586914062,975000,0.0,0.0
2024-10-17 00:00:00+08:00,24.471619998012255,24.76410873177575,24.374123133558417,24.422870635986328,774000,0.0,0.0
2024-10-18 00:00:00+08:00,24.47161934499064,24.715360569822025,23.837892532348633,23.837892532348633,1507000,0.0,0.0
2024-10-21 00:00:00+08:00,23.88664268349581,24.17913144190343,23.88664268349581,24.081636428833008,708000,0.0,0.0
2024-10-22 00:00:00+08:00,24.179128130351963,24.22787748980868,23.935386911862132,24.130380630493164,542000,0.0,0.0
2024-10-23 00:00:00+08:00,24.081633130634366,24.66661056733162,24.081633130634366,24.130380630493164,1016000,0.0,0.0
2024-10-24 00:00:00+08:00,24.22787972979443,24.276627234160173,23.98413848876953,23.98413848876953,667000,0.0,0.0
2024-10-25 00:00:00+08:00,23.984138906465525,24.471621397005073,23.935389541652693,24.37412452697754,832000,0.0,0.0
2024-10-28 00:00:00+08:00,24.42286998426558,24.42286998426558,23.789143171623575,23.837892532348633,1213000,0.0,0.0
2024-10-29 00:00:00+08:00,23.886640301822624,24.32537525528713,23.642899074253005,23.691646575927734,957000,0.0,0.0
2024-10-30 00:00:00+08:00,23.88664255693712,23.98413942908915,23.496656927927166,23.5454044342041,602000,0.0,0.0
2024-11-01 00:00:00+08:00,23.545403037925006,25.00785045468554,23.25291429841212,24.81285858154297,2488000,0.0,0.0
2024-11-04 00:00:00+08:00,24.812858093801676,24.812858093801676,24.374123133558417,24.422870635986328,868000,0.0,0.0
2024-11-05 00:00:00+08:00,24.66661336809248,25.10534835502933,24.617865862698665,24.910354614257812,1316000,0.0,0.0
2024-11-06 00:00:00+08:00,25.056599573354124,25.25159144459542,24.61786460876465,24.61786460876465,1233000,0.0,0.0
2024-11-07 00:00:00+08:00,24.32537669818664,24.520368576049805,23.88664171869785,24.520368576049805,2991000,0.0,0.0
2024-11-08 00:00:00+08:00,24.37412275696186,24.42287025863659,23.691646575927734,23.691646575927734,1813000,0.0,0.0
2024-11-11 00:00:00+08:00,23.69164721491628,23.69164721491628,23.301661612206168,23.399158477783203,1066000,0.0,0.0
2024-11-12 00:00:00+08:00,23.39915940591798,23.39915940591798,22.911676918294688,22.960424423217773,1262000,0.0,0.0
2024-11-13 00:00:00+08:00,22.96042508220266,23.05792195444519,22.667936325073242,22.667936325073242,1472000,0.0,0.0
2024-11-14 00:00:00+08:00,22.716681151209546,22.862927372117827,22.424192428588867,22.424192428588867,1106000,0.0,0.0
2024-11-15 00:00:00+08:00,22.52169017226828,23.3504107316466,22.52169017226828,23.204164505004883,1268000,0.0,0.0
2024-11-18 00:00:00+08:00,23.057921434517052,23.057921434517052,22.61918830871582,22.61918830871582,965000,0.0,0.0
2024-11-19 00:00:00+08:00,22.619185528271917,22.862926743621408,22.521688670212544,22.7166805267334,664000,0.0,0.0
2024-11-20 00:00:00+08:00,22.86292879399709,22.86292879399709,22.375446319580078,22.375446319580078,824309,0.0,0.0
2024-11-21 00:00:00+08:00,22.52169088099386,22.61918774862375,22.32669714573407,22.570438385009766,787000,0.0,0.0
2024-11-22 00:00:00+08:00,22.667934102570854,22.911675329480218,22.619186601028172,22.814178466796875,537000,0.0,0.0
2024-11-25 00:00:00+08:00,22.911676324301723,23.35041129562758,22.911676324301723,23.252914428710938,961000,0.0,0.0
2024-11-26 00:00:00+08:00,23.39915840103246,23.83789336489103,23.106669664858767,23.74039649963379,1213000,0.0,0.0
2024-11-27 00:00:00+08:00,23.78914368475092,23.886640548706055,23.447905590706945,23.886640548706055,1033000,0.0,0.0
2024-11-28 00:00:00+08:00,23.83789336489103,23.93538837055024,23.59415213154694,23.74039649963379,1538000,0.0,0.0
2024-11-29 00:00:00+08:00,23.740396330295805,23.740396330295805,23.204164505004883,23.204164505004883,963000,0.0,0.0
2024-12-02 00:00:00+08:00,24.13038192894501,24.47162002511232,23.204164505004883,23.204164505004883,1328000,0.0,0.0
2024-12-03 00:00:00+08:00,23.496654336259247,24.471619231045125,23.496654336259247,24.179128646850586,2521000,0.0,0.0
2024-12-04 00:00:00+08:00,24.325374868746835,24.374122369646944,24.081633645050363,24.179128646850586,1064000,0.0,0.0
2024-12-05 00:00:00+08:00,24.42287025863659,24.520367121584034,23.691646575927734,23.691646575927734,1262000,0.0,0.0
2024-12-06 00:00:00+08:00,23.984138402493155,24.52036838697975,23.74039716234505,24.325376510620117,1428000,0.0,0.0
2024-12-09 00:00:00+08:00,24.66661284788039,24.66661284788039,23.98413848876953,23.98413848876953,1518000,0.0,0.0
2024-12-10 00:00:00+08:00,23.98413955616441,24.471622059909222,23.8378951769606,24.081636428833008,913000,0.0,0.0
2024-12-11 00:00:00+08:00,24.081634147780267,24.081634147780267,23.35041046142578,23.35041046142578,1458000,0.0,0.0
2024-12-12 00:00:00+08:00,23.691646694046142,24.325375376565095,23.35041046142578,23.35041046142578,1988000,0.0,0.0
2024-12-13 00:00:00+08:00,23.057919557168773,23.057919557168773,22.2779483795166,22.2779483795166,2629000,0.0,0.0
2024-12-16 00:00:00+08:00,22.277947922127883,22.277947922127883,21.54672426074249,21.887962341308594,2494000,0.0,0.0
2024-12-17 00:00:00+08:00,22.034208712211324,22.08295621691255,21.54672622680664,21.54672622680664,1192000,0.0,0.0
2024-12-18 00:00:00+08:00,21.546725586243014,21.98545869430525,21.400481216888938,21.839214324951172,765000,0.0,0.0
2024-12-19 00:00:00+08:00,21.74171819733409,21.74171819733409,21.156740700048275,21.205488204956055,1643000,0.0,0.0
2024-12-20 00:00:00+08:00,20.912999209555036,21.10799108648351,20.133026123046875,20.133026123046875,3027000,0.0,0.0
2024-12-23 00:00:00+08:00,20.23052365107574,20.425517393961513,19.694293647537087,19.840538024902344,3857000,0.0,0.0
2024-12-24 00:00:00+08:00,20.133025411136583,20.912998470064643,20.133025411136583,20.766752243041992,1958000,0.0,0.0
2024-12-25 00:00:00+08:00,20.912998271427284,21.010493275718986,20.571760177612305,20.571760177612305,1112000,0.0,0.0
2024-12-26 00:00:00+08:00,20.669258303022986,21.83921516231225,20.669258303022986,20.86425018310547,1729000,0.0,0.0
2024-12-27 00:00:00+08:00,20.864248909683425,20.961745773573135,20.571760177612305,20.571760177612305,732000,0.0,0.0
2024-12-30 00:00:00+08:00,20.912998595955333,20.912998595955333,20.42551612854004,20.42551612854004,514000,0.0,0.0
2024-12-31 00:00:00+08:00,20.42551640197998,20.42551640197998,20.27927017211914,20.27927017211914,435000,0.0,0.0
2025-01-02 00:00:00+08:00,20.474263905534887,21.156740112891942,20.27927017211914,20.27927017211914,1508000,0.0,0.0
2025-01-03 00:00:00+08:00,20.766751477157385,20.86424833837743,20.474262753095207,20.52301025390625,927000,0.0,0.0
2025-01-06 00:00:00+08:00,20.62050875339372,21.059243733941756,20.523011884427703,20.66925811767578,1353000,0.0,0.0
2025-01-07 00:00:00+08:00,20.91299997752315,20.961747483645855,20.376768112182617,20.376768112182617,957000,0.0,0.0
2025-01-08 00:00:00+08:00,20.474262935598464,21.059242248535156,20.474262935598464,21.059242248535156,1441000,0.0,0.0
2025-01-09 00:00:00+08:00,21.205487498530633,21.205487498530633,19.743040084838867,19.743040084838867,2079000,0.0,0.0
2025-01-10 00:00:00+08:00,19.791787588122705,19.791787588122705,19.450551345939733,19.743040084838867,1401000,0.0,0.0
2025-01-13 00:00:00+08:00,19.743040388105694,19.743040388105694,18.621831058972393,18.719327926635742,2516000,0.0,0.0
2025-01-14 00:00:00+08:00,18.816822953287478,19.5967960357666,18.816822953287478,19.5967960357666,1029000,0.0,0.0
2025-01-15 00:00:00+08:00,19.74304059664874,19.840537465341935,19.45055185016726,19.79178810119629,606000,0.0,0.0
2025-01-16 00:00:00+08:00,19.986781561488907,20.13302593270214,19.938034057617188,19.938034057617188,631000,0.0,0.0
2025-01-17 00:00:00+08:00,20.084277027163253,20.13302452763292,19.69429144461209,19.986780166625977,571000,0.0,0.0
2025-01-20 00:00:00+08:00,19.986781750450998,20.18177548697756,19.889284882187717,20.133026123046875,538000,0.0,0.0
2025-01-21 00:00:00+08:00,20.133025365600236,20.328019094790726,19.889284133911133,19.889284133911133,670000,0.0,0.0
2025-01-22 00:00:00+08:00,19.9380337378219,20.181774972467167,19.791787509356308,20.084278106689453,661000,0.0,0.0
2025-02-03 00:00:00+08:00,19.499300003051758,19.79178875925827,18.914320631040574,19.499300003051758,1619307,0.0,0.0
2025-02-04 00:00:00+08:00,19.645542977027034,19.79178734467775,19.499298609376318,19.548046112060547,518401,0.0,0.0
2025-02-05 00:00:00+08:00,19.79178695516317,20.133025046031086,19.694291951713474,20.0355281829834,758198,0.0,0.0
2025-02-06 00:00:00+08:00,20.035528666929377,20.42551612854004,19.98678116402706,20.42551612854004,681011,0.0,0.0
2025-02-07 00:00:00+08:00,20.474264984026185,20.523012490148886,20.181776228093646,20.376768112182617,575301,0.0,0.0
2025-02-10 00:00:00+08:00,20.328019341334716,20.37676684442455,19.9380337378219,20.084278106689453,803007,0.0,0.0
2025-02-11 00:00:00+08:00,20.084277863101622,20.328019094790726,19.791787269315886,19.889284133911133,889477,0.0,0.0
2025-02-12 00:00:00+08:00,19.889284694147396,20.27927030391537,19.791787826805884,19.938034057617188,547790,0.0,0.0
2025-02-13 00:00:00+08:00,20.084278029429726,20.669257362247688,20.084278029429726,20.42551612854004,1565614,0.0,0.0
2025-02-14 00:00:00+08:00,20.718004980752635,21.20548745088799,20.42551624251064,20.961746215820312,1889567,0.0,0.0
2025-02-17 00:00:00+08:00,21.01049371899463,21.059243081766994,20.815501846699316,20.961746215820312,690868,0.0,0.0
2025-02-18 00:00:00+08:00,21.010492887691615,21.30298347395895,20.961745386446047,21.059242248535156,785004,0.0,0.0
2025-02-19 00:00:00+08:00,21.1079904305363,21.692969762339214,21.1079904305363,21.644222259521484,1405477,0.0,0.0
2025-02-20 00:00:00+08:00,21.644221120846797,21.93670984156178,21.595471760995675,21.887962341308594,955114,0.0,0.0
2025-02-21 00:00:00+08:00,21.936710995623923,21.936710995623923,21.644222259521484,21.644222259521484,756576,0.0,0.0
2025-02-24 00:00:00+08:00,21.44922954231671,21.887964526794256,21.44922954231671,21.741718292236328,440984,0.0,0.0
2025-02-25 00:00:00+08:00,21.741716762014008,23.301660990855808,21.44922803268029,22.47294044494629,5092373,0.0,0.0
2025-02-26 00:00:00+08:00,22.765431033877995,23.20416412787857,22.082954852635336,22.47294044494629,4277011,0.0,0.0
2025-02-27 00:00:00+08:00,22.47294202663349,22.47294202663349,21.741718292236328,21.741718292236328,1163690,0.0,0.0
2025-03-03 00:00:00+08:00,21.595472200628308,21.69296906271742,21.059242248535156,21.059242248535156,1030375,0.0,0.0
2025-03-04 00:00:00+08:00,20.961746326948113,21.497976303100586,20.620508224124695,21.497976303100586,763011,0.0,0.0
2025-03-05 00:00:00+08:00,21.6442230958072,21.74171810520965,21.3029849841043,21.54672622680664,644319,0.0,0.0
2025-03-06 00:00:00+08:00,21.64422266428433,21.692970168013677,21.156740188598633,21.156740188598633,555175,0.0,0.0
2025-03-07 00:00:00+08:00,21.010492887691615,21.449227837293627,20.912997885200475,21.059242248535156,557121,0.0,0.0
2025-03-10 00:00:00+08:00,21.059242248535156,21.059242248535156,21.059242248535156,21.059242248535156,0,0.0,0.0
2025-03-11 00:00:00+08:00,20.912998395553817,21.205487129360968,20.669257164181854,21.107990264892578,749097,0.0,0.0
2025-03-12 00:00:00+08:00,21.254233543723167,21.351730403200374,21.0104923248291,21.0104923248291,371051,0.0,0.0
2025-03-13 00:00:00+08:00,21.40048033604806,21.8392134260521,21.059242248535156,21.059242248535156,969098,0.0,0.0
2025-03-14 00:00:00+08:00,21.10799147202769,23.10667079933816,21.10799147202769,22.61918830871582,5524189,0.0,0.0
2025-03-17 00:00:00+08:00,22.570438801636726,22.570438801636726,22.082956314086914,22.082956314086914,1983972,0.0,0.0
2025-03-18 00:00:00+08:00,22.229199929761396,22.326696795863466,21.839214324951172,21.839214324951172,1011330,0.0,0.0
2025-03-19 00:00:00+08:00,21.98545869430525,22.131704923257377,21.644222452345083,21.839214324951172,766102,0.0,0.0
2025-03-20 00:00:00+08:00,21.887964987859558,22.229201250087804,21.79046811596656,22.13170623779297,953792,0.0,0.0
2025-03-21 00:00:00+08:00,22.229201250087804,22.8629299875932,22.13170623779297,22.13170623779297,3603699,0.0,0.0
2025-03-24 00:00:00+08:00,22.180452346801758,22.71668231903907,22.13170484372493,22.180452346801758,1666453,0.0,0.0
2025-03-25 00:00:00+08:00,22.472941165217545,22.472941165217545,21.741717458849102,21.839214324951172,998115,0.0,0.0
2025-03-26 00:00:00+08:00,22.034208901754063,22.034208901754063,21.595473917276518,21.741718292236328,842888,0.0,0.0
2025-03-27 00:00:00+08:00,21.741715923958264,21.790465283366785,21.351730346679688,21.351730346679688,787166,0.0,0.0
2025-03-28 00:00:00+08:00,21.44922860624844,21.44922860624844,20.961746137924614,21.3029842376709,844100,0.0,0.0
2025-03-31 00:00:00+08:00,20.86425063134575,20.86425063134575,19.450552496883393,19.499300003051758,2215321,0.0,0.0
2025-04-01 00:00:00+08:00,19.98678099850638,19.98678099850638,19.64554290222203,19.889284133911133,733055,0.0,0.0
2025-04-02 00:00:00+08:00,19.79178815657971,20.71800562235974,19.64554378292973,20.66925811767578,1036758,0.0,0.0
2025-04-07 00:00:00+08:00,18.621829986572266,18.621829986572266,18.621829986572266,18.621829986572266,372018,0.0,0.0
2025-04-08 00:00:00+08:00,16.818145238825544,17.40312457557387,16.769397735595703,16.769397735595703,2801481,0.0,0.0
2025-04-09 00:00:00+08:00,16.28191527025563,16.28191527025563,15.111956596374512,15.111956596374512,2862495,0.0,0.0
2025-04-10 00:00:00+08:00,16.281915531776733,16.623151779174805,15.843180557124814,16.623151779174805,2228529,0.0,0.0
2025-04-11 00:00:00+08:00,16.28191566467285,16.62315191485616,15.404446638005982,16.28191566467285,1955854,0.0,0.0
2025-04-14 00:00:00+08:00,16.818145348992147,17.793110296759806,16.818145348992147,17.305627822875977,1850313,0.0,0.0
2025-04-15 00:00:00+08:00,17.841856509786982,18.231843948364258,17.59811529047515,18.231843948364258,1165276,0.0,0.0
2025-04-16 00:00:00+08:00,18.183095032588437,18.183095032588437,17.354374494779737,17.40312385559082,1258512,0.0,0.0
2025-04-17 00:00:00+08:00,17.354373931884766,17.403123291114646,16.964388356035272,17.354373931884766,697656,0.0,0.0
2025-04-18 00:00:00+08:00,17.256880642324944,17.403125015307747,17.061886905282478,17.15938377380371,352701,0.0,0.0
2025-04-21 00:00:00+08:00,17.256881595938125,17.256881595938125,16.72064971923828,16.72064971923828,483152,0.0,0.0
2025-04-22 00:00:00+08:00,16.671901221362624,18.378089904785156,16.525656848988884,18.378089904785156,2508123,0.0,0.0
2025-04-23 00:00:00+08:00,20.181776702560736,20.181776702560736,18.71932916932005,19.011817932128906,13640643,0.0,0.0
2025-04-24 00:00:00+08:00,18.76807551764783,19.206810494367144,18.231845532411413,18.378089904785156,3972151,0.0,0.0
2025-04-25 00:00:00+08:00,18.81682269350016,18.963068922919582,18.426837087443825,18.524333953857422,2052153,0.0,0.0
2025-04-28 00:00:00+08:00,18.816821477161223,19.158059557751802,18.2318440356893,19.109312057495117,2235886,0.0,0.0
2025-04-29 00:00:00+08:00,19.499300443209137,19.596797317344823,18.573082928317422,19.011817932128906,4877754,0.0,0.0
2025-04-30 00:00:00+08:00,18.91431931230461,19.01181617744187,18.3293399810791,18.3293399810791,2021303,0.0,0.0
2025-05-02 00:00:00+08:00,18.52433446546077,18.816823213181433,18.475586960706693,18.573081970214844,1625490,0.0,0.0
2025-05-05 00:00:00+08:00,18.719327441628128,18.816822447167354,17.939354380128105,18.3293399810791,1455030,0.0,0.0
2025-05-06 00:00:00+08:00,18.03685073852539,18.426836328519858,18.03685073852539,18.28059196472168,697656,0.0,0.0
2025-05-07 00:00:00+08:00,18.37808830803177,18.426835808054967,18.134347088719938,18.231843948364258,640483,0.0,0.0
2025-05-08 00:00:00+08:00,18.280592210086542,18.52433343955436,18.280592210086542,18.4755859375,729120,0.0,0.0
2025-05-09 00:00:00+08:00,18.573082297580587,18.621831662792015,18.23184603909128,18.426837921142578,820434,0.0,0.0
2025-05-12 00:00:00+08:00,18.524333953857422,18.914319559913757,18.47558645044965,18.524333953857422,1437522,0.0,0.0
2025-05-13 00:00:00+08:00,18.914319890021574,18.914319890021574,18.378089904785156,18.378089904785156,2025356,0.0,0.0
2025-05-14 00:00:00+08:00,18.57308169534168,19.158061041723688,18.57308169534168,18.719327926635742,2509069,0.0,0.0
2025-05-15 00:00:00+08:00,18.816823544843313,18.816823544843313,18.378090415529286,18.426837921142578,1135553,0.0,0.0
2025-05-16 00:00:00+08:00,18.573081486562554,19.840537032742507,18.475586479593222,19.40180206298828,3878615,0.0,0.0
2025-05-19 00:00:00+08:00,19.889283936134944,20.42551575627757,19.694292068481445,19.694292068481445,9311661,0.0,0.0
2025-05-20 00:00:00+08:00,19.694292465927106,19.791787471922376,19.206809997558594,19.206809997558594,3177038,0.0,0.0
2025-05-21 00:00:00+08:00,19.548046012192398,21.107990264892578,19.401801645288824,21.107990264892578,9786648,0.0,0.0
2025-05-22 00:00:00+08:00,20.912998823515363,21.98545877582031,20.71800509058825,21.497976303100586,24826945,0.0,0.0
2025-05-23 00:00:00+08:00,20.66925595507893,20.86424781301113,20.474262237548828,20.474262237548828,1597550,0.0,0.0
2025-05-26 00:00:00+08:00,20.57176119114374,20.57176119114374,19.64554372795555,19.79178810119629,3285981,0.0,0.0
2025-05-27 00:00:00+08:00,19.84053727536669,19.986781647207124,19.548046672087736,19.5967960357666,2043806,0.0,0.0
2025-05-28 00:00:00+08:00,19.889284009143857,20.03552837532031,19.304304684840037,19.35305404663086,2091678,0.0,0.0
2025-05-29 00:00:00+08:00,19.499299771831,19.548047277421325,19.255558524683114,19.304306030273438,1210698,0.0,0.0
2025-06-02 00:00:00+08:00,19.30430569911461,19.353055063466794,18.52433446546077,18.573081970214844,1510183,0.0,0.0
2025-06-03 00:00:00+08:00,18.670578406642935,18.768075273489767,18.134348428382452,18.183095932006836,1391750,0.0,0.0
2025-06-04 00:00:00+08:00,18.378089343446746,18.573081214123228,18.231844975539875,18.3293399810791,1290036,0.0,0.0
2025-06-05 00:00:00+08:00,18.426837921142578,18.768076039230024,18.378090415529286,18.426837921142578,1532445,0.0,0.0
2025-06-06 00:00:00+08:00,18.475586208584,18.621830576490872,18.3293399810791,18.3293399810791,847795,0.0,0.0
2025-06-09 00:00:00+08:00,18.329340629088865,18.47558686176411,18.03685188293457,18.03685188293457,1080195,0.0,0.0
2025-06-10 00:00:00+08:00,18.134347915649414,18.475586010166083,18.085598553805312,18.134347915649414,1181950,0.0,0.0
2025-06-11 00:00:00+08:00,18.329340302478055,18.475586532547332,18.183095932006836,18.183095932006836,1092224,0.0,0.0
2025-06-12 00:00:00+08:00,18.329338948410648,18.47558516767609,18.134347088719938,18.231843948364258,1114430,0.0,0.0
2025-06-13 00:00:00+08:00,18.134348316351062,18.183095819674293,17.59811648180528,17.646865844726562,1502137,0.0,0.0
2025-06-16 00:00:00+08:00,17.93935501435044,18.08559938742759,17.403125026534866,18.03685188293457,1435396,0.0,0.0
2025-06-17 00:00:00+08:00,18.13434823549281,18.28059260440847,17.89060700076736,17.98810386657715,991285,0.0,0.0
2025-06-18 00:00:00+08:00,17.939354694688788,18.3780896657005,17.939354694688788,18.183095932006836,1368379,0.0,0.0
2025-06-19 00:00:00+08:00,18.183094386948987,18.329338744993496,17.549367595690843,17.69561195373535,1216666,0.0,0.0
2025-06-20 00:00:00+08:00,17.69561377268916,18.03685188293457,17.403125026534866,18.03685188293457,4062560,0.0,0.0
2025-06-23 00:00:00+08:00,17.695613182493737,17.695613182493737,16.671900745499123,17.110633850097656,2661798,0.0,0.0
2025-06-24 00:00:00+08:00,17.25688055537832,17.695613672116227,17.25688055537832,17.500621795654297,1170267,0.0,0.0
2025-06-25 00:00:00+08:00,17.744363553762216,17.744363553762216,17.500622306373163,17.54936981201172,888058,0.0,0.0
2025-06-26 00:00:00+08:00,17.549367595690843,17.93935317034217,17.50062009620864,17.69561195373535,932102,0.0,0.0
2025-06-27 00:00:00+08:00,17.890606758287195,17.939354260732365,17.598116164822102,17.793109893798828,498341,0.0,0.0
2025-06-30 00:00:00+08:00,17.793110629794583,17.890607498315816,17.15938377380371,17.15938377380371,1028152,0.0,0.0
2025-07-01 00:00:00+08:00,17.50062123419831,18.280592434219113,17.4031243692962,17.451871871948242,3737403,0.0,0.0
2025-07-02 00:00:00+08:00,17.500622814262606,17.6468671950206,17.451873447611145,17.59811782836914,599864,0.0,0.0
2025-07-03 00:00:00+08:00,17.695614093162643,18.18309658531367,17.646866587786793,17.890607833862305,1556881,0.0,0.0
2025-07-04 00:00:00+08:00,17.988104801151266,18.085599812428377,17.451872941136468,17.54936981201172,1029152,0.0,0.0
2025-07-07 00:00:00+08:00,17.69561470207387,17.69561470207387,17.15938468609516,17.59811782836914,565927,0.0,0.0
2025-07-08 00:00:00+08:00,17.54936905981789,17.54936905981789,17.06188658593406,17.305627822875977,618051,0.0,0.0
2025-07-09 00:00:00+08:00,17.30562790630884,17.354375410093017,16.96438980102539,16.96438980102539,1027361,0.0,0.0
2025-07-10 00:00:00+08:00,16.96438820176843,17.2568787756942,16.818143844604492,16.818143844604492,838169,0.0,0.0
2025-07-11 00:00:00+08:00,16.964390354936103,17.988104704212137,16.81814597921042,17.890607833862305,2523730,0.0,0.0
2025-07-14 00:00:00+08:00,18.085597583951785,18.42683566016931,17.110632714529093,17.354373931884766,3622386,0.0,0.0
2025-07-15 00:00:00+08:00,17.54936905981789,17.841857800308965,17.305627822875977,17.305627822875977,741176,0.0,0.0
2025-07-16 00:00:00+08:00,17.549368538317985,17.6956129042177,17.256879806518555,17.256879806518555,835419,0.0,0.0
2025-07-17 00:00:00+08:00,17.45187302495635,18.52433489053875,17.403125519083666,18.085599899291992,4128590,0.0,0.0
2025-07-18 00:00:00+08:00,18.134348512046166,18.231845379342804,17.793110406306965,17.84185791015625,1038133,0.0,0.0
2025-07-21 00:00:00+08:00,17.939355339238155,18.085599714963838,17.793110963512476,17.890607833862305,606100,0.0,0.0
2025-07-22 00:00:00+08:00,18.036851125220732,18.18309549215427,17.793109893798828,17.793109893798828,1649201,0.0,0.0
2025-07-23 00:00:00+08:00,18.051702453176524,18.25062004760475,17.90251520586474,18.10143280029297,701917,0.36,0.0
2025-07-24 00:00:00+08:00,18.300348440694705,18.300348440694705,17.902515150096317,18.151161193847656,769432,0.0,0.0
2025-07-25 00:00:00+08:00,18.250619832349198,18.64845311949467,18.151161036308146,18.30034828186035,1588385,0.0,0.0
2025-07-28 00:00:00+08:00,18.499265873942463,18.499265873942463,18.151161036308146,18.30034828186035,743407,0.0,0.0
2025-07-29 00:00:00+08:00,18.449535687541754,18.59872483140757,18.101432743904894,18.151161193847656,826500,0.0,0.0
2025-07-30 00:00:00+08:00,18.250619888305664,18.35007868465166,18.051702295613673,18.250619888305664,650671,0.0,0.0
2025-07-31 00:00:00+08:00,18.399807447599688,18.399807447599688,17.852786903910996,17.95224380493164,925490,0.0,0.0
2025-08-04 00:00:00+08:00,18.200889485819296,18.499265873942463,17.703597402632774,18.30034828186035,1430566,0.0,0.0
2025-08-05 00:00:00+08:00,18.399806875827608,18.747911709638903,18.200889285930085,18.499265670776367,1502524,0.0,0.0
2025-08-06 00:00:00+08:00,18.54899422104692,18.99655785225135,18.39980697631836,18.39980697631836,1464281,0.0,0.0
2025-08-07 00:00:00+08:00,18.74791160834208,18.946827300146108,18.54899401951933,18.598724365234375,1192777,0.0,0.0
2025-08-08 00:00:00+08:00,18.74791165363436,18.84737044828601,18.548994064331055,18.548994064331055,1133729,0.0,0.0
2025-08-11 00:00:00+08:00,18.797639651189737,18.996557235717773,18.44953482677501,18.996557235717773,1604502,0.0,0.0
2025-08-12 00:00:00+08:00,18.996557235717773,19.49384930001919,18.897098443453753,18.996557235717773,2010967,0.0,0.0
2025-08-13 00:00:00+08:00,19.096016282297768,19.245203524171295,18.598724211373543,18.74791145324707,1594392,0.0,0.0
2025-08-14 00:00:00+08:00,18.847369995831084,19.145744475604463,18.797639651189737,18.996557235717773,856478,0.0,0.0
2025-08-15 00:00:00+08:00,19.49385048992402,19.891683786245164,19.245204442595956,19.692766189575195,3368647,0.0,0.0
2025-08-18 00:00:00+08:00,19.99114070154573,19.99114070154573,19.643035888671875,19.643035888671875,1713757,0.0,0.0
2025-08-19 00:00:00+08:00,19.841955026281738,19.99114227294922,19.69276588259549,19.99114227294922,2006083,0.0,0.0
2025-08-20 00:00:00+08:00,19.99114114984216,19.99114114984216,19.04628547899905,19.195472717285156,2434667,0.0,0.0
2025-08-21 00:00:00+08:00,19.19547282491172,19.543577647543525,19.09601593017578,19.09601593017578,1552943,0.0,0.0
2025-08-22 00:00:00+08:00,18.99655779491848,18.99655779491848,18.399806920786524,18.449535369873047,2713486,0.0,0.0
2025-08-25 00:00:00+08:00,18.797640318307455,18.847370664713704,18.300348236357422,18.350078582763672,1794053,0.0,0.0
2025-08-26 00:00:00+08:00,18.25062025711304,18.49926630449328,17.902515411376953,17.902515411376953,2458157,0.0,0.0
2025-08-27 00:00:00+08:00,18.051702453176524,18.10143280029297,17.90251520586474,18.10143280029297,1451263,0.0,0.0
2025-08-28 00:00:00+08:00,18.10143290361679,18.250620151780144,18.00197410583496,18.00197410583496,1581729,0.0,0.0
2025-08-29 00:00:00+08:00,18.101431227509778,18.15115967328668,17.753326416015625,17.753326416015625,1382509,0.0,0.0
2025-09-01 00:00:00+08:00,17.753326910776536,17.9025141492835,17.25603485107422,17.25603485107422,1707595,0.0,0.0
2025-09-02 00:00:00+08:00,17.405222242700344,17.405222242700344,16.609555698984373,17.106847763061523,2622741,0.0,0.0
2025-09-03 00:00:00+08:00,17.156576353798084,17.305763594862157,16.410638251459037,16.957658767700195,3371077,0.0,0.0
2025-09-04 00:00:00+08:00,17.10684770917262,17.206304604059802,16.907930125360902,17.15657615661621,1801196,0.0,0.0
2025-09-05 00:00:00+08:00,17.206304702359965,17.206304702359965,16.709012637008303,17.057117462158203,1464872,0.0,0.0
2025-09-08 00:00:00+08:00,17.206304604059802,17.305763395965663,16.907930125360902,17.15657615661621,1167746,0.0,0.0
2025-09-09 00:00:00+08:00,17.305763298236986,17.504680880925378,17.15657605973002,17.25603485107422,1563170,0.0,0.0
2025-09-10 00:00:00+08:00,17.305763650604014,17.355493995798014,16.858201925970207,16.907930374145508,1770487,0.0,0.0
2025-09-11 00:00:00+08:00,17.007389632744147,17.007389632744147,16.46036720275879,16.46036720275879,1558388,0.0,0.0
2025-09-12 00:00:00+08:00,16.55982564331041,17.007389267596654,16.55982564331041,16.8084716796875,902915,0.0,0.0
2025-09-15 00:00:00+08:00,16.808471429482374,17.206304702359965,16.808471429482374,17.057117462158203,1110161,0.0,0.0
2025-09-16 00:00:00+08:00,17.106847763061523,17.15657621066177,16.907930178623193,17.106847763061523,908350,0.0,0.0
2025-09-17 00:00:00+08:00,17.156575724215934,18.001972588581022,17.156575724215934,17.60413932800293,4803646,0.0,0.0
2025-09-18 00:00:00+08:00,18.200889485819296,18.30034828186035,17.80305619867383,18.30034828186035,7448037,0.0,0.0
2025-09-19 00:00:00+08:00,18.350079055468896,18.350079055468896,17.902515411376953,17.902515411376953,3694316,0.0,0.0
2025-09-22 00:00:00+08:00,18.10143300808866,18.30034870778157,17.803056613021102,17.902515411376953,2787729,0.0,0.0
2025-09-23 00:00:00+08:00,18.00197263196522,18.00197263196522,17.504680580789486,17.55440902709961,1624472,0.0,0.0
2025-09-24 00:00:00+08:00,17.653867774193206,18.051701034771302,17.60413932800293,17.60413932800293,1303758,0.0,0.0
2025-09-25 00:00:00+08:00,17.653867774193206,17.852785352991567,17.60413932800293,17.60413932800293,822111,0.0,0.0
2025-09-26 00:00:00+08:00,17.753327066958086,17.753327066958086,17.0571174184426,17.106847763061523,1481037,0.0,0.0
2025-09-30 00:00:00+08:00,17.156575963954282,17.45495043930255,17.007388726280148,17.355493545532227,853136,0.0,0.0
2025-10-01 00:00:00+08:00,17.3554937951001,17.405222242700344,17.007388970842356,17.106847763061523,907488,0.0,0.0
2025-10-02 00:00:00+08:00,17.10684811760511,17.20630501486687,16.758743286132812,16.758743286132812,1394766,0.0,0.0
2025-10-03 00:00:00+08:00,16.90793042892724,17.106848016310337,16.808471635235694,16.85820198059082,1020001,0.0,0.0
2025-10-07 00:00:00+08:00,16.85820177422875,17.10684780690458,16.709012637008303,17.057117462158203,1272838,0.0,0.0
2025-10-08 00:00:00+08:00,17.15657640905941,17.206304857234713,16.858201925970207,16.907930374145508,1133081,0.0,0.0
2025-10-09 00:00:00+08:00,17.007389112734014,17.25603514684703,16.957658767700195,16.957658767700195,1082321,0.0,0.0
2025-10-13 00:00:00+08:00,16.609556087701392,16.808471779776312,16.062533666203233,16.709012985229492,1375016,0.0,0.0
2025-10-14 00:00:00+08:00,16.858202283655437,17.106848323844936,16.559825897216797,16.559825897216797,1272364,0.0,0.0
2025-10-15 00:00:00+08:00,16.609556299477052,16.65928474887515,16.360910258449067,16.51009750366211,1224287,0.0,0.0
2025-10-16 00:00:00+08:00,16.709012841544144,17.00738922261879,16.609555944871303,16.85820198059082,1011562,0.0,0.0
2025-10-17 00:00:00+08:00,16.858202080413285,17.057117771955518,16.709012940483216,16.758743286132812,1060336,0.0,0.0
2025-10-20 00:00:00+08:00,16.957658977675045,16.957658977675045,16.65928449185234,16.758743286132812,877428,0.0,0.0
2025-10-21 00:00:00+08:00,16.808471386404026,17.206304658262013,16.75874293880378,17.106847763061523,1568520,0.0,0.0
2025-10-22 00:00:00+08:00,17.15657621066177,17.604139827138678,17.106847763061523,17.106847763061523,1511019,0.0,0.0
2025-10-23 00:00:00+08:00,17.156576309280478,17.156576309280478,16.858201827926553,17.007389068603516,768933,0.0,0.0
2025-10-27 00:00:00+08:00,17.106847655595203,17.604139716548335,16.957658519694334,17.2063045501709,2629455,0.0,0.0
2025-10-28 00:00:00+08:00,17.40522250036628,17.50468129405783,16.808471635235694,16.85820198059082,1608850,0.0,0.0
2025-10-29 00:00:00+08:00,17.057118525448768,18.300348766327232,16.6095567769438,17.852787017822266,6104386,0.0,0.0
2025-10-30 00:00:00+08:00,18.15115996689147,18.200888413472757,17.206304305697884,17.4549503326416,6882351,0.0,0.0
2025-10-31 00:00:00+08:00,17.454950892148617,17.55440968551792,16.907930374145508,16.907930374145508,2262281,0.0,0.0
2025-11-03 00:00:00+08:00,17.00738942523295,17.0571178741618,16.559825796798375,16.659284591674805,2035405,0.0,0.0
2025-11-04 00:00:00+08:00,16.659284591674805,16.758743386551235,16.26145130918781,16.659284591674805,1830588,0.0,0.0
2025-11-05 00:00:00+08:00,16.360910518587747,16.410638968776528,16.012805676209943,16.261451721191406,1720761,0.0,0.0
2025-11-06 00:00:00+08:00,16.410638652506847,16.559825897216797,16.261451407796898,16.559825897216797,1118884,0.0,0.0
2025-11-07 00:00:00+08:00,16.410639131303995,16.410639131303995,16.062534285478634,16.11226463317871,1323010,0.0,0.0
2025-11-10 00:00:00+08:00,16.11226468012035,16.11226468012035,15.813888284106984,16.06253433227539,1278913,0.0,0.0
2025-11-11 00:00:00+08:00,16.11226451962645,16.41063901564892,16.06253417227685,16.211721420288086,789607,0.0,0.0
2025-11-12 00:00:00+08:00,16.311180068754748,16.5598261121718,16.211721271984175,16.360910415649414,943019,0.0,0.0
2025-11-13 00:00:00+08:00,16.51009754931314,16.55982599884874,16.311179957133238,16.46036720275879,972044,0.0,0.0
2025-11-14 00:00:00+08:00,16.311180114746094,16.410638911797104,16.261451664729975,16.311180114746094,524307,0.0,0.0
2025-11-17 00:00:00+08:00,16.31118027526872,16.31118027526872,16.01280577819808,16.1619930267334,1017740,0.0,0.0
2025-11-18 00:00:00+08:00,16.01280529186459,16.01280529186459,15.614971060337586,15.71442985534668,2281736,0.0,0.0
2025-11-19 00:00:00+08:00,15.764158690582715,15.764158690582715,15.167407838831513,15.316595077514648,1779409,0.0,0.0
2025-11-20 00:00:00+08:00,15.465783966196197,15.61497121164609,15.26686732275988,15.565241813659668,1177788,0.0,0.0
2025-11-21 00:00:00+08:00,15.316595279307592,15.416054072079584,15.0182207980103,15.11767864227295,1073227,0.0,0.0
2025-11-24 00:00:00+08:00,15.21713753989448,15.316595384842417,14.91876210803197,15.018220901489258,683823,0.0,0.0
2025-11-25 00:00:00+08:00,15.266866534228264,15.515512562808468,15.266866534228264,15.416053771972656,823306,0.0,0.0
2025-11-26 00:00:00+08:00,15.61497121164609,15.813887855082406,15.31659577223693,15.565241813659668,928036,0.0,0.0
2025-11-27 00:00:00+08:00,15.813887596130371,15.863616993302477,15.61497095595131,15.813887596130371,744473,0.0,0.0
2025-11-28 00:00:00+08:00,15.863617174388079,16.559825897216797,15.813887776648304,16.559825897216797,2512265,0.0,0.0
2025-12-01 00:00:00+08:00,16.559825897216797,16.659284692696346,16.410638652506847,16.559825897216797,1647267,0.0,0.0
2025-12-02 00:00:00+08:00,16.559825897216797,16.609556243465942,16.3111798570273,16.559825897216797,721667,0.0,0.0
2025-12-03 00:00:00+08:00,16.559825796798375,16.659284591674805,16.311179758116662,16.659284591674805,926832,0.0,0.0
2025-12-04 00:00:00+08:00,16.75874293880378,17.15657621066177,16.75874293880378,17.106847763061523,1461330,0.0,0.0
2025-12-05 00:00:00+08:00,17.106848016310337,17.256035258338308,16.85820198059082,16.85820198059082,1227493,0.0,0.0
2025-12-08 00:00:00+08:00,16.957658626223438,17.653868274738922,16.858201731022948,17.106847763061523,1878652,0.0,0.0
2025-12-09 00:00:00+08:00,17.902514093826866,18.20088856991652,17.305763244628906,17.305763244628906,6865857,0.0,0.0
2025-12-10 00:00:00+08:00,17.405221886060314,18.200888413472757,17.405221886060314,17.4549503326416,5335884,0.0,0.0
2025-12-11 00:00:00+08:00,17.405221939086914,17.902513994489397,17.156575911385673,17.405221939086914,2342820,0.0,0.0
2025-12-12 00:00:00+08:00,17.604140353289733,18.648452960256613,17.504681558097953,18.449535369873047,9705395,0.0,0.0
2025-12-15 00:00:00+08:00,18.200889337237797,20.28951644897461,18.151160888132598,20.28951644897461,16659005,0.0,0.0
2025-12-16 00:00:00+08:00,20.538162350816005,22.278684616088867,20.438703556253813,22.278684616088867,12941883,0.0,0.0
2025-12-17 00:00:00+08:00,23.32299836670446,24.019206112311085,20.886266514534626,21.08518409729004,79065934,0.0,0.0
2025-12-18 00:00:00+08:00,20.886266325481728,20.985725115959177,19.245202922169035,19.344661712646484,15301370,0.0,0.0
2025-12-19 00:00:00+08:00,19.593307991930164,19.742495231052747,19.09601593017578,19.09601593017578,9224540,0.0,0.0
2025-12-22 00:00:00+08:00,19.145744393412073,20.98572540283203,18.897098362328798,20.98572540283203,15994892,0.0,0.0
2025-12-23 00:00:00+08:00,20.886266449031616,23.074352264404297,20.737079210942266,23.074352264404297,24125502,0.0,0.0
2025-12-24 00:00:00+08:00,23.969478160812827,24.367311437532056,22.030038328405855,22.52733039855957,40285446,0.0,0.0
2025-12-26 00:00:00+08:00,22.378143156917197,23.521914538867,21.930579534971372,22.52733039855957,22755155,0.0,0.0
2025-12-29 00:00:00+08:00,22.726247139344906,22.974893165164833,21.433286666870117,21.433286666870117,12621592,0.0,0.0
2025-12-30 00:00:00+08:00,21.284100864048842,22.07976933846393,20.836539125645437,21.88085174560547,8781707,0.0,0.0
2025-12-31 00:00:00+08:00,21.880850326183232,21.98030911616052,21.284099483338142,21.38355827331543,6131916,0.0,0.0
2026-01-02 00:00:00+08:00,21.383558772859118,21.930579284985253,20.886266708374023,20.886266708374023,6510543,0.0,0.0
2026-01-05 00:00:00+08:00,20.93599609985578,20.93599609985578,19.444119839143433,19.99114227294922,8657625,0.0,0.0
2026-01-06 00:00:00+08:00,19.99114227294922,20.93599609985578,19.99114227294922,19.99114227294922,8531901,0.0,0.0
2026-01-07 00:00:00+08:00,20.190057803698945,21.980310440063477,20.090600904749873,21.980310440063477,12863537,0.0,0.0
2026-01-08 00:00:00+08:00,22.626789979225578,23.870020197864346,21.58247735437652,21.78139305114746,34004757,0.0,0.0
2026-01-09 00:00:00+08:00,21.880850228895078,22.328413833293563,20.98572491711673,21.483016967773438,12133537,0.0,0.0
2026-01-12 00:00:00+08:00,21.48301810699289,23.07435313288472,21.134913273669877,22.22895622253418,16795202,0.0,0.0
2026-01-13 00:00:00+08:00,22.42787096749046,23.820290241948705,21.930578911474985,23.173809051513672,42278940,0.0,0.0
2026-01-14 00:00:00+08:00,23.472186939662368,24.864604407053616,22.974894851521295,23.571645736694336,35528716,0.0,0.0
2026-01-15 00:00:00+08:00,23.37272653616761,23.422454982756257,22.378142428245585,23.27326774597168,12017673,0.0,0.0
2026-01-16 00:00:00+08:00,23.422455485656325,23.422455485656325,22.67651738869888,22.775976181030273,8522862,0.0,0.0
2026-01-19 00:00:00+08:00,22.626788844232973,23.621372969254203,22.477601604883525,22.87543487548828,9474625,0.0,0.0
2026-01-20 00:00:00+08:00,22.92516312929629,23.720831560803926,22.477601415028236,23.074352264404297,14356141,0.0,0.0
2026-01-21 00:00:00+08:00,23.32299890572548,23.720832183412025,22.37814321132857,22.477602005004883,11722880,0.0,0.0
2026-01-22 00:00:00+08:00,22.974894605704186,23.42245634203126,21.681934052160013,21.980310440063477,9191722,0.0,0.0
2026-01-23 00:00:00+08:00,22.22895626764577,22.8257071406936,21.333830906583398,22.17922592163086,9721520,0.0,0.0
2026-01-26 00:00:00+08:00,22.328414365534073,23.322998490555303,22.228955573628216,22.87543487548828,10705257,0.0,0.0
2026-01-27 00:00:00+08:00,22.97489464325615,23.77056121826172,21.48301839235664,23.77056121826172,14440957,0.0,0.0
2026-01-28 00:00:00+08:00,23.919747504424915,24.46676991268925,22.57706045009126,22.825706481933594,21968602,0.0,0.0
2026-01-29 00:00:00+08:00,22.82570719787932,22.82570719787932,21.880851488434867,22.129497528076172,5765940,0.0,0.0
2026-01-30 00:00:00+08:00,22.179224939482722,23.372726632727318,21.880850464680893,23.173809051513672,10987865,0.0,0.0
2026-02-02 00:00:00+08:00,23.273268872715423,23.919748194759432,22.079769023638498,22.17922592163086,24505499,0.0,0.0
2026-02-03 00:00:00+08:00,22.57706078096698,24.367311477661133,22.52733043565849,24.367311477661133,47556369,0.0,0.0
2026-02-04 00:00:00+08:00,25.262436290607695,26.80404281616211,25.162977499117304,26.80404281616211,36378888,0.0,0.0
2026-02-05 00:00:00+08:00,27.74889771115343,29.4396915435791,27.35106442617643,29.4396915435791,74129652,0.0,0.0
2026-02-06 00:00:00+08:00,28.842939821897293,28.842939821897293,26.505666732788086,26.505666732788086,31084396,0.0,0.0
2026-02-09 00:00:00+08:00,27.20187589720724,27.649437610294463,24.96406164071518,25.063520431518555,44941232,0.0,0.0
2026-02-10 00:00:00+08:00,25.26243709102252,25.26243709102252,23.571645170189477,24.11866569519043,20103426,0.0,0.0
2026-02-11 00:00:00+08:00,24.118666293574314,25.361896514892578,23.621374205047008,25.361896514892578,19147455,0.0,0.0
2026-02-23 00:00:00+08:00,25.660270303659846,27.89808464050293,24.715416499648445,27.89808464050293,39503446,0.0,0.0
2026-02-24 00:00:00+08:00,28.842939456056325,30.682920455932617,28.594293426262738,30.682920455932617,20728024,0.0,0.0
2026-02-25 00:00:00+08:00,32.02561104101187,33.71640488925252,31.37912981273125,32.8212776184082,85861108,0.0,0.0
2026-02-26 00:00:00+08:00,33.26884125383037,34.3131538737904,31.87642189785865,32.8212776184082,63912862,0.0,0.0
2026-03-02 00:00:00+08:00,30.881838050367982,36.1034049987793,30.633192005205537,36.1034049987793,66371846,0.0,0.0
2026-03-03 00:00:00+08:00,37.9931135258038,38.888236942844706,33.965048664026554,35.05908966064453,82413655,0.0,0.0
2026-03-04 00:00:00+08:00,33.96505027905786,35.1088197764468,31.578046798706055,31.578046798706055,29342157,0.0,0.0
2026-03-05 00:00:00+08:00,33.21911345613342,34.41261144863455,30.98129713211863,32.22452926635742,43813926,0.0,0.0
2026-03-06 00:00:00+08:00,31.727234651724178,34.114236280931934,31.677506202018943,32.8212776184082,38998900,0.0,0.0
2026-03-09 00:00:00+08:00,29.837523481340707,31.22994086439954,29.53914900533476,30.782379150390625,21574114,0.0,0.0
2026-03-10 00:00:00+08:00,31.528317638162765,32.37371262993117,29.141314211700735,30.384544372558594,30281286,0.0,0.0
2026-03-11 00:00:00+08:00,30.384545218671313,33.318569238806546,30.185629525606092,33.26884078979492,31879371,0.0,0.0
2026-03-12 00:00:00+08:00,32.92073516397055,34.0147800491467,32.0256116695947,32.22452926635742,30677520,0.0,0.0
2026-03-13 00:00:00+08:00,31.627776681334012,32.97046762266825,31.229943382245427,32.025611877441406,12786595,0.0,0.0
2026-03-16 00:00:00+08:00,31.22994258199292,31.627775870887216,29.986712368561523,30.98129653930664,18974017,0.0,0.0
2026-03-17 00:00:00+08:00,31.279672667307995,33.517487032781005,31.180213871661003,33.069923400878906,34574769,0.0,0.0
2026-03-18 00:00:00+08:00,33.418026081207316,34.263424889147615,32.02561054101219,33.31856918334961,32874458,0.0,0.0
2026-03-19 00:00:00+08:00,32.62236034276038,33.616944522686225,32.07533980260867,32.52290344238281,16574344,0.0,0.0
2026-03-20 00:00:00+08:00,32.821275979110816,33.0201935620341,30.43427446912467,30.633190155029297,19904919,0.0,0.0
2026-03-23 00:00:00+08:00,29.53914917161906,30.185628471283593,28.494834705682198,28.69375228881836,12614234,0.0,0.0
2026-03-24 00:00:00+08:00,29.389960449946027,30.036441655739992,27.699168557535213,28.29591941833496,11057999,0.0,0.0
2026-03-25 00:00:00+08:00,28.892669062285773,29.98671201667068,28.54456612422494,29.48941993713379,12432654,0.0,0.0
2026-03-26 00:00:00+08:00,30.036442580271643,31.03102674654529,29.290504455566406,29.290504455566406,12401357,0.0,0.0
2026-03-27 00:00:00+08:00,28.84294045592114,28.992127699565263,27.35106422544246,27.798627853393555,9297898,0.0,0.0
2026-03-30 00:00:00+08:00,26.953231238332172,27.549982116457585,26.654854850760096,27.50025177001953,6279538,0.0,0.0
2026-03-31 00:00:00+08:00,27.201876643338313,28.494835268191345,26.05810526027314,26.257020950317383,9914504,0.0,0.0
2026-04-01 00:00:00+08:00,27.400792287165462,27.649438322065397,26.306751251220703,26.306751251220703,4697651,0.0,0.0
2026-04-02 00:00:00+08:00,26.654853496297992,26.853771077904746,24.96406164071518,25.063520431518555,7309816,0.0,0.0
2026-04-07 00:00:00+08:00,26.0581062557936,26.107834705949802,25.16297897683173,25.31216812133789,4172119,0.0,0.0
2026-04-08 00:00:00+08:00,25.95864646674167,26.455938537380327,25.809459224953812,26.257020950317383,4093225,0.0,0.0
2026-04-09 00:00:00+08:00,26.207293386533433,26.207293386533433,25.16297886473636,25.411624908447266,5832275,0.0,0.0
2026-04-10 00:00:00+08:00,25.859188282669074,26.555397956779203,25.312167750881652,25.66027069091797,6075424,0.0,0.0
2026-04-13 00:00:00+08:00,25.71000089097007,26.207292970497466,25.41162450504239,25.809459686279297,5170666,0.0,0.0
2026-04-14 00:00:00+08:00,26.45593799445507,26.903499710633838,26.058104725512166,26.80404281616211,5910228,0.0,0.0
2026-04-15 00:00:00+08:00,27.30133597693633,29.4396915435791,27.10241838593846,29.4396915435791,21685366,0.0,0.0
2026-04-16 00:00:00+08:00,28.89266801870256,30.28508730872762,28.445106301496224,28.64402198791504,18239896,0.0,0.0
2026-04-17 00:00:00+08:00,28.842939571352524,28.89266801870256,27.848355448202437,28.64402198791504,18414872,0.0,0.0
2026-04-20 00:00:00+08:00,28.64402198791504,29.389960080277604,27.898083895552475,28.64402198791504,11093354,0.0,0.0
2026-04-21 00:00:00+08:00,29.091585558072023,29.191044349640105,28.047272989153825,28.69375228881836,7497910,0.0,0.0
2026-04-22 00:00:00+08:00,28.99212717508576,29.091585968055497,28.09700183239548,28.29591941833496,6288649,0.0,0.0
2026-04-23 00:00:00+08:00,28.842940398624968,28.842940398624968,26.406208468209506,27.848356246948242,10435038,0.0,0.0
2026-04-24 00:00:00+08:00,28.146730422973633,28.992127321971505,27.549981456169206,28.146730422973633,8470280,0.0,0.0
2026-04-27 00:00:00+08:00,28.2461901615252,28.544566551929368,26.654855103759253,27.251605987548828,5924668,0.0,0.0
2026-04-28 00:00:00+08:00,27.450522575471695,27.450522575471695,26.35647964477539,26.35647964477539,4105980,0.0,0.0
2026-04-29 00:00:00+08:00,26.157562058460176,27.251604989156476,25.859187576006043,26.35647964477539,5391768,0.0,0.0
2026-04-30 00:00:00+08:00,26.50566785706655,27.649439277735624,25.710001276692957,27.251605987548828,8178400,0.0,0.0
2026-05-04 00:00:00+08:00,27.351064479536905,28.09700260170609,26.85377239809078,27.54998207092285,7029948,0.0,0.0
2026-05-05 00:00:00+08:00,27.54998185964847,28.644022912825005,27.54998185964847,27.748897552490234,7956246,0.0,0.0
2026-05-06 00:00:00+08:00,28.097002752120687,28.594294836229018,27.152147033507358,27.400793075561523,5811900,0.0,0.0
2026-05-07 00:00:00+08:00,27.798627385923833,30.13589859008789,27.549981351692022,30.13589859008789,12945530,0.0,0.0
2026-05-08 00:00:00+08:00,30.83210888404438,31.080754923431837,28.743481773786016,29.53915023803711,19030572,0.0,0.0
2026-05-11 00:00:00+08:00,30.036442102956276,30.384545038005275,29.041857952487774,29.738065719604492,8422828,0.0,0.0
2026-05-12 00:00:00+08:00,29.837525034762077,30.58346316063113,29.240774154663086,29.240774154663086,6835432,0.0,0.0
2026-05-13 00:00:00+08:00,29.240774154663086,30.931567998773772,28.395377232607743,29.240774154663086,20824355,0.0,0.0
2026-05-14 00:00:00+08:00,29.191044965720415,29.489419449703224,28.04727358109471,28.097002029418945,6853368,0.0,0.0
2026-05-15 00:00:00+08:00,28.345648794174853,28.64402328583235,27.102418583904026,27.400793075561523,5063358,0.0,0.0
2026-05-18 00:00:00+08:00,27.400792773548023,27.74889760799077,26.85377224586566,27.699169158935547,3058051,0.0,0.0
2026-05-19 00:00:00+08:00,27.94781405143658,30.086169522384118,27.74889646934063,28.842939376831055,9937167,0.0,0.0
2026-05-20 00:00:00+08:00,28.992127321971505,29.041857667217673,27.549981456169206,28.146730422973633,4707124,0.0,0.0
2026-05-21 00:00:00+08:00,28.445106758660668,28.743481241593646,28.196460723876953,28.196460723876953,2889978,0.0,0.0
2026-05-22 00:00:00+08:00,28.544566375396556,29.240774154663086,28.345648783023975,29.240774154663086,4437984,0.0,0.0
2026-05-25 00:00:00+08:00,29.588877733474877,31.03102547425003,29.0915856707274,30.4840030670166,14606760,0.0,0.0
2026-05-26 00:00:00+08:00,30.53373439558693,31.8266930415942,29.38996109678965,29.53915023803711,14827594,0.0,0.0
2026-05-27 00:00:00+08:00,29.9369838884092,30.086171134465605,28.743482125920416,29.1910457611084,6768494,0.0,0.0
2026-05-28 00:00:00+08:00,29.24077344903589,31.031026046131174,29.19104500065215,29.936983108520508,15378315,0.0,0.0
2026-05-29 00:00:00+08:00,30.484003674204114,30.63319091659617,29.638606771290856,29.887252807617188,7941184,0.0,0.0
2026-06-01 00:00:00+08:00,30.434274673461914,31.528317592848133,29.837523817704096,30.434274673461914,12167602,0.0,0.0
2026-06-02 00:00:00+08:00,30.53373439558693,30.633191293726924,28.445107285328564,29.53915023803711,10788757,0.0,0.0
2026-06-03 00:00:00+08:00,29.539150532977423,31.627775767071405,29.141315348370235,31.08075523376465,15308943,0.0,0.0
2026-06-04 00:00:00+08:00,30.484003528008255,32.47317370609788,30.036441802978516,30.036441802978516,17255916,0.0,0.0
2026-06-05 00:00:00+08:00,30.036441391154,30.43427466250982,28.097001584893693,28.544565200805664,8566322,0.0,0.0
2026-06-08 00:00:00+08:00,25.71000099182129,26.406208767679377,25.71000099182129,25.71000099182129,6285832,0.0,0.0
2026-06-09 00:00:00+08:00,26.257020843006615,28.24618911743164,25.958646360650338,28.24618911743164,7288480,0.0,0.0
2026-06-10 00:00:00+08:00,27.94781553605148,31.03102684020996,27.898085189376438,31.03102684020996,20277551,0.0,0.0
2026-06-11 00:00:00+08:00,29.63860743211047,31.627775767071405,28.942399653085392,31.08075523376465,36200584,0.0,0.0
2026-06-12 00:00:00+08:00,32.0753395647823,33.616944273429446,30.73265055243417,30.931568145751953,31902131,0.0,0.0
2026-06-15 00:00:00+08:00,31.92614957776221,33.666671833740715,31.130483019550947,31.72723388671875,21766773,0.0,0.0
2026-06-16 00:00:00+08:00,31.97588075452603,32.07533764822343,28.892667727421713,28.942398071289062,16448994,0.0,0.0
2026-06-17 00:00:00+08:00,28.445105962438994,29.141313702134262,28.146729590839325,28.99212646484375,8323522,0.0,0.0
2026-06-18 00:00:00+08:00,28.99212717508576,29.19104476102524,28.29591941833496,28.29591941833496,10781762,0.0,0.0
2026-06-22 00:00:00+08:00,28.295919266204486,28.992127019212184,28.295919266204486,28.445106506347656,3924037,0.0,0.0
2026-06-23 00:00:00+08:00,28.693753584665075,28.693753584665075,27.351064580405076,27.450523376464844,5288270,0.0,0.0
2026-06-24 00:00:00+08:00,27.45052306471822,28.842940502685497,27.251605474857726,27.748897552490234,5345234,0.0,0.0
2026-06-25 00:00:00+08:00,28.047274302517355,28.097002752120687,27.30133617635486,27.400793075561523,4450126,0.0,0.0
2026-06-26 00:00:00+08:00,27.251605520113607,27.301335866170678,25.80945963079564,25.859188079833984,6700025,0.0,0.0
2026-06-29 00:00:00+08:00,26.25702110497126,27.6494385315571,26.0083750681874,26.107833862304688,5927871,0.0,0.0
2026-06-30 00:00:00+08:00,26.65485480670483,27.54998207092285,26.50566756167474,27.54998207092285,3865045,0.0,0.0
2026-07-01 00:00:00+08:00,27.74889679518191,28.29591920385986,26.605125427246094,26.605125427246094,4807403,0.0,0.0
2026-07-02 00:00:00+08:00,26.65485372360724,27.15214578484632,26.356479245671256,26.75431251525879,2637377,0.0,0.0
2026-07-03 00:00:00+08:00,26.75431222689414,27.500250310712854,26.75431222689414,27.052688598632812,2510454,0.0,0.0
2026-07-06 00:00:00+08:00,27.50025187178694,27.848356710066522,26.903500991453193,27.400793075561523,3951590,0.0,0.0
2026-07-07 00:00:00+08:00,27.500251394266396,27.649438637504627,25.859187924608452,26.00837516784668,3935500,0.0,0.0
2026-07-08 00:00:00+08:00,26.35647905558795,27.400791617850956,26.35647905558795,26.953229904174805,4274261,0.0,0.0
2026-07-09 00:00:00+08:00,27.351063269155997,27.649437746012055,26.754312418425226,26.853771209716797,2715592,0.0,0.0
2026-07-10 00:00:00+08:00,26.853771209716797,26.853771209716797,26.853771209716797,26.853771209716797,0,0.0,0.0
2026-07-13 00:00:00+08:00,27.152146400903742,27.25160519481192,26.157562255859375,26.157562255859375,2469196,0.0,0.0
2026-07-14 00:00:00+08:00,26.207292601322816,27.05268950401427,25.361895698631365,26.157562255859375,4788002,0.0,0.0
2026-07-15 00:00:00+08:00,26.40620789655464,27.15214599416374,26.207292208736757,26.555397033691406,2295625,0.0,0.0
2026-07-16 00:00:00+08:00,26.654854127229523,26.953230506702347,26.107833610390717,26.35647964477539,2061034,0.0,0.0
2026-07-17 00:00:00+08:00,26.207292970497466,26.30675176580669,25.063521566988204,25.809459686279297,5028450,0.0,0.0
2026-07-20 00:00:00+08:00,25.85918716430664,26.157561642010407,24.814874595324802,24.86460304260254,3714614,0.0,0.0
2026-07-21 00:00:00+08:00,25.01379131894446,26.207293073299386,25.01379131894446,25.71000099182129,3109727,0.0,0.0
2026-07-22 00:00:00+08:00,25.649999618530273,27.299999237060547,25.649999618530273,26.399999618530273,3976451,0.14,0.0
2026-07-23 00:00:00+08:00,26.600000381469727,26.75,25.299999237060547,25.350000381469727,2772606,0.0,0.0
2026-07-24 00:00:00+08:00,25.100000381469727,25.350000381469727,24.649999618530273,24.850000381469727,2070956,0.0,0.0
2026-07-27 00:00:00+08:00,24.850000381469727,24.850000381469727,23.100000381469727,23.5,5069089,0.0,0.0
2026-07-28 00:00:00+08:00,22.850000381469727,23.200000762939453,22.350000381469727,22.700000762939453,3455336,0.0,0.0
2026-07-29 00:00:00+08:00,23.100000381469727,23.100000381469727,20.600000381469727,21.149999618530273,6365301,0.0,0.0
2026-07-30 00:00:00+08:00,20.950000762939453,21.25,20.149999618530273,20.399999618530273,3405157,0.0,0.0
2026-07-31 00:00:00+08:00,21.299999237060547,22.25,21.299999237060547,21.899999618530273,3569158,0.0,0.0
2026-08-03 00:00:00+08:00,21.799999237060547,23.399999618530273,21.700000762939453,23.100000381469727,2762651,0.0,0.0
2026-08-04 00:00:00+08:00,23.100000381469727,23.75,23.0,23.700000762939453,2290584,0.0,0.0
2026-08-05 00:00:00+08:00,24.100000381469727,25.049999237060547,24.0,24.700000762939453,4845384,0.0,0.0
2026-08-06 00:00:00+08:00,24.299999237060547,24.350000381469727,23.399999618530273,23.75,3497358,0.0,0.0
2026-08-07 00:00:00+08:00,23.950000762939453,24.100000381469727,23.100000381469727,23.100000381469727,1633827,0.0,0.0
2026-08-10 00:00:00+08:00,23.549999237060547,24.149999618530273,23.450000762939453,24.100000381469727,2046658,0.0,0.0
2026-08-11 00:00:00+08:00,24.049999237060547,24.350000381469727,23.600000381469727,24.100000381469727,1539679,0.0,0.0
2026-08-12 00:00:00+08:00,24.450000762939453,24.450000762939453,24.149999618530273,24.299999237060547,1076113,0.0,0.0
2026-08-13 00:00:00+08:00,24.5,26.649999618530273,24.5,25.700000762939453,5861578,0.0,0.0
2026-08-14 00:00:00+08:00,25.600000381469727,25.700000762939453,24.899999618530273,25.200000762939453,1905424,0.0,0.0
2026-08-17 00:00:00+08:00,25.200000762939453,27.0,25.049999237060547,26.700000762939453,4543961,0.0,0.0
2026-08-18 00:00:00+08:00,26.700000762939453,27.049999237060547,25.299999237060547,25.299999237060547,3370571,0.0,0.0
2026-08-19 00:00:00+08:00,24.649999618530273,25.25,24.649999618530273,25.149999618530273,1430403,0.0,0.0
2026-08-20 00:00:00+08:00,25.200000762939453,25.5,24.950000762939453,24.950000762939453,1137080,0.0,0.0
2026-08-21 00:00:00+08:00,25.0,25.149999618530273,24.549999237060547,24.549999237060547,1342424,0.0,0.0
2026-08-24 00:00:00+08:00,24.649999618530273,25.0,24.25,24.549999237060547,2101291,0.0,0.0
2026-08-25 00:00:00+08:00,24.450000762939453,24.700000762939453,24.100000381469727,24.549999237060547,1872110,0.0,0.0
2026-08-26 00:00:00+08:00,24.600000381469727,25.200000762939453,24.399999618530273,24.399999618530273,2155939,0.0,0.0
2026-08-27 00:00:00+08:00,24.549999237060547,24.799999237060547,24.200000762939453,24.25,2230752,0.0,0.0
2026-08-28 00:00:00+08:00,24.549999237060547,25.100000381469727,24.399999618530273,24.399999618530273,2020480,0.0,0.0
