Date,Open,High,Low,Close,Volume,Dividends,Stock Splits
2023-07-19 00:00:00-04:00,49.099998474121094,49.900001525878906,47.060001373291016,47.529998779296875,6238100,0.0,0.0
2023-07-20 00:00:00-04:00,46.540000915527344,53.33000183105469,46.279998779296875,50.0,2534800,0.0,0.0
2023-07-21 00:00:00-04:00,51.20000076293945,54.20000076293945,50.61000061035156,52.560001373291016,1201100,0.0,0.0
2023-07-24 00:00:00-04:00,53.220001220703125,53.779998779296875,49.03200149536133,49.66999816894531,900200,0.0,0.0
2023-07-25 00:00:00-04:00,49.66999816894531,51.7400016784668,47.7599983215332,48.290000915527344,686000,0.0,0.0
2023-07-26 00:00:00-04:00,50.15999984741211,53.52000045776367,49.45100021362305,51.849998474121094,905700,0.0,0.0
2023-07-27 00:00:00-04:00,52.5,53.5,48.939998626708984,49.130001068115234,715100,0.0,0.0
2023-07-28 00:00:00-04:00,50.04999923706055,51.099998474121094,49.15999984741211,50.599998474121094,473600,0.0,0.0
2023-07-31 00:00:00-04:00,51.209999084472656,53.29999923706055,50.66999816894531,53.290000915527344,391100,0.0,0.0
2023-08-01 00:00:00-04:00,53.79999923706055,53.79999923706055,52.11000061035156,53.2599983215332,380500,0.0,0.0
2023-08-02 00:00:00-04:00,52.869998931884766,55.209999084472656,52.209999084472656,54.2599983215332,752400,0.0,0.0
2023-08-03 00:00:00-04:00,54.2599983215332,55.599998474121094,53.70000076293945,55.400001525878906,440500,0.0,0.0
2023-08-04 00:00:00-04:00,55.650001525878906,56.0,50.47999954223633,50.63999938964844,786200,0.0,0.0
2023-08-07 00:00:00-04:00,50.63999938964844,52.959999084472656,49.284000396728516,52.38999938964844,439800,0.0,0.0
2023-08-08 00:00:00-04:00,52.310001373291016,52.334999084472656,49.66999816894531,50.810001373291016,415300,0.0,0.0
2023-08-09 00:00:00-04:00,50.81999969482422,51.939998626708984,50.20000076293945,50.5,372400,0.0,0.0
2023-08-10 00:00:00-04:00,52.65999984741211,55.0,51.91999816894531,54.77000045776367,621000,0.0,0.0
2023-08-11 00:00:00-04:00,54.77000045776367,55.20000076293945,51.5099983215332,52.380001068115234,217800,0.0,0.0
2023-08-14 00:00:00-04:00,51.0,51.38199996948242,45.65999984741211,46.349998474121094,941400,0.0,0.0
2023-08-15 00:00:00-04:00,46.91999816894531,47.0,43.369998931884766,43.689998626708984,1465900,0.0,0.0
2023-08-16 00:00:00-04:00,43.59000015258789,44.439998626708984,42.560001373291016,43.95000076293945,706000,0.0,0.0
2023-08-17 00:00:00-04:00,44.0,45.66999816894531,43.720001220703125,45.310001373291016,544900,0.0,0.0
2023-08-18 00:00:00-04:00,44.150001525878906,46.33000183105469,43.54999923706055,45.2599983215332,399800,0.0,0.0
2023-08-21 00:00:00-04:00,44.97999954223633,45.790000915527344,44.06999969482422,45.61000061035156,786200,0.0,0.0
2023-08-22 00:00:00-04:00,45.61000061035156,46.09000015258789,43.15999984741211,43.279998779296875,628200,0.0,0.0
2023-08-23 00:00:00-04:00,43.0,44.41999816894531,42.599998474121094,43.7599983215332,618500,0.0,0.0
2023-08-24 00:00:00-04:00,43.9900016784668,44.45000076293945,40.25,41.08000183105469,817200,0.0,0.0
2023-08-25 00:00:00-04:00,40.709999084472656,41.970001220703125,40.09199905395508,41.619998931884766,556300,0.0,0.0
2023-08-28 00:00:00-04:00,41.849998474121094,43.04999923706055,41.689998626708984,42.93000030517578,496500,0.0,0.0
2023-08-29 00:00:00-04:00,42.5099983215332,42.83000183105469,41.599998474121094,41.9900016784668,645400,0.0,0.0
2023-08-30 00:00:00-04:00,41.849998474121094,43.97999954223633,41.79999923706055,42.72999954223633,575000,0.0,0.0
2023-08-31 00:00:00-04:00,42.22999954223633,42.650001525878906,41.029998779296875,41.59000015258789,342000,0.0,0.0
2023-09-01 00:00:00-04:00,41.83000183105469,42.70000076293945,41.33399963378906,41.970001220703125,190500,0.0,0.0
2023-09-05 00:00:00-04:00,41.900001525878906,41.90999984741211,38.75,39.709999084472656,553300,0.0,0.0
2023-09-06 00:00:00-04:00,39.38999938964844,40.34000015258789,38.470001220703125,39.529998779296875,301900,0.0,0.0
2023-09-07 00:00:00-04:00,38.959999084472656,39.47999954223633,36.06100082397461,36.650001525878906,1648700,0.0,0.0
2023-09-08 00:00:00-04:00,36.40999984741211,37.22999954223633,35.220001220703125,36.650001525878906,940700,0.0,0.0
2023-09-11 00:00:00-04:00,37.099998474121094,37.619998931884766,36.11000061035156,37.040000915527344,510500,0.0,0.0
2023-09-12 00:00:00-04:00,38.0,38.970001220703125,37.20000076293945,38.029998779296875,466400,0.0,0.0
2023-09-13 00:00:00-04:00,38.18000030517578,38.5,35.9900016784668,37.02000045776367,284700,0.0,0.0
2023-09-14 00:00:00-04:00,37.06999969482422,37.939998626708984,36.97999954223633,36.97999954223633,482300,0.0,0.0
2023-09-15 00:00:00-04:00,36.81999969482422,37.27000045776367,33.08000183105469,33.54999923706055,1050400,0.0,0.0
2023-09-18 00:00:00-04:00,33.06999969482422,33.4900016784668,32.29999923706055,32.70000076293945,880000,0.0,0.0
2023-09-19 00:00:00-04:00,32.349998474121094,32.540000915527344,31.56999969482422,32.2599983215332,743600,0.0,0.0
2023-09-20 00:00:00-04:00,32.29999923706055,32.790000915527344,30.780000686645508,30.850000381469727,573400,0.0,0.0
2023-09-21 00:00:00-04:00,30.389999389648438,30.493999481201172,27.3700008392334,27.93000030517578,919200,0.0,0.0
2023-09-22 00:00:00-04:00,27.93000030517578,28.125,26.40999984741211,26.56999969482422,888000,0.0,0.0
2023-09-25 00:00:00-04:00,26.725000381469727,27.690000534057617,25.844999313354492,26.18000030517578,560500,0.0,0.0
2023-09-26 00:00:00-04:00,26.190000534057617,27.739999771118164,25.805999755859375,27.1200008392334,648400,0.0,0.0
2023-09-27 00:00:00-04:00,27.25,28.709999084472656,27.25,27.579999923706055,662200,0.0,0.0
2023-09-28 00:00:00-04:00,27.479999542236328,28.700000762939453,26.690000534057617,28.34000015258789,541500,0.0,0.0
2023-09-29 00:00:00-04:00,28.469999313354492,30.6200008392334,27.600000381469727,28.350000381469727,660800,0.0,0.0
2023-10-02 00:00:00-04:00,28.350000381469727,29.5049991607666,27.829999923706055,28.079999923706055,849100,0.0,0.0
2023-10-03 00:00:00-04:00,31.34000015258789,31.610000610351562,28.003999710083008,29.56999969482422,2241500,0.0,0.0
2023-10-04 00:00:00-04:00,30.520000457763672,30.8799991607666,26.850000381469727,27.100000381469727,1717900,0.0,0.0
2023-10-05 00:00:00-04:00,27.100000381469727,27.354999542236328,25.049999237060547,25.920000076293945,1055600,0.0,0.0
2023-10-06 00:00:00-04:00,25.68000030517578,29.790000915527344,25.549999237060547,29.645000457763672,995800,0.0,0.0
2023-10-09 00:00:00-04:00,28.399999618530273,29.760000228881836,27.290000915527344,29.700000762939453,522400,0.0,0.0
2023-10-10 00:00:00-04:00,29.760000228881836,32.099998474121094,29.514999389648438,31.959999084472656,595000,0.0,0.0
2023-10-11 00:00:00-04:00,31.959999084472656,32.83000183105469,30.5049991607666,32.61000061035156,605100,0.0,0.0
2023-10-12 00:00:00-04:00,32.5,32.505001068115234,28.350000381469727,29.09000015258789,810800,0.0,0.0
2023-10-13 00:00:00-04:00,29.18000030517578,29.68000030517578,28.25,28.639999389648438,381600,0.0,0.0
2023-10-16 00:00:00-04:00,28.940000534057617,30.239999771118164,28.06999969482422,30.0,301500,0.0,0.0
2023-10-17 00:00:00-04:00,29.84000015258789,30.434999465942383,28.450000762939453,28.6200008392334,305500,0.0,0.0
2023-10-18 00:00:00-04:00,28.020000457763672,28.829999923706055,26.8700008392334,27.670000076293945,479900,0.0,0.0
2023-10-19 00:00:00-04:00,27.510000228881836,27.929000854492188,26.139999389648438,27.139999389648438,395400,0.0,0.0
2023-10-20 00:00:00-04:00,27.309999465942383,27.850000381469727,26.600000381469727,27.049999237060547,220700,0.0,0.0
2023-10-23 00:00:00-04:00,26.59000015258789,28.989999771118164,26.43000030517578,28.049999237060547,269300,0.0,0.0
2023-10-24 00:00:00-04:00,27.8799991607666,29.190000534057617,27.65999984741211,28.030000686645508,176400,0.0,0.0
2023-10-25 00:00:00-04:00,27.610000610351562,27.895000457763672,26.899999618530273,27.170000076293945,182100,0.0,0.0
2023-10-26 00:00:00-04:00,27.0,27.749000549316406,26.600000381469727,27.139999389648438,224700,0.0,0.0
2023-10-27 00:00:00-04:00,26.8799991607666,26.8799991607666,25.399999618530273,25.530000686645508,414600,0.0,0.0
2023-10-30 00:00:00-04:00,25.649999618530273,26.450000762939453,24.1200008392334,26.260000228881836,378300,0.0,0.0
2023-10-31 00:00:00-04:00,26.260000228881836,26.774999618530273,25.229999542236328,25.549999237060547,243300,0.0,0.0
2023-11-01 00:00:00-04:00,25.549999237060547,26.31999969482422,24.450000762939453,25.790000915527344,273400,0.0,0.0
2023-11-02 00:00:00-04:00,26.700000762939453,28.010000228881836,26.489999771118164,27.0,215100,0.0,0.0
2023-11-03 00:00:00-04:00,27.260000228881836,27.969999313354492,26.25,27.520000457763672,313300,0.0,0.0
2023-11-06 00:00:00-05:00,28.0,28.790000915527344,27.718000411987305,28.6299991607666,499000,0.0,0.0
2023-11-07 00:00:00-05:00,29.0,31.790000915527344,28.780000686645508,31.3799991607666,1198400,0.0,0.0
2023-11-08 00:00:00-05:00,33.52000045776367,34.29999923706055,29.158000946044922,29.760000228881836,929800,0.0,0.0
2023-11-09 00:00:00-05:00,29.760000228881836,30.15999984741211,27.639999389648438,28.139999389648438,559900,0.0,0.0
2023-11-10 00:00:00-05:00,28.3799991607666,28.718000411987305,27.520000457763672,28.389999389648438,212500,0.0,0.0
2023-11-13 00:00:00-05:00,28.389999389648438,30.594999313354492,27.829999923706055,30.09000015258789,450700,0.0,0.0
2023-11-14 00:00:00-05:00,30.399999618530273,32.38999938964844,30.229999542236328,31.739999771118164,394400,0.0,0.0
2023-11-15 00:00:00-05:00,32.5,35.400001525878906,32.13999938964844,35.209999084472656,1434600,0.0,0.0
2023-11-16 00:00:00-05:00,34.869998931884766,37.150001525878906,34.5,34.56999969482422,798600,0.0,0.0
2023-11-17 00:00:00-05:00,35.4900016784668,37.29999923706055,34.79999923706055,35.099998474121094,1091700,0.0,0.0
2023-11-20 00:00:00-05:00,34.970001220703125,37.380001068115234,34.970001220703125,36.02000045776367,321800,0.0,0.0
2023-11-21 00:00:00-05:00,35.619998931884766,36.55699920654297,35.275001525878906,36.099998474121094,219200,0.0,0.0
2023-11-22 00:00:00-05:00,36.43000030517578,37.12200164794922,33.529998779296875,34.029998779296875,431300,0.0,0.0
2023-11-24 00:00:00-05:00,34.0,35.439998626708984,33.95000076293945,34.380001068115234,123900,0.0,0.0
2023-11-27 00:00:00-05:00,34.2599983215332,35.08000183105469,33.645999908447266,34.459999084472656,164600,0.0,0.0
2023-11-28 00:00:00-05:00,34.849998474121094,35.027000427246094,33.709999084472656,34.47999954223633,188300,0.0,0.0
2023-11-29 00:00:00-05:00,34.79999923706055,35.4900016784668,32.54999923706055,32.970001220703125,317700,0.0,0.0
2023-11-30 00:00:00-05:00,33.20000076293945,34.380001068115234,31.90999984741211,34.08000183105469,1169600,0.0,0.0
2023-12-01 00:00:00-05:00,34.040000915527344,36.939998626708984,33.439998626708984,36.45000076293945,434300,0.0,0.0
2023-12-04 00:00:00-05:00,35.970001220703125,37.470001220703125,35.439998626708984,35.68000030517578,314800,0.0,0.0
2023-12-05 00:00:00-05:00,35.0099983215332,36.5,35.0,35.5099983215332,152600,0.0,0.0
2023-12-06 00:00:00-05:00,37.0,39.38999938964844,35.79199981689453,37.75,492800,0.0,0.0
2023-12-07 00:00:00-05:00,37.880001068115234,38.2400016784668,36.84000015258789,37.70000076293945,384100,0.0,0.0
2023-12-08 00:00:00-05:00,38.29999923706055,38.29999923706055,36.540000915527344,37.63999938964844,236000,0.0,0.0
2023-12-11 00:00:00-05:00,38.0,39.34000015258789,37.81999969482422,39.34000015258789,264600,0.0,0.0
2023-12-12 00:00:00-05:00,39.02000045776367,39.75,38.400001525878906,39.119998931884766,139300,0.0,0.0
2023-12-13 00:00:00-05:00,39.0,41.5,37.119998931884766,41.349998474121094,556700,0.0,0.0
2023-12-14 00:00:00-05:00,41.54999923706055,43.32899856567383,41.36899948120117,42.779998779296875,381400,0.0,0.0
2023-12-15 00:00:00-05:00,43.0099983215332,43.0099983215332,39.790000915527344,40.15999984741211,364100,0.0,0.0
2023-12-18 00:00:00-05:00,40.7400016784668,42.34199905395508,40.2400016784668,42.099998474121094,270800,0.0,0.0
2023-12-19 00:00:00-05:00,42.79999923706055,45.0,42.21099853515625,44.09000015258789,386700,0.0,0.0
2023-12-20 00:00:00-05:00,46.95000076293945,49.650001525878906,45.90999984741211,46.869998931884766,1175700,0.0,0.0
2023-12-21 00:00:00-05:00,47.93000030517578,48.75,45.869998931884766,47.099998474121094,418000,0.0,0.0
2023-12-22 00:00:00-05:00,47.939998626708984,48.84000015258789,46.599998474121094,47.20000076293945,587800,0.0,0.0
2023-12-26 00:00:00-05:00,47.689998626708984,50.36000061035156,47.65999984741211,47.73500061035156,392400,0.0,0.0
2023-12-27 00:00:00-05:00,48.150001525878906,49.02000045776367,46.61000061035156,48.650001525878906,346300,0.0,0.0
2023-12-28 00:00:00-05:00,48.40999984741211,49.459999084472656,46.95000076293945,47.2599983215332,314300,0.0,0.0
2023-12-29 00:00:00-05:00,47.16999816894531,47.85200119018555,45.54499816894531,46.529998779296875,510100,0.0,0.0
2024-01-02 00:00:00-05:00,47.9900016784668,47.9900016784668,43.79999923706055,44.88999938964844,653700,0.0,0.0
2024-01-03 00:00:00-05:00,43.38999938964844,44.0099983215332,40.44499969482422,41.41999816894531,513100,0.0,0.0
2024-01-04 00:00:00-05:00,41.86000061035156,44.2599983215332,41.0099983215332,43.439998626708984,700300,0.0,0.0
2024-01-05 00:00:00-05:00,43.25,44.400001525878906,42.29999923706055,42.70000076293945,384800,0.0,0.0
2024-01-08 00:00:00-05:00,42.22999954223633,45.619998931884766,42.22999954223633,44.849998474121094,392600,0.0,0.0
2024-01-09 00:00:00-05:00,44.4900016784668,45.970001220703125,43.75,44.470001220703125,488900,0.0,0.0
2024-01-10 00:00:00-05:00,43.970001220703125,45.29999923706055,41.86000061035156,44.349998474121094,402800,0.0,0.0
2024-01-11 00:00:00-05:00,44.0,44.400001525878906,42.43000030517578,43.619998931884766,748700,0.0,0.0
2024-01-12 00:00:00-05:00,43.369998931884766,45.15599822998047,41.61000061035156,43.02000045776367,911600,0.0,0.0
2024-01-16 00:00:00-05:00,40.61000061035156,43.86000061035156,40.599998474121094,43.77000045776367,896800,0.0,0.0
2024-01-17 00:00:00-05:00,43.41999816894531,43.41999816894531,42.060001373291016,42.70000076293945,280200,0.0,0.0
2024-01-18 00:00:00-05:00,42.02000045776367,43.154998779296875,41.880001068115234,42.630001068115234,456700,0.0,0.0
2024-01-19 00:00:00-05:00,42.20000076293945,43.68000030517578,40.37099838256836,43.0,401000,0.0,0.0
2024-01-22 00:00:00-05:00,43.5,45.30500030517578,42.86000061035156,44.900001525878906,761000,0.0,0.0
2024-01-23 00:00:00-05:00,45.11000061035156,46.790000915527344,43.599998474121094,43.599998474121094,532900,0.0,0.0
2024-01-24 00:00:00-05:00,44.06999969482422,44.194000244140625,41.29999923706055,43.09000015258789,596200,0.0,0.0
2024-01-25 00:00:00-05:00,43.13999938964844,44.77000045776367,41.95000076293945,42.43000030517578,388800,0.0,0.0
2024-01-26 00:00:00-05:00,42.72999954223633,43.65999984741211,42.0099983215332,42.34000015258789,261800,0.0,0.0
2024-01-29 00:00:00-05:00,42.38999938964844,43.810001373291016,41.04999923706055,43.45000076293945,204300,0.0,0.0
2024-01-30 00:00:00-05:00,43.25,43.56999969482422,41.33000183105469,41.849998474121094,332600,0.0,0.0
2024-01-31 00:00:00-05:00,41.5099983215332,42.63399887084961,41.060001373291016,41.29999923706055,316800,0.0,0.0
2024-02-01 00:00:00-05:00,41.5,42.73500061035156,40.15999984741211,41.939998626708984,670300,0.0,0.0
2024-02-02 00:00:00-05:00,41.43000030517578,42.099998474121094,40.8489990234375,41.619998931884766,444600,0.0,0.0
2024-02-05 00:00:00-05:00,40.91999816894531,41.86000061035156,40.75,41.70000076293945,466800,0.0,0.0
2024-02-06 00:00:00-05:00,41.25,44.08000183105469,41.25,44.060001373291016,692200,0.0,0.0
2024-02-07 00:00:00-05:00,44.060001373291016,44.4900016784668,42.650001525878906,43.75,484700,0.0,0.0
2024-02-08 00:00:00-05:00,44.150001525878906,45.96099853515625,43.814998626708984,44.810001373291016,460700,0.0,0.0
2024-02-09 00:00:00-05:00,44.84000015258789,45.810001373291016,43.0099983215332,45.63999938964844,634600,0.0,0.0
2024-02-12 00:00:00-05:00,46.9900016784668,47.25,43.43899917602539,43.66999816894531,671800,0.0,0.0
2024-02-13 00:00:00-05:00,41.27000045776367,44.064998626708984,40.5099983215332,43.220001220703125,335700,0.0,0.0
2024-02-14 00:00:00-05:00,44.31999969482422,44.31999969482422,42.810001373291016,43.11000061035156,199800,0.0,0.0
2024-02-15 00:00:00-05:00,43.18000030517578,44.375,42.25,42.84000015258789,322200,0.0,0.0
2024-02-16 00:00:00-05:00,42.5,42.60200119018555,39.7400016784668,39.84000015258789,566600,0.0,0.0
2024-02-20 00:00:00-05:00,39.630001068115234,40.439998626708984,37.650001525878906,39.880001068115234,639000,0.0,0.0
2024-02-21 00:00:00-05:00,39.209999084472656,40.20000076293945,38.45000076293945,38.70000076293945,526500,0.0,0.0
2024-02-22 00:00:00-05:00,39.20000076293945,40.38999938964844,38.06999969482422,39.369998931884766,600500,0.0,0.0
2024-02-23 00:00:00-05:00,39.369998931884766,40.82600021362305,38.41999816894531,38.970001220703125,350400,0.0,0.0
2024-02-26 00:00:00-05:00,38.400001525878906,40.125,38.400001525878906,40.040000915527344,532100,0.0,0.0
2024-02-27 00:00:00-05:00,39.130001068115234,41.279998779296875,38.79999923706055,40.150001525878906,915800,0.0,0.0
2024-02-28 00:00:00-05:00,39.41999816894531,42.040000915527344,39.22999954223633,41.099998474121094,580700,0.0,0.0
2024-02-29 00:00:00-05:00,41.84000015258789,42.279998779296875,40.0099983215332,42.18000030517578,699200,0.0,0.0
2024-03-01 00:00:00-05:00,41.209999084472656,44.790000915527344,41.209999084472656,44.27000045776367,912900,0.0,0.0
2024-03-04 00:00:00-05:00,42.560001373291016,46.5099983215332,42.5099983215332,46.400001525878906,1518300,0.0,0.0
2024-03-05 00:00:00-05:00,46.09000015258789,47.61000061035156,45.56999969482422,45.88999938964844,2102500,0.0,0.0
2024-03-06 00:00:00-05:00,41.5,45.09000015258789,41.08000183105469,43.810001373291016,3541100,0.0,0.0
2024-03-07 00:00:00-05:00,43.5,45.97999954223633,42.630001068115234,43.470001220703125,986800,0.0,0.0
2024-03-08 00:00:00-05:00,44.400001525878906,45.36000061035156,42.11000061035156,44.880001068115234,1047400,0.0,0.0
2024-03-11 00:00:00-04:00,45.0,46.34000015258789,43.4900016784668,45.36000061035156,930300,0.0,0.0
2024-03-12 00:00:00-04:00,44.09000015258789,47.779998779296875,44.0,46.119998931884766,852500,0.0,0.0
2024-03-13 00:00:00-04:00,43.13999938964844,47.25,43.0,47.040000915527344,1976900,0.0,0.0
2024-03-14 00:00:00-04:00,45.9900016784668,48.619998931884766,44.439998626708984,45.0,1851200,0.0,0.0
2024-03-15 00:00:00-04:00,44.18000030517578,46.0,43.5,44.43000030517578,3473100,0.0,0.0
2024-03-18 00:00:00-04:00,44.619998931884766,45.9900016784668,43.72999954223633,44.220001220703125,1004700,0.0,0.0
2024-03-19 00:00:00-04:00,43.900001525878906,44.779998779296875,42.75,44.08000183105469,1847100,0.0,0.0
2024-03-20 00:00:00-04:00,43.869998931884766,44.5,42.93000030517578,43.900001525878906,1679600,0.0,0.0
2024-03-21 00:00:00-04:00,43.25,44.68000030517578,43.0099983215332,44.29999923706055,1050900,0.0,0.0
2024-03-22 00:00:00-04:00,44.06999969482422,44.470001220703125,43.0099983215332,43.59000015258789,802400,0.0,0.0
2024-03-25 00:00:00-04:00,43.59000015258789,44.880001068115234,42.939998626708984,43.290000915527344,1022300,0.0,0.0
2024-03-26 00:00:00-04:00,43.849998474121094,44.400001525878906,41.66999816894531,41.779998779296875,1426800,0.0,0.0
2024-03-27 00:00:00-04:00,42.16999816894531,42.9900016784668,41.25,42.97999954223633,1465700,0.0,0.0
2024-03-28 00:00:00-04:00,43.0,43.57500076293945,41.63999938964844,43.45000076293945,1122300,0.0,0.0
2024-04-01 00:00:00-04:00,43.060001373291016,43.42499923706055,41.130001068115234,41.16999816894531,1363100,0.0,0.0
2024-04-02 00:00:00-04:00,40.90999984741211,40.90999984741211,38.58000183105469,40.130001068115234,1520900,0.0,0.0
2024-04-03 00:00:00-04:00,39.79999923706055,39.814998626708984,37.779998779296875,37.79999923706055,1473200,0.0,0.0
2024-04-04 00:00:00-04:00,39.43000030517578,39.880001068115234,36.31999969482422,36.369998931884766,1151300,0.0,0.0
2024-04-05 00:00:00-04:00,36.20000076293945,37.220001220703125,35.86000061035156,36.650001525878906,763900,0.0,0.0
2024-04-08 00:00:00-04:00,37.84000015258789,38.36000061035156,37.15999984741211,38.0,686900,0.0,0.0
2024-04-09 00:00:00-04:00,38.75,39.279998779296875,38.150001525878906,39.27000045776367,461500,0.0,0.0
2024-04-10 00:00:00-04:00,37.75,38.4900016784668,36.630001068115234,36.709999084472656,623600,0.0,0.0
2024-04-11 00:00:00-04:00,36.65999984741211,37.209999084472656,35.959999084472656,36.20000076293945,439300,0.0,0.0
2024-04-12 00:00:00-04:00,35.75,36.11000061035156,33.939998626708984,34.63999938964844,1023200,0.0,0.0
2024-04-15 00:00:00-04:00,35.099998474121094,35.099998474121094,32.75,32.900001525878906,769200,0.0,0.0
2024-04-16 00:00:00-04:00,32.95000076293945,35.13999938964844,32.58000183105469,35.0,1069400,0.0,0.0
2024-04-17 00:00:00-04:00,35.029998779296875,35.65999984741211,34.45000076293945,34.56999969482422,435900,0.0,0.0
2024-04-18 00:00:00-04:00,34.529998779296875,35.099998474121094,33.56999969482422,33.630001068115234,783900,0.0,0.0
2024-04-19 00:00:00-04:00,33.33000183105469,34.0,33.040000915527344,33.47999954223633,717100,0.0,0.0
2024-04-22 00:00:00-04:00,33.56999969482422,33.939998626708984,32.709999084472656,32.709999084472656,501000,0.0,0.0
2024-04-23 00:00:00-04:00,33.0099983215332,33.79999923706055,32.79499816894531,33.16999816894531,624200,0.0,0.0
2024-04-24 00:00:00-04:00,33.0,33.75,31.940000534057617,31.969999313354492,610100,0.0,0.0
2024-04-25 00:00:00-04:00,31.329999923706055,32.65999984741211,31.239999771118164,31.719999313354492,425200,0.0,0.0
2024-04-26 00:00:00-04:00,31.649999618530273,32.47999954223633,31.6200008392334,32.189998626708984,527400,0.0,0.0
2024-04-29 00:00:00-04:00,32.11000061035156,33.189998626708984,31.53499984741211,32.54999923706055,558700,0.0,0.0
2024-04-30 00:00:00-04:00,32.11000061035156,32.95000076293945,32.040000915527344,32.540000915527344,367900,0.0,0.0
2024-05-01 00:00:00-04:00,32.34000015258789,33.75,32.34000015258789,32.900001525878906,640600,0.0,0.0
2024-05-02 00:00:00-04:00,33.400001525878906,34.13999938964844,32.5,33.65999984741211,883500,0.0,0.0
2024-05-03 00:00:00-04:00,34.459999084472656,34.810001373291016,33.45000076293945,33.599998474121094,1211800,0.0,0.0
2024-05-06 00:00:00-04:00,33.650001525878906,34.099998474121094,32.29999923706055,32.310001373291016,1286600,0.0,0.0
2024-05-07 00:00:00-04:00,32.119998931884766,33.13999938964844,30.34000015258789,31.260000228881836,2213600,0.0,0.0
2024-05-08 00:00:00-04:00,35.439998626708984,37.11000061035156,34.5099983215332,36.4900016784668,2562300,0.0,0.0
2024-05-09 00:00:00-04:00,36.18000030517578,38.25,35.720001220703125,38.0099983215332,1037800,0.0,0.0
2024-05-10 00:00:00-04:00,38.11000061035156,38.25699996948242,36.09000015258789,37.18000030517578,775300,0.0,0.0
2024-05-13 00:00:00-04:00,36.380001068115234,39.16999816894531,36.380001068115234,39.11000061035156,877800,0.0,0.0
2024-05-14 00:00:00-04:00,39.439998626708984,43.45000076293945,39.334999084472656,43.29999923706055,1880100,0.0,0.0
2024-05-15 00:00:00-04:00,43.349998474121094,44.099998474121094,42.6349983215332,43.68000030517578,878000,0.0,0.0
2024-05-16 00:00:00-04:00,43.5099983215332,44.42499923706055,42.75,43.599998474121094,956300,0.0,0.0
2024-05-17 00:00:00-04:00,43.61000061035156,43.61000061035156,42.029998779296875,42.369998931884766,1172200,0.0,0.0
2024-05-20 00:00:00-04:00,42.88999938964844,42.88999938964844,40.459999084472656,40.9900016784668,877600,0.0,0.0
2024-05-21 00:00:00-04:00,33.529998779296875,38.22999954223633,33.52000045776367,37.970001220703125,5618700,0.0,0.0
2024-05-22 00:00:00-04:00,37.79999923706055,38.349998474121094,36.779998779296875,37.275001525878906,1241300,0.0,0.0
2024-05-23 00:00:00-04:00,37.5099983215332,38.05500030517578,36.0,36.66999816894531,753400,0.0,0.0
2024-05-24 00:00:00-04:00,36.66999816894531,37.52000045776367,36.43000030517578,36.68000030517578,567300,0.0,0.0
2024-05-28 00:00:00-04:00,37.060001373291016,37.09000015258789,35.77000045776367,36.33000183105469,620000,0.0,0.0
2024-05-29 00:00:00-04:00,36.0,36.58000183105469,35.5099983215332,36.11000061035156,363400,0.0,0.0
2024-05-30 00:00:00-04:00,36.209999084472656,36.58000183105469,35.849998474121094,36.15999984741211,362200,0.0,0.0
2024-05-31 00:00:00-04:00,36.220001220703125,36.52000045776367,35.34000015258789,35.90999984741211,528100,0.0,0.0
2024-06-03 00:00:00-04:00,36.38999938964844,36.45500183105469,35.4900016784668,36.27000045776367,360500,0.0,0.0
2024-06-04 00:00:00-04:00,35.9900016784668,36.029998779296875,34.939998626708984,35.130001068115234,815200,0.0,0.0
2024-06-05 00:00:00-04:00,35.5099983215332,36.5099983215332,35.02000045776367,36.5,364300,0.0,0.0
2024-06-06 00:00:00-04:00,36.439998626708984,37.04499816894531,36.0099983215332,36.7599983215332,539300,0.0,0.0
2024-06-07 00:00:00-04:00,40.93000030517578,46.11000061035156,40.880001068115234,44.310001373291016,3562300,0.0,0.0
2024-06-10 00:00:00-04:00,44.09000015258789,45.25,42.939998626708984,43.63999938964844,1118300,0.0,0.0
2024-06-11 00:00:00-04:00,43.209999084472656,45.040000915527344,43.209999084472656,43.790000915527344,795900,0.0,0.0
2024-06-12 00:00:00-04:00,44.900001525878906,45.0,42.13999938964844,42.29999923706055,788800,0.0,0.0
2024-06-13 00:00:00-04:00,42.599998474121094,43.119998931884766,40.709999084472656,40.90999984741211,595100,0.0,0.0
2024-06-14 00:00:00-04:00,40.630001068115234,40.86000061035156,39.400001525878906,39.7599983215332,623400,0.0,0.0
2024-06-17 00:00:00-04:00,39.9900016784668,40.25,38.040000915527344,38.119998931884766,759700,0.0,0.0
2024-06-18 00:00:00-04:00,38.0,39.78499984741211,37.77000045776367,38.959999084472656,771800,0.0,0.0
2024-06-20 00:00:00-04:00,39.130001068115234,40.665000915527344,38.9900016784668,39.970001220703125,583300,0.0,0.0
2024-06-21 00:00:00-04:00,39.84000015258789,40.02000045776367,38.7400016784668,39.43000030517578,462000,0.0,0.0
2024-06-24 00:00:00-04:00,39.59000015258789,39.630001068115234,37.529998779296875,39.060001373291016,854500,0.0,0.0
2024-06-25 00:00:00-04:00,38.970001220703125,39.709999084472656,38.06999969482422,38.59000015258789,339300,0.0,0.0
2024-06-26 00:00:00-04:00,38.310001373291016,39.16999816894531,38.18000030517578,38.720001220703125,370300,0.0,0.0
2024-06-27 00:00:00-04:00,37.95000076293945,39.20000076293945,37.7599983215332,39.09000015258789,483100,0.0,0.0
2024-06-28 00:00:00-04:00,39.13999938964844,39.599998474121094,38.2599983215332,39.2599983215332,537000,0.0,0.0
2024-07-01 00:00:00-04:00,39.68000030517578,40.27000045776367,38.650001525878906,39.16999816894531,728200,0.0,0.0
2024-07-02 00:00:00-04:00,38.959999084472656,40.970001220703125,38.70000076293945,40.91999816894531,446000,0.0,0.0
2024-07-03 00:00:00-04:00,40.880001068115234,42.43000030517578,40.4900016784668,40.72999954223633,317700,0.0,0.0
2024-07-05 00:00:00-04:00,40.720001220703125,41.40999984741211,40.20000076293945,41.16999816894531,296600,0.0,0.0
2024-07-08 00:00:00-04:00,41.34000015258789,41.900001525878906,39.63999938964844,40.40999984741211,346800,0.0,0.0
2024-07-09 00:00:00-04:00,40.540000915527344,40.619998931884766,39.20000076293945,40.459999084472656,338100,0.0,0.0
2024-07-10 00:00:00-04:00,40.5,40.5099983215332,39.11000061035156,39.95000076293945,321000,0.0,0.0
2024-07-11 00:00:00-04:00,40.75,41.404998779296875,39.439998626708984,41.13999938964844,415600,0.0,0.0
2024-07-12 00:00:00-04:00,41.0,42.70000076293945,41.0,42.119998931884766,370600,0.0,0.0
2024-07-15 00:00:00-04:00,42.36000061035156,43.189998626708984,41.722999572753906,43.08000183105469,292000,0.0,0.0
2024-07-16 00:00:00-04:00,42.41999816894531,44.400001525878906,42.21500015258789,44.2400016784668,284900,0.0,0.0
2024-07-17 00:00:00-04:00,43.11000061035156,44.439998626708984,42.849998474121094,43.18000030517578,344200,0.0,0.0
2024-07-18 00:00:00-04:00,42.61000061035156,43.709999084472656,39.93000030517578,40.02000045776367,336000,0.0,0.0
2024-07-19 00:00:00-04:00,39.09000015258789,40.689998626708984,39.08000183105469,40.119998931884766,454200,0.0,0.0
2024-07-22 00:00:00-04:00,40.68000030517578,40.68000030517578,38.849998474121094,39.45000076293945,359100,0.0,0.0
2024-07-23 00:00:00-04:00,39.439998626708984,40.5,39.19200134277344,39.66999816894531,252500,0.0,0.0
2024-07-24 00:00:00-04:00,39.52000045776367,39.790000915527344,38.61000061035156,39.099998474121094,203300,0.0,0.0
2024-07-25 00:00:00-04:00,38.72999954223633,41.810001373291016,38.310001373291016,41.15999984741211,278600,0.0,0.0
2024-07-26 00:00:00-04:00,41.56999969482422,42.47999954223633,41.209999084472656,41.599998474121094,578000,0.0,0.0
2024-07-29 00:00:00-04:00,41.65999984741211,41.91999816894531,40.0099983215332,40.119998931884766,251300,0.0,0.0
2024-07-30 00:00:00-04:00,39.779998779296875,40.060001373291016,38.849998474121094,39.540000915527344,199800,0.0,0.0
2024-07-31 00:00:00-04:00,39.70000076293945,40.810001373291016,39.60499954223633,40.44499969482422,361000,0.0,0.0
2024-08-01 00:00:00-04:00,40.41999816894531,40.66999816894531,38.93000030517578,39.61000061035156,459800,0.0,0.0
2024-08-02 00:00:00-04:00,38.38999938964844,38.869998931884766,37.369998931884766,38.4900016784668,248300,0.0,0.0
2024-08-05 00:00:00-04:00,35.650001525878906,38.279998779296875,35.650001525878906,38.02000045776367,361000,0.0,0.0
2024-08-06 00:00:00-04:00,38.36000061035156,41.790000915527344,38.08000183105469,41.130001068115234,532000,0.0,0.0
2024-08-07 00:00:00-04:00,41.9900016784668,42.29999923706055,40.084999084472656,40.70000076293945,1145100,0.0,0.0
2024-08-08 00:00:00-04:00,40.040000915527344,42.810001373291016,37.77000045776367,38.599998474121094,914100,0.0,0.0
2024-08-09 00:00:00-04:00,38.95000076293945,38.95000076293945,36.72999954223633,37.849998474121094,529100,0.0,0.0
2024-08-12 00:00:00-04:00,38.0,38.56999969482422,37.540000915527344,38.0099983215332,258700,0.0,0.0
2024-08-13 00:00:00-04:00,38.5099983215332,39.26499938964844,37.83000183105469,39.189998626708984,469800,0.0,0.0
2024-08-14 00:00:00-04:00,39.5,40.0099983215332,38.290000915527344,39.36000061035156,226100,0.0,0.0
2024-08-15 00:00:00-04:00,39.810001373291016,40.79999923706055,39.630001068115234,40.65999984741211,211300,0.0,0.0
2024-08-16 00:00:00-04:00,40.68000030517578,40.86000061035156,39.75,39.83000183105469,371400,0.0,0.0
2024-08-19 00:00:00-04:00,39.81999969482422,41.0,39.73899841308594,40.81999969482422,202100,0.0,0.0
2024-08-20 00:00:00-04:00,41.060001373291016,41.88999938964844,40.0,40.02000045776367,201300,0.0,0.0
2024-08-21 00:00:00-04:00,40.25,40.625,39.40999984741211,39.84000015258789,562800,0.0,0.0
2024-08-22 00:00:00-04:00,39.72999954223633,40.09000015258789,38.22999954223633,38.415000915527344,455000,0.0,0.0
2024-08-23 00:00:00-04:00,38.939998626708984,39.185001373291016,37.7599983215332,38.040000915527344,194100,0.0,0.0
2024-08-26 00:00:00-04:00,37.95000076293945,38.04999923706055,36.7599983215332,37.290000915527344,299100,0.0,0.0
2024-08-27 00:00:00-04:00,37.400001525878906,37.540000915527344,36.46500015258789,36.77000045776367,260500,0.0,0.0
2024-08-28 00:00:00-04:00,36.5,36.814998626708984,35.88999938964844,36.45000076293945,667500,0.0,0.0
2024-08-29 00:00:00-04:00,36.45000076293945,36.900001525878906,36.11000061035156,36.22999954223633,650600,0.0,0.0
2024-08-30 00:00:00-04:00,36.40999984741211,36.86000061035156,35.220001220703125,36.79999923706055,432900,0.0,0.0
2024-09-03 00:00:00-04:00,36.79999923706055,36.79999923706055,35.099998474121094,36.060001373291016,565300,0.0,0.0
2024-09-04 00:00:00-04:00,35.77000045776367,36.88999938964844,35.209999084472656,35.619998931884766,205800,0.0,0.0
2024-09-05 00:00:00-04:00,35.61000061035156,36.279998779296875,34.91999816894531,34.95000076293945,186900,0.0,0.0
2024-09-06 00:00:00-04:00,34.720001220703125,35.09000015258789,33.58000183105469,33.81999969482422,556400,0.0,0.0
2024-09-09 00:00:00-04:00,33.93000030517578,34.31999969482422,32.9900016784668,33.130001068115234,510200,0.0,0.0
2024-09-10 00:00:00-04:00,33.02000045776367,34.11000061035156,32.79999923706055,33.53499984741211,261300,0.0,0.0
2024-09-11 00:00:00-04:00,33.439998626708984,33.5,32.709999084472656,32.959999084472656,529300,0.0,0.0
2024-09-12 00:00:00-04:00,33.13999938964844,35.459999084472656,33.04999923706055,35.400001525878906,976900,0.0,0.0
2024-09-13 00:00:00-04:00,35.400001525878906,35.99700164794922,34.54999923706055,35.13999938964844,382900,0.0,0.0
2024-09-16 00:00:00-04:00,35.150001525878906,35.529998779296875,34.56999969482422,34.810001373291016,298500,0.0,0.0
2024-09-17 00:00:00-04:00,34.849998474121094,35.349998474121094,34.630001068115234,35.2599983215332,243200,0.0,0.0
2024-09-18 00:00:00-04:00,35.31999969482422,36.869998931884766,35.31999969482422,36.529998779296875,242900,0.0,0.0
2024-09-19 00:00:00-04:00,37.189998626708984,37.595001220703125,36.2599983215332,36.29999923706055,421800,0.0,0.0
2024-09-20 00:00:00-04:00,36.619998931884766,36.81999969482422,35.275001525878906,35.58000183105469,590400,0.0,0.0
2024-09-23 00:00:00-04:00,35.56999969482422,35.81999969482422,34.9900016784668,35.31999969482422,289400,0.0,0.0
2024-09-24 00:00:00-04:00,35.68000030517578,36.43000030517578,34.9900016784668,35.220001220703125,901700,0.0,0.0
2024-09-25 00:00:00-04:00,35.189998626708984,37.15999984741211,34.96500015258789,36.970001220703125,656000,0.0,0.0
2024-09-26 00:00:00-04:00,37.7400016784668,38.849998474121094,37.46500015258789,38.61000061035156,355500,0.0,0.0
2024-09-27 00:00:00-04:00,38.83000183105469,40.02000045776367,38.83000183105469,39.720001220703125,537300,0.0,0.0
2024-09-30 00:00:00-04:00,39.88999938964844,41.18000030517578,39.529998779296875,40.380001068115234,583000,0.0,0.0
2024-10-01 00:00:00-04:00,40.25,41.36000061035156,39.7400016784668,40.84000015258789,514100,0.0,0.0
2024-10-02 00:00:00-04:00,41.0099983215332,41.61000061035156,39.86000061035156,39.869998931884766,303600,0.0,0.0
2024-10-03 00:00:00-04:00,39.59000015258789,40.91999816894531,39.224998474121094,39.83000183105469,219800,0.0,0.0
2024-10-04 00:00:00-04:00,40.43000030517578,41.4379997253418,40.369998931884766,41.18000030517578,151800,0.0,0.0
2024-10-07 00:00:00-04:00,41.029998779296875,41.04999923706055,38.880001068115234,39.939998626708984,285000,0.0,0.0
2024-10-08 00:00:00-04:00,39.63999938964844,40.45000076293945,39.505001068115234,39.689998626708984,104000,0.0,0.0
2024-10-09 00:00:00-04:00,39.70000076293945,40.0099983215332,38.63999938964844,39.95000076293945,240800,0.0,0.0
2024-10-10 00:00:00-04:00,39.79999923706055,39.810001373291016,38.630001068115234,39.20500183105469,146000,0.0,0.0
2024-10-11 00:00:00-04:00,39.2599983215332,40.790000915527344,39.22999954223633,40.7599983215332,360700,0.0,0.0
2024-10-14 00:00:00-04:00,40.79999923706055,40.79999923706055,39.88999938964844,40.15999984741211,161200,0.0,0.0
2024-10-15 00:00:00-04:00,39.77000045776367,42.17499923706055,39.400001525878906,41.47999954223633,300900,0.0,0.0
2024-10-16 00:00:00-04:00,41.349998474121094,41.959999084472656,40.849998474121094,41.189998626708984,185500,0.0,0.0
2024-10-17 00:00:00-04:00,41.75,41.75,40.06999969482422,40.63999938964844,107600,0.0,0.0
2024-10-18 00:00:00-04:00,40.58000183105469,41.189998626708984,40.5,40.91999816894531,122400,0.0,0.0
2024-10-21 00:00:00-04:00,40.849998474121094,41.0,39.61000061035156,40.0,187900,0.0,0.0
2024-10-22 00:00:00-04:00,39.86000061035156,40.28499984741211,38.91999816894531,39.06999969482422,167900,0.0,0.0
2024-10-23 00:00:00-04:00,38.904998779296875,39.4109992980957,38.43000030517578,39.0099983215332,175900,0.0,0.0
2024-10-24 00:00:00-04:00,39.04999923706055,39.499000549316406,38.560001373291016,38.779998779296875,90300,0.0,0.0
2024-10-25 00:00:00-04:00,39.130001068115234,39.130001068115234,37.51499938964844,38.0,333500,0.0,0.0
2024-10-28 00:00:00-04:00,38.529998779296875,40.369998931884766,38.5,39.70000076293945,173600,0.0,0.0
2024-10-29 00:00:00-04:00,39.209999084472656,40.33000183105469,38.91999816894531,39.65999984741211,120900,0.0,0.0
2024-10-30 00:00:00-04:00,39.38999938964844,39.90999984741211,38.77000045776367,39.2400016784668,119200,0.0,0.0
2024-10-31 00:00:00-04:00,38.88999938964844,39.27000045776367,37.56999969482422,38.38999938964844,200100,0.0,0.0
2024-11-01 00:00:00-04:00,38.58000183105469,39.150001525878906,37.76499938964844,38.06999969482422,268100,0.0,0.0
2024-11-04 00:00:00-05:00,38.11000061035156,40.060001373291016,37.52000045776367,39.91999816894531,235400,0.0,0.0
2024-11-05 00:00:00-05:00,40.130001068115234,42.43000030517578,39.689998626708984,42.33000183105469,405900,0.0,0.0
2024-11-06 00:00:00-05:00,43.0,44.16999816894531,41.959999084472656,43.439998626708984,746500,0.0,0.0
2024-11-07 00:00:00-05:00,43.599998474121094,44.349998474121094,40.060001373291016,42.11000061035156,778800,0.0,0.0
2024-11-08 00:00:00-05:00,42.560001373291016,46.2400016784668,42.13999938964844,45.939998626708984,660500,0.0,0.0
2024-11-11 00:00:00-05:00,45.25,47.08000183105469,44.26599884033203,46.220001220703125,599700,0.0,0.0
2024-11-12 00:00:00-05:00,46.13999938964844,46.4900016784668,44.99300003051758,45.70000076293945,340300,0.0,0.0
2024-11-13 00:00:00-05:00,45.90999984741211,46.459999084472656,44.099998474121094,44.61000061035156,276300,0.0,0.0
2024-11-14 00:00:00-05:00,43.38999938964844,44.0,41.75,42.38999938964844,1061600,0.0,0.0
2024-11-15 00:00:00-05:00,42.38999938964844,42.560001373291016,39.470001220703125,39.75,576500,0.0,0.0
2024-11-18 00:00:00-05:00,39.75,40.619998931884766,39.369998931884766,39.709999084472656,359100,0.0,0.0
2024-11-19 00:00:00-05:00,39.560001373291016,40.65999984741211,38.84000015258789,40.5,243700,0.0,0.0
2024-11-20 00:00:00-05:00,40.779998779296875,40.779998779296875,39.810001373291016,40.310001373291016,197200,0.0,0.0
2024-11-21 00:00:00-05:00,40.72999954223633,43.349998474121094,40.290000915527344,43.119998931884766,542400,0.0,0.0
2024-11-22 00:00:00-05:00,43.27000045776367,45.689998626708984,43.27000045776367,45.560001373291016,746100,0.0,0.0
2024-11-25 00:00:00-05:00,45.86000061035156,48.150001525878906,45.619998931884766,48.04999923706055,1190800,0.0,0.0
2024-11-26 00:00:00-05:00,47.0,47.599998474121094,45.209999084472656,46.810001373291016,533800,0.0,0.0
2024-11-27 00:00:00-05:00,47.34000015258789,47.880001068115234,45.56999969482422,46.2599983215332,159000,0.0,0.0
2024-11-29 00:00:00-05:00,46.34000015258789,46.900001525878906,45.790000915527344,46.459999084472656,152000,0.0,0.0
2024-12-02 00:00:00-05:00,46.25,46.630001068115234,44.7400016784668,44.849998474121094,402400,0.0,0.0
2024-12-03 00:00:00-05:00,44.38999938964844,44.880001068115234,43.689998626708984,44.84000015258789,231900,0.0,0.0
2024-12-04 00:00:00-05:00,44.79999923706055,46.310001373291016,44.79999923706055,45.52000045776367,292600,0.0,0.0
2024-12-05 00:00:00-05:00,45.90999984741211,46.9900016784668,44.2599983215332,44.4900016784668,203500,0.0,0.0
2024-12-06 00:00:00-05:00,45.400001525878906,48.16999816894531,44.84000015258789,47.91999816894531,564000,0.0,0.0
2024-12-09 00:00:00-05:00,48.95000076293945,51.0,48.369998931884766,49.54999923706055,1120100,0.0,0.0
2024-12-10 00:00:00-05:00,50.150001525878906,50.150001525878906,48.15999984741211,48.689998626708984,480500,0.0,0.0
2024-12-11 00:00:00-05:00,49.25,49.5,47.25,47.5099983215332,235300,0.0,0.0
2024-12-12 00:00:00-05:00,47.5,50.630001068115234,47.15999984741211,49.95000076293945,772800,0.0,0.0
2024-12-13 00:00:00-05:00,49.65999984741211,50.720001220703125,46.31999969482422,49.45000076293945,596200,0.0,0.0
2024-12-16 00:00:00-05:00,49.45000076293945,50.18000030517578,49.0,49.7599983215332,408600,0.0,0.0
2024-12-17 00:00:00-05:00,49.709999084472656,49.84000015258789,48.20000076293945,48.38999938964844,705200,0.0,0.0
2024-12-18 00:00:00-05:00,48.72999954223633,49.89500045776367,45.70000076293945,46.31999969482422,399400,0.0,0.0
2024-12-19 00:00:00-05:00,46.4900016784668,46.93299865722656,44.2599983215332,45.619998931884766,352600,0.0,0.0
2024-12-20 00:00:00-05:00,45.11000061035156,45.75,42.880001068115234,43.7599983215332,512700,0.0,0.0
2024-12-23 00:00:00-05:00,44.81999969482422,45.099998474121094,43.43000030517578,44.58000183105469,370000,0.0,0.0
2024-12-24 00:00:00-05:00,44.91999816894531,44.91999816894531,43.470001220703125,44.66999816894531,150900,0.0,0.0
2024-12-26 00:00:00-05:00,44.040000915527344,44.72999954223633,43.27000045776367,43.47999954223633,391000,0.0,0.0
2024-12-27 00:00:00-05:00,42.220001220703125,43.650001525878906,41.939998626708984,43.54999923706055,259200,0.0,0.0
2024-12-30 00:00:00-05:00,42.56999969482422,43.2400016784668,41.61000061035156,42.880001068115234,188100,0.0,0.0
2024-12-31 00:00:00-05:00,43.29999923706055,43.349998474121094,41.15999984741211,42.02000045776367,269200,0.0,0.0
2025-01-02 00:00:00-05:00,43.209999084472656,43.2599983215332,42.099998474121094,42.13999938964844,342900,0.0,0.0
2025-01-03 00:00:00-05:00,42.11000061035156,42.83000183105469,41.279998779296875,42.630001068115234,225300,0.0,0.0
2025-01-06 00:00:00-05:00,43.279998779296875,44.5,41.93000030517578,43.470001220703125,425200,0.0,0.0
2025-01-07 00:00:00-05:00,44.630001068115234,45.529998779296875,42.72999954223633,43.41999816894531,536200,0.0,0.0
2025-01-08 00:00:00-05:00,43.0099983215332,43.470001220703125,41.5099983215332,43.36000061035156,437300,0.0,0.0
2025-01-10 00:00:00-05:00,42.40999984741211,44.22999954223633,41.86000061035156,44.189998626708984,451500,0.0,0.0
2025-01-13 00:00:00-05:00,44.369998931884766,44.369998931884766,42.3849983215332,43.16999816894531,517700,0.0,0.0
2025-01-14 00:00:00-05:00,43.540000915527344,44.27000045776367,41.689998626708984,43.2400016784668,503600,0.0,0.0
2025-01-15 00:00:00-05:00,43.959999084472656,43.959999084472656,42.58000183105469,43.40999984741211,422600,0.0,0.0
2025-01-16 00:00:00-05:00,43.11000061035156,44.22999954223633,42.83000183105469,43.84000015258789,375100,0.0,0.0
2025-01-17 00:00:00-05:00,44.630001068115234,45.119998931884766,43.70399856567383,44.869998931884766,297600,0.0,0.0
2025-01-21 00:00:00-05:00,45.47999954223633,45.5,44.27199935913086,45.060001373291016,251500,0.0,0.0
2025-01-22 00:00:00-05:00,45.0,45.38999938964844,44.06999969482422,44.47999954223633,635600,0.0,0.0
2025-01-23 00:00:00-05:00,44.04999923706055,44.4900016784668,43.119998931884766,44.06999969482422,624200,0.0,0.0
2025-01-24 00:00:00-05:00,44.40999984741211,46.47999954223633,43.45000076293945,44.310001373291016,342400,0.0,0.0
2025-01-27 00:00:00-05:00,43.63999938964844,45.93000030517578,43.349998474121094,44.119998931884766,412500,0.0,0.0
2025-01-28 00:00:00-05:00,43.619998931884766,45.22999954223633,43.130001068115234,44.56999969482422,255700,0.0,0.0
2025-01-29 00:00:00-05:00,44.56999969482422,45.689998626708984,43.83000183105469,45.5099983215332,216000,0.0,0.0
2025-01-30 00:00:00-05:00,46.0,46.96200180053711,45.27000045776367,46.869998931884766,323600,0.0,0.0
2025-01-31 00:00:00-05:00,48.31999969482422,48.5,46.720001220703125,47.720001220703125,452500,0.0,0.0
2025-02-03 00:00:00-05:00,45.90999984741211,48.45000076293945,45.8380012512207,47.43000030517578,462200,0.0,0.0
2025-02-04 00:00:00-05:00,47.41999816894531,49.189998626708984,47.1150016784668,48.40999984741211,421000,0.0,0.0
2025-02-05 00:00:00-05:00,48.40999984741211,48.40999984741211,46.869998931884766,47.75,362300,0.0,0.0
2025-02-06 00:00:00-05:00,47.849998474121094,47.9900016784668,45.75,46.79999923706055,427900,0.0,0.0
2025-02-07 00:00:00-05:00,46.400001525878906,46.720001220703125,40.84000015258789,42.61000061035156,1079600,0.0,0.0
2025-02-10 00:00:00-05:00,42.619998931884766,43.400001525878906,41.650001525878906,42.13999938964844,367400,0.0,0.0
2025-02-11 00:00:00-05:00,41.91999816894531,42.6870002746582,41.31999969482422,41.47999954223633,218000,0.0,0.0
2025-02-12 00:00:00-05:00,40.369998931884766,41.619998931884766,40.31999969482422,41.04999923706055,272300,0.0,0.0
2025-02-13 00:00:00-05:00,41.58000183105469,43.790000915527344,41.439998626708984,43.65999984741211,382200,0.0,0.0
2025-02-14 00:00:00-05:00,43.95000076293945,44.59400177001953,42.720001220703125,43.0,258700,0.0,0.0
2025-02-18 00:00:00-05:00,43.380001068115234,46.0,43.0,44.5,431500,0.0,0.0
2025-02-19 00:00:00-05:00,45.29999923706055,45.5,43.91999816894531,44.459999084472656,283000,0.0,0.0
2025-02-20 00:00:00-05:00,43.810001373291016,44.57500076293945,43.15999984741211,44.16999816894531,172300,0.0,0.0
2025-02-21 00:00:00-05:00,44.97999954223633,45.31999969482422,43.6349983215332,44.0,365200,0.0,0.0
2025-02-24 00:00:00-05:00,44.040000915527344,44.220001220703125,42.4900016784668,43.15999984741211,438700,0.0,0.0
2025-02-25 00:00:00-05:00,42.08000183105469,45.93000030517578,40.630001068115234,45.52000045776367,1665700,0.0,0.0
2025-02-26 00:00:00-05:00,46.310001373291016,48.0,42.810001373291016,45.349998474121094,1240000,0.0,0.0
2025-02-27 00:00:00-05:00,47.310001373291016,47.95000076293945,44.380001068115234,45.11000061035156,669300,0.0,0.0
2025-02-28 00:00:00-05:00,45.29999923706055,48.20000076293945,44.2400016784668,47.619998931884766,751600,0.0,0.0
2025-03-03 00:00:00-05:00,47.18000030517578,48.0,45.0099983215332,45.380001068115234,478000,0.0,0.0
2025-03-04 00:00:00-05:00,44.13999938964844,46.310001373291016,42.99399948120117,45.369998931884766,453800,0.0,0.0
2025-03-05 00:00:00-05:00,45.099998474121094,46.67499923706055,44.5620002746582,46.349998474121094,271200,0.0,0.0
2025-03-06 00:00:00-05:00,45.650001525878906,46.1349983215332,43.540000915527344,44.04999923706055,503500,0.0,0.0
2025-03-07 00:00:00-05:00,43.79999923706055,44.86000061035156,42.220001220703125,44.650001525878906,340200,0.0,0.0
2025-03-10 00:00:00-04:00,45.0,45.279998779296875,41.763999938964844,42.41999816894531,394100,0.0,0.0
2025-03-11 00:00:00-04:00,42.41999816894531,44.75,42.09000015258789,44.29999923706055,459000,0.0,0.0
2025-03-12 00:00:00-04:00,44.83000183105469,46.25,43.959999084472656,46.13999938964844,438600,0.0,0.0
2025-03-13 00:00:00-04:00,46.13999938964844,46.18199920654297,44.18000030517578,44.709999084472656,424600,0.0,0.0
2025-03-14 00:00:00-04:00,45.349998474121094,46.130001068115234,44.400001525878906,45.91999816894531,373200,0.0,0.0
2025-03-17 00:00:00-04:00,46.0,47.439998626708984,45.65999984741211,46.58000183105469,287600,0.0,0.0
2025-03-18 00:00:00-04:00,46.59000015258789,46.59000015258789,44.56999969482422,44.630001068115234,229900,0.0,0.0
2025-03-19 00:00:00-04:00,44.29999923706055,45.11000061035156,43.560001373291016,43.75,346400,0.0,0.0
2025-03-20 00:00:00-04:00,43.45000076293945,44.310001373291016,42.84000015258789,43.2400016784668,225500,0.0,0.0
2025-03-21 00:00:00-04:00,43.08000183105469,43.86000061035156,42.20000076293945,43.31999969482422,251800,0.0,0.0
2025-03-24 00:00:00-04:00,44.13999938964844,45.38999938964844,43.70000076293945,45.34000015258789,209500,0.0,0.0
2025-03-25 00:00:00-04:00,45.34000015258789,46.220001220703125,44.650001525878906,45.04999923706055,213700,0.0,0.0
2025-03-26 00:00:00-04:00,44.529998779296875,45.66400146484375,42.91999816894531,43.04999923706055,331600,0.0,0.0
2025-03-27 00:00:00-04:00,42.5099983215332,44.13999938964844,41.150001525878906,43.61000061035156,436800,0.0,0.0
2025-03-28 00:00:00-04:00,43.7599983215332,43.7599983215332,42.560001373291016,42.939998626708984,296700,0.0,0.0
2025-03-31 00:00:00-04:00,42.16999816894531,44.994998931884766,42.099998474121094,43.2599983215332,450600,0.0,0.0
2025-04-01 00:00:00-04:00,44.33000183105469,45.16999816894531,42.599998474121094,45.02000045776367,296300,0.0,0.0
2025-04-02 00:00:00-04:00,44.7599983215332,47.959999084472656,44.19499969482422,47.61000061035156,543500,0.0,0.0
2025-04-03 00:00:00-04:00,44.59000015258789,45.61000061035156,41.189998626708984,41.290000915527344,591500,0.0,0.0
2025-04-04 00:00:00-04:00,40.0,41.025001525878906,37.224998474121094,37.970001220703125,932200,0.0,0.0
2025-04-07 00:00:00-04:00,35.88999938964844,41.27000045776367,35.29999923706055,39.02000045776367,1377600,0.0,0.0
2025-04-08 00:00:00-04:00,40.83000183105469,40.89099884033203,37.220001220703125,37.869998931884766,695200,0.0,0.0
2025-04-09 00:00:00-04:00,37.5,44.720001220703125,37.00600051879883,42.79999923706055,541100,0.0,0.0
2025-04-10 00:00:00-04:00,41.869998931884766,42.279998779296875,39.63999938964844,41.650001525878906,410900,0.0,0.0
2025-04-11 00:00:00-04:00,41.040000915527344,41.80500030517578,39.880001068115234,41.58000183105469,279600,0.0,0.0
2025-04-14 00:00:00-04:00,42.75,43.13999938964844,41.119998931884766,41.58000183105469,324300,0.0,0.0
2025-04-15 00:00:00-04:00,41.5,42.119998931884766,40.349998474121094,41.08000183105469,408600,0.0,0.0
2025-04-16 00:00:00-04:00,40.779998779296875,41.814998626708984,40.0,40.45500183105469,356600,0.0,0.0
2025-04-17 00:00:00-04:00,41.619998931884766,42.119998931884766,40.650001525878906,41.95000076293945,310800,0.0,0.0
2025-04-21 00:00:00-04:00,41.5099983215332,42.4900016784668,39.54999923706055,40.79999923706055,400100,0.0,0.0
2025-04-22 00:00:00-04:00,39.65999984741211,42.654998779296875,39.65999984741211,41.529998779296875,196200,0.0,0.0
2025-04-23 00:00:00-04:00,43.0,43.900001525878906,42.09000015258789,42.650001525878906,335200,0.0,0.0
2025-04-24 00:00:00-04:00,42.5099983215332,44.34000015258789,42.18000030517578,43.900001525878906,307600,0.0,0.0
2025-04-25 00:00:00-04:00,43.97999954223633,44.68000030517578,43.35599899291992,44.25,419400,0.0,0.0
2025-04-28 00:00:00-04:00,44.2599983215332,45.93000030517578,44.2599983215332,45.060001373291016,439500,0.0,0.0
2025-04-29 00:00:00-04:00,45.0,47.20000076293945,44.68000030517578,47.130001068115234,627300,0.0,0.0
2025-04-30 00:00:00-04:00,51.220001220703125,62.073001861572266,49.224998474121094,61.439998626708984,6798500,0.0,0.0
2025-05-01 00:00:00-04:00,60.349998474121094,64.04499816894531,59.04999923706055,63.88999938964844,2601900,0.0,0.0
2025-05-02 00:00:00-04:00,62.369998931884766,65.41999816894531,61.0,63.2599983215332,2018300,0.0,0.0
2025-05-05 00:00:00-04:00,61.29999923706055,65.8949966430664,61.25,64.12999725341797,1269300,0.0,0.0
2025-05-06 00:00:00-04:00,63.099998474121094,67.23400115966797,62.56999969482422,65.66999816894531,1271100,0.0,0.0
2025-05-07 00:00:00-04:00,66.27999877929688,68.7750015258789,66.16999816894531,67.23999786376953,1576300,0.0,0.0
2025-05-08 00:00:00-04:00,68.0,69.95999908447266,67.24099731445312,67.73999786376953,1387600,0.0,0.0
2025-05-09 00:00:00-04:00,68.29000091552734,71.06999969482422,68.2300033569336,71.0,1222100,0.0,0.0
2025-05-12 00:00:00-04:00,72.75,73.0,69.83000183105469,70.08000183105469,1277200,0.0,0.0
2025-05-13 00:00:00-04:00,61.099998474121094,63.0099983215332,58.04999923706055,60.15999984741211,5776900,0.0,0.0
2025-05-14 00:00:00-04:00,61.599998474121094,62.7599983215332,59.38999938964844,62.2599983215332,2168100,0.0,0.0
2025-05-15 00:00:00-04:00,62.22999954223633,63.97200012207031,61.5,63.25,1222600,0.0,0.0
2025-05-16 00:00:00-04:00,63.650001525878906,65.1050033569336,62.79999923706055,63.0,1795500,0.0,0.0
2025-05-19 00:00:00-04:00,62.63999938964844,64.36000061035156,62.119998931884766,64.05000305175781,1012100,0.0,0.0
2025-05-20 00:00:00-04:00,63.68000030517578,65.44100189208984,63.68000030517578,64.51499938964844,1065900,0.0,0.0
2025-05-21 00:00:00-04:00,64.37000274658203,65.69999694824219,63.70000076293945,64.80999755859375,1079400,0.0,0.0
2025-05-22 00:00:00-04:00,65.43000030517578,69.88999938964844,64.4000015258789,68.58999633789062,1881700,0.0,0.0
2025-05-23 00:00:00-04:00,67.08999633789062,70.58899688720703,66.5,69.6500015258789,909600,0.0,0.0
2025-05-27 00:00:00-04:00,70.91999816894531,73.0,69.2699966430664,71.93000030517578,1380100,0.0,0.0
2025-05-28 00:00:00-04:00,71.55000305175781,73.66799926757812,71.5199966430664,72.22000122070312,698100,0.0,0.0
2025-05-29 00:00:00-04:00,72.58000183105469,73.32499694824219,71.98999786376953,72.31999969482422,592000,0.0,0.0
2025-05-30 00:00:00-04:00,72.31999969482422,74.5,71.6500015258789,74.43000030517578,1086900,0.0,0.0
2025-06-02 00:00:00-04:00,74.22000122070312,76.94000244140625,73.25,76.5199966430664,1267600,0.0,0.0
2025-06-03 00:00:00-04:00,77.44000244140625,79.18000030517578,76.7300033569336,77.26000213623047,932600,0.0,0.0
2025-06-04 00:00:00-04:00,77.05000305175781,77.83999633789062,75.93000030517578,77.2699966430664,552300,0.0,0.0
2025-06-05 00:00:00-04:00,77.93000030517578,78.27999877929688,76.58000183105469,77.08999633789062,1057100,0.0,0.0
2025-06-06 00:00:00-04:00,77.27999877929688,78.19999694824219,76.86000061035156,77.3499984741211,899100,0.0,0.0
2025-06-09 00:00:00-04:00,75.0,75.0,69.43000030517578,69.45999908447266,2797400,0.0,0.0
2025-06-10 00:00:00-04:00,69.83000183105469,71.4739990234375,69.12000274658203,71.19000244140625,3790500,0.0,0.0
2025-06-11 00:00:00-04:00,71.33999633789062,74.1500015258789,70.68000030517578,72.0199966430664,1171300,0.0,0.0
2025-06-12 00:00:00-04:00,71.7300033569336,74.5,71.1500015258789,73.98999786376953,1122300,0.0,0.0
2025-06-13 00:00:00-04:00,72.5,73.86000061035156,71.08000183105469,72.2750015258789,858700,0.0,0.0
2025-06-16 00:00:00-04:00,72.5999984741211,73.41000366210938,71.51000213623047,71.62000274658203,799100,0.0,0.0
2025-06-17 00:00:00-04:00,71.1500015258789,72.30500030517578,70.0,70.98999786376953,735500,0.0,0.0
2025-06-18 00:00:00-04:00,70.73999786376953,71.69000244140625,69.62999725341797,69.75,624900,0.0,0.0
2025-06-20 00:00:00-04:00,70.04000091552734,71.83000183105469,69.6520004272461,71.72000122070312,775300,0.0,0.0
2025-06-23 00:00:00-04:00,71.54000091552734,74.68000030517578,70.83999633789062,74.02999877929688,1075500,0.0,0.0
2025-06-24 00:00:00-04:00,75.43000030517578,75.91000366210938,73.5999984741211,73.77999877929688,877500,0.0,0.0
2025-06-25 00:00:00-04:00,74.37000274658203,74.6500015258789,70.52999877929688,70.61000061035156,1026300,0.0,0.0
2025-06-26 00:00:00-04:00,70.5999984741211,72.88999938964844,70.0199966430664,71.69000244140625,1070300,0.0,0.0
2025-06-27 00:00:00-04:00,73.56999969482422,76.36000061035156,73.0989990234375,74.97000122070312,1063200,0.0,0.0
2025-06-30 00:00:00-04:00,75.58000183105469,76.13999938964844,73.98600006103516,75.47000122070312,1309400,0.0,0.0
2025-07-01 00:00:00-04:00,75.87000274658203,77.8239974975586,72.95999908447266,74.23999786376953,833100,0.0,0.0
2025-07-02 00:00:00-04:00,74.23999786376953,75.88999938964844,74.05000305175781,75.11000061035156,461100,0.0,0.0
2025-07-03 00:00:00-04:00,74.9800033569336,76.48999786376953,73.5999984741211,75.95999908447266,323400,0.0,0.0
2025-07-07 00:00:00-04:00,74.95999908447266,77.83399963378906,74.11399841308594,76.01000213623047,736400,0.0,0.0
2025-07-08 00:00:00-04:00,76.30000305175781,76.83999633789062,73.0,73.87999725341797,598300,0.0,0.0
2025-07-09 00:00:00-04:00,76.48999786376953,76.79000091552734,74.23999786376953,75.7699966430664,825300,0.0,0.0
2025-07-10 00:00:00-04:00,75.7699966430664,76.1500015258789,73.04000091552734,73.19000244140625,511700,0.0,0.0
2025-07-11 00:00:00-04:00,73.25,73.91999816894531,71.05999755859375,71.16999816894531,605300,0.0,0.0
2025-07-14 00:00:00-04:00,71.36000061035156,74.1500015258789,70.69999694824219,71.26000213623047,1421300,0.0,0.0
2025-07-15 00:00:00-04:00,71.80000305175781,73.7300033569336,69.5,73.05999755859375,1461600,0.0,0.0
2025-07-16 00:00:00-04:00,73.54000091552734,75.0,71.70999908447266,74.01000213623047,1650700,0.0,0.0
2025-07-17 00:00:00-04:00,74.12999725341797,76.0,69.70999908447266,70.80999755859375,1193300,0.0,0.0
2025-07-18 00:00:00-04:00,71.11000061035156,71.12999725341797,67.62999725341797,69.62000274658203,965800,0.0,0.0
2025-07-21 00:00:00-04:00,70.41000366210938,71.9219970703125,69.11000061035156,70.2300033569336,1166600,0.0,0.0
2025-07-22 00:00:00-04:00,68.98999786376953,70.1500015258789,67.66000366210938,69.58999633789062,928000,0.0,0.0
2025-07-23 00:00:00-04:00,69.58999633789062,70.34500122070312,68.65499877929688,69.91999816894531,1147600,0.0,0.0
2025-07-24 00:00:00-04:00,69.48999786376953,69.94000244140625,67.87000274658203,69.43000030517578,962200,0.0,0.0
2025-07-25 00:00:00-04:00,69.5,69.76000213623047,67.83999633789062,67.88999938964844,619000,0.0,0.0
2025-07-28 00:00:00-04:00,67.01000213623047,69.0199966430664,65.68000030517578,68.43000030517578,826200,0.0,0.0
2025-07-29 00:00:00-04:00,69.05999755859375,70.20999908447266,68.11000061035156,69.69000244140625,567100,0.0,0.0
2025-07-30 00:00:00-04:00,68.0,70.58499908447266,67.7300033569336,69.48999786376953,826500,0.0,0.0
2025-07-31 00:00:00-04:00,70.13999938964844,71.11000061035156,69.12000274658203,70.06999969482422,749500,0.0,0.0
2025-08-01 00:00:00-04:00,68.93000030517578,71.7699966430664,66.93499755859375,71.69999694824219,2086600,0.0,0.0
2025-08-04 00:00:00-04:00,71.41999816894531,75.44999694824219,70.69999694824219,74.04000091552734,1806600,0.0,0.0
2025-08-05 00:00:00-04:00,65.52999877929688,67.05500030517578,57.189998626708984,57.720001220703125,5059100,0.0,0.0
2025-08-06 00:00:00-04:00,58.2599983215332,60.150001525878906,57.0,57.970001220703125,2033700,0.0,0.0
2025-08-07 00:00:00-04:00,58.34000015258789,58.93299865722656,56.13999938964844,57.7400016784668,1254900,0.0,0.0
2025-08-08 00:00:00-04:00,57.40999984741211,59.5099983215332,57.0,58.220001220703125,1596200,0.0,0.0
2025-08-11 00:00:00-04:00,59.33000183105469,59.45500183105469,57.5,58.5,1106600,0.0,0.0
2025-08-12 00:00:00-04:00,58.86000061035156,60.630001068115234,57.755001068115234,60.19499969482422,675400,0.0,0.0
2025-08-13 00:00:00-04:00,60.439998626708984,61.45199966430664,59.06999969482422,59.40999984741211,671500,0.0,0.0
2025-08-14 00:00:00-04:00,58.70000076293945,59.87200164794922,58.290000915527344,58.345001220703125,651100,0.0,0.0
2025-08-15 00:00:00-04:00,59.5,60.3849983215332,59.0,60.130001068115234,699000,0.0,0.0
2025-08-18 00:00:00-04:00,60.20000076293945,62.18000030517578,59.349998474121094,62.029998779296875,650300,0.0,0.0
2025-08-19 00:00:00-04:00,62.119998931884766,62.62699890136719,61.04999923706055,61.70000076293945,785600,0.0,0.0
2025-08-20 00:00:00-04:00,61.61000061035156,61.8650016784668,58.68000030517578,59.84000015258789,586300,0.0,0.0
2025-08-21 00:00:00-04:00,59.4900016784668,60.29999923706055,59.369998931884766,60.150001525878906,284600,0.0,0.0
2025-08-22 00:00:00-04:00,60.279998779296875,61.90999984741211,60.10499954223633,60.5099983215332,285000,0.0,0.0
2025-08-25 00:00:00-04:00,60.22999954223633,60.77000045776367,59.61000061035156,59.619998931884766,360300,0.0,0.0
2025-08-26 00:00:00-04:00,59.84000015258789,60.354000091552734,58.47999954223633,59.060001373291016,331200,0.0,0.0
2025-08-27 00:00:00-04:00,59.22999954223633,60.68000030517578,59.02000045776367,60.47999954223633,424600,0.0,0.0
2025-08-28 00:00:00-04:00,61.95000076293945,62.04999923706055,60.209999084472656,61.04999923706055,403100,0.0,0.0
2025-08-29 00:00:00-04:00,60.40999984741211,61.040000915527344,59.83000183105469,60.209999084472656,334600,0.0,0.0
2025-09-02 00:00:00-04:00,59.1150016784668,60.7599983215332,58.400001525878906,60.650001525878906,537500,0.0,0.0
2025-09-03 00:00:00-04:00,59.77000045776367,60.849998474121094,59.45000076293945,60.72999954223633,260700,0.0,0.0
2025-09-04 00:00:00-04:00,61.279998779296875,62.2599983215332,60.391998291015625,62.130001068115234,388400,0.0,0.0
2025-09-05 00:00:00-04:00,62.279998779296875,63.349998474121094,61.5,63.0,702000,0.0,0.0
2025-09-08 00:00:00-04:00,62.95000076293945,64.125,62.45000076293945,63.68000030517578,432900,0.0,0.0
2025-09-09 00:00:00-04:00,63.68000030517578,63.970001220703125,62.79999923706055,63.630001068115234,312200,0.0,0.0
2025-09-10 00:00:00-04:00,63.86000061035156,63.86000061035156,61.941001892089844,62.3650016784668,318800,0.0,0.0
2025-09-11 00:00:00-04:00,62.88999938964844,63.779998779296875,62.625,63.0,560200,0.0,0.0
2025-09-12 00:00:00-04:00,62.599998474121094,63.59000015258789,62.119998931884766,62.81999969482422,416900,0.0,0.0
2025-09-15 00:00:00-04:00,62.790000915527344,64.2300033569336,62.790000915527344,63.66999816894531,382000,0.0,0.0
2025-09-16 00:00:00-04:00,63.70000076293945,64.13999938964844,62.04999923706055,62.119998931884766,423400,0.0,0.0
2025-09-17 00:00:00-04:00,62.34000015258789,63.52000045776367,62.0,62.45000076293945,348900,0.0,0.0
2025-09-18 00:00:00-04:00,62.459999084472656,63.650001525878906,61.630001068115234,62.720001220703125,430000,0.0,0.0
2025-09-19 00:00:00-04:00,63.18000030517578,63.25,62.38800048828125,62.5099983215332,263800,0.0,0.0
2025-09-22 00:00:00-04:00,62.15999984741211,62.76499938964844,60.56999969482422,60.88999938964844,492700,0.0,0.0
2025-09-23 00:00:00-04:00,61.150001525878906,62.34000015258789,60.75,61.064998626708984,207400,0.0,0.0
2025-09-24 00:00:00-04:00,62.65999984741211,63.55500030517578,58.5,58.599998474121094,602800,0.0,0.0
2025-09-25 00:00:00-04:00,57.650001525878906,59.37900161743164,57.650001525878906,59.16999816894531,439600,0.0,0.0
2025-09-26 00:00:00-04:00,59.119998931884766,61.029998779296875,58.7599983215332,60.9900016784668,499500,0.0,0.0
2025-09-29 00:00:00-04:00,60.779998779296875,61.369998931884766,60.27000045776367,61.0,370400,0.0,0.0
2025-09-30 00:00:00-04:00,61.02000045776367,63.2400016784668,60.869998931884766,62.29999923706055,637200,0.0,0.0
2025-10-01 00:00:00-04:00,62.29999923706055,62.29999923706055,60.82600021362305,61.18000030517578,490000,0.0,0.0
2025-10-02 00:00:00-04:00,61.939998626708984,62.0,60.04999923706055,60.63999938964844,346700,0.0,0.0
2025-10-03 00:00:00-04:00,60.61000061035156,60.85499954223633,58.900001525878906,59.279998779296875,342900,0.0,0.0
2025-10-06 00:00:00-04:00,59.61000061035156,60.43000030517578,58.5,59.68000030517578,318800,0.0,0.0
2025-10-07 00:00:00-04:00,59.689998626708984,60.4900016784668,59.21500015258789,59.400001525878906,293500,0.0,0.0
2025-10-08 00:00:00-04:00,59.400001525878906,59.959999084472656,57.84000015258789,58.18000030517578,400700,0.0,0.0
2025-10-09 00:00:00-04:00,57.43000030517578,58.279998779296875,51.04499816894531,51.630001068115234,2718900,0.0,0.0
2025-10-10 00:00:00-04:00,51.869998931884766,52.2400016784668,49.70000076293945,50.380001068115234,1047700,0.0,0.0
2025-10-13 00:00:00-04:00,50.380001068115234,51.099998474121094,49.56999969482422,51.09000015258789,581500,0.0,0.0
2025-10-14 00:00:00-04:00,50.34000015258789,51.564998626708984,48.900001525878906,50.77000045776367,852500,0.0,0.0
2025-10-15 00:00:00-04:00,50.77000045776367,51.869998931884766,50.279998779296875,51.189998626708984,528000,0.0,0.0
2025-10-16 00:00:00-04:00,51.47999954223633,51.709999084472656,49.165000915527344,49.88999938964844,523900,0.0,0.0
2025-10-17 00:00:00-04:00,50.22999954223633,51.47999954223633,49.678001403808594,50.849998474121094,429100,0.0,0.0
2025-10-20 00:00:00-04:00,51.369998931884766,51.959999084472656,50.7400016784668,51.584999084472656,388000,0.0,0.0
2025-10-21 00:00:00-04:00,51.59000015258789,52.0,50.22999954223633,50.709999084472656,301100,0.0,0.0
2025-10-22 00:00:00-04:00,50.720001220703125,50.720001220703125,48.17499923706055,49.0099983215332,562400,0.0,0.0
2025-10-23 00:00:00-04:00,48.689998626708984,49.290000915527344,47.025001525878906,47.119998931884766,923000,0.0,0.0
2025-10-24 00:00:00-04:00,47.779998779296875,47.779998779296875,45.540000915527344,45.7400016784668,963400,0.0,0.0
2025-10-27 00:00:00-04:00,46.130001068115234,47.20100021362305,45.9900016784668,47.04999923706055,775500,0.0,0.0
2025-10-28 00:00:00-04:00,47.04999923706055,47.54499816894531,45.459999084472656,46.40999984741211,612500,0.0,0.0
2025-10-29 00:00:00-04:00,45.93000030517578,47.20500183105469,45.869998931884766,46.68000030517578,652300,0.0,0.0
2025-10-30 00:00:00-04:00,46.04999923706055,46.900001525878906,43.20000076293945,43.52000045776367,1053300,0.0,0.0
2025-10-31 00:00:00-04:00,43.790000915527344,45.66999816894531,43.52000045776367,45.25,920600,0.0,0.0
2025-11-03 00:00:00-05:00,45.56999969482422,46.08000183105469,42.5099983215332,43.880001068115234,1825700,0.0,0.0
2025-11-04 00:00:00-05:00,43.29999923706055,43.72999954223633,42.52000045776367,42.81999969482422,860400,0.0,0.0
2025-11-05 00:00:00-05:00,42.79999923706055,42.9900016784668,42.060001373291016,42.29999923706055,511700,0.0,0.0
2025-11-06 00:00:00-05:00,42.0099983215332,42.5,39.404998779296875,39.959999084472656,1215400,0.0,0.0
2025-11-07 00:00:00-05:00,39.5,40.007999420166016,38.2599983215332,38.970001220703125,933700,0.0,0.0
2025-11-10 00:00:00-05:00,40.54499816894531,41.05500030517578,38.869998931884766,39.5099983215332,1324500,0.0,0.0
2025-11-11 00:00:00-05:00,39.5,40.6349983215332,38.599998474121094,39.900001525878906,1727000,0.0,0.0
2025-11-12 00:00:00-05:00,39.959999084472656,40.900001525878906,39.45000076293945,40.2599983215332,1037200,0.0,0.0
2025-11-13 00:00:00-05:00,40.619998931884766,40.7400016784668,39.06999969482422,40.5099983215332,830900,0.0,0.0
2025-11-14 00:00:00-05:00,39.650001525878906,40.87799835205078,38.4900016784668,38.72999954223633,1052300,0.0,0.0
2025-11-17 00:00:00-05:00,38.709999084472656,39.400001525878906,37.16999816894531,37.20000076293945,962400,0.0,0.0
2025-11-18 00:00:00-05:00,37.0,38.0,36.36000061035156,36.58000183105469,935300,0.0,0.0
2025-11-19 00:00:00-05:00,37.0,37.209999084472656,35.7599983215332,37.15999984741211,1870100,0.0,0.0
2025-11-20 00:00:00-05:00,42.650001525878906,45.0,39.15999984741211,39.56999969482422,2609900,0.0,0.0
2025-11-21 00:00:00-05:00,39.439998626708984,39.81999969482422,37.029998779296875,37.70000076293945,2128200,0.0,0.0
2025-11-24 00:00:00-05:00,38.68000030517578,41.939998626708984,38.61600112915039,41.77000045776367,1580600,0.0,0.0
2025-11-25 00:00:00-05:00,41.75,43.689998626708984,41.150001525878906,41.290000915527344,1150700,0.0,0.0
2025-11-26 00:00:00-05:00,41.34000015258789,44.369998931884766,41.290000915527344,43.040000915527344,1613400,0.0,0.0
2025-11-28 00:00:00-05:00,43.22999954223633,43.75199890136719,42.255001068115234,43.2599983215332,401100,0.0,0.0
2025-12-01 00:00:00-05:00,42.06999969482422,42.7599983215332,41.36000061035156,42.349998474121094,810600,0.0,0.0
2025-12-02 00:00:00-05:00,42.40999984741211,43.189998626708984,41.9900016784668,43.13999938964844,984800,0.0,0.0
2025-12-03 00:00:00-05:00,43.0099983215332,44.79999923706055,42.5099983215332,44.369998931884766,779400,0.0,0.0
2025-12-04 00:00:00-05:00,43.93000030517578,45.2400016784668,43.86000061035156,44.97999954223633,671200,0.0,0.0
2025-12-05 00:00:00-05:00,44.81999969482422,46.45000076293945,44.375,45.290000915527344,931300,0.0,0.0
2025-12-08 00:00:00-05:00,45.25,45.64899826049805,42.7599983215332,42.970001220703125,747000,0.0,0.0
2025-12-09 00:00:00-05:00,42.619998931884766,44.55699920654297,42.619998931884766,44.349998474121094,672800,0.0,0.0
2025-12-10 00:00:00-05:00,44.61000061035156,45.470001220703125,44.09000015258789,44.77000045776367,682100,0.0,0.0
2025-12-11 00:00:00-05:00,44.52000045776367,44.88999938964844,43.349998474121094,44.439998626708984,1196400,0.0,0.0
2025-12-12 00:00:00-05:00,44.09000015258789,45.20000076293945,43.2400016784668,43.81999969482422,684600,0.0,0.0
2025-12-15 00:00:00-05:00,44.0,44.439998626708984,41.93000030517578,42.279998779296875,656100,0.0,0.0
2025-12-16 00:00:00-05:00,42.279998779296875,43.13999938964844,42.04999923706055,42.2400016784668,932600,0.0,0.0
2025-12-17 00:00:00-05:00,42.459999084472656,42.93000030517578,41.529998779296875,41.619998931884766,887300,0.0,0.0
2025-12-18 00:00:00-05:00,42.47999954223633,43.08000183105469,41.900001525878906,42.400001525878906,519200,0.0,0.0
2025-12-19 00:00:00-05:00,43.810001373291016,44.09000015258789,41.415000915527344,41.779998779296875,742000,0.0,0.0
2025-12-22 00:00:00-05:00,41.779998779296875,42.81999969482422,41.400001525878906,42.349998474121094,631500,0.0,0.0
2025-12-23 00:00:00-05:00,42.02000045776367,42.4900016784668,41.36000061035156,41.79999923706055,496500,0.0,0.0
2025-12-24 00:00:00-05:00,41.75,42.435001373291016,41.494998931884766,42.13999938964844,167300,0.0,0.0
2025-12-26 00:00:00-05:00,41.9900016784668,42.439998626708984,41.650001525878906,41.91999816894531,256500,0.0,0.0
2025-12-29 00:00:00-05:00,41.59000015258789,41.970001220703125,41.4900016784668,41.5,398400,0.0,0.0
2025-12-30 00:00:00-05:00,41.4900016784668,41.70000076293945,40.630001068115234,40.70000076293945,454200,0.0,0.0
2025-12-31 00:00:00-05:00,40.66999816894531,41.189998626708984,40.150001525878906,40.18000030517578,526300,0.0,0.0
2026-01-02 00:00:00-05:00,40.130001068115234,40.619998931884766,39.369998931884766,39.45000076293945,667300,0.0,0.0
2026-01-05 00:00:00-05:00,39.18000030517578,39.630001068115234,38.5099983215332,38.56999969482422,874700,0.0,0.0
2026-01-06 00:00:00-05:00,38.380001068115234,39.529998779296875,37.790000915527344,39.33000183105469,806600,0.0,0.0
2026-01-07 00:00:00-05:00,39.33000183105469,39.52000045776367,37.5,38.0,771700,0.0,0.0
2026-01-08 00:00:00-05:00,37.43000030517578,38.599998474121094,36.709999084472656,38.5099983215332,1027000,0.0,0.0
2026-01-09 00:00:00-05:00,38.959999084472656,38.970001220703125,35.31999969482422,35.41999816894531,1818900,0.0,0.0
2026-01-12 00:00:00-05:00,35.29999923706055,35.84199905395508,34.75,35.09000015258789,1499700,0.0,0.0
2026-01-13 00:00:00-05:00,35.459999084472656,35.8489990234375,33.36000061035156,33.810001373291016,1997400,0.0,0.0
2026-01-14 00:00:00-05:00,33.68000030517578,34.150001525878906,33.060001373291016,33.79999923706055,886600,0.0,0.0
2026-01-15 00:00:00-05:00,33.869998931884766,35.38999938964844,33.332000732421875,35.34000015258789,946000,0.0,0.0
2026-01-16 00:00:00-05:00,35.29999923706055,35.619998931884766,34.63999938964844,35.400001525878906,683800,0.0,0.0
2026-01-20 00:00:00-05:00,34.650001525878906,35.68000030517578,34.209999084472656,35.40999984741211,1513900,0.0,0.0
2026-01-21 00:00:00-05:00,35.5,35.67499923706055,33.90999984741211,34.20000076293945,900900,0.0,0.0
2026-01-22 00:00:00-05:00,34.810001373291016,35.439998626708984,34.5,35.040000915527344,662400,0.0,0.0
2026-01-23 00:00:00-05:00,34.900001525878906,35.87799835205078,34.68000030517578,35.41999816894531,598100,0.0,0.0
2026-01-26 00:00:00-05:00,35.36000061035156,36.650001525878906,35.0,36.310001373291016,784700,0.0,0.0
2026-01-27 00:00:00-05:00,36.189998626708984,36.54999923706055,33.900001525878906,34.720001220703125,809200,0.0,0.0
2026-01-28 00:00:00-05:00,34.720001220703125,34.81999969482422,33.439998626708984,33.470001220703125,417500,0.0,0.0
2026-01-29 00:00:00-05:00,33.4900016784668,34.18000030517578,32.79399871826172,33.630001068115234,543200,0.0,0.0
2026-01-30 00:00:00-05:00,33.65999984741211,34.0099983215332,32.75,32.84000015258789,540500,0.0,0.0
2026-02-02 00:00:00-05:00,32.72999954223633,33.540000915527344,32.150001525878906,32.93000030517578,945200,0.0,0.0
2026-02-03 00:00:00-05:00,33.0,33.04999923706055,30.655000686645508,31.6200008392334,722500,0.0,0.0
2026-02-04 00:00:00-05:00,31.850000381469727,32.099998474121094,30.374000549316406,30.510000228881836,1475800,0.0,0.0
2026-02-05 00:00:00-05:00,30.510000228881836,30.90999984741211,28.15999984741211,28.770000457763672,1266200,0.0,0.0
2026-02-06 00:00:00-05:00,29.149999618530273,30.256000518798828,28.989999771118164,30.06999969482422,720000,0.0,0.0
2026-02-09 00:00:00-05:00,30.059999465942383,30.53499984741211,29.2549991607666,29.700000762939453,735200,0.0,0.0
2026-02-10 00:00:00-05:00,29.899999618530273,31.424999237060547,29.719999313354492,30.31999969482422,1419000,0.0,0.0
2026-02-11 00:00:00-05:00,30.040000915527344,30.170000076293945,28.520000457763672,29.170000076293945,1115700,0.0,0.0
2026-02-12 00:00:00-05:00,29.010000228881836,29.229999542236328,27.09000015258789,27.610000610351562,1989900,0.0,0.0
2026-02-13 00:00:00-05:00,27.8700008392334,28.969999313354492,27.795000076293945,28.079999923706055,1776200,0.0,0.0
2026-02-17 00:00:00-05:00,28.049999237060547,28.59000015258789,27.6299991607666,28.079999923706055,1037100,0.0,0.0
2026-02-18 00:00:00-05:00,28.079999923706055,30.290000915527344,27.760000228881836,29.979999542236328,1098000,0.0,0.0
2026-02-19 00:00:00-05:00,29.860000610351562,31.719999313354492,29.860000610351562,30.59000015258789,2020500,0.0,0.0
2026-02-20 00:00:00-05:00,30.770000457763672,32.29999923706055,30.760000228881836,32.0,1530900,0.0,0.0
2026-02-23 00:00:00-05:00,32.650001525878906,32.720001220703125,29.80500030517578,29.899999618530273,1663400,0.0,0.0
2026-02-24 00:00:00-05:00,29.65999984741211,29.920000076293945,28.1200008392334,29.020000457763672,2432600,0.0,0.0
2026-02-25 00:00:00-05:00,16.0,16.260000228881836,13.09000015258789,14.739999771118164,24094300,0.0,0.0
2026-02-26 00:00:00-05:00,13.670000076293945,14.5,12.949999809265137,13.765000343322754,11148800,0.0,0.0
2026-02-27 00:00:00-05:00,13.6899995803833,14.079999923706055,11.609999656677246,11.770000457763672,7387200,0.0,0.0
2026-03-02 00:00:00-05:00,11.289999961853027,12.718999862670898,10.800000190734863,12.3100004196167,6125400,0.0,0.0
2026-03-03 00:00:00-05:00,12.0,12.819999694824219,11.630000114440918,12.350000381469727,2902500,0.0,0.0
2026-03-04 00:00:00-05:00,12.520000457763672,13.199999809265137,12.479999542236328,13.0,2993300,0.0,0.0
2026-03-05 00:00:00-05:00,12.859999656677246,14.039999961853027,12.614999771118164,13.930000305175781,4846000,0.0,0.0
2026-03-06 00:00:00-05:00,13.609999656677246,14.510000228881836,13.333000183105469,14.1899995803833,3910700,0.0,0.0
2026-03-09 00:00:00-04:00,13.979999542236328,14.149999618530273,13.279999732971191,13.989999771118164,4232300,0.0,0.0
2026-03-10 00:00:00-04:00,14.0,14.149999618530273,12.100000381469727,12.104999542236328,2576200,0.0,0.0
2026-03-11 00:00:00-04:00,12.380000114440918,12.859999656677246,12.149999618530273,12.545000076293945,1610800,0.0,0.0
2026-03-12 00:00:00-04:00,13.619999885559082,14.59000015258789,13.34000015258789,13.399999618530273,3316700,0.0,0.0
2026-03-13 00:00:00-04:00,13.5,14.055000305175781,13.5,13.619999885559082,1938900,0.0,0.0
2026-03-16 00:00:00-04:00,13.579999923706055,14.270000457763672,13.569999694824219,13.949999809265137,1723200,0.0,0.0
2026-03-17 00:00:00-04:00,13.949999809265137,14.699999809265137,13.84000015258789,14.279999732971191,1430500,0.0,0.0
2026-03-18 00:00:00-04:00,14.109999656677246,14.800000190734863,14.069999694824219,14.350000381469727,1764000,0.0,0.0
2026-03-19 00:00:00-04:00,14.350000381469727,14.699999809265137,14.039999961853027,14.050000190734863,1140200,0.0,0.0
2026-03-20 00:00:00-04:00,13.899999618530273,14.130000114440918,13.3100004196167,13.369999885559082,1330100,0.0,0.0
2026-03-23 00:00:00-04:00,13.569999694824219,14.234999656677246,13.539999961853027,14.069999694824219,1536200,0.0,0.0
2026-03-24 00:00:00-04:00,14.079999923706055,14.210000038146973,13.800000190734863,13.819999694824219,977700,0.0,0.0
2026-03-25 00:00:00-04:00,13.949999809265137,14.289999961853027,13.399999618530273,13.869999885559082,1288300,0.0,0.0
2026-03-26 00:00:00-04:00,13.869999885559082,14.135000228881836,13.140000343322754,13.420000076293945,1452000,0.0,0.0
2026-03-27 00:00:00-04:00,12.869999885559082,13.300000190734863,12.529999732971191,13.220000267028809,1516600,0.0,0.0
2026-03-30 00:00:00-04:00,13.279999732971191,13.579999923706055,12.770000457763672,12.869999885559082,1412400,0.0,0.0
2026-03-31 00:00:00-04:00,12.850000381469727,13.420000076293945,12.850000381469727,13.380000114440918,1177600,0.0,0.0
2026-04-01 00:00:00-04:00,13.510000228881836,13.739999771118164,13.289999961853027,13.399999618530273,845900,0.0,0.0
2026-04-02 00:00:00-04:00,13.329999923706055,13.904999732971191,13.1899995803833,13.859999656677246,990200,0.0,0.0
2026-04-06 00:00:00-04:00,13.899999618530273,15.5,13.899999618530273,15.109999656677246,1880600,0.0,0.0
2026-04-07 00:00:00-04:00,14.880000114440918,15.399999618530273,14.699999809265137,15.229999542236328,1591700,0.0,0.0
2026-04-08 00:00:00-04:00,15.6899995803833,15.949999809265137,14.630000114440918,14.850000381469727,1416400,0.0,0.0
2026-04-09 00:00:00-04:00,14.850000381469727,14.850000381469727,13.8149995803833,13.824999809265137,1481400,0.0,0.0
2026-04-10 00:00:00-04:00,13.970000267028809,14.539999961853027,13.539999961853027,14.529999732971191,1355000,0.0,0.0
2026-04-13 00:00:00-04:00,14.329999923706055,14.720000267028809,13.829999923706055,14.289999961853027,1313200,0.0,0.0
2026-04-14 00:00:00-04:00,14.539999961853027,14.899999618530273,14.229999542236328,14.430000305175781,1002600,0.0,0.0
2026-04-15 00:00:00-04:00,14.649999618530273,15.449999809265137,14.545000076293945,15.109999656677246,1358500,0.0,0.0
2026-04-16 00:00:00-04:00,15.170000076293945,15.369999885559082,14.550000190734863,14.989999771118164,1186700,0.0,0.0
2026-04-17 00:00:00-04:00,15.100000381469727,15.685999870300293,14.920000076293945,15.34000015258789,941700,0.0,0.0
2026-04-20 00:00:00-04:00,15.289999961853027,15.940999984741211,14.649999618530273,14.739999771118164,1474200,0.0,0.0
2026-04-21 00:00:00-04:00,14.8100004196167,15.770000457763672,14.585000038146973,15.479999542236328,1270400,0.0,0.0
2026-04-22 00:00:00-04:00,15.5600004196167,16.0,15.539999961853027,15.739999771118164,1086000,0.0,0.0
2026-04-23 00:00:00-04:00,15.619999885559082,15.899999618530273,15.09000015258789,15.489999771118164,1378800,0.0,0.0
2026-04-24 00:00:00-04:00,15.5,16.200000762939453,15.479999542236328,16.059999465942383,1292800,0.0,0.0
2026-04-27 00:00:00-04:00,15.949999809265137,16.31999969482422,15.539999961853027,15.550000190734863,1410100,0.0,0.0
2026-04-28 00:00:00-04:00,15.25,16.239999771118164,15.25,15.40999984741211,1726700,0.0,0.0
2026-04-29 00:00:00-04:00,15.460000038146973,16.350000381469727,15.020000457763672,15.670000076293945,1431900,0.0,0.0
2026-04-30 00:00:00-04:00,15.619999885559082,15.680000305175781,13.979999542236328,14.319999694824219,1848800,0.0,0.0
2026-05-01 00:00:00-04:00,14.640000343322754,15.430000305175781,14.428999900817871,14.699999809265137,1686300,0.0,0.0
2026-05-04 00:00:00-04:00,14.729999542236328,15.630000114440918,14.729999542236328,15.270000457763672,1344700,0.0,0.0
2026-05-05 00:00:00-04:00,15.369999885559082,15.380000114440918,14.380000114440918,14.729999542236328,947700,0.0,0.0
2026-05-06 00:00:00-04:00,14.699999809265137,15.25,14.569999694824219,14.930000305175781,950700,0.0,0.0
2026-05-07 00:00:00-04:00,14.960000038146973,15.805000305175781,14.890000343322754,14.890000343322754,1487200,0.0,0.0
2026-05-08 00:00:00-04:00,15.079999923706055,15.270999908447266,14.40999984741211,14.789999961853027,872100,0.0,0.0
2026-05-11 00:00:00-04:00,14.819999694824219,15.09000015258789,14.050000190734863,14.100000381469727,1176300,0.0,0.0
2026-05-12 00:00:00-04:00,14.09000015258789,14.413000106811523,12.510000228881836,12.654999732971191,2212300,0.0,0.0
2026-05-13 00:00:00-04:00,12.75,12.890000343322754,12.359999656677246,12.65999984741211,1624600,0.0,0.0
2026-05-14 00:00:00-04:00,12.779999732971191,13.0649995803833,12.369999885559082,12.539999961853027,1295400,0.0,0.0
2026-05-15 00:00:00-04:00,12.300000190734863,13.079999923706055,12.300000190734863,12.649999618530273,1308400,0.0,0.0
2026-05-18 00:00:00-04:00,12.600000381469727,12.960000038146973,12.149999618530273,12.1899995803833,1508600,0.0,0.0
2026-05-19 00:00:00-04:00,12.039999961853027,12.579999923706055,11.710000038146973,12.149999618530273,1573800,0.0,0.0
2026-05-20 00:00:00-04:00,12.149999618530273,12.789999961853027,12.055000305175781,12.510000228881836,1244400,0.0,0.0
2026-05-21 00:00:00-04:00,12.489999771118164,12.569999694824219,11.8100004196167,12.390000343322754,1546300,0.0,0.0
2026-05-22 00:00:00-04:00,12.40999984741211,12.869999885559082,12.25,12.319999694824219,960800,0.0,0.0
2026-05-26 00:00:00-04:00,12.329999923706055,12.595000267028809,11.994999885559082,12.100000381469727,1048900,0.0,0.0
2026-05-27 00:00:00-04:00,12.020000457763672,12.5600004196167,12.010000228881836,12.270000457763672,1129400,0.0,0.0
2026-05-28 00:00:00-04:00,12.199999809265137,13.3100004196167,12.09000015258789,13.100000381469727,1649000,0.0,0.0
2026-05-29 00:00:00-04:00,13.229999542236328,14.03600025177002,12.880000114440918,13.510000228881836,1379800,0.0,0.0
2026-06-01 00:00:00-04:00,13.4399995803833,14.40999984741211,13.300000190734863,13.979999542236328,2015500,0.0,0.0
2026-06-02 00:00:00-04:00,10.5,10.5,9.380000114440918,9.84000015258789,8649600,0.0,0.0
2026-06-03 00:00:00-04:00,9.300000190734863,10.59000015258789,9.25,10.25,4204700,0.0,0.0
2026-06-04 00:00:00-04:00,10.319999694824219,10.899999618530273,9.920000076293945,10.069999694824219,2398400,0.0,0.0
2026-06-05 00:00:00-04:00,10.1899995803833,10.229999542236328,9.680000305175781,9.8100004196167,1719900,0.0,0.0
2026-06-08 00:00:00-04:00,9.699999809265137,10.324999809265137,9.479999542236328,9.930000305175781,1594900,0.0,0.0
2026-06-09 00:00:00-04:00,10.069999694824219,10.982999801635742,10.029999732971191,10.920000076293945,1957200,0.0,0.0
2026-06-10 00:00:00-04:00,10.680000305175781,11.369999885559082,10.59000015258789,10.970000267028809,1348700,0.0,0.0
2026-06-11 00:00:00-04:00,10.920000076293945,11.039999961853027,10.479999542236328,10.960000038146973,1315800,0.0,0.0
2026-06-12 00:00:00-04:00,11.380000114440918,11.979999542236328,11.210000038146973,11.720000267028809,2124300,0.0,0.0
2026-06-15 00:00:00-04:00,11.65999984741211,12.029999732971191,11.319999694824219,11.5600004196167,1198200,0.0,0.0
2026-06-16 00:00:00-04:00,11.59000015258789,12.0,11.109999656677246,11.399999618530273,902900,0.0,0.0
2026-06-17 00:00:00-04:00,11.399999618530273,11.789999961853027,10.949999809265137,10.970000267028809,1001800,0.0,0.0
2026-06-18 00:00:00-04:00,11.100000381469727,13.170000076293945,11.01200008392334,13.069999694824219,2850300,0.0,0.0
2026-06-22 00:00:00-04:00,12.869999885559082,13.050000190734863,12.289999961853027,12.3100004196167,1091200,0.0,0.0
2026-06-23 00:00:00-04:00,12.3100004196167,13.364999771118164,12.3100004196167,12.670000076293945,1660500,0.0,0.0
2026-06-24 00:00:00-04:00,12.680000305175781,13.15999984741211,12.59000015258789,12.869999885559082,1434900,0.0,0.0
2026-06-25 00:00:00-04:00,12.850000381469727,13.444999694824219,12.579999923706055,13.140000343322754,1077300,0.0,0.0
2026-06-26 00:00:00-04:00,13.180000305175781,14.989999771118164,13.0600004196167,14.859999656677246,7163900,0.0,0.0
2026-06-29 00:00:00-04:00,14.670000076293945,14.835000038146973,13.59000015258789,14.289999961853027,1267900,0.0,0.0
2026-06-30 00:00:00-04:00,14.079999923706055,15.3100004196167,14.020000457763672,15.130000114440918,1713500,0.0,0.0
2026-07-01 00:00:00-04:00,15.380000114440918,17.34000015258789,15.359999656677246,17.010000228881836,1818600,0.0,0.0
2026-07-02 00:00:00-04:00,17.010000228881836,17.940000534057617,17.010000228881836,17.899999618530273,1436400,0.0,0.0
2026-07-06 00:00:00-04:00,17.610000610351562,17.81999969482422,15.989999771118164,17.350000381469727,1205300,0.0,0.0
2026-07-07 00:00:00-04:00,17.639999389648438,18.010000228881836,17.270000457763672,17.520000457763672,928000,0.0,0.0
2026-07-08 00:00:00-04:00,17.489999771118164,17.489999771118164,16.239999771118164,16.520000457763672,930800,0.0,0.0
2026-07-09 00:00:00-04:00,16.489999771118164,17.454999923706055,16.43000030517578,17.329999923706055,678100,0.0,0.0
2026-07-10 00:00:00-04:00,17.59000015258789,17.875,16.989999771118164,17.079999923706055,659200,0.0,0.0
2026-07-13 00:00:00-04:00,17.31999969482422,17.530000686645508,16.239999771118164,16.549999237060547,737900,0.0,0.0
2026-07-14 00:00:00-04:00,16.549999237060547,16.799999237060547,16.100000381469727,16.350000381469727,848600,0.0,0.0
2026-07-15 00:00:00-04:00,16.350000381469727,17.670000076293945,16.209999084472656,17.43000030517578,959600,0.0,0.0
2026-07-16 00:00:00-04:00,17.239999771118164,17.420000076293945,16.184999465942383,16.34000015258789,1016000,0.0,0.0
2026-07-17 00:00:00-04:00,16.200000762939453,16.700000762939453,15.899999618530273,16.325000762939453,591100,0.0,0.0
2026-07-20 00:00:00-04:00,16.139999389648438,16.6200008392334,15.829999923706055,16.290000915527344,599600,0.0,0.0
2026-07-21 00:00:00-04:00,16.1299991607666,16.709999084472656,15.949999809265137,16.219999313354492,637600,0.0,0.0
2026-07-22 00:00:00-04:00,16.3799991607666,17.0049991607666,16.219999313354492,16.3799991607666,597800,0.0,0.0
2026-07-23 00:00:00-04:00,15.970000267028809,16.049999237060547,15.0,15.529999732971191,767300,0.0,0.0
2026-07-24 00:00:00-04:00,15.539999961853027,16.09000015258789,15.140000343322754,15.34000015258789,502800,0.0,0.0
2026-07-27 00:00:00-04:00,15.699999809265137,16.530000686645508,15.630000114440918,16.43000030517578,438300,0.0,0.0
2026-07-28 00:00:00-04:00,16.43000030517578,17.34000015258789,16.399999618530273,16.989999771118164,550600,0.0,0.0
2026-07-29 00:00:00-04:00,16.579999923706055,16.90999984741211,14.869999885559082,14.970000267028809,1010000,0.0,0.0
2026-07-30 00:00:00-04:00,15.109999656677246,15.109999656677246,14.300000190734863,14.645000457763672,865700,0.0,0.0
2026-07-31 00:00:00-04:00,14.460000038146973,14.600000381469727,13.920000076293945,14.180000305175781,626300,0.0,0.0
2026-08-03 00:00:00-04:00,14.5,15.510000228881836,14.5,15.229999542236328,684500,0.0,0.0
2026-08-04 00:00:00-04:00,15.069999694824219,15.539999961853027,14.899999618530273,15.3100004196167,797100,0.0,0.0
2026-08-05 00:00:00-04:00,15.100000381469727,15.619999885559082,15.015000343322754,15.220000267028809,600900,0.0,0.0
2026-08-06 00:00:00-04:00,14.640000343322754,15.0,13.460000038146973,13.520000457763672,903700,0.0,0.0
2026-08-07 00:00:00-04:00,13.710000038146973,14.220000267028809,13.710000038146973,14.119999885559082,667600,0.0,0.0
2026-08-10 00:00:00-04:00,14.09000015258789,14.09000015258789,12.625,12.680000305175781,1122700,0.0,0.0
2026-08-11 00:00:00-04:00,12.539999961853027,12.680000305175781,12.135000228881836,12.479999542236328,906000,0.0,0.0
2026-08-12 00:00:00-04:00,12.449999809265137,13.069999694824219,12.270000457763672,12.899999618530273,837700,0.0,0.0
2026-08-13 00:00:00-04:00,12.979999542236328,13.53499984741211,12.875,13.329999923706055,575100,0.0,0.0
2026-08-14 00:00:00-04:00,13.180000305175781,13.550000190734863,13.069999694824219,13.109999656677246,522100,0.0,0.0
2026-08-17 00:00:00-04:00,12.569999694824219,12.6850004196167,11.779999732971191,12.09000015258789,1229200,0.0,0.0
2026-08-18 00:00:00-04:00,12.039999961853027,12.600000381469727,11.970000267028809,12.300000190734863,835700,0.0,0.0
2026-08-19 00:00:00-04:00,12.289999961853027,13.15999984741211,12.220000267028809,13.100000381469727,836600,0.0,0.0
2026-08-20 00:00:00-04:00,12.885000228881836,12.975000381469727,12.210000038146973,12.510000228881836,809200,0.0,0.0
2026-08-21 00:00:00-04:00,12.529999732971191,13.430000305175781,12.289999961853027,13.220000267028809,837262,0.0,0.0
