Date,Open,High,Low,Close,Volume,Dividends,Stock Splits
2021-06-30 00:00:00-04:00,10.050000190734863,10.140000343322754,9.994999885559082,10.109999656677246,2819600,0.0,0.0
2021-07-01 00:00:00-04:00,10.100000381469727,10.130000114440918,10.010000228881836,10.039999961853027,478700,0.0,0.0
2021-07-02 00:00:00-04:00,10.100000381469727,10.100000381469727,10.039999961853027,10.050000190734863,152500,0.0,0.0
2021-07-06 00:00:00-04:00,10.100000381469727,10.114999771118164,10.029999732971191,10.045000076293945,95300,0.0,0.0
2021-07-07 00:00:00-04:00,10.050000190734863,10.050000190734863,9.970000267028809,9.970000267028809,272300,0.0,0.0
2021-07-08 00:00:00-04:00,9.899999618530273,10.0,9.899999618530273,9.970000267028809,60100,0.0,0.0
2021-07-09 00:00:00-04:00,10.0,10.0,9.960000038146973,9.970000267028809,141100,0.0,0.0
2021-07-12 00:00:00-04:00,10.0,10.0,9.984999656677246,9.98799991607666,132600,0.0,0.0
2021-07-13 00:00:00-04:00,9.920000076293945,10.0,9.920000076293945,9.979999542236328,95100,0.0,0.0
2021-07-14 00:00:00-04:00,9.960000038146973,10.039999961853027,9.960000038146973,10.010000228881836,281400,0.0,0.0
2021-07-15 00:00:00-04:00,10.010000228881836,10.029999732971191,10.0,10.010000228881836,813500,0.0,0.0
2021-07-16 00:00:00-04:00,9.989999771118164,10.0,9.899999618530273,9.920000076293945,49900,0.0,0.0
2021-07-19 00:00:00-04:00,9.930000305175781,9.9399995803833,9.869999885559082,9.869999885559082,37400,0.0,0.0
2021-07-20 00:00:00-04:00,9.880000114440918,9.949999809265137,9.880000114440918,9.899999618530273,85500,0.0,0.0
2021-07-21 00:00:00-04:00,9.930000305175781,9.9399995803833,9.90999984741211,9.90999984741211,2000,0.0,0.0
2021-07-22 00:00:00-04:00,9.881999969482422,9.920000076293945,9.880000114440918,9.920000076293945,4300,0.0,0.0
2021-07-23 00:00:00-04:00,9.947999954223633,9.960000038146973,9.885000228881836,9.9399995803833,17600,0.0,0.0
2021-07-26 00:00:00-04:00,9.930000305175781,9.930000305175781,9.84000015258789,9.859999656677246,52800,0.0,0.0
2021-07-27 00:00:00-04:00,9.869999885559082,9.869999885559082,9.800000190734863,9.850000381469727,107900,0.0,0.0
2021-07-28 00:00:00-04:00,9.869999885559082,9.87600040435791,9.8100004196167,9.850000381469727,120000,0.0,0.0
2021-07-29 00:00:00-04:00,9.859999656677246,9.859999656677246,9.84000015258789,9.84000015258789,48500,0.0,0.0
2021-07-30 00:00:00-04:00,9.859999656677246,9.880000114440918,9.817999839782715,9.850000381469727,18700,0.0,0.0
2021-08-02 00:00:00-04:00,9.84000015258789,9.9399995803833,9.84000015258789,9.885000228881836,64300,0.0,0.0
2021-08-03 00:00:00-04:00,9.850000381469727,9.890000343322754,9.850000381469727,9.890000343322754,12800,0.0,0.0
2021-08-04 00:00:00-04:00,9.857999801635742,9.890000343322754,9.84000015258789,9.880000114440918,383100,0.0,0.0
2021-08-05 00:00:00-04:00,9.880000114440918,9.890000343322754,9.84000015258789,9.850000381469727,29600,0.0,0.0
2021-08-06 00:00:00-04:00,9.850000381469727,9.859999656677246,9.8100004196167,9.84000015258789,43600,0.0,0.0
2021-08-09 00:00:00-04:00,9.859999656677246,9.859999656677246,9.75,9.850000381469727,593500,0.0,0.0
2021-08-10 00:00:00-04:00,9.850000381469727,9.850000381469727,9.789999961853027,9.84000015258789,44100,0.0,0.0
2021-08-11 00:00:00-04:00,9.812999725341797,9.850000381469727,9.779999732971191,9.819999694824219,12900,0.0,0.0
2021-08-12 00:00:00-04:00,9.812000274658203,9.82800006866455,9.800000190734863,9.810999870300293,252500,0.0,0.0
2021-08-13 00:00:00-04:00,9.8100004196167,9.84000015258789,9.75,9.824999809265137,88700,0.0,0.0
2021-08-16 00:00:00-04:00,9.829999923706055,9.850000381469727,9.819999694824219,9.850000381469727,17800,0.0,0.0
2021-08-17 00:00:00-04:00,9.8100004196167,9.84000015258789,9.8100004196167,9.82800006866455,4400,0.0,0.0
2021-08-18 00:00:00-04:00,9.84000015258789,9.84000015258789,9.819999694824219,9.819999694824219,5500,0.0,0.0
2021-08-19 00:00:00-04:00,9.819999694824219,9.819999694824219,9.75,9.8100004196167,274500,0.0,0.0
2021-08-20 00:00:00-04:00,9.8100004196167,9.8100004196167,9.710000038146973,9.770000457763672,252300,0.0,0.0
2021-08-23 00:00:00-04:00,9.75,9.8100004196167,9.75,9.789999961853027,9600,0.0,0.0
2021-08-24 00:00:00-04:00,9.789999961853027,9.800000190734863,9.711999893188477,9.800000190734863,18300,0.0,0.0
2021-08-25 00:00:00-04:00,9.75,9.75,9.710000038146973,9.720000267028809,14100,0.0,0.0
2021-08-26 00:00:00-04:00,9.75,9.75,9.720000267028809,9.739999771118164,13900,0.0,0.0
2021-08-27 00:00:00-04:00,9.75,9.75,9.704999923706055,9.720000267028809,9600,0.0,0.0
2021-08-30 00:00:00-04:00,9.720999717712402,9.772000312805176,9.699999809265137,9.710000038146973,55600,0.0,0.0
2021-08-31 00:00:00-04:00,9.75,9.760000228881836,9.710000038146973,9.75,2400,0.0,0.0
2021-09-01 00:00:00-04:00,9.75,9.829999923706055,9.720000267028809,9.819999694824219,20000,0.0,0.0
2021-09-02 00:00:00-04:00,9.819999694824219,9.819999694824219,9.819999694824219,9.819999694824219,1900,0.0,0.0
2021-09-03 00:00:00-04:00,9.770000457763672,9.800000190734863,9.75,9.75,24400,0.0,0.0
2021-09-07 00:00:00-04:00,9.800000190734863,9.800000190734863,9.739999771118164,9.739999771118164,6400,0.0,0.0
2021-09-08 00:00:00-04:00,9.720000267028809,9.779999732971191,9.720000267028809,9.779999732971191,7600,0.0,0.0
2021-09-09 00:00:00-04:00,9.8100004196167,9.8100004196167,9.74899959564209,9.789999961853027,65300,0.0,0.0
2021-09-10 00:00:00-04:00,9.78499984741211,9.789999961853027,9.779999732971191,9.789999961853027,13400,0.0,0.0
2021-09-13 00:00:00-04:00,9.788000106811523,9.800000190734863,9.770000457763672,9.800000190734863,146200,0.0,0.0
2021-09-14 00:00:00-04:00,9.739999771118164,9.800000190734863,9.739999771118164,9.75,7300,0.0,0.0
2021-09-15 00:00:00-04:00,9.75,9.819999694824219,9.75,9.819999694824219,14200,0.0,0.0
2021-09-16 00:00:00-04:00,9.819999694824219,9.819999694824219,9.770000457763672,9.800000190734863,24100,0.0,0.0
2021-09-17 00:00:00-04:00,9.8100004196167,9.8100004196167,9.75,9.800000190734863,12400,0.0,0.0
2021-09-20 00:00:00-04:00,9.829999923706055,9.829999923706055,9.770000457763672,9.800000190734863,137600,0.0,0.0
2021-09-21 00:00:00-04:00,9.819999694824219,9.819999694824219,9.760000228881836,9.789999961853027,127900,0.0,0.0
2021-09-22 00:00:00-04:00,9.789999961853027,9.8100004196167,9.760000228881836,9.800000190734863,364300,0.0,0.0
2021-09-23 00:00:00-04:00,9.8100004196167,9.8100004196167,9.770000457763672,9.800000190734863,151200,0.0,0.0
2021-09-24 00:00:00-04:00,9.770000457763672,9.800000190734863,9.75,9.779999732971191,3600,0.0,0.0
2021-09-27 00:00:00-04:00,9.75,9.829999923706055,9.75,9.819999694824219,206700,0.0,0.0
2021-09-28 00:00:00-04:00,9.800000190734863,9.800000190734863,9.760000228881836,9.760000228881836,30200,0.0,0.0
2021-09-29 00:00:00-04:00,9.800000190734863,9.869999885559082,9.699999809265137,9.770000457763672,203100,0.0,0.0
2021-09-30 00:00:00-04:00,9.800000190734863,9.850000381469727,9.760000228881836,9.800000190734863,161800,0.0,0.0
2021-10-01 00:00:00-04:00,9.800000190734863,9.869999885559082,9.800000190734863,9.869999885559082,264100,0.0,0.0
2021-10-04 00:00:00-04:00,9.859999656677246,9.869999885559082,9.819999694824219,9.869999885559082,199800,0.0,0.0
2021-10-05 00:00:00-04:00,9.850000381469727,9.869999885559082,9.800000190734863,9.850000381469727,266700,0.0,0.0
2021-10-06 00:00:00-04:00,9.859000205993652,9.859999656677246,9.800000190734863,9.859999656677246,3300,0.0,0.0
2021-10-07 00:00:00-04:00,9.850000381469727,9.869999885559082,9.800000190734863,9.869999885559082,2100,0.0,0.0
2021-10-08 00:00:00-04:00,9.84000015258789,9.869999885559082,9.79800033569336,9.819999694824219,2400,0.0,0.0
2021-10-11 00:00:00-04:00,9.859999656677246,9.859999656677246,9.8100004196167,9.850000381469727,2700,0.0,0.0
2021-10-12 00:00:00-04:00,9.829999923706055,9.850000381469727,9.800000190734863,9.84000015258789,3900,0.0,0.0
2021-10-13 00:00:00-04:00,9.84000015258789,9.859999656677246,9.8100004196167,9.850000381469727,4200,0.0,0.0
2021-10-14 00:00:00-04:00,9.869999885559082,9.869999885559082,9.850000381469727,9.869999885559082,6100,0.0,0.0
2021-10-15 00:00:00-04:00,9.869999885559082,9.869999885559082,9.850000381469727,9.869999885559082,26300,0.0,0.0
2021-10-18 00:00:00-04:00,9.829999923706055,9.869999885559082,9.819999694824219,9.819999694824219,15600,0.0,0.0
2021-10-19 00:00:00-04:00,9.829999923706055,9.869999885559082,9.819999694824219,9.84000015258789,15500,0.0,0.0
2021-10-20 00:00:00-04:00,9.859999656677246,9.869999885559082,9.859999656677246,9.859999656677246,2900,0.0,0.0
2021-10-21 00:00:00-04:00,9.850000381469727,9.869999885559082,9.819999694824219,9.829999923706055,17100,0.0,0.0
2021-10-22 00:00:00-04:00,9.850000381469727,9.869999885559082,9.84000015258789,9.869999885559082,37000,0.0,0.0
2021-10-25 00:00:00-04:00,9.869999885559082,9.890000343322754,9.829999923706055,9.850000381469727,39000,0.0,0.0
2021-10-26 00:00:00-04:00,9.890000343322754,9.920000076293945,9.850000381469727,9.899999618530273,153800,0.0,0.0
2021-10-27 00:00:00-04:00,9.904999732971191,9.90999984741211,9.869999885559082,9.899999618530273,8000,0.0,0.0
2021-10-28 00:00:00-04:00,9.899999618530273,9.920000076293945,9.880000114440918,9.920000076293945,10400,0.0,0.0
2021-10-29 00:00:00-04:00,9.850000381469727,9.920000076293945,9.850000381469727,9.920000076293945,22100,0.0,0.0
2021-11-01 00:00:00-04:00,9.890000343322754,9.970000267028809,9.890000343322754,9.960000038146973,49600,0.0,0.0
2021-11-02 00:00:00-04:00,9.930000305175781,9.970000267028809,9.930000305175781,9.970000267028809,1500,0.0,0.0
2021-11-03 00:00:00-04:00,9.960000038146973,9.970000267028809,9.949999809265137,9.960000038146973,509600,0.0,0.0
2021-11-04 00:00:00-04:00,9.90999984741211,9.970000267028809,9.90999984741211,9.970000267028809,6300,0.0,0.0
2021-11-05 00:00:00-04:00,9.960000038146973,9.968000411987305,9.949999809265137,9.949999809265137,8900,0.0,0.0
2021-11-08 00:00:00-05:00,9.960000038146973,9.970000267028809,9.89900016784668,9.899999618530273,14600,0.0,0.0
2021-11-09 00:00:00-05:00,9.899999618530273,9.949999809265137,9.899999618530273,9.9399995803833,21400,0.0,0.0
2021-11-10 00:00:00-05:00,9.90999984741211,9.930000305175781,9.899999618530273,9.920000076293945,20000,0.0,0.0
2021-11-11 00:00:00-05:00,9.899999618530273,9.930000305175781,9.899999618530273,9.930000305175781,1800,0.0,0.0
2021-11-12 00:00:00-05:00,9.904000282287598,9.930000305175781,9.902999877929688,9.90999984741211,14200,0.0,0.0
2021-11-15 00:00:00-05:00,9.890000343322754,9.954999923706055,9.890000343322754,9.920000076293945,19700,0.0,0.0
2021-11-16 00:00:00-05:00,9.869999885559082,9.970000267028809,9.869999885559082,9.899999618530273,35400,0.0,0.0
2021-11-17 00:00:00-05:00,9.899999618530273,9.939000129699707,9.875,9.899999618530273,20900,0.0,0.0
2021-11-18 00:00:00-05:00,9.906999588012695,9.920000076293945,9.899999618530273,9.899999618530273,11200,0.0,0.0
2021-11-19 00:00:00-05:00,9.90999984741211,9.920000076293945,9.90999984741211,9.920000076293945,161000,0.0,0.0
2021-11-22 00:00:00-05:00,9.90999984741211,9.90999984741211,9.899999618530273,9.899999618530273,1400,0.0,0.0
2021-11-23 00:00:00-05:00,9.899999618530273,9.920000076293945,9.899999618530273,9.920000076293945,18500,0.0,0.0
2021-11-24 00:00:00-05:00,9.892000198364258,9.9399995803833,9.880000114440918,9.904999732971191,3800,0.0,0.0
2021-11-26 00:00:00-05:00,9.86299991607666,9.899999618530273,9.850000381469727,9.899999618530273,104500,0.0,0.0
2021-11-29 00:00:00-05:00,9.880000114440918,9.899999618530273,9.880000114440918,9.899999618530273,3800,0.0,0.0
2021-11-30 00:00:00-05:00,9.920000076293945,9.920000076293945,9.859999656677246,9.869999885559082,4600,0.0,0.0
2021-12-01 00:00:00-05:00,9.880000114440918,9.949999809265137,9.880000114440918,9.930000305175781,319000,0.0,0.0
2021-12-02 00:00:00-05:00,9.930000305175781,9.970000267028809,9.880000114440918,9.90999984741211,54400,0.0,0.0
2021-12-03 00:00:00-05:00,9.869999885559082,9.899999618530273,9.859999656677246,9.899999618530273,165400,0.0,0.0
2021-12-06 00:00:00-05:00,9.875,9.880000114440918,9.869999885559082,9.869999885559082,9000,0.0,0.0
2021-12-07 00:00:00-05:00,9.869999885559082,9.890000343322754,9.869999885559082,9.890000343322754,34600,0.0,0.0
2021-12-08 00:00:00-05:00,9.890000343322754,9.899999618530273,9.869999885559082,9.869999885559082,410300,0.0,0.0
2021-12-09 00:00:00-05:00,9.890000343322754,9.899999618530273,9.859999656677246,9.890000343322754,35500,0.0,0.0
2021-12-10 00:00:00-05:00,9.869999885559082,9.890000343322754,9.819999694824219,9.880000114440918,65000,0.0,0.0
2021-12-13 00:00:00-05:00,9.84000015258789,9.880000114440918,9.829999923706055,9.84000015258789,4200,0.0,0.0
2021-12-14 00:00:00-05:00,9.850000381469727,9.850000381469727,9.835000038146973,9.850000381469727,46900,0.0,0.0
2021-12-15 00:00:00-05:00,9.854999542236328,9.869999885559082,9.84000015258789,9.859999656677246,153800,0.0,0.0
2021-12-16 00:00:00-05:00,9.869999885559082,9.869999885559082,9.819999694824219,9.84000015258789,11100,0.0,0.0
2021-12-17 00:00:00-05:00,9.84000015258789,9.890000343322754,9.819999694824219,9.821000099182129,20100,0.0,0.0
2021-12-20 00:00:00-05:00,9.819999694824219,9.869999885559082,9.819999694824219,9.869999885559082,8600,0.0,0.0
2021-12-21 00:00:00-05:00,9.845000267028809,9.890999794006348,9.845000267028809,9.890999794006348,1900,0.0,0.0
2021-12-22 00:00:00-05:00,9.829999923706055,9.859999656677246,9.82699966430664,9.852999687194824,45500,0.0,0.0
2021-12-23 00:00:00-05:00,9.854999542236328,9.869999885559082,9.829999923706055,9.859999656677246,171100,0.0,0.0
2021-12-27 00:00:00-05:00,9.850000381469727,9.869999885559082,9.850000381469727,9.869999885559082,3300,0.0,0.0
2021-12-28 00:00:00-05:00,9.819999694824219,9.890000343322754,9.819999694824219,9.890000343322754,1700,0.0,0.0
2021-12-29 00:00:00-05:00,9.880000114440918,9.890000343322754,9.833000183105469,9.850000381469727,1900,0.0,0.0
2021-12-30 00:00:00-05:00,9.850000381469727,9.899999618530273,9.850000381469727,9.859999656677246,4100,0.0,0.0
2021-12-31 00:00:00-05:00,9.859999656677246,9.899999618530273,9.829999923706055,9.899999618530273,4500,0.0,0.0
2022-01-03 00:00:00-05:00,9.890000343322754,9.949999809265137,9.890000343322754,9.90999984741211,464700,0.0,0.0
2022-01-04 00:00:00-05:00,9.9399995803833,9.949999809265137,9.880000114440918,9.899999618530273,2100,0.0,0.0
2022-01-05 00:00:00-05:00,9.869999885559082,9.880000114440918,9.84000015258789,9.869999885559082,3000,0.0,0.0
2022-01-06 00:00:00-05:00,9.819999694824219,9.859999656677246,9.819999694824219,9.859999656677246,171000,0.0,0.0
2022-01-07 00:00:00-05:00,9.826000213623047,9.890000343322754,9.826000213623047,9.890000343322754,23100,0.0,0.0
2022-01-10 00:00:00-05:00,9.949999809265137,9.949999809265137,9.829999923706055,9.850000381469727,66700,0.0,0.0
2022-01-11 00:00:00-05:00,9.84000015258789,9.880000114440918,9.819999694824219,9.869999885559082,143300,0.0,0.0
2022-01-12 00:00:00-05:00,9.819999694824219,9.880000114440918,9.819999694824219,9.859999656677246,64100,0.0,0.0
2022-01-13 00:00:00-05:00,9.850000381469727,9.850000381469727,9.819999694824219,9.819999694824219,4000,0.0,0.0
2022-01-14 00:00:00-05:00,9.819999694824219,9.83899974822998,9.779999732971191,9.83899974822998,12500,0.0,0.0
2022-01-18 00:00:00-05:00,9.899999618530273,9.920000076293945,9.819999694824219,9.84000015258789,5659900,0.0,0.0
2022-01-19 00:00:00-05:00,9.899999618530273,9.899999618530273,9.829999923706055,9.84000015258789,905400,0.0,0.0
2022-01-20 00:00:00-05:00,9.829999923706055,9.869999885559082,9.829999923706055,9.84000015258789,895200,0.0,0.0
2022-01-21 00:00:00-05:00,9.859999656677246,9.859999656677246,9.800000190734863,9.829999923706055,342800,0.0,0.0
2022-01-24 00:00:00-05:00,9.779999732971191,9.850000381469727,9.760000228881836,9.779999732971191,247400,0.0,0.0
2022-01-25 00:00:00-05:00,9.75,9.829999923706055,9.75,9.800000190734863,41100,0.0,0.0
2022-01-26 00:00:00-05:00,9.800000190734863,9.840999603271484,9.800000190734863,9.819999694824219,538300,0.0,0.0
2022-01-27 00:00:00-05:00,9.819999694824219,9.899999618530273,9.819999694824219,9.829999923706055,117000,0.0,0.0
2022-01-28 00:00:00-05:00,9.800000190734863,9.835000038146973,9.800000190734863,9.829999923706055,82100,0.0,0.0
2022-01-31 00:00:00-05:00,9.84000015258789,9.899999618530273,9.829999923706055,9.84000015258789,745100,0.0,0.0
2022-02-01 00:00:00-05:00,9.850000381469727,9.850000381469727,9.829999923706055,9.850000381469727,18200,0.0,0.0
2022-02-02 00:00:00-05:00,9.829999923706055,9.859999656677246,9.829999923706055,9.859999656677246,110000,0.0,0.0
2022-02-03 00:00:00-05:00,9.869999885559082,9.869999885559082,9.833999633789062,9.850000381469727,5100,0.0,0.0
2022-02-04 00:00:00-05:00,9.84000015258789,9.859999656677246,9.84000015258789,9.859999656677246,19800,0.0,0.0
2022-02-07 00:00:00-05:00,9.859999656677246,9.859999656677246,9.829999923706055,9.829999923706055,95100,0.0,0.0
2022-02-08 00:00:00-05:00,9.829999923706055,9.864999771118164,9.829999923706055,9.864999771118164,27600,0.0,0.0
2022-02-09 00:00:00-05:00,9.859999656677246,9.859999656677246,9.819999694824219,9.829999923706055,2300,0.0,0.0
2022-02-10 00:00:00-05:00,9.831999778747559,9.831999778747559,9.829999923706055,9.829999923706055,1900,0.0,0.0
2022-02-11 00:00:00-05:00,9.84000015258789,9.84000015258789,9.829999923706055,9.829999923706055,3600,0.0,0.0
2022-02-14 00:00:00-05:00,9.854999542236328,9.880000114440918,9.850000381469727,9.850000381469727,11700,0.0,0.0
2022-02-15 00:00:00-05:00,9.854999542236328,9.880000114440918,9.854999542236328,9.859999656677246,3000,0.0,0.0
2022-02-16 00:00:00-05:00,9.840999603271484,9.869999885559082,9.840999603271484,9.859999656677246,7900,0.0,0.0
2022-02-17 00:00:00-05:00,9.859999656677246,9.869999885559082,9.84000015258789,9.869999885559082,25900,0.0,0.0
2022-02-18 00:00:00-05:00,9.85200023651123,9.869999885559082,9.850000381469727,9.859999656677246,3700,0.0,0.0
2022-02-22 00:00:00-05:00,9.859999656677246,9.859999656677246,9.850000381469727,9.859999656677246,4200,0.0,0.0
2022-02-23 00:00:00-05:00,9.850000381469727,9.864999771118164,9.850000381469727,9.859999656677246,12700,0.0,0.0
2022-02-24 00:00:00-05:00,9.850000381469727,9.859999656677246,9.850000381469727,9.859999656677246,7100,0.0,0.0
2022-02-25 00:00:00-05:00,9.850000381469727,9.880000114440918,9.850000381469727,9.880000114440918,19800,0.0,0.0
2022-02-28 00:00:00-05:00,9.864999771118164,9.880000114440918,9.850000381469727,9.880000114440918,40300,0.0,0.0
2022-03-01 00:00:00-05:00,9.850000381469727,9.869999885559082,9.850000381469727,9.850000381469727,18800,0.0,0.0
2022-03-02 00:00:00-05:00,9.850000381469727,9.869999885559082,9.850000381469727,9.869999885559082,1700,0.0,0.0
2022-03-03 00:00:00-05:00,9.864999771118164,9.864999771118164,9.850000381469727,9.850000381469727,3700,0.0,0.0
2022-03-04 00:00:00-05:00,9.854999542236328,9.875,9.854999542236328,9.875,6100,0.0,0.0
2022-03-07 00:00:00-05:00,9.864999771118164,9.869999885559082,9.84000015258789,9.854999542236328,41600,0.0,0.0
2022-03-08 00:00:00-05:00,9.859999656677246,9.864999771118164,9.859999656677246,9.859999656677246,1700,0.0,0.0
2022-03-09 00:00:00-05:00,9.949999809265137,9.949999809265137,9.859999656677246,9.859999656677246,34400,0.0,0.0
2022-03-10 00:00:00-05:00,9.859999656677246,9.859999656677246,9.859999656677246,9.859999656677246,70600,0.0,0.0
2022-03-11 00:00:00-05:00,9.861000061035156,9.861000061035156,9.859999656677246,9.859999656677246,1900,0.0,0.0
2022-03-14 00:00:00-04:00,9.859999656677246,9.880000114440918,9.859999656677246,9.859999656677246,23000,0.0,0.0
2022-03-15 00:00:00-04:00,9.859999656677246,9.885000228881836,9.859999656677246,9.859999656677246,18200,0.0,0.0
2022-03-16 00:00:00-04:00,9.859999656677246,9.869999885559082,9.859999656677246,9.859999656677246,35700,0.0,0.0
2022-03-17 00:00:00-04:00,9.869999885559082,9.869999885559082,9.859999656677246,9.859999656677246,70500,0.0,0.0
2022-03-18 00:00:00-04:00,9.890000343322754,9.899999618530273,9.859999656677246,9.899999618530273,8400,0.0,0.0
2022-03-21 00:00:00-04:00,9.899999618530273,9.899999618530273,9.899999618530273,9.899999618530273,0,0.0,0.0
2022-03-22 00:00:00-04:00,9.880000114440918,9.880000114440918,9.866999626159668,9.880000114440918,26200,0.0,0.0
2022-03-23 00:00:00-04:00,9.873000144958496,9.90999984741211,9.873000144958496,9.90999984741211,39000,0.0,0.0
2022-03-24 00:00:00-04:00,9.869999885559082,9.940999984741211,9.869999885559082,9.899999618530273,14400,0.0,0.0
2022-03-25 00:00:00-04:00,9.949999809265137,9.968999862670898,9.899999618530273,9.899999618530273,4000,0.0,0.0
2022-03-28 00:00:00-04:00,9.899999618530273,9.914999961853027,9.899999618530273,9.899999618530273,40900,0.0,0.0
2022-03-29 00:00:00-04:00,9.920000076293945,9.930000305175781,9.895999908447266,9.920000076293945,2500,0.0,0.0
2022-03-30 00:00:00-04:00,9.904000282287598,9.90999984741211,9.890000343322754,9.890000343322754,6900,0.0,0.0
2022-03-31 00:00:00-04:00,9.899999618530273,9.899999618530273,9.880000114440918,9.899999618530273,71000,0.0,0.0
2022-04-01 00:00:00-04:00,9.880000114440918,9.90999984741211,9.864999771118164,9.892999649047852,1108900,0.0,0.0
2022-04-04 00:00:00-04:00,9.880000114440918,9.880000114440918,9.880000114440918,9.880000114440918,14600,0.0,0.0
2022-04-05 00:00:00-04:00,9.880000114440918,9.880000114440918,9.880000114440918,9.880000114440918,0,0.0,0.0
2022-04-06 00:00:00-04:00,9.90999984741211,9.90999984741211,9.90999984741211,9.90999984741211,500,0.0,0.0
2022-04-07 00:00:00-04:00,9.869999885559082,9.880000114440918,9.869999885559082,9.880000114440918,2600,0.0,0.0
2022-04-08 00:00:00-04:00,9.869999885559082,9.880000114440918,9.869999885559082,9.880000114440918,4600,0.0,0.0
2022-04-11 00:00:00-04:00,9.869999885559082,9.869999885559082,9.869999885559082,9.869999885559082,15200,0.0,0.0
2022-04-12 00:00:00-04:00,9.880000114440918,9.890000343322754,9.880000114440918,9.880000114440918,32700,0.0,0.0
2022-04-13 00:00:00-04:00,9.895999908447266,9.904999732971191,9.895999908447266,9.904999732971191,1200,0.0,0.0
2022-04-14 00:00:00-04:00,9.880000114440918,9.880000114440918,9.880000114440918,9.880000114440918,500,0.0,0.0
2022-04-18 00:00:00-04:00,9.890000343322754,9.890000343322754,9.881999969482422,9.890000343322754,5700,0.0,0.0
2022-04-19 00:00:00-04:00,9.880000114440918,9.899999618530273,9.880000114440918,9.880000114440918,2600,0.0,0.0
2022-04-20 00:00:00-04:00,9.890000343322754,9.899999618530273,9.880000114440918,9.88599967956543,28200,0.0,0.0
2022-04-21 00:00:00-04:00,9.890000343322754,9.890000343322754,9.890000343322754,9.890000343322754,3200,0.0,0.0
2022-04-22 00:00:00-04:00,9.850000381469727,9.914999961853027,9.850000381469727,9.890000343322754,1300,0.0,0.0
2022-04-25 00:00:00-04:00,9.890000343322754,9.890000343322754,9.880000114440918,9.880000114440918,27500,0.0,0.0
2022-04-26 00:00:00-04:00,9.880000114440918,9.899999618530273,9.880000114440918,9.890000343322754,65700,0.0,0.0
2022-04-27 00:00:00-04:00,9.899999618530273,9.899999618530273,9.880000114440918,9.890000343322754,23600,0.0,0.0
2022-04-28 00:00:00-04:00,9.880000114440918,9.920000076293945,9.829999923706055,9.920000076293945,35100,0.0,0.0
2022-04-29 00:00:00-04:00,10.0,10.0,9.854999542236328,9.880000114440918,53600,0.0,0.0
2022-05-02 00:00:00-04:00,9.880000114440918,9.880000114440918,9.861000061035156,9.861000061035156,1700,0.0,0.0
2022-05-03 00:00:00-04:00,9.880000114440918,9.890000343322754,9.850000381469727,9.875,115100,0.0,0.0
2022-05-04 00:00:00-04:00,9.875,9.875,9.875,9.875,0,0.0,0.0
2022-05-05 00:00:00-04:00,9.859999656677246,9.859999656677246,9.859999656677246,9.859999656677246,400,0.0,0.0
2022-05-06 00:00:00-04:00,9.859999656677246,9.859999656677246,9.859999656677246,9.859999656677246,200,0.0,0.0
2022-05-09 00:00:00-04:00,9.880000114440918,9.890000343322754,9.869999885559082,9.880000114440918,121400,0.0,0.0
2022-05-10 00:00:00-04:00,9.875,9.890000343322754,9.869999885559082,9.869999885559082,4500,0.0,0.0
2022-05-11 00:00:00-04:00,9.869999885559082,9.890000343322754,9.819999694824219,9.859999656677246,808200,0.0,0.0
2022-05-12 00:00:00-04:00,9.8100004196167,9.850000381469727,9.8100004196167,9.829999923706055,114500,0.0,0.0
2022-05-13 00:00:00-04:00,9.84000015258789,9.850000381469727,9.829999923706055,9.84000015258789,50800,0.0,0.0
2022-05-16 00:00:00-04:00,9.84000015258789,9.84000015258789,9.84000015258789,9.84000015258789,700,0.0,0.0
2022-05-17 00:00:00-04:00,9.84000015258789,9.850000381469727,9.84000015258789,9.850000381469727,6700,0.0,0.0
2022-05-18 00:00:00-04:00,9.84000015258789,9.850000381469727,9.84000015258789,9.850000381469727,10400,0.0,0.0
2022-05-19 00:00:00-04:00,9.84000015258789,9.859999656677246,9.829999923706055,9.829999923706055,184100,0.0,0.0
2022-05-20 00:00:00-04:00,9.84000015258789,9.84000015258789,9.829999923706055,9.829999923706055,33000,0.0,0.0
2022-05-23 00:00:00-04:00,9.854999542236328,9.854999542236328,9.854999542236328,9.854999542236328,600,0.0,0.0
2022-05-24 00:00:00-04:00,9.835000038146973,9.840999603271484,9.819999694824219,9.829999923706055,256100,0.0,0.0
2022-05-25 00:00:00-04:00,9.84000015258789,9.84000015258789,9.84000015258789,9.84000015258789,7800,0.0,0.0
2022-05-26 00:00:00-04:00,9.850000381469727,9.859999656677246,9.84000015258789,9.859999656677246,15300,0.0,0.0
2022-05-27 00:00:00-04:00,9.859999656677246,9.859999656677246,9.850000381469727,9.850000381469727,39900,0.0,0.0
2022-05-31 00:00:00-04:00,9.880000114440918,9.920000076293945,9.859999656677246,9.899999618530273,171100,0.0,0.0
2022-06-01 00:00:00-04:00,9.885000228881836,9.899999618530273,9.859999656677246,9.859999656677246,88300,0.0,0.0
2022-06-02 00:00:00-04:00,9.859999656677246,9.859999656677246,9.859999656677246,9.859999656677246,5400,0.0,0.0
2022-06-03 00:00:00-04:00,9.859999656677246,9.859999656677246,9.859999656677246,9.859999656677246,500,0.0,0.0
2022-06-06 00:00:00-04:00,9.859999656677246,9.861000061035156,9.859999656677246,9.861000061035156,900,0.0,0.0
2022-06-07 00:00:00-04:00,9.869999885559082,9.869999885559082,9.859999656677246,9.859999656677246,31100,0.0,0.0
2022-06-08 00:00:00-04:00,9.859999656677246,9.869999885559082,9.859999656677246,9.869999885559082,500,0.0,0.0
2022-06-09 00:00:00-04:00,9.869999885559082,9.869999885559082,9.869999885559082,9.869999885559082,700,0.0,0.0
2022-06-10 00:00:00-04:00,9.880000114440918,9.880000114440918,9.880000114440918,9.880000114440918,1900,0.0,0.0
2022-06-13 00:00:00-04:00,9.9399995803833,9.9399995803833,9.880000114440918,9.930000305175781,577600,0.0,0.0
2022-06-14 00:00:00-04:00,9.930000305175781,9.9399995803833,9.930000305175781,9.930000305175781,57800,0.0,0.0
2022-06-15 00:00:00-04:00,9.9399995803833,9.9399995803833,9.930000305175781,9.9399995803833,46800,0.0,0.0
2022-06-16 00:00:00-04:00,9.930000305175781,9.9399995803833,9.90999984741211,9.9399995803833,249600,0.0,0.0
2022-06-17 00:00:00-04:00,9.920000076293945,9.947999954223633,9.920000076293945,9.930000305175781,56300,0.0,0.0
2022-06-21 00:00:00-04:00,9.930000305175781,9.949999809265137,9.930000305175781,9.9399995803833,143200,0.0,0.0
2022-06-22 00:00:00-04:00,9.930000305175781,9.989999771118164,9.930000305175781,9.960000038146973,89600,0.0,0.0
2022-06-23 00:00:00-04:00,9.97599983215332,9.979999542236328,9.949999809265137,9.96500015258789,95100,0.0,0.0
2022-06-24 00:00:00-04:00,9.968000411987305,9.979999542236328,9.960000038146973,9.970000267028809,24700,0.0,0.0
2022-06-27 00:00:00-04:00,9.970000267028809,9.975000381469727,9.970000267028809,9.970000267028809,647800,0.0,0.0
2022-06-28 00:00:00-04:00,9.970000267028809,9.979999542236328,9.960000038146973,9.970000267028809,564400,0.0,0.0
2022-06-29 00:00:00-04:00,9.970000267028809,9.989999771118164,9.949999809265137,9.960000038146973,271600,0.0,0.0
2022-06-30 00:00:00-04:00,9.449999809265137,10.020000457763672,9.109999656677246,9.949999809265137,462900,0.0,0.0
2022-07-01 00:00:00-04:00,9.779999732971191,10.08899974822998,9.375,9.819999694824219,420200,0.0,0.0
2022-07-05 00:00:00-04:00,9.850000381469727,10.489999771118164,8.029999732971191,8.40999984741211,220000,0.0,0.0
2022-07-06 00:00:00-04:00,9.739999771118164,9.739999771118164,8.5,8.84000015258789,486000,0.0,0.0
2022-07-07 00:00:00-04:00,8.899999618530273,10.300000190734863,8.699999809265137,9.989999771118164,1126300,0.0,0.0
2022-07-08 00:00:00-04:00,10.050000190734863,10.140000343322754,9.699999809265137,10.0,1674600,0.0,0.0
2022-07-11 00:00:00-04:00,9.470000267028809,10.550000190734863,9.239999771118164,9.279999732971191,337600,0.0,0.0
2022-07-12 00:00:00-04:00,9.399999618530273,9.399999618530273,8.350000381469727,8.630000114440918,25600,0.0,0.0
2022-07-13 00:00:00-04:00,8.510000228881836,8.989999771118164,8.319999694824219,8.75,81600,0.0,0.0
2022-07-14 00:00:00-04:00,8.75,9.789999961853027,8.510000228881836,8.770000457763672,124000,0.0,0.0
2022-07-15 00:00:00-04:00,8.855999946594238,8.90999984741211,6.688000202178955,7.019999980926514,78400,0.0,0.0
2022-07-18 00:00:00-04:00,6.940000057220459,8.25,6.940000057220459,7.949999809265137,86100,0.0,0.0
2022-07-19 00:00:00-04:00,7.900000095367432,8.420000076293945,7.460000038146973,7.559999942779541,82800,0.0,0.0
2022-07-20 00:00:00-04:00,7.760000228881836,8.053000450134277,7.409999847412109,7.900000095367432,99400,0.0,0.0
2022-07-21 00:00:00-04:00,8.720000267028809,9.319999694824219,8.350000381469727,8.890000343322754,43700,0.0,0.0
2022-07-22 00:00:00-04:00,9.4399995803833,9.4399995803833,8.949999809265137,9.0,11800,0.0,0.0
2022-07-25 00:00:00-04:00,9.489999771118164,9.899999618530273,9.199999809265137,9.699999809265137,13400,0.0,0.0
2022-07-26 00:00:00-04:00,9.640000343322754,11.25,9.619000434875488,11.25,41700,0.0,0.0
2022-07-27 00:00:00-04:00,11.979999542236328,11.979999542236328,10.710000038146973,10.880000114440918,34200,0.0,0.0
2022-07-28 00:00:00-04:00,10.880000114440918,11.270000457763672,10.489999771118164,10.630000114440918,103800,0.0,0.0
2022-07-29 00:00:00-04:00,10.78499984741211,11.0,9.8100004196167,9.84000015258789,50000,0.0,0.0
2022-08-01 00:00:00-04:00,9.819999694824219,10.5600004196167,9.8100004196167,9.9399995803833,6100,0.0,0.0
2022-08-02 00:00:00-04:00,9.8100004196167,9.942999839782715,9.210000038146973,9.25,7400,0.0,0.0
2022-08-03 00:00:00-04:00,8.770000457763672,9.1899995803833,8.15999984741211,8.180000305175781,90200,0.0,0.0
2022-08-04 00:00:00-04:00,8.350000381469727,8.350000381469727,7.429999828338623,7.769999980926514,11900,0.0,0.0
2022-08-05 00:00:00-04:00,7.610000133514404,8.09000015258789,7.230000019073486,7.400000095367432,33900,0.0,0.0
2022-08-08 00:00:00-04:00,7.460000038146973,7.829999923706055,6.860000133514404,7.480000019073486,12200,0.0,0.0
2022-08-09 00:00:00-04:00,7.550000190734863,7.550000190734863,6.190000057220459,7.039999961853027,52600,0.0,0.0
2022-08-10 00:00:00-04:00,6.739999771118164,7.659999847412109,6.230000019073486,7.420000076293945,35800,0.0,0.0
2022-08-11 00:00:00-04:00,7.829999923706055,8.050000190734863,7.301000118255615,7.980000019073486,84200,0.0,0.0
2022-08-12 00:00:00-04:00,7.668000221252441,8.178999900817871,7.668000221252441,7.960000038146973,11300,0.0,0.0
2022-08-15 00:00:00-04:00,7.960000038146973,7.960000038146973,7.170000076293945,7.760000228881836,5400,0.0,0.0
2022-08-16 00:00:00-04:00,7.75,7.75,7.269999980926514,7.619999885559082,5200,0.0,0.0
2022-08-17 00:00:00-04:00,7.28000020980835,8.069999694824219,7.079999923706055,7.150000095367432,55000,0.0,0.0
2022-08-18 00:00:00-04:00,7.159999847412109,7.5,6.989999771118164,7.0,16100,0.0,0.0
2022-08-19 00:00:00-04:00,7.179999828338623,7.5,6.25,6.599999904632568,463900,0.0,0.0
2022-08-22 00:00:00-04:00,6.250999927520752,7.164999961853027,6.250999927520752,6.599999904632568,46400,0.0,0.0
2022-08-23 00:00:00-04:00,6.710000038146973,7.400000095367432,6.340000152587891,7.340000152587891,12300,0.0,0.0
2022-08-24 00:00:00-04:00,7.340000152587891,7.710000038146973,7.110000133514404,7.710000038146973,39300,0.0,0.0
2022-08-25 00:00:00-04:00,7.789999961853027,7.789999961853027,6.980999946594238,7.5,5500,0.0,0.0
2022-08-26 00:00:00-04:00,7.570000171661377,7.570000171661377,7.086999893188477,7.5,25400,0.0,0.0
2022-08-29 00:00:00-04:00,7.150000095367432,8.0,7.150000095367432,7.78000020980835,5600,0.0,0.0
2022-08-30 00:00:00-04:00,6.809999942779541,8.649999618530273,6.809999942779541,8.550000190734863,24000,0.0,0.0
2022-08-31 00:00:00-04:00,8.9399995803833,9.84000015258789,8.680000305175781,9.600000381469727,21400,0.0,0.0
2022-09-01 00:00:00-04:00,9.739999771118164,10.0,8.619999885559082,9.670000076293945,31400,0.0,0.0
2022-09-02 00:00:00-04:00,10.0,10.199999809265137,9.725000381469727,10.199999809265137,47100,0.0,0.0
2022-09-06 00:00:00-04:00,10.869999885559082,11.189000129699707,6.71999979019165,7.0,229400,0.0,0.0
2022-09-07 00:00:00-04:00,7.590000152587891,7.860000133514404,6.980000019073486,7.800000190734863,76600,0.0,0.0
2022-09-08 00:00:00-04:00,7.519999980926514,8.899999618530273,7.0,8.170000076293945,40600,0.0,0.0
2022-09-09 00:00:00-04:00,7.849999904632568,9.880000114440918,7.789999961853027,9.84000015258789,46700,0.0,0.0
2022-09-12 00:00:00-04:00,10.0,10.0,8.819999694824219,9.720000267028809,125500,0.0,0.0
2022-09-13 00:00:00-04:00,9.399999618530273,10.0,9.279999732971191,9.720000267028809,171900,0.0,0.0
2022-09-14 00:00:00-04:00,9.920000076293945,10.0,9.585000038146973,10.0,44700,0.0,0.0
2022-09-15 00:00:00-04:00,9.949999809265137,10.0,9.399999618530273,9.819999694824219,61500,0.0,0.0
2022-09-16 00:00:00-04:00,9.90999984741211,10.15999984741211,9.119999885559082,10.140000343322754,630200,0.0,0.0
2022-09-19 00:00:00-04:00,9.880000114440918,11.050000190734863,9.479999542236328,10.319999694824219,59400,0.0,0.0
2022-09-20 00:00:00-04:00,10.039999961853027,10.4350004196167,9.5,9.729999542236328,82700,0.0,0.0
2022-09-21 00:00:00-04:00,10.0,10.1899995803833,8.460000038146973,8.6899995803833,104700,0.0,0.0
2022-09-22 00:00:00-04:00,8.6899995803833,10.0,8.420000076293945,8.869999885559082,97800,0.0,0.0
2022-09-23 00:00:00-04:00,8.789999961853027,9.930000305175781,8.609999656677246,9.199999809265137,60000,0.0,0.0
2022-09-26 00:00:00-04:00,9.100000381469727,9.925000190734863,8.680000305175781,8.8100004196167,29000,0.0,0.0
2022-09-27 00:00:00-04:00,9.399999618530273,9.449999809265137,8.90999984741211,9.100000381469727,13200,0.0,0.0
2022-09-28 00:00:00-04:00,8.949999809265137,10.199999809265137,8.949999809265137,9.970000267028809,20700,0.0,0.0
2022-09-29 00:00:00-04:00,9.869999885559082,9.869999885559082,8.75,8.850000381469727,90900,0.0,0.0
2022-09-30 00:00:00-04:00,9.010000228881836,9.90999984741211,8.760000228881836,9.010000228881836,22900,0.0,0.0
2022-10-03 00:00:00-04:00,8.890000343322754,9.970000267028809,8.890000343322754,9.300000190734863,5200,0.0,0.0
2022-10-04 00:00:00-04:00,9.399999618530273,9.97599983215332,9.329999923706055,9.760000228881836,7100,0.0,0.0
2022-10-05 00:00:00-04:00,9.5649995803833,10.0,9.5649995803833,9.600000381469727,14200,0.0,0.0
2022-10-06 00:00:00-04:00,9.710000038146973,10.0,9.699999809265137,9.850000381469727,40800,0.0,0.0
2022-10-07 00:00:00-04:00,9.960000038146973,10.0,9.199999809265137,9.460000038146973,79900,0.0,0.0
2022-10-10 00:00:00-04:00,9.460000038146973,9.84000015258789,9.1899995803833,9.630000114440918,26300,0.0,0.0
2022-10-11 00:00:00-04:00,9.600000381469727,10.0,9.430000305175781,9.760000228881836,12800,0.0,0.0
2022-10-12 00:00:00-04:00,9.5,10.0,9.5,9.59000015258789,5900,0.0,0.0
2022-10-13 00:00:00-04:00,10.0,10.25,9.86299991607666,10.25,49100,0.0,0.0
2022-10-14 00:00:00-04:00,10.5,10.5,9.859999656677246,9.90999984741211,54600,0.0,0.0
2022-10-17 00:00:00-04:00,10.25,10.479999542236328,9.970000267028809,9.970000267028809,9300,0.0,0.0
2022-10-18 00:00:00-04:00,10.300000190734863,10.5,9.970000267028809,9.970000267028809,19600,0.0,0.0
2022-10-19 00:00:00-04:00,9.9399995803833,10.300000190734863,9.9399995803833,10.149999618530273,42500,0.0,0.0
2022-10-20 00:00:00-04:00,10.300000190734863,10.399999618530273,10.069999694824219,10.329999923706055,36000,0.0,0.0
2022-10-21 00:00:00-04:00,10.15999984741211,10.928999900817871,10.0,10.270000457763672,11100,0.0,0.0
2022-10-24 00:00:00-04:00,10.170000076293945,10.199999809265137,9.880000114440918,10.069999694824219,18500,0.0,0.0
2022-10-25 00:00:00-04:00,10.149999618530273,10.489999771118164,9.729999542236328,10.199999809265137,23000,0.0,0.0
2022-10-26 00:00:00-04:00,10.479999542236328,10.479999542236328,10.010000228881836,10.199999809265137,30000,0.0,0.0
2022-10-27 00:00:00-04:00,10.109999656677246,10.199999809265137,9.975000381469727,10.109999656677246,9000,0.0,0.0
2022-10-28 00:00:00-04:00,9.979999542236328,10.5,9.979999542236328,10.5,17000,0.0,0.0
2022-10-31 00:00:00-04:00,10.399999618530273,10.430000305175781,10.100000381469727,10.119999885559082,7200,0.0,0.0
2022-11-01 00:00:00-04:00,10.359999656677246,10.5,10.199999809265137,10.5,19600,0.0,0.0
2022-11-02 00:00:00-04:00,10.279999732971191,10.489999771118164,10.25,10.479999542236328,5000,0.0,0.0
2022-11-03 00:00:00-04:00,10.3100004196167,10.510000228881836,10.300000190734863,10.5,37000,0.0,0.0
2022-11-04 00:00:00-04:00,10.5,10.5,10.300000190734863,10.460000038146973,12600,0.0,0.0
2022-11-07 00:00:00-05:00,10.489999771118164,10.680000305175781,10.270000457763672,10.5,19000,0.0,0.0
2022-11-08 00:00:00-05:00,10.649999618530273,10.649999618530273,10.34000015258789,10.470000267028809,41200,0.0,0.0
2022-11-09 00:00:00-05:00,10.289999961853027,10.649999618530273,10.289999961853027,10.550000190734863,12900,0.0,0.0
2022-11-10 00:00:00-05:00,10.649999618530273,10.649999618530273,10.425000190734863,10.649999618530273,11300,0.0,0.0
2022-11-11 00:00:00-05:00,10.649999618530273,14.0,10.204999923706055,11.380000114440918,101900,0.0,0.0
2022-11-14 00:00:00-05:00,10.970000267028809,11.9399995803833,10.279999732971191,11.199999809265137,94300,0.0,0.0
2022-11-15 00:00:00-05:00,11.1899995803833,11.75,10.255000114440918,10.84000015258789,46800,0.0,0.0
2022-11-16 00:00:00-05:00,10.880000114440918,10.880000114440918,10.119999885559082,10.449999809265137,81700,0.0,0.0
2022-11-17 00:00:00-05:00,10.479999542236328,10.989999771118164,9.760000228881836,10.039999961853027,56100,0.0,0.0
2022-11-18 00:00:00-05:00,10.09000015258789,10.289999961853027,9.399999618530273,9.699999809265137,82700,0.0,0.0
2022-11-21 00:00:00-05:00,9.630000114440918,10.300000190734863,9.029999732971191,9.029999732971191,49300,0.0,0.0
2022-11-22 00:00:00-05:00,9.220000267028809,10.074999809265137,8.020000457763672,9.109999656677246,167200,0.0,0.0
2022-11-23 00:00:00-05:00,9.109999656677246,10.899999618530273,8.78499984741211,9.609999656677246,248400,0.0,0.0
2022-11-25 00:00:00-05:00,9.5600004196167,10.1899995803833,9.25,9.3100004196167,54200,0.0,0.0
2022-11-28 00:00:00-05:00,9.289999961853027,10.02400016784668,8.239999771118164,8.449999809265137,226900,0.0,0.0
2022-11-29 00:00:00-05:00,8.510000228881836,9.109999656677246,8.260000228881836,9.020000457763672,80400,0.0,0.0
2022-11-30 00:00:00-05:00,9.09000015258789,9.239999771118164,8.550000190734863,9.109999656677246,557200,0.0,0.0
2022-12-01 00:00:00-05:00,8.9399995803833,10.460000038146973,8.359999656677246,10.25,238900,0.0,0.0
2022-12-02 00:00:00-05:00,10.109999656677246,10.5,9.800000190734863,10.3100004196167,113600,0.0,0.0
2022-12-05 00:00:00-05:00,9.819999694824219,10.5,9.65999984741211,10.479999542236328,52700,0.0,0.0
2022-12-06 00:00:00-05:00,10.489999771118164,11.550000190734863,9.710000038146973,10.489999771118164,280500,0.0,0.0
2022-12-07 00:00:00-05:00,10.539999961853027,10.859999656677246,10.199999809265137,10.34000015258789,158200,0.0,0.0
2022-12-08 00:00:00-05:00,10.149999618530273,10.90999984741211,10.149999618530273,10.479999542236328,47900,0.0,0.0
2022-12-09 00:00:00-05:00,10.420000076293945,10.789999961853027,10.234999656677246,10.449999809265137,335200,0.0,0.0
2022-12-12 00:00:00-05:00,10.510000228881836,10.84000015258789,10.369999885559082,10.5600004196167,143700,0.0,0.0
2022-12-13 00:00:00-05:00,10.630000114440918,11.600000381469727,10.399999618530273,10.619999885559082,89300,0.0,0.0
2022-12-14 00:00:00-05:00,10.520000457763672,10.710000038146973,8.680000305175781,8.6899995803833,88400,0.0,0.0
2022-12-15 00:00:00-05:00,9.039999961853027,9.487000465393066,8.0,8.1899995803833,95700,0.0,0.0
2022-12-16 00:00:00-05:00,8.199999809265137,8.199999809265137,7.739999771118164,8.0,126300,0.0,0.0
2022-12-19 00:00:00-05:00,7.829999923706055,8.84000015258789,7.829999923706055,8.270000457763672,42900,0.0,0.0
2022-12-20 00:00:00-05:00,8.140000343322754,8.75,7.21999979019165,7.300000190734863,58200,0.0,0.0
2022-12-21 00:00:00-05:00,7.448999881744385,8.239999771118164,7.448999881744385,7.53000020980835,103000,0.0,0.0
2022-12-22 00:00:00-05:00,7.630000114440918,8.395000457763672,7.410999774932861,7.420000076293945,48000,0.0,0.0
2022-12-23 00:00:00-05:00,7.349999904632568,7.4770002365112305,6.5,6.53000020980835,209700,0.0,0.0
2022-12-27 00:00:00-05:00,6.550000190734863,7.160999774932861,6.150000095367432,6.150000095367432,43300,0.0,0.0
2022-12-28 00:00:00-05:00,6.099999904632568,6.150000095367432,5.139999866485596,5.46999979019165,90000,0.0,0.0
2022-12-29 00:00:00-05:00,5.78000020980835,7.28000020980835,5.385000228881836,7.050000190734863,153700,0.0,0.0
2022-12-30 00:00:00-05:00,7.739999771118164,7.739999771118164,6.309999942779541,6.860000133514404,62400,0.0,0.0
2023-01-03 00:00:00-05:00,7.320000171661377,7.760000228881836,6.860000133514404,6.869999885559082,48000,0.0,0.0
2023-01-04 00:00:00-05:00,6.860000133514404,7.184999942779541,6.519999980926514,6.909999847412109,50400,0.0,0.0
2023-01-05 00:00:00-05:00,6.670000076293945,6.829999923706055,6.059999942779541,6.320000171661377,50400,0.0,0.0
2023-01-06 00:00:00-05:00,6.230000019073486,6.5,6.0,6.099999904632568,40100,0.0,0.0
2023-01-09 00:00:00-05:00,6.300000190734863,7.105000019073486,5.900000095367432,7.0,76700,0.0,0.0
2023-01-10 00:00:00-05:00,6.639999866485596,7.670000076293945,6.550000190734863,7.670000076293945,61600,0.0,0.0
2023-01-11 00:00:00-05:00,8.989999771118164,8.989999771118164,6.75,7.650000095367432,565000,0.0,0.0
2023-01-12 00:00:00-05:00,7.639999866485596,8.0,7.019999980926514,8.0,126300,0.0,0.0
2023-01-13 00:00:00-05:00,7.519999980926514,8.430000305175781,7.519999980926514,8.430000305175781,73300,0.0,0.0
2023-01-17 00:00:00-05:00,8.34000015258789,9.4399995803833,8.15999984741211,9.010000228881836,84800,0.0,0.0
2023-01-18 00:00:00-05:00,8.779999732971191,9.460000038146973,8.6899995803833,9.390000343322754,90900,0.0,0.0
2023-01-19 00:00:00-05:00,9.140000343322754,9.390000343322754,8.760000228881836,9.300000190734863,35500,0.0,0.0
2023-01-20 00:00:00-05:00,9.09000015258789,9.489999771118164,8.770000457763672,9.470000267028809,43000,0.0,0.0
2023-01-23 00:00:00-05:00,9.319999694824219,10.399999618530273,9.119999885559082,10.399999618530273,159800,0.0,0.0
2023-01-24 00:00:00-05:00,10.109999656677246,10.5,9.760000228881836,9.760000228881836,98800,0.0,0.0
2023-01-25 00:00:00-05:00,9.579999923706055,9.579999923706055,8.449999809265137,8.449999809265137,55600,0.0,0.0
2023-01-26 00:00:00-05:00,8.680000305175781,9.380000114440918,8.680000305175781,9.09000015258789,92300,0.0,0.0
2023-01-27 00:00:00-05:00,8.90999984741211,10.119999885559082,8.802000045776367,10.119999885559082,70800,0.0,0.0
2023-01-30 00:00:00-05:00,9.760000228881836,10.300000190734863,9.010000228881836,9.9399995803833,91400,0.0,0.0
2023-01-31 00:00:00-05:00,9.460000038146973,10.489999771118164,9.460000038146973,10.430000305175781,63900,0.0,0.0
2023-02-01 00:00:00-05:00,10.289999961853027,10.760000228881836,9.920000076293945,10.460000038146973,74400,0.0,0.0
2023-02-02 00:00:00-05:00,10.479999542236328,10.6899995803833,10.199999809265137,10.350000381469727,64300,0.0,0.0
2023-02-03 00:00:00-05:00,10.0600004196167,10.550000190734863,10.020000457763672,10.390000343322754,74100,0.0,0.0
2023-02-06 00:00:00-05:00,10.220000267028809,11.0,10.220000267028809,11.0,117900,0.0,0.0
2023-02-07 00:00:00-05:00,10.800000190734863,11.739999771118164,10.369999885559082,11.5,170300,0.0,0.0
2023-02-08 00:00:00-05:00,11.6899995803833,11.954999923706055,10.899999618530273,11.75,162600,0.0,0.0
2023-02-09 00:00:00-05:00,11.630000114440918,12.579999923706055,11.600000381469727,11.970000267028809,145400,0.0,0.0
2023-02-10 00:00:00-05:00,12.069999694824219,12.119999885559082,11.520000457763672,11.960000038146973,73400,0.0,0.0
2023-02-13 00:00:00-05:00,11.899999618530273,13.3100004196167,11.789999961853027,12.119999885559082,63500,0.0,0.0
2023-02-14 00:00:00-05:00,12.0,12.694999694824219,10.760000228881836,11.350000381469727,128900,0.0,0.0
2023-02-15 00:00:00-05:00,11.489999771118164,12.279999732971191,10.854999542236328,11.819999694824219,44100,0.0,0.0
2023-02-16 00:00:00-05:00,11.489999771118164,12.369999885559082,10.34000015258789,11.489999771118164,45000,0.0,0.0
2023-02-17 00:00:00-05:00,11.069999694824219,11.843000411987305,10.75,11.59000015258789,17800,0.0,0.0
2023-02-21 00:00:00-05:00,11.25,11.720000267028809,10.414999961853027,11.0,42500,0.0,0.0
2023-02-22 00:00:00-05:00,10.739999771118164,12.020000457763672,10.739999771118164,11.949999809265137,35700,0.0,0.0
2023-02-23 00:00:00-05:00,11.949999809265137,12.270000457763672,11.663000106811523,11.829999923706055,30500,0.0,0.0
2023-02-24 00:00:00-05:00,11.970000267028809,12.045000076293945,11.399999618530273,11.5,26400,0.0,0.0
2023-02-27 00:00:00-05:00,11.710000038146973,12.140000343322754,11.315999984741211,11.5,22700,0.0,0.0
2023-02-28 00:00:00-05:00,11.680000305175781,12.050000190734863,11.364999771118164,11.6899995803833,186600,0.0,0.0
2023-03-01 00:00:00-05:00,11.5,11.899999618530273,11.40999984741211,11.5649995803833,43400,0.0,0.0
2023-03-02 00:00:00-05:00,11.59000015258789,11.899999618530273,11.185999870300293,11.569999694824219,47900,0.0,0.0
2023-03-03 00:00:00-05:00,11.59000015258789,11.899999618530273,11.399999618530273,11.529999732971191,18700,0.0,0.0
2023-03-06 00:00:00-05:00,11.0,12.890000343322754,10.640999794006348,11.920000076293945,753700,0.0,0.0
2023-03-07 00:00:00-05:00,12.130000114440918,13.739999771118164,11.862000465393066,11.979999542236328,273200,0.0,0.0
2023-03-08 00:00:00-05:00,12.149999618530273,13.215999603271484,11.84000015258789,11.90999984741211,299400,0.0,0.0
2023-03-09 00:00:00-05:00,12.0,12.550000190734863,11.479999542236328,12.100000381469727,273700,0.0,0.0
2023-03-10 00:00:00-05:00,11.829999923706055,12.779999732971191,11.1899995803833,11.970000267028809,295900,0.0,0.0
2023-03-13 00:00:00-04:00,11.600000381469727,14.1899995803833,11.600000381469727,13.779999732971191,293800,0.0,0.0
2023-03-14 00:00:00-04:00,13.890000343322754,14.0,12.885000228881836,12.949999809265137,276400,0.0,0.0
2023-03-15 00:00:00-04:00,12.869999885559082,13.399999618530273,12.630000114440918,12.65999984741211,1091500,0.0,0.0
2023-03-16 00:00:00-04:00,12.579999923706055,13.350000381469727,12.300000190734863,12.460000038146973,971700,0.0,0.0
2023-03-17 00:00:00-04:00,12.25,13.140000343322754,12.25,12.449999809265137,977000,0.0,0.0
2023-03-20 00:00:00-04:00,12.569999694824219,13.154999732971191,9.119999885559082,9.90999984741211,727300,0.0,0.0
2023-03-21 00:00:00-04:00,9.970000267028809,10.399999618530273,9.300000190734863,9.859999656677246,1283500,0.0,0.0
2023-03-22 00:00:00-04:00,9.550000190734863,11.039999961853027,9.550000190734863,10.699999809265137,203600,0.0,0.0
2023-03-23 00:00:00-04:00,10.649999618530273,11.404999732971191,10.550000190734863,10.949999809265137,191000,0.0,0.0
2023-03-24 00:00:00-04:00,10.960000038146973,13.210000038146973,10.960000038146973,12.619999885559082,432800,0.0,0.0
2023-03-27 00:00:00-04:00,13.260000228881836,13.770000457763672,12.760000228881836,12.989999771118164,522900,0.0,0.0
2023-03-28 00:00:00-04:00,12.989999771118164,13.130000114440918,11.779999732971191,12.029999732971191,230500,0.0,0.0
2023-03-29 00:00:00-04:00,12.029999732971191,13.0,11.399999618530273,11.720000267028809,198000,0.0,0.0
2023-03-30 00:00:00-04:00,11.680000305175781,11.848999977111816,11.319999694824219,11.380000114440918,135700,0.0,0.0
2023-03-31 00:00:00-04:00,11.380000114440918,11.47700023651123,10.65999984741211,11.319999694824219,345400,0.0,0.0
2023-04-03 00:00:00-04:00,11.210000038146973,11.270000457763672,10.920000076293945,11.109999656677246,83700,0.0,0.0
2023-04-04 00:00:00-04:00,11.0600004196167,11.432000160217285,10.720000267028809,10.760000228881836,168900,0.0,0.0
2023-04-05 00:00:00-04:00,10.65999984741211,11.199999809265137,9.050000190734863,9.130000114440918,405200,0.0,0.0
2023-04-06 00:00:00-04:00,9.130000114440918,10.170000076293945,9.130000114440918,9.850000381469727,310100,0.0,0.0
2023-04-10 00:00:00-04:00,9.649999618530273,10.529999732971191,9.649999618530273,10.529999732971191,82800,0.0,0.0
2023-04-11 00:00:00-04:00,10.579999923706055,11.4399995803833,10.399999618530273,11.100000381469727,165200,0.0,0.0
2023-04-12 00:00:00-04:00,11.4399995803833,11.600000381469727,11.039999961853027,11.420000076293945,128200,0.0,0.0
2023-04-13 00:00:00-04:00,11.489999771118164,12.015000343322754,11.324999809265137,11.949999809265137,122100,0.0,0.0
2023-04-14 00:00:00-04:00,11.9399995803833,12.350000381469727,11.829999923706055,12.300000190734863,108000,0.0,0.0
2023-04-17 00:00:00-04:00,12.420000076293945,13.079999923706055,12.329999923706055,12.850000381469727,244200,0.0,0.0
2023-04-18 00:00:00-04:00,12.800000190734863,13.369999885559082,12.760000228881836,13.0,90400,0.0,0.0
2023-04-19 00:00:00-04:00,13.050000190734863,13.154000282287598,12.180000305175781,12.210000038146973,119500,0.0,0.0
2023-04-20 00:00:00-04:00,12.119999885559082,12.399999618530273,11.4350004196167,11.649999618530273,119300,0.0,0.0
2023-04-21 00:00:00-04:00,11.640000343322754,12.520000457763672,11.170000076293945,11.899999618530273,157600,0.0,0.0
2023-04-24 00:00:00-04:00,11.6899995803833,12.255000114440918,11.119999885559082,11.449999809265137,110100,0.0,0.0
2023-04-25 00:00:00-04:00,11.460000038146973,11.460000038146973,10.15999984741211,10.449999809265137,198500,0.0,0.0
2023-04-26 00:00:00-04:00,10.989999771118164,10.989999771118164,10.149999618530273,10.180000305175781,140300,0.0,0.0
2023-04-27 00:00:00-04:00,10.079999923706055,10.130000114440918,9.720000267028809,9.789999961853027,123700,0.0,0.0
2023-04-28 00:00:00-04:00,9.789999961853027,9.8100004196167,9.274999618530273,9.4399995803833,92100,0.0,0.0
2023-05-01 00:00:00-04:00,9.479999542236328,10.5,9.390000343322754,10.270000457763672,103600,0.0,0.0
2023-05-02 00:00:00-04:00,10.279999732971191,10.550000190734863,9.420000076293945,9.5600004196167,66300,0.0,0.0
2023-05-03 00:00:00-04:00,9.609999656677246,9.729999542236328,9.25,9.359999656677246,72100,0.0,0.0
2023-05-04 00:00:00-04:00,9.40999984741211,9.619999885559082,9.050000190734863,9.25,83500,0.0,0.0
2023-05-05 00:00:00-04:00,9.359999656677246,9.359999656677246,8.239999771118164,9.050000190734863,141300,0.0,0.0
2023-05-08 00:00:00-04:00,9.119999885559082,9.510000228881836,8.829999923706055,9.399999618530273,70900,0.0,0.0
2023-05-09 00:00:00-04:00,9.229999542236328,9.239999771118164,8.880000114440918,9.100000381469727,116700,0.0,0.0
2023-05-10 00:00:00-04:00,9.079999923706055,9.239999771118164,8.859999656677246,9.0,61900,0.0,0.0
2023-05-11 00:00:00-04:00,8.9399995803833,9.140000343322754,8.755000114440918,9.020000457763672,77300,0.0,0.0
2023-05-12 00:00:00-04:00,9.199999809265137,9.640000343322754,8.944999694824219,9.109999656677246,72400,0.0,0.0
2023-05-15 00:00:00-04:00,9.149999618530273,9.539999961853027,9.039999961853027,9.220000267028809,56100,0.0,0.0
2023-05-16 00:00:00-04:00,9.109999656677246,9.800000190734863,8.975000381469727,9.729999542236328,94400,0.0,0.0
2023-05-17 00:00:00-04:00,9.739999771118164,10.3100004196167,9.619999885559082,10.1899995803833,80700,0.0,0.0
2023-05-18 00:00:00-04:00,10.210000038146973,10.569999694824219,9.149999618530273,9.40999984741211,162200,0.0,0.0
2023-05-19 00:00:00-04:00,9.399999618530273,9.539999961853027,9.149999618530273,9.199999809265137,164800,0.0,0.0
2023-05-22 00:00:00-04:00,9.279999732971191,10.15999984741211,9.15999984741211,10.010000228881836,180900,0.0,0.0
2023-05-23 00:00:00-04:00,9.9399995803833,10.819999694824219,9.9399995803833,10.430000305175781,146000,0.0,0.0
2023-05-24 00:00:00-04:00,10.420000076293945,10.90999984741211,10.170000076293945,10.550000190734863,102300,0.0,0.0
2023-05-25 00:00:00-04:00,10.479999542236328,10.720000267028809,9.739999771118164,10.25,74200,0.0,0.0
2023-05-26 00:00:00-04:00,10.260000228881836,11.180000305175781,10.100000381469727,10.979999542236328,80400,0.0,0.0
2023-05-30 00:00:00-04:00,11.180000305175781,12.267999649047852,10.807999610900879,11.220000267028809,128300,0.0,0.0
2023-05-31 00:00:00-04:00,11.859999656677246,12.1899995803833,11.210000038146973,12.140000343322754,199900,0.0,0.0
2023-06-01 00:00:00-04:00,12.239999771118164,12.239999771118164,11.199999809265137,11.210000038146973,197100,0.0,0.0
2023-06-02 00:00:00-04:00,11.109999656677246,11.789999961853027,11.0,11.510000228881836,147800,0.0,0.0
2023-06-05 00:00:00-04:00,11.3100004196167,12.180000305175781,11.15999984741211,12.130000114440918,159300,0.0,0.0
2023-06-06 00:00:00-04:00,11.960000038146973,12.270000457763672,11.770000457763672,12.0,200200,0.0,0.0
2023-06-07 00:00:00-04:00,11.899999618530273,11.932000160217285,11.180000305175781,11.350000381469727,141200,0.0,0.0
2023-06-08 00:00:00-04:00,11.399999618530273,11.9399995803833,11.319999694824219,11.479999542236328,121000,0.0,0.0
2023-06-09 00:00:00-04:00,11.289999961853027,12.069999694824219,11.289999961853027,12.0600004196167,384800,0.0,0.0
2023-06-12 00:00:00-04:00,12.100000381469727,12.470000267028809,11.670000076293945,11.859999656677246,192800,0.0,0.0
2023-06-13 00:00:00-04:00,11.680000305175781,12.380000114440918,11.529999732971191,11.65999984741211,231300,0.0,0.0
2023-06-14 00:00:00-04:00,11.710000038146973,12.170000076293945,11.210000038146973,11.25,444400,0.0,0.0
2023-06-15 00:00:00-04:00,11.1899995803833,11.600000381469727,10.970000267028809,11.25,527300,0.0,0.0
2023-06-16 00:00:00-04:00,11.289999961853027,11.6899995803833,10.029999732971191,10.395000457763672,811600,0.0,0.0
2023-06-20 00:00:00-04:00,10.619999885559082,11.510000228881836,10.489999771118164,10.739999771118164,708400,0.0,0.0
2023-06-21 00:00:00-04:00,10.630000114440918,11.069999694824219,10.359999656677246,10.75,763200,0.0,0.0
2023-06-22 00:00:00-04:00,10.779999732971191,11.4399995803833,10.649999618530273,11.100000381469727,329800,0.0,0.0
2023-06-23 00:00:00-04:00,10.979999542236328,11.404999732971191,9.90999984741211,10.050000190734863,8618800,0.0,0.0
2023-06-26 00:00:00-04:00,10.050000190734863,10.119999885559082,9.57800006866455,9.9399995803833,496900,0.0,0.0
2023-06-27 00:00:00-04:00,9.949999809265137,10.050000190734863,9.579999923706055,9.970000267028809,215600,0.0,0.0
2023-06-28 00:00:00-04:00,9.960000038146973,10.09000015258789,9.859999656677246,9.90999984741211,173400,0.0,0.0
2023-06-29 00:00:00-04:00,9.8100004196167,10.5600004196167,9.8100004196167,10.5600004196167,258800,0.0,0.0
2023-06-30 00:00:00-04:00,10.569999694824219,11.489999771118164,10.569999694824219,11.1899995803833,409500,0.0,0.0
2023-07-03 00:00:00-04:00,11.180000305175781,11.470000267028809,10.979999542236328,11.470000267028809,52300,0.0,0.0
2023-07-05 00:00:00-04:00,11.5,12.210000038146973,11.399999618530273,11.770000457763672,238200,0.0,0.0
2023-07-06 00:00:00-04:00,11.699999809265137,11.699999809265137,10.15999984741211,11.079999923706055,262400,0.0,0.0
2023-07-07 00:00:00-04:00,11.09000015258789,11.34000015258789,10.90999984741211,11.270000457763672,137800,0.0,0.0
2023-07-10 00:00:00-04:00,11.180000305175781,11.670000076293945,11.180000305175781,11.4399995803833,109400,0.0,0.0
2023-07-11 00:00:00-04:00,11.449999809265137,11.630000114440918,10.569999694824219,10.890000343322754,217900,0.0,0.0
2023-07-12 00:00:00-04:00,11.0600004196167,11.079999923706055,10.720000267028809,10.920000076293945,103100,0.0,0.0
2023-07-13 00:00:00-04:00,10.9399995803833,11.279999732971191,10.880000114440918,11.229999542236328,102300,0.0,0.0
2023-07-14 00:00:00-04:00,11.15999984741211,11.220000267028809,10.800000190734863,11.119999885559082,87700,0.0,0.0
2023-07-17 00:00:00-04:00,11.15999984741211,12.149999618530273,11.15999984741211,11.859999656677246,187300,0.0,0.0
2023-07-18 00:00:00-04:00,11.899999618530273,12.229999542236328,11.199999809265137,11.390000343322754,156200,0.0,0.0
2023-07-19 00:00:00-04:00,11.479999542236328,11.819999694824219,11.149999618530273,11.239999771118164,154800,0.0,0.0
2023-07-20 00:00:00-04:00,11.300000190734863,11.34000015258789,10.619999885559082,11.149999618530273,119900,0.0,0.0
2023-07-21 00:00:00-04:00,11.319999694824219,11.895000457763672,11.180000305175781,11.600000381469727,172500,0.0,0.0
2023-07-24 00:00:00-04:00,11.649999618530273,11.84000015258789,11.119999885559082,11.390000343322754,119500,0.0,0.0
2023-07-25 00:00:00-04:00,11.609999656677246,12.170000076293945,11.300000190734863,11.510000228881836,140700,0.0,0.0
2023-07-26 00:00:00-04:00,11.510000228881836,12.210000038146973,11.510000228881836,11.649999618530273,94600,0.0,0.0
2023-07-27 00:00:00-04:00,11.8100004196167,11.991999626159668,11.300000190734863,11.359999656677246,118500,0.0,0.0
2023-07-28 00:00:00-04:00,11.460000038146973,12.149999618530273,11.460000038146973,11.9399995803833,91200,0.0,0.0
2023-07-31 00:00:00-04:00,11.979999542236328,12.850000381469727,11.850000381469727,12.819999694824219,167300,0.0,0.0
2023-08-01 00:00:00-04:00,12.699999809265137,13.175000190734863,12.489999771118164,13.079999923706055,226900,0.0,0.0
2023-08-02 00:00:00-04:00,12.979999542236328,13.100000381469727,12.300000190734863,12.880000114440918,181600,0.0,0.0
2023-08-03 00:00:00-04:00,12.829999923706055,12.9399995803833,12.020000457763672,12.1899995803833,119900,0.0,0.0
2023-08-04 00:00:00-04:00,12.210000038146973,13.0,12.079999923706055,12.9399995803833,137300,0.0,0.0
2023-08-07 00:00:00-04:00,13.079999923706055,13.079999923706055,12.119999885559082,12.289999961853027,75900,0.0,0.0
2023-08-08 00:00:00-04:00,12.220000267028809,12.984999656677246,12.140000343322754,12.75,146900,0.0,0.0
2023-08-09 00:00:00-04:00,12.760000228881836,12.960000038146973,12.329999923706055,12.890000343322754,174000,0.0,0.0
2023-08-10 00:00:00-04:00,13.109999656677246,13.170000076293945,12.420000076293945,12.720000267028809,137400,0.0,0.0
2023-08-11 00:00:00-04:00,12.960000038146973,13.510000228881836,12.765000343322754,12.9399995803833,131000,0.0,0.0
2023-08-14 00:00:00-04:00,12.920000076293945,12.920000076293945,11.5600004196167,11.770000457763672,124700,0.0,0.0
2023-08-15 00:00:00-04:00,11.770000457763672,11.880000114440918,11.0,11.020000457763672,221900,0.0,0.0
2023-08-16 00:00:00-04:00,11.0,11.229999542236328,10.130000114440918,10.300000190734863,162800,0.0,0.0
2023-08-17 00:00:00-04:00,10.289999961853027,10.477999687194824,9.664999961853027,9.770000457763672,204300,0.0,0.0
2023-08-18 00:00:00-04:00,9.680000305175781,10.029999732971191,9.600000381469727,9.760000228881836,177900,0.0,0.0
2023-08-21 00:00:00-04:00,9.75,9.75,8.84000015258789,9.319999694824219,305100,0.0,0.0
2023-08-22 00:00:00-04:00,9.369999885559082,9.835000038146973,9.199999809265137,9.59000015258789,167200,0.0,0.0
2023-08-23 00:00:00-04:00,9.59000015258789,9.949999809265137,9.550000190734863,9.729999542236328,173900,0.0,0.0
2023-08-24 00:00:00-04:00,9.65999984741211,9.744999885559082,8.890000343322754,8.90999984741211,143200,0.0,0.0
2023-08-25 00:00:00-04:00,8.949999809265137,9.050000190734863,8.399999618530273,8.510000228881836,327300,0.0,0.0
2023-08-28 00:00:00-04:00,8.569999694824219,9.020000457763672,8.479999542236328,8.579999923706055,248800,0.0,0.0
2023-08-29 00:00:00-04:00,8.5600004196167,9.119999885559082,8.5,8.819999694824219,327300,0.0,0.0
2023-08-30 00:00:00-04:00,8.8100004196167,9.218999862670898,8.6899995803833,8.989999771118164,380700,0.0,0.0
2023-08-31 00:00:00-04:00,8.989999771118164,9.25,8.539999961853027,8.579999923706055,482100,0.0,0.0
2023-09-01 00:00:00-04:00,8.65999984741211,8.890000343322754,8.380000114440918,8.640000343322754,343900,0.0,0.0
2023-09-05 00:00:00-04:00,8.59000015258789,8.680000305175781,8.390000343322754,8.510000228881836,470800,0.0,0.0
2023-09-06 00:00:00-04:00,8.489999771118164,8.84000015258789,8.100000381469727,8.25,368100,0.0,0.0
2023-09-07 00:00:00-04:00,8.220000267028809,8.239999771118164,7.830999851226807,7.96999979019165,409700,0.0,0.0
2023-09-08 00:00:00-04:00,7.989999771118164,8.09000015258789,7.809999942779541,8.050000190734863,233100,0.0,0.0
2023-09-11 00:00:00-04:00,8.130000114440918,8.539999961853027,8.100000381469727,8.350000381469727,272600,0.0,0.0
2023-09-12 00:00:00-04:00,8.350000381469727,8.5600004196167,7.690000057220459,7.710000038146973,461000,0.0,0.0
2023-09-13 00:00:00-04:00,7.769999980926514,7.820000171661377,7.159999847412109,7.210000038146973,305800,0.0,0.0
2023-09-14 00:00:00-04:00,7.25,7.389999866485596,6.880000114440918,6.960000038146973,361600,0.0,0.0
2023-09-15 00:00:00-04:00,6.960000038146973,7.010000228881836,6.025000095367432,6.409999847412109,2709700,0.0,0.0
2023-09-18 00:00:00-04:00,6.420000076293945,6.630000114440918,6.389999866485596,6.434999942779541,371500,0.0,0.0
2023-09-19 00:00:00-04:00,6.360000133514404,6.360000133514404,4.84499979019165,4.849999904632568,682000,0.0,0.0
2023-09-20 00:00:00-04:00,4.849999904632568,5.289999961853027,4.550000190734863,4.690000057220459,1884300,0.0,0.0
2023-09-21 00:00:00-04:00,4.590000152587891,4.630000114440918,4.204999923706055,4.349999904632568,652200,0.0,0.0
2023-09-22 00:00:00-04:00,4.380000114440918,4.920000076293945,4.318999767303467,4.829999923706055,1106600,0.0,0.0
2023-09-25 00:00:00-04:00,4.789999961853027,4.929999828338623,4.340000152587891,4.400000095367432,310600,0.0,0.0
2023-09-26 00:00:00-04:00,4.329999923706055,4.449999809265137,4.28000020980835,4.320000171661377,260500,0.0,0.0
2023-09-27 00:00:00-04:00,4.320000171661377,4.340000152587891,3.950000047683716,4.320000171661377,729100,0.0,0.0
2023-09-28 00:00:00-04:00,4.349999904632568,4.980000019073486,4.349999904632568,4.710000038146973,671200,0.0,0.0
2023-09-29 00:00:00-04:00,4.760000228881836,4.800000190734863,4.360000133514404,4.579999923706055,283100,0.0,0.0
2023-10-02 00:00:00-04:00,4.570000171661377,4.579999923706055,4.230000019073486,4.300000190734863,358200,0.0,0.0
2023-10-03 00:00:00-04:00,4.239999771118164,4.489999771118164,4.179999828338623,4.480000019073486,336000,0.0,0.0
2023-10-04 00:00:00-04:00,4.510000228881836,4.78000020980835,4.375,4.760000228881836,358900,0.0,0.0
2023-10-05 00:00:00-04:00,4.730000019073486,4.849999904632568,4.639999866485596,4.75,302000,0.0,0.0
2023-10-06 00:00:00-04:00,4.730000019073486,4.730000019073486,4.28000020980835,4.630000114440918,485200,0.0,0.0
2023-10-09 00:00:00-04:00,4.630000114440918,4.630000114440918,4.144999980926514,4.15500020980835,3611900,0.0,0.0
2023-10-10 00:00:00-04:00,4.119999885559082,4.519999980926514,4.099999904632568,4.510000228881836,534000,0.0,0.0
2023-10-11 00:00:00-04:00,4.400000095367432,4.400000095367432,3.680000066757202,3.7200000286102295,925300,0.0,0.0
2023-10-12 00:00:00-04:00,3.7100000381469727,3.7249999046325684,2.369999885559082,2.549999952316284,1345500,0.0,0.0
2023-10-13 00:00:00-04:00,2.6500000953674316,2.7699999809265137,2.509999990463257,2.7699999809265137,1778700,0.0,0.0
2023-10-16 00:00:00-04:00,2.799999952316284,3.069999933242798,2.75,2.9000000953674316,1234700,0.0,0.0
2023-10-17 00:00:00-04:00,2.890000104904175,3.0199999809265137,2.6500000953674316,2.6700000762939453,698700,0.0,0.0
2023-10-18 00:00:00-04:00,2.640000104904175,2.6600000858306885,2.130000114440918,2.2200000286102295,825500,0.0,0.0
2023-10-19 00:00:00-04:00,2.240000009536743,2.2750000953674316,2.0999999046325684,2.2049999237060547,1315800,0.0,0.0
2023-10-20 00:00:00-04:00,2.2200000286102295,2.2200000286102295,1.7599999904632568,1.7699999809265137,712000,0.0,0.0
2023-10-23 00:00:00-04:00,1.75,1.940000057220459,1.6299999952316284,1.7899999618530273,981500,0.0,0.0
2023-10-24 00:00:00-04:00,1.7699999809265137,1.8700000047683716,1.6200000047683716,1.840000033378601,1026800,0.0,0.0
2023-10-25 00:00:00-04:00,1.8300000429153442,1.850000023841858,1.649999976158142,1.7450000047683716,373700,0.0,0.0
2023-10-26 00:00:00-04:00,1.75,1.840000033378601,1.75,1.8350000381469727,493800,0.0,0.0
2023-10-27 00:00:00-04:00,1.7799999713897705,1.8300000429153442,1.4500000476837158,1.5049999952316284,1206100,0.0,0.0
2023-10-30 00:00:00-04:00,1.5,1.7200000286102295,1.4500000476837158,1.690000057220459,1034700,0.0,0.0
2023-10-31 00:00:00-04:00,1.7999999523162842,1.850000023841858,1.5700000524520874,1.6299999952316284,936800,0.0,0.0
2023-11-01 00:00:00-04:00,1.6399999856948853,1.7000000476837158,1.4800000190734863,1.6649999618530273,702000,0.0,0.0
2023-11-02 00:00:00-04:00,1.649999976158142,1.8200000524520874,1.559999942779541,1.8200000524520874,687200,0.0,0.0
2023-11-03 00:00:00-04:00,1.850000023841858,2.009999990463257,1.590000033378601,1.6100000143051147,1141800,0.0,0.0
2023-11-06 00:00:00-05:00,1.590000033378601,1.659999966621399,1.5299999713897705,1.5700000524520874,413500,0.0,0.0
2023-11-07 00:00:00-05:00,1.5700000524520874,1.6399999856948853,1.5099999904632568,1.6100000143051147,317000,0.0,0.0
2023-11-08 00:00:00-05:00,1.6100000143051147,1.7100000381469727,1.590000033378601,1.6749999523162842,281000,0.0,0.0
2023-11-09 00:00:00-05:00,1.7000000476837158,1.7400000095367432,1.6200000047683716,1.6699999570846558,550300,0.0,0.0
2023-11-10 00:00:00-05:00,1.690000057220459,1.7100000381469727,1.559999942779541,1.600000023841858,685400,0.0,0.0
2023-11-13 00:00:00-05:00,1.6200000047683716,1.6200000047683716,1.5099999904632568,1.600000023841858,629600,0.0,0.0
2023-11-14 00:00:00-05:00,1.8200000524520874,1.8700000047683716,1.375,1.5199999809265137,1847600,0.0,0.0
2023-11-15 00:00:00-05:00,1.4900000095367432,1.7949999570846558,1.340000033378601,1.3899999856948853,2056000,0.0,0.0
2023-11-16 00:00:00-05:00,1.409999966621399,1.409999966621399,1.1699999570846558,1.2300000190734863,1481500,0.0,0.0
2023-11-17 00:00:00-05:00,1.2400000095367432,1.2599999904632568,1.1200000047683716,1.2100000381469727,1497800,0.0,0.0
2023-11-20 00:00:00-05:00,1.2699999809265137,1.8300000429153442,1.2699999809265137,1.7599999904632568,6342600,0.0,0.0
2023-11-21 00:00:00-05:00,1.7999999523162842,2.1649999618530273,1.6050000190734863,1.8600000143051147,5425800,0.0,0.0
2023-11-22 00:00:00-05:00,1.8700000047683716,1.9800000190734863,1.649999976158142,1.7899999618530273,2240700,0.0,0.0
2023-11-24 00:00:00-05:00,1.809999942779541,1.9600000381469727,1.6299999952316284,1.7200000286102295,913600,0.0,0.0
2023-11-27 00:00:00-05:00,1.7200000286102295,1.75,1.5399999618530273,1.7400000095367432,923300,0.0,0.0
2023-11-28 00:00:00-05:00,1.7100000381469727,1.9299999475479126,1.6799999475479126,1.8600000143051147,477000,0.0,0.0
2023-11-29 00:00:00-05:00,1.809999942779541,2.009999990463257,1.809999942779541,1.8700000047683716,593400,0.0,0.0
2023-11-30 00:00:00-05:00,1.8700000047683716,1.909999966621399,1.6649999618530273,1.6799999475479126,1035600,0.0,0.0
2023-12-01 00:00:00-05:00,1.7300000190734863,1.7300000190734863,1.600000023841858,1.684999942779541,617500,0.0,0.0
2023-12-04 00:00:00-05:00,1.7200000286102295,1.7400000095367432,1.4900000095367432,1.5199999809265137,590500,0.0,0.0
2023-12-05 00:00:00-05:00,1.5499999523162842,1.6799999475479126,1.5199999809265137,1.6799999475479126,319000,0.0,0.0
2023-12-06 00:00:00-05:00,1.6799999475479126,1.9299999475479126,1.6150000095367432,1.8200000524520874,670000,0.0,0.0
2023-12-07 00:00:00-05:00,1.7999999523162842,1.8700000047683716,1.6699999570846558,1.809999942779541,415100,0.0,0.0
2023-12-08 00:00:00-05:00,1.7699999809265137,1.8899999856948853,1.7100000381469727,1.7999999523162842,358600,0.0,0.0
2023-12-11 00:00:00-05:00,1.8200000524520874,1.8899999856948853,1.600000023841858,1.6050000190734863,564600,0.0,0.0
2023-12-12 00:00:00-05:00,1.6399999856948853,1.649999976158142,1.5199999809265137,1.6150000095367432,289500,0.0,0.0
2023-12-13 00:00:00-05:00,1.6100000143051147,1.7999999523162842,1.590000033378601,1.7699999809265137,642900,0.0,0.0
2023-12-14 00:00:00-05:00,1.850000023841858,2.0799999237060547,1.7999999523162842,1.9199999570846558,784000,0.0,0.0
2023-12-15 00:00:00-05:00,1.940000057220459,2.069999933242798,1.7799999713897705,1.7799999713897705,965300,0.0,0.0
2023-12-18 00:00:00-05:00,1.7799999713897705,1.8700000047683716,1.6699999570846558,1.75,433600,0.0,0.0
2023-12-19 00:00:00-05:00,1.75,1.899999976158142,1.7300000190734863,1.8200000524520874,551900,0.0,0.0
2023-12-20 00:00:00-05:00,1.8200000524520874,1.934999942779541,1.7599999904632568,1.7899999618530273,461600,0.0,0.0
2023-12-21 00:00:00-05:00,1.7999999523162842,1.9900000095367432,1.7999999523162842,1.940000057220459,434300,0.0,0.0
2023-12-22 00:00:00-05:00,1.9500000476837158,2.1500000953674316,1.9500000476837158,2.0299999713897705,1160600,0.0,0.0
2023-12-26 00:00:00-05:00,2.0399999618530273,2.259999990463257,2.0199999809265137,2.119999885559082,683200,0.0,0.0
2023-12-27 00:00:00-05:00,2.119999885559082,2.200000047683716,1.8899999856948853,2.119999885559082,986700,0.0,0.0
2023-12-28 00:00:00-05:00,2.240000009536743,2.25,1.7999999523162842,1.8200000524520874,1879900,0.0,0.0
2023-12-29 00:00:00-05:00,1.850000023841858,1.909999966621399,1.690000057220459,1.7799999713897705,1146600,0.0,0.0
2024-01-02 00:00:00-05:00,1.7400000095367432,1.809999942779541,1.659999966621399,1.7100000381469727,837100,0.0,0.0
2024-01-03 00:00:00-05:00,1.6699999570846558,1.718999981880188,1.4800000190734863,1.5,748500,0.0,0.0
2024-01-04 00:00:00-05:00,1.5299999713897705,1.5700000524520874,1.440000057220459,1.5099999904632568,450900,0.0,0.0
2024-01-05 00:00:00-05:00,1.5,1.5199999809265137,1.3700000047683716,1.4600000381469727,921100,0.0,0.0
2024-01-08 00:00:00-05:00,1.4800000190734863,1.6699999570846558,1.4199999570846558,1.4800000190734863,731100,0.0,0.0
2024-01-09 00:00:00-05:00,1.4700000286102295,1.6449999809265137,1.4299999475479126,1.5800000429153442,581000,0.0,0.0
2024-01-10 00:00:00-05:00,1.600000023841858,1.659999966621399,1.5299999713897705,1.6200000047683716,453800,0.0,0.0
2024-01-11 00:00:00-05:00,1.6100000143051147,1.690000057220459,1.5700000524520874,1.5800000429153442,620100,0.0,0.0
2024-01-12 00:00:00-05:00,1.6100000143051147,1.690000057220459,1.5800000429153442,1.6100000143051147,435800,0.0,0.0
2024-01-16 00:00:00-05:00,1.600000023841858,1.6349999904632568,1.3799999952316284,1.4199999570846558,757000,0.0,0.0
2024-01-17 00:00:00-05:00,1.3799999952316284,1.4299999475479126,1.3300000429153442,1.3700000047683716,315400,0.0,0.0
2024-01-18 00:00:00-05:00,1.3300000429153442,1.4299999475479126,1.25,1.350000023841858,607700,0.0,0.0
2024-01-19 00:00:00-05:00,1.3899999856948853,1.3899999856948853,1.2699999809265137,1.2999999523162842,511900,0.0,0.0
2024-01-22 00:00:00-05:00,1.2999999523162842,1.4049999713897705,1.25,1.3700000047683716,632000,0.0,0.0
2024-01-23 00:00:00-05:00,1.3700000047683716,1.5700000524520874,1.3700000047683716,1.5399999618530273,632300,0.0,0.0
2024-01-24 00:00:00-05:00,1.590000033378601,1.684999942779541,1.565000057220459,1.6200000047683716,544600,0.0,0.0
2024-01-25 00:00:00-05:00,1.6299999952316284,1.7200000286102295,1.5499999523162842,1.5800000429153442,408300,0.0,0.0
2024-01-26 00:00:00-05:00,1.6399999856948853,1.659999966621399,1.409999966621399,1.4199999570846558,291300,0.0,0.0
2024-01-29 00:00:00-05:00,1.4299999475479126,1.4800000190734863,1.409999966621399,1.4800000190734863,229600,0.0,0.0
2024-01-30 00:00:00-05:00,1.4700000286102295,1.4700000286102295,1.350000023841858,1.399999976158142,323300,0.0,0.0
2024-01-31 00:00:00-05:00,1.4199999570846558,1.4500000476837158,1.2999999523162842,1.309999942779541,480300,0.0,0.0
2024-02-01 00:00:00-05:00,1.340000033378601,1.340000033378601,1.25,1.2899999618530273,404900,0.0,0.0
2024-02-02 00:00:00-05:00,1.2699999809265137,1.2999999523162842,1.2000000476837158,1.2699999809265137,697000,0.0,0.0
2024-02-05 00:00:00-05:00,1.2699999809265137,1.2699999809265137,1.2000000476837158,1.2400000095367432,405800,0.0,0.0
2024-02-06 00:00:00-05:00,1.25,1.2899999618530273,1.2000000476837158,1.2699999809265137,348400,0.0,0.0
2024-02-07 00:00:00-05:00,1.2799999713897705,1.2999999523162842,1.2400000095367432,1.2400000095367432,277500,0.0,0.0
2024-02-08 00:00:00-05:00,1.25,1.2799999713897705,1.2200000286102295,1.2599999904632568,185800,0.0,0.0
2024-02-09 00:00:00-05:00,1.2599999904632568,1.350000023841858,1.2100000381469727,1.2200000286102295,433100,0.0,0.0
2024-02-12 00:00:00-05:00,1.2400000095367432,1.350000023841858,1.2400000095367432,1.3200000524520874,517300,0.0,0.0
2024-02-13 00:00:00-05:00,1.2799999713897705,1.3049999475479126,1.1799999475479126,1.2000000476837158,541700,0.0,0.0
2024-02-14 00:00:00-05:00,1.2000000476837158,1.2300000190734863,1.2000000476837158,1.215000033378601,286200,0.0,0.0
2024-02-15 00:00:00-05:00,1.2200000286102295,1.2999999523162842,1.2200000286102295,1.2799999713897705,455600,0.0,0.0
2024-02-16 00:00:00-05:00,1.309999942779541,1.7200000286102295,1.2999999523162842,1.5700000524520874,1797100,0.0,0.0
2024-02-20 00:00:00-05:00,1.5800000429153442,1.649999976158142,1.4850000143051147,1.5,519800,0.0,0.0
2024-02-21 00:00:00-05:00,1.5,1.6100000143051147,1.5,1.5199999809265137,300500,0.0,0.0
2024-02-22 00:00:00-05:00,1.5199999809265137,1.5499999523162842,1.399999976158142,1.5,1002900,0.0,0.0
2024-02-23 00:00:00-05:00,1.5299999713897705,1.5499999523162842,1.5,1.5099999904632568,310200,0.0,0.0
2024-02-26 00:00:00-05:00,1.5,1.6799999475479126,1.4900000095367432,1.5399999618530273,544100,0.0,0.0
2024-02-27 00:00:00-05:00,1.5399999618530273,1.625,1.5099999904632568,1.590000033378601,325400,0.0,0.0
2024-02-28 00:00:00-05:00,1.600000023841858,1.6100000143051147,1.5,1.5700000524520874,545600,0.0,0.0
2024-02-29 00:00:00-05:00,1.600000023841858,1.6799999475479126,1.5399999618530273,1.6299999952316284,585200,0.0,0.0
2024-03-01 00:00:00-05:00,1.6699999570846558,1.6699999570846558,1.5700000524520874,1.6100000143051147,298900,0.0,0.0
2024-03-04 00:00:00-05:00,1.590000033378601,1.659999966621399,1.4299999475479126,1.659999966621399,1103100,0.0,0.0
2024-03-05 00:00:00-05:00,1.659999966621399,1.7999999523162842,1.6399999856948853,1.7649999856948853,576800,0.0,0.0
2024-03-06 00:00:00-05:00,1.7899999618530273,1.8049999475479126,1.6399999856948853,1.690000057220459,1113200,0.0,0.0
2024-03-07 00:00:00-05:00,1.7100000381469727,1.7999999523162842,1.649999976158142,1.659999966621399,353900,0.0,0.0
2024-03-08 00:00:00-05:00,1.6799999475479126,1.809999942779541,1.4900000095367432,1.6649999618530273,996000,0.0,0.0
2024-03-11 00:00:00-04:00,1.649999976158142,1.6749999523162842,1.559999942779541,1.625,386100,0.0,0.0
2024-03-12 00:00:00-04:00,1.6100000143051147,1.6200000047683716,1.4850000143051147,1.5,449700,0.0,0.0
2024-03-13 00:00:00-04:00,1.5,1.565000057220459,1.4700000286102295,1.4900000095367432,1010000,0.0,0.0
2024-03-14 00:00:00-04:00,1.4700000286102295,1.5099999904632568,1.340000033378601,1.3600000143051147,838800,0.0,0.0
2024-03-15 00:00:00-04:00,1.3799999952316284,1.5,1.3600000143051147,1.409999966621399,609700,0.0,0.0
2024-03-18 00:00:00-04:00,1.409999966621399,1.4299999475479126,1.3550000190734863,1.3700000047683716,486700,0.0,0.0
2024-03-19 00:00:00-04:00,1.3700000047683716,1.4299999475479126,1.350000023841858,1.3700000047683716,374300,0.0,0.0
2024-03-20 00:00:00-04:00,1.3700000047683716,1.4830000400543213,1.3700000047683716,1.4600000381469727,195300,0.0,0.0
2024-03-21 00:00:00-04:00,1.4700000286102295,1.559999942779541,1.3600000143051147,1.3700000047683716,248300,0.0,0.0
2024-03-22 00:00:00-04:00,1.3899999856948853,1.4500000476837158,1.3799999952316284,1.399999976158142,234700,0.0,0.0
2024-03-25 00:00:00-04:00,1.4299999475479126,1.4950000047683716,1.4199999570846558,1.440000057220459,255400,0.0,0.0
2024-03-26 00:00:00-04:00,1.4500000476837158,1.6200000047683716,1.4500000476837158,1.590000033378601,842700,0.0,0.0
2024-03-27 00:00:00-04:00,1.6100000143051147,1.6100000143051147,1.4900000095367432,1.5700000524520874,536800,0.0,0.0
2024-03-28 00:00:00-04:00,1.5700000524520874,1.649999976158142,1.5399999618530273,1.6399999856948853,466500,0.0,0.0
2024-04-01 00:00:00-04:00,1.6699999570846558,1.6990000009536743,1.5800000429153442,1.600000023841858,283800,0.0,0.0
2024-04-02 00:00:00-04:00,1.5800000429153442,1.6399999856948853,1.440000057220459,1.475000023841858,292300,0.0,0.0
2024-04-03 00:00:00-04:00,1.5,1.5399999618530273,1.4149999618530273,1.4900000095367432,96500,0.0,0.0
2024-04-04 00:00:00-04:00,1.5,1.5549999475479126,1.4299999475479126,1.440000057220459,199300,0.0,0.0
2024-04-05 00:00:00-04:00,1.4199999570846558,1.5,1.4079999923706055,1.4900000095367432,167800,0.0,0.0
2024-04-08 00:00:00-04:00,1.5,1.5499999523162842,1.4199999570846558,1.4700000286102295,162600,0.0,0.0
2024-04-09 00:00:00-04:00,1.4800000190734863,1.5299999713897705,1.440000057220459,1.4900000095367432,177100,0.0,0.0
2024-04-10 00:00:00-04:00,1.4299999475479126,1.5199999809265137,1.4299999475479126,1.4500000476837158,218400,0.0,0.0
2024-04-11 00:00:00-04:00,1.4700000286102295,1.649999976158142,1.4500000476837158,1.6399999856948853,2883800,0.0,0.0
2024-04-12 00:00:00-04:00,1.6799999475479126,1.7699999809265137,1.600000023841858,1.75,711000,0.0,0.0
2024-04-15 00:00:00-04:00,1.7400000095367432,2.430000066757202,1.690000057220459,2.0899999141693115,3655000,0.0,0.0
2024-04-16 00:00:00-04:00,2.0999999046325684,2.7899999618530273,2.0269999504089355,2.7200000286102295,1808600,0.0,0.0
2024-04-17 00:00:00-04:00,2.7899999618530273,3.369999885559082,2.75,2.8399999141693115,3434700,0.0,0.0
2024-04-18 00:00:00-04:00,2.7699999809265137,2.7850000858306885,1.9500000476837158,2.4000000953674316,1505600,0.0,0.0
2024-04-19 00:00:00-04:00,2.319999933242798,2.450000047683716,1.9700000286102295,2.0399999618530273,783400,0.0,0.0
2024-04-22 00:00:00-04:00,2.009999990463257,2.819000005722046,2.009999990463257,2.7200000286102295,2804600,0.0,0.0
2024-04-23 00:00:00-04:00,2.7200000286102295,2.8499999046325684,2.390000104904175,2.5299999713897705,1152600,0.0,0.0
2024-04-24 00:00:00-04:00,2.509999990463257,2.7249999046325684,2.4200000762939453,2.7100000381469727,541600,0.0,0.0
2024-04-25 00:00:00-04:00,2.619999885559082,2.7300000190734863,2.4700000286102295,2.7100000381469727,495800,0.0,0.0
2024-04-26 00:00:00-04:00,2.680000066757202,3.0199999809265137,2.059999942779541,2.119999885559082,1533600,0.0,0.0
2024-04-29 00:00:00-04:00,2.1600000858306885,2.4600000381469727,2.1600000858306885,2.299999952316284,778800,0.0,0.0
2024-04-30 00:00:00-04:00,2.2699999809265137,2.3940000534057617,2.0299999713897705,2.065000057220459,630800,0.0,0.0
2024-05-01 00:00:00-04:00,2.0899999141693115,2.259999990463257,2.0899999141693115,2.1600000858306885,518100,0.0,0.0
2024-05-02 00:00:00-04:00,2.1600000858306885,2.2300000190734863,2.125,2.1500000953674316,351300,0.0,0.0
2024-05-03 00:00:00-04:00,2.180000066757202,2.369999885559082,2.0299999713897705,2.200000047683716,575100,0.0,0.0
2024-05-06 00:00:00-04:00,2.2100000381469727,2.319999933242798,2.109999895095825,2.240000009536743,294300,0.0,0.0
2024-05-07 00:00:00-04:00,2.240000009536743,2.4100000858306885,2.190000057220459,2.390000104904175,385000,0.0,0.0
2024-05-08 00:00:00-04:00,2.3399999141693115,2.490000009536743,2.2809998989105225,2.4200000762939453,297600,0.0,0.0
2024-05-09 00:00:00-04:00,2.4600000381469727,2.6549999713897705,2.4100000858306885,2.609999895095825,505400,0.0,0.0
2024-05-10 00:00:00-04:00,2.6500000953674316,2.859999895095825,2.5999999046325684,2.809999942779541,459700,0.0,0.0
2024-05-13 00:00:00-04:00,2.9000000953674316,3.2300000190734863,2.865999937057495,3.0799999237060547,488200,0.0,0.0
2024-05-14 00:00:00-04:00,3.25,4.329999923706055,3.140000104904175,4.119999885559082,2703500,0.0,0.0
2024-05-15 00:00:00-04:00,3.950000047683716,4.329999923706055,3.630000114440918,3.9200000762939453,1434200,0.0,0.0
2024-05-16 00:00:00-04:00,3.940000057220459,3.940000057220459,3.7300000190734863,3.7899999618530273,412500,0.0,0.0
2024-05-17 00:00:00-04:00,3.7899999618530273,4.065000057220459,3.700000047683716,4.054999828338623,546800,0.0,0.0
2024-05-20 00:00:00-04:00,4.099999904632568,4.440000057220459,3.7100000381469727,3.880000114440918,1199200,0.0,0.0
2024-05-21 00:00:00-04:00,3.9000000953674316,4.002999782562256,3.502000093460083,3.700000047683716,649800,0.0,0.0
2024-05-22 00:00:00-04:00,3.680000066757202,3.759999990463257,3.569999933242798,3.619999885559082,551500,0.0,0.0
2024-05-23 00:00:00-04:00,3.619999885559082,3.694999933242798,3.4200000762939453,3.509999990463257,811100,0.0,0.0
2024-05-24 00:00:00-04:00,3.5999999046325684,3.690000057220459,3.359999895095825,3.369999885559082,317900,0.0,0.0
2024-05-28 00:00:00-04:00,3.4000000953674316,3.7899999618530273,3.4000000953674316,3.7100000381469727,594600,0.0,0.0
2024-05-29 00:00:00-04:00,3.700000047683716,4.349999904632568,3.6649999618530273,3.9600000381469727,1178000,0.0,0.0
2024-05-30 00:00:00-04:00,3.950000047683716,4.275000095367432,3.9000000953674316,4.199999809265137,675400,0.0,0.0
2024-05-31 00:00:00-04:00,4.21999979019165,4.257999897003174,3.2699999809265137,3.4800000190734863,565700,0.0,0.0
2024-06-03 00:00:00-04:00,3.5199999809265137,3.940000057220459,3.0,3.0299999713897705,748300,0.0,0.0
2024-06-04 00:00:00-04:00,3.0799999237060547,3.3299999237060547,3.0299999713897705,3.2100000381469727,460600,0.0,0.0
2024-06-05 00:00:00-04:00,3.2100000381469727,3.684999942779541,3.2100000381469727,3.680000066757202,689200,0.0,0.0
2024-06-06 00:00:00-04:00,3.690000057220459,3.812999963760376,3.4700000286102295,3.5999999046325684,479800,0.0,0.0
2024-06-07 00:00:00-04:00,3.569999933242798,3.5999999046325684,3.140000104904175,3.190000057220459,298400,0.0,0.0
2024-06-10 00:00:00-04:00,3.309999942779541,3.430000066757202,2.4800000190734863,3.0199999809265137,3103300,0.0,0.0
2024-06-11 00:00:00-04:00,2.559999942779541,2.700000047683716,2.1600000858306885,2.4200000762939453,2158000,0.0,0.0
2024-06-12 00:00:00-04:00,2.1600000858306885,3.390000104904175,2.062000036239624,2.990000009536743,7153800,0.0,0.0
2024-06-13 00:00:00-04:00,2.8299999237060547,3.049999952316284,2.609999895095825,2.9700000286102295,1116100,0.0,0.0
2024-06-14 00:00:00-04:00,2.940000057220459,3.046999931335449,2.7149999141693115,2.7300000190734863,443200,0.0,0.0
2024-06-17 00:00:00-04:00,2.940000057220459,2.994999885559082,2.680000066757202,2.9200000762939453,948200,0.0,0.0
2024-06-18 00:00:00-04:00,2.9600000381469727,3.0,2.6610000133514404,2.680000066757202,405300,0.0,0.0
2024-06-20 00:00:00-04:00,2.7300000190734863,2.746999979019165,2.440000057220459,2.559999942779541,855600,0.0,0.0
2024-06-21 00:00:00-04:00,2.5999999046325684,2.609999895095825,2.4100000858306885,2.5,592400,0.0,0.0
2024-06-24 00:00:00-04:00,2.4600000381469727,2.5299999713897705,2.2699999809265137,2.309999942779541,1092900,0.0,0.0
2024-06-25 00:00:00-04:00,2.390000104904175,2.434999942779541,2.2100000381469727,2.2300000190734863,366000,0.0,0.0
2024-06-26 00:00:00-04:00,2.390000104904175,2.3949999809265137,2.200000047683716,2.2699999809265137,415900,0.0,0.0
2024-06-27 00:00:00-04:00,2.2699999809265137,2.4800000190734863,2.2699999809265137,2.4200000762939453,550200,0.0,0.0
2024-06-28 00:00:00-04:00,2.507999897003174,2.5199999809265137,2.2699999809265137,2.4600000381469727,3440500,0.0,0.0
2024-07-01 00:00:00-04:00,2.4600000381469727,2.5799999237060547,2.440000057220459,2.5,561600,0.0,0.0
2024-07-02 00:00:00-04:00,2.4600000381469727,2.4800000190734863,2.119999885559082,2.240000009536743,881700,0.0,0.0
2024-07-03 00:00:00-04:00,2.2799999713897705,2.369999885559082,2.25,2.3299999237060547,495500,0.0,0.0
2024-07-05 00:00:00-04:00,2.3399999141693115,2.3399999141693115,2.2200000286102295,2.25,343500,0.0,0.0
2024-07-08 00:00:00-04:00,2.2699999809265137,2.3499999046325684,2.1700000762939453,2.2100000381469727,302600,0.0,0.0
2024-07-09 00:00:00-04:00,2.1700000762939453,2.5,2.1700000762939453,2.5,411300,0.0,0.0
2024-07-10 00:00:00-04:00,2.549999952316284,2.549999952316284,2.450000047683716,2.5,241900,0.0,0.0
2024-07-11 00:00:00-04:00,2.549999952316284,2.5899999141693115,2.390000104904175,2.4000000953674316,471300,0.0,0.0
2024-07-12 00:00:00-04:00,2.490000009536743,2.5199999809265137,2.299999952316284,2.3499999046325684,374600,0.0,0.0
2024-07-15 00:00:00-04:00,2.369999885559082,2.440000057220459,2.299999952316284,2.390000104904175,498200,0.0,0.0
2024-07-16 00:00:00-04:00,2.440000057220459,2.4600000381469727,2.259999990463257,2.4100000858306885,769800,0.0,0.0
2024-07-17 00:00:00-04:00,2.4000000953674316,2.4100000858306885,2.25,2.299999952316284,487600,0.0,0.0
2024-07-18 00:00:00-04:00,2.4000000953674316,2.4000000953674316,2.069999933242798,2.190000057220459,565800,0.0,0.0
2024-07-19 00:00:00-04:00,2.240000009536743,2.240000009536743,2.0799999237060547,2.109999895095825,279700,0.0,0.0
2024-07-22 00:00:00-04:00,2.109999895095825,2.140000104904175,2.0199999809265137,2.140000104904175,345200,0.0,0.0
2024-07-23 00:00:00-04:00,2.1500000953674316,2.3499999046325684,2.0899999141693115,2.3399999141693115,408700,0.0,0.0
2024-07-24 00:00:00-04:00,2.2699999809265137,2.3499999046325684,2.0899999141693115,2.0999999046325684,430100,0.0,0.0
2024-07-25 00:00:00-04:00,2.119999885559082,2.4000000953674316,2.119999885559082,2.4000000953674316,412200,0.0,0.0
2024-07-26 00:00:00-04:00,2.4600000381469727,2.5199999809265137,2.38100004196167,2.450000047683716,716000,0.0,0.0
2024-07-29 00:00:00-04:00,2.440000057220459,2.5,2.3399999141693115,2.3499999046325684,685400,0.0,0.0
2024-07-30 00:00:00-04:00,2.4000000953674316,2.440000057220459,2.1500000953674316,2.2200000286102295,207000,0.0,0.0
2024-07-31 00:00:00-04:00,2.2100000381469727,2.4000000953674316,2.180000066757202,2.3399999141693115,358500,0.0,0.0
2024-08-01 00:00:00-04:00,2.2899999618530273,2.3399999141693115,1.9830000400543213,2.180000066757202,894900,0.0,0.0
2024-08-02 00:00:00-04:00,2.069999933242798,2.200000047683716,2.0399999618530273,2.049999952316284,337500,0.0,0.0
2024-08-05 00:00:00-04:00,1.899999976158142,1.9019999504089355,1.5800000429153442,1.7999999523162842,692500,0.0,0.0
2024-08-06 00:00:00-04:00,1.809999942779541,1.899999976158142,1.715000033378601,1.840000033378601,273700,0.0,0.0
2024-08-07 00:00:00-04:00,1.899999976158142,1.909999966621399,1.7300000190734863,1.8300000429153442,358900,0.0,0.0
2024-08-08 00:00:00-04:00,1.899999976158142,2.0999999046325684,1.8530000448226929,2.0899999141693115,377300,0.0,0.0
2024-08-09 00:00:00-04:00,2.1700000762939453,2.25,2.119999885559082,2.180000066757202,277500,0.0,0.0
2024-08-12 00:00:00-04:00,2.299999952316284,2.299999952316284,2.0199999809265137,2.0799999237060547,481900,0.0,0.0
2024-08-13 00:00:00-04:00,2.0899999141693115,2.3299999237060547,2.049999952316284,2.2699999809265137,321000,0.0,0.0
2024-08-14 00:00:00-04:00,2.319999933242798,2.440000057220459,2.200000047683716,2.2799999713897705,1094500,0.0,0.0
2024-08-15 00:00:00-04:00,2.3399999141693115,2.4189999103546143,2.309999942779541,2.390000104904175,252800,0.0,0.0
2024-08-16 00:00:00-04:00,2.430000066757202,2.430000066757202,2.3299999237060547,2.4000000953674316,235400,0.0,0.0
2024-08-19 00:00:00-04:00,2.4000000953674316,2.4049999713897705,2.319999933242798,2.4000000953674316,251700,0.0,0.0
2024-08-20 00:00:00-04:00,2.380000114440918,2.4100000858306885,2.2799999713897705,2.3399999141693115,168800,0.0,0.0
2024-08-21 00:00:00-04:00,2.390000104904175,2.4000000953674316,2.3499999046325684,2.390000104904175,251700,0.0,0.0
2024-08-22 00:00:00-04:00,2.390000104904175,2.4000000953674316,2.1500000953674316,2.180000066757202,424900,0.0,0.0
2024-08-23 00:00:00-04:00,2.190000057220459,2.4000000953674316,2.190000057220459,2.390000104904175,254800,0.0,0.0
2024-08-26 00:00:00-04:00,2.4000000953674316,2.4100000858306885,2.3299999237060547,2.390000104904175,291400,0.0,0.0
2024-08-27 00:00:00-04:00,2.390000104904175,2.390000104904175,2.200000047683716,2.2100000381469727,273700,0.0,0.0
2024-08-28 00:00:00-04:00,2.1600000858306885,2.359999895095825,2.1600000858306885,2.2100000381469727,436700,0.0,0.0
2024-08-29 00:00:00-04:00,2.2799999713897705,2.4200000762939453,2.25,2.380000114440918,574200,0.0,0.0
2024-08-30 00:00:00-04:00,2.380000114440918,2.4149999618530273,2.2699999809265137,2.4000000953674316,221500,0.0,0.0
2024-09-03 00:00:00-04:00,2.4200000762939453,2.450000047683716,2.319999933242798,2.4000000953674316,497200,0.0,0.0
2024-09-04 00:00:00-04:00,2.309999942779541,2.4000000953674316,2.1700000762939453,2.180000066757202,337100,0.0,0.0
2024-09-05 00:00:00-04:00,2.200000047683716,2.390000104904175,2.069999933242798,2.369999885559082,409100,0.0,0.0
2024-09-06 00:00:00-04:00,2.3399999141693115,2.4000000953674316,2.2699999809265137,2.3299999237060547,400700,0.0,0.0
2024-09-09 00:00:00-04:00,2.359999895095825,2.4200000762939453,2.302000045776367,2.390000104904175,944800,0.0,0.0
2024-09-10 00:00:00-04:00,2.5,2.5,2.3499999046325684,2.4100000858306885,578200,0.0,0.0
2024-09-11 00:00:00-04:00,2.4200000762939453,2.4200000762939453,2.369999885559082,2.4000000953674316,465100,0.0,0.0
2024-09-12 00:00:00-04:00,2.380000114440918,2.4000000953674316,2.2899999618530273,2.380000114440918,384100,0.0,0.0
2024-09-13 00:00:00-04:00,2.319999933242798,2.4200000762939453,2.319999933242798,2.390000104904175,557200,0.0,0.0
2024-09-16 00:00:00-04:00,2.390000104904175,2.4000000953674316,2.299999952316284,2.3399999141693115,502500,0.0,0.0
2024-09-17 00:00:00-04:00,2.3499999046325684,2.4100000858306885,2.3399999141693115,2.390000104904175,590200,0.0,0.0
2024-09-18 00:00:00-04:00,2.4100000858306885,2.4200000762939453,2.315000057220459,2.390000104904175,2644100,0.0,0.0
2024-09-19 00:00:00-04:00,2.440000057220459,2.569999933242798,2.371000051498413,2.390000104904175,3070800,0.0,0.0
2024-09-20 00:00:00-04:00,2.380000114440918,2.5399999618530273,2.2100000381469727,2.4600000381469727,9485200,0.0,0.0
2024-09-23 00:00:00-04:00,2.509999990463257,2.5199999809265137,2.180000066757202,2.194999933242798,710200,0.0,0.0
2024-09-24 00:00:00-04:00,2.190000057220459,2.2899999618530273,2.140000104904175,2.2750000953674316,454700,0.0,0.0
2024-09-25 00:00:00-04:00,2.25,2.259999990463257,2.0,2.059999942779541,682300,0.0,0.0
2024-09-26 00:00:00-04:00,2.1500000953674316,2.200000047683716,2.0299999713897705,2.0399999618530273,581700,0.0,0.0
2024-09-27 00:00:00-04:00,2.0,2.0299999713897705,1.7999999523162842,1.8600000143051147,905300,0.0,0.0
2024-09-30 00:00:00-04:00,1.8600000143051147,2.0,1.8600000143051147,1.9199999570846558,592900,0.0,0.0
2024-10-01 00:00:00-04:00,1.9299999475479126,1.9299999475479126,1.690000057220459,1.7050000429153442,539900,0.0,0.0
2024-10-02 00:00:00-04:00,1.659999966621399,1.6799999475479126,1.600000023841858,1.6449999809265137,648900,0.0,0.0
2024-10-03 00:00:00-04:00,1.6100000143051147,1.6699999570846558,1.4800000190734863,1.5549999475479126,1164600,0.0,0.0
2024-10-04 00:00:00-04:00,1.5700000524520874,1.7400000095367432,1.5410000085830688,1.6950000524520874,428100,0.0,0.0
2024-10-07 00:00:00-04:00,1.6100000143051147,1.6799999475479126,1.5199999809265137,1.5549999475479126,341000,0.0,0.0
2024-10-08 00:00:00-04:00,1.5800000429153442,1.8200000524520874,1.559999942779541,1.7300000190734863,593100,0.0,0.0
2024-10-09 00:00:00-04:00,1.7300000190734863,1.7599999904632568,1.600000023841858,1.7100000381469727,526100,0.0,0.0
2024-10-10 00:00:00-04:00,1.649999976158142,1.7200000286102295,1.6299999952316284,1.7000000476837158,647700,0.0,0.0
2024-10-11 00:00:00-04:00,1.690000057220459,1.840000033378601,1.6710000038146973,1.8300000429153442,439100,0.0,0.0
2024-10-14 00:00:00-04:00,1.840000033378601,1.899999976158142,1.7100000381469727,1.75,361200,0.0,0.0
2024-10-15 00:00:00-04:00,1.7400000095367432,1.7699999809265137,1.6699999570846558,1.7300000190734863,254700,0.0,0.0
2024-10-16 00:00:00-04:00,1.75,1.9600000381469727,1.7450000047683716,1.9500000476837158,446800,0.0,0.0
2024-10-17 00:00:00-04:00,1.9299999475479126,2.0299999713897705,1.840000033378601,1.9800000190734863,414800,0.0,0.0
2024-10-18 00:00:00-04:00,1.9800000190734863,2.0299999713897705,1.9299999475479126,1.9700000286102295,241600,0.0,0.0
2024-10-21 00:00:00-04:00,1.9199999570846558,1.9630000591278076,1.8300000429153442,1.8700000047683716,306300,0.0,0.0
2024-10-22 00:00:00-04:00,1.8899999856948853,1.8899999856948853,1.7999999523162842,1.850000023841858,287900,0.0,0.0
2024-10-23 00:00:00-04:00,1.8200000524520874,1.850000023841858,1.649999976158142,1.7000000476837158,473600,0.0,0.0
2024-10-24 00:00:00-04:00,1.7300000190734863,1.784999966621399,1.7200000286102295,1.725000023841858,249800,0.0,0.0
2024-10-25 00:00:00-04:00,1.7599999904632568,1.7899999618530273,1.6950000524520874,1.75,216900,0.0,0.0
2024-10-28 00:00:00-04:00,1.7899999618530273,1.8300000429153442,1.7300000190734863,1.7899999618530273,280600,0.0,0.0
2024-10-29 00:00:00-04:00,1.7599999904632568,1.7899999618530273,1.6699999570846558,1.7200000286102295,244400,0.0,0.0
2024-10-30 00:00:00-04:00,1.7200000286102295,1.7599999904632568,1.6799999475479126,1.6799999475479126,226900,0.0,0.0
2024-10-31 00:00:00-04:00,1.6699999570846558,1.7309999465942383,1.600000023841858,1.600000023841858,208600,0.0,0.0
2024-11-01 00:00:00-04:00,1.600000023841858,1.6399999856948853,1.4950000047683716,1.5499999523162842,389100,0.0,0.0
2024-11-04 00:00:00-05:00,1.5399999618530273,1.5800000429153442,1.4900000095367432,1.559999942779541,290000,0.0,0.0
2024-11-05 00:00:00-05:00,1.5800000429153442,1.6399999856948853,1.5700000524520874,1.6200000047683716,363100,0.0,0.0
2024-11-06 00:00:00-05:00,1.7000000476837158,1.850000023841858,1.6299999952316284,1.8300000429153442,926500,0.0,0.0
2024-11-07 00:00:00-05:00,1.850000023841858,1.940000057220459,1.7999999523162842,1.9299999475479126,846200,0.0,0.0
2024-11-08 00:00:00-05:00,1.9500000476837158,2.0309998989105225,1.8899999856948853,2.0,903400,0.0,0.0
2024-11-11 00:00:00-05:00,2.069999933242798,2.1500000953674316,2.0199999809265137,2.1500000953674316,390700,0.0,0.0
2024-11-12 00:00:00-05:00,2.140000104904175,2.1500000953674316,1.9500000476837158,2.049999952316284,564000,0.0,0.0
2024-11-13 00:00:00-05:00,2.119999885559082,2.25,2.010999917984009,2.069999933242798,441300,0.0,0.0
2024-11-14 00:00:00-05:00,2.109999895095825,2.265000104904175,2.009999990463257,2.1500000953674316,444400,0.0,0.0
2024-11-15 00:00:00-05:00,2.180000066757202,2.180000066757202,1.690000057220459,1.6950000524520874,692100,0.0,0.0
2024-11-18 00:00:00-05:00,1.7400000095367432,1.774999976158142,1.6150000095367432,1.6549999713897705,268100,0.0,0.0
2024-11-19 00:00:00-05:00,1.649999976158142,1.7999999523162842,1.5,1.7999999523162842,492700,0.0,0.0
2024-11-20 00:00:00-05:00,1.809999942779541,1.809999942779541,1.6200000047683716,1.649999976158142,329800,0.0,0.0
2024-11-21 00:00:00-05:00,1.659999966621399,1.7999999523162842,1.649999976158142,1.7400000095367432,254000,0.0,0.0
2024-11-22 00:00:00-05:00,1.75,1.75,1.6100000143051147,1.690000057220459,370600,0.0,0.0
2024-11-25 00:00:00-05:00,1.7300000190734863,1.8799999952316284,1.715000033378601,1.8300000429153442,380400,0.0,0.0
2024-11-26 00:00:00-05:00,1.8300000429153442,1.9500000476837158,1.7899999618530273,1.8799999952316284,554100,0.0,0.0
2024-11-27 00:00:00-05:00,1.909999966621399,1.9500000476837158,1.7999999523162842,1.850000023841858,437500,0.0,0.0
2024-11-29 00:00:00-05:00,1.8899999856948853,2.2049999237060547,1.8799999952316284,2.0,674200,0.0,0.0
2024-12-02 00:00:00-05:00,2.0,2.184999942779541,1.9800000190734863,2.130000114440918,658000,0.0,0.0
2024-12-03 00:00:00-05:00,2.130000114440918,2.1600000858306885,1.899999976158142,1.940000057220459,577100,0.0,0.0
2024-12-04 00:00:00-05:00,1.9800000190734863,2.009999990463257,1.8700000047683716,2.009999990463257,376200,0.0,0.0
2024-12-05 00:00:00-05:00,2.0399999618530273,2.0399999618530273,1.899999976158142,1.909999966621399,274100,0.0,0.0
2024-12-06 00:00:00-05:00,1.9500000476837158,2.0950000286102295,1.8799999952316284,2.069999933242798,347000,0.0,0.0
2024-12-09 00:00:00-05:00,2.109999895095825,2.1679999828338623,1.9900000095367432,2.009999990463257,275000,0.0,0.0
2024-12-10 00:00:00-05:00,2.0199999809265137,2.049999952316284,1.8849999904632568,2.0399999618530273,434900,0.0,0.0
2024-12-11 00:00:00-05:00,2.069999933242798,2.1050000190734863,1.9700000286102295,2.049999952316284,283100,0.0,0.0
2024-12-12 00:00:00-05:00,2.049999952316284,2.0899999141693115,1.8450000286102295,1.8799999952316284,353200,0.0,0.0
2024-12-13 00:00:00-05:00,1.8899999856948853,1.8899999856948853,1.7000000476837158,1.7949999570846558,499100,0.0,0.0
2024-12-16 00:00:00-05:00,1.8200000524520874,2.0299999713897705,1.7699999809265137,1.840000033378601,436500,0.0,0.0
2024-12-17 00:00:00-05:00,1.8300000429153442,1.909999966621399,1.75,1.850000023841858,464800,0.0,0.0
2024-12-18 00:00:00-05:00,1.840000033378601,1.840000033378601,1.5299999713897705,1.534999966621399,789800,0.0,0.0
2024-12-19 00:00:00-05:00,1.559999942779541,1.649999976158142,1.4299999475479126,1.4600000381469727,483700,0.0,0.0
2024-12-20 00:00:00-05:00,1.4199999570846558,1.5449999570846558,1.406000018119812,1.5099999904632568,1339300,0.0,0.0
2024-12-23 00:00:00-05:00,1.5499999523162842,1.7200000286102295,1.5099999904632568,1.690000057220459,514600,0.0,0.0
2024-12-24 00:00:00-05:00,1.7100000381469727,1.809999942779541,1.649999976158142,1.7799999713897705,382600,0.0,0.0
2024-12-26 00:00:00-05:00,1.7699999809265137,1.8200000524520874,1.725000023841858,1.7999999523162842,246700,0.0,0.0
2024-12-27 00:00:00-05:00,1.7999999523162842,1.7999999523162842,1.6150000095367432,1.7000000476837158,445400,0.0,0.0
2024-12-30 00:00:00-05:00,1.7000000476837158,1.7699999809265137,1.6399999856948853,1.7450000047683716,297700,0.0,0.0
2024-12-31 00:00:00-05:00,1.7899999618530273,1.7999999523162842,1.649999976158142,1.690000057220459,445200,0.0,0.0
2025-01-02 00:00:00-05:00,1.7300000190734863,1.8450000286102295,1.6549999713897705,1.7300000190734863,879300,0.0,0.0
2025-01-03 00:00:00-05:00,1.7400000095367432,1.8899999856948853,1.7400000095367432,1.8600000143051147,792400,0.0,0.0
2025-01-06 00:00:00-05:00,1.8899999856948853,1.899999976158142,1.7799999713897705,1.809999942779541,676000,0.0,0.0
2025-01-07 00:00:00-05:00,1.840000033378601,1.8799999952316284,1.7649999856948853,1.8300000429153442,572400,0.0,0.0
2025-01-08 00:00:00-05:00,1.8300000429153442,1.8300000429153442,1.6399999856948853,1.659999966621399,283600,0.0,0.0
2025-01-10 00:00:00-05:00,1.6100000143051147,1.6299999952316284,1.5579999685287476,1.6200000047683716,553100,0.0,0.0
2025-01-13 00:00:00-05:00,1.5499999523162842,1.6549999713897705,1.4600000381469727,1.649999976158142,490200,0.0,0.0
2025-01-14 00:00:00-05:00,1.690000057220459,1.690000057220459,1.5449999570846558,1.5800000429153442,393000,0.0,0.0
2025-01-15 00:00:00-05:00,1.649999976158142,1.690000057220459,1.5499999523162842,1.5800000429153442,557600,0.0,0.0
2025-01-16 00:00:00-05:00,1.5700000524520874,1.6799999475479126,1.5,1.649999976158142,887500,0.0,0.0
2025-01-17 00:00:00-05:00,1.6799999475479126,1.690000057220459,1.6100000143051147,1.659999966621399,295100,0.0,0.0
2025-01-21 00:00:00-05:00,1.690000057220459,1.8200000524520874,1.6399999856948853,1.7899999618530273,428400,0.0,0.0
2025-01-22 00:00:00-05:00,1.7799999713897705,1.809999942779541,1.6699999570846558,1.6699999570846558,350700,0.0,0.0
2025-01-23 00:00:00-05:00,1.649999976158142,1.7100000381469727,1.6399999856948853,1.7000000476837158,163900,0.0,0.0
2025-01-24 00:00:00-05:00,1.7200000286102295,1.8200000524520874,1.7000000476837158,1.7200000286102295,266000,0.0,0.0
2025-01-27 00:00:00-05:00,1.7000000476837158,1.7899999618530273,1.5750000476837158,1.649999976158142,459700,0.0,0.0
2025-01-28 00:00:00-05:00,1.6399999856948853,1.649999976158142,1.5750000476837158,1.6200000047683716,167000,0.0,0.0
2025-01-29 00:00:00-05:00,1.6100000143051147,1.6779999732971191,1.565000057220459,1.600000023841858,341600,0.0,0.0
2025-01-30 00:00:00-05:00,1.6399999856948853,1.7300000190734863,1.6180000305175781,1.6699999570846558,349400,0.0,0.0
2025-01-31 00:00:00-05:00,1.6799999475479126,1.7699999809265137,1.600000023841858,1.649999976158142,384200,0.0,0.0
2025-02-03 00:00:00-05:00,1.5700000524520874,1.6799999475479126,1.5499999523162842,1.5499999523162842,343300,0.0,0.0
2025-02-04 00:00:00-05:00,1.5499999523162842,1.6399999856948853,1.5499999523162842,1.5800000429153442,295400,0.0,0.0
2025-02-05 00:00:00-05:00,1.5800000429153442,1.715000033378601,1.5800000429153442,1.6699999570846558,562100,0.0,0.0
2025-02-06 00:00:00-05:00,1.7000000476837158,1.75,1.6349999904632568,1.659999966621399,287900,0.0,0.0
2025-02-07 00:00:00-05:00,1.6399999856948853,1.6799999475479126,1.5499999523162842,1.559999942779541,288300,0.0,0.0
2025-02-10 00:00:00-05:00,1.600000023841858,1.6100000143051147,1.5499999523162842,1.590000033378601,175400,0.0,0.0
2025-02-11 00:00:00-05:00,1.5499999523162842,1.600000023841858,1.534999966621399,1.5499999523162842,235400,0.0,0.0
2025-02-12 00:00:00-05:00,1.5499999523162842,1.5800000429153442,1.5099999904632568,1.5399999618530273,1227200,0.0,0.0
2025-02-13 00:00:00-05:00,1.5800000429153442,1.659999966621399,1.5199999809265137,1.600000023841858,370200,0.0,0.0
2025-02-14 00:00:00-05:00,1.6100000143051147,1.6699999570846558,1.565000057220459,1.6100000143051147,203600,0.0,0.0
2025-02-18 00:00:00-05:00,1.6200000047683716,1.6399999856948853,1.5199999809265137,1.5299999713897705,195500,0.0,0.0
2025-02-19 00:00:00-05:00,1.5099999904632568,1.590000033378601,1.5,1.5700000524520874,210500,0.0,0.0
2025-02-20 00:00:00-05:00,1.5499999523162842,1.565000057220459,1.5099999904632568,1.5199999809265137,196300,0.0,0.0
2025-02-21 00:00:00-05:00,1.5700000524520874,1.5700000524520874,1.4700000286102295,1.5,320800,0.0,0.0
2025-02-24 00:00:00-05:00,1.5299999713897705,1.5299999713897705,1.4199999570846558,1.5,320500,0.0,0.0
2025-02-25 00:00:00-05:00,1.5199999809265137,1.5199999809265137,1.3700000047683716,1.4600000381469727,395500,0.0,0.0
2025-02-26 00:00:00-05:00,1.4700000286102295,1.4700000286102295,1.2899999618530273,1.2999999523162842,487700,0.0,0.0
2025-02-27 00:00:00-05:00,1.2999999523162842,1.340000033378601,1.25,1.2549999952316284,288000,0.0,0.0
2025-02-28 00:00:00-05:00,1.25,1.2799999713897705,1.2100000381469727,1.2300000190734863,692800,0.0,0.0
2025-03-03 00:00:00-05:00,1.25,1.315000057220459,1.090000033378601,1.0950000286102295,1653900,0.0,0.0
2025-03-04 00:00:00-05:00,1.090000033378601,1.100000023841858,0.9800000190734863,1.0299999713897705,1628900,0.0,0.0
2025-03-05 00:00:00-05:00,1.0299999713897705,1.0800000429153442,0.9919999837875366,1.0399999618530273,805100,0.0,0.0
2025-03-06 00:00:00-05:00,1.0399999618530273,1.0499999523162842,1.0,1.0399999618530273,960300,0.0,0.0
2025-03-07 00:00:00-05:00,1.059999942779541,1.0800000429153442,1.0099999904632568,1.0499999523162842,281400,0.0,0.0
2025-03-10 00:00:00-04:00,1.0199999809265137,1.059999942779541,0.9399999976158142,0.9769999980926514,415800,0.0,0.0
2025-03-11 00:00:00-04:00,0.9900000095367432,1.059999942779541,0.949999988079071,1.0449999570846558,252000,0.0,0.0
2025-03-12 00:00:00-04:00,1.0199999809265137,1.059999942779541,0.9869999885559082,0.9900000095367432,768000,0.0,0.0
2025-03-13 00:00:00-04:00,0.9909999966621399,1.0299999713897705,0.9430000185966492,0.953000009059906,490800,0.0,0.0
2025-03-14 00:00:00-04:00,0.9800000190734863,1.0700000524520874,0.9399999976158142,0.984000027179718,480700,0.0,0.0
2025-03-17 00:00:00-04:00,0.9700000286102295,1.0700000524520874,0.968999981880188,1.0399999618530273,240700,0.0,0.0
2025-03-18 00:00:00-04:00,1.0299999713897705,1.0499999523162842,0.9509999752044678,0.9700000286102295,471100,0.0,0.0
2025-03-19 00:00:00-04:00,1.0,1.0379999876022339,0.949999988079071,0.9909999966621399,191200,0.0,0.0
2025-03-20 00:00:00-04:00,0.9909999966621399,1.0299999713897705,0.9330000281333923,0.9419999718666077,257500,0.0,0.0
2025-03-21 00:00:00-04:00,0.9419999718666077,1.0299999713897705,0.8650000095367432,0.9599999785423279,824600,0.0,0.0
2025-03-24 00:00:00-04:00,1.0,1.0499999523162842,0.9900000095367432,1.0199999809265137,240800,0.0,0.0
2025-03-25 00:00:00-04:00,1.0399999618530273,1.059999942779541,0.9900000095367432,1.0099999904632568,241400,0.0,0.0
2025-03-26 00:00:00-04:00,1.0099999904632568,1.0199999809265137,0.9399999976158142,0.9399999976158142,285800,0.0,0.0
2025-03-27 00:00:00-04:00,0.949999988079071,0.9980000257492065,0.8999999761581421,0.9430000185966492,298200,0.0,0.0
2025-03-28 00:00:00-04:00,0.949999988079071,0.9929999709129333,0.890999972820282,0.9100000262260437,403300,0.0,0.0
2025-03-31 00:00:00-04:00,0.9139999747276306,1.0,0.8560000061988831,0.8759999871253967,363000,0.0,0.0
2025-04-01 00:00:00-04:00,0.8600000143051147,0.9049999713897705,0.824999988079071,0.8299999833106995,1058900,0.0,0.0
2025-04-02 00:00:00-04:00,0.8149999976158142,0.8920000195503235,0.800000011920929,0.8399999737739563,651500,0.0,0.0
2025-04-03 00:00:00-04:00,0.7900000214576721,0.8270000219345093,0.6819999814033508,0.7110000252723694,515700,0.0,0.0
2025-04-04 00:00:00-04:00,0.6940000057220459,0.699999988079071,0.550000011920929,0.5989999771118164,4881000,0.0,0.0
2025-04-07 00:00:00-04:00,0.5820000171661377,0.6639999747276306,0.5080000162124634,0.5920000076293945,520800,0.0,0.0
2025-04-08 00:00:00-04:00,0.6190000176429749,0.6420000195503235,0.48100000619888306,0.5109999775886536,828700,0.0,0.0
2025-04-09 00:00:00-04:00,0.4970000088214874,0.6129999756813049,0.46000000834465027,0.5830000042915344,771200,0.0,0.0
2025-04-10 00:00:00-04:00,0.6039999723434448,0.6399999856948853,0.5630000233650208,0.6140000224113464,1465800,0.0,0.0
2025-04-11 00:00:00-04:00,0.6000000238418579,0.7310000061988831,0.597000002861023,0.7310000061988831,606300,0.0,0.0
2025-04-14 00:00:00-04:00,0.7900000214576721,0.8289999961853027,0.699999988079071,0.7400000095367432,739500,0.0,0.0
2025-04-15 00:00:00-04:00,0.7699999809265137,1.1799999475479126,0.6499999761581421,0.7099999785423279,4885400,0.0,0.0
2025-04-16 00:00:00-04:00,0.6830000281333923,0.8700000047683716,0.6600000262260437,0.7960000038146973,2263200,0.0,0.0
2025-04-17 00:00:00-04:00,0.8410000205039978,0.8870000243186951,0.7099999785423279,0.7910000085830688,1019800,0.0,0.0
2025-04-21 00:00:00-04:00,0.8090000152587891,0.8399999737739563,0.7329999804496765,0.7329999804496765,578800,0.0,0.0
2025-04-22 00:00:00-04:00,0.7400000095367432,0.7639999985694885,0.6570000052452087,0.7490000128746033,1493600,0.0,0.0
2025-04-23 00:00:00-04:00,0.7900000214576721,0.9200000166893005,0.7599999904632568,0.9100000262260437,1882200,0.0,0.0
2025-04-24 00:00:00-04:00,0.9200000166893005,1.0,0.8130000233650208,0.9900000095367432,1191000,0.0,0.0
2025-04-25 00:00:00-04:00,1.0,1.0299999713897705,0.9440000057220459,1.0199999809265137,847600,0.0,0.0
2025-04-28 00:00:00-04:00,1.0299999713897705,1.0499999523162842,0.9350000023841858,1.0299999713897705,637600,0.0,0.0
2025-04-29 00:00:00-04:00,1.0499999523162842,1.1050000190734863,0.9599999785423279,1.0800000429153442,764700,0.0,0.0
2025-04-30 00:00:00-04:00,1.0700000524520874,1.0700000524520874,0.8799999952316284,0.8859999775886536,1091700,0.0,0.0
2025-05-01 00:00:00-04:00,0.9070000052452087,0.9459999799728394,0.8529999852180481,0.8539999723434448,466700,0.0,0.0
2025-05-02 00:00:00-04:00,0.8870000243186951,0.8870000243186951,0.75,0.7889999747276306,1360200,0.0,0.0
2025-05-05 00:00:00-04:00,0.765999972820282,0.8100000023841858,0.75,0.753000020980835,794500,0.0,0.0
2025-05-06 00:00:00-04:00,0.7360000014305115,0.7599999904632568,0.6700000166893005,0.6899999976158142,680000,0.0,0.0
2025-05-07 00:00:00-04:00,0.6959999799728394,0.7699999809265137,0.6150000095367432,0.6399999856948853,533100,0.0,0.0
2025-05-08 00:00:00-04:00,0.6399999856948853,0.7360000014305115,0.6150000095367432,0.699999988079071,530900,0.0,0.0
2025-05-09 00:00:00-04:00,0.7300000190734863,0.7749999761581421,0.6819999814033508,0.7210000157356262,463100,0.0,0.0
2025-05-12 00:00:00-04:00,0.7649999856948853,0.7940000295639038,0.7099999785423279,0.75,625200,0.0,0.0
2025-05-13 00:00:00-04:00,0.7609999775886536,0.8700000047683716,0.7599999904632568,0.8679999709129333,638100,0.0,0.0
2025-05-14 00:00:00-04:00,0.8619999885559082,0.8619999885559082,0.7699999809265137,0.7710000276565552,361600,0.0,0.0
2025-05-15 00:00:00-04:00,0.8299999833106995,0.8799999952316284,0.7699999809265137,0.8500000238418579,518900,0.0,0.0
2025-05-16 00:00:00-04:00,0.8500000238418579,0.8999999761581421,0.7720000147819519,0.8069999814033508,594800,0.0,0.0
2025-05-19 00:00:00-04:00,0.800000011920929,0.8600000143051147,0.7450000047683716,0.8080000281333923,518400,0.0,0.0
2025-05-20 00:00:00-04:00,0.7870000004768372,0.7990000247955322,0.7509999871253967,0.7929999828338623,343000,0.0,0.0
2025-05-21 00:00:00-04:00,0.800000011920929,0.8100000023841858,0.746999979019165,0.7710000276565552,583200,0.0,0.0
2025-05-22 00:00:00-04:00,0.75,0.777999997138977,0.7200000286102295,0.7369999885559082,605200,0.0,0.0
2025-05-23 00:00:00-04:00,0.7229999899864197,0.7319999933242798,0.6899999976158142,0.7110000252723694,637900,0.0,0.0
2025-05-27 00:00:00-04:00,0.7099999785423279,0.7400000095367432,0.6830000281333923,0.7300000190734863,943100,0.0,0.0
2025-05-28 00:00:00-04:00,0.7310000061988831,0.7400000095367432,0.699999988079071,0.7059999704360962,364100,0.0,0.0
2025-05-29 00:00:00-04:00,0.7020000219345093,0.7400000095367432,0.699999988079071,0.7210000157356262,496800,0.0,0.0
2025-05-30 00:00:00-04:00,0.7139999866485596,0.7329999804496765,0.6819999814033508,0.7229999899864197,393100,0.0,0.0
2025-06-02 00:00:00-04:00,0.7459999918937683,0.7599999904632568,0.7229999899864197,0.7459999918937683,441800,0.0,0.0
2025-06-03 00:00:00-04:00,0.7300000190734863,0.7879999876022339,0.7080000042915344,0.7789999842643738,454800,0.0,0.0
2025-06-04 00:00:00-04:00,0.777999997138977,0.8199999928474426,0.7710000276565552,0.7889999747276306,442200,0.0,0.0
2025-06-05 00:00:00-04:00,0.7730000019073486,0.8190000057220459,0.75,0.7870000004768372,460200,0.0,0.0
2025-06-06 00:00:00-04:00,0.8190000057220459,0.9800000190734863,0.8009999990463257,0.9779999852180481,971400,0.0,0.0
2025-06-09 00:00:00-04:00,0.9779999852180481,1.0199999809265137,0.9200000166893005,0.9800000190734863,515600,0.0,0.0
2025-06-10 00:00:00-04:00,0.9570000171661377,1.0299999713897705,0.9570000171661377,1.0,412500,0.0,0.0
2025-06-11 00:00:00-04:00,1.0,1.0499999523162842,0.9210000038146973,0.9350000023841858,385400,0.0,0.0
2025-06-12 00:00:00-04:00,0.9100000262260437,0.9829999804496765,0.8939999938011169,0.8960000276565552,520300,0.0,0.0
2025-06-13 00:00:00-04:00,0.878000020980835,0.9190000295639038,0.8299999833106995,0.8379999995231628,297300,0.0,0.0
2025-06-16 00:00:00-04:00,0.8370000123977661,1.0099999904632568,0.8370000123977661,0.9860000014305115,757100,0.0,0.0
2025-06-17 00:00:00-04:00,0.9860000014305115,1.0199999809265137,0.8579999804496765,0.8579999804496765,1159300,0.0,0.0
2025-06-18 00:00:00-04:00,0.8799999952316284,0.9330000281333923,0.6899999976158142,0.6959999799728394,1279300,0.0,0.0
2025-06-20 00:00:00-04:00,0.7200000286102295,0.7699999809265137,0.6600000262260437,0.6600000262260437,1804700,0.0,0.0
2025-06-23 00:00:00-04:00,0.699999988079071,0.7260000109672546,0.6060000061988831,0.6060000061988831,2066800,0.0,0.0
2025-06-24 00:00:00-04:00,0.6690000295639038,0.7289999723434448,0.6439999938011169,0.6449999809265137,1771000,0.0,0.0
2025-06-25 00:00:00-04:00,0.6520000100135803,0.8970000147819519,0.6359999775886536,0.7710000276565552,3075300,0.0,0.0
2025-06-26 00:00:00-04:00,0.7699999809265137,0.7900000214576721,0.6919999718666077,0.7229999899864197,876900,0.0,0.0
2025-06-27 00:00:00-04:00,0.7009999752044678,0.7419999837875366,0.6690000295639038,0.6690000295639038,12370600,0.0,0.0
2025-06-30 00:00:00-04:00,0.6430000066757202,0.6959999799728394,0.5400000214576721,0.5920000076293945,1617700,0.0,0.0
2025-07-01 00:00:00-04:00,0.5799999833106995,0.6079999804496765,0.5509999990463257,0.5649999976158142,1046200,0.0,0.0
2025-07-02 00:00:00-04:00,0.5649999976158142,0.6100000143051147,0.5540000200271606,0.5789999961853027,460300,0.0,0.0
2025-07-03 00:00:00-04:00,0.6000000238418579,0.7310000061988831,0.5920000076293945,0.6370000243186951,1540600,0.0,0.0
2025-07-07 00:00:00-04:00,0.6499999761581421,0.6499999761581421,0.5920000076293945,0.6069999933242798,820400,0.0,0.0
2025-07-08 00:00:00-04:00,1.2699999809265137,4.920000076293945,1.0199999809265137,3.7300000190734863,343425200,0.0,0.0
2025-07-09 00:00:00-04:00,5.809999942779541,7.130000114440918,4.179999828338623,4.340000152587891,210543100,0.0,0.0
2025-07-10 00:00:00-04:00,4.820000171661377,5.949999809265137,4.5,5.179999828338623,73417500,0.0,0.0
2025-07-11 00:00:00-04:00,4.809999942779541,5.449999809265137,4.480000019073486,4.539999961853027,17749300,0.0,0.0
2025-07-14 00:00:00-04:00,4.78000020980835,4.949999809265137,3.1500000953674316,3.690000057220459,24459100,0.0,0.0
2025-07-15 00:00:00-04:00,4.244999885559082,4.300000190734863,3.309999942779541,3.369999885559082,34603400,0.0,0.0
2025-07-16 00:00:00-04:00,3.309999942779541,3.9000000953674316,3.1700000762939453,3.7300000190734863,11447400,0.0,0.0
2025-07-17 00:00:00-04:00,3.8299999237060547,4.050000190734863,3.5199999809265137,3.5199999809265137,7530000,0.0,0.0
2025-07-18 00:00:00-04:00,3.559999942779541,3.559999942779541,3.0899999141693115,3.1500000953674316,6584300,0.0,0.0
2025-07-21 00:00:00-04:00,3.2899999618530273,3.375,3.0810000896453857,3.2200000286102295,3977800,0.0,0.0
2025-07-22 00:00:00-04:00,3.1500000953674316,3.25,2.869999885559082,3.049999952316284,4576300,0.0,0.0
2025-07-23 00:00:00-04:00,3.0899999141693115,3.259999990463257,2.799999952316284,3.2200000286102295,5604300,0.0,0.0
2025-07-24 00:00:00-04:00,3.190000057220459,3.3299999237060547,3.059999942779541,3.259999990463257,3625100,0.0,0.0
2025-07-25 00:00:00-04:00,3.4000000953674316,3.5,3.1600000858306885,3.2899999618530273,2791600,0.0,0.0
2025-07-28 00:00:00-04:00,3.2899999618530273,3.299999952316284,2.950000047683716,3.0799999237060547,3183200,0.0,0.0
2025-07-29 00:00:00-04:00,3.069999933242798,3.069999933242798,2.640000104904175,2.7699999809265137,2516300,0.0,0.0
2025-07-30 00:00:00-04:00,2.7200000286102295,2.7699999809265137,2.609999895095825,2.690000057220459,1218500,0.0,0.0
2025-07-31 00:00:00-04:00,2.640000104904175,3.0399999618530273,2.559999942779541,2.7699999809265137,3608600,0.0,0.0
2025-08-01 00:00:00-04:00,2.630000114440918,2.8399999141693115,2.619999885559082,2.819999933242798,1333400,0.0,0.0
2025-08-04 00:00:00-04:00,2.799999952316284,3.549999952316284,2.700000047683716,3.259999990463257,7068100,0.0,0.0
2025-08-05 00:00:00-04:00,3.259999990463257,3.3299999237060547,3.130000114440918,3.180000066757202,2579600,0.0,0.0
2025-08-06 00:00:00-04:00,3.1500000953674316,3.174999952316284,2.7899999618530273,2.880000114440918,3175600,0.0,0.0
2025-08-07 00:00:00-04:00,2.950000047683716,2.9800000190734863,2.450000047683716,2.565000057220459,2766700,0.0,0.0
2025-08-08 00:00:00-04:00,2.569999933242798,2.6679999828338623,2.390000104904175,2.5899999141693115,2350700,0.0,0.0
2025-08-11 00:00:00-04:00,2.5399999618530273,2.5999999046325684,2.25,2.255000114440918,2919500,0.0,0.0
2025-08-12 00:00:00-04:00,2.25,2.309999942779541,2.1600000858306885,2.240000009536743,2698400,0.0,0.0
2025-08-13 00:00:00-04:00,2.25,2.4600000381469727,2.194999933242798,2.369999885559082,2514200,0.0,0.0
2025-08-14 00:00:00-04:00,2.25,2.440000057220459,2.1500000953674316,2.4200000762939453,2436700,0.0,0.0
2025-08-15 00:00:00-04:00,2.369999885559082,2.5450000762939453,2.3299999237060547,2.359999895095825,2036300,0.0,0.0
2025-08-18 00:00:00-04:00,2.3499999046325684,2.5899999141693115,2.3499999046325684,2.5399999618530273,2730500,0.0,0.0
2025-08-19 00:00:00-04:00,2.4800000190734863,2.5199999809265137,2.319999933242798,2.3299999237060547,1618200,0.0,0.0
2025-08-20 00:00:00-04:00,2.299999952316284,2.359999895095825,2.2149999141693115,2.2799999713897705,1474000,0.0,0.0
2025-08-21 00:00:00-04:00,2.2699999809265137,2.3499999046325684,2.2200000286102295,2.319999933242798,887700,0.0,0.0
2025-08-22 00:00:00-04:00,2.3499999046325684,2.4749999046325684,2.3499999046325684,2.4100000858306885,1580200,0.0,0.0
2025-08-25 00:00:00-04:00,2.369999885559082,2.4800000190734863,2.325000047683716,2.3499999046325684,1124200,0.0,0.0
2025-08-26 00:00:00-04:00,2.3499999046325684,2.4000000953674316,2.299999952316284,2.380000114440918,1770900,0.0,0.0
2025-08-27 00:00:00-04:00,2.380000114440918,2.5299999713897705,2.3570001125335693,2.490000009536743,1559300,0.0,0.0
2025-08-28 00:00:00-04:00,2.4600000381469727,2.559999942779541,2.444999933242798,2.5,993100,0.0,0.0
2025-08-29 00:00:00-04:00,2.5,2.509999990463257,2.321000099182129,2.359999895095825,1080100,0.0,0.0
2025-09-02 00:00:00-04:00,2.369999885559082,2.430000066757202,2.2699999809265137,2.299999952316284,1252600,0.0,0.0
2025-09-03 00:00:00-04:00,2.2699999809265137,2.390000104904175,2.2300000190734863,2.359999895095825,1088900,0.0,0.0
2025-09-04 00:00:00-04:00,2.380000114440918,2.380000114440918,2.25,2.299999952316284,1123600,0.0,0.0
2025-09-05 00:00:00-04:00,2.309999942779541,2.440000057220459,2.25,2.25,1403200,0.0,0.0
2025-09-08 00:00:00-04:00,2.240000009536743,2.259999990463257,2.140000104904175,2.1600000858306885,2182500,0.0,0.0
2025-09-09 00:00:00-04:00,2.1500000953674316,2.2200000286102295,2.119999885559082,2.2100000381469727,1535600,0.0,0.0
2025-09-10 00:00:00-04:00,2.200000047683716,2.2200000286102295,2.125,2.1600000858306885,1117700,0.0,0.0
2025-09-11 00:00:00-04:00,2.2100000381469727,3.0,2.200000047683716,2.9800000190734863,13552400,0.0,0.0
2025-09-12 00:00:00-04:00,3.0,3.049999952316284,2.371000051498413,2.4800000190734863,8276500,0.0,0.0
2025-09-15 00:00:00-04:00,2.450000047683716,2.555000066757202,2.380000114440918,2.450000047683716,1873800,0.0,0.0
2025-09-16 00:00:00-04:00,2.450000047683716,2.6449999809265137,2.440000057220459,2.619999885559082,1188900,0.0,0.0
2025-09-17 00:00:00-04:00,2.569999933242798,2.674999952316284,2.505000114440918,2.5299999713897705,1761100,0.0,0.0
2025-09-18 00:00:00-04:00,2.549999952316284,2.7300000190734863,2.549999952316284,2.7100000381469727,1305000,0.0,0.0
2025-09-19 00:00:00-04:00,2.7200000286102295,2.7899999618530273,2.6500000953674316,2.680000066757202,1926000,0.0,0.0
2025-09-22 00:00:00-04:00,2.6500000953674316,2.819999933242798,2.5799999237060547,2.809999942779541,1328000,0.0,0.0
2025-09-23 00:00:00-04:00,2.809999942779541,2.8359999656677246,2.6600000858306885,2.740000009536743,1109000,0.0,0.0
2025-09-24 00:00:00-04:00,2.740000009536743,2.799999952316284,2.690000057220459,2.7200000286102295,604000,0.0,0.0
2025-09-25 00:00:00-04:00,2.690000057220459,2.693000078201294,2.569999933242798,2.619999885559082,785400,0.0,0.0
2025-09-26 00:00:00-04:00,2.630000114440918,2.6600000858306885,2.4800000190734863,2.490000009536743,1029300,0.0,0.0
2025-09-29 00:00:00-04:00,2.5299999713897705,2.619999885559082,2.4749999046325684,2.4800000190734863,1118600,0.0,0.0
2025-09-30 00:00:00-04:00,2.4800000190734863,2.5199999809265137,2.3399999141693115,2.4200000762939453,1894600,0.0,0.0
2025-10-01 00:00:00-04:00,2.369999885559082,2.6600000858306885,2.369999885559082,2.5999999046325684,1788700,0.0,0.0
2025-10-02 00:00:00-04:00,2.640000104904175,2.7899999618530273,2.619999885559082,2.7799999713897705,1386900,0.0,0.0
2025-10-03 00:00:00-04:00,2.7799999713897705,2.940000057220459,2.694999933242798,2.740000009536743,2046500,0.0,0.0
2025-10-06 00:00:00-04:00,2.759999990463257,2.930000066757202,2.7200000286102295,2.9000000953674316,2109200,0.0,0.0
2025-10-07 00:00:00-04:00,2.950000047683716,3.0199999809265137,2.8499999046325684,2.9600000381469727,3488400,0.0,0.0
2025-10-08 00:00:00-04:00,2.8399999141693115,3.4100000858306885,2.7699999809265137,3.259999990463257,7802500,0.0,0.0
2025-10-09 00:00:00-04:00,3.3499999046325684,3.4700000286102295,3.1700000762939453,3.299999952316284,4438100,0.0,0.0
2025-10-10 00:00:00-04:00,3.299999952316284,3.315999984741211,2.9700000286102295,3.0199999809265137,3709200,0.0,0.0
2025-10-13 00:00:00-04:00,3.0199999809265137,3.049999952316284,2.799999952316284,2.990000009536743,1965600,0.0,0.0
2025-10-14 00:00:00-04:00,3.0,3.180000066757202,2.880000114440918,3.0899999141693115,1570400,0.0,0.0
2025-10-15 00:00:00-04:00,3.1500000953674316,3.25,3.0399999618530273,3.1700000762939453,1245500,0.0,0.0
2025-10-16 00:00:00-04:00,3.200000047683716,3.2799999713897705,2.990000009536743,3.0399999618530273,1516400,0.0,0.0
2025-10-17 00:00:00-04:00,2.950000047683716,3.049999952316284,2.9100000858306885,2.9700000286102295,790100,0.0,0.0
2025-10-20 00:00:00-04:00,3.0199999809265137,3.309999942779541,2.9800000190734863,3.2899999618530273,1889900,0.0,0.0
2025-10-21 00:00:00-04:00,3.2699999809265137,3.444999933242798,3.2300000190734863,3.299999952316284,2035600,0.0,0.0
2025-10-22 00:00:00-04:00,3.2100000381469727,3.299999952316284,3.0799999237060547,3.1600000858306885,1364600,0.0,0.0
2025-10-23 00:00:00-04:00,3.200000047683716,3.25,3.0510001182556152,3.190000057220459,1122900,0.0,0.0
2025-10-24 00:00:00-04:00,3.240000009536743,3.2699999809265137,3.1500000953674316,3.200000047683716,649500,0.0,0.0
2025-10-27 00:00:00-04:00,3.25,3.4800000190734863,3.200000047683716,3.2200000286102295,2423400,0.0,0.0
2025-10-28 00:00:00-04:00,3.2300000190734863,3.240000009536743,2.9000000953674316,3.0399999618530273,1732800,0.0,0.0
2025-10-29 00:00:00-04:00,3.0,3.119999885559082,2.934999942779541,3.0999999046325684,1464400,0.0,0.0
2025-10-30 00:00:00-04:00,3.130000114440918,3.2699999809265137,3.0450000762939453,3.0799999237060547,1492100,0.0,0.0
2025-10-31 00:00:00-04:00,3.0799999237060547,3.130000114440918,3.0350000858306885,3.059999942779541,999800,0.0,0.0
2025-11-03 00:00:00-05:00,3.0999999046325684,3.0999999046325684,2.7100000381469727,2.8499999046325684,3347800,0.0,0.0
2025-11-04 00:00:00-05:00,2.809999942779541,2.825000047683716,2.7049999237060547,2.799999952316284,1083200,0.0,0.0
2025-11-05 00:00:00-05:00,2.8399999141693115,2.940000057220459,2.700000047683716,2.700000047683716,1185000,0.0,0.0
2025-11-06 00:00:00-05:00,2.7300000190734863,2.869999885559082,2.63100004196167,2.809999942779541,1909400,0.0,0.0
2025-11-07 00:00:00-05:00,2.75,2.950000047683716,2.555000066757202,2.890000104904175,2056700,0.0,0.0
2025-11-10 00:00:00-05:00,2.9100000858306885,2.950000047683716,2.6649999618530273,2.700000047683716,2093800,0.0,0.0
2025-11-11 00:00:00-05:00,2.7799999713897705,2.819999933242798,2.680999994277954,2.799999952316284,893800,0.0,0.0
2025-11-12 00:00:00-05:00,2.880000114440918,2.880000114440918,2.634999990463257,2.680000066757202,1671200,0.0,0.0
2025-11-13 00:00:00-05:00,2.6549999713897705,2.6549999713897705,2.25,2.2799999713897705,2663000,0.0,0.0
2025-11-14 00:00:00-05:00,2.2200000286102295,2.4649999141693115,2.2100000381469727,2.4100000858306885,1336900,0.0,0.0
2025-11-17 00:00:00-05:00,2.369999885559082,2.4600000381469727,2.240000009536743,2.25,911200,0.0,0.0
2025-11-18 00:00:00-05:00,2.25,2.3499999046325684,2.1700000762939453,2.2799999713897705,1587800,0.0,0.0
2025-11-19 00:00:00-05:00,2.3399999141693115,2.3499999046325684,2.234999895095825,2.319999933242798,1197500,0.0,0.0
2025-11-20 00:00:00-05:00,2.319999933242798,2.4690001010894775,2.0850000381469727,2.0899999141693115,1124400,0.0,0.0
2025-11-21 00:00:00-05:00,2.0799999237060547,2.200000047683716,2.075000047683716,2.190000057220459,1527100,0.0,0.0
2025-11-24 00:00:00-05:00,2.190000057220459,2.25,2.130000114440918,2.140000104904175,918800,0.0,0.0
2025-11-25 00:00:00-05:00,2.190000057220459,2.2300000190734863,2.049999952316284,2.0999999046325684,1267000,0.0,0.0
2025-11-26 00:00:00-05:00,2.0999999046325684,2.1500000953674316,2.0399999618530273,2.119999885559082,1581100,0.0,0.0
2025-11-28 00:00:00-05:00,2.140000104904175,2.246000051498413,2.075000047683716,2.2200000286102295,1126600,0.0,0.0
2025-12-01 00:00:00-05:00,2.2100000381469727,2.2899999618530273,2.130000114440918,2.259999990463257,1137000,0.0,0.0
2025-12-02 00:00:00-05:00,2.259999990463257,2.3399999141693115,2.1600000858306885,2.25,1095200,0.0,0.0
2025-12-03 00:00:00-05:00,2.259999990463257,2.4800000190734863,2.2200000286102295,2.4600000381469727,1048800,0.0,0.0
2025-12-04 00:00:00-05:00,2.440000057220459,2.5899999141693115,2.4100000858306885,2.569999933242798,1344300,0.0,0.0
2025-12-05 00:00:00-05:00,2.569999933242798,2.6500000953674316,2.319999933242798,2.3399999141693115,1571300,0.0,0.0
2025-12-08 00:00:00-05:00,2.390000104904175,2.444999933242798,2.299999952316284,2.3499999046325684,1117200,0.0,0.0
2025-12-09 00:00:00-05:00,2.3499999046325684,2.3499999046325684,2.180000066757202,2.2100000381469727,1178600,0.0,0.0
2025-12-10 00:00:00-05:00,2.2100000381469727,2.2100000381469727,2.0899999141693115,2.1700000762939453,1019200,0.0,0.0
2025-12-11 00:00:00-05:00,2.1700000762939453,2.2850000858306885,2.119999885559082,2.2200000286102295,939200,0.0,0.0
2025-12-12 00:00:00-05:00,2.2200000286102295,2.2799999713897705,2.200000047683716,2.2100000381469727,819000,0.0,0.0
2025-12-15 00:00:00-05:00,2.2100000381469727,2.2100000381469727,2.059999942779541,2.0799999237060547,1334600,0.0,0.0
2025-12-16 00:00:00-05:00,2.119999885559082,2.2149999141693115,2.0999999046325684,2.200000047683716,2022700,0.0,0.0
2025-12-17 00:00:00-05:00,2.240000009536743,2.3949999809265137,2.2100000381469727,2.3499999046325684,2230100,0.0,0.0
2025-12-18 00:00:00-05:00,2.390000104904175,2.5899999141693115,2.3450000286102295,2.4700000286102295,3261100,0.0,0.0
2025-12-19 00:00:00-05:00,2.4700000286102295,2.5399999618530273,2.3299999237060547,2.369999885559082,1397400,0.0,0.0
2025-12-22 00:00:00-05:00,2.369999885559082,2.515000104904175,2.369999885559082,2.4600000381469727,613200,0.0,0.0
2025-12-23 00:00:00-05:00,2.4600000381469727,2.569999933242798,2.4100000858306885,2.5,956500,0.0,0.0
2025-12-24 00:00:00-05:00,2.509999990463257,2.5850000381469727,2.430000066757202,2.569999933242798,409300,0.0,0.0
2025-12-26 00:00:00-05:00,2.559999942779541,2.559999942779541,2.4700000286102295,2.5299999713897705,692900,0.0,0.0
2025-12-29 00:00:00-05:00,2.4800000190734863,2.5460000038146973,2.190000057220459,2.200000047683716,1507600,0.0,0.0
2025-12-30 00:00:00-05:00,2.2200000286102295,2.2899999618530273,2.180000066757202,2.200000047683716,696900,0.0,0.0
2025-12-31 00:00:00-05:00,2.200000047683716,2.240000009536743,2.1600000858306885,2.240000009536743,1135600,0.0,0.0
2026-01-02 00:00:00-05:00,2.2899999618530273,2.2920000553131104,2.1549999713897705,2.2300000190734863,1867100,0.0,0.0
2026-01-05 00:00:00-05:00,2.2200000286102295,2.2300000190734863,2.0999999046325684,2.140000104904175,1481500,0.0,0.0
2026-01-06 00:00:00-05:00,2.190000057220459,2.2850000858306885,2.1600000858306885,2.25,916200,0.0,0.0
2026-01-07 00:00:00-05:00,2.2899999618530273,2.5350000858306885,2.2699999809265137,2.4200000762939453,1350600,0.0,0.0
2026-01-08 00:00:00-05:00,2.4100000858306885,2.4800000190734863,2.3299999237060547,2.359999895095825,471900,0.0,0.0
2026-01-09 00:00:00-05:00,2.380000114440918,2.390000104904175,2.2799999713897705,2.3399999141693115,829800,0.0,0.0
2026-01-12 00:00:00-05:00,2.359999895095825,2.365000009536743,2.25,2.3299999237060547,553300,0.0,0.0
2026-01-13 00:00:00-05:00,2.3499999046325684,2.369999885559082,2.200000047683716,2.2899999618530273,1532100,0.0,0.0
2026-01-14 00:00:00-05:00,2.259999990463257,2.3499999046325684,2.25,2.2799999713897705,513100,0.0,0.0
2026-01-15 00:00:00-05:00,2.2899999618530273,2.2899999618530273,2.1449999809265137,2.180000066757202,1240500,0.0,0.0
2026-01-16 00:00:00-05:00,2.2100000381469727,2.315000057220459,2.1700000762939453,2.2899999618530273,1512400,0.0,0.0
2026-01-20 00:00:00-05:00,2.180000066757202,2.25,2.119999885559082,2.140000104904175,1352900,0.0,0.0
2026-01-21 00:00:00-05:00,2.1500000953674316,2.200000047683716,2.059999942779541,2.1500000953674316,1242400,0.0,0.0
2026-01-22 00:00:00-05:00,2.1500000953674316,2.2899999618530273,2.1500000953674316,2.180000066757202,852100,0.0,0.0
2026-01-23 00:00:00-05:00,2.190000057220459,2.2200000286102295,2.140000104904175,2.1700000762939453,601300,0.0,0.0
2026-01-26 00:00:00-05:00,2.140000104904175,2.1700000762939453,2.1050000190734863,2.140000104904175,725300,0.0,0.0
2026-01-27 00:00:00-05:00,2.1700000762939453,2.2300000190734863,2.1449999809265137,2.2100000381469727,545900,0.0,0.0
2026-01-28 00:00:00-05:00,2.200000047683716,2.2309999465942383,2.0999999046325684,2.0999999046325684,994900,0.0,0.0
2026-01-29 00:00:00-05:00,2.0999999046325684,2.1600000858306885,2.059999942779541,2.130000114440918,862700,0.0,0.0
2026-01-30 00:00:00-05:00,2.130000114440918,2.180000066757202,1.9600000381469727,1.9800000190734863,1628200,0.0,0.0
2026-02-02 00:00:00-05:00,2.0399999618530273,2.0999999046325684,1.9900000095367432,2.0399999618530273,497800,0.0,0.0
2026-02-03 00:00:00-05:00,2.0199999809265137,2.0899999141693115,1.8839999437332153,2.0299999713897705,2169000,0.0,0.0
2026-02-04 00:00:00-05:00,2.0199999809265137,2.049999952316284,1.8250000476837158,1.899999976158142,1211300,0.0,0.0
2026-02-05 00:00:00-05:00,1.8700000047683716,1.934999942779541,1.7130000591278076,1.7300000190734863,1482500,0.0,0.0
2026-02-06 00:00:00-05:00,1.7400000095367432,1.8849999904632568,1.7400000095367432,1.8700000047683716,946300,0.0,0.0
2026-02-09 00:00:00-05:00,1.8899999856948853,2.0199999809265137,1.7949999570846558,1.9900000095367432,1144100,0.0,0.0
2026-02-10 00:00:00-05:00,1.9900000095367432,2.119999885559082,1.9700000286102295,2.009999990463257,874100,0.0,0.0
2026-02-11 00:00:00-05:00,2.0,2.055000066757202,1.8700000047683716,2.0,866200,0.0,0.0
2026-02-12 00:00:00-05:00,2.009999990463257,2.0199999809265137,1.909999966621399,1.9800000190734863,516900,0.0,0.0
2026-02-13 00:00:00-05:00,1.940000057220459,2.0850000381469727,1.940000057220459,1.9800000190734863,370100,0.0,0.0
2026-02-17 00:00:00-05:00,1.9900000095367432,2.069999933242798,1.9600000381469727,2.0199999809265137,326000,0.0,0.0
2026-02-18 00:00:00-05:00,2.0199999809265137,2.134999990463257,2.0,2.109999895095825,452500,0.0,0.0
2026-02-19 00:00:00-05:00,2.0799999237060547,2.2300000190734863,2.0399999618530273,2.190000057220459,510100,0.0,0.0
2026-02-20 00:00:00-05:00,2.190000057220459,2.2109999656677246,2.065000057220459,2.0899999141693115,399300,0.0,0.0
2026-02-23 00:00:00-05:00,2.0999999046325684,2.180000066757202,2.069999933242798,2.1600000858306885,387400,0.0,0.0
2026-02-24 00:00:00-05:00,2.1500000953674316,2.259999990463257,2.1500000953674316,2.240000009536743,756400,0.0,0.0
2026-02-25 00:00:00-05:00,2.259999990463257,2.299999952316284,2.1500000953674316,2.259999990463257,917800,0.0,0.0
2026-02-26 00:00:00-05:00,2.2899999618530273,2.2899999618530273,2.1700000762939453,2.2300000190734863,403900,0.0,0.0
2026-02-27 00:00:00-05:00,2.2200000286102295,2.2750000953674316,2.180000066757202,2.240000009536743,395800,0.0,0.0
2026-03-02 00:00:00-05:00,2.1600000858306885,2.3399999141693115,2.1600000858306885,2.309999942779541,611300,0.0,0.0
2026-03-03 00:00:00-05:00,2.2799999713897705,2.2850000858306885,2.1500000953674316,2.2100000381469727,715800,0.0,0.0
2026-03-04 00:00:00-05:00,2.2300000190734863,2.5450000762939453,2.2200000286102295,2.4600000381469727,1090400,0.0,0.0
2026-03-05 00:00:00-05:00,2.4600000381469727,2.5,2.319999933242798,2.3499999046325684,452200,0.0,0.0
2026-03-06 00:00:00-05:00,2.3499999046325684,2.444999933242798,2.2899999618530273,2.299999952316284,398800,0.0,0.0
2026-03-09 00:00:00-04:00,2.2899999618530273,2.4200000762939453,2.2899999618530273,2.390000104904175,530500,0.0,0.0
2026-03-10 00:00:00-04:00,2.430000066757202,2.6050000190734863,2.4149999618530273,2.4800000190734863,884200,0.0,0.0
2026-03-11 00:00:00-04:00,2.4800000190734863,2.515000104904175,2.369999885559082,2.4600000381469727,290700,0.0,0.0
2026-03-12 00:00:00-04:00,2.4600000381469727,2.4600000381469727,2.2300000190734863,2.240000009536743,591500,0.0,0.0
2026-03-13 00:00:00-04:00,2.299999952316284,2.369999885559082,2.200000047683716,2.25,584400,0.0,0.0
2026-03-16 00:00:00-04:00,2.299999952316284,2.305000066757202,2.125,2.1500000953674316,630000,0.0,0.0
2026-03-17 00:00:00-04:00,2.180000066757202,2.200000047683716,2.0999999046325684,2.130000114440918,517200,0.0,0.0
2026-03-18 00:00:00-04:00,2.119999885559082,2.1449999809265137,2.055000066757202,2.0799999237060547,366400,0.0,0.0
2026-03-19 00:00:00-04:00,2.059999942779541,2.0999999046325684,1.8700000047683716,1.9500000476837158,1498400,0.0,0.0
2026-03-20 00:00:00-04:00,1.9800000190734863,2.009999990463257,1.9199999570846558,1.9299999475479126,690600,0.0,0.0
2026-03-23 00:00:00-04:00,2.0,2.0,1.8600000143051147,1.940000057220459,805400,0.0,0.0
2026-03-24 00:00:00-04:00,1.909999966621399,1.9299999475479126,1.7799999713897705,1.7899999618530273,1110400,0.0,0.0
2026-03-25 00:00:00-04:00,1.850000023841858,1.899999976158142,1.7999999523162842,1.8300000429153442,811600,0.0,0.0
2026-03-26 00:00:00-04:00,1.809999942779541,1.840000033378601,1.7200000286102295,1.7699999809265137,878700,0.0,0.0
2026-03-27 00:00:00-04:00,1.7599999904632568,1.7599999904632568,1.5800000429153442,1.600000023841858,1509300,0.0,0.0
2026-03-30 00:00:00-04:00,1.649999976158142,1.7200000286102295,1.559999942779541,1.6200000047683716,947700,0.0,0.0
2026-03-31 00:00:00-04:00,1.659999966621399,1.809000015258789,1.659999966621399,1.7899999618530273,1352100,0.0,0.0
2026-04-01 00:00:00-04:00,1.850000023841858,1.8899999856948853,1.7350000143051147,1.75,886800,0.0,0.0
2026-04-02 00:00:00-04:00,1.6799999475479126,1.9199999570846558,1.6799999475479126,1.899999976158142,1053500,0.0,0.0
2026-04-06 00:00:00-04:00,1.909999966621399,1.940000057220459,1.809999942779541,1.809999942779541,673400,0.0,0.0
2026-04-07 00:00:00-04:00,1.7899999618530273,1.8849999904632568,1.7300000190734863,1.8300000429153442,1029800,0.0,0.0
2026-04-08 00:00:00-04:00,1.9199999570846558,1.940000057220459,1.8300000429153442,1.850000023841858,695900,0.0,0.0
2026-04-09 00:00:00-04:00,1.840000033378601,1.9199999570846558,1.8350000381469727,1.899999976158142,538500,0.0,0.0
2026-04-10 00:00:00-04:00,1.9299999475479126,1.9700000286102295,1.840000033378601,1.9500000476837158,1750700,0.0,0.0
2026-04-13 00:00:00-04:00,1.899999976158142,2.0350000858306885,1.8700000047683716,1.9500000476837158,2787100,0.0,0.0
2026-04-14 00:00:00-04:00,2.0,2.0250000953674316,1.8849999904632568,1.909999966621399,1619600,0.0,0.0
2026-04-15 00:00:00-04:00,1.9299999475479126,2.0350000858306885,1.9199999570846558,2.009999990463257,2818700,0.0,0.0
2026-04-16 00:00:00-04:00,2.0199999809265137,2.0299999713897705,1.9249999523162842,1.9500000476837158,842600,0.0,0.0
2026-04-17 00:00:00-04:00,1.9900000095367432,2.190000057220459,1.9800000190734863,2.180000066757202,1380500,0.0,0.0
2026-04-20 00:00:00-04:00,2.180000066757202,2.180000066757202,2.0899999141693115,2.0999999046325684,657900,0.0,0.0
2026-04-21 00:00:00-04:00,2.109999895095825,2.119999885559082,2.049999952316284,2.0899999141693115,529100,0.0,0.0
2026-04-22 00:00:00-04:00,2.130000114440918,2.1649999618530273,2.069999933242798,2.0899999141693115,571200,0.0,0.0
2026-04-23 00:00:00-04:00,2.069999933242798,2.0999999046325684,1.9800000190734863,2.0,516200,0.0,0.0
2026-04-24 00:00:00-04:00,1.9900000095367432,2.0199999809265137,1.9249999523162842,1.940000057220459,703100,0.0,0.0
2026-04-27 00:00:00-04:00,1.9600000381469727,2.015000104904175,1.850000023841858,1.8600000143051147,514500,0.0,0.0
2026-04-28 00:00:00-04:00,1.8700000047683716,1.909999966621399,1.8300000429153442,1.8300000429153442,274100,0.0,0.0
2026-04-29 00:00:00-04:00,1.850000023841858,1.850000023841858,1.75,1.8200000524520874,617700,0.0,0.0
2026-04-30 00:00:00-04:00,1.850000023841858,1.9249999523162842,1.8200000524520874,1.899999976158142,789700,0.0,0.0
2026-05-01 00:00:00-04:00,1.909999966621399,1.9500000476837158,1.8550000190734863,1.9299999475479126,386200,0.0,0.0
2026-05-04 00:00:00-04:00,1.909999966621399,1.9900000095367432,1.8700000047683716,1.8799999952316284,518200,0.0,0.0
2026-05-05 00:00:00-04:00,1.899999976158142,1.9299999475479126,1.8600000143051147,1.9199999570846558,478800,0.0,0.0
2026-05-06 00:00:00-04:00,1.9500000476837158,1.9900000095367432,1.8700000047683716,1.9600000381469727,580600,0.0,0.0
2026-05-07 00:00:00-04:00,1.9600000381469727,1.9700000286102295,1.809999942779541,1.8799999952316284,847400,0.0,0.0
2026-05-08 00:00:00-04:00,1.899999976158142,1.9049999713897705,1.850000023841858,1.8600000143051147,719100,0.0,0.0
2026-05-11 00:00:00-04:00,1.8799999952316284,1.9299999475479126,1.7599999904632568,1.7699999809265137,1329700,0.0,0.0
2026-05-12 00:00:00-04:00,1.7599999904632568,1.809999942779541,1.7300000190734863,1.7799999713897705,976800,0.0,0.0
2026-05-13 00:00:00-04:00,1.7799999713897705,1.8300000429153442,1.75,1.75,631800,0.0,0.0
2026-05-14 00:00:00-04:00,1.7599999904632568,1.7699999809265137,1.6799999475479126,1.7100000381469727,1110500,0.0,0.0
2026-05-15 00:00:00-04:00,1.7200000286102295,1.7300000190734863,1.590000033378601,1.659999966621399,884500,0.0,0.0
2026-05-18 00:00:00-04:00,1.659999966621399,1.7100000381469727,1.5800000429153442,1.6100000143051147,967900,0.0,0.0
2026-05-19 00:00:00-04:00,1.5800000429153442,1.6399999856948853,1.5299999713897705,1.5499999523162842,891600,0.0,0.0
2026-05-20 00:00:00-04:00,1.5499999523162842,1.725000023841858,1.5499999523162842,1.690000057220459,1278700,0.0,0.0
2026-05-21 00:00:00-04:00,1.659999966621399,1.7699999809265137,1.590000033378601,1.75,876700,0.0,0.0
2026-05-22 00:00:00-04:00,1.7400000095367432,1.805999994277954,1.7300000190734863,1.75,479700,0.0,0.0
2026-05-26 00:00:00-04:00,1.75,1.7929999828338623,1.6749999523162842,1.690000057220459,895200,0.0,0.0
2026-05-27 00:00:00-04:00,1.7100000381469727,1.8450000286102295,1.6799999475479126,1.809999942779541,1372200,0.0,0.0
2026-05-28 00:00:00-04:00,1.7899999618530273,1.8700000047683716,1.7799999713897705,1.809999942779541,1098300,0.0,0.0
2026-05-29 00:00:00-04:00,1.7799999713897705,1.8600000143051147,1.7400000095367432,1.8300000429153442,1002400,0.0,0.0
2026-06-01 00:00:00-04:00,1.8300000429153442,1.909999966621399,1.75,1.850000023841858,1467100,0.0,0.0
2026-06-02 00:00:00-04:00,1.8899999856948853,1.9600000381469727,1.7699999809265137,1.899999976158142,2258400,0.0,0.0
2026-06-03 00:00:00-04:00,1.8600000143051147,1.8600000143051147,1.7200000286102295,1.7300000190734863,838100,0.0,0.0
2026-06-04 00:00:00-04:00,1.7400000095367432,1.8700000047683716,1.7400000095367432,1.850000023841858,740100,0.0,0.0
2026-06-05 00:00:00-04:00,1.8200000524520874,1.8300000429153442,1.7450000047683716,1.7999999523162842,1520200,0.0,0.0
2026-06-08 00:00:00-04:00,1.8200000524520874,1.8200000524520874,1.690000057220459,1.7100000381469727,998500,0.0,0.0
2026-06-09 00:00:00-04:00,1.7100000381469727,1.7649999856948853,1.63100004196167,1.6699999570846558,465800,0.0,0.0
2026-06-10 00:00:00-04:00,1.659999966621399,1.715000033378601,1.6449999809265137,1.6699999570846558,671500,0.0,0.0
2026-06-11 00:00:00-04:00,1.6699999570846558,1.7000000476837158,1.6200000047683716,1.659999966621399,587800,0.0,0.0
2026-06-12 00:00:00-04:00,1.649999976158142,1.715000033378601,1.6100000143051147,1.6399999856948853,774800,0.0,0.0
2026-06-15 00:00:00-04:00,1.649999976158142,1.7050000429153442,1.649999976158142,1.6699999570846558,570000,0.0,0.0
2026-06-16 00:00:00-04:00,1.659999966621399,1.7200000286102295,1.6399999856948853,1.690000057220459,484400,0.0,0.0
2026-06-17 00:00:00-04:00,1.690000057220459,1.8300000429153442,1.6699999570846558,1.75,755700,0.0,0.0
2026-06-18 00:00:00-04:00,1.7599999904632568,1.8300000429153442,1.7549999952316284,1.8300000429153442,578600,0.0,0.0
2026-06-22 00:00:00-04:00,1.8300000429153442,1.9249999523162842,1.7999999523162842,1.8200000524520874,728600,0.0,0.0
2026-06-23 00:00:00-04:00,1.7999999523162842,1.8700000047683716,1.7200000286102295,1.7999999523162842,803300,0.0,0.0
2026-06-24 00:00:00-04:00,1.7799999713897705,1.815000057220459,1.7050000429153442,1.7699999809265137,589700,0.0,0.0
2026-06-25 00:00:00-04:00,1.7699999809265137,1.8700000047683716,1.6349999904632568,1.7000000476837158,1116200,0.0,0.0
2026-06-26 00:00:00-04:00,1.690000057220459,1.8450000286102295,1.690000057220459,1.8300000429153442,9463100,0.0,0.0
2026-06-29 00:00:00-04:00,1.7999999523162842,1.9500000476837158,1.7999999523162842,1.8899999856948853,1437400,0.0,0.0
2026-06-30 00:00:00-04:00,1.8899999856948853,2.240000009536743,1.8700000047683716,2.0399999618530273,3581800,0.0,0.0
2026-07-01 00:00:00-04:00,2.0199999809265137,2.0399999618530273,1.8700000047683716,1.8899999856948853,1382500,0.0,0.0
2026-07-02 00:00:00-04:00,1.8799999952316284,2.0999999046325684,1.8799999952316284,2.0299999713897705,1597200,0.0,0.0
2026-07-06 00:00:00-04:00,2.0299999713897705,2.2060000896453857,1.9900000095367432,1.9900000095367432,1145200,0.0,0.0
2026-07-07 00:00:00-04:00,2.0399999618530273,2.0399999618530273,1.8600000143051147,1.9500000476837158,1039100,0.0,0.0
2026-07-08 00:00:00-04:00,1.940000057220459,1.9600000381469727,1.8300000429153442,1.840000033378601,1024200,0.0,0.0
2026-07-09 00:00:00-04:00,1.8600000143051147,1.8600000143051147,1.75,1.7999999523162842,1508400,0.0,0.0
2026-07-10 00:00:00-04:00,1.7799999713897705,1.7799999713897705,1.7000000476837158,1.7599999904632568,936900,0.0,0.0
2026-07-13 00:00:00-04:00,1.75,1.75,1.600000023841858,1.6100000143051147,2048300,0.0,0.0
2026-07-14 00:00:00-04:00,1.6200000047683716,1.6299999952316284,1.5399999618530273,1.5499999523162842,1831500,0.0,0.0
2026-07-15 00:00:00-04:00,1.559999942779541,1.6200000047683716,1.5520000457763672,1.600000023841858,827900,0.0,0.0
2026-07-16 00:00:00-04:00,1.600000023841858,1.625,1.5499999523162842,1.6100000143051147,1136400,0.0,0.0
2026-07-17 00:00:00-04:00,1.5700000524520874,1.6649999618530273,1.5700000524520874,1.6200000047683716,991300,0.0,0.0
2026-07-20 00:00:00-04:00,1.6200000047683716,1.6349999904632568,1.524999976158142,1.559999942779541,1375400,0.0,0.0
2026-07-21 00:00:00-04:00,1.5700000524520874,1.6100000143051147,1.5700000524520874,1.5950000286102295,591200,0.0,0.0
2026-07-22 00:00:00-04:00,1.590000033378601,1.6100000143051147,1.5299999713897705,1.5299999713897705,472800,0.0,0.0
2026-07-23 00:00:00-04:00,1.5099999904632568,1.5390000343322754,1.4800000190734863,1.5199999809265137,791700,0.0,0.0
2026-07-24 00:00:00-04:00,1.5199999809265137,1.590000033378601,1.4500000476837158,1.5,1716900,0.0,0.0
2026-07-27 00:00:00-04:00,1.5299999713897705,1.6100000143051147,1.5199999809265137,1.5399999618530273,1244500,0.0,0.0
2026-07-28 00:00:00-04:00,1.5499999523162842,1.5499999523162842,1.4950000047683716,1.5399999618530273,788200,0.0,0.0
2026-07-29 00:00:00-04:00,1.559999942779541,1.5800000429153442,1.5099999904632568,1.5399999618530273,581200,0.0,0.0
2026-07-30 00:00:00-04:00,1.5299999713897705,1.5800000429153442,1.5190000534057617,1.5800000429153442,662300,0.0,0.0
2026-07-31 00:00:00-04:00,1.559999942779541,1.5820000171661377,1.5049999952316284,1.5399999618530273,809100,0.0,0.0
2026-08-03 00:00:00-04:00,1.5399999618530273,1.5700000524520874,1.5199999809265137,1.559999942779541,591500,0.0,0.0
2026-08-04 00:00:00-04:00,1.559999942779541,1.649999976158142,1.559999942779541,1.6299999952316284,698900,0.0,0.0
2026-08-05 00:00:00-04:00,1.649999976158142,1.684999942779541,1.6200000047683716,1.6699999570846558,611100,0.0,0.0
2026-08-06 00:00:00-04:00,1.659999966621399,1.6799999475479126,1.625,1.6399999856948853,382800,0.0,0.0
2026-08-07 00:00:00-04:00,1.659999966621399,1.7000000476837158,1.6200000047683716,1.6399999856948853,738800,0.0,0.0
2026-08-10 00:00:00-04:00,1.6299999952316284,1.7000000476837158,1.625,1.690000057220459,1240200,0.0,0.0
2026-08-11 00:00:00-04:00,1.6100000143051147,1.6799999475479126,1.5299999713897705,1.6100000143051147,2799500,0.0,0.0
2026-08-12 00:00:00-04:00,1.590000033378601,1.6299999952316284,1.409999966621399,1.4800000190734863,2429000,0.0,0.0
2026-08-13 00:00:00-04:00,1.4900000095367432,1.5099999904632568,1.399999976158142,1.4049999713897705,662700,0.0,0.0
2026-08-14 00:00:00-04:00,1.409999966621399,1.409999966621399,1.2999999523162842,1.3300000429153442,1415200,0.0,0.0
2026-08-17 00:00:00-04:00,1.3200000524520874,1.4199999570846558,1.309999942779541,1.399999976158142,745500,0.0,0.0
2026-08-18 00:00:00-04:00,1.3899999856948853,1.409999966621399,1.3450000286102295,1.3799999952316284,1043900,0.0,0.0
2026-08-19 00:00:00-04:00,1.4199999570846558,1.5,1.3799999952316284,1.4800000190734863,1768300,0.0,0.0
2026-08-20 00:00:00-04:00,1.4700000286102295,1.4700000286102295,1.3799999952316284,1.4199999570846558,1828100,0.0,0.0
2026-08-21 00:00:00-04:00,1.4299999475479126,1.6200000047683716,1.4299999475479126,1.6100000143051147,1716030,0.0,0.0
