Date,Open,High,Low,Close,Volume,Dividends,Stock Splits
1998-05-22 00:00:00-04:00,2.3758824510449266,2.4838772690692816,2.3758824510449266,2.4676785469055176,13194394,0.0,0.0
1998-05-26 00:00:00-04:00,2.440679365543324,2.6350705086682615,2.440679365543324,2.591872453689575,913275,0.0,0.0
1998-05-27 00:00:00-04:00,2.5054774284362793,2.591872928547294,2.483877875593927,2.5054774284362793,995794,0.0,0.0
1998-05-28 00:00:00-04:00,2.527075684058996,2.76466404792942,2.505476969407103,2.591872453689575,540675,0.0,0.0
1998-05-29 00:00:00-04:00,2.6350702123761494,2.689067201492662,2.613470665919749,2.624270439147949,409050,0.0,0.0
1998-06-01 00:00:00-04:00,2.624270439147949,2.689067201492662,2.624270439147949,2.624270439147949,205538,0.0,0.0
1998-06-02 00:00:00-04:00,2.67826809588794,2.67826809588794,2.6242710933113607,2.6566693782806396,1033763,0.0,0.0
1998-06-03 00:00:00-04:00,2.6350707695781126,3.0454499340886136,2.6350707695781126,2.829461097717285,394369,0.0,0.0
1998-06-04 00:00:00-04:00,2.8294610587479423,3.0022526677168297,2.8078623422549387,2.937455892562866,327544,0.0,0.0
1998-06-05 00:00:00-04:00,3.045450210571289,3.1102478267336453,2.9590547098909643,3.045450210571289,833794,0.0,0.0
1998-06-08 00:00:00-04:00,3.1102478267336453,3.1102478267336453,3.045450210571289,3.045450210571289,136688,0.0,0.0
1998-06-09 00:00:00-04:00,3.0886484088250765,3.0886484088250765,2.8078627586364746,2.8078627586364746,349819,0.0,0.0
1998-06-10 00:00:00-04:00,2.807861580234284,2.894256839876275,2.635070018158997,2.786262035369873,586744,0.0,0.0
1998-06-11 00:00:00-04:00,2.78626282990305,2.8726591569731994,2.78626282990305,2.829461097717285,164025,0.0,0.0
1998-06-12 00:00:00-04:00,2.8510589599609375,2.8510589599609375,2.7646636952576955,2.8510589599609375,164025,0.0,0.0
1998-06-15 00:00:00-04:00,2.894256754149431,2.894256754149431,2.8294602070580575,2.8726582527160645,64800,0.0,0.0
1998-06-16 00:00:00-04:00,2.915857783127662,3.239842653274536,2.8510609759450243,3.239842653274536,219713,0.0,0.0
1998-06-17 00:00:00-04:00,3.2398412505543024,3.531426443793947,3.1534449193749734,3.4558300971984863,550294,0.0,0.0
1998-06-18 00:00:00-04:00,3.542226774526868,3.5854237972669605,3.2830387984524894,3.39103364944458,457144,0.0,0.0
1998-06-19 00:00:00-04:00,3.3910327008361634,3.3910327008361634,3.175043893506154,3.1966423988342285,120994,0.0,0.0
1998-06-22 00:00:00-04:00,3.2830378800545734,3.2830378800545734,3.13184563150025,3.1966423988342285,166556,0.0,0.0
1998-06-23 00:00:00-04:00,3.11024808883667,3.153445321421248,3.099448311434222,3.11024808883667,466763,0.0,0.0
1998-06-24 00:00:00-04:00,3.11024903890926,3.283039899054366,3.11024903890926,3.239842653274536,210094,0.0,0.0
1998-06-25 00:00:00-04:00,3.1966422235994445,3.5206260425090643,3.1966422235994445,3.4342305660247803,459169,0.0,0.0
1998-06-26 00:00:00-04:00,3.4126335500843696,3.4774301335649325,3.326237201690674,3.326237201690674,45563,0.0,0.0
1998-06-29 00:00:00-04:00,3.434231379380732,3.5854234468966624,3.434231379380732,3.4558300971984863,97200,0.0,0.0
1998-06-30 00:00:00-04:00,3.499027329806704,3.499027329806704,3.4342305660247803,3.4342305660247803,72900,0.0,0.0
1998-07-01 00:00:00-04:00,3.4558300059535596,3.5206267833709717,3.4342312887060804,3.5206267833709717,161494,0.0,0.0
1998-07-02 00:00:00-04:00,3.4882275563389618,3.499027329806704,3.412632061880701,3.4342305660247803,206044,0.0,0.0
1998-07-06 00:00:00-04:00,3.4342311311338047,3.4342311311338047,3.3478348061997227,3.369434356689453,110363,0.0,0.0
1998-07-07 00:00:00-04:00,3.391034786250517,3.391034786250517,3.239842653274536,3.239842653274536,54169,0.0,0.0
1998-07-08 00:00:00-04:00,3.21824193110789,3.2398414847201153,3.067049644105914,3.1318464279174805,518906,0.0,0.0
1998-07-09 00:00:00-04:00,3.2182411127205954,3.2614391661682065,3.1966423988342285,3.1966423988342285,92138,0.0,0.0
1998-07-10 00:00:00-04:00,3.196643617612804,3.326237201690674,3.196643617612804,3.326237201690674,35438,0.0,0.0
1998-07-13 00:00:00-04:00,3.3694346160869078,3.3694346160869078,3.304637836654146,3.347835063934326,186300,0.0,0.0
1998-07-14 00:00:00-04:00,3.3478357152535745,3.3694352716083356,3.2830391317730117,3.326237201690674,14681,0.0,0.0
1998-07-15 00:00:00-04:00,3.391033363971019,3.499028205871582,3.369434645860906,3.499028205871582,173644,0.0,0.0
1998-07-16 00:00:00-04:00,3.3694352716083356,3.3694352716083356,3.326237201690674,3.326237201690674,16200,0.0,0.0
1998-07-17 00:00:00-04:00,3.4558298098383236,3.477429151535034,3.326236262357817,3.477429151535034,32906,0.0,0.0
1998-07-20 00:00:00-04:00,3.3694349295161827,3.4774297805082734,3.3262368639843363,3.39103364944458,86569,0.0,0.0
1998-07-21 00:00:00-04:00,3.391033318070233,3.4558300971984863,3.391033318070233,3.4558300971984863,1519,0.0,0.0
1998-07-22 00:00:00-04:00,3.4558300834537405,3.531426429748535,3.41263285654837,3.531426429748535,38981,0.0,0.0
1998-07-23 00:00:00-04:00,3.5314273520364945,4.0390025652544885,3.5206277817917617,3.8230128288269043,234394,0.0,0.0
1998-07-24 00:00:00-04:00,3.7798144343985203,3.9742045430302944,3.6286213397979736,3.6286213397979736,88594,0.0,0.0
1998-07-27 00:00:00-04:00,3.7366160838612053,3.7366160838612053,3.585422992706299,3.585422992706299,16200,0.0,0.0
1998-07-28 00:00:00-04:00,3.5854236071234618,3.9742051335003232,3.5854236071234618,3.8014132976531982,160988,0.0,0.0
1998-07-29 00:00:00-04:00,3.8446113522905168,3.8446113522905168,3.715017795562744,3.715017795562744,124538,0.0,0.0
1998-07-30 00:00:00-04:00,3.736616565643628,3.844611406326294,3.736616565643628,3.844611406326294,28856,0.0,0.0
1998-07-31 00:00:00-04:00,3.7582162415920433,3.844612386433138,3.736617518219346,3.8230128288269043,231356,0.0,0.0
1998-08-03 00:00:00-04:00,3.8446107274957386,3.8446107274957386,3.6502206325531006,3.6502206325531006,44044,0.0,0.0
1998-08-04 00:00:00-04:00,3.7798166275024414,3.8446132289367463,3.671821735622787,3.7798166275024414,88594,0.0,0.0
1998-08-05 00:00:00-04:00,3.801413136359898,3.844611406326294,3.715017847777092,3.844611406326294,58219,0.0,0.0
1998-08-06 00:00:00-04:00,3.844611569452489,3.844611569452489,3.8014132976531982,3.8014132976531982,7594,0.0,0.0
1998-08-07 00:00:00-04:00,3.844611600250261,3.8878090381622314,3.8014133281049247,3.8878090381622314,753806,0.0,0.0
1998-08-10 00:00:00-04:00,3.8878089406585667,3.9526063472514954,3.8662102222442627,3.8662102222442627,103275,0.0,0.0
1998-08-11 00:00:00-04:00,3.8230120164361643,3.909408560034746,3.8014132976531982,3.8014132976531982,15188,0.0,0.0
1998-08-12 00:00:00-04:00,3.8662081753770057,3.9094064235687256,3.801411220205877,3.9094064235687256,6581,0.0,0.0
1998-08-13 00:00:00-04:00,3.8014133281049247,3.8878090381622314,3.8014133281049247,3.8878090381622314,44044,0.0,0.0
1998-08-14 00:00:00-04:00,3.8878089406585667,3.8878089406585667,3.8662102222442627,3.8662102222442627,1013,0.0,0.0
1998-08-17 00:00:00-04:00,3.9742051335003232,3.9742051335003232,3.8014132976531982,3.8014132976531982,25313,0.0,0.0
1998-08-18 00:00:00-04:00,3.7798157991982775,3.844612386433138,3.7798157991982775,3.8230128288269043,938588,0.0,0.0
1998-08-19 00:00:00-04:00,3.866211109805836,3.909409390784767,3.7798157991982775,3.8230128288269043,11138,0.0,0.0
1998-08-20 00:00:00-04:00,3.801412979904174,3.812212964067937,3.758215128832345,3.7906134128570557,27338,0.0,0.0
1998-08-21 00:00:00-04:00,3.736616737421879,3.7906137431288784,3.6718201637268066,3.6718201637268066,16200,0.0,0.0
1998-08-24 00:00:00-04:00,3.6718201637268066,3.715018018562415,3.6718201637268066,3.6718201637268066,25819,0.0,0.0
1998-08-25 00:00:00-04:00,3.628621891774517,3.715018018562415,3.628621891774517,3.6718201637268066,35438,0.0,0.0
1998-08-26 00:00:00-04:00,3.6718201637268066,3.6718201637268066,3.6718201637268066,3.6718201637268066,0,0.0,0.0
1998-08-27 00:00:00-04:00,3.628622631164932,3.7150187755574384,3.6070239079043795,3.6934192180633545,171619,0.0,0.0
1998-08-28 00:00:00-04:00,3.607023281491518,3.736616849899292,3.607023281491518,3.736616849899292,121500,0.0,0.0
1998-08-31 00:00:00-04:00,3.6394220335034033,3.6610207557678223,3.6286224638128206,3.6610207557678223,77963,0.0,0.0
1998-09-01 00:00:00-04:00,3.628621677888568,3.650221229708227,3.563824690896217,3.61782169342041,674325,0.0,0.0
1998-09-02 00:00:00-04:00,3.5638244327387456,3.5638244327387456,3.4558298098383236,3.477429151535034,129600,0.0,0.0
1998-09-03 00:00:00-04:00,3.4450315509742344,3.4450315509742344,3.283038854598999,3.283038854598999,25819,0.0,0.0
1998-09-04 00:00:00-04:00,3.2830391317730117,3.3478357152535745,3.2614404096517386,3.326237201690674,28856,0.0,0.0
1998-09-08 00:00:00-04:00,3.239841896088838,3.326237201690674,3.239841896088838,3.326237201690674,1013,0.0,0.0
1998-09-09 00:00:00-04:00,3.2614398148027046,3.337036371231079,3.2614398148027046,3.337036371231079,15694,0.0,0.0
1998-09-10 00:00:00-04:00,3.23984152757484,3.3478353344558807,3.23984152757484,3.2614400386810303,4556,0.0,0.0
1998-09-11 00:00:00-04:00,3.2182430918717277,3.337037759769283,3.1966443647026024,3.239842653274536,26831,0.0,0.0
1998-09-14 00:00:00-04:00,3.196643134860092,3.715018018562415,3.196643134860092,3.6718201637268066,556369,0.0,0.0
1998-09-15 00:00:00-04:00,3.5422259796595164,3.6286212571029055,3.4342309443429127,3.585422992706299,180225,0.0,0.0
1998-09-16 00:00:00-04:00,3.6718195214995117,3.6718195214995117,3.5638242776246036,3.585422992706299,53156,0.0,0.0
1998-09-17 00:00:00-04:00,3.585425154732089,3.7798166275024414,3.585425154732089,3.7798166275024414,59231,0.0,0.0
1998-09-18 00:00:00-04:00,3.671819605179054,3.671819605179054,3.6286213397979736,3.6286213397979736,82013,0.0,0.0
1998-09-21 00:00:00-04:00,3.6286214195927804,3.779814517518122,3.6286214195927804,3.639420986175537,172631,0.0,0.0
1998-09-22 00:00:00-04:00,3.628621765882258,3.6394213334956476,3.499028205871582,3.499028205871582,15694,0.0,0.0
1998-09-23 00:00:00-04:00,3.4774292711927055,3.4774292711927055,3.412632703781128,3.412632703781128,53663,0.0,0.0
1998-09-24 00:00:00-04:00,3.412632703781128,3.412632703781128,3.412632703781128,3.412632703781128,8606,0.0,0.0
1998-09-25 00:00:00-04:00,3.412632703781128,3.412632703781128,3.412632703781128,3.412632703781128,0,0.0,0.0
1998-09-28 00:00:00-04:00,3.4342305660247803,3.4342305660247803,3.4342305660247803,3.4342305660247803,1519,0.0,0.0
1998-09-29 00:00:00-04:00,3.369434356689453,3.3910330729459215,3.369434356689453,3.369434356689453,10125,0.0,0.0
1998-09-30 00:00:00-04:00,3.4342312119877865,3.4342312119877865,3.412632703781128,3.412632703781128,18731,0.0,0.0
1998-10-01 00:00:00-04:00,3.3910325149452163,3.4342305660247803,3.369433802242856,3.4342305660247803,7088,0.0,0.0
1998-10-02 00:00:00-04:00,3.3694349412043905,3.380234718322754,3.3694349412043905,3.380234718322754,3544,0.0,0.0
1998-10-05 00:00:00-04:00,3.4126328717953753,3.6286217185455123,3.304637822745315,3.607023000717163,87075,0.0,0.0
1998-10-06 00:00:00-04:00,3.585422992706299,3.6502208064178165,3.585422992706299,3.585422992706299,124031,0.0,0.0
1998-10-07 00:00:00-04:00,3.4990281749524303,3.520626892871686,3.347835063934326,3.347835063934326,132638,0.0,0.0
1998-10-08 00:00:00-04:00,3.43423222979295,3.43423222979295,3.0130523312091917,3.0238521099090576,289575,0.0,0.0
1998-10-09 00:00:00-04:00,3.002252520898842,3.0346508026123047,2.9806529712288423,3.0346508026123047,13163,0.0,0.0
1998-10-12 00:00:00-04:00,3.045450064807875,3.1318461870280676,2.9698543442381062,2.9806532859802246,135675,0.0,0.0
1998-10-13 00:00:00-04:00,3.0130523312091917,3.0238521099090576,3.0130523312091917,3.0238521099090576,3544,0.0,0.0
1998-10-14 00:00:00-04:00,3.00225298019626,3.06704955353604,2.959054708480835,2.959054708480835,58725,0.0,0.0
1998-10-15 00:00:00-04:00,3.00225298019626,3.0238514903789544,2.9374561982981406,2.959054708480835,160481,0.0,0.0
1998-10-16 00:00:00-04:00,2.959054904241232,2.959054904241232,2.9158568382263184,2.9158568382263184,91631,0.0,0.0
1998-10-19 00:00:00-04:00,2.959054904241232,2.959054904241232,2.9158568382263184,2.9158568382263184,117956,0.0,0.0
1998-10-20 00:00:00-04:00,2.915855721325779,2.915855721325779,2.7862621985960963,2.8510589599609375,193894,0.0,0.0
1998-10-21 00:00:00-04:00,2.851059566682628,2.937455892562866,2.851059566682628,2.937455892562866,103781,0.0,0.0
1998-10-22 00:00:00-04:00,2.851059944501009,2.9590547926272555,2.7430650963747625,2.764664649963379,39488,0.0,0.0
1998-10-23 00:00:00-04:00,2.9374559402767964,3.369434448319971,2.9374559402767964,3.142645835876465,737100,0.0,0.0
1998-10-26 00:00:00-05:00,3.239840660840132,3.239840660840132,3.1102471261721756,3.1966423988342285,72394,0.0,0.0
1998-10-27 00:00:00-05:00,3.1750433577991433,3.2398401142003332,3.1102466013979533,3.1534438133239746,126056,0.0,0.0
1998-10-28 00:00:00-05:00,3.1966423988342285,3.2182411127205954,3.13184563150025,3.1966423988342285,432338,0.0,0.0
1998-10-29 00:00:00-05:00,3.2182413105244607,3.315436363220215,3.2182413105244607,3.315436363220215,379181,0.0,0.0
1998-10-30 00:00:00-05:00,3.326236920869619,3.326236920869619,3.261440134301221,3.283038854598999,320963,0.0,0.0
1998-11-02 00:00:00-05:00,3.3262368233496904,3.3586351114048463,3.2506402617320647,3.2614400386810303,99731,0.0,0.0
1998-11-03 00:00:00-05:00,3.3262364261257833,3.369434485971131,3.3262364261257833,3.3586347103118896,21263,0.0,0.0
1998-11-04 00:00:00-05:00,3.3694349871402385,3.391033707438017,3.283038854598999,3.283038854598999,87075,0.0,0.0
1998-11-05 00:00:00-05:00,3.2830391317730117,3.3694352716083356,3.2830391317730117,3.326237201690674,82013,0.0,0.0
1998-11-06 00:00:00-05:00,3.283038366280435,3.369434485971131,3.283038366280435,3.3586347103118896,13163,0.0,0.0
1998-11-09 00:00:00-05:00,3.369434436017889,3.4342312119877865,3.369434436017889,3.412632703781128,166050,0.0,0.0
1998-11-10 00:00:00-05:00,3.2830391317730117,3.4342320636472707,3.2830391317730117,3.326237201690674,15694,0.0,0.0
1998-11-11 00:00:00-05:00,3.3694349295161827,3.455830434904824,3.3262368639843363,3.39103364944458,92138,0.0,0.0
1998-11-12 00:00:00-05:00,3.326236920869619,3.3694349871402385,3.261440134301221,3.283038854598999,35438,0.0,0.0
1998-11-13 00:00:00-05:00,3.2830385329846203,3.337036371231079,3.2830385329846203,3.337036371231079,11644,0.0,0.0
1998-11-16 00:00:00-05:00,3.3370366981352166,3.3370366981352166,3.283038854598999,3.283038854598999,6075,0.0,0.0
1998-11-17 00:00:00-05:00,3.2722401878291194,3.326237201690674,3.2722401878291194,3.326237201690674,4050,0.0,0.0
1998-11-18 00:00:00-05:00,3.2722401878291194,3.3478357152535745,3.2722401878291194,3.326237201690674,32906,0.0,0.0
1998-11-19 00:00:00-05:00,3.3262359635650975,3.3478344690883817,3.2614391956454782,3.2722389698028564,44550,0.0,0.0
1998-11-20 00:00:00-05:00,3.2938385009765625,3.3046382784968245,3.2938385009765625,3.2938385009765625,26831,0.0,0.0
1998-11-23 00:00:00-05:00,3.2506406877110754,3.2830391885702292,3.077849864959717,3.077849864959717,139725,0.0,0.0
1998-11-24 00:00:00-05:00,3.1858430308166232,3.229041298328234,3.0886479717070947,3.175044298171997,65813,0.0,0.0
1998-11-25 00:00:00-05:00,3.229040341962749,3.229040341962749,3.121045330844251,3.1534438133239746,26325,0.0,0.0
1998-11-27 00:00:00-05:00,3.0994468291603687,3.1534438133239746,3.0886470569227846,3.1534438133239746,9113,0.0,0.0
1998-11-30 00:00:00-05:00,3.229041467591692,3.261439752807051,3.067049415839907,3.2182416915893555,91631,0.0,0.0
1998-12-01 00:00:00-05:00,3.1534447472995537,3.2182415228920123,3.1534447472995537,3.175044298171997,5569,0.0,0.0
1998-12-02 00:00:00-05:00,3.261439995540613,3.261439995540613,3.1318464279174805,3.1318464279174805,70369,0.0,0.0
1998-12-03 00:00:00-05:00,3.1102473342932804,3.1966426127364427,3.088647784728417,3.1210460662841797,563456,0.0,0.0
1998-12-04 00:00:00-05:00,3.121045330844251,3.1966418594830253,3.121045330844251,3.1534438133239746,212119,0.0,0.0
1998-12-07 00:00:00-05:00,3.1966428365443798,3.1966428365443798,3.131846060337904,3.142645835876465,34931,0.0,0.0
1998-12-08 00:00:00-05:00,3.1210460662841797,3.1534445563982483,3.1102473342932804,3.1210460662841797,342225,0.0,0.0
1998-12-09 00:00:00-05:00,3.1318466008497805,3.1318466008497805,3.0670498134603066,3.11024808883667,220725,0.0,0.0
1998-12-10 00:00:00-05:00,3.088647632237325,3.2398407176772253,3.088647632237325,3.1642441749572754,368044,0.0,0.0
1998-12-11 00:00:00-05:00,3.1102479962335585,3.4990285004366704,3.0778494992242615,3.39103364944458,609525,0.0,0.0
1998-12-14 00:00:00-05:00,3.3046382784968245,3.4126333424407727,3.2830389320146596,3.2938385009765625,15694,0.0,0.0
1998-12-15 00:00:00-05:00,3.412632703781128,3.412632703781128,3.347834885019629,3.412632703781128,23794,0.0,0.0
1998-12-16 00:00:00-05:00,3.3910330729459215,3.412632623435652,3.32623629850157,3.369434356689453,46069,0.0,0.0
1998-12-17 00:00:00-05:00,3.3910333752442026,3.4018331514518283,3.3262365950234534,3.337036371231079,60244,0.0,0.0
1998-12-18 00:00:00-05:00,3.3046382784968245,3.3046382784968245,3.261440211207573,3.2938385009765625,31894,0.0,0.0
1998-12-21 00:00:00-05:00,3.2938374197048015,3.326235907396662,3.2722389145462403,3.3046371936798096,51638,0.0,0.0
1998-12-22 00:00:00-05:00,3.2614400386810303,3.2614400386810303,3.2614400386810303,3.2614400386810303,1013,0.0,0.0
1998-12-23 00:00:00-05:00,3.2614394520541667,3.283038167833799,3.239840944832846,3.2506396770477295,52144,0.0,0.0
1998-12-24 00:00:00-05:00,3.261440134301221,3.283038854598999,3.261440134301221,3.283038854598999,5063,0.0,0.0
1998-12-28 00:00:00-05:00,3.2398420915612713,3.2830393298517047,3.0238521460581813,3.0670502185821533,163013,0.0,0.0
1998-12-29 00:00:00-05:00,3.0778486382260404,3.239840660840132,3.0778486382260404,3.1966423988342285,62269,0.0,0.0
1998-12-30 00:00:00-05:00,3.1966426282962317,3.1966426282962317,3.0238510277773045,3.0346508026123047,629269,0.0,0.0
1998-12-31 00:00:00-05:00,3.0346509715508576,3.1858430308166232,3.0238511961146357,3.175044298171997,534600,0.0,0.0
1999-01-04 00:00:00-05:00,3.0670488641662716,3.2830378800545734,3.0670488641662716,3.1966423988342285,109350,0.0,0.0
1999-01-05 00:00:00-05:00,3.1102484996645097,3.1102484996645097,3.0670502185821533,3.0670502185821533,5569,0.0,0.0
1999-01-06 00:00:00-05:00,3.0670483466806453,3.2398401142003332,3.0670483466806453,3.1534438133239746,84038,0.0,0.0
1999-01-07 00:00:00-05:00,3.1102466013979533,3.1966418594830253,3.0346500727591788,3.1534438133239746,173644,0.0,0.0
1999-01-08 00:00:00-05:00,3.0454511957665678,3.153446075809291,3.0238524700281113,3.088649272918701,255656,0.0,0.0
1999-01-11 00:00:00-05:00,3.034651924887155,3.1750452956128905,3.034651924887155,3.0670502185821533,45056,0.0,0.0
1999-01-12 00:00:00-05:00,3.153446075809291,3.153446075809291,3.0454511957665678,3.088649272918701,57713,0.0,0.0
1999-01-13 00:00:00-05:00,2.980654037901504,3.0886489050828145,2.937456800127479,3.0238521099090576,102263,0.0,0.0
1999-01-14 00:00:00-05:00,3.0238521460581813,3.1102484996645097,2.8942585541614196,3.0670502185821533,1410413,0.0,0.0
1999-01-15 00:00:00-05:00,3.11024808883667,3.153445321421248,3.0670498134603066,3.11024808883667,72900,0.0,0.0
1999-01-19 00:00:00-05:00,3.110247024071453,3.131845528690509,3.067048763483627,3.099447250366211,93656,0.0,0.0
1999-01-20 00:00:00-05:00,3.0886485340317744,3.1318466008497805,3.0886485340317744,3.11024808883667,37463,0.0,0.0
1999-01-21 00:00:00-05:00,3.1102471261721756,3.1966423988342285,3.1102471261721756,3.1966423988342285,49106,0.0,0.0
1999-01-22 00:00:00-05:00,3.239842653274536,3.239842653274536,3.239842653274536,3.239842653274536,11138,0.0,0.0
1999-01-25 00:00:00-05:00,3.196642973818003,3.2830384705784037,3.196642973818003,3.2182416915893555,367031,0.0,0.0
1999-01-26 00:00:00-05:00,3.1966423988342285,3.2182411127205954,3.1966423988342285,3.1966423988342285,104288,0.0,0.0
1999-01-27 00:00:00-05:00,3.218241683573272,3.218241683573272,2.9806532859802246,2.9806532859802246,129600,0.0,0.0
1999-01-28 00:00:00-05:00,3.0778495908627543,3.153445321421248,3.0238517466423005,3.11024808883667,3572606,0.0,0.0
1999-01-29 00:00:00-05:00,3.1102466013979533,3.1534438133239746,3.1102466013979533,3.1534438133239746,17719,0.0,0.0
1999-02-01 00:00:00-05:00,3.1318451030818353,3.1534438133239746,3.121045330844251,3.1534438133239746,10125,0.0,0.0
1999-02-02 00:00:00-05:00,3.153446075809291,3.153446075809291,3.0778503271662867,3.088649272918701,67838,0.0,0.0
1999-02-03 00:00:00-05:00,3.153445700256572,3.283039290604086,2.85106044755399,3.0238521099090576,334125,0.0,0.0
1999-02-04 00:00:00-05:00,3.0454495521301594,3.3262359635650975,3.0454495521301594,3.2722389698028564,13337663,0.0,0.0
1999-02-05 00:00:00-05:00,3.272239141350728,3.3478346445993643,3.272239141350728,3.315436363220215,1007438,0.0,0.0
1999-02-08 00:00:00-05:00,3.315437143604021,3.315437143604021,3.250640357035623,3.283038854598999,450563,0.0,0.0
1999-02-09 00:00:00-05:00,3.2614400386810303,3.304638103685152,3.2614400386810303,3.2614400386810303,390825,0.0,0.0
1999-02-10 00:00:00-05:00,3.2614391956454782,3.3262359635650975,3.239840690122194,3.2722389698028564,556369,0.0,0.0
1999-02-11 00:00:00-05:00,3.2722389145462403,3.326235907396662,3.2722389145462403,3.3046371936798096,678375,0.0,0.0
1999-02-12 00:00:00-05:00,3.2722389145462403,3.3046371936798096,3.2722389145462403,3.3046371936798096,74419,0.0,0.0
1999-02-16 00:00:00-05:00,3.304637550484776,3.693417984856068,3.304637550484776,3.639420986175537,1618988,0.0,0.0
1999-02-17 00:00:00-05:00,3.5746254495934,3.7150186042207363,3.5746254495934,3.6610207557678223,1351181,0.0,0.0
1999-02-18 00:00:00-05:00,3.607023000717163,3.6502212706071835,3.5854234486554915,3.607023000717163,249581,0.0,0.0
1999-02-19 00:00:00-05:00,3.607022624224051,3.6502208896051314,3.607022624224051,3.6286213397979736,85050,0.0,0.0
1999-02-22 00:00:00-05:00,3.6502206325531006,3.6826189121907755,3.607022370214083,3.6502206325531006,705206,0.0,0.0
1999-02-23 00:00:00-05:00,3.6286212571029055,3.6502208064178165,3.5206264303446053,3.585422992706299,565481,0.0,0.0
1999-02-24 00:00:00-05:00,3.5206260425090643,3.585422597732707,3.3586340287751137,3.4342305660247803,367538,0.0,0.0
1999-02-25 00:00:00-05:00,3.391033152782868,3.412632703781128,3.391033152782868,3.412632703781128,11138,0.0,0.0
1999-02-26 00:00:00-05:00,3.391033318070233,3.4558300971984863,3.391033318070233,3.4558300971984863,75938,0.0,0.0
1999-03-01 00:00:00-05:00,3.455829659424608,3.6070225420212103,3.4342309443429127,3.585422992706299,105300,0.0,0.0
1999-03-02 00:00:00-05:00,3.58542343263649,3.58542343263649,3.5098277120166848,3.531426429748535,50119,0.0,0.0
1999-03-03 00:00:00-05:00,3.5746238769908016,3.6610191451569105,3.4774286267686545,3.5422255992889404,892519,0.0,0.0
1999-03-04 00:00:00-05:00,3.54222633485175,3.6070229037108374,3.509827633305557,3.5206267833709717,215156,0.0,0.0
1999-03-05 00:00:00-05:00,3.5422264763251405,3.5422264763251405,3.4774294877614693,3.499028205871582,59738,0.0,0.0
1999-03-08 00:00:00-05:00,3.504428075629047,3.5962233543395996,3.466629798862945,3.5962233543395996,2099419,0.0,0.0
1999-03-09 00:00:00-05:00,3.596223516557286,3.596223516557286,3.54222651217715,3.553025245666504,280463,0.0,0.0
1999-03-10 00:00:00-05:00,3.5962234332446577,3.607023000717163,3.5746247154163084,3.607023000717163,181744,0.0,0.0
1999-03-11 00:00:00-05:00,3.553024542290311,3.6718193466060214,3.553024542290311,3.6502206325531006,329063,0.0,0.0
1999-03-12 00:00:00-05:00,3.6502206325531006,3.6826189121907755,3.596222804629329,3.6502206325531006,195413,0.0,0.0
1999-03-15 00:00:00-05:00,3.6394212860180173,3.6718199884355327,3.607023000717163,3.607023000717163,189844,0.0,0.0
1999-03-16 00:00:00-05:00,3.6502208896051314,3.661019621717166,3.607022624224051,3.6286213397979736,291600,0.0,0.0
1999-03-17 00:00:00-05:00,3.6286213397979736,3.661019621717166,3.585423074416893,3.6286213397979736,446006,0.0,0.0
1999-03-18 00:00:00-05:00,3.661019621717166,3.661019621717166,3.607022624224051,3.6286213397979736,242494,0.0,0.0
1999-03-19 00:00:00-05:00,3.6448208148099366,3.6448208148099366,3.5638242776246036,3.585422992706299,1339538,0.0,0.0
1999-03-22 00:00:00-05:00,3.607022370214083,3.6502206325531006,3.5422258109387332,3.6502206325531006,249581,0.0,0.0
1999-03-23 00:00:00-05:00,3.5638238949347634,3.671819127212949,3.499027339531041,3.5422255992889404,162506,0.0,0.0
1999-03-24 00:00:00-05:00,3.4990278675568054,3.5206265835785766,3.477429151535034,3.477429151535034,129600,0.0,0.0
1999-03-25 00:00:00-05:00,3.45582988996397,3.801412899816199,3.412632665477185,3.682619333267212,306788,0.0,0.0
1999-03-26 00:00:00-05:00,3.628621084267004,3.7258163402966167,3.553024542290311,3.6502206325531006,235913,0.0,0.0
1999-03-29 00:00:00-05:00,3.542226386592381,3.736616513125712,3.542226386592381,3.715017795562744,423225,0.0,0.0
1999-03-30 00:00:00-05:00,3.715017795562744,3.715017795562744,3.6286216739609065,3.715017795562744,3134194,0.0,0.0
1999-03-31 00:00:00-05:00,3.67182081176043,4.146997298815241,3.509828514699633,4.1253981590271,2149538,0.0,0.0
1999-04-01 00:00:00-05:00,4.017402151152145,4.017402151152145,3.909407339600959,3.920206069946289,499669,0.0,0.0
1999-04-05 00:00:00-04:00,3.952604254643994,3.952604254643994,3.9094064235687256,3.9094064235687256,499669,0.0,0.0
1999-04-06 00:00:00-04:00,3.8014132976531982,3.844611569452489,3.8014132976531982,3.8014132976531982,7594,0.0,0.0
1999-04-07 00:00:00-04:00,3.8878097606165656,3.9310076236724854,3.8878097606165656,3.9310076236724854,11138,0.0,0.0
1999-04-08 00:00:00-04:00,3.9310079971198526,4.146997750035325,3.9310079971198526,3.941807985305786,321469,0.0,0.0
1999-04-09 00:00:00-04:00,3.941807985305786,3.941807985305786,3.855411416752717,3.941807985305786,48094,0.0,0.0
1999-04-12 00:00:00-04:00,3.844611503829959,3.909408493306215,3.8014132327680064,3.8662102222442627,108844,0.0,0.0
1999-04-13 00:00:00-04:00,3.9310066949091,3.9310066949091,3.844611406326294,3.844611406326294,44550,0.0,0.0
1999-04-14 00:00:00-04:00,3.8446103855097804,4.27658879930871,3.8446103855097804,4.190192699432373,132131,0.0,0.0
1999-04-15 00:00:00-04:00,4.103797433789138,4.373784046692607,4.082198721657467,4.190192699432373,204019,0.0,0.0
1999-04-16 00:00:00-04:00,4.103796852075422,4.308986882381615,3.974203346305639,4.082198143005371,814556,0.0,0.0
1999-04-19 00:00:00-04:00,4.082199833006814,4.16859512217054,4.039001562749953,4.060600280761719,1101600,0.0,0.0
1999-04-20 00:00:00-04:00,4.190192699432373,4.190192699432373,4.190192699432373,4.190192699432373,1519,0.0,0.0
1999-04-21 00:00:00-04:00,4.082199833006814,4.190193840182306,4.039001562749953,4.060600280761719,495619,0.0,0.0
1999-04-22 00:00:00-04:00,4.190194609300781,4.406184331763764,4.190194609300781,4.341387748718262,509794,0.0,0.0
1999-04-23 00:00:00-04:00,4.276588767278754,4.341385737421565,4.276588767278754,4.31978702545166,94669,0.0,0.0
1999-04-26 00:00:00-04:00,4.31978702545166,4.341385737421565,4.254990472425397,4.31978702545166,143775,0.0,0.0
1999-04-27 00:00:00-04:00,4.254994187866375,4.276592501579278,4.233394622802734,4.233394622802734,27844,0.0,0.0
1999-04-28 00:00:00-04:00,4.319788616525097,4.319788616525097,4.233392485474231,4.30898904800415,257681,0.0,0.0
1999-04-29 00:00:00-04:00,4.319789674383073,4.514179869780117,4.319789674383073,4.503380298614502,217688,0.0,0.0
1999-04-30 00:00:00-04:00,4.514180950751284,4.557379245758057,4.4925813861309924,4.557379245758057,231356,0.0,0.0
1999-05-03 00:00:00-04:00,4.578975677490234,4.643772253238586,4.557376957946349,4.578975677490234,262744,0.0,0.0
1999-05-04 00:00:00-04:00,4.5789764991262265,4.600575222545714,4.362986762230738,4.492579936981201,145294,0.0,0.0
1999-05-05 00:00:00-04:00,4.470981630678483,4.492579936981201,4.373786332498867,4.492579936981201,134663,0.0,0.0
1999-05-06 00:00:00-04:00,4.4925782496840645,4.6005734946883345,4.42778168664476,4.5141777992248535,227306,0.0,0.0
1999-05-07 00:00:00-04:00,4.6005730628967285,4.6005730628967285,4.492577828028465,4.6005730628967285,486000,0.0,0.0
1999-05-10 00:00:00-04:00,4.514178399970521,4.535777118152437,4.427782275892854,4.4493818283081055,3056231,0.0,0.0
1999-05-11 00:00:00-04:00,4.503379195797668,4.503379195797668,3.8014134986867107,4.30898904800415,1200319,0.0,0.0
1999-05-12 00:00:00-04:00,4.44938389776605,4.68697241097219,4.254993675249082,4.665372848510742,132638,0.0,0.0
1999-05-13 00:00:00-04:00,4.66537017697017,4.967755118821032,4.578974896415119,4.956956386566162,358931,0.0,0.0
1999-05-14 00:00:00-04:00,4.956959720518579,5.01095675504324,4.4925813861309924,4.557379245758057,146813,0.0,0.0
1999-05-17 00:00:00-04:00,4.730165231127288,4.838160027287967,4.665368687124073,4.75176477432251,114919,0.0,0.0
1999-05-18 00:00:00-04:00,4.757166181491012,4.94615671395324,4.686969626499337,4.838161468505859,101756,0.0,0.0
1999-05-19 00:00:00-04:00,4.924557359763896,4.935356090386301,4.77336428601967,4.881359100341797,451575,0.0,0.0
1999-05-20 00:00:00-04:00,4.902959836621762,5.097349998672502,4.902959836621762,5.021754264831543,1045913,0.0,0.0
1999-05-21 00:00:00-04:00,5.064951036608583,5.064951036608583,4.892160453199997,4.913758754730225,630281,0.0,0.0
1999-05-24 00:00:00-04:00,4.94615671395324,5.0217528435148076,4.838161468505859,4.838161468505859,409050,0.0,0.0
1999-05-25 00:00:00-04:00,4.784167149194541,4.784167149194541,4.643773555755615,4.643773555755615,541181,0.0,0.0
1999-05-26 00:00:00-04:00,4.708568532436988,4.708568532436988,4.643771549393069,4.654571533203125,212625,0.0,0.0
1999-05-27 00:00:00-04:00,4.654572076050193,4.665370809769776,4.589775085449219,4.589775085449219,288563,0.0,0.0
1999-05-28 00:00:00-04:00,4.643772506886964,4.643772506886964,4.535777651918645,4.62217378616333,465750,0.0,0.0
1999-06-01 00:00:00-04:00,4.686972879427667,4.805766522228679,4.514180950751284,4.557379245758057,211106,0.0,0.0
1999-06-02 00:00:00-04:00,4.557375359819904,4.557375359819904,4.31978702545166,4.31978702545166,408544,0.0,0.0
1999-06-03 00:00:00-04:00,4.395383405125108,4.686969607268428,4.319787692990328,4.5141777992248535,63281,0.0,0.0
1999-06-04 00:00:00-04:00,4.56817494206663,4.816563304417554,4.427781828171875,4.686969757080078,182250,0.0,0.0
1999-06-07 00:00:00-04:00,4.665372848510742,4.708571139199915,4.578977518482983,4.665372848510742,150356,0.0,0.0
1999-06-08 00:00:00-04:00,4.58977407059383,4.794963313629797,4.58977407059383,4.740966320037842,135169,0.0,0.0
1999-06-09 00:00:00-04:00,4.708569503291299,4.751767361855283,4.62217378616333,4.62217378616333,124538,0.0,0.0
1999-06-10 00:00:00-04:00,4.643771589395946,4.751766423027236,4.622172872939669,4.708568572998047,174150,0.0,0.0
1999-06-11 00:00:00-04:00,4.751766080424204,4.935356616973877,4.643771254579357,4.935356616973877,100238,0.0,0.0
1999-06-14 00:00:00-04:00,4.838162196674368,4.924558739728692,4.665370779032429,4.913758754730225,147319,0.0,0.0
1999-06-15 00:00:00-04:00,4.75176477432251,4.848960007443822,4.75176477432251,4.75176477432251,439425,0.0,0.0
1999-06-16 00:00:00-04:00,4.75176477432251,4.773363483284752,4.75176477432251,4.75176477432251,725456,0.0,0.0
1999-06-17 00:00:00-04:00,4.708568473078011,4.708568473078011,4.600573641738468,4.686969757080078,345263,0.0,0.0
1999-06-18 00:00:00-04:00,4.654570792500508,4.848960876464844,4.654570792500508,4.848960876464844,500681,0.0,0.0
1999-06-21 00:00:00-04:00,4.838161629758476,4.935356895072295,4.827362897375391,4.924558162689209,369563,0.0,0.0
1999-06-22 00:00:00-04:00,4.859761625189027,5.010953903198242,4.838162072861522,5.010953903198242,780638,0.0,0.0
1999-06-23 00:00:00-04:00,5.0109544753928645,5.075751054191092,4.98935575483236,5.032553195953369,1169944,0.0,0.0
1999-06-24 00:00:00-04:00,5.097348648264606,5.097348648264606,5.032552083786075,5.043351650238037,212119,0.0,0.0
1999-06-25 00:00:00-04:00,5.054153474925147,5.118950063007669,4.9677569118370535,5.075751781463623,202500,0.0,0.0
1999-06-28 00:00:00-04:00,5.027152509129483,5.226942594889298,5.027152509129483,5.194544315338135,134663,0.0,0.0
1999-06-29 00:00:00-04:00,5.194545979289989,5.194545979289989,5.1189494132995605,5.1189494132995605,239456,0.0,0.0
1999-06-30 00:00:00-04:00,5.118950233270886,5.550928891911813,5.118950233270886,5.270142555236816,831769,0.0,0.0
1999-07-01 00:00:00-04:00,5.280941280062284,5.356537846052713,5.05415283344116,5.1189494132995605,673819,0.0,0.0
1999-07-02 00:00:00-04:00,5.11354972676931,5.18374672101846,5.054153136416348,5.1621479988098145,73406,0.0,0.0
1999-07-06 00:00:00-04:00,5.162146192727257,5.270140183103323,5.118947929190272,5.18374490737915,458156,0.0,0.0
1999-07-07 00:00:00-04:00,5.183746866102548,5.270142174471932,4.708569958812013,4.7949652671813965,519919,0.0,0.0
1999-07-08 00:00:00-04:00,4.838163754641243,4.838163754641243,4.622174830153573,4.643773555755615,723938,0.0,0.0
1999-07-09 00:00:00-04:00,4.665371809920945,4.665371809920945,4.492579936981201,4.492579936981201,254644,0.0,0.0
1999-07-12 00:00:00-04:00,4.514180950751284,4.589777549896233,4.514180950751284,4.557379245758057,336656,0.0,0.0
1999-07-13 00:00:00-04:00,4.55737680265712,4.55737680265712,4.233392266488118,4.352186679840088,775069,0.0,0.0
1999-07-14 00:00:00-04:00,4.406182290447829,4.406182290447829,4.287388748938528,4.31978702545166,64800,0.0,0.0
1999-07-15 00:00:00-04:00,4.3629871955637265,4.535778668548394,4.319789744434369,4.470982074737549,974025,0.0,0.0
1999-07-16 00:00:00-04:00,4.514177206273192,4.514177206273192,4.406182392571,4.427781105041504,497138,0.0,0.0
1999-07-19 00:00:00-04:00,4.438582549531904,4.514179117984479,4.222592830657959,4.222592830657959,481950,0.0,0.0
1999-07-20 00:00:00-04:00,4.276591034319251,4.514179494634226,4.21179444694402,4.492579936981201,171619,0.0,0.0
1999-07-21 00:00:00-04:00,4.449382705751708,4.492579733517571,4.319789119753617,4.3629865646362305,334125,0.0,0.0
1999-07-22 00:00:00-04:00,4.449382705751708,4.449382705751708,4.230693399030945,4.3629865646362305,277931,0.0,0.0
1999-07-23 00:00:00-04:00,4.362986470694516,4.362986470694516,4.254992443696507,4.341387748718262,176175,0.0,0.0
1999-07-26 00:00:00-04:00,4.362986470694516,4.362986470694516,4.276590748556019,4.341387748718262,7594,0.0,0.0
1999-07-27 00:00:00-04:00,4.449382609949753,4.449382609949753,4.2981894705322725,4.341387748718262,411581,0.0,0.0
1999-07-28 00:00:00-04:00,4.319787280173178,4.3629847066601775,4.276589019453033,4.298187732696533,390825,0.0,0.0
1999-07-29 00:00:00-04:00,4.362985979351211,4.665370972782472,4.308988971933149,4.578975677490234,471825,0.0,0.0
1999-07-30 00:00:00-04:00,4.557376957946349,4.6221735336947,4.535777404169075,4.578975677490234,331088,0.0,0.0
1999-08-02 00:00:00-04:00,4.557376957946349,4.578975677490234,4.535777404169075,4.578975677490234,61763,0.0,0.0
1999-08-03 00:00:00-04:00,4.5789779761445395,4.5789779761445395,4.4925813861309924,4.557379245758057,100238,0.0,0.0
1999-08-04 00:00:00-04:00,4.5141793230557505,4.665371632595834,4.470981460741905,4.535778045654297,402469,0.0,0.0
1999-08-05 00:00:00-04:00,4.535776514532418,4.557376064073207,4.42778168664476,4.5141777992248535,318938,0.0,0.0
1999-08-06 00:00:00-04:00,4.42778168664476,4.5141777992248535,4.406182971337197,4.5141777992248535,57713,0.0,0.0
1999-08-09 00:00:00-04:00,4.5141777992248535,4.5141777992248535,4.42778168664476,4.5141777992248535,33919,0.0,0.0
1999-08-10 00:00:00-04:00,4.514178399970521,4.514178399970521,4.427782275892854,4.4493818283081055,41006,0.0,0.0
1999-08-11 00:00:00-04:00,4.449379647121964,4.470978354715707,4.341384857803861,4.460178375244141,204019,0.0,0.0
1999-08-12 00:00:00-04:00,4.449379647121964,4.470978354715707,4.427780105295295,4.460178375244141,695588,0.0,0.0
1999-08-13 00:00:00-04:00,4.470982074737549,4.470982074737549,4.44938334917287,4.470982074737549,1243350,0.0,0.0
1999-08-16 00:00:00-04:00,4.470981630678483,4.492579936981201,4.460181643293585,4.492579936981201,137194,0.0,0.0
1999-08-17 00:00:00-04:00,4.514179494634226,4.514179494634226,4.492579936981201,4.492579936981201,10125,0.0,0.0
1999-08-18 00:00:00-04:00,4.481778929009158,4.481778929009158,4.406182392571,4.427781105041504,822150,0.0,0.0
1999-08-19 00:00:00-04:00,4.416983011475211,4.5141778572842455,4.416983011475211,4.4817795753479,282994,0.0,0.0
1999-08-20 00:00:00-04:00,4.416983411497156,4.514178266108595,4.265790303123835,4.276589870452881,317419,0.0,0.0
1999-08-23 00:00:00-04:00,4.3629847066601775,4.384583837020249,4.298187732696533,4.298187732696533,153900,0.0,0.0
1999-08-24 00:00:00-04:00,4.276588767278754,4.33058575576179,4.254990472425397,4.31978702545166,912769,0.0,0.0
1999-08-25 00:00:00-04:00,4.23879420123096,4.276592501579278,4.233394622802734,4.233394622802734,68850,0.0,0.0
1999-08-26 00:00:00-04:00,4.254990345614739,4.265789075603037,4.200992107391357,4.200992107391357,1121850,0.0,0.0
1999-08-27 00:00:00-04:00,4.244192593628368,4.244192593628368,4.1253981590271,4.1253981590271,785194,0.0,0.0
1999-08-30 00:00:00-04:00,4.146995952703096,4.146995952703096,3.3586344887639945,3.5098273754119873,570038,0.0,0.0
1999-08-31 00:00:00-04:00,3.563826073831301,3.7582166931245617,3.5422277649804332,3.725818395614624,1020600,0.0,0.0
1999-09-01 00:00:00-04:00,3.7474160804655234,3.833811784950705,3.6718199433201537,3.715017795562744,1005919,0.0,0.0
1999-09-02 00:00:00-04:00,3.5962235959272046,3.6178218976159364,3.4558302552253095,3.5638248920440674,1425600,0.0,0.0
1999-09-03 00:00:00-04:00,3.5638242776246036,3.639420823202057,3.5098272813620617,3.585422992706299,450056,0.0,0.0
1999-09-07 00:00:00-04:00,3.6286217185455123,3.6394212860180173,3.5206268780537826,3.607023000717163,663694,0.0,0.0
1999-09-08 00:00:00-04:00,3.499027339531041,3.5638238949347634,3.499027339531041,3.5422255992889404,356906,0.0,0.0
1999-09-09 00:00:00-04:00,3.5638254391667683,3.5638254391667683,3.326237201690674,3.326237201690674,1876163,0.0,0.0
1999-09-10 00:00:00-04:00,3.369434356689453,3.412632623435652,3.304637582245101,3.369434356689453,599906,0.0,0.0
1999-09-13 00:00:00-04:00,3.369434563909723,3.4126328333126157,3.34783501209162,3.4018330574035645,66825,0.0,0.0
1999-09-14 00:00:00-04:00,3.3829342858901943,3.4234319378955265,3.3829342858901943,3.39103364944458,175669,0.0,0.0
1999-09-15 00:00:00-04:00,3.3802339687700402,3.4126324587074954,3.3046374227298774,3.315436363220215,573075,0.0,0.0
1999-09-16 00:00:00-04:00,3.4126328333126157,3.4558300599238674,3.380234339818774,3.4018330574035645,72900,0.0,0.0
1999-09-17 00:00:00-04:00,3.391033152782868,3.4342312119877865,3.369434436017889,3.412632703781128,2546438,0.0,0.0
1999-09-20 00:00:00-04:00,3.4558292787271405,3.4558292787271405,3.369433802242856,3.4342305660247803,87581,0.0,0.0
1999-09-21 00:00:00-04:00,3.3478353753543826,3.4126332036063802,3.3478353753543826,3.39103364944458,1515713,0.0,0.0
1999-09-22 00:00:00-04:00,3.3910325149452163,3.4342305660247803,3.3910325149452163,3.4342305660247803,71888,0.0,0.0
1999-09-23 00:00:00-04:00,3.4774284888189646,3.4774284888189646,3.412631935985723,3.4450302124023438,813544,0.0,0.0
1999-09-24 00:00:00-04:00,3.450430104906552,3.4990281585089855,3.434231379380732,3.4558300971984863,49613,0.0,0.0
1999-09-27 00:00:00-04:00,3.49902814459243,3.531426429748535,3.4558300834537405,3.531426429748535,750769,0.0,0.0
1999-09-28 00:00:00-04:00,3.5422264763251405,3.5422264763251405,3.455830143976357,3.499028205871582,353869,0.0,0.0
1999-09-29 00:00:00-04:00,3.553025245666504,3.5854235317179195,3.54222651217715,3.553025245666504,696600,0.0,0.0
1999-09-30 00:00:00-04:00,3.5638248133891994,3.6070230842799815,3.54222651217715,3.553025245666504,538144,0.0,0.0
1999-10-01 00:00:00-04:00,3.54222651217715,3.5638248133891994,3.5314265273377834,3.553025245666504,787725,0.0,0.0
1999-10-04 00:00:00-04:00,3.5314273471100406,3.5530260704526073,3.455830981177522,3.488229274749756,431831,0.0,0.0
1999-10-05 00:00:00-04:00,3.4558302552253095,3.6178218976159364,3.4558302552253095,3.5638248920440674,730013,0.0,0.0
1999-10-06 00:00:00-04:00,3.5422264283778153,3.5638247290789082,3.4558300971984863,3.4558300971984863,216169,0.0,0.0
1999-10-07 00:00:00-04:00,3.4558300834537405,3.542226414289449,3.4558300834537405,3.531426429748535,33413,0.0,0.0
1999-10-08 00:00:00-04:00,3.5422268309868064,3.563825134142759,3.4990285562080667,3.5125277042388916,410063,0.0,0.0
1999-10-11 00:00:00-04:00,3.5530249574904977,3.5638245243372704,3.5206266740668166,3.5260262489318848,721913,0.0,0.0
1999-10-12 00:00:00-04:00,3.509827725976193,3.5422264283778153,3.4558300971984863,3.4558300971984863,53663,0.0,0.0
1999-10-13 00:00:00-04:00,3.412632623435652,3.5206266218346256,3.3154365232567047,3.369434356689453,125044,0.0,0.0
1999-10-14 00:00:00-04:00,3.4126332154444383,3.4126332154444383,3.3262368755226945,3.380234718322754,24806,0.0,0.0
1999-10-15 00:00:00-04:00,3.3478351046470354,3.412632927659454,3.3046378768415376,3.337036371231079,26325,0.0,0.0
1999-10-18 00:00:00-04:00,3.2398412435940283,3.2938380380224097,3.196642973818003,3.2182416915893555,117956,0.0,0.0
1999-10-19 00:00:00-04:00,3.1966427846204035,3.2830382762673707,2.937455892562866,2.937455892562866,537638,0.0,0.0
1999-10-20 00:00:00-04:00,2.9806531654061508,3.1750443282588634,2.959054448562313,3.142645835876465,335644,0.0,0.0
1999-10-21 00:00:00-04:00,3.1318451030818353,3.1966418594830253,3.1318451030818353,3.1534438133239746,307800,0.0,0.0
1999-10-22 00:00:00-04:00,3.164244832170301,3.164244832170301,3.0022529816269756,3.045450210571289,90619,0.0,0.0
1999-10-25 00:00:00-04:00,3.131846542625828,3.131846542625828,2.764664754245062,2.9158568382263184,1723275,0.0,0.0
1999-10-26 00:00:00-04:00,2.894257352153505,3.0454496046833404,2.894257352153505,2.948254346847534,124031,0.0,0.0
1999-10-27 00:00:00-04:00,2.9698543516355,3.2398412435940283,2.959054575633164,3.2182416915893555,202500,0.0,0.0
1999-10-28 00:00:00-04:00,3.277639118539914,3.29383784307219,2.8834578499804513,2.937455892562866,244013,0.0,0.0
1999-10-29 00:00:00-04:00,2.905057669154472,2.905057669154472,2.6458699189128945,2.6674692630767822,1522800,0.0,0.0
1999-11-01 00:00:00-05:00,2.7646634514084294,3.002251764015321,2.7214651971921673,2.8726582527160645,203006,0.0,0.0
1999-11-02 00:00:00-05:00,3.0022535741234058,3.0238520885788716,2.8402614830525104,2.894258499145508,379688,0.0,0.0
1999-11-03 00:00:00-05:00,2.8726584131660493,2.8942569158057823,2.678267301126589,2.7214653491973877,138206,0.0,0.0
1999-11-04 00:00:00-05:00,2.699868929057147,2.753865957260132,2.656670639107791,2.753865957260132,392850,0.0,0.0
1999-11-05 00:00:00-05:00,2.764663533296767,2.786262035369873,2.7430639884323553,2.786262035369873,5063,0.0,0.0
1999-11-08 00:00:00-05:00,2.764664649963379,2.7862631607602686,2.764664649963379,2.764664649963379,11138,0.0,0.0
1999-11-09 00:00:00-05:00,2.7430650963747625,2.764664649963379,2.678268312634022,2.764664649963379,299194,0.0,0.0
1999-11-10 00:00:00-05:00,2.656669475798488,2.764664527707442,2.656669475798488,2.6782681941986084,81506,0.0,0.0
1999-11-11 00:00:00-05:00,2.7430649863461887,2.7430649863461887,2.63507097678513,2.6674692630767822,230850,0.0,0.0
1999-11-12 00:00:00-05:00,2.689067073842122,2.7538638331109198,2.678267301126589,2.7214653491973877,574594,0.0,0.0
1999-11-15 00:00:00-05:00,2.726866472551807,2.948255127039562,2.721466479671795,2.9158568382263184,711281,0.0,0.0
1999-11-16 00:00:00-05:00,2.894257352153505,2.9698538955350187,2.894257352153505,2.948254346847534,364500,0.0,0.0
1999-11-17 00:00:00-05:00,2.948255127039562,2.948255127039562,2.894258118056391,2.9158568382263184,677363,0.0,0.0
1999-11-18 00:00:00-05:00,2.91585670829804,2.91585670829804,2.8294614143513312,2.8402609825134277,1008956,0.0,0.0
1999-11-19 00:00:00-05:00,2.851059944501009,2.851059944501009,2.7430650963747625,2.764664649963379,216675,0.0,0.0
1999-11-22 00:00:00-05:00,2.7646637370655753,2.7646637370655753,2.591872162254731,2.624270439147949,2885119,0.0,0.0
1999-11-23 00:00:00-05:00,2.6350707614968543,2.6350707614968543,2.44067959972056,2.483877658843994,261731,0.0,0.0
1999-11-24 00:00:00-05:00,2.4946777371911497,2.4946777371911497,1.8683079937187796,2.1382946968078613,2611238,0.0,0.0
1999-11-26 00:00:00-05:00,2.2570895344002677,2.354284823411211,2.138294898332203,2.1706933975219727,1318275,0.0,0.0
1999-11-29 00:00:00-05:00,2.257088603136596,2.257088603136596,2.1814922752567174,2.213890552520752,2863350,0.0,0.0
1999-11-30 00:00:00-05:00,2.2462899684906006,2.257089747317113,2.20309273021001,2.2462899684906006,1115269,0.0,0.0
1999-12-01 00:00:00-05:00,2.2894882495631133,2.2894882495631133,2.2462899684906006,2.2462899684906006,5937806,0.0,0.0
1999-12-02 00:00:00-05:00,2.2516894161606147,2.267888976192886,2.203092195972137,2.2246909141540527,871256,0.0,0.0
1999-12-03 00:00:00-05:00,2.181492519256282,2.2246905747038213,2.1166957489224267,2.203091859817505,259200,0.0,0.0
1999-12-06 00:00:00-05:00,2.2030922434197304,2.2354907385070324,2.0087010643375804,2.0303006172180176,666225,0.0,0.0
1999-12-07 00:00:00-05:00,2.084298535170995,2.095098316340762,1.8359102421361042,1.8899083137512207,4097081,0.0,0.0
1999-12-08 00:00:00-05:00,1.9115059522271798,2.1382945783887375,1.9007072188270273,1.9871025085449219,1449394,0.0,0.0
1999-12-09 00:00:00-05:00,1.9979027678129309,2.0195012826272443,1.857509397423324,1.9115064144134521,573581,0.0,0.0
1999-12-10 00:00:00-05:00,2.019501101346753,2.0249010945427734,1.814311162141158,1.87910795211792,777094,0.0,0.0
1999-12-13 00:00:00-05:00,1.9115061867469878,2.116696328491041,1.9007074520219551,2.062699317932129,2473031,0.0,0.0
1999-12-14 00:00:00-05:00,2.030300514513282,2.1814927887446873,2.030300514513282,2.105896234512329,2457844,0.0,0.0
1999-12-15 00:00:00-05:00,2.1328959479409737,2.1922927445790936,2.1166963855085417,2.1706933975219727,1593169,0.0,0.0
1999-12-16 00:00:00-05:00,2.289488271436812,2.289488271436812,1.900707700679105,1.9655042886734009,1625063,0.0,0.0
1999-12-17 00:00:00-05:00,2.089697471145551,2.11669597187638,1.9655037003971014,2.0518991947174072,1164375,0.0,0.0
1999-12-20 00:00:00-05:00,2.1166961174813665,2.1598941804505483,1.9871025542488356,2.0303006172180176,577125,0.0,0.0
1999-12-21 00:00:00-05:00,2.0518991947174072,2.0518991947174072,1.9871024175584349,2.0518991947174072,370069,0.0,0.0
1999-12-22 00:00:00-05:00,2.068100062755054,2.1382958336727267,2.068100062755054,2.116697311401367,1219556,0.0,0.0
1999-12-23 00:00:00-05:00,2.111296591489305,2.3110867644242163,2.0734983041092407,2.2462899684906006,1216013,0.0,0.0
1999-12-27 00:00:00-05:00,2.2624893350360864,2.311086349730656,2.2462895654239574,2.289487838745117,489038,0.0,0.0
1999-12-28 00:00:00-05:00,2.300287286800013,2.3758827943969836,2.300287286800013,2.3542842864990234,513844,0.0,0.0
1999-12-29 00:00:00-05:00,2.365084511261368,2.591873162730235,2.365084511261368,2.5162765979766846,391331,0.0,0.0
1999-12-30 00:00:00-05:00,2.5432748731645223,2.591872928547294,2.5054774284362793,2.5054774284362793,544725,0.0,0.0
1999-12-31 00:00:00-05:00,2.5270762787777747,2.5270762787777747,2.462279493898006,2.494677782058716,47081,0.0,0.0
2000-01-03 00:00:00-05:00,2.494677652015103,2.581073152126118,2.2894877396462205,2.5054774284362793,672300,0.0,0.0
2000-01-04 00:00:00-05:00,2.462279978729431,2.5054780523801425,2.3650848865509033,2.3650848865509033,148331,0.0,0.0
2000-01-05 00:00:00-05:00,2.3650850633155147,2.3650850633155147,2.2894884809163383,2.3218867778778076,398419,0.0,0.0
2000-01-06 00:00:00-05:00,2.289487345037677,2.311085851365691,2.1598938043699656,2.203091859817505,640406,0.0,0.0
2000-01-07 00:00:00-05:00,2.2192906355343034,2.440679449649114,2.2030919118246253,2.4190807342529297,766969,0.0,0.0
2000-01-10 00:00:00-05:00,2.41368095112473,2.4730777313016987,2.375882677785639,2.4190807342529297,627750,0.0,0.0
2000-01-11 00:00:00-05:00,2.3758835326176007,2.419081604627359,2.246289942263472,2.2678894996643066,857588,0.0,0.0
2000-01-12 00:00:00-05:00,2.289487389690385,2.289487389690385,2.2462891248420322,2.2570888996124268,154406,0.0,0.0
2000-01-13 00:00:00-05:00,2.278688463529335,2.4190816252206453,2.2570897401781624,2.3974831104278564,207563,0.0,0.0
2000-01-14 00:00:00-05:00,2.4298809756888047,2.4298809756888047,2.203092334894533,2.289487838745117,519413,0.0,0.0
2000-01-18 00:00:00-05:00,2.278687810494649,2.278687810494649,1.9115058647021475,2.0518991947174072,1309669,0.0,0.0
2000-01-19 00:00:00-05:00,2.1382951000428565,2.257089747317113,2.051899789248138,2.2462899684906006,359438,0.0,0.0
2000-01-20 00:00:00-05:00,2.2678901982485526,2.3434859611784695,2.2354918949594764,2.27868914604187,367031,0.0,0.0
2000-01-21 00:00:00-05:00,2.2624889759671105,2.47307781372769,2.2624889759671105,2.4622790813446045,465750,0.0,0.0
2000-01-24 00:00:00-05:00,2.4514803828404963,2.473078899884133,2.224691678434994,2.3218867778778076,794813,0.0,0.0
2000-01-25 00:00:00-05:00,2.4406803562914474,2.4406803562914474,2.213891674802985,2.2462899684906006,367031,0.0,0.0
2000-01-26 00:00:00-05:00,2.2786875704779144,2.311085851365691,2.203091859817505,2.203091859817505,193388,0.0,0.0
2000-01-27 00:00:00-05:00,2.2138913002840375,2.2462895884909084,2.1274960041046143,2.1274960041046143,1609369,0.0,0.0
2000-01-28 00:00:00-05:00,2.1814928489226855,2.1814928489226855,1.9439044465693072,1.9871025085449219,12255300,0.0,0.0
2000-01-31 00:00:00-05:00,2.0195019798749163,2.1598953987363667,2.0087021973430965,2.116697311401367,255656,0.0,0.0
2000-02-01 00:00:00-05:00,2.089697471145551,2.11669597187638,2.008700926161444,2.0518991947174072,235406,0.0,0.0
2000-02-02 00:00:00-05:00,2.0518985431924106,2.0518985431924106,1.987101786607899,1.9979015588760376,192881,0.0,0.0
2000-02-03 00:00:00-05:00,2.008700349526055,2.0626983782781787,1.9763020745262678,2.0410988330841064,116438,0.0,0.0
2000-02-04 00:00:00-05:00,2.0303015499399506,2.0734987985206246,2.014101982116699,2.014101982116699,306281,0.0,0.0
2000-02-07 00:00:00-05:00,2.0410994190200924,2.0518991947174072,1.9871024175584349,2.0518991947174072,505744,0.0,0.0
2000-02-08 00:00:00-05:00,2.041098456818448,2.0518982274246036,1.9007062357776159,1.9547032117843628,1588613,0.0,0.0
2000-02-09 00:00:00-05:00,1.9871030122992417,1.9871030122992417,1.933105994676253,1.9655042886734009,477394,0.0,0.0
2000-02-10 00:00:00-05:00,1.9547047183020938,1.9655042886734009,1.9223062157465596,1.9655042886734009,377156,0.0,0.0
2000-02-11 00:00:00-05:00,1.9439055091757589,1.9871035947649514,1.8791086936296415,1.9493052959442139,105300,0.0,0.0
2000-02-14 00:00:00-05:00,1.965503764571212,2.008700991745953,1.8683078657051522,1.922305703163147,530550,0.0,0.0
2000-02-15 00:00:00-05:00,1.965503764571212,1.976302706387818,1.911505927113217,1.922305703163147,412594,0.0,0.0
2000-02-16 00:00:00-05:00,1.9439053425741883,1.9439053425741883,1.8791085325814536,1.8899083137512207,300713,0.0,0.0
2000-02-17 00:00:00-05:00,1.9061066292910858,1.9115064144134521,1.8791081207960216,1.9115064144134521,949725,0.0,0.0
2000-02-18 00:00:00-05:00,1.8899073518822525,1.9007071275554703,1.7711127392933883,1.8035110235214233,396900,0.0,0.0
2000-02-22 00:00:00-05:00,1.8251108439725132,1.835909578446339,1.5983212567497027,1.6415194272994995,472838,0.0,0.0
2000-02-23 00:00:00-05:00,1.8143108863174646,2.030300570520536,1.7387143299997228,1.9871025085449219,1200825,0.0,0.0
2000-02-24 00:00:00-05:00,1.99790258847123,2.008701323513078,1.87910795211792,1.87910795211792,740138,0.0,0.0
2000-02-25 00:00:00-05:00,1.8413091686455445,1.879107442295681,1.792711954325064,1.8143106698989868,632306,0.0,0.0
2000-02-28 00:00:00-05:00,1.8359093459850928,1.9007071671406188,1.825110612878593,1.857508897781372,349819,0.0,0.0
2000-02-29 00:00:00-05:00,1.8791076364521542,1.9007071884910591,1.6631186856505116,1.835909366607666,351338,0.0,0.0
2000-03-01 00:00:00-05:00,1.7063157364003663,1.8359091769146005,1.7063157364003663,1.8143106698989868,269831,0.0,0.0
2000-03-02 00:00:00-05:00,1.8359094579753517,2.0087010860443115,1.7927122287727189,2.0087010860443115,230850,0.0,0.0
2000-03-03 00:00:00-05:00,1.922306193216569,1.9655042656371164,1.8467096186202072,1.9115064144134521,135675,0.0,0.0
2000-03-06 00:00:00-05:00,1.9277060138568134,1.9439047420946818,1.87910795211792,1.87910795211792,69863,0.0,0.0
2000-03-07 00:00:00-05:00,1.9871034244611079,1.9871034244611079,1.8683087514116865,1.8899083137512207,430819,0.0,0.0
2000-03-08 00:00:00-05:00,1.87910781004802,1.9439045951258225,1.868308033030862,1.9007073640823364,321975,0.0,0.0
2000-03-09 00:00:00-05:00,1.9007076784022556,1.922306193216569,1.9007076784022556,1.9115064144134521,185288,0.0,0.0
2000-03-10 00:00:00-05:00,1.9439053425741883,1.9439053425741883,1.8575098044756386,1.8899083137512207,87581,0.0,0.0
2000-03-13 00:00:00-05:00,1.9007080949209878,1.911506833298606,1.8035119414189518,1.8899083137512207,294638,0.0,0.0
2000-03-14 00:00:00-05:00,1.8899075065266127,2.0087010860443115,1.8359094579753517,2.0087010860443115,621675,0.0,0.0
2000-03-15 00:00:00-05:00,2.0518994454805095,2.0518994454805095,1.9007073640823362,1.9007073640823364,309825,0.0,0.0
2000-03-16 00:00:00-05:00,1.9223056761452584,1.9439043937082257,1.8143108369804533,1.857508897781372,349313,0.0,0.0
2000-03-17 00:00:00-05:00,1.9223066144683731,1.9223066144683731,1.8467100233058715,1.8899083137512207,200475,0.0,0.0
2000-03-20 00:00:00-05:00,1.87910795211792,1.9331057984944682,1.87910795211792,1.87910795211792,169088,0.0,0.0
2000-03-21 00:00:00-05:00,1.8791078445371545,1.9007073989679089,1.8683080673217773,1.8683080673217773,61256,0.0,0.0
2000-03-22 00:00:00-05:00,1.8359096750166812,1.90070750778527,1.825110939974833,1.87910795211792,533588,0.0,0.0
2000-03-23 00:00:00-05:00,1.868307860432702,1.91150592171886,1.835909366607666,1.835909366607666,496631,0.0,0.0
2000-03-24 00:00:00-05:00,1.8359095362127857,1.9115060983077465,1.8359095362127857,1.9007073640823364,622688,0.0,0.0
2000-03-27 00:00:00-05:00,1.911505927113217,1.943904421029683,1.879107641755082,1.922305703163147,382725,0.0,0.0
2000-03-28 00:00:00-05:00,1.9277062094905995,1.9979027912289353,1.900707700679105,1.9655042886734009,6663263,0.0,0.0
2000-03-29 00:00:00-05:00,2.008700867929602,2.1598939692591186,1.9979021353369608,2.0842974185943604,1319794,0.0,0.0
2000-03-30 00:00:00-05:00,2.0734975337982178,2.0842973086125793,2.008700761936812,2.0734975337982178,584719,0.0,0.0
2000-03-31 00:00:00-05:00,2.073497279572878,2.116695539300686,2.0303000626364773,2.0950968265533447,266794,0.0,0.0
2000-04-03 00:00:00-04:00,2.0734971080838935,2.0734971080838935,2.030299894720127,2.0410988330841064,283500,0.0,0.0
2000-04-04 00:00:00-04:00,2.05189902696103,2.105896024008074,2.05189902696103,2.0734975337982178,590288,0.0,0.0
2000-04-05 00:00:00-04:00,2.0734983041092407,2.257089747317113,2.0734983041092407,2.2462899684906006,789244,0.0,0.0
2000-04-06 00:00:00-04:00,2.2462891248420322,2.332685445980432,2.2165912562711676,2.2570888996124268,2066006,0.0,0.0
2000-04-07 00:00:00-04:00,2.267889526143626,2.267889526143626,2.2246914536294975,2.2462899684906006,1002375,0.0,0.0
2000-04-10 00:00:00-04:00,2.2408896399529885,2.2462894237776347,2.2246909141540527,2.2246909141540527,69356,0.0,0.0
2000-04-11 00:00:00-04:00,2.2354908707924674,2.2354908707924674,2.073497968653332,2.154494524002075,778613,0.0,0.0
2000-04-12 00:00:00-04:00,2.138294255250441,2.2786875704779144,2.105895974362664,2.203091859817505,1672650,0.0,0.0
2000-04-13 00:00:00-04:00,2.2030934860713662,2.2030934860713662,2.095098580571552,2.116697311401367,322481,0.0,0.0
2000-04-14 00:00:00-04:00,2.1220953945225194,2.127495385731915,1.6847169623903318,1.7711124420166016,1370419,0.0,0.0
2000-04-17 00:00:00-04:00,1.933105741780646,2.0734980526571616,1.8467093986712464,2.062699317932129,539156,0.0,0.0
2000-04-18 00:00:00-04:00,2.0734975337982178,2.1598938552883467,2.030300311565535,2.0734975337982178,625725,0.0,0.0
2000-04-19 00:00:00-04:00,2.0734975337982178,2.1166957988224357,2.05189902696103,2.0734975337982178,971494,0.0,0.0
2000-04-20 00:00:00-04:00,2.0734975337982178,2.0842973086125793,2.05189902696103,2.0734975337982178,98719,0.0,0.0
2000-04-24 00:00:00-04:00,2.0518985431924106,2.084296817205537,1.987101786607899,1.9979015588760376,153900,0.0,0.0
2000-04-25 00:00:00-04:00,2.0518993580386478,2.0518993580386478,1.9871025757221656,2.0087010860443115,128588,0.0,0.0
2000-04-26 00:00:00-04:00,2.0087010643375804,2.0303006172180176,1.9655038356017522,2.0303006172180176,802913,0.0,0.0
2000-04-27 00:00:00-04:00,2.0518988225193735,2.159893640086589,2.0195003355375514,2.1490938663482666,635850,0.0,0.0
2000-04-28 00:00:00-04:00,2.1490937396243295,2.181492224695735,2.138293966522829,2.15989351272583,642431,0.0,0.0
2000-05-01 00:00:00-04:00,2.0518994023053807,2.181492969734137,2.0410996255154665,2.1382946968078613,426769,0.0,0.0
2000-05-02 00:00:00-04:00,2.1382946968078613,2.1382946968078613,2.073497913093483,2.1382946968078613,515363,0.0,0.0
2000-05-03 00:00:00-04:00,2.116695539300686,2.127495312790919,2.0950968265533447,2.0950968265533447,237431,0.0,0.0
2000-05-04 00:00:00-04:00,2.1166960104062302,2.192292356080261,2.0950972928517393,2.105896234512329,1008956,0.0,0.0
2000-05-05 00:00:00-04:00,2.1814923039074583,2.375882387161255,2.138294044165989,2.375882387161255,674831,0.0,0.0
2000-05-08 00:00:00-04:00,2.3542856298732135,2.3974837131098914,2.3110873380781,2.3326869010925293,312863,0.0,0.0
2000-05-09 00:00:00-04:00,2.332685445980432,2.36508393605839,2.2570888996124268,2.2570888996124268,1667081,0.0,0.0
2000-05-10 00:00:00-04:00,2.257088855591598,2.2678886301513606,2.127495523482189,2.203091859817505,213638,0.0,0.0
2000-05-11 00:00:00-04:00,2.203092298061445,2.678268291249496,2.197692513986578,2.613471508026123,1547606,0.0,0.0
2000-05-12 00:00:00-04:00,2.678267387763087,2.9806524826906204,2.678267387763087,2.8510589599609375,2159156,0.0,0.0
2000-05-15 00:00:00-04:00,2.872659416400021,3.0238514903789544,2.7862630815275105,2.959054708480835,1349663,0.0,0.0
2000-05-16 00:00:00-04:00,3.045450467213768,3.1426463782522283,3.0238517466423005,3.11024808883667,2554538,0.0,0.0
2000-05-17 00:00:00-04:00,2.980653945265504,3.1102483658188707,2.980653945265504,3.077849864959717,1577981,0.0,0.0
2000-05-18 00:00:00-04:00,3.1102479170969826,3.1966432117290466,3.0886483634847575,3.1318464279174805,2607694,0.0,0.0
2000-05-19 00:00:00-04:00,3.1210460814759995,3.164244346582769,3.002252520898842,3.0346508026123047,657619,0.0,0.0
2000-05-22 00:00:00-04:00,3.0238521099090576,3.045450833075261,2.85106044755399,3.0238521099090576,3621713,0.0,0.0
2000-05-23 00:00:00-04:00,3.0346518886089235,3.045450833075261,2.9590553147353003,3.0238521099090576,1936406,0.0,0.0
2000-05-24 00:00:00-04:00,3.0022517988377126,3.283037326126355,3.0022517988377126,3.1534438133239746,1198800,0.0,0.0
2000-05-25 00:00:00-04:00,3.2398414847201153,3.2398414847201153,3.1210466511113677,3.1318464279174805,620156,0.0,0.0
2000-05-26 00:00:00-04:00,3.1534447771817415,3.1750443282588634,3.131846060337904,3.142645835876465,661669,0.0,0.0
2000-05-30 00:00:00-04:00,3.148043822926054,3.1534438133239746,3.1318451030818353,3.1534438133239746,570038,0.0,0.0
2000-05-31 00:00:00-04:00,3.153445227532002,3.39103364944458,3.131846507603605,3.39103364944458,482963,0.0,0.0
2000-06-01 00:00:00-04:00,3.2830384624009223,3.315436747535583,2.9590545682626703,2.9806532859802246,5321194,0.0,0.0
2000-06-02 00:00:00-04:00,3.1102484996645097,3.131847014530534,3.0238521460581813,3.0670502185821533,501188,0.0,0.0
2000-06-05 00:00:00-04:00,3.0562495532289122,3.0562495532289122,2.8294609529492374,2.9266560077667236,228319,0.0,0.0
2000-06-06 00:00:00-04:00,2.910456291643427,2.9698541164398193,2.829461002136059,2.9698541164398193,287044,0.0,0.0
2000-06-07 00:00:00-04:00,2.959054839299554,2.959054839299554,2.4298809927911624,2.8078627586364746,15162188,0.0,0.0
2000-06-08 00:00:00-04:00,2.834860238875842,2.937455267455546,2.829460456622537,2.8510589599609375,1101600,0.0,0.0
2000-06-09 00:00:00-04:00,2.8726599846900416,2.9374567794067237,2.8726599846900416,2.894258499145508,471319,0.0,0.0
2000-06-12 00:00:00-04:00,2.9374574381943286,2.9806546853515474,2.7430661762143655,2.753865957260132,334631,0.0,0.0
2000-06-13 00:00:00-04:00,2.7538638331109198,2.7862621084661856,2.7214653491973877,2.7214653491973877,215156,0.0,0.0
2000-06-14 00:00:00-04:00,2.737665783698565,2.9806531169905557,2.737665783698565,2.937455892562866,442969,0.0,0.0
2000-06-15 00:00:00-04:00,2.9158571706804075,2.959055241620588,2.8942584480478826,2.899658441543579,322481,0.0,0.0
2000-06-16 00:00:00-04:00,2.9536546170951423,2.959054400497552,2.840260625552762,2.937455892562866,462713,0.0,0.0
2000-06-19 00:00:00-04:00,2.9158572221593544,2.9482555152385053,2.8294619129872065,2.894258499145508,223763,0.0,0.0
2000-06-20 00:00:00-04:00,2.915856610811936,2.937456163530677,2.829461319753689,2.905057668685913,1080844,0.0,0.0
2000-06-21 00:00:00-04:00,2.8726599846900416,2.9050582777691925,2.8726599846900416,2.894258499145508,146813,0.0,0.0
2000-06-22 00:00:00-04:00,2.8942576652053553,2.8942576652053553,2.699867545624503,2.829461097717285,742163,0.0,0.0
2000-06-23 00:00:00-04:00,2.851059323653593,2.851059323653593,2.591872453689575,2.591872453689575,248569,0.0,0.0
2000-06-26 00:00:00-04:00,2.6458696744159176,3.0238511756515156,2.6026722414299104,2.937455892562866,680906,0.0,0.0
2000-06-27 00:00:00-04:00,2.8726599846900416,2.9590552938621895,2.8726599846900416,2.894258499145508,503213,0.0,0.0
2000-06-28 00:00:00-04:00,2.8942576449297177,3.175044298171997,2.8942576449297177,3.175044298171997,1317263,0.0,0.0
2000-06-29 00:00:00-04:00,3.1210467544265117,3.412633229743421,3.110248020054659,3.229041814804077,840881,0.0,0.0
2000-06-30 00:00:00-04:00,3.272239376342202,3.412632703781128,3.03465098922759,3.412632703781128,1108181,0.0,0.0
2000-07-03 00:00:00-04:00,3.4072343530234126,3.4126343476533254,3.2182430918717277,3.239842653274536,240975,0.0,0.0
2000-07-05 00:00:00-04:00,3.239841622561797,3.3046382005718407,3.218242068030601,3.283038854598999,112388,0.0,0.0
2000-07-06 00:00:00-04:00,3.239841622561797,3.3046382005718407,3.207443124998421,3.283038854598999,766463,0.0,0.0
2000-07-07 00:00:00-04:00,3.2614391661682065,3.2830378800545734,3.0994473521124073,3.1966423988342285,192375,0.0,0.0
2000-07-10 00:00:00-04:00,3.08864846572743,3.239841591967692,3.077849522797225,3.229041814804077,567000,0.0,0.0
2000-07-11 00:00:00-04:00,3.1966443647026024,3.2614411718852407,3.1966443647026024,3.239842653274536,293119,0.0,0.0
2000-07-12 00:00:00-04:00,3.2182430918717277,3.239842653274536,3.2182430918717277,3.239842653274536,116438,0.0,0.0
2000-07-13 00:00:00-04:00,3.2398407176772253,3.2614392233842064,3.1534444007080444,3.1642441749572754,112894,0.0,0.0
2000-07-14 00:00:00-04:00,3.164245380614584,3.164245380614584,2.959055222770569,3.077849864959717,1398263,0.0,0.0
2000-07-17 00:00:00-04:00,3.0508502516358136,3.261440175628728,3.045450467213768,3.11024808883667,173644,0.0,0.0
2000-07-18 00:00:00-04:00,3.1318451030818353,3.2398401142003332,3.1102466013979533,3.1534438133239746,67838,0.0,0.0
2000-07-19 00:00:00-04:00,3.1858445840011984,3.239842653274536,3.0886494775064515,3.239842653274536,151875,0.0,0.0
2000-07-20 00:00:00-04:00,3.196643347732823,3.283038854598999,3.196643347732823,3.283038854598999,99225,0.0,0.0
2000-07-21 00:00:00-04:00,3.283038854598999,3.283038854598999,3.1534452814622034,3.283038854598999,104288,0.0,0.0
2000-07-24 00:00:00-04:00,3.1966443647026024,3.283039899054366,3.1966443647026024,3.239842653274536,390319,0.0,0.0
2000-07-25 00:00:00-04:00,3.28303847763148,3.4558300971984863,3.2398412505543024,3.4558300971984863,1198294,0.0,0.0
2000-07-26 00:00:00-04:00,3.4504297464508693,3.8662097138108282,3.4342310226078903,3.6286213397979736,2565169,0.0,0.0
2000-07-27 00:00:00-04:00,3.6880194714359056,3.7474168961757375,3.4882291006271116,3.6610207557678223,1772888,0.0,0.0
2000-07-28 00:00:00-04:00,3.617822094512943,3.6286220801784492,3.434231723325149,3.466630220413208,1346119,0.0,0.0
2000-07-31 00:00:00-04:00,3.423431649694521,3.5854234954286994,3.4126329163144646,3.499028205871582,1724794,0.0,0.0
2000-08-01 00:00:00-04:00,3.499028241286368,3.5746247982285655,3.499028241286368,3.553025245666504,395888,0.0,0.0
2000-08-02 00:00:00-04:00,3.5422261338336005,3.5638244327387456,3.4558298098383236,3.477429151535034,1341563,0.0,0.0
2000-08-03 00:00:00-04:00,3.4558300971984863,3.466629873224024,3.4450311554062703,3.4558300971984863,201994,0.0,0.0
2000-08-04 00:00:00-04:00,3.46122988093209,3.466629873224024,3.423431603355194,3.4558300971984863,79988,0.0,0.0
2000-08-07 00:00:00-04:00,3.6826191862787474,3.8014127480861952,3.4774290933629906,3.5098273754119873,1390669,0.0,0.0
2000-08-08 00:00:00-04:00,3.5206267047226634,3.5422262557209234,3.412632703781128,3.412632703781128,260719,0.0,0.0
2000-08-09 00:00:00-04:00,3.4666299051698664,3.4666299051698664,3.3910333493194345,3.423431634902954,45563,0.0,0.0
2000-08-10 00:00:00-04:00,3.4558291512385795,3.4990272007245293,3.4342304393330148,3.4450302124023438,437906,0.0,0.0
2000-08-11 00:00:00-04:00,3.4450311554062703,3.4882283824834475,3.423431603355194,3.4558300971984863,376650,0.0,0.0
2000-08-14 00:00:00-04:00,3.4558292787271405,3.466629052194883,3.4018322884129586,3.4342305660247803,324506,0.0,0.0
2000-08-15 00:00:00-04:00,3.439631204016512,3.439631204016512,3.391033152782868,3.412632703781128,369563,0.0,0.0
2000-08-16 00:00:00-04:00,3.409934373349872,4.039003796517572,3.3262384083933862,3.8986105918884277,13296656,0.0,0.0
2000-08-17 00:00:00-04:00,3.7474167520772608,3.8230124856542362,3.7150184613680626,3.75821590423584,3570581,0.0,0.0
2000-08-18 00:00:00-04:00,3.7636146840158413,3.8878086616133216,3.7366163922149163,3.8122129440307617,1004906,0.0,0.0
2000-08-21 00:00:00-04:00,3.8500120345176065,3.8500120345176065,3.7150184613680626,3.75821590423584,786713,0.0,0.0
2000-08-22 00:00:00-04:00,3.7690147980284907,3.7798147824849586,3.693418243766465,3.715017795562744,295144,0.0,0.0
2000-08-23 00:00:00-04:00,3.7582154429705867,3.8230120164361643,3.715018005404655,3.8014132976531982,1046925,0.0,0.0
2000-08-24 00:00:00-04:00,3.801413136359898,3.898608409550965,3.801413136359898,3.844611406326294,384750,0.0,0.0
2000-08-25 00:00:00-04:00,3.8878097606165656,3.9742059038451654,3.8230127574743062,3.9310076236724854,802913,0.0,0.0
2000-08-28 00:00:00-04:00,3.952606298939537,4.006603302873637,3.9202071789224084,3.9742050170898438,1918181,0.0,0.0
2000-08-29 00:00:00-04:00,3.9526063986212128,3.9742051173162225,3.8446115537961307,3.963405132293701,473850,0.0,0.0
2000-08-30 00:00:00-04:00,3.8878097606165656,3.9742059038451654,3.8878097606165656,3.9310076236724854,328050,0.0,0.0
2000-08-31 00:00:00-04:00,3.9094087520314464,4.028202336846903,3.9094087520314464,4.017403602600098,814556,0.0,0.0
2000-09-01 00:00:00-04:00,4.006603003266563,4.190193553723912,3.8878086024147867,4.168594837188721,1036800,0.0,0.0
2000-09-05 00:00:00-04:00,4.119997201367087,4.3629847066601775,4.039000671075103,4.298187732696533,1827563,0.0,0.0
2000-09-06 00:00:00-04:00,4.276590545615157,4.276590545615157,4.125397830489101,4.17939567565918,143775,0.0,0.0
2000-09-07 00:00:00-04:00,4.146996021270752,4.1577951707212275,4.125396888136549,4.146996021270752,723938,0.0,0.0
2000-09-08 00:00:00-04:00,4.14429602534982,4.211793003556737,4.14429602534982,4.146996021270752,491569,0.0,0.0
2000-09-11 00:00:00-04:00,4.157795390896473,4.190193675196796,3.9202069994219158,4.1037983894348145,708750,0.0,0.0
2000-09-12 00:00:00-04:00,4.146996430758967,4.146996430758967,3.909408445522256,3.9742050170898438,262238,0.0,0.0
2000-09-13 00:00:00-04:00,3.9850034713745117,4.00660218349047,3.952605194642299,3.9850034713745117,192881,0.0,0.0
2000-09-14 00:00:00-04:00,3.9850054188711983,4.244192593628368,3.9850054188711983,4.1253981590271,552319,0.0,0.0
2000-09-15 00:00:00-04:00,4.071399987105408,4.168594837188721,3.9742047199054586,4.168594837188721,1615444,0.0,0.0
2000-09-18 00:00:00-04:00,4.168593396402068,4.168593396402068,4.082198143005371,4.082198143005371,452081,0.0,0.0
2000-09-19 00:00:00-04:00,4.082199862346955,4.222592156107474,4.082199862346955,4.211793422698975,1620506,0.0,0.0
2000-09-20 00:00:00-04:00,4.200995900882643,4.244194196776099,4.179397587169739,4.233394622802734,194400,0.0,0.0
2000-09-21 00:00:00-04:00,4.1901933694543265,4.4817795753479,4.1901933694543265,4.4817795753479,3074456,0.0,0.0
2000-09-22 00:00:00-04:00,4.438580943101654,4.438580943101654,4.362984819125886,4.384583950042725,385763,0.0,0.0
2000-09-25 00:00:00-04:00,4.38998515313132,4.449382153873557,4.362986023474205,4.395384311676025,2130300,0.0,0.0
2000-09-26 00:00:00-04:00,4.427782627537061,4.4493821816676995,4.362986050728653,4.41158390045166,1950581,0.0,0.0
2000-09-27 00:00:00-04:00,4.362984823411698,4.438580947461723,4.362984823411698,4.416982650756836,1870594,0.0,0.0
2000-09-28 00:00:00-04:00,4.416982650756836,4.427781381992696,4.244190854602145,4.416982650756836,844931,0.0,0.0
2000-09-29 00:00:00-04:00,4.389983671055541,4.433181095996548,4.298187578868808,4.427781105041504,388294,0.0,0.0
2000-10-02 00:00:00-04:00,4.3953843816366645,4.427782670354163,4.330587387084961,4.330587387084961,380194,0.0,0.0
2000-10-03 00:00:00-04:00,4.3629847066601775,4.406182550263749,4.287389001749642,4.298187732696533,366019,0.0,0.0
2000-10-04 00:00:00-04:00,4.34138620594162,4.4385810459702295,4.2549909316217205,4.406182765960693,1766306,0.0,0.0
2000-10-05 00:00:00-04:00,4.425083474190949,4.481780901472504,4.308989457195511,4.341387748718262,1105650,0.0,0.0
2000-10-06 00:00:00-04:00,4.47097963947691,4.47097963947691,4.384583950042725,4.384583950042725,1455975,0.0,0.0
2000-10-09 00:00:00-04:00,4.427781002417734,4.43858056696096,4.276588767278754,4.31978702545166,318938,0.0,0.0
2000-10-10 00:00:00-04:00,4.319788139769061,4.384584709510021,4.276589870452881,4.276589870452881,570038,0.0,0.0
2000-10-11 00:00:00-04:00,4.276589019453033,4.298187732696533,4.103797645038747,4.298187732696533,1319794,0.0,0.0
2000-10-12 00:00:00-04:00,4.236092867716321,4.298189030623893,4.211793734444469,4.2549920082092285,1439269,0.0,0.0
2000-10-13 00:00:00-04:00,4.254990472425397,4.31978702545166,4.254990472425397,4.31978702545166,195413,0.0,0.0
2000-10-16 00:00:00-04:00,4.254991450115813,4.3845845859455945,4.254991450115813,4.373785018920898,1179056,0.0,0.0
2000-10-17 00:00:00-04:00,4.341388178990636,4.406184768458089,4.319789454873746,4.389986038208008,149344,0.0,0.0
2000-10-18 00:00:00-04:00,4.341386979695065,4.362985697845371,3.9310067465558953,3.9742050170898438,730013,0.0,0.0
2000-10-19 00:00:00-04:00,3.9310056482932394,4.017402165223275,3.9310056482932394,3.9850034713745117,458663,0.0,0.0
2000-10-20 00:00:00-04:00,4.017401007309565,4.017401007309565,3.941804493901108,3.952604055404663,435881,0.0,0.0
2000-10-23 00:00:00-04:00,3.995804626814745,3.995804626814745,3.9094093178196663,3.9310076236724854,285019,0.0,0.0
2000-10-24 00:00:00-04:00,3.901309194667934,4.362986056375477,3.8662104926956844,4.30898904800415,1062619,0.0,0.0
2000-10-25 00:00:00-04:00,3.847309571529272,4.427780584091973,3.7474147560127484,4.157793998718262,740644,0.0,0.0
2000-10-26 00:00:00-04:00,4.168594201885818,4.319787280173178,3.8446105834173165,4.298187732696533,498150,0.0,0.0
2000-10-27 00:00:00-04:00,4.319787834994503,4.34138655101208,4.146996021270752,4.146996021270752,507769,0.0,0.0
2000-10-30 00:00:00-05:00,4.27388925811231,4.27388925811231,4.017402987209112,4.168594837188721,4645856,0.0,0.0
2000-10-31 00:00:00-05:00,4.276589133892644,4.449380930047335,4.244190854602145,4.416982650756836,2197631,0.0,0.0
2000-11-01 00:00:00-05:00,4.384583950042725,4.416982646417981,4.3305861227506295,4.384583950042725,1246388,0.0,0.0
2000-11-02 00:00:00-05:00,4.414280965188764,4.492576645192987,4.341384857803861,4.460178375244141,1602281,0.0,0.0
2000-11-03 00:00:00-05:00,4.45748098264924,4.470980546490021,4.200993440841065,4.4493818283081055,805444,0.0,0.0
2000-11-06 00:00:00-05:00,4.470981257633037,4.470981257633037,4.190194539673561,4.222592830657959,305775,0.0,0.0
2000-11-07 00:00:00-05:00,4.319789265432079,4.730168342590332,4.298189708028859,4.730168342590332,5158688,0.0,0.0
2000-11-08 00:00:00-05:00,4.751767090396747,4.88136065868529,4.740967522093529,4.816564083099365,3376688,0.0,0.0
2000-11-09 00:00:00-05:00,4.730168644768035,4.881361802198381,4.708570337335342,4.773366928100586,448538,0.0,0.0
2000-11-10 00:00:00-05:00,4.67887102305701,4.79496546649328,4.5573778372057445,4.611374855041504,437906,0.0,0.0
2000-11-13 00:00:00-05:00,4.603274478240756,4.85976204094993,4.603274478240756,4.805764198303223,2214338,0.0,0.0
2000-11-14 00:00:00-05:00,4.835461733083715,4.848960876464844,4.794963051590633,4.848960876464844,1432688,0.0,0.0
2000-11-15 00:00:00-05:00,4.85976204094993,4.85976204094993,4.805764198303223,4.805764198303223,2053856,0.0,0.0
2000-11-16 00:00:00-05:00,4.827366086848969,4.859764390987146,4.4061860474681565,4.557379245758057,776588,0.0,0.0
2000-11-17 00:00:00-05:00,4.684269443094005,4.794963855576035,4.622172872589021,4.6761698722839355,2137388,0.0,0.0
2000-11-20 00:00:00-05:00,4.654571385613848,4.6653701177316,4.449381293411556,4.4817795753479,1547606,0.0,0.0
2000-11-21 00:00:00-05:00,4.535777914971508,4.535777914971508,4.103799304279026,4.341387748718262,1753650,0.0,0.0
2000-11-22 00:00:00-05:00,4.352184420158964,4.492576645192987,4.319786150210119,4.460178375244141,1216519,0.0,0.0
2000-11-24 00:00:00-05:00,4.42778168664476,4.5141777992248535,4.42778168664476,4.5141777992248535,1017056,0.0,0.0
2000-11-27 00:00:00-05:00,4.430483562917596,4.50337972041335,4.319789119753617,4.3629865646362305,1841231,0.0,0.0
2000-11-28 00:00:00-05:00,4.319788261544757,4.578975382048443,3.9742050170898438,3.9742050170898438,603956,0.0,0.0
2000-11-29 00:00:00-05:00,4.136195124238745,4.222590377635442,4.038999890632285,4.082198143005371,839869,0.0,0.0
2000-11-30 00:00:00-05:00,4.020101299239,4.36298444939147,4.020101299239,4.31978702545166,2486194,0.0,0.0
2000-12-01 00:00:00-05:00,4.254991129951024,4.6005734946883345,4.254991129951024,4.5141777992248535,3143306,0.0,0.0
2000-12-04 00:00:00-05:00,4.597876099478471,4.611375250816794,4.470982074737549,4.470982074737549,1964250,0.0,0.0
2000-12-05 00:00:00-05:00,4.524977782553554,4.5465764978611185,4.406182971337197,4.5141777992248535,2652750,0.0,0.0
2000-12-06 00:00:00-05:00,4.514177484194003,4.514177484194003,4.3305861227506295,4.384583950042725,1361306,0.0,0.0
2000-12-07 00:00:00-05:00,4.362988259132365,4.395386563935545,4.146998865249648,4.233394622802734,2709956,0.0,0.0
2000-12-08 00:00:00-05:00,4.149695892849076,4.298188587994315,4.149695892849076,4.276589870452881,597881,0.0,0.0
2000-12-11 00:00:00-05:00,4.236092867716321,4.341387304388651,4.211793734444469,4.2549920082092285,435375,0.0,0.0
2000-12-12 00:00:00-05:00,4.233390926222396,4.406182290447829,4.21179221425249,4.31978702545166,1266131,0.0,0.0
2000-12-13 00:00:00-05:00,4.300889128759514,4.535777118152437,4.300889128759514,4.4493818283081055,1434206,0.0,0.0
2000-12-14 00:00:00-05:00,4.427783789374572,4.524979931441271,4.406185063809893,4.470982074737549,2373300,0.0,0.0
2000-12-15 00:00:00-05:00,4.449381953411007,4.686970362792341,4.449381953411007,4.589775085449219,1951594,0.0,0.0
2000-12-18 00:00:00-05:00,4.643771628491734,4.838161746701333,4.600573778098863,4.762565612792969,1791619,0.0,0.0
2000-12-19 00:00:00-05:00,4.730167536673617,4.924558931898164,4.7193688026037846,4.816564083099365,1801238,0.0,0.0
2000-12-20 00:00:00-05:00,4.8273650175154375,4.8273650175154375,4.622174830153573,4.643773555755615,828731,0.0,0.0
2000-12-21 00:00:00-05:00,4.6248719740235575,4.978554725646973,4.622172395443301,4.978554725646973,2189531,0.0,0.0
2000-12-22 00:00:00-05:00,5.000153703829638,5.05415153503418,4.881359726529489,5.05415153503418,2827913,0.0,0.0
2000-12-26 00:00:00-05:00,5.097349579908666,5.097349579908666,4.989355564117432,4.989355564117432,1169438,0.0,0.0
2000-12-27 00:00:00-05:00,5.032552628398407,5.615724274514531,4.956956906403724,5.486130714416504,4223138,0.0,0.0
2000-12-28 00:00:00-05:00,5.380835445934584,6.090900128024961,5.356536318301378,5.691319942474365,7229756,0.0,0.0
2000-12-29 00:00:00-05:00,5.615722970059025,5.831712603834306,5.486129440063799,5.712917804718018,936563,0.0,0.0
2001-01-02 00:00:00-05:00,5.494228106746124,5.6481207489167025,5.0541505598985195,5.442930698394775,1473188,0.0,0.0
2001-01-03 00:00:00-05:00,5.418634038345657,5.691321154999437,5.334937905912809,5.529329299926758,1990575,0.0,0.0
2001-01-04 00:00:00-05:00,5.548227295355044,5.550926456902938,4.902958336067065,4.935356616973877,2111569,0.0,0.0
2001-01-05 00:00:00-05:00,4.938058701055046,5.1621479988098145,4.902959995372099,5.1621479988098145,1281825,0.0,0.0
2001-01-08 00:00:00-05:00,5.064950604170435,5.248541991136075,5.054151871443978,5.205343723297119,1624050,0.0,0.0
2001-01-09 00:00:00-05:00,5.194546550401538,5.31334015416373,5.194546550401538,5.291741847991943,3341250,0.0,0.0
2001-01-10 00:00:00-05:00,5.302539589177218,5.615724563598633,5.172946022408022,5.615724563598633,2529731,0.0,0.0
2001-01-11 00:00:00-05:00,5.615726136850396,5.615726136850396,5.205345768104407,5.25934362411499,1595700,0.0,0.0
2001-01-12 00:00:00-05:00,5.313338308837366,5.313338308837366,5.010953367998772,5.043351650238037,999338,0.0,0.0
2001-01-16 00:00:00-05:00,4.9920543706895515,5.25934145799338,4.838161691513113,5.216143608093262,1444331,0.0,0.0
2001-01-17 00:00:00-05:00,5.226943396117455,5.788515468591796,5.129748542565154,5.140547275543213,1161844,0.0,0.0
2001-01-18 00:00:00-05:00,5.135148409619451,5.399736404418945,4.989356097315843,5.399736404418945,1009969,0.0,0.0
2001-01-19 00:00:00-05:00,5.316037446538409,5.421333106429448,4.9893542382420675,5.194544315338135,988706,0.0,0.0
2001-01-22 00:00:00-05:00,5.17294527504867,5.205343557781068,4.589774517399015,4.924558162689209,1949063,0.0,0.0
2001-01-23 00:00:00-05:00,4.935356868081125,4.935356868081125,4.4925783932823,4.686969757080078,905175,0.0,0.0
2001-01-24 00:00:00-05:00,4.66807209283937,4.7949652671813965,4.5789763705828,4.7949652671813965,1028700,0.0,0.0
2001-01-25 00:00:00-05:00,4.794963620596875,4.838161468505859,4.503378251490389,4.838161468505859,620663,0.0,0.0
2001-01-26 00:00:00-05:00,4.859764390987146,4.859764390987146,4.557379245758057,4.557379245758057,848475,0.0,0.0
2001-01-29 00:00:00-05:00,4.632972805503969,4.632972805503969,4.254992075271972,4.330587387084961,2010825,0.0,0.0
2001-01-30 00:00:00-05:00,4.384584256029632,4.5141777992248535,3.9742044940197925,4.5141777992248535,7758788,0.0,0.0
2001-01-31 00:00:00-05:00,4.557376289494425,4.989354788178756,4.546576722748159,4.892159938812256,2977256,0.0,0.0
2001-02-01 00:00:00-05:00,4.889459934570901,4.8921603478790585,4.2981887154513565,4.4493818283081055,1722263,0.0,0.0
2001-02-02 00:00:00-05:00,4.460181643293585,4.546578205438611,4.406184626186483,4.492579936981201,4404375,0.0,0.0
2001-02-05 00:00:00-05:00,4.470980281413872,4.632972118082381,4.470980281413872,4.4844794273376465,2046263,0.0,0.0
2001-02-06 00:00:00-05:00,4.492578829304747,5.118948745019109,4.492578829304747,5.010953903198242,2843100,0.0,0.0
2001-02-07 00:00:00-05:00,5.02985229814642,5.313338090314237,4.838161357136835,4.935356616973877,1200319,0.0,0.0
2001-02-08 00:00:00-05:00,4.935356469710148,4.935356469710148,4.7517659386385445,4.859760761260986,674325,0.0,0.0
2001-02-09 00:00:00-05:00,4.9164594505263155,4.967756888220032,4.773366707779833,4.902960300445557,993263,0.0,0.0
2001-02-12 00:00:00-05:00,4.902958612339898,4.946156878805264,4.816563330759049,4.924558162689209,977063,0.0,0.0
2001-02-13 00:00:00-05:00,4.9677559966769875,5.453732820469895,4.924558974441018,5.2269439697265625,1988044,0.0,0.0
2001-02-14 00:00:00-05:00,5.356536680540344,5.356536680540344,5.032552183276248,5.064950466156006,975544,0.0,0.0
2001-02-15 00:00:00-05:00,5.151345755238356,5.162145737286353,5.01095266247942,5.016352653503418,853031,0.0,0.0
2001-02-16 00:00:00-05:00,5.010954283852339,5.0946500006397395,4.967756010149129,4.989355564117432,1157288,0.0,0.0
2001-02-20 00:00:00-05:00,5.010953104581006,5.334936744175603,4.989354389929113,5.18374490737915,2131313,0.0,0.0
2001-02-21 00:00:00-05:00,5.140547279395711,5.594125348562965,5.09734901051789,5.488830089569092,6313950,0.0,0.0
2001-02-22 00:00:00-05:00,5.399735768284062,5.712919495155409,5.399735768284062,5.550927639007568,4338563,0.0,0.0
2001-02-23 00:00:00-05:00,5.529328852450881,5.529328852450881,5.313338756561279,5.313338756561279,1572413,0.0,0.0
2001-02-26 00:00:00-05:00,5.2701407079389115,5.3133385586612265,5.086550155206554,5.205343723297119,644963,0.0,0.0
2001-02-27 00:00:00-05:00,5.205343521204263,5.205343521204263,5.000153842518735,5.097348690032959,999338,0.0,0.0
2001-02-28 00:00:00-05:00,5.075751354239866,5.78851668297189,5.075751354239866,5.777717113494873,3306319,0.0,0.0
2001-03-01 00:00:00-05:00,5.6940214428170695,5.766918433202358,4.956957805692819,5.399736404418945,1977413,0.0,0.0
2001-03-02 00:00:00-05:00,5.442932346527076,5.5941254562773555,5.356537058457855,5.464531898498535,1167919,0.0,0.0
2001-03-05 00:00:00-05:00,5.637323249239366,5.723719377020638,5.486130964134684,5.561727523803711,1015538,0.0,0.0
2001-03-06 00:00:00-05:00,5.569825296464948,5.658921398446255,5.183744690578778,5.345736503601074,910238,0.0,0.0
2001-03-07 00:00:00-05:00,5.464531117669961,5.464531117669961,4.946156543508726,5.18374490737915,1257525,0.0,0.0
2001-03-08 00:00:00-05:00,5.172945238699522,5.334937068339853,5.097348690032959,5.097348690032959,2850188,0.0,0.0
2001-03-09 00:00:00-05:00,5.172948087230742,5.561729776956958,5.075752769078401,5.507731914520264,2568206,0.0,0.0
2001-03-12 00:00:00-05:00,5.518529415130615,5.615724696791954,5.442932853218076,5.518529415130615,906694,0.0,0.0
2001-03-13 00:00:00-05:00,5.529329299926758,5.545528026605666,5.3889357470926225,5.529329299926758,1367888,0.0,0.0
2001-03-14 00:00:00-05:00,5.4996323394339734,5.529331476611796,5.313341278215582,5.507731914520264,432844,0.0,0.0
2001-03-15 00:00:00-05:00,5.518529314574105,5.5401280339293395,5.421334451800511,5.529329299926758,1577475,0.0,0.0
2001-03-16 00:00:00-05:00,5.515831016944225,5.51853059679294,5.118950233270886,5.270142555236816,810000,0.0,0.0
2001-03-19 00:00:00-05:00,5.280940898966376,5.691321154999437,5.229643471241416,5.529329299926758,2429494,0.0,0.0
2001-03-20 00:00:00-05:00,5.594127174892693,5.615725899266345,5.216145535744291,5.270142555236816,227306,0.0,0.0
2001-03-21 00:00:00-05:00,5.127048354998717,5.324138901092226,5.043352226823161,5.302539348602295,632306,0.0,0.0
2001-03-22 00:00:00-05:00,5.248541906523062,5.270140622977701,4.384584488888189,4.6761698722839355,1305113,0.0,0.0
2001-03-23 00:00:00-05:00,4.6275741350851,5.496932357201451,4.622174974911512,5.475333213806152,1004400,0.0,0.0
2001-03-26 00:00:00-05:00,5.356537063152655,5.475331053608194,5.302539225968329,5.367335796356201,698625,0.0,0.0
2001-03-27 00:00:00-05:00,5.010953824989584,5.399735332900117,4.665370586826513,5.367335796356201,2673000,0.0,0.0
2001-03-28 00:00:00-05:00,5.289038724412421,5.291739136975593,5.140546065829767,5.248540878295898,533081,0.0,0.0
2001-03-29 00:00:00-05:00,5.205346006949038,5.583328096548997,5.183747697787388,5.475333213806152,2237119,0.0,0.0
2001-03-30 00:00:00-05:00,4.989354291317773,5.054151268225982,4.8381612061597545,4.978554725646973,12711938,0.0,0.0
2001-04-02 00:00:00-04:00,4.970454780445896,4.989353914663924,4.881359100341797,4.881359100341797,2100938,0.0,0.0
2001-04-03 00:00:00-04:00,4.881359972744494,4.913758255984769,4.600573739017748,4.6761698722839355,3364031,0.0,0.0
2001-04-04 00:00:00-04:00,4.654574110072173,4.69777114941076,4.600576246710707,4.665372848510742,1920206,0.0,0.0
2001-04-05 00:00:00-04:00,4.6464729093239985,4.773366928100586,4.578976738688063,4.773366928100586,1186144,0.0,0.0
2001-04-06 00:00:00-04:00,4.770665560262463,4.770665560262463,4.64377158904366,4.6761698722839355,3117488,0.0,0.0
2001-04-09 00:00:00-04:00,4.675737807162771,4.789780833638652,4.630812259385878,4.6480913162231445,1822500,0.0,0.0
2001-04-10 00:00:00-04:00,4.6221753920552935,4.682651914516294,4.556514524117334,4.665372848510742,2182950,0.0,0.0
2001-04-11 00:00:00-04:00,4.656730578998961,4.674010051193276,4.515041076011886,4.649819374084473,1114256,0.0,0.0
2001-04-12 00:00:00-04:00,4.578975760655433,4.684378648501373,4.492579212443943,4.6636433601379395,840881,0.0,0.0
2001-04-16 00:00:00-04:00,4.663642176951026,4.705111908923433,4.475299017668257,4.483939170837402,1050975,0.0,0.0
2001-04-17 00:00:00-04:00,4.4977648342718695,4.769048045703512,4.468390630824578,4.686108112335205,1500525,0.0,0.0
2001-04-18 00:00:00-04:00,4.708568404150978,4.864080742102785,4.691289348182248,4.8087873458862305,1347638,0.0,0.0
2001-04-19 00:00:00-04:00,4.805331550128305,4.846802122419474,4.44938171378175,4.518497943878174,647494,0.0,0.0
2001-04-20 00:00:00-04:00,4.499491588704682,4.639452592753147,4.440741953672572,4.578975677490234,602438,0.0,0.0
2001-04-23 00:00:00-04:00,4.622172286483061,4.838161092107928,4.566878895299282,4.79841947555542,1215000,0.0,0.0
2001-04-24 00:00:00-04:00,4.826067781608407,4.93319837635936,4.803604793868671,4.8485307693481445,3854588,0.0,0.0
2001-04-25 00:00:00-04:00,4.839890692151928,4.993674935915707,4.794964306566806,4.96084451675415,2671481,0.0,0.0
2001-04-26 00:00:00-04:00,4.881360694465286,5.040328455686431,4.860625406378444,5.01268196105957,981619,0.0,0.0
2001-04-27 00:00:00-04:00,4.979851394042535,5.085253425499879,4.838161468505859,4.838161468505859,400950,0.0,0.0
2001-04-30 00:00:00-04:00,4.855440498413309,4.924557549302247,4.708567912344898,4.91591739654541,1400794,0.0,0.0
2001-05-01 00:00:00-04:00,4.950475566570882,5.00231398105851,4.872719613305764,4.886543273925781,1060594,0.0,0.0
2001-05-02 00:00:00-04:00,4.900366242976208,4.950475710693283,4.7742289337768495,4.775956630706787,460181,0.0,0.0
2001-05-03 00:00:00-04:00,4.774229573683775,4.88136014542995,4.691289682015235,4.734487533569336,546750,0.0,0.0
2001-05-04 00:00:00-04:00,4.665372360827583,4.890001446769299,4.639453973087001,4.869266986846924,366019,0.0,0.0
2001-05-07 00:00:00-04:00,4.872720988024755,4.957388586928482,4.76213500879814,4.926286697387695,447019,0.0,0.0
2001-05-08 00:00:00-04:00,4.966028080100215,5.192384787953461,4.881360485373815,5.163010597229004,1244869,0.0,0.0
2001-05-09 00:00:00-04:00,5.180290235471219,5.180290235471219,4.993675549611928,5.005770683288574,1134000,0.0,0.0
2001-05-10 00:00:00-04:00,5.010953409059191,5.157826012389534,5.010953409059191,5.097348690032959,815063,0.0,0.0
2001-05-11 00:00:00-04:00,5.093893522047962,5.164738698383101,5.055879596731921,5.123268127441406,611550,0.0,0.0
2001-05-14 00:00:00-04:00,5.099076646477235,5.19756746424217,5.099076646477235,5.1681928634643555,686981,0.0,0.0
2001-05-15 00:00:00-04:00,5.164737448478702,5.185471477581832,5.004040797715137,5.157824993133545,285019,0.0,0.0
2001-05-16 00:00:00-04:00,5.05415239375323,5.194113394503467,5.031689408948249,5.171650409698486,965419,0.0,0.0
2001-05-17 00:00:00-04:00,5.163011639948023,5.192385836604878,5.149188390434971,5.182019233703613,533081,0.0,0.0
2001-05-18 00:00:00-04:00,5.152643537486127,5.185473962056517,4.9954034561744995,5.175106525421143,901125,0.0,0.0
2001-05-21 00:00:00-04:00,5.13190710052921,5.182016983933991,5.019593038438365,5.1595540046691895,1798200,0.0,0.0
2001-05-22 00:00:00-04:00,5.10426179866341,5.185473164592803,5.080070282667751,5.163010597229004,1646325,0.0,0.0
2001-05-23 00:00:00-04:00,5.133634857075183,5.185472020846529,5.010952943808121,5.099076747894287,1656450,0.0,0.0
2001-05-24 00:00:00-04:00,5.045512329586737,5.166466993673157,5.028233270624402,5.1215410232543945,640406,0.0,0.0
2001-05-25 00:00:00-04:00,5.088711220126355,5.185473962056517,5.081799595702773,5.175106525421143,1088944,0.0,0.0
2001-05-29 00:00:00-04:00,5.090438231758316,5.183745983137337,5.0887105344435914,5.150915145874023,1177031,0.0,0.0
2001-05-30 00:00:00-04:00,5.1802884099953905,5.1802884099953905,5.0766136673981315,5.1681928634643555,1071731,0.0,0.0
2001-05-31 00:00:00-04:00,5.1751045279449785,5.183744680814662,5.149186154918834,5.1595540046691895,1447875,0.0,0.0
2001-06-01 00:00:00-04:00,5.1768332356307205,5.356536241645297,5.126723767633383,5.311610698699951,3214181,0.0,0.0
2001-06-04 00:00:00-04:00,5.29606174927991,5.3876409980892905,5.240768326728543,5.3772735595703125,3307838,0.0,0.0
2001-06-05 00:00:00-04:00,5.361720765948858,5.417014165178043,5.218303550802847,5.375543594360352,1314731,0.0,0.0
2001-06-06 00:00:00-04:00,5.377272662530253,5.4170155463484475,5.321980083436467,5.337530612945557,530550,0.0,0.0
2001-06-07 00:00:00-04:00,5.391096296628479,5.391096296628479,5.114630065870228,5.166467666625977,1201331,0.0,0.0
2001-06-08 00:00:00-04:00,5.201025742684693,5.202753023115474,5.112901488492153,5.175106525421143,1580006,0.0,0.0
2001-06-11 00:00:00-04:00,5.18547237585468,5.199296454706636,5.112899924489751,5.188928604125977,1236263,0.0,0.0
2001-06-12 00:00:00-04:00,5.175104558452341,5.252860929338897,5.107716037377261,5.235581874847412,1562794,0.0,0.0
2001-06-13 00:00:00-04:00,5.183745274314593,5.270140556154323,5.183745274314593,5.252861499786377,1288913,0.0,0.0
2001-06-14 00:00:00-04:00,5.220032462903413,5.3617220138951165,5.220032462903413,5.263230323791504,2185988,0.0,0.0
2001-06-15 00:00:00-04:00,5.247676363690162,5.442930698394775,5.230397311308456,5.442930698394775,1238288,0.0,0.0
2001-06-18 00:00:00-04:00,5.34789819361451,5.382456314480435,5.287420856424049,5.353081703186035,2043731,0.0,0.0
2001-06-19 00:00:00-04:00,5.35999236587673,5.430837126618742,5.351353045768345,5.382455348968506,576113,0.0,0.0
2001-06-20 00:00:00-04:00,5.406646687281727,5.778148313530022,5.399735481157035,5.755685329437256,2759569,0.0,0.0
2001-06-21 00:00:00-04:00,5.733220770607676,5.8230722651826685,5.728037263158737,5.798882007598877,4359825,0.0,0.0
2001-06-22 00:00:00-04:00,5.8006096859792295,5.804065913756302,5.546606559639775,5.702118873596191,868219,0.0,0.0
2001-06-25 00:00:00-04:00,5.636459851290387,5.658922836305053,5.529329269535857,5.615724563598633,2580356,0.0,0.0
2001-06-26 00:00:00-04:00,5.584622810722722,5.84899345977849,5.529329404060608,5.836898326873779,6396469,0.0,0.0
2001-06-27 00:00:00-04:00,5.892190322718678,6.042518749009847,5.78851556034948,5.983770370483398,5883131,0.0,0.0
2001-06-28 00:00:00-04:00,6.045975527282225,6.064982283748123,5.658922934685336,5.778148651123047,3298725,0.0,0.0
2001-06-29 00:00:00-04:00,5.852447147669328,6.446850365977898,5.46021032333374,5.46021032333374,1621013,0.0,0.0
2001-07-02 00:00:00-04:00,5.9423005015127535,5.9613080927338835,5.638187801425528,5.766053676605225,1109700,0.0,0.0
2001-07-03 00:00:00-04:00,5.702120819867978,5.745318259310505,5.584622800188897,5.6900248527526855,563456,0.0,0.0
2001-07-05 00:00:00-04:00,5.6900256467042825,5.6900256467042825,5.425654544141742,5.434294700622559,2785388,0.0,0.0
2001-07-06 00:00:00-04:00,5.442933454033412,6.002778371570244,5.442933454033412,5.601902484893799,1575956,0.0,0.0
2001-07-09 00:00:00-04:00,5.702118873596191,5.7781467081275855,5.588075870449434,5.702118873596191,488531,0.0,0.0
2001-07-10 00:00:00-04:00,5.738406091492511,5.7625967720791476,5.555246829986572,5.555246829986572,744694,0.0,0.0
2001-07-11 00:00:00-04:00,5.696937604355257,5.861089312914808,5.593262401984225,5.686570167541504,749250,0.0,0.0
2001-07-12 00:00:00-04:00,5.728038188321386,5.885278224945068,5.657193432438773,5.885278224945068,393356,0.0,0.0
2001-07-13 00:00:00-04:00,5.783332031741159,5.831713809809157,5.736678367979751,5.740133762359619,1876669,0.0,0.0
2001-07-16 00:00:00-04:00,5.883549558948214,5.883549558948214,5.702118873596191,5.702118873596191,985669,0.0,0.0
2001-07-17 00:00:00-04:00,5.752226671931451,5.788513304302274,5.6399122160069375,5.707301139831543,380700,0.0,0.0
2001-07-18 00:00:00-04:00,5.74186281270913,5.7988839161134464,5.662377889755574,5.729766845703125,602944,0.0,0.0
2001-07-19 00:00:00-04:00,5.771236240668395,5.909469946076287,5.669289597242319,5.900829792022705,1141088,0.0,0.0
2001-07-20 00:00:00-04:00,5.907741121947679,5.995864932717327,5.831713275983608,5.93538761138916,984150,0.0,0.0
2001-07-23 00:00:00-04:00,5.999322859179987,6.030424751488724,5.582894782835708,5.719400405883789,1706569,0.0,0.0
2001-07-24 00:00:00-04:00,5.721126115591885,5.721126115591885,5.010953001185174,5.525871753692627,2251294,0.0,0.0
2001-07-25 00:00:00-04:00,5.510320904366567,5.676201096992919,5.218303391586254,5.639914035797119,1017563,0.0,0.0
2001-07-26 00:00:00-04:00,5.653739856998655,5.760870456695557,5.572527224186327,5.760870456695557,917831,0.0,0.0
2001-07-27 00:00:00-04:00,5.693480953930163,5.762597189180383,5.537968173267103,5.615724563598633,1559756,0.0,0.0
2001-07-30 00:00:00-04:00,5.6174533735983205,5.667562862638509,5.489588313058548,5.641644477844238,1086919,0.0,0.0
2001-07-31 00:00:00-04:00,5.477491505536861,5.760870189987395,5.468852600758712,5.631276607513428,1453444,0.0,0.0
2001-08-01 00:00:00-04:00,5.760868331808859,6.018327716180521,5.46021068342948,5.988953113555908,997313,0.0,0.0
2001-08-02 00:00:00-04:00,5.904286724649176,5.994138247619392,5.859361171722412,5.859361171722412,690019,0.0,0.0
2001-08-03 00:00:00-04:00,5.873183643521166,5.925020816814162,5.695207888640226,5.759141445159912,769500,0.0,0.0
2001-08-06 00:00:00-04:00,5.695206418042045,5.760867654824995,5.667559932757902,5.702118873596191,697613,0.0,0.0
2001-08-07 00:00:00-04:00,5.676202427337436,5.902558744680869,5.643371586840218,5.866272926330566,1537988,0.0,0.0
2001-08-08 00:00:00-04:00,5.869725136487442,5.869725136487442,5.709029753095567,5.7453155517578125,320963,0.0,0.0
2001-08-09 00:00:00-04:00,5.721127448030251,5.736678809519895,5.572526290892212,5.615724563598633,873281,0.0,0.0
2001-08-10 00:00:00-04:00,5.650283146836203,5.736679282251841,5.607085704803467,5.607085704803467,640406,0.0,0.0
2001-08-13 00:00:00-04:00,5.842081478547362,5.857632422346937,5.613996659281316,5.6675615310668945,911250,0.0,0.0
2001-08-14 00:00:00-04:00,5.771237387447386,5.805795507828783,5.633004071688356,5.779876708984375,412594,0.0,0.0
2001-08-15 00:00:00-04:00,5.774691712052254,5.8420810770974265,5.505137171688076,5.6174516677856445,1441294,0.0,0.0
2001-08-16 00:00:00-04:00,5.589804924438203,5.650282251356126,5.460211367528352,5.643370628356934,319444,0.0,0.0
2001-08-17 00:00:00-04:00,5.6399148049376,5.65028265729792,5.572526267295645,5.636459827423096,128081,0.0,0.0
2001-08-20 00:00:00-04:00,5.569071348960766,5.74359089994613,5.503410503018745,5.712488174438477,609525,0.0,0.0
2001-08-21 00:00:00-04:00,5.7021200828390946,5.900829863633891,5.684840191638865,5.842081069946289,1205888,0.0,0.0
2001-08-22 00:00:00-04:00,5.8576306885534,5.871454348118789,5.710758111859659,5.750499725341797,856575,0.0,0.0
2001-08-23 00:00:00-04:00,5.802338903422329,5.802338903422329,5.633003302444537,5.671017646789551,353869,0.0,0.0
2001-08-24 00:00:00-04:00,5.6744754235988015,5.693482183840122,5.6157257767115984,5.6692914962768555,493594,0.0,0.0
2001-08-27 00:00:00-04:00,5.693481566243084,5.731495916835696,5.546608924865723,5.546608924865723,462713,0.0,0.0
2001-08-28 00:00:00-04:00,5.71767362867699,5.71767362867699,5.434296110497554,5.510324001312256,523463,0.0,0.0
2001-08-29 00:00:00-04:00,5.510319824692128,5.52759887768949,5.4446594233021495,5.479217529296875,489544,0.0,0.0
2001-08-30 00:00:00-04:00,5.512050271302011,5.512050271302011,5.175105909495618,5.4774909019470215,1606838,0.0,0.0
2001-08-31 00:00:00-04:00,5.434294685805016,5.593262469312883,5.363449907716453,5.57771110534668,878850,0.0,0.0
2001-09-04 00:00:00-04:00,5.5967181142196605,5.684841110435374,5.534513081968312,5.550063610076904,437906,0.0,0.0
2001-09-05 00:00:00-04:00,5.584620888246965,5.584620888246965,5.401461672079256,5.494768142700195,830250,0.0,0.0
2001-09-06 00:00:00-04:00,5.52932898489918,5.546608042822251,5.451572598570364,5.486130714416504,284006,0.0,0.0
2001-09-07 00:00:00-04:00,5.442932425267419,5.444660956728798,5.330617923477642,5.408374309539795,1360800,0.0,0.0
2001-09-10 00:00:00-04:00,5.613995718845253,5.613995718845253,5.297786713062874,5.328889846801758,455625,0.0,0.0
2001-09-17 00:00:00-04:00,4.872720474034328,5.0109537677196965,4.413095043656304,4.471844673156738,3242531,0.0,0.0
2001-09-18 00:00:00-04:00,4.4424708306469896,4.870993614196777,4.440742298931713,4.870993614196777,3553875,0.0,0.0
2001-09-19 00:00:00-04:00,4.7517665685132195,4.9435651453078195,4.425190094853068,4.656731128692627,2171813,0.0,0.0
2001-09-20 00:00:00-04:00,4.568607517683339,4.568607517683339,4.3716254234313965,4.3716254234313965,1078313,0.0,0.0
2001-09-21 00:00:00-04:00,4.330153639622594,4.330153639622594,3.835970219250217,4.124532699584961,3194438,0.0,0.0
2001-09-24 00:00:00-04:00,4.114165896128669,4.449381696367635,4.103798461654782,4.276589870452881,952763,0.0,0.0
2001-09-25 00:00:00-04:00,4.2161129607968775,4.380264632308409,4.129717256397828,4.276589870452881,1739981,0.0,0.0
2001-09-26 00:00:00-04:00,4.311146873277221,4.440740396446296,4.197105123482278,4.31978702545166,2184469,0.0,0.0
2001-09-27 00:00:00-04:00,4.283500029645812,4.387175173189351,4.283500029645812,4.345705032348633,2619338,0.0,0.0
2001-09-28 00:00:00-04:00,4.369899777023649,4.71375465044315,4.228210184427537,4.665372848510742,2932200,0.0,0.0
2001-10-01 00:00:00-04:00,4.658459107103964,4.689562246026428,4.400999680602347,4.409639835357666,2106506,0.0,0.0
2001-10-02 00:00:00-04:00,4.5807031505019165,5.028233052340149,4.578975453239031,4.96084451675415,2699831,0.0,0.0
2001-10-03 00:00:00-04:00,4.926284907886458,5.399733879284242,4.922828680174422,5.128450870513916,3578175,0.0,0.0
2001-10-04 00:00:00-04:00,5.09735029790722,5.206209429063531,4.995403625642481,5.019595146179199,2094863,0.0,0.0
2001-10-05 00:00:00-04:00,4.995403665348574,5.12672578624577,4.9349263234347225,5.045513153076172,712800,0.0,0.0
2001-10-08 00:00:00-04:00,4.928013161906825,5.045511152557165,4.914189917961678,5.028232097625732,940106,0.0,0.0
2001-10-09 00:00:00-04:00,4.893455590142641,5.054152292281466,4.88481668666548,4.941837787628174,1208925,0.0,0.0
2001-10-10 00:00:00-04:00,4.9262864265959205,5.114629204905031,4.8830881551600305,4.941837787628174,2972194,0.0,0.0
2001-10-11 00:00:00-04:00,4.941837787628174,5.175105700411919,4.933197632800985,4.941837787628174,1306125,0.0,0.0
2001-10-12 00:00:00-04:00,4.957388887052068,5.028233659958157,4.758679067924173,4.890000343322754,1423069,0.0,0.0
2001-10-15 00:00:00-04:00,4.777686121965777,4.864082263057969,4.646364838423816,4.779414653778076,1595700,0.0,0.0
2001-10-16 00:00:00-04:00,4.769046404252006,4.981580301403599,4.769046404252006,4.864081859588623,2400638,0.0,0.0
2001-10-17 00:00:00-04:00,4.978122747078552,5.01095316078024,4.815698792662277,4.841617584228516,1333463,0.0,0.0
2001-10-18 00:00:00-04:00,4.851985413168435,5.104260871350528,4.851985413168435,5.047239780426025,1099575,0.0,0.0
2001-10-19 00:00:00-04:00,5.054151531580981,5.183745075033496,4.941837043832146,5.052423000335693,513338,0.0,0.0
2001-10-22 00:00:00-04:00,4.967754702931477,5.092165564981838,4.820882112608807,4.8364338874816895,2575294,0.0,0.0
2001-10-23 00:00:00-04:00,4.855440941362744,5.06279044447922,4.786324301285047,4.838161468505859,1749600,0.0,0.0
2001-10-24 00:00:00-04:00,4.820883711254921,5.042057352769242,4.753495167158674,5.016138553619385,2542388,0.0,0.0
2001-10-25 00:00:00-04:00,5.0524247777891675,5.054153309642556,4.867537773924636,5.045513153076172,815569,0.0,0.0
2001-10-26 00:00:00-04:00,5.432564879049549,5.434293410475451,5.218303731702506,5.313338756561279,4407413,0.0,0.0
2001-10-29 00:00:00-05:00,5.356537862081351,5.356537862081351,5.06624798215091,5.201025485992432,3422250,0.0,0.0
2001-10-30 00:00:00-05:00,5.213118925307832,5.213118925307832,5.028231998398569,5.099076747894287,3686006,0.0,0.0
2001-10-31 00:00:00-05:00,5.1681920723875,5.1681920723875,4.8381603097661925,5.048966407775879,13653056,0.0,0.0
2001-11-01 00:00:00-05:00,5.054153646876747,5.220033068173567,5.016139291302035,5.192386150360107,3463763,0.0,0.0
2001-11-02 00:00:00-05:00,5.157827003524389,5.365176969055952,5.157827003524389,5.25459098815918,988706,0.0,0.0
2001-11-05 00:00:00-05:00,5.320249878291607,5.34444139075844,5.252861351796849,5.332345008850098,1884263,0.0,0.0
2001-11-06 00:00:00-05:00,5.339256609356878,5.401461617671855,5.308153896641113,5.351351737976074,1431675,0.0,0.0
2001-11-07 00:00:00-05:00,5.36344997763859,5.563888345747242,5.33925929113327,5.470580577850342,1496981,0.0,0.0
2001-11-08 00:00:00-05:00,5.53105654964347,5.546607909960052,5.313338756561279,5.313338756561279,1326375,0.0,0.0
2001-11-09 00:00:00-05:00,5.313339431268705,5.524145628116175,5.287420633155355,5.503410339355469,398419,0.0,0.0
2001-11-12 00:00:00-05:00,5.50341047292568,5.551792258385961,5.3807285203794235,5.512050628662109,526500,0.0,0.0
2001-11-13 00:00:00-05:00,5.432564546853869,5.684840022411362,5.432564546853869,5.652010440826416,679894,0.0,0.0
2001-11-14 00:00:00-05:00,5.658925690144393,5.667564598232306,5.427384099704526,5.444664001464844,703688,0.0,0.0
2001-11-15 00:00:00-05:00,5.418743250095925,5.480947870903655,5.356538212171446,5.417015552520752,1185131,0.0,0.0
2001-11-16 00:00:00-05:00,5.423924347997418,5.446387326302956,5.382454202116691,5.404916763305664,928463,0.0,0.0
2001-11-19 00:00:00-05:00,5.375545250956547,5.641644477844238,5.375545250956547,5.641644477844238,960356,0.0,0.0
2001-11-20 00:00:00-05:00,5.527600434475097,5.579438442299864,5.391095251675982,5.408374309539795,849994,0.0,0.0
2001-11-21 00:00:00-05:00,5.40319343250685,5.40319343250685,5.226946122216734,5.23213005065918,1490906,0.0,0.0
2001-11-23 00:00:00-05:00,5.354808604486979,5.408374309539795,5.2442226341585805,5.408374309539795,222750,0.0,0.0
2001-11-26 00:00:00-05:00,5.40837379508711,5.40837379508711,5.180289001630563,5.292603492736816,1050975,0.0,0.0
2001-11-27 00:00:00-05:00,5.2943329128155865,5.34789778753206,5.1405478267310505,5.1491875648498535,1289925,0.0,0.0
2001-11-28 00:00:00-05:00,5.1837476099947795,5.190658818539363,5.002316810707761,5.071433067321777,1778963,0.0,0.0
2001-11-29 00:00:00-05:00,5.114629084823608,5.114629084823608,4.985034690675234,5.010953903198242,2971181,0.0,0.0
2001-11-30 00:00:00-05:00,5.0956207180443815,5.0956207180443815,4.979851256344031,5.047239780426025,841894,0.0,0.0
2001-12-03 00:00:00-05:00,5.093894958496094,5.093894958496094,4.933198640643995,4.978124618530273,777094,0.0,0.0
2001-12-04 00:00:00-05:00,5.026504727647021,5.188928688800781,4.976395256528126,5.138819217681885,2965613,0.0,0.0
2001-12-05 00:00:00-05:00,5.190656048214394,5.1923837451492405,4.905550181937664,5.028232097625732,1834650,0.0,0.0
2001-12-06 00:00:00-05:00,4.995402765564973,5.0368733406066895,4.929742759735109,5.0368733406066895,964406,0.0,0.0
2001-12-07 00:00:00-05:00,4.967755632776562,5.028232961096914,4.967755632776562,5.010953903198242,1609369,0.0,0.0
2001-12-10 00:00:00-05:00,5.019592972878819,5.021320252620349,4.851985104697095,4.91591739654541,1045406,0.0,0.0
2001-12-11 00:00:00-05:00,4.915917560425104,4.941836768209945,4.743126178792218,4.7863240242004395,1957163,0.0,0.0
2001-12-12 00:00:00-05:00,4.801876482317721,4.801876482317721,4.717208476371026,4.734487533569336,1644806,0.0,0.0
2001-12-13 00:00:00-05:00,4.715478197762403,4.786322931700536,4.535775235251544,4.613531589508057,4622063,0.0,0.0
2001-12-14 00:00:00-05:00,4.646364470166481,4.665371227610597,4.501219531914145,4.62217378616333,1054013,0.0,0.0
2001-12-17 00:00:00-05:00,4.618716838221402,4.841617700221297,4.535776536375761,4.839890003204346,1277775,0.0,0.0
2001-12-18 00:00:00-05:00,4.751765464384638,4.884815216064453,4.725846676172772,4.884815216064453,1712138,0.0,0.0
2001-12-19 00:00:00-05:00,4.884816351932547,5.0973489630705595,4.777684946436745,5.083526134490967,2801588,0.0,0.0
2001-12-20 00:00:00-05:00,5.100805101292116,5.100805101292116,4.914190453463939,4.969483852386475,1981969,0.0,0.0
2001-12-21 00:00:00-05:00,4.959114547550037,5.100803177094481,4.895181018663286,4.957386016845703,2413294,0.0,0.0
2001-12-24 00:00:00-05:00,5.019594474187346,5.021321754445488,4.9349256235524175,4.974668502807617,721406,0.0,0.0
2001-12-26 00:00:00-05:00,4.993674574552665,5.145731110050116,4.979851746099839,5.123268127441406,2038669,0.0,0.0
2001-12-27 00:00:00-05:00,5.147458968570068,5.2770529426384565,5.142275876993983,5.245950222015381,1757700,0.0,0.0
2001-12-28 00:00:00-05:00,5.278780278287655,5.349625034875116,5.223486880946623,5.340985298156738,1665056,0.0,0.0
2001-12-31 00:00:00-05:00,5.297788649222727,5.385912489036624,5.296060951621521,5.354809761047363,2190544,0.0,0.0
2002-01-02 00:00:00-05:00,5.342713291082643,5.342713291082643,5.019593877212004,5.207935810089111,1398769,0.0,0.0
2002-01-03 00:00:00-05:00,5.21657653422792,5.261502088055375,5.130179987055799,5.2269439697265625,3908756,0.0,0.0
2002-01-04 00:00:00-05:00,5.2269445508394075,5.242495080141179,5.0109548273629345,5.029961585998535,879356,0.0,0.0
2002-01-07 00:00:00-05:00,5.045512813578074,5.095622297933948,4.85198691751924,4.909008026123047,1777950,0.0,0.0
2002-01-08 00:00:00-05:00,4.915919333278243,4.98503557716387,4.841619162542824,4.896912574768066,750263,0.0,0.0
2002-01-09 00:00:00-05:00,4.924559145291396,5.005770517623265,4.691290378570557,4.691290378570557,1658475,0.0,0.0
2002-01-10 00:00:00-05:00,4.6152610556830505,4.7517666521033375,4.494307236616958,4.635996341705322,5614819,0.0,0.0
2002-01-11 00:00:00-05:00,4.642907465882071,4.682649505810382,4.587614065989789,4.656731128692627,4227188,0.0,0.0
2002-01-14 00:00:00-05:00,4.672284310101448,4.6878348405060795,4.5271393524565235,4.675739288330078,2564663,0.0,0.0
2002-01-15 00:00:00-05:00,4.724120301926649,4.724120301926649,4.653275538699189,4.680922031402588,2837531,0.0,0.0
2002-01-16 00:00:00-05:00,4.679195977172202,4.769047527124474,4.649821776919016,4.705114364624023,2545425,0.0,0.0
2002-01-17 00:00:00-05:00,4.737942896616406,4.803603730653197,4.682649496830164,4.7828688621521,885431,0.0,0.0
2002-01-18 00:00:00-05:00,4.784597308347792,4.786325005617752,4.6653707634035815,4.699929714202881,291094,0.0,0.0
2002-01-22 00:00:00-05:00,4.7517664914800255,4.756950417089525,4.501218707431418,4.6480913162231445,1441800,0.0,0.0
2002-01-23 00:00:00-05:00,4.580704011736641,4.648092559992605,4.527139129766166,4.604895114898682,970988,0.0,0.0
2002-01-24 00:00:00-05:00,4.606624024091865,4.691292073194363,4.5668819637206655,4.665372848510742,996300,0.0,0.0
2002-01-25 00:00:00-05:00,4.648090061667961,4.703383445739746,4.635994933704763,4.703383445739746,2293313,0.0,0.0
2002-01-28 00:00:00-05:00,4.732759704887152,4.734488236538606,4.665371163249673,4.691290378570557,993769,0.0,0.0
2002-01-29 00:00:00-05:00,4.734487959665774,4.784597438608973,4.639452510847051,4.774230003356934,631294,0.0,0.0
2002-01-30 00:00:00-05:00,4.784596651746111,4.784596651746111,4.656730803766088,4.674010276794434,1573425,0.0,0.0
2002-01-31 00:00:00-05:00,4.6722853091466865,4.743129271211019,4.656733524066397,4.665372848510742,1563806,0.0,0.0
2002-02-01 00:00:00-05:00,4.682649572141005,4.694745537969489,4.07615153035475,4.131444931030273,28899788,0.0,0.0
2002-02-04 00:00:00-05:00,4.155636687829053,4.435559158074616,4.058873524418482,4.3612589836120605,4727363,0.0,0.0
2002-02-05 00:00:00-05:00,4.278317318524425,4.414823324390497,4.259310564987342,4.3992719650268555,1522294,0.0,0.0
2002-02-06 00:00:00-05:00,4.304237324545783,4.506403365178524,4.302509627139684,4.45802116394043,2816775,0.0,0.0
2002-02-07 00:00:00-05:00,4.483939138523493,4.58934199886866,4.385447483007324,4.406182765960693,1262588,0.0,0.0
2002-02-08 00:00:00-05:00,4.440740980200169,4.578974673715076,4.4061828696588945,4.521953582763672,1522294,0.0,0.0
2002-02-11 00:00:00-05:00,4.435559240415071,4.532322822738694,4.432103845100052,4.492579936981201,967950,0.0,0.0
2002-02-12 00:00:00-05:00,4.492579283229484,4.525410122229149,4.3975442466262304,4.45802116394043,1753650,0.0,0.0
2002-02-13 00:00:00-05:00,4.442471169925616,4.556513394404212,4.397544775216224,4.496036052703857,1979944,0.0,0.0
2002-02-14 00:00:00-05:00,4.497762680053711,4.530593098070769,4.463204564833997,4.497762680053711,1907044,0.0,0.0
2002-02-15 00:00:00-05:00,4.4856672286987305,4.518497644376748,4.425189905698017,4.4856672286987305,843919,0.0,0.0
2002-02-19 00:00:00-05:00,4.485669293296124,4.660188468721961,4.483941595421361,4.5979838371276855,1772888,0.0,0.0
2002-02-20 00:00:00-05:00,4.611806297125155,4.751767307208874,4.570335719363242,4.6619157791137695,1274231,0.0,0.0
2002-02-21 00:00:00-05:00,4.687834488560192,4.870993786654876,4.648092439670476,4.829524040222168,1727325,0.0,0.0
2002-02-22 00:00:00-05:00,4.870991777350894,5.007496511608168,4.831249744854929,4.995401382446289,1662525,0.0,0.0
2002-02-25 00:00:00-05:00,4.964301771256854,5.09562264080377,4.869266305778025,5.045513153076172,1308656,0.0,0.0
2002-02-26 00:00:00-05:00,5.014411093718078,5.188930237644505,5.014411093718078,5.166467666625977,1028700,0.0,0.0
2002-02-27 00:00:00-05:00,5.1388207149753695,5.389368560688365,5.1388207149753695,5.368633270263672,2898788,0.0,0.0
2002-02-28 00:00:00-05:00,5.366904987783311,5.508593679383236,5.356537135948358,5.408374309539795,2242181,0.0,0.0
2002-03-01 00:00:00-05:00,5.410104583731875,5.512052533596977,5.408376885680882,5.510324001312256,1690875,0.0,0.0
2002-03-04 00:00:00-05:00,5.50341049498612,5.658923288063961,5.434294254218264,5.634731769561768,2394563,0.0,0.0
2002-03-05 00:00:00-05:00,5.636457953848509,5.702118772349027,5.532782384524175,5.594987392425537,1450913,0.0,0.0
2002-03-06 00:00:00-05:00,5.570796966552734,5.696935101835986,5.506864676176799,5.570796966552734,1209431,0.0,0.0
2002-03-07 00:00:00-05:00,5.537966836130315,5.664104977797754,5.48958590025338,5.653737545013428,1452938,0.0,0.0
2002-03-08 00:00:00-05:00,5.657194384039694,5.667561819472536,5.537968250886964,5.556975841522217,1164375,0.0,0.0
2002-03-11 00:00:00-05:00,5.537967888185714,5.572526004031856,5.4342935406472925,5.486130714416504,2069550,0.0,0.0
2002-03-12 00:00:00-05:00,5.468850966613178,5.684839789080171,5.434292855126446,5.655465602874756,746213,0.0,0.0
2002-03-13 00:00:00-05:00,5.684839218880842,5.684839218880842,5.453299060910395,5.520687580108643,415125,0.0,0.0
2002-03-14 00:00:00-05:00,5.529329299926758,5.558703491511206,5.417014791352802,5.529329299926758,1591650,0.0,0.0
2002-03-15 00:00:00-05:00,5.510319916331277,5.522415045072305,5.4481149073897255,5.494768142700195,1491413,0.0,0.0
2002-03-18 00:00:00-05:00,5.537967952514027,5.546608107250925,5.512049991003361,5.522416591644287,1131975,0.0,0.0
2002-03-19 00:00:00-05:00,5.5466093857528165,5.563888447859449,5.522417864569997,5.53624153137207,2232056,0.0,0.0
2002-03-20 00:00:00-05:00,5.536241488935304,5.567343383372069,5.479220375862118,5.508594989776611,875306,0.0,0.0
2002-03-21 00:00:00-05:00,5.477490124065602,5.529328545061255,5.38418363581988,5.475762844085693,508275,0.0,0.0
2002-03-22 00:00:00-05:00,5.49822660674474,5.546608809853363,5.401463868994391,5.403191566467285,894544,0.0,0.0
2002-03-25 00:00:00-05:00,5.4135581208421275,5.698664029467133,5.392822834727893,5.643370628356934,1060088,0.0,0.0
2002-03-26 00:00:00-05:00,5.643369992174152,5.769508140481383,5.641642295177447,5.684839725494385,1630125,0.0,0.0
2002-03-27 00:00:00-05:00,5.728038201818985,5.859360280204731,5.705575220215064,5.797154426574707,645469,0.0,0.0
2002-03-28 00:00:00-05:00,5.804069140713467,5.919838653648288,5.788517358419794,5.790245056152344,520931,0.0,0.0
2002-04-01 00:00:00-05:00,5.7885176586511164,5.918111262868654,5.753959531039831,5.833443641662598,431325,0.0,0.0
2002-04-02 00:00:00-05:00,5.857633433870378,5.892191556188949,5.736679588638634,5.871457099914551,751781,0.0,0.0
2002-04-03 00:00:00-05:00,5.890461864570109,5.906013222907334,5.726310213451014,5.736677646636963,303750,0.0,0.0
2002-04-04 00:00:00-05:00,5.721128303843206,5.786789154269688,5.6641071926737485,5.7332234382629395,506250,0.0,0.0
2002-04-05 00:00:00-05:00,5.755685694830715,5.7954277395498695,5.684840926434232,5.6900248527526855,385763,0.0,0.0
2002-04-08 00:00:00-04:00,5.733222814217701,5.824802038213612,5.548336251715873,5.8230743408203125,543206,0.0,0.0
2002-04-09 00:00:00-04:00,5.798884261205518,5.9008309241916965,5.719400167755246,5.791972637176514,332100,0.0,0.0
2002-04-10 00:00:00-04:00,5.747045815079799,5.8835505681429465,5.747045815079799,5.874910831451416,746719,0.0,0.0
2002-04-11 00:00:00-04:00,5.831714723789913,5.918110024743405,5.7021211466845925,5.779876708984375,1989056,0.0,0.0
2002-04-12 00:00:00-04:00,5.779876089529325,5.94402860365653,5.779876089529325,5.9371161460876465,1277269,0.0,0.0
2002-04-15 00:00:00-04:00,5.933661078093906,5.992409879679133,5.8576328001022056,5.883551597595215,733050,0.0,0.0
2002-04-16 00:00:00-04:00,5.923291531061792,5.925019227816552,5.8351677344221295,5.848991394042969,1340044,0.0,0.0
2002-04-17 00:00:00-04:00,5.873183838157739,5.874911535433096,5.629548072814941,5.629548072814941,1103625,0.0,0.0
2002-04-18 00:00:00-04:00,5.674474847824773,5.8559056118151345,5.598446146106812,5.719400405883789,851513,0.0,0.0
2002-04-19 00:00:00-04:00,5.762595815191729,5.987224360429633,5.726310008895415,5.906013011932373,935044,0.0,0.0
2002-04-22 00:00:00-04:00,5.938844135406908,6.120274857075779,5.8749109997150475,6.0960845947265625,1944000,0.0,0.0
2002-04-23 00:00:00-04:00,6.047703172729174,6.34144926071167,6.039064268921888,6.34144926071167,1154756,0.0,0.0
2002-04-24 00:00:00-04:00,6.293067608375067,6.51078500717314,6.168657964145241,6.348361015319824,4462594,0.0,0.0
2002-04-25 00:00:00-04:00,5.97686167251125,6.106455293174348,5.866274815887932,5.944031238555908,15870938,0.0,0.0
2002-04-26 00:00:00-04:00,6.00105050246603,6.018329563101799,5.819619740115358,5.835170269012451,3058763,0.0,0.0
2002-04-29 00:00:00-04:00,5.900831567514285,6.051160449326142,5.868001141238903,6.047704219818115,2403169,0.0,0.0
2002-04-30 00:00:00-04:00,6.03214992821889,6.109906294963867,5.969944918246219,6.099539279937744,3906731,0.0,0.0
2002-05-01 00:00:00-04:00,6.123731085544683,6.123731085544683,5.997592928395413,6.0960845947265625,2148019,0.0,0.0
2002-05-02 00:00:00-04:00,6.064982096035376,6.223951103421177,6.064982096035376,6.12200403213501,1614938,0.0,0.0
2002-05-03 00:00:00-04:00,6.127188395182385,6.177297884013124,6.083990948333567,6.134100437164307,1666069,0.0,0.0
2002-05-06 00:00:00-04:00,6.097811605934074,6.187663114248917,6.087444172334279,6.111635684967041,1244869,0.0,0.0
2002-05-07 00:00:00-04:00,6.147924423217773,6.177298623854369,6.049433548534934,6.147924423217773,823163,0.0,0.0
2002-05-08 00:00:00-04:00,6.170385607641858,6.17729723177724,6.013145532886832,6.175569534301758,1853381,0.0,0.0
2002-05-09 00:00:00-04:00,6.187663887077725,6.332808809836451,6.134099015346933,6.308618545532227,2904863,0.0,0.0
2002-05-10 00:00:00-04:00,6.279244700513552,6.374280157595303,6.237774538783011,6.339721202850342,1739981,0.0,0.0
2002-05-13 00:00:00-04:00,6.367367068667453,6.3690956000836945,6.134098750805704,6.256781101226807,5571788,0.0,0.0
2002-05-14 00:00:00-04:00,6.36045587924042,6.393286299120459,6.208399329411825,6.296523571014404,2775263,0.0,0.0
2002-05-15 00:00:00-04:00,6.286155133162579,6.360455286738136,6.249868487828032,6.334536075592041,1670119,0.0,0.0
2002-05-16 00:00:00-04:00,6.3310810319579565,6.337992237561052,6.19457502333496,6.298250198364258,1554188,0.0,0.0
2002-05-17 00:00:00-04:00,6.29824982910214,6.363911075323223,6.22567737768316,6.229133605957031,939094,0.0,0.0
2002-05-20 00:00:00-04:00,6.246414333445294,6.313803294721726,6.149650760912478,6.154834270477295,780638,0.0,0.0
2002-05-21 00:00:00-04:00,6.198031477891852,6.244684724393471,6.023511955061153,6.061526298522949,602944,0.0,0.0
2002-05-22 00:00:00-04:00,6.02178354095064,6.11509001638209,5.805793486731541,6.0269670486450195,1292456,0.0,0.0
2002-05-23 00:00:00-04:00,5.9336612865229785,6.134099632675152,5.887008033360174,6.044248104095459,1281825,0.0,0.0
2002-05-24 00:00:00-04:00,6.040789967468499,6.077075353613027,5.921563874387207,5.926747798919678,462206,0.0,0.0
2002-05-28 00:00:00-04:00,5.925020177848605,6.021784142243641,5.899101802555526,5.93538761138916,977063,0.0,0.0
2002-05-29 00:00:00-04:00,5.921565375421359,5.940572130253074,5.899102391947522,5.933660507202148,578644,0.0,0.0
2002-05-30 00:00:00-04:00,5.95785156493343,5.95785156493343,5.719399720352347,5.771236896514893,1554694,0.0,0.0
2002-05-31 00:00:00-04:00,5.788516884203334,5.9613087504923055,5.745319021910279,5.8680009841918945,906188,0.0,0.0
2002-06-03 00:00:00-04:00,5.8403527583060315,5.864543854358812,5.633002830360563,5.639914035797119,691031,0.0,0.0
2002-06-04 00:00:00-04:00,5.641643759121258,5.702121094914707,5.503410444617255,5.531057357788086,1241831,0.0,0.0
2002-06-05 00:00:00-04:00,5.54660840771027,5.779876330692434,5.512050289590697,5.767780780792236,876319,0.0,0.0
2002-06-06 00:00:00-04:00,5.771235025760026,5.788514078879842,5.672743797302246,5.672743797302246,765956,0.0,0.0
2002-06-07 00:00:00-04:00,5.719397926898781,5.759139958053014,5.603627644096598,5.702118873596191,677363,0.0,0.0
2002-06-10 00:00:00-04:00,5.696934833439583,5.7384045605242555,5.6675598177464535,5.703846454620361,354881,0.0,0.0
2002-06-11 00:00:00-04:00,5.68311414999912,5.86454576091153,5.68311414999912,5.824802875518799,1125900,0.0,0.0
2002-06-12 00:00:00-04:00,5.847263202100047,5.902556592439855,5.797153736558204,5.869726181030273,969469,0.0,0.0
2002-06-13 00:00:00-04:00,5.84899345977849,5.892190899302497,5.814435341312604,5.836898326873779,535106,0.0,0.0
2002-06-14 00:00:00-04:00,5.840354005379546,5.840354005379546,5.686569745059114,5.791972637176514,430819,0.0,0.0
2002-06-17 00:00:00-04:00,5.831713366311042,5.952666759490967,5.823073212551824,5.952666759490967,913275,0.0,0.0
2002-06-18 00:00:00-04:00,5.928478647373328,5.959581376869823,5.838627105604029,5.881824970245361,756338,0.0,0.0
2002-06-19 00:00:00-04:00,5.911198434090923,5.961307913949728,5.760869577397814,5.769509315490723,535106,0.0,0.0
2002-06-20 00:00:00-04:00,5.771237246250687,5.848993640881556,5.755685883901171,5.802339553833008,848981,0.0,0.0
2002-06-21 00:00:00-04:00,5.887004965076379,5.887004965076379,5.676199292857255,5.774689674377441,921881,0.0,0.0
2002-06-24 00:00:00-04:00,5.7142146959605755,5.893918123470186,5.7142146959605755,5.814434051513672,959344,0.0,0.0
2002-06-25 00:00:00-04:00,5.831714345256261,5.909470736742358,5.724583761911002,5.769509315490723,1382569,0.0,0.0
2002-06-26 00:00:00-04:00,5.715943992851392,5.797155784521015,5.537968629624267,5.607085704803467,951244,0.0,0.0
2002-06-27 00:00:00-04:00,5.607084518977697,5.664105614257082,5.515504476300758,5.61053991317749,644963,0.0,0.0
2002-06-28 00:00:00-04:00,5.6364605806566,5.740134946947544,5.287421044776634,5.398007869720459,2121694,0.0,0.0
2002-07-01 00:00:00-04:00,5.442931939003799,5.451572092838804,5.3288901672909645,5.340985298156738,1719731,0.0,0.0
2002-07-02 00:00:00-04:00,5.327163188909885,5.327163188909885,5.1232686283582725,5.171650409698486,2317106,0.0,0.0
2002-07-03 00:00:00-04:00,5.119814864068406,5.1837476099947795,4.864083046129277,5.071433067321777,1893881,0.0,0.0
2002-07-05 00:00:00-04:00,5.071430826640437,5.328890228684689,5.043783919093089,5.309882640838623,360450,0.0,0.0
2002-07-08 00:00:00-04:00,5.315068548588925,5.3409877707432445,5.226945529118434,5.233857154846191,639900,0.0,0.0
2002-07-09 00:00:00-04:00,5.226941343348338,5.226941343348338,5.086980408767695,5.144001483917236,600919,0.0,0.0
2002-07-10 00:00:00-04:00,5.173378112659174,5.197568794797377,4.9677558545760565,5.0368733406066895,757350,0.0,0.0
2002-07-11 00:00:00-04:00,4.969484164241429,5.074886208864996,4.8226107121943835,5.010953903198242,3329100,0.0,0.0
2002-07-12 00:00:00-04:00,5.009226598924355,5.029961052912647,4.90727994076647,4.926286697387695,818100,0.0,0.0
2002-07-15 00:00:00-04:00,4.924557998557055,4.979851394042535,4.737942528095675,4.838161468505859,698625,0.0,0.0
2002-07-16 00:00:00-04:00,4.80878758122149,5.005769663138273,4.75176648517584,4.969483852386475,1335488,0.0,0.0
2002-07-17 00:00:00-04:00,4.872722305021644,4.976397522801278,4.777686827762584,4.898641109466553,1125394,0.0,0.0
2002-07-18 00:00:00-04:00,4.820881270273268,4.838160321918606,4.724118581059375,4.80360221862793,1227150,0.0,0.0
2002-07-19 00:00:00-04:00,4.810516631246264,4.967756718153679,4.7949652671813965,4.7949652671813965,2972700,0.0,0.0
2002-07-22 00:00:00-04:00,4.838161468505859,4.898638789271728,4.580702495184291,4.838161468505859,2266481,0.0,0.0
2002-07-23 00:00:00-04:00,4.872721288375004,4.872721288375004,4.449382433528739,4.63772439956665,3366563,0.0,0.0
2002-07-24 00:00:00-04:00,4.449381806651468,5.109445571899414,4.423462594149325,5.109445571899414,2852719,0.0,0.0
2002-07-25 00:00:00-04:00,5.119811892547734,5.264955947196073,4.936652667475105,5.209663391113281,1309669,0.0,0.0
2002-07-26 00:00:00-04:00,5.226943777431096,5.356537342071533,5.18374592255095,5.356537342071533,1640756,0.0,0.0
2002-07-29 00:00:00-04:00,5.330618851354316,5.702121371350364,5.330618851354316,5.698665142059326,2347481,0.0,0.0
2002-07-30 00:00:00-04:00,5.696936237629867,5.705575557677001,5.399735202252138,5.5587029457092285,1333463,0.0,0.0
2002-07-31 00:00:00-04:00,5.512050149195757,5.741862671629208,5.512050149195757,5.57943868637085,1193738,0.0,0.0
2002-08-01 00:00:00-04:00,5.582895105157328,5.762598182001802,5.399736633071711,5.470580577850342,1700494,0.0,0.0
2002-08-02 00:00:00-04:00,5.4273806422857955,5.61572381825326,5.30815494374502,5.309882640838623,845438,0.0,0.0
2002-08-05 00:00:00-04:00,5.311611776088338,5.354808796622822,5.202752247732004,5.211392402648926,858600,0.0,0.0
2002-08-06 00:00:00-04:00,5.218302183199528,5.556973695463635,5.218302183199528,5.442930698394775,1299038,0.0,0.0
2002-08-07 00:00:00-04:00,5.468853225712938,5.798885203767159,5.468853225712938,5.743591785430908,3041044,0.0,0.0
2002-08-08 00:00:00-04:00,5.7159432312293585,5.895646267977198,5.6865690412997445,5.892190456390381,913275,0.0,0.0
2002-08-09 00:00:00-04:00,5.804065895188922,5.93884292763452,5.728037226667635,5.926747798919678,1107675,0.0,0.0
2002-08-12 00:00:00-04:00,5.873183750776436,5.916381604534471,5.778148305662091,5.785059928894043,1269675,0.0,0.0
2002-08-13 00:00:00-04:00,5.771235029281523,5.9613058650651345,5.771235029281523,5.848991394042969,1210444,0.0,0.0
2002-08-14 00:00:00-04:00,5.85244749022752,5.957850352652753,5.800610324612603,5.873182773590088,870750,0.0,0.0
2002-08-15 00:00:00-04:00,5.907742280600897,5.918109716174761,5.848993479015669,5.883551597595215,1407375,0.0,0.0
2002-08-16 00:00:00-04:00,5.8835484922074315,5.926746743306502,5.847261861176256,5.907739162445068,635344,0.0,0.0
2002-08-19 00:00:00-04:00,5.914653197154829,6.109908017462723,5.873183874009664,6.094357490539551,1570388,0.0,0.0
2002-08-20 00:00:00-04:00,6.122004495031721,6.189393037140265,6.011417677536447,6.149650573730469,2303944,0.0,0.0
2002-08-21 00:00:00-04:00,6.166928913478551,6.241229060813661,6.134098082297607,6.211854457855225,1066669,0.0,0.0
2002-08-22 00:00:00-04:00,6.168659248399335,6.229136177172822,6.1150931105597115,6.194577217102051,1276763,0.0,0.0
2002-08-23 00:00:00-04:00,6.163472748633645,6.220493841025601,6.141009767656023,6.151377201080322,798863,0.0,0.0
2002-08-26 00:00:00-04:00,6.1444660240459665,6.261964020509265,6.047702060292969,6.229133605957031,1964250,0.0,0.0
2002-08-27 00:00:00-04:00,6.255052080380154,6.255052080380154,6.006232421757785,6.059797286987305,1878188,0.0,0.0
2002-08-28 00:00:00-04:00,6.066709687586047,6.066709687586047,5.842080709524163,5.93538761138916,897581,0.0,0.0
2002-08-29 00:00:00-04:00,5.926749971826875,6.059798522052116,5.812706927233674,5.9785871505737305,608006,0.0,0.0
2002-08-30 00:00:00-04:00,5.978586444662443,6.19630382104275,5.944028329578263,5.983770370483398,584719,0.0,0.0
2002-09-03 00:00:00-04:00,5.983771054232422,6.004506342768952,5.788516221787272,5.8230743408203125,717863,0.0,0.0
2002-09-04 00:00:00-04:00,5.788515868929699,6.087445040251786,5.764325604197871,5.995865821838379,1078819,0.0,0.0
2002-09-05 00:00:00-04:00,5.995865319664775,6.128915101479908,5.925020560224037,5.949212074279785,1396744,0.0,0.0
2002-09-06 00:00:00-04:00,6.039062914363841,6.203214563383933,6.030422761144459,6.068437099456787,980100,0.0,0.0
2002-09-09 00:00:00-04:00,6.064982160997012,6.12027556615605,5.8489933007815464,6.0909013748168945,1849838,0.0,0.0
2002-09-10 00:00:00-04:00,6.089174413446713,6.113365098638969,6.007961784652298,6.06671142578125,1529381,0.0,0.0
2002-09-11 00:00:00-04:00,6.045973838881994,6.15137669571121,5.982041546576172,6.016599655151367,307800,0.0,0.0
2002-09-12 00:00:00-04:00,6.016600579964389,6.12718654440321,5.952667026481588,5.968218803405762,921881,0.0,0.0
2002-09-13 00:00:00-04:00,5.9906805822512075,6.028694919652118,5.916380438591739,5.994136810302734,829744,0.0,0.0
2002-09-16 00:00:00-04:00,5.980312993642292,6.160015991810489,5.964761636281931,6.035606384277344,1134506,0.0,0.0
2002-09-17 00:00:00-04:00,6.101267399728571,6.19803052355197,6.066709290190426,6.071893215179443,1422563,0.0,0.0
2002-09-18 00:00:00-04:00,6.066711930658225,6.163475096596698,5.963036722687144,6.045976638793945,882394,0.0,0.0
2002-09-19 00:00:00-04:00,6.033879340861252,6.160016658918792,5.987224846611076,6.002776622772217,1186650,0.0,0.0
2002-09-20 00:00:00-04:00,6.168656726227846,6.172111703165359,6.0027765386821805,6.052886009216309,1944506,0.0,0.0
2002-09-23 00:00:00-04:00,6.032151804562035,6.0477031661717024,5.9267497535503075,5.9543962478637695,908719,0.0,0.0
2002-09-24 00:00:00-04:00,5.961306368279286,6.028694889734459,5.791970799074465,5.857631206512451,1367888,0.0,0.0
2002-09-25 00:00:00-04:00,5.892189322924432,6.08053206096662,5.869726343372934,6.013143539428711,1030725,0.0,0.0
2002-09-26 00:00:00-04:00,6.025239459280269,6.045974744648384,5.702120052903211,5.890462398529053,1477238,0.0,0.0
2002-09-27 00:00:00-04:00,5.892191356958228,6.039064831754577,5.8904636594590905,5.969947338104248,1018069,0.0,0.0
2002-09-30 00:00:00-04:00,5.969947760045747,6.056344320377411,5.866273389268088,6.011418342590332,892519,0.0,0.0
2002-10-01 00:00:00-04:00,6.020056207927969,6.132370290979369,5.92674929681065,6.097812175750732,1956150,0.0,0.0
2002-10-02 00:00:00-04:00,6.096084385598207,6.45549042237077,5.950939062432423,5.952666759490967,4355269,0.0,0.0
2002-10-03 00:00:00-04:00,5.933659022084002,6.045973494225667,5.650280879455312,5.702118873596191,3704738,0.0,0.0
2002-10-04 00:00:00-04:00,5.71594344124748,5.722855064675065,5.349625731118733,5.432565212249756,4065188,0.0,0.0
2002-10-07 00:00:00-04:00,5.463666645484755,5.468850570390493,5.147458071265967,5.235581874847412,2072588,0.0,0.0
2002-10-08 00:00:00-04:00,5.235582453819466,5.475762797719262,5.235582453819466,5.418741703033447,3382763,0.0,0.0
2002-10-09 00:00:00-04:00,5.396279345559587,5.477490711488979,5.140547612748526,5.163010597229004,1415981,0.0,0.0
2002-10-10 00:00:00-04:00,5.147460962940924,5.484405008950205,5.137093941538764,5.3772735595703125,1059581,0.0,0.0
2002-10-11 00:00:00-04:00,5.3738154789371375,5.588076602178727,5.3738154789371375,5.499952793121338,1656450,0.0,0.0
2002-10-14 00:00:00-04:00,5.529326939995781,5.53969437091545,5.3893655797889615,5.401461124420166,1271700,0.0,0.0
2002-10-15 00:00:00-04:00,5.434292737743667,5.766052269316615,5.434292737743667,5.747045516967773,1592156,0.0,0.0
2002-10-16 00:00:00-04:00,5.605355324291823,5.68138399848908,5.529327901444321,5.575981140136719,761400,0.0,0.0
2002-10-17 00:00:00-04:00,5.577710115332498,5.771236821852406,5.577710115332498,5.76259708404541,1194244,0.0,0.0
2002-10-18 00:00:00-04:00,5.7297649599361975,5.906012555531261,5.691751459666493,5.798882007598877,1207913,0.0,0.0
2002-10-21 00:00:00-04:00,5.80233766135617,5.900828895584917,5.788514418050362,5.869726181030273,812531,0.0,0.0
2002-10-22 00:00:00-04:00,5.887004965076379,5.919834536094445,5.726308748999268,5.774689674377441,528019,0.0,0.0
2002-10-23 00:00:00-04:00,5.786788505775433,5.985498732367847,5.771237143702247,5.776421070098877,1582031,0.0,0.0
2002-10-24 00:00:00-04:00,5.785061185924129,5.88355246405552,5.785061185924129,5.788516998291016,4425638,0.0,0.0
2002-10-25 00:00:00-04:00,5.790243568189604,5.961307706942119,5.790243568189604,5.9284772872924805,808481,0.0,0.0
2002-10-28 00:00:00-05:00,5.928475924627817,6.149648656428996,5.928475924627817,6.023510932922363,1073756,0.0,0.0
2002-10-29 00:00:00-05:00,6.023513634393127,6.102997737845844,6.004507291596644,6.075351238250732,1237275,0.0,0.0
2002-10-30 00:00:00-05:00,6.0753510922952065,6.30689218930876,6.0753510922952065,6.289612293243408,1182600,0.0,0.0
2002-10-31 00:00:00-05:00,6.3155310235119035,6.453764767961954,6.2896122224973166,6.320714950561523,1431675,0.0,0.0
2002-11-01 00:00:00-05:00,6.306890555313652,6.41056489944458,6.305162023903157,6.41056489944458,1117294,0.0,0.0
2002-11-04 00:00:00-05:00,6.410565079964735,6.479681311331652,6.3760069642812764,6.445123195648193,946181,0.0,0.0
2002-11-05 00:00:00-05:00,6.453761942722832,6.453761942722832,6.27233041504532,6.337991237640381,817088,0.0,0.0
2002-11-06 00:00:00-05:00,6.363911270893597,6.477953459704289,6.294794211391211,6.4278435707092285,1251450,0.0,0.0
2002-11-07 00:00:00-05:00,6.41056512104814,6.4313004077077665,6.367367267608643,6.367367267608643,2510494,0.0,0.0
2002-11-08 00:00:00-05:00,6.369096588210701,6.42093376849073,6.272332600337822,6.303435325622559,872775,0.0,0.0
2002-11-11 00:00:00-05:00,6.289609451136163,6.358726501464844,6.255051343088394,6.358726501464844,557888,0.0,0.0
2002-11-12 00:00:00-05:00,6.376006989751446,6.381190915683006,6.248141126978536,6.29133939743042,602944,0.0,0.0
2002-11-13 00:00:00-05:00,6.2965240652751895,6.357000149413665,6.25505348716961,6.343177318572998,442969,0.0,0.0
2002-11-14 00:00:00-05:00,6.344902382110077,6.3500863065005,6.11681805126232,6.251595497131348,890494,0.0,0.0
2002-11-15 00:00:00-05:00,6.2343194847936045,6.3915595673952925,6.230863255436714,6.332809925079346,772538,0.0,0.0
2002-11-18 00:00:00-05:00,6.358728878624872,6.419206215992294,6.280972480773926,6.280972480773926,1139063,0.0,0.0
2002-11-19 00:00:00-05:00,6.36736830534325,6.36736830534325,6.059798938079291,6.085718154907227,1056544,0.0,0.0
2002-11-20 00:00:00-05:00,6.087444939005809,6.16865755522392,5.968219229034204,6.142738342285156,1904513,0.0,0.0
2002-11-21 00:00:00-05:00,6.211855590908852,6.54015895720211,6.203215853009899,6.488321781158447,1084894,0.0,0.0
2002-11-22 00:00:00-05:00,6.462404108489948,6.486595630645752,6.350089991721183,6.486595630645752,675338,0.0,0.0
2002-11-25 00:00:00-05:00,6.479680739661076,6.531519159962808,6.350087608723142,6.4278435707092285,755831,0.0,0.0
2002-11-26 00:00:00-05:00,6.436484134666505,6.438211831850006,6.2809713665520235,6.324169635772705,1178044,0.0,0.0
2002-11-27 00:00:00-05:00,6.3328064378193645,6.566075512601162,6.3328064378193645,6.514238357543945,883406,0.0,0.0
2002-11-29 00:00:00-05:00,6.512512150178243,6.562621626502769,6.445123198886641,6.44685173034668,297675,0.0,0.0
2002-12-02 00:00:00-05:00,6.462404332383896,6.609277831194729,6.4554931241406,6.559168338775635,862144,0.0,0.0
2002-12-03 00:00:00-05:00,6.560893236365316,6.560893236365316,6.496959686279297,6.496959686279297,1072744,0.0,0.0
2002-12-04 00:00:00-05:00,6.522879548788268,6.661113262176514,6.522879548788268,6.661113262176514,1330425,0.0,0.0
2002-12-05 00:00:00-05:00,6.687032053976389,6.756149127816422,6.585085391998291,6.585085391998291,1607850,0.0,0.0
2002-12-06 00:00:00-05:00,6.496958054508657,6.666294429494963,6.496958054508657,6.514238357543945,988706,0.0,0.0
2002-12-09 00:00:00-05:00,6.481410335390132,6.652473646699381,6.45376384074218,6.5228800773620605,1604306,0.0,0.0
2002-12-10 00:00:00-05:00,6.505599277804003,6.510783202722019,6.332807481130143,6.393284797668457,1351688,0.0,0.0
2002-12-11 00:00:00-05:00,6.391558554338695,6.393286251626556,6.336265150143596,6.372550964355469,456638,0.0,0.0
2002-12-12 00:00:00-05:00,6.384645755488985,6.488320928180167,6.324169266613513,6.350087642669678,1068694,0.0,0.0
2002-12-13 00:00:00-05:00,6.393286206417672,6.393286206417672,6.322441441549394,6.346632957458496,600413,0.0,0.0
2002-12-16 00:00:00-05:00,6.303433660719825,6.341448000001312,6.211854457855225,6.211854457855225,2357100,0.0,0.0
2002-12-17 00:00:00-05:00,6.21703786552377,6.436483758951207,6.198031112031466,6.350087642669678,1841738,0.0,0.0
2002-12-18 00:00:00-05:00,6.358727050974026,6.471041537510137,6.306889884422704,6.3967413902282715,1002881,0.0,0.0
2002-12-19 00:00:00-05:00,6.3932868552246624,6.433028901997711,6.280972338942853,6.303435325622559,994781,0.0,0.0
2002-12-20 00:00:00-05:00,6.3120746042016425,6.5660786628723145,6.277516484249881,6.5660786628723145,2895244,0.0,0.0
2002-12-23 00:00:00-05:00,6.555708696209288,6.695670079682157,6.54534126356622,6.550525188446045,1692900,0.0,0.0
2002-12-24 00:00:00-05:00,6.548797014302018,6.600634173739579,6.507326452518865,6.5211501121521,593831,0.0,0.0
2002-12-26 00:00:00-05:00,6.531521576517688,6.669754078199686,6.531521576517688,6.5833587646484375,742669,0.0,0.0
2002-12-27 00:00:00-05:00,6.583358241316407,6.583358241316407,6.5142419959696785,6.515969276428223,629775,0.0,0.0
2002-12-30 00:00:00-05:00,6.51424095990808,6.643834107880347,6.4883217463502705,6.605820178985596,895556,0.0,0.0
2002-12-31 00:00:00-05:00,6.602364062741213,6.8356328175725976,6.602364062741213,6.671481132507324,1892869,0.0,0.0
2003-01-02 00:00:00-05:00,6.6714805670418915,6.9082046964688155,6.6714805670418915,6.721590042114258,1533938,0.0,0.0
2003-01-03 00:00:00-05:00,6.730230979184796,6.773428841667877,6.687032699584961,6.687032699584961,1124381,0.0,0.0
2003-01-06 00:00:00-05:00,6.68703208270348,6.773428216816317,6.5626224337604215,6.5660786628723145,2260406,0.0,0.0
2003-01-07 00:00:00-05:00,6.557437976275573,6.56435043393968,6.358728176966734,6.431300640106201,1951594,0.0,0.0
2003-01-08 00:00:00-05:00,6.436484954906236,6.5574383722480105,6.34144950131978,6.414021968841553,1534950,0.0,0.0
2003-01-09 00:00:00-05:00,6.4364844896556255,6.6265549659729,6.4364844896556255,6.6265549659729,1488881,0.0,0.0
2003-01-10 00:00:00-05:00,6.600636245891934,6.602363943190624,6.450307393538558,6.4986891746521,1443319,0.0,0.0
2003-01-13 00:00:00-05:00,6.540159869979958,6.543616099315257,6.350089363725953,6.382919788360596,1283850,0.0,0.0
2003-01-14 00:00:00-05:00,6.384644873942383,6.3932846095126115,6.280970132682507,6.358726501464844,2011331,0.0,0.0
2003-01-15 00:00:00-05:00,6.360457956067799,6.360457956067799,6.082263144901182,6.147924423217773,3620194,0.0,0.0
2003-01-16 00:00:00-05:00,6.15483403987323,6.391559035654317,6.15483403987323,6.374279975891113,1630125,0.0,0.0
2003-01-17 00:00:00-05:00,6.367368919718654,6.367368919718654,6.177297981574755,6.2377753257751465,1463063,0.0,0.0
2003-01-21 00:00:00-05:00,6.255053953043151,6.2982518146856865,6.160018490582875,6.189393520355225,1210444,0.0,0.0
2003-01-22 00:00:00-05:00,6.1755705488917005,6.253326958864505,6.134100797266307,6.135828495025635,1042369,0.0,0.0
2003-01-23 00:00:00-05:00,6.151378885710643,6.2533259679772994,6.082261809720194,6.23431921005249,1496475,0.0,0.0
2003-01-24 00:00:00-05:00,6.223950867131371,6.223950867131371,6.051159036559697,6.12545919418335,1783519,0.0,0.0
2003-01-27 00:00:00-05:00,6.116821214497234,6.198033013090178,5.964764220103519,6.030425071716309,991238,0.0,0.0
2003-01-28 00:00:00-05:00,6.073621590540478,6.0978118528027165,5.918108828897791,5.98722505569458,1425600,0.0,0.0
2003-01-29 00:00:00-05:00,5.987224779091936,5.988953310356956,5.878366518357797,5.93538761138916,1097044,0.0,0.0
2003-01-30 00:00:00-05:00,5.944026852166991,6.028694421637103,5.926747798919678,5.926747798919678,985669,0.0,0.0
2003-01-31 00:00:00-05:00,5.9284764763727775,6.014871756900823,5.926748779320528,6.004505157470703,480431,0.0,0.0
2003-02-03 00:00:00-05:00,5.961306375598237,6.125458020069618,5.961306375598237,6.013143539428711,796838,0.0,0.0
2003-02-04 00:00:00-05:00,5.987224642038654,5.992408567248575,5.835168536474602,5.957850456237793,2234081,0.0,0.0
2003-02-05 00:00:00-05:00,5.978586747093258,6.013144863925583,5.883551300129344,5.91810941696167,1480781,0.0,0.0
2003-02-06 00:00:00-05:00,5.918108680675815,5.961306947016842,5.864543814808182,5.874910831451416,1571400,0.0,0.0
2003-02-07 00:00:00-05:00,5.8921898437586275,5.9198363335786635,5.800610637671445,5.819618225097656,1303594,0.0,0.0
2003-02-10 00:00:00-05:00,5.823076525216704,5.978589370552656,5.823076525216704,5.944031238555908,1233225,0.0,0.0
2003-02-11 00:00:00-05:00,5.935388939721337,5.942300563628519,5.7988841589961275,5.802339553833008,1475719,0.0,0.0
2003-02-12 00:00:00-05:00,5.805793020700313,5.873181952250552,5.752227331380931,5.850718975067139,1121850,0.0,0.0
2003-02-13 00:00:00-05:00,5.866271511876512,5.957850718646929,5.821345965583782,5.874910831451416,1591650,0.0,0.0
2003-02-14 00:00:00-05:00,5.876638792235169,5.876638792235169,5.788514571040091,5.857631206512451,853538,0.0,0.0
2003-02-18 00:00:00-05:00,5.855904845591483,5.975130558013916,5.835169558237568,5.975130558013916,1273219,0.0,0.0
2003-02-19 00:00:00-05:00,5.961304843645984,5.961304843645984,5.874908758564321,5.907739162445068,1083881,0.0,0.0
2003-02-20 00:00:00-05:00,5.890463033683813,5.892190730999408,5.313339134854768,5.636459827423096,13310831,0.0,0.0
2003-02-21 00:00:00-05:00,5.6364604861531795,5.805795698705981,5.59153451106361,5.7867889404296875,2730206,0.0,0.0
2003-02-24 00:00:00-05:00,5.793700045347174,5.793700045347174,5.6675618703240955,5.691753387451172,1921219,0.0,0.0
2003-02-25 00:00:00-05:00,5.65028161439419,5.684839725494385,5.546607281093609,5.684839725494385,1510144,0.0,0.0
2003-02-26 00:00:00-05:00,5.68656844151214,5.728038176179952,5.624363422393799,5.624363422393799,705713,0.0,0.0
2003-02-27 00:00:00-05:00,5.624363530022879,5.655465831618918,5.546607567474465,5.65028190612793,2019431,0.0,0.0
2003-02-28 00:00:00-05:00,5.655464724947753,5.750499725341797,5.6330017474101135,5.750499725341797,527006,0.0,0.0
2003-03-03 00:00:00-05:00,5.771235905995187,5.823073073260898,5.6157235699648265,5.626091003417969,1927294,0.0,0.0
2003-03-04 00:00:00-05:00,5.624364559533849,5.658923095860731,5.555247486880086,5.59153413772583,1228669,0.0,0.0
2003-03-05 00:00:00-05:00,5.5984452983650685,5.69693655564018,5.596717601105859,5.6675615310668945,924919,0.0,0.0
2003-03-06 00:00:00-05:00,5.650282051256358,5.731494661412443,5.615723937484239,5.696936130523682,1707075,0.0,0.0
2003-03-07 00:00:00-05:00,5.684840255775312,5.791971661528941,5.683112558617448,5.714215278625488,1065656,0.0,0.0
2003-03-10 00:00:00-05:00,5.715943446560751,5.745318054713635,5.603629357199749,5.676201820373535,1214494,0.0,0.0
2003-03-11 00:00:00-05:00,5.6934808106870225,5.724583532883792,5.681385261264204,5.705575942993164,1334981,0.0,0.0
2003-03-12 00:00:00-05:00,5.698664252899389,5.7107598021805455,5.619180585292289,5.6675615310668945,1315238,0.0,0.0
2003-03-13 00:00:00-05:00,5.684840800635656,5.859361171722412,5.669290273374501,5.859361171722412,946181,0.0,0.0
2003-03-14 00:00:00-05:00,5.874911113945674,5.963034930816852,5.812706091278764,5.899102210998535,1315238,0.0,0.0
2003-03-17 00:00:00-05:00,5.899102384955326,5.96994631258501,5.805794639645113,5.9630351066589355,1835663,0.0,0.0
2003-03-18 00:00:00-05:00,5.963034237739185,6.087443851496353,5.963034237739185,6.068437099456787,1045406,0.0,0.0
2003-03-19 00:00:00-05:00,6.082259718213866,6.082259718213866,6.004504598649988,6.023510932922363,938081,0.0,0.0
2003-03-20 00:00:00-05:00,6.023510991116824,6.0304226129825995,5.919835828897022,5.992408275604248,1057556,0.0,0.0
2003-03-21 00:00:00-05:00,5.978585145142448,6.175567192539087,5.978585145142448,6.166928291320801,1240819,0.0,0.0
2003-03-24 00:00:00-05:00,6.1410101202256655,6.1410101202256655,5.959579399209139,5.98722505569458,628256,0.0,0.0
2003-03-25 00:00:00-05:00,5.985497074407094,5.994136810302734,5.9025567777353976,5.994136810302734,1278788,0.0,0.0
2003-03-26 00:00:00-05:00,5.987226951624628,6.004507265145763,5.874912838955863,5.940573692321777,917831,0.0,0.0
2003-03-27 00:00:00-05:00,5.942299571659903,6.064981501207739,5.918108892022998,6.054614067077637,1264106,0.0,0.0
2003-03-28 00:00:00-05:00,6.0546172096030855,6.13410174675531,6.0546172096030855,6.087447643280029,682931,0.0,0.0
2003-03-31 00:00:00-05:00,6.039063428999082,6.042518406078104,5.961307048797607,5.961307048797607,634331,0.0,0.0
2003-04-01 00:00:00-05:00,5.96476161937985,6.030422442363555,5.931932042121149,6.0269670486450195,834300,0.0,0.0
2003-04-02 00:00:00-05:00,6.108181475084114,6.108181475084114,5.961308824878381,6.030425071716309,1717706,0.0,0.0
2003-04-03 00:00:00-05:00,6.030423250304539,6.030423250304539,5.935387813931483,5.980313777923584,1322325,0.0,0.0
2003-04-04 00:00:00-05:00,5.997592181721275,6.047701648649027,5.982041658247014,6.013143539428711,747225,0.0,0.0
2003-04-07 00:00:00-04:00,6.04770380409967,6.246414462846628,6.04770380409967,6.085718154907227,1102106,0.0,0.0
2003-04-08 00:00:00-04:00,6.099540971348645,6.242957364316956,6.0857173075418505,6.180752754211426,1589625,0.0,0.0
2003-04-09 00:00:00-04:00,6.180752186046734,6.220494225185879,6.160016900800967,6.163473129272461,1013006,0.0,0.0
2003-04-10 00:00:00-04:00,6.165201663970947,6.189392763858073,6.151378416673558,6.165201663970947,583200,0.0,0.0
2003-04-11 00:00:00-04:00,6.185936228188055,6.215310416699445,6.118547279823742,6.161745548248291,345769,0.0,0.0
2003-04-14 00:00:00-04:00,6.151378548439406,6.293067670506088,6.151378548439406,6.279244422912598,490556,0.0,0.0
2003-04-15 00:00:00-04:00,6.306891538382025,6.4019269943237305,6.298251382682709,6.4019269943237305,1008450,0.0,0.0
2003-04-16 00:00:00-04:00,6.403654275930632,6.427844541310919,6.230862435316431,6.263692855834961,1276256,0.0,0.0
2003-04-17 00:00:00-04:00,6.263693498144035,6.35008921875222,6.229135376747454,6.329354763031006,470813,0.0,0.0
2003-04-21 00:00:00-04:00,6.341449246678855,6.37600736453168,6.255053117813409,6.263692855834961,708750,0.0,0.0
2003-04-22 00:00:00-04:00,6.255051343088394,6.374277858644626,6.185935126992859,6.358726501464844,954281,0.0,0.0
2003-04-23 00:00:00-04:00,6.350089667180725,6.38464779101772,5.7453191630992135,5.845538139343262,8892281,0.0,0.0
2003-04-24 00:00:00-04:00,5.845537023347286,5.845537023347286,5.572526228689611,5.57943868637085,6332175,0.0,0.0
2003-04-25 00:00:00-04:00,5.589804294293937,5.684839725494385,5.560430108417077,5.684839725494385,2321663,0.0,0.0
2003-04-28 00:00:00-04:00,5.684839685730497,5.766052289039416,5.633002519442792,5.695207118988037,3017756,0.0,0.0
2003-04-29 00:00:00-04:00,5.690024944451227,5.821347047840326,5.68484101804923,5.7090325355529785,1518750,0.0,0.0
2003-04-30 00:00:00-04:00,5.710760755354531,5.831715017004357,5.64164409399988,5.812707424163818,2553019,0.0,0.0
2003-05-01 00:00:00-04:00,5.790241890084811,5.797153511469355,5.712485940950419,5.757411479949951,1288913,0.0,0.0
2003-05-02 00:00:00-04:00,5.762596745645356,5.843808941488664,5.7193993104971295,5.740133762359619,1134000,0.0,0.0
2003-05-05 00:00:00-04:00,5.728037242474322,5.823072244155075,5.702118871090106,5.8178887367248535,648506,0.0,0.0
2003-05-06 00:00:00-04:00,5.852447841197238,5.852447841197238,5.6986636149756835,5.710759162902832,2580356,0.0,0.0
2003-05-07 00:00:00-04:00,5.710758075801141,5.740132257261177,5.645096840350649,5.703846454620361,1559756,0.0,0.0
2003-05-08 00:00:00-04:00,5.677927476095222,5.736677092709337,5.6710162717551995,5.728037357330322,612056,0.0,0.0
2003-05-09 00:00:00-04:00,5.745316316516128,5.829983886525625,5.743588619738667,5.798882007598877,1326881,0.0,0.0
2003-05-12 00:00:00-04:00,5.805796784947891,5.80925301486303,5.7643274484847975,5.793701648712158,1479263,0.0,0.0
2003-05-13 00:00:00-04:00,5.7885156762504675,5.81961881468231,5.736678502586284,5.74877405166626,1092488,0.0,0.0
2003-05-14 00:00:00-04:00,5.726309548219817,5.73667698020137,5.698662645819118,5.702118873596191,1562288,0.0,0.0
2003-05-15 00:00:00-04:00,5.703848465695122,5.753957945481746,5.650282756982958,5.729766845703125,1375481,0.0,0.0
2003-05-16 00:00:00-04:00,5.731493450586772,5.7556837080002206,5.633001804351807,5.633001804351807,1840219,0.0,0.0
2003-05-19 00:00:00-04:00,5.6330038807780385,5.667561999988213,5.579439004560623,5.59153413772583,1396238,0.0,0.0
2003-05-20 00:00:00-04:00,5.598445141006241,5.605356346965494,5.49131456621292,5.54487943649292,972506,0.0,0.0
2003-05-21 00:00:00-04:00,5.558703491511206,5.567342395289934,5.499953856992237,5.529329299926758,982125,0.0,0.0
2003-05-22 00:00:00-04:00,5.537968567682765,5.582894540911737,5.529329663336255,5.569071292877197,837844,0.0,0.0
2003-05-23 00:00:00-04:00,5.569069755435225,5.8956453600026615,5.569069755435225,5.854176044464111,3947738,0.0,0.0
2003-05-27 00:00:00-04:00,5.831714584174736,5.90083082328284,5.779876570610234,5.804068088531494,1685306,0.0,0.0
2003-05-28 00:00:00-04:00,5.810980291775604,5.840354906991979,5.752230644226074,5.752230644226074,1104638,0.0,0.0
2003-05-29 00:00:00-04:00,5.745319190317164,5.848994396552827,5.745319190317164,5.824802875518799,1330425,0.0,0.0
2003-05-30 00:00:00-04:00,5.80579414954666,5.885278224945068,5.80579414954666,5.885278224945068,994781,0.0,0.0
2003-06-02 00:00:00-04:00,5.885276189348517,5.9302021369115305,5.798880938489796,5.8006086349487305,791775,0.0,0.0
2003-06-03 00:00:00-04:00,5.8006093309427005,5.8040655585082295,5.612266201564405,5.677927017211914,1595194,0.0,0.0
2003-06-04 00:00:00-04:00,5.667560556742813,5.874910470552285,5.667560556742813,5.873182773590088,1575956,0.0,0.0
2003-06-05 00:00:00-04:00,5.855904627688905,5.855904627688905,5.731494993778199,5.74877405166626,1185638,0.0,0.0
2003-06-06 00:00:00-04:00,5.7487729540438135,5.8749102611013955,5.7487729540438135,5.857631206512451,2564156,0.0,0.0
2003-06-09 00:00:00-04:00,5.848993536951472,5.850721234339213,5.774692538477728,5.776421070098877,1490400,0.0,0.0
2003-06-10 00:00:00-04:00,5.800611229669048,5.80579473848101,5.698664162378236,5.717670917510986,853031,0.0,0.0
2003-06-11 00:00:00-04:00,5.710758191689209,5.719397926898781,5.679655895744547,5.702118873596191,1737956,0.0,0.0
2003-06-12 00:00:00-04:00,5.719401403428544,5.847266475590303,5.719401403428544,5.833443641662598,1108181,0.0,0.0
2003-06-13 00:00:00-04:00,5.85763227399193,6.064981801079258,5.85763227399193,6.021784782409668,2412281,0.0,0.0
2003-06-16 00:00:00-04:00,6.047701876625006,6.211854361517501,6.047701876625006,6.192846775054932,1662525,0.0,0.0
2003-06-17 00:00:00-04:00,6.220496045916092,6.358729374804247,6.217039816432965,6.289612293243408,2788931,0.0,0.0
2003-06-18 00:00:00-04:00,6.289611107730375,6.401926448375891,6.280971787001245,6.362183570861816,4063669,0.0,0.0
2003-06-19 00:00:00-04:00,6.362182798084149,6.384645780061467,6.32416929095324,6.331080913543701,1536975,0.0,0.0
2003-06-20 00:00:00-04:00,6.324171456190258,6.329355383466266,6.180754195544132,6.227407455444336,930994,0.0,0.0
2003-06-23 00:00:00-04:00,6.229136151939364,6.229136151939364,6.096086742329944,6.137556076049805,680906,0.0,0.0
2003-06-24 00:00:00-04:00,6.15137803076767,6.192847770058237,6.104723948390778,6.182480335235596,671794,0.0,0.0
2003-06-25 00:00:00-04:00,6.194574077867285,6.203214230623181,6.11854623955421,6.144465446472168,2152069,0.0,0.0
2003-06-26 00:00:00-04:00,6.14446599591407,6.198030860047979,6.130642334231723,6.151377201080322,571050,0.0,0.0
2003-06-27 00:00:00-04:00,6.151377781834742,6.151377781834742,6.0511588321548455,6.109907627105713,1056038,0.0,0.0
2003-06-30 00:00:00-04:00,6.109907469586161,6.192847359789292,6.051158676149896,6.056342601776123,988706,0.0,0.0
2003-07-01 00:00:00-04:00,6.056343374327391,6.056343374327391,5.859361266386522,6.02005672454834,2755519,0.0,0.0
2003-07-02 00:00:00-04:00,6.047702603570495,6.1168196671577615,6.047702603570495,6.109907627105713,1010475,0.0,0.0
2003-07-03 00:00:00-04:00,6.039063453674316,6.056342510306367,6.030423299683338,6.039063453674316,572569,0.0,0.0
2003-07-07 00:00:00-04:00,6.044246310432336,6.104722793565795,6.044246310432336,6.071893215179443,2120681,0.0,0.0
2003-07-08 00:00:00-04:00,6.082260171865523,6.2464126617433084,6.032150701527012,6.229133605957031,1015031,0.0,0.0
2003-07-09 00:00:00-04:00,6.237772925291862,6.272331036864417,6.147921418086606,6.229133605957031,990225,0.0,0.0
2003-07-10 00:00:00-04:00,6.241230826903828,6.25159826315521,6.135827515556289,6.156562805175781,1014019,0.0,0.0
2003-07-11 00:00:00-04:00,6.156563034555086,6.15829073210299,6.066711499912051,6.113365173339844,1797188,0.0,0.0
2003-07-14 00:00:00-04:00,6.116818542696291,6.170383402040398,6.075348395590765,6.144465446472168,644456,0.0,0.0
2003-07-15 00:00:00-04:00,6.151379425789538,6.151379425789538,6.033881387369827,6.047704219818115,1141088,0.0,0.0
2003-07-16 00:00:00-04:00,6.064982864868226,6.092629779214649,6.0269693482941396,6.085718154907227,1731375,0.0,0.0
2003-07-17 00:00:00-04:00,6.07362074285873,6.120273980876956,5.997592069760141,6.016599655151367,1322831,0.0,0.0
2003-07-18 00:00:00-04:00,6.021786252558788,6.066711813645209,6.016602325413511,6.047704219818115,558900,0.0,0.0
2003-07-21 00:00:00-04:00,6.039064066939138,6.094357470893362,5.995865795297288,6.0148725509643555,774563,0.0,0.0
2003-07-22 00:00:00-04:00,6.030423250304539,6.063253666194929,5.975129852418098,5.980313777923584,751275,0.0,0.0
2003-07-23 00:00:00-04:00,5.9613058650651345,5.9613058650651345,5.455026479971457,5.848991394042969,11884219,0.0,0.0
2003-07-24 00:00:00-04:00,5.847262555747035,5.8489910866440535,5.771234725969162,5.816160678863525,2630475,0.0,0.0
2003-07-25 00:00:00-04:00,5.817890812805101,5.823074322085026,5.750501855232431,5.776421070098877,1515713,0.0,0.0
2003-07-28 00:00:00-04:00,5.762597223692818,5.857632673406075,5.762597223692818,5.809251308441162,1217025,0.0,0.0
2003-07-29 00:00:00-04:00,5.771236822863595,5.850720909081826,5.755685461654951,5.831714153289795,1291950,0.0,0.0
2003-07-30 00:00:00-04:00,5.831714153289795,5.8334418505814885,5.786788184072238,5.831714153289795,1405856,0.0,0.0
2003-07-31 00:00:00-04:00,5.857633187555854,5.888735913451438,5.831714805465171,5.866272926330566,976050,0.0,0.0
2003-08-01 00:00:00-04:00,5.857633662745495,5.8593621946040795,5.7280400733121315,5.788516998291016,854550,0.0,0.0
2003-08-04 00:00:00-04:00,5.779875281904017,5.831713283910491,5.753956906575708,5.781603813171387,687488,0.0,0.0
2003-08-05 00:00:00-04:00,5.805796017132391,5.83862686004983,5.759142759083288,5.760870456695557,1057050,0.0,0.0
2003-08-06 00:00:00-04:00,5.771236896514893,5.8057950139565895,5.714215794177749,5.771236896514893,735581,0.0,0.0
2003-08-07 00:00:00-04:00,5.762595351596977,5.764323882602069,5.677927364739455,5.702118873596191,1291444,0.0,0.0
2003-08-08 00:00:00-04:00,5.702120548434276,5.719399606812105,5.658922693931365,5.705575942993164,703181,0.0,0.0
2003-08-11 00:00:00-04:00,5.705574267140154,5.71248588846119,5.690022910609546,5.702118873596191,708750,0.0,0.0
2003-08-12 00:00:00-04:00,5.702120982685696,5.715943813323975,5.684841088758542,5.715943813323975,369563,0.0,0.0
2003-08-13 00:00:00-04:00,5.714215680740417,5.715943378019861,5.671017826237507,5.705575942993164,715331,0.0,0.0
2003-08-14 00:00:00-04:00,5.715943813323975,5.728039363667944,5.688297317813999,5.715943813323975,792281,0.0,0.0
2003-08-15 00:00:00-04:00,5.728038539978842,5.753957334350689,5.715942991374207,5.7228546142578125,488025,0.0,0.0
2003-08-18 00:00:00-04:00,5.733222814217701,5.848993555770152,5.722855378507789,5.8230743408203125,1005919,0.0,0.0
2003-08-19 00:00:00-04:00,5.840352999751083,5.926749119470855,5.838625302599677,5.899102210998535,817594,0.0,0.0
2003-08-20 00:00:00-04:00,5.89219159698622,5.926750553777565,5.8749125357072955,5.897375106811523,521944,0.0,0.0
2003-08-21 00:00:00-04:00,5.897375053532196,5.954396998029358,5.862816931286559,5.938845634460449,1376494,0.0,0.0
2003-08-22 00:00:00-04:00,5.944029323952798,5.988954881077812,5.866272926330566,5.866272926330566,811013,0.0,0.0
2003-08-25 00:00:00-04:00,5.883551328790806,5.888735254899247,5.828257924473047,5.831714153289795,1509638,0.0,0.0
2003-08-26 00:00:00-04:00,5.831714153289795,5.840353473981623,5.805794939864269,5.831714153289795,2091319,0.0,0.0
2003-08-27 00:00:00-04:00,5.840352718918546,5.8835505681429465,5.840352718918546,5.874910831451416,1556719,0.0,0.0
2003-08-28 00:00:00-04:00,5.892191827977745,6.047704219818115,5.864545745964404,6.047704219818115,2110556,0.0,0.0
2003-08-29 00:00:00-04:00,6.047705583262346,6.116822680903461,6.045977885235589,6.087447643280029,1093500,0.0,0.0
2003-09-02 00:00:00-04:00,6.082261345953224,6.166930195558164,6.039064323823929,6.165201663970947,2072081,0.0,0.0
2003-09-03 00:00:00-04:00,6.165202517143564,6.220495931101603,6.153106965526156,6.2153120040893555,2151563,0.0,0.0
2003-09-04 00:00:00-04:00,6.2170385665959795,6.270604273181256,6.2135831720410275,6.248141288757324,892013,0.0,0.0
2003-09-05 00:00:00-04:00,6.248140395479576,6.261964057306444,6.184208097252973,6.217037677764893,1279294,0.0,0.0
2003-09-08 00:00:00-04:00,6.223951131223902,6.303434801038496,6.21358327891401,6.275788307189941,730519,0.0,0.0
2003-09-09 00:00:00-04:00,6.26714697150729,6.270603199703918,6.232588860707066,6.249867916107178,1287900,0.0,0.0
2003-09-10 00:00:00-04:00,6.246415049750777,6.265421809823667,6.2135846226474545,6.227407455444336,2249775,0.0,0.0
2003-09-11 00:00:00-04:00,6.227404421654264,6.289609433078224,6.217036989269699,6.260234832763672,750769,0.0,0.0
2003-09-12 00:00:00-04:00,6.255052160679501,6.296522729990541,6.23777310439709,6.293066501617432,807469,0.0,0.0
2003-09-15 00:00:00-04:00,6.293067256001692,6.3639120209270645,6.291339558724656,6.315529823303223,1620506,0.0,0.0
2003-09-16 00:00:00-04:00,6.324169978155111,6.324169978155111,6.24641358988824,6.315529823303223,1112738,0.0,0.0
2003-09-17 00:00:00-04:00,6.306891501243227,6.358728681083411,6.2723325471163385,6.343177318572998,717863,0.0,0.0
2003-09-18 00:00:00-04:00,6.263693498144035,6.376008018358022,6.182481287186969,6.329354763031006,2479613,0.0,0.0
2003-09-19 00:00:00-04:00,6.315529255163595,6.34663239163568,6.275787633083441,6.298250198364258,1312200,0.0,0.0
2003-09-22 00:00:00-04:00,6.272331854148494,6.272331854148494,6.149649916405562,6.182480335235596,2025506,0.0,0.0
2003-09-23 00:00:00-04:00,6.180752596650952,6.21185531802752,6.075349717650731,6.12545919418335,1118306,0.0,0.0
2003-09-24 00:00:00-04:00,6.142739290552449,6.160018351395689,6.064982891082764,6.064982891082764,541688,0.0,0.0
2003-09-25 00:00:00-04:00,6.064983281774431,6.116821301876906,6.01833002305076,6.047704219818115,773044,0.0,0.0
2003-09-26 00:00:00-04:00,6.049430179784923,6.056341801628986,5.997592181721275,6.013143539428711,746719,0.0,0.0
2003-09-29 00:00:00-04:00,6.030424210002795,6.120275735169584,6.0131451507623925,6.049431800842285,612563,0.0,0.0
2003-09-30 00:00:00-04:00,6.044248551324195,6.090902225055734,6.006234199621907,6.063255310058594,1180575,0.0,0.0
2003-10-01 00:00:00-04:00,6.082261213529054,6.237773993588908,6.059798228601518,6.225678443908691,1852369,0.0,0.0
2003-10-02 00:00:00-04:00,6.229132477873821,6.234316402229214,6.1427363803553625,6.173839092254639,646988,0.0,0.0
2003-10-03 00:00:00-04:00,6.1859353937776484,6.272330667623093,6.1859353937776484,6.255051612854004,1527863,0.0,0.0
2003-10-06 00:00:00-04:00,6.255053117813409,6.289611235666234,6.237774058886996,6.263692855834961,828225,0.0,0.0
2003-10-07 00:00:00-04:00,6.263690375631874,6.303432403984511,6.213580916028531,6.246411323547363,635344,0.0,0.0
2003-10-08 00:00:00-04:00,6.263691670194457,6.287882348112435,6.227405027642573,6.267147064208984,714319,0.0,0.0
2003-10-09 00:00:00-04:00,6.298248479800894,6.3155275318854045,6.201485788127636,6.246411323547363,774056,0.0,0.0
2003-10-10 00:00:00-04:00,6.246413829279762,6.246413829279762,6.1064528255754515,6.108180522918701,1156275,0.0,0.0
2003-10-13 00:00:00-04:00,6.099542152787753,6.13064446386482,6.009689780548173,6.030425071716309,1409400,0.0,0.0
2003-10-14 00:00:00-04:00,6.030423408402599,6.030423408402599,5.945755820820805,5.968218803405762,2509988,0.0,0.0
2003-10-15 00:00:00-04:00,5.968219340071775,5.969946620246485,5.721127343651868,5.76259708404541,5649750,0.0,0.0
2003-10-16 00:00:00-04:00,5.764325867628304,5.826530480938655,5.759141941294092,5.805795192718506,2660850,0.0,0.0
2003-10-17 00:00:00-04:00,5.804065159585903,5.804065159585903,5.738403931334862,5.7453155517578125,1451419,0.0,0.0
2003-10-20 00:00:00-04:00,5.753957560474345,5.786787979019994,5.726311067853447,5.74877405166626,999844,0.0,0.0
2003-10-21 00:00:00-04:00,5.745320069759819,5.7539598106408745,5.658924746533412,5.693482875823975,1477238,0.0,0.0
2003-10-22 00:00:00-04:00,5.691751419586349,5.691751419586349,5.615722751116091,5.633001804351807,1097044,0.0,0.0
2003-10-23 00:00:00-04:00,5.5984453935075225,5.952667552032547,5.512050101162,5.9284772872924805,5949956,0.0,0.0
2003-10-24 00:00:00-04:00,5.874910992791774,5.944028053988901,5.843808690658041,5.930204391479492,1814400,0.0,0.0
2003-10-27 00:00:00-05:00,5.937115719495939,6.013144404957333,5.857632056848379,5.899102210998535,1627088,0.0,0.0
2003-10-28 00:00:00-05:00,5.909467693136762,5.95093699642766,5.8835484922074315,5.907739162445068,585731,0.0,0.0
2003-10-29 00:00:00-05:00,5.890463321029016,5.995866210156015,5.8800954681629385,5.9785871505737305,673819,0.0,0.0
2003-10-30 00:00:00-05:00,5.990681852613019,5.9958657786730045,5.933660751536558,5.9371161460876465,628763,0.0,0.0
2003-10-31 00:00:00-05:00,5.93711488356146,6.013143558318162,5.93711488356146,5.992408275604248,709763,0.0,0.0
2003-11-03 00:00:00-05:00,6.001049968099825,6.0304241600066275,5.982043211651311,6.02005672454834,1637719,0.0,0.0
2003-11-04 00:00:00-05:00,6.025239190564188,6.040790966734171,6.004505157470703,6.004505157470703,1202344,0.0,0.0
2003-11-05 00:00:00-05:00,5.995865003742964,6.021784213576312,5.964762285636245,6.004505157470703,698625,0.0,0.0
2003-11-06 00:00:00-05:00,5.9993217987921525,6.030423685603591,5.963035151867709,6.021784782409668,805444,0.0,0.0
2003-11-07 00:00:00-05:00,6.030424885267252,6.142739408581474,6.030424885267252,6.063255310058594,1159819,0.0,0.0
2003-11-10 00:00:00-05:00,6.071894786413157,6.08571761668878,6.047703269243197,6.049431800842285,600413,0.0,0.0
2003-11-11 00:00:00-05:00,6.0494300240109915,6.063252850226591,6.004504483181423,6.025238513946533,849994,0.0,0.0
2003-11-12 00:00:00-05:00,6.0304239387648195,6.0373355621501075,5.982042992184483,5.995865821838379,520931,0.0,0.0
2003-11-13 00:00:00-05:00,5.994138124550397,6.0304239387648195,5.980314460663141,5.995865821838379,797344,0.0,0.0
2003-11-14 00:00:00-05:00,6.013143388187995,6.080531908030969,5.995864334012435,6.0269670486450195,512325,0.0,0.0
2003-11-17 00:00:00-05:00,6.004505294630792,6.004505294630792,5.926748914704438,5.98204231262207,591300,0.0,0.0
2003-11-18 00:00:00-05:00,5.9561237158378155,5.995865758441351,5.9561237158378155,5.959579944610596,691031,0.0,0.0
2003-11-19 00:00:00-05:00,5.961307728305775,5.994138148073069,5.952667573365239,5.975130558013916,497138,0.0,0.0
2003-11-20 00:00:00-05:00,5.978586444662443,6.004505656650564,5.959579689924473,5.983770370483398,1375481,0.0,0.0
2003-11-21 00:00:00-05:00,6.009689866397456,6.0597993546291535,5.999323263457195,6.047704219818115,734569,0.0,0.0
2003-11-24 00:00:00-05:00,6.047704292116363,6.134100437164307,6.047704292116363,6.134100437164307,984150,0.0,0.0
2003-11-25 00:00:00-05:00,6.168656241533616,6.337991392711502,6.166928544642303,6.325896263122559,2634019,0.0,0.0
2003-11-26 00:00:00-05:00,6.3414489787776835,6.388102227349737,6.3414489787776835,6.384646415710449,1784025,0.0,0.0
2003-11-28 00:00:00-05:00,6.384645061843959,6.4071076241778,6.3742780462410975,6.393284797668457,354375,0.0,0.0
2003-12-01 00:00:00-05:00,6.395013850628313,6.4036540054015445,6.367367357514008,6.384646415710449,1329413,0.0,0.0
2003-12-02 00:00:00-05:00,6.358726273631958,6.436482639628288,6.3345347646321555,6.36391019821167,1167919,0.0,0.0
2003-12-03 00:00:00-05:00,6.341449621136683,6.417477484902287,6.3362656945943066,6.343177318572998,2548463,0.0,0.0
2003-12-04 00:00:00-05:00,6.337993851997935,6.360456840117247,6.303435729596492,6.332809925079346,1036294,0.0,0.0
2003-12-05 00:00:00-05:00,6.324169566869128,6.355271452766513,6.2861552238464355,6.2861552238464355,889988,0.0,0.0
2003-12-08 00:00:00-05:00,6.306893236394766,6.358730430496392,6.306893236394766,6.355274200439453,478406,0.0,0.0
2003-12-09 00:00:00-05:00,6.367367415481137,6.3846464738348825,6.306890919801366,6.315529823303223,1280813,0.0,0.0
2003-12-10 00:00:00-05:00,6.324170187752442,6.334536788874908,6.237774058886996,6.263692855834961,1002881,0.0,0.0
2003-12-11 00:00:00-05:00,6.263693183827618,6.358728638574371,6.263693183827618,6.35354471206665,572063,0.0,0.0
2003-12-12 00:00:00-05:00,6.35872737943282,6.386374286804896,6.325896963696163,6.350087642669678,689006,0.0,0.0
2003-12-15 00:00:00-05:00,6.37600719316455,6.396742480435637,6.318986091681591,6.372550964355469,813544,0.0,0.0
2003-12-16 00:00:00-05:00,6.40192399169042,6.40192399169042,6.282697073367272,6.306888580322266,756844,0.0,0.0
2003-12-17 00:00:00-05:00,6.350087616996995,6.350087616996995,6.22049406877358,6.272331237792969,1060594,0.0,0.0
2003-12-18 00:00:00-05:00,6.263693420290403,6.280972480773926,6.1496507868656956,6.280972480773926,1789594,0.0,0.0
2003-12-19 00:00:00-05:00,6.280972104277467,6.376007556915283,6.2723323659952275,6.376007556915283,1658981,0.0,0.0
2003-12-22 00:00:00-05:00,6.374277591992036,6.403652191162109,6.341447182161751,6.403652191162109,700650,0.0,0.0
2003-12-23 00:00:00-05:00,6.410562796079963,6.514238357543945,6.401923895911868,6.514238357543945,825188,0.0,0.0
2003-12-24 00:00:00-05:00,6.521152468693255,6.57126194948251,6.490049744674612,6.540159225463867,595350,0.0,0.0
2003-12-26 00:00:00-05:00,6.531520800604963,6.5574387659162365,6.512513208206523,6.541888236999512,268313,0.0,0.0
2003-12-29 00:00:00-05:00,6.524609130102094,6.579902548001016,6.524609130102094,6.552255630493164,621675,0.0,0.0
2003-12-30 00:00:00-05:00,6.553980441930502,6.574714888336652,6.514238828736939,6.569530963897705,613069,0.0,0.0
2003-12-31 00:00:00-05:00,6.56435149891208,6.566079196491718,6.479682638240794,6.526337146759033,819113,0.0,0.0
2004-01-02 00:00:00-05:00,6.526335281454514,6.550525960472719,6.436483770841698,6.484864711761475,473850,0.0,0.0
2004-01-05 00:00:00-05:00,6.5194235526522695,6.574716115247755,6.512511513071632,6.555709362030029,1316756,0.0,0.0
2004-01-06 00:00:00-05:00,6.538430665685091,6.566077574179202,6.491777420043945,6.491777420043945,706219,0.0,0.0
2004-01-07 00:00:00-05:00,6.5021447892593995,6.54879929176956,6.483138032747281,6.5228800773620605,2000700,0.0,0.0
2004-01-08 00:00:00-05:00,6.540159136517031,6.557438195672001,6.490049656409269,6.5228800773620605,578644,0.0,0.0
2004-01-09 00:00:00-05:00,6.5315192474572115,6.5315192474572115,6.376006487168579,6.377734184265137,474863,0.0,0.0
2004-01-12 00:00:00-05:00,6.393286014783748,6.476226326562166,6.376006956961855,6.4744977951049805,545231,0.0,0.0
2004-01-13 00:00:00-05:00,6.483135230276583,6.52287725771204,6.441665923347326,6.514238357543945,656100,0.0,0.0
2004-01-14 00:00:00-05:00,6.52288129101832,6.576447010040283,6.52288129101832,6.576447010040283,997819,0.0,0.0
2004-01-15 00:00:00-05:00,6.57471714437388,6.57471714437388,6.427844518349001,6.458947658538818,806456,0.0,0.0
2004-01-16 00:00:00-05:00,6.476226056804527,6.476226056804527,6.414021034120104,6.424388885498047,604463,0.0,0.0
2004-01-20 00:00:00-05:00,6.436483743961412,6.443394949392548,6.291338836225087,6.438211441040039,1472175,0.0,0.0
2004-01-21 00:00:00-05:00,6.441668492368996,6.452035093281743,6.389830065288388,6.431300640106201,828731,0.0,0.0
2004-01-22 00:00:00-05:00,6.433026715091736,6.460673201842669,6.393284681828982,6.395012378692627,418669,0.0,0.0
2004-01-23 00:00:00-05:00,6.41056489944458,6.441668036917164,6.393285842089425,6.41056489944458,1915144,0.0,0.0
2004-01-26 00:00:00-05:00,6.405381386560937,6.507328033447266,6.377734477694317,6.507328033447266,842400,0.0,0.0
2004-01-27 00:00:00-05:00,6.514240383802866,6.514240383802866,6.426116150003204,6.481409549713135,626231,0.0,0.0
2004-01-28 00:00:00-05:00,6.48832254326311,6.528064591456278,6.4416692879023625,6.44339656829834,929475,0.0,0.0
2004-01-29 00:00:00-05:00,6.462401976889504,6.471042131115555,6.410564805583025,6.424388885498047,717863,0.0,0.0
2004-01-30 00:00:00-05:00,6.4226600623723575,6.431299799089313,6.41402074277203,6.4278435707092285,640406,0.0,0.0
2004-02-02 00:00:00-05:00,6.419204984711905,6.476226081928565,6.37600671611395,6.471042156219482,518906,0.0,0.0
2004-02-03 00:00:00-05:00,6.445121383418138,6.471040588567804,6.401924376634884,6.462400436401367,529538,0.0,0.0
2004-02-04 00:00:00-05:00,6.462402114697309,6.514240538459162,6.445123057226682,6.467586040496826,863156,0.0,0.0
2004-02-05 00:00:00-05:00,6.496958999585231,6.604090804086746,6.495231719840174,6.57125997543335,1160325,0.0,0.0
2004-02-06 00:00:00-05:00,6.569533517530995,6.635194778442383,6.566078539833993,6.635194778442383,1136531,0.0,0.0
2004-02-09 00:00:00-05:00,6.652472255791445,6.9462182855926,6.636920897245123,6.901292324066162,4029244,0.0,0.0
2004-02-10 00:00:00-05:00,6.894381499535891,6.927211919409237,6.866735422913622,6.915116786956787,1777444,0.0,0.0
2004-02-11 00:00:00-05:00,6.868464770151177,6.920301958364,6.813171352274049,6.9099345207214355,1178044,0.0,0.0
2004-02-12 00:00:00-05:00,6.911661301047635,6.996328895562991,6.894381408455706,6.965226173400879,907200,0.0,0.0
2004-02-13 00:00:00-05:00,6.954858567754984,6.954858567754984,6.740597402281707,6.795890808105469,956813,0.0,0.0
2004-02-17 00:00:00-05:00,6.799346312074807,6.998056094729577,6.782066420712834,6.95485782623291,706219,0.0,0.0
2004-02-18 00:00:00-05:00,6.9565863324131065,7.041254337711801,6.870190212849483,6.908204555511475,834300,0.0,0.0
2004-02-19 00:00:00-05:00,6.825264725951103,6.825264725951103,6.626554930082768,6.7423248291015625,3031425,0.0,0.0
2004-02-20 00:00:00-05:00,6.742323501372998,6.742323501372998,6.590266984239713,6.642104148864746,1762256,0.0,0.0
2004-02-23 00:00:00-05:00,6.6421046428302,6.6421046428302,6.555709362030029,6.555709362030029,1795669,0.0,0.0
2004-02-24 00:00:00-05:00,6.562621867604847,6.571261605405797,6.464131025680746,6.54879903793335,1007438,0.0,0.0
2004-02-25 00:00:00-05:00,6.540158609109506,6.540158609109506,6.4606745262896546,6.495233058929443,658631,0.0,0.0
2004-02-26 00:00:00-05:00,6.488320989363284,6.557437215653645,6.477953555419729,6.543614387512207,2276100,0.0,0.0
2004-02-27 00:00:00-05:00,6.526334553115807,6.583355641567766,6.509055498602574,6.5107831954956055,2029556,0.0,0.0
2004-03-01 00:00:00-05:00,6.52287725771204,6.531517409229684,6.443393202841126,6.514238357543945,1085906,0.0,0.0
2004-03-02 00:00:00-05:00,6.531519885496273,6.598908421177634,6.510784598495592,6.597179889678955,1821994,0.0,0.0
2004-03-03 00:00:00-05:00,6.598908668081266,6.699127626720417,6.598908668081266,6.671481132507324,965419,0.0,0.0
2004-03-04 00:00:00-05:00,6.678391918330728,6.863278450863865,6.678391918330728,6.8321757316589355,5018963,0.0,0.0
2004-03-05 00:00:00-05:00,6.807985117545413,6.868462442305359,6.773427003782565,6.802801609039307,1420538,0.0,0.0
2004-03-08 00:00:00-05:00,6.86327796574285,6.865005662733984,6.7526911763456505,6.766515254974365,1940456,0.0,0.0
2004-03-09 00:00:00-05:00,6.76824326915373,6.82353666644361,6.756147721182518,6.776882171630859,2262938,0.0,0.0
2004-03-10 00:00:00-05:00,6.778611140154077,6.840816163977815,6.718133813513877,6.721590042114258,795319,0.0,0.0
2004-03-11 00:00:00-05:00,6.721592004078408,6.782068514137777,6.712952264288912,6.757877826690674,1823006,0.0,0.0
2004-03-12 00:00:00-05:00,6.756146430969238,6.768241976630579,6.725043718444804,6.756146430969238,1515713,0.0,0.0
2004-03-15 00:00:00-05:00,6.782066508888221,6.783795040298533,6.738869074063228,6.740596771240234,1343588,0.0,0.0
2004-03-16 00:00:00-05:00,6.740597767364994,6.764788451234549,6.693944514174923,6.730230331420898,515869,0.0,0.0
2004-03-17 00:00:00-05:00,6.747507852823895,6.79761732368655,6.747507852823895,6.769970417022705,688500,0.0,0.0
2004-03-18 00:00:00-05:00,6.778609408433208,6.7993446891550136,6.687029384718618,6.756146430969238,1303088,0.0,0.0
2004-03-19 00:00:00-05:00,6.756148361139095,6.790706477020795,6.719861713788309,6.735413074493408,826706,0.0,0.0
2004-03-22 00:00:00-05:00,6.721591499315574,6.723319196873664,6.7008562088012695,6.7008562088012695,758869,0.0,0.0
2004-03-23 00:00:00-05:00,6.700855721020939,6.785523740239453,6.695672211607248,6.730230331420898,1468631,0.0,0.0
2004-03-24 00:00:00-05:00,6.738870543216671,6.738870543216671,6.652474403381348,6.652474403381348,1114763,0.0,0.0
2004-03-25 00:00:00-05:00,6.664566407254648,6.773425483973619,6.664566407254648,6.756146430969238,1101094,0.0,0.0
2004-03-26 00:00:00-05:00,6.761332125638229,6.8062580923284015,6.730229404970676,6.778611183166504,1182600,0.0,0.0
2004-03-29 00:00:00-05:00,6.787250676211704,6.842544078826904,6.778611355785891,6.842544078826904,596869,0.0,0.0
2004-03-30 00:00:00-05:00,6.842542343113478,6.878828981317243,6.806256539142838,6.8684611320495605,891506,0.0,0.0
2004-03-31 00:00:00-05:00,6.885742590235679,6.903021649854977,6.842544732629079,6.877102851867676,931500,0.0,0.0
2004-04-01 00:00:00-05:00,6.890926615990246,6.911661904948944,6.847728340644376,6.865007400512695,1269675,0.0,0.0
2004-04-02 00:00:00-05:00,6.908206129035055,6.911662358352161,6.8805592143154,6.885743141174316,702169,0.0,0.0
2004-04-05 00:00:00-04:00,6.908204464247461,6.908204464247461,6.873646350571875,6.890925407409668,772031,0.0,0.0
2004-04-06 00:00:00-04:00,6.890925858254788,6.890925858254788,6.81489716896097,6.842544078826904,1196775,0.0,0.0
2004-04-07 00:00:00-04:00,6.842543812152474,6.851183549358238,6.8097129776172345,6.826992034912109,1361813,0.0,0.0
2004-04-08 00:00:00-04:00,6.842543450549152,6.868462243680076,6.816625074534856,6.825263977050781,670275,0.0,0.0
2004-04-12 00:00:00-04:00,6.816625700432801,6.851183816369384,6.816625700432801,6.842544078826904,1199813,0.0,0.0
2004-04-13 00:00:00-04:00,6.842541999820109,6.8494532037908895,6.799344576582623,6.8459978103637695,1753144,0.0,0.0
2004-04-14 00:00:00-04:00,6.828720821607333,6.828720821607333,6.711222810492885,6.735413074493408,1760738,0.0,0.0
2004-04-15 00:00:00-04:00,6.735414331130534,6.871919540006248,6.645562795957701,6.7008562088012695,1484831,0.0,0.0
2004-04-16 00:00:00-04:00,6.7008562088012695,6.714679457732975,6.6766659402875295,6.7008562088012695,1338019,0.0,0.0
2004-04-19 00:00:00-04:00,6.721590286115864,6.816625731043232,6.711222851288334,6.792434215545654,1284863,0.0,0.0
2004-04-20 00:00:00-04:00,6.7924345446896055,6.799347002476258,6.671481132507324,6.671481132507324,699131,0.0,0.0
2004-04-21 00:00:00-04:00,6.687032699584961,6.69912866835901,6.624827660816634,6.687032699584961,892519,0.0,0.0
2004-04-22 00:00:00-04:00,6.782068140570133,7.058534793204452,6.773428818373281,6.977322578430176,2081194,0.0,0.0
2004-04-23 00:00:00-04:00,6.977319338858956,7.032612727136435,6.946217459697498,6.996326923370361,1422056,0.0,0.0
2004-04-26 00:00:00-04:00,7.013605021506917,7.12764633509341,6.996325554283929,7.023972034454346,1923750,0.0,0.0
2004-04-27 00:00:00-04:00,7.02224624413662,7.184670629871892,7.02051854700999,7.153568744659424,1377000,0.0,0.0
2004-04-28 00:00:00-04:00,7.144927751307207,7.177758164023284,7.075811532027666,7.089633941650391,1432181,0.0,0.0
2004-04-29 00:00:00-04:00,7.093090857437787,7.119010484972118,6.980776781660887,7.010151386260986,1462556,0.0,0.0
2004-04-30 00:00:00-04:00,7.023977663117048,7.0516249996756075,6.9116635388635945,6.958316802978516,944663,0.0,0.0
2004-05-03 00:00:00-04:00,6.9583143519057415,7.077540476859726,6.954858123215772,7.055077075958252,1118306,0.0,0.0
2004-05-04 00:00:00-04:00,7.067171800983656,7.219229160945648,7.041253842880935,7.124194145202637,1716188,0.0,0.0
2004-05-05 00:00:00-04:00,7.12765008310679,7.150113485732158,7.086181175278052,7.09309196472168,1377000,0.0,0.0
2004-05-06 00:00:00-04:00,7.0758126354450965,7.077540332638209,7.0395259889898325,7.04125452041626,1372444,0.0,0.0
2004-05-07 00:00:00-04:00,7.041254117681287,7.110370343785756,7.015335324333795,7.017062187194824,1124888,0.0,0.0
2004-05-10 00:00:00-04:00,7.017063024060831,7.017063024060831,6.868463120213965,6.915116786956787,1099575,0.0,0.0
2004-05-11 00:00:00-04:00,6.920299484332765,6.994599636100306,6.915115975922996,6.960041522979736,1202344,0.0,0.0
2004-05-12 00:00:00-04:00,6.963499672903363,6.963499672903363,6.78206806904826,6.892654895782471,1492931,0.0,0.0
2004-05-13 00:00:00-04:00,6.86846420992294,6.956588048372068,6.852912846169152,6.892654895782471,1270688,0.0,0.0
2004-05-14 00:00:00-04:00,6.892653195593692,6.97732078377574,6.887469269915549,6.908204555511475,1200825,0.0,0.0
2004-05-17 00:00:00-04:00,6.903019997708354,6.966952711556661,6.868461886740785,6.920299053192139,1504069,0.0,0.0
2004-05-18 00:00:00-04:00,6.928937050310298,7.037795274539555,6.903017849475814,7.023972034454346,885938,0.0,0.0
2004-05-19 00:00:00-04:00,7.058532274532112,7.1414725744205025,7.049892955418,7.077539443969727,999338,0.0,0.0
2004-05-20 00:00:00-04:00,7.0827241728774055,7.131105533333233,7.025702658093773,7.060260772705078,1026169,0.0,0.0
2004-05-21 00:00:00-04:00,7.053347531771582,7.086178775912589,7.006694713423277,7.0844502449035645,638381,0.0,0.0
2004-05-24 00:00:00-04:00,7.093093671660674,7.167393852627201,7.086182880553979,7.11901330947876,644963,0.0,0.0
2004-05-25 00:00:00-04:00,7.113826307213206,7.257242679595947,7.07753966418511,7.257242679595947,1347638,0.0,0.0
2004-05-26 00:00:00-04:00,7.231327906236919,7.257245875800364,7.198497477042899,7.241694927215576,729506,0.0,0.0
2004-05-27 00:00:00-04:00,7.2486042302898,7.317720462115923,7.222685434796669,7.277978420257568,1655438,0.0,0.0
2004-05-28 00:00:00-04:00,7.309081376198437,7.343640327453613,7.309081376198437,7.343640327453613,1056038,0.0,0.0
2004-06-01 00:00:00-04:00,7.343638809476358,7.44212921407159,7.3367263532674825,7.421394348144531,1032750,0.0,0.0
2004-06-02 00:00:00-04:00,7.443855228580826,7.601094783925571,7.443855228580826,7.52333927154541,2314069,0.0,0.0
2004-06-03 00:00:00-04:00,7.507791319527584,7.507791319527584,7.252059594375859,7.26069974899292,2496319,0.0,0.0
2004-06-04 00:00:00-04:00,7.260698277792798,7.360917210330517,7.2572420497996255,7.300440311431885,1658981,0.0,0.0
2004-06-07 00:00:00-04:00,7.302169752794073,7.369558289544952,7.265883938479509,7.343640327453613,1518244,0.0,0.0
2004-06-08 00:00:00-04:00,7.335000366128843,7.352279007979135,7.296986019284786,7.317720890045166,879863,0.0,0.0
2004-06-09 00:00:00-04:00,7.315991460246245,7.334998629167288,7.27452089431252,7.284888744354248,1088438,0.0,0.0
2004-06-10 00:00:00-04:00,7.283161471977948,7.326359737359029,7.257242679595947,7.257242679595947,1269675,0.0,0.0
2004-06-14 00:00:00-04:00,7.257245997339589,7.343642567599057,7.210592316570301,7.3263630867004395,1434206,0.0,0.0
2004-06-15 00:00:00-04:00,7.343638714971874,7.509517640253667,7.343638714971874,7.433489799499512,1681256,0.0,0.0
2004-06-16 00:00:00-04:00,7.447313901641332,7.481872015058165,7.414483485337022,7.445586204528809,544219,0.0,0.0
2004-06-17 00:00:00-04:00,7.445586842889628,7.5129753783884485,7.404117103233945,7.4697771072387695,861131,0.0,0.0
2004-06-18 00:00:00-04:00,7.47150775994115,7.568270513275968,7.455955977480009,7.533712387084961,1548619,0.0,0.0
2004-06-21 00:00:00-04:00,7.533711405874291,7.597644556676015,7.490513128086604,7.516432762145996,1102106,0.0,0.0
2004-06-22 00:00:00-04:00,7.516431280636708,7.595915361974063,7.4991518060807705,7.554444789886475,1242844,0.0,0.0
2004-06-23 00:00:00-04:00,7.5458090488225515,7.5820948780976645,7.5216187740503795,7.559632301330566,963900,0.0,0.0
2004-06-24 00:00:00-04:00,7.559629061434523,7.592459480629066,7.518159321683527,7.5475335121154785,864169,0.0,0.0
2004-06-25 00:00:00-04:00,7.521618268862804,7.557904095700788,7.394615372228912,7.4516377449035645,875813,0.0,1.5
2004-06-28 00:00:00-04:00,7.516432278338318,7.607146820539823,7.490512645947287,7.583820819854736,1274400,0.0,0.0
2004-06-29 00:00:00-04:00,7.5838219867189665,7.661578393155576,7.5838219867189665,7.646026611328125,781650,0.0,0.0
2004-06-30 00:00:00-04:00,7.6719429762133,7.68749475479126,7.594187420257003,7.68749475479126,660825,0.0,0.0
2004-07-01 00:00:00-04:00,7.684903507757014,7.726374086928999,7.612331036997854,7.614923000335693,700313,0.0,0.0
2004-07-02 00:00:00-04:00,7.617514086704624,7.674534770872218,7.516431699333275,7.658984661102295,734738,0.0,0.0
2004-07-06 00:00:00-04:00,7.6201065396216645,7.765251473761129,7.5967797050004435,7.739332675933838,1244700,0.0,0.0
2004-07-07 00:00:00-04:00,7.739331237217842,7.754882179329983,7.596778292784566,7.607145309448242,1441800,0.0,0.0
2004-07-08 00:00:00-04:00,7.5941859943195675,7.6330645992309725,7.428306226935036,7.430898189544678,958163,0.0,0.0
2004-07-09 00:00:00-04:00,7.4127577373158955,7.490513304390299,7.311674499038977,7.4775543212890625,1158975,0.0,0.0
2004-07-12 00:00:00-04:00,7.451636179697941,7.5293909107087424,7.451636179697941,7.516432762145996,839363,0.0,0.0
2004-07-13 00:00:00-04:00,7.524206887046531,7.625290110435705,7.51124790585392,7.59937047958374,627413,0.0,0.0
2004-07-14 00:00:00-04:00,7.568267925759775,7.710820877514613,7.555308945706289,7.625289440155029,1475213,0.0,0.0
2004-07-15 00:00:00-04:00,7.625289585518346,7.633065474238651,7.5553090897355455,7.573451995849609,1017563,0.0,0.0
2004-07-16 00:00:00-04:00,7.594189922538773,7.609740872007387,7.441269889102054,7.4516377449035645,716850,0.0,0.0
2004-07-19 00:00:00-04:00,7.4645916731079875,7.560491782315677,7.451633529154448,7.4905104637146,559913,0.0,0.0
2004-07-20 00:00:00-04:00,7.490508249790451,7.6719388961792,7.441263479849362,7.671938896179199,1027688,0.0,0.0
2004-07-21 00:00:00-04:00,7.671943130713965,7.76265933821215,7.568268775939941,7.568268775939941,854213,0.0,0.0
2004-07-22 00:00:00-04:00,7.555311294344876,7.568270278426783,7.257245483891896,7.298716068267822,2238638,0.0,0.0
2004-07-23 00:00:00-04:00,7.262426366575392,7.360917607547993,7.228732521547844,7.319447040557861,1194075,0.0,0.0
2004-07-26 00:00:00-04:00,7.3583253701425875,7.5553078447306135,7.347957520223986,7.544939994812012,1632488,0.0,0.0
2004-07-27 00:00:00-04:00,7.544941675026257,7.5604934533674495,7.4257155455772565,7.482737064361572,1387125,0.0,0.0
2004-07-28 00:00:00-04:00,7.456814262667531,7.464590148531312,7.169117330736736,7.389425754547119,2056050,0.0,0.0
2004-07-29 00:00:00-04:00,7.428308387062976,7.516432638717379,7.428308387062976,7.513840675354004,1388138,0.0,0.0
2004-07-30 00:00:00-04:00,7.516431625532087,7.596779142032375,7.48014497756958,7.48014497756958,1094513,0.0,0.0
2004-08-02 00:00:00-04:00,7.467181802787836,7.557897964761476,7.347955728954482,7.521612167358398,893025,0.0,0.0
2004-08-03 00:00:00-04:00,7.516431041395189,7.516431041395189,7.417938957217905,7.423122882843018,796500,0.0,0.0
2004-08-04 00:00:00-04:00,7.425713158286786,7.521613257859825,7.301303976953691,7.472366809844971,647325,0.0,0.0
2004-08-05 00:00:00-04:00,7.4905164310740675,7.4905164310740675,7.218370164247648,7.290942668914795,1207238,0.0,0.0
2004-08-06 00:00:00-04:00,7.2702028997893855,7.280569916782447,7.122466025213673,7.153568744659424,941963,0.0,0.0
2004-08-09 00:00:00-04:00,7.161345234336983,7.192447122160727,7.080996883286712,7.156161308288574,592988,0.0,0.0
2004-08-10 00:00:00-04:00,7.187265632389977,7.270205974578857,7.1665307554011655,7.270205974578857,744188,0.0,0.0
2004-08-11 00:00:00-04:00,7.283161471977948,7.32722316875738,7.244282866288329,7.257242679595947,2494125,0.0,0.0
2004-08-12 00:00:00-04:00,7.257242759897027,7.257242759897027,7.207997137249648,7.236507892608643,693900,0.0,0.0
2004-08-13 00:00:00-04:00,7.246874088659264,7.309079517714884,7.246874088659264,7.303896427154541,1440450,0.0,0.0
2004-08-16 00:00:00-04:00,7.3246334821402135,7.4775543212890625,7.316857591739375,7.4775543212890625,1153913,0.0,0.0
2004-08-17 00:00:00-04:00,7.503472351691608,7.503472351691608,7.38424538138157,7.446451663970947,699975,0.0,0.0
2004-08-18 00:00:00-04:00,7.436082506520493,7.487920092977857,7.412755676038006,7.449042320251465,525825,0.0,0.0
2004-08-19 00:00:00-04:00,7.4438584609742815,7.464592494661748,7.402387890899541,7.420530796051025,798863,0.0,0.0
2004-08-20 00:00:00-04:00,7.459409713745117,7.485329345414906,7.41534884260667,7.459409713745117,802238,0.0,0.0
2004-08-23 00:00:00-04:00,7.485328130231663,7.495695146983178,7.394611936814645,7.449042320251465,716513,0.0,0.0
2004-08-24 00:00:00-04:00,7.425715422742493,7.490511995392191,7.425715422742493,7.48014497756958,772538,0.0,0.0
2004-08-25 00:00:00-04:00,7.485328903597559,7.490511995392191,7.433491311784462,7.48014497756958,733725,0.0,0.0
2004-08-26 00:00:00-04:00,7.467186291666627,7.516432762145996,7.381654836204532,7.516432762145996,1832288,0.0,0.0
2004-08-27 00:00:00-04:00,7.524206780489593,7.697862465104861,7.521615651674463,7.674534797668457,861300,0.0,0.0
2004-08-30 00:00:00-04:00,7.646023617085261,7.646023617085261,7.539756486480248,7.576043128967285,505913,0.0,0.0
2004-08-31 00:00:00-04:00,7.542348744042187,7.620105123069407,7.490511158024041,7.607145309448242,566663,0.0,0.0
2004-09-01 00:00:00-04:00,7.62010607635026,7.775618853859462,7.586412225186618,7.674534797668457,857588,0.0,0.0
2004-09-02 00:00:00-04:00,7.674534095713706,7.827454896187448,7.6615759501232015,7.811903953552246,508950,0.0,0.0
2004-09-03 00:00:00-04:00,7.77561751987732,7.827454269253934,7.749697893839189,7.796352386474609,490050,0.0,0.0
2004-09-07 00:00:00-04:00,7.791167573245383,7.796351497862156,7.684900455534022,7.710819244384766,1238625,0.0,0.0
2004-09-08 00:00:00-04:00,7.710819872182484,7.713411834701903,7.594185729974607,7.604552745819092,1004400,0.0,0.0
2004-09-09 00:00:00-04:00,7.6123295900660155,7.773026281066564,7.6123295900660155,7.736739635467529,1237613,0.0,0.0
2004-09-10 00:00:00-04:00,7.736737639640211,7.918169152365351,7.697859875458505,7.866331577301025,1423238,0.0,0.0
2004-09-13 00:00:00-04:00,7.871519780034139,7.975194152279487,7.871519780034139,7.933724403381348,708750,0.0,0.0
2004-09-14 00:00:00-04:00,7.93112857152545,7.93112857152545,7.7652488226043355,7.788575649261475,575775,0.0,0.0
2004-09-15 00:00:00-04:00,7.783395943806143,8.034808082909837,7.76266106823028,7.8222737312316895,633150,0.0,0.0
2004-09-16 00:00:00-04:00,7.861151065154802,7.957050370379879,7.861151065154802,7.912988662719727,442125,0.0,0.0
2004-09-17 00:00:00-04:00,7.977788643080326,8.063320965790517,7.892256320370136,8.039993286132812,1063125,0.0,0.0
2004-09-20 00:00:00-04:00,8.039986467074742,8.16439648189603,8.021843565851434,8.143662452697754,2083725,0.0,0.0
2004-09-21 00:00:00-04:00,8.164397904422195,8.218828286041994,8.117744245014634,8.200684547424316,1234238,0.0,0.0
2004-09-22 00:00:00-04:00,8.185134993786225,8.185134993786225,8.027031068252807,8.029623031616211,714150,0.0,0.0
2004-09-23 00:00:00-04:00,8.047764110421463,8.073683738159952,7.977783618227359,8.008886337280273,462375,0.0,0.0
2004-09-24 00:00:00-04:00,8.016664963804391,8.078870429630605,7.995930920840511,8.003705978393555,319275,0.0,0.0
2004-09-27 00:00:00-04:00,7.9829639966625345,8.084046328761836,7.912983535563217,8.016657829284668,1042875,0.0,0.0
2004-09-28 00:00:00-04:00,8.021844034649746,8.045170861652394,7.962231403079928,8.024435997009277,344925,0.0,0.0
2004-09-29 00:00:00-04:00,8.034804017325786,8.07627374749397,8.024436167667163,8.050354957580566,711450,0.0,0.0
2004-09-30 00:00:00-04:00,7.98296582048145,8.242152865349292,7.9700060094098575,8.211050987243652,797513,0.0,0.0
2004-10-01 00:00:00-04:00,8.229196930602305,8.29399351378312,8.143666308406454,8.169584274291992,1319288,0.0,0.0
2004-10-04 00:00:00-04:00,8.164399908966748,8.177359725447017,8.047765731811523,8.047765731811523,1346288,0.0,0.0
2004-10-05 00:00:00-04:00,8.050361851311148,8.086647687722506,8.024443039202804,8.032218933105469,706388,0.0,0.0
2004-10-06 00:00:00-04:00,8.060725795522163,8.091827687561857,8.016663252371245,8.052949905395508,756675,0.0,0.0
2004-10-07 00:00:00-04:00,8.068498050268236,8.068498050268236,7.96223093668468,7.970005989074707,557213,0.0,0.0
2004-10-08 00:00:00-04:00,7.970005460420178,7.998517042813747,7.889657974243164,7.889657974243164,577800,0.0,0.0
2004-10-11 00:00:00-04:00,7.889661792426761,7.889661792426761,7.710822165040222,7.747107982635498,1154925,0.0,0.0
2004-10-12 00:00:00-04:00,7.747105266827746,7.796351717843503,7.697860484278279,7.760065078735352,840375,0.0,0.0
2004-10-13 00:00:00-04:00,7.7885789279275555,7.809313800992069,7.674535874722517,7.677127838134766,532575,0.0,0.0
2004-10-14 00:00:00-04:00,7.65120995458972,7.703047554924047,7.635659008182817,7.653801918029785,564638,0.0,0.0
2004-10-15 00:00:00-04:00,7.640842018830237,7.783395001103058,7.617515182353475,7.677127838134766,437400,0.0,0.0
2004-10-18 00:00:00-04:00,7.658982000479832,7.861147539226426,7.557898813990002,7.697859764099121,644963,0.0,0.0
2004-10-19 00:00:00-04:00,7.68490504185955,7.775621274092857,7.542352035221866,7.594189643859863,510975,0.0,0.0
2004-10-20 00:00:00-04:00,7.589001525425274,7.752288466319511,7.529387230460693,7.697859764099121,892013,0.0,0.0
2004-10-21 00:00:00-04:00,7.801537367413656,7.918171529202509,7.60714598545446,7.85337495803833,735750,0.0,0.0
2004-10-22 00:00:00-04:00,7.855966549388604,7.858558512495809,7.723781436321447,7.775619029998779,707738,0.0,0.0
2004-10-25 00:00:00-04:00,7.788575516493982,7.946679375756567,7.7782085016192655,7.8404130935668945,750938,0.0,0.0
2004-10-26 00:00:00-04:00,7.827457356018701,7.887070850948605,7.814498372122465,7.858560085296631,724950,0.0,0.0
2004-10-27 00:00:00-04:00,7.866330331989536,7.9596376186407,7.8222678161972,7.949269771575928,798525,0.0,0.0
2004-10-28 00:00:00-04:00,7.931132939696629,8.400262527772696,7.931132939696629,8.192912101745605,1300725,0.0,0.0
2004-10-29 00:00:00-04:00,8.192911110975764,8.255116564954811,8.1307064912302,8.169584274291992,862650,0.0,0.0
2004-11-01 00:00:00-05:00,8.060725350077652,8.330279515437612,8.037397680986798,8.286218643188477,844425,0.0,0.0
2004-11-02 00:00:00-05:00,8.319912786992175,8.423587982968023,8.314728860346692,8.317320823669434,1352363,0.0,0.0
2004-11-03 00:00:00-05:00,8.423585154271727,8.488381712880791,8.413217304462357,8.472830772399902,653400,0.0,0.0
2004-11-04 00:00:00-05:00,8.43654675865301,8.646488274550437,8.41062796029406,8.625753402709961,1061100,0.0,0.0
2004-11-05 00:00:00-05:00,8.625753555772569,8.773490458770134,8.584282977122301,8.719060897827148,1237275,0.0,0.0
2004-11-08 00:00:00-05:00,8.656851735273149,8.7320161361972,8.638709668381969,8.698322296142578,1167750,0.0,0.0
2004-11-09 00:00:00-05:00,8.750161660807967,8.80718233803439,8.64648648878428,8.693140983581543,1107338,0.0,0.0
2004-11-10 00:00:00-05:00,8.68277088476808,8.866793516657829,8.579095739585274,8.643892288208008,515025,0.0,0.0
2004-11-11 00:00:00-05:00,8.630935553002807,8.760529518127441,8.630935553002807,8.760529518127441,544388,0.0,0.0
2004-11-12 00:00:00-05:00,8.760527567306244,8.763119529454878,8.579096056533482,8.739791870117188,370238,0.0,0.0
2004-11-15 00:00:00-05:00,8.721652822752674,8.747571621457494,8.659447372167728,8.695734024047852,567675,0.0,0.0
2004-11-16 00:00:00-05:00,8.695733445293708,8.708693260900285,8.630936869960983,8.636120796203613,580163,0.0,0.0
2004-11-17 00:00:00-05:00,8.623162678122053,8.68277617318083,8.623162678122053,8.656856536865234,920700,0.0,0.0
2004-11-18 00:00:00-05:00,8.656852886773464,8.68277251216026,8.643893908313261,8.680180549621582,621675,0.0,0.0
2004-11-19 00:00:00-05:00,8.656854542146007,8.695733153427415,8.656854542146007,8.67499828338623,657113,0.0,0.0
2004-11-22 00:00:00-05:00,8.66981312330918,8.778672218322754,8.66981312330918,8.778672218322754,942638,0.0,0.0
2004-11-23 00:00:00-05:00,8.760529257789182,8.78126412474629,8.592056691017058,8.623159408569336,912600,0.0,0.0
2004-11-24 00:00:00-05:00,8.610201875887313,8.674998450291863,8.566140171922886,8.633528709411621,1490063,0.0,0.0
2004-11-26 00:00:00-05:00,8.633527314460146,8.794223160081877,8.633527314460146,8.778672218322754,429300,0.0,0.0
2004-11-29 00:00:00-05:00,8.799407711099784,8.827918468213149,8.69314140542871,8.79422378540039,1103625,0.0,0.0
2004-11-30 00:00:00-05:00,8.781263443407083,8.833101023894386,8.763120540506478,8.827917098999023,839363,0.0,0.0
2004-12-01 00:00:00-05:00,8.827921229320825,9.043046705030731,8.827921229320825,9.037862777709961,738113,0.0,0.0
2004-12-02 00:00:00-05:00,9.006756449693087,9.050818980082468,8.967878678786649,9.019716262817383,2763113,0.0,0.0
2004-12-03 00:00:00-05:00,9.058597652759481,9.063780745846692,8.949738515957558,9.037862777709961,339525,0.0,0.0
2004-12-06 00:00:00-05:00,9.011939990567935,9.011939990567935,8.877162110989893,8.944551467895508,483638,0.0,0.0
2004-12-07 00:00:00-05:00,8.929004296865383,9.071557303257656,8.9186372756958,8.9186372756958,685800,0.0,0.0
2004-12-08 00:00:00-05:00,8.921228340713922,9.206333490539905,8.918636377124267,9.188191413879395,1130288,0.0,0.0
2004-12-09 00:00:00-05:00,9.190777330057578,9.201145177594285,9.045632469941589,9.094877243041992,731025,0.0,0.0
2004-12-10 00:00:00-05:00,9.107842374584076,9.286681175231934,9.071555721234665,9.286681175231934,554175,0.0,0.0
2004-12-13 00:00:00-05:00,9.273721038780698,9.286680019928959,9.08451440807585,9.170045852661133,421875,0.0,0.0
2004-12-14 00:00:00-05:00,9.188189094293762,9.234842758662607,9.15449441036812,9.224474906921387,601425,0.0,0.0
2004-12-15 00:00:00-05:00,9.201146722988247,9.260759353637695,9.157084197789631,9.260759353637695,450225,0.0,0.0
2004-12-16 00:00:00-05:00,9.170046512326488,9.232251962166446,8.822735948614866,8.848654747009277,1582875,0.0,0.0
2004-12-17 00:00:00-05:00,8.812368201102826,8.814960164396652,8.651672316519688,8.695734024047852,1800900,0.0,0.0
2004-12-20 00:00:00-05:00,8.69573269487586,8.69573269487586,8.50134298565298,8.553179740905762,1954800,0.0,0.0
2004-12-21 00:00:00-05:00,8.605018280089805,8.706101507320463,8.568732463984821,8.6179780960083,1292963,0.0,0.0
2004-12-22 00:00:00-05:00,8.643897406500978,8.656856390205684,8.527263216224478,8.560957908630371,1988888,0.0,0.0
2004-12-23 00:00:00-05:00,8.576508531670422,8.765716026780629,8.576508531670422,8.734612464904785,1251450,0.0,0.0
2004-12-27 00:00:00-05:00,8.747572241704958,8.79681787931254,8.703510531052594,8.708694458007812,877163,0.0,0.0
2004-12-28 00:00:00-05:00,8.682774491547896,8.910859738848902,8.669814675900085,8.861613273620605,601425,0.0,0.0
2004-12-29 00:00:00-05:00,8.86679636962514,8.910858904468459,8.814958780354551,8.864204406738281,457650,0.0,0.0
2004-12-30 00:00:00-05:00,8.851248430455202,8.890126218485753,8.747573216728949,8.802001953125,631125,0.0,0.0
2004-12-31 00:00:00-05:00,8.812366367188886,8.905674523648237,8.804590478925626,8.87716293334961,696263,0.0,0.0
2005-01-03 00:00:00-05:00,8.864201882086181,8.903080480082595,8.734607945819922,8.739791870117188,756675,0.0,0.0
2005-01-04 00:00:00-05:00,8.695735157105082,8.770899599719671,8.633530532648292,8.656856536865234,753975,0.0,0.0
2005-01-05 00:00:00-05:00,8.617976640296611,8.664629467022593,8.49615856240675,8.540220260620117,797175,0.0,0.0
2005-01-06 00:00:00-05:00,8.566141342091957,8.62575399847146,8.545406468819369,8.550589561462402,1031063,0.0,0.0
2005-01-07 00:00:00-05:00,8.553182196892644,8.553182196892644,8.363975524902344,8.363975524902344,1609875,0.0,0.0
2005-01-10 00:00:00-05:00,8.319908467776747,8.47801230875144,8.293988848005306,8.415807723999023,1611900,0.0,0.0
2005-01-11 00:00:00-05:00,8.402847818697646,8.4598693130813,8.356195006337844,8.371745109558105,1094850,0.0,0.0
2005-01-12 00:00:00-05:00,8.410627288324616,8.410627288324616,8.268074325856404,8.366564750671387,837338,0.0,0.0
2005-01-13 00:00:00-05:00,8.369157596701093,8.40285228570063,8.244748362472306,8.249932289123535,645975,0.0,0.0
2005-01-14 00:00:00-05:00,8.293993377375791,8.33546395742427,8.19550293962351,8.234380722045898,978413,0.0,0.0
2005-01-18 00:00:00-05:00,8.255112715338997,8.369154047908102,8.12551877517757,8.34582805633545,1024650,0.0,0.0
2005-01-19 00:00:00-05:00,8.345829198147806,8.356197048472408,8.172173544843186,8.195500373840332,867375,0.0,0.0
2005-01-20 00:00:00-05:00,8.177356375043576,8.22919311702593,8.08145710931492,8.125518798828125,481950,0.0,0.0
2005-01-21 00:00:00-05:00,8.125520124907151,8.216236315205558,8.06590748649381,8.133296012878418,740813,0.0,0.0
2005-01-24 00:00:00-05:00,8.13588943249326,8.143665321857014,8.042581262828335,8.07886791229248,681413,0.0,0.0
2005-01-25 00:00:00-05:00,7.90521238236609,8.187726357484404,7.90521238236609,8.10478687286377,609188,0.0,0.0
2005-01-26 00:00:00-05:00,8.138481187132095,8.164399149213914,7.967416630911899,8.097010612487793,568350,0.0,0.0
2005-01-27 00:00:00-05:00,8.099601293227531,8.161805893995817,8.00370201231399,8.112560272216797,826200,0.0,0.0
2005-01-28 00:00:00-05:00,8.109968309572297,8.177357669862811,8.065907447315505,8.112560272216797,1234575,0.0,0.0
2005-01-31 00:00:00-05:00,8.1643957867923,8.179947558716588,8.099599239806818,8.154027938842773,912938,0.0,0.0
2005-02-01 00:00:00-05:00,8.164396370795485,8.31990909576416,8.133294493188211,8.31990909576416,1356750,0.0,0.0
2005-02-02 00:00:00-05:00,8.293992033695927,8.454688732603767,8.281033887299062,8.42358684539795,1072575,0.0,0.0
2005-02-03 00:00:00-05:00,8.397666363981468,8.514299668937882,8.299174293491951,8.472830772399902,1146825,0.0,0.0
2005-02-04 00:00:00-05:00,8.449504067214244,8.545404186111869,8.389891426758881,8.540220260620117,698625,0.0,0.0
2005-02-07 00:00:00-05:00,8.566137209599933,8.656851715008912,8.529850573203259,8.63093376159668,1187663,0.0,0.0
2005-02-08 00:00:00-05:00,8.617980105120575,8.687960624694824,8.540223694182432,8.687960624694824,1010813,0.0,0.0
2005-02-09 00:00:00-05:00,8.620565212096283,8.620565212096283,8.415807723999023,8.415807723999023,959175,0.0,0.0
2005-02-10 00:00:00-05:00,8.384711142643507,8.40026292587271,8.268076939592605,8.382119178771973,878175,0.0,0.0
2005-02-11 00:00:00-05:00,8.37175120796267,8.478018388297203,8.244749985408735,8.4676513671875,2071913,0.0,0.0
2005-02-14 00:00:00-05:00,8.470243854416532,8.547999437361618,8.459875998432567,8.501346588134766,1504913,0.0,0.0
2005-02-15 00:00:00-05:00,8.483198466330197,8.59983261484636,8.454687711307749,8.579097747802734,857250,0.0,0.0
2005-02-16 00:00:00-05:00,8.576502257720735,8.682769346125202,8.553175437611571,8.651666641235352,1264275,0.0,0.0
2005-02-17 00:00:00-05:00,8.651673443835662,8.77867549061435,8.5713259081915,8.656856536865234,883238,0.0,0.0
2005-02-18 00:00:00-05:00,8.941962802021388,9.172639208506506,8.807184872754666,8.84347152709961,9958950,0.0,0.0
2005-02-22 00:00:00-05:00,8.8434709040404,8.8434709040404,8.493568373759974,8.537630081176758,2115788,0.0,0.0
2005-02-23 00:00:00-05:00,8.397665120132178,8.630933363960002,8.397665120132178,8.555768966674805,1515713,0.0,0.0
2005-02-24 00:00:00-05:00,8.929002617072683,8.936778507162222,8.700918183447492,8.765715599060059,2358788,0.0,0.0
2005-02-25 00:00:00-05:00,8.799407309322977,9.02489972461773,8.72683485554499,8.962695121765137,1905188,0.0,0.0
2005-02-28 00:00:00-05:00,8.936777531978544,8.962696328548612,8.796816531040196,8.83310317993164,1967625,0.0,0.0
2005-03-01 00:00:00-05:00,8.812367799474917,9.004166400609215,8.812367799474917,8.954920768737793,1576463,0.0,0.0
2005-03-02 00:00:00-05:00,8.94196345920996,9.050822596011884,8.94196345920996,9.037862777709961,1017563,0.0,0.0
2005-03-03 00:00:00-05:00,9.053410405769476,9.110431077434933,9.02230685611585,9.05081844329834,1539000,0.0,0.0
2005-03-04 00:00:00-05:00,9.066370915572278,9.136351417855165,9.066370915572278,9.107841491699219,758363,0.0,0.0
2005-03-07 00:00:00-05:00,9.136351004539959,9.138942967570223,9.05859545056545,9.076738357543945,992250,0.0,0.0
2005-03-08 00:00:00-05:00,9.076740018317627,9.131169583445459,9.03267830720786,9.071556091308594,1616288,0.0,0.0
2005-03-09 00:00:00-05:00,9.058597652759481,9.087108418790153,9.019719866320827,9.037862777709961,1446188,0.0,0.0
2005-03-10 00:00:00-05:00,9.04823008823496,9.094882928615736,9.045638124730443,9.071556091308594,1105988,0.0,0.0
2005-03-11 00:00:00-05:00,9.063775609252199,9.115614018848632,9.050817466760988,9.0974702835083,1206563,0.0,0.0
2005-03-14 00:00:00-05:00,9.084510053474018,9.110428837579905,9.050816218099442,9.068958282470703,803588,0.0,0.0
2005-03-15 00:00:00-05:00,9.081921448800232,9.14930997869273,9.006757030531697,9.011940956115723,543375,0.0,0.0
2005-03-16 00:00:00-05:00,8.986024026355409,9.030085734492571,8.944554281547896,8.988615989685059,575100,0.0,0.0
2005-03-17 00:00:00-05:00,9.011943433405236,9.071556091308594,8.936778994474778,9.071556091308594,598725,0.0,0.0
2005-03-18 00:00:00-05:00,9.136343652024483,9.136343652024483,8.970464825446172,9.017118453979492,1337850,0.0,0.0
2005-03-21 00:00:00-05:00,9.02490350972445,9.03008743736132,8.94455596828736,9.006760597229004,393525,0.0,0.0
2005-03-22 00:00:00-05:00,9.009349995528062,9.045636644419504,8.760530716382123,8.83310317993164,1080675,0.0,0.0
2005-03-23 00:00:00-05:00,8.812368218550343,8.877164798323966,8.807184291952428,8.85124683380127,1116788,0.0,0.0
2005-03-24 00:00:00-05:00,8.877165420567971,8.91345207506345,8.81496079973308,8.866798400878906,976050,0.0,0.0
2005-03-28 00:00:00-05:00,8.916044656839672,9.056006523332654,8.916044656839672,9.037862777709961,1189013,0.0,0.0
2005-03-29 00:00:00-05:00,9.030085580003204,9.066371397530625,8.87975671485603,8.895308494567871,559913,0.0,0.0
2005-03-30 00:00:00-05:00,8.941961489491073,9.063778749294123,8.934185600222778,9.058595657348633,690188,0.0,0.0
2005-03-31 00:00:00-05:00,9.066373262352212,9.066373262352212,8.949739061690625,9.006760597229004,779288,0.0,0.0
2005-04-01 00:00:00-05:00,9.006760048018904,9.058597652759481,8.890125854469384,9.037862777709961,809325,0.0,0.0
2005-04-04 00:00:00-04:00,9.03785330730178,9.06118012156844,8.910852226423676,9.017118453979492,531225,0.0,0.0
2005-04-05 00:00:00-04:00,9.017127250808766,9.061188961382951,8.96788161328856,9.001575469970703,680400,0.0,0.0
2005-04-06 00:00:00-04:00,9.001572073720986,9.084512370863857,9.001572073720986,9.032674789428711,838688,0.0,0.0
2005-04-07 00:00:00-04:00,9.03267830720786,9.097474892120252,9.019719323918785,9.071556091308594,529200,0.0,0.0
2005-04-08 00:00:00-04:00,9.071556265736614,9.071556265736614,8.99379986180654,9.030086517333984,641250,0.0,0.0
2005-04-11 00:00:00-04:00,9.019710414923864,9.058588160624069,8.9678728645018,9.017118453979492,461025,0.0,0.0
2005-04-12 00:00:00-04:00,8.980838199525405,9.017124006625641,8.877162200606051,8.991205215454102,747900,0.0,0.0
2005-04-13 00:00:00-04:00,8.967878150533288,8.983429925366362,8.786446617112954,8.809773445129395,698963,0.0,0.0
2005-04-14 00:00:00-04:00,8.80977460033389,8.80977460033389,8.638711728604388,8.659445762634277,725625,0.0,0.0
2005-04-15 00:00:00-04:00,8.659444746637249,8.734609156668151,8.527259664131073,8.56613826751709,716850,0.0,0.0
2005-04-18 00:00:00-04:00,8.579097966952952,8.783855514193295,8.516892529999826,8.760529518127441,953438,0.0,0.0
2005-04-19 00:00:00-04:00,8.757936514462992,8.768303529900821,8.690547994301056,8.716465950012207,729675,0.0,0.0
2005-04-20 00:00:00-04:00,8.72424214086955,8.732017194160203,8.56613826751709,8.56613826751709,987188,0.0,0.0
2005-04-21 00:00:00-04:00,8.695735652753058,8.993800642335705,8.695735652753058,8.913453102111816,1870763,0.0,0.0
2005-04-22 00:00:00-04:00,8.877167022807834,9.006761049062824,8.827922210487952,8.90308666229248,1159988,0.0,0.0
2005-04-25 00:00:00-04:00,8.91604520051817,9.02490350972445,8.91604520051817,9.006760597229004,1047600,0.0,0.0
2005-04-26 00:00:00-04:00,9.019715969166114,9.06636879219505,8.967878386823037,8.991205215454102,886275,0.0,0.0
2005-04-27 00:00:00-04:00,8.996388065637671,9.131165942970842,8.967878146921528,9.05081844329834,1127925,0.0,0.0
2005-04-28 00:00:00-04:00,9.045634306398684,9.076736186857183,8.978245786427733,9.00416374206543,1023975,0.0,0.0
2005-04-29 00:00:00-04:00,9.063776146940071,9.19855485195992,9.045634078989671,9.12857437133789,1712813,0.0,0.0
2005-05-02 00:00:00-04:00,9.15190211945019,9.30482292175293,9.089697513932103,9.30482292175293,2237625,0.0,0.0
2005-05-03 00:00:00-04:00,9.304824547809673,9.325559419939207,9.24002713389226,9.278904914855957,1143788,0.0,0.0
2005-05-04 00:00:00-04:00,9.268541430732398,9.343705051264973,9.260765538580607,9.338521957397461,1357425,0.0,0.0
2005-05-05 00:00:00-04:00,9.343699996014356,9.42404750117747,9.304822224756931,9.377394676208496,2256188,0.0,0.0
2005-05-06 00:00:00-04:00,9.429231426473986,9.434415351770506,9.322965129061515,9.377394676208496,785700,0.0,0.0
2005-05-09 00:00:00-04:00,9.36962126741567,9.437009811401367,9.359253414079355,9.437009811401367,609188,0.0,0.0
2005-05-10 00:00:00-04:00,9.395543067895344,9.395543067895344,9.312603551643898,9.37221622467041,588263,0.0,0.0
2005-05-11 00:00:00-04:00,9.367029515778329,9.44478591485765,9.289273116699006,9.42145824432373,924750,0.0,0.0
2005-05-12 00:00:00-04:00,9.408498764038086,9.481071226059335,9.398130911935043,9.408498764038086,1405688,0.0,0.0
2005-05-13 00:00:00-04:00,9.431822403550699,9.5121707345511,9.398128561110605,9.424046516418457,1852200,0.0,0.0
2005-05-16 00:00:00-04:00,9.444784452590818,9.551051598303342,9.398130787212965,9.54068374633789,865350,0.0,0.0
2005-05-17 00:00:00-04:00,9.558826653044092,9.558826653044092,9.421456785668552,9.54068374633789,447188,0.0,0.0
2005-05-18 00:00:00-04:00,9.561418157066015,9.639174540374405,9.509580568193755,9.551051139831543,1145475,0.0,0.0
2005-05-19 00:00:00-04:00,9.545869072355003,9.62103350742842,9.525134199616382,9.595114707946777,967950,0.0,0.0
2005-05-20 00:00:00-04:00,9.569194334510241,9.644358763773269,9.488846813138322,9.579562187194824,761738,0.0,0.0
2005-05-23 00:00:00-04:00,9.566602542018181,9.62621518811951,9.504397098692147,9.54068374633789,437738,0.0,0.0
2005-05-24 00:00:00-04:00,9.499212926050392,9.564010330685242,9.403314469026787,9.535499572753906,553838,0.0,0.0
2005-05-25 00:00:00-04:00,9.499210570830138,9.499210570830138,9.359249613032553,9.369617462158203,930150,0.0,0.0
2005-05-26 00:00:00-04:00,9.372211466045423,9.579560985628595,9.369619503199388,9.574377059936523,495788,0.0,0.0
2005-05-27 00:00:00-04:00,9.574374688963559,9.706560590210717,9.569190764555222,9.696192741394043,839363,0.0,0.0
2005-05-31 00:00:00-04:00,9.654725112580833,9.696194848392794,9.589928546095484,9.610663414001465,887288,0.0,0.0
2005-06-01 00:00:00-04:00,9.589930218219614,9.841341473928752,9.589930218219614,9.82838249206543,1440113,0.0,0.0
2005-06-02 00:00:00-04:00,9.828381992985058,9.843932937278058,9.709155862116393,9.815423011779785,513338,0.0,0.0
2005-06-03 00:00:00-04:00,9.784318675686924,9.843931314175425,9.737665016266973,9.779134750366211,352350,0.0,0.0
2005-06-06 00:00:00-04:00,9.79209283500849,9.913910897752016,9.732480201965107,9.86984920501709,682088,0.0,0.0
2005-06-07 00:00:00-04:00,9.900954840680306,9.939832620037095,9.753217944351059,9.758401870727539,874125,0.0,0.0
2005-06-08 00:00:00-04:00,9.77913858340079,9.810241313282873,9.6832392643118,9.711750030517578,593325,0.0,0.0
2005-06-09 00:00:00-04:00,9.693600324474781,9.758397708073254,9.615844798929494,9.706560134887695,664875,0.0,0.0
2005-06-10 00:00:00-04:00,9.719522766407557,9.719522766407557,9.639175248562411,9.680644989013672,322313,0.0,0.0
2005-06-13 00:00:00-04:00,9.654727639752629,9.75321891376156,9.63140080297333,9.693605422973633,695250,0.0,0.0
2005-06-14 00:00:00-04:00,9.732484040428124,9.732484040428124,9.633992766419194,9.693605422973633,353025,0.0,0.0
2005-06-15 00:00:00-04:00,9.732478921480475,9.732478921480475,9.574374239841218,9.706560134887695,497138,0.0,0.0
2005-06-16 00:00:00-04:00,9.706560134887695,9.706560134887695,9.633987699274524,9.706560134887695,691875,0.0,0.0
2005-06-17 00:00:00-04:00,9.719524521224013,9.748036120002768,9.654727935791016,9.654727935791016,1668600,0.0,0.0
2005-06-20 00:00:00-04:00,9.654728089993771,9.654728089993771,9.462929459923254,9.522542953491211,432675,0.0,0.0
2005-06-21 00:00:00-04:00,9.527724518215047,9.584745199844399,9.462927113580198,9.535499572753906,249075,0.0,0.0
2005-06-22 00:00:00-04:00,9.564012686645102,9.6417682565876,9.540685848815647,9.58993148803711,435038,0.0,0.0
2005-06-23 00:00:00-04:00,9.576970618395368,9.576970618395368,9.374804990821584,9.385172843933105,517388,0.0,0.0
2005-06-24 00:00:00-04:00,9.38258030239515,9.395539283752441,9.219291631352958,9.395539283752441,1149188,0.0,0.0
2005-06-27 00:00:00-04:00,9.38257827951966,9.494028498403972,9.317780884003318,9.457742691040039,427613,0.0,0.0
2005-06-28 00:00:00-04:00,9.499214834573632,9.693605419067291,9.4732968685924,9.691014289855957,581513,0.0,0.0
2005-06-29 00:00:00-04:00,9.706566687648298,9.706566687648298,9.639178130707267,9.703974723815918,400613,0.0,0.0
2005-06-30 00:00:00-04:00,9.72989287169759,9.771362621751614,9.641768610040847,9.665096282958984,564975,0.0,0.0
2005-07-01 00:00:00-04:00,9.644359214064611,9.703972701317493,9.592522450921656,9.633992195129395,358088,0.0,0.0
2005-07-05 00:00:00-04:00,9.602885822749629,9.716927148984977,9.4862508659656,9.706560134887695,742500,0.0,0.0
2005-07-06 00:00:00-04:00,9.70656378535405,9.716930803350184,9.626215433275542,9.680644989013672,398250,0.0,0.0
2005-07-07 00:00:00-04:00,9.641762751289223,9.740254807728222,9.564007225743936,9.706560134887695,780300,0.0,0.0
2005-07-08 00:00:00-04:00,9.698788093050577,9.86725985556604,9.685829111734025,9.864667892456055,976388,0.0,0.0
2005-07-11 00:00:00-04:00,9.862074350946603,9.887993977898098,9.773950956244503,9.849115371704102,1047263,0.0,0.0
2005-07-12 00:00:00-04:00,9.849118526323519,9.849118526323519,9.64176811816431,9.654727935791016,996975,0.0,0.0
2005-07-13 00:00:00-04:00,9.649542960447269,9.649542960447269,9.328151197489008,9.382580757141113,2794500,0.0,0.0
2005-07-14 00:00:00-04:00,9.395539496916667,9.408499312801371,9.289272343595705,9.31000804901123,721238,0.0,0.0
2005-07-15 00:00:00-04:00,9.28409042214151,9.408501344567602,9.271132271925296,9.379990577697754,989888,0.0,0.0
2005-07-18 00:00:00-04:00,9.354067012374163,9.4473751650118,9.304822224756931,9.377394676208496,746550,0.0,0.0
2005-07-19 00:00:00-04:00,9.42923279977747,9.501805261798719,9.398130911935043,9.408498764038086,1230525,0.0,0.0
2005-07-20 00:00:00-04:00,9.374802686493013,9.514763663695524,9.356658948007583,9.488844871520996,1007775,0.0,0.0
2005-07-21 00:00:00-04:00,9.48625511572438,9.525133730147349,9.377396830653593,9.382580757141113,1018238,0.0,0.0
2005-07-22 00:00:00-04:00,9.382577077060098,9.60288635826805,9.328147538756618,9.564007759094238,720900,0.0,0.0
2005-07-25 00:00:00-04:00,9.473295973550822,9.561419385414837,9.356660966487569,9.3592529296875,534600,0.0,0.0
2005-07-26 00:00:00-04:00,9.34369989842796,9.35665887730068,9.19596386865277,9.263352394104004,1318950,0.0,0.0
2005-07-27 00:00:00-04:00,9.227067080805687,9.247801950528846,9.066370380542867,9.20892333984375,2952113,0.0,0.0
2005-07-28 00:00:00-04:00,9.22706604697678,9.299638499993263,9.20114808840177,9.294454574584961,749925,0.0,0.0
2005-07-29 00:00:00-04:00,9.278908200664988,9.392951289112053,9.278908200664988,9.3307466506958,1148513,0.0,0.0
2005-08-01 00:00:00-04:00,9.330742462721739,9.442192702698952,9.328150499671878,9.390355110168457,1084050,0.0,0.0
2005-08-02 00:00:00-04:00,9.408498598795562,9.496621168956967,9.39813074687461,9.449968338012695,813375,0.0,0.0
2005-08-03 00:00:00-04:00,9.426639928932305,9.473294424669655,9.377395138885356,9.434415817260742,993938,0.0,0.0
2005-08-04 00:00:00-04:00,9.408495966315684,9.418862981102626,9.307412775302643,9.32296371459961,671963,0.0,0.0
2005-08-05 00:00:00-04:00,9.330740209488779,9.35147424041399,9.216697199768012,9.268535614013672,578475,0.0,0.0
2005-08-08 00:00:00-04:00,9.252983839470026,9.356658165261871,9.247799914622144,9.268535614013672,433013,0.0,0.0
2005-08-09 00:00:00-04:00,9.265946639400553,9.304824419829517,9.24002700680334,9.273721694946289,352350,0.0,0.0
2005-08-10 00:00:00-04:00,9.30482388328881,9.377396347676004,9.157086991404162,9.240026473999023,598050,0.0,0.0
2005-08-11 00:00:00-04:00,9.24002831191741,9.367030358415105,9.188191542101547,9.351478576660156,900450,0.0,0.0
2005-08-12 00:00:00-04:00,9.325556270225679,9.333332157485483,9.13116576259586,9.201147079467773,628088,0.0,0.0
2005-08-15 00:00:00-04:00,9.167452072647839,9.240024521701413,9.110431398969947,9.216697692871094,627413,0.0,0.0
2005-08-16 00:00:00-04:00,9.214104202602318,9.214104202602318,9.094878115655888,9.113021850585938,928125,0.0,0.0
2005-08-17 00:00:00-04:00,9.076740438132006,9.232253250194681,9.071556510883209,9.190783500671387,841725,0.0,0.0
2005-08-18 00:00:00-04:00,9.151901654209185,9.198556148767663,9.076737238300039,9.115615844726562,877163,0.0,0.0
2005-08-19 00:00:00-04:00,9.097473563663247,9.1130253424194,8.941961615735412,9.0637788772583,1542713,0.0,0.0
2005-08-22 00:00:00-04:00,9.063780938620939,9.120803306128629,9.032679042501943,9.087108612060547,819450,0.0,0.0
2005-08-23 00:00:00-04:00,9.076735290671722,9.123389775219378,9.006754815199848,9.092287063598633,699300,0.0,0.0
2005-08-24 00:00:00-04:00,9.094879386610979,9.154492855531352,9.009347961206213,9.032674789428711,651375,0.0,0.0
2005-08-25 00:00:00-04:00,9.071554766636376,9.149311157716987,9.037860914464815,9.0637788772583,391500,0.0,0.0
2005-08-26 00:00:00-04:00,9.061185209880538,9.081920074846499,8.869386666153966,9.045634269714355,901463,0.0,0.0
2005-08-29 00:00:00-04:00,9.043044844768378,9.061187752425301,8.936777693487263,8.996390342712402,1320300,0.0,0.0
2005-08-30 00:00:00-04:00,8.99638821548209,9.01712391559655,8.895305848590045,8.944551467895508,656438,0.0,0.0
2005-08-31 00:00:00-04:00,8.949735200640951,9.159677505493164,8.882346673134855,9.159677505493164,831600,0.0,0.0
2005-09-01 00:00:00-04:00,9.167452689608368,9.263352808179448,9.123391825778292,9.229658126831055,428288,0.0,0.0
2005-09-02 00:00:00-04:00,9.227065197549814,9.265943800299738,9.151900788748682,9.16226863861084,332438,0.0,0.0
2005-09-06 00:00:00-04:00,9.19337309864937,9.335926055908203,9.162270377393504,9.335926055908203,620663,0.0,0.0
2005-09-07 00:00:00-04:00,9.341114323192977,9.390359139571201,9.302235694995607,9.37221622467041,432338,0.0,0.0
2005-09-08 00:00:00-04:00,9.322967030662532,9.369620699380661,9.281496454064882,9.31000804901123,403313,0.0,0.0
2005-09-09 00:00:00-04:00,9.330739524651502,9.343698501586914,9.276309151976863,9.343698501586914,463388,0.0,0.0
2005-09-12 00:00:00-04:00,9.343698328639801,9.359249267521076,9.276308980277093,9.317779541015625,452250,0.0,0.0
2005-09-13 00:00:00-04:00,9.284085149215246,9.341107484802501,9.22188055756508,9.281493186950684,391500,0.0,0.0
2005-09-14 00:00:00-04:00,9.312602897661892,9.315194027408282,9.120804237007423,9.154498100280762,554513,0.0,0.0
2005-09-15 00:00:00-04:00,9.17522924134796,9.190781018894926,9.050820026372158,9.136350631713867,465413,0.0,0.0
2005-09-16 00:00:00-04:00,9.19337153602274,9.268535946312372,9.084512447247,9.255576133728027,1016213,0.0,0.0
2005-09-19 00:00:00-04:00,9.221883799267072,9.224475762442768,8.869389320873427,8.954920768737793,904500,0.0,0.0
2005-09-20 00:00:00-04:00,8.954919095044513,8.954919095044513,8.760529401299765,8.825325965881348,661838,0.0,0.0
2005-09-21 00:00:00-04:00,8.812368701125145,8.812368701125145,8.693143388244824,8.70610237121582,738113,0.0,0.0
2005-09-22 00:00:00-04:00,8.708694049892788,8.75275575848029,8.63871354197732,8.677591323852539,1765800,0.0,0.0
2005-09-23 00:00:00-04:00,8.677591153410322,8.732019880119866,8.64389646467575,8.719060897827148,1874813,0.0,0.0
2005-09-26 00:00:00-04:00,8.752752896919803,8.884937979466695,8.752752896919803,8.812365531921387,4544775,0.0,0.0
2005-09-27 00:00:00-04:00,8.820143689002006,9.006758363784911,8.820143689002006,8.954920768737793,1071900,0.0,0.0
2005-09-28 00:00:00-04:00,8.941960333743598,8.978246978072223,8.79940738765005,8.87716293334961,553500,0.0,0.0
2005-09-29 00:00:00-04:00,8.877164648093691,9.048229217529297,8.859021739541463,9.048229217529297,627413,0.0,0.0
2005-09-30 00:00:00-04:00,9.053409299747504,9.13634791752566,9.022305753893685,9.092287063598633,646988,0.0,0.0
2005-10-03 00:00:00-04:00,9.071556091308594,9.151904457248085,9.04045419772141,9.071556091308594,799875,0.0,0.0
2005-10-04 00:00:00-04:00,9.089699714404059,9.100066734050117,8.84087956362972,8.84347152709961,634838,0.0,0.0
2005-10-05 00:00:00-04:00,8.812363287133556,8.817547210830536,8.605013847351074,8.605013847351074,1083038,0.0,0.0
2005-10-06 00:00:00-04:00,8.630937077693394,8.677590746533175,8.573915556118816,8.6179780960083,2807663,0.0,0.0
2005-10-07 00:00:00-04:00,8.693145478079966,8.776084991193397,8.651674887289564,8.755350112915039,735413,0.0,0.0
2005-10-10 00:00:00-04:00,8.757939934201378,8.783857900032793,8.656855863138144,8.682775497436523,2559938,0.0,0.0
2005-10-11 00:00:00-04:00,8.71387207382281,8.71387207382281,8.560952164392681,8.605013847351074,964575,0.0,0.0
2005-10-12 00:00:00-04:00,8.597240938329604,8.636119545284481,8.478014823185617,8.540220260620117,754650,0.0,0.0
2005-10-13 00:00:00-04:00,8.540222628333012,8.57132535567326,8.493568954439386,8.529854774475098,759713,0.0,0.0
2005-10-14 00:00:00-04:00,8.553182509641609,8.592060297224583,8.46246711579228,8.57132625579834,803588,0.0,0.0
2005-10-17 00:00:00-04:00,8.592059308007576,8.594651271445835,8.457282214619017,8.550589561462402,369225,0.0,0.0
2005-10-18 00:00:00-04:00,8.553178831645132,8.586872677265891,8.488382268792485,8.576505661010742,1174500,0.0,0.0
2005-10-19 00:00:00-04:00,8.579096885165406,8.80458927154541,8.54540304244493,8.80458927154541,861975,0.0,0.0
2005-10-20 00:00:00-04:00,8.786445653235488,8.8382840627592,8.584279276448646,8.63093376159668,884925,0.0,0.0
2005-10-21 00:00:00-04:00,8.643896059378488,8.737203397058048,8.384708917575995,8.6179780960083,915638,0.0,0.0
2005-10-24 00:00:00-04:00,8.60242872333253,8.776084465584672,8.60242872333253,8.721654891967773,683775,0.0,0.0
2005-10-25 00:00:00-04:00,8.687955129843754,8.74497579441445,8.550585307131598,8.739791870117188,1265288,0.0,0.0
2005-10-26 00:00:00-04:00,8.760532107736074,8.773491090962578,8.454690426481946,8.511711120605469,683438,0.0,0.0
2005-10-27 00:00:00-04:00,8.423581822132977,8.423581822132977,8.164394021758,8.265477180480957,2200500,0.0,0.0
2005-10-28 00:00:00-04:00,8.216235666182826,8.47801386307142,8.200683891468769,8.472830772399902,1941300,0.0,0.0
2005-10-31 00:00:00-05:00,8.472828776736321,8.685362139670465,8.444317196476081,8.649075508117676,1314900,0.0,0.0
2005-11-01 00:00:00-05:00,8.617977106965999,8.716467525476299,8.617977106965999,8.664629936218262,2306813,0.0,0.0
2005-11-02 00:00:00-05:00,8.638709240113695,8.786445238210723,8.638709240113695,8.776078224182129,927788,0.0,0.0
2005-11-03 00:00:00-05:00,8.776078727630367,8.80977256794748,8.734608166437862,8.789037704467773,1229175,0.0,0.0
2005-11-04 00:00:00-05:00,8.791633346392121,8.853837962866786,8.783857456495248,8.85124683380127,902475,0.0,0.0
2005-11-07 00:00:00-05:00,8.848653379292186,8.905674893792884,8.757938016050138,8.817550659179688,500175,0.0,0.0
2005-11-08 00:00:00-05:00,8.791628942497443,8.812363804269177,8.68536267163818,8.729423522949219,605813,0.0,0.0
2005-11-09 00:00:00-05:00,8.732020501415132,8.817552793873197,8.698326644516637,8.734612464904785,409725,0.0,0.0
2005-11-10 00:00:00-05:00,8.721656115963146,8.840882301330566,8.636124631904808,8.840882301330566,809663,0.0,0.0
2005-11-11 00:00:00-05:00,8.817550623042994,8.931592817343715,8.778672848736676,8.929000854492188,531900,0.0,0.0
2005-11-14 00:00:00-05:00,8.926413444720078,8.926413444720078,8.817555120597243,8.856432914733887,353700,0.0,0.0
2005-11-15 00:00:00-05:00,8.864203568655329,8.877162547631091,8.776080175767104,8.799407005310059,466763,0.0,0.0
2005-11-16 00:00:00-05:00,8.79681512274727,8.81495802717179,8.69832387839527,8.778672218322754,438413,0.0,0.0
2005-11-17 00:00:00-05:00,8.809770893590782,8.94714069366455,8.783852110608915,8.94714069366455,396225,0.0,0.0
2005-11-18 00:00:00-05:00,9.004166232093963,9.006758195221149,8.900491878173419,8.996390342712402,636188,0.0,0.0
2005-11-21 00:00:00-05:00,8.967882137074971,9.193375464295785,8.931595480566928,9.190783500671387,1041525,0.0,0.0
2005-11-22 00:00:00-05:00,9.190778702919706,9.250391332461387,9.133756367183157,9.234840393066406,689850,0.0,0.0
2005-11-23 00:00:00-05:00,9.23743841579304,9.24780543744687,9.128580100142711,9.13376235961914,408713,0.0,0.0
2005-11-25 00:00:00-05:00,9.131168863496837,9.157087662264924,9.100066138128447,9.14412784576416,137363,0.0,0.0
2005-11-28 00:00:00-05:00,9.128573781227255,9.128573781227255,9.040449569885292,9.074143409729004,623700,0.0,0.0
2005-11-29 00:00:00-05:00,9.107843487551069,9.193375787462243,9.074148793482987,9.087108612060547,677025,0.0,0.0
2005-11-30 00:00:00-05:00,9.071556265736614,9.110434884818414,9.011943606687023,9.030086517333984,686475,0.0,0.0
2005-12-01 00:00:00-05:00,9.063778208481832,9.11302467000925,9.004165563681955,9.08969783782959,812025,0.0,0.0
2005-12-02 00:00:00-05:00,9.063780200795044,9.071556091308594,8.973065649304502,9.071556091308594,537975,0.0,0.0
2005-12-05 00:00:00-05:00,9.04563505483275,9.056002905332186,8.952326903037495,9.019716262817383,391500,0.0,0.0
2005-12-06 00:00:00-05:00,9.043044301030266,9.045636264001603,8.952328099733448,8.960103988647461,801900,0.0,0.0
2005-12-07 00:00:00-05:00,8.96269899269216,8.973066848095359,8.869391630997843,8.9186372756958,955463,0.0,0.0
2005-12-08 00:00:00-05:00,8.897899169539118,8.949735925039576,8.864204485942173,8.9082670211792,886275,0.0,0.0
2005-12-09 00:00:00-05:00,8.929000854492188,8.975655351586383,8.877163265928234,8.929000854492188,742163,0.0,0.0
2005-12-12 00:00:00-05:00,8.939368827757306,8.941960790644165,8.830510557675712,8.864204406738281,2047950,0.0,0.0
2005-12-13 00:00:00-05:00,8.861613729089768,8.88753252748418,8.809776132300946,8.848654747009277,683775,0.0,0.0
2005-12-14 00:00:00-05:00,8.859021758289302,8.936778153406376,8.851246702740994,8.916043281555176,798863,0.0,0.0
2005-12-15 00:00:00-05:00,8.923817966394507,8.929001892700317,8.799408740455451,8.838287353515625,673650,0.0,0.0
2005-12-16 00:00:00-05:00,8.861616750947922,8.869392643387895,8.786452293395996,8.786452293395996,1346625,0.0,0.0
2005-12-19 00:00:00-05:00,8.79940900403029,8.79940900403029,8.703509701433857,8.711285591125488,649688,0.0,0.0
2005-12-20 00:00:00-05:00,8.708690199192874,8.952325470374607,8.708690199192874,8.897896766662598,822488,0.0,0.0
2005-12-21 00:00:00-05:00,8.908268226006868,8.949737135475841,8.874573537852774,8.916043281555176,619988,0.0,0.0
2005-12-22 00:00:00-05:00,8.916045647801155,8.936780525155225,8.877167022807834,8.90308666229248,606825,0.0,0.0
2005-12-23 00:00:00-05:00,8.921226212544065,9.004165690693533,8.905675268949372,8.960103988647461,355388,0.0,0.0
2005-12-27 00:00:00-05:00,8.993796252967783,9.019715878110857,8.926407730295358,8.944551467895508,888300,0.0,0.0
2005-12-28 00:00:00-05:00,8.962694371262472,8.9730622213197,8.910857623675888,8.944551467895508,226125,0.0,0.0
2005-12-29 00:00:00-05:00,8.94455283345285,8.94455283345285,8.846061579805347,8.9082670211792,560588,0.0,0.0
2005-12-30 00:00:00-05:00,8.908269797314361,8.99380042883285,8.887534087572213,8.931595802307129,777938,0.0,0.0
2006-01-03 00:00:00-05:00,8.965287336878358,9.071553640688867,8.8642041244432,9.03526782989502,761063,0.0,0.0
2006-01-04 00:00:00-05:00,9.043044301021371,9.058595244616047,9.001573727713343,9.02749252319336,437063,0.0,0.0
2006-01-05 00:00:00-05:00,9.03008390428639,9.058594660900573,8.991206130688226,9.03526782989502,518063,0.0,0.0
2006-01-06 00:00:00-05:00,9.058597108019518,9.089699835840209,9.00157557938717,9.071556091308594,688163,0.0,0.0
2006-01-09 00:00:00-05:00,9.087104841615373,9.128575409622917,9.06377717785494,9.110431671142578,736425,0.0,0.0
2006-01-10 00:00:00-05:00,9.097473928965352,9.138943672180176,9.079331020588043,9.138943672180176,400275,0.0,0.0
2006-01-11 00:00:00-05:00,9.138938749286709,9.151898558456137,8.998977815654698,9.068958282470703,382050,0.0,0.0
2006-01-12 00:00:00-05:00,9.1026540779835,9.146715766143599,9.066367442053783,9.092287063598633,974025,0.0,0.0
2006-01-13 00:00:00-05:00,9.092292169735094,9.118210971602599,9.05600634766071,9.07933235168457,444488,0.0,0.0
2006-01-17 00:00:00-05:00,9.01453155514884,9.071552225246943,9.009347630349062,9.045634269714355,613913,0.0,0.0
2006-01-18 00:00:00-05:00,9.011940081544694,9.068960754735523,8.962694461742089,8.991205215454102,706725,0.0,0.0
2006-01-19 00:00:00-05:00,8.998984851704538,8.998984851704538,8.913453381243567,8.941964149475098,1004738,0.0,0.0
2006-01-20 00:00:00-05:00,8.993796298482666,9.004164148592363,8.949734603982833,8.967878341674805,776588,0.0,0.0
2006-01-23 00:00:00-05:00,8.952325470374607,8.980837054685276,8.838284138530467,8.897896766662598,732713,0.0,0.0
2006-01-24 00:00:00-05:00,8.921226748957528,9.001574268966776,8.913450859575967,8.996390342712402,743850,0.0,0.0
2006-01-25 00:00:00-05:00,9.001576669592131,9.05082314790881,8.962698880782805,9.006760597229004,481950,0.0,0.0
2006-01-26 00:00:00-05:00,9.035265564666108,9.09747015367453,8.980836862121143,9.092287063598633,1039500,0.0,0.0
2006-01-27 00:00:00-05:00,9.071553065775085,9.149309442276845,9.068961103135036,9.110431671142578,474188,0.0,0.0
2006-01-30 00:00:00-05:00,9.09747426495204,9.110434081581191,9.022309831203323,9.053413391113281,615938,0.0,0.0
2006-01-31 00:00:00-05:00,9.024900016773568,9.074145641796864,8.993797297223779,9.05600357055664,1199813,0.0,0.0
2006-02-01 00:00:00-05:00,9.027491316458736,9.068961049990035,9.00157252444337,9.019716262817383,784013,0.0,0.0
2006-02-02 00:00:00-05:00,9.009350622002293,9.048229236677544,8.916043281555176,8.916043281555176,905513,0.0,0.0
2006-02-03 00:00:00-05:00,8.890127304715616,8.949739975928404,8.890127304715616,8.892719268798828,1038150,0.0,0.0
2006-02-06 00:00:00-05:00,8.871976306440432,8.99379350195239,8.871976306440432,8.94714069366455,1000013,0.0,0.0
2006-02-07 00:00:00-05:00,8.918632657847198,9.0015721211943,8.812365531921387,8.812365531921387,1438425,0.0,0.0
2006-02-08 00:00:00-05:00,8.820139906251034,9.014530387191515,8.786445233651243,8.998978614807129,1420200,0.0,0.0
2006-02-09 00:00:00-05:00,9.00675728102254,9.128576198701985,9.00675728102254,9.084513664245605,1341563,0.0,0.0
2006-02-10 00:00:00-05:00,9.097472894258054,9.28149558879813,9.053412027057837,9.224474906921387,2442150,0.0,0.0
2006-02-13 00:00:00-05:00,9.232248430795059,9.252983294732735,9.170043004748921,9.234840393066406,1664550,0.0,0.0
2006-02-14 00:00:00-05:00,9.07155059199931,9.07414255393254,8.744975067674282,9.009346008300781,5448600,0.0,0.0
2006-02-15 00:00:00-05:00,9.138942141371002,9.247801241867355,9.118208107470041,9.214106559753418,2608875,0.0,0.0
2006-02-16 00:00:00-05:00,9.227063651888018,9.395535344294533,9.22187972782532,9.392943382263184,3248438,0.0,0.0
2006-02-17 00:00:00-05:00,9.281493570882121,9.53549754098506,9.281493570882121,9.532905578613281,1944000,0.0,0.0
2006-02-21 00:00:00-05:00,9.532907065821187,9.561417822125517,9.416272912060995,9.434415817260742,2000025,0.0,0.0
2006-02-22 00:00:00-05:00,9.460336052489119,9.602889855735135,9.405907328595257,9.579562187194824,1376325,0.0,0.0
2006-02-23 00:00:00-05:00,9.579559782760514,9.613254461294767,9.56660080439084,9.569191932678223,3370275,0.0,0.0
2006-02-24 00:00:00-05:00,9.538089889364427,9.615846260965185,9.460333517763669,9.608070373535156,1485338,0.0,0.0
2006-02-27 00:00:00-05:00,9.600299961888648,9.62880989444971,9.587340143239459,9.605483055114746,654075,0.0,0.0
2006-02-28 00:00:00-05:00,9.589927370032289,9.589927370032289,9.437006590908414,9.49661922454834,697950,0.0,0.0
2006-03-01 00:00:00-05:00,9.499212265014648,9.525131892451537,9.452559438328034,9.499212265014648,1059750,0.0,0.0
2006-03-02 00:00:00-05:00,9.494032434069538,9.527727127075195,9.447378757128504,9.527727127075195,841050,0.0,0.0
2006-03-03 00:00:00-05:00,9.501805636612282,9.530317231020337,9.462927858158977,9.486254692077637,965250,0.0,0.0
2006-03-06 00:00:00-05:00,9.24002868271126,9.649544770054835,9.24002868271126,9.605483055114746,2122200,0.0,0.0
2006-03-07 00:00:00-05:00,9.564009752654691,9.654725112580833,9.512172165773103,9.610663414001465,1069200,0.0,0.0
2006-03-08 00:00:00-05:00,9.58993105630646,9.719524223198798,9.57437927563127,9.693605422973633,1957838,0.0,0.0
2006-03-09 00:00:00-05:00,9.696199816358062,9.745446299937544,9.672873807966582,9.727302551269531,3903525,0.0,0.0
2006-03-10 00:00:00-05:00,9.72470701623633,9.843933149677499,9.667686329776096,9.799871444702148,1555538,0.0,0.0
2006-03-13 00:00:00-05:00,9.825792493596042,9.830976421071307,9.732485135975601,9.786913871765137,1925775,0.0,0.0
2006-03-14 00:00:00-05:00,9.797281142049751,9.825791907228707,9.693605935665738,9.794689178466797,853875,0.0,0.0
2006-03-15 00:00:00-05:00,9.792094008692246,10.134221410351069,9.779135029254125,10.121261596679688,8837775,0.0,0.0
2006-03-16 00:00:00-05:00,10.121261849139405,10.310469293828243,10.121261849139405,10.19383430480957,2567700,0.0,0.0
2006-03-17 00:00:00-05:00,10.209387875514162,10.209387875514162,10.069426865178873,10.123855590820312,4168125,0.0,0.0
2006-03-20 00:00:00-05:00,10.126447596273955,10.126447596273955,10.056467090814685,10.077202796936035,1378688,0.0,0.0
2006-03-21 00:00:00-05:00,10.074611892698497,10.095346766766037,9.991671562194824,9.991671562194824,1589625,0.0,0.0
2006-03-22 00:00:00-05:00,9.991671966872325,10.03055058727793,9.960570071628101,10.022774696350098,2999700,0.0,0.0
2006-03-23 00:00:00-05:00,10.02277360909412,10.157550698488132,9.97352713946026,10.087570190429688,1422900,0.0,0.0
2006-03-24 00:00:00-05:00,10.087570478153204,10.126448261216748,10.014998004663369,10.118672370910645,597038,0.0,0.0
2006-03-27 00:00:00-05:00,10.11866817293592,10.14717975889624,10.087566293081847,10.10571002960205,1037475,0.0,0.0
2006-03-28 00:00:00-05:00,10.121260728974375,10.256038608435803,10.097934734832169,10.165323257446289,1232213,0.0,0.0
2006-03-29 00:00:00-05:00,10.170508757833542,10.31824563850584,10.170508757833542,10.245673179626465,1857263,0.0,0.0
2006-03-30 00:00:00-05:00,10.237895841330738,10.289733423795514,10.183466296319406,10.23530387878418,1045238,0.0,0.0
2006-03-31 00:00:00-05:00,10.237895645699336,10.36748959938492,10.235303683202305,10.318243980407715,1100588,0.0,0.0
2006-04-03 00:00:00-04:00,10.318245686131888,10.367491313249959,10.258632207311773,10.338979721069336,894375,0.0,0.0
2006-04-04 00:00:00-04:00,10.320837276030746,10.460798263549805,10.250856782271217,10.460798263549805,1731713,0.0,0.0
2006-04-05 00:00:00-04:00,10.471164455040087,10.533369055399577,10.411550983074838,10.465980529785156,742163,0.0,0.0
2006-04-06 00:00:00-04:00,10.46598319043206,10.484126099203356,10.338981160566123,10.41673755645752,3835688,0.0,0.0
2006-04-07 00:00:00-04:00,10.44783937038791,10.471166203697393,10.22234692647404,10.305286407470703,851850,0.0,0.0
2006-04-10 00:00:00-04:00,10.307880580762186,10.338982475688168,10.165327587278552,10.269001960754395,1150200,0.0,0.0
2006-04-11 00:00:00-04:00,10.263813952426693,10.30269255697558,10.069424266615094,10.129036903381348,872775,0.0,0.0
2006-04-12 00:00:00-04:00,10.139407073690395,10.19901972409644,10.084977515408015,10.160141944885254,873113,0.0,0.0
2006-04-13 00:00:00-04:00,10.147183430828205,10.17310222957452,10.053875254801415,10.082386016845703,1028700,0.0,0.0
2006-04-17 00:00:00-04:00,10.09793663097112,10.18865116476136,9.989077521956146,10.030548095703125,824513,0.0,0.0
2006-04-18 00:00:00-04:00,10.07201890109153,10.175694095080427,10.07201890109153,10.16791820526123,942300,0.0,0.0
2006-04-19 00:00:00-04:00,10.167916757775057,10.2871428801961,10.152364980350587,10.224937438964844,989213,0.0,0.0
2006-04-20 00:00:00-04:00,10.211978458677764,10.276775028579786,10.139406000063508,10.224937438964844,880538,0.0,0.0
2006-04-21 00:00:00-04:00,10.28972999130049,10.302688965477172,10.157544116687161,10.201605796813965,974700,0.0,0.0
2006-04-24 00:00:00-04:00,10.173100843716965,10.266407338565953,10.110896235739865,10.248265266418457,1805625,0.0,0.0
2006-04-25 00:00:00-04:00,10.183468869853431,10.19901981482957,10.056466844142504,10.07201862335205,2054025,0.0,0.0
2006-04-26 00:00:00-04:00,10.007219185785967,10.087567526068296,9.73248115283978,10.002036094665527,2773575,0.0,0.0
2006-04-27 00:00:00-04:00,9.93724325888612,10.123857983436661,9.859486845578854,10.046101570129395,1756013,0.0,0.0
2006-04-28 00:00:00-04:00,10.04609871323622,10.053874602625738,9.877627783663732,9.978710174560547,2371950,0.0,0.0
2006-05-01 00:00:00-04:00,10.017588651321798,10.048690539991004,9.960567965939337,10.038324356079102,2012850,0.0,0.0
2006-05-02 00:00:00-04:00,10.030548095703125,10.061649983221681,9.978709669961065,10.030548095703125,1079663,0.0,0.0
2006-05-03 00:00:00-04:00,10.004630638243269,10.007221767355304,9.784321261977656,9.976119041442871,1561950,0.0,0.0
2006-05-04 00:00:00-04:00,9.976120115959116,10.144592746161269,9.939834293680851,10.134224891662598,1059075,0.0,0.0
2006-05-05 00:00:00-04:00,10.199022056732094,10.32861607413138,10.199022056732094,10.281962394714355,1507275,0.0,0.0
2006-05-08 00:00:00-04:00,10.284551537221537,10.30787837053102,10.206795148112144,10.305286407470703,1432688,0.0,0.0
2006-05-09 00:00:00-04:00,10.305286318335694,10.396001687728669,10.284551448265875,10.39081859588623,1483313,0.0,0.0
2006-05-10 00:00:00-04:00,10.367490191904523,10.377857208251953,10.320836532758014,10.377857208251953,1430663,0.0,0.0
2006-05-11 00:00:00-04:00,10.36489855585164,10.36489855585164,10.18605896733273,10.29750919342041,1245375,0.0,0.0
2006-05-12 00:00:00-04:00,10.284550288812312,10.287142251557999,10.154956322694327,10.209385871887207,1449900,0.0,0.0
2006-05-15 00:00:00-04:00,10.157547522003012,10.3674898147583,10.009810662002328,10.3674898147583,2289600,0.0,0.0
2006-05-16 00:00:00-04:00,10.367492057379039,10.383043001814958,10.281959777398034,10.354532241821289,2020613,0.0,0.0
2006-05-17 00:00:00-04:00,10.289735666732684,10.367492057379039,10.263816035617186,10.354532241821289,1740825,0.0,0.0
2006-05-18 00:00:00-04:00,10.341572813020937,10.35453262906336,10.214571621205646,10.230122566223145,2087438,0.0,0.0
2006-05-19 00:00:00-04:00,10.232714416654527,10.237898343014365,10.074610502313329,10.092753410339355,2222100,0.0,0.0
2006-05-22 00:00:00-04:00,10.095343256885979,10.15495589482525,9.960566205188583,10.10830307006836,2557575,0.0,0.0
2006-05-23 00:00:00-04:00,10.167918489374996,10.186061398559977,9.950201076454874,9.976119041442871,916313,0.0,0.0
2006-05-24 00:00:00-04:00,9.950197826469486,9.952789788968378,9.548457821105577,9.833562850952148,2929500,0.0,0.0
2006-05-25 00:00:00-04:00,9.885401215922965,9.919095059769115,9.680642853427772,9.807644844055176,1719225,0.0,0.0
2006-05-26 00:00:00-04:00,9.843930776803349,10.059056157770328,9.828379835923355,10.056464195251465,1410075,0.0,0.0
2006-05-30 00:00:00-04:00,10.030546501019279,10.048688570659706,9.88280963897705,9.88280963897705,990225,0.0,0.0
2006-05-31 00:00:00-04:00,9.921685312821959,10.01758457133288,9.823194926505069,9.965747833251953,897075,0.0,0.0
2006-06-01 00:00:00-04:00,9.947606959636131,10.048689337060523,9.92168816602562,10.0331392288208,857925,0.0,0.0
2006-06-02 00:00:00-04:00,10.038322374055848,10.110894823677171,9.926871319924366,10.06164836883545,1040513,0.0,0.0
2006-06-05 00:00:00-04:00,10.03573392428711,10.051284036761054,9.82320042619569,9.87503719329834,1012500,0.0,0.0
2006-06-06 00:00:00-04:00,9.882812910957075,9.939833604042972,9.771361819763142,9.91650676727295,1368225,0.0,0.0
2006-06-07 00:00:00-04:00,9.921688992498252,9.991669490805997,9.830973624421546,9.898362159729004,1600763,0.0,0.0
2006-06-08 00:00:00-04:00,9.872445229808182,9.924282831144334,9.641767987285657,9.87503719329834,1846463,0.0,0.0
2006-06-09 00:00:00-04:00,9.875033450239876,9.898360278575932,9.678050973520653,9.789501190185547,1040850,0.0,0.0
2006-06-12 00:00:00-04:00,9.779134750366211,9.856891127477208,9.667684527137045,9.779134750366211,1162013,0.0,0.0
2006-06-13 00:00:00-04:00,9.760991134155885,9.856890408662684,9.582151563265803,9.719520568847656,1630463,0.0,0.0
2006-06-14 00:00:00-04:00,9.719523595813483,9.742851265320494,9.569194731057799,9.67546272277832,1290600,0.0,0.0
2006-06-15 00:00:00-04:00,9.667688246616555,9.716933053409736,9.626217662328976,9.665096282958984,2155950,0.0,0.0
2006-06-16 00:00:00-04:00,9.66768517580423,9.693603135680332,9.579560942138984,9.61584758758545,2985525,0.0,0.0
2006-06-19 00:00:00-04:00,9.600295482925095,9.623621477143868,9.442190774569303,9.569191932678223,1224788,0.0,0.0
2006-06-20 00:00:00-04:00,9.564012686645102,9.621034216554223,9.538093885253094,9.58993148803711,1027350,0.0,0.0
2006-06-21 00:00:00-04:00,9.58992874710376,9.665093166234207,9.504396476686376,9.525132179260254,1123200,0.0,0.0
2006-06-22 00:00:00-04:00,9.522540966004806,9.522540966004806,9.351476411704699,9.408498764038086,1950413,0.0,0.0
2006-06-23 00:00:00-04:00,9.382580880655226,9.408499679200597,9.260762777762006,9.385172843933105,855563,0.0,0.0
2006-06-26 00:00:00-04:00,9.40590597156138,9.429231968269542,9.372211289431172,9.411089897155762,910575,0.0,0.0
2006-06-27 00:00:00-04:00,9.395535606962595,9.395535606962595,9.151899511534774,9.177818298339844,1078988,0.0,0.0
2006-06-28 00:00:00-04:00,9.201147793895146,9.307414090197765,9.136349562598655,9.263352394104004,629775,0.0,0.0
2006-06-29 00:00:00-04:00,9.315190929790411,9.421457246467023,9.221883594471091,9.395539283752441,897413,0.0,0.0
2006-06-30 00:00:00-04:00,9.421456003380015,9.434415817260742,9.317781663500552,9.434415817260742,1856588,0.0,0.0
2006-07-03 00:00:00-04:00,9.460335521853247,9.460335521853247,9.364436226833503,9.408498764038086,414113,0.0,0.0
2006-07-05 00:00:00-04:00,9.356657555448553,9.38257717799867,9.22447248584158,9.32296371459961,618638,0.0,0.0
2006-07-06 00:00:00-04:00,9.310006350809866,9.377394878418047,9.219290158864329,9.294454574584961,643275,0.0,0.0
2006-07-07 00:00:00-04:00,9.268539365355817,9.268539365355817,8.998983506497693,9.001575469970703,1448888,0.0,0.0
2006-07-10 00:00:00-04:00,9.027489807037705,9.151899821063125,8.954917368375634,9.0974702835083,1125563,0.0,0.0
2006-07-11 00:00:00-04:00,9.071555853557001,9.221884727478027,8.998983380033074,9.221884727478027,1277438,0.0,0.0
2006-07-12 00:00:00-04:00,9.193371637456234,9.242616423120511,9.115615263791822,9.123391151428223,801900,0.0,0.0
2006-07-13 00:00:00-04:00,9.08969842043065,9.20114949683614,9.040452789980174,9.08192253112793,1091813,0.0,0.0
2006-07-14 00:00:00-04:00,9.07673416797236,9.094877066576592,8.993793891986925,9.068958282470703,1437075,0.0,0.0
2006-07-17 00:00:00-04:00,9.07155327638527,9.180412372861714,9.027491578947947,9.159677505493164,725625,0.0,0.0
2006-07-18 00:00:00-04:00,9.193373020164373,9.299639329345265,9.105248783063969,9.224474906921387,604463,0.0,0.0
2006-07-19 00:00:00-04:00,9.23743357627723,9.455150927748852,9.23743357627723,9.374802589416504,680400,0.0,0.0
2006-07-20 00:00:00-04:00,9.374803712667456,9.403314470603572,9.120800522633543,9.136350631713867,560925,0.0,0.0
2006-07-21 00:00:00-04:00,9.136351913417089,9.136351913417089,9.006758754412179,9.118209838867188,983138,0.0,0.0
2006-07-24 00:00:00-04:00,9.1700433648717,9.379985643230809,9.1700433648717,9.356657981872559,864338,0.0,0.0
2006-07-25 00:00:00-04:00,9.330741184029154,9.48366114338114,9.240024992415929,9.403313636779785,600075,0.0,0.0
2006-07-26 00:00:00-04:00,9.351476957142077,9.421457460219273,9.255578490762279,9.31000804901123,551813,0.0,0.0
2006-07-27 00:00:00-04:00,9.46033531037804,9.828381538308548,9.348884239695094,9.760993003845215,1940288,0.0,0.0
2006-07-28 00:00:00-04:00,9.771360733469926,9.887995738587083,9.672870304682945,9.688421249389648,1751963,0.0,0.0
2006-07-31 00:00:00-04:00,9.654726562586164,9.706564157253036,9.49403068650558,9.688421249389648,1098900,0.0,0.0
2006-08-01 00:00:00-04:00,9.654726363673147,9.68582908667915,9.543276121398922,9.641766548156738,710100,0.0,0.0
2006-08-02 00:00:00-04:00,9.646950098443414,9.709155542031413,9.60288923010471,9.631399154663086,1091138,0.0,0.0
2006-08-03 00:00:00-04:00,9.595110386596907,9.727295453610978,9.558823749971635,9.696192741394043,918675,0.0,0.0
2006-08-04 00:00:00-04:00,9.7195192848144,9.784316669571194,9.584742259509104,9.732479095458984,1037138,0.0,0.0
2006-08-07 00:00:00-04:00,9.69360463863614,9.722115400000282,9.506989959501272,9.652134895324707,782663,0.0,0.0
2006-08-08 00:00:00-04:00,9.659907908521381,9.786909063873624,9.551049656186152,9.58474349975586,1194075,0.0,0.0
2006-08-09 00:00:00-04:00,9.631397382099767,9.67805103908795,9.424047053945003,9.455150604248047,837675,0.0,0.0
2006-08-10 00:00:00-04:00,9.4084952280236,9.53549636315467,9.351472897121035,9.483658790588379,1795838,0.0,0.0
2006-08-11 00:00:00-04:00,9.47329271201668,9.47329271201668,9.335923715115195,9.416271209716797,1043550,0.0,0.0
2006-08-14 00:00:00-04:00,9.470699814563325,9.60547683584925,9.44478102828018,9.483658790588379,317250,0.0,0.0
2006-08-15 00:00:00-04:00,9.548460743421753,9.644359214064611,9.5380928902531,9.633992195129395,639225,0.0,0.0
2006-08-16 00:00:00-04:00,9.667685017386288,9.729889621689548,9.628806409742634,9.724705696105957,667238,0.0,0.0
2006-08-17 00:00:00-04:00,9.706564157253036,9.781728586096659,9.65991048889953,9.688421249389648,638550,0.0,0.0
2006-08-18 00:00:00-04:00,9.71174608735545,9.72211310361789,9.538090431185685,9.644356727600098,524475,0.0,0.0
2006-08-21 00:00:00-04:00,9.618441520507487,9.618441520507487,9.48366359668624,9.506990432739258,373275,0.0,0.0
2006-08-22 00:00:00-04:00,9.486256440679258,9.564012846152089,9.44737865505961,9.46033763885498,378675,0.0,0.0
2006-08-23 00:00:00-04:00,9.460335521853247,9.509581150876,9.330742375965315,9.408498764038086,622013,0.0,0.0
2006-08-24 00:00:00-04:00,9.418864245361478,9.429231261539947,9.28149439857274,9.354066848754883,795150,0.0,0.0
2006-08-25 00:00:00-04:00,9.335923449118907,9.374801214158238,9.25039119810604,9.343698501586914,450563,0.0,0.0
2006-08-28 00:00:00-04:00,9.343700457028735,9.468110499117364,9.310006609405386,9.434415817260742,742838,0.0,0.0
2006-08-29 00:00:00-04:00,9.444785274346184,9.540684576437094,9.39813160490917,9.538092613220215,621338,0.0,0.0
2006-08-30 00:00:00-04:00,9.576970940898317,9.649543412422538,9.481072467554537,9.506990432739258,535613,0.0,0.0
2006-08-31 00:00:00-04:00,9.525136239688202,9.584748907300257,9.499216600421686,9.530320167541504,841388,0.0,0.0
2006-09-01 00:00:00-04:00,9.556234064654497,9.592520709925497,9.468110665648663,9.525132179260254,410063,0.0,0.0
2006-09-05 00:00:00-04:00,9.525132141089415,9.569193006182475,9.229658391395173,9.504396438598633,1141763,0.0,0.0
2006-09-06 00:00:00-04:00,9.504394320444742,9.504394320444742,9.322963637950398,9.343698501586914,697950,0.0,0.0
2006-09-07 00:00:00-04:00,9.317779896693684,9.392944300249663,9.22965651594749,9.258167266845703,811350,0.0,0.0
2006-09-08 00:00:00-04:00,9.25816975671731,9.289271644031547,9.175229444001548,9.183005332946777,1504575,0.0,0.0
2006-09-11 00:00:00-04:00,9.162270917624685,9.307415846399072,9.149311102073376,9.240026473999023,1291275,0.0,0.0
2006-09-12 00:00:00-04:00,9.265944990460783,9.45774356368084,9.237434233910966,9.348883628845215,1415138,0.0,0.0
2006-09-13 00:00:00-04:00,9.351477384426044,9.369621127493645,9.258170876959863,9.278904914855957,1762763,0.0,0.0
2006-09-14 00:00:00-04:00,9.25557495125745,9.341107200687158,9.250391026885998,9.317779541015625,985163,0.0,0.0
2006-09-15 00:00:00-04:00,9.34370226572045,9.475888221725192,9.338519173398122,9.385172843933105,1228163,0.0,0.0
2006-09-18 00:00:00-04:00,9.38517193103959,9.486254317877505,9.379988004988068,9.408498764038086,431325,0.0,0.0
2006-09-19 00:00:00-04:00,9.403313022209357,9.481069395267394,9.312597670758242,9.455150604248047,572063,0.0,0.0
2006-09-20 00:00:00-04:00,9.512171311348158,9.740256506292875,9.49402840783926,9.657316207885742,929813,0.0,0.0
2006-09-21 00:00:00-04:00,9.68842170493767,9.797279991469884,9.602890253679035,9.67546272277832,855900,0.0,0.0
2006-09-22 00:00:00-04:00,9.667684515650306,9.714337340781594,9.551050367239007,9.64694881439209,618638,0.0,0.0
2006-09-25 00:00:00-04:00,9.649542382569644,9.784320292006644,9.514765307366018,9.748034477233887,644625,0.0,0.0
2006-09-26 00:00:00-04:00,9.745443254939586,9.854301541766027,9.693604823461774,9.83615779876709,1016888,0.0,0.0
2006-09-27 00:00:00-04:00,9.766178624246178,9.973528207259612,9.766178624246178,9.934650421142578,467100,0.0,0.0
2006-09-28 00:00:00-04:00,9.96056837685067,10.10830527394092,9.926873689463392,10.07201862335205,739800,0.0,0.0
2006-09-29 00:00:00-04:00,10.053873847561595,10.100528346161486,9.818014397026909,9.825789451599121,765450,0.0,0.0
2006-10-02 00:00:00-04:00,9.79987230864099,9.906138635732132,9.722115910176656,9.818016052246094,1019250,0.0,0.0
2006-10-03 00:00:00-04:00,9.805055899710132,9.983894692398762,9.742851283608312,9.903546333312988,1154250,0.0,0.0
2006-10-04 00:00:00-04:00,9.877625577347057,10.097934886073542,9.859481839490856,10.059056282043457,1182263,0.0,0.0
2006-10-05 00:00:00-04:00,10.035729630235876,10.276772955115293,10.004626915895601,10.26640510559082,1466775,0.0,0.0
2006-10-06 00:00:00-04:00,10.240490368075028,10.406369338724945,10.214571570352627,10.341572761535645,1008788,0.0,0.0
2006-10-09 00:00:00-04:00,10.315658051129608,10.388230540791668,10.263819605103944,10.372678756713867,1065825,0.0,0.0
2006-10-10 00:00:00-04:00,10.37267555990588,10.453023916843868,10.274184294702351,10.385635375976562,1220400,0.0,0.0
2006-10-11 00:00:00-04:00,10.388225146936952,10.499675370458123,10.357122429164415,10.424510955810547,966938,0.0,0.0
2006-10-12 00:00:00-04:00,10.445246451693032,10.585208272978194,10.419327657694543,10.572248458862305,994950,0.0,0.0
2006-10-13 00:00:00-04:00,10.538555459101335,10.688884321449157,10.525596477149554,10.655190467834473,903488,0.0,0.0
2006-10-16 00:00:00-04:00,10.681107351523794,10.769231589970623,10.637045649417047,10.719985961914062,616275,0.0,0.0
2006-10-17 00:00:00-04:00,10.655187731032225,10.678513725707429,10.585207244306996,10.657779693603516,533588,0.0,0.0
2006-10-18 00:00:00-04:00,10.709621416312421,10.756275095797102,10.585212160509002,10.618906021118164,446513,0.0,0.0
2006-10-19 00:00:00-04:00,10.590390874158807,10.691474082650416,10.554104230547326,10.629268646240234,507263,0.0,0.0
2006-10-20 00:00:00-04:00,10.66296666962868,10.66296666962868,10.517821718151211,10.548924446105957,555188,0.0,0.0
2006-10-23 00:00:00-04:00,10.497081746026502,10.618899800931581,10.484121934742396,10.608531951904297,509288,0.0,0.0
2006-10-24 00:00:00-04:00,10.611122954438871,10.75626782229462,10.598163978559942,10.717390060424805,1525500,0.0,0.0
2006-10-25 00:00:00-04:00,10.717396775046113,10.753682597627186,10.626680550126325,10.743314743041992,1020600,0.0,0.0
2006-10-26 00:00:00-04:00,10.805516749143223,10.821066856384277,10.688881768269876,10.821066856384277,822150,0.0,0.0
2006-10-27 00:00:00-04:00,10.808107894703575,10.865129403921905,10.642228126525879,10.642228126525879,538313,0.0,0.0
2006-10-30 00:00:00-05:00,10.600763320922852,10.626681290725015,10.572252553060137,10.600763320922852,876825,0.0,0.0
2006-10-31 00:00:00-05:00,10.59816421038373,10.60075617246282,10.512632798706019,10.546326637268066,794813,0.0,0.0
2006-11-01 00:00:00-05:00,10.587798550541594,10.624084355823896,10.432285811303613,10.445244789123535,708750,0.0,0.0
2006-11-02 00:00:00-05:00,10.380451038703407,10.440064521802293,10.284551740509585,10.354532241821289,816750,0.0,0.0
2006-11-03 00:00:00-05:00,10.370081901550293,10.408959674940373,10.292326354770134,10.370081901550293,536625,0.0,0.0
2006-11-06 00:00:00-05:00,10.419329800497039,10.478942454989992,10.390819872045407,10.442657470703125,664538,0.0,0.0
2006-11-07 00:00:00-05:00,10.42451340776645,10.567066382590129,10.38045170052763,10.393410682678223,1409063,0.0,0.0
2006-11-08 00:00:00-05:00,10.302693659917528,10.465981480650441,10.302693659917528,10.398592948913574,1402650,0.0,0.0
2006-11-09 00:00:00-05:00,10.37526557252573,10.411551382234926,10.276774325838975,10.29750919342041,1016888,0.0,0.0
2006-11-10 00:00:00-05:00,10.310473796800627,10.484128706304258,10.263819280277405,10.478944778442383,543375,0.0,0.0
2006-11-13 00:00:00-05:00,10.478942249615265,10.574842389215936,10.429697449512378,10.463391304016113,480263,0.0,0.0
2006-11-14 00:00:00-05:00,10.46080015378107,10.626679131125616,10.411553685310928,10.595577239990234,792788,0.0,0.0
2006-11-15 00:00:00-05:00,10.608533490849393,10.714800621862471,10.608533490849393,10.665555000305176,518400,0.0,0.0
2006-11-16 00:00:00-05:00,10.704431361924634,10.748493052414858,10.608532094069515,10.678512573242188,490050,0.0,0.0
2006-11-17 00:00:00-05:00,10.67592396590265,10.725170430685003,10.58261746525026,10.688883781433105,525150,0.0,0.0
2006-11-20 00:00:00-05:00,10.678516468500995,10.725170972534302,10.637046725175189,10.655190467834473,397575,0.0,0.0
2006-11-21 00:00:00-05:00,10.665552821017496,10.717390394615673,10.582613370646857,10.59298038482666,327375,0.0,0.0
2006-11-22 00:00:00-05:00,10.595579818399974,10.624090587406638,10.478944778442383,10.478944778442383,521100,0.0,0.0
2006-11-24 00:00:00-05:00,10.419327074364363,10.523002244554027,10.408959223652099,10.447837829589844,298688,0.0,0.0
2006-11-27 00:00:00-05:00,10.40636326158938,10.429690916726662,10.201605796813965,10.201605796813965,1145475,0.0,0.0
2006-11-28 00:00:00-05:00,10.149771301261712,10.305283196796452,10.064239049619468,10.2508544921875,833625,0.0,0.0
2006-11-29 00:00:00-05:00,10.302695620633905,10.45043252653836,10.287144674729973,10.442657470703125,492413,0.0,0.0
2006-11-30 00:00:00-05:00,10.416732756495417,10.499673040741257,10.331201344390598,10.458203315734863,975038,0.0,0.0
2006-12-01 00:00:00-05:00,10.432289297596865,10.491901950263081,10.294920249326797,10.393410682678223,617288,0.0,0.0
2006-12-04 00:00:00-05:00,10.393407019029224,10.559286770638533,10.393407019029224,10.52818489074707,533925,0.0,0.0
2006-12-05 00:00:00-05:00,10.574844360351562,10.608538221135785,10.497087949395237,10.574844360351562,455625,0.0,0.0
2006-12-06 00:00:00-05:00,10.543741574340936,10.647416788410712,10.523006698373699,10.618906021118164,608513,0.0,0.0
2006-12-07 00:00:00-05:00,10.58520814415686,10.647412748456238,10.460798101324828,10.502267837524414,648000,0.0,0.0
2006-12-08 00:00:00-05:00,10.497085950202111,10.590393291885674,10.416737590759736,10.43747329711914,683438,0.0,0.0
2006-12-11 00:00:00-05:00,10.41932600879658,10.520409205970562,10.370080391416083,10.510042190551758,994950,0.0,0.0
2006-12-12 00:00:00-05:00,10.525597116199416,10.582618642409463,10.46598362659496,10.538556098937988,570375,0.0,0.0
2006-12-13 00:00:00-05:00,10.600762299385897,10.650007938884977,10.497087093233404,10.556699752807617,749925,0.0,0.0
2006-12-14 00:00:00-05:00,10.590388422723446,10.668144783120711,10.574837484337214,10.59298038482666,657113,0.0,0.0
2006-12-15 00:00:00-05:00,10.639637782441214,10.650005634506549,10.510044637024645,10.61371898651123,1652400,0.0,0.0
2006-12-18 00:00:00-05:00,10.639636702096267,10.717393081990863,10.590391078253015,10.611125946044922,810000,0.0,0.0
2006-12-19 00:00:00-05:00,10.585207244306996,10.68110568827872,10.585207244306996,10.657779693603516,559238,0.0,0.0
2006-12-20 00:00:00-05:00,10.657777436608889,10.797738380419855,10.657777436608889,10.717390060424805,479250,0.0,0.0
2006-12-21 00:00:00-05:00,10.71998563019891,10.764047330942228,10.621494377133464,10.668148040771484,618975,0.0,0.0
2006-12-22 00:00:00-05:00,10.670741625988645,10.722579223297181,10.626679084312983,10.639638900756836,403988,0.0,0.0
2006-12-26 00:00:00-05:00,10.626674809237523,10.815881379333106,10.626674809237523,10.761452674865723,489713,0.0,0.0
2006-12-27 00:00:00-05:00,10.813290433752478,10.885862880765352,10.784780514831818,10.852169036865234,587588,0.0,0.0
2006-12-28 00:00:00-05:00,10.84957960280321,10.865131381365831,10.751088342173443,10.79774284362793,320288,0.0,0.0
2006-12-29 00:00:00-05:00,10.782191731975994,10.80551940126281,10.743313117398058,10.769232749938965,599400,0.0,0.0
2007-01-03 00:00:00-05:00,10.808107714133,10.885863254562109,10.696657494413591,10.859945297241211,693225,0.0,0.0
2007-01-04 00:00:00-05:00,10.8599482817651,10.914377842410339,10.699251563120434,10.862540245056152,1055363,0.0,0.0
2007-01-05 00:00:00-05:00,10.821070986076368,10.83403080411186,10.678517993087187,10.714804649353027,613238,0.0,0.0
2007-01-08 00:00:00-05:00,10.719983759836166,10.730351609606052,10.639635426819053,10.691473007202148,607163,0.0,0.0
2007-01-09 00:00:00-05:00,10.67851820355043,10.696661949157715,10.567067937416315,10.696661949157715,915638,0.0,0.0
2007-01-10 00:00:00-05:00,10.652594742960977,10.70702344901874,10.616308104689343,10.68110466003418,362813,0.0,0.0
2007-01-11 00:00:00-05:00,10.688887573079667,10.857359395103597,10.678519716977535,10.846991539001465,657450,0.0,0.0
2007-01-12 00:00:00-05:00,10.834027997226721,10.92474336303843,10.82884407135558,10.896232604980469,255488,0.0,0.0
2007-01-16 00:00:00-05:00,10.94807186342268,10.992132733983741,10.841804711902693,10.893641471862793,536963,0.0,0.0
2007-01-17 00:00:00-05:00,10.872905983993531,11.01545893188153,10.872905983993531,10.945478439331055,687825,0.0,0.0
2007-01-18 00:00:00-05:00,10.937703006758158,10.940294969653216,10.789966127139675,10.867722511291504,485663,0.0,0.0
2007-01-19 00:00:00-05:00,10.89882340508865,10.91696630946861,10.805516920529836,10.911783218383789,735750,0.0,0.0
2007-01-22 00:00:00-05:00,10.898822576729305,10.94806902927464,10.802924136800172,10.914374351501465,500175,0.0,0.0
2007-01-23 00:00:00-05:00,10.914377046178462,11.06470506645866,10.914377046178462,11.025826454162598,535613,0.0,0.0
2007-01-24 00:00:00-05:00,11.023236402152023,11.093216910041269,10.986950583646543,11.028419494628906,752963,0.0,0.0
2007-01-25 00:00:00-05:00,11.033601002924318,11.059520630794799,10.88586412946222,10.945478439331055,581175,0.0,0.0
2007-01-26 00:00:00-05:00,10.958436717995504,10.973988494906818,10.834027508104693,10.953252792358398,642600,0.0,0.0
2007-01-29 00:00:00-05:00,10.9377043638774,11.13986998667632,10.893641823427558,11.103583335876465,985500,0.0,0.0
2007-01-30 00:00:00-05:00,11.11913554945718,11.259096563222917,11.085441694791417,11.222810745239258,1452600,0.0,0.0
2007-01-31 00:00:00-05:00,11.238360855738808,11.453486287036245,11.22799383747109,11.292790412902832,1624725,0.0,0.0
2007-02-01 00:00:00-05:00,11.326486818264142,11.367957403383407,11.16319894419735,11.240955352783203,1088438,0.0,0.0
2007-02-02 00:00:00-05:00,11.251317565585692,11.352401604363283,11.230583533236281,11.285012245178223,757350,0.0,0.0
2007-02-05 00:00:00-05:00,11.272053555128629,11.300564310247486,11.178745401766946,11.248725891113281,647663,0.0,0.0
2007-02-06 00:00:00-05:00,11.274651743446801,11.360183221798998,11.274651743446801,11.347224235534668,479588,0.0,0.0
2007-02-07 00:00:00-05:00,11.365362997393293,11.365362997393293,11.31611736596124,11.362771034240723,674325,0.0,0.0
2007-02-08 00:00:00-05:00,11.362770914585127,11.362770914585127,11.27205554213401,11.292790412902832,711450,0.0,0.0
2007-02-09 00:00:00-05:00,11.209849730675657,11.285014156161646,11.132094176382124,11.150237083435059,552825,0.0,0.0
2007-02-12 00:00:00-05:00,11.150238211566128,11.176156176130664,11.080257705081621,11.111359596252441,417825,0.0,0.0
2007-02-13 00:00:00-05:00,11.663428818286473,12.33213283914199,11.518283875900796,11.831900596618652,4817475,0.0,0.0
2007-02-14 00:00:00-05:00,11.57271358150769,11.673795975088332,11.344628328126412,11.412016868591309,1976400,0.0,0.0
2007-02-15 00:00:00-05:00,11.417199053620617,11.481995621003989,11.37832044580397,11.437933921813965,1288238,0.0,0.0
2007-02-16 00:00:00-05:00,11.43793829622339,11.554572495813215,11.34722290034615,11.494959831237793,847800,0.0,0.0
2007-02-20 00:00:00-05:00,11.487178395736215,11.663425174838544,11.40683005958279,11.52346420288086,1023975,0.0,0.0
2007-02-21 00:00:00-05:00,11.523468374225326,11.621959649603623,11.497550407873298,11.5986328125,893363,0.0,0.0
2007-02-22 00:00:00-05:00,11.62454582986422,11.678975367438433,11.502727777986882,11.575300216674805,932850,0.0,0.0
2007-02-23 00:00:00-05:00,11.572710916062112,11.621955702794262,11.494954540711555,11.596036911010742,678038,0.0,0.0
2007-02-26 00:00:00-05:00,11.64787331730154,11.666016219446297,11.48458552953248,11.54679012298584,483300,0.0,0.0
2007-02-27 00:00:00-05:00,11.404240114679611,11.546793074401439,11.207258434611274,11.259095191955566,874125,0.0,0.0
2007-02-28 00:00:00-05:00,11.24872558280356,11.515688553763242,11.145051250076413,11.461259841918945,1380038,0.0,0.0
2007-03-01 00:00:00-05:00,11.274646147348962,11.614180762366027,11.2279924851797,11.396463394165039,1440450,0.0,0.0
2007-03-02 00:00:00-05:00,11.35240466657405,11.375730667817425,11.145054276350406,11.17874813079834,914288,0.0,0.0
2007-03-05 00:00:00-05:00,11.145050991222332,11.277236909449975,11.077662467956543,11.077662467956543,1162688,0.0,0.0
2007-03-06 00:00:00-05:00,11.14246180640944,11.305749647322568,11.111359082443423,11.230586051940918,1157963,0.0,0.0
2007-03-07 00:00:00-05:00,11.199484170457273,11.222811006628197,11.139870681224094,11.16319751739502,686138,0.0,0.0
2007-03-08 00:00:00-05:00,11.222810745239258,11.349812776648957,11.189116056340048,11.222810745239258,681075,0.0,0.0
2007-03-09 00:00:00-05:00,11.313529071087162,11.352407696748262,11.145057251178828,11.181343078613281,952763,0.0,0.0
2007-03-12 00:00:00-04:00,11.222810575222647,11.313525953040976,11.150238106121298,11.264280319213867,365850,0.0,0.0
2007-03-13 00:00:00-04:00,11.20985230649896,11.261689910761572,11.126912807065619,11.189117431640625,1829588,0.0,0.0
2007-03-14 00:00:00-04:00,11.169673919677734,11.19688827424045,10.990833514794799,11.169673919677734,789525,0.0,1.5
2007-03-15 00:00:00-04:00,11.142456166572558,11.554563922155609,11.095802521354324,11.465144157409668,1039950,0.0,0.0
2007-03-16 00:00:00-04:00,11.465147708435055,11.51180136810302,11.270757181740777,11.325186729431152,1491975,0.0,0.0
2007-03-19 00:00:00-04:00,11.391278967097012,11.574006080627441,11.309635896127997,11.574006080627441,1044000,0.0,0.0
2007-03-20 00:00:00-04:00,11.546789264407948,11.655647503415304,11.469032902698082,11.535126686096191,852750,0.0,0.0
2007-03-21 00:00:00-04:00,11.558452692327993,11.760618231962884,11.496248103417198,11.71396541595459,627300,0.0,0.0
2007-03-22 00:00:00-04:00,11.764508110430123,11.764508110430123,11.445707569819836,11.694527626037598,732825,0.0,0.0
2007-03-23 00:00:00-04:00,11.717857904768174,11.768398264692092,11.671203403856284,11.756734848022461,702000,0.0,0.0
2007-03-26 00:00:00-04:00,11.737293748043502,11.873366355895996,11.608995359174262,11.873366355895996,901350,0.0,0.0
2007-03-27 00:00:00-04:00,11.838378411424364,11.873368660389065,11.745071915085163,11.760622024536133,538425,0.0,0.0
2007-03-28 00:00:00-04:00,11.721743489894006,11.756733736595086,11.56623156041142,11.605110168457031,1491300,0.0,0.0
2007-03-29 00:00:00-04:00,11.663427121512212,11.721744202894605,11.570120625533717,11.667315483093262,666900,0.0,0.0
2007-03-30 00:00:00-04:00,11.663428387325764,11.741184782352182,11.554570101675521,11.64010238647461,678375,0.0,0.0
2007-04-02 00:00:00-04:00,11.663430770241359,11.737299652590053,11.609001199179206,11.71786117553711,716850,0.0,0.0
2007-04-03 00:00:00-04:00,11.745069798493624,11.900580875778587,11.710079555834552,11.89669418334961,1120500,0.0,0.0
2007-04-04 00:00:00-04:00,11.896694918331582,11.978337988680169,11.85781714660846,11.970562934875488,992250,0.0,0.0
2007-04-05 00:00:00-04:00,11.970563720897491,12.024993272270459,11.95501277803377,12.009442329406738,708075,0.0,0.0
2007-04-09 00:00:00-04:00,12.009442602534635,12.063871320912167,11.9744515203872,12.028881072998047,757800,0.0,0.0
2007-04-10 00:00:00-04:00,12.001664649293382,12.087196073625972,11.974449460552835,12.067757606506348,876150,0.0,0.0
2007-04-11 00:00:00-04:00,12.071651509101429,12.071651509101429,11.815056266341738,11.85782241821289,998100,0.0,0.0
2007-04-12 00:00:00-04:00,11.857820229197477,11.978341102600098,11.741185215240892,11.978341102600098,743400,0.0,0.0
2007-04-13 00:00:00-04:00,12.005556469851564,12.094976286977055,11.943351016967105,12.083312034606934,1921275,0.0,0.0
2007-04-16 00:00:00-04:00,12.227163423781715,12.227163423781715,12.126079344571345,12.141631126403809,735750,0.0,0.0
2007-04-17 00:00:00-04:00,12.141625542974339,12.188279198550555,12.052205758375537,12.091083526611328,534600,0.0,0.0
2007-04-18 00:00:00-04:00,12.052208427072975,12.071647732611861,11.939461789720793,11.986115455627441,731925,0.0,0.0
2007-04-19 00:00:00-04:00,11.916134798312592,11.935574103592984,11.748959442447905,11.760622024536133,1221975,0.0,0.0
2007-04-20 00:00:00-04:00,11.877256576088142,11.877256576088142,11.69841697638256,11.780061721801758,1219950,0.0,0.0
2007-04-23 00:00:00-04:00,11.752845898912451,11.908356979013947,11.74895753794667,11.822826385498047,1168425,0.0,0.0
2007-04-24 00:00:00-04:00,12.479871873162809,12.538188138740699,11.900586735156944,11.990007400512695,2204325,0.0,0.0
2007-04-25 00:00:00-04:00,12.421553242545803,12.440992552804055,12.052211353040338,12.176621437072754,2102175,0.0,0.0
2007-04-26 00:00:00-04:00,12.207721044432436,12.417662538286814,12.1299646575197,12.37100887298584,2117700,0.0,0.0
2007-04-27 00:00:00-04:00,12.359343011559758,12.483752204927733,12.320464408678239,12.46042537689209,1098900,0.0,0.0
2007-04-30 00:00:00-04:00,12.479869118533596,12.510971008745667,12.114414817557723,12.118302345275879,1267425,0.0,0.0
2007-05-01 00:00:00-04:00,12.10663818436925,12.149404323576173,11.99000401765343,12.032770156860352,1327950,0.0,0.0
2007-05-02 00:00:00-04:00,12.013329273686367,12.215495706311154,12.013329273686367,12.14940357208252,1916100,0.0,0.0
2007-05-03 00:00:00-04:00,12.172732843769543,12.258264299802642,12.067762079178863,12.106639862060547,762750,0.0,0.0
2007-05-04 00:00:00-04:00,12.153293106143385,12.153293106143385,11.974453475887863,12.063873291015625,846450,0.0,0.0
2007-05-07 00:00:00-04:00,12.227159062511975,12.289363664953605,12.126075019356977,12.184392929077148,1050975,0.0,0.0
2007-05-08 00:00:00-04:00,12.184393947537648,12.184393947537648,12.013329399499524,12.087198257446289,814050,0.0,0.0
2007-05-09 00:00:00-04:00,11.745071506702734,12.254374279780228,11.745071506702734,12.196056365966797,1067625,0.0,0.0
2007-05-10 00:00:00-04:00,12.118298270596457,12.199942164859525,12.01721507581209,12.048316955566406,986625,0.0,0.0
2007-05-11 00:00:00-04:00,12.094974760522097,12.26603764878157,12.094974760522097,12.234935760498047,983250,0.0,0.0
2007-05-14 00:00:00-04:00,12.211605933358197,12.281586416189679,12.118298622916218,12.164952278137207,1257750,0.0,0.0
2007-05-15 00:00:00-04:00,12.16884216995237,12.281588803395685,12.071647314094333,12.087198257446289,946575,0.0,0.0
2007-05-16 00:00:00-04:00,12.137741129459917,12.262151187649073,12.129965240125163,12.231047630310059,1047375,0.0,0.0
2007-05-17 00:00:00-04:00,12.184393138552226,12.223270911467479,12.153290419680065,12.168841361999512,644625,0.0,0.0
2007-05-18 00:00:00-04:00,12.17662112109721,12.246601635130702,12.164957702091627,12.203835487365723,715725,0.0,0.0
2007-05-21 00:00:00-04:00,12.199948380775822,12.336021885288574,12.176621541958411,12.246602058410645,1053450,0.0,0.0
2007-05-22 00:00:00-04:00,12.207724341230083,12.351572903344472,12.188285030693818,12.293255805969238,852750,0.0,0.0
2007-05-23 00:00:00-04:00,12.324354811334752,12.363232586424143,12.129964267421167,12.14940357208252,501300,0.0,0.0
2007-05-24 00:00:00-04:00,12.168840763534963,12.258260554498964,11.834489263360771,11.853928565979004,666225,0.0,0.0
2007-05-25 00:00:00-04:00,11.908359145962542,12.048320144602256,11.834491119202701,11.962789535522461,585900,0.0,0.0
2007-05-29 00:00:00-04:00,11.990002841922832,12.06775922351977,11.900582210564737,11.974451065063477,588825,0.0,0.0
2007-05-30 00:00:00-04:00,11.939460788270434,11.9938903386739,11.86170524110352,11.892807960510254,958950,0.0,0.0
2007-05-31 00:00:00-04:00,11.908359416442753,12.00944347451188,11.857819055874941,11.98222827911377,849375,0.0,0.0
2007-06-01 00:00:00-04:00,12.052205895114051,12.164952508780129,12.021103179632643,12.161064147949219,1464975,0.0,0.0
2007-06-04 00:00:00-04:00,12.149406754828695,12.23493821612512,12.13385497333223,12.203835487365723,1037475,0.0,0.0
2007-06-05 00:00:00-04:00,12.145514225595225,12.145514225595225,11.900581676273095,12.005553245544434,817425,0.0,0.0
2007-06-06 00:00:00-04:00,11.935573032850868,11.982226693951832,11.818938880098463,11.834489822387695,516825,0.0,0.0
2007-06-07 00:00:00-04:00,11.702306194931674,11.7295205559091,11.562345194076286,11.589559555053711,1364625,0.0,0.0
2007-06-08 00:00:00-04:00,11.546790769797875,11.702303513492271,11.469034397950677,11.694527626037598,944550,0.0,0.0
2007-06-11 00:00:00-04:00,11.66342830657959,11.768399063733497,11.515691407322212,11.66342830657959,521325,0.0,0.0
2007-06-12 00:00:00-04:00,11.59733841973752,11.643992098658924,11.48847927943186,11.504030227661133,897525,0.0,0.0
2007-06-13 00:00:00-04:00,11.550680445199161,11.706193217823833,11.527354446962127,11.643988609313965,769725,0.0,0.0
2007-06-14 00:00:00-04:00,11.67509027646936,11.748958294544412,11.59733389717813,11.65565013885498,408150,0.0,0.0
2007-06-15 00:00:00-04:00,11.834489263360771,11.896694698045826,11.682864871944938,11.853928565979004,1101825,0.0,0.0
2007-06-18 00:00:00-04:00,11.861705047375544,11.861705047375544,11.546791999829626,11.787837028503418,420300,0.0,0.0
2007-06-19 00:00:00-04:00,11.780065324121503,11.904474575436174,11.539020209836224,11.877260208129883,515250,0.0,0.0
2007-06-20 00:00:00-04:00,11.931686591674348,11.978339422787663,11.815052428307704,11.904471397399902,1117125,0.0,0.0
2007-06-21 00:00:00-04:00,11.865592576891501,11.974451683596925,11.706193112599026,11.920022964477539,768825,0.0,0.0
2007-06-22 00:00:00-04:00,11.873365186395876,11.888916959763279,11.729516705262531,11.768394470214844,1918350,0.0,0.0
2007-06-25 00:00:00-04:00,11.73729830265096,11.795614561336272,11.511804987209215,11.54290771484375,971325,0.0,0.0
2007-06-26 00:00:00-04:00,11.612885537979874,11.811163608002747,11.59733459487938,11.780061721801758,1102275,0.0,0.0
2007-06-27 00:00:00-04:00,11.70619228711502,11.818938913168909,11.70230476009015,11.787837028503418,672075,0.0,0.0
2007-06-28 00:00:00-04:00,11.822827942115936,11.958900572236951,11.81116369191606,11.826715469360352,652050,0.0,0.0
2007-06-29 00:00:00-04:00,11.881144903909654,11.955013765639563,11.75284815477707,11.756734848022461,625725,0.0,0.0
2007-07-02 00:00:00-04:00,11.811165903328034,11.896698192585964,11.752849646809949,11.86948299407959,485550,0.0,0.0
2007-07-03 00:00:00-04:00,11.877255395427593,11.93168494221871,11.850041039148648,11.853928565979004,184500,0.0,0.0
2007-07-05 00:00:00-04:00,11.888919371749905,11.9666757516626,11.745070861433026,11.834489822387695,310725,0.0,0.0
2007-07-06 00:00:00-04:00,11.807273069400253,11.807273069400253,11.624545989081499,11.768394470214844,488925,0.0,0.0
2007-07-09 00:00:00-04:00,11.764511909611207,11.764511909611207,11.585672280032265,11.671204566955566,531225,0.0,0.0
2007-07-10 00:00:00-04:00,11.593446311936212,11.620660671104693,11.480699679552542,11.492363929748535,762750,0.0,0.0
2007-07-11 00:00:00-04:00,11.492363009658426,11.597333744918478,11.430157573348824,11.574006080627441,517275,0.0,0.0
2007-07-12 00:00:00-04:00,11.643992293188417,11.776177440929535,11.566235882275853,11.71786117553711,594450,0.0,0.0
2007-07-13 00:00:00-04:00,11.733405550040745,11.993889023769306,11.733405550040745,11.89669418334961,500625,0.0,0.0
2007-07-16 00:00:00-04:00,11.881144903909654,11.881144903909654,11.745072265586193,11.756734848022461,557550,0.0,0.0
2007-07-17 00:00:00-04:00,11.807275690700054,12.013328808348989,11.795611440968408,11.892807960510254,559350,0.0,0.0
2007-07-18 00:00:00-04:00,11.846152008888067,11.846152008888067,11.574005124539465,11.694527626037598,791550,0.0,0.0
2007-07-19 00:00:00-04:00,11.756733979338403,11.99777901834489,11.756733979338403,11.93557357788086,1134450,0.0,0.0
2007-07-20 00:00:00-04:00,11.908358362880435,11.920022612900071,11.663426631367411,11.79172420501709,993825,0.0,0.0
2007-07-23 00:00:00-04:00,11.776175214388092,12.720912883940105,11.776175214388092,12.32824420928955,2202300,0.0,0.0
2007-07-24 00:00:00-04:00,12.448763560670326,12.518744887992515,11.877256200444256,12.22715950012207,1451700,0.0,0.0
2007-07-25 00:00:00-04:00,12.332129890846174,12.584837497928538,12.301026338042288,12.55373477935791,2162475,0.0,0.0
2007-07-26 00:00:00-04:00,12.440991194266976,12.95806911572367,12.106639599196912,12.31269359588623,2360250,0.0,0.0
2007-07-27 00:00:00-04:00,12.386559382084066,12.596500868572502,12.1805054228232,12.196056365966797,1586475,0.0,0.0
2007-07-30 00:00:00-04:00,12.196054466880149,12.207718715213206,11.725629542029669,12.017215728759766,1358550,0.0,0.0
2007-07-31 00:00:00-04:00,12.11441242973293,12.378782615593634,12.044431939199228,12.052206993103027,1858500,0.0,0.0
2007-08-01 00:00:00-04:00,12.017217349126986,12.269924966776413,11.84226611403891,12.056095123291016,1388250,0.0,0.0
2007-08-02 00:00:00-04:00,12.145516707769794,12.211609684378924,11.818941020909135,12.118302345275879,1628775,0.0,0.0
2007-08-03 00:00:00-04:00,12.102749207951494,12.207719945428659,11.748958388447019,11.834489822387695,1584225,0.0,0.0
2007-08-06 00:00:00-04:00,11.881146552339727,12.141630116924107,11.76062400720959,12.106639862060547,1343025,0.0,0.0
2007-08-07 00:00:00-04:00,12.009440372144962,12.301024883042986,11.818937390503816,12.164952278137207,1433475,0.0,0.0
2007-08-08 00:00:00-04:00,12.285477235208699,12.549849131289909,12.009443590663226,12.398223876953125,1998225,0.0,0.0
2007-08-09 00:00:00-04:00,12.157178372195327,12.685920440361395,11.947236889485263,12.009442329406738,2927475,0.0,0.0
2007-08-10 00:00:00-04:00,11.85781890678662,12.538184601217784,11.682866822479527,12.032770156860352,1891125,0.0,0.0
2007-08-13 00:00:00-04:00,12.207721131337387,12.425437681469592,11.99389127436348,12.285476684570312,2371050,0.0,0.0
2007-08-14 00:00:00-04:00,12.355456139638525,12.405998162628483,11.857817637731847,11.916133880615234,1846800,0.0,0.0
2007-08-15 00:00:00-04:00,11.8772539864814,12.052205186592133,11.484585459266267,11.511799812316895,900900,0.0,0.0
2007-08-16 00:00:00-04:00,11.492364298248878,11.97445189541989,11.3873935512189,11.904471397399902,1413000,0.0,0.0
2007-08-17 00:00:00-04:00,12.456540179207327,12.60816458978713,11.539016992618441,11.690641403198242,1997325,0.0,0.0
2007-08-20 00:00:00-04:00,11.717858700378029,11.83449204076006,11.484589516913706,11.66342830657959,1099575,0.0,0.0
2007-08-21 00:00:00-04:00,11.574003461546088,11.702301832064535,11.46903275003986,11.63232135772705,794475,0.0,0.0
2007-08-22 00:00:00-04:00,11.748960880006885,11.951126509572507,11.694531319101994,11.838379859924316,1894950,0.0,0.0
2007-08-23 00:00:00-04:00,11.869483403878803,11.982230061302264,11.628439142372388,11.675093650817871,1278450,0.0,0.0
2007-08-24 00:00:00-04:00,11.64787622291654,11.760622024536133,11.5195786433793,11.760622024536133,859500,0.0,0.0
2007-08-27 00:00:00-04:00,11.698419087208194,11.698419087208194,11.535132069606734,11.620662689208984,667350,0.0,0.0
2007-08-28 00:00:00-04:00,11.535124365704933,11.620654928184344,11.40682601928711,11.40682601928711,660825,0.0,0.0
2007-08-29 00:00:00-04:00,11.449598060649791,11.671202969118282,11.449598060649791,11.643988609313965,636300,0.0,0.0
2007-08-30 00:00:00-04:00,11.48458552953248,11.68675108393075,11.457371176315345,11.54679012298584,539550,0.0,0.0
2007-08-31 00:00:00-04:00,11.694529532250439,11.857818190015623,11.605110565995671,11.826715469360352,915525,0.0,0.0
2007-09-04 00:00:00-04:00,11.78005995100838,11.904469145577611,11.741181347751459,11.850040435791016,872550,0.0,0.0
2007-09-05 00:00:00-04:00,11.772284662908941,11.888918810151887,11.69841581349959,11.853928565979004,980100,0.0,0.0
2007-09-06 00:00:00-04:00,11.869481526325805,11.896696721466807,11.65565166385618,11.710082054138184,661050,0.0,0.0
2007-09-07 00:00:00-04:00,11.507915668019779,11.694530336315587,11.422384223128658,11.469037055969238,606375,0.0,0.0
2007-09-10 00:00:00-04:00,11.519576914775845,11.585669041191522,11.294083676907023,11.461259841918945,769275,0.0,0.0
2007-09-11 00:00:00-04:00,11.52346559182506,11.612885390542576,11.453485097411342,11.566231727600098,896175,0.0,0.0
2007-09-12 00:00:00-04:00,11.504028049769381,11.655652477559071,11.445710962157962,11.484589576721191,1073700,0.0,0.0
2007-09-13 00:00:00-04:00,11.515689682174031,11.651763143584903,11.461260964996319,11.55456829071045,493200,0.0,0.0
2007-09-14 00:00:00-04:00,11.437931646818576,11.612882844495996,11.391277159871482,11.608994483947754,477225,0.0,0.0
2007-09-17 00:00:00-04:00,11.55456841699788,11.678978464054245,11.48458792194742,11.62454891204834,985725,0.0,0.0
2007-09-18 00:00:00-04:00,11.655653588817605,11.803390502929688,11.566234602110441,11.803390502929688,925650,0.0,0.0
2007-09-19 00:00:00-04:00,11.900584786480835,12.363234814872914,11.896698092774633,12.324357032775879,1302075,0.0,0.0
2007-09-20 00:00:00-04:00,12.289364104790005,12.33990529394312,12.192169253577617,12.22715950012207,557775,0.0,0.0
2007-09-21 00:00:00-04:00,12.343795776367188,12.409889592419598,12.199947228655558,12.343795776367188,1158750,0.0,0.0
2007-09-24 00:00:00-04:00,12.3243548537354,12.35156921296827,12.083309810958616,12.172730445861816,854550,0.0,0.0
2007-09-25 00:00:00-04:00,12.08720039680813,12.203834578174654,12.005556469851564,12.083312034606934,662400,0.0,0.0
2007-09-26 00:00:00-04:00,12.141626253211504,12.332129247446833,12.102748482701518,12.273811340332031,498375,0.0,0.0
2007-09-27 00:00:00-04:00,12.304913982975682,12.39822129902278,12.192168198907583,12.359343528747559,380925,0.0,0.0
2007-09-28 00:00:00-04:00,12.371005009875464,12.58872232470424,12.238819109978351,12.347678184509277,672750,0.0,0.0
2007-10-01 00:00:00-04:00,12.328243069322914,12.759790319291438,12.266037624412721,12.701473236083984,881775,0.0,0.0
2007-10-02 00:00:00-04:00,12.740347212691942,12.755898987414987,12.619826381103943,12.713132858276367,508050,0.0,0.0
2007-10-03 00:00:00-04:00,12.62371758201207,12.806444731444868,12.604278275066713,12.787005424499512,704925,0.0,0.0
2007-10-04 00:00:00-04:00,12.825882740055164,12.8686488800941,12.682034209718203,12.864761352539062,492750,0.0,0.0
2007-10-05 00:00:00-04:00,12.899753423796007,12.942519569870594,12.709250364745712,12.806446075439453,855450,0.0,0.0
2007-10-08 00:00:00-04:00,12.814216057043483,12.864758073543625,12.619826381103943,12.713132858276367,643050,0.0,0.0
2007-10-09 00:00:00-04:00,12.759793144448658,12.829773659792052,12.654822371433566,12.748128890991211,782775,0.0,0.0
2007-10-10 00:00:00-04:00,12.767561755780605,12.872532468945522,12.63148749677458,12.635375022888184,602775,0.0,0.0
2007-10-11 00:00:00-04:00,12.744234338379508,12.868644352940802,12.627601044659222,12.693693161010742,1323000,0.0,0.0
2007-10-12 00:00:00-04:00,12.732576798765926,12.996947037263354,12.678146405202606,12.989171981811523,557100,0.0,0.0
2007-10-15 00:00:00-04:00,12.965843490996356,13.047488241933374,12.814219074261002,12.926965713500977,848700,0.0,0.0
2007-10-16 00:00:00-04:00,12.9153009130184,13.04748684395968,12.872535612625583,13.01638412475586,1401750,0.0,0.0
2007-10-17 00:00:00-04:00,13.133016593834704,13.195221190027375,12.522630708901005,12.713132858276367,1231425,0.0,0.0
2007-10-18 00:00:00-04:00,12.685917033530377,12.794776107041967,12.573170433905183,12.635375022888184,605250,0.0,0.0
2007-10-19 00:00:00-04:00,12.600388395800072,12.654818782385933,12.196056365966797,12.196056365966797,1372950,0.0,0.0
2007-10-22 00:00:00-04:00,12.188282093839396,12.328243093815347,12.08331050962407,12.234935760498047,2306250,0.0,0.0
2007-10-23 00:00:00-04:00,12.324356280949178,13.234103667776674,12.281590139287893,12.94251823425293,2093625,0.0,0.0
2007-10-24 00:00:00-04:00,12.938631186288868,13.117470826500949,12.600391214818234,13.020275115966797,2390850,0.0,0.0
2007-10-25 00:00:00-04:00,13.08636453064779,13.133018192027999,12.825881031786107,12.969730377197266,1356525,0.0,0.0
2007-10-26 00:00:00-04:00,13.183558433799236,13.214661150563801,12.829768471814315,12.981392860412598,1387800,0.0,0.0
2007-10-29 00:00:00-04:00,13.004723556846164,13.230216026306152,12.969733302917883,13.230216026306152,1545525,0.0,0.0
2007-10-30 00:00:00-04:00,13.199111749285075,13.245765412758564,13.008608733946128,13.094141006469727,1238625,0.0,0.0
2007-10-31 00:00:00-04:00,13.19911531206135,13.19911531206135,12.880314636117914,13.144685745239258,1557225,0.0,0.0
2007-11-01 00:00:00-04:00,13.098025828917113,13.129128542887779,12.689806357822096,12.697582244873047,1484100,0.0,0.0
2007-11-02 00:00:00-04:00,12.806442434033983,12.973617774226724,12.635377898376417,12.899749755859375,1296450,0.0,0.0
2007-11-05 00:00:00-05:00,12.744236290335921,12.946402699241748,12.705357685574608,12.837544441223145,985500,0.0,0.0
2007-11-06 00:00:00-05:00,12.856986044961277,13.082479338024417,12.752015288125014,13.070815086364746,1213650,0.0,0.0
2007-11-07 00:00:00-05:00,12.961955682433072,13.012497709737747,12.608164828233726,12.631491661071777,787050,0.0,0.0
2007-11-08 00:00:00-05:00,12.717024597872385,12.996946606461915,12.662595874580015,12.946405410766602,1130400,0.0,0.0
2007-11-09 00:00:00-05:00,12.794782060475873,12.8842018765605,12.627606680540968,12.658708572387695,1089450,0.0,0.0
2007-11-12 00:00:00-05:00,12.631491364330277,12.942516907175419,12.608164532040222,12.732575416564941,1549575,0.0,0.0
2007-11-13 00:00:00-05:00,12.829770777907624,13.237990359047854,12.775340388111115,13.226326942443848,1682550,0.0,0.0
2007-11-14 00:00:00-05:00,13.284642297957548,13.284642297957548,13.008607045914083,13.078587532043457,933075,0.0,0.0
2007-11-15 00:00:00-05:00,13.04359566373505,13.179669092331697,12.891971296013937,13.039708137512207,935550,0.0,0.0
2007-11-16 00:00:00-05:00,13.066923299711783,13.148566355639732,12.82976668166003,13.028044700622559,1147275,0.0,0.0
2007-11-19 00:00:00-05:00,12.93862841845717,12.93862841845717,12.62760454713591,12.66259479522705,1662300,0.0,0.0
2007-11-20 00:00:00-05:00,12.643155318643167,12.752014430119324,12.42155040245484,12.701473236083984,1262025,0.0,0.0
2007-11-21 00:00:00-05:00,12.619828160223138,12.787003505315162,12.526520001429972,12.584837913513184,958500,0.0,0.0
2007-11-23 00:00:00-05:00,12.697586543134825,12.732576795358954,12.47986914010689,12.48764419555664,454950,0.0,0.0
2007-11-26 00:00:00-05:00,12.47987032770037,12.57317684161041,12.238825232684906,12.258264541625977,881325,0.0,0.0
2007-11-27 00:00:00-05:00,12.328244247556476,12.479869512620333,12.192171596556605,12.351571083068848,1903050,0.0,0.0
2007-11-28 00:00:00-05:00,12.3865614508148,12.46042948587552,12.289366580026117,12.421551704406738,2936025,0.0,0.0
2007-11-29 00:00:00-05:00,12.38656192157161,12.440991485083286,12.293254575113584,12.343795776367188,1184400,0.0,0.0
2007-11-30 00:00:00-05:00,12.495417736698908,12.495417736698908,12.172730450338165,12.374896049499512,1718100,0.0,0.0
2007-12-03 00:00:00-05:00,12.363230522165942,12.440986893595248,12.238820494725687,12.269923210144043,708525,0.0,0.0
2007-12-04 00:00:00-05:00,12.211610272212864,12.31269350585151,12.087200202675566,12.110527038574219,1264725,0.0,0.0
2007-12-05 00:00:00-05:00,12.164954014125968,12.176617429595634,11.974451005299263,12.071646690368652,1197900,0.0,0.0
2007-12-06 00:00:00-05:00,12.071649627275775,12.355459194674442,12.071649627275775,12.343795776367188,999675,0.0,0.0
2007-12-07 00:00:00-05:00,12.40211132563164,12.437101573848533,12.032769538597782,12.087198257446289,1678950,0.0,0.0
2007-12-10 00:00:00-05:00,12.110525352233182,12.394335705636328,12.07942346485476,12.37100887298584,971775,0.0,0.0
2007-12-11 00:00:00-05:00,12.444879227154797,12.51485973351086,12.091087499076746,12.114415168762207,1154250,0.0,0.0
2007-12-12 00:00:00-05:00,12.417661610142535,12.46820279902983,12.036656427251284,12.192169189453125,1436625,0.0,0.0
2007-12-13 00:00:00-05:00,12.032770034842317,12.133852422148761,11.88114478541594,11.962789535522461,1170225,0.0,0.0
2007-12-14 00:00:00-05:00,11.873367892265346,11.958900162579063,11.585670030200939,11.605110168457031,1724400,0.0,0.0
2007-12-17 00:00:00-05:00,11.651763164916876,11.663426580652496,11.313524108583907,11.566231727600098,1454625,0.0,0.0
2007-12-18 00:00:00-05:00,11.717855280769248,11.89669401824482,11.640098908972696,11.873366355895996,1218825,0.0,0.0
2007-12-19 00:00:00-05:00,11.84226448227732,11.888918138539003,11.605108674358158,11.694527626037598,985950,0.0,0.0
2007-12-20 00:00:00-05:00,11.838377605827159,12.153290659313102,11.795611470813851,11.974451065063477,1305000,0.0,0.0
2007-12-21 00:00:00-05:00,12.231048630532825,12.246600410474116,11.927800600945938,12.040546417236328,1974375,0.0,0.0
2007-12-24 00:00:00-05:00,12.09497445626711,12.176618370865956,12.001667125297002,12.05998420715332,373050,0.0,0.0
2007-12-26 00:00:00-05:00,11.993893207200138,12.145517644942231,11.947239534048723,12.106639862060547,495675,0.0,0.0
2007-12-27 00:00:00-05:00,12.091086283375509,12.161066782695364,11.951125284735795,11.962789535522461,767025,0.0,0.0
2007-12-28 00:00:00-05:00,11.962788033576576,12.12996337177378,11.943347896117324,12.052206993103027,859275,0.0,0.0
2007-12-31 00:00:00-05:00,11.970562302206549,12.118299161719403,11.916132757284297,12.013327598571777,852975,0.0,0.0
2008-01-02 00:00:00-05:00,11.974451213583247,12.083309481782507,11.885032249582649,12.056095123291016,1695150,0.0,0.0
2008-01-03 00:00:00-05:00,12.071650540466091,12.145518583922135,12.00944591619961,12.094977378845215,1343025,0.0,0.0
2008-01-04 00:00:00-05:00,11.95890414428232,12.048323137245946,11.7411867031313,11.877260208129883,2089800,0.0,0.0
2008-01-07 00:00:00-05:00,11.908360682035081,11.939463408267,11.71785929940252,11.811165809631348,1620000,0.0,0.0
2008-01-08 00:00:00-05:00,11.83837661190639,11.88114274332916,11.434044629475629,11.449596405029297,2244150,0.0,0.0
2008-01-09 00:00:00-05:00,11.449596301714957,11.612884103922573,11.434044526301617,11.581781387329102,2499075,0.0,0.0
2008-01-10 00:00:00-05:00,11.640101856960534,12.22327270754636,11.542906159040637,12.098862648010254,2224800,0.0,0.0
2008-01-11 00:00:00-05:00,12.02888292297316,12.063873176268585,11.865594240027734,11.993892669677734,2310300,0.0,0.0
2008-01-14 00:00:00-05:00,12.09497416682386,12.09497416682386,11.60511069095365,11.764510154724121,1219725,0.0,0.0
2008-01-15 00:00:00-05:00,11.59733379753146,11.745070666645436,11.535129195172905,11.72951889038086,901350,0.0,0.0
2008-01-16 00:00:00-05:00,11.721743229447766,11.927798012197929,11.535129418755018,11.787837028503418,1458225,0.0,0.0
2008-01-17 00:00:00-05:00,11.818937491542002,11.993888700116342,11.585668379209716,11.612883567810059,1087650,0.0,0.0
2008-01-18 00:00:00-05:00,11.678977063846249,11.865590860707464,11.562342919412236,11.581781387329102,1785375,0.0,0.0
2008-01-22 00:00:00-05:00,11.523467415299887,11.659540898492166,11.348516151581284,11.375730514526367,1745775,0.0,0.0
2008-01-23 00:00:00-05:00,11.227991528605044,11.453483931801108,10.905303448014795,11.449596405029297,3687750,0.0,0.0
2008-01-24 00:00:00-05:00,11.472921970753989,11.527351510731743,11.227990292203776,11.29797077178955,1769625,0.0,0.0
2008-01-25 00:00:00-05:00,11.41460630302937,11.441820659236178,11.208551531135384,11.399054527282715,2180700,0.0,0.0
2008-01-28 00:00:00-05:00,11.422384433996303,11.469037267698136,11.173563481286143,11.383505821228027,1064025,0.0,0.0
2008-01-29 00:00:00-05:00,11.426268883489524,11.50013773270307,11.27853285352888,11.399054527282715,992250,0.0,0.0
2008-01-30 00:00:00-05:00,11.325186417313818,11.457372338885563,11.146346837359859,11.161898612976074,1451925,0.0,0.0
2008-01-31 00:00:00-05:00,11.002498659974595,11.38739218721455,10.959732527118325,11.3368501663208,1764000,0.0,0.0
2008-02-01 00:00:00-05:00,11.33684957360395,11.527352563812927,11.247429785664362,11.52346420288086,1357200,0.0,0.0
2008-02-04 00:00:00-05:00,11.4340447183561,11.550678864749184,11.360176703718219,11.49625015258789,748125,0.0,0.0
2008-02-05 00:00:00-05:00,11.290200729767736,11.527357478405747,11.208555960417323,11.22410774230957,940950,0.0,0.0
2008-02-06 00:00:00-05:00,11.29408975825661,11.348519333641955,11.134690229440555,11.181343078613281,993825,0.0,0.0
2008-02-07 00:00:00-05:00,11.134685932625347,11.28630951095173,11.060817072915048,11.23576831817627,806850,0.0,0.0
2008-02-08 00:00:00-05:00,11.23576239162958,11.445703775204906,11.21632309655423,11.40682601928711,1048050,0.0,0.0
2008-02-11 00:00:00-05:00,11.360178385685304,11.457374078225635,11.270758582133535,11.379617691040039,833625,0.0,0.0
2008-02-12 00:00:00-05:00,11.776173655944508,11.776173655944508,11.239656511827302,11.476812362670898,1611225,0.0,0.0
2008-02-13 00:00:00-05:00,11.546787539055936,11.912241633675407,11.507909781126756,11.830596923828125,1592775,0.0,0.0
2008-02-14 00:00:00-05:00,11.834490523849183,11.892808437915308,11.772285916771958,11.826715469360352,1187325,0.0,0.0
2008-02-15 00:00:00-05:00,11.783953534596026,11.896700207219821,11.713973013843384,11.85782241821289,1154700,0.0,0.0
2008-02-19 00:00:00-05:00,11.974455785233683,11.974455785233683,11.799504483352077,11.85782241821289,919350,0.0,0.0
2008-02-20 00:00:00-05:00,11.75673310481521,12.013328233500951,11.721742859994427,11.970562934875488,758700,0.0,0.0
2008-02-21 00:00:00-05:00,12.032768125385086,12.032768125385086,11.791723109223195,11.842265129089355,1354500,0.0,0.0
2008-02-22 00:00:00-05:00,11.838377129885446,11.927797757648538,11.729518867412821,11.908357620239258,1089900,0.0,0.0
2008-02-25 00:00:00-05:00,11.93557195267085,11.947235366890542,11.799498508696724,11.89669418334961,1656900,0.0,0.0
2008-02-26 00:00:00-05:00,11.85004230618143,12.0677596823915,11.815052058267312,12.028881072998047,1779075,0.0,0.0
2008-02-27 00:00:00-05:00,11.935575000844224,12.052209172827817,11.927799945534252,12.001667976379395,1130400,0.0,0.0
2008-02-28 00:00:00-05:00,11.927799207477483,12.10275045462741,11.846154457907499,11.986115455627441,791775,0.0,0.0
2008-02-29 00:00:00-05:00,11.877259377102481,11.908361270638233,11.733409991123992,11.803390502929688,1095300,0.0,0.0
2008-03-03 00:00:00-05:00,11.787835772794143,11.822826014990405,11.581781011994138,11.694527626037598,1114650,0.0,0.0
2008-03-04 00:00:00-05:00,11.628436481080369,11.865592325971136,11.624548953863572,11.780061721801758,871425,0.0,0.0
2008-03-05 00:00:00-05:00,11.896693576508811,12.044430427166692,11.783946966725182,11.951122283935547,770400,0.0,0.0
2008-03-06 00:00:00-05:00,11.896690904858444,11.908353481630972,11.546787740460866,11.601217269897461,1015875,0.0,0.0
2008-03-07 00:00:00-05:00,11.550679402216785,11.776172651891377,11.488474799323756,11.65565013885498,1076400,0.0,0.0
2008-03-10 00:00:00-04:00,11.713968583549855,11.713968583549855,11.531241459281917,11.55456829071045,1370925,0.0,0.0
2008-03-11 00:00:00-04:00,11.861703783797415,11.861703783797415,11.476810285405351,11.694527626037598,1884150,0.0,0.0
2008-03-12 00:00:00-04:00,11.733405279770238,11.853927780086359,11.608995252881499,11.636210441589355,807075,0.0,0.0
2008-03-13 00:00:00-04:00,11.48069994778806,11.678978858019516,11.402944395709056,11.643988609313965,1084275,0.0,0.0
2008-03-14 00:00:00-04:00,11.721741252449775,11.721741252449775,11.31352178552473,11.511799812316895,1119375,0.0,0.0
2008-03-17 00:00:00-04:00,11.212437826711904,11.737292225462157,11.204662774504067,11.535126686096191,1090575,0.0,0.0
2008-03-18 00:00:00-04:00,11.725631825532641,12.067760096145276,11.686754049039543,12.05998420715332,1408275,0.0,0.0
2008-03-19 00:00:00-04:00,12.098862120846842,12.320467034413836,11.865592956542969,11.865592956542969,1431000,0.0,0.0
2008-03-20 00:00:00-04:00,12.129966937928614,12.328245052733628,11.822830528367307,12.258264541625977,3424950,0.0,0.0
2008-03-24 00:00:00-04:00,12.277698489174668,12.351566496120652,12.126073280419215,12.145512580871582,1104975,0.0,0.0
2008-03-25 00:00:00-04:00,12.118301513415975,12.289365234773376,12.07942373620294,12.188282012939453,709875,0.0,0.0
2008-03-26 00:00:00-04:00,12.110525624280026,12.246599095875686,12.087198791105532,12.188282012939453,701325,0.0,0.0
2008-03-27 00:00:00-04:00,12.246602447781264,12.246602447781264,11.857822066541315,11.943352699279785,1280250,0.0,0.0
2008-03-28 00:00:00-04:00,11.943351339979262,11.943351339979262,11.64010329445832,11.686756134033203,1319400,0.0,0.0
2008-03-31 00:00:00-04:00,11.713966484976684,12.056093006558294,11.608994928120788,11.951122283935547,1696950,0.0,0.0
2008-04-01 00:00:00-04:00,11.87725382364311,12.149400687350731,11.846151110416582,12.137737274169922,754875,0.0,0.0
2008-04-02 00:00:00-04:00,12.18828134717191,12.246598426922656,12.122188378709964,12.14940357208252,640125,0.0,0.0
2008-04-03 00:00:00-04:00,12.071650243292671,12.17273348519164,11.990006310975604,12.133854866027832,717975,0.0,0.0
2008-04-04 00:00:00-04:00,12.094976111617404,12.145517311398967,11.951126733861987,12.122190475463867,684675,0.0,0.0
2008-04-07 00:00:00-04:00,12.153289030838938,12.157176557416228,11.951122632622749,12.067757606506348,615600,0.0,0.0
2008-04-08 00:00:00-04:00,11.966676692390523,12.25048620832121,11.966676692390523,12.15717887878418,747225,0.0,0.0
2008-04-09 00:00:00-04:00,12.199944260534963,12.199944260534963,11.947236647281139,12.071646690368652,691200,0.0,0.0
2008-04-10 00:00:00-04:00,12.091089121720557,12.12996774218046,11.857821570128904,11.927802085876465,1282275,0.0,0.0
2008-04-11 00:00:00-04:00,11.811161413220574,11.846151654369688,11.671200448624122,11.69841480255127,1293975,0.0,0.0
2008-04-14 00:00:00-04:00,11.663426728731464,11.865592325971136,11.659539201514669,11.780061721801758,600525,0.0,0.0
2008-04-15 00:00:00-04:00,11.853929159092537,11.896695293299171,11.721743229447766,11.787837028503418,698625,0.0,0.0
2008-04-16 00:00:00-04:00,11.881141640629263,12.056092842621553,11.834487986764653,12.048316955566406,725850,0.0,0.0
2008-04-17 00:00:00-04:00,11.974450614432275,12.075533823280928,11.931685315261625,12.052206993103027,683775,0.0,0.0
2008-04-18 00:00:00-04:00,12.19216767294791,12.355454634753059,12.091083639279956,12.269923210144043,765675,0.0,0.0
2008-04-21 00:00:00-04:00,12.18050884149082,12.242714299990846,12.024996863707845,12.094977378845215,903375,0.0,0.0
2008-04-22 00:00:00-04:00,12.565395850172473,12.565395850172473,12.024991289633531,12.153288841247559,1359675,0.0,0.0
2008-04-23 00:00:00-04:00,12.199946601357599,12.20772249124044,11.974453302856151,12.102751731872559,1252125,0.0,0.0
2008-04-24 00:00:00-04:00,12.133849123215745,12.343790564096745,12.028878402775245,12.301024436950684,886950,0.0,0.0
2008-04-25 00:00:00-04:00,12.37489307565026,12.530404973461799,12.238819643669466,12.495414733886719,605025,0.0,0.0
2008-04-28 00:00:00-04:00,12.425438397205198,12.510970678614967,12.351570367108936,12.491531372070312,709200,0.0,0.0
2008-04-29 00:00:00-04:00,12.507079194946874,12.713132275364337,12.47986484177911,12.542069435119629,940050,0.0,0.0
2008-04-30 00:00:00-04:00,12.604274118874937,12.771450268166058,12.386556789271665,12.46820068359375,601425,0.0,0.0
2008-05-01 00:00:00-04:00,12.483755891665288,12.946405896647505,12.40600033140561,12.8803129196167,826200,0.0,0.0
2008-05-02 00:00:00-04:00,12.958065949609784,12.958065949609784,12.53429547597211,12.55373477935791,689625,0.0,0.0
2008-05-05 00:00:00-04:00,12.565398232666297,12.580950010147927,12.227160003057238,12.374896049499512,1512900,0.0,0.0
2008-05-06 00:00:00-04:00,12.277700689275187,12.359344597878911,12.153290645706038,12.22715950012207,1639350,0.0,0.0
2008-05-07 00:00:00-04:00,12.26603596012538,12.308802093419349,11.896695039413538,11.908357620239258,1827900,0.0,0.0
2008-05-08 00:00:00-04:00,11.943348071978214,12.024992813036302,11.84615322288356,11.955012321472168,846675,0.0,0.0
2008-05-09 00:00:00-04:00,11.830606380864177,12.001670988348785,11.780066005965418,11.85782241821289,574425,0.0,0.0
2008-05-12 00:00:00-04:00,11.920020814226122,12.172728396208775,11.885030572146979,12.161064147949219,567900,0.0,0.0
2008-05-13 00:00:00-04:00,12.157178981777726,12.215496063232422,12.067760013036086,12.215496063232422,419175,0.0,0.0
2008-05-14 00:00:00-04:00,12.207722156660768,12.23882404687284,12.06387278605463,12.118302345275879,577575,0.0,0.0
2008-05-15 00:00:00-04:00,12.071650610858367,12.21161164194925,12.052211300684561,12.141631126403809,583875,0.0,0.0
2008-05-16 00:00:00-04:00,12.203833755867098,12.33990723637042,12.11052641706103,12.308804512023926,853200,0.0,0.0
2008-05-19 00:00:00-04:00,12.285479845028476,12.324358465879868,12.153294703141,12.246602058410645,652725,0.0,0.0
2008-05-20 00:00:00-04:00,12.176614520412878,12.425433712907848,12.176614520412878,12.347678184509277,790650,0.0,0.0
2008-05-21 00:00:00-04:00,12.28547569590141,12.50319306274624,12.024993028489995,12.071646690368652,887850,0.0,0.0
2008-05-22 00:00:00-04:00,12.094975512726968,12.33990727791756,12.036658425776828,12.262151718139648,692325,0.0,0.0
2008-05-23 00:00:00-04:00,12.196057148793596,12.293252843821358,12.137740899703648,12.234935760498047,542475,0.0,0.0
2008-05-27 00:00:00-04:00,12.269929453763487,12.48375854121069,12.207724825506787,12.382676124572754,461700,0.0,0.0
2008-05-28 00:00:00-04:00,12.452653593214395,12.514859040463936,12.371009673653592,12.491531372070312,534150,0.0,0.0
2008-05-29 00:00:00-04:00,12.43321526821489,12.77923028031905,12.409889266446575,12.658708572387695,602325,0.0,0.0
2008-05-30 00:00:00-04:00,12.64314845860227,12.794773626904776,12.631485048289226,12.763670921325684,912600,0.0,0.0
2008-06-02 00:00:00-04:00,12.682031925516409,12.759788302245873,12.378782306541467,12.522631645202637,1219050,0.0,0.0
2008-06-03 00:00:00-04:00,12.58872831065156,12.58872831065156,12.40211361898667,12.440991401672363,756000,0.0,0.0
2008-06-04 00:00:00-04:00,12.386558854767179,12.64315399399602,12.382671327705106,12.56151008605957,612450,0.0,0.0
2008-06-05 00:00:00-04:00,12.569288611575782,12.93474292755127,12.510971522242826,12.93474292755127,734175,0.0,0.0
2008-06-06 00:00:00-04:00,12.903640933398536,12.958069663706155,12.794782638549805,12.794782638549805,1094625,0.0,0.0
2008-06-09 00:00:00-04:00,12.829768125764405,13.00471933865895,12.732573285567387,12.98528003692627,1171575,0.0,0.0
2008-06-10 00:00:00-04:00,12.83754880296947,13.02027513734539,12.798670184998574,12.806446075439453,1175625,0.0,0.0
2008-06-11 00:00:00-04:00,12.767564448711099,12.860870934749236,12.320465482021962,12.33990478515625,1079325,0.0,0.0
2008-06-12 00:00:00-04:00,12.386560519673273,12.631492276404462,12.386560519673273,12.43321418762207,960975,0.0,0.0
2008-06-13 00:00:00-04:00,12.542068473374542,12.724795547231507,12.456536225577802,12.709243774414062,1355400,0.0,0.0
2008-06-16 00:00:00-04:00,12.84143124376938,13.580113847541991,12.84143124376938,12.954177856445312,3415725,0.0,0.0
2008-06-17 00:00:00-04:00,12.98917227010576,13.237991568988644,12.891976566699862,13.16412353515625,1081125,0.0,0.0
2008-06-18 00:00:00-04:00,13.094140043093047,13.195222417026454,12.907525402928915,12.961954116821289,1158075,0.0,0.0
2008-06-19 00:00:00-04:00,13.05137154623762,13.331293455787028,12.911410591462916,13.32740592956543,818325,0.0,0.0
2008-06-20 00:00:00-04:00,13.199113534728125,13.307971819480414,12.864761956529312,13.01249885559082,1856925,0.0,0.0
2008-06-23 00:00:00-04:00,13.152457794846034,13.152457794846034,12.81033038078697,13.000832557678223,1107225,0.0,0.0
2008-06-24 00:00:00-04:00,12.891971468977045,13.04748419924051,12.833654403686523,12.833654403686523,1006425,0.0,0.0
2008-06-25 00:00:00-04:00,12.888084059771314,13.214660483736786,12.856982178809398,13.133016586303711,1694925,0.0,0.0
2008-06-26 00:00:00-04:00,12.950291583664509,13.03971138290997,12.662594549976165,12.724799156188965,1167525,0.0,0.0
2008-06-27 00:00:00-04:00,12.72091209199918,12.821995317357233,12.491531279708491,12.57706356048584,2504475,0.0,0.0
2008-06-30 00:00:00-04:00,12.592618805238752,12.592618805238752,12.413778305053711,12.413778305053711,1210050,0.0,0.0
2008-07-01 00:00:00-04:00,12.363234500825033,12.36712286289939,12.114415200104219,12.351571083068848,990675,0.0,0.0
2008-07-02 00:00:00-04:00,12.339905883757172,12.374896131974065,12.048319647716415,12.087198257446289,770175,0.0,0.0
2008-07-03 00:00:00-04:00,12.114414426848136,12.269926375593226,11.99000436731203,12.098862648010254,427950,0.0,0.0
2008-07-07 00:00:00-04:00,12.192171924899325,12.192171924899325,11.783951458205754,11.966678619384766,1215675,0.0,0.0
2008-07-08 00:00:00-04:00,11.935578076687005,12.425441725257777,11.892812758761174,12.413778305053711,1371150,0.0,0.0
2008-07-09 00:00:00-04:00,12.440993271121519,12.483758588231881,12.188285560107634,12.250490188598633,694350,0.0,0.0
2008-07-10 00:00:00-04:00,12.332130378909973,12.62760413144164,12.29325177059969,12.499305725097656,1190025,0.0,0.0
2008-07-11 00:00:00-04:00,12.332128766634332,12.71702143264638,12.32435287914222,12.639265060424805,833625,0.0,0.0
2008-07-14 00:00:00-04:00,12.752010317714674,13.086361765023304,12.56928323784798,13.028044700622559,1731375,0.0,0.0
2008-07-15 00:00:00-04:00,12.930850990870812,13.105802210506639,12.744236356592596,12.87253475189209,1076400,0.0,0.0
2008-07-16 00:00:00-04:00,12.872537489448137,13.401278787604175,12.748126594493685,13.362401008605957,1163475,0.0,0.0
2008-07-17 00:00:00-04:00,13.362400385555834,13.38572721871378,13.175784886058894,13.34684944152832,1920375,0.0,0.0
2008-07-18 00:00:00-04:00,13.370176691171203,13.409055306226936,12.409888914416323,13.16412353515625,1139400,0.0,0.0
2008-07-21 00:00:00-04:00,13.218549994144524,13.218549994144524,13.000832623570147,13.168008804321289,862650,0.0,0.0
2008-07-22 00:00:00-04:00,13.148569668445953,13.428492482329682,13.051374814700656,13.261316299438477,1489500,0.0,0.0
2008-07-23 00:00:00-04:00,13.01638788817202,13.140797132491079,12.49930909879322,13.136910438537598,2750400,0.0,0.0
2008-07-24 00:00:00-04:00,12.802557319794383,13.160234898043813,12.802557319794383,13.070815086364746,1348425,0.0,0.0
2008-07-25 00:00:00-04:00,13.206886641918242,13.510134597392563,13.113578487774978,13.393501281738281,1518975,0.0,0.0
2008-07-28 00:00:00-04:00,13.377951329583345,13.401278162741294,13.148570525452408,13.34684944152832,1136250,0.0,0.0
2008-07-29 00:00:00-04:00,13.374063389057488,13.545126270776674,13.331297251511026,13.517911911010742,1019700,0.0,0.0
2008-07-30 00:00:00-04:00,13.556788337132685,13.891139826281027,13.525685620815826,13.80949592590332,1313325,0.0,0.0
2008-07-31 00:00:00-04:00,13.603446176374044,14.256597580183243,13.603446176374044,14.147738456726074,2552175,0.0,0.0
2008-08-01 00:00:00-04:00,14.097197418789037,14.136074362072875,13.521800805594216,13.618995666503906,1319400,0.0,0.0
2008-08-04 00:00:00-04:00,13.611221272614367,13.762844862565569,13.447932596951382,13.65787410736084,1253250,0.0,0.0
2008-08-05 00:00:00-04:00,13.704522753294384,13.879473937195222,13.626766393482995,13.828932762145996,926775,0.0,0.0
2008-08-06 00:00:00-04:00,13.848376711372625,14.427660862037458,13.77062032076414,14.381007194519043,2133000,0.0,0.0
2008-08-07 00:00:00-04:00,14.279921811970251,14.392668442764364,14.108858936418224,14.171064376831055,904275,0.0,0.0
2008-08-08 00:00:00-04:00,14.322687167827308,14.497639229504724,14.213829738617505,14.396556854248047,945225,0.0,0.0
2008-08-11 00:00:00-04:00,14.365457660269763,14.831996076811125,14.365457660269763,14.828106880187988,1269900,0.0,0.0
2008-08-12 00:00:00-04:00,14.773675198402398,14.781450253161761,14.38489409650058,14.567621231079102,1346175,0.0,0.0
2008-08-13 00:00:00-04:00,14.124408930102275,14.314911086007136,13.673422463873372,14.108857154846191,1597950,0.0,0.0
2008-08-14 00:00:00-04:00,14.11663165033982,14.136070951525069,13.976671518198781,14.1282958984375,1155150,0.0,0.0
2008-08-15 00:00:00-04:00,14.21771627296518,14.443209532989734,13.961121961416486,14.182726860046387,1045125,0.0,0.0
2008-08-18 00:00:00-04:00,14.27214499050055,14.307136067796192,13.817271830688803,13.941681861877441,1042200,0.0,0.0
2008-08-19 00:00:00-04:00,13.914469476716494,13.941684671850245,13.688976197598919,13.774508476257324,1329075,0.0,0.0
2008-08-20 00:00:00-04:00,13.825045315731371,14.042762637054416,13.782280024106438,13.984445571899414,971100,0.0,0.0
2008-08-21 00:00:00-04:00,13.863929377988072,14.007777083071804,13.751182729519602,13.85615348815918,698625,0.0,0.0
2008-08-22 00:00:00-04:00,14.031103819961915,14.124411149225391,13.887254464525169,14.081645011901855,804375,0.0,0.0
2008-08-25 00:00:00-04:00,13.941685420223328,14.003889200344162,13.743406491362759,13.860040664672852,679950,0.0,0.0
2008-08-26 00:00:00-04:00,13.828937843376558,13.949459536269961,13.720078732795397,13.871703147888184,526050,0.0,0.0
2008-08-27 00:00:00-04:00,13.856152693937384,14.077756781907585,13.840600915171015,13.94946002960205,996525,0.0,0.0
2008-08-28 00:00:00-04:00,14.011664601281609,14.124411236247397,13.887254550086027,13.996112823486328,1099575,0.0,0.0
2008-08-29 00:00:00-04:00,14.003886789025035,14.139960245867558,13.957233961967527,14.116633415222168,619875,0.0,0.0
2008-09-02 00:00:00-04:00,14.279921839706853,14.618161732746174,13.972785501167662,14.120521545410156,1129725,0.0,0.0
2008-09-03 00:00:00-04:00,14.073869787768334,14.318802387405047,13.984450810522743,14.194393157958984,1784025,0.0,0.0
2008-09-04 00:00:00-04:00,14.066094320983227,14.066094320983227,13.327410684419313,13.459596633911133,2672550,0.0,0.0
2008-09-05 00:00:00-04:00,13.393502693572255,13.416829526008685,13.101917288116885,13.315746307373047,1552950,0.0,0.0
2008-09-08 00:00:00-04:00,13.622883956120054,13.906694333996889,13.529577451705391,13.860040664672852,1363725,0.0,0.0
2008-09-09 00:00:00-04:00,13.922246746281711,14.182729467106828,13.661763191223145,13.661763191223145,1430100,0.0,0.0
2008-09-10 00:00:00-04:00,13.747290305843705,13.996109515187456,13.653982163827521,13.832820892333984,1237500,0.0,0.0
2008-09-11 00:00:00-04:00,13.817272103670053,13.968896493269538,13.517910017021652,13.96112060546875,1782450,0.0,0.0
2008-09-12 00:00:00-04:00,13.961123992980742,14.08164652908696,13.801723676903748,14.062207221984863,903600,0.0,0.0
2008-09-15 00:00:00-04:00,13.720074778842756,14.147732706113521,13.607329007549447,13.898914337158203,1494000,0.0,0.0
2008-09-16 00:00:00-04:00,13.69675104964288,14.384893417358398,13.377950461026659,14.384893417358398,2112975,0.0,0.0
2008-09-17 00:00:00-04:00,14.151626654500781,14.186616071573841,13.66176230197701,13.910581588745117,1896300,0.0,0.0
2008-09-18 00:00:00-04:00,14.07386684147179,14.91752191385702,14.07386684147179,14.579283714294434,2727000,0.0,0.0
2008-09-19 00:00:00-04:00,14.94085108052112,15.83893500701729,14.88253316237458,15.003056526184082,3543975,0.0,0.0
2008-09-22 00:00:00-04:00,14.851431438514215,14.917524412426726,14.388782289593406,14.40433406829834,1142550,0.0,0.0
2008-09-23 00:00:00-04:00,13.704529671024485,13.704529671024485,12.84921094982017,13.276870727539062,4932000,0.0,0.0
2008-09-24 00:00:00-04:00,13.261314191967557,13.261314191967557,12.635376530189154,12.97750473022461,4540950,0.0,0.0
2008-09-25 00:00:00-04:00,13.288532124331184,13.428493963831018,12.860873219050376,13.350737571716309,11759400,0.0,0.0
2008-09-26 00:00:00-04:00,13.094138338271295,13.688972426348661,12.930849715154174,13.665645599365234,2562975,0.0,0.0
2008-09-29 00:00:00-04:00,13.599556427276417,13.599556427276417,12.573174149032926,12.923076629638672,2699550,0.0,0.0
2008-09-30 00:00:00-04:00,13.012499613010975,13.409055829260145,12.689811433475493,13.335186958312988,2461050,0.0,0.0
2008-10-01 00:00:00-04:00,13.074705372360016,13.280759388623833,12.958070346700454,13.237993240356445,1415025,0.0,0.0
2008-10-02 00:00:00-04:00,13.203000943456336,13.214664360797286,12.837547478184382,12.94251823425293,1376100,0.0,0.0
2008-10-03 00:00:00-04:00,13.20689179549527,13.6112239509611,13.117471967610458,13.541242599487305,2813850,0.0,0.0
2008-10-06 00:00:00-04:00,13.26131532383523,13.409052191415409,12.67425621465692,13.249651908874512,2884950,0.0,0.0
2008-10-07 00:00:00-04:00,13.494584766729512,13.494584766729512,12.864759510174853,12.899749755859375,2954925,0.0,0.0
2008-10-08 00:00:00-04:00,12.56539726610286,13.055261534426242,12.184392929077148,12.184392929077148,4124475,0.0,0.0
2008-10-09 00:00:00-04:00,12.3126867574421,12.62759970370803,11.40682734755522,11.414603233337402,2862450,0.0,0.0
2008-10-10 00:00:00-04:00,10.916965568921261,12.969728945797794,10.84309839219928,11.873366355895996,4450500,0.0,0.0
2008-10-13 00:00:00-04:00,11.920023779167154,12.82977113374514,11.920023779167154,12.74423885345459,3740625,0.0,0.0
2008-10-14 00:00:00-04:00,13.12524531777106,13.160235571841298,12.320468639922131,12.526522636413574,2565675,0.0,0.0
2008-10-15 00:00:00-04:00,12.32435349294669,12.456538581496877,11.842265129089355,11.842265129089355,1870425,0.0,0.0
2008-10-16 00:00:00-04:00,11.900582008883122,12.662594035079154,11.574006379637128,12.444876670837402,3212100,0.0,0.0
2008-10-17 00:00:00-04:00,12.024994007282436,13.179673066999335,12.024994007282436,12.631491661071777,2363175,0.0,0.0
2008-10-20 00:00:00-04:00,12.736463123151077,13.179672942900837,12.608164709516492,13.171897888183594,1739025,0.0,0.0
2008-10-21 00:00:00-04:00,12.825883005112066,13.086366544050438,12.596502189956901,12.740350723266602,2205900,0.0,0.0
2008-10-22 00:00:00-04:00,12.713135363932489,12.713135363932489,12.059984055362502,12.647043228149414,2167875,0.0,0.0
2008-10-23 00:00:00-04:00,12.771453818671317,12.977507792083673,12.05998456469784,12.818106651306152,2188350,0.0,0.0
2008-10-24 00:00:00-04:00,12.475979261608982,12.588725894259419,11.857818214124377,12.172730445861816,1737675,0.0,0.0
2008-10-27 00:00:00-04:00,12.036656544437,12.328241933612652,11.589558391545472,11.605110168457031,1712475,0.0,0.0
2008-10-28 00:00:00-04:00,11.807277759836307,11.896697572405015,11.103583511062359,11.64010238647461,3384225,0.0,0.0
2008-10-29 00:00:00-04:00,11.624550829037101,12.472093632281986,11.336852912752459,11.993892669677734,2482425,0.0,0.0
2008-10-30 00:00:00-04:00,12.31657880902094,12.608164205085208,12.118300739697238,12.48375415802002,1543950,0.0,0.0
2008-10-31 00:00:00-04:00,12.44098651680027,13.16023063659668,12.382669448552809,13.16023063659668,5676300,0.0,0.0
2008-11-03 00:00:00-05:00,13.160230116197111,13.549011111961917,13.113576463443984,13.490694046020508,1713150,0.0,0.0
2008-11-04 00:00:00-05:00,13.552903431827712,13.793948501951961,13.358512865191008,13.63454818725586,1253250,0.0,0.0
2008-11-05 00:00:00-05:00,13.494585299026719,13.63065792590066,13.152457882682809,13.179672241210938,1144350,0.0,0.0
2008-11-06 00:00:00-05:00,13.039710955600405,13.385725891205599,12.926964328440674,13.01638412475586,1225350,0.0,0.0
2008-11-07 00:00:00-05:00,13.156348158474518,13.385728993010193,12.969733468474908,13.335186958312988,955125,0.0,0.0
2008-11-10 00:00:00-05:00,13.615110052320773,14.027219749413812,13.261319953089222,13.467374801635742,977850,0.0,0.0
2008-11-11 00:00:00-05:00,13.350733087761126,13.692859596539689,13.082474584430642,13.490694046020508,1050975,0.0,0.0
2008-11-12 00:00:00-05:00,13.269088349784335,13.374059061788932,12.790887605308109,12.853092193603516,1312650,0.0,0.0
2008-11-13 00:00:00-05:00,12.787001809316584,13.957232406680856,12.285474172093846,13.922242164611816,2300850,0.0,0.0
2008-11-14 00:00:00-05:00,13.696750381223874,14.244931732326648,13.432379357421816,13.55678939819336,1469250,0.0,0.0
2008-11-17 00:00:00-05:00,13.463485215031048,13.766734082296175,13.226328493450117,13.374065399169922,1740600,0.0,0.0
2008-11-18 00:00:00-05:00,13.389618396676711,13.622885943086736,13.020275681679701,13.467374801635742,2371500,0.0,0.0
2008-11-19 00:00:00-05:00,13.424598618042154,13.677306119569113,12.736456575339547,12.763670921325684,1839375,0.0,0.0
2008-11-20 00:00:00-05:00,12.689809628987678,13.199112426100037,12.238823079974173,12.320466995239258,2688300,0.0,0.0
2008-11-21 00:00:00-05:00,12.44487840945924,13.148570954614335,12.262151265680087,13.113580703735352,3242925,0.0,0.0
2008-11-24 00:00:00-05:00,13.350737852414053,13.366288797470594,12.01721907825496,12.308804512023926,4200975,0.0,0.0
2008-11-25 00:00:00-05:00,12.31269152514505,12.371008605510385,10.718689381948181,11.286309242248535,8142075,0.0,0.0
2008-11-26 00:00:00-05:00,11.367951716268818,11.496249267422813,10.777004307733481,11.410717010498047,4451175,0.0,0.0
2008-11-28 00:00:00-05:00,11.336851433636312,11.500139261044174,10.477646158960024,10.975285530090332,2021400,0.0,0.0
2008-12-01 00:00:00-05:00,10.780895535944634,10.990837055372669,10.318247188175516,10.384339332580566,21056400,0.0,0.0
2008-12-02 00:00:00-05:00,10.524295984222336,10.7964428416726,10.407661855095967,10.726462364196777,3911400,0.0,0.0
2008-12-03 00:00:00-05:00,10.532077979369697,11.231883994238942,10.434883093470383,11.06470775604248,4062600,0.0,0.0
2008-12-04 00:00:00-05:00,10.924743689996024,11.364065987407024,10.621494862491678,10.878090858459473,2380500,0.0,0.0
2008-12-05 00:00:00-05:00,10.699250345957749,11.410719578527603,10.458206963879082,11.379617691040039,2040300,0.0,0.0
2008-12-08 00:00:00-05:00,11.523463065383165,11.795609094803668,11.406828933598218,11.608994483947754,1830600,0.0,0.0
2008-12-09 00:00:00-05:00,11.4534820844599,11.955009663393064,11.231877243778465,11.364062309265137,1470825,0.0,0.0
2008-12-10 00:00:00-05:00,11.492363915017132,11.690641151895203,11.383504810016122,11.550680160522461,1247850,0.0,0.0
2008-12-11 00:00:00-05:00,11.48458681836532,11.66342556600923,10.959732321688117,11.099693298339844,1772550,0.0,0.0
2008-12-12 00:00:00-05:00,10.88586419783716,11.469035806987346,10.757567461588723,11.437933921813965,1418400,0.0,0.0
2008-12-15 00:00:00-05:00,11.480697208288998,11.589556289997217,10.885862287999513,11.091917037963867,1708875,0.0,0.0
2008-12-16 00:00:00-05:00,11.24354377736446,11.663426749941152,11.130797145539244,11.659539222717285,1641600,0.0,0.0
2008-12-17 00:00:00-05:00,11.492363909661929,11.663426787326694,11.189114260928982,11.348514556884766,2267325,0.0,0.0
2008-12-18 00:00:00-05:00,11.35240077602484,11.500136793925519,11.165785321931327,11.410717010498047,2869200,0.0,0.0
2008-12-19 00:00:00-05:00,11.546794211902853,11.822829539381647,11.511803959275978,11.64010238647461,3653550,0.0,0.0
2008-12-22 00:00:00-05:00,11.5156886742165,11.643987070076886,11.091918218434824,11.399054527282715,1521225,0.0,0.0
2008-12-23 00:00:00-05:00,11.488474780706648,11.682865311503086,11.329074495399574,11.453484535217285,1545750,0.0,0.0
2008-12-24 00:00:00-05:00,11.410720472215365,11.410720472215365,11.138573512867895,11.20077896118164,570150,0.0,0.0
2008-12-26 00:00:00-05:00,11.259096184566067,11.375730358781635,11.107471758085829,11.28242301940918,731025,0.0,0.0
2008-12-29 00:00:00-05:00,11.313525682558785,11.33685251727533,10.944183854802349,11.103583335876465,1433250,0.0,0.0
2008-12-30 00:00:00-05:00,11.196888347835253,11.702303513492271,11.177449046315159,11.694527626037598,1662525,0.0,0.0
2008-12-31 00:00:00-05:00,11.760620264740847,12.355455242366252,11.760620264740847,12.273811340332031,2038725,0.0,0.0
2009-01-02 00:00:00-05:00,12.254373410800332,12.312690486245083,11.966675560528476,12.052206993103027,1441125,0.0,0.0
2009-01-05 00:00:00-05:00,12.001666197550666,12.3515686616406,11.951124174359935,12.071646690368652,1341450,0.0,0.0
2009-01-06 00:00:00-05:00,12.098861000325206,12.308802477945195,11.838377499715259,11.916133880615234,1416825,0.0,0.0
2009-01-07 00:00:00-05:00,11.729517517205977,11.826713187664506,11.492361716384147,11.69841480255127,1230525,0.0,0.0
2009-01-08 00:00:00-05:00,11.66342431118337,12.098858970075158,11.66342431118337,12.048316955566406,1232550,0.0,0.0
2009-01-09 00:00:00-05:00,12.063868988486334,12.184391486377606,11.640098568202568,11.69841480255127,1136250,0.0,0.0
2009-01-12 00:00:00-05:00,11.710079217166827,11.710079217166827,11.364063493012207,11.480697631835938,1445400,0.0,0.0
2009-01-13 00:00:00-05:00,11.480699825161217,11.57789551557181,11.161900062882449,11.239656448364258,1569150,0.0,0.0
2009-01-14 00:00:00-05:00,11.115245269622623,11.239655306912296,10.291029502532627,10.380449295043945,3343275,0.0,0.0
2009-01-15 00:00:00-05:00,10.22882247524825,10.761452786312281,10.096637404730265,10.699247360229492,1561500,0.0,0.0
2009-01-16 00:00:00-05:00,10.823661029121302,10.967510395506013,10.376562819550884,10.928631782531738,2433600,0.0,0.0
2009-01-20 00:00:00-05:00,10.92085549433584,10.951959050966284,10.380450802365834,10.493197441101074,2034225,0.0,0.0
2009-01-21 00:00:00-05:00,10.629270792033365,10.88197844716134,10.407665861389372,10.843101501464844,1542375,0.0,0.0
2009-01-22 00:00:00-05:00,10.609831809615056,11.165788290501698,10.602055920309168,11.025826454162598,3774150,0.0,0.0
2009-01-23 00:00:00-05:00,10.722576505214501,11.033600341756925,10.687586261035987,10.788668632507324,3692250,0.0,0.0
2009-01-26 00:00:00-05:00,10.811997092501485,11.313524835594766,10.777006843046141,11.173563003540039,3231000,0.0,0.0
2009-01-27 00:00:00-05:00,11.193003851149605,11.60511181584011,11.173563710133925,11.309638023376465,3402225,0.0,0.0
2009-01-28 00:00:00-05:00,11.42238123408592,11.86170342881362,11.39127768519806,11.69841480255127,3992175,0.0,0.0
2009-01-29 00:00:00-05:00,11.55457039702056,11.733409192495827,11.360179821602436,11.457375526428223,1266750,0.0,0.0
2009-01-30 00:00:00-05:00,11.519579729803112,11.655652376898995,11.216330042609219,11.28242301940918,2095425,0.0,0.0
2009-02-02 00:00:00-05:00,11.060817731870847,11.2124421534637,10.633158828787565,10.928631782531738,3835350,0.0,0.0
2009-02-03 00:00:00-05:00,10.858651418503634,10.990836535292248,10.6059437678871,10.940296173095703,2389725,0.0,0.0
2009-02-04 00:00:00-05:00,10.940295741486416,11.204666798867255,10.784782962211397,10.897529602050781,1796850,0.0,0.0
2009-02-05 00:00:00-05:00,10.850876167843309,10.990837182413108,10.633159590223698,10.823661804199219,2027250,0.0,0.0
2009-02-06 00:00:00-05:00,10.815883859759415,10.924742962125244,10.625381681969154,10.742015838623047,2324925,0.0,0.0
2009-02-09 00:00:00-05:00,10.703134973984756,10.738125210877598,10.154953761763847,10.458203315734863,3356550,0.0,0.0
2009-02-10 00:00:00-05:00,10.392114664614963,11.165788556389352,10.392114664614963,10.547627449035645,5929200,0.0,0.0
2009-02-11 00:00:00-05:00,10.687587384026557,10.932519119012184,10.186059663870294,10.224937438964844,2738700,0.0,0.0
2009-02-12 00:00:00-05:00,10.112191640920653,10.30658135062672,9.820606242128239,10.224937438964844,3512700,0.0,0.0
2009-02-13 00:00:00-05:00,10.263814180364648,10.40377599192241,10.162731808452415,10.310468673706055,1967400,0.0,0.0
2009-02-17 00:00:00-05:00,9.921690591739292,10.318247646969443,9.867261028426629,10.151070594787598,2059200,0.0,0.0
2009-02-18 00:00:00-05:00,10.17828756731926,10.209389462740145,9.859486048269963,9.902252197265625,1959300,0.0,0.0
2009-02-19 00:00:00-05:00,9.871145390220327,10.100526988160354,9.859481975696815,9.88280963897705,2050200,0.0,0.0
2009-02-20 00:00:00-05:00,9.816715155328982,10.01888069762188,9.63787643846346,9.890583992004395,2363400,0.0,0.0
2009-02-23 00:00:00-05:00,9.925575357199383,9.960565599313606,9.649540112654055,9.672867774963379,2080800,0.0,0.0
2009-02-24 00:00:00-05:00,9.773948970560935,9.828378507634634,9.517353892436907,9.746734619140625,1759050,0.0,0.0
2009-02-25 00:00:00-05:00,9.676754709972265,9.770062858849698,9.354066635416553,9.490140914916992,1473750,0.0,0.0
2009-02-26 00:00:00-05:00,9.567898069065587,9.649541141806408,9.225770664637713,9.2646484375,1552050,0.0,0.0
2009-02-27 00:00:00-05:00,9.163564889893276,9.459036926958326,9.02749061668559,9.268535614013672,2365425,0.0,0.0
2009-03-02 00:00:00-05:00,9.116913795471191,9.252987285117054,8.918635687186333,9.116913795471191,2188125,0.0,0.0
2009-03-03 00:00:00-05:00,9.105249566843518,9.206331958854971,8.630936993520342,8.638712882995605,2519325,0.0,0.0
2009-03-04 00:00:00-05:00,8.724244067254496,8.844765762203687,8.48708737062647,8.55706787109375,2119500,0.0,0.0
2009-03-05 00:00:00-05:00,8.393779240140592,8.557066208607104,8.191611998790357,8.37433910369873,2225475,0.0,0.0
2009-03-06 00:00:00-05:00,8.455986100120029,8.70091786965589,8.308249199147571,8.502639770507812,2576700,0.0,0.0
2009-03-09 00:00:00-04:00,8.444319852463801,8.564842361968878,8.071091411807988,8.133296012878418,2085075,0.0,0.0
2009-03-10 00:00:00-04:00,8.2577069187357,8.358790980517957,7.977784904815867,8.351015090942383,2740500,0.0,0.0
2009-03-11 00:00:00-04:00,8.35879025755128,8.541516555789022,8.211053373793817,8.347126007080078,1630125,0.0,0.0
2009-03-12 00:00:00-04:00,8.362682623332706,8.852546388746612,8.284926192014463,8.798117637634277,1949625,0.0,0.0
2009-03-13 00:00:00-04:00,8.825329627023638,8.848656466688686,8.658153386601732,8.802001953125,1501875,0.0,0.0
2009-03-16 00:00:00-04:00,8.906971279673941,8.957512474564464,8.704804831645093,8.735907554626465,1642950,0.0,0.0
2009-03-17 00:00:00-04:00,8.751456371563698,9.05081844329834,8.677588360952447,9.05081844329834,1019475,0.0,0.0
2009-03-18 00:00:00-04:00,9.039155327777078,9.35795590664504,8.860316568723466,9.214106559753418,1277550,0.0,0.0
2009-03-19 00:00:00-04:00,9.256876427557865,9.334632840093054,9.081925125028896,9.31130599975586,1767150,0.0,0.0
2009-03-20 00:00:00-04:00,9.346294585208335,9.595114727033677,9.237436294555664,9.237436294555664,2266200,0.0,0.0
2009-03-23 00:00:00-04:00,9.326853786276455,9.816718101501465,9.217995513022748,9.816718101501465,2062800,0.0,0.0
2009-03-24 00:00:00-04:00,9.735073659721186,9.863371231113977,9.509580402329846,9.525132179260254,1801350,0.0,0.0
2009-03-25 00:00:00-04:00,9.626215683192374,9.882811690200555,9.350181204099268,9.618440628051758,1585350,0.0,0.0
2009-03-26 00:00:00-04:00,9.738959280324725,10.135516166687012,9.595110794394794,10.135516166687012,2555550,0.0,0.0
2009-03-27 00:00:00-04:00,10.011105561122783,10.092750290468686,9.812828364367798,9.8439302444458,994725,0.0,0.0
2009-03-30 00:00:00-04:00,9.665089581604509,9.684528044208168,9.490138412773701,9.653426170349121,1090350,0.0,0.0
2009-03-31 00:00:00-04:00,9.742852239150839,10.127745059636162,9.672871726335325,9.991671562194824,1893825,0.0,0.0
2009-04-01 00:00:00-04:00,9.867259847760568,9.956679655167537,9.51735734168988,9.929465293884277,1633275,0.0,0.0
2009-04-02 00:00:00-04:00,10.12385212938068,10.613716332298472,10.02276976818848,10.419325828552246,1682775,0.0,0.0
2009-04-03 00:00:00-04:00,10.446541498942263,10.738127708435059,10.380449370038928,10.738127708435059,1679850,0.0,0.0
2009-04-06 00:00:00-04:00,10.62926778371925,10.804219829472162,10.574839074068565,10.675921440124512,1801800,0.0,0.0
2009-04-07 00:00:00-04:00,10.574837913974678,10.699247094585166,10.415437660665695,10.512633323669434,1159425,0.0,0.0
2009-04-08 00:00:00-04:00,10.574844102976837,10.687590770984396,10.434883067202035,10.481535911560059,1407600,0.0,0.0
2009-04-09 00:00:00-04:00,10.629267838137276,10.629267838137276,10.465980039882885,10.52040958404541,2073150,0.0,0.0
2009-04-13 00:00:00-04:00,10.45043147271854,10.497085139959246,10.205499719704836,10.45431900024414,1370250,0.0,0.0
2009-04-14 00:00:00-04:00,10.349346555240864,10.423215405771966,10.205498049534526,10.368785858154297,1849725,0.0,0.0
2009-04-15 00:00:00-04:00,10.36878528916063,10.67592158663244,10.36878528916063,10.567063331604004,812250,0.0,0.0
2009-04-16 00:00:00-04:00,10.64093185222285,10.718688229091255,10.462093103082076,10.644820213317871,1608525,0.0,0.0
2009-04-17 00:00:00-04:00,10.660374565222172,10.784783797194194,10.411553598577827,10.469871520996094,2223450,0.0,0.0
2009-04-20 00:00:00-04:00,10.34934586190571,10.388224465127976,10.166618762613968,10.318243980407715,1365750,0.0,0.0
2009-04-21 00:00:00-04:00,10.193830635163428,10.39599698683638,10.022767825880749,10.20549488067627,1928475,0.0,0.0
2009-04-22 00:00:00-04:00,10.691472109742712,10.691472109742712,10.1083014649681,10.139403343200684,3874950,0.0,0.0
2009-04-23 00:00:00-04:00,10.1899521778816,10.1899521778816,9.836161164719229,9.948907852172852,1895850,0.0,0.0
2009-04-24 00:00:00-04:00,10.018882685880817,10.116077533038954,9.902248535597755,9.983892440795898,2212875,0.0,0.0
2009-04-27 00:00:00-04:00,9.863370491668178,10.131629029923882,9.77006317401402,9.96445369720459,2287350,0.0,0.0
2009-04-28 00:00:00-04:00,9.875031398522834,10.170505052211654,9.801162567984123,10.007216453552246,1471050,0.0,0.0
2009-04-29 00:00:00-04:00,10.077203279715894,10.473759496316687,10.018885354805837,10.081089973449707,3478050,0.0,0.0
2009-04-30 00:00:00-04:00,10.135521360752671,10.291033339674437,9.991671966872325,10.022774696350098,3071700,0.0,0.0
2009-05-01 00:00:00-04:00,10.01110706281532,10.0810875548378,9.793390532678671,9.933351516723633,1499175,0.0,0.0
2009-05-04 00:00:00-04:00,10.034435188147201,10.034435188147201,9.758400734426194,9.987781524658203,2018025,0.0,0.0
2009-05-05 00:00:00-04:00,9.987780802610008,9.995556690707133,9.738960725834469,9.793390274047852,1845675,0.0,0.0
2009-05-06 00:00:00-04:00,9.882806974251332,9.948899082575183,9.598996741214844,9.700079917907715,1857825,0.0,0.0
2009-05-07 00:00:00-04:00,9.723410880478932,9.723410880478932,9.486254191985948,9.54068374633789,1571400,0.0,0.0
2009-05-08 00:00:00-04:00,9.63788162493728,9.968345719147862,9.587339586490845,9.941129684448242,1940175,0.0,0.0
2009-05-11 00:00:00-04:00,9.816716379399736,9.921687106911989,9.731184119345405,9.789501190185547,1188450,0.0,0.0
2009-05-12 00:00:00-04:00,9.801165016427113,9.894473167927508,9.517355537817199,9.630102157592773,1079550,0.0,0.0
2009-05-13 00:00:00-04:00,9.497916184934317,9.509579599530854,9.326852492774035,9.354066848754883,1278225,0.0,0.0
2009-05-14 00:00:00-04:00,9.350179371558031,9.661204040526352,9.33074090328285,9.630102157592773,1432800,0.0,0.0
2009-05-15 00:00:00-04:00,9.606777729643525,9.649543875872526,9.404612085552198,9.49403190612793,1129725,0.0,0.0
2009-05-18 00:00:00-04:00,9.560123589851962,9.785616874694824,9.474591309021887,9.785616874694824,1345275,0.0,0.0
2009-05-19 00:00:00-04:00,9.731186353233594,9.948903745760319,9.583450296013119,9.917801856994629,1791450,0.0,0.0
2009-05-20 00:00:00-04:00,9.987782551983601,10.116079305541412,9.812831295904687,9.82060718536377,1648575,0.0,0.0
2009-05-21 00:00:00-04:00,9.723412181340885,9.82449458036081,9.630104838101909,9.73896312713623,1322325,0.0,0.0
2009-05-22 00:00:00-04:00,9.754509671413242,9.859480385191253,9.684529195561234,9.746734619140625,1499850,0.0,0.0
2009-05-26 00:00:00-04:00,9.657317008339424,10.16661975258559,9.62621428957963,10.088863372802734,1605600,0.0,0.0
2009-05-27 00:00:00-04:00,10.026658071705704,10.061648315037834,9.777838841643845,9.847819328308105,1343700,0.0,0.0
2009-05-28 00:00:00-04:00,9.933356901371349,10.015000852988248,9.703975997322159,9.948907852172852,1074150,0.0,0.0
2009-05-29 00:00:00-04:00,9.933354286243135,9.94890523295058,9.773953954116195,9.87503719329834,1446525,0.0,0.0
2009-06-01 00:00:00-04:00,10.00333186516676,10.35323429107666,9.921687131554597,10.35323429107666,1297125,0.0,0.0
2009-06-02 00:00:00-04:00,10.283252328572432,10.399886453786399,10.112188666847596,10.154953956604004,1889550,0.0,0.0
2009-06-03 00:00:00-04:00,10.116078229757493,10.201610502011382,9.99555737847543,10.166620254516602,1398150,0.0,0.0
2009-06-04 00:00:00-04:00,10.20549898940856,10.287142901237432,10.084976468172306,10.236600875854492,1113300,0.0,0.0
2009-06-05 00:00:00-04:00,10.372672989802648,10.423215008605071,10.224936128603057,10.349346160888672,1314675,0.0,0.0
2009-06-08 00:00:00-04:00,10.326021315610664,10.423217010912401,10.182172787752135,10.396001815795898,1331100,0.0,0.0
2009-06-09 00:00:00-04:00,10.427102302913243,10.43876571711024,10.259926977500687,10.35323429107666,935775,0.0,0.0
2009-06-10 00:00:00-04:00,10.38045096129652,10.411552849936431,10.084977179583746,10.240489959716797,1535850,0.0,0.0
2009-06-11 00:00:00-04:00,10.30269278577695,10.493195783290828,10.275478429374921,10.310468673706055,1204425,0.0,0.0
2009-06-12 00:00:00-04:00,10.291031564805337,10.349348651122387,10.174397392171235,10.341572761535645,951750,0.0,0.0
2009-06-15 00:00:00-04:00,10.228821626435616,10.232709986638818,9.972226559278047,10.112188339233398,1101150,0.0,0.0
2009-06-16 00:00:00-04:00,10.20161129574077,10.217163074215094,9.976118015963406,10.003334045410156,976275,0.0,0.0
2009-06-17 00:00:00-04:00,9.96445759997524,10.116081216316317,9.921691451222497,10.022774696350098,1187775,0.0,0.0
2009-06-18 00:00:00-04:00,9.987781489843266,10.228824860874,9.956678769547915,10.166620254516602,777825,0.0,0.0
2009-06-19 00:00:00-04:00,10.2677097000218,10.302699968747907,10.015001925588654,10.042216300964355,1698750,0.0,0.0
2009-06-22 00:00:00-04:00,9.98000428129343,10.053872293712917,9.657316207885742,9.657316207885742,1925775,0.0,0.0
2009-06-23 00:00:00-04:00,9.70008212964116,9.735072371755384,9.595111403298493,9.672867774963379,1675350,0.0,0.0
2009-06-24 00:00:00-04:00,9.742853749789747,9.785619903441333,9.633994601264554,9.735077857971191,1637550,0.0,0.0
2009-06-25 00:00:00-04:00,9.700084753432876,10.104416827532287,9.649542722774573,10.092753410339355,2360925,0.0,0.0
2009-06-26 00:00:00-04:00,10.07331473608621,10.213275739598167,9.459039496350277,9.486254692077637,18487350,0.0,0.0
2009-06-29 00:00:00-04:00,9.540684011258087,9.980006317176173,9.540684011258087,9.968343734741211,3402450,0.0,0.0
2009-06-30 00:00:00-04:00,9.956680606356295,10.081089842022106,9.956680606356295,10.073315620422363,2071575,0.0,0.0
2009-07-01 00:00:00-04:00,10.069426496275172,10.186060667281568,10.007221048916163,10.116079330444336,1217925,0.0,0.0
2009-07-02 00:00:00-04:00,10.026661075329757,10.116080056698637,9.917802785986424,9.976119041442871,1012275,0.0,0.0
2009-07-06 00:00:00-04:00,9.906137605915772,9.999445774912978,9.840045466613645,9.917801856994629,767250,0.0,0.0
2009-07-07 00:00:00-04:00,9.941127443032487,10.042210662900699,9.843932584773315,9.886698722839355,1444950,0.0,0.0
2009-07-08 00:00:00-04:00,9.902248558318652,9.976116575589668,9.657316842162219,9.8050537109375,1788750,0.0,0.0
2009-07-09 00:00:00-04:00,9.816718972644452,9.816718972644452,9.525133541416754,9.626215934753418,1997775,0.0,0.0
2009-07-10 00:00:00-04:00,9.661206039736234,9.840045657661387,9.497918200729247,9.82060718536377,1846350,0.0,0.0
2009-07-13 00:00:00-04:00,9.882807284430333,10.053870100531217,9.820602699869378,10.007216453552246,1564875,0.0,0.0
2009-07-14 00:00:00-04:00,9.987784456057963,10.038326495827262,9.94112994464263,10.034438133239746,739800,0.0,0.0
2009-07-15 00:00:00-04:00,10.119962641801951,10.221045817638428,10.038319597075887,10.20549488067627,1136700,0.0,0.0
2009-07-16 00:00:00-04:00,10.151067280886657,10.37656051654391,10.084975155119194,10.349346160888672,1103175,0.0,0.0
2009-07-17 00:00:00-04:00,10.349349335622081,10.6292713684578,10.252154463409722,10.322134971618652,1266525,0.0,0.0
2009-07-20 00:00:00-04:00,10.34934890612686,10.528188531394637,10.310471125702026,10.4232177734375,1115550,0.0,0.0
2009-07-21 00:00:00-04:00,10.415442074765002,10.555403087942567,10.33379731617798,10.539852142333984,1361925,0.0,0.0
2009-07-22 00:00:00-04:00,10.55151374695304,11.20077838793607,10.52041185862134,11.07636833190918,4003875,0.0,0.0
2009-07-23 00:00:00-04:00,11.06081483296053,11.18522486025169,11.002497763016732,11.169673919677734,1468575,0.0,0.0
2009-07-24 00:00:00-04:00,11.14634872175703,11.29797397136614,11.002500195503975,11.150237083435059,1619325,0.0,0.0
2009-07-27 00:00:00-04:00,11.130796761684284,11.18522631210791,11.045265326075684,11.115245819091797,537075,0.0,0.0
2009-07-28 00:00:00-04:00,11.064707348257064,11.227996051954358,11.006390252020013,11.189117431640625,940500,0.0,0.0
2009-07-29 00:00:00-04:00,11.123023750991255,11.227994509800318,11.072481718372009,11.196891784667969,813600,0.0,0.0
2009-07-30 00:00:00-04:00,11.309635887744703,11.309635887744703,11.045264869207978,11.060815811157227,1443825,0.0,0.0
2009-07-31 00:00:00-04:00,11.021939780158437,11.169676671828729,10.955845972292728,10.967510223388672,876150,0.0,0.0
2009-08-03 00:00:00-04:00,10.998613270194765,11.041379414604622,10.808111052793526,10.870316505432129,978525,0.0,0.0
2009-08-04 00:00:00-04:00,10.858647933026559,10.963618654079255,10.835321940359094,10.913078308105469,1077075,0.0,0.0
2009-08-05 00:00:00-04:00,10.893642311484118,10.920856675128208,10.780895660558407,10.823661804199219,963000,0.0,0.0
2009-08-06 00:00:00-04:00,10.835321625506456,10.84698420438473,10.648706181491196,10.699247360229492,552375,0.0,0.0
2009-08-07 00:00:00-04:00,10.839207923268793,10.866422272699808,10.730349691311714,10.80033016204834,456300,0.0,0.0
2009-08-10 00:00:00-04:00,10.714802938373719,10.8508755834998,10.660374214016649,10.831437110900879,529200,0.0,0.0
2009-08-11 00:00:00-04:00,10.784785587991966,10.815887484032679,10.633161133534381,10.75757122039795,615825,0.0,0.0
2009-08-12 00:00:00-04:00,10.707026690635786,11.080256864471265,10.6525979680994,10.967510223388672,889200,0.0,0.0
2009-08-13 00:00:00-04:00,11.037490897779637,11.115247289494796,10.823661029121302,10.928631782531738,594450,0.0,0.0
2009-08-14 00:00:00-04:00,10.885865420887505,10.932519922355873,10.672036390804918,10.730354309082031,640350,0.0,0.0
2009-08-17 00:00:00-04:00,10.644821646792437,10.691475312349404,10.477646289957754,10.578728675842285,1410750,0.0,0.0
2009-08-18 00:00:00-04:00,10.664263540957132,11.270762222104393,10.430995138298035,10.535965919494629,1122750,0.0,0.0
2009-08-19 00:00:00-04:00,10.462092736788218,10.683697610582874,10.423214966831804,10.637043952941895,688500,0.0,0.0
2009-08-20 00:00:00-04:00,10.672033820243374,10.761453605649784,10.598165809658273,10.74979019165039,333225,0.0,0.0
2009-08-21 00:00:00-04:00,10.784781735267364,11.049152762571707,10.761454904453254,10.936406135559082,781200,0.0,0.0
2009-08-24 00:00:00-04:00,10.936407790364148,11.018052544800605,10.878091538738223,10.998612403869629,836775,0.0,0.0
2009-08-25 00:00:00-04:00,11.041379057763061,11.07636931090389,10.819774121204475,10.8742036819458,698400,0.0,0.0
2009-08-26 00:00:00-04:00,10.878087687216437,10.878087687216437,10.69536060480954,10.78477954864502,715725,0.0,0.0
2009-08-27 00:00:00-04:00,10.730353129149508,10.74201571044244,10.547626007827729,10.672035217285156,1422000,0.0,0.0
2009-08-28 00:00:00-04:00,10.769230360497373,10.769230360497373,10.574839833438705,10.703137397766113,1114650,0.0,0.0
2009-08-31 00:00:00-04:00,10.660371010988738,10.687585364990417,10.551511092282562,10.633155822753906,599400,0.0,0.0
2009-09-01 00:00:00-04:00,10.570950858280066,10.808107504416817,10.500970372711816,10.567063331604004,716625,0.0,0.0
2009-09-02 00:00:00-04:00,10.520410516024342,10.605941949371184,10.427103194470236,10.508747100830078,712350,0.0,0.0
2009-09-03 00:00:00-04:00,10.528187604510324,10.648709297180176,10.380450717128983,10.648709297180176,752625,0.0,0.0
2009-09-04 00:00:00-04:00,10.625383785221672,10.66037487337748,10.528188913515185,10.656486511230469,366075,0.0,0.0
2009-09-08 00:00:00-04:00,10.753677812211007,10.753677812211007,10.56706318658996,10.675921440124512,966150,0.0,0.0
2009-09-09 00:00:00-04:00,10.668152695109077,10.94807563329623,10.656489274111015,10.846991539001465,1030050,0.0,0.0
2009-09-10 00:00:00-04:00,10.792561106379383,10.913083660633802,10.784785215520971,10.90530776977539,890550,0.0,0.0
2009-09-11 00:00:00-04:00,10.936409033366335,11.002502016263318,10.901418777873843,10.959735870361328,691875,0.0,0.0
2009-09-14 00:00:00-04:00,10.932520800088911,11.290199222351697,10.924744910180989,11.255208969116211,1146825,0.0,0.0
2009-09-15 00:00:00-04:00,11.227993385817195,11.348515078010838,11.208553246042927,11.30574893951416,1137150,0.0,0.0
2009-09-16 00:00:00-04:00,11.360179452579418,11.671204196298428,11.313525782733237,11.66342830657959,1577025,0.0,0.0
2009-09-17 00:00:00-04:00,11.663426792761607,11.768397536291165,11.531241690098454,11.550680160522461,696600,0.0,0.0
2009-09-18 00:00:00-04:00,11.57012123465968,11.64010173600278,11.500139899083202,11.539017677307129,881325,0.0,0.0
2009-09-21 00:00:00-04:00,11.488475175156585,11.546792252974473,11.367953492410713,11.47292423248291,699525,0.0,0.0
2009-09-22 00:00:00-04:00,11.589558114717702,11.589558114717702,11.297972732506846,11.391279220581055,846000,0.0,0.0
2009-09-23 00:00:00-04:00,11.41072041648414,11.449599030048695,11.309638023376465,11.309638023376465,683775,0.0,0.0
2009-09-24 00:00:00-04:00,11.344627892724846,11.367954726384092,10.963621830645998,11.088032722473145,1102725,0.0,0.0
2009-09-25 00:00:00-04:00,11.045263382464487,11.06470184872623,10.866423820071136,10.913078308105469,545850,0.0,0.0
2009-09-28 00:00:00-04:00,10.92474413135224,11.134686470031738,10.913081548671947,11.134686470031738,605475,0.0,0.0
2009-09-29 00:00:00-04:00,11.123025225948531,11.305751570468551,11.095810025011344,11.15412712097168,821925,0.0,0.0
2009-09-30 00:00:00-04:00,11.158016887364132,11.220221519470215,10.928635168749228,11.220221519470215,1068525,0.0,0.0
2009-10-01 00:00:00-04:00,11.173558753716058,11.286305348267177,11.08025229155728,11.192998886108398,1630575,0.0,0.0
2009-10-02 00:00:00-04:00,11.119135713169946,11.352404907114163,11.084145459213332,11.251320838928223,1367550,0.0,0.0
2009-10-05 00:00:00-04:00,11.247431505752282,11.247431505752282,11.025825765362228,11.107470512390137,1197225,0.0,0.0
2009-10-06 00:00:00-04:00,11.142463701779613,11.220220107804575,11.041380457370517,11.15412712097168,1200825,0.0,0.0
2009-10-07 00:00:00-04:00,11.084144863101619,11.22410587140089,11.080257335393334,11.103583335876465,616050,0.0,0.0
2009-10-08 00:00:00-04:00,11.150239467346418,11.313527334200337,11.126912629224432,11.227995872497559,699525,0.0,0.0
2009-10-09 00:00:00-04:00,11.270760791513586,11.465151380466825,11.235770535556014,11.434048652648926,540675,0.0,0.0
2009-10-12 00:00:00-04:00,11.480702428979397,11.484590791387028,11.360180713246647,11.422386169433594,557775,0.0,0.0
2009-10-13 00:00:00-04:00,11.364068292582603,11.399058549007723,11.282424360923994,11.301863670349121,1325925,0.0,0.0
2009-10-14 00:00:00-04:00,11.340738952965854,11.659539552883098,11.224104790614017,11.643988609313965,1242675,0.0,0.0
2009-10-15 00:00:00-04:00,11.62454739918866,12.032767734755748,11.566230327569533,12.013327598571777,1147950,0.0,0.0
2009-10-16 00:00:00-04:00,11.982229825662753,12.149406044457049,11.861708114396444,12.129966735839844,1312425,0.0,0.0
2009-10-19 00:00:00-04:00,12.129966459737973,12.258264058377556,12.017219807098098,12.18050765991211,781425,0.0,0.0
2009-10-20 00:00:00-04:00,12.161063894280849,12.184391556080193,12.001664462067344,12.153288841247559,520200,0.0,0.0
2009-10-21 00:00:00-04:00,12.16884114399253,12.355455785415733,12.052206993103027,12.052206993103027,1182375,0.0,0.0
2009-10-22 00:00:00-04:00,12.079421286636583,12.297138630192418,12.001664913745243,12.266035079956055,852975,0.0,0.0
2009-10-23 00:00:00-04:00,12.328241078920405,12.328241078920405,11.966675221409231,11.997777938842773,1379250,0.0,0.0
2009-10-26 00:00:00-04:00,11.943346808045709,12.17661592280651,11.90446903936883,12.161064147949219,1709325,0.0,0.0
2009-10-27 00:00:00-04:00,12.371011368717545,12.635381635934973,12.153293941979511,12.51874828338623,2852550,0.0,0.0
2009-10-28 00:00:00-04:00,12.440987497692817,12.623714604019446,12.29325063507342,12.394333839416504,2736225,0.0,0.0
2009-10-29 00:00:00-04:00,12.468203834095396,12.522633388807916,12.297140949398933,12.429326057434082,1750725,0.0,0.0
2009-10-30 00:00:00-04:00,12.409887212053759,12.514857956684384,12.184393945210202,12.21938419342041,946575,0.0,0.0
2009-11-02 00:00:00-05:00,12.196057067842046,12.359345734296854,12.028881708169301,12.188282012939453,1166175,0.0,0.0
2009-11-03 00:00:00-05:00,12.168843544786007,12.277702663248547,12.106638930116997,12.262151718139648,1509525,0.0,0.0
2009-11-04 00:00:00-05:00,12.336018396077614,12.386559587808705,12.21160834616263,12.242711067199707,1135125,0.0,0.0
2009-11-05 00:00:00-05:00,12.336020137471747,12.425439117446876,12.246600323263177,12.351571083068848,1470375,0.0,0.0
2009-11-06 00:00:00-05:00,12.31657940640349,12.339906239220037,12.126076382246127,12.285476684570312,1146825,0.0,0.0
2009-11-09 00:00:00-05:00,12.371008934505054,12.433213543804573,12.277701603439105,12.405999183654785,893025,0.0,0.0
2009-11-10 00:00:00-05:00,12.355460094177456,12.479871010823505,12.355460094177456,12.464319229125977,2044575,0.0,0.0
2009-11-11 00:00:00-05:00,12.507086500919856,12.608168919866017,12.339910255172498,12.413778305053711,1040175,0.0,0.0
2009-11-12 00:00:00-05:00,12.425435118769483,12.448761946774956,12.262148156964335,12.269923210144043,958950,0.0,0.0
2009-11-13 00:00:00-05:00,12.238822219505268,12.538183499174648,12.231046330996554,12.499305725097656,1153575,0.0,0.0
2009-11-16 00:00:00-05:00,12.503189958461906,12.635375022888184,12.503189958461906,12.635375022888184,729450,0.0,0.0
2009-11-17 00:00:00-05:00,12.635375610974858,12.783112455197786,12.54595666656868,12.68980598449707,614250,0.0,0.0
2009-11-18 00:00:00-05:00,12.580949488050168,12.763676609126446,12.479867109780978,12.549847602844238,413325,0.0,0.0
2009-11-19 00:00:00-05:00,12.289366778618508,12.479869829630948,12.180507653973267,12.324357032775879,691650,0.0,0.0
2009-11-20 00:00:00-05:00,12.24270938368869,12.386557884516892,12.23882102269792,12.359343528747559,434700,0.0,0.0
2009-11-23 00:00:00-05:00,12.479868081857788,12.85698493466184,12.479868081857788,12.631491661071777,718650,0.0,0.0
2009-11-24 00:00:00-05:00,12.670368351897078,12.670368351897078,12.483753705185194,12.56151008605957,706050,0.0,0.0
2009-11-25 00:00:00-05:00,12.596500175918205,12.682032444088021,12.507081214967847,12.670368194580078,593100,0.0,0.0
2009-11-27 00:00:00-05:00,12.472091366667092,12.635378351483773,12.394334984279817,12.499305725097656,333225,0.0,0.0
2009-11-30 00:00:00-05:00,12.526520294454754,12.67425717320824,12.386559304340915,12.61594009399414,798525,0.0,0.0
2009-12-01 00:00:00-05:00,12.69369351079161,12.821991055075621,12.666478324030503,12.68980598449707,1530900,0.0,0.0
2009-12-02 00:00:00-05:00,12.717022119245527,12.849207208349089,12.67814351391907,12.81032943725586,873000,0.0,0.0
2009-12-03 00:00:00-05:00,12.814215103845314,13.06692349908172,12.775336504162894,12.833654403686523,621450,0.0,0.0
2009-12-04 00:00:00-05:00,12.919187751357052,13.175782026165582,12.868645734329748,13.024158477783203,577125,0.0,0.0
2009-12-07 00:00:00-05:00,13.043603425740779,13.121359836100698,12.891978967790772,12.96584701538086,718200,0.0,0.0
2009-12-08 00:00:00-05:00,12.856982909370585,12.938626811442841,12.713133573373513,12.837544441223145,569475,0.0,0.0
2009-12-09 00:00:00-05:00,12.798670184998574,12.895865061458819,12.732578036068348,12.806446075439453,390150,0.0,0.0
2009-12-10 00:00:00-05:00,12.899752381332256,13.008610667539937,12.825883513697194,12.973620414733887,585450,0.0,0.0
2009-12-11 00:00:00-05:00,12.958065755662373,13.063037324987942,12.94640317488536,12.961954116821289,502650,0.0,0.0
2009-12-14 00:00:00-05:00,12.996947325730156,13.218552261460777,12.98917227010576,13.16412353515625,594675,0.0,0.0
2009-12-15 00:00:00-05:00,13.082475404065718,13.195221182460712,12.99305561927558,13.133016586303711,847350,0.0,0.0
2009-12-16 00:00:00-05:00,13.20299773605624,13.214661150563801,12.946402616889918,12.981392860412598,592200,0.0,0.0
2009-12-17 00:00:00-05:00,12.930852656797065,12.981394682914397,12.670369140069255,12.732575416564941,506250,0.0,0.0
2009-12-18 00:00:00-05:00,12.717019986601416,12.763673637782766,12.639263623221472,12.693693161010742,1454625,0.0,0.0
2009-12-21 00:00:00-05:00,12.724797681556623,12.942515029420878,12.724797681556623,12.82588005065918,642150,0.0,0.0
2009-12-22 00:00:00-05:00,12.845318770332975,12.961952909572501,12.752011458941354,12.954177856445312,484425,0.0,0.0
2009-12-23 00:00:00-05:00,13.012492907970724,13.074697494506836,12.899746312780547,13.074697494506836,485550,0.0,0.0
2009-12-24 00:00:00-05:00,13.063036523276319,13.121353594748543,13.012495339411455,13.043597221374512,83925,0.0,0.0
2009-12-28 00:00:00-05:00,13.090255627119307,13.098031517547419,12.950294604814285,13.020275115966797,236475,0.0,0.0
2009-12-29 00:00:00-05:00,13.039710494967427,13.078588266923871,12.950290701811031,12.961954116821289,690075,0.0,0.0
2009-12-30 00:00:00-05:00,12.96195295544885,13.047485214016008,12.926962713553152,12.97750473022461,861300,0.0,0.0
2009-12-31 00:00:00-05:00,13.01638366494691,13.024159553031497,12.903637041769997,12.961954116821289,682875,0.0,0.0
2010-01-04 00:00:00-05:00,12.965839992911738,13.129128616498384,12.88808362466569,13.090250015258789,730800,0.0,0.0
2010-01-05 00:00:00-05:00,13.105802725248779,13.214661822342089,12.82588076283727,12.88808536529541,1226025,0.0,0.0
2010-01-06 00:00:00-05:00,12.899750795842595,12.915301739322796,12.798667577637962,12.814218521118164,1095750,0.0,0.0
2010-01-07 00:00:00-05:00,12.829766259700452,12.837542146109174,12.658702598340037,12.709243774414062,873225,0.0,0.0
2010-01-08 00:00:00-05:00,12.674257377024112,12.697585043318192,12.565398271251684,12.66259479522705,794925,0.0,0.0
2010-01-11 00:00:00-05:00,12.69369814405518,12.84143504220282,12.670370475073897,12.821995735168457,715500,0.0,0.0
2010-01-12 00:00:00-05:00,12.76756170910137,12.853092288686351,12.72479558507581,12.841429710388184,663300,0.0,0.0
2010-01-13 00:00:00-05:00,12.833658669498199,12.969732145150253,12.829771141931014,12.958067893981934,481275,0.0,0.0
2010-01-14 00:00:00-05:00,12.923078187554422,13.08636686575536,12.853097682996914,13.070815086364746,719775,0.0,0.0
2010-01-15 00:00:00-05:00,13.063037699957684,13.109691361337894,12.860871277821264,12.969730377197266,1331100,0.0,0.0
2010-01-19 00:00:00-05:00,12.942518386572099,13.121357176493595,12.876425409451072,13.105805397033691,1367325,0.0,0.0
2010-01-20 00:00:00-05:00,13.016386460159485,13.016386460159485,12.837547669675084,12.915303230285645,1159875,0.0,0.0
2010-01-21 00:00:00-05:00,12.969729595834252,13.117466459382246,12.845319561571037,12.87253475189209,819450,0.0,0.0
2010-01-22 00:00:00-05:00,12.880309227326237,13.024158557614058,12.64315258408769,12.759787559509277,1456200,0.0,0.0
2010-01-25 00:00:00-05:00,12.87253417406913,12.891972641445076,12.713133068800733,12.759787559509277,841500,0.0,0.0
2010-01-26 00:00:00-05:00,12.748121912873401,12.790888038029388,12.693693209110972,12.717020034790039,610200,0.0,0.0
2010-01-27 00:00:00-05:00,12.654815312671747,12.77144943985309,12.479864121899736,12.538180351257324,1074150,0.0,0.0
2010-01-28 00:00:00-05:00,12.538181074500569,12.635375908013842,12.402108474428614,12.542069435119629,743850,0.0,0.0
2010-01-29 00:00:00-05:00,12.55762126164353,12.670367042895107,12.507080078125,12.507080078125,757575,0.0,0.0
2010-02-01 00:00:00-05:00,12.545959808230894,12.615940304455238,12.448764118430423,12.600388526916504,426150,0.0,0.0
2010-02-02 00:00:00-05:00,12.577058949806492,12.627600961073796,12.514854360054139,12.538180351257324,1028025,0.0,0.0
2010-02-03 00:00:00-05:00,12.514859508822582,12.573175762172202,12.394336971662009,12.557624816894531,596475,0.0,0.0
2010-02-04 00:00:00-05:00,12.507082195023733,12.542072443589607,12.250486204640668,12.2893648147583,826650,0.0,0.0
2010-02-05 00:00:00-05:00,12.250485918319345,12.351569134335993,12.075534679578983,12.196056365966797,650700,0.0,0.0
2010-02-08 00:00:00-05:00,12.172730801985962,12.250486354707064,12.024993917042524,12.036657333374023,914850,0.0,0.0
2010-02-09 00:00:00-05:00,12.098861935907939,12.429325954612057,11.931686579990567,12.37100887298584,1929600,0.0,0.0
2010-02-10 00:00:00-05:00,12.3126922912038,12.405999625593637,12.192170595694721,12.316579818725586,920925,0.0,0.0
2010-02-11 00:00:00-05:00,12.312691852588836,12.475979681954248,12.196056854523055,12.405999183654785,802575,0.0,0.0
2010-02-12 00:00:00-05:00,12.304913675584507,12.510967604785444,12.285474373815909,12.507080078125,1140975,0.0,0.0
2010-02-16 00:00:00-05:00,12.549846785888091,12.82199285200715,12.52651912215228,12.81032943725586,800775,0.0,0.0
2010-02-17 00:00:00-05:00,12.818104170232054,12.903636432423703,12.732573576506818,12.767563819885254,529200,0.0,0.0
2010-02-18 00:00:00-05:00,12.81033285889648,12.958068929051,12.794781913152177,12.93474292755127,549000,0.0,0.0
2010-02-19 00:00:00-05:00,12.8841976216955,13.1330168454668,12.83365560422696,13.082475662231445,392175,0.0,0.0
2010-02-22 00:00:00-05:00,13.070811644395793,13.160231432527729,12.938626559784707,13.078587532043457,599850,0.0,0.0
2010-02-23 00:00:00-05:00,13.039708432980625,13.078586198789276,12.6353756642517,12.891971588134766,822600,0.0,0.0
2010-02-24 00:00:00-05:00,12.942517783713196,12.977508034518006,12.829771141931014,12.958067893981934,372825,0.0,0.0
2010-02-25 00:00:00-05:00,12.81033247332887,13.059152603149414,12.779229748542946,13.059152603149414,440325,0.0,0.0
2010-02-26 00:00:00-05:00,13.051376613476606,13.101918645145975,12.954181746335651,13.070815086364746,552150,0.0,0.0
2010-03-01 00:00:00-05:00,13.055262890858213,13.202999775519245,13.055262890858213,13.171897888183594,641475,0.0,0.0
2010-03-02 00:00:00-05:00,13.160236834661251,13.276871860320812,13.129134939770006,13.237993240356445,859050,0.0,0.0
2010-03-03 00:00:00-05:00,13.237994244617468,13.331301604836769,13.191340564507817,13.272984504699707,636300,0.0,0.0
2010-03-04 00:00:00-05:00,13.253540782131521,13.37017494358687,13.230213949840453,13.269092559814453,603225,0.0,0.0
2010-03-05 00:00:00-05:00,13.350735214024017,13.45959431060716,13.350735214024017,13.428491592407227,566550,0.0,0.0
2010-03-08 00:00:00-05:00,13.40516392808234,13.545124908632168,13.261315420594988,13.428491592407227,652050,0.0,0.0
2010-03-09 00:00:00-05:00,13.42460493453725,13.510135538099247,13.339072662508649,13.38183879852295,515700,0.0,0.0
2010-03-10 00:00:00-05:00,13.362402564385835,13.37406598286661,13.276871106937998,13.366290092468262,605475,0.0,0.0
2010-03-11 00:00:00-05:00,13.276869791375802,13.393503964626627,13.241879539400554,13.358512878417969,482625,0.0,0.0
2010-03-12 00:00:00-05:00,13.362398629069835,13.440154173219797,13.269091308703283,13.428491592407227,500400,0.0,0.0
2010-03-15 00:00:00-04:00,13.38184358280474,13.49847778251257,13.362404271442234,13.475150108337402,744525,0.0,0.0
2010-03-16 00:00:00-04:00,13.510133443964362,13.53346110618351,13.412938605433853,13.479031562805176,632250,0.0,0.0
2010-03-17 00:00:00-04:00,13.479036317811136,13.751183296475057,13.479036317811136,13.692865371704102,1343925,0.0,0.0
2010-03-18 00:00:00-04:00,13.626769846136048,13.727852221846025,13.482920502325813,13.533462524414062,781650,0.0,0.0
2010-03-19 00:00:00-04:00,13.358512878417969,13.60733383840875,13.346850295326297,13.358512878417969,1103400,0.0,0.0
2010-03-22 00:00:00-04:00,13.261320477128535,13.45182355167112,13.261320477128535,13.424609184265137,699300,0.0,0.0
2010-03-23 00:00:00-04:00,13.412940684503075,13.47903365211912,13.327409246707777,13.38183879852295,801000,0.0,0.0
2010-03-24 00:00:00-04:00,13.358513794562938,13.358513794562938,13.21077772113556,13.335186958312988,531900,0.0,0.0
2010-03-25 00:00:00-04:00,13.389614431245926,13.40905290105369,13.230213306035909,13.241877555847168,647550,0.0,0.0
2010-03-26 00:00:00-04:00,13.276868076685702,13.280755603880857,13.13301872543203,13.261316299438477,662400,0.0,0.0
2010-03-29 00:00:00-04:00,13.30019467867331,13.30019467867331,13.2146632368588,13.265204429626465,550800,0.0,0.0
2010-03-30 00:00:00-04:00,13.261314787129928,13.307968445084658,13.218548655927025,13.280754089355469,976950,0.0,0.0
2010-03-31 00:00:00-04:00,13.27298152680267,13.311860140993728,13.16023488042207,13.203001022338867,625050,0.0,0.0
2010-04-01 00:00:00-04:00,13.214663525839843,13.327410164423025,13.179673276027822,13.226326942443848,686700,0.0,0.0
2010-04-05 00:00:00-04:00,13.249654076493758,13.409054385112254,13.171898520190465,13.401278495788574,654750,0.0,0.0
2010-04-06 00:00:00-04:00,13.31575016779959,13.69675548613128,13.31575016779959,13.587896347045898,869175,0.0,0.0
2010-04-07 00:00:00-04:00,13.537353241474026,13.661762469264767,13.475146959111843,13.65787410736084,798975,0.0,0.0
2010-04-08 00:00:00-04:00,13.634548789578737,13.681202460893855,13.564568282606057,13.638436317443848,572175,0.0,0.0
2010-04-09 00:00:00-04:00,13.673424761971976,13.704527483478396,13.52957623919229,13.696751594543457,523350,0.0,0.0
2010-04-12 00:00:00-04:00,13.723965392518007,13.739517169751096,13.595667818628193,13.716190338134766,1005975,0.0,0.0
2010-04-13 00:00:00-04:00,13.696748664648068,13.860036457719257,13.599553827802461,13.782280921936035,696825,0.0,0.0
2010-04-14 00:00:00-04:00,13.86781645604316,13.88725576286824,13.696752724989304,13.80172348022461,420525,0.0,0.0
2010-04-15 00:00:00-04:00,13.72007721172896,13.8950284405171,13.350735450654016,13.55678939819336,1975950,0.0,0.0
2010-04-16 00:00:00-04:00,13.498475055492907,13.564568033386157,13.304084483840272,13.486811637878418,1242225,0.0,0.0
2010-04-19 00:00:00-04:00,13.416828078074554,13.52568633961888,13.346847588317509,13.502360343933105,1172475,0.0,0.0
2010-04-20 00:00:00-04:00,13.576229863420354,13.704527442176847,13.463483228253537,13.67342472076416,711450,0.0,0.0
2010-04-21 00:00:00-04:00,13.739521636074365,13.739521636074365,13.471262151049826,13.587896347045898,2150325,0.0,0.0
2010-04-22 00:00:00-04:00,13.5606776544407,13.677312647471572,13.41294077521935,13.630658149719238,1177200,0.0,0.0
2010-04-23 00:00:00-04:00,13.685088967141029,13.957235918985235,13.552903018793826,13.94946002960205,2440350,0.0,0.0
2010-04-26 00:00:00-04:00,13.883364023028669,14.019437469229654,13.82115942425006,13.976672172546387,603450,0.0,0.0
2010-04-27 00:00:00-04:00,13.91835656662427,13.984449537285421,13.688975767227735,13.731741905212402,996300,0.0,0.0
2010-04-28 00:00:00-04:00,13.7589581731362,13.88725576286824,13.704528614566017,13.80172348022461,833175,0.0,0.0
2010-04-29 00:00:00-04:00,13.87947905733472,13.895030001340523,13.758957364264711,13.883366584777832,732150,0.0,0.0
2010-04-30 00:00:00-04:00,13.891141933041647,14.027216233286078,13.891141933041647,13.914468765258789,931050,0.0,0.0
2010-05-03 00:00:00-04:00,13.976674689966874,13.976674689966874,13.723966219910244,13.848376274108887,1190025,0.0,0.0
2010-05-04 00:00:00-04:00,13.634550040632456,13.677316188006522,13.44793450401541,13.599559783935547,1026900,0.0,0.0
2010-05-05 00:00:00-04:00,13.560679144857826,13.603445285861676,13.47514686285012,13.529577255249023,688500,0.0,0.0
2010-05-06 00:00:00-04:00,13.490699756134974,13.564568627082133,12.985284414563719,13.335186958312988,1483200,0.0,0.0
2010-05-07 00:00:00-04:00,13.354626360291324,13.405166723719026,13.086366924058948,13.105805397033691,1395000,0.0,0.0
2010-05-10 00:00:00-04:00,13.4673733771792,13.591782610874528,13.28853291387937,13.471260070800781,1374750,0.0,0.0
2010-05-11 00:00:00-04:00,13.41294081649733,13.704527048621893,13.374063041522932,13.653985023498535,952875,0.0,0.0
2010-05-12 00:00:00-04:00,13.700635679614978,13.836709113504666,13.700635679614978,13.704524040222168,952650,0.0,0.0
2010-05-13 00:00:00-04:00,13.688975276417784,14.023326810870524,13.688975276417784,13.988336563110352,1462950,0.0,0.0
2010-05-14 00:00:00-04:00,13.930018070545433,13.968896675824254,13.665647058429002,13.743403434753418,985950,0.0,0.0
2010-05-17 00:00:00-04:00,13.79394745129126,13.902805726514897,13.510136261223646,13.790059089660645,675450,0.0,0.0
2010-05-18 00:00:00-04:00,13.867813229388755,13.94945713113106,13.762841664344007,13.805607795715332,1054575,0.0,0.0
2010-05-19 00:00:00-04:00,13.743404985765164,13.782283595431629,13.630658352505725,13.677312850952148,718875,0.0,0.0
2010-05-20 00:00:00-04:00,13.549012288527152,13.549012288527152,13.296304702758789,13.296304702758789,1059300,0.0,0.0
2010-05-21 00:00:00-04:00,13.14857341551865,13.276871860320812,13.012500748343985,13.237993240356445,1386450,0.0,0.0
2010-05-24 00:00:00-04:00,13.187451893044726,13.276871716916695,13.133022326222632,13.144685745239258,624375,0.0,0.0
2010-05-25 00:00:00-04:00,13.024165155526104,13.304087236184008,12.83366207225596,13.272984504699707,1323000,0.0,0.0
2010-05-26 00:00:00-04:00,13.296308077782612,13.591781868700027,13.261317826297661,13.529577255249023,2196000,0.0,0.0
2010-05-27 00:00:00-04:00,13.696752860362167,13.739519002106666,13.61510810458325,13.669538497924805,1118700,0.0,0.0
2010-05-28 00:00:00-04:00,13.642324405372026,13.825050724861686,13.595669900761077,13.688977241516113,1456200,0.0,0.0
2010-06-01 00:00:00-04:00,13.607332748033734,13.860039547005158,13.599556859028969,13.766732215881348,1399500,0.0,0.0
2010-06-02 00:00:00-04:00,13.821161580039416,13.996112823486328,13.755068609992804,13.996112823486328,1024200,0.0,0.0
2010-06-03 00:00:00-04:00,13.926130096806551,14.167175105946816,13.926130096806551,14.132184028625488,861075,0.0,0.0
2010-06-04 00:00:00-04:00,14.007776767237052,14.007776767237052,13.61510810458325,13.669538497924805,891450,0.0,0.0
2010-06-07 00:00:00-04:00,13.677312768649042,13.72396559834809,13.467371280953401,13.498473167419434,737550,0.0,0.0
2010-06-08 00:00:00-04:00,13.52568906950727,13.657874187649517,13.432381730998996,13.63454818725586,744975,0.0,0.0
2010-06-09 00:00:00-04:00,13.685088670108398,13.875590864877815,13.646210892503083,13.774508476257324,630000,0.0,0.0
2010-06-10 00:00:00-04:00,13.941685481431579,14.062207182969997,13.895030977669302,14.038880348205566,1031175,0.0,0.0
2010-06-11 00:00:00-04:00,13.945569212699995,14.124409631628366,13.902803914204704,14.101082801818848,815400,0.0,0.0
2010-06-14 00:00:00-04:00,14.186617020867885,14.248822472397421,14.01944164262834,14.042768478393555,833400,0.0,0.0
2010-06-15 00:00:00-04:00,14.120519796899003,14.291584320067377,13.999998126418085,14.26436996459961,564525,0.0,0.0
2010-06-16 00:00:00-04:00,14.233267839525219,14.338239413661945,14.178839123138216,14.198278427124023,970875,0.0,0.0
2010-06-17 00:00:00-04:00,14.27603742975476,14.318803575180684,14.178842554768734,14.260485649108887,608850,0.0,0.0
2010-06-18 00:00:00-04:00,14.264372252144486,14.35767958212112,14.155513144349525,14.209941864013672,812925,0.0,0.0
2010-06-21 00:00:00-04:00,14.361566058707538,14.41210724733597,14.104969251578812,14.163287162780762,521325,0.0,0.0
2010-06-22 00:00:00-04:00,14.167177778192215,14.303249581034668,13.883366584777832,13.883366584777832,631575,0.0,0.0
2010-06-23 00:00:00-04:00,13.867816243191633,13.891143077330334,13.723966876514053,13.817275047302246,351900,0.0,0.0
2010-06-24 00:00:00-04:00,13.73951813367636,13.80561027173726,13.564566884279806,13.584005355834961,775350,0.0,0.0
2010-06-25 00:00:00-04:00,13.607330582860088,13.813383683482813,13.514022432349956,13.805607795715332,1410525,0.0,0.0
2010-06-28 00:00:00-04:00,13.844483126666903,14.073863002119923,13.755063358301225,13.895024299621582,747900,0.0,0.0
2010-06-29 00:00:00-04:00,13.797833900260319,13.801722261822118,13.46348319147888,13.517911911010742,654975,0.0,0.0
2010-06-30 00:00:00-04:00,13.479037178858796,13.700642137057484,13.444046922301109,13.564569473266602,996075,0.0,0.0
2010-07-01 00:00:00-04:00,13.510137871181046,13.54901648672015,13.397392055124602,13.48292350769043,1539900,0.0,0.0
2010-07-02 00:00:00-04:00,13.556792357478946,13.63454875421361,13.4595974872357,13.471260070800781,777825,0.0,0.0
2010-07-06 00:00:00-04:00,13.634548773519423,13.634548773519423,13.412943000800176,13.48292350769043,930375,0.0,0.0
2010-07-07 00:00:00-04:00,13.525687365285984,13.758956516398426,13.424604984127228,13.739517211914062,965925,0.0,0.0
2010-07-08 00:00:00-04:00,13.801719411877132,13.914466023454711,13.720075515204819,13.793944358825684,709650,0.0,0.0
2010-07-09 00:00:00-04:00,13.817271671349685,13.828935085569332,13.696749168257881,13.797831535339355,611775,0.0,0.0
2010-07-12 00:00:00-04:00,13.720080626425114,13.80950044369411,13.638436699337522,13.727855682373047,670050,0.0,0.0
2010-07-13 00:00:00-04:00,13.832825699979258,14.03110546639731,13.793948753868689,14.000001907348633,608175,0.0,0.0
2010-07-14 00:00:00-04:00,13.992222036812855,14.08552934491625,13.891138841623132,14.03498649597168,903150,0.0,0.0
2010-07-15 00:00:00-04:00,14.062202614221185,14.139958148684574,13.910577403281346,14.023324012756348,587475,0.0,0.0
2010-07-16 00:00:00-04:00,13.996114781325621,13.996114781325621,13.576231738317908,13.661763191223145,732600,0.0,0.0
2010-07-19 00:00:00-04:00,13.681200712491133,13.731741905212402,13.564566549108715,13.731741905212402,952425,0.0,0.0
2010-07-20 00:00:00-04:00,13.607333997912262,13.953348159790039,13.533465131165249,13.953348159790039,931275,0.0,0.0
2010-07-21 00:00:00-04:00,13.972790059010524,14.645380868821906,13.751185086127226,14.493757247924805,5419125,0.0,0.0
2010-07-22 00:00:00-04:00,14.54818240820004,14.88642232845025,14.54818240820004,14.847543716430664,2321550,0.0,0.0
2010-07-23 00:00:00-04:00,14.839766415070226,14.964177301301508,14.715357197305622,14.925298690795898,947475,0.0,0.0
2010-07-26 00:00:00-04:00,14.987506552389311,15.119692514665397,14.925301099235808,15.014720916748047,1390950,0.0,0.0
2010-07-27 00:00:00-04:00,15.07691952192686,15.108021400143587,14.898079968131757,14.944733619689941,849600,0.0,0.0
2010-07-28 00:00:00-04:00,14.95251573173165,14.97973009657841,14.742574200599101,14.808667182922363,731025,0.0,0.0
2010-07-29 00:00:00-04:00,14.890312372557712,14.95640535677463,14.699808476238239,14.851433753967285,855450,0.0,0.0
2010-07-30 00:00:00-04:00,14.7036956466732,14.929188933877027,14.692031395316619,14.839767456054688,844875,0.0,0.0
2010-08-02 00:00:00-04:00,15.026381604281248,15.096362096801528,14.789225768818058,15.022492408752441,710550,0.0,0.0
2010-08-03 00:00:00-04:00,14.968063833238913,15.123576596452626,14.905860062726681,15.034156799316406,790650,0.0,0.0
2010-08-04 00:00:00-04:00,15.065258045714318,15.174117142194289,15.03804368871095,15.139127731323242,631350,0.0,0.0
2010-08-05 00:00:00-04:00,15.069147503776449,15.115801164728703,15.010829593352872,15.088586807250977,657900,0.0,0.0
2010-08-06 00:00:00-04:00,14.983616168206018,15.1624541006732,14.925298254153702,15.146903991699219,656550,0.0,0.0
2010-08-09 00:00:00-04:00,15.170230865478516,15.255763138937892,15.139128978978121,15.170230865478516,600300,0.0,0.0
2010-08-10 00:00:00-04:00,15.034159501693503,15.22077418370716,14.925300381029917,15.154681205749512,781875,0.0,0.0
2010-08-11 00:00:00-04:00,14.905861653396927,14.905861653396927,14.765898983641955,14.789227485656738,964125,0.0,0.0
2010-08-12 00:00:00-04:00,14.594837666478966,14.874759699219066,14.505417850164726,14.81644344329834,1070100,0.0,0.0
2010-08-13 00:00:00-04:00,14.828101327888149,14.839763907989509,14.73090648651123,14.73090648651123,513450,0.0,0.0
2010-08-16 00:00:00-04:00,14.645373024634994,14.74645705289208,14.544290664844167,14.723130226135254,982575,0.0,0.0
2010-08-17 00:00:00-04:00,14.828104163940273,15.150792300325408,14.824216636496283,14.979727745056152,704025,0.0,0.0
2010-08-18 00:00:00-04:00,14.98749717370513,15.01471152103402,14.859200488164388,14.917516708374023,1133100,0.0,0.0
2010-08-19 00:00:00-04:00,14.843657857318865,14.995281457997294,14.831995273482184,14.92141342163086,1183950,0.0,0.0
2010-08-20 00:00:00-04:00,14.894195673365203,15.026381604281248,14.769784796573672,15.022492408752441,618075,0.0,0.0
2010-08-23 00:00:00-04:00,15.084699487562114,15.143017405237513,14.828104320417166,14.933075904846191,621225,0.0,0.0
2010-08-24 00:00:00-04:00,14.785338181148553,15.034158293323474,14.730909459424899,14.933075904846191,938250,0.0,0.0
2010-08-25 00:00:00-04:00,14.894198166387833,14.987505505366187,14.824217662154068,14.886423110961914,1073475,0.0,0.0
2010-08-26 00:00:00-04:00,14.901976404789178,14.940853354336724,14.695920730392286,14.711472511291504,645975,0.0,0.0
2010-08-27 00:00:00-04:00,14.769787594346477,14.964179000480957,14.583172912276172,14.940852165222168,897075,0.0,0.0
2010-08-30 00:00:00-04:00,14.890308196394818,14.964176216225852,14.83199195333168,14.855317115783691,626850,0.0,0.0
2010-08-31 00:00:00-04:00,14.800896243669502,14.874764302647606,14.64927259657773,14.67648696899414,1108575,0.0,0.0
2010-09-01 00:00:00-04:00,14.851429253515763,15.18966912843427,14.816439842160893,15.123576164245605,1314675,0.0,0.0
2010-09-02 00:00:00-04:00,15.076923932016406,15.162454539247161,14.98361660160709,15.05748462677002,853425,0.0,0.0
2010-09-03 00:00:00-04:00,15.189674019591015,15.189674019591015,15.104141724456001,15.111918449401855,580050,0.0,0.0
2010-09-07 00:00:00-04:00,15.115803752218188,15.178007531824747,15.030271469675657,15.065260887145996,446400,0.0,0.0
2010-09-08 00:00:00-04:00,15.065259549727136,15.298529542177015,15.05748449508325,15.251875877380371,765900,0.0,0.0
2010-09-09 00:00:00-04:00,15.380172563618116,15.454042256324463,15.193557905131883,15.286865234375,483075,0.0,0.0
2010-09-10 00:00:00-04:00,15.286865234375,15.349070676692628,15.240211569753441,15.286865234375,497025,0.0,0.0
2010-09-13 00:00:00-04:00,15.403499972161855,15.450153638528692,15.325744417706035,15.341296195983887,360000,0.0,0.0
2010-09-14 00:00:00-04:00,15.294640680952982,15.403499790681956,15.294640680952982,15.306304931640625,582975,0.0,0.0
2010-09-15 00:00:00-04:00,15.286864841732845,15.473479495425892,15.286864841732845,15.399611473083496,646425,0.0,0.0
2010-09-16 00:00:00-04:00,15.349071793977059,15.42682735118406,15.279091291950724,15.380173683166504,193275,0.0,0.0
2010-09-17 00:00:00-04:00,15.45792564001618,15.48902919042797,15.321853863713555,15.438488006591797,744975,0.0,0.0
2010-09-20 00:00:00-04:00,15.50458365213748,15.718414364530938,15.430715618977404,15.6095552444458,502200,0.0,0.0
2010-09-21 00:00:00-04:00,15.628986563189924,15.69119198122385,15.570668670945743,15.613434791564941,688950,0.0,0.0
2010-09-22 00:00:00-04:00,15.562901593535381,15.72230191185098,15.442379889969985,15.47736930847168,774675,0.0,0.0
2010-09-23 00:00:00-04:00,15.364617114337621,15.454038563371567,15.178002500445489,15.189666748046875,567900,0.0,0.0
2010-09-24 00:00:00-04:00,15.337399985680646,15.450146572581597,15.321849882981175,15.40349292755127,364275,0.0,0.0
2010-09-27 00:00:00-04:00,15.36851043405733,15.387948071166232,15.23243696349478,15.271315574645996,357300,0.0,0.0
2010-09-28 00:00:00-04:00,15.267428435771357,15.321858832409927,15.096365526898403,15.290755271911621,729900,0.0,0.0
2010-09-29 00:00:00-04:00,15.3140785463155,15.543459326423378,15.25964983080285,15.430712699890137,601425,0.0,0.0
2010-09-30 00:00:00-04:00,15.46958853506606,15.71840857425858,15.41127230296236,15.419047355651855,1554750,0.0,0.0
2010-10-01 00:00:00-04:00,15.465704822352974,15.57845145648365,15.302416996345325,15.345181465148926,1065825,0.0,0.0
2010-10-04 00:00:00-04:00,15.337406131177444,15.36462049027191,15.158568199213821,15.255763053894043,748800,0.0,0.0
2010-10-05 00:00:00-04:00,15.376281667811723,15.613437466272885,15.314076239121505,15.520130157470703,573525,0.0,0.0
2010-10-06 00:00:00-04:00,15.539572575368515,15.56678693448382,15.504581493315532,15.527908325195312,530775,0.0,0.0
2010-10-07 00:00:00-04:00,15.559008598327635,15.609549778662643,15.47736386973549,15.559008598327637,904050,0.0,0.0
2010-10-08 00:00:00-04:00,15.55123610299109,15.796166992115344,15.512357495508983,15.718411445617676,1217250,0.0,0.0
2010-10-11 00:00:00-04:00,15.70675055925658,15.838934835719025,15.667871947579359,15.733964920043945,846675,0.0,0.0
2010-10-12 00:00:00-04:00,15.73007125617804,15.873921411138278,15.60566207000118,15.823378562927246,821475,0.0,0.0
2010-10-13 00:00:00-04:00,15.94001180810347,16.17716925659727,15.862256279634158,16.087749481201172,762300,0.0,0.0
2010-10-14 00:00:00-04:00,16.107196838030365,16.204391714355104,15.95945909102713,15.975010871887207,959400,0.0,0.0
2010-10-15 00:00:00-04:00,16.079972931966957,16.146067551146896,15.84281714940937,15.940011978149414,1084950,0.0,0.0
2010-10-18 00:00:00-04:00,16.00222938069518,16.0255562237921,15.901146950097662,15.947800636291504,1005075,0.0,0.0
2010-10-19 00:00:00-04:00,15.796166231888975,15.796166231888975,15.434599537719619,15.570672988891602,1834875,0.0,0.0
2010-10-20 00:00:00-04:00,15.601775215460075,15.901136448915636,15.543457311997463,15.625102043151855,1793925,0.0,0.0
2010-10-21 00:00:00-04:00,15.706750110310415,15.881700520923848,15.67175902710772,15.74951457977295,1320975,0.0,0.0
2010-10-22 00:00:00-04:00,15.803952525316836,15.908922488185594,15.768961425382265,15.858381271362305,750375,0.0,0.0
2010-10-25 00:00:00-04:00,15.947796284827433,16.060542940443437,15.835049629211426,15.835049629211426,902025,0.0,0.0
2010-10-26 00:00:00-04:00,15.780618487241656,15.842822263373211,15.737852348359512,15.745627403259277,635625,0.0,0.0
2010-10-27 00:00:00-04:00,15.664925824768268,15.67662103863045,15.466092130895898,15.583052635192871,808875,0.050222,0.0
2010-10-28 00:00:00-04:00,15.657130379897213,16.11327727171607,15.641536758389119,15.906646728515625,2124675,0.0,0.0
2010-10-29 00:00:00-04:00,15.891047764104304,15.933931881968379,15.793579296772881,15.883249282836914,659700,0.0,0.0
2010-11-01 00:00:00-04:00,15.96902075583799,16.10547493603582,15.672720298069411,15.777985572814941,727650,0.0,0.0
2010-11-02 00:00:00-04:00,15.88714108170779,16.046987293912338,15.85985059145513,15.91443157196045,815175,0.0,0.0
2010-11-03 00:00:00-04:00,15.910540294117558,15.976818184772169,15.766289300234794,15.918338775634766,943650,0.0,0.0
2010-11-04 00:00:00-04:00,16.066486099018856,16.121067096916953,15.867652452730717,15.902741432189941,831375,0.0,0.0
2010-11-05 00:00:00-04:00,15.902741187569307,15.926133282470756,15.51287238150028,15.610339164733887,1382400,0.0,0.0
2010-11-08 00:00:00-05:00,15.575248636999671,15.594742324240782,15.314037243491004,15.372516632080078,1587375,0.0,0.0
2010-11-09 00:00:00-05:00,15.430999927065132,15.450493619241119,15.286748947351377,15.317937850952148,626175,0.0,0.0
2010-11-10 00:00:00-05:00,15.321839664352504,15.442698561779212,15.278953871331927,15.388115882873535,830025,0.0,0.0
2010-11-11 00:00:00-05:00,15.275055467081852,15.446596966029286,15.165891782405373,15.388115882873535,819225,0.0,0.0
2010-11-12 00:00:00-05:00,15.3140406865737,15.419304278954337,15.243862727473763,15.310140609741211,1375425,0.0,0.0
2010-11-15 00:00:00-05:00,15.351079072596862,15.777986119289778,15.193181991577148,15.193181991577148,947400,0.0,1.5
2010-11-16 00:00:00-05:00,15.076223876838444,15.181489171820822,15.04698416778477,15.111312866210938,1122900,0.0,0.0
2010-11-17 00:00:00-05:00,15.158101479285937,15.22827780530939,15.070380653472725,15.152252197265625,944700,0.0,0.0
2010-11-18 00:00:00-05:00,15.310143217128125,15.374471908502112,15.245814525754138,15.292598724365234,636150,0.0,0.0
2010-11-19 00:00:00-05:00,15.26920885570626,15.339385156185193,15.204878488848514,15.29844856262207,511500,0.0,0.0
2010-11-22 00:00:00-05:00,15.19318212546725,15.310142617413524,15.09376612559663,15.251663208007812,783300,0.0,0.0
2010-11-23 00:00:00-05:00,15.140551891066377,15.222423407343934,15.064526308573255,15.14639949798584,823200,0.0,0.0
2010-11-24 00:00:00-05:00,15.23411650833558,15.339381772400522,15.199029202403674,15.26335620880127,652050,0.0,0.0
2010-11-26 00:00:00-05:00,15.146402095618294,15.26921190079925,15.146402095618294,15.228275299072266,332250,0.0,0.0
2010-11-29 00:00:00-05:00,15.123000910219707,15.29259315008337,14.97095315672382,15.222416877746582,884400,0.0,0.0
2010-11-30 00:00:00-05:00,15.105461850153688,15.251663724892508,15.058679324924555,15.204877853393555,957750,0.0,0.0
2010-12-01 00:00:00-05:00,15.409560374530304,15.485584276426637,15.310142700982173,15.339384078979492,670200,0.0,0.0
2010-12-02 00:00:00-05:00,15.380320371758383,15.55576196288989,15.36277587801823,15.450496673583984,763950,0.0,0.0
2010-12-03 00:00:00-05:00,15.427110231198412,15.468046840561477,15.292605185082987,15.34523868560791,868050,0.0,0.0
2010-12-06 00:00:00-05:00,15.345231826263936,15.345231826263936,15.204877560738355,15.315990447998047,840300,0.0,0.0
2010-12-07 00:00:00-05:00,15.421256107113209,15.473887912266964,15.18148750751507,15.292598724365234,718050,0.0,0.0
2010-12-08 00:00:00-05:00,15.321839586808073,15.427103193566861,15.292598208810753,15.339384078979492,537900,0.0,0.0
2010-12-09 00:00:00-05:00,15.415409611037763,15.50312873490133,15.292599825985697,15.46804141998291,781650,0.0,0.0
2010-12-10 00:00:00-05:00,15.473885974580464,15.719503823099174,15.438798666583338,15.666872024536133,569550,0.0,0.0
2010-12-13 00:00:00-05:00,15.725346903418949,15.865699441285763,15.661018238613101,15.859851837158203,943050,0.0,0.0
2010-12-14 00:00:00-05:00,15.894948959350586,16.01775707467826,15.848164756070034,15.894948959350586,567300,0.0,0.0
2010-12-15 00:00:00-05:00,15.877397578775685,16.052837428421576,15.842308604965892,15.84815788269043,822900,0.0,0.0
2010-12-16 00:00:00-05:00,15.871553059099316,16.035299421787858,15.760441846039038,15.994362831115723,610500,0.0,0.0
2010-12-17 00:00:00-05:00,16.02360757675375,16.076241069804862,15.894951831055833,16.029455184936523,792750,0.0,0.0
2010-12-20 00:00:00-05:00,16.076235857321507,16.076235857321507,15.912489496213148,15.918338775634766,521100,0.0,0.0
2010-12-21 00:00:00-05:00,15.95926902068281,16.134710543004005,15.842308563513463,15.877397537231445,435000,0.0,0.0
2010-12-22 00:00:00-05:00,15.87154473877141,16.046986222174798,15.87154473877141,15.912481307983398,489150,0.0,0.0
2010-12-23 00:00:00-05:00,15.889092787956043,15.918334157175659,15.824765791195354,15.84815788269043,961500,0.0,0.0
2010-12-27 00:00:00-05:00,15.79552915723311,16.011905650145327,15.78968155088991,15.994362831115723,267150,0.0,0.0
2010-12-28 00:00:00-05:00,16.052839234341143,16.117167911473068,15.988512230343767,16.08207893371582,462750,0.0,0.0
2010-12-29 00:00:00-05:00,16.093782924471817,16.187351342298875,16.08208603567579,16.12887191772461,242700,0.0,0.0
2010-12-30 00:00:00-05:00,16.117172692335956,16.22828559068078,16.111325085353343,16.181501388549805,355200,0.0,0.0
2010-12-31 00:00:00-05:00,16.16979517446087,16.23412383356895,16.082074427780217,16.099618911743164,544950,0.0,0.0
2011-01-03 00:00:00-05:00,16.234123682441133,16.32769203186035,16.169795023931904,16.32769203186035,697950,0.0,0.0
2011-01-04 00:00:00-05:00,16.345238914720863,16.356935796682098,16.18734188361719,16.216583251953125,1161000,0.0,0.0
2011-01-05 00:00:00-05:00,16.18149980569877,16.257523708441294,16.175652199288162,16.187347412109375,776400,0.0,0.0
2011-01-06 00:00:00-05:00,16.175653781567195,16.251677691746266,16.140564793401442,16.181501388549805,555900,0.0,0.0
2011-01-07 00:00:00-05:00,16.175651755435428,16.23997877045675,15.941729100946224,15.976818084716797,658650,0.0,0.0
2011-01-10 00:00:00-05:00,15.918342412827313,15.976821835326719,15.824773998320083,15.889101028442383,851100,0.0,0.0
2011-01-11 00:00:00-05:00,15.941730657365465,16.029451452221398,15.836467042046344,15.854011535644531,662250,0.0,0.0
2011-01-12 00:00:00-05:00,15.970971178139752,16.00606016344754,15.783834384857974,15.959274291992188,668100,0.0,0.0
2011-01-13 00:00:00-05:00,15.970973014831543,16.02360482571107,15.883252214608925,15.970973014831543,575850,0.0,0.0
2011-01-14 00:00:00-05:00,15.930037323127435,16.11717414855957,15.848165798568472,16.11717414855957,877650,0.0,0.0
2011-01-18 00:00:00-05:00,16.087930566038924,16.37448501586914,16.02944948559824,16.37448501586914,1134450,0.0,0.0
2011-01-19 00:00:00-05:00,16.339399928506342,16.43296834101155,16.31015854474707,16.380334854125977,782100,0.0,0.0
2011-01-20 00:00:00-05:00,16.36863963913042,16.468055659133405,16.327703040375596,16.380334854125977,671550,0.0,0.0
2011-01-21 00:00:00-05:00,16.444657308750816,16.538224003055443,16.40956833439399,16.491439819335938,739050,0.0,0.0
2011-01-24 00:00:00-05:00,16.427119293296396,16.67858312500612,16.40957479920605,16.561622619628906,805500,0.0,0.0
2011-01-25 00:00:00-05:00,16.590858719989097,16.88326072692871,16.573314231483124,16.88326072692871,930450,0.0,0.0
2011-01-26 00:00:00-05:00,16.95343776626568,17.163966618352227,16.93589327697482,17.128877639770508,852600,0.0,0.0
2011-01-27 00:00:00-05:00,17.111337337651303,17.16981842521972,17.035313429633856,17.10548973083496,440250,0.0,0.0
2011-01-28 00:00:00-05:00,17.14057446397677,17.22829356385637,16.854020050339404,16.8657169342041,645300,0.0,0.0
2011-01-31 00:00:00-05:00,16.947585733097068,17.058698583032854,16.848169765165512,16.94173812866211,535350,0.0,0.0
2011-02-01 00:00:00-05:00,17.052847236325846,17.087934528369953,16.953431290211263,17.05869483947754,408150,0.0,0.0
2011-02-02 00:00:00-05:00,17.011910667996094,17.181502871332842,16.988518582255374,17.05869483947754,558450,0.0,0.0
2011-02-03 00:00:00-05:00,17.011916228353243,17.082092508512577,16.87741127309756,17.000219345092773,387150,0.0,0.0
2011-02-04 00:00:00-05:00,17.035301705722,17.181501814323767,16.959276176891294,17.09963035583496,435000,0.0,0.0
2011-02-07 00:00:00-05:00,17.128882998991216,17.36280401894238,17.105490896996102,17.269235610961914,791400,0.0,0.0
2011-02-08 00:00:00-05:00,17.29261569688476,17.327702988928866,17.05869483947754,17.05869483947754,1054650,0.0,0.0
2011-02-09 00:00:00-05:00,17.04701364215916,17.23415217337389,16.988534210577143,17.12303924560547,1440300,0.0,0.0
2011-02-10 00:00:00-05:00,17.058707365601204,17.08209946851863,16.924202355542207,17.017770767211914,957450,0.0,0.0
2011-02-11 00:00:00-05:00,16.970973055609036,17.128870042928547,16.912493681421868,17.09963035583496,932250,0.0,0.0
2011-02-14 00:00:00-05:00,17.152272462105252,17.339409249275143,17.093793052682088,17.316017150878906,516900,0.0,0.0
2011-02-15 00:00:00-05:00,17.30432346773215,17.46222056414657,17.298474187764945,17.33941078186035,597150,0.0,0.0
2011-02-16 00:00:00-05:00,17.42712895808224,17.46221794007257,17.33940817624116,17.356952667236328,626400,0.0,0.0
2011-02-17 00:00:00-05:00,17.354023877140463,17.494732042843737,17.32471009529569,17.48300552368164,316200,0.05,0.0
2011-02-18 00:00:00-05:00,17.49472272195774,17.500585139728567,17.377465979677375,17.43023109436035,565050,0.0,0.0
2011-02-22 00:00:00-05:00,17.301254611981797,17.424375497603123,17.066742712990884,17.07260513305664,901650,0.0,0.0
2011-02-23 00:00:00-05:00,17.090185600796726,17.090185600796726,16.83808486443203,16.931888580322266,755250,0.0,0.0
2011-02-24 00:00:00-05:00,16.978802249345886,17.01397845239029,16.779464840848725,16.820505142211914,735900,0.0,0.0
2011-02-25 00:00:00-05:00,16.90844501427942,17.019837700968676,16.861540623340062,17.002248764038086,603300,0.0,0.0
2011-02-28 00:00:00-05:00,17.10778208468967,17.10778208468967,16.978800450692344,16.996389389038086,648150,0.0,0.0
2011-03-01 00:00:00-05:00,17.078467396817942,17.078467396817942,16.773599750334512,16.814640045166016,556800,0.0,0.0
2011-03-02 00:00:00-05:00,16.767735062923318,16.97879725117888,16.738419612080172,16.82636260986328,611400,0.0,0.0
2011-03-03 00:00:00-05:00,16.949483630619664,17.031564218046853,16.914307434131832,17.002248764038086,838950,0.0,0.0
2011-03-04 00:00:00-05:00,16.978800712243164,17.043290691548524,16.808777101237638,16.890857696533203,629400,0.0,0.0
2011-03-07 00:00:00-05:00,16.902588055263237,16.98466867735427,16.609446810364535,16.726703643798828,1313250,0.0,0.0
2011-03-08 00:00:00-05:00,16.750150671323695,16.949486397836623,16.703247950100227,16.88499641418457,1354650,0.0,0.0
2011-03-09 00:00:00-05:00,16.879122287504316,16.93188739818765,16.832219594147436,16.908437728881836,837150,0.0,0.0
2011-03-10 00:00:00-05:00,16.72083895837956,16.802919577595375,16.568405918941608,16.574268341064453,882000,0.0,0.0
2011-03-11 00:00:00-05:00,16.562540653323264,16.73842672361695,16.498050659764537,16.632896423339844,1176450,0.0,0.0
2011-03-14 00:00:00-04:00,16.50977123251302,16.75014891155952,16.474595033977828,16.738422393798828,609750,0.0,0.0
2011-03-15 00:00:00-04:00,16.42769021299235,16.931893509888678,16.286982082131992,16.79118537902832,1347750,0.0,0.0
2011-03-16 00:00:00-04:00,16.750148767081708,16.750148767081708,16.49804624982246,16.61530303955078,798750,0.0,0.0
2011-03-17 00:00:00-04:00,16.791188799133522,16.879131818177186,16.615304438419773,16.638755798339844,404100,0.0,0.0
2011-03-18 00:00:00-04:00,16.791188426785943,16.90844690115965,16.36906395758534,16.650480270385742,987600,0.0,0.0
2011-03-21 00:00:00-04:00,16.7853222600638,16.7853222600638,16.556672814974522,16.609437942504883,1628400,0.0,0.0
2011-03-22 00:00:00-04:00,16.650483688470107,16.6856615734784,16.568404752407233,16.632896423339844,677250,0.0,0.0
2011-03-23 00:00:00-04:00,16.632891990891714,16.714970905081632,16.52149762121578,16.562536239624023,1540650,0.0,0.0
2011-03-24 00:00:00-04:00,16.621163414801646,16.70910641562167,16.445279090534825,16.62702751159668,2985450,0.0,0.0
2011-03-25 00:00:00-04:00,16.63875819375566,16.908449710349686,16.63875819375566,16.832231521606445,1160850,0.0,0.0
2011-03-28 00:00:00-04:00,16.879131567492188,16.92603596400929,16.656344490247076,16.69152069091797,1080600,0.0,0.0
2011-03-29 00:00:00-04:00,16.691522206218757,16.756013870239258,16.63289464065372,16.756013870239258,773550,0.0,0.0
2011-03-30 00:00:00-04:00,16.814638411544944,16.87912838015935,16.7735981207007,16.79118537902832,641700,0.0,0.0
2011-03-31 00:00:00-04:00,16.808769641872466,16.884987782929688,16.74427969118634,16.87912368774414,934650,0.0,0.0
2011-04-01 00:00:00-04:00,16.914307185273078,17.10778045654297,16.867404472397148,17.10778045654297,854550,0.0,0.0
2011-04-04 00:00:00-04:00,17.10191689358163,17.195722313062976,17.09019037745986,17.16640853881836,747000,0.0,0.0
2011-04-05 00:00:00-04:00,17.184004566004827,17.377477904186573,17.16055152408241,17.3247127532959,890400,0.0,0.0
2011-04-06 00:00:00-04:00,17.44196716194515,18.0517042918261,17.41265337684115,17.928585052490234,1503600,0.0,0.0
2011-04-07 00:00:00-04:00,17.905123342440135,17.969613296928586,17.770277660559074,17.787866592407227,792600,0.0,0.0
2011-04-08 00:00:00-04:00,17.8465034617099,17.88754376502699,17.617852260227526,17.705795288085938,516300,0.0,0.0
2011-04-11 00:00:00-04:00,17.67647357582596,17.7468276310807,17.506451694970256,17.541627883911133,714900,0.0,0.0
2011-04-12 00:00:00-04:00,17.48300104534286,17.57680814248964,17.383333206176758,17.383333206176758,630000,0.0,0.0
2011-04-13 00:00:00-04:00,17.47128117824868,17.5768131442111,17.27780786425355,17.29539680480957,744450,0.0,0.0
2011-04-14 00:00:00-04:00,17.20159160546708,17.28367221899581,17.11951266931223,17.242631912231445,788400,0.0,0.0
2011-04-15 00:00:00-04:00,17.301258184059023,17.500595603811288,17.189865470317503,17.477144241333008,915300,0.0,0.0
2011-04-18 00:00:00-04:00,17.318844331840502,17.34815978824027,17.07260590422214,17.213314056396484,720450,0.0,0.0
2011-04-19 00:00:00-04:00,17.22504296970759,17.324712525760177,17.090197205981177,17.242631912231445,408000,0.0,0.0
2011-04-20 00:00:00-04:00,17.418515539097875,17.524045824688507,17.37747523809101,17.48300552368164,482550,0.0,0.0
2011-04-21 00:00:00-04:00,17.50059229127406,17.565083945225698,17.41264927928305,17.453689575195312,442500,0.0,0.0
2011-04-25 00:00:00-04:00,17.471283214028812,17.647169285336126,17.377477756631283,17.50059700012207,630000,0.0,0.0
2011-04-26 00:00:00-04:00,17.70579818395437,18.13964929560689,17.694073339588257,17.79374122619629,1008750,0.0,0.0
2011-04-27 00:00:00-04:00,17.782012772222572,18.0223905067221,17.782012772222572,17.928585052490234,923100,0.0,0.0
2011-04-28 00:00:00-04:00,17.887536232614305,17.92271242252079,17.770279470637636,17.828907012939453,764700,0.0,0.0
2011-04-29 00:00:00-04:00,17.869948500989853,18.069285848445055,17.746829311976043,18.03997039794922,1696200,0.0,0.0
2011-05-02 00:00:00-04:00,18.045832179822213,18.163088934646165,18.004791896290595,18.022380828857422,727350,0.0,0.0
2011-05-03 00:00:00-04:00,17.95789223454022,18.039971138126063,17.88167407297161,17.963754653930664,482700,0.0,0.0
2011-05-04 00:00:00-04:00,17.96669332611502,18.0430985126852,17.796254220476104,17.93143081665039,1066200,0.05,0.0
2011-05-05 00:00:00-04:00,17.819769935843492,17.913805572365632,17.74336640154171,17.849157333374023,712500,0.0,0.0
2011-05-06 00:00:00-04:00,17.943184925422244,18.19002922450223,17.91967770611762,18.025466918945312,1033200,0.0,0.0
2011-05-09 00:00:00-04:00,17.990198700296382,18.113619969930795,17.91967202029262,18.07835578918457,607800,0.0,0.0
2011-05-10 00:00:00-04:00,18.101866814920406,18.172393503232218,18.084234722470235,18.131254196166992,455850,0.0,0.0
2011-05-11 00:00:00-04:00,18.0901225901911,18.095999396892914,17.92555855062228,17.972578048706055,691950,0.0,0.0
2011-05-12 00:00:00-04:00,17.91380025605994,18.172398179751323,17.855027159930877,18.154766082763672,366000,0.0,0.0
2011-05-13 00:00:00-04:00,18.178279768668308,18.231174387168814,17.954944319349018,18.013715744018555,445050,0.0,0.0
2011-05-16 00:00:00-04:00,17.97845248065992,18.01959348511787,17.855029467286073,17.925556182861328,525300,0.0,0.0
2011-05-17 00:00:00-04:00,17.89617395459628,18.30758071626236,17.843279327993166,18.260562896728516,1606350,0.0,0.0
2011-05-18 00:00:00-04:00,18.26055789835032,18.848280481648807,18.201786480765175,18.83652687072754,1737600,0.0,0.0
2011-05-19 00:00:00-04:00,18.918809468756642,19.212671636520522,18.871793337923194,19.09512710571289,1984200,0.0,0.0
2011-05-20 00:00:00-04:00,19.071622354130522,19.071622354130522,18.66021724742776,18.713111877441406,920250,0.0,0.0
2011-05-23 00:00:00-04:00,18.53090345217791,18.572044436341148,18.319323409823873,18.348709106445312,916200,0.0,0.0
2011-05-24 00:00:00-04:00,18.42511259025654,18.42511259025654,18.25467353206574,18.348709106445312,1187400,0.0,0.0
2011-05-25 00:00:00-04:00,18.295820807064892,18.30757609972901,18.066610255753712,18.17827796936035,721650,0.0,0.0
2011-05-26 00:00:00-04:00,18.096000528360054,18.27231819235691,17.966700683897045,18.260562896728516,694200,0.0,0.0
2011-05-27 00:00:00-04:00,18.331088746114236,18.354597654752702,18.219422691198858,18.289949417114258,554850,0.0,0.0
2011-05-31 00:00:00-04:00,18.29581769086977,18.483890571036476,18.266431986448694,18.478012084960938,1219050,0.0,0.0
2011-06-01 00:00:00-04:00,18.466256906860252,18.519151506622,18.154762749398824,18.2017822265625,705450,0.0,0.0
2011-06-02 00:00:00-04:00,18.178274670049586,18.242922882755707,18.066606976710347,18.21941566467285,397050,0.0,0.0
2011-06-03 00:00:00-04:00,18.025463923896414,18.148885212184542,17.984322933970727,18.05484962463379,661350,0.0,0.0
2011-06-06 00:00:00-04:00,18.060733061722683,18.084240283566455,17.919679641723633,17.919679641723633,781200,0.0,0.0
2011-06-07 00:00:00-04:00,17.96669467006727,18.031344570659094,17.866782257373092,17.949064254760742,641250,0.0,0.0
2011-06-08 00:00:00-04:00,17.866778449532287,18.072481717671792,17.855023160343972,18.05484962463379,1259850,0.0,0.0
2011-06-09 00:00:00-04:00,18.09013112452717,18.2840792891035,18.031357985312507,18.16065788269043,802350,0.0,0.0
2011-06-10 00:00:00-04:00,18.054852624565314,18.119502522120694,17.98432592218378,18.025466918945312,907800,0.0,0.0
2011-06-13 00:00:00-04:00,18.072490723837852,18.13714064286859,17.966699794379398,18.019596099853516,753150,0.0,0.0
2011-06-14 00:00:00-04:00,18.178273328725165,18.21353583473666,18.084236055886823,18.2017822265625,515400,0.0,0.0
2011-06-15 00:00:00-04:00,18.095997756343433,18.201788674834045,17.954944319349018,18.013715744018555,736800,0.0,0.0
2011-06-16 00:00:00-04:00,17.990202197782008,18.131255585211804,17.984323712189006,18.09011459350586,688050,0.0,0.0
2011-06-17 00:00:00-04:00,18.19590911161098,18.342841027578853,18.19590911161098,18.319332122802734,1230300,0.0,0.0
2011-06-20 00:00:00-04:00,18.26055166951382,18.630817191063358,18.195901787031286,18.525026321411133,663300,0.0,0.0
2011-06-21 00:00:00-04:00,18.624946574869995,18.713105381951994,18.495646766951143,18.677841186523438,457800,0.0,0.0
2011-06-22 00:00:00-04:00,18.642582510279503,18.807143184524005,18.54854687843137,18.624950408935547,660900,0.0,0.0
2011-06-23 00:00:00-04:00,18.472134153910226,18.513275146484375,18.190027373097283,18.513275146484375,795450,0.0,0.0
2011-06-24 00:00:00-04:00,18.49564808372575,18.589683702910794,18.225294837823995,18.366348266601562,1015050,0.0,0.0
2011-06-27 00:00:00-04:00,18.336961160242122,18.51327877353824,18.201786229069732,18.407487869262695,675450,0.0,0.0
2011-06-28 00:00:00-04:00,18.472141666437462,18.636704022171696,18.40161494255136,18.624950408935547,406350,0.0,0.0
2011-06-29 00:00:00-04:00,18.68372731015297,18.730746821337764,18.607323757271857,18.63083267211914,500400,0.0,0.0
2011-06-30 00:00:00-04:00,18.695478206808662,18.7895138440588,18.642583581227917,18.648460388183594,657000,0.0,0.0
2011-07-01 00:00:00-04:00,18.695470463477854,18.959945163330698,18.654329468848328,18.918804168701172,423450,0.0,0.0
2011-07-05 00:00:00-04:00,18.995212836907974,19.089248452455124,18.95407183473374,19.036352157592773,520800,0.0,0.0
2011-07-06 00:00:00-04:00,19.053986770239803,19.2420597076416,19.01284744412627,19.2420597076416,607050,0.0,0.0
2011-07-07 00:00:00-04:00,19.388989927746035,19.424252447433435,19.271445392971938,19.294954299926758,514800,0.0,0.0
2011-07-08 00:00:00-04:00,19.1245072698879,19.318456950571523,19.10687517500955,19.30670166015625,404550,0.0,0.0
2011-07-11 00:00:00-04:00,19.1421435980193,19.242057703433048,18.977581266236616,19.024599075317383,669750,0.0,0.0
2011-07-12 00:00:00-04:00,18.97757551492729,19.1127520954405,18.8776631212823,19.08336639404297,883350,0.0,0.0
2011-07-13 00:00:00-04:00,19.159771721045562,19.3595965274294,19.101000312634717,19.300825119018555,952800,0.0,0.0
2011-07-14 00:00:00-04:00,19.341965132121434,19.441877530242422,18.995208459331426,19.106874465942383,1417800,0.0,0.0
2011-07-15 00:00:00-04:00,19.1774068162206,19.224426308512363,18.995214060479185,19.218547821044922,575100,0.0,0.0
2011-07-18 00:00:00-04:00,19.11862975592141,19.153893944369436,18.889417575476397,19.106874465942383,1200150,0.0,0.0
2011-07-19 00:00:00-04:00,19.23617214912583,19.688717974897905,19.100997258796784,19.659332275390625,1831650,0.0,0.0
2011-07-20 00:00:00-04:00,19.688729559394574,19.906188235568322,19.500659962997855,19.818029403686523,1064550,0.0,0.0
2011-07-21 00:00:00-04:00,19.92380658668249,20.370475563368846,19.900297693172682,19.994333267211914,1127400,0.0,0.0
2011-07-22 00:00:00-04:00,20.00609566374309,20.00609566374309,19.812147627440112,19.90618324279785,505200,0.0,0.0
2011-07-25 00:00:00-04:00,19.73573741145647,19.84740340567405,19.594684036297437,19.665210723876953,870450,0.0,0.0
2011-07-26 00:00:00-04:00,19.69460660664318,19.741624422673937,19.48302643450477,19.541799545288086,777900,0.0,0.0
2011-07-27 00:00:00-04:00,19.465390958201176,19.465390958201176,19.22442511319476,19.312583923339844,1023900,0.0,0.0
2011-07-28 00:00:00-04:00,19.27732432001843,19.40074567473628,18.848285459777568,19.07162094116211,1245000,0.0,0.0
2011-07-29 00:00:00-04:00,18.936437305256657,19.224422602013355,18.736610807129342,18.948192596435547,1358550,0.0,0.0
2011-08-01 00:00:00-04:00,19.14553885086554,19.32815638789369,18.850989869386776,18.957027435302734,696750,0.05,0.0
2011-08-02 00:00:00-04:00,18.839209686259988,19.086629560721434,18.60357251315861,18.62713623046875,1496400,0.0,0.0
2011-08-03 00:00:00-04:00,18.662481824643834,18.992373852411365,18.420952468828013,18.957027435302734,2031750,0.0,0.0
2011-08-04 00:00:00-04:00,18.721396895730678,18.915798887782397,18.28546714782715,18.28546714782715,1586400,0.0,0.0
2011-08-05 00:00:00-04:00,18.473978326966957,18.521104089993834,17.908447260307945,17.967355728149414,2958750,0.0,0.0
2011-08-08 00:00:00-04:00,17.602113288309877,17.76705930576566,17.37825882161058,17.38414764404297,3103050,0.0,0.0
2011-08-09 00:00:00-04:00,17.696361452594207,18.126398699580943,17.119049767461746,18.120508193969727,3085650,0.0,0.0
2011-08-10 00:00:00-04:00,17.76116865100282,18.06160645880741,17.501967768573557,17.507858276367188,1937250,0.0,0.0
2011-08-11 00:00:00-04:00,17.584442843582565,18.50932013661871,17.560879123099035,18.279573440551758,2432700,0.0,0.0
2011-08-12 00:00:00-04:00,18.35615415665712,18.42095480597118,17.996807859313925,18.30902671813965,1421250,0.0,0.0
2011-08-15 00:00:00-04:00,18.47986903419166,18.715506278897156,18.444522604780573,18.668378829956055,1148250,0.0,0.0
2011-08-16 00:00:00-04:00,18.515209532054907,18.65659184645466,18.326699779521903,18.49164581298828,1417350,0.0,0.0
2011-08-17 00:00:00-04:00,18.538765494125887,18.786185283505063,18.491638075711705,18.71549415588379,1081200,0.0,0.0
2011-08-18 00:00:00-04:00,18.326701894452043,18.409174077997584,18.12640941656659,18.20888328552246,1796850,0.0,0.0
2011-08-19 00:00:00-04:00,18.00270527698657,18.473981528441307,17.93201409207998,18.25601577758789,1191600,0.0,0.0
2011-08-22 00:00:00-04:00,18.627135031235714,18.69782617861496,18.39149787330489,18.53877067565918,1037550,0.0,0.0
2011-08-23 00:00:00-04:00,18.603577068985437,19.239797592163086,18.40917508951223,19.239797592163086,1388400,0.0,0.0
2011-08-24 00:00:00-04:00,19.263354754721522,20.14699491200985,19.15731887967644,20.093976974487305,2393250,0.0,0.0
2011-08-25 00:00:00-04:00,20.27071883751696,20.435664949969812,19.964388657550714,20.317846298217773,2596350,0.0,0.0
2011-08-26 00:00:00-04:00,20.264820869773533,20.641842133421363,20.005619909735344,20.417985916137695,2384250,0.0,0.0
2011-08-29 00:00:00-04:00,20.61827068124521,20.818563116184198,20.571144933188354,20.783218383789062,1376100,0.0,0.0
2011-08-30 00:00:00-04:00,20.659509651246907,20.82445737011319,20.57114696881014,20.600601196289062,1825350,0.0,0.0
2011-08-31 00:00:00-04:00,20.665402049459818,20.795001662894947,20.22947239973769,20.376745223999023,2090850,0.0,0.0
2011-09-01 00:00:00-04:00,20.370851336200445,20.47099839066206,20.07630405113017,20.111650466918945,1767900,0.0,0.0
2011-09-02 00:00:00-04:00,19.822995463065304,20.017397396478525,19.610922005586353,19.811214447021484,1918650,0.0,0.0
2011-09-06 00:00:00-04:00,19.339945080711388,19.85834699924512,19.257471205512157,19.817110061645508,1194000,0.0,0.0
2011-09-07 00:00:00-04:00,20.123438041676962,20.347294253551425,19.905474024627928,20.22358512878418,1281150,0.0,0.0
2011-09-08 00:00:00-04:00,20.123432823324237,20.28248833415653,20.052741672444327,20.076305389404297,1402800,0.0,0.0
2011-09-09 00:00:00-04:00,19.964373942866672,20.00561086193907,19.56968301446135,19.7110652923584,1203900,0.0,0.0
2011-09-12 00:00:00-04:00,19.457761655361416,19.71107207848914,19.31048713445769,19.599143981933594,2038200,0.0,0.0
2011-09-13 00:00:00-04:00,19.69928372852334,20.011504207597977,19.522555028261483,19.940813064575195,1095600,0.0,0.0
2011-09-14 00:00:00-04:00,20.023287447596857,20.28248833415653,19.56968631746993,20.076305389404297,1240200,0.0,0.0
2011-09-15 00:00:00-04:00,20.1587803278918,20.241254184401473,19.716960189728734,19.80532455444336,2361900,0.0,0.0
2011-09-16 00:00:00-04:00,19.79944201596694,19.92904167569316,19.71696812625964,19.781768798828125,1736700,0.0,0.0
2011-09-19 00:00:00-04:00,19.52845614792202,19.858348299498182,19.351727366872367,19.76409339904785,1325100,0.0,0.0
2011-09-20 00:00:00-04:00,19.8347845743856,20.19413096099985,19.76409339904785,19.76409339904785,1116150,0.0,0.0
2011-09-21 00:00:00-04:00,19.68750649917653,19.75230546201498,19.10430403575965,19.116085052490234,916950,0.0,0.0
2011-09-22 00:00:00-04:00,18.615355214518683,18.862773403570124,18.44451699996268,18.62713623046875,1500900,0.0,0.0
2011-09-23 00:00:00-04:00,18.597681530116315,19.33993944913009,18.538771395640794,19.316375732421875,1215600,0.0,0.0
2011-09-26 00:00:00-04:00,19.387075397685877,19.787658757668694,19.17500185416556,19.746421813964844,899250,0.0,0.0
2011-09-27 00:00:00-04:00,20.11754076307185,20.27659626163067,19.846557196237583,19.952594757080078,985800,0.0,0.0
2011-09-28 00:00:00-04:00,20.03507383035139,20.164675151053714,19.38707228307107,19.398853302001953,842550,0.0,0.0
2011-09-29 00:00:00-04:00,19.728747426207928,19.728747426207928,19.28103499152298,19.716964721679688,1138950,0.0,0.0
2011-09-30 00:00:00-04:00,19.47544205748604,20.105770565434185,19.440095620088645,19.923152923583984,1624950,0.0,0.0
2011-10-03 00:00:00-04:00,19.91725816691589,20.217694393698103,19.304599637439225,19.387073516845703,1841700,0.0,0.0
2011-10-04 00:00:00-04:00,19.23390368622731,19.987944377062476,18.980593286489807,19.95848846435547,1950000,0.0,0.0
2011-10-05 00:00:00-04:00,19.976158994871405,20.15877821334989,19.79943196938989,20.029178619384766,1379850,0.0,0.0
2011-10-06 00:00:00-04:00,20.023287767187703,20.099871112587437,19.881905463171286,19.993833541870117,1653450,0.0,0.0
2011-10-07 00:00:00-04:00,20.111653863313425,20.188235529908823,19.764088581274095,19.834779739379883,1614750,0.0,0.0
2011-10-10 00:00:00-04:00,20.111657628054523,20.347294865849886,19.94671156159777,20.335512161254883,1139850,0.0,0.0
2011-10-11 00:00:00-04:00,20.20590848978751,20.400308750811025,20.04096245625632,20.158781051635742,959700,0.0,0.0
2011-10-12 00:00:00-04:00,20.25893341588355,20.512243904571374,20.200024940603992,20.205915451049805,766500,0.0,0.0
2011-10-13 00:00:00-04:00,20.07041354363533,20.32372390542199,19.96437598167887,20.111650466918945,1414350,0.0,0.0
2011-10-14 00:00:00-04:00,20.25892841157916,20.25892841157916,20.029183392246996,20.176454544067383,1078200,0.0,0.0
2011-10-17 00:00:00-04:00,20.12932495498474,20.20001610564819,19.97615995250894,20.05863380432129,1180500,0.0,0.0
2011-10-18 00:00:00-04:00,20.040970911271373,20.311954637673487,19.711078705031923,20.229480743408203,974700,0.0,0.0
2011-10-19 00:00:00-04:00,19.481327568660642,21.018861807207134,19.475437059076523,20.03507423400879,1506000,0.0,0.0
2011-10-20 00:00:00-04:00,20.088092981360322,20.135220426754202,19.705181223477265,19.905473709106445,863100,0.0,0.0
2011-10-21 00:00:00-04:00,20.058632574460955,20.217686389644125,19.864230657998398,20.07041358947754,761550,0.0,0.0
2011-10-24 00:00:00-04:00,20.064529009002232,20.63594885594029,20.046855795846835,20.588821411132812,1142400,0.0,0.0
2011-10-25 00:00:00-04:00,20.47100258342631,20.671293362552323,20.353182296938964,20.529911041259766,817050,0.0,0.0
2011-10-26 00:00:00-04:00,20.71842616756705,20.759663109974003,20.364970272815977,20.594717025756836,1513950,0.0,0.0
2011-10-27 00:00:00-04:00,21.060088500819923,21.17790875708263,20.683070759500357,20.906925201416016,975000,0.0,0.0
2011-10-28 00:00:00-04:00,20.806781403890366,20.895145760034623,20.382634516889812,20.447433471679688,1047750,0.0,0.0
2011-10-31 00:00:00-04:00,20.20528062013453,20.547841927935274,20.110780715942383,20.110780715942383,967650,0.06,0.0
2011-11-01 00:00:00-04:00,19.732784273864148,20.081254868716357,19.396128704635938,19.478816986083984,1784250,0.0,0.0
2011-11-02 00:00:00-04:00,19.71506285835634,19.81547028716341,19.40203230683073,19.60875129699707,1361250,0.0,0.0
2011-11-03 00:00:00-04:00,19.80955803696901,19.98674447833787,19.579214142377364,19.963119506835938,1134600,0.0,0.0
2011-11-04 00:00:00-04:00,19.815460405712773,19.88042948847384,19.508335829686143,19.57330322265625,1229250,0.0,0.0
2011-11-07 00:00:00-05:00,19.596941219922964,19.65009700485468,19.3134397574393,19.484722137451172,1025550,0.0,0.0
2011-11-08 00:00:00-05:00,19.614658235995,19.614658235995,19.307533489328915,19.526065826416016,1612950,0.0,0.0
2011-11-09 00:00:00-05:00,19.242564256756967,19.467002415197967,19.23075261146633,19.325252532958984,1470000,0.0,0.0
2011-11-10 00:00:00-05:00,19.52015230123535,19.602840552455906,19.21302764917155,19.307527542114258,1316850,0.0,0.0
2011-11-11 00:00:00-05:00,19.413847530905766,19.490628298226472,19.319347605036604,19.390222549438477,1393500,0.0,0.0
2011-11-14 00:00:00-05:00,19.289808431636494,19.331152557336573,19.071277851179687,19.10671615600586,980100,0.0,0.0
2011-11-15 00:00:00-05:00,19.024030931708456,19.260280702170405,18.8999985348722,19.130342483520508,762000,0.0,0.0
2011-11-16 00:00:00-05:00,18.964969201806557,19.242561412820844,18.917717558251855,19.041749954223633,1038600,0.0,0.0
2011-11-17 00:00:00-05:00,19.047662878965845,19.047662878965845,18.829130493976105,18.882287979125977,717450,0.0,0.0
2011-11-18 00:00:00-05:00,18.953158880397307,19.00631466438006,18.793689838657144,18.81140899658203,903300,0.0,0.0
2011-11-21 00:00:00-05:00,18.610589311799405,18.758244966719385,18.50427778099024,18.61649513244629,1406550,0.0,0.0
2011-11-22 00:00:00-05:00,18.563345187334416,18.905908239129527,18.516095227762115,18.781877517700195,1027050,0.0,0.0
2011-11-23 00:00:00-05:00,18.675559997558594,18.740529099577056,18.462935228054818,18.675559997558594,1198200,0.0,0.0
2011-11-25 00:00:00-05:00,18.592875998623953,18.811406619442824,18.551531865287718,18.66965675354004,321450,0.0,0.0
2011-11-28 00:00:00-05:00,18.988591847034712,19.201216631781264,18.846841990537012,19.1953125,1432950,0.0,0.0
2011-11-29 00:00:00-05:00,19.15987439382304,19.2189359897599,19.053561155428447,19.083093643188477,769200,0.0,0.0
2011-11-30 00:00:00-05:00,19.549695227181637,19.59694519889057,19.11853796799343,19.354787826538086,6012300,0.0,0.0
2011-12-01 00:00:00-05:00,19.31343366684591,19.744590702524214,19.236652925069762,19.56149673461914,884850,0.0,0.0
2011-12-02 00:00:00-05:00,19.732783481538874,19.738690994113668,19.248472217504993,19.28390884399414,823650,0.0,0.0
2011-12-05 00:00:00-05:00,19.4906215071386,19.531965632748875,19.266185106295353,19.307527542114258,772500,0.0,0.0
2011-12-06 00:00:00-05:00,19.396128372357307,19.573314888466005,19.218940166456644,19.390222549438477,723000,0.0,0.0
2011-12-07 00:00:00-05:00,19.272090330894123,19.30162281645797,18.982684814783596,19.224842071533203,811050,0.0,0.0
2011-12-08 00:00:00-05:00,19.083101202399092,19.148068645706267,18.835038007743158,18.882287979125977,988800,0.0,0.0
2011-12-09 00:00:00-05:00,18.947248097244184,19.342965151951415,18.947248097244184,19.2425594329834,537150,0.0,0.0
2011-12-12 00:00:00-05:00,19.11853971170538,19.189414675732948,18.95907062019524,19.065383911132812,730350,0.0,0.0
2011-12-13 00:00:00-05:00,19.088999624585572,19.189405352393525,18.69918666693174,18.752344131469727,820200,0.0,0.0
2011-12-14 00:00:00-05:00,18.72872229049155,18.74053562669639,18.569253235374564,18.722816467285156,667650,0.0,0.0
2011-12-15 00:00:00-05:00,18.87046524809022,18.935434348849505,18.563340586981656,18.586965560913086,1149900,0.0,0.0
2011-12-16 00:00:00-05:00,18.62831210465374,18.93543680560991,18.569248817266345,18.91181182861328,1293900,0.0,0.0
2011-12-19 00:00:00-05:00,18.94134633772246,19.08900374021888,18.58697161335661,18.64012908935547,753000,0.0,0.0
2011-12-20 00:00:00-05:00,18.835032537675072,19.03584570262805,18.746438444613705,18.98859405517578,655650,0.0,0.0
2011-12-21 00:00:00-05:00,18.94134209539849,19.124436084427643,18.858655523128565,19.083093643188477,493350,0.0,0.0
2011-12-22 00:00:00-05:00,19.136249417489974,19.260280120790664,19.024030357460017,19.083093643188477,513150,0.0,0.0
2011-12-23 00:00:00-05:00,19.148059972737453,19.277998180081813,19.065373405165907,19.201215744018555,485850,0.0,0.0
2011-12-27 00:00:00-05:00,19.189409252888066,19.63828558800457,19.112628486004223,19.591033935546875,551850,0.0,0.0
2011-12-28 00:00:00-05:00,19.55559460640567,19.703250296886225,19.3252506477893,19.508344650268555,697800,0.0,0.0
2011-12-29 00:00:00-05:00,19.508345121314296,19.703250772638132,19.508345121314296,19.685531616210938,659700,0.0,0.0
2011-12-30 00:00:00-05:00,19.726866355565043,19.74458550355278,19.531960797072806,19.57330322265625,694350,0.0,0.0
2012-01-03 00:00:00-05:00,19.85681669603622,20.045816551012337,19.378409545783928,19.478816986083984,732000,0.0,0.0
2012-01-04 00:00:00-05:00,19.437474772886105,19.47881891771004,19.213036577949453,19.331161499023438,679650,0.0,0.0
2012-01-05 00:00:00-05:00,19.307531491789952,19.579219584474227,18.899999352763537,19.508344650268555,756150,0.0,0.0
2012-01-06 00:00:00-05:00,19.514250124211436,19.591030879116584,19.266188703812755,19.419750213623047,400500,0.0,0.0
2012-01-09 00:00:00-05:00,19.49652585111252,19.6619006512349,19.325245230576435,19.579214096069336,590250,0.0,0.0
2012-01-10 00:00:00-05:00,19.71506074514893,19.82727980661553,19.661904970166926,19.756404876708984,550950,0.0,0.0
2012-01-11 00:00:00-05:00,19.679624557495117,19.703249534649725,19.48471891841753,19.679624557495117,354750,0.0,0.0
2012-01-12 00:00:00-05:00,19.756405144491826,20.028093224378576,19.661905236668897,20.010374069213867,489450,0.0,0.0
2012-01-13 00:00:00-05:00,19.91587301462753,19.98084211996276,19.77412316105514,19.874528884887695,372150,0.0,0.0
2012-01-17 00:00:00-05:00,19.951320312238394,20.004476108830175,19.419757276943656,19.443382263183594,797100,0.0,0.0
2012-01-18 00:00:00-05:00,19.449279014324627,19.449279014324627,18.78777970819181,19.053560256958008,1914150,0.0,0.0
2012-01-19 00:00:00-05:00,19.124436219485542,19.283905233307806,19.02993631348592,19.17168617248535,1059450,0.0,0.0
2012-01-20 00:00:00-05:00,19.124435182615095,19.28390418779142,19.012216127876826,19.053560256958008,1121400,0.0,0.0
2012-01-23 00:00:00-05:00,19.018122083731804,19.13624695016675,18.823216476561985,19.10671615600586,872400,0.0,0.0
2012-01-24 00:00:00-05:00,19.065371558648707,19.378402024509434,18.95315251586384,19.3488712310791,521400,0.0,0.0
2012-01-25 00:00:00-05:00,19.319349268902403,19.679629844859512,19.201222661600408,19.537879943847656,771900,0.0,0.0
2012-01-26 00:00:00-05:00,19.626465082781696,19.78002825024383,19.242558009022034,19.3488712310791,798600,0.0,0.0
2012-01-27 00:00:00-05:00,19.2779976750199,19.413841700105085,18.98859047162288,19.024028778076172,1200900,0.0,0.0
2012-01-30 00:00:00-05:00,18.970875820865466,19.171687287902152,18.870468397555413,19.12443733215332,1345200,0.0,0.0
2012-01-31 00:00:00-05:00,19.213030168124533,19.31343589509216,18.94134209539849,19.083093643188477,981000,0.0,0.0
2012-02-01 00:00:00-05:00,19.10081251124214,19.508344650268555,19.065375889035163,19.508344650268555,968850,0.0,0.0
2012-02-02 00:00:00-05:00,19.50244129625399,19.531973792479697,19.354785574293796,19.413848876953125,676350,0.0,0.0
2012-02-03 00:00:00-05:00,19.531973792968863,19.626473725392486,19.41384887743933,19.44928550720215,566250,0.0,0.0
2012-02-06 00:00:00-05:00,19.39022062045255,19.40203226511516,19.00040762012581,19.05946922302246,1486950,0.0,0.0
2012-02-07 00:00:00-05:00,19.065375411462842,19.266188564911236,18.941343012366033,19.218936920166016,963600,0.0,0.0
2012-02-08 00:00:00-05:00,19.24256320600787,19.45518801775587,18.775969446668476,18.80550193786621,1885650,0.0,0.0
2012-02-09 00:00:00-05:00,18.811403906234894,18.929528777449818,18.575154163805042,18.657840728759766,1573800,0.0,0.0
2012-02-10 00:00:00-05:00,18.527901619765654,18.64012065414705,18.36252682323193,18.592870712280273,3255600,0.0,0.0
2012-02-13 00:00:00-05:00,18.722807481655277,18.764151603841867,18.54561935216489,18.699182510375977,1119000,0.0,0.0
2012-02-14 00:00:00-05:00,18.62831377658478,19.05946922302246,18.62831377658478,19.05946922302246,928200,0.0,0.0
2012-02-15 00:00:00-05:00,19.088995381380087,19.195308597032568,18.657838388189386,18.699182510375977,1014150,0.0,0.0
2012-02-16 00:00:00-05:00,18.711038865876322,18.918347220001788,18.6044242060806,18.900577545166016,1303200,0.06,0.0
2012-02-17 00:00:00-05:00,18.85318226289455,19.0308755220099,18.847259606152974,18.882797241210938,1163700,0.0,0.0
2012-02-21 00:00:00-05:00,18.876886904864268,19.048655909318185,18.83542489511728,18.900577545166016,1324800,0.0,0.0
2012-02-22 00:00:00-05:00,18.91241834065995,19.036802634388213,18.805803715923986,18.835418701171875,585750,0.0,0.0
2012-02-23 00:00:00-05:00,18.86503873618381,18.989423063207074,18.84134640272179,18.92426872253418,793650,0.0,0.0
2012-02-24 00:00:00-05:00,18.953880236697394,18.971649907184602,18.86503527347946,18.91834259033203,552900,0.0,0.0
2012-02-27 00:00:00-05:00,18.776186357390483,19.00126430420024,18.776186357390483,18.84726333618164,688650,0.0,0.0
2012-02-28 00:00:00-05:00,18.367490219832014,18.42079921838494,18.225336279574822,18.343799591064453,9239400,0.0,0.0
2012-02-29 00:00:00-05:00,18.36749521312645,19.261882781982422,18.32603490690339,19.261882781982422,8212350,0.0,0.0
2012-03-01 00:00:00-05:00,19.23226839436442,19.250038065934795,18.81765176230444,18.894651412963867,2313150,0.0,0.0
2012-03-02 00:00:00-05:00,18.7880364601513,18.90649811096751,18.56888113518447,18.70511245727539,1673700,0.0,0.0
2012-03-05 00:00:00-05:00,18.610339544616608,19.072340740932937,18.527415557745964,19.019033432006836,1705950,0.0,0.0
2012-03-06 00:00:00-05:00,18.841340239996246,19.030878845697114,18.79395558857103,18.93610954284668,1853550,0.0,0.0
2012-03-07 00:00:00-05:00,18.936111482002723,19.048650464314388,18.764342526648484,18.817649841308594,1170300,0.0,0.0
2012-03-08 00:00:00-05:00,18.8946441674801,19.131567382202242,18.817644546347527,19.084182739257812,989550,0.0,0.0
2012-03-09 00:00:00-05:00,19.072347857958565,19.475117543291898,19.001270854664448,19.380348205566406,1372200,0.0,0.0
2012-03-12 00:00:00-04:00,19.36256862091693,19.481030232442624,19.22633734401024,19.427722930908203,908100,0.0,0.0
2012-03-13 00:00:00-04:00,19.439579352813322,19.47511870388301,19.22042566991534,19.433656692504883,894750,0.0,0.0
2012-03-14 00:00:00-04:00,19.386264407130074,19.42772640222457,19.19672579482249,19.238187789916992,1055700,0.0,0.0
2012-03-15 00:00:00-04:00,19.25003480049065,19.41587939165092,19.131571473189545,19.238187789916992,1113150,0.0,0.0
2012-03-16 00:00:00-04:00,19.2974200496561,19.41588169641031,19.155266073551047,19.386266708374023,1586700,0.0,0.0
2012-03-19 00:00:00-04:00,19.34479827545217,19.356645283492526,19.001260461409313,19.084182739257812,1324650,0.0,0.0
2012-03-20 00:00:00-04:00,18.995338685415998,19.167109310334073,18.918339053844047,19.07234001159668,1233000,0.0,0.0
2012-03-21 00:00:00-04:00,19.090109245820617,19.23226319070282,18.8827992912732,19.16118621826172,1023750,0.0,0.0
2012-03-22 00:00:00-04:00,19.078260844603527,19.167107477325345,18.91833724462597,19.10787582397461,1262550,0.0,0.0
2012-03-23 00:00:00-04:00,19.15526050884827,19.214492162322806,18.942029606635376,19.18487548828125,1031100,0.0,0.0
2012-03-26 00:00:00-04:00,19.291490898003367,19.56395344113944,19.23818359855796,19.522491455078125,1172100,0.0,0.0
2012-03-27 00:00:00-04:00,19.49880889769961,19.54619356418077,19.155269218406538,19.202653884887695,886050,0.0,0.0
2012-03-28 00:00:00-04:00,19.167107477325345,19.255952415438593,19.042721513671374,19.10787582397461,1221750,0.0,0.0
2012-03-29 00:00:00-04:00,19.00718606515864,19.196724666324005,18.859109456650387,19.143417358398438,1129800,0.0,0.0
2012-03-30 00:00:00-04:00,19.26780891418457,19.380347924755316,19.024962913434074,19.26780891418457,2571000,0.0,0.0
2012-04-02 00:00:00-04:00,19.202647045657237,19.285571029769663,18.94795582498905,18.989416122436523,1250400,0.0,0.0
2012-04-03 00:00:00-04:00,18.930188218658948,19.00126520080398,18.48595665660025,18.669570922851562,2866200,0.0,0.0
2012-04-04 00:00:00-04:00,18.545182742881195,19.10787582397461,18.426721130788298,19.10787582397461,1944000,0.0,0.0
2012-04-05 00:00:00-04:00,19.090114237941478,19.38626751992001,18.99534322196175,19.368497848510742,1109700,0.0,0.0
2012-04-09 00:00:00-04:00,19.220416181324957,19.26187817223444,19.072339579058166,19.16118621826172,898050,0.0,0.0
2012-04-10 00:00:00-04:00,19.15526968605825,19.19080903409144,19.07234736499645,19.113807678222656,1805100,0.0,0.0
2012-04-11 00:00:00-04:00,19.22042396424217,19.255961617548618,19.12565462927913,19.155269622802734,1034100,0.0,0.0
2012-04-12 00:00:00-04:00,19.161189712438773,19.332958670175866,19.137497383971276,19.244112014770508,1370700,0.0,0.0
2012-04-13 00:00:00-04:00,19.22041780311981,19.255955445034637,19.09603351450466,19.125648498535156,893400,0.0,0.0
2012-04-16 00:00:00-04:00,19.107871974326077,19.315180177374565,19.101949318566806,19.149333953857422,1266150,0.0,0.0
2012-04-17 00:00:00-04:00,19.255958484927415,19.273728155994505,19.18488149526817,19.220420837402344,1299900,0.0,0.0
2012-04-18 00:00:00-04:00,19.178953804801843,19.332954755965556,19.178953804801843,19.20857048034668,947700,0.0,0.0
2012-04-19 00:00:00-04:00,19.232267793363352,19.469191091534107,19.066419790034725,19.261882781982422,995400,0.0,0.0
2012-04-20 00:00:00-04:00,19.30926436373762,19.68241892252834,19.285572037697076,19.59949493408203,790500,0.0,0.0
2012-04-23 00:00:00-04:00,19.427728024987324,19.504727669016702,19.285574053882776,19.39811134338379,671700,0.0,0.0
2012-04-24 00:00:00-04:00,19.309263939833656,19.48695553393236,19.285571614313245,19.374418258666992,641400,0.0,0.0
2012-04-25 00:00:00-04:00,19.475106812324764,19.664645383338208,19.36256786213341,19.522491455078125,1172250,0.0,0.0
2012-04-26 00:00:00-04:00,19.486956320208677,19.486956320208677,19.01903414325698,19.27964973449707,1082700,0.0,0.0
2012-04-27 00:00:00-04:00,19.28557482587631,19.43365146138541,18.959804872069032,19.226343154907227,1194150,0.0,0.0
2012-04-30 00:00:00-04:00,19.149344573161105,19.291498557864692,19.05457525002538,19.09011459350586,1272300,0.0,0.0
2012-05-01 00:00:00-04:00,19.078260082541885,19.273721311035526,19.0190301261656,19.084182739257812,1465650,0.0,0.0
2012-05-02 00:00:00-04:00,19.024963033127626,19.113808015559844,18.81765468490029,18.87688636779785,1416150,0.0,0.0
2012-05-03 00:00:00-04:00,18.9005728276807,19.00126649687783,18.776188524094888,18.805805206298828,2007000,0.0,0.0
2012-05-04 00:00:00-04:00,18.752500123046346,18.847269458887904,18.604423459446267,18.645885467529297,1387800,0.0,0.0
2012-05-07 00:00:00-04:00,18.645880692048067,18.83002312438478,18.544900016044494,18.818143844604492,1077900,0.06,0.0
2012-05-08 00:00:00-04:00,18.764679517429784,18.853780901925766,18.63993859881594,18.847841262817383,941400,0.0,0.0
2012-05-09 00:00:00-04:00,18.699342808923404,18.871604264402244,18.67558085009756,18.800323486328125,1255050,0.0,0.0
2012-05-10 00:00:00-04:00,18.883478582009793,19.043860715397134,18.859720028363,18.972579956054688,970200,0.0,0.0
2012-05-11 00:00:00-04:00,18.919111803510074,19.216115691457578,18.919111803510074,18.9963321685791,945600,0.0,0.0
2012-05-14 00:00:00-04:00,18.847846181045647,18.865665103020536,18.574602317148024,18.78250503540039,1248300,0.0,0.0
2012-05-15 00:00:00-04:00,18.72309757040294,18.966641454015228,18.592417020179173,18.687458038330078,1114500,0.0,0.0
2012-05-16 00:00:00-04:00,18.734981692987482,18.81814344756602,18.681521536168564,18.729042053222656,920850,0.0,0.0
2012-05-17 00:00:00-04:00,18.72904041449525,18.758740310188482,18.503317128504456,18.598358154296875,853800,0.0,0.0
2012-05-18 00:00:00-04:00,18.69339642276745,18.705277398972825,18.402333749077524,18.42015266418457,815700,0.0,0.0
2012-05-21 00:00:00-04:00,18.473609959059626,18.622111078522934,18.378568970688402,18.586471557617188,693450,0.0,0.0
2012-05-22 00:00:00-04:00,18.63993168870927,18.7587329241733,18.509249479965373,18.586471557617188,885450,0.0,0.0
2012-05-23 00:00:00-04:00,18.455793645265544,18.616175775344665,18.34293202043451,18.55083465576172,1453500,0.0,0.0
2012-05-24 00:00:00-04:00,18.63993701406645,18.645876652669852,18.44985498301831,18.61023712158203,1104750,0.0,0.0
2012-05-25 00:00:00-04:00,18.63993535950093,18.78249687013263,18.574594242261252,18.59241485595703,565650,0.0,0.0
2012-05-29 00:00:00-04:00,18.711219797292273,18.835960718777923,18.509256767749584,18.598358154296875,614400,0.0,0.0
2012-05-30 00:00:00-04:00,18.521137393038277,18.628059394752597,18.432036008187605,18.51519775390625,684450,0.0,0.0
2012-05-31 00:00:00-04:00,18.503313204679284,18.509252842664846,18.25383141461326,18.384511947631836,807150,0.0,0.0
2012-06-01 00:00:00-04:00,18.15285533712518,18.32511849390241,18.022174759001164,18.12909507751465,781200,0.0,0.0
2012-06-04 00:00:00-04:00,18.140981891647556,18.200381710044443,18.01029957202501,18.117219924926758,638550,0.0,0.0
2012-06-05 00:00:00-04:00,18.028115617758072,18.23007698836651,17.944953853765465,18.170677185058594,618750,0.0,0.0
2012-06-06 00:00:00-04:00,18.236017175711275,18.28353769514137,18.08157463782955,18.23007583618164,914700,0.0,0.0
2012-06-07 00:00:00-04:00,18.348882955505033,18.467685991235548,18.075640731836284,18.117219924926758,846750,0.0,0.0
2012-06-08 00:00:00-04:00,18.117211458796117,18.36669499809773,18.063751307327045,18.2775936126709,567000,0.0,0.0
2012-06-11 00:00:00-04:00,18.372638772099418,18.372638772099418,18.034053802490234,18.034053802490234,696750,0.0,0.0
2012-06-12 00:00:00-04:00,18.105331983286934,18.259774496309394,18.069692449184863,18.188493728637695,479100,0.0,0.0
2012-06-13 00:00:00-04:00,18.164733539983192,18.206312713344918,17.950891236176567,17.968711853027344,857100,0.0,0.0
2012-06-14 00:00:00-04:00,18.016227609413363,18.034048223241214,17.772685451812688,17.915246963500977,1096800,0.0,0.0
2012-06-15 00:00:00-04:00,17.962769276635235,17.962769276635235,17.68358586325906,17.701406478881836,1169700,0.0,0.0
2012-06-18 00:00:00-04:00,17.67171066822736,17.826153221709884,17.541030076327996,17.802392959594727,738600,0.0,0.0
2012-06-19 00:00:00-04:00,17.84397622675931,17.84397622675931,17.285609142732504,17.45193099975586,2459850,0.0,0.0
2012-06-20 00:00:00-04:00,17.469740199683724,17.481621174293092,17.327178701174,17.344999313354492,1950900,0.0,0.0
2012-06-21 00:00:00-04:00,17.36876625419458,17.404405792818114,17.048001909243897,17.17274284362793,2112900,0.0,0.0
2012-06-22 00:00:00-04:00,17.261845860697647,17.392528146683006,17.178685796453454,17.30342674255371,3270750,0.0,0.0
2012-06-25 00:00:00-04:00,17.17868852995001,17.309369137261516,17.154926565564423,17.255908966064453,1127400,0.0,0.0
2012-06-26 00:00:00-04:00,17.232143748912325,17.38064493710212,17.196502512044855,17.315303802490234,842100,0.0,0.0
2012-06-27 00:00:00-04:00,17.24402061551967,17.457862908401527,17.24402061551967,17.350942611694336,648450,0.0,0.0
2012-06-28 00:00:00-04:00,17.2796652071307,17.487567901611328,17.196503449551326,17.487567901611328,869250,0.0,0.0
2012-06-29 00:00:00-04:00,17.695461810149546,17.772682189941406,17.564779598686126,17.772682189941406,1542750,0.0,0.0
2012-07-02 00:00:00-04:00,17.77863385422927,17.784573495277517,17.665773876440145,17.74299430847168,952200,0.0,0.0
2012-07-03 00:00:00-04:00,17.742996110529695,17.933078239124058,17.725175486106906,17.849916458129883,458100,0.0,0.0
2012-07-05 00:00:00-04:00,17.832094085532137,17.950897103725005,17.79645453964877,17.843975067138672,528150,0.0,0.0
2012-07-06 00:00:00-04:00,17.772695011108713,17.82615518187931,17.683593593512253,17.80833625793457,441900,0.0,0.0
2012-07-09 00:00:00-04:00,17.8261454401706,17.939007060817797,17.74892504687189,17.921186447143555,432450,0.0,0.0
2012-07-10 00:00:00-04:00,17.939014213328264,18.1766168254958,17.87961441002035,18.170677185058594,976950,0.0,0.0
2012-07-11 00:00:00-04:00,18.14691637830946,18.224136800075527,17.838032991777315,18.087514877319336,1435350,0.0,0.0
2012-07-12 00:00:00-04:00,18.051874530459934,18.432038681528887,18.022174631024622,18.25383758544922,1160700,0.0,0.0
2012-07-13 00:00:00-04:00,18.26571222474843,18.366692876853467,18.241951971343283,18.301353454589844,826050,0.0,0.0
2012-07-16 00:00:00-04:00,18.283541413337,18.283541413337,17.986537256765338,18.241960525512695,800700,0.0,0.0
2012-07-17 00:00:00-04:00,18.277594673970732,18.46767843367017,18.12909348928158,18.437976837158203,1103100,0.0,0.0
2012-07-18 00:00:00-04:00,18.378575194302094,18.491435131610963,18.342933961860084,18.44391632080078,886050,0.0,0.0
2012-07-19 00:00:00-04:00,18.402341620051157,18.467682768459817,18.063756596188878,18.307300567626953,913500,0.0,0.0
2012-07-20 00:00:00-04:00,18.259770907472383,18.259770907472383,18.045926947019346,18.05780792236328,572250,0.0,0.0
2012-07-23 00:00:00-04:00,17.897428152955253,17.992469170323446,17.659825609534774,17.9271297454834,928500,0.0,0.0
2012-07-24 00:00:00-04:00,17.9033730691944,17.944953951416977,17.380647319581293,17.83209228515625,2338950,0.0,0.0
2012-07-25 00:00:00-04:00,17.760806265001158,17.849907643647587,17.570724230271416,17.701406478881836,989550,0.0,0.0
2012-07-26 00:00:00-04:00,17.71328072123977,17.8558439062303,17.445978360749816,17.772682189941406,1434150,0.0,0.0
2012-07-27 00:00:00-04:00,17.867726744329897,18.283532009780295,17.81426660146171,18.236011505126953,814950,0.0,0.0
2012-07-30 00:00:00-04:00,18.23007434468516,18.307296457042,18.17661418956711,18.206314086914062,605100,0.0,0.0
2012-07-31 00:00:00-04:00,18.194433565882075,18.29541422964978,18.09345290211437,18.2775936126709,998550,0.0,0.0
2012-08-01 00:00:00-04:00,18.36075602401518,18.420155816806346,18.236015099579628,18.348875045776367,1311300,0.0,0.0
2012-08-02 00:00:00-04:00,18.20589711054867,18.33100253568061,17.890154197812407,17.997386932373047,816450,0.06,0.0
2012-08-03 00:00:00-04:00,18.199942583106175,18.36675040737932,18.06292144420192,18.14036750793457,572850,0.0,0.0
2012-08-06 00:00:00-04:00,18.199943095409417,18.283346157676764,17.9139868171776,17.97951889038086,1012350,0.0,0.0
2012-08-07 00:00:00-04:00,18.104619004617618,18.19398074135861,18.009300273276118,18.0450439453125,455550,0.0,0.0
2012-08-08 00:00:00-04:00,17.991431574050438,18.056963642485645,17.878240129377584,17.925899505615234,335100,0.0,0.0
2012-08-09 00:00:00-04:00,17.925898670939333,17.961644053670042,17.848452614267675,17.943771362304688,356400,0.0,0.0
2012-08-10 00:00:00-04:00,17.931859510675558,18.09866563521025,17.80675236062374,17.97951889038086,798000,0.0,0.0
2012-08-13 00:00:00-04:00,17.919942129630023,17.991431192470287,17.771007008154562,17.8961124420166,706200,0.0,0.0
2012-08-14 00:00:00-04:00,17.90206860323799,17.937813985208564,17.77696317520822,17.913984298706055,708300,0.0,0.0
2012-08-15 00:00:00-04:00,17.925902876407598,18.170156799446705,17.896116186766402,18.128456115722656,504750,0.0,0.0
2012-08-16 00:00:00-04:00,18.080795317575458,18.164200087373903,18.03313593610033,18.116539001464844,471150,0.0,0.0
2012-08-17 00:00:00-04:00,18.146324016731793,18.30121612548828,18.056962266984954,18.30121612548828,483900,0.0,0.0
2012-08-20 00:00:00-04:00,18.313133427321418,18.319090423311472,17.985474785795873,18.193984985351562,595950,0.0,0.0
2012-08-21 00:00:00-04:00,18.193984985351562,18.277388042513582,18.128452916159702,18.193984985351562,683550,0.0,0.0
2012-08-22 00:00:00-04:00,18.199943626767485,18.25951700092146,18.098666163611465,18.12249755859375,575850,0.0,0.0
2012-08-23 00:00:00-04:00,18.092705645215084,18.182065680633293,18.03908757864405,18.110576629638672,1101600,0.0,0.0
2012-08-24 00:00:00-04:00,18.128457448389096,18.205903528923074,18.039095668462252,18.098669052124023,1563750,0.0,0.0
2012-08-27 00:00:00-04:00,18.152284231140655,18.152284231140655,17.639945032543782,17.699520111083984,986850,0.0,0.0
2012-08-28 00:00:00-04:00,17.651858230522603,17.747178692780317,17.419520036652273,17.48505210876465,1175850,0.0,0.0
2012-08-29 00:00:00-04:00,17.46122444087511,17.53271351751964,17.431436047281032,17.44335174560547,1054950,0.0,0.0
2012-08-30 00:00:00-04:00,17.348027700865117,17.37185738583288,17.228879276026312,17.27653694152832,531450,0.0,0.0
2012-08-31 00:00:00-04:00,17.336107786217518,17.431426502886126,17.18717271753109,17.246746063232422,578700,0.0,0.0
2012-09-04 00:00:00-04:00,17.306328890347174,17.43143433608534,17.10973437498237,17.324201583862305,904800,0.0,0.0
2012-09-05 00:00:00-04:00,17.40164576877533,17.44930514337457,17.27058334084427,17.359943389892578,1148550,0.0,0.0
2012-09-06 00:00:00-04:00,17.41356307161636,17.550582507908462,17.312285612921535,17.520795822143555,703200,0.0,0.0
2012-09-07 00:00:00-04:00,17.520793735883398,17.639942169189453,17.47909135811787,17.639942169189453,510900,0.0,0.0
2012-09-10 00:00:00-04:00,17.65781513358675,17.824622942796942,17.62206975082488,17.7114315032959,577050,0.0,0.0
2012-09-11 00:00:00-04:00,17.735263213051713,17.77696559621888,17.59228507456474,17.66973114013672,798300,0.0,0.0
2012-09-12 00:00:00-04:00,17.669732034209414,17.75909380139386,17.526753888487875,17.53866958618164,517650,0.0,0.0
2012-09-13 00:00:00-04:00,17.532709956654372,17.63398570189001,17.37185914076422,17.51483726501465,601800,0.0,0.0
2012-09-14 00:00:00-04:00,17.60420252823745,17.675691604614258,17.419521988155527,17.675691604614258,1298400,0.0,0.0
2012-09-17 00:00:00-04:00,17.806757978450808,19.64760508309343,17.806757978450808,19.546327590942383,5106600,0.0,0.0
2012-09-18 00:00:00-04:00,19.5701545258161,19.838239861719103,19.33185758574732,19.409303665161133,2320050,0.0,0.0
2012-09-19 00:00:00-04:00,19.373551742368107,19.373551742368107,18.974404111287047,18.998233795166016,1408500,0.0,0.0
2012-09-20 00:00:00-04:00,18.932705429791007,19.06376786446248,18.730152225110295,19.039939880371094,1248300,0.0,0.0
2012-09-21 00:00:00-04:00,19.147172929510585,19.260364377904708,18.855259666566504,18.87908935546875,1315800,0.0,0.0
2012-09-24 00:00:00-04:00,18.765902976726867,18.771859974453278,18.605052107074012,18.6229248046875,1538850,0.0,0.0
2012-09-25 00:00:00-04:00,18.676535664829995,18.676535664829995,17.997388696453697,18.003347396850586,1450200,0.0,0.0
2012-09-26 00:00:00-04:00,18.22377846704611,18.283351858034514,17.818673613248016,17.8663330078125,2274000,0.0,0.0
2012-09-27 00:00:00-04:00,17.842503310530258,17.997395490647627,17.663779728696255,17.8663330078125,2211150,0.0,0.0
2012-09-28 00:00:00-04:00,17.818673603924314,18.02718217670902,17.77101420938477,18.02122688293457,1368900,0.0,0.0
2012-10-01 00:00:00-04:00,17.973551715918806,17.973551715918806,17.687595572501692,17.8007869720459,1419750,0.0,0.0
2012-10-02 00:00:00-04:00,17.806752981237572,17.878242053287114,17.592285765088945,17.657817840576172,751350,0.0,0.0
2012-10-03 00:00:00-04:00,17.65185971768593,17.693562103855747,17.425478500998594,17.568456649780273,903000,0.0,0.0
2012-10-04 00:00:00-04:00,17.58037173842968,17.66973351309334,17.50292566245708,17.622074127197266,1233000,0.0,0.0
2012-10-05 00:00:00-04:00,17.62206142560144,17.70546614302032,17.49099906107116,17.687593460083008,1113750,0.0,0.0
2012-10-08 00:00:00-04:00,17.622075790155616,17.79484235865807,17.592289097268186,17.705480575561523,898500,0.0,0.0
2012-10-09 00:00:00-04:00,17.70547576784393,17.711432763917013,17.586327324213336,17.610157012939453,540150,0.0,0.0
2012-10-10 00:00:00-04:00,17.5624987028894,17.669731456457367,17.54462600915011,17.62803077697754,580050,0.0,0.0
2012-10-11 00:00:00-04:00,17.699518429377907,17.931858316071448,17.64590205688978,17.884197235107422,1174500,0.0,0.0
2012-10-12 00:00:00-04:00,17.830572955988433,17.902061989083386,17.770999613959134,17.812700271606445,662850,0.0,0.0
2012-10-15 00:00:00-04:00,17.842494681296866,18.241642343841697,17.812706295774937,18.235685348510742,1019700,0.0,0.0
2012-10-16 00:00:00-04:00,18.33099379046607,18.52758988409261,18.24163378910794,18.48588752746582,1050750,0.0,0.0
2012-10-17 00:00:00-04:00,18.426324186227564,18.902917936335946,18.342919427741748,18.825471878051758,1067100,0.0,0.0
2012-10-18 00:00:00-04:00,18.777811068484965,19.01610965139772,18.706322004941256,18.896961212158203,841950,0.0,0.0
2012-10-19 00:00:00-04:00,18.861218771472142,18.9744102325217,18.694410930506372,18.75994300842285,814050,0.0,0.0
2012-10-22 00:00:00-04:00,18.77185354869676,19.069725490698612,18.652705112782755,19.022066116333008,1873500,0.0,0.0
2012-10-23 00:00:00-04:00,18.84929782397748,19.290147847399524,18.19993933574293,19.21270179748535,2207700,0.0,0.0
2012-10-24 00:00:00-04:00,19.290149128983717,19.49270231656268,19.033979572858474,19.3795108795166,1549350,0.0,0.0
2012-10-25 00:00:00-04:00,19.462912337177283,19.69525216742697,19.456953638233273,19.48674201965332,1534350,0.0,0.0
2012-10-26 00:00:00-04:00,19.46887012253429,19.510570790236276,19.379508383510853,19.43312644958496,945150,0.0,0.0
2012-10-31 00:00:00-04:00,19.570145342955747,19.65355008506106,19.361636896559187,19.558231353759766,1092750,0.0,0.0
2012-11-01 00:00:00-04:00,19.582135271100473,19.80323289831972,19.582135271100473,19.731525421142578,1130100,0.066667,0.0
2012-11-02 00:00:00-04:00,19.845062392332736,19.845062392332736,19.367012551593415,19.372987747192383,865950,0.0,0.0
2012-11-05 00:00:00-05:00,19.34909005184222,19.462627344574255,19.26543216379439,19.420799255371094,573150,0.0,0.0
2012-11-06 00:00:00-05:00,19.558235536858078,19.558235536858078,19.21762539964325,19.325185775756836,692100,0.0,0.0
2012-11-07 00:00:00-05:00,19.217620010809796,19.289327477991737,18.94871572664686,19.092130661010742,617100,0.0,0.0
2012-11-08 00:00:00-05:00,19.110056116678695,19.110056116678695,18.691761743540145,18.697738647460938,787800,0.0,0.0
2012-11-09 00:00:00-05:00,18.673837961164313,18.853107500389605,18.566277605341963,18.793352127075195,530400,0.0,0.0
2012-11-12 00:00:00-05:00,18.805310026195965,18.912872134605202,18.62006521760555,18.73360252380371,474750,0.0,0.0
2012-11-13 00:00:00-05:00,18.73358968696979,18.847126915368737,18.590174780457602,18.60212516784668,426000,0.0,0.0
2012-11-14 00:00:00-05:00,18.649933669358187,18.649933669358187,18.2734690755541,18.285419464111328,489900,0.0,0.0
2012-11-15 00:00:00-05:00,18.219694822380045,18.38701057434082,18.1659129274913,18.38701057434082,1999650,0.0,0.0
2012-11-16 00:00:00-05:00,18.39895952004685,18.93676640918381,18.297374363197317,18.590179443359375,1274100,0.0,0.0
2012-11-19 00:00:00-05:00,18.721650947650648,18.787381538467336,18.530429243687912,18.661893844604492,528300,0.0,0.0
2012-11-20 00:00:00-05:00,18.66188539768326,18.817252427566274,18.596154836618172,18.75152015686035,419100,0.0,0.0
2012-11-21 00:00:00-05:00,18.81127706093848,19.008472161613206,18.643957933528633,18.966642379760742,507750,0.0,0.0
2012-11-23 00:00:00-05:00,19.08017921039381,19.217618942260742,18.972618870421964,19.217618942260742,257100,0.0,0.0
2012-11-26 00:00:00-05:00,19.211652021865707,19.5164093262279,19.127994126150757,19.36104393005371,817350,0.0,0.0
2012-11-27 00:00:00-05:00,19.319216632156667,19.384948943510402,19.110069301290356,19.307266235351562,550350,0.0,0.0
2012-11-28 00:00:00-05:00,19.235545683454095,19.486522674560547,19.11005804272131,19.486522674560547,466800,0.0,0.0
2012-11-29 00:00:00-05:00,19.528354092962857,19.582134270687916,19.3311589682103,19.44469451904297,503250,0.0,0.0
2012-11-30 00:00:00-05:00,19.492506037173687,19.67177391052246,19.36701664522395,19.67177391052246,917550,0.0,0.0
2012-12-03 00:00:00-05:00,19.689708208349643,19.82714804286855,19.4447062438814,19.606048583984375,1403100,0.0,0.0
2012-12-04 00:00:00-05:00,19.57615805900893,19.797255663454454,19.56420766886422,19.74945068359375,518400,0.0,0.0
2012-12-05 00:00:00-05:00,19.71957273446936,19.946645530945855,19.492499937992868,19.922744750976562,668100,0.0,0.0
2012-12-06 00:00:00-05:00,19.922747984782426,19.98847855964901,19.89286858568904,19.97652816772461,449550,0.0,0.0
2012-12-07 00:00:00-05:00,20.018358611556156,20.02433551786491,19.862993240356445,19.862993240356445,556200,0.0,0.0
2012-12-10 00:00:00-05:00,19.82713285647043,20.096035410917413,19.79725346514463,19.982498168945312,876300,0.0,0.0
2012-12-11 00:00:00-05:00,20.018360003524297,20.018360003524297,19.80323752176836,19.857019424438477,660600,0.0,0.0
2012-12-12 00:00:00-05:00,19.922747579620975,20.16177250965994,19.623965562251694,19.63591766357422,545100,0.0,0.0
2012-12-13 00:00:00-05:00,19.67775194960353,19.683727147328533,19.462629444728222,19.52238655090332,430950,0.0,0.0
2012-12-14 00:00:00-05:00,19.564210475197953,19.60006336041583,19.40286821761455,19.462623596191406,418650,0.0,0.0
2012-12-17 00:00:00-05:00,19.510428582909366,19.60006336041583,19.39689131204392,19.462623596191406,350700,0.0,0.0
2012-12-18 00:00:00-05:00,19.516405720719128,19.71957778930664,19.349088250558204,19.71957778930664,817350,0.0,0.0
2012-12-19 00:00:00-05:00,19.7195766373215,20.012383475228837,19.594088969441927,19.904821395874023,666450,0.0,0.0
2012-12-20 00:00:00-05:00,19.87494128816125,20.119943128664566,19.80921071329466,19.97652816772461,770250,0.0,0.0
2012-12-21 00:00:00-05:00,19.79726081879403,19.994457694301527,19.7554327327543,19.88092041015625,1227900,0.0,0.0
2012-12-24 00:00:00-05:00,19.803230593284624,19.928719945968886,19.71359753947704,19.922744750976562,180450,0.0,0.0
2012-12-26 00:00:00-05:00,19.898843165180608,19.910793555708047,19.80323149275615,19.87493896484375,598200,0.0,0.0
2012-12-27 00:00:00-05:00,19.8928613947528,20.036276303850666,19.809203552599328,20.000423431396484,763650,0.0,0.0
2012-12-28 00:00:00-05:00,19.88689236924629,19.982502338300108,19.79725759584806,19.827136993408203,457950,0.0,0.0
2012-12-31 00:00:00-05:00,19.815189438395205,20.20958150604296,19.719579447406836,20.191654205322266,524850,0.0,0.0
2013-01-02 00:00:00-05:00,20.442630371433026,20.53824035814169,20.2095806014203,20.41872787475586,576600,0.0,0.0
2013-01-03 00:00:00-05:00,20.424703665369897,20.56811864960273,20.32909367588134,20.46653175354004,359100,0.0,0.0
2013-01-04 00:00:00-05:00,20.472511472415345,20.741414177380605,20.20958396520356,20.65178108215332,554550,0.0,0.0
2013-01-07 00:00:00-05:00,20.627872575870743,20.699580062903706,20.412750114771853,20.43067741394043,511350,0.0,0.0
2013-01-08 00:00:00-05:00,20.400803601188613,20.49043840443519,20.299218402651388,20.370925903320312,371250,0.0,0.0
2013-01-09 00:00:00-05:00,20.358967719903177,20.669700130027888,20.341040422678,20.52628517150879,726000,0.0,0.0
2013-01-10 00:00:00-05:00,20.615924638310638,20.615924638310638,20.376899653065042,20.436655044555664,696600,0.0,0.0
2013-01-11 00:00:00-05:00,20.472501587665167,20.59798922810746,20.317136263239643,20.55018424987793,1096500,0.0,0.0
2013-01-14 00:00:00-05:00,20.53823799819638,20.723482753569233,20.436651116760196,20.532262802124023,625650,0.0,0.0
2013-01-15 00:00:00-05:00,20.466528355180277,20.603969829300475,20.40079778055221,20.568115234375,705300,0.0,0.0
2013-01-16 00:00:00-05:00,20.52628517150879,20.53226207701129,20.32311312545282,20.52628517150879,1126200,0.0,0.0
2013-01-17 00:00:00-05:00,20.538240501011888,20.705557978915962,20.478483404082578,20.580068588256836,528900,0.0,0.0
2013-01-18 00:00:00-05:00,20.633850488385647,20.663728182029587,20.53226530421139,20.580068588256836,333600,0.0,0.0
2013-01-22 00:00:00-05:00,20.586049148712082,20.860927056381605,20.556169740123128,20.854951858520508,452850,0.0,0.0
2013-01-23 00:00:00-05:00,20.878851592401677,20.878851592401677,20.627874509440105,20.765316009521484,481500,0.0,0.0
2013-01-24 00:00:00-05:00,20.729461736419935,20.878851923366224,20.55019214437116,20.848974227905273,591750,0.0,0.0
2013-01-25 00:00:00-05:00,20.914703185087266,21.076045463421575,20.789215506223425,21.070070266723633,765000,0.0,0.0
2013-01-28 00:00:00-05:00,21.058123085462388,21.54214828465548,21.004341178052975,21.2015380859375,1038300,0.0,0.0
2013-01-29 00:00:00-05:00,21.2015348048217,21.392754775862286,21.189582701810966,21.285194396972656,1041150,0.0,0.0
2013-01-30 00:00:00-05:00,21.327022422645708,21.452510100873226,21.237387634065456,21.34494972229004,679500,0.0,0.0
2013-01-31 00:00:00-05:00,21.34494406355134,21.589944158386977,21.30311427868449,21.524211883544922,706950,0.0,0.0
2013-02-01 00:00:00-05:00,21.530211793711153,21.727955958607524,21.452312836994565,21.506242752075195,762300,0.066667,0.0
2013-02-04 00:00:00-05:00,21.41635606664363,21.554176744089443,21.3324635796411,21.350439071655273,561150,0.0,0.0
2013-02-05 00:00:00-05:00,21.440322431229227,21.64406009455901,21.254563687911727,21.45829963684082,864450,0.0,0.0
2013-02-06 00:00:00-05:00,21.380407090322215,21.44032884107427,21.266553706611866,21.410367965698242,1114200,0.0,0.0
2013-02-07 00:00:00-05:00,21.422344168096085,21.56016826138077,21.386391473048405,21.452306747436523,937650,0.0,0.0
2013-02-08 00:00:00-05:00,21.37441079499679,21.470286947701414,21.248572058771344,21.416357040405273,540150,0.0,0.0
2013-02-11 00:00:00-05:00,21.410360630541867,21.446315040196136,21.242577385756707,21.30849266052246,551850,0.0,0.0
2013-02-12 00:00:00-05:00,21.320476320806808,21.422344290826214,21.272539965268805,21.30849266052246,1170750,0.0,0.0
2013-02-13 00:00:00-05:00,21.362425462507122,21.428340746226905,21.3264727623696,21.386394500732422,654600,0.0,0.0
2013-02-14 00:00:00-05:00,21.272541163610057,21.69799027248155,21.272541163610057,21.614099502563477,667500,0.0,0.0
2013-02-15 00:00:00-05:00,21.626083676416044,21.662038088948435,21.500246661354176,21.524215698242188,361800,0.0,0.0
2013-02-19 00:00:00-05:00,21.572157841016704,21.572157841016704,20.859078430495252,20.93697738647461,2126250,0.0,0.0
2013-02-20 00:00:00-05:00,20.847090636512686,21.15868985311941,20.643354665347758,21.026859283447266,2024100,0.0,0.0
2013-02-21 00:00:00-05:00,20.930982226328886,21.662038730256622,20.337748117187655,20.433624267578125,1258650,0.0,0.0
2013-02-22 00:00:00-05:00,20.433626784645128,20.535494778383164,20.37969515760645,20.457595825195312,900000,0.0,0.0
2013-02-25 00:00:00-05:00,20.53549464715745,20.53549464715745,20.343742323981296,20.37370491027832,931350,0.0,0.0
2013-02-26 00:00:00-05:00,20.445607968865463,20.51751507576836,20.301792040659002,20.403661727905273,1179750,0.0,0.0
2013-02-27 00:00:00-05:00,20.349729755406727,20.709266998022905,20.349729755406727,20.577436447143555,875250,0.0,0.0
2013-02-28 00:00:00-05:00,20.559469719747245,20.67332312363817,20.403671768655666,20.499547958374023,1314300,0.0,0.0
2013-03-01 00:00:00-05:00,20.427637536659027,20.439621201249228,19.93027773933866,20.06810188293457,1719150,0.0,0.0
2013-03-04 00:00:00-05:00,20.056118391992715,20.415654079563264,19.984211254478605,20.4096622467041,1550550,0.0,0.0
2013-03-05 00:00:00-05:00,20.49354546478403,20.67331409923332,20.427631898926663,20.565452575683594,527700,0.0,0.0
2013-03-06 00:00:00-05:00,20.63735732760919,20.685295396062624,20.541481190702324,20.58342742919922,428100,0.0,0.0
2013-03-07 00:00:00-05:00,20.589430871438005,20.655344461447456,20.43363121686707,20.637367248535156,586950,0.0,0.0
2013-03-08 00:00:00-05:00,20.727244442162327,20.990903854370117,20.655337329742018,20.990903854370117,1208250,0.0,0.0
2013-03-11 00:00:00-04:00,20.924987882866795,21.11674016062221,20.87704981342794,21.080785751342773,732000,0.0,0.0
2013-03-12 00:00:00-04:00,21.062807815923453,21.110747598099618,20.901016408580567,20.942962646484375,466050,0.0,0.0
2013-03-13 00:00:00-04:00,20.972932519886843,21.140717543579896,20.95495702254939,21.032855987548828,483600,0.0,0.0
2013-03-14 00:00:00-04:00,21.08677884920172,21.320477380366704,20.960941837959307,21.314485549926758,636750,0.0,0.0
2013-03-15 00:00:00-04:00,21.290518676334138,21.518225400188307,21.248572430192443,21.470287322998047,1106850,0.0,0.0
2013-03-18 00:00:00-04:00,21.344451039573038,21.578147888183594,21.290519415062047,21.578147888183594,757050,0.0,0.0
2013-03-19 00:00:00-04:00,21.632075476752334,21.638067306890893,21.47627589234556,21.566160202026367,633900,0.0,0.0
2013-03-20 00:00:00-04:00,21.63208407278534,21.668036782303975,21.464299047027385,21.488269805908203,951900,0.0,0.0
2013-03-21 00:00:00-04:00,21.392392233580704,21.596129971904844,21.37441673575315,21.584144592285156,448200,0.0,0.0
2013-03-22 00:00:00-04:00,21.662046448176145,21.835821604072613,21.572162096560195,21.81784439086914,454200,0.0,0.0
2013-03-25 00:00:00-04:00,21.871768282009118,21.90772269849682,21.632079601161855,21.692001342773438,415500,0.0,0.0
2013-03-26 00:00:00-04:00,21.77589866539093,21.7938758776198,21.47029291510538,21.584144592285156,902400,0.0,0.0
2013-03-27 00:00:00-04:00,21.536206296711196,21.680022278765897,21.494261754446597,21.572160720825195,621450,0.0,0.0
2013-03-28 00:00:00-04:00,21.59612955873382,21.59612955873382,21.40437720369792,21.560176849365234,1089000,0.0,0.0
2013-04-01 00:00:00-04:00,21.572157351774173,21.6200954335052,21.31448973386965,21.368419647216797,461700,0.0,0.0
2013-04-02 00:00:00-04:00,21.70398492118915,21.805852902127892,21.320478606171164,21.362424850463867,680550,0.0,0.0
2013-04-03 00:00:00-04:00,21.35643308905223,21.44631740871406,21.134718205299613,21.290517807006836,823950,0.0,0.0
2013-04-04 00:00:00-04:00,21.33247173492603,21.398387040712677,21.0748040591429,21.104764938354492,434700,0.0,0.0
2013-04-05 00:00:00-04:00,20.966940874453282,20.978924538471937,20.75121777810603,20.901023864746094,349650,0.0,0.0
2013-04-08 00:00:00-04:00,20.90101757411343,21.062808990478516,20.73922787214897,21.062808990478516,279000,0.0,0.0
2013-04-09 00:00:00-04:00,21.110749495977473,21.284524578686554,20.98491077095301,21.200632095336914,631500,0.0,0.0
2013-04-10 00:00:00-04:00,21.260563140909504,21.590137932882197,21.182664174530906,21.572160720825195,972600,0.0,0.0
2013-04-11 00:00:00-04:00,21.572162096560195,21.82982977113859,21.500254958147718,21.81784439086914,794850,0.0,0.0
2013-04-12 00:00:00-04:00,22.11145615009268,22.375115534288817,21.94966473573581,22.08149528503418,1110750,0.0,0.0
2013-04-15 00:00:00-04:00,21.967647924076854,22.171385633650047,21.488267094964723,21.650056838989258,1185900,0.0,0.0
2013-04-16 00:00:00-04:00,21.799857545122848,21.931688097828765,21.560168904058795,21.91970443725586,694200,0.0,0.0
2013-04-17 00:00:00-04:00,21.835814881085117,21.835814881085117,21.266549781989266,21.326473236083984,526650,0.0,0.0
2013-04-18 00:00:00-04:00,21.302504124836428,21.416357487148346,21.122735477564888,21.398380279541016,500250,0.0,0.0
2013-04-19 00:00:00-04:00,21.422347438458164,21.66203953777034,21.290518583957375,21.356433868408203,669750,0.0,0.0
2013-04-22 00:00:00-04:00,21.392384488848187,21.47028514217031,21.224601235724734,21.314485549926758,558000,0.0,0.0
2013-04-23 00:00:00-04:00,21.410363869309787,21.57215530842713,21.308495883880706,21.470287322998047,499650,0.0,0.0
2013-04-24 00:00:00-04:00,21.530211185738338,21.811847845608213,21.422349644221793,21.668033599853516,984300,0.0,0.0
2013-04-25 00:00:00-04:00,21.793870996118102,23.196060662275524,21.793870996118102,22.54889488220215,2886150,0.0,0.0
2013-04-26 00:00:00-04:00,22.626789744906997,22.626789744906997,22.17137979164884,22.351146697998047,1105950,0.0,0.0
2013-04-29 00:00:00-04:00,22.44702866391773,22.728665328501314,22.303214415756035,22.650766372680664,995100,0.0,0.0
2013-04-30 00:00:00-04:00,22.65675938506993,22.740650177001953,22.61481313190334,22.740650177001953,921450,0.0,0.0
2013-05-01 00:00:00-04:00,22.65076924486564,22.78858996436254,22.37512437706927,22.387109756469727,714750,0.0,0.0
2013-05-02 00:00:00-04:00,22.44103149787683,22.5968293724845,22.249277498174006,22.518930435180664,439350,0.0,0.0
2013-05-03 00:00:00-04:00,22.68671556425138,22.82453795933007,22.614808451306082,22.776599884033203,552900,0.0,0.0
2013-05-06 00:00:00-04:00,22.788620319603435,22.818660225231568,22.530273005785265,22.812652587890625,340200,0.066667,0.0
2013-05-07 00:00:00-04:00,22.878735620619242,23.16111512700628,22.794621844706953,23.137081146240234,557550,0.0,0.0
2013-05-08 00:00:00-04:00,23.070991428890554,23.251232515389272,22.908773247795757,23.23320960998535,562950,0.0,0.0
2013-05-09 00:00:00-04:00,23.233218547889695,23.233218547889695,23.022935766975646,23.125072479248047,575250,0.0,0.0
2013-05-10 00:00:00-04:00,23.107041287715724,23.257244213681073,23.064984399688505,23.09502601623535,732150,0.0,0.0
2013-05-13 00:00:00-04:00,22.986883393039925,23.131078704685564,22.87272970240387,22.926803588867188,686250,0.0,0.0
2013-05-14 00:00:00-04:00,22.974866734095155,23.389422858438262,22.914785214622892,23.38341522216797,696900,0.0,0.0
2013-05-15 00:00:00-04:00,23.40745372506045,23.767937781206047,23.293300010883453,23.737897872924805,607500,0.0,0.0
2013-05-16 00:00:00-04:00,23.7739394853189,24.194504971981228,23.707852047379703,24.002246856689453,1395450,0.0,0.0
2013-05-17 00:00:00-04:00,24.04430074208074,24.12841279753999,23.92413943505115,24.092365264892578,531900,0.0,0.0
2013-05-20 00:00:00-04:00,24.110391332380438,24.110391332380438,23.978214736782352,24.04430389404297,674700,0.0,0.0
2013-05-21 00:00:00-04:00,24.104379691677185,24.470871209412174,24.074338078922366,24.350709915161133,488250,0.0,0.0
2013-05-22 00:00:00-04:00,24.4047871806811,24.64510981953112,24.200512078197036,24.242568969726562,662850,0.0,0.0
2013-05-23 00:00:00-04:00,24.158455555389917,24.536964120154867,24.080349412936638,24.452850341796875,876450,0.0,0.0
2013-05-24 00:00:00-04:00,24.35673119458006,24.428828011518718,24.050319292859836,24.086368560791016,413250,0.0,0.0
2013-05-28 00:00:00-04:00,24.254588749426702,24.26660402328892,23.954184556868306,24.026281356811523,897600,0.0,0.0
2013-05-29 00:00:00-04:00,23.954184834144808,23.960192471145458,23.713862164885608,23.90612030029297,457950,0.0,0.0
2013-05-30 00:00:00-04:00,23.972211936365166,24.615075572663983,23.960194942201216,24.40479278564453,728250,0.0,0.0
2013-05-31 00:00:00-04:00,24.302648283817245,24.603050695661416,24.164462349285913,24.17647933959961,615000,0.0,0.0
2013-06-03 00:00:00-04:00,24.140431439608502,24.31466491699329,24.00825313336967,24.212528228759766,434850,0.0,0.0
2013-06-04 00:00:00-04:00,24.260598931214787,24.302655831990787,23.906122531246396,23.93015480041504,772500,0.0,0.0
2013-06-05 00:00:00-04:00,23.864066727485035,23.89410663559589,23.59370411664026,23.69584083557129,369750,0.0,0.0
2013-06-06 00:00:00-04:00,23.695843500994865,23.779957315875052,23.42548085973839,23.64177131652832,563100,0.0,0.0
2013-06-07 00:00:00-04:00,23.401435134184755,23.797968269809996,22.914780596973397,23.761919021606445,974700,0.0,0.0
2013-06-10 00:00:00-04:00,23.834023223629604,24.038296630673745,23.66579735709543,24.026281356811523,680100,0.0,0.0
2013-06-11 00:00:00-04:00,23.834023455079496,24.290636525820677,23.683822216803357,24.152450561523438,709200,0.0,0.0
2013-06-12 00:00:00-04:00,24.296641480429063,24.296641480429063,23.966197417564363,24.02027130126953,553950,0.0,0.0
2013-06-13 00:00:00-04:00,23.88808764310257,24.39276679787968,23.86405538425236,24.350709915161133,585300,0.0,0.0
2013-06-14 00:00:00-04:00,24.29664282948483,24.518942575128502,24.176483220596566,24.506925582885742,668850,0.0,0.0
2013-06-17 00:00:00-04:00,24.72322079741493,24.72322079741493,24.36874610039156,24.57902717590332,683400,0.0,0.0
2013-06-18 00:00:00-04:00,24.633094490246886,25.05966935164271,24.57301468594204,25.01761245727539,345600,0.0,0.0
2013-06-19 00:00:00-04:00,25.053662718980444,25.053662718980444,24.48289764035912,24.512937545776367,654900,0.0,0.0
2013-06-20 00:00:00-04:00,24.332694740647028,24.338702377961898,24.020275254269396,24.062332153320312,1219650,0.0,0.0
2013-06-21 00:00:00-04:00,24.176482414706534,24.404788070476496,24.04430409905827,24.230554580688477,1590150,0.0,0.0
2013-06-24 00:00:00-04:00,24.044301689684467,24.194502899660268,23.864058862575117,23.960187911987305,868350,0.0,0.0
2013-06-25 00:00:00-04:00,24.15244590393701,24.1764798851067,23.803978960821286,24.122406005859375,761550,0.0,0.0
2013-06-26 00:00:00-04:00,24.230554659943564,24.254586924783386,23.876078323825407,24.11039161682129,729450,0.0,0.0
2013-06-27 00:00:00-04:00,24.25459361479808,24.45285942468241,24.212536709997266,24.386770248413086,543000,0.0,0.0
2013-06-28 00:00:00-04:00,24.3687418636971,24.741241128378427,24.260595806903645,24.717208862304688,1882350,0.0,0.0
2013-07-01 00:00:00-04:00,24.741239532209125,25.0476513346121,24.717207267685815,25.005596160888672,583500,0.0,0.0
2013-07-02 00:00:00-04:00,25.029623363076528,25.28196296632577,24.909462056510915,25.05365562438965,667950,0.0,0.0
2013-07-03 00:00:00-04:00,24.933504104614258,25.011606830500376,24.789308771154552,24.933504104614258,711900,0.0,0.0
2013-07-05 00:00:00-04:00,25.0116021401762,25.16180508301044,24.87942554443293,25.149789810180664,649050,0.0,0.0
2013-07-08 00:00:00-04:00,25.366079643464065,25.68450671257535,25.336038024192288,25.636442184448242,694350,0.0,0.0
2013-07-09 00:00:00-04:00,25.77463601372249,25.816692918424334,25.618425390082912,25.762619018554688,786300,0.0,0.0
2013-07-10 00:00:00-04:00,25.7085405451838,26.18918585578026,25.7085405451838,26.063016891479492,805350,0.0,0.0
2013-07-11 00:00:00-04:00,26.351403475065407,26.447532534985807,26.093056196798543,26.15914535522461,702750,0.0,0.0
2013-07-12 00:00:00-04:00,26.153136250504716,26.43551405897615,26.063014832157855,26.285314559936523,610800,0.0,0.0
2013-07-15 00:00:00-04:00,26.27930673948222,26.507614116770437,26.24926683792004,26.3033390045166,776700,0.0,0.0
2013-07-16 00:00:00-04:00,26.447536441128058,26.525640884118147,25.972898707939155,26.09906768798828,602700,0.0,0.0
2013-07-17 00:00:00-04:00,26.153141167595066,26.291325420260982,25.954873666170794,25.990922927856445,559650,0.0,0.0
2013-07-18 00:00:00-04:00,26.063013044298334,26.195191344663026,26.032973146551072,26.12309455871582,461400,0.0,0.0
2013-07-19 00:00:00-04:00,26.105071808316527,26.201200863153634,25.88277207981341,25.918821334838867,735600,0.0,0.0
2013-07-22 00:00:00-04:00,26.141123610647675,26.27930957925872,25.984913011582282,26.02696990966797,666450,0.0,0.0
2013-07-23 00:00:00-04:00,26.06902559173906,26.08104258445587,25.816687652842223,25.828702926635742,527400,0.0,0.0
2013-07-24 00:00:00-04:00,25.97289652569773,26.43551722629079,25.4922511954911,25.828702926635742,1114800,0.0,0.0
2013-07-25 00:00:00-04:00,25.864745732915047,25.996922306283736,25.528294085711106,25.576356887817383,599250,0.0,0.0
2013-07-26 00:00:00-04:00,25.384107684297707,25.63644563143189,25.005599044673087,25.077695846557617,806850,0.0,0.0
2013-07-29 00:00:00-04:00,25.047657226096412,25.047657226096412,24.72923007599579,24.8433837890625,863850,0.0,0.0
2013-07-30 00:00:00-04:00,24.90946168322383,25.408131527728912,24.90946168322383,25.396116256713867,1388100,0.0,0.0
2013-07-31 00:00:00-04:00,25.390114505200557,26.22523797204296,25.299994788833242,25.990922927856445,1144800,0.0,0.0
2013-08-01 00:00:00-04:00,26.11708797402091,26.537653462779843,26.11708797402091,26.357412338256836,1201200,0.0,0.0
2013-08-02 00:00:00-04:00,26.285149494541802,26.628391233978718,26.104494859353775,26.315258026123047,449400,0.066667,0.0
2013-08-05 00:00:00-04:00,26.236977486988902,26.52602355070186,26.104497179695244,26.393543243408203,321150,0.0,0.0
2013-08-06 00:00:00-04:00,26.291168196664152,26.387516866257695,26.15266655341091,26.164710998535156,537150,0.0,0.0
2013-08-07 00:00:00-04:00,26.074385564149157,26.152668433107888,25.89975229582169,26.104494094848633,376050,0.0,0.0
2013-08-08 00:00:00-04:00,26.249023142214696,26.49591625182214,25.899758248141435,26.36343765258789,277800,0.0,0.0
2013-08-09 00:00:00-04:00,26.3273061376197,26.47785053933423,26.18880446107408,26.435697555541992,398100,0.0,0.0
2013-08-12 00:00:00-04:00,26.3092414971161,26.616353399638903,26.3092414971161,26.411611557006836,383700,0.0,0.0
2013-08-13 00:00:00-04:00,26.357409731167774,26.51999855041504,26.26106105648054,26.51999855041504,321000,0.0,0.0
2013-08-14 00:00:00-04:00,26.483873113718843,26.592266259451314,26.261067182244535,26.345373153686523,268500,0.0,0.0
2013-08-15 00:00:00-04:00,26.06836728284344,26.06836728284344,25.53242641424427,25.640819549560547,459000,0.0,0.0
2013-08-16 00:00:00-04:00,25.65888608162851,25.845560377558492,25.622754461222392,25.791364669799805,238050,0.0,0.0
2013-08-19 00:00:00-04:00,25.767270785939072,25.97803392247921,25.767270785939072,25.881685256958008,220200,0.0,0.0
2013-08-20 00:00:00-04:00,25.935883910941246,26.158689794677734,25.75522928104393,26.104494094848633,285450,0.0,0.0
2013-08-21 00:00:00-04:00,26.08642811414235,26.13460245208185,25.8214692554751,25.91179656982422,464100,0.0,0.0
2013-08-22 00:00:00-04:00,25.965994360312482,26.519999254471898,25.965994360312482,26.357410430908203,214200,0.0,0.0
2013-08-23 00:00:00-04:00,26.44773906071874,26.44773906071874,26.098474226925198,26.339345932006836,265050,0.0,0.0
2013-08-26 00:00:00-04:00,26.30924268057122,26.507961446439296,26.158696542538706,26.447744369506836,185850,0.0,0.0
2013-08-27 00:00:00-04:00,26.224930515968815,26.483868020506904,26.05029896665952,26.062341690063477,451500,0.0,0.0
2013-08-28 00:00:00-04:00,26.050298119337743,26.23095274732325,25.863622129846107,26.092451095581055,523800,0.0,0.0
2013-08-29 00:00:00-04:00,26.09244839349814,26.19481841990191,25.87566389607544,25.881685256958008,360600,0.0,0.0
2013-08-30 00:00:00-04:00,25.86965230650591,25.881696756472557,25.460170296103573,25.508344650268555,592200,0.0,0.0
2013-09-03 00:00:00-04:00,25.80943436181667,25.947936056120366,24.90616439001516,25.231340408325195,1477800,0.0,0.0
2013-09-04 00:00:00-04:00,25.18918376596954,25.604687037350956,25.01455048309659,25.550491333007812,747750,0.0,0.0
2013-09-05 00:00:00-04:00,25.544474933780542,25.803412504510934,25.49630058214934,25.65286636352539,495900,0.0,0.0
2013-09-06 00:00:00-04:00,25.634790829482824,25.77931555241911,25.34574482931037,25.460159301757812,561150,0.0,0.0
2013-09-09 00:00:00-04:00,25.538450108104254,25.97201924325196,25.508341571098313,25.965999603271484,485250,0.0,0.0
2013-09-10 00:00:00-04:00,26.062346655009375,26.369458557369473,26.00212958081753,26.35139274597168,281850,0.0,0.0
2013-09-11 00:00:00-04:00,26.2791340622079,26.435701573152016,26.164721264313073,26.18880844116211,461850,0.0,0.0
2013-09-12 00:00:00-04:00,26.194827022233056,26.35741587940646,26.146652673652092,26.345373153686523,435450,0.0,0.0
2013-09-13 00:00:00-04:00,26.453760861930565,26.495912118882078,26.134604555259664,26.29117202758789,358650,0.0,0.0
2013-09-16 00:00:00-04:00,26.550112454184443,27.36907635478115,26.453763759996594,27.326923370361328,969750,0.0,0.0
2013-09-17 00:00:00-04:00,27.284776433111283,27.3630593288332,26.893358508800056,26.965620040893555,437550,0.0,0.0
2013-09-18 00:00:00-04:00,26.929481378444322,27.224548774486863,26.67656523694339,27.176374435424805,453900,0.0,0.0
2013-09-19 00:00:00-04:00,27.170348102202855,27.332936897499838,27.067978081139916,27.134218215942383,235500,0.0,0.0
2013-09-20 00:00:00-04:00,27.230572156872505,27.302833666256035,27.013787628721918,27.12217903137207,1585950,0.0,0.0
2013-09-23 00:00:00-04:00,27.12217759529755,27.32691766628509,26.91141444004258,27.260679244995117,433500,0.0,0.0
2013-09-24 00:00:00-04:00,27.218526936961677,27.242614106071596,26.887327930987738,26.911415100097656,297000,0.0,0.0
2013-09-25 00:00:00-04:00,26.86323955207413,26.89334808139301,26.634412317260402,26.748825073242188,582900,0.0,0.0
2013-09-26 00:00:00-04:00,26.85721885843731,27.03185040024827,26.640434340821923,27.01378631591797,354000,0.0,0.0
2013-09-27 00:00:00-04:00,26.875280994083457,26.89334679995403,26.71871527080533,26.82710838317871,444450,0.0,0.0
2013-09-30 00:00:00-04:00,26.827114524275075,27.70027581559739,26.7066786623186,27.344987869262695,1650000,0.0,0.0
2013-10-01 00:00:00-04:00,27.513594306645015,27.886946288986188,27.387137099627942,27.71833610534668,1548000,0.0,0.0
2013-10-02 00:00:00-04:00,27.712315779780496,27.99534045789708,27.35100822990304,27.814685821533203,681000,0.0,0.0
2013-10-03 00:00:00-04:00,27.82070833651987,27.82070833651987,27.230573508683385,27.603923797607422,708450,0.0,0.0
2013-10-04 00:00:00-04:00,27.658122990484294,27.724361422799188,27.34498802476627,27.41122817993164,592950,0.0,0.0
2013-10-07 00:00:00-04:00,27.152286125233918,27.429289424629054,26.797001681714338,27.260679244995117,475950,0.0,0.0
2013-10-08 00:00:00-04:00,27.200452944107745,27.38712887924663,26.911407001770005,27.140235900878906,428550,0.0,0.0
2013-10-09 00:00:00-04:00,27.1462630722716,27.15830751720575,26.881304235071315,26.95958709716797,500400,0.0,0.0
2013-10-10 00:00:00-04:00,27.098095842304723,27.248641967773438,27.013791597064735,27.248641967773438,835500,0.0,0.0
2013-10-11 00:00:00-04:00,27.21853006362422,27.525641935766973,27.10411556649646,27.51359748840332,402000,0.0,0.0
2013-10-14 00:00:00-04:00,27.332944713069317,27.429293401113732,27.242617387315068,27.266704559326172,653400,0.0,0.0
2013-10-15 00:00:00-04:00,27.272733734903348,27.525649974902404,26.96562177306554,27.20649528503418,720750,0.0,0.0
2013-10-16 00:00:00-04:00,27.344991421835598,27.63403752808308,27.29079570762687,27.39316749572754,688500,0.0,0.0
2013-10-17 00:00:00-04:00,27.266710589352275,27.441342194339903,27.09810034798644,27.15229606628418,947700,0.0,0.0
2013-10-18 00:00:00-04:00,27.296810556327923,27.296810556327923,27.025830327103833,27.061960220336914,1195050,0.0,0.0
2013-10-21 00:00:00-04:00,27.025832258019012,27.12218094399143,26.863243419727958,26.995723724365234,939150,0.0,0.0
2013-10-22 00:00:00-04:00,27.122180181081415,27.248639120000895,26.983678518179328,27.037874221801758,1158900,0.0,0.0
2013-10-23 00:00:00-04:00,26.91141464837821,26.977654793031174,26.363431129613133,26.706674575805664,1278000,0.0,0.0
2013-10-24 00:00:00-04:00,26.64044147286746,26.790985886357483,26.309242384908885,26.562158584594727,2162400,0.0,0.0
2013-10-25 00:00:00-04:00,26.64645371878331,26.688606691449998,26.297188938309414,26.640432357788086,1229700,0.0,0.0
2013-10-28 00:00:00-04:00,26.58021911141406,26.688612246138206,26.477849061788785,26.513978958129883,931500,0.0,0.0
2013-10-29 00:00:00-04:00,26.507954104654033,26.712695899789512,26.4236481528776,26.51999855041504,818250,0.0,0.0
2013-10-30 00:00:00-04:00,26.55612968822018,26.62839119762669,25.785340254550782,25.875667572021484,879150,0.0,0.0
2013-10-31 00:00:00-04:00,25.923843365547416,25.953951898776175,25.725122911396706,25.737167358398438,1135500,0.0,0.0
2013-11-01 00:00:00-04:00,25.818680981582027,25.957556321389752,25.61942611077009,25.752262115478516,962850,0.076667,0.0
2013-11-04 00:00:00-05:00,25.85491337196838,25.951522015866505,25.77641755317704,25.80057144165039,639600,0.0,0.0
2013-11-05 00:00:00-05:00,25.61942266531581,25.746221045370923,25.5228140467027,25.649612426757812,1226250,0.0,0.0
2013-11-06 00:00:00-05:00,25.782457978071722,25.782457978071722,25.27526257618311,25.305452346801758,988350,0.0,0.0
2013-11-07 00:00:00-05:00,25.359784428464373,25.45639303891576,24.912968741377593,24.91900634765625,848250,0.0,0.0
2013-11-08 00:00:00-05:00,24.88881737003375,25.02165507732334,24.88881737003375,24.943161010742188,855600,0.0,0.0
2013-11-11 00:00:00-05:00,24.985425983517718,25.045807230694333,24.870702823130937,24.943161010742188,1642950,0.0,0.0
2013-11-12 00:00:00-05:00,24.937123269109755,25.202798700653364,24.80428728083633,25.160531997680664,1057650,0.0,0.0
2013-11-13 00:00:00-05:00,25.02165616097011,25.55300355814371,25.02165616097011,25.52281379699707,628650,0.0,0.0
2013-11-14 00:00:00-05:00,25.522811356173783,25.83678933356789,25.50469681021881,25.770370483398438,737400,0.0,0.0
2013-11-15 00:00:00-05:00,25.836792979266853,26.030010223388672,25.709994594686517,26.030010223388672,555300,0.0,0.0
2013-11-18 00:00:00-05:00,26.036048088074217,26.51909117110945,26.02397114724917,26.313796997070312,1234050,0.0,0.0
2013-11-19 00:00:00-05:00,26.259451729553902,26.38021248489516,26.186995276349148,26.295679092407227,1248000,0.0,0.0
2013-11-20 00:00:00-05:00,26.368141883938236,26.470789846276222,26.199076785820914,26.31983757019043,1401150,0.0,0.0
2013-11-21 00:00:00-05:00,26.32587993157084,26.48890744108667,26.193042189743498,26.39833641052246,887100,0.0,0.0
2013-11-22 00:00:00-05:00,26.43455635467212,26.724382188999552,26.289643437508406,26.71230697631836,1045350,0.0,0.0
2013-11-25 00:00:00-05:00,26.79684268470788,26.911565859954205,26.603625432713432,26.72438621520996,919050,0.0,0.0
2013-11-26 00:00:00-05:00,26.718348366856013,26.73646291594165,26.567396094473658,26.59758758544922,766650,0.0,0.0
2013-11-27 00:00:00-05:00,26.573441221997065,26.63382248961241,26.49494540134723,26.567401885986328,567300,0.0,0.0
2013-11-29 00:00:00-05:00,26.55532586687155,26.63382168515045,26.440602671116757,26.531173706054688,239700,0.0,0.0
2013-12-02 00:00:00-05:00,26.50701896934294,26.899492840101278,26.50098136160015,26.808921813964844,841200,0.0,0.0
2013-12-03 00:00:00-05:00,26.718347652520595,26.863260586334395,26.670043341249333,26.802879333496094,760650,0.0,0.0
2013-12-04 00:00:00-05:00,26.682119268684733,26.78476722850437,26.434560098675423,26.59758758544922,907200,0.0,0.0
2013-12-05 00:00:00-05:00,26.525132630853822,26.670045576814665,26.434561607753647,26.585512161254883,722250,0.0,0.0
2013-12-06 00:00:00-05:00,26.70627293479825,26.875336299891348,26.70627293479825,26.74250030517578,420750,0.0,0.0
2013-12-09 00:00:00-05:00,26.736458016111303,26.86325638147624,26.579468165303815,26.59154510498047,399450,0.0,0.0
2013-12-10 00:00:00-05:00,26.50702464113984,26.609670904725423,26.343997104710436,26.350034713745117,549300,0.0,0.0
2013-12-11 00:00:00-05:00,26.331911522371545,26.42248080474059,25.86094365305986,25.897171020507812,795000,0.0,0.0
2013-12-12 00:00:00-05:00,25.854912872995016,26.048130157062367,25.806608551978176,25.97567367553711,737700,0.0,0.0
2013-12-13 00:00:00-05:00,25.999816502656515,26.042081472749924,25.81867450012016,25.98773956298828,446400,0.0,0.0
2013-12-16 00:00:00-05:00,26.017942970315378,26.17493116545018,26.011903633964845,26.084360122680664,723000,0.0,0.0
2013-12-17 00:00:00-05:00,26.07227916042337,26.14473563317472,25.939441429963274,25.96963119506836,916050,0.0,0.0
2013-12-18 00:00:00-05:00,25.969637899364738,25.993791790682643,25.534898950624857,25.891143798828125,657000,0.0,0.0
2013-12-19 00:00:00-05:00,25.818675082480976,26.01189230154557,25.709991260506246,25.854904174804688,1545300,0.0,0.0
2013-12-20 00:00:00-05:00,25.81868219636841,26.12058504809,25.81868219636841,25.91529083251953,1586100,0.0,0.0
2013-12-23 00:00:00-05:00,25.963595105845236,26.090393500263783,25.921328398539536,25.957555770874023,905850,0.0,0.0
2013-12-24 00:00:00-05:00,26.0481324093198,26.49494655361004,26.0481324093198,26.259464263916016,421200,0.0,0.0
2013-12-26 00:00:00-05:00,26.25945900209683,26.458713871718906,26.138698213310935,26.241344451904297,379200,0.0,0.0
2013-12-27 00:00:00-05:00,26.307753456131525,26.56135188126965,26.295676518030692,26.301715850830078,409200,0.0,0.0
2013-12-30 00:00:00-05:00,26.283607586467596,26.31983495442878,26.162846814099726,26.211151123046875,345300,0.0,0.0
2013-12-31 00:00:00-05:00,26.307759144091182,26.41040536640053,26.259454836239925,26.34398651123047,670950,0.0,0.0
2014-01-02 00:00:00-05:00,26.33795621773721,26.39229814728412,25.981711416543103,26.017940521240234,990150,0.0,0.0
2014-01-03 00:00:00-05:00,25.897173696411482,26.120582440835168,25.866983932502354,26.07831573486328,661200,0.0,0.0
2014-01-06 00:00:00-05:00,26.187010025234983,26.253428909955236,25.722079559692293,25.728118896484375,1599600,0.0,0.0
2014-01-07 00:00:00-05:00,25.993784050418014,26.150772204744296,25.740185542085197,26.07831573486328,1485600,0.0,0.0
2014-01-08 00:00:00-05:00,26.144738064310292,26.144738064310292,25.800570218612695,25.90925407409668,1998450,0.0,0.0
2014-01-09 00:00:00-05:00,25.915290487859686,26.036053008941185,25.722073218127132,25.86094856262207,549150,0.0,0.0
2014-01-10 00:00:00-05:00,25.8247118836116,25.98773933898949,25.661684428233713,25.67376136779785,1174500,0.0,0.0
2014-01-13 00:00:00-05:00,25.389982931978313,25.64961909386286,25.16053826688181,25.22695541381836,723000,0.0,0.0
2014-01-14 00:00:00-05:00,25.23902867993456,25.335637309580317,25.11223028539914,25.26921844482422,1006650,0.0,0.0
2014-01-15 00:00:00-05:00,25.365821022171275,25.456392022728526,25.220908112278938,25.329593658447266,490500,0.0,0.0
2014-01-16 00:00:00-05:00,25.329599366408928,25.396018230284778,24.985429832233265,25.05788803100586,695100,0.0,0.0
2014-01-17 00:00:00-05:00,25.07600085320047,25.184686423860818,24.979392224835063,25.05788803100586,867000,0.0,0.0
2014-01-21 00:00:00-05:00,25.226947629119696,25.34167079001532,24.979388487843572,25.027692794799805,541650,0.0,0.0
2014-01-22 00:00:00-05:00,24.906936622000057,25.00958286134267,24.592958568864905,24.792213439941406,924450,0.0,0.0
2014-01-23 00:00:00-05:00,24.74390889796579,24.949203102273646,24.580881401529936,24.93712615966797,693000,0.0,0.0
2014-01-24 00:00:00-05:00,24.804294242561046,24.822408795704682,24.599000004430497,24.635229110717773,977850,0.0,0.0
2014-01-27 00:00:00-05:00,24.63522129499416,24.822400920596817,24.417850181230975,24.47823143005371,873300,0.0,0.0
2014-01-28 00:00:00-05:00,24.520500892477397,24.635224068909544,24.381625559296296,24.472196578979492,753000,0.0,0.0
2014-01-29 00:00:00-05:00,24.333326676680215,24.592962851553487,24.333326676680215,24.38766860961914,529500,0.0,0.0
2014-01-30 00:00:00-05:00,24.496354542646774,24.653342734980118,24.38766894776306,24.556734085083008,623250,0.0,0.0
2014-01-31 00:00:00-05:00,24.345396793683925,24.77409801372086,24.345396793683925,24.68352699279785,682500,0.0,0.0
2014-02-03 00:00:00-05:00,24.743906482763247,24.840515104184565,23.964998176930074,23.995189666748047,1648800,0.0,0.0
2014-02-04 00:00:00-05:00,24.146144391887503,24.51446612053337,24.06765030524933,24.435970306396484,1519800,0.0,0.0
2014-02-05 00:00:00-05:00,24.387662809068114,24.635223707739332,24.33935849627839,24.57484245300293,870600,0.0,0.0
2014-02-06 00:00:00-05:00,24.641264764448817,25.136383176104985,24.51446635750013,25.063926696777344,1046250,0.0,0.0
2014-02-07 00:00:00-05:00,25.23648681844067,25.406021595757284,25.085116914625257,25.369691848754883,794850,0.076667,0.0
2014-02-10 00:00:00-05:00,25.290984748904894,25.581617585974463,25.145669196519123,25.521068572998047,10862100,0.0,0.0
2014-02-11 00:00:00-05:00,25.605828484450264,25.93278925883489,25.315197454907295,25.84196662902832,1405500,0.0,0.0
2014-02-12 00:00:00-05:00,26.33846641956441,26.423232950706844,26.108384350208205,26.399015426635742,1177650,0.0,0.0
2014-02-13 00:00:00-05:00,26.21736974160538,26.52616568871855,26.084162967439763,26.459562301635742,701400,0.0,0.0
2014-02-14 00:00:00-05:00,26.46561081673801,26.804680325629334,26.435337186518506,26.798625946044922,602850,0.0,0.0
2014-02-18 00:00:00-05:00,26.76835605719961,26.792575311219796,26.32635510440567,26.435340881347656,1607250,0.0,0.0
2014-02-19 00:00:00-05:00,26.423229920046204,26.465614046905024,26.047832355533142,26.132598876953125,1945800,0.0,0.0
2014-02-20 00:00:00-05:00,26.162879613552143,26.332414423489745,25.999399185180664,25.999399185180664,1120500,0.0,0.0
2014-02-21 00:00:00-05:00,26.01150551637459,26.102328160567087,25.54528526570982,25.55739402770996,2191350,0.0,0.0
2014-02-24 00:00:00-05:00,25.575553227836966,25.878294730534854,25.53316910564572,25.64215660095215,891300,0.0,0.0
2014-02-25 00:00:00-05:00,25.70875478430335,25.75719327637305,25.55132881892825,25.660314559936523,500400,0.0,0.0
2014-02-26 00:00:00-05:00,25.67243653244054,25.751148684187648,25.418135201473604,25.46657371520996,470550,0.0,0.0
2014-02-27 00:00:00-05:00,25.42418943838726,25.636108367856107,25.418135057279034,25.551340103149414,829200,0.0,0.0
2014-02-28 00:00:00-05:00,25.533173119941544,26.22947712655107,25.533173119941544,26.199203491210938,906450,0.0,0.0
2014-03-03 00:00:00-05:00,26.059944127969583,26.1992052852874,25.969121483432062,26.090219497680664,706950,0.0,0.0
2014-03-04 00:00:00-05:00,26.290025458170934,26.580656507529064,26.283971077717062,26.574602127075195,660900,0.0,0.0
2014-03-05 00:00:00-05:00,26.562490414092835,26.562490414092835,26.350569798782622,26.47772216796875,502350,0.0,0.0
2014-03-06 00:00:00-05:00,26.495889280473296,26.671480178833008,26.411122753935647,26.671480178833008,441150,0.0,0.0
2014-03-07 00:00:00-05:00,26.713864302261573,26.986330488475613,26.659369679180553,26.980276107788086,819000,0.0,0.0
2014-03-10 00:00:00-04:00,26.9742228059616,27.016606937065,26.73808462672589,26.853126525878906,866700,0.0,0.0
2014-03-11 00:00:00-04:00,26.913673766510463,26.913673766510463,26.623042694671177,26.76835823059082,393000,0.0,0.0
2014-03-12 00:00:00-04:00,26.64120938148909,26.774416173284703,26.514058703719144,26.744142532348633,908100,0.0,0.0
2014-03-13 00:00:00-04:00,26.76835832603998,26.816796838185912,26.174985686103366,26.205259323120117,803100,0.0,0.0
2014-03-14 00:00:00-04:00,26.17498540516086,26.399014820654624,26.05994350697458,26.211315155029297,717900,0.0,0.0
2014-03-17 00:00:00-04:00,26.326352817879897,26.501941961201346,26.30213183366569,26.495885848999023,565800,0.0,0.0
2014-03-18 00:00:00-04:00,26.520110686544054,26.659370106075908,26.320300529976294,26.580657958984375,795000,0.0,0.0
2014-03-19 00:00:00-04:00,26.53221693698013,26.871286480988623,26.41717505147427,26.701751708984375,1054050,0.0,0.0
2014-03-20 00:00:00-04:00,26.641208672845845,26.79863471966247,26.532222875455734,26.725976943969727,1138950,0.0,0.0
2014-03-21 00:00:00-04:00,26.810745215093604,26.88340299078635,26.683592808407784,26.725976943969727,1647750,0.0,0.0
2014-03-24 00:00:00-04:00,26.756245564040672,26.889452327300532,26.332409484836294,26.435340881347656,789150,0.0,0.0
2014-03-25 00:00:00-04:00,26.641203776663158,26.71386327130039,26.33846396639729,26.574602127075195,978150,0.0,0.0
2014-03-26 00:00:00-04:00,26.60488018911074,26.60488018911074,26.28397545178199,26.368741989135742,1083000,0.0,0.0
2014-03-27 00:00:00-04:00,26.338464576947764,26.568546630207624,26.32635581575933,26.453506469726562,618450,0.0,0.0
2014-03-28 00:00:00-04:00,26.50194256496428,26.66542295220055,26.162873030406317,26.18103790283203,974850,0.0,0.0
2014-03-31 00:00:00-04:00,26.314247783990236,26.556440353393555,26.02967108186686,26.556440353393555,1397400,0.0,0.0
2014-04-01 00:00:00-04:00,26.64120597083829,26.762303983675533,26.380850266901955,26.56854820251465,801450,0.0,0.0
2014-04-02 00:00:00-04:00,26.592760075657583,26.647252950147205,26.31423785973775,26.338457107543945,808050,0.0,0.0
2014-04-03 00:00:00-04:00,26.296080805787618,26.362684190122938,26.259752789430568,26.308191299438477,728250,0.0,0.0
2014-04-04 00:00:00-04:00,26.368738570799483,26.49588922649581,26.217368660099204,26.308191299438477,1191300,0.0,0.0
2014-04-07 00:00:00-04:00,26.290028271694307,26.411124555219757,25.8298623942976,25.860136032104492,1217850,0.0,0.0
2014-04-08 00:00:00-04:00,25.866192397876617,26.429291458699034,25.7995907360508,26.362688064575195,982200,0.0,0.0
2014-04-09 00:00:00-04:00,26.423231164404314,26.453506532042187,26.126545727015973,26.199203491210938,577050,0.0,0.0
2014-04-10 00:00:00-04:00,26.16892969663118,26.29002596955258,25.678488492076223,25.696653366088867,956400,0.0,0.0
2014-04-11 00:00:00-04:00,25.59977710349861,25.720873379994966,25.399968680354068,25.49079132080078,842400,0.0,0.0
2014-04-14 00:00:00-04:00,25.666382829801982,25.87224738477259,25.50895678984823,25.678491592407227,985350,0.0,0.0
2014-04-15 00:00:00-04:00,25.672433752407983,25.76931076939002,25.28492568447983,25.533172607421875,892350,0.0,0.0
2014-04-16 00:00:00-04:00,25.64821713318108,25.99939722196898,25.581615476386762,25.944904327392578,563550,0.0,0.0
2014-04-17 00:00:00-04:00,25.81774882673405,25.999394096550102,25.775364699470614,25.8480224609375,623100,0.0,0.0
2014-04-21 00:00:00-04:00,25.817747376566405,25.957008511296806,25.732979126800917,25.84196662902832,952050,0.0,0.0
2014-04-22 00:00:00-04:00,26.79863031554814,27.44649580874542,26.514053641111335,26.93183708190918,2956950,0.0,0.0
2014-04-23 00:00:00-04:00,27.004496358377093,27.325401066517255,26.931838590554914,26.992385864257812,1157400,0.0,0.0
2014-04-24 00:00:00-04:00,27.06503911712032,27.301177256224555,26.97421822171661,27.08926010131836,979950,0.0,0.0
2014-04-25 00:00:00-04:00,26.992387094324414,27.270909416484184,26.7441401426936,26.78046989440918,629550,0.0,0.0
2014-04-28 00:00:00-04:00,26.91972303691948,27.089259528938292,26.701749774420648,26.956052780151367,1187250,0.0,0.0
2014-04-29 00:00:00-04:00,27.019793207073807,27.49936439808836,26.977301052190302,27.044076919555664,1026450,0.076667,0.0
2014-04-30 00:00:00-04:00,27.05014911953448,27.292968895726347,26.90445725381936,27.11085319519043,729150,0.0,0.0
2014-05-01 00:00:00-04:00,27.207985815086115,27.280831760552548,26.977307856167908,27.104787826538086,812250,0.0,0.0
2014-05-02 00:00:00-04:00,27.104779270171065,27.317246978239655,26.95908742522982,27.250471115112305,1333650,0.0,0.0
2014-05-05 00:00:00-04:00,27.092642706453734,27.21405433773609,26.904458672569575,27.183700561523438,422250,0.0,0.0
2014-05-06 00:00:00-04:00,27.122990686007658,27.27475258750023,27.06228488334037,27.129060745239258,379650,0.0,0.0
2014-05-07 00:00:00-04:00,27.110851216104685,27.323318938958487,26.837679422026323,27.153345108032227,702150,0.0,0.0
2014-05-08 00:00:00-04:00,27.153354691249444,27.487232411171547,26.795194986910907,26.95909881591797,727950,0.0,0.0
2014-05-09 00:00:00-04:00,26.92267670768558,27.00766278475084,26.78305486309495,26.95909881591797,447450,0.0,0.0
2014-05-12 00:00:00-04:00,27.104789714262335,27.426527298401552,27.104789714262335,27.20191764831543,1130850,0.0,0.0
2014-05-13 00:00:00-04:00,27.26261486773392,27.268684927499596,27.104781156339012,27.153345108032227,372900,0.0,0.0
2014-05-14 00:00:00-04:00,27.15941648304073,27.232262409449913,26.965158942499023,26.98944091796875,427200,0.0,0.0
2014-05-15 00:00:00-04:00,26.928745826900208,27.044085683036705,26.552374213228838,26.910533905029297,971250,0.0,0.0
2014-05-16 00:00:00-04:00,26.868038971982315,26.965166902533092,26.673783110880763,26.904462814331055,423000,0.0,0.0
2014-05-19 00:00:00-04:00,26.868030604599753,27.262614002167357,26.868030604599753,27.256542205810547,1106100,0.0,0.0
2014-05-20 00:00:00-04:00,27.189774770468873,27.27476083576352,26.77090929471007,26.916601181030273,1138950,0.0,0.0
2014-05-21 00:00:00-04:00,26.995517176650377,27.092643357799886,26.80125960399885,27.013729095458984,613050,0.0,0.0
2014-05-22 00:00:00-04:00,27.01372797095103,27.299039915416323,26.90445819943216,26.96516227722168,1089150,0.0,0.0
2014-05-23 00:00:00-04:00,26.995521139590192,27.044085105686214,26.783053353723975,27.0258731842041,586500,0.0,0.0
2014-05-27 00:00:00-04:00,27.159418259989742,27.220122334243783,27.001584540718042,27.171558380126953,318000,0.0,0.0
2014-05-28 00:00:00-04:00,27.17156178077055,27.493297582865246,27.11692775974742,27.396169662475586,805050,0.0,0.0
2014-05-29 00:00:00-04:00,27.45687389391093,27.45687389391093,27.25654626709944,27.408309936523438,795750,0.0,0.0
2014-05-30 00:00:00-04:00,27.42045304427916,27.687556575789003,27.274761156247045,27.663272857666016,924300,0.0,0.0
2014-06-02 00:00:00-04:00,27.71183546485698,27.96679712483423,27.53579154295853,27.924304962158203,969300,0.0,0.0
2014-06-03 00:00:00-04:00,27.9000224359509,28.057856182060373,27.827176492389054,27.845388412475586,1106700,0.0,0.0
2014-06-04 00:00:00-04:00,27.766470026908152,28.01535987854004,27.7603999663279,28.01535987854004,668100,0.0,0.0
2014-06-05 00:00:00-04:00,28.203548246830007,28.488861961773747,27.978940353628985,28.482791900634766,1191150,0.0,0.0
2014-06-06 00:00:00-04:00,28.50099809357336,28.525281808297883,28.197474237709628,28.385658264160156,732600,0.0,0.0
2014-06-09 00:00:00-04:00,28.337092452035176,28.70132207495926,28.337092452035176,28.677040100097656,823950,0.0,0.0
2014-06-10 00:00:00-04:00,28.640622940470113,28.74989272119069,28.43422697446404,28.628482818603516,808650,0.0,0.0
2014-06-11 00:00:00-04:00,28.549559985598005,28.549559985598005,28.306740223746907,28.470643997192383,619650,0.0,0.0
2014-06-12 00:00:00-04:00,28.428152884959506,28.494928760195254,28.29460287127211,28.464576721191406,532650,0.0,0.0
2014-06-13 00:00:00-04:00,28.488856864586594,28.543490878630987,28.331023145722362,28.422080993652344,353850,0.0,0.0
2014-06-16 00:00:00-04:00,28.43422229010496,28.604196125724883,28.264248454485035,28.343164443969727,454950,0.0,0.0
2014-06-17 00:00:00-04:00,28.33102821467012,28.786315798995446,28.24604214837148,28.482791900634766,735900,0.0,0.0
2014-06-18 00:00:00-04:00,28.501000651112456,28.59205851075628,28.355308770396018,28.50707244873047,404700,0.0,0.0
2014-06-19 00:00:00-04:00,28.543490744766608,28.70739452291509,28.46457475409659,28.701324462890625,389850,0.0,0.0
2014-06-20 00:00:00-04:00,28.743819868297926,28.853087901620782,28.701325972323893,28.828805923461914,654150,0.0,0.0
2014-06-23 00:00:00-04:00,28.840942624121837,28.919860346367955,28.677040593573448,28.798450469970703,333600,0.0,0.0
2014-06-24 00:00:00-04:00,28.81666444182782,28.94414438694525,28.646688865959256,28.713464736938477,463050,0.0,0.0
2014-06-25 00:00:00-04:00,28.628476194793855,29.010917733653493,28.628476194793855,28.96842384338379,479400,0.0,0.0
2014-06-26 00:00:00-04:00,28.95628587817819,29.095907686804935,28.755959992538813,29.023061752319336,583200,0.0,0.0
2014-06-27 00:00:00-04:00,28.962366430275377,29.265890380658234,28.84095476598071,29.223398208618164,2459700,0.0,0.0
2014-06-30 00:00:00-04:00,29.223398383588222,29.624050278377965,29.053424484056446,29.4722900390625,1991100,0.0,0.0
2014-07-01 00:00:00-04:00,29.587626524523028,29.781885883882076,29.32659821736604,29.678686141967773,1083750,0.0,0.0
2014-07-02 00:00:00-04:00,29.678679789795293,29.775807711901766,29.393364347627223,29.460140228271484,536100,0.0,0.0
2014-07-03 00:00:00-04:00,29.496570380647512,29.678686141967773,29.423722686691715,29.678686141967773,385950,0.0,0.0
2014-07-07 00:00:00-04:00,29.593690880266397,29.593690880266397,29.259811489560267,29.39943504333496,503400,0.0,0.0
2014-07-08 00:00:00-04:00,29.314442398722626,29.417642097615037,29.22945461572698,29.405498504638672,593850,0.0,0.0
2014-07-09 00:00:00-04:00,29.38729039230084,29.405498834834283,29.120186920906,29.308374404907227,521700,0.0,0.0
2014-07-10 00:00:00-04:00,28.932000804575942,29.07162259826453,28.871296734058056,28.9077205657959,603900,0.0,0.0
2014-07-11 00:00:00-04:00,28.89557667061881,29.101972579956055,28.847012722917835,29.101972579956055,424500,0.0,0.0
2014-07-14 00:00:00-04:00,29.36300480545944,29.36300480545944,29.03519902047938,29.180889129638672,489450,0.0,0.0
2014-07-15 00:00:00-04:00,29.144467498939278,29.247663714323462,29.00484398170266,29.108043670654297,382350,0.0,0.0
2014-07-16 00:00:00-04:00,29.174828614230623,29.326592296954537,28.90165502739813,29.083770751953125,785100,0.0,0.0
2014-07-17 00:00:00-04:00,28.956286507566237,29.10805017696466,28.73774869935935,28.76810073852539,374550,0.0,0.0
2014-07-18 00:00:00-04:00,28.77417190858433,29.03520360800433,28.683114056286918,28.925933837890625,652650,0.0,0.0
2014-07-21 00:00:00-04:00,28.901652183943586,29.156613825879624,28.74989025293485,29.03520393371582,945150,0.0,0.0
2014-07-22 00:00:00-04:00,29.193041494800156,29.76366893128221,28.974501923428214,29.672609329223633,1310100,0.0,0.0
2014-07-23 00:00:00-04:00,29.842582712262164,30.0004147126374,29.59976291415858,29.648326873779297,926400,0.0,0.0
2014-07-24 00:00:00-04:00,29.636183278697825,29.74545479302073,29.514775116430226,29.648326873779297,493800,0.0,0.0
2014-07-25 00:00:00-04:00,29.56940404359802,29.660463628530927,29.429783978124885,29.490488052368164,687750,0.0,0.0
2014-07-28 00:00:00-04:00,29.46620876345026,29.551196554275577,29.168753232345708,29.441925048828125,618750,0.0,0.0
2014-07-29 00:00:00-04:00,29.581550203827405,29.68474644428079,29.28409465651901,29.320518493652344,826200,0.0,0.0
2014-07-30 00:00:00-04:00,29.299216362875494,29.66431704229312,29.299216362875494,29.58521270751953,586800,0.076667,0.0
2014-07-31 00:00:00-04:00,29.360071058058377,29.500024356225182,28.80633544921875,28.80633544921875,869400,0.0,0.0
2014-08-01 00:00:00-04:00,28.82459818742842,28.8550226738424,28.35605482930648,28.66638946533203,1114350,0.0,0.0
2014-08-04 00:00:00-04:00,28.78198985112218,29.02538911426573,28.5081661153179,28.9827938079834,620400,0.0,0.0
2014-08-05 00:00:00-04:00,28.903698313873477,29.074076098939802,28.757656979233676,28.855016708374023,331350,0.0,0.0
2014-08-06 00:00:00-04:00,28.78200286189107,28.903704289406257,28.660303175305526,28.66638946533203,353400,0.0,0.0
2014-08-07 00:00:00-04:00,28.782002957350045,28.830682832145715,28.562943520769526,28.642047882080078,365100,0.0,0.0
2014-08-08 00:00:00-04:00,28.642044778702424,29.177525084364937,28.569024974420646,29.12884521484375,339600,0.0,0.0
2014-08-11 00:00:00-04:00,29.207954231304925,29.323569375110726,29.01323472212873,29.043659210205078,346350,0.0,0.0
2014-08-12 00:00:00-04:00,28.982808493122647,29.13493441536385,28.921959516969956,29.043659210205078,297750,0.0,0.0
2014-08-13 00:00:00-04:00,29.159265623657397,29.37224045828612,29.11667030854581,29.153181076049805,253800,0.0,0.0
2014-08-14 00:00:00-04:00,29.238377075469934,29.433096573698133,29.134932777268613,29.396589279174805,249600,0.0,0.0
2014-08-15 00:00:00-04:00,29.457428782734585,29.536533118229073,29.128838864635814,29.372238159179688,243750,0.0,0.0
2014-08-18 00:00:00-04:00,29.58521187885953,29.913801784760206,29.42700321374366,29.84078025817871,656550,0.0,0.0
2014-08-19 00:00:00-04:00,29.81644600374358,29.925974826206108,29.731255372113395,29.852956771850586,330450,0.0,0.0
2014-08-20 00:00:00-04:00,29.79818603812786,29.99899174998341,29.72516451314113,29.90771484375,329850,0.0,0.0
2014-08-21 00:00:00-04:00,29.828611068115876,29.907715400418553,29.627805352522753,29.65822982788086,517350,0.0,0.0
2014-08-22 00:00:00-04:00,29.591299691784684,29.67040751958596,29.36615574982666,29.554792404174805,388050,0.0,0.0
2014-08-25 00:00:00-04:00,29.682573977033123,29.694743071821396,29.524365299210647,29.615638732910156,278700,0.0,0.0
2014-08-26 00:00:00-04:00,29.749508710488982,29.786015994227135,29.609551936322198,29.664318084716797,517500,0.0,0.0
2014-08-27 00:00:00-04:00,29.737347974908108,29.932063988486554,29.719092586978423,29.77994155883789,346950,0.0,0.0
2014-08-28 00:00:00-04:00,29.743429456969153,29.816451005432477,29.633900616133236,29.737346649169922,321150,0.0,0.0
2014-08-29 00:00:00-04:00,29.737341660750726,29.89555034673643,29.646064740483215,29.852956771850586,715950,0.0,0.0
2014-09-02 00:00:00-04:00,29.962483158197347,30.528386090410937,29.962483158197347,30.455368041992188,1191300,0.0,0.0
2014-09-03 00:00:00-04:00,30.49187526442589,30.504044358828367,30.14503344187709,30.242389678955078,489300,0.0,0.0
2014-09-04 00:00:00-04:00,30.21197286422865,30.63183980525144,30.21197286422865,30.42494773864746,514650,0.0,0.0
2014-09-05 00:00:00-04:00,30.291077266200272,30.49796582747482,30.187631244633653,30.394519805908203,281850,0.0,0.0
2014-09-08 00:00:00-04:00,30.351919468716837,30.43711008621839,30.1572000469178,30.31540870666504,299850,0.0,0.0
2014-09-09 00:00:00-04:00,30.218056665514975,30.24239485848826,30.035506290780162,30.145038604736328,375300,0.0,0.0
2014-09-10 00:00:00-04:00,30.163294700322105,30.303251515874035,30.041596754825758,30.26065444946289,234000,0.0,0.0
2014-09-11 00:00:00-04:00,30.12069620325697,30.412775403042886,30.072016336625985,30.38235092163086,293400,0.0,0.0
2014-09-12 00:00:00-04:00,30.41885455751767,30.473617218471595,30.1146028510403,30.333663940429688,436350,0.0,0.0
2014-09-15 00:00:00-04:00,30.345834645479133,30.41885617310651,30.248474929881358,30.370176315307617,560250,0.0,0.0
2014-09-16 00:00:00-04:00,30.278891165707755,30.370168050401976,29.998984670931165,30.236297607421875,1126350,0.0,0.0
2014-09-17 00:00:00-04:00,30.18763637853694,30.394524974996294,30.12070111577024,30.26065444946289,586500,0.0,0.0
2014-09-18 00:00:00-04:00,30.358009545954417,30.990851300239893,30.12678278857717,30.698768615722656,810450,0.0,0.0
2014-09-19 00:00:00-04:00,30.729192117459764,30.796127360249113,30.35800513801733,30.41885757446289,956850,0.0,0.0
2014-09-22 00:00:00-04:00,30.418854474534285,30.418854474534285,29.91380054284049,29.980735778808594,653250,0.0,0.0
2014-09-23 00:00:00-04:00,29.810358135634512,30.029419250811323,29.743422891604325,29.7860164642334,441300,0.0,0.0
2014-09-24 00:00:00-04:00,29.700826974708214,29.956395354027396,29.57912559102506,29.84078025817871,600150,0.0,0.0
2014-09-25 00:00:00-04:00,29.74341703973893,29.79818317822275,29.51218687528407,29.633888244628906,583800,0.0,0.0
2014-09-26 00:00:00-04:00,29.658240898716503,29.749517840720717,29.463521398253267,29.54262924194336,544950,0.0,0.0
2014-09-29 00:00:00-04:00,29.27487699381885,29.585211514249572,29.165346446225477,29.524362564086914,930750,0.0,0.0
2014-09-30 00:00:00-04:00,29.524362564086914,29.682571227253014,29.427002851083472,29.524362564086914,1471350,0.0,0.0
2014-10-01 00:00:00-04:00,29.512187640552835,29.658227198438965,28.775905304775804,28.9827938079834,1472700,0.0,0.0
2014-10-02 00:00:00-04:00,29.001058585871085,29.35398850226214,28.982803199987366,29.19577980041504,754800,0.0,0.0
2014-10-03 00:00:00-04:00,29.372240005484,29.451344345950893,29.220114131134814,29.366153717041016,497550,0.0,0.0
2014-10-06 00:00:00-04:00,29.445264745769812,29.609559752464914,29.05582576156192,29.293142318725586,796200,0.0,0.0
2014-10-07 00:00:00-04:00,29.122753046417582,29.207941925325258,28.85501209317602,28.940202713012695,721500,0.0,0.0
2014-10-08 00:00:00-04:00,28.964545265195312,29.293135198718243,28.867185542807654,29.244455337524414,636300,0.0,0.0
2014-10-09 00:00:00-04:00,29.19577838890484,29.311393506006254,28.67246895840118,28.77591323852539,799500,0.0,0.0
2014-10-10 00:00:00-04:00,28.842852032731013,28.940211776791294,28.42907312047482,28.441242218017578,988800,0.0,0.0
2014-10-13 00:00:00-04:00,28.40473040992478,28.581194493564887,27.966609863518983,27.990951538085938,1115400,0.0,0.0
2014-10-14 00:00:00-04:00,28.197831095936746,28.29519079938617,27.88141205972611,28.106555938720703,1086300,0.0,0.0
2014-10-15 00:00:00-04:00,27.759719899736623,28.11873433803879,27.40070546143446,27.924013137817383,993000,0.0,0.0
2014-10-16 00:00:00-04:00,27.65019066416731,28.24651990741418,27.558915477998923,28.16132926940918,924600,0.0,0.0
2014-10-17 00:00:00-04:00,28.410815774075754,28.71506408281898,28.270860716407746,28.62987518310547,473400,0.0,0.0
2014-10-20 00:00:00-04:00,28.538598711548357,28.928037643432617,28.374303726927344,28.928037643432617,712350,0.0,0.0
2014-10-21 00:00:00-04:00,28.9888868859016,29.43917649866188,28.9888868859016,29.433090209960938,1087050,0.0,0.0
2014-10-22 00:00:00-04:00,29.87729107406582,29.901629261730477,29.238366642785067,29.63997459411621,830850,0.0,0.0
2014-10-23 00:00:00-04:00,30.02334361029731,30.224149413603786,29.986832831176216,30.04768180847168,861300,0.0,0.0
2014-10-24 00:00:00-04:00,30.09635477528285,30.09635477528285,29.77385109144594,29.810361862182617,392400,0.0,0.0
2014-10-27 00:00:00-04:00,29.79818603812786,29.925970224996682,29.57912494502563,29.90771484375,825450,0.0,0.0
2014-10-28 00:00:00-04:00,30.059852355588593,30.27891005177478,29.99900338241013,30.248485565185547,565050,0.0,0.0
2014-10-29 00:00:00-04:00,30.21197683265706,30.321509170020345,29.87121768519911,30.04768180847168,558000,0.0,0.0
2014-10-30 00:00:00-04:00,30.005065952719537,30.491864373528813,29.986810576707068,30.376249313354492,374100,0.0,0.0
2014-10-31 00:00:00-04:00,30.662996205315217,30.79721269663626,30.29694234293475,30.443363189697266,581850,0.086667,0.0
2014-11-03 00:00:00-05:00,30.38236551269766,30.40676724982501,30.156633734996834,30.254247665405273,830400,0.0,0.0
2014-11-04 00:00:00-05:00,30.22374386664862,30.32745648626949,29.924799894498303,30.016311645507812,1017750,0.0,0.0
2014-11-05 00:00:00-05:00,30.193236458695917,30.315255617658128,29.94310294289011,30.016311645507812,810000,0.0,0.0
2014-11-06 00:00:00-05:00,30.1078235416206,30.406763989600492,30.022410488933854,30.24814224243164,596250,0.0,0.0
2014-11-07 00:00:00-05:00,30.284756450363645,30.58979915918624,30.168839453002043,30.32746124267578,722850,0.0,0.0
2014-11-10 00:00:00-05:00,30.303056090721572,30.730117929573275,30.27865086146877,30.711814880371094,738450,0.0,0.0
2014-11-11 00:00:00-05:00,30.705713228361393,30.80942934530744,30.5775953726926,30.63860321044922,718350,0.0,0.0
2014-11-12 00:00:00-05:00,30.504376137283405,30.94974093025076,30.504376137283405,30.785017013549805,633300,0.0,0.0
2014-11-13 00:00:00-05:00,30.846032686312128,30.92534007554484,30.63249829135718,30.68130874633789,461250,0.0,0.0
2014-11-14 00:00:00-05:00,30.669096753731136,30.809418922238958,30.49827416761328,30.528778076171875,472350,0.0,0.0
2014-11-17 00:00:00-05:00,30.437278277325397,30.52269135912397,30.27865647609257,30.357967376708984,696300,0.0,0.0
2014-11-18 00:00:00-05:00,30.394564306225305,30.577591285983264,29.979703384837222,30.052915573120117,964200,0.0,0.0
2014-11-19 00:00:00-05:00,29.97361253870428,29.998014280550166,29.729577665494457,29.949207305908203,863400,0.0,0.0
2014-11-20 00:00:00-05:00,29.869882966592023,29.998000781003483,29.753966017612935,29.967496871948242,760950,0.0,0.0
2014-11-21 00:00:00-05:00,30.11392817754826,30.18103819713203,29.613657611773586,29.674665451049805,756600,0.0,0.0
2014-11-24 00:00:00-05:00,29.735668365011364,29.94310056971187,29.66245966819591,29.784475326538086,475650,0.0,0.0
2014-11-25 00:00:00-05:00,29.973603520776415,30.00410743438139,29.64415566832405,29.84548568725586,504900,0.0,0.0
2014-11-26 00:00:00-05:00,29.894300765611074,30.04072168524798,29.88819858485325,29.9248046875,405600,0.0,0.0
2014-11-28 00:00:00-05:00,29.875987532518465,29.906491444011625,28.777829264020152,28.80223274230957,1044000,0.0,0.0
2014-12-01 00:00:00-05:00,28.790033384069893,28.80833643122405,27.655270642631965,27.832197189331055,1797750,0.0,0.0
2014-12-02 00:00:00-05:00,27.81390078105682,27.972524318463492,27.60647201538086,27.60647201538086,2239950,0.0,0.0
2014-12-03 00:00:00-05:00,27.64917114617273,27.868802483045165,27.582061134648587,27.722381591796875,1302600,0.0,0.0
2014-12-04 00:00:00-05:00,27.752885414736827,27.819993676340626,27.12449361624779,27.234310150146484,2327100,0.0,0.0
2014-12-05 00:00:00-05:00,27.191607915144154,27.453945805693657,27.08179136391244,27.31362533569336,1737000,0.0,0.0
2014-12-08 00:00:00-05:00,27.392928544574872,27.563754630936888,26.971968998041785,27.112289428710938,1497000,0.0,0.0
2014-12-09 00:00:00-05:00,26.825548884978744,27.191601054265497,26.666925405550604,27.15499496459961,1131000,0.0,0.0
2014-12-10 00:00:00-05:00,27.075686241574186,27.142796247626045,26.46559924445402,26.514406204223633,1916850,0.0,0.0
2014-12-11 00:00:00-05:00,26.67302962823741,26.959769207047223,26.581516142533957,26.8011474609375,1023000,0.0,0.0
2014-12-12 00:00:00-05:00,26.624225989710816,26.715739492829297,26.227669803497264,26.252073287963867,1848150,0.0,0.0
2014-12-15 00:00:00-05:00,26.50830793806755,26.587618817809368,26.343583999007844,26.477802276611328,2269500,0.0,0.0
2014-12-16 00:00:00-05:00,26.43509908833609,26.64252782410268,26.349686023861747,26.44729995727539,1834200,0.0,0.0
2014-12-17 00:00:00-05:00,26.502209524895324,26.703539588124958,26.148359860082557,26.630329132080078,2077050,0.0,0.0
2014-12-18 00:00:00-05:00,26.97197744997405,27.14890402472656,26.941473530196866,27.087894439697266,1190100,0.0,0.0
2014-12-19 00:00:00-05:00,27.039081825576645,27.148898357515694,26.788944848288914,26.8011474609375,1431750,0.0,0.0
2014-12-22 00:00:00-05:00,26.874363773724564,27.087894705207695,26.813354188097264,27.051288604736328,1103850,0.0,0.0
2014-12-23 00:00:00-05:00,27.197708349802898,27.411239272132722,27.08789354404605,27.31362533569336,1421550,0.0,0.0
2014-12-24 00:00:00-05:00,27.228216373708193,27.45394994486371,27.136704603605416,27.344133377075195,713400,0.0,0.0
2014-12-26 00:00:00-05:00,27.460042771380166,27.56985930873898,27.31972231910627,27.411235809326172,793650,0.0,0.0
2014-12-29 00:00:00-05:00,27.386832509924698,27.612564274552785,27.289218585169348,27.46004295349121,654300,0.0,0.0
2014-12-30 00:00:00-05:00,27.4356375098915,27.453940555842614,27.216006194901702,27.39293098449707,803400,0.0,0.0
2014-12-31 00:00:00-05:00,27.399037220910248,27.514954201800425,26.837757110595703,26.837757110595703,2585550,0.0,0.0
2015-01-02 00:00:00-05:00,27.008577012479943,27.209907036427197,26.837754393846794,27.130596160888672,1174350,0.0,0.0
2015-01-05 00:00:00-05:00,26.801151013272577,26.953672346011093,26.654730114929652,26.837757110595703,1241400,0.0,0.0
2015-01-06 00:00:00-05:00,26.825551083430152,26.929265436859225,26.41069192423928,26.428993225097656,1018950,0.0,0.0
2015-01-07 00:00:00-05:00,26.477808189557674,26.709642191928964,26.136159366939527,26.258176803588867,1493100,0.0,0.0
2015-01-08 00:00:00-05:00,26.465602565386323,26.624224331804314,26.380191247809275,26.43509864807129,1369500,0.0,0.0
2015-01-09 00:00:00-05:00,26.45339665107912,26.502201862189473,26.148352299686888,26.209360122680664,750600,0.0,0.0
2015-01-12 00:00:00-05:00,26.203256173741423,26.203256173741423,25.770094055800786,25.904314041137695,797550,0.0,0.0
2015-01-13 00:00:00-05:00,26.09955503016782,26.313084235373623,25.739603155387183,25.98973846435547,1195200,0.0,0.0
2015-01-14 00:00:00-05:00,25.702991844302144,25.983632764707476,25.654184879490323,25.80060577392578,990150,0.0,0.0
2015-01-15 00:00:00-05:00,25.806706410463274,26.050741219929762,25.75789944856998,25.898218154907227,892050,0.0,0.0
2015-01-16 00:00:00-05:00,25.879919405677285,26.46560300615915,25.837212873440112,26.44729995727539,1010400,0.0,0.0
2015-01-20 00:00:00-05:00,26.575420986194697,26.691337974739124,26.23377220083474,26.367990493774414,923550,0.0,0.0
2015-01-21 00:00:00-05:00,26.258174250295234,26.666933059692383,26.258174250295234,26.666933059692383,791250,0.0,0.0
2015-01-22 00:00:00-05:00,26.788948483433423,26.953672430957045,26.642527584629043,26.752344131469727,1105650,0.0,0.0
2015-01-23 00:00:00-05:00,26.660832575798096,26.959774829601944,26.60592517111472,26.819456100463867,1285500,0.0,0.0
2015-01-26 00:00:00-05:00,26.752343606977607,27.0756893157959,26.624224013929524,27.0756893157959,703950,0.0,0.0
2015-01-27 00:00:00-05:00,26.703538901953262,27.185508161566148,26.703538901953262,26.97197723388672,1063650,0.0,0.0
2015-01-28 00:00:00-05:00,27.063489762833985,27.0939936812677,26.538813987494855,26.593721389770508,697800,0.0,0.0
2015-01-29 00:00:00-05:00,26.630329132080078,26.66693348736504,26.367991228217193,26.630329132080078,553350,0.0,0.0
2015-01-30 00:00:00-05:00,26.37409092857283,26.691337974739124,26.221569585763003,26.367990493774414,1901550,0.0,0.0
2015-02-02 00:00:00-05:00,26.5266170501709,26.630331435503305,26.361893073453178,26.5266170501709,2088750,0.0,0.0
2015-02-03 00:00:00-05:00,26.605924832525055,27.057390170389997,26.538814813502242,26.990280151367188,1050600,0.0,0.0
2015-02-04 00:00:00-05:00,26.96587566704979,27.10009395464459,26.764547362920172,26.813352584838867,1026000,0.0,0.0
2015-02-05 00:00:00-05:00,26.93536812475494,27.167202076442727,26.819452894385766,27.081789016723633,718500,0.0,0.0
2015-02-06 00:00:00-05:00,27.2587145714025,27.362428929711054,27.02078019430375,27.124494552612305,4109550,0.0,0.0
2015-02-09 00:00:00-05:00,26.971975794566355,27.527155478716548,26.94147187666135,27.472248077392578,3006300,0.0,0.0
2015-02-10 00:00:00-05:00,27.66747463571847,28.76563133761509,27.472246777603516,28.15554428100586,4175400,0.0,0.0
2015-02-11 00:00:00-05:00,27.984723099065775,28.301968404709942,27.55766123796116,28.14334487915039,2296950,0.0,0.0
2015-02-12 00:00:00-05:00,28.16164542895507,28.527697672198137,28.16164542895507,28.350772857666016,2098050,0.0,0.0
2015-02-13 00:00:00-05:00,28.35686984223615,28.442281143940622,27.954211575702328,28.094532012939453,1341750,0.0,0.0
2015-02-17 00:00:00-05:00,28.19824797091118,28.56430016800407,28.118937097909694,28.466686248779297,1482000,0.0,0.0
2015-02-18 00:00:00-05:00,28.43618549327919,28.826641213539073,28.405681576502573,28.808338165283203,1209750,0.0,0.0
2015-02-19 00:00:00-05:00,28.753424202553692,28.869341154414602,28.240951186692893,28.34466552734375,1377150,0.0,0.0
2015-02-20 00:00:00-05:00,28.247058036178668,28.539899826049805,27.996921031557676,28.539899826049805,1127550,0.0,0.0
2015-02-23 00:00:00-05:00,28.46669039460008,28.777835243812067,28.27146252771802,28.76563262939453,1615050,0.0,0.0
2015-02-24 00:00:00-05:00,28.735125579718588,28.87544603011523,28.594806874796568,28.692419052124023,2585100,0.0,0.0
2015-02-25 00:00:00-05:00,28.66191425897087,28.905949058495054,28.5643003391612,28.86934471130371,943050,0.0,0.0
2015-02-26 00:00:00-05:00,28.924402422832593,28.96722659579422,28.67357812454239,28.81428337097168,562500,0.086667,0.0
2015-02-27 00:00:00-05:00,28.82040482296876,28.93663937339303,28.66134434564029,28.734756469726562,1589700,0.0,0.0
2015-03-02 00:00:00-05:00,28.704173865104195,28.918291287498175,28.545113358169047,28.74087905883789,2532750,0.0,0.0
2015-03-03 00:00:00-05:00,28.655229032029776,29.175231175017757,28.636875562203954,29.083465576171875,1467600,0.0,0.0
2015-03-04 00:00:00-05:00,28.961110081421786,28.961110081421786,28.63075639817512,28.734756469726562,1561350,0.0,0.0
2015-03-05 00:00:00-05:00,28.802057464366754,28.906057557980493,28.691938379735433,28.72864532470703,926700,0.0,0.0
2015-03-06 00:00:00-05:00,28.65522286835565,28.765340163058152,28.41663306278977,28.49616241455078,935550,0.0,0.0
2015-03-09 00:00:00-04:00,28.551221349177027,28.997813021860786,28.43498681477327,28.948871612548828,1475400,0.0,0.0
2015-03-10 00:00:00-04:00,28.76534481395014,29.31593662733299,28.728639626542282,28.973346710205078,3128250,0.0,0.0
2015-03-11 00:00:00-04:00,28.961110480880375,29.034522605979216,28.74087410558386,28.973346710205078,1363950,0.0,0.0
2015-03-12 00:00:00-04:00,29.144640555090884,29.35875968268467,29.010050789077745,29.309818267822266,1633050,0.0,0.0
2015-03-13 00:00:00-04:00,29.24252911272001,29.352648192871612,29.016175462214946,29.273117065429688,901500,0.0,0.0
2015-03-16 00:00:00-04:00,29.340409251522285,29.591233591083796,29.315938541558154,29.536176681518555,1211400,0.0,0.0
2015-03-17 00:00:00-04:00,29.499469239331702,29.762529804539444,29.401586401141213,29.75029182434082,1110000,0.0,0.0
2015-03-18 00:00:00-04:00,29.738058042552144,29.89100129352621,29.38323362092679,29.84817886352539,1062150,0.0,0.0
2015-03-19 00:00:00-04:00,29.79923801540998,29.79923801540998,29.55453438131396,29.560649871826172,500700,0.0,0.0
2015-03-20 00:00:00-04:00,29.560641529816884,29.88487795417501,29.41381729045287,29.854290008544922,1397400,0.0,0.0
2015-03-23 00:00:00-04:00,29.866528864990897,29.952177225650427,29.603468293329378,29.774765014648438,966900,0.0,0.0
2015-03-24 00:00:00-04:00,29.7135883854442,29.805352233535377,29.621821036786606,29.75029182434082,717300,0.0,0.0
2015-03-25 00:00:00-04:00,29.762527448965916,29.780880917244836,29.27311154646538,29.303699493408203,677850,0.0,0.0
2015-03-26 00:00:00-04:00,29.27311056310452,29.413817564711092,29.120169083245038,29.21805191040039,1227300,0.0,0.0
2015-03-27 00:00:00-04:00,29.199703207974736,29.39546889423336,29.16911525706765,29.340410232543945,739650,0.0,0.0
2015-03-30 00:00:00-04:00,29.407699154729,29.560642387884972,29.30369908639805,29.419937133789062,715350,0.0,0.0
2015-03-31 00:00:00-04:00,29.248646317541496,29.450531005859375,29.18747041219673,29.450531005859375,1097550,0.0,0.0
2015-04-01 00:00:00-04:00,29.46276513542392,29.579001454532744,29.273116680606897,29.523941040039062,847950,0.0,0.0
2015-04-02 00:00:00-04:00,29.456637577298945,29.57287386260055,29.322049576120403,29.542285919189453,635700,0.0,0.0
2015-04-06 00:00:00-04:00,29.438294062826255,29.829825425193818,29.30982152183696,29.774765014648438,926700,0.0,0.0
2015-04-07 00:00:00-04:00,29.786996428351888,29.866525790575352,29.37099614894205,29.407699584960938,1455600,0.0,0.0
2015-04-08 00:00:00-04:00,29.383231169436613,29.56676235517989,29.27923109766641,29.364877700805664,2743350,0.0,0.0
2015-04-09 00:00:00-04:00,29.39546468784939,29.5606423995646,29.34040603403867,29.383230209350586,1331250,0.0,0.0
2015-04-10 00:00:00-04:00,29.426053595864687,29.49946747038848,29.297582816014256,29.364877700805664,2046000,0.0,0.0
2015-04-13 00:00:00-04:00,29.322056761886376,29.560646629584898,29.242527389414633,29.340410232543945,1153500,0.0,0.0
2015-04-14 00:00:00-04:00,28.936647970065806,28.985589400663134,28.636882145228082,28.89382553100586,1068000,0.0,0.0
2015-04-15 00:00:00-04:00,29.016174532564797,29.095703907175277,28.857114033060494,29.010055541992188,1458450,0.0,0.0
2015-04-16 00:00:00-04:00,29.003937330932985,29.1262908840398,28.753111234351543,28.924407958984375,544950,0.0,0.0
2015-04-17 00:00:00-04:00,28.850993528706404,28.863228007900783,28.496167377822207,28.545108795166016,2827950,0.0,0.0
2015-04-20 00:00:00-04:00,28.64298725533417,28.77757700761591,28.61851655039957,28.6246337890625,1706850,0.0,0.0
2015-04-21 00:00:00-04:00,28.704170405195317,28.844875672878317,28.220871702070102,28.245344161987305,889800,0.0,0.0
2015-04-22 00:00:00-04:00,28.32486876242927,28.441105051193915,28.086278946092076,28.190279006958008,1083600,0.0,0.0
2015-04-23 00:00:00-04:00,28.141337272862497,28.33710115227249,28.104630342153705,28.263689041137695,683700,0.0,0.0
2015-04-24 00:00:00-04:00,28.239222935544678,28.490049002142,28.165810812456378,28.45945930480957,868350,0.0,0.0
2015-04-27 00:00:00-04:00,28.465575747657816,28.47781022526972,28.141339337264395,28.226985931396484,1114350,0.0,0.0
2015-04-28 00:00:00-04:00,27.78527257976618,29.300610594615726,27.49079436357565,28.846622467041016,2660400,0.086667,0.0
2015-04-29 00:00:00-04:00,28.754594044121568,29.41716990849952,28.53986819033408,29.411033630371094,3585150,0.0,0.0
2015-04-30 00:00:00-04:00,29.38650066416762,29.55827963219005,28.93251426915127,29.085887908935547,2226450,0.0,0.0
2015-05-01 00:00:00-04:00,29.07975015869257,29.22698925780668,28.90183668607015,29.104290008544922,1678650,0.0,0.0
2015-05-04 00:00:00-04:00,29.10429459603012,29.312882475038943,29.07975474230974,29.17177963256836,922050,0.0,0.0
2015-05-05 00:00:00-04:00,29.110428538148312,29.22085700006593,28.70552008224995,28.791410446166992,1152750,0.0,0.0
2015-05-06 00:00:00-04:00,28.803673875039067,28.957049244217597,28.576680715765487,28.944778442382812,1046400,0.0,0.0
2015-05-07 00:00:00-04:00,28.852754842572807,29.036804591601072,28.723921071390112,29.00613021850586,1206450,0.0,0.0
2015-05-08 00:00:00-04:00,29.190173797685553,29.337412872548846,29.085879891797774,29.116554260253906,999600,0.0,0.0
2015-05-11 00:00:00-04:00,29.079748061385295,29.368091715161455,29.04293741164739,29.18404197692871,666000,0.0,0.0
2015-05-12 00:00:00-04:00,29.06748243193102,29.177912645566042,28.80367857929668,29.141103744506836,572850,0.0,0.0
2015-05-13 00:00:00-04:00,29.226990680376048,29.447849339797095,29.06748077095766,29.11042594909668,767400,0.0,0.0
2015-05-14 00:00:00-04:00,29.226990084600054,29.355823861162307,29.11042535569679,29.220853805541992,605850,0.0,0.0
2015-05-15 00:00:00-04:00,29.202444598204938,29.355818195713812,29.055205523341645,29.116554260253906,604050,0.0,0.0
2015-05-18 00:00:00-04:00,29.14110313177829,29.39263617528496,29.14110313177829,29.3803653717041,666150,0.0,0.0
2015-05-19 00:00:00-04:00,29.337411130126654,29.552136962251133,29.220846430642556,29.453977584838867,727650,0.0,0.0
2015-05-20 00:00:00-04:00,29.435575610097928,29.478519026178105,29.245391355927413,29.25152587890625,681450,0.0,0.0
2015-05-21 00:00:00-04:00,29.19630834151761,29.503057273545,29.15949769737395,29.453977584838867,590550,0.0,0.0
2015-05-22 00:00:00-04:00,29.447851181030273,29.564415919597877,29.42331132844913,29.447851181030273,391950,0.0,0.0
2015-05-26 00:00:00-04:00,29.337418096963077,29.478522674308724,29.067479744976353,29.202449798583984,1195350,0.0,0.0
2015-05-27 00:00:00-04:00,29.177911294035532,29.570547159804427,29.15950596674412,29.546009063720703,733200,0.0,0.0
2015-05-28 00:00:00-04:00,29.552147873444863,29.730061371886485,29.141104889959383,29.668712615966797,891750,0.0,0.0
2015-05-29 00:00:00-04:00,29.625765412699383,29.80981518926497,29.570549426592457,29.77300453186035,1283850,0.0,0.0
2015-06-01 00:00:00-04:00,29.80367298300729,29.9263739798041,29.601221428454913,29.723918914794922,958800,0.0,0.0
2015-06-02 00:00:00-04:00,29.66870271434843,30.018393314751115,29.601217701176175,29.828210830688477,1203900,0.0,0.0
2015-06-03 00:00:00-04:00,29.907975052908206,30.30061270992322,29.83435373698911,30.079755783081055,1548000,0.0,0.0
2015-06-04 00:00:00-04:00,29.950910619971108,30.110422259114742,29.779133445336644,29.926372528076172,849900,0.0,0.0
2015-06-05 00:00:00-04:00,29.926375611945762,29.987724358461637,29.711651488683195,29.963186264038086,863250,0.0,0.0
2015-06-08 00:00:00-04:00,29.92637344730207,30.00612751409531,29.760729035325046,29.8098087310791,733500,0.0,0.0
2015-06-09 00:00:00-04:00,29.791406631469727,30.024536089153383,29.62576220156066,29.791406631469727,894000,0.0,0.0
2015-06-10 00:00:00-04:00,29.889552949687936,30.177894750817178,29.772988271871377,29.94476890563965,803100,0.0,0.0
2015-06-11 00:00:00-04:00,29.999998736263972,30.1165634816303,29.865032172038728,29.993865966796875,534000,0.0,0.0
2015-06-12 00:00:00-04:00,29.907964888858498,29.993855224755585,29.75458953978915,29.828210830688477,281850,0.0,0.0
2015-06-15 00:00:00-04:00,29.53374179024142,29.650306529786114,29.355826541115256,29.472393035888672,607650,0.0,0.0
2015-06-16 00:00:00-04:00,29.4785240338046,29.680979123552905,29.453985937720873,29.546009063720703,614400,0.0,0.0
2015-06-17 00:00:00-04:00,29.644165433902067,29.809809852108323,29.503062619724126,29.742324829101562,603750,0.0,0.0
2015-06-18 00:00:00-04:00,29.772994862513983,29.932506489310395,29.75458953978915,29.828210830688477,748650,0.0,0.0
2015-06-19 00:00:00-04:00,29.8772956632535,29.907970036255396,29.68097686767578,29.68097686767578,1321200,0.0,0.0
2015-06-22 00:00:00-04:00,29.871157811761236,29.871157811761236,29.668706258516348,29.803672790527344,510450,0.0,0.0
2015-06-23 00:00:00-04:00,29.797541733629732,29.8466214327585,29.66257168341138,29.754594802856445,579300,0.0,0.0
2015-06-24 00:00:00-04:00,29.66871256189156,29.748466646533302,29.257667823926496,29.331287384033203,760200,0.0,0.0
2015-06-25 00:00:00-04:00,29.41103837813202,29.423309181141423,29.12883097165868,29.29447364807129,647550,0.0,0.0
2015-06-26 00:00:00-04:00,29.31287804204226,29.60735624215277,29.21472039723395,29.539871215820312,2165550,0.0,0.0
2015-06-29 00:00:00-04:00,29.294476444002974,29.441717318025933,28.877298940752716,28.89570426940918,629700,0.0,0.0
2015-06-30 00:00:00-04:00,29.09201841977114,29.202448618736522,28.809811031710222,28.907970428466797,761550,0.0,0.0
2015-07-01 00:00:00-04:00,29.079748486423373,29.165637078353207,28.828215478708636,28.944778442382812,823800,0.0,0.0
2015-07-02 00:00:00-04:00,28.987729043747688,29.055214078404152,28.852758974434757,28.999998092651367,631050,0.0,0.0
2015-07-06 00:00:00-04:00,28.840484525315006,29.006128941099906,28.81594467687385,28.944778442382812,682950,0.0,0.0
2015-07-07 00:00:00-04:00,28.969318882728622,29.12882877846946,28.81594526564476,29.092018127441406,950400,0.0,0.0
2015-07-08 00:00:00-04:00,28.90797496018754,29.079753931440255,28.86502977856718,28.999998092651367,793800,0.0,0.0
2015-07-09 00:00:00-04:00,29.20244529422884,29.220848862604225,28.81594227469356,28.82207679748535,597300,0.0,0.0
2015-07-10 00:00:00-04:00,28.999991933094087,29.092016801240703,28.883428972351968,28.98158836364746,651300,0.0,0.0
2015-07-13 00:00:00-04:00,29.128828054518657,29.33128136445598,28.957049116190056,29.257661819458008,897450,0.0,0.0
2015-07-14 00:00:00-04:00,29.263791212089586,29.386490432240755,29.23925136805935,29.27606201171875,451800,0.0,0.0
2015-07-15 00:00:00-04:00,29.30674151612332,29.45398236134767,29.153367902851315,29.257661819458008,610200,0.0,0.0
2015-07-16 00:00:00-04:00,29.435578177565862,29.58895004155599,29.435578177565862,29.503063201904297,795750,0.0,0.0
2015-07-17 00:00:00-04:00,29.73619068873979,30.17177523029495,29.693247266673378,30.153369903564453,1086000,0.0,0.0
2015-07-20 00:00:00-04:00,30.202450598115018,30.202450598115018,29.987726459805984,30.01226806640625,1116000,0.0,0.0
2015-07-21 00:00:00-04:00,30.018402428717604,30.049076805753327,29.337421078197966,29.343557357788086,778800,0.0,0.0
2015-07-22 00:00:00-04:00,29.33128137025766,29.503062063848645,29.15950243189508,29.38649559020996,596400,0.0,0.0
2015-07-23 00:00:00-04:00,29.380366354060275,29.515336421819253,29.245398041530017,29.36809730529785,640800,0.0,0.0
2015-07-24 00:00:00-04:00,29.35582809340376,29.521474302509965,29.14110568658624,29.190183639526367,613650,0.0,0.0
2015-07-27 00:00:00-04:00,29.024528215009425,29.165630997706703,28.852747556506912,28.871152877807617,965550,0.0,0.0
2015-07-28 00:00:00-04:00,29.128828596057716,30.9754535338424,28.89569915494912,30.521467208862305,2453250,0.0,0.0
2015-07-29 00:00:00-04:00,30.51533439441744,31.34968934795739,30.33128462999284,31.276071548461914,1894800,0.0,0.0
2015-07-30 00:00:00-04:00,31.141095765011336,31.24539143146098,31.006125728536883,31.01839828491211,927300,0.0,0.0
2015-07-31 00:00:00-04:00,31.153372547824375,31.17791415621307,30.71165519094537,30.75459861755371,1039350,0.0,0.0
2015-08-03 00:00:00-04:00,30.71778156456936,30.73005060957835,30.226984659646124,30.5030574798584,857700,0.0,0.0
2015-08-04 00:00:00-04:00,30.42944504551928,30.730059553701114,30.40490694835938,30.638032913208008,478050,0.0,0.0
2015-08-05 00:00:00-04:00,30.76686814889342,30.950914396635998,30.638030860833595,30.693246841430664,563400,0.0,0.0
2015-08-06 00:00:00-04:00,30.76705413670476,30.76705413670476,30.453355537948127,30.564071655273438,538800,0.086667,0.0
2015-08-07 00:00:00-04:00,30.53948211669922,30.680956109240256,30.434918208738186,30.53948211669922,483300,0.0,0.0
2015-08-10 00:00:00-04:00,30.67479799140674,31.166873698559446,30.65019596585065,31.068458557128906,694800,0.0,0.0
2015-08-11 00:00:00-04:00,30.877779797840116,31.105364366974392,30.748610367769473,31.093063354492188,525300,0.0,0.0
2015-08-12 00:00:00-04:00,30.865475424338136,30.98849257497053,30.379548528373387,30.5025691986084,1060050,0.0,0.0
2015-08-13 00:00:00-04:00,30.391852821120327,30.600987631141212,30.330344239162653,30.514873504638672,568500,0.0,0.0
2015-08-14 00:00:00-04:00,30.545625574362802,30.902379547298025,30.533324562786387,30.834718704223633,327750,0.0,0.0
2015-08-17 00:00:00-04:00,30.73015078816491,31.28373495198714,30.43490543151275,31.265281677246094,817950,0.0,0.0
2015-08-18 00:00:00-04:00,31.148415276280296,31.2775882077312,30.926983004426617,30.9761905670166,800550,0.0,0.0
2015-08-19 00:00:00-04:00,30.74860271616443,30.791658008939592,30.274976897627017,30.434904098510742,756000,0.0,0.0
2015-08-20 00:00:00-04:00,30.28727812565635,30.656333005283283,30.01048608603572,30.02278709411621,582600,0.0,0.0
2015-08-21 00:00:00-04:00,29.733692081547506,29.881314745037617,29.389239200070588,29.3953914642334,900150,0.0,0.0
2015-08-24 00:00:00-04:00,28.28821837506397,29.24161513778122,28.19595377484597,28.343576431274414,1125900,0.0,0.0
2015-08-25 00:00:00-04:00,28.823363261841326,28.915627901487365,28.202118090507796,28.220569610595703,972150,0.0,0.0
2015-08-26 00:00:00-04:00,28.774154633862977,28.78030514033348,28.109852420406504,28.64498519897461,1178100,0.0,0.0
2015-08-27 00:00:00-04:00,28.921769611014994,29.266222518439385,28.73108988302622,29.253921508789062,697050,0.0,0.0
2015-08-28 00:00:00-04:00,29.20471419228273,29.340034098561667,29.063242021326616,29.192411422729492,722700,0.0,0.0
2015-08-31 00:00:00-04:00,29.07554279045061,29.549168617811063,28.915619106189833,29.253921508789062,866550,0.0,0.0
2015-09-01 00:00:00-04:00,28.823351389381354,29.02018160099018,28.62037067360998,28.651124954223633,831450,0.0,0.0
2015-09-02 00:00:00-04:00,28.921770291119827,29.063242464231884,28.5281098162349,28.891016006469727,868800,0.0,0.0
2015-09-03 00:00:00-04:00,29.014036926124575,29.407697428433735,28.983282639331986,29.309282302856445,612600,0.0,0.0
2015-09-04 00:00:00-04:00,29.044791039903735,29.376942966649164,28.915621628303292,29.290830612182617,868350,0.0,0.0
2015-09-08 00:00:00-04:00,29.702939120545313,29.942828159133533,29.56761745976243,29.887468338012695,577050,0.0,0.0
2015-09-09 00:00:00-04:00,30.065854389888155,30.133515240755838,29.512270089556605,29.561477661132812,1108950,0.0,0.0
2015-09-10 00:00:00-04:00,29.512263050109965,29.881317989100697,29.395394655542248,29.6783390045166,1074300,0.0,0.0
2015-09-11 00:00:00-04:00,29.592221710278697,29.88131477337021,29.555315164470695,29.81365394592285,740700,0.0,0.0
2015-09-14 00:00:00-04:00,29.83211717323663,29.881324744199617,29.66604118128615,29.86287498474121,494250,0.0,0.0
2015-09-15 00:00:00-04:00,29.869032937666624,30.15197743781444,29.746015732144034,30.10276985168457,444900,0.0,0.0
2015-09-16 00:00:00-04:00,30.15196149720888,30.348791737669035,30.065847387106984,30.274978637695312,813300,0.0,0.0
2015-09-17 00:00:00-04:00,30.3118936447603,30.447215352732258,30.084309055681988,30.15196990966797,839400,0.0,0.0
2015-09-18 00:00:00-04:00,29.856712474606766,30.164258807704762,29.78289938368619,29.905920028686523,1266450,0.0,0.0
2015-09-21 00:00:00-04:00,30.016639768484076,30.34879167851374,29.91207238359257,30.145809173583984,381450,0.0,0.0
2015-09-22 00:00:00-04:00,29.813659887677957,29.992040388099916,29.702943747790552,29.893625259399414,513600,0.0,0.0
2015-09-23 00:00:00-04:00,29.93052337428877,30.059696289132678,29.83826052614517,29.998184204101562,638250,0.0,0.0
2015-09-24 00:00:00-04:00,29.832114063351185,29.97358801487359,29.604529511322575,29.709096908569336,840900,0.0,0.0
2015-09-25 00:00:00-04:00,29.844412204551602,30.04739117040256,29.7459970939566,29.881315231323242,557550,0.0,0.0
2015-09-28 00:00:00-04:00,29.77676230168041,29.79521206203478,29.456911315086757,29.555326461791992,782700,0.0,0.0
2015-09-29 00:00:00-04:00,29.52456583000708,29.69064179436907,29.210867177279155,29.309282302856445,956850,0.0,0.0
2015-09-30 00:00:00-04:00,29.475353780019347,29.936675050883675,29.46305101129448,29.881315231323242,851250,0.0,0.0
2015-10-01 00:00:00-04:00,29.887473239202134,30.053549210197048,29.622982138699317,29.992040634155273,746250,0.0,0.0
2015-10-02 00:00:00-04:00,29.629136480302627,30.299589157104492,29.629136480302627,30.299589157104492,684000,0.0,0.0
2015-10-05 00:00:00-04:00,30.496406610117226,30.93927453776652,30.496406610117226,30.89621925354004,723300,0.0,0.0
2015-10-06 00:00:00-04:00,30.853175246612597,31.006950226201543,30.637895202632432,30.717853546142578,423750,0.0,0.0
2015-10-07 00:00:00-04:00,30.828572536447233,31.154572247903584,30.73630614290098,31.000797271728516,854100,0.0,0.0
2015-10-08 00:00:00-04:00,31.013101940752254,31.66510136654128,31.00079740848978,31.62819480895996,677400,0.0,0.0
2015-10-09 00:00:00-04:00,31.634346647263516,31.806571380975384,31.443668635010557,31.671253204345703,546150,0.0,0.0
2015-10-12 00:00:00-04:00,31.622057588581402,31.923451866411373,31.517490143854154,31.806583404541016,362250,0.0,0.0
2015-10-13 00:00:00-04:00,31.683544603243195,31.984942195290998,31.52976967512865,31.54207420349121,441750,0.0,0.0
2015-10-14 00:00:00-04:00,31.517471739237333,31.517471739237333,31.22837864736628,31.265281677246094,368100,0.0,0.0
2015-10-15 00:00:00-04:00,31.332952088396638,31.529782386326243,31.203782645330755,31.50518035888672,324900,0.0,0.0
2015-10-16 00:00:00-04:00,31.60359243085629,31.695855304176614,31.388308873505842,31.480571746826172,630450,0.0,0.0
2015-10-19 00:00:00-04:00,31.382158738557763,31.708161989554597,31.173027433068093,31.689708709716797,297600,0.0,0.0
2015-10-20 00:00:00-04:00,31.50518945214917,31.92345219617001,31.431376309319393,31.69586753845215,533550,0.0,0.0
2015-10-21 00:00:00-04:00,31.868083482646696,32.046460482406594,31.628194381215486,31.671253204345703,772800,0.0,0.0
2015-10-22 00:00:00-04:00,31.984964289225534,32.17564237533474,31.874244575093385,31.954206466674805,577650,0.0,0.0
2015-10-23 00:00:00-04:00,32.0649262133923,32.12643481934753,31.443680846193935,31.69586753845215,518550,0.0,0.0
2015-10-26 00:00:00-04:00,31.689711574865314,31.843483054744457,31.511331026839798,31.63435173034668,961950,0.0,0.0
2015-10-27 00:00:00-04:00,32.01570082865548,33.09211843256304,31.984946542772757,32.686153411865234,1868250,0.0,0.0
2015-10-28 00:00:00-04:00,32.87683181619124,33.522682386865306,32.704607109106306,33.49192810058594,897600,0.0,0.0
2015-10-29 00:00:00-04:00,33.362760216740774,33.670306613207345,33.239743065995185,33.66415786743164,911250,0.0,0.0
2015-10-30 00:00:00-04:00,33.62110740245153,33.79948442711355,33.44888264469641,33.51039123535156,908550,0.0,0.0
2015-11-02 00:00:00-05:00,33.491925580779494,33.72566236244015,33.33815064134965,33.565738677978516,695700,0.0,0.0
2015-11-03 00:00:00-05:00,33.516536070652776,33.66415876725492,33.30740127743105,33.47962951660156,558300,0.0,0.0
2015-11-04 00:00:00-05:00,33.491934093472665,33.86099263406755,33.37506567293772,33.830238342285156,1105950,0.0,0.0
2015-11-05 00:00:00-05:00,33.981341086190525,34.17869169784235,33.82715959749731,34.00600814819336,1034700,0.096667,0.0
2015-11-06 00:00:00-05:00,34.01834070724955,34.51171717110212,33.78398600469287,34.369869232177734,821400,0.0,0.0
2015-11-09 00:00:00-05:00,34.28353005544918,34.46237857756698,33.993669185335435,34.13551712036133,1106250,0.0,0.0
2015-11-10 00:00:00-05:00,34.00600278090161,34.14785071620504,33.82715425843388,34.043006896972656,691650,0.0,0.0
2015-11-11 00:00:00-05:00,34.154009400064304,34.351359944070865,34.080004710514885,34.10467529296875,488850,0.0,0.0
2015-11-12 00:00:00-05:00,34.055333957312,34.055333957312,33.38927763908241,33.407779693603516,663300,0.0,0.0
2015-11-13 00:00:00-05:00,33.352277992111,33.54962856153083,32.99458096726418,33.04391860961914,1256400,0.0,0.0
2015-11-16 00:00:00-05:00,32.994570281674825,33.19808578491211,32.90822855328956,33.19808578491211,1662600,0.0,0.0
2015-11-17 00:00:00-05:00,33.204265657727156,33.222767715053834,32.98224449871359,33.11175537109375,766950,0.0,0.0
2015-11-18 00:00:00-05:00,33.17959915934337,33.46328796604582,33.093257400000304,33.45095443725586,1052850,0.0,0.0
2015-11-19 00:00:00-05:00,33.52495943631176,33.814816743922954,33.32144035081476,33.7901496887207,684600,0.0,0.0
2015-11-20 00:00:00-05:00,33.79631427752641,34.32669477590149,33.70997252755473,34.055335998535156,611850,0.0,0.0
2015-11-23 00:00:00-05:00,34.05533561809776,34.20951706068863,33.75314478993213,33.88882064819336,497400,0.0,0.0
2015-11-24 00:00:00-05:00,33.820985971730366,34.10467828586206,33.5434586570736,33.94432830810547,596550,0.0,0.0
2015-11-25 00:00:00-05:00,33.97515645539324,34.092333766644536,33.74697035992173,33.765472412109375,393900,0.0,0.0
2015-11-27 00:00:00-05:00,33.91965943439628,34.06150381940647,33.75930946523399,33.90115737915039,330600,0.0,0.0
2015-11-30 00:00:00-05:00,33.93816255515308,34.06767341703416,33.59896407983947,33.611297607421875,709950,0.0,0.0
2015-12-01 00:00:00-05:00,33.75314473656457,34.07383761964655,33.561959183429174,33.98133087158203,762450,0.0,0.0
2015-12-02 00:00:00-05:00,33.94433499523776,34.20335677577863,33.92583293535526,33.9690055847168,585450,0.0,0.0
2015-12-03 00:00:00-05:00,34.06149850934602,34.135506718791966,33.093247961799285,33.22892379760742,620700,0.0,0.0
2015-12-04 00:00:00-05:00,33.30292926508133,34.05532717833681,33.21658753747183,33.90731430053711,849300,0.0,0.0
2015-12-07 00:00:00-05:00,33.808647643485244,34.067672892162996,33.524958868928984,34.06150436401367,1179000,0.0,0.0
2015-12-08 00:00:00-05:00,33.83331525861841,33.97515963345103,33.555791507655336,33.87031936645508,1417200,0.0,0.0
2015-12-09 00:00:00-05:00,33.709956342146555,33.99364851075299,33.185744623643885,33.29058837890625,698850,0.0,0.0
2015-12-10 00:00:00-05:00,33.321439533259834,33.83331796966373,33.19192867435983,33.629798889160156,717150,0.0,0.0
2015-12-11 00:00:00-05:00,33.450954749118836,33.54963003817181,32.80339684136868,32.92057418823242,724050,0.0,0.0
2015-12-14 00:00:00-05:00,32.95757387319492,33.130253841370006,32.62454393518541,32.93290328979492,1695900,0.0,0.0
2015-12-15 00:00:00-05:00,33.14260118411528,33.80865773795452,33.056259408776405,33.74081802368164,1157100,0.0,0.0
2015-12-16 00:00:00-05:00,33.95666423350012,34.493209730886704,33.857985427218864,34.40686798095703,1475850,0.0,0.0
2015-12-17 00:00:00-05:00,34.659724553872834,34.79540394190791,34.03066878107957,34.06150436401367,1517850,0.0,0.0
2015-12-18 00:00:00-05:00,33.87032080100939,34.265021890901906,33.87032080100939,34.098506927490234,2545350,0.0,0.0
2015-12-21 00:00:00-05:00,34.234187699666265,34.406867669053966,33.82098453829101,34.06767272949219,875400,0.0,0.0
2015-12-22 00:00:00-05:00,34.154017727244195,34.154017727244195,33.82099124971663,33.999839782714844,631350,0.0,0.0
2015-12-23 00:00:00-05:00,34.049170836621286,34.25268991867389,33.90732292043688,34.06150436401367,926400,0.0,0.0
2015-12-24 00:00:00-05:00,34.166348299411226,34.82007112948231,34.092340076962124,34.758399963378906,968550,0.0,0.0
2015-12-28 00:00:00-05:00,34.69055246277766,34.9434091273707,34.511704003979844,34.93724060058594,749250,0.0,0.0
2015-12-29 00:00:00-05:00,35.09759130294888,35.43678973951007,35.060590724428856,35.3627815246582,534600,0.0,0.0
2015-12-30 00:00:00-05:00,35.233279404621705,35.5539758669043,34.992759704589844,34.992759704589844,755550,0.0,0.0
2015-12-31 00:00:00-05:00,34.93108471251107,35.208612055752184,34.71523560162294,34.733734130859375,2415750,0.0,0.0
2016-01-04 00:00:00-05:00,34.36370210461201,34.36370210461201,33.54346069644186,33.808650970458984,1254750,0.0,0.0
2016-01-05 00:00:00-05:00,33.808646331944885,34.0800050974882,33.70380605981726,33.91965866088867,1521150,0.0,0.0
2016-01-06 00:00:00-05:00,33.4756228291827,33.91966159667149,33.41394813146277,33.85182189941406,1153500,0.0,0.0
2016-01-07 00:00:00-05:00,33.33376637668244,34.96807663439318,33.25976169882406,34.314353942871094,2169150,0.0,0.0
2016-01-08 00:00:00-05:00,34.44387009532732,34.474705676606035,33.27210036220586,33.315269470214844,2229450,0.0,0.0
2016-01-11 00:00:00-05:00,33.44477816187608,33.59895958721219,33.17342294681531,33.36460494995117,1666200,0.0,0.0
2016-01-12 00:00:00-05:00,33.549619830811025,33.55578835784009,32.95139974959383,33.24126052856445,1983900,0.0,0.0
2016-01-13 00:00:00-05:00,33.28443588018785,33.42628026833703,32.18050577139903,32.31001663208008,1238700,0.0,0.0
2016-01-14 00:00:00-05:00,32.38402825168671,32.51970412588066,32.020162686411425,32.23601531982422,2370150,0.0,0.0
2016-01-15 00:00:00-05:00,31.680948815644825,31.95230749025632,31.230741709541636,31.44659423828125,2272950,0.0,0.0
2016-01-19 00:00:00-05:00,31.82896780630586,33.90115177554831,31.82896780630586,33.765472412109375,12849150,0.0,0.0
2016-01-20 00:00:00-05:00,33.62980588369286,36.05351918280867,33.32144646365806,35.732826232910156,8475150,0.0,0.0
2016-01-21 00:00:00-05:00,35.7451567229651,36.91076165418295,35.59097526160598,35.71432113647461,4983300,0.0,0.0
2016-01-22 00:00:00-05:00,36.14602190204173,36.69490444834936,35.97950693261238,36.42971420288086,4070250,0.0,0.0
2016-01-25 00:00:00-05:00,36.41121522698377,36.51605551107583,35.85616410564048,36.09668731689453,3140550,0.0,0.0
2016-01-26 00:00:00-05:00,36.15219133937221,36.79358064975784,35.81916139213771,36.75657653808594,3039300,0.0,0.0
2016-01-27 00:00:00-05:00,36.75040635756848,37.15127598187657,36.23236293307792,36.35570526123047,2207550,0.0,0.0
2016-01-28 00:00:00-05:00,36.57773695771203,36.781252563729666,36.041187794331044,36.38038635253906,1261800,0.0,0.0
2016-01-29 00:00:00-05:00,36.479050396967004,36.98476028442383,36.18918957950902,36.98476028442383,2474550,0.0,0.0
2016-02-01 00:00:00-05:00,36.713410199322894,36.95392988553941,36.337207583761796,36.694908142089844,1348200,0.0,0.0
2016-02-02 00:00:00-05:00,36.46055496335016,36.59006584043031,35.83766763600908,36.22003173828125,1258800,0.0,0.0
2016-02-03 00:00:00-05:00,36.491374791215215,36.744231436115314,35.86231920656975,36.670223236083984,1391100,0.0,0.0
2016-02-04 00:00:00-05:00,36.50988494228511,37.2006118276164,36.50988494228511,36.92308807373047,1737150,0.0,0.0
2016-02-05 00:00:00-05:00,36.9107692403326,36.9107692403326,35.78216819250832,35.8931770324707,1474350,0.0,0.0
2016-02-08 00:00:00-05:00,35.51696607484365,35.58480576811882,34.9310794187882,35.2086067199707,1748100,0.0,0.0
2016-02-09 00:00:00-05:00,34.98041409737686,35.53546512387826,34.49937128597135,35.44912338256836,2700300,0.0,0.0
2016-02-10 00:00:00-05:00,35.65263870031816,35.973331521633156,35.405950557419864,35.7081413269043,1607700,0.0,0.0
2016-02-11 00:00:00-05:00,35.1099319675823,35.967173880613544,35.1099319675823,35.72048568725586,2750250,0.0,0.0
2016-02-12 00:00:00-05:00,36.226211443139974,37.194466113279795,36.08436699327056,37.00944900512695,3374550,0.0,0.0
2016-02-16 00:00:00-05:00,37.4658088804808,37.99002090319884,37.45964035168397,37.724830627441406,3223050,0.0,0.0
2016-02-17 00:00:00-05:00,37.92835061508751,38.56357499751774,37.743333564842324,38.051692962646484,1444350,0.0,0.0
2016-02-18 00:00:00-05:00,38.15653940182309,38.85960353526054,37.965357338413426,38.69308853149414,1841100,0.0,0.0
2016-02-19 00:00:00-05:00,38.51423028221901,38.686913787610486,37.946849183589315,38.31071472167969,1412100,0.0,0.0
2016-02-22 00:00:00-05:00,38.3107101756889,38.54506482138008,37.206780164570894,37.80500030517578,3048750,0.0,0.0
2016-02-23 00:00:00-05:00,37.71249402612368,37.84817341734632,37.243784685138706,37.447303771972656,1785600,0.0,0.0
2016-02-24 00:00:00-05:00,37.27460501726757,38.34770265138427,37.27460501726757,38.24285888671875,2350800,0.0,0.0
2016-02-25 00:00:00-05:00,38.38471339027925,38.87809324439358,38.29220665264235,38.5327262878418,1209900,0.0,0.0
2016-02-26 00:00:00-05:00,38.77071086335674,39.64849170935316,38.62853656217233,38.81398391723633,2109000,0.096667,0.0
2016-02-29 00:00:00-05:00,38.949998643369184,39.055082819437814,38.016582056102585,38.12166976928711,9801750,0.0,0.0
2016-03-01 00:00:00-05:00,38.33183395549508,39.16634554045749,38.282381548131205,39.14780044555664,2032800,0.0,0.0
2016-03-02 00:00:00-05:00,38.9747227427677,39.351796979257344,38.72127777989361,39.1107177734375,1457250,0.0,0.0
2016-03-03 00:00:00-05:00,39.07980705811917,39.45688126183258,38.542009860713776,39.44451904296875,1117500,0.0,0.0
2016-03-04 00:00:00-05:00,39.48778116164484,39.56196153512766,39.08597905854767,39.19106674194336,1026000,0.0,0.0
2016-03-07 00:00:00-05:00,39.036531986948766,39.50014877319336,38.90671985273874,39.50014877319336,2205600,0.0,0.0
2016-03-08 00:00:00-05:00,39.35796819342416,39.79685693664992,39.12306839863187,39.47541809082031,1174800,0.0,0.0
2016-03-09 00:00:00-05:00,39.74123001098633,39.92667742603909,39.568144813706354,39.74123001098633,1215600,0.0,0.0
2016-03-10 00:00:00-05:00,39.96376037597656,40.17393574421351,39.61141421085446,39.96376037597656,906750,0.0,0.0
2016-03-11 00:00:00-05:00,40.18012036196384,40.334660470006156,39.889588778928896,40.05030822753906,1094550,0.0,0.0
2016-03-14 00:00:00-04:00,39.667032328518275,39.84011745030357,39.38886309582604,39.61140060424805,1452300,0.0,0.0
2016-03-15 00:00:00-04:00,39.35796885310082,40.081209805454456,39.35796885310082,39.95758056640625,751950,0.0,0.0
2016-03-16 00:00:00-04:00,39.914296143648826,40.18010317649303,39.685579286809364,40.14301300048828,1067550,0.0,0.0
2016-03-17 00:00:00-04:00,40.18011488641262,40.95281178420943,40.09357583333281,40.73027420043945,1666800,0.0,0.0
2016-03-18 00:00:00-04:00,40.619009309739695,40.872454216789826,40.37792661990503,40.38410949707031,1836600,0.0,0.0
2016-03-21 00:00:00-04:00,40.34084234337688,40.55719707440367,40.22339243012717,40.297569274902344,805500,0.0,0.0
2016-03-22 00:00:00-04:00,40.32230234588285,40.365571882712686,40.01940497672674,40.23575973510742,854850,0.0,0.0
2016-03-23 00:00:00-04:00,40.22956678267923,40.29756427860972,39.87722062373104,39.883399963378906,735450,0.0,0.0
2016-03-24 00:00:00-04:00,39.84630937645796,39.99466658323809,39.53104986991082,39.988487243652344,945900,0.0,0.0
2016-03-28 00:00:00-04:00,39.87103527965819,39.92048767935515,39.45068811367669,39.53104782104492,857250,0.0,0.0
2016-03-29 00:00:00-04:00,39.611420356319506,40.340844307213516,39.51251553372762,40.31611633300781,1157100,0.0,0.0
2016-03-30 00:00:00-04:00,40.38409803191745,40.47681994038212,39.66085724197363,39.908119201660156,1156200,0.0,0.0
2016-03-31 00:00:00-04:00,39.86485192275086,40.32228926726983,39.753584909052556,39.92667007446289,2441250,0.0,0.0
2016-04-01 00:00:00-04:00,39.87104074094757,40.11830277330081,39.67941045517686,40.09357833862305,2086350,0.0,0.0
2016-04-04 00:00:00-04:00,40.013221229742115,40.18630644753534,39.784504256820526,39.895774841308594,1315350,0.0,0.0
2016-04-05 00:00:00-04:00,38.628542273204296,38.94380176228835,37.03988261218245,38.90671157836914,7008600,0.0,0.0
2016-04-06 00:00:00-04:00,39.388885886790376,39.43215896083196,38.75218382974201,39.17253112792969,1648650,0.0,0.0
2016-04-07 00:00:00-04:00,39.09217005969266,39.58051485430491,38.87581530822379,39.56196975708008,3064050,0.0,0.0
2016-04-08 00:00:00-04:00,39.72887198737136,40.07503888136075,39.500151480295074,39.524879455566406,928050,0.0,0.0
2016-04-11 00:00:00-04:00,39.57432899465226,39.895771427139096,39.35179138183594,39.35179138183594,650550,0.0,0.0
2016-04-12 00:00:00-04:00,39.388881734886965,39.68559619511427,39.23434162710031,39.50014877319336,906150,0.0,0.0
2016-04-13 00:00:00-04:00,39.57431853531456,40.17393017251027,39.57431853531456,40.01939010620117,1036950,0.0,0.0
2016-04-14 00:00:00-04:00,40.03794701844382,40.14921405973878,39.765956987372306,39.80304718017578,892500,0.0,0.0
2016-04-15 00:00:00-04:00,39.401237970669804,40.00703255449021,39.17870392784525,39.735042572021484,750900,0.0,0.0
2016-04-18 00:00:00-04:00,39.623763150184246,39.9390225597863,39.5310377137638,39.87102508544922,905100,0.0,0.0
2016-04-19 00:00:00-04:00,40.03176308013225,40.17394096974068,39.82159122167263,39.93904113769531,1590300,0.0,0.0
2016-04-20 00:00:00-04:00,40.00703563077747,40.3161122860731,39.75977359911794,40.056488037109375,898350,0.0,0.0
2016-04-21 00:00:00-04:00,40.04410872382027,40.20482809150445,39.623761680899804,39.784481048583984,923700,0.0,0.0
2016-04-22 00:00:00-04:00,39.75976793617185,40.18011156156634,39.747405720628386,40.14920425415039,787500,0.0,0.0
2016-04-25 00:00:00-04:00,40.013221229742115,40.1183089360534,39.80923223241198,39.895774841308594,835500,0.0,0.0
2016-04-26 00:00:00-04:00,40.062665208231564,40.21720174531133,39.877217826621234,40.14920425415039,1027350,0.0,0.0
2016-04-27 00:00:00-04:00,40.217203314740715,40.39028848756203,39.87103650621283,40.2728385925293,1343550,0.0,0.0
2016-04-28 00:00:00-04:00,39.994672254764076,41.58333576618456,39.75977596355503,41.54624557495117,2497350,0.0,0.0
2016-04-29 00:00:00-04:00,41.44401664566232,41.81571329283676,40.92364559333244,41.67942428588867,1435500,0.096667,0.0
2016-05-02 00:00:00-04:00,41.629859609770385,42.082089645167514,41.524548290946356,42.07589340209961,1487100,0.0,0.0
2016-05-03 00:00:00-04:00,42.001578106729006,42.11928197305408,41.72899998581551,42.007774353027344,1055550,0.0,0.0
2016-05-04 00:00:00-04:00,41.85289862144313,42.17503252232184,41.66705023144831,41.95820999145508,1054950,0.0,0.0
2016-05-05 00:00:00-04:00,42.175017295124285,42.540517697071145,42.0511207763691,42.069705963134766,1008000,0.0,0.0
2016-05-06 00:00:00-04:00,42.069714295954874,42.53433342283856,41.933425262519634,42.490966796875,880200,0.0,0.0
2016-05-09 00:00:00-04:00,42.614862797517794,43.0113373696559,42.348481001267224,42.80690383911133,978600,0.0,0.0
2016-05-10 00:00:00-04:00,42.85027397752031,43.153822631248524,42.85027397752031,43.10426330566406,694350,0.0,0.0
2016-05-11 00:00:00-04:00,43.11046092612444,43.28392034358571,42.943197753844885,43.00514602661133,628650,0.0,0.0
2016-05-12 00:00:00-04:00,43.25913494370335,43.581272313143636,42.96177900795648,43.17240524291992,1071450,0.0,0.0
2016-05-13 00:00:00-04:00,42.89365084523368,43.21578833745717,42.794532162205485,43.20339584350586,691200,0.0,0.0
2016-05-16 00:00:00-04:00,43.18481083769765,43.475974185853715,42.992769717770415,43.0361328125,610800,0.0,0.0
2016-05-17 00:00:00-04:00,42.97417101927128,43.017534100376416,42.57769640998107,42.713985443115234,1311300,0.0,0.0
2016-05-18 00:00:00-04:00,42.713985890982855,42.81310454434469,42.12546667117028,42.249366760253906,1278000,0.0,0.0
2016-05-19 00:00:00-04:00,42.13166743553638,42.91842404646392,41.85289663614925,42.7635498046875,1096200,0.0,0.0
2016-05-20 00:00:00-04:00,43.017538324944994,44.076873013532946,42.943201100784044,43.50693893432617,1537650,0.0,0.0
2016-05-23 00:00:00-04:00,43.42640110484219,43.463571485572544,42.633451887995285,42.93700408935547,990600,0.0,0.0
2016-05-24 00:00:00-04:00,42.875055565641084,43.38923405601992,42.875055565641084,43.34587097167969,1257750,0.0,0.0
2016-05-25 00:00:00-04:00,43.35205993379678,43.45117858496618,41.86528016625573,41.88386535644531,2600550,0.0,0.0
2016-05-26 00:00:00-04:00,42.10069846456143,42.1502578026424,41.21482308088697,41.444034576416016,3833850,0.0,0.0
2016-05-27 00:00:00-04:00,41.72279816580151,42.55291420542759,41.41924596926404,42.21839141845703,2065650,0.0,0.0
2016-05-31 00:00:00-04:00,42.007756229720606,42.09448237190128,40.273176669918435,40.558143615722656,46882200,0.0,0.0
2016-06-01 00:00:00-04:00,40.5767354520939,41.69801468820572,40.5767354520939,41.61748123168945,5386800,0.0,0.0
2016-06-02 00:00:00-04:00,41.62367771748523,43.07948694612012,41.62367771748523,42.856468200683594,5578350,0.0,0.0
2016-06-03 00:00:00-04:00,43.13523845443987,44.33086208630246,42.819300848083834,43.581275939941406,6020250,0.0,0.0
2016-06-06 00:00:00-04:00,43.58746843447206,44.9689368765467,43.58746843447206,44.91318130493164,10735500,0.0,0.0
2016-06-07 00:00:00-04:00,44.87600692887088,45.57603368285909,44.714940018227296,45.322044372558594,2773200,0.0,0.0
2016-06-08 00:00:00-04:00,45.47071804137714,45.9848964026936,45.34062173148575,45.675148010253906,3392250,0.0,0.0
2016-06-09 00:00:00-04:00,45.29106410482245,45.526468194354436,44.65918194740715,45.09282684326172,2187300,0.0,0.0
2016-06-10 00:00:00-04:00,45.222931778386865,45.761888149072064,44.72114224567931,45.532676696777344,1616250,0.0,0.0
2016-06-13 00:00:00-04:00,45.00610360904902,45.18575571000546,44.47334000601537,44.80167007446289,2309550,0.0,0.0
2016-06-14 00:00:00-04:00,44.51670518701347,45.668962148077156,44.49192729697556,45.16097640991211,2305950,0.0,0.0
2016-06-15 00:00:00-04:00,45.11142609499054,45.34063757505208,44.93177394966565,45.061866760253906,2164200,0.0,0.0
2016-06-16 00:00:00-04:00,44.72733291532756,45.04327406474953,44.38041762994927,44.87601089477539,1541700,0.0,0.0
2016-06-17 00:00:00-04:00,44.73972634246854,44.90698951594555,43.67419902839658,43.983943939208984,2775000,0.0,0.0
2016-06-20 00:00:00-04:00,44.324656492269426,44.522893757452515,43.85384121507863,44.01491165161133,1828350,0.0,0.0
2016-06-21 00:00:00-04:00,44.01492455437524,44.182184194238154,43.4511831783956,43.63703155517578,2117850,0.0,0.0
2016-06-22 00:00:00-04:00,43.816682708407335,43.816682708407335,43.345870848469886,43.5503044128418,1504050,0.0,0.0
2016-06-23 00:00:00-04:00,43.7733117179712,44.11403071895508,43.55029654690305,43.58746337890625,1676250,0.0,0.0
2016-06-24 00:00:00-04:00,42.59009022643559,43.88482909976651,42.59009022643559,42.949398040771484,2884050,0.0,0.0
2016-06-27 00:00:00-04:00,42.837885494665585,43.2467526275553,42.286540161441486,43.029930114746094,1557900,0.0,0.0
2016-06-28 00:00:00-04:00,43.33966286541476,44.13261192614711,43.33966286541476,44.01491165161133,1765050,0.0,0.0
2016-06-29 00:00:00-04:00,44.35563870965956,45.05566550926584,44.237934868899764,44.714942932128906,2374800,0.0,0.0
2016-06-30 00:00:00-04:00,44.65919229397163,44.82025922011497,44.219351052505935,44.6344108581543,1793250,0.0,0.0
2016-07-01 00:00:00-04:00,44.75832502393192,44.91939200072982,44.17600186385818,44.54769515991211,927750,0.0,0.0
2016-07-05 00:00:00-04:00,44.721138983646554,45.35302126509233,44.708750038557675,45.14239501953125,1605150,0.0,0.0
2016-07-06 00:00:00-04:00,45.043276415719816,45.26629516891304,44.71494630373112,45.21673583984375,975000,0.0,0.0
2016-07-07 00:00:00-04:00,45.31586356585639,45.749508668177405,44.99992233672329,45.1547966003418,889650,0.0,0.0
2016-07-08 00:00:00-04:00,45.2353208841256,45.64418446142593,45.03708356849358,45.38399887084961,791250,0.0,0.0
2016-07-11 00:00:00-04:00,45.377798826469736,45.68754726478507,45.34062844670989,45.40258026123047,639900,0.0,0.0
2016-07-12 00:00:00-04:00,45.58223021164595,45.68134885646967,45.0122962315284,45.024688720703125,940950,0.0,0.0
2016-07-13 00:00:00-04:00,45.02469720144554,45.668968514153086,44.8822119071968,45.334442138671875,1163100,0.0,0.0
2016-07-14 00:00:00-04:00,45.68755210953652,46.05924531226209,45.297270170197336,45.52648162841797,1228950,0.0,0.0
2016-07-15 00:00:00-04:00,45.6627799625628,45.6627799625628,45.21054965488705,45.35303497314453,1296300,0.0,0.0
2016-07-18 00:00:00-04:00,45.563651170678284,45.75569578641383,45.13620240029443,45.25390625,628500,0.0,0.0
2016-07-19 00:00:00-04:00,45.01230076716707,45.483116149902344,44.987522875845585,45.483116149902344,719100,0.0,0.0
2016-07-20 00:00:00-04:00,45.41497119645075,46.009683119620234,45.36541186951996,45.9663200378418,979500,0.0,0.0
2016-07-21 00:00:00-04:00,45.95393109229977,45.99109792892585,45.47072676853389,45.9663200378418,925350,0.0,0.0
2016-07-22 00:00:00-04:00,45.79286697804214,45.953937471498584,45.44595164136878,45.86101150512695,798300,0.0,0.0
2016-07-25 00:00:00-04:00,45.63180761194005,45.86721537284809,45.501714782165536,45.84243392944336,1025400,0.0,0.0
2016-07-26 00:00:00-04:00,45.792864255469475,46.17075725497488,45.792864255469475,46.1150016784668,1263150,0.0,0.0
2016-07-27 00:00:00-04:00,46.35040969760057,46.40616172972019,45.22293402668104,45.78047561645508,889650,0.0,0.0
2016-07-28 00:00:00-04:00,45.752549560647886,46.20566891916537,45.752549560647886,46.124977111816406,785850,0.096667,0.0
2016-07-29 00:00:00-04:00,46.02566349663154,46.28015577457249,45.752549485989306,46.23049545288086,1341150,0.0,0.0
2016-08-01 00:00:00-04:00,46.422916962401196,46.422916962401196,45.90772753780786,46.056697845458984,539850,0.0,0.0
2016-08-02 00:00:00-04:00,46.11255704972736,46.21807545076722,45.46701558207107,45.61598587036133,778350,0.0,0.0
2016-08-03 00:00:00-04:00,45.47943513074497,45.50426173773148,45.044937542892626,45.24356460571289,1035450,0.0,0.0
2016-08-04 00:00:00-04:00,45.6780464345811,47.521554557268566,45.6780464345811,47.080848693847656,3776850,0.0,0.0
2016-08-05 00:00:00-04:00,47.2546562148017,48.35951814921937,46.987750707009035,48.14227294921875,2161350,0.0,0.0
2016-08-08 00:00:00-04:00,48.142281029657674,48.160899208540464,47.71398832898246,47.8815803527832,1252500,0.0,0.0
2016-08-09 00:00:00-04:00,47.95605556326476,48.65125009501686,47.68915007585784,48.47124481201172,1240650,0.0,0.0
2016-08-10 00:00:00-04:00,48.719524276105886,49.135399983635025,48.278818418767315,49.0609130859375,889350,0.0,0.0
2016-08-11 00:00:00-04:00,49.37127042403617,49.47678879346664,48.83125107092141,49.0609130859375,786600,0.0,0.0
2016-08-12 00:00:00-04:00,48.887126775681615,49.23472408577927,48.53952591385242,48.66366958618164,581250,0.0,0.0
2016-08-15 00:00:00-04:00,48.67608357525929,48.998854286487926,48.316072958364394,48.40297317504883,854400,0.0,0.0
2016-08-16 00:00:00-04:00,48.384348654248825,48.77539427916544,47.96847287525599,47.999507904052734,869400,0.0,0.0
2016-08-17 00:00:00-04:00,47.98709492650118,48.45883233981696,47.962264772257505,48.43400573730469,856650,0.0,0.0
2016-08-18 00:00:00-04:00,48.34089705153854,48.6326327170281,47.98088645334094,48.53952407836914,749700,0.0,0.0
2016-08-19 00:00:00-04:00,48.34709778442056,49.06712241796768,48.34709778442056,48.787803649902344,867600,0.0,0.0
2016-08-22 00:00:00-04:00,48.68229243756877,48.80022768589589,48.40297360804942,48.601600646972656,791100,0.0,0.0
2016-08-23 00:00:00-04:00,48.5891877737191,48.79401968958384,48.17951683852632,48.34090042114258,1179450,0.0,0.0
2016-08-24 00:00:00-04:00,48.14848002894962,48.19813678728445,47.869161207282666,48.111236572265625,792450,0.0,0.0
2016-08-25 00:00:00-04:00,48.1484865991433,48.353322087124994,47.85675443601664,48.06779479980469,751950,0.0,0.0
2016-08-26 00:00:00-04:00,48.19813652454246,48.707117406766955,47.459490028506295,47.57122039794922,2476800,0.0,0.0
2016-08-29 00:00:00-04:00,47.60846503636555,47.98710096201706,47.347767918540846,47.85054397583008,787350,0.0,0.0
2016-08-30 00:00:00-04:00,47.68295974814671,47.987108803128166,47.428467464280644,47.614681243896484,974700,0.0,0.0
2016-08-31 00:00:00-04:00,47.41603822460616,47.66432199674387,47.2484462344468,47.44086837768555,1403400,0.0,0.0
2016-09-01 00:00:00-04:00,47.242247906977866,48.39676671948283,47.21741775045743,48.2912483215332,1339350,0.0,0.0
2016-09-02 00:00:00-04:00,48.595392152616306,49.48300895140402,48.378143385129285,48.71953582763672,1733250,0.0,0.0
2016-09-06 00:00:00-04:00,49.042304844461555,49.12299663799754,48.50849376997391,48.83126449584961,1397400,0.0,0.0
2016-09-07 00:00:00-04:00,48.719548806366575,48.88093243032674,47.96228035599089,48.18573760986328,970200,0.0,0.0
2016-09-08 00:00:00-04:00,48.11124122570849,48.53953036380516,48.09261949556535,48.50849533081055,880650,0.0,0.0
2016-09-09 00:00:00-04:00,48.0739917227118,48.32848393370359,47.571219278970936,47.6332893371582,1571400,0.0,0.0
2016-09-12 00:00:00-04:00,47.55881000705944,47.788472083195394,47.043620666647016,47.72639846801758,1522050,0.0,0.0
2016-09-13 00:00:00-04:00,47.45328669849274,47.68294876804991,46.83257542661715,47.248451232910156,1175250,0.0,0.0
2016-09-14 00:00:00-04:00,47.20499522937454,47.546384064805586,47.012573097047444,47.36637878417969,918000,0.0,0.0
2016-09-15 00:00:00-04:00,47.39121805054494,47.912612266880984,47.217417610611776,47.620880126953125,900000,0.0,0.0
2016-09-16 00:00:00-04:00,47.54639671087278,47.54639671087278,46.559469841994016,46.8574104309082,6424050,0.0,0.0
2016-09-19 00:00:00-04:00,46.36082819298397,47.06223116095598,46.20565305970248,46.83256912231445,885900,0.0,0.0
2016-09-20 00:00:00-04:00,46.90085001245611,47.211207398434425,45.57873933993649,45.78977966308594,2014950,0.0,0.0
2016-09-21 00:00:00-04:00,46.14359603042907,46.76430384221224,45.67806339572563,46.627750396728516,1843950,0.0,0.0
2016-09-22 00:00:00-04:00,46.8636208348474,46.96293437620078,46.615336981463955,46.75810241699219,1441800,0.0,0.0
2016-09-23 00:00:00-04:00,46.54084281617411,46.55325611803359,45.975996736654814,46.156002044677734,977700,0.0,0.0
2016-09-26 00:00:00-04:00,45.96358427704218,46.16221131735979,45.60977852957706,46.106346130371094,1129050,0.0,0.0
2016-09-27 00:00:00-04:00,46.1622107626176,46.32359434300336,45.83323162327979,46.13117218017578,940800,0.0,0.0
2016-09-28 00:00:00-04:00,46.06910743793318,46.751888847587246,45.94496730075899,46.71464538574219,1249500,0.0,0.0
2016-09-29 00:00:00-04:00,46.66497892412027,46.89464452328846,46.28634661198929,46.49738693237305,884400,0.0,0.0
2016-09-30 00:00:00-04:00,46.95049876356953,46.95049876356953,46.16840410908028,46.36703109741211,895200,0.0,0.0
2016-10-03 00:00:00-04:00,46.578088485717,46.578088485717,45.733919988010335,46.13738250732422,1090950,0.0,0.0
2016-10-04 00:00:00-04:00,46.12498116732081,46.18705124739557,44.92701015286793,45.21874237060547,1788750,0.0,0.0
2016-10-05 00:00:00-04:00,45.44839270789098,45.75875013114788,44.62905791878749,44.79664993286133,1718250,0.0,0.0
2016-10-06 00:00:00-04:00,44.7407886022035,45.386326557540286,44.511126504367496,45.12562942504883,1774800,0.0,0.0
2016-10-07 00:00:00-04:00,45.00769277978805,45.044936240923384,44.604230238196465,44.75320053100586,1454250,0.0,0.0
2016-10-10 00:00:00-04:00,44.72837735464063,45.100801339356714,44.63526869466245,44.89596939086914,969300,0.0,0.0
2016-10-11 00:00:00-04:00,44.703537869400115,45.19390057170769,44.622846082073124,45.100791931152344,1269900,0.0,0.0
2016-10-12 00:00:00-04:00,45.06975176743,45.78356802229319,44.920781511242836,45.64701461791992,1823100,0.0,0.0
2016-10-13 00:00:00-04:00,45.63460760036409,45.79599474314408,45.274596958262265,45.61598587036133,1372350,0.0,0.0
2016-10-14 00:00:00-04:00,45.94496882966581,46.640163565824835,45.94496882966581,46.06290054321289,1378200,0.0,0.0
2016-10-17 00:00:00-04:00,46.025656380654276,46.64636413331218,45.97599961837237,46.3235969543457,1086300,0.0,0.0
2016-10-18 00:00:00-04:00,46.64016011254559,46.94430556726338,45.99462219105127,46.27394104003906,811500,0.0,0.0
2016-10-19 00:00:00-04:00,46.280147916549375,46.44153150358223,45.96358561784231,46.13738250732422,849900,0.0,0.0
2016-10-20 00:00:00-04:00,45.94496154785156,46.156001885661894,45.727712783267094,45.94496154785156,748350,0.0,0.0
2016-10-21 00:00:00-04:00,45.721504514011876,46.205658803847214,45.597360840222386,46.156002044677734,617700,0.0,0.0
2016-10-24 00:00:00-04:00,46.32357893666622,46.54703250415603,46.100121817445995,46.484962463378906,555150,0.0,0.0
2016-10-25 00:00:00-04:00,46.34842249914309,46.85740696468561,46.286352435643856,46.72705841064453,1125600,0.0,0.0
2016-10-26 00:00:00-04:00,46.78912437764778,47.136721675234945,46.522218865891205,46.73946762084961,1790400,0.0,0.0
2016-10-27 00:00:00-04:00,46.98155677976135,48.52712512103359,45.74013749512475,45.93255615234375,3923700,0.0,0.0
2016-10-28 00:00:00-04:00,45.98841083091162,46.85740590721644,45.827027248762995,46.67119216918945,1165950,0.0,0.0
2016-10-31 00:00:00-04:00,46.795332015551985,46.90706238874379,46.52842648803537,46.6836051940918,1170300,0.0,0.0
2016-11-01 00:00:00-04:00,46.85740304615759,47.26086197689441,46.31738359402548,46.38566207885742,1188450,0.0,0.0
2016-11-02 00:00:00-04:00,46.379452638717865,46.782915112368485,46.187034041474156,46.22427749633789,1222500,0.0,0.0
2016-11-03 00:00:00-04:00,46.2927192592423,46.40472034046729,46.006500207784505,46.09983444213867,656850,0.12,0.0
2016-11-04 00:00:00-04:00,46.186948865326386,46.40472401561742,45.96917371503535,46.08739471435547,626850,0.0,0.0
2016-11-07 00:00:00-05:00,46.323833625352336,47.07049332559047,46.137172260630116,47.05182647705078,744600,0.0,0.0
2016-11-08 00:00:00-05:00,46.96470674642307,47.736253057332604,46.90870621148497,47.599365234375,1208100,0.0,0.0
2016-11-09 00:00:00-05:00,47.28826366990512,47.92914212302995,46.34249576185767,47.823368072509766,1297050,0.0,0.0
2016-11-10 00:00:00-05:00,47.810927036493894,47.810927036493894,47.014493803264926,47.20738220214844,1146150,0.0,0.0
2016-11-11 00:00:00-05:00,47.05804595091325,47.05804595091325,45.77006545662845,45.99406051635742,1237950,0.0,0.0
2016-11-14 00:00:00-05:00,46.05006504360374,46.10606559354723,45.52740392514393,46.006507873535156,1229100,0.0,0.0
2016-11-15 00:00:00-05:00,46.137169174617405,46.69094044312981,45.994057865497986,46.25539016723633,1077900,0.0,0.0
2016-11-16 00:00:00-05:00,46.311382566516,46.622491910135686,46.14338451785565,46.5229377746582,1576650,0.0,0.0
2016-11-17 00:00:00-05:00,46.56027084873664,46.753159223629076,46.34871918755693,46.59138107299805,876900,0.0,0.0
2016-11-18 00:00:00-05:00,46.56027304423935,47.05804377656758,46.47316227599763,47.008270263671875,1189950,0.0,0.0
2016-11-21 00:00:00-05:00,47.244718452164726,47.92915424060665,47.0020565051465,47.87315368652344,1303500,0.0,0.0
2016-11-22 00:00:00-05:00,47.86070831049324,48.46425675810146,47.823378169665176,48.38336944580078,881700,0.0,0.0
2016-11-23 00:00:00-05:00,48.19047434788328,48.33358566239556,48.128253894793005,48.221588134765625,1469550,0.0,0.0
2016-11-25 00:00:00-05:00,48.21537075729755,48.29003815870982,48.10959312540939,48.24026107788086,455550,0.0,0.0
2016-11-28 00:00:00-05:00,48.389580692729616,48.54513180773135,47.63670119097605,47.92292022705078,897300,0.0,0.0
2016-11-29 00:00:00-05:00,47.810927716070765,47.966482419273355,47.59315255572213,47.879371643066406,1410150,0.0,0.0
2016-11-30 00:00:00-05:00,47.91670140684791,48.00381217590183,47.524704726273875,47.56203842163086,1619250,0.0,0.0
2016-12-01 00:00:00-05:00,47.68648506927415,47.730038675626545,46.715830307575914,47.26337814331055,1270800,0.0,0.0
2016-12-02 00:00:00-05:00,47.238497474459386,47.474939505906136,47.08294275685753,47.28205108642578,749700,0.0,0.0
2016-12-05 00:00:00-05:00,47.3007028353784,47.67403261429247,47.2073721708182,47.599365234375,678150,0.0,0.0
2016-12-06 00:00:00-05:00,47.71137586515019,47.85448719590389,47.45004708424358,47.68648910522461,557400,0.0,0.0
2016-12-07 00:00:00-05:00,47.555814665591235,47.84825361477735,47.36292629540866,47.65536880493164,1398600,0.0,0.0
2016-12-08 00:00:00-05:00,47.468708030184864,48.09714314436086,47.468708030184864,47.680259704589844,1394250,0.0,0.0
2016-12-09 00:00:00-05:00,48.4082617814187,49.44735706463587,48.03493187489869,49.22336196899414,1550550,0.0,0.0
2016-12-12 00:00:00-05:00,49.19847020157791,49.19847020157791,48.29003934423182,48.5264778137207,874350,0.0,0.0
2016-12-13 00:00:00-05:00,48.78780480543082,49.00557996052363,48.290034039600755,48.333587646484375,1093200,0.0,0.0
2016-12-14 00:00:00-05:00,48.482920046328,48.56380735268536,47.74870725892471,47.879371643066406,1214700,0.0,0.0
2016-12-15 00:00:00-05:00,47.966479914398064,48.20292191161069,47.661593993764036,48.15314483642578,592800,0.0,0.0
2016-12-16 00:00:00-05:00,48.15936809380626,48.53269796381677,47.991370008335274,48.23403549194336,1182450,0.0,0.0
2016-12-19 00:00:00-05:00,48.12824721425813,48.725575586157966,48.06602676980449,48.48291015625,986550,0.0,0.0
2016-12-20 00:00:00-05:00,48.570034391291884,48.570034391291884,47.93537571282476,48.38336944580078,906750,0.0,0.0
2016-12-21 00:00:00-05:00,48.47669766751399,49.42868563669173,48.377143509704716,49.1860237121582,859350,0.0,0.0
2016-12-22 00:00:00-05:00,48.97445965376212,49.18601487133447,48.700687549163895,49.01801681518555,550800,0.0,0.0
2016-12-23 00:00:00-05:00,48.91225574491474,49.32291938117353,48.769147955524545,49.1984748840332,428850,0.0,0.0
2016-12-27 00:00:00-05:00,49.36646501466789,49.71490456584648,49.03046884308987,49.173580169677734,285600,0.0,0.0
2016-12-28 00:00:00-05:00,49.036681074345466,49.29800978775113,48.81890595972852,48.881126403808594,459750,0.0,0.0
2016-12-29 00:00:00-05:00,49.01801681518555,49.074017354014146,48.77535137393181,49.01801681518555,365850,0.0,0.0
2016-12-30 00:00:00-05:00,49.14868471461691,49.40379355162875,48.78157835222747,48.89979934692383,416100,0.0,0.0
2017-01-03 00:00:00-05:00,48.80024412387843,49.23579439782242,48.756690520618854,49.049129486083984,580500,0.0,0.0
2017-01-04 00:00:00-05:00,49.777126855377226,50.46778607351071,49.6713527843749,50.01356887817383,891000,0.0,0.0
2017-01-05 00:00:00-05:00,50.212673746640604,50.65444753153228,49.88290105558302,50.44911575317383,774750,0.0,0.0
2017-01-06 00:00:00-05:00,50.61710723251428,51.00910032880086,50.44910917400948,50.81621551513672,967950,0.0,0.0
2017-01-09 00:00:00-05:00,50.57355989868719,50.878442269028035,50.13800958638613,50.42422866821289,726750,0.0,0.0
2017-01-10 00:00:00-05:00,50.971766542790476,50.971766542790476,50.29355088842235,50.52376937866211,937800,0.0,0.0
2017-01-11 00:00:00-05:00,50.54244706749365,50.75400231825814,50.15045391520198,50.380672454833984,974250,0.0,0.0
2017-01-12 00:00:00-05:00,50.31844795516464,50.53622309794328,49.41001368863957,49.746009826660156,1147500,0.0,0.0
2017-01-13 00:00:00-05:00,49.7708985714633,50.38066681577876,49.665120957920635,50.06956100463867,770550,0.0,0.0
2017-01-17 00:00:00-05:00,50.13802091533324,50.349572649555384,49.68380365154797,49.789581298828125,696900,0.0,0.0
2017-01-18 00:00:00-05:00,49.68379777676844,49.80201879200324,49.40380213451244,49.571800231933594,1078800,0.0,0.0
2017-01-19 00:00:00-05:00,49.56557343581367,49.82068230002824,49.35402174080068,49.609127044677734,453450,0.0,0.0
2017-01-20 00:00:00-05:00,49.67135439630629,49.833129023327494,49.528243059809434,49.571800231933594,712050,0.0,0.0
2017-01-23 00:00:00-05:00,49.528251981031744,49.851804853691505,49.36647732487106,49.75225067138672,461700,0.0,0.0
2017-01-24 00:00:00-05:00,49.75846332394668,50.00112883312675,48.98069683319117,49.03669738769531,1232700,0.0,0.0
2017-01-25 00:00:00-05:00,49.347786875372925,49.36023025212672,48.80023913450243,49.09267807006836,1031250,0.0,0.0
2017-01-26 00:00:00-05:00,49.279352013857014,49.914010629245155,49.266908634817746,49.89534378051758,566850,0.0,0.0
2017-01-27 00:00:00-05:00,49.907796486097105,50.2126824717276,49.72735499512694,49.770912170410156,282300,0.0,0.0
2017-01-30 00:00:00-05:00,49.652684763058936,49.864236460411774,49.503353524867954,49.8455696105957,370650,0.0,0.0
2017-01-31 00:00:00-05:00,49.85801326412867,50.25623346182879,49.808239744795934,49.96379089355469,783450,0.0,0.0
2017-02-01 00:00:00-05:00,49.901575673499295,50.088240631946384,49.41624820567203,49.721134185791016,921000,0.0,0.0
2017-02-02 00:00:00-05:00,49.90779135551174,50.18156707941716,49.61535234164699,50.119346618652344,645150,0.0,0.0
2017-02-03 00:00:00-05:00,50.24378250559334,50.54244495974268,50.12556506612102,50.16289520263672,713250,0.0,0.0
2017-02-06 00:00:00-05:00,50.15667930248816,50.15667930248816,49.81445965454373,49.96379089355469,650100,0.0,0.0
2017-02-07 00:00:00-05:00,49.90155946869093,50.1504448123525,49.83933902285973,50.094444274902344,555900,0.0,0.0
2017-02-08 00:00:00-05:00,50.08822680482035,50.10067018252497,49.53445555308944,49.70245361328125,663750,0.0,0.0
2017-02-09 00:00:00-05:00,49.70244890438041,50.0135546795431,49.70244890438041,49.86422348022461,695400,0.0,0.0
2017-02-10 00:00:00-05:00,49.92023992660616,50.02601400129397,49.702464746477915,49.79579544067383,734100,0.0,0.0
2017-02-13 00:00:00-05:00,49.858015011961434,50.31223221500281,49.858015011961434,50.156681060791016,651900,0.0,0.0
2017-02-14 00:00:00-05:00,50.15044263835636,50.48021525937036,50.094442103333805,50.27488708496094,806100,0.0,0.0
2017-02-15 00:00:00-05:00,50.567339118028336,51.45710307846043,50.54867226818421,51.40732955932617,1612200,0.0,0.0
2017-02-16 00:00:00-05:00,51.32022227698629,51.62510468431404,50.84111473912964,51.50066375732422,894750,0.0,0.0
2017-02-17 00:00:00-05:00,51.56287272872777,52.07931029337751,50.97799124535297,52.01708984375,878550,0.0,0.0
2017-02-21 00:00:00-05:00,51.905102703727415,52.545981295812254,51.85532562200225,52.483760833740234,909300,0.0,0.0
2017-02-22 00:00:00-05:00,53.634853450821105,54.568174558294004,53.04374842126411,53.95218276977539,2704200,0.0,0.0
2017-02-23 00:00:00-05:00,54.344160312560085,54.56193541242488,53.740615637261634,54.257049560546875,1382250,0.0,0.0
2017-02-24 00:00:00-05:00,54.21350338835144,54.43750198701024,54.026838482858594,54.337947845458984,934650,0.0,0.0
2017-02-27 00:00:00-05:00,54.43750489584342,54.487281969278854,53.76551262429646,54.28817367553711,963150,0.0,0.0
2017-02-28 00:00:00-05:00,54.169954079586255,54.580614055946285,53.98328915929997,54.375282287597656,935400,0.0,0.0
2017-03-01 00:00:00-05:00,54.45616596253311,54.935269798446924,54.23216737568405,54.81082534790039,1707750,0.0,0.0
2017-03-02 00:00:00-05:00,54.58061486639607,55.12194278723055,54.549504639275945,54.823280334472656,752550,0.0,0.0
2017-03-03 00:00:00-05:00,54.67987642892586,55.06020314969939,54.561413422844666,54.72975540161133,1205550,0.12,0.0
2017-03-06 00:00:00-05:00,54.611285936320705,54.86691697895829,54.30577592689714,54.38059616088867,824400,0.0,0.0
2017-03-07 00:00:00-05:00,54.44919284745986,54.51154067853405,54.23097187107425,54.29331970214844,977250,0.0,0.0
2017-03-08 00:00:00-05:00,54.199785053729876,54.22472275317296,53.813222171361275,53.85686492919922,1033350,0.0,0.0
2017-03-09 00:00:00-05:00,53.732173306513495,54.00027321747174,53.53265742557949,53.8256950378418,1305000,0.0,0.0
2017-03-10 00:00:00-05:00,54.10002638605975,54.36189006478167,53.83815913971278,54.274600982666016,773550,0.0,0.0
2017-03-13 00:00:00-04:00,54.249666124399894,54.59881890352121,54.07508795102662,54.46165084838867,1181550,0.0,0.0
2017-03-14 00:00:00-04:00,54.455418250373114,54.455418250373114,54.018976355625014,54.100032806396484,406350,0.0,0.0
2017-03-15 00:00:00-04:00,54.10003577721202,54.61129437385234,54.10003577721202,54.486595153808594,831750,0.0,0.0
2017-03-16 00:00:00-04:00,54.760929492768106,54.798339614311004,54.000276048732125,54.1436767578125,528750,0.0,0.0
2017-03-17 00:00:00-04:00,54.43671998538033,54.773400388959224,54.43671998538033,54.617530822753906,693900,0.0,0.0
2017-03-20 00:00:00-04:00,54.66741621520962,54.86693213747538,54.5177757058842,54.54271697998047,414450,0.0,0.0
2017-03-21 00:00:00-04:00,54.81703692043932,54.96667381781711,53.64487944050078,53.881805419921875,619500,0.0,0.0
2017-03-22 00:00:00-04:00,53.85686016574747,54.08754991950524,53.68851822270806,54.043907165527344,753450,0.0,0.0
2017-03-23 00:00:00-04:00,54.006507095098996,54.34319104378757,53.925454212567566,54.16238021850586,714750,0.0,0.0
2017-03-24 00:00:00-04:00,54.3244881836854,54.3244881836854,53.60124128564193,53.626182556152344,531900,0.0,0.0
2017-03-27 00:00:00-04:00,53.56383313344956,53.825696844056395,53.133623879077,53.6448860168457,732300,0.0,0.0
2017-03-28 00:00:00-04:00,53.43290801323546,54.24344413873208,53.39550145281154,54.22473907470703,647550,0.0,0.0
2017-03-29 00:00:00-04:00,54.081321571717055,54.67363295580583,54.0750853631003,54.63622283935547,817650,0.0,0.0
2017-03-30 00:00:00-04:00,54.61129439811691,54.80457408650107,54.59882554639469,54.77963638305664,445650,0.0,0.0
2017-03-31 00:00:00-04:00,54.723516777747676,55.17866372128096,54.69234286714785,55.004085540771484,771900,0.0,0.0
2017-04-03 00:00:00-04:00,55.016566618035505,55.22231517390169,54.65494134938637,54.68611526489258,601500,0.0,0.0
2017-04-04 00:00:00-04:00,54.524005300810074,54.92303709692628,54.524005300810074,54.77963638305664,415500,0.0,0.0
2017-04-05 00:00:00-04:00,54.77340554850992,55.27843155288929,54.505305588231444,55.02280044555664,1081950,0.0,0.0
2017-04-06 00:00:00-04:00,55.10384874881138,55.10384874881138,54.61129520605307,54.916805267333984,510450,0.0,0.0
2017-04-07 00:00:00-04:00,55.060201333284844,55.166195484604344,54.636228295632264,54.64870071411133,609600,0.0,0.0
2017-04-10 00:00:00-04:00,54.81703654422012,55.29088493218516,54.636222172791,55.216068267822266,546150,0.0,0.0
2017-04-11 00:00:00-04:00,55.3220716723744,55.640050596832694,55.19737601363632,55.490413665771484,657300,0.0,0.0
2017-04-12 00:00:00-04:00,55.64004962696206,55.64004962696206,54.7983432422744,54.86069107055664,524700,0.0,0.0
2017-04-13 00:00:00-04:00,54.81704688970149,55.085146825547625,54.548946953855356,54.555179595947266,726900,0.0,0.0
2017-04-17 00:00:00-04:00,54.785868166572705,55.0103217499416,54.6299950459482,55.004085540771484,333600,0.0,0.0
2017-04-18 00:00:00-04:00,54.73599062365815,55.32206586642091,54.573881289635544,55.30959701538086,548100,0.0,0.0
2017-04-19 00:00:00-04:00,55.384425316945055,55.496652127888815,55.0851514426777,55.247257232666016,447000,0.0,0.0
2017-04-20 00:00:00-04:00,55.3906434012878,56.06401122522169,55.1661898383932,55.970489501953125,988950,0.0,0.0
2017-04-21 00:00:00-04:00,55.80839538057754,56.18248951074769,55.75228375839023,56.101436614990234,708900,0.0,0.0
2017-04-24 00:00:00-04:00,56.51917005163634,56.70621353763586,56.188722278552866,56.431880950927734,633600,0.0,0.0
2017-04-25 00:00:00-04:00,56.238601721126976,56.419416145430155,56.113906054850105,56.269779205322266,426150,0.0,0.0
2017-04-26 00:00:00-04:00,56.2510581789153,56.363284960241955,55.30959046814015,55.808380126953125,1017450,0.0,0.0
2017-04-27 00:00:00-04:00,55.827096571043604,58.48939093151076,55.827096571043604,57.865901947021484,1545300,0.0,0.0
2017-04-28 00:00:00-04:00,58.00929835694095,58.00929835694095,57.298520368953845,57.37334060668945,850350,0.0,0.0
2017-05-01 00:00:00-04:00,57.66638344847681,57.697557361154935,57.37334581520192,57.38581466674805,480750,0.0,0.0
2017-05-02 00:00:00-04:00,57.71002898347181,57.816019571588804,57.27981971862734,57.803550720214844,883950,0.0,0.0
2017-05-03 00:00:00-04:00,57.72872883848387,57.753670108149564,57.28605430245331,57.529212951660156,359250,0.0,0.0
2017-05-04 00:00:00-04:00,57.62897630772089,57.722501618219546,57.29229232517736,57.64144515991211,433950,0.0,0.0
2017-05-05 00:00:00-04:00,57.77236399882268,58.0092899605251,57.67260607469795,57.922000885009766,392250,0.0,0.0
2017-05-08 00:00:00-04:00,57.65338705059604,57.92200383868332,57.3910114286498,57.82205581665039,506850,0.12,0.0
2017-05-09 00:00:00-04:00,57.765834782946044,57.79706921172494,57.259828457804865,57.43474197387695,414150,0.0,0.0
2017-05-10 00:00:00-04:00,57.45973267942162,57.690870316120645,57.16612618405827,57.52220153808594,813600,0.0,0.0
2017-05-11 00:00:00-04:00,57.259834523054025,57.590923792642506,56.95373136931482,57.2785758972168,400950,0.0,0.0
2017-05-12 00:00:00-04:00,57.49097597344952,57.515965665499266,56.84753876598076,56.916255950927734,582000,0.0,0.0
2017-05-15 00:00:00-04:00,56.978724091098535,57.92201614379883,56.94124134077884,57.92201614379883,504000,0.0,0.0
2017-05-16 00:00:00-04:00,57.759591168431626,57.99072881984881,57.184871197931066,57.49721908569336,498600,0.0,0.0
2017-05-17 00:00:00-04:00,57.22233597381851,57.503452934083086,56.84127100320403,56.8912467956543,435300,0.0,0.0
2017-05-18 00:00:00-04:00,56.87252136274932,57.678382582274416,56.547680408075145,57.29731750488281,495300,0.0,0.0
2017-05-19 00:00:00-04:00,57.4784805182636,57.728359555583594,57.066181000323546,57.40976333618164,704850,0.0,0.0
2017-05-22 00:00:00-04:00,57.597177443904904,57.865797874199934,57.48473276306456,57.765846252441406,340800,0.0,0.0
2017-05-23 00:00:00-04:00,57.834566796547016,58.071949231089725,57.615922164438814,57.72836685180664,415350,0.0,0.0
2017-05-24 00:00:00-04:00,58.02820751361419,58.19062797495829,57.89077316576089,58.17813491821289,797700,0.0,0.0
2017-05-25 00:00:00-04:00,58.28433183763054,58.815324254773955,58.28433183763054,58.5966796875,584700,0.0,0.0
2017-05-26 00:00:00-04:00,58.477994553207644,59.30259713382506,58.378042941893504,58.96525955200195,487800,0.0,0.0
2017-05-30 00:00:00-04:00,58.64665731549375,59.17764974919741,58.50297822945612,59.10268783569336,468300,0.0,0.0
2017-05-31 00:00:00-04:00,59.19014632721485,59.49000113006484,58.76535023590176,59.440025329589844,1549500,0.0,0.0
2017-06-01 00:00:00-04:00,59.671168864044276,60.714416036276944,59.52124144778493,60.67693328857422,964500,0.0,0.0
2017-06-02 00:00:00-04:00,60.876838941617144,60.876838941617144,60.32086031821154,60.54574966430664,987600,0.0,0.0
2017-06-05 00:00:00-04:00,60.6207224894726,60.65819809409833,59.96478502285386,60.152198791503906,707100,0.0,0.0
2017-06-06 00:00:00-04:00,60.08970564309875,60.27087104297595,59.8585715931114,59.98351287841797,1111800,0.0,0.0
2017-06-07 00:00:00-04:00,60.15842695193702,60.15842695193702,59.83983433777522,60.01475143432617,833700,0.0,0.0
2017-06-08 00:00:00-04:00,60.002258623551384,60.21465847925285,59.30259734189755,59.68366241455078,626700,0.0,0.0
2017-06-09 00:00:00-04:00,59.72114516256299,59.90230701188655,59.32133871590366,59.68366241455078,638250,0.0,0.0
2017-06-12 00:00:00-04:00,61.726439791167195,61.75142591105973,60.21466872655057,60.99553680419922,2705850,0.0,0.0
2017-06-13 00:00:00-04:00,61.43907622280533,62.1387376443928,61.03926969618392,61.8701171875,1934700,0.0,0.0
2017-06-14 00:00:00-04:00,62.08250255622695,62.36986074907009,61.701433921990905,61.938819885253906,2082300,0.0,0.0
2017-06-15 00:00:00-04:00,61.58275497406831,62.10749921929653,61.457817229795715,61.86386489868164,1757250,0.0,0.0
2017-06-16 00:00:00-04:00,62.08875782318968,62.838391394535655,61.139213863833874,62.576019287109375,4635000,0.0,0.0
2017-06-19 00:00:00-04:00,62.57602375576587,62.57602375576587,61.376604236676805,61.57338333129883,1295800,0.0,1.5
2017-06-20 00:00:00-04:00,61.34848866565234,61.45156444190929,60.80499950886179,61.058006286621094,1016900,0.0,0.0
2017-06-21 00:00:00-04:00,60.926813085754716,61.46092976767546,60.88933748448277,61.058006286621094,815700,0.0,0.0
2017-06-22 00:00:00-04:00,61.217305974432676,61.3391195580126,60.35522411578085,61.02052688598633,744200,0.0,0.0
2017-06-23 00:00:00-04:00,61.02987770129667,61.17980867538069,60.62694714482377,60.76750564575195,738800,0.0,0.0
2017-06-26 00:00:00-04:00,60.99238826944694,61.226650028937705,60.261492723692,60.48638916015625,567800,0.0,0.0
2017-06-27 00:00:00-04:00,60.73003723490696,60.90807852137503,60.08347941660925,60.6738166809082,474500,0.0,0.0
2017-06-28 00:00:00-04:00,60.99239467569026,61.273511676246486,60.46765056702774,61.07673263549805,622200,0.0,0.0
2017-06-29 00:00:00-04:00,60.964296396254866,60.964296396254866,59.42753936225467,60.09284210205078,910000,0.0,0.0
2017-06-30 00:00:00-04:00,60.33647560107635,60.55199962756082,59.91480359748992,60.364585876464844,705200,0.0,0.0
2017-07-03 00:00:00-04:00,60.336474345773986,60.833108264914515,59.989764275287456,60.580108642578125,200500,0.0,0.0
2017-07-05 00:00:00-04:00,59.16516341037211,60.59884457397393,59.16516341037211,60.43017578125,684000,0.0,0.0
2017-07-06 00:00:00-04:00,60.167789459228516,60.41142369088587,59.68989704259414,60.167789459228516,712400,0.0,0.0
2017-07-07 00:00:00-04:00,60.50512457220898,61.03924107684673,60.1303043419664,60.95491027832031,662500,0.0,0.0
2017-07-10 00:00:00-04:00,61.198555557691364,61.35785902858028,60.842480165034885,60.89870071411133,687600,0.0,0.0
2017-07-11 00:00:00-04:00,60.889316553255384,60.95490955658859,60.24275184247007,60.551979064941406,889800,0.0,0.0
2017-07-12 00:00:00-04:00,60.57073951006496,60.91744959968198,60.308367398615914,60.56136703491211,799900,0.0,0.0
2017-07-13 00:00:00-04:00,60.62696342864307,60.75814949165074,60.158439732443036,60.505149841308594,527200,0.0,0.0
2017-07-14 00:00:00-04:00,60.542609694721534,60.78624392634037,60.21464466125477,60.48638916015625,643000,0.0,0.0
2017-07-17 00:00:00-04:00,60.35520503335307,60.833093890298976,60.167791330441354,60.692535400390625,802400,0.0,0.0
2017-07-18 00:00:00-04:00,60.87997022808947,60.87997022808947,60.30837074679709,60.505149841308594,773800,0.0,0.0
2017-07-19 00:00:00-04:00,60.64570317367104,60.833109776420855,60.327103370071995,60.355220794677734,733500,0.0,0.0
2017-07-20 00:00:00-04:00,60.37395485588719,60.561361447029476,59.952282876713866,60.055355072021484,749600,0.0,0.0
2017-07-21 00:00:00-04:00,59.83984063031887,60.102212728184035,59.558727157670226,59.905433654785156,898700,0.0,0.0
2017-07-24 00:00:00-04:00,59.91479469133646,60.11157731346019,59.286974803971596,59.877315521240234,1092600,0.0,0.0
2017-07-25 00:00:00-04:00,59.92417950632476,60.823747690376905,59.58684188412421,60.6738166809082,1401100,0.0,0.0
2017-07-26 00:00:00-04:00,61.65771288300113,62.913352786253775,60.730030943501994,61.84511947631836,1258200,0.0,0.0
2017-07-27 00:00:00-04:00,62.00442542993,62.09812874114844,61.22667436351863,61.67646026611328,697700,0.0,0.0
2017-07-28 00:00:00-04:00,61.648322813780034,61.891957034840296,60.58008980872513,60.96427536010742,724300,0.0,0.0
2017-07-31 00:00:00-04:00,61.19856347072507,61.282901454348114,60.53326067391706,60.88934326171875,534000,0.0,0.0
2017-08-01 00:00:00-04:00,60.94556837569994,61.376609354495415,60.439561883434415,61.32038879394531,665200,0.0,0.0
2017-08-02 00:00:00-04:00,60.91743418039899,61.329730044415015,60.861206492817956,61.236026763916016,490000,0.0,0.0
2017-08-03 00:00:00-04:00,61.35807800292969,61.63971219018454,61.10460580194935,61.35807800292969,561200,0.12,0.0
2017-08-04 00:00:00-04:00,61.22665124411925,61.442564582575336,60.74787598585038,61.0107307434082,574900,0.0,0.0
2017-08-07 00:00:00-04:00,61.10461188659419,61.545835481510444,60.95441222408869,61.51767349243164,594000,0.0,0.0
2017-08-08 00:00:00-04:00,61.38623870735013,61.630321187057135,60.794815521170804,61.03889083862305,519800,0.0,0.0
2017-08-09 00:00:00-04:00,60.898078942578096,60.92624092735462,60.071959438236654,60.381752014160156,668300,0.0,0.0
2017-08-10 00:00:00-04:00,60.26910823448128,60.46625648946068,59.687074673751546,59.71523666381836,596100,0.0,0.0
2017-08-11 00:00:00-04:00,59.62135107204696,60.35359496627904,59.58380294964927,60.09074020385742,517900,0.0,0.0
2017-08-14 00:00:00-04:00,60.19400127942919,60.85113813833759,60.109508161995485,60.6070556640625,631300,0.0,0.0
2017-08-15 00:00:00-04:00,60.49441648266688,60.49441648266688,60.147068571378135,60.31604766845703,464500,0.0,0.0
2017-08-16 00:00:00-04:00,60.40991517480131,60.663387367232815,60.08134674225553,60.20338439941406,574300,0.0,0.0
2017-08-17 00:00:00-04:00,60.156446513724916,60.729097388278575,60.156446513724916,60.24093246459961,431300,0.0,0.0
2017-08-18 00:00:00-04:00,60.44745574522761,60.57888309404497,59.70582589847061,59.72460174560547,491300,0.0,0.0
2017-08-21 00:00:00-04:00,59.70582914426913,60.22215601573031,59.61195348461812,60.16582489013672,538900,0.0,0.0
2017-08-22 00:00:00-04:00,60.35359806005504,60.65400454140099,60.08135356723286,60.56951141357422,511500,0.0,0.0
2017-08-23 00:00:00-04:00,60.10950628853564,60.916849925605746,60.09073401983245,60.635215759277344,745200,0.0,0.0
2017-08-24 00:00:00-04:00,60.625839792469705,60.9168565436387,60.61645007597082,60.79481887817383,673800,0.0,0.0
2017-08-25 00:00:00-04:00,60.96378864206548,60.96378864206548,60.57888910927194,60.916847229003906,755900,0.0,0.0
2017-08-28 00:00:00-04:00,60.98255745954041,61.113984813971776,60.51317200449876,60.991947174072266,552100,0.0,0.0
2017-08-29 00:00:00-04:00,60.62582350579847,61.76173538033393,60.62582350579847,61.677242279052734,992000,0.0,0.0
2017-08-30 00:00:00-04:00,61.69603543499531,61.90256621491207,61.527056357086586,61.780521392822266,612500,0.0,0.0
2017-08-31 00:00:00-04:00,61.78051680375803,62.71928779746232,61.72419283605714,62.60663986206055,884100,0.0,0.0
2017-09-01 00:00:00-04:00,62.86012925107848,62.86012925107848,62.174830170832806,62.409523010253906,451900,0.0,0.0
2017-09-05 00:00:00-04:00,61.9964467700114,62.37195665740216,61.63971631623065,62.005836486816406,615500,0.0,0.0
2017-09-06 00:00:00-04:00,61.958892822265625,62.16542361096733,61.62093465207286,61.958892822265625,455100,0.0,0.0
2017-09-07 00:00:00-04:00,62.137258011341686,62.456436730048075,61.94949950423083,62.052764892578125,534000,0.0,0.0
2017-09-08 00:00:00-04:00,62.04337138827019,63.27316625742681,62.04337138827019,63.14173889160156,677700,0.0,0.0
2017-09-11 00:00:00-04:00,63.451524552648586,63.911527471201815,63.226221531925994,63.902137756347656,1218400,0.0,0.0
2017-09-12 00:00:00-04:00,64.03357309764667,65.15071295017471,63.8270423186326,65.12255096435547,950000,0.0,0.0
2017-09-13 00:00:00-04:00,65.12253212954737,65.26334201791832,64.48416770733904,65.2164077758789,921000,0.0,0.0
2017-09-14 00:00:00-04:00,65.08500062115488,65.16010402641045,64.71888047335258,64.98173522949219,625000,0.0,0.0
2017-09-15 00:00:00-04:00,65.09437069080609,65.52621160707633,65.01927446220799,65.32906341552734,930300,0.0,0.0
2017-09-18 00:00:00-04:00,65.26334789244441,65.45110636426087,64.70947651565596,64.76580047607422,737200,0.0,0.0
2017-09-19 00:00:00-04:00,64.81273913211868,65.63885488626741,64.68131178855532,65.52620697021484,1049100,0.0,0.0
2017-09-20 00:00:00-04:00,65.64826520271555,66.21152644650839,65.52622753460795,65.99561309814453,950400,0.0,0.0
2017-09-21 00:00:00-04:00,66.15516681935239,66.2021010530597,65.62006785177925,65.71394348144531,636700,0.0,0.0
2017-09-22 00:00:00-04:00,65.94867787923366,66.3899014964151,65.5168439796375,65.58255767822266,483900,0.0,0.0
2017-09-25 00:00:00-04:00,65.16946657512715,65.98619974149317,65.16946657512715,65.84538269042969,886200,0.0,0.0
2017-09-26 00:00:00-04:00,65.8453916551965,66.05192240324148,65.67641260336457,65.70457458496094,573800,0.0,0.0
2017-09-27 00:00:00-04:00,65.77967889416573,66.07069559105574,65.50743446451702,65.892333984375,618200,0.0,0.0
2017-09-28 00:00:00-04:00,65.70458795163931,65.90172902517318,65.41357119960195,65.73274993896484,412600,0.0,0.0
2017-09-29 00:00:00-04:00,65.77026723094902,65.78904665417718,65.47925063117536,65.6763916015625,697800,0.0,0.0
2017-10-02 00:00:00-04:00,65.78907147734532,66.35233262844247,65.67641638222423,66.16458129882812,573900,0.0,0.0
2017-10-03 00:00:00-04:00,66.18336527535425,66.42744777683671,66.05193788892262,66.3711166381836,489800,0.0,0.0
2017-10-04 00:00:00-04:00,65.98621785886785,66.1270349485945,64.41847192680608,65.4886703491211,1201800,0.0,0.0
2017-10-05 00:00:00-04:00,65.12253514408228,65.3947795446229,64.53110493653595,65.00988006591797,1590100,0.0,0.0
2017-10-06 00:00:00-04:00,64.3527517888414,64.96294717939651,64.33397235889123,64.68132019042969,664800,0.0,0.0
2017-10-09 00:00:00-04:00,64.67194590528054,65.0850075156874,64.40909112129641,64.71888732910156,465000,0.0,0.0
2017-10-10 00:00:00-04:00,64.90661469098448,65.62008252807014,64.90661469098448,65.60130310058594,875300,0.0,0.0
2017-10-11 00:00:00-04:00,65.70459535780766,65.89235389823381,65.43235084588174,65.58255767822266,700400,0.0,0.0
2017-10-12 00:00:00-04:00,65.39479757469745,66.20213412291437,65.39479757469745,65.87356567382812,659200,0.0,0.0
2017-10-13 00:00:00-04:00,66.08946088944703,66.20210879331636,65.20701411045845,65.23517608642578,498600,0.0,0.0
2017-10-16 00:00:00-04:00,64.79396438718757,65.4980425624112,64.79396438718757,65.25396728515625,419000,0.0,0.0
2017-10-17 00:00:00-04:00,65.27274723958745,65.96743578219743,65.20703355531697,65.88294982910156,563500,0.0,0.0
2017-10-18 00:00:00-04:00,65.93926162763454,66.48375043238363,65.75151032501566,66.19273376464844,686900,0.0,0.0
2017-10-19 00:00:00-04:00,65.90174654947268,66.69031821555684,65.90174654947268,66.44623565673828,279500,0.0,0.0
2017-10-20 00:00:00-04:00,66.5307014828369,66.55886346608652,66.21151562741487,66.27722930908203,564700,0.0,0.0
2017-10-23 00:00:00-04:00,66.3993031201786,66.465016830547,66.11766884016703,66.38052368164062,575700,0.0,0.0
2017-10-24 00:00:00-04:00,66.39927104542788,66.45559500931951,65.87355445417546,65.9674301147461,616300,0.0,0.0
2017-10-25 00:00:00-04:00,65.96742315174434,66.09885765737461,65.3384484138315,65.60130310058594,1204400,0.0,0.0
2017-10-26 00:00:00-04:00,66.41805509209233,69.65681251083296,66.41805509209233,67.760498046875,1935500,0.0,0.0
2017-10-27 00:00:00-04:00,67.68538811303914,68.22048730007086,67.42253337726977,67.46947479248047,753200,0.0,0.0
2017-10-30 00:00:00-04:00,67.3286417076762,67.61965835850675,66.41803290213873,66.72782897949219,846400,0.0,0.0
2017-10-31 00:00:00-04:00,66.69967882884274,66.94375411889709,66.32416901658087,66.34294128417969,987500,0.0,0.0
2017-11-01 00:00:00-04:00,66.662155863026,66.69031785768912,65.43236051876575,65.59195709228516,900600,0.0,0.0
2017-11-02 00:00:00-04:00,65.76091273500847,66.004988043085,65.28213750996616,65.47927856445312,657200,0.0,0.0
2017-11-03 00:00:00-04:00,65.46990198934853,65.62949853789837,65.14133349925636,65.35725402832031,933000,0.0,0.0
2017-11-06 00:00:00-05:00,65.21643056259458,65.4323439083723,64.47480052161912,64.66255187988281,662800,0.0,0.0
2017-11-07 00:00:00-05:00,64.49322052785813,65.12348355653378,64.27686746915265,65.038818359375,854600,0.14,0.0
2017-11-08 00:00:00-05:00,65.28340021829351,65.29280905760497,64.3803454191167,64.87890625,692800,0.0,0.0
2017-11-09 00:00:00-05:00,64.65313852397618,65.01059544037373,64.39915012332348,64.94474792480469,585700,0.0,0.0
2017-11-10 00:00:00-05:00,64.86006529282214,65.311596118775,64.72837029709402,65.17990112304688,725000,0.0,0.0
2017-11-13 00:00:00-05:00,65.21756224996781,66.00773262367734,65.03883016107714,65.98892211914062,1008600,0.0,0.0
2017-11-14 00:00:00-05:00,65.71612609165975,66.5533335294016,65.70671725054946,66.49689483642578,1234800,0.0,0.0
2017-11-15 00:00:00-05:00,66.3745867349337,66.58153813247627,65.88543475815784,65.93246459960938,740700,0.0,0.0
2017-11-16 00:00:00-05:00,66.16762139747391,66.51567659972699,66.07355455754708,66.33694458007812,834900,0.0,0.0
2017-11-17 00:00:00-05:00,65.9795026198722,66.05475897954715,65.2363622159755,65.33042907714844,905300,0.0,0.0
2017-11-20 00:00:00-05:00,65.48093867665095,65.81958510221185,65.03881655567749,65.12348175048828,792300,0.0,0.0
2017-11-21 00:00:00-05:00,65.03879948102538,65.23634198126817,64.6437144805398,64.83184814453125,1195000,0.0,0.0
2017-11-22 00:00:00-05:00,64.83187562396675,65.09526573593017,64.45560095965801,64.47441864013672,607600,0.0,0.0
2017-11-24 00:00:00-05:00,64.36150502152704,64.82244468614061,64.1357431956349,64.80362701416016,302000,0.0,0.0
2017-11-27 00:00:00-05:00,64.8130781066223,65.0200295723001,64.35214531833137,64.6719741821289,1005300,0.0,0.0
2017-11-28 00:00:00-05:00,65.10465823807026,65.41508529648605,64.83185935432672,65.18932342529297,571900,0.0,0.0
2017-11-29 00:00:00-05:00,65.18934638395753,65.58443159189837,64.86010153383049,65.00120544433594,794400,0.0,0.0
2017-11-30 00:00:00-05:00,65.01060537351636,65.37747118443271,64.70017824832803,64.7472152709961,1345700,0.0,0.0
2017-12-01 00:00:00-05:00,65.00118886525934,65.38687231047969,64.17339047259,64.82246398925781,874000,0.0,0.0
2017-12-04 00:00:00-05:00,65.05766073176287,65.30223322340836,64.66256828978925,65.02943420410156,868000,0.0,0.0
2017-12-05 00:00:00-05:00,65.43390862855179,65.43390862855179,64.18280566532027,64.2298355102539,691100,0.0,0.0
2017-12-06 00:00:00-05:00,64.08873742962365,64.74721990994466,64.0228898992758,64.2768783569336,792500,0.0,0.0
2017-12-07 00:00:00-05:00,64.27687608698449,64.62492423074207,64.07933350291721,64.36153411865234,806000,0.0,0.0
2017-12-08 00:00:00-05:00,64.54028138496565,64.7566345235848,64.44621449092064,64.58731842041016,751000,0.0,0.0
2017-12-11 00:00:00-05:00,64.69076940842602,65.0576423961844,64.57789203696993,64.7472152709961,633800,0.0,0.0
2017-12-12 00:00:00-05:00,64.95415092738341,65.41508349495368,64.77541889682257,64.97296142578125,658500,0.0,0.0
2017-12-13 00:00:00-05:00,65.28338535719263,66.14881177895965,65.11406217233908,65.88542175292969,1106500,0.0,0.0
2017-12-14 00:00:00-05:00,65.94188981179654,66.17706060797046,65.22696858191178,65.40570068359375,691900,0.0,0.0
2017-12-15 00:00:00-05:00,65.39626980067956,66.91076979173086,65.39626980067956,66.22407531738281,1035500,0.0,0.0
2017-12-18 00:00:00-05:00,65.81959950013932,67.06130093986901,65.81959950013932,66.76969146728516,1231900,0.0,0.0
2017-12-19 00:00:00-05:00,66.7697039113009,66.86377080610042,65.65969732824068,66.14884948730469,748900,0.0,0.0
2017-12-20 00:00:00-05:00,66.44043958268257,66.78849488617503,66.08298261625065,66.35578155517578,720200,0.0,0.0
2017-12-21 00:00:00-05:00,66.7132644422565,66.92962478024134,66.3934355338425,66.75089263916016,898900,0.0,0.0
2017-12-22 00:00:00-05:00,66.57211798081175,67.2682284136811,66.47805113705216,67.10830688476562,568000,0.0,0.0
2017-12-26 00:00:00-05:00,66.92959596101203,67.09891918574719,66.73205339496127,66.85433959960938,493700,0.0,0.0
2017-12-27 00:00:00-05:00,67.1835713502846,67.24001720483449,66.49687684868982,66.80729675292969,710600,0.0,0.0
2017-12-28 00:00:00-05:00,66.79788971171716,66.87313888365523,65.84779804469974,66.64737701416016,941000,0.0,0.0
2017-12-29 00:00:00-05:00,66.71323035740804,67.32467568521706,66.70382869561912,66.73204803466797,494600,0.0,0.0
2018-01-02 00:00:00-05:00,66.50627226843059,67.38110757501516,65.8195778312859,65.86660766601562,879700,0.0,0.0
2018-01-03 00:00:00-05:00,66.06417012217906,66.39340773618461,64.9823832388679,65.17051696777344,1488800,0.0,0.0
2018-01-04 00:00:00-05:00,65.28340753434401,66.37459618098556,65.28340753434401,66.07357788085938,558400,0.0,0.0
2018-01-05 00:00:00-05:00,66.24288858030317,66.26170625747181,65.17991947918745,65.57500457763672,786700,0.0,0.0
2018-01-08 00:00:00-05:00,65.67851366977675,66.17707471565419,65.19876313379227,66.0830078125,573800,0.0,0.0
2018-01-09 00:00:00-05:00,66.00774201943324,66.50630299431332,65.98893151221897,66.05477905273438,953100,0.0,0.0
2018-01-10 00:00:00-05:00,65.79134728691008,66.10176710913241,65.22693195158416,65.84778594970703,715700,0.0,0.0
2018-01-11 00:00:00-05:00,65.52797329656501,66.7226374042106,65.52797329656501,66.70382690429688,1044200,0.0,0.0
2018-01-12 00:00:00-05:00,66.78848491916996,66.93899762584326,66.36518049112283,66.70382690429688,671600,0.0,0.0
2018-01-16 00:00:00-05:00,66.84494136347084,68.01139361971511,66.84494136347084,67.32469177246094,803500,0.0,0.0
2018-01-17 00:00:00-05:00,67.69156473606232,67.84207749856208,67.1271562303753,67.55046081542969,576700,0.0,0.0
2018-01-18 00:00:00-05:00,67.51280663953393,67.7762038725285,66.9295878514336,67.15534973144531,723600,0.0,0.0
2018-01-19 00:00:00-05:00,67.44697919509943,67.99257714624723,67.16477855532301,67.72918701171875,898500,0.0,0.0
2018-01-22 00:00:00-05:00,67.81383460661924,68.26536560830148,67.46578648681344,68.22773742675781,961800,0.0,0.0
2018-01-23 00:00:00-05:00,68.05844168339388,68.05844168339388,66.95784384192572,67.94556427001953,794000,0.0,0.0
2018-01-24 00:00:00-05:00,67.98316594893303,68.24656325117517,67.68214763749896,68.03961181640625,708400,0.0,0.0
2018-01-25 00:00:00-05:00,68.10544002395437,68.7451046513628,67.83264113523778,68.1712875366211,711800,0.0,0.0
2018-01-26 00:00:00-05:00,68.43470118344182,68.8956339310376,68.15249335937081,68.87682342529297,615800,0.0,0.0
2018-01-29 00:00:00-05:00,68.66985958884368,68.71689660998372,68.21832858716145,68.22773742675781,540900,0.0,0.0
2018-01-30 00:00:00-05:00,67.92670485807936,68.2559424062559,67.26822976172629,67.70094299316406,475800,0.0,0.0
2018-01-31 00:00:00-05:00,67.93612723450343,68.0866327821607,67.55044376060603,67.55985260009766,708400,0.0,0.0
2018-02-01 00:00:00-05:00,67.29644954798006,67.5222114144058,66.98602249611945,67.3999252319336,549000,0.0,0.0
2018-02-02 00:00:00-05:00,65.8478253132273,66.82613672195932,65.8478253132273,66.13943481445312,607900,0.0,0.0
2018-02-05 00:00:00-05:00,65.75374384301762,65.83840186904469,62.875248951786546,63.449066162109375,1109000,0.0,0.0
2018-02-06 00:00:00-05:00,62.17914452706028,64.1828038993611,61.200833351150536,64.08872985839844,1892700,0.0,0.0
2018-02-07 00:00:00-05:00,63.9005986804182,64.63433029742318,63.66542792230932,63.721866607666016,1391300,0.0,0.0
2018-02-08 00:00:00-05:00,63.571340984760475,64.0793105231291,61.70878601074219,61.70878601074219,1000400,0.0,0.0
2018-02-09 00:00:00-05:00,62.498980963426995,63.016352308537485,61.360755391973804,62.79999923706055,1567600,0.0,0.0
2018-02-12 00:00:00-05:00,63.14804736104213,64.19220606774753,62.83762742468136,63.825340270996094,1280100,0.0,0.0
2018-02-13 00:00:00-05:00,63.392610929028486,64.54024505007662,63.28913525078055,64.42736053466797,833400,0.0,0.0
2018-02-14 00:00:00-05:00,63.99468916348407,65.42453191945525,63.61841437628931,65.26461029052734,1103500,0.0,0.0
2018-02-15 00:00:00-05:00,66.78847769032353,66.78847769032353,64.43677072939666,64.90711212158203,2219500,0.0,0.0
2018-02-16 00:00:00-05:00,64.50262868631835,67.46578137246951,64.50262868631835,66.72264099121094,1176300,0.0,0.0
2018-02-20 00:00:00-05:00,66.49689131277343,66.99545221255582,66.09239728858049,66.2899398803711,767500,0.0,0.0
2018-02-21 00:00:00-05:00,66.35580096197009,66.98605705165541,66.12063013654924,66.14884948730469,1072600,0.0,0.0
2018-02-22 00:00:00-05:00,66.13942659490002,67.2964699679935,65.93247516419692,66.59095764160156,1992500,0.0,0.0
2018-02-23 00:00:00-05:00,66.76967574876369,67.00484647499275,66.25229728032336,66.84492492675781,848700,0.0,0.0
2018-02-26 00:00:00-05:00,66.95780448429896,67.90789615719162,66.76967078802974,67.8044204711914,904700,0.0,0.0
2018-02-27 00:00:00-05:00,67.58763550188199,68.19084350664058,67.34258000282173,67.52165985107422,1222700,0.14,0.0
2018-02-28 00:00:00-05:00,67.82327933702376,68.29453614775139,66.71111297607422,66.71111297607422,1114900,0.0,0.0
2018-03-01 00:00:00-05:00,66.88075478173585,67.46511572019631,66.12674832232345,66.83363342285156,849000,0.0,0.0
2018-03-02 00:00:00-05:00,66.62627745954119,66.87132577687242,66.107892190558,66.69225311279297,606600,0.0,0.0
2018-03-05 00:00:00-05:00,66.1361840907097,67.35202761718507,65.8628542569307,67.3237533569336,712000,0.0,0.0
2018-03-06 00:00:00-05:00,67.11639483316141,67.8609814649095,66.89962072477896,67.79500579833984,686100,0.0,0.0
2018-03-07 00:00:00-05:00,67.27662070019512,67.96465881793179,67.25777359144448,67.82328033447266,521100,0.0,0.0
2018-03-08 00:00:00-05:00,68.02120689333591,68.6055679321289,67.71017566990699,68.6055679321289,687400,0.0,0.0
2018-03-09 00:00:00-05:00,69.05796297491146,69.5009454832306,68.43590778617107,69.44439697265625,803200,0.0,0.0
2018-03-12 00:00:00-04:00,69.51037625593403,70.00990730087113,69.27474786184612,69.53865051269531,549000,0.0,0.0
2018-03-13 00:00:00-04:00,69.58577917714264,69.86852893600754,69.03911957620608,69.3218765258789,563800,0.0,0.0
2018-03-14 00:00:00-04:00,69.51038218692328,69.68003493277455,69.13337528605284,69.18050384521484,719500,0.0,0.0
2018-03-15 00:00:00-04:00,69.73657113781951,70.30207779387007,69.27474154097239,69.62347412109375,746100,0.0,0.0
2018-03-16 00:00:00-04:00,69.51978513146813,70.03816314771828,69.27472965260465,69.2841567993164,922200,0.0,0.0
2018-03-19 00:00:00-04:00,69.2842015232861,69.47270143436452,68.71869459924017,68.98259735107422,626900,0.0,0.0
2018-03-20 00:00:00-04:00,69.0014305905627,69.50096172620088,68.8223506774814,69.31246185302734,642100,0.0,0.0
2018-03-21 00:00:00-04:00,69.64232275838975,69.85910402989327,69.09566319616994,69.14279174804688,547700,0.0,0.0
2018-03-22 00:00:00-04:00,68.66212463588474,69.22763144267043,68.00236789310296,68.01179504394531,480600,0.0,0.0
2018-03-23 00:00:00-04:00,68.47364344135303,68.51134486419707,66.96562248164733,67.02217102050781,788500,0.0,0.0
2018-03-26 00:00:00-04:00,67.24833883916102,68.33223083540132,67.08811326506493,68.22855377197266,773700,0.0,0.0
2018-03-27 00:00:00-04:00,68.52074170926225,68.52074170926225,66.86192280864411,67.05042266845703,757200,0.0,0.0
2018-03-28 00:00:00-04:00,67.11641666263006,67.63480220485856,66.98446528657384,67.08814239501953,615600,0.0,0.0
2018-03-29 00:00:00-04:00,67.5122363355797,68.06832301442408,67.0975353042524,67.61591339111328,1395400,0.0,0.0
2018-04-02 00:00:00-04:00,67.57822246573988,67.87982653109863,66.89019156233154,67.2200698852539,739600,0.0,0.0
2018-04-03 00:00:00-04:00,67.49341539616579,68.00237372315019,67.26721409222043,67.87042236328125,1260100,0.0,0.0
2018-04-04 00:00:00-04:00,67.20122452381199,67.94580396170034,66.94674181750881,67.76673126220703,1108900,0.0,0.0
2018-04-05 00:00:00-04:00,67.91751923113806,68.822331311218,67.72901941100744,68.56785583496094,743300,0.0,0.0
2018-04-06 00:00:00-04:00,68.18142493848995,68.67153599828163,67.78557098383267,68.20027923583984,899500,0.0,0.0
2018-04-09 00:00:00-04:00,68.5678635279388,68.8411933313595,67.93638114976409,68.16258239746094,470200,0.0,0.0
2018-04-10 00:00:00-04:00,68.73752618411798,68.86005037955593,67.8044396107144,67.92696380615234,838400,0.0,0.0
2018-04-11 00:00:00-04:00,67.7196023073738,68.25683478431982,67.53110245928364,67.95523071289062,663500,0.0,0.0
2018-04-12 00:00:00-04:00,68.09662100260942,68.42649938937366,67.87041970751532,68.29454803466797,698500,0.0,0.0
2018-04-13 00:00:00-04:00,68.51130147890949,68.77520408088832,68.07774617697189,68.52072143554688,968500,0.0,0.0
2018-04-16 00:00:00-04:00,68.86945408426143,69.22760658878742,68.66209998502816,69.11450958251953,581500,0.0,0.0
2018-04-17 00:00:00-04:00,69.55749046819597,70.0570214101289,69.19933078091844,69.40668487548828,749400,0.0,0.0
2018-04-18 00:00:00-04:00,69.10511181336139,69.89682714784747,68.97316045608198,69.65177154541016,442200,0.0,0.0
2018-04-19 00:00:00-04:00,69.59518049412809,70.12299284608636,69.43495495460772,69.66116333007812,566300,0.0,0.0
2018-04-20 00:00:00-04:00,69.3407458085642,70.05705837021873,69.26534297242999,69.48212432861328,749600,0.0,0.0
2018-04-23 00:00:00-04:00,69.42557445044885,69.82142854626075,68.62443191597848,69.1522445678711,630100,0.0,0.0
2018-04-24 00:00:00-04:00,69.35014780165447,69.59519614397567,68.30395719996686,68.4736099243164,629000,0.0,0.0
2018-04-25 00:00:00-04:00,68.3605063726029,68.51131199162063,67.79499968290176,68.31338500976562,492700,0.0,0.0
2018-04-26 00:00:00-04:00,68.52073190412911,69.02027012368734,68.3605063271351,68.71866607666016,330500,0.0,0.0
2018-04-27 00:00:00-04:00,68.69982386123738,69.61406331199191,68.69982386123738,69.08625793457031,423000,0.0,0.0
2018-04-30 00:00:00-04:00,69.38786325590343,69.59521023581921,68.14374542236328,68.14374542236328,867500,0.0,0.0
2018-05-01 00:00:00-04:00,68.06834661460016,68.28512075801459,67.39916269101863,67.86099243164062,876500,0.0,0.0
2018-05-02 00:00:00-04:00,67.9269608530687,68.3133949147261,67.45570401152091,67.48397827148438,853100,0.0,0.0
2018-05-03 00:00:00-04:00,67.191799062505,69.71773593556236,67.191799062505,69.36900329589844,1247000,0.0,0.0
2018-05-04 00:00:00-04:00,70.02876087382754,70.21726071082203,69.29359425161013,70.10415649414062,714800,0.0,0.0
2018-05-07 00:00:00-04:00,69.98164644478344,70.69795891340243,69.66119521904899,70.64140319824219,609600,0.0,0.0
2018-05-08 00:00:00-04:00,70.37748389718395,70.64138653632172,70.09473415131103,70.50001525878906,466600,0.0,0.0
2018-05-09 00:00:00-04:00,70.67910503371728,71.29174041748047,70.2361224148299,71.29174041748047,676300,0.0,0.0
2018-05-10 00:00:00-04:00,71.49905818141085,72.08341900521572,71.49905818141085,71.64985656738281,820200,0.0,0.0
2018-05-11 00:00:00-04:00,71.81010337794181,72.04573174477763,71.20689533410669,71.3482666015625,421100,0.0,0.0
2018-05-14 00:00:00-04:00,71.48965528268101,71.63103376116071,70.88644715258852,70.92414855957031,491200,0.0,0.0
2018-05-15 00:00:00-04:00,70.81081908369852,70.84859075556514,70.16871507038549,70.74472045898438,502100,0.14,0.0
2018-05-16 00:00:00-04:00,70.80137903915524,71.29239634745771,70.66917459024083,71.08465576171875,472200,0.0,0.0
2018-05-17 00:00:00-04:00,70.99969369869048,71.3490691360805,70.58421241724133,70.76362609863281,675300,0.0,0.0
2018-05-18 00:00:00-04:00,70.5086666726097,70.82972234402452,70.2725990805325,70.70696258544922,768500,0.0,0.0
2018-05-21 00:00:00-04:00,71.16022629247294,72.18947769154485,71.0185842749662,71.82121276855469,945500,0.0,0.0
2018-05-22 00:00:00-04:00,71.76454760654329,72.75603436963394,71.42460969943856,71.50959777832031,671800,0.0,0.0
2018-05-23 00:00:00-04:00,71.23574956183793,72.24611843544636,71.23574956183793,72.09503173828125,551000,0.0,0.0
2018-05-24 00:00:00-04:00,71.9628576834726,72.09505498401155,71.19800084403828,71.89675903320312,561300,0.0,0.0
2018-05-25 00:00:00-04:00,71.92507284777354,72.5577322710071,71.79287557140267,72.16114044189453,585200,0.0,0.0
2018-05-29 00:00:00-04:00,71.78344397379291,72.05728329754149,71.44351320398744,71.89675903320312,598800,0.0,0.0
2018-05-30 00:00:00-04:00,71.85896968450878,73.36036323476289,71.79287105048569,73.05819702148438,752900,0.0,0.0
2018-05-31 00:00:00-04:00,72.89768631872194,73.24706902887264,72.56719305464038,72.59552001953125,677700,0.0,0.0
2018-06-01 00:00:00-04:00,72.93545467902726,73.70031871724868,72.63328839362266,73.53034973144531,702300,0.0,0.0
2018-06-04 00:00:00-04:00,73.48311332584898,74.10633517226958,72.89766315535181,72.99209594726562,697700,0.0,0.0
2018-06-05 00:00:00-04:00,73.09597914490674,73.6436505318475,72.77492344504728,72.9354476928711,708200,0.0,0.0
2018-06-06 00:00:00-04:00,73.27539293828828,73.51146057481898,72.8127023878676,73.13375091552734,667200,0.0,0.0
2018-06-07 00:00:00-04:00,73.0959537650407,73.31313185922778,72.45384979248047,72.45384979248047,770400,0.0,0.0
2018-06-08 00:00:00-04:00,72.60492926614853,72.7843428950756,72.34053478407243,72.45384979248047,556200,0.0,0.0
2018-06-11 00:00:00-04:00,72.68048775067685,72.82212973965076,72.23667954719032,72.24612426757812,794700,0.0,0.0
2018-06-12 00:00:00-04:00,72.43497222754382,72.60494116590868,71.95339236814164,72.3688735961914,774800,0.0,0.0
2018-06-13 00:00:00-04:00,72.58607299148483,72.58607299148483,71.80232677918642,71.92507934570312,978800,0.0,0.0
2018-06-14 00:00:00-04:00,71.9628344803669,72.24611843544636,71.72676691920408,72.09503173828125,757100,0.0,0.0
2018-06-15 00:00:00-04:00,71.80232187993519,72.52940691605114,71.72677851913546,72.40665435791016,1639700,0.0,0.0
2018-06-18 00:00:00-04:00,72.24613980571579,72.27446676876075,71.5945908388322,71.84954071044922,730300,0.0,0.0
2018-06-19 00:00:00-04:00,71.5379296033976,71.73622552866392,71.05634966820129,71.64179992675781,666300,0.0,0.0
2018-06-20 00:00:00-04:00,72.19890198014033,72.19890198014033,71.2357495012675,71.48125457763672,671900,0.0,0.0
2018-06-21 00:00:00-04:00,71.51903580890573,71.82120203914693,71.16966038268973,71.52848052978516,867200,0.0,0.0
2018-06-22 00:00:00-04:00,71.52848904548519,72.34056223672799,71.52848904548519,72.17059326171875,705300,0.0,0.0
2018-06-25 00:00:00-04:00,72.01005991816585,72.01005991816585,71.27353018750931,71.50959777832031,811400,0.0,0.0
2018-06-26 00:00:00-04:00,71.6701282043019,71.8306524509141,71.30186330715071,71.47183227539062,559000,0.0,0.0
2018-06-27 00:00:00-04:00,71.56624265505795,71.65122351899441,70.43311403976676,70.4520034790039,610200,0.0,0.0
2018-06-28 00:00:00-04:00,70.76362189178433,70.92414612126973,70.38591231330435,70.85804748535156,684400,0.0,0.0
2018-06-29 00:00:00-04:00,71.17908133590659,71.51901916635045,70.99967490621255,71.08465576171875,1004800,0.0,0.0
2018-07-02 00:00:00-04:00,70.96190000247839,71.29239309918243,70.67861608861253,71.19796752929688,647100,0.0,0.0
2018-07-03 00:00:00-04:00,71.28295257465277,71.53790955297352,70.99967584833036,71.10354614257812,471400,0.0,0.0
2018-07-05 00:00:00-04:00,71.49071015629997,71.81176583416432,70.93359408582748,71.35851287841797,508600,0.0,0.0
2018-07-06 00:00:00-04:00,71.22630623374748,71.72676832051644,71.13188064827963,71.51902770996094,470200,0.0,0.0
2018-07-09 00:00:00-04:00,71.65123468426061,71.90619172421991,71.38684012742233,71.77399444580078,596700,0.0,0.0
2018-07-10 00:00:00-04:00,71.58512338629657,72.54828304927152,71.58512338629657,72.46329498291016,624900,0.0,0.0
2018-07-11 00:00:00-04:00,72.13281540628077,72.93544380684736,71.95340172461817,72.83157348632812,598000,0.0,0.0
2018-07-12 00:00:00-04:00,73.30369816925818,74.12521589434179,73.17150090833123,73.98357391357422,680800,0.0,0.0
2018-07-13 00:00:00-04:00,73.88915579618687,74.05912474944557,73.50200148990434,73.77584075927734,534600,0.0,0.0
2018-07-16 00:00:00-04:00,73.6625356765911,73.82305991504737,72.98265983817473,73.02043151855469,443500,0.0,0.0
2018-07-17 00:00:00-04:00,72.77492391268578,73.02987376650235,72.32167092297516,72.94489288330078,519100,0.0,0.0
2018-07-18 00:00:00-04:00,72.82210767043155,73.03928574405825,72.22721293787006,72.27442932128906,472000,0.0,0.0
2018-07-19 00:00:00-04:00,72.19890227716122,72.95432135703173,72.15169308730073,72.91654968261719,496600,0.0,0.0
2018-07-20 00:00:00-04:00,73.0204237232755,73.23760185701117,72.47274522255056,72.81268310546875,504100,0.0,0.0
2018-07-23 00:00:00-04:00,72.6427216314023,72.98265954926481,71.89674715632688,72.60494995117188,932000,0.0,0.0
2018-07-24 00:00:00-04:00,72.623820919047,72.87877069048302,70.69750894258641,71.29239654541016,1440600,0.0,0.0
2018-07-25 00:00:00-04:00,70.13095210234579,74.67289715011539,69.81934837814069,73.85137939453125,1731600,0.0,0.0
2018-07-26 00:00:00-04:00,73.87972025788807,74.41795414273581,72.85046889382622,73.19984436035156,816200,0.0,0.0
2018-07-27 00:00:00-04:00,73.1809554316044,73.6814175870435,73.05820287407394,73.2187271118164,650700,0.0,0.0
2018-07-30 00:00:00-04:00,73.19984634131386,73.48313037435774,72.57663155451439,72.62384796142578,454100,0.0,0.0
2018-07-31 00:00:00-04:00,72.83157521264313,73.4075807476441,72.44442808497702,73.28482818603516,693700,0.0,0.0
2018-08-01 00:00:00-04:00,73.6719780183966,73.90804563307313,72.90712125219247,73.76641082763672,665200,0.0,0.0
2018-08-02 00:00:00-04:00,73.86082458496094,74.2951880617859,73.73806483432492,73.86082458496094,645300,0.0,0.0
2018-08-03 00:00:00-04:00,73.86085002487523,74.2763314085125,73.26595491571949,74.14412689208984,526500,0.0,0.0
2018-08-06 00:00:00-04:00,74.3801574242486,74.69176830643973,73.79471453502727,74.37071990966797,438000,0.0,0.0
2018-08-07 00:00:00-04:00,74.37073143544421,74.71066932247909,74.10633690201948,74.47460174560547,680000,0.0,0.0
2018-08-08 00:00:00-04:00,74.50293015749125,74.72955301853776,74.21964617802497,74.51237487792969,425100,0.0,0.0
2018-08-09 00:00:00-04:00,74.70121168331985,75.0222600743244,74.47458886589257,74.94672393798828,503100,0.0,0.0
2018-08-10 00:00:00-04:00,75.19224199226956,75.19224199226956,74.26686112528296,74.47460174560547,517400,0.0,0.0
2018-08-13 00:00:00-04:00,74.42737654810948,74.73898744174775,73.94579673105123,74.238525390625,315200,0.0,0.0
2018-08-14 00:00:00-04:00,74.45570607229934,75.03171148798955,74.21963851518728,74.92784118652344,311800,0.0,0.0
2018-08-15 00:00:00-04:00,74.6256812936925,74.80509495757225,74.32351508328017,74.48403930664062,587500,0.0,0.0
2018-08-16 00:00:00-04:00,75.06949583111157,75.35277982913992,74.84287295521568,75.26779174804688,568700,0.0,0.0
2018-08-17 00:00:00-04:00,75.51330192515948,75.70215311568333,75.1828087396372,75.61717224121094,518000,0.0,0.0
2018-08-20 00:00:00-04:00,75.69273257728231,75.71161481888561,75.22059729085979,75.2489242553711,517600,0.0,0.0
2018-08-21 00:00:00-04:00,75.01282415081837,75.2300022542311,74.55957130214153,74.58789825439453,778300,0.0,0.0
2018-08-22 00:00:00-04:00,74.72011226693503,74.72011226693503,73.99302724719432,74.01190948486328,493400,0.0,0.0
2018-08-23 00:00:00-04:00,73.95526203769319,74.05913236448781,73.6625405008421,73.76641082763672,375600,0.0,0.0
2018-08-24 00:00:00-04:00,73.70031536188992,74.42740047659463,73.70031536188992,74.26687622070312,508800,0.0,0.0
2018-08-27 00:00:00-04:00,74.50294012838306,75.04117399803332,74.36129811969366,74.38018035888672,404700,0.0,0.0
2018-08-28 00:00:00-04:00,74.75788080584016,74.83342416176487,74.01190637555827,74.33296203613281,582900,0.0,0.0
2018-08-29 00:00:00-04:00,74.61624776672245,74.9939573874513,74.45572351928153,74.78621673583984,434300,0.0,0.0
2018-08-30 00:00:00-04:00,74.73899100737074,75.20168140822851,74.5218056821133,74.95616912841797,353600,0.0,0.0
2018-08-31 00:00:00-04:00,74.62568404845338,75.05061002529489,74.59735709083948,74.96562194824219,508900,0.0,0.0
2018-09-04 00:00:00-04:00,74.34241560451485,75.46609253973247,74.11578550976841,75.39999389648438,649200,0.0,0.0
2018-09-05 00:00:00-04:00,75.31501458934717,75.74937814037831,74.88065103831603,75.6455078125,748300,0.0,0.0
2018-09-06 00:00:00-04:00,75.55107938291631,76.51423205499607,75.53218993989242,76.3914794921875,1166000,0.0,0.0
2018-09-07 00:00:00-04:00,76.24983392953955,76.82583944330084,75.78714345600076,76.08930969238281,788800,0.0,0.0
2018-09-10 00:00:00-04:00,76.3159450837796,76.51424103352934,75.9854518341967,76.22151947021484,652100,0.0,0.0
2018-09-11 00:00:00-04:00,76.20262015775502,76.4292502460199,75.636059345516,75.74937438964844,643500,0.0,0.0
2018-09-12 00:00:00-04:00,75.81548655387347,75.81548655387347,74.72957393426924,75.08839416503906,651100,0.0,0.0
2018-09-13 00:00:00-04:00,75.14504655784133,75.20170048131641,74.48405289904643,74.8523178100586,515000,0.0,0.0
2018-09-14 00:00:00-04:00,74.72013041119945,74.8995441315722,74.3424279324128,74.70124816894531,433300,0.0,0.0
2018-09-17 00:00:00-04:00,74.70124451623153,75.02229304834425,74.34242429724446,75.01285552978516,311400,0.0,0.0
2018-09-18 00:00:00-04:00,75.14505610604819,76.26873322161758,74.8806614906201,75.73049926757812,804400,0.0,0.0
2018-09-19 00:00:00-04:00,75.46608633497877,75.46608633497877,74.48404428445555,74.81454467773438,525600,0.0,0.0
2018-09-20 00:00:00-04:00,75.08838291936688,75.45665502227689,74.49349513013402,75.39999389648438,546800,0.0,0.0
2018-09-21 00:00:00-04:00,75.47553090866562,76.15540672725656,75.31500667489031,75.84379577636719,843300,0.0,0.0
2018-09-24 00:00:00-04:00,75.7871508555446,75.82492253930664,74.87120733589815,75.05062103271484,513500,0.0,0.0
2018-09-25 00:00:00-04:00,75.06003246124426,75.73990812422682,74.78619325230909,75.17334747314453,566800,0.0,0.0
2018-09-26 00:00:00-04:00,75.57939648720037,75.57939648720037,74.67289785398219,74.69178009033203,467900,0.0,0.0
2018-09-27 00:00:00-04:00,74.80510159773142,75.37166239201962,74.69178655718925,75.06949615478516,584700,0.0,0.0
2018-09-28 00:00:00-04:00,75.14504115233295,75.39054627253945,74.6634612248007,75.32444763183594,801000,0.0,0.0
2018-10-01 00:00:00-04:00,75.80602003038828,76.04208761005651,74.70122548655155,74.91840362548828,468500,0.0,0.0
2018-10-02 00:00:00-04:00,75.04117116623367,75.04117116623367,73.70030890355883,74.50293731689453,756000,0.0,0.0
2018-10-03 00:00:00-04:00,74.59738235460314,74.69180798003211,74.04026612162286,74.20079040527344,656400,0.0,0.0
2018-10-04 00:00:00-04:00,73.92692518548868,74.2007644463803,72.71826031273314,73.30370330810547,907300,0.0,0.0
2018-10-05 00:00:00-04:00,73.55866288415008,74.17244006232416,73.30370585120784,73.56810760498047,503100,0.0,0.0
2018-10-08 00:00:00-04:00,73.64365105730933,74.18188493060332,73.29427559828366,73.76641082763672,343900,0.0,0.0
2018-10-09 00:00:00-04:00,73.40756838261746,73.81360488472866,72.9259957345075,73.36035919189453,749900,0.0,0.0
2018-10-10 00:00:00-04:00,72.9354640977914,73.31317380437707,71.25466346790925,71.3018798828125,1498600,0.0,0.0
2018-10-11 00:00:00-04:00,71.3773918520769,71.87786118598419,70.84860276473154,70.85804748535156,812600,0.0,0.0
2018-10-12 00:00:00-04:00,71.66068983965305,71.8495410636895,70.9619316656633,71.6512451171875,614200,0.0,0.0
2018-10-15 00:00:00-04:00,71.69844430774884,72.49162790328293,71.25463611320495,72.2083511352539,738200,0.0,0.0
2018-10-16 00:00:00-04:00,72.55772950062969,73.53977151918234,72.55772950062969,73.52088928222656,420100,0.0,0.0
2018-10-17 00:00:00-04:00,73.04877811112857,73.4925864696113,72.35945736629542,73.14320373535156,621000,0.0,0.0
2018-10-18 00:00:00-04:00,73.11486134043214,73.55866960526623,72.59550971047484,72.92601013183594,426800,0.0,0.0
2018-10-19 00:00:00-04:00,73.00153333973188,73.26592786653849,72.64271322538154,72.79379272460938,473300,0.0,0.0
2018-10-22 00:00:00-04:00,72.91657847372954,73.0015593715593,71.67958626612018,72.25558471679688,662700,0.0,0.0
2018-10-23 00:00:00-04:00,71.48125658864558,71.76454055145392,70.26315427951688,70.50865936279297,943600,0.0,0.0
2018-10-24 00:00:00-04:00,70.30092719209154,70.78250710500778,68.33685026899187,68.46904754638672,1188200,0.0,0.0
2018-10-25 00:00:00-04:00,68.56347314392427,68.86563937857125,67.43035156505096,68.46904754638672,1040700,0.0,0.0
2018-10-26 00:00:00-04:00,67.92137504198956,69.30945378243098,67.60031933672387,69.04505920410156,1107300,0.0,0.0
2018-10-29 00:00:00-04:00,69.35666406209549,69.95155907680184,68.02524642788099,68.45960998535156,825000,0.0,0.0
2018-10-30 00:00:00-04:00,70.17817218613261,72.63327365746993,70.07430187120352,71.49070739746094,2174100,0.0,0.0
2018-10-31 00:00:00-04:00,72.22725528843453,72.89768654168276,71.50017010523128,72.18004608154297,1525000,0.0,0.0
2018-11-01 00:00:00-04:00,71.97229124789867,72.71826573055186,70.98080444335938,70.98080444335938,866400,0.0,0.0
2018-11-02 00:00:00-04:00,71.10355307217296,71.28295952173215,69.9987513987942,70.27259063720703,797800,0.0,0.0
2018-11-05 00:00:00-05:00,70.33868029901733,71.1507531909928,70.14038443528509,70.84858703613281,791000,0.0,0.0
2018-11-06 00:00:00-05:00,70.83914350546274,71.16019910275284,70.31979924532486,71.08465576171875,572100,0.0,0.0
2018-11-07 00:00:00-05:00,71.72676593663219,72.30277135431568,71.084661890897,72.06670379638672,642500,0.0,0.0
2018-11-08 00:00:00-05:00,71.89673486650945,72.38775942135939,71.63234035430263,72.06670379638672,332300,0.0,0.0
2018-11-09 00:00:00-05:00,72.03833766271642,72.94674092947254,71.84908968939752,72.82373046875,475700,0.16,0.0
2018-11-12 00:00:00-05:00,72.88996691701678,73.15491696353345,72.44522624492922,72.58716583251953,376500,0.0,0.0
2018-11-13 00:00:00-05:00,72.8047940048823,72.96565547198058,72.39790444617452,72.7196273803711,576000,0.0,0.0
2018-11-14 00:00:00-05:00,72.98456706650346,73.39145656772573,71.7733631240776,71.8206787109375,1118300,0.0,0.0
2018-11-15 00:00:00-05:00,71.59357608942157,72.94671228404921,71.36646994740421,72.87101745605469,678900,0.0,0.0
2018-11-16 00:00:00-05:00,72.4736002929875,73.04135854600665,72.22757941731501,72.7007064819336,1313700,0.0,0.0
2018-11-19 00:00:00-05:00,72.47360670717352,73.37255254111655,72.1424191764984,72.54930877685547,1071500,0.0,0.0
2018-11-20 00:00:00-05:00,72.26541798898482,72.31272635568224,70.73248396496066,71.05420684814453,1182500,0.0,0.0
2018-11-21 00:00:00-05:00,71.29077724458682,71.91530838797881,70.9217387396172,71.77336883544922,988000,0.0,0.0
2018-11-23 00:00:00-05:00,71.24347008170035,72.24649708972335,71.1393815560362,71.92477416992188,270000,0.0,0.0
2018-11-26 00:00:00-05:00,72.16135186015389,72.82372695415012,71.9153237312351,72.81426239013672,598700,0.0,0.0
2018-11-27 00:00:00-05:00,72.66284079305692,72.82370222993556,72.14239823922055,72.6817626953125,561900,0.0,0.0
2018-11-28 00:00:00-05:00,72.86159234260217,74.67839914629354,72.7385818635866,74.65947723388672,686700,0.0,0.0
2018-11-29 00:00:00-05:00,74.53642337307858,74.65944101175882,73.78888907643636,74.09169006347656,466800,0.0,0.0
2018-11-30 00:00:00-05:00,74.21470070915848,74.71621416865977,73.99705911499159,74.26201629638672,825100,0.0,0.0
2018-12-03 00:00:00-05:00,74.84868859951253,75.14203224335039,73.55232526338972,74.00652313232422,848500,0.0,0.0
2018-12-04 00:00:00-05:00,74.7635342575901,75.6908591806021,73.31576672111031,73.72265625,1230200,0.0,0.0
2018-12-06 00:00:00-05:00,73.52393654715198,73.73211359253908,71.85853462274599,73.72265625,915700,0.0,0.0
2018-12-07 00:00:00-05:00,73.43880046620312,74.35666833811354,72.67233675513668,72.74803161621094,971900,0.0,0.0
2018-12-10 00:00:00-05:00,72.04778862303212,72.7574792179945,71.70713655990251,72.53038024902344,707000,0.0,0.0
2018-12-11 00:00:00-05:00,73.20223469670252,74.01601398860494,72.8615825643086,73.06029510498047,942900,0.0,0.0
2018-12-12 00:00:00-05:00,73.77942874884828,74.47019015610385,73.3630746605219,73.38200378417969,1099700,0.0,0.0
2018-12-13 00:00:00-05:00,73.40093994140625,73.94030456085981,73.18329829315276,73.40093994140625,597900,0.0,0.0
2018-12-14 00:00:00-05:00,72.93728208922006,73.33470715665146,72.4736122912028,72.77642059326172,1014600,0.0,0.0
2018-12-17 00:00:00-05:00,72.76691907336225,72.76691907336225,70.88387602218167,71.25291442871094,858800,0.0,0.0
2018-12-18 00:00:00-05:00,71.34756862458941,71.57466761276615,70.82712592319828,71.16777801513672,1034300,0.0,0.0
2018-12-19 00:00:00-05:00,71.45164628714505,71.90584419435193,70.87443073142109,71.24346923828125,869600,0.0,0.0
2018-12-20 00:00:00-05:00,71.11100027521134,71.19615968277708,69.63483890328955,70.41077423095703,1362500,0.0,0.0
2018-12-21 00:00:00-05:00,70.1268876297616,70.325600112259,68.4709430562712,68.56556701660156,1805900,0.0,0.0
2018-12-24 00:00:00-05:00,68.28168896171464,68.51825245082367,66.95693197883514,67.0420913696289,650200,0.0,0.0
2018-12-26 00:00:00-05:00,67.2597347770619,69.14277817993334,66.50272870368048,69.01976776123047,637900,0.0,0.0
2018-12-27 00:00:00-05:00,68.12085288149271,69.96605331062455,68.0546153616376,69.95658874511719,657300,0.0,0.0
2018-12-28 00:00:00-05:00,70.48646461727783,70.7703437299001,69.48343759954503,69.80516052246094,567500,0.0,0.0
2018-12-31 00:00:00-05:00,70.38238697672367,70.54325568240907,69.76732750315304,70.2593765258789,465100,0.0,0.0
2019-01-02 00:00:00-05:00,69.65376271806805,70.2782866506371,69.14278465359577,69.73892211914062,879000,0.0,0.0
2019-01-03 00:00:00-05:00,69.36044311523438,69.97550263508896,69.15226601402625,69.36044311523438,731100,0.0,0.0
2019-01-04 00:00:00-05:00,70.05119735151388,70.40131400488156,69.68215879063695,70.04173278808594,717400,0.0,0.0
2019-01-07 00:00:00-05:00,69.99440100399853,70.99742781155663,69.80514589545838,70.67570495605469,736300,0.0,0.0
2019-01-08 00:00:00-05:00,71.15831132918447,71.53681444442039,70.52432276228855,71.48004150390625,646100,0.0,0.0
2019-01-09 00:00:00-05:00,71.55573745992668,72.18026141028678,71.32863127857225,72.0572509765625,499400,0.0,0.0
2019-01-10 00:00:00-05:00,72.04776160112777,73.06971740722656,71.63140763138159,73.06971740722656,775000,0.0,0.0
2019-01-11 00:00:00-05:00,72.92780244846982,73.52393992637653,72.77640554808615,73.2873764038086,647900,0.0,0.0
2019-01-14 00:00:00-05:00,72.86156805172034,73.81728674498449,72.53984511262225,73.48609924316406,686200,0.0,0.0
2019-01-15 00:00:00-05:00,73.78890373578234,74.820317321145,73.7415881392984,74.7067642211914,784600,0.0,0.0
2019-01-16 00:00:00-05:00,74.7635576726703,74.90549726801038,73.72267933908915,74.14849090576172,843100,0.0,0.0
2019-01-17 00:00:00-05:00,73.92139064872467,75.09474399317654,73.92139064872467,74.78247833251953,518900,0.0,0.0
2019-01-18 00:00:00-05:00,75.11366127000409,76.11669570424338,75.11366127000409,76.10723114013672,357500,0.0,0.0
2019-01-22 00:00:00-05:00,75.80441114452556,76.32485375029938,75.37859971750724,75.92742156982422,566200,0.0,0.0
2019-01-23 00:00:00-05:00,76.1166830556861,76.36270392680014,75.84226849697032,76.05044555664062,499900,0.0,0.0
2019-01-24 00:00:00-05:00,76.05989596031974,76.33431049399863,75.66247100230697,75.94635009765625,488300,0.0,0.0
2019-01-25 00:00:00-05:00,76.41946276889908,76.74118561186245,76.16397018716332,76.62763977050781,464200,0.0,0.0
2019-01-28 00:00:00-05:00,76.14507723805983,76.34378975532742,75.8990491226752,76.30593872070312,775800,0.0,0.0
2019-01-29 00:00:00-05:00,76.49518604023713,76.7979943147209,76.05990997468662,76.66551208496094,301000,0.0,0.0
2019-01-30 00:00:00-05:00,76.84530611681407,78.33092498779297,76.42895194019552,78.33092498779297,1042600,0.0,0.0
2019-01-31 00:00:00-05:00,78.25520593635628,79.13522247913744,77.88616743964276,79.06898498535156,1566200,0.0,0.0
2019-02-01 00:00:00-05:00,79.11631527555171,79.87332153320312,78.53909962844553,79.87332153320312,1575000,0.0,0.0
2019-02-04 00:00:00-05:00,79.77867481550366,79.77867481550366,78.76618329400002,79.1730728149414,706500,0.0,0.0
2019-02-05 00:00:00-05:00,79.40965165990025,80.1571933529629,79.26771208437121,79.95848083496094,945500,0.0,0.0
2019-02-06 00:00:00-05:00,79.79761545510672,79.97739883727421,79.13523320809841,79.60836029052734,373400,0.0,0.0
2019-02-07 00:00:00-05:00,79.23931372833361,79.57050120866334,78.78511581798014,79.2677001953125,569600,0.0,0.0
2019-02-08 00:00:00-05:00,79.2203944330254,79.22985899544534,78.51070385779312,79.21092987060547,727400,0.0,0.0
2019-02-11 00:00:00-05:00,79.30554780135532,79.96792995277019,78.99328945871984,79.1730728149414,667600,0.0,0.0
2019-02-12 00:00:00-05:00,79.41910140506339,80.48836586509356,79.32447744548162,80.38427734375,686200,0.0,0.0
2019-02-13 00:00:00-05:00,80.45997228475636,80.47890140660618,79.39070791927224,79.40962982177734,1067400,0.0,0.0
2019-02-14 00:00:00-05:00,78.53910742865668,79.12578769757076,76.32487581703914,76.64659881591797,1572700,0.0,0.0
2019-02-15 00:00:00-05:00,77.26166622805998,78.79459359727205,76.89262762292762,78.36878204345703,1173500,0.0,0.0
2019-02-19 00:00:00-05:00,77.9240369166184,78.44447964768776,77.79156189768203,78.03759002685547,601200,0.0,0.0
2019-02-20 00:00:00-05:00,78.00919430125609,79.0500724205864,77.971343269,78.94598388671875,743500,0.0,0.0
2019-02-21 00:00:00-05:00,78.71888541968023,79.02168646033344,78.29306671856567,78.67156982421875,643900,0.0,0.0
2019-02-22 00:00:00-05:00,78.89867240327136,79.22040258454149,78.34985045532262,78.9365234375,500000,0.0,0.0
2019-02-25 00:00:00-05:00,79.08792225296204,79.33394312987471,78.11328165003005,78.45393371582031,616500,0.0,0.0
2019-02-26 00:00:00-05:00,78.39714118920534,78.72832863998423,78.06595373842647,78.29305267333984,713900,0.0,0.0
2019-02-27 00:00:00-05:00,78.06596910422678,79.36233991740713,78.06596910422678,79.33394622802734,560200,0.0,0.0
2019-02-28 00:00:00-05:00,79.19172707159262,79.53303044160577,78.89782976030594,79.0684814453125,710300,0.16,0.0
2019-03-01 00:00:00-05:00,79.56148871107752,79.61837744071173,79.10642227290765,79.36239624023438,529100,0.0,0.0
2019-03-04 00:00:00-05:00,79.77953231932682,80.39577494322648,79.43822893480237,80.01654815673828,631500,0.0,0.0
2019-03-05 00:00:00-05:00,80.16824025719444,81.03098143890226,79.84590216720461,79.85538482666016,617600,0.0,0.0
2019-03-06 00:00:00-05:00,79.86488433479919,80.22515317124382,79.63735107130658,80.00709533691406,492300,0.0,0.0
2019-03-07 00:00:00-05:00,79.96916408891427,80.39579705347602,79.49513228372432,80.38631439208984,563300,0.0,0.0
2019-03-08 00:00:00-05:00,79.97863781231285,80.43370424387466,79.79850343186311,80.36734008789062,506000,0.0,0.0
2019-03-11 00:00:00-04:00,80.28200012376819,81.09733513626068,80.28200012376819,81.08785247802734,489800,0.0,0.0
2019-03-12 00:00:00-04:00,81.3533242214058,81.3533242214058,80.60435321051376,80.69916534423828,496900,0.0,0.0
2019-03-13 00:00:00-04:00,81.15421301494186,81.45759296659375,80.72758744432622,80.77498626708984,527900,0.0,0.0
2019-03-14 00:00:00-04:00,80.69915578791075,80.7181138725205,80.15875996216546,80.41473388671875,533700,0.0,0.0
2019-03-15 00:00:00-04:00,80.58539706129244,80.77500686700002,80.00707775078878,80.0924072265625,648400,0.0,0.0
2019-03-18 00:00:00-04:00,79.94070748412008,80.50006866455078,79.87434333388083,80.50006866455078,618600,0.0,0.0
2019-03-19 00:00:00-04:00,80.67069917578688,80.89823956564294,80.09238724272814,80.27251434326172,800600,0.0,0.0
2019-03-20 00:00:00-04:00,80.17774709282152,80.58541477453643,79.7037152412066,80.00709533691406,525900,0.0,0.0
2019-03-21 00:00:00-04:00,79.82691519325041,80.83186706157365,79.66574619197662,80.7655029296875,649900,0.0,0.0
2019-03-22 00:00:00-04:00,80.79395950084371,81.19214437019517,80.43369080015967,80.90772247314453,532100,0.0,0.0
2019-03-25 00:00:00-04:00,81.10683303521952,81.96008437468133,80.96462206759246,81.85579681396484,751300,0.0,0.0
2019-03-26 00:00:00-04:00,82.58582035042667,83.50544319500696,82.58582035042667,83.30635070800781,2433100,0.0,0.0
2019-03-27 00:00:00-04:00,83.30634061143519,84.15959195711876,83.30634061143519,83.64764404296875,1254900,0.0,0.0
2019-03-28 00:00:00-04:00,83.65710969568782,84.43452136931737,83.61918629293156,84.12166595458984,1103500,0.0,0.0
2019-03-29 00:00:00-04:00,84.54829089322543,84.54829089322543,83.73295582343921,83.98892974853516,753700,0.0,0.0
2019-04-01 00:00:00-04:00,84.28282690079634,84.37763178201153,82.4815052251124,83.09774780273438,732200,0.0,0.0
2019-04-02 00:00:00-04:00,83.24944493184495,83.24944493184495,82.32034684937697,82.76593780517578,584100,0.0,0.0
2019-04-03 00:00:00-04:00,83.04087771234965,83.75192533066449,82.59529394738537,83.6666030883789,1466700,0.0,0.0
2019-04-04 00:00:00-04:00,83.87517411926585,83.9889371034265,82.91762801473006,83.0882797241211,571400,0.0,0.0
2019-04-05 00:00:00-04:00,83.10723471029623,83.53386031415353,82.90813504647038,83.29684448242188,459800,0.0,0.0
2019-04-08 00:00:00-04:00,82.96501818080235,83.26839813567439,82.45306315074039,83.20203399658203,479400,0.0,0.0
2019-04-09 00:00:00-04:00,83.42009679325356,83.42009679325356,82.81333679406872,83.1546401977539,456100,0.0,0.0
2019-04-10 00:00:00-04:00,83.0882758074389,83.9036109101899,82.98398825477426,83.78984069824219,461200,0.0,0.0
2019-04-11 00:00:00-04:00,82.2160595734752,82.95554787148275,81.02149765884393,82.89866638183594,1188100,0.0,0.0
2019-04-12 00:00:00-04:00,83.29684544916506,83.5433439423086,82.57631528705662,83.43905639648438,592100,0.0,0.0
2019-04-15 00:00:00-04:00,83.81829640415442,84.52934401979951,83.77089033651794,84.42505645751953,668300,0.0,0.0
2019-04-16 00:00:00-04:00,84.76636334678372,84.76636334678372,83.87518131757558,84.10271453857422,817300,0.0,0.0
2019-04-17 00:00:00-04:00,84.3776329779436,84.47243786050252,83.40112894460381,83.628662109375,726300,0.0,0.0
2019-04-18 00:00:00-04:00,83.92256368166693,83.98892782614686,83.28736297976634,83.95101165771484,822900,0.0,0.0
2019-04-22 00:00:00-04:00,84.01738235376885,84.2923216118106,83.76140118142143,84.18803405761719,1363600,0.0,0.0
2019-04-23 00:00:00-04:00,84.49139367207931,84.6810034158671,84.00787942232799,84.61463928222656,666000,0.0,0.0
2019-04-24 00:00:00-04:00,84.98441331686611,85.41103900741871,84.49142346926867,84.60518646240234,856500,0.0,0.0
2019-04-25 00:00:00-04:00,86.34012005076585,88.26468729458632,85.84713034242284,86.36856079101562,1189100,0.0,0.0
2019-04-26 00:00:00-04:00,86.37804398224304,87.14597290632398,86.15998625040042,87.01324462890625,816500,0.0,0.0
2019-04-29 00:00:00-04:00,87.35458140160047,87.55367389389855,86.71938051191356,87.43991088867188,461100,0.0,0.0
2019-04-30 00:00:00-04:00,87.62950515994251,88.113019545757,87.16495609373258,87.95184326171875,805300,0.0,0.0
2019-05-01 00:00:00-04:00,88.21729772972903,88.21729772972903,87.13650608792342,87.15546417236328,691400,0.0,0.0
2019-05-02 00:00:00-04:00,87.269237262636,87.61054065902805,87.08910290533197,87.45884704589844,628600,0.0,0.0
2019-05-03 00:00:00-04:00,87.62950677841626,88.17938532670243,87.35456750427318,88.1035385131836,776500,0.0,0.0
2019-05-06 00:00:00-04:00,87.24079728399492,88.16990266672501,87.24079728399492,88.1035385131836,969700,0.0,0.0
2019-05-07 00:00:00-04:00,87.2677780006297,87.91357314772517,86.2421020766034,86.54600524902344,835300,0.16,0.0
2019-05-08 00:00:00-04:00,86.17565000301161,87.04937823251305,86.17565000301161,86.75496673583984,1158300,0.0,0.0
2019-05-09 00:00:00-04:00,86.52705036251092,87.0493875531615,86.07119179197713,87.00189971923828,679000,0.0,0.0
2019-05-10 00:00:00-04:00,86.93540878573998,88.31246882695447,86.75496373714114,88.18901062011719,1347400,0.0,0.0
2019-05-13 00:00:00-04:00,86.72647748899436,87.91360076126247,86.72647748899436,87.57170867919922,1032000,0.0,0.0
2019-05-14 00:00:00-04:00,87.68567847642275,88.5309096989643,87.68567847642275,88.06555938720703,876400,0.0,0.0
2019-05-15 00:00:00-04:00,87.92310311910546,89.56607773284118,87.44825379214416,89.30016326904297,691900,0.0,0.0
2019-05-16 00:00:00-04:00,89.48061642506832,90.4588049677819,89.25269075628708,90.11691284179688,747500,0.0,0.0
2019-05-17 00:00:00-04:00,89.97444021429597,90.44928949782495,89.51858895965817,89.72752380371094,822300,0.0,0.0
2019-05-20 00:00:00-04:00,89.9174804702923,90.24037457647852,89.51860872301755,89.6420669555664,689700,0.0,0.0
2019-05-21 00:00:00-04:00,90.15488840494497,90.59174889155288,89.6800391048548,89.80349731445312,869100,0.0,0.0
2019-05-22 00:00:00-04:00,89.80348566407915,90.58223812537301,89.62304788047862,90.15487670898438,772500,0.0,0.0
2019-05-23 00:00:00-04:00,89.89849031005316,90.06942913525499,89.4996113143688,90.04093933105469,686600,0.0,0.0
2019-05-24 00:00:00-04:00,90.33530795596785,90.98110311160785,89.83196175364138,89.85095977783203,636400,0.0,0.0
2019-05-28 00:00:00-04:00,90.0219301830648,90.87666036288117,88.9392743705058,88.99625396728516,2898200,0.0,0.0
2019-05-29 00:00:00-04:00,88.90125449310923,89.08169948069212,87.77111124771778,88.31243896484375,949600,0.0,0.0
2019-05-30 00:00:00-04:00,88.17951260053009,89.0532335640645,88.08454419068943,88.99625396728516,880300,0.0,0.0
2019-05-31 00:00:00-04:00,88.56887438910006,89.88895457913547,88.29346098494266,89.87945556640625,1228800,0.0,0.0
2019-06-03 00:00:00-04:00,89.39514632311891,89.46162494995386,87.6951845847659,89.45213317871094,1457300,0.0,0.0
2019-06-04 00:00:00-04:00,89.47111470029475,89.47111470029475,86.42258270723977,86.86894226074219,2150400,0.0,0.0
2019-06-05 00:00:00-04:00,87.22031197825936,88.63536804473563,87.15383336910864,88.22699737548828,828000,0.0,0.0
2019-06-06 00:00:00-04:00,88.57837732550824,88.58787633943524,87.88510146695518,88.43592834472656,557700,0.0,0.0
2019-06-07 00:00:00-04:00,89.07223019113746,90.06940934720355,88.75882792253451,89.15769958496094,908700,0.0,0.0
2019-06-10 00:00:00-04:00,89.48062134988524,89.49012036658162,88.54991334556266,88.92979431152344,726700,0.0,0.0
2019-06-11 00:00:00-04:00,88.91077760233127,89.30964923976931,87.98006986935118,88.43592834472656,793900,0.0,0.0
2019-06-12 00:00:00-04:00,87.98956604226733,89.36662594660855,87.88509862931735,89.17668914794922,777300,0.0,0.0
2019-06-13 00:00:00-04:00,89.25265860438618,89.32862896952852,88.56887459873882,88.9107666015625,470100,0.0,0.0
2019-06-14 00:00:00-04:00,88.98675366485872,89.79400325088542,88.41693596843555,89.70852661132812,457500,0.0,0.0
2019-06-17 00:00:00-04:00,89.91745372961498,89.96494155257949,89.31914628663435,89.43310546875,519100,0.0,0.0
2019-06-18 00:00:00-04:00,89.50909054251936,90.09790626644956,89.10071986613431,89.57556915283203,457300,0.0,0.0
2019-06-19 00:00:00-04:00,89.86049145403337,90.65823486506034,89.33815428327102,90.63924407958984,791700,0.0,0.0
2019-06-20 00:00:00-04:00,90.58224059474304,91.30401348569455,90.12638937091808,90.80067443847656,598500,0.0,0.0
2019-06-21 00:00:00-04:00,90.7436991328341,91.1235727554219,90.22136203333848,90.58224487304688,858000,0.0,0.0
2019-06-24 00:00:00-04:00,90.9051585772224,91.24705068080112,90.24986417109216,90.91465759277344,890500,0.0,0.0
2019-06-25 00:00:00-04:00,91.18053266671592,91.18053266671592,89.93642300960491,89.96492004394531,581300,0.0,0.0
2019-06-26 00:00:00-04:00,89.95545151817232,89.95545151817232,88.4644250231216,88.72084045410156,700700,0.0,0.0
2019-06-27 00:00:00-04:00,88.80631850647114,90.78168609650862,88.71135009517734,90.7626953125,1104900,0.0,0.0
2019-06-28 00:00:00-04:00,90.92415720126718,90.92415720126718,89.97445844181405,90.77220916748047,975600,0.0,0.0
2019-07-01 00:00:00-04:00,91.24703389412257,91.29451447189103,89.77499831643355,90.80067443847656,608800,0.0,0.0
2019-07-02 00:00:00-04:00,90.80070981897579,91.81688732316887,90.14541527806423,91.80738830566406,764300,0.0,0.0
2019-07-03 00:00:00-04:00,92.04479473207614,93.00399243187634,91.84535887787281,92.82354736328125,376000,0.0,0.0
2019-07-05 00:00:00-04:00,92.46265588613845,92.66209172182326,91.32302046918944,92.01629638671875,356400,0.0,0.0
2019-07-08 00:00:00-04:00,91.75989946530746,92.02581396653218,90.8481894986969,91.13309478759766,592200,0.0,0.0
2019-07-09 00:00:00-04:00,90.95263467439736,92.55762767888642,90.80068666121008,92.51014709472656,979400,0.0,0.0
2019-07-10 00:00:00-04:00,92.55761430588645,92.92799613869688,91.6269138398177,91.92131805419922,602800,0.0,0.0
2019-07-11 00:00:00-04:00,91.88334033497607,92.00679854560569,91.42748181500646,91.72189331054688,582600,0.0,0.0
2019-07-12 00:00:00-04:00,92.03526430783192,92.11123466398377,91.04757722162897,92.00676727294922,747800,0.0,0.0
2019-07-15 00:00:00-04:00,92.28219141966208,92.35816903030766,91.76935341624002,92.09225463867188,304100,0.0,0.0
2019-07-16 00:00:00-04:00,91.788353744337,92.37716212755188,91.56991991965721,92.18722534179688,362700,0.0,0.0
2019-07-17 00:00:00-04:00,92.18721758733345,92.53860858160877,91.78834602342525,91.91180419921875,523100,0.0,0.0
2019-07-18 00:00:00-04:00,91.45594062487719,91.5319109750903,90.81014555152053,91.02857208251953,744500,0.0,0.0
2019-07-19 00:00:00-04:00,90.85765477616408,90.98112021975001,89.68952966559858,89.8224868774414,833100,0.0,0.0
2019-07-22 00:00:00-04:00,90.05043236076413,90.32584585910102,89.55659221432894,90.01244354248047,497400,0.0,0.0
2019-07-23 00:00:00-04:00,89.91744882875852,90.61073187988153,89.91744882875852,90.21185302734375,771400,0.0,0.0
2019-07-24 00:00:00-04:00,89.86048552072968,90.04092333047609,88.89178887629981,89.36663818359375,641500,0.0,0.0
2019-07-25 00:00:00-04:00,89.42363286098578,90.03143944791572,89.13872035340097,89.22418975830078,753700,0.0,0.0
2019-07-26 00:00:00-04:00,89.4331267435005,90.6582389620503,89.12922344285741,90.01244354248047,1280000,0.0,0.0
2019-07-29 00:00:00-04:00,90.16438628936803,90.57275697215101,89.17669888808766,89.41412353515625,1042600,0.0,0.0
2019-07-30 00:00:00-04:00,87.37227026331148,88.4359352923334,86.9449087961432,87.06836700439453,1813200,0.0,0.0
2019-07-31 00:00:00-04:00,87.13482728151018,87.42923146380726,85.31140811168059,86.1566390991211,1518200,0.0,0.0
2019-08-01 00:00:00-04:00,86.37507877002743,86.4795461884186,85.24494244157951,85.64381408691406,1038900,0.0,0.0
2019-08-02 00:00:00-04:00,84.99801055389656,86.0521764041032,84.84605532528612,85.52034759521484,910100,0.0,0.0
2019-08-05 00:00:00-04:00,85.11197691392498,85.8147517316808,83.5354740235379,84.13378143310547,622700,0.0,0.0
2019-08-06 00:00:00-04:00,84.32373955286482,85.52985358663793,84.31424053809094,85.39689636230469,737600,0.0,0.0
2019-08-07 00:00:00-04:00,85.38739742843524,86.45105513385137,84.92203993669098,86.35608673095703,1143000,0.0,0.0
2019-08-08 00:00:00-04:00,86.78342698339901,87.9610580778341,86.43204325389847,87.84709167480469,765300,0.0,0.0
2019-08-09 00:00:00-04:00,87.82809189464038,88.38938871903615,86.98139617931751,87.29534149169922,764000,0.16,0.0
2019-08-12 00:00:00-04:00,87.0765311832941,87.98982072038437,86.95285905347917,87.20021057128906,449700,0.0,0.0
2019-08-13 00:00:00-04:00,87.25728988909356,88.8936030500948,87.03847753274472,88.5416030883789,821500,0.0,0.0
2019-08-14 00:00:00-04:00,87.89468671165922,88.48452270615216,85.87783447148524,85.98248291015625,607000,0.0,0.0
2019-08-15 00:00:00-04:00,86.24885702086148,87.38095153057813,85.75415403901653,86.82917022705078,765600,0.0,0.0
2019-08-16 00:00:00-04:00,87.39999041712987,88.0754438983957,86.4581544747263,88.00885009765625,533000,0.0,0.0
2019-08-19 00:00:00-04:00,88.3132744396777,89.1980247419501,85.7541564911112,88.71283721923828,480800,0.0,0.0
2019-08-20 00:00:00-04:00,88.46549171091212,88.63673395062932,87.55220218514702,87.83760833740234,671900,0.0,0.0
2019-08-21 00:00:00-04:00,88.18959216482591,88.32277975363795,87.69489644326391,87.88516235351562,362900,0.0,0.0
2019-08-22 00:00:00-04:00,87.88516833145773,88.25619196241104,86.61988615167891,87.00993347167969,465100,0.0,0.0
2019-08-23 00:00:00-04:00,86.91482371737814,87.09558147340232,84.584032874099,84.73624420166016,559300,0.0,0.0
2019-08-26 00:00:00-04:00,85.09770748124224,86.10613693337761,84.91695707892661,86.03954315185547,434200,0.0,0.0
2019-08-27 00:00:00-04:00,86.71502558798467,87.62831515222953,86.50572870193643,86.84821319580078,682400,0.0,0.0
2019-08-28 00:00:00-04:00,86.60086172826085,86.9052915832117,86.20129890454666,86.76258850097656,452500,0.0,0.0
2019-08-29 00:00:00-04:00,87.19067312192267,87.6282904611795,86.61035274073514,86.77207946777344,609700,0.0,0.0
2019-08-30 00:00:00-04:00,87.15262955540071,87.72343453739491,87.0384656557302,87.42852020263672,418800,0.0,0.0
2019-09-03 00:00:00-04:00,87.03846606010036,87.1050598540061,85.85880145740786,86.28690338134766,614600,0.0,0.0
2019-09-04 00:00:00-04:00,86.66745164379543,87.59977211547938,86.54377951576978,87.3333969116211,352000,0.0,0.0
2019-09-05 00:00:00-04:00,88.00883948992944,88.66526194433388,87.04797997377578,87.26679229736328,458800,0.0,0.0
2019-09-06 00:00:00-04:00,87.37144386594461,87.74247476457694,86.94334189870871,87.41901397705078,709200,0.0,0.0
2019-09-09 00:00:00-04:00,87.83759788809094,87.86613704828541,85.26896459790194,85.44972229003906,602000,0.0,0.0
2019-09-10 00:00:00-04:00,85.4211905600801,85.44021424913815,83.75633832758292,84.94551849365234,1296600,0.0,0.0
2019-09-11 00:00:00-04:00,85.13576960574761,85.71609000648462,84.14637100872352,84.68863677978516,1044400,0.0,0.0
2019-09-12 00:00:00-04:00,84.92646347313128,85.58289306134736,84.73619760376488,84.78376770019531,635500,0.0,0.0
2019-09-13 00:00:00-04:00,85.09774952528173,85.14531964623376,84.18445981681786,84.28910827636719,681700,0.0,0.0
2019-09-16 00:00:00-04:00,84.1749131155193,84.73620254359578,83.86096788040292,84.16539764404297,712200,0.0,0.0
2019-09-17 00:00:00-04:00,83.91806492656873,85.45924503177089,83.8705020749254,85.32605743408203,817400,0.0,0.0
2019-09-18 00:00:00-04:00,85.51631964153884,85.706585556205,84.62205387461327,85.6399917602539,702500,0.0,0.0
2019-09-19 00:00:00-04:00,85.62096834270095,86.24885892780688,85.31653852336518,85.9349136352539,822400,0.0,0.0
2019-09-20 00:00:00-04:00,85.62096227351418,86.6484155627593,85.62096227351418,86.22030639648438,1101800,0.0,0.0
2019-09-23 00:00:00-04:00,85.88732896727099,86.8006182704526,85.88732896727099,86.56278228759766,731200,0.0,0.0
2019-09-24 00:00:00-04:00,86.86723526674781,87.5236650774463,86.22983640434268,86.85772705078125,1266200,0.0,0.0
2019-09-25 00:00:00-04:00,86.87674887328996,87.21923335340671,86.2393500245871,86.57231903076172,796500,0.0,0.0
2019-09-26 00:00:00-04:00,86.7435468476579,87.91370316985402,86.55328094953144,87.79002380371094,775300,0.0,0.0
2019-09-27 00:00:00-04:00,88.23717445595962,88.32279194994186,85.44022018832285,86.04907989501953,1204700,0.0,0.0
2019-09-30 00:00:00-04:00,86.11565875920782,87.73294797182368,86.08711959949807,87.52365112304688,699800,0.0,0.0
2019-10-01 00:00:00-04:00,87.61881265490155,88.0183755375281,86.80065593818165,86.81968688964844,423400,0.0,0.0
2019-10-02 00:00:00-04:00,86.41059811808537,86.52475478040392,85.10725391056496,86.07762908935547,655900,0.0,0.0
2019-10-03 00:00:00-04:00,86.07762023584084,87.13360554457643,85.77319040400272,87.0955581665039,590900,0.0,0.0
2019-10-04 00:00:00-04:00,87.3714540120923,88.66528279608502,87.32389115364272,88.62723541259766,507500,0.0,0.0
2019-10-07 00:00:00-04:00,88.47501706456009,88.73187682372863,88.06593873834296,88.24669647216797,498700,0.0,0.0
2019-10-08 00:00:00-04:00,87.8471249097732,87.85664038460155,86.44865495359383,86.48670959472656,700000,0.0,0.0
2019-10-09 00:00:00-04:00,86.94333623657592,87.73295357716357,86.45814871597418,87.61878967285156,308800,0.0,0.0
2019-10-10 00:00:00-04:00,87.36194622894939,88.35134514268907,87.24778230337839,87.86615753173828,311900,0.0,0.0
2019-10-11 00:00:00-04:00,88.7223453792245,88.92212675253701,87.60926735908498,87.6568374633789,333700,0.0,0.0
2019-10-14 00:00:00-04:00,87.65684398869546,87.96127380757375,87.23825026592053,87.40949249267578,247400,0.0,0.0
2019-10-15 00:00:00-04:00,87.66637171840975,87.91372324901128,86.83869963034712,87.0479965209961,473800,0.0,0.0
2019-10-16 00:00:00-04:00,87.04797671313378,87.49510955810547,86.06809354641476,87.49510955810547,692900,0.0,0.0
2019-10-17 00:00:00-04:00,87.80906760814628,88.09446649713288,87.00041927723467,87.7614974975586,646100,0.0,0.0
2019-10-18 00:00:00-04:00,87.72345742109322,89.64517698019786,87.72345742109322,89.61663055419922,788800,0.0,0.0
2019-10-21 00:00:00-04:00,89.67371077798713,89.89251589027327,89.05533556563911,89.14095306396484,505000,0.0,0.0
2019-10-22 00:00:00-04:00,89.42634212275023,89.75931109391186,88.42742795108612,88.56061553955078,767000,0.0,0.0
2019-10-23 00:00:00-04:00,88.37034509948411,89.07433763930408,87.40948561066546,87.53316497802734,622400,0.0,0.0
2019-10-24 00:00:00-04:00,87.83761151875144,88.37036194686488,87.10507242191528,87.90420532226562,549500,0.0,0.0
2019-10-25 00:00:00-04:00,87.96127723844566,88.42743382905843,86.65793316962908,86.88626098632812,584600,0.0,0.0
2019-10-28 00:00:00-04:00,86.89577792470989,87.44755931652001,85.22141731658184,85.57341003417969,1728700,0.0,0.0
2019-10-29 00:00:00-04:00,84.54594527331723,88.34180586300181,84.25102369294055,87.82807922363281,2650900,0.0,0.0
2019-10-30 00:00:00-04:00,88.11348645581877,88.39888530921267,86.772087892877,88.07543182373047,915900,0.0,0.0
2019-10-31 00:00:00-04:00,87.90420532226562,88.97922165276027,87.39999405877539,87.90420532226562,1247300,0.0,0.0
2019-11-01 00:00:00-04:00,88.45596983520994,88.45596983520994,87.20019602393539,87.53316497802734,744100,0.0,0.0
2019-11-04 00:00:00-05:00,87.6948997115549,87.6948997115549,85.5258363178582,85.5924301147461,749000,0.0,0.0
2019-11-05 00:00:00-05:00,85.62097618208912,85.81124211477729,84.36520215507902,85.46875762939453,565400,0.0,0.0
2019-11-06 00:00:00-05:00,85.62095557346012,86.59132320969421,85.57338547264797,85.87781524658203,656800,0.0,0.0
2019-11-07 00:00:00-05:00,86.04908470892886,86.2203269646535,85.02163843276165,85.30703735351562,755900,0.0,0.0
2019-11-08 00:00:00-05:00,85.42620754456225,85.75032982474535,84.3203631866016,84.69215393066406,1270400,0.185,0.0
2019-11-11 00:00:00-05:00,84.69211962056227,85.121113802125,84.32032902711799,84.4251937866211,1269800,0.0,0.0
2019-11-12 00:00:00-05:00,84.66353551506744,84.66353551506744,84.20595037327332,84.36801147460938,1876600,0.0,0.0
2019-11-13 00:00:00-05:00,84.32987679630581,85.31178580667677,84.12014724589947,84.84466552734375,2532200,0.0,0.0
2019-11-14 00:00:00-05:00,84.8446663034269,85.8075123058339,84.73026638219942,85.5787124633789,1191700,0.0,0.0
2019-11-15 00:00:00-05:00,85.79798821005075,86.09351228646598,84.80654391795233,85.0639419555664,1312800,0.0,0.0
2019-11-18 00:00:00-05:00,85.16879820755533,86.24604425392653,84.9209425930998,85.97911834716797,1152600,0.0,0.0
2019-11-19 00:00:00-05:00,85.95051858524049,86.2841759624905,85.62638908077952,85.9695816040039,897900,0.0,0.0
2019-11-20 00:00:00-05:00,86.21744680964468,86.66550413110144,84.95907661498455,85.64545440673828,764000,0.0,0.0
2019-11-21 00:00:00-05:00,85.66451491317693,86.05536858578193,84.93999661926473,85.34038543701172,698600,0.0,0.0
2019-11-22 00:00:00-05:00,85.66453220504746,85.84566363338409,84.95908405902054,85.20693969726562,928100,0.0,0.0
2019-11-25 00:00:00-05:00,85.46433170317249,86.43670571271433,85.23553910207777,85.2641372680664,813700,0.0,0.0
2019-11-26 00:00:00-05:00,85.15927982962225,87.30422974218386,85.15927982962225,87.25656127929688,5536200,0.0,0.0
2019-11-27 00:00:00-05:00,87.13261128264786,87.49486677956016,86.69408917380106,87.0182113647461,627200,0.0,0.0
2019-11-29 00:00:00-05:00,87.16119932754253,87.227930786944,86.20788860855954,86.3222885131836,369300,0.0,0.0
2019-12-02 00:00:00-05:00,86.0839752813824,86.18884005992524,85.04486264123551,85.44525146484375,567700,0.0,0.0
2019-12-03 00:00:00-05:00,85.13067129365814,86.02677864667506,84.98767319559825,85.68358612060547,851400,0.0,0.0
2019-12-04 00:00:00-05:00,86.1221011785191,86.57015845463441,85.71218448346913,86.02677154541016,744200,0.0,0.0
2019-12-05 00:00:00-05:00,86.29369888020965,86.61782836605877,85.90284519592723,86.57015991210938,600100,0.0,0.0
2019-12-06 00:00:00-05:00,86.94194224717873,87.41859764825577,86.60828492106164,86.85614776611328,626600,0.0,0.0
2019-12-09 00:00:00-05:00,86.84661913461667,87.13261530598471,86.11257296210967,86.16976928710938,547700,0.0,0.0
2019-12-10 00:00:00-05:00,85.95051858524049,86.57016488305393,85.88377983660514,85.9695816040039,607000,0.0,0.0
2019-12-11 00:00:00-05:00,86.0363178754608,86.17931598030647,85.72172349943747,85.95052337646484,535100,0.0,0.0
2019-12-12 00:00:00-05:00,85.79795260389312,86.29367090762639,84.48238661564581,85.08296966552734,1039800,0.0,0.0
2019-12-13 00:00:00-05:00,84.8542017923715,85.55964979317167,84.64447223919679,85.48338317871094,722000,0.0,0.0
2019-12-16 00:00:00-05:00,85.8456475616368,85.9028438869566,85.1973958730014,85.44525146484375,858400,0.0,0.0
2019-12-17 00:00:00-05:00,85.75984850047837,86.39856506394113,85.57871710034996,86.1888427734375,887600,0.0,0.0
2019-12-18 00:00:00-05:00,86.18882782856717,86.64641291255772,85.47384477079615,85.99816131591797,973300,0.0,0.0
2019-12-19 00:00:00-05:00,86.16022431758729,86.28415937186816,85.75983554187358,85.81703186035156,1539000,0.0,0.0
2019-12-20 00:00:00-05:00,85.3976113756535,86.57017997341033,85.24507810621611,86.50344848632812,1343400,0.0,0.0
2019-12-23 00:00:00-05:00,86.53202836060647,86.75129307076698,85.92190995822732,86.04584503173828,482200,0.0,0.0
2019-12-24 00:00:00-05:00,85.94099635149871,86.27465377887918,85.75986491669798,86.1983871459961,201800,0.0,0.0
2019-12-26 00:00:00-05:00,86.14116350603521,86.27462643468719,85.73123957569442,86.2174301147461,611600,0.0,0.0
2019-12-27 00:00:00-05:00,86.4652859312892,86.77034509382358,86.2460285220967,86.65595245361328,482400,0.0,0.0
2019-12-30 00:00:00-05:00,86.55111128570185,86.82757236357007,86.08399090670405,86.36997985839844,559800,0.0,0.0
2019-12-31 00:00:00-05:00,86.3604275188178,86.75128846346315,86.10303678621538,86.55109405517578,677600,0.0,0.0
2020-01-02 00:00:00-05:00,86.59875882533596,87.48533825490615,86.59875882533596,87.44721221923828,847000,0.0,0.0
2020-01-03 00:00:00-05:00,86.78942853741702,87.59974137885796,86.78942853741702,87.32328033447266,407600,0.0,0.0
2020-01-06 00:00:00-05:00,87.06588767223185,88.58164853699266,86.9419525983584,88.52445220947266,726100,0.0,0.0
2020-01-07 00:00:00-05:00,88.23845229251786,89.09643353494592,88.17172082217262,88.25752258300781,605000,0.0,0.0
2020-01-08 00:00:00-05:00,88.13358386742347,89.16316131573336,88.06685239983955,88.91529846191406,651400,0.0,0.0
2020-01-09 00:00:00-05:00,89.16316473147273,90.11647560386857,89.00110362872978,89.37289428710938,701100,0.0,0.0
2020-01-10 00:00:00-05:00,89.22990665027315,89.51590285475544,89.0583103822209,89.43963623046875,541800,0.0,0.0
2020-01-13 00:00:00-05:00,89.43966122270075,90.92682444592299,89.28713520469245,90.62176513671875,889900,0.0,0.0
2020-01-14 00:00:00-05:00,90.69799644899298,91.00305563935495,90.36433909596968,90.68846130371094,602800,0.0,0.0
2020-01-15 00:00:00-05:00,90.95539769738795,92.0993678836753,90.8600607875431,91.72757720947266,747500,0.0,0.0
2020-01-16 00:00:00-05:00,92.0612319882847,93.18613912491439,91.76570794098545,93.1194076538086,726400,0.0,0.0
2020-01-17 00:00:00-05:00,92.87153425045926,93.6723190860631,92.76666948302085,93.58651733398438,615200,0.0,0.0
2020-01-21 00:00:00-05:00,93.24334804012169,93.6818702341942,93.09082205979404,93.44354248046875,636300,0.0,0.0
2020-01-22 00:00:00-05:00,93.76766417166058,94.0155270513138,92.80481809058044,93.10034942626953,608500,0.0,0.0
2020-01-23 00:00:00-05:00,92.18516329415142,93.12894634409592,92.09936880225744,92.94781494140625,747600,0.0,0.0
2020-01-24 00:00:00-05:00,93.4816519008487,93.92017398283924,92.95733534057445,93.82484436035156,797400,0.0,0.0
2020-01-27 00:00:00-05:00,93.25287416719544,94.28245170927157,92.88108348919882,93.9201889038086,876500,0.0,0.0
2020-01-28 00:00:00-05:00,93.99645338121105,94.32058286959774,93.519797930725,93.66279602050781,643000,0.0,0.0
2020-01-29 00:00:00-05:00,93.75812793734376,93.75812793734376,92.29956338707544,92.36629486083984,645100,0.0,0.0
2020-01-30 00:00:00-05:00,92.13750702439098,93.54840319189583,91.80384963837197,93.36727905273438,501600,0.0,0.0
2020-01-31 00:00:00-05:00,93.21473792699268,93.61512675637302,91.7561734248322,91.81336975097656,971800,0.0,0.0
2020-02-03 00:00:00-05:00,92.0707438651289,93.94876700000762,92.0707438651289,93.89156341552734,731700,0.0,0.0
2020-02-04 00:00:00-05:00,94.35871214730638,94.80676214214667,93.96785120347705,94.55890655517578,623200,0.0,0.0
2020-02-05 00:00:00-05:00,94.7781638449011,95.09275817389786,94.3396417225956,95.04508972167969,695400,0.0,0.0
2020-02-06 00:00:00-05:00,95.26435782673732,95.6838169470691,94.99743194041162,95.55035400390625,528100,0.0,0.0
2020-02-07 00:00:00-05:00,95.5503477244621,95.91260322164219,94.93069423010886,94.97835540771484,522300,0.0,0.0
2020-02-10 00:00:00-05:00,94.93069638764531,95.73147401219603,94.5493705922087,95.28341674804688,456800,0.0,0.0
2020-02-11 00:00:00-05:00,95.36921919575701,95.52174515112279,94.86396560425688,95.04508972167969,421100,0.0,0.0
2020-02-12 00:00:00-05:00,94.85442751736736,95.71240871839248,93.99644631634222,95.6075439453125,863300,0.0,0.0
2020-02-13 00:00:00-05:00,95.88402225379207,98.56282383995506,95.33110012748807,98.00037384033203,1365900,0.0,0.0
2020-02-14 00:00:00-05:00,98.44840707529485,99.13479204261004,97.45697020382237,98.96319580078125,1161500,0.0,0.0
2020-02-18 00:00:00-05:00,98.96319501142597,100.16436869464668,98.68673399773,99.78304290771484,1402600,0.0,0.0
2020-02-19 00:00:00-05:00,100.06904917565647,100.25970845179147,97.80969966021242,97.95269775390625,550400,0.0,0.0
2020-02-20 00:00:00-05:00,97.3425752767664,97.84782888328797,96.3034626276311,97.78109741210938,765800,0.0,0.0
2020-02-21 00:00:00-05:00,97.74297118942653,98.69628214576258,97.50464345034251,98.50562286376953,532500,0.0,0.0
2020-02-24 00:00:00-05:00,97.01847037322753,98.4389091917674,96.49415361632413,97.20913696289062,604500,0.0,0.0
2020-02-25 00:00:00-05:00,97.55230673648003,98.21962146126877,96.18907185025301,96.62759399414062,1064100,0.0,0.0
2020-02-26 00:00:00-05:00,97.0430482062444,97.19585307409491,95.38125610351562,95.38125610351562,1291200,0.185,0.0
2020-02-27 00:00:00-05:00,94.59810938275449,95.14248991599831,91.2076644897461,91.2076644897461,984500,0.0,0.0
2020-02-28 00:00:00-05:00,90.52001110571473,92.6784350464756,87.7885562592738,92.15315246582031,2813500,0.0,0.0
2020-03-02 00:00:00-05:00,92.23911746929855,95.08517432122646,91.27451088489435,94.98011779785156,1694300,0.0,0.0
2020-03-03 00:00:00-05:00,95.180690380638,96.92843375918658,93.31833060615774,93.83406066894531,1364100,0.0,0.0
2020-03-04 00:00:00-05:00,95.33350566027102,97.36776839154622,95.16159562055164,97.13855743408203,1406000,0.0,0.0
2020-03-05 00:00:00-05:00,95.97337538998026,98.97224439737715,94.9132648563449,97.67337036132812,1912200,0.0,0.0
2020-03-06 00:00:00-05:00,95.98293293214823,97.10034443245284,93.92001266713889,96.20259857177734,1881600,0.0,0.0
2020-03-09 00:00:00-04:00,91.30315011160599,94.1874169298825,88.46663890225784,92.11494445800781,2611000,0.0,0.0
2020-03-10 00:00:00-04:00,93.41382724555385,94.47393774392825,90.94024094033597,93.2896728515625,2030300,0.0,0.0
2020-03-11 00:00:00-04:00,91.37957203116719,92.4301300315802,88.46665425655985,89.51721954345703,1044500,0.0,0.0
2020-03-12 00:00:00-04:00,84.15935778513932,85.03800568174239,78.80150447345476,80.11947631835938,2192300,0.0,0.0
2020-03-13 00:00:00-04:00,81.8863340680917,84.74195098876953,78.10432081850321,84.74195098876953,2434700,0.0,0.0
2020-03-16 00:00:00-04:00,78.49587487047042,80.09081298227908,73.08071423729461,77.48351287841797,2896600,0.0,0.0
2020-03-17 00:00:00-04:00,78.57230139992419,82.812744140625,77.7032059158753,82.812744140625,6241000,0.0,0.0
2020-03-18 00:00:00-04:00,78.0756688701512,82.88914217395515,77.22567134549276,80.54925537109375,3126200,0.0,0.0
2020-03-19 00:00:00-04:00,80.54926908804826,80.54926908804826,76.58579992043698,79.17399597167969,3118900,0.0,0.0
2020-03-20 00:00:00-04:00,79.54644837118734,80.08127627841533,73.70151528004415,74.67567443847656,2449900,0.0,0.0
2020-03-23 00:00:00-04:00,73.94983912588535,76.08915826595012,68.30546590718646,69.38468170166016,2441900,0.0,0.0
2020-03-24 00:00:00-04:00,71.23749046600929,72.30715381094515,69.79536384627907,71.95378112792969,3856800,0.0,0.0
2020-03-25 00:00:00-04:00,72.10657186874582,72.8897158015563,67.6846747865514,68.25770568847656,2585700,0.0,0.0
2020-03-26 00:00:00-04:00,68.84983103950661,75.12454205600626,68.77343226646981,74.79981994628906,2803600,0.0,0.0
2020-03-27 00:00:00-04:00,73.21443301550993,74.27453610538406,71.18016361340104,71.57173919677734,1614900,0.0,0.0
2020-03-30 00:00:00-04:00,71.88691161326979,74.09309131542345,71.23747459964835,73.91162872314453,1356200,0.0,0.0
2020-03-31 00:00:00-04:00,73.46275998574471,74.39871621441637,72.11613748707177,74.01669311523438,1788900,0.0,0.0
2020-04-01 00:00:00-04:00,71.79138307767245,72.28801506963241,69.995884789888,71.44756317138672,1477500,0.0,0.0
2020-04-02 00:00:00-04:00,70.68356296584786,73.2240033339108,70.57850642154787,72.94703674316406,1568800,0.0,0.0
2020-04-03 00:00:00-04:00,72.39310131229922,72.9374818399255,70.49253846957362,71.89646911621094,1209600,0.0,0.0
2020-04-06 00:00:00-04:00,74.16950182157885,75.72623731675806,73.5391626442585,75.36331939697266,1369100,0.0,0.0
2020-04-07 00:00:00-04:00,77.51220481539366,81.43747099768811,76.43298887198866,78.40039825439453,2505200,0.0,0.0
2020-04-08 00:00:00-04:00,79.21218461847367,80.9408301037641,77.68409232125073,80.67341613769531,1202400,0.0,0.0
2020-04-09 00:00:00-04:00,81.2368688925017,84.04472922322452,80.80709762356658,83.52899932861328,1061000,0.0,0.0
2020-04-13 00:00:00-04:00,82.83182537313688,83.06103626178255,79.00205731320524,79.689697265625,838800,0.0,0.0
2020-04-14 00:00:00-04:00,80.9408292034733,81.90543581590721,80.39644869675001,81.22734832763672,968800,0.0,0.0
2020-04-15 00:00:00-04:00,80.15766518685449,80.74980116200933,78.85879144466345,80.32002258300781,1157200,0.0,0.0
2020-04-16 00:00:00-04:00,80.57790826218825,81.99138409577655,80.2627386947657,81.91497802734375,1123600,0.0,0.0
2020-04-17 00:00:00-04:00,83.4621678540754,84.28351487086313,82.38295946526534,84.08295440673828,1203200,0.0,0.0
2020-04-20 00:00:00-04:00,82.60260340724143,83.9587853784909,82.06777559611808,82.44979858398438,925700,0.0,0.0
2020-04-21 00:00:00-04:00,81.03633368543744,82.21105335849765,79.527346556298,80.24363708496094,916900,0.0,0.0
2020-04-22 00:00:00-04:00,81.79083930617239,82.63128436055291,80.682980247511,82.12510681152344,742800,0.0,0.0
2020-04-23 00:00:00-04:00,82.68856381893323,82.74586471807666,81.20822744154538,81.66665649414062,1114800,0.0,0.0
2020-04-24 00:00:00-04:00,82.19194664588036,82.19194664588036,81.19868959050464,81.8863296508789,965800,0.0,0.0
2020-04-27 00:00:00-04:00,82.06778018099615,84.31215534118373,82.03912973044,84.00653839111328,1036600,0.0,0.0
2020-04-28 00:00:00-04:00,85.14308473464847,85.8689279783505,82.88915620406223,83.051513671875,1132700,0.0,0.0
2020-04-29 00:00:00-04:00,84.58911860893382,84.58911860893382,82.81271787749166,83.18518829345703,882100,0.0,0.0
2020-04-30 00:00:00-04:00,82.2874542905393,82.81272960685904,81.31329515197376,82.04869079589844,1159700,0.0,0.0
2020-05-01 00:00:00-04:00,81.11272911195944,81.33239471797332,79.70879869419544,80.17677307128906,554100,0.0,0.0
2020-05-04 00:00:00-04:00,79.60728321627553,81.83747583071361,79.54028206617805,81.684326171875,911700,0.185,0.0
2020-05-05 00:00:00-04:00,82.06717528647648,83.91450065729671,81.69388220192624,83.55078125,963100,0.0,0.0
2020-05-06 00:00:00-04:00,83.77091930700186,84.12507231678433,82.45003673165822,82.59361267089844,730500,0.0,0.0
2020-05-07 00:00:00-04:00,85.43640406085994,88.29832047937225,84.55580821452182,88.00160217285156,2355800,0.0,0.0
2020-05-08 00:00:00-04:00,88.96831427424394,89.63833287888436,87.97287099762619,88.70030975341797,1308700,0.0,0.0
2020-05-11 00:00:00-04:00,87.70487714085013,89.8106409406383,87.4943073331906,89.57135009765625,1134100,0.0,0.0
2020-05-12 00:00:00-04:00,90.05950205139249,90.50937002405203,88.63333061030929,88.69076538085938,1096300,0.0,0.0
2020-05-13 00:00:00-04:00,88.84390934516126,89.38949220855527,86.52757559549393,87.1401596069336,845900,0.0,0.0
2020-05-14 00:00:00-04:00,86.40311169330964,87.48471069335938,85.35980739697237,87.48471069335938,906500,0.0,0.0
2020-05-15 00:00:00-04:00,86.87213318040592,87.05398922077813,85.46510212251106,86.43183898925781,971400,0.0,0.0
2020-05-18 00:00:00-04:00,88.3270482524732,88.75777621702179,86.94873045004272,87.6666030883789,961700,0.0,0.0
2020-05-19 00:00:00-04:00,87.81017697901729,88.60462443241758,87.31245517479444,87.6474609375,581800,0.0,0.0
2020-05-20 00:00:00-04:00,88.07816456247366,88.86303818447621,87.82930735975869,88.15473937988281,574800,0.0,0.0
2020-05-21 00:00:00-04:00,87.96329227557933,88.38443908304514,86.81469214889744,87.22627258300781,650800,0.0,0.0
2020-05-22 00:00:00-04:00,87.03486969768166,87.79102967253276,86.5084268979191,87.78145599365234,404600,0.0,0.0
2020-05-26 00:00:00-04:00,88.59502119453809,88.7768845347218,87.22627756136066,88.0494384765625,1103700,0.0,0.0
2020-05-27 00:00:00-04:00,88.93961224053177,89.0066133795471,85.4651120843201,87.2358627319336,1340000,0.0,0.0
2020-05-28 00:00:00-04:00,87.59958087431016,90.49021809251254,87.27414886173943,90.15521240234375,896500,0.0,0.0
2020-05-29 00:00:00-04:00,89.9159352026968,90.48065812274027,89.0927740663866,90.01165008544922,1324500,0.0,0.0
2020-06-01 00:00:00-04:00,89.92551565262673,90.87311285713497,89.15978916819277,90.32752990722656,940700,0.0,0.0
2020-06-02 00:00:00-04:00,90.6912167281798,91.46651661351724,89.99248435186357,90.70079040527344,770300,0.0,0.0
2020-06-03 00:00:00-04:00,91.55267117861871,91.93553795943971,90.76779756409505,90.94965362548828,848300,0.0,0.0
2020-06-04 00:00:00-04:00,90.43280001579377,90.94009544248526,89.38948812663637,89.6479263305664,809000,0.0,0.0
2020-06-05 00:00:00-04:00,90.93050434204719,94.14657329035091,90.20305826258961,94.0604248046875,1161800,0.0,0.0
2020-06-08 00:00:00-04:00,93.48613873453971,94.07000893784245,91.75367548027424,92.1939697265625,1197000,0.0,0.0
2020-06-09 00:00:00-04:00,91.39952650152027,91.39952650152027,89.97335515076686,90.7295150756836,1697900,0.0,0.0
2020-06-10 00:00:00-04:00,91.11238086194071,91.34209801929956,90.03078161182997,90.78694152832031,655600,0.0,0.0
2020-06-11 00:00:00-04:00,88.26959080560887,89.21718032172943,85.47467603534028,85.58953094482422,888700,0.0,0.0
2020-06-12 00:00:00-04:00,87.11142901299472,87.97287739441363,84.56537127486506,86.34569549560547,1169000,0.0,0.0
2020-06-15 00:00:00-04:00,84.82379399204481,87.8484254994617,83.49333790738672,87.44641876220703,879000,0.0,0.0
2020-06-16 00:00:00-04:00,89.41820279539071,89.96378563957927,87.82931535370606,88.28874969482422,627200,0.0,0.0
2020-06-17 00:00:00-04:00,88.86304610237212,88.93005455050813,87.44644836696332,87.82931518554688,785800,0.0,0.0
2020-06-18 00:00:00-04:00,87.63786380125961,88.29830877280736,87.04442726689587,87.18799591064453,752300,0.0,0.0
2020-06-19 00:00:00-04:00,88.06861683776418,88.58548601087001,86.23085734363964,86.35529327392578,1300900,0.0,0.0
2020-06-22 00:00:00-04:00,86.12555382999155,87.53257769590292,85.77140079288189,87.20714569091797,598800,0.0,0.0
2020-06-23 00:00:00-04:00,87.82930593513794,88.21217271339697,87.1114334643684,87.68572998046875,785900,0.0,0.0
2020-06-24 00:00:00-04:00,87.14014776735237,87.1688614979596,85.34068339106064,85.47468566894531,703700,0.0,0.0
2020-06-25 00:00:00-04:00,85.06312589280414,87.46560110521143,84.43139445514666,87.35074615478516,1006200,0.0,0.0
2020-06-26 00:00:00-04:00,87.24545344972378,88.00161348205589,86.52758083324647,86.72858428955078,507100,0.0,0.0
2020-06-29 00:00:00-04:00,87.60915738744302,88.04945163771193,86.45099064818807,88.03031158447266,642500,0.0,0.0
2020-06-30 00:00:00-04:00,88.07815588613768,90.11691820900862,87.78143762612675,89.7723388671875,911800,0.0,0.0
2020-07-01 00:00:00-04:00,90.01162021545096,90.35619952107434,88.22172256138363,88.58544921875,874600,0.0,0.0
2020-07-02 00:00:00-04:00,89.54264806161304,89.67665036698116,88.11646919328693,88.43233489990234,963700,0.0,0.0
2020-07-06 00:00:00-04:00,89.4660560804235,89.68619955308358,88.39403054038594,88.54718017578125,622900,0.0,0.0
2020-07-07 00:00:00-04:00,88.07817884725303,88.93962742637702,87.695319303267,87.81974792480469,432400,0.0,0.0
2020-07-08 00:00:00-04:00,87.68573140276065,88.250454250356,87.29329094047111,88.15473937988281,573200,0.0,0.0
2020-07-09 00:00:00-04:00,88.93960464154094,91.9738102960416,88.93960464154094,91.85895538330078,1334200,0.0,0.0
2020-07-10 00:00:00-04:00,92.22269516212063,94.21359685220764,92.03126539685657,94.18488311767578,1541800,0.0,0.0
2020-07-13 00:00:00-04:00,94.68259377826801,94.68259377826801,91.65796148707568,91.81110382080078,938500,0.0,0.0
2020-07-14 00:00:00-04:00,91.81108842688408,94.02214028916005,91.6100850398727,93.95513916015625,783500,0.0,0.0
2020-07-15 00:00:00-04:00,94.45288094189765,95.89819966458018,94.34759238777382,95.56318664550781,802200,0.0,0.0
2020-07-16 00:00:00-04:00,95.0941859346175,96.24278643970864,95.0941859346175,95.75463104248047,637700,0.0,0.0
2020-07-17 00:00:00-04:00,95.96518183659417,98.09965162442974,95.7450310935175,98.00393676757812,641600,0.0,0.0
2020-07-20 00:00:00-04:00,97.77422437985481,98.83667613822111,97.44878508772756,97.45835876464844,819200,0.0,0.0
2020-07-21 00:00:00-04:00,97.70726026650873,98.14755463820467,96.14707895318718,96.27151489257812,614800,0.0,0.0
2020-07-22 00:00:00-04:00,95.92692371979088,97.34352155986282,95.70677290950225,97.08509063720703,658900,0.0,0.0
2020-07-23 00:00:00-04:00,97.33392470331164,97.7359314804794,95.79289142159311,96.10875701904297,776600,0.0,0.0
2020-07-24 00:00:00-04:00,96.43421655679127,96.43421655679127,94.95061030411732,95.17076110839844,831400,0.0,0.0
2020-07-27 00:00:00-04:00,95.80246465914121,96.45333595086235,95.2664555845153,95.9747543334961,704300,0.0,0.0
2020-07-28 00:00:00-04:00,95.62063318265751,96.3576458496639,95.38134231248198,95.46748352050781,444900,0.0,0.0
2020-07-29 00:00:00-04:00,95.89818758122954,97.69765184779556,95.89818758122954,97.15206909179688,624500,0.0,0.0
2020-07-30 00:00:00-04:00,96.46289205263719,97.73592067550709,95.71630603398405,97.5157699584961,683600,0.0,0.0
2020-07-31 00:00:00-04:00,97.80825812438826,98.24935331253614,96.40825844482481,98.16305541992188,618700,0.185,0.0
2020-08-03 00:00:00-04:00,98.12469521471188,98.29729831026434,96.52332652122324,96.77263641357422,484400,0.0,0.0
2020-08-04 00:00:00-04:00,97.53978540521751,97.7699204804128,96.33156345768354,96.84937286376953,636100,0.0,0.0
2020-08-05 00:00:00-04:00,97.39594431657606,97.61649560348988,96.00553551028956,97.09868621826172,633800,0.0,0.0
2020-08-06 00:00:00-04:00,97.46305709533742,99.19867197584685,97.12744196870038,98.8918228149414,933100,0.0,0.0
2020-08-07 00:00:00-04:00,98.95893789364924,101.15482999711243,96.85894208940543,97.76030731201172,980100,0.0,0.0
2020-08-10 00:00:00-04:00,97.41510989152977,98.23018461312971,95.70826096011268,96.12059020996094,671200,0.0,0.0
2020-08-11 00:00:00-04:00,96.49455252443313,96.67674671167806,95.00825501098682,95.57400512695312,888000,0.0,0.0
2020-08-12 00:00:00-04:00,95.82333507061098,97.57813220962292,95.82333507061098,95.88086700439453,424500,0.0,0.0
2020-08-13 00:00:00-04:00,95.90962659820191,96.35072911410293,95.40140837458743,95.87127685546875,321200,0.0,0.0
2020-08-14 00:00:00-04:00,95.51648160129237,96.24525109850545,95.25757327918856,95.70825958251953,608200,0.0,0.0
2020-08-17 00:00:00-04:00,95.88088579022863,96.245274284549,95.5740365568268,95.91924285888672,430300,0.0,0.0
2020-08-18 00:00:00-04:00,95.9671820653297,96.6863605748435,95.65074176533672,95.86170196533203,538100,0.0,0.0
2020-08-19 00:00:00-04:00,95.64112995663102,96.54250250108284,95.32469704103158,95.48770904541016,455200,0.0,0.0
2020-08-20 00:00:00-04:00,94.97949358758378,95.76579498442149,94.94113652970623,95.3918228149414,430900,0.0,0.0
2020-08-21 00:00:00-04:00,95.48772189413081,95.53566273464921,94.53840107201137,95.29593658447266,682300,0.0,0.0
2020-08-24 00:00:00-04:00,95.57401859767813,96.02470492489438,94.8931972176205,96.0151138305664,377300,0.0,0.0
2020-08-25 00:00:00-04:00,96.17813958379764,97.48225049662528,95.73703700563549,97.44389343261719,564200,0.0,0.0
2020-08-26 00:00:00-04:00,97.5877042939086,98.28770777312508,97.19455726706354,97.54935455322266,658100,0.0,0.0
2020-08-27 00:00:00-04:00,97.62608331496745,97.7219796358391,96.31238858302649,96.84937286376953,642400,0.0,0.0
2020-08-28 00:00:00-04:00,96.9836057696272,96.9836057696272,95.7370269261247,96.12059020996094,473400,0.0,0.0
2020-08-31 00:00:00-04:00,96.06308003738881,96.44664340810681,95.65075069414296,95.91924285888672,836000,0.0,0.0
2020-09-01 00:00:00-04:00,95.85209827663562,96.21647937320496,94.93155078330689,95.97675323486328,808100,0.0,0.0
2020-09-02 00:00:00-04:00,96.45621502085581,98.78635360789232,96.22607995380064,98.29731750488281,970600,0.0,0.0
2020-09-03 00:00:00-04:00,98.1918183940385,98.64250466181745,95.86168025822045,96.62879943847656,1221200,0.0,0.0
2020-09-04 00:00:00-04:00,96.93564849172971,97.04112856775299,94.6726406934076,95.14250183105469,542800,0.0,0.0
2020-09-08 00:00:00-04:00,94.13566447510058,95.81374755449437,93.94388647808594,94.64388275146484,542100,0.0,0.0
2020-09-09 00:00:00-04:00,95.11374405306445,96.62880767241262,95.11374405306445,95.98634338378906,492700,0.0,0.0
2020-09-10 00:00:00-04:00,95.66030992890947,97.06990064018778,94.79729446120228,94.94113159179688,558800,0.0,0.0
2020-09-11 00:00:00-04:00,95.40141020394258,95.96716768422715,94.97949718303957,95.49729919433594,361200,0.0,0.0
2020-09-14 00:00:00-04:00,96.18770550949267,97.82743128321408,96.18770550949267,97.18496704101562,533300,0.0,0.0
2020-09-15 00:00:00-04:00,97.97127871916597,99.26579843286767,97.21374322664748,97.23292541503906,591500,0.0,0.0
2020-09-16 00:00:00-04:00,97.56853454098075,98.479490905191,95.96716575444398,96.08222961425781,830100,0.0,0.0
2020-09-17 00:00:00-04:00,95.15209012844016,96.5904467782859,94.77811066888886,96.30277252197266,1168100,0.0,0.0
2020-09-18 00:00:00-04:00,96.47538486959198,97.12744023938912,96.27401579719505,96.92607116699219,936300,0.0,0.0
2020-09-21 00:00:00-04:00,96.10141789597908,97.11785440671913,94.93155314127604,97.0890884399414,911600,0.0,0.0
2020-09-22 00:00:00-04:00,97.26170465921004,98.4219784760079,97.01238738711376,98.23978424072266,787800,0.0,0.0
2020-09-23 00:00:00-04:00,98.41234765164468,99.10275993204728,96.5137211963969,96.55207824707031,532600,0.0,0.0
2020-09-24 00:00:00-04:00,96.9164966543253,97.62608407596156,95.59321081680977,96.9836196899414,540900,0.0,0.0
2020-09-25 00:00:00-04:00,96.83977591733127,99.92744997676694,96.75347801279557,99.38087463378906,643900,0.0,0.0
2020-09-28 00:00:00-04:00,99.80278426719985,101.51922423710349,99.56305813703221,100.68497467041016,790400,0.0,0.0
2020-09-29 00:00:00-04:00,100.68498445979252,101.23155979708264,99.94663112606649,99.95621490478516,649200,0.0,0.0
2020-09-30 00:00:00-04:00,100.20553974142675,100.54115491853659,99.12198007936858,99.53430938720703,677700,0.0,0.0
2020-10-01 00:00:00-04:00,99.65894763914584,100.13839990195018,98.08634480241645,98.76716613769531,716500,0.0,0.0
2020-10-02 00:00:00-04:00,97.73154111188074,98.87263976391124,97.58770397926052,98.40277862548828,419600,0.0,0.0
2020-10-05 00:00:00-04:00,98.8822465525824,99.0260763921723,97.8370367177722,98.11511993408203,567100,0.0,0.0
2020-10-06 00:00:00-04:00,98.3164763343008,99.28497191907152,97.72196023177399,98.16305541992188,530000,0.0,0.0
2020-10-07 00:00:00-04:00,98.57538257919353,99.78359694565128,98.19181932748893,99.45757293701172,405900,0.0,0.0
2020-10-08 00:00:00-04:00,99.91784965007466,100.09045275905991,98.97812730238014,99.11237335205078,244100,0.0,0.0
2020-10-09 00:00:00-04:00,99.6589379009384,99.95619593375491,99.03564855702548,99.49592590332031,476800,0.0,0.0
2020-10-12 00:00:00-04:00,99.63018213439375,100.94387665839838,99.59182507528881,100.10963439941406,400800,0.0,0.0
2020-10-13 00:00:00-04:00,100.8096225362828,101.7301699334979,100.40688442172501,100.6082534790039,605800,0.0,0.0
2020-10-14 00:00:00-04:00,100.65620178437005,101.47126910772515,99.91784125734009,100.46441650390625,360100,0.0,0.0
2020-10-15 00:00:00-04:00,99.44799530754584,100.37813394120089,99.38087227809967,99.898681640625,425800,0.0,0.0
2020-10-16 00:00:00-04:00,100.42608621644774,100.68498725039814,99.65895957771903,99.8603286743164,536300,0.0,0.0
2020-10-19 00:00:00-04:00,100.18634865928802,100.46442453543533,97.9808653107316,98.12470245361328,384700,0.0,0.0
2020-10-20 00:00:00-04:00,98.6041607659478,99.40963711010129,98.3644346183981,98.42196655273438,319500,0.0,0.0
2020-10-21 00:00:00-04:00,98.44111848273045,98.95892036431852,98.10549612663483,98.13426208496094,380200,0.0,0.0
2020-10-22 00:00:00-04:00,98.18225452506495,98.90143307114123,97.82745714195681,97.86581420898438,861300,0.0,0.0
2020-10-23 00:00:00-04:00,98.3068934545624,99.39046030254568,98.00963537846285,99.3616943359375,529100,0.0,0.0
2020-10-26 00:00:00-04:00,98.6425121687766,98.9397702336102,97.44388149978825,98.19182586669922,809300,0.0,0.0
2020-10-27 00:00:00-04:00,98.00964740934599,98.86307199750085,97.33841705322266,97.33841705322266,1020400,0.0,0.0
2020-10-28 00:00:00-04:00,95.96718691887575,96.82061154139184,94.03978636745896,94.82608795166016,726300,0.0,0.0
2020-10-29 00:00:00-04:00,95.66988480730515,95.7465989119348,93.91509538802507,94.73975372314453,1666000,0.0,0.0
2020-10-30 00:00:00-04:00,94.86443871596155,95.70827218669405,94.00142305506355,95.23841094970703,1300900,0.0,0.0
2020-11-02 00:00:00-05:00,95.73703739926007,96.60964414834271,94.45210867108443,95.4589614868164,1490700,0.0,0.0
2020-11-03 00:00:00-05:00,95.7849755092192,97.79867361355547,95.7849755092192,96.54251098632812,1098600,0.0,0.0
2020-11-04 00:00:00-05:00,97.30006152255261,100.53156569411405,97.2521133609894,98.73841857910156,770200,0.0,0.0
2020-11-05 00:00:00-05:00,100.17675204815573,101.6726406936706,99.88907777823646,101.57675170898438,561000,0.0,0.0
2020-11-06 00:00:00-05:00,101.7014191943672,102.30553377249564,100.82881981553717,102.02745056152344,640600,0.0,0.0
2020-11-09 00:00:00-05:00,105.27000709569033,106.68231921912827,102.04186719354209,102.0995101928711,742500,0.205,0.0
2020-11-10 00:00:00-05:00,102.3973382427065,102.88731834329968,101.2540366813547,102.87771606445312,925700,0.0,0.0
2020-11-11 00:00:00-05:00,103.6367268601974,105.05864128555959,103.19478008853159,104.55905151367188,533100,0.0,0.0
2020-11-12 00:00:00-05:00,104.08825477114377,104.68392586239771,103.32926432242684,103.81924438476562,496200,0.0,0.0
2020-11-13 00:00:00-05:00,104.25160395980751,104.75119370292933,103.55985867703548,104.36688995361328,652200,0.0,0.0
2020-11-16 00:00:00-05:00,104.90490933682177,105.28920572392454,102.03224473233753,103.37730407714844,734400,0.0,0.0
2020-11-17 00:00:00-05:00,103.22359099184352,103.71357110339862,102.47420274595078,103.06025695800781,532100,0.0,0.0
2020-11-18 00:00:00-05:00,103.18515464117992,103.18515464117992,101.52304420003676,101.53265380859375,706300,0.0,0.0
2020-11-19 00:00:00-05:00,101.60950099982657,102.14752171976318,100.56227372139845,101.84008026123047,761600,0.0,0.0
2020-11-20 00:00:00-05:00,102.05147350187573,102.32048393002101,101.44619270856447,101.78246307373047,502200,0.0,0.0
2020-11-23 00:00:00-05:00,102.18598401395117,102.32048923499745,101.40777418789985,101.75364685058594,758000,0.0,0.0
2020-11-24 00:00:00-05:00,102.34929741969603,102.34929741969603,100.71601575948795,100.7736587524414,799500,0.0,0.0
2020-11-25 00:00:00-05:00,100.93697978050471,101.09070419305415,99.32291009865273,100.03387451171875,756900,0.0,0.0
2020-11-27 00:00:00-05:00,100.2164159181734,101.27325295932592,99.86094103158904,100.2836685180664,385700,0.0,0.0
2020-11-30 00:00:00-05:00,100.10114136764287,100.80248894234187,99.34214346503468,99.89938354492188,1562400,0.0,0.0
2020-12-01 00:00:00-05:00,100.05307164536232,100.29326050706715,98.45822141523313,99.1595687866211,1249800,0.0,0.0
2020-12-02 00:00:00-05:00,99.15960244666469,100.03389371844274,97.44945834360966,97.69925689697266,984600,0.0,0.0
2020-12-03 00:00:00-05:00,97.4398354175842,98.52549398384546,97.06514130373697,97.26689910888672,824500,0.0,0.0
2020-12-04 00:00:00-05:00,97.30534070449433,97.91062151518187,96.94986576994795,97.36298370361328,883900,0.0,0.0
2020-12-07 00:00:00-05:00,97.37259303966088,98.62157843694683,96.95946777717258,98.30452728271484,1198100,0.0,0.0
2020-12-08 00:00:00-05:00,98.18922071324837,99.52467042887402,98.02589401824004,98.96743774414062,834900,0.0,0.0
2020-12-09 00:00:00-05:00,99.26528149528431,99.4862585378541,97.80493601433642,98.10276794433594,1297800,0.0,0.0
2020-12-10 00:00:00-05:00,98.08353269258909,98.5735200860325,97.40139711700247,97.88177490234375,769200,0.0,0.0
2020-12-11 00:00:00-05:00,97.93944122981907,99.04430445271453,97.68964268821507,98.10276794433594,1020700,0.0,0.0
2020-12-14 00:00:00-05:00,98.44862513515596,98.65038292670167,97.21885916955358,97.2476806640625,943600,0.0,0.0
2020-12-15 00:00:00-05:00,97.8817873404004,98.92901485710922,97.62238652854613,98.64078521728516,1032400,0.0,0.0
2020-12-16 00:00:00-05:00,98.75605006337777,99.04427229011011,97.68961096550926,97.81450653076172,1034400,0.0,0.0
2020-12-17 00:00:00-05:00,98.0162876214845,98.49666544370895,97.7376749349801,98.42941284179688,1726500,0.0,0.0
2020-12-18 00:00:00-05:00,98.67921300130892,99.05390712247085,96.77692089848438,97.07475280761719,1587700,0.0,0.0
2020-12-21 00:00:00-05:00,96.34457112847694,98.05471493669542,95.23009843558617,97.65119934082031,1512700,0.0,0.0
2020-12-22 00:00:00-05:00,97.83376308407875,98.86177147807983,97.13240813771124,98.68883514404297,674800,0.0,0.0
2020-12-23 00:00:00-05:00,98.7848993530961,99.3805705172814,97.12278879092493,97.2573013305664,579400,0.0,0.0
2020-12-24 00:00:00-05:00,97.25728890922623,97.8241311732464,97.15160521085242,97.507080078125,237000,0.0,0.0
2020-12-28 00:00:00-05:00,97.52630113715375,98.30451081262747,97.20925003604097,97.4686508178711,352700,0.0,0.0
2020-12-29 00:00:00-05:00,98.14119447756791,98.68882492364015,97.29572478539731,97.49748992919922,523500,0.0,0.0
2020-12-30 00:00:00-05:00,97.59356207651426,98.29490960621467,97.48787836710999,97.84335327148438,427000,0.0,0.0
2020-12-31 00:00:00-05:00,97.94904468422017,98.96745075221132,97.55513864272095,98.54471588134766,677200,0.0,0.0
2021-01-04 00:00:00-05:00,98.59272980911855,98.96742385920822,97.10355588595417,97.2188491821289,1121100,0.0,0.0
2021-01-05 00:00:00-05:00,97.03633200070841,98.07394998327867,96.71928083992559,97.71846771240234,1071200,0.0,0.0
2021-01-06 00:00:00-05:00,97.51670968323037,99.37096859405179,97.28613035312388,99.12117004394531,1122500,0.0,0.0
2021-01-07 00:00:00-05:00,98.4198177905413,100.01466846585502,98.4198177905413,99.91859436035156,840300,0.0,0.0
2021-01-08 00:00:00-05:00,99.98584477562163,101.26365160776425,99.9762351662866,101.20600128173828,880300,0.0,0.0
2021-01-11 00:00:00-05:00,100.66796570861806,100.89854498902999,99.47663087484275,99.7168197631836,670100,0.0,0.0
2021-01-12 00:00:00-05:00,99.54390577344637,99.98585254741486,98.79451744671786,98.94823455810547,866400,0.0,0.0
2021-01-13 00:00:00-05:00,99.04430372001525,99.1307755464627,97.95865239451243,98.73686218261719,1044000,0.0,0.0
2021-01-14 00:00:00-05:00,98.85214861935654,98.91940122191384,97.35337214523152,97.70884704589844,845900,0.0,0.0
2021-01-15 00:00:00-05:00,97.36296290126376,98.11235837961918,97.22845771206785,97.8721694946289,1047200,0.0,0.0
2021-01-19 00:00:00-05:00,97.93941155207774,99.45739957111115,97.66079159586735,98.47743225097656,1046200,0.0,0.0
2021-01-20 00:00:00-05:00,98.95784817127327,99.46704757644434,98.63119471512017,98.87138366699219,684900,0.0,0.0
2021-01-21 00:00:00-05:00,98.67920838686962,99.41899431558393,98.66959877831935,98.88096618652344,681900,0.0,0.0
2021-01-22 00:00:00-05:00,98.76567836275669,99.73603623871983,98.57352284525147,98.91939544677734,623300,0.0,0.0
2021-01-25 00:00:00-05:00,98.71765769360496,99.03470886437206,97.2284832830213,97.96826934814453,1093400,0.0,0.0
2021-01-26 00:00:00-05:00,98.36216598359304,98.38138520239526,97.1804405767068,97.61277770996094,1132100,0.0,0.0
2021-01-27 00:00:00-05:00,97.05555375863294,97.18045671163219,94.80738856447249,95.42227172851562,2484000,0.0,0.0
2021-01-28 00:00:00-05:00,95.55675557675701,96.55594232720375,95.26853328123329,95.62400817871094,1653400,0.0,0.0
2021-01-29 00:00:00-05:00,95.10520925146865,95.21089296993557,93.85623117956325,94.64405059814453,2183200,0.0,0.0
2021-02-01 00:00:00-05:00,94.78814382636659,95.46066976337384,94.12522016704305,94.53834533691406,1146600,0.0,0.0
2021-02-02 00:00:00-05:00,95.11481818557421,96.17164803275034,95.02835368743447,95.97949981689453,1068100,0.0,0.0
2021-02-03 00:00:00-05:00,96.0179361787203,96.38302074081213,95.1052137785133,95.24932861328125,658300,0.0,0.0
2021-02-04 00:00:00-05:00,95.25893277805908,95.6240173192806,94.70169269146997,94.970703125,1351700,0.0,0.0
2021-02-05 00:00:00-05:00,95.17245304087784,95.97949160438385,94.92266184763565,95.05716705322266,1120900,0.0,0.0
2021-02-08 00:00:00-05:00,95.2877494945224,95.80655844599703,94.55757311874504,95.0667724609375,1054600,0.0,0.0
2021-02-09 00:00:00-05:00,95.06677965685006,95.4030500373219,94.26935794569061,94.84580993652344,787300,0.0,0.0
2021-02-10 00:00:00-05:00,95.11479003863121,95.4126218840669,94.27893015404351,94.6055908203125,938500,0.0,0.0
2021-02-11 00:00:00-05:00,95.04754407124314,95.09558477932953,94.26933444412752,94.4710922241211,1829000,0.0,0.0
2021-02-12 00:00:00-05:00,94.2212949523887,95.48949196442213,94.16365196592723,95.4606704711914,659100,0.0,0.0
2021-02-16 00:00:00-05:00,95.28775841005758,95.82577930045194,94.49032935466245,94.49993896484375,1300600,0.0,0.0
2021-02-17 00:00:00-05:00,94.02916861563932,94.8458095434333,93.33742329751297,94.3846435546875,969200,0.0,0.0
2021-02-18 00:00:00-05:00,94.6248102358548,95.82575465011321,93.23171764730822,95.70085906982422,1695000,0.0,0.0
2021-02-19 00:00:00-05:00,96.05635152951793,96.20045901065642,95.32617519515321,95.88341522216797,1040300,0.0,0.0
2021-02-22 00:00:00-05:00,95.54714639816014,95.72008270824664,94.08680103630596,94.83618927001953,1389200,0.0,0.0
2021-02-23 00:00:00-05:00,94.94187082791568,95.12441674275772,93.37584179369406,93.71210479736328,1466100,0.0,0.0
2021-02-24 00:00:00-05:00,93.51035275467248,95.28774930924105,93.21251350737768,94.75933074951172,790200,0.0,0.0
2021-02-25 00:00:00-05:00,94.55756292980001,95.98909402923937,94.39423623952307,95.1244125366211,978800,0.0,0.0
2021-02-26 00:00:00-05:00,95.05717637856995,95.4414728150996,93.75054797041207,93.85623168945312,1671000,0.0,0.0
2021-03-01 00:00:00-05:00,94.58639976361798,95.98910959577785,94.22131522085498,95.43186950683594,622800,0.0,0.0
2021-03-02 00:00:00-05:00,95.19597915467439,96.177980653016,95.19597915467439,95.8121337890625,1210800,0.205,0.0
2021-03-03 00:00:00-05:00,95.87952535497783,96.13946995221968,95.17672741902713,95.63883972167969,906800,0.0,0.0
2021-03-04 00:00:00-05:00,95.65809903116285,97.03482115240695,95.31151113035017,95.86990356445312,1744900,0.0,0.0
2021-03-05 00:00:00-05:00,96.26463911437695,98.07460006490906,95.58109268874928,97.95906829833984,2249000,0.0,0.0
2021-03-08 00:00:00-05:00,97.54506864730286,99.36465136307378,97.54506864730286,98.40190887451172,1282300,0.0,0.0
2021-03-09 00:00:00-05:00,99.02769564616212,100.05782984304909,98.5174432886119,98.67147827148438,985700,0.0,0.0
2021-03-10 00:00:00-05:00,99.1335995690907,100.202244365862,98.30564040501308,99.06620788574219,582900,0.0,0.0
2021-03-11 00:00:00-05:00,99.09509351948546,99.24912851198148,98.39228820800781,98.39228820800781,592800,0.0,0.0
2021-03-12 00:00:00-05:00,98.3537981287391,99.52833805724954,98.3537981287391,99.1624984741211,1193600,0.0,0.0
2021-03-15 00:00:00-04:00,99.29726816438864,99.62460445793393,98.47893844823979,99.61497497558594,749200,0.0,0.0
2021-03-16 00:00:00-04:00,99.08547385204565,100.41406343778539,98.96031994917402,100.11560821533203,757400,0.0,0.0
2021-03-17 00:00:00-04:00,100.00007775407988,100.00007775407988,98.0938441504304,98.13235473632812,804700,0.0,0.0
2021-03-18 00:00:00-04:00,98.2093754784442,99.98081835112974,97.70874520910738,99.87491607666016,1044000,0.0,0.0
2021-03-19 00:00:00-04:00,100.23113707663794,100.46219325414786,99.02770877377286,99.03733825683594,1230600,0.0,0.0
2021-03-22 00:00:00-04:00,99.54758323170246,99.8364015956883,98.55595955957953,99.67273712158203,1143900,0.0,0.0
2021-03-23 00:00:00-04:00,99.76901549355337,101.18424832623624,99.38392432001906,100.73175811767578,1398300,0.0,0.0
2021-03-24 00:00:00-04:00,100.57771120902731,102.32027280192611,99.90378704484735,101.81002044677734,1106300,0.0,0.0
2021-03-25 00:00:00-04:00,101.80038953107693,102.19511748034053,101.21311602055552,101.47306060791016,1410200,0.0,0.0
2021-03-26 00:00:00-04:00,101.45381485260782,103.1193628203749,101.24201764570803,102.53208923339844,1519900,0.0,0.0
2021-03-29 00:00:00-04:00,102.5417045857643,104.32277672183282,102.45505394225857,104.09172058105469,1261200,0.0,0.0
2021-03-30 00:00:00-04:00,103.84141523770624,104.05321978047057,103.22526057428801,103.72588348388672,853100,0.0,0.0
2021-03-31 00:00:00-04:00,103.63924811756749,104.18801113625285,103.35042238346213,103.95695495605469,1066500,0.0,0.0
2021-04-01 00:00:00-04:00,104.25539318317792,105.60323424240377,103.87992417066295,105.30477905273438,923800,0.0,0.0
2021-04-05 00:00:00-04:00,105.55509473277748,106.46969723574887,105.52621363091524,106.17124938964844,698300,0.0,0.0
2021-04-06 00:00:00-04:00,106.00759534322118,106.97996749070842,105.7283990891845,106.78741455078125,785000,0.0,0.0
2021-04-07 00:00:00-04:00,107.79828277453721,108.23151397705078,107.04734477277098,108.23151397705078,1268300,0.0,0.0
2021-04-08 00:00:00-04:00,108.12560503616731,109.49270493322018,108.12560503616731,109.38680267333984,1057700,0.0,0.0
2021-04-09 00:00:00-04:00,109.9163108125793,110.43619265038357,109.60823350260002,110.2243881225586,1264100,0.0,0.0
2021-04-12 00:00:00-04:00,110.26289249144068,110.8405364969604,109.95481519882068,110.27252197265625,828900,0.0,0.0
2021-04-13 00:00:00-04:00,110.44584411629872,111.11976107066403,109.42533920107583,110.52286529541016,946400,0.0,0.0
2021-04-14 00:00:00-04:00,110.54210120977619,111.06198307718823,109.800792665313,109.82967376708984,797300,0.0,0.0
2021-04-15 00:00:00-04:00,109.94519654304912,111.54335270565842,109.94519654304912,111.4085693359375,718300,0.0,0.0
2021-04-16 00:00:00-04:00,111.39895044267931,112.63125985163096,111.16789426478674,112.42908477783203,885100,0.0,0.0
2021-04-19 00:00:00-04:00,112.23651108940818,112.76601500390166,111.79365046550502,112.06321716308594,780200,0.0,0.0
2021-04-20 00:00:00-04:00,111.77441319814045,113.03561098537857,111.59149710078982,112.30392456054688,1008800,0.0,0.0
2021-04-21 00:00:00-04:00,112.342437727047,113.54586599185762,112.140262659976,112.63125610351562,1247800,0.0,0.0
2021-04-22 00:00:00-04:00,112.6408805558721,113.41107754901213,111.8803130450606,112.66976165771484,687600,0.0,0.0
2021-04-23 00:00:00-04:00,112.87193344819916,113.61324931803591,112.73715008007295,113.56510925292969,781900,0.0,0.0
2021-04-26 00:00:00-04:00,114.36417324648072,114.36417324648072,111.77439377959439,111.81290435791016,925800,0.0,0.0
2021-04-27 00:00:00-04:00,111.73590893420608,112.94896672252521,111.51448223932279,112.66014099121094,698800,0.0,0.0
2021-04-28 00:00:00-04:00,112.88157156671888,113.36294287403963,112.37131915618178,112.86231994628906,595300,0.0,0.0
2021-04-29 00:00:00-04:00,113.0933779475334,114.27754726942756,112.91045449734513,114.1235122680664,826500,0.0,0.0
2021-04-30 00:00:00-04:00,114.66264224587094,115.47134984973256,113.86356412465399,114.67227172851562,1049200,0.0,0.0
2021-05-03 00:00:00-04:00,115.52909881441876,116.1933934830472,115.30766480982852,115.81792449951172,844200,0.0,0.0
2021-05-04 00:00:00-04:00,115.36544891240484,117.27167517011813,115.36544891240484,117.21391296386719,1325600,0.0,0.0
2021-05-05 00:00:00-04:00,117.43533260194474,118.83130627961678,117.10799633464464,118.71577453613281,1218400,0.0,0.0
2021-05-06 00:00:00-04:00,118.99498224114946,119.07200341091593,118.34031698842043,118.68690490722656,829600,0.0,0.0
2021-05-07 00:00:00-04:00,119.36081372794018,119.41857592524246,117.96483275028459,118.7446517944336,552500,0.0,0.0
2021-05-10 00:00:00-04:00,119.13938269978975,120.29467074548838,118.88906759666955,119.01422882080078,677700,0.0,0.0
2021-05-11 00:00:00-04:00,117.85219340727997,118.73938596887996,116.50211361156437,116.68534088134766,1730000,0.205,0.0
2021-05-12 00:00:00-04:00,116.0971179698954,117.07110532560824,114.66025063338955,114.75668334960938,1458700,0.0,0.0
2021-05-13 00:00:00-04:00,115.26775666340188,116.81070183750279,114.9109549603134,115.95243835449219,1497600,0.0,0.0
2021-05-14 00:00:00-04:00,116.60819330865382,118.00649314861296,116.13566794904015,116.93607330322266,1591300,0.0,0.0
2021-05-17 00:00:00-04:00,117.2446786757991,117.88114044268146,116.41534413308563,117.63041687011719,1265600,0.0,0.0
2021-05-18 00:00:00-04:00,117.64968408103516,117.73647130006206,116.65641333523082,116.93607330322266,963200,0.0,0.0
2021-05-19 00:00:00-04:00,116.51178511438353,116.51178511438353,114.92061954819256,115.16170501708984,550800,0.0,0.0
2021-05-20 00:00:00-04:00,115.41243503083473,118.0547296885099,115.37386047324198,117.44719696044922,695300,0.0,0.0
2021-05-21 00:00:00-04:00,117.6786109461454,118.17042725009959,116.7142692914431,116.94570922851562,604700,0.0,0.0
2021-05-24 00:00:00-04:00,117.16752451588442,117.6979154298815,116.53105541908793,116.55034637451172,701100,0.0,0.0
2021-05-25 00:00:00-04:00,117.42789838300406,117.61112568034378,116.12603841744145,116.45391845703125,654500,0.0,0.0
2021-05-26 00:00:00-04:00,115.68243648464332,116.75285642533112,115.68243648464332,116.22246551513672,609200,0.0,0.0
2021-05-27 00:00:00-04:00,116.50212623542232,116.98429711775728,116.04888442885246,116.95536804199219,1468300,0.0,0.0
2021-05-28 00:00:00-04:00,117.29286956452934,117.68825316353228,116.78176967886621,117.10964965820312,588600,0.0,0.0
2021-06-01 00:00:00-04:00,117.63040960490544,118.16079315165862,116.33818783735298,116.37676239013672,567500,0.0,0.0
2021-06-02 00:00:00-04:00,116.50212623542232,116.98429711775728,116.17425356695956,116.95536804199219,442300,0.0,0.0
2021-06-03 00:00:00-04:00,116.61785580959852,116.80108310852741,116.00067763749975,116.33819580078125,401200,0.0,0.0
2021-06-04 00:00:00-04:00,116.58890878167877,117.05178866081316,116.22245424024243,117.01321411132812,452100,0.0,0.0
2021-06-07 00:00:00-04:00,116.97466584690703,117.0518076010164,115.90424583685694,116.44427490234375,356500,0.0,0.0
2021-06-08 00:00:00-04:00,116.82999912678527,117.18680084922435,116.23210462055772,116.28996276855469,546500,0.0,0.0
2021-06-09 00:00:00-04:00,116.32852875222288,116.52140149358017,115.94279798419389,116.00065612792969,523700,0.0,0.0
2021-06-10 00:00:00-04:00,116.2899579322296,116.86856881750904,116.07780894594923,116.42497253417969,639800,0.0,0.0
2021-06-11 00:00:00-04:00,116.60820132861004,116.92643586828206,116.27068319138681,116.67570495605469,379400,0.0,0.0
2021-06-14 00:00:00-04:00,116.61784280806815,117.34109908761278,116.41533193267686,117.32181549072266,428700,0.0,0.0
2021-06-15 00:00:00-04:00,117.37004626071061,117.82328810962584,117.0518116828751,117.41826629638672,365200,0.0,0.0
2021-06-16 00:00:00-04:00,117.65934318323194,117.91006674990648,116.20318502862605,116.31890869140625,650300,0.0,0.0
2021-06-17 00:00:00-04:00,116.33817968617238,116.38639971310945,115.39312895988812,115.82707977294922,515200,0.0,0.0
2021-06-18 00:00:00-04:00,114.78559897000343,115.07490444208615,113.97555541992188,113.97555541992188,803400,0.0,0.0
2021-06-21 00:00:00-04:00,113.81160373424493,115.71135805269935,113.81160373424493,115.63421630859375,564100,0.0,0.0
2021-06-22 00:00:00-04:00,115.836751193372,116.4250003385054,115.51851660193691,116.10676574707031,667600,0.0,0.0
2021-06-23 00:00:00-04:00,115.83672625300889,116.50211701497565,115.27740630800467,115.52813720703125,443400,0.0,0.0
2021-06-24 00:00:00-04:00,115.92351246948023,116.28032153972241,115.5474198028691,115.82707977294922,535300,0.0,0.0
2021-06-25 00:00:00-04:00,115.85599517822266,116.18387513655867,115.63420073810155,115.85599517822266,499300,0.0,0.0
2021-06-28 00:00:00-04:00,115.91388042971681,115.91388042971681,115.11348233411601,115.61493682861328,553900,0.0,0.0
2021-06-29 00:00:00-04:00,115.53778318754746,116.31890501124845,115.23883959816999,115.89459228515625,710800,0.0,0.0
2021-06-30 00:00:00-04:00,115.9138732091775,116.21282414900269,114.95917695483607,115.17133331298828,821700,0.0,0.0
2021-07-01 00:00:00-04:00,114.99774640305982,116.23210258769552,114.76630645777642,115.30633544921875,1051900,0.0,0.0
2021-07-02 00:00:00-04:00,115.48957540820894,115.89459719627256,114.87239724810894,115.39314270019531,906800,0.0,0.0
2021-07-06 00:00:00-04:00,115.3834871680156,116.309254327497,113.79232187373621,116.25139617919922,774100,0.0,0.0
2021-07-07 00:00:00-04:00,116.74321756360558,119.3469448739189,116.36712484500657,118.32473754882812,855000,0.0,0.0
2021-07-08 00:00:00-04:00,117.2157349409404,117.63040216044301,116.43461317185584,116.55998229980469,416000,0.0,0.0
2021-07-09 00:00:00-04:00,117.22537851634551,117.87149306797403,116.7528531280088,117.78469848632812,445200,0.0,0.0
2021-07-12 00:00:00-04:00,117.78469444964254,117.79433992668231,117.128941800461,117.39895629882812,375100,0.0,0.0
2021-07-13 00:00:00-04:00,117.71719150254015,118.02578055349903,117.10001340062239,117.13858795166016,566100,0.0,0.0
2021-07-14 00:00:00-04:00,117.46645700084073,117.88112421511418,116.78177529491815,117.7075424194336,409000,0.0,0.0
2021-07-15 00:00:00-04:00,117.3411101081509,118.17044464183965,117.19645736718769,117.74613189697266,515600,0.0,0.0
2021-07-16 00:00:00-04:00,118.10292075512577,119.08654598175966,117.69789903576726,118.69116973876953,443500,0.0,0.0
2021-07-19 00:00:00-04:00,118.13186617206449,118.19936980129764,115.65350813115656,116.95536804199219,989200,0.0,0.0
2021-07-20 00:00:00-04:00,117.0517910212303,119.45300711303037,117.0517910212303,119.21192169189453,884100,0.0,0.0
2021-07-21 00:00:00-04:00,120.02196762500817,120.18590394896408,119.51086769894366,119.751953125,710700,0.0,0.0
2021-07-22 00:00:00-04:00,119.57836814679908,120.25340437888408,119.48193545040739,119.694091796875,318600,0.0,0.0
2021-07-23 00:00:00-04:00,119.82910082102558,120.90915880838486,119.71337716923284,120.31127166748047,298600,0.0,0.0
2021-07-26 00:00:00-04:00,119.86768692153427,120.28235418373468,119.16371418064746,119.88697052001953,392900,0.0,0.0
2021-07-27 00:00:00-04:00,120.06055313324907,120.8416676306093,119.5783822371316,120.3980712890625,767200,0.0,0.0
2021-07-28 00:00:00-04:00,120.14734812187903,120.55237729235505,119.58803543784502,119.99305725097656,740600,0.0,0.0
2021-07-29 00:00:00-04:00,120.54270775921076,121.13095676166316,120.41734599178467,120.51377868652344,711600,0.0,0.0
2021-07-30 00:00:00-04:00,120.88021800625673,122.40387949898188,120.57162898876045,122.17243957519531,710000,0.0,0.0
2021-08-02 00:00:00-04:00,122.19173246114822,122.74140692027646,121.3913271070697,121.79635620117188,507900,0.0,0.0
2021-08-03 00:00:00-04:00,121.94100734732302,123.11750542093228,121.8831491985696,122.98249816894531,524400,0.0,0.0
2021-08-04 00:00:00-04:00,123.08859013026306,123.91792468953543,122.45212835067278,122.73178100585938,546200,0.0,0.0
2021-08-05 00:00:00-04:00,121.50704544514781,123.21392689393217,120.94772553368567,121.52632904052734,987900,0.0,0.0
2021-08-06 00:00:00-04:00,121.3527599979183,122.21103090797445,121.01524186325774,121.20811462402344,527000,0.0,0.0
2021-08-09 00:00:00-04:00,121.65172292940771,121.65172292940771,120.48487020179273,120.7452392578125,651600,0.0,0.0
2021-08-10 00:00:00-04:00,119.86767503266566,121.35275476108522,119.86767503266566,120.53306579589844,494800,0.0,0.0
2021-08-11 00:00:00-04:00,120.95737444659075,121.81563793354779,120.6777144829142,121.76741790771484,621900,0.0,0.0
2021-08-12 00:00:00-04:00,121.60350148687283,122.97286509938813,121.56492693136397,122.0760269165039,597800,0.0,0.0
2021-08-13 00:00:00-04:00,122.23995652539544,122.93428372982696,122.04708377008484,122.36531829833984,509200,0.0,0.0
2021-08-16 00:00:00-04:00,122.19173834236221,122.71248375354925,121.49741112744616,122.57747650146484,488000,0.0,0.0
2021-08-17 00:00:00-04:00,122.62094366758366,123.0749176305057,122.05106647615638,122.61128997802734,881200,0.205,0.0
2021-08-18 00:00:00-04:00,122.69821442419881,123.11355151113837,121.20107459488904,121.28800201416016,571400,0.0,0.0
2021-08-19 00:00:00-04:00,119.63631934307475,122.60163067896406,119.63631934307475,122.25390625,485600,0.0,0.0
2021-08-20 00:00:00-04:00,122.33118892159438,123.99253008564726,121.91585178827383,123.51924133300781,641300,0.0,0.0
2021-08-23 00:00:00-04:00,123.67378077617369,123.75105451433642,122.70788852605669,122.82379913330078,465600,0.0,0.0
2021-08-24 00:00:00-04:00,122.4760634503914,122.87207842601167,122.05106529869576,122.45674133300781,398200,0.0,0.0
2021-08-25 00:00:00-04:00,122.52435714559488,122.76583203447828,121.82890828653406,122.47606658935547,503700,0.0,0.0
2021-08-26 00:00:00-04:00,122.71754098417695,123.50957832175663,122.32151863077274,122.89140319824219,417200,0.0,0.0
2021-08-27 00:00:00-04:00,123.15218649342238,124.18570603492446,122.75616416041,123.71240997314453,377600,0.0,0.0
2021-08-30 00:00:00-04:00,123.73173435406632,124.6976338736501,123.4612762984309,124.46581268310547,337700,0.0,0.0
2021-08-31 00:00:00-04:00,124.42718618141005,125.38341729619587,124.31126821411982,124.80388641357422,577200,0.0,0.0
2021-09-01 00:00:00-04:00,125.74080215792333,125.89534963029833,124.25332326707391,125.53797149658203,574500,0.0,0.0
2021-09-02 00:00:00-04:00,126.24304506582057,126.80326847060833,125.74077326524278,126.35896301269531,542700,0.0,0.0
2021-09-03 00:00:00-04:00,126.2044079446572,127.43108946214103,125.84701517621475,126.80326080322266,707700,0.0,0.0
2021-09-07 00:00:00-04:00,126.48452028274342,126.81292253320687,124.6299952502703,124.86181640625,620900,0.0,0.0
2021-09-08 00:00:00-04:00,124.61071348773505,126.62945503760852,124.28231113092755,126.5038833618164,334900,0.0,0.0
2021-09-09 00:00:00-04:00,126.91918878613194,127.38283115921448,126.61010860920035,126.76465606689453,503100,0.0,0.0
2021-09-10 00:00:00-04:00,127.09307021285763,127.85612440638985,126.49421718151694,127.5083999633789,590000,0.0,0.0
2021-09-13 00:00:00-04:00,127.85610233652442,128.9282512892011,126.09817304474471,126.67770385742188,363200,0.0,0.0
2021-09-14 00:00:00-04:00,126.87091305217923,126.97716259327633,125.65387017443835,125.7794418334961,391800,0.0,0.0
2021-09-15 00:00:00-04:00,125.62488793141512,126.47488421664966,125.35443724765084,125.9339828491211,667200,0.0,0.0
2021-09-16 00:00:00-04:00,126.27204989411615,126.27204989411615,124.21469377946296,124.23400115966797,514700,0.0,0.0
2021-09-17 00:00:00-04:00,123.4612757813647,123.78968544864661,122.81412487456873,123.35502624511719,789300,0.0,0.0
2021-09-20 00:00:00-04:00,121.88687942556709,123.5192448261237,121.68404138298536,123.44197845458984,959000,0.0,0.0
2021-09-21 00:00:00-04:00,124.09875787064165,124.90045618702918,123.72205767267218,124.65898132324219,662700,0.0,0.0
2021-09-22 00:00:00-04:00,125.12260388991379,126.78395206485801,124.72659633049702,126.49419403076172,860400,0.0,0.0
2021-09-23 00:00:00-04:00,126.71635991053495,128.0493059594297,126.38795761219933,127.17033386230469,840700,0.0,0.0
2021-09-24 00:00:00-04:00,126.95783649346382,128.08793717416663,126.95783649346382,127.79816436767578,594400,0.0,0.0
2021-09-27 00:00:00-04:00,127.61464883693212,128.02999332372696,123.6448009411282,124.62036895751953,868100,0.0,0.0
2021-09-28 00:00:00-04:00,124.13743174464751,124.13743174464751,122.46642204576771,122.5340347290039,1193600,0.0,0.0
2021-09-29 00:00:00-04:00,122.91071444831401,123.18116513599995,122.15731399855218,122.20560455322266,530600,0.0,0.0
2021-09-30 00:00:00-04:00,122.71753704474776,123.34536583777964,121.62606587012057,121.63572692871094,618900,0.0,0.0
2021-10-01 00:00:00-04:00,122.10900890781832,122.10900890781832,119.98403302709512,121.7902603149414,528500,0.0,0.0
2021-10-04 00:00:00-04:00,121.61641631447051,122.3118578028158,119.34654646843612,120.06131744384766,747300,0.0,0.0
2021-10-05 00:00:00-04:00,120.38004710410604,121.0368590319874,119.70392042947583,120.55390930175781,736700,0.0,0.0
2021-10-06 00:00:00-04:00,119.8777807706232,121.51015319167223,119.67494277137543,121.45219421386719,549800,0.0,0.0
2021-10-07 00:00:00-04:00,122.21525940264559,123.8572855625883,122.21525940264559,123.56752014160156,940600,0.0,0.0
2021-10-08 00:00:00-04:00,123.59650820131101,124.43684348087055,123.02663099174099,123.99252319335938,395100,0.0,0.0
2021-10-11 00:00:00-04:00,123.90560481435905,124.80389914482083,123.6061782836914,123.6061782836914,334900,0.0,0.0
2021-10-12 00:00:00-04:00,124.31127682457397,124.72662132075628,123.35503827432532,123.43231201171875,618300,0.0,0.0
2021-10-13 00:00:00-04:00,124.29193047231234,125.30612781248176,123.48057849555902,124.13739776611328,607800,0.0,0.0
2021-10-14 00:00:00-04:00,125.07432070986803,126.63907304780987,125.07432070986803,126.49419403076172,496700,0.0,0.0
2021-10-15 00:00:00-04:00,127.59535157049336,127.71125481392156,125.18060240934443,125.27718353271484,553700,0.0,0.0
2021-10-18 00:00:00-04:00,124.86185980282214,125.74081733884955,124.23401614741977,125.63458251953125,432900,0.0,0.0
2021-10-19 00:00:00-04:00,125.98227124591409,126.45556733131092,125.26751501144817,125.8470458984375,787600,0.0,0.0
2021-10-20 00:00:00-04:00,126.02091894689983,127.01579433179084,125.9243230938499,126.53284454345703,700500,0.0,0.0
2021-10-21 00:00:00-04:00,126.7646712244351,128.44532712783464,126.70670486702603,128.41635131835938,806000,0.0,0.0
2021-10-22 00:00:00-04:00,128.80267260199219,129.79754766369442,128.35835245614263,129.6333465576172,649000,0.0,0.0
2021-10-25 00:00:00-04:00,129.3242855202013,129.74928366510687,127.37316437243348,127.48908233642578,612800,0.0,0.0
2021-10-26 00:00:00-04:00,127.40209886306883,128.1168695784738,126.1560953772645,127.56631469726562,898400,0.0,0.0
2021-10-27 00:00:00-04:00,127.56634625658721,128.05894966568886,126.51350466459436,126.54248046875,1120700,0.0,0.0
2021-10-28 00:00:00-04:00,127.34420285401286,131.06292230071824,125.36410567769516,128.22317504882812,1218100,0.0,0.0
2021-10-29 00:00:00-04:00,128.04929703532855,131.9805001289745,127.55667888370004,131.37197875976562,1740400,0.0,0.0
2021-11-01 00:00:00-04:00,131.39131037762965,132.01913916953538,130.3095076327618,131.33335876464844,924000,0.0,0.0
2021-11-02 00:00:00-04:00,131.80668825671972,133.12031252506253,131.1305466312724,133.00439453125,769300,0.0,0.0
2021-11-03 00:00:00-04:00,133.06231232543638,133.51628627808077,129.86518727825023,130.02938842773438,923500,0.0,0.0
2021-11-04 00:00:00-04:00,130.0583536255961,131.56516913142983,129.7492734689714,131.5361785888672,535400,0.0,0.0
2021-11-05 00:00:00-04:00,131.63280133107472,132.08677533947173,129.58509881725593,129.8362274169922,470800,0.0,0.0
2021-11-08 00:00:00-05:00,130.07811145499892,131.51008888510682,129.70076555234482,130.33935546875,587300,0.23,0.0
2021-11-09 00:00:00-05:00,130.13617363941137,130.57157052412254,129.58466009204878,129.59434509277344,684900,0.0,0.0
2021-11-10 00:00:00-05:00,129.4298801211062,131.17148266103078,129.4298801211062,131.0360107421875,758200,0.0,0.0
2021-11-11 00:00:00-05:00,131.10374067244757,131.13276614980128,130.03942395707176,131.0940704345703,577300,0.0,0.0
2021-11-12 00:00:00-05:00,131.12307802167538,131.82938914711744,130.74573210383977,131.34561157226562,552100,0.0,0.0
2021-11-15 00:00:00-05:00,131.35527312089386,131.71327854193504,130.79408939953646,131.4713897705078,895500,0.0,0.0
2021-11-16 00:00:00-05:00,131.84874185864965,132.5840784434013,131.22950716524835,131.96484375,909900,0.0,0.0
2021-11-17 00:00:00-05:00,132.23572184336828,133.59030751480478,131.81968033732386,133.53224182128906,759100,0.0,0.0
2021-11-18 00:00:00-05:00,133.72577022058778,134.31597930453037,132.85496194587517,133.80316162109375,506600,0.0,0.0
2021-11-19 00:00:00-05:00,134.1224720035436,134.1224720035436,132.44860595458758,133.06784057617188,493600,0.0,0.0
2021-11-22 00:00:00-05:00,133.3774660548518,133.7354566895862,132.37120056152344,132.37120056152344,463600,0.0,0.0
2021-11-23 00:00:00-05:00,131.88743830450477,132.95175486022646,131.8777680680781,132.5550537109375,446400,0.0,0.0
2021-11-24 00:00:00-05:00,132.06158107502654,132.87432369363992,131.21979822515408,132.82594299316406,357500,0.0,0.0
2021-11-26 00:00:00-05:00,130.99729887792324,132.535708113675,129.56532130548442,129.8555908203125,334900,0.0,0.0
2021-11-29 00:00:00-05:00,130.48445636152735,133.46452726986777,129.7200944750987,132.73886108398438,662500,0.0,0.0
2021-11-30 00:00:00-05:00,132.2164089441372,133.00981127533836,128.3945689502584,128.74288940429688,1572700,0.0,0.0
2021-12-01 00:00:00-05:00,130.02975206901547,132.0422688010899,128.02692033841734,128.03659057617188,566900,0.0,0.0
2021-12-02 00:00:00-05:00,128.11398030088802,131.85841398788574,128.11398030088802,131.12307739257812,648100,0.0,0.0
2021-12-03 00:00:00-05:00,131.35529339091343,131.9938833893175,128.84932887551355,129.49758911132812,717800,0.0,0.0
2021-12-06 00:00:00-05:00,130.72635596616297,130.81343237242152,129.69106503491932,130.70700073242188,815800,0.0,0.0
2021-12-07 00:00:00-05:00,132.0325776717661,132.36154286802898,130.79409354022928,130.9295654296875,588700,0.0,0.0
2021-12-08 00:00:00-05:00,131.0166441531156,131.0166441531156,129.11055935927635,129.57498168945312,880600,0.0,0.0
2021-12-09 00:00:00-05:00,129.5846531358709,130.6489696980056,128.32684326171875,128.32684326171875,646400,0.0,0.0
2021-12-10 00:00:00-05:00,128.8880161290386,129.28470248349072,127.78500395041367,128.3751983642578,898300,0.0,0.0
2021-12-13 00:00:00-05:00,128.54937215350154,129.21698753977034,127.31090279718691,127.54312133789062,1058200,0.0,0.0
2021-12-14 00:00:00-05:00,127.33990287693493,127.95913743161299,126.41104366305967,126.87548065185547,867300,0.0,0.0
2021-12-15 00:00:00-05:00,126.8174550073757,128.0655945998249,126.7497190632757,127.54312133789062,1074200,0.0,0.0
2021-12-16 00:00:00-05:00,128.44293027632287,129.88459258645327,127.65921306395036,127.97850799560547,2231200,0.0,0.0
2021-12-17 00:00:00-05:00,126.55622907757184,128.23009551862245,125.62736954575587,126.0240707397461,1462700,0.0,0.0
2021-12-20 00:00:00-05:00,125.11455840079643,125.8595800258415,122.48280712090258,124.33084106445312,1226800,0.0,0.0
2021-12-21 00:00:00-05:00,125.07584432390003,125.30804808503457,123.84704528759605,124.93070220947266,1654800,0.0,0.0
2021-12-22 00:00:00-05:00,124.85331651201116,126.29497907495117,124.83397603789007,126.28530883789062,929200,0.0,0.0
2021-12-23 00:00:00-05:00,126.89482710317834,128.4235657116806,126.65293836316945,127.90109252929688,643300,0.0,0.0
2021-12-27 00:00:00-05:00,128.22041286228907,131.05534237074085,127.9591688374372,130.6102752685547,614500,0.0,0.0
2021-12-28 00:00:00-05:00,130.72634385844353,131.4326548055412,130.31028757199132,130.49412536621094,394100,0.0,0.0
2021-12-29 00:00:00-05:00,130.32968340095536,131.916473349531,129.9426672237304,131.73263549804688,433900,0.0,0.0
2021-12-30 00:00:00-05:00,132.2647980617925,132.48733163265678,131.16178568118866,131.19081115722656,405000,0.0,0.0
2021-12-31 00:00:00-05:00,131.22952012824254,132.63247225428313,131.1908096514888,131.8487548828125,563600,0.0,0.0
2022-01-03 00:00:00-05:00,131.71329559201777,131.92615891952607,127.85274498535836,129.71044921875,723100,0.0,0.0
2022-01-04 00:00:00-05:00,130.87149157715228,131.02630392942547,129.53627563902202,129.62335205078125,1111300,0.0,0.0
2022-01-05 00:00:00-05:00,129.08153935326942,129.45888528071694,125.92730003610882,125.9466552734375,1191400,0.0,0.0
2022-01-06 00:00:00-05:00,125.24034118013866,127.78501595313219,125.20163070639308,126.9142074584961,802200,0.0,0.0
2022-01-07 00:00:00-05:00,126.8077689127374,127.36895264180367,125.50157838731897,126.0143814086914,908300,0.0,0.0
2022-01-10 00:00:00-05:00,125.37580225979407,125.50158915784921,122.69567027171429,123.7599868774414,1324400,0.0,0.0
2022-01-11 00:00:00-05:00,124.17601304717697,125.00811099059936,122.54085001293844,124.67914581298828,1236600,0.0,0.0
2022-01-12 00:00:00-05:00,125.2499878238715,125.79181624448792,123.39228405445074,124.85328674316406,1721600,0.0,0.0
2022-01-13 00:00:00-05:00,125.26934980712807,125.29837527667387,123.32456214711014,123.5083999633789,988400,0.0,0.0
2022-01-14 00:00:00-05:00,122.03772115869751,122.49247323326684,120.78957420355815,121.54427337646484,1531700,0.0,0.0
2022-01-18 00:00:00-05:00,120.77990432885295,120.77990432885295,119.09635314794002,120.27677154541016,1012300,0.0,0.0
2022-01-19 00:00:00-05:00,120.67346947827642,121.68939787238112,119.55110205409291,120.48963165283203,913200,0.0,0.0
2022-01-20 00:00:00-05:00,121.36042989727615,122.32798494472893,118.98024536636541,119.06732177734375,697400,0.0,0.0
2022-01-21 00:00:00-05:00,118.95122029712982,121.03145775068027,118.05139380469026,118.71900177001953,1517300,0.0,0.0
2022-01-24 00:00:00-05:00,117.58697616857333,119.69624669031266,115.5647894488791,119.29955291748047,1683700,0.0,0.0
2022-01-25 00:00:00-05:00,118.61257664125135,119.32857273306084,116.56136454541772,117.92561340332031,1553900,0.0,0.0
2022-01-26 00:00:00-05:00,118.75771409096609,120.59607030662423,117.97399680114975,118.61257934570312,1473200,0.0,0.0
2022-01-27 00:00:00-05:00,118.92221279845391,120.08327608203062,117.32574524714072,117.54827880859375,1387400,0.0,0.0
2022-01-28 00:00:00-05:00,117.43215332658511,119.58979684860745,117.01610438018017,119.53174591064453,1528800,0.0,0.0
2022-01-31 00:00:00-05:00,119.2898498788714,120.82825869585957,118.93185189228056,120.65409851074219,1208500,0.0,0.0
2022-02-01 00:00:00-05:00,120.44126033899397,121.57329801783324,119.12538483164148,120.77022552490234,1001000,0.0,0.0
2022-02-02 00:00:00-05:00,120.35415867785773,122.35699711307299,119.95746499009523,121.92160034179688,1613800,0.0,0.0
2022-02-03 00:00:00-05:00,121.35076993792057,121.5636332604319,119.48338812933517,119.71560668945312,1384000,0.0,0.0
2022-02-04 00:00:00-05:00,119.29957005808372,119.9671781876695,118.49649739675797,119.02864837646484,736800,0.0,0.0
2022-02-07 00:00:00-05:00,118.67064464052312,119.71560600953838,118.08043538849749,118.20621490478516,1004300,0.0,0.0
2022-02-08 00:00:00-05:00,118.02239062635908,118.69967633704194,117.80952729389858,117.94498443603516,1491200,0.0,0.0
2022-02-09 00:00:00-05:00,118.95123107372333,120.78957993114338,118.95123107372333,119.97683715820312,956800,0.0,0.0
2022-02-10 00:00:00-05:00,118.32229968705722,120.32513820541077,117.97397930283411,118.3126220703125,932100,0.0,0.0
2022-02-11 00:00:00-05:00,118.57387134986118,118.91251413247747,115.95179073423171,116.72583770751953,1409500,0.0,0.0
2022-02-14 00:00:00-05:00,116.31946856618758,116.70649206014413,114.67462056233698,115.53575134277344,2639100,0.0,0.0
2022-02-15 00:00:00-05:00,116.54200959735515,116.87098217205362,115.22613406228056,115.71958923339844,1562000,0.0,0.0
2022-02-16 00:00:00-05:00,115.32288621787345,116.27108601203444,114.41338212881944,115.64217376708984,1280100,0.0,0.0
2022-02-17 00:00:00-05:00,115.38096344129144,118.98027014860806,114.89718581679965,116.55170440673828,1811800,0.0,0.0
2022-02-18 00:00:00-05:00,116.59037260575728,118.302941635849,116.37750933359546,117.07415008544922,2550100,0.0,0.0
2022-02-22 00:00:00-05:00,116.73551094672693,117.60631191355304,116.24205583521567,116.69680786132812,1777100,0.0,0.0
2022-02-23 00:00:00-05:00,117.21928752781702,117.5579302950937,114.51013062588619,114.81974792480469,1446600,0.0,0.0
2022-02-24 00:00:00-05:00,112.94268946214625,117.93526902857357,111.99448238914921,117.59662628173828,1797800,0.0,0.0
2022-02-25 00:00:00-05:00,117.47087689085468,120.11229837466266,117.2870390461124,119.98651885986328,1471700,0.0,0.0
2022-02-28 00:00:00-05:00,119.27051224921676,120.27677042486812,118.6803104378398,119.4833755493164,1107000,0.0,0.0
2022-03-01 00:00:00-05:00,119.89051820443612,122.090963492179,119.69664904446768,121.95525360107422,1396200,0.23,0.0
2022-03-02 00:00:00-05:00,122.21699406406849,125.08629334104448,121.63537914588052,124.69855499267578,1096000,0.0,0.0
2022-03-03 00:00:00-05:00,125.4352508480109,127.28673307195108,125.01843290602106,126.78266143798828,892700,0.0,0.0
2022-03-04 00:00:00-05:00,126.03626123749166,130.97999110438045,125.90055135388141,130.69888305664062,1601400,0.0,0.0
2022-03-07 00:00:00-05:00,130.62132274592034,131.92026221998316,129.08004315544582,129.65196228027344,2048100,0.0,0.0
2022-03-08 00:00:00-05:00,128.26578112655218,129.64227118290293,125.1638158708849,125.20259857177734,2066200,0.0,0.0
2022-03-09 00:00:00-05:00,125.95873221363892,128.81834333148728,125.69700068206703,128.08163452148438,1104500,0.0,0.0
2022-03-10 00:00:00-05:00,127.10254589543185,129.6325774292786,127.10254589543185,129.5841064453125,1104800,0.0,0.0
2022-03-11 00:00:00-05:00,130.36932124295038,131.06726210549226,129.92340882861032,130.1075897216797,1105800,0.0,0.0
2022-03-14 00:00:00-04:00,130.7570496205772,131.12541137862306,129.7295297599954,130.51470947265625,1633000,0.0,0.0
2022-03-15 00:00:00-04:00,131.45496434122015,132.6569765612124,130.69886441306454,131.76515197753906,2005200,0.0,0.0
2022-03-16 00:00:00-04:00,132.2595294982877,133.5972515243812,129.85551995407107,131.47434997558594,1522800,0.0,0.0
2022-03-17 00:00:00-04:00,131.7748636163014,133.5972660186949,130.93152474727611,133.52940368652344,1268000,0.0,0.0
2022-03-18 00:00:00-04:00,132.676404237458,134.1498367536426,131.55195698239734,133.8687286376953,1257900,0.0,0.0
2022-03-21 00:00:00-04:00,133.53911281568216,134.11104681911783,132.3080354860225,132.96719360351562,769900,0.0,0.0
2022-03-22 00:00:00-04:00,133.25798529028933,133.28706492115256,130.84427238977017,131.11569213867188,840300,0.0,0.0
2022-03-23 00:00:00-04:00,130.8345722366265,131.86209187725916,130.03968962178809,130.29173278808594,890500,0.0,0.0
2022-03-24 00:00:00-04:00,130.75703261946023,130.81519188079636,128.93463021083866,129.65196228027344,1291000,0.0,0.0
2022-03-25 00:00:00-04:00,130.1269548613455,130.9121344757064,129.76828142926357,130.74734497070312,606500,0.0,0.0
2022-03-28 00:00:00-04:00,130.6988861526339,133.46155487541347,130.4177633069669,133.1513671875,714700,0.0,0.0
2022-03-29 00:00:00-04:00,133.87838378657614,134.6829548038119,132.71515410538356,134.09164428710938,897100,0.0,0.0
2022-03-30 00:00:00-04:00,134.0334980874133,135.50691559129527,133.75237522236642,135.4099884033203,638600,0.0,0.0
2022-03-31 00:00:00-04:00,135.47785227120696,136.89312546575903,135.41969299316406,135.41969299316406,1181900,0.0,0.0
2022-04-01 00:00:00-04:00,135.29367452197175,136.15640491839665,134.2952194334215,135.44876098632812,989900,0.0,0.0
2022-04-04 00:00:00-04:00,135.1288678804069,136.5344526474651,134.6538906311775,136.15640258789062,983200,0.0,0.0
2022-04-05 00:00:00-04:00,136.28240861844216,138.38591942906,135.95282955125288,136.27272033691406,714500,0.0,0.0
2022-04-06 00:00:00-04:00,135.7104793595679,137.83338136758124,135.48753057074663,137.4068603515625,1377600,0.0,0.0
2022-04-07 00:00:00-04:00,136.42781701258144,140.22770881312925,135.93343363711188,139.8787384033203,1660200,0.0,0.0
2022-04-08 00:00:00-04:00,140.1016826776303,141.15828215414538,139.38435052749796,140.45065307617188,1154700,0.0,0.0
2022-04-11 00:00:00-04:00,140.06292126357454,140.46034787628201,138.83182913501543,139.2874298095703,712700,0.0,0.0
2022-04-12 00:00:00-04:00,139.26805741673573,139.69457851407168,137.02883644699335,137.2517852783203,868000,0.0,0.0
2022-04-13 00:00:00-04:00,137.82366950642745,138.08540098434247,135.4002682438336,135.5166015625,937000,0.0,0.0
2022-04-14 00:00:00-04:00,135.50688690863217,136.76705841572172,134.77017831262987,134.8186492919922,692400,0.0,0.0
2022-04-18 00:00:00-04:00,134.62475322290285,135.506859789187,133.68447261826677,134.1206817626953,661600,0.0,0.0
2022-04-19 00:00:00-04:00,134.32427025476514,135.20637692832767,133.27735930605746,134.13038635253906,1122700,0.0,0.0
2022-04-20 00:00:00-04:00,135.0416301624705,136.28241061463814,134.30492139126778,135.68141174316406,1240100,0.0,0.0
2022-04-21 00:00:00-04:00,136.77678164897742,137.74614221405517,134.69264755929925,135.0997772216797,885500,0.0,0.0
2022-04-22 00:00:00-04:00,135.30335335416783,135.6329324059035,132.71516234565178,132.82179260253906,738900,0.0,0.0
2022-04-25 00:00:00-04:00,132.8605734670586,133.27740625415953,130.69890327540935,132.0753936767578,854000,0.0,0.0
2022-04-26 00:00:00-04:00,133.07380311357366,136.30177522876892,132.09475437126883,133.2870635986328,1322300,0.0,0.0
2022-04-27 00:00:00-04:00,133.63602758449815,136.5150292042477,133.40337575972734,135.6619873046875,980700,0.0,0.0
2022-04-28 00:00:00-04:00,136.01096805178437,137.75581989289077,135.27425940388045,137.0772705078125,798300,0.0,0.0
2022-04-29 00:00:00-04:00,136.82525082973035,136.98035208476722,133.47127123935945,133.74269104003906,1020000,0.0,0.0
2022-05-02 00:00:00-04:00,132.95750525027182,133.9753368523386,129.2933233158467,130.4177703857422,1235600,0.0,0.0
2022-05-03 00:00:00-04:00,130.4274780176231,131.3968386646641,129.36117538937012,129.84585571289062,1583100,0.0,0.0
2022-05-04 00:00:00-04:00,128.69231946587408,128.73110217646078,124.33989944817749,127.09288024902344,2420000,0.0,0.0
2022-05-05 00:00:00-04:00,125.97811208879696,126.60819057231558,122.08127827323293,123.49654388427734,1594700,0.0,0.0
2022-05-06 00:00:00-04:00,121.1894579993109,123.86489530492582,121.1894579993109,122.866455078125,1300400,0.0,0.0
2022-05-09 00:00:00-04:00,122.35268600898664,122.7695113283823,118.8339025884316,119.15379333496094,1239000,0.0,0.0
2022-05-10 00:00:00-04:00,120.26856739297153,121.46088416568705,117.65129677373069,119.580322265625,1466300,0.0,0.0
2022-05-11 00:00:00-04:00,119.57062636836882,121.64505742320078,118.73697567579512,118.91146087646484,997600,0.0,0.0
2022-05-12 00:00:00-04:00,118.66913539141997,120.40429193587877,117.59314442029952,119.02780151367188,1025700,0.0,0.0
2022-05-13 00:00:00-04:00,120.23948054738185,122.35268679014847,119.43490953575024,122.07157135009766,1429900,0.0,0.0
2022-05-16 00:00:00-04:00,122.11035317346928,124.10723359721119,121.89709266304358,122.97308349609375,2140200,0.0,0.0
2022-05-17 00:00:00-04:00,123.35179785750731,124.14811685665993,122.19616879608296,123.69169616699219,912000,0.23,0.0
2022-05-18 00:00:00-04:00,122.96337425849116,123.83737744853416,119.2633972904363,119.78780364990234,1187000,0.0,0.0
2022-05-19 00:00:00-04:00,119.45761787807469,120.59382787528394,118.15631165013252,118.80696105957031,1467700,0.0,0.0
2022-05-20 00:00:00-04:00,119.45761697874251,121.05025510191749,118.56417987307861,120.9822769165039,706100,0.0,0.0
2022-05-23 00:00:00-04:00,121.38043319254048,122.74000431491632,120.58411412800223,122.22531127929688,877300,0.0,0.0
2022-05-24 00:00:00-04:00,122.40011947477497,123.37124069490895,121.7980216510278,122.89539337158203,934800,0.0,0.0
2022-05-25 00:00:00-04:00,122.5846380035591,122.82741831478378,120.8366167991145,121.55524444580078,1479000,0.0,0.0
2022-05-26 00:00:00-04:00,122.429251490386,123.35181368260449,121.70091057787658,122.70116424560547,554800,0.0,0.0
2022-05-27 00:00:00-04:00,123.06048442910647,124.85706464613887,123.06048442910647,124.77937316894531,701500,0.0,0.0
2022-05-31 00:00:00-04:00,124.7210937962368,125.39116982303774,123.56546455828592,123.85680389404297,1764100,0.0,0.0
2022-06-01 00:00:00-04:00,124.26467253738606,124.70168153926512,123.41008851650314,123.73056030273438,785000,0.0,0.0
2022-06-02 00:00:00-04:00,123.79853935357332,126.68276322250436,123.1284633248073,126.47883605957031,738300,0.0,0.0
2022-06-03 00:00:00-04:00,126.24575380140656,126.43997507439745,125.0124257498078,125.43001556396484,547500,0.0,0.0
2022-06-06 00:00:00-04:00,125.77962671311705,126.78958627919889,125.02215333402214,125.30377197265625,685000,0.0,0.0
2022-06-07 00:00:00-04:00,125.23577753347469,127.18772551576758,124.87645266748198,127.14887237548828,523200,0.0,0.0
2022-06-08 00:00:00-04:00,126.24576406495197,126.44970604995915,124.55600773447728,125.01243591308594,824000,0.0,0.0
2022-06-09 00:00:00-04:00,124.78908018998516,125.11925785748193,120.76863882172579,120.96286010742188,688900,0.0,0.0
2022-06-10 00:00:00-04:00,119.71981827794633,121.14736760268312,117.97180459364822,119.98202514648438,890000,0.0,0.0
2022-06-13 00:00:00-04:00,117.95238965263405,118.66131144625993,115.77708006231653,116.01014709472656,760200,0.0,0.0
2022-06-14 00:00:00-04:00,116.05869915455311,116.25292043505657,113.54349134035193,113.97078704833984,963200,0.0,0.0
2022-06-15 00:00:00-04:00,114.74769249860412,116.21408027767419,112.71804519726602,114.77682495117188,881100,0.0,0.0
2022-06-16 00:00:00-04:00,112.79573069934268,113.28129130725283,111.2807765644975,111.67893981933594,895100,0.0,0.0
2022-06-17 00:00:00-04:00,112.0479629959423,112.40728051236036,110.22225778101858,111.4847183227539,997100,0.0,0.0
2022-06-21 00:00:00-04:00,113.23273000670527,114.24269693994474,112.07710082127429,113.86396026611328,828900,0.0,0.0
2022-06-22 00:00:00-04:00,112.60149861792145,115.62168610084613,112.26160768443904,114.99046325683594,730100,0.0,0.0
2022-06-23 00:00:00-04:00,115.22352217161531,117.38911811641319,114.42720315094773,117.0298080444336,997900,0.0,0.0
2022-06-24 00:00:00-04:00,117.97179805122578,119.19540533965626,117.69987791139721,119.18569946289062,793100,0.0,0.0
2022-06-27 00:00:00-04:00,118.66131110983348,120.29279515021291,118.34083931051117,119.55474090576172,647300,0.0,0.0
2022-06-28 00:00:00-04:00,119.87520551811127,120.85603261374092,117.92324979543666,118.1077651977539,625700,0.0,0.0
2022-06-29 00:00:00-04:00,118.63215358910801,121.1667727680646,117.86496705393402,121.02111053466797,1007700,0.0,0.0
2022-06-30 00:00:00-04:00,120.29279063305744,121.42900070536957,119.57415558112632,120.38018798828125,1642100,0.0,0.0
2022-07-01 00:00:00-04:00,120.15683327334092,121.96311194818843,120.12769341276997,121.70091247558594,550400,0.0,0.0
2022-07-05 00:00:00-04:00,120.56468244584977,121.38042058913403,119.20511146464352,121.02111053466797,1240000,0.0,0.0
2022-07-06 00:00:00-04:00,121.33187575014584,123.43920681359762,121.31244917856529,122.60404205322266,1012000,0.0,0.0
2022-07-07 00:00:00-04:00,122.40012886876436,122.88568951609724,121.84659002716755,122.41954803466797,932900,0.0,0.0
2022-07-08 00:00:00-04:00,122.29329087161389,122.52635788099535,121.31245640224475,121.88542175292969,480900,0.0,0.0
2022-07-11 00:00:00-04:00,121.92427340431517,122.6817467783526,121.05997610223996,121.5066909790039,479300,0.0,0.0
2022-07-12 00:00:00-04:00,121.1182550555318,121.62323489378153,118.58362775818073,118.8943862915039,1120000,0.0,0.0
2022-07-13 00:00:00-04:00,117.83584977561378,120.31221194475009,117.6998933923504,119.57415771484375,655200,0.0,0.0
2022-07-14 00:00:00-04:00,118.85550658450688,121.17648533775422,118.45735080046427,120.63265991210938,768400,0.0,0.0
2022-07-15 00:00:00-04:00,121.65233836815457,122.19617122871723,120.32190718730536,120.8463134765625,806900,0.0,0.0
2022-07-18 00:00:00-04:00,121.05998649210613,121.14738385396494,118.95264761100948,119.25370025634766,537800,0.0,0.0
2022-07-19 00:00:00-04:00,120.5549914594307,121.80773876182053,119.79751806939666,121.6814956665039,590100,0.0,0.0
2022-07-20 00:00:00-04:00,121.71063054241348,122.44867737305553,121.06968694788678,121.5940933227539,531400,0.0,0.0
2022-07-21 00:00:00-04:00,121.78832013778543,124.20640998803547,121.48726751058982,123.90535736083984,673300,0.0,0.0
2022-07-22 00:00:00-04:00,123.68199371491026,124.6531148920631,122.06022312724102,122.61376190185547,604500,0.0,0.0
2022-07-25 00:00:00-04:00,122.52634513671391,123.73054061291101,122.52634513671391,123.70140075683594,670400,0.0,0.0
2022-07-26 00:00:00-04:00,123.18672485394508,123.58488810913566,121.97282333309606,122.70116424560547,970700,0.0,0.0
2022-07-27 00:00:00-04:00,123.25469384832834,125.07068564624825,122.93422209255436,124.48802185058594,993900,0.0,0.0
2022-07-28 00:00:00-04:00,124.53657457371692,127.46934961194789,124.05100661708705,127.16830444335938,563200,0.0,0.0
2022-07-29 00:00:00-04:00,127.82870623448073,129.66412496729782,127.38198389981876,129.51844787597656,1086900,0.0,0.0
2022-08-01 00:00:00-04:00,128.9163426026103,129.15912290882991,127.95492725545246,128.3336639404297,837000,0.0,0.0
2022-08-02 00:00:00-04:00,127.85783781925234,129.00375387554487,127.3237181243128,127.36255645751953,774900,0.0,0.0
2022-08-03 00:00:00-04:00,130.47011997526562,132.71340724672345,128.43075982768687,131.8102569580078,1186900,0.0,0.0
2022-08-04 00:00:00-04:00,131.88798841707907,136.80186008628618,131.88798841707907,135.26748657226562,1742600,0.0,0.0
2022-08-05 00:00:00-04:00,134.28663079844011,134.65566157548903,132.859081529273,134.33518981933594,789600,0.0,0.0
2022-08-08 00:00:00-04:00,135.17034589218403,136.4133796927759,134.6653587800274,135.46168518066406,795000,0.0,0.0
2022-08-09 00:00:00-04:00,135.79188123231913,136.94751784873603,135.0829668946518,135.69476318359375,823800,0.0,0.0
2022-08-10 00:00:00-04:00,136.94750263409722,137.1514297683773,135.18977580163795,135.9569549560547,834500,0.0,0.0
2022-08-11 00:00:00-04:00,136.1317591385047,136.52021649921255,134.80132787114655,134.9567108154297,515300,0.0,0.0
2022-08-12 00:00:00-04:00,134.985825796279,137.57871721865047,134.64592750191355,137.47189331054688,464400,0.0,0.0
2022-08-15 00:00:00-04:00,137.07374478224827,138.04486593499004,136.74356714666794,137.6078643798828,378300,0.0,0.0
2022-08-16 00:00:00-04:00,137.297130621445,139.91915510070274,136.71445192910565,139.55984497070312,883100,0.0,0.0
2022-08-17 00:00:00-04:00,139.37498598807792,140.51303199782762,139.02482141012828,139.98777770996094,648400,0.23,0.0
2022-08-18 00:00:00-04:00,140.20178956802226,140.347685313828,138.2369760871474,138.49960327148438,486700,0.0,0.0
2022-08-19 00:00:00-04:00,138.65523360228767,138.88866679272718,137.69227716606528,137.99380493164062,562900,0.0,0.0
2022-08-22 00:00:00-04:00,136.90442447761606,138.26616770085135,136.90442447761606,137.69229125976562,546500,0.0,0.0
2022-08-23 00:00:00-04:00,137.11839845789737,137.57555823726898,136.4083477792104,137.07948303222656,339100,0.0,0.0
2022-08-24 00:00:00-04:00,137.1281274999619,138.11054168718104,136.9141371725609,137.54638671875,424600,0.0,0.0
2022-08-25 00:00:00-04:00,138.15916007542214,138.6746930083379,137.0211287324775,138.49960327148438,501000,0.0,0.0
2022-08-26 00:00:00-04:00,138.8983719804028,138.8983719804028,135.7079904621551,135.82470703125,539600,0.0,0.0
2022-08-29 00:00:00-04:00,134.95904219582644,137.4880103647185,134.81314646534176,136.94329833984375,682200,0.0,0.0
2022-08-30 00:00:00-04:00,137.13785411214027,137.33238671191552,135.12440385765726,135.649658203125,842500,0.0,0.0
2022-08-31 00:00:00-04:00,136.1457432811316,136.602903136655,135.338418745673,135.3773193359375,1164400,0.0,0.0
2022-09-01 00:00:00-04:00,133.58757651895604,135.69828573819024,133.5681336475083,135.61074829101562,1474800,0.0,0.0
2022-09-02 00:00:00-04:00,136.66124777917042,138.19808067401246,136.0679136542117,136.7098846435547,1457700,0.0,0.0
2022-09-06 00:00:00-04:00,136.78769966909113,138.4996074530732,136.78769966909113,137.43939208984375,1125200,0.0,0.0
2022-09-07 00:00:00-04:00,137.40046532600405,140.97019119155524,137.13785299729108,140.51304626464844,898300,0.0,0.0
2022-09-08 00:00:00-04:00,140.70758721861907,142.03042974353284,140.19206912394333,141.5927276611328,1069800,0.0,0.0
2022-09-09 00:00:00-04:00,141.9234369971462,143.15872725309276,141.5927300707615,142.40003967285156,1079700,0.0,0.0
2022-09-12 00:00:00-04:00,142.97394516344679,144.15087723693136,142.30279496592638,143.9563446044922,1118500,0.0,0.0
2022-09-13 00:00:00-04:00,142.45839307681507,143.49915057550788,141.88450191126375,142.22494506835938,1809600,0.0,0.0
2022-09-14 00:00:00-04:00,142.0109951086154,143.6645448230091,141.90399992958402,142.6724090576172,1338100,0.0,0.0
2022-09-15 00:00:00-04:00,142.34165661677787,143.0517220516742,141.33979973398925,141.84559631347656,1002100,0.0,0.0
2022-09-16 00:00:00-04:00,140.25044474893227,141.29120250268377,140.25044474893227,140.85350036621094,1340000,0.0,0.0
2022-09-19 00:00:00-04:00,140.20178962016965,141.8067021921762,140.0461575966612,141.69970703125,649200,0.0,0.0
2022-09-20 00:00:00-04:00,141.83590747799013,141.9623455205085,138.97623189631773,140.07534790039062,1148600,0.0,0.0
2022-09-21 00:00:00-04:00,140.65895719216678,141.53436139951415,138.78168105425468,138.8594970703125,1030400,0.0,0.0
2022-09-22 00:00:00-04:00,138.58711794530797,138.58711794530797,136.29159792323253,137.20591735839844,901200,0.0,0.0
2022-09-23 00:00:00-04:00,136.4569760582563,136.66124494768306,134.9007003234148,135.90255737304688,847700,0.0,0.0
2022-09-26 00:00:00-04:00,135.7566420153966,136.6806829185302,134.68669054320944,135.62045288085938,783200,0.0,0.0
2022-09-27 00:00:00-04:00,136.73907964385626,136.73907964385626,133.31524881237576,133.91830444335938,1100000,0.0,0.0
2022-09-28 00:00:00-04:00,134.6575340367447,135.89283915470077,133.2082385883746,135.26058959960938,1963600,0.0,0.0
2022-09-29 00:00:00-04:00,134.6575359717653,134.968785193821,132.4106523120176,133.2860565185547,805300,0.0,0.0
2022-09-30 00:00:00-04:00,133.71406685558526,133.7821466084995,131.1559185642623,131.43800354003906,1255000,0.0,0.0
2022-10-03 00:00:00-04:00,132.50789136192282,135.1827552881765,132.2258213328565,134.24899291992188,1191700,0.0,0.0
2022-10-04 00:00:00-04:00,134.95907656250182,139.45284430836773,134.95907656250182,138.77197265625,1286800,0.0,0.0
2022-10-05 00:00:00-04:00,137.83821168211523,138.88869090524,137.46858927723378,137.9354705810547,1258500,0.0,0.0
2022-10-06 00:00:00-04:00,137.10866885157313,137.33238058924667,127.2068011562868,131.03915405273438,5887300,0.0,0.0
2022-10-07 00:00:00-04:00,129.84277560749518,130.83489635941987,126.14659669331833,126.4189453125,1853700,0.0,0.0
2022-10-10 00:00:00-04:00,126.65239378673633,127.06091671692757,124.6194857296528,125.64080047607422,843200,0.0,0.0
2022-10-11 00:00:00-04:00,125.22256642950258,127.31381811536517,124.63895371434246,125.9326171875,1091400,0.0,0.0
2022-10-12 00:00:00-04:00,126.08823045069282,126.08823045069282,123.88024764540897,123.88997650146484,717700,0.0,0.0
2022-10-13 00:00:00-04:00,121.38048244401185,126.05906843642185,120.88441461094055,125.27118682861328,1067000,0.0,0.0
2022-10-14 00:00:00-04:00,126.1466227030383,126.86639498418857,120.83580127114661,121.1373291015625,933400,0.0,0.0
2022-10-17 00:00:00-04:00,122.54768910774116,125.65052662743396,122.25589018420064,124.62922668457031,1291300,0.0,0.0
2022-10-18 00:00:00-04:00,126.61348076989049,127.33326776072025,125.52408626864495,126.91500854492188,1562300,0.0,0.0
2022-10-19 00:00:00-04:00,126.13688534445158,128.56858052621743,125.87427295098134,128.51995849609375,834900,0.0,0.0
2022-10-20 00:00:00-04:00,128.8214720192645,128.8214720192645,125.82562210696906,126.13687133789062,873200,0.0,0.0
2022-10-21 00:00:00-04:00,126.03958165974771,127.45968282987096,125.20307822075901,127.07061767578125,747100,0.0,0.0
2022-10-24 00:00:00-04:00,128.25733236584895,128.8020297165555,126.49678741378325,128.30596923828125,1168900,0.0,0.0
2022-10-25 00:00:00-04:00,128.9479201653524,129.4148014155212,127.74179419037173,128.9576416015625,865000,0.0,0.0
2022-10-26 00:00:00-04:00,129.12299286079846,130.92245293534972,127.91686690643932,128.558837890625,891500,0.0,0.0
2022-10-27 00:00:00-04:00,128.96737886825017,131.28235737272013,128.96737886825017,129.88169860839844,1384600,0.0,0.0
2022-10-28 00:00:00-04:00,129.74550290672494,130.17348355221304,128.19894862661837,129.2008056640625,1279000,0.0,0.0
2022-10-31 00:00:00-04:00,128.58803935136513,130.42640033094455,128.1795163383352,128.30596923828125,1227400,0.0,0.0
2022-11-01 00:00:00-04:00,129.31750153582203,130.16374125537112,127.0122600597647,127.3235092163086,891800,0.0,0.0
2022-11-02 00:00:00-04:00,127.02201777653322,129.69688230430037,126.0007028975535,126.40924072265625,1384200,0.0,0.0
2022-11-03 00:00:00-04:00,128.53937110362662,134.98822995653168,128.1211267549558,134.71588134765625,2446900,0.0,0.0
2022-11-04 00:00:00-04:00,136.73904197018373,136.91411684376038,132.39117117374533,132.7218780517578,1891800,0.0,0.0
2022-11-07 00:00:00-05:00,133.18879428317433,136.42781387393038,132.7900075744245,135.5815887451172,1642500,0.0,0.0
2022-11-08 00:00:00-05:00,134.86176202738991,135.74690232833413,133.5000191350791,135.5426483154297,1508800,0.0,0.0
2022-11-09 00:00:00-05:00,135.19249592728534,136.16517375003664,133.73347919315836,133.90855407714844,1163400,0.0,0.0
2022-11-10 00:00:00-05:00,137.04058927366233,137.4588484900805,133.14015622247646,135.79556274414062,1516300,0.0,0.0
2022-11-11 00:00:00-05:00,135.98038405173483,136.62235507813,130.52366001115206,132.52737426757812,1460000,0.0,0.0
2022-11-14 00:00:00-05:00,132.72186775194447,133.54864972469846,131.27258749352555,131.44766235351562,944300,0.0,0.0
2022-11-15 00:00:00-05:00,132.78762050996914,133.57699141073962,130.8191077740589,132.64144897460938,924200,0.255,0.0
2022-11-16 00:00:00-05:00,132.73893341955804,135.5552862398832,132.73893341955804,134.86337280273438,708100,0.0,0.0
2022-11-17 00:00:00-05:00,134.5515448115641,135.95483654511938,134.09352071542258,135.23370361328125,884900,0.0,0.0
2022-11-18 00:00:00-05:00,135.94505393742614,136.97803906485672,135.72091930240336,136.62721252441406,827200,0.0,0.0
2022-11-21 00:00:00-05:00,137.12426261113458,138.29367977275786,136.5980152229392,137.0365447998047,740700,0.0,0.0
2022-11-22 00:00:00-05:00,137.41658125102154,138.87835615993794,137.13397797807278,138.19619750976562,909200,0.0,0.0
2022-11-23 00:00:00-05:00,138.0987838675145,139.04405149409337,137.9038686093038,138.3618927001953,786600,0.0,0.0
2022-11-25 00:00:00-05:00,138.38137678562555,139.54105408294987,138.20597091037246,138.5470428466797,470300,0.0,0.0
2022-11-28 00:00:00-05:00,137.94284101978184,140.39862725242602,137.94284101978184,138.5275421142578,811500,0.0,0.0
2022-11-29 00:00:00-05:00,138.3423937272138,138.79066307054958,136.52003743338267,137.2314453125,699200,0.0,0.0
2022-11-30 00:00:00-05:00,137.4750873586775,140.97359898088624,137.2119636681933,140.8176727294922,1551700,0.0,0.0
2022-12-01 00:00:00-05:00,141.28541289850904,142.26968418401816,139.92109560268077,140.2816619873047,779800,0.0,0.0
2022-12-02 00:00:00-05:00,139.30716217898546,142.39637839763458,139.13175630692263,141.7434539794922,553300,0.0,0.0
2022-12-05 00:00:00-05:00,141.64599319587526,141.64599319587526,138.8588751361378,139.40460205078125,714400,0.0,0.0
2022-12-06 00:00:00-05:00,139.3364208727398,139.9796055894079,136.724722743163,137.32891845703125,687100,0.0,0.0
2022-12-07 00:00:00-05:00,137.61154850124026,139.12203791563886,136.4713505556087,136.783203125,607300,0.0,0.0
2022-12-08 00:00:00-05:00,136.87088940621447,137.78693762974487,136.57853137552115,136.9488525390625,538300,0.0,0.0
2022-12-09 00:00:00-05:00,136.94880149378818,137.53351733723218,136.0619879168767,136.37384033203125,599300,0.0,0.0
2022-12-12 00:00:00-05:00,137.0560394281403,137.30940843791456,135.5260558149774,136.93910217285156,758600,0.0,0.0
2022-12-13 00:00:00-05:00,138.92707431192127,139.36560377698308,136.98779593155106,137.14370727539062,1137500,0.0,0.0
2022-12-14 00:00:00-05:00,137.7771592960957,138.7126868888329,136.34461872914534,136.90008544921875,900700,0.0,0.0
2022-12-15 00:00:00-05:00,135.75989129039527,135.9353119928355,132.32958904543236,133.83035278320312,1066400,0.0,0.0
2022-12-16 00:00:00-05:00,132.79739320779663,133.22618292961235,130.99453138741993,131.07249450683594,1109000,0.0,0.0
2022-12-19 00:00:00-05:00,131.16994607574344,132.0275106098906,129.55224487982397,129.91281127929688,1058100,0.0,0.0
2022-12-20 00:00:00-05:00,129.81537558438893,130.40983136359768,128.801869893634,129.27938842773438,1013400,0.0,0.0
2022-12-21 00:00:00-05:00,130.2246875718456,131.5792653584794,129.22093643563227,130.54627990722656,594300,0.0,0.0
2022-12-22 00:00:00-05:00,129.9518111153444,130.44880929148817,128.09048060340294,128.78237915039062,659300,0.0,0.0
2022-12-23 00:00:00-05:00,128.6362149872731,130.0687558437725,127.72016683468752,129.97129821777344,472700,0.0,0.0
2022-12-27 00:00:00-05:00,130.33189098748983,131.19921040326867,129.6302376545061,130.46832275390625,344900,0.0,0.0
2022-12-28 00:00:00-05:00,130.88731940626016,131.16018285890974,129.06497816107705,129.08447265625,539500,0.0,0.0
2022-12-29 00:00:00-05:00,129.8835923599513,130.51702230488425,129.4645572914455,130.10772705078125,336800,0.0,0.0
2022-12-30 00:00:00-05:00,129.6984078802784,129.7666311783547,128.04173267060622,129.18191528320312,521900,0.0,0.0
2023-01-03 00:00:00-05:00,129.1332086786952,130.18568854892692,127.13546124505122,128.35360717773438,501000,0.0,0.0
2023-01-04 00:00:00-05:00,129.4840418443559,130.00053455631397,128.1392187782887,129.0552520751953,641600,0.0,0.0
2023-01-05 00:00:00-05:00,128.23665148422623,128.31461460613951,124.79660865575713,125.33259582519531,841000,0.0,0.0
2023-01-06 00:00:00-05:00,125.74186584006833,129.58146332192413,125.16690465997819,129.425537109375,1185300,0.0,0.0
2023-01-09 00:00:00-05:00,130.28312497909735,130.8288518889778,128.78236110698305,128.82135009765625,1050000,0.0,0.0
2023-01-10 00:00:00-05:00,128.44128325620164,128.6069492840087,125.70289415137862,127.8565673828125,836900,0.0,0.0
2023-01-11 00:00:00-05:00,128.74340528926666,129.72766182951926,127.11596414095429,128.8798370361328,1116100,0.0,0.0
2023-01-12 00:00:00-05:00,128.9870264297676,129.09422385776156,124.10469585422204,124.72838592529297,1522200,0.0,0.0
2023-01-13 00:00:00-05:00,124.75761562262058,127.40830188617771,123.82207317138867,127.26211547851562,1753900,0.0,0.0
2023-01-17 00:00:00-05:00,128.06123051225086,129.6594371481607,128.06123051225086,128.29510498046875,1252900,0.0,0.0
2023-01-18 00:00:00-05:00,128.35361898383638,129.1527150568066,124.94281005859375,124.94281005859375,984400,0.0,0.0
2023-01-19 00:00:00-05:00,124.92330374135723,125.7321544229392,124.0949585613185,124.10470581054688,848200,0.0,0.0
2023-01-20 00:00:00-05:00,123.81235500987843,125.7906228059802,122.62344339538092,125.34233856201172,1082600,0.0,0.0
2023-01-23 00:00:00-05:00,125.34232694843371,126.51175882610389,124.94278642250521,125.88805389404297,593200,0.0,0.0
2023-01-24 00:00:00-05:00,126.66768938854436,137.20221360804905,125.31311163253855,126.38508605957031,767700,0.0,0.0
2023-01-25 00:00:00-05:00,125.68342594011253,128.36334699201547,125.32285950242087,128.35360717773438,1018200,0.0,0.0
2023-01-26 00:00:00-05:00,129.0260271510105,129.0260271510105,126.57999516976206,127.40834045410156,1037100,0.0,0.0
2023-01-27 00:00:00-05:00,127.27190599500581,128.17819952392233,126.20967133204472,127.9345703125,878800,0.0,0.0
2023-01-30 00:00:00-05:00,127.93456089480617,129.03576960775447,127.63246307407243,127.66169738769531,801500,0.0,0.0
2023-01-31 00:00:00-05:00,127.90531332529788,129.52301457118924,127.21339994472456,129.5132598876953,926400,0.0,0.0
2023-02-01 00:00:00-05:00,128.43155223160687,130.7411669739859,127.44729569570504,129.63021850585938,1262400,0.0,0.0
2023-02-02 00:00:00-05:00,130.020010286665,130.0784789067564,128.11970578397444,128.60696411132812,1489400,0.0,0.0
2023-02-03 00:00:00-05:00,128.19767209954819,129.19168327573675,127.2913638556851,128.86033630371094,783700,0.0,0.0
2023-02-06 00:00:00-05:00,128.33413478848036,129.76667584170787,128.33413478848036,129.5425262451172,689200,0.0,0.0
2023-02-07 00:00:00-05:00,129.1039788781874,130.07849565839402,127.73966133387653,129.97129821777344,789700,0.0,0.0
2023-02-08 00:00:00-05:00,129.6594760501783,130.30266077064022,129.1722176019401,130.0687713623047,597500,0.0,0.0
2023-02-09 00:00:00-05:00,130.78012927798858,131.02375843643117,129.29885983107343,130.27337646484375,871100,0.0,0.0
2023-02-10 00:00:00-05:00,130.6826858138192,132.40756953969347,130.26363593124483,131.87159729003906,1182800,0.0,0.0
2023-02-13 00:00:00-05:00,132.23219047203327,132.76817770021276,131.01404443978288,131.2284393310547,769900,0.0,0.0
2023-02-14 00:00:00-05:00,130.99455577187962,131.47207439096286,130.08826222110935,131.2479248046875,871300,0.0,0.0
2023-02-15 00:00:00-05:00,130.63395251336527,132.27113325513722,130.28312594442227,132.07623291015625,937500,0.0,0.0
2023-02-16 00:00:00-05:00,132.1541985991818,134.71718205199278,130.00051033979514,132.8850860595703,1603200,0.0,0.0
2023-02-17 00:00:00-05:00,133.17743605416615,135.23366658123484,132.00801916146025,132.64144897460938,1142500,0.0,0.0
2023-02-21 00:00:00-05:00,132.1639522227959,133.24566637200388,130.81912926671342,131.81312561035156,1067500,0.0,0.0
2023-02-22 00:00:00-05:00,132.38808761212354,134.3663551437516,131.98853223264666,132.4952850341797,1315100,0.0,0.0
2023-02-23 00:00:00-05:00,132.71943487311188,132.88510093161418,130.42931462628138,131.3551025390625,787500,0.0,0.0
2023-02-24 00:00:00-05:00,130.64370601492857,131.22842198108094,129.73741262433157,130.71192932128906,754000,0.0,0.0
2023-02-27 00:00:00-05:00,131.42331509567595,132.97279298956477,131.04325419962882,132.48553466796875,1411800,0.0,0.0
2023-02-28 00:00:00-05:00,131.6995610488754,132.82235511857053,130.19599191313804,130.75250244140625,1245100,0.255,0.0
2023-03-01 00:00:00-05:00,130.11792762452464,131.96322511014563,130.05934911670985,130.28390502929688,896200,0.0,0.0
2023-03-02 00:00:00-05:00,130.2448200913373,130.99661223919944,129.9031072225916,130.52796936035156,698100,0.0,0.0
2023-03-03 00:00:00-05:00,130.3717428181501,131.07471454609424,128.8584004899957,130.96731567382812,834500,0.0,0.0
2023-03-06 00:00:00-05:00,130.45961156314206,133.10552112865696,130.35221269004984,132.197509765625,1024100,0.0,0.0
2023-03-07 00:00:00-05:00,132.27563295519806,132.50020373880207,129.91287240277362,130.10813903808594,666600,0.0,0.0
2023-03-08 00:00:00-05:00,130.19599902380003,130.53771185164186,129.45396508173496,130.05931091308594,758600,0.0,0.0
2023-03-09 00:00:00-05:00,130.47914020450352,131.67028590229464,129.0731967646263,129.2489471435547,954700,0.0,0.0
2023-03-10 00:00:00-05:00,129.54186898382954,129.86406567001248,127.56965639261179,127.94065856933594,960700,0.0,0.0
2023-03-13 00:00:00-04:00,127.60869749882833,130.75253966648563,127.60869749882833,129.47352600097656,797800,0.0,0.0
2023-03-14 00:00:00-04:00,130.35222745052783,132.19752473505582,129.971452293336,131.78746032714844,675700,0.0,0.0
2023-03-15 00:00:00-04:00,130.83065850649848,131.92416372072014,129.4637769887214,131.84605407714844,1073900,0.0,0.0
2023-03-16 00:00:00-04:00,131.71913984260075,133.38868692945144,131.1333249607531,132.86146545410156,738100,0.0,0.0
2023-03-17 00:00:00-04:00,132.72476066370743,132.75404991433913,131.00637850457034,131.18212890625,1112400,0.0,0.0
2023-03-20 00:00:00-04:00,131.64098421727888,133.85729803872806,131.48476498363354,132.29513549804688,813100,0.0,0.0
2023-03-21 00:00:00-04:00,132.78334614149944,132.9200342842589,129.70785548046638,130.17649841308594,1085200,0.0,0.0
2023-03-22 00:00:00-04:00,130.1374045332524,130.98683733353425,129.01461041174406,129.0634307861328,681100,0.0,0.0
2023-03-23 00:00:00-04:00,128.9560767918831,130.40106800967786,127.77468887131252,128.04806518554688,612500,0.0,0.0
2023-03-24 00:00:00-04:00,127.91132624650515,130.80132243263242,127.70630154117188,130.4595947265625,693000,0.0,0.0
2023-03-27 00:00:00-04:00,130.8306345266671,132.187757676961,130.22530352230086,130.29364013671875,785800,0.0,0.0
2023-03-28 00:00:00-04:00,130.05932743088903,131.72887421679783,130.0202651669316,131.64100646972656,457500,0.0,0.0
2023-03-29 00:00:00-04:00,132.2854161147485,133.2031708608823,131.91439905068157,132.85169982910156,667800,0.0,0.0
2023-03-30 00:00:00-04:00,133.4472365658742,135.26324442922723,133.2031495675627,134.75555419921875,1031900,0.0,0.0
2023-03-31 00:00:00-04:00,135.4878238050049,136.47392997761506,135.04847015969895,135.78073120117188,826100,0.0,0.0
2023-04-03 00:00:00-04:00,135.81975604281382,136.7277524326637,135.42922284461986,136.16148376464844,580500,0.0,0.0
2023-04-04 00:00:00-04:00,136.4739369239784,136.4739369239784,134.3943106930203,135.14610290527344,771300,0.0,0.0
2023-04-05 00:00:00-04:00,135.29253984290608,136.11266852880607,133.41793870672453,133.8475341796875,853400,0.0,0.0
2023-04-06 00:00:00-04:00,133.57418906714244,134.98989091618554,133.4863213084459,134.570068359375,490000,0.0,0.0
2023-04-10 00:00:00-04:00,133.8963404789173,135.13630639135658,133.2031269662632,135.01913452148438,508900,0.0,0.0
2023-04-11 00:00:00-04:00,134.88244835110768,137.84078111917614,134.6676506341356,136.71798706054688,930100,0.0,0.0
2023-04-12 00:00:00-04:00,137.36242032535012,139.80329064203374,136.79613662413269,139.05149841308594,886000,0.0,0.0
2023-04-13 00:00:00-04:00,139.4908304847088,140.66245997355477,138.8659683763386,140.5452880859375,677500,0.0,0.0
2023-04-14 00:00:00-04:00,140.24261438721243,140.72103023041365,139.47130608683383,139.71539306640625,778400,0.0,0.0
2023-04-17 00:00:00-04:00,140.30121620758968,140.91632026571398,139.74470554853056,140.52577209472656,559300,0.0,0.0
2023-04-18 00:00:00-04:00,140.85772579952786,141.17014940301786,138.93431910684848,139.58847045898438,840600,0.0,0.0
2023-04-19 00:00:00-04:00,139.70562744805716,140.58434955976622,139.36391459729896,139.58847045898438,625100,0.0,0.0
2023-04-20 00:00:00-04:00,139.58847860110598,140.96513289456158,138.80739719998934,140.3597869873047,594700,0.0,0.0
2023-04-21 00:00:00-04:00,140.72106244848965,141.81456760000816,140.61366355697334,141.66812133789062,1241500,0.0,0.0
2023-04-24 00:00:00-04:00,140.8479675872747,141.38496200677204,138.56331667292892,138.7683563232422,1869200,0.0,0.0
2023-04-25 00:00:00-04:00,138.89527840757452,139.34440509855628,137.84082064856045,137.95799255371094,1269100,0.0,0.0
2023-04-26 00:00:00-04:00,137.34290291566424,137.60652110761788,136.46419547300763,136.90354919433594,1121200,0.0,0.0
2023-04-27 00:00:00-04:00,135.02896025853534,135.97601921291607,129.21969139567113,133.7011260986328,2859400,0.0,0.0
2023-04-28 00:00:00-04:00,133.67180056527314,136.22982741078408,132.65639036087293,135.8588104248047,1959000,0.0,0.0
2023-05-01 00:00:00-04:00,136.34698439671976,136.34698439671976,134.4431088858285,135.8588104248047,1326400,0.0,0.0
2023-05-02 00:00:00-04:00,135.80025482759393,136.11269337328224,133.89637899571153,135.77096557617188,1135800,0.0,0.0
2023-05-03 00:00:00-04:00,136.22986559294148,137.15739341996775,135.04849259261175,135.69287109375,688200,0.0,0.0
2023-05-04 00:00:00-04:00,135.54639490679097,137.07925352304477,135.43899603065435,136.02481079101562,676500,0.0,0.0
2023-05-05 00:00:00-04:00,136.14195397422964,137.59670281501207,136.05408623845486,137.48931884765625,561300,0.0,0.0
2023-05-08 00:00:00-04:00,137.36240470966519,139.66658662258524,137.3428735779428,138.5437774658203,686900,0.0,0.0
2023-05-09 00:00:00-04:00,138.78342168573982,140.387514488876,138.72473772978626,139.63436889648438,986900,0.255,0.0
2023-05-10 00:00:00-04:00,140.20168048623754,141.7666557215678,139.91803637374778,141.69818115234375,702900,0.0,0.0
2023-05-11 00:00:00-04:00,141.6981562493262,142.30459188191017,139.47786723997444,140.44618225097656,694800,0.0,0.0
2023-05-12 00:00:00-04:00,140.43641365419896,141.8546638883804,140.397281069628,140.7396240234375,508700,0.0,0.0
2023-05-15 00:00:00-04:00,140.69071940798935,141.2677981853756,139.16487691368272,140.46575927734375,892700,0.0,0.0
2023-05-16 00:00:00-04:00,140.26033121564913,140.26033121564913,138.77362151149347,139.02792358398438,734000,0.0,0.0
2023-05-17 00:00:00-04:00,139.84951786503956,140.15272817700017,136.37724041334758,137.52163696289062,1082800,0.0,0.0
2023-05-18 00:00:00-04:00,136.6511624365378,137.0326230863404,135.46764789885253,136.38706970214844,868300,0.0,0.0
2023-05-19 00:00:00-04:00,136.95435731992842,137.7759624841666,136.51421276227995,137.2282257080078,647000,0.0,0.0
2023-05-22 00:00:00-04:00,137.14022695554738,137.49234565637948,135.7708698191066,136.2403564453125,391700,0.0,0.0
2023-05-23 00:00:00-04:00,135.62415015416073,135.96647822010718,134.01026667283716,134.5384521484375,561600,0.0,0.0
2023-05-24 00:00:00-04:00,134.56779024320863,135.44807944418565,134.1276456427201,134.16676330566406,520900,0.0,0.0
2023-05-25 00:00:00-04:00,133.91244603267754,134.998143884215,133.12018285650024,134.58734130859375,557600,0.0,0.0
2023-05-26 00:00:00-04:00,134.99813818933228,136.94455876852058,134.87097968627523,135.41871643066406,717900,0.0,0.0
2023-05-30 00:00:00-04:00,135.5850025988406,135.5850025988406,133.09084509115638,133.92222595214844,599800,0.0,0.0
2023-05-31 00:00:00-04:00,133.9711430874334,134.94924881783757,133.48209022223134,133.65814208984375,1256000,0.0,0.0
2023-06-01 00:00:00-04:00,133.21799409127948,134.61669301085774,133.04194222816665,134.5775604248047,608900,0.0,0.0
2023-06-02 00:00:00-04:00,134.71451354480536,137.11086987463216,134.2059092523604,136.4359893798828,647200,0.0,0.0
2023-06-05 00:00:00-04:00,136.3772580260711,137.30647029525258,135.02748243319442,135.08616638183594,524100,0.0,0.0
2023-06-06 00:00:00-04:00,135.08617319458884,136.16209538963574,133.2668960714146,133.6679229736328,815300,0.0,0.0
2023-06-07 00:00:00-04:00,133.66794613231565,134.21568300843498,131.96603661747878,132.08340454101562,989600,0.0,0.0
2023-06-08 00:00:00-04:00,132.27904480519732,133.54079482563333,131.17378038304227,133.02239990234375,794900,0.0,0.0
2023-06-09 00:00:00-04:00,132.77785936593403,133.37450448751335,131.58456912277538,132.85610961914062,693900,0.0,0.0
2023-06-12 00:00:00-04:00,133.08106220181807,133.4234051745417,131.81931238679374,132.75828552246094,685800,0.0,0.0
2023-06-13 00:00:00-04:00,133.02237921873152,133.32558960693842,131.78018076328513,132.36705017089844,982600,0.0,0.0
2023-06-14 00:00:00-04:00,132.36705461327236,134.49931801139087,131.91711939570735,133.83421325683594,943800,0.0,0.0
2023-06-15 00:00:00-04:00,132.9245656781455,135.2231201643859,132.8169734484766,134.4210662841797,956300,0.0,0.0
2023-06-16 00:00:00-04:00,134.8612385945067,136.11321288129432,134.3623950620747,134.52867126464844,934700,0.0,0.0
2023-06-20 00:00:00-04:00,133.6874802158262,134.69494281984666,132.91478327794272,133.70704650878906,769500,0.0,0.0
2023-06-21 00:00:00-04:00,134.02007421648207,134.33306034274358,132.79744184495271,133.7559814453125,735400,0.0,0.0
2023-06-22 00:00:00-04:00,133.96139273767102,134.15701093580515,132.73876034344278,134.06898498535156,490700,0.0,0.0
2023-06-23 00:00:00-04:00,133.6385883152506,134.87099614047864,132.95390237652626,133.1201934814453,909700,0.0,0.0
2023-06-26 00:00:00-04:00,133.18866671877512,135.5165633288102,132.631154166409,134.773193359375,640300,0.0,0.0
2023-06-27 00:00:00-04:00,135.19378445363645,136.6316011691854,134.70473155514253,135.7512969970703,977300,0.0,0.0
2023-06-28 00:00:00-04:00,135.80020208813787,136.13275446938692,134.98837250470544,135.8295440673828,742500,0.0,0.0
2023-06-29 00:00:00-04:00,136.0740526096268,137.4042768843345,135.3698153509752,137.19888305664062,855000,0.0,0.0
2023-06-30 00:00:00-04:00,137.51188010943088,140.0158283740835,137.0326178566442,139.80064392089844,1116700,0.0,0.0
2023-07-03 00:00:00-04:00,138.85188922756763,139.15509960113033,137.86399293662146,138.27479553222656,569000,0.0,0.0
2023-07-05 00:00:00-04:00,138.00092376389009,138.48020090940847,137.69771339773462,138.12808227539062,883100,0.0,0.0
2023-07-06 00:00:00-04:00,137.18911793633754,137.7075128307244,136.63160537573924,136.99349975585938,1344400,0.0,0.0
2023-07-07 00:00:00-04:00,136.2012224730297,137.003276332961,135.74151158740256,135.76107788085938,912000,0.0,0.0
2023-07-10 00:00:00-04:00,135.71217211592497,137.15976443957626,135.37961974456212,135.6534881591797,747000,0.0,0.0
2023-07-11 00:00:00-04:00,135.5850122472788,135.75128843130966,134.05916968821037,135.5948028564453,1118100,0.0,0.0
2023-07-12 00:00:00-04:00,136.51422703602785,137.66838466008136,134.97859384079024,136.13275146484375,1209700,0.0,0.0
2023-07-13 00:00:00-04:00,136.25014386275498,138.3628560182395,135.57524845824935,138.03028869628906,1024200,0.0,0.0
2023-07-14 00:00:00-04:00,137.6879524339064,138.80299240671758,136.99349077531693,138.32371520996094,930300,0.0,0.0
2023-07-17 00:00:00-04:00,138.44108447109105,139.7810995282023,138.26503259590385,138.3824005126953,799800,0.0,0.0
2023-07-18 00:00:00-04:00,137.59991857095815,137.9422615752977,136.17189244221052,136.9054718017578,1067800,0.0,0.0
2023-07-19 00:00:00-04:00,136.74895132066354,137.96180772423355,136.2696890942261,137.7661895751953,566100,0.0,0.0
2023-07-20 00:00:00-04:00,137.65861386262043,140.67118147814404,137.35538853183388,140.6027069091797,548900,0.0,0.0
2023-07-21 00:00:00-04:00,141.82532420970833,142.66649569511287,141.36561334415538,141.47320556640625,1093400,0.0,0.0
2023-07-24 00:00:00-04:00,141.43410718361181,142.50023894278067,141.02328960650732,142.0698699951172,860800,0.0,0.0
2023-07-25 00:00:00-04:00,141.45364804371562,142.18722735235008,139.5170028478392,139.91802978515625,911800,0.0,0.0
2023-07-26 00:00:00-04:00,138.59756158963236,140.749390941064,138.40194345308535,139.741943359375,885100,0.0,0.0
2023-07-27 00:00:00-04:00,140.06475042516283,140.58314531573455,136.69028833143966,137.80532836914062,1366400,0.0,0.0
2023-07-28 00:00:00-04:00,138.39216998484633,139.51698548152456,137.55099855199487,138.34326171875,803500,0.0,0.0
2023-07-31 00:00:00-04:00,138.35306154351255,138.63672058154282,137.4825479840476,138.07919311523438,789600,0.0,0.0
2023-08-01 00:00:00-04:00,138.23567276543423,140.8667793416088,137.74661994234475,139.75173950195312,909000,0.0,0.0
2023-08-02 00:00:00-04:00,139.3996464735916,140.4462119463606,137.76621153545145,138.480224609375,1258400,0.0,0.0
2023-08-03 00:00:00-04:00,137.47276123145542,139.9669337897064,136.55333947138018,137.6096954345703,1388500,0.0,0.0
2023-08-04 00:00:00-04:00,138.64648941993923,140.53422634483002,135.6632639113232,138.85189819335938,1224300,0.0,0.0
2023-08-07 00:00:00-04:00,139.0084121505954,140.37776942865037,139.0084121505954,140.05499267578125,600600,0.0,0.0
2023-08-08 00:00:00-04:00,139.1551176466374,140.90592047814272,136.43598469117822,137.10108947753906,915300,0.0,0.0
2023-08-09 00:00:00-04:00,137.27712821523443,140.0353782722128,137.04237749614188,139.3213653564453,631600,0.0,0.0
2023-08-10 00:00:00-04:00,139.54635177321936,140.54402386154777,135.5165606797466,136.78810119628906,2166100,0.0,0.0
2023-08-11 00:00:00-04:00,136.26968990077575,137.8150837346203,136.1327407784595,137.5998992919922,512200,0.0,0.0
2023-08-14 00:00:00-04:00,137.41407884901798,138.88123743834237,137.34560428432255,138.31393432617188,430800,0.0,0.0
2023-08-15 00:00:00-04:00,137.66229523980206,138.3971996272524,135.3987771670538,135.56536865234375,934900,0.255,0.0
2023-08-16 00:00:00-04:00,135.5360062286152,137.37815683517292,135.5360062286152,136.2415008544922,693100,0.0,0.0
2023-08-17 00:00:00-04:00,136.73142157437525,136.82941481901992,134.3503382365426,134.59530639648438,1043300,0.0,0.0
2023-08-18 00:00:00-04:00,134.51691785532697,135.78096196235603,134.34054795295285,135.22242736816406,724300,0.0,0.0
2023-08-21 00:00:00-04:00,135.22242736816406,136.26108999771026,134.80108930026788,135.22242736816406,840700,0.0,0.0
2023-08-22 00:00:00-04:00,135.1636187777261,135.48697850586277,133.90938313919673,134.38951110839844,864500,0.0,0.0
2023-08-23 00:00:00-04:00,134.4679203923382,135.71236285188812,134.03677403144403,135.06564331054688,498700,0.0,0.0
2023-08-24 00:00:00-04:00,134.507135123676,135.50659455265884,133.57625901158187,133.66444396972656,1044900,0.0,0.0
2023-08-25 00:00:00-04:00,134.5561261758759,135.61437553310847,133.92899329504058,135.0852508544922,472600,0.0,0.0
2023-08-28 00:00:00-04:00,135.2812187585484,136.30029471077432,134.90886235850385,134.91867065429688,359800,0.0,0.0
2023-08-29 00:00:00-04:00,134.65410689686394,136.23170256837435,134.16417053865166,136.17291259765625,761800,0.0,0.0
2023-08-30 00:00:00-04:00,136.86860699824655,137.3193550039612,135.40860629296833,135.58497619628906,740700,0.0,0.0
2023-08-31 00:00:00-04:00,135.58497163668886,136.11411123219722,133.95839442686238,134.23275756835938,861600,0.0,0.0
2023-09-01 00:00:00-04:00,135.30084295456987,136.75105056501155,135.01667145926552,136.48648071289062,838900,0.0,0.0
2023-09-05 00:00:00-04:00,136.5452792222418,136.82943575251252,135.54580479030244,136.3101043701172,560000,0.0,0.0
2023-09-06 00:00:00-04:00,136.06512120338795,136.30029602963964,134.46792394739526,134.8206787109375,761300,0.0,0.0
2023-09-07 00:00:00-04:00,134.7324695879039,136.43745313110765,134.7324695879039,136.07489013671875,531600,0.0,0.0
2023-09-08 00:00:00-04:00,136.3688757371878,136.84901872121452,134.84027678614135,135.06564331054688,527200,0.0,0.0
2023-09-11 00:00:00-04:00,134.92847642493874,136.69225038802176,134.7716931945154,136.3492889404297,411800,0.0,0.0
2023-09-12 00:00:00-04:00,136.76085542592833,137.67212996347448,135.8201709485096,137.34877014160156,708200,0.0,0.0
2023-09-13 00:00:00-04:00,137.1822110760032,139.20074693242503,136.82945622088363,139.05377197265625,662500,0.0,0.0
2023-09-14 00:00:00-04:00,139.60247637899772,140.11201441185523,138.3874287473135,139.28890991210938,1133100,0.0,0.0
2023-09-15 00:00:00-04:00,139.44569526717248,140.15120487673326,138.7989756331297,138.9361572265625,734000,0.0,0.0
2023-09-18 00:00:00-04:00,139.1419232438021,139.79843615786461,137.87789404095622,138.63238525390625,471300,0.0,0.0
2023-09-19 00:00:00-04:00,138.71080543095974,139.3183218448587,137.7505341747415,138.36785888671875,458400,0.0,0.0
2023-09-20 00:00:00-04:00,138.68139354637188,140.07281110166855,138.65199855906556,138.8773651123047,495200,0.0,0.0
2023-09-21 00:00:00-04:00,138.2992313805854,138.95574429111565,135.7221614118092,135.75155639648438,720500,0.0,0.0
2023-09-22 00:00:00-04:00,135.79079852322792,136.22194502403084,134.58555895174698,134.80113220214844,508000,0.0,0.0
2023-09-25 00:00:00-04:00,134.41894059630445,136.1435262557716,134.36015062185388,135.3792266845703,591500,0.0,0.0
2023-09-26 00:00:00-04:00,134.90887953396532,135.75157073757592,133.46848027770235,133.5370635986328,895300,0.0,0.0
2023-09-27 00:00:00-04:00,133.85063286345118,134.22297436699796,131.5283241186257,133.13531494140625,891600,0.0,0.0
2023-09-28 00:00:00-04:00,133.537049178447,134.6933067290863,133.19408775581292,133.69383239746094,820900,0.0,0.0
2023-09-29 00:00:00-04:00,134.2621791171761,134.32096909460515,131.40095225280388,131.596923828125,1020900,0.0,0.0
2023-10-02 00:00:00-04:00,131.21477533237672,131.42054025543146,128.3241534504484,129.85275268554688,1212000,0.0,0.0
2023-10-03 00:00:00-04:00,128.68667783331574,130.45045160618545,128.22613648840894,130.44064331054688,1177800,0.0,0.0
2023-10-04 00:00:00-04:00,130.7444061132993,131.59690552245283,129.539166888639,130.96978759765625,879500,0.0,0.0
2023-10-05 00:00:00-04:00,130.82278164350814,132.84133170027937,130.4308385955603,132.7139434814453,1020400,0.0,0.0
2023-10-06 00:00:00-04:00,132.1358362159864,134.2033681584842,131.09715862099227,133.22349548339844,759600,0.0,0.0
2023-10-09 00:00:00-04:00,133.00792045953352,135.31061224314158,132.94911554043833,134.81088256835938,503500,0.0,0.0
2023-10-10 00:00:00-04:00,134.99703411906427,136.33945461585222,134.24252813214667,135.18321228027344,808300,0.0,0.0
2023-10-11 00:00:00-04:00,135.25184631347656,136.11413919341476,134.23278514310016,135.25184631347656,489200,0.0,0.0
2023-10-12 00:00:00-04:00,135.91813806878454,136.69223086195632,133.4978514946651,134.3307342529297,579900,0.0,0.0
2023-10-13 00:00:00-04:00,134.75212029305095,135.8887614507481,134.43855380011843,135.62420654296875,767600,0.0,0.0
2023-10-16 00:00:00-04:00,135.4771729757965,136.97637677668564,134.72268187975115,135.8887176513672,678000,0.0,0.0
2023-10-17 00:00:00-04:00,135.51639676511653,137.4467471712019,135.4380051552835,136.36888122558594,647000,0.0,0.0
2023-10-18 00:00:00-04:00,135.89856151376023,136.4080995580638,134.7129088427538,134.92848205566406,871800,0.0,0.0
2023-10-19 00:00:00-04:00,134.36012602624,135.44778520948734,132.9001254224083,133.2920684814453,686200,0.0,0.0
2023-10-20 00:00:00-04:00,133.26267360157863,134.91866068786533,133.096097053777,133.70361328125,885300,0.0,0.0
2023-10-23 00:00:00-04:00,133.8604161005547,134.77169057529554,132.71396678474935,132.7923583984375,652000,0.0,0.0
2023-10-24 00:00:00-04:00,132.97854081188106,133.8408186863414,131.31274513382144,131.67530822753906,966300,0.0,0.0
2023-10-25 00:00:00-04:00,130.36227833297468,135.42823416177563,130.36227833297468,134.6443328857422,1472800,0.0,0.0
2023-10-26 00:00:00-04:00,130.81300925150614,131.19515901754482,123.5815512066563,125.30612182617188,3751900,0.0,0.0
2023-10-27 00:00:00-04:00,125.91363863386401,126.51136156318886,124.5124204107339,125.462890625,2903600,0.0,0.0
2023-10-30 00:00:00-04:00,126.09985297608968,127.51087242361214,125.82548974481305,127.25609588623047,1927000,0.0,0.0
2023-10-31 00:00:00-04:00,127.84398658328031,127.961566517428,126.42317422287194,126.89350891113281,1124800,0.0,0.0
2023-11-01 00:00:00-04:00,127.0306945464983,127.52063089000556,126.09981848416861,127.13848114013672,1063200,0.0,0.0
2023-11-02 00:00:00-04:00,127.2364782848973,130.49944127508235,127.2364782848973,130.1074981689453,874700,0.0,0.0
2023-11-03 00:00:00-04:00,130.4112498210046,131.0971576984035,129.52937040030173,130.54843139648438,1509300,0.0,0.0
2023-11-06 00:00:00-05:00,130.51906036751856,131.30296163627872,129.53918751948663,129.7547607421875,1952300,0.0,0.0
2023-11-07 00:00:00-05:00,129.35701246609977,129.5730505862855,128.57142066396233,129.298095703125,2438300,0.285,0.0
2023-11-08 00:00:00-05:00,129.79893382844745,129.79893382844745,128.55182209382366,128.94461059570312,1011400,0.0,0.0
2023-11-09 00:00:00-05:00,129.0231522043785,129.57306201922103,127.86441580652013,128.14918518066406,1295700,0.0,0.0
2023-11-10 00:00:00-05:00,128.63039766691034,128.94462550796976,127.08867190169723,128.18849182128906,1357000,0.0,0.0
2023-11-13 00:00:00-05:00,127.78589817149384,128.46347120159572,126.98066211139486,128.20814514160156,1168100,0.0,0.0
2023-11-14 00:00:00-05:00,128.92495825896077,133.40282780123533,128.8464125508492,132.55831909179688,1468900,0.0,0.0
2023-11-15 00:00:00-05:00,132.56813142459953,133.45191297386233,131.5272284938039,131.6057891845703,1048200,0.0,0.0
2023-11-16 00:00:00-05:00,131.75309230608732,132.90201441128775,130.75146214363528,132.5779571533203,936600,0.0,0.0
2023-11-17 00:00:00-05:00,132.53870428534833,133.314466940688,130.93806167445072,132.41104125976562,1806400,0.0,0.0
2023-11-20 00:00:00-05:00,132.07715008201856,132.63688943449952,131.74327835453218,131.92002868652344,785600,0.0,0.0
2023-11-21 00:00:00-05:00,129.3963334335799,130.0837208175095,127.98227082439843,129.2392120361328,1552700,0.0,0.0
2023-11-22 00:00:00-05:00,129.79892324790313,130.8987579345703,129.29811570124198,130.8987579345703,1470600,0.0,0.0
2023-11-24 00:00:00-05:00,130.93804298351392,131.18353954602264,130.21138274819756,130.90858459472656,644800,0.0,0.0
2023-11-27 00:00:00-05:00,131.76292312994613,131.9986052515196,130.643459274337,131.26211547851562,1027200,0.0,0.0
2023-11-28 00:00:00-05:00,131.37013209457493,131.58617028928606,130.28012665177692,130.61399841308594,1057700,0.0,0.0
2023-11-29 00:00:00-05:00,130.79075156440035,131.281744691388,129.76947746927019,130.2506561279297,614800,0.0,0.0
2023-11-30 00:00:00-05:00,130.71218444179883,133.0689453419416,130.2604641942459,133.04931640625,1176100,0.0,0.0
2023-12-01 00:00:00-05:00,133.07875235194072,137.24236357232274,133.0591084356414,137.11471557617188,1939200,0.0,0.0
2023-12-04 00:00:00-05:00,137.01654002958833,138.14581822158965,136.43717173921968,137.32095336914062,1157800,0.0,0.0
2023-12-05 00:00:00-05:00,137.63518932823607,138.00833389500787,136.48626727280657,137.5959014892578,1115000,0.0,0.0
2023-12-06 00:00:00-05:00,137.54681253781266,138.3716773395461,136.45680726983633,136.69247436523438,760900,0.0,0.0
2023-12-07 00:00:00-05:00,136.93799789344925,136.93799789344925,134.86600602927774,135.8970947265625,601700,0.0,0.0
2023-12-08 00:00:00-05:00,136.0738321017332,136.33895758180725,134.93472453723732,135.83815002441406,499700,0.0,0.0
2023-12-11 00:00:00-05:00,135.4551755569679,139.4813098894673,134.7776026978901,138.97068786621094,1248200,0.0,0.0
2023-12-12 00:00:00-05:00,139.52060712590907,142.99683183127038,139.0001556161222,142.9281005859375,1486500,0.0,0.0
2023-12-13 00:00:00-05:00,143.36018156051045,146.67928497814358,142.97720751294042,145.9918975830078,1745900,0.0,0.0
2023-12-14 00:00:00-05:00,146.5712355738564,147.1800771269849,144.16537269651596,144.6269073486328,2418400,0.0,0.0
2023-12-15 00:00:00-05:00,143.84132098218612,145.03934523330798,142.08357244083916,142.7906036376953,1454300,0.0,0.0
2023-12-18 00:00:00-05:00,143.45836712424457,145.50090031459658,143.09503700797228,144.7938690185547,1205500,0.0,0.0
2023-12-19 00:00:00-05:00,145.7365845419789,145.7365845419789,144.18504445205187,144.68585205078125,797900,0.0,0.0
2023-12-20 00:00:00-05:00,144.57780659342603,145.30448168799532,143.57619157865028,143.76275634765625,922900,0.0,0.0
2023-12-21 00:00:00-05:00,143.72350646611767,145.63837663440717,143.6253018486994,144.64657592773438,606900,0.0,0.0
2023-12-22 00:00:00-05:00,145.05899940065595,145.5401780220466,144.63673755251313,144.676025390625,732700,0.0,0.0
2023-12-26 00:00:00-05:00,144.70548445696835,146.01152787780356,144.20467689808928,145.4812469482422,655000,0.0,0.0
2023-12-27 00:00:00-05:00,144.86259531696058,145.70710397193326,144.86259531696058,145.31430053710938,763700,0.0,0.0
2023-12-28 00:00:00-05:00,145.766046349956,146.28649788160365,145.05901502697782,146.1392059326172,482200,0.0,0.0
2023-12-29 00:00:00-05:00,146.0409897948468,146.78729391739893,145.82495163075427,146.58108520507812,460000,0.0,0.0
2024-01-02 00:00:00-05:00,145.15719981747057,146.76765650336148,144.87241544310868,145.95260620117188,525400,0.0,0.0
2024-01-03 00:00:00-05:00,145.86422761840424,146.3846941041095,144.79386622672814,144.80369567871094,696300,0.0,0.0
2024-01-04 00:00:00-05:00,145.2259670161696,145.79552092200294,144.6171402475547,144.82334899902344,995000,0.0,0.0
2024-01-05 00:00:00-05:00,144.29307467781763,145.2161442315237,143.01648944362668,143.8413543701172,598500,0.0,0.0
2024-01-08 00:00:00-05:00,143.83151667667178,144.4599872311751,142.9182617395804,144.322509765625,728000,0.0,0.0
2024-01-09 00:00:00-05:00,144.32249406402772,145.05898361733102,143.7922131946551,144.6269073486328,799600,0.0,0.0
2024-01-10 00:00:00-05:00,144.35197604090882,146.21774388732504,144.35197604090882,145.96243286132812,589700,0.0,0.0
2024-01-11 00:00:00-05:00,146.37484192324777,146.6203384419662,143.96897903659087,145.38304138183594,613200,0.0,0.0
2024-01-12 00:00:00-05:00,146.31594167437444,146.4141462865159,144.59746584933984,146.2373809814453,583700,0.0,0.0
2024-01-16 00:00:00-05:00,145.3143061541141,145.4517836156368,143.527099154319,144.18502807617188,785500,0.0,0.0
2024-01-17 00:00:00-05:00,143.66459393290555,144.92153515659948,142.73170997555917,144.0770263671875,849600,0.0,0.0
2024-01-18 00:00:00-05:00,144.44034399192188,146.96405567330078,143.87079020798515,146.8953094482422,812500,0.0,0.0
2024-01-19 00:00:00-05:00,146.86589972435578,149.91006389242116,146.67931989042646,149.45834350585938,1083800,0.0,0.0
2024-01-22 00:00:00-05:00,149.90017679691874,150.95090914862232,148.64323574884668,149.85108947753906,843100,0.0,0.0
2024-01-23 00:00:00-05:00,149.85111100448106,150.69561979721527,149.36993233729854,150.5876007080078,2890100,0.0,0.0
2024-01-24 00:00:00-05:00,151.18661521454322,151.79544191712532,148.70217612527784,149.06552124023438,1391700,0.0,0.0
2024-01-25 00:00:00-05:00,149.06552545146153,150.76435757906344,148.59417621627298,150.66615295410156,983600,0.0,0.0
2024-01-26 00:00:00-05:00,151.00985335215253,151.84454770811067,150.10642774622525,151.62850952148438,985500,0.0,0.0
2024-01-29 00:00:00-05:00,151.7758014882688,153.11130346757227,151.5401343638706,153.09165954589844,782900,0.0,0.0
2024-01-30 00:00:00-05:00,152.49266861041517,153.84781470078644,151.8936562789825,153.8281707763672,805700,0.0,0.0
2024-01-31 00:00:00-05:00,154.59408891706067,155.38951037002565,151.8445393904698,152.4631805419922,1135400,0.0,0.0
2024-02-01 00:00:00-05:00,153.45498002900405,155.55642979301646,152.7381193502738,155.54660034179688,733100,0.0,0.0
2024-02-02 00:00:00-05:00,155.47787850944707,155.63499989927092,153.7201148016237,155.21273803710938,763000,0.0,0.0
2024-02-05 00:00:00-05:00,155.1538106731527,155.42876559461942,153.52371007880043,154.33876037597656,1357900,0.0,0.0
2024-02-06 00:00:00-05:00,155.5564359369172,155.5564359369172,153.55317571854243,154.1129150390625,637400,0.0,0.0
2024-02-07 00:00:00-05:00,154.35842100132794,154.83958467401374,153.81832556716128,154.132568359375,712100,0.0,0.0
2024-02-08 00:00:00-05:00,153.97543237401342,154.12272430395694,153.13092367985806,153.17019653320312,841000,0.0,0.0
2024-02-09 00:00:00-05:00,153.76919067050457,154.27001314146872,152.76757569641202,153.8870391845703,744700,0.0,0.0
2024-02-12 00:00:00-05:00,153.26840303126673,153.55317242730683,151.13749484294527,151.59902954101562,1416100,0.0,0.0
2024-02-13 00:00:00-05:00,151.23569649301453,155.06545184633177,150.312642007409,153.72994995117188,2113600,0.0,0.0
2024-02-14 00:00:00-05:00,159.03266591165644,161.34033953063275,155.31094471722128,161.16357421875,2644500,0.0,0.0
2024-02-15 00:00:00-05:00,160.30925302853998,162.46961975097656,159.75934313380202,162.46961975097656,1367600,0.0,0.0
2024-02-16 00:00:00-05:00,163.2159378062984,165.29774381808807,162.14556142831,164.8460235595703,1001300,0.0,0.0
2024-02-20 00:00:00-05:00,163.6185537027187,166.04406108009655,163.5105346095752,164.19793701171875,1200600,0.0,0.0
2024-02-21 00:00:00-05:00,164.19792242890534,164.99332886962853,163.06862928562327,164.29611206054688,1030100,0.0,0.0
2024-02-22 00:00:00-05:00,164.2077243527908,167.8607140106191,164.2077243527908,167.4188232421875,1182800,0.0,0.0
2024-02-23 00:00:00-05:00,167.3206430408711,167.9196552760079,166.26009605158362,167.0849609375,828100,0.0,0.0
2024-02-26 00:00:00-05:00,167.90983281238434,168.40082593308782,166.82964195326832,166.85910034179688,628800,0.0,0.0
2024-02-27 00:00:00-05:00,166.70661477961207,166.70661477961207,164.41474124009494,165.575439453125,1452400,0.285,0.0
2024-02-28 00:00:00-05:00,165.496784008782,166.59845170566206,164.14920727177002,164.45413208007812,802500,0.0,0.0
2024-02-29 00:00:00-05:00,163.5098147153079,164.17869502719083,161.66058916642072,163.7163848876953,1439800,0.0,0.0
2024-03-01 00:00:00-05:00,162.9884989835763,164.15902834557852,162.1032324960447,162.6934051513672,769400,0.0,0.0
2024-03-04 00:00:00-05:00,162.64421196566917,163.8639109500695,162.28025645433914,163.2835693359375,1360100,0.0,0.0
2024-03-05 00:00:00-05:00,163.11637111390564,164.89674999723718,163.11637111390564,164.73936462402344,816000,0.0,0.0
2024-03-06 00:00:00-05:00,165.113144369599,166.39187420866332,164.75903479892114,165.29019165039062,775200,0.0,0.0
2024-03-07 00:00:00-05:00,165.73283007461978,166.22464805987514,164.6213166250327,165.34921264648438,659400,0.0,0.0
2024-03-08 00:00:00-05:00,165.80167422474267,166.1065989694322,163.53930852572262,164.0704803466797,944900,0.0,0.0
2024-03-11 00:00:00-04:00,164.0213172917814,165.07381510785467,163.60819193687558,165.05413818359375,999300,0.0,0.0
2024-03-12 00:00:00-04:00,164.7786988527021,166.63777020129248,164.74919097487475,165.99839782714844,684300,0.0,0.0
2024-03-13 00:00:00-04:00,166.3328575227418,167.33615545983346,165.8902093050368,167.04107666015625,622500,0.0,0.0
2024-03-14 00:00:00-04:00,167.7099458580317,167.7788075856234,165.34922535105807,166.46072387695312,662800,0.0,0.0
2024-03-15 00:00:00-04:00,165.65416702897187,168.300150664428,165.65416702897187,168.13291931152344,1104200,0.0,0.0
2024-03-18 00:00:00-04:00,168.75257944972026,169.58867600228214,168.2115766809504,168.9296417236328,562100,0.0,0.0
2024-03-19 00:00:00-04:00,168.7033984368385,169.37227869571728,167.30663717191052,169.31326293945312,741800,0.0,0.0
2024-03-20 00:00:00-04:00,169.1854086672289,169.49033345581336,167.44436857316467,167.5820770263672,691700,0.0,0.0
2024-03-21 00:00:00-04:00,167.582085568518,169.42149536967088,167.22797595521928,168.70343017578125,626700,0.0,0.0
2024-03-22 00:00:00-04:00,169.14606901501926,169.2641005431701,167.503383533077,168.083740234375,586500,0.0,0.0
2024-03-25 00:00:00-04:00,168.29029790603894,169.11654863354735,167.4935550610061,167.54273986816406,529400,0.0,0.0
2024-03-26 00:00:00-04:00,167.23780393055728,168.23127092891406,166.93287915923463,167.2476348876953,653600,0.0,0.0
2024-03-27 00:00:00-04:00,168.0935812414552,169.510019700329,167.63127104976456,168.8804931640625,531900,0.0,0.0
2024-03-28 00:00:00-04:00,169.59853059981845,170.19854920716844,168.56570971712154,169.1952362060547,473800,0.0,0.0
2024-04-01 00:00:00-04:00,168.87060308269923,168.87060308269923,166.2639739671569,167.59188842773438,447300,0.0,0.0
2024-04-02 00:00:00-04:00,167.12959221374442,167.8869811083969,166.27381870880208,166.6672821044922,662000,0.0,0.0
2024-04-03 00:00:00-04:00,166.68696295581344,167.21811979114855,165.4672489140629,165.5164337158203,559800,0.0,0.0
2024-04-04 00:00:00-04:00,166.4607118633166,167.5132095610367,164.25737688491677,164.5623016357422,836200,0.0,0.0
2024-04-05 00:00:00-04:00,164.94592543289096,166.11645468989744,164.16884457747406,165.26068115234375,474600,0.0,0.0
2024-04-08 00:00:00-04:00,165.57546878797572,165.98859415455777,164.36560057090713,165.50660705566406,577200,0.0,0.0
2024-04-09 00:00:00-04:00,165.96890574386185,166.12629111331438,163.80490944572173,165.60496520996094,608900,0.0,0.0
2024-04-10 00:00:00-04:00,164.37542961143376,165.8410528067404,163.19506929081092,165.65415954589844,809600,0.0,0.0
2024-04-11 00:00:00-04:00,164.80820106753887,165.8508527391945,163.46060965365623,164.79835510253906,479100,0.0,0.0
2024-04-12 00:00:00-04:00,164.44426966852473,165.18199671514913,163.21472459081738,164.38525390625,677400,0.0,0.0
2024-04-15 00:00:00-04:00,166.09677414114373,166.7853163334416,162.07370653770158,163.05734252929688,623700,0.0,0.0
2024-04-16 00:00:00-04:00,162.98850105213356,163.56884275708288,161.7491249520407,161.97535705566406,936900,0.0,0.0
2024-04-17 00:00:00-04:00,162.80158813399672,162.87044985801396,161.03105535021965,161.98516845703125,678800,0.0,0.0
2024-04-18 00:00:00-04:00,162.21141294667754,162.99832473192726,161.03105277334993,161.67041015625,628400,0.0,0.0
2024-04-19 00:00:00-04:00,161.83762357121594,162.8212595328761,161.46383710287512,162.31961059570312,1187900,0.0,0.0
2024-04-22 00:00:00-04:00,163.33276269512336,164.74920095299737,162.9884840874949,163.54916381835938,1849700,0.0,0.0
2024-04-23 00:00:00-04:00,164.18854805195403,164.61151941070315,163.16557303693455,163.45082092285156,942000,0.0,0.0
2024-04-24 00:00:00-04:00,163.5688328905721,164.11968168870425,162.9688142969935,163.46063232421875,1289300,0.0,0.0
2024-04-25 00:00:00-04:00,160.44088606743355,164.10001358743963,158.2178738681357,162.4770050048828,1618300,0.0,0.0
2024-04-26 00:00:00-04:00,162.34914070474036,162.69340433300619,160.16546737011095,160.80482482910156,1086600,0.0,0.0
2024-04-29 00:00:00-04:00,160.95237523108892,163.21472618894623,160.87368254425368,161.95567321777344,933300,0.0,0.0
2024-04-30 00:00:00-04:00,162.1819294945861,162.29996102696765,159.3982374528502,159.4375762939453,1056500,0.0,0.0
2024-05-01 00:00:00-04:00,159.39821958021196,160.76547304368012,158.19818243856713,159.40805053710938,1225500,0.0,0.0
2024-05-02 00:00:00-04:00,159.84085524877216,161.0408924089059,159.20149783141494,160.68678283691406,798300,0.0,0.0
2024-05-03 00:00:00-04:00,161.18843764715783,162.53602926639314,161.18843764715783,161.4933624267578,722300,0.0,0.0
2024-05-06 00:00:00-04:00,162.1130429381485,164.02129913463315,161.51302439192492,163.8835906982422,1429300,0.0,0.0
2024-05-07 00:00:00-04:00,164.15453817852944,164.51910225635118,162.27257084607896,163.0706787109375,1788000,0.285,0.0
2024-05-08 00:00:00-04:00,163.07072139941,163.50426529993942,162.29232396696062,162.97218322753906,425200,0.0,0.0
2024-05-09 00:00:00-04:00,162.9229422268791,163.908263885258,162.90323158396322,163.7013397216797,410600,0.0,0.0
2024-05-10 00:00:00-04:00,164.4501762656046,165.28770567640063,163.6422203361398,164.9231414794922,678900,0.0,0.0
2024-05-13 00:00:00-04:00,164.77531980686456,165.1595946127941,162.42040188646254,163.6520538330078,697100,0.0,0.0
2024-05-14 00:00:00-04:00,163.40572896548335,164.77532537493033,162.56821463441966,163.22837829589844,910200,0.0,0.0
2024-05-15 00:00:00-04:00,163.2086857628224,164.27283500284523,162.9130862459023,163.32691955566406,434100,0.0,0.0
2024-05-16 00:00:00-04:00,163.51410853957464,164.24325190055254,162.78498021341048,164.22354125976562,487000,0.0,0.0
2024-05-17 00:00:00-04:00,164.27281046072483,165.27784265417648,163.16925513289632,165.13003540039062,649000,0.0,0.0
2024-05-20 00:00:00-04:00,164.88369656409188,165.60299208573832,162.9721704443199,163.1495361328125,486100,0.0,0.0
2024-05-21 00:00:00-04:00,163.56337465479473,164.03632478139818,162.44010870735312,162.72584533691406,548000,0.0,0.0
2024-05-22 00:00:00-04:00,162.76525199463234,163.5732077618744,162.35141879168222,163.13967895507812,741200,0.0,0.0
2024-05-23 00:00:00-04:00,163.71115828102725,164.2826465449765,161.6321293518445,162.14450073242188,529900,0.0,0.0
2024-05-24 00:00:00-04:00,162.5780658528277,163.4944077345599,161.46464762099797,163.04116821289062,394600,0.0,0.0
2024-05-28 00:00:00-04:00,162.57803920532496,162.66671452744566,160.3709137453991,160.46945190429688,714500,0.0,0.0
2024-05-29 00:00:00-04:00,159.48413656374345,159.82900509828403,158.04556057671553,158.0751190185547,384800,0.0,0.0
2024-05-30 00:00:00-04:00,158.41014762914028,159.67135799304566,157.9864515503522,159.22796630859375,654200,0.0,0.0
2024-05-31 00:00:00-04:00,159.87824530184142,161.9178678210207,158.99146205382257,161.90802001953125,1256100,0.0,0.0
2024-06-03 00:00:00-04:00,161.9080310543483,163.16924133228494,158.7648531616674,160.77490234375,1097300,0.0,0.0
2024-06-04 00:00:00-04:00,160.74536218015464,163.93780951626388,158.9520847201998,163.87869262695312,1428500,0.0,0.0
2024-06-05 00:00:00-04:00,164.4501528718421,166.6966846963761,163.39586668151003,166.15476989746094,1621600,0.0,0.0
2024-06-06 00:00:00-04:00,166.69669509503476,167.95792052984777,165.77050545348376,166.4996337890625,840800,0.0,0.0
2024-06-07 00:00:00-04:00,165.62269563872474,167.37656679396096,162.922924215512,163.11012268066406,1413200,0.0,0.0
2024-06-10 00:00:00-04:00,163.00172806752445,165.59312841633934,163.00172806752445,165.32708740234375,863700,0.0,0.0
2024-06-11 00:00:00-04:00,164.8541552311949,165.4650498147993,163.96737180113595,164.31222534179688,690200,0.0,0.0
2024-06-12 00:00:00-04:00,165.53401292170435,166.14490744396574,164.37134076194073,164.46986389160156,874400,0.0,0.0
2024-06-13 00:00:00-04:00,164.46986265215048,164.95267559873295,162.77510847270065,164.6275177001953,491800,0.0,0.0
2024-06-14 00:00:00-04:00,164.66693624645893,166.57846250107025,163.99692479443362,166.13507080078125,569500,0.0,0.0
2024-06-17 00:00:00-04:00,166.12521548788249,170.78578210145514,165.0512035968537,170.29312133789062,1450600,0.0,0.0
2024-06-18 00:00:00-04:00,170.5591567770189,171.33755414265354,169.12058077918178,170.5098876953125,704000,0.0,0.0
2024-06-20 00:00:00-04:00,170.11574501860986,171.96815418504184,169.92854656939193,171.34739685058594,1014100,0.0,0.0
2024-06-21 00:00:00-04:00,171.6036053781686,172.85495292613706,170.74636540288904,172.0469970703125,1021800,0.0,0.0
2024-06-24 00:00:00-04:00,172.6283196099641,173.6037932838594,172.25390767270952,173.00274658203125,967100,0.0,0.0
2024-06-25 00:00:00-04:00,173.41658437307188,173.9190929266203,171.89919587512523,172.4509735107422,860600,0.0,0.0
2024-06-26 00:00:00-04:00,172.07655321710797,172.07655321710797,170.75622596130387,171.17005920410156,1036700,0.0,0.0
2024-06-27 00:00:00-04:00,171.52478539378313,173.23925038493485,171.12079993069574,173.1998291015625,858800,0.0,0.0
2024-06-28 00:00:00-04:00,173.45599163326287,174.64823727312495,172.73671114225237,172.78598022460938,996000,0.0,0.0
2024-07-01 00:00:00-04:00,173.35746481943997,174.52999979447972,170.2734037541484,171.3671112060547,1018200,0.0,0.0
2024-07-02 00:00:00-04:00,172.69732637939356,173.08160121387795,170.41137298002948,172.4904022216797,923100,0.0,0.0
2024-07-03 00:00:00-04:00,173.75157378267946,175.2591143367749,173.03229336332691,174.9142608642578,567000,0.0,0.0
2024-07-05 00:00:00-04:00,176.81592802107284,176.81592802107284,174.35262444029775,174.64822387695312,850400,0.0,0.0
2024-07-08 00:00:00-04:00,174.6679305118264,175.93898851505548,174.6679305118264,174.9142608642578,1030900,0.0,0.0
2024-07-09 00:00:00-04:00,174.91428832731313,176.08682339455473,174.91428832731313,175.5153350830078,848300,0.0,0.0
2024-07-10 00:00:00-04:00,176.027683687854,177.9687682867348,175.62371329075913,177.3677215576172,961800,0.0,0.0
2024-07-11 00:00:00-04:00,177.4169992206584,178.61909273702787,175.8207830908098,176.34300231933594,951600,0.0,0.0
2024-07-12 00:00:00-04:00,177.07212540126784,178.72745822996666,176.99329788064233,177.8800811767578,997700,0.0,0.0
2024-07-15 00:00:00-04:00,178.0180491816584,179.12160454710573,177.3283270782538,177.34803771972656,862000,0.0,0.0
2024-07-16 00:00:00-04:00,177.8603881954452,179.74235597083413,177.39728586255237,179.6635284423828,853700,0.0,0.0
2024-07-17 00:00:00-04:00,179.09201928603653,180.30397548070525,178.62891700706137,179.67337036132812,917700,0.0,0.0
2024-07-18 00:00:00-04:00,179.64383179373976,180.19560945488269,178.3136416904166,178.62893676757812,796400,0.0,0.0
2024-07-19 00:00:00-04:00,179.13144135697254,179.328502638624,177.24947379235516,177.70272827148438,669000,0.0,0.0
2024-07-22 00:00:00-04:00,178.33336721583012,179.0920540458191,177.70276197405948,178.91470336914062,981100,0.0,0.0
2024-07-23 00:00:00-04:00,179.73251988811268,179.73251988811268,177.99834421872652,178.0377655029297,880900,0.0,0.0
2024-07-24 00:00:00-04:00,177.0425548197197,178.53039986427825,176.38239123785308,177.07212829589844,1350100,0.0,0.0
2024-07-25 00:00:00-04:00,178.00819400444814,178.82601269132675,171.4262382629204,172.9042205810547,2173900,0.0,0.0
2024-07-26 00:00:00-04:00,174.02747368053488,174.49057597544473,172.33271954486753,173.08157348632812,1140100,0.0,0.0
2024-07-29 00:00:00-04:00,173.50525242355127,174.53984296435155,172.62831692483363,173.3180389404297,846600,0.0,0.0
2024-07-30 00:00:00-04:00,173.554514095834,175.53500473497334,173.554514095834,173.7712860107422,756800,0.0,0.0
2024-07-31 00:00:00-04:00,174.7270549103757,175.79120388285347,174.7270549103757,175.1605987548828,962600,0.0,0.0
2024-08-01 00:00:00-04:00,175.30839772709322,176.21489169387323,173.85012613138733,176.18533325195312,700700,0.0,0.0
2024-08-02 00:00:00-04:00,175.41678592916546,177.594353065528,174.53000259062895,176.85536193847656,1058700,0.0,0.0
2024-08-05 00:00:00-04:00,173.19981453443128,176.31343412713963,171.07151645575877,173.82057189941406,1669100,0.0,0.0
2024-08-06 00:00:00-04:00,174.69751447424395,177.4761134375155,173.8895435835166,175.05223083496094,905900,0.0,0.0
2024-08-07 00:00:00-04:00,176.54736758706912,178.22510243609486,175.80718911906044,176.94212341308594,967300,0.285,0.0
2024-08-08 00:00:00-04:00,177.66259016908256,179.14294723456894,177.23821331297833,177.60337829589844,996000,0.0,0.0
2024-08-09 00:00:00-04:00,177.85996488490733,178.50144691143632,176.32039597406128,177.9389190673828,846800,0.0,0.0
2024-08-12 00:00:00-04:00,178.22511412453855,178.62974866107288,176.91252908144426,177.6329803466797,664300,0.0,0.0
2024-08-13 00:00:00-04:00,177.64286990423457,178.14618594773307,176.83360071303062,178.0178985595703,556300,0.0,0.0
2024-08-14 00:00:00-04:00,178.01789363981618,179.58706866645065,177.7810310652597,179.18243408203125,481900,0.0,0.0
2024-08-15 00:00:00-04:00,179.71534055598087,180.8404112406453,179.1527976841638,180.623291015625,460900,0.0,0.0
2024-08-16 00:00:00-04:00,180.7713457726587,181.2450558479972,179.26138267210268,179.4982452392578,558700,0.0,0.0
2024-08-19 00:00:00-04:00,179.86339099073308,181.05755236619373,179.46863511365612,180.3074951171875,441200,0.0,0.0
2024-08-20 00:00:00-04:00,180.28775831308369,180.57396913283338,179.62653391634638,180.11012268066406,860600,0.0,0.0
2024-08-21 00:00:00-04:00,180.3370814009933,182.35037530799278,180.16930941857163,182.0148162841797,772100,0.0,0.0
2024-08-22 00:00:00-04:00,182.26157167426646,182.9622807099003,181.39310568827776,182.06419372558594,821000,0.0,0.0
2024-08-23 00:00:00-04:00,182.54775980285694,183.99851088668612,182.54775980285694,183.98863220214844,407800,0.0,0.0
2024-08-26 00:00:00-04:00,184.55120200807818,185.0446544198645,183.40638879858054,184.01828002929688,480300,0.0,0.0
2024-08-27 00:00:00-04:00,184.29459374768547,184.70909192506386,183.54453651902557,183.5741424560547,609700,0.0,0.0
2024-08-28 00:00:00-04:00,184.4426027946187,184.4426027946187,181.82731158987966,182.99185180664062,615500,0.0,0.0
2024-08-29 00:00:00-04:00,183.6037336853549,185.08409065410868,182.9819939985778,183.3372802734375,627300,0.0,0.0
2024-08-30 00:00:00-04:00,183.05109217779923,184.39328326482635,182.4984279170772,184.0577392578125,1054200,0.0,0.0
2024-09-03 00:00:00-04:00,183.79127708419762,184.00839734538403,181.97537586243135,182.7254180908203,611600,0.0,0.0
2024-09-04 00:00:00-04:00,183.06095369659303,183.78138989326274,181.70888405093368,182.36024475097656,627800,0.0,0.0
2024-09-05 00:00:00-04:00,182.36025091481307,182.62671940274103,180.64303130001295,182.46881103515625,453600,0.0,0.0
2024-09-06 00:00:00-04:00,182.54776294451042,183.20898728419104,179.76468447164478,180.22853088378906,1192800,0.0,0.0
2024-09-09 00:00:00-04:00,181.09702020593593,183.50507018650202,181.09702020593593,182.57737731933594,851500,0.0,0.0
2024-09-10 00:00:00-04:00,182.46880751414733,183.04121404136862,181.4819028242425,182.2615509033203,526100,0.0,0.0
2024-09-11 00:00:00-04:00,182.2615408387733,183.34714196130955,179.81402155947393,182.96224975585938,812600,0.0,0.0
2024-09-12 00:00:00-04:00,182.30103964080135,183.88009320389668,181.46216461184991,183.55441284179688,666900,0.0,0.0
2024-09-13 00:00:00-04:00,183.69257802786117,184.10707619793922,182.97212674891932,183.2484588623047,495100,0.0,0.0
2024-09-16 00:00:00-04:00,183.7616551401592,184.39327355615296,182.1233896971542,183.0806884765625,477700,0.0,0.0
2024-09-17 00:00:00-04:00,183.0708144985157,183.1892382388896,178.97516618157087,179.0343780517578,957100,0.0,0.0
2024-09-18 00:00:00-04:00,179.12320099469528,179.29097298469375,175.04727981159283,175.53086853027344,1797300,0.0,0.0
2024-09-19 00:00:00-04:00,177.34675687521514,178.00798116231965,175.757839837586,176.873046875,893400,0.0,0.0
2024-09-20 00:00:00-04:00,176.65594065604193,177.31716499555512,175.29400735613595,176.80397033691406,1732700,0.0,0.0
2024-09-23 00:00:00-04:00,177.58363117553722,178.48171805176167,176.5473782459683,178.106689453125,711500,0.0,0.0
2024-09-24 00:00:00-04:00,178.18566742749636,178.18566742749636,175.9947375326492,177.03099060058594,2377400,0.0,0.0
2024-09-25 00:00:00-04:00,177.4059918289759,178.4027752607914,176.7743733935058,178.1363067626953,1565400,0.0,0.0
2024-09-26 00:00:00-04:00,178.89623920527714,179.61667550038734,176.16250866384144,176.1822509765625,977600,0.0,0.0
2024-09-27 00:00:00-04:00,176.30064875403417,176.74475284149216,174.89924593680428,175.01766967773438,1166900,0.0,0.0
2024-09-30 00:00:00-04:00,175.16573211654926,176.60660464005886,174.36632660756632,176.4783172607422,1247900,0.0,0.0
2024-10-01 00:00:00-04:00,175.60982147103556,176.5375142812683,174.85976427520296,175.46177673339844,1190200,0.0,0.0
2024-10-02 00:00:00-04:00,175.0176884405426,175.47167126106083,174.16894973529077,175.22494506835938,482000,0.0,0.0
2024-10-03 00:00:00-04:00,175.3631201901355,176.47832745760928,174.33673074246784,175.77761840820312,645500,0.0,0.0
2024-10-04 00:00:00-04:00,175.41243851168704,175.41243851168704,173.7544308633566,174.099853515625,714900,0.0,0.0
2024-10-07 00:00:00-04:00,173.73467403865038,175.7183618639377,172.51092200845065,174.40577697753906,934300,0.0,0.0
2024-10-08 00:00:00-04:00,175.30389749660375,177.59350871121435,175.11638318259833,177.4948272705078,887000,0.0,0.0
2024-10-09 00:00:00-04:00,177.34677760372023,179.52784369077096,176.3697515552661,179.43902587890625,770600,0.0,0.0
2024-10-10 00:00:00-04:00,179.10347809647726,179.20217459963024,176.89282099198283,177.48495483398438,591300,0.0,0.0
2024-10-11 00:00:00-04:00,177.9092983864593,179.0244903564453,177.72178410099224,179.0244903564453,510600,0.0,0.0
2024-10-14 00:00:00-04:00,179.61665828170425,181.00819754518255,178.73831368697122,179.77456665039062,430300,0.0,0.0
2024-10-15 00:00:00-04:00,180.58382725429848,181.43256594314164,179.4390291871147,179.64627075195312,608500,0.0,0.0
2024-10-16 00:00:00-04:00,179.42914566987173,180.218672461785,178.8567391222089,179.4883575439453,471600,0.0,0.0
2024-10-17 00:00:00-04:00,180.12984849204418,180.4653924729695,179.2021556726867,180.041015625,592900,0.0,0.0
2024-10-18 00:00:00-04:00,180.23842246662088,180.68252660010106,179.6166676443656,180.2088165283203,371000,0.0,0.0
2024-10-21 00:00:00-04:00,180.10025033109653,180.40618838920489,177.97839611758783,179.32058715820312,489800,0.0,0.0
2024-10-22 00:00:00-04:00,178.26460135916855,179.16267319426927,177.2875602817641,178.9751739501953,382700,0.0,0.0
2024-10-23 00:00:00-04:00,178.24486461123595,179.34032946834176,177.8698359934428,177.99813842773438,1117400,0.0,0.0
2024-10-24 00:00:00-04:00,177.14938774278957,178.2448525256191,172.74778630161796,176.22169494628906,1220400,0.0,0.0
2024-10-25 00:00:00-04:00,175.25453766431878,176.35986610459963,173.37940970716167,173.4978485107422,779900,0.0,0.0
2024-10-28 00:00:00-04:00,173.49785788019403,174.9880786299045,173.49785788019403,174.59332275390625,719300,0.0,0.0
2024-10-29 00:00:00-04:00,175.06703118291023,179.537708449286,174.41567044051834,178.0672149658203,986900,0.0,0.0
2024-10-30 00:00:00-04:00,176.70528522125846,177.8007500138016,175.3038823886396,175.3927001953125,852200,0.0,0.0
2024-10-31 00:00:00-04:00,175.3729506788388,176.19208333320398,173.9320783443417,174.43539428710938,1118900,0.0,0.0
2024-11-01 00:00:00-04:00,175.45190840558575,175.74798281395468,174.23801989614012,174.6426544189453,555000,0.0,0.0
2024-11-04 00:00:00-05:00,175.1459792279039,176.2611863635954,174.59331500245455,175.31375122070312,548500,0.0,0.0
2024-11-05 00:00:00-05:00,175.67889145827252,176.55723599507868,175.15583319809411,176.43881225585938,657200,0.0,0.0
2024-11-06 00:00:00-05:00,178.85674244369284,179.57719374888984,174.7610937818548,177.0507049560547,2244900,0.0,0.0
2024-11-07 00:00:00-05:00,178.04430295180845,180.1204544899176,176.9271492006664,179.833740234375,1252900,0.315,0.0
2024-11-08 00:00:00-05:00,179.93259684219996,182.82930668221064,178.9538371758645,181.9494171142578,869800,0.0,0.0
2024-11-11 00:00:00-05:00,182.66123464548602,183.8080613797028,182.49316755114612,183.25442504882812,814000,0.0,0.0
2024-11-12 00:00:00-05:00,183.55101374255258,185.6963619913563,183.55101374255258,185.46897888183594,747700,0.0,0.0
2024-11-13 00:00:00-05:00,184.88567785048485,186.16103270459175,184.54954365849497,185.3701171875,691800,0.0,0.0
2024-11-14 00:00:00-05:00,185.1427407220842,185.9830762322623,180.74329279980086,181.6429443359375,812700,0.0,0.0
2024-11-15 00:00:00-05:00,180.87178727791948,182.11748403713122,180.40712500828616,181.41554260253906,1312100,0.0,0.0
2024-11-18 00:00:00-05:00,181.60339532992327,184.06510078417134,180.87179585071777,183.89703369140625,1005600,0.0,0.0
2024-11-19 00:00:00-05:00,183.15555675673485,185.9237535238266,182.42397234892846,185.3701171875,1088300,0.0,0.0
2024-11-20 00:00:00-05:00,186.19067353155395,186.38839862121264,183.24452896490445,184.41111755371094,861800,0.0,0.0
2024-11-21 00:00:00-05:00,184.3419091610531,187.32759252681626,183.2049635662741,186.86293029785156,753200,0.0,0.0
2024-11-22 00:00:00-05:00,187.84170864367385,188.6128470828481,187.40670437840473,187.7131805419922,1097400,0.0,0.0
2024-11-25 00:00:00-05:00,188.32614326904832,190.86694163094344,187.45613476015592,190.61978149414062,1256800,0.0,0.0
2024-11-26 00:00:00-05:00,190.01673384921634,192.0434502407928,189.3543464102497,191.0548095703125,950900,0.0,0.0
2024-11-27 00:00:00-05:00,191.2822062010834,192.61687723461517,190.82743990842286,190.98561096191406,583600,0.0,0.0
2024-11-29 00:00:00-05:00,190.43195094713806,191.30195951802935,190.0266197588443,190.28366088867188,587500,0.0,0.0
2024-12-02 00:00:00-05:00,190.30340875718505,190.82738699740037,187.97021665368706,188.66226196289062,787800,0.0,0.0
2024-12-03 00:00:00-05:00,188.93910382330654,189.71024227693513,188.07899133705732,189.3642120361328,920200,0.0,0.0
2024-12-04 00:00:00-05:00,189.10717767137504,189.4927469119681,188.5238833227397,188.84024047851562,772000,0.0,0.0
2024-12-05 00:00:00-05:00,188.36568877386415,189.0478531887272,187.5352343059692,188.1383056640625,743200,0.0,0.0
2024-12-06 00:00:00-05:00,188.1481900687901,189.37410984288047,187.8219368607146,188.187744140625,671000,0.0,0.0
2024-12-09 00:00:00-05:00,188.5436497977165,189.01819304752777,183.78827598283422,184.15408325195312,1034400,0.0,0.0
2024-12-10 00:00:00-05:00,184.60887484841825,184.8758120630263,182.98750469363685,183.67955017089844,769100,0.0,0.0
2024-12-11 00:00:00-05:00,184.33203790624833,185.07351836048542,182.65135189373595,182.74032592773438,986500,0.0,0.0
2024-12-12 00:00:00-05:00,183.14564668599633,183.5509928983615,181.80109504617886,182.14712524414062,720800,0.0,0.0
2024-12-13 00:00:00-05:00,181.25739057002446,182.1570572684961,177.4708947063725,177.90589904785156,2051300,0.0,0.0
2024-12-16 00:00:00-05:00,178.05417181293876,179.09223233795223,175.91870457176196,176.05711364746094,1523800,0.0,0.0
2024-12-17 00:00:00-05:00,175.90880992923047,176.6404093840834,173.88210882275837,174.25778198242188,1447800,0.0,0.0
2024-12-18 00:00:00-05:00,174.6235874714309,176.04723229583553,172.64630634541513,172.67596435546875,1403700,0.0,0.0
2024-12-19 00:00:00-05:00,172.40904920509536,174.28746048059764,171.83563579504124,172.15200805664062,1143400,0.0,0.0
2024-12-20 00:00:00-05:00,172.15198765831946,173.19004819072563,171.25232111714004,172.30027770996094,1875700,0.0,0.0
2024-12-23 00:00:00-05:00,171.90484093763837,171.96415696292638,168.06891039078414,169.1168670654297,2997200,0.0,0.0
2024-12-24 00:00:00-05:00,169.26518570219017,170.95575289944918,168.34574198058203,170.73825073242188,453600,0.0,0.0
2024-12-26 00:00:00-05:00,170.0362921794723,170.67890249732523,169.78913204407385,169.86822509765625,469100,0.0,0.0
2024-12-27 00:00:00-05:00,169.68040465625475,170.80745442750836,168.76096097984652,169.32449340820312,445600,0.0,0.0
2024-12-30 00:00:00-05:00,168.18755593168586,170.03632435238643,167.69323556735765,169.2256317138672,782300,0.0,0.0
2024-12-31 00:00:00-05:00,169.01799860125857,169.63095092773438,168.36549220409907,169.63095092773438,1178800,0.0,0.0
2025-01-02 00:00:00-05:00,170.38231039655028,170.64924757153221,167.85139297801,167.96014404296875,1204900,0.0,0.0
2025-01-03 00:00:00-05:00,168.07876432674823,169.31456493963506,167.43615404222976,168.98831176757812,912300,0.0,0.0
2025-01-06 00:00:00-05:00,168.97844784701255,170.86675499458417,168.38527254423667,169.9473114013672,842800,0.0,0.0
2025-01-07 00:00:00-05:00,170.27356981937373,172.023467941326,169.74959149742364,170.51084899902344,788000,0.0,0.0
2025-01-08 00:00:00-05:00,170.9952818707063,174.17869066929688,170.3526564404911,173.97108459472656,1059200,0.0,0.0
2025-01-10 00:00:00-05:00,172.5672319224056,175.13768861248667,172.3101756935759,172.81439208984375,1141600,0.0,0.0
2025-01-13 00:00:00-05:00,172.02347654780544,174.77189640305434,171.62802631406325,174.68292236328125,783700,0.0,0.0
2025-01-14 00:00:00-05:00,174.1589286355554,174.99926407941447,172.5869937298737,173.25926208496094,808900,0.0,0.0
2025-01-15 00:00:00-05:00,175.26622347939733,175.92861094339628,173.7931433939471,174.69281005859375,949500,0.0,0.0
2025-01-16 00:00:00-05:00,174.09962802945392,177.1149700047296,174.09962802945392,176.1065673828125,716200,0.0,0.0
2025-01-17 00:00:00-05:00,176.93700490947276,177.7279203865415,176.21530151367188,176.21530151367188,659400,0.0,0.0
2025-01-21 00:00:00-05:00,177.74768921280614,178.90441200547437,176.8282606835338,176.84803771972656,787100,0.0,0.0
2025-01-22 00:00:00-05:00,177.03588002966063,177.09519605217042,175.31563994958395,176.42291259765625,824400,0.0,0.0
2025-01-23 00:00:00-05:00,176.828255583662,177.89598922539784,175.4837037850456,177.35223388671875,890900,0.0,0.0
2025-01-24 00:00:00-05:00,177.13472141888292,178.0739269024762,175.67153766279688,175.69131469726562,822000,0.0,0.0
2025-01-27 00:00:00-05:00,176.26473341559753,179.72497566242123,175.69133511847068,179.54702758789062,1347100,0.0,0.0
2025-01-28 00:00:00-05:00,179.912811424182,182.01862072086857,178.86485480616506,180.89157104492188,1232300,0.0,0.0
2025-01-29 00:00:00-05:00,179.83370961358526,181.2573544161138,178.58802795410156,178.58802795410156,852600,0.0,0.0
2025-01-30 00:00:00-05:00,180.29838101414646,185.4689822027643,179.63599362379938,184.45068359375,982400,0.0,0.0
2025-01-31 00:00:00-05:00,184.450660951042,185.05371715969957,181.68246459960938,181.68246459960938,1042300,0.0,0.0
2025-02-03 00:00:00-05:00,179.14168480387278,185.9633144178672,178.35076925777003,185.20205688476562,1209100,0.0,0.0
2025-02-04 00:00:00-05:00,185.2020348171987,186.2895303637336,184.93509764653552,185.45907592773438,894900,0.0,0.0
2025-02-05 00:00:00-05:00,186.80365171237997,187.3375261224173,185.19217767724533,186.427978515625,869900,0.0,0.0
2025-02-06 00:00:00-05:00,186.3488954437243,187.11013793945312,184.94502742630485,187.11013793945312,665400,0.0,0.0
2025-02-07 00:00:00-05:00,187.11012441613425,189.0280896951939,186.5663841257581,188.06910705566406,1145200,0.0,0.0
2025-02-10 00:00:00-05:00,188.31625364300444,188.5040977670658,186.8728468426159,187.42648315429688,865100,0.0,0.0
2025-02-11 00:00:00-05:00,187.0705803177923,187.83183782316792,186.45762795748033,187.7725067138672,608400,0.0,0.0
2025-02-12 00:00:00-05:00,186.41804699772143,188.91930621202846,186.41804699772143,187.82191467285156,1217500,0.0,0.0
2025-02-13 00:00:00-05:00,182.30532535503121,186.91239429155945,179.0823623458352,186.7047882080078,2273800,0.0,0.0
2025-02-14 00:00:00-05:00,187.08045276648858,189.39388318909448,185.89408708734547,186.89260864257812,1261700,0.0,0.0
2025-02-18 00:00:00-05:00,185.6568264500238,186.68502120392054,185.04387405646278,185.51841735839844,978900,0.0,0.0
2025-02-19 00:00:00-05:00,185.21193454946862,186.30932626727085,184.19363589340858,185.68649291992188,1019800,0.0,0.0
2025-02-20 00:00:00-05:00,185.7359179577405,186.67513866317537,184.1639829120013,185.71615600585938,870900,0.0,0.0
2025-02-21 00:00:00-05:00,185.8149973990275,186.2895406621954,184.55941961549038,185.25148010253906,866400,0.0,0.0
2025-02-24 00:00:00-05:00,184.98456312755582,187.53525795962852,184.98456312755582,185.8150177001953,803300,0.0,0.0
2025-02-25 00:00:00-05:00,186.33897742587956,187.48580415077086,185.5381809477005,186.8332977294922,880500,0.0,0.0
2025-02-26 00:00:00-05:00,185.88420601713452,187.78239411988324,185.65680782227614,185.73590087890625,727100,0.0,0.0
2025-02-27 00:00:00-05:00,184.9486287282033,186.63215269350374,184.28512880187242,184.51290893554688,846400,0.315,0.0
2025-02-28 00:00:00-05:00,185.19619721060474,187.93933539885884,184.80998039867544,187.91952514648438,1488100,0.0,0.0
2025-03-03 00:00:00-05:00,188.92961743348664,191.59352945467268,188.48398502012245,190.1080780029297,1179600,0.0,0.0
2025-03-04 00:00:00-05:00,190.3952799728428,191.4252015568544,188.8207048841198,188.84051513671875,1872400,0.0,0.0
2025-03-05 00:00:00-05:00,188.26613098708435,189.3356579216951,186.46377584427887,188.0482635498047,1216600,0.0,0.0
2025-03-06 00:00:00-05:00,185.95874071478374,186.72127679840645,182.73036454496156,183.9583282470703,1090900,0.0,0.0
2025-03-07 00:00:00-05:00,183.03734469476063,186.64203990858633,182.4629682730616,186.52320861816406,1366200,0.0,0.0
2025-03-10 00:00:00-04:00,185.50319697414562,187.72146161978077,183.76025748309564,184.4336700439453,1036500,0.0,0.0
2025-03-11 00:00:00-04:00,184.80996344001537,184.80996344001537,181.60139794635083,182.41343688964844,907300,0.0,0.0
2025-03-12 00:00:00-04:00,182.72043233250253,183.2056852630852,181.23498083036938,181.3934326171875,932100,0.0,0.0
2025-03-13 00:00:00-04:00,180.9972997460106,182.50254623442285,179.52174596494604,181.44293212890625,1010600,0.0,0.0
2025-03-14 00:00:00-04:00,181.77964245080608,183.7800546281915,181.1953685089043,183.49285888671875,779100,0.0,0.0
2025-03-17 00:00:00-04:00,182.9581181754678,186.33504836757055,182.83928688544955,186.0775604248047,733100,0.0,0.0
2025-03-18 00:00:00-04:00,185.60221410483143,186.2062983273939,184.45346130277912,185.7606658935547,816400,0.0,0.0
2025-03-19 00:00:00-04:00,185.48338538445472,189.59312860230207,185.20610230575053,188.85040283203125,961700,0.0,0.0
2025-03-20 00:00:00-04:00,188.31564801949204,188.71176238828508,186.82028378909004,188.0185546875,757900,0.0,0.0
2025-03-21 00:00:00-04:00,186.7212591544477,188.21660824524199,186.56280736566578,187.48379516601562,911000,0.0,0.0
2025-03-24 00:00:00-04:00,188.06807459286938,189.60304423078176,187.38476445587136,189.0781707763672,879000,0.0,0.0
2025-03-25 00:00:00-04:00,189.78129410030152,191.27664325759832,189.25643574856448,191.02906799316406,891800,0.0,0.0
2025-03-26 00:00:00-04:00,190.9894422898602,192.19761066068685,189.1375843442721,189.88031005859375,772300,0.0,0.0
2025-03-27 00:00:00-04:00,190.14770054117187,192.197630982629,189.85062231266642,192.02928161621094,523200,0.0,0.0
2025-03-28 00:00:00-04:00,191.79158121859604,192.70265627001578,190.67253632104672,190.95973205566406,728800,0.0,0.0
2025-03-31 00:00:00-04:00,191.12809807588695,193.742492180887,190.75177885043877,193.29685974121094,1330700,0.0,0.0
2025-04-01 00:00:00-04:00,191.99956825284227,195.82213082751915,191.9797580012486,194.6040496826172,1101800,0.0,0.0
2025-04-02 00:00:00-04:00,192.57392836251393,194.9209367660893,189.95953447283716,194.7129669189453,1470100,0.0,0.0
2025-04-03 00:00:00-04:00,194.56443791686308,199.70410250446093,194.3960885608177,198.01068115234375,2125300,0.0,0.0
2025-04-04 00:00:00-04:00,196.13902514481282,198.73360908151764,185.12688221446166,185.13677978515625,3261100,0.0,0.0
2025-04-07 00:00:00-04:00,180.89827158885564,188.0977636812323,179.36330210382224,182.95809936523438,2319400,0.0,0.0
2025-04-08 00:00:00-04:00,187.4045701742972,187.9789465783025,180.30411368519486,181.48255920410156,1789000,0.0,0.0
2025-04-09 00:00:00-04:00,182.01733743423364,191.59354684925577,181.03693394718775,191.02906799316406,2496200,0.0,0.0
2025-04-10 00:00:00-04:00,188.68205217207733,191.345964334174,186.33504358962975,189.9595489501953,1657600,0.0,0.0
2025-04-11 00:00:00-04:00,189.17719691142918,193.73258750976103,187.09755878810512,192.8115997314453,1469600,0.0,0.0
2025-04-14 00:00:00-04:00,193.9306422296586,194.78230167470758,192.257031160021,193.89102172851562,1103100,0.0,0.0
2025-04-15 00:00:00-04:00,193.07900000997546,195.03979188925803,193.07900000997546,194.089111328125,1166500,0.0,0.0
2025-04-16 00:00:00-04:00,195.10911511181098,196.88174732447953,193.96036227893808,194.66348266601562,1054800,0.0,0.0
2025-04-17 00:00:00-04:00,195.07941485971676,196.83223688858473,194.82192690844252,195.45571899414062,979300,0.0,0.0
2025-04-21 00:00:00-04:00,195.48539969343267,196.16870976039485,191.13797916722243,192.682861328125,1017900,0.0,0.0
2025-04-22 00:00:00-04:00,194.67338600771845,195.98057556152344,193.36618134311834,195.98057556152344,1228000,0.0,0.0
2025-04-23 00:00:00-04:00,196.6836789731948,196.8223205064783,192.12828840394744,193.78208923339844,2362400,0.0,0.0
2025-04-24 00:00:00-04:00,197.70368879264907,197.84233032664443,189.07816053175503,194.81201171875,1522500,0.0,0.0
2025-04-25 00:00:00-04:00,194.8318346679328,195.7924278985063,189.88032940138694,192.58384704589844,1416500,0.0,0.0
2025-04-28 00:00:00-04:00,193.00965552552472,193.21762538068583,190.93993009782602,192.19761657714844,1426000,0.0,0.0
2025-04-29 00:00:00-04:00,191.52421414048575,193.8514276172456,190.7715907937097,193.63356018066406,1242100,0.0,0.0
2025-04-30 00:00:00-04:00,193.60384978860213,196.0201866998545,191.4350881328339,195.71319580078125,1152000,0.0,0.0
2025-05-01 00:00:00-04:00,194.76250515030662,195.12891170233655,192.0292796997695,194.27725219726562,743100,0.0,0.0
2025-05-02 00:00:00-04:00,195.68348883741052,196.9015548687135,194.72289563305458,195.8815460205078,664500,0.0,0.0
2025-05-05 00:00:00-04:00,196.04000197366392,196.8322307228738,194.54463772132152,196.00038146972656,539000,0.0,0.0
2025-05-06 00:00:00-04:00,195.44580610664113,196.91144735668522,194.92094778512276,196.45591735839844,731400,0.0,0.0
2025-05-07 00:00:00-04:00,196.54023409336682,197.0461005673179,194.8540478281274,196.77828979492188,891500,0.315,0.0
2025-05-08 00:00:00-04:00,196.73862568592872,197.383339081258,193.65389048484357,193.97128295898438,1197900,0.0,0.0
2025-05-09 00:00:00-04:00,193.61418023243388,193.82248083891128,192.39417706542557,193.7034454345703,631300,0.0,0.0
2025-05-12 00:00:00-04:00,194.06053161269813,194.06053161269813,182.50518236984252,185.06422424316406,3108100,0.0,0.0
2025-05-13 00:00:00-04:00,184.7964095872432,185.98665772452347,183.1300652220161,184.26080322265625,1799100,0.0,0.0
2025-05-14 00:00:00-04:00,185.02454491264763,185.29235567406397,182.79282388210763,184.76666259765625,1190100,0.0,0.0
2025-05-15 00:00:00-04:00,185.93708447778923,189.41856384277344,185.28244267536684,189.41856384277344,1032900,0.0,0.0
2025-05-16 00:00:00-04:00,189.52766763724668,190.42034998209644,188.21838405431862,190.36083984375,1287000,0.0,0.0
2025-05-19 00:00:00-04:00,189.4284739755664,192.07678107565883,189.329295456602,191.79905700683594,1340500,0.0,0.0
2025-05-20 00:00:00-04:00,191.51142300312824,194.98298905944853,191.51142300312824,194.4374542236328,1465800,0.0,0.0
2025-05-21 00:00:00-04:00,193.8125637682908,194.97307200347865,192.66199911418903,194.3382568359375,1168500,0.0,0.0
2025-05-22 00:00:00-04:00,194.18948061512043,194.7151736803979,191.77922921788522,193.32655334472656,1097400,0.0,0.0
2025-05-23 00:00:00-04:00,194.0506118624425,195.43923215003207,192.94962894341577,195.24085998535156,859500,0.0,0.0
2025-05-27 00:00:00-04:00,196.39144522910203,196.39144522910203,193.74313816264635,194.85403442382812,768000,0.0,0.0
2025-05-28 00:00:00-04:00,195.0127314064865,195.47891431442181,193.28686180254556,193.89190673828125,573300,0.0,0.0
2025-05-29 00:00:00-04:00,193.89190162417813,194.4870332332401,192.09660862110272,192.81076049804688,704700,0.0,0.0
2025-05-30 00:00:00-04:00,193.743149436779,195.74674328285303,192.78102846358058,195.4888458251953,1968000,0.0,0.0
2025-06-02 00:00:00-04:00,194.28868001864674,195.46901490631487,193.39598251801422,194.71517944335938,888000,0.0,0.0
2025-06-03 00:00:00-04:00,193.3562901263905,194.23905907089636,191.2138345527048,191.7296142578125,954600,0.0,0.0
2025-06-04 00:00:00-04:00,192.04703154675312,192.04703154675312,189.87482062557396,189.97401428222656,911600,0.0,0.0
2025-06-05 00:00:00-04:00,190.1723686191131,190.8468521244525,188.77383505441227,190.51953125,829300,0.0,0.0
2025-06-06 00:00:00-04:00,190.0632878032932,191.51143352567868,188.53580531390895,188.67466735839844,692600,0.0,0.0
2025-06-09 00:00:00-04:00,188.5357920876458,188.8631129841574,185.79821977340328,187.45465087890625,645900,0.0,0.0
2025-06-10 00:00:00-04:00,187.6034080640524,189.32927758726873,187.06780173468192,187.29592895507812,658700,0.0,0.0
2025-06-11 00:00:00-04:00,187.45464627461405,188.3572419108927,186.4429285406851,187.78196716308594,595300,0.0,0.0
2025-06-12 00:00:00-04:00,188.4861962331237,190.09303051990145,188.07952343825409,189.9045867919922,712800,0.0,0.0
2025-06-13 00:00:00-04:00,190.0831078277229,191.15433567765157,188.91270146297228,189.12098693847656,494800,0.0,0.0
2025-06-16 00:00:00-04:00,189.0218181219634,189.77563843955636,185.42130336953718,185.56016540527344,935400,0.0,0.0
2025-06-17 00:00:00-04:00,184.8162545308894,186.91902678083346,184.01283740274386,186.19496154785156,1048000,0.0,0.0
2025-06-18 00:00:00-04:00,185.8973987528006,186.74049940967458,184.31040622815632,185.6196746826172,948300,0.0,0.0
2025-06-20 00:00:00-04:00,186.07594388364976,186.59170850721128,183.52681529578595,184.21121215820312,1292100,0.0,0.0
2025-06-23 00:00:00-04:00,184.51868998721136,186.15527932368389,183.79462474920868,186.10569763183594,756600,0.0,0.0
2025-06-24 00:00:00-04:00,185.98666494605482,187.35545868122935,184.37983065507728,186.6313934326172,701000,0.0,0.0
2025-06-25 00:00:00-04:00,186.39333168370135,186.39333168370135,183.49705564856265,184.17152404785156,1000500,0.0,0.0
2025-06-26 00:00:00-04:00,185.06421664533872,186.6512090851134,184.2409577903119,185.96682739257812,1208300,0.0,0.0
2025-06-27 00:00:00-04:00,184.70714757089584,187.00829199138568,183.81446523623177,184.38973999023438,870300,0.0,0.0
2025-06-30 00:00:00-04:00,184.97495199210948,185.5105583476047,183.88388238947445,185.2030792236328,1048100,0.0,0.0
2025-07-01 00:00:00-04:00,185.8378706435568,185.85771239945885,183.59623654103578,184.35997009277344,528500,0.0,0.0
2025-07-02 00:00:00-04:00,184.20129892621082,184.22112554916868,176.15718394741594,176.6531219482422,3255800,0.0,0.0
2025-07-03 00:00:00-04:00,178.0913276668495,179.80726880156837,176.4150549103211,179.26173400878906,1360700,0.0,0.0
2025-07-07 00:00:00-04:00,179.54940144233078,180.96777688672083,178.14093930960655,180.729736328125,1632200,0.0,0.0
2025-07-08 00:00:00-04:00,179.43036505827402,180.87851069948738,178.3789789039539,179.718017578125,1365900,0.0,0.0
2025-07-09 00:00:00-04:00,178.81539961756488,180.77930981092143,178.25003818174955,180.5908660888672,1643100,0.0,0.0
2025-07-10 00:00:00-04:00,180.2437194125243,181.66209491815974,178.27980904517239,180.53135681152344,1336800,0.0,0.0
2025-07-11 00:00:00-04:00,180.3230623533487,182.26713086508278,179.82712434640044,181.89022827148438,1389800,0.0,0.0
2025-07-14 00:00:00-04:00,181.0967147219509,184.06242929300038,181.0967147219509,182.9416046142578,1333700,0.0,0.0
2025-07-15 00:00:00-04:00,182.5944483093521,183.57641099305883,181.285179865903,182.12826538085938,1469100,0.0,0.0
2025-07-16 00:00:00-04:00,182.12826104601723,182.25720976545827,179.4700407070798,181.35459899902344,1350200,0.0,0.0
2025-07-17 00:00:00-04:00,180.76941451314096,181.5133215687506,179.05347314261985,180.74957275390625,1184500,0.0,0.0
2025-07-18 00:00:00-04:00,181.63231569168204,182.37622264013726,180.35280239966232,181.15621948242188,1095700,0.0,0.0
2025-07-21 00:00:00-04:00,180.9876264599121,181.2752638589112,179.69818455080778,180.53135681152344,1129200,0.0,0.0
2025-07-22 00:00:00-04:00,180.49167007871077,183.8640422967534,180.49167007871077,183.27883911132812,1723700,0.0,0.0
2025-07-23 00:00:00-04:00,183.09037492428925,183.9929856560924,181.83070338587456,182.93167114257812,1376500,0.0,0.0
2025-07-24 00:00:00-04:00,179.57916312403358,187.85140580600554,179.0832250955965,186.71075439453125,1758000,0.0,0.0
2025-07-25 00:00:00-04:00,186.96862419099645,188.20846917900042,185.43121337890625,185.43121337890625,1632200,0.0,0.0
2025-07-28 00:00:00-04:00,184.48893651667905,185.96683720935565,184.320319412386,184.54844665527344,763300,0.0,0.0
2025-07-29 00:00:00-04:00,185.1832519470547,190.3509327275069,184.86585948726827,190.281494140625,1812000,0.0,0.0
2025-07-30 00:00:00-04:00,188.79368178737226,190.17238887733183,187.47448483822964,187.6530303955078,1640200,0.0,0.0
2025-07-31 00:00:00-04:00,188.32748828173575,189.18050223356266,184.80634064559663,185.1534881591797,1665400,0.0,0.0
2025-08-01 00:00:00-04:00,186.66115564149817,186.66115564149817,183.97316489574018,185.0543212890625,1129600,0.0,0.0
2025-08-04 00:00:00-04:00,185.17334039516734,186.19497150594526,184.51869857617547,185.84780883789062,626400,0.0,0.0
2025-08-05 00:00:00-04:00,185.99657144976567,187.41494671018395,185.30226135253906,185.30226135253906,1011300,0.0,0.0
2025-08-06 00:00:00-04:00,185.14827219835902,186.94659744483488,184.2242616988863,186.64852905273438,772800,0.315,0.0
2025-08-07 00:00:00-04:00,187.81097837753535,187.81097837753535,185.74439010350406,186.857177734375,692100,0.0,0.0
2025-08-08 00:00:00-04:00,187.12542446397512,189.40066514214658,186.52930285583548,186.67832946777344,864400,0.0,0.0
2025-08-11 00:00:00-04:00,187.18504832920752,189.42053862849133,186.84724454469796,189.3509979248047,1090700,0.0,0.0
2025-08-12 00:00:00-04:00,189.66892717057917,189.76828835953032,185.7245275033641,186.19149780273438,1566400,0.0,0.0
2025-08-13 00:00:00-04:00,186.80751678551542,186.80751678551542,183.1313800643743,184.54222106933594,1352600,0.0,0.0
2025-08-14 00:00:00-04:00,184.52233270761508,184.88994180553195,183.38968492988212,183.53871154785156,868500,0.0,0.0
2025-08-15 00:00:00-04:00,182.7240060492447,184.1845275358173,182.23716050025774,183.57846069335938,904200,0.0,0.0
2025-08-18 00:00:00-04:00,183.80697525272524,184.47265274925877,182.94259054475293,183.62814331054688,940400,0.0,0.0
2025-08-19 00:00:00-04:00,184.15471730240873,185.22773923581454,183.35987332622213,184.96942138671875,646100,0.0,0.0
2025-08-20 00:00:00-04:00,185.96298223564756,187.53279500112882,184.59187668444739,184.60182189941406,1352200,0.0,0.0
2025-08-21 00:00:00-04:00,184.1845380095298,186.09215461548408,183.8864695985143,185.27743530273438,614400,0.0,0.0
2025-08-22 00:00:00-04:00,185.94310571725163,186.87704629452762,182.80349536776438,183.58839416503906,805800,0.0,0.0
2025-08-25 00:00:00-04:00,183.29033191243238,183.80698281173105,180.97535566101632,181.01510620117188,898000,0.0,0.0
2025-08-26 00:00:00-04:00,181.22373757217542,181.9092903438303,180.16064564367576,181.70065307617188,1739600,0.0,0.0
2025-08-27 00:00:00-04:00,180.75676600328518,182.16762207546637,180.75676600328518,182.0483856201172,791700,0.0,0.0
2025-08-28 00:00:00-04:00,182.91277369147417,182.91277369147417,180.6673383786266,182.05831909179688,636200,0.0,0.0
2025-08-29 00:00:00-04:00,182.41602127852522,184.13486074996072,181.6708578176822,183.6182098388672,690000,0.0,0.0
2025-09-02 00:00:00-04:00,182.932651836865,183.92620308978803,180.07123453751117,181.6708526611328,1271600,0.0,0.0
2025-09-03 00:00:00-04:00,181.2833702551917,181.74039534670078,178.5709643896621,179.5247802734375,898300,0.0,0.0
2025-09-04 00:00:00-04:00,180.66734473723756,180.97534318045183,179.46515628724714,180.1010284423828,601600,0.0,0.0
2025-09-05 00:00:00-04:00,179.95199314026843,180.11096497486733,177.72644809743804,178.14373779296875,924700,0.0,0.0
2025-09-08 00:00:00-04:00,177.7661897199134,178.14374405025023,176.12683620414722,177.23960876464844,1392700,0.0,0.0
2025-09-09 00:00:00-04:00,176.67329782740566,177.47807194738408,175.85857849186877,176.4646453857422,1688000,0.0,0.0
2025-09-10 00:00:00-04:00,176.05727545159303,177.53767224646992,174.8749470586872,175.07366943359375,1293800,0.0,0.0
2025-09-11 00:00:00-04:00,175.8188429510621,177.55755770858278,175.2723867094777,176.99122619628906,1944700,0.0,0.0
2025-09-12 00:00:00-04:00,177.17997515384855,177.22965574251617,173.50383899825127,174.93455505371094,1527300,0.0,0.0
2025-09-15 00:00:00-04:00,175.12332750419824,176.1069486412317,174.28874814207848,174.4377899169922,1085000,0.0,0.0
2025-09-16 00:00:00-04:00,174.4179141189969,174.84513385293275,172.01352206282138,172.4606170654297,989700,0.0,0.0
2025-09-17 00:00:00-04:00,172.70901705831804,174.08012264616627,172.06319964415678,172.23211669921875,1407600,0.0,0.0
2025-09-18 00:00:00-04:00,171.29815518250908,174.7259035733587,170.8907955778132,174.27880859375,1115500,0.0,0.0
2025-09-19 00:00:00-04:00,174.94449233602805,175.86848764979956,172.08306010687383,172.8480987548828,1514500,0.0,0.0
2025-09-22 00:00:00-04:00,172.80833854661222,173.0666715397453,171.15905521386836,171.8545379638672,1386300,0.0,0.0
2025-09-23 00:00:00-04:00,171.86449445379648,172.02346629550294,169.5991987708417,170.92062377929688,2273000,0.0,0.0
2025-09-24 00:00:00-04:00,170.90074817052974,171.93404997918614,170.04629347353622,171.1392059326172,824100,0.0,0.0
2025-09-25 00:00:00-04:00,172.17249200501723,172.81830942336472,169.53958721747742,170.2152099609375,1169600,0.0,0.0
2025-09-26 00:00:00-04:00,171.2981719970703,171.9439742354093,170.55300857111513,171.2981719970703,699800,0.0,0.0
2025-09-29 00:00:00-04:00,170.9802247609754,173.22566020703033,170.71197684870296,173.1759796142578,1116900,0.0,0.0
2025-09-30 00:00:00-04:00,173.4045064104441,175.19290177462477,173.24553456465256,174.66632080078125,970500,0.0,0.0
2025-10-01 00:00:00-04:00,174.41791176844904,175.5108089644978,173.07661161831214,173.9906768798828,1005500,0.0,0.0
2025-10-02 00:00:00-04:00,173.2753296547801,173.2753296547801,171.73533736586432,171.91416931152344,1017400,0.0,0.0
2025-10-03 00:00:00-04:00,172.3513259359101,174.09997057047812,171.27828883274742,173.29519653320312,557200,0.0,0.0
2025-10-06 00:00:00-04:00,172.57983676421253,174.43778777804926,172.29171359286653,173.0269317626953,1105300,0.0,0.0
2025-10-07 00:00:00-04:00,172.89778640032478,173.30513087592254,171.6260420600072,172.34140014648438,738400,0.0,0.0
2025-10-08 00:00:00-04:00,172.66926179837043,173.39456511262077,171.56641932533122,172.56991577148438,868000,0.0,0.0
2025-10-09 00:00:00-04:00,172.96733068597402,172.96733068597402,168.77454326572575,169.1024169921875,946300,0.0,0.0
2025-10-10 00:00:00-04:00,170.84113109977974,172.73881758905435,169.7978992753877,171.73533630371094,1311400,0.0,0.0
2025-10-13 00:00:00-04:00,170.4238378239774,171.606166189439,168.90370568563773,170.89080810546875,599400,0.0,0.0
2025-10-14 00:00:00-04:00,171.88436957396002,172.82824024763514,170.46359853597136,171.44720458984375,991900,0.0,0.0
2025-10-15 00:00:00-04:00,171.22860975977318,172.55996472609422,168.47648385783825,168.6453857421875,1584000,0.0,0.0
2025-10-16 00:00:00-04:00,168.38705102845717,169.99661426142265,168.30756511420313,169.73828125,1355700,0.0,0.0
2025-10-17 00:00:00-04:00,170.2251147379898,172.08305047592677,169.76807455348373,171.8545379638672,834900,0.0,0.0
2025-10-20 00:00:00-04:00,171.6359753882748,173.03688626438003,171.1491298266839,172.87791442871094,680600,0.0,0.0
2025-10-21 00:00:00-04:00,173.34489201196587,173.34489201196587,171.5068160906519,172.67921447753906,1279300,0.0,0.0
2025-10-22 00:00:00-04:00,174.8948243349318,178.58090612214326,171.88436527729922,177.319091796875,2485600,0.0,0.0
2025-10-23 00:00:00-04:00,176.7825570341373,178.35236974312465,175.65985449167778,175.66978454589844,1450700,0.0,0.0
2025-10-24 00:00:00-04:00,176.41495147350108,177.01108826720983,173.92114337927595,175.6797332763672,1230900,0.0,0.0
2025-10-27 00:00:00-04:00,175.08359396362283,175.90824328022023,172.29171751271178,173.6528778076172,1454600,0.0,0.0
2025-10-28 00:00:00-04:00,172.87791698163733,173.87146822865822,169.5197089153822,173.0170135498047,1115000,0.0,0.0
2025-10-29 00:00:00-04:00,172.08308559410366,172.18244679026094,166.75764991242056,167.34384155273438,1320300,0.0,0.0
2025-10-30 00:00:00-04:00,168.0293780052362,169.92706447991694,167.9598373030188,169.8873291015625,1465300,0.0,0.0
2025-10-31 00:00:00-04:00,168.45659901430562,169.15208178103418,166.39001082146413,166.59864807128906,1839500,0.0,0.0
2025-11-03 00:00:00-05:00,166.23104741790678,166.55892113033593,163.31000448934532,164.6910400390625,1241800,0.0,0.0
2025-11-04 00:00:00-05:00,165.2474445844146,167.6418914794922,164.2042127814567,167.6418914794922,3286900,0.0,0.0
2025-11-05 00:00:00-05:00,166.876872988377,167.73132766143527,164.84008991372062,164.8897705078125,962500,0.0,0.0
2025-11-06 00:00:00-05:00,165.8634509360404,166.0224227772513,163.59815526014708,164.24395751953125,1071700,0.0,0.0
2025-11-07 00:00:00-05:00,165.3269046084769,165.42626578721874,163.7670371928637,165.1083221435547,766100,0.0,0.0
2025-11-10 00:00:00-05:00,163.95582302228559,165.24744261242034,162.21710842490097,164.86988830566406,1086200,0.0,0.0
2025-11-11 00:00:00-05:00,165.38653830886383,166.86691988424656,164.87981749762764,166.36021423339844,735300,0.0,0.0
2025-11-12 00:00:00-05:00,167.62202155853512,168.40692029820406,166.59864992421083,167.7014923095703,1028700,0.0,0.0
2025-11-13 00:00:00-05:00,166.95634913788246,168.8043551108996,166.30061682001647,166.310546875,1039600,0.0,0.0
2025-11-14 00:00:00-05:00,166.89673933613855,169.25146617268925,165.3368717139913,167.5425567626953,1584400,0.0,0.0
2025-11-17 00:00:00-05:00,167.99957242563855,168.60563927724377,166.73777328965784,168.21815490722656,972500,0.0,0.0
2025-11-18 00:00:00-05:00,168.8937699363501,171.55647981215338,168.17841187650103,171.04977416992188,1158700,0.0,0.0
2025-11-19 00:00:00-05:00,171.3279676361806,173.86152617328497,170.23505527573937,173.5535125732422,1163300,0.0,0.0
2025-11-20 00:00:00-05:00,173.0666937500929,174.7259225095924,171.96385126199573,172.40101623535156,1085000,0.0,0.0
2025-11-21 00:00:00-05:00,171.88436945557808,174.86502326116613,170.41391782306363,174.16954040527344,1077700,0.0,0.0
2025-11-24 00:00:00-05:00,174.23905567870386,174.23905567870386,171.67569196080046,172.0333709716797,1346800,0.0,0.0
2025-11-25 00:00:00-05:00,172.0135232133965,176.14668466202207,172.0135232133965,175.36178588867188,730400,0.0,0.0
2025-11-26 00:00:00-05:00,175.78900551564192,176.52423885710144,175.0339120657775,175.88836669921875,443200,0.0,0.0
2025-11-28 00:00:00-05:00,176.1268265872326,176.94153069300376,175.11340011188915,175.41146850585938,457100,0.0,0.0
2025-12-01 00:00:00-05:00,175.36180212463037,176.08709031910365,172.9673398848884,173.03689575195312,784100,0.0,0.0
2025-12-02 00:00:00-05:00,173.10640715170234,173.70254388702722,171.74524697052112,172.16253662109375,600300,0.0,0.0
2025-12-03 00:00:00-05:00,172.77855142245417,173.45417413674116,171.92409676521353,173.13623046875,761900,0.0,0.0
2025-12-04 00:00:00-05:00,173.01701145758383,173.5535224539162,171.91416898031127,172.13275146484375,842900,0.0,0.0
2025-12-05 00:00:00-05:00,171.92409648134608,173.67275633163328,171.44719614053525,171.99365234375,744400,0.0,0.0
2025-12-08 00:00:00-05:00,171.73534496867856,172.04334344009695,169.26139682148357,169.30113220214844,779000,0.0,0.0
2025-12-09 00:00:00-05:00,169.86746292353425,170.6225564357896,166.96629501595606,167.23455810546875,956700,0.0,0.0
2025-12-10 00:00:00-05:00,166.80732288782454,168.31752507014045,166.201256003897,166.92654418945312,1213600,0.0,0.0
2025-12-11 00:00:00-05:00,167.81078604740006,170.70202358195365,167.51273282560086,170.2549285888672,1059600,0.0,0.0
2025-12-12 00:00:00-05:00,171.2087556939193,172.0433350908846,169.9469413834957,171.51675415039062,1024400,0.0,0.0
2025-12-15 00:00:00-05:00,171.55647286527523,175.56048273125717,170.78150419188435,175.33197021484375,1911500,0.0,0.0
2025-12-16 00:00:00-05:00,175.26242684489608,176.3056586442895,174.68618048599666,174.8848876953125,1419300,0.0,0.0
2025-12-17 00:00:00-05:00,174.78553483236465,175.70954538224032,174.26888393523404,174.86502075195312,1291300,0.0,0.0
2025-12-18 00:00:00-05:00,173.90126570459805,175.45120315433553,173.2157129494323,174.48745727539062,1303000,0.0,0.0
2025-12-19 00:00:00-05:00,174.4775278706795,174.85508218023745,173.60319795818248,174.05029296875,1131900,0.0,0.0
2025-12-22 00:00:00-05:00,173.48397947014783,176.18644000666802,172.84810729451888,175.8585662841797,813100,0.0,0.0
2025-12-23 00:00:00-05:00,176.32553068481803,176.92166746223853,175.72939390739754,176.5441131591797,702000,0.0,0.0
2025-12-24 00:00:00-05:00,176.34539669158895,177.2892672392746,175.8684812305456,176.69313049316406,314800,0.0,0.0
2025-12-26 00:00:00-05:00,177.08064217389662,177.66684895689966,176.216257402911,176.99122619628906,603400,0.0,0.0
2025-12-29 00:00:00-05:00,177.60720857733833,178.4020525762322,177.04089227188373,177.3886260986328,776600,0.0,0.0
2025-12-30 00:00:00-05:00,177.08061506066804,177.67675180755506,176.92165840050043,177.00112915039062,816200,0.0,0.0
2025-12-31 00:00:00-05:00,176.90178092985727,177.15016871123578,174.01054351611845,174.2291259765625,1238300,0.0,0.0
2026-01-02 00:00:00-05:00,173.75222464239093,174.05027784995352,172.2618979630302,172.9971160888672,679100,0.0,0.0
2026-01-05 00:00:00-05:00,171.74526122344116,174.50733234958577,170.45364162997203,172.81829833984375,999200,0.0,0.0
2026-01-06 00:00:00-05:00,173.29520090860112,174.7755976750469,170.63249093234464,173.1759796142578,1359500,0.0,0.0
2026-01-07 00:00:00-05:00,175.3617962310166,175.3617962310166,167.35377555400464,167.4431915283203,2007900,0.0,0.0
2026-01-08 00:00:00-05:00,167.43326127885504,167.86048104034802,166.04228042943197,167.13519287109375,2432300,0.0,0.0
2026-01-09 00:00:00-05:00,166.8967163787798,167.1053687889083,165.04871065056372,165.23748779296875,2024500,0.0,0.0
2026-01-12 00:00:00-05:00,165.43620973377892,165.9627906724793,164.32343720828206,165.14808654785156,1811500,0.0,0.0
2026-01-13 00:00:00-05:00,165.45607718474344,165.45607718474344,161.01490218678563,162.00845336914062,1879500,0.0,0.0
2026-01-14 00:00:00-05:00,161.5514305373131,164.17440508839533,161.5514305373131,163.727294921875,3137100,0.0,0.0
2026-01-15 00:00:00-05:00,163.6478282265796,166.55892602614648,162.9324701348685,166.5489959716797,2394800,0.0,0.0
2026-01-16 00:00:00-05:00,165.6945448490751,166.82719265837432,163.5385404734963,166.0323486328125,1989500,0.0,0.0
2026-01-20 00:00:00-05:00,165.62497798849714,165.62497798849714,163.0516840814396,163.19078063964844,2080100,0.0,0.0
2026-01-21 00:00:00-05:00,163.18086440017862,165.98267106997693,163.18086440017862,165.42628479003906,2744800,0.0,0.0
2026-01-22 00:00:00-05:00,165.8137628487161,169.0825396988317,165.44615374786594,169.052734375,1596200,0.0,0.0
2026-01-23 00:00:00-05:00,168.74474485862075,171.01998576752962,168.6056482865766,169.12229919433594,1178600,0.0,0.0
2026-01-26 00:00:00-05:00,169.67867337212212,170.77158576045733,169.03287115380743,170.1853790283203,1017000,0.0,0.0
2026-01-27 00:00:00-05:00,170.6622922776839,170.6622922776839,167.79092994287151,168.46653747558594,1362000,0.0,0.0
2026-01-28 00:00:00-05:00,167.32396688459704,168.397004036103,166.17144381515854,168.26783752441406,1320800,0.0,0.0
2026-01-29 00:00:00-05:00,167.88035012476524,169.2117051152712,164.24394903691604,166.1515655517578,1284400,0.0,0.0
2026-01-30 00:00:00-05:00,166.46949970782845,166.51918029785156,163.85645530856516,166.51918029785156,1558000,0.0,0.0
2026-02-02 00:00:00-05:00,167.88034537521432,168.59570344309014,165.69453579465508,167.01596069335938,1145900,0.0,0.0
2026-02-03 00:00:00-05:00,165.88332397813997,167.22460907431923,164.6215096411095,165.24745178222656,1121100,0.0,0.0
2026-02-04 00:00:00-05:00,165.35671236187247,169.9071784961221,163.87633083540376,168.18833923339844,1616200,0.0,0.0
2026-02-05 00:00:00-05:00,169.0726104299953,171.18887939421197,168.0691291487581,168.0889892578125,1578000,0.0,0.0
2026-02-06 00:00:00-05:00,167.91014899774916,170.3344162965148,167.4829292684097,168.10885620117188,1399700,0.0,0.0
2026-02-09 00:00:00-05:00,167.8803582800254,170.74179077148438,167.66177578912843,170.74179077148438,1811000,0.0,0.0
2026-02-10 00:00:00-05:00,170.85106426697988,171.77505956945802,169.3110569357954,169.54949951171875,2007200,0.0,0.0
2026-02-11 00:00:00-05:00,169.04280542895552,171.6459047965842,168.37712792503476,170.59274291992188,2024300,0.0,0.0
2026-02-12 00:00:00-05:00,169.11235327050332,172.1625475142492,154.6462353334097,156.5637969970703,4582900,0.0,0.0
2026-02-13 00:00:00-05:00,156.58368193951029,161.14407850576237,156.48432075106834,159.2265167236328,2415200,0.0,0.0
2026-02-17 00:00:00-05:00,160.18034906175635,162.1674517518559,159.55440686305008,160.23995971679688,2493000,0.0,0.0
2026-02-18 00:00:00-05:00,159.91206293359346,161.80974936795138,157.51760089822383,161.71038818359375,1339200,0.0,0.0
2026-02-19 00:00:00-05:00,162.32641037271642,165.37660486996452,161.96873131124087,164.98912048339844,1663800,0.0,0.0
2026-02-20 00:00:00-05:00,164.7606047755089,164.9295066679101,161.42227198593565,162.56484985351562,3110300,0.0,0.0
2026-02-23 00:00:00-05:00,163.14111099806988,163.37956875402688,161.0347872151439,161.9488525390625,1865500,0.0,0.0
2026-02-24 00:00:00-05:00,162.00846484332152,165.88332382517393,162.00846484332152,164.41285705566406,2005800,0.0,0.0
2026-02-25 00:00:00-05:00,165.42842225037344,166.35439125999105,164.0345083775878,165.87648010253906,1866600,0.35,0.0
2026-02-26 00:00:00-05:00,167.2006883341182,169.18205141848458,165.5479091060641,168.6045684814453,1708700,0.0,0.0
2026-02-27 00:00:00-05:00,169.26170706246202,171.7209813157713,168.1067411798306,171.38246154785156,1863300,0.0,0.0
2026-03-02 00:00:00-05:00,170.49632966622556,173.18460083545114,170.22749799154644,172.40798950195312,1123700,0.0,0.0
2026-03-03 00:00:00-05:00,171.49198796763588,172.66685607784973,169.27166164948412,171.820556640625,1325300,0.0,0.0
2026-03-04 00:00:00-05:00,170.84480169462256,171.57164233134904,169.00284513684167,169.10240173339844,1625700,0.0,0.0
2026-03-05 00:00:00-05:00,170.20758643740842,170.20758643740842,166.68296681767413,169.98854064941406,1960100,0.0,0.0
2026-03-06 00:00:00-05:00,168.9729672835096,171.15344349540197,167.93747542749935,169.40109252929688,2012900,0.0,0.0
2026-03-09 00:00:00-04:00,168.05694255167177,171.39239966216465,167.02146593046317,170.9841766357422,1333200,0.0,0.0
2026-03-10 00:00:00-04:00,170.5660213621791,170.5660213621791,163.2180668444386,164.82107543945312,1407400,0.0,0.0
2026-03-11 00:00:00-04:00,164.75137686904247,166.60329963009906,163.95484817318092,165.96607971191406,1036700,0.0,0.0
2026-03-12 00:00:00-04:00,165.7569979461705,169.23184686621298,165.41847816164528,166.23492431640625,1763000,0.0,0.0
2026-03-13 00:00:00-04:00,168.25610354541953,168.72406361102412,165.1396918728874,165.7968292236328,1067200,0.0,0.0
2026-03-16 00:00:00-04:00,165.8764672424151,166.87212427221945,164.900712414592,166.51368713378906,931700,0.0,0.0
2026-03-17 00:00:00-04:00,167.04138525293084,168.10673038178209,166.12538260253328,166.31454467773438,885800,0.0,0.0
2026-03-18 00:00:00-04:00,166.01587864511112,166.24487553568386,162.97912129938462,162.99903869628906,1120600,0.0,0.0
2026-03-19 00:00:00-04:00,163.0189373417671,164.86090910589496,162.90941444996724,164.11416625976562,1440100,0.0,0.0
2026-03-20 00:00:00-04:00,163.9150295615317,165.22928900396997,161.45575536423837,161.88388061523438,1168800,0.0,0.0
2026-03-23 00:00:00-04:00,163.54661781526582,163.58645260416452,161.54535265994159,161.5951385498047,1365300,0.0,0.0
2026-03-24 00:00:00-04:00,160.61942249917053,160.95794229190815,157.09478759765625,157.09478759765625,1339900,0.0,0.0
2026-03-25 00:00:00-04:00,158.5683417160451,158.78738748990955,154.22727622244608,156.37789916992188,1097500,0.0,0.0
2026-03-26 00:00:00-04:00,156.26837860947603,158.80730724977934,156.26837860947603,156.49737548828125,1046700,0.0,0.0
2026-03-27 00:00:00-04:00,156.93546470409274,157.28395076046937,155.1930648072524,155.34242248535156,1027300,0.0,0.0
2026-03-30 00:00:00-04:00,156.10906992947588,162.71028136007348,155.73073056262038,161.1570587158203,1474400,0.0,0.0
2026-03-31 00:00:00-04:00,161.9535886255602,162.35184539124018,159.7033938411552,161.7345428466797,1549200,0.0,0.0
2026-04-01 00:00:00-04:00,162.11289978027344,164.38299680140483,161.73454521257753,162.11289978027344,1918700,0.0,0.0
2026-04-02 00:00:00-04:00,162.10293113751226,166.47386522893862,161.943622354209,165.35873413085938,1938000,0.0,0.0
2026-04-06 00:00:00-04:00,165.35873294092738,166.35439004062525,164.63190751205397,164.78125,789500,0.0,0.0
2026-04-07 00:00:00-04:00,164.60204017621737,165.17950792869883,162.36181168608573,163.2877655029297,992200,0.0,0.0
2026-04-08 00:00:00-04:00,162.58083048375906,165.06997307008504,161.20683410702117,162.3020477294922,2025900,0.0,0.0
2026-04-09 00:00:00-04:00,162.30206067782095,163.71589195654596,162.30206067782095,163.08863830566406,1225800,0.0,0.0
2026-04-10 00:00:00-04:00,163.8652496096386,163.8652496096386,160.12158433111944,160.8882293701172,1134300,0.0,0.0
2026-04-13 00:00:00-04:00,161.06745794417685,161.50554951155527,159.3549264676187,161.00772094726562,1322800,0.0,0.0
2026-04-14 00:00:00-04:00,161.16700623715406,162.4812808715694,157.95103813145667,158.90687561035156,1327700,0.0,0.0
2026-04-15 00:00:00-04:00,159.02634841892308,160.2609686548997,158.45881659667316,159.1060028076172,1100100,0.0,0.0
2026-04-16 00:00:00-04:00,158.89690932796157,161.41592051825347,158.89690932796157,159.29518127441406,1098300,0.0,0.0
2026-04-17 00:00:00-04:00,160.01206384145723,160.12158673331743,157.51295472515346,158.93675231933594,1333200,0.0,0.0
2026-04-20 00:00:00-04:00,159.036311258292,160.1713597940451,158.53848268660164,159.1856689453125,1048900,0.0,0.0
2026-04-21 00:00:00-04:00,158.60818598359677,158.9566568682766,155.81039184142037,157.24412536621094,2485600,0.0,0.0
2026-04-22 00:00:00-04:00,157.16448384686035,158.0904376841676,154.6454725265781,155.83029174804688,2246300,0.0,0.0
2026-04-23 00:00:00-04:00,161.79427648593403,169.65001028730407,160.52978773272255,168.15652465820312,2736500,0.0,0.0
2026-04-24 00:00:00-04:00,168.01713919263946,168.58467104410073,165.02021672731127,165.34878540039062,1428700,0.0,0.0
2026-04-27 00:00:00-04:00,164.7414291110875,166.28468544952094,160.7886692408283,160.83843994140625,1444200,0.0,0.0
2026-04-28 00:00:00-04:00,162.29209432533318,162.93926531158553,159.6237408030688,162.82974243164062,1676200,0.0,0.0
2026-04-29 00:00:00-04:00,162.7401487107353,163.2877631500477,160.3007918729127,163.03884887695312,1598700,0.0,0.0
2026-04-30 00:00:00-04:00,162.72023250549773,164.4626324299078,162.2025017522886,164.004638671875,1272800,0.0,0.0
2026-05-01 00:00:00-04:00,165.31889323256593,165.82668806152398,160.3804426727454,160.52978515625,1265600,0.0,0.0
2026-05-04 00:00:00-04:00,160.0618333358988,161.3860591302065,158.7177053377828,159.91249084472656,942600,0.0,0.0
2026-05-05 00:00:00-04:00,159.6536159477394,159.6536159477394,156.7960698492604,156.9752960205078,1284500,0.0,0.0
2026-05-06 00:00:00-04:00,157.30459496890055,157.56403629565972,152.9838059122788,153.1534423828125,2365800,0.35,0.0
2026-05-07 00:00:00-04:00,153.27320582774115,154.23115479935709,152.33520334105413,153.24327087402344,2163100,0.0,0.0
2026-05-08 00:00:00-04:00,153.552608711986,154.5903893011552,151.28743411643552,151.4969940185547,2308100,0.0,0.0
2026-05-11 00:00:00-04:00,152.75430578915848,153.1235136974111,149.9303251260154,150.6587677001953,1446500,0.0,0.0
2026-05-12 00:00:00-04:00,152.5247939807509,153.17340491428848,150.85833376590625,150.92819213867188,2119200,0.0,0.0
2026-05-13 00:00:00-04:00,149.3216153905331,151.97595945222108,148.52331447839012,151.8362579345703,2762700,0.0,0.0
2026-05-14 00:00:00-04:00,151.74645083471557,155.4186136594136,151.30738457821403,154.5903778076172,1613200,0.0,0.0
2026-05-15 00:00:00-04:00,156.54622424024163,157.87339633613584,155.1292472842395,156.27679443359375,1643100,0.0,0.0
2026-05-18 00:00:00-04:00,155.67806634793897,159.12073828037003,155.67806634793897,158.58187866210938,1106200,0.0,0.0
2026-05-19 00:00:00-04:00,158.62180016439538,161.5655206390173,157.03517150878906,157.03517150878906,1897500,0.0,0.0
2026-05-20 00:00:00-04:00,156.296749909599,157.99312984692506,155.0693559651244,156.64599609375,1398000,0.0,0.0
2026-05-21 00:00:00-04:00,155.32881680424524,157.1150016473735,154.03157967768206,155.43858337402344,1077600,0.0,0.0
2026-05-22 00:00:00-04:00,155.13921304401478,156.70586469130166,154.67021182875075,155.3787078857422,750900,0.0,0.0
2026-05-26 00:00:00-04:00,154.2910145096551,155.74791480836967,153.263207229743,153.35301208496094,1265100,0.0,0.0
2026-05-27 00:00:00-04:00,153.3630098445889,154.8897533810852,151.2175750732422,151.2175750732422,1063100,0.0,0.0
2026-05-28 00:00:00-04:00,151.88615802393522,154.02160425696962,150.45919263700156,150.72862243652344,1517400,0.0,0.0
2026-05-29 00:00:00-04:00,150.7984646942184,151.14772610732814,148.6929534261818,148.70294189453125,2293200,0.0,0.0
2026-06-01 00:00:00-04:00,148.7129200506832,150.39932681450867,148.53331033034223,149.19189453125,1532400,0.0,0.0
2026-06-02 00:00:00-04:00,148.36365006424933,149.74071874602564,146.57746530097538,148.7727813720703,1924000,0.0,0.0
2026-06-03 00:00:00-04:00,148.30378002729114,152.2353994228951,147.89466394616213,150.56895446777344,2625000,0.0,0.0
2026-06-04 00:00:00-04:00,152.7143842507212,154.0615180711445,151.93604500266642,153.62245178222656,2898200,0.0,0.0
2026-06-05 00:00:00-04:00,154.8697935376393,156.61607023879964,154.42075400260583,154.88975524902344,2126700,0.0,0.0
2026-06-08 00:00:00-04:00,153.62244470621565,156.07721737831278,153.35301490927634,153.38296508789062,2076200,0.0,0.0
2026-06-09 00:00:00-04:00,153.6324275687018,158.29248942989574,153.3929327327919,157.24472045898438,1628300,0.0,0.0
2026-06-10 00:00:00-04:00,157.21478834950494,159.54980594312084,156.19695431139417,158.69163513183594,1673700,0.0,0.0
2026-06-11 00:00:00-04:00,158.6018395916525,159.3003472171364,155.0893245268022,155.13922119140625,2235100,0.0,0.0
2026-06-12 00:00:00-04:00,154.66023517263025,156.3865500096256,154.4806102387192,155.77784729003906,1313100,0.0,0.0
2026-06-15 00:00:00-04:00,154.52054024366424,156.16702353868638,153.4029128522987,154.65025329589844,2522400,0.0,0.0
2026-06-16 00:00:00-04:00,154.6502597048273,156.74579782744647,153.57255568973667,156.73582458496094,2102400,0.0,0.0
2026-06-17 00:00:00-04:00,155.42858517768926,157.38442160051204,153.7022703486075,154.78994750976562,2185500,0.0,0.0
2026-06-18 00:00:00-04:00,155.75789483375695,155.97742797362196,152.10567829926524,153.6424102783203,1910700,0.0,0.0
2026-06-22 00:00:00-04:00,153.5925090716926,153.99166714433406,152.425000258573,153.10354614257812,1494000,0.0,0.0
2026-06-23 00:00:00-04:00,155.39865594529888,159.58971674692566,154.96957814580009,159.10076904296875,2725700,0.0,0.0
2026-06-24 00:00:00-04:00,159.26043900012186,166.7843900958921,159.26043900012186,166.09585571289062,2980800,0.0,0.0
2026-06-25 00:00:00-04:00,164.88843162663613,169.67820669743372,164.87844315834764,165.8563690185547,2621300,0.0,0.0
2026-06-26 00:00:00-04:00,167.65252169034747,170.22703408296843,166.83427431203586,167.54275512695312,1938500,0.0,0.0
2026-06-29 00:00:00-04:00,167.5726997774024,168.18140253212607,165.14787722705458,166.7744140625,1344200,0.0,0.0
2026-06-30 00:00:00-04:00,165.74660138230192,166.8741867700016,164.98820866080376,166.33534240722656,1192000,0.0,0.0
2026-07-01 00:00:00-04:00,166.95401702659478,167.83214954905276,163.55126872839355,164.35955810546875,1392600,0.0,0.0
2026-07-02 00:00:00-04:00,165.46719841533402,168.9497631305182,163.3417254627195,168.4608154296875,1097500,0.0,0.0
2026-07-06 00:00:00-04:00,170.30686502592937,170.30686502592937,166.97397517061245,167.2633514404297,982900,0.0,0.0
2026-07-07 00:00:00-04:00,170.27693652222754,173.33042346495222,169.48862406842437,172.5620574951172,1830600,0.0,0.0
2026-07-08 00:00:00-04:00,172.8714163586618,173.17076589119725,170.70603512415195,171.20497131347656,1185100,0.0,0.0
2026-07-09 00:00:00-04:00,169.6083634067296,171.31471658701048,168.6204643053982,169.7779998779297,1247700,0.0,0.0
2026-07-10 00:00:00-04:00,170.34678952760734,170.90559558758036,168.95974761934463,170.70602416992188,1028900,0.0,0.0
2026-07-13 00:00:00-04:00,170.80580139160156,173.20070407021848,170.80580139160156,170.80580139160156,1029600,0.0,0.0
2026-07-14 00:00:00-04:00,168.90986375329877,171.67395931121192,168.7302388053733,169.209228515625,914900,0.0,0.0
2026-07-15 00:00:00-04:00,169.16930034246678,172.90134845850093,168.9597556731501,169.75804138183594,1267100,0.0,0.0
2026-07-16 00:00:00-04:00,170.33680962979707,175.06673012052846,170.33680962979707,173.95909118652344,1133000,0.0,0.0
2026-07-17 00:00:00-04:00,175.89495918022251,176.33402543990627,170.0773616920593,171.5442352294922,1269900,0.0,0.0
2026-07-20 00:00:00-04:00,171.63403980805376,171.9234160825665,170.35676445084388,170.50643920898438,821800,0.0,0.0
2026-07-21 00:00:00-04:00,168.1015901946872,168.780136113979,166.65466304231165,168.07164001464844,1369500,0.0,0.0
2026-07-22 00:00:00-04:00,169.4886183167912,169.7280979268711,166.8143126024215,167.54275512695312,1536100,0.0,0.0
2026-07-23 00:00:00-04:00,170.14721100811553,171.873541157785,166.41517811809638,167.63258361816406,1770700,0.0,0.0
2026-07-24 00:00:00-04:00,167.50285363284544,170.11727432292832,167.2633587868645,169.24913024902344,1204500,0.0,0.0
2026-07-27 00:00:00-04:00,169.58839932038364,171.23489779953348,168.8998649769504,168.98968505859375,1509600,0.0,0.0
2026-07-28 00:00:00-04:00,170.7758678569762,171.83361007761846,167.75231595218813,168.85995483398438,1689800,0.0,0.0
2026-07-29 00:00:00-04:00,169.12939342751875,174.16863671361108,168.84999038209943,172.44232177734375,1639700,0.0,0.0
2026-07-30 00:00:00-04:00,169.80794068941336,170.516436777177,164.59904565961025,165.91624450683594,2106900,0.0,0.0
2026-07-31 00:00:00-04:00,164.43937902797128,168.50072683002952,164.31963921754215,167.0238800048828,1391700,0.0,0.0
2026-08-03 00:00:00-04:00,167.24341248589081,169.09945567188512,165.41730425238643,167.4529571533203,1392700,0.0,0.0
2026-08-04 00:00:00-04:00,165.1877774832556,166.89414585344707,163.8107240328041,165.2177276611328,1574300,0.0,0.0
2026-08-05 00:00:00-04:00,165.58694784184152,165.616882795618,162.36382426587173,164.15000915527344,1386400,0.0,0.0
2026-08-06 00:00:00-04:00,165.72000122070312,167.4600067138672,162.27999877929688,167.38999938964844,1782600,0.35,0.0
2026-08-07 00:00:00-04:00,166.39999389648438,169.30999755859375,165.17999267578125,166.7100067138672,1039400,0.0,0.0
2026-08-10 00:00:00-04:00,166.49000549316406,167.1699981689453,165.3000030517578,166.22000122070312,759700,0.0,0.0
2026-08-11 00:00:00-04:00,165.6999969482422,168.14999389648438,165.2899932861328,166.85000610351562,979400,0.0,0.0
2026-08-12 00:00:00-04:00,164.77000427246094,167.91000366210938,164.69000244140625,165.33999633789062,1035100,0.0,0.0
2026-08-13 00:00:00-04:00,165.49000549316406,166.36000061035156,164.33999633789062,165.52999877929688,1206900,0.0,0.0
2026-08-14 00:00:00-04:00,166.7100067138672,166.92999267578125,164.89999389648438,166.2899932861328,717300,0.0,0.0
2026-08-17 00:00:00-04:00,165.4199981689453,166.24000549316406,164.36000061035156,165.00999450683594,877700,0.0,0.0
2026-08-18 00:00:00-04:00,166.89999389648438,168.00999450683594,165.47000122070312,165.52999877929688,963600,0.0,0.0
2026-08-19 00:00:00-04:00,166.6699981689453,170.8300018310547,165.33999633789062,168.75,1337300,0.0,0.0
2026-08-20 00:00:00-04:00,168.6999969482422,169.77999877929688,168.11000061035156,168.3300018310547,882700,0.0,0.0
2026-08-21 00:00:00-04:00,168.55999755859375,170.1999969482422,168.2899932861328,169.39999389648438,714663,0.0,0.0
