Date,Open,High,Low,Close,Volume,Dividends,Stock Splits
2002-03-19 00:00:00+09:00,0.17074459201803666,0.17074459201803666,0.1608787477016449,0.1608787477016449,90000,0.0,0.0
2002-03-20 00:00:00+09:00,0.1631553464419928,0.16694996576856805,0.16087875396425994,0.16163821518421173,30000,0.0,0.0
2002-03-21 00:00:00+09:00,0.16163821518421173,0.16163821518421173,0.16163821518421173,0.16163821518421173,0,0.0,0.0
2002-03-22 00:00:00+09:00,0.16163817844446526,0.16239674390093675,0.15784355998039246,0.15784355998039246,30000,0.0,0.0
2002-03-25 00:00:00+09:00,0.1517723816641081,0.15404897430954664,0.14418403804302216,0.14418403804302216,90000,0.0,0.0
2002-03-26 00:00:00+09:00,0.1335595984685789,0.13963080942630768,0.1335595984685789,0.13963080942630768,60000,0.0,0.0
2002-03-27 00:00:00+09:00,0.1396308105467299,0.1396308105467299,0.13507762618963187,0.13659566640853882,60000,0.0,0.0
2002-03-28 00:00:00+09:00,0.13507761758103948,0.13659565770320065,0.13204246006672138,0.13431905210018158,30000,0.0,0.0
2002-03-29 00:00:00+09:00,0.13811279844161187,0.13811279844161187,0.1335596136050321,0.13507764041423798,30000,0.0,0.0
2002-04-01 00:00:00+09:00,0.13811278301715818,0.14266596734523773,0.13659566553798322,0.14266596734523773,30000,0.0,0.0
2002-04-02 00:00:00+09:00,0.1449425595092775,0.14646059971850964,0.14038937518119796,0.14266596734523773,30000,0.0,0.0
2002-04-03 00:00:00+09:00,0.14494255203120726,0.14494255203120726,0.1388722505371399,0.1403893679380417,19200,0.0,0.0
2002-04-04 00:00:00+09:00,0.14494255223079547,0.14494255223079547,0.13811277608164238,0.14342543482780457,6000,0.0,0.0
2002-04-05 00:00:00+09:00,0.14342543482780457,0.1441840003140795,0.13963080264508512,0.14342543482780457,14400,0.0,0.0
2002-04-08 00:00:00+09:00,0.14038937494942264,0.14190741515614858,0.13659566531247114,0.13963080942630768,30000,0.0,0.0
2002-04-09 00:00:00+09:00,0.1441839927983915,0.1441839927983915,0.13735420343568683,0.14114883542060852,12000,0.0,0.0
2002-04-10 00:00:00+09:00,0.1388722505371399,0.1403893679380417,0.1388722505371399,0.1403893679380417,3600,0.0,0.0
2002-04-11 00:00:00+09:00,0.13963080245281131,0.14266595998462447,0.13963080245281131,0.1403893679380417,30000,0.0,0.0
2002-04-12 00:00:00+09:00,0.1419074005061078,0.1419074005061078,0.13659565121079745,0.13811276853084564,18000,0.0,0.0
2002-04-15 00:00:00+09:00,0.13355959954028465,0.13659566640853882,0.13280103401108284,0.13659566640853882,6000,0.0,0.0
2002-04-16 00:00:00+09:00,0.1350776261678787,0.1350776261678787,0.13355959951877594,0.13355959951877594,4800,0.0,0.0
2002-04-17 00:00:00+09:00,0.13507762594882688,0.1365956661650276,0.12597124368130513,0.1305244415998459,30000,0.0,0.0
2002-04-18 00:00:00+09:00,0.1350776252375986,0.1350776252375986,0.12748928322623268,0.12900640070438385,19200,0.0,0.0
2002-04-19 00:00:00+09:00,0.12900640070438385,0.1335595985989505,0.12748928322623268,0.12900640070438385,24000,0.0,0.0
2002-04-22 00:00:00+09:00,0.12976587538873618,0.12976587538873618,0.12900640070438385,0.12900640070438385,4800,0.0,0.0
2002-04-23 00:00:00+09:00,0.13052444095500537,0.13204246759414673,0.12976587543090345,0.13204246759414673,9600,0.0,0.0
2002-04-24 00:00:00+09:00,0.13204246022310717,0.13204246022310717,0.12976586818695068,0.12976586818695068,4800,0.0,0.0
2002-04-25 00:00:00+09:00,0.12976586797048248,0.12976586797048248,0.1267298012971878,0.1267298012971878,30000,0.0,0.0
2002-04-26 00:00:00+09:00,0.1259712354739723,0.1259712354739723,0.12065948594321518,0.1214180514216423,30000,0.0,0.0
2002-04-29 00:00:00+09:00,0.1214180514216423,0.1214180514216423,0.1214180514216423,0.1214180514216423,0,0.0,0.0
2002-04-30 00:00:00+09:00,0.1191414599183656,0.13128298558090443,0.11610630240045278,0.12976586818695068,30000,0.0,0.0
2002-05-01 00:00:00+09:00,0.1214180514216423,0.125212683565104,0.12065948594321518,0.1214180514216423,19200,0.0,0.0
2002-05-02 00:00:00+09:00,0.12065948594321518,0.1214180514216423,0.12065948594321518,0.1214180514216423,8400,0.0,0.0
2002-05-03 00:00:00+09:00,0.1214180514216423,0.1214180514216423,0.1214180514216423,0.1214180514216423,0,0.0,0.0
2002-05-06 00:00:00+09:00,0.1214180514216423,0.1214180514216423,0.1214180514216423,0.1214180514216423,0,0.0,0.0
2002-05-07 00:00:00+09:00,0.12065949311477007,0.12065949311477007,0.11534683410780568,0.11838290095329285,27600,0.0,0.0
2002-05-08 00:00:00+09:00,0.11610632456928084,0.1176234558224678,0.11610632456928084,0.1176234558224678,14400,0.0,0.0
2002-05-09 00:00:00+09:00,0.11382971747324593,0.11534683496194742,0.11382971747324593,0.11458828300237656,15600,0.0,0.0
2002-05-10 00:00:00+09:00,0.11458828231659392,0.11458828231659392,0.11307024210691452,0.11307024210691452,18000,0.0,0.0
2002-05-13 00:00:00+09:00,0.11686487518071191,0.11762344070984253,0.11458828300237656,0.11458828300237656,14400,0.0,0.0
2002-05-14 00:00:00+09:00,0.11458828231659392,0.11762344000589522,0.11307024210691452,0.11307024210691452,10800,0.0,0.0
2002-05-15 00:00:00+09:00,0.11534683496194742,0.11534683496194742,0.11458828300237656,0.11458828300237656,7200,0.0,0.0
2002-05-16 00:00:00+09:00,0.11534684171317225,0.116106316447258,0.11534684171317225,0.116106316447258,6000,0.0,0.0
2002-05-17 00:00:00+09:00,0.1168648676872616,0.1290063933295466,0.1168648676872616,0.1267298012971878,25200,0.0,0.0
2002-05-20 00:00:00+09:00,0.13811276213286414,0.1479786039820553,0.13280101308361697,0.14190739393234253,60000,0.0,0.0
2002-05-21 00:00:00+09:00,0.15177232662117365,0.1525318011911969,0.14190739393234253,0.14190739393234253,60000,0.0,0.0
2002-05-22 00:00:00+09:00,0.14038940486735302,0.14418403804302216,0.14038940486735302,0.14418403804302216,30000,0.0,0.0
2002-05-23 00:00:00+09:00,0.14342544294418588,0.14342544294418588,0.13507762618963187,0.13659566640853882,26400,0.0,0.0
2002-05-24 00:00:00+09:00,0.1365956654458063,0.1365956654458063,0.12900640070438385,0.12900640070438385,24000,0.0,0.0
2002-05-27 00:00:00+09:00,0.1297658685788027,0.13507761814891184,0.1297658685788027,0.13280102610588074,20400,0.0,0.0
2002-05-28 00:00:00+09:00,0.1335595911866198,0.1335595911866198,0.1290063935447479,0.12976586818695068,30000,0.0,0.0
2002-05-29 00:00:00+09:00,0.1290063933295466,0.12976586797048248,0.1267298012971878,0.1267298012971878,10800,0.0,0.0
2002-05-30 00:00:00+09:00,0.1259712360268351,0.12976586818695068,0.1244532094724349,0.12976586818695068,30000,0.0,0.0
2002-05-31 00:00:00+09:00,0.13280102610588074,0.13507761814891184,0.13280102610588074,0.13280102610588074,13200,0.0,0.0
2002-06-03 00:00:00+09:00,0.1388722505371399,0.14570202667688828,0.1388722505371399,0.1403893679380417,30000,0.0,0.0
2002-06-04 00:00:00+09:00,0.14418400011553587,0.14418400011553587,0.13735421040622853,0.1403893679380417,26400,0.0,0.0
2002-06-05 00:00:00+09:00,0.13963080942630768,0.1426659671097039,0.13963080942630768,0.13963080942630768,25200,0.0,0.0
2002-06-06 00:00:00+09:00,0.14266596018107777,0.1441840003140795,0.14038936813136008,0.14342543482780457,30000,0.0,0.0
2002-06-07 00:00:00+09:00,0.14038938278188764,0.14721917321333192,0.14038938278188764,0.1464606076478958,30000,0.0,0.0
2002-06-10 00:00:00+09:00,0.14797864112075554,0.1548084318637848,0.14797864112075554,0.1548084318637848,60000,0.0,0.0
2002-06-11 00:00:00+09:00,0.1548084360297724,0.18516273067081868,0.1548084360297724,0.17833293974399567,240000,0.0,0.0
2002-06-12 00:00:00+09:00,0.16467337329083517,0.16467337329083517,0.15177237048376685,0.16163821518421173,60000,0.0,0.0
2002-06-13 00:00:00+09:00,0.16315531617241658,0.16315531617241658,0.15177234232602982,0.15860211849212646,30000,0.0,0.0
2002-06-14 00:00:00+09:00,0.1502552396004259,0.15177235715541512,0.14494256675243378,0.14494256675243378,25200,0.0,0.0
2002-06-17 00:00:00+09:00,0.15253180825713075,0.15556696562718758,0.13583617660559205,0.13811276853084564,30000,0.0,0.0
2002-06-18 00:00:00+09:00,0.15253180825713075,0.15556696562718758,0.13583617660559205,0.13811276853084564,30000,0.0,0.0
2002-06-19 00:00:00+09:00,0.1517723417405146,0.1517723417405146,0.1403893679380417,0.1403893679380417,30000,0.0,0.0
2002-06-20 00:00:00+09:00,0.13659566640853882,0.1381127838973827,0.13280103401108284,0.13659566640853882,30000,0.0,0.0
2002-06-21 00:00:00+09:00,0.1350776261678787,0.1350776261678787,0.13280103398969628,0.13355959951877594,30000,0.0,0.0
2002-06-24 00:00:00+09:00,0.1305244409125916,0.1305244409125916,0.12521269106372918,0.12900640070438385,30000,0.0,0.0
2002-06-25 00:00:00+09:00,0.12900641519889114,0.13659568079300505,0.12900641519889114,0.13507764041423798,22800,0.0,0.0
2002-06-26 00:00:00+09:00,0.13507761774102,0.1365956578649791,0.12976586818695068,0.12976586818695068,16800,0.0,0.0
2002-06-27 00:00:00+09:00,0.13052444067161423,0.13052444067161423,0.1259712427854538,0.1259712427854538,22800,0.0,0.0
2002-06-28 00:00:00+09:00,0.12672980854188037,0.12900640070438385,0.12521269106372918,0.12900640070438385,30000,0.0,0.0
2002-07-01 00:00:00+09:00,0.12824784141861456,0.12824784141861456,0.1259712358166969,0.1267298012971878,25200,0.0,0.0
2002-07-02 00:00:00+09:00,0.12597123618688094,0.12597123618688094,0.12293609223467089,0.1252126842737198,15600,0.0,0.0
2002-07-03 00:00:00+09:00,0.12141808070000469,0.1290064240867553,0.12141808070000469,0.12824787199497223,30000,0.0,0.0
2002-07-04 00:00:00+09:00,0.1290064011644777,0.1290064011644777,0.1267298089938549,0.12748928368091583,20400,0.0,0.0
2002-07-05 00:00:00+09:00,0.12672980166960102,0.12672980166960102,0.12369464414783204,0.1252126842737198,24000,0.0,0.0
2002-07-08 00:00:00+09:00,0.1252126842737198,0.1252126842737198,0.12217661759150321,0.1252126842737198,30000,0.0,0.0
2002-07-09 00:00:00+09:00,0.12445321637937687,0.12900640070438385,0.12369465085552145,0.12900640070438385,30000,0.0,0.0
2002-07-10 00:00:00+09:00,0.12976587538873618,0.13811278292395748,0.12597124301802495,0.12900640070438385,60000,0.0,0.0
2002-07-11 00:00:00+09:00,0.12824784179548876,0.12824784179548876,0.1252126842737198,0.1252126842737198,14400,0.0,0.0
2002-07-12 00:00:00+09:00,0.12521269147801814,0.12521269147801814,0.12445321679115295,0.12445321679115295,16800,0.0,0.0
2002-07-15 00:00:00+09:00,0.12293609153893902,0.1236946434478073,0.1214180514216423,0.1214180514216423,18000,0.0,0.0
2002-07-16 00:00:00+09:00,0.12141805908546942,0.12141805908546942,0.11914146691560745,0.11914146691560745,6000,0.0,0.0
2002-07-17 00:00:00+09:00,0.11610630965158128,0.11610630965158128,0.11382971747324593,0.11458828300237656,15600,0.0,0.0
2002-07-18 00:00:00+09:00,0.116106316447258,0.116106316447258,0.1115531318240904,0.116106316447258,9600,0.0,0.0
2002-07-19 00:00:00+09:00,0.11610630919249652,0.11610630919249652,0.11231168359518051,0.11231168359518051,19200,0.0,0.0
2002-07-22 00:00:00+09:00,0.11003509142584682,0.11382971702316282,0.11003509142584682,0.11231168359518051,14400,0.0,0.0
2002-07-23 00:00:00+09:00,0.11231168381229983,0.11307024255511768,0.11003509163856506,0.11003509163856506,18000,0.0,0.0
2002-07-24 00:00:00+09:00,0.11079365015029907,0.11079365015029907,0.11003509140906337,0.11079365015029907,9600,0.0,0.0
2002-07-25 00:00:00+09:00,0.11231169132760369,0.11231169132760369,0.1115531325340271,0.1115531325340271,15600,0.0,0.0
2002-07-26 00:00:00+09:00,0.11231169132760369,0.11231169132760369,0.1115531325340271,0.1115531325340271,15600,0.0,0.0
2002-07-29 00:00:00+09:00,0.10548190047684834,0.10548190047684834,0.10168727487325668,0.10168727487325668,60000,0.0,0.0
2002-07-30 00:00:00+09:00,0.09941067546115293,0.10017015014556968,0.09182233344914324,0.09561695903539658,90000,0.0,0.0
2002-07-31 00:00:00+09:00,0.09106378265143084,0.09409893381795478,0.09106378265143084,0.09258090704679489,90000,0.0,0.0
2002-08-01 00:00:00+09:00,0.08954574190997218,0.08954574190997218,0.07740420870324538,0.08195739984512329,360000,0.0,0.0
2002-08-02 00:00:00+09:00,0.08954574148095255,0.09713408350944519,0.08954574148095255,0.09713408350944519,180000,0.0,0.0
2002-08-05 00:00:00+09:00,0.09713408350944519,0.09713408350944519,0.09713408350944519,0.09713408350944519,0,0.0,0.0
2002-08-06 00:00:00+09:00,0.12141805896705597,0.12445321666026517,0.09713408350944519,0.09713408350944519,300000,0.0,0.0
2002-08-07 00:00:00+09:00,0.09561695946816706,0.0971340837380934,0.08347451713052956,0.09106377512216568,120000,0.0,0.0
2002-08-08 00:00:00+09:00,0.0865105837199192,0.09106377483641277,0.08195739938820545,0.08347451686859131,60000,0.0,0.0
2002-08-09 00:00:00+09:00,0.08271595812877054,0.08347451686896688,0.07968080043792725,0.07968080043792725,60000,0.0,0.0
2002-08-12 00:00:00+09:00,0.08347452379087553,0.09030430763959885,0.08119793143622789,0.09030430763959885,30000,0.0,0.0
2002-08-13 00:00:00+09:00,0.08954574143099585,0.0986521168812622,0.0842339915731083,0.08499255031347275,60000,0.0,0.0
2002-08-14 00:00:00+09:00,0.08726913376451462,0.08726913376451462,0.08119791029931095,0.0827159434556961,19200,0.0,0.0
2002-08-15 00:00:00+09:00,0.08195738485006134,0.08423397661208128,0.08195738485006134,0.0827159434556961,13200,0.0,0.0
2002-08-16 00:00:00+09:00,0.08347451733396719,0.08726914973142316,0.08195739984512329,0.08195739984512329,27600,0.0,0.0
2002-08-19 00:00:00+09:00,0.08271596623993317,0.08271596623993317,0.08043937385082245,0.08043937385082245,25200,0.0,0.0
2002-08-20 00:00:00+09:00,0.08119793266540339,0.08119793266540339,0.07740421586235029,0.08043937385082245,25200,0.0,0.0
2002-08-21 00:00:00+09:00,0.07968080846061182,0.07968080846061182,0.07588618248701096,0.07588618248701096,30000,0.0,0.0
2002-08-22 00:00:00+09:00,0.07505110259631088,0.07505110259631088,0.06761483612687025,0.07209153473377228,90000,0.0,0.0
2002-08-23 00:00:00+09:00,0.07209153473377228,0.07209153473377228,0.07209153473377228,0.07209153473377228,0,0.0,0.0
2002-08-26 00:00:00+09:00,0.07224363039437502,0.08043937385082245,0.07224363039437502,0.08043937385082245,30000,0.0,0.0
2002-08-27 00:00:00+09:00,0.08423399155406232,0.08423399155406232,0.0804393659625415,0.08347451686859131,27600,0.0,0.0
2002-08-28 00:00:00+09:00,0.08726914924489196,0.08726914924489196,0.08347451686859131,0.08347451686859131,30000,0.0,0.0
2002-08-29 00:00:00+09:00,0.08043936594313322,0.0819573993684309,0.0781627669930458,0.0781627669930458,25200,0.0,0.0
2002-08-30 00:00:00+09:00,0.07816276004739722,0.08271595075818954,0.07588616808439069,0.07892132550477982,30000,0.0,0.0
2002-09-02 00:00:00+09:00,0.07892132481177952,0.07892132481177952,0.07436813414096832,0.07436813414096832,27600,0.0,0.0
2002-09-03 00:00:00+09:00,0.07892133297686914,0.08195739984512329,0.07892133297686914,0.08195739984512329,30000,0.0,0.0
2002-09-04 00:00:00+09:00,0.07588618248701096,0.07588618248701096,0.07436814890849654,0.07588618248701096,28800,0.0,0.0
2002-09-05 00:00:00+09:00,0.07892132550477982,0.07968079333780041,0.07892132550477982,0.07892132550477982,18000,0.0,0.0
2002-09-06 00:00:00+09:00,0.07740421215884996,0.07740421215884996,0.07436814515505476,0.07550644129514694,24000,0.0,0.0
2002-09-09 00:00:00+09:00,0.07550644510603977,0.07588618248701096,0.07550644510603977,0.07588618248701096,21600,0.0,0.0
2002-09-10 00:00:00+09:00,0.0758861714767489,0.0758861714767489,0.07520319521427155,0.07520319521427155,19200,0.0,0.0
2002-09-11 00:00:00+09:00,0.07520320612544112,0.07588618248701096,0.07520320612544112,0.07588618248701096,18000,0.0,0.0
2002-09-12 00:00:00+09:00,0.07588618239497488,0.07588618239497488,0.07436814881830157,0.07497554272413254,15600,0.0,0.0
2002-09-13 00:00:00+09:00,0.0743681335607332,0.0743681335607332,0.06905638426542282,0.06905638426542282,30000,0.0,0.0
2002-09-16 00:00:00+09:00,0.06905638426542282,0.06905638426542282,0.06905638426542282,0.06905638426542282,0,0.0,0.0
2002-09-17 00:00:00+09:00,0.0686766508095417,0.06981494683592682,0.0686766508095417,0.06943612545728683,30000,0.0,0.0
2002-09-18 00:00:00+09:00,0.06943614365099955,0.07019470255227028,0.06905640622762788,0.06981496512889862,21600,0.0,0.0
2002-09-19 00:00:00+09:00,0.06913197439650456,0.0698914490862097,0.06829783320426941,0.06829783320426941,30000,0.0,0.0
2002-09-20 00:00:00+09:00,0.06829782886223462,0.06829782886223462,0.06609681248664856,0.06609681248664856,19200,0.0,0.0
2002-09-23 00:00:00+09:00,0.06609681248664856,0.06609681248664856,0.06609681248664856,0.06609681248664856,0,0.0,0.0
2002-09-24 00:00:00+09:00,0.06450319659001286,0.06450319659001286,0.05934261193670496,0.06070857122540474,30000,0.0,0.0
2002-09-25 00:00:00+09:00,0.06070857122540474,0.060785062828720746,0.06070857122540474,0.06070857122540474,21600,0.0,0.0
2002-09-26 00:00:00+09:00,0.06070857122540474,0.061468045865460355,0.06070857122540474,0.06070857122540474,9600,0.0,0.0
2002-09-27 00:00:00+09:00,0.06078506637403794,0.06457878279947243,0.06070857476626052,0.06450320035219193,30000,0.0,0.0
2002-09-30 00:00:00+09:00,0.06450320471604999,0.06450320471604999,0.06146805360913277,0.06146805360913277,16800,0.0,0.0
2002-10-01 00:00:00+09:00,0.061468049653991066,0.06222660839557648,0.061468049653991066,0.06222660839557648,8400,0.0,0.0
2002-10-02 00:00:00+09:00,0.0622266123995274,0.0622266123995274,0.06070857887339943,0.06146805360913277,30000,0.0,0.0
2002-10-03 00:00:00+09:00,0.06070857498277414,0.06374464184045792,0.06063299253522408,0.06374464184045792,60000,0.0,0.0
2002-10-04 00:00:00+09:00,0.06374464163383009,0.06746277561319229,0.0622266082099089,0.06602123379707336,60000,0.0,0.0
2002-10-07 00:00:00+09:00,0.06753835117211678,0.07133297637225931,0.06366814353237799,0.07057441771030426,30000,0.0,0.0
2002-10-08 00:00:00+09:00,0.06829782613827208,0.07436813414096832,0.06753835152714112,0.07436813414096832,60000,0.0,0.0
2002-10-09 00:00:00+09:00,0.07436814142071858,0.08043936596290342,0.07436814142071858,0.07968080043792725,90000,0.0,0.0
2002-10-10 00:00:00+09:00,0.07816276725717508,0.09106377512216568,0.07436814165374694,0.09106377512216568,150000,0.0,0.0
2002-10-11 00:00:00+09:00,0.08651057601159926,0.08651057601159926,0.07588616808439069,0.07892132550477982,30000,0.0,0.0
2002-10-14 00:00:00+09:00,0.07892132550477982,0.07892132550477982,0.07892132550477982,0.07892132550477982,0,0.0,0.0
2002-10-15 00:00:00+09:00,0.07740420069511529,0.07740420069511529,0.07209154219795232,0.07436813414096832,30000,0.0,0.0
2002-10-16 00:00:00+09:00,0.07550644129514694,0.07550644129514694,0.07550644129514694,0.07550644129514694,6000,0.0,0.0
2002-10-17 00:00:00+09:00,0.07474788636899485,0.07474788636899485,0.07171272836932659,0.0728510245680809,15600,0.0,0.0
2002-10-18 00:00:00+09:00,0.07436814921025293,0.07588618279492693,0.07436814921025293,0.07512762397527695,9600,0.0,0.0
2002-10-21 00:00:00+09:00,0.07664473358658569,0.08043936596290342,0.07664473358658569,0.07968080043792725,24000,0.0,0.0
2002-10-22 00:00:00+09:00,0.0781627669930458,0.0781627669930458,0.0774042082530359,0.0781627669930458,14400,0.0,0.0
2002-10-23 00:00:00+09:00,0.0774042159318924,0.0774042159318924,0.07588618235599877,0.0774042159318924,14400,0.0,0.0
2002-10-24 00:00:00+09:00,0.07664472609758377,0.07664472609758377,0.07664472609758377,0.07664472609758377,8400,0.0,0.0
2002-10-25 00:00:00+09:00,0.07664472608398434,0.07740420069511529,0.07436813414096832,0.07436813414096832,30000,0.0,0.0
2002-10-28 00:00:00+09:00,0.07360957562923431,0.07360957562923431,0.0705744182291381,0.07360957562923431,30000,0.0,0.0
2002-10-29 00:00:00+09:00,0.07360957562923431,0.07360957562923431,0.07360957562923431,0.07360957562923431,0,0.0,0.0
2002-10-30 00:00:00+09:00,0.07057442911283612,0.07057442911283612,0.07049793750047684,0.07049793750047684,8400,0.0,0.0
2002-10-31 00:00:00+09:00,0.06973936775377383,0.06973936775377383,0.06450320035219193,0.06450320035219193,15600,0.0,0.0
2002-11-01 00:00:00+09:00,0.0636681502324077,0.06374464184045792,0.06078506659082435,0.06374464184045792,27600,0.0,0.0
2002-11-04 00:00:00+09:00,0.06374464184045792,0.06374464184045792,0.06374464184045792,0.06374464184045792,0,0.0,0.0
2002-11-05 00:00:00+09:00,0.06070857122540474,0.06108830854543255,0.06070857122540474,0.06070857122540474,25200,0.0,0.0
2002-11-06 00:00:00+09:00,0.060708578955673984,0.060708578955673984,0.05995002016425133,0.05995002016425133,30000,0.0,0.0
2002-11-07 00:00:00+09:00,0.05767342075705528,0.05767342075705528,0.05767342075705528,0.05767342075705528,15600,0.0,0.0
2002-11-08 00:00:00+09:00,0.057673417261495,0.057673417261495,0.056155387225677256,0.056914858520030975,7200,0.0,0.0
2002-11-11 00:00:00+09:00,0.05539682489242561,0.05919145047664642,0.05539682489242561,0.05919145047664642,16800,0.0,0.0
2002-11-12 00:00:00+09:00,0.05737017478414044,0.06070857122540474,0.05737017478414044,0.06070857122540474,8400,0.0,0.0
2002-11-13 00:00:00+09:00,0.06108831210843668,0.06450320035219193,0.06108831210843668,0.06450320035219193,13200,0.0,0.0
2002-11-14 00:00:00+09:00,0.06450318745490216,0.07209153473377228,0.06450318745490216,0.07209153473377228,19200,0.0,0.0
2002-11-15 00:00:00+09:00,0.06450320057431137,0.06753835827112198,0.06450320057431137,0.06753835827112198,3600,0.0,0.0
2002-11-18 00:00:00+09:00,0.0690563916997773,0.07057442512843262,0.06753835827112198,0.06753835827112198,90000,0.0,0.0
2002-11-19 00:00:00+09:00,0.06677979300109904,0.07360957562923431,0.06602122754878818,0.07360957562923431,180000,0.0,0.0
2002-11-20 00:00:00+09:00,0.07057442498967895,0.07968080043792725,0.07057442498967895,0.07968080043792725,30000,0.0,0.0
2002-11-21 00:00:00+09:00,0.07968080045558522,0.08499255031347275,0.07968080045558522,0.08499255031347275,60000,0.0,0.0
2002-11-22 00:00:00+09:00,0.08195739940673667,0.08499255031347275,0.08195739940673667,0.08499255031347275,60000,0.0,0.0
2002-11-25 00:00:00+09:00,0.08347451019706557,0.0872691422700882,0.08271595151749887,0.0872691422700882,30000,0.0,0.0
2002-11-26 00:00:00+09:00,0.08651059120893478,0.08651059120893478,0.0834745240947818,0.08651059120893478,14400,0.0,0.0
2002-11-27 00:00:00+09:00,0.0834745240947818,0.08651059120893478,0.0834745240947818,0.08651059120893478,30000,0.0,0.0
2002-11-28 00:00:00+09:00,0.08575111581922802,0.08575111581922802,0.08195739938820545,0.08347451686859131,60000,0.0,0.0
2002-11-29 00:00:00+09:00,0.0834745240947818,0.08651059120893478,0.0834745240947818,0.08651059120893478,90000,0.0,0.0
2002-12-02 00:00:00+09:00,0.08651059120893478,0.08651059120893478,0.08651059120893478,0.08651059120893478,0,0.0,0.0
2002-12-03 00:00:00+09:00,0.08499255031347275,0.08499255031347275,0.08499255031347275,0.08499255031347275,12000,0.0,0.0
2002-12-04 00:00:00+09:00,0.08195739984512329,0.08195739984512329,0.08195739984512329,0.08195739984512329,13200,0.0,0.0
2002-12-05 00:00:00+09:00,0.08195739938820545,0.08423399155406232,0.08195739938820545,0.08347451686859131,14400,0.0,0.0
2002-12-06 00:00:00+09:00,0.08347451686859131,0.08347451686859131,0.08347451686859131,0.08347451686859131,12000,0.0,0.0
2002-12-09 00:00:00+09:00,0.0827159434556961,0.0827159434556961,0.0827159434556961,0.0827159434556961,9600,0.0,0.0
2002-12-10 00:00:00+09:00,0.07968079333780041,0.07968079333780041,0.07816276004739722,0.07892132550477982,12000,0.0,0.0
2002-12-11 00:00:00+09:00,0.0781627669930458,0.0781627669930458,0.0781627669930458,0.0781627669930458,12000,0.0,0.0
2002-12-12 00:00:00+09:00,0.0751276236704389,0.07816277488209741,0.0751276236704389,0.07588618248701096,16800,0.0,0.0
2002-12-13 00:00:00+09:00,0.07209155680592896,0.07588618279492693,0.07209155680592896,0.07512762397527695,15600,0.0,0.0
2002-12-16 00:00:00+09:00,0.07512760097357242,0.07512760097357242,0.07209153473377228,0.07209153473377228,14400,0.0,0.0
2002-12-17 00:00:00+09:00,0.07209153473377228,0.07209153473377228,0.07209153473377228,0.07209153473377228,28800,0.0,0.0
2002-12-18 00:00:00+09:00,0.07209153473377228,0.07209153473377228,0.07133296936159057,0.07209153473377228,12000,0.0,0.0
2002-12-19 00:00:00+09:00,0.06753835827112198,0.06753835827112198,0.06753835827112198,0.06753835827112198,7200,0.0,0.0
2002-12-20 00:00:00+09:00,0.0667797997481333,0.0667797997481333,0.06526176631450653,0.06526176631450653,10800,0.0,0.0
2002-12-23 00:00:00+09:00,0.06526176631450653,0.06526176631450653,0.06526176631450653,0.06526176631450653,0,0.0,0.0
2002-12-24 00:00:00+09:00,0.06526176610879965,0.06526176610879965,0.06374464184045792,0.06374464184045792,30000,0.0,0.0
2002-12-25 00:00:00+09:00,0.06374463513237871,0.07057441771030426,0.06374463513237871,0.07057441771030426,16800,0.0,0.0
2002-12-26 00:00:00+09:00,0.07057442845981876,0.07247128337621689,0.07057442845981876,0.07247128337621689,19200,0.0,0.0
2002-12-27 00:00:00+09:00,0.07247128337621689,0.07247128337621689,0.07247128337621689,0.07247128337621689,10800,0.0,0.0
2002-12-30 00:00:00+09:00,0.0723956972360611,0.0723956972360611,0.0723956972360611,0.0723956972360611,8400,0.0,0.0
2002-12-31 00:00:00+09:00,0.0723956972360611,0.0723956972360611,0.0723956972360611,0.0723956972360611,0,0.0,0.0
2003-01-01 00:00:00+09:00,0.0723956972360611,0.0723956972360611,0.0723956972360611,0.0723956972360611,0,0.0,0.0
2003-01-02 00:00:00+09:00,0.0723956972360611,0.0723956972360611,0.0723956972360611,0.0723956972360611,0,0.0,0.0
2003-01-03 00:00:00+09:00,0.0723956972360611,0.0723956972360611,0.0723956972360611,0.0723956972360611,0,0.0,0.0
2003-01-06 00:00:00+09:00,0.07209153473377228,0.07209153473377228,0.07209153473377228,0.07209153473377228,7200,0.0,0.0
2003-01-07 00:00:00+09:00,0.07209153473377228,0.07209153473377228,0.07209153473377228,0.07209153473377228,7200,0.0,0.0
2003-01-08 00:00:00+09:00,0.0720159741350284,0.0728510245680809,0.0720159741350284,0.0728510245680809,16800,0.0,0.0
2003-01-09 00:00:00+09:00,0.07285101017692346,0.07360957562923431,0.07285101017692346,0.07360957562923431,13200,0.0,0.0
2003-01-10 00:00:00+09:00,0.07353400763692228,0.07588618248701096,0.07353400763692228,0.07588618248701096,30000,0.0,0.0
2003-01-13 00:00:00+09:00,0.07588618248701096,0.07588618248701096,0.07588618248701096,0.07588618248701096,0,0.0,0.0
2003-01-14 00:00:00+09:00,0.07588617484638935,0.07968080043792725,0.07588617484638935,0.07968080043792725,18000,0.0,0.0
2003-01-15 00:00:00+09:00,0.07968080043756874,0.08347451686859131,0.07892133253687757,0.08347451686859131,30000,0.0,0.0
2003-01-16 00:00:00+09:00,0.08347451686859131,0.08347451686859131,0.08195739938820545,0.08347451686859131,7200,0.0,0.0
2003-01-17 00:00:00+09:00,0.08195739984512329,0.08195739984512329,0.08195739984512329,0.08195739984512329,7200,0.0,0.0
2003-01-20 00:00:00+09:00,0.08195739136592649,0.08195739136592649,0.07436813414096832,0.07436813414096832,8400,0.0,0.0
2003-01-21 00:00:00+09:00,0.07436813414096832,0.07436813414096832,0.07436813414096832,0.07436813414096832,0,0.0,0.0
2003-01-22 00:00:00+09:00,0.07436813414096832,0.07436813414096832,0.07436813414096832,0.07436813414096832,4800,0.0,0.0
2003-01-23 00:00:00+09:00,0.07436813414096832,0.07436813414096832,0.07436813414096832,0.07436813414096832,1200,0.0,0.0
2003-01-24 00:00:00+09:00,0.07436813414096832,0.07436813414096832,0.07360957547502579,0.07436813414096832,9600,0.0,0.0
2003-01-27 00:00:00+09:00,0.07436813414096832,0.07436813414096832,0.07436813414096832,0.07436813414096832,10800,0.0,0.0
2003-01-28 00:00:00+09:00,0.07436813414096832,0.07436813414096832,0.07436813414096832,0.07436813414096832,7200,0.0,0.0
2003-01-29 00:00:00+09:00,0.07436813414096832,0.07436813414096832,0.07436813414096832,0.07436813414096832,4800,0.0,0.0
2003-01-30 00:00:00+09:00,0.07360959017024053,0.07360959017024053,0.0728510245680809,0.0728510245680809,6000,0.0,0.0
2003-01-31 00:00:00+09:00,0.0728510245680809,0.0728510245680809,0.0728510245680809,0.0728510245680809,1200,0.0,0.0
2003-02-03 00:00:00+09:00,0.0728510245680809,0.0728510245680809,0.0728510245680809,0.0728510245680809,0,0.0,0.0
2003-02-04 00:00:00+09:00,0.0728510245680809,0.0728510245680809,0.0728510245680809,0.0728510245680809,0,0.0,0.0
2003-02-05 00:00:00+09:00,0.0728510245680809,0.0728510245680809,0.0728510245680809,0.0728510245680809,0,0.0,0.0
2003-02-06 00:00:00+09:00,0.07209154163547962,0.07285100945590589,0.06905638426542282,0.06905638426542282,30000,0.0,0.0
2003-02-07 00:00:00+09:00,0.0690563916997773,0.0690563916997773,0.06753835827112198,0.06753835827112198,6000,0.0,0.0
2003-02-10 00:00:00+09:00,0.06753835827112198,0.06753835827112198,0.06753835827112198,0.06753835827112198,1200,0.0,0.0
2003-02-11 00:00:00+09:00,0.06753835827112198,0.06753835827112198,0.06753835827112198,0.06753835827112198,0,0.0,0.0
2003-02-12 00:00:00+09:00,0.06753835827112198,0.06753835827112198,0.06753835827112198,0.06753835827112198,12000,0.0,0.0
2003-02-13 00:00:00+09:00,0.07209153473377228,0.07209153473377228,0.07209153473377228,0.07209153473377228,4800,0.0,0.0
2003-02-14 00:00:00+09:00,0.07209153473377228,0.07209153473377228,0.07209153473377228,0.07209153473377228,4800,0.0,0.0
2003-02-17 00:00:00+09:00,0.07209154234898062,0.07436813429676598,0.07209154234898062,0.07360957562923431,12000,0.0,0.0
2003-02-18 00:00:00+09:00,0.0728510100243041,0.07512760875209928,0.0728510100243041,0.07436813414096832,10800,0.0,0.0
2003-02-19 00:00:00+09:00,0.07436813429676598,0.07436813429676598,0.07360957562923431,0.07360957562923431,3600,0.0,0.0
2003-02-20 00:00:00+09:00,0.07360957547502579,0.07436813414096832,0.07209154219795232,0.07436813414096832,18000,0.0,0.0
2003-02-21 00:00:00+09:00,0.07436813414096832,0.07436813414096832,0.07436813414096832,0.07436813414096832,15600,0.0,0.0
2003-02-24 00:00:00+09:00,0.0743681347939875,0.07892132550477982,0.0743681347939875,0.07892132550477982,30000,0.0,0.0
2003-02-25 00:00:00+09:00,0.07892133253687757,0.08347451686859131,0.07588617484604793,0.08347451686859131,30000,0.0,0.0
2003-02-26 00:00:00+09:00,0.08347451686896688,0.08347451686896688,0.07968080043792725,0.07968080043792725,3600,0.0,0.0
2003-02-27 00:00:00+09:00,0.07892132550477982,0.07892132550477982,0.07892132550477982,0.07892132550477982,3600,0.0,0.0
2003-02-28 00:00:00+09:00,0.07892132550477982,0.07892132550477982,0.07892132550477982,0.07892132550477982,3600,0.0,0.0
2003-03-03 00:00:00+09:00,0.07892132550477982,0.07892132550477982,0.07892132550477982,0.07892132550477982,6000,0.0,0.0
2003-03-04 00:00:00+09:00,0.07892132550477982,0.07892132550477982,0.07892132550477982,0.07892132550477982,6000,0.0,0.0
2003-03-05 00:00:00+09:00,0.07892132550477982,0.07892132550477982,0.07892132550477982,0.07892132550477982,3600,0.0,0.0
2003-03-06 00:00:00+09:00,0.07892133253723264,0.07968080043792725,0.07892133253723264,0.07968080043792725,7200,0.0,0.0
2003-03-07 00:00:00+09:00,0.0781627669930458,0.0781627669930458,0.0781627669930458,0.0781627669930458,2400,0.0,0.0
2003-03-10 00:00:00+09:00,0.0781627669930458,0.0781627669930458,0.0781627669930458,0.0781627669930458,4800,0.0,0.0
2003-03-11 00:00:00+09:00,0.07816277488209741,0.07816277488209741,0.07588618248701096,0.07588618248701096,10800,0.0,0.0
2003-03-12 00:00:00+09:00,0.07588618248701096,0.07588618248701096,0.07588618248701096,0.07588618248701096,4800,0.0,0.0
2003-03-13 00:00:00+09:00,0.07588618248701096,0.07588618248701096,0.07588618248701096,0.07588618248701096,4800,0.0,0.0
2003-03-14 00:00:00+09:00,0.07588618248701096,0.07588618248701096,0.07588618248701096,0.07588618248701096,0,0.0,0.0
2003-03-17 00:00:00+09:00,0.07588618248701096,0.07588618248701096,0.07588618248701096,0.07588618248701096,4800,0.0,0.0
2003-03-18 00:00:00+09:00,0.07588618248701096,0.07588618248701096,0.07588618248701096,0.07588618248701096,7200,0.0,0.0
2003-03-19 00:00:00+09:00,0.07588618279492693,0.07588618279492693,0.07512762397527695,0.07512762397527695,4800,0.0,0.0
2003-03-20 00:00:00+09:00,0.07512762397527695,0.07512762397527695,0.07512762397527695,0.07512762397527695,4800,0.0,0.0
2003-03-21 00:00:00+09:00,0.07512762397527695,0.07512762397527695,0.07512762397527695,0.07512762397527695,0,0.0,0.0
2003-03-24 00:00:00+09:00,0.07512762397527695,0.07512762397527695,0.07512762397527695,0.07512762397527695,0,0.0,0.0
2003-03-25 00:00:00+09:00,0.07360957562923431,0.07360957562923431,0.07360957562923431,0.07360957562923431,12000,0.0,0.0
2003-03-26 00:00:00+09:00,0.07360957562923431,0.07360957562923431,0.07360957562923431,0.07360957562923431,0,0.0,0.0
2003-03-27 00:00:00+09:00,0.07360957562923431,0.07360957562923431,0.07360957562923431,0.07360957562923431,0,0.0,0.0
2003-03-28 00:00:00+09:00,0.07360957562923431,0.07360957562923431,0.07360957562923431,0.07360957562923431,0,0.0,0.0
2003-03-31 00:00:00+09:00,0.06829783320426941,0.06829783320426941,0.06829783320426941,0.06829783320426941,4800,0.0,0.0
2003-04-01 00:00:00+09:00,0.06753835827112198,0.06753835827112198,0.06753835827112198,0.06753835827112198,2400,0.0,0.0
2003-04-02 00:00:00+09:00,0.06677979929947525,0.06677979929947525,0.06450320035219193,0.06450320035219193,12000,0.0,0.0
2003-04-03 00:00:00+09:00,0.06450320035219193,0.06450320035219193,0.06450320035219193,0.06450320035219193,0,0.0,0.0
2003-04-04 00:00:00+09:00,0.06450320035219193,0.06450320035219193,0.06450320035219193,0.06450320035219193,0,0.0,0.0
2003-04-07 00:00:00+09:00,0.06450320035219193,0.06450320035219193,0.06450320035219193,0.06450320035219193,1200,0.0,0.0
2003-04-08 00:00:00+09:00,0.06450320035219193,0.06450320035219193,0.06450320035219193,0.06450320035219193,0,0.0,0.0
2003-04-09 00:00:00+09:00,0.06450320035219193,0.06450320035219193,0.06450320035219193,0.06450320035219193,0,0.0,0.0
2003-04-10 00:00:00+09:00,0.0610883125389899,0.06829783320426941,0.0610883125389899,0.06829783320426941,2400,0.0,0.0
2003-04-11 00:00:00+09:00,0.06753835827112198,0.06753835827112198,0.06753835827112198,0.06753835827112198,1200,0.0,0.0
2003-04-14 00:00:00+09:00,0.06791809946298599,0.06791809946298599,0.06791809946298599,0.06791809946298599,1200,0.0,0.0
2003-04-15 00:00:00+09:00,0.06791809946298599,0.06791809946298599,0.06791809946298599,0.06791809946298599,0,0.0,0.0
2003-04-16 00:00:00+09:00,0.06791809946298599,0.06791809946298599,0.06791809946298599,0.06791809946298599,0,0.0,0.0
2003-04-17 00:00:00+09:00,0.06829783320426941,0.06829783320426941,0.06829783320426941,0.06829783320426941,2400,0.0,0.0
2003-04-18 00:00:00+09:00,0.06829783320426941,0.06829783320426941,0.06829783320426941,0.06829783320426941,0,0.0,0.0
2003-04-21 00:00:00+09:00,0.06829783320426941,0.06829783320426941,0.06829783320426941,0.06829783320426941,0,0.0,0.0
2003-04-22 00:00:00+09:00,0.06829783320426941,0.06829783320426941,0.06829783320426941,0.06829783320426941,0,0.0,0.0
2003-04-23 00:00:00+09:00,69.81556701660156,69.81556701660156,69.81556701660156,69.81556701660156,1200,0.0,0.0
2003-04-24 00:00:00+09:00,69.81556701660156,69.81556701660156,69.81556701660156,69.81556701660156,0,0.0,0.0
2003-04-25 00:00:00+09:00,69.81556701660156,69.81556701660156,69.81556701660156,69.81556701660156,6000,0.0,0.0
2003-04-28 00:00:00+09:00,69.81556701660156,69.81556701660156,69.81556701660156,69.81556701660156,0,0.0,0.0
2003-04-29 00:00:00+09:00,69.81556701660156,69.81556701660156,69.81556701660156,69.81556701660156,0,0.0,0.0
2003-04-30 00:00:00+09:00,68.2978286743164,68.2978286743164,68.2978286743164,68.2978286743164,4800,0.0,0.0
2003-05-01 00:00:00+09:00,68.2978286743164,68.2978286743164,68.2978286743164,68.2978286743164,0,0.0,0.0
2003-05-02 00:00:00+09:00,68.2978286743164,68.2978286743164,68.2978286743164,68.2978286743164,0,0.0,0.0
2003-05-05 00:00:00+09:00,68.2978286743164,68.2978286743164,68.2978286743164,68.2978286743164,0,0.0,0.0
2003-05-06 00:00:00+09:00,68.2978286743164,68.2978286743164,68.2978286743164,68.2978286743164,0,0.0,0.0
2003-05-07 00:00:00+09:00,68.2978286743164,68.2978286743164,68.2978286743164,68.2978286743164,2400,0.0,0.0
2003-05-08 00:00:00+09:00,68.2978286743164,68.2978286743164,68.2978286743164,68.2978286743164,0,0.0,0.0
2003-05-09 00:00:00+09:00,68.2978286743164,68.2978286743164,68.2978286743164,68.2978286743164,0,0.0,0.0
2003-05-12 00:00:00+09:00,68.2978286743164,68.2978286743164,68.2978286743164,68.2978286743164,0,0.0,0.0
2003-05-13 00:00:00+09:00,53.12053298950195,53.12053298950195,53.12053298950195,53.12053298950195,12000,0.0,0.0
2003-05-14 00:00:00+09:00,53.120536705901515,56.15599485447068,53.120536705901515,54.638267517089844,22800,0.0,0.0
2003-05-15 00:00:00+09:00,55.39712905883789,55.39712905883789,55.39712905883789,55.39712905883789,2400,0.0,0.0
2003-05-16 00:00:00+09:00,55.39712905883789,55.39712905883789,55.39712905883789,55.39712905883789,7200,0.0,0.0
2003-05-19 00:00:00+09:00,60.86096033363888,60.86096033363888,60.70918273925781,60.70918273925781,9600,0.0,0.0
2003-05-20 00:00:00+09:00,60.70917695648582,62.98577117919922,60.70917695648582,62.98577117919922,13200,0.0,0.0
2003-05-21 00:00:00+09:00,60.70918273925781,60.70918273925781,60.70918273925781,60.70918273925781,3600,0.0,0.0
2003-05-22 00:00:00+09:00,60.70918273925781,60.70918273925781,60.70918273925781,60.70918273925781,2400,0.0,0.0
2003-05-23 00:00:00+09:00,60.70918273925781,60.70918273925781,60.70918273925781,60.70918273925781,7200,0.0,0.0
2003-05-26 00:00:00+09:00,60.70918273925781,60.70918273925781,60.70918273925781,60.70918273925781,0,0.0,0.0
2003-05-27 00:00:00+09:00,62.2269172668457,62.2269172668457,62.2269172668457,62.2269172668457,1200,0.0,0.0
2003-05-28 00:00:00+09:00,67.5389633178711,67.5389633178711,67.5389633178711,67.5389633178711,6000,0.0,0.0
2003-05-29 00:00:00+09:00,66.78009033203125,66.78009033203125,66.78009033203125,66.78009033203125,2400,0.0,0.0
2003-05-30 00:00:00+09:00,66.78009033203125,66.78009033203125,66.78009033203125,66.78009033203125,2400,0.0,0.0
2003-06-02 00:00:00+09:00,66.021240234375,66.021240234375,66.021240234375,66.021240234375,1200,0.0,0.0
2003-06-03 00:00:00+09:00,65.9453514354753,66.021240234375,65.9453514354753,66.021240234375,4800,0.0,0.0
2003-06-04 00:00:00+09:00,66.09713745117188,66.09713745117188,66.09713745117188,66.09713745117188,1200,0.0,0.0
2003-06-05 00:00:00+09:00,66.78009033203125,66.78009033203125,66.78009033203125,66.78009033203125,1200,0.0,0.0
2003-06-06 00:00:00+09:00,62.98577117919922,62.98577117919922,62.98577117919922,62.98577117919922,2400,0.0,0.0
2003-06-09 00:00:00+09:00,66.78009033203125,66.78009033203125,66.78009033203125,66.78009033203125,2400,0.0,0.0
2003-06-10 00:00:00+09:00,66.78010738052684,66.78010738052684,66.021240234375,66.021240234375,6000,0.0,0.0
2003-06-11 00:00:00+09:00,66.78010146409196,68.2978286743164,66.78010146409196,68.2978286743164,8400,0.0,0.0
2003-06-12 00:00:00+09:00,68.29783451632541,69.05670166015625,68.22194571765783,69.05670166015625,21600,0.0,0.0
2003-06-13 00:00:00+09:00,69.05670166015625,69.05670166015625,69.05670166015625,69.05670166015625,0,0.0,0.0
2003-06-16 00:00:00+09:00,68.29783451632541,69.05670166015625,67.00776662466649,69.05670166015625,4800,0.0,0.0
2003-06-17 00:00:00+09:00,69.05670166015625,69.05670166015625,69.05670166015625,69.05670166015625,10800,0.0,0.0
2003-06-18 00:00:00+09:00,69.05669751441735,69.05669751441735,67.5389633178711,67.5389633178711,13200,0.0,0.0
2003-06-19 00:00:00+09:00,70.5744229634603,70.5744229634603,68.2978286743164,68.2978286743164,2400,0.0,0.0
2003-06-20 00:00:00+09:00,68.2978286743164,68.2978286743164,67.53896159539698,68.2978286743164,8400,0.0,0.0
2003-06-23 00:00:00+09:00,68.22193988214015,68.2978286743164,68.22193988214015,68.2978286743164,2400,0.0,0.0
2003-06-24 00:00:00+09:00,66.85597216394382,66.85597216394382,66.78009033203125,66.78009033203125,4800,0.0,0.0
2003-06-25 00:00:00+09:00,66.85597216394382,66.85597216394382,66.78009033203125,66.78009033203125,3600,0.0,0.0
2003-06-26 00:00:00+09:00,66.78010892394464,66.78010892394464,60.7091855096491,62.60634994506836,30000,0.0,0.0
2003-06-27 00:00:00+09:00,64.50350529275096,64.88293534733178,62.98577117919922,62.98577117919922,3600,0.0,0.0
2003-06-30 00:00:00+09:00,62.98577117919922,62.98577117919922,62.98577117919922,62.98577117919922,0,0.0,0.0
2003-07-01 00:00:00+09:00,64.57938385009766,64.57938385009766,64.57938385009766,64.57938385009766,2400,0.0,0.0
2003-07-02 00:00:00+09:00,65.2623519897461,65.2623519897461,65.2623519897461,65.2623519897461,2400,0.0,0.0
2003-07-03 00:00:00+09:00,68.29781728925472,68.29781728925472,66.02122337961289,66.78009033203125,13200,0.0,0.0
2003-07-04 00:00:00+09:00,68.2978286743164,68.2978286743164,66.78010146409196,68.2978286743164,15600,0.0,0.0
2003-07-07 00:00:00+09:00,68.29783472521552,68.29783472521552,66.021240234375,66.021240234375,6000,0.0,0.0
2003-07-08 00:00:00+09:00,66.17301931212059,67.53897618058832,66.09713745117188,66.09713745117188,4800,0.0,0.0
2003-07-09 00:00:00+09:00,66.09713745117188,66.09713745117188,66.09713745117188,66.09713745117188,0,0.0,0.0
2003-07-10 00:00:00+09:00,66.09713745117188,66.09713745117188,66.09713745117188,66.09713745117188,0,0.0,0.0
2003-07-11 00:00:00+09:00,67.53897236445569,69.81556701660156,67.53897236445569,69.81556701660156,19200,0.0,0.0
2003-07-14 00:00:00+09:00,70.57442066632467,72.09214782714844,70.57442066632467,72.09214782714844,8400,0.0,0.0
2003-07-15 00:00:00+09:00,70.57443237304688,70.57443237304688,69.81556519294878,70.57443237304688,7200,0.0,0.0
2003-07-16 00:00:00+09:00,69.8155536121057,72.09214782714844,69.8155536121057,72.09214782714844,6000,0.0,0.0
2003-07-17 00:00:00+09:00,68.2978286743164,68.2978286743164,68.2978286743164,68.2978286743164,8400,0.0,0.0
2003-07-18 00:00:00+09:00,68.2978286743164,68.2978286743164,68.2978286743164,68.2978286743164,0,0.0,0.0
2003-07-21 00:00:00+09:00,68.2978286743164,68.2978286743164,68.2978286743164,68.2978286743164,0,0.0,0.0
2003-07-22 00:00:00+09:00,66.78009033203125,66.78009033203125,66.78009033203125,66.78009033203125,6000,0.0,0.0
2003-07-23 00:00:00+09:00,68.29781728925472,68.29781728925472,66.78009033203125,66.78009033203125,3600,0.0,0.0
2003-07-24 00:00:00+09:00,66.78009033203125,66.78009033203125,66.78009033203125,66.78009033203125,0,0.0,0.0
2003-07-25 00:00:00+09:00,68.29783041614422,68.29783041614422,67.5389633178711,67.5389633178711,10800,0.0,0.0
2003-07-28 00:00:00+09:00,67.5389633178711,67.5389633178711,67.5389633178711,67.5389633178711,1200,0.0,0.0
2003-07-29 00:00:00+09:00,67.53896159539698,68.2978286743164,67.53896159539698,68.2978286743164,4800,0.0,0.0
2003-07-30 00:00:00+09:00,68.2978286743164,68.2978286743164,68.2978286743164,68.2978286743164,0,0.0,0.0
2003-07-31 00:00:00+09:00,68.2978286743164,68.2978286743164,68.2978286743164,68.2978286743164,1200,0.0,0.0
2003-08-01 00:00:00+09:00,68.2978286743164,68.2978286743164,68.2978286743164,68.2978286743164,1200,0.0,0.0
2003-08-04 00:00:00+09:00,68.2978286743164,68.2978286743164,68.2978286743164,68.2978286743164,3600,0.0,0.0
2003-08-05 00:00:00+09:00,68.2978286743164,68.2978286743164,67.53896159539698,68.2978286743164,9600,0.0,0.0
2003-08-06 00:00:00+09:00,667.8009643554688,667.8009643554688,667.8009643554688,667.8009643554688,30000,0.0,0.0
2003-08-07 00:00:00+09:00,667.8009643554688,667.8009643554688,667.8009643554688,667.8009643554688,0,0.0,0.0
2003-08-08 00:00:00+09:00,66.021240234375,66.021240234375,66.021240234375,66.021240234375,13200,0.0,0.0
2003-08-11 00:00:00+09:00,64.50351210505407,66.02123943128083,63.36521487348027,64.88294219970703,19200,0.0,0.0
2003-08-12 00:00:00+09:00,66.78009470990101,67.3871841430664,66.78009470990101,67.3871841430664,3600,0.0,0.0
2003-08-13 00:00:00+09:00,67.38719095865886,68.2978286743164,67.38719095865886,68.2978286743164,4800,0.0,0.0
2003-08-14 00:00:00+09:00,67.91839599609375,67.91839599609375,67.91839599609375,67.91839599609375,3600,0.0,0.0
2003-08-15 00:00:00+09:00,67.84251561954991,69.05670166015625,67.84251561954991,69.05670166015625,30000,0.0,0.0
2003-08-18 00:00:00+09:00,69.8155576650759,69.8155576650759,67.5389633178711,67.5389633178711,13200,0.0,0.0
2003-08-19 00:00:00+09:00,67.5389633178711,68.29783041614422,66.93187380782135,67.5389633178711,30000,0.0,0.0
2003-08-20 00:00:00+09:00,67.5389633178711,67.5389633178711,67.5389633178711,67.5389633178711,8400,0.0,0.0
2003-08-21 00:00:00+09:00,68.29781930980874,68.29781930980874,67.53895233493971,68.07015991210938,30000,0.0,0.0
2003-08-22 00:00:00+09:00,66.40066445082505,68.2978286743164,66.02123438517253,68.2978286743164,30000,0.0,0.0
2003-08-25 00:00:00+09:00,68.29782485961914,72.85101318359375,68.29782485961914,72.85101318359375,28800,0.0,0.0
2003-08-26 00:00:00+09:00,74.36874564962329,80.43966848263118,74.36874564962329,79.68080139160156,25200,0.0,0.0
2003-08-27 00:00:00+09:00,75.88648986816406,78.92194473851212,74.36875548537459,75.88648986816406,30000,0.0,0.0
2003-08-28 00:00:00+09:00,75.73470223574081,76.64533996582031,75.73470223574081,76.64533996582031,7200,0.0,0.0
2003-08-29 00:00:00+09:00,75.8864798401938,84.23399005199775,75.8864798401938,82.71626281738281,60000,0.0,0.0
2003-09-01 00:00:00+09:00,84.23398942213792,94.09923374240394,83.47512233669762,88.78717803955078,90000,0.0,0.0
2003-09-02 00:00:00+09:00,88.0283090640866,88.0283090640866,83.4751205444336,83.4751205444336,60000,0.0,0.0
2003-09-03 00:00:00+09:00,81.9573974609375,81.9573974609375,81.9573974609375,81.9573974609375,7200,0.0,0.0
2003-09-04 00:00:00+09:00,81.9573974609375,84.99285894202896,80.4396701941991,81.9573974609375,30000,0.0,0.0
2003-09-05 00:00:00+09:00,78.16307414769584,78.16307414769584,76.64533996582031,76.64533996582031,14400,0.0,0.0
2003-09-08 00:00:00+09:00,91.82263946533203,91.82263946533203,91.0637723796303,91.82263946533203,90000,0.0,0.0
2003-09-09 00:00:00+09:00,96.37582184000058,100.92901016397519,91.06376647949219,91.06376647949219,210000,0.0,0.0
2003-09-10 00:00:00+09:00,88.78717800679645,89.5460450919568,85.75171661376953,85.75171661376953,30000,0.0,0.0
2003-09-11 00:00:00+09:00,87.26944732666016,89.54604154433291,85.75171321646886,87.26944732666016,30000,0.0,0.0
2003-09-12 00:00:00+09:00,88.78717448923726,91.06376870691001,86.5105802715645,87.26944732666016,30000,0.0,0.0
2003-09-15 00:00:00+09:00,87.26944732666016,87.26944732666016,87.26944732666016,87.26944732666016,0,0.0,0.0
2003-09-16 00:00:00+09:00,88.7871805826823,102.44674682617188,88.7871805826823,102.44674682617188,120000,0.0,0.0
2003-09-17 00:00:00+09:00,105.48220280973504,105.48220280973504,98.65242004394531,98.65242004394531,60000,0.0,0.0
2003-09-18 00:00:00+09:00,98.65243223736205,98.65243223736205,91.82264862741272,94.0992431640625,30000,0.0,0.0
2003-09-19 00:00:00+09:00,96.37581996222319,97.89354705810547,91.82263172696247,97.89354705810547,30000,0.0,0.0
2003-09-22 00:00:00+09:00,98.65241378199462,100.92900789275132,94.85808563232422,94.85808563232422,28800,0.0,0.0
2003-09-23 00:00:00+09:00,94.85808563232422,94.85808563232422,94.85808563232422,94.85808563232422,0,0.0,0.0
2003-09-24 00:00:00+09:00,97.89355642541781,97.89355642541781,89.54604617788162,97.13468933105469,30000,0.0,0.0
2003-09-25 00:00:00+09:00,90.30489944295842,91.06376647949219,90.30489944295842,91.06376647949219,28800,0.0,0.0
2003-09-26 00:00:00+09:00,90.30490529392856,91.82263946533203,89.54604515584128,91.82263946533203,25200,0.0,0.0
2003-09-29 00:00:00+09:00,94.85809499557986,97.13468933105469,94.85809499557986,97.13468933105469,25200,0.0,0.0
2003-09-30 00:00:00+09:00,98.65242351978095,98.65242351978095,93.34036775446816,97.13468933105469,30000,0.0,0.0
2003-10-01 00:00:00+09:00,97.13469176980512,97.89355888322103,94.09923721137086,96.3758316040039,16800,0.0,0.0
2003-10-02 00:00:00+09:00,97.89355642541781,97.89355642541781,97.13468933105469,97.13468933105469,12000,0.0,0.0
2003-10-03 00:00:00+09:00,98.65242004394531,99.41128016395686,95.61695872105622,98.65242004394531,27600,0.0,0.0
2003-10-06 00:00:00+09:00,98.65242287539867,108.51766029960838,98.65242287539867,106.2410659790039,120000,0.0,0.0
2003-10-07 00:00:00+09:00,111.5531039948159,111.5531039948159,106.99991607666016,106.99991607666016,30000,0.0,0.0
2003-10-08 00:00:00+09:00,106.2410684668252,106.2410684668252,102.44674682617188,102.44674682617188,26400,0.0,0.0
2003-10-09 00:00:00+09:00,103.9644775390625,103.9644775390625,102.44675022201538,103.9644775390625,30000,0.0,0.0
2003-10-10 00:00:00+09:00,108.51765058760036,119.14175415039062,108.51765058760036,119.14175415039062,60000,0.0,0.0
2003-10-13 00:00:00+09:00,119.14175415039062,119.14175415039062,119.14175415039062,119.14175415039062,0,0.0,0.0
2003-10-14 00:00:00+09:00,141.90771484375,141.90771484375,141.90771484375,141.90771484375,30000,0.0,0.0
2003-10-15 00:00:00+09:00,164.67364501953125,164.67364501953125,164.67364501953125,164.67364501953125,30000,0.0,0.0
2003-10-16 00:00:00+09:00,176.81548783567516,194.26936747214862,164.6736428156964,180.60980224609375,390000,0.0,0.0
2003-10-17 00:00:00+09:00,180.6098333586393,187.4396171481916,169.22686037605212,172.2623291015625,240000,0.0,0.0
2003-10-20 00:00:00+09:00,169.98571424658428,169.98571424658428,151.77295964499413,153.29067993164062,60000,0.0,0.0
2003-10-21 00:00:00+09:00,151.77295499798814,151.77295499798814,122.93608979665866,128.24813842773438,90000,0.0,0.0
2003-10-22 00:00:00+09:00,132.80134026111162,138.87226351652834,130.52474577723413,138.1134033203125,90000,0.0,0.0
2003-10-23 00:00:00+09:00,130.52473573409236,136.5956585223858,115.34744265858764,118.38290405273438,30000,0.0,0.0
2003-10-24 00:00:00+09:00,122.93610184040726,137.35452890599564,122.93610184040726,126.73043060302734,60000,0.0,0.0
2003-10-27 00:00:00+09:00,130.52471070717888,138.87222620361942,130.52471070717888,131.28358459472656,16800,0.0,0.0
2003-10-28 00:00:00+09:00,140.38999823357526,140.38999823357526,130.5247461764463,132.04248046875,30000,0.0,0.0
2003-10-29 00:00:00+09:00,132.8012977343393,136.59562529082632,129.00698407307783,130.5247039794922,12000,0.0,0.0
2003-10-30 00:00:00+09:00,132.80133994894354,132.80133994894354,126.73043060302734,126.73043060302734,30000,0.0,0.0
2003-10-31 00:00:00+09:00,125.9715585426574,125.9715585426574,122.93610382080078,122.93610382080078,6000,0.0,0.0
2003-11-03 00:00:00+09:00,122.93610382080078,122.93610382080078,122.93610382080078,122.93610382080078,0,0.0,0.0
2003-11-04 00:00:00+09:00,132.04246491737698,132.04246491737698,125.97154235839844,125.97154235839844,25200,0.0,0.0
2003-11-05 00:00:00+09:00,130.52473936079107,131.28361341493155,127.4892848299171,129.00701904296875,30000,0.0,0.0
2003-11-06 00:00:00+09:00,129.00701058550192,129.00701058550192,125.97154235839844,125.97154235839844,6000,0.0,0.0
2003-11-07 00:00:00+09:00,124.45380956892522,124.45380956892522,122.17721557617188,122.17721557617188,12000,0.0,0.0
2003-11-10 00:00:00+09:00,106.24106039339202,111.55311584472656,106.24106039339202,111.55311584472656,30000,0.0,0.0
2003-11-11 00:00:00+09:00,109.2765237559443,109.2765237559443,96.37582535062785,104.72333526611328,25200,0.0,0.0
2003-11-12 00:00:00+09:00,92.58149152156753,98.65241378199462,92.58149152156753,94.85808563232422,30000,0.0,0.0
2003-11-13 00:00:00+09:00,98.65242351978095,98.65242351978095,97.13468933105469,97.13468933105469,18000,0.0,0.0
2003-11-14 00:00:00+09:00,98.65242351978095,98.65242351978095,97.13468933105469,97.13468933105469,10800,0.0,0.0
2003-11-17 00:00:00+09:00,100.17015327585408,100.17015327585408,89.54604842610478,96.3758316040039,25200,0.0,0.0
2003-11-18 00:00:00+09:00,91.82265040303989,94.85810521219447,91.82265040303989,93.34037780761719,16800,0.0,0.0
2003-11-19 00:00:00+09:00,93.34035647869884,93.34035647869884,80.43965911865234,80.43965911865234,14400,0.0,0.0
2003-11-20 00:00:00+09:00,85.75171321646886,88.02830743414161,85.75171321646886,87.26944732666016,30000,0.0,0.0
2003-11-21 00:00:00+09:00,88.78717632520834,89.5460433959961,88.02830925442059,89.5460433959961,8400,0.0,0.0
2003-11-24 00:00:00+09:00,89.5460433959961,89.5460433959961,89.5460433959961,89.5460433959961,0,0.0,0.0
2003-11-25 00:00:00+09:00,95.61695861816406,95.61695861816406,95.61695861816406,95.61695861816406,15600,0.0,0.0
2003-11-26 00:00:00+09:00,95.61695861816406,95.61695861816406,94.85809155135482,95.61695861816406,24000,0.0,0.0
2003-11-27 00:00:00+09:00,95.61695872105622,98.65242004394531,95.61695872105622,98.65242004394531,22800,0.0,0.0
2003-11-28 00:00:00+09:00,98.65241378199462,98.65241378199462,94.85808563232422,94.85808563232422,27600,0.0,0.0
2003-12-01 00:00:00+09:00,94.0992431640625,94.85810337786899,94.0992431640625,94.0992431640625,10800,0.0,0.0
2003-12-02 00:00:00+09:00,94.85808591872703,97.89354705810547,94.85808591872703,97.89354705810547,6000,0.0,0.0
2003-12-03 00:00:00+09:00,94.0992431640625,94.85810337786899,94.0992431640625,94.0992431640625,7200,0.0,0.0
2003-12-04 00:00:00+09:00,91.06376647949219,91.06376647949219,91.06376647949219,91.06376647949219,6000,0.0,0.0
2003-12-05 00:00:00+09:00,88.78717448923726,88.78717448923726,87.26944732666016,87.26944732666016,10800,0.0,0.0
2003-12-08 00:00:00+09:00,88.02830743414161,88.02830743414161,87.26944732666016,87.26944732666016,20400,0.0,0.0
2003-12-09 00:00:00+09:00,87.26944732666016,87.26944732666016,87.26944732666016,87.26944732666016,10800,0.0,0.0
2003-12-10 00:00:00+09:00,85.75171980663987,96.3758316040039,85.75171980663987,96.3758316040039,25200,0.0,0.0
2003-12-11 00:00:00+09:00,94.85810337786899,94.85810337786899,91.06378146599108,94.0992431640625,4800,0.0,0.0
2003-12-12 00:00:00+09:00,94.09922767801328,94.09922767801328,91.06376647949219,91.06376647949219,15600,0.0,0.0
2003-12-15 00:00:00+09:00,87.26945081628465,88.78717803955078,87.26945081628465,88.78717803955078,25200,0.0,0.0
2003-12-16 00:00:00+09:00,89.54603935403867,91.06376647949219,89.54603935403867,91.06376647949219,3600,0.0,0.0
2003-12-17 00:00:00+09:00,89.54603935403867,91.06376647949219,89.54603935403867,91.06376647949219,18000,0.0,0.0
2003-12-18 00:00:00+09:00,91.06376647949219,91.06376647949219,91.06376647949219,91.06376647949219,7200,0.0,0.0
2003-12-19 00:00:00+09:00,90.30490112304688,90.30490112304688,90.30490112304688,90.30490112304688,7200,0.0,0.0
2003-12-22 00:00:00+09:00,89.5460450919568,90.30490522950268,84.99285647622365,85.75171661376953,20400,0.0,0.0
2003-12-23 00:00:00+09:00,85.75171661376953,85.75171661376953,85.75171661376953,85.75171661376953,0,0.0,0.0
2003-12-24 00:00:00+09:00,87.26944894255398,87.26944894255398,83.4751205444336,83.4751205444336,30000,0.0,0.0
2003-12-25 00:00:00+09:00,83.4751229515206,83.4751229515206,79.68080139160156,79.68080139160156,30000,0.0,0.0
2003-12-26 00:00:00+09:00,92.58149152156753,94.85808563232422,92.58149152156753,94.85808563232422,30000,0.0,0.0
2003-12-29 00:00:00+09:00,106.2410659790039,108.51766029960838,102.4467444272013,106.2410659790039,60000,0.0,0.0
2003-12-30 00:00:00+09:00,108.51766029960838,108.51766029960838,106.2410659790039,106.2410659790039,3600,0.0,0.0
2003-12-31 00:00:00+09:00,106.2410659790039,106.2410659790039,106.2410659790039,106.2410659790039,0,0.0,0.0
2004-01-01 00:00:00+09:00,106.2410659790039,106.2410659790039,106.2410659790039,106.2410659790039,0,0.0,0.0
2004-01-02 00:00:00+09:00,106.2410659790039,106.2410659790039,106.2410659790039,106.2410659790039,0,0.0,0.0
2004-01-05 00:00:00+09:00,106.99993306841023,108.51766029960838,106.2410659790039,106.2410659790039,24000,0.0,0.0
2004-01-06 00:00:00+09:00,106.24106841111707,106.24106841111707,103.96447403839589,105.48220825195312,13200,0.0,0.0
2004-01-07 00:00:00+09:00,104.72335086021653,104.72335086021653,97.1346999312856,101.6878890991211,30000,0.0,0.0
2004-01-08 00:00:00+09:00,100.92901784732132,103.20561218261719,98.65242351202546,103.20561218261719,26400,0.0,0.0
2004-01-09 00:00:00+09:00,103.96447403839589,106.24106841111707,103.96447403839589,105.48220825195312,30000,0.0,0.0
2004-01-12 00:00:00+09:00,105.48220825195312,105.48220825195312,105.48220825195312,105.48220825195312,0,0.0,0.0
2004-01-13 00:00:00+09:00,109.2765291499751,110.03539625161035,108.51766204833984,108.51766204833984,12000,0.0,0.0
2004-01-14 00:00:00+09:00,110.03538513183594,112.3119792590628,110.03538513183594,110.03538513183594,15600,0.0,0.0
2004-01-15 00:00:00+09:00,113.0708393363958,113.0708393363958,110.03538513183594,110.03538513183594,12000,0.0,0.0
2004-01-16 00:00:00+09:00,109.27651003573803,109.27651003573803,106.24104910776306,106.99991607666016,12000,0.0,0.0
2004-01-19 00:00:00+09:00,106.99993306841023,108.51766029960838,106.2410659790039,106.2410659790039,14400,0.0,0.0
2004-01-20 00:00:00+09:00,108.51766204833984,110.03539625161035,108.51766204833984,108.51766204833984,27600,0.0,0.0
2004-01-21 00:00:00+09:00,107.7588026246743,107.7588026246743,104.7233411451745,105.48220825195312,7200,0.0,0.0
2004-01-22 00:00:00+09:00,108.51766029960838,108.51766029960838,106.2410659790039,106.2410659790039,14400,0.0,0.0
2004-01-23 00:00:00+09:00,106.99992397966216,110.03538513183594,106.99992397966216,110.03538513183594,4800,0.0,0.0
2004-01-26 00:00:00+09:00,110.0353995837782,116.86517591486103,110.0353995837782,113.07085418701172,30000,0.0,0.0
2004-01-27 00:00:00+09:00,113.07084831887106,116.1063097121853,111.55312109602117,115.34744262695312,13200,0.0,0.0
2004-01-28 00:00:00+09:00,113.82970428466797,115.34743135925895,110.79424318787223,113.82970428466797,10800,0.0,0.0
2004-01-29 00:00:00+09:00,113.82970428466797,113.82970428466797,113.82970428466797,113.82970428466797,0,0.0,0.0
2004-01-30 00:00:00+09:00,112.31198289423554,112.31198289423554,111.55311584472656,111.55311584472656,27600,0.0,0.0
2004-02-02 00:00:00+09:00,110.79424318787223,113.82970428466797,110.79424318787223,113.82970428466797,14400,0.0,0.0
2004-02-03 00:00:00+09:00,113.82972131162751,113.82972131162751,113.07085418701172,113.07085418701172,9600,0.0,0.0
2004-02-04 00:00:00+09:00,113.07085418701172,113.07085418701172,113.07085418701172,113.07085418701172,3600,0.0,0.0
2004-02-05 00:00:00+09:00,113.07085076292213,113.07085076292213,108.51766204833984,108.51766204833984,6000,0.0,0.0
2004-02-06 00:00:00+09:00,108.51766204833984,108.51766204833984,108.51766204833984,108.51766204833984,1200,0.0,0.0
2004-02-09 00:00:00+09:00,108.51766204833984,108.51766204833984,108.51766204833984,108.51766204833984,3600,0.0,0.0
2004-02-10 00:00:00+09:00,105.48220830726333,105.48220830726333,102.44674682617188,102.44674682617188,8400,0.0,0.0
2004-02-11 00:00:00+09:00,102.44674682617188,102.44674682617188,102.44674682617188,102.44674682617188,0,0.0,0.0
2004-02-12 00:00:00+09:00,102.44674148684595,102.44674148684595,98.65242004394531,98.65242004394531,27600,0.0,0.0
2004-02-13 00:00:00+09:00,100.17015838623047,100.17015838623047,100.17015838623047,100.17015838623047,1200,0.0,0.0
2004-02-16 00:00:00+09:00,84.99285081064042,88.78717208828556,84.99285081064042,88.02830505371094,60000,0.0,0.0
2004-02-17 00:00:00+09:00,90.30490112304688,91.06376817369909,90.30490112304688,90.30490112304688,10800,0.0,0.0
2004-02-18 00:00:00+09:00,92.5815088412192,94.0992431640625,92.5815088412192,94.0992431640625,24000,0.0,0.0
2004-02-19 00:00:00+09:00,93.34037195025265,93.34037195025265,92.58150482177734,92.58150482177734,4800,0.0,0.0
2004-02-20 00:00:00+09:00,92.58150482177734,92.58150482177734,91.8226446409169,92.58150482177734,6000,0.0,0.0
2004-02-23 00:00:00+09:00,92.58150482177734,92.58150482177734,91.0637775124416,92.58150482177734,12000,0.0,0.0
2004-02-24 00:00:00+09:00,93.34036938244465,99.41128540039062,93.34036938244465,99.41128540039062,16800,0.0,0.0
2004-02-25 00:00:00+09:00,97.13469176980512,97.13469176980512,96.3758316040039,96.3758316040039,6000,0.0,0.0
2004-02-26 00:00:00+09:00,96.3758316040039,96.3758316040039,96.3758316040039,96.3758316040039,0,0.0,0.0
2004-02-27 00:00:00+09:00,96.37583770071228,96.37583770071228,94.0992431640625,94.0992431640625,9600,0.0,0.0
2004-03-01 00:00:00+09:00,95.61695861816406,96.37582568497331,95.61695861816406,95.61695861816406,19200,0.0,0.0
2004-03-02 00:00:00+09:00,96.3758316040039,96.3758316040039,96.3758316040039,96.3758316040039,1200,0.0,0.0
2004-03-03 00:00:00+09:00,97.13469176980512,97.13469176980512,96.3758316040039,96.3758316040039,7200,0.0,0.0
2004-03-04 00:00:00+09:00,97.13468590869361,101.68787441922011,94.85809165343038,98.65242004394531,28800,0.0,0.0
2004-03-05 00:00:00+09:00,106.24105650687882,106.24105650687882,96.37581996222319,97.89354705810547,28800,0.0,0.0
2004-03-08 00:00:00+09:00,100.92901955943347,102.44674682617188,98.65242518551854,102.44674682617188,13200,0.0,0.0
2004-03-09 00:00:00+09:00,100.92901955943347,102.44674682617188,99.41128534508042,102.44674682617188,9600,0.0,0.0
2004-03-10 00:00:00+09:00,100.92901955943347,102.44674682617188,100.92901955943347,102.44674682617188,14400,0.0,0.0
2004-03-11 00:00:00+09:00,102.44675022201538,103.9644775390625,102.44675022201538,103.9644775390625,20400,0.0,0.0
2004-03-12 00:00:00+09:00,103.96446867448334,103.96446867448334,98.65242004394531,98.65242004394531,20400,0.0,0.0
2004-03-15 00:00:00+09:00,100.92901384045886,105.48220233028987,99.41127971210567,104.72333526611328,30000,0.0,0.0
2004-03-16 00:00:00+09:00,103.20561735434639,103.9644775390625,100.92902290496826,103.9644775390625,10800,0.0,0.0
2004-03-17 00:00:00+09:00,103.96447333375755,108.51766204833984,103.96447333375755,108.51766204833984,3600,0.0,0.0
2004-03-18 00:00:00+09:00,105.48220233028987,105.48220233028987,104.72333526611328,104.72333526611328,7200,0.0,0.0
2004-03-19 00:00:00+09:00,103.96447054311453,103.96447054311453,100.92901611328125,100.92901611328125,3600,0.0,0.0
2004-03-22 00:00:00+09:00,102.44675289500843,103.20562004713945,99.41129123409945,100.17015838623047,30000,0.0,0.0
2004-03-23 00:00:00+09:00,103.2056139333484,103.2056139333484,100.92901955943347,102.44674682617188,9600,0.0,0.0
2004-03-24 00:00:00+09:00,100.17014723158272,100.17014723158272,97.13468590869361,98.65242004394531,26400,0.0,0.0
2004-03-25 00:00:00+09:00,102.44675022201538,103.9644775390625,102.44675022201538,103.9644775390625,16800,0.0,0.0
2004-03-26 00:00:00+09:00,102.4467450963675,102.4467450963675,97.13468933105469,97.13468933105469,10800,0.0,0.0
2004-03-29 00:00:00+09:00,97.89354705810547,98.65241407985356,97.13468003635738,97.89354705810547,19200,0.0,0.0
2004-03-30 00:00:00+09:00,98.65242004394531,102.44674148684595,98.65242004394531,98.65242004394531,30000,0.0,0.0
2004-03-31 00:00:00+09:00,100.17016169238103,102.44675627629879,100.17016169238103,101.6878890991211,13200,0.0,0.0
2004-04-01 00:00:00+09:00,102.44675289500843,104.72334740378639,100.17015838623047,100.17015838623047,30000,0.0,0.0
2004-04-02 00:00:00+09:00,103.96446093079216,113.82970428466797,103.96446093079216,113.82970428466797,30000,0.0,0.0
2004-04-05 00:00:00+09:00,113.82971543532152,121.41835849926663,111.55312112661508,118.38290405273438,90000,0.0,0.0
2004-04-06 00:00:00+09:00,122.93609888413373,123.69495906031727,113.07085406521436,116.10631561279297,60000,0.0,0.0
2004-04-07 00:00:00+09:00,114.58857129577035,114.58857129577035,112.31197721007699,113.82970428466797,30000,0.0,0.0
2004-04-08 00:00:00+09:00,114.58858252076182,119.14176419056021,110.79425404117478,118.38290405273438,30000,0.0,0.0
2004-04-09 00:00:00+09:00,118.38289245605469,118.38289245605469,113.82970428466797,113.82970428466797,12000,0.0,0.0
2004-04-12 00:00:00+09:00,113.82970428466797,120.65948654174805,113.82970428466797,113.82970428466797,19200,0.0,0.0
2004-04-13 00:00:00+09:00,115.34744265858764,120.65949836144081,114.58858252076182,118.38290405273438,30000,0.0,0.0
2004-04-14 00:00:00+09:00,117.62403431182497,141.14883561609884,117.62403431182497,137.35450744628906,60000,0.0,0.0
2004-04-15 00:00:00+09:00,127.489256842667,131.28358459472656,122.93606909828604,131.28358459472656,30000,0.0,0.0
2004-04-16 00:00:00+09:00,132.80132502653862,132.80132502653862,125.97154235839844,125.97154235839844,26400,0.0,0.0
2004-04-19 00:00:00+09:00,125.9715585426574,125.9715585426574,122.17724361414417,122.93610382080078,30000,0.0,0.0
2004-04-20 00:00:00+09:00,122.93609267014723,122.93609267014723,117.62404391490854,118.38290405273438,13200,0.0,0.0
2004-04-21 00:00:00+09:00,114.5885884362433,114.5885884362433,109.27653245916241,113.07085418701172,28800,0.0,0.0
2004-04-22 00:00:00+09:00,112.31199234439903,118.38290840844786,110.79425811767578,110.79425811767578,30000,0.0,0.0
2004-04-23 00:00:00+09:00,106.2410659790039,107.75880015781657,102.4467444272013,106.2410659790039,60000,0.0,0.0
2004-04-26 00:00:00+09:00,107.75878304555724,108.51764306684093,106.24104910776306,106.99991607666016,24000,0.0,0.0
2004-04-27 00:00:00+09:00,108.51766204833984,108.51766204833984,106.2410676910487,108.51766204833984,10800,0.0,0.0
2004-04-28 00:00:00+09:00,106.24105695471523,110.03538513183594,106.24105695471523,110.03538513183594,8400,0.0,0.0
2004-04-29 00:00:00+09:00,110.03538513183594,110.03538513183594,110.03538513183594,110.03538513183594,0,0.0,0.0
2004-04-30 00:00:00+09:00,106.99991607666016,107.75878304555724,105.48218908647937,106.99991607666016,21600,0.0,0.0
2004-05-03 00:00:00+09:00,106.99991607666016,106.99991607666016,106.99991607666016,106.99991607666016,0,0.0,0.0
2004-05-04 00:00:00+09:00,106.99991607666016,106.99991607666016,106.99991607666016,106.99991607666016,0,0.0,0.0
2004-05-05 00:00:00+09:00,106.99991607666016,106.99991607666016,106.99991607666016,106.99991607666016,0,0.0,0.0
2004-05-06 00:00:00+09:00,109.2765291499751,110.03539625161035,108.51766204833984,108.51766204833984,15600,0.0,0.0
2004-05-07 00:00:00+09:00,105.48221803739422,105.48221803739422,101.6878890991211,101.6878890991211,6000,0.0,0.0
2004-05-10 00:00:00+09:00,102.4467450963675,102.4467450963675,97.13468933105469,97.13468933105469,25200,0.0,0.0
2004-05-11 00:00:00+09:00,88.78717807013953,92.5814996034193,88.78717807013953,91.82263946533203,16800,0.0,0.0
2004-05-12 00:00:00+09:00,91.82263991358525,106.2410659790039,91.82263991358525,106.2410659790039,16800,0.0,0.0
2004-05-13 00:00:00+09:00,106.2410659790039,106.2410659790039,106.2410659790039,106.2410659790039,0,0.0,0.0
2004-05-14 00:00:00+09:00,104.72333526611328,104.72333526611328,104.72333526611328,104.72333526611328,0,0.0,0.0
2004-05-17 00:00:00+09:00,95.61696638806369,95.61696638806369,92.58150482177734,92.58150482177734,4800,0.0,0.0
2004-05-18 00:00:00+09:00,92.58149360494572,92.58149360494572,87.26944519205135,91.06376647949219,14400,0.0,0.0
2004-05-19 00:00:00+09:00,91.06378146599108,94.0992431640625,91.06378146599108,94.0992431640625,3600,0.0,0.0
2004-05-20 00:00:00+09:00,94.85810337786899,94.85810337786899,94.0992431640625,94.0992431640625,9600,0.0,0.0
2004-05-21 00:00:00+09:00,94.09922556048123,94.85808563232422,92.58149152156753,94.85808563232422,14400,0.0,0.0
2004-05-24 00:00:00+09:00,94.85809737717206,98.65242599663696,94.85809737717206,96.3758316040039,22800,0.0,0.0
2004-05-25 00:00:00+09:00,96.37581967123792,96.37581967123792,94.85808563232422,94.85808563232422,19200,0.0,0.0
2004-05-26 00:00:00+09:00,94.85810337786899,94.85810337786899,94.0992431640625,94.0992431640625,10800,0.0,0.0
2004-05-27 00:00:00+09:00,94.09924498371348,94.09924498371348,93.34037780761719,93.34037780761719,3600,0.0,0.0
2004-05-28 00:00:00+09:00,93.34036237804156,93.34036237804156,90.30490112304688,90.30490112304688,18000,0.0,0.0
2004-05-31 00:00:00+09:00,92.58149532738936,92.58149532738936,90.30490112304688,90.30490112304688,6000,0.0,0.0
2004-06-01 00:00:00+09:00,91.0637775124416,92.58150482177734,91.0637775124416,92.58150482177734,2400,0.0,0.0
2004-06-02 00:00:00+09:00,93.34037780761719,93.34037780761719,93.34037780761719,93.34037780761719,8400,0.0,0.0
2004-06-03 00:00:00+09:00,93.34037600264085,94.0992431640625,93.34037600264085,94.0992431640625,4800,0.0,0.0
2004-06-04 00:00:00+09:00,94.0992431640625,94.0992431640625,94.0992431640625,94.0992431640625,1200,0.0,0.0
2004-06-07 00:00:00+09:00,94.09923377482279,94.09923377482279,91.82263946533203,91.82263946533203,4800,0.0,0.0
2004-06-08 00:00:00+09:00,92.58151063152089,93.34037780761719,91.0637832269436,93.34037780761719,22800,0.0,0.0
2004-06-09 00:00:00+09:00,91.82263946533203,91.82263946533203,91.82263946533203,91.82263946533203,3600,0.0,0.0
2004-06-10 00:00:00+09:00,91.82264862741272,95.61697053929063,91.82264862741272,94.0992431640625,28800,0.0,0.0
2004-06-11 00:00:00+09:00,97.13468933105469,97.13468933105469,96.37582918430611,97.13468933105469,14400,0.0,0.0
2004-06-14 00:00:00+09:00,98.65242524040654,99.41128540039062,97.8935581328078,99.41128540039062,14400,0.0,0.0
2004-06-15 00:00:00+09:00,99.41128195075018,100.92901611328125,98.65242181709907,100.92901611328125,9600,0.0,0.0
2004-06-16 00:00:00+09:00,101.68787799401025,108.51766099989783,100.92901784732132,103.20561218261719,30000,0.0,0.0
2004-06-17 00:00:00+09:00,104.72333877721552,112.3119888305664,104.72333877721552,112.3119888305664,19200,0.0,0.0
2004-06-18 00:00:00+09:00,112.31198879902551,112.31198879902551,106.2410659790039,106.2410659790039,30000,0.0,0.0
2004-06-21 00:00:00+09:00,107.7588026246743,107.7588026246743,105.48220825195312,105.48220825195312,20400,0.0,0.0
2004-06-22 00:00:00+09:00,106.2410676910487,108.51766204833984,106.2410676910487,108.51766204833984,7200,0.0,0.0
2004-06-23 00:00:00+09:00,106.24107008383578,107.75880432128906,106.24107008383578,107.75880432128906,15600,0.0,0.0
2004-06-24 00:00:00+09:00,107.75880355945873,110.79425811767578,107.75880355945873,110.79425811767578,15600,0.0,0.0
2004-06-25 00:00:00+09:00,110.79425462021285,110.79425462021285,106.2410659790039,106.2410659790039,28800,0.0,0.0
2004-06-28 00:00:00+09:00,106.99992397966216,110.03538513183594,106.99992397966216,110.03538513183594,30000,0.0,0.0
2004-06-29 00:00:00+09:00,109.27651810688901,110.03538513183594,108.51765108194209,110.03538513183594,30000,0.0,0.0
2004-06-30 00:00:00+09:00,108.51766449240094,108.51766449240094,107.75880432128906,107.75880432128906,10800,0.0,0.0
2004-07-01 00:00:00+09:00,108.51764306684093,109.27651003573803,106.99991607666016,106.99991607666016,30000,0.0,0.0
2004-07-02 00:00:00+09:00,108.51766029960838,109.2765273890147,106.2410659790039,106.2410659790039,30000,0.0,0.0
2004-07-05 00:00:00+09:00,106.24104910776306,109.27651003573803,104.72332211758227,106.99991607666016,60000,0.0,0.0
2004-07-06 00:00:00+09:00,107.75880625310262,108.51766643781873,103.9644775390625,103.9644775390625,60000,0.0,0.0
2004-07-07 00:00:00+09:00,103.9644775390625,103.9644775390625,98.65242845559014,103.9644775390625,30000,0.0,0.0
2004-07-08 00:00:00+09:00,103.20561735434639,104.7233446713935,102.44675022201538,103.9644775390625,22800,0.0,0.0
2004-07-09 00:00:00+09:00,106.24104910776306,106.99991607666016,105.48218908647937,106.99991607666016,30000,0.0,0.0
2004-07-12 00:00:00+09:00,108.5176446720383,122.17721557617188,108.5176446720383,122.17721557617188,300000,0.0,0.0
2004-07-13 00:00:00+09:00,144.94320678710938,144.94320678710938,144.94320678710938,144.94320678710938,270000,0.0,0.0
2004-07-14 00:00:00+09:00,167.70913800700217,167.70913800700217,127.48929595947266,127.48929595947266,990000,0.0,0.0
2004-07-15 00:00:00+09:00,129.76587614465933,143.42544205462346,122.93609318967725,138.87225341796875,270000,0.0,0.0
2004-07-16 00:00:00+09:00,134.31904885018187,134.31904885018187,122.93607860864104,123.69493865966797,180000,0.0,0.0
2004-07-19 00:00:00+09:00,123.69493865966797,123.69493865966797,123.69493865966797,123.69493865966797,0,0.0,0.0
2004-07-20 00:00:00+09:00,127.48928916784931,127.48928916784931,122.93610026899755,124.4538345336914,60000,0.0,0.0
2004-07-21 00:00:00+09:00,131.28361956007947,131.28361956007947,125.97155651336534,126.73043060302734,120000,0.0,0.0
2004-07-22 00:00:00+09:00,131.28361867325577,133.56021313640338,129.76588439941406,129.76588439941406,90000,0.0,0.0
2004-07-23 00:00:00+09:00,132.0424668186334,132.0424668186334,125.21268405215234,128.24813842773438,30000,0.0,0.0
2004-07-26 00:00:00+09:00,127.48928505991294,127.48928505991294,116.86517333984375,116.86517333984375,60000,0.0,0.0
2004-07-27 00:00:00+09:00,121.41836382506524,121.41836382506524,106.24107008383578,107.75880432128906,90000,0.0,0.0
2004-07-28 00:00:00+09:00,113.82971606219078,116.86517052543952,112.3119888305664,112.3119888305664,30000,0.0,0.0
2004-07-29 00:00:00+09:00,113.82972399393718,118.38291295369466,109.27653503417969,109.27653503417969,16800,0.0,0.0
2004-07-30 00:00:00+09:00,111.55312174094696,112.3119888305664,108.5176603300837,112.3119888305664,30000,0.0,0.0
2004-08-02 00:00:00+09:00,112.3119792590628,112.3119792590628,110.03538513183594,110.03538513183594,22800,0.0,0.0
2004-08-03 00:00:00+09:00,110.03539447842104,110.03539447842104,106.2410659790039,106.2410659790039,27600,0.0,0.0
2004-08-04 00:00:00+09:00,102.44674677245332,105.48220825195312,98.65242513378956,105.48220825195312,30000,0.0,0.0
2004-08-05 00:00:00+09:00,104.72334279399726,107.75880432128906,104.72334279399726,107.75880432128906,22800,0.0,0.0
2004-08-06 00:00:00+09:00,102.4467281585044,106.99991607666016,102.4467281585044,106.99991607666016,30000,0.0,0.0
2004-08-09 00:00:00+09:00,103.96446820193668,104.72333526611328,99.41127971210567,104.72333526611328,30000,0.0,0.0
2004-08-10 00:00:00+09:00,119.900634765625,119.900634765625,119.900634765625,119.900634765625,0,0.0,0.0
2004-08-11 00:00:00+09:00,124.4538332657893,128.24814804602377,113.07085418701172,113.07085418701172,90000,0.0,0.0
2004-08-12 00:00:00+09:00,115.34743996247497,128.24813842773438,115.34743996247497,128.24813842773438,180000,0.0,0.0
2004-08-13 00:00:00+09:00,125.21269631893331,142.66659195270978,125.21269631893331,126.73043060302734,240000,0.0,0.0
2004-08-16 00:00:00+09:00,129.0070007025386,129.76586075356553,121.41834461135981,123.69493865966797,30000,0.0,0.0
2004-08-17 00:00:00+09:00,122.9360997366371,126.73042843432593,121.41836547851562,121.41836547851562,30000,0.0,0.0
2004-08-18 00:00:00+09:00,125.21267471313477,125.21267471313477,113.82970428466797,113.82970428466797,30000,0.0,0.0
2004-08-19 00:00:00+09:00,115.3474329381685,119.14175415039062,114.5885728642924,119.14175415039062,9600,0.0,0.0
2004-08-20 00:00:00+09:00,114.58858486932327,117.6240463256836,114.58858486932327,117.6240463256836,9600,0.0,0.0
2004-08-23 00:00:00+09:00,116.10631641793505,121.41836547851562,116.10631641793505,121.41836547851562,22800,0.0,0.0
2004-08-24 00:00:00+09:00,122.1772290086734,123.6949492405533,117.6240405225766,119.900634765625,30000,0.0,0.0
2004-08-25 00:00:00+09:00,119.900634765625,121.4183549975049,119.900634765625,119.900634765625,16800,0.0,0.0
2004-08-26 00:00:00+09:00,121.41835849926663,121.41835849926663,118.38290405273438,118.38290405273438,30000,0.0,0.0
2004-08-27 00:00:00+09:00,117.6240463256836,117.6240463256836,117.6240463256836,117.6240463256836,2400,0.0,0.0
2004-08-30 00:00:00+09:00,119.90063822361498,121.41835849926663,117.62404391490854,118.38290405273438,30000,0.0,0.0
2004-08-31 00:00:00+09:00,119.14175086218934,121.41834491621351,119.14175086218934,120.65948486328125,10800,0.0,0.0
2004-09-01 00:00:00+09:00,120.65948486328125,121.41834491621351,119.14175086218934,120.65948486328125,18000,0.0,0.0
2004-09-02 00:00:00+09:00,119.90064716744916,127.48929079745938,118.38291288335513,126.73043060302734,30000,0.0,0.0
2004-09-03 00:00:00+09:00,128.24812707828602,128.24812707828602,120.65948486328125,120.65948486328125,22800,0.0,0.0
2004-09-06 00:00:00+09:00,129.00702343254315,131.28361788196904,124.4538345336914,124.4538345336914,30000,0.0,0.0
2004-09-07 00:00:00+09:00,125.21269417620445,125.21269417620445,121.41836547851562,121.41836547851562,30000,0.0,0.0
2004-09-08 00:00:00+09:00,122.17721557617188,125.212669601434,121.41834164843608,122.17721557617188,30000,0.0,0.0
2004-09-09 00:00:00+09:00,124.45381260592227,124.45381260592227,122.1772185576141,123.69493865966797,30000,0.0,0.0
2004-09-10 00:00:00+09:00,125.2126565165908,143.42540655536766,125.2126565165908,130.5247039794922,540000,0.0,0.0
2004-09-13 00:00:00+09:00,134.31907653808594,138.11340536582048,130.52474771035142,134.31907653808594,90000,0.0,0.0
2004-09-14 00:00:00+09:00,134.31904066886761,138.11336848334614,132.8013067640309,133.5601806640625,30000,0.0,0.0
2004-09-15 00:00:00+09:00,133.56017158277203,136.59562529082632,130.5247039794922,130.5247039794922,30000,0.0,0.0
2004-09-16 00:00:00+09:00,132.8013382514331,132.8013382514331,123.69496045372958,124.4538345336914,30000,0.0,0.0
2004-09-17 00:00:00+09:00,124.45383399475858,126.73042843432593,121.41836547851562,121.41836547851562,60000,0.0,0.0
2004-09-20 00:00:00+09:00,121.41836547851562,121.41836547851562,121.41836547851562,121.41836547851562,0,0.0,0.0
2004-09-21 00:00:00+09:00,122.17722056395282,122.17722056395282,110.79424318787223,113.82970428466797,60000,0.0,0.0
2004-09-22 00:00:00+09:00,113.82971606219078,113.82971606219078,111.55312174094696,112.3119888305664,28800,0.0,0.0
2004-09-23 00:00:00+09:00,112.3119888305664,112.3119888305664,112.3119888305664,112.3119888305664,0,0.0,0.0
2004-09-24 00:00:00+09:00,114.58858486932327,117.6240463256836,112.31199051395667,117.6240463256836,30000,0.0,0.0
2004-09-27 00:00:00+09:00,115.34745126278206,126.73043060302734,115.34745126278206,126.73043060302734,30000,0.0,0.0
2004-09-28 00:00:00+09:00,113.82970428466797,121.41834660523665,113.82970428466797,113.82970428466797,120000,0.0,0.0
2004-09-29 00:00:00+09:00,114.58857338628964,119.14175469312944,110.03538513183594,110.03538513183594,60000,0.0,0.0
2004-09-30 00:00:00+09:00,113.82971776832953,117.6240463256836,113.82971776832953,117.6240463256836,60000,0.0,0.0
2004-10-01 00:00:00+09:00,116.86517227707525,117.6240463256836,115.34744502270239,117.6240463256836,10800,0.0,0.0
2004-10-04 00:00:00+09:00,119.14176140575965,129.76587256313968,117.62404116558294,128.24813842773438,540000,0.0,0.0
2004-10-05 00:00:00+09:00,126.7304069724215,126.7304069724215,117.6240307563248,120.65948486328125,270000,0.0,0.0
2004-10-06 00:00:00+09:00,121.41834164843608,125.212669601434,120.6594816159273,122.17721557617188,30000,0.0,0.0
2004-10-07 00:00:00+09:00,123.69496402745739,124.45383812934419,122.17724361414417,122.93610382080078,20400,0.0,0.0
2004-10-08 00:00:00+09:00,121.4183549975049,121.4183549975049,118.38290063851656,119.900634765625,18000,0.0,0.0
2004-10-11 00:00:00+09:00,119.900634765625,119.900634765625,119.900634765625,119.900634765625,0,0.0,0.0
2004-10-12 00:00:00+09:00,119.14175086218934,120.65948486328125,118.38289080925706,120.65948486328125,20400,0.0,0.0
2004-10-13 00:00:00+09:00,118.38290063851656,119.900634765625,116.10630639546817,119.900634765625,16800,0.0,0.0
2004-10-14 00:00:00+09:00,117.62403852557486,117.62403852557486,114.58857727050781,114.58857727050781,18000,0.0,0.0
2004-10-15 00:00:00+09:00,115.34744262695312,116.86516984980301,115.34744262695312,115.34744262695312,18000,0.0,0.0
2004-10-18 00:00:00+09:00,116.86515843384993,116.86515843384993,113.82970428466797,113.82970428466797,30000,0.0,0.0
2004-10-19 00:00:00+09:00,115.34743135925895,115.34743135925895,113.82970428466797,113.82970428466797,15600,0.0,0.0
2004-10-20 00:00:00+09:00,113.82972131162751,113.82972131162751,111.55312688539496,113.07085418701172,15600,0.0,0.0
2004-10-21 00:00:00+09:00,111.55312523103741,111.55312523103741,110.03539795192889,110.79425811767578,18000,0.0,0.0
2004-10-22 00:00:00+09:00,113.82970636134272,113.82970636134272,110.03538513183594,110.03538513183594,12000,0.0,0.0
2004-10-25 00:00:00+09:00,110.79425976077917,113.07085418701172,110.79425976077917,113.07085418701172,15600,0.0,0.0
2004-10-26 00:00:00+09:00,113.07083727356559,113.82970428466797,113.07083727356559,113.82970428466797,14400,0.0,0.0
2004-10-27 00:00:00+09:00,116.10631561279297,116.10631561279297,114.58858831281107,116.10631561279297,12000,0.0,0.0
2004-10-28 00:00:00+09:00,116.10629837036133,116.86515843384993,113.82970428466797,113.82970428466797,15600,0.0,0.0
2004-10-29 00:00:00+09:00,117.6240463256836,117.6240463256836,113.82971776832953,117.6240463256836,13200,0.0,0.0
2004-11-01 00:00:00+09:00,115.34744607166873,116.86517333984375,113.8297188034937,116.86517333984375,30000,0.0,0.0
2004-11-02 00:00:00+09:00,114.58857129577035,114.58857129577035,113.82970428466797,113.82970428466797,10800,0.0,0.0
2004-11-03 00:00:00+09:00,113.82970428466797,113.82970428466797,113.82970428466797,113.82970428466797,0,0.0,0.0
2004-11-04 00:00:00+09:00,114.58858248933541,115.34744262695312,113.82971540410324,115.34744262695312,9600,0.0,0.0
2004-11-05 00:00:00+09:00,115.34744262695312,115.34744262695312,115.34744262695312,115.34744262695312,0,0.0,0.0
2004-11-08 00:00:00+09:00,113.82972131162751,113.82972131162751,112.31199401001075,113.07085418701172,21600,0.0,0.0
2004-11-09 00:00:00+09:00,113.82970428466797,115.34743135925895,112.31197721007699,113.82970428466797,120000,0.0,0.0
2004-11-10 00:00:00+09:00,113.82970428466797,113.82970428466797,112.31197721007699,113.82970428466797,30000,0.0,0.0
2004-11-11 00:00:00+09:00,113.82972118901272,116.10631561279297,113.82972118901272,116.10631561279297,10800,0.0,0.0
2004-11-12 00:00:00+09:00,113.82971021983751,116.86516452729042,113.82971021983751,114.58857727050781,13200,0.0,0.0
2004-11-15 00:00:00+09:00,115.3474329381685,119.14175415039062,115.3474329381685,119.14175415039062,60000,0.0,0.0
2004-11-16 00:00:00+09:00,119.90063822361498,119.90063822361498,116.86516988185377,118.38290405273438,26400,0.0,0.0
2004-11-17 00:00:00+09:00,118.38290063851656,119.900634765625,116.10630639546817,119.900634765625,30000,0.0,0.0
2004-11-18 00:00:00+09:00,120.6594816159273,122.17721557617188,119.90062158341853,122.17721557617188,30000,0.0,0.0
2004-11-19 00:00:00+09:00,123.69496750814807,144.94319284474534,123.69496750814807,132.8013458251953,330000,0.0,0.0
2004-11-22 00:00:00+09:00,125.2126726569492,125.2126726569492,113.82970241540836,123.69493865966797,150000,0.0,0.0
2004-11-23 00:00:00+09:00,123.69493865966797,123.69493865966797,123.69493865966797,123.69493865966797,0,0.0,0.0
2004-11-24 00:00:00+09:00,122.17723955519124,122.9360997366371,117.62405067605653,121.41836547851562,60000,0.0,0.0
2004-11-25 00:00:00+09:00,120.65949836144081,120.65949836144081,117.62404391490854,118.38290405273438,30000,0.0,0.0
2004-11-26 00:00:00+09:00,119.90064068105018,120.65950083442931,117.6240463256836,117.6240463256836,60000,0.0,0.0
2004-11-29 00:00:00+09:00,119.14176419056021,119.14176419056021,117.62404391490854,118.38290405273438,10800,0.0,0.0
2004-11-30 00:00:00+09:00,117.62404986038969,118.38291003657322,116.10631561279297,116.10631561279297,30000,0.0,0.0
2004-12-01 00:00:00+09:00,116.10631212369613,119.14176663244184,116.10631212369613,117.6240463256836,12000,0.0,0.0
2004-12-02 00:00:00+09:00,119.14176075445651,120.65949488156495,119.14176075445651,119.900634765625,30000,0.0,0.0
2004-12-03 00:00:00+09:00,119.90062811949448,119.90062811949448,117.62403400263842,119.14175415039062,22800,0.0,0.0
2004-12-06 00:00:00+09:00,119.14175415039062,119.14175415039062,117.62403400263842,119.14175415039062,19200,0.0,0.0
2004-12-07 00:00:00+09:00,117.6240463256836,117.6240463256836,116.86517227707525,117.6240463256836,30000,0.0,0.0
2004-12-08 00:00:00+09:00,113.07084831887106,115.34744262695312,111.55312109602117,115.34744262695312,27600,0.0,0.0
2004-12-09 00:00:00+09:00,113.82972576000073,123.69496402745739,113.82972576000073,122.93610382080078,60000,0.0,0.0
2004-12-10 00:00:00+09:00,122.17721886437316,122.17721886437316,120.65948486328125,120.65948486328125,14400,0.0,0.0
2004-12-13 00:00:00+09:00,120.65950930560076,122.93610382080078,119.14177499705735,122.93610382080078,90000,0.0,0.0
2004-12-14 00:00:00+09:00,125.21267890930176,145.7020263671875,125.21267890930176,145.7020263671875,480000,0.0,0.0
2004-12-15 00:00:00+09:00,150.2552146911621,159.36159133911133,135.83678963031852,145.7020263671875,390000,0.0,0.0
2004-12-16 00:00:00+09:00,144.18430927383812,153.29068699419062,141.90771484375,141.90771484375,90000,0.0,0.0
2004-12-17 00:00:00+09:00,142.66657667985126,164.67364501953125,142.66657667985126,164.67364501953125,300000,0.0,0.0
2004-12-20 00:00:00+09:00,185.9218670822055,195.0282440185547,182.8863988399368,195.0282440185547,420000,0.0,0.0
2004-12-21 00:00:00+09:00,218.55305989583334,225.38284301757812,208.68782224061175,225.38284301757812,870000,0.0,0.0
2004-12-22 00:00:00+09:00,229.9360176428171,254.97855421777737,195.0282440185547,195.0282440185547,900000,0.0,0.0
2004-12-23 00:00:00+09:00,195.0282440185547,195.0282440185547,195.0282440185547,195.0282440185547,0,0.0,0.0
2004-12-24 00:00:00+09:00,189.71620377627448,223.10626108782898,171.50344776910475,214.7587432861328,390000,0.0,0.0
2004-12-27 00:00:00+09:00,214.75872206678133,215.51759608891916,197.30484188127048,199.58143615722656,120000,0.0,0.0
2004-12-28 00:00:00+09:00,196.54595419034513,201.85801639496782,183.64526345392494,195.78709411621094,90000,0.0,0.0
2004-12-29 00:00:00+09:00,210.96441507405612,226.14170152584427,201.8580376448915,217.0353240966797,300000,0.0,0.0
2004-12-30 00:00:00+09:00,255.737430630609,256.49627685546875,250.42536810430468,256.49627685546875,150000,0.0,0.0
2004-12-31 00:00:00+09:00,256.49627685546875,256.49627685546875,256.49627685546875,256.49627685546875,0,0.0,0.0
2005-01-03 00:00:00+09:00,256.49627685546875,256.49627685546875,256.49627685546875,256.49627685546875,0,0.0,0.0
2005-01-04 00:00:00+09:00,283.056602285577,294.4395751953125,279.2622594553577,294.4395751953125,330000,0.0,0.0
2005-01-05 00:00:00+09:00,295.9572479555551,314.9288756777301,279.2622144484228,288.36859130859375,540000,0.0,0.0
2005-01-06 00:00:00+09:00,282.2976826652987,288.36859130859375,268.6381173750423,288.36859130859375,240000,0.0,0.0
2005-01-07 00:00:00+09:00,288.3686292162371,326.3118896484375,288.3686292162371,326.3118896484375,570000,0.0,0.0
2005-01-10 00:00:00+09:00,326.3118896484375,326.3118896484375,326.3118896484375,326.3118896484375,0,0.0,0.0
2005-01-11 00:00:00+09:00,326.31184826359595,341.4891338373248,304.3047522226638,308.8579406738281,840000,0.0,0.0
2005-01-12 00:00:00+09:00,303.54588372852044,303.54588372852044,276.98560118586,293.6806335449219,360000,0.0,0.0
2005-01-13 00:00:00+09:00,295.95726578023505,331.6239013671875,288.36860867623005,331.6239013671875,480000,0.0,0.0
2005-01-14 00:00:00+09:00,327.82956859224686,369.567138671875,326.3118483715091,369.567138671875,930000,0.0,0.0
2005-01-17 00:00:00+09:00,372.6026156687724,407.5104064941406,372.6026156687724,407.5104064941406,900000,0.0,0.0
2005-01-18 00:00:00+09:00,459.1131820833784,478.0848108240076,408.2692604116068,421.1699523925781,1470000,0.0,0.0
2005-01-19 00:00:00+09:00,409.78700336657073,466.7018649452611,399.1629051353684,432.5529479980469,540000,0.0,0.0
2005-01-20 00:00:00+09:00,424.20542797214335,508.43939208984375,424.20542797214335,508.43939208984375,900000,0.0,0.0
2005-01-21 00:00:00+09:00,538.7940346855511,584.3259233750084,478.0848312393017,493.26214599609375,2310000,0.0,0.0
2005-01-24 00:00:00+09:00,485.67343336791924,519.0635017126649,443.9358896226739,453.0422668457031,870000,0.0,0.0
2005-01-25 00:00:00+09:00,481.87912752510033,502.36847546675307,428.7585865610336,442.41815185546875,660000,0.0,0.0
2005-01-26 00:00:00+09:00,465.1840999745541,465.1840999745541,402.95718135004455,418.8933410644531,510000,0.0,0.0
2005-01-27 00:00:00+09:00,405.9926431140794,466.7018127441406,377.9146386123285,466.7018127441406,1230000,0.0,0.0
2005-01-28 00:00:00+09:00,466.7018607348442,492.5032458907732,440.14160150122575,456.83660888671875,1200000,0.0,0.0
2005-01-31 00:00:00+09:00,457.5954516091086,457.5954516091086,426.4820056222239,436.34722900390625,330000,0.0,0.0
2005-02-01 00:00:00+09:00,428.75858594086515,430.27630615234375,403.71604960395626,430.27630615234375,420000,0.0,0.0
2005-02-02 00:00:00+09:00,437.1061266284206,458.3543503807885,434.0706581522369,447.730224609375,420000,0.0,0.0
2005-02-03 00:00:00+09:00,452.2833671910245,458.3543035227539,432.55289358904474,433.311767578125,270000,0.0,0.0
2005-02-04 00:00:00+09:00,432.5529563788409,432.5529563788409,409.02813720703125,409.02813720703125,210000,0.0,0.0
2005-02-07 00:00:00+09:00,409.0281097100552,421.16995552934225,404.4749210016299,417.3756408691406,90000,0.0,0.0
2005-02-08 00:00:00+09:00,416.61678095443625,416.61678095443625,404.4749347232431,411.3047180175781,120000,0.0,0.0
2005-02-09 00:00:00+09:00,406.7515120080174,408.2692600919728,386.26216298874397,388.53875732421875,240000,0.0,0.0
2005-02-10 00:00:00+09:00,390.0564746769792,391.5741948509004,343.0068435904042,352.11322021484375,480000,0.0,0.0
2005-02-11 00:00:00+09:00,352.11322021484375,352.11322021484375,352.11322021484375,352.11322021484375,0,0.0,0.0
2005-02-14 00:00:00+09:00,353.6309795983796,376.39692189461744,320.9997863769531,320.9997863769531,540000,0.0,0.0
2005-02-15 00:00:00+09:00,332.382757525072,336.17707197762604,306.58134699251684,320.9997863769531,450000,0.0,0.0
2005-02-16 00:00:00+09:00,309.6168012984516,321.75864590697415,305.0636130440626,314.9288635253906,180000,0.0,0.0
2005-02-17 00:00:00+09:00,304.3047659660171,339.9714289712601,299.75157730921654,339.2125549316406,600000,0.0,0.0
2005-02-18 00:00:00+09:00,324.03523449140397,338.45364519003215,322.5174865722656,322.5174865722656,270000,0.0,0.0
2005-02-21 00:00:00+09:00,324.03525866999775,337.69482421875,312.6522873793709,337.69482421875,150000,0.0,0.0
2005-02-22 00:00:00+09:00,342.24802369648154,375.63806462158044,339.9714293654417,371.84375,900000,0.0,0.0
2005-02-23 00:00:00+09:00,361.2196125716155,399.1628686863078,355.14870382106596,394.60968017578125,780000,0.0,0.0
2005-02-24 00:00:00+09:00,417.37565401642706,447.7302278351226,409.7869966665236,435.5884094238281,1290000,0.0,0.0
2005-02-25 00:00:00+09:00,447.7302173716801,447.7302173716801,404.47492428997765,421.9288330078125,570000,0.0,0.0
2005-02-28 00:00:00+09:00,428.7585497898999,428.7585497898999,405.99260958495756,413.58123779296875,180000,0.0,0.0
2005-03-01 00:00:00+09:00,398.40403876998505,412.06360581352743,398.40403876998505,409.02813720703125,60000,0.0,0.0
2005-03-02 00:00:00+09:00,415.8579347321554,415.8579347321554,405.9927100621526,406.7515563964844,90000,0.0,0.0
2005-03-03 00:00:00+09:00,405.2337675275023,409.78695592668777,400.68057912831694,401.439453125,60000,0.0,0.0
2005-03-04 00:00:00+09:00,401.439480389652,417.3756408691406,400.6806063414283,417.3756408691406,120000,0.0,0.0
2005-03-07 00:00:00+09:00,415.0990664810727,424.2054443359375,405.99268862620795,424.2054443359375,90000,0.0,0.0
2005-03-08 00:00:00+09:00,421.16989379143433,422.6876138749457,409.78692368896316,413.58123779296875,60000,0.0,0.0
2005-03-09 00:00:00+09:00,405.23377202631355,414.34014892578125,405.23377202631355,414.34014892578125,60000,0.0,0.0
2005-03-10 00:00:00+09:00,410.54582992337083,414.34014432587315,401.439453125,401.439453125,30000,0.0,0.0
2005-03-11 00:00:00+09:00,401.4394806269095,401.4394806269095,380.95013142688606,393.0919494628906,60000,0.0,0.0
2005-03-14 00:00:00+09:00,387.021046747618,391.57423553288413,382.46785796235196,385.5033264160156,30000,0.0,0.0
2005-03-15 00:00:00+09:00,379.4323425292969,379.4323425292969,364.2550577210708,379.4323425292969,120000,0.0,0.0
2005-03-16 00:00:00+09:00,368.8082816284608,375.63806462158044,368.04940758796147,371.84375,30000,0.0,0.0
2005-03-17 00:00:00+09:00,379.4323385645616,379.4323385645616,371.8437101349707,374.879150390625,30000,0.0,0.0
2005-03-18 00:00:00+09:00,377.91465965911283,412.82244873046875,377.91465965911283,412.82244873046875,180000,0.0,0.0
2005-03-21 00:00:00+09:00,412.82244873046875,412.82244873046875,412.82244873046875,412.82244873046875,0,0.0,0.0
2005-03-22 00:00:00+09:00,440.1415612902766,447.73019021204306,431.79403056969375,446.9713439941406,570000,0.0,0.0
2005-03-23 00:00:00+09:00,446.9712898957741,446.9712898957741,424.96419643105224,427.9996643066406,210000,0.0,0.0
2005-03-24 00:00:00+09:00,431.79404043068126,436.34722900390625,422.68766328423135,436.34722900390625,180000,0.0,0.0
2005-03-25 00:00:00+09:00,436.34724255065055,440.1415850064414,413.58129897773904,434.0706481933594,420000,0.0,0.0
2005-03-28 00:00:00+09:00,500.85069602895004,500.85069602895004,484.914537518938,487.1911315917969,330000,0.0,3.0
2005-03-29 00:00:00+09:00,475.80821716609256,491.74437754964595,453.04227376101636,462.1486511230469,150000,0.0,0.0
2005-03-30 00:00:00+09:00,478.0847579956055,478.0847579956055,441.65925262451174,455.3188171386719,60000,0.0,0.0
2005-03-31 00:00:00+09:00,450.7656959084904,475.8082345700732,450.7656959084904,464.4252624511719,50000,0.0,0.0
2005-04-01 00:00:00+09:00,473.53161821209017,555.489013671875,464.42524093878075,555.489013671875,420000,0.0,0.0
2005-04-04 00:00:00+09:00,646.5526733398438,646.5526733398438,639.7228915792116,646.5526733398438,480000,0.0,0.0
2005-04-05 00:00:00+09:00,660.2124129770525,694.3613308896587,628.3400895919534,653.3826293945312,1100000,0.0,0.0
2005-04-06 00:00:00+09:00,728.5102066532259,744.4463674237651,655.6591859879032,705.7442626953125,820000,0.0,0.0
2005-04-07 00:00:00+09:00,717.1272277832031,819.573974609375,662.4889628092448,819.573974609375,820000,0.0,0.0
2005-04-08 00:00:00+09:00,819.5739143668831,928.8504362824675,796.8079723011364,876.48876953125,1320000,0.0,0.0
2005-04-11 00:00:00+09:00,899.2547024501844,910.6376733672753,774.042022362184,810.467529296875,850000,0.0,0.0
2005-04-12 00:00:00+09:00,796.8079706448227,801.3611590485075,746.722898204291,762.6590576171875,340000,0.0,0.0
2005-04-13 00:00:00+09:00,739.8931274414062,785.4250122070313,721.6803735351563,739.8931274414062,210000,0.0,0.0
2005-04-14 00:00:00+09:00,728.5102251838235,780.8718976189108,664.7655804802389,774.0421142578125,270000,0.0,0.0
2005-04-15 00:00:00+09:00,751.2761645047169,751.2761645047169,723.95703125,723.95703125,70000,0.0,0.0
2005-04-18 00:00:00+09:00,641.9996134440104,689.808095296224,641.9996134440104,655.6591796875,130000,0.0,0.0
2005-04-19 00:00:00+09:00,646.5528251986455,692.0847142971417,646.5528251986455,667.0421752929688,90000,0.0,0.0
2005-04-20 00:00:00+09:00,682.9783582521233,689.8081418346445,648.8294403395171,653.3826293945312,70000,0.0,0.0
2005-04-21 00:00:00+09:00,639.7229809570313,685.2548657226563,610.127255859375,682.978271484375,90000,0.0,0.0
2005-04-22 00:00:00+09:00,696.6378497945851,719.4037925983298,660.2123413085938,660.2123413085938,90000,0.0,0.0
2005-04-25 00:00:00+09:00,641.9995100691511,673.871826171875,641.9995100691511,673.871826171875,20000,0.0,0.0
2005-04-26 00:00:00+09:00,682.9783582521233,682.9783582521233,651.1060348670242,653.3826293945312,40000,0.0,0.0
2005-04-27 00:00:00+09:00,653.3824900380381,653.3824900380381,637.4463317444274,651.1058959960938,40000,0.0,0.0
2005-04-28 00:00:00+09:00,651.1059874386564,651.1059874386564,626.0634494602465,630.6166381835938,30000,0.0,0.0
2005-04-29 00:00:00+09:00,630.6166381835938,630.6166381835938,630.6166381835938,630.6166381835938,0,0.0,0.0
2005-05-02 00:00:00+09:00,632.893200774691,632.893200774691,603.2974755586083,610.1272583007812,20000,0.0,0.0
2005-05-03 00:00:00+09:00,610.1272583007812,610.1272583007812,610.1272583007812,610.1272583007812,0,0.0,0.0
2005-05-04 00:00:00+09:00,610.1272583007812,610.1272583007812,610.1272583007812,610.1272583007812,0,0.0,0.0
2005-05-05 00:00:00+09:00,610.1272583007812,610.1272583007812,610.1272583007812,610.1272583007812,0,0.0,0.0
2005-05-06 00:00:00+09:00,628.3400228921469,701.1910400390625,628.3400228921469,701.1910400390625,120000,0.0,0.0
2005-05-09 00:00:00+09:00,751.2761400113293,808.1909991030966,737.6165738293051,753.552734375,530000,0.0,0.0
2005-05-10 00:00:00+09:00,744.4463852272156,758.1059519286324,705.7442795732014,708.0208740234375,80000,0.0,0.0
2005-05-11 00:00:00+09:00,694.3612426757813,694.3612426757813,662.4889233398438,682.978271484375,50000,0.0,0.0
2005-05-12 00:00:00+09:00,751.2759647928542,755.8291524582655,685.2547436443913,698.914306640625,100000,0.0,0.0
2005-05-13 00:00:00+09:00,692.0846758336829,696.6378644904835,678.4251098632812,678.4251098632812,20000,0.0,0.0
2005-05-16 00:00:00+09:00,655.6591868156935,655.6591868156935,614.6804876397126,623.786865234375,40000,0.0,0.0
2005-05-17 00:00:00+09:00,655.6591271033654,655.6591271033654,571.4251420241136,591.9144897460938,60000,0.0,0.0
2005-05-18 00:00:00+09:00,603.2974962506976,644.2761941092355,591.9145246233259,637.4464111328125,70000,0.0,0.0
2005-05-19 00:00:00+09:00,626.0634104410807,637.4463815400095,582.8081202651515,601.0208740234375,80000,0.0,0.0
2005-05-20 00:00:00+09:00,582.8082107843137,601.0209673713235,555.4890759037991,580.5316162109375,260000,0.0,0.0
2005-05-23 00:00:00+09:00,603.297526845819,616.9570934913846,575.9783935546875,575.9783935546875,150000,0.0,0.0
2005-05-24 00:00:00+09:00,550.935817972819,562.3187894185385,530.4464693705241,546.3826293945312,210000,0.0,0.0
2005-05-25 00:00:00+09:00,519.0634963576858,528.169873486768,505.4039306640625,505.4039306640625,120000,0.0,0.0
2005-05-26 00:00:00+09:00,503.1274108886719,507.6806001274834,487.1912485528316,503.1274108886719,80000,0.0,0.0
2005-05-27 00:00:00+09:00,512.2337503636137,594.1911504217919,512.2337503636137,534.9996948242188,700000,0.0,0.0
2005-05-30 00:00:00+09:00,546.3826778017242,553.2124612742457,525.8933273841595,528.169921875,140000,0.0,0.0
2005-05-31 00:00:00+09:00,512.2337824181665,553.2124850116198,500.8508094755406,539.5529174804688,180000,0.0,0.0
2005-06-01 00:00:00+09:00,534.9996749933016,630.6166381835938,525.8932975466071,630.6166381835938,1580000,0.0,0.0
2005-06-02 00:00:00+09:00,685.2549677226069,721.6804809570312,662.4890219510918,721.6804809570312,1460000,0.0,0.0
2005-06-03 00:00:00+09:00,723.9569828974736,789.9782171868659,692.0846628956981,701.1910400390625,1260000,0.0,0.0
2005-06-06 00:00:00+09:00,676.1485515573171,815.0208129882812,660.2123904095016,815.0208129882812,2230000,0.0,0.0
2005-06-07 00:00:00+09:00,824.1271704524928,899.2547854384935,769.4889050081285,787.70166015625,1980000,0.0,0.0
2005-06-08 00:00:00+09:00,799.0846683427816,869.6590977405772,767.2123453889385,817.2974243164062,1010000,0.0,0.0
2005-06-09 00:00:00+09:00,817.2974175763277,883.318657436254,710.2974771136887,742.1697998046875,2140000,0.0,0.0
2005-06-10 00:00:00+09:00,785.425040891665,785.425040891665,728.5101828560371,735.3399658203125,460000,0.0,0.0
2005-06-13 00:00:00+09:00,717.1271763442257,805.9143505582728,698.9144226592931,803.6377563476562,1080000,0.0,0.0
2005-06-14 00:00:00+09:00,808.1910784040178,826.4038351004464,780.871943359375,796.80810546875,550000,0.0,0.0
2005-06-15 00:00:00+09:00,819.5739980201198,874.2122645547945,817.2974035811751,830.9569702148438,1250000,0.0,0.0
2005-06-16 00:00:00+09:00,819.573984375,862.8292779947917,808.1910123697917,853.722900390625,470000,0.0,0.0
2005-06-17 00:00:00+09:00,876.4887543129353,940.2333909902396,844.616435974283,858.2760009765625,1870000,0.0,0.0
2005-06-20 00:00:00+09:00,871.9355811181006,901.5313058035714,803.6377549208604,876.48876953125,970000,0.0,0.0
2005-06-21 00:00:00+09:00,865.1058282601805,953.8930053710938,865.1058282601805,953.8930053710938,1280000,0.0,0.0
2005-06-22 00:00:00+09:00,974.3822994006722,1015.3609942352799,947.0631695109338,962.9993286132812,1390000,0.0,0.0
2005-06-23 00:00:00+09:00,997.1482215294471,999.4248156425281,953.8929333809094,976.6588745117188,550000,0.0,0.0
2005-06-24 00:00:00+09:00,965.2759767955698,974.3823539351506,947.063222516408,953.8930053710938,250000,0.0,0.0
2005-06-27 00:00:00+09:00,937.956851007909,953.8930110978492,912.9143137237172,922.0206909179688,190000,0.0,0.0
2005-06-28 00:00:00+09:00,917.4675921011662,944.7867263572804,883.3186742810236,942.5101318359375,510000,0.0,0.0
2005-06-29 00:00:00+09:00,965.2761186280402,1008.5314163967495,944.7867670533884,1006.2548217773438,450000,0.0,0.0
2005-06-30 00:00:00+09:00,1019.914159494921,1033.5737241310137,990.3184361167202,1008.5311889648438,690000,0.0,0.0
2005-07-01 00:00:00+09:00,1008.5312497523928,1122.3609619140625,997.1482785362259,1122.3609619140625,1220000,0.0,0.0
2005-07-04 00:00:00+09:00,1122.360984547933,1131.4673617045084,1067.7227216084798,1092.7652587890625,880000,0.0,0.0
2005-07-05 00:00:00+09:00,1101.871602376302,1206.5949364864464,1101.871602376302,1202.041748046875,1180000,0.0,0.0
2005-07-06 00:00:00+09:00,1247.5737097309363,1247.5737097309363,1145.126963493907,1179.27587890625,590000,0.0,0.0
2005-07-07 00:00:00+09:00,1183.828926377624,1247.5735608748807,1156.5097973073712,1192.935302734375,610000,0.0,0.0
2005-07-08 00:00:00+09:00,1156.5099489795919,1211.1482142857142,1101.8716836734693,1115.53125,400000,0.0,0.0
2005-07-11 00:00:00+09:00,1126.9142047905482,1167.8929031465682,1095.0418838469773,1113.254638671875,460000,0.0,0.0
2005-07-12 00:00:00+09:00,1104.1482221104666,1156.509890375499,1097.3184392932885,1140.57373046875,450000,0.0,0.0
2005-07-13 00:00:00+09:00,1161.063137755102,1161.063137755102,1104.1482780612246,1115.53125,190000,0.0,0.0
2005-07-14 00:00:00+09:00,1117.8078651112958,1129.1908372611053,1097.3185152416386,1101.8717041015625,110000,0.0,0.0
2005-07-15 00:00:00+09:00,1097.3185230011636,1097.3185230011636,1065.4462007563166,1069.9993896484375,160000,0.0,0.0
2005-07-18 00:00:00+09:00,1069.9993896484375,1069.9993896484375,1069.9993896484375,1069.9993896484375,0,0.0,0.0
2005-07-19 00:00:00+09:00,1072.2758862304688,1145.1269018554688,1044.9567553710938,1138.297119140625,400000,0.0,0.0
2005-07-20 00:00:00+09:00,1120.0843628651999,1161.063059067585,1115.5311743982681,1154.2332763671875,230000,0.0,0.0
2005-07-21 00:00:00+09:00,1158.7864672851563,1158.7864672851563,1117.8077709960937,1138.297119140625,80000,0.0,0.0
2005-07-22 00:00:00+09:00,1108.7015993662149,1156.5100872238954,1099.5952207266566,1133.744140625,140000,0.0,0.0
2005-07-25 00:00:00+09:00,1158.7864648341192,1158.7864648341192,1136.0205224994606,1154.2332763671875,100000,0.0,0.0
2005-07-26 00:00:00+09:00,1156.5100872238954,1156.5100872238954,1122.361167325552,1133.744140625,90000,0.0,0.0
2005-07-27 00:00:00+09:00,1138.297109892874,1213.4247191458037,1138.297109892874,1202.041748046875,490000,0.0,0.0
2005-07-28 00:00:00+09:00,1206.5951238893995,1213.4249076095282,1161.063232421875,1161.063232421875,170000,0.0,0.0
2005-07-29 00:00:00+09:00,1199.7654031178772,1199.7654031178772,1165.616482725528,1186.1058349609375,70000,0.0,0.0
2005-08-01 00:00:00+09:00,1204.3184010952334,1263.509853701048,1186.1056464472904,1258.9566650390625,770000,0.0,0.0
2005-08-02 00:00:00+09:00,1258.9566590108989,1302.2119510926477,1229.3609328497023,1290.8289794921875,640000,0.0,0.0
2005-08-03 00:00:00+09:00,1304.4885980841818,1304.4885980841818,1165.6163389513108,1215.701416015625,470000,0.0,0.0
2005-08-04 00:00:00+09:00,1183.8292936137523,1240.744163499029,1172.446319636697,1227.0845947265625,190000,0.0,0.0
2005-08-05 00:00:00+09:00,1245.297038222804,1245.297038222804,1170.1694289698744,1202.041748046875,110000,0.0,0.0
2005-08-08 00:00:00+09:00,1110.9779653695914,1183.8289794921875,1106.4247769869291,1183.8289794921875,180000,0.0,0.0
2005-08-09 00:00:00+09:00,1179.2759165029545,1183.8291053697612,1156.5099721689205,1167.8929443359375,110000,0.0,0.0
2005-08-10 00:00:00+09:00,1190.6588886699712,1213.4248330040052,1145.1270000019035,1167.8929443359375,130000,0.0,0.0
2005-08-11 00:00:00+09:00,1149.6802595549939,1172.4462052887561,1147.4036649816176,1161.063232421875,60000,0.0,0.0
2005-08-12 00:00:00+09:00,1161.0632250236742,1163.3398195825444,1117.8079284051453,1126.914306640625,110000,0.0,0.0
2005-08-15 00:00:00+09:00,1092.7654024920885,1113.2547537888152,1074.552645783887,1079.1058349609375,70000,0.0,0.0
2005-08-16 00:00:00+09:00,1085.9353805425512,1192.935302734375,1085.9353805425512,1192.935302734375,230000,0.0,0.0
2005-08-17 00:00:00+09:00,1195.2122137322308,1261.2334598241064,1172.4462668039978,1186.1058349609375,340000,0.0,0.0
2005-08-18 00:00:00+09:00,1151.956914568588,1208.8717818891705,1151.956914568588,1186.1058349609375,70000,0.0,0.0
2005-08-19 00:00:00+09:00,1199.76509759365,1254.403356307592,1183.8289388020833,1243.0203857421875,180000,0.0,0.0
2005-08-22 00:00:00+09:00,1274.8929192038142,1274.8929192038142,1227.0844347336713,1238.4674072265625,210000,0.0,0.0
2005-08-23 00:00:00+09:00,1240.7438994340293,1240.7438994340293,1195.2120132162668,1224.8077392578125,110000,0.0,0.0
2005-08-24 00:00:00+09:00,1224.807793663682,1224.807793663682,1183.829094247425,1215.701416015625,60000,0.0,0.0
2005-08-25 00:00:00+09:00,1224.8078898930244,1297.6589168011596,1224.8078898930244,1245.2972412109375,340000,0.0,0.0
2005-08-26 00:00:00+09:00,1245.2972031745358,1263.5099593452785,1229.361041525136,1256.68017578125,80000,0.0,0.0
2005-08-29 00:00:00+09:00,1258.9566539211344,1265.7864368537987,1222.5311449469243,1224.8077392578125,60000,0.0,0.0
2005-08-30 00:00:00+09:00,1227.0842301218133,1245.2969830735285,1211.1480712890625,1211.1480712890625,60000,0.0,0.0
2005-08-31 00:00:00+09:00,1202.0418191964286,1206.595007905506,1179.2758756510416,1195.2120361328125,70000,0.0,0.0
2005-09-01 00:00:00+09:00,1183.8291224616976,1192.9355003267874,1165.6163667315175,1170.1695556640625,80000,0.0,0.0
2005-09-02 00:00:00+09:00,1183.8288920318487,1202.041644216954,1183.8288920318487,1188.382080078125,50000,0.0,0.0
2005-09-05 00:00:00+09:00,1174.7227445966075,1174.7227445966075,1151.9567999338826,1170.1695556640625,40000,0.0,0.0
2005-09-06 00:00:00+09:00,1161.0629897373572,1161.0629897373572,1140.573642859639,1145.1268310546875,70000,0.0,0.0
2005-09-07 00:00:00+09:00,1158.7865363226997,1172.4461025661892,1145.12697007921,1147.403564453125,40000,0.0,0.0
2005-09-08 00:00:00+09:00,1149.6801888687105,1170.1695387693408,1138.2972167016935,1167.8929443359375,40000,0.0,0.0
2005-09-09 00:00:00+09:00,1183.8291224616976,1183.8291224616976,1151.9567999338826,1170.1695556640625,30000,0.0,0.0
2005-09-12 00:00:00+09:00,1170.1695254486385,1170.1695254486385,1140.5737981512996,1149.68017578125,70000,0.0,0.0
2005-09-13 00:00:00+09:00,1149.680019249736,1151.9566133472601,1133.7438605670663,1145.1268310546875,110000,0.0,0.0
2005-09-14 00:00:00+09:00,1131.4673364257812,1138.297119140625,1126.914147949219,1138.297119140625,60000,0.0,0.0
2005-09-15 00:00:00+09:00,1138.2972573334316,1240.7440104934403,1138.2972573334316,1206.5950927734375,240000,0.0,0.0
2005-09-16 00:00:00+09:00,1229.360878684304,1229.360878684304,1183.828994288589,1202.041748046875,80000,0.0,0.0
2005-09-19 00:00:00+09:00,1202.041748046875,1202.041748046875,1202.041748046875,1202.041748046875,0,0.0,0.0
2005-09-20 00:00:00+09:00,1238.4674159787735,1238.4674159787735,1190.6589311707694,1206.5950927734375,40000,0.0,0.0
2005-09-21 00:00:00+09:00,1227.0842533111572,1227.0842533111572,1149.6800518035889,1165.6162109375,60000,0.0,0.0
2005-09-22 00:00:00+09:00,1149.68017578125,1161.063147818688,1142.8503925587872,1149.68017578125,30000,0.0,0.0
2005-09-23 00:00:00+09:00,1149.68017578125,1149.68017578125,1149.68017578125,1149.68017578125,0,0.0,0.0
2005-09-26 00:00:00+09:00,1149.6802595549939,1161.063232421875,1133.7440975413604,1161.063232421875,50000,0.0,0.0
2005-09-27 00:00:00+09:00,1138.2970711212474,1138.2970711212474,1099.594970703125,1099.594970703125,50000,0.0,0.0
2005-09-28 00:00:00+09:00,1099.5951000612174,1110.9780721115405,1060.8929950901186,1067.7227783203125,50000,0.0,0.0
2005-09-29 00:00:00+09:00,1067.7226201708072,1067.7226201708072,972.1056691107349,974.3822631835938,140000,0.0,0.0
2005-09-30 00:00:00+09:00,978.9355681046196,1067.7227475373643,972.1057850713315,1047.2333984375,130000,0.0,0.0
2005-10-03 00:00:00+09:00,1069.999310574551,1131.467356075642,1054.0631506298234,1124.6375732421875,50000,0.0,0.0
2005-10-04 00:00:00+09:00,1126.9141354904962,1136.0205123429446,1101.871599146263,1104.148193359375,40000,0.0,0.0
2005-10-05 00:00:00+09:00,1099.5950416564942,1104.148230234782,1092.7652587890625,1092.7652587890625,10000,0.0,0.0
2005-10-06 00:00:00+09:00,1074.5525615505064,1074.5525615505064,1058.6164006800539,1067.7227783203125,20000,0.0,0.0
2005-10-07 00:00:00+09:00,1047.2336589953904,1067.7230131931265,1047.2336589953904,1049.51025390625,20000,0.0,0.0
2005-10-10 00:00:00+09:00,1049.51025390625,1049.51025390625,1049.51025390625,1049.51025390625,0,0.0,0.0
2005-10-11 00:00:00+09:00,1047.2332920172275,1069.9992331480369,1047.2332920172275,1065.446044921875,90000,0.0,0.0
2005-10-12 00:00:00+09:00,1081.3823308503363,1172.4461060798383,1081.3823308503363,1131.4674072265625,160000,0.0,0.0
2005-10-13 00:00:00+09:00,1161.0631306966145,1240.7439337836372,1149.6801588270398,1229.3609619140625,230000,0.0,0.0
2005-10-14 00:00:00+09:00,1229.3608611539373,1249.8502088398363,1172.4460064708846,1199.76513671875,100000,0.0,0.0
2005-10-17 00:00:00+09:00,1181.5524998354108,1220.2546048396534,1154.2333668912395,1215.701416015625,40000,0.0,0.0
2005-10-18 00:00:00+09:00,1249.8501507400374,1249.8501507400374,1211.1480513546446,1240.7437744140625,80000,0.0,0.0
2005-10-19 00:00:00+09:00,1252.126708984375,1263.5096790660511,1238.4671448863635,1252.126708984375,200000,0.0,0.0
2005-10-20 00:00:00+09:00,1252.126882046084,1263.509853701048,1249.8502877150909,1258.9566650390625,160000,0.0,0.0
2005-10-21 00:00:00+09:00,1263.5098092667179,1318.1480712890625,1252.1268380120628,1318.1480712890625,120000,0.0,0.0
2005-10-24 00:00:00+09:00,1318.1481795400944,1461.5736291273583,1299.9354240369496,1447.9140625,450000,0.0,0.0
2005-10-25 00:00:00+09:00,1402.3820182894483,1491.1691915253064,1402.3820182894483,1475.2330322265625,290000,0.0,0.0
2005-10-26 00:00:00+09:00,1497.9991226316436,1497.9991226316436,1436.5310735266978,1445.637451171875,140000,0.0,0.0
2005-10-27 00:00:00+09:00,1468.403158272262,1543.53076171875,1438.8074357024336,1543.53076171875,260000,0.0,0.0
2005-10-28 00:00:00+09:00,1543.5309060003524,1593.6159796463814,1491.1692380976856,1513.9351806640625,390000,0.0,0.0
2005-10-31 00:00:00+09:00,1502.552440068493,1536.7013591609589,1452.4673587328766,1495.72265625,50000,0.0,0.0
2005-11-01 00:00:00+09:00,1491.1694480342444,1548.0843124630323,1441.0843673369109,1443.3609619140625,60000,0.0,0.0
2005-11-02 00:00:00+09:00,1466.126790889617,1502.5523012222782,1393.2757702242943,1411.488525390625,150000,0.0,0.0
2005-11-03 00:00:00+09:00,1411.488525390625,1411.488525390625,1411.488525390625,1411.488525390625,0,0.0,0.0
2005-11-04 00:00:00+09:00,1388.7224878629586,1411.4884302869414,1347.7437914997893,1350.0203857421875,80000,0.0,0.0
2005-11-07 00:00:00+09:00,1347.743836449795,1418.3182603179432,1322.701298948194,1388.7225341796875,90000,0.0,0.0
2005-11-08 00:00:00+09:00,1370.5095747739529,1388.7223265981916,1345.467041015625,1345.467041015625,60000,0.0,0.0
2005-11-09 00:00:00+09:00,1336.3608425798088,1345.4672197013067,1320.4246826171875,1320.4246826171875,90000,0.0,0.0
2005-11-10 00:00:00+09:00,1343.1907284056367,1381.8928341393585,1327.2545672211631,1334.0843505859375,80000,0.0,0.0
2005-11-11 00:00:00+09:00,1338.6375482594115,1411.4885712939372,1338.6375482594115,1368.2332763671875,80000,0.0,0.0
2005-11-14 00:00:00+09:00,1429.7011457462374,1445.6373050141094,1359.1267261313753,1361.4033203125,310000,0.0,0.0
2005-11-15 00:00:00+09:00,1363.6797398158483,1450.1903076171875,1363.6797398158483,1450.1903076171875,130000,0.0,0.0
2005-11-16 00:00:00+09:00,1457.0204133064517,1457.0204133064517,1411.488525390625,1411.488525390625,70000,0.0,0.0
2005-11-17 00:00:00+09:00,1434.2545984464214,1434.2545984464214,1395.552490234375,1395.552490234375,80000,0.0,0.0
2005-11-18 00:00:00+09:00,1397.8290848350837,1406.935463237918,1372.786544227289,1395.552490234375,40000,0.0,0.0
2005-11-21 00:00:00+09:00,1400.1055057713243,1418.3182603179432,1377.3395625880507,1388.7225341796875,90000,0.0,0.0
2005-11-22 00:00:00+09:00,1390.9992552293868,1395.5524442808742,1372.7864990234375,1372.7864990234375,40000,0.0,0.0
2005-11-23 00:00:00+09:00,1372.7864990234375,1372.7864990234375,1372.7864990234375,1372.7864990234375,0,0.0,0.0
2005-11-24 00:00:00+09:00,1400.1054193165678,1409.2117960275698,1377.3394775390625,1377.3394775390625,30000,0.0,0.0
2005-11-25 00:00:00+09:00,1422.8714663541455,1422.8714663541455,1381.892768123146,1390.9991455078125,40000,0.0,0.0
2005-11-28 00:00:00+09:00,1400.1056159695052,1457.0204784072898,1400.1056159695052,1436.5311279296875,110000,0.0,0.0
2005-11-29 00:00:00+09:00,1457.020490269461,1529.8715147829341,1450.190706721323,1520.76513671875,220000,0.0,0.0
2005-11-30 00:00:00+09:00,1527.5947835286458,1532.1479721531723,1493.445868844697,1502.55224609375,80000,0.0,0.0
2005-12-01 00:00:00+09:00,1502.552146911621,1502.552146911621,1452.4670753479004,1457.020263671875,110000,0.0,0.0
2005-12-02 00:00:00+09:00,1459.2968578338623,1461.5734519958496,1443.3606986999512,1457.020263671875,70000,0.0,0.0
2005-12-05 00:00:00+09:00,1502.55224609375,1509.3820290305398,1479.7863029711175,1502.55224609375,80000,0.0,0.0
2005-12-06 00:00:00+09:00,1504.82884829345,1561.743706398346,1504.82884829345,1552.6373291015625,160000,0.0,0.0
2005-12-07 00:00:00+09:00,1559.4670282620102,1630.0414485191232,1525.318115234375,1525.318115234375,210000,0.0,0.0
2005-12-08 00:00:00+09:00,1518.4883060455322,1518.4883060455322,1452.4670753479004,1457.020263671875,180000,0.0,0.0
2005-12-09 00:00:00+09:00,1486.6162189780596,1536.7012983310722,1484.3396244620135,1520.76513671875,50000,0.0,0.0
2005-12-12 00:00:00+09:00,1548.0841606185281,1611.8288025263498,1525.3182170800203,1538.977783203125,110000,0.0,0.0
2005-12-13 00:00:00+09:00,1525.318386130137,1525.318386130137,1484.3396832191781,1495.72265625,100000,0.0,0.0
2005-12-14 00:00:00+09:00,1504.8288088562667,1507.1054031207998,1468.4033006237398,1482.0628662109375,110000,0.0,0.0
2005-12-15 00:00:00+09:00,1491.169083769325,1511.6584299585218,1472.95633160115,1509.3818359375,60000,0.0,0.0
2005-12-16 00:00:00+09:00,1536.701124805515,1611.8287353515625,1513.9351822158037,1611.8287353515625,210000,0.0,0.0
2005-12-19 00:00:00+09:00,1655.0839756307082,1684.67970009178,1589.062744140625,1589.062744140625,250000,0.0,0.0
2005-12-20 00:00:00+09:00,1700.6160764694214,1750.7011550267537,1661.9139703114827,1748.424560546875,200000,0.0,0.0
2005-12-21 00:00:00+09:00,1748.4243630573249,1821.2753781847132,1707.4456670481686,1787.12646484375,300000,0.0,0.0
2005-12-22 00:00:00+09:00,1855.4242969285267,1869.0838623046875,1787.126470047722,1869.0838623046875,300000,0.0,0.0
2005-12-23 00:00:00+09:00,1869.0838623046875,1869.0838623046875,1869.0838623046875,1869.0838623046875,0,0.0,0.0
2005-12-26 00:00:00+09:00,1960.1479746666328,2096.74365234375,1935.1054337591613,2096.74365234375,310000,0.0,0.0
2005-12-27 00:00:00+09:00,2117.232399567735,2322.1258575904185,2046.6579862488102,2242.445068359375,340000,0.0,0.0
2005-12-28 00:00:00+09:00,2313.0200761131973,2586.2114236856223,2103.573376307672,2121.7861328125,440000,0.0,0.0
2005-12-29 00:00:00+09:00,2249.2749837239585,2486.040771484375,2203.74310146234,2486.040771484375,240000,0.0,0.0
2005-12-30 00:00:00+09:00,2549.78564453125,2731.9131905691966,2367.6580984933034,2549.78564453125,240000,0.0,0.0
2006-01-02 00:00:00+09:00,2549.78564453125,2549.78564453125,2549.78564453125,2549.78564453125,0,0.0,0.0
2006-01-03 00:00:00+09:00,2549.78564453125,2549.78564453125,2549.78564453125,2549.78564453125,0,0.0,0.0
2006-01-04 00:00:00+09:00,2613.5299791439556,2631.742731611858,2349.445068359375,2349.445068359375,130000,0.0,0.0
2006-01-05 00:00:00+09:00,2185.5306846217104,2185.5306846217104,2048.9350168328538,2076.254150390625,370000,0.0,0.0
2006-01-06 00:00:00+09:00,2085.360578116724,2258.3817614539194,2085.360578116724,2149.105224609375,270000,0.0,0.0
2006-01-09 00:00:00+09:00,2149.105224609375,2149.105224609375,2149.105224609375,2149.105224609375,0,0.0,0.0
2006-01-10 00:00:00+09:00,2185.5307112068967,2212.849845096983,2094.466931573276,2112.6796875,130000,0.0,0.0
2006-01-11 00:00:00+09:00,2094.4670172497235,2094.4670172497235,2021.6159905627765,2058.04150390625,90000,0.0,0.0
2006-01-12 00:00:00+09:00,1985.1904193425582,2149.105224609375,1912.3393947795287,2149.105224609375,310000,0.0,0.0
2006-01-13 00:00:00+09:00,2176.424290433843,2203.743423786569,2085.360512591423,2139.998779296875,190000,0.0,0.0
2006-01-16 00:00:00+09:00,2139.998564780008,2185.5304491370293,2094.4666804229864,2176.424072265625,130000,0.0,0.0
2006-01-17 00:00:00+09:00,2121.7859131974174,2167.317799746718,1994.296630859375,1994.296630859375,140000,0.0,0.0
2006-01-18 00:00:00+09:00,1630.0415229222283,1885.020085167046,1630.0415229222283,1812.1690673828125,280000,0.0,0.0
2006-01-19 00:00:00+09:00,1538.9776876136739,1912.339138454861,1538.9776876136739,1721.105224609375,410000,0.0,0.0
2006-01-20 00:00:00+09:00,1803.0626260946085,1875.9136412903501,1639.1478419041896,1657.360595703125,140000,0.0,0.0
2006-01-23 00:00:00+09:00,1502.5524781879626,1566.297128777755,1384.1695556640625,1384.1695556640625,120000,0.0,0.0
2006-01-24 00:00:00+09:00,1520.7649422111092,1657.360595703125,1520.7649422111092,1657.360595703125,160000,0.0,0.0
2006-01-25 00:00:00+09:00,1930.5517578125,1930.5517578125,1930.5517578125,1930.5517578125,160000,0.0,0.0
2006-01-26 00:00:00+09:00,2039.8287285407725,2185.530780579399,2021.6159720359442,2121.7861328125,350000,0.0,0.0
2006-01-27 00:00:00+09:00,2185.5303485576924,2221.9558543669873,2094.466584034455,2130.89208984375,170000,0.0,0.0
2006-01-30 00:00:00+09:00,2185.530719521605,2285.7008774996784,2139.9988295315716,2212.849853515625,280000,0.0,0.0
2006-01-31 00:00:00+09:00,2212.8497177693853,2258.3816049662864,2149.105075693724,2194.636962890625,160000,0.0,0.0
2006-02-01 00:00:00+09:00,2267.4877128309877,2440.5088636092555,2203.743078333731,2385.87060546875,620000,0.0,0.0
2006-02-02 00:00:00+09:00,2322.126329746171,2449.6156184381175,2285.700818691329,2303.91357421875,320000,0.0,0.0
2006-02-03 00:00:00+09:00,2303.913369140625,2303.913369140625,2194.6368457031253,2276.59423828125,260000,0.0,0.0
2006-02-06 00:00:00+09:00,2385.870929801551,2522.4665937214872,2303.9135314495898,2495.1474609375,490000,0.0,0.0
2006-02-07 00:00:00+09:00,2486.041056315104,2659.0622287326387,2422.296413845486,2622.63671875,560000,0.0,0.0
2006-02-08 00:00:00+09:00,2640.849048511402,2859.4020732157937,2577.104416305954,2695.4873046875,890000,0.0,0.0
2006-02-09 00:00:00+09:00,2731.9133005324443,2877.615343227508,2731.9133005324443,2859.402587890625,540000,0.0,0.0
2006-02-10 00:00:00+09:00,2904.934449029738,2941.3599593623994,2731.9132749495966,2822.97705078125,440000,0.0,0.0
2006-02-13 00:00:00+09:00,2786.5516859522404,2786.5516859522404,2413.190185546875,2413.190185546875,290000,0.0,0.0
2006-02-14 00:00:00+09:00,2340.3390163845484,2404.0836588541665,2048.9349365234375,2294.80712890625,280000,0.0,0.0
2006-02-15 00:00:00+09:00,2458.72177734375,2522.4664160156253,2276.59423828125,2276.59423828125,180000,0.0,0.0
2006-02-16 00:00:00+09:00,2294.806944861779,2431.4025963416466,2231.0623075045073,2367.657958984375,130000,0.0,0.0
2006-02-17 00:00:00+09:00,2313.01974609375,2358.551630859375,2003.4029296875,2276.59423828125,150000,0.0,0.0
2006-02-20 00:00:00+09:00,2058.0412702287945,2185.5305524553573,1912.3392333984375,1912.3392333984375,140000,0.0,0.0
2006-02-21 00:00:00+09:00,1875.913775510204,2231.0625,1875.913775510204,2231.0625,290000,0.0,0.0
2006-02-22 00:00:00+09:00,2158.2113652266853,2340.338906596026,2094.466725747416,2313.019775390625,170000,0.0,0.0
2006-02-23 00:00:00+09:00,2385.8708910339574,2549.7856850744583,2340.339003800485,2522.466552734375,190000,0.0,0.0
2006-02-24 00:00:00+09:00,2558.892063360699,2750.1259898040257,2531.5729310116526,2686.38134765625,260000,0.0,0.0
2006-02-27 00:00:00+09:00,2649.9555476262017,2786.5511944110576,2458.721642127404,2486.040771484375,280000,0.0,0.0
2006-02-28 00:00:00+09:00,2504.253464336543,2531.5725930383965,2276.5940584877662,2349.445068359375,180000,0.0,0.0
2006-03-01 00:00:00+09:00,2349.4453803692086,2376.764512699083,2167.3178315033783,2358.5517578125,100000,0.0,0.0
2006-03-02 00:00:00+09:00,2413.190134248845,2431.4028899790246,2285.700844137585,2340.339111328125,70000,0.0,0.0
2006-03-03 00:00:00+09:00,2267.487941054047,2221.9560546875,2167.3177910476434,2221.9560546875,120000,0.0,0.0
2006-03-06 00:00:00+09:00,2249.2749601174855,2385.87060546875,2240.1685837607347,2385.87060546875,90000,0.0,0.0
2006-03-07 00:00:00+09:00,2376.7647547568045,2385.87113312752,2240.1690791960687,2258.3818359375,120000,0.0,0.0
2006-03-08 00:00:00+09:00,2185.530545594262,2276.5943183273566,2167.3177910476434,2221.9560546875,100000,0.0,0.0
2006-03-09 00:00:00+09:00,2249.275078005907,2285.700585342035,2194.636817001715,2240.168701171875,120000,0.0,0.0
2006-03-10 00:00:00+09:00,2276.594267116757,2340.338906596026,2276.594267116757,2313.019775390625,110000,0.0,0.0
2006-03-13 00:00:00+09:00,2358.551721191406,2586.211153738839,2331.2325892857143,2549.78564453125,360000,0.0,0.0
2006-03-14 00:00:00+09:00,2558.89164030068,2595.3171440772026,2458.721504915244,2467.827880859375,210000,0.0,0.0
2006-03-15 00:00:00+09:00,2476.934187856464,2522.466066309708,2331.2321768060838,2394.976806640625,160000,0.0,0.0
2006-03-16 00:00:00+09:00,2394.977378518665,2431.4028899790246,2294.807222002675,2340.339111328125,70000,0.0,0.0
2006-03-17 00:00:00+09:00,2331.2326254826253,2394.977267585666,2285.7007382661677,2358.5517578125,80000,0.0,0.0
2006-03-20 00:00:00+09:00,2340.339002925917,2413.190022472249,2322.126248039334,2358.5517578125,60000,0.0,0.0
2006-03-21 00:00:00+09:00,2358.5517578125,2358.5517578125,2358.5517578125,2358.5517578125,0,0.0,0.0
2006-03-22 00:00:00+09:00,2331.232843137255,2331.232843137255,2313.020086550245,2322.12646484375,30000,0.0,0.0
2006-03-23 00:00:00+09:00,2367.6583563112745,2431.403004365809,2303.9137082567404,2322.12646484375,100000,0.0,0.0
2006-03-24 00:00:00+09:00,2313.0197862632845,2322.126163374557,2240.1687693731024,2249.275146484375,50000,0.0,0.0
2006-03-27 00:00:00+09:00,2231.0624726481456,2240.1688500875257,2194.636962890625,2194.636962890625,50000,0.0,0.0
2006-03-28 00:00:00+09:00,2194.636883816738,2267.4879007069203,2167.31775248292,2249.275146484375,60000,0.0,0.0
2006-03-29 00:00:00+09:00,2267.4877128309877,2431.4024872525047,2258.3813364742364,2385.87060546875,200000,0.0,0.0
2006-03-30 00:00:00+09:00,2422.296346784967,2495.1473647333873,2413.189969541415,2449.615478515625,190000,0.0,0.0
2006-03-31 00:00:00+09:00,2440.5088636092555,2458.7216163227577,2376.7642291119987,2385.87060546875,60000,0.0,0.0
2006-04-03 00:00:00+09:00,2358.5519171948704,2476.934831957547,2358.5519171948704,2413.190185546875,130000,0.0,0.0
2006-04-04 00:00:00+09:00,2440.5087928041185,2440.5087928041185,2313.019527508381,2376.76416015625,140000,0.0,0.0
2006-04-05 00:00:00+09:00,2376.7643357496995,2394.9770892803485,2331.232451923077,2367.657958984375,40000,0.0,0.0
2006-04-06 00:00:00+09:00,2340.3388286884015,2367.657958984375,2331.232451923077,2367.657958984375,40000,0.0,0.0
2006-04-07 00:00:00+09:00,2367.657958984375,2376.7643357496995,2340.3388286884015,2367.657958984375,40000,0.0,0.0
2006-04-10 00:00:00+09:00,2367.657820827277,2385.8705732951794,2322.125939657522,2349.445068359375,80000,0.0,0.0
2006-04-11 00:00:00+09:00,2331.232529527559,2331.232529527559,2276.594267116757,2313.019775390625,50000,0.0,0.0
2006-04-12 00:00:00+09:00,2349.445433198736,2431.40283203125,2322.1263002545643,2431.40283203125,180000,0.0,0.0
2006-04-13 00:00:00+09:00,2440.508973106971,2440.508973106971,2340.3388286884015,2367.657958984375,90000,0.0,0.0
2006-04-14 00:00:00+09:00,2404.0836450289576,2422.2963999155404,2340.339002925917,2358.5517578125,90000,0.0,0.0
2006-04-17 00:00:00+09:00,2331.232405462185,2331.232405462185,2130.8921206177783,2167.317626953125,120000,0.0,0.0
2006-04-18 00:00:00+09:00,2130.892451533565,2285.7008774996784,2058.0414275495114,2212.849853515625,120000,0.0,0.0
2006-04-19 00:00:00+09:00,2221.95631840058,2240.1690751087817,2139.9989132136734,2158.211669921875,70000,0.0,0.0
2006-04-20 00:00:00+09:00,2139.9985839843753,2158.211337890625,2048.934814453125,2048.934814453125,100000,0.0,0.0
2006-04-21 00:00:00+09:00,2021.6157041432168,2039.8284582345973,1912.3391795949349,1921.445556640625,80000,0.0,0.0
2006-04-24 00:00:00+09:00,1812.1692022067398,1921.4457370131763,1748.4245569029852,1830.3819580078125,150000,0.0,0.0
2006-04-25 00:00:00+09:00,1875.9137398097828,2194.6369480298913,1875.9137398097828,2094.466796875,540000,0.0,0.0
2006-04-26 00:00:00+09:00,2085.3605282432154,2212.849818179482,2039.8286389802631,2076.254150390625,190000,0.0,0.0
2006-04-27 00:00:00+09:00,2112.6796618009867,2112.6796618009867,2058.041394685444,2076.254150390625,30000,0.0,0.0
2006-04-28 00:00:00+09:00,2094.4667396889076,2094.4667396889076,1994.2965912690033,2021.61572265625,50000,0.0,0.0
2006-05-01 00:00:00+09:00,2012.5093455271679,2039.8284769144143,2003.4029683980855,2021.61572265625,20000,0.0,0.0
2006-05-02 00:00:00+09:00,2021.6153397749174,2285.7002265022716,1985.1898381573515,2067.147216796875,440000,0.0,0.0
2006-05-03 00:00:00+09:00,2067.147216796875,2067.147216796875,2067.147216796875,2067.147216796875,0,0.0,0.0
2006-05-04 00:00:00+09:00,2067.147216796875,2067.147216796875,2067.147216796875,2067.147216796875,0,0.0,0.0
2006-05-05 00:00:00+09:00,2067.147216796875,2067.147216796875,2067.147216796875,2067.147216796875,0,0.0,0.0
2006-05-08 00:00:00+09:00,2121.785469223224,2139.9982200320073,2039.8280905837005,2067.147216796875,120000,0.0,0.0
2006-05-09 00:00:00+09:00,2067.147914420426,2094.4670498532946,2012.5096435546875,2012.5096435546875,80000,0.0,0.0
2006-05-10 00:00:00+09:00,2039.8285454035874,2121.7859423171244,2012.5094130990751,2030.72216796875,150000,0.0,0.0
2006-05-11 00:00:00+09:00,2039.828603707108,2067.147736792471,1848.5946721095665,1857.7010498046875,200000,0.0,0.0
2006-05-12 00:00:00+09:00,1839.4884102776878,1839.4884102776878,1730.2118710532707,1757.531005859375,380000,0.0,0.0
2006-05-15 00:00:00+09:00,1739.31818262736,1812.1692059834797,1739.31818262736,1748.424560546875,130000,0.0,0.0
2006-05-16 00:00:00+09:00,1793.9563666449653,1830.3818766276042,1639.14794921875,1639.14794921875,160000,0.0,0.0
2006-05-17 00:00:00+09:00,1666.4668707275391,1821.2752685546875,1557.1903546142578,1821.2752685546875,220000,0.0,0.0
2006-05-18 00:00:00+09:00,1675.5734722676702,1793.9563806344077,1675.5734722676702,1739.318115234375,160000,0.0,0.0
2006-05-19 00:00:00+09:00,1730.2117496905942,1866.8074141398515,1730.2117496905942,1839.48828125,170000,0.0,0.0
2006-05-22 00:00:00+09:00,1875.913707944017,1930.5519712821922,1775.7435584906957,1812.1690673828125,130000,0.0,0.0
2006-05-23 00:00:00+09:00,1766.6371088583003,1793.9562394076554,1711.99884775959,1721.105224609375,90000,0.0,0.0
2006-05-24 00:00:00+09:00,1757.5307082343347,1775.7434616875403,1684.6796944215125,1766.6370849609375,50000,0.0,0.0
2006-05-25 00:00:00+09:00,1775.7437623967778,1784.8501406654793,1748.4246275906735,1757.531005859375,60000,0.0,0.0
2006-05-26 00:00:00+09:00,1793.956446405667,1839.488335908349,1748.4245569029852,1830.3819580078125,150000,0.0,0.0
2006-05-29 00:00:00+09:00,1821.2753607302297,1830.3817375338808,1730.211592693718,1784.849853515625,80000,0.0,0.0
2006-05-30 00:00:00+09:00,1793.9562303192763,1812.1689839265784,1657.360578264509,1784.849853515625,110000,0.0,0.0
2006-05-31 00:00:00+09:00,1730.2117817628316,1739.3181595615833,1620.9352481778108,1630.0416259765625,180000,0.0,0.0
2006-06-01 00:00:00+09:00,1684.6797884427583,1711.9989201472356,1356.8502079890325,1420.5948486328125,240000,0.0,0.0
2006-06-02 00:00:00+09:00,1384.1692648051699,1520.7649159372588,1156.509846251688,1475.2330322265625,270000,0.0,0.0
2006-06-05 00:00:00+09:00,1529.8713420286017,1657.3606205309852,1475.2330798132946,1611.8287353515625,230000,0.0,0.0
2006-06-06 00:00:00+09:00,1520.765111256231,1611.8288903733705,1466.1268437859471,1484.339599609375,200000,0.0,0.0
2006-06-07 00:00:00+09:00,1466.1266988118489,1575.4032229468935,1457.0203218005952,1529.871337890625,130000,0.0,0.0
2006-06-08 00:00:00+09:00,1420.5949418914986,1493.445964552601,1420.5949418914986,1466.1268310546875,50000,0.0,0.0
2006-06-09 00:00:00+09:00,1529.8715147829341,1548.0842709113024,1438.8077341410929,1520.76513671875,80000,0.0,0.0
2006-06-12 00:00:00+09:00,1511.658677294075,1575.4033203125,1475.2331669978323,1575.4033203125,50000,0.0,0.0
2006-06-13 00:00:00+09:00,1520.765000591856,1575.4032640861742,1475.2331143465908,1502.55224609375,80000,0.0,0.0
2006-06-14 00:00:00+09:00,1529.8715625,1593.6162109375,1493.446049107143,1593.6162109375,90000,0.0,0.0
2006-06-15 00:00:00+09:00,1684.6799797097635,1784.8501406654793,1666.4672231723607,1757.531005859375,240000,0.0,0.0
2006-06-16 00:00:00+09:00,1812.1690673828125,1848.5945762749293,1803.0626901597832,1812.1690673828125,160000,0.0,0.0
2006-06-19 00:00:00+09:00,1839.4880987737597,1848.5944755003625,1757.5307082343347,1766.6370849609375,50000,0.0,0.0
2006-06-20 00:00:00+09:00,1803.0628280639648,1803.0628280639648,1711.9990488688152,1748.424560546875,20000,0.0,0.0
2006-06-21 00:00:00+09:00,1730.2117103943851,1748.4244652406417,1675.573445855615,1702.892578125,30000,0.0,0.0
2006-06-22 00:00:00+09:00,1739.3177847354968,1739.3177847354968,1693.7859055539393,1711.9986572265625,20000,0.0,0.0
2006-06-23 00:00:00+09:00,1684.6798232787432,1711.9989555481284,1666.4670684324867,1702.892578125,30000,0.0,0.0
2006-06-26 00:00:00+09:00,1757.53084266377,1757.53084266377,1693.7862007018716,1702.892578125,30000,0.0,0.0
2006-06-27 00:00:00+09:00,1702.892658434416,1730.2117919921875,1693.7862805818256,1730.2117919921875,20000,0.0,0.0
2006-06-28 00:00:00+09:00,1711.9990362870064,1730.2117919921875,1693.7862805818256,1730.2117919921875,20000,0.0,0.0
2006-06-29 00:00:00+09:00,1739.318049598579,1812.1690673828125,1730.2116723755496,1812.1690673828125,50000,0.0,0.0
2006-06-30 00:00:00+09:00,1839.488114337532,1848.5944911411832,1766.6370999083229,1784.849853515625,70000,0.0,0.0
2006-07-03 00:00:00+09:00,1803.062770730198,1839.48828125,1766.637260210396,1839.48828125,60000,0.0,0.0
2006-07-04 00:00:00+09:00,1848.5945762749293,1866.8073307209877,1793.956312936754,1812.1690673828125,40000,0.0,0.0
2006-07-05 00:00:00+09:00,1757.531005859375,1775.7437623967778,1739.3182493219722,1757.531005859375,30000,0.0,0.0
2006-07-06 00:00:00+09:00,1766.637234157986,1839.488254123264,1748.4244791666667,1803.062744140625,70000,0.0,0.0
2006-07-07 00:00:00+09:00,1848.5947040758635,1939.6584826017681,1730.2117919921875,1730.2117919921875,230000,0.0,0.0
2006-07-10 00:00:00+09:00,1711.9987617748207,1912.3390424080444,1711.9987617748207,1903.232666015625,180000,0.0,0.0
2006-07-11 00:00:00+09:00,1866.807386610243,1885.0201416015625,1775.7436116536458,1803.062744140625,110000,0.0,0.0
2006-07-12 00:00:00+09:00,1803.0626901597832,1812.1690673828125,1757.5308040446373,1812.1690673828125,20000,0.0,0.0
2006-07-13 00:00:00+09:00,1757.5307231046716,1821.2753607302297,1757.5307231046716,1784.849853515625,20000,0.0,0.0
2006-07-14 00:00:00+09:00,1757.5307082343347,1803.0625918673486,1748.424331507732,1766.6370849609375,10000,0.0,0.0
2006-07-17 00:00:00+09:00,1766.6370849609375,1766.6370849609375,1766.6370849609375,1766.6370849609375,0,0.0,0.0
2006-07-18 00:00:00+09:00,1766.6370352811591,1775.7434117516807,1520.7648705770803,1566.2967529296875,60000,0.0,0.0
2006-07-19 00:00:00+09:00,1566.2967981917136,1711.9988259304776,1566.2967981917136,1620.93505859375,50000,0.0,0.0
2006-07-20 00:00:00+09:00,1730.2117241753472,1812.1691216362847,1684.6798366970486,1803.062744140625,60000,0.0,0.0
2006-07-21 00:00:00+09:00,1730.2115410354536,1848.5944359484058,1730.2115410354536,1793.9561767578125,30000,0.0,0.0
2006-07-24 00:00:00+09:00,1775.7434616875403,1784.849838414143,1757.5307082343347,1766.6370849609375,10000,0.0,0.0
2006-07-25 00:00:00+09:00,1821.2754156650642,1821.2754156650642,1775.7435302734375,1775.7435302734375,10000,0.0,0.0
2006-07-26 00:00:00+09:00,1784.8496639170544,1793.956039753366,1693.7859055539393,1711.9986572265625,10000,0.0,0.0
2006-07-27 00:00:00+09:00,1657.3607724015885,1684.6799060126036,1620.935260920235,1648.25439453125,50000,0.0,0.0
2006-07-28 00:00:00+09:00,1620.935260920235,1702.8926617532804,1602.722505179558,1648.25439453125,40000,0.0,0.0
2006-07-31 00:00:00+09:00,1657.3606878621688,1675.573442673841,1375.06298828125,1375.06298828125,450000,0.0,0.0
2006-08-01 00:00:00+09:00,1402.3820685439223,1484.3394621601255,1110.9780023529775,1156.5098876953125,1790000,0.0,0.0
2006-08-02 00:00:00+09:00,1211.148206922743,1256.6800944010417,1165.6163194444443,1229.3609619140625,1210000,0.0,0.0
2006-08-03 00:00:00+09:00,1265.7862965191982,1274.892672753149,1165.6161579457364,1174.7225341796875,670000,0.0,0.0
2006-08-04 00:00:00+09:00,1183.8291392606848,1238.4674072265625,1174.722761266372,1238.4674072265625,370000,0.0,0.0
2006-08-07 00:00:00+09:00,1056.33984375,1056.33984375,1056.33984375,1056.33984375,30000,0.0,0.0
2006-08-08 00:00:00+09:00,928.8505182549505,965.2760287747525,894.2462832611386,919.744140625,1570000,0.0,0.0
2006-08-09 00:00:00+09:00,919.744105247935,928.8504825276174,838.6973474587604,857.8207397460938,880000,0.0,0.0
2006-08-10 00:00:00+09:00,894.246251046317,956.1696166992188,887.8717869349889,956.1696166992188,1270000,0.0,0.0
2006-08-11 00:00:00+09:00,1029.0205124189267,1065.4460172833137,947.0631264740565,965.27587890625,1580000,0.0,0.0
2006-08-14 00:00:00+09:00,965.2760287747525,974.3824064047029,903.3526608910892,919.744140625,490000,0.0,0.0
2006-08-15 00:00:00+09:00,928.8505249023438,937.9569025974648,906.9952184340533,928.8505249023438,280000,0.0,0.0
2006-08-16 00:00:00+09:00,947.0631343092873,974.3822631835938,928.8503817264165,974.3822631835938,420000,0.0,0.0
2006-08-17 00:00:00+09:00,1019.9141446407709,1029.0205209322064,965.2758868921583,974.3822631835938,410000,0.0,0.0
2006-08-18 00:00:00+09:00,965.2758868921583,983.4886394750291,937.9567580178518,974.3822631835938,280000,0.0,0.0
2006-08-21 00:00:00+09:00,983.4887413611779,983.4887413611779,937.9568551870493,947.063232421875,190000,0.0,0.0
2006-08-22 00:00:00+09:00,947.0631264740565,974.3822551223467,928.8503740418631,965.27587890625,280000,0.0,0.0
2006-08-23 00:00:00+09:00,965.275994001116,974.3823713030134,937.9568620954241,956.1696166992188,200000,0.0,0.0
2006-08-24 00:00:00+09:00,947.0631636832525,947.0631636832525,928.8504105354975,937.956787109375,120000,0.0,0.0
2006-08-25 00:00:00+09:00,947.0632802925858,947.0632802925858,919.7441472072228,928.8505249023438,170000,0.0,0.0
2006-08-28 00:00:00+09:00,919.7441197359626,928.8504971590909,847.8037380932486,851.4462890625,480000,0.0,0.0
2006-08-29 00:00:00+09:00,852.3569049684681,872.3909347861031,775.8633365738621,807.7356567382812,700000,0.0,0.0
2006-08-30 00:00:00+09:00,807.7356555907343,810.4675687438033,760.3824942708716,774.9526977539062,360000,0.0,0.0
2006-08-31 00:00:00+09:00,774.9527440541078,852.3569546823089,766.7570041052394,822.305908203125,640000,0.0,0.0
2006-09-01 00:00:00+09:00,794.9867349558864,817.7526781104077,777.6846181584501,792.2548217773438,190000,0.0,0.0
2006-09-04 00:00:00+09:00,801.3612946428572,816.8421378348214,790.433640625,796.80810546875,100000,0.0,0.0
2006-09-05 00:00:00+09:00,805.9143135294688,812.2887770263121,796.8079371054071,806.824951171875,100000,0.0,0.0
2006-09-06 00:00:00+09:00,816.841965238343,816.841965238343,798.6292123902194,806.824951171875,100000,0.0,0.0
2006-09-07 00:00:00+09:00,807.7356155863143,807.7356155863143,784.0590360990042,802.2717895507812,90000,0.0,0.0
2006-09-08 00:00:00+09:00,805.0037706163195,893.3356323242188,791.3442043728298,893.3356323242188,770000,0.0,0.0
2006-09-11 00:00:00+09:00,965.2759617796731,992.5950927734375,947.0632077838303,992.5950927734375,980000,0.0,0.0
2006-09-12 00:00:00+09:00,1001.7015866880064,1010.8079647488064,919.7441841408058,983.4888305664062,630000,0.0,0.0
2006-09-13 00:00:00+09:00,1001.7014958308293,1010.807873065655,937.9568551870493,947.063232421875,170000,0.0,0.0
2006-09-14 00:00:00+09:00,956.1695274939904,1120.0843036358174,947.0631510416666,1065.446044921875,1100000,0.0,0.0
2006-09-15 00:00:00+09:00,1047.233389718192,1092.7652762276787,928.8504847935268,956.1696166992188,500000,0.0,0.0
2006-09-18 00:00:00+09:00,956.1696166992188,956.1696166992188,956.1696166992188,956.1696166992188,0,0.0,0.0
2006-09-19 00:00:00+09:00,956.1695728932057,974.3823266626001,883.3185578156281,909.72705078125,210000,0.0,0.0
2006-09-20 00:00:00+09:00,910.6376442603196,947.0631500307323,871.4802255571258,879.6759643554688,220000,0.0,0.0
2006-09-21 00:00:00+09:00,883.3185955110143,896.0675236936476,820.4845923251793,833.2335205078125,150000,0.0,0.0
2006-09-22 00:00:00+09:00,820.4845443293151,919.7440508020069,820.4845443293151,899.7100219726562,300000,0.0,0.0
2006-09-25 00:00:00+09:00,881.4973131305863,881.4973131305863,840.5186157226562,840.5186157226562,210000,0.0,0.0
2006-09-26 00:00:00+09:00,840.5185615572578,855.0887641411323,830.5015472808441,841.42919921875,50000,0.0,0.0
2006-09-27 00:00:00+09:00,851.4463024838433,895.1569148038694,849.6250269705088,869.6590576171875,70000,0.0,0.0
2006-09-28 00:00:00+09:00,883.3186237778052,909.7271187154921,865.1058686483659,894.2462768554688,100000,0.0,0.0
2006-09-29 00:00:00+09:00,910.6377234825721,947.063232421875,906.9951725886418,947.063232421875,190000,0.0,0.0
2006-10-02 00:00:00+09:00,947.0631745732932,974.3823046090613,906.9951171875,906.9951171875,110000,0.0,0.0
2006-10-03 00:00:00+09:00,896.0675455729166,928.8505045572916,885.139892578125,901.5313720703125,60000,0.0,0.0
2006-10-04 00:00:00+09:00,910.6376342773438,947.0631396484375,901.5312579345704,910.6376342773438,100000,0.0,0.0
2006-10-05 00:00:00+09:00,928.85046276081,937.9568398467004,895.156867543016,904.2632446289062,60000,0.0,0.0
2006-10-06 00:00:00+09:00,896.9781231426739,919.7440653544169,896.9781231426739,909.72705078125,50000,0.0,0.0
2006-10-09 00:00:00+09:00,909.72705078125,909.72705078125,909.72705078125,909.72705078125,0,0.0,0.0
2006-10-10 00:00:00+09:00,858.7313253186413,887.8717308437701,856.9100499733207,883.3185424804688,50000,0.0,0.0
2006-10-11 00:00:00+09:00,855.9994285499656,857.8207039298592,821.3951963319884,828.6802978515625,110000,0.0,0.0
2006-10-12 00:00:00+09:00,801.3612727249027,819.5740289231959,794.0761702455854,818.6633911132812,40000,0.0,0.0
2006-10-13 00:00:00+09:00,810.467664102603,854.1782796946535,803.1825615039279,820.4846801757812,60000,0.0,0.0
2006-10-16 00:00:00+09:00,829.5909701790779,870.5696679376492,821.3952306273636,857.8207397460938,70000,0.0,0.0
2006-10-17 00:00:00+09:00,903.3526334361869,903.3526334361869,865.1058485528,866.9271240234375,80000,0.0,0.0
2006-10-18 00:00:00+09:00,857.82073344528,883.3185896411056,838.6973412984106,873.3015747070312,50000,0.0,0.0
2006-10-19 00:00:00+09:00,892.4250084785239,893.3356462422774,855.99949792838,870.5697021484375,90000,0.0,0.0
2006-10-20 00:00:00+09:00,861.4632622760275,864.1951753699261,834.1441313370415,837.7866821289062,90000,0.0,0.0
2006-10-23 00:00:00+09:00,837.7867028232297,855.0888195119702,813.1994843708088,848.71435546875,60000,0.0,0.0
2006-10-24 00:00:00+09:00,857.8207188760081,868.7483713457661,843.2505155829973,846.89306640625,40000,0.0,0.0
2006-10-25 00:00:00+09:00,846.8930864177767,853.2675505090932,829.5909695984888,833.2335205078125,40000,0.0,0.0
2006-10-26 00:00:00+09:00,825.9484523601511,834.1441922402408,823.2165390667878,829.5910034179688,40000,0.0,0.0
2006-10-27 00:00:00+09:00,823.2165943368134,828.6804212903763,811.3783026040937,812.2889404296875,80000,0.0,0.0
2006-10-30 00:00:00+09:00,802.2718439263085,814.1101344723266,796.808017520454,809.5569458007812,30000,0.0,0.0
2006-10-31 00:00:00+09:00,810.4676240889054,818.663364107782,808.646348529155,815.0208129882812,40000,0.0,0.0
2006-11-01 00:00:00+09:00,811.3781313961499,811.3781313961499,797.7185668945312,797.7185668945312,70000,0.0,0.0
2006-11-02 00:00:00+09:00,774.9526307454223,779.5058189401663,712.1186336579556,725.7781982421875,200000,0.0,0.0
2006-11-03 00:00:00+09:00,725.7781982421875,725.7781982421875,725.7781982421875,725.7781982421875,0,0.0,0.0
2006-11-06 00:00:00+09:00,634.7144775390625,634.7144775390625,634.7144775390625,634.7144775390625,10000,0.0,0.0
2006-11-07 00:00:00+09:00,593.7358673897556,601.9316078905345,589.1826782226562,589.1826782226562,620000,0.0,0.0
2006-11-08 00:00:00+09:00,566.4166378359898,570.9698262430315,543.6506958007812,543.6506958007812,1610000,0.0,0.0
2006-11-09 00:00:00+09:00,539.0975867212783,562.774169921875,499.94016065875303,562.774169921875,2270000,0.0,0.0
2006-11-10 00:00:00+09:00,544.5613171214789,556.3996066241197,517.2421875,517.2421875,1490000,0.0,0.0
2006-11-13 00:00:00+09:00,494.4762695783814,497.20818266997463,471.7103271484375,471.7103271484375,780000,0.0,0.0
2006-11-14 00:00:00+09:00,476.2635536422273,516.3316155165255,447.5784638913092,456.2295227050781,2290000,0.0,0.0
2006-11-15 00:00:00+09:00,478.9954597757935,490.8337506067542,457.1401536263277,463.5146179199219,1470000,0.0,0.0
2006-11-16 00:00:00+09:00,447.1230917926474,454.40819308458464,417.9826866248985,420.714599609375,1350000,0.0,0.0
2006-11-17 00:00:00+09:00,427.9997007541747,438.0167150271447,384.2890930175781,384.2890930175781,1270000,0.0,0.0
2006-11-20 00:00:00+09:00,384.2891154499797,384.2891154499797,347.86360687652194,350.59552001953125,960000,0.0,0.0
2006-11-21 00:00:00+09:00,355.14869261323736,387.021011181092,355.14869261323736,364.71038818359375,1230000,0.0,0.0
2006-11-22 00:00:00+09:00,370.62953274366396,401.1358947753906,357.88060532742,401.1358947753906,820000,0.0,0.0
2006-11-23 00:00:00+09:00,401.1358947753906,401.1358947753906,401.1358947753906,401.1358947753906,0,0.0,0.0
2006-11-24 00:00:00+09:00,386.5657385312594,390.6636085510254,364.71043175917407,378.8253173828125,670000,0.0,0.0
2006-11-27 00:00:00+09:00,367.89765757292946,377.00403523562574,351.5061777800762,369.71893310546875,300000,0.0,0.0
2006-11-28 00:00:00+09:00,355.148725326037,405.68912085320375,353.32744981154445,402.04656982421875,630000,0.0,0.0
2006-11-29 00:00:00+09:00,418.8933323047779,422.53588302047166,392.94015845546016,393.3954772949219,570000,0.0,0.0
2006-11-30 00:00:00+09:00,407.0551087403461,420.71467614774025,394.3061791601115,397.94873046875,620000,0.0,0.0
2006-12-01 00:00:00+09:00,408.8763291190401,416.1614307514506,397.4933578183987,407.0550537109375,410000,0.0,0.0
2006-12-04 00:00:00+09:00,400.68060980902777,416.1614515516493,399.7699720594618,409.7869873046875,220000,0.0,0.0
2006-12-05 00:00:00+09:00,409.78695616430167,412.9741880455796,396.5827097990075,401.5912170410156,270000,0.0,0.0
2006-12-06 00:00:00+09:00,400.6805911009339,438.01673708988454,397.0380402727436,435.7401428222656,720000,0.0,0.0
2006-12-07 00:00:00+09:00,434.37418143870826,441.65928301420024,409.7869636214229,410.6976013183594,500000,0.0,0.0
2006-12-08 00:00:00+09:00,412.06358797985916,444.84654746554963,411.60826909811345,443.4805908203125,780000,0.0,0.0
2006-12-11 00:00:00+09:00,479.9061279296875,479.9061279296875,479.9061279296875,479.9061279296875,50000,0.0,0.0
2006-12-12 00:00:00+09:00,525.4379272460938,525.4379272460938,494.47624695776244,525.4379272460938,1620000,0.0,0.0
2006-12-13 00:00:00+09:00,503.58258329019736,511.77832153542664,493.56556987936165,499.9400329589844,690000,0.0,0.0
2006-12-14 00:00:00+09:00,500.8507295426337,500.8507295426337,458.05075810899046,467.1571350097656,610000,0.0,0.0
2006-12-15 00:00:00+09:00,464.4251724161856,512.68896484375,447.1230581497002,512.68896484375,770000,0.0,0.0
2006-12-18 00:00:00+09:00,535.4549967447916,557.310302734375,514.5103285047743,557.310302734375,1370000,0.0,0.0
2006-12-19 00:00:00+09:00,534.5442917033023,549.1144938621657,511.7783508300781,511.7783508300781,760000,0.0,0.0
2006-12-20 00:00:00+09:00,503.58269494143997,535.455017406088,483.5486636779469,527.25927734375,670000,0.0,0.0
2006-12-21 00:00:00+09:00,518.1528583009601,520.884771437872,487.1911760826251,497.20819091796875,400000,0.0,0.0
2006-12-22 00:00:00+09:00,489.92309523362377,496.2975592980018,467.1571521465595,473.5316162109375,260000,0.0,0.0
2006-12-25 00:00:00+09:00,473.53162977430554,477.17418077256946,446.21249728732636,458.96142578125,230000,0.0,0.0
2006-12-26 00:00:00+09:00,462.60395720510775,487.191175403017,448.4890726840857,480.81671142578125,320000,0.0,0.0
2006-12-27 00:00:00+09:00,478.08480433733814,478.08480433733814,455.3188612736554,457.14013671875,250000,0.0,0.0
2006-12-28 00:00:00+09:00,455.3188307460768,459.8720190535376,417.07204896340636,420.714599609375,400000,0.0,0.0
2006-12-29 00:00:00+09:00,424.3571242719794,452.13157124686217,424.3571242719794,429.3656311035156,500000,0.0,0.0
2007-01-04 00:00:00+09:00,425.7231444646904,425.7231444646904,414.34017268755963,417.52740478515625,120000,0.0,0.0
2007-01-05 00:00:00+09:00,427.0890542884982,427.0890542884982,401.1358814799221,403.4124755859375,150000,0.0,0.0
2007-01-09 00:00:00+09:00,391.5742288251813,393.39550430808913,377.91466270337264,380.6465759277344,180000,0.0,0.0
2007-01-10 00:00:00+09:00,376.0933809126931,413.42952768610814,376.0933809126931,396.1274108886719,340000,0.0,0.0
2007-01-11 00:00:00+09:00,392.0295131376004,396.5827014434959,381.1018612034513,384.2890930175781,140000,0.0,0.0
2007-01-12 00:00:00+09:00,387.93167461209396,398.85932741806846,382.9231670760223,392.48486328125,170000,0.0,0.0
2007-01-15 00:00:00+09:00,387.9316710339747,390.66358421027024,382.46784468138344,383.83380126953125,150000,0.0,0.0
2007-01-16 00:00:00+09:00,380.19125387452874,400.6806028857309,380.19125387452874,392.48486328125,200000,0.0,0.0
2007-01-17 00:00:00+09:00,403.4125134899358,428.9103698730469,400.68060030603107,428.9103698730469,290000,0.0,0.0
2007-01-18 00:00:00+09:00,441.6593152933297,463.51462161712334,437.1061264758727,443.4805908203125,560000,0.0,0.0
2007-01-19 00:00:00+09:00,446.2124877929688,478.0848083496094,430.7316463797433,478.0848083496094,470000,0.0,0.0
2007-01-22 00:00:00+09:00,509.9571104307432,509.9571104307432,469.889051754042,471.7103271484375,550000,0.0,0.0
2007-01-23 00:00:00+09:00,468.97841038992067,470.79968577007566,450.76565658837035,467.1571350097656,180000,0.0,0.0
2007-01-24 00:00:00+09:00,462.60402397260276,482.6380565068493,456.2295590753425,465.3359375,140000,0.0,0.0
2007-01-25 00:00:00+09:00,465.3358900282118,467.15716552734375,443.4805840386285,450.76568603515625,220000,0.0,0.0
2007-01-26 00:00:00+09:00,441.65928829877805,446.2124768379407,437.56141861353166,443.9358825683594,90000,0.0,0.0
2007-01-29 00:00:00+09:00,444.39119709071826,444.39119709071826,424.3571677136777,427.0890808105469,180000,0.0,0.0
2007-01-30 00:00:00+09:00,426.6338256138393,432.09765262276784,394.7615013950893,398.404052734375,270000,0.0,0.0
2007-01-31 00:00:00+09:00,400.68054652289896,434.8294567379188,400.68054652289896,429.3656311035156,770000,0.0,0.0
2007-02-01 00:00:00+09:00,416.61680486173134,419.34871833623447,406.5997887885531,410.2423400878906,270000,0.0,0.0
2007-02-02 00:00:00+09:00,410.6976017827573,437.5614138727603,406.1444132929263,418.8933410644531,240000,0.0,0.0
2007-02-05 00:00:00+09:00,414.340203239004,418.89339228558646,408.876376383105,413.4295654296875,100000,0.0,0.0
2007-02-06 00:00:00+09:00,414.3401969016135,414.3401969016135,403.86786225464965,404.32318115234375,100000,0.0,0.0
2007-02-07 00:00:00+09:00,401.5912542567408,407.05508084526787,397.0380654329682,406.5997619628906,70000,0.0,0.0
2007-02-08 00:00:00+09:00,402.95718178820255,440.7486462948927,402.95718178820255,427.0890808105469,310000,0.0,0.0
2007-02-09 00:00:00+09:00,428.91035943800404,432.5529102612567,411.1529241746472,423.446533203125,90000,0.0,0.0
2007-02-13 00:00:00+09:00,409.78702566964284,413.8848959263393,397.03809598214286,398.404052734375,150000,0.0,0.0
2007-02-14 00:00:00+09:00,394.30615923596207,398.8593481416891,381.55723029992635,391.1189270019531,140000,0.0,0.0
2007-02-15 00:00:00+09:00,387.9316611123252,396.12740043159965,383.83379145268793,390.66357421875,80000,0.0,0.0
2007-02-16 00:00:00+09:00,389.7529636598983,392.4848769565798,384.74445594931547,386.11041259765625,50000,0.0,0.0
2007-02-19 00:00:00+09:00,383.83378444342856,389.7529293992584,382.4678279151601,385.6550598144531,50000,0.0,0.0
2007-02-20 00:00:00+09:00,396.12742447164015,409.3316719540282,390.2082790485007,393.850830078125,90000,0.0,0.0
2007-02-21 00:00:00+09:00,396.58269529120867,396.58269529120867,387.9316376442133,391.5741882324219,60000,0.0,0.0
2007-02-22 00:00:00+09:00,394.76145419343425,394.76145419343425,387.93167124891113,392.029541015625,70000,0.0,0.0
2007-02-23 00:00:00+09:00,392.48482587947404,399.3146082323651,388.38695646773937,391.5741882324219,120000,0.0,0.0
2007-02-26 00:00:00+09:00,391.5742460363051,391.5742460363051,387.02105712890625,387.02105712890625,70000,0.0,0.0
2007-02-27 00:00:00+09:00,383.378455356399,386.56568717052585,380.64654237286175,384.2890930175781,80000,0.0,0.0
2007-02-28 00:00:00+09:00,347.8636040615676,374.2720975636238,347.8636040615676,362.4338073730469,170000,0.0,0.0
2007-03-01 00:00:00+09:00,368.8082442745086,377.91462067634825,356.05931731193294,366.9869689941406,90000,0.0,0.0
2007-03-02 00:00:00+09:00,362.43384824342365,366.07639948205104,355.60406467099733,359.7019348144531,50000,0.0,0.0
2007-03-05 00:00:00+09:00,356.0593675182712,356.0593675182712,323.27640784906976,324.6423645019531,170000,0.0,0.0
2007-03-06 00:00:00+09:00,319.17851220703125,341.4891357421875,318.72319335937505,341.4891357421875,110000,0.0,0.0
2007-03-07 00:00:00+09:00,350.59548790008836,355.14867605463496,336.93592343644855,338.3018798828125,60000,0.0,0.0
2007-03-08 00:00:00+09:00,336.02533289557874,346.0423482393494,336.02533289557874,344.6763916015625,20000,0.0,0.0
2007-03-09 00:00:00+09:00,344.67636767578125,344.67636767578125,338.30190380859375,341.4891357421875,20000,0.0,0.0
2007-03-12 00:00:00+09:00,345.131689765704,350.5955159889077,337.391269282832,337.8465881347656,50000,0.0,0.0
2007-03-13 00:00:00+09:00,337.39129326219813,337.39129326219813,324.18704561765867,324.6423645019531,30000,0.0,0.0
2007-03-14 00:00:00+09:00,305.0636291503906,315.08064383891093,295.5019333113485,305.0636291503906,100000,0.0,0.0
2007-03-15 00:00:00+09:00,311.438091796875,341.4891357421875,306.8849033203125,341.4891357421875,160000,0.0,0.0
2007-03-16 00:00:00+09:00,348.7742688612984,348.7742688612984,325.0976866409492,329.195556640625,80000,0.0,0.0
2007-03-19 00:00:00+09:00,318.72321825989457,365.6210632324219,305.51897064627036,365.6210632324219,340000,0.0,0.0
2007-03-20 00:00:00+09:00,383.8338289787433,399.7699903242427,368.80830542441527,371.08489990234375,380000,0.0,0.0
2007-03-22 00:00:00+09:00,387.0210505867701,387.0210505867701,373.8168029785156,373.8168029785156,90000,0.0,0.0
2007-03-23 00:00:00+09:00,373.3614807505202,373.3614807505202,363.34446541331107,369.26361083984375,60000,0.0,0.0
2007-03-26 00:00:00+09:00,370.62958721229415,381.10192198610594,369.26363050266656,380.1912841796875,50000,0.0,0.0
2007-03-27 00:00:00+09:00,373.8168301466035,373.8168301466035,364.2551329077744,373.36151123046875,40000,0.0,0.0
2007-03-28 00:00:00+09:00,368.8083154356567,376.54873687072603,362.43385072442317,372.45086669921875,30000,0.0,0.0
2007-03-29 00:00:00+09:00,361.523193359375,365.1657444259682,355.1487289928369,361.523193359375,40000,0.0,0.0
2007-03-30 00:00:00+09:00,357.88066586581147,367.8976819587476,356.5147091258656,360.6125793457031,40000,0.0,0.0
2007-04-02 00:00:00+09:00,355.14870259299204,377.9146450669018,354.2380648940357,366.07635498046875,120000,0.0,0.0
2007-04-03 00:00:00+09:00,362.43384462131894,372.9061793277138,360.61256902020676,363.344482421875,40000,0.0,0.0
2007-04-04 00:00:00+09:00,362.8891534001572,369.71893671383646,355.1487323113207,361.978515625,30000,0.0,0.0
2007-04-05 00:00:00+09:00,364.25504167323453,364.25504167323453,356.96994083976983,361.06781005859375,30000,0.0,0.0
2007-04-06 00:00:00+09:00,357.4252596418614,362.8890852669599,351.50611521467135,361.06781005859375,30000,0.0,0.0
2007-04-09 00:00:00+09:00,351.96146283261766,358.7912454231601,346.0423179208143,348.77423095703125,60000,0.0,0.0
2007-04-10 00:00:00+09:00,341.4891359834332,345.5870056152344,337.39126635163194,345.5870056152344,30000,0.0,0.0
2007-04-11 00:00:00+09:00,338.3019169459436,338.75723581128136,326.0083075818245,326.9189453125,50000,0.0,0.0
2007-04-12 00:00:00+09:00,322.365736708727,341.48912786941423,318.72318601145327,328.2848815917969,50000,0.0,0.0
2007-04-13 00:00:00+09:00,335.11470597999295,335.11470597999295,318.7232257961889,321.45513916015625,30000,0.0,0.0
2007-04-16 00:00:00+09:00,319.63386760038486,320.54450539981616,305.06366280948413,309.6168518066406,60000,0.0,0.0
2007-04-17 00:00:00+09:00,306.88494802485997,319.17855870241374,306.88494802485997,315.0806884765625,20000,0.0,0.0
2007-04-18 00:00:00+09:00,310.07213649465075,315.9912815378673,301.87639720404326,305.0636291503906,40000,0.0,0.0
2007-04-19 00:00:00+09:00,303.2423739461504,308.70620050373867,302.78705506635134,307.7955627441406,10000,0.0,0.0
2007-04-20 00:00:00+09:00,309.6168279073325,309.6168279073325,301.87640720964913,302.33172607421875,10000,0.0,0.0
2007-04-23 00:00:00+09:00,302.7870227286287,302.7870227286287,279.1104435077434,283.20831298828125,50000,0.0,0.0
2007-04-24 00:00:00+09:00,273.1913248697917,290.4934421115451,273.1913248697917,286.85089111328125,50000,0.0,0.0
2007-04-25 00:00:00+09:00,294.1359862323084,295.5019428247185,286.8508844061212,290.0381164550781,30000,0.0,0.0
2007-04-26 00:00:00+09:00,293.68068115620673,293.68068115620673,280.02111459080174,287.76153564453125,40000,0.0,0.0
2007-04-27 00:00:00+09:00,280.4764664636404,291.4041210011848,280.4764664636404,288.2168884277344,20000,0.0,0.0
2007-05-01 00:00:00+09:00,291.4040798611111,296.86790635850696,288.6721666124132,295.046630859375,40000,0.0,0.0
2007-05-02 00:00:00+09:00,291.4041210011848,294.1360346355709,286.39561267147695,288.2168884277344,30000,0.0,0.0
2007-05-07 00:00:00+09:00,290.0381064407562,304.60830959005636,287.7615121986781,292.77001953125,50000,0.0,0.0
2007-05-08 00:00:00+09:00,290.03811304824154,297.3232147888567,289.12747533066465,289.5827941894531,40000,0.0,0.0
2007-05-09 00:00:00+09:00,268.63811300533655,268.63811300533655,253.15727259485953,258.530029296875,390000,0.0,0.0
2007-05-10 00:00:00+09:00,253.15731323242187,254.0679510498047,247.78455566795543,250.42539978027344,70000,0.0,0.0
2007-05-11 00:00:00+09:00,252.246677726546,271.3700720668257,246.78285077218038,265.997314453125,170000,0.0,0.0
2007-05-14 00:00:00+09:00,268.7291962240369,271.37004004897227,245.96325326690834,246.78282165527344,100000,0.0,0.0
2007-05-15 00:00:00+09:00,244.96155542896142,244.96155542896142,219.554767691633,229.20751953125,120000,0.0,0.0
2007-05-16 00:00:00+09:00,229.20750256095033,251.33600108795747,227.75049060192526,239.49771118164062,90000,0.0,0.0
2007-05-17 00:00:00+09:00,236.7658216170682,248.60411269792164,234.03390829071742,238.58709716796875,20000,0.0,0.0
2007-05-18 00:00:00+09:00,232.2126261393229,235.76410780453847,227.65943739149304,229.480712890625,60000,0.0,0.0
2007-05-21 00:00:00+09:00,218.55305817167638,225.38284123954128,214.91050720214844,214.91050720214844,60000,0.0,0.0
2007-05-22 00:00:00+09:00,205.8041359907139,238.58709570604884,204.98456755592238,228.11476135253906,100000,0.0,0.0
2007-05-23 00:00:00+09:00,230.39132779684053,246.78280566380943,229.93600896720253,237.3121795654297,60000,0.0,0.0
2007-05-24 00:00:00+09:00,237.94964217200481,264.6313459543707,232.21263524105674,259.5317687988281,150000,0.0,0.0
2007-05-25 00:00:00+09:00,259.53179860286576,263.17435016220423,241.31904080617343,253.15733337402344,80000,0.0,0.0
2007-05-28 00:00:00+09:00,247.693458518401,271.1879004528604,247.693458518401,269.09344482421875,80000,0.0,0.0
2007-05-29 00:00:00+09:00,275.0126267956149,282.7530484107233,266.81688626197075,282.2977294921875,120000,0.0,0.0
2007-05-30 00:00:00+09:00,281.38705473126106,295.50193935370294,279.5657792961073,289.5827941894531,80000,0.0,0.0
2007-05-31 00:00:00+09:00,291.8593953291077,292.31471419857587,282.29769907027577,290.4934387207031,40000,0.0,0.0
2007-06-01 00:00:00+09:00,290.4934490565121,291.40408682784914,282.29770911447883,283.6636657714844,30000,0.0,0.0
2007-06-04 00:00:00+09:00,279.11048457704743,283.20835466056036,264.0849609375,264.0849609375,60000,0.0,0.0
2007-06-05 00:00:00+09:00,262.263670411829,275.46791770686906,262.263670411829,266.9079284667969,50000,0.0,0.0
2007-06-06 00:00:00+09:00,266.90793324679146,279.1104736833383,266.90793324679146,275.0126037597656,40000,0.0,0.0
2007-06-07 00:00:00+09:00,280.47640648818594,285.48491374690354,273.1913050209603,280.0210876464844,40000,0.0,0.0
2007-06-08 00:00:00+09:00,280.02112153288607,281.38707822329036,271.46113183111095,280.4764404296875,40000,0.0,0.0
2007-06-11 00:00:00+09:00,281.38712212642713,281.38712212642713,265.4509582519531,265.4509582519531,50000,0.0,0.0
2007-06-12 00:00:00+09:00,268.63814648774826,268.63814648774826,262.71900088717075,263.629638671875,30000,0.0,0.0
2007-06-13 00:00:00+09:00,263.6296008472711,263.6296008472711,255.8891807878521,258.62109375,30000,0.0,0.0
2007-06-14 00:00:00+09:00,257.80153592282625,273.19130734518,257.80153592282625,270.7325744628906,30000,0.0,0.0
2007-06-15 00:00:00+09:00,272.28070110452586,272.28070110452586,262.2636853448276,264.0849609375,40000,0.0,0.0
2007-06-18 00:00:00+09:00,271.82539001394287,275.9232602151581,268.1828387239738,272.64495849609375,70000,0.0,0.0
2007-06-19 00:00:00+09:00,273.19134023466034,275.01261583622477,264.08496222683834,267.6364440917969,50000,0.0,0.0
2007-06-20 00:00:00+09:00,267.72750506305056,272.82708214615286,267.72750506305056,271.37005615234375,30000,0.0,0.0
2007-06-21 00:00:00+09:00,264.4492035245948,271.37005615234375,264.4492035245948,271.37005615234375,30000,0.0,0.0
2007-06-22 00:00:00+09:00,274.1019875131002,298.689208984375,273.1913496808308,298.689208984375,330000,0.0,0.0
2007-06-25 00:00:00+09:00,291.4041152630506,309.61687246699125,278.65518522029214,279.1105041503906,180000,0.0,0.0
2007-06-26 00:00:00+09:00,286.39556157430013,286.39556157430013,269.09344497680667,273.1913146972656,40000,0.0,0.0
2007-06-27 00:00:00+09:00,273.19131454235406,280.0210974059129,268.18280710907754,269.09344482421875,20000,0.0,0.0
2007-06-28 00:00:00+09:00,266.54363394259514,272.2806396484375,265.45085771745664,272.2806396484375,10000,0.0,0.0
2007-06-29 00:00:00+09:00,272.7359993356173,288.6721595639088,266.8168541079662,277.7445068359375,30000,0.0,0.0
2007-07-02 00:00:00+09:00,277.7444651932222,277.7444651932222,269.5487268760452,272.2806396484375,20000,0.0,0.0
2007-07-03 00:00:00+09:00,270.6415469391562,277.2891913125681,268.63813279871135,274.1019592285156,20000,0.0,0.0
2007-07-04 00:00:00+09:00,275.01257686671954,275.01257686671954,268.6381131645108,272.9181213378906,10000,0.0,0.0
2007-07-05 00:00:00+09:00,270.55047072653616,271.3700391120717,262.2636619606599,269.09344482421875,30000,0.0,0.0
2007-07-06 00:00:00+09:00,264.0850013484268,269.5488289625321,264.0850013484268,265.4509582519531,10000,0.0,0.0
2007-07-09 00:00:00+09:00,273.1913248697917,273.64664374457465,268.18281724717883,270.45941162109375,30000,0.0,0.0
2007-07-10 00:00:00+09:00,273.009186203695,273.1913248697917,270.45941162109375,270.45941162109375,10000,0.0,0.0
2007-07-11 00:00:00+09:00,270.45941162109375,273.1002555367433,264.5402662489149,270.45941162109375,10000,0.0,0.0
2007-07-12 00:00:00+09:00,267.72751399159114,271.1879265256385,264.54028168216746,265.086669921875,20000,0.0,0.0
2007-07-13 00:00:00+09:00,265.086669921875,268.27390223129873,264.08496278082123,265.086669921875,5000,0.0,0.0
2007-07-17 00:00:00+09:00,264.2670822380171,265.72408038399277,264.084943574541,264.3581237792969,6700,0.0,0.0
2007-07-18 00:00:00+09:00,264.3581294924727,266.17940500476107,263.265380859375,263.265380859375,10000,0.0,0.0
2007-07-19 00:00:00+09:00,265.9062067791038,265.9062067791038,246.4185656759869,248.69515991210938,20000,0.0,0.0
2007-07-20 00:00:00+09:00,241.31900531142506,250.42538287034674,241.31900531142506,244.05091857910156,30000,0.0,0.0
2007-07-23 00:00:00+09:00,245.325788425105,245.325788425105,234.03388661351696,237.6764373779297,20000,0.0,0.0
2007-07-24 00:00:00+09:00,235.03559208273563,242.13855491034303,232.21260970083026,239.49771118164062,10000,0.0,0.0
2007-07-25 00:00:00+09:00,239.49772156300568,240.77260881931795,239.49772156300568,239.5887908935547,10000,0.0,0.0
2007-07-26 00:00:00+09:00,239.9529997705087,250.78958129882815,239.9529997705087,250.78958129882812,20000,0.0,0.0
2007-07-27 00:00:00+09:00,249.97005202744032,249.97005202744032,240.40835604824863,248.60409545898438,20000,0.0,0.0
2007-07-30 00:00:00+09:00,249.51473100877033,249.51473100877033,240.49942329318725,243.5045166015625,7900,0.0,0.0
2007-07-31 00:00:00+09:00,244.05093505859375,250.42539978027344,244.05093505859375,250.42539978027344,10000,0.0,0.0
2007-08-01 00:00:00+09:00,248.1487796490009,248.60409851074218,235.30878218980504,236.76580810546875,30000,0.0,0.0
2007-08-02 00:00:00+09:00,237.13008565176287,244.05093872596456,236.7658360774283,243.95986938476562,10000,0.0,0.0
2007-08-03 00:00:00+09:00,244.0508949251423,250.33428927370585,241.31898192224892,244.96153259277344,10000,0.0,0.0
2007-08-06 00:00:00+09:00,241.3189865518432,249.1504762018057,236.76579812633673,239.49771118164062,10000,0.0,0.0
2007-08-07 00:00:00+09:00,242.22962772892936,242.22962772892936,226.74878685903536,227.38623046875,30000,0.0,0.0
2007-08-08 00:00:00+09:00,224.6543385228624,227.02200231923956,218.55306814940417,224.4722137451172,20000,0.0,0.0
2007-08-09 00:00:00+09:00,247.23817730812223,251.79136657714844,247.23817730812223,251.79136657714844,10000,0.0,0.0
2007-08-10 00:00:00+09:00,279.1105041503906,279.1105041503906,273.1913580591099,279.1105041503906,220000,0.0,0.0
2007-08-13 00:00:00+09:00,279.1105041503906,279.1105041503906,279.1105041503906,279.1105041503906,0,0.0,0.0
2007-08-14 00:00:00+09:00,261.80832553917253,261.80832553917253,245.87216659330986,258.62109375,30000,0.0,0.0
2007-08-15 00:00:00+09:00,251.8824101936917,277.7445170421474,250.4253842183296,275.0126037597656,40000,0.0,0.0
2007-08-16 00:00:00+09:00,260.4423896178136,268.6381291512413,246.3275048657992,261.35302734375,40000,0.0,0.0
2007-08-17 00:00:00+09:00,244.96152021300117,245.0525895332531,234.58025688474189,241.3189697265625,90000,0.0,0.0
2007-08-20 00:00:00+09:00,236.76580328690378,246.7828180413497,236.76580328690378,242.22962951660156,30000,0.0,0.0
2007-08-21 00:00:00+09:00,245.87221363612582,268.4560206613337,245.78114429520542,254.9785919189453,40000,0.0,0.0
2007-08-22 00:00:00+09:00,263.1742764944708,263.1742764944708,252.42876351849108,255.88917541503906,3500,0.0,0.0
2007-08-23 00:00:00+09:00,266.81687432650864,266.81687432650864,255.88922077047414,264.0849609375,10000,0.0,0.0
2007-08-24 00:00:00+09:00,264.0848957068616,264.0848957068616,258.62107027844377,262.08148193359375,9500,0.0,0.0
2007-08-27 00:00:00+09:00,265.9062087423566,266.8168464435291,261.35302023649433,262.9921569824219,10000,0.0,0.0
2007-08-28 00:00:00+09:00,257.71049303404504,258.62113081861764,252.24666632660947,253.88580322265625,10000,0.0,0.0
2007-08-29 00:00:00+09:00,245.96327033548016,252.24666546959105,245.96327033548016,247.7845458984375,10000,0.0,0.0
2007-08-30 00:00:00+09:00,251.70028930813373,252.24667756130455,246.96498929172878,250.1522216796875,9400,0.0,0.0
2007-08-31 00:00:00+09:00,247.69344586981924,250.42535887573638,245.87217053254116,250.33428955078125,10000,0.0,0.0
2007-09-03 00:00:00+09:00,247.69344793391224,254.25005031893366,247.69344793391224,250.0611114501953,10000,0.0,0.0
2007-09-04 00:00:00+09:00,250.42536744283973,254.97855594180047,248.14877319335938,248.14877319335938,10000,0.0,0.0
2007-09-05 00:00:00+09:00,248.60409144075805,252.24664223109883,236.85687070000046,241.22792053222656,20000,0.0,0.0
2007-09-06 00:00:00+09:00,241.227953209163,241.227953209163,232.6679632504103,235.30880737304688,4400,0.0,0.0
2007-09-07 00:00:00+09:00,235.5819735708964,245.8721680045334,235.4909042468776,237.3121795654297,9000,0.0,0.0
2007-09-10 00:00:00+09:00,237.31219605392076,237.31219605392076,228.570068359375,228.570068359375,10000,0.0,0.0
2007-09-11 00:00:00+09:00,228.75220799918318,233.94284057617188,227.6594454401166,233.94284057617188,10000,0.0,0.0
2007-09-12 00:00:00+09:00,234.03389493502104,236.76580810546875,229.02538745586688,236.76580810546875,10000,0.0,0.0
2007-09-13 00:00:00+09:00,229.11646836733667,232.21263122558594,227.65944237802543,232.21263122558594,20000,0.0,0.0
2007-09-14 00:00:00+09:00,229.20751198611234,230.84666266574328,226.7487929142804,228.570068359375,10000,0.0,0.0
2007-09-18 00:00:00+09:00,225.8381447305485,228.2058082575891,223.10623168945312,223.10623168945312,20000,0.0,0.0
2007-09-19 00:00:00+09:00,220.3743288564492,229.4807060819223,220.3743288564492,228.570068359375,10000,0.0,0.0
2007-09-20 00:00:00+09:00,225.83814316722544,225.83814316722544,223.10623014504128,224.92750549316406,5700,0.0,0.0
2007-09-21 00:00:00+09:00,230.391321472168,230.391321472168,223.5615392150879,227.65940856933594,10000,0.0,0.0
2007-09-25 00:00:00+09:00,229.6628085857006,229.6628085857006,227.65940856933594,227.65940856933594,10000,0.0,0.0
2007-09-26 00:00:00+09:00,227.65943087064304,242.04749578548453,227.65943087064304,236.76580810546875,10000,0.0,0.0
2007-09-27 00:00:00+09:00,236.7657741593664,249.9700192567157,236.7657741593664,247.60235595703125,10000,0.0,0.0
2007-09-28 00:00:00+09:00,250.33431995399823,253.15730262772303,242.22964927688605,247.51133728027344,20000,0.0,0.0
2007-10-01 00:00:00+09:00,247.78452025454916,247.78452025454916,240.40834942985984,247.69345092773438,3300,0.0,0.0
2007-10-02 00:00:00+09:00,250.42540835638118,256.7998732963618,245.23476150335514,249.5147705078125,20000,0.0,0.0
2007-10-03 00:00:00+09:00,249.51470254654703,257.7104409513606,247.69342734547735,251.15383911132812,30000,0.0,0.0
2007-10-04 00:00:00+09:00,254.9785833364356,254.9785833364356,247.6934809553946,253.0662384033203,20000,0.0,0.0
2007-10-05 00:00:00+09:00,258.5300483454817,280.47642339662065,254.9785667242006,274.1019592285156,110000,0.0,0.0
2007-10-09 00:00:00+09:00,297.7785723129782,298.6892101487977,284.1190047756856,286.3955993652344,80000,0.0,0.0
2007-10-10 00:00:00+09:00,293.68064265037555,293.68064265037555,264.0849189724307,269.9129943847656,60000,0.0,0.0
2007-10-11 00:00:00+09:00,269.5487365722656,269.6398058927121,264.99554845449086,269.5487365722656,20000,0.0,0.0
2007-10-12 00:00:00+09:00,266.81686589563697,269.5487791983227,265.4509092442941,267.8185729980469,10000,0.0,0.0
2007-10-15 00:00:00+09:00,268.82027438171104,273.0091857910156,265.9062224713213,273.0091857910156,20000,0.0,0.0
2007-10-16 00:00:00+09:00,265.90621892506516,265.90621892506516,251.33601514834928,256.1623840332031,20000,0.0,0.0
2007-10-17 00:00:00+09:00,251.4270849050888,259.5317552114965,251.4270849050888,257.7104797363281,5300,0.0,0.0
2007-10-18 00:00:00+09:00,252.2466534131194,265.9062194824219,250.42537793721237,265.9062194824219,10000,0.0,0.0
2007-10-19 00:00:00+09:00,268.18283102101293,268.18283102101293,255.88922077047414,264.0849609375,10000,0.0,0.0
2007-10-22 00:00:00+09:00,250.4253875838019,264.084954179282,250.4253875838019,263.17431640625,10000,0.0,0.0
2007-10-23 00:00:00+09:00,268.6381163140728,282.29768155038164,263.17429021954933,275.9232177734375,60000,0.0,0.0
2007-10-24 00:00:00+09:00,275.923218360314,294.13597204746344,267.72747920109674,284.11895751953125,60000,0.0,0.0
2007-10-25 00:00:00+09:00,287.76158145753305,287.76158145753305,261.35308189339236,261.99053955078125,50000,0.0,0.0
2007-10-26 00:00:00+09:00,264.9955917460806,271.37005615234375,263.174316201434,271.37005615234375,10000,0.0,0.0
2007-10-29 00:00:00+09:00,271.37002936133456,281.8423627091713,271.37002936133456,275.9232177734375,10000,0.0,0.0
2007-10-30 00:00:00+09:00,276.83386948529414,294.135986328125,265.9062167424536,294.135986328125,30000,0.0,0.0
2007-10-31 00:00:00+09:00,290.4934354138448,297.7785372424052,284.1189713138545,294.135986328125,20000,0.0,0.0
2007-11-01 00:00:00+09:00,294.1359798742565,312.3487340460371,285.0296027883662,301.42108154296875,60000,0.0,0.0
2007-11-02 00:00:00+09:00,290.4934614272345,315.9913201105027,286.8509101867676,305.97430419921875,30000,0.0,0.0
2007-11-05 00:00:00+09:00,324.1870667562319,324.1870667562319,309.61686150876085,315.0806884765625,50000,0.0,0.0
2007-11-06 00:00:00+09:00,318.72319760529894,318.72319760529894,286.850877844769,293.225341796875,50000,0.0,0.0
2007-11-07 00:00:00+09:00,301.4211240706905,301.4211240706905,274.10198895854336,282.2977294921875,20000,0.0,0.0
2007-11-08 00:00:00+09:00,274.10200893705047,284.11902587494933,266.8169057094877,280.9317932128906,20000,0.0,0.0
2007-11-09 00:00:00+09:00,282.2976988732221,282.2976988732221,271.3700460136135,274.1019592285156,60000,0.0,0.0
2007-11-12 00:00:00+09:00,273.1913355777138,273.1913355777138,259.5317687988281,259.5317687988281,20000,0.0,0.0
2007-11-13 00:00:00+09:00,274.1019592285156,278.6551479200192,272.2806837519142,274.1019592285156,20000,0.0,0.0
2007-11-14 00:00:00+09:00,283.2083331999232,283.2083331999232,275.0125936539447,277.7445068359375,9400,0.0,0.0
2007-11-15 00:00:00+09:00,276.83387928135346,276.83387928135346,270.459414955796,275.0126037597656,10000,0.0,0.0
2007-11-16 00:00:00+09:00,273.1913146972656,274.1019524129232,264.1760068703474,273.1913146972656,8700,0.0,0.0
2007-11-19 00:00:00+09:00,259.62283829869887,263.1743201053504,255.34282958910612,255.43389892578125,20000,0.0,0.0
2007-11-20 00:00:00+09:00,254.8875106961903,255.43389892578125,240.4083754595588,255.43389892578125,20000,0.0,0.0
2007-11-21 00:00:00+09:00,252.70196516435226,255.88919715741613,246.41857050754635,248.60409545898438,10000,0.0,0.0
2007-11-22 00:00:00+09:00,262.26363160438143,265.90618204333117,255.0696000455466,264.99554443359375,10000,0.0,0.0
2007-11-26 00:00:00+09:00,266.8168506876628,279.5657787068685,265.45089411417644,273.1913146972656,10000,0.0,0.0
2007-11-27 00:00:00+09:00,273.1913146972656,279.5657787068685,271.37003926595054,273.1913146972656,10000,0.0,0.0
2007-11-28 00:00:00+09:00,277.7445068359375,280.02110115426484,273.19131819928276,277.7445068359375,10000,0.0,0.0
2007-11-29 00:00:00+09:00,286.85088756472567,286.85088756472567,268.63813279871135,274.1019592285156,10000,0.0,0.0
2007-11-30 00:00:00+09:00,270.4593950299887,286.85087351665464,270.4593950299887,276.3785400390625,10000,0.0,0.0
2007-12-03 00:00:00+09:00,277.74449251136,277.74449251136,265.9062026666135,267.72747802734375,20000,0.0,0.0
2007-12-04 00:00:00+09:00,268.6380989487107,272.9181068956009,268.6380989487107,269.5487365722656,9400,0.0,0.0
2007-12-05 00:00:00+09:00,269.54879088320973,269.54879088320973,265.35985141274347,268.6381530761719,6100,0.0,0.0
2007-12-06 00:00:00+09:00,264.08494737413196,266.3615417480469,259.6228279593504,262.263671875,10000,0.0,0.0
2007-12-07 00:00:00+09:00,263.629635292766,265.906229725346,261.35304086018596,263.17431640625,5900,0.0,0.0
2007-12-10 00:00:00+09:00,263.1742764944708,263.1742764944708,254.06790014518114,255.88917541503906,20000,0.0,0.0
2007-12-11 00:00:00+09:00,258.53004082253227,259.5317478636061,252.2466461691891,255.25173950195312,7000,0.0,0.0
2007-12-12 00:00:00+09:00,252.51983028598363,261.35302734375,252.51983028598363,261.35302734375,9200,0.0,0.0
2007-12-13 00:00:00+09:00,264.08495752605324,264.08495752605324,253.88580322265625,253.88580322265625,9000,0.0,0.0
2007-12-14 00:00:00+09:00,254.34115151462325,254.88753980661662,247.69350603501573,253.15733337402344,10000,0.0,0.0
2007-12-17 00:00:00+09:00,250.8807155750416,250.8807155750416,244.05093202944155,245.87220764160156,6700,0.0,0.0
2007-12-18 00:00:00+09:00,245.87221069335936,250.42539978027344,230.39136779785156,250.42539978027344,20000,0.0,0.0
2007-12-19 00:00:00+09:00,239.49771649017904,242.22962960603658,232.2126148478922,235.5819854736328,10000,0.0,0.0
2007-12-20 00:00:00+09:00,242.95812638799057,245.87217813390862,229.57176891941867,230.48240661621094,20000,0.0,0.0
2007-12-21 00:00:00+09:00,230.93772203384998,230.93772203384998,230.02708435058594,230.02708435058594,400,0.0,0.0
2007-12-25 00:00:00+09:00,235.12667609702444,235.85517517443003,227.6594354965541,228.47900390625,20000,0.0,0.0
2007-12-26 00:00:00+09:00,228.47900086171862,237.67644749131316,227.7505017940204,234.9445343017578,8000,0.0,0.0
2007-12-27 00:00:00+09:00,236.7658019154488,237.67643961512363,230.20921325683594,230.20921325683594,5200,0.0,0.0
2007-12-28 00:00:00+09:00,228.5700462036133,229.2074897685619,227.65940856933594,227.65940856933594,3200,0.0,0.0
2008-01-04 00:00:00+09:00,227.6594287059346,229.4807041355821,222.1956024169922,222.1956024169922,3200,0.0,0.0
2008-01-07 00:00:00+09:00,219.9190191415185,224.92752682383053,213.99987369878613,222.01348876953125,10000,0.0,0.0
2008-01-08 00:00:00+09:00,227.4772919268771,227.4772919268771,219.82792718925273,221.3760223388672,4200,0.0,0.0
2008-01-09 00:00:00+09:00,220.01006583878012,221.3760223388672,219.9189965140164,221.3760223388672,4300,0.0,0.0
2008-01-10 00:00:00+09:00,221.37604586285153,223.10625205539336,221.37604586285153,221.74029541015625,8900,0.0,0.0
2008-01-11 00:00:00+09:00,223.10624422513402,223.10624422513402,205.16668369301598,208.80923461914062,10000,0.0,0.0
2008-01-15 00:00:00+09:00,207.62542029654625,207.62542029654625,181.49011797686038,183.94883728027344,10000,0.0,0.0
2008-01-16 00:00:00+09:00,170.289241098987,182.12753058715188,170.289241098987,175.75306701660156,40000,0.0,0.0
2008-01-17 00:00:00+09:00,168.7411795044469,185.40585327148438,168.7411795044469,185.40585327148438,10000,0.0,0.0
2008-01-18 00:00:00+09:00,175.75306588106378,196.69773176326308,175.75306588106378,195.78709411621094,10000,0.0,0.0
2008-01-21 00:00:00+09:00,187.59136931908313,187.59136931908313,177.57435445253014,179.3956298828125,8500,0.0,0.0
2008-01-22 00:00:00+09:00,173.0211944580078,178.48502165141858,168.4680051301655,173.0211944580078,10000,0.0,0.0
2008-01-23 00:00:00+09:00,175.47987294167527,180.30625528128036,171.29094807530748,175.75306701660156,4700,0.0,0.0
2008-01-24 00:00:00+09:00,173.93179321289062,177.57434385609253,171.1998802304892,173.93179321289062,10000,0.0,0.0
2008-01-25 00:00:00+09:00,174.3871385910932,185.77011108398438,174.3871385910932,185.77011108398438,10000,0.0,0.0
2008-01-28 00:00:00+09:00,185.77010112077357,189.4126521231417,182.12755011840548,183.12925720214844,20000,0.0,0.0
2008-01-29 00:00:00+09:00,188.86625687411797,195.60498431442957,187.59136962890625,187.59136962890625,2500,0.0,0.0
2008-01-30 00:00:00+09:00,190.2321972540675,190.2321972540675,180.3973218677541,187.8645477294922,4500,0.0,0.0
2008-01-31 00:00:00+09:00,182.12752782399096,187.8645477294922,182.12752782399096,187.8645477294922,4400,0.0,0.0
2008-02-01 00:00:00+09:00,182.1275532539255,186.68074208527364,182.1275532539255,184.85946655273438,5300,0.0,0.0
2008-02-04 00:00:00+09:00,191.23392762432573,191.23392762432573,182.49179966055053,183.12925720214844,4300,0.0,0.0
2008-02-05 00:00:00+09:00,185.6790435579859,191.142870407895,182.58288056779617,183.94883728027344,10000,0.0,0.0
2008-02-06 00:00:00+09:00,183.94884249337593,183.94884249337593,182.1275668251247,182.5828857421875,10000,0.0,0.0
2008-02-07 00:00:00+09:00,182.58285179138184,182.58285179138184,180.21518830482384,182.12753295898438,10000,0.0,0.0
2008-02-08 00:00:00+09:00,182.12756011121553,182.12756011121553,181.6722412109375,181.6722412109375,6800,0.0,0.0
2008-02-12 00:00:00+09:00,182.1275467662413,199.88498257594983,182.1275467662413,196.242431640625,20000,0.0,0.0
2008-02-13 00:00:00+09:00,185.7700941956159,202.16157309522907,183.03818104568037,187.59136962890625,10000,0.0,0.0
2008-02-14 00:00:00+09:00,183.9488237736898,192.144563446775,183.0381860322359,190.3232879638672,10000,0.0,0.0
2008-02-15 00:00:00+09:00,209.44668566332703,217.64242553710938,209.44668566332703,217.64242553710938,20000,0.0,0.0
2008-02-18 00:00:00+09:00,226.74877093505862,243.1402483520508,226.74877093505862,227.65940856933594,1600,0.0,0.0
2008-02-19 00:00:00+09:00,254.06792816631284,254.06792816631284,229.48070931150835,243.8687744140625,40000,0.0,0.0
2008-02-20 00:00:00+09:00,245.14364556801962,245.14364556801962,244.87043762207028,244.8704376220703,400,0.0,0.0
2008-02-21 00:00:00+09:00,241.31897646458822,241.31897646458822,232.4857940673828,232.4857940673828,6200,0.0,0.0
2008-02-22 00:00:00+09:00,229.7539120269492,232.21263122558594,224.92752906948914,232.21263122558594,7400,0.0,0.0
2008-02-25 00:00:00+09:00,232.3036904432793,237.22112862638724,232.3036904432793,234.9445343017578,6500,0.0,0.0
2008-02-26 00:00:00+09:00,232.39476013183594,232.39476013183594,232.39476013183594,232.39476013183594,200,0.0,0.0
2008-02-27 00:00:00+09:00,241.31896829783693,243.14024353027344,241.31896829783693,243.14024353027344,7100,0.0,0.0
2008-02-28 00:00:00+09:00,244.05093505859375,250.42539978027344,243.59561614990233,250.42539978027344,10000,0.0,0.0
2008-02-29 00:00:00+09:00,250.42536766520476,254.06791846760774,250.42536766520476,252.24664306640625,10000,0.0,0.0
2008-03-03 00:00:00+09:00,251.7913533811216,251.7913533811216,236.7658295808015,245.87220764160156,10000,0.0,0.0
2008-03-04 00:00:00+09:00,245.8721563789282,250.42534446001946,238.58705544918217,243.14024353027344,7700,0.0,0.0
2008-03-05 00:00:00+09:00,243.23133851448245,248.60409545898438,243.14026918516055,248.60409545898438,7000,0.0,0.0
2008-03-06 00:00:00+09:00,249.51477050781253,251.33604620494984,247.6934948106752,249.5147705078125,6800,0.0,0.0
2008-03-07 00:00:00+09:00,245.87218705997913,245.87218705997913,232.2126211122025,234.9445343017578,8800,0.0,0.0
2008-03-10 00:00:00+09:00,227.93263707914403,229.48071851228414,207.6254119873047,207.6254119873047,10000,0.0,0.0
2008-03-11 00:00:00+09:00,204.8934920359466,214.91050720214844,201.25094106641868,214.91050720214844,9700,0.0,0.0
2008-03-12 00:00:00+09:00,219.46367949173148,220.374317165971,207.62538972661733,216.4585723876953,10000,0.0,0.0
2008-03-13 00:00:00+09:00,216.45859742555683,216.45859742555683,204.8935004040203,205.80413818359375,5000,0.0,0.0
2008-03-14 00:00:00+09:00,204.89350655630022,212.08753967285156,204.89350655630022,212.08753967285156,8900,0.0,0.0
2008-03-17 00:00:00+09:00,209.44664423516454,213.9998321533203,192.14453014617268,213.9998321533203,9100,0.0,0.0
2008-03-18 00:00:00+09:00,209.6288169281887,223.10625902811685,202.16158981323244,218.55307006835938,6600,0.0,0.0
2008-03-19 00:00:00+09:00,224.92750705018335,226.7487824109136,218.55304328762756,223.10623168945312,7400,0.0,0.0
2008-03-21 00:00:00+09:00,228.1147357986634,228.1147357986634,223.10622862543926,226.748779296875,8400,0.0,0.0
2008-03-24 00:00:00+09:00,226.74877093505862,227.65940856933594,218.55303222656252,227.65940856933594,1600,0.0,0.0
2008-03-25 00:00:00+09:00,231.30196763616968,231.30196763616968,218.46197096126744,226.748779296875,8700,0.0,0.0
2008-03-26 00:00:00+09:00,215.82116624785633,229.48073373189786,213.089252751048,224.01690673828125,1700,0.0,0.0
2008-03-27 00:00:00+09:00,213.18031247131574,222.65093994140625,209.44669196942104,222.65093994140625,6100,0.0,0.0
2008-03-28 00:00:00+09:00,219.91897644692278,220.37429523873834,210.3572818187957,213.9998321533203,4500,0.0,0.0
2008-03-31 00:00:00+09:00,213.9998504506561,216.27644460438648,210.3572998046875,210.3572998046875,4200,0.0,0.0
2008-04-01 00:00:00+09:00,209.53773672874564,213.08921813964844,209.44666740221854,213.08921813964844,2500,0.0,0.0
2008-04-02 00:00:00+09:00,213.08922132409137,213.99985902205756,202.16156894849695,209.44667053222656,10000,0.0,0.0
2008-04-03 00:00:00+09:00,204.89348710350725,212.1785888671875,204.89348710350725,212.1785888671875,4500,0.0,0.0
2008-04-04 00:00:00+09:00,206.71478271484375,210.3573339521097,206.35053314920924,206.71478271484375,8900,0.0,0.0
2008-04-07 00:00:00+09:00,213.08922495077692,213.08922495077692,205.89519257249606,208.62710571289062,2300,0.0,0.0
2008-04-08 00:00:00+09:00,208.62710718416426,208.99135671402746,200.34029837510258,208.08071899414062,8900,0.0,0.0
2008-04-09 00:00:00+09:00,205.34881005759644,206.71476666551837,202.8900909423828,202.8900909423828,4200,0.0,0.0
2008-04-10 00:00:00+09:00,200.43139097129202,204.89351075860952,199.4296838050466,203.07223510742188,10000,0.0,0.0
2008-04-11 00:00:00+09:00,203.072216418905,204.89349190248262,193.05520125922806,198.51902770996094,8300,0.0,0.0
2008-04-14 00:00:00+09:00,194.14794955381436,198.33688841739885,194.14794955381436,198.24581909179688,2000,0.0,0.0
2008-04-15 00:00:00+09:00,197.60840815385896,204.89351075860952,197.60840815385896,203.07223510742188,5100,0.0,0.0
2008-04-16 00:00:00+09:00,197.60841358929275,204.89351639442796,197.60841358929275,200.431396484375,4400,0.0,0.0
2008-04-17 00:00:00+09:00,200.6135121714693,209.44669614279323,200.6135121714693,206.71478271484375,7700,0.0,0.0
2008-04-18 00:00:00+09:00,202.16156232409082,208.53602600097656,201.61517416512368,208.53602600097656,10000,0.0,0.0
2008-04-21 00:00:00+09:00,200.34031498539554,204.89350396233635,200.34031498539554,202.16159057617188,7700,0.0,0.0
2008-04-22 00:00:00+09:00,199.42967896894976,201.25095457597212,198.51904116543855,200.34031677246094,7100,0.0,0.0
2008-04-23 00:00:00+09:00,195.87819709334818,200.34031677246094,195.87819709334818,200.34031677246094,1300,0.0,0.0
2008-04-24 00:00:00+09:00,197.33519410121733,205.7130584716797,197.33519410121733,205.7130584716797,4200,0.0,0.0
2008-04-25 00:00:00+09:00,208.90029053942737,208.90029053942737,205.7130584716797,205.7130584716797,3600,0.0,0.0
2008-04-28 00:00:00+09:00,208.44498355234916,209.35562133789062,206.07733364707929,209.35562133789062,6700,0.0,0.0
2008-04-30 00:00:00+09:00,209.35559788740085,236.6747283935547,207.6253918467691,236.6747283935547,20000,0.0,0.0
2008-05-01 00:00:00+09:00,225.0185883451954,232.12155151367188,219.4636926414084,232.12155151367188,10000,0.0,0.0
2008-05-02 00:00:00+09:00,226.65772381672062,241.04581652201998,225.83815542367788,236.76580810546875,10000,0.0,0.0
2008-05-07 00:00:00+09:00,240.40835762727744,247.69345937355857,237.67644447242202,246.78282165527344,6900,0.0,0.0
2008-05-08 00:00:00+09:00,236.76580519903274,248.60409545898438,234.94452977442478,248.60409545898438,5400,0.0,0.0
2008-05-09 00:00:00+09:00,245.87220764160156,245.87220764160156,245.87220764160156,245.87220764160156,100,0.0,0.0
2008-05-12 00:00:00+09:00,232.2126163334288,245.78111267089844,230.84665976676158,245.78111267089844,10000,0.0,0.0
2008-05-13 00:00:00+09:00,241.3190086549443,244.50624084472656,233.21433807330405,244.50624084472656,2600,0.0,0.0
2008-05-14 00:00:00+09:00,241.3190104943195,244.9615615961206,233.6696587386292,238.58709716796875,8500,0.0,0.0
2008-05-15 00:00:00+09:00,241.31898192224892,245.7811009355502,233.12324291356876,244.96153259277344,6900,0.0,0.0
2008-05-16 00:00:00+09:00,244.96154761681188,244.96154761681188,236.76580810546875,236.76580810546875,3800,0.0,0.0
2008-05-19 00:00:00+09:00,227.65943572277158,233.94283059062838,227.65943572277158,231.30198669433594,7800,0.0,0.0
2008-05-20 00:00:00+09:00,227.5683392478172,227.65940856933594,224.92749566650392,227.65940856933594,4800,0.0,0.0
2008-05-21 00:00:00+09:00,227.20413208007812,227.65945098204222,227.20413208007812,227.20413208007812,7000,0.0,0.0
2008-05-22 00:00:00+09:00,227.20413208007812,227.20413208007812,227.20413208007812,227.20413208007812,4000,0.0,0.0
2008-05-23 00:00:00+09:00,227.20409991423946,230.30026245117188,225.838143401729,230.30026245117188,3200,0.0,0.0
2008-05-26 00:00:00+09:00,235.7641129685913,236.6747507381034,230.30028635151868,232.21263122558594,8400,0.0,0.0
2008-05-27 00:00:00+09:00,232.2125901797318,241.13682762732014,232.2125901797318,240.8636474609375,5200,0.0,0.0
2008-05-28 00:00:00+09:00,240.8636474609375,240.8636474609375,234.03386539682774,240.8636474609375,4300,0.0,0.0
2008-05-29 00:00:00+09:00,238.1317646906926,238.1317646906926,234.9445326585036,236.76580810546875,5400,0.0,0.0
2008-05-30 00:00:00+09:00,236.6747283935547,236.6747283935547,223.10623246692293,236.6747283935547,5700,0.0,0.0
2008-06-02 00:00:00+09:00,225.7470925593128,229.84496243235967,224.47220526801215,229.480712890625,5100,0.0,0.0
2008-06-03 00:00:00+09:00,227.65943402087473,229.48070949304173,224.47220194458248,229.025390625,6200,0.0,0.0
2008-06-04 00:00:00+09:00,226.2934807671441,227.56836805844472,224.65433003887946,225.38284301757812,2200,0.0,0.0
2008-06-05 00:00:00+09:00,229.2985804410568,229.2985804410568,224.74539184570312,224.74539184570312,4100,0.0,0.0
2008-06-06 00:00:00+09:00,223.10623137222257,223.10623137222257,219.00836181640625,219.00836181640625,9300,0.0,0.0
2008-06-09 00:00:00+09:00,209.4466740969175,217.64241351810122,208.53603638345263,208.62710571289062,10000,0.0,0.0
2008-06-10 00:00:00+09:00,216.64069378624032,217.46027601749185,210.99474307249545,214.72836303710938,9100,0.0,0.0
2008-06-11 00:00:00+09:00,212.2696529540132,214.72837195947625,209.44667053222656,209.44667053222656,9200,0.0,0.0
2008-06-12 00:00:00+09:00,209.44666366910312,209.44666366910312,207.62538833285004,208.53602600097656,2900,0.0,0.0
2008-06-13 00:00:00+09:00,207.62540026488733,216.1853892791201,207.62540026488733,212.1785888671875,2800,0.0,0.0
2008-06-16 00:00:00+09:00,207.26116655670685,209.35562235746846,207.0790278825276,207.8075408935547,5200,0.0,0.0
2008-06-17 00:00:00+09:00,209.5377610316477,213.99988064443977,206.89690310357835,207.8075408935547,10000,0.0,0.0
2008-06-18 00:00:00+09:00,207.80752977181356,213.99986919128816,207.71647433482713,207.98965454101562,9400,0.0,0.0
2008-06-19 00:00:00+09:00,207.62540934959478,208.0807282297474,206.8968963623047,206.8968963623047,5400,0.0,0.0
2008-06-20 00:00:00+09:00,202.1615936682613,206.71478271484375,200.3403180496283,206.71478271484375,10000,0.0,0.0
2008-06-23 00:00:00+09:00,205.98622990536427,205.98622990536427,196.69772882330906,199.4296417236328,9100,0.0,0.0
2008-06-24 00:00:00+09:00,199.4296417236328,199.4296417236328,199.4296417236328,199.4296417236328,1200,0.0,0.0
2008-06-25 00:00:00+09:00,200.3403084233122,203.98285948555423,193.05520629882812,193.05520629882812,20000,0.0,0.0
2008-06-26 00:00:00+09:00,190.32330694431212,190.32330694431212,186.0433119116919,186.68075561523438,3000,0.0,0.0
2008-06-27 00:00:00+09:00,187.13602788821416,200.34027316499814,187.13602788821416,191.32496643066406,30000,0.0,0.0
2008-06-30 00:00:00+09:00,185.86118750313202,186.6807559957528,182.1275668251247,182.5828857421875,20000,0.0,0.0
2008-07-01 00:00:00+09:00,183.03819947195524,186.68075070522798,183.03819947195524,183.94883728027344,6200,0.0,0.0
2008-07-02 00:00:00+09:00,186.68073845357145,189.41265169923346,183.9488252079094,185.6790313720703,9200,0.0,0.0
2008-07-03 00:00:00+09:00,185.67903808563509,193.51052856445312,184.40415074965532,193.51052856445312,10000,0.0,0.0
2008-07-04 00:00:00+09:00,199.8849877687258,199.8849877687258,191.23392907258506,194.87648010253906,4100,0.0,0.0
2008-07-07 00:00:00+09:00,194.87647004720802,197.60838317871094,191.23391920520413,197.60838317871094,4700,0.0,0.0
2008-07-08 00:00:00+09:00,194.87646804082962,194.87646804082962,188.502004132952,191.23391723632812,3500,0.0,0.0
2008-07-09 00:00:00+09:00,188.502004132952,191.23391723632812,185.7700910295759,191.23391723632812,5700,0.0,0.0
2008-07-10 00:00:00+09:00,191.23389230647558,193.96580505371094,188.59304887557212,193.96580505371094,2900,0.0,0.0
2008-07-11 00:00:00+09:00,193.96584496289125,195.60499572753906,191.23393165355475,195.60499572753906,2600,0.0,0.0
2008-07-14 00:00:00+09:00,191.23391816573113,195.96923145555112,191.23391816573113,195.05859375,3100,0.0,0.0
2008-07-15 00:00:00+09:00,199.88494933938756,199.88494933938756,191.23389230647558,193.96580505371094,6800,0.0,0.0
2008-07-16 00:00:00+09:00,191.23394477658155,191.23394477658155,185.77011778296495,186.68075561523438,4400,0.0,0.0
2008-07-17 00:00:00+09:00,189.4126413829291,189.50371071091615,183.03817749023438,183.03817749023438,6200,0.0,0.0
2008-07-18 00:00:00+09:00,182.6739168885991,184.40412285357866,182.21859806673842,183.2202911376953,10000,0.0,0.0
2008-07-22 00:00:00+09:00,183.22030225097993,184.03988451717782,182.21860911926504,183.03817749023438,5500,0.0,0.0
2008-07-23 00:00:00+09:00,183.03819461274915,184.03990173339844,183.03819461274915,184.03990173339844,2000,0.0,0.0
2008-07-24 00:00:00+09:00,184.0398761641724,184.0398761641724,182.58285035388067,182.67391967773438,7100,0.0,0.0
2008-07-25 00:00:00+09:00,183.0382009939926,186.68075225755464,182.67395142572852,186.22543334960938,20000,0.0,0.0
2008-07-28 00:00:00+09:00,186.22542645381048,190.7786153646616,183.4935131072998,189.41265869140625,30000,0.0,0.0
2008-07-29 00:00:00+09:00,184.22201931152148,185.77010070501743,182.85606268869049,185.6790313720703,10000,0.0,0.0
2008-07-30 00:00:00+09:00,184.7684057496677,184.7684057496677,182.49181122887225,183.94883728027344,7200,0.0,0.0
2008-07-31 00:00:00+09:00,183.94880875516384,185.58795933499803,183.03817108805907,184.9505157470703,10000,0.0,0.0
2008-08-01 00:00:00+09:00,185.04158545747165,185.04158545747165,182.40074157714844,182.40074157714844,5300,0.0,0.0
2008-08-04 00:00:00+09:00,182.40075578517857,183.94883728027344,181.67224275947797,183.94883728027344,10000,0.0,0.0
2008-08-05 00:00:00+09:00,183.94881518919075,191.23391678084187,178.48498899545243,183.03817749023438,8100,0.0,0.0
2008-08-06 00:00:00+09:00,183.0381750756361,186.40753173828125,178.4849866409188,186.40753173828125,20000,0.0,0.0
2008-08-07 00:00:00+09:00,186.40752720447492,188.50199661254885,182.12753295898438,182.12753295898438,2500,0.0,0.0
2008-08-08 00:00:00+09:00,182.12756166363707,184.8594750885916,181.21692385531887,183.94883728027344,3600,0.0,0.0
2008-08-11 00:00:00+09:00,184.8594750885916,186.68075070522798,182.12756166363707,183.94883728027344,4700,0.0,0.0
2008-08-12 00:00:00+09:00,183.94880828857424,183.94880828857424,182.12753295898438,182.12753295898438,7200,0.0,0.0
2008-08-13 00:00:00+09:00,182.12753868876806,183.0381763822119,178.66711267463577,180.48838806152344,8900,0.0,0.0
2008-08-14 00:00:00+09:00,177.57434463500977,182.12753295898438,177.57434463500977,182.12753295898438,8000,0.0,0.0
2008-08-15 00:00:00+09:00,177.57435285865364,182.1275413934909,175.7530774447187,181.21690368652344,7800,0.0,0.0
2008-08-18 00:00:00+09:00,175.02456665039062,175.02456665039062,175.02456665039062,175.02456665039062,100,0.0,0.0
2008-08-19 00:00:00+09:00,174.2050018310547,174.2050018310547,174.2050018310547,174.2050018310547,100,0.0,0.0
2008-08-20 00:00:00+09:00,178.3939208984375,178.3939208984375,178.3939208984375,178.3939208984375,100,0.0,0.0
2008-08-21 00:00:00+09:00,182.1275413934909,182.1275413934909,178.48499056562108,181.21690368652344,5200,0.0,0.0
2008-08-22 00:00:00+09:00,181.21691024158486,181.21691024158486,177.574359281955,179.3045654296875,5400,0.0,0.0
2008-08-25 00:00:00+09:00,180.30625762939454,183.49348945617677,180.30625762939454,182.12753295898438,3600,0.0,0.0
2008-08-26 00:00:00+09:00,182.1275532539255,187.59137985154325,182.1275532539255,184.85946655273438,10000,0.0,0.0
2008-08-27 00:00:00+09:00,184.85946655273438,187.59137985154325,184.85946655273438,184.85946655273438,30000,0.0,0.0
2008-08-28 00:00:00+09:00,184.95052075588956,190.32327757922118,183.0381760450883,190.23220825195312,10000,0.0,0.0
2008-08-29 00:00:00+09:00,189.77688598632812,189.77688598632812,189.77688598632812,189.77688598632812,100,0.0,0.0
2008-09-01 00:00:00+09:00,192.14452988888738,195.78708021853453,189.412617141652,193.96580505371094,4900,0.0,0.0
2008-09-02 00:00:00+09:00,200.34029631021386,200.34029631021386,191.23391920520413,197.60838317871094,6000,0.0,0.0
2008-09-03 00:00:00+09:00,200.34030319353855,200.34030319353855,196.6977522263833,198.51902770996094,8500,0.0,0.0
2008-09-04 00:00:00+09:00,195.78710527562384,195.78710527562384,180.39733372135225,183.03817749023438,8000,0.0,0.0
2008-09-05 00:00:00+09:00,180.39735688600226,186.22543334960938,180.39735688600226,186.22543334960938,3300,0.0,0.0
2008-09-08 00:00:00+09:00,183.03817771299043,188.4109345852803,182.1275400129258,187.13604736328125,3500,0.0,0.0
2008-09-09 00:00:00+09:00,187.1360642359807,189.41265869140625,184.85946978055514,189.41265869140625,2900,0.0,0.0
2008-09-10 00:00:00+09:00,187.59138312706582,189.41265869140625,183.0381942162147,189.41265869140625,4900,0.0,0.0
2008-09-11 00:00:00+09:00,189.4126418340774,191.23391723632812,189.4126418340774,191.23391723632812,5000,0.0,0.0
2008-09-12 00:00:00+09:00,191.23392740885416,191.23392740885416,188.50201416015625,188.50201416015625,2600,0.0,0.0
2008-09-16 00:00:00+09:00,174.84245098761792,193.05520629882812,174.84245098761792,193.05520629882812,13100,0.0,0.0
2008-09-17 00:00:00+09:00,191.2339161316194,201.2509307861328,183.0381768688357,201.2509307861328,11000,0.0,0.0
2008-09-18 00:00:00+09:00,201.25093078982866,201.25093078982866,183.0381768721971,188.6841278076172,10000,0.0,0.0
2008-09-19 00:00:00+09:00,188.68413731959592,199.42966545174974,188.68413731959592,198.51902770996094,3300,0.0,0.0
2008-09-22 00:00:00+09:00,193.0551811750545,195.78709411621094,184.85944235158522,195.78709411621094,2000,0.0,0.0
2008-09-24 00:00:00+09:00,193.0551946262061,197.60838317871094,193.0551946262061,197.60838317871094,1000,0.0,0.0
2008-09-25 00:00:00+09:00,197.60836645675033,199.4296417236328,197.60836645675033,199.4296417236328,10700,0.0,0.0
2008-09-26 00:00:00+09:00,199.42966537840627,199.42966537840627,185.77009925659763,190.3232879638672,15400,0.0,0.0
2008-09-29 00:00:00+09:00,187.5913582028936,193.96582183114725,187.5913582028936,192.14454650878906,4100,0.0,0.0
2008-09-30 00:00:00+09:00,179.39563017909967,187.59136962890625,179.39563017909967,187.59136962890625,8200,0.0,0.0
2008-10-01 00:00:00+09:00,183.03818104568037,187.59136962890625,182.1275433290352,187.59136962890625,5000,0.0,0.0
2008-10-02 00:00:00+09:00,187.59137819251237,187.59137819251237,178.48500061035156,178.48500061035156,3700,0.0,0.0
2008-10-03 00:00:00+09:00,177.57435285865364,182.1275413934909,176.66371515168618,181.21690368652344,13200,0.0,0.0
2008-10-06 00:00:00+09:00,181.21690635617142,182.12754407655422,163.004151948516,181.94541931152344,13800,0.0,0.0
2008-10-07 00:00:00+09:00,158.26881686595945,170.2892303466797,158.26881686595945,170.2892303466797,13200,0.0,0.0
2008-10-08 00:00:00+09:00,161.18287658691406,163.91478974940412,161.18287658691406,161.18287658691406,14500,0.0,0.0
2008-10-09 00:00:00+09:00,156.62971204747268,166.646728515625,155.71907418673155,166.646728515625,6000,0.0,0.0
2008-10-10 00:00:00+09:00,163.00416328457513,163.00416328457513,153.89778544744803,161.00076293945312,12100,0.0,0.0
2008-10-14 00:00:00+09:00,165.5539355651664,179.2135009765625,165.5539355651664,179.2135009765625,7900,0.0,0.0
2008-10-15 00:00:00+09:00,165.5539355651664,179.2135009765625,165.5539355651664,179.2135009765625,7900,0.0,0.0
2008-10-16 00:00:00+09:00,173.02118813119284,186.68075561523438,173.02118813119284,186.68075561523438,7100,0.0,0.0
2008-10-17 00:00:00+09:00,175.75306930541993,183.0381706237793,175.75306930541993,182.12753295898438,5500,0.0,0.0
2008-10-20 00:00:00+09:00,184.85944595336915,184.85944595336915,180.30625762939454,182.12753295898438,7800,0.0,0.0
2008-10-21 00:00:00+09:00,182.67392111595257,188.50199661254885,182.12753295898438,182.12753295898438,19100,0.0,0.0
2008-10-22 00:00:00+09:00,183.03819768569048,185.77011108398438,182.1275598862592,185.77011108398438,9000,0.0,0.0
2008-10-23 00:00:00+09:00,182.12753295898438,185.77008361816408,179.39561996459963,182.12753295898438,10000,0.0,0.0
2008-10-24 00:00:00+09:00,185.77008361816408,185.77008361816408,177.57434463500977,182.12753295898438,19100,0.0,0.0
2008-10-27 00:00:00+09:00,182.1275413934909,186.68072992832816,181.21690368652344,181.21690368652344,42400,0.0,0.0
2008-10-28 00:00:00+09:00,181.21690531309486,183.0381807433772,173.9318035919654,179.3956298828125,28800,0.0,0.0
2008-10-29 00:00:00+09:00,180.48840554526788,186.68074523957787,180.48840554526788,186.5896759033203,2000,0.0,0.0
2008-10-30 00:00:00+09:00,182.12753295898438,186.4985965290456,182.12753295898438,182.12753295898438,11400,0.0,0.0
2008-10-31 00:00:00+09:00,182.12754991319443,189.86797078450522,182.12754991319443,188.50201416015625,9000,0.0,0.0
2008-11-04 00:00:00+09:00,188.50201416015625,191.23392740885416,182.12754991319443,188.50201416015625,12200,0.0,0.0
2008-11-05 00:00:00+09:00,188.50201248095937,190.3232879638672,186.68073699805154,190.3232879638672,11100,0.0,0.0
2008-11-06 00:00:00+09:00,193.8747643035021,193.96583363325243,191.2339204834883,192.96412658691406,12300,0.0,0.0
2008-11-07 00:00:00+09:00,191.23391723632812,191.23391723632812,189.4126418340774,191.23391723632812,14100,0.0,0.0
2008-11-10 00:00:00+09:00,191.23391723632812,191.23391723632812,186.77179805890523,191.23391723632812,9000,0.0,0.0
2008-11-11 00:00:00+09:00,191.2339138131153,191.2339138131153,185.77008770416916,190.77859497070312,5600,0.0,0.0
2008-11-12 00:00:00+09:00,190.77859373445864,196.69773864746094,188.50199953715006,196.69773864746094,13800,0.0,0.0
2008-11-13 00:00:00+09:00,196.69773864746094,198.5190140053078,191.23391257392035,196.69773864746094,9000,0.0,0.0
2008-11-14 00:00:00+09:00,200.24922003717103,200.34028936315465,190.32327489499693,196.69773864746094,11100,0.0,0.0
2008-11-17 00:00:00+09:00,191.2339257053211,191.2339257053211,190.3232879638672,190.3232879638672,5600,0.0,0.0
2008-11-18 00:00:00+09:00,190.3232879638672,190.5054127331121,190.3232879638672,190.3232879638672,5100,0.0,0.0
2008-11-19 00:00:00+09:00,189.4126691120427,189.4126691120427,179.39565295707888,186.68075561523438,6100,0.0,0.0
2008-11-20 00:00:00+09:00,186.68071075644633,186.68071075644633,174.9334911010828,175.11561584472656,6400,0.0,0.0
2008-11-21 00:00:00+09:00,177.57436480737087,182.4007477581043,175.11564561216088,175.3888397216797,18300,0.0,0.0
2008-11-25 00:00:00+09:00,175.38882449114246,182.03646850585938,175.38882449114246,182.03646850585938,600,0.0,0.0
2008-11-26 00:00:00+09:00,182.03646850585938,183.94881321119584,182.03646850585938,182.03646850585938,4000,0.0,0.0
2008-11-27 00:00:00+09:00,182.03646850585938,183.0381755220315,182.03646850585938,182.03646850585938,30900,0.0,0.0
2008-11-28 00:00:00+09:00,182.03646850585938,182.12753783286718,182.03646850585938,182.03646850585938,8200,0.0,0.0
2008-12-01 00:00:00+09:00,182.0364858756875,183.03819298744202,174.8424530029297,174.8424530029297,6500,0.0,0.0
2008-12-02 00:00:00+09:00,174.8424530029297,180.30627965927124,173.11224678651342,174.8424530029297,5600,0.0,0.0
2008-12-03 00:00:00+09:00,180.30628967285156,180.39735901360683,180.30628967285156,180.30628967285156,6400,0.0,0.0
2008-12-04 00:00:00+09:00,180.30626402995193,180.30626402995193,173.2943565411662,180.21519470214844,9500,0.0,0.0
2008-12-05 00:00:00+09:00,176.5726422209211,176.66371154785156,176.5726422209211,176.66371154785156,5600,0.0,0.0
2008-12-08 00:00:00+09:00,182.1275413934909,186.68072992832816,181.21690368652344,181.21690368652344,13400,0.0,0.0
2008-12-09 00:00:00+09:00,181.21689818125836,181.21689818125836,173.0211590675331,173.1122283935547,14000,0.0,0.0
2008-12-10 00:00:00+09:00,176.75478502026397,176.84584045410156,173.47648370707807,176.84584045410156,7000,0.0,0.0
2008-12-11 00:00:00+09:00,174.84242936366581,175.75306701660156,171.19987875192277,175.75306701660156,10800,0.0,0.0
2008-12-12 00:00:00+09:00,175.75307580731973,180.03307021114657,175.75307580731973,177.66542053222656,6500,0.0,0.0
2008-12-15 00:00:00+09:00,179.9420164548605,181.21690368652344,179.9420164548605,181.21690368652344,6300,0.0,0.0
2008-12-16 00:00:00+09:00,181.21690368652344,181.21690368652344,177.1190340051699,181.21690368652344,7000,0.0,0.0
2008-12-17 00:00:00+09:00,181.21690368652344,181.30797301531166,181.21690368652344,181.21690368652344,5700,0.0,0.0
2008-12-18 00:00:00+09:00,181.21691063695576,181.30797996923687,176.75479125976562,176.75479125976562,17200,0.0,0.0
2008-12-19 00:00:00+09:00,176.75479125976562,176.75479125976562,166.82883153598078,176.75479125976562,7600,0.0,0.0
2008-12-22 00:00:00+09:00,176.75478087478203,176.84583630648407,176.66371154785156,176.66371154785156,6600,0.0,0.0
2008-12-24 00:00:00+09:00,172.20158055898136,172.20158055898136,165.3717983669841,167.3751983642578,7800,0.0,0.0
2008-12-25 00:00:00+09:00,167.3752045190256,170.28924224905475,167.3752045190256,168.5590362548828,4500,0.0,0.0
2008-12-26 00:00:00+09:00,168.5590579062288,174.8424530029297,168.5590579062288,174.8424530029297,5300,0.0,0.0
2008-12-29 00:00:00+09:00,174.84244218438664,177.84754943847656,174.84244218438664,177.84754943847656,3500,0.0,0.0
2008-12-30 00:00:00+09:00,177.84754943847656,177.84754943847656,177.84754943847656,177.84754943847656,2600,0.0,0.0
2009-01-05 00:00:00+09:00,177.84755173720575,181.12583923339844,177.84755173720575,181.12583923339844,6300,0.0,0.0
2009-01-06 00:00:00+09:00,181.2168928614767,181.2168928614767,173.11222331169276,177.0279541015625,7600,0.0,0.0
2009-01-07 00:00:00+09:00,177.11903543843852,177.11903543843852,174.47819162495435,175.29776000976562,4900,0.0,0.0
2009-01-08 00:00:00+09:00,175.29776000976562,175.29776000976562,175.29776000976562,175.29776000976562,2800,0.0,0.0
2009-01-09 00:00:00+09:00,175.297766998219,175.297766998219,173.02117262161875,174.9335174560547,6500,0.0,0.0
2009-01-13 00:00:00+09:00,171.29096360655575,171.38201904296875,171.29096360655575,171.38201904296875,2900,0.0,0.0
2009-01-14 00:00:00+09:00,171.38202490452412,171.38202490452412,163.55054844847004,169.7428741455078,6200,0.0,0.0
2009-01-15 00:00:00+09:00,169.74286244277192,169.83393177125012,165.00754916170774,168.9232940673828,5200,0.0,0.0
2009-01-16 00:00:00+09:00,166.64670958323174,175.66201782226562,165.1896836134833,175.66201782226562,10000,0.0,0.0
2009-01-19 00:00:00+09:00,169.2875470026942,169.3786163330078,169.2875470026942,169.3786163330078,3900,0.0,0.0
2009-01-20 00:00:00+09:00,169.46968980194944,169.5607452392578,169.46968980194944,169.5607452392578,3400,0.0,0.0
2009-01-21 00:00:00+09:00,169.65178680891933,170.2892303466797,169.65178680891933,170.2892303466797,4500,0.0,0.0
2009-01-22 00:00:00+09:00,167.4662681831037,168.9232940673828,167.4662681831037,168.9232940673828,4600,0.0,0.0
2009-01-23 00:00:00+09:00,168.92330254448785,169.01437187753618,163.914794921875,163.914794921875,6100,0.0,0.0
2009-01-26 00:00:00+09:00,163.914794921875,164.00586425492332,163.914794921875,163.914794921875,27500,0.0,0.0
2009-01-27 00:00:00+09:00,163.91481351984504,164.82545137273306,163.91481351984504,164.37013244628906,26100,0.0,0.0
2009-01-28 00:00:00+09:00,164.46115664814573,168.46795654296875,160.81860623640588,168.46795654296875,12500,0.0,0.0
2009-01-29 00:00:00+09:00,168.5590886205096,169.4697265625,168.5590886205096,169.4697265625,4300,0.0,0.0
2009-01-30 00:00:00+09:00,169.46967276943596,175.75306701660156,168.4679657931155,175.75306701660156,11600,0.0,0.0
2009-02-02 00:00:00+09:00,175.75306701660156,175.75306701660156,173.0211540577943,175.75306701660156,7900,0.0,0.0
2009-02-03 00:00:00+09:00,175.75308715608594,175.84415648990625,168.4679850978026,175.66201782226562,12400,0.0,0.0
2009-02-04 00:00:00+09:00,175.66199769321685,175.75306701660156,170.289241098987,175.75306701660156,7000,0.0,0.0
2009-02-05 00:00:00+09:00,175.66205345184866,175.66205345184866,165.82717479453854,169.4697265625,11000,0.0,0.0
2009-02-06 00:00:00+09:00,169.46968980194944,169.5607452392578,169.46968980194944,169.5607452392578,4200,0.0,0.0
2009-02-09 00:00:00+09:00,169.37863213814347,169.37863213814347,163.91480529497755,164.00587463378906,8300,0.0,0.0
2009-02-10 00:00:00+09:00,164.00587463378906,164.00587463378906,164.00587463378906,164.00587463378906,2400,0.0,0.0
2009-02-12 00:00:00+09:00,164.09693831137648,164.37013244628906,163.91481351984504,164.37013244628906,7700,0.0,0.0
2009-02-13 00:00:00+09:00,161.273941636437,162.275634765625,161.273941636437,162.275634765625,6400,0.0,0.0
2009-02-16 00:00:00+09:00,162.36671373265182,162.63990783691406,162.27564439948793,162.63990783691406,4200,0.0,0.0
2009-02-17 00:00:00+09:00,162.63991561953483,168.37692260742188,162.63991561953483,168.37692260742188,5900,0.0,0.0
2009-02-18 00:00:00+09:00,168.28584217811147,168.5590362548828,168.1947728541117,168.5590362548828,6000,0.0,0.0
2009-02-19 00:00:00+09:00,168.5590362548828,168.5590362548828,168.5590362548828,168.5590362548828,1500,0.0,0.0
2009-02-20 00:00:00+09:00,168.5590362548828,168.5590362548828,168.5590362548828,168.5590362548828,2900,0.0,0.0
2009-02-23 00:00:00+09:00,169.4697265625,169.4697265625,169.4697265625,169.4697265625,3700,0.0,0.0
2009-02-24 00:00:00+09:00,169.46968901870454,169.46968901870454,161.18288002433357,165.73606872558594,4700,0.0,0.0
2009-02-25 00:00:00+09:00,165.73606872558594,172.11053290733923,165.73606872558594,165.73606872558594,15500,0.0,0.0
2009-02-26 00:00:00+09:00,165.7360515738485,165.82712089654063,162.09350098980786,162.1845703125,15200,0.0,0.0
2009-02-27 00:00:00+09:00,161.1828733834114,165.73606189706706,159.5437227394496,164.82542419433594,5700,0.0,0.0
2009-03-02 00:00:00+09:00,159.6347952405488,161.18287658691406,159.361601145254,161.18287658691406,8800,0.0,0.0
2009-03-03 00:00:00+09:00,161.18287658691406,161.18287658691406,159.361601145254,161.18287658691406,4200,0.0,0.0
2009-03-04 00:00:00+09:00,161.18287658691406,161.18287658691406,161.18287658691406,161.18287658691406,2400,0.0,0.0
2009-03-05 00:00:00+09:00,159.4526721143137,161.1828782435826,159.36160278320312,159.36160278320312,2500,0.0,0.0
2009-03-06 00:00:00+09:00,158.45096342442397,161.18287658691406,158.45096342442397,161.18287658691406,3300,0.0,0.0
2009-03-09 00:00:00+09:00,161.1828730336618,163.8237168077603,155.7190468291309,162.00244140625,3000,0.0,0.0
2009-03-10 00:00:00+09:00,162.00244140625,162.00244140625,162.00244140625,162.00244140625,2000,0.0,0.0
2009-03-11 00:00:00+09:00,162.00244664266174,162.00244664266174,155.7190518624442,159.36160278320312,5500,0.0,0.0
2009-03-12 00:00:00+09:00,159.36160278320312,159.36160278320312,157.7224520898158,159.36160278320312,12100,0.0,0.0
2009-03-13 00:00:00+09:00,159.3615958188481,159.90798399117548,159.3615958188481,159.72584533691406,2200,0.0,0.0
2009-03-16 00:00:00+09:00,155.263746355582,157.08502197265625,155.263746355582,157.08502197265625,1300,0.0,0.0
2009-03-17 00:00:00+09:00,156.1743564734431,159.08839416503906,154.8084000028299,159.08839416503906,5100,0.0,0.0
2009-03-18 00:00:00+09:00,159.0884171768544,163.91480018352638,158.4509735107422,158.4509735107422,13100,0.0,0.0
2009-03-19 00:00:00+09:00,158.4509664768254,158.4509664768254,146.61267587798213,154.71734619140625,9200,0.0,0.0
2009-03-23 00:00:00+09:00,154.80840534507158,154.80840534507158,152.0764923095703,152.0764923095703,2700,0.0,0.0
2009-03-24 00:00:00+09:00,157.54033067491318,161.1828816731771,155.08161153013094,155.71905517578125,3600,0.0,0.0
2009-03-25 00:00:00+09:00,155.71906191803689,161.1828886520031,155.71906191803689,156.62969970703125,35800,0.0,0.0
2009-03-26 00:00:00+09:00,151.1658546310699,152.0764923095703,150.25521695256947,152.0764923095703,1200,0.0,0.0
2009-03-27 00:00:00+09:00,152.07651250502641,157.5403393016142,152.07651250502641,154.8084259033203,10600,0.0,0.0
2009-03-30 00:00:00+09:00,153.8977813720703,156.9939441966119,153.8977813720703,153.8977813720703,800,0.0,0.0
2009-03-31 00:00:00+09:00,153.8977619569288,153.8977619569288,150.34628070062925,153.71563720703125,1300,0.0,0.0
2009-04-01 00:00:00+09:00,150.5284327913403,152.98715209960938,150.5284327913403,152.98715209960938,400,0.0,0.0
2009-04-02 00:00:00+09:00,150.25523866925923,161.18289239065987,149.3446008591425,152.98715209960938,4000,0.0,0.0
2009-04-03 00:00:00+09:00,151.16585619377366,156.62968232125945,148.43394313003077,150.25521850585938,3000,0.0,0.0
2009-04-06 00:00:00+09:00,149.34458249729198,153.80670166015625,149.34458249729198,153.80670166015625,9200,0.0,0.0
2009-04-07 00:00:00+09:00,153.80670845303368,154.71734619140625,153.80670845303368,154.71734619140625,400,0.0,0.0
2009-04-08 00:00:00+09:00,149.79991145387908,153.8977813720703,149.79991145387908,153.8977813720703,1200,0.0,0.0
2009-04-09 00:00:00+09:00,153.897788103889,154.8084259033203,153.897788103889,154.8084259033203,1600,0.0,0.0
2009-04-10 00:00:00+09:00,154.80839888476393,154.80839888476393,149.79989186202158,153.98883056640625,800,0.0,0.0
2009-04-13 00:00:00+09:00,152.07650894607923,155.62799072265625,152.07650894607923,155.62799072265625,4400,0.0,0.0
2009-04-14 00:00:00+09:00,154.80841413225446,159.36160278320312,154.80841413225446,159.36160278320312,4100,0.0,0.0
2009-04-15 00:00:00+09:00,154.80841098550977,163.004150390625,154.80841098550977,163.004150390625,2000,0.0,0.0
2009-04-16 00:00:00+09:00,163.91482014301397,167.5573717017476,163.00418225333055,165.28077697753906,8800,0.0,0.0
2009-04-17 00:00:00+09:00,165.2807430457015,165.73606189706706,164.00585581996936,164.82542419433594,3300,0.0,0.0
2009-04-20 00:00:00+09:00,168.28583180142718,168.46795654296875,166.6466813370988,168.46795654296875,8600,0.0,0.0
2009-04-21 00:00:00+09:00,167.55734420608687,167.55734420608687,164.82543098533546,165.73606872558594,2500,0.0,0.0
2009-04-22 00:00:00+09:00,165.7360472642477,165.7360472642477,163.82370269926156,164.55221557617188,1500,0.0,0.0
2009-04-23 00:00:00+09:00,153.62458557273365,163.914794921875,153.62458557273365,163.914794921875,3800,0.0,0.0
2009-04-24 00:00:00+09:00,156.6296913230812,165.73606872558594,156.6296913230812,165.73606872558594,1900,0.0,0.0
2009-04-27 00:00:00+09:00,165.73609065488387,168.46800423710724,165.73609065488387,166.646728515625,10000,0.0,0.0
2009-04-28 00:00:00+09:00,166.6467125051893,175.75309023771328,166.6467125051893,166.91990661621094,9200,0.0,0.0
2009-04-30 00:00:00+09:00,166.91988369580687,172.01944618864218,166.91988369580687,167.5573272705078,2100,0.0,0.0
2009-05-01 00:00:00+09:00,167.55736077525629,172.1105499267578,167.55736077525629,172.1105499267578,21400,0.0,0.0
2009-05-07 00:00:00+09:00,172.1105129833491,176.5726318359375,172.1105129833491,176.5726318359375,2200,0.0,0.0
2009-05-08 00:00:00+09:00,176.57267657563236,176.57267657563236,171.1088493822216,173.0211944580078,5800,0.0,0.0
2009-05-11 00:00:00+09:00,175.6620079258141,177.11903381347656,175.38882773020245,177.11903381347656,6200,0.0,0.0
2009-05-12 00:00:00+09:00,174.84243973775125,182.1275413934909,174.84243973775125,181.21690368652344,11200,0.0,0.0
2009-05-13 00:00:00+09:00,177.5743493870455,182.03646850585938,177.5743493870455,182.03646850585938,6100,0.0,0.0
2009-05-14 00:00:00+09:00,173.93180459310926,181.94541931152344,173.47648573291787,181.94541931152344,1900,0.0,0.0
2009-05-15 00:00:00+09:00,174.93350717502963,180.30626402995193,174.02286947790867,180.21519470214844,6000,0.0,0.0
2009-05-18 00:00:00+09:00,182.1275664538872,186.68075561523438,174.02289530478146,186.68075561523438,6300,0.0,0.0
2009-05-19 00:00:00+09:00,181.2169220868279,186.68074888341567,172.11054409251494,185.77011108398438,5200,0.0,0.0
2009-05-20 00:00:00+09:00,177.75649588950034,182.12756011121553,174.20501402542368,181.6722412109375,4800,0.0,0.0
2009-05-21 00:00:00+09:00,181.5811565043333,181.5811565043333,175.6620113016966,177.57435607910156,1800,0.0,0.0
2009-05-22 00:00:00+09:00,182.12753404338505,182.12753404338505,172.11051967099888,177.4832763671875,3200,0.0,0.0
2009-05-25 00:00:00+09:00,182.12755164321587,182.12755164321587,177.4832935182221,178.48500061035156,7800,0.0,0.0
2009-05-26 00:00:00+09:00,178.48499216767132,182.0364736986304,178.48499216767132,179.3956298828125,12000,0.0,0.0
2009-05-27 00:00:00+09:00,179.3956298828125,180.30626759795368,179.3956298828125,179.3956298828125,17700,0.0,0.0
2009-05-28 00:00:00+09:00,179.39561996459963,182.12753295898438,179.39561996459963,182.12753295898438,14000,0.0,0.0
2009-05-29 00:00:00+09:00,182.1275396967044,182.1275396967044,177.57435120428678,177.66542053222656,25700,0.0,0.0
2009-06-01 00:00:00+09:00,180.30625834238202,181.85433959960938,180.30625834238202,181.85433959960938,5400,0.0,0.0
2009-06-02 00:00:00+09:00,186.40752720447492,186.40752720447492,182.12753295898438,182.12753295898438,5500,0.0,0.0
2009-06-03 00:00:00+09:00,186.68073293633688,190.1411590576172,179.85095002403187,190.1411590576172,8200,0.0,0.0
2009-06-04 00:00:00+09:00,190.05008349264548,190.32327757922118,180.30626296978846,190.23220825195312,4900,0.0,0.0
2009-06-05 00:00:00+09:00,182.1275623441193,195.78712951992824,180.3062867206781,195.69606018066406,10600,0.0,0.0
2009-06-08 00:00:00+09:00,197.42627858027117,202.34371716113952,189.2305383486705,200.34031677246094,5300,0.0,0.0
2009-06-09 00:00:00+09:00,204.89350579001686,204.89350579001686,192.59989544261586,200.34031677246094,6900,0.0,0.0
2009-06-10 00:00:00+09:00,209.44667053222656,213.99985902205756,205.34880089137866,209.44667053222656,13000,0.0,0.0
2009-06-11 00:00:00+09:00,209.4466869877834,232.21263122558594,209.4466869877834,232.21263122558594,24400,0.0,0.0
2009-06-12 00:00:00+09:00,223.10623168945312,229.48069545200894,218.55304328762756,223.10623168945312,19500,0.0,0.0
2009-06-15 00:00:00+09:00,213.9998321533203,218.55302007147606,207.62536906790226,213.9998321533203,14000,0.0,0.0
2009-06-16 00:00:00+09:00,213.9998410782724,241.3189697265625,213.9998410782724,241.3189697265625,43700,0.0,0.0
2009-06-17 00:00:00+09:00,241.13685974996994,241.31899841212459,224.01688154484017,225.47390747070312,55200,0.0,0.0
2009-06-18 00:00:00+09:00,227.6594287059346,235.85516813934825,211.26794983910733,222.1956024169922,17500,0.0,0.0
2009-06-19 00:00:00+09:00,224.9275258804258,225.83816363702672,216.73178607101758,219.4636993408203,7800,0.0,0.0
2009-06-22 00:00:00+09:00,218.55307974466461,224.01690673828125,216.73180408012576,224.01690673828125,2900,0.0,0.0
2009-06-23 00:00:00+09:00,218.6441490859838,232.121577887387,215.82116624785633,224.01690673828125,6700,0.0,0.0
2009-06-24 00:00:00+09:00,218.64411110023173,229.48069386347103,218.5530417747343,224.92750549316406,2800,0.0,0.0
2009-06-25 00:00:00+09:00,227.65944237802543,232.21263122558594,224.92752906948914,232.21263122558594,5000,0.0,0.0
2009-06-26 00:00:00+09:00,232.30367862875272,239.40664144417005,232.21260930230756,236.6747283935547,20000,0.0,0.0
2009-06-29 00:00:00+09:00,236.76579771999985,242.22962382123063,232.30367862875272,236.6747283935547,5900,0.0,0.0
2009-06-30 00:00:00+09:00,233.66964220933292,240.40835571289062,231.30197860255387,240.40835571289062,4900,0.0,0.0
2009-07-01 00:00:00+09:00,240.40835571289062,240.40835571289062,232.21261631358755,240.40835571289062,3400,0.0,0.0
2009-07-02 00:00:00+09:00,234.94454913139384,240.3173065185547,234.94454913139384,240.3173065185547,1200,0.0,0.0
2009-07-03 00:00:00+09:00,233.21431824961547,237.6764373779297,232.2126112313106,237.6764373779297,1800,0.0,0.0
2009-07-06 00:00:00+09:00,240.3173065185547,240.3173065185547,240.3173065185547,240.3173065185547,400,0.0,0.0
2009-07-07 00:00:00+09:00,236.76580810546875,236.76580810546875,229.48070631760817,236.76580810546875,1100,0.0,0.0
2009-07-08 00:00:00+09:00,229.48071791704965,232.21263122558594,223.10625353046493,232.21263122558594,2500,0.0,0.0
2009-07-09 00:00:00+09:00,216.82284967441763,222.19560673827613,213.99986714547086,221.10284423828125,8000,0.0,0.0
2009-07-10 00:00:00+09:00,215.6390218762681,221.01177904061558,204.89349365234375,204.89349365234375,10600,0.0,0.0
2009-07-13 00:00:00+09:00,193.0552026934495,193.0552026934495,177.57436096803139,185.6790313720703,14800,0.0,0.0
2009-07-14 00:00:00+09:00,201.9794464111328,201.9794464111328,201.9794464111328,201.9794464111328,200,0.0,0.0
2009-07-15 00:00:00+09:00,202.1615923794833,202.61691128123888,197.60840336192737,200.34031677246094,1300,0.0,0.0
2009-07-16 00:00:00+09:00,200.34028698783774,208.53602600097656,198.5190116515847,208.53602600097656,4100,0.0,0.0
2009-07-17 00:00:00+09:00,208.53604138799074,216.73178100585938,208.53604138799074,216.73178100585938,2100,0.0,0.0
2009-07-21 00:00:00+09:00,222.1956241584732,227.20413208007812,218.55307294276054,227.20413208007812,1000,0.0,0.0
2009-07-22 00:00:00+09:00,227.65944237802543,232.21263122558594,225.83816683900122,232.21263122558594,1000,0.0,0.0
2009-07-23 00:00:00+09:00,234.4892256493662,234.4892256493662,227.65944237802543,232.21263122558594,1600,0.0,0.0
2009-07-24 00:00:00+09:00,233.1232621801181,233.1232621801181,223.10624700831616,231.30198669433594,1200,0.0,0.0
2009-07-27 00:00:00+09:00,235.8551771375868,235.8551771375868,224.92752414279514,229.480712890625,35700,0.0,0.0
2009-07-28 00:00:00+09:00,229.480712890625,229.480712890625,227.65943739149304,229.480712890625,1300,0.0,0.0
2009-07-29 00:00:00+09:00,228.5700818691329,231.30199519824606,227.65944409276187,230.391357421875,800,0.0,0.0
2009-07-30 00:00:00+09:00,230.39135568656175,232.21263122558594,223.10625353046493,232.21263122558594,600,0.0,0.0
2009-07-31 00:00:00+09:00,227.65943572277158,232.1215551048462,227.65943572277158,231.30198669433594,2300,0.0,0.0
2009-08-03 00:00:00+09:00,227.65941851534825,227.65941851534825,218.5530417747343,224.92750549316406,6400,0.0,0.0
2009-08-04 00:00:00+09:00,218.6441377987889,223.0151880518484,210.35732839483964,216.27647399902344,6800,0.0,0.0
2009-08-05 00:00:00+09:00,216.27646719271712,220.37433709742123,209.44668401821025,219.4636993408203,5100,0.0,0.0
2009-08-06 00:00:00+09:00,211.2679611908342,217.64242553710938,211.2679611908342,217.64242553710938,1000,0.0,0.0
2009-08-07 00:00:00+09:00,214.9105122458486,217.64242553710938,207.62541013581983,217.64242553710938,600,0.0,0.0
2009-08-10 00:00:00+09:00,209.99306965959224,213.99987018149446,209.99306965959224,210.53944396972656,500,0.0,0.0
2009-08-11 00:00:00+09:00,212.72498052854857,216.73178100585938,212.72498052854857,216.73178100585938,800,0.0,0.0
2009-08-12 00:00:00+09:00,210.9947670826622,217.64242553710938,210.8126423089574,217.64242553710938,1700,0.0,0.0
2009-08-13 00:00:00+09:00,217.6423824878449,217.6423824878449,213.9998321533203,213.9998321533203,1200,0.0,0.0
2009-08-14 00:00:00+09:00,213.9998321533203,213.9998321533203,208.5360066515334,213.9998321533203,4600,0.0,0.0
2009-08-17 00:00:00+09:00,213.99985200973578,213.99985200973578,206.7147506647235,208.53602600097656,2700,0.0,0.0
2009-08-18 00:00:00+09:00,193.05518793176722,200.34028936315465,193.05518793176722,196.69773864746094,11300,0.0,0.0
2009-08-19 00:00:00+09:00,196.69774723270214,199.88497924804688,196.2424283733672,199.88497924804688,2700,0.0,0.0
2009-08-20 00:00:00+09:00,219.00838896433513,221.74030234018963,213.9998811086019,218.55307006835938,5200,0.0,0.0
2009-08-21 00:00:00+09:00,213.99986779990314,216.73178100585938,206.71476591735325,216.73178100585938,2400,0.0,0.0
2009-08-24 00:00:00+09:00,217.64238672258247,217.64238672258247,203.9828227023367,212.90707397460938,5000,0.0,0.0
2009-08-25 00:00:00+09:00,212.90707397460938,217.64238672258247,212.90707397460938,212.90707397460938,6500,0.0,0.0
2009-08-26 00:00:00+09:00,212.99815901368262,217.6424169844123,206.7147642487933,214.45518493652344,19400,0.0,0.0
2009-08-27 00:00:00+09:00,217.18712642540788,217.18712642540788,208.26287274921708,213.72669982910156,700,0.0,0.0
2009-08-28 00:00:00+09:00,213.72667951564156,213.72667951564156,210.99476623535156,210.99476623535156,700,0.0,0.0
2009-08-31 00:00:00+09:00,202.89010006800473,208.536051522314,197.60839816743294,205.80413818359375,1900,0.0,0.0
2009-09-02 00:00:00+09:00,201.25093125053073,209.44667053222656,201.25093125053073,209.44667053222656,1000,0.0,0.0
2009-09-03 00:00:00+09:00,209.4466921488444,218.55307006835938,200.43138356661657,218.55307006835938,1700,0.0,0.0
2009-09-04 00:00:00+09:00,218.55305647649683,218.55305647649683,200.3403017701221,216.73178100585938,3900,0.0,0.0
2009-09-07 00:00:00+09:00,211.81431579589844,211.81431579589844,211.81431579589844,211.81431579589844,3900,0.0,0.0
2009-09-08 00:00:00+09:00,211.72326679471172,215.82113647460938,203.52752743491644,215.82113647460938,500,0.0,0.0
2009-09-09 00:00:00+09:00,209.44666366910312,209.44666366910312,202.6168811581541,208.53602600097656,300,0.0,0.0
2009-09-10 00:00:00+09:00,200.34030490451389,204.89349365234375,200.34030490451389,204.89349365234375,1200,0.0,0.0
2009-09-11 00:00:00+09:00,206.71478271484375,206.71478271484375,204.89350709621075,206.71478271484375,300,0.0,0.0
2009-09-14 00:00:00+09:00,198.51899296576988,207.53429947355588,191.23389230647558,193.96580505371094,12800,0.0,0.0
2009-09-15 00:00:00+09:00,191.4160555417733,196.4245632523561,191.4160555417733,193.05520629882812,2900,0.0,0.0
2009-09-16 00:00:00+09:00,193.05518793176722,196.69773864746094,193.05518793176722,196.69773864746094,800,0.0,0.0
2009-09-17 00:00:00+09:00,193.05518607289227,194.421142578125,189.41263539227165,194.421142578125,6600,0.0,0.0
2009-09-18 00:00:00+09:00,191.23392410455335,196.242431640625,187.59137316922855,196.242431640625,3800,0.0,0.0
2009-09-21 00:00:00+09:00,196.242431640625,196.242431640625,196.242431640625,196.242431640625,0,0.0,0.0
2009-09-24 00:00:00+09:00,191.2339049052977,201.70623779296875,189.50369894281704,201.70623779296875,2300,0.0,0.0
2009-09-25 00:00:00+09:00,201.70623779296875,204.4381507201873,201.70623779296875,201.70623779296875,12100,0.0,0.0
2009-09-28 00:00:00+09:00,201.70623779296875,201.70623779296875,192.32666729713958,201.70623779296875,13200,0.0,0.0
2009-09-29 00:00:00+09:00,201.70623779296875,201.70623779296875,201.70623779296875,201.70623779296875,13200,0.0,0.0
2009-09-30 00:00:00+09:00,192.1445492155376,194.42114340055582,192.1445492155376,192.87306213378906,3500,0.0,0.0
2009-10-01 00:00:00+09:00,201.7062734777277,201.7062734777277,193.05521434437145,200.34031677246094,1100,0.0,0.0
2009-10-02 00:00:00+09:00,200.3402813293595,201.88836254240445,193.69262376074883,201.70623779296875,1300,0.0,0.0
2009-10-05 00:00:00+09:00,201.7062839171813,204.71139160334576,192.23565582859788,200.431396484375,2000,0.0,0.0
2009-10-06 00:00:00+09:00,200.24921050378975,204.80239868164062,198.51900455429745,204.80239868164062,1500,0.0,0.0
2009-10-07 00:00:00+09:00,204.80241224191434,204.80241224191434,198.51901769853825,201.2509307861328,200,0.0,0.0
2009-10-08 00:00:00+09:00,203.98285416069382,203.98285416069382,193.23732602854,198.51902770996094,1200,0.0,0.0
2009-10-09 00:00:00+09:00,204.4381832735879,204.4381832735879,198.51903765542164,203.9828643798828,300,0.0,0.0
2009-10-13 00:00:00+09:00,203.9828643798828,203.9828643798828,203.9828643798828,203.9828643798828,300,0.0,0.0
2009-10-14 00:00:00+09:00,204.89349365234375,204.89349365234375,198.51902940538193,204.89349365234375,12100,0.0,0.0
2009-10-15 00:00:00+09:00,204.8934917412398,204.8934917412398,195.96923909968666,203.89178466796875,6900,0.0,0.0
2009-10-16 00:00:00+09:00,203.89179682931737,203.89179682931737,200.34031498539554,202.16159057617188,1900,0.0,0.0
2009-10-19 00:00:00+09:00,202.16157029939177,203.52752685546875,197.69945110763177,203.52752685546875,2500,0.0,0.0
2009-10-20 00:00:00+09:00,200.34030169961684,203.9828526396099,199.06541442871094,199.06541442871094,900,0.0,0.0
2009-10-21 00:00:00+09:00,196.78883314147373,202.16159057617188,196.78883314147373,202.16159057617188,500,0.0,0.0
2009-10-22 00:00:00+09:00,200.34032163064043,203.07223510742188,196.24245141546822,203.07223510742188,3300,0.0,0.0
2009-10-23 00:00:00+09:00,198.51902940538193,204.89349365234375,198.51902940538193,204.89349365234375,4800,0.0,0.0
2009-10-26 00:00:00+09:00,204.89349365234375,209.44668240017361,204.89349365234375,204.89349365234375,39000,0.0,0.0
2009-10-27 00:00:00+09:00,201.2509308937562,208.99135131274681,198.5190178047007,206.62368774414062,2900,0.0,0.0
2009-10-28 00:00:00+09:00,204.89350709621075,206.71478271484375,201.2509558589448,206.71478271484375,800,0.0,0.0
2009-10-29 00:00:00+09:00,200.34030490451389,204.89349365234375,200.34030490451389,204.89349365234375,3500,0.0,0.0
2009-10-30 00:00:00+09:00,191.23393703151393,202.16159057617188,191.23393703151393,202.16159057617188,1300,0.0,0.0
2009-11-02 00:00:00+09:00,194.42117104963822,200.34031677246094,194.42117104963822,200.34031677246094,700,0.0,0.0
2009-11-04 00:00:00+09:00,196.69773864746094,196.69773864746094,196.69773864746094,196.69773864746094,800,0.0,0.0
2009-11-05 00:00:00+09:00,196.69773864746094,196.69773864746094,196.69773864746094,196.69773864746094,1300,0.0,0.0
2009-11-06 00:00:00+09:00,196.6977426932858,197.9726299119101,189.7768906330232,191.50711059570312,2100,0.0,0.0
2009-11-09 00:00:00+09:00,191.23389230647558,194.23899910747986,190.41432404039568,193.96580505371094,2400,0.0,0.0
2009-11-10 00:00:00+09:00,195.69603663214022,195.69603663214022,184.8594535347465,195.331787109375,3100,0.0,0.0
2009-11-11 00:00:00+09:00,195.33178689139228,195.33178689139228,191.23391723632812,191.23391723632812,200,0.0,0.0
2009-11-12 00:00:00+09:00,182.12753295898438,190.3232719421387,182.12753295898438,182.12753295898438,6900,0.0,0.0
2009-11-13 00:00:00+09:00,179.39561996459963,182.12753295898438,179.39561996459963,182.12753295898438,3900,0.0,0.0
2009-11-16 00:00:00+09:00,182.12753295898438,182.12753295898438,179.39561996459963,182.12753295898438,3000,0.0,0.0
2009-11-17 00:00:00+09:00,177.57434923624257,181.034775231174,169.37861004072366,176.66371154785156,10800,0.0,0.0
2009-11-18 00:00:00+09:00,176.66370697021486,182.12753295898438,176.66370697021486,182.12753295898438,3000,0.0,0.0
2009-11-19 00:00:00+09:00,172.11051864624025,182.12753295898438,172.11051864624025,182.12753295898438,800,0.0,0.0
2009-11-20 00:00:00+09:00,182.12753295898438,182.12753295898438,182.12753295898438,182.12753295898438,100,0.0,0.0
2009-11-24 00:00:00+09:00,182.12754457328577,182.12754457328577,173.4764862060547,173.4764862060547,1400,0.0,0.0
2009-11-25 00:00:00+09:00,177.1190639141479,177.1190639141479,166.646728515625,166.646728515625,28900,0.0,0.0
2009-11-26 00:00:00+09:00,166.73775894521057,168.4679649187171,163.9147766776707,167.5573272705078,6400,0.0,0.0
2009-11-27 00:00:00+09:00,167.5573663763661,171.1999178193306,164.3701338637722,166.646728515625,1900,0.0,0.0
2009-11-30 00:00:00+09:00,168.46797500526048,171.1998881134539,164.82542419433594,164.82542419433594,3800,0.0,0.0
2009-12-01 00:00:00+09:00,164.82545803269736,166.64673381206418,159.3616306945969,165.28077697753906,7000,0.0,0.0
2009-12-02 00:00:00+09:00,165.2807498554607,168.83223148434587,165.2807498554607,165.73606872558594,1400,0.0,0.0
2009-12-03 00:00:00+09:00,165.64501541161601,165.64501541161601,162.54885235345202,165.462890625,3700,0.0,0.0
2009-12-04 00:00:00+09:00,163.91478999968498,169.3786163330078,163.91478999968498,169.3786163330078,7300,0.0,0.0
2009-12-07 00:00:00+09:00,168.46799327754505,180.30628469704823,168.46799327754505,174.7513885498047,8700,0.0,0.0
2009-12-08 00:00:00+09:00,173.93183428175905,173.93183428175905,166.64673127519325,171.19992065429688,5800,0.0,0.0
2009-12-09 00:00:00+09:00,167.55731894003378,169.37859414590372,164.3700873297614,168.46795654296875,3000,0.0,0.0
2009-12-10 00:00:00+09:00,166.64673127519325,171.19992065429688,166.64673127519325,171.19992065429688,2700,0.0,0.0
2009-12-11 00:00:00+09:00,165.73606872558594,165.73606872558594,163.45947437495977,165.73606872558594,3700,0.0,0.0
2009-12-14 00:00:00+09:00,163.91479324508498,165.73606872558594,159.81692341395785,165.73606872558594,2100,0.0,0.0
2009-12-15 00:00:00+09:00,163.91479663634567,164.3701155158911,160.27224559998245,162.09352111816406,3600,0.0,0.0
2009-12-16 00:00:00+09:00,160.27223886608402,162.00244497756952,159.361601145254,161.18287658691406,5100,0.0,0.0
2009-12-17 00:00:00+09:00,161.18287658691406,163.36840155881455,161.18287658691406,161.18287658691406,8600,0.0,0.0
2009-12-18 00:00:00+09:00,161.27393716142677,162.09350550758737,157.99563598632812,157.99563598632812,24500,0.0,0.0
2009-12-21 00:00:00+09:00,158.5420333678997,161.18287721043103,156.8118133544922,156.8118133544922,3600,0.0,0.0
2009-12-22 00:00:00+09:00,157.17607617335352,161.18287658691406,156.90288207805872,161.18287658691406,3500,0.0,0.0
2009-12-24 00:00:00+09:00,159.36160857693372,162.91309029569928,158.63309558725038,161.82032775878906,8600,0.0,0.0
2009-12-25 00:00:00+09:00,161.82032775878906,162.093521866824,161.82032775878906,161.82032775878906,15300,0.0,0.0
2009-12-28 00:00:00+09:00,162.54886083399995,171.19992065429688,161.91141709997171,171.19992065429688,3600,0.0,0.0
2009-12-29 00:00:00+09:00,171.29098999997146,173.02119640593833,171.19992065429688,171.19992065429688,7700,0.0,0.0
2009-12-30 00:00:00+09:00,172.1105585301176,172.1105585301176,171.19992065429688,171.19992065429688,8700,0.0,0.0
2010-01-04 00:00:00+09:00,171.10882438723607,171.19989371858227,168.46798052094533,170.3803253173828,4900,0.0,0.0
2010-01-05 00:00:00+09:00,168.46800358048085,168.46800358048085,164.00588363833347,164.09693908691406,2100,0.0,0.0
2010-01-06 00:00:00+09:00,164.0968980486378,168.46796144906443,164.0968980486378,167.1020050048828,1700,0.0,0.0
2010-01-07 00:00:00+09:00,165.73609000890548,165.73609000890548,162.2756633725305,164.09693908691406,4000,0.0,0.0
2010-01-08 00:00:00+09:00,163.00415550483453,165.73606872558594,162.639905966826,165.73606872558594,5000,0.0,0.0
2010-01-12 00:00:00+09:00,162.73095895831074,163.9147907818924,162.73095895831074,163.732666015625,5500,0.0,0.0
2010-01-13 00:00:00+09:00,163.91477628182818,163.91477628182818,162.1845703125,162.1845703125,3700,0.0,0.0
2010-01-14 00:00:00+09:00,162.1845887557914,164.82543267144098,160.27224392361111,163.914794921875,13800,0.0,0.0
2010-01-15 00:00:00+09:00,163.82372145114422,163.82372145114422,161.45607169920984,163.732666015625,1900,0.0,0.0
2010-01-18 00:00:00+09:00,161.63820223861865,162.09352111816406,160.18117626598158,162.09352111816406,7100,0.0,0.0
2010-01-19 00:00:00+09:00,159.45267550709346,160.27224392361111,159.45267550709346,159.81692504882812,4000,0.0,0.0
2010-01-20 00:00:00+09:00,159.5437239846977,160.18116760253906,159.3615992217757,160.18116760253906,11200,0.0,0.0
2010-01-21 00:00:00+09:00,159.81692672043704,163.45947775680028,159.81692672043704,162.09352111816406,18800,0.0,0.0
2010-01-22 00:00:00+09:00,159.81691492380867,163.82371520996094,159.81691492380867,163.82371520996094,19100,0.0,0.0
2010-01-25 00:00:00+09:00,163.82374495071033,168.37693423666929,163.82374495071033,164.09693908691406,21600,0.0,0.0
2010-01-26 00:00:00+09:00,164.09692163327043,164.8254346205841,160.45437059193154,160.81863403320312,19400,0.0,0.0
2010-01-27 00:00:00+09:00,159.361609545621,160.27224731445312,157.54033400795677,160.27224731445312,4700,0.0,0.0
2010-01-28 00:00:00+09:00,160.27225772218208,160.27225772218208,157.08502532429776,157.54034423828125,9200,0.0,0.0
2010-01-29 00:00:00+09:00,152.9871384953878,154.35309508909663,151.16586303710938,151.16586303710938,14200,0.0,0.0
2010-02-01 00:00:00+09:00,152.07650417751736,152.07650417751736,148.5250225123018,151.62118530273438,6300,0.0,0.0
2010-02-02 00:00:00+09:00,152.07649388168798,152.07649388168798,150.25521850585938,150.25521850585938,500,0.0,0.0
2010-02-03 00:00:00+09:00,152.89606645822172,152.89606645822172,150.25522264855084,150.43734741210938,2000,0.0,0.0
2010-02-04 00:00:00+09:00,152.53181871575586,152.8050128119045,152.53181871575586,152.7139434814453,1300,0.0,0.0
2010-02-05 00:00:00+09:00,150.25522191718986,151.1658596257789,149.34458420860082,150.71054077148438,6500,0.0,0.0
2010-02-08 00:00:00+09:00,150.71053734981652,150.71053734981652,150.25521850585938,150.25521850585938,300,0.0,0.0
2010-02-09 00:00:00+09:00,151.16588015672636,151.5301297315419,149.3446044921875,149.3446044921875,1600,0.0,0.0
2010-02-10 00:00:00+09:00,149.3445808179451,150.25521850585938,149.3445808179451,150.25521850585938,2400,0.0,0.0
2010-02-12 00:00:00+09:00,148.4339448368358,149.2535132072913,147.1590576171875,147.1590576171875,800,0.0,0.0
2010-02-15 00:00:00+09:00,147.52330710098354,154.62628392563218,145.88415646526025,153.80670166015625,3500,0.0,0.0
2010-02-16 00:00:00+09:00,154.35308077928659,154.35308077928659,150.25521137806658,153.71563720703125,2900,0.0,0.0
2010-02-17 00:00:00+09:00,153.7156565991966,153.8977813720703,152.98714361247227,153.8977813720703,2200,0.0,0.0
2010-02-18 00:00:00+09:00,153.8977813720703,153.8977813720703,152.07650585287422,153.8977813720703,2200,0.0,0.0
2010-02-19 00:00:00+09:00,152.16756320857075,152.8960622427195,146.88586183962215,150.25521850585938,2600,0.0,0.0
2010-02-22 00:00:00+09:00,150.25521850585938,151.16585619377366,148.61606788856795,150.25521850585938,2400,0.0,0.0
2010-02-23 00:00:00+09:00,148.70713381874333,152.0764904080191,148.70713381874333,149.79989624023438,1100,0.0,0.0
2010-02-24 00:00:00+09:00,151.89437599946655,151.89437599946655,149.34458757883095,151.16586303710938,18800,0.0,0.0
2010-02-25 00:00:00+09:00,152.9871341575209,153.89777186083947,152.2586212158203,152.2586212158203,3100,0.0,0.0
2010-02-26 00:00:00+09:00,152.6228699430013,157.084988701653,152.25860655960022,156.35647583007812,40000,0.0,0.0
2010-03-01 00:00:00+09:00,158.35988791076065,158.4509572373792,154.44415698027248,154.62628173828125,13500,0.0,0.0
2010-03-02 00:00:00+09:00,156.90288702926287,156.90288702926287,153.8977796766493,155.71905517578125,9000,0.0,0.0
2010-03-03 00:00:00+09:00,152.07651250502641,154.8084259033203,152.07651250502641,154.8084259033203,12600,0.0,0.0
2010-03-04 00:00:00+09:00,152.6229025336548,154.71735838073906,152.44076385544724,152.98715209960938,5100,0.0,0.0
2010-03-05 00:00:00+09:00,154.35310700360466,154.8084259033203,152.9871503044577,154.8084259033203,8600,0.0,0.0
2010-03-08 00:00:00+09:00,154.8084311103255,156.811831557413,153.44247436523438,153.44247436523438,3700,0.0,0.0
2010-03-09 00:00:00+09:00,153.44247468693916,154.8084314348941,152.16758728027344,152.16758728027344,14300,0.0,0.0
2010-03-10 00:00:00+09:00,152.0764923095703,153.2603240706665,151.25692395701122,152.0764923095703,5800,0.0,0.0
2010-03-11 00:00:00+09:00,153.71563720703125,153.98883127949145,153.71563720703125,153.71563720703125,3900,0.0,0.0
2010-03-12 00:00:00+09:00,154.80841742621527,161.63820054796005,154.80841742621527,159.81692504882812,12800,0.0,0.0
2010-03-15 00:00:00+09:00,157.81351631991345,162.45776025662758,155.7190468291309,162.00244140625,17700,0.0,0.0
2010-03-16 00:00:00+09:00,161.00077741155033,183.0382109792609,156.6297128777755,173.0211944580078,36400,0.0,0.0
2010-03-17 00:00:00+09:00,172.11051631874312,172.11051631874312,165.28073392514221,166.00924682617188,7200,0.0,0.0
2010-03-18 00:00:00+09:00,166.37350550993315,166.6466995997982,161.27394271177593,164.82542419433594,10700,0.0,0.0
2010-03-19 00:00:00+09:00,164.82542772190544,169.3786163330078,163.91478999968498,169.3786163330078,16000,0.0,0.0
2010-03-23 00:00:00+09:00,168.46796724808777,179.85093800809372,168.46796724808777,173.93179321289062,13500,0.0,0.0
2010-03-24 00:00:00+09:00,179.3956315260667,180.30626924954927,170.28925429124098,177.57435607910156,13300,0.0,0.0
2010-03-25 00:00:00+09:00,177.57437690855966,180.2152210583383,170.2892742661572,172.1105499267578,32700,0.0,0.0
2010-03-26 00:00:00+09:00,172.9301079902431,172.9301079902431,164.91650668291265,172.01947021484375,17000,0.0,0.0
2010-03-29 00:00:00+09:00,166.46455659555724,171.19986935177366,165.73604373416384,168.46795654296875,6800,0.0,0.0
2010-03-30 00:00:00+09:00,165.82713805770265,173.0211706475897,163.91479324508498,165.73606872558594,16400,0.0,0.0
2010-03-31 00:00:00+09:00,171.47310622459372,176.93693320639554,166.19140402980582,172.1105499267578,29200,0.0,0.0
2010-04-01 00:00:00+09:00,175.7531080547132,177.57438378585013,168.4680051301655,173.0211944580078,30000,0.0,0.0
2010-04-02 00:00:00+09:00,176.66371702275367,176.66371702275367,166.82882690429688,166.82882690429688,18500,0.0,0.0
2010-04-05 00:00:00+09:00,168.46797594549085,172.1105267767447,165.8271321509233,168.6501007080078,17800,0.0,0.0
2010-04-06 00:00:00+09:00,168.4679517507167,171.10879516601562,168.4679517507167,171.10879516601562,9500,0.0,0.0
2010-04-07 00:00:00+09:00,168.46797521544917,169.19648815758873,167.92158703503733,168.9232940673828,9000,0.0,0.0
2010-04-08 00:00:00+09:00,170.74457040073185,172.7479705810547,169.378613837526,172.7479705810547,14200,0.0,0.0
2010-04-09 00:00:00+09:00,172.11052800958808,178.48499200994317,172.11052800958808,175.29776000976562,40000,0.0,0.0
2010-04-12 00:00:00+09:00,178.94031118411476,180.3062677580393,173.93180374639144,178.12074279785156,25900,0.0,0.0
2010-04-13 00:00:00+09:00,180.48840443543668,182.0364858756875,171.19990189870197,174.8424530029297,14200,0.0,0.0
2010-04-14 00:00:00+09:00,178.4849841054283,202.16156362961777,178.4849841054283,192.87306213378906,69400,0.0,0.0
2010-04-15 00:00:00+09:00,200.34029766193873,204.8934862451646,184.40413762064813,187.59136962890625,80000,0.0,0.0
2010-04-16 00:00:00+09:00,189.2305152537492,193.78370371560442,183.12924549390885,188.9573211669922,39600,0.0,0.0
2010-04-19 00:00:00+09:00,186.58966000202284,221.4670868462339,185.40584210293903,203.52752685546875,159400,0.0,0.0
2010-04-20 00:00:00+09:00,217.18707882193632,220.37431058661883,189.41263058684592,195.78709411621094,140000,0.0,0.0
2010-04-21 00:00:00+09:00,200.34029447115387,200.34029447115387,188.04668549224215,195.331787109375,27600,0.0,0.0
2010-04-22 00:00:00+09:00,191.2339109835326,200.34028769703417,188.04667913380706,199.7938995361328,35800,0.0,0.0
2010-04-23 00:00:00+09:00,197.6083716931833,209.26453648915398,197.6083716931833,203.4364471435547,43900,0.0,0.0
2010-04-26 00:00:00+09:00,212.54282463417746,214.91048811214827,203.43644801925592,210.3572998046875,56300,0.0,0.0
2010-04-27 00:00:00+09:00,212.17858045529096,214.91049350836337,207.6253920335036,213.08921813964844,49800,0.0,0.0
2010-04-28 00:00:00+09:00,203.52751017967512,208.9913359563107,202.34367848235857,204.0738983154297,14700,0.0,0.0
2010-04-30 00:00:00+09:00,204.1649650482196,205.80411565103458,193.96582581270073,202.07049560546875,16400,0.0,0.0
2010-05-06 00:00:00+09:00,193.14626196678284,200.34029424758185,191.23391723632812,191.23391723632812,27800,0.0,0.0
2010-05-07 00:00:00+09:00,173.02118383480024,182.1275619313687,166.64671916720235,179.85096740722656,39700,0.0,0.0
2010-05-10 00:00:00+09:00,176.20839335683874,190.32327757922118,176.20839335683874,190.23220825195312,8700,0.0,0.0
2010-05-11 00:00:00+09:00,192.1445814190489,193.96585707231003,180.30628967285156,180.30628967285156,24600,0.0,0.0
2010-05-12 00:00:00+09:00,184.49520770764096,184.49520770764096,178.57606252515296,181.94541931152344,8400,0.0,0.0
2010-05-13 00:00:00+09:00,180.39734705610502,184.85946655273438,173.93181335749884,184.85946655273438,15700,0.0,0.0
2010-05-14 00:00:00+09:00,180.30625834238202,185.86115367768807,176.02626407996706,181.85433959960938,14400,0.0,0.0
2010-05-17 00:00:00+09:00,175.75308386834112,180.21520323747677,165.73606872558594,165.73606872558594,33700,0.0,0.0
2010-05-18 00:00:00+09:00,172.11052123657956,172.11052123657956,150.71053579181967,152.0764923095703,42500,0.0,0.0
2010-05-19 00:00:00+09:00,152.53181823902884,162.91308269839953,152.4407489088543,161.18287658691406,15100,0.0,0.0
2010-05-20 00:00:00+09:00,157.54033749602561,159.36161307401437,153.89778634004816,156.62969970703125,12700,0.0,0.0
2010-05-21 00:00:00+09:00,152.9871503044577,156.81182628302315,152.62290074277723,154.8084259033203,9200,0.0,0.0
2010-05-24 00:00:00+09:00,159.3616111605775,167.5573511631215,155.35481049520345,162.54884338378906,8000,0.0,0.0
2010-05-25 00:00:00+09:00,164.2790452504587,166.2824594252831,155.44586181640625,155.44586181640625,38900,0.0,0.0
2010-05-26 00:00:00+09:00,157.5403393016142,159.36161490047678,152.25863728586666,154.8084259033203,10600,0.0,0.0
2010-05-27 00:00:00+09:00,152.07649454288347,163.91478453723965,152.07649454288347,163.82371520996094,6700,0.0,0.0
2010-05-28 00:00:00+09:00,163.91482014301397,167.28417755579628,163.91482014301397,165.28077697753906,14600,0.0,0.0
2010-05-31 00:00:00+09:00,163.0041468453661,163.82371520996094,159.3615960778719,163.82371520996094,5300,0.0,0.0
2010-06-01 00:00:00+09:00,163.82372739359724,163.82372739359724,152.98714361247227,153.8977813720703,14300,0.0,0.0
2010-06-02 00:00:00+09:00,154.8084239581489,160.72756958007812,154.8084239581489,160.72756958007812,2800,0.0,0.0
2010-06-03 00:00:00+09:00,160.7275627983941,163.914794921875,160.7275627983941,163.914794921875,3200,0.0,0.0
2010-06-04 00:00:00+09:00,160.27225077156285,163.82373258852255,157.5403374061385,163.55055236816406,6800,0.0,0.0
2010-06-07 00:00:00+09:00,163.27735228327043,163.27735228327043,153.2603369762628,154.1709747314453,3300,0.0,0.0
2010-06-08 00:00:00+09:00,154.35307514769082,157.90455627441406,151.53009299397846,157.90455627441406,15900,0.0,0.0
2010-06-09 00:00:00+09:00,157.90455067708595,159.54370109871098,155.17263793945312,155.17263793945312,2400,0.0,0.0
2010-06-10 00:00:00+09:00,159.36160118289052,159.36160118289052,153.53352532629353,155.81011962890625,4900,0.0,0.0
2010-06-11 00:00:00+09:00,155.44584772738787,159.17946773818198,152.98712879367795,157.99563598632812,10000,0.0,0.0
2010-06-14 00:00:00+09:00,157.9956563905228,157.9956563905228,154.80842412904252,156.62969970703125,5700,0.0,0.0
2010-06-15 00:00:00+09:00,157.17608876842246,159.3616139154567,153.44246825573975,159.1794891357422,12300,0.0,0.0
2010-06-16 00:00:00+09:00,159.36161128953955,162.09352462593165,157.54033573194482,158.4509735107422,2000,0.0,0.0
2010-06-17 00:00:00+09:00,159.36161128953955,163.7326754068129,158.4509735107422,158.4509735107422,15500,0.0,0.0
2010-06-18 00:00:00+09:00,160.18117118228227,162.09351597377233,157.54032732282366,159.36160278320312,34000,0.0,0.0
2010-06-21 00:00:00+09:00,159.361609545621,163.45947950536555,158.54204111176395,160.27224731445312,2500,0.0,0.0
2010-06-22 00:00:00+09:00,159.36161128953955,160.27224906833692,158.4509735107422,158.4509735107422,2600,0.0,0.0
2010-06-23 00:00:00+09:00,157.54033573194482,158.4509735107422,157.54033573194482,158.4509735107422,4100,0.0,0.0
2010-06-24 00:00:00+09:00,157.9956546213435,160.7275679577356,157.63140506791646,158.4509735107422,2400,0.0,0.0
2010-06-25 00:00:00+09:00,158.45097008180082,162.09352111816406,158.45097008180082,162.09352111816406,15400,0.0,0.0
2010-06-28 00:00:00+09:00,162.09352738486464,168.37692260742188,155.2637439276372,168.37692260742188,21500,0.0,0.0
2010-06-29 00:00:00+09:00,165.73607392744583,166.1913928118619,157.54033400795677,160.27224731445312,8200,0.0,0.0
2010-06-30 00:00:00+09:00,156.6297015021829,156.6297015021829,154.8084259033203,154.8084259033203,3700,0.0,0.0
2010-07-01 00:00:00+09:00,155.7190637027516,157.5403393016142,153.07821964249288,154.8084259033203,4200,0.0,0.0
2010-07-02 00:00:00+09:00,153.16927413855296,159.1794891357422,153.16927413855296,159.1794891357422,1600,0.0,0.0
2010-07-05 00:00:00+09:00,158.90628729926215,158.90628729926215,154.80841742621527,155.71905517578125,6100,0.0,0.0
2010-07-06 00:00:00+09:00,155.08161173732225,155.7190553838242,152.71394802719576,154.4441680908203,17800,0.0,0.0
2010-07-07 00:00:00+09:00,154.44415010184923,154.80839960164437,152.0764866674977,153.71563720703125,18200,0.0,0.0
2010-07-08 00:00:00+09:00,157.35822014345612,157.35822014345612,151.80332381034708,152.16758728027344,2200,0.0,0.0
2010-07-09 00:00:00+09:00,153.89775432035282,154.3530731201172,153.35136620254477,154.3530731201172,4600,0.0,0.0
2010-07-12 00:00:00+09:00,154.8084259033203,154.8084259033203,154.8084259033203,154.8084259033203,100,0.0,0.0
2010-07-13 00:00:00+09:00,154.8084183810272,154.8084183810272,152.3496992210803,154.1709747314453,800,0.0,0.0
2010-07-14 00:00:00+09:00,154.80840649629005,155.71904418156234,154.62628173828125,154.62628173828125,5300,0.0,0.0
2010-07-15 00:00:00+09:00,154.53521985587867,154.53521985587867,150.25522530797016,151.16586303710938,7900,0.0,0.0
2010-07-16 00:00:00+09:00,150.25522847560967,153.44246059478925,150.25522847560967,152.8960723876953,2400,0.0,0.0
2010-07-21 00:00:00+09:00,149.526712345613,151.16586303710938,148.88926871426136,151.16586303710938,5800,0.0,0.0
2010-07-22 00:00:00+09:00,148.98033202206662,151.07478759822578,145.70203077161392,149.98202514648438,7200,0.0,0.0
2010-07-23 00:00:00+09:00,149.9820262390717,152.5318145751953,149.9820262390717,152.5318145751953,900,0.0,0.0
2010-07-26 00:00:00+09:00,152.53183140474206,158.54204643908068,152.53183140474206,154.8084259033203,3200,0.0,0.0
2010-07-27 00:00:00+09:00,154.89951106030765,159.36163117511836,154.89951106030765,157.3582305908203,4600,0.0,0.0
2010-07-28 00:00:00+09:00,157.44924090865246,158.35987854003906,157.35818548265033,158.35987854003906,22600,0.0,0.0
2010-07-29 00:00:00+09:00,158.45097008180082,166.1913910340727,158.45097008180082,162.09352111816406,7000,0.0,0.0
2010-07-30 00:00:00+09:00,163.7326617301043,164.82542419433594,162.0935110861425,164.82542419433594,11800,0.0,0.0
2010-08-02 00:00:00+09:00,167.55734767270891,167.55734767270891,158.17777597502769,162.09352111816406,8900,0.0,0.0
2010-08-03 00:00:00+09:00,163.9148000616423,163.9148000616423,155.62799072265625,155.62799072265625,5800,0.0,0.0
2010-08-04 00:00:00+09:00,158.81522484252577,160.27225086300874,156.62969970703125,156.62969970703125,800,0.0,0.0
2010-08-05 00:00:00+09:00,155.4458819411243,155.4458819411243,151.16588672260286,153.07823181152344,9400,0.0,0.0
2010-08-06 00:00:00+09:00,153.07820937851898,154.71734619140625,153.07820937851898,154.71734619140625,200,0.0,0.0
2010-08-09 00:00:00+09:00,156.17437577106543,156.17437577106543,152.98714361247227,153.8977813720703,2300,0.0,0.0
2010-08-10 00:00:00+09:00,152.07651870916868,152.98715654575054,151.25695021433728,151.89439392089844,3800,0.0,0.0
2010-08-11 00:00:00+09:00,151.89437599946655,152.07650076624859,151.16586303710938,151.16586303710938,500,0.0,0.0
2010-08-12 00:00:00+09:00,150.52841931167447,152.16757000214636,146.79479906644568,147.0679931640625,5800,0.0,0.0
2010-08-13 00:00:00+09:00,147.0679931640625,147.0679931640625,147.0679931640625,147.0679931640625,100,0.0,0.0
2010-08-16 00:00:00+09:00,146.70371709747758,146.70371709747758,139.87393536845585,140.32925415039062,17800,0.0,0.0
2010-08-17 00:00:00+09:00,140.32928276620805,140.42033820402705,139.32757568359375,139.32757568359375,5700,0.0,0.0
2010-08-18 00:00:00+09:00,140.2382151622646,140.2382151622646,136.5956641190889,137.5063018798828,8900,0.0,0.0
2010-08-19 00:00:00+09:00,137.14205064272716,139.78289455837674,137.14205064272716,139.32757568359375,2500,0.0,0.0
2010-08-20 00:00:00+09:00,139.32756541034962,139.32756541034962,137.96160888671875,137.96160888671875,800,0.0,0.0
2010-08-23 00:00:00+09:00,132.04245541546797,137.50628115679768,132.04245541546797,134.7743682861328,12600,0.0,0.0
2010-08-24 00:00:00+09:00,136.50459651317095,137.50630362081847,134.41014075301112,135.68502807617188,12300,0.0,0.0
2010-08-25 00:00:00+09:00,142.51480614354244,152.89607080932544,142.51480614354244,145.24671936035156,14500,0.0,0.0
2010-08-26 00:00:00+09:00,152.5318084422415,152.5318084422415,141.60415649414062,141.60415649414062,35400,0.0,0.0
2010-08-27 00:00:00+09:00,138.9633228460469,142.97012329101562,138.9633228460469,142.97012329101562,900,0.0,0.0
2010-08-30 00:00:00+09:00,144.79140918285816,144.79140918285816,138.87226352443943,140.23822021484375,6100,0.0,0.0
2010-08-31 00:00:00+09:00,136.23142598399951,141.14886474609375,136.23142598399951,141.14886474609375,3300,0.0,0.0
2010-09-01 00:00:00+09:00,141.14886474609375,141.14886474609375,141.14886474609375,141.14886474609375,3300,0.0,0.0
2010-09-02 00:00:00+09:00,144.79141609438003,144.79141609438003,141.14886474609375,141.14886474609375,1300,0.0,0.0
2010-09-03 00:00:00+09:00,141.14883207213092,143.24330139160156,141.14883207213092,143.24330139160156,300,0.0,0.0
2010-09-06 00:00:00+09:00,136.6867449025353,142.87907107843748,136.6867449025353,141.14886474609375,1600,0.0,0.0
2010-09-07 00:00:00+09:00,139.32755693789107,140.14712524414062,136.59564405675596,140.14712524414062,4100,0.0,0.0
2010-09-08 00:00:00+09:00,140.14714410011138,140.14714410011138,139.32757568359375,139.32757568359375,1100,0.0,0.0
2010-09-09 00:00:00+09:00,137.0509897031282,141.14885982714202,137.0509897031282,138.4169464111328,3000,0.0,0.0
2010-09-10 00:00:00+09:00,143.88076782226562,143.88076782226562,143.88076782226562,143.88076782226562,1700,0.0,0.0
2010-09-13 00:00:00+09:00,143.8807886008976,150.1641845703125,142.05951279582297,150.1641845703125,8000,0.0,0.0
2010-09-14 00:00:00+09:00,150.16414859245577,150.16414859245577,142.05947875976562,142.05947875976562,800,0.0,0.0
2010-09-16 00:00:00+09:00,142.1505523855695,142.33267714890363,138.41693220869095,140.9667205810547,14600,0.0,0.0
2010-09-17 00:00:00+09:00,140.23821608290226,140.3292854176713,139.32757831613014,140.05609130859375,1900,0.0,0.0
2010-09-21 00:00:00+09:00,140.23818483591307,141.14882239978263,140.23818483591307,140.32925415039062,1400,0.0,0.0
2010-09-22 00:00:00+09:00,140.32928955229602,140.32928955229602,140.23822021484375,140.23822021484375,100,0.0,0.0
2010-09-24 00:00:00+09:00,139.32758242124086,140.23822021484375,136.59566904043223,140.23822021484375,1700,0.0,0.0
2010-09-27 00:00:00+09:00,147.2501064760366,148.4339382101323,141.87734985351562,141.87734985351562,32500,0.0,0.0
2010-09-28 00:00:00+09:00,142.5148215017011,142.5148215017011,139.3275890719506,141.14886474609375,3200,0.0,0.0
2010-09-29 00:00:00+09:00,141.14882934449824,143.7896728515625,141.14882934449824,143.7896728515625,600,0.0,0.0
2010-09-30 00:00:00+09:00,139.3275790633907,140.23821683504684,139.3275790633907,139.78289794921875,900,0.0,0.0
2010-10-01 00:00:00+09:00,145.7020294971955,145.7020294971955,142.05947875976562,142.05947875976562,1200,0.0,0.0
2010-10-04 00:00:00+09:00,139.78287436704932,140.2381931760625,139.4186248779297,139.4186248779297,1200,0.0,0.0
2010-10-05 00:00:00+09:00,136.77779052370752,139.78289794921875,136.77779052370752,139.78289794921875,3900,0.0,0.0
2010-10-06 00:00:00+09:00,139.87397843407737,140.23822801368294,137.50631448094884,139.6007843017578,3200,0.0,0.0
2010-10-07 00:00:00+09:00,137.0509794254458,138.78118556774183,137.0509794254458,138.32586669921875,3800,0.0,0.0
2010-10-08 00:00:00+09:00,137.05096855163575,145.7020263671875,137.05096855163575,145.7020263671875,7500,0.0,0.0
2010-10-12 00:00:00+09:00,138.41693793402777,139.32757568359375,138.41693793402777,139.32757568359375,700,0.0,0.0
2010-10-13 00:00:00+09:00,139.32757568359375,139.32757568359375,139.32757568359375,139.32757568359375,700,0.0,0.0
2010-10-14 00:00:00+09:00,138.50800897484794,139.32757740147065,136.95991366531464,137.5063018798828,6300,0.0,0.0
2010-10-15 00:00:00+09:00,137.0509726492515,137.5062914952623,136.86884788989286,137.41522216796875,3600,0.0,0.0
2010-10-18 00:00:00+09:00,137.41524478735397,137.41524478735397,135.77610778808594,135.77610778808594,6300,0.0,0.0
2010-10-19 00:00:00+09:00,137.0509710080924,137.0509710080924,132.49778260250793,132.58885192871094,8500,0.0,0.0
2010-10-20 00:00:00+09:00,132.4977958730403,136.41354107307643,132.2246017622974,135.68502807617188,3500,0.0,0.0
2010-10-21 00:00:00+09:00,132.13352966308594,133.31734750166922,129.40161669054984,132.13352966308594,5700,0.0,0.0
2010-10-22 00:00:00+09:00,134.77438550097204,139.87396240234375,134.77438550097204,139.87396240234375,5000,0.0,0.0
2010-10-25 00:00:00+09:00,146.8858858986908,146.8858858986908,141.14886474609375,141.14886474609375,30600,0.0,0.0
2010-10-26 00:00:00+09:00,138.87227983035595,139.78291773088287,138.69015502929688,138.69015502929688,4700,0.0,0.0
2010-10-27 00:00:00+09:00,139.3275890719506,141.14886474609375,139.3275890719506,141.14886474609375,4300,0.0,0.0
2010-10-28 00:00:00+09:00,139.32757589183893,141.0577820605086,138.0526885986328,138.0526885986328,400,0.0,0.0
2010-10-29 00:00:00+09:00,137.96163231634324,141.14886474609375,137.59738273960687,141.14886474609375,500,0.0,0.0
2010-11-01 00:00:00+09:00,136.68672852612627,142.97012329101562,136.68672852612627,142.97012329101562,1200,0.0,0.0
2010-11-02 00:00:00+09:00,137.1420440673828,137.1420440673828,137.1420440673828,137.1420440673828,1900,0.0,0.0
2010-11-04 00:00:00+09:00,141.60415991758688,142.05947875976562,141.14884107540814,142.05947875976562,14800,0.0,0.0
2010-11-05 00:00:00+09:00,141.6041736294227,145.15565538422308,141.14885474315443,142.6058807373047,3700,0.0,0.0
2010-11-08 00:00:00+09:00,145.61097402912506,145.61097402912506,141.3309792843441,143.88076782226562,800,0.0,0.0
2010-11-09 00:00:00+09:00,145.70204336431962,145.70204336431962,138.5080105312982,143.88076782226562,19300,0.0,0.0
2010-11-10 00:00:00+09:00,144.79141609438003,144.79141609438003,140.23822690902216,141.14886474609375,9600,0.0,0.0
2010-11-11 00:00:00+09:00,139.41864839864817,140.23821683504684,139.41864839864817,139.78289794921875,4500,0.0,0.0
2010-11-12 00:00:00+09:00,139.32757896713065,143.88076782226562,139.32757896713065,143.88076782226562,7300,0.0,0.0
2010-11-15 00:00:00+09:00,144.6092639484792,145.7020263671875,141.69522620018105,145.7020263671875,800,0.0,0.0
2010-11-16 00:00:00+09:00,142.0594823187928,142.0594823187928,141.2399139404297,141.2399139404297,300,0.0,0.0
2010-11-17 00:00:00+09:00,140.23820507011695,145.6109619140625,140.23820507011695,145.6109619140625,2100,0.0,0.0
2010-11-18 00:00:00+09:00,145.61096889783445,145.70203822981975,144.79140049088338,145.24671936035156,4800,0.0,0.0
2010-11-19 00:00:00+09:00,145.61096386215794,147.43223927704537,145.61096386215794,146.6126708984375,2900,0.0,0.0
2010-11-22 00:00:00+09:00,145.70203006628788,150.25521850585938,145.70203006628788,150.25521850585938,9100,0.0,0.0
2010-11-24 00:00:00+09:00,145.7020301836744,148.98033142089844,145.2467113393504,148.98033142089844,8200,0.0,0.0
2010-11-25 00:00:00+09:00,156.4475827110933,157.9956642503503,152.07651832742653,155.9922637939453,38300,0.0,0.0
2010-11-26 00:00:00+09:00,156.17437054737505,156.17437054737505,151.16586303710938,151.16586303710938,4100,0.0,0.0
2010-11-29 00:00:00+09:00,151.16586303710938,151.16586303710938,151.16586303710938,151.16586303710938,600,0.0,0.0
2010-11-30 00:00:00+09:00,147.1590576171875,147.61437646638026,146.79479420069617,147.1590576171875,3900,0.0,0.0
2010-12-01 00:00:00+09:00,147.15906737887948,147.15906737887948,146.885873272196,146.9769287109375,1300,0.0,0.0
2010-12-02 00:00:00+09:00,147.52330088851073,149.34457620812196,147.15905138267965,147.25010681152344,2700,0.0,0.0
2010-12-03 00:00:00+09:00,147.52332190904164,150.2552352777276,147.15907235130882,149.70884704589844,2600,0.0,0.0
2010-12-06 00:00:00+09:00,148.06971348307118,152.98715209960938,148.06971348307118,152.98715209960938,4700,0.0,0.0
2010-12-07 00:00:00+09:00,151.80332905482243,153.89779891975886,150.8016357421875,150.8016357421875,1300,0.0,0.0
2010-12-08 00:00:00+09:00,150.80160837243017,153.8977709880631,150.2552201954462,153.80670166015625,6100,0.0,0.0
2010-12-09 00:00:00+09:00,151.16587647937592,152.98715209960938,150.89268235729486,152.98715209960938,2000,0.0,0.0
2010-12-10 00:00:00+09:00,151.16586622927164,157.35820569722742,151.16586622927164,156.9939422607422,3700,0.0,0.0
2010-12-13 00:00:00+09:00,155.7190568912664,155.7190568912664,152.07650585287422,153.8977813720703,2700,0.0,0.0
2010-12-14 00:00:00+09:00,154.80841913166836,154.80841913166836,152.98714361247227,153.8977813720703,1800,0.0,0.0
2010-12-15 00:00:00+09:00,153.89779292641347,157.54034423828125,153.89779292641347,157.54034423828125,11600,0.0,0.0
2010-12-16 00:00:00+09:00,164.82542284723036,164.82542284723036,155.2637270467004,158.17776489257812,41100,0.0,0.0
2010-12-17 00:00:00+09:00,155.81012019484157,160.18117015555146,155.7190508643147,156.8118133544922,12600,0.0,0.0
2010-12-20 00:00:00+09:00,155.26373630099826,159.36160617404514,155.26373630099826,155.71905517578125,13600,0.0,0.0
2010-12-21 00:00:00+09:00,159.17948651282603,159.17948651282603,156.17437906374875,158.4509735107422,5600,0.0,0.0
2010-12-22 00:00:00+09:00,158.35990594802857,159.27054373702293,155.71906191803689,156.62969970703125,6000,0.0,0.0
2010-12-24 00:00:00+09:00,155.26372533892618,155.8101135081809,152.98713112574546,154.62628173828125,15800,0.0,0.0
2010-12-27 00:00:00+09:00,155.7190637027516,156.6297015021829,153.44246920417336,154.8084259033203,52000,0.0,0.0
2010-12-28 00:00:00+09:00,153.98886968334637,154.35311927398303,152.98716246624866,153.07823181152344,3800,0.0,0.0
2010-12-29 00:00:00+09:00,153.5335507474349,153.71567554275325,152.98716246624866,153.07823181152344,3600,0.0,0.0
2010-12-30 00:00:00+09:00,152.8050100881005,152.89606552170764,142.15055169005478,146.6126708984375,30600,0.0,0.0
2011-01-04 00:00:00+09:00,149.5267353329975,150.2552484073521,146.97694652037197,147.70545959472656,9800,0.0,0.0
2011-01-05 00:00:00+09:00,147.6144084131691,149.43568420410156,147.6144084131691,149.43568420410156,8900,0.0,0.0
2011-01-06 00:00:00+09:00,148.6160660310505,150.25521662785457,147.88755311077892,147.97862243652344,7700,0.0,0.0
2011-01-07 00:00:00+09:00,149.52670370758298,149.52670370758298,147.97862243652344,147.97862243652344,3100,0.0,0.0
2011-01-11 00:00:00+09:00,148.79821470724758,151.98544708747212,148.61608992170943,149.8909912109375,5900,0.0,0.0
2011-01-12 00:00:00+09:00,151.71224424444162,154.62628206441346,149.70883021643436,151.5301055908203,9900,0.0,0.0
2011-01-13 00:00:00+09:00,152.07651428949265,152.98715209960938,150.07311388628193,152.98715209960938,19600,0.0,0.0
2011-01-14 00:00:00+09:00,151.34799099456822,152.8960723876953,149.8909789343666,152.8960723876953,11200,0.0,0.0
2011-01-17 00:00:00+09:00,152.8960827605056,154.0799146927034,152.07651428949265,152.98715209960938,12900,0.0,0.0
2011-01-18 00:00:00+09:00,153.44246995830315,154.80842666416342,152.98715105634972,154.5352325439453,20100,0.0,0.0
2011-01-19 00:00:00+09:00,156.53863815738453,157.9956642503503,154.35311291316646,155.9922637939453,20600,0.0,0.0
2011-01-20 00:00:00+09:00,154.8994746710129,156.44755594541797,150.25521695256947,152.0764923095703,28400,0.0,0.0
2011-01-21 00:00:00+09:00,152.07651487011768,153.9888598367562,147.52332580215008,147.61439514160156,20200,0.0,0.0
2011-01-24 00:00:00+09:00,148.61607372490263,152.8050128119045,147.70543600122647,152.7139434814453,6300,0.0,0.0
2011-01-25 00:00:00+09:00,160.36331502330825,160.36331502330825,153.26033771939757,153.8977813720703,33300,0.0,0.0
2011-01-26 00:00:00+09:00,153.8977813720703,153.8977813720703,153.8977813720703,153.8977813720703,0,0.0,0.0
2011-01-27 00:00:00+09:00,153.26033771939757,154.80841913166836,152.80501883959855,153.8977813720703,6300,0.0,0.0
2011-01-28 00:00:00+09:00,153.89779971588928,153.89779971588928,150.5284423828125,150.5284423828125,2400,0.0,0.0
2011-01-31 00:00:00+09:00,150.3462919779445,153.44245464412614,149.0713908425771,150.43734741210938,11900,0.0,0.0
2011-02-01 00:00:00+09:00,153.80669559356178,153.89776491787657,151.25692125548352,151.3479766845703,3500,0.0,0.0
2011-02-02 00:00:00+09:00,151.34798928785963,153.4424588644619,150.61947631835938,150.61947631835938,6100,0.0,0.0
2011-02-03 00:00:00+09:00,151.6211734703201,152.98712998807073,151.6211734703201,152.0764923095703,3900,0.0,0.0
2011-02-04 00:00:00+09:00,152.16756205463042,157.54031881448992,151.16585504742963,154.89947509765625,10300,0.0,0.0
2011-02-07 00:00:00+09:00,154.53521994736778,156.62968950467376,153.7156515487489,155.26373291015625,4800,0.0,0.0
2011-02-08 00:00:00+09:00,153.16928019483132,159.36162021657876,153.16928019483132,156.2654571533203,14900,0.0,0.0
2011-02-09 00:00:00+09:00,156.2654571965149,158.90630134559882,152.07651762014328,153.44247436523438,6900,0.0,0.0
2011-02-10 00:00:00+09:00,159.3616139154567,159.3616139154567,154.80842494644367,159.1794891357422,12300,0.0,0.0
2011-02-14 00:00:00+09:00,157.54032574080037,159.8169200434131,154.89948190786117,155.81011962890625,6000,0.0,0.0
2011-02-15 00:00:00+09:00,154.71733935831045,154.89947801412416,153.80670166015625,153.80670166015625,12200,0.0,0.0
2011-02-16 00:00:00+09:00,155.71906858234735,157.54034423828125,155.17268032747498,157.54034423828125,2900,0.0,0.0
2011-02-17 00:00:00+09:00,157.54031705479014,159.27052307128906,155.8101110382912,159.27052307128906,5000,0.0,0.0
2011-02-18 00:00:00+09:00,159.27055055332622,159.36161989421512,156.3565122828781,157.54034423828125,6100,0.0,0.0
2011-02-21 00:00:00+09:00,159.36162243150685,168.4680008561644,159.17949764205986,166.19140625,17600,0.0,0.0
2011-02-22 00:00:00+09:00,164.37011907292506,168.3769197415416,158.4509735107422,158.4509735107422,20300,0.0,0.0
2011-02-23 00:00:00+09:00,158.08672395731514,162.27564940264517,157.9956546213435,158.4509735107422,3800,0.0,0.0
2011-02-24 00:00:00+09:00,158.45096342442397,161.18287658691406,156.17436912234893,161.18287658691406,15400,0.0,0.0
2011-02-25 00:00:00+09:00,164.46117953848986,166.64670453163276,163.00415361290857,164.73435974121094,36000,0.0,0.0
2011-02-28 00:00:00+09:00,167.5573663763661,167.5573663763661,163.00417707266053,166.646728515625,7000,0.0,0.0
2011-03-01 00:00:00+09:00,167.5573652408084,168.2858783035103,163.91481382252996,168.19480895996094,14400,0.0,0.0
2011-03-02 00:00:00+09:00,166.646728515625,167.5573663763661,163.91481493340163,166.646728515625,12100,0.0,0.0
2011-03-03 00:00:00+09:00,167.37521635514253,189.412646484375,164.0058595573028,177.57435607910156,37700,0.0,0.0
2011-03-04 00:00:00+09:00,176.66369122444314,213.9998321533203,173.11221020637237,213.9998321533203,186100,0.0,0.0
2011-03-07 00:00:00+09:00,232.21259881357577,258.621090443355,197.06198025860616,201.70623779296875,657400,0.0,0.0
2011-03-08 00:00:00+09:00,201.70623779296875,201.70623779296875,201.70623779296875,201.70623779296875,0,0.0,0.0
2011-03-09 00:00:00+09:00,198.7011384340851,208.17177861639416,189.0483873905658,192.59986877441406,125700,0.0,0.0
2011-03-10 00:00:00+09:00,194.147970568734,195.78712134039722,178.12075408916954,184.31307983398438,132800,0.0,0.0
2011-03-11 00:00:00+09:00,180.30626924954927,182.0364753660746,172.20159906864595,177.57435607910156,117300,0.0,0.0
2011-03-14 00:00:00+09:00,177.57435607910156,177.57435607910156,177.57435607910156,177.57435607910156,0,0.0,0.0
2011-03-15 00:00:00+09:00,135.86715468257754,138.59906803636352,105.81610779093158,110.18717193603516,129700,0.0,0.0
2011-03-16 00:00:00+09:00,109.2765393938337,129.31057161603655,109.2765393938337,127.48929595947266,23500,0.0,0.0
2011-03-17 00:00:00+09:00,122.02543778852983,130.22117614746094,120.20416259765625,130.22117614746094,18200,0.0,0.0
2011-03-18 00:00:00+09:00,127.48925560778287,141.14881870861674,127.48925560778287,136.7777557373047,54800,0.0,0.0
2011-03-22 00:00:00+09:00,147.52328977619626,152.0764777322517,141.14882663771863,147.43222045898438,42900,0.0,0.0
2011-03-23 00:00:00+09:00,145.70204336431962,146.52161180015204,141.14885450918462,143.88076782226562,47700,0.0,0.0
2011-03-24 00:00:00+09:00,145.7020423751008,145.7020423751008,141.78629720722404,145.42884826660156,15900,0.0,0.0
2011-03-25 00:00:00+09:00,148.43394127478967,150.7105354661208,145.2467094069261,147.97862243652344,51600,0.0,0.0
2011-03-28 00:00:00+09:00,151.16585619377366,151.6211750377308,148.52501245691357,150.25521850585938,14300,0.0,0.0
2011-03-29 00:00:00+09:00,149.34458239970763,150.0730953368007,145.97522569778434,148.43394470214844,8100,0.0,0.0
2011-03-30 00:00:00+09:00,148.88925321907064,148.88925321907064,144.15394029940566,145.7930908203125,9100,0.0,0.0
2011-03-31 00:00:00+09:00,145.24672447880613,146.6126811353466,143.42544893675213,143.88076782226562,15600,0.0,0.0
2011-04-01 00:00:00+09:00,141.330965833234,144.79139181283804,141.330965833234,142.05947875976562,2700,0.0,0.0
2011-04-04 00:00:00+09:00,143.88077194813363,145.7020475424138,143.88077194813363,144.06289672851562,4300,0.0,0.0
2011-04-05 00:00:00+09:00,146.43055999038933,149.34459815087254,139.69183198059002,140.23822021484375,28700,0.0,0.0
2011-04-06 00:00:00+09:00,138.69013614903224,139.50970458984375,136.59566648389983,139.50970458984375,13500,0.0,0.0
2011-04-07 00:00:00+09:00,136.3224681249158,137.50629997660795,135.68502448022903,136.5045928955078,4600,0.0,0.0
2011-04-08 00:00:00+09:00,136.50458801897554,137.50629506429038,134.95650668140345,136.5956573486328,10800,0.0,0.0
2011-04-11 00:00:00+09:00,140.0560987887295,141.14886138817252,136.5956723111347,140.69354248046875,4700,0.0,0.0
2011-04-12 00:00:00+09:00,138.4169285769509,138.4169285769509,136.4135284423828,136.4135284423828,6100,0.0,0.0
2011-04-13 00:00:00+09:00,136.41353258454708,136.5956573486328,136.14033849080406,136.5956573486328,8500,0.0,0.0
2011-04-14 00:00:00+09:00,136.59568029476554,141.05780029296875,136.59568029476554,141.05780029296875,8800,0.0,0.0
2011-04-15 00:00:00+09:00,139.14545528305038,141.8773686175531,137.779498615799,138.2348175048828,6000,0.0,0.0
2011-04-18 00:00:00+09:00,138.41694462763797,140.23822021484375,137.68843161370967,140.23822021484375,3300,0.0,0.0
2011-04-19 00:00:00+09:00,141.14884773629612,141.23991706712079,138.87225341796875,138.87225341796875,6300,0.0,0.0
2011-04-20 00:00:00+09:00,141.0577902401152,145.7020485972444,140.23822177484774,142.5148162841797,19400,0.0,0.0
2011-04-21 00:00:00+09:00,144.791374186467,147.5232869069664,144.06286134862185,144.1539306640625,2900,0.0,0.0
2011-04-22 00:00:00+09:00,146.339491539729,152.07651245323854,143.88077226114783,151.98544311523438,11200,0.0,0.0
2011-04-25 00:00:00+09:00,155.81012780526757,171.19990054043856,155.81012780526757,160.27224731445312,36500,0.0,0.0
2011-04-26 00:00:00+09:00,163.5505639367822,164.7343820293519,163.00417566695702,164.37013244628906,50700,0.0,0.0
2011-04-27 00:00:00+09:00,163.9147864916048,171.1998881134539,154.80840946429342,164.82542419433594,28600,0.0,0.0
2011-04-28 00:00:00+09:00,161.6382222485663,162.09354118447777,152.98716246624866,153.07823181152344,7900,0.0,0.0
2011-05-02 00:00:00+09:00,153.07823181152344,153.07823181152344,153.07823181152344,153.07823181152344,0,0.0,0.0
2011-05-06 00:00:00+09:00,155.71905517578125,155.71905517578125,155.71905517578125,155.71905517578125,0,0.0,0.0
2011-05-09 00:00:00+09:00,155.71905517578125,155.71905517578125,155.71905517578125,155.71905517578125,0,0.0,0.0
2011-05-10 00:00:00+09:00,155.7190637027516,155.7190637027516,153.897788103889,154.8084259033203,1000,0.0,0.0
2011-05-11 00:00:00+09:00,161.00075690230975,164.82543267144098,156.62969292534723,163.914794921875,3800,0.0,0.0
2011-05-12 00:00:00+09:00,161.09182620926012,161.18289555014903,157.54034423828125,157.54034423828125,4600,0.0,0.0
2011-05-13 00:00:00+09:00,161.18288892335383,161.18288892335383,155.3548126220703,155.3548126220703,2000,0.0,0.0
2011-05-16 00:00:00+09:00,156.1743634773023,156.2654328041851,150.25521850585938,150.25521850585938,9200,0.0,0.0
2011-05-17 00:00:00+09:00,150.25521652306276,150.25521652306276,146.43054106333952,149.25350952148438,4200,0.0,0.0
2011-05-18 00:00:00+09:00,146.70374462073022,152.89607010061113,146.61267528916704,149.61778259277344,1600,0.0,0.0
2011-05-19 00:00:00+09:00,152.89609250284133,152.89609250284133,149.61780451467115,150.5284423828125,3600,0.0,0.0
2011-05-20 00:00:00+09:00,150.4373450885499,152.89606409668644,145.79310116100945,152.5318145751953,5900,0.0,0.0
2011-05-23 00:00:00+09:00,150.25520254982953,150.25520254982953,147.34116503699943,147.43222045898438,7800,0.0,0.0
2011-05-24 00:00:00+09:00,146.06628293273945,156.0832977294922,146.06628293273945,156.0832977294922,8200,0.0,0.0
2011-05-25 00:00:00+09:00,159.27054373702293,159.27054373702293,153.0782178880452,156.62969970703125,31000,0.0,0.0
2011-05-26 00:00:00+09:00,160.27225694215457,161.45608889179613,157.81353759765625,157.81353759765625,3100,0.0,0.0
2011-05-27 00:00:00+09:00,159.179478016211,162.00244664266174,152.98713867187502,159.36160278320312,6800,0.0,0.0
2011-05-30 00:00:00+09:00,159.36160278320312,159.36160278320312,159.36160278320312,159.36160278320312,0,0.0,0.0
2011-05-31 00:00:00+09:00,159.36160278320312,159.36160278320312,159.36160278320312,159.36160278320312,0,0.0,0.0
2011-06-01 00:00:00+09:00,155.62797390811406,157.44924926757812,154.3530867145805,157.44924926757812,6500,0.0,0.0
2011-06-02 00:00:00+09:00,154.1709702377907,157.35820228803055,150.25522522559308,156.5386199951172,3400,0.0,0.0
2011-06-03 00:00:00+09:00,154.1709764585017,154.1709764585017,152.16757615370355,152.34970092773438,2100,0.0,0.0
2011-06-06 00:00:00+09:00,150.25525720667792,150.25525720667792,146.70377486715833,146.79483032226562,5100,0.0,0.0
2011-06-07 00:00:00+09:00,147.52330860588123,152.62288532565748,145.79310251982963,146.6126708984375,2600,0.0,0.0
2011-06-08 00:00:00+09:00,146.61266028289998,150.8926544189453,146.24841078438757,150.8926544189453,900,0.0,0.0
2011-06-09 00:00:00+09:00,147.250122817621,147.250122817621,146.6126791655125,146.9769287109375,600,0.0,0.0
2011-06-10 00:00:00+09:00,149.7088404705541,150.2552286783854,146.79480245098884,147.5233154296875,2800,0.0,0.0
2011-06-13 00:00:00+09:00,147.5233154296875,148.43395317925348,147.15906588795283,147.5233154296875,700,0.0,0.0
2011-06-14 00:00:00+09:00,146.9769272218562,149.34459092881943,146.61267768012152,147.5233154296875,4900,0.0,0.0
2011-06-15 00:00:00+09:00,148.43397679574062,148.43397679574062,147.88758850097656,147.88758850097656,2100,0.0,0.0
2011-06-16 00:00:00+09:00,146.3394736687822,150.25521850585938,145.70203006628788,150.25521850585938,9500,0.0,0.0
2011-06-17 00:00:00+09:00,153.26034276232815,153.26034276232815,149.70884704589844,149.70884704589844,26600,0.0,0.0
2011-06-20 00:00:00+09:00,149.70884704589844,149.70884704589844,149.34459748816562,149.70884704589844,300,0.0,0.0
2011-06-21 00:00:00+09:00,150.2552303336781,153.8977813720703,150.2552303336781,153.8977813720703,2800,0.0,0.0
2011-06-22 00:00:00+09:00,154.89947509765625,156.81180589063737,153.6245740071072,154.89947509765625,3100,0.0,0.0
2011-06-23 00:00:00+09:00,155.08159963741178,157.44924926757812,155.08159963741178,157.44924926757812,2600,0.0,0.0
2011-06-24 00:00:00+09:00,155.7190584702925,160.27224731445312,155.7190584702925,160.27224731445312,6500,0.0,0.0
2011-06-27 00:00:00+09:00,163.55053744291206,163.91478696696942,153.07820383113346,155.08160400390625,27900,0.0,0.0
2011-06-28 00:00:00+09:00,155.26374480303596,158.90629600076116,153.897788103889,154.8084259033203,2700,0.0,0.0
2011-06-29 00:00:00+09:00,153.53353854220853,157.99565820132986,153.53353854220853,154.8084259033203,3700,0.0,0.0
2011-06-30 00:00:00+09:00,154.07990465336965,154.4441680908203,154.07990465336965,154.4441680908203,500,0.0,0.0
2011-07-01 00:00:00+09:00,156.53859430826952,159.36157636191413,154.89945778187123,155.17263793945312,2600,0.0,0.0
2011-07-04 00:00:00+09:00,155.17265688494697,161.0918018725042,155.17265688494697,159.72584533691406,8200,0.0,0.0
2011-07-05 00:00:00+09:00,159.72585231718742,160.27224051339286,159.36160278320312,159.36160278320312,2500,0.0,0.0
2011-07-06 00:00:00+09:00,157.26714161925963,162.09352462593165,156.62969795314743,158.4509735107422,8800,0.0,0.0
2011-07-07 00:00:00+09:00,158.90628391810827,159.36160278320312,158.90628391810827,159.36160278320312,1000,0.0,0.0
2011-07-08 00:00:00+09:00,162.09351250503673,162.54883136038794,158.90628051757812,158.90628051757812,1300,0.0,0.0
2011-07-11 00:00:00+09:00,158.90629240014087,158.90629240014087,158.4509735107422,158.4509735107422,200,0.0,0.0
2011-07-12 00:00:00+09:00,155.99225938145773,157.08502197265625,155.99225938145773,157.08502197265625,400,0.0,0.0
2011-07-13 00:00:00+09:00,157.08500819039276,157.08500819039276,156.5386199951172,156.5386199951172,200,0.0,0.0
2011-07-14 00:00:00+09:00,156.6297064103143,157.54034423828125,155.2637496683639,157.54034423828125,2900,0.0,0.0
2011-07-15 00:00:00+09:00,156.6297064103143,157.54034423828125,155.2637496683639,157.54034423828125,2900,0.0,0.0
2011-07-19 00:00:00+09:00,155.53694379580008,157.54034423828125,154.71736141349152,157.54034423828125,5800,0.0,0.0
2011-07-20 00:00:00+09:00,157.0850084577288,159.36160278320312,156.81181435962606,159.36160278320312,6100,0.0,0.0
2011-07-21 00:00:00+09:00,158.45096821622448,158.45096821622448,156.90288682304288,156.9939422607422,3300,0.0,0.0
2011-07-22 00:00:00+09:00,160.54543296137882,161.18287658691406,159.361601145254,161.18287658691406,6400,0.0,0.0
2011-07-25 00:00:00+09:00,164.46119648850762,164.46119648850762,157.81353759765625,157.81353759765625,49300,0.0,0.0
2011-07-26 00:00:00+09:00,157.1761016845703,157.1761016845703,157.1761016845703,157.1761016845703,100,0.0,0.0
2011-07-27 00:00:00+09:00,159.36159249341455,159.45266181864488,157.99563598632812,157.99563598632812,1800,0.0,0.0
2011-07-28 00:00:00+09:00,158.45098206624817,158.45098206624817,157.54034423828125,157.54034423828125,1900,0.0,0.0
2011-07-29 00:00:00+09:00,157.54034423828125,157.54034423828125,156.6297064103143,157.54034423828125,4800,0.0,0.0
2011-08-01 00:00:00+09:00,157.54034423828125,157.54034423828125,157.54034423828125,157.54034423828125,4800,0.0,0.0
2011-08-02 00:00:00+09:00,157.54033232271001,162.09352111816406,157.54033232271001,162.09352111816406,2200,0.0,0.0
2011-08-03 00:00:00+09:00,161.7292787370902,161.7292787370902,152.9871503044577,154.8084259033203,7900,0.0,0.0
2011-08-04 00:00:00+09:00,154.8084259033203,154.89949524135548,153.897788103889,154.8084259033203,4800,0.0,0.0
2011-08-05 00:00:00+09:00,137.59736031279888,149.34458093826626,137.59736031279888,148.98033142089844,20100,0.0,0.0
2011-08-08 00:00:00+09:00,142.15056590908588,145.70204776527237,139.96502685546875,139.96502685546875,4600,0.0,0.0
2011-08-09 00:00:00+09:00,133.86376668887021,141.14886963792438,132.04249095160668,141.05780029296875,13200,0.0,0.0
2011-08-10 00:00:00+09:00,141.0577802031526,145.24671936035156,138.41693631832877,145.24671936035156,9800,0.0,0.0
2011-08-11 00:00:00+09:00,145.24672105577255,145.24672105577255,139.32757568359375,139.32757568359375,300,0.0,0.0
2011-08-12 00:00:00+09:00,145.7020364749204,145.7020364749204,142.97012329101562,142.97012329101562,2300,0.0,0.0
2011-08-15 00:00:00+09:00,144.60927720391243,144.70033264160156,142.9701264779852,144.70033264160156,1800,0.0,0.0
2011-08-16 00:00:00+09:00,144.70033264160156,144.70033264160156,144.70033264160156,144.70033264160156,1800,0.0,0.0
2011-08-17 00:00:00+09:00,144.7913887023926,145.7020263671875,141.1488380432129,145.7020263671875,7300,0.0,0.0
2011-08-18 00:00:00+09:00,143.880762751947,145.24671936035156,143.7896934199617,145.24671936035156,700,0.0,0.0
2011-08-19 00:00:00+09:00,138.50799817691188,142.5147984539475,138.50799817691188,140.5113983154297,5400,0.0,0.0
2011-08-22 00:00:00+09:00,139.50971869534098,141.14886963792438,138.5080253769847,141.05780029296875,6300,0.0,0.0
2011-08-23 00:00:00+09:00,144.336093742099,144.7003433101699,140.23822357276498,140.69354248046875,4300,0.0,0.0
2011-08-24 00:00:00+09:00,143.42544870318474,145.15565490722656,141.23992361437095,145.15565490722656,6600,0.0,0.0
2011-08-25 00:00:00+09:00,148.0697036375188,148.0697036375188,147.5233154296875,147.5233154296875,34400,0.0,0.0
2011-08-26 00:00:00+09:00,141.14884107540814,142.05947875976562,141.14884107540814,142.05947875976562,900,0.0,0.0
2011-08-29 00:00:00+09:00,142.0594807194378,143.06118774414062,142.0594807194378,143.06118774414062,700,0.0,0.0
2011-08-30 00:00:00+09:00,142.24163818359375,144.79142710025465,142.24163818359375,142.24163818359375,2100,0.0,0.0
2011-08-31 00:00:00+09:00,145.7020423751008,145.7020423751008,143.3343786284136,145.42884826660156,4200,0.0,0.0
2011-09-01 00:00:00+09:00,143.15225145272495,145.61097059750722,143.15225145272495,143.42544555664062,2800,0.0,0.0
2011-09-02 00:00:00+09:00,143.88077298977885,143.88077298977885,142.42374694571436,142.5148162841797,1700,0.0,0.0
2011-09-05 00:00:00+09:00,142.51479760194437,144.51819772848512,139.50969046451902,142.05947875976562,1500,0.0,0.0
2011-09-06 00:00:00+09:00,142.05949314325582,142.05949314325582,139.50970458984375,139.50970458984375,1500,0.0,0.0
2011-09-07 00:00:00+09:00,140.23819173582405,143.7896728515625,140.23819173582405,143.7896728515625,500,0.0,0.0
2011-09-08 00:00:00+09:00,140.78460237321747,143.15225219726562,139.50970118005668,143.15225219726562,1200,0.0,0.0
2011-09-09 00:00:00+09:00,139.96503277885458,142.15057192496474,139.96503277885458,141.14886474609375,600,0.0,0.0
2011-09-12 00:00:00+09:00,144.79141609438003,144.79141609438003,141.14886474609375,141.14886474609375,2200,0.0,0.0
2011-09-13 00:00:00+09:00,141.14887391014733,142.78802490234375,141.14887391014733,142.78802490234375,2900,0.0,0.0
2011-09-14 00:00:00+09:00,139.96503277885458,142.78801563186872,139.96503277885458,141.14886474609375,3100,0.0,0.0
2011-09-15 00:00:00+09:00,142.05949041283145,142.87905883789062,142.05949041283145,142.87905883789062,1000,0.0,0.0
2011-09-16 00:00:00+09:00,141.330965833234,142.879047117596,141.14884107540814,142.05947875976562,5100,0.0,0.0
2011-09-20 00:00:00+09:00,140.87565543441113,145.24671936035156,140.87565543441113,145.24671936035156,1600,0.0,0.0
2011-09-21 00:00:00+09:00,145.51990081598393,147.25010681152344,143.06118191355435,147.25010681152344,8300,0.0,0.0
2011-09-22 00:00:00+09:00,146.0662991846302,152.98715209960938,144.5182176864778,152.98715209960938,13500,0.0,0.0
2011-09-26 00:00:00+09:00,156.08328897698047,156.08328897698047,141.87734985351562,141.87734985351562,36700,0.0,0.0
2011-09-27 00:00:00+09:00,142.05947570800782,145.7020263671875,142.05947570800782,145.7020263671875,2300,0.0,0.0
2011-09-28 00:00:00+09:00,142.05947875976562,142.05947875976562,142.05947875976562,142.05947875976562,200,0.0,0.0
2011-09-29 00:00:00+09:00,141.330965833234,142.05947875976562,141.330965833234,142.05947875976562,1100,0.0,0.0
2011-09-30 00:00:00+09:00,144.33608572783422,145.42884826660156,144.33608572783422,145.42884826660156,400,0.0,0.0
2011-10-03 00:00:00+09:00,143.42543528630182,143.42543528630182,142.05947875976562,142.05947875976562,500,0.0,0.0
2011-10-04 00:00:00+09:00,144.88246154785156,144.88246154785156,144.88246154785156,144.88246154785156,300,0.0,0.0
2011-10-05 00:00:00+09:00,141.33100027730285,143.0612206363946,141.33100027730285,142.24163818359375,1700,0.0,0.0
2011-10-06 00:00:00+09:00,141.60416477848526,141.96841430664062,141.60416477848526,141.96841430664062,500,0.0,0.0
2011-10-07 00:00:00+09:00,142.97012501301063,145.24671936035156,142.97012501301063,145.24671936035156,900,0.0,0.0
2011-10-11 00:00:00+09:00,142.60587547552774,145.24671936035156,141.42204363586464,145.24671936035156,700,0.0,0.0
2011-10-12 00:00:00+09:00,143.06119601490596,147.5233154296875,143.06119601490596,147.5233154296875,1600,0.0,0.0
2011-10-13 00:00:00+09:00,144.79139709472656,144.79139709472656,144.79139709472656,144.79139709472656,100,0.0,0.0
2011-10-14 00:00:00+09:00,143.88077819242133,143.9718475341797,143.88077819242133,143.9718475341797,2300,0.0,0.0
2011-10-17 00:00:00+09:00,143.9718475341797,143.9718475341797,143.9718475341797,143.9718475341797,2300,0.0,0.0
2011-10-18 00:00:00+09:00,141.6952408673006,142.97012817188806,141.14885265377484,142.87905883789062,5700,0.0,0.0
2011-10-19 00:00:00+09:00,145.7020263671875,145.79309569175823,145.7020263671875,145.7020263671875,1700,0.0,0.0
2011-10-20 00:00:00+09:00,142.05949251569092,144.33608694703213,142.05949251569092,142.6058807373047,2300,0.0,0.0
2011-10-21 00:00:00+09:00,145.70202978971963,147.52330516209113,145.70202978971963,146.1573486328125,1400,0.0,0.0
2011-10-24 00:00:00+09:00,146.24843786283773,152.98715209960938,145.79311895777937,152.98715209960938,8000,0.0,0.0
2011-10-25 00:00:00+09:00,152.98710956703493,152.98710956703493,146.61264666840847,147.79647827148438,32000,0.0,0.0
2011-10-26 00:00:00+09:00,154.71734619140625,154.71734619140625,153.8977777849626,154.71734619140625,5700,0.0,0.0
2011-10-27 00:00:00+09:00,154.71734619140625,154.71734619140625,154.71734619140625,154.71734619140625,5700,0.0,0.0
2011-10-28 00:00:00+09:00,147.43223927704537,147.43223927704537,146.6126708984375,146.6126708984375,1500,0.0,0.0
2011-10-31 00:00:00+09:00,142.97011815589843,145.6109619140625,142.97011815589843,145.6109619140625,8200,0.0,0.0
2011-11-01 00:00:00+09:00,145.61097479058063,145.61097479058063,143.60757446289062,143.60757446289062,400,0.0,0.0
2011-11-02 00:00:00+09:00,145.70203481230345,145.70203481230345,143.88075937714967,144.79139709472656,3100,0.0,0.0
2011-11-04 00:00:00+09:00,142.1505480862927,144.3360729706593,141.14884107540814,142.05947875976562,11700,0.0,0.0
2011-11-07 00:00:00+09:00,142.05947875976562,142.05947875976562,142.05947875976562,142.05947875976562,1200,0.0,0.0
2011-11-08 00:00:00+09:00,143.88075412848056,144.24500364413223,142.05947875976562,142.05947875976562,800,0.0,0.0
2011-11-09 00:00:00+09:00,144.51819772848512,144.51819772848512,142.05947875976562,142.05947875976562,2800,0.0,0.0
2011-11-10 00:00:00+09:00,140.32928955229602,140.32928955229602,140.23822021484375,140.23822021484375,1300,0.0,0.0
2011-11-11 00:00:00+09:00,141.14886474609375,141.14886474609375,140.23822690902216,141.14886474609375,500,0.0,0.0
2011-11-14 00:00:00+09:00,141.14886474609375,141.14886474609375,140.05610212065397,141.14886474609375,2200,0.0,0.0
2011-11-15 00:00:00+09:00,141.1488580084466,141.1488580084466,140.23822021484375,140.23822021484375,700,0.0,0.0
2011-11-16 00:00:00+09:00,141.14886474609375,141.14886474609375,141.14886474609375,141.14886474609375,500,0.0,0.0
2011-11-17 00:00:00+09:00,141.96842723319523,141.96842723319523,138.0526958156876,139.96502685546875,2700,0.0,0.0
2011-11-18 00:00:00+09:00,138.87225680881076,139.32757568359375,138.41693793402777,139.32757568359375,7300,0.0,0.0
2011-11-21 00:00:00+09:00,138.87224280395816,141.87734985351562,138.87224280395816,141.87734985351562,3100,0.0,0.0
2011-11-22 00:00:00+09:00,141.87734985351562,141.87734985351562,141.87734985351562,141.87734985351562,0,0.0,0.0
2011-11-24 00:00:00+09:00,141.96841461214663,144.79139709472656,139.96501441252323,144.79139709472656,3200,0.0,0.0
2011-11-25 00:00:00+09:00,145.70203124167995,145.70203124167995,145.6109619140625,145.6109619140625,33300,0.0,0.0
2011-11-28 00:00:00+09:00,140.23818483591307,140.32925415039062,140.23818483591307,140.32925415039062,300,0.0,0.0
2011-11-29 00:00:00+09:00,140.3292743977344,145.6109619140625,140.3292743977344,145.6109619140625,600,0.0,0.0
2011-11-30 00:00:00+09:00,145.6109619140625,145.6109619140625,145.6109619140625,145.6109619140625,600,0.0,0.0
2011-12-01 00:00:00+09:00,138.32585395352987,142.15054321289062,138.32585395352987,142.15054321289062,1700,0.0,0.0
2011-12-02 00:00:00+09:00,139.41863503322028,142.05947875976562,139.3275657066932,142.05947875976562,2300,0.0,0.0
2011-12-05 00:00:00+09:00,143.88076782226562,143.88076782226562,143.88076782226562,143.88076782226562,200,0.0,0.0
2011-12-06 00:00:00+09:00,142.97012515981496,143.88076289968637,139.6007683013365,139.87396240234375,7300,0.0,0.0
2011-12-07 00:00:00+09:00,141.14882239978263,141.14882239978263,140.32925415039062,140.32925415039062,2000,0.0,0.0
2011-12-08 00:00:00+09:00,141.69526288008205,141.69526288008205,138.59908568115154,138.69015502929688,5900,0.0,0.0
2011-12-09 00:00:00+09:00,138.6901132602425,143.24330139160156,138.6901132602425,143.24330139160156,2500,0.0,0.0
2011-12-12 00:00:00+09:00,139.69182090613128,143.2433163567658,139.69182090613128,140.4203338623047,3900,0.0,0.0
2011-12-13 00:00:00+09:00,139.1454691059807,141.05780029296875,138.41695603202908,141.05780029296875,9600,0.0,0.0
2011-12-14 00:00:00+09:00,139.7829128349767,141.05780029296875,139.32759390066084,141.05780029296875,3500,0.0,0.0
2011-12-15 00:00:00+09:00,139.41862968172367,140.60244750976562,139.41862968172367,140.60244750976562,600,0.0,0.0
2011-12-16 00:00:00+09:00,139.41862968172367,140.60244750976562,139.41862968172367,140.60244750976562,600,0.0,0.0
2011-12-19 00:00:00+09:00,140.32925415039062,142.97009752752177,140.32925415039062,140.32925415039062,16800,0.0,0.0
2011-12-20 00:00:00+09:00,143.15224317669546,143.15224317669546,143.06118774414062,143.06118774414062,21800,0.0,0.0
2011-12-21 00:00:00+09:00,143.78968171302697,145.7020263671875,141.23990736778362,145.7020263671875,9400,0.0,0.0
2011-12-22 00:00:00+09:00,145.24670753479003,145.7020263671875,142.15054503257852,145.7020263671875,4900,0.0,0.0
2011-12-26 00:00:00+09:00,145.7020263671875,145.7020263671875,145.7020263671875,145.7020263671875,0,0.0,0.0
2011-12-27 00:00:00+09:00,141.14886138817252,141.14886138817252,140.32929291239785,140.69354248046875,4600,0.0,0.0
2011-12-28 00:00:00+09:00,140.23822181192185,145.33779907226562,140.23822181192185,145.33779907226562,1200,0.0,0.0
2011-12-29 00:00:00+09:00,145.33779907226562,145.33779907226562,145.33779907226562,145.33779907226562,1200,0.0,0.0
2011-12-30 00:00:00+09:00,141.14886138817252,141.14886138817252,139.96502944909662,140.69354248046875,1700,0.0,0.0
2012-01-04 00:00:00+09:00,141.14885118272568,143.42544555664062,141.14885118272568,143.42544555664062,600,0.0,0.0
2012-01-05 00:00:00+09:00,140.23821343315973,143.88076443142361,140.23821343315973,143.42544555664062,500,0.0,0.0
2012-01-06 00:00:00+09:00,140.32926661940647,140.87564086914062,140.32926661940647,140.87564086914062,1100,0.0,0.0
2012-01-10 00:00:00+09:00,140.87564893439676,143.33436793703365,140.1471359978155,143.06118774414062,2100,0.0,0.0
2012-01-11 00:00:00+09:00,141.14886474609375,141.14886474609375,141.14886474609375,141.14886474609375,300,0.0,0.0
2012-01-12 00:00:00+09:00,143.69863891601562,143.69863891601562,141.14885045139616,143.69863891601562,1600,0.0,0.0
2012-01-13 00:00:00+09:00,142.9701209352402,145.06459045410156,142.9701209352402,145.06459045410156,1200,0.0,0.0
2012-01-16 00:00:00+09:00,145.06459970364665,145.70204336431962,143.88076782226562,143.88076782226562,3200,0.0,0.0
2012-01-17 00:00:00+09:00,143.88076782226562,143.88076782226562,143.88076782226562,143.88076782226562,100,0.0,0.0
2012-01-18 00:00:00+09:00,150.25523106483286,153.89778212095,147.52331777274497,153.6245880126953,8100,0.0,0.0
2012-01-19 00:00:00+09:00,154.8084190454376,166.6467099136181,154.3531001658922,162.09352111816406,26700,0.0,0.0
2012-01-20 00:00:00+09:00,155.0816248818166,162.00246403722704,151.16587944251265,157.54034423828125,11800,0.0,0.0
2012-01-23 00:00:00+09:00,154.8084259033203,160.8186409376589,154.71735656528514,154.8084259033203,9900,0.0,0.0
2012-01-24 00:00:00+09:00,160.54543397264376,163.732666015625,156.72075830011207,163.732666015625,6000,0.0,0.0
2012-01-25 00:00:00+09:00,167.0109635654514,177.57436738871837,157.540336196145,166.37351989746094,44500,0.0,0.0
2012-01-26 00:00:00+09:00,168.46798463202904,173.74968638872772,161.63820147127112,166.46458435058594,6500,0.0,0.0
2012-01-27 00:00:00+09:00,166.46459692123844,166.46459692123844,157.81353759765625,157.81353759765625,7200,0.0,0.0
2012-01-30 00:00:00+09:00,157.813522400621,162.09351698003684,157.813522400621,161.91139221191406,5500,0.0,0.0
2012-01-31 00:00:00+09:00,158.26884677349082,161.9113978435586,157.72245855488882,161.54713439941406,4300,0.0,0.0
2012-02-01 00:00:00+09:00,154.26202248858738,162.09351235129185,154.26202248858738,160.18116760253906,8300,0.0,0.0
2012-02-02 00:00:00+09:00,155.35480563404658,156.17437405056424,155.26373630099826,155.71905517578125,3100,0.0,0.0
2012-02-03 00:00:00+09:00,155.2637432849256,155.3548126220703,154.80842438966187,155.3548126220703,1500,0.0,0.0
2012-02-06 00:00:00+09:00,158.99735641773685,158.99735641773685,150.25522847560967,152.8960723876953,14500,0.0,0.0
2012-02-07 00:00:00+09:00,152.89607071466114,154.71734619140625,151.43905867040252,154.71734619140625,3200,0.0,0.0
2012-02-08 00:00:00+09:00,154.71734619140625,154.71734619140625,152.3496964087751,154.71734619140625,2500,0.0,0.0
2012-02-09 00:00:00+09:00,153.35140166556397,153.35140166556397,152.44076385544724,152.98715209960938,4500,0.0,0.0
2012-02-10 00:00:00+09:00,152.34969495423138,155.26373291015625,152.07650085628208,155.26373291015625,7600,0.0,0.0
2012-02-13 00:00:00+09:00,155.53692849307905,155.71905326170773,152.98714004659004,154.71734619140625,12200,0.0,0.0
2012-02-14 00:00:00+09:00,153.89776381426262,157.35818968498984,153.89776381426262,157.26712036132812,2200,0.0,0.0
2012-02-15 00:00:00+09:00,155.7190600585602,156.6296978366804,154.717352944536,155.62799072265625,6600,0.0,0.0
2012-02-16 00:00:00+09:00,157.54034423828125,157.54034423828125,154.44418118128584,157.54034423828125,3900,0.0,0.0
2012-02-17 00:00:00+09:00,158.26885696468784,158.8152313232422,154.80843044625485,158.8152313232422,2300,0.0,0.0
2012-02-20 00:00:00+09:00,158.45098206624817,163.91480903404985,157.17609466518667,157.54034423828125,8300,0.0,0.0
2012-02-21 00:00:00+09:00,157.7224520898158,159.36160278320312,157.7224520898158,159.36160278320312,8900,0.0,0.0
2012-02-22 00:00:00+09:00,159.36161289809445,160.72756958007812,158.72416922554808,160.72756958007812,10600,0.0,0.0
2012-02-23 00:00:00+09:00,160.45437371520407,163.27735638528335,160.45437371520407,162.54884338378906,2500,0.0,0.0
2012-02-24 00:00:00+09:00,162.1845784807713,163.82371520996094,159.08840199126413,163.82371520996094,26100,0.0,0.0
2012-02-27 00:00:00+09:00,163.9147914341518,163.9147914341518,158.4509650530134,159.36160278320312,38400,0.0,0.0
2012-02-28 00:00:00+09:00,160.27223016480548,160.27223016480548,152.98712879367795,157.99563598632812,10700,0.0,0.0
2012-02-29 00:00:00+09:00,157.99565289237282,161.18288508328524,157.8135281176523,160.27224731445312,9600,0.0,0.0
2012-03-01 00:00:00+09:00,160.18116253132357,160.18116253132357,154.80840577146407,154.89947509765625,7500,0.0,0.0
2012-03-02 00:00:00+09:00,154.8084183810272,154.89948771463722,154.1709747314453,154.1709747314453,4900,0.0,0.0
2012-03-05 00:00:00+09:00,154.44415698027248,157.54031955210692,152.80500636773667,154.62628173828125,10300,0.0,0.0
2012-03-06 00:00:00+09:00,154.62628173828125,154.62628173828125,154.62628173828125,154.62628173828125,0,0.0,0.0
2012-03-07 00:00:00+09:00,163.9147914341518,163.9147914341518,159.36160278320312,159.36160278320312,10400,0.0,0.0
2012-03-08 00:00:00+09:00,159.36160278320312,159.36160278320312,159.36160278320312,159.36160278320312,0,0.0,0.0
2012-03-09 00:00:00+09:00,159.4526721143137,162.36671007187505,157.63139665393425,159.36160278320312,9800,0.0,0.0
2012-03-12 00:00:00+09:00,159.36160278320312,159.36160278320312,159.36160278320312,159.36160278320312,0,0.0,0.0
2012-03-13 00:00:00+09:00,161.0007733917778,163.9148117097947,158.26885986328125,158.26885986328125,8000,0.0,0.0
2012-03-14 00:00:00+09:00,158.99733855146445,163.91477628182818,158.90626922877232,162.1845703125,7600,0.0,0.0
2012-03-15 00:00:00+09:00,163.8237190929213,171.83733375039347,162.54883185217224,165.82713317871094,20400,0.0,0.0
2012-03-16 00:00:00+09:00,163.9147685282939,170.2892317488387,162.82200618381736,168.46795654296875,19300,0.0,0.0
2012-03-19 00:00:00+09:00,166.64670646583642,168.46798194633735,163.00415550483453,165.73606872558594,14100,0.0,0.0
2012-03-21 00:00:00+09:00,163.91478453723965,165.73605992098678,159.45266540515064,163.82371520996094,20300,0.0,0.0
2012-03-22 00:00:00+09:00,163.82372219042858,163.91479152158774,159.3616028682103,163.45947265625,4300,0.0,0.0
2012-03-23 00:00:00+09:00,166.6467130134471,167.92160034179688,163.9147996853578,167.92160034179688,7600,0.0,0.0
2012-03-26 00:00:00+09:00,170.2892591688368,173.02117241753473,162.09351942274304,163.914794921875,64600,0.0,0.0
2012-03-27 00:00:00+09:00,164.4611857730804,168.3769170429679,162.09352202806184,164.643310546875,21000,0.0,0.0
2012-03-28 00:00:00+09:00,163.9148020189862,163.9148020189862,152.9871485510538,156.62969970703125,9500,0.0,100.0
2012-03-29 00:00:00+09:00,161.1828886520031,161.1828886520031,153.89778634004816,156.62969970703125,4100,0.0,0.0
2012-03-30 00:00:00+09:00,153.89779292641347,158.45098206624817,152.07651727047957,157.54034423828125,9700,0.0,0.0
2012-04-02 00:00:00+09:00,157.54034423828125,158.45098206624817,156.6297064103143,157.54034423828125,9200,0.0,0.0
2012-04-03 00:00:00+09:00,157.54034423828125,158.45098206624817,157.54034423828125,157.54034423828125,1600,0.0,0.0
2012-04-04 00:00:00+09:00,153.897788103889,155.7190637027516,152.07651250502641,154.8084259033203,11700,0.0,0.0
2012-04-05 00:00:00+09:00,154.80841913166836,154.80841913166836,151.16586809327617,153.8977813720703,2800,0.0,0.0
2012-04-06 00:00:00+09:00,153.89779292641347,186.68075473322344,153.89779292641347,157.54034423828125,80800,0.0,0.0
2012-04-09 00:00:00+09:00,159.36160278320312,166.646704624721,157.54032732282366,159.36160278320312,18000,0.0,0.0
2012-04-10 00:00:00+09:00,160.27224906833692,162.09352462593165,157.54033573194482,158.4509735107422,18700,0.0,0.0
2012-04-11 00:00:00+09:00,157.54034423828125,157.54034423828125,155.71906858234735,157.54034423828125,7800,0.0,0.0
2012-04-12 00:00:00+09:00,156.62969970703125,158.45097528501998,156.62969970703125,156.62969970703125,5600,0.0,0.0
2012-04-13 00:00:00+09:00,157.54032732282366,159.36160278320312,157.54032732282366,159.36160278320312,2400,0.0,0.0
2012-04-16 00:00:00+09:00,159.36160278320312,160.27224051339286,158.4509650530134,159.36160278320312,7200,0.0,0.0
2012-04-17 00:00:00+09:00,160.27225772218208,162.09353337811595,154.80843075438042,157.54034423828125,9000,0.0,0.0
2012-04-18 00:00:00+09:00,159.36161989421512,159.36161989421512,155.71906858234735,157.54034423828125,5500,0.0,0.0
2012-04-19 00:00:00+09:00,156.6297064103143,161.18289555014903,156.6297064103143,157.54034423828125,3500,0.0,0.0
2012-04-20 00:00:00+09:00,157.54033573194482,158.4509735107422,156.62969795314743,158.4509735107422,4900,0.0,0.0
2012-04-23 00:00:00+09:00,162.09352285211736,163.00416062094948,158.4509717767889,160.27224731445312,6800,0.0,0.0
2012-04-24 00:00:00+09:00,160.2722422840831,165.73606872558594,159.36160454383264,165.73606872558594,15500,0.0,0.0
2012-04-25 00:00:00+09:00,159.36160278320312,159.36160278320312,157.54032732282366,159.36160278320312,38000,0.0,0.0
2012-04-26 00:00:00+09:00,159.36161989421512,159.36161989421512,156.6297064103143,157.54034423828125,6300,0.0,0.0
2012-04-27 00:00:00+09:00,155.71906017435006,158.4509735107422,155.71906017435006,158.4509735107422,4300,0.0,0.0
2012-05-01 00:00:00+09:00,158.45097528501998,158.45097528501998,155.71906191803689,156.62969970703125,3700,0.0,0.0
2012-05-02 00:00:00+09:00,158.45097528501998,158.45097528501998,155.71906191803689,156.62969970703125,3700,0.0,0.0
2012-05-07 00:00:00+09:00,154.80841395366625,155.71905168280546,141.14884801657803,151.16586303710938,12600,0.0,0.0
2012-05-08 00:00:00+09:00,149.3445808179451,153.89776925751656,149.3445808179451,150.25521850585938,1400,0.0,0.0
2012-05-09 00:00:00+09:00,149.34458757883095,151.16586303710938,145.7020366622741,151.16586303710938,4500,0.0,0.0
2012-05-10 00:00:00+09:00,148.43394631332492,150.25522172821235,145.7020331909938,146.6126708984375,3500,0.0,0.0
2012-05-11 00:00:00+09:00,148.43394313003077,151.16585619377366,148.43394313003077,150.25521850585938,2700,0.0,0.0
2012-05-14 00:00:00+09:00,146.61266403198243,147.52330169677734,143.88075103759766,145.7020263671875,8100,0.0,0.0
2012-05-15 00:00:00+09:00,143.88076782226562,150.2552322194546,143.88076782226562,143.88076782226562,2500,0.0,0.0
2012-05-16 00:00:00+09:00,142.05948556304736,142.97012329101562,141.14884783507912,142.97012329101562,4900,0.0,0.0
2012-05-17 00:00:00+09:00,142.9701300512386,144.7914055932926,142.9701300512386,143.88076782226562,2500,0.0,0.0
2012-05-18 00:00:00+09:00,142.05947875976562,143.88075412848056,139.3275657066932,142.05947875976562,6400,0.0,0.0
2012-05-21 00:00:00+09:00,141.1488380432129,145.7020263671875,141.1488380432129,145.7020263671875,3100,0.0,0.0
2012-05-22 00:00:00+09:00,142.97012329101562,144.79139874695213,142.97012329101562,142.97012329101562,1800,0.0,0.0
2012-05-23 00:00:00+09:00,144.7914055932926,144.7914055932926,142.05949228021163,143.88076782226562,3400,0.0,0.0
2012-05-24 00:00:00+09:00,148.43394470214844,148.43394470214844,141.1488431216749,148.43394470214844,4000,0.0,0.0
2012-05-25 00:00:00+09:00,152.07649549238522,152.07649549238522,148.43394470214844,148.43394470214844,32100,0.0,0.0
2012-05-28 00:00:00+09:00,148.43394470214844,148.43394470214844,148.43394470214844,148.43394470214844,32100,0.0,0.0
2012-05-29 00:00:00+09:00,150.25521850585938,150.25521850585938,150.25521850585938,150.25521850585938,300,0.0,0.0
2012-05-30 00:00:00+09:00,150.25521850585938,150.25521850585938,150.25521850585938,150.25521850585938,100,0.0,0.0
2012-05-31 00:00:00+09:00,145.70203160947085,149.34458239970763,144.79139391191165,148.43394470214844,2100,0.0,0.0
2012-06-01 00:00:00+09:00,144.79139391191165,148.43394470214844,143.8807562143525,148.43394470214844,1200,0.0,0.0
2012-06-04 00:00:00+09:00,144.7913923783736,150.25521850585938,142.05947931463066,150.25521850585938,9400,0.0,0.0
2012-06-05 00:00:00+09:00,147.52330169677734,147.52330169677734,142.05947570800782,145.7020263671875,5100,0.0,0.0
2012-06-06 00:00:00+09:00,147.52331890637362,149.3445944484276,143.88076782226562,143.88076782226562,9100,0.0,0.0
2012-06-07 00:00:00+09:00,143.88076782226562,147.52331890637362,142.9701300512386,143.88076782226562,19200,0.0,0.0
2012-06-08 00:00:00+09:00,143.88075777610638,146.6126708984375,142.97012006866265,146.6126708984375,3700,0.0,0.0
2012-06-11 00:00:00+09:00,146.6126708984375,147.52330860588123,144.79139548355008,146.6126708984375,6200,0.0,0.0
2012-06-12 00:00:00+09:00,144.79139709472656,146.61267252988034,143.88075937714967,144.79139709472656,3400,0.0,0.0
2012-06-13 00:00:00+09:00,145.70203993055554,147.5233154296875,144.7914021809896,147.5233154296875,4900,0.0,0.0
2012-06-14 00:00:00+09:00,147.5233154296875,148.43395317925348,145.70203993055554,147.5233154296875,4400,0.0,0.0
2012-06-15 00:00:00+09:00,147.5233154296875,147.5233154296875,144.7914021809896,147.5233154296875,5600,0.0,0.0
2012-06-18 00:00:00+09:00,144.79139391191165,148.43394470214844,144.79139391191165,148.43394470214844,2300,0.0,0.0
2012-06-19 00:00:00+09:00,152.07649714309977,152.07649714309977,145.7020331909938,146.6126708984375,40600,0.0,0.0
2012-06-20 00:00:00+09:00,147.5233288276486,151.16588015672636,147.5233288276486,149.3446044921875,3400,0.0,0.0
2012-06-21 00:00:00+09:00,150.25521695256947,152.0764923095703,149.34457927406905,152.0764923095703,4000,0.0,0.0
2012-06-22 00:00:00+09:00,152.07650417751736,155.71905517578125,151.16586642795139,155.71905517578125,5800,0.0,0.0
2012-06-25 00:00:00+09:00,159.36160617404514,159.36160617404514,152.98714192708334,155.71905517578125,31900,0.0,0.0
2012-06-26 00:00:00+09:00,152.07649388168798,152.07649388168798,150.25521850585938,150.25521850585938,700,0.0,0.0
2012-06-27 00:00:00+09:00,150.2552303336781,154.80841913166836,150.2552303336781,153.8977813720703,800,0.0,0.0
2012-06-28 00:00:00+09:00,157.54032732282366,159.36160278320312,153.89777640206472,159.36160278320312,4700,0.0,0.0
2012-06-29 00:00:00+09:00,159.36160278320312,159.36160278320312,159.36160278320312,159.36160278320312,4700,0.0,0.0
2012-07-02 00:00:00+09:00,154.80841395366625,154.80841395366625,145.7020366622741,151.16586303710938,26000,0.0,0.0
2012-07-03 00:00:00+09:00,149.34457927406905,152.98712998807073,149.34457927406905,152.0764923095703,2300,0.0,0.0
2012-07-04 00:00:00+09:00,151.16587647937592,152.98715209960938,149.3446008591425,152.98715209960938,2800,0.0,0.0
2012-07-05 00:00:00+09:00,150.25524232445693,152.07651798899582,149.3446044921875,149.3446044921875,2000,0.0,0.0
2012-07-06 00:00:00+09:00,149.3446044921875,149.3446044921875,149.3446044921875,149.3446044921875,900,0.0,0.0
2012-07-09 00:00:00+09:00,149.34458402076865,149.34458402076865,146.6126708984375,146.6126708984375,1600,0.0,0.0
2012-07-10 00:00:00+09:00,147.52332523890905,152.98715209960938,147.52332523890905,152.98715209960938,3000,0.0,0.0
2012-07-11 00:00:00+09:00,152.98714361247227,153.8977813720703,148.433954814482,153.8977813720703,4300,0.0,0.0
2012-07-12 00:00:00+09:00,150.25523866925923,153.8977899097261,149.3446008591425,152.98715209960938,3000,0.0,0.0
2012-07-13 00:00:00+09:00,152.0764923095703,152.0764923095703,152.0764923095703,152.0764923095703,1000,0.0,0.0
2012-07-17 00:00:00+09:00,151.16586303710938,157.54032714108388,150.25522530797016,151.16586303710938,9100,0.0,0.0
2012-07-18 00:00:00+09:00,152.07651250502641,154.8084259033203,152.07651250502641,154.8084259033203,600,0.0,0.0
2012-07-19 00:00:00+09:00,155.71906552995955,155.71906552995955,152.98715209960938,152.98715209960938,2600,0.0,0.0
2012-07-20 00:00:00+09:00,154.80842771984283,154.80842771984283,152.98715209960938,152.98715209960938,2600,0.0,0.0
2012-07-23 00:00:00+09:00,153.89776925751656,154.80840694543087,150.25521850585938,150.25521850585938,4900,0.0,0.0
2012-07-24 00:00:00+09:00,152.9871485510538,156.62969970703125,151.16587297306504,156.62969970703125,2200,0.0,0.0
2012-07-25 00:00:00+09:00,159.36160617404514,159.36160617404514,155.71905517578125,155.71905517578125,53400,0.0,0.0
2012-07-26 00:00:00+09:00,154.8084259033203,154.8084259033203,154.8084259033203,154.8084259033203,300,0.0,0.0
2012-07-27 00:00:00+09:00,152.07650076624859,152.07650076624859,151.16586303710938,151.16586303710938,1200,0.0,0.0
2012-07-30 00:00:00+09:00,149.3446008591425,152.98715209960938,149.3446008591425,152.98715209960938,900,0.0,0.0
2012-07-31 00:00:00+09:00,152.9871503044577,154.8084259033203,152.9871503044577,154.8084259033203,600,0.0,0.0
2012-08-01 00:00:00+09:00,154.80841742621527,154.80841742621527,147.5233154296875,147.5233154296875,4100,0.0,0.0
2012-08-02 00:00:00+09:00,147.5233288276486,149.3446044921875,147.5233288276486,149.3446044921875,500,0.0,0.0
2012-08-03 00:00:00+09:00,148.43394470214844,149.34458239970763,145.70203160947085,148.43394470214844,8600,0.0,0.0
2012-08-06 00:00:00+09:00,152.98713156960227,152.98713156960227,147.52330544211648,150.25521850585938,1400,0.0,0.0
2012-08-07 00:00:00+09:00,148.43394470214844,148.43394470214844,146.61266930703005,148.43394470214844,5800,0.0,0.0
2012-08-08 00:00:00+09:00,148.43394470214844,150.25522009726683,148.43394470214844,148.43394470214844,1200,0.0,0.0
2012-08-09 00:00:00+09:00,149.34458239970763,150.25522009726683,148.43394470214844,148.43394470214844,1100,0.0,0.0
2012-08-10 00:00:00+09:00,150.25522009726683,150.25522009726683,148.43394470214844,148.43394470214844,1400,0.0,0.0
2012-08-13 00:00:00+09:00,152.98715582126525,152.98715582126525,145.70205316310975,149.3446044921875,5000,0.0,0.0
2012-08-14 00:00:00+09:00,148.43396665991807,149.3446044921875,146.61269099537918,149.3446044921875,800,0.0,0.0
2012-08-15 00:00:00+09:00,148.43393936157227,148.43393936157227,145.7020263671875,145.7020263671875,2000,0.0,0.0
2012-08-16 00:00:00+09:00,148.43394470214844,148.43394470214844,146.61266930703005,148.43394470214844,2200,0.0,0.0
2012-08-17 00:00:00+09:00,148.43394470214844,148.43394470214844,148.43394470214844,148.43394470214844,2200,0.0,0.0
2012-08-20 00:00:00+09:00,146.61269099537918,149.3446044921875,146.61269099537918,149.3446044921875,2200,0.0,0.0
2012-08-21 00:00:00+09:00,150.25524232445693,150.25524232445693,149.3446044921875,149.3446044921875,2000,0.0,0.0
2012-08-22 00:00:00+09:00,150.25521850585938,150.25521850585938,148.43394313003077,150.25521850585938,1200,0.0,0.0
2012-08-23 00:00:00+09:00,149.3445808179451,150.25521850585938,149.3445808179451,150.25521850585938,10000,0.0,0.0
2012-08-24 00:00:00+09:00,152.07650585287422,154.80841913166836,149.34459257408005,153.8977813720703,10200,0.0,0.0
2012-08-27 00:00:00+09:00,157.54033067491318,159.36160617404514,152.07650417751736,155.71905517578125,43500,0.0,0.0
2012-08-28 00:00:00+09:00,150.25522009726683,150.25522009726683,148.43394470214844,148.43394470214844,8400,0.0,0.0
2012-08-29 00:00:00+09:00,148.43394470214844,148.43394470214844,148.43394470214844,148.43394470214844,8400,0.0,0.0
2012-08-30 00:00:00+09:00,148.43395317925348,148.43395317925348,147.5233154296875,147.5233154296875,3900,0.0,0.0
2012-08-31 00:00:00+09:00,148.43395317925348,148.43395317925348,147.5233154296875,147.5233154296875,3200,0.0,0.0
2012-09-03 00:00:00+09:00,147.52330860588123,148.43394631332492,146.6126708984375,146.6126708984375,4900,0.0,0.0
2012-09-04 00:00:00+09:00,147.52330860588123,148.43394631332492,146.6126708984375,146.6126708984375,2500,0.0,0.0
2012-09-05 00:00:00+09:00,147.52330700458924,148.43394470214844,146.61266930703005,148.43394470214844,3400,0.0,0.0
2012-09-06 00:00:00+09:00,147.52330700458924,148.43394470214844,147.52330700458924,148.43394470214844,1300,0.0,0.0
2012-09-07 00:00:00+09:00,148.43395317925348,148.43395317925348,146.61267768012152,147.5233154296875,5700,0.0,0.0
2012-09-10 00:00:00+09:00,152.0764923095703,152.0764923095703,152.0764923095703,152.0764923095703,2500,0.0,0.0
2012-09-11 00:00:00+09:00,148.43394470214844,148.43394470214844,148.43394470214844,148.43394470214844,1000,0.0,0.0
2012-09-12 00:00:00+09:00,147.5233154296875,147.5233154296875,147.5233154296875,147.5233154296875,1000,0.0,0.0
2012-09-13 00:00:00+09:00,147.5233288276486,152.07651798899582,147.5233288276486,149.3446044921875,1100,0.0,0.0
2012-09-14 00:00:00+09:00,150.25524232445693,150.25524232445693,149.3446044921875,149.3446044921875,5100,0.0,0.0
2012-09-18 00:00:00+09:00,150.25524232445693,153.89779365353468,146.61269099537918,149.3446044921875,14200,0.0,0.0
2012-09-19 00:00:00+09:00,151.16587647937592,154.80842771984283,151.16587647937592,152.98715209960938,4000,0.0,0.0
2012-09-20 00:00:00+09:00,151.16586809327617,153.8977813720703,151.16586809327617,153.8977813720703,700,0.0,0.0
2012-09-21 00:00:00+09:00,153.8977899097261,154.80842771984283,152.98715209960938,152.98715209960938,6200,0.0,0.0
2012-09-24 00:00:00+09:00,155.71905517578125,155.71905517578125,151.16586642795139,155.71905517578125,5400,0.0,0.0
2012-09-25 00:00:00+09:00,155.71904463334516,155.71904463334516,150.25521850585938,150.25521850585938,32700,0.0,0.0
2012-09-26 00:00:00+09:00,150.25521850585938,150.25521850585938,150.25521850585938,150.25521850585938,200,0.0,0.0
2012-09-27 00:00:00+09:00,148.43394470214844,148.43394470214844,148.43394470214844,148.43394470214844,500,0.0,0.0
2012-09-28 00:00:00+09:00,147.5233154296875,147.5233154296875,147.5233154296875,147.5233154296875,2000,0.0,0.0
2012-10-01 00:00:00+09:00,147.52332523890905,152.98715209960938,147.52332523890905,152.98715209960938,200,0.0,0.0
2012-10-02 00:00:00+09:00,152.98715209960938,152.98715209960938,152.98715209960938,152.98715209960938,200,0.0,0.0
2012-10-03 00:00:00+09:00,150.25521850585938,150.25521850585938,150.25521850585938,150.25521850585938,300,0.0,0.0
2012-10-04 00:00:00+09:00,150.25521850585938,150.25521850585938,150.25521850585938,150.25521850585938,300,0.0,0.0
2012-10-05 00:00:00+09:00,150.25521850585938,150.25521850585938,150.25521850585938,150.25521850585938,300,0.0,0.0
2012-10-09 00:00:00+09:00,150.25521695256947,152.0764923095703,150.25521695256947,152.0764923095703,400,0.0,0.0
2012-10-10 00:00:00+09:00,148.43396665991807,149.3446044921875,145.70205316310975,149.3446044921875,16400,0.0,0.0
2012-10-11 00:00:00+09:00,147.52330700458924,148.43394470214844,147.52330700458924,148.43394470214844,2000,0.0,0.0
2012-10-12 00:00:00+09:00,147.5233288276486,149.3446044921875,147.5233288276486,149.3446044921875,2400,0.0,0.0
2012-10-15 00:00:00+09:00,150.25521850585938,150.25521850585938,149.3445808179451,150.25521850585938,600,0.0,0.0
2012-10-16 00:00:00+09:00,150.25524232445693,150.25524232445693,146.61269099537918,149.3446044921875,11600,0.0,0.0
2012-10-17 00:00:00+09:00,149.34459092881943,149.34459092881943,147.5233154296875,147.5233154296875,2500,0.0,0.0
2012-10-18 00:00:00+09:00,148.43394313003077,150.25521850585938,148.43394313003077,150.25521850585938,1600,0.0,0.0
2012-10-19 00:00:00+09:00,151.16586303710938,151.16586303710938,151.16586303710938,151.16586303710938,1400,0.0,0.0
2012-10-22 00:00:00+09:00,150.2552303336781,153.8977813720703,150.2552303336781,153.8977813720703,3000,0.0,0.0
2012-10-23 00:00:00+09:00,152.98713156960227,152.98713156960227,150.25521850585938,150.25521850585938,3900,0.0,0.0
2012-10-24 00:00:00+09:00,151.16587647937592,152.98715209960938,150.25523866925923,152.98715209960938,8600,0.0,0.0
2012-10-25 00:00:00+09:00,152.9871384953878,152.9871384953878,150.25522530797016,151.16586303710938,43200,0.0,0.0
2012-10-26 00:00:00+09:00,152.07651798899582,152.07651798899582,149.3446044921875,149.3446044921875,3600,0.0,0.0
2012-10-29 00:00:00+09:00,151.16586303710938,151.16586303710938,151.16586303710938,151.16586303710938,1500,0.0,0.0
2012-10-30 00:00:00+09:00,154.80842412904252,156.62969970703125,153.89778634004816,156.62969970703125,8900,0.0,0.0
2012-10-31 00:00:00+09:00,155.71905517578125,155.71905517578125,154.80841742621527,155.71905517578125,2800,0.0,0.0
2012-11-01 00:00:00+09:00,155.71906858234735,158.45098206624817,155.71906858234735,157.54034423828125,10800,0.0,0.0
2012-11-02 00:00:00+09:00,158.45096680358216,173.0211706475897,158.45096680358216,165.73606872558594,36400,0.0,0.0
2012-11-05 00:00:00+09:00,160.27224559998245,167.55734767270891,160.27224559998245,162.09352111816406,6100,0.0,0.0
2012-11-06 00:00:00+09:00,167.5573663763661,167.5573663763661,160.27226349043715,166.646728515625,23700,0.0,0.0
2012-11-07 00:00:00+09:00,165.73607042100693,165.73607042100693,149.34459092881943,155.71905517578125,31200,0.0,0.0
2012-11-08 00:00:00+09:00,154.8084259033203,157.5403393016142,150.25523690616384,154.8084259033203,9800,0.0,0.0
2012-11-09 00:00:00+09:00,152.98714683795797,158.4509735107422,152.0765090591606,158.4509735107422,5200,0.0,0.0
2012-11-12 00:00:00+09:00,158.45097528501998,158.45097528501998,155.71906191803689,156.62969970703125,2700,0.0,0.0
2012-11-13 00:00:00+09:00,151.16587647937592,153.8977899097261,150.25523866925923,152.98715209960938,16100,0.0,0.0
2012-11-14 00:00:00+09:00,152.07651428949265,152.98715209960938,150.25523866925923,152.98715209960938,3700,0.0,0.0
2012-11-15 00:00:00+09:00,150.25521695256947,152.98712998807073,150.25521695256947,152.0764923095703,3400,0.0,0.0
2012-11-16 00:00:00+09:00,151.16587647937592,152.98715209960938,151.16587647937592,152.98715209960938,3500,0.0,0.0
2012-11-19 00:00:00+09:00,153.8977813720703,153.8977813720703,152.98714361247227,153.8977813720703,2900,0.0,0.0
2012-11-20 00:00:00+09:00,153.897788103889,154.8084259033203,153.897788103889,154.8084259033203,3000,0.0,0.0
2012-11-21 00:00:00+09:00,154.80841913166836,154.80841913166836,152.98714361247227,153.8977813720703,7800,0.0,0.0
2012-11-22 00:00:00+09:00,154.80842412904252,156.62969970703125,154.80842412904252,156.62969970703125,6900,0.0,0.0
2012-11-26 00:00:00+09:00,159.36161307401437,159.36161307401437,155.71906191803689,156.62969970703125,41100,0.0,0.0
2012-11-27 00:00:00+09:00,155.7190518624442,159.36160278320312,155.7190518624442,159.36160278320312,1800,0.0,0.0
2012-11-28 00:00:00+09:00,159.36160617404514,159.36160617404514,155.71905517578125,155.71905517578125,1300,0.0,0.0
2012-11-29 00:00:00+09:00,154.8084259033203,154.8084259033203,152.9871503044577,154.8084259033203,4600,0.0,0.0
2012-11-30 00:00:00+09:00,153.8977813720703,154.80841913166836,153.8977813720703,153.8977813720703,900,0.0,0.0
2012-12-03 00:00:00+09:00,154.80840534507158,154.80840534507158,152.0764923095703,152.0764923095703,12900,0.0,0.0
2012-12-04 00:00:00+09:00,152.0764923095703,153.89776766657116,151.1658546310699,152.0764923095703,12200,0.0,0.0
2012-12-05 00:00:00+09:00,152.0764923095703,154.80840534507158,152.0764923095703,152.0764923095703,4400,0.0,0.0
2012-12-06 00:00:00+09:00,152.07651428949265,153.8977899097261,152.07651428949265,152.98715209960938,7000,0.0,0.0
2012-12-07 00:00:00+09:00,152.98715209960938,153.8977899097261,152.98715209960938,152.98715209960938,4700,0.0,0.0
2012-12-10 00:00:00+09:00,152.98715209960938,154.80842771984283,152.07651428949265,152.98715209960938,5200,0.0,0.0
2012-12-11 00:00:00+09:00,153.8977899097261,153.8977899097261,152.98715209960938,152.98715209960938,600,0.0,0.0
2012-12-12 00:00:00+09:00,152.98714192708334,156.62969292534723,152.98714192708334,155.71905517578125,25400,0.0,0.0
2012-12-13 00:00:00+09:00,155.71905517578125,155.71905517578125,153.8977796766493,155.71905517578125,5600,0.0,0.0
2012-12-14 00:00:00+09:00,156.62968959263392,159.36160278320312,156.62968959263392,159.36160278320312,15300,0.0,0.0
2012-12-17 00:00:00+09:00,158.45097008180082,162.09352111816406,157.54033232271001,162.09352111816406,13900,0.0,0.0
2012-12-18 00:00:00+09:00,165.73609065488387,166.646728515625,163.00417707266053,166.646728515625,37600,0.0,0.0
2012-12-19 00:00:00+09:00,163.914794921875,163.914794921875,162.09351942274304,163.914794921875,7900,0.0,0.0
2012-12-20 00:00:00+09:00,163.004150390625,163.91478810230447,162.09351267894553,163.004150390625,2900,0.0,0.0
2012-12-21 00:00:00+09:00,161.18288002433357,165.73606872558594,161.18288002433357,165.73606872558594,9700,0.0,0.0
2012-12-25 00:00:00+09:00,168.4679872339422,168.4679872339422,157.54033400795677,160.27224731445312,35800,0.0,0.0
2012-12-26 00:00:00+09:00,163.00416062094948,163.00416062094948,159.361609545621,160.27224731445312,2600,0.0,0.0
2012-12-27 00:00:00+09:00,163.00416062094948,163.00416062094948,159.361609545621,160.27224731445312,2600,0.0,0.0
2012-12-28 00:00:00+09:00,163.00415717230902,163.914794921875,162.09351942274304,163.914794921875,3300,0.0,0.0
2013-01-04 00:00:00+09:00,164.82542581398394,164.82542581398394,163.004150390625,163.004150390625,9200,0.0,0.0
2013-01-07 00:00:00+09:00,163.91478999968498,169.3786163330078,163.91478999968498,169.3786163330078,21100,0.0,0.0
2013-01-08 00:00:00+09:00,169.3786163330078,169.3786163330078,168.46797861078736,169.3786163330078,4800,0.0,0.0
2013-01-09 00:00:00+09:00,166.6466813370988,168.46795654296875,166.6466813370988,168.46795654296875,4300,0.0,0.0
2013-01-10 00:00:00+09:00,168.46797861078736,170.2892540552283,165.73606544412593,169.3786163330078,9200,0.0,0.0
2013-01-11 00:00:00+09:00,170.2892540552283,170.2892540552283,167.55734088856687,169.3786163330078,7800,0.0,0.0
2013-01-15 00:00:00+09:00,171.19990189870197,175.7530907789866,170.28926412264505,174.8424530029297,16700,0.0,0.0
2013-01-16 00:00:00+09:00,173.02114313299006,173.02114313299006,167.5573175603693,170.2892303466797,14800,0.0,0.0
2013-01-17 00:00:00+09:00,164.82540613122887,169.37859414590372,164.82540613122887,168.46795654296875,31700,0.0,0.0
2013-01-18 00:00:00+09:00,168.46795515580612,172.11050553755328,168.46795515580612,170.2892303466797,12400,0.0,0.0
2013-01-21 00:00:00+09:00,170.2892742661572,174.84246341765873,170.2892742661572,172.1105499267578,10600,0.0,0.0
2013-01-22 00:00:00+09:00,174.84247018914473,174.84247018914473,172.11055659243934,173.0211944580078,9300,0.0,0.0
2013-01-23 00:00:00+09:00,172.1105585301176,172.1105585301176,169.37864490265542,171.19992065429688,8100,0.0,0.0
2013-01-24 00:00:00+09:00,168.4680070268347,171.19992065429688,168.4680070268347,171.19992065429688,13500,0.0,0.0
2013-01-25 00:00:00+09:00,173.02117745081583,175.7530907789866,173.02117745081583,174.8424530029297,53500,0.0,0.0
2013-01-28 00:00:00+09:00,173.02115555209016,175.75306853449158,173.02115555209016,173.93179321289062,25100,0.0,0.0
2013-01-29 00:00:00+09:00,173.02116079428762,176.66371154785156,173.02116079428762,176.66371154785156,5500,0.0,0.0
2013-01-30 00:00:00+09:00,175.75308733570333,178.48500061035156,173.93181181927116,178.48500061035156,19100,0.0,0.0
2013-01-31 00:00:00+09:00,179.3956399551166,184.85946655273438,178.48500218884698,184.85946655273438,17500,0.0,0.0
2013-02-01 00:00:00+09:00,182.12755164321587,182.12755164321587,173.0211740610551,178.48500061035156,34100,0.0,0.0
2013-02-04 00:00:00+09:00,178.48499380258414,178.48499380258414,174.84244290865385,177.57435607910156,22000,0.0,0.0
2013-02-05 00:00:00+09:00,175.7531080547132,176.66374592028166,172.11055659243934,173.0211944580078,27200,0.0,0.0
2013-02-06 00:00:00+09:00,172.11052310589662,176.66371154785156,170.28924772911466,176.66371154785156,13500,0.0,0.0
2013-02-07 00:00:00+09:00,176.66370619529204,176.66370619529204,173.93179321289062,173.93179321289062,2100,0.0,0.0
2013-02-08 00:00:00+09:00,173.02117745081583,174.8424530029297,172.1105396747589,174.8424530029297,4600,0.0,0.0
2013-02-12 00:00:00+09:00,174.8424530029297,177.57436633110046,174.8424530029297,174.8424530029297,33900,0.0,0.0
2013-02-13 00:00:00+09:00,174.8424361710696,177.57434923624257,173.02116079428762,176.66371154785156,24500,0.0,0.0
2013-02-14 00:00:00+09:00,177.5743423224731,179.3956176283446,175.75306701660156,175.75306701660156,11300,0.0,0.0
2013-02-15 00:00:00+09:00,175.7530907789866,175.7530907789866,172.1105396747589,174.8424530029297,4500,0.0,0.0
2013-02-18 00:00:00+09:00,174.84242936366581,175.75306701660156,172.11051640485852,175.75306701660156,6100,0.0,0.0
2013-02-19 00:00:00+09:00,176.6637046695373,176.6637046695373,170.289241098987,175.75306701660156,9200,0.0,0.0
2013-02-20 00:00:00+09:00,173.9317984826786,177.57434923624257,173.9317984826786,176.66371154785156,3100,0.0,0.0
2013-02-21 00:00:00+09:00,177.57435607910156,177.57435607910156,173.93180518517127,177.57435607910156,2000,0.0,0.0
2013-02-22 00:00:00+09:00,177.57434923624257,177.57434923624257,169.37861004072366,176.66371154785156,21700,0.0,0.0
2013-02-25 00:00:00+09:00,177.57436633110046,177.57436633110046,173.02117745081583,174.8424530029297,30700,0.0,0.0
2013-02-26 00:00:00+09:00,174.8424530029297,175.7530907789866,172.1105396747589,174.8424530029297,5200,0.0,0.0
2013-02-27 00:00:00+09:00,172.11051789128967,174.84243087369111,172.11051789128967,173.93179321289062,2600,0.0,0.0
2013-02-28 00:00:00+09:00,175.75306701660156,175.75306701660156,173.93179171073004,175.75306701660156,1000,0.0,0.0
2013-03-01 00:00:00+09:00,176.66371154785156,176.66371154785156,176.66371154785156,176.66371154785156,1100,0.0,0.0
2013-03-04 00:00:00+09:00,176.66371154785156,177.57434923624257,173.9317984826786,176.66371154785156,11400,0.0,0.0
2013-03-05 00:00:00+09:00,174.8424530029297,176.66372855504352,173.93181522687274,174.8424530029297,7100,0.0,0.0
2013-03-06 00:00:00+09:00,173.93180518517127,177.57435607910156,172.11052973820614,177.57435607910156,19900,0.0,0.0
2013-03-07 00:00:00+09:00,175.7530806321364,177.57435607910156,173.93180518517127,177.57435607910156,15900,0.0,0.0
2013-03-08 00:00:00+09:00,175.75310162800113,186.68075561523438,174.8424637957317,186.68075561523438,57400,0.0,0.0
2013-03-11 00:00:00+09:00,186.68074208527364,186.68074208527364,180.30627772138624,184.85946655273438,30100,0.0,0.0
2013-03-12 00:00:00+09:00,184.85945288814716,184.85945288814716,177.57435129649602,183.03817749023438,26500,0.0,0.0
2013-03-13 00:00:00+09:00,180.30628967285156,183.03820315274325,177.57437619295987,180.30628967285156,17900,0.0,0.0
2013-03-14 00:00:00+09:00,182.12753295898438,182.12753295898438,179.39561996459963,182.12753295898438,8200,0.0,0.0
2013-03-15 00:00:00+09:00,181.21690368652344,182.1275413934909,179.39562827258854,181.21690368652344,8400,0.0,0.0
2013-03-18 00:00:00+09:00,181.21690531309486,181.21690531309486,178.48499216767132,179.3956298828125,15700,0.0,0.0
2013-03-19 00:00:00+09:00,179.39562827258854,181.21690368652344,178.48499056562108,181.21690368652344,19100,0.0,0.0
2013-03-21 00:00:00+09:00,181.2169220868279,185.77011108398438,180.3062842873966,185.77011108398438,31000,0.0,0.0
2013-03-22 00:00:00+09:00,186.68075070522798,191.23393974681892,183.03819947195524,183.94883728027344,57200,0.0,0.0
2013-03-25 00:00:00+09:00,188.50200734555145,188.50200734555145,183.94881876232554,187.59136962890625,54000,0.0,0.0
2013-03-26 00:00:00+09:00,186.6807386610243,188.50201416015625,182.12754991319443,188.50201416015625,17500,0.0,0.0
2013-03-27 00:00:00+09:00,184.8594750885916,184.8594750885916,182.12756166363707,183.94883728027344,9300,0.0,0.0
2013-03-28 00:00:00+09:00,182.1275413934909,184.85945451439326,177.57435285865364,181.21690368652344,10100,0.0,0.0
2013-03-29 00:00:00+09:00,179.395651846221,180.30628967285156,173.02118705980706,180.30628967285156,17200,0.0,0.0
2013-04-01 00:00:00+09:00,179.3956418832143,179.3956418832143,171.19990189870197,174.8424530029297,15600,0.0,0.0
2013-04-02 00:00:00+09:00,173.0211944580078,173.0211944580078,168.4680051301655,173.0211944580078,8700,0.0,0.0
2013-04-03 00:00:00+09:00,173.02119640593833,173.02119640593833,170.28928277847615,171.19992065429688,4500,0.0,0.0
2013-04-04 00:00:00+09:00,168.46799860555657,172.1105499267578,168.46799860555657,172.1105499267578,2700,0.0,0.0
2013-04-05 00:00:00+09:00,173.02116079428762,178.48498692463355,173.02116079428762,176.66371154785156,16700,0.0,0.0
2013-04-08 00:00:00+09:00,175.75306853449158,180.30625683849394,173.93179321289062,173.93179321289062,8600,0.0,0.0
2013-04-09 00:00:00+09:00,175.7530806321364,178.48499380258414,171.19989201472356,177.57435607910156,28400,0.0,0.0
2013-04-10 00:00:00+09:00,177.57435607910156,177.57435607910156,175.7530806321364,177.57435607910156,22800,0.0,0.0
2013-04-11 00:00:00+09:00,179.39561996459963,185.77008361816408,173.9317939758301,182.12753295898438,35700,0.0,0.0
2013-04-12 00:00:00+09:00,182.12753295898438,183.0381706237793,179.39561996459963,182.12753295898438,13700,0.0,0.0
2013-04-15 00:00:00+09:00,182.12753295898438,182.12753295898438,180.30625762939454,182.12753295898438,16700,0.0,0.0
2013-04-16 00:00:00+09:00,181.21690368652344,181.21690368652344,180.306265979556,181.21690368652344,2800,0.0,0.0
2013-04-17 00:00:00+09:00,182.12753295898438,182.12753295898438,177.57434463500977,182.12753295898438,29900,0.0,0.0
2013-04-18 00:00:00+09:00,180.306265979556,185.77009222136073,180.306265979556,181.21690368652344,18500,0.0,0.0
2013-04-19 00:00:00+09:00,200.34028692896587,226.748779296875,200.34028692896587,226.748779296875,437400,0.0,0.0
2013-04-22 00:00:00+09:00,227.65944798787436,235.85518811543784,205.80414098103842,218.55307006835938,447800,0.0,0.0
2013-04-23 00:00:00+09:00,225.8381705796423,250.42539076371625,213.99987937990298,220.3743438720703,239900,0.0,0.0
2013-04-24 00:00:00+09:00,216.7317694518792,227.6594216931504,210.35730564447096,221.2849578857422,93200,0.0,0.0
2013-04-25 00:00:00+09:00,225.8381447305485,225.8381447305485,210.3573041643415,223.10623168945312,77500,0.0,0.0
2013-04-26 00:00:00+09:00,225.83816541089175,226.74880317464533,205.80413460831264,217.64242553710938,68200,0.0,0.0
2013-04-30 00:00:00+09:00,219.46371757693407,228.57009589962843,215.82116624785633,224.01690673828125,57900,0.0,0.0
2013-05-01 00:00:00+09:00,223.10622039794922,229.48068383789064,219.46366986083984,227.65940856933594,56800,0.0,0.0
2013-05-02 00:00:00+09:00,229.48069545200894,236.76579689492985,213.08921720543688,223.10623168945312,88600,0.0,0.0
2013-05-07 00:00:00+09:00,218.55305155769722,224.01687784663966,213.99986298357854,222.1956024169922,44200,0.0,0.0
2013-05-08 00:00:00+09:00,221.28497485402215,224.01688812382488,217.6424238276185,219.4636993408203,36000,0.0,0.0
2013-05-09 00:00:00+09:00,224.01688975672567,226.74880304644185,218.55306317729335,225.83816528320312,41700,0.0,0.0
2013-05-10 00:00:00+09:00,226.74878084128684,241.31898362626913,218.5530417747343,224.92750549316406,113600,0.0,0.0
2013-05-13 00:00:00+09:00,232.21261924956426,232.21261924956426,223.10624202409113,228.570068359375,33200,0.0,0.0
2013-05-14 00:00:00+09:00,228.57005463259287,233.12324297188755,222.19559095758032,226.748779296875,23400,0.0,0.0
2013-05-15 00:00:00+09:00,229.480712890625,229.480712890625,191.23392740885416,204.89349365234375,109900,0.0,0.0
2013-05-16 00:00:00+09:00,203.07220944171678,204.8934848627187,179.3956289686915,197.60838317871094,111200,0.0,0.0
2013-05-17 00:00:00+09:00,196.6977638038429,207.62541734850083,195.78712600845475,202.16159057617188,28300,0.0,0.0
2013-05-20 00:00:00+09:00,203.0722051160089,213.99985740924703,203.0722051160089,211.2679443359375,29300,0.0,0.0
2013-05-21 00:00:00+09:00,212.17859397500249,215.82114494453043,209.44668074785653,214.91050720214844,12900,0.0,0.0
2013-05-22 00:00:00+09:00,222.19560042111684,227.65942666098036,210.35731023474585,215.82113647460938,66800,0.0,0.0
2013-05-23 00:00:00+09:00,223.10620769088817,224.01684527329996,183.94879164718128,193.96580505371094,115700,0.0,0.0
2013-05-24 00:00:00+09:00,200.34031323024203,203.9828643798828,186.68074641908916,203.9828643798828,77300,0.0,0.0
2013-05-27 00:00:00+09:00,208.53601805804527,208.53601805804527,186.68071485545536,199.4296417236328,57000,0.0,0.0
2013-05-28 00:00:00+09:00,198.51904116543855,203.0722301829945,195.78712775490501,200.34031677246094,11300,0.0,0.0
2013-05-29 00:00:00+09:00,203.07223510742188,213.0892511889539,201.25095945623426,203.07223510742188,22200,0.0,0.0
2013-05-30 00:00:00+09:00,203.0722301829945,213.08924602161753,200.34031677246094,200.34031677246094,63800,0.0,0.0
2013-05-31 00:00:00+09:00,206.7147558804216,211.2679443359375,202.1615674249057,211.2679443359375,9200,0.0,0.0
2013-06-03 00:00:00+09:00,211.26795789930554,213.99987114800348,204.89349365234375,204.89349365234375,23100,0.0,0.0
2013-06-04 00:00:00+09:00,201.25094265407986,204.89349365234375,201.25094265407986,204.89349365234375,3100,0.0,0.0
2013-06-05 00:00:00+09:00,204.89350579001686,206.71478139703925,200.34031677246094,200.34031677246094,7200,0.0,0.0
2013-06-06 00:00:00+09:00,200.34030664747007,200.34030664747007,183.94882701267707,194.87648010253906,37300,0.0,0.0
2013-06-07 00:00:00+09:00,182.12754302823603,189.41264474936548,167.55733958597716,179.3956298828125,67700,0.0,0.0
2013-06-10 00:00:00+09:00,183.03819768569048,189.41266228170957,183.03819768569048,185.77011108398438,8400,0.0,0.0
2013-06-11 00:00:00+09:00,187.5913934475038,190.32330694431212,186.68075561523438,186.68075561523438,1800,0.0,0.0
2013-06-12 00:00:00+09:00,182.12753295898438,185.77008361816408,168.46796798706055,182.12753295898438,44300,0.0,0.0
2013-06-13 00:00:00+09:00,190.32330193850072,190.32330193850072,180.3062860470007,183.94883728027344,14100,0.0,0.0
2013-06-14 00:00:00+09:00,183.94881518919075,191.23391678084187,181.2169020923216,183.03817749023438,15700,0.0,0.0
2013-06-17 00:00:00+09:00,187.59136643182663,191.23391723632812,183.94881562732516,191.23391723632812,8500,0.0,0.0
2013-06-18 00:00:00+09:00,195.78708021853453,198.51899296576988,193.05516747129917,193.96580505371094,30600,0.0,0.0
2013-06-19 00:00:00+09:00,193.96580505371094,197.60835538335812,190.3232547240638,193.96580505371094,9400,0.0,0.0
2013-06-20 00:00:00+09:00,198.51902770996094,198.51902770996094,193.9658390010169,198.51902770996094,2500,0.0,0.0
2013-06-21 00:00:00+09:00,193.05520458756206,200.34030664747007,184.85946477016554,194.87648010253906,16600,0.0,0.0
2013-06-24 00:00:00+09:00,195.78710096853752,196.69773864746094,187.59136185822663,196.69773864746094,11000,0.0,0.0
2013-06-25 00:00:00+09:00,201.2509408613141,201.2509408613141,185.77009925659763,190.3232879638672,37100,0.0,0.0
2013-06-26 00:00:00+09:00,188.50202448227827,196.69776467715994,185.77011108398438,185.77011108398438,6700,0.0,0.0
2013-06-27 00:00:00+09:00,185.77010091145834,191.23392740885416,181.21691216362848,188.50201416015625,12300,0.0,0.0
2013-06-28 00:00:00+09:00,183.948828643223,193.05520629882812,183.948828643223,193.05520629882812,8800,0.0,0.0
2013-07-01 00:00:00+09:00,193.96581882210666,195.78709411621094,186.6807176456895,195.78709411621094,11700,0.0,0.0
2013-07-02 00:00:00+09:00,196.6977638038429,203.07222837156004,193.05521262229027,202.16159057617188,14400,0.0,0.0
2013-07-03 00:00:00+09:00,202.16156848199765,202.16156848199765,193.96582921921396,201.2509307861328,9500,0.0,0.0
2013-07-04 00:00:00+09:00,201.25095457597212,201.25095457597212,198.51904116543855,200.34031677246094,9000,0.0,0.0
2013-07-05 00:00:00+09:00,201.25094265407986,205.80413140190973,201.25094265407986,204.89349365234375,11000,0.0,0.0
2013-07-08 00:00:00+09:00,207.6254137427406,209.44668930188743,205.80413818359375,205.80413818359375,12000,0.0,0.0
2013-07-09 00:00:00+09:00,204.89351075860952,205.80414858420335,202.16159728182808,203.07223510742188,9200,0.0,0.0
2013-07-10 00:00:00+09:00,202.16159057617188,206.7147795531127,202.16159057617188,202.16159057617188,31400,0.0,0.0
2013-07-11 00:00:00+09:00,201.25093316830663,215.82113647460938,201.25093316830663,215.82113647460938,41800,0.0,0.0
2013-07-12 00:00:00+09:00,214.9105055352219,218.55305647649683,210.3573168586282,216.73178100585938,17400,0.0,0.0
2013-07-16 00:00:00+09:00,218.55305155769722,223.10624013181592,216.73177612804975,222.1956024169922,23900,0.0,0.0
2013-07-17 00:00:00+09:00,216.73176792689733,223.10623168945312,216.73176792689733,223.10623168945312,10300,0.0,0.0
2013-07-18 00:00:00+09:00,222.19560430154382,232.21261924956426,220.3743288564492,228.570068359375,190200,0.0,0.0
2013-07-19 00:00:00+09:00,224.01688288840927,227.65943382968422,216.73178100585938,216.73178100585938,42400,0.0,0.0
2013-07-22 00:00:00+09:00,218.55306317729335,227.65944080968058,213.99987436109973,225.83816528320312,23100,0.0,0.0
2013-07-23 00:00:00+09:00,222.19559557251478,228.570059379923,221.2849578857422,221.2849578857422,31300,0.0,0.0
2013-07-24 00:00:00+09:00,222.19561576095282,232.21263122558594,220.37434022192863,232.21263122558594,28500,0.0,0.0
2013-07-25 00:00:00+09:00,235.8551741299564,305.0636422144224,232.2126231781424,265.9062194824219,775100,0.0,0.0
2013-07-26 00:00:00+09:00,271.3700695800781,271.3700695800781,241.3190216064453,250.42539978027344,252600,0.0,0.0
2013-07-29 00:00:00+09:00,243.14028445973116,245.87219776826745,232.21263122558594,232.21263122558594,82100,0.0,0.0
2013-07-30 00:00:00+09:00,225.83816189236111,236.76581488715277,224.92752414279514,229.480712890625,26500,0.0,0.0
2013-07-31 00:00:00+09:00,236.76580910604508,299.59981229188014,236.76580910604508,277.7445068359375,328900,0.0,0.0
2013-08-01 00:00:00+09:00,270.4594532808812,277.74455639955806,253.15733337402344,253.15733337402344,77300,0.0,0.0
2013-08-02 00:00:00+09:00,245.87220201994242,260.44240658408717,245.87220201994242,259.5317687988281,40200,0.0,0.0
2013-08-05 00:00:00+09:00,266.81686749837803,266.81686749837803,251.3360253568339,263.17431640625,17100,0.0,0.0
2013-08-06 00:00:00+09:00,254.97858597060383,268.6381530761719,254.97858597060383,268.6381530761719,23600,0.0,0.0
2013-08-07 00:00:00+09:00,272.2806937251883,291.40408692996743,266.81686709525144,279.5657958984375,88600,0.0,0.0
2013-08-08 00:00:00+09:00,273.19130121275435,352.4167785644531,273.19130121275435,352.4167785644531,399000,0.0,0.0
2013-08-09 00:00:00+09:00,345.1316995480893,391.5742237616844,309.61682809063416,310.5274658203125,289600,0.0,0.0
2013-08-12 00:00:00+09:00,325.09762424778296,341.48910110061234,310.52742260082346,336.9359130859375,103500,0.0,0.0
2013-08-13 00:00:00+09:00,358.7912929759306,361.5232063742245,309.6168518066406,309.6168518066406,78900,0.0,0.0
2013-08-14 00:00:00+09:00,324.1870422363281,332.3827820681454,312.3487513681476,324.1870422363281,37500,0.0,0.0
2013-08-15 00:00:00+09:00,326.9189417779782,326.9189417779782,314.1700136863579,322.3657531738281,23500,0.0,0.0
2013-08-16 00:00:00+09:00,315.99128912801797,340.57850759042856,315.99128912801797,322.3657531738281,27700,0.0,0.0
2013-08-19 00:00:00+09:00,318.7232181943696,377.9146730018954,318.7232181943696,369.71893310546875,140400,0.0,0.0
2013-08-20 00:00:00+09:00,364.25514622738484,364.25514622738484,342.3998374537418,346.0423889160156,46300,0.0,0.0
2013-08-21 00:00:00+09:00,342.399832766778,376.0934333315939,342.399832766778,357.88067626953125,61300,0.0,0.0
2013-08-22 00:00:00+09:00,372.4508209569875,415.2507930473993,362.43380621242306,407.0550537109375,239300,0.0,0.0
2013-08-23 00:00:00+09:00,407.05510281702146,479.9061279296875,394.30617342230494,479.9061279296875,377300,0.0,0.0
2013-08-26 00:00:00+09:00,464.42521698620857,464.42521698620857,394.3061155980947,401.5912170410156,424100,0.0,0.0
2013-08-27 00:00:00+09:00,415.2508321005917,474.44228843071994,414.34019431089746,461.693359375,543500,0.0,0.0
2013-08-28 00:00:00+09:00,416.1613984826493,425.26777481706176,385.1997189456469,398.8592834472656,414600,0.0,0.0
2013-08-29 00:00:00+09:00,391.5742654511423,398.8593680641868,351.5062010793975,360.6125793457031,244900,0.0,0.0
2013-08-30 00:00:00+09:00,357.8806217342228,360.6125348772321,330.56149030412945,350.59552001953125,289500,0.0,0.0
2013-09-02 00:00:00+09:00,336.02532244001117,341.48914882114957,314.1700169154576,318.72320556640625,129900,0.0,0.0
2013-09-03 00:00:00+09:00,314.1699966298744,331.47211238630223,308.70617060152875,315.99127197265625,108700,0.0,0.0
2013-09-04 00:00:00+09:00,317.81258480028174,327.82960036705276,310.52748256990276,316.9019470214844,88900,0.0,0.0
2013-09-05 00:00:00+09:00,326.91895551360057,338.7572463817811,324.1870422363281,324.1870422363281,122400,0.0,0.0
2013-09-06 00:00:00+09:00,309.61681330315423,311.4380886755257,288.672146520882,292.314697265625,186300,0.0,0.0
2013-09-09 00:00:00+09:00,295.04661721176245,300.5104434564247,277.7445007703319,293.225341796875,82600,0.0,0.0
2013-09-10 00:00:00+09:00,293.22538353704635,306.8849510931199,281.3870916551159,282.2977294921875,49600,0.0,0.0
2013-09-11 00:00:00+09:00,291.4040627464511,291.4040627464511,273.1913088247979,288.6721496582031,52300,0.0,0.0
2013-09-12 00:00:00+09:00,293.2253622706932,295.04663781274724,284.11898456042326,287.76153564453125,21300,0.0,0.0
2013-09-13 00:00:00+09:00,281.38706461588544,292.31471761067706,281.38706461588544,286.85089111328125,24800,0.0,0.0
2013-09-17 00:00:00+09:00,293.22532806396487,320.5444580078125,289.5827774047852,291.404052734375,93300,0.0,0.0
2013-09-18 00:00:00+09:00,296.8679226146025,314.1700408037971,296.8679226146025,309.6168518066406,58100,0.0,0.0
2013-09-19 00:00:00+09:00,302.33174594613007,317.81258835903435,301.42110815713573,313.2593994140625,56900,0.0,0.0
2013-09-20 00:00:00+09:00,313.2593793523677,332.38277169655294,313.2593793523677,326.9189453125,94500,0.0,0.0
2013-09-24 00:00:00+09:00,336.9360140536694,342.39984130859375,322.36580804053773,342.39984130859375,71800,0.0,0.0
2013-09-25 00:00:00+09:00,345.13171816420277,345.13171816420277,311.4381203487001,316.9019470214844,91000,0.0,0.0
2013-09-26 00:00:00+09:00,315.08068175384966,315.99131956238676,296.8679255831069,314.1700439453125,49900,0.0,0.0
2013-09-27 00:00:00+09:00,317.812564569678,328.7402172196383,314.1700136863579,322.3657531738281,33000,0.0,0.0
2013-09-30 00:00:00+09:00,316.9019096440472,320.54446032961096,303.24234457318306,315.99127197265625,25600,0.0,0.0
2013-10-01 00:00:00+09:00,315.9912750866948,332.3827533332669,312.3487243652344,312.3487243652344,23800,0.0,0.0
2013-10-02 00:00:00+09:00,308.7061899852457,320.54448045665634,291.40407314241486,294.135986328125,69400,0.0,0.0
2013-10-03 00:00:00+09:00,288.6721666124132,311.4381103515625,288.6721666124132,311.4381103515625,32200,0.0,0.0
2013-10-04 00:00:00+09:00,308.7061799462162,309.61681764517255,296.86788985978313,305.0636291503906,10700,0.0,0.0
2013-10-07 00:00:00+09:00,304.1529792221413,304.1529792221413,278.65512467657254,283.20831298828125,37900,0.0,0.0
2013-10-08 00:00:00+09:00,283.20833680921214,291.4040764596395,277.7445103755939,290.4934387207031,16600,0.0,0.0
2013-10-09 00:00:00+09:00,290.4934421115451,296.86790635850696,279.5657891167535,295.046630859375,7500,0.0,0.0
2013-10-10 00:00:00+09:00,298.68918185763886,309.61683485243054,296.86790635850696,303.24237060546875,16800,0.0,0.0
2013-10-11 00:00:00+09:00,306.88491471991483,307.79555244905407,300.51045061594033,302.33172607421875,9700,0.0,0.0
2013-10-15 00:00:00+09:00,306.8849384083467,318.72322980095356,303.24238721062153,309.6168518066406,24200,0.0,0.0
2013-10-16 00:00:00+09:00,310.5275042808219,341.4891909246575,310.5275042808219,332.3828125,75600,0.0,0.0
2013-10-17 00:00:00+09:00,341.4892086312791,341.4892086312791,320.5445371685606,330.5615539550781,43700,0.0,0.0
2013-10-18 00:00:00+09:00,336.02528526867445,336.93592289812887,318.7231703090408,334.2040100097656,27700,0.0,0.0
2013-10-21 00:00:00+09:00,336.936010260331,348.774302512721,332.3828209324887,346.0423889160156,44500,0.0,0.0
2013-10-22 00:00:00+09:00,345.13167344337984,347.86358642578125,332.38274619217316,347.86358642578125,25400,0.0,0.0
2013-10-23 00:00:00+09:00,348.77430643933883,359.7019609491876,337.8466519294901,342.39984130859375,76500,0.0,0.0
2013-10-24 00:00:00+09:00,343.3104183048397,354.23807087687703,334.20404116147523,350.59552001953125,36100,0.0,0.0
2013-10-25 00:00:00+09:00,347.8636036850799,355.14870533293504,340.57850203722484,354.2380676269531,42900,0.0,0.0
2013-10-28 00:00:00+09:00,355.14870949161866,385.1997541409095,355.14870949161866,375.1827392578125,59500,0.0,0.0
2013-10-29 00:00:00+09:00,375.18277336569395,375.18277336569395,364.2551197725184,371.54022216796875,63800,0.0,0.0
2013-10-30 00:00:00+09:00,383.3784787076191,395.2167690240064,363.34444894142524,375.1827392578125,169500,0.0,0.0
2013-10-31 00:00:00+09:00,372.4508286523694,372.4508286523694,341.4891460749108,346.9529724121094,178400,0.0,0.0
2013-11-01 00:00:00+09:00,344.2210803854054,351.5061826157844,314.1700336850923,316.9019470214844,92400,0.0,0.0
2013-11-05 00:00:00+09:00,331.47215519394985,331.47215519394985,310.5274860470794,313.2593994140625,44200,0.0,0.0
2013-11-06 00:00:00+09:00,315.0805985571633,326.00824937417474,314.169960989079,323.2763366699219,17400,0.0,0.0
2013-11-07 00:00:00+09:00,330.561486091403,331.4721237941341,319.6338336586293,329.6508483886719,16500,0.0,0.0
2013-11-08 00:00:00+09:00,318.72320556640625,323.2763942173549,314.1700169154576,318.72320556640625,22700,0.0,0.0
2013-11-11 00:00:00+09:00,318.723219091242,332.3827856237238,318.723219091242,320.54449462890625,24800,0.0,0.0
2013-11-12 00:00:00+09:00,327.82959327269134,327.82959327269134,318.72321568178324,324.1870422363281,14800,0.0,0.0
2013-11-13 00:00:00+09:00,325.09767999541896,326.00831775450973,320.5444911999649,324.1870422363281,8900,0.0,0.0
2013-11-14 00:00:00+09:00,322.36576004866714,331.4721374511719,319.6338468279157,331.4721374511719,22100,0.0,0.0
2013-11-15 00:00:00+09:00,331.47214084201386,333.2934163411458,326.00831434461804,327.82958984375,18500,0.0,0.0
2013-11-18 00:00:00+09:00,332.382781748869,375.18275638502473,330.56150623243684,356.9700012207031,84700,0.0,0.0
2013-11-19 00:00:00+09:00,364.25511042277014,366.9870237509409,343.3104415734609,349.6849060058594,65800,0.0,0.0
2013-11-20 00:00:00+09:00,352.41679544820414,355.14870859121345,346.04233144784905,350.59552001953125,19700,0.0,0.0
2013-11-21 00:00:00+09:00,350.59552330357513,361.52317597797224,346.042334689243,346.9529724121094,28600,0.0,0.0
2013-11-22 00:00:00+09:00,346.952919564596,346.952919564596,333.2933558022104,336.0252685546875,42600,0.0,0.0
2013-11-25 00:00:00+09:00,343.3103692279599,343.3103692279599,332.3827182180513,336.0252685546875,49200,0.0,0.0
2013-11-26 00:00:00+09:00,336.025363869863,337.84663955479454,331.47217465753425,332.3828125,17400,0.0,0.0
2013-11-27 00:00:00+09:00,333.29345703125,339.6679220564378,332.38281917050887,333.29345703125,15100,0.0,0.0
2013-11-28 00:00:00+09:00,333.29338306907675,341.4891219970049,333.29338306907675,339.6678466796875,18900,0.0,0.0
2013-11-29 00:00:00+09:00,345.1317463260874,361.52322768194375,343.31047061988113,357.88067626953125,55000,0.0,0.0
2013-12-02 00:00:00+09:00,372.450826107877,375.1827392578125,363.34444894142524,375.1827392578125,136100,0.0,0.0
2013-12-03 00:00:00+09:00,382.46781176190046,400.6805647029433,360.61250823264896,391.5741882324219,120500,0.0,0.0
2013-12-04 00:00:00+09:00,391.5741882324219,395.21673882063044,379.735898820744,391.5741882324219,100800,0.0,0.0
2013-12-05 00:00:00+09:00,391.5742460363051,397.0380727251838,384.2891437844669,387.02105712890625,47600,0.0,0.0
2013-12-06 00:00:00+09:00,381.5571815490723,381.5571815490723,362.43379058837894,364.25506591796875,30900,0.0,0.0
2013-12-09 00:00:00+09:00,358.7912934190946,370.6295848263236,357.8806556185385,363.344482421875,18100,0.0,0.0
2013-12-10 00:00:00+09:00,363.344482421875,377.91468723077224,361.5232068207628,363.344482421875,14200,0.0,0.0
2013-12-11 00:00:00+09:00,366.07635820091673,371.54018444272145,347.8636040615676,362.4338073730469,48800,0.0,0.0
2013-12-12 00:00:00+09:00,356.9699329903455,356.9699329903455,336.0252685546875,336.0252685546875,64100,0.0,0.0
2013-12-13 00:00:00+09:00,341.4891180784806,341.4891180784806,327.8295533553414,335.1146545410156,56700,0.0,0.0
2013-12-16 00:00:00+09:00,338.75719815703764,339.66783578649205,327.82954660358484,334.2040100097656,17900,0.0,0.0
2013-12-17 00:00:00+09:00,341.4890982887962,341.4890982887962,333.29335992986506,340.5784606933594,34200,0.0,0.0
2013-12-18 00:00:00+09:00,340.5784843383462,342.39975965566356,336.93593370371144,339.6678466796875,10500,0.0,0.0
2013-12-19 00:00:00+09:00,341.4891389502348,341.4891389502348,335.1146750231637,337.8465881347656,10500,0.0,0.0
2013-12-20 00:00:00+09:00,333.29345703125,337.8466463349556,328.7402677275444,333.29345703125,17300,0.0,0.0
2013-12-24 00:00:00+09:00,331.4721512140012,331.4721512140012,318.723222321155,325.0976867675781,44200,0.0,0.0
2013-12-25 00:00:00+09:00,329.65079964651187,329.65079964651187,319.63378639758474,323.2763366699219,34700,0.0,0.0
2013-12-26 00:00:00+09:00,328.7401719526811,341.4890982887962,328.7401719526811,340.5784606933594,14300,0.0,0.0
2013-12-27 00:00:00+09:00,343.31037347966975,343.31037347966975,336.93591031161225,340.5784606933594,9400,0.0,0.0
2013-12-30 00:00:00+09:00,345.1316937335126,356.0593463055499,336.0253165901481,350.59552001953125,14800,0.0,0.0
2014-01-06 00:00:00+09:00,343.3103951567813,356.0593222978819,341.4891198509098,351.5061340332031,9300,0.0,0.0
2014-01-07 00:00:00+09:00,351.5061548894374,363.34444508001434,345.13169094066524,362.4338073730469,29800,0.0,0.0
2014-01-08 00:00:00+09:00,357.8806188382096,363.34444508001434,348.7742417685351,362.4338073730469,13800,0.0,0.0
2014-01-09 00:00:00+09:00,369.7188919067383,369.7188919067383,354.23805160522465,364.25506591796875,30100,0.0,0.0
2014-01-10 00:00:00+09:00,362.43385072442317,373.3615045151093,359.7019372767516,372.45086669921875,20200,0.0,0.0
2014-01-14 00:00:00+09:00,368.8082413357071,370.6295166015625,357.8805897405751,370.6295166015625,18000,0.0,0.0
2014-01-15 00:00:00+09:00,377.9146904520469,377.9146904520469,363.34448551895593,367.8976745605469,15400,0.0,0.0
2014-01-16 00:00:00+09:00,365.1657790943563,365.1657790943563,351.50621129780933,357.88067626953125,17200,0.0,0.0
2014-01-17 00:00:00+09:00,362.43384824342365,364.2551238627374,355.14874576616893,359.7019348144531,4700,0.0,0.0
2014-01-20 00:00:00+09:00,356.96997842533455,379.73592092695026,349.68487682481754,374.2720947265625,35400,0.0,0.0
2014-01-21 00:00:00+09:00,378.82533141045235,378.82533141045235,370.62959106743773,372.45086669921875,11900,0.0,0.0
2014-01-22 00:00:00+09:00,366.0764019879852,373.3615045151093,358.7912994608611,372.45086669921875,11800,0.0,0.0
2014-01-23 00:00:00+09:00,372.45080875349635,373.3614464277103,363.34443201135707,368.8082580566406,12300,0.0,0.0
2014-01-24 00:00:00+09:00,364.25507958255594,366.07635498046875,360.6125287867304,366.07635498046875,8800,0.0,0.0
2014-01-27 00:00:00+09:00,366.0763611632508,366.0763611632508,343.3104183048397,350.59552001953125,39600,0.0,0.0
2014-01-28 00:00:00+09:00,346.95295559955326,352.41678167198717,346.0423179208143,348.77423095703125,8600,0.0,0.0
2014-01-29 00:00:00+09:00,347.86364328891415,364.2551238627374,347.86364328891415,359.7019348144531,19900,0.0,0.0
2014-01-30 00:00:00+09:00,349.6848578415119,352.4167707933987,336.0252930820779,343.3103942871094,29700,0.0,0.0
2014-01-31 00:00:00+09:00,350.59554378191626,355.1487326622009,345.1317171255747,349.6849060058594,4600,0.0,0.0
2014-02-03 00:00:00+09:00,346.952919564596,354.2380202378684,333.2933558022104,336.0252685546875,19700,0.0,0.0
2014-02-04 00:00:00+09:00,292.31471761067706,316.9019368489583,292.31471761067706,303.24237060546875,38300,0.0,0.0
2014-02-05 00:00:00+09:00,315.9913127810456,323.27641509300054,306.8849348911019,313.2593994140625,6600,0.0,0.0
2014-02-06 00:00:00+09:00,318.7232057364206,326.9189453125,310.52746616034125,326.9189453125,3300,0.0,0.0
2014-02-07 00:00:00+09:00,328.7401620784276,328.7401620784276,323.2763366699219,323.2763366699219,5800,0.0,0.0
2014-02-10 00:00:00+09:00,323.276349041913,336.9359130859375,323.276349041913,336.9359130859375,4200,0.0,0.0
2014-02-12 00:00:00+09:00,340.5785655569523,344.2211170602352,336.9360140536694,342.39984130859375,7100,0.0,0.0
2014-02-13 00:00:00+09:00,342.3998356386612,344.2211113601434,333.29345703125,333.29345703125,3800,0.0,0.0
2014-02-14 00:00:00+09:00,340.5784804302713,345.13166867131775,320.5444521696671,335.1146545410156,15100,0.0,0.0
2014-02-17 00:00:00+09:00,329.6508554438109,338.7572326660156,310.52746327718097,338.7572326660156,8700,0.0,0.0
2014-02-18 00:00:00+09:00,338.75722541598327,340.5785008214455,326.9189352804785,329.6508483886719,6500,0.0,0.0
2014-02-19 00:00:00+09:00,327.8295830431755,334.2040471579039,325.097669851149,326.9189453125,6500,0.0,0.0
2014-02-20 00:00:00+09:00,327.82958984375,327.82958984375,311.4381103515625,311.4381103515625,12000,0.0,0.0
2014-02-21 00:00:00+09:00,312.3487749926617,322.36579110029805,312.3487749926617,315.0806884765625,11600,0.0,0.0
2014-02-24 00:00:00+09:00,309.61686150876085,316.90196413249635,306.88494802485997,315.0806884765625,25200,0.0,0.0
2014-02-25 00:00:00+09:00,321.4551255967882,327.82958984375,311.4381103515625,327.82958984375,31200,0.0,0.0
2014-02-26 00:00:00+09:00,318.723222321155,327.8296001017594,312.3487578747319,325.0976867675781,9500,0.0,0.0
2014-02-27 00:00:00+09:00,317.81258454309454,330.56151343594075,317.81258454309454,325.0976867675781,10900,0.0,0.0
2014-02-28 00:00:00+09:00,329.65085127428813,329.65085127428813,317.81256103515625,317.81256103515625,3200,0.0,0.0
2014-03-03 00:00:00+09:00,317.8125745985243,317.8125745985243,309.61683485243054,311.4381103515625,5100,0.0,0.0
2014-03-04 00:00:00+09:00,309.61682809063416,310.5274658203125,299.59981306417245,310.5274658203125,11400,0.0,0.0
2014-03-05 00:00:00+09:00,316.9019368489583,318.72321234809027,311.4381103515625,311.4381103515625,2000,0.0,0.0
2014-03-06 00:00:00+09:00,309.61678383976306,311.4380590388205,307.79550864070563,308.7061462402344,2700,0.0,0.0
2014-03-07 00:00:00+09:00,309.61681132413906,312.3487243652344,307.79553596340884,312.3487243652344,4800,0.0,0.0
2014-03-10 00:00:00+09:00,311.4381037248884,318.72320556640625,305.06363961356027,318.72320556640625,12700,0.0,0.0
2014-03-11 00:00:00+09:00,327.82960036705276,327.82960036705276,315.991309242687,316.9019470214844,4600,0.0,0.0
2014-03-12 00:00:00+09:00,311.4381274055032,312.3487652049345,309.6168518066406,309.6168518066406,2700,0.0,0.0
2014-03-13 00:00:00+09:00,311.43812383607377,314.1700372030569,311.43812383607377,313.2593994140625,3200,0.0,0.0
2014-03-14 00:00:00+09:00,307.7955627441406,322.3657668977094,300.5104606673562,307.7955627441406,15400,0.0,0.0
2014-03-17 00:00:00+09:00,311.43809304308536,311.43809304308536,301.42107835456505,305.0636291503906,3300,0.0,0.0
2014-03-18 00:00:00+09:00,309.6168279073325,309.6168279073325,300.51045061594033,302.33172607421875,2600,0.0,0.0
2014-03-19 00:00:00+09:00,305.9742769907756,311.4381033656109,302.33172607421875,302.33172607421875,3800,0.0,0.0
2014-03-20 00:00:00+09:00,303.2423636138255,303.2423636138255,294.135986328125,294.135986328125,2500,0.0,0.0
2014-03-24 00:00:00+09:00,294.1359763116193,305.97426637988883,294.1359763116193,296.8678894042969,7500,0.0,0.0
2014-03-25 00:00:00+09:00,303.2423500754616,305.06362545129025,300.51043701171875,300.51043701171875,18700,0.0,0.0
2014-03-26 00:00:00+09:00,301.42109842695425,307.7955627441406,301.42109842695425,307.7955627441406,500,0.0,0.0
2014-03-27 00:00:00+09:00,300.51043701171875,300.51043701171875,300.51043701171875,300.51043701171875,500,0.0,0.0
2014-03-28 00:00:00+09:00,293.2253386140601,296.8678894042969,290.4934255213825,296.8678894042969,3600,0.0,0.0
2014-03-31 00:00:00+09:00,295.9572954875667,300.51048464891386,294.1360198230278,298.689208984375,4700,0.0,0.0
2014-04-01 00:00:00+09:00,300.51043701171875,300.51043701171875,295.04661088423296,300.51043701171875,1500,0.0,0.0
2014-04-02 00:00:00+09:00,293.22533906395756,305.97426684934703,293.22533906395756,305.0636291503906,7600,0.0,0.0
2014-04-03 00:00:00+09:00,305.97428722494453,307.7955627441406,299.59982290775815,307.7955627441406,2500,0.0,0.0
2014-04-04 00:00:00+09:00,307.79550864070563,311.4380590388205,306.88487104117695,308.7061462402344,1700,0.0,0.0
2014-04-07 00:00:00+09:00,305.97426684934703,309.61681764517255,305.0636291503906,305.0636291503906,2100,0.0,0.0
2014-04-08 00:00:00+09:00,304.15299466873586,304.15299466873586,301.42108154296875,301.42108154296875,1400,0.0,0.0
2014-04-09 00:00:00+09:00,303.24237060546875,303.24237060546875,295.046630859375,295.046630859375,3000,0.0,0.0
2014-04-10 00:00:00+09:00,295.04660719651446,298.68915790264424,287.76150578425484,295.9572448730469,13700,0.0,0.0
2014-04-11 00:00:00+09:00,294.13600733373073,294.13600733373073,280.4764404296875,280.4764404296875,14600,0.0,0.0
2014-04-14 00:00:00+09:00,277.7445136176215,285.94025336371527,276.83387586805554,278.6551513671875,9500,0.0,0.0
2014-04-15 00:00:00+09:00,276.83388258346906,280.4764336700937,276.83388258346906,279.5657958984375,2200,0.0,0.0
2014-04-16 00:00:00+09:00,277.7444651932222,277.7444651932222,265.9061765128554,272.2806396484375,21500,0.0,0.0
2014-04-17 00:00:00+09:00,272.2806836480964,272.2806836480964,262.2636685306079,265.9062194824219,17300,0.0,0.0
2014-04-18 00:00:00+09:00,264.08490682385633,268.6380948725435,264.08490682385633,264.99554443359375,3600,0.0,0.0
2014-04-21 00:00:00+09:00,264.08490682385633,265.90618204333117,260.4423563849066,264.99554443359375,17300,0.0,0.0
2014-04-22 00:00:00+09:00,262.2636685306079,266.81685722037537,262.2636685306079,265.9062194824219,7300,0.0,0.0
2014-04-23 00:00:00+09:00,264.9955431349734,265.90618074024826,253.1572542664007,256.7998046875,36800,0.0,0.0
2014-04-24 00:00:00+09:00,256.79982780007754,259.5317408617805,240.40834942985984,247.69345092773438,97400,0.0,0.0
2014-04-25 00:00:00+09:00,252.2466722841616,252.2466722841616,239.49774299904152,245.87220764160156,48400,0.0,0.0
2014-04-28 00:00:00+09:00,244.96154263145044,245.87218033640008,238.58707869680305,242.22962951660156,21100,0.0,0.0
2014-04-30 00:00:00+09:00,240.4083442546178,245.87217026040454,239.49770658698665,244.96153259277344,20800,0.0,0.0
2014-05-01 00:00:00+09:00,244.96157287597654,250.42539978027344,241.3190216064453,250.42539978027344,12500,0.0,0.0
2014-05-02 00:00:00+09:00,250.42541970451958,253.15733337402344,248.60414392485035,253.15733337402344,6700,0.0,0.0
2014-05-07 00:00:00+09:00,253.15728402050422,254.0679217328082,248.60409545898438,248.60409545898438,7800,0.0,0.0
2014-05-08 00:00:00+09:00,247.69348325376157,251.3360344780816,245.87220764160156,245.87220764160156,8100,0.0,0.0
2014-05-09 00:00:00+09:00,244.96155633499373,249.51474511445457,243.1402808232094,244.05091857910156,9100,0.0,0.0
2014-05-12 00:00:00+09:00,247.69343307783018,247.69343307783018,239.49769448334314,241.3189697265625,14200,0.0,0.0
2014-05-13 00:00:00+09:00,239.49771833594465,249.51473317128836,239.49771833594465,248.60409545898438,15700,0.0,0.0
2014-05-14 00:00:00+09:00,255.88917689169605,262.26364037298384,250.42535105059224,254.06790161132812,25200,0.0,0.0
2014-05-15 00:00:00+09:00,254.97855616820848,254.97855616820848,244.05090376099955,252.24664306640625,13300,0.0,0.0
2014-05-16 00:00:00+09:00,249.5147068438012,249.5147068438012,240.40833068161868,243.14024353027344,16900,0.0,0.0
2014-05-19 00:00:00+09:00,244.05090989332933,248.60409851074218,236.76580810546875,236.76580810546875,16500,0.0,0.0
2014-05-20 00:00:00+09:00,235.85514399690447,241.3189697265625,234.9445063752948,241.3189697265625,10300,0.0,0.0
2014-05-21 00:00:00+09:00,237.67643581143804,240.40834886674193,236.76579812633673,239.49771118164062,6000,0.0,0.0
2014-05-22 00:00:00+09:00,236.7658165319642,244.05091857910156,235.85517877607202,244.05091857910156,14000,0.0,0.0
2014-05-23 00:00:00+09:00,244.05090017879712,248.6040886149687,242.22962480432847,247.69345092773438,14900,0.0,0.0
2014-05-26 00:00:00+09:00,251.3360085958963,251.3360085958963,246.7828200343764,248.60409545898438,29600,0.0,0.0
2014-05-27 00:00:00+09:00,250.42539978027344,254.97858886718748,247.693486328125,250.42539978027344,9600,0.0,0.0
2014-05-28 00:00:00+09:00,251.33598724039425,255.88917541503906,251.33598724039425,255.88917541503906,4100,0.0,0.0
2014-05-29 00:00:00+09:00,255.88917541503906,255.88917541503906,253.15726251025217,255.88917541503906,3200,0.0,0.0
2014-05-30 00:00:00+09:00,257.7104831271701,281.38706461588544,254.97856987847223,270.45941162109375,40400,0.0,0.0
2014-06-02 00:00:00+09:00,275.92323811848956,284.1189778645833,264.99558512369794,270.45941162109375,22200,0.0,0.0
2014-06-03 00:00:00+09:00,275.9232278442383,275.9232278442383,268.6381261189779,273.1913146972656,15800,0.0,0.0
2014-06-04 00:00:00+09:00,273.1913248697917,273.1913248697917,265.90622287326386,270.45941162109375,12100,0.0,0.0
2014-06-05 00:00:00+09:00,269.54877387152777,270.45941162109375,266.81686062282984,270.45941162109375,11200,0.0,0.0
2014-06-06 00:00:00+09:00,270.459391678914,275.9232177734375,270.459391678914,275.9232177734375,11300,0.0,0.0
2014-06-09 00:00:00+09:00,277.7445068359375,283.2083331999232,275.9232313812756,277.7445068359375,14900,0.0,0.0
2014-06-10 00:00:00+09:00,282.2976988732221,282.2976988732221,268.63813279871135,274.1019592285156,12600,0.0,0.0
2014-06-11 00:00:00+09:00,273.19133149684444,279.5657958984375,269.5487804102199,279.5657958984375,7500,0.0,0.0
2014-06-12 00:00:00+09:00,272.28066704375516,279.56576850311984,272.28066704375516,275.9232177734375,12000,0.0,0.0
2014-06-13 00:00:00+09:00,272.2806769816081,276.83386555989586,271.37003926595054,273.1913146972656,9200,0.0,0.0
2014-06-16 00:00:00+09:00,277.7444973052112,288.6721496582031,275.9232219130459,288.6721496582031,16800,0.0,0.0
2014-06-17 00:00:00+09:00,295.04660719651446,298.68915790264424,289.5827811373197,295.9572448730469,35500,0.0,0.0
2014-06-18 00:00:00+09:00,296.86788985978313,305.0636291503906,292.31470136500116,305.0636291503906,13000,0.0,0.0
2014-06-19 00:00:00+09:00,305.063666389102,307.7955798194522,298.689201718285,305.97430419921875,9600,0.0,0.0
2014-06-20 00:00:00+09:00,308.70617060152875,315.99127197265625,308.70617060152875,315.99127197265625,24700,0.0,0.0
2014-06-23 00:00:00+09:00,323.27636958416844,355.14868771218505,320.544456601767,347.86358642578125,126800,0.0,0.0
2014-06-24 00:00:00+09:00,336.93594726562503,350.5955126953125,330.56148339843753,341.4891357421875,35100,0.0,0.0
2014-06-25 00:00:00+09:00,348.7742480938251,356.0593498816857,336.9359576885517,355.1487121582031,75200,0.0,0.0
2014-06-26 00:00:00+09:00,355.14875198158984,407.9657458660314,353.3274763304022,406.14447021484375,250400,0.0,0.0
2014-06-27 00:00:00+09:00,396.12742801882183,423.4465609856372,364.255106224204,386.11041259765625,164000,0.0,0.0
2014-06-30 00:00:00+09:00,371.54021484375,387.02105712890625,364.25511259191177,387.02105712890625,52700,0.0,0.0
2014-07-01 00:00:00+09:00,383.3784800723554,449.85503362409395,379.73592919280804,416.16143798828125,169800,0.0,0.0
2014-07-02 00:00:00+09:00,438.0167819886953,439.8380575894799,412.51892357771095,425.2678527832031,69800,0.0,0.0
2014-07-03 00:00:00+09:00,428.9104081880679,431.64232161601734,409.7870141924215,413.4295654296875,36800,0.0,0.0
2014-07-04 00:00:00+09:00,417.98269469326596,439.8379989909531,417.98269469326596,438.0167236328125,68500,0.0,0.0
2014-07-07 00:00:00+09:00,439.8380499595453,445.30187666711726,428.9103965444013,440.7486877441406,41500,0.0,0.0
2014-07-08 00:00:00+09:00,440.74869092695553,451.6763444210123,430.7316752240702,445.3018798828125,56300,0.0,0.0
2014-07-09 00:00:00+09:00,437.106082876933,444.3911842582152,397.9486629525411,441.6592712402344,34500,0.0,0.0
2014-07-10 00:00:00+09:00,438.0167322264542,438.0167322264542,406.14441283367694,410.6976013183594,49200,0.0,0.0
2014-07-11 00:00:00+09:00,398.8593309034995,410.697621546754,388.84231574382255,397.0380554199219,27600,0.0,0.0
2014-07-14 00:00:00+09:00,399.7699952667168,408.8763732910156,390.66361724241807,408.8763732910156,12200,0.0,0.0
2014-07-15 00:00:00+09:00,416.1614515516493,416.1614515516493,407.05507405598956,409.7869873046875,11600,0.0,0.0
2014-07-16 00:00:00+09:00,407.96566379796843,417.07204022203024,393.39546151946956,403.4124755859375,10400,0.0,0.0
2014-07-17 00:00:00+09:00,397.03803896637305,416.1614307514506,397.03803896637305,407.0550537109375,21800,0.0,0.0
2014-07-18 00:00:00+09:00,397.94867309294136,410.6976008350493,397.94867309294136,402.5018615722656,25000,0.0,0.0
2014-07-22 00:00:00+09:00,404.3231741306001,411.6082763671875,403.4125363510267,411.6082763671875,21600,0.0,0.0
2014-07-23 00:00:00+09:00,417.98269712007965,428.91034933236926,416.1614217513647,426.1784362792969,31000,0.0,0.0
2014-07-24 00:00:00+09:00,432.552937782958,438.92740212923314,427.99974896419,435.28485107421875,28100,0.0,0.0
2014-07-25 00:00:00+09:00,444.39122178819446,459.872063530816,443.4805840386285,458.96142578125,155000,0.0,0.0
2014-07-28 00:00:00+09:00,471.7102995994954,476.26348781956773,458.9613725832928,468.0677490234375,64000,0.0,0.0
2014-07-29 00:00:00+09:00,474.4422675238715,474.4422675238715,446.21249728732636,450.76568603515625,25300,0.0,0.0
2014-07-30 00:00:00+09:00,443.48055033781094,448.0337387396365,438.01672425562026,446.21246337890625,38000,0.0,0.0
2014-07-31 00:00:00+09:00,445.30185602479065,447.1231315095546,427.9997389195329,429.8210144042969,18500,0.0,0.0
2014-08-01 00:00:00+09:00,386.1103959006825,400.68059951957616,380.64656954359737,396.1274108886719,111100,0.0,0.0
2014-08-04 00:00:00+09:00,388.8423326918658,388.8423326918658,377.9146793141084,387.02105712890625,32000,0.0,0.0
2014-08-05 00:00:00+09:00,379.73592092695026,379.73592092695026,366.9869931260455,374.2720947265625,24600,0.0,0.0
2014-08-06 00:00:00+09:00,367.8976332166814,367.8976332166814,352.41679221498936,354.2380676269531,25900,0.0,0.0
2014-08-07 00:00:00+09:00,354.23807087687703,355.14870859121345,346.04233144784905,350.59552001953125,26600,0.0,0.0
2014-08-08 00:00:00+09:00,346.0423841791905,364.25514124125317,346.0423841791905,357.88067626953125,29400,0.0,0.0
2014-08-11 00:00:00+09:00,360.61256146599266,387.02105712890625,360.61256146599266,387.02105712890625,18100,0.0,0.0
2014-08-12 00:00:00+09:00,384.28909680547423,393.3954735070257,380.6465461248536,388.84228515625,23900,0.0,0.0
2014-08-13 00:00:00+09:00,386.1104237874349,461.69336051940917,366.07639236450194,437.10614013671875,144000,0.0,0.0
2014-08-14 00:00:00+09:00,445.3018798828125,453.4976200033551,437.10613976226995,445.3018798828125,61300,0.0,0.0
2014-08-15 00:00:00+09:00,454.4082235511081,466.2465139442231,448.9443972158242,457.14013671875,88500,0.0,0.0
2014-08-18 00:00:00+09:00,455.3188612736554,462.6039630540339,455.3188612736554,457.14013671875,20600,0.0,0.0
2014-08-19 00:00:00+09:00,455.3188747829861,460.78270128038196,451.67632378472223,458.96142578125,19000,0.0,0.0
2014-08-20 00:00:00+09:00,454.40826416015625,457.14017757194074,451.67635074837176,454.40826416015625,11800,0.0,0.0
2014-08-21 00:00:00+09:00,457.140087725346,491.7443174734798,444.3911609760336,470.7996520996094,56600,0.0,0.0
2014-08-22 00:00:00+09:00,472.620966192123,496.29754638671875,466.246502293578,496.29754638671875,62000,0.0,0.0
2014-08-25 00:00:00+09:00,509.04653881282866,569.1486346297279,509.04653881282866,562.774169921875,166400,0.0,0.0
2014-08-26 00:00:00+09:00,599.1995780863537,599.1995780863537,555.4889705663766,598.2889404296875,120700,0.0,0.0
2014-08-27 00:00:00+09:00,591.0038994683159,591.0038994683159,544.5613742404514,549.1145629882812,54900,0.0,0.0
2014-08-28 00:00:00+09:00,540.9188100345799,569.1485795818392,532.7230704886015,555.489013671875,42400,0.0,0.0
2014-08-29 00:00:00+09:00,546.3826497395834,559.131578233507,532.7230834960938,557.310302734375,23500,0.0,0.0
2014-09-01 00:00:00+09:00,566.4166802300347,591.0038994683159,555.489027235243,590.09326171875,64400,0.0,0.0
2014-09-02 00:00:00+09:00,591.00392804827,591.00392804827,555.4890540977577,560.952880859375,39000,0.0,0.0
2014-09-03 00:00:00+09:00,553.6676987037781,572.7910896129547,547.2932350673859,566.4166259765625,55600,0.0,0.0
2014-09-04 00:00:00+09:00,539.0975750079584,555.4890553291464,528.1699214604997,536.3656616210938,35100,0.0,0.0
2014-09-05 00:00:00+09:00,533.6337144407507,538.1869031305182,523.6166993232622,531.8124389648438,39400,0.0,0.0
2014-09-08 00:00:00+09:00,513.5996377240847,530.9017531793287,513.5996377240847,525.4379272460938,45300,0.0,0.0
2014-09-09 00:00:00+09:00,534.5443927312301,540.0082195734574,532.7231171171544,537.2763061523438,12000,0.0,0.0
2014-09-10 00:00:00+09:00,538.1868850992333,628.3400181361608,538.1868850992333,586.45068359375,361300,0.0,0.0
2014-09-11 00:00:00+09:00,586.45067046791,610.1272503315213,577.3442935972903,592.8251342773438,75300,0.0,0.0
2014-09-12 00:00:00+09:00,585.5400455024298,591.0038717435101,555.4890011764887,578.2549438476562,62400,0.0,0.0
2014-09-16 00:00:00+09:00,565.5060007831838,565.5060007831838,548.2038848171927,551.846435546875,29300,0.0,0.0
2014-09-17 00:00:00+09:00,550.9359315844371,561.8635864257812,547.2933799706556,561.8635864257812,24500,0.0,0.0
2014-09-18 00:00:00+09:00,558.2209404839409,574.6124199761284,558.2209404839409,573.7017822265625,25600,0.0,0.0
2014-09-19 00:00:00+09:00,564.5953594501202,591.9144897460938,564.5953594501202,591.9144897460938,57800,0.0,0.0
2014-09-22 00:00:00+09:00,582.8081002663622,598.2889404296875,582.8081002663622,598.2889404296875,37000,0.0,0.0
2014-09-24 00:00:00+09:00,599.1996054598856,603.7527939512221,592.8251415720144,601.9315185546875,65400,0.0,0.0
2014-09-25 00:00:00+09:00,604.6634109636209,611.948512300532,598.2889472938236,599.1995849609375,69200,0.0,0.0
2014-09-26 00:00:00+09:00,596.4675973983301,637.4462872959252,592.8250471852106,629.2505493164062,87700,0.0,0.0
2014-09-29 00:00:00+09:00,625.6081682093003,630.1613572064568,617.4124280144187,619.2337036132812,24600,0.0,0.0
2014-09-30 00:00:00+09:00,610.1273059989686,619.2336837004457,587.3613617452758,600.1102905273438,26600,0.0,0.0
2014-10-01 00:00:00+09:00,581.8975565852448,588.2720212113743,567.3273517255204,570.0592651367188,40900,0.0,0.0
2014-10-02 00:00:00+09:00,554.5783688354493,557.3102819824219,546.3826293945312,546.3826293945312,40500,0.0,0.0
2014-10-03 00:00:00+09:00,529.9911036885408,544.5613058517996,529.9911036885408,540.0081176757812,36500,0.0,0.0
2014-10-06 00:00:00+09:00,549.1145230921303,561.8634506597751,543.6506969917111,560.0421752929688,32200,0.0,0.0
2014-10-07 00:00:00+09:00,560.0422430657721,565.5060698273894,558.2209674785663,560.952880859375,27500,0.0,0.0
2014-10-08 00:00:00+09:00,550.935797252048,550.935797252048,543.6506958007812,543.6506958007812,16300,0.0,0.0
2014-10-09 00:00:00+09:00,544.5614091410283,554.5784250282379,525.4380151745374,529.08056640625,21100,0.0,0.0
2014-10-10 00:00:00+09:00,515.4210046386719,517.2422802734375,499.940161743164,500.8507995605469,44500,0.0,0.0
2014-10-14 00:00:00+09:00,494.47626680708197,509.04646988058715,483.5486145019531,483.5486145019531,27000,0.0,0.0
2014-10-15 00:00:00+09:00,481.727294921875,481.727294921875,481.727294921875,481.727294921875,26500,0.0,0.0
2014-10-16 00:00:00+09:00,474.4422025994129,478.08475309921647,467.1571015998058,470.7996520996094,14100,0.0,0.0
2014-10-17 00:00:00+09:00,471.7103118329243,493.56561585607136,471.7103118329243,489.9230651855469,16700,0.0,0.0
2014-10-20 00:00:00+09:00,500.8506705417876,500.8506705417876,490.8336571309519,499.9400329589844,14600,0.0,0.0
2014-10-21 00:00:00+09:00,509.0464811779204,509.0464811779204,497.20819091796875,497.20819091796875,4700,0.0,0.0
2014-10-22 00:00:00+09:00,500.8508195928811,503.5827331542969,499.02954388527064,503.5827331542969,7600,0.0,0.0
2014-10-23 00:00:00+09:00,508.1359425277161,508.1359425277161,500.85083940903917,506.3146667480469,9400,0.0,0.0
2014-10-24 00:00:00+09:00,509.95713304715105,524.5273368484982,509.95713304715105,515.4209594726562,13100,0.0,0.0
2014-10-27 00:00:00+09:00,524.5273369565218,527.259250169837,520.8847860054348,523.61669921875,18100,0.0,0.0
2014-10-28 00:00:00+09:00,515.4209053268298,518.1528182525904,514.5102676849096,516.33154296875,3000,0.0,0.0
2014-10-29 00:00:00+09:00,519.0634279945604,519.0634279945604,508.1357768788854,512.68896484375,7100,0.0,0.0
2014-10-30 00:00:00+09:00,506.3145992911284,506.3145992911284,488.1018439209439,489.0124816894531,11800,0.0,0.0
2014-10-31 00:00:00+09:00,481.7272866826709,512.68896484375,481.7272866826709,512.68896484375,22900,0.0,0.0
2014-11-04 00:00:00+09:00,512.6891116923492,512.6891116923492,500.8508195928811,503.5827331542969,12900,0.0,0.0
2014-11-05 00:00:00+09:00,509.0465258285002,510.86780141285976,500.85078569888213,507.2252502441406,8800,0.0,0.0
2014-11-06 00:00:00+09:00,508.1358438027872,509.9571192286036,505.4039306640625,505.4039306640625,6300,0.0,0.0
2014-11-07 00:00:00+09:00,503.5827130126953,503.5827130126953,497.2082482910156,500.8507995605469,8800,0.0,0.0
2014-11-10 00:00:00+09:00,500.8507417671846,502.6720171917926,491.7443646441449,497.20819091796875,8200,0.0,0.0
2014-11-11 00:00:00+09:00,500.85072171860844,505.40391009786856,492.6549826359403,502.6719970703125,4400,0.0,0.0
2014-11-12 00:00:00+09:00,502.672010731611,509.0464746358162,499.02945992920803,504.4932861328125,22200,0.0,0.0
2014-11-13 00:00:00+09:00,502.6720612832417,508.1358880363204,480.8167542709268,507.2252502441406,14000,0.0,0.0
2014-11-14 00:00:00+09:00,509.9570854064177,511.77836071144065,503.5826218388375,509.04644775390625,15600,0.0,0.0
2014-11-17 00:00:00+09:00,509.0465399169922,515.4210046386719,499.02952392578123,500.8507995605469,18800,0.0,0.0
2014-11-18 00:00:00+09:00,509.95707556022023,511.7783508300781,499.9400615760016,511.7783508300781,24300,0.0,0.0
2014-11-19 00:00:00+09:00,511.7784356373942,512.6890734232259,509.9571600657308,510.8677978515625,16500,0.0,0.0
2014-11-20 00:00:00+09:00,512.6891003093888,515.4210138101494,509.9571868086283,514.5103759765625,28100,0.0,0.0
2014-11-21 00:00:00+09:00,519.0634778081154,543.6506951779736,519.0634778081154,535.4549560546875,28900,0.0,0.0
2014-11-25 00:00:00+09:00,545.472064405872,571.8805616809475,544.5614265688004,564.595458984375,76400,0.0,0.0
2014-11-26 00:00:00+09:00,572.7911028606136,572.7911028606136,550.9357984589367,560.0421752929688,12300,0.0,0.0
2014-11-27 00:00:00+09:00,553.6677653667355,563.6847808585679,546.3826631908574,550.9358520507812,12300,0.0,0.0
2014-11-28 00:00:00+09:00,550.0252535912298,564.595458984375,549.1146157541582,564.595458984375,14400,0.0,0.0
2014-12-01 00:00:00+09:00,570.0592860068044,570.0592860068044,560.0422697990172,564.595458984375,10500,0.0,0.0
2014-12-02 00:00:00+09:00,567.3273315429688,582.8081736556983,565.5060560002947,567.3273315429688,46900,0.0,0.0
2014-12-03 00:00:00+09:00,573.7017688122424,581.897508366703,567.3273047143286,580.0762329101562,10800,0.0,0.0
2014-12-04 00:00:00+09:00,572.791124355868,587.3613278370983,565.5060226152527,579.1655883789062,22600,0.0,0.0
2014-12-05 00:00:00+09:00,579.1655622746395,591.9144897460938,569.1485478327825,591.9144897460938,28200,0.0,0.0
2014-12-08 00:00:00+09:00,596.4678056428963,611.9486494534754,596.4678056428963,609.2167358398438,23300,0.0,0.0
2014-12-09 00:00:00+09:00,605.574062463009,605.574062463009,583.7187579530658,601.0208740234375,18900,0.0,0.0
2014-12-10 00:00:00+09:00,597.3783435850302,603.7528076171875,583.7187778018359,603.7528076171875,38200,0.0,0.0
2014-12-11 00:00:00+09:00,593.7357792702818,604.6634316494894,591.9145038737472,601.9315185546875,9100,0.0,0.0
2014-12-12 00:00:00+09:00,609.2166409768818,613.7698296239437,601.0209014121704,612.8591918945312,20300,0.0,0.0
2014-12-15 00:00:00+09:00,614.680520762568,672.9613405089448,610.1273317198822,628.340087890625,47300,0.0,0.0
2014-12-16 00:00:00+09:00,626.5188064688897,626.5188064688897,601.020948066086,611.0379638671875,29300,0.0,0.0
2014-12-17 00:00:00+09:00,621.9656170115751,621.9656170115751,588.2720184326172,619.2337036132812,26400,0.0,0.0
2014-12-18 00:00:00+09:00,619.2335746214562,622.8761250604059,608.305923304607,618.3229370117188,13300,0.0,0.0
2014-12-19 00:00:00+09:00,623.7868116639501,633.8038261578238,603.7527826762027,632.8931884765625,30700,0.0,0.0
2014-12-22 00:00:00+09:00,637.4464246961805,637.4464246961805,614.6804809570312,614.6804809570312,34600,0.0,0.0
2014-12-24 00:00:00+09:00,621.965582953559,625.6081339518229,614.6804809570312,622.876220703125,28900,0.0,0.0
2014-12-25 00:00:00+09:00,628.3400744061138,628.3400744061138,621.0549720941588,626.518798828125,24000,0.0,0.0
2014-12-26 00:00:00+09:00,629.2507051489819,633.8038940429688,628.3400673701846,633.8038940429688,13400,0.0,0.0
2014-12-29 00:00:00+09:00,636.5357734026228,637.4464111328125,621.0549319893973,637.4464111328125,15900,0.0,0.0
2014-12-30 00:00:00+09:00,637.446438182484,641.0889892578125,625.6081471876664,641.0889892578125,14700,0.0,0.0
2015-01-05 00:00:00+09:00,641.0889957545518,650.1953735351562,633.8038935300682,650.1953735351562,28200,0.0,0.0
2015-01-06 00:00:00+09:00,637.4464246961805,648.3740776909722,632.8932359483507,647.4634399414062,21400,0.0,0.0
2015-01-07 00:00:00+09:00,646.5527756263469,668.4080807179419,646.5527756263469,660.2123413085938,23800,0.0,0.0
2015-01-08 00:00:00+09:00,656.5697836691503,659.3016967773438,650.1953197500324,659.3016967773438,7500,0.0,0.0
2015-01-09 00:00:00+09:00,666.5869140625,671.1401033662056,662.9443626195355,666.5869140625,23700,0.0,0.0
2015-01-13 00:00:00+09:00,672.0506392399153,688.442118245767,668.4080883497261,685.710205078125,46100,0.0,0.0
2015-01-14 00:00:00+09:00,686.6207737056276,705.7441639547233,671.1399339801691,676.603759765625,88700,0.0,0.0
2015-01-15 00:00:00+09:00,666.5867661381535,691.1739829219379,656.569751892908,679.335693359375,52000,0.0,0.0
2015-01-16 00:00:00+09:00,674.7825322265626,682.978271484375,662.9442421875,682.978271484375,15700,0.0,0.0
2015-01-19 00:00:00+09:00,682.978271484375,682.978271484375,673.8718945312501,682.978271484375,12400,0.0,0.0
2015-01-20 00:00:00+09:00,682.9782571134451,682.9782571134451,663.8548659142687,672.9612426757812,12700,0.0,0.0
2015-01-21 00:00:00+09:00,669.3187731317414,669.3187731317414,649.2847418271178,667.4974975585938,14800,0.0,0.0
2015-01-22 00:00:00+09:00,667.4975195105893,667.4975195105893,623.7869043175357,645.6422119140625,35200,0.0,0.0
2015-01-23 00:00:00+09:00,626.5187576477787,643.8208745014236,588.2719730239317,604.6634521484375,55300,0.0,0.0
2015-01-26 00:00:00+09:00,604.6634172175482,604.6634172175482,585.5400260103667,591.9144897460938,44100,0.0,0.0
2015-01-27 00:00:00+09:00,584.6294152496058,598.2889810264658,584.6294152496058,595.5570678710938,24100,0.0,0.0
2015-01-28 00:00:00+09:00,599.1997238086863,601.0209995649437,570.0593117085677,576.4337768554688,59700,0.0,0.0
2015-01-29 00:00:00+09:00,564.5954383143221,576.4337297628482,564.5954383143221,570.0592651367188,29700,0.0,0.0
2015-01-30 00:00:00+09:00,570.059197265625,574.6123857421875,545.4719794921875,569.1485595703125,42600,0.0,0.0
2015-02-02 00:00:00+09:00,560.0422228882644,580.9868913865247,546.3826564763556,550.0252075195312,44900,0.0,0.0
2015-02-03 00:00:00+09:00,547.2932802881032,547.2932802881032,510.8677707847352,515.4209594726562,57000,0.0,0.0
2015-02-04 00:00:00+09:00,524.5272606382979,532.7229990857713,513.599609375,513.599609375,41200,0.0,0.0
2015-02-05 00:00:00+09:00,509.95716362068,511.77843920503955,501.7614234910619,507.2252502441406,52500,0.0,0.0
2015-02-06 00:00:00+09:00,512.6890060344354,519.0634696973857,505.4039047053493,518.15283203125,36400,0.0,0.0
2015-02-09 00:00:00+09:00,519.9741750661161,531.8124662672711,519.9741750661161,527.25927734375,58700,0.0,0.0
2015-02-10 00:00:00+09:00,524.5272535523978,524.5272535523978,510.86768965780414,512.68896484375,36400,0.0,0.0
2015-02-12 00:00:00+09:00,527.2592042041426,541.8294067382812,523.6166535706079,541.8294067382812,45500,0.0,0.0
2015-02-13 00:00:00+09:00,533.6337280273438,540.0081923553155,529.9911769827885,533.6337280273438,25100,0.0,0.0
2015-02-16 00:00:00+09:00,534.5443864493534,535.4550242456896,528.169921875,528.169921875,12300,0.0,0.0
2015-02-17 00:00:00+09:00,528.1699014605109,541.8294678775931,528.1699014605109,533.6337280273438,26900,0.0,0.0
2015-02-18 00:00:00+09:00,533.6337144407507,540.9188163443787,528.1698880130298,531.8124389648438,18600,0.0,0.0
2015-02-19 00:00:00+09:00,531.8124590368078,544.5613878493341,531.8124590368078,542.7401123046875,17900,0.0,0.0
2015-02-20 00:00:00+09:00,544.561279296875,544.561279296875,537.2761785704954,544.561279296875,13900,0.0,0.0
2015-02-23 00:00:00+09:00,545.4720050341463,545.4720050341463,530.9018012268903,531.8124389648438,16100,0.0,0.0
2015-02-24 00:00:00+09:00,532.7230627249672,534.5443381530869,519.0634970140707,521.79541015625,29600,0.0,0.0
2015-02-25 00:00:00+09:00,519.9741481605772,524.5273368484982,512.6890462599036,515.4209594726562,60400,0.0,0.0
2015-02-26 00:00:00+09:00,510.8677230589292,515.4209113214865,507.22517244888337,509.04644775390625,34000,0.0,0.0
2015-02-27 00:00:00+09:00,518.1529001382158,518.1529001382158,507.22524670823583,510.8677978515625,34100,0.0,0.0
2015-03-02 00:00:00+09:00,509.95711233641697,514.5103008394207,503.5826484322117,504.4932861328125,41200,0.0,0.0
2015-03-03 00:00:00+09:00,496.2974740844047,497.2081116515321,489.01237354738595,490.8336486816406,68900,0.0,0.0
2015-03-04 00:00:00+09:00,482.6379412239709,482.6379412239709,468.0677392247567,470.7996520996094,63100,0.0,0.0
2015-03-05 00:00:00+09:00,467.1571621031273,468.0677998460184,460.7826979028897,462.6039733886719,52100,0.0,0.0
2015-03-06 00:00:00+09:00,461.69330886930055,470.79968577007566,460.78267117922303,467.1571350097656,38000,0.0,0.0
2015-03-09 00:00:00+09:00,467.1571333143446,468.0677710011172,438.92736502439396,442.5699157714844,108200,0.0,0.0
2015-03-10 00:00:00+09:00,437.1060401429521,437.1060401429521,426.1783891393783,427.9996643066406,81600,0.0,0.0
2015-03-11 00:00:00+09:00,413.42950925687074,436.1954513965662,412.5188715712829,434.3741760253906,71400,0.0,0.0
2015-03-12 00:00:00+09:00,441.6593182133693,480.81674230238974,438.01676713532095,464.4252624511719,136100,0.0,0.0
2015-03-13 00:00:00+09:00,466.2464859437751,468.97839894735193,450.76564559017316,453.49755859375,43700,0.0,0.0
2015-03-16 00:00:00+09:00,459.87211044520546,468.978488869863,457.1401969178082,465.3359375,43100,0.0,0.0
2015-03-17 00:00:00+09:00,468.97836840220344,508.135785569766,468.97836840220344,481.727294921875,138000,0.0,0.0
2015-03-18 00:00:00+09:00,478.08480209969946,502.6720204933983,468.97842491684804,493.5656433105469,87800,0.0,0.0
2015-03-19 00:00:00+09:00,496.29758383752693,497.20822160603615,479.9061040043609,489.0124816894531,60200,0.0,0.0
2015-03-20 00:00:00+09:00,487.1911760826251,498.11882863027273,482.6379875211052,497.20819091796875,21700,0.0,0.0
2015-03-23 00:00:00+09:00,500.8508195928811,504.4933710081021,495.3869924700497,503.5827331542969,22500,0.0,0.0
2015-03-24 00:00:00+09:00,504.49327872781197,504.49327872781197,489.01243804482857,495.38690185546875,35900,0.0,0.0
2015-03-25 00:00:00+09:00,499.94012798480134,499.94012798480134,485.3699238905266,488.1018371582031,29500,0.0,0.0
2015-03-26 00:00:00+09:00,488.1018233816964,488.1018233816964,478.0848083496094,478.0848083496094,20700,0.0,0.0
2015-03-27 00:00:00+09:00,464.4252522786458,475.3529052734375,458.050788031684,458.96142578125,61800,0.0,0.0
2015-03-30 00:00:00+09:00,462.6039838536319,462.6039838536319,442.56995305682113,443.4805908203125,24200,0.0,0.0
2015-03-31 00:00:00+09:00,447.1231785856742,453.49764345349445,437.1061623648139,452.5870056152344,49900,0.0,0.0
2015-04-01 00:00:00+09:00,452.5869786260578,452.5869786260578,445.301876354411,448.9444274902344,8700,0.0,0.0
2015-04-02 00:00:00+09:00,443.4805874646452,448.9444140042507,437.1061231684388,438.9273986816406,35100,0.0,0.0
2015-04-03 00:00:00+09:00,437.10610280206157,438.0167405162325,427.99972566035194,436.1954650878906,17300,0.0,0.0
2015-04-06 00:00:00+09:00,440.74866033663415,441.6592980646024,425.2678189611739,428.9103698730469,38800,0.0,0.0
2015-04-07 00:00:00+09:00,431.6422830569516,434.3741962408564,427.9997321450786,428.9103698730469,27500,0.0,0.0
2015-04-08 00:00:00+09:00,427.9996643066406,432.55285222479637,419.80392605396025,427.9996643066406,52500,0.0,0.0
2015-04-09 00:00:00+09:00,423.44661144149484,423.44661144149484,415.25087057488525,421.6253356933594,51900,0.0,0.0
2015-04-10 00:00:00+09:00,418.8933511479417,420.7146265877154,414.3401625485076,416.16143798828125,43000,0.0,0.0
2015-04-13 00:00:00+09:00,410.69765200173805,417.0721166669535,409.7870141924215,413.4295654296875,52800,0.0,0.0
2015-04-14 00:00:00+09:00,413.42950979476115,444.39119114502955,413.42950979476115,442.5699157714844,127100,0.0,0.0
2015-04-15 00:00:00+09:00,440.7486877441406,442.5699633133313,432.55294768278264,440.7486877441406,88900,0.0,0.0
2015-04-16 00:00:00+09:00,437.106082876933,446.21245960353576,433.4635321862919,441.6592712402344,60800,0.0,0.0
2015-04-17 00:00:00+09:00,443.48059375239353,464.4252624511719,438.92740490483305,464.4252624511719,85200,0.0,0.0
2015-04-20 00:00:00+09:00,472.62095967461084,499.94009029164033,466.2464958639706,495.38690185546875,271400,0.0,0.0
2015-04-21 00:00:00+09:00,509.95715425214695,512.6890675784977,473.5316432341364,477.1741943359375,230500,0.0,0.0
2015-04-22 00:00:00+09:00,473.5316162109375,488.10181978665867,464.42523897611176,473.5316162109375,96700,0.0,0.0
2015-04-23 00:00:00+09:00,478.08481852213544,480.8167317708333,453.4975992838542,458.96142578125,86900,0.0,0.0
2015-04-24 00:00:00+09:00,464.42522193953306,468.06777269984315,459.8720334891455,467.1571350097656,29800,0.0,0.0
2015-04-27 00:00:00+09:00,476.2634778493147,476.2634778493147,468.97837684970756,470.7996520996094,24700,0.0,0.0
2015-04-28 00:00:00+09:00,471.71035772597156,471.71035772597156,463.5146179199219,463.5146179199219,18200,0.0,0.0
2015-04-30 00:00:00+09:00,461.6933214156354,462.60395913045915,441.65929168951317,444.3912048339844,49700,0.0,0.0
2015-05-01 00:00:00+09:00,439.8380261589499,440.74866389426865,431.64228654108126,433.46356201171875,32700,0.0,0.0
2015-05-07 00:00:00+09:00,436.19545457126225,436.19545457126225,427.08907764910646,430.73162841796875,24600,0.0,0.0
2015-05-08 00:00:00+09:00,428.9103965444013,440.7486877441406,428.9103965444013,440.7486877441406,22500,0.0,0.0
2015-05-11 00:00:00+09:00,442.5699089128947,446.21245960353576,441.6592712402344,441.6592712402344,17900,0.0,0.0
2015-05-12 00:00:00+09:00,445.30188026428226,448.0337936401367,433.46358896891275,437.10614013671875,35300,0.0,0.0
2015-05-13 00:00:00+09:00,433.46355194537773,446.2124799437712,433.46355194537773,436.1954650878906,52100,0.0,0.0
2015-05-14 00:00:00+09:00,437.1060896508488,443.48055345825696,437.1060896508488,442.5699157714844,21800,0.0,0.0
2015-05-15 00:00:00+09:00,442.56991202816397,444.3911873863046,424.35715844675804,438.0167236328125,67200,0.0,0.0
2015-05-18 00:00:00+09:00,445.30186291479043,447.1231384277344,441.6593118889026,447.1231384277344,32200,0.0,0.0
2015-05-19 00:00:00+09:00,448.03371606445313,455.3188171386719,442.5698902587891,455.3188171386719,54800,0.0,0.0
2015-05-20 00:00:00+09:00,461.69332533148656,461.69332533148656,457.14013671875,457.14013671875,37800,0.0,0.0
2015-05-21 00:00:00+09:00,456.2295539669874,457.14019179925685,447.12317564429304,448.0338134765625,32700,0.0,0.0
2015-05-22 00:00:00+09:00,450.76568603515625,451.67632378472223,446.21249728732636,450.76568603515625,25800,0.0,0.0
2015-05-25 00:00:00+09:00,453.49760272303814,453.49760272303814,446.21250067126243,447.1231384277344,31200,0.0,0.0
2015-05-26 00:00:00+09:00,445.30180804329626,445.30180804329626,438.0167068892137,439.8379821777344,33500,0.0,0.0
2015-05-27 00:00:00+09:00,441.65929168951317,444.3912048339844,441.65929168951317,444.3912048339844,13900,0.0,0.0
2015-05-28 00:00:00+09:00,446.2125144517126,448.03379002090327,438.92741217494995,440.7486877441406,47600,0.0,0.0
2015-05-29 00:00:00+09:00,440.7486198219947,440.7486198219947,438.0167068892137,439.8379821777344,8900,0.0,0.0
2015-06-01 00:00:00+09:00,438.92735889759143,450.7656486603895,438.92735889759143,449.8550109863281,28500,0.0,0.0
2015-06-02 00:00:00+09:00,454.4082570574458,464.42527274408286,451.6763436883629,461.693359375,90700,0.0,0.0
2015-06-03 00:00:00+09:00,460.7827113731235,464.4252624511719,457.1401602950751,464.4252624511719,40000,0.0,0.0
2015-06-04 00:00:00+09:00,466.24651785714286,492.6550120326451,464.4252423967634,478.0848083496094,101800,0.0,0.0
2015-06-05 00:00:00+09:00,478.99540075161116,480.81667603964013,464.42519844737967,468.0677490234375,68200,0.0,0.0
2015-06-08 00:00:00+09:00,465.3359375,468.978488869863,458.9614726027397,465.3359375,39600,0.0,0.0
2015-06-09 00:00:00+09:00,464.4252384991285,464.4252384991285,457.14013671875,457.14013671875,40900,0.0,0.0
2015-06-10 00:00:00+09:00,456.2295297618812,457.1401675458371,448.0337897062785,448.9444274902344,34600,0.0,0.0
2015-06-11 00:00:00+09:00,450.76568603515625,452.5869615342882,448.9444105360243,450.76568603515625,11200,0.0,0.0
2015-06-12 00:00:00+09:00,453.4975925695825,458.96141898608346,450.765679361332,458.05078125,25100,0.0,0.0
2015-06-15 00:00:00+09:00,460.78272158530575,463.51463495438855,453.4976192677515,461.693359375,32100,0.0,0.0
2015-06-16 00:00:00+09:00,458.0508153758689,459.8720909837253,449.8550751405154,454.40826416015625,38000,0.0,0.0
2015-06-17 00:00:00+09:00,459.87204373457064,473.53160939005295,458.9614060242052,472.6209716796875,73400,0.0,0.0
2015-06-18 00:00:00+09:00,474.4422125315388,476.26348781956773,467.15711137942304,468.0677490234375,28600,0.0,0.0
2015-06-19 00:00:00+09:00,468.97843758890946,468.97843758890946,455.31887144554315,462.6039733886719,22300,0.0,0.0
2015-06-22 00:00:00+09:00,462.60397005081177,466.24652099609375,457.1401436328888,466.24652099609375,19400,0.0,0.0
2015-06-23 00:00:00+09:00,468.06778312786,473.53160939005295,463.5145945760326,472.6209716796875,65700,0.0,0.0
2015-06-24 00:00:00+09:00,473.53160939005295,474.44224710041846,464.4252322863981,472.6209716796875,68900,0.0,0.0
2015-06-25 00:00:00+09:00,472.6209228172731,490.83367514163814,470.7996475848366,486.2804870605469,121000,0.0,0.0
2015-06-26 00:00:00+09:00,479.9060411717667,497.2081565081302,479.9060411717667,492.65496826171875,81500,0.0,0.0
2015-06-29 00:00:00+09:00,472.6209954821993,478.08482201956576,457.1401536263277,463.5146179199219,96400,0.0,0.0
2015-06-30 00:00:00+09:00,463.5146618150685,470.79976455479454,461.69338613013696,465.3359375,29600,0.0,0.0
2015-07-01 00:00:00+09:00,469.88905854859104,472.6209716796875,467.1571454174946,472.6209716796875,14500,0.0,0.0
2015-07-02 00:00:00+09:00,477.1741602315149,487.19117504553526,470.7996962589565,472.6209716796875,28800,0.0,0.0
2015-07-03 00:00:00+09:00,470.799668869463,473.53158184162623,466.24648058252427,468.9783935546875,37100,0.0,0.0
2015-07-06 00:00:00+09:00,468.97843408300196,468.97843408300196,455.31886804174945,458.05078125,32000,0.0,0.0
2015-07-07 00:00:00+09:00,457.1401637382658,463.5146281728632,457.1401637382658,460.78271484375,16400,0.0,0.0
2015-07-08 00:00:00+09:00,461.69330074912625,461.69330074912625,435.2848082013458,449.8550109863281,64700,0.0,0.0
2015-07-09 00:00:00+09:00,421.6252844965189,443.4805908203125,413.42954462509624,443.4805908203125,58900,0.0,0.0
2015-07-10 00:00:00+09:00,443.4805909480011,443.4805909480011,433.4635755467116,435.28485107421875,17400,0.0,0.0
2015-07-13 00:00:00+09:00,437.1061366057593,440.7486877441406,419.804018698448,440.7486877441406,36700,0.0,0.0
2015-07-14 00:00:00+09:00,441.65932552873596,445.30187666711726,437.1061366057593,440.7486877441406,23000,0.0,0.0
2015-07-15 00:00:00+09:00,438.0167236328125,440.74863667002336,435.2848105956016,438.0167236328125,15500,0.0,0.0
2015-07-16 00:00:00+09:00,440.748710818407,448.9444513088319,438.92743515386815,448.0338134765625,14900,0.0,0.0
2015-07-17 00:00:00+09:00,448.0337387396365,448.0337387396365,442.5699126574458,446.21246337890625,7100,0.0,0.0
2015-07-21 00:00:00+09:00,448.9444105360243,452.5869615342882,446.21249728732636,450.76568603515625,12100,0.0,0.0
2015-07-22 00:00:00+09:00,453.4975992838542,453.4975992838542,447.12313503689234,450.76568603515625,10500,0.0,0.0
2015-07-23 00:00:00+09:00,450.76564796683715,450.76564796683715,439.83799589491383,441.6592712402344,20500,0.0,0.0
2015-07-24 00:00:00+09:00,440.74867078993054,450.76568603515625,438.9273952907986,450.76568603515625,19000,0.0,0.0
2015-07-27 00:00:00+09:00,450.7656929282437,450.7656929282437,443.4805908203125,443.4805908203125,26300,0.0,0.0
2015-07-28 00:00:00+09:00,440.7486403979392,442.5699157714844,439.83800271116655,442.5699157714844,5300,0.0,0.0
2015-07-29 00:00:00+09:00,442.5699089128947,444.3911842582152,440.7486335675741,441.6592712402344,12400,0.0,0.0
2015-07-30 00:00:00+09:00,441.65932552873596,446.2125144517126,440.7486877441406,440.7486877441406,7400,0.0,0.0
2015-07-31 00:00:00+09:00,444.3912251583185,447.1231384277344,442.56994964537455,447.1231384277344,7500,0.0,0.0
2015-08-03 00:00:00+09:00,487.19116800079934,514.510298916732,458.0507616904712,471.7103271484375,278700,0.0,0.0
2015-08-04 00:00:00+09:00,480.81669773348386,483.54861078878776,472.6209585675722,478.99542236328125,104300,0.0,0.0
2015-08-05 00:00:00+09:00,474.44223706475617,485.36988935799434,469.88904860924026,475.3528747558594,38900,0.0,0.0
2015-08-06 00:00:00+09:00,478.0848559640334,478.99549378491724,470.7997533969624,476.2635803222656,12700,0.0,0.0
2015-08-07 00:00:00+09:00,475.3528949826263,475.3528949826263,468.97843087366385,469.8890686035156,20300,0.0,0.0
2015-08-10 00:00:00+09:00,469.88902431146647,469.88902431146647,464.42519844737967,468.0677490234375,19400,0.0,0.0
2015-08-11 00:00:00+09:00,469.8890686035156,473.5316195229227,458.96141584529437,469.8890686035156,34900,0.0,0.0
2015-08-12 00:00:00+09:00,464.42524552345276,469.88907194137573,464.42524552345276,466.24652099609375,28300,0.0,0.0
2015-08-13 00:00:00+09:00,464.4252886507753,477.1742181431495,463.5146508298914,476.2635803222656,33000,0.0,0.0
2015-08-14 00:00:00+09:00,479.9060664232173,480.81670412041507,471.7103271484375,471.7103271484375,25500,0.0,0.0
2015-08-17 00:00:00+09:00,482.63804506845275,484.4593207102205,474.4423046804979,476.2635803222656,43100,0.0,0.0
2015-08-18 00:00:00+09:00,479.9061279296875,480.81676574359585,470.79974979060427,479.9061279296875,22100,0.0,0.0
2015-08-19 00:00:00+09:00,479.90608380998884,487.1911856515067,474.44225742885044,478.0848083496094,55200,0.0,0.0
2015-08-20 00:00:00+09:00,475.35291878503693,483.54865876408934,475.35291878503693,477.1741943359375,33600,0.0,0.0
2015-08-21 00:00:00+09:00,465.335900220684,472.6210023767808,459.8720736036114,464.4252624511719,51800,0.0,0.0
2015-08-24 00:00:00+09:00,455.3188427939105,469.8890457633156,427.99971222627585,434.3741760253906,85800,0.0,0.0
2015-08-25 00:00:00+09:00,438.92741572062175,443.48060468037926,397.94871508280437,437.10614013671875,84100,0.0,0.0
2015-08-26 00:00:00+09:00,429.82098149565076,441.6592712402344,424.3571554596891,441.6592712402344,14500,0.0,0.0
2015-08-27 00:00:00+09:00,438.92735590800703,455.31883392946787,438.92735590800703,453.49755859375,18300,0.0,0.0
2015-08-28 00:00:00+09:00,458.0507980645872,465.335900220684,455.31888475605086,464.4252624511719,34000,0.0,0.0
2015-08-31 00:00:00+09:00,458.96142913878316,470.7997199697438,455.3188781138722,463.5146179199219,28400,0.0,0.0
2015-09-01 00:00:00+09:00,466.2465243602362,471.7103508175827,460.7826979028897,462.6039733886719,39900,0.0,0.0
2015-09-02 00:00:00+09:00,456.2294832426926,475.3528747558594,456.2294832426926,475.3528747558594,29600,0.0,0.0
2015-09-03 00:00:00+09:00,475.352934773763,498.11887992576317,475.352934773763,491.7444152832031,59900,0.0,0.0
2015-09-04 00:00:00+09:00,499.02945806437015,499.02945806437015,463.5145878736577,471.7103271484375,51600,0.0,0.0
2015-09-07 00:00:00+09:00,471.71034076397234,476.2635293813852,454.4082240178035,473.5316162109375,28700,0.0,0.0
2015-09-08 00:00:00+09:00,472.6210059365736,478.995470371171,459.872077067379,460.78271484375,26400,0.0,0.0
2015-09-09 00:00:00+09:00,469.88905854859104,476.2635225211494,468.06778312786,472.6209716796875,9100,0.0,0.0
2015-09-10 00:00:00+09:00,473.5316432341364,477.1741943359375,465.3359032550841,477.1741943359375,21000,0.0,0.0
2015-09-11 00:00:00+09:00,478.0847982926802,480.81671142578125,463.5145949161414,480.81671142578125,20000,0.0,0.0
2015-09-14 00:00:00+09:00,474.44224024003074,480.81670412041507,471.7103271484375,471.7103271484375,20100,0.0,0.0
2015-09-15 00:00:00+09:00,469.88904661290786,498.11881491717173,469.88904661290786,495.38690185546875,68500,0.0,0.0
2015-09-16 00:00:00+09:00,496.2976208116716,509.957188356947,492.6550694662649,498.118896484375,76400,0.0,0.0
2015-09-17 00:00:00+09:00,495.3868632227294,495.3868632227294,486.2804870605469,486.2804870605469,32700,0.0,0.0
2015-09-18 00:00:00+09:00,486.28049985824094,508.13580322265625,486.28049985824094,508.13580322265625,39400,0.0,0.0
2015-09-24 00:00:00+09:00,508.1357837433511,527.2591734541223,504.4932333222518,513.599609375,91900,0.0,0.0
2015-09-25 00:00:00+09:00,522.7060502956714,522.7060502956714,490.83373015569146,493.5656433105469,81600,0.0,0.0
2015-09-28 00:00:00+09:00,499.9994554816042,504.59503871213366,499.0803388354983,502.7568054199219,7300,5.0,0.0
2015-09-29 00:00:00+09:00,488.05089680199484,488.05089680199484,468.74944890587074,473.34503173828125,36400,0.0,0.0
2015-09-30 00:00:00+09:00,482.53630895684233,503.6759948730469,477.9407250620153,503.6759948730469,49400,0.0,0.0
2015-10-01 00:00:00+09:00,500.91857688210223,512.8670933948863,494.48476029829544,505.51416015625,52800,0.0,0.0
2015-10-02 00:00:00+09:00,511.9479752506118,534.9258915544992,504.59504203336786,534.0067749023438,68200,0.0,0.0
2015-10-05 00:00:00+09:00,541.359639654937,564.3375530528546,538.6022900471869,552.3890380859375,70300,0.0,0.0
2015-10-06 00:00:00+09:00,552.3890774402555,552.3890774402555,539.5214450206821,545.9552612304688,40000,0.0,0.0
2015-10-07 00:00:00+09:00,539.5214607956062,542.278810680422,534.0067610259748,537.6832275390625,9600,0.0,0.0
2015-10-08 00:00:00+09:00,531.2494144250851,556.9846801757812,531.2494144250851,556.9846801757812,39100,0.0,0.0
2015-10-09 00:00:00+09:00,552.3890432866823,574.4478403563668,552.3890432866823,571.6904907226562,39100,0.0,0.0
2015-10-13 00:00:00+09:00,565.2567992016066,586.396484375,565.2567992016066,586.396484375,43400,0.0,0.0
2015-10-14 00:00:00+09:00,580.8817977034054,589.1538486200678,563.4185791015625,563.4185791015625,40100,0.0,0.0
2015-10-15 00:00:00+09:00,556.9846643959603,572.6096467305005,556.0655477880462,565.2567138671875,27900,0.0,0.0
2015-10-16 00:00:00+09:00,569.8523609599129,573.5288278048156,556.065610291528,560.6611938476562,27000,0.0,0.0
2015-10-19 00:00:00+09:00,556.9846358572602,578.124316756133,551.4699364923367,577.2052001953125,32500,0.0,0.0
2015-10-20 00:00:00+09:00,580.8816563568579,604.7786865234375,580.8816563568579,604.7786865234375,94300,0.0,0.0
2015-10-21 00:00:00+09:00,596.5067116273652,604.7787615574828,593.7493616506594,601.102294921875,21000,0.0,0.0
2015-10-22 00:00:00+09:00,604.7788522442796,604.7788522442796,584.5582827163554,593.7494506835938,7700,0.0,0.0
2015-10-23 00:00:00+09:00,597.42575416449,606.6169196131744,586.3963556260686,604.7786865234375,22000,0.0,0.0
2015-10-26 00:00:00+09:00,613.9699117853271,613.9699117853271,604.7787454412354,609.3743286132812,32500,0.0,0.0
2015-10-27 00:00:00+09:00,602.0213540592549,605.6978203435863,586.3963723508468,591.9110717773438,12600,0.0,0.0
2015-10-28 00:00:00+09:00,591.9110717773438,591.9110717773438,589.1537220640953,591.9110717773438,2000,0.0,0.0
2015-10-29 00:00:00+09:00,585.4772867466942,604.7787357603215,585.4772867466942,603.859619140625,13300,0.0,0.0
2015-10-30 00:00:00+09:00,611.2125787174,630.5140285716337,602.9405287798713,624.9993286132812,70900,0.0,0.0
2015-11-02 00:00:00+09:00,592.8302001953125,597.425783142563,583.6390343008115,592.8302001953125,39000,0.0,0.0
2015-11-04 00:00:00+09:00,596.5067515071062,596.5067515071062,586.3964675832569,594.6685180664062,16900,0.0,0.0
2015-11-05 00:00:00+09:00,590.9919731713444,640.6242695185491,590.9919731713444,636.0286865234375,57500,0.0,0.0
2015-11-06 00:00:00+09:00,643.3816010097288,683.8227302160545,639.7051347182446,681.9844970703125,78400,0.0,0.0
2015-11-09 00:00:00+09:00,684.7418765472287,687.4992263856739,649.815445260256,670.0360107421875,53800,0.0,0.0
2015-11-10 00:00:00+09:00,656.2492955885933,662.6831122120109,647.0581289837111,648.8963623046875,26100,0.0,0.0
2015-11-11 00:00:00+09:00,647.0581640074048,660.8449146609717,647.0581640074048,651.6537475585938,18800,0.0,0.0
2015-11-12 00:00:00+09:00,646.1390332921525,658.0875502662605,646.1390332921525,655.3302001953125,9300,0.0,0.0
2015-11-13 00:00:00+09:00,655.3301700980867,672.793386412061,650.7345868575671,667.2786865234375,16800,0.0,0.0
2015-11-16 00:00:00+09:00,644.3007495015321,674.6315979088795,644.3007495015321,660.8448486328125,21300,0.0,0.0
2015-11-17 00:00:00+09:00,660.8448743766913,664.5213409935296,646.1390079093379,658.0875244140625,28000,0.0,0.0
2015-11-18 00:00:00+09:00,651.6537071338598,658.0875237064085,633.271374069435,634.1904907226562,47100,0.0,0.0
2015-11-19 00:00:00+09:00,634.1904832618051,636.0287165466218,620.4037336256788,624.0802001953125,37700,0.0,0.0
2015-11-20 00:00:00+09:00,619.4846181987244,619.4846181987244,594.668468805007,595.5875854492188,69700,0.0,0.0
2015-11-24 00:00:00+09:00,595.5876337876115,618.5655517578125,595.5876337876115,618.5655517578125,37700,0.0,0.0
2015-11-25 00:00:00+09:00,621.3228209390805,636.0286865234375,619.484587741036,636.0286865234375,38900,0.0,0.0
2015-11-26 00:00:00+09:00,628.6756948945824,636.9477435116164,628.6756948945824,631.4330444335938,25400,0.0,0.0
2015-11-27 00:00:00+09:00,636.028676558514,636.028676558514,626.8375107122927,630.5139770507812,10100,0.0,0.0
2015-11-30 00:00:00+09:00,636.0287548611752,636.0287548611752,621.3228876967551,622.2420043945312,11000,0.0,0.0
2015-12-01 00:00:00+09:00,623.1609958165598,636.0286269986126,622.2418793035561,631.4330444335938,19500,0.0,0.0
2015-12-02 00:00:00+09:00,637.8669476425438,638.7860642817982,618.5654982182017,628.67578125,10100,0.0,0.0
2015-12-03 00:00:00+09:00,620.4036901947251,620.4036901947251,611.2125244140625,611.2125244140625,17200,0.0,0.0
2015-12-04 00:00:00+09:00,607.5360996310598,607.5360996310598,598.3449332221179,600.1831665039062,11400,0.0,0.0
2015-12-07 00:00:00+09:00,597.4258196460033,619.484619140625,597.4258196460033,619.484619140625,23600,0.0,0.0
2015-12-08 00:00:00+09:00,620.4037664878026,620.4037664878026,607.5361328125,607.5361328125,7900,0.0,0.0
2015-12-09 00:00:00+09:00,607.5360361580429,614.8889685169904,604.7786865234375,604.7786865234375,8700,0.0,0.0
2015-12-10 00:00:00+09:00,602.0214019587011,604.7787518913364,595.5875854492188,595.5875854492188,7500,0.0,0.0
2015-12-11 00:00:00+09:00,603.8596810463303,603.8596810463303,579.962646484375,579.962646484375,18000,0.0,0.0
2015-12-14 00:00:00+09:00,567.0948711297451,579.0433854323167,562.4992887056791,573.5286865234375,25300,0.0,0.0
2015-12-15 00:00:00+09:00,579.0434805954559,594.6684634051745,579.0434805954559,580.8817138671875,27700,0.0,0.0
2015-12-16 00:00:00+09:00,608.4552804631295,643.3817165017986,594.6685293952338,638.7861328125,143500,0.0,0.0
2015-12-17 00:00:00+09:00,675.5506946594735,683.8227439818344,651.6536632837642,678.3080444335938,178000,0.0,0.0
2015-12-18 00:00:00+09:00,692.0947958892247,742.6462086035771,680.1462801567413,730.6976928710938,234200,0.0,0.0
2015-12-21 00:00:00+09:00,716.9109536703531,726.1021197430499,707.7197875976562,707.7197875976562,120000,0.0,0.0
2015-12-22 00:00:00+09:00,700.3668527910786,716.9109516759073,680.1462874873991,683.82275390625,63800,0.0,0.0
2015-12-24 00:00:00+09:00,678.3079290874933,690.2564427435061,647.9770867299226,650.7344360351562,54500,0.0,0.0
2015-12-25 00:00:00+09:00,650.7344360351562,650.7344360351562,650.7344360351562,650.7344360351562,0,0.0,0.0
2015-12-28 00:00:00+09:00,654.4110406048819,670.9551399460166,636.0287080036212,642.4625244140625,43500,0.0,0.0
2015-12-29 00:00:00+09:00,649.8155000534165,675.5507673822647,640.6243331502563,655.3302001953125,32300,0.0,0.0
2015-12-30 00:00:00+09:00,658.0875244140625,672.7933908814159,652.572824488805,658.0875244140625,18800,0.0,0.0
2016-01-04 00:00:00+09:00,661.763943447156,670.9551093283665,644.300728272856,654.4110107421875,21700,0.0,0.0
2016-01-05 00:00:00+09:00,643.3816036382177,658.0874688642341,634.1904378719574,644.3007202148438,14600,0.0,0.0
2016-01-06 00:00:00+09:00,634.1904261997768,643.381591796875,627.756610281808,643.381591796875,25000,0.0,0.0
2016-01-07 00:00:00+09:00,632.3522618910845,636.9478451897116,620.4037453146542,624.9993286132812,15900,0.0,0.0
2016-01-08 00:00:00+09:00,621.3227989418992,664.521277566558,620.4036823754171,662.6830444335938,27100,0.0,0.0
2016-01-12 00:00:00+09:00,656.249273865008,656.249273865008,615.8081421422344,642.4625244140625,38600,0.0,0.0
2016-01-13 00:00:00+09:00,647.0581615458684,660.8449121469878,635.1096443582317,656.2493286132812,16800,0.0,0.0
2016-01-14 00:00:00+09:00,639.7052327936347,656.2493336417458,625.9184820868752,647.0581665039062,23500,0.0,0.0
2016-01-15 00:00:00+09:00,660.8448387884324,688.4183369298136,656.249255764869,683.82275390625,59800,0.0,0.0
2016-01-18 00:00:00+09:00,670.035993244895,682.9036254882812,656.2492444126956,682.9036254882812,33600,0.0,0.0
2016-01-19 00:00:00+09:00,682.9036532239849,696.6904026161246,668.1977872057026,675.5507202148438,36500,0.0,0.0
2016-01-20 00:00:00+09:00,680.1462955369475,695.7712780019855,617.6463656767957,665.4404296875,66300,0.0,0.0
2016-01-21 00:00:00+09:00,675.550677000171,680.1462598369069,629.5948486328125,629.5948486328125,48800,0.0,0.0
2016-01-22 00:00:00+09:00,675.5508150720292,721.5066528320312,664.5214140096288,721.5066528320312,288200,0.0,0.0
2016-01-25 00:00:00+09:00,753.6756547675076,770.2197545063065,736.2124383765531,762.8668212890625,227800,0.0,0.0
2016-01-26 00:00:00+09:00,761.9477213961152,808.8226716870704,744.4845046210535,802.3888549804688,124700,0.0,0.0
2016-01-27 00:00:00+09:00,811.5799435751138,813.4181767428944,762.8667646289292,782.168212890625,104800,0.0,0.0
2016-01-28 00:00:00+09:00,795.955038273867,812.4991383765571,781.2491715159204,802.3888549804688,50500,0.0,0.0
2016-01-29 00:00:00+09:00,795.9550500545862,795.9550500545862,764.705082731427,779.4109497070312,61000,0.0,0.0
2016-02-01 00:00:00+09:00,820.7711170196533,904.4107269287109,806.9843681335449,882.3519287109375,287000,0.0,0.0
2016-02-02 00:00:00+09:00,868.5651362492488,875.9180686196128,813.4181434715186,836.3960571289062,169000,0.0,0.0
2016-02-03 00:00:00+09:00,804.2269635122672,844.6680908203125,800.5504973933539,844.6680908203125,62000,0.0,0.0
2016-02-04 00:00:00+09:00,850.182997779142,882.3520841815961,830.8815459376697,846.5065307617188,106000,0.0,0.0
2016-02-05 00:00:00+09:00,827.2050267999823,842.8300106395375,762.8668580488725,808.8226928710938,79000,0.0,0.0
2016-02-08 00:00:00+09:00,781.2491083199143,827.2049382210857,762.8667763594458,811.5799560546875,67600,0.0,0.0
2016-02-09 00:00:00+09:00,762.8667876589061,795.0358690662093,744.4844554261614,784.0064697265625,62800,0.0,0.0
2016-02-10 00:00:00+09:00,773.896225645484,775.7344589605565,735.2933260289634,753.6756591796875,61000,0.0,0.0
2016-02-12 00:00:00+09:00,712.3154409508455,772.0580263209164,708.6389741588412,737.131591796875,78200,0.0,0.0
2016-02-15 00:00:00+09:00,780.3300478198412,812.4991310632976,750.9183145686811,792.278564453125,60800,0.0,0.0
2016-02-16 00:00:00+09:00,804.2270060765703,882.3519152382943,795.0358402928381,824.4475708007812,114900,0.0,0.0
2016-02-17 00:00:00+09:00,818.013818898129,837.315268557523,772.0579863757622,791.3594360351562,42400,0.0,0.0
2016-02-18 00:00:00+09:00,831.8006275058751,831.8006275058751,800.5506591796875,800.5506591796875,20400,0.0,0.0
2016-02-19 00:00:00+09:00,816.1756218804253,816.1756218804253,772.0580206976997,794.1168212890625,24100,0.0,0.0
2016-02-22 00:00:00+09:00,794.1168364973814,844.6682554873768,784.0065526993824,833.6388549804688,43200,0.0,0.0
2016-02-23 00:00:00+09:00,845.5873344543784,862.1314344763118,833.6388177718708,859.3740844726562,37200,0.0,0.0
2016-02-24 00:00:00+09:00,849.2637259615384,896.138671875,843.7490264423077,896.138671875,105300,0.0,0.0
2016-02-25 00:00:00+09:00,900.7342621774385,904.4107285536729,846.5063831279805,849.2637329101562,113200,0.0,0.0
2016-02-26 00:00:00+09:00,868.5651589895933,872.2416252710308,840.9916618788126,842.8298950195312,34800,0.0,0.0
2016-02-29 00:00:00+09:00,856.6167414126188,876.8373082699983,838.2344079059103,845.5873413085938,29200,0.0,0.0
2016-03-01 00:00:00+09:00,854.7784865046121,859.3740697653897,827.2049869399473,839.1535034179688,32600,0.0,0.0
2016-03-02 00:00:00+09:00,852.9401549622253,860.2930873325893,813.4181434715186,836.3960571289062,73600,0.0,0.0
2016-03-03 00:00:00+09:00,841.910863353588,875.9181798864294,827.2049967447916,868.5652465820312,38600,0.0,0.0
2016-03-04 00:00:00+09:00,891.5431992414129,892.4623159416618,863.9696982339465,871.3226318359375,21500,0.0,0.0
2016-03-07 00:00:00+09:00,873.1608127725535,873.1608127725535,838.2343802616514,852.9402465820312,20600,0.0,0.0
2016-03-08 00:00:00+09:00,848.3447536099603,874.080022408529,842.8300531531241,864.8888549804688,27300,0.0,0.0
2016-03-09 00:00:00+09:00,868.5652112049661,873.1607943330347,854.7784618207603,865.807861328125,10300,0.0,0.0
2016-03-10 00:00:00+09:00,860.2931401033579,908.0872034424333,860.2931401033579,887.8666381835938,48500,0.0,0.0
2016-03-11 00:00:00+09:00,886.9475215809192,899.8151540183626,885.1092883755701,887.8666381835938,25700,0.0,0.0
2016-03-14 00:00:00+09:00,896.1388041710978,896.1388041710978,862.1314854487074,877.7564697265625,58600,0.0,0.0
2016-03-15 00:00:00+09:00,867.6460952507547,878.6754947666541,827.2049636924568,837.3152465820312,78900,0.0,0.0
2016-03-16 00:00:00+09:00,827.2050789202464,861.2123988314121,818.9330281310439,846.5065307617188,31100,0.0,0.0
2016-03-17 00:00:00+09:00,850.1827899986823,862.1313048851504,829.0431098149313,844.6680908203125,25500,0.0,0.0
2016-03-18 00:00:00+09:00,855.6976200883107,872.2417201544649,795.955036516087,854.7785034179688,67400,0.0,0.0
2016-03-22 00:00:00+09:00,841.910777745442,902.5724713384542,838.2343114670776,875.9180908203125,67900,0.0,0.0
2016-03-23 00:00:00+09:00,886.9476369488301,886.9476369488301,863.9697188931609,877.7564697265625,15500,0.0,0.0
2016-03-24 00:00:00+09:00,884.190320022707,914.521172996459,879.5947362388052,904.410888671875,89000,0.0,0.0
2016-03-25 00:00:00+09:00,912.6828260017164,912.6828260017164,885.10932672674,909.9254760742188,48000,0.0,0.0
2016-03-28 00:00:00+09:00,919.1166759672619,969.6680931454613,913.6019759114583,965.072509765625,121400,0.0,0.0
2016-03-29 00:00:00+09:00,965.0725968587706,967.8299471355099,943.0137946448558,962.3152465820312,40700,0.0,0.0
2016-03-30 00:00:00+09:00,969.6680930256844,969.6680930256844,933.8225426673889,941.1754760742188,46700,0.0,0.0
2016-03-31 00:00:00+09:00,935.6607903033434,937.4990236831143,902.5725894674689,913.6019897460938,32100,0.0,0.0
2016-04-01 00:00:00+09:00,914.5210673445362,914.5210673445362,854.7784850556972,867.6461181640625,77100,0.0,0.0
2016-04-04 00:00:00+09:00,859.3740217319269,932.9033497945516,859.3740217319269,920.954833984375,45100,0.0,0.0
2016-04-05 00:00:00+09:00,925.5503453021068,938.4179767164361,898.8959659438535,915.4400634765625,42400,0.0,0.0
2016-04-06 00:00:00+09:00,907.1681385321604,937.4989881487371,896.138738671587,934.7416381835938,26300,0.0,0.0
2016-04-07 00:00:00+09:00,927.3887328511851,962.3151667940443,927.3887328511851,951.2857666015625,55400,0.0,0.0
2016-04-08 00:00:00+09:00,945.7710380441672,962.3151378350273,900.7343219468258,934.7416381835938,30300,0.0,0.0
2016-04-11 00:00:00+09:00,953.1239704153392,993.5651032005609,937.4989872937763,987.1312866210938,66600,0.0,0.0
2016-04-12 00:00:00+09:00,965.0725238865695,987.1313244325481,956.8004736818274,961.3960571289062,39000,0.0,0.0
2016-04-13 00:00:00+09:00,992.6459863872083,1068.9326686743734,992.6459863872083,1063.41796875,96800,0.0,0.0
2016-04-14 00:00:00+09:00,1065.2562442457036,1089.153278197721,1063.418010864779,1076.28564453125,52500,0.0,0.0
2016-04-15 00:00:00+09:00,1075.3665302466366,1087.315047249377,1071.6900634765625,1071.6900634765625,35900,0.0,0.0
2016-04-18 00:00:00+09:00,1044.1165584686387,1050.5503752901884,1026.6533413815753,1033.087158203125,35100,0.0,0.0
2016-04-19 00:00:00+09:00,1024.8149160750224,1068.9325088746646,1020.2193334917263,1027.572265625,46200,0.0,0.0
2016-04-20 00:00:00+09:00,1025.7342177234248,1029.4106844536163,1013.7857008503025,1022.9768676757812,24400,0.0,0.0
2016-04-21 00:00:00+09:00,1028.4914322930413,1102.9398737726985,1027.572315731564,1088.2340087890625,73100,0.0,0.0
2016-04-22 00:00:00+09:00,1094.6680086632048,1167.2782292210497,1069.8518573333085,1155.3297119140625,81000,0.0,0.0
2016-04-25 00:00:00+09:00,1171.8738394723812,1179.22677336711,1103.859200946141,1109.3739013671875,48900,0.0,0.0
2016-04-26 00:00:00+09:00,1098.3443707849224,1113.050236837273,1024.8150405231704,1075.366455078125,45300,0.0,0.0
2016-04-27 00:00:00+09:00,1047.793122165673,1069.8519247375818,999.0799331527074,1016.5431518554688,32600,0.0,0.0
2016-04-28 00:00:00+09:00,1003.6754150390625,1038.6018488957332,986.2121981107271,1003.6754150390625,50600,0.0,0.0
2016-05-02 00:00:00+09:00,982.535726609003,982.535726609003,949.4475262741815,965.072509765625,38600,0.0,0.0
2016-05-06 00:00:00+09:00,946.6902187364991,1010.1092722246724,945.7711020192793,997.2416381835938,34400,0.0,0.0
2016-05-09 00:00:00+09:00,1024.8149957549706,1024.8149957549706,981.6165161132812,981.6165161132812,23400,0.0,0.0
2016-05-10 00:00:00+09:00,992.6457890951124,1003.6751867517248,979.7781584957313,990.8075561523438,18200,0.0,0.0
2016-05-11 00:00:00+09:00,992.6460312608206,1033.087165867743,992.6460312608206,995.4033813476562,15500,0.0,0.0
2016-05-12 00:00:00+09:00,986.2121285285739,1005.5135774559737,986.2121285285739,998.16064453125,10600,0.0,0.0
2016-05-13 00:00:00+09:00,985.2930060030653,1045.035585658102,985.2930060030653,1011.9473876953125,21300,0.0,0.0
2016-05-16 00:00:00+09:00,874.0799116350292,877.7563781403292,817.0946808028823,837.3152465820312,206600,0.0,0.0
2016-05-17 00:00:00+09:00,836.3960790270158,859.3739932859997,827.2049133234223,842.8298950195312,37700,0.0,0.0
2016-05-18 00:00:00+09:00,844.6681660946201,844.6681660946201,772.0579537752784,784.0064697265625,85600,0.0,0.0
2016-05-19 00:00:00+09:00,825.3667050250389,825.3667050250389,791.359390898172,811.5799560546875,30200,0.0,0.0
2016-05-20 00:00:00+09:00,825.3666585733602,836.3960571289062,806.0652111011547,836.3960571289062,20300,0.0,0.0
2016-05-23 00:00:00+09:00,844.6682247621565,882.3520084566596,840.9917580602537,869.484375,67500,0.0,0.0
2016-05-24 00:00:00+09:00,861.2124230261294,891.5432767719802,861.2124230261294,886.9476928710938,47700,0.0,0.0
2016-05-25 00:00:00+09:00,891.5431728423206,894.3005228614206,874.0799560546875,874.0799560546875,31200,0.0,0.0
2016-05-26 00:00:00+09:00,882.3519302962662,885.1092800784421,845.5872665339218,849.2637329101562,37100,0.0,0.0
2016-05-27 00:00:00+09:00,854.7784423828125,888.7857567571825,848.3446261498236,883.2710571289062,31300,0.0,0.0
2016-05-30 00:00:00+09:00,883.271148430983,911.763766122305,878.6755649323826,895.2196655273438,59500,0.0,0.0
2016-05-31 00:00:00+09:00,906.24907861997,954.0431476749785,896.1387947814105,939.3372802734375,64300,0.0,0.0
2016-06-01 00:00:00+09:00,911.7636679765469,964.1533142211671,911.7636679765469,920.954833984375,55200,0.0,0.0
2016-06-02 00:00:00+09:00,919.1165865384615,930.1459855769231,893.3813221153846,896.138671875,32800,0.0,0.0
2016-06-03 00:00:00+09:00,904.4108325245444,926.469633317826,891.5431987284635,895.2196655273438,26900,0.0,0.0
2016-06-06 00:00:00+09:00,867.6460884437042,894.300470398013,863.9696219672479,879.5946044921875,45400,0.0,0.0
2016-06-07 00:00:00+09:00,869.4844192265216,886.9476369488301,857.5359018375736,877.7564697265625,36200,0.0,0.0
2016-06-08 00:00:00+09:00,877.7563959976723,886.0284458028859,846.506430066865,852.9402465820312,29000,0.0,0.0
2016-06-09 00:00:00+09:00,866.7270022677393,893.3813851582636,866.7270022677393,891.5431518554688,28400,0.0,0.0
2016-06-10 00:00:00+09:00,900.7342938641766,919.116626392017,894.3004774794325,918.197509765625,27900,0.0,0.0
2016-06-13 00:00:00+09:00,919.116692002771,951.2857762228679,901.6534748547183,932.9034423828125,40100,0.0,0.0
2016-06-14 00:00:00+09:00,928.3078147638962,928.3078147638962,857.5358328462526,872.24169921875,48200,0.0,0.0
2016-06-15 00:00:00+09:00,886.0283803710938,923.7121600341798,878.6754477539063,919.1165771484375,24200,0.0,0.0
2016-06-16 00:00:00+09:00,897.0578125,901.6533955558401,828.1240666623976,840.99169921875,39800,0.0,0.0
2016-06-17 00:00:00+09:00,865.8077765282164,868.5651261349942,847.4254458163647,863.9695434570312,13200,0.0,0.0
2016-06-20 00:00:00+09:00,861.2122470855712,882.3519287109375,858.4548973083496,882.3519287109375,10800,0.0,0.0
2016-06-21 00:00:00+09:00,882.3519543495297,882.3519543495297,867.6460884437042,879.5946044921875,7900,0.0,0.0
2016-06-22 00:00:00+09:00,881.432884501901,885.1093511734417,845.5873344543784,859.3740844726562,8400,0.0,0.0
2016-06-23 00:00:00+09:00,850.1829177938043,861.2123178084266,844.6682177864932,859.3740844726562,9300,0.0,0.0
2016-06-24 00:00:00+09:00,883.2711299015925,883.2711299015925,767.462428166316,788.6021118164062,50400,0.0,0.0
2016-06-27 00:00:00+09:00,812.4990543148781,866.7269323743552,812.4990543148781,857.5357666015625,32300,0.0,0.0
2016-06-28 00:00:00+09:00,866.7269603208674,866.7269603208674,821.6902465820312,821.6902465820312,7800,0.0,0.0
2016-06-29 00:00:00+09:00,835.4769624566565,863.0504595674372,835.4769624566565,842.8298950195312,14600,0.0,0.0
2016-06-30 00:00:00+09:00,868.5653219516928,882.3520730937832,857.5359210380205,864.8888549804688,20500,0.0,0.0
2016-07-01 00:00:00+09:00,882.3520730937832,886.0285400650073,864.8888549804688,864.8888549804688,11600,0.0,0.0
2016-07-04 00:00:00+09:00,890.6239841023429,897.9769168916296,863.969602741179,897.0578002929688,21800,0.0,0.0
2016-07-05 00:00:00+09:00,898.8961543377782,907.1682048378191,877.7564697265625,877.7564697265625,26700,0.0,0.0
2016-07-06 00:00:00+09:00,873.1608344909341,874.9990678267045,845.5873344543784,859.3740844726562,28800,0.0,0.0
2016-07-07 00:00:00+09:00,845.5873747358302,856.6167752758627,828.124157214112,829.0432739257812,31200,0.0,0.0
2016-07-08 00:00:00+09:00,827.2050405024426,863.0505922575484,827.2050405024426,829.0432739257812,21900,0.0,0.0
2016-07-11 00:00:00+09:00,829.0432739257812,829.0432739257812,829.0432739257812,829.0432739257812,0,0.0,0.0
2016-07-12 00:00:00+09:00,870.4034844872785,874.9990678267045,842.8299844507228,859.3740844726562,40500,0.0,0.0
2016-07-13 00:00:00+09:00,881.4328121185303,897.0577941894531,861.2122470855712,882.3519287109375,20000,0.0,0.0
2016-07-14 00:00:00+09:00,868.5652050628183,882.3519543495297,864.8887385863619,879.5946044921875,24900,0.0,0.0
2016-07-15 00:00:00+09:00,885.1093225084712,885.1093225084712,864.888756469856,866.7269897460938,9800,0.0,0.0
2016-07-19 00:00:00+09:00,866.7270690598413,877.7564697265625,859.3741352820272,877.7564697265625,8200,0.0,0.0
2016-07-20 00:00:00+09:00,891.5431800255408,891.5431800255408,867.6461463341345,884.1902465820312,12100,0.0,0.0
2016-07-21 00:00:00+09:00,897.0579538632529,897.0579538632529,885.1094360351562,885.1094360351562,16100,0.0,0.0
2016-07-22 00:00:00+09:00,895.2195788786623,897.9769287109375,881.4328297172866,897.9769287109375,15600,0.0,0.0
2016-07-25 00:00:00+09:00,908.0872034424333,908.0872034424333,887.8666381835938,887.8666381835938,30000,0.0,0.0
2016-07-26 00:00:00+09:00,860.2930873325893,875.9180686196128,836.3960571289062,836.3960571289062,26700,0.0,0.0
2016-07-27 00:00:00+09:00,836.3962076191364,854.778541852524,828.124157214112,829.0432739257812,28100,0.0,0.0
2016-07-28 00:00:00+09:00,836.3960641329405,836.3960641329405,779.4108377854216,784.925537109375,42200,0.0,0.0
2016-07-29 00:00:00+09:00,798.7123811018163,817.0947143837914,776.6535811634462,792.278564453125,35600,0.0,0.0
2016-08-01 00:00:00+09:00,831.8004594041163,844.6680908203125,809.741662690637,844.6680908203125,53400,0.0,0.0
2016-08-02 00:00:00+09:00,829.962312135858,845.587294756356,808.8226297669491,813.418212890625,9600,0.0,0.0
2016-08-03 00:00:00+09:00,822.6094433177601,823.5285600142046,806.0653427817605,808.8226928710938,7500,0.0,0.0
2016-08-04 00:00:00+09:00,808.822640352471,820.7711566304052,790.4403076171875,790.4403076171875,17000,0.0,0.0
2016-08-05 00:00:00+09:00,790.4403306878925,790.4403306878925,764.7050641073564,768.3815307617188,19700,0.0,0.0
2016-08-08 00:00:00+09:00,776.6535696279989,791.3594360351562,776.6535696279989,791.3594360351562,3600,0.0,0.0
2016-08-09 00:00:00+09:00,791.3593768538716,803.3078924161251,775.7343949647707,786.7637939453125,16200,0.0,0.0
2016-08-10 00:00:00+09:00,800.5505906215934,802.3888238951217,779.4109079760175,790.4403076171875,9400,0.0,0.0
2016-08-12 00:00:00+09:00,777.5727323146225,795.0359497070312,777.5727323146225,795.0359497070312,5400,0.0,0.0
2016-08-15 00:00:00+09:00,799.6315332313494,803.3080000508038,785.844782658395,795.0359497070312,5600,0.0,0.0
2016-08-16 00:00:00+09:00,795.0359026369456,795.0359026369456,783.0873861811302,791.3594360351562,8800,0.0,0.0
2016-08-17 00:00:00+09:00,798.7123254553064,798.7123254553064,776.6535270537789,778.4917602539062,7400,0.0,0.0
2016-08-18 00:00:00+09:00,781.2491198916508,794.1167524545721,780.3300032800136,784.0064697265625,7300,0.0,0.0
2016-08-19 00:00:00+09:00,797.7931688652664,798.7122854192586,784.925537109375,784.925537109375,8700,0.0,0.0
2016-08-22 00:00:00+09:00,771.1388624482996,789.5211952837776,771.1388624482996,781.2491455078125,17200,0.0,0.0
2016-08-23 00:00:00+09:00,793.1976618508731,794.1167784926471,778.4917955824908,781.2491455078125,6600,0.0,0.0
2016-08-24 00:00:00+09:00,782.1683115245877,786.7638950235571,774.8153779262367,780.330078125,11500,0.0,0.0
2016-08-25 00:00:00+09:00,795.0358431807188,795.0358431807188,783.0873276184652,786.7637939453125,17700,0.0,0.0
2016-08-26 00:00:00+09:00,789.5211734794354,789.5211734794354,763.7859082205016,774.8153076171875,11300,0.0,0.0
2016-08-29 00:00:00+09:00,774.8153194047828,775.7344360351562,772.0579695136626,775.7344360351562,7200,0.0,0.0
2016-08-30 00:00:00+09:00,784.9255764543517,784.9255764543517,769.3005942532698,778.4917602539062,3700,0.0,0.0
2016-08-31 00:00:00+09:00,781.2491543321725,781.2491543321725,762.8668212890625,762.8668212890625,6900,0.0,0.0
2016-09-01 00:00:00+09:00,776.6536371758644,778.4918706366357,762.8668862200798,777.57275390625,7900,0.0,0.0
2016-09-02 00:00:00+09:00,776.6535070727685,776.6535070727685,764.7049915793414,767.4623413085938,6300,0.0,0.0
2016-09-05 00:00:00+09:00,755.513932020076,773.8962661324866,755.513932020076,771.138916015625,4400,0.0,0.0
2016-09-06 00:00:00+09:00,767.4624375227244,770.2197875976562,767.4624375227244,770.2197875976562,2500,0.0,0.0
2016-09-07 00:00:00+09:00,770.2198084724021,795.0359598193648,767.4624583227395,776.6536254882812,15400,0.0,0.0
2016-09-08 00:00:00+09:00,767.4624491931429,776.6536162493481,767.4624491931429,771.138916015625,8900,0.0,0.0
2016-09-09 00:00:00+09:00,767.4623413085938,776.6535070727685,758.271175544419,767.4623413085938,6200,0.0,0.0
2016-09-12 00:00:00+09:00,767.4624258244195,784.9256426994662,756.433025692811,769.3006591796875,15700,0.0,0.0
2016-09-13 00:00:00+09:00,770.2197993100044,776.6536162493481,767.4624491931429,771.138916015625,4200,0.0,0.0
2016-09-14 00:00:00+09:00,768.3814578850113,775.7343904963511,767.4623413085938,767.4623413085938,12200,0.0,0.0
2016-09-15 00:00:00+09:00,767.4624210037064,768.3815376755671,753.6756709257955,754.5947875976562,17600,0.0,0.0
2016-09-16 00:00:00+09:00,767.4623413085938,772.9770407670986,765.6241081557588,767.4623413085938,6000,0.0,0.0
2016-09-20 00:00:00+09:00,781.249166731239,790.4403333986654,768.3815333968422,787.6829833984375,14100,0.0,0.0
2016-09-21 00:00:00+09:00,792.2785290683662,796.8741121836119,788.6020625761696,789.5211791992188,3300,0.0,0.0
2016-09-23 00:00:00+09:00,789.5212422457608,808.8226928710938,789.5212422457608,808.8226928710938,15800,0.0,0.0
2016-09-26 00:00:00+09:00,822.6093554340254,840.9916873990315,814.3373060497726,840.0725708007812,25500,0.0,0.0
2016-09-27 00:00:00+09:00,842.8298729529747,854.7783880548162,834.5578240363152,836.3960571289062,14200,0.0,0.0
2016-09-28 00:00:00+09:00,854.778550207232,858.4550170898438,845.5873830007026,858.4550170898438,7100,0.0,0.0
2016-09-29 00:00:00+09:00,850.182873603352,857.5358065642458,820.7711417597766,822.609375,13600,0.0,0.0
2016-09-30 00:00:00+09:00,820.7711910745371,850.1829246852709,820.7711910745371,845.5873413085938,7400,0.0,0.0
2016-10-03 00:00:00+09:00,849.2638390319219,849.2638390319219,820.7712210557427,833.6388549804688,1700,0.0,0.0
2016-10-04 00:00:00+09:00,847.4255413925438,847.4255413925438,838.234375,838.234375,1900,0.0,0.0
2016-10-05 00:00:00+09:00,846.5063988857582,846.5063988857582,827.2049500512295,840.99169921875,2500,0.0,0.0
2016-10-06 00:00:00+09:00,846.5065307617188,846.5065307617188,846.5065307617188,846.5065307617188,100,0.0,0.0
2016-10-07 00:00:00+09:00,850.1829482469537,852.0211816485688,829.9623808291884,847.4255981445312,3000,0.0,0.0
2016-10-11 00:00:00+09:00,828.1241220170849,840.9917554335547,826.285888671875,826.285888671875,4400,0.0,0.0
2016-10-12 00:00:00+09:00,824.4475905415248,835.4769897460938,817.0946577384789,835.4769897460938,2400,0.0,0.0
2016-10-13 00:00:00+09:00,840.0725787203316,840.0725787203316,818.0137801543711,821.6902465820312,10900,0.0,0.0
2016-10-14 00:00:00+09:00,818.9329414240941,829.9623413085938,818.9329414240941,829.9623413085938,2800,0.0,0.0
2016-10-17 00:00:00+09:00,821.6902701514108,829.9623198509216,816.1755703517368,823.5285034179688,2100,0.0,0.0
2016-10-18 00:00:00+09:00,823.5284916201118,829.0431913407822,816.1755586592179,822.609375,2700,0.0,0.0
2016-10-19 00:00:00+09:00,823.5285269348552,836.3961601682123,823.5285269348552,825.3667602539062,3700,0.0,0.0
2016-10-20 00:00:00+09:00,825.3667366845267,829.9623198509216,819.8520368848529,823.5285034179688,3100,0.0,0.0
2016-10-21 00:00:00+09:00,826.2859096906043,836.3961933464404,826.2859096906043,832.7197265625,23400,0.0,0.0
2016-10-24 00:00:00+09:00,831.8004743974287,846.5063391381567,831.8004743974287,836.3960571289062,7300,0.0,0.0
2016-10-25 00:00:00+09:00,845.5873855245895,857.5359029287414,845.5873855245895,853.8594360351562,19400,0.0,0.0
2016-10-26 00:00:00+09:00,863.0505253318022,886.0284413417012,857.5358254894265,862.1314086914062,26100,0.0,0.0
2016-10-27 00:00:00+09:00,889.704907903285,889.704907903285,861.2122920510103,862.1314086914062,13300,0.0,0.0
2016-10-28 00:00:00+09:00,863.0504269214387,873.1607088129571,863.0504269214387,863.9695434570312,9000,0.0,0.0
2016-10-31 00:00:00+09:00,871.322475741772,886.947456846846,863.9695434570312,863.9695434570312,4400,0.0,0.0
2016-11-01 00:00:00+09:00,886.0284445467283,891.5431444090524,868.5652283160356,881.432861328125,16200,0.0,0.0
2016-11-02 00:00:00+09:00,875.9180842412828,882.351900180096,858.4548695502184,861.2122192382812,23500,0.0,0.0
2016-11-04 00:00:00+09:00,852.9402747112772,868.5652581919794,845.5873413085938,845.5873413085938,16800,0.0,0.0
2016-11-07 00:00:00+09:00,846.5064766028408,863.9696938183174,842.8300098206352,856.6167602539062,8400,0.0,0.0
2016-11-08 00:00:00+09:00,847.4254940792648,868.5651756018495,847.4254940792648,863.0504760742188,5800,0.0,0.0
2016-11-09 00:00:00+09:00,840.9917649748575,863.0505653676406,800.5506309214218,831.8005981445312,23000,0.0,0.0
2016-11-10 00:00:00+09:00,836.39610440778,859.3740193640376,836.39610440778,840.0725708007812,14600,0.0,0.0
2016-11-11 00:00:00+09:00,853.8594105701574,853.8594105701574,831.800609866515,832.7197265625,7200,0.0,0.0
2016-11-14 00:00:00+09:00,819.8520580811357,836.3961579078851,819.8520580811357,829.9623413085938,9500,0.0,0.0
2016-11-15 00:00:00+09:00,832.7197285377478,855.6976459918799,827.2050283487561,852.0211791992188,7800,0.0,0.0
2016-11-16 00:00:00+09:00,852.021132956566,872.24169921875,829.96233339782,872.24169921875,12800,0.0,0.0
2016-11-17 00:00:00+09:00,863.9695842493719,914.52099609375,863.9695842493719,914.52099609375,45600,0.0,0.0
2016-11-18 00:00:00+09:00,923.7121896799983,944.8518716328739,915.4401402201775,935.6607055664062,35100,0.0,0.0
2016-11-21 00:00:00+09:00,946.6901287004059,948.5283619600184,937.4989624023438,937.4989624023438,13400,0.0,0.0
2016-11-22 00:00:00+09:00,922.7930528846153,922.7930528846153,884.19015625,896.138671875,33700,0.0,0.0
2016-11-24 00:00:00+09:00,900.7343657256641,900.7343657256641,877.7564482326626,895.2196655273438,27200,0.0,0.0
2016-11-25 00:00:00+09:00,885.1093465169271,887.8666965060763,868.5652465820312,868.5652465820312,38000,0.0,0.0
2016-11-28 00:00:00+09:00,871.3225469989445,897.9769287109375,871.3225469989445,897.9769287109375,3300,0.0,0.0
2016-11-29 00:00:00+09:00,916.3594065100197,916.3594065100197,900.7344216447535,904.410888671875,2300,0.0,0.0
2016-11-30 00:00:00+09:00,904.4108159015768,906.2490492672304,886.9475989278675,903.49169921875,2000,0.0,0.0
2016-12-01 00:00:00+09:00,889.7049374085094,906.2490374842876,886.9475873958797,902.5725708007812,8200,0.0,0.0
2016-12-02 00:00:00+09:00,888.7857547862683,896.1386876076645,873.1607725408013,887.8666381835938,39600,0.0,0.0
2016-12-05 00:00:00+09:00,870.4034868137811,877.7564201765164,854.7785034179688,854.7785034179688,23000,0.0,0.0
2016-12-06 00:00:00+09:00,853.8593867476269,863.9696701213878,831.8005866594212,854.7785034179688,17500,0.0,0.0
2016-12-07 00:00:00+09:00,863.9696938183174,863.9696938183174,850.1829433850464,856.6167602539062,15800,0.0,0.0
2016-12-08 00:00:00+09:00,862.1313891812483,862.1313891812483,844.6681734089203,851.1019897460938,16200,0.0,0.0
2016-12-09 00:00:00+09:00,844.66812816025,850.1828275824062,835.4769624566565,842.8298950195312,7900,0.0,0.0
2016-12-12 00:00:00+09:00,857.5358580879542,857.5358580879542,841.910874607252,845.5873413085938,7400,0.0,0.0
2016-12-13 00:00:00+09:00,841.9108723078548,853.8593890545819,840.9917556350296,850.1829223632812,8300,0.0,0.0
2016-12-14 00:00:00+09:00,847.4254404094975,852.021023058139,844.6680908203125,844.6680908203125,10200,0.0,0.0
2016-12-15 00:00:00+09:00,853.8593158804493,854.7784324745079,845.5872665339218,849.2637329101562,14900,0.0,0.0
2016-12-16 00:00:00+09:00,850.1827899986823,851.1019065284107,840.9916247013994,844.6680908203125,15700,0.0,0.0
2016-12-19 00:00:00+09:00,840.9916467559472,848.3445791866003,818.0137329101562,818.0137329101562,22100,0.0,0.0
2016-12-20 00:00:00+09:00,818.0138478990417,836.3961815596944,814.3373811669112,831.8005981445312,18100,0.0,0.0
2016-12-21 00:00:00+09:00,831.800609866515,836.3961933464404,829.0432597785597,832.7197265625,8300,0.0,0.0
2016-12-22 00:00:00+09:00,827.2048916659512,836.3960571289062,827.2048916659512,836.3960571289062,9900,0.0,0.0
2016-12-26 00:00:00+09:00,845.5872822745902,850.1828653304303,836.3961161629098,840.99169921875,24600,0.0,0.0
2016-12-27 00:00:00+09:00,849.2638080099355,849.2638080099355,841.910874607252,845.5873413085938,4800,0.0,0.0
2016-12-28 00:00:00+09:00,849.2638080099355,852.9402747112772,845.5873413085938,845.5873413085938,8500,0.0,0.0
2016-12-29 00:00:00+09:00,845.5872665339218,850.1828495042149,845.5872665339218,849.2637329101562,5000,0.0,0.0
2016-12-30 00:00:00+09:00,848.3446890176309,851.1020390361065,845.5873389991555,850.1829223632812,2900,0.0,0.0
2017-01-04 00:00:00+09:00,852.0211791992188,854.7785292937147,845.5873623120617,852.0211791992188,7200,0.0,0.0
2017-01-05 00:00:00+09:00,846.5064579839292,852.0211580359418,840.0726412565812,845.5873413085938,15400,0.0,0.0
2017-01-06 00:00:00+09:00,831.8006215626507,844.6682554873768,829.9623881448327,833.6388549804688,34200,0.0,0.0
2017-01-10 00:00:00+09:00,833.6388549804688,834.5579716893777,832.7197382715598,833.6388549804688,23100,0.0,0.0
2017-01-11 00:00:00+09:00,833.6388079367603,835.4770412508435,829.0432246515521,829.9623413085938,20500,0.0,0.0
2017-01-12 00:00:00+09:00,829.0431536926474,829.9622702710205,821.6902210656616,824.4475708007812,17500,0.0,0.0
2017-01-13 00:00:00+09:00,819.8520515790951,848.344667721418,812.4991183810764,843.7490844726562,68600,0.0,0.0
2017-01-16 00:00:00+09:00,844.668234117296,844.668234117296,827.2050170898438,827.2050170898438,24700,0.0,0.0
2017-01-17 00:00:00+09:00,827.2049861938063,828.1241028451328,814.337353075236,815.2564697265625,19700,0.0,0.0
2017-01-18 00:00:00+09:00,808.8226953125001,808.8226953125001,800.5506450195313,804.2271118164062,11600,0.0,0.0
2017-01-19 00:00:00+09:00,807.9034185811894,815.2563507184472,804.2269525125606,806.065185546875,20500,0.0,0.0
2017-01-20 00:00:00+09:00,804.2271093888717,810.6609262639826,802.3888759959827,808.8226928710938,24500,0.0,0.0
2017-01-23 00:00:00+09:00,822.6093671979947,822.6093671979947,809.741734638473,812.4990844726562,8700,0.0,0.0
2017-01-24 00:00:00+09:00,816.1755215954222,825.3666873791544,812.4990552819294,824.4475708007812,9900,0.0,0.0
2017-01-25 00:00:00+09:00,831.8005672164027,831.8005672164027,819.85205078125,819.85205078125,14000,0.0,0.0
2017-01-26 00:00:00+09:00,819.85205078125,820.7711674301079,817.0947008346762,819.85205078125,11800,0.0,0.0
2017-01-27 00:00:00+09:00,809.741781492491,827.2049981194573,809.741781492491,816.1755981445312,13000,0.0,0.0
2017-01-30 00:00:00+09:00,818.0138386184302,826.285888671875,818.0138386184302,826.285888671875,3000,0.0,0.0
2017-01-31 00:00:00+09:00,827.2050170898438,827.2050170898438,808.8226833767361,827.2050170898438,35700,0.0,0.0
2017-02-01 00:00:00+09:00,808.8225844570491,814.3372838965289,781.2490872596496,805.1461181640625,58800,0.0,0.0
2017-02-02 00:00:00+09:00,805.1462120643029,805.1462120643029,788.6021118164062,788.6021118164062,32200,0.0,0.0
2017-02-03 00:00:00+09:00,801.4696812988848,801.4696812988848,790.4402820149552,793.1976318359375,13700,0.0,0.0
2017-02-06 00:00:00+09:00,801.4697476713595,807.903564453125,797.7932809389221,807.903564453125,15600,0.0,0.0
2017-02-07 00:00:00+09:00,808.822688349971,809.7418050412779,794.1168212890625,794.1168212890625,23700,0.0,0.0
2017-02-08 00:00:00+09:00,795.0359099501864,801.4697265625,787.6829766789707,801.4697265625,9100,0.0,0.0
2017-02-09 00:00:00+09:00,806.0653382760507,806.9844549673575,794.1168212890625,794.1168212890625,7200,0.0,0.0
2017-02-10 00:00:00+09:00,806.0652623330393,806.984378937752,795.9549796811996,797.793212890625,7200,0.0,0.0
2017-02-13 00:00:00+09:00,805.1461931981078,805.1461931981078,796.8741432679902,801.4697265625,3500,0.0,0.0
2017-02-14 00:00:00+09:00,796.8741831167586,799.6315332313494,795.0359497070312,795.0359497070312,8400,0.0,0.0
2017-02-15 00:00:00+09:00,796.8741240745368,796.8741240745368,789.5211909804234,790.4403076171875,11900,0.0,0.0
2017-02-16 00:00:00+09:00,790.4402621456375,790.4402621456375,776.6535133872834,782.168212890625,16400,0.0,0.0
2017-02-17 00:00:00+09:00,788.6020271087361,791.3593768538716,781.2490944550416,786.7637939453125,12000,0.0,0.0
2017-02-20 00:00:00+09:00,790.4402364333284,791.3593529873207,784.925537109375,784.925537109375,23500,0.0,0.0
2017-02-21 00:00:00+09:00,789.5211734794354,789.5211734794354,774.8153076171875,774.8153076171875,29700,0.0,0.0
2017-02-22 00:00:00+09:00,776.6535996491054,788.602116566784,776.6535996491054,779.4109497070312,21000,0.0,0.0
2017-02-23 00:00:00+09:00,781.249123931921,781.249123931921,772.9770743844065,774.8153076171875,19900,0.0,0.0
2017-02-24 00:00:00+09:00,772.977086144036,777.5726692959031,767.4623863617956,775.7344360351562,23200,0.0,0.0
2017-02-27 00:00:00+09:00,784.0064911598383,803.307940531886,781.2491412495458,790.4403076171875,43600,0.0,0.0
2017-02-28 00:00:00+09:00,795.0359497070312,795.0359497070312,785.844782658395,795.0359497070312,14700,0.0,0.0
2017-03-01 00:00:00+09:00,794.1168096175478,818.013843240298,792.2785762619516,817.0947265625,45100,0.0,0.0
2017-03-02 00:00:00+09:00,828.1241337754991,829.0432504611546,809.7418000623915,827.2050170898438,39700,0.0,0.0
2017-03-03 00:00:00+09:00,831.8005290702966,907.1680908203125,831.8005290702966,907.1680908203125,156700,0.0,0.0
2017-03-06 00:00:00+09:00,865.8079841590003,901.6535376432901,865.8079841590003,885.1094360351562,66300,0.0,0.0
2017-03-07 00:00:00+09:00,873.1608553911359,914.5211064359792,873.1608553911359,913.6019897460938,36800,0.0,0.0
2017-03-08 00:00:00+09:00,919.1167376949461,979.7784423828125,919.1167376949461,979.7784423828125,108400,0.0,0.0
2017-03-09 00:00:00+09:00,952.2049117195107,972.425479342898,937.4990443570473,943.932861328125,42900,0.0,0.0
2017-03-10 00:00:00+09:00,942.0945974496694,969.6680978628305,938.4181307279146,955.88134765625,37000,0.0,0.0
2017-03-13 00:00:00+09:00,941.1755111976631,962.3151955312044,941.1755111976631,943.932861328125,30000,0.0,0.0
2017-03-14 00:00:00+09:00,933.8225569235727,946.6901905819684,913.6019897460938,913.6019897460938,29400,0.0,0.0
2017-03-15 00:00:00+09:00,899.8151382211538,913.6018870192307,896.138671875,896.138671875,24500,0.0,0.0
2017-03-16 00:00:00+09:00,896.138671875,904.4107211538461,887.8666225961538,896.138671875,10100,0.0,0.0
2017-03-17 00:00:00+09:00,894.3004504969863,919.1165986608286,890.6239841023429,897.0578002929688,23300,0.0,0.0
2017-03-21 00:00:00+09:00,919.1167801772992,919.1167801772992,886.9476928710938,886.9476928710938,13200,0.0,0.0
2017-03-22 00:00:00+09:00,886.9475060096154,910.8445372596153,886.9475060096154,896.138671875,6100,0.0,0.0
2017-03-23 00:00:00+09:00,886.9475919621472,897.9769920694484,886.0284752865388,893.3814086914062,11200,0.0,0.0
2017-03-24 00:00:00+09:00,905.3299652315172,910.8446655273438,900.7343816516618,910.8446655273438,12800,0.0,0.0
2017-03-27 00:00:00+09:00,920.0357875474359,920.0357875474359,900.7343374590282,902.5725708007812,17300,0.0,0.0
2017-03-28 00:00:00+09:00,891.5431823420015,905.3299325844037,889.704948976348,903.49169921875,10600,0.0,0.0
2017-03-29 00:00:00+09:00,908.0871800408291,916.3592292517274,895.2195479349874,914.52099609375,5600,0.0,0.0
2017-03-30 00:00:00+09:00,914.5211323912281,917.2784825391414,903.4917317995751,910.8446655273438,6200,0.0,0.0
2017-03-31 00:00:00+09:00,903.4917085375656,910.8446420760198,903.4917085375656,909.0064086914062,9800,0.0,0.0
2017-04-03 00:00:00+09:00,916.3593326587032,954.9622333323898,899.8152323699803,951.2857666015625,31500,0.0,0.0
2017-04-04 00:00:00+09:00,954.9622479642801,955.8813646610696,918.1975800927006,923.7122802734375,25700,0.0,0.0
2017-04-05 00:00:00+09:00,928.3079479790722,929.2270647592495,878.6756418494981,886.9476928710938,47900,0.0,0.0
2017-04-06 00:00:00+09:00,889.7048675036821,913.6018990688636,886.9475177076996,897.0578002929688,31900,0.0,0.0
2017-04-07 00:00:00+09:00,904.4107934263069,950.3666264256111,903.4916767663209,949.447509765625,38300,0.0,0.0
2017-04-10 00:00:00+09:00,960.4769310584435,1003.6754150390625,960.4769310584435,1003.6754150390625,78300,0.0,0.0
2017-04-11 00:00:00+09:00,1015.6239437511615,1028.4915774276467,974.263692648173,1004.5945434570312,35300,0.0,0.0
2017-04-12 00:00:00+09:00,993.5651290638992,993.5651290638992,923.7122615256417,936.5798950195312,24700,0.0,0.0
2017-04-13 00:00:00+09:00,940.256339732822,940.256339732822,891.5431569314147,906.2490234375,26800,0.0,0.0
2017-04-14 00:00:00+09:00,895.2197438926895,907.1682620349943,883.2712257503846,886.9476928710938,11500,0.0,0.0
2017-04-17 00:00:00+09:00,896.1387190073576,918.1975182444618,895.2196023724782,899.815185546875,4500,0.0,0.0
2017-04-18 00:00:00+09:00,928.3078231966277,929.226939853258,906.2490234375,906.2490234375,10800,0.0,0.0
2017-04-19 00:00:00+09:00,892.462237811659,960.4768676757812,892.462237811659,960.4768676757812,14800,0.0,0.0
2017-04-20 00:00:00+09:00,973.3445483966207,988.0504150390625,926.4695984738372,988.0504150390625,25200,0.0,0.0
2017-04-21 00:00:00+09:00,991.7267456054688,997.2414448396048,979.7782305981739,991.7267456054688,22700,0.0,0.0
2017-04-24 00:00:00+09:00,992.64599609375,999.9989293981481,969.6680795175057,992.64599609375,20900,0.0,0.0
2017-04-25 00:00:00+09:00,992.6460080030488,1022.9768582475864,974.2636745215108,1017.462158203125,50500,0.0,0.0
2017-04-26 00:00:00+09:00,1020.2195082253556,1022.9768582475864,1011.0283414845867,1017.462158203125,14700,0.0,0.0
2017-04-27 00:00:00+09:00,1020.2194095539337,1021.1385261391174,1007.3517773613615,1019.30029296875,7800,0.0,0.0
2017-04-28 00:00:00+09:00,1008.270911533498,1034.92529296875,1008.270911533498,1034.92529296875,16300,0.0,0.0
2017-05-01 00:00:00+09:00,1034.925490544229,1043.1975415343693,1030.3299066608176,1031.2490234375,7500,0.0,0.0
2017-05-02 00:00:00+09:00,1029.4106534090909,1043.197403231534,1008.2709703480114,1011.0283203125,11700,0.0,0.0
2017-05-08 00:00:00+09:00,1011.028362390597,1029.4106962522442,1005.5136622321028,1023.89599609375,9700,0.0,0.0
2017-05-09 00:00:00+09:00,1016.5430062335471,1022.057706086532,1002.7562566010848,1014.7047729492188,6500,0.0,0.0
2017-05-10 00:00:00+09:00,1011.9474251827834,1011.9474251827834,1000.9180254532707,1010.1091918945312,8300,0.0,0.0
2017-05-11 00:00:00+09:00,996.3223658201312,1001.83706526194,989.8885498046875,989.8885498046875,5900,0.0,0.0
2017-05-12 00:00:00+09:00,988.050316657418,993.5650160992268,969.6679851847217,989.8885498046875,8800,0.0,0.0
2017-05-15 00:00:00+09:00,888.7857509050212,909.9254326742204,877.7563517210913,897.0578002929688,52200,0.0,0.0
2017-05-16 00:00:00+09:00,897.9769991217892,906.2490492672304,882.3520155137335,903.49169921875,22300,0.0,0.0
2017-05-17 00:00:00+09:00,907.1680616455078,946.6900744628906,898.8960124511719,919.1165771484375,31500,0.0,0.0
2017-05-18 00:00:00+09:00,909.9255454703552,950.3666808245932,909.9255454703552,939.3372802734375,35800,0.0,0.0
2017-05-19 00:00:00+09:00,939.3372450539362,955.8813452603656,920.9549114912368,936.5798950195312,14200,0.0,0.0
2017-05-22 00:00:00+09:00,940.2562866210938,942.0945198305192,933.8224703881049,940.2562866210938,23800,0.0,0.0
2017-05-23 00:00:00+09:00,946.6900969929778,954.0430297851562,942.0945139978663,954.0430297851562,26700,0.0,0.0
2017-05-24 00:00:00+09:00,955.8812365801997,989.8885498046875,955.8812365801997,989.8885498046875,26300,0.0,0.0
2017-05-25 00:00:00+09:00,983.4547650532637,986.2121148618243,958.6386167762188,973.344482421875,22500,0.0,0.0
2017-05-26 00:00:00+09:00,978.8592250571558,986.212158203125,968.748941981448,986.212158203125,12400,0.0,0.0
2017-05-29 00:00:00+09:00,986.212102879198,986.212102879198,965.0724212704174,972.4253540039062,4300,0.0,0.0
2017-05-30 00:00:00+09:00,978.8591840190272,983.4547670425908,930.146003969254,940.2562866210938,31800,0.0,0.0
2017-05-31 00:00:00+09:00,943.9327981046928,955.8813145363978,933.8225149701732,948.5283813476562,8700,0.0,0.0
2017-06-01 00:00:00+09:00,938.418133043667,954.9622333323898,937.4990163609601,951.2857666015625,10900,0.0,0.0
2017-06-02 00:00:00+09:00,938.4180832664566,940.2563165343635,920.0357505873878,928.3078002929688,10600,0.0,0.0
2017-06-05 00:00:00+09:00,920.9548103027344,931.0650926513672,919.1165771484375,919.1165771484375,5300,0.0,0.0
2017-06-06 00:00:00+09:00,919.1166688518016,933.8225355534304,919.1166688518016,931.065185546875,5600,0.0,0.0
2017-06-07 00:00:00+09:00,935.6607482673586,964.153364373732,929.2269317272097,948.5283813476562,11300,0.0,0.0
2017-06-08 00:00:00+09:00,947.6092174841735,953.1239171009584,934.7415850450093,944.8518676757812,7900,0.0,0.0
2017-06-09 00:00:00+09:00,944.851889804065,944.851889804065,918.1975076986974,922.7930908203125,9000,0.0,0.0
2017-06-12 00:00:00+09:00,922.793163576648,932.9034472413324,920.954930183069,923.7122802734375,8000,0.0,0.0
2017-06-13 00:00:00+09:00,923.7122332013689,928.307816451127,917.2784166517077,920.0357666015625,7800,0.0,0.0
2017-06-14 00:00:00+09:00,919.116649951611,922.7931165514174,919.116649951611,920.0357666015625,3500,0.0,0.0
2017-06-15 00:00:00+09:00,930.1461324540396,931.0652491857135,923.7123153323219,926.4696655273438,15300,0.0,0.0
2017-06-16 00:00:00+09:00,926.46949427806,944.8518255137358,921.873911469141,927.3886108398438,19600,0.0,0.0
2017-06-19 00:00:00+09:00,925.5504462148629,937.4989624023438,917.2783965466069,937.4989624023438,8500,0.0,0.0
2017-06-20 00:00:00+09:00,943.9327492391255,977.9400634765625,943.9327492391255,977.9400634765625,19500,0.0,0.0
2017-06-21 00:00:00+09:00,978.8592575579459,978.8592575579459,960.4769240826793,969.6680908203125,20300,0.0,0.0
2017-06-22 00:00:00+09:00,969.6680729835545,1009.1900892283818,969.6680729835545,1006.4327392578125,22300,0.0,0.0
2017-06-23 00:00:00+09:00,1001.8370616249568,1005.5135279061493,985.2929633595905,999.0797119140625,19700,0.0,0.0
2017-06-26 00:00:00+09:00,1009.1900892283818,1009.1900892283818,989.8886394343964,1006.4327392578125,24900,0.0,0.0
2017-06-27 00:00:00+09:00,1001.8370616249568,1002.756178195255,995.4032456328699,999.0797119140625,14200,0.0,0.0
2017-06-28 00:00:00+09:00,1005.5135617298513,1038.6017593736124,995.4032791164798,1034.92529296875,18800,0.0,0.0
2017-06-29 00:00:00+09:00,1007.3518696816315,1007.3518696816315,974.2636695825998,978.8592529296875,14300,0.0,0.0
2017-06-30 00:00:00+09:00,992.6460267543346,992.6460267543346,978.8592763827467,980.697509765625,3900,0.0,0.0
2017-07-03 00:00:00+09:00,1008.2708187751565,1030.3296151749776,993.5649545086092,1027.572265625,12500,0.0,0.0
2017-07-04 00:00:00+09:00,1034.0061744264963,1050.5502732173202,1021.1385420336331,1039.5208740234375,15900,0.0,0.0
2017-07-05 00:00:00+09:00,1047.7928922568537,1063.417873983491,1043.197309396078,1056.06494140625,12600,0.0,0.0
2017-07-06 00:00:00+09:00,1056.9841521715643,1074.4473685987466,1052.3885689012532,1063.41796875,22400,0.0,0.0
2017-07-07 00:00:00+09:00,1056.0648776414357,1056.0648776414357,990.8076049586315,1027.572265625,11900,0.0,0.0
2017-07-10 00:00:00+09:00,1042.278364526944,1050.5504150390625,1028.491613673413,1050.5504150390625,4300,0.0,0.0
2017-07-11 00:00:00+09:00,1061.57963546281,1071.689917705313,1061.57963546281,1069.8516845703125,6400,0.0,0.0
2017-07-12 00:00:00+09:00,1069.8517637567934,1069.8517637567934,1050.5503144106658,1056.984130859375,9000,0.0,0.0
2017-07-13 00:00:00+09:00,1065.2563270992703,1065.2563270992703,1054.2269259558784,1058.822509765625,2300,0.0,0.0
2017-07-14 00:00:00+09:00,1056.9842817904444,1062.49898239109,1043.19753028883,1049.63134765625,14400,0.0,0.0
2017-07-17 00:00:00+09:00,1049.63134765625,1049.63134765625,1049.63134765625,1049.63134765625,0,0.0,0.0
2017-07-18 00:00:00+09:00,1024.8150305765712,1048.712062679702,982.5356660864167,988.969482421875,35000,0.0,0.0
2017-07-19 00:00:00+09:00,997.2415472423227,1015.623879910384,997.2415472423227,1009.1900634765625,10400,0.0,0.0
2017-07-20 00:00:00+09:00,1030.3296773859063,1056.06494140625,1024.8149779529754,1056.06494140625,10300,0.0,0.0
2017-07-21 00:00:00+09:00,1035.844314274933,1045.035479441525,1022.976683041704,1027.572265625,13200,0.0,0.0
2017-07-24 00:00:00+09:00,1034.0062149711277,1056.984130859375,1031.248865064538,1056.984130859375,12400,0.0,0.0
2017-07-25 00:00:00+09:00,1068.01359431709,1080.881227983561,1068.01359431709,1076.28564453125,24800,0.0,0.0
2017-07-26 00:00:00+09:00,1089.1532895401842,1109.3738569409302,1089.1532895401842,1101.101806640625,33700,0.0,0.0
2017-07-27 00:00:00+09:00,1112.1312021419703,1112.1312021419703,1094.6679849182533,1110.29296875,18400,0.0,0.0
2017-07-28 00:00:00+09:00,1082.719320155099,1095.5869521433601,1059.7414058903473,1060.6605224609375,8900,0.0,0.0
2017-07-31 00:00:00+09:00,1050.5502732173202,1050.5502732173202,1022.0576586331233,1039.5208740234375,14200,0.0,0.0
2017-08-01 00:00:00+09:00,984.3739149641283,1010.1091807148244,921.8739838552948,928.3078002929688,49000,0.0,0.0
2017-08-02 00:00:00+09:00,925.5503824474741,969.667977638615,923.71214931451,946.6900634765625,36500,0.0,0.0
2017-08-03 00:00:00+09:00,950.3666049890351,962.3151212993421,934.7416221217105,943.013671875,12700,0.0,0.0
2017-08-04 00:00:00+09:00,929.2269998467654,943.0137505863316,910.8446655273438,910.8446655273438,34300,0.0,0.0
2017-08-07 00:00:00+09:00,907.1681088234882,909.9254586983316,893.381359449271,894.3004760742188,20000,0.0,0.0
2017-08-08 00:00:00+09:00,897.057802241568,897.057802241568,885.1092864330225,892.4622192382812,26100,0.0,0.0
2017-08-09 00:00:00+09:00,886.0284445467283,897.9769609150972,878.675511396963,881.432861328125,16800,0.0,0.0
2017-08-10 00:00:00+09:00,879.5946821381774,883.2711489391729,871.3226318359375,871.3226318359375,15900,0.0,0.0
2017-08-11 00:00:00+09:00,871.3226318359375,871.3226318359375,871.3226318359375,871.3226318359375,0,0.0,0.0
2017-08-14 00:00:00+09:00,871.3225943153783,886.9475775467722,871.3225943153783,873.1608276367188,19400,0.0,0.0
2017-08-15 00:00:00+09:00,875.918236282109,886.0285202266034,873.1608861154286,877.7564697265625,18100,0.0,0.0
2017-08-16 00:00:00+09:00,877.7565250693208,901.6535613539305,876.8374082891435,886.9476928710938,21300,0.0,0.0
2017-08-17 00:00:00+09:00,897.057802241568,897.057802241568,886.9475196343371,892.4622192382812,9700,0.0,0.0
2017-08-18 00:00:00+09:00,890.6240656591747,907.1681659500572,886.0284822450407,903.49169921875,30300,0.0,0.0
2017-08-21 00:00:00+09:00,896.1386876076645,900.7342706210371,886.9475215809192,887.8666381835938,13500,0.0,0.0
2017-08-22 00:00:00+09:00,893.3813147770101,914.52099609375,893.3813147770101,914.52099609375,4000,0.0,0.0
2017-08-23 00:00:00+09:00,911.763669915998,916.3592529296875,908.0872035050463,916.3592529296875,10600,0.0,0.0
2017-08-24 00:00:00+09:00,918.1975753107681,932.9034423828125,917.2784586187654,932.9034423828125,10200,0.0,0.0
2017-08-25 00:00:00+09:00,943.0137164572011,960.4769334286308,940.2563664090807,951.2857666015625,23700,0.0,0.0
2017-08-28 00:00:00+09:00,934.7415889597595,945.7709882395208,928.3077727132322,935.6607055664062,11900,0.0,0.0
2017-08-29 00:00:00+09:00,920.0357213174143,953.1239190870716,920.0357213174143,940.2562866210938,12300,0.0,0.0
2017-08-30 00:00:00+09:00,959.5577755489865,989.8886247761096,953.1239590462634,986.212158203125,23300,0.0,0.0
2017-08-31 00:00:00+09:00,986.2120615736346,991.7267608927789,974.2635463821554,983.4547119140625,10700,0.0,0.0
2017-09-01 00:00:00+09:00,991.7269076446988,992.6460243338969,964.1534069687573,985.2930908203125,5800,0.0,0.0
2017-09-04 00:00:00+09:00,965.0724291466908,992.6459271223106,928.3077651791979,982.53564453125,14500,0.0,0.0
2017-09-05 00:00:00+09:00,982.5356525053913,987.1312355386251,935.6607055664062,935.6607055664062,6800,0.0,0.0
2017-09-06 00:00:00+09:00,963.2342117650632,963.2342117650632,937.4989465652333,945.77099609375,7400,0.0,0.0
2017-09-07 00:00:00+09:00,945.7710120705997,965.0724612965303,929.2269127340877,937.4989624023438,15600,0.0,0.0
2017-09-08 00:00:00+09:00,925.5504305795979,945.77099609375,925.5504305795979,945.77099609375,7400,0.0,0.0
2017-09-11 00:00:00+09:00,940.256284600873,940.256284600873,912.6827865187358,916.3592529296875,7100,0.0,0.0
2017-09-12 00:00:00+09:00,918.1974841820266,931.9842331937688,918.1974841820266,920.954833984375,4800,0.0,0.0
2017-09-13 00:00:00+09:00,939.3372908629498,965.0725591057703,939.3372908629498,964.1534423828125,12100,0.0,0.0
2017-09-14 00:00:00+09:00,961.3960891920618,961.3960891920618,922.7931869491683,925.550537109375,10500,0.0,0.0
2017-09-15 00:00:00+09:00,926.4696299481692,950.3666640539751,926.4696299481692,947.6093139648438,14300,0.0,0.0
2017-09-18 00:00:00+09:00,947.6093139648438,947.6093139648438,947.6093139648438,947.6093139648438,0,0.0,0.0
2017-09-19 00:00:00+09:00,932.9034306452824,938.4181307279146,923.7122638408954,931.9843139648438,6400,0.0,0.0
2017-09-20 00:00:00+09:00,927.3887422307959,940.2563759188347,927.3887422307959,932.9034423828125,5400,0.0,0.0
2017-09-21 00:00:00+09:00,943.0136518998579,963.2342175351375,940.2563020405016,960.4768676757812,8200,0.0,0.0
2017-09-22 00:00:00+09:00,958.6385486222722,1001.8370258852125,938.4179847970661,996.3223266601562,15100,0.0,0.0
2017-09-25 00:00:00+09:00,997.2413714520343,997.2413714520343,965.9914114249659,990.8075561523438,15400,0.0,0.0
2017-09-26 00:00:00+09:00,977.0209468755506,983.4547630826332,972.4253638704917,977.9400634765625,6200,0.0,0.0
2017-09-27 00:00:00+09:00,948.5283303613189,983.4547611304373,938.4180477702583,982.53564453125,5200,0.0,0.0
2017-09-28 00:00:00+09:00,977.94018135362,977.94018135362,940.2563961698809,963.2343139648438,7600,0.0,0.0
2017-09-29 00:00:00+09:00,951.285775923935,962.3151762245025,928.3078586310864,956.8004760742188,8400,0.0,0.0
2017-10-02 00:00:00+09:00,956.8004171599753,956.8004171599753,922.7931016605332,952.204833984375,10300,0.0,0.0
2017-10-03 00:00:00+09:00,952.2047491055782,987.1311781268254,952.2047491055782,983.4547119140625,11100,0.0,0.0
2017-10-04 00:00:00+09:00,983.4547411324061,983.4547411324061,957.7194768784739,971.5062255859375,4200,0.0,0.0
2017-10-05 00:00:00+09:00,961.3960788210504,980.6975297342838,940.2563944875092,943.932861328125,3400,0.0,0.0
2017-10-06 00:00:00+09:00,945.7710972616117,961.3960813757491,939.3372802734375,939.3372802734375,3900,0.0,0.0
2017-10-09 00:00:00+09:00,939.3372802734375,939.3372802734375,939.3372802734375,939.3372802734375,0,0.0,0.0
2017-10-10 00:00:00+09:00,943.0136814561001,962.3151310765465,940.2563315103221,948.5283813476562,3100,0.0,0.0
2017-10-11 00:00:00+09:00,972.4253477949557,972.4253477949557,953.1238994927874,957.719482421875,4100,0.0,0.0
2017-10-12 00:00:00+09:00,965.9915125466651,992.6458930070394,954.0429971678767,975.1826782226562,19000,0.0,0.0
2017-10-13 00:00:00+09:00,975.1825761388095,995.4031385092655,971.506110253272,990.8075561523438,7700,0.0,0.0
2017-10-16 00:00:00+09:00,990.8077933714562,1024.8151109547066,970.5872261597939,980.697509765625,11800,0.0,0.0
2017-10-17 00:00:00+09:00,999.0798339295366,1040.4400846441908,988.96955042151,1022.9768676757812,24500,0.0,0.0
2017-10-18 00:00:00+09:00,1017.4621391400898,1031.2488889929366,1006.4327392578125,1006.4327392578125,10400,0.0,0.0
2017-10-19 00:00:00+09:00,998.1608001796427,1011.9475515633394,961.3961298231181,962.3152465820312,13800,0.0,0.0
2017-10-20 00:00:00+09:00,983.4547418706558,1008.2708895627189,981.6165087082807,999.9988403320312,9900,0.0,0.0
2017-10-23 00:00:00+09:00,1010.109122725094,1019.3002885369693,973.3444594775929,999.9988403320312,10300,0.0,0.0
2017-10-24 00:00:00+09:00,1007.3518398119056,1015.623889591383,993.5650901794434,1014.7047729492188,13900,0.0,0.0
2017-10-25 00:00:00+09:00,1025.7341738627097,1026.6532905059557,977.0209917706634,986.212158203125,18600,0.0,0.0
2017-10-26 00:00:00+09:00,986.2122096334808,1011.0283602952738,986.2122096334808,1004.5945434570312,6700,0.0,0.0
2017-10-27 00:00:00+09:00,1004.5945317195011,1011.9474651630107,993.5651315542367,1003.6754150390625,6700,0.0,0.0
2017-10-30 00:00:00+09:00,1011.0281683251342,1027.572265625,998.1605370919052,1027.572265625,15800,0.0,0.0
2017-10-31 00:00:00+09:00,1011.028192924945,1011.028192924945,976.1017644420832,991.7267456054688,9800,0.0,0.0
2017-11-01 00:00:00+09:00,985.2929983156536,1005.5135635795942,978.8591820953088,1001.8370971679688,13900,0.0,0.0
2017-11-02 00:00:00+09:00,1011.0283581178579,1011.0283581178579,964.1534069687573,985.2930908203125,33400,0.0,0.0
2017-11-03 00:00:00+09:00,985.2930908203125,985.2930908203125,985.2930908203125,985.2930908203125,0,0.0,0.0
2017-11-06 00:00:00+09:00,965.0725473884409,978.8592980654186,946.6902131524705,963.2343139648438,21800,0.0,0.0
2017-11-07 00:00:00+09:00,954.0431028554137,996.322469648621,954.0431028554137,978.8592529296875,13300,0.0,0.0
2017-11-08 00:00:00+09:00,988.0503678522191,992.6459509585085,981.6165515034139,984.3739013671875,13500,0.0,0.0
2017-11-09 00:00:00+09:00,991.7267643766584,992.6458809330778,965.0723842404923,974.2635498046875,18900,0.0,0.0
2017-11-10 00:00:00+09:00,948.5284234770854,965.9916405759852,948.5284234770854,961.3960571289062,3800,0.0,0.0
2017-11-13 00:00:00+09:00,973.344510180966,973.344510180966,953.1239443415126,965.9915771484375,4400,0.0,0.0
2017-11-14 00:00:00+09:00,953.1239249823298,973.3444904110773,951.2856917615346,954.962158203125,22900,0.0,0.0
2017-11-15 00:00:00+09:00,950.3666264256111,965.0724929853885,947.6092764456529,949.447509765625,5300,0.0,0.0
2017-11-16 00:00:00+09:00,947.6091800430446,949.4474131760088,942.094480644152,946.6900634765625,15900,0.0,0.0
2017-11-17 00:00:00+09:00,946.6900969929778,955.8812629832009,941.175397398844,954.0430297851562,14400,0.0,0.0
2017-11-20 00:00:00+09:00,955.8813145363978,955.8813145363978,945.7710314018782,948.5283813476562,14200,0.0,0.0
2017-11-21 00:00:00+09:00,947.6092175419765,973.344482421875,946.690100939123,973.344482421875,16200,0.0,0.0
2017-11-22 00:00:00+09:00,983.4547909823331,991.7268406261097,911.7636940696023,970.587158203125,51500,0.0,0.0
2017-11-23 00:00:00+09:00,970.587158203125,970.587158203125,970.587158203125,970.587158203125,0,0.0,0.0
2017-11-24 00:00:00+09:00,955.8813918761915,964.1534423828125,948.5284580925286,964.1534423828125,11700,0.0,0.0
2017-11-27 00:00:00+09:00,963.2342929162164,966.9107596830722,946.6901924653654,956.8004760742188,42200,0.0,0.0
2017-11-28 00:00:00+09:00,970.5871071680791,988.0503221644744,960.4768248017449,976.101806640625,38800,0.0,0.0
2017-11-29 00:00:00+09:00,976.101806640625,979.7782729556556,966.9106408530484,976.101806640625,11500,0.0,0.0
2017-11-30 00:00:00+09:00,979.7782491432046,981.6164822560436,974.2635498046875,974.2635498046875,14200,0.0,0.0
2017-12-01 00:00:00+09:00,974.2636268100322,974.2636268100322,961.3959940031071,965.9915771484375,9700,0.0,0.0
2017-12-04 00:00:00+09:00,960.476916959916,973.3445502971781,954.9622169582324,959.5578002929688,11400,0.0,0.0
2017-12-05 00:00:00+09:00,959.5577174805629,974.2635828825639,946.6900852538122,953.1239013671875,18400,0.0,0.0
2017-12-06 00:00:00+09:00,951.2857430855972,963.2342596654163,949.447509765625,949.447509765625,8800,0.0,0.0
2017-12-07 00:00:00+09:00,946.6901106991205,964.1533263333762,944.8518774744621,950.3665771484375,20700,0.0,0.0
2017-12-08 00:00:00+09:00,949.4474331495172,963.2341819367803,948.5283165636996,957.719482421875,11400,0.0,0.0
2017-12-11 00:00:00+09:00,938.4180688009308,965.0724507747084,938.4180688009308,960.4768676757812,14700,0.0,0.0
2017-12-12 00:00:00+09:00,963.2343231143263,974.2637237606735,959.5578562322106,968.7490234375,35200,0.0,0.0
2017-12-13 00:00:00+09:00,968.7488953695132,989.8885771470264,954.0430297851562,954.0430297851562,43600,0.0,0.0
2017-12-14 00:00:00+09:00,958.6386631474894,986.2121625668802,958.6386631474894,977.02099609375,11100,0.0,0.0
2017-12-15 00:00:00+09:00,987.1312437363338,990.8077101934524,941.1754130223518,945.77099609375,56800,0.0,0.0
2017-12-18 00:00:00+09:00,946.6901028540826,963.2342017389113,939.337170016381,940.2562866210938,25300,0.0,0.0
2017-12-19 00:00:00+09:00,934.7416167306428,938.4180832664566,901.6534179083192,928.3078002929688,32300,0.0,0.0
2017-12-20 00:00:00+09:00,935.660734552214,955.8813005248552,931.0651513766137,952.204833984375,23200,0.0,0.0
2017-12-21 00:00:00+09:00,952.2048004981608,960.4768499233379,933.8224684422117,944.8518676757812,38900,0.0,0.0
2017-12-22 00:00:00+09:00,951.2856940044126,951.2856940044126,910.844563051568,921.8739624023438,41600,0.0,0.0
2017-12-25 00:00:00+09:00,931.9842110945352,943.9327266213882,910.8445297777953,914.52099609375,48900,0.0,0.0
2017-12-26 00:00:00+09:00,925.5505136670165,927.3887470605955,911.7637632151741,923.7122802734375,58800,0.0,0.0
2017-12-27 00:00:00+09:00,915.4401108398438,931.0650926513672,914.5209942626954,919.1165771484375,29900,0.0,0.0
2017-12-28 00:00:00+09:00,923.7122638408954,960.4769310584435,923.7122638408954,955.88134765625,17800,0.0,0.0
2017-12-29 00:00:00+09:00,960.4768480573381,982.5356464816215,954.0430318502555,977.9400634765625,36300,0.0,0.0
2018-01-01 00:00:00+09:00,977.9400634765625,977.9400634765625,977.9400634765625,977.9400634765625,0,0.0,0.0
2018-01-02 00:00:00+09:00,977.9400634765625,977.9400634765625,977.9400634765625,977.9400634765625,0,0.0,0.0
2018-01-03 00:00:00+09:00,977.9400634765625,977.9400634765625,977.9400634765625,977.9400634765625,0,0.0,0.0
2018-01-04 00:00:00+09:00,981.6166575249051,981.6166575249051,958.6387395116816,968.7490234375,10700,0.0,0.0
2018-01-05 00:00:00+09:00,962.3151528801717,989.8886529626981,962.3151528801717,978.8592529296875,15500,0.0,0.0
2018-01-08 00:00:00+09:00,978.8592529296875,978.8592529296875,978.8592529296875,978.8592529296875,0,0.0,0.0
2018-01-09 00:00:00+09:00,990.807697933092,1010.1091465941263,984.3738817127472,1001.8370971679688,8700,0.0,0.0
2018-01-10 00:00:00+09:00,975.1826479030606,1005.5134936908089,975.1826479030606,991.7267456054688,7700,0.0,0.0
2018-01-11 00:00:00+09:00,978.8592218899455,988.050388292668,961.3960057247727,966.9107055664062,12100,0.0,0.0
2018-01-12 00:00:00+09:00,967.8296443677347,998.1604879234186,967.8296443677347,990.8075561523438,17600,0.0,0.0
2018-01-15 00:00:00+09:00,981.6165961371527,1000.9180460611979,981.6165961371527,992.64599609375,7200,0.0,0.0
2018-01-16 00:00:00+09:00,991.7268981933594,1009.1901151216947,988.9695481520432,1003.6754150390625,13800,0.0,0.0
2018-01-17 00:00:00+09:00,996.3225214663738,1005.5136886385728,996.3225214663738,997.2416381835938,8200,0.0,0.0
2018-01-18 00:00:00+09:00,997.2416881716629,1018.3813737273756,991.7269875919118,1015.6240234375,10600,0.0,0.0
2018-01-19 00:00:00+09:00,1026.6532058977998,1071.689917705313,1026.6532058977998,1069.8516845703125,28900,0.0,0.0
2018-01-22 00:00:00+09:00,1089.153301892683,1089.153301892683,1066.175384131234,1078.1239013671875,17600,0.0,0.0
2018-01-23 00:00:00+09:00,1094.6680731154581,1106.6165911259543,1079.043088024809,1083.638671875,38000,0.0,0.0
2018-01-24 00:00:00+09:00,1097.4253532034452,1121.3223876953125,1088.2341860911886,1121.3223876953125,24000,0.0,0.0
2018-01-25 00:00:00+09:00,1129.5941998725157,1129.5941998725157,1098.34423828125,1098.34423828125,21300,0.0,0.0
2018-01-26 00:00:00+09:00,1100.1827316087715,1106.6165487526823,1068.932762624061,1070.77099609375,9400,0.0,0.0
2018-01-29 00:00:00+09:00,1060.6604570970467,1067.0942726946892,1035.844311220426,1036.763427734375,13500,0.0,0.0
2018-01-30 00:00:00+09:00,1043.1973041128047,1124.0795620528284,1043.1973041128047,1069.8516845703125,21000,0.0,0.0
2018-01-31 00:00:00+09:00,1034.006362621087,1089.1533686275448,1034.006362621087,1049.63134765625,13000,0.0,0.0
2018-02-01 00:00:00+09:00,1132.3515639142831,1272.9763928744173,1122.24128209362,1269.2999267578125,111400,0.0,0.0
2018-02-02 00:00:00+09:00,1259.1898451430482,1295.0353954792372,1247.2413283643184,1256.4324951171875,73300,0.0,0.0
2018-02-05 00:00:00+09:00,1201.285432305051,1217.8295316022898,1162.6825339448276,1184.7413330078125,76500,0.0,0.0
2018-02-06 00:00:00+09:00,1125.9179720168236,1151.6532399486368,1030.329833984375,1030.329833984375,50000,0.0,0.0
2018-02-07 00:00:00+09:00,1113.0501559489483,1115.80750563338,1083.6384259816762,1088.2340087890625,21800,0.0,0.0
2018-02-08 00:00:00+09:00,1143.3811236740253,1143.3811236740253,1080.8811908686926,1102.0208740234375,16400,0.0,0.0
2018-02-09 00:00:00+09:00,1052.3887216773019,1133.270998976518,1038.6019698649354,1128.6754150390625,25300,0.0,0.0
2018-02-12 00:00:00+09:00,1128.6754150390625,1128.6754150390625,1128.6754150390625,1128.6754150390625,0,0.0,0.0
2018-02-13 00:00:00+09:00,1116.7267739782892,1134.189991019925,1076.285639776606,1085.476806640625,15700,0.0,0.0
2018-02-14 00:00:00+09:00,1084.5576517934312,1084.5576517934312,1044.116519014693,1063.41796875,6400,0.0,0.0
2018-02-15 00:00:00+09:00,1063.4179992675781,1102.9400165264422,1045.035665658804,1099.2635498046875,5700,0.0,0.0
2018-02-16 00:00:00+09:00,1094.6678008258646,1134.189812106731,1067.0943045833994,1086.395751953125,9800,0.0,0.0
2018-02-19 00:00:00+09:00,1092.8296949367068,1107.5355613109602,1056.0650290010733,1077.2047119140625,10400,0.0,0.0
2018-02-20 00:00:00+09:00,1078.1236748986662,1102.9398208682007,1078.1236748986662,1098.34423828125,7000,0.0,0.0
2018-02-21 00:00:00+09:00,1098.3444451023431,1098.3444451023431,1069.8518276980144,1076.28564453125,6800,0.0,0.0
2018-02-22 00:00:00+09:00,1068.9325715962482,1073.5281544491984,1058.8222893197574,1060.6605224609375,9000,0.0,0.0
2018-02-23 00:00:00+09:00,1060.6605518819156,1066.1752514584248,1045.954686344558,1048.7120361328125,12900,0.0,0.0
2018-02-26 00:00:00+09:00,1048.712192008884,1049.6313087415824,1021.1386900279316,1032.1680908203125,14900,0.0,0.0
2018-02-27 00:00:00+09:00,1032.167925161322,1034.9252749168734,1019.30029296875,1019.30029296875,9900,0.0,0.0
2018-02-28 00:00:00+09:00,1003.6753775476319,1024.8150604080674,1003.6753775476319,1005.5136108398438,12100,0.0,0.0
2018-03-01 00:00:00+09:00,1005.5136622321028,1045.0356800346444,1005.5136622321028,1023.89599609375,10300,0.0,0.0
2018-03-02 00:00:00+09:00,1005.5136827644124,1034.9254175436272,1005.5136827644124,1030.329833984375,6100,0.0,0.0
2018-03-05 00:00:00+09:00,1028.4915677710685,1028.4915677710685,1011.9474674852067,1022.9768676757812,8500,0.0,0.0
2018-03-06 00:00:00+09:00,1034.0060030250247,1056.0647977562253,1031.2486536836245,1045.035400390625,9500,0.0,0.0
2018-03-07 00:00:00+09:00,1045.0355372478052,1125.917795187829,1036.7634881403028,1069.8516845703125,25800,0.0,0.0
2018-03-08 00:00:00+09:00,1065.256043655204,1123.1603842507845,1065.256043655204,1098.34423828125,14200,0.0,0.0
2018-03-09 00:00:00+09:00,1105.6973642163432,1123.1605811075406,1099.2635474669546,1103.859130859375,10400,0.0,0.0
2018-03-12 00:00:00+09:00,1115.8076949883298,1121.3223952930498,1095.5871272043569,1107.53564453125,13000,0.0,0.0
2018-03-13 00:00:00+09:00,1112.1311905462796,1112.1311905462796,1075.3665230902043,1085.476806640625,11400,0.0,0.0
2018-03-14 00:00:00+09:00,1066.1753609361656,1080.881227983561,1066.1753609361656,1076.28564453125,5900,0.0,0.0
2018-03-15 00:00:00+09:00,1077.2048030704648,1139.7047404499797,1077.2048030704648,1132.351806640625,15000,0.0,0.0
2018-03-16 00:00:00+09:00,1148.8957817552546,1162.6825311363177,1135.1090323741917,1136.947265625,23900,0.0,0.0
2018-03-19 00:00:00+09:00,1164.520945712365,1175.5503469345815,1102.9401222216557,1126.837158203125,14700,0.0,0.0
2018-03-20 00:00:00+09:00,1103.859088078204,1110.2929045782435,1090.991455078125,1090.991455078125,3300,0.0,0.0
2018-03-21 00:00:00+09:00,1090.991455078125,1090.991455078125,1090.991455078125,1090.991455078125,0,0.0,0.0
2018-03-22 00:00:00+09:00,1087.3148706465172,1165.4397768214571,1087.3148706465172,1147.9765625,10300,0.0,0.0
2018-03-23 00:00:00+09:00,1135.1090407861288,1136.9472740505598,1116.726708141819,1118.56494140625,4300,0.0,0.0
2018-03-26 00:00:00+09:00,1130.5134471948595,1141.5428466796875,1103.8590651065253,1141.5428466796875,11300,0.0,0.0
2018-03-27 00:00:00+09:00,1157.1680030792015,1157.1680030792015,1122.2415661316163,1140.6239013671875,3400,0.0,0.0
2018-03-28 00:00:00+09:00,1119.2949631777128,1205.537242859177,1112.8036087930864,1170.2984619140625,4400,11.0,0.0
2018-03-29 00:00:00+09:00,1170.2984937122674,1176.7898482732705,1153.606439126831,1171.225830078125,5500,0.0,0.0
2018-03-30 00:00:00+09:00,1199.045893228914,1199.045893228914,1182.353839030832,1195.3365478515625,5300,0.0,0.0
2018-04-02 00:00:00+09:00,1195.3365537147822,1195.3365537147822,1171.2258086437314,1177.7171630859375,1300,0.0,0.0
2018-04-03 00:00:00+09:00,1160.0977885978766,1172.1531613011318,1160.0977885978766,1167.5164794921875,700,0.0,0.0
2018-04-04 00:00:00+09:00,1170.298488577554,1170.298488577554,1167.5164794921875,1167.5164794921875,300,0.0,0.0
2018-04-05 00:00:00+09:00,1149.8972757534345,1205.5374665156976,1093.3297484784673,1198.1187744140625,6300,0.0,0.0
2018-04-06 00:00:00+09:00,1202.7552065641985,1202.7552065641985,1165.6617537788723,1173.0804443359375,900,0.0,0.0
2018-04-09 00:00:00+09:00,1173.0804714298324,1173.0804714298324,1137.841690469885,1148.9697265625,3700,0.0,0.0
2018-04-10 00:00:00+09:00,1148.9697265625,1148.9697265625,1148.9697265625,1148.9697265625,0,0.0,0.0
2018-04-11 00:00:00+09:00,1122.076904296875,1124.8589131505037,1122.076904296875,1122.076904296875,1500,0.0,0.0
2018-04-12 00:00:00+09:00,1115.5856290331074,1154.5337557325176,1114.6582926831215,1135.0596923828125,5300,0.0,0.0
2018-04-13 00:00:00+09:00,1139.6963844794732,1154.5337662139495,1139.6963844794732,1142.4783935546875,1700,0.0,0.0
2018-04-16 00:00:00+09:00,1141.551152304213,1169.3712453741778,1141.551152304213,1145.260498046875,600,0.0,0.0
2018-04-17 00:00:00+09:00,1173.0805911168395,1173.0805911168395,1143.4058251755441,1145.260498046875,2300,0.0,0.0
2018-04-18 00:00:00+09:00,1173.0806484207546,1195.3367239639151,1168.4439660159294,1189.772705078125,3700,0.0,0.0
2018-04-19 00:00:00+09:00,1189.772503455292,1189.772503455292,1162.8797500646424,1176.789794921875,900,0.0,0.0
2018-04-20 00:00:00+09:00,1176.789794921875,1176.789794921875,1176.789794921875,1176.789794921875,0,0.0,0.0
2018-04-23 00:00:00+09:00,1185.135865133217,1185.135865133217,1161.0251198331673,1163.80712890625,3200,0.0,0.0
2018-04-24 00:00:00+09:00,1172.15311875,1181.42648203125,1146.1877015625,1159.17041015625,8400,0.0,0.0
2018-04-25 00:00:00+09:00,1171.2258806926448,1171.2258806926448,1140.623779296875,1140.623779296875,9000,0.0,0.0
2018-04-26 00:00:00+09:00,1140.6237782623807,1140.6237782623807,1090.547612387447,1094.2569580078125,7000,0.0,0.0
2018-04-27 00:00:00+09:00,1096.111605519262,1098.893614670326,1075.710205078125,1075.710205078125,8100,0.0,0.0
2018-04-30 00:00:00+09:00,1075.710205078125,1075.710205078125,1075.710205078125,1075.710205078125,0,0.0,0.0
2018-05-01 00:00:00+09:00,1114.6583487344683,1117.4403579243215,1084.983584042702,1086.8382568359375,9200,0.0,0.0
2018-05-02 00:00:00+09:00,1086.8382416823815,1089.6202508334457,1052.5267954859241,1075.710205078125,4200,0.0,0.0
2018-05-03 00:00:00+09:00,1075.710205078125,1075.710205078125,1075.710205078125,1075.710205078125,0,0.0,0.0
2018-05-04 00:00:00+09:00,1075.710205078125,1075.710205078125,1075.710205078125,1075.710205078125,0,0.0,0.0
2018-05-07 00:00:00+09:00,1057.1634150433645,1076.6374779520581,1052.5267333984375,1052.5267333984375,5600,0.0,0.0
2018-05-08 00:00:00+09:00,1061.8000806771856,1073.8554527722104,1039.5440091171397,1062.7274169921875,5400,0.0,0.0
2018-05-09 00:00:00+09:00,1060.872787205996,1064.5821326158073,1044.1807328618459,1049.7447509765625,3300,0.0,0.0
2018-05-10 00:00:00+09:00,1049.7447509765625,1049.7447509765625,1049.7447509765625,1049.7447509765625,0,0.0,0.0
2018-05-11 00:00:00+09:00,1057.163390555373,1080.3467982429909,1007.0872299501185,1014.5059204101562,16700,0.0,0.0
2018-05-14 00:00:00+09:00,1002.4505933384357,1013.5786295272065,995.0319025459219,1003.3779296875,21800,0.0,0.0
2018-05-15 00:00:00+09:00,1008.9419771912582,1009.8693135673531,996.8866043020244,1002.4506225585938,20300,0.0,0.0
2018-05-16 00:00:00+09:00,1007.0873295007025,1038.6167670725476,1007.0873295007025,1020.9973754882812,7200,0.0,0.0
2018-05-17 00:00:00+09:00,1021.9247222308339,1056.2361693474772,1021.9247222308339,1051.5994873046875,5800,0.0,0.0
2018-05-18 00:00:00+09:00,1055.308964668582,1055.308964668582,1033.980224609375,1033.980224609375,3200,0.0,0.0
2018-05-21 00:00:00+09:00,1037.6894213517792,1037.6894213517792,1027.4887210525212,1036.7620849609375,3300,0.0,0.0
2018-05-22 00:00:00+09:00,1036.7621018324442,1042.3261202680387,1026.5614013671875,1026.5614013671875,2000,0.0,0.0
2018-05-23 00:00:00+09:00,1029.3432204494272,1047.8899451422096,1029.3432204494272,1042.325927734375,2200,0.0,0.0
2018-05-24 00:00:00+09:00,1026.5614787909094,1039.544189453125,1026.5614787909094,1039.544189453125,3200,0.0,0.0
2018-05-25 00:00:00+09:00,1047.8902496501087,1047.8902496501087,1037.689548104842,1040.4715576171875,10900,0.0,0.0
2018-05-28 00:00:00+09:00,1034.9074976836255,1042.3261894232928,1031.1981518137916,1032.12548828125,1800,0.0,0.0
2018-05-29 00:00:00+09:00,1032.1253929344384,1032.1253929344384,1020.070019971143,1029.3433837890625,3300,0.0,0.0
2018-05-30 00:00:00+09:00,1011.7240964235181,1029.3434894868058,1011.7240964235181,1016.3607788085938,3900,0.0,0.0
2018-05-31 00:00:00+09:00,1016.3608127416969,1029.343523853361,1016.3608127416969,1019.142822265625,1800,0.0,0.0
2018-06-01 00:00:00+09:00,1019.1426019476797,1020.0699382551845,1013.5785841026515,1014.5059204101562,5300,0.0,0.0
2018-06-04 00:00:00+09:00,1018.2152892259775,1060.8727603593063,1018.2152892259775,1052.5267333984375,4800,0.0,0.0
2018-06-05 00:00:00+09:00,1053.4539625500445,1066.4366698349922,1033.979901622623,1042.325927734375,9500,0.0,0.0
2018-06-06 00:00:00+09:00,1043.253364866545,1054.381400758455,1038.616683244916,1048.8173828125,3300,0.0,0.0
2018-06-07 00:00:00+09:00,1049.7446921938288,1051.5993647948778,1030.2706298828125,1030.2706298828125,2900,0.0,0.0
2018-06-08 00:00:00+09:00,1029.343447239279,1040.4714845067306,1023.779428605553,1031.1981201171875,17000,0.0,0.0
2018-06-11 00:00:00+09:00,1027.4886792718664,1031.1980246844003,1026.561342918733,1028.416015625,7100,0.0,0.0
2018-06-12 00:00:00+09:00,1029.3433519781333,1035.8347064500676,1027.4886792718664,1028.416015625,6100,0.0,0.0
2018-06-13 00:00:00+09:00,1029.343410584985,1033.980092614647,1025.634064961255,1026.5614013671875,8600,0.0,0.0
2018-06-14 00:00:00+09:00,1020.0699542918254,1023.7792995801593,1004.3052368164062,1004.3052368164062,8500,0.0,0.0
2018-06-15 00:00:00+09:00,1014.5059007195335,1015.4332370090394,973.7031039812707,980.1944580078125,15200,0.0,0.0
2018-06-18 00:00:00+09:00,993.1771737318772,993.1771737318772,964.4297485351562,964.4297485351562,4100,0.0,0.0
2018-06-19 00:00:00+09:00,954.229204338988,963.5025688126419,921.7724286811994,944.0285034179688,23300,0.0,0.0
2018-06-20 00:00:00+09:00,946.8103982210159,950.5197435617447,946.8103982210159,949.5924072265625,7600,0.0,0.0
2018-06-21 00:00:00+09:00,951.4471031379334,982.9765393042976,951.4471031379334,966.2844848632812,16200,0.0,0.0
2018-06-22 00:00:00+09:00,967.2118328715479,1002.4506148937137,967.2118328715479,996.8865966796875,8600,0.0,0.0
2018-06-25 00:00:00+09:00,1007.0872627838313,1007.0872627838313,946.8104008308396,951.4470825195312,18000,0.0,0.0
2018-06-26 00:00:00+09:00,939.3917101289329,956.083764208223,926.4090014005963,951.4470825195312,7300,0.0,0.0
2018-06-27 00:00:00+09:00,951.4471629995161,951.4471629995161,933.8277710921176,943.1011352539062,6100,0.0,0.0
2018-06-28 00:00:00+09:00,937.537082649547,947.7377828564164,933.8277371197762,940.319091796875,7500,0.0,0.0
2018-06-29 00:00:00+09:00,939.3917629466337,955.1564815745634,937.5370901668773,945.8831176757812,9900,0.0,0.0
2018-07-02 00:00:00+09:00,933.827700355008,945.8830728521432,933.827700355008,935.682373046875,2700,0.0,0.0
2018-07-03 00:00:00+09:00,941.246420542399,945.8831024169922,925.4817021687825,934.7550659179688,8600,0.0,0.0
2018-07-04 00:00:00+09:00,927.3364039613332,942.1737864247145,927.3364039613332,933.8277587890625,4100,0.0,0.0
2018-07-05 00:00:00+09:00,927.3363595985504,935.6823868349373,920.8450050813606,923.6270141601562,4300,0.0,0.0
2018-07-06 00:00:00+09:00,920.8449759679429,934.7550209221415,920.8449759679429,924.5543212890625,1500,0.0,0.0
2018-07-09 00:00:00+09:00,938.4644556167198,949.5924926398429,938.4644556167198,944.955810546875,2300,0.0,0.0
2018-07-10 00:00:00+09:00,943.1010499799081,969.0664672851562,942.1737136475778,969.0664672851562,7800,0.0,0.0
2018-07-11 00:00:00+09:00,1006.1599473550286,1008.0146200690472,987.6132202148438,987.6132202148438,19800,0.0,0.0
2018-07-12 00:00:00+09:00,959.7931480407715,972.7758572896321,928.2637112935383,934.7550659179688,16300,0.0,0.0
2018-07-13 00:00:00+09:00,954.2291156944402,954.2291156944402,935.6823884700585,946.8104248046875,3900,0.0,0.0
2018-07-16 00:00:00+09:00,946.8104248046875,946.8104248046875,946.8104248046875,946.8104248046875,0,0.0,0.0
2018-07-17 00:00:00+09:00,939.3917236328125,942.1737326860192,931.0456964731923,939.3917236328125,10300,0.0,0.0
2018-07-18 00:00:00+09:00,933.827756299071,940.3191111094916,931.9730834960938,931.9730834960938,5900,0.0,0.0
2018-07-19 00:00:00+09:00,932.900321533203,932.900321533203,927.3363037109375,927.3363037109375,5800,0.0,0.0
2018-07-20 00:00:00+09:00,927.3363037109375,937.5370030517578,927.3363037109375,927.3363037109375,4300,0.0,0.0
2018-07-23 00:00:00+09:00,921.7722858886718,938.4643393554687,919.9176132812499,927.3363037109375,6300,0.0,0.0
2018-07-24 00:00:00+09:00,926.4090675573718,945.8831320405599,926.4090675573718,933.8277587890625,9300,0.0,0.0
2018-07-25 00:00:00+09:00,944.0284592326373,944.0284592326373,927.3364039613332,933.8277587890625,23000,0.0,0.0
2018-07-26 00:00:00+09:00,936.609825098119,990.3953398067239,931.9731427956531,978.3399658203125,14900,0.0,0.0
2018-07-27 00:00:00+09:00,954.2291122114361,977.4125211572922,953.3017758536018,966.2844848632812,7100,0.0,0.0
2018-07-30 00:00:00+09:00,958.8658230329911,968.139186892111,958.8658230329911,965.357177734375,6100,0.0,0.0
2018-07-31 00:00:00+09:00,945.8831615429498,963.5025537677694,945.8831615429498,956.0838623046875,5700,0.0,0.0
2018-08-01 00:00:00+09:00,938.4644126633591,963.5024948193974,938.4644126633591,957.9384765625,3700,0.0,0.0
2018-08-02 00:00:00+09:00,948.6651089556411,957.011136307157,932.900390625,932.900390625,7300,0.0,0.0
2018-08-03 00:00:00+09:00,931.0457470946051,941.2464475109803,929.1910742916278,931.9730834960938,11000,0.0,0.0
2018-08-06 00:00:00+09:00,931.9730455504833,948.6651000976562,931.9730455504833,948.6651000976562,1700,0.0,0.0
2018-08-07 00:00:00+09:00,939.3917400794114,944.9557582832382,923.6270218352357,929.1910400390625,3900,0.0,0.0
2018-08-08 00:00:00+09:00,929.1909896397354,940.3190254438042,928.2636533227297,936.6096801757812,3600,0.0,0.0
2018-08-09 00:00:00+09:00,941.2464128140203,944.9557582832382,929.1910400390625,929.1910400390625,3200,0.0,0.0
2018-08-10 00:00:00+09:00,927.3364233349512,939.3917968383055,924.5544140649463,925.4817504882812,3900,0.0,0.0
2018-08-13 00:00:00+09:00,922.6996459960938,928.2636639618994,918.9903006855567,922.6996459960938,3200,0.0,0.0
2018-08-14 00:00:00+09:00,922.6997651285648,944.9558398653342,922.6997651285648,944.0285034179688,3600,0.0,0.0
2018-08-15 00:00:00+09:00,928.263695958149,944.0284140713244,923.6270141601562,923.6270141601562,3500,0.0,0.0
2018-08-16 00:00:00+09:00,918.0629875582274,939.3917236328125,918.0629875582274,939.3917236328125,2500,0.0,0.0
2018-08-17 00:00:00+09:00,936.6097399110599,967.2118403239956,936.6097399110599,957.9384765625,2500,0.0,0.0
2018-08-20 00:00:00+09:00,952.3744532341397,962.5751533174654,941.2464167796024,954.2291259765625,3600,0.0,0.0
2018-08-21 00:00:00+09:00,950.5197143554688,964.4297589557926,949.5923780487805,950.5197143554688,2800,0.0,0.0
2018-08-22 00:00:00+09:00,950.5197693104944,968.13916015625,949.5924329501916,968.13916015625,2800,0.0,0.0
2018-08-23 00:00:00+09:00,969.9938294316681,989.4678929288623,969.9938294316681,987.6132202148438,4200,0.0,0.0
2018-08-24 00:00:00+09:00,987.6132619847133,995.9592895507812,982.0492436073346,995.9592895507812,4500,0.0,0.0
2018-08-27 00:00:00+09:00,1006.1600763217133,1083.1290038191348,1006.1600763217133,1039.544189453125,19600,0.0,0.0
2018-08-28 00:00:00+09:00,1051.5995636394682,1055.3089095429584,1031.1981611702722,1039.544189453125,5900,0.0,0.0
2018-08-29 00:00:00+09:00,1032.1252291533447,1052.5266263154053,1032.1252291533447,1042.325927734375,2900,0.0,0.0
2018-08-30 00:00:00+09:00,1047.8901514698036,1068.2915526488616,1041.3987965491942,1059.0181884765625,7100,0.0,0.0
2018-08-31 00:00:00+09:00,1061.8001235584488,1062.7274599109016,1047.8900782716569,1049.7447509765625,6000,0.0,0.0
2018-09-03 00:00:00+09:00,1052.5269141874794,1052.5269141874794,1050.6722412109375,1050.6722412109375,300,0.0,0.0
2018-09-04 00:00:00+09:00,1045.10806340699,1070.1461447840873,1035.8346999339908,1067.3641357421875,8400,0.0,0.0
2018-09-05 00:00:00+09:00,1062.7275172528864,1073.8555540827597,1056.2361624354605,1069.2188720703125,5800,0.0,0.0
2018-09-06 00:00:00+09:00,1070.1462942515516,1074.7829766356572,1054.3815741455928,1064.582275390625,6500,0.0,0.0
2018-09-07 00:00:00+09:00,1056.2361046993371,1082.201522549716,1050.6720865885418,1071.073486328125,10700,0.0,0.0
2018-09-10 00:00:00+09:00,1071.0734491762908,1074.7827944548235,1049.7447138247283,1066.436767578125,8000,0.0,0.0
2018-09-11 00:00:00+09:00,1061.8001505714058,1066.4368324516304,1010.7966498889366,1046.9627685546875,10500,0.0,0.0
2018-09-12 00:00:00+09:00,1031.197933137362,1042.3259683870458,983.903783326206,1008.0145263671875,7600,0.0,0.0
2018-09-13 00:00:00+09:00,993.1772730540645,1061.8001658701248,993.1772730540645,1058.0908203125,10900,0.0,0.0
2018-09-14 00:00:00+09:00,1030.2707617711126,1047.890153736595,1027.4887525134047,1037.689453125,6200,0.0,0.0
2018-09-17 00:00:00+09:00,1037.689453125,1037.689453125,1037.689453125,1037.689453125,0,0.0,0.0
2018-09-18 00:00:00+09:00,1049.7447244114812,1057.1634150433645,1033.052670489744,1052.5267333984375,8000,0.0,0.0
2018-09-19 00:00:00+09:00,1053.454043209029,1062.7274062654465,1053.454043209029,1055.3087158203125,5700,0.0,0.0
2018-09-20 00:00:00+09:00,1057.1634839230937,1075.7102117112183,1043.2534380820005,1058.0908203125,13700,0.0,0.0
2018-09-21 00:00:00+09:00,1076.6374361556943,1108.1668701171875,1076.6374361556943,1108.1668701171875,9500,0.0,0.0
2018-09-24 00:00:00+09:00,1108.1668701171875,1108.1668701171875,1108.1668701171875,1108.1668701171875,0,0.0,0.0
2018-09-25 00:00:00+09:00,1119.2949377972147,1168.4437627377717,1116.5129288383152,1151.751708984375,24700,0.0,0.0
2018-09-26 00:00:00+09:00,1151.7517474084443,1161.1155827532284,1151.7517474084443,1160.17919921875,900,12.0,0.0
2018-09-27 00:00:00+09:00,1133.0240048528,1193.8889307333222,1133.0240048528,1188.2706298828125,20300,0.0,0.0
2018-09-28 00:00:00+09:00,1182.6523290323028,1190.1433968329825,1180.779562082133,1188.2706298828125,6100,0.0,0.0
2018-10-01 00:00:00+09:00,1185.4615506324258,1207.9347553837515,1171.4157976628474,1192.0162353515625,12600,0.0,0.0
2018-10-02 00:00:00+09:00,1186.39799525167,1192.952680308309,1169.5430908203125,1169.5430908203125,5400,0.0,0.0
2018-10-03 00:00:00+09:00,1162.9883703309818,1195.7617946156713,1143.324315760168,1167.6702880859375,10100,0.0,0.0
2018-10-04 00:00:00+09:00,1139.5787887823385,1174.224980388704,1103.0598300621157,1142.387939453125,11900,0.0,0.0
2018-10-05 00:00:00+09:00,1142.3878271208955,1170.4793310664913,1118.0418570347124,1162.0518798828125,15700,0.0,0.0
2018-10-08 00:00:00+09:00,1162.0518798828125,1162.0518798828125,1162.0518798828125,1162.0518798828125,0,0.0,0.0
2018-10-09 00:00:00+09:00,1150.8153964423811,1150.8153964423811,1109.6145197593341,1110.5509033203125,4500,0.0,0.0
2018-10-10 00:00:00+09:00,1100.2506432166467,1100.2506432166467,1083.3957397460938,1095.5687255859375,6700,0.0,0.0
2018-10-11 00:00:00+09:00,1011.2942458566083,1137.7060265886844,1011.2942458566083,1110.5509033203125,18400,0.0,0.0
2018-10-12 00:00:00+09:00,1054.367889661612,1110.5509033203125,1054.367889661612,1110.5509033203125,4900,0.0,0.0
2018-10-15 00:00:00+09:00,1128.3421935779352,1128.3421935779352,1108.6781387520955,1117.1055908203125,1500,0.0,0.0
2018-10-16 00:00:00+09:00,1116.1692958315944,1134.8969685804466,1116.1692958315944,1121.78759765625,5900,0.0,0.0
2018-10-17 00:00:00+09:00,1121.78743986302,1141.4514934833232,1094.6323181968867,1119.9146728515625,4000,0.0,0.0
2018-10-18 00:00:00+09:00,1132.087625444779,1189.207017630165,1124.5965576171875,1124.5965576171875,7300,0.0,0.0
2018-10-19 00:00:00+09:00,1124.5965576171875,1124.5965576171875,1124.5965576171875,1124.5965576171875,0,0.0,0.0
2018-10-22 00:00:00+09:00,1128.3421935779352,1133.9604949567465,1112.4236730046364,1117.1055908203125,3300,0.0,0.0
2018-10-23 00:00:00+09:00,1123.660412804555,1123.660412804555,1094.6325188071041,1104.9327392578125,3800,0.0,0.0
2018-10-24 00:00:00+09:00,1099.314425048828,1124.596784057617,1079.6503680419921,1123.660400390625,7100,0.0,0.0
2018-10-25 00:00:00+09:00,1113.360120812241,1122.7239569839167,1087.1413795315489,1101.1871337890625,15100,0.0,0.0
2018-10-26 00:00:00+09:00,1073.0955964740954,1109.614556563528,1057.177075409471,1067.477294921875,5600,0.0,0.0
2018-10-29 00:00:00+09:00,1048.7496298987942,1103.0598785899817,1021.5945055532004,1087.141357421875,8800,0.0,0.0
2018-10-30 00:00:00+09:00,1076.8409419704128,1120.8509630770297,1076.8409419704128,1108.677978515625,2000,0.0,0.0
2018-10-31 00:00:00+09:00,1118.0419584617316,1165.7975195015542,1077.7774658203125,1077.7774658203125,5200,0.0,0.0
2018-11-01 00:00:00+09:00,1162.0519275200077,1163.9246945264863,1124.5965873904345,1151.751708984375,7500,0.0,0.0
2018-11-02 00:00:00+09:00,1145.197130518052,1162.988418727245,1142.3879797481795,1157.3701171875,6100,0.0,0.0
2018-11-05 00:00:00+09:00,1149.879000617106,1170.4794387389109,1123.6602611893545,1167.6702880859375,13200,0.0,0.0
2018-11-06 00:00:00+09:00,1169.5429645827369,1170.4793480611859,1104.9325045697594,1124.5965576171875,5900,0.0,0.0
2018-11-07 00:00:00+09:00,1124.596628934615,1141.4515326155667,1115.2327935563083,1128.3421630859375,7600,0.0,0.0
2018-11-08 00:00:00+09:00,1130.2149532130506,1144.2607065669824,1121.7875012006916,1142.387939453125,2800,0.0,0.0
2018-11-09 00:00:00+09:00,1124.5964893835328,1143.324157816231,1123.660105961898,1127.4056396484375,3400,0.0,0.0
2018-11-12 00:00:00+09:00,1109.6145325487532,1121.7875189817776,1092.7596282568734,1098.3779296875,3800,0.0,0.0
2018-11-13 00:00:00+09:00,1104.9326396606957,1122.7239279264188,1104.9326396606957,1118.9783935546875,1900,0.0,0.0
2018-11-14 00:00:00+09:00,1118.9783935546875,1118.9783935546875,1118.9783935546875,1118.9783935546875,0,0.0,0.0
2018-11-15 00:00:00+09:00,1095.5688792806834,1097.441646595693,1084.332275390625,1084.332275390625,1000,0.0,0.0
2018-11-16 00:00:00+09:00,1084.3322153242807,1084.3322153242807,1061.8590087890625,1061.8590087890625,1500,0.0,0.0
2018-11-19 00:00:00+09:00,1054.3678675911349,1117.1055648634315,1054.3678675911349,1096.505126953125,2100,0.0,0.0
2018-11-20 00:00:00+09:00,1090.8869805834918,1113.3601887671862,1089.9505969091713,1091.8233642578125,4800,0.0,0.0
2018-11-21 00:00:00+09:00,1082.459356219952,1103.996177321214,1082.459356219952,1095.5687255859375,2800,0.0,0.0
2018-11-22 00:00:00+09:00,1086.2049761210403,1105.8690317232315,1084.3322089208316,1093.696044921875,5600,0.0,0.0
2018-11-23 00:00:00+09:00,1093.696044921875,1093.696044921875,1093.696044921875,1093.696044921875,0,0.0,0.0
2018-11-26 00:00:00+09:00,1104.932578825523,1105.8689623669006,1095.5687434117474,1096.505126953125,11400,0.0,0.0
2018-11-27 00:00:00+09:00,1095.568898955095,1095.568898955095,1077.7776091430035,1091.8233642578125,3300,0.0,0.0
2018-11-28 00:00:00+09:00,1095.5687607734653,1095.5687607734653,1049.6859665188501,1052.4951171875,3900,0.0,0.0
2018-11-29 00:00:00+09:00,1052.495124863537,1085.2685495701419,1052.495124863537,1072.1591796875,5600,0.0,0.0
2018-11-30 00:00:00+09:00,1089.0140812074362,1089.9504647682338,1065.6044921875,1065.6044921875,1900,0.0,0.0
2018-12-03 00:00:00+09:00,1076.841040791919,1082.4593418743116,1062.7952880859375,1062.7952880859375,3400,0.0,0.0
2018-12-04 00:00:00+09:00,1062.7952880859375,1062.7952880859375,1062.7952880859375,1062.7952880859375,0,0.0,0.0
2018-12-05 00:00:00+09:00,1060.9226026219699,1075.904739993507,1039.3857801503855,1047.813232421875,4300,0.0,0.0
2018-12-06 00:00:00+09:00,1047.813232421875,1047.813232421875,1047.813232421875,1047.813232421875,0,0.0,0.0
2018-12-07 00:00:00+09:00,1053.4315433518827,1074.031982421875,1053.4315433518827,1074.031982421875,2900,0.0,0.0
2018-12-10 00:00:00+09:00,1074.031982421875,1074.031982421875,1074.031982421875,1074.031982421875,0,0.0,0.0
2018-12-11 00:00:00+09:00,1047.8131994064167,1054.3678842999334,1045.9404322939836,1052.4951171875,2600,0.0,0.0
2018-12-12 00:00:00+09:00,1062.7952851640416,1067.4772027198305,1056.2406005859375,1056.2406005859375,9800,0.0,0.0
2018-12-13 00:00:00+09:00,1056.2406005859375,1056.2406005859375,1056.2406005859375,1056.2406005859375,0,0.0,0.0
2018-12-14 00:00:00+09:00,1053.4314322281223,1065.6044176672028,1039.385679798414,1055.30419921875,5800,0.0,0.0
2018-12-17 00:00:00+09:00,1066.5408705307495,1066.5408705307495,1048.7495829626334,1052.4951171875,10000,0.0,0.0
2018-12-18 00:00:00+09:00,1047.8132383847567,1052.4951563400057,1008.4851275606638,1015.9761962890625,3800,0.0,0.0
2018-12-19 00:00:00+09:00,1015.9763588670123,1044.06787109375,1015.9763588670123,1044.06787109375,7100,0.0,0.0
2018-12-20 00:00:00+09:00,1039.3859348262877,1047.8133883519063,1017.8491091497069,1043.1314697265625,5000,0.0,0.0
2018-12-21 00:00:00+09:00,1044.0676501788923,1058.1134033203125,1008.4850755539616,1058.1134033203125,11300,0.0,0.0
2018-12-24 00:00:00+09:00,1058.1134033203125,1058.1134033203125,1058.1134033203125,1058.1134033203125,0,0.0,0.0
2018-12-25 00:00:00+09:00,1069.3500538752628,1110.5509316077598,973.8389282226562,973.8389282226562,46300,0.0,0.0
2018-12-26 00:00:00+09:00,1011.2943848611791,1029.0856749652185,905.4830279266298,956.984130859375,12800,0.0,0.0
2018-12-27 00:00:00+09:00,967.2842478453547,1018.7853452620967,967.2842478453547,986.9483032226562,6100,0.0,0.0
2018-12-28 00:00:00+09:00,973.8389537421725,992.5666259295219,971.9661865234375,971.9661865234375,7700,0.0,0.0
2018-12-31 00:00:00+09:00,971.9661865234375,971.9661865234375,971.9661865234375,971.9661865234375,0,0.0,0.0
2019-01-04 00:00:00+09:00,971.0297384019543,971.0297384019543,865.2183975731974,920.4650268554688,21600,0.0,0.0
2019-01-07 00:00:00+09:00,922.3377863824005,938.2563065534673,921.4014028429259,923.274169921875,9200,0.0,0.0
2019-01-08 00:00:00+09:00,927.9560855397674,953.2384410489235,927.0197020023912,939.1926879882812,14600,0.0,0.0
2019-01-09 00:00:00+09:00,939.1927340899628,939.1927340899628,918.5922952564839,922.3378295898438,6500,0.0,0.0
2019-01-10 00:00:00+09:00,920.4650446573894,920.4650446573894,898.92822265625,898.92822265625,7100,0.0,0.0
2019-01-11 00:00:00+09:00,902.6738543484828,906.4193890138292,870.8368096930384,871.773193359375,17200,0.0,0.0
2019-01-15 00:00:00+09:00,872.709422178864,925.1468981896111,872.709422178864,914.8466796875,38200,0.0,0.0
2019-01-16 00:00:00+09:00,928.8924967447917,935.4471817016602,892.3735376993816,898.92822265625,11000,0.0,0.0
2019-01-17 00:00:00+09:00,898.9282428331612,906.4193115234375,877.3914203486166,906.4193115234375,11700,0.0,0.0
2019-01-18 00:00:00+09:00,905.4829968071972,911.1012987522264,898.9283112046633,903.6102294921875,5000,0.0,0.0
2019-01-21 00:00:00+09:00,917.6559307207166,955.1112748317663,903.610176679073,952.3021240234375,18400,0.0,0.0
2019-01-22 00:00:00+09:00,965.4114270348135,965.4114270348135,931.701619689272,939.1926879882812,9800,0.0,0.0
2019-01-23 00:00:00+09:00,928.8924542399653,944.8109741210938,915.7830849260948,944.8109741210938,7300,0.0,0.0
2019-01-24 00:00:00+09:00,949.4930353969195,996.3122186018958,929.8289784508295,987.884765625,10300,0.0,0.0
2019-01-25 00:00:00+09:00,998.1848159090096,1020.6580200195312,998.1848159090096,1020.6580200195312,16200,0.0,0.0
2019-01-28 00:00:00+09:00,1030.9583562677558,1063.7317826704545,1011.2943004261364,1030.02197265625,10000,0.0,0.0
2019-01-29 00:00:00+09:00,1014.1034667605445,1014.1034667605445,943.8746948242188,943.8746948242188,10300,0.0,0.0
2019-01-30 00:00:00+09:00,954.1749797903162,959.7932819284339,941.0656081347083,956.984130859375,5100,0.0,0.0
2019-01-31 00:00:00+09:00,946.6838442780252,966.347900390625,945.7474606536156,966.347900390625,6500,0.0,0.0
2019-02-01 00:00:00+09:00,965.4114249435127,966.3478084788603,942.938220095167,955.1112060546875,7100,0.0,0.0
2019-02-04 00:00:00+09:00,955.1112060546875,955.1112060546875,955.1112060546875,955.1112060546875,0,0.0,0.0
2019-02-05 00:00:00+09:00,959.7931217204639,986.0118606552669,954.1748205201491,971.0297241210938,5700,0.0,0.0
2019-02-06 00:00:00+09:00,966.3478771726404,1000.994070443365,966.3478771726404,974.7753295898438,10500,0.0,0.0
2019-02-07 00:00:00+09:00,981.3300488372774,1011.2943251376523,971.9662124934104,999.121337890625,5500,0.0,0.0
2019-02-08 00:00:00+09:00,979.4572092692058,1000.9940312703451,978.5208257039388,988.821044921875,6400,0.0,0.0
2019-02-12 00:00:00+09:00,978.5209403834244,1009.4216016586904,978.5209403834244,998.1849975585938,4200,0.0,0.0
2019-02-13 00:00:00+09:00,997.2484476705754,997.2484476705754,976.6480102539062,976.6480102539062,5600,0.0,0.0
2019-02-14 00:00:00+09:00,980.3936334857505,995.3757711512443,978.5208662775638,981.3300170898438,2700,0.0,0.0
2019-02-15 00:00:00+09:00,976.6480308118942,990.6937838916434,973.8388801959444,984.1390991210938,7000,0.0,0.0
2019-02-18 00:00:00+09:00,985.0755515062173,991.6302367348708,981.3300170898438,981.3300170898438,3200,0.0,0.0
2019-02-19 00:00:00+09:00,983.2027977100317,987.8847157943652,969.1570434570312,969.1570434570312,9200,0.0,0.0
2019-02-20 00:00:00+09:00,969.1569597967739,981.3299457652358,967.2841927247028,977.5844116210938,4600,0.0,0.0
2019-02-21 00:00:00+09:00,977.5845003518976,983.202802078058,973.8389658677908,982.2664184570312,3200,0.0,0.0
2019-02-22 00:00:00+09:00,983.2028161060509,999.121337890625,978.5208979341173,999.121337890625,10400,0.0,0.0
2019-02-25 00:00:00+09:00,1009.4214286840427,1009.4214286840427,983.2026902766648,986.0118408203125,18500,0.0,0.0
2019-02-26 00:00:00+09:00,993.5029089367061,993.5029089367061,967.2841705293284,986.0118408203125,5500,0.0,0.0
2019-02-27 00:00:00+09:00,981.3300016862844,1001.9304406529812,973.838932971122,986.9483032226562,19900,0.0,0.0
2019-02-28 00:00:00+09:00,986.9483422875061,992.5666440462585,971.9662042641663,972.902587890625,14300,0.0,0.0
2019-03-01 00:00:00+09:00,973.8389459879322,986.0119328127814,973.8389459879322,974.7753295898438,5100,0.0,0.0
2019-03-04 00:00:00+09:00,974.7752610129871,980.3935622292003,974.7752610129871,977.5844116210938,3700,0.0,0.0
2019-03-05 00:00:00+09:00,977.5845081336639,986.9483444184692,972.9025899912614,979.457275390625,4100,0.0,0.0
2019-03-06 00:00:00+09:00,973.8389715170838,974.7753551435425,969.1570533847901,972.902587890625,2300,0.0,0.0
2019-03-07 00:00:00+09:00,970.0933938833383,981.329996901292,970.0933938833383,973.8389282226562,2300,0.0,0.0
2019-03-08 00:00:00+09:00,969.1569798094754,969.1569798094754,955.1112264789033,962.602294921875,7000,0.0,0.0
2019-03-11 00:00:00+09:00,948.5565314888954,963.5386682152748,948.5565314888954,958.8567504882812,800,0.0,0.0
2019-03-12 00:00:00+09:00,960.7295943524374,960.7295943524374,951.3657581501719,953.238525390625,1400,0.0,0.0
2019-03-13 00:00:00+09:00,953.238525390625,953.238525390625,953.238525390625,953.238525390625,0,0.0,0.0
2019-03-14 00:00:00+09:00,959.7931189675934,964.4750366210938,956.0475848447929,964.4750366210938,1400,0.0,0.0
2019-03-15 00:00:00+09:00,971.9662042641663,974.7753551435425,971.9662042641663,972.902587890625,1000,0.0,0.0
2019-03-18 00:00:00+09:00,976.6480789771447,976.6480789771447,963.5387087895319,973.8389282226562,2200,0.0,0.0
2019-03-19 00:00:00+09:00,976.6480280850582,977.5844116210938,961.6658915084897,977.5844116210938,4400,0.0,0.0
2019-03-20 00:00:00+09:00,984.1391524544703,990.6938375802375,975.7117001499125,986.9483032226562,3700,0.0,0.0
2019-03-22 00:00:00+09:00,987.8846129269376,1046.8767746467452,979.4571612526794,1037.512939453125,11600,0.0,0.0
2019-03-25 00:00:00+09:00,1048.7496789383563,1048.7496789383563,1011.2943332619864,1025.340087890625,16000,0.0,0.0
2019-03-26 00:00:00+09:00,1030.0218862543954,1053.431474578359,1030.0218862543954,1031.8946533203125,2100,0.0,0.0
2019-03-27 00:00:00+09:00,1051.7753107303608,1064.0823125660897,1051.7753107303608,1063.1356201171875,800,12.0,0.0
2019-03-28 00:00:00+09:00,1045.148267139317,1074.4957275390625,1045.148267139317,1074.4957275390625,2000,0.0,0.0
2019-03-29 00:00:00+09:00,1062.1889011548913,1110.47021484375,1062.1889011548913,1110.47021484375,9500,0.0,0.0
2019-04-01 00:00:00+09:00,1123.7239250065327,1123.7239250065327,1091.5363820830096,1103.8433837890625,3400,0.0,0.0
2019-04-02 00:00:00+09:00,1056.5085743908314,1075.442419810022,1053.6684975779528,1074.4957275390625,1700,0.0,0.0
2019-04-03 00:00:00+09:00,1071.6558415004185,1071.6558415004185,1031.8947590419225,1060.2955322265625,1500,0.0,0.0
2019-04-04 00:00:00+09:00,1060.2955322265625,1060.2955322265625,1060.2955322265625,1060.2955322265625,0,0.0,0.0
2019-04-05 00:00:00+09:00,1057.4553748802412,1065.0289138229823,1026.2145267414337,1049.8818359375,3300,0.0,0.0
2019-04-08 00:00:00+09:00,1043.254988022272,1044.2016803888985,1023.3744483231181,1028.10791015625,4700,0.0,0.0
2019-04-09 00:00:00+09:00,1009.1740264471453,1039.4681810872096,1009.1740264471453,1029.0545654296875,2500,0.0,0.0
2019-04-10 00:00:00+09:00,1000.6538828772956,1000.6538828772956,998.7604980468749,998.760498046875,1800,0.0,0.0
2019-04-11 00:00:00+09:00,1000.6538828772956,1000.6538828772956,998.7604980468749,998.760498046875,1800,0.0,0.0
2019-04-12 00:00:00+09:00,998.7605006626674,1007.280732421875,994.0270385742188,994.0270385742188,3200,0.0,0.0
2019-04-15 00:00:00+09:00,994.0269385756602,1026.2144775390625,994.0269385756602,1026.2144775390625,8500,0.0,0.0
2019-04-16 00:00:00+09:00,1021.4810159267975,1027.1611698615156,1017.6942466369854,1026.2144775390625,1300,0.0,0.0
2019-04-17 00:00:00+09:00,1017.6942511364422,1094.3763295941649,1003.4938662368639,1069.7623291015625,8900,0.0,0.0
2019-04-18 00:00:00+09:00,1069.7625589969985,1069.7625589969985,1035.6816279139082,1054.615478515625,1500,0.0,0.0
2019-04-19 00:00:00+09:00,1076.3893149636008,1076.3893149636008,1036.6282320889559,1041.3616943359375,1300,0.0,0.0
2019-04-22 00:00:00+09:00,1047.0416984457454,1083.9626986621868,1047.0416984457454,1076.38916015625,3900,0.0,0.0
2019-04-23 00:00:00+09:00,1076.3893393324167,1164.4317391195011,1068.815799565786,1102.896728515625,15100,0.0,0.0
2019-04-24 00:00:00+09:00,1113.3103021460843,1178.632080078125,1113.3103021460843,1178.632080078125,13400,0.0,0.0
2019-04-25 00:00:00+09:00,1190.9390872105896,1197.5659342777392,1136.977618235229,1169.1651611328125,22900,0.0,0.0
2019-04-26 00:00:00+09:00,1112.3636048524413,1168.2184582024788,1105.7367578448097,1144.5511474609375,4800,0.0,0.0
2019-05-07 00:00:00+09:00,1144.5511729288444,1191.8857954651903,1084.9095485330486,1184.312255859375,2800,0.0,0.0
2019-05-08 00:00:00+09:00,1159.698194868109,1179.5787353515625,1157.8048100601613,1179.5787353515625,900,0.0,0.0
2019-05-09 00:00:00+09:00,1170.1118810792632,1211.7663493377484,1142.65779972708,1143.6044921875,8600,0.0,0.0
2019-05-10 00:00:00+09:00,1134.1374449910998,1136.0308297072786,1092.482981235166,1121.8304443359375,5900,0.0,0.0
2019-05-13 00:00:00+09:00,1135.0841281241896,1140.7642822265625,1121.8304352186528,1140.7642822265625,2200,0.0,0.0
2019-05-14 00:00:00+09:00,1140.7642945228408,1174.845219504436,1140.7642945228408,1165.3782958984375,8200,0.0,0.0
2019-05-15 00:00:00+09:00,1030.0013504464284,1041.3616594587054,983.6134219796317,994.0270385742188,42900,0.0,0.0
2019-05-16 00:00:00+09:00,965.626329395869,994.0271037898651,961.8395594766695,967.5197143554688,4700,0.0,0.0
2019-05-17 00:00:00+09:00,988.3468081096263,1004.4405779734803,969.4129612109745,1000.65380859375,5400,0.0,0.0
2019-05-20 00:00:00+09:00,1000.6538421689661,1000.6538421689661,980.7733022583244,982.6666870117188,13700,0.0,0.0
2019-05-21 00:00:00+09:00,979.8267165928671,979.8267165928671,965.626329395869,967.5197143554688,7700,0.0,0.0
2019-05-22 00:00:00+09:00,969.413003438114,976.0398501413042,949.5324633285433,963.7328491210938,18100,0.0,0.0
2019-05-23 00:00:00+09:00,963.7327709012818,976.9864632319478,963.7327709012818,975.0930786132812,3200,0.0,0.0
2019-05-24 00:00:00+09:00,961.8394676414696,982.6667002085093,958.052698083826,980.7733154296875,5100,0.0,0.0
2019-05-27 00:00:00+09:00,991.1869613211495,994.0270385742188,984.5601143973214,994.0270385742188,13100,0.0,0.0
2019-05-28 00:00:00+09:00,995.9203730598587,996.8670654296875,979.8266027727698,996.8670654296875,4200,0.0,0.0
2019-05-29 00:00:00+09:00,978.8799223547315,979.8266147361192,973.1997680664062,973.1997680664062,1700,0.0,0.0
2019-05-30 00:00:00+09:00,968.4663143673458,980.7733154296875,968.4663143673458,980.7733154296875,1300,0.0,0.0
2019-05-31 00:00:00+09:00,975.0931179523468,975.0931179523468,958.9993480443954,969.4129638671875,8200,0.0,0.0
2019-06-03 00:00:00+09:00,963.732837184783,965.6262219336725,936.2787583258844,939.1188354492188,5800,0.0,0.0
2019-06-04 00:00:00+09:00,949.53247938027,978.8799438476562,946.6924021737489,978.8799438476562,2700,0.0,0.0
2019-06-05 00:00:00+09:00,963.7328175670696,1003.493896484375,957.105971080852,1003.493896484375,4400,0.0,0.0
2019-06-06 00:00:00+09:00,994.0270096992299,1031.8947053068196,988.3468553580914,1002.5472412109375,3500,0.0,0.0
2019-06-07 00:00:00+09:00,995.920423230967,998.7605004835268,971.3064203754489,972.2531127929688,1500,0.0,0.0
2019-06-10 00:00:00+09:00,989.2935469343855,1005.3873175543708,966.5729295885241,980.7733154296875,3300,0.0,0.0
2019-06-11 00:00:00+09:00,990.2402035119399,1003.493896484375,976.0398181843308,1003.493896484375,4000,0.0,0.0
2019-06-12 00:00:00+09:00,1004.4405475406309,1017.6942399681226,998.7603936431343,1013.907470703125,2300,0.0,0.0
2019-06-13 00:00:00+09:00,1017.6941031206517,1020.5341796875,1011.0672577980056,1020.5341796875,2500,0.0,0.0
2019-06-14 00:00:00+09:00,1017.6942399681226,1017.6942399681226,1010.1207014381273,1013.907470703125,4400,0.0,0.0
2019-06-17 00:00:00+09:00,1024.321075096559,1036.628075074614,1005.3872289764747,1011.0673828125,12000,0.0,0.0
2019-06-18 00:00:00+09:00,1016.7477342559071,1016.7477342559071,989.2936520460175,1009.1741943359375,1700,0.0,0.0
2019-06-19 00:00:00+09:00,1009.1741510564631,1041.3616943359375,984.5601473721591,1041.3616943359375,4800,0.0,0.0
2019-06-20 00:00:00+09:00,1041.3616032890193,1069.7623742878109,1013.9075246568543,1028.10791015625,3800,0.0,0.0
2019-06-21 00:00:00+09:00,1033.788112415987,1033.788112415987,1030.0013427734375,1030.0013427734375,800,0.0,0.0
2019-06-24 00:00:00+09:00,1023.374562990463,1081.1228038252625,1013.9076382634468,1059.348876953125,6000,0.0,0.0
2019-06-25 00:00:00+09:00,1070.709021428201,1071.6557137548396,1058.4020211819,1069.7623291015625,9500,0.0,0.0
2019-06-26 00:00:00+09:00,1068.8156432838473,1097.21641325596,1060.2954122922135,1082.0693359375,2600,0.0,0.0
2019-06-27 00:00:00+09:00,1082.0694987324582,1117.0971203012255,1082.0694987324582,1115.2037353515625,4900,0.0,0.0
2019-06-28 00:00:00+09:00,1114.256849534692,1138.870849609375,1114.256849534692,1138.870849609375,4600,0.0,0.0
2019-07-01 00:00:00+09:00,1142.6576762139043,1149.28452272053,1116.1502901874012,1121.8304443359375,2900,0.0,0.0
2019-07-02 00:00:00+09:00,1121.830333362926,1121.830333362926,1093.4295654296875,1093.4295654296875,700,0.0,0.0
2019-07-03 00:00:00+09:00,1098.162996533891,1098.162996533891,1075.4423828125,1075.4423828125,3300,0.0,0.0
2019-07-04 00:00:00+09:00,1069.7623071636592,1076.3891533142307,1050.8284610191697,1064.0821533203125,3300,0.0,0.0
2019-07-05 00:00:00+09:00,1076.3892823317954,1104.7900549526871,1071.6558202283136,1098.1632080078125,3800,0.0,0.0
2019-07-08 00:00:00+09:00,1106.6833192723743,1119.93701171875,1105.736626954776,1119.93701171875,4900,0.0,0.0
2019-07-09 00:00:00+09:00,1117.0971125721737,1212.7130518686056,1117.0971125721737,1168.218505859375,8000,0.0,0.0
2019-07-10 00:00:00+09:00,1146.4445164329127,1166.3250571803042,1144.5511315998278,1151.177978515625,2100,0.0,0.0
2019-07-11 00:00:00+09:00,1162.5383672861908,1162.5383672861908,1161.5916748046875,1161.5916748046875,300,0.0,0.0
2019-07-12 00:00:00+09:00,1152.1246337890625,1154.964710947129,1152.1246337890625,1152.1246337890625,1100,0.0,0.0
2019-07-16 00:00:00+09:00,1142.6577573029892,1167.2717603600543,1140.7643724524457,1154.01806640625,5600,0.0,0.0
2019-07-17 00:00:00+09:00,1154.0180292848681,1161.5915684434235,1154.0180292848681,1154.9647216796875,300,0.0,0.0
2019-07-18 00:00:00+09:00,1154.9646953507965,1158.75146484375,1151.177925857843,1158.75146484375,1900,0.0,0.0
2019-07-19 00:00:00+09:00,1161.5916748046875,1164.4317522491976,1154.9648274341637,1161.5916748046875,3600,0.0,0.0
2019-07-22 00:00:00+09:00,1161.591575258686,1210.819580078125,1161.591575258686,1210.819580078125,4700,0.0,0.0
2019-07-23 00:00:00+09:00,1211.7661415289258,1211.7661415289258,1145.4976806640625,1145.4976806640625,2900,0.0,0.0
2019-07-24 00:00:00+09:00,1148.3379068053002,1207.0328369140625,1142.6577522786458,1207.0328369140625,7800,0.0,0.0
2019-07-25 00:00:00+09:00,1219.3397840711805,1219.3397840711805,1192.8323974609375,1192.8323974609375,16100,0.0,0.0
2019-07-26 00:00:00+09:00,1169.1651611328125,1172.9519308854694,1145.497850178707,1169.1651611328125,6000,0.0,0.0
2019-07-29 00:00:00+09:00,1169.1651239981543,1183.3655101195895,1164.431661957676,1170.11181640625,3300,0.0,0.0
2019-07-30 00:00:00+09:00,1171.0583645952427,1171.0583645952427,1153.071211056593,1164.4315185546875,2000,0.0,0.0
2019-07-31 00:00:00+09:00,1154.0179170256208,1212.7128397947663,1154.0179170256208,1189.0455322265625,6400,0.0,0.0
2019-08-01 00:00:00+09:00,1136.03088932399,1161.5915843337798,1136.03088932399,1148.337890625,8800,0.0,0.0
2019-08-02 00:00:00+09:00,1136.0308641003023,1173.8985595703125,1136.0308641003023,1173.8985595703125,700,0.0,0.0
2019-08-05 00:00:00+09:00,1160.6449451757176,1175.7920243949766,1131.2974791884035,1162.538330078125,2300,0.0,0.0
2019-08-06 00:00:00+09:00,1159.6981999171976,1177.6853556710155,1145.4978137957626,1170.11181640625,4500,0.0,0.0
2019-08-07 00:00:00+09:00,1178.6319029273056,1178.6319029273056,1139.8175189754827,1164.4315185546875,2400,0.0,0.0
2019-08-08 00:00:00+09:00,1171.0585037157969,1179.5787353515625,1169.1651189078489,1179.5787353515625,800,0.0,0.0
2019-08-09 00:00:00+09:00,1182.418771839142,1211.7662353515625,1172.0051557540894,1211.7662353515625,7600,0.0,0.0
2019-08-13 00:00:00+09:00,1218.3931307505413,1267.6211360333914,1215.5530535226844,1257.20751953125,4100,0.0,0.0
2019-08-14 00:00:00+09:00,1249.6339646242977,1263.8343505859375,1232.59350147033,1263.8343505859375,3400,0.0,0.0
2019-08-15 00:00:00+09:00,1251.5273808978166,1260.0476126891026,1223.1266082601958,1250.5806884765625,1300,0.0,0.0
2019-08-16 00:00:00+09:00,1233.5400524167412,1289.3948974609375,1233.5400524167412,1289.3948974609375,19500,0.0,0.0
2019-08-19 00:00:00+09:00,1289.3949779224326,1306.4354401857247,1267.621053919337,1299.80859375,17600,0.0,0.0
2019-08-20 00:00:00+09:00,1286.555069962902,1287.501762435281,1271.40799040484,1279.92822265625,3300,0.0,0.0
2019-08-21 00:00:00+09:00,1279.9279525891868,1295.075028951189,1269.5143375903103,1283.7147216796875,4800,0.0,0.0
2019-08-22 00:00:00+09:00,1288.4484068467882,1296.021946343316,1268.5678656684026,1278.0347900390625,5800,0.0,0.0
2019-08-23 00:00:00+09:00,1280.8747620254449,1293.1817626953125,1278.9813773070039,1293.1817626953125,6800,0.0,0.0
2019-08-26 00:00:00+09:00,1306.4354666242468,1307.3821589913657,1287.5016192818664,1296.0218505859375,20200,0.0,0.0
2019-08-27 00:00:00+09:00,1278.981245593647,1291.2882449961023,1273.3010920232828,1290.341552734375,14700,0.0,0.0
2019-08-28 00:00:00+09:00,1275.1946444668613,1296.9685693538233,1275.1946444668613,1292.235107421875,6900,0.0,0.0
2019-08-29 00:00:00+09:00,1278.98141401242,1296.9685693538233,1269.5144901485235,1292.235107421875,8300,0.0,0.0
2019-08-30 00:00:00+09:00,1287.501608539989,1296.9685321321947,1282.768146743886,1293.1817626953125,4000,0.0,0.0
2019-09-02 00:00:00+09:00,1296.9684840227503,1356.6101004413147,1279.9280221888746,1291.288330078125,19300,0.0,0.0
2019-09-03 00:00:00+09:00,1278.0347580877726,1305.4888380763248,1233.5402146580502,1269.5145263671875,17900,0.0,0.0
2019-09-04 00:00:00+09:00,1260.0475224315671,1267.6210612591049,1249.633906543703,1259.100830078125,9500,0.0,0.0
2019-09-05 00:00:00+09:00,1267.621194757918,1267.621194757918,1250.5807306013514,1261.9410400390625,9300,0.0,0.0
2019-09-06 00:00:00+09:00,1290.3416530353318,1292.2350377059634,1260.9941906405445,1284.6614990234375,6900,0.0,0.0
2019-09-09 00:00:00+09:00,1277.0880126953125,1284.6615516883166,1262.8876270834298,1277.0880126953125,5400,0.0,0.0
2019-09-10 00:00:00+09:00,1277.087991062599,1277.087991062599,1256.2607591846322,1271.4078369140625,5800,0.0,0.0
2019-09-11 00:00:00+09:00,1259.1007753089352,1259.1007753089352,1212.7128520080798,1244.900390625,7500,0.0,0.0
2019-09-12 00:00:00+09:00,1221.233149601863,1233.5401503342848,1218.3930725097657,1230.7000732421875,3300,0.0,0.0
2019-09-13 00:00:00+09:00,1228.8065886563218,1238.2735115273258,1225.9665117950206,1236.380126953125,5500,0.0,0.0
2019-09-17 00:00:00+09:00,1236.3803288313852,1239.2204061564191,1211.766325347759,1225.02001953125,4500,0.0,0.0
2019-09-18 00:00:00+09:00,1225.0198756626673,1225.0198756626673,1212.712875366211,1219.3397216796875,2300,0.0,0.0
2019-09-19 00:00:00+09:00,1213.6595920741227,1221.233130870217,1193.779052734375,1193.779052734375,6500,0.0,0.0
2019-09-20 00:00:00+09:00,1194.7258514526857,1200.4060060554718,1163.485001137362,1178.632080078125,4400,0.0,0.0
2019-09-24 00:00:00+09:00,1194.725788077499,1205.139404296875,1137.924245062721,1205.139404296875,9200,0.0,0.0
2019-09-25 00:00:00+09:00,1197.5657849682113,1197.5657849682113,1183.365400166217,1194.7257080078125,11800,0.0,0.0
2019-09-26 00:00:00+09:00,1207.032671672542,1207.032671672542,1150.2311341820694,1164.4315185546875,6200,0.0,0.0
2019-09-27 00:00:00+09:00,1164.4315694423117,1182.6108626382065,1164.4315694423117,1168.2587890625,1100,13.0,0.0
2019-09-30 00:00:00+09:00,1154.8636087116442,1182.6109530800268,1138.5979240819029,1163.474853515625,4700,0.0,0.0
2019-10-01 00:00:00+09:00,1163.4749006723716,1177.8269759273762,1157.7340705703698,1173.999755859375,2300,0.0,0.0
2019-10-02 00:00:00+09:00,1172.0859769024426,1213.228586703916,1159.6475134740901,1209.4013671875,3500,0.0,0.0
2019-10-03 00:00:00+09:00,1209.401379106489,1220.8830377688923,1173.0427933422116,1175.9132080078125,1700,0.0,0.0
2019-10-04 00:00:00+09:00,1197.91973932272,1267.766497286425,1197.91973932272,1266.8096923828125,4200,0.0,0.0
2019-10-07 00:00:00+09:00,1262.0257568359375,1262.9825618070033,1226.6239729064987,1262.0257568359375,4600,0.0,0.0
2019-10-08 00:00:00+09:00,1262.0257033724647,1291.6866562189746,1243.8464096923458,1264.8961181640625,3900,0.0,0.0
2019-10-09 00:00:00+09:00,1253.4143433602349,1304.125,1253.4143433602349,1304.125,4100,0.0,0.0
2019-10-10 00:00:00+09:00,1296.470715260645,1313.6932044670596,1279.2482260542306,1308.9091796875,4600,0.0,0.0
2019-10-11 00:00:00+09:00,1307.9523985327744,1307.9523985327744,1246.7168802400915,1294.55712890625,7300,0.0,0.0
2019-10-15 00:00:00+09:00,1301.2547428935525,1314.6500123056921,1273.5073991112636,1302.2115478515625,5700,0.0,0.0
2019-10-16 00:00:00+09:00,1291.6866633342406,1291.6866633342406,1271.5937596823746,1290.7298583984375,5200,0.0,0.0
2019-10-17 00:00:00+09:00,1275.4210234537024,1286.9026830796922,1267.7665837030424,1268.723388671875,3700,0.0,0.0
2019-10-18 00:00:00+09:00,1274.4642451062964,1286.9027099609375,1256.2849503187442,1286.9027099609375,6700,0.0,0.0
2019-10-21 00:00:00+09:00,1243.846582791221,1250.5442182370198,1228.537701772252,1229.4945068359375,8200,0.0,0.0
2019-10-23 00:00:00+09:00,1229.494301141929,1266.8096923828125,1226.623886431092,1266.8096923828125,6200,0.0,0.0
2019-10-24 00:00:00+09:00,1273.5073749670821,1284.0322293056531,1267.7665453278616,1277.3345947265625,6300,0.0,0.0
2019-10-25 00:00:00+09:00,1277.3345175556753,1277.3345175556753,1243.8463466834291,1248.63037109375,15000,0.0,0.0
2019-10-28 00:00:00+09:00,1267.766452991935,1267.766452991935,1223.7534289635357,1242.8895263671875,3900,0.0,0.0
2019-10-29 00:00:00+09:00,1243.846465320122,1255.328125,1215.1423161204268,1255.328125,1600,0.0,0.0
2019-10-30 00:00:00+09:00,1246.716894957292,1261.0689697265625,1242.8896750188198,1261.0689697265625,3300,0.0,0.0
2019-10-31 00:00:00+09:00,1261.0688189006569,1261.0688189006569,1236.1918922759094,1242.8895263671875,1900,0.0,0.0
2019-11-01 00:00:00+09:00,1218.0126856676789,1233.321564670572,1193.1357572879776,1198.8765869140625,6800,0.0,0.0
2019-11-05 00:00:00+09:00,1202.7037376953124,1202.7037376953124,1186.4380546875,1196.006103515625,9500,0.0,0.0
2019-11-06 00:00:00+09:00,1185.48127990421,1188.3516946255277,1161.5611572265625,1161.5611572265625,3400,0.0,0.0
2019-11-07 00:00:00+09:00,1175.9134609341925,1175.9134609341925,1129.98681640625,1129.98681640625,4900,0.0,0.0
2019-11-08 00:00:00+09:00,1125.2026120923913,1130.9434417459238,1100.32568359375,1100.32568359375,8000,0.0,0.0
2019-11-11 00:00:00+09:00,1090.7576245333241,1095.5416492023298,1081.1895751953125,1081.1895751953125,9300,0.0,0.0
2019-11-12 00:00:00+09:00,1081.1896229137074,1090.7576726740056,1046.7446437766334,1052.4854736328125,6800,0.0,0.0
2019-11-13 00:00:00+09:00,1046.744611069492,1052.48544074629,1045.787806123359,1047.701416015625,5000,0.0,0.0
2019-11-14 00:00:00+09:00,1041.9606218817903,1055.3558915845865,1041.9606218817903,1045.787841796875,5000,0.0,0.0
2019-11-15 00:00:00+09:00,1051.5285332336707,1053.4421429392823,1040.046875,1040.046875,5900,0.0,0.0
2019-11-18 00:00:00+09:00,1040.046875,1042.9172895584177,1039.0900701471942,1040.046875,4700,0.0,0.0
2019-11-19 00:00:00+09:00,1041.0038049768518,1044.8310248480902,1033.349365234375,1033.349365234375,10600,0.0,0.0
2019-11-20 00:00:00+09:00,1034.3060458831646,1043.8740944112235,1034.3060458831646,1040.046875,5200,0.0,0.0
2019-11-21 00:00:00+09:00,1051.5286656821647,1075.448790015244,1051.5286656821647,1059.18310546875,12200,0.0,0.0
2019-11-22 00:00:00+09:00,1064.9238587239583,1085.01676171875,1061.0966391059028,1076.405517578125,19200,0.0,0.0
2019-11-25 00:00:00+09:00,1087.8871793794083,1163.4747670407744,1087.8871793794083,1161.5611572265625,50300,0.0,0.0
2019-11-26 00:00:00+09:00,1173.999631421763,1174.9564363373472,1130.943410220476,1134.7706298828125,15300,0.0,0.0
2019-11-27 00:00:00+09:00,1151.9932145882915,1162.518069538849,1138.5979446512185,1155.8204345703125,12800,0.0,0.0
2019-11-28 00:00:00+09:00,1148.1660589208743,1167.302159902889,1146.252448822673,1165.3885498046875,4200,0.0,0.0
2019-11-29 00:00:00+09:00,1165.388332459985,1165.388332459985,1133.8137717283103,1137.6409912109375,6600,0.0,0.0
2019-12-02 00:00:00+09:00,1137.6411703302256,1137.6411703302256,1118.5050699041494,1128.0731201171875,4900,0.0,0.0
2019-12-03 00:00:00+09:00,1119.4617919921875,1146.2523306039664,1119.4617919921875,1119.4617919921875,2200,0.0,0.0
2019-12-04 00:00:00+09:00,1119.4616720211066,1131.9001350435633,1112.7640380859375,1112.7640380859375,3200,0.0,0.0
2019-12-05 00:00:00+09:00,1126.1594266451323,1126.1594266451323,1109.8937424879807,1119.4617919921875,3000,0.0,0.0
2019-12-06 00:00:00+09:00,1135.7275932825648,1173.0429901974933,1110.8506620059459,1165.3885498046875,6000,0.0,0.0
2019-12-09 00:00:00+09:00,1165.388348260983,1165.388348260983,1129.986567566684,1143.3818359375,1800,0.0,0.0
2019-12-10 00:00:00+09:00,1148.16605149207,1148.16605149207,1132.8571708055092,1146.25244140625,1300,0.0,0.0
2019-12-11 00:00:00+09:00,1145.29563636334,1148.16605149207,1142.4252212346098,1146.25244140625,1000,0.0,0.0
2019-12-12 00:00:00+09:00,1148.166015625,1155.8204557291667,1141.468380533854,1148.166015625,3100,0.0,0.0
2019-12-13 00:00:00+09:00,1143.3819017845565,1155.8203659880705,1132.8570474585063,1152.949951171875,5000,0.0,0.0
2019-12-16 00:00:00+09:00,1165.3885025745003,1166.3453075848242,1142.4251823267268,1154.8636474609375,12800,0.0,0.0
2019-12-17 00:00:00+09:00,1154.8634830133701,1176.8699951171875,1154.8634830133701,1176.8699951171875,6200,0.0,0.0
2019-12-18 00:00:00+09:00,1176.870217762394,1184.524658203125,1172.086192486937,1184.524658203125,4500,0.0,0.0
2019-12-19 00:00:00+09:00,1186.4380747722928,1191.2220992673424,1167.3019767920944,1188.3516845703125,4800,0.0,0.0
2019-12-20 00:00:00+09:00,1193.1358337402344,1241.9328886887122,1193.1358337402344,1220.8831787109375,8600,0.0,0.0
2019-12-23 00:00:00+09:00,1234.2784849253703,1241.932925141962,1204.6175290860785,1218.9696044921875,5100,0.0,0.0
2019-12-24 00:00:00+09:00,1227.580810546875,1242.889690491341,1222.7967855642294,1227.580810546875,9200,0.0,0.0
2019-12-25 00:00:00+09:00,1240.019305019305,1255.3281853281853,1232.3648648648648,1239.0625,26000,0.0,0.0
2019-12-26 00:00:00+09:00,1243.8463466834291,1251.5007857399426,1234.2782978627874,1248.63037109375,12200,0.0,0.0
2019-12-27 00:00:00+09:00,1272.5505755508966,1272.5505755508966,1244.8032321742228,1263.9393310546875,7400,0.0,0.0
2019-12-30 00:00:00+09:00,1248.6304519503158,1272.5505755508966,1220.8831085736422,1263.9393310546875,8900,0.0,0.0
2020-01-06 00:00:00+09:00,1258.19852145213,1258.19852145213,1217.055908203125,1217.055908203125,1700,0.0,0.0
2020-01-07 00:00:00+09:00,1258.19852145213,1258.19852145213,1217.055908203125,1217.055908203125,1700,0.0,0.0
2020-01-08 00:00:00+09:00,1229.4943697812316,1243.8464441366548,1200.7902210703858,1223.7535400390625,3700,0.0,0.0
2020-01-09 00:00:00+09:00,1223.753672880285,1237.1489437327666,1223.753672880285,1236.192138671875,2700,0.0,0.0
2020-01-10 00:00:00+09:00,1242.8897921608734,1242.8897921608734,1222.7968855901433,1235.2353515625,4500,0.0,0.0
2020-01-14 00:00:00+09:00,1234.278350689444,1245.760009765625,1212.2718374600975,1245.760009765625,4500,0.0,0.0
2020-01-15 00:00:00+09:00,1242.8896029827467,1242.8896029827467,1212.2718452495303,1225.6671142578125,7400,0.0,0.0
2020-01-16 00:00:00+09:00,1216.0991894109657,1220.8832145463355,1210.3583592485222,1218.9696044921875,5700,0.0,0.0
2020-01-17 00:00:00+09:00,1218.9694878472221,1218.9694878472221,1203.660608878968,1205.57421875,4600,0.0,0.0
2020-01-20 00:00:00+09:00,1202.703857421875,1202.703857421875,1186.438172794849,1202.703857421875,6100,0.0,0.0
2020-01-21 00:00:00+09:00,1206.5310773341166,1209.4014922682975,1196.0062225754525,1202.703857421875,2800,0.0,0.0
2020-01-22 00:00:00+09:00,1206.5310773341166,1209.4014922682975,1196.0062225754525,1202.703857421875,2800,0.0,0.0
2020-01-23 00:00:00+09:00,1198.8765335568958,1228.5374853049113,1198.8765335568958,1201.7469482421875,4500,0.0,0.0
2020-01-24 00:00:00+09:00,1219.9263117863582,1243.846435546875,1215.1422870342547,1243.846435546875,9800,0.0,0.0
2020-01-27 00:00:00+09:00,1256.2848999023438,1258.198509803185,1237.1488008939302,1243.846435546875,12000,0.0,0.0
2020-01-28 00:00:00+09:00,1196.962929233285,1240.0191497093024,1196.962929233285,1234.2783203125,4300,0.0,0.0
2020-01-29 00:00:00+09:00,1220.8830388606107,1222.796648639389,1202.703745962216,1221.83984375,1300,0.0,0.0
2020-01-30 00:00:00+09:00,1221.8398926765688,1221.8398926765688,1186.4381103515625,1186.4381103515625,1300,0.0,0.0
2020-01-31 00:00:00+09:00,1181.6540953621031,1227.580732266865,1181.6540953621031,1205.57421875,800,0.0,0.0
2020-02-03 00:00:00+09:00,1193.1357364989674,1270.636935100745,1137.6410510804108,1252.4576416015625,12300,0.0,0.0
2020-02-04 00:00:00+09:00,1240.0192157451922,1243.846435546875,1218.9695068359374,1243.846435546875,9800,0.0,0.0
2020-02-05 00:00:00+09:00,1238.1054626232772,1258.1983642578125,1224.7101948669201,1258.1983642578125,51800,0.0,0.0
2020-02-06 00:00:00+09:00,1243.8464598222213,1364.4038859280672,1234.2784101312811,1347.181396484375,22400,0.0,0.0
2020-02-07 00:00:00+09:00,1306.0387655113334,1412.2441156737934,1281.161836644451,1348.13818359375,19400,0.0,0.0
2020-02-10 00:00:00+09:00,1319.433972676595,1424.682512919108,1277.3345565795898,1423.7257080078125,25900,0.0,0.0
2020-02-12 00:00:00+09:00,1414.1577992630532,1423.7258493257261,1383.5400390625,1383.5400390625,18900,0.0,0.0
2020-02-13 00:00:00+09:00,1368.2310612729843,1369.1878662109375,1354.8357921416405,1369.1878662109375,4000,0.0,0.0
2020-02-14 00:00:00+09:00,1345.267695209342,1359.6197687713193,1284.0321813449054,1358.6629638671875,10600,0.0,0.0
2020-02-17 00:00:00+09:00,1329.958806501116,1373.0150268554687,1300.297854701451,1339.52685546875,13800,0.0,0.0
2020-02-18 00:00:00+09:00,1317.5203981248594,1339.526911673786,1291.6866648282937,1329.9588623046875,6700,0.0,0.0
2020-02-19 00:00:00+09:00,1316.5635379464286,1359.6197583007813,1315.606733049665,1339.52685546875,12200,0.0,0.0
2020-02-20 00:00:00+09:00,1339.5269922986308,1358.6630921886112,1336.6565773151337,1345.267822265625,11800,0.0,0.0
2020-02-21 00:00:00+09:00,1345.2676402698864,1371.1013716264204,1341.4404208096591,1368.23095703125,13700,0.0,0.0
2020-02-25 00:00:00+09:00,1348.138201453469,1356.7494461753151,1319.4340523806486,1347.181396484375,20600,0.0,0.0
2020-02-26 00:00:00+09:00,1328.0453207723888,1345.2678105230393,1253.4145318529029,1332.829345703125,24600,0.0,0.0
2020-02-27 00:00:00+09:00,1319.4341225474648,1343.354248046875,1295.5139970480545,1343.354248046875,14900,0.0,0.0
2020-02-28 00:00:00+09:00,1317.520381106606,1339.526894371277,1273.507354577264,1284.989013671875,16300,0.0,0.0
2020-03-02 00:00:00+09:00,1243.846374696115,1305.0818885273084,1235.2351305636034,1266.8096923828125,20700,0.0,0.0
2020-03-03 00:00:00+09:00,1263.9392335112045,1288.816160135952,1233.3214776653617,1242.8895263671875,4300,0.0,0.0
2020-03-04 00:00:00+09:00,1229.4945032456342,1243.8465791590074,1211.315207088695,1236.192138671875,8300,0.0,0.0
2020-03-05 00:00:00+09:00,1215.1422925981726,1258.1985155642496,1215.1422925981726,1230.451171875,8200,0.0,0.0
2020-03-06 00:00:00+09:00,1224.7103271484375,1238.1055963516235,1211.3150579452515,1224.7103271484375,9400,0.0,0.0
2020-03-09 00:00:00+09:00,1198.8765404306748,1198.8765404306748,1100.3256356706113,1135.7274169921875,13000,0.0,0.0
2020-03-10 00:00:00+09:00,1130.9434875070233,1149.1227821454609,1098.4121181540293,1117.5482177734375,3000,0.0,0.0
2020-03-11 00:00:00+09:00,1146.2523400571167,1155.820389640231,1125.2026309742648,1138.597900390625,3600,0.0,0.0
2020-03-12 00:00:00+09:00,1153.9068440196852,1158.69086907781,1110.8506184965627,1115.6346435546875,11200,0.0,0.0
2020-03-13 00:00:00+09:00,1052.4854529205213,1069.7079421501298,1040.0469884769152,1060.139892578125,4900,0.0,0.0
2020-03-16 00:00:00+09:00,1060.1399222237724,1148.165980747768,1057.269507271903,1071.62158203125,5300,0.0,0.0
2020-03-17 00:00:00+09:00,1100.3256939827127,1100.3256939827127,1005.6020038050705,1034.30615234375,10100,0.0,0.0
2020-03-18 00:00:00+09:00,1046.744616710511,1052.485446418247,1034.30615234375,1034.30615234375,3800,0.0,0.0
2020-03-19 00:00:00+09:00,1015.1700391252193,1025.6948934422574,1005.6019897460938,1005.6019897460938,6000,0.0,0.0
2020-03-23 00:00:00+09:00,1034.3061745658754,1034.3061745658754,941.496092296782,964.4594116210938,16800,0.0,0.0
2020-03-24 00:00:00+09:00,993.1634902286808,1014.213198114067,975.9410019588192,984.55224609375,9400,0.0,0.0
2020-03-25 00:00:00+09:00,996.0339757521115,1023.7813199373287,995.0771707802074,1003.6884155273438,13400,0.0,0.0
2020-03-26 00:00:00+09:00,1014.2133374718146,1090.757740299876,941.4961547851562,941.4961547851562,28300,0.0,0.0
2020-03-27 00:00:00+09:00,970.2002206637166,1004.6451989121325,970.2002206637166,972.1138305664062,4800,0.0,0.0
2020-03-30 00:00:00+09:00,971.1437253879226,1055.5488243976622,971.1437253879226,1016.7418823242188,4900,14.0,0.0
2020-03-31 00:00:00+09:00,1016.7417819940475,1038.0855980282738,990.5470986793155,1018.68212890625,3300,0.0,0.0
2020-04-01 00:00:00+09:00,994.4277925037202,1042.9364653087798,994.4277925037202,1018.68212890625,1200,0.0,0.0
2020-04-02 00:00:00+09:00,1008.0102914481836,1008.0102914481836,1002.1892503041132,1003.159423828125,600,0.0,0.0
2020-04-03 00:00:00+09:00,997.3382463995707,1027.4136215341882,997.3382463995707,1009.9505004882812,1000,0.0,0.0
2020-04-06 00:00:00+09:00,997.338411287497,1038.0857004646127,997.338411287497,1016.7418823242188,900,0.0,0.0
2020-04-07 00:00:00+09:00,970.1734249823279,1060.3995535056845,970.1734249823279,1029.35400390625,6900,0.0,0.0
2020-04-08 00:00:00+09:00,1023.532956779683,1026.4434770359285,997.3382744734731,1020.6224365234375,6600,0.0,0.0
2020-04-09 00:00:00+09:00,1019.6522631046889,1051.66798592339,1018.6820896859405,1020.6224365234375,1600,0.0,0.0
2020-04-10 00:00:00+09:00,1019.6523183231742,1100.1767164400376,1018.6821448518866,1099.20654296875,4500,0.0,0.0
2020-04-13 00:00:00+09:00,1119.5801523915536,1123.4608461606751,1072.0416537198153,1109.87841796875,1700,0.0,0.0
2020-04-14 00:00:00+09:00,1105.0274751532295,1121.5204225435764,1098.2362615219104,1116.6695556640625,3000,0.0,0.0
2020-04-15 00:00:00+09:00,1120.5504027200402,1170.0292516713146,1120.5504027200402,1163.238037109375,4000,0.0,0.0
2020-04-16 00:00:00+09:00,1154.5064221398304,1154.5064221398304,1099.2065346927966,1144.8046875,5100,0.0,0.0
2020-04-17 00:00:00+09:00,1156.4468167345062,1164.2082047662816,1118.6100500796022,1154.5064697265625,9500,0.0,0.0
2020-04-20 00:00:00+09:00,1164.2081692143156,1165.1783426886607,1142.8643527787196,1162.267822265625,4700,0.0,0.0
2020-04-21 00:00:00+09:00,1160.3275165828295,1173.9099457067086,1146.7450874589501,1163.238037109375,7700,0.0,0.0
2020-04-22 00:00:00+09:00,1151.595949214647,1164.2082047662816,1151.595949214647,1154.5064697265625,4300,0.0,0.0
2020-04-23 00:00:00+09:00,1167.118792541242,1212.716949855821,1127.341676585971,1130.252197265625,18800,0.0,0.0
2020-04-24 00:00:00+09:00,1138.0135662841797,1164.208251953125,1138.0135662841797,1164.208251953125,6400,0.0,0.0
2020-04-27 00:00:00+09:00,1175.8501935686384,1204.9553963797434,1104.057359967913,1140.9239501953125,22200,0.0,0.0
2020-04-28 00:00:00+09:00,1145.7749139501016,1164.2082106182236,1119.5802292111916,1163.238037109375,5300,0.0,0.0
2020-04-30 00:00:00+09:00,1164.208156779661,1164.208156779661,1135.1029528601694,1144.8046875,4800,0.0,0.0
2020-05-01 00:00:00+09:00,1133.162658335071,1164.2082106182236,1105.9978000873123,1163.238037109375,5300,0.0,0.0
2020-05-07 00:00:00+09:00,1154.5063912089747,1167.1186459028543,1145.774830267058,1158.3870849609375,6300,0.0,0.0
2020-05-08 00:00:00+09:00,1129.2818283652239,1143.834429246219,1088.5345458984375,1088.5345458984375,20300,0.0,0.0
2020-05-11 00:00:00+09:00,1098.236352781222,1099.2065262377423,1075.92236328125,1075.92236328125,14500,0.0,0.0
2020-05-12 00:00:00+09:00,1076.8925362723214,1096.2960053943452,989.5769252232143,1018.68212890625,26200,0.0,0.0
2020-05-13 00:00:00+09:00,1052.6382919325038,1103.0873160619878,1052.6382919325038,1095.325927734375,10900,0.0,0.0
2020-05-14 00:00:00+09:00,1091.4450660746365,1107.9380137397643,1057.4889973523145,1088.5345458984375,8000,0.0,0.0
2020-05-15 00:00:00+09:00,1069.1312430245537,1071.0715901080828,1020.6225659363253,1032.2646484375,11400,0.0,0.0
2020-05-18 00:00:00+09:00,1029.3540442214212,1038.085605388238,999.2786668690517,1000.2488403320312,14200,0.0,0.0
2020-05-19 00:00:00+09:00,1025.4733663797379,1026.4435398578644,989.5769476890564,993.4576416015625,35800,0.0,0.0
2020-05-20 00:00:00+09:00,998.3086253439845,1019.6524443503671,992.4875837967893,1017.7120971679688,29500,0.0,0.0
2020-05-21 00:00:00+09:00,1037.1153846421623,1042.9364251546533,1008.0101820797067,1020.6224365234375,9700,0.0,0.0
2020-05-22 00:00:00+09:00,1027.4137584968978,1060.399658203125,1027.4137584968978,1060.399658203125,8700,0.0,0.0
2020-05-25 00:00:00+09:00,1057.48917702903,1086.594383736251,1041.9664001185122,1058.4593505859375,18400,0.0,0.0
2020-05-26 00:00:00+09:00,1076.8925367377706,1088.5346182160167,1047.787333042155,1075.92236328125,8100,0.0,0.0
2020-05-27 00:00:00+09:00,1081.7434436002075,1096.2960459804794,1070.10136169599,1073.9820556640625,10000,0.0,0.0
2020-05-28 00:00:00+09:00,1099.2065113096166,1167.11865234375,1090.4749503195137,1167.11865234375,29000,0.0,0.0
2020-05-29 00:00:00+09:00,1178.7607566036202,1178.7607566036202,1135.102950803486,1141.8941650390625,12600,0.0,0.0
2020-06-01 00:00:00+09:00,1149.655561005999,1164.2081630440496,1136.0731324371518,1153.5362548828125,17700,0.0,0.0
2020-06-02 00:00:00+09:00,1135.102842634906,1161.2975236187883,1107.93798828125,1107.93798828125,18000,0.0,0.0
2020-06-03 00:00:00+09:00,1134.1327116825241,1146.7449659612862,1067.1907466644795,1108.908203125,29500,0.0,0.0
2020-06-04 00:00:00+09:00,1105.9977572677626,1130.2520940499503,1094.3556756123126,1099.20654296875,8700,0.0,0.0
2020-06-05 00:00:00+09:00,1105.0276461538333,1144.8047607212673,1095.3259108934835,1132.1925048828125,9700,0.0,0.0
2020-06-08 00:00:00+09:00,1130.2520667255596,1130.2520667255596,1106.9679039775654,1118.6099853515625,4300,0.0,0.0
2020-06-09 00:00:00+09:00,1129.2818868143574,1130.2520602566378,1101.1468569882265,1109.87841796875,10400,0.0,0.0
2020-06-10 00:00:00+09:00,1124.4310696271336,1151.5959272195062,1114.729334772715,1122.49072265625,13000,0.0,0.0
2020-06-11 00:00:00+09:00,1115.699511674401,1138.0135019078891,1062.3399698117123,1068.1610107421875,19600,0.0,0.0
2020-06-12 00:00:00+09:00,1020.6223914496906,1116.6695556640625,1020.6223914496906,1116.6695556640625,18400,0.0,0.0
2020-06-15 00:00:00+09:00,1128.3117923328489,1128.3117923328489,1042.9365234375,1042.9365234375,21800,0.0,0.0
2020-06-16 00:00:00+09:00,1053.6083878508712,1098.2363674467645,1053.6083878508712,1096.2960205078125,9200,0.0,0.0
2020-06-17 00:00:00+09:00,1096.29606762267,1123.460925935444,1090.475026555647,1105.997802734375,12500,0.0,0.0
2020-06-18 00:00:00+09:00,1096.2960757754724,1215.6274185368736,1096.2960757754724,1180.701171875,15300,0.0,0.0
2020-06-19 00:00:00+09:00,1175.8502450048397,1175.8502450048397,1096.2960205078125,1096.2960205078125,16500,0.0,0.0
2020-06-22 00:00:00+09:00,1102.1170613246682,1111.8187960194275,1088.534632752005,1096.2960205078125,11300,0.0,0.0
2020-06-23 00:00:00+09:00,1097.2661793247014,1102.117046607304,1072.041669455168,1075.92236328125,7500,0.0,0.0
2020-06-24 00:00:00+09:00,1084.6539429140762,1102.1170654296875,1077.8627286024496,1102.1170654296875,8600,0.0,0.0
2020-06-25 00:00:00+09:00,1113.759213616674,1113.759213616674,1071.0715782515751,1077.86279296875,19100,0.0,0.0
2020-06-26 00:00:00+09:00,1103.0872264445788,1103.0872264445788,1074.9521960427383,1084.6539306640625,14900,0.0,0.0
2020-06-29 00:00:00+09:00,1077.8627709104305,1105.997802734375,1071.071556332237,1105.997802734375,8400,0.0,0.0
2020-06-30 00:00:00+09:00,1104.0574123758665,1120.5503614183883,1088.5346368064343,1102.1170654296875,6200,0.0,0.0
2020-07-01 00:00:00+09:00,1105.997802734375,1108.9083232678865,1094.355720600329,1105.997802734375,8300,0.0,0.0
2020-07-02 00:00:00+09:00,1105.9977177691355,1118.6099724454502,1097.2661568393792,1101.1468505859375,12900,0.0,0.0
2020-07-03 00:00:00+09:00,1098.2363694974626,1105.9977572677626,1098.2363694974626,1099.20654296875,1600,0.0,0.0
2020-07-06 00:00:00+09:00,1105.0275987323962,1179.73095703125,1105.0275987323962,1179.73095703125,16500,0.0,0.0
2020-07-07 00:00:00+09:00,1179.7310025232919,1249.58349609375,1179.7310025232919,1249.58349609375,19500,0.0,0.0
2020-07-08 00:00:00+09:00,1220.478188678717,1246.6728715835864,1203.0150667421378,1218.537841796875,16500,0.0,0.0
2020-07-09 00:00:00+09:00,1205.9255720007275,1222.4185202903593,1183.6115831382845,1198.1641845703125,6000,0.0,0.0
2020-07-10 00:00:00+09:00,1198.164271188185,1207.8660061775631,1198.164271188185,1205.9256591796875,1200,0.0,0.0
2020-07-13 00:00:00+09:00,1261.225470301757,1321.376223500764,1237.9413077731092,1269.95703125,16900,0.0,0.0
2020-07-14 00:00:00+09:00,1252.4939029634916,1280.6289325420673,1237.9413014573317,1261.2254638671875,12700,0.0,0.0
2020-07-15 00:00:00+09:00,1261.2254595277482,1279.6587547054614,1241.8219909196291,1255.4044189453125,11000,0.0,0.0
2020-07-16 00:00:00+09:00,1284.509760055252,1284.509760055252,1274.8080247074026,1275.7781982421875,4800,0.0,0.0
2020-07-17 00:00:00+09:00,1271.8973781273874,1279.6587656369366,1256.3746031082887,1269.95703125,4300,0.0,0.0
2020-07-20 00:00:00+09:00,1272.867607179752,1300.0324646500517,1268.0167397743414,1291.3009033203125,6300,0.0,0.0
2020-07-21 00:00:00+09:00,1291.300946570693,1322.3464990051498,1290.3307730571162,1295.181640625,11900,0.0,0.0
2020-07-22 00:00:00+09:00,1290.3306258648524,1314.5849609375,1284.5095854474168,1314.5849609375,8800,0.0,0.0
2020-07-27 00:00:00+09:00,1309.7342254918651,1311.6745724925938,1268.9869384765625,1268.9869384765625,23400,0.0,0.0
2020-07-28 00:00:00+09:00,1266.0763959099265,1270.927263327206,1236.97119140625,1236.97119140625,9300,0.0,0.0
2020-07-29 00:00:00+09:00,1232.1203727011355,1261.225578355493,1232.1203727011355,1249.58349609375,5100,0.0,0.0
2020-07-30 00:00:00+09:00,1256.3747088361806,1285.4799144462852,1242.792279551465,1246.6729736328125,4700,0.0,0.0
2020-07-31 00:00:00+09:00,1249.5833962708004,1249.5833962708004,1205.9255912768672,1224.35888671875,10000,0.0,0.0
2020-08-03 00:00:00+09:00,1311.6745326919042,1445.5584716796875,1301.0026245117188,1445.5584716796875,36000,0.0,0.0
2020-08-04 00:00:00+09:00,1373.7657052951388,1376.6762258572048,1309.7342529296875,1309.7342529296875,19000,0.0,0.0
2020-08-05 00:00:00+09:00,1280.629032186793,1295.1816348252794,1266.0764295483068,1286.4500732421875,10300,0.0,0.0
2020-08-06 00:00:00+09:00,1263.1658542375624,1278.6886297120639,1263.1658542375624,1265.106201171875,5900,0.0,0.0
2020-08-07 00:00:00+09:00,1265.106194950531,1265.106194950531,1253.4641134019064,1256.3746337890625,5700,0.0,0.0
2020-08-11 00:00:00+09:00,1261.225472426996,1283.5394615545506,1259.285125546339,1272.8675537109375,10500,0.0,0.0
2020-08-12 00:00:00+09:00,1270.9272815335182,1275.7781490202872,1261.2255465599799,1263.1658935546875,3300,0.0,0.0
2020-08-13 00:00:00+09:00,1262.1956373009314,1266.0763310359073,1253.4640763972354,1261.2254638671875,5100,0.0,0.0
2020-08-14 00:00:00+09:00,1261.2256254363685,1264.1361461104525,1251.5238898560888,1259.2852783203125,3800,0.0,0.0
2020-08-17 00:00:00+09:00,1279.6587968863116,1279.6587968863116,1254.4342868642918,1256.3746337890625,6400,0.0,0.0
2020-08-18 00:00:00+09:00,1251.5238076669198,1257.3448486328125,1249.583460678289,1257.3448486328125,3700,0.0,0.0
2020-08-19 00:00:00+09:00,1260.2553379204437,1278.6886338561546,1260.2553379204437,1270.92724609375,6000,0.0,0.0
2020-08-20 00:00:00+09:00,1262.1957239740123,1269.9571119769269,1259.2852034729192,1268.9869384765625,2700,0.0,0.0
2020-08-21 00:00:00+09:00,1266.076333198928,1266.076333198928,1251.5237316679058,1264.135986328125,5700,0.0,0.0
2020-08-24 00:00:00+09:00,1275.7781741194187,1307.7939001619593,1270.9273065372156,1301.002685546875,13000,0.0,0.0
2020-08-25 00:00:00+09:00,1301.0026817064606,1301.0026817064606,1280.6290379213483,1295.181640625,16000,0.0,0.0
2020-08-26 00:00:00+09:00,1287.420316945713,1299.062399691266,1253.464242271184,1268.016845703125,10300,0.0,0.0
2020-08-27 00:00:00+09:00,1273.837711916332,1273.837711916332,1241.8219887683967,1252.493896484375,15000,0.0,0.0
2020-08-28 00:00:00+09:00,1244.732579273897,1246.672926240809,1224.3589361213235,1236.97119140625,11900,0.0,0.0
2020-08-31 00:00:00+09:00,1242.792279551465,1266.0764440395487,1242.792279551465,1246.6729736328125,18800,0.0,0.0
2020-09-01 00:00:00+09:00,1246.672967892829,1246.672967892829,1226.299324059561,1237.94140625,9000,0.0,0.0
2020-09-02 00:00:00+09:00,1246.6728559120231,1277.718405631233,1246.6728559120231,1252.493896484375,17300,0.0,0.0
2020-09-03 00:00:00+09:00,1261.2254595277482,1276.7482344142436,1245.7026846412527,1255.4044189453125,12600,0.0,0.0
2020-09-04 00:00:00+09:00,1244.732511210847,1269.957020401402,1237.9412971980053,1255.4044189453125,12300,0.0,0.0
2020-09-07 00:00:00+09:00,1261.2254638671875,1298.092054349459,1256.3745966984675,1261.2254638671875,15300,0.0,0.0
2020-09-08 00:00:00+09:00,1260.2553631264568,1261.2255366161617,1233.0905054147242,1248.61328125,16000,0.0,0.0
2020-09-09 00:00:00+09:00,1249.5834070024962,1261.2254884341964,1236.0009786655125,1238.9114990234375,21400,0.0,0.0
2020-09-10 00:00:00+09:00,1240.851891348295,1245.7027587890625,1236.0010239075277,1245.7027587890625,6200,0.0,0.0
2020-09-11 00:00:00+09:00,1261.2255406213746,1271.8974490420171,1236.9712033017329,1254.434326171875,17400,0.0,0.0
2020-09-14 00:00:00+09:00,1261.2254086925498,1280.6288765185889,1237.9412473013026,1242.7921142578125,15700,0.0,0.0
2020-09-15 00:00:00+09:00,1254.4343560197883,1254.4343560197883,1218.5379359326018,1237.94140625,7900,0.0,0.0
2020-09-16 00:00:00+09:00,1232.120359401206,1232.120359401206,1221.4484507764712,1229.2098388671875,7500,0.0,0.0
2020-09-17 00:00:00+09:00,1224.35888671875,1239.881661827704,1218.5378460528923,1224.35888671875,6300,0.0,0.0
2020-09-18 00:00:00+09:00,1223.3887132744403,1243.7623556049425,1201.074724055319,1224.35888671875,16900,0.0,0.0
2020-09-23 00:00:00+09:00,1224.3589240099195,1241.8220465393795,1207.8659749543183,1219.508056640625,8100,0.0,0.0
2020-09-24 00:00:00+09:00,1219.508013092796,1227.269400606513,1184.5817692810692,1215.6273193359375,17500,0.0,0.0
2020-09-25 00:00:00+09:00,1228.2395207028092,1228.2395207028092,1199.1343187904204,1200.1044921875,21400,0.0,0.0
2020-09-28 00:00:00+09:00,1213.6870076007153,1229.2097830776231,1200.1045790584212,1207.865966796875,5800,0.0,0.0
2020-09-29 00:00:00+09:00,1229.4525027818413,1251.0390590956486,1222.58405304563,1231.4149169921875,17900,14.0,0.0
2020-09-30 00:00:00+09:00,1243.18937041069,1304.0242093731704,1222.5840217298496,1256.92626953125,53000,0.0,0.0
2020-10-02 00:00:00+09:00,1275.5692376030815,1294.2121726142036,1238.2833675808376,1271.6444091796875,30900,0.0,0.0
2020-10-05 00:00:00+09:00,1290.2872756041802,1361.9153905236517,1287.3436544431058,1323.6483154296875,48300,0.0,0.0
2020-10-06 00:00:00+09:00,1382.520729766495,1393.314007287738,1335.4227914919798,1365.8402099609375,27200,0.0,0.0
2020-10-07 00:00:00+09:00,1365.8402776294429,1441.3932240213014,1361.9154492454502,1435.5059814453125,33800,0.0,0.0
2020-10-08 00:00:00+09:00,1457.092598103197,1490.4536407533712,1422.750348316253,1425.6939697265625,36100,0.0,0.0
2020-10-09 00:00:00+09:00,1455.1301379733616,1458.0737592909072,1394.2952974107532,1412.938232421875,9600,0.0,0.0
2020-10-12 00:00:00+09:00,1402.1449448802284,1452.1865069438336,1394.2952880859375,1394.2952880859375,15700,0.0,0.0
2020-10-13 00:00:00+09:00,1394.295230773493,1403.126094304078,1383.501953125,1383.501953125,5800,0.0,0.0
2020-10-14 00:00:00+09:00,1481.6226885395665,1533.6266637002268,1470.8294106760334,1520.8709716796875,71300,0.0,0.0
2020-10-15 00:00:00+09:00,1560.1192804635812,1591.517907491779,1526.7582392461209,1557.1756591796875,44800,0.0,0.0
2020-10-16 00:00:00+09:00,1562.0817546844482,1585.6307258605957,1486.5288054943085,1507.1341552734375,29800,0.0,0.0
2020-10-19 00:00:00+09:00,1489.4723891479725,1559.1380937787408,1489.4723891479725,1533.626708984375,14300,0.0,0.0
2020-10-20 00:00:00+09:00,1530.683131739912,1594.461595562408,1525.7770960612584,1586.6119384765625,19300,0.0,0.0
2020-10-21 00:00:00+09:00,1599.3675702616192,1672.9581026356202,1598.3863631632994,1657.2587890625,40300,0.0,0.0
2020-10-22 00:00:00+09:00,1670.0145046855991,1727.9057242957347,1594.4615570588123,1613.1044921875,29800,0.0,0.0
2020-10-23 00:00:00+09:00,1594.461488187983,1746.548583984375,1594.461488187983,1746.548583984375,33200,0.0,0.0
2020-10-26 00:00:00+09:00,1735.755388502038,1740.6614240828803,1678.8453757642662,1692.582275390625,36600,0.0,0.0
2020-10-27 00:00:00+09:00,1669.033345800895,1688.6574886086655,1599.367638833309,1685.7138671875,35400,0.0,0.0
2020-10-28 00:00:00+09:00,1677.8641381272203,1679.8265523238604,1647.4467180793,1657.2587890625,14300,0.0,0.0
2020-10-29 00:00:00+09:00,1599.3675679881671,1679.826549936038,1599.3675679881671,1677.8641357421875,20300,0.0,0.0
2020-10-30 00:00:00+09:00,1594.4614704231728,1599.3675057167825,1461.9985174957092,1464.942138671875,69600,0.0,0.0
2020-11-02 00:00:00+09:00,1473.7730261915196,1533.6266577478996,1471.81061204213,1521.8521728515625,26700,0.0,0.0
2020-11-04 00:00:00+09:00,1545.401156760011,1549.3259850946395,1490.4535600752106,1499.284423828125,7900,0.0,0.0
2020-11-05 00:00:00+09:00,1499.2845408313678,1579.743527970224,1499.2845408313678,1560.119384765625,19600,0.0,0.0
2020-11-06 00:00:00+09:00,1589.5555995725235,1590.5368067327536,1550.3073131633255,1560.119384765625,17000,0.0,0.0
2020-11-09 00:00:00+09:00,1560.1193668343926,1577.7810955155367,1537.5516024084864,1563.06298828125,14600,0.0,0.0
2020-11-10 00:00:00+09:00,1560.1193698182396,1560.1193698182396,1435.5060616629464,1442.37451171875,29800,0.0,0.0
2020-11-11 00:00:00+09:00,1432.562458061733,1452.1866013228528,1427.656422246453,1439.430908203125,19900,0.0,0.0
2020-11-12 00:00:00+09:00,1444.3368278133903,1446.299241981615,1377.61474609375,1377.61474609375,19400,0.0,0.0
2020-11-13 00:00:00+09:00,1373.6898983226104,1401.1636962890625,1363.8778276203059,1401.1636962890625,12900,0.0,0.0
2020-11-16 00:00:00+09:00,1422.75026777803,1422.75026777803,1393.3140553412431,1418.825439453125,9100,0.0,0.0
2020-11-17 00:00:00+09:00,1420.787847613944,1422.7502617681068,1334.4416248307762,1358.9718017578125,27200,0.0,0.0
2020-11-18 00:00:00+09:00,1366.8214881786403,1366.8214881786403,1332.4792397319407,1354.0657958984375,5600,0.0,0.0
2020-11-19 00:00:00+09:00,1354.0657604927626,1372.7086948763585,1335.4228261091664,1359.9530029296875,4800,0.0,0.0
2020-11-20 00:00:00+09:00,1324.6295863560267,1373.68994140625,1324.6295863560267,1373.68994140625,9100,0.0,0.0
2020-11-24 00:00:00+09:00,1377.6148085132088,1427.6563720703125,1377.6148085132088,1427.6563720703125,10200,0.0,0.0
2020-11-25 00:00:00+09:00,1442.3744638080636,1457.0925705816153,1396.257729250935,1409.99462890625,20400,0.0,0.0
2020-11-26 00:00:00+09:00,1431.581167432997,1431.581167432997,1398.2201258341472,1412.938232421875,7200,0.0,0.0
2020-11-27 00:00:00+09:00,1442.3744641460166,1470.8294705815504,1438.44963567215,1450.22412109375,14900,0.0,0.0
2020-11-30 00:00:00+09:00,1471.8106521843629,1519.8898001557186,1453.1677172566942,1514.9837646484375,14200,0.0,0.0
2020-12-01 00:00:00+09:00,1520.8710783845063,1543.4388427734375,1511.0590069110578,1543.4388427734375,10000,0.0,0.0
2020-12-02 00:00:00+09:00,1547.36348828125,1547.36348828125,1462.97968359375,1471.810546875,16600,0.0,0.0
2020-12-03 00:00:00+09:00,1462.97968359375,1498.30313671875,1449.24278515625,1471.810546875,13600,0.0,0.0
2020-12-04 00:00:00+09:00,1458.0737541909161,1458.0737541909161,1437.4684050401695,1454.14892578125,6800,0.0,0.0
2020-12-07 00:00:00+09:00,1454.1489125844596,1454.1489125844596,1403.1261437218468,1415.8818359375,6700,0.0,0.0
2020-12-08 00:00:00+09:00,1387.4268710420656,1416.8630847133966,1387.4268710420656,1409.013427734375,2200,0.0,0.0
2020-12-09 00:00:00+09:00,1420.7878979251145,1420.7878979251145,1391.3516845703125,1391.3516845703125,3100,0.0,0.0
2020-12-10 00:00:00+09:00,1403.1261261535055,1418.825439453125,1378.5959491228498,1418.825439453125,7700,0.0,0.0
2020-12-11 00:00:00+09:00,1421.7691292988886,1441.3932718703018,1414.900679398894,1427.6563720703125,8800,0.0,0.0
2020-12-14 00:00:00+09:00,1441.3932926343834,1444.3369140625,1420.787942637568,1444.3369140625,5900,0.0,0.0
2020-12-15 00:00:00+09:00,1459.0549971417684,1459.0549971417684,1429.6187833460365,1448.26171875,14600,0.0,0.0
2020-12-16 00:00:00+09:00,1457.0926069176714,1461.0174354884934,1438.4496712062669,1444.3369140625,6600,0.0,0.0
2020-12-17 00:00:00+09:00,1452.1865892507658,1456.1114178703624,1422.7503746037908,1441.393310546875,8900,0.0,0.0
2020-12-18 00:00:00+09:00,1432.5623445609863,1441.393208328828,1415.8818241106185,1417.84423828125,10400,0.0,0.0
2020-12-21 00:00:00+09:00,1421.769141179483,1434.524833957491,1417.844312632404,1425.6939697265625,6000,0.0,0.0
2020-12-22 00:00:00+09:00,1419.8066751534598,1425.6939177594866,1363.8778703962053,1373.68994140625,7000,0.0,0.0
2020-12-23 00:00:00+09:00,1375.6524061683892,1391.3517203614665,1365.840334797716,1385.4644775390625,8400,0.0,0.0
2020-12-24 00:00:00+09:00,1395.2765742666143,1441.393310546875,1388.40812418232,1441.393310546875,10100,0.0,0.0
2020-12-25 00:00:00+09:00,1444.3368572467487,1446.2992714549644,1422.7503009563761,1433.5435791015625,17200,0.0,0.0
2020-12-28 00:00:00+09:00,1424.7127210643193,1434.5247921460295,1422.7503068479773,1432.5623779296875,4900,0.0,0.0
2020-12-29 00:00:00+09:00,1457.0925377155172,1696.5070691650703,1452.1865022349937,1536.5703125,133400,0.0,0.0
2020-12-30 00:00:00+09:00,1545.401196462828,1666.0896708532584,1545.401196462828,1654.315185546875,70100,0.0,0.0
2021-01-04 00:00:00+09:00,1615.0669001264237,1788.7405582809663,1578.7622371223667,1755.3795166015625,40500,0.0,0.0
2021-01-05 00:00:00+09:00,1739.680246784709,1851.5378599451471,1727.9057611888734,1808.36474609375,34700,0.0,0.0
2021-01-06 00:00:00+09:00,1832.8949093000856,1832.8949093000856,1736.7366110605735,1790.7030029296875,19200,0.0,0.0
2021-01-07 00:00:00+09:00,1795.6090634715083,1795.6090634715083,1706.3192138671875,1706.3192138671875,13600,0.0,0.0
2021-01-08 00:00:00+09:00,1706.3191288170713,1741.6425840427266,1697.4882650106574,1740.661376953125,6100,0.0,0.0
2021-01-12 00:00:00+09:00,1779.9096713537153,1779.9096713537153,1698.469482421875,1698.469482421875,15200,0.0,0.0
2021-01-13 00:00:00+09:00,1697.4883734183627,1723.9809665295165,1688.6575090479782,1702.3944091796875,2900,0.0,0.0
2021-01-14 00:00:00+09:00,1706.3192082630178,1716.1312796158816,1658.240058633985,1667.0709228515625,6000,0.0,0.0
2021-01-15 00:00:00+09:00,1652.3527161899183,1667.0708223317527,1610.1608119166604,1622.91650390625,10600,0.0,0.0
2021-01-18 00:00:00+09:00,1609.1796459946113,1633.709823525017,1574.8373974520434,1616.048095703125,14800,0.0,0.0
2021-01-19 00:00:00+09:00,1617.0292262801204,1637.6345744305347,1599.3674992940512,1628.8037109375,4100,0.0,0.0
2021-01-20 00:00:00+09:00,1644.5031209262747,1693.5634765625,1631.747428460856,1693.5634765625,9000,0.0,0.0
2021-01-21 00:00:00+09:00,1667.0708362559067,1686.6949779422623,1641.5594520636446,1661.18359375,7100,0.0,0.0
2021-01-22 00:00:00+09:00,1691.6010720806821,1821.1204117063492,1671.9769297131568,1792.6654052734375,25400,0.0,0.0
2021-01-25 00:00:00+09:00,1805.4210123697917,1805.4210123697917,1712.2063405354818,1766.1727294921875,14100,0.0,0.0
2021-01-26 00:00:00+09:00,1771.0788633765244,1795.609041539634,1729.8681640625,1729.8681640625,6500,0.0,0.0
2021-01-27 00:00:00+09:00,1757.3419011859194,1783.834492661084,1736.7365522607913,1760.2855224609375,12700,0.0,0.0
2021-01-28 00:00:00+09:00,1737.717712808793,1780.8908236860302,1737.717712808793,1768.1351318359375,5400,0.0,0.0
2021-01-29 00:00:00+09:00,1782.8533309320094,1798.552644798224,1757.3419458994103,1773.041259765625,8700,0.0,0.0
2021-02-01 00:00:00+09:00,1753.417102385127,1793.646593822055,1740.6614099782962,1755.3795166015625,19000,0.0,0.0
2021-02-02 00:00:00+09:00,1764.2104165638902,1770.0976593332914,1708.281610254579,1709.2628173828125,12500,0.0,0.0
2021-02-03 00:00:00+09:00,1717.112453294837,1729.868145805027,1678.8453757642662,1692.582275390625,10600,0.0,0.0
2021-02-04 00:00:00+09:00,1672.9581326373682,1673.9393397532847,1615.066912798304,1652.352783203125,16800,0.0,0.0
2021-02-05 00:00:00+09:00,1628.8037183899,1639.5969960418813,1603.2923348488534,1607.2171630859375,13000,0.0,0.0
2021-02-08 00:00:00+09:00,1593.4802351595786,1640.5781731445907,1593.4802351595786,1612.1231689453125,8800,0.0,0.0
2021-02-09 00:00:00+09:00,1612.1233300690603,1618.991780045009,1584.6495301652662,1585.6307373046875,9100,0.0,0.0
2021-02-10 00:00:00+09:00,1585.6306984433522,1594.4615624817125,1569.9313845973784,1571.893798828125,13100,0.0,0.0
2021-02-12 00:00:00+09:00,1572.8750267664984,1588.5743408203125,1572.8750267664984,1588.5743408203125,7700,0.0,0.0
2021-02-15 00:00:00+09:00,1591.5178813319053,1649.4090989635838,1591.5178813319053,1642.5406494140625,34000,0.0,0.0
2021-02-16 00:00:00+09:00,1649.409065048834,1653.3338932821446,1618.991646240676,1627.822509765625,17900,0.0,0.0
2021-02-17 00:00:00+09:00,1629.7849831751726,1629.7849831751726,1589.5554923201562,1618.010498046875,16400,0.0,0.0
2021-02-18 00:00:00+09:00,1604.2736010352282,1613.1044648941377,1589.5554946037123,1597.4051513671875,9800,0.0,0.0
2021-02-19 00:00:00+09:00,1595.4427635683094,1597.4051777916407,1564.0441359950094,1572.875,15400,0.0,0.0
2021-02-22 00:00:00+09:00,1575.8186272896185,1596.423976712459,1567.9689703666315,1571.893798828125,21900,0.0,0.0
2021-02-24 00:00:00+09:00,1574.837376506782,1618.0104883860959,1567.9689268896186,1599.3675537109375,39500,0.0,0.0
2021-02-25 00:00:00+09:00,1612.1232532249953,1638.6158447265625,1581.7058333528255,1638.6158447265625,19400,0.0,0.0
2021-02-26 00:00:00+09:00,1606.2359973900454,1614.085654066356,1591.5178911219632,1600.3487548828125,10600,0.0,0.0
2021-03-01 00:00:00+09:00,1592.4992233750243,1608.1985379615926,1567.9690443335112,1579.7435302734375,25700,0.0,0.0
2021-03-02 00:00:00+09:00,1597.4051805344302,1598.3863876477806,1551.2884462069621,1552.2696533203125,32200,0.0,0.0
2021-03-03 00:00:00+09:00,1553.2508871868645,1571.8938226616278,1525.7770875398448,1567.968994140625,17500,0.0,0.0
2021-03-04 00:00:00+09:00,1566.9878203802132,1569.9314418336512,1530.68315578781,1542.4576416015625,9800,0.0,0.0
2021-03-05 00:00:00+09:00,1526.758237930041,1566.0065216814562,1491.4347825537677,1516.9461669921875,53900,0.0,0.0
2021-03-08 00:00:00+09:00,1540.4952006597446,1550.3072720015264,1514.983815171112,1526.75830078125,19300,0.0,0.0
2021-03-09 00:00:00+09:00,1506.1528230494878,1507.1340301003345,1462.9797128122386,1466.904541015625,32800,0.0,0.0
2021-03-10 00:00:00+09:00,1476.7166233765386,1481.6226586701482,1461.9985174957092,1464.942138671875,51800,0.0,0.0
2021-03-11 00:00:00+09:00,1466.9045727491223,1511.058890992407,1466.9045727491223,1502.22802734375,28900,0.0,0.0
2021-03-12 00:00:00+09:00,1502.2280332478044,1510.077689855239,1474.754235121783,1501.246826171875,28300,0.0,0.0
2021-03-15 00:00:00+09:00,1500.2656875818561,1523.8146584791514,1481.622752288164,1510.0777587890625,22800,0.0,0.0
2021-03-16 00:00:00+09:00,1540.495139831993,1617.0292932758753,1540.495139831993,1597.4051513671875,26200,0.0,0.0
2021-03-17 00:00:00+09:00,1609.1795371671028,1647.4466115265645,1587.5929824002271,1593.480224609375,41400,0.0,0.0
2021-03-18 00:00:00+09:00,1592.4991812909468,1604.2736669197152,1570.912624304871,1586.6119384765625,17500,0.0,0.0
2021-03-19 00:00:00+09:00,1579.7434977468652,1579.7434977468652,1540.495212088558,1565.025390625,28600,0.0,0.0
2021-03-22 00:00:00+09:00,1581.7058999784751,1582.687107112457,1565.0253787007866,1566.98779296875,15100,0.0,0.0
2021-03-23 00:00:00+09:00,1566.9877720313737,1586.6119144487984,1541.4763868887212,1550.3072509765625,14800,0.0,0.0
2021-03-24 00:00:00+09:00,1535.589179653376,1549.326079663055,1493.3972724807913,1544.4200439453125,38500,0.0,0.0
2021-03-25 00:00:00+09:00,1544.4199514395116,1564.0440931350581,1520.870981404856,1539.513916015625,32600,0.0,0.0
2021-03-26 00:00:00+09:00,1541.4763323170268,1549.3259890061015,1514.9837409914,1518.9085693359375,27600,0.0,0.0
2021-03-29 00:00:00+09:00,1549.3259709430156,1555.2132133911841,1515.964930403394,1521.8521728515625,23000,0.0,0.0
2021-03-30 00:00:00+09:00,1534.724088825002,1544.6255345593568,1520.862064796905,1535.7142333984375,13800,14.0,0.0
2021-03-31 00:00:00+09:00,1552.5466868082683,1552.5466868082683,1519.8719159762065,1520.862060546875,18200,0.0,0.0
2021-04-01 00:00:00+09:00,1514.921125858388,1515.9112703850928,1479.2759228970142,1489.1773681640625,51700,0.0,0.0
2021-04-02 00:00:00+09:00,1528.7832144292606,1539.6748046875,1507.0000339127814,1539.6748046875,38800,0.0,0.0
2021-04-05 00:00:00+09:00,1553.5368097270748,1601.063748456775,1540.664930487781,1585.221435546875,28300,0.0,0.0
2021-04-06 00:00:00+09:00,1581.2608084896494,1589.181964699992,1540.6648829116434,1560.4677734375,13700,0.0,0.0
2021-04-07 00:00:00+09:00,1564.4283396565495,1574.3297848442492,1533.7338595746805,1549.576171875,16200,0.0,0.0
2021-04-08 00:00:00+09:00,1537.6944462124322,1541.6550243095667,1524.8225673967454,1526.8028564453125,4100,0.0,0.0
2021-04-09 00:00:00+09:00,1525.8127101235937,1586.2115260337423,1522.842276554242,1545.6156005859375,8600,0.0,0.0
2021-04-12 00:00:00+09:00,1539.6747539365115,1544.6254766179793,1517.8915741380526,1533.73388671875,9900,0.0,0.0
2021-04-13 00:00:00+09:00,1525.812716857087,1554.5269081542028,1525.812716857087,1541.655029296875,8700,0.0,0.0
2021-04-14 00:00:00+09:00,1535.7142080854076,1539.6747863138678,1529.7733407427174,1532.7437744140625,4000,0.0,0.0
2021-04-15 00:00:00+09:00,1525.8127068879953,1528.7831404510478,1496.1083712574698,1511.95068359375,13700,0.0,0.0
2021-04-16 00:00:00+09:00,1506.0098600567512,1530.7634737986439,1502.0492818580483,1521.8521728515625,13800,0.0,0.0
2021-04-19 00:00:00+09:00,1535.7142035377935,1535.7142035377935,1509.970445129036,1517.8916015625,10100,0.0,0.0
2021-04-20 00:00:00+09:00,1519.8718652662888,1531.753599717882,1509.9704198899612,1514.921142578125,9300,0.0,0.0
2021-04-21 00:00:00+09:00,1505.0197784810125,1505.0197784810125,1465.4139948367754,1486.20703125,23900,0.0,0.0
2021-04-22 00:00:00+09:00,1497.0985388758877,1533.73388671875,1497.0985388758877,1533.73388671875,18000,0.0,0.0
2021-04-23 00:00:00+09:00,1521.8521842857972,1532.7437744140625,1500.0690040292666,1532.7437744140625,14800,0.0,0.0
2021-04-26 00:00:00+09:00,1541.6551037152806,1612.9455131356403,1535.7142362635839,1603.0440673828125,35700,0.0,0.0
2021-04-27 00:00:00+09:00,1590.1721328907229,1613.935601875391,1568.38895298811,1582.2509765625,14800,0.0,0.0
2021-04-28 00:00:00+09:00,1582.2509697046173,1586.2115478515625,1539.6747546249562,1586.2115478515625,15300,0.0,0.0
2021-04-30 00:00:00+09:00,1566.4086337705203,1572.3495009023932,1540.6648761990705,1564.4283447265625,17100,0.0,0.0
2021-05-06 00:00:00+09:00,1578.2903936293333,1578.2903936293333,1551.556491102362,1567.3988037109375,8900,0.0,0.0
2021-05-07 00:00:00+09:00,1565.4185581817915,1604.0341962394068,1562.4481244850517,1577.30029296875,22100,0.0,0.0
2021-05-10 00:00:00+09:00,1587.20168359375,1608.98486328125,1580.270671875,1608.98486328125,17900,0.0,0.0
2021-05-11 00:00:00+09:00,1607.0045642816908,1614.9257204827095,1579.280517578125,1579.280517578125,9100,0.0,0.0
2021-05-12 00:00:00+09:00,1584.231279481132,1613.9356159714032,1566.4086775869694,1574.329833984375,25900,0.0,0.0
2021-05-13 00:00:00+09:00,1559.477633818525,1602.0538485830944,1520.8619971715902,1575.3199462890625,20900,0.0,0.0
2021-05-14 00:00:00+09:00,1581.260893660507,1599.08349609375,1567.3988695457624,1599.08349609375,16600,0.0,0.0
2021-05-17 00:00:00+09:00,1391.1530525168903,1411.9460874655413,1344.6162600127666,1369.369873046875,114300,0.0,0.0
2021-05-18 00:00:00+09:00,1373.330506327485,1415.9067224573205,1371.3502172051672,1390.1629638671875,29000,0.0,0.0
2021-05-19 00:00:00+09:00,1387.1925645487233,1456.502685546875,1387.1925645487233,1456.502685546875,16800,0.0,0.0
2021-05-20 00:00:00+09:00,1473.3351058050496,1511.950743658811,1450.561780916934,1495.1182861328125,41400,0.0,0.0
2021-05-21 00:00:00+09:00,1495.1182629985194,1505.0197084488407,1440.660313021752,1473.3350830078125,24200,0.0,0.0
2021-05-24 00:00:00+09:00,1483.2365078125001,1508.9802656250001,1436.69971484375,1485.216796875,34100,0.0,0.0
2021-05-25 00:00:00+09:00,1483.236533034752,1483.236533034752,1421.8475710533405,1435.7095947265625,35500,0.0,0.0
2021-05-26 00:00:00+09:00,1422.837722461748,1436.6997462018066,1421.8475779088865,1431.7490234375,3200,0.0,0.0
2021-05-27 00:00:00+09:00,1461.4533858210405,1461.4533858210405,1406.99543445237,1434.719482421875,14300,0.0,0.0
2021-05-28 00:00:00+09:00,1410.9559462284149,1432.7391257491342,1396.103778373379,1403.0347900390625,15100,0.0,0.0
2021-05-31 00:00:00+09:00,1406.0052401409823,1445.6110215534043,1406.0052401409823,1428.778564453125,14500,0.0,0.0
2021-06-01 00:00:00+09:00,1428.7785270375919,1428.7785270375919,1406.005203321816,1414.91650390625,4400,0.0,0.0
2021-06-02 00:00:00+09:00,1401.0544874760142,1428.7785338712993,1401.0544874760142,1410.9559326171875,8200,0.0,0.0
2021-06-03 00:00:00+09:00,1418.877112314136,1432.7391357421875,1396.1037881109085,1432.7391357421875,12100,0.0,0.0
2021-06-04 00:00:00+09:00,1424.8179863118828,1429.7687089884355,1415.9066854940877,1428.778564453125,3200,0.0,0.0
2021-06-07 00:00:00+09:00,1423.8278113007127,1423.8278113007127,1395.1136203913102,1410.9559326171875,13100,0.0,0.0
2021-06-08 00:00:00+09:00,1410.9560365232996,1417.887048632537,1401.0545906529608,1404.0250244140625,6400,0.0,0.0
2021-06-09 00:00:00+09:00,1404.0250314931047,1404.0250314931047,1391.1531517967644,1400.064453125,8900,0.0,0.0
2021-06-10 00:00:00+09:00,1410.9559786521781,1411.9461231986008,1387.1925095380363,1402.044677734375,5600,0.0,0.0
2021-06-11 00:00:00+09:00,1402.0446336293119,1402.0446336293119,1389.1727549307377,1392.1431884765625,9100,0.0,0.0
2021-06-14 00:00:00+09:00,1400.0643886415298,1404.0249668272202,1385.2122204451912,1402.044677734375,8200,0.0,0.0
2021-06-15 00:00:00+09:00,1408.975638401762,1408.975638401762,1387.1924591713762,1396.103759765625,21000,0.0,0.0
2021-06-16 00:00:00+09:00,1389.1728054835505,1398.0841064453125,1389.1728054835505,1398.0841064453125,7500,0.0,0.0
2021-06-17 00:00:00+09:00,1388.1826120829014,1394.1234791816871,1371.350155303009,1373.3304443359375,11000,0.0,0.0
2021-06-18 00:00:00+09:00,1368.3797421875,1378.2811875,1361.44873046875,1361.44873046875,17000,0.0,0.0
2021-06-21 00:00:00+09:00,1305.0104642905105,1341.645811163613,1305.0104642905105,1324.8133544921875,14100,0.0,0.0
2021-06-22 00:00:00+09:00,1317.882415816166,1358.4783429750412,1314.911982121614,1352.5374755859375,20700,0.0,0.0
2021-06-23 00:00:00+09:00,1337.6853292063952,1385.2122691041798,1337.6853292063952,1374.3206787109375,4100,0.0,0.0
2021-06-24 00:00:00+09:00,1376.300962215386,1411.9461669921875,1374.3206730611194,1411.9461669921875,8600,0.0,0.0
2021-06-25 00:00:00+09:00,1419.8673193463192,1419.8673193463192,1389.1728375473401,1397.093994140625,13200,0.0,0.0
2021-06-28 00:00:00+09:00,1384.2220990452956,1384.2220990452956,1369.3699306006035,1371.3502197265625,5400,0.0,0.0
2021-06-29 00:00:00+09:00,1372.3403642895419,1384.2220990452956,1371.3502197265625,1371.3502197265625,2300,0.0,0.0
2021-06-30 00:00:00+09:00,1372.3403183705836,1381.251619139224,1372.3403183705836,1380.261474609375,4700,0.0,0.0
2021-07-01 00:00:00+09:00,1371.3502294061468,1371.3502294061468,1343.6261814470333,1348.576904296875,9400,0.0,0.0
2021-07-02 00:00:00+09:00,1342.6360230383211,1358.4783359945254,1342.6360230383211,1356.498046875,5100,0.0,0.0
2021-07-05 00:00:00+09:00,1366.3995400705644,1391.1531549269152,1366.3995400705644,1381.251708984375,9600,0.0,0.0
2021-07-06 00:00:00+09:00,1381.2517050038214,1394.123584692029,1360.458668584409,1366.3995361328125,5700,0.0,0.0
2021-07-07 00:00:00+09:00,1361.448703439522,1389.1727497641086,1361.448703439522,1377.291015625,5800,0.0,0.0
2021-07-08 00:00:00+09:00,1368.3798212854854,1369.3699658739697,1346.596640338828,1351.54736328125,3500,0.0,0.0
2021-07-09 00:00:00+09:00,1343.6261088420094,1373.3304443359375,1331.7443746444383,1373.3304443359375,6300,0.0,0.0
2021-07-12 00:00:00+09:00,1374.3206787109375,1392.1432811726067,1368.3798112237143,1374.3206787109375,4300,0.0,0.0
2021-07-13 00:00:00+09:00,1373.3304724532568,1409.9658203125,1373.3304724532568,1409.9658203125,17400,0.0,0.0
2021-07-14 00:00:00+09:00,1388.182642557273,1396.1037988628782,1379.2713417134676,1391.153076171875,5000,0.0,0.0
2021-07-15 00:00:00+09:00,1384.2221174568965,1384.2221174568965,1364.4192259339081,1378.28125,6200,0.0,0.0
2021-07-16 00:00:00+09:00,1367.3896414746446,1371.3502197265625,1366.3994969116652,1371.3502197265625,5200,0.0,0.0
2021-07-19 00:00:00+09:00,1381.2516583634247,1389.1728148271577,1375.310791015625,1375.310791015625,1800,0.0,0.0
2021-07-20 00:00:00+09:00,1375.3107266018153,1387.1924607409237,1372.3402930670381,1377.291015625,3800,0.0,0.0
2021-07-21 00:00:00+09:00,1373.330476570955,1380.2614883488907,1359.468453015084,1372.34033203125,7300,0.0,0.0
2021-07-26 00:00:00+09:00,1386.2023648145178,1386.2023648145178,1309.9612347497193,1349.5670166015625,25200,0.0,0.0
2021-07-27 00:00:00+09:00,1342.6360650480592,1347.586788001776,1331.7444745498817,1332.734619140625,10500,0.0,0.0
2021-07-28 00:00:00+09:00,1332.7345224978574,1355.507846433556,1326.7936553841967,1335.7049560546875,8900,0.0,0.0
2021-07-29 00:00:00+09:00,1321.8430216471354,1338.6754796006944,1321.8430216471354,1336.6951904296875,1300,0.0,0.0
2021-07-30 00:00:00+09:00,1321.8429277182697,1326.7936502939936,1313.9217715971115,1320.852783203125,7100,0.0,0.0
2021-08-02 00:00:00+09:00,1309.9612506249707,1331.7444309074722,1309.9612506249707,1322.8331298828125,10900,0.0,0.0
2021-08-03 00:00:00+09:00,1322.833149651643,1366.3995108677152,1320.852860505458,1363.4290771484375,8700,0.0,0.0
2021-08-04 00:00:00+09:00,1338.6754334529066,1378.2812155077263,1314.9119642200149,1345.6064453125,9900,0.0,0.0
2021-08-05 00:00:00+09:00,1331.7443645255216,1373.3304339010397,1331.7443645255216,1343.6260986328125,2100,0.0,0.0
2021-08-06 00:00:00+09:00,1336.6950833067604,1348.5768173805982,1307.9808926283188,1309.961181640625,4000,0.0,0.0
2021-08-10 00:00:00+09:00,1306.000613591524,1306.000613591524,1253.5229543645712,1268.3751220703125,20400,0.0,0.0
2021-08-11 00:00:00+09:00,1280.256911521996,1341.6458740234375,1269.3653214007727,1341.6458740234375,19600,0.0,0.0
2021-08-12 00:00:00+09:00,1345.606452249337,1365.4093433788341,1306.9908145468173,1341.6458740234375,8200,0.0,0.0
2021-08-13 00:00:00+09:00,1323.8232115542373,1324.8133560654971,1306.0006103515625,1306.0006103515625,700,0.0,0.0
2021-08-16 00:00:00+09:00,1299.0696588520816,1299.0696588520816,1236.6905517578125,1236.6905517578125,12000,0.0,0.0
2021-08-17 00:00:00+09:00,1247.5821254727105,1247.5821254727105,1210.94677734375,1210.94677734375,11300,0.0,0.0
2021-08-18 00:00:00+09:00,1190.1537036212337,1237.68064020511,1178.2719694752645,1215.8974609375,7400,0.0,0.0
2021-08-19 00:00:00+09:00,1216.8876854649748,1239.6610107421875,1198.0749384968426,1239.6610107421875,4200,0.0,0.0
2021-08-20 00:00:00+09:00,1239.6609223601106,1239.6609223601106,1186.1931189995307,1219.8580322265625,8500,0.0,0.0
2021-08-23 00:00:00+09:00,1222.8285391671316,1254.513165283203,1189.1636239188058,1247.5821533203125,15600,0.0,0.0
2021-08-24 00:00:00+09:00,1253.5229935597752,1368.3797607421875,1253.5229935597752,1368.3797607421875,15800,0.0,0.0
2021-08-25 00:00:00+09:00,1382.2417344815078,1386.2023125172716,1312.9316188556443,1343.6260986328125,15700,0.0,0.0
2021-08-26 00:00:00+09:00,1355.5078559102558,1504.029534790123,1326.7936646601481,1436.69970703125,37300,0.0,0.0
2021-08-27 00:00:00+09:00,1436.6997034240683,1514.9211207710712,1356.4979970303057,1474.3251953125,28800,0.0,0.0
2021-08-30 00:00:00+09:00,1485.2168671072345,1495.1183128879495,1445.611083984375,1445.611083984375,17000,0.0,0.0
2021-08-31 00:00:00+09:00,1468.3843765206568,1484.2266894163618,1445.6110517330808,1446.6011962890625,2900,0.0,0.0
2021-09-01 00:00:00+09:00,1446.6011756539588,1475.3153673678291,1446.6011756539588,1458.48291015625,3000,0.0,0.0
2021-09-02 00:00:00+09:00,1448.581483005833,1471.3548077557537,1434.7194592450116,1465.4139404296875,4300,0.0,0.0
2021-09-03 00:00:00+09:00,1485.216796875,1503.0393984375,1446.60116015625,1485.216796875,20600,0.0,0.0
2021-09-06 00:00:00+09:00,1512.9408996702416,1584.2313085552269,1485.2168517705252,1506.0098876953125,16300,0.0,0.0
2021-09-07 00:00:00+09:00,1503.0394566684524,1505.0197458076732,1465.4139630232607,1487.1971435546875,14300,0.0,0.0
2021-09-08 00:00:00+09:00,1485.2167813013016,1584.231233388055,1480.266058696964,1583.2410888671875,49400,0.0,0.0
2021-09-09 00:00:00+09:00,1563.4382928318312,1575.3200277995209,1523.832509606199,1546.6058349609375,17800,0.0,0.0
2021-09-10 00:00:00+09:00,1534.724088825002,1573.3397271889858,1522.842353943776,1535.7142333984375,21500,0.0,0.0
2021-09-13 00:00:00+09:00,1535.7141435389365,1542.6451551474295,1525.8126983839466,1534.7239990234375,2900,0.0,0.0
2021-09-14 00:00:00+09:00,1534.7240704946566,1536.7043596178758,1519.8719020705148,1528.783203125,2900,0.0,0.0
2021-09-15 00:00:00+09:00,1514.9211087134577,1543.6352996629284,1499.078796465474,1534.7239990234375,18400,0.0,0.0
2021-09-16 00:00:00+09:00,1545.6156775940383,1545.6156775940383,1496.1084489715515,1502.04931640625,10200,0.0,0.0
2021-09-17 00:00:00+09:00,1502.0492772667542,1509.9704336399475,1486.206964520368,1507.0,7300,0.0,0.0
2021-09-21 00:00:00+09:00,1475.3153363161018,1515.9112616778202,1454.522301374734,1511.95068359375,9700,0.0,0.0
2021-09-22 00:00:00+09:00,1511.9506733192948,1534.7239971479416,1478.285759833469,1482.246337890625,8700,0.0,0.0
2021-09-24 00:00:00+09:00,1505.019748955016,1557.4974112541054,1499.0788815249302,1554.5269775390625,8500,0.0,0.0
2021-09-27 00:00:00+09:00,1570.3692015814013,1570.3692015814013,1533.7338545079385,1534.7239990234375,15600,0.0,0.0
2021-09-28 00:00:00+09:00,1541.65505913272,1541.65505913272,1501.059132720105,1507.0,4700,0.0,0.0
2021-09-29 00:00:00+09:00,1514.0,1572.0,1479.0,1558.0,11100,15.0,0.0
2021-09-30 00:00:00+09:00,1558.0,1558.0,1525.0,1542.0,1800,0.0,0.0
2021-10-01 00:00:00+09:00,1521.0,1550.0,1521.0,1522.0,2500,0.0,0.0
2021-10-04 00:00:00+09:00,1550.0,1563.0,1547.0,1562.0,6400,0.0,0.0
2021-10-05 00:00:00+09:00,1541.0,1541.0,1495.0,1520.0,3300,0.0,0.0
2021-10-06 00:00:00+09:00,1524.0,1535.0,1523.0,1535.0,1800,0.0,0.0
2021-10-07 00:00:00+09:00,1521.0,1544.0,1521.0,1543.0,1800,0.0,0.0
2021-10-08 00:00:00+09:00,1545.0,1545.0,1531.0,1544.0,600,0.0,0.0
2021-10-11 00:00:00+09:00,1547.0,1570.0,1547.0,1547.0,3200,0.0,0.0
2021-10-12 00:00:00+09:00,1547.0,1547.0,1547.0,1547.0,0,0.0,0.0
2021-10-13 00:00:00+09:00,1531.0,1546.0,1531.0,1546.0,300,0.0,0.0
2021-10-14 00:00:00+09:00,1531.0,1549.0,1531.0,1544.0,1400,0.0,0.0
2021-10-15 00:00:00+09:00,1535.0,1537.0,1535.0,1537.0,1300,0.0,0.0
2021-10-18 00:00:00+09:00,1550.0,1557.0,1545.0,1545.0,2800,0.0,0.0
2021-10-19 00:00:00+09:00,1554.0,1570.0,1540.0,1550.0,7400,0.0,0.0
2021-10-20 00:00:00+09:00,1545.0,1557.0,1538.0,1556.0,6700,0.0,0.0
2021-10-21 00:00:00+09:00,1560.0,1577.0,1557.0,1557.0,4400,0.0,0.0
2021-10-22 00:00:00+09:00,1557.0,1575.0,1557.0,1575.0,3400,0.0,0.0
2021-10-25 00:00:00+09:00,1591.0,1591.0,1578.0,1584.0,11300,0.0,0.0
2021-10-26 00:00:00+09:00,1593.0,1593.0,1585.0,1585.0,1300,0.0,0.0
2021-10-27 00:00:00+09:00,1585.0,1585.0,1563.0,1572.0,1300,0.0,0.0
2021-10-28 00:00:00+09:00,1573.0,1585.0,1573.0,1585.0,1800,0.0,0.0
2021-10-29 00:00:00+09:00,1985.0,1985.0,1985.0,1985.0,15000,0.0,0.0
2021-11-01 00:00:00+09:00,2375.0,2385.0,2236.0,2279.0,689000,0.0,0.0
2021-11-02 00:00:00+09:00,2192.0,2280.0,2050.0,2240.0,538100,0.0,0.0
2021-11-04 00:00:00+09:00,2240.0,2385.0,2206.0,2304.0,204700,0.0,0.0
2021-11-05 00:00:00+09:00,2254.0,2385.0,2251.0,2347.0,109800,0.0,0.0
2021-11-08 00:00:00+09:00,2300.0,2309.0,2186.0,2228.0,89300,0.0,0.0
2021-11-09 00:00:00+09:00,2231.0,2321.0,2216.0,2320.0,50400,0.0,0.0
2021-11-10 00:00:00+09:00,2300.0,2340.0,2200.0,2217.0,50300,0.0,0.0
2021-11-11 00:00:00+09:00,2200.0,2234.0,2090.0,2219.0,74200,0.0,0.0
2021-11-12 00:00:00+09:00,2215.0,2215.0,2100.0,2116.0,25200,0.0,0.0
2021-11-15 00:00:00+09:00,2116.0,2200.0,1989.0,2177.0,87800,0.0,0.0
2021-11-16 00:00:00+09:00,2189.0,2200.0,2098.0,2132.0,22800,0.0,0.0
2021-11-17 00:00:00+09:00,2132.0,2143.0,2073.0,2073.0,11600,0.0,0.0
2021-11-18 00:00:00+09:00,2050.0,2233.0,2000.0,2222.0,68300,0.0,0.0
2021-11-19 00:00:00+09:00,2178.0,2233.0,2145.0,2156.0,27200,0.0,0.0
2021-11-22 00:00:00+09:00,2179.0,2179.0,2015.0,2059.0,73300,0.0,0.0
2021-11-24 00:00:00+09:00,2060.0,2145.0,2010.0,2141.0,65200,0.0,0.0
2021-11-25 00:00:00+09:00,2131.0,2175.0,2067.0,2107.0,24400,0.0,0.0
2021-11-26 00:00:00+09:00,2088.0,2120.0,2071.0,2118.0,15200,0.0,0.0
2021-11-29 00:00:00+09:00,2068.0,2091.0,2012.0,2032.0,13100,0.0,0.0
2021-11-30 00:00:00+09:00,2073.0,2100.0,1900.0,2000.0,33400,0.0,0.0
2021-12-01 00:00:00+09:00,1981.0,1999.0,1920.0,1964.0,32400,0.0,0.0
2021-12-02 00:00:00+09:00,1908.0,1927.0,1774.0,1826.0,54500,0.0,0.0
2021-12-03 00:00:00+09:00,1826.0,1968.0,1826.0,1968.0,28900,0.0,0.0
2021-12-06 00:00:00+09:00,1968.0,1984.0,1931.0,1984.0,12400,0.0,0.0
2021-12-07 00:00:00+09:00,2024.0,2085.0,1990.0,2066.0,21300,0.0,0.0
2021-12-08 00:00:00+09:00,2088.0,2088.0,2021.0,2025.0,8600,0.0,0.0
2021-12-09 00:00:00+09:00,2024.0,2084.0,2024.0,2065.0,7000,0.0,0.0
2021-12-10 00:00:00+09:00,2051.0,2051.0,1881.0,1911.0,30600,0.0,0.0
2021-12-13 00:00:00+09:00,1918.0,1938.0,1900.0,1934.0,10600,0.0,0.0
2021-12-14 00:00:00+09:00,1920.0,1922.0,1840.0,1873.0,24200,0.0,0.0
2021-12-15 00:00:00+09:00,1883.0,1960.0,1842.0,1952.0,24500,0.0,0.0
2021-12-16 00:00:00+09:00,1984.0,1996.0,1881.0,1914.0,24200,0.0,0.0
2021-12-17 00:00:00+09:00,1886.0,1948.0,1867.0,1926.0,18900,0.0,0.0
2021-12-20 00:00:00+09:00,1933.0,1996.0,1902.0,1921.0,15100,0.0,0.0
2021-12-21 00:00:00+09:00,1961.0,2162.0,1955.0,2119.0,60000,0.0,0.0
2021-12-22 00:00:00+09:00,2116.0,2146.0,2051.0,2115.0,29900,0.0,0.0
2021-12-23 00:00:00+09:00,2140.0,2300.0,2136.0,2246.0,42700,0.0,0.0
2021-12-24 00:00:00+09:00,2264.0,2300.0,2150.0,2282.0,41100,0.0,0.0
2021-12-27 00:00:00+09:00,2300.0,2480.0,2252.0,2461.0,84400,0.0,0.0
2021-12-28 00:00:00+09:00,2462.0,2510.0,2398.0,2453.0,53000,0.0,0.0
2021-12-29 00:00:00+09:00,2450.0,2560.0,2423.0,2521.0,41700,0.0,0.0
2021-12-30 00:00:00+09:00,2483.0,2491.0,2360.0,2370.0,51900,0.0,0.0
2022-01-04 00:00:00+09:00,2420.0,2449.0,2278.0,2345.0,36700,0.0,0.0
2022-01-05 00:00:00+09:00,2295.0,2326.0,2040.0,2162.0,103600,0.0,0.0
2022-01-06 00:00:00+09:00,2141.0,2250.0,2119.0,2219.0,30000,0.0,0.0
2022-01-07 00:00:00+09:00,2251.0,2251.0,2050.0,2161.0,40000,0.0,0.0
2022-01-11 00:00:00+09:00,2111.0,2149.0,2075.0,2110.0,11700,0.0,0.0
2022-01-12 00:00:00+09:00,2120.0,2149.0,2061.0,2087.0,33300,0.0,0.0
2022-01-13 00:00:00+09:00,2055.0,2084.0,1865.0,1890.0,65900,0.0,0.0
2022-01-14 00:00:00+09:00,1812.0,1860.0,1786.0,1816.0,49900,0.0,0.0
2022-01-17 00:00:00+09:00,1840.0,1882.0,1750.0,1817.0,48900,0.0,0.0
2022-01-18 00:00:00+09:00,1811.0,1946.0,1811.0,1882.0,44200,0.0,0.0
2022-01-19 00:00:00+09:00,1842.0,1865.0,1780.0,1811.0,28400,0.0,0.0
2022-01-20 00:00:00+09:00,1800.0,1946.0,1779.0,1904.0,28400,0.0,0.0
2022-01-21 00:00:00+09:00,1846.0,1871.0,1771.0,1787.0,38200,0.0,0.0
2022-01-24 00:00:00+09:00,1741.0,1748.0,1687.0,1741.0,38400,0.0,0.0
2022-01-25 00:00:00+09:00,1745.0,1809.0,1691.0,1705.0,50300,0.0,0.0
2022-01-26 00:00:00+09:00,1708.0,1766.0,1680.0,1750.0,32200,0.0,0.0
2022-01-27 00:00:00+09:00,1782.0,1782.0,1590.0,1606.0,52500,0.0,0.0
2022-01-28 00:00:00+09:00,1620.0,1642.0,1551.0,1601.0,61800,0.0,0.0
2022-01-31 00:00:00+09:00,1663.0,1772.0,1631.0,1751.0,69100,0.0,0.0
2022-02-01 00:00:00+09:00,1751.0,1751.0,1568.0,1575.0,114900,0.0,0.0
2022-02-02 00:00:00+09:00,1560.0,1751.0,1560.0,1745.0,62400,0.0,0.0
2022-02-03 00:00:00+09:00,1699.0,1815.0,1690.0,1769.0,46200,0.0,0.0
2022-02-04 00:00:00+09:00,1734.0,1832.0,1706.0,1819.0,36300,0.0,0.0
2022-02-07 00:00:00+09:00,1801.0,1829.0,1760.0,1803.0,29200,0.0,0.0
2022-02-08 00:00:00+09:00,1810.0,1894.0,1788.0,1850.0,56500,0.0,0.0
2022-02-09 00:00:00+09:00,1816.0,1889.0,1775.0,1858.0,49500,0.0,0.0
2022-02-10 00:00:00+09:00,1818.0,1913.0,1815.0,1861.0,53100,0.0,0.0
2022-02-14 00:00:00+09:00,1840.0,1864.0,1793.0,1816.0,23400,0.0,0.0
2022-02-15 00:00:00+09:00,1810.0,1816.0,1728.0,1765.0,34700,0.0,0.0
2022-02-16 00:00:00+09:00,1795.0,1795.0,1699.0,1753.0,41300,0.0,0.0
2022-02-17 00:00:00+09:00,1753.0,1775.0,1713.0,1770.0,23000,0.0,0.0
2022-02-18 00:00:00+09:00,1704.0,1740.0,1660.0,1714.0,38000,0.0,0.0
2022-02-21 00:00:00+09:00,1742.0,1791.0,1708.0,1777.0,29100,0.0,0.0
2022-02-22 00:00:00+09:00,1784.0,1917.0,1752.0,1850.0,92400,0.0,0.0
2022-02-24 00:00:00+09:00,1850.0,1968.0,1798.0,1817.0,87000,0.0,0.0
2022-02-25 00:00:00+09:00,1836.0,1948.0,1836.0,1948.0,76800,0.0,0.0
2022-02-28 00:00:00+09:00,1945.0,1956.0,1855.0,1897.0,65200,0.0,0.0
2022-03-01 00:00:00+09:00,1937.0,1954.0,1882.0,1936.0,30500,0.0,0.0
2022-03-02 00:00:00+09:00,1920.0,1975.0,1898.0,1942.0,32800,0.0,0.0
2022-03-03 00:00:00+09:00,1966.0,1966.0,1861.0,1919.0,20400,0.0,0.0
2022-03-04 00:00:00+09:00,1889.0,1893.0,1798.0,1856.0,27300,0.0,0.0
2022-03-07 00:00:00+09:00,1794.0,1818.0,1739.0,1780.0,18900,0.0,0.0
2022-03-08 00:00:00+09:00,1762.0,1793.0,1636.0,1662.0,25600,0.0,0.0
2022-03-09 00:00:00+09:00,1662.0,1678.0,1603.0,1619.0,18600,0.0,0.0
2022-03-10 00:00:00+09:00,1630.0,1674.0,1608.0,1674.0,27300,0.0,0.0
2022-03-11 00:00:00+09:00,1665.0,1674.0,1571.0,1617.0,17100,0.0,0.0
2022-03-14 00:00:00+09:00,1596.0,1616.0,1520.0,1532.0,44900,0.0,0.0
2022-03-15 00:00:00+09:00,1500.0,1511.0,1435.0,1500.0,76900,0.0,0.0
2022-03-16 00:00:00+09:00,1531.0,1590.0,1480.0,1514.0,55400,0.0,0.0
2022-03-17 00:00:00+09:00,1554.0,1586.0,1514.0,1574.0,44300,0.0,0.0
2022-03-18 00:00:00+09:00,1534.0,1563.0,1486.0,1531.0,65200,0.0,0.0
2022-03-22 00:00:00+09:00,1571.0,1630.0,1549.0,1629.0,48800,0.0,0.0
2022-03-23 00:00:00+09:00,1669.0,1669.0,1605.0,1622.0,40200,0.0,0.0
2022-03-24 00:00:00+09:00,1617.0,1625.0,1571.0,1625.0,33500,0.0,0.0
2022-03-25 00:00:00+09:00,1636.0,1636.0,1540.0,1608.0,73200,0.0,0.0
2022-03-28 00:00:00+09:00,1633.0,1633.0,1548.0,1563.0,52000,0.0,0.0
2022-03-29 00:00:00+09:00,1579.0,1623.0,1541.0,1604.0,52700,0.0,0.0
2022-03-30 00:00:00+09:00,1581.0,1669.0,1581.0,1639.0,70900,0.0,0.0
2022-03-31 00:00:00+09:00,1620.0,1645.0,1575.0,1635.0,53800,0.0,0.0
2022-04-01 00:00:00+09:00,1629.0,1629.0,1565.0,1576.0,46800,0.0,0.0
2022-04-04 00:00:00+09:00,1591.0,1661.0,1563.0,1650.0,94800,0.0,0.0
2022-04-05 00:00:00+09:00,1669.0,1720.0,1650.0,1690.0,54300,0.0,0.0
2022-04-06 00:00:00+09:00,1664.0,1664.0,1586.0,1590.0,72600,0.0,0.0
2022-04-07 00:00:00+09:00,1568.0,1575.0,1503.0,1524.0,85600,0.0,0.0
2022-04-08 00:00:00+09:00,1550.0,1586.0,1530.0,1542.0,38000,0.0,0.0
2022-04-11 00:00:00+09:00,1550.0,1550.0,1478.0,1495.0,60100,0.0,0.0
2022-04-12 00:00:00+09:00,1485.0,1502.0,1462.0,1481.0,34700,0.0,0.0
2022-04-13 00:00:00+09:00,1481.0,1509.0,1479.0,1488.0,29100,0.0,0.0
2022-04-14 00:00:00+09:00,1513.0,1514.0,1488.0,1510.0,21700,0.0,0.0
2022-04-15 00:00:00+09:00,1494.0,1494.0,1463.0,1476.0,22700,0.0,0.0
2022-04-18 00:00:00+09:00,1483.0,1483.0,1432.0,1450.0,19100,0.0,0.0
2022-04-19 00:00:00+09:00,1467.0,1497.0,1457.0,1489.0,26800,0.0,0.0
2022-04-20 00:00:00+09:00,1492.0,1498.0,1450.0,1465.0,32800,0.0,0.0
2022-04-21 00:00:00+09:00,1460.0,1490.0,1451.0,1489.0,17300,0.0,0.0
2022-04-22 00:00:00+09:00,1475.0,1480.0,1451.0,1470.0,17900,0.0,0.0
2022-04-25 00:00:00+09:00,1440.0,1447.0,1415.0,1420.0,34000,0.0,0.0
2022-04-26 00:00:00+09:00,1437.0,1479.0,1435.0,1479.0,12600,0.0,0.0
2022-04-27 00:00:00+09:00,1449.0,1459.0,1419.0,1450.0,26900,0.0,0.0
2022-04-28 00:00:00+09:00,1435.0,1445.0,1396.0,1422.0,24700,0.0,0.0
2022-05-02 00:00:00+09:00,1396.0,1466.0,1396.0,1432.0,30000,0.0,0.0
2022-05-06 00:00:00+09:00,1425.0,1425.0,1373.0,1377.0,35700,0.0,0.0
2022-05-09 00:00:00+09:00,1377.0,1425.0,1342.0,1347.0,63900,0.0,0.0
2022-05-10 00:00:00+09:00,1336.0,1345.0,1295.0,1334.0,31900,0.0,0.0
2022-05-11 00:00:00+09:00,1336.0,1380.0,1321.0,1367.0,27100,0.0,0.0
2022-05-12 00:00:00+09:00,1343.0,1343.0,1290.0,1304.0,25200,0.0,0.0
2022-05-13 00:00:00+09:00,1292.0,1368.0,1292.0,1344.0,34300,0.0,0.0
2022-05-16 00:00:00+09:00,1644.0,1644.0,1558.0,1644.0,216400,0.0,0.0
2022-05-17 00:00:00+09:00,1644.0,1752.0,1582.0,1740.0,195100,0.0,0.0
2022-05-18 00:00:00+09:00,1745.0,1876.0,1730.0,1859.0,143800,0.0,0.0
2022-05-19 00:00:00+09:00,1811.0,1936.0,1797.0,1907.0,108000,0.0,0.0
2022-05-20 00:00:00+09:00,1906.0,1998.0,1899.0,1988.0,60900,0.0,0.0
2022-05-23 00:00:00+09:00,1969.0,1984.0,1937.0,1948.0,36400,0.0,0.0
2022-05-24 00:00:00+09:00,1940.0,1949.0,1865.0,1920.0,68400,0.0,0.0
2022-05-25 00:00:00+09:00,1885.0,1939.0,1787.0,1901.0,125500,0.0,0.0
2022-05-26 00:00:00+09:00,1881.0,1932.0,1836.0,1859.0,23200,0.0,0.0
2022-05-27 00:00:00+09:00,1859.0,1866.0,1806.0,1856.0,36200,0.0,0.0
2022-05-30 00:00:00+09:00,1896.0,1937.0,1859.0,1937.0,39100,0.0,0.0
2022-05-31 00:00:00+09:00,1937.0,1985.0,1856.0,1974.0,60200,0.0,0.0
2022-06-01 00:00:00+09:00,1974.0,1980.0,1912.0,1933.0,20100,0.0,0.0
2022-06-02 00:00:00+09:00,1933.0,1958.0,1880.0,1949.0,25900,0.0,0.0
2022-06-03 00:00:00+09:00,1969.0,1969.0,1902.0,1927.0,26200,0.0,0.0
2022-06-06 00:00:00+09:00,1927.0,1976.0,1923.0,1965.0,16200,0.0,0.0
2022-06-07 00:00:00+09:00,1965.0,2065.0,1957.0,2036.0,43800,0.0,0.0
2022-06-08 00:00:00+09:00,2020.0,2020.0,1983.0,1995.0,39000,0.0,0.0
2022-06-09 00:00:00+09:00,1981.0,1995.0,1928.0,1972.0,24600,0.0,0.0
2022-06-10 00:00:00+09:00,1970.0,2010.0,1917.0,2005.0,53700,0.0,0.0
2022-06-13 00:00:00+09:00,1998.0,1998.0,1912.0,1912.0,21800,0.0,0.0
2022-06-14 00:00:00+09:00,1879.0,1953.0,1859.0,1953.0,20100,0.0,0.0
2022-06-15 00:00:00+09:00,1948.0,1948.0,1827.0,1887.0,48300,0.0,0.0
2022-06-16 00:00:00+09:00,1917.0,1917.0,1852.0,1858.0,14100,0.0,0.0
2022-06-17 00:00:00+09:00,1801.0,1884.0,1800.0,1844.0,40200,0.0,0.0
2022-06-20 00:00:00+09:00,1844.0,1903.0,1831.0,1873.0,21200,0.0,0.0
2022-06-21 00:00:00+09:00,1871.0,1934.0,1835.0,1934.0,13800,0.0,0.0
2022-06-22 00:00:00+09:00,1934.0,1934.0,1881.0,1902.0,11200,0.0,0.0
2022-06-23 00:00:00+09:00,1863.0,1959.0,1863.0,1938.0,24400,0.0,0.0
2022-06-24 00:00:00+09:00,1941.0,1993.0,1913.0,1981.0,28700,0.0,0.0
2022-06-27 00:00:00+09:00,1982.0,2006.0,1929.0,1993.0,36700,0.0,0.0
2022-06-28 00:00:00+09:00,1985.0,1999.0,1937.0,1964.0,13800,0.0,0.0
2022-06-29 00:00:00+09:00,1931.0,1983.0,1898.0,1983.0,24500,0.0,0.0
2022-06-30 00:00:00+09:00,1982.0,1990.0,1951.0,1980.0,52400,0.0,0.0
2022-07-01 00:00:00+09:00,1980.0,1981.0,1896.0,1917.0,21900,0.0,0.0
2022-07-04 00:00:00+09:00,1952.0,2005.0,1918.0,1980.0,45100,0.0,0.0
2022-07-05 00:00:00+09:00,1980.0,2120.0,1980.0,2087.0,46000,0.0,0.0
2022-07-06 00:00:00+09:00,2079.0,2100.0,1958.0,1971.0,66900,0.0,0.0
2022-07-07 00:00:00+09:00,1954.0,2046.0,1943.0,2035.0,52600,0.0,0.0
2022-07-08 00:00:00+09:00,2036.0,2052.0,1977.0,2026.0,54900,0.0,0.0
2022-07-11 00:00:00+09:00,2045.0,2095.0,2017.0,2031.0,29600,0.0,0.0
2022-07-12 00:00:00+09:00,2030.0,2072.0,1995.0,2013.0,13600,0.0,0.0
2022-07-13 00:00:00+09:00,1993.0,2014.0,1955.0,1984.0,16400,0.0,0.0
2022-07-14 00:00:00+09:00,1972.0,2019.0,1962.0,2019.0,9700,0.0,0.0
2022-07-15 00:00:00+09:00,2028.0,2028.0,1964.0,2000.0,8300,0.0,0.0
2022-07-19 00:00:00+09:00,1990.0,1998.0,1952.0,1998.0,15500,0.0,0.0
2022-07-20 00:00:00+09:00,2027.0,2120.0,2018.0,2117.0,64900,0.0,0.0
2022-07-21 00:00:00+09:00,2112.0,2142.0,2076.0,2113.0,35800,0.0,0.0
2022-07-22 00:00:00+09:00,2130.0,2150.0,2105.0,2120.0,26200,0.0,0.0
2022-07-25 00:00:00+09:00,2110.0,2142.0,2014.0,2133.0,81500,0.0,0.0
2022-07-26 00:00:00+09:00,2131.0,2180.0,2101.0,2117.0,23700,0.0,0.0
2022-07-27 00:00:00+09:00,2117.0,2135.0,2062.0,2116.0,17400,0.0,0.0
2022-07-28 00:00:00+09:00,2130.0,2151.0,2087.0,2151.0,16600,0.0,0.0
2022-07-29 00:00:00+09:00,2163.0,2269.0,2150.0,2224.0,71300,0.0,0.0
2022-08-01 00:00:00+09:00,2303.0,2360.0,2084.0,2102.0,177300,0.0,0.0
2022-08-02 00:00:00+09:00,2096.0,2443.0,2093.0,2409.0,337300,0.0,0.0
2022-08-03 00:00:00+09:00,2365.0,2582.0,2303.0,2429.0,276900,0.0,0.0
2022-08-04 00:00:00+09:00,2429.0,2469.0,2361.0,2370.0,73200,0.0,0.0
2022-08-05 00:00:00+09:00,2340.0,2441.0,2311.0,2385.0,79600,0.0,0.0
2022-08-08 00:00:00+09:00,2380.0,2436.0,2345.0,2434.0,30200,0.0,0.0
2022-08-09 00:00:00+09:00,2458.0,2525.0,2452.0,2452.0,76900,0.0,0.0
2022-08-10 00:00:00+09:00,2405.0,2406.0,2345.0,2384.0,42700,0.0,0.0
2022-08-12 00:00:00+09:00,2434.0,2538.0,2417.0,2520.0,94100,0.0,0.0
2022-08-15 00:00:00+09:00,2520.0,2535.0,2447.0,2514.0,66600,0.0,0.0
2022-08-16 00:00:00+09:00,2500.0,2519.0,2465.0,2500.0,23300,0.0,0.0
2022-08-17 00:00:00+09:00,2489.0,2533.0,2459.0,2492.0,28100,0.0,0.0
2022-08-18 00:00:00+09:00,2488.0,2494.0,2440.0,2487.0,12700,0.0,0.0
2022-08-19 00:00:00+09:00,2472.0,2575.0,2460.0,2568.0,58800,0.0,0.0
2022-08-22 00:00:00+09:00,2566.0,2611.0,2545.0,2578.0,34900,0.0,0.0
2022-08-23 00:00:00+09:00,2560.0,2600.0,2539.0,2549.0,25900,0.0,0.0
2022-08-24 00:00:00+09:00,2549.0,2635.0,2506.0,2605.0,81300,0.0,0.0
2022-08-25 00:00:00+09:00,2604.0,2620.0,2475.0,2492.0,70600,0.0,0.0
2022-08-26 00:00:00+09:00,2514.0,2521.0,2418.0,2480.0,66000,0.0,0.0
2022-08-29 00:00:00+09:00,2411.0,2560.0,2411.0,2560.0,41800,0.0,0.0
2022-08-30 00:00:00+09:00,2526.0,2539.0,2437.0,2450.0,41300,0.0,0.0
2022-08-31 00:00:00+09:00,2429.0,2429.0,2316.0,2374.0,57000,0.0,0.0
2022-09-01 00:00:00+09:00,2345.0,2365.0,2302.0,2363.0,35100,0.0,0.0
2022-09-02 00:00:00+09:00,2375.0,2375.0,2267.0,2322.0,44000,0.0,0.0
2022-09-05 00:00:00+09:00,2322.0,2493.0,2303.0,2474.0,95600,0.0,0.0
2022-09-06 00:00:00+09:00,2472.0,2490.0,2422.0,2426.0,23400,0.0,0.0
2022-09-07 00:00:00+09:00,2474.0,2511.0,2441.0,2471.0,25800,0.0,0.0
2022-09-08 00:00:00+09:00,2464.0,2504.0,2448.0,2476.0,19200,0.0,0.0
2022-09-09 00:00:00+09:00,2480.0,2520.0,2453.0,2491.0,33300,0.0,0.0
2022-09-12 00:00:00+09:00,2504.0,2560.0,2500.0,2540.0,42200,0.0,0.0
2022-09-13 00:00:00+09:00,2562.0,2612.0,2552.0,2586.0,35700,0.0,0.0
2022-09-14 00:00:00+09:00,2491.0,2575.0,2490.0,2530.0,17500,0.0,0.0
2022-09-15 00:00:00+09:00,2533.0,2554.0,2473.0,2518.0,38700,0.0,0.0
2022-09-16 00:00:00+09:00,2500.0,2585.0,2462.0,2550.0,55300,0.0,0.0
2022-09-20 00:00:00+09:00,2550.0,2590.0,2496.0,2538.0,30000,0.0,0.0
2022-09-21 00:00:00+09:00,2509.0,2549.0,2481.0,2527.0,28700,0.0,0.0
2022-09-22 00:00:00+09:00,2535.0,2627.0,2500.0,2554.0,45700,0.0,0.0
2022-09-26 00:00:00+09:00,2557.0,2557.0,2471.0,2480.0,45900,0.0,0.0
2022-09-27 00:00:00+09:00,2480.0,2509.0,2443.0,2443.0,23100,0.0,0.0
2022-09-28 00:00:00+09:00,2437.0,2488.0,2350.0,2396.0,40700,0.0,0.0
2022-09-29 00:00:00+09:00,2400.0,2465.0,2397.0,2407.0,26900,0.0,0.0
2022-09-30 00:00:00+09:00,2407.0,2407.0,2249.0,2365.0,44100,0.0,0.0
2022-10-03 00:00:00+09:00,2365.0,2398.0,2240.0,2398.0,55400,0.0,0.0
2022-10-04 00:00:00+09:00,2448.0,2548.0,2413.0,2516.0,48400,0.0,0.0
2022-10-05 00:00:00+09:00,2527.0,2552.0,2503.0,2526.0,19700,0.0,0.0
2022-10-06 00:00:00+09:00,2519.0,2546.0,2469.0,2482.0,15200,0.0,0.0
2022-10-07 00:00:00+09:00,2482.0,2490.0,2430.0,2434.0,10800,0.0,0.0
2022-10-11 00:00:00+09:00,2394.0,2429.0,2352.0,2365.0,15500,0.0,0.0
2022-10-12 00:00:00+09:00,2376.0,2475.0,2376.0,2414.0,57000,0.0,0.0
2022-10-13 00:00:00+09:00,2391.0,2392.0,2317.0,2353.0,21700,0.0,0.0
2022-10-14 00:00:00+09:00,2406.0,2438.0,2365.0,2388.0,22700,0.0,0.0
2022-10-17 00:00:00+09:00,2365.0,2394.0,2344.0,2356.0,11600,0.0,0.0
2022-10-18 00:00:00+09:00,2378.0,2480.0,2368.0,2453.0,41300,0.0,0.0
2022-10-19 00:00:00+09:00,2425.0,2451.0,2402.0,2420.0,9500,0.0,0.0
2022-10-20 00:00:00+09:00,2420.0,2423.0,2350.0,2382.0,16000,0.0,0.0
2022-10-21 00:00:00+09:00,2371.0,2393.0,2333.0,2350.0,16100,0.0,0.0
2022-10-24 00:00:00+09:00,2381.0,2434.0,2346.0,2415.0,24300,0.0,0.0
2022-10-25 00:00:00+09:00,2432.0,2481.0,2359.0,2364.0,33500,0.0,0.0
2022-10-26 00:00:00+09:00,2376.0,2400.0,2242.0,2250.0,64700,0.0,0.0
2022-10-27 00:00:00+09:00,2260.0,2260.0,2080.0,2185.0,98700,0.0,0.0
2022-10-28 00:00:00+09:00,2203.0,2208.0,2141.0,2151.0,34100,0.0,0.0
2022-10-31 00:00:00+09:00,2133.0,2249.0,2051.0,2185.0,115500,0.0,0.0
2022-11-01 00:00:00+09:00,2002.0,2264.0,1995.0,2115.0,322400,0.0,0.0
2022-11-02 00:00:00+09:00,2105.0,2311.0,2105.0,2255.0,109700,0.0,0.0
2022-11-04 00:00:00+09:00,2234.0,2350.0,2210.0,2276.0,57400,0.0,0.0
2022-11-07 00:00:00+09:00,2276.0,2510.0,2261.0,2480.0,115700,0.0,0.0
2022-11-08 00:00:00+09:00,2455.0,2675.0,2455.0,2575.0,106200,0.0,0.0
2022-11-09 00:00:00+09:00,2590.0,2650.0,2517.0,2530.0,44700,0.0,0.0
2022-11-10 00:00:00+09:00,2500.0,2500.0,2412.0,2440.0,27800,0.0,0.0
2022-11-11 00:00:00+09:00,2499.0,2585.0,2468.0,2522.0,35100,0.0,0.0
2022-11-14 00:00:00+09:00,2500.0,2613.0,2450.0,2577.0,47700,0.0,0.0
2022-11-15 00:00:00+09:00,2575.0,2575.0,2359.0,2489.0,84200,0.0,0.0
2022-11-16 00:00:00+09:00,2487.0,2499.0,2365.0,2421.0,48200,0.0,0.0
2022-11-17 00:00:00+09:00,2386.0,2444.0,2351.0,2430.0,50100,0.0,0.0
2022-11-18 00:00:00+09:00,2414.0,2567.0,2414.0,2560.0,40900,0.0,0.0
2022-11-21 00:00:00+09:00,2560.0,2575.0,2519.0,2552.0,10000,0.0,0.0
2022-11-22 00:00:00+09:00,2534.0,2575.0,2519.0,2575.0,5100,0.0,0.0
2022-11-24 00:00:00+09:00,2596.0,2683.0,2487.0,2515.0,65400,0.0,0.0
2022-11-25 00:00:00+09:00,2523.0,2575.0,2466.0,2573.0,31000,0.0,0.0
2022-11-28 00:00:00+09:00,2573.0,2610.0,2525.0,2573.0,39400,0.0,0.0
2022-11-29 00:00:00+09:00,2551.0,2648.0,2550.0,2648.0,68000,0.0,0.0
2022-11-30 00:00:00+09:00,2678.0,2849.0,2678.0,2801.0,131600,0.0,0.0
2022-12-01 00:00:00+09:00,2785.0,2786.0,2691.0,2723.0,64600,0.0,0.0
2022-12-02 00:00:00+09:00,2699.0,2713.0,2627.0,2678.0,18500,0.0,0.0
2022-12-05 00:00:00+09:00,2682.0,2682.0,2591.0,2629.0,14400,0.0,0.0
2022-12-06 00:00:00+09:00,2612.0,2626.0,2526.0,2553.0,22400,0.0,0.0
2022-12-07 00:00:00+09:00,2553.0,2557.0,2508.0,2525.0,23400,0.0,0.0
2022-12-08 00:00:00+09:00,2525.0,2574.0,2522.0,2572.0,12600,0.0,0.0
2022-12-09 00:00:00+09:00,2562.0,2620.0,2531.0,2574.0,14900,0.0,0.0
2022-12-12 00:00:00+09:00,2674.0,2720.0,2642.0,2697.0,53800,0.0,0.0
2022-12-13 00:00:00+09:00,2697.0,2710.0,2657.0,2710.0,28200,0.0,0.0
2022-12-14 00:00:00+09:00,2715.0,2719.0,2669.0,2700.0,12700,0.0,0.0
2022-12-15 00:00:00+09:00,2675.0,2719.0,2655.0,2700.0,28000,0.0,0.0
2022-12-16 00:00:00+09:00,2676.0,2715.0,2659.0,2700.0,25700,0.0,0.0
2022-12-19 00:00:00+09:00,2685.0,2735.0,2621.0,2735.0,30300,0.0,0.0
2022-12-20 00:00:00+09:00,2743.0,2766.0,2623.0,2649.0,37100,0.0,0.0
2022-12-21 00:00:00+09:00,2641.0,2718.0,2600.0,2674.0,36900,0.0,0.0
2022-12-22 00:00:00+09:00,2664.0,2698.0,2627.0,2694.0,10500,0.0,0.0
2022-12-23 00:00:00+09:00,2694.0,2709.0,2651.0,2651.0,7600,0.0,0.0
2022-12-26 00:00:00+09:00,2678.0,2678.0,2508.0,2520.0,36000,0.0,0.0
2022-12-27 00:00:00+09:00,2517.0,2649.0,2517.0,2649.0,33600,0.0,0.0
2022-12-28 00:00:00+09:00,2637.0,2666.0,2584.0,2607.0,11000,0.0,0.0
2022-12-29 00:00:00+09:00,2600.0,2680.0,2577.0,2678.0,27200,0.0,0.0
2022-12-30 00:00:00+09:00,2669.0,2669.0,2601.0,2631.0,19900,0.0,0.0
2023-01-04 00:00:00+09:00,2632.0,2632.0,2507.0,2507.0,16900,0.0,0.0
2023-01-05 00:00:00+09:00,2532.0,2556.0,2489.0,2491.0,9600,0.0,0.0
2023-01-06 00:00:00+09:00,2494.0,2557.0,2465.0,2525.0,20700,0.0,0.0
2023-01-10 00:00:00+09:00,2543.0,2577.0,2509.0,2518.0,9500,0.0,0.0
2023-01-11 00:00:00+09:00,2514.0,2537.0,2480.0,2497.0,17900,0.0,0.0
2023-01-12 00:00:00+09:00,2497.0,2500.0,2476.0,2490.0,4100,0.0,0.0
2023-01-13 00:00:00+09:00,2486.0,2511.0,2400.0,2454.0,18600,0.0,0.0
2023-01-16 00:00:00+09:00,2409.0,2512.0,2405.0,2456.0,13000,0.0,0.0
2023-01-17 00:00:00+09:00,2456.0,2519.0,2440.0,2506.0,10500,0.0,0.0
2023-01-18 00:00:00+09:00,2512.0,2538.0,2479.0,2479.0,17500,0.0,0.0
2023-01-19 00:00:00+09:00,2479.0,2550.0,2479.0,2544.0,19500,0.0,0.0
2023-01-20 00:00:00+09:00,2530.0,2530.0,2485.0,2492.0,7800,0.0,0.0
2023-01-23 00:00:00+09:00,2510.0,2544.0,2502.0,2544.0,7800,0.0,0.0
2023-01-24 00:00:00+09:00,2576.0,2578.0,2494.0,2505.0,14100,0.0,0.0
2023-01-25 00:00:00+09:00,2519.0,2535.0,2495.0,2511.0,15800,0.0,0.0
2023-01-26 00:00:00+09:00,2520.0,2520.0,2471.0,2499.0,13000,0.0,0.0
2023-01-27 00:00:00+09:00,2499.0,2512.0,2471.0,2471.0,11100,0.0,0.0
2023-01-30 00:00:00+09:00,2490.0,2502.0,2469.0,2490.0,17400,0.0,0.0
2023-01-31 00:00:00+09:00,2470.0,2531.0,2470.0,2500.0,17800,0.0,0.0
2023-02-01 00:00:00+09:00,2600.0,2600.0,2455.0,2499.0,40000,0.0,0.0
2023-02-02 00:00:00+09:00,2461.0,2515.0,2455.0,2507.0,24400,0.0,0.0
2023-02-03 00:00:00+09:00,2511.0,2511.0,2401.0,2432.0,19000,0.0,0.0
2023-02-06 00:00:00+09:00,2432.0,2432.0,2336.0,2370.0,27800,0.0,0.0
2023-02-07 00:00:00+09:00,2360.0,2384.0,2308.0,2328.0,31700,0.0,0.0
2023-02-08 00:00:00+09:00,2300.0,2348.0,2278.0,2314.0,27600,0.0,0.0
2023-02-09 00:00:00+09:00,2314.0,2385.0,2292.0,2381.0,30600,0.0,0.0
2023-02-10 00:00:00+09:00,2332.0,2350.0,2300.0,2329.0,17500,0.0,0.0
2023-02-13 00:00:00+09:00,2329.0,2343.0,2264.0,2304.0,16400,0.0,0.0
2023-02-14 00:00:00+09:00,2294.0,2315.0,2239.0,2250.0,16900,0.0,0.0
2023-02-15 00:00:00+09:00,2250.0,2269.0,2247.0,2251.0,13900,0.0,0.0
2023-02-16 00:00:00+09:00,2270.0,2279.0,2261.0,2267.0,15100,0.0,0.0
2023-02-17 00:00:00+09:00,2267.0,2267.0,2184.0,2210.0,28200,0.0,0.0
2023-02-20 00:00:00+09:00,2201.0,2220.0,2176.0,2213.0,32900,0.0,0.0
2023-02-21 00:00:00+09:00,2212.0,2213.0,2136.0,2140.0,23200,0.0,0.0
2023-02-22 00:00:00+09:00,2140.0,2148.0,2072.0,2131.0,32800,0.0,0.0
2023-02-24 00:00:00+09:00,2151.0,2151.0,2102.0,2133.0,40400,0.0,0.0
2023-02-27 00:00:00+09:00,2155.0,2218.0,2115.0,2218.0,37100,0.0,0.0
2023-02-28 00:00:00+09:00,2238.0,2272.0,2195.0,2208.0,24000,0.0,0.0
2023-03-01 00:00:00+09:00,2233.0,2244.0,2187.0,2243.0,25100,0.0,0.0
2023-03-02 00:00:00+09:00,2249.0,2258.0,2220.0,2220.0,16100,0.0,0.0
2023-03-03 00:00:00+09:00,2248.0,2325.0,2220.0,2268.0,34300,0.0,0.0
2023-03-06 00:00:00+09:00,2312.0,2312.0,2225.0,2235.0,15000,0.0,0.0
2023-03-07 00:00:00+09:00,2241.0,2241.0,2200.0,2240.0,14500,0.0,0.0
2023-03-08 00:00:00+09:00,2240.0,2255.0,2215.0,2252.0,7800,0.0,0.0
2023-03-09 00:00:00+09:00,2233.0,2287.0,2232.0,2267.0,8400,0.0,0.0
2023-03-10 00:00:00+09:00,2250.0,2267.0,2208.0,2215.0,15300,0.0,0.0
2023-03-13 00:00:00+09:00,2213.0,2213.0,2122.0,2187.0,21500,0.0,0.0
2023-03-14 00:00:00+09:00,2146.0,2146.0,2100.0,2129.0,21000,0.0,0.0
2023-03-15 00:00:00+09:00,2129.0,2134.0,2084.0,2117.0,18400,0.0,0.0
2023-03-16 00:00:00+09:00,2052.0,2076.0,2001.0,2044.0,17300,0.0,0.0
2023-03-17 00:00:00+09:00,2070.0,2166.0,2045.0,2113.0,32100,0.0,0.0
2023-03-20 00:00:00+09:00,2096.0,2097.0,2006.0,2014.0,30700,0.0,0.0
2023-03-22 00:00:00+09:00,2050.0,2058.0,1961.0,1983.0,30800,0.0,0.0
2023-03-23 00:00:00+09:00,1980.0,2038.0,1935.0,2015.0,31500,0.0,0.0
2023-03-24 00:00:00+09:00,2020.0,2034.0,1956.0,2011.0,23900,0.0,0.0
2023-03-27 00:00:00+09:00,1961.0,1981.0,1888.0,1955.0,72800,0.0,0.0
2023-03-28 00:00:00+09:00,1952.0,1963.0,1905.0,1952.0,33400,0.0,0.0
2023-03-29 00:00:00+09:00,1965.0,2012.0,1919.0,1979.0,29100,0.0,0.0
2023-03-30 00:00:00+09:00,1962.0,2040.0,1962.0,2034.0,14100,0.0,0.0
2023-03-31 00:00:00+09:00,2055.0,2055.0,1961.0,1963.0,21700,0.0,0.0
2023-04-03 00:00:00+09:00,1980.0,2020.0,1962.0,1985.0,18200,0.0,0.0
2023-04-04 00:00:00+09:00,1985.0,1986.0,1946.0,1981.0,20600,0.0,0.0
2023-04-05 00:00:00+09:00,1972.0,1986.0,1955.0,1986.0,8200,0.0,0.0
2023-04-06 00:00:00+09:00,1986.0,1987.0,1923.0,1932.0,16200,0.0,0.0
2023-04-07 00:00:00+09:00,1932.0,1949.0,1901.0,1933.0,18900,0.0,0.0
2023-04-10 00:00:00+09:00,1926.0,1939.0,1881.0,1891.0,18900,0.0,0.0
2023-04-11 00:00:00+09:00,1907.0,1972.0,1894.0,1952.0,24700,0.0,0.0
2023-04-12 00:00:00+09:00,1970.0,1991.0,1932.0,1968.0,22300,0.0,0.0
2023-04-13 00:00:00+09:00,1984.0,2068.0,1965.0,2051.0,37300,0.0,0.0
2023-04-14 00:00:00+09:00,2091.0,2172.0,2078.0,2154.0,37400,0.0,0.0
2023-04-17 00:00:00+09:00,2154.0,2217.0,2115.0,2167.0,37000,0.0,0.0
2023-04-18 00:00:00+09:00,2180.0,2190.0,2142.0,2150.0,9800,0.0,0.0
2023-04-19 00:00:00+09:00,2150.0,2151.0,2104.0,2118.0,17200,0.0,0.0
2023-04-20 00:00:00+09:00,2122.0,2124.0,2091.0,2119.0,13000,0.0,0.0
2023-04-21 00:00:00+09:00,2111.0,2148.0,2110.0,2130.0,5000,0.0,0.0
2023-04-24 00:00:00+09:00,2149.0,2196.0,2147.0,2163.0,22100,0.0,0.0
2023-04-25 00:00:00+09:00,2144.0,2167.0,2100.0,2118.0,20200,0.0,0.0
2023-04-26 00:00:00+09:00,2121.0,2121.0,2082.0,2105.0,10400,0.0,0.0
2023-04-27 00:00:00+09:00,2088.0,2113.0,2082.0,2082.0,3100,0.0,0.0
2023-04-28 00:00:00+09:00,2086.0,2138.0,2086.0,2129.0,9600,0.0,0.0
2023-05-01 00:00:00+09:00,2129.0,2164.0,2098.0,2139.0,4700,0.0,0.0
2023-05-02 00:00:00+09:00,2155.0,2155.0,2108.0,2150.0,9600,0.0,0.0
2023-05-08 00:00:00+09:00,2133.0,2169.0,2081.0,2090.0,15700,0.0,0.0
2023-05-09 00:00:00+09:00,2090.0,2134.0,2090.0,2113.0,8000,0.0,0.0
2023-05-10 00:00:00+09:00,2097.0,2110.0,2071.0,2085.0,6900,0.0,0.0
2023-05-11 00:00:00+09:00,2074.0,2110.0,2074.0,2077.0,3200,0.0,0.0
2023-05-12 00:00:00+09:00,2077.0,2130.0,2065.0,2100.0,29700,0.0,0.0
2023-05-15 00:00:00+09:00,2148.0,2369.0,2111.0,2338.0,83800,0.0,0.0
2023-05-16 00:00:00+09:00,2300.0,2319.0,2235.0,2319.0,39800,0.0,0.0
2023-05-17 00:00:00+09:00,2310.0,2345.0,2231.0,2302.0,42400,0.0,0.0
2023-05-18 00:00:00+09:00,2308.0,2336.0,2217.0,2243.0,37600,0.0,0.0
2023-05-19 00:00:00+09:00,2225.0,2230.0,2146.0,2193.0,62400,0.0,0.0
2023-05-22 00:00:00+09:00,2193.0,2216.0,2150.0,2204.0,42600,0.0,0.0
2023-05-23 00:00:00+09:00,2223.0,2229.0,2163.0,2189.0,28000,0.0,0.0
2023-05-24 00:00:00+09:00,2189.0,2189.0,2144.0,2177.0,22200,0.0,0.0
2023-05-25 00:00:00+09:00,2169.0,2188.0,2135.0,2160.0,40000,0.0,0.0
2023-05-26 00:00:00+09:00,2155.0,2171.0,2096.0,2096.0,61600,0.0,0.0
2023-05-29 00:00:00+09:00,2071.0,2105.0,2057.0,2072.0,51200,0.0,0.0
2023-05-30 00:00:00+09:00,2070.0,2083.0,2017.0,2079.0,54200,0.0,0.0
2023-05-31 00:00:00+09:00,2079.0,2079.0,2020.0,2037.0,41600,0.0,0.0
2023-06-01 00:00:00+09:00,2037.0,2037.0,1987.0,2003.0,41200,0.0,0.0
2023-06-02 00:00:00+09:00,1986.0,2003.0,1965.0,2000.0,50900,0.0,0.0
2023-06-05 00:00:00+09:00,2017.0,2035.0,1991.0,2001.0,41300,0.0,0.0
2023-06-06 00:00:00+09:00,2012.0,2071.0,1961.0,2040.0,38500,0.0,0.0
2023-06-07 00:00:00+09:00,2055.0,2124.0,2044.0,2099.0,43400,0.0,0.0
2023-06-08 00:00:00+09:00,2129.0,2141.0,2086.0,2132.0,27400,0.0,0.0
2023-06-09 00:00:00+09:00,2158.0,2390.0,2158.0,2383.0,116100,0.0,0.0
2023-06-12 00:00:00+09:00,2345.0,2435.0,2345.0,2388.0,63400,0.0,0.0
2023-06-13 00:00:00+09:00,2381.0,2446.0,2352.0,2398.0,38400,0.0,0.0
2023-06-14 00:00:00+09:00,2377.0,2377.0,2319.0,2319.0,37300,0.0,0.0
2023-06-15 00:00:00+09:00,2318.0,2351.0,2291.0,2340.0,32600,0.0,0.0
2023-06-16 00:00:00+09:00,2316.0,2430.0,2316.0,2420.0,49300,0.0,0.0
2023-06-19 00:00:00+09:00,2430.0,2549.0,2413.0,2527.0,58000,0.0,0.0
2023-06-20 00:00:00+09:00,2549.0,2618.0,2549.0,2608.0,60500,0.0,0.0
2023-06-21 00:00:00+09:00,2610.0,2660.0,2599.0,2625.0,41700,0.0,0.0
2023-06-22 00:00:00+09:00,2600.0,2616.0,2530.0,2580.0,39300,0.0,0.0
2023-06-23 00:00:00+09:00,2584.0,2600.0,2489.0,2562.0,41300,0.0,0.0
2023-06-26 00:00:00+09:00,2585.0,2585.0,2482.0,2506.0,31500,0.0,0.0
2023-06-27 00:00:00+09:00,2469.0,2485.0,2434.0,2454.0,17700,0.0,0.0
2023-06-28 00:00:00+09:00,2445.0,2490.0,2436.0,2471.0,15300,0.0,0.0
2023-06-29 00:00:00+09:00,2495.0,2510.0,2407.0,2460.0,13300,0.0,0.0
2023-06-30 00:00:00+09:00,2510.0,2569.0,2509.0,2553.0,15800,0.0,0.0
2023-07-03 00:00:00+09:00,2594.0,2615.0,2568.0,2590.0,29700,0.0,0.0
2023-07-04 00:00:00+09:00,2597.0,2627.0,2560.0,2609.0,18500,0.0,0.0
2023-07-05 00:00:00+09:00,2620.0,2638.0,2557.0,2628.0,25600,0.0,0.0
2023-07-06 00:00:00+09:00,2602.0,2640.0,2572.0,2609.0,20800,0.0,0.0
2023-07-07 00:00:00+09:00,2576.0,2727.0,2576.0,2696.0,49300,0.0,0.0
2023-07-10 00:00:00+09:00,2705.0,2725.0,2658.0,2684.0,35600,0.0,0.0
2023-07-11 00:00:00+09:00,2684.0,2692.0,2628.0,2646.0,22900,0.0,0.0
2023-07-12 00:00:00+09:00,2634.0,2640.0,2583.0,2625.0,26300,0.0,0.0
2023-07-13 00:00:00+09:00,2608.0,2658.0,2539.0,2643.0,38700,0.0,0.0
2023-07-14 00:00:00+09:00,2680.0,2700.0,2609.0,2675.0,17700,0.0,0.0
2023-07-18 00:00:00+09:00,2684.0,2740.0,2639.0,2721.0,38600,0.0,0.0
2023-07-19 00:00:00+09:00,2727.0,2786.0,2691.0,2757.0,40500,0.0,0.0
2023-07-20 00:00:00+09:00,2757.0,2789.0,2700.0,2716.0,43400,0.0,0.0
2023-07-21 00:00:00+09:00,2716.0,2716.0,2650.0,2668.0,31800,0.0,0.0
2023-07-24 00:00:00+09:00,2690.0,2701.0,2620.0,2652.0,39700,0.0,0.0
2023-07-25 00:00:00+09:00,2649.0,2744.0,2649.0,2744.0,30100,0.0,0.0
2023-07-26 00:00:00+09:00,2729.0,2997.0,2729.0,2912.0,132800,0.0,0.0
2023-07-27 00:00:00+09:00,2848.0,2915.0,2836.0,2912.0,84800,0.0,0.0
2023-07-28 00:00:00+09:00,2862.0,2947.0,2837.0,2938.0,74100,0.0,0.0
2023-07-31 00:00:00+09:00,2950.0,2974.0,2870.0,2974.0,83700,0.0,0.0
2023-08-01 00:00:00+09:00,2900.0,2900.0,2563.0,2573.0,300700,0.0,0.0
2023-08-02 00:00:00+09:00,2539.0,2676.0,2521.0,2590.0,102200,0.0,0.0
2023-08-03 00:00:00+09:00,2615.0,2639.0,2499.0,2542.0,73900,0.0,0.0
2023-08-04 00:00:00+09:00,2538.0,2550.0,2498.0,2517.0,35600,0.0,0.0
2023-08-07 00:00:00+09:00,2485.0,2513.0,2448.0,2477.0,37400,0.0,0.0
2023-08-08 00:00:00+09:00,2527.0,2659.0,2527.0,2572.0,49000,0.0,0.0
2023-08-09 00:00:00+09:00,2519.0,2577.0,2487.0,2570.0,26100,0.0,0.0
2023-08-10 00:00:00+09:00,2570.0,2590.0,2542.0,2579.0,13600,0.0,0.0
2023-08-14 00:00:00+09:00,2529.0,2585.0,2502.0,2522.0,26800,0.0,0.0
2023-08-15 00:00:00+09:00,2500.0,2538.0,2461.0,2520.0,16000,0.0,0.0
2023-08-16 00:00:00+09:00,2484.0,2510.0,2451.0,2492.0,26200,0.0,0.0
2023-08-17 00:00:00+09:00,2492.0,2523.0,2410.0,2488.0,24800,0.0,0.0
2023-08-18 00:00:00+09:00,2458.0,2493.0,2423.0,2437.0,9000,0.0,0.0
2023-08-21 00:00:00+09:00,2423.0,2457.0,2401.0,2406.0,14200,0.0,0.0
2023-08-22 00:00:00+09:00,2407.0,2449.0,2386.0,2427.0,29800,0.0,0.0
2023-08-23 00:00:00+09:00,2406.0,2436.0,2380.0,2400.0,122100,0.0,0.0
2023-08-24 00:00:00+09:00,2405.0,2447.0,2381.0,2442.0,45700,0.0,0.0
2023-08-25 00:00:00+09:00,2439.0,2482.0,2416.0,2467.0,19900,0.0,0.0
2023-08-28 00:00:00+09:00,2467.0,2504.0,2453.0,2482.0,19600,0.0,0.0
2023-08-29 00:00:00+09:00,2506.0,2506.0,2436.0,2473.0,21500,0.0,0.0
2023-08-30 00:00:00+09:00,2473.0,2494.0,2411.0,2479.0,31800,0.0,0.0
2023-08-31 00:00:00+09:00,2460.0,2463.0,2408.0,2408.0,15400,0.0,0.0
2023-09-01 00:00:00+09:00,2408.0,2414.0,2371.0,2394.0,19500,0.0,0.0
2023-09-04 00:00:00+09:00,2418.0,2422.0,2383.0,2410.0,49500,0.0,0.0
2023-09-05 00:00:00+09:00,2400.0,2483.0,2388.0,2481.0,25000,0.0,0.0
2023-09-06 00:00:00+09:00,2484.0,2503.0,2469.0,2498.0,36700,0.0,0.0
2023-09-07 00:00:00+09:00,2502.0,2536.0,2471.0,2478.0,16600,0.0,0.0
2023-09-08 00:00:00+09:00,2452.0,2481.0,2452.0,2456.0,5900,0.0,0.0
2023-09-11 00:00:00+09:00,2450.0,2494.0,2436.0,2441.0,21300,0.0,0.0
2023-09-12 00:00:00+09:00,2441.0,2467.0,2421.0,2434.0,9900,0.0,0.0
2023-09-13 00:00:00+09:00,2450.0,2450.0,2386.0,2419.0,36100,0.0,0.0
2023-09-14 00:00:00+09:00,2398.0,2423.0,2365.0,2399.0,27600,0.0,0.0
2023-09-15 00:00:00+09:00,2410.0,2410.0,2275.0,2315.0,112800,0.0,0.0
2023-09-19 00:00:00+09:00,2293.0,2307.0,2220.0,2223.0,55100,0.0,0.0
2023-09-20 00:00:00+09:00,2238.0,2249.0,2137.0,2139.0,150800,0.0,0.0
2023-09-21 00:00:00+09:00,2137.0,2200.0,2116.0,2154.0,105000,0.0,0.0
2023-09-22 00:00:00+09:00,2121.0,2199.0,2121.0,2174.0,64900,0.0,0.0
2023-09-25 00:00:00+09:00,2131.0,2240.0,2091.0,2182.0,32400,0.0,0.0
2023-09-26 00:00:00+09:00,2199.0,2199.0,2135.0,2145.0,40200,0.0,0.0
2023-09-27 00:00:00+09:00,2122.0,2158.0,2070.0,2158.0,37200,0.0,0.0
2023-09-28 00:00:00+09:00,2158.0,2174.0,2120.0,2150.0,30900,0.0,0.0
2023-09-29 00:00:00+09:00,2150.0,2237.0,2147.0,2220.0,35100,0.0,0.0
2023-10-02 00:00:00+09:00,2220.0,2238.0,2172.0,2197.0,35200,0.0,0.0
2023-10-03 00:00:00+09:00,2197.0,2229.0,2165.0,2173.0,39700,0.0,0.0
2023-10-04 00:00:00+09:00,2111.0,2147.0,2065.0,2109.0,45900,0.0,0.0
2023-10-05 00:00:00+09:00,2141.0,2163.0,2114.0,2163.0,32400,0.0,0.0
2023-10-06 00:00:00+09:00,2150.0,2196.0,2150.0,2196.0,16800,0.0,0.0
2023-10-10 00:00:00+09:00,2211.0,2256.0,2197.0,2244.0,26300,0.0,0.0
2023-10-11 00:00:00+09:00,2251.0,2300.0,2247.0,2278.0,26900,0.0,0.0
2023-10-12 00:00:00+09:00,2275.0,2289.0,2251.0,2275.0,24000,0.0,0.0
2023-10-13 00:00:00+09:00,2265.0,2265.0,2202.0,2214.0,32300,0.0,0.0
2023-10-16 00:00:00+09:00,2188.0,2200.0,2148.0,2150.0,30500,0.0,0.0
2023-10-17 00:00:00+09:00,2176.0,2204.0,2155.0,2173.0,35100,0.0,0.0
2023-10-18 00:00:00+09:00,2173.0,2186.0,2141.0,2186.0,23700,0.0,0.0
2023-10-19 00:00:00+09:00,2168.0,2171.0,2132.0,2147.0,19700,0.0,0.0
2023-10-20 00:00:00+09:00,2127.0,2138.0,2071.0,2115.0,28500,0.0,0.0
2023-10-23 00:00:00+09:00,2115.0,2117.0,2050.0,2050.0,37700,0.0,0.0
2023-10-24 00:00:00+09:00,2050.0,2058.0,1970.0,2058.0,78700,0.0,0.0
2023-10-25 00:00:00+09:00,2065.0,2082.0,2047.0,2053.0,31900,0.0,0.0
2023-10-26 00:00:00+09:00,2000.0,2009.0,1951.0,1956.0,52900,0.0,0.0
2023-10-27 00:00:00+09:00,1961.0,2042.0,1961.0,2033.0,33500,0.0,0.0
2023-10-30 00:00:00+09:00,2033.0,2044.0,2011.0,2033.0,19600,0.0,0.0
2023-10-31 00:00:00+09:00,2018.0,2049.0,1975.0,2033.0,77600,0.0,0.0
2023-11-01 00:00:00+09:00,1897.0,2008.0,1845.0,1967.0,221700,0.0,0.0
2023-11-02 00:00:00+09:00,1968.0,2011.0,1936.0,1960.0,131500,0.0,0.0
2023-11-06 00:00:00+09:00,1981.0,2040.0,1973.0,2034.0,44500,0.0,0.0
2023-11-07 00:00:00+09:00,2028.0,2037.0,1980.0,1984.0,32700,0.0,0.0
2023-11-08 00:00:00+09:00,2005.0,2034.0,1988.0,2000.0,30600,0.0,0.0
2023-11-09 00:00:00+09:00,1990.0,1990.0,1928.0,1954.0,21600,0.0,0.0
2023-11-10 00:00:00+09:00,1914.0,1982.0,1903.0,1960.0,36400,0.0,0.0
2023-11-13 00:00:00+09:00,1919.0,1958.0,1845.0,1954.0,92400,0.0,0.0
2023-11-14 00:00:00+09:00,1954.0,1991.0,1929.0,1946.0,42800,0.0,0.0
2023-11-15 00:00:00+09:00,1946.0,1980.0,1917.0,1929.0,20300,0.0,0.0
2023-11-16 00:00:00+09:00,1929.0,1941.0,1888.0,1933.0,23000,0.0,0.0
2023-11-17 00:00:00+09:00,1917.0,1929.0,1910.0,1917.0,4600,0.0,0.0
2023-11-20 00:00:00+09:00,1930.0,1996.0,1927.0,1996.0,22600,0.0,0.0
2023-11-21 00:00:00+09:00,1995.0,2033.0,1971.0,1990.0,24800,0.0,0.0
2023-11-22 00:00:00+09:00,1989.0,2063.0,1977.0,2052.0,19800,0.0,0.0
2023-11-24 00:00:00+09:00,2052.0,2099.0,2052.0,2095.0,23400,0.0,0.0
2023-11-27 00:00:00+09:00,2098.0,2098.0,2030.0,2055.0,34700,0.0,0.0
2023-11-28 00:00:00+09:00,2056.0,2086.0,2012.0,2028.0,20900,0.0,0.0
2023-11-29 00:00:00+09:00,2001.0,2017.0,1951.0,2001.0,21600,0.0,0.0
2023-11-30 00:00:00+09:00,1986.0,1992.0,1940.0,1980.0,21800,0.0,0.0
2023-12-01 00:00:00+09:00,1979.0,2014.0,1960.0,1990.0,15600,0.0,0.0
2023-12-04 00:00:00+09:00,2000.0,2092.0,2000.0,2075.0,30900,0.0,0.0
2023-12-05 00:00:00+09:00,2067.0,2075.0,2030.0,2031.0,21000,0.0,0.0
2023-12-06 00:00:00+09:00,2031.0,2044.0,2004.0,2027.0,9700,0.0,0.0
2023-12-07 00:00:00+09:00,2028.0,2028.0,1960.0,1960.0,14700,0.0,0.0
2023-12-08 00:00:00+09:00,1960.0,1977.0,1933.0,1933.0,14600,0.0,0.0
2023-12-11 00:00:00+09:00,1954.0,1999.0,1953.0,1999.0,9500,0.0,0.0
2023-12-12 00:00:00+09:00,2009.0,2010.0,1946.0,1950.0,10200,0.0,0.0
2023-12-13 00:00:00+09:00,1945.0,1957.0,1935.0,1957.0,8100,0.0,0.0
2023-12-14 00:00:00+09:00,1962.0,1982.0,1943.0,1963.0,8000,0.0,0.0
2023-12-15 00:00:00+09:00,1952.0,2027.0,1952.0,2027.0,20500,0.0,0.0
2023-12-18 00:00:00+09:00,2027.0,2027.0,2005.0,2008.0,8100,0.0,0.0
2023-12-19 00:00:00+09:00,2008.0,2054.0,2006.0,2036.0,10300,0.0,0.0
2023-12-20 00:00:00+09:00,2016.0,2035.0,1980.0,1994.0,12500,0.0,0.0
2023-12-21 00:00:00+09:00,1975.0,2034.0,1975.0,2034.0,10400,0.0,0.0
2023-12-22 00:00:00+09:00,2035.0,2039.0,1988.0,2020.0,21000,0.0,0.0
2023-12-25 00:00:00+09:00,2041.0,2049.0,2002.0,2038.0,23600,0.0,0.0
2023-12-26 00:00:00+09:00,2013.0,2026.0,1985.0,1985.0,16900,0.0,0.0
2023-12-27 00:00:00+09:00,1971.0,2002.0,1970.0,1997.0,21300,0.0,0.0
2023-12-28 00:00:00+09:00,1995.0,1999.0,1974.0,1984.0,12000,0.0,0.0
2023-12-29 00:00:00+09:00,1983.0,1993.0,1972.0,1993.0,12900,0.0,0.0
2024-01-04 00:00:00+09:00,1989.0,2028.0,1958.0,2006.0,19600,0.0,0.0
2024-01-05 00:00:00+09:00,2001.0,2018.0,1991.0,2004.0,7500,0.0,0.0
2024-01-09 00:00:00+09:00,2004.0,2024.0,1991.0,2016.0,23200,0.0,0.0
2024-01-10 00:00:00+09:00,2006.0,2017.0,1987.0,2004.0,13000,0.0,0.0
2024-01-11 00:00:00+09:00,1997.0,1997.0,1975.0,1978.0,29600,0.0,0.0
2024-01-12 00:00:00+09:00,1992.0,1992.0,1880.0,1889.0,84400,0.0,0.0
2024-01-15 00:00:00+09:00,1897.0,1897.0,1826.0,1857.0,28200,0.0,0.0
2024-01-16 00:00:00+09:00,1897.0,1897.0,1826.0,1830.0,44100,0.0,0.0
2024-01-17 00:00:00+09:00,1814.0,1829.0,1770.0,1786.0,74700,0.0,0.0
2024-01-18 00:00:00+09:00,1770.0,1819.0,1750.0,1792.0,73100,0.0,0.0
2024-01-19 00:00:00+09:00,1792.0,1867.0,1782.0,1839.0,45300,0.0,0.0
2024-01-22 00:00:00+09:00,1866.0,1916.0,1828.0,1910.0,50900,0.0,0.0
2024-01-23 00:00:00+09:00,1933.0,1974.0,1929.0,1942.0,71700,0.0,0.0
2024-01-24 00:00:00+09:00,1944.0,1966.0,1932.0,1954.0,30700,0.0,0.0
2024-01-25 00:00:00+09:00,1954.0,1965.0,1921.0,1965.0,39700,0.0,0.0
2024-01-26 00:00:00+09:00,1970.0,2002.0,1962.0,1977.0,57000,0.0,0.0
2024-01-29 00:00:00+09:00,1981.0,1981.0,1851.0,1904.0,70100,0.0,0.0
2024-01-30 00:00:00+09:00,1908.0,1959.0,1899.0,1947.0,41400,0.0,0.0
2024-01-31 00:00:00+09:00,1947.0,1948.0,1926.0,1930.0,23800,0.0,0.0
2024-02-01 00:00:00+09:00,1890.0,2089.0,1890.0,1966.0,175000,0.0,0.0
2024-02-02 00:00:00+09:00,2006.0,2194.0,2006.0,2120.0,169800,0.0,0.0
2024-02-05 00:00:00+09:00,2115.0,2210.0,2101.0,2187.0,77400,0.0,0.0
2024-02-06 00:00:00+09:00,2187.0,2258.0,2172.0,2208.0,31100,0.0,0.0
2024-02-07 00:00:00+09:00,2180.0,2185.0,2129.0,2134.0,19100,0.0,0.0
2024-02-08 00:00:00+09:00,2148.0,2159.0,2103.0,2111.0,12900,0.0,0.0
2024-02-09 00:00:00+09:00,2145.0,2217.0,2141.0,2175.0,28200,0.0,0.0
2024-02-13 00:00:00+09:00,2160.0,2194.0,2131.0,2148.0,13600,0.0,0.0
2024-02-14 00:00:00+09:00,2127.0,2149.0,2100.0,2133.0,22100,0.0,0.0
2024-02-15 00:00:00+09:00,2106.0,2119.0,2085.0,2092.0,13800,0.0,0.0
2024-02-16 00:00:00+09:00,2080.0,2092.0,2050.0,2065.0,22100,0.0,0.0
2024-02-19 00:00:00+09:00,2052.0,2141.0,2052.0,2119.0,15600,0.0,0.0
2024-02-20 00:00:00+09:00,2133.0,2174.0,2123.0,2171.0,12100,0.0,0.0
2024-02-21 00:00:00+09:00,2171.0,2171.0,2123.0,2133.0,12600,0.0,0.0
2024-02-22 00:00:00+09:00,2140.0,2155.0,2096.0,2141.0,26400,0.0,0.0
2024-02-26 00:00:00+09:00,2163.0,2176.0,2112.0,2150.0,19900,0.0,0.0
2024-02-27 00:00:00+09:00,2135.0,2135.0,2075.0,2109.0,23700,0.0,0.0
2024-02-28 00:00:00+09:00,2111.0,2153.0,2111.0,2112.0,4800,0.0,0.0
2024-02-29 00:00:00+09:00,2112.0,2116.0,2084.0,2097.0,12600,0.0,0.0
2024-03-01 00:00:00+09:00,2097.0,2098.0,2021.0,2043.0,29200,0.0,0.0
2024-03-04 00:00:00+09:00,2027.0,2039.0,1987.0,1987.0,29900,0.0,0.0
2024-03-05 00:00:00+09:00,1973.0,2005.0,1960.0,1991.0,23000,0.0,0.0
2024-03-06 00:00:00+09:00,1984.0,2020.0,1970.0,2020.0,22700,0.0,0.0
2024-03-07 00:00:00+09:00,2013.0,2071.0,2013.0,2064.0,23200,0.0,0.0
2024-03-08 00:00:00+09:00,2045.0,2115.0,2023.0,2100.0,20200,0.0,0.0
2024-03-11 00:00:00+09:00,2100.0,2164.0,2050.0,2155.0,43500,0.0,0.0
2024-03-12 00:00:00+09:00,2155.0,2155.0,2085.0,2109.0,19900,0.0,0.0
2024-03-13 00:00:00+09:00,2113.0,2129.0,2091.0,2116.0,15100,0.0,0.0
2024-03-14 00:00:00+09:00,2097.0,2100.0,2057.0,2093.0,7900,0.0,0.0
2024-03-15 00:00:00+09:00,2092.0,2113.0,2057.0,2082.0,27300,0.0,0.0
2024-03-18 00:00:00+09:00,2073.0,2124.0,2073.0,2124.0,37300,0.0,0.0
2024-03-19 00:00:00+09:00,2131.0,2170.0,2117.0,2137.0,16200,0.0,0.0
2024-03-21 00:00:00+09:00,2147.0,2157.0,2115.0,2132.0,8300,0.0,0.0
2024-03-22 00:00:00+09:00,2132.0,2145.0,2095.0,2115.0,10300,0.0,0.0
2024-03-25 00:00:00+09:00,2100.0,2139.0,2090.0,2135.0,25900,0.0,0.0
2024-03-26 00:00:00+09:00,2100.0,2147.0,2097.0,2136.0,9200,0.0,0.0
2024-03-27 00:00:00+09:00,2086.0,2130.0,2075.0,2082.0,13000,0.0,0.0
2024-03-28 00:00:00+09:00,2102.0,2102.0,2059.0,2059.0,7900,0.0,0.0
2024-03-29 00:00:00+09:00,2053.0,2053.0,2007.0,2025.0,6800,0.0,0.0
2024-04-01 00:00:00+09:00,2020.0,2067.0,1981.0,2023.0,12600,0.0,0.0
2024-04-02 00:00:00+09:00,2023.0,2072.0,1990.0,2045.0,21100,0.0,0.0
2024-04-03 00:00:00+09:00,2019.0,2031.0,1986.0,2011.0,21100,0.0,0.0
2024-04-04 00:00:00+09:00,2011.0,2038.0,2000.0,2011.0,12300,0.0,0.0
2024-04-05 00:00:00+09:00,1998.0,1998.0,1955.0,1966.0,8600,0.0,0.0
2024-04-08 00:00:00+09:00,2005.0,2182.0,2004.0,2181.0,62500,0.0,0.0
2024-04-09 00:00:00+09:00,2159.0,2159.0,2040.0,2051.0,31200,0.0,0.0
2024-04-10 00:00:00+09:00,2072.0,2132.0,2071.0,2099.0,12900,0.0,0.0
2024-04-11 00:00:00+09:00,2089.0,2176.0,2069.0,2176.0,14300,0.0,0.0
2024-04-12 00:00:00+09:00,2176.0,2267.0,2176.0,2236.0,32200,0.0,0.0
2024-04-15 00:00:00+09:00,2236.0,2236.0,2100.0,2183.0,18700,0.0,0.0
2024-04-16 00:00:00+09:00,2133.0,2163.0,2100.0,2137.0,19000,0.0,0.0
2024-04-17 00:00:00+09:00,2121.0,2199.0,2118.0,2160.0,12800,0.0,0.0
2024-04-18 00:00:00+09:00,2146.0,2154.0,2100.0,2153.0,8800,0.0,0.0
2024-04-19 00:00:00+09:00,2137.0,2166.0,2108.0,2134.0,9600,0.0,0.0
2024-04-22 00:00:00+09:00,2134.0,2210.0,2134.0,2165.0,12400,0.0,0.0
2024-04-23 00:00:00+09:00,2171.0,2201.0,2159.0,2176.0,8800,0.0,0.0
2024-04-24 00:00:00+09:00,2198.0,2216.0,2178.0,2199.0,9900,0.0,0.0
2024-04-25 00:00:00+09:00,2221.0,2249.0,2198.0,2206.0,28400,0.0,0.0
2024-04-26 00:00:00+09:00,2185.0,2200.0,2160.0,2189.0,11700,0.0,0.0
2024-04-30 00:00:00+09:00,2181.0,2194.0,2174.0,2187.0,5300,0.0,0.0
2024-05-01 00:00:00+09:00,2170.0,2219.0,2161.0,2209.0,5400,0.0,0.0
2024-05-02 00:00:00+09:00,2216.0,2230.0,2161.0,2201.0,9600,0.0,0.0
2024-05-07 00:00:00+09:00,2151.0,2203.0,2151.0,2181.0,7200,0.0,0.0
2024-05-08 00:00:00+09:00,2172.0,2302.0,2172.0,2273.0,36800,0.0,0.0
2024-05-09 00:00:00+09:00,2284.0,2293.0,2213.0,2243.0,10500,0.0,0.0
2024-05-10 00:00:00+09:00,2213.0,2279.0,2177.0,2224.0,36700,0.0,0.0
2024-05-13 00:00:00+09:00,2224.0,2309.0,2208.0,2218.0,12500,0.0,0.0
2024-05-14 00:00:00+09:00,2212.0,2264.0,2212.0,2251.0,21500,0.0,0.0
2024-05-15 00:00:00+09:00,1767.0,1825.0,1751.0,1751.0,161400,0.0,0.0
2024-05-16 00:00:00+09:00,1631.0,1674.0,1502.0,1522.0,220300,0.0,0.0
2024-05-17 00:00:00+09:00,1580.0,1629.0,1563.0,1605.0,86300,0.0,0.0
2024-05-20 00:00:00+09:00,1645.0,1697.0,1613.0,1622.0,62600,0.0,0.0
2024-05-21 00:00:00+09:00,1644.0,1662.0,1615.0,1621.0,41700,0.0,0.0
2024-05-22 00:00:00+09:00,1623.0,1679.0,1615.0,1615.0,40800,0.0,0.0
2024-05-23 00:00:00+09:00,1616.0,1653.0,1611.0,1611.0,56500,0.0,0.0
2024-05-24 00:00:00+09:00,1610.0,1615.0,1540.0,1611.0,77300,0.0,0.0
2024-05-27 00:00:00+09:00,1628.0,1628.0,1512.0,1558.0,74800,0.0,0.0
2024-05-28 00:00:00+09:00,1552.0,1552.0,1465.0,1498.0,143300,0.0,0.0
2024-05-29 00:00:00+09:00,1494.0,1510.0,1433.0,1449.0,62200,0.0,0.0
2024-05-30 00:00:00+09:00,1445.0,1525.0,1433.0,1506.0,70400,0.0,0.0
2024-05-31 00:00:00+09:00,1506.0,1540.0,1495.0,1500.0,44000,0.0,0.0
2024-06-03 00:00:00+09:00,1521.0,1551.0,1518.0,1535.0,51000,0.0,0.0
2024-06-04 00:00:00+09:00,1535.0,1586.0,1535.0,1546.0,41800,0.0,0.0
2024-06-05 00:00:00+09:00,1553.0,1561.0,1517.0,1552.0,18600,0.0,0.0
2024-06-06 00:00:00+09:00,1567.0,1600.0,1560.0,1580.0,47100,0.0,0.0
2024-06-07 00:00:00+09:00,1594.0,1660.0,1594.0,1643.0,58000,0.0,0.0
2024-06-10 00:00:00+09:00,1643.0,1710.0,1643.0,1667.0,89500,0.0,0.0
2024-06-11 00:00:00+09:00,1663.0,1708.0,1663.0,1685.0,49200,0.0,0.0
2024-06-12 00:00:00+09:00,1685.0,1693.0,1651.0,1655.0,24700,0.0,0.0
2024-06-13 00:00:00+09:00,1651.0,1687.0,1651.0,1651.0,18000,0.0,0.0
2024-06-14 00:00:00+09:00,1640.0,1667.0,1636.0,1645.0,24000,0.0,0.0
2024-06-17 00:00:00+09:00,1644.0,1683.0,1644.0,1668.0,38300,0.0,0.0
2024-06-18 00:00:00+09:00,1677.0,1697.0,1652.0,1673.0,20900,0.0,0.0
2024-06-19 00:00:00+09:00,1655.0,1696.0,1655.0,1667.0,19300,0.0,0.0
2024-06-20 00:00:00+09:00,1678.0,1700.0,1669.0,1689.0,17200,0.0,0.0
2024-06-21 00:00:00+09:00,1689.0,1721.0,1689.0,1700.0,28100,0.0,0.0
2024-06-24 00:00:00+09:00,1719.0,1736.0,1702.0,1723.0,22400,0.0,0.0
2024-06-25 00:00:00+09:00,1728.0,1728.0,1689.0,1700.0,23500,0.0,0.0
2024-06-26 00:00:00+09:00,1700.0,1722.0,1691.0,1692.0,13200,0.0,0.0
2024-06-27 00:00:00+09:00,1684.0,1720.0,1684.0,1694.0,14200,0.0,0.0
2024-06-28 00:00:00+09:00,1709.0,1733.0,1681.0,1696.0,25100,0.0,0.0
2024-07-01 00:00:00+09:00,1696.0,1717.0,1673.0,1705.0,25200,0.0,0.0
2024-07-02 00:00:00+09:00,1705.0,1728.0,1699.0,1707.0,12000,0.0,0.0
2024-07-03 00:00:00+09:00,1735.0,1735.0,1704.0,1721.0,20600,0.0,0.0
2024-07-04 00:00:00+09:00,1719.0,1760.0,1681.0,1701.0,38900,0.0,0.0
2024-07-05 00:00:00+09:00,1684.0,1707.0,1672.0,1674.0,11300,0.0,0.0
2024-07-08 00:00:00+09:00,1635.0,1665.0,1601.0,1653.0,47400,0.0,0.0
2024-07-09 00:00:00+09:00,1648.0,1710.0,1646.0,1676.0,26200,0.0,0.0
2024-07-10 00:00:00+09:00,1676.0,1698.0,1669.0,1672.0,10100,0.0,0.0
2024-07-11 00:00:00+09:00,1672.0,1696.0,1664.0,1666.0,12700,0.0,0.0
2024-07-12 00:00:00+09:00,1666.0,1730.0,1666.0,1720.0,26500,0.0,0.0
2024-07-16 00:00:00+09:00,1714.0,1714.0,1659.0,1685.0,16200,0.0,0.0
2024-07-17 00:00:00+09:00,1668.0,1668.0,1621.0,1650.0,44800,0.0,0.0
2024-07-18 00:00:00+09:00,1645.0,1645.0,1610.0,1638.0,44900,0.0,0.0
2024-07-19 00:00:00+09:00,1652.0,1652.0,1608.0,1617.0,21800,0.0,0.0
2024-07-22 00:00:00+09:00,1617.0,1640.0,1602.0,1608.0,46900,0.0,0.0
2024-07-23 00:00:00+09:00,1615.0,1624.0,1579.0,1599.0,52500,0.0,0.0
2024-07-24 00:00:00+09:00,1611.0,1628.0,1586.0,1586.0,48700,0.0,0.0
2024-07-25 00:00:00+09:00,1602.0,1653.0,1599.0,1631.0,79100,0.0,0.0
2024-07-26 00:00:00+09:00,1631.0,1639.0,1598.0,1600.0,32300,0.0,0.0
2024-07-29 00:00:00+09:00,1600.0,1664.0,1600.0,1615.0,25500,0.0,0.0
2024-07-30 00:00:00+09:00,1623.0,1639.0,1603.0,1622.0,22200,0.0,0.0
2024-07-31 00:00:00+09:00,1606.0,1650.0,1606.0,1627.0,25400,0.0,0.0
2024-08-01 00:00:00+09:00,1600.0,1630.0,1506.0,1608.0,95400,0.0,0.0
2024-08-02 00:00:00+09:00,1604.0,1615.0,1554.0,1598.0,40500,0.0,0.0
2024-08-05 00:00:00+09:00,1518.0,1596.0,1456.0,1570.0,99100,0.0,0.0
2024-08-06 00:00:00+09:00,1530.0,1643.0,1511.0,1528.0,80100,0.0,0.0
2024-08-07 00:00:00+09:00,1500.0,1576.0,1500.0,1556.0,36900,0.0,0.0
2024-08-08 00:00:00+09:00,1574.0,1576.0,1510.0,1537.0,37300,0.0,0.0
2024-08-09 00:00:00+09:00,1546.0,1622.0,1519.0,1557.0,25100,0.0,0.0
2024-08-13 00:00:00+09:00,1597.0,1612.0,1547.0,1560.0,29600,0.0,0.0
2024-08-14 00:00:00+09:00,1565.0,1605.0,1505.0,1542.0,56000,0.0,0.0
2024-08-15 00:00:00+09:00,1553.0,1610.0,1550.0,1571.0,51900,0.0,0.0
2024-08-16 00:00:00+09:00,1608.0,1619.0,1575.0,1599.0,21400,0.0,0.0
2024-08-19 00:00:00+09:00,1590.0,1606.0,1570.0,1573.0,23400,0.0,0.0
2024-08-20 00:00:00+09:00,1590.0,1614.0,1568.0,1570.0,33600,0.0,0.0
2024-08-21 00:00:00+09:00,1582.0,1609.0,1568.0,1581.0,33000,0.0,0.0
2024-08-22 00:00:00+09:00,1583.0,1669.0,1583.0,1649.0,61300,0.0,0.0
2024-08-23 00:00:00+09:00,1729.0,1729.0,1680.0,1680.0,72900,0.0,0.0
2024-08-26 00:00:00+09:00,1697.0,1709.0,1643.0,1653.0,31300,0.0,0.0
2024-08-27 00:00:00+09:00,1653.0,1686.0,1651.0,1658.0,8300,0.0,0.0
2024-08-28 00:00:00+09:00,1664.0,1703.0,1653.0,1657.0,10300,0.0,0.0
2024-08-29 00:00:00+09:00,1670.0,1685.0,1650.0,1657.0,14000,0.0,0.0
2024-08-30 00:00:00+09:00,1672.0,1708.0,1667.0,1674.0,28300,0.0,0.0
