Date,Open,High,Low,Close,Volume,Dividends,Stock Splits
2001-01-01 00:00:00+09:00,3580.81982421875,3580.81982421875,3580.81982421875,3580.81982421875,0,0.0,0.0
2001-01-02 00:00:00+09:00,3580.81982421875,3580.81982421875,3580.81982421875,3580.81982421875,0,0.0,0.0
2001-01-03 00:00:00+09:00,3580.81982421875,3580.81982421875,3580.81982421875,3580.81982421875,0,0.0,0.0
2001-01-04 00:00:00+09:00,3534.072787580819,3599.5185799434266,3524.723388671875,3524.723388671875,5700,0.0,0.0
2001-01-05 00:00:00+09:00,3515.3741651550135,3562.1211620320746,3515.3741651550135,3543.42236328125,5100,0.0,0.0
2001-01-08 00:00:00+09:00,3543.42236328125,3543.42236328125,3543.42236328125,3543.42236328125,0,0.0,0.0
2001-01-09 00:00:00+09:00,3543.42236328125,3599.518759533724,3534.0729639058377,3543.42236328125,6000,0.0,0.0
2001-01-10 00:00:00+09:00,3524.7232444069605,3543.4220414595175,3459.2774547230115,3496.675048828125,8000,0.0,0.0
2001-01-11 00:00:00+09:00,3459.277788263743,3459.277788263743,3328.3861962753854,3337.735595703125,7200,0.0,0.0
2001-01-12 00:00:00+09:00,3337.73552769738,3431.229520069856,3290.9885315111424,3356.434326171875,10200,0.0,0.0
2001-01-15 00:00:00+09:00,3365.78369140625,3449.9282836914062,3365.78369140625,3365.78369140625,2500,0.0,0.0
2001-01-16 00:00:00+09:00,3365.7835990287163,3459.277587890625,3365.7835990287163,3459.277587890625,3800,0.0,0.0
2001-01-17 00:00:00+09:00,3459.2776555600376,3571.470444389012,3384.482463007388,3440.578857421875,6800,0.0,0.0
2001-01-18 00:00:00+09:00,3421.879976663961,3599.5185546875,3421.879976663961,3599.5185546875,5200,0.0,0.0
2001-01-19 00:00:00+09:00,3693.0125274658203,3786.5065155029297,3627.5667358398437,3739.759521484375,18400,0.0,0.0
2001-01-22 00:00:00+09:00,3693.01266805114,3833.253655445487,3693.01266805114,3767.807861328125,12700,0.0,0.0
2001-01-23 00:00:00+09:00,3693.0125274658203,3739.759521484375,3693.0125274658203,3739.759521484375,4400,0.0,0.0
2001-01-24 00:00:00+09:00,3693.0126201923076,3702.3620192307694,3646.265625,3646.265625,2200,0.0,0.0
2001-01-25 00:00:00+09:00,3646.2655662593984,3739.7595551378445,3618.2173695958645,3730.41015625,10100,0.0,0.0
2001-01-26 00:00:00+09:00,3721.0608321086015,3777.1572265625,3702.362033957302,3777.1572265625,12400,0.0,0.0
2001-01-29 00:00:00+09:00,3739.7597035452322,3833.253696133863,3739.7597035452322,3823.904296875,6300,0.0,0.0
2001-01-30 00:00:00+09:00,3833.2535035915284,3945.4462890625,3786.5065096452904,3945.4462890625,23500,0.0,0.0
2001-01-31 00:00:00+09:00,3936.0970940223106,3964.145291841947,3889.35009765625,3889.35009765625,11800,0.0,0.0
2001-02-01 00:00:00+09:00,3851.952506279551,3954.7958984375,3851.952506279551,3954.7958984375,6200,0.0,0.0
2001-02-02 00:00:00+09:00,3954.7955876608457,4020.2413775275736,3954.7955876608457,3973.494384765625,13100,0.0,0.0
2001-02-05 00:00:00+09:00,3964.145146035109,3964.145146035109,3861.3017578125,3861.3017578125,6000,0.0,0.0
2001-02-06 00:00:00+09:00,3833.253628250456,3870.651224623631,3786.5066327839872,3842.60302734375,5600,0.0,0.0
2001-02-07 00:00:00+09:00,3795.8560654058692,3851.9524604611283,3758.458468702363,3833.253662109375,5100,0.0,0.0
2001-02-08 00:00:00+09:00,3739.759410511364,3749.1088090376425,3702.36181640625,3702.36181640625,6600,0.0,0.0
2001-02-09 00:00:00+09:00,3608.8679469153103,3814.5547210918307,3608.8679469153103,3805.205322265625,3800,0.0,0.0
2001-02-12 00:00:00+09:00,3805.205322265625,3805.205322265625,3805.205322265625,3805.205322265625,0,0.0,0.0
2001-02-13 00:00:00+09:00,3805.2054309705745,3842.60302734375,3739.7596373175184,3842.60302734375,2800,0.0,0.0
2001-02-14 00:00:00+09:00,3702.3619679418102,3823.904153758082,3702.3619679418102,3795.85595703125,1700,0.0,0.0
2001-02-15 00:00:00+09:00,3795.855914306641,3842.6029083251956,3739.759521484375,3739.759521484375,4000,0.0,0.0
2001-02-16 00:00:00+09:00,3739.759521484375,3823.9041107177736,3739.759521484375,3739.759521484375,4200,0.0,0.0
2001-02-19 00:00:00+09:00,3814.554822865099,3842.603020092048,3777.1572265625,3777.1572265625,2400,0.0,0.0
2001-02-20 00:00:00+09:00,3739.7597035452322,3833.253696133863,3739.7597035452322,3823.904296875,2700,0.0,0.0
2001-02-21 00:00:00+09:00,3702.361860132929,3786.5064478632225,3702.361860132929,3758.458251953125,1400,0.0,0.0
2001-02-22 00:00:00+09:00,3767.807793812693,3805.205389781057,3758.458394820602,3786.506591796875,1900,0.0,0.0
2001-02-23 00:00:00+09:00,3739.759563577586,3833.253552667026,3739.759563577586,3795.85595703125,4200,0.0,0.0
2001-02-26 00:00:00+09:00,3795.856031877281,3870.651224623631,3786.5066327839872,3842.60302734375,4100,0.0,0.0
2001-02-27 00:00:00+09:00,3870.6511483028016,3880.0005472117455,3795.85595703125,3795.85595703125,3500,0.0,0.0
2001-02-28 00:00:00+09:00,3823.904119918036,3889.3499117014744,3795.8559234394197,3805.205322265625,4700,0.0,0.0
2001-03-01 00:00:00+09:00,3805.205526832333,3833.2537248188123,3749.109130859375,3749.109130859375,4100,0.0,0.0
2001-03-02 00:00:00+09:00,3739.7596229534006,3786.5066182403184,3711.71142578125,3711.71142578125,2400,0.0,0.0
2001-03-05 00:00:00+09:00,3693.012417879972,3739.759410511364,3693.012417879972,3702.36181640625,2300,0.0,0.0
2001-03-06 00:00:00+09:00,3702.362033957302,3777.1572265625,3702.362033957302,3777.1572265625,2600,0.0,0.0
2001-03-07 00:00:00+09:00,3758.4584284112007,3777.1572265625,3739.759630259901,3777.1572265625,2200,0.0,0.0
2001-03-08 00:00:00+09:00,3777.1572265625,3786.5066256381497,3749.1090293355505,3777.1572265625,2500,0.0,0.0
2001-03-09 00:00:00+09:00,3702.3620008680555,3786.506591796875,3702.3620008680555,3786.506591796875,9700,0.0,0.0
2001-03-12 00:00:00+09:00,3506.024639423077,3655.615024038462,3468.627043269231,3646.265625,18600,0.0,0.0
2001-03-13 00:00:00+09:00,3599.518454640182,3627.566650390625,3506.024468805372,3627.566650390625,6000,0.0,0.0
2001-03-14 00:00:00+09:00,3627.566650390625,3627.566650390625,3627.566650390625,3627.566650390625,0,0.0,0.0
2001-03-15 00:00:00+09:00,3506.024672010564,3636.916259765625,3431.229479007672,3636.916259765625,4400,0.0,0.0
2001-03-16 00:00:00+09:00,3693.012654517794,3693.012654517794,3459.2776763837564,3636.916259765625,3900,0.0,0.0
2001-03-19 00:00:00+09:00,3646.265591282369,3683.663187090393,3636.9161923303627,3655.614990234375,3300,0.0,0.0
2001-03-20 00:00:00+09:00,3655.614990234375,3655.614990234375,3655.614990234375,3655.614990234375,0,0.0,0.0
2001-03-21 00:00:00+09:00,3702.3619262695315,3739.759521484375,3655.614932250977,3739.759521484375,7200,0.0,0.0
2001-03-22 00:00:00+09:00,3730.4101226806642,3786.5065155029297,3721.060723876953,3739.759521484375,15400,0.0,0.0
2001-03-23 00:00:00+09:00,3739.7595463966836,3739.7595463966836,3664.96435546875,3664.96435546875,3800,0.0,0.0
2001-03-26 00:00:00+09:00,3805.2056387003186,3851.95263671875,3739.7598414745144,3851.95263671875,7400,0.0,0.0
2001-03-27 00:00:00+09:00,3805.2056387003186,3880.0008355298087,3795.856239096632,3851.95263671875,5000,0.0,0.0
2001-03-28 00:00:00+09:00,3833.2534944465365,3926.747482115964,3814.554696912651,3880.00048828125,4900,0.0,0.0
2001-03-29 00:00:00+09:00,3880.0005472117455,3926.7475417564656,3795.85595703125,3795.85595703125,1600,0.0,0.0
2001-03-30 00:00:00+09:00,3805.205498357274,3880.0006924281784,3805.205498357274,3823.904296875,2700,0.0,0.0
2001-04-02 00:00:00+09:00,3823.904296875,3833.253696133863,3739.7597035452322,3823.904296875,4400,0.0,0.0
2001-04-03 00:00:00+09:00,3823.9042629334986,3833.253662109375,3777.157267054116,3833.253662109375,3500,0.0,0.0
2001-04-04 00:00:00+09:00,3833.253769436896,3898.699565500453,3814.554970561594,3870.6513671875,9800,0.0,0.0
2001-04-05 00:00:00+09:00,3861.3018998366133,3908.048896202674,3833.253702016977,3889.35009765625,7200,0.0,0.0
2001-04-06 00:00:00+09:00,3917.398254692264,3926.7476538681403,3833.253662109375,3833.253662109375,8000,0.0,0.0
2001-04-09 00:00:00+09:00,3833.253628250456,3880.000623716925,3833.253628250456,3842.60302734375,3300,0.0,0.0
2001-04-10 00:00:00+09:00,3842.602917570447,3889.3499117014744,3786.5065246132144,3805.205322265625,6600,0.0,0.0
2001-04-11 00:00:00+09:00,3805.2055322983683,3814.554931640625,3767.8079349293425,3814.554931640625,5600,0.0,0.0
2001-04-12 00:00:00+09:00,3786.506591796875,3805.205389781057,3767.807793812693,3786.506591796875,2200,0.0,0.0
2001-04-13 00:00:00+09:00,3786.5065006118225,3880.00048828125,3786.5065006118225,3880.00048828125,6500,0.0,0.0
2001-04-16 00:00:00+09:00,3889.3499461206898,3917.3981428475217,3795.85595703125,3795.85595703125,7200,0.0,0.0
2001-04-17 00:00:00+09:00,3870.6513671875,3880.000766625151,3833.253769436896,3870.6513671875,3300,0.0,0.0
2001-04-18 00:00:00+09:00,3880.00070414081,3964.1452977245863,3851.952506279551,3954.7958984375,8000,0.0,0.0
2001-04-19 00:00:00+09:00,3954.7958236767345,3973.4946218974283,3908.048828125,3908.048828125,3400,0.0,0.0
2001-04-20 00:00:00+09:00,3926.747626345694,3926.747626345694,3908.048828125,3908.048828125,2700,0.0,0.0
2001-04-23 00:00:00+09:00,3973.494384765625,4010.891978975184,3964.1449862132354,3973.494384765625,4100,0.0,0.0
2001-04-24 00:00:00+09:00,3973.494384765625,3973.494384765625,3926.7473920036764,3973.494384765625,3400,0.0,0.0
2001-04-25 00:00:00+09:00,3992.193495585845,4010.8922941600176,3954.7958984375,3954.7958984375,7400,0.0,0.0
2001-04-26 00:00:00+09:00,3992.193495585845,4010.8922941600176,3954.7958984375,3954.7958984375,7400,0.0,0.0
2001-04-27 00:00:00+09:00,4076.337915723569,4085.6873146128432,4001.542724609375,4001.542724609375,3200,0.0,0.0
2001-04-30 00:00:00+09:00,4001.542724609375,4001.542724609375,4001.542724609375,4001.542724609375,0,0.0,0.0
2001-05-01 00:00:00+09:00,4029.591176028705,4141.783969792845,4029.591176028705,4132.4345703125,7500,0.0,0.0
2001-05-02 00:00:00+09:00,4132.434148615057,4132.434148615057,4066.988358931108,4113.7353515625,4400,0.0,0.0
2001-05-03 00:00:00+09:00,4113.7353515625,4113.7353515625,4113.7353515625,4113.7353515625,0,0.0,0.0
2001-05-04 00:00:00+09:00,4113.7353515625,4113.7353515625,4113.7353515625,4113.7353515625,0,0.0,0.0
2001-05-07 00:00:00+09:00,4113.735629626994,4160.482625418209,4076.3380329940205,4104.38623046875,90,0.0,0.0
2001-05-08 00:00:00+09:00,4104.386292923328,4123.085091524345,4020.24169921875,4020.24169921875,90,0.0,0.0
2001-05-09 00:00:00+09:00,4001.543037522007,4001.543037522007,3880.0008424570865,3982.84423828125,40,0.0,0.0
2001-05-10 00:00:00+09:00,3982.8438747176206,3982.8438747176206,3880.00048828125,3880.00048828125,20,0.0,0.0
2001-05-11 00:00:00+09:00,3880.0005972413855,3926.7475923888724,3880.0005972413855,3917.398193359375,20,0.0,0.0
2001-05-14 00:00:00+09:00,3945.4462890625,3973.494485430243,3926.747491484005,3945.4462890625,30,0.0,0.0
2001-05-15 00:00:00+09:00,3917.398126090224,3936.096923828125,3880.0005306144226,3936.096923828125,7000,0.0,0.0
2001-05-16 00:00:00+09:00,3842.60302734375,3880.000623716925,3833.253628250456,3842.60302734375,5600,0.0,0.0
2001-05-17 00:00:00+09:00,3842.6032371150636,3954.796032359299,3833.2538375113772,3851.95263671875,7900,0.0,0.0
2001-05-18 00:00:00+09:00,3898.6993797019677,3898.6993797019677,3786.506591796875,3786.506591796875,5000,0.0,0.0
2001-05-21 00:00:00+09:00,3870.6513048537236,3954.7958984375,3823.904308418292,3954.7958984375,4000,0.0,0.0
2001-05-22 00:00:00+09:00,3945.446189108456,3973.494384765625,3880.0003992417282,3973.494384765625,6100,0.0,0.0
2001-05-23 00:00:00+09:00,3982.844096298759,4001.5428948729314,3954.7958984375,3954.7958984375,8700,0.0,0.0
2001-05-24 00:00:00+09:00,3964.1452227870814,4020.2416174491627,3908.048828125,3908.048828125,4400,0.0,0.0
2001-05-25 00:00:00+09:00,3805.2052981457077,3880.00048828125,3805.2052981457077,3880.00048828125,4600,0.0,0.0
2001-05-28 00:00:00+09:00,3889.35009765625,3926.747694749098,3880.0006983830376,3889.35009765625,2500,0.0,0.0
2001-05-29 00:00:00+09:00,3926.747550317797,3926.747550317797,3842.602959953844,3861.3017578125,4700,0.0,0.0
2001-05-30 00:00:00+09:00,3833.253730325138,3842.603129667394,3814.554931640625,3814.554931640625,2400,0.0,0.0
2001-05-31 00:00:00+09:00,3805.2055322983683,3814.554931640625,3758.4585355870863,3814.554931640625,5000,0.0,0.0
2001-06-01 00:00:00+09:00,3851.9526064918155,3973.494800385975,3833.2538074311756,3926.747802734375,8500,0.0,0.0
2001-06-04 00:00:00+09:00,3926.7476538681403,3926.7476538681403,3833.253662109375,3833.253662109375,2100,0.0,0.0
2001-06-05 00:00:00+09:00,3926.7476604653775,3954.79585804013,3870.651265315872,3898.699462890625,6100,0.0,0.0
2001-06-06 00:00:00+09:00,3917.3982954758862,3917.3982954758862,3880.0006983830376,3889.35009765625,2200,0.0,0.0
2001-06-07 00:00:00+09:00,3880.0006307939593,3908.048828125,3880.0006307939593,3908.048828125,1400,0.0,0.0
2001-06-08 00:00:00+09:00,3898.6994219035128,3898.6994219035128,3842.60302734375,3842.60302734375,16400,0.0,0.0
2001-06-11 00:00:00+09:00,3870.6513671875,3870.6513671875,3842.603168874547,3870.6513671875,2200,0.0,0.0
2001-06-12 00:00:00+09:00,3833.253655445487,3833.253655445487,3767.807861328125,3767.807861328125,6900,0.0,0.0
2001-06-13 00:00:00+09:00,3795.85595703125,3805.205355940194,3786.506558122306,3795.85595703125,1300,0.0,0.0
2001-06-14 00:00:00+09:00,3795.8561275035067,3795.8561275035067,3739.7597315305484,3749.109130859375,6600,0.0,0.0
2001-06-15 00:00:00+09:00,3739.759691455696,3739.759691455696,3655.615098397943,3693.0126953125,6600,0.0,0.0
2001-06-18 00:00:00+09:00,3599.518604374411,3721.060791015625,3599.518604374411,3721.060791015625,3100,0.0,0.0
2001-06-19 00:00:00+09:00,3730.410164668642,3823.904153758082,3730.410164668642,3795.85595703125,7100,0.0,0.0
2001-06-20 00:00:00+09:00,3786.506666229993,3833.253662109375,3702.362073647104,3833.253662109375,4800,0.0,0.0
2001-06-21 00:00:00+09:00,3880.0006708109154,3973.4946628786483,3786.5066787431824,3964.145263671875,14300,0.0,0.0
2001-06-22 00:00:00+09:00,3973.494561438817,3992.193359375,3926.7475665983607,3992.193359375,11500,0.0,0.0
2001-06-25 00:00:00+09:00,3973.494774829382,4104.386367411997,3973.494774829382,4066.98876953125,19400,0.0,0.0
2001-06-26 00:00:00+09:00,4113.735452123856,4113.735452123856,4057.639059594894,4085.687255859375,10700,0.0,0.0
2001-06-27 00:00:00+09:00,4057.639370061063,4076.3381690014367,4029.5911716505025,4066.98876953125,6600,0.0,0.0
2001-06-28 00:00:00+09:00,4066.988425058861,4095.03662109375,4057.6390263805647,4095.03662109375,10000,0.0,0.0
2001-06-29 00:00:00+09:00,4104.386371871465,4160.482768753535,4066.988773950085,4132.4345703125,12800,0.0,0.0
2001-07-02 00:00:00+09:00,4132.43424963351,4132.43424963351,4038.94026208524,4085.687255859375,7700,0.0,0.0
2001-07-03 00:00:00+09:00,4038.9405711206896,4066.9887695312495,3954.7959758890083,4066.98876953125,5800,0.0,0.0
2001-07-04 00:00:00+09:00,4066.9886957212934,4066.9886957212934,4020.24169921875,4020.24169921875,2900,0.0,0.0
2001-07-05 00:00:00+09:00,4066.9887353739605,4085.687534157289,4048.289936590632,4076.338134765625,9500,0.0,0.0
2001-07-06 00:00:00+09:00,3982.844102016715,4020.24169921875,3964.1453034156975,4020.24169921875,6800,0.0,0.0
2001-07-09 00:00:00+09:00,3945.4462796498497,3945.4462796498497,3795.855899378765,3880.00048828125,5300,0.0,0.0
2001-07-10 00:00:00+09:00,3833.2538074311756,3926.747802734375,3833.2538074311756,3926.747802734375,1100,0.0,0.0
2001-07-11 00:00:00+09:00,3880.00048828125,3908.0486845820783,3833.2534944465365,3880.00048828125,2300,0.0,0.0
2001-07-12 00:00:00+09:00,3926.747802734375,3926.747802734375,3908.049003673735,3926.747802734375,1100,0.0,0.0
2001-07-13 00:00:00+09:00,3926.747626345694,3926.747626345694,3842.6030343525717,3908.048828125,2500,0.0,0.0
2001-07-16 00:00:00+09:00,3889.3499023437503,3898.699301147461,3739.759521484375,3739.759521484375,4700,0.0,0.0
2001-07-17 00:00:00+09:00,3739.7596373175184,3880.000623716925,3655.615045477874,3842.60302734375,11200,0.0,0.0
2001-07-18 00:00:00+09:00,3833.253441046719,3842.6028396834186,3739.7594546797263,3758.458251953125,10000,0.0,0.0
2001-07-19 00:00:00+09:00,3786.5066256381497,3786.5066256381497,3739.759630259901,3777.1572265625,4500,0.0,0.0
2001-07-20 00:00:00+09:00,3777.1572265625,3777.1572265625,3777.1572265625,3777.1572265625,0,0.0,0.0
2001-07-23 00:00:00+09:00,3805.2053131103517,3805.2053131103517,3702.3619262695315,3739.759521484375,3200,0.0,0.0
2001-07-24 00:00:00+09:00,3693.0125274658203,3786.5065155029297,3655.614932250977,3739.759521484375,11600,0.0,0.0
2001-07-25 00:00:00+09:00,3739.759521484375,3739.759521484375,3711.7113250732423,3739.759521484375,1700,0.0,0.0
2001-07-26 00:00:00+09:00,3786.506659647371,3786.506659647371,3749.1090630088784,3767.807861328125,1600,0.0,0.0
2001-07-27 00:00:00+09:00,3749.1089293083924,3805.205322265625,3749.1089293083924,3805.205322265625,8400,0.0,0.0
2001-07-30 00:00:00+09:00,3861.301749393858,3880.0005472117455,3767.807760304418,3795.85595703125,8700,0.0,0.0
2001-07-31 00:00:00+09:00,3823.904203064402,3917.398193359375,3823.904203064402,3917.398193359375,2700,0.0,0.0
2001-08-01 00:00:00+09:00,3964.1451204349764,3992.1933170418274,3936.096923828125,3936.096923828125,10200,0.0,0.0
2001-08-02 00:00:00+09:00,3973.494702716206,4038.940497819767,3936.0971055141713,4020.24169921875,8200,0.0,0.0
2001-08-03 00:00:00+09:00,3992.193283008738,4010.8920805872335,3945.4462890625,3945.4462890625,4500,0.0,0.0
2001-08-06 00:00:00+09:00,3945.4464932955225,3964.145291841947,3889.35009765625,3889.35009765625,2900,0.0,0.0
2001-08-07 00:00:00+09:00,3889.350029904306,3926.747626345694,3889.350029904306,3908.048828125,3400,0.0,0.0
2001-08-08 00:00:00+09:00,3926.747550317797,3926.747550317797,3851.952358883172,3861.3017578125,1900,0.0,0.0
2001-08-09 00:00:00+09:00,3833.2537248188123,3833.2537248188123,3739.7597315305484,3749.109130859375,2000,0.0,0.0
2001-08-10 00:00:00+09:00,3749.108920288086,3749.108920288086,3739.759521484375,3739.759521484375,5400,0.0,0.0
2001-08-13 00:00:00+09:00,3805.205526832333,3805.205526832333,3749.109130859375,3749.109130859375,600,0.0,0.0
2001-08-14 00:00:00+09:00,3749.1089958285106,3805.205389781057,3721.0607988522374,3786.506591796875,2800,0.0,0.0
2001-08-15 00:00:00+09:00,3786.50672817468,3786.50672817468,3749.109130859375,3749.109130859375,1100,0.0,0.0
2001-08-16 00:00:00+09:00,3739.7596229534006,3739.7596229534006,3711.71142578125,3711.71142578125,1400,0.0,0.0
2001-08-17 00:00:00+09:00,3711.7115335440694,3749.109130859375,3711.7115335440694,3749.109130859375,2700,0.0,0.0
2001-08-20 00:00:00+09:00,3767.8077518013783,3795.855948464912,3730.41015625,3730.41015625,3400,0.0,0.0
2001-08-21 00:00:00+09:00,3730.4100119850855,3730.4100119850855,3683.6630193536935,3702.36181640625,3300,0.0,0.0
2001-08-22 00:00:00+09:00,3749.108920288086,3749.108920288086,3693.0125274658203,3739.759521484375,2300,0.0,0.0
2001-08-23 00:00:00+09:00,3767.8078274868503,3777.1572265625,3721.0608321086015,3777.1572265625,2900,0.0,0.0
2001-08-24 00:00:00+09:00,3767.807793812693,3786.506591796875,3739.75959683642,3786.506591796875,4200,0.0,0.0
2001-08-27 00:00:00+09:00,3880.0005972413855,3917.398193359375,3851.952400152894,3917.398193359375,6800,0.0,0.0
2001-08-28 00:00:00+09:00,3973.4944571435976,4225.92822265625,3973.4944571435976,4225.92822265625,53500,0.0,0.0
2001-08-29 00:00:00+09:00,4188.53076171875,4225.928357805525,4123.0849685668945,4188.53076171875,36400,0.0,0.0
2001-08-30 00:00:00+09:00,4141.783969792845,4141.783969792845,4020.24177654836,4132.4345703125,12800,0.0,0.0
2001-08-31 00:00:00+09:00,4038.940497819767,4038.940497819767,3982.844102016715,4020.24169921875,12300,0.0,0.0
2001-09-03 00:00:00+09:00,4066.988516834295,4169.8319046163115,4001.542724609375,4001.542724609375,20500,0.0,0.0
2001-09-04 00:00:00+09:00,3992.193713790379,4160.48291015625,3992.193713790379,4160.48291015625,17500,0.0,0.0
2001-09-05 00:00:00+09:00,4235.277575370593,4375.5185546875,4235.277575370593,4375.5185546875,52900,0.0,0.0
2001-09-06 00:00:00+09:00,4366.169640133541,4366.169640133541,4282.025043214479,4310.0732421875,33900,0.0,0.0
2001-09-07 00:00:00+09:00,4207.229347997064,4310.072732059214,4160.482355241541,4179.18115234375,18900,0.0,0.0
2001-09-10 00:00:00+09:00,4197.880101844571,4272.67529296875,4160.482506282481,4272.67529296875,13200,0.0,0.0
2001-09-11 00:00:00+09:00,4235.277981632314,4422.265971991356,4216.57918259641,4394.2177734375,43200,0.0,0.0
2001-09-12 00:00:00+09:00,4066.9886957212934,4244.627282430959,4020.24169921875,4020.24169921875,25400,0.0,0.0
2001-09-13 00:00:00+09:00,3936.0971055141713,4151.133289425872,3926.7477062136627,4020.24169921875,12800,0.0,0.0
2001-09-14 00:00:00+09:00,4113.7353515625,4113.7353515625,4020.241366299716,4113.7353515625,9500,0.0,0.0
2001-09-17 00:00:00+09:00,4020.2414216574825,4029.5908203125,3926.747435107309,4029.5908203125,8900,0.0,0.0
2001-09-18 00:00:00+09:00,3973.4945203993057,4263.325885416667,3973.4945203993057,4207.2294921875,16200,0.0,0.0
2001-09-19 00:00:00+09:00,4160.482773133003,4253.976768034869,4113.735775682071,4197.88037109375,32500,0.0,0.0
2001-09-20 00:00:00+09:00,4225.928365384616,4282.024759615385,4197.880168269231,4253.9765625,19800,0.0,0.0
2001-09-21 00:00:00+09:00,4207.229783078457,4394.2177734375,4113.735787898936,4394.2177734375,27100,0.0,0.0
2001-09-24 00:00:00+09:00,4394.2177734375,4394.2177734375,4394.2177734375,4394.2177734375,0,0.0,0.0
2001-09-25 00:00:00+09:00,4487.711338141025,4487.711338141025,4338.120960202991,4375.5185546875,11500,0.0,0.0
2001-09-26 00:00:00+09:00,4300.723375822368,4440.96435546875,4282.024578536184,4440.96435546875,17100,0.0,0.0
2001-09-27 00:00:00+09:00,4440.964849741181,4571.8564453125,4422.26605037385,4571.8564453125,61000,0.0,0.0
2001-09-28 00:00:00+09:00,4571.8564453125,4571.8564453125,4571.8564453125,4571.8564453125,0,0.0,0.0
2001-10-01 00:00:00+09:00,4590.554744229772,4599.904142894191,4394.217372276971,4506.41015625,43500,0.0,0.0
2001-10-02 00:00:00+09:00,4506.410299210696,4534.45849609375,4422.265708561534,4534.45849609375,19100,0.0,0.0
2001-10-03 00:00:00+09:00,4581.205703044625,4599.904501832561,4487.711709104939,4543.80810546875,13900,0.0,0.0
2001-10-04 00:00:00+09:00,4450.313905444588,4534.45849609375,4450.313905444588,4534.45849609375,15100,0.0,0.0
2001-10-05 00:00:00+09:00,4581.205703044625,4581.205703044625,4487.711709104939,4543.80810546875,16000,0.0,0.0
2001-10-08 00:00:00+09:00,4543.80810546875,4543.80810546875,4543.80810546875,4543.80810546875,0,0.0,0.0
2001-10-09 00:00:00+09:00,4497.060747327302,4497.060747327302,4394.217362253289,4440.96435546875,8500,0.0,0.0
2001-10-10 00:00:00+09:00,4347.470415900735,4375.518612132353,4291.3740234375,4291.3740234375,13100,0.0,0.0
2001-10-11 00:00:00+09:00,4310.072971498534,4394.217563132996,4300.723572428038,4384.8681640625,15900,0.0,0.0
2001-10-12 00:00:00+09:00,4412.916572473404,4412.916572473404,4291.374378740026,4394.2177734375,9100,0.0,0.0
2001-10-15 00:00:00+09:00,4338.121298444323,4338.121298444323,4160.482710792508,4282.02490234375,9800,0.0,0.0
2001-10-16 00:00:00+09:00,4235.277905593272,4291.374301693845,4207.229707542986,4282.02490234375,6600,0.0,0.0
2001-10-17 00:00:00+09:00,4207.229500735093,4282.024691859273,4207.229500735093,4272.67529296875,14200,0.0,0.0
2001-10-18 00:00:00+09:00,4253.9762851648165,4272.6750820226835,4235.277488306949,4263.32568359375,11200,0.0,0.0
2001-10-19 00:00:00+09:00,4263.325894078228,4356.819882983452,4225.928298516138,4272.67529296875,11100,0.0,0.0
2001-10-22 00:00:00+09:00,4338.121110094142,4469.0126953125,4310.072913261637,4469.0126953125,10300,0.0,0.0
2001-10-23 00:00:00+09:00,4450.313621313935,4478.36181640625,4403.566629493411,4478.36181640625,7100,0.0,0.0
2001-10-24 00:00:00+09:00,4478.361915435178,4712.096879706325,4431.614922580949,4656.00048828125,44000,0.0,0.0
2001-10-25 00:00:00+09:00,4674.699716530885,4805.59130859375,4627.952719365576,4805.59130859375,57100,0.0,0.0
2001-10-26 00:00:00+09:00,4805.591090507658,4805.591090507658,4693.398302402421,4730.7958984375,25200,0.0,0.0
2001-10-29 00:00:00+09:00,4768.1936317231075,4814.940628112549,4674.699638944223,4693.3984375,13300,0.0,0.0
2001-10-30 00:00:00+09:00,4497.060691139915,4562.506480823864,4478.361894087358,4525.10888671875,16800,0.0,0.0
2001-10-31 00:00:00+09:00,4487.71184815951,4674.699841832822,4487.71184815951,4571.8564453125,7200,0.0,0.0
2001-11-01 00:00:00+09:00,4581.205198411404,4656.000385324243,4440.96422294983,4478.36181640625,14400,0.0,0.0
2001-11-02 00:00:00+09:00,4478.362373272078,4562.5069690120545,4431.6153756387575,4459.66357421875,12300,0.0,0.0
2001-11-05 00:00:00+09:00,3711.71142578125,3711.71142578125,3711.71142578125,3711.71142578125,18900,0.0,0.0
2001-11-06 00:00:00+09:00,3749.1088533164257,3926.7474274137126,3721.0606574063277,3758.458251953125,91700,0.0,0.0
2001-11-07 00:00:00+09:00,3823.904119918036,3982.843899963529,3758.4583281345977,3805.205322265625,76800,0.0,0.0
2001-11-08 00:00:00+09:00,3805.2053817672345,3805.2053817672345,3693.0125940984217,3721.060791015625,21800,0.0,0.0
2001-11-09 00:00:00+09:00,3721.060791015625,3721.060791015625,3721.060791015625,3721.060791015625,0,0.0,0.0
2001-11-12 00:00:00+09:00,3739.759691455696,3749.109090684335,3693.0126953125,3693.0126953125,6500,0.0,0.0
2001-11-13 00:00:00+09:00,3636.9163160554203,3636.9163160554203,3459.277729924179,3487.325927734375,17100,0.0,0.0
2001-11-14 00:00:00+09:00,3515.3740154979673,3580.819808339685,3412.530626746697,3449.92822265625,27200,0.0,0.0
2001-11-15 00:00:00+09:00,3449.9283306541133,3496.67532700444,3412.530733573852,3487.325927734375,22400,0.0,0.0
2001-11-16 00:00:00+09:00,3506.02479507981,3524.723593986902,3421.880199997894,3468.627197265625,9300,0.0,0.0
2001-11-19 00:00:00+09:00,3618.2175175152897,3693.0127116758126,3487.325927734375,3487.325927734375,15700,0.0,0.0
2001-11-20 00:00:00+09:00,3534.07285546875,3552.7716536458333,3477.9764609375,3506.024658203125,10600,0.0,0.0
2001-11-21 00:00:00+09:00,3543.4220414595175,3543.4220414595175,3496.675048828125,3496.675048828125,5700,0.0,0.0
2001-11-22 00:00:00+09:00,3496.6753956262633,3496.6753956262633,3449.928398358533,3468.627197265625,8900,0.0,0.0
2001-11-23 00:00:00+09:00,3468.627197265625,3468.627197265625,3468.627197265625,3468.627197265625,0,0.0,0.0
2001-11-26 00:00:00+09:00,3655.615155786197,3655.615155786197,3468.627168277952,3543.42236328125,9300,0.0,0.0
2001-11-27 00:00:00+09:00,3571.4703491856812,3571.4703491856812,3534.07275390625,3534.07275390625,6900,0.0,0.0
2001-11-28 00:00:00+09:00,3562.1209756387248,3562.1209756387248,3440.5787901182434,3459.277587890625,4000,0.0,0.0
2001-11-29 00:00:00+09:00,3506.0244473544035,3552.7714399857955,3449.928056196733,3496.675048828125,7300,0.0,0.0
2001-11-30 00:00:00+09:00,3477.9763856630066,3496.6751834353886,3459.277587890625,3459.277587890625,7700,0.0,0.0
2001-12-03 00:00:00+09:00,3468.626919654108,3515.3739131804437,3468.626919654108,3477.976318359375,6400,0.0,0.0
2001-12-04 00:00:00+09:00,3477.976360987103,3534.07275390625,3412.5305692480983,3534.07275390625,16100,0.0,0.0
2001-12-05 00:00:00+09:00,3543.422161627435,3599.5185546875,3477.976369724026,3599.5185546875,11600,0.0,0.0
2001-12-06 00:00:00+09:00,3599.518718975159,3599.518718975159,3477.9765284643095,3487.325927734375,3800,0.0,0.0
2001-12-07 00:00:00+09:00,3468.62685324929,3543.4220414595175,3459.2774547230115,3496.675048828125,5000,0.0,0.0
2001-12-10 00:00:00+09:00,3506.0244700947746,3506.0244700947746,3403.181085638661,3421.8798828125,6600,0.0,0.0
2001-12-11 00:00:00+09:00,3290.988442095588,3309.6872400620405,3132.0486593807445,3178.795654296875,23700,0.0,0.0
2001-12-12 00:00:00+09:00,3160.096839238556,3319.03662109375,3113.349844575264,3319.03662109375,12700,0.0,0.0
2001-12-13 00:00:00+09:00,3319.036647126036,3337.7354451380133,3244.241455078125,3244.241455078125,6600,0.0,0.0
2001-12-14 00:00:00+09:00,3178.7955636160714,3272.28955078125,3122.699171316964,3272.28955078125,30900,0.0,0.0
2001-12-17 00:00:00+09:00,3225.542831639506,3262.9404296875,3066.60303993553,3262.9404296875,14000,0.0,0.0
2001-12-18 00:00:00+09:00,3244.2415230129077,3244.2415230129077,3113.3499341881793,3225.542724609375,11400,0.0,0.0
2001-12-19 00:00:00+09:00,3225.5425571986607,3272.28955078125,3085.3015764508928,3272.28955078125,11200,0.0,0.0
2001-12-20 00:00:00+09:00,3216.193232834507,3319.03662109375,3160.096839238556,3319.03662109375,19400,0.0,0.0
2001-12-21 00:00:00+09:00,3272.2898291994984,3272.2898291994984,3206.8440326155087,3262.9404296875,8000,0.0,0.0
2001-12-24 00:00:00+09:00,3262.9404296875,3262.9404296875,3262.9404296875,3262.9404296875,0,0.0,0.0
2001-12-25 00:00:00+09:00,3272.2896264304577,3319.03662109375,3244.2414296324823,3319.03662109375,3600,0.0,0.0
2001-12-26 00:00:00+09:00,3328.38622627149,3337.7356257834886,3253.5910301755016,3262.9404296875,10500,0.0,0.0
2001-12-27 00:00:00+09:00,3253.5910301755016,3300.338027735494,3253.5910301755016,3262.9404296875,1200,0.0,0.0
2001-12-28 00:00:00+09:00,3309.687205711571,3459.277587890625,3309.687205711571,3459.277587890625,2200,0.0,0.0
2001-12-31 00:00:00+09:00,3459.277587890625,3459.277587890625,3459.277587890625,3459.277587890625,0,0.0,0.0
2002-01-01 00:00:00+09:00,3459.277587890625,3459.277587890625,3459.277587890625,3459.277587890625,0,0.0,0.0
2002-01-02 00:00:00+09:00,3459.277587890625,3459.277587890625,3459.277587890625,3459.277587890625,0,0.0,0.0
2002-01-03 00:00:00+09:00,3459.277587890625,3459.277587890625,3459.277587890625,3459.277587890625,0,0.0,0.0
2002-01-04 00:00:00+09:00,3459.2775633473875,3534.07275390625,3459.2775633473875,3534.07275390625,1600,0.0,0.0
2002-01-07 00:00:00+09:00,3524.723476833767,3524.723476833767,3365.78369140625,3365.78369140625,2800,0.0,0.0
2002-01-08 00:00:00+09:00,3365.783793986345,3393.831992269564,3328.3861962753854,3337.735595703125,6900,0.0,0.0
2002-01-09 00:00:00+09:00,3347.08485197078,3347.08485197078,3300.337856831524,3309.687255859375,3100,0.0,0.0
2002-01-10 00:00:00+09:00,3290.9886282234957,3290.9886282234957,3225.542831639506,3262.9404296875,3500,0.0,0.0
2002-01-11 00:00:00+09:00,3356.4343845378553,3356.4343845378553,3197.494594740798,3206.843994140625,5500,0.0,0.0
2002-01-14 00:00:00+09:00,3206.843994140625,3206.843994140625,3206.843994140625,3206.843994140625,0,0.0,0.0
2002-01-15 00:00:00+09:00,3178.7958640716643,3225.542862072718,3178.7958640716643,3188.145263671875,1900,0.0,0.0
2002-01-16 00:00:00+09:00,3272.289760839565,3319.0367574229876,3188.145166989405,3281.63916015625,4100,0.0,0.0
2002-01-17 00:00:00+09:00,3234.892096759915,3300.337890625,3225.5426976363315,3300.337890625,6000,0.0,0.0
2002-01-18 00:00:00+09:00,3309.68730309094,3431.2294921875,3309.68730309094,3431.2294921875,7600,0.0,0.0
2002-01-21 00:00:00+09:00,3459.277797812079,3506.02479507981,3431.22959945144,3468.627197265625,12800,0.0,0.0
2002-01-22 00:00:00+09:00,3496.6752591145832,3534.07285546875,3449.928263671875,3506.024658203125,10400,0.0,0.0
2002-01-23 00:00:00+09:00,3290.988407939189,3459.277587890625,3290.988407939189,3459.277587890625,5900,0.0,0.0
2002-01-24 00:00:00+09:00,3365.7836239640883,3421.880017696823,3356.4342250086324,3384.482421875,3300,0.0,0.0
2002-01-25 00:00:00+09:00,3365.78369140625,3384.48248969184,3356.4342922634546,3365.78369140625,7700,0.0,0.0
2002-01-28 00:00:00+09:00,3449.928056196733,3496.675048828125,3412.5304620916195,3496.675048828125,5100,0.0,0.0
2002-01-29 00:00:00+09:00,3506.024514475176,3506.024514475176,3440.5787235383063,3477.976318359375,5800,0.0,0.0
2002-01-30 00:00:00+09:00,3412.5305934596704,3459.277587890625,3412.5305934596704,3459.277587890625,4700,0.0,0.0
2002-01-31 00:00:00+09:00,3459.277587890625,3459.277587890625,3459.277587890625,3459.277587890625,0,0.0,0.0
2002-02-01 00:00:00+09:00,3412.530830320248,3412.530830320248,3356.434433109504,3393.83203125,4600,0.0,0.0
2002-02-04 00:00:00+09:00,3421.880059283713,3440.578857421875,3365.7836648692255,3440.578857421875,4100,0.0,0.0
2002-02-05 00:00:00+09:00,3459.2774547230115,3496.675048828125,3412.5304620916195,3496.675048828125,9500,0.0,0.0
2002-02-06 00:00:00+09:00,3459.2774547230115,3506.0244473544035,3449.928056196733,3496.675048828125,6300,0.0,0.0
2002-02-07 00:00:00+09:00,3496.675233049119,3580.81982421875,3487.325834030271,3580.81982421875,5600,0.0,0.0
2002-02-08 00:00:00+09:00,3571.470492946194,3590.1692913385828,3552.771694553806,3562.12109375,7500,0.0,0.0
2002-02-11 00:00:00+09:00,3562.12109375,3562.12109375,3562.12109375,3562.12109375,0,0.0,0.0
2002-02-12 00:00:00+09:00,3664.96435546875,3664.96435546875,3608.8679622728,3664.96435546875,4700,0.0,0.0
2002-02-13 00:00:00+09:00,3646.265557736767,3702.361950932717,3562.120967942841,3664.96435546875,5400,0.0,0.0
2002-02-14 00:00:00+09:00,3618.2174545208195,3702.36204648642,3571.470458984375,3571.470458984375,3800,0.0,0.0
2002-02-15 00:00:00+09:00,3562.1208603062582,3627.566650390625,3515.373867388853,3627.566650390625,3100,0.0,0.0
2002-02-18 00:00:00+09:00,3627.566650390625,3627.566650390625,3599.518454640182,3627.566650390625,5300,0.0,0.0
2002-02-19 00:00:00+09:00,3580.8197236530523,3608.867919921875,3552.771527384229,3608.867919921875,3600,0.0,0.0
2002-02-20 00:00:00+09:00,3655.6149819691977,3655.6149819691977,3590.169189453125,3590.169189453125,9200,0.0,0.0
2002-02-21 00:00:00+09:00,3571.47050534019,3693.0126953125,3552.771706882911,3693.0126953125,8500,0.0,0.0
2002-02-22 00:00:00+09:00,3711.711562450302,3739.7597606552163,3646.265766638836,3674.31396484375,3700,0.0,0.0
2002-02-25 00:00:00+09:00,3552.771706882911,3711.7114937697784,3543.422307654272,3693.0126953125,3700,0.0,0.0
2002-02-26 00:00:00+09:00,3739.7596153846157,3739.7596153846157,3552.7716346153848,3646.265625,4000,0.0,0.0
2002-02-27 00:00:00+09:00,3646.2655662593984,3730.41015625,3608.86797070802,3730.41015625,6500,0.0,0.0
2002-02-28 00:00:00+09:00,3730.410079413864,3730.410079413864,3664.9642885469543,3683.6630859375,5300,0.0,0.0
2002-03-01 00:00:00+09:00,3739.7596501446014,3739.7596501446014,3590.1692641388177,3636.916259765625,4700,0.0,0.0
2002-03-04 00:00:00+09:00,3646.2657271984012,3786.506716706032,3599.5187306958574,3618.217529296875,10100,0.0,0.0
2002-03-05 00:00:00+09:00,3739.75967847769,3739.75967847769,3562.12109375,3562.12109375,8300,0.0,0.0
2002-03-06 00:00:00+09:00,3571.4703832165947,3571.4703832165947,3506.024590853987,3524.723388671875,11600,0.0,0.0
2002-03-07 00:00:00+09:00,3571.47039159139,3599.5185883839927,3543.4221947987876,3590.169189453125,7500,0.0,0.0
2002-03-08 00:00:00+09:00,3580.8197570008115,3646.265548904221,3534.0727627840906,3599.5185546875,19600,0.0,0.0
2002-03-11 00:00:00+09:00,3646.2656173506853,3674.313814407229,3580.81982421875,3580.81982421875,8100,0.0,0.0
2002-03-12 00:00:00+09:00,3590.1693601583115,3599.518759533724,3543.42236328125,3543.42236328125,8400,0.0,0.0
2002-03-13 00:00:00+09:00,3543.422064442452,3552.7714630293713,3421.8798828125,3421.8798828125,15600,0.0,0.0
2002-03-14 00:00:00+09:00,3449.928189004434,3506.0245823215796,3449.928189004434,3459.277587890625,5500,0.0,0.0
2002-03-15 00:00:00+09:00,3468.626896587171,3552.771484375,3459.2774979440787,3552.771484375,2500,0.0,0.0
2002-03-18 00:00:00+09:00,3646.265609416556,3646.265609416556,3515.3740234375,3515.3740234375,4800,0.0,0.0
2002-03-19 00:00:00+09:00,3562.120883018092,3580.819680304276,3534.0726870888157,3552.771484375,5900,0.0,0.0
2002-03-20 00:00:00+09:00,3599.518690534777,3636.9162873195537,3552.771694553806,3562.12109375,12400,0.0,0.0
2002-03-21 00:00:00+09:00,3562.12109375,3562.12109375,3562.12109375,3562.12109375,0,0.0,0.0
2002-03-22 00:00:00+09:00,3562.1209261405033,3636.9161161906977,3534.0727298716806,3608.867919921875,16400,0.0,0.0
2002-03-25 00:00:00+09:00,3693.012654517794,3693.012654517794,3608.8680623895407,3636.916259765625,7300,0.0,0.0
2002-03-26 00:00:00+09:00,3496.6751834353886,3524.723380093961,3459.277587890625,3459.277587890625,5700,0.0,0.0
2002-03-27 00:00:00+09:00,3515.373989762931,3543.422186489763,3477.9763941271553,3524.723388671875,3200,0.0,0.0
2002-03-28 00:00:00+09:00,3477.9763856630066,3506.0245823215796,3459.277587890625,3459.277587890625,5200,0.0,0.0
2002-03-29 00:00:00+09:00,3468.6272275309916,3477.9766270661157,3393.83203125,3393.83203125,4200,0.0,0.0
2002-04-01 00:00:00+09:00,3393.831992269564,3403.181391697304,3300.3379979921656,3337.735595703125,6300,0.0,0.0
2002-04-02 00:00:00+09:00,3347.084716796875,3356.434115447146,3319.036520846063,3347.084716796875,4200,0.0,0.0
2002-04-03 00:00:00+09:00,3347.084694117145,3506.0244700947746,3347.084694117145,3421.8798828125,2500,0.0,0.0
2002-04-04 00:00:00+09:00,3412.5304620916195,3506.0244473544035,3412.5304620916195,3496.675048828125,4200,0.0,0.0
2002-04-05 00:00:00+09:00,3496.6751586268188,3534.07275390625,3487.325759806961,3534.07275390625,2300,0.0,0.0
2002-04-08 00:00:00+09:00,3552.7716346153848,3646.265625,3552.7716346153848,3646.265625,20900,0.0,0.0
2002-04-09 00:00:00+09:00,3693.0126953125,3711.7114937697784,3599.5187030261077,3693.0126953125,17300,0.0,0.0
2002-04-10 00:00:00+09:00,3646.2658454376515,3861.302036322436,3636.916445833965,3851.95263671875,34800,0.0,0.0
2002-04-11 00:00:00+09:00,3851.9525005634014,3908.048896202674,3758.45850783128,3889.35009765625,21800,0.0,0.0
2002-04-12 00:00:00+09:00,3870.651224623631,3870.651224623631,3805.2054309705745,3842.60302734375,8900,0.0,0.0
2002-04-15 00:00:00+09:00,3655.6149566027584,3786.5065407266425,3627.566760004783,3664.96435546875,6500,0.0,0.0
2002-04-16 00:00:00+09:00,3608.867938232422,3739.759521484375,3608.867938232422,3739.759521484375,8200,0.0,0.0
2002-04-17 00:00:00+09:00,3674.3137386987487,3823.904119918036,3674.3137386987487,3805.205322265625,11500,0.0,0.0
2002-04-18 00:00:00+09:00,3795.856058806994,3833.253655445487,3721.0608655300093,3767.807861328125,3000,0.0,0.0
2002-04-19 00:00:00+09:00,3693.0126276664832,3711.71142578125,3655.6150314369493,3711.71142578125,3400,0.0,0.0
2002-04-22 00:00:00+09:00,3627.5668342647987,3711.71142578125,3627.5668342647987,3711.71142578125,4500,0.0,0.0
2002-04-23 00:00:00+09:00,3627.566768483709,3730.41015625,3627.566768483709,3730.41015625,7200,0.0,0.0
2002-04-24 00:00:00+09:00,3655.614823774858,3711.7112149325285,3655.614823774858,3702.36181640625,9100,0.0,0.0
2002-04-25 00:00:00+09:00,3693.0126201923076,3693.0126201923076,3636.9162259615387,3646.265625,2500,0.0,0.0
2002-04-26 00:00:00+09:00,3693.012586042399,3749.1089797544355,3655.614990234375,3655.614990234375,10100,0.0,0.0
2002-04-29 00:00:00+09:00,3655.614990234375,3655.614990234375,3655.614990234375,3655.614990234375,0,0.0,0.0
2002-04-30 00:00:00+09:00,3655.615024038462,3739.7596153846157,3646.265625,3646.265625,4000,0.0,0.0
2002-05-01 00:00:00+09:00,3674.313829551716,3730.410223896017,3664.9644304943326,3711.71142578125,5600,0.0,0.0
2002-05-02 00:00:00+09:00,3739.7595889604268,3749.108987932828,3674.3137961536195,3721.060791015625,6900,0.0,0.0
2002-05-03 00:00:00+09:00,3721.060791015625,3721.060791015625,3721.060791015625,3721.060791015625,0,0.0,0.0
2002-05-06 00:00:00+09:00,3721.060791015625,3721.060791015625,3721.060791015625,3721.060791015625,0,0.0,0.0
2002-05-07 00:00:00+09:00,3711.711562450302,3721.06096185194,3674.31396484375,3674.31396484375,2700,0.0,0.0
2002-05-08 00:00:00+09:00,3721.0608173076926,3721.0608173076926,3646.265625,3646.265625,6900,0.0,0.0
2002-05-09 00:00:00+09:00,3664.964244724549,3711.711237641954,3627.566650390625,3627.566650390625,3300,0.0,0.0
2002-05-10 00:00:00+09:00,3664.9645257994184,3674.313925099927,3618.217529296875,3618.217529296875,4200,0.0,0.0
2002-05-13 00:00:00+09:00,3515.3740643406413,3571.470458984375,3515.3740643406413,3571.470458984375,8000,0.0,0.0
2002-05-14 00:00:00+09:00,3590.1693601583115,3618.2175582845484,3543.42236328125,3543.42236328125,2900,0.0,0.0
2002-05-15 00:00:00+09:00,3543.4221527261075,3552.7715515459654,3496.6751586268188,3534.07275390625,4900,0.0,0.0
2002-05-16 00:00:00+09:00,3580.819865013456,3636.916259765625,3552.7716676373716,3636.916259765625,2000,0.0,0.0
2002-05-17 00:00:00+09:00,3636.9162999406644,3711.7114937697784,3636.9162999406644,3693.0126953125,8300,0.0,0.0
2002-05-20 00:00:00+09:00,3702.362134215243,3786.50672817468,3702.362134215243,3749.109130859375,8900,0.0,0.0
2002-05-21 00:00:00+09:00,3786.5064478632225,3805.205245136621,3730.410056043027,3758.458251953125,7700,0.0,0.0
2002-05-22 00:00:00+09:00,3664.9645138656165,3674.313913135682,3477.9765284643095,3487.325927734375,46100,0.0,0.0
2002-05-23 00:00:00+09:00,3524.7234563802085,3534.07285546875,3487.3258600260415,3506.024658203125,34500,0.0,0.0
2002-05-24 00:00:00+09:00,3534.0729639058377,3552.7717626566623,3515.3741651550135,3543.42236328125,9400,0.0,0.0
2002-05-27 00:00:00+09:00,3534.0726870888157,3571.470281661184,3534.0726870888157,3552.771484375,13100,0.0,0.0
2002-05-28 00:00:00+09:00,3543.422085731908,3552.771484375,3524.7232884457235,3552.771484375,5900,0.0,0.0
2002-05-29 00:00:00+09:00,3580.8197480055387,3580.8197480055387,3524.723355086392,3534.07275390625,6900,0.0,0.0
2002-05-30 00:00:00+09:00,3534.072821434508,3552.771619431516,3506.024624438996,3515.3740234375,16100,0.0,0.0
2002-05-31 00:00:00+09:00,3524.723388671875,3552.771585398707,3506.024590853987,3524.723388671875,8000,0.0,0.0
2002-06-03 00:00:00+09:00,3543.422161627435,3599.5185546875,3534.0727627840906,3599.5185546875,10800,0.0,0.0
2002-06-04 00:00:00+09:00,3552.7716536458333,3562.121052734375,3496.6752591145832,3506.024658203125,10900,0.0,0.0
2002-06-05 00:00:00+09:00,3543.4222545572916,3543.4222545572916,3487.3258600260415,3506.024658203125,9600,0.0,0.0
2002-06-06 00:00:00+09:00,3534.072778980152,3534.072778980152,3459.277587890625,3459.277587890625,12200,0.0,0.0
2002-06-07 00:00:00+09:00,3421.8800257240855,3459.2776216336383,3421.8800257240855,3449.92822265625,4600,0.0,0.0
2002-06-10 00:00:00+09:00,3421.880017696823,3449.9282145631905,3384.482421875,3384.482421875,8200,0.0,0.0
2002-06-11 00:00:00+09:00,3412.530693864952,3431.2294921875,3403.1812947036783,3431.2294921875,4200,0.0,0.0
2002-06-12 00:00:00+09:00,3449.9282145631905,3449.9282145631905,3384.482421875,3384.482421875,3500,0.0,0.0
2002-06-13 00:00:00+09:00,3412.5306871202256,3431.229485405816,3365.78369140625,3365.78369140625,7600,0.0,0.0
2002-06-14 00:00:00+09:00,3365.78375400641,3365.78375400641,3281.63916015625,3281.63916015625,28300,0.0,0.0
2002-06-17 00:00:00+09:00,3319.036817863806,3365.7838152985073,3113.3500291511195,3132.048828125,13600,0.0,0.0
2002-06-18 00:00:00+09:00,3225.542581123218,3225.542581123218,3169.4461884080315,3197.494384765625,6800,0.0,0.0
2002-06-19 00:00:00+09:00,3216.1934235074627,3244.2416219682837,3132.048828125,3132.048828125,4900,0.0,0.0
2002-06-20 00:00:00+09:00,3132.04879894201,3216.1933935404522,3132.04879894201,3206.843994140625,4900,0.0,0.0
2002-06-21 00:00:00+09:00,3188.145263671875,3244.2416612731395,3188.145263671875,3188.145263671875,3400,0.0,0.0
2002-06-24 00:00:00+09:00,3113.349967069404,3216.193359375,3113.349967069404,3216.193359375,5000,0.0,0.0
2002-06-25 00:00:00+09:00,3169.4463571610722,3206.8439542957162,3132.048760026428,3150.74755859375,5500,0.0,0.0
2002-06-26 00:00:00+09:00,3244.2416219682837,3244.2416219682837,3113.3500291511195,3132.048828125,7400,0.0,0.0
2002-06-27 00:00:00+09:00,3113.3500291511195,3188.145225046642,3094.6512301772386,3132.048828125,5300,0.0,0.0
2002-06-28 00:00:00+09:00,3132.0487197000093,3169.446316353144,3094.651123046875,3094.651123046875,8300,0.0,0.0
2002-07-01 00:00:00+09:00,3216.193138485863,3216.193138485863,3132.0485505603606,3141.39794921875,4000,0.0,0.0
2002-07-02 00:00:00+09:00,3132.048828125,3178.7958255597014,3122.6994286380595,3132.048828125,10800,0.0,0.0
2002-07-03 00:00:00+09:00,3197.4944522633273,3234.8920481962314,3169.4462553136486,3178.795654296875,4800,0.0,0.0
2002-07-04 00:00:00+09:00,3141.3980918141597,3178.7956881452806,3132.048692731379,3169.4462890625,6300,0.0,0.0
2002-07-05 00:00:00+09:00,3169.4463571610722,3178.795756444733,3150.74755859375,3150.74755859375,3400,0.0,0.0
2002-07-08 00:00:00+09:00,3197.4945205598187,3216.1933189256656,3160.096923828125,3160.096923828125,4500,0.0,0.0
2002-07-09 00:00:00+09:00,3141.3981593100893,3150.74755859375,3085.301763608123,3150.74755859375,8800,0.0,0.0
2002-07-10 00:00:00+09:00,3160.096882647779,3160.096882647779,3085.301690159074,3104.00048828125,9200,0.0,0.0
2002-07-11 00:00:00+09:00,3104.00048828125,3113.349887342338,3094.6510892201622,3104.00048828125,1500,0.0,0.0
2002-07-12 00:00:00+09:00,3085.3017238835914,3122.6993205367257,3085.3017238835914,3094.651123046875,5200,0.0,0.0
2002-07-15 00:00:00+09:00,3094.6509694132105,3104.000368112344,3001.156982421875,3001.156982421875,9700,0.0,0.0
2002-07-16 00:00:00+09:00,3001.157041109525,3001.157041109525,2907.6630522899136,2917.012451171875,8100,0.0,0.0
2002-07-17 00:00:00+09:00,2917.0124423668035,2917.0124423668035,2842.217251536885,2851.566650390625,9700,0.0,0.0
2002-07-18 00:00:00+09:00,2870.265516224474,2954.4101079053216,2832.867919921875,2832.867919921875,15400,0.0,0.0
2002-07-19 00:00:00+09:00,2851.5667180731743,2879.614915300124,2832.867919921875,2832.867919921875,10700,0.0,0.0
2002-07-22 00:00:00+09:00,2823.5185208462253,2860.9161171488245,2804.8197226949255,2832.867919921875,8800,0.0,0.0
2002-07-23 00:00:00+09:00,2832.86788619192,2842.21728515625,2804.819689298931,2842.21728515625,7100,0.0,0.0
2002-07-24 00:00:00+09:00,2842.217311549831,2842.217311549831,2767.422119140625,2767.422119140625,15300,0.0,0.0
2002-07-25 00:00:00+09:00,2888.964236675493,2888.964236675493,2786.120849609375,2786.120849609375,8900,0.0,0.0
2002-07-26 00:00:00+09:00,2786.1208748653016,2786.1208748653016,2711.32568359375,2711.32568359375,13900,0.0,0.0
2002-07-29 00:00:00+09:00,2720.6750051398026,2879.614782072368,2664.57861328125,2664.57861328125,8800,0.0,0.0
2002-07-30 00:00:00+09:00,2758.072817075503,2758.072817075503,2673.92822265625,2673.92822265625,12000,0.0,0.0
2002-07-31 00:00:00+09:00,2739.3738554884126,2786.120849609375,2701.9762601916423,2786.120849609375,6200,0.0,0.0
2002-08-01 00:00:00+09:00,2786.1208748653016,2786.1208748653016,2692.626885775862,2711.32568359375,10400,0.0,0.0
2002-08-02 00:00:00+09:00,2758.07273421749,2898.313720703125,2748.7233351184477,2898.313720703125,16100,0.0,0.0
2002-08-05 00:00:00+09:00,2842.217452375856,2842.217452375856,2720.6752586887305,2730.024658203125,3900,0.0,0.0
2002-08-06 00:00:00+09:00,2711.3256064967104,2720.6750051398026,2664.57861328125,2664.57861328125,7200,0.0,0.0
2002-08-07 00:00:00+09:00,2701.9761405705576,2711.325538980836,2673.927945339721,2683.27734375,6000,0.0,0.0
2002-08-08 00:00:00+09:00,2748.723279229526,2748.723279229526,2683.277486866918,2711.32568359375,8200,0.0,0.0
2002-08-09 00:00:00+09:00,2795.470323619276,2832.867919921875,2748.723328241027,2832.867919921875,3500,0.0,0.0
2002-08-12 00:00:00+09:00,2804.81964725776,2804.81964725776,2730.02445666422,2786.120849609375,2800,0.0,0.0
2002-08-13 00:00:00+09:00,2720.6751908282845,2786.1209857966624,2720.6751908282845,2748.723388671875,3500,0.0,0.0
2002-08-14 00:00:00+09:00,2730.02445666422,2786.120849609375,2730.02445666422,2786.120849609375,4000,0.0,0.0
2002-08-15 00:00:00+09:00,2823.5184109793063,2823.5184109793063,2786.120816131898,2795.47021484375,4800,0.0,0.0
2002-08-16 00:00:00+09:00,2814.1689453125,2823.5183438019103,2795.4701483336794,2814.1689453125,3700,0.0,0.0
2002-08-19 00:00:00+09:00,2748.7233210383233,2795.4703162940773,2748.7233210383233,2767.422119140625,6900,0.0,0.0
2002-08-20 00:00:00+09:00,2739.373822572638,2795.47021484375,2730.024423860786,2795.47021484375,8400,0.0,0.0
2002-08-21 00:00:00+09:00,2823.5185134475296,2823.5185134475296,2767.422119140625,2767.422119140625,4400,0.0,0.0
2002-08-22 00:00:00+09:00,2804.81982421875,2804.81982421875,2739.3740283203124,2804.81982421875,5700,0.0,0.0
2002-08-23 00:00:00+09:00,2804.81982421875,2804.81982421875,2804.81982421875,2804.81982421875,0,0.0,0.0
2002-08-26 00:00:00+09:00,2842.217353062914,2842.217353062914,2786.1209579366723,2823.5185546875,6300,0.0,0.0
2002-08-27 00:00:00+09:00,2814.1691217705757,2832.867919921875,2795.470323619276,2832.867919921875,6200,0.0,0.0
2002-08-28 00:00:00+09:00,2832.8677422913206,2851.566539270141,2767.4219528654485,2814.1689453125,6600,0.0,0.0
2002-08-29 00:00:00+09:00,2758.072787953072,2767.4221872342687,2730.0245901094813,2748.723388671875,5400,0.0,0.0
2002-08-30 00:00:00+09:00,2795.470282249579,2814.1690801241584,2711.325691813973,2776.771484375,6400,0.0,0.0
2002-09-02 00:00:00+09:00,2730.024447621349,2767.422042794244,2711.325650034901,2720.675048828125,4300,0.0,0.0
2002-09-03 00:00:00+09:00,2711.325701349432,2730.024499289773,2571.084716796875,2571.084716796875,10800,0.0,0.0
2002-09-04 00:00:00+09:00,2645.8798828125,2655.229281691696,2608.4822872957157,2645.8798828125,7400,0.0,0.0
2002-09-05 00:00:00+09:00,2655.229214638158,2711.3256064967104,2617.8316200657896,2664.57861328125,4900,0.0,0.0
2002-09-06 00:00:00+09:00,2617.831576220878,2617.831576220878,2580.4339822748657,2608.482177734375,2900,0.0,0.0
2002-09-09 00:00:00+09:00,2636.530517578125,2701.976310567653,2636.530517578125,2636.530517578125,3100,0.0,0.0
2002-09-10 00:00:00+09:00,2655.2291485191636,2767.421929442509,2655.2291485191636,2683.27734375,6600,0.0,0.0
2002-09-11 00:00:00+09:00,2683.2774105674343,2748.723201069079,2664.57861328125,2664.57861328125,5200,0.0,0.0
2002-09-12 00:00:00+09:00,2748.723488391285,2748.723488391285,2645.8800925671217,2655.2294921875,5300,0.0,0.0
2002-09-13 00:00:00+09:00,2524.337729596077,2664.578714573637,2524.337729596077,2636.530517578125,18200,0.0,0.0
2002-09-16 00:00:00+09:00,2636.530517578125,2636.530517578125,2636.530517578125,2636.530517578125,0,0.0,0.0
2002-09-17 00:00:00+09:00,2617.8318640303937,2730.024658203125,2617.8318640303937,2730.024658203125,5600,0.0,0.0
2002-09-18 00:00:00+09:00,2701.976284684806,2711.32568359375,2645.879891231142,2711.32568359375,5100,0.0,0.0
2002-09-19 00:00:00+09:00,2711.3257915470876,2758.072787953072,2711.3257915470876,2748.723388671875,3700,0.0,0.0
2002-09-20 00:00:00+09:00,2720.6751787458147,2758.07277570452,2599.1329886300223,2617.831787109375,13100,0.0,0.0
2002-09-23 00:00:00+09:00,2617.831787109375,2617.831787109375,2617.831787109375,2617.831787109375,0,0.0,0.0
2002-09-24 00:00:00+09:00,2617.831787109375,2655.2293840680804,2599.1329886300223,2617.831787109375,11800,0.0,0.0
2002-09-25 00:00:00+09:00,2617.831787109375,2627.181186349051,2571.0847909109934,2617.831787109375,5800,0.0,0.0
2002-09-26 00:00:00+09:00,2664.5789237644362,2664.5789237644362,2580.434326171875,2580.434326171875,5000,0.0,0.0
2002-09-27 00:00:00+09:00,2608.4822447188067,2655.22923835176,2571.084649812444,2589.783447265625,7300,0.0,0.0
2002-09-30 00:00:00+09:00,2599.1329054191933,2599.1329054191933,2477.590719194555,2505.638916015625,9700,0.0,0.0
2002-10-01 00:00:00+09:00,2477.5908545291786,2524.3378517844462,2458.8920556270714,2468.241455078125,5600,0.0,0.0
2002-10-02 00:00:00+09:00,2486.940356637549,2496.2897564745326,2374.74755859375,2374.74755859375,6700,0.0,0.0
2002-10-03 00:00:00+09:00,2374.747416583665,2384.0968158615538,2337.3498194721114,2346.69921875,9000,0.0,0.0
2002-10-04 00:00:00+09:00,2384.0968158615538,2384.0968158615538,2346.69921875,2346.69921875,5600,0.0,0.0
2002-10-07 00:00:00+09:00,2356.0487923971036,2356.0487923971036,2299.952392578125,2299.952392578125,4200,0.0,0.0
2002-10-08 00:00:00+09:00,2290.602992608295,2299.952392578125,2281.2535926384658,2299.952392578125,4400,0.0,0.0
2002-10-09 00:00:00+09:00,2271.9039093017577,2290.6027069091797,2243.855712890625,2243.855712890625,5100,0.0,0.0
2002-10-10 00:00:00+09:00,2159.7109704059103,2187.759164826766,2103.6145815641985,2150.361572265625,6800,0.0,0.0
2002-10-11 00:00:00+09:00,2234.5064551585006,2271.904052734375,2225.157055764532,2271.904052734375,6300,0.0,0.0
2002-10-14 00:00:00+09:00,2271.904052734375,2271.904052734375,2271.904052734375,2271.904052734375,0,0.0,0.0
2002-10-15 00:00:00+09:00,2290.6026389382105,2299.952037464489,2243.8556463068185,2262.554443359375,6500,0.0,0.0
2002-10-16 00:00:00+09:00,2384.096809762423,2384.096809762423,2281.25341796875,2281.25341796875,6100,0.0,0.0
2002-10-17 00:00:00+09:00,2290.60281722272,2328.0004142386015,2281.25341796875,2281.25341796875,5000,0.0,0.0
2002-10-18 00:00:00+09:00,2290.6026498572414,2356.0484398531626,2290.6026498572414,2328.000244140625,2500,0.0,0.0
2002-10-21 00:00:00+09:00,2328.000420194223,2384.0968158615538,2328.000420194223,2346.69921875,8100,0.0,0.0
2002-10-22 00:00:00+09:00,2384.0967043980895,2384.0967043980895,2290.602715990321,2309.301513671875,8300,0.0,0.0
2002-10-23 00:00:00+09:00,2318.650845569779,2337.349642711471,2290.6026498572414,2328.000244140625,5100,0.0,0.0
2002-10-24 00:00:00+09:00,2328.0005924876145,2328.0005924876145,2225.157192819487,2299.952392578125,2100,0.0,0.0
2002-10-25 00:00:00+09:00,2225.1571261498234,2318.651123046875,2225.1571261498234,2318.651123046875,5300,0.0,0.0
2002-10-28 00:00:00+09:00,2328.00052273658,2328.00052273658,2253.205325218939,2318.651123046875,2600,0.0,0.0
2002-10-29 00:00:00+09:00,2271.9040576171874,2356.0486523437503,2271.9040576171874,2337.349853515625,2400,0.0,0.0
2002-10-30 00:00:00+09:00,2299.952189127604,2374.7473822699653,2299.952189127604,2356.048583984375,2500,0.0,0.0
2002-10-31 00:00:00+09:00,2262.5547249086444,2337.3499224262855,2253.205325218939,2318.651123046875,3900,0.0,0.0
2002-11-01 00:00:00+09:00,2038.1690867152151,2131.6630815186654,2038.1690867152151,2066.21728515625,22100,0.0,0.0
2002-11-04 00:00:00+09:00,2066.21728515625,2066.21728515625,2066.21728515625,2066.21728515625,0,0.0,0.0
2002-11-05 00:00:00+09:00,2084.9159566945045,2169.060546875,2075.5665577855602,2169.060546875,6300,0.0,0.0
2002-11-06 00:00:00+09:00,2225.156975023674,2225.156975023674,2159.711181640625,2159.711181640625,7200,0.0,0.0
2002-11-07 00:00:00+09:00,2112.9641449652777,2131.6629427083335,2075.5665494791665,2103.61474609375,5200,0.0,0.0
2002-11-08 00:00:00+09:00,2103.61488307763,2112.9642825579754,2056.867885675905,2066.21728515625,5800,0.0,0.0
2002-11-11 00:00:00+09:00,2075.5666846365953,2094.2654835972853,2066.21728515625,2066.21728515625,2300,0.0,0.0
2002-11-12 00:00:00+09:00,2056.867866166141,2056.867866166141,1972.7232716411625,2038.1690673828125,3900,0.0,0.0
2002-11-13 00:00:00+09:00,1972.723338374385,2038.1691363299333,1972.723338374385,2019.4703369140625,2900,0.0,0.0
2002-11-14 00:00:00+09:00,1982.0726318359375,2019.4702286630306,1963.3738334223908,1982.0726318359375,7200,0.0,0.0
2002-11-15 00:00:00+09:00,1982.072564526139,2047.5183567510587,1982.072564526139,2000.7713623046875,2900,0.0,0.0
2002-11-18 00:00:00+09:00,2000.771340898993,2000.771340898993,1963.3737457420025,1972.72314453125,3800,0.0,0.0
2002-11-19 00:00:00+09:00,1954.024349975586,1963.3737487792969,1869.8797607421875,1869.8797607421875,11100,0.0,0.0
2002-11-20 00:00:00+09:00,1851.1810697667738,1907.2774658203125,1823.1328717400045,1907.2774658203125,19500,0.0,0.0
2002-11-21 00:00:00+09:00,1907.2774658203125,1907.2774658203125,1860.5304691090303,1907.2774658203125,8800,0.0,0.0
2002-11-22 00:00:00+09:00,1916.6268105081992,1963.373805886448,1869.8798151299504,1888.57861328125,8400,0.0,0.0
2002-11-25 00:00:00+09:00,1925.9762502817007,1944.675048828125,1869.8798546424277,1944.675048828125,17900,0.0,0.0
2002-11-26 00:00:00+09:00,2038.1690774079107,2038.1690774079107,1925.976284156099,1935.32568359375,11900,0.0,0.0
2002-11-27 00:00:00+09:00,1944.675048828125,2000.7714444673977,1916.6268510084885,1944.675048828125,6900,0.0,0.0
2002-11-28 00:00:00+09:00,1963.373787172379,2038.16897906466,1963.373787172379,2028.819580078125,10200,0.0,0.0
2002-11-29 00:00:00+09:00,2038.1690583208242,2141.012451171875,2028.8196589707288,2141.012451171875,12000,0.0,0.0
2002-12-02 00:00:00+09:00,2141.012451171875,2141.012451171875,2141.012451171875,2141.012451171875,0,0.0,0.0
2002-12-03 00:00:00+09:00,2131.6631203537995,2141.012520004474,2103.614921401776,2122.313720703125,11900,0.0,0.0
2002-12-04 00:00:00+09:00,2075.566644712936,2103.6148426144623,2010.120849609375,2010.120849609375,22700,0.0,0.0
2002-12-05 00:00:00+09:00,2019.470287754525,2066.21728515625,1991.42208931349,2066.21728515625,6900,0.0,0.0
2002-12-06 00:00:00+09:00,2056.867609797297,2075.56640625,1963.3736275337837,2075.56640625,11800,0.0,0.0
2002-12-09 00:00:00+09:00,2056.867935745804,2056.867935745804,2010.1209372061269,2019.4703369140625,2700,0.0,0.0
2002-12-10 00:00:00+09:00,1982.0725851454492,2028.819580078125,1972.7231861589141,2028.819580078125,4900,0.0,0.0
2002-12-11 00:00:00+09:00,2028.8196679911482,2038.1690673828125,2000.7714698161553,2038.1690673828125,2500,0.0,0.0
2002-12-12 00:00:00+09:00,1991.4220510083576,2038.169047510901,1991.4220510083576,2010.120849609375,4200,0.0,0.0
2002-12-13 00:00:00+09:00,2000.7714302494842,2019.4702286630306,1963.3738334223908,1982.0726318359375,14800,0.0,0.0
2002-12-16 00:00:00+09:00,1935.3256638470818,1963.373861873851,1907.2774658203125,1907.2774658203125,7000,0.0,0.0
2002-12-17 00:00:00+09:00,1907.2775191520022,1935.3257179630612,1897.928119548316,1925.976318359375,15100,0.0,0.0
2002-12-18 00:00:00+09:00,1925.976119160059,1935.3255177967583,1879.2291259765625,1879.2291259765625,6800,0.0,0.0
2002-12-19 00:00:00+09:00,1869.8797273398632,1897.927923249961,1851.1809300664645,1879.2291259765625,7200,0.0,0.0
2002-12-20 00:00:00+09:00,1954.024349975586,1954.024349975586,1869.8797607421875,1869.8797607421875,13400,0.0,0.0
2002-12-23 00:00:00+09:00,1869.8797607421875,1869.8797607421875,1869.8797607421875,1869.8797607421875,0,0.0,0.0
2002-12-24 00:00:00+09:00,1860.5304160543008,1907.2774114325496,1860.5304160543008,1888.57861328125,10400,0.0,0.0
2002-12-25 00:00:00+09:00,1916.626884718448,1954.024482469052,1897.9280858431462,1935.32568359375,6200,0.0,0.0
2002-12-26 00:00:00+09:00,1935.3256495549128,1972.7232466477612,1869.8798546424277,1944.675048828125,27600,0.0,0.0
2002-12-27 00:00:00+09:00,1982.0726318359375,1982.0726318359375,1954.0244342156177,1982.0726318359375,5300,0.0,0.0
2002-12-30 00:00:00+09:00,1991.4220510083576,2019.4702489098836,1972.72325240734,2010.120849609375,4100,0.0,0.0
2002-12-31 00:00:00+09:00,2010.120849609375,2010.120849609375,2010.120849609375,2010.120849609375,0,0.0,0.0
2003-01-01 00:00:00+09:00,2010.120849609375,2010.120849609375,2010.120849609375,2010.120849609375,0,0.0,0.0
2003-01-02 00:00:00+09:00,2010.120849609375,2010.120849609375,2010.120849609375,2010.120849609375,0,0.0,0.0
2003-01-03 00:00:00+09:00,2010.120849609375,2010.120849609375,2010.120849609375,2010.120849609375,0,0.0,0.0
2003-01-06 00:00:00+09:00,2019.4702489098836,2019.4702489098836,1916.6268566042877,2010.120849609375,3000,0.0,0.0
2003-01-07 00:00:00+09:00,2010.1207611939617,2019.470160083236,1991.4219634154133,2000.7713623046875,4700,0.0,0.0
2003-01-08 00:00:00+09:00,1972.7233198998679,2000.7715187610036,1972.7233198998679,1991.422119140625,1100,0.0,0.0
2003-01-09 00:00:00+09:00,1944.6749481635072,1972.72314453125,1935.3255493742595,1972.72314453125,3800,0.0,0.0
2003-01-10 00:00:00+09:00,1963.373847374549,1982.0726459209734,1944.675048828125,1944.675048828125,5600,0.0,0.0
2003-01-13 00:00:00+09:00,1944.675048828125,1944.675048828125,1944.675048828125,1944.675048828125,0,0.0,0.0
2003-01-14 00:00:00+09:00,1944.6751210387324,1991.422119140625,1944.6751210387324,1991.422119140625,700,0.0,0.0
2003-01-15 00:00:00+09:00,1991.4220510083576,2019.4702489098836,1944.675054505814,2010.120849609375,5800,0.0,0.0
2003-01-16 00:00:00+09:00,2010.120849609375,2019.4702489098836,1972.72325240734,2010.120849609375,7100,0.0,0.0
2003-01-17 00:00:00+09:00,2056.8677847726003,2112.9641789027623,2028.8195877075195,2094.265380859375,12900,0.0,0.0
2003-01-20 00:00:00+09:00,2112.964111328125,2112.964111328125,2075.5665164373618,2112.964111328125,4200,0.0,0.0
2003-01-21 00:00:00+09:00,2159.7112886469413,2197.10888671875,2103.6148915392287,2197.10888671875,6200,0.0,0.0
2003-01-22 00:00:00+09:00,2159.7109518612133,2234.506136341255,2141.0121557412026,2225.15673828125,8000,0.0,0.0
2003-01-23 00:00:00+09:00,2225.1569059314647,2225.1569059314647,2169.060513344957,2178.409912109375,5100,0.0,0.0
2003-01-24 00:00:00+09:00,2187.7592874740662,2299.9520714470955,2178.4098888096473,2253.205078125,7600,0.0,0.0
2003-01-27 00:00:00+09:00,2262.5544767894194,2262.5544767894194,2197.1086861384856,2253.205078125,8000,0.0,0.0
2003-01-28 00:00:00+09:00,2281.2534117879745,2281.2534117879745,2206.4582179588606,2215.8076171875,5800,0.0,0.0
2003-01-29 00:00:00+09:00,2215.8076459726394,2215.8076459726394,2122.313652471684,2141.012451171875,6800,0.0,0.0
2003-01-30 00:00:00+09:00,2141.012341579861,2150.361740451389,2103.61474609375,2103.61474609375,3500,0.0,0.0
2003-01-31 00:00:00+09:00,2056.867609797297,2103.6146009290537,2028.8194151182431,2075.56640625,8700,0.0,0.0
2003-02-03 00:00:00+09:00,2084.9159566945045,2215.8075414197197,2084.9159566945045,2169.060546875,4800,0.0,0.0
2003-02-04 00:00:00+09:00,2215.8076171875,2234.5064156447784,2197.1088187302216,2215.8076171875,2000,0.0,0.0
2003-02-05 00:00:00+09:00,2225.1568492542615,2281.253240411932,2225.1568492542615,2262.554443359375,4400,0.0,0.0
2003-02-06 00:00:00+09:00,2281.25341796875,2281.25341796875,2262.554619460809,2281.25341796875,7300,0.0,0.0
2003-02-07 00:00:00+09:00,2290.602783203125,2290.602783203125,2281.25338408801,2290.602783203125,5900,0.0,0.0
2003-02-10 00:00:00+09:00,2290.602757148592,2384.0967472362895,2290.602757148592,2365.39794921875,7900,0.0,0.0
2003-02-11 00:00:00+09:00,2365.39794921875,2365.39794921875,2365.39794921875,2365.39794921875,0,0.0,0.0
2003-02-12 00:00:00+09:00,2374.7474605675898,2468.241455078125,2365.3980611165366,2468.241455078125,8200,0.0,0.0
2003-02-13 00:00:00+09:00,2421.494487762451,2430.8438873291016,2393.4462890625,2393.4462890625,3900,0.0,0.0
2003-02-14 00:00:00+09:00,2393.4462264150943,2486.940219634434,2393.4462264150943,2477.5908203125,9800,0.0,0.0
2003-02-17 00:00:00+09:00,2477.590892650463,2543.036689814815,2477.590892650463,2524.337890625,6200,0.0,0.0
2003-02-18 00:00:00+09:00,2543.0366967429577,2655.2294921875,2543.0366967429577,2655.2294921875,7200,0.0,0.0
2003-02-19 00:00:00+09:00,2645.8800540622187,2645.8800540622187,2524.3378607660743,2599.133056640625,5000,0.0,0.0
2003-02-20 00:00:00+09:00,2524.337822409237,2571.084819120519,2524.337822409237,2543.03662109375,3300,0.0,0.0
2003-02-21 00:00:00+09:00,2533.6871542826184,2580.4341497490877,2514.988356096031,2561.7353515625,4400,0.0,0.0
2003-02-24 00:00:00+09:00,2543.036410285978,2543.036410285978,2524.3376131515224,2533.68701171875,2900,0.0,0.0
2003-02-25 00:00:00+09:00,2533.6871043238148,2533.6871043238148,2440.193115234375,2440.193115234375,5400,0.0,0.0
2003-02-26 00:00:00+09:00,2477.590643008852,2477.590643008852,2430.843649744534,2458.891845703125,4800,0.0,0.0
2003-02-27 00:00:00+09:00,2486.9403234583733,2486.9403234583733,2449.542724609375,2449.542724609375,1200,0.0,0.0
2003-02-28 00:00:00+09:00,2468.241311961207,2468.241311961207,2440.193115234375,2440.193115234375,2800,0.0,0.0
2003-03-03 00:00:00+09:00,2412.144951923077,2449.542548076923,2412.144951923077,2430.84375,7100,0.0,0.0
2003-03-04 00:00:00+09:00,2486.9400848048326,2524.337680065056,2477.590685989777,2514.98828125,5100,0.0,0.0
2003-03-05 00:00:00+09:00,2524.3377138963388,2524.3377138963388,2505.638916015625,2505.638916015625,2700,0.0,0.0
2003-03-06 00:00:00+09:00,2505.638916015625,2524.3377138963388,2496.289517075268,2505.638916015625,3900,0.0,0.0
2003-03-07 00:00:00+09:00,2514.988341346154,2524.3377403846157,2430.84375,2430.84375,5700,0.0,0.0
2003-03-10 00:00:00+09:00,2384.0966796875,2412.1448759191176,2337.3496859681372,2384.0966796875,9700,0.0,0.0
2003-03-11 00:00:00+09:00,2393.446187258687,2421.494384765625,2365.3979897517493,2421.494384765625,6100,0.0,0.0
2003-03-12 00:00:00+09:00,2412.145157941683,2412.145157941683,2365.398158756767,2374.74755859375,3600,0.0,0.0
2003-03-13 00:00:00+09:00,2365.3978384240086,2365.3978384240086,2299.9520484280874,2328.000244140625,4100,0.0,0.0
2003-03-14 00:00:00+09:00,2328.0005924876145,2337.3499924574444,2281.2535926384658,2299.952392578125,22300,0.0,0.0
2003-03-17 00:00:00+09:00,2243.8558843085107,2262.5546833444146,2197.10888671875,2197.10888671875,3900,0.0,0.0
2003-03-18 00:00:00+09:00,2253.2051370554955,2262.5545359644398,2103.614754512392,2169.060546875,7500,0.0,0.0
2003-03-19 00:00:00+09:00,2187.759378804789,2187.759378804789,2141.0123835311824,2159.711181640625,4600,0.0,0.0
2003-03-20 00:00:00+09:00,2159.711227667136,2281.25341796875,2159.711227667136,2281.25341796875,6200,0.0,0.0
2003-03-21 00:00:00+09:00,2281.25341796875,2281.25341796875,2281.25341796875,2281.25341796875,0,0.0,0.0
2003-03-24 00:00:00+09:00,2299.952037464489,2337.3496315696025,2215.807450727983,2262.554443359375,9400,0.0,0.0
2003-03-25 00:00:00+09:00,2262.554330521271,2262.554330521271,2187.759146041229,2225.15673828125,9000,0.0,0.0
2003-03-26 00:00:00+09:00,2206.4582179588606,2225.157016416139,2169.060621044304,2215.8076171875,6000,0.0,0.0
2003-03-27 00:00:00+09:00,2169.060621044304,2215.8076171875,2169.060621044304,2215.8076171875,3600,0.0,0.0
2003-03-28 00:00:00+09:00,2262.554443359375,2262.554443359375,2215.807450727983,2262.554443359375,4100,0.0,0.0
2003-03-31 00:00:00+09:00,2253.2051022247183,2253.2051022247183,2150.3617158161214,2178.409912109375,3000,0.0,0.0
2003-04-01 00:00:00+09:00,2178.409945783944,2178.409945783944,2159.711147966056,2169.060546875,1500,0.0,0.0
2003-04-02 00:00:00+09:00,2169.060621044304,2215.8076171875,2169.060621044304,2215.8076171875,3900,0.0,0.0
2003-04-03 00:00:00+09:00,2243.8555536684785,2243.8555536684785,2150.361572265625,2150.361572265625,2300,0.0,0.0
2003-04-04 00:00:00+09:00,2169.0604801014956,2197.108675964877,2169.0604801014956,2187.75927734375,2300,0.0,0.0
2003-04-07 00:00:00+09:00,2206.4582179588606,2253.2052141020567,2197.1088187302216,2215.8076171875,3500,0.0,0.0
2003-04-08 00:00:00+09:00,2215.8074061506886,2225.1568044888772,2178.409812797934,2206.4580078125,6500,0.0,0.0
2003-04-09 00:00:00+09:00,2197.10888671875,2215.8076857546544,2178.4100876828456,2197.10888671875,7200,0.0,0.0
2003-04-10 00:00:00+09:00,2197.108699832342,2197.108699832342,2112.964111328125,2112.964111328125,10000,0.0,0.0
2003-04-11 00:00:00+09:00,2112.9639991554054,2112.9639991554054,2056.867609797297,2075.56640625,13700,0.0,0.0
2003-04-14 00:00:00+09:00,2047.5184262833504,2056.867825490124,1963.3738334223908,1982.0726318359375,8600,0.0,0.0
2003-04-15 00:00:00+09:00,1991.4221377902559,2056.867935745804,1991.4221377902559,2019.4703369140625,10500,0.0,0.0
2003-04-16 00:00:00+09:00,2056.86767578125,2066.2170743075285,2038.1688787286932,2056.86767578125,7500,0.0,0.0
2003-04-17 00:00:00+09:00,2084.9160643411337,2084.9160643411337,2038.1690673828125,2038.1690673828125,8200,0.0,0.0
2003-04-18 00:00:00+09:00,2056.867885675905,2084.91608411694,2047.5184861955602,2066.21728515625,8700,0.0,0.0
2003-04-21 00:00:00+09:00,2094.2655217511015,2141.012520004474,2084.9161221004265,2122.313720703125,26000,0.0,0.0
2003-04-22 00:00:00+09:00,2197.108847272448,2225.1570453227346,2141.012451171875,2141.012451171875,20600,0.0,0.0
2003-04-23 00:00:00+09:00,2197.1087348090277,2197.1087348090277,2103.61474609375,2103.61474609375,27400,0.0,0.0
2003-04-24 00:00:00+09:00,2112.964111328125,2141.0123074961975,2112.964111328125,2112.964111328125,16400,0.0,0.0
2003-04-25 00:00:00+09:00,2103.6147126054343,2112.964111328125,2056.86771899198,2112.964111328125,20000,0.0,0.0
2003-04-28 00:00:00+09:00,2150.3618600827836,2150.3618600827836,2038.1690673828125,2038.1690673828125,16700,0.0,0.0
2003-04-29 00:00:00+09:00,2038.1690673828125,2038.1690673828125,2038.1690673828125,2038.1690673828125,0,0.0,0.0
2003-04-30 00:00:00+09:00,2122.313612317825,2122.313612317825,2075.566616451794,2084.916015625,11200,0.0,0.0
2003-05-01 00:00:00+09:00,2084.915948350694,2112.9641449652777,2084.915948350694,2103.61474609375,9100,0.0,0.0
2003-05-02 00:00:00+09:00,2112.9641863670186,2169.0605806953463,2103.614787312297,2159.711181640625,19900,0.0,0.0
2003-05-05 00:00:00+09:00,2159.711181640625,2159.711181640625,2159.711181640625,2159.711181640625,0,0.0,0.0
2003-05-06 00:00:00+09:00,2206.458108402629,2234.5063046958826,2169.060513344957,2178.409912109375,15100,0.0,0.0
2003-05-07 00:00:00+09:00,2197.108562967052,2197.108562967052,2122.313377844769,2150.361572265625,19100,0.0,0.0
2003-05-08 00:00:00+09:00,2150.3618891289893,2197.10888671875,2131.663090093085,2197.10888671875,10800,0.0,0.0
2003-05-09 00:00:00+09:00,2178.4099938217473,2290.602783203125,2178.4099938217473,2290.602783203125,13600,0.0,0.0
2003-05-12 00:00:00+09:00,2299.9521057128904,2299.9521057128904,2243.855712890625,2243.855712890625,17100,0.0,0.0
2003-05-13 00:00:00+09:00,2281.253482380319,2290.6028818982713,2197.10888671875,2197.10888671875,11500,0.0,0.0
2003-05-14 00:00:00+09:00,2206.4580848029045,2262.5544767894194,2169.0604901452284,2253.205078125,10700,0.0,0.0
2003-05-15 00:00:00+09:00,2271.903943432924,2271.903943432924,2234.50634765625,2234.50634765625,7300,0.0,0.0
2003-05-16 00:00:00+09:00,2234.50624778054,2262.554443359375,2234.50624778054,2262.554443359375,4200,0.0,0.0
2003-05-19 00:00:00+09:00,2262.554510498047,2262.554510498047,2206.458117675781,2243.855712890625,3100,0.0,0.0
2003-05-20 00:00:00+09:00,2225.156882131743,2262.5544767894194,2215.807483467324,2253.205078125,4600,0.0,0.0
2003-05-21 00:00:00+09:00,2346.6992529296876,2421.4944482421874,2328.0004541015624,2337.349853515625,42500,0.0,0.0
2003-05-22 00:00:00+09:00,2524.337890625,2552.386089409722,2477.590892650463,2524.337890625,145200,0.0,0.0
2003-05-23 00:00:00+09:00,2533.6871542826184,2561.7353515625,2505.6389570027372,2561.7353515625,60400,0.0,0.0
2003-05-26 00:00:00+09:00,2599.1329824147206,2599.1329824147206,2524.3377886761673,2552.385986328125,18000,0.0,0.0
2003-05-27 00:00:00+09:00,2505.638983934445,2514.9883831282305,2468.2413871593044,2486.940185546875,18900,0.0,0.0
2003-05-28 00:00:00+09:00,2514.9884910300925,2543.036689814815,2514.9884910300925,2524.337890625,12600,0.0,0.0
2003-05-29 00:00:00+09:00,2524.3377886761673,2552.385986328125,2486.940191806891,2552.385986328125,13700,0.0,0.0
2003-05-30 00:00:00+09:00,2561.7352753252785,2561.7352753252785,2486.9400848048326,2514.98828125,17600,0.0,0.0
2003-06-02 00:00:00+09:00,2561.735317826705,2571.084716796875,2505.638924005682,2571.084716796875,11400,0.0,0.0
2003-06-03 00:00:00+09:00,2571.0849264393682,2580.434326171875,2543.036727241848,2580.434326171875,10800,0.0,0.0
2003-06-04 00:00:00+09:00,2552.3859188565343,2599.1329137073863,2552.3859188565343,2571.084716796875,9500,0.0,0.0
2003-06-05 00:00:00+09:00,2571.0847576317838,2692.6269461743773,2561.7353585131227,2627.18115234375,23000,0.0,0.0
2003-06-06 00:00:00+09:00,2645.8798159950657,2701.9762078536182,2627.1810187088813,2664.57861328125,19000,0.0,0.0
2003-06-09 00:00:00+09:00,2664.578823276333,2701.976420796001,2655.2294238964164,2673.92822265625,8800,0.0,0.0
2003-06-10 00:00:00+09:00,2655.229281691696,2655.229281691696,2627.181085054108,2645.8798828125,5400,0.0,0.0
2003-06-11 00:00:00+09:00,2627.1810187088813,2683.2774105674343,2627.1810187088813,2664.57861328125,8000,0.0,0.0
2003-06-12 00:00:00+09:00,2664.578714573637,2673.928113572141,2636.530517578125,2636.530517578125,6400,0.0,0.0
2003-06-13 00:00:00+09:00,2617.831753225089,2636.530551462411,2617.831753225089,2627.18115234375,18100,0.0,0.0
2003-06-16 00:00:00+09:00,2655.2294535465376,2664.5788530308564,2599.133056640625,2599.133056640625,17300,0.0,0.0
2003-06-17 00:00:00+09:00,2599.1329886300223,2617.831787109375,2571.0847909109934,2617.831787109375,12800,0.0,0.0
2003-06-18 00:00:00+09:00,2617.8317116477274,2617.8317116477274,2571.084716796875,2571.084716796875,8000,0.0,0.0
2003-06-19 00:00:00+09:00,2580.434326171875,2617.831925101902,2580.434326171875,2580.434326171875,8700,0.0,0.0
2003-06-20 00:00:00+09:00,2589.7837259043818,2627.1813248344088,2571.0849264393682,2580.434326171875,7700,0.0,0.0
2003-06-23 00:00:00+09:00,2617.8316621026634,2758.0726440010203,2580.434066929768,2720.675048828125,28100,0.0,0.0
2003-06-24 00:00:00+09:00,2720.6750051398026,2720.6750051398026,2627.1810187088813,2664.57861328125,19100,0.0,0.0
2003-06-25 00:00:00+09:00,2701.976284684806,2748.723279229526,2664.5786890490303,2711.32568359375,11600,0.0,0.0
2003-06-26 00:00:00+09:00,2795.470454803885,2795.470454803885,2673.928261116759,2730.024658203125,18600,0.0,0.0
2003-06-27 00:00:00+09:00,2786.1208833122896,2795.470282249579,2720.675090751263,2776.771484375,14000,0.0,0.0
2003-06-30 00:00:00+09:00,2851.566650390625,2917.0124423668035,2823.5184538294056,2851.566650390625,19400,0.0,0.0
2003-07-01 00:00:00+09:00,2879.6148469518444,2888.964245805584,2851.566650390625,2851.566650390625,18000,0.0,0.0
2003-07-02 00:00:00+09:00,2898.313644659324,2945.0606389280224,2823.5184538294056,2851.566650390625,16900,0.0,0.0
2003-07-03 00:00:00+09:00,2898.313777171025,2935.711374295812,2739.373989390678,2748.723388671875,20700,0.0,0.0
2003-07-04 00:00:00+09:00,2711.3257248337204,2795.4703162940773,2711.3257248337204,2767.422119140625,8800,0.0,0.0
2003-07-07 00:00:00+09:00,2851.566650390625,2860.916049244365,2786.120858414447,2851.566650390625,12200,0.0,0.0
2003-07-08 00:00:00+09:00,2851.566745564089,2851.566745564089,2758.07275390625,2758.07275390625,13800,0.0,0.0
2003-07-09 00:00:00+09:00,2767.4219749893346,2767.4219749893346,2683.2773879119563,2739.373779296875,7200,0.0,0.0
2003-07-10 00:00:00+09:00,2748.7232452077965,2786.120840380692,2711.325650034901,2720.675048828125,6800,0.0,0.0
2003-07-11 00:00:00+09:00,2673.928087957974,2739.373880320582,2673.928087957974,2711.32568359375,7200,0.0,0.0
2003-07-14 00:00:00+09:00,2758.07275390625,2786.120951403602,2711.3257580773306,2758.07275390625,5900,0.0,0.0
2003-07-15 00:00:00+09:00,2758.072712512165,2758.072712512165,2701.976318359375,2701.976318359375,7400,0.0,0.0
2003-07-16 00:00:00+09:00,2683.277478329285,2692.626877208481,2645.8798828125,2645.8798828125,7400,0.0,0.0
2003-07-17 00:00:00+09:00,2571.084888599537,2580.4342881944444,2524.337890625,2524.337890625,7500,0.0,0.0
2003-07-18 00:00:00+09:00,2440.1931633496806,2580.4341497490877,2440.1931633496806,2561.7353515625,7000,0.0,0.0
2003-07-21 00:00:00+09:00,2561.7353515625,2561.7353515625,2561.7353515625,2561.7353515625,0,0.0,0.0
2003-07-22 00:00:00+09:00,2524.3378169221696,2543.0366155660377,2477.5908203125,2477.5908203125,7200,0.0,0.0
2003-07-23 00:00:00+09:00,2486.940328846807,2580.434326171875,2486.940328846807,2580.434326171875,9400,0.0,0.0
2003-07-24 00:00:00+09:00,2561.7354587033497,2617.831855609262,2552.386059219031,2599.133056640625,8000,0.0,0.0
2003-07-25 00:00:00+09:00,2608.4822955953664,2730.024481411638,2580.4340988685344,2711.32568359375,13500,0.0,0.0
2003-07-28 00:00:00+09:00,2851.566607114862,2851.566607114862,2730.024423860786,2795.47021484375,14400,0.0,0.0
2003-07-29 00:00:00+09:00,2786.1209857966624,2786.1209857966624,2739.373989390678,2748.723388671875,11700,0.0,0.0
2003-07-30 00:00:00+09:00,2758.0726531367977,2804.81964725776,2711.325659015835,2786.120849609375,8400,0.0,0.0
2003-07-31 00:00:00+09:00,2786.1209095885597,2786.1209095885597,2692.62691933391,2701.976318359375,8200,0.0,0.0
2003-08-01 00:00:00+09:00,2786.120951403602,2786.120951403602,2748.723354740466,2758.07275390625,12000,0.0,0.0
2003-08-04 00:00:00+09:00,2758.07275390625,2776.7715522378176,2720.6751572431144,2758.07275390625,7300,0.0,0.0
2003-08-05 00:00:00+09:00,2758.0726781384697,2758.0726781384697,2673.928087957974,2711.32568359375,5600,0.0,0.0
2003-08-06 00:00:00+09:00,2692.62691933391,2711.3257173848397,2664.578722257515,2701.976318359375,10400,0.0,0.0
2003-08-07 00:00:00+09:00,2730.0245901094813,2748.723388671875,2664.5787951411035,2748.723388671875,10800,0.0,0.0
2003-08-08 00:00:00+09:00,2739.3738716044613,2739.3738716044613,2645.8798828125,2645.8798828125,5400,0.0,0.0
2003-08-11 00:00:00+09:00,2655.229214638158,2711.3256064967104,2645.8798159950657,2664.57861328125,5300,0.0,0.0
2003-08-12 00:00:00+09:00,2673.9281548394097,2730.02454969618,2664.5787556966143,2692.626953125,6300,0.0,0.0
2003-08-13 00:00:00+09:00,2720.6750051398026,2739.373802425987,2664.57861328125,2664.57861328125,13700,0.0,0.0
2003-08-14 00:00:00+09:00,2683.277517258746,3001.157083763266,2683.277517258746,2973.10888671875,20700,0.0,0.0
2003-08-15 00:00:00+09:00,2804.81982421875,2804.81982421875,2804.81982421875,2804.81982421875,32400,0.0,0.0
2003-08-18 00:00:00+09:00,2870.2653144910496,2888.964111328125,2823.5183223983618,2888.964111328125,19300,0.0,0.0
2003-08-19 00:00:00+09:00,2917.0124423668035,2935.711240074283,2832.8678526831454,2851.566650390625,33100,0.0,0.0
2003-08-20 00:00:00+09:00,2860.9161243069557,2917.0125189012097,2860.9161243069557,2898.313720703125,18200,0.0,0.0
2003-08-21 00:00:00+09:00,2898.3136869473474,2917.0124849276526,2870.265489976889,2907.6630859375,17400,0.0,0.0
2003-08-22 00:00:00+09:00,2935.7113861480316,2954.4101847859174,2879.614990234375,2879.614990234375,20000,0.0,0.0
2003-08-25 00:00:00+09:00,2917.0123511904762,3001.1569382440475,2917.0123511904762,2945.060546875,25100,0.0,0.0
2003-08-26 00:00:00+09:00,2973.1088102785543,2973.1088102785543,2917.0124176317895,2926.36181640625,9200,0.0,0.0
2003-08-27 00:00:00+09:00,2973.1087425595238,2991.8075396825398,2945.060546875,2945.060546875,11300,0.0,0.0
2003-08-28 00:00:00+09:00,2954.410115297379,2973.108913495464,2898.313720703125,2898.313720703125,10600,0.0,0.0
2003-08-29 00:00:00+09:00,2973.108675694992,2991.807472397476,2917.0122855875393,2963.75927734375,15800,0.0,0.0
2003-09-01 00:00:00+09:00,3066.60277331581,3066.60277331581,3001.156982421875,3001.156982421875,28900,0.0,0.0
2003-09-02 00:00:00+09:00,3066.602850603911,3066.602850603911,3038.554653799607,3047.904052734375,16100,0.0,0.0
2003-09-03 00:00:00+09:00,3066.602850603911,3066.602850603911,3010.506456995303,3047.904052734375,13800,0.0,0.0
2003-09-04 00:00:00+09:00,3001.157015991211,3019.8558135986327,2991.8076171875,2991.8076171875,8300,0.0,0.0
2003-09-05 00:00:00+09:00,2963.75927734375,2991.807472397476,2945.0604806412657,2963.75927734375,11200,0.0,0.0
2003-09-08 00:00:00+09:00,2954.4099454365078,2973.1087425595238,2926.361749751984,2945.060546875,11200,0.0,0.0
2003-09-09 00:00:00+09:00,2926.3616839387814,3001.156870748718,2926.3616839387814,2963.75927734375,15300,0.0,0.0
2003-09-10 00:00:00+09:00,2991.8075396825398,3010.5063368055557,2945.060546875,2945.060546875,7700,0.0,0.0
2003-09-11 00:00:00+09:00,2926.361749751984,2945.060546875,2926.361749751984,2945.060546875,12300,0.0,0.0
2003-09-12 00:00:00+09:00,2954.4099454365078,2954.4099454365078,2935.7111483134922,2945.060546875,16600,0.0,0.0
2003-09-15 00:00:00+09:00,2945.060546875,2945.060546875,2945.060546875,2945.060546875,0,0.0,0.0
2003-09-16 00:00:00+09:00,2954.410055226293,3010.506448679957,2954.410055226293,2982.458251953125,12200,0.0,0.0
2003-09-17 00:00:00+09:00,3001.157192443469,3029.2053905036882,3001.157192443469,3010.506591796875,19000,0.0,0.0
2003-09-18 00:00:00+09:00,3038.5547898570944,3038.5547898570944,3001.157192443469,3010.506591796875,9500,0.0,0.0
2003-09-19 00:00:00+09:00,3047.9041205512153,3066.602918836805,3010.5065239800347,3029.205322265625,9600,0.0,0.0
2003-09-22 00:00:00+09:00,3066.602987917314,3075.9523872707205,2991.807793090062,3010.506591796875,10500,0.0,0.0
2003-09-23 00:00:00+09:00,3010.506591796875,3010.506591796875,3010.506591796875,3010.506591796875,0,0.0,0.0
2003-09-24 00:00:00+09:00,3038.554577218409,3038.554577218409,2991.807583722741,3001.156982421875,14800,0.0,0.0
2003-09-25 00:00:00+09:00,2945.0607161983366,2945.0607161983366,2814.169128811744,2898.313720703125,10000,0.0,0.0
2003-09-26 00:00:00+09:00,2851.5667180731743,2888.9643143757735,2814.1691217705757,2832.867919921875,7300,0.0,0.0
2003-09-29 00:00:00+09:00,2842.217346398305,2879.6149430614405,2758.07275390625,2758.07275390625,7100,0.0,0.0
2003-09-30 00:00:00+09:00,2851.5666168811276,2888.9642118566176,2758.072629442402,2860.916015625,13200,0.0,0.0
2003-10-01 00:00:00+09:00,2823.5183876857695,2898.313576763538,2804.819590416327,2870.265380859375,8400,0.0,0.0
2003-10-02 00:00:00+09:00,2898.313720703125,2898.313720703125,2879.6149225050403,2898.313720703125,5700,0.0,0.0
2003-10-03 00:00:00+09:00,2832.8678612342246,2991.807642227564,2832.8678612342246,2917.012451171875,6200,0.0,0.0
2003-10-06 00:00:00+09:00,2879.614813112745,2926.361806832108,2851.5666168811276,2860.916015625,8600,0.0,0.0
2003-10-07 00:00:00+09:00,2907.6629753982593,2907.6629753982593,2832.8677863204907,2870.265380859375,7900,0.0,0.0
2003-10-08 00:00:00+09:00,2879.614915300124,2898.313713451423,2832.867919921875,2832.867919921875,3700,0.0,0.0
2003-10-09 00:00:00+09:00,2832.86788619192,2888.9642799778985,2814.1690882632606,2842.21728515625,7200,0.0,0.0
2003-10-10 00:00:00+09:00,2888.9641781288174,2898.313576763538,2860.915982224654,2870.265380859375,5900,0.0,0.0
2003-10-13 00:00:00+09:00,2870.265380859375,2870.265380859375,2870.265380859375,2870.265380859375,0,0.0,0.0
2003-10-14 00:00:00+09:00,2842.2173189975247,2851.5667180731743,2832.867919921875,2832.867919921875,4800,0.0,0.0
2003-10-15 00:00:00+09:00,2814.1689453125,2842.217140780731,2814.1689453125,2814.1689453125,7400,0.0,0.0
2003-10-16 00:00:00+09:00,2814.1691217705757,2842.2173189975247,2814.1691217705757,2832.867919921875,12100,0.0,0.0
2003-10-17 00:00:00+09:00,2823.5184109793063,2842.2172084030103,2786.120816131898,2795.47021484375,14900,0.0,0.0
2003-10-20 00:00:00+09:00,2804.8195468230897,2832.8677422913206,2795.4701483336794,2814.1689453125,9000,0.0,0.0
2003-10-21 00:00:00+09:00,2814.1690801241584,2823.518479061448,2776.771484375,2776.771484375,9900,0.0,0.0
2003-10-22 00:00:00+09:00,2767.4220854377104,2804.819681186869,2758.072686500421,2776.771484375,7400,0.0,0.0
2003-10-23 00:00:00+09:00,2758.072817075503,2758.072817075503,2673.92822265625,2673.92822265625,17900,0.0,0.0
2003-10-24 00:00:00+09:00,2673.92822265625,2701.976420796001,2673.92822265625,2673.92822265625,5300,0.0,0.0
2003-10-27 00:00:00+09:00,2673.928291428257,2683.2776910486355,2655.2294921875,2655.2294921875,5100,0.0,0.0
2003-10-28 00:00:00+09:00,2664.57861328125,2673.928011924342,2636.5304173519735,2664.57861328125,4900,0.0,0.0
2003-10-29 00:00:00+09:00,2683.277622036167,2683.277622036167,2664.578823276333,2673.92822265625,5300,0.0,0.0
2003-10-30 00:00:00+09:00,2701.976352267795,2701.976352267795,2664.5787556966143,2692.626953125,5900,0.0,0.0
2003-10-31 00:00:00+09:00,2739.3738464145727,2758.0726440010203,2711.325650034901,2720.675048828125,14400,0.0,0.0
2003-11-03 00:00:00+09:00,2720.675048828125,2720.675048828125,2720.675048828125,2720.675048828125,0,0.0,0.0
2003-11-04 00:00:00+09:00,2673.92812128298,2739.3739144612346,2673.92812128298,2701.976318359375,9500,0.0,0.0
2003-11-05 00:00:00+09:00,2711.3256064967104,2711.3256064967104,2655.229214638158,2664.57861328125,5900,0.0,0.0
2003-11-06 00:00:00+09:00,2617.831719581117,2720.675108564661,2617.831719581117,2636.530517578125,14100,0.0,0.0
2003-11-07 00:00:00+09:00,2683.277622036167,2701.976420796001,2655.2294238964164,2673.92822265625,7200,0.0,0.0
2003-11-10 00:00:00+09:00,2673.928113572141,2701.976310567653,2636.530517578125,2636.530517578125,4800,0.0,0.0
2003-11-11 00:00:00+09:00,2627.181110617898,2636.5305095880685,2533.687120916193,2571.084716796875,8800,0.0,0.0
2003-11-12 00:00:00+09:00,2524.3377479810392,2524.3377479810392,2486.9401517146534,2496.28955078125,9200,0.0,0.0
2003-11-13 00:00:00+09:00,2524.3376131515224,2543.036410285978,2505.6388160170663,2533.68701171875,8300,0.0,0.0
2003-11-14 00:00:00+09:00,2533.687120916193,2636.5305095880685,2533.687120916193,2571.084716796875,11000,0.0,0.0
2003-11-17 00:00:00+09:00,2617.831730769231,2617.831730769231,2430.84375,2430.84375,6700,0.0,0.0
2003-11-18 00:00:00+09:00,2384.0967548076924,2458.891947115385,2318.6509615384616,2430.84375,9200,0.0,0.0
2003-11-19 00:00:00+09:00,2430.84384765625,2430.84384765625,2337.349853515625,2337.349853515625,6500,0.0,0.0
2003-11-20 00:00:00+09:00,2337.3498194721114,2374.747416583665,2337.3498194721114,2346.69921875,14500,0.0,0.0
2003-11-21 00:00:00+09:00,2365.39798312717,2402.7955796983506,2346.6991848415796,2356.048583984375,14400,0.0,0.0
2003-11-24 00:00:00+09:00,2356.048583984375,2356.048583984375,2356.048583984375,2356.048583984375,0,0.0,0.0
2003-11-25 00:00:00+09:00,2412.145088195801,2430.8438873291016,2384.0968894958496,2393.4462890625,11800,0.0,0.0
2003-11-26 00:00:00+09:00,2440.1933248971254,2458.8921243216246,2430.843925184876,2449.542724609375,6100,0.0,0.0
2003-11-27 00:00:00+09:00,2477.5907797795003,2496.289578117459,2421.494384765625,2421.494384765625,7500,0.0,0.0
2003-11-28 00:00:00+09:00,2421.4944578228574,2486.9402539802322,2421.4944578228574,2468.241455078125,11800,0.0,0.0
2003-12-01 00:00:00+09:00,2402.7956257370283,2477.5908203125,2384.0968270931603,2477.5908203125,5400,0.0,0.0
2003-12-02 00:00:00+09:00,2468.241524033874,2505.639122882872,2430.843925184876,2449.542724609375,12000,0.0,0.0
2003-12-03 00:00:00+09:00,2421.4943509615387,2440.193149038462,2393.4461538461537,2430.84375,15300,0.0,0.0
2003-12-04 00:00:00+09:00,2421.4944188317586,2421.4944188317586,2402.7956202307414,2412.14501953125,6600,0.0,0.0
2003-12-05 00:00:00+09:00,2421.494384765625,2421.494384765625,2393.446187258687,2421.494384765625,13100,0.0,0.0
2003-12-08 00:00:00+09:00,2402.7956202307414,2421.4944188317586,2402.7956202307414,2412.14501953125,4700,0.0,0.0
2003-12-09 00:00:00+09:00,2412.144951923077,2430.84375,2412.144951923077,2430.84375,6700,0.0,0.0
2003-12-10 00:00:00+09:00,2430.843716325431,2477.590710870151,2430.843716325431,2440.193115234375,9700,0.0,0.0
2003-12-11 00:00:00+09:00,2440.193149038462,2440.193149038462,2421.4943509615387,2430.84375,4800,0.0,0.0
2003-12-12 00:00:00+09:00,2571.0848135318397,2571.0848135318397,2440.193223024764,2477.5908203125,21200,0.0,0.0
2003-12-15 00:00:00+09:00,2561.7352074204337,2561.7352074204337,2524.3376131515224,2533.68701171875,7100,0.0,0.0
2003-12-16 00:00:00+09:00,2552.3859188565343,2617.8317116477274,2477.5907270951707,2571.084716796875,14000,0.0,0.0
2003-12-17 00:00:00+09:00,2533.68701171875,2571.0846059876617,2524.3376131515224,2533.68701171875,6000,0.0,0.0
2003-12-18 00:00:00+09:00,2561.7352074204337,2571.0846059876617,2533.68701171875,2533.68701171875,7900,0.0,0.0
2003-12-19 00:00:00+09:00,2533.6872902199075,2543.036689814815,2514.9884910300925,2524.337890625,8200,0.0,0.0
2003-12-22 00:00:00+09:00,2486.9400848048326,2533.6870788801116,2486.9400848048326,2514.98828125,6600,0.0,0.0
2003-12-23 00:00:00+09:00,2514.98828125,2514.98828125,2514.98828125,2514.98828125,0,0.0,0.0
2003-12-24 00:00:00+09:00,2468.241420990566,2477.5908203125,2449.542622346698,2477.5908203125,7500,0.0,0.0
2003-12-25 00:00:00+09:00,2440.193223024764,2496.289618956368,2440.193223024764,2477.5908203125,9700,0.0,0.0
2003-12-26 00:00:00+09:00,2468.241320254198,2505.638916015625,2468.241320254198,2505.638916015625,7600,0.0,0.0
2003-12-29 00:00:00+09:00,2524.3376131515224,2571.0846059876617,2505.6388160170663,2533.68701171875,6800,0.0,0.0
2003-12-30 00:00:00+09:00,2589.7835831974016,2589.7835831974016,2552.385986328125,2552.385986328125,2100,0.0,0.0
2003-12-31 00:00:00+09:00,2552.385986328125,2552.385986328125,2552.385986328125,2552.385986328125,0,0.0,0.0
2004-01-01 00:00:00+09:00,2552.385986328125,2552.385986328125,2552.385986328125,2552.385986328125,0,0.0,0.0
2004-01-02 00:00:00+09:00,2552.385986328125,2552.385986328125,2552.385986328125,2552.385986328125,0,0.0,0.0
2004-01-05 00:00:00+09:00,2617.831787109375,2617.831787109375,2571.0847909109934,2617.831787109375,3100,0.0,0.0
2004-01-06 00:00:00+09:00,2655.229349699733,2673.928147937055,2627.18115234375,2627.18115234375,7900,0.0,0.0
2004-01-07 00:00:00+09:00,2636.530551462411,2636.530551462411,2617.831753225089,2627.18115234375,2200,0.0,0.0
2004-01-08 00:00:00+09:00,2636.53052518112,2748.7233134866997,2636.53052518112,2701.976318359375,9100,0.0,0.0
2004-01-09 00:00:00+09:00,2701.976420796001,2701.976420796001,2664.578823276333,2673.92822265625,9000,0.0,0.0
2004-01-12 00:00:00+09:00,2673.92822265625,2673.92822265625,2673.92822265625,2673.92822265625,0,0.0,0.0
2004-01-13 00:00:00+09:00,2767.4221595612585,2888.9643490014487,2739.3739619981375,2823.5185546875,29000,0.0,0.0
2004-01-14 00:00:00+09:00,2832.8677422913206,2832.8677422913206,2758.072554376038,2814.1689453125,15500,0.0,0.0
2004-01-15 00:00:00+09:00,2804.819681186869,2832.8678779987376,2776.771484375,2776.771484375,7800,0.0,0.0
2004-01-16 00:00:00+09:00,2767.4220519609903,2795.4702484335676,2730.02445666422,2786.120849609375,9600,0.0,0.0
2004-01-19 00:00:00+09:00,2786.120917242926,2786.120917242926,2767.422119140625,2767.422119140625,6100,0.0,0.0
2004-01-20 00:00:00+09:00,2795.470290334601,2870.2654820492394,2795.470290334601,2842.21728515625,18500,0.0,0.0
2004-01-21 00:00:00+09:00,2870.2654143688724,2917.012408088235,2851.5666168811276,2860.916015625,20100,0.0,0.0
2004-01-22 00:00:00+09:00,2888.9642118566176,2898.3136106004904,2842.217218137255,2860.916015625,6500,0.0,0.0
2004-01-23 00:00:00+09:00,2888.9642799778985,2888.9642799778985,2832.86788619192,2842.21728515625,10400,0.0,0.0
2004-01-26 00:00:00+09:00,2851.566821289063,2851.566821289063,2786.121025390625,2804.81982421875,8500,0.0,0.0
2004-01-27 00:00:00+09:00,2814.1689453125,2860.9159377595515,2804.8195468230897,2814.1689453125,13000,0.0,0.0
2004-01-28 00:00:00+09:00,2804.819784359056,2814.169183640253,2748.723388671875,2748.723388671875,9500,0.0,0.0
2004-01-29 00:00:00+09:00,2748.7232452077965,2767.422042794244,2711.325650034901,2720.675048828125,9000,0.0,0.0
2004-01-30 00:00:00+09:00,2739.373779296875,2748.7231778610285,2730.024380732722,2739.373779296875,5900,0.0,0.0
2004-02-02 00:00:00+09:00,2748.7231778610285,2814.1689678101,2739.373779296875,2739.373779296875,6600,0.0,0.0
2004-02-03 00:00:00+09:00,2786.1208833122896,2786.1208833122896,2730.0244896885524,2776.771484375,6700,0.0,0.0
2004-02-04 00:00:00+09:00,2758.0726781384697,2758.0726781384697,2711.32568359375,2711.32568359375,3900,0.0,0.0
2004-02-05 00:00:00+09:00,2701.976318359375,2701.976318359375,2683.2775203084448,2701.976318359375,3100,0.0,0.0
2004-02-06 00:00:00+09:00,2720.6751505533853,2720.6751505533853,2683.2775539822046,2692.626953125,4600,0.0,0.0
2004-02-09 00:00:00+09:00,2711.325650034901,2795.4702391739156,2683.27745365523,2720.675048828125,5400,0.0,0.0
2004-02-10 00:00:00+09:00,2720.6751505533853,2758.072747124566,2692.626953125,2692.626953125,3100,0.0,0.0
2004-02-11 00:00:00+09:00,2692.626953125,2692.626953125,2692.626953125,2692.626953125,0,0.0,0.0
2004-02-12 00:00:00+09:00,2692.626953125,2730.02454969618,2692.626953125,2692.626953125,6200,0.0,0.0
2004-02-13 00:00:00+09:00,2673.92812128298,2720.675116410305,2673.92812128298,2701.976318359375,3400,0.0,0.0
2004-02-16 00:00:00+09:00,2730.024447621349,2739.3738464145727,2701.9762512416773,2720.675048828125,5800,0.0,0.0
2004-02-17 00:00:00+09:00,2730.024447621349,2739.3738464145727,2711.325650034901,2720.675048828125,8600,0.0,0.0
2004-02-18 00:00:00+09:00,2748.723354740466,2767.422153072034,2730.024556408898,2758.07275390625,6900,0.0,0.0
2004-02-19 00:00:00+09:00,2758.0726440010203,2758.0726440010203,2711.325650034901,2720.675048828125,4100,0.0,0.0
2004-02-20 00:00:00+09:00,2711.3258591743365,2758.0728567463075,2711.3258591743365,2730.024658203125,3200,0.0,0.0
2004-02-23 00:00:00+09:00,2748.7231778610285,2786.120772117641,2739.373779296875,2739.373779296875,7900,0.0,0.0
2004-02-24 00:00:00+09:00,2758.072712512165,2758.072712512165,2701.976318359375,2701.976318359375,7300,0.0,0.0
2004-02-25 00:00:00+09:00,2692.62691933391,2711.3257173848397,2692.62691933391,2701.976318359375,2100,0.0,0.0
2004-02-26 00:00:00+09:00,2711.325650034901,2730.024447621349,2711.325650034901,2720.675048828125,6700,0.0,0.0
2004-02-27 00:00:00+09:00,2758.0726440010203,2758.0726440010203,2720.675048828125,2720.675048828125,5500,0.0,0.0
2004-03-01 00:00:00+09:00,2767.4220519609903,2804.81964725776,2748.723254312605,2786.120849609375,11500,0.0,0.0
2004-03-02 00:00:00+09:00,2804.819784359056,2832.867982202647,2730.0245901094813,2748.723388671875,15200,0.0,0.0
2004-03-03 00:00:00+09:00,2758.07275390625,2786.120951403602,2739.373955574682,2758.07275390625,17900,0.0,0.0
2004-03-04 00:00:00+09:00,2758.072727316677,2851.5667180731743,2758.072727316677,2832.867919921875,25200,0.0,0.0
2004-03-05 00:00:00+09:00,2879.614949813742,2888.9643490014487,2814.1691554997933,2823.5185546875,28100,0.0,0.0
2004-03-08 00:00:00+09:00,2879.614813112745,2888.9642118566176,2851.5666168811276,2860.916015625,10900,0.0,0.0
2004-03-09 00:00:00+09:00,2870.265380859375,2879.614779494096,2851.5665835899326,2870.265380859375,12600,0.0,0.0
2004-03-10 00:00:00+09:00,2870.2654820492394,2879.6148810135687,2842.21728515625,2842.21728515625,15000,0.0,0.0
2004-03-11 00:00:00+09:00,2842.217251536885,2870.2654480981046,2823.5184538294056,2851.566650390625,5200,0.0,0.0
2004-03-12 00:00:00+09:00,2860.9159598214287,2954.4099454365078,2860.9159598214287,2945.060546875,38500,0.0,0.0
2004-03-15 00:00:00+09:00,3029.205362215909,3113.3499556107954,2973.1089666193184,3085.3017578125,45400,0.0,0.0
2004-03-16 00:00:00+09:00,3038.554577218409,3085.301570714077,3001.156982421875,3001.156982421875,19300,0.0,0.0
2004-03-17 00:00:00+09:00,3019.855855930071,3066.602850603911,3001.157058060535,3047.904052734375,11400,0.0,0.0
2004-03-18 00:00:00+09:00,3047.904189210501,3075.9523872707205,3001.157192443469,3010.506591796875,11900,0.0,0.0
2004-03-19 00:00:00+09:00,2991.8076847484276,3010.5064827781052,2926.3618916445557,2973.10888671875,16900,0.0,0.0
2004-03-22 00:00:00+09:00,2991.807583722741,3038.554577218409,2982.4581850236077,3001.156982421875,10900,0.0,0.0
2004-03-23 00:00:00+09:00,2991.807583722741,3001.156982421875,2907.662995430539,3001.156982421875,16500,0.0,0.0
2004-03-24 00:00:00+09:00,2991.8076847484276,3001.157083763266,2935.7112906593948,2973.10888671875,15200,0.0,0.0
2004-03-25 00:00:00+09:00,3019.855889423077,3075.9522836538463,2991.8076923076924,3038.5546875,20500,0.0,0.0
2004-03-26 00:00:00+09:00,3047.9041205512153,3094.651116265191,3019.8559231228296,3029.205322265625,18300,0.0,0.0
2004-03-29 00:00:00+09:00,3029.205322265625,3057.2535196940103,3010.5065239800347,3029.205322265625,6500,0.0,0.0
2004-03-30 00:00:00+09:00,3019.8558817929443,3057.2534778522995,2963.759487703911,2973.10888671875,7300,0.0,0.0
2004-03-31 00:00:00+09:00,2973.1087863244743,3010.5063811210084,2954.409988926207,3001.156982421875,5800,0.0,0.0
2004-04-01 00:00:00+09:00,3001.157152393196,3010.5065516218356,2945.0607570213606,2954.41015625,10300,0.0,0.0
2004-04-02 00:00:00+09:00,2954.410055226293,3001.157049771013,2945.060656317349,2982.458251953125,13300,0.0,0.0
2004-04-05 00:00:00+09:00,2991.807472397476,3029.2050658024446,2963.75927734375,2963.75927734375,22700,0.0,0.0
2004-04-06 00:00:00+09:00,2982.4582857335886,2991.8076847484276,2954.4100886890724,2973.10888671875,14200,0.0,0.0
2004-04-07 00:00:00+09:00,2973.1087425595238,2991.8075396825398,2926.361749751984,2945.060546875,18000,0.0,0.0
2004-04-08 00:00:00+09:00,2954.4100886890724,2973.10888671875,2935.7112906593948,2973.10888671875,20200,0.0,0.0
2004-04-09 00:00:00+09:00,2954.409878992508,2973.108675694992,2935.7110822900236,2963.75927734375,14100,0.0,0.0
2004-04-12 00:00:00+09:00,2991.807472397476,2991.807472397476,2926.3616839387814,2963.75927734375,13500,0.0,0.0
2004-04-13 00:00:00+09:00,2991.807583722741,3010.5063811210084,2973.1087863244743,3001.156982421875,24100,0.0,0.0
2004-04-14 00:00:00+09:00,2973.108853044181,3001.157049771013,2963.759454135237,2982.458251953125,14300,0.0,0.0
2004-04-15 00:00:00+09:00,2991.807607827476,2991.807607827476,2926.36181640625,2926.36181640625,24700,0.0,0.0
2004-04-16 00:00:00+09:00,2945.060613955172,2963.759411504094,2926.36181640625,2926.36181640625,20900,0.0,0.0
2004-04-19 00:00:00+09:00,2945.060604319853,2945.060604319853,2860.916015625,2860.916015625,22400,0.0,0.0
2004-04-20 00:00:00+09:00,2888.964111328125,2898.3135097466625,2870.2653144910496,2888.964111328125,9100,0.0,0.0
2004-04-21 00:00:00+09:00,2879.6147129095875,2917.012306583738,2870.2653144910496,2888.964111328125,12800,0.0,0.0
2004-04-22 00:00:00+09:00,2907.6631198021673,2926.361918000252,2898.313720703125,2898.313720703125,8100,0.0,0.0
2004-04-23 00:00:00+09:00,2898.3135097466625,2926.3617050022754,2888.964111328125,2888.964111328125,11000,0.0,0.0
2004-04-26 00:00:00+09:00,2898.3135097466625,2907.6629081652,2888.964111328125,2888.964111328125,5900,0.0,0.0
2004-04-27 00:00:00+09:00,2879.614990234375,2898.3137888722604,2860.9161915964896,2879.614990234375,8900,0.0,0.0
2004-04-28 00:00:00+09:00,2898.313576763538,2898.313576763538,2870.265380859375,2870.265380859375,9300,0.0,0.0
2004-04-29 00:00:00+09:00,2870.265380859375,2870.265380859375,2870.265380859375,2870.265380859375,0,0.0,0.0
2004-04-30 00:00:00+09:00,2870.2654480981046,2898.313644659324,2832.8678526831454,2851.566650390625,17600,0.0,0.0
2004-05-03 00:00:00+09:00,2851.566650390625,2851.566650390625,2851.566650390625,2851.566650390625,0,0.0,0.0
2004-05-04 00:00:00+09:00,2851.566650390625,2851.566650390625,2851.566650390625,2851.566650390625,0,0.0,0.0
2004-05-05 00:00:00+09:00,2851.566650390625,2851.566650390625,2851.566650390625,2851.566650390625,0,0.0,0.0
2004-05-06 00:00:00+09:00,2851.566821289063,2851.566821289063,2804.81982421875,2804.81982421875,6600,0.0,0.0
2004-05-07 00:00:00+09:00,2842.2172425545305,2842.2172425545305,2786.120849609375,2786.120849609375,10600,0.0,0.0
2004-05-10 00:00:00+09:00,2758.0726693628535,2758.0726693628535,2645.8798828125,2645.8798828125,17200,0.0,0.0
2004-05-11 00:00:00+09:00,2617.831787109375,2636.5305855887277,2589.783589390346,2617.831787109375,7500,0.0,0.0
2004-05-12 00:00:00+09:00,2711.3257173848397,2720.675116410305,2692.62691933391,2701.976318359375,4200,0.0,0.0
2004-05-13 00:00:00+09:00,2730.024689150528,2730.024689150528,2645.8800925671217,2655.2294921875,6800,0.0,0.0
2004-05-14 00:00:00+09:00,2636.530483933304,2673.9280794500883,2617.8316861749117,2645.8798828125,13100,0.0,0.0
2004-05-17 00:00:00+09:00,2636.530724566916,2636.530724566916,2571.0849264393682,2580.434326171875,11000,0.0,0.0
2004-05-18 00:00:00+09:00,2524.3378607660743,2608.482456124944,2524.3378607660743,2599.133056640625,9400,0.0,0.0
2004-05-19 00:00:00+09:00,2617.8316621026634,2720.675048828125,2617.8316621026634,2720.675048828125,4600,0.0,0.0
2004-05-20 00:00:00+09:00,2711.3257915470876,2767.4221872342687,2692.626992984694,2748.723388671875,18500,0.0,0.0
2004-05-21 00:00:00+09:00,2758.072686500421,2804.819681186869,2711.325691813973,2776.771484375,22300,0.0,0.0
2004-05-24 00:00:00+09:00,2898.313576763538,2945.0605699371436,2851.5665835899326,2870.265380859375,29200,0.0,0.0
2004-05-25 00:00:00+09:00,2917.0123740329805,2917.0123740329805,2823.5183876857695,2870.265380859375,22000,0.0,0.0
2004-05-26 00:00:00+09:00,2888.9641781288174,2888.9641781288174,2851.5665835899326,2870.265380859375,5800,0.0,0.0
2004-05-27 00:00:00+09:00,2823.5185546875,2851.566752250621,2786.1209579366723,2823.5185546875,10200,0.0,0.0
2004-05-28 00:00:00+09:00,2804.8197297127017,2898.313720703125,2804.8197297127017,2898.313720703125,13700,0.0,0.0
2004-05-31 00:00:00+09:00,2898.3137888722604,2898.3137888722604,2842.217392958604,2879.614990234375,7100,0.0,0.0
2004-06-01 00:00:00+09:00,2898.3136200828676,2926.36181640625,2888.9642213084066,2926.36181640625,12900,0.0,0.0
2004-06-02 00:00:00+09:00,2917.012476870888,2917.012476870888,2823.5184872275904,2842.21728515625,4100,0.0,0.0
2004-06-03 00:00:00+09:00,2842.2173189975247,2879.614915300124,2804.8197226949255,2832.867919921875,8300,0.0,0.0
2004-06-04 00:00:00+09:00,2795.470424804688,2832.8680224609375,2776.7716259765625,2804.81982421875,7100,0.0,0.0
2004-06-07 00:00:00+09:00,2832.86788619192,2860.9160830849096,2832.86788619192,2842.21728515625,9600,0.0,0.0
2004-06-08 00:00:00+09:00,2879.614990234375,2907.6631881912035,2860.9161915964896,2879.614990234375,16100,0.0,0.0
2004-06-09 00:00:00+09:00,2917.012559335443,2963.759555478639,2898.3137608781644,2954.41015625,33100,0.0,0.0
2004-06-10 00:00:00+09:00,2945.0607630490517,3057.253554022349,2945.0607630490517,3019.85595703125,60200,0.0,0.0
2004-06-11 00:00:00+09:00,3019.855889423077,3038.5546875,2963.759495192308,3038.5546875,49600,0.0,0.0
2004-06-14 00:00:00+09:00,3038.5546112060547,3047.904010009766,2982.4582183837892,2991.8076171875,11500,0.0,0.0
2004-06-15 00:00:00+09:00,2991.807822452229,2991.807822452229,2917.0126268909235,2935.71142578125,12500,0.0,0.0
2004-06-16 00:00:00+09:00,2954.409878992508,2973.108675694992,2917.0122855875393,2963.75927734375,11700,0.0,0.0
2004-06-17 00:00:00+09:00,2945.0608252264133,2973.109023561903,2917.0126268909235,2935.71142578125,8000,0.0,0.0
2004-06-18 00:00:00+09:00,2945.0608252264133,2954.4102246715765,2907.66322744576,2935.71142578125,11900,0.0,0.0
2004-06-21 00:00:00+09:00,2963.75927734375,3019.8556674512024,2945.0604806412657,2963.75927734375,14000,0.0,0.0
2004-06-22 00:00:00+09:00,2991.8076171875,3001.157015991211,2963.7594207763673,2991.8076171875,17400,0.0,0.0
2004-06-23 00:00:00+09:00,3001.156870748718,3001.156870748718,2963.75927734375,2963.75927734375,9100,0.0,0.0
2004-06-24 00:00:00+09:00,2963.759555478639,2991.8077531645567,2954.41015625,2954.41015625,8100,0.0,0.0
2004-06-25 00:00:00+09:00,2945.0607570213606,2982.458353935918,2926.361958564082,2954.41015625,15500,0.0,0.0
2004-06-28 00:00:00+09:00,3029.205322265625,3029.205322265625,2991.8077256944443,3029.205322265625,33300,0.0,0.0
2004-06-29 00:00:00+09:00,3019.855855930071,3047.904052734375,3001.157058060535,3047.904052734375,23200,0.0,0.0
2004-06-30 00:00:00+09:00,3038.5546875,3047.904086538462,3019.855889423077,3038.5546875,11800,0.0,0.0
2004-07-01 00:00:00+09:00,3047.904189210501,3047.904189210501,2982.458393736656,3010.506591796875,11700,0.0,0.0
2004-07-02 00:00:00+09:00,3001.1571248372393,3038.55472140842,2982.458326551649,3029.205322265625,16600,0.0,0.0
2004-07-05 00:00:00+09:00,3001.156870748718,3001.156870748718,2954.409878992508,2963.75927734375,8800,0.0,0.0
2004-07-06 00:00:00+09:00,2982.4582183837892,3019.8558135986327,2982.4582183837892,2991.8076171875,6900,0.0,0.0
2004-07-07 00:00:00+09:00,2963.759487703911,2991.8076847484276,2935.7112906593948,2973.10888671875,9400,0.0,0.0
2004-07-08 00:00:00+09:00,2991.8076847484276,2991.8076847484276,2963.759487703911,2973.10888671875,16400,0.0,0.0
2004-07-09 00:00:00+09:00,2926.3618255615233,3001.157015991211,2926.3618255615233,2991.8076171875,18000,0.0,0.0
2004-07-12 00:00:00+09:00,3001.157091346154,3066.602884615385,2982.458293269231,3038.5546875,16600,0.0,0.0
2004-07-13 00:00:00+09:00,3047.904052734375,3075.952249538679,3038.554653799607,3047.904052734375,23500,0.0,0.0
2004-07-14 00:00:00+09:00,3085.3017578125,3169.446351207386,3066.602959280303,3085.3017578125,63100,0.0,0.0
2004-07-15 00:00:00+09:00,3075.952158610026,3169.4461451939173,3075.952158610026,3141.39794921875,40900,0.0,0.0
2004-07-16 00:00:00+09:00,3085.3016233158683,3141.398016467066,3066.6028255988026,3122.69921875,17400,0.0,0.0
2004-07-19 00:00:00+09:00,3122.69921875,3122.69921875,3122.69921875,3122.69921875,0,0.0,0.0
2004-07-20 00:00:00+09:00,3085.3017238835914,3113.349921373442,3085.3017238835914,3094.651123046875,24100,0.0,0.0
2004-07-21 00:00:00+09:00,3132.048760026428,3160.096957877411,3104.0005621754453,3150.74755859375,32200,0.0,0.0
2004-07-22 00:00:00+09:00,3094.6509559268043,3141.39794921875,3094.6509559268043,3141.39794921875,17800,0.0,0.0
2004-07-23 00:00:00+09:00,3132.0487541429925,3132.0487541429925,3075.9523585464017,3085.3017578125,22000,0.0,0.0
2004-07-26 00:00:00+09:00,3122.699360742767,3160.096957877411,3038.5547671898184,3150.74755859375,29600,0.0,0.0
2004-07-27 00:00:00+09:00,3122.6994591575876,3150.747657892536,3057.253662109375,3057.253662109375,37000,0.0,0.0
2004-07-28 00:00:00+09:00,3085.3017578125,3122.6993548768937,3066.602959280303,3085.3017578125,15300,0.0,0.0
2004-07-29 00:00:00+09:00,3104.0003781202363,3104.0003781202363,3010.5063908274583,3066.602783203125,19500,0.0,0.0
2004-07-30 00:00:00+09:00,3075.952461266007,3085.301860844323,2991.807865061162,3057.253662109375,11800,0.0,0.0
2004-08-02 00:00:00+09:00,3057.253451669143,3057.253451669143,3001.157058060535,3047.904052734375,7000,0.0,0.0
2004-08-03 00:00:00+09:00,3057.253451669143,3057.253451669143,2982.4582601909988,3047.904052734375,20100,0.0,0.0
2004-08-04 00:00:00+09:00,3047.904154774574,3047.904154774574,2991.807759287926,3019.85595703125,20300,0.0,0.0
2004-08-05 00:00:00+09:00,3019.855789556736,3113.349776849514,3019.855789556736,3066.602783203125,21200,0.0,0.0
2004-08-06 00:00:00+09:00,3057.2535600142046,3094.6511570785983,3038.5547614820075,3085.3017578125,7700,0.0,0.0
2004-08-09 00:00:00+09:00,3075.9521819324027,3085.301580661681,3038.5545870152914,3066.602783203125,5600,0.0,0.0
2004-08-10 00:00:00+09:00,3075.952461266007,3075.952461266007,3047.9042625310585,3057.253662109375,4600,0.0,0.0
2004-08-11 00:00:00+09:00,3066.602783203125,3066.602783203125,3047.9039857445696,3066.602783203125,7800,0.0,0.0
2004-08-12 00:00:00+09:00,3057.253662109375,3066.603061687691,3038.5548629527425,3057.253662109375,2300,0.0,0.0
2004-08-13 00:00:00+09:00,2963.759528266059,3038.55472140842,2963.759528266059,3029.205322265625,21400,0.0,0.0
2004-08-16 00:00:00+09:00,3029.2053562790247,3029.2053562790247,2963.759561544601,3019.85595703125,7500,0.0,0.0
2004-08-17 00:00:00+09:00,3047.904086538462,3047.904086538462,3019.855889423077,3038.5546875,3400,0.0,0.0
2004-08-18 00:00:00+09:00,3038.5545870152914,3066.602783203125,3019.855789556736,3066.602783203125,7900,0.0,0.0
2004-08-19 00:00:00+09:00,3075.9522244573354,3122.69921875,3066.6028255988026,3122.69921875,7600,0.0,0.0
2004-08-20 00:00:00+09:00,3104.00048828125,3113.349887342338,3066.6028920368976,3104.00048828125,3600,0.0,0.0
2004-08-23 00:00:00+09:00,3104.000556344697,3122.6993548768937,3019.8559629498104,3085.3017578125,4100,0.0,0.0
2004-08-24 00:00:00+09:00,3085.3017578125,3085.3017578125,3038.5547614820075,3085.3017578125,2500,0.0,0.0
2004-08-25 00:00:00+09:00,3047.904160748106,3094.6511570785983,3047.904160748106,3085.3017578125,1500,0.0,0.0
2004-08-26 00:00:00+09:00,3104.00059068674,3104.00059068674,3066.6029932085867,3075.952392578125,5700,0.0,0.0
2004-08-27 00:00:00+09:00,3085.3017238835914,3104.0005222101586,3075.952324720308,3094.651123046875,3300,0.0,0.0
2004-08-30 00:00:00+09:00,3047.90419446951,3085.3017919476633,3047.90419446951,3075.952392578125,3100,0.0,0.0
2004-08-31 00:00:00+09:00,3057.2535938390483,3085.3017919476633,3047.90419446951,3075.952392578125,3700,0.0,0.0
2004-09-01 00:00:00+09:00,3085.3017919476633,3085.3017919476633,3057.2535938390483,3075.952392578125,1900,0.0,0.0
2004-09-02 00:00:00+09:00,3085.3017578125,3085.3017578125,3057.2535600142046,3085.3017578125,4100,0.0,0.0
2004-09-03 00:00:00+09:00,3085.301648473447,3094.651047408215,3047.904052734375,3047.904052734375,6600,0.0,0.0
2004-09-06 00:00:00+09:00,3057.2535263937407,3113.349921373442,2991.807732250755,3094.651123046875,8600,0.0,0.0
2004-09-07 00:00:00+09:00,3094.6510892201622,3113.349887342338,3057.2534929758094,3104.00048828125,4800,0.0,0.0
2004-09-08 00:00:00+09:00,3085.3017578125,3104.000556344697,3066.602959280303,3085.3017578125,4900,0.0,0.0
2004-09-09 00:00:00+09:00,3075.952249538679,3094.651047408215,3047.904052734375,3047.904052734375,3700,0.0,0.0
2004-09-10 00:00:00+09:00,3047.9042625310585,3057.253662109375,3038.5548629527425,3057.253662109375,18600,0.0,0.0
2004-09-13 00:00:00+09:00,3057.253662109375,3075.952461266007,3047.9042625310585,3057.253662109375,3200,0.0,0.0
2004-09-14 00:00:00+09:00,3066.602757288757,3365.783514097416,3066.602757288757,3347.084716796875,102900,0.0,0.0
2004-09-15 00:00:00+09:00,3356.4342250086324,3440.5788156077347,3178.795644854972,3384.482421875,160700,0.0,0.0
2004-09-16 00:00:00+09:00,3319.0367968476453,3393.831992269564,3281.639199136686,3337.735595703125,47500,0.0,0.0
2004-09-17 00:00:00+09:00,3412.5306871202256,3477.9764811197915,3347.0848931206597,3365.78369140625,59500,0.0,0.0
2004-09-20 00:00:00+09:00,3365.78369140625,3365.78369140625,3365.78369140625,3365.78369140625,0,0.0,0.0
2004-09-21 00:00:00+09:00,3365.783684490085,3375.1330836136685,3281.6390923778326,3300.337890625,20300,0.0,0.0
2004-09-22 00:00:00+09:00,3319.0366888721674,3347.084886242918,3272.2896932542494,3300.337890625,13100,0.0,0.0
2004-09-23 00:00:00+09:00,3300.337890625,3300.337890625,3300.337890625,3300.337890625,0,0.0,0.0
2004-09-24 00:00:00+09:00,3262.9402941306657,3300.337890625,3253.590895007082,3300.337890625,14700,0.0,0.0
2004-09-27 00:00:00+09:00,3300.3379182235053,3300.3379182235053,3206.8439262058423,3225.542724609375,11700,0.0,0.0
2004-09-28 00:00:00+09:00,3225.5426492130055,3225.5426492130055,3094.65106344784,3178.795654296875,9500,0.0,0.0
2004-09-29 00:00:00+09:00,3132.048828125,3160.097026585821,3113.3500291511195,3132.048828125,11300,0.0,0.0
2004-09-30 00:00:00+09:00,3178.795756444733,3178.795756444733,3132.048760026428,3150.74755859375,6900,0.0,0.0
2004-10-01 00:00:00+09:00,3113.3499279135076,3160.096923828125,3038.55473445012,3160.096923828125,11600,0.0,0.0
2004-10-04 00:00:00+09:00,3178.795587193896,3206.843783551489,3150.7473908363027,3197.494384765625,10200,0.0,0.0
2004-10-05 00:00:00+09:00,3234.8920560721363,3272.2896520960917,3206.8438590541696,3244.241455078125,13600,0.0,0.0
2004-10-06 00:00:00+09:00,3216.193224676724,3253.5908203125,3216.193224676724,3253.5908203125,6600,0.0,0.0
2004-10-07 00:00:00+09:00,3253.590922214674,3253.590922214674,3197.494527004076,3225.542724609375,5400,0.0,0.0
2004-10-08 00:00:00+09:00,3188.1451953409714,3234.892192340106,3188.1451953409714,3206.843994140625,5500,0.0,0.0
2004-10-11 00:00:00+09:00,3206.843994140625,3206.843994140625,3206.843994140625,3206.843994140625,0,0.0,0.0
2004-10-12 00:00:00+09:00,3206.8438084767968,3206.8438084767968,3113.349819891467,3122.69921875,6900,0.0,0.0
2004-10-13 00:00:00+09:00,3188.1451213768955,3225.5427181085893,3141.398125462278,3160.096923828125,7700,0.0,0.0
2004-10-14 00:00:00+09:00,3169.446281708867,3169.446281708867,3085.301690159074,3104.00048828125,5400,0.0,0.0
2004-10-15 00:00:00+09:00,3047.90419446951,3094.6511913172017,3038.5547950999717,3075.952392578125,7000,0.0,0.0
2004-10-18 00:00:00+09:00,3085.301580661681,3104.0003781202363,3047.9039857445696,3066.602783203125,4300,0.0,0.0
2004-10-19 00:00:00+09:00,3066.6029255570243,3104.0005222101586,3066.6029255570243,3094.651123046875,2800,0.0,0.0
2004-10-20 00:00:00+09:00,3094.6511510134483,3094.6511510134483,3001.1571585357005,3019.85595703125,5100,0.0,0.0
2004-10-21 00:00:00+09:00,3066.602884615385,3066.602884615385,3038.5546875,3038.5546875,4900,0.0,0.0
2004-10-22 00:00:00+09:00,3001.157058060535,3085.301648473447,3001.157058060535,3047.904052734375,4500,0.0,0.0
2004-10-25 00:00:00+09:00,3001.157192443469,3038.5547898570944,2907.6631989094044,3010.506591796875,7000,0.0,0.0
2004-10-26 00:00:00+09:00,3019.8559231228296,3038.55472140842,2991.8077256944443,3029.205322265625,4600,0.0,0.0
2004-10-27 00:00:00+09:00,3057.253662109375,3066.603061687691,3001.157264639478,3057.253662109375,4900,0.0,0.0
2004-10-28 00:00:00+09:00,3057.253554022349,3057.253554022349,2954.4101622968265,3019.85595703125,4300,0.0,0.0
2004-10-29 00:00:00+09:00,3019.85595703125,3019.85595703125,3001.1571585357005,3019.85595703125,4800,0.0,0.0
2004-11-01 00:00:00+09:00,2973.10906590453,3057.253662109375,2973.10906590453,3057.253662109375,7000,0.0,0.0
2004-11-02 00:00:00+09:00,3038.554653799607,3057.253451669143,3019.855855930071,3047.904052734375,3300,0.0,0.0
2004-11-03 00:00:00+09:00,3047.904052734375,3047.904052734375,3047.904052734375,3047.904052734375,0,0.0,0.0
2004-11-04 00:00:00+09:00,3057.253662109375,3085.301860844323,3057.253662109375,3057.253662109375,4200,0.0,0.0
2004-11-05 00:00:00+09:00,3085.3017238835914,3122.6993205367257,3075.952324720308,3094.651123046875,7100,0.0,0.0
2004-11-08 00:00:00+09:00,3113.349776849514,3113.349776849514,3066.602783203125,3066.602783203125,2300,0.0,0.0
2004-11-09 00:00:00+09:00,3066.602783203125,3066.602783203125,3057.2533844738473,3066.602783203125,2200,0.0,0.0
2004-11-10 00:00:00+09:00,3047.9041205512153,3085.3017171223955,3029.205322265625,3029.205322265625,2700,0.0,0.0
2004-11-11 00:00:00+09:00,3019.8556674512024,3029.2050658024446,2963.75927734375,2963.75927734375,4800,0.0,0.0
2004-11-12 00:00:00+09:00,2973.108819580078,2991.8076171875,2973.108819580078,2991.8076171875,5200,0.0,0.0
2004-11-15 00:00:00+09:00,3038.554653799607,3057.253451669143,3029.205254864839,3047.904052734375,9700,0.0,0.0
2004-11-16 00:00:00+09:00,3057.253485576923,3066.602884615385,3038.5546875,3038.5546875,5000,0.0,0.0
2004-11-17 00:00:00+09:00,3047.904154774574,3057.253554022349,3019.85595703125,3019.85595703125,5100,0.0,0.0
2004-11-18 00:00:00+09:00,3038.55472140842,3057.2535196940103,3029.205322265625,3029.205322265625,5200,0.0,0.0
2004-11-19 00:00:00+09:00,2898.313748189156,2945.06074412769,2804.819756312086,2823.5185546875,47400,0.0,0.0
2004-11-22 00:00:00+09:00,2851.5666758733164,2851.5666758733164,2748.723287563131,2776.771484375,23800,0.0,0.0
2004-11-23 00:00:00+09:00,2776.771484375,2776.771484375,2776.771484375,2776.771484375,0,0.0,0.0
2004-11-24 00:00:00+09:00,2786.1209857966624,2795.470385077859,2748.723388671875,2748.723388671875,16400,0.0,0.0
2004-11-25 00:00:00+09:00,2720.6752195558347,2720.6752195558347,2673.92822265625,2673.92822265625,21900,0.0,0.0
2004-11-26 00:00:00+09:00,2711.325538980836,2711.325538980836,2683.27734375,2683.27734375,20200,0.0,0.0
2004-11-29 00:00:00+09:00,2701.976352267795,2711.3257514105903,2692.626953125,2692.626953125,15300,0.0,0.0
2004-11-30 00:00:00+09:00,2692.626742160279,2711.325538980836,2673.927945339721,2683.27734375,15000,0.0,0.0
2004-12-01 00:00:00+09:00,2664.578714573637,2673.928113572141,2627.181118579621,2636.530517578125,12800,0.0,0.0
2004-12-02 00:00:00+09:00,2673.928291428257,2701.9764902893926,2645.8800925671217,2655.2294921875,12800,0.0,0.0
2004-12-03 00:00:00+09:00,2655.2294921875,2655.2294921875,2636.530692946743,2655.2294921875,13300,0.0,0.0
2004-12-06 00:00:00+09:00,2664.578722257515,2701.976318359375,2655.22932323205,2701.976318359375,18600,0.0,0.0
2004-12-07 00:00:00+09:00,2711.3257173848397,2711.3257173848397,2664.578722257515,2701.976318359375,17400,0.0,0.0
2004-12-08 00:00:00+09:00,2683.27734375,2683.27734375,2664.5785469294424,2683.27734375,10500,0.0,0.0
2004-12-09 00:00:00+09:00,2683.2776910486355,2683.2776910486355,2655.2294921875,2655.2294921875,7900,0.0,0.0
2004-12-10 00:00:00+09:00,2636.5306545779,2645.8800540622187,2580.4342576719873,2599.133056640625,46900,0.0,0.0
2004-12-13 00:00:00+09:00,2599.132947935675,2617.8317461222628,2552.385952469206,2561.7353515625,19200,0.0,0.0
2004-12-14 00:00:00+09:00,2571.084649812444,2599.1328459922156,2561.7352510858527,2589.783447265625,12000,0.0,0.0
2004-12-15 00:00:00+09:00,2561.7354890046295,2580.4342881944444,2524.337890625,2524.337890625,26400,0.0,0.0
2004-12-16 00:00:00+09:00,2524.3376131515224,2543.036410285978,2524.3376131515224,2533.68701171875,24000,0.0,0.0
2004-12-17 00:00:00+09:00,2552.385952469206,2580.4341497490877,2552.385952469206,2561.7353515625,14400,0.0,0.0
2004-12-20 00:00:00+09:00,2571.0849264393682,2580.434326171875,2552.3861269743547,2580.434326171875,15800,0.0,0.0
2004-12-21 00:00:00+09:00,2589.783522585605,2655.229315575133,2589.783522585605,2636.530517578125,14700,0.0,0.0
2004-12-22 00:00:00+09:00,2645.8798828125,2664.578680570892,2645.8798828125,2645.8798828125,18600,0.0,0.0
2004-12-23 00:00:00+09:00,2645.8798828125,2645.8798828125,2645.8798828125,2645.8798828125,0,0.0,0.0
2004-12-24 00:00:00+09:00,2673.92822265625,2701.976420796001,2664.578823276333,2673.92822265625,17500,0.0,0.0
2004-12-27 00:00:00+09:00,2692.626885775862,2739.373880320582,2683.277486866918,2711.32568359375,13800,0.0,0.0
2004-12-28 00:00:00+09:00,2701.976459659942,2730.024658203125,2701.976459659942,2730.024658203125,15800,0.0,0.0
2004-12-29 00:00:00+09:00,2730.024556408898,2767.422153072034,2730.024556408898,2758.07275390625,29900,0.0,0.0
2004-12-30 00:00:00+09:00,2795.470323619276,2842.2173189975247,2795.470323619276,2832.867919921875,21100,0.0,0.0
2004-12-31 00:00:00+09:00,2832.867919921875,2832.867919921875,2832.867919921875,2832.867919921875,0,0.0,0.0
2005-01-03 00:00:00+09:00,2832.867919921875,2832.867919921875,2832.867919921875,2832.867919921875,0,0.0,0.0
2005-01-04 00:00:00+09:00,2860.9160830849096,2860.9160830849096,2823.5184872275904,2842.21728515625,10000,0.0,0.0
2005-01-05 00:00:00+09:00,2832.8680224609375,2851.566821289063,2804.81982421875,2804.81982421875,24500,0.0,0.0
2005-01-06 00:00:00+09:00,2804.8197226949255,2832.867919921875,2767.422126392327,2832.867919921875,20100,0.0,0.0
2005-01-07 00:00:00+09:00,2842.217392958604,2907.6631881912035,2842.217392958604,2879.614990234375,37600,0.0,0.0
2005-01-10 00:00:00+09:00,2879.614990234375,2879.614990234375,2879.614990234375,2879.614990234375,0,0.0,0.0
2005-01-11 00:00:00+09:00,2926.361850053836,2982.458243345603,2898.3136534079526,2917.012451171875,70700,0.0,0.0
2005-01-12 00:00:00+09:00,2907.6631198021673,2935.7113170992943,2879.6149225050403,2898.313720703125,51000,0.0,0.0
2005-01-13 00:00:00+09:00,2917.012467647623,3057.253451669143,2907.663068712855,3047.904052734375,160400,0.0,0.0
2005-01-14 00:00:00+09:00,3038.5546948536335,3113.349887342338,2991.807699548193,3104.00048828125,134700,0.0,0.0
2005-01-17 00:00:00+09:00,3132.048760026428,3150.74755859375,3047.9041664734796,3150.74755859375,79800,0.0,0.0
2005-01-18 00:00:00+09:00,3197.4945068359375,3393.8318888346353,3188.145107693142,3365.78369140625,355800,0.0,0.0
2005-01-19 00:00:00+09:00,3403.1814223674787,3412.530821879477,3244.2416306635027,3262.9404296875,247900,0.0,0.0
2005-01-20 00:00:00+09:00,3178.795795941144,3225.542792940279,3113.3500001423563,3206.843994140625,102800,0.0,0.0
2005-01-21 00:00:00+09:00,3178.7956620362033,3272.2896520960917,3141.398066012248,3244.241455078125,70900,0.0,0.0
2005-01-24 00:00:00+09:00,3290.9883845899467,3543.4221527261075,3253.590789310516,3534.07275390625,564600,0.0,0.0
2005-01-25 00:00:00+09:00,3459.2777584546234,3524.723553884846,3375.1331643300514,3412.53076171875,344000,0.0,0.0
2005-01-26 00:00:00+09:00,3403.1811086984985,3403.1811086984985,3290.9883248952515,3347.084716796875,141300,0.0,0.0
2005-01-27 00:00:00+09:00,3319.036654887226,3337.735452942929,3300.337856831524,3309.687255859375,46700,0.0,0.0
2005-01-28 00:00:00+09:00,3347.084886242918,3431.22947835517,3281.6390923778326,3300.337890625,120600,0.0,0.0
2005-01-31 00:00:00+09:00,3300.337958789619,3328.386156739672,3253.5909622061963,3281.63916015625,56200,0.0,0.0
2005-02-01 00:00:00+09:00,3272.289760839565,3309.6873581063032,3206.8439656227742,3281.63916015625,38700,0.0,0.0
2005-02-02 00:00:00+09:00,3272.2897997089462,3403.181391697304,3234.892201997987,3337.735595703125,74700,0.0,0.0
2005-02-03 00:00:00+09:00,3384.482523883618,3412.530721595361,3300.3379307483897,3356.434326171875,53700,0.0,0.0
2005-02-04 00:00:00+09:00,3319.036647126036,3328.3860461320246,3197.494460048181,3244.241455078125,69300,0.0,0.0
2005-02-07 00:00:00+09:00,3206.843994140625,3225.542792940279,3178.795795941144,3206.843994140625,32400,0.0,0.0
2005-02-08 00:00:00+09:00,3234.8919799090822,3234.8919799090822,3197.494384765625,3197.494384765625,26900,0.0,0.0
2005-02-09 00:00:00+09:00,3197.4946245335823,3206.8440240205223,3122.6994286380595,3132.048828125,48100,0.0,0.0
2005-02-10 00:00:00+09:00,3085.301860844323,3141.39825831422,2991.807865061162,3057.253662109375,98500,0.0,0.0
2005-02-11 00:00:00+09:00,3057.253662109375,3057.253662109375,3057.253662109375,3057.253662109375,0,0.0,0.0
2005-02-14 00:00:00+09:00,3122.699313693576,3132.0487128363716,3019.8559231228296,3029.205322265625,88100,0.0,0.0
2005-02-15 00:00:00+09:00,3038.5547280671735,3094.651123046875,3038.5547280671735,3094.651123046875,34300,0.0,0.0
2005-02-16 00:00:00+09:00,3132.048692731379,3197.494486310841,3132.048692731379,3169.4462890625,71000,0.0,0.0
2005-02-17 00:00:00+09:00,3122.6993894258167,3150.747587534432,3075.952392578125,3075.952392578125,33700,0.0,0.0
2005-02-18 00:00:00+09:00,3066.602783203125,3104.0003781202363,3047.9039857445696,3066.602783203125,24200,0.0,0.0
2005-02-21 00:00:00+09:00,3057.2533746166764,3057.2533746166764,3001.156982421875,3001.156982421875,45900,0.0,0.0
2005-02-22 00:00:00+09:00,3019.85595703125,3057.253554022349,3010.5065577834753,3019.85595703125,35600,0.0,0.0
2005-02-23 00:00:00+09:00,2991.8076923076924,3038.5546875,2991.8076923076924,3038.5546875,21200,0.0,0.0
2005-02-24 00:00:00+09:00,3057.253451669143,3066.602850603911,3038.554653799607,3047.904052734375,16000,0.0,0.0
2005-02-25 00:00:00+09:00,3075.9523585464017,3122.6993548768937,3066.602959280303,3085.3017578125,18700,0.0,0.0
2005-02-28 00:00:00+09:00,3113.3497532435827,3169.4461451939173,3104.0003545851932,3141.39794921875,25400,0.0,0.0
2005-03-01 00:00:00+09:00,3150.747524645202,3178.795722193972,3141.398125462278,3160.096923828125,20900,0.0,0.0
2005-03-02 00:00:00+09:00,3206.8440240205223,3234.892222481343,3132.048828125,3132.048828125,59100,0.0,0.0
2005-03-03 00:00:00+09:00,3150.7474835866906,3150.7474835866906,3075.952291097986,3104.00048828125,76000,0.0,0.0
2005-03-04 00:00:00+09:00,3113.3499556107954,3132.0487541429925,3085.3017578125,3085.3017578125,35700,0.0,0.0
2005-03-07 00:00:00+09:00,3178.7958640716643,3216.1934624725072,3160.0970648712428,3188.145263671875,59200,0.0,0.0
2005-03-08 00:00:00+09:00,3188.1451146797112,3197.494513842995,3094.651123046875,3094.651123046875,48300,0.0,0.0
2005-03-09 00:00:00+09:00,3113.3500291511195,3160.097026585821,3094.6512301772386,3132.048828125,37700,0.0,0.0
2005-03-10 00:00:00+09:00,3132.0488970415727,3150.7476964268953,3104.000697963588,3113.35009765625,40000,0.0,0.0
2005-03-11 00:00:00+09:00,3132.0485505603606,3141.39794921875,3122.6991519019716,3141.39794921875,37100,0.0,0.0
2005-03-14 00:00:00+09:00,3160.096746535528,3216.193138485863,3141.39794921875,3141.39794921875,49100,0.0,0.0
2005-03-15 00:00:00+09:00,3197.4944096182635,3206.8438084767968,3113.349819891467,3122.69921875,52500,0.0,0.0
2005-03-16 00:00:00+09:00,3132.0485505603606,3160.096746535528,3122.6991519019716,3141.39794921875,28500,0.0,0.0
2005-03-17 00:00:00+09:00,3132.0488970415727,3141.398296734234,3113.35009765625,3113.35009765625,29700,0.0,0.0
2005-03-18 00:00:00+09:00,3141.3981593100893,3160.096957877411,3113.349961459106,3150.74755859375,20400,0.0,0.0
2005-03-21 00:00:00+09:00,3150.74755859375,3150.74755859375,3150.74755859375,3150.74755859375,0,0.0,0.0
2005-03-22 00:00:00+09:00,3160.0968563304227,3197.4944522633273,3150.747457347197,3178.795654296875,33400,0.0,0.0
2005-03-23 00:00:00+09:00,3178.795722193972,3178.795722193972,3132.0487262793545,3160.096923828125,27600,0.0,0.0
2005-03-24 00:00:00+09:00,3169.4464260727614,3178.7958255597014,3132.048828125,3132.048828125,28500,0.0,0.0
2005-03-25 00:00:00+09:00,3132.0485505603606,3141.39794921875,3113.3497532435827,3141.39794921875,32400,0.0,0.0
2005-03-28 00:00:00+09:00,3010.5063908274583,3085.301580661681,2991.8075933689024,3066.602783203125,21800,0.0,0.0
2005-03-29 00:00:00+09:00,3066.602918836805,3085.3017171223955,3010.5065239800347,3029.205322265625,19000,0.0,0.0
2005-03-30 00:00:00+09:00,3010.5064399914863,3019.8558388734473,2898.3136534079526,2917.012451171875,22400,0.0,0.0
2005-03-31 00:00:00+09:00,3001.157091346154,3038.5546875,2926.3618990384616,3038.5546875,28600,0.0,0.0
2005-04-01 00:00:00+09:00,2945.0606231689453,2991.8076171875,2935.7112243652346,2991.8076171875,23900,0.0,0.0
2005-04-04 00:00:00+09:00,2973.109036847015,3150.7476270988805,2973.109036847015,3132.048828125,66400,0.0,0.0
2005-04-05 00:00:00+09:00,3141.39794921875,3169.4461451939173,3113.3497532435827,3141.39794921875,62000,0.0,0.0
2005-04-06 00:00:00+09:00,3160.096746535528,3160.096746535528,3122.6991519019716,3141.39794921875,24900,0.0,0.0
2005-04-07 00:00:00+09:00,3150.7476270988805,3150.7476270988805,3104.000629664179,3132.048828125,23500,0.0,0.0
2005-04-08 00:00:00+09:00,3141.398125462278,3160.096923828125,3132.0487262793545,3160.096923828125,28200,0.0,0.0
2005-04-11 00:00:00+09:00,3169.4463230110487,3169.4463230110487,3122.6993270964313,3160.096923828125,26000,0.0,0.0
2005-04-12 00:00:00+09:00,3113.3499556107954,3141.398153409091,3085.3017578125,3085.3017578125,16100,0.0,0.0
2005-04-13 00:00:00+09:00,3104.0006600009556,3113.3500595792716,3038.5548629527425,3057.253662109375,19000,0.0,0.0
2005-04-14 00:00:00+09:00,3038.55472140842,3038.55472140842,3001.1571248372393,3029.205322265625,10000,0.0,0.0
2005-04-15 00:00:00+09:00,3029.205212402344,3029.205212402344,2954.4100219726565,2991.8076171875,17200,0.0,0.0
2005-04-18 00:00:00+09:00,2879.614779494096,2926.3617726677016,2851.5665835899326,2870.265380859375,30300,0.0,0.0
2005-04-19 00:00:00+09:00,2898.3135097466625,2935.711103420813,2888.964111328125,2888.964111328125,20600,0.0,0.0
2005-04-20 00:00:00+09:00,2963.759343998016,2982.458141121032,2917.0123511904762,2945.060546875,16100,0.0,0.0
2005-04-21 00:00:00+09:00,2926.361918000252,2926.361918000252,2870.265523405998,2898.313720703125,17900,0.0,0.0
2005-04-22 00:00:00+09:00,2935.7111483134922,2963.759343998016,2907.6629526289685,2945.060546875,10600,0.0,0.0
2005-04-25 00:00:00+09:00,2945.0608252264133,2982.4584230070664,2926.3620263360867,2935.71142578125,8900,0.0,0.0
2005-04-26 00:00:00+09:00,2935.7112829079583,2945.060681898111,2907.6630859375,2907.6630859375,6300,0.0,0.0
2005-04-27 00:00:00+09:00,2907.66322744576,2935.71142578125,2907.66322744576,2935.71142578125,5800,0.0,0.0
2005-04-28 00:00:00+09:00,2907.66322744576,2935.71142578125,2907.66322744576,2935.71142578125,7800,0.0,0.0
2005-04-29 00:00:00+09:00,2935.71142578125,2935.71142578125,2935.71142578125,2935.71142578125,0,0.0,0.0
2005-05-02 00:00:00+09:00,2945.060546875,2945.060546875,2907.6629526289685,2945.060546875,7400,0.0,0.0
2005-05-03 00:00:00+09:00,2945.060546875,2945.060546875,2945.060546875,2945.060546875,0,0.0,0.0
2005-05-04 00:00:00+09:00,2945.060546875,2945.060546875,2945.060546875,2945.060546875,0,0.0,0.0
2005-05-05 00:00:00+09:00,2945.060546875,2945.060546875,2945.060546875,2945.060546875,0,0.0,0.0
2005-05-06 00:00:00+09:00,2963.7594207763673,3029.205212402344,2963.7594207763673,2991.8076171875,7900,0.0,0.0
2005-05-09 00:00:00+09:00,3001.157049771013,3010.506448679957,2935.7112574084053,2982.458251953125,13000,0.0,0.0
2005-05-10 00:00:00+09:00,2982.4581850236077,3001.156982421875,2954.409988926207,3001.156982421875,8100,0.0,0.0
2005-05-11 00:00:00+09:00,2991.8075396825398,2991.8075396825398,2945.060546875,2945.060546875,9700,0.0,0.0
2005-05-12 00:00:00+09:00,2963.75962411674,2963.75962411674,2935.71142578125,2935.71142578125,8700,0.0,0.0
2005-05-13 00:00:00+09:00,2926.3618839178052,2954.4100808882636,2898.3136869473474,2907.6630859375,15100,0.0,0.0
2005-05-16 00:00:00+09:00,2907.6631881912035,2926.361986829089,2879.614990234375,2879.614990234375,11200,0.0,0.0
2005-05-17 00:00:00+09:00,2888.9643143757735,2898.313713451423,2823.5185208462253,2832.867919921875,17000,0.0,0.0
2005-05-18 00:00:00+09:00,2860.916015625,2879.614813112745,2832.8678193933824,2860.916015625,9500,0.0,0.0
2005-05-19 00:00:00+09:00,2898.3135097466625,2898.3135097466625,2860.915916072512,2888.964111328125,6400,0.0,0.0
2005-05-20 00:00:00+09:00,2888.964245805584,2888.964245805584,2832.8678526831454,2851.566650390625,10800,0.0,0.0
2005-05-23 00:00:00+09:00,2832.86788619192,2851.56668412058,2823.5184872275904,2842.21728515625,14100,0.0,0.0
2005-05-24 00:00:00+09:00,2851.566752250621,2851.566752250621,2823.5185546875,2823.5185546875,9400,0.0,0.0
2005-05-25 00:00:00+09:00,2823.5185480667374,2823.5185480667374,2730.024556408898,2758.07275390625,19000,0.0,0.0
2005-05-26 00:00:00+09:00,2776.7715522378176,2786.120951403602,2739.373955574682,2758.07275390625,8200,0.0,0.0
2005-05-27 00:00:00+09:00,2786.1208833122896,2786.1208833122896,2739.373888625842,2776.771484375,7900,0.0,0.0
2005-05-30 00:00:00+09:00,2804.8195468230897,2832.8677422913206,2795.4701483336794,2814.1689453125,5500,0.0,0.0
2005-05-31 00:00:00+09:00,2814.169054975666,2851.566650390625,2804.819656121926,2851.566650390625,5400,0.0,0.0
2005-06-01 00:00:00+09:00,2860.916015625,2860.916015625,2832.8678193933824,2860.916015625,8700,0.0,0.0
2005-06-02 00:00:00+09:00,2879.6148556440303,2982.458243345603,2870.2654567620693,2917.012451171875,24200,0.0,0.0
2005-06-03 00:00:00+09:00,2898.313799555998,3010.506591796875,2898.313799555998,3010.506591796875,18700,0.0,0.0
2005-06-06 00:00:00+09:00,2963.759454135237,3010.506448679957,2963.759454135237,2982.458251953125,7700,0.0,0.0
2005-06-07 00:00:00+09:00,3001.1571585357005,3047.904154774574,3001.1571585357005,3019.85595703125,17200,0.0,0.0
2005-06-08 00:00:00+09:00,3029.2053905036882,3029.2053905036882,3001.157192443469,3010.506591796875,9100,0.0,0.0
2005-06-09 00:00:00+09:00,3010.5063811210084,3038.554577218409,2982.4581850236077,3001.156982421875,5500,0.0,0.0
2005-06-10 00:00:00+09:00,2973.10888671875,3010.5064827781052,2954.4100886890724,2973.10888671875,15800,0.0,0.0
2005-06-13 00:00:00+09:00,2963.75927734375,2991.807472397476,2954.409878992508,2963.75927734375,6200,0.0,0.0
2005-06-14 00:00:00+09:00,2982.458141121032,2982.458141121032,2945.060546875,2945.060546875,3900,0.0,0.0
2005-06-15 00:00:00+09:00,2973.1087863244743,3001.156982421875,2963.7593876253404,3001.156982421875,7400,0.0,0.0
2005-06-16 00:00:00+09:00,3001.157152393196,3038.554749307753,2954.41015625,2954.41015625,19900,0.0,0.0
2005-06-17 00:00:00+09:00,3001.156870748718,3001.156870748718,2954.409878992508,2963.75927734375,7100,0.0,0.0
2005-06-20 00:00:00+09:00,2991.8076847484276,2991.8076847484276,2973.10888671875,2973.10888671875,4300,0.0,0.0
2005-06-21 00:00:00+09:00,2982.458353935918,2982.458353935918,2926.361958564082,2954.41015625,4400,0.0,0.0
2005-06-22 00:00:00+09:00,2963.759555478639,2973.1089547072784,2935.7113577927216,2954.41015625,6200,0.0,0.0
2005-06-23 00:00:00+09:00,2935.71142578125,2954.4102246715765,2926.3620263360867,2935.71142578125,4400,0.0,0.0
2005-06-24 00:00:00+09:00,2926.36181640625,2926.36181640625,2898.3136200828676,2926.36181640625,9700,0.0,0.0
2005-06-27 00:00:00+09:00,2963.7594455816807,2991.807642227564,2907.6630522899136,2917.012451171875,15700,0.0,0.0
2005-06-28 00:00:00+09:00,2935.711215180711,2945.060613955172,2907.6630188573286,2926.36181640625,8200,0.0,0.0
2005-06-29 00:00:00+09:00,2963.759555478639,2963.759555478639,2935.7113577927216,2954.41015625,8100,0.0,0.0
2005-06-30 00:00:00+09:00,2954.4099454365078,2963.759343998016,2935.7111483134922,2945.060546875,10100,0.0,0.0
2005-07-01 00:00:00+09:00,2945.0604806412657,2963.75927734375,2935.7110822900236,2963.75927734375,6500,0.0,0.0
2005-07-04 00:00:00+09:00,2982.4581850236077,3010.5063811210084,2982.4581850236077,3001.156982421875,13100,0.0,0.0
2005-07-05 00:00:00+09:00,3001.157015991211,3029.205212402344,2982.4582183837892,2991.8076171875,11200,0.0,0.0
2005-07-06 00:00:00+09:00,3001.157192443469,3029.2053905036882,2982.458393736656,3010.506591796875,12600,0.0,0.0
2005-07-07 00:00:00+09:00,3010.5062690999603,3019.8556674512024,2954.409878992508,2963.75927734375,15500,0.0,0.0
2005-07-08 00:00:00+09:00,2954.4100466997193,2973.1088444636416,2917.012451171875,2917.012451171875,20800,0.0,0.0
2005-07-11 00:00:00+09:00,2954.4099454365078,2982.458141121032,2945.060546875,2945.060546875,8600,0.0,0.0
2005-07-12 00:00:00+09:00,2945.0607570213606,2954.41015625,2945.0607570213606,2954.41015625,3800,0.0,0.0
2005-07-13 00:00:00+09:00,2954.410012729633,2954.410012729633,2907.6630188573286,2926.36181640625,11400,0.0,0.0
2005-07-14 00:00:00+09:00,2954.4100886890724,2991.8076847484276,2926.3618916445557,2973.10888671875,20200,0.0,0.0
2005-07-15 00:00:00+09:00,2991.8076171875,3010.506414794922,2991.8076171875,2991.8076171875,20900,0.0,0.0
2005-07-18 00:00:00+09:00,2991.8076171875,2991.8076171875,2991.8076171875,2991.8076171875,0,0.0,0.0
2005-07-19 00:00:00+09:00,2982.458251953125,2991.807650862069,2963.759454135237,2982.458251953125,16400,0.0,0.0
2005-07-20 00:00:00+09:00,2973.10888671875,2982.4582857335886,2935.7112906593948,2973.10888671875,19700,0.0,0.0
2005-07-21 00:00:00+09:00,2954.41015625,2973.1089547072784,2945.0607570213606,2954.41015625,27000,0.0,0.0
2005-07-22 00:00:00+09:00,2935.711215180711,2954.410012729633,2926.36181640625,2926.36181640625,21800,0.0,0.0
2005-07-25 00:00:00+09:00,2926.3616839387814,2973.108675694992,2926.3616839387814,2963.75927734375,23800,0.0,0.0
2005-07-26 00:00:00+09:00,2963.759343998016,2963.759343998016,2917.0123511904762,2945.060546875,19200,0.0,0.0
2005-07-27 00:00:00+09:00,2945.0607570213606,2963.759555478639,2935.7113577927216,2954.41015625,20400,0.0,0.0
2005-07-28 00:00:00+09:00,2963.75927734375,2973.108675694992,2945.0604806412657,2963.75927734375,13900,0.0,0.0
2005-07-29 00:00:00+09:00,2973.10888671875,2982.4582857335886,2963.759487703911,2973.10888671875,10800,0.0,0.0
2005-08-01 00:00:00+09:00,2982.4581850236077,3010.5063811210084,2973.1087863244743,3001.156982421875,18600,0.0,0.0
2005-08-02 00:00:00+09:00,3001.157083763266,3001.157083763266,2963.759487703911,2973.10888671875,15900,0.0,0.0
2005-08-03 00:00:00+09:00,2973.1089547072784,2982.458353935918,2945.0607570213606,2954.41015625,15900,0.0,0.0
2005-08-04 00:00:00+09:00,2954.41015625,2963.759555478639,2945.0607570213606,2954.41015625,10200,0.0,0.0
2005-08-05 00:00:00+09:00,2945.0608252264133,2973.109023561903,2926.3620263360867,2935.71142578125,22800,0.0,0.0
2005-08-08 00:00:00+09:00,2907.6630188573286,2935.711215180711,2851.5666262105633,2926.36181640625,18400,0.0,0.0
2005-08-09 00:00:00+09:00,2935.7110822900236,2982.4580740462343,2926.3616839387814,2963.75927734375,8200,0.0,0.0
2005-08-10 00:00:00+09:00,2973.1087863244743,3010.5063811210084,2963.7593876253404,3001.156982421875,12300,0.0,0.0
2005-08-11 00:00:00+09:00,3010.506591796875,3019.8559911502816,2982.458393736656,3010.506591796875,13200,0.0,0.0
2005-08-12 00:00:00+09:00,3029.2052884615387,3094.6510817307694,3010.5064903846155,3038.5546875,37800,0.0,0.0
2005-08-15 00:00:00+09:00,3057.2535263937407,3113.349921373442,3057.2535263937407,3094.651123046875,24600,0.0,0.0
2005-08-16 00:00:00+09:00,3104.000556344697,3113.3499556107954,3075.9523585464017,3085.3017578125,19000,0.0,0.0
2005-08-17 00:00:00+09:00,3066.6028076171874,3075.9522064208986,2991.8076171875,2991.8076171875,27700,0.0,0.0
2005-08-18 00:00:00+09:00,3029.2053562790247,3038.5547555267995,3010.5065577834753,3019.85595703125,10300,0.0,0.0
2005-08-19 00:00:00+09:00,3066.602850603911,3075.952249538679,3029.205254864839,3047.904052734375,21500,0.0,0.0
2005-08-22 00:00:00+09:00,3029.2052957925453,3122.6992864034264,3029.2052957925453,3104.00048828125,38000,0.0,0.0
2005-08-23 00:00:00+09:00,3113.3499556107954,3113.3499556107954,3075.9523585464017,3085.3017578125,15500,0.0,0.0
2005-08-24 00:00:00+09:00,3066.602884615385,3066.602884615385,3029.2052884615387,3038.5546875,19000,0.0,0.0
2005-08-25 00:00:00+09:00,3029.2052884615387,3057.253485576923,3019.855889423077,3038.5546875,9200,0.0,0.0
2005-08-26 00:00:00+09:00,3029.2052884615387,3057.253485576923,3029.2052884615387,3038.5546875,8600,0.0,0.0
2005-08-29 00:00:00+09:00,3066.602959280303,3094.6511570785983,3057.2535600142046,3085.3017578125,46000,0.0,0.0
2005-08-30 00:00:00+09:00,3085.3017578125,3104.000556344697,3075.9523585464017,3085.3017578125,15100,0.0,0.0
2005-08-31 00:00:00+09:00,3094.651123046875,3094.651123046875,3038.5547280671735,3094.651123046875,18900,0.0,0.0
2005-09-01 00:00:00+09:00,3075.9523585464017,3104.000556344697,3075.9523585464017,3085.3017578125,27600,0.0,0.0
2005-09-02 00:00:00+09:00,3075.952431203358,3141.3982276119405,3075.952431203358,3132.048828125,41600,0.0,0.0
2005-09-05 00:00:00+09:00,3150.7473908363027,3197.494384765625,3141.3979920504385,3197.494384765625,32400,0.0,0.0
2005-09-06 00:00:00+09:00,3206.843783551489,3216.193182337354,3178.795587193896,3197.494384765625,44300,0.0,0.0
2005-09-07 00:00:00+09:00,3225.5427586755086,3253.590956577035,3197.4945607739824,3216.193359375,47900,0.0,0.0
2005-09-08 00:00:00+09:00,3197.494594740798,3225.542792940279,3178.795795941144,3206.843994140625,25000,0.0,0.0
2005-09-09 00:00:00+09:00,3225.542690740155,3234.89208984375,3216.193291636561,3234.89208984375,45200,0.0,0.0
2005-09-12 00:00:00+09:00,3206.8439262058423,3244.2415230129077,3206.8439262058423,3225.542724609375,20700,0.0,0.0
2005-09-13 00:00:00+09:00,3225.5426570661475,3244.241455078125,3225.5426570661475,3244.241455078125,16300,0.0,0.0
2005-09-14 00:00:00+09:00,3206.843783551489,3234.8919799090822,3188.1449859797603,3197.494384765625,35900,0.0,0.0
2005-09-15 00:00:00+09:00,3178.7956620362033,3244.241455078125,3178.7956620362033,3244.241455078125,23200,0.0,0.0
2005-09-16 00:00:00+09:00,3206.843892532966,3234.89208984375,3206.843892532966,3234.89208984375,33600,0.0,0.0
2005-09-19 00:00:00+09:00,3234.89208984375,3234.89208984375,3234.89208984375,3234.89208984375,0,0.0,0.0
2005-09-20 00:00:00+09:00,3234.8922311515043,3262.9404296875,3206.8440326155087,3262.9404296875,30300,0.0,0.0
2005-09-21 00:00:00+09:00,3262.9403615228807,3281.63916015625,3244.241562889512,3281.63916015625,28300,0.0,0.0
2005-09-22 00:00:00+09:00,3272.2898291994984,3272.2898291994984,3244.2416306635027,3262.9404296875,33300,0.0,0.0
2005-09-23 00:00:00+09:00,3262.9404296875,3262.9404296875,3262.9404296875,3262.9404296875,0,0.0,0.0
2005-09-26 00:00:00+09:00,3281.6389921381233,3337.7353851661255,3262.9401944621227,3328.385986328125,35600,0.0,0.0
2005-09-27 00:00:00+09:00,3319.0367574229876,3319.0367574229876,3281.63916015625,3281.63916015625,25500,0.0,0.0
2005-09-28 00:00:00+09:00,3272.28955078125,3290.988348214286,3262.940152064732,3272.28955078125,22400,0.0,0.0
2005-09-29 00:00:00+09:00,3272.289618130388,3290.988415948276,3253.5908203125,3253.5908203125,28800,0.0,0.0
2005-09-30 00:00:00+09:00,3262.940314840283,3262.940314840283,3104.0005287305844,3160.096923828125,80600,0.0,0.0
2005-10-03 00:00:00+09:00,3132.0487262793545,3160.096923828125,3113.3499279135076,3160.096923828125,19300,0.0,0.0
2005-10-04 00:00:00+09:00,3132.0485505603606,3150.747347877139,3113.3497532435827,3141.39794921875,27600,0.0,0.0
2005-10-05 00:00:00+09:00,3188.145053280101,3197.4944522633273,3132.0486593807445,3178.795654296875,38800,0.0,0.0
2005-10-06 00:00:00+09:00,3132.048760026428,3150.74755859375,3113.349961459106,3150.74755859375,50000,0.0,0.0
2005-10-07 00:00:00+09:00,3150.747415325599,3150.747415325599,3122.69921875,3122.69921875,27300,0.0,0.0
2005-10-10 00:00:00+09:00,3122.69921875,3122.69921875,3122.69921875,3122.69921875,0,0.0,0.0
2005-10-11 00:00:00+09:00,3132.0488970415727,3141.398296734234,3094.651298270927,3113.35009765625,20300,0.0,0.0
2005-10-12 00:00:00+09:00,3122.6994286380595,3160.097026585821,3104.000629664179,3132.048828125,24100,0.0,0.0
2005-10-13 00:00:00+09:00,3113.35009765625,3141.398296734234,3066.603099192943,3113.35009765625,37100,0.0,0.0
2005-10-14 00:00:00+09:00,3113.3499556107954,3113.3499556107954,3085.3017578125,3085.3017578125,14500,0.0,0.0
2005-10-17 00:00:00+09:00,3122.6992864034264,3122.6992864034264,3085.301690159074,3104.00048828125,20900,0.0,0.0
2005-10-18 00:00:00+09:00,3094.6511570785983,3113.3499556107954,3038.5547614820075,3085.3017578125,29600,0.0,0.0
2005-10-19 00:00:00+09:00,3094.6511295476607,3169.4463230110487,3057.253532815967,3160.096923828125,49500,0.0,0.0
2005-10-20 00:00:00+09:00,3169.4461451939173,3169.4461451939173,3122.6991519019716,3141.39794921875,36800,0.0,0.0
2005-10-21 00:00:00+09:00,3094.651267669767,3197.4946632720857,3094.651267669767,3188.145263671875,19200,0.0,0.0
2005-10-24 00:00:00+09:00,3197.494594740798,3244.2415917399326,3169.4463965413174,3206.843994140625,24900,0.0,0.0
2005-10-25 00:00:00+09:00,3188.1452335915114,3281.6392287114973,3188.1452335915114,3262.9404296875,31400,0.0,0.0
2005-10-26 00:00:00+09:00,3272.2896597479694,3328.386053915078,3244.2414626644154,3309.687255859375,42500,0.0,0.0
2005-10-27 00:00:00+09:00,3319.0367230502043,3337.7355214899235,3272.2897269509053,3290.988525390625,29400,0.0,0.0
2005-10-28 00:00:00+09:00,3309.6873688998285,3440.578959760274,3309.6873688998285,3412.53076171875,77100,0.0,0.0
2005-10-31 00:00:00+09:00,3132.0486344962283,3281.639017039332,3132.0486344962283,3253.5908203125,150100,0.0,0.0
2005-11-01 00:00:00+09:00,3216.1932655808614,3356.434250998632,3216.1932655808614,3309.687255859375,36500,0.0,0.0
2005-11-02 00:00:00+09:00,3300.337958789619,3309.6873581063032,3262.9403615228807,3281.63916015625,52700,0.0,0.0
2005-11-03 00:00:00+09:00,3281.63916015625,3281.63916015625,3281.63916015625,3281.63916015625,52700,0.0,0.0
2005-11-04 00:00:00+09:00,3290.9885594729344,3309.6873581063032,3272.289760839565,3281.63916015625,40600,0.0,0.0
2005-11-07 00:00:00+09:00,3384.482463007388,3440.578857421875,3337.735467661982,3440.578857421875,74200,0.0,0.0
2005-11-08 00:00:00+09:00,3580.8200201125373,3992.193599446615,3552.7718215215773,3926.747802734375,440000,0.0,0.0
2005-11-09 00:00:00+09:00,3833.253518744242,3842.602917570447,3702.361935177365,3805.205322265625,156000,0.0,0.0
2005-11-10 00:00:00+09:00,3814.5550808376734,4160.4828700312855,3814.5550808376734,4038.940673828125,284600,0.0,0.0
2005-11-11 00:00:00+09:00,4085.6873151583013,4291.374090749795,4076.337916267779,4272.67529296875,273900,0.0,0.0
2005-11-14 00:00:00+09:00,4291.373933935845,4627.95228169552,4216.578745544806,4590.5546875,312800,0.0,0.0
2005-11-15 00:00:00+09:00,4450.314260977286,4459.663660685221,4020.2418744122538,4038.940673828125,365100,0.0,0.0
2005-11-16 00:00:00+09:00,3898.699456340511,3954.79585139577,3674.313876119474,3833.253662109375,400700,0.0,0.0
2005-11-17 00:00:00+09:00,4020.2415223879234,4085.6873146128432,3926.747533495181,4001.542724609375,149400,0.0,0.0
2005-11-18 00:00:00+09:00,3973.4945449644374,3992.1933428230936,3795.8559653072034,3861.3017578125,112600,0.0,0.0
2005-11-21 00:00:00+09:00,3936.097018276688,3936.097018276688,3842.60302734375,3842.60302734375,49800,0.0,0.0
2005-11-22 00:00:00+09:00,3842.602893213479,3908.0486845820783,3842.602893213479,3880.00048828125,62900,0.0,0.0
2005-11-23 00:00:00+09:00,3880.00048828125,3880.00048828125,3880.00048828125,3880.00048828125,0,0.0,0.0
2005-11-24 00:00:00+09:00,3889.350022810219,3917.3982200901,3814.5548300638684,3842.60302734375,48900,0.0,0.0
2005-11-25 00:00:00+09:00,3833.253662109375,3851.9524604611283,3749.1090695264866,3833.253662109375,64300,0.0,0.0
2005-11-28 00:00:00+09:00,3880.0005556711562,3880.0005556711562,3786.5065663778755,3861.3017578125,47900,0.0,0.0
2005-11-29 00:00:00+09:00,3842.6030343525717,3917.398227235347,3833.253635242225,3908.048828125,47800,0.0,0.0
2005-11-30 00:00:00+09:00,3926.747700576241,4057.6392905954494,3926.747700576241,3954.7958984375,122300,0.0,0.0
2005-12-01 00:00:00+09:00,4029.5908633304134,4141.783648388337,4001.5426670659326,4085.687255859375,64500,0.0,0.0
2005-12-02 00:00:00+09:00,4113.735418450342,4151.133013163527,4066.988425058861,4095.03662109375,47400,0.0,0.0
2005-12-05 00:00:00+09:00,4141.783708501436,4422.265675217109,4123.084910720391,4272.67529296875,153100,0.0,0.0
2005-12-06 00:00:00+09:00,4347.470537042942,4347.470537042942,4076.337965915533,4123.0849609375,108200,0.0,0.0
2005-12-07 00:00:00+09:00,4076.337626689189,4253.976192989865,4066.9882284628375,4151.1328125,52500,0.0,0.0
2005-12-08 00:00:00+09:00,4160.482583695692,4169.831982760176,4029.590996792906,4048.289794921875,36200,0.0,0.0
2005-12-09 00:00:00+09:00,4095.0366971465855,4141.78369140625,4066.988500590787,4141.78369140625,36000,0.0,0.0
2005-12-12 00:00:00+09:00,4216.578778128339,4422.265547793136,4188.530582264957,4375.5185546875,69800,0.0,0.0
2005-12-13 00:00:00+09:00,4403.567177058766,4459.66357421875,4319.4225813187895,4459.66357421875,86300,0.0,0.0
2005-12-14 00:00:00+09:00,4553.157785307101,4740.145784703697,4487.711985518293,4599.90478515625,134600,0.0,0.0
2005-12-15 00:00:00+09:00,4562.506537828947,4599.904132401316,4412.9161595394735,4440.96435546875,108800,0.0,0.0
2005-12-16 00:00:00+09:00,4412.916361273987,4581.2055445429105,4347.470567780517,4384.8681640625,59300,0.0,0.0
2005-12-19 00:00:00+09:00,4375.518974401595,4440.96477102726,4366.169574883644,4394.2177734375,35200,0.0,0.0
2005-12-20 00:00:00+09:00,4440.964627316984,4469.012824963196,4366.16943359375,4366.16943359375,25500,0.0,0.0
2005-12-21 00:00:00+09:00,4366.169222983168,4422.265615569676,4347.470425454332,4356.81982421875,33200,0.0,0.0
2005-12-22 00:00:00+09:00,4356.819533372962,4366.168931513247,4244.626755689538,4300.72314453125,36600,0.0,0.0
2005-12-23 00:00:00+09:00,4300.72314453125,4300.72314453125,4300.72314453125,4300.72314453125,0,0.0,0.0
2005-12-26 00:00:00+09:00,4319.422424720613,4366.169420659147,4225.928432843543,4235.27783203125,35600,0.0,0.0
2005-12-27 00:00:00+09:00,4235.27769740666,4338.121085202407,4216.578899625615,4272.67529296875,46600,0.0,0.0
2005-12-28 00:00:00+09:00,4347.470703125,4394.217699932796,4282.024907594086,4347.470703125,32600,0.0,0.0
2005-12-29 00:00:00+09:00,4384.868439448888,4384.868439448888,4291.374442872153,4310.0732421875,32500,0.0,0.0
2005-12-30 00:00:00+09:00,4282.025040008948,4300.723839310297,4225.928642104901,4244.62744140625,19000,0.0,0.0
2006-01-02 00:00:00+09:00,4244.62744140625,4244.62744140625,4244.62744140625,4244.62744140625,0,0.0,0.0
2006-01-03 00:00:00+09:00,4244.62744140625,4244.62744140625,4244.62744140625,4244.62744140625,0,0.0,0.0
2006-01-04 00:00:00+09:00,4263.326022982063,4282.024821328475,4113.735636210762,4169.83203125,29300,0.0,0.0
2006-01-05 00:00:00+09:00,4123.0849023437495,4235.2776888020835,4048.2897113715276,4207.2294921875,51700,0.0,0.0
2006-01-06 00:00:00+09:00,4216.578691449082,4319.422074167352,4216.578691449082,4263.32568359375,47600,0.0,0.0
2006-01-09 00:00:00+09:00,4263.32568359375,4263.32568359375,4263.32568359375,4263.32568359375,0,0.0,0.0
2006-01-10 00:00:00+09:00,4338.121376329787,4431.615371509309,4319.422577293883,4394.2177734375,53100,0.0,0.0
2006-01-11 00:00:00+09:00,4459.663712547899,4534.458911081197,4356.820314564614,4422.26611328125,50400,0.0,0.0
2006-01-12 00:00:00+09:00,4487.7117727987425,4497.061172325406,4450.3141746920855,4459.66357421875,46200,0.0,0.0
2006-01-13 00:00:00+09:00,4469.01227268251,4478.361670742515,4384.867690142463,4450.3134765625,24200,0.0,0.0
2006-01-16 00:00:00+09:00,4450.314249424847,4637.30224309816,4431.615450057516,4571.8564453125,71300,0.0,0.0
2006-01-17 00:00:00+09:00,4618.602779065148,4656.000372417902,4253.976243875794,4412.916015625,98400,0.0,0.0
2006-01-18 00:00:00+09:00,4394.217399664684,4459.6631907235205,3973.4944571435976,4225.92822265625,119500,0.0,0.0
2006-01-19 00:00:00+09:00,4225.928526073817,4581.205703044625,4225.928526073817,4543.80810546875,60600,0.0,0.0
2006-01-20 00:00:00+09:00,4562.506597035945,4599.904192093616,4310.072830396661,4356.81982421875,60000,0.0,0.0
2006-01-23 00:00:00+09:00,4123.085041778767,4300.723626345199,4113.735642591059,4235.27783203125,68400,0.0,0.0
2006-01-24 00:00:00+09:00,4207.229293020147,4347.470269454153,4207.229293020147,4263.32568359375,20400,0.0,0.0
2006-01-25 00:00:00+09:00,4225.92810137689,4366.169078192494,4225.92810137689,4328.771484375,18600,0.0,0.0
2006-01-26 00:00:00+09:00,4394.217631239962,4431.615228101579,4356.8200343783465,4366.16943359375,19100,0.0,0.0
2006-01-27 00:00:00+09:00,4440.964078502495,4450.3134765625,4375.518292082458,4450.3134765625,22600,0.0,0.0
2006-01-30 00:00:00+09:00,4459.663288092157,4487.711484872611,4403.56689453125,4403.56689453125,41000,0.0,0.0
2006-01-31 00:00:00+09:00,4394.217913831263,4422.26611328125,4375.5191141979385,4422.26611328125,22200,0.0,0.0
2006-02-01 00:00:00+09:00,4431.614824585726,4543.8076049549845,4431.614824585726,4478.36181640625,52800,0.0,0.0
2006-02-02 00:00:00+09:00,4478.362044732097,4618.60302734375,4469.012645891321,4618.60302734375,69200,0.0,0.0
2006-02-03 00:00:00+09:00,4581.205598958333,4945.83216703869,4562.506800595238,4908.4345703125,230200,0.0,0.0
2006-02-06 00:00:00+09:00,4945.832241303066,5039.326234522406,4871.037046727594,4955.181640625,131600,0.0,0.0
2006-02-07 00:00:00+09:00,4992.579017376078,4992.579017376078,4852.3380337419185,4880.38623046875,74200,0.0,0.0
2006-02-08 00:00:00+09:00,4833.639426668326,4880.386423057769,4674.699638944223,4693.3984375,73600,0.0,0.0
2006-02-09 00:00:00+09:00,4740.145433889442,4814.940628112549,4656.000840388446,4693.3984375,36300,0.0,0.0
2006-02-10 00:00:00+09:00,4786.892784552846,4842.989184371824,4553.157785307101,4599.90478515625,62600,0.0,0.0
2006-02-13 00:00:00+09:00,4506.410351978944,4506.410351978944,4263.325976146055,4384.8681640625,81700,0.0,0.0
2006-02-14 00:00:00+09:00,4300.723375822368,4478.361950041119,4160.482396175987,4440.96435546875,101900,0.0,0.0
2006-02-15 00:00:00+09:00,4440.964403339461,4562.506587009804,4263.325827205882,4291.3740234375,53900,0.0,0.0
2006-02-16 00:00:00+09:00,4151.133098958333,4282.024683159722,4057.6391102430553,4207.2294921875,67800,0.0,0.0
2006-02-17 00:00:00+09:00,4160.482633265054,4216.579028320312,3786.506666229993,3833.253662109375,70700,0.0,0.0
2006-02-20 00:00:00+09:00,3506.024635444253,3590.1692266949153,3272.2896597479694,3309.687255859375,151400,0.0,0.0
2006-02-21 00:00:00+09:00,3337.7354029605262,3786.5065495770673,3337.7354029605262,3730.41015625,137800,0.0,0.0
2006-02-22 00:00:00+09:00,3721.060905027506,3936.0970879813567,3646.265710956601,3823.904296875,69000,0.0,0.0
2006-02-23 00:00:00+09:00,3917.3984032040553,3964.1454008556548,3842.6032069614957,3926.747802734375,47800,0.0,0.0
2006-02-24 00:00:00+09:00,3945.44605152027,4160.482210726351,3926.7472550675675,4151.1328125,48800,0.0,0.0
2006-02-27 00:00:00+09:00,4188.531069155092,4197.880468863028,3973.4948758725764,4038.940673828125,51400,0.0,0.0
2006-02-28 00:00:00+09:00,4085.6872122426043,4132.434205517691,4010.892023002465,4029.5908203125,33000,0.0,0.0
2006-03-01 00:00:00+09:00,4001.5429989769345,4095.036994280134,3926.747802734375,3926.747802734375,50800,0.0,0.0
2006-03-02 00:00:00+09:00,4010.8923985072547,4029.5911975678946,3926.747802734375,3926.747802734375,25000,0.0,0.0
2006-03-03 00:00:00+09:00,3926.7473920036764,4020.2413775275736,3926.7473920036764,3973.494384765625,39700,0.0,0.0
2006-03-06 00:00:00+09:00,3982.8437721946025,4160.4823441938925,3936.0967795632105,4113.7353515625,68000,0.0,0.0
2006-03-07 00:00:00+09:00,4160.482724063047,4160.482724063047,3964.1453370847903,4010.892333984375,46300,0.0,0.0
2006-03-08 00:00:00+09:00,4057.6391939863597,4057.6391939863597,4001.542799599452,4048.289794921875,32100,0.0,0.0
2006-03-09 00:00:00+09:00,4066.9889121752108,4160.48291015625,4066.9889121752108,4160.48291015625,26100,0.0,0.0
2006-03-10 00:00:00+09:00,4179.181709752458,4272.675707733497,4160.48291015625,4160.48291015625,45700,0.0,0.0
2006-03-13 00:00:00+09:00,4291.374166117086,4366.169358554856,4225.928372734037,4319.42236328125,29500,0.0,0.0
2006-03-14 00:00:00+09:00,4366.169156066373,4403.566750550881,4319.422162960737,4375.5185546875,41300,0.0,0.0
2006-03-15 00:00:00+09:00,4469.012703366624,4534.45849609375,4403.566910639498,4534.45849609375,40300,0.0,0.0
2006-03-16 00:00:00+09:00,4562.50676817602,4627.952561981824,4497.060974370217,4581.20556640625,72800,0.0,0.0
2006-03-17 00:00:00+09:00,4618.603254451308,4880.3864348655525,4599.90445585029,4824.2900390625,133600,0.0,0.0
2006-03-20 00:00:00+09:00,4768.193793402777,5058.0251808449075,4758.84439380787,5048.67578125,195100,0.0,0.0
2006-03-21 00:00:00+09:00,5048.67578125,5048.67578125,5048.67578125,5048.67578125,0,0.0,0.0
2006-03-22 00:00:00+09:00,5076.723897102927,5104.772095429463,4777.543114953215,4871.037109375,127400,0.0,0.0
2006-03-23 00:00:00+09:00,4899.085302924367,5029.976894987232,4730.796113129256,4805.59130859375,104100,0.0,0.0
2006-03-24 00:00:00+09:00,4814.9404296875,4908.43441861347,4758.844036331918,4814.9404296875,46500,0.0,0.0
2006-03-27 00:00:00+09:00,4871.037109375,4945.832304912428,4824.290112164108,4871.037109375,48400,0.0,0.0
2006-03-28 00:00:00+09:00,4927.133442659198,5039.326234522406,4889.735845371462,4955.181640625,64800,0.0,0.0
2006-03-29 00:00:00+09:00,5001.928706313624,5001.928706313624,4917.784111254143,4936.48291015625,42900,0.0,0.0
2006-03-30 00:00:00+09:00,4964.530829099716,5039.326020498583,4917.7838344754255,4945.83203125,53900,0.0,0.0
2006-03-31 00:00:00+09:00,4936.482830668604,4936.482830668604,4824.2900390625,4824.2900390625,40200,0.0,0.0
2006-04-03 00:00:00+09:00,4777.54311948834,4955.181709058357,4674.6997255267515,4936.48291015625,51000,0.0,0.0
2006-04-04 00:00:00+09:00,4927.13307969051,4945.831876956888,4824.289694725433,4852.337890625,38700,0.0,0.0
2006-04-05 00:00:00+09:00,4842.988694337841,4880.386290433114,4768.1935021472955,4796.24169921875,39100,0.0,0.0
2006-04-06 00:00:00+09:00,4768.193359375,4814.940353094363,4768.193359375,4768.193359375,22200,0.0,0.0
2006-04-07 00:00:00+09:00,4796.24170673077,4861.6875,4777.542908653846,4861.6875,20300,0.0,0.0
2006-04-10 00:00:00+09:00,4889.735629377694,4889.735629377694,4852.3380337419185,4880.38623046875,21700,0.0,0.0
2006-04-11 00:00:00+09:00,4880.386714905266,4880.386714905266,4740.145717350517,4749.4951171875,52300,0.0,0.0
2006-04-12 00:00:00+09:00,4740.145365397135,4786.892361111111,4684.048970540364,4712.09716796875,34700,0.0,0.0
2006-04-13 00:00:00+09:00,4721.44677734375,4749.49497602104,4674.6997795482675,4721.44677734375,20400,0.0,0.0
2006-04-14 00:00:00+09:00,4721.446278277172,4730.795676848017,4627.952292568712,4656.00048828125,34400,0.0,0.0
2006-04-17 00:00:00+09:00,4656.000964278695,4656.000964278695,4440.964775165422,4459.66357421875,39500,0.0,0.0
2006-04-18 00:00:00+09:00,4366.1695169833465,4618.603300620499,4356.820117589377,4543.80810546875,35700,0.0,0.0
2006-04-19 00:00:00+09:00,4684.048879470039,4730.795874275129,4534.45849609375,4534.45849609375,28200,0.0,0.0
2006-04-20 00:00:00+09:00,4543.808031363696,4618.603225295607,4487.71163591476,4497.06103515625,23900,0.0,0.0
2006-04-21 00:00:00+09:00,4506.409999006885,4506.409999006885,4366.169023934057,4412.916015625,34800,0.0,0.0
2006-04-24 00:00:00+09:00,4412.9159222146745,4412.9159222146745,4244.626755689538,4300.72314453125,34600,0.0,0.0
2006-04-25 00:00:00+09:00,4300.7238425298265,4366.169640133541,4253.976844241459,4310.0732421875,35900,0.0,0.0
2006-04-26 00:00:00+09:00,4440.964712135095,4562.506904256687,4403.5671145592205,4543.80810546875,41700,0.0,0.0
2006-04-27 00:00:00+09:00,4637.301815965092,4637.301815965092,4497.060833627438,4553.1572265625,23800,0.0,0.0
2006-04-28 00:00:00+09:00,4487.71142578125,4506.4102233886715,4403.566836547851,4487.71142578125,23100,0.0,0.0
2006-05-01 00:00:00+09:00,4955.181699522738,4955.181699522738,4777.543110294565,4805.59130859375,111900,0.0,0.0
2006-05-02 00:00:00+09:00,4824.289828580097,4842.988626365292,4786.892233009708,4814.9404296875,52300,0.0,0.0
2006-05-03 00:00:00+09:00,4814.9404296875,4814.9404296875,4814.9404296875,4814.9404296875,0,0.0,0.0
2006-05-04 00:00:00+09:00,4814.9404296875,4814.9404296875,4814.9404296875,4814.9404296875,0,0.0,0.0
2006-05-05 00:00:00+09:00,4814.9404296875,4814.9404296875,4814.9404296875,4814.9404296875,0,0.0,0.0
2006-05-08 00:00:00+09:00,4852.337957681032,4861.687356443424,4805.590963869076,4833.63916015625,32500,0.0,0.0
2006-05-09 00:00:00+09:00,4908.434148317997,4973.879936962237,4880.385953184751,4889.7353515625,75900,0.0,0.0
2006-05-10 00:00:00+09:00,4908.4344271955815,4927.13322501347,4833.63923592403,4880.38623046875,36700,0.0,0.0
2006-05-11 00:00:00+09:00,4899.085019720874,4927.133216398665,4814.9404296875,4814.9404296875,26000,0.0,0.0
2006-05-12 00:00:00+09:00,4796.241410294933,4796.241410294933,4684.048628767567,4740.14501953125,31900,0.0,0.0
2006-05-15 00:00:00+09:00,4674.6994966495495,4684.048895642848,4618.603102689754,4665.35009765625,21000,0.0,0.0
2006-05-16 00:00:00+09:00,4646.651564752031,4712.097361438679,4422.265976112094,4459.66357421875,46100,0.0,0.0
2006-05-17 00:00:00+09:00,4506.4105718520705,4571.856368538719,4366.16957895211,4459.66357421875,44600,0.0,0.0
2006-05-18 00:00:00+09:00,4403.566886112608,4422.2656839304955,4244.627104660561,4338.12109375,40400,0.0,0.0
2006-05-19 00:00:00+09:00,4282.024492103132,4375.518476646868,4160.4823121962745,4328.771484375,38700,0.0,0.0
2006-05-22 00:00:00+09:00,4328.771484375,4328.771484375,4328.771484375,4328.771484375,44600,0.0,0.0
2006-05-23 00:00:00+09:00,4310.072952598262,4319.42235162776,3889.349996270883,3917.398193359375,119600,0.0,0.0
2006-05-24 00:00:00+09:00,3973.4943842194493,4179.18115234375,3973.4943842194493,4179.18115234375,48400,0.0,0.0
2006-05-25 00:00:00+09:00,4197.8799382990055,4225.928133877841,4057.63896040483,4113.7353515625,61500,0.0,0.0
2006-05-26 00:00:00+09:00,4113.735219594594,4244.626794763513,4095.0364231418916,4151.1328125,47700,0.0,0.0
2006-05-29 00:00:00+09:00,4197.880509348665,4244.627508339186,4151.133510358146,4160.48291015625,25000,0.0,0.0
2006-05-30 00:00:00+09:00,4188.5307459677415,4188.5307459677415,4029.590963196644,4057.63916015625,33400,0.0,0.0
2006-05-31 00:00:00+09:00,3964.145146035109,3973.4945449644374,3833.253561024516,3861.3017578125,48900,0.0,0.0
2006-06-01 00:00:00+09:00,3945.446304658707,4020.2414952683507,3777.1571257870087,3805.205322265625,44800,0.0,0.0
2006-06-02 00:00:00+09:00,3805.2054579666174,3870.651252083979,3562.1210798164157,3767.807861328125,87100,0.0,0.0
2006-06-05 00:00:00+09:00,3777.1572265625,3842.603020092048,3739.759630259901,3777.1572265625,45600,0.0,0.0
2006-06-06 00:00:00+09:00,3730.41025101924,3730.41025101924,3571.4704658880946,3636.916259765625,50500,0.0,0.0
2006-06-07 00:00:00+09:00,3618.2175885223633,3693.012784150733,3431.22959945144,3468.627197265625,78600,0.0,0.0
2006-06-08 00:00:00+09:00,3234.8921172915125,3272.289714023206,3001.1571377184264,3160.096923828125,138700,0.0,0.0
2006-06-09 00:00:00+09:00,3290.988504768392,3449.9282905100476,3253.5909081232967,3431.2294921875,85700,0.0,0.0
2006-06-12 00:00:00+09:00,3412.530772025478,3552.7717626566623,3384.4825738992417,3543.42236328125,65700,0.0,0.0
2006-06-13 00:00:00+09:00,3412.530652836089,3506.024643324749,3365.783657591759,3375.133056640625,41900,0.0,0.0
2006-06-14 00:00:00+09:00,3384.482421875,3384.482421875,3384.482421875,3384.482421875,41900,0.0,0.0
2006-06-15 00:00:00+09:00,3618.2173186781492,3674.313711215795,3562.1209261405033,3608.867919921875,47600,0.0,0.0
2006-06-16 00:00:00+09:00,3786.506558122306,3861.301749393858,3739.759563577586,3795.85595703125,52300,0.0,0.0
2006-06-19 00:00:00+09:00,3795.855846499922,3805.205245136621,3693.0124614962297,3758.458251953125,61700,0.0,0.0
2006-06-20 00:00:00+09:00,3730.410332201722,3823.9043254899857,3674.313936228764,3749.109130859375,46600,0.0,0.0
2006-06-21 00:00:00+09:00,3786.5065838224323,3786.5065838224323,3599.518604374411,3721.060791015625,52800,0.0,0.0
2006-06-22 00:00:00+09:00,3758.4584284112007,3833.2536210163985,3730.410231184251,3777.1572265625,39400,0.0,0.0
2006-06-23 00:00:00+09:00,3702.361860132929,3767.807650589824,3646.265468312733,3758.458251953125,44400,0.0,0.0
2006-06-26 00:00:00+09:00,3767.8077518013783,3777.157150689223,3693.012560698621,3730.41015625,42700,0.0,0.0
2006-06-27 00:00:00+09:00,3767.807861328125,3795.856058806994,3702.3620672107627,3767.807861328125,17400,0.0,0.0
2006-06-28 00:00:00+09:00,3655.615137571111,3786.50672817468,3655.615137571111,3749.109130859375,15800,0.0,0.0
2006-06-29 00:00:00+09:00,3739.7597035452322,3851.952494651589,3739.7597035452322,3823.904296875,20200,0.0,0.0
2006-06-30 00:00:00+09:00,3936.0970254560407,3973.4946218974283,3870.6512316836124,3908.048828125,29200,0.0,0.0
2006-07-03 00:00:00+09:00,3908.049003673735,3954.796001325335,3908.049003673735,3926.747802734375,17900,0.0,0.0
2006-07-04 00:00:00+09:00,3973.4946628786483,3973.4946628786483,3917.3982676380087,3964.145263671875,12900,0.0,0.0
2006-07-05 00:00:00+09:00,3992.193637901629,4020.2418367627643,3973.4948386608717,3982.84423828125,18300,0.0,0.0
2006-07-06 00:00:00+09:00,4010.8923985072547,4010.8923985072547,3880.0008050827755,3926.747802734375,22800,0.0,0.0
2006-07-07 00:00:00+09:00,4001.5429989769345,4001.5429989769345,3851.9526064918155,3926.747802734375,24200,0.0,0.0
2006-07-10 00:00:00+09:00,3917.398193359375,3917.398193359375,3917.398193359375,3917.398193359375,24200,0.0,0.0
2006-07-11 00:00:00+09:00,3861.3018939104522,3889.3500916870416,3777.1573005806845,3823.904296875,25200,0.0,0.0
2006-07-12 00:00:00+09:00,3777.157116699219,3814.5547119140624,3627.5667358398437,3739.759521484375,33600,0.0,0.0
2006-07-13 00:00:00+09:00,3618.217501483386,3767.807889141614,3608.8681022547466,3693.0126953125,22400,0.0,0.0
2006-07-14 00:00:00+09:00,3599.5185546875,3636.9161500608766,3580.8197570008115,3599.5185546875,24000,0.0,0.0
2006-07-17 00:00:00+09:00,3412.53076171875,3412.53076171875,3412.53076171875,3412.53076171875,24000,0.0,0.0
2006-07-18 00:00:00+09:00,3459.27757006013,3487.325766574131,3328.385986328125,3328.385986328125,42800,0.0,0.0
2006-07-19 00:00:00+09:00,3365.783650026483,3440.5788422492938,3272.2896597479694,3309.687255859375,24100,0.0,0.0
2006-07-20 00:00:00+09:00,3543.422109296245,3543.422109296245,3421.8799261277723,3477.976318359375,26200,0.0,0.0
2006-07-21 00:00:00+09:00,3421.879860617898,3534.072642933239,3421.879860617898,3496.675048828125,14200,0.0,0.0
2006-07-24 00:00:00+09:00,3449.9282145631905,3487.325810385014,3328.3860281422653,3384.482421875,20900,0.0,0.0
2006-07-25 00:00:00+09:00,3440.5786799863386,3552.7714630293713,3412.5304842255805,3421.8798828125,15100,0.0,0.0
2006-07-26 00:00:00+09:00,3496.6753147305885,3496.6753147305885,3337.73552769738,3356.434326171875,16900,0.0,0.0
2006-07-27 00:00:00+09:00,3375.133022919544,3431.229416652279,3290.988432320442,3384.482421875,15900,0.0,0.0
2006-07-28 00:00:00+09:00,3393.8318620764694,3459.2776555600376,3337.735467661982,3440.578857421875,13600,0.0,0.0
2006-07-31 00:00:00+09:00,3468.62685324929,3524.7232444069605,3468.62685324929,3496.675048828125,20000,0.0,0.0
2006-08-01 00:00:00+09:00,3524.72346344793,3636.9162527353974,3524.72346344793,3571.470458984375,23600,0.0,0.0
2006-08-02 00:00:00+09:00,3477.976427443484,3552.771619431516,3440.578831449468,3515.3740234375,21300,0.0,0.0
2006-08-03 00:00:00+09:00,3506.0244700947746,3515.3738686816937,3393.8316870517415,3421.8798828125,31000,0.0,0.0
2006-08-04 00:00:00+09:00,3431.2294509338208,3449.928249031553,3365.783657591759,3375.133056640625,16000,0.0,0.0
2006-08-07 00:00:00+09:00,3365.78375400641,3449.9283478565703,3272.289760839565,3281.63916015625,25000,0.0,0.0
2006-08-08 00:00:00+09:00,3188.14500375812,3384.4823793561272,3160.0968072441187,3328.385986328125,18400,0.0,0.0
2006-08-09 00:00:00+09:00,3281.639066151965,3393.831854738357,3225.542671858769,3375.133056640625,27000,0.0,0.0
2006-08-10 00:00:00+09:00,3347.084759722699,3440.5787474244503,3272.289569561298,3403.18115234375,11300,0.0,0.0
2006-08-11 00:00:00+09:00,3412.530830320248,3440.5790289256197,3356.434433109504,3393.83203125,12500,0.0,0.0
2006-08-14 00:00:00+09:00,3365.783832644628,3421.880229855372,3319.0368349690084,3393.83203125,12000,0.0,0.0
2006-08-15 00:00:00+09:00,3421.8800257240855,3496.675217543191,3421.8800257240855,3449.92822265625,14200,0.0,0.0
2006-08-16 00:00:00+09:00,3543.422105508407,3711.7112820233183,3496.675112032043,3683.6630859375,56900,0.0,0.0
2006-08-17 00:00:00+09:00,3693.0127237009447,3739.759720203488,3599.5187306958574,3618.217529296875,49000,0.0,0.0
2006-08-18 00:00:00+09:00,3646.2656588909863,3655.615058016348,3590.1692641388177,3636.916259765625,20200,0.0,0.0
2006-08-21 00:00:00+09:00,3412.5305274225047,3534.0727105909777,3412.5305274225047,3477.976318359375,41000,0.0,0.0
2006-08-22 00:00:00+09:00,3477.9762517755685,3496.675048828125,3468.62685324929,3496.675048828125,23800,0.0,0.0
2006-08-23 00:00:00+09:00,3524.7234563802085,3543.4222545572916,3487.3258600260415,3506.024658203125,13800,0.0,0.0
2006-08-24 00:00:00+09:00,3506.02479507981,3506.02479507981,3421.880199997894,3468.627197265625,19700,0.0,0.0
2006-08-25 00:00:00+09:00,3468.6271578017977,3506.0247551904963,3412.53076171875,3412.53076171875,33900,0.0,0.0
2006-08-28 00:00:00+09:00,3431.2295899805235,3440.5789894082636,3319.0367968476453,3337.735595703125,22700,0.0,0.0
2006-08-29 00:00:00+09:00,3375.1329805181267,3384.4823793561272,3281.6389921381233,3328.385986328125,29100,0.0,0.0
2006-08-30 00:00:00+09:00,3328.3860879957506,3337.7354871193343,3290.9884915014163,3300.337890625,25000,0.0,0.0
2006-08-31 00:00:00+09:00,3319.036520846063,3393.831710048228,3309.6871221957927,3347.084716796875,18000,0.0,0.0
2006-09-01 00:00:00+09:00,3384.4823548033996,3431.2293486542753,3356.4341584928743,3403.18115234375,18700,0.0,0.0
2006-09-04 00:00:00+09:00,3477.9764609375,3515.3740572916668,3440.578864583333,3506.024658203125,20500,0.0,0.0
2006-09-05 00:00:00+09:00,3636.9161755792024,3823.904153758082,3608.8679788523705,3795.85595703125,161200,0.0,0.0
2006-09-06 00:00:00+09:00,3889.3499546004846,3982.8439438937653,3805.2053642365318,3861.3017578125,131400,0.0,0.0
2006-09-07 00:00:00+09:00,3861.301967749849,3870.6513671875,3805.205571123943,3870.6513671875,44300,0.0,0.0
2006-09-08 00:00:00+09:00,3889.349929483373,4001.542715910778,3889.349929483373,3936.096923828125,99100,0.0,0.0
2006-09-11 00:00:00+09:00,4010.8921406817494,4010.8921406817494,3851.952358883172,3861.3017578125,36500,0.0,0.0
2006-09-12 00:00:00+09:00,3870.651352278149,3870.651352278149,3674.31396484375,3674.31396484375,52800,0.0,0.0
2006-09-13 00:00:00+09:00,3702.36181640625,3711.7112149325285,3477.9762517755685,3496.675048828125,76600,0.0,0.0
2006-09-14 00:00:00+09:00,3524.7235744175414,3739.7597606552163,3524.7235744175414,3674.31396484375,49800,0.0,0.0
2006-09-15 00:00:00+09:00,3655.6149819691977,3674.3137798309326,3562.1209926605225,3590.169189453125,28400,0.0,0.0
2006-09-18 00:00:00+09:00,3590.169189453125,3590.169189453125,3590.169189453125,3590.169189453125,0,0.0,0.0
2006-09-19 00:00:00+09:00,3608.86798731486,3674.3137798309326,3580.8197905222573,3590.169189453125,15300,0.0,0.0
2006-09-20 00:00:00+09:00,3599.5186490885417,3599.5186490885417,3506.024658203125,3506.024658203125,14300,0.0,0.0
2006-09-21 00:00:00+09:00,3599.5185883839927,3636.9161841074624,3506.0245990753174,3590.169189453125,14900,0.0,0.0
2006-09-22 00:00:00+09:00,3496.6752591145832,3543.4222545572916,3487.3258600260415,3506.024658203125,17600,0.0,0.0
2006-09-25 00:00:00+09:00,3459.277587890625,3506.0245823215796,3449.928189004434,3459.277587890625,17500,0.0,0.0
2006-09-26 00:00:00+09:00,3412.530830320248,3440.5790289256197,3384.482631714876,3393.83203125,19100,0.0,0.0
2006-09-27 00:00:00+09:00,3421.8801058070867,3608.868089730971,3412.5307066108926,3562.12109375,28200,0.0,0.0
2006-09-28 00:00:00+09:00,3571.4703491856812,3599.5185456452546,3515.373956266534,3534.07275390625,14200,0.0,0.0
2006-09-29 00:00:00+09:00,3477.976318359375,3515.3739131804437,3393.8317300119706,3477.976318359375,22200,0.0,0.0
2006-10-02 00:00:00+09:00,3487.3258600260415,3506.024658203125,3421.88006640625,3506.024658203125,32000,0.0,0.0
2006-10-03 00:00:00+09:00,3496.6750925164474,3590.1690789473682,3477.976295230263,3552.771484375,32400,0.0,0.0
2006-10-04 00:00:00+09:00,3552.771508001512,3608.8679002331146,3468.626919654108,3477.976318359375,57700,0.0,0.0
2006-10-05 00:00:00+09:00,3534.0727105909777,3543.422109296245,3440.5787235383063,3477.976318359375,42800,0.0,0.0
2006-10-06 00:00:00+09:00,3459.2776216336383,3552.77161140752,3431.2294247014734,3449.92822265625,22200,0.0,0.0
2006-10-09 00:00:00+09:00,3449.92822265625,3449.92822265625,3449.92822265625,3449.92822265625,0,0.0,0.0
2006-10-10 00:00:00+09:00,3356.434326171875,3459.2777177815983,3356.434326171875,3356.434326171875,34500,0.0,0.0
2006-10-11 00:00:00+09:00,3365.7835379464286,3421.879930245536,3272.28955078125,3272.28955078125,46900,0.0,0.0
2006-10-12 00:00:00+09:00,3309.687323830344,3337.7355214899235,3244.241529291326,3290.988525390625,46000,0.0,0.0
2006-10-13 00:00:00+09:00,3309.6871221957927,3356.434115447146,3300.337723545522,3347.084716796875,41200,0.0,0.0
2006-10-16 00:00:00+09:00,3412.53076171875,3412.53076171875,3412.53076171875,3412.53076171875,41200,0.0,0.0
2006-10-17 00:00:00+09:00,3477.976487993869,3496.6752863164165,3421.880093026226,3431.2294921875,13200,0.0,0.0
2006-10-18 00:00:00+09:00,3412.530551113925,3449.9281461946257,3365.7835572630493,3403.18115234375,29800,0.0,0.0
2006-10-19 00:00:00+09:00,3421.880093026226,3487.325887155143,3412.530693864952,3431.2294921875,19300,0.0,0.0
2006-10-20 00:00:00+09:00,3431.2294583527937,3477.9764536981997,3412.5306602146316,3440.578857421875,12600,0.0,0.0
2006-10-23 00:00:00+09:00,3412.53076171875,3440.578959760274,3365.7837649828766,3412.53076171875,23800,0.0,0.0
2006-10-24 00:00:00+09:00,3496.6752518363623,3515.3740499745245,3421.880059283713,3440.578857421875,26800,0.0,0.0
2006-10-25 00:00:00+09:00,3449.9281461946257,3506.0245388156764,3393.8317535735746,3403.18115234375,35300,0.0,0.0
2006-10-26 00:00:00+09:00,3431.229416652279,3440.5788156077347,3375.133022919544,3384.482421875,32900,0.0,0.0
2006-10-27 00:00:00+09:00,3365.783650026483,3375.133049054334,3300.337856831524,3309.687255859375,47600,0.0,0.0
2006-10-30 00:00:00+09:00,3290.988519021739,3309.687317425272,3225.542724609375,3225.542724609375,52400,0.0,0.0
2006-10-31 00:00:00+09:00,3216.193291636561,3272.2896862581288,3188.145094325777,3234.89208984375,39100,0.0,0.0
2006-11-01 00:00:00+09:00,3216.193291636561,3281.639085361723,3197.4944934293712,3234.89208984375,28500,0.0,0.0
2006-11-02 00:00:00+09:00,3216.193182337354,3262.9401762666757,3197.494384765625,3197.494384765625,28700,0.0,0.0
2006-11-03 00:00:00+09:00,3197.494384765625,3197.494384765625,3197.494384765625,3197.494384765625,0,0.0,0.0
2006-11-06 00:00:00+09:00,3206.8440628722965,3244.2416612731395,3160.0970648712428,3188.145263671875,29000,0.0,0.0
2006-11-07 00:00:00+09:00,3197.4946632720857,3253.59106087335,3188.145263671875,3188.145263671875,30800,0.0,0.0
2006-11-08 00:00:00+09:00,3178.7958255597014,3216.1934235074627,3094.6512301772386,3132.048828125,64800,0.0,0.0
2006-11-09 00:00:00+09:00,3132.048828125,3141.3982276119405,3122.6994286380595,3132.048828125,14600,0.0,0.0
2006-11-10 00:00:00+09:00,3104.0005222101586,3178.7957155164277,3094.651123046875,3094.651123046875,34900,0.0,0.0
2006-11-13 00:00:00+09:00,3038.5546112060547,3057.2534088134767,2982.4582183837892,2991.8076171875,44700,0.0,0.0
2006-11-14 00:00:00+09:00,3085.3018306902986,3150.7476270988805,3057.2536322294777,3132.048828125,21600,0.0,0.0
2006-11-15 00:00:00+09:00,3169.446213042665,3178.795611901198,3104.0004210329344,3122.69921875,10600,0.0,0.0
2006-11-16 00:00:00+09:00,3094.6510892201622,3160.096882647779,3094.6510892201622,3104.00048828125,13600,0.0,0.0
2006-11-17 00:00:00+09:00,3113.349776849514,3169.446169225181,3057.2533844738473,3066.602783203125,30800,0.0,0.0
2006-11-20 00:00:00+09:00,3019.8557120795267,3019.8557120795267,2804.8195468230897,2814.1689453125,64100,0.0,0.0
2006-11-21 00:00:00+09:00,2814.1691419813365,2832.867940266927,2692.626953125,2692.626953125,51000,0.0,0.0
2006-11-22 00:00:00+09:00,2692.626838235294,2860.916015625,2692.626838235294,2860.916015625,33700,0.0,0.0
2006-11-23 00:00:00+09:00,2860.916015625,2860.916015625,2860.916015625,2860.916015625,0,0.0,0.0
2006-11-24 00:00:00+09:00,2786.120924543626,2870.265516224474,2758.072727316677,2832.867919921875,29200,0.0,0.0
2006-11-27 00:00:00+09:00,2926.3617726677016,2926.3617726677016,2823.5183876857695,2870.265380859375,26000,0.0,0.0
2006-11-28 00:00:00+09:00,2851.5667252079134,2907.6631198021673,2814.169128811744,2898.313720703125,24800,0.0,0.0
2006-11-29 00:00:00+09:00,2935.7112243652346,2991.8076171875,2926.3618255615233,2991.8076171875,24300,0.0,0.0
2006-11-30 00:00:00+09:00,2973.1087863244743,3038.554577218409,2963.7593876253404,3001.156982421875,25600,0.0,0.0
2006-12-01 00:00:00+09:00,2963.75927734375,3029.2050658024446,2954.409878992508,2963.75927734375,32100,0.0,0.0
2006-12-04 00:00:00+09:00,2973.1089943832494,3010.506591796875,2907.6631989094044,3010.506591796875,21900,0.0,0.0
2006-12-05 00:00:00+09:00,3029.205280807783,3057.2534778522995,2973.10888671875,2973.10888671875,33500,0.0,0.0
2006-12-06 00:00:00+09:00,3001.157192443469,3029.2053905036882,2982.458393736656,3010.506591796875,26400,0.0,0.0
2006-12-07 00:00:00+09:00,3001.157091346154,3057.253485576923,3001.157091346154,3038.5546875,24100,0.0,0.0
2006-12-08 00:00:00+09:00,3029.205254864839,3122.6992442125193,3029.205254864839,3047.904052734375,39800,0.0,0.0
2006-12-11 00:00:00+09:00,3132.0487541429925,3132.0487541429925,3066.602959280303,3085.3017578125,23700,0.0,0.0
2006-12-12 00:00:00+09:00,3141.398118863293,3141.398118863293,3066.6029255570243,3094.651123046875,34900,0.0,0.0
2006-12-13 00:00:00+09:00,3094.651123046875,3094.651123046875,3094.651123046875,3094.651123046875,34900,0.0,0.0
2006-12-14 00:00:00+09:00,3178.795722193972,3197.4945205598187,3132.0487262793545,3160.096923828125,13700,0.0,0.0
2006-12-15 00:00:00+09:00,3188.1451953409714,3225.542792940279,3178.795795941144,3206.843994140625,31500,0.0,0.0
2006-12-18 00:00:00+09:00,3225.5426835591816,3234.8920826419617,3160.09688997972,3169.4462890625,14100,0.0,0.0
2006-12-19 00:00:00+09:00,3150.7474759615384,3150.7474759615384,3001.157091346154,3038.5546875,35300,0.0,0.0
2006-12-20 00:00:00+09:00,3010.506368001302,3160.096746535528,3010.506368001302,3141.39794921875,35200,0.0,0.0
2006-12-21 00:00:00+09:00,3113.3497532435827,3160.096746535528,3066.602759951637,3141.39794921875,26300,0.0,0.0
2006-12-22 00:00:00+09:00,3094.6510892201622,3132.0486854645146,3075.952291097986,3104.00048828125,24200,0.0,0.0
2006-12-25 00:00:00+09:00,3057.2535196940103,3113.3499145507812,3019.8559231228296,3029.205322265625,24900,0.0,0.0
2006-12-26 00:00:00+09:00,3047.9041205512153,3047.9041205512153,2973.108927408854,3029.205322265625,26600,0.0,0.0
2006-12-27 00:00:00+09:00,3019.8556674512024,3075.9520575586553,2945.0604806412657,2963.75927734375,25200,0.0,0.0
2006-12-28 00:00:00+09:00,3038.5548629527425,3075.952461266007,2991.807865061162,3057.253662109375,17400,0.0,0.0
2006-12-29 00:00:00+09:00,3066.603099192943,3122.6994973489113,3066.603099192943,3113.35009765625,12200,0.0,0.0
2007-01-04 00:00:00+09:00,3113.35009765625,3113.35009765625,3113.35009765625,3113.35009765625,9100,0.0,0.0
2007-01-05 00:00:00+09:00,3047.904052734375,3094.651047408215,3029.205254864839,3047.904052734375,22100,0.0,0.0
2007-01-09 00:00:00+09:00,3057.253532815967,3169.4463230110487,3057.253532815967,3160.096923828125,20400,0.0,0.0
2007-01-10 00:00:00+09:00,3150.7474835866906,3150.7474835866906,3085.301690159074,3104.00048828125,23500,0.0,0.0
2007-01-11 00:00:00+09:00,3094.6511913172017,3132.048788795355,3066.6029932085867,3075.952392578125,20400,0.0,0.0
2007-01-12 00:00:00+09:00,3075.952431203358,3141.3982276119405,3075.952431203358,3132.048828125,16800,0.0,0.0
2007-01-15 00:00:00+09:00,3150.7474650182367,3253.5908540841137,3141.398066012248,3244.241455078125,20500,0.0,0.0
2007-01-16 00:00:00+09:00,3253.590888050939,3262.940287154534,3206.843892532966,3234.89208984375,12800,0.0,0.0
2007-01-17 00:00:00+09:00,3216.1933649394587,3300.337958789619,3216.1933649394587,3281.63916015625,15300,0.0,0.0
2007-01-18 00:00:00+09:00,3262.940152064732,3300.3377469308034,3262.940152064732,3272.28955078125,10700,0.0,0.0
2007-01-19 00:00:00+09:00,3272.28955078125,3281.638949497768,3253.590753348214,3272.28955078125,9200,0.0,0.0
2007-01-22 00:00:00+09:00,3300.337856831524,3337.735452942929,3290.988457803672,3309.687255859375,19900,0.0,0.0
2007-01-23 00:00:00+09:00,3300.337823228433,3328.3860200264085,3290.9884242957746,3319.03662109375,11900,0.0,0.0
2007-01-24 00:00:00+09:00,3290.9884242957746,3375.1330146897008,3290.9884242957746,3319.03662109375,24700,0.0,0.0
2007-01-25 00:00:00+09:00,3347.084920709783,3356.434319929643,3281.639126170765,3290.988525390625,14000,0.0,0.0
2007-01-26 00:00:00+09:00,3309.6873974199057,3347.084995130865,3300.3379979921656,3337.735595703125,12300,0.0,0.0
2007-01-29 00:00:00+09:00,3356.4342922634546,3393.8318888346353,3347.0848931206597,3365.78369140625,11200,0.0,0.0
2007-01-30 00:00:00+09:00,3403.18115234375,3459.2775449648007,3375.132956033224,3403.18115234375,26000,0.0,0.0
2007-01-31 00:00:00+09:00,3403.1813623715752,3431.229560413099,3365.7837649828766,3412.53076171875,26000,0.0,0.0
2007-02-01 00:00:00+09:00,3384.4824963811307,3431.2294921875,3384.4824963811307,3431.2294921875,7800,0.0,0.0
2007-02-02 00:00:00+09:00,3431.2292591441765,3496.675048828125,3421.879860617898,3496.675048828125,20300,0.0,0.0
2007-02-05 00:00:00+09:00,3506.0246165205795,3524.7234144753556,3449.92822265625,3449.92822265625,21900,0.0,0.0
2007-02-06 00:00:00+09:00,3477.9765284643095,3506.0247262745056,3459.277729924179,3487.325927734375,12600,0.0,0.0
2007-02-07 00:00:00+09:00,3459.2776216336383,3477.9764195884145,3449.92822265625,3449.92822265625,10900,0.0,0.0
2007-02-08 00:00:00+09:00,3449.928078573258,3477.976274334016,3412.5304842255805,3421.8798828125,17400,0.0,0.0
2007-02-09 00:00:00+09:00,3375.133063938307,3440.578857421875,3328.3860685929008,3440.578857421875,16500,0.0,0.0
2007-02-13 00:00:00+09:00,3487.325834030271,3786.5066026334043,3459.277636973727,3580.81982421875,33600,0.0,0.0
2007-02-14 00:00:00+09:00,3599.5185211656008,3646.265514946972,3590.1691224093265,3608.867919921875,14900,0.0,0.0
2007-02-15 00:00:00+09:00,3618.2174545208195,3627.5668536281087,3562.121059877086,3571.470458984375,11300,0.0,0.0
2007-02-16 00:00:00+09:00,3580.819960782899,3580.819960782899,3468.627168277952,3543.42236328125,13600,0.0,0.0
2007-02-19 00:00:00+09:00,3543.422085731908,3580.819680304276,3496.6750925164474,3552.771484375,26900,0.0,0.0
2007-02-20 00:00:00+09:00,3552.771484375,3627.566673519737,3543.422085731908,3552.771484375,12300,0.0,0.0
2007-02-21 00:00:00+09:00,3515.3740310868147,3580.81982421875,3515.3740310868147,3580.81982421875,14800,0.0,0.0
2007-02-22 00:00:00+09:00,3599.5185211656008,3608.867919921875,3580.8197236530523,3608.867919921875,14100,0.0,0.0
2007-02-23 00:00:00+09:00,3608.8679622728,3664.96435546875,3543.422170210858,3664.96435546875,25600,0.0,0.0
2007-02-26 00:00:00+09:00,3664.964423076923,3674.313822115385,3618.2174278846155,3646.265625,20600,0.0,0.0
2007-02-27 00:00:00+09:00,3646.2657271984012,3646.2657271984012,3599.5187306958574,3618.217529296875,15700,0.0,0.0
2007-02-28 00:00:00+09:00,3403.1812947036783,3468.6270888325953,3319.0367022522137,3431.2294921875,38400,0.0,0.0
2007-03-01 00:00:00+09:00,3459.2775209488404,3580.8197041173134,3440.5787235383063,3477.976318359375,36700,0.0,0.0
2007-03-02 00:00:00+09:00,3524.723422436004,3524.723422436004,3477.976427443484,3515.3740234375,24700,0.0,0.0
2007-03-05 00:00:00+09:00,3421.8802213914755,3449.928419927471,3253.5910301755016,3262.9404296875,29900,0.0,0.0
2007-03-06 00:00:00+09:00,3216.1932406767955,3393.831820830456,3216.1932406767955,3384.482421875,21400,0.0,0.0
2007-03-07 00:00:00+09:00,3421.8798828125,3477.976274334016,3412.5304842255805,3421.8798828125,11500,0.0,0.0
2007-03-08 00:00:00+09:00,3440.578864583333,3506.024658203125,3431.229465494792,3506.024658203125,11000,0.0,0.0
2007-03-09 00:00:00+09:00,3534.0729639058377,3571.470561407487,3524.7235645304254,3543.42236328125,19500,0.0,0.0
2007-03-12 00:00:00+09:00,3562.12109375,3571.470492946194,3543.4222953576113,3562.12109375,8700,0.0,0.0
2007-03-13 00:00:00+09:00,3562.12109375,3562.12109375,3562.12109375,3562.12109375,8700,0.0,0.0
2007-03-14 00:00:00+09:00,3468.627197265625,3468.627197265625,3468.627197265625,3468.627197265625,8700,0.0,0.0
2007-03-15 00:00:00+09:00,3562.1210261810543,3627.5668193129895,3515.3740310868147,3580.81982421875,22700,0.0,0.0
2007-03-16 00:00:00+09:00,3580.8197905222573,3627.566785176595,3571.47039159139,3590.169189453125,15600,0.0,0.0
2007-03-19 00:00:00+09:00,3608.867831143466,3739.759410511364,3524.7232444069605,3702.36181640625,31800,0.0,0.0
2007-03-20 00:00:00+09:00,3758.458530188201,3786.50672817468,3730.410332201722,3749.109130859375,33800,0.0,0.0
2007-03-22 00:00:00+09:00,3805.205571123943,3880.000766625151,3805.205571123943,3870.6513671875,44700,0.0,0.0
2007-03-23 00:00:00+09:00,3823.904153758082,3833.253552667026,3580.819782125539,3795.85595703125,31800,0.0,0.0
2007-03-26 00:00:00+09:00,3861.3017578125,3861.3017578125,3861.3017578125,3861.3017578125,31800,0.0,0.0
2007-03-27 00:00:00+09:00,3739.7595889604268,3758.458386905229,3674.3137961536195,3721.060791015625,29600,0.0,0.0
2007-03-28 00:00:00+09:00,3730.4101818504237,3739.7595808024294,3571.47039966632,3655.614990234375,31900,0.0,0.0
2007-03-29 00:00:00+09:00,3636.9161500608766,3646.265548904221,3534.0727627840906,3599.5185546875,34200,0.0,0.0
2007-03-30 00:00:00+09:00,3693.0125776926675,3693.0125776926675,3580.8197905222573,3590.169189453125,24800,0.0,0.0
2007-04-02 00:00:00+09:00,3599.5186490885417,3674.313841796875,3487.3258600260415,3506.024658203125,25400,0.0,0.0
2007-04-03 00:00:00+09:00,3506.0247657796012,3571.470561407487,3506.0247657796012,3543.42236328125,12100,0.0,0.0
2007-04-04 00:00:00+09:00,3496.6752661260634,3580.8198580916637,3468.6270688041964,3571.470458984375,35900,0.0,0.0
2007-04-05 00:00:00+09:00,3543.422323354767,3543.422323354767,3468.6271291942444,3487.325927734375,20900,0.0,0.0
2007-04-06 00:00:00+09:00,3496.6752591145832,3524.7234563802085,3487.3258600260415,3506.024658203125,15300,0.0,0.0
2007-04-09 00:00:00+09:00,3636.916259765625,3636.916259765625,3636.916259765625,3636.916259765625,15300,0.0,0.0
2007-04-10 00:00:00+09:00,3608.86798731486,3646.26558303833,3580.8197905222573,3590.169189453125,18700,0.0,0.0
2007-04-11 00:00:00+09:00,3552.771484375,3599.5184775904604,3524.7232884457235,3552.771484375,24800,0.0,0.0
2007-04-12 00:00:00+09:00,3506.024650905443,3524.723449043606,3412.5306602146316,3440.578857421875,34700,0.0,0.0
2007-04-13 00:00:00+09:00,3440.5788774787534,3459.2776757259207,3290.9884915014163,3300.337890625,34600,0.0,0.0
2007-04-16 00:00:00+09:00,3412.530721595361,3412.530721595361,3328.3861284601326,3356.434326171875,15900,0.0,0.0
2007-04-17 00:00:00+09:00,3459.2776135186464,3459.2776135186464,3365.7836239640883,3384.482421875,10700,0.0,0.0
2007-04-18 00:00:00+09:00,3393.8316870517415,3440.5786799863386,3393.8316870517415,3421.8798828125,10300,0.0,0.0
2007-04-19 00:00:00+09:00,3431.229520069856,3431.229520069856,3347.0849269346277,3356.434326171875,10400,0.0,0.0
2007-04-20 00:00:00+09:00,3384.482631714876,3412.530830320248,3375.1332321797518,3393.83203125,6000,0.0,0.0
2007-04-23 00:00:00+09:00,3393.8316870517415,3431.229281399419,3393.8316870517415,3421.8798828125,16000,0.0,0.0
2007-04-24 00:00:00+09:00,3449.92822265625,3449.92822265625,3421.8800257240855,3449.92822265625,12900,0.0,0.0
2007-04-25 00:00:00+09:00,3403.181227769309,3459.2776216336383,3403.181227769309,3449.92822265625,10800,0.0,0.0
2007-04-26 00:00:00+09:00,3506.024665233352,3571.470458984375,3496.6752661260634,3571.470458984375,23000,0.0,0.0
2007-04-27 00:00:00+09:00,3580.8197905222573,3618.2173862457275,3552.771593729655,3590.169189453125,18300,0.0,0.0
2007-05-01 00:00:00+09:00,3599.5185883839927,3618.2173862457275,3347.08481725057,3590.169189453125,29700,0.0,0.0
2007-05-02 00:00:00+09:00,3618.2173186781492,3627.5667174344235,3534.0727298716806,3608.867919921875,11800,0.0,0.0
2007-05-07 00:00:00+09:00,3608.867919921875,3627.5667174344235,3608.867919921875,3608.867919921875,17800,0.0,0.0
2007-05-08 00:00:00+09:00,3590.169257198953,3627.5668536281087,3552.771660769797,3571.470458984375,13900,0.0,0.0
2007-05-09 00:00:00+09:00,3571.4704251999024,3580.81982421875,3571.4704251999024,3580.81982421875,10000,0.0,0.0
2007-05-10 00:00:00+09:00,3580.8197905222573,3590.169189453125,3580.8197905222573,3590.169189453125,7000,0.0,0.0
2007-05-11 00:00:00+09:00,3524.7235645304254,3552.7717626566623,3506.0247657796012,3543.42236328125,18900,0.0,0.0
2007-05-14 00:00:00+09:00,3487.3257845491976,3487.3257845491976,3449.928189004434,3459.277587890625,13300,0.0,0.0
2007-05-15 00:00:00+09:00,3393.831820830456,3403.1812197859117,3384.482421875,3384.482421875,16900,0.0,0.0
2007-05-16 00:00:00+09:00,3393.8317535735746,3440.5787474244503,3384.4823548033996,3403.18115234375,11200,0.0,0.0
2007-05-17 00:00:00+09:00,3412.530830320248,3421.880229855372,3384.482631714876,3393.83203125,11000,0.0,0.0
2007-05-18 00:00:00+09:00,3590.169223237598,3646.2656173506853,3534.0728291245105,3580.81982421875,82100,0.0,0.0
2007-05-21 00:00:00+09:00,3590.1693313953488,3646.2657271984012,3580.81993209484,3618.217529296875,34200,0.0,0.0
2007-05-22 00:00:00+09:00,3599.518454640182,3636.916048974106,3599.518454640182,3627.566650390625,18800,0.0,0.0
2007-05-23 00:00:00+09:00,3627.566650390625,3627.566650390625,3627.566650390625,3627.566650390625,18800,0.0,0.0
2007-05-24 00:00:00+09:00,3608.868129996366,3627.5669285973836,3599.5187306958574,3618.217529296875,26700,0.0,0.0
2007-05-25 00:00:00+09:00,3562.12109375,3590.1692913385828,3534.0728961614172,3562.12109375,20200,0.0,0.0
2007-05-28 00:00:00+09:00,3562.1211620320746,3580.819960782899,3534.0729639058377,3543.42236328125,27700,0.0,0.0
2007-05-29 00:00:00+09:00,3543.4222953576113,3571.470492946194,3524.723496965223,3562.12109375,30400,0.0,0.0
2007-05-30 00:00:00+09:00,3552.771484375,3571.470281661184,3552.771484375,3552.771484375,12000,0.0,0.0
2007-05-31 00:00:00+09:00,3599.5187306958574,3618.217529296875,3590.1693313953488,3618.217529296875,13200,0.0,0.0
2007-06-01 00:00:00+09:00,3655.614990234375,3683.663187090393,3646.265591282369,3655.614990234375,20500,0.0,0.0
2007-06-04 00:00:00+09:00,3711.7113250732423,3739.759521484375,3711.7113250732423,3739.759521484375,30600,0.0,0.0
2007-06-05 00:00:00+09:00,3721.060791015625,3730.4101899880256,3702.361993070823,3721.060791015625,27000,0.0,0.0
2007-06-06 00:00:00+09:00,3730.4101899880256,3730.4101899880256,3711.711392043224,3721.060791015625,19300,0.0,0.0
2007-06-07 00:00:00+09:00,3721.0606574063277,3767.807650589824,3693.0124614962297,3758.458251953125,23100,0.0,0.0
2007-06-08 00:00:00+09:00,3739.7597315305484,3767.8079295170273,3739.7597315305484,3749.109130859375,23700,0.0,0.0
2007-06-11 00:00:00+09:00,3721.060757362155,3739.7595551378445,3711.7113584743106,3730.41015625,8900,0.0,0.0
2007-06-12 00:00:00+09:00,3627.566650390625,3646.265447557587,3599.518454640182,3627.566650390625,10600,0.0,0.0
2007-06-13 00:00:00+09:00,3524.72346344793,3571.470458984375,3524.72346344793,3571.470458984375,8200,0.0,0.0
2007-06-14 00:00:00+09:00,3608.868021275294,3608.868021275294,3571.4704251999024,3580.81982421875,11700,0.0,0.0
2007-06-15 00:00:00+09:00,3552.771593729655,3590.169189453125,3552.771593729655,3590.169189453125,17600,0.0,0.0
2007-06-18 00:00:00+09:00,3543.422085731908,3571.470281661184,3534.0726870888157,3552.771484375,41100,0.0,0.0
2007-06-19 00:00:00+09:00,3580.8198921423887,3590.1692913385828,3562.12109375,3562.12109375,16600,0.0,0.0
2007-06-20 00:00:00+09:00,3599.5187306958574,3646.2657271984012,3599.5187306958574,3618.217529296875,28400,0.0,0.0
2007-06-21 00:00:00+09:00,3655.614990234375,3664.964389186381,3646.265591282369,3655.614990234375,15100,0.0,0.0
2007-06-22 00:00:00+09:00,3636.9161923303627,3664.964389186381,3636.9161923303627,3655.614990234375,7300,0.0,0.0
2007-06-25 00:00:00+09:00,3608.868089730971,3627.5668881233596,3562.12109375,3562.12109375,19300,0.0,0.0
2007-06-26 00:00:00+09:00,3599.5185546875,3599.5185546875,3590.1691558441557,3599.5185546875,9400,0.0,0.0
2007-06-27 00:00:00+09:00,3562.1209503658233,3571.4703491856812,3534.07275390625,3534.07275390625,10800,0.0,0.0
2007-06-28 00:00:00+09:00,3552.771694553806,3571.470492946194,3543.4222953576113,3562.12109375,10100,0.0,0.0
2007-06-29 00:00:00+09:00,3562.120883018092,3562.120883018092,3534.0726870888157,3552.771484375,7100,0.0,0.0
2007-07-02 00:00:00+09:00,3552.771484375,3562.120883018092,3552.771484375,3552.771484375,7500,0.0,0.0
2007-07-03 00:00:00+09:00,3562.12109375,3562.12109375,3534.0728961614172,3562.12109375,14700,0.0,0.0
2007-07-04 00:00:00+09:00,3580.819782125539,3580.819782125539,3524.723388671875,3524.723388671875,7100,0.0,0.0
2007-07-05 00:00:00+09:00,3543.4221527261075,3552.7715515459654,3524.723355086392,3534.07275390625,5700,0.0,0.0
2007-07-06 00:00:00+09:00,3487.325650301847,3506.0244473544035,3477.9762517755685,3496.675048828125,9900,0.0,0.0
2007-07-09 00:00:00+09:00,3496.675225440492,3515.3740234375,3496.675225440492,3515.3740234375,6100,0.0,0.0
2007-07-10 00:00:00+09:00,3524.7234563802085,3524.7234563802085,3506.024658203125,3506.024658203125,5800,0.0,0.0
2007-07-11 00:00:00+09:00,3477.9763856630066,3506.0245823215796,3449.928189004434,3459.277587890625,10300,0.0,0.0
2007-07-12 00:00:00+09:00,3468.6271578017977,3477.9765571489725,3412.53076171875,3412.53076171875,13000,0.0,0.0
2007-07-13 00:00:00+09:00,3459.2774771601776,3459.2774771601776,3412.5304842255805,3421.8798828125,10200,0.0,0.0
2007-07-17 00:00:00+09:00,3403.1812197859117,3403.1812197859117,3375.133022919544,3384.482421875,8700,0.0,0.0
2007-07-18 00:00:00+09:00,3384.482421875,3421.880017696823,3384.482421875,3384.482421875,6900,0.0,0.0
2007-07-19 00:00:00+09:00,3431.229281399419,3431.229281399419,3421.8798828125,3421.8798828125,5600,0.0,0.0
2007-07-20 00:00:00+09:00,3421.880093026226,3449.9282905100476,3421.880093026226,3431.2294921875,5400,0.0,0.0
2007-07-23 00:00:00+09:00,3403.18128797743,3403.18128797743,3365.78369140625,3365.78369140625,8600,0.0,0.0
2007-07-24 00:00:00+09:00,3393.83203125,3403.1814307851237,3393.83203125,3393.83203125,6600,0.0,0.0
2007-07-25 00:00:00+09:00,3347.0849269346277,3365.783725409123,3347.0849269346277,3356.434326171875,4900,0.0,0.0
2007-07-26 00:00:00+09:00,3356.434216824384,3365.7836157570423,3319.03662109375,3319.03662109375,6200,0.0,0.0
2007-07-27 00:00:00+09:00,3225.542724609375,3272.2897206182065,3225.542724609375,3225.542724609375,16100,0.0,0.0
2007-07-30 00:00:00+09:00,3281.63916015625,3281.63916015625,3281.63916015625,3281.63916015625,16100,0.0,0.0
2007-07-31 00:00:00+09:00,3309.6872897485837,3319.0366888721674,3272.2896932542494,3300.337890625,5800,0.0,0.0
2007-08-01 00:00:00+09:00,3309.687248120047,3319.036647126036,3234.8920560721363,3244.241455078125,7300,0.0,0.0
2007-08-02 00:00:00+09:00,3244.241455078125,3272.2896520960917,3197.494460048181,3244.241455078125,9100,0.0,0.0
2007-08-03 00:00:00+09:00,3262.94032141644,3262.94032141644,3216.1933254076084,3225.542724609375,5300,0.0,0.0
2007-08-06 00:00:00+09:00,3178.7956290409484,3253.5908203125,3178.7956290409484,3253.5908203125,6600,0.0,0.0
2007-08-07 00:00:00+09:00,3290.988450108069,3290.988450108069,3234.8920560721363,3244.241455078125,4500,0.0,0.0
2007-08-08 00:00:00+09:00,3197.4946632720857,3197.4946632720857,3178.7958640716643,3188.145263671875,9100,0.0,0.0
2007-08-09 00:00:00+09:00,3216.193182337354,3216.193182337354,3197.494384765625,3197.494384765625,13300,0.0,0.0
2007-08-10 00:00:00+09:00,3169.446316353144,3169.446316353144,3094.651123046875,3094.651123046875,11800,0.0,0.0
2007-08-13 00:00:00+09:00,3113.349921373442,3113.349921373442,3094.651123046875,3094.651123046875,4700,0.0,0.0
2007-08-14 00:00:00+09:00,3104.00048828125,3113.349887342338,3094.6510892201622,3104.00048828125,4200,0.0,0.0
2007-08-15 00:00:00+09:00,3113.349921373442,3113.349921373442,3085.3017238835914,3094.651123046875,9100,0.0,0.0
2007-08-16 00:00:00+09:00,2954.409988926207,3010.5063811210084,2945.0605902270736,3001.156982421875,17600,0.0,0.0
2007-08-17 00:00:00+09:00,3001.1572119140624,3010.506611328125,2804.81982421875,2804.81982421875,18200,0.0,0.0
2007-08-20 00:00:00+09:00,2945.0607161983366,3001.157110792591,2898.313720703125,2898.313720703125,15900,0.0,0.0
2007-08-21 00:00:00+09:00,3019.855779820142,3029.2051785192757,3001.156982421875,3001.156982421875,8100,0.0,0.0
2007-08-22 00:00:00+09:00,3029.2053905036882,3038.5547898570944,3010.506591796875,3010.506591796875,6600,0.0,0.0
2007-08-23 00:00:00+09:00,3094.651123046875,3113.349921373442,3085.3017238835914,3094.651123046875,13400,0.0,0.0
2007-08-24 00:00:00+09:00,3057.2536322294777,3141.3982276119405,3057.2536322294777,3132.048828125,9400,0.0,0.0
2007-08-27 00:00:00+09:00,3206.843885393621,3206.843885393621,3169.4462890625,3169.4462890625,8100,0.0,0.0
2007-08-28 00:00:00+09:00,3122.69921875,3141.398016467066,3104.0004210329344,3122.69921875,5300,0.0,0.0
2007-08-29 00:00:00+09:00,3066.603061687691,3075.952461266007,3038.5548629527425,3057.253662109375,6300,0.0,0.0
2007-08-30 00:00:00+09:00,3066.6029932085867,3075.952392578125,3057.2535938390483,3075.952392578125,2900,0.0,0.0
2007-08-31 00:00:00+09:00,3104.000667269978,3188.145263671875,3104.000667269978,3188.145263671875,10200,0.0,0.0
2007-09-03 00:00:00+09:00,3225.542690740155,3253.590888050939,3225.542690740155,3234.89208984375,4600,0.0,0.0
2007-09-04 00:00:00+09:00,3234.89208984375,3253.590888050939,3225.542690740155,3234.89208984375,3400,0.0,0.0
2007-09-05 00:00:00+09:00,3225.5427586755086,3253.590956577035,3197.4945607739824,3216.193359375,9500,0.0,0.0
2007-09-06 00:00:00+09:00,3178.7956290409484,3281.639017039332,3178.7956290409484,3253.5908203125,16900,0.0,0.0
2007-09-07 00:00:00+09:00,3290.988484465318,3290.988484465318,3225.542690740155,3234.89208984375,5300,0.0,0.0
2007-09-10 00:00:00+09:00,3160.096930197011,3253.590922214674,3160.096930197011,3225.542724609375,13200,0.0,0.0
2007-09-11 00:00:00+09:00,3206.8440326155087,3262.9404296875,3206.8440326155087,3262.9404296875,12500,0.0,0.0
2007-09-12 00:00:00+09:00,3262.9404296875,3262.9404296875,3262.9404296875,3262.9404296875,12500,0.0,0.0
2007-09-13 00:00:00+09:00,3234.892157976017,3234.892157976017,3206.843960074491,3216.193359375,9000,0.0,0.0
2007-09-14 00:00:00+09:00,3132.0485505603606,3178.7955438523063,3132.0485505603606,3141.39794921875,25800,0.0,0.0
2007-09-18 00:00:00+09:00,3141.398118863293,3141.398118863293,3094.651123046875,3094.651123046875,11800,0.0,0.0
2007-09-19 00:00:00+09:00,3141.398125462278,3160.096923828125,3132.0487262793545,3160.096923828125,13800,0.0,0.0
2007-09-20 00:00:00+09:00,3113.349819891467,3122.69921875,3104.0004210329344,3122.69921875,19900,0.0,0.0
2007-09-21 00:00:00+09:00,3085.301860844323,3113.3500595792716,3001.157264639478,3057.253662109375,19900,0.0,0.0
2007-09-25 00:00:00+09:00,2963.7595143964218,2973.108913495464,2842.217326108871,2898.313720703125,28100,0.0,0.0
2007-09-26 00:00:00+09:00,2851.5665176539746,2888.964111328125,2823.5183223983618,2888.964111328125,20000,0.0,0.0
2007-09-27 00:00:00+09:00,2917.012559335443,2973.1089547072784,2907.663160106804,2954.41015625,19600,0.0,0.0
2007-09-28 00:00:00+09:00,2991.8079016516513,3178.79589550488,2991.8079016516513,3113.35009765625,96300,0.0,0.0
2007-10-01 00:00:00+09:00,3225.542792940279,3300.337988138894,3178.795795941144,3206.843994140625,95100,0.0,0.0
2007-10-02 00:00:00+09:00,3216.1934624725072,3234.8922616729287,3122.6994664703993,3188.145263671875,38900,0.0,0.0
2007-10-03 00:00:00+09:00,3197.4944522633273,3206.843851246553,3150.747457347197,3178.795654296875,31000,0.0,0.0
2007-10-04 00:00:00+09:00,3225.5426570661475,3290.988450108069,3225.5426570661475,3244.241455078125,51300,0.0,0.0
2007-10-05 00:00:00+09:00,3356.4343945586047,3393.831992269564,3337.735595703125,3337.735595703125,84500,0.0,0.0
2007-10-09 00:00:00+09:00,3356.434182842126,3393.8317781941273,3309.6871886521244,3328.385986328125,34600,0.0,0.0
2007-10-10 00:00:00+09:00,3375.1331643300514,3431.229560413099,3347.084966288527,3412.53076171875,99800,0.0,0.0
2007-10-11 00:00:00+09:00,3431.2296293904956,3431.2296293904956,3365.783832644628,3393.83203125,42900,0.0,0.0
2007-10-12 00:00:00+09:00,3375.1331533230946,3375.1331533230946,3281.63916015625,3281.63916015625,26400,0.0,0.0
2007-10-15 00:00:00+09:00,3290.9886282234957,3328.38622627149,3253.5910301755016,3262.9404296875,18900,0.0,0.0
2007-10-16 00:00:00+09:00,3169.4463571610722,3169.4463571610722,3150.74755859375,3150.74755859375,18900,0.0,0.0
2007-10-17 00:00:00+09:00,3122.6992442125193,3122.6992442125193,3047.904052734375,3047.904052734375,18900,0.0,0.0
2007-10-18 00:00:00+09:00,3029.20532890389,3113.349921373442,3019.8559297406064,3094.651123046875,15100,0.0,0.0
2007-10-19 00:00:00+09:00,3029.2053905036882,3029.2053905036882,3010.506591796875,3010.506591796875,15100,0.0,0.0
2007-10-22 00:00:00+09:00,2832.867894016278,2945.060681898111,2832.867894016278,2907.6630859375,29900,0.0,0.0
2007-10-23 00:00:00+09:00,2982.458353935918,2982.458353935918,2954.41015625,2954.41015625,29900,0.0,0.0
2007-10-24 00:00:00+09:00,3019.8557353670635,3019.8557353670635,2945.060546875,2945.060546875,29900,0.0,0.0
2007-10-25 00:00:00+09:00,2945.060613955172,2945.060613955172,2926.36181640625,2926.36181640625,29900,0.0,0.0
2007-10-26 00:00:00+09:00,2926.361749751984,2945.060546875,2926.361749751984,2945.060546875,29900,0.0,0.0
2007-10-29 00:00:00+09:00,2991.8076847484276,3010.5064827781052,2973.10888671875,2973.10888671875,7800,0.0,0.0
2007-10-30 00:00:00+09:00,2982.4580740462343,2982.4580740462343,2963.75927734375,2963.75927734375,7800,0.0,0.0
2007-10-31 00:00:00+09:00,2991.807583722741,3010.5063811210084,2963.7593876253404,3001.156982421875,8600,0.0,0.0
2007-11-01 00:00:00+09:00,3001.157058060535,3047.904052734375,3001.157058060535,3047.904052734375,8600,0.0,0.0
2007-11-02 00:00:00+09:00,2991.8076171875,2991.8076171875,2991.8076171875,2991.8076171875,8600,0.0,0.0
2007-11-05 00:00:00+09:00,2982.4582090530153,2991.807607827476,2926.36181640625,2926.36181640625,8500,0.0,0.0
2007-11-06 00:00:00+09:00,2888.9642879571943,2907.6630859375,2888.9642879571943,2907.6630859375,8500,0.0,0.0
2007-11-07 00:00:00+09:00,2898.313644659324,2898.313644659324,2851.566650390625,2851.566650390625,8500,0.0,0.0
2007-11-08 00:00:00+09:00,2795.47021484375,2795.47021484375,2795.47021484375,2795.47021484375,8500,0.0,0.0
2007-11-09 00:00:00+09:00,2804.8196135556022,2804.8196135556022,2795.47021484375,2795.47021484375,8500,0.0,0.0
2007-11-12 00:00:00+09:00,2786.1210868727994,2786.1210868727994,2655.2294921875,2655.2294921875,8500,0.0,0.0
2007-11-13 00:00:00+09:00,2673.928011924342,2673.928011924342,2664.57861328125,2664.57861328125,8500,0.0,0.0
2007-11-14 00:00:00+09:00,2748.723388671875,2748.723388671875,2748.723388671875,2748.723388671875,8500,0.0,0.0
2007-11-15 00:00:00+09:00,2786.120816131898,2795.47021484375,2786.120816131898,2795.47021484375,8500,0.0,0.0
2007-11-16 00:00:00+09:00,2552.3857868153564,2608.482177734375,2552.3857868153564,2608.482177734375,8500,0.0,0.0
2007-11-19 00:00:00+09:00,2543.0365117770525,2552.385910717409,2477.590719194555,2505.638916015625,28000,0.0,0.0
2007-11-20 00:00:00+09:00,2299.952227925145,2412.14501953125,2299.952227925145,2412.14501953125,28000,0.0,0.0
2007-11-21 00:00:00+09:00,2384.0967472362895,2384.0967472362895,2365.39794921875,2365.39794921875,28000,0.0,0.0
2007-11-22 00:00:00+09:00,2318.6509874131943,2393.4461805555557,2318.6509874131943,2356.048583984375,21800,0.0,0.0
2007-11-26 00:00:00+09:00,2449.5426514621836,2449.5426514621836,2356.048657131566,2402.795654296875,12500,0.0,0.0
2007-11-27 00:00:00+09:00,2412.145058371804,2468.241455078125,2412.145058371804,2468.241455078125,21800,0.0,0.0
2007-11-28 00:00:00+09:00,2458.891913052263,2458.891913052263,2430.843716325431,2440.193115234375,15200,0.0,0.0
2007-11-29 00:00:00+09:00,2458.891823180927,2533.68701171875,2458.891823180927,2533.68701171875,15200,0.0,0.0
2007-11-30 00:00:00+09:00,2636.530724566916,2636.530724566916,2580.434326171875,2580.434326171875,15200,0.0,0.0
2007-12-03 00:00:00+09:00,2617.831925101902,2617.831925101902,2580.434326171875,2580.434326171875,15200,0.0,0.0
2007-12-04 00:00:00+09:00,2543.03662109375,2543.03662109375,2543.03662109375,2543.03662109375,15200,0.0,0.0
2007-12-05 00:00:00+09:00,2543.036410285978,2543.036410285978,2533.68701171875,2533.68701171875,15200,0.0,0.0
2007-12-06 00:00:00+09:00,2533.687120916193,2571.084716796875,2533.687120916193,2571.084716796875,15200,0.0,0.0
2007-12-07 00:00:00+09:00,2599.1329137073863,2599.1329137073863,2571.084716796875,2571.084716796875,15200,0.0,0.0
2007-12-10 00:00:00+09:00,2589.783548842381,2589.783548842381,2561.7353515625,2561.7353515625,15200,0.0,0.0
2007-12-11 00:00:00+09:00,2608.482456124944,2608.482456124944,2599.133056640625,2599.133056640625,15200,0.0,0.0
2007-12-12 00:00:00+09:00,2580.4342576719873,2599.133056640625,2580.4342576719873,2599.133056640625,15200,0.0,0.0
2007-12-13 00:00:00+09:00,2571.0847847627633,2571.0847847627633,2552.385986328125,2552.385986328125,15200,0.0,0.0
2007-12-14 00:00:00+09:00,2533.6872902199075,2533.6872902199075,2524.337890625,2524.337890625,15200,0.0,0.0
2007-12-17 00:00:00+09:00,2458.8920508952456,2458.8920508952456,2402.795654296875,2402.795654296875,15200,0.0,0.0
2007-12-18 00:00:00+09:00,2365.398158756767,2412.145157941683,2328.000559408834,2374.74755859375,18600,0.0,0.0
2007-12-19 00:00:00+09:00,2356.048583984375,2356.048583984375,2356.048583984375,2356.048583984375,15200,0.0,0.0
2007-12-20 00:00:00+09:00,2346.6993924272742,2346.6993924272742,2299.952392578125,2299.952392578125,15200,0.0,0.0
2007-12-21 00:00:00+09:00,2299.952323667465,2318.651123046875,2299.952323667465,2318.651123046875,15200,0.0,0.0
2007-12-25 00:00:00+09:00,2337.349853515625,2337.349853515625,2328.0004541015624,2337.349853515625,14400,0.0,0.0
2007-12-26 00:00:00+09:00,2384.0968554307515,2412.1450537299365,2384.0968554307515,2402.795654296875,11100,0.0,0.0
2007-12-27 00:00:00+09:00,2412.1450537299365,2412.1450537299365,2402.795654296875,2402.795654296875,11100,0.0,0.0
2007-12-28 00:00:00+09:00,2402.795654296875,2402.795654296875,2402.795654296875,2402.795654296875,11100,0.0,0.0
2008-01-04 00:00:00+09:00,2281.25341796875,2281.25341796875,2281.25341796875,2281.25341796875,11100,0.0,0.0
2008-01-07 00:00:00+09:00,2253.204932461266,2253.204932461266,2225.15673828125,2225.15673828125,11100,0.0,0.0
2008-01-08 00:00:00+09:00,2206.4580078125,2206.4580078125,2206.4580078125,2206.4580078125,11100,0.0,0.0
2008-01-09 00:00:00+09:00,2197.1088187302216,2215.8076171875,2197.1088187302216,2215.8076171875,11100,0.0,0.0
2008-01-10 00:00:00+09:00,2243.8558843085107,2243.8558843085107,2197.10888671875,2197.10888671875,11100,0.0,0.0
2008-01-11 00:00:00+09:00,2197.1087096382107,2197.1087096382107,2178.409912109375,2178.409912109375,11100,0.0,0.0
2008-01-15 00:00:00+09:00,2187.7593628492223,2187.7593628492223,2028.819580078125,2028.819580078125,11100,0.0,0.0
2008-01-16 00:00:00+09:00,2010.1209147925515,2010.1209147925515,1925.976318359375,1925.976318359375,19100,0.0,0.0
2008-01-17 00:00:00+09:00,1982.0726318359375,1982.0726318359375,1982.0726318359375,1982.0726318359375,19100,0.0,0.0
2008-01-18 00:00:00+09:00,1963.3737224422089,2047.518310546875,1963.3737224422089,2047.518310546875,19100,0.0,0.0
2008-01-21 00:00:00+09:00,1991.4220105038876,1991.4220105038876,1954.0244140625,1954.0244140625,19100,0.0,0.0
2008-01-22 00:00:00+09:00,1925.976119160059,1925.976119160059,1879.2291259765625,1879.2291259765625,19100,0.0,0.0
2008-01-23 00:00:00+09:00,1944.6751175667475,1944.6751175667475,1916.6269187556886,1925.976318359375,13100,0.0,0.0
2008-01-24 00:00:00+09:00,2000.7714503088662,2019.4702489098836,1982.0726517078488,2010.120849609375,14700,0.0,0.0
2008-01-25 00:00:00+09:00,2131.662841796875,2141.0122402258085,2112.9640449390076,2131.662841796875,17700,0.0,0.0
2008-01-28 00:00:00+09:00,2103.614771970406,2103.614771970406,2028.819580078125,2028.819580078125,17700,0.0,0.0
2008-01-29 00:00:00+09:00,2084.9161221004265,2122.313720703125,2084.9161221004265,2122.313720703125,9700,0.0,0.0
2008-01-30 00:00:00+09:00,2122.3135438368054,2122.3135438368054,2103.61474609375,2103.61474609375,9700,0.0,0.0
2008-01-31 00:00:00+09:00,2141.012489611037,2197.10888671875,2141.012489611037,2197.10888671875,9700,0.0,0.0
2008-02-01 00:00:00+09:00,2197.1086536754265,2262.554443359375,2197.1086536754265,2262.554443359375,9700,0.0,0.0
2008-02-04 00:00:00+09:00,2309.301792547955,2309.301792547955,2299.952392578125,2299.952392578125,9700,0.0,0.0
2008-02-05 00:00:00+09:00,2299.952255859375,2337.349853515625,2299.952255859375,2337.349853515625,9700,0.0,0.0
2008-02-06 00:00:00+09:00,2290.602592856197,2290.602592856197,2206.4580078125,2206.4580078125,9700,0.0,0.0
2008-02-07 00:00:00+09:00,2178.4098787226226,2197.108675964877,2178.4098787226226,2187.75927734375,8700,0.0,0.0
2008-02-08 00:00:00+09:00,2281.2531266412816,2281.2531266412816,2225.15673828125,2225.15673828125,8700,0.0,0.0
2008-02-12 00:00:00+09:00,2225.1568718282583,2225.1568718282583,2187.75927734375,2187.75927734375,8700,0.0,0.0
2008-02-13 00:00:00+09:00,2215.8076171875,2215.8076171875,2215.8076171875,2215.8076171875,8700,0.0,0.0
2008-02-14 00:00:00+09:00,2290.602715990321,2309.301513671875,2290.602715990321,2309.301513671875,8700,0.0,0.0
2008-02-15 00:00:00+09:00,2290.6026498572414,2337.349642711471,2290.6026498572414,2328.000244140625,9200,0.0,0.0
2008-02-18 00:00:00+09:00,2356.0487589197833,2374.74755859375,2356.0487589197833,2374.74755859375,9200,0.0,0.0
2008-02-19 00:00:00+09:00,2402.795654296875,2402.795654296875,2402.795654296875,2402.795654296875,9200,0.0,0.0
2008-02-20 00:00:00+09:00,2374.747451171875,2374.747451171875,2337.349853515625,2337.349853515625,9200,0.0,0.0
2008-02-21 00:00:00+09:00,2393.4462890625,2393.4462890625,2393.4462890625,2393.4462890625,9200,0.0,0.0
2008-02-22 00:00:00+09:00,2356.048583984375,2356.048583984375,2356.048583984375,2356.048583984375,9200,0.0,0.0
2008-02-25 00:00:00+09:00,2384.0968554307515,2402.795654296875,2384.0968554307515,2402.795654296875,9200,0.0,0.0
2008-02-26 00:00:00+09:00,2393.4462151394423,2393.4462151394423,2346.69921875,2346.69921875,9200,0.0,0.0
2008-02-27 00:00:00+09:00,2346.6991848415796,2356.048583984375,2346.6991848415796,2356.048583984375,9200,0.0,0.0
2008-02-28 00:00:00+09:00,2365.338991943995,2384.0966796875,2365.338991943995,2384.0966796875,9200,0.0,0.0
2008-02-29 00:00:00+09:00,2384.0968158615538,2384.0968158615538,2346.69921875,2346.69921875,9200,0.0,0.0
2008-03-03 00:00:00+09:00,2337.349642711471,2337.349642711471,2328.000244140625,2328.000244140625,9200,0.0,0.0
2008-03-04 00:00:00+09:00,2206.4580627196287,2328.000244140625,2206.4580627196287,2328.000244140625,9200,0.0,0.0
2008-03-05 00:00:00+09:00,2337.3498134925717,2337.3498134925717,2281.25341796875,2281.25341796875,9200,0.0,0.0
2008-03-06 00:00:00+09:00,2290.6026498572414,2328.000244140625,2290.6026498572414,2328.000244140625,7900,0.0,0.0
2008-03-07 00:00:00+09:00,2328.0004142386015,2328.0004142386015,2281.25341796875,2281.25341796875,7900,0.0,0.0
2008-03-10 00:00:00+09:00,2328.000244140625,2337.349642711471,2309.3014469989334,2328.000244140625,7900,0.0,0.0
2008-03-11 00:00:00+09:00,2328.0003283270476,2440.193115234375,2328.0003283270476,2440.193115234375,7900,0.0,0.0
2008-03-12 00:00:00+09:00,2589.7836948448503,2655.2294921875,2589.7836948448503,2655.2294921875,7900,0.0,0.0
2008-03-13 00:00:00+09:00,2673.928261116759,2730.024658203125,2636.530663059182,2730.024658203125,32100,0.0,0.0
2008-03-14 00:00:00+09:00,2748.7233479817705,2748.7233479817705,2692.626953125,2692.626953125,32100,0.0,0.0
2008-03-17 00:00:00+09:00,2552.385852359262,2589.783447265625,2552.385852359262,2589.783447265625,20500,0.0,0.0
2008-03-18 00:00:00+09:00,2533.6873275093412,2580.434326171875,2533.6873275093412,2580.434326171875,20500,0.0,0.0
2008-03-19 00:00:00+09:00,2701.976268730789,2851.566650390625,2701.976268730789,2851.566650390625,20500,0.0,0.0
2008-03-21 00:00:00+09:00,2804.819715345228,2804.819715345228,2767.422119140625,2767.422119140625,20500,0.0,0.0
2008-03-24 00:00:00+09:00,2804.819756312086,2823.5185546875,2804.819756312086,2823.5185546875,20500,0.0,0.0
2008-03-25 00:00:00+09:00,2842.217184955212,2870.265380859375,2842.217184955212,2870.265380859375,20500,0.0,0.0
2008-03-26 00:00:00+09:00,2701.976459659942,2767.422256260702,2683.2776606311536,2730.024658203125,23600,0.0,0.0
2008-03-27 00:00:00+09:00,2617.8316621026634,2720.675048828125,2617.8316621026634,2720.675048828125,23600,0.0,0.0
2008-03-28 00:00:00+09:00,2730.024507563165,2730.024507563165,2636.530517578125,2636.530517578125,23600,0.0,0.0
2008-03-31 00:00:00+09:00,2496.289517075268,2505.638916015625,2496.289517075268,2505.638916015625,23600,0.0,0.0
2008-04-01 00:00:00+09:00,2477.5908203125,2477.5908203125,2477.5908203125,2477.5908203125,23600,0.0,0.0
2008-04-02 00:00:00+09:00,2496.2896918402776,2524.337890625,2496.2896918402776,2524.337890625,23600,0.0,0.0
2008-04-03 00:00:00+09:00,2533.6870788801116,2533.6870788801116,2514.98828125,2514.98828125,23600,0.0,0.0
2008-04-04 00:00:00+09:00,2486.9403234583733,2486.9403234583733,2449.542724609375,2449.542724609375,23600,0.0,0.0
2008-04-07 00:00:00+09:00,2393.446187258687,2421.494384765625,2393.446187258687,2421.494384765625,23600,0.0,0.0
2008-04-08 00:00:00+09:00,2440.193149038462,2449.542548076923,2421.4943509615387,2430.84375,6800,0.0,0.0
2008-04-09 00:00:00+09:00,2384.096958430733,2384.096958430733,2356.0487589197833,2374.74755859375,5200,0.0,0.0
2008-04-10 00:00:00+09:00,2309.3015814333544,2309.3015814333544,2290.602783203125,2290.602783203125,5200,0.0,0.0
2008-04-11 00:00:00+09:00,2318.6509541749015,2365.39794921875,2318.6509541749015,2365.39794921875,5200,0.0,0.0
2008-04-14 00:00:00+09:00,2365.3981923669335,2365.3981923669335,2299.952392578125,2299.952392578125,5200,0.0,0.0
2008-04-15 00:00:00+09:00,2281.2533171495443,2309.301513671875,2281.2533171495443,2309.301513671875,5200,0.0,0.0
2008-04-16 00:00:00+09:00,2309.3016216384462,2346.69921875,2309.3016216384462,2346.69921875,5200,0.0,0.0
2008-04-17 00:00:00+09:00,2346.6991848415796,2356.048583984375,2346.6991848415796,2356.048583984375,5200,0.0,0.0
2008-04-18 00:00:00+09:00,2346.6990847120096,2384.0966796875,2346.6990847120096,2384.0966796875,5200,0.0,0.0
2008-04-21 00:00:00+09:00,2468.241311961207,2468.241311961207,2421.494317416487,2440.193115234375,6000,0.0,0.0
2008-04-22 00:00:00+09:00,2365.398090362549,2393.4462890625,2365.398090362549,2393.4462890625,6000,0.0,0.0
2008-04-23 00:00:00+09:00,2384.0966796875,2384.0966796875,2365.397882199755,2384.0966796875,5000,0.0,0.0
2008-04-24 00:00:00+09:00,2384.0968158615538,2384.0968158615538,2346.69921875,2346.69921875,5000,0.0,0.0
2008-04-25 00:00:00+09:00,2393.4462890625,2393.4462890625,2393.4462890625,2393.4462890625,5000,0.0,0.0
2008-04-28 00:00:00+09:00,2430.8437839346043,2430.8437839346043,2421.494384765625,2421.494384765625,5000,0.0,0.0
2008-04-30 00:00:00+09:00,2421.4943509615387,2430.84375,2421.4943509615387,2430.84375,5000,0.0,0.0
2008-05-01 00:00:00+09:00,2384.0966796875,2384.0966796875,2384.0966796875,2384.0966796875,5000,0.0,0.0
2008-05-02 00:00:00+09:00,2393.4462890625,2393.4462890625,2393.4462890625,2393.4462890625,5000,0.0,0.0
2008-05-07 00:00:00+09:00,2430.84385259606,2430.84385259606,2402.795654296875,2402.795654296875,5000,0.0,0.0
2008-05-08 00:00:00+09:00,2402.795654296875,2402.795654296875,2402.795654296875,2402.795654296875,5000,0.0,0.0
2008-05-09 00:00:00+09:00,2337.349853515625,2337.349853515625,2337.349853515625,2337.349853515625,5000,0.0,0.0
2008-05-12 00:00:00+09:00,2290.602783203125,2290.602783203125,2290.602783203125,2290.602783203125,5000,0.0,0.0
2008-05-13 00:00:00+09:00,2271.904192668636,2299.952392578125,2271.904192668636,2299.952392578125,5000,0.0,0.0
2008-05-14 00:00:00+09:00,2346.69921875,2346.69921875,2346.69921875,2346.69921875,5000,0.0,0.0
2008-05-15 00:00:00+09:00,2393.446187258687,2421.494384765625,2393.446187258687,2421.494384765625,5000,0.0,0.0
2008-05-16 00:00:00+09:00,2401.8962883644326,2412.14501953125,2401.8962883644326,2412.14501953125,5000,0.0,0.0
2008-05-19 00:00:00+09:00,2328.000244140625,2328.000244140625,2328.000244140625,2328.000244140625,5000,0.0,0.0
2008-05-20 00:00:00+09:00,2328.000244140625,2337.349642711471,2328.000244140625,2328.000244140625,3900,0.0,0.0
2008-05-21 00:00:00+09:00,2299.952392578125,2299.952392578125,2299.952392578125,2299.952392578125,3900,0.0,0.0
2008-05-22 00:00:00+09:00,2299.9522164766904,2299.9522164766904,2281.25341796875,2281.25341796875,3900,0.0,0.0
2008-05-23 00:00:00+09:00,2271.904052734375,2271.904052734375,2271.904052734375,2271.904052734375,3900,0.0,0.0
2008-05-26 00:00:00+09:00,2253.204932461266,2253.204932461266,2225.15673828125,2225.15673828125,3900,0.0,0.0
2008-05-27 00:00:00+09:00,2253.2051455445867,2253.2051455445867,2234.50634765625,2234.50634765625,3900,0.0,0.0
2008-05-28 00:00:00+09:00,2169.060546875,2169.060546875,2169.060546875,2169.060546875,3900,0.0,0.0
2008-05-29 00:00:00+09:00,2187.759344692888,2187.759344692888,2169.060546875,2169.060546875,3900,0.0,0.0
2008-05-30 00:00:00+09:00,2169.060546875,2169.060546875,2169.060546875,2169.060546875,3900,0.0,0.0
2008-06-02 00:00:00+09:00,2159.711147966056,2169.060546875,2159.711147966056,2169.060546875,3900,0.0,0.0
2008-06-03 00:00:00+09:00,2178.409945783944,2178.409945783944,2169.060546875,2169.060546875,3900,0.0,0.0
2008-06-04 00:00:00+09:00,2243.855712890625,2243.855712890625,2243.855712890625,2243.855712890625,3900,0.0,0.0
2008-06-05 00:00:00+09:00,2262.554443359375,2262.554443359375,2262.554443359375,2262.554443359375,3900,0.0,0.0
2008-06-06 00:00:00+09:00,2271.904052734375,2271.904052734375,2271.904052734375,2271.904052734375,3900,0.0,0.0
2008-06-09 00:00:00+09:00,2187.75927734375,2187.75927734375,2187.75927734375,2187.75927734375,3900,0.0,0.0
2008-06-10 00:00:00+09:00,2197.10888671875,2197.10888671875,2197.10888671875,2197.10888671875,3900,0.0,0.0
2008-06-11 00:00:00+09:00,2197.1086094743114,2206.4580078125,2197.1086094743114,2206.4580078125,3900,0.0,0.0
2008-06-12 00:00:00+09:00,2206.4580078125,2206.4580078125,2206.4580078125,2206.4580078125,3900,0.0,0.0
2008-06-13 00:00:00+09:00,2178.409766686481,2178.409766686481,2150.361572265625,2150.361572265625,3900,0.0,0.0
2008-06-16 00:00:00+09:00,2150.361749057112,2169.060546875,2150.361749057112,2169.060546875,3900,0.0,0.0
2008-06-17 00:00:00+09:00,2169.060546875,2169.060546875,2169.060546875,2169.060546875,3900,0.0,0.0
2008-06-18 00:00:00+09:00,2178.409912109375,2178.409912109375,2178.409912109375,2178.409912109375,3900,0.0,0.0
2008-06-19 00:00:00+09:00,2169.0603685461956,2169.0603685461956,2150.361572265625,2150.361572265625,3900,0.0,0.0
2008-06-20 00:00:00+09:00,2178.409766686481,2178.409766686481,2150.361572265625,2150.361572265625,3900,0.0,0.0
2008-06-23 00:00:00+09:00,2122.313720703125,2122.313720703125,2122.313720703125,2122.313720703125,3900,0.0,0.0
2008-06-24 00:00:00+09:00,2122.313720703125,2122.313720703125,2122.313720703125,2122.313720703125,3900,0.0,0.0
2008-06-25 00:00:00+09:00,2131.662841796875,2131.662841796875,2131.662841796875,2131.662841796875,3900,0.0,0.0
2008-06-26 00:00:00+09:00,2197.108562967052,2197.108562967052,2131.6627759850544,2150.361572265625,11900,0.0,0.0
2008-06-27 00:00:00+09:00,2094.265313882743,2112.964111328125,2094.265313882743,2112.964111328125,11900,0.0,0.0
2008-06-30 00:00:00+09:00,2103.614853771493,2141.012451171875,2103.614853771493,2141.012451171875,11900,0.0,0.0
2008-07-01 00:00:00+09:00,2141.012341579861,2141.012341579861,2103.61474609375,2103.61474609375,11900,0.0,0.0
2008-07-02 00:00:00+09:00,2103.6148139714123,2103.6148139714123,2084.916015625,2084.916015625,11900,0.0,0.0
2008-07-03 00:00:00+09:00,2047.5184861955602,2066.21728515625,2047.5184861955602,2066.21728515625,11900,0.0,0.0
2008-07-04 00:00:00+09:00,2066.2170080236488,2075.56640625,2066.2170080236488,2075.56640625,11900,0.0,0.0
2008-07-07 00:00:00+09:00,2056.867609797297,2075.56640625,2056.867609797297,2075.56640625,11900,0.0,0.0
2008-07-08 00:00:00+09:00,2038.1691363299333,2038.1691363299333,2019.4703369140625,2019.4703369140625,11900,0.0,0.0
2008-07-09 00:00:00+09:00,2047.5183780511952,2047.5183780511952,2028.819580078125,2028.819580078125,11900,0.0,0.0
2008-07-10 00:00:00+09:00,2028.819580078125,2028.819580078125,2028.819580078125,2028.819580078125,11900,0.0,0.0
2008-07-11 00:00:00+09:00,2028.8196872348701,2066.21728515625,2028.8196872348701,2066.21728515625,11900,0.0,0.0
2008-07-14 00:00:00+09:00,2066.21728515625,2075.5666846365953,2066.21728515625,2066.21728515625,4000,0.0,0.0
2008-07-15 00:00:00+09:00,2112.9640669389205,2112.9640669389205,2056.86767578125,2056.86767578125,4000,0.0,0.0
2008-07-16 00:00:00+09:00,2038.1690673828125,2038.1690673828125,2038.1690673828125,2038.1690673828125,4000,0.0,0.0
2008-07-17 00:00:00+09:00,2066.21728515625,2066.21728515625,2066.21728515625,2066.21728515625,4000,0.0,0.0
2008-07-18 00:00:00+09:00,2084.916015625,2084.916015625,2075.566616451794,2084.916015625,2600,0.0,0.0
2008-07-22 00:00:00+09:00,2103.6147126054343,2131.6629087735064,2094.265313882743,2112.964111328125,3200,0.0,0.0
2008-07-23 00:00:00+09:00,2159.711181640625,2159.711181640625,2159.711181640625,2159.711181640625,3200,0.0,0.0
2008-07-24 00:00:00+09:00,2178.409912109375,2178.409912109375,2178.409912109375,2178.409912109375,3200,0.0,0.0
2008-07-25 00:00:00+09:00,2150.361749057112,2169.060546875,2150.361749057112,2169.060546875,3200,0.0,0.0
2008-07-28 00:00:00+09:00,2150.3616386547424,2150.3616386547424,2131.662841796875,2131.662841796875,3200,0.0,0.0
2008-07-29 00:00:00+09:00,2112.964111328125,2112.964111328125,2112.964111328125,2112.964111328125,3200,0.0,0.0
2008-07-30 00:00:00+09:00,2169.060513344957,2178.409912109375,2169.060513344957,2178.409912109375,3200,0.0,0.0
2008-07-31 00:00:00+09:00,2150.361749057112,2169.060546875,2150.361749057112,2169.060546875,3200,0.0,0.0
2008-08-01 00:00:00+09:00,2169.0603685461956,2169.0603685461956,2150.361572265625,2150.361572265625,3200,0.0,0.0
2008-08-04 00:00:00+09:00,2122.3135100508157,2131.6629087735064,2103.6147126054343,2112.964111328125,2200,0.0,0.0
2008-08-05 00:00:00+09:00,2128.8580891566994,2128.8580891566994,2112.964111328125,2112.964111328125,2200,0.0,0.0
2008-08-06 00:00:00+09:00,2159.7112886469413,2197.10888671875,2159.7112886469413,2197.10888671875,2200,0.0,0.0
2008-08-07 00:00:00+09:00,2150.3617158161214,2178.409912109375,2150.3617158161214,2178.409912109375,2200,0.0,0.0
2008-08-08 00:00:00+09:00,2159.7112886469413,2206.458286236702,2159.7112886469413,2197.10888671875,2400,0.0,0.0
2008-08-11 00:00:00+09:00,2206.458117675781,2243.855712890625,2206.458117675781,2243.855712890625,2400,0.0,0.0
2008-08-12 00:00:00+09:00,2206.4579421612393,2225.15673828125,2206.4579421612393,2225.15673828125,1900,0.0,0.0
2008-08-13 00:00:00+09:00,2131.6629427083335,2131.6629427083335,2103.61474609375,2103.61474609375,1900,0.0,0.0
2008-08-14 00:00:00+09:00,2103.61474609375,2103.61474609375,2103.61474609375,2103.61474609375,1900,0.0,0.0
2008-08-15 00:00:00+09:00,2084.9161221004265,2122.313720703125,2084.9161221004265,2122.313720703125,1900,0.0,0.0
2008-08-18 00:00:00+09:00,2197.108562967052,2197.108562967052,2150.361572265625,2150.361572265625,3700,0.0,0.0
2008-08-19 00:00:00+09:00,2131.6631203537995,2131.6631203537995,2122.313720703125,2122.313720703125,3700,0.0,0.0
2008-08-20 00:00:00+09:00,2103.6147126054343,2122.3135100508157,2094.265313882743,2112.964111328125,4800,0.0,0.0
2008-08-21 00:00:00+09:00,2084.915948350694,2112.9641449652777,2075.5665494791665,2103.61474609375,3000,0.0,0.0
2008-08-22 00:00:00+09:00,2169.0603685461956,2169.0603685461956,2122.313377844769,2150.361572265625,1900,0.0,0.0
2008-08-25 00:00:00+09:00,2169.0604801014956,2187.75927734375,2169.0604801014956,2187.75927734375,1900,0.0,0.0
2008-08-26 00:00:00+09:00,2169.0605806953463,2169.0605806953463,2159.711181640625,2159.711181640625,1900,0.0,0.0
2008-08-27 00:00:00+09:00,2159.711181640625,2159.711181640625,2150.3617825859037,2159.711181640625,1200,0.0,0.0
2008-08-28 00:00:00+09:00,2178.409945783944,2178.409945783944,2169.060546875,2169.060546875,1200,0.0,0.0
2008-08-29 00:00:00+09:00,2169.0605224609376,2243.855712890625,2169.0605224609376,2243.855712890625,1200,0.0,0.0
2008-09-01 00:00:00+09:00,2243.8556690705127,2243.8556690705127,2187.75927734375,2187.75927734375,1200,0.0,0.0
2008-09-02 00:00:00+09:00,2150.3616386547424,2169.0604355126097,2122.313443367941,2131.662841796875,5800,0.0,0.0
2008-09-03 00:00:00+09:00,2178.409912109375,2178.409912109375,2178.409912109375,2178.409912109375,5800,0.0,0.0
2008-09-04 00:00:00+09:00,2178.409912109375,2178.409912109375,2178.409912109375,2178.409912109375,5800,0.0,0.0
2008-09-05 00:00:00+09:00,2122.313443367941,2131.662841796875,2122.313443367941,2131.662841796875,5800,0.0,0.0
2008-09-08 00:00:00+09:00,2159.7111145805393,2178.409912109375,2159.7111145805393,2178.409912109375,5800,0.0,0.0
2008-09-09 00:00:00+09:00,2112.9643210524505,2122.313720703125,2103.614921401776,2122.313720703125,3200,0.0,0.0
2008-09-10 00:00:00+09:00,2141.0121741253397,2150.361572265625,2131.6627759850544,2150.361572265625,3200,0.0,0.0
2008-09-11 00:00:00+09:00,2122.313577924456,2122.313577924456,2094.265380859375,2094.265380859375,3200,0.0,0.0
2008-09-12 00:00:00+09:00,2122.313443367941,2131.662841796875,2122.313443367941,2131.662841796875,7600,0.0,0.0
2008-09-16 00:00:00+09:00,2131.662951239224,2169.060546875,2131.662951239224,2169.060546875,200,0.0,0.0
2008-09-17 00:00:00+09:00,2141.0123835311824,2159.711181640625,2141.0123835311824,2159.711181640625,200,0.0,0.0
2008-09-18 00:00:00+09:00,2141.012451171875,2141.012451171875,2141.012451171875,2141.012451171875,200,0.0,0.0
2008-09-19 00:00:00+09:00,2169.060513344957,2178.409912109375,2169.060513344957,2178.409912109375,200,0.0,0.0
2008-09-22 00:00:00+09:00,2215.8076171875,2215.8076171875,2215.8076171875,2215.8076171875,200,0.0,0.0
2008-09-24 00:00:00+09:00,2225.15673828125,2225.15673828125,2225.15673828125,2225.15673828125,200,0.0,0.0
2008-09-25 00:00:00+09:00,2159.7112886469413,2197.10888671875,2159.7112886469413,2197.10888671875,200,0.0,0.0
2008-09-26 00:00:00+09:00,2122.31368203832,2122.31368203832,2066.21728515625,2066.21728515625,200,0.0,0.0
2008-09-29 00:00:00+09:00,2056.867896670387,2056.867896670387,1963.3739013671875,1963.3739013671875,200,0.0,0.0
2008-09-30 00:00:00+09:00,1823.1329084123884,1963.3739013671875,1823.1329084123884,1963.3739013671875,200,0.0,0.0
2008-10-01 00:00:00+09:00,1897.9279913974167,1897.9279913974167,1860.5303955078125,1860.5303955078125,200,0.0,0.0
2008-10-02 00:00:00+09:00,1823.1327354029604,1823.1327354029604,1776.3857421875,1776.3857421875,200,0.0,0.0
2008-10-03 00:00:00+09:00,1636.144817204765,1692.2412109375,1617.4460192938536,1692.2412109375,11300,0.0,0.0
2008-10-06 00:00:00+09:00,1682.89188361316,1682.89188361316,1505.2532958984375,1505.2532958984375,11300,0.0,0.0
2008-10-07 00:00:00+09:00,1552.000244140625,1552.000244140625,1552.000244140625,1552.000244140625,11300,0.0,0.0
2008-10-08 00:00:00+09:00,1552.0002014160157,1552.0002014160157,1495.90380859375,1495.90380859375,11300,0.0,0.0
2008-10-09 00:00:00+09:00,1523.9520263671875,1523.9520263671875,1523.9520263671875,1523.9520263671875,11300,0.0,0.0
2008-10-10 00:00:00+09:00,1477.2050645616318,1514.6026611328125,1477.2050645616318,1514.6026611328125,11300,0.0,0.0
2008-10-14 00:00:00+09:00,1645.4942491319443,1682.891845703125,1645.4942491319443,1682.891845703125,11300,0.0,0.0
2008-10-15 00:00:00+09:00,1682.8917786315246,1701.590576171875,1682.8917786315246,1701.590576171875,11300,0.0,0.0
2008-10-16 00:00:00+09:00,1701.5906580144708,1701.5906580144708,1645.4942626953125,1645.4942626953125,11300,0.0,0.0
2008-10-17 00:00:00+09:00,1720.2893950591217,1729.6387939453125,1701.59059728674,1729.6387939453125,7400,0.0,0.0
2008-10-20 00:00:00+09:00,1804.4339481876586,1841.83154296875,1804.4339481876586,1841.83154296875,7400,0.0,0.0
2008-10-21 00:00:00+09:00,1916.6268310546875,1916.6268310546875,1916.6268310546875,1916.6268310546875,7400,0.0,0.0
2008-10-22 00:00:00+09:00,1925.9762302305642,1925.9762302305642,1916.6268310546875,1916.6268310546875,7400,0.0,0.0
2008-10-23 00:00:00+09:00,1869.879822069378,1954.0244140625,1869.879822069378,1954.0244140625,7400,0.0,0.0
2008-10-24 00:00:00+09:00,1944.6750285823173,1944.6750285823173,1916.6268310546875,1916.6268310546875,7400,0.0,0.0
2008-10-27 00:00:00+09:00,1916.6267478859031,1916.6267478859031,1701.590576171875,1701.590576171875,7400,0.0,0.0
2008-10-28 00:00:00+09:00,1645.4941703680204,1841.83154296875,1645.4941703680204,1841.83154296875,7400,0.0,0.0
2008-10-29 00:00:00+09:00,1841.8316892172402,1935.32568359375,1841.8316892172402,1935.32568359375,7400,0.0,0.0
2008-10-30 00:00:00+09:00,1925.976150585012,1972.72314453125,1925.976150585012,1972.72314453125,7400,0.0,0.0
2008-10-31 00:00:00+09:00,1972.723025760135,2075.56640625,1972.723025760135,2075.56640625,7400,0.0,0.0
2008-11-04 00:00:00+09:00,2075.566472833807,2075.566472833807,2056.86767578125,2056.86767578125,18800,0.0,0.0
2008-11-05 00:00:00+09:00,2066.217256371111,2141.012451171875,2066.217256371111,2141.012451171875,18800,0.0,0.0
2008-11-06 00:00:00+09:00,2019.4702489098836,2019.4702489098836,2010.120849609375,2010.120849609375,18800,0.0,0.0
2008-11-07 00:00:00+09:00,1925.9762559047965,2010.120849609375,1925.9762559047965,2010.120849609375,18800,0.0,0.0
2008-11-10 00:00:00+09:00,2038.1689118685786,2056.867709225171,2028.8195131902824,2047.518310546875,3900,0.0,0.0
2008-11-11 00:00:00+09:00,2010.1209147925515,2010.1209147925515,1925.976318359375,1925.976318359375,3900,0.0,0.0
2008-11-12 00:00:00+09:00,1888.57861328125,1897.9280123568997,1869.8798151299504,1888.57861328125,2600,0.0,0.0
2008-11-13 00:00:00+09:00,1832.4821223622746,1832.4821223622746,1813.7833251953125,1813.7833251953125,2600,0.0,0.0
2008-11-14 00:00:00+09:00,1813.7834134615384,1823.1328125,1813.7834134615384,1823.1328125,2600,0.0,0.0
2008-11-17 00:00:00+09:00,1813.7833925882976,1813.7833925882976,1785.735195795695,1795.0845947265625,2600,0.0,0.0
2008-11-18 00:00:00+09:00,1795.0845703125,1869.8797607421875,1795.0845703125,1869.8797607421875,2600,0.0,0.0
2008-11-19 00:00:00+09:00,1832.482177734375,1832.482177734375,1832.482177734375,1832.482177734375,2600,0.0,0.0
2008-11-20 00:00:00+09:00,1832.482146232359,1832.482146232359,1738.9881591796875,1738.9881591796875,2600,0.0,0.0
2008-11-21 00:00:00+09:00,1738.9881928315033,1738.9881928315033,1729.6387939453125,1729.6387939453125,2600,0.0,0.0
2008-11-25 00:00:00+09:00,1729.638814723238,1757.68701171875,1729.638814723238,1757.68701171875,25100,0.0,0.0
2008-11-26 00:00:00+09:00,1738.9881591796875,1738.9881591796875,1738.9881591796875,1738.9881591796875,8700,0.0,0.0
2008-11-27 00:00:00+09:00,1729.6388277800188,1729.6388277800188,1720.2894287109375,1720.2894287109375,8700,0.0,0.0
2008-11-28 00:00:00+09:00,1720.2894078038673,1720.2894078038673,1692.2412109375,1692.2412109375,8700,0.0,0.0
2008-12-01 00:00:00+09:00,1692.241167689732,1692.241167689732,1636.144775390625,1636.144775390625,8700,0.0,0.0
2008-12-02 00:00:00+09:00,1636.1447652180989,1636.1447652180989,1570.698974609375,1570.698974609375,8700,0.0,0.0
2008-12-03 00:00:00+09:00,1580.048373267764,1580.048373267764,1570.698974609375,1570.698974609375,8700,0.0,0.0
2008-12-04 00:00:00+09:00,1570.6989960252192,1598.7471923828125,1570.6989960252192,1598.7471923828125,8700,0.0,0.0
2008-12-05 00:00:00+09:00,1598.7472602799094,1598.7472602799094,1580.0484619140625,1580.0484619140625,8700,0.0,0.0
2008-12-08 00:00:00+09:00,1542.650799667626,1598.7471923828125,1542.650799667626,1598.7471923828125,8700,0.0,0.0
2008-12-09 00:00:00+09:00,1580.048475970644,1580.048475970644,1542.65087890625,1542.65087890625,8700,0.0,0.0
2008-12-10 00:00:00+09:00,1542.6508933120633,1542.6508933120633,1505.2532958984375,1505.2532958984375,8700,0.0,0.0
2008-12-11 00:00:00+09:00,1495.9038825757575,1542.65087890625,1495.9038825757575,1542.65087890625,8700,0.0,0.0
2008-12-12 00:00:00+09:00,1580.048475970644,1580.048475970644,1542.65087890625,1542.65087890625,8700,0.0,0.0
2008-12-15 00:00:00+09:00,1561.349630198759,1589.3978271484375,1561.349630198759,1589.3978271484375,8700,0.0,0.0
2008-12-16 00:00:00+09:00,1552.0001772925966,1570.698974609375,1552.0001772925966,1570.698974609375,1600,0.0,0.0
2008-12-17 00:00:00+09:00,1542.6507786342074,1570.698974609375,1542.6507786342074,1570.698974609375,2700,0.0,0.0
2008-12-18 00:00:00+09:00,1542.65087890625,1542.65087890625,1542.65087890625,1542.65087890625,4400,0.0,0.0
2008-12-19 00:00:00+09:00,1552.0002838844475,1608.0966796875,1552.0002838844475,1608.0966796875,5700,0.0,0.0
2008-12-22 00:00:00+09:00,1701.5906129769942,1860.5303955078125,1701.5906129769942,1860.5303955078125,17700,0.0,0.0
2008-12-24 00:00:00+09:00,1888.5786587027615,2010.120849609375,1888.5786587027615,2010.120849609375,63200,0.0,0.0
2008-12-25 00:00:00+09:00,1729.6387604744202,1748.3375578849545,1692.2411656533518,1738.9881591796875,33500,0.0,0.0
2008-12-26 00:00:00+09:00,1720.2894078038673,1720.2894078038673,1645.494216160221,1692.2412109375,14500,0.0,0.0
2008-12-29 00:00:00+09:00,1645.494242232659,1645.494242232659,1617.446044921875,1617.446044921875,25400,0.0,0.0
2008-12-30 00:00:00+09:00,1645.494207974138,1654.843606883082,1598.747213429418,1626.79541015625,6700,0.0,0.0
2009-01-05 00:00:00+09:00,1636.144877589026,1645.4942768895348,1608.0966796875,1608.0966796875,4100,0.0,0.0
2009-01-06 00:00:00+09:00,1617.446044921875,1617.446044921875,1617.446044921875,1617.446044921875,7800,0.0,0.0
2009-01-07 00:00:00+09:00,1636.144809065194,1636.144809065194,1626.79541015625,1626.79541015625,6000,0.0,0.0
2009-01-08 00:00:00+09:00,1580.0484281652114,1589.3978271484375,1580.0484281652114,1589.3978271484375,6500,0.0,0.0
2009-01-09 00:00:00+09:00,1589.3977719261532,1589.3977719261532,1542.6507786342074,1570.698974609375,7400,0.0,0.0
2009-01-13 00:00:00+09:00,1570.6990210410277,1570.6990210410277,1523.9520263671875,1523.9520263671875,11100,0.0,0.0
2009-01-14 00:00:00+09:00,1523.952080374053,1542.65087890625,1523.952080374053,1542.65087890625,2200,0.0,0.0
2009-01-15 00:00:00+09:00,1523.9520469573608,1552.000244140625,1523.9520469573608,1552.000244140625,9700,0.0,0.0
2009-01-16 00:00:00+09:00,1533.3014038085937,1533.3014038085937,1495.90380859375,1495.90380859375,5500,0.0,0.0
2009-01-19 00:00:00+09:00,1533.3014594184026,1533.3014594184026,1495.9038628472222,1514.6026611328125,4200,0.0,0.0
2009-01-20 00:00:00+09:00,1495.90380859375,1495.90380859375,1495.90380859375,1495.90380859375,2600,0.0,0.0
2009-01-21 00:00:00+09:00,1477.205078125,1477.205078125,1477.205078125,1477.205078125,3800,0.0,0.0
2009-01-22 00:00:00+09:00,1477.2050443445362,1486.554443359375,1477.2050443445362,1486.554443359375,1000,0.0,0.0
2009-01-23 00:00:00+09:00,1477.2050443445362,1486.554443359375,1477.2050443445362,1486.554443359375,3100,0.0,0.0
2009-01-26 00:00:00+09:00,1495.9039112261146,1495.9039112261146,1467.855712890625,1467.855712890625,3200,0.0,0.0
2009-01-27 00:00:00+09:00,1505.2532958984375,1505.2532958984375,1505.2532958984375,1505.2532958984375,3700,0.0,0.0
2009-01-28 00:00:00+09:00,1505.2532284976514,1523.9520263671875,1505.2532284976514,1523.9520263671875,3300,0.0,0.0
2009-01-29 00:00:00+09:00,1523.9520469573608,1552.000244140625,1523.9520469573608,1552.000244140625,3900,0.0,0.0
2009-01-30 00:00:00+09:00,1552.0002926654697,1552.0002926654697,1505.2532958984375,1505.2532958984375,4600,0.0,0.0
2009-02-02 00:00:00+09:00,1505.2532549458167,1505.2532549458167,1449.1568603515625,1449.1568603515625,5600,0.0,0.0
2009-02-03 00:00:00+09:00,1495.9038342927631,1495.9038342927631,1402.4098446494654,1421.108642578125,3600,0.0,0.0
2009-02-04 00:00:00+09:00,1421.108696479302,1439.8074951171875,1421.108696479302,1439.8074951171875,3100,0.0,0.0
2009-02-05 00:00:00+09:00,1467.8556788963608,1477.205078125,1467.8556788963608,1477.205078125,5100,0.0,0.0
2009-02-06 00:00:00+09:00,1477.2050576486895,1477.2050576486895,1449.1568603515625,1449.1568603515625,1600,0.0,0.0
2009-02-09 00:00:00+09:00,1439.8074065563726,1439.8074065563726,1430.4580078125,1430.4580078125,1600,0.0,0.0
2009-02-10 00:00:00+09:00,1365.0122950547407,1411.7592914607249,1271.518302242772,1374.3616943359375,1800,0.0,0.0
2009-02-12 00:00:00+09:00,1383.711128130351,1383.711128130351,1365.0123291015625,1365.0123291015625,2700,0.0,0.0
2009-02-13 00:00:00+09:00,1393.0604456851356,1421.108642578125,1393.0604456851356,1421.108642578125,3500,0.0,0.0
2009-02-16 00:00:00+09:00,1471.0746037995443,1495.90380859375,1471.0746037995443,1495.90380859375,3000,0.0,0.0
2009-02-17 00:00:00+09:00,1458.5062594506048,1458.5062594506048,1449.1568603515625,1449.1568603515625,2000,0.0,0.0
2009-02-18 00:00:00+09:00,1449.1569091796875,1449.1569091796875,1402.409912109375,1402.409912109375,7200,0.0,0.0
2009-02-19 00:00:00+09:00,1430.4580757191638,1430.4580757191638,1411.75927734375,1411.75927734375,2700,0.0,0.0
2009-02-20 00:00:00+09:00,1355.662841796875,1355.662841796875,1355.662841796875,1355.662841796875,7500,0.0,0.0
2009-02-23 00:00:00+09:00,1355.6629150390625,1402.409912109375,1355.6629150390625,1402.409912109375,3500,0.0,0.0
2009-02-24 00:00:00+09:00,1393.0604374326508,1393.0604374326508,1355.662841796875,1355.662841796875,1800,0.0,0.0
2009-02-25 00:00:00+09:00,1402.409912109375,1402.409912109375,1402.409912109375,1402.409912109375,2300,0.0,0.0
2009-02-26 00:00:00+09:00,1402.4098648563509,1449.1568603515625,1402.4098648563509,1449.1568603515625,4800,0.0,0.0
2009-02-27 00:00:00+09:00,1449.156874094578,1449.156874094578,1411.75927734375,1411.75927734375,3200,0.0,0.0
2009-03-02 00:00:00+09:00,1411.7592971603592,1439.8074951171875,1411.7592971603592,1439.8074951171875,4000,0.0,0.0
2009-03-03 00:00:00+09:00,1393.0604456851356,1421.108642578125,1393.0604456851356,1421.108642578125,3800,0.0,0.0
2009-03-04 00:00:00+09:00,1402.4098714192708,1402.4098714192708,1346.3134765625,1346.3134765625,16600,0.0,0.0
2009-03-05 00:00:00+09:00,1570.6990913722827,1570.6990913722827,1505.2532958984375,1505.2532958984375,119800,0.0,0.0
2009-03-06 00:00:00+09:00,1383.7110595703125,1383.7110595703125,1383.7110595703125,1383.7110595703125,34400,0.0,0.0
2009-03-09 00:00:00+09:00,1383.7110467208058,1421.108642578125,1383.7110467208058,1421.108642578125,14100,0.0,0.0
2009-03-10 00:00:00+09:00,1393.0604248046875,1393.0604248046875,1393.0604248046875,1393.0604248046875,8400,0.0,0.0
2009-03-11 00:00:00+09:00,1402.409912109375,1402.409912109375,1402.409912109375,1402.409912109375,7800,0.0,0.0
2009-03-12 00:00:00+09:00,1383.7110797806292,1411.75927734375,1383.7110797806292,1411.75927734375,4900,0.0,0.0
2009-03-13 00:00:00+09:00,1439.8074679904514,1514.6026611328125,1439.8074679904514,1514.6026611328125,24100,0.0,0.0
2009-03-16 00:00:00+09:00,1654.8436482747395,1682.891845703125,1608.096652560764,1682.891845703125,27100,0.0,0.0
2009-03-17 00:00:00+09:00,1645.4942626953125,1645.4942626953125,1645.4942626953125,1645.4942626953125,15400,0.0,0.0
2009-03-18 00:00:00+09:00,1617.4460789880086,1617.4460789880086,1608.0966796875,1608.0966796875,4900,0.0,0.0
2009-03-19 00:00:00+09:00,1580.0484681562943,1645.4942626953125,1580.0484681562943,1645.4942626953125,11000,0.0,0.0
2009-03-23 00:00:00+09:00,1654.8436482747395,1682.891845703125,1654.8436482747395,1682.891845703125,15400,0.0,0.0
2009-03-24 00:00:00+09:00,1682.8917689732143,1682.8917689732143,1636.144775390625,1636.144775390625,12800,0.0,0.0
2009-03-25 00:00:00+09:00,1645.494228901836,1654.8436279296875,1645.494228901836,1654.8436279296875,7900,0.0,0.0
2009-03-26 00:00:00+09:00,1626.7954230813418,1626.7954230813418,1589.3978271484375,1589.3978271484375,7900,0.0,0.0
2009-03-27 00:00:00+09:00,1617.4460240981157,1617.4460240981157,1589.3978271484375,1589.3978271484375,6200,0.0,0.0
2009-03-30 00:00:00+09:00,1580.048475970644,1580.048475970644,1542.65087890625,1542.65087890625,7000,0.0,0.0
2009-03-31 00:00:00+09:00,1533.3014594184026,1533.3014594184026,1514.6026611328125,1514.6026611328125,3100,0.0,0.0
2009-04-01 00:00:00+09:00,1542.650845079537,1552.000244140625,1542.650845079537,1552.000244140625,1500,0.0,0.0
2009-04-02 00:00:00+09:00,1552.0002643652922,1580.0484619140625,1552.0002643652922,1580.0484619140625,3900,0.0,0.0
2009-04-03 00:00:00+09:00,1533.3014127994013,1561.349609375,1533.3014127994013,1561.349609375,4800,0.0,0.0
2009-04-06 00:00:00+09:00,1523.9520263671875,1523.9520263671875,1523.9520263671875,1523.9520263671875,3500,0.0,0.0
2009-04-07 00:00:00+09:00,1523.9521095616044,1523.9521095616044,1467.855712890625,1467.855712890625,6100,0.0,0.0
2009-04-08 00:00:00+09:00,1458.5062255859375,1458.5062255859375,1458.5062255859375,1458.5062255859375,2300,0.0,0.0
2009-04-09 00:00:00+09:00,1514.6025941430069,1533.3013916015625,1505.2531954137291,1533.3013916015625,3200,0.0,0.0
2009-04-10 00:00:00+09:00,1505.2532958984375,1505.2532958984375,1458.5062991314053,1505.2532958984375,5600,0.0,0.0
2009-04-13 00:00:00+09:00,1505.2531954137291,1552.0001890601181,1505.2531954137291,1533.3013916015625,3200,0.0,0.0
2009-04-14 00:00:00+09:00,1523.952080374053,1552.0002781723485,1523.952080374053,1542.65087890625,4300,0.0,0.0
2009-04-15 00:00:00+09:00,1580.0484281652114,1589.3978271484375,1570.6990291819852,1589.3978271484375,6400,0.0,0.0
2009-04-16 00:00:00+09:00,1589.3978752367425,1589.3978752367425,1542.65087890625,1542.65087890625,2800,0.0,0.0
2009-04-17 00:00:00+09:00,1542.650845079537,1561.3496432017132,1542.650845079537,1552.000244140625,1800,0.0,0.0
2009-04-20 00:00:00+09:00,1533.3014127994013,1561.349609375,1533.3014127994013,1561.349609375,1600,0.0,0.0
2009-04-21 00:00:00+09:00,1542.65087890625,1542.65087890625,1542.65087890625,1542.65087890625,2500,0.0,0.0
2009-04-22 00:00:00+09:00,1505.253207397461,1505.253207397461,1486.554409790039,1495.90380859375,4000,0.0,0.0
2009-04-23 00:00:00+09:00,1486.5544306281154,1523.9520263671875,1486.5544306281154,1523.9520263671875,5500,0.0,0.0
2009-04-24 00:00:00+09:00,1514.6026952518441,1514.6026952518441,1505.2532958984375,1505.2532958984375,2800,0.0,0.0
2009-04-27 00:00:00+09:00,1505.2532413890526,1505.2532413890526,1486.554443359375,1486.554443359375,3500,0.0,0.0
2009-04-28 00:00:00+09:00,1505.253290349787,1505.253290349787,1439.8074951171875,1439.8074951171875,4100,0.0,0.0
2009-04-30 00:00:00+09:00,1552.0002643652922,1580.0484619140625,1552.0002643652922,1580.0484619140625,6600,0.0,0.0
2009-05-01 00:00:00+09:00,1561.3496221062596,1561.3496221062596,1523.9520263671875,1523.9520263671875,2900,0.0,0.0
2009-05-07 00:00:00+09:00,1617.446044921875,1617.446044921875,1617.446044921875,1617.446044921875,9300,0.0,0.0
2009-05-08 00:00:00+09:00,1617.446011247306,1626.79541015625,1617.446011247306,1626.79541015625,3100,0.0,0.0
2009-05-11 00:00:00+09:00,1626.7954230813418,1626.7954230813418,1589.3978271484375,1589.3978271484375,1900,0.0,0.0
2009-05-12 00:00:00+09:00,1589.3978271484375,1589.3978271484375,1589.3978271484375,1589.3978271484375,2700,0.0,0.0
2009-05-13 00:00:00+09:00,1589.3978271484375,1589.3978271484375,1589.3978271484375,1589.3978271484375,3500,0.0,0.0
2009-05-14 00:00:00+09:00,1542.6507903308404,1542.6507903308404,1533.3013916015625,1533.3013916015625,3800,0.0,0.0
2009-05-15 00:00:00+09:00,1561.349587789396,1561.349587789396,1533.3013916015625,1533.3013916015625,1300,0.0,0.0
2009-05-18 00:00:00+09:00,1467.855712890625,1467.855712890625,1467.855712890625,1467.855712890625,5700,0.0,0.0
2009-05-19 00:00:00+09:00,1495.9038423742138,1495.9038423742138,1486.554443359375,1486.554443359375,4400,0.0,0.0
2009-05-20 00:00:00+09:00,1486.554409790039,1495.90380859375,1486.554409790039,1495.90380859375,2300,0.0,0.0
2009-05-21 00:00:00+09:00,1486.554443359375,1486.554443359375,1486.554443359375,1486.554443359375,2900,0.0,0.0
2009-05-22 00:00:00+09:00,1458.5062255859375,1458.5062255859375,1458.5062255859375,1458.5062255859375,2300,0.0,0.0
2009-05-25 00:00:00+09:00,1495.90380859375,1495.90380859375,1495.90380859375,1495.90380859375,5400,0.0,0.0
2009-05-26 00:00:00+09:00,1505.253207397461,1514.602606201172,1486.554409790039,1495.90380859375,5300,0.0,0.0
2009-05-27 00:00:00+09:00,1523.9521095616044,1523.9521095616044,1467.855712890625,1467.855712890625,2600,0.0,0.0
2009-05-28 00:00:00+09:00,1477.2050109863283,1495.90380859375,1477.2050109863283,1495.90380859375,4000,0.0,0.0
2009-05-29 00:00:00+09:00,1477.205078125,1477.205078125,1477.205078125,1477.205078125,3100,0.0,0.0
2009-06-01 00:00:00+09:00,1495.9038423742138,1514.6026404038914,1439.8074482851807,1486.554443359375,11400,0.0,0.0
2009-06-02 00:00:00+09:00,1486.554443359375,1486.554443359375,1486.554443359375,1486.554443359375,5200,0.0,0.0
2009-06-03 00:00:00+09:00,1505.2532958984375,1505.2532958984375,1505.2532958984375,1505.2532958984375,5400,0.0,0.0
2009-06-04 00:00:00+09:00,1505.2532619900173,1514.6026611328125,1505.2532619900173,1514.6026611328125,5300,0.0,0.0
2009-06-05 00:00:00+09:00,1505.2532619900173,1514.6026611328125,1505.2532619900173,1514.6026611328125,1900,0.0,0.0
2009-06-08 00:00:00+09:00,1542.65087890625,1542.65087890625,1542.65087890625,1542.65087890625,5800,0.0,0.0
2009-06-09 00:00:00+09:00,1523.9519928722848,1533.3013916015625,1523.9519928722848,1533.3013916015625,5400,0.0,0.0
2009-06-10 00:00:00+09:00,1542.650832232307,1589.3978271484375,1542.650832232307,1589.3978271484375,16400,0.0,0.0
2009-06-11 00:00:00+09:00,1598.7472467146856,1626.7954440254696,1598.7472467146856,1617.446044921875,6000,0.0,0.0
2009-06-12 00:00:00+09:00,1598.7471923828125,1608.096591168677,1598.7471923828125,1598.7471923828125,9900,0.0,0.0
2009-06-15 00:00:00+09:00,1589.397861096986,1617.4460586457562,1580.0484619140625,1580.0484619140625,6100,0.0,0.0
2009-06-16 00:00:00+09:00,1514.602606201172,1514.602606201172,1495.90380859375,1495.90380859375,11100,0.0,0.0
2009-06-17 00:00:00+09:00,1495.90380859375,1533.3014038085937,1486.554409790039,1495.90380859375,7600,0.0,0.0
2009-06-18 00:00:00+09:00,1617.445966496814,1682.891757048708,1570.6989732454608,1673.5423583984375,41800,0.0,0.0
2009-06-19 00:00:00+09:00,1738.988205714779,1785.735200492058,1692.2412109375,1692.2412109375,103600,0.0,0.0
2009-06-22 00:00:00+09:00,1664.1930474175347,1692.24124484592,1654.8436482747395,1682.891845703125,13200,0.0,0.0
2009-06-23 00:00:00+09:00,1645.4942626953125,1645.4942626953125,1626.795464255593,1645.4942626953125,8300,0.0,0.0
2009-06-24 00:00:00+09:00,1664.1929931640625,1664.1929931640625,1645.494195488062,1664.1929931640625,3700,0.0,0.0
2009-06-25 00:00:00+09:00,1673.5423571134868,1776.3857421875,1673.5423571134868,1776.3857421875,14500,0.0,0.0
2009-06-26 00:00:00+09:00,1860.5303524985832,1860.5303524985832,1776.3857636921146,1804.4339599609375,12700,0.0,0.0
2009-06-29 00:00:00+09:00,1813.783405709774,1813.783405709774,1748.337612720246,1757.68701171875,4000,0.0,0.0
2009-06-30 00:00:00+09:00,1757.6870036256905,1757.6870036256905,1682.8918119820441,1692.2412109375,5300,0.0,0.0
2009-07-01 00:00:00+09:00,1692.241231503694,1720.2894287109375,1682.8918324346128,1720.2894287109375,2800,0.0,0.0
2009-07-02 00:00:00+09:00,1729.6387939453125,1729.6387939453125,1673.5424006281671,1729.6387939453125,6100,0.0,0.0
2009-07-03 00:00:00+09:00,1692.24124484592,1701.590643988715,1673.5424465603298,1682.891845703125,4000,0.0,0.0
2009-07-06 00:00:00+09:00,1664.192959748167,1673.5423583984375,1645.4941624476257,1673.5423583984375,3300,0.0,0.0
2009-07-07 00:00:00+09:00,1645.494195488062,1664.1929931640625,1626.795397812061,1664.1929931640625,4300,0.0,0.0
2009-07-08 00:00:00+09:00,1626.7954440254696,1626.7954440254696,1589.397847611091,1617.446044921875,5700,0.0,0.0
2009-07-09 00:00:00+09:00,1626.7953887404055,1636.14478752627,1598.7471923828125,1598.7471923828125,4400,0.0,0.0
2009-07-10 00:00:00+09:00,1589.3978145204742,1626.79541015625,1570.6990167025863,1626.79541015625,3700,0.0,0.0
2009-07-13 00:00:00+09:00,1654.843562534877,1654.843562534877,1552.0001772925966,1570.698974609375,2300,0.0,0.0
2009-07-14 00:00:00+09:00,1617.4460025261976,1617.4460025261976,1523.9520139408683,1561.349609375,3000,0.0,0.0
2009-07-15 00:00:00+09:00,1561.349609375,1580.0484070920659,1552.0002105164672,1561.349609375,2200,0.0,0.0
2009-07-16 00:00:00+09:00,1589.397861096986,1608.0966594628328,1580.0484619140625,1580.0484619140625,3100,0.0,0.0
2009-07-17 00:00:00+09:00,1608.0966796875,1608.0966796875,1589.3978810864826,1608.0966796875,400,0.0,0.0
2009-07-21 00:00:00+09:00,1626.7954440254696,1626.7954440254696,1589.397847611091,1617.446044921875,3100,0.0,0.0
2009-07-22 00:00:00+09:00,1664.192948471653,1710.93994140625,1645.4941512978141,1710.93994140625,7100,0.0,0.0
2009-07-23 00:00:00+09:00,1710.93994140625,1720.2893399931693,1692.2411442324112,1710.93994140625,3900,0.0,0.0
2009-07-24 00:00:00+09:00,1710.9399961729307,1748.3375917176943,1710.9399961729307,1729.6387939453125,4000,0.0,0.0
2009-07-27 00:00:00+09:00,1776.3857968648274,1813.7833925882976,1767.03639793396,1795.0845947265625,9800,0.0,0.0
2009-07-28 00:00:00+09:00,1795.0845170454547,1795.0845170454547,1748.3375244140625,1748.3375244140625,2500,0.0,0.0
2009-07-29 00:00:00+09:00,1748.3375244140625,1757.686922940341,1738.9881258877842,1748.3375244140625,1700,0.0,0.0
2009-07-30 00:00:00+09:00,1748.3376259181812,1757.6870249872622,1701.5906305727751,1720.2894287109375,4900,0.0,0.0
2009-07-31 00:00:00+09:00,1748.3375700227507,1757.6869687929257,1692.2411774016998,1701.590576171875,3100,0.0,0.0
2009-08-03 00:00:00+09:00,1664.1929931640625,1682.8917908400633,1645.494195488062,1664.1929931640625,3100,0.0,0.0
2009-08-04 00:00:00+09:00,1664.1929931640625,1692.2411896780636,1654.8435943260622,1664.1929931640625,3400,0.0,0.0
2009-08-05 00:00:00+09:00,1664.192959748167,1682.891757048708,1654.8435610978963,1673.5423583984375,4300,0.0,0.0
2009-08-06 00:00:00+09:00,1673.5424465603298,1682.891845703125,1664.1930474175347,1682.891845703125,1200,0.0,0.0
2009-08-07 00:00:00+09:00,1664.1930474175347,1682.891845703125,1645.4942491319443,1682.891845703125,2000,0.0,0.0
2009-08-10 00:00:00+09:00,1645.4941512978141,1729.6387385800888,1645.4941512978141,1710.93994140625,7600,0.0,0.0
2009-08-11 00:00:00+09:00,1701.5905428193305,1710.93994140625,1682.8917456454917,1710.93994140625,3200,0.0,0.0
2009-08-12 00:00:00+09:00,1673.5424465603298,1692.24124484592,1673.5424465603298,1682.891845703125,4300,0.0,0.0
2009-08-13 00:00:00+09:00,1710.9399630638861,1748.3375578849545,1710.9399630638861,1738.9881591796875,6800,0.0,0.0
2009-08-14 00:00:00+09:00,1776.3858303848986,1813.7834268140543,1767.0364312776096,1785.7352294921875,13200,0.0,0.0
2009-08-17 00:00:00+09:00,1757.686990603885,1757.686990603885,1729.6387939453125,1729.6387939453125,9200,0.0,0.0
2009-08-18 00:00:00+09:00,1720.2893737122251,1720.2893737122251,1682.8917786315246,1701.590576171875,5300,0.0,0.0
2009-08-19 00:00:00+09:00,1692.2411556989787,1701.5905543492493,1673.5423583984375,1673.5423583984375,2400,0.0,0.0
2009-08-20 00:00:00+09:00,1682.8917456454917,1710.93994140625,1673.5423470585724,1710.93994140625,7500,0.0,0.0
2009-08-21 00:00:00+09:00,1682.891845703125,1682.891845703125,1654.8436482747395,1682.891845703125,4800,0.0,0.0
2009-08-24 00:00:00+09:00,1701.5906098929559,1710.9400088484115,1692.2412109375,1692.2412109375,3700,0.0,0.0
2009-08-25 00:00:00+09:00,1682.891757048708,1692.2411556989787,1673.5423583984375,1673.5423583984375,3700,0.0,0.0
2009-08-26 00:00:00+09:00,1682.891757048708,1692.2411556989787,1664.192959748167,1673.5423583984375,6900,0.0,0.0
2009-08-27 00:00:00+09:00,1664.1930474175347,1692.24124484592,1664.1930474175347,1682.891845703125,8700,0.0,0.0
2009-08-28 00:00:00+09:00,1682.891845703125,1682.891845703125,1664.1930474175347,1682.891845703125,4000,0.0,0.0
2009-08-31 00:00:00+09:00,1682.8918250132415,1692.241224041093,1654.8436279296875,1654.8436279296875,2600,0.0,0.0
2009-09-02 00:00:00+09:00,1617.4459899545411,1626.7953887404055,1598.7471923828125,1598.7471923828125,6600,0.0,0.0
2009-09-03 00:00:00+09:00,1598.7472048091317,1598.7472048091317,1542.6508116579341,1561.349609375,10600,0.0,0.0
2009-09-04 00:00:00+09:00,1561.3496432017132,1570.6990422628012,1552.000244140625,1552.000244140625,6200,0.0,0.0
2009-09-07 00:00:00+09:00,1561.349609375,1580.0484070920659,1561.349609375,1561.349609375,1600,0.0,0.0
2009-09-08 00:00:00+09:00,1570.6990422628012,1580.0484413238894,1542.650845079537,1552.000244140625,3400,0.0,0.0
2009-09-09 00:00:00+09:00,1561.3496432017132,1561.3496432017132,1552.000244140625,1552.000244140625,1700,0.0,0.0
2009-09-10 00:00:00+09:00,1542.6508116579341,1580.0484070920659,1542.6508116579341,1561.349609375,2800,0.0,0.0
2009-09-11 00:00:00+09:00,1552.0002781723485,1561.3496774384469,1533.3014796401515,1542.65087890625,8600,0.0,0.0
2009-09-14 00:00:00+09:00,1523.9520177596653,1523.9520177596653,1411.7592311761318,1458.5062255859375,10800,0.0,0.0
2009-09-15 00:00:00+09:00,1449.1568944361302,1458.506293755073,1430.4580957982448,1439.8074951171875,5400,0.0,0.0
2009-09-16 00:00:00+09:00,1430.4580757191638,1439.807474906871,1411.75927734375,1411.75927734375,4400,0.0,0.0
2009-09-17 00:00:00+09:00,1411.7592436137952,1430.4580415424548,1411.7592436137952,1421.108642578125,2400,0.0,0.0
2009-09-18 00:00:00+09:00,1411.7592436137952,1421.108642578125,1402.4098446494654,1421.108642578125,3000,0.0,0.0
2009-09-21 00:00:00+09:00,1421.108642578125,1421.108642578125,1421.108642578125,1421.108642578125,0,0.0,0.0
2009-09-24 00:00:00+09:00,1421.108696479302,1439.8074951171875,1411.7592971603592,1439.8074951171875,7800,0.0,0.0
2009-09-25 00:00:00+09:00,1439.807474906871,1439.807474906871,1411.75927734375,1411.75927734375,3300,0.0,0.0
2009-09-28 00:00:00+09:00,1421.108676531457,1421.108676531457,1402.409878156043,1411.75927734375,4600,0.0,0.0
2009-09-29 00:00:00+09:00,1421.108642578125,1421.108642578125,1402.4098446494654,1421.108642578125,2800,0.0,0.0
2009-09-30 00:00:00+09:00,1402.4098446494654,1421.108642578125,1393.0604456851356,1421.108642578125,4900,0.0,0.0
2009-10-01 00:00:00+09:00,1421.1087109375,1421.1087109375,1393.0605126953126,1402.409912109375,3800,0.0,0.0
2009-10-02 00:00:00+09:00,1374.361639614763,1374.361639614763,1336.964043978987,1355.662841796875,4800,0.0,0.0
2009-10-05 00:00:00+09:00,1336.9640567860704,1336.9640567860704,1318.2652587890625,1318.2652587890625,3500,0.0,0.0
2009-10-06 00:00:00+09:00,1318.2652791341145,1346.3134765625,1308.9158799913193,1346.3134765625,3100,0.0,0.0
2009-10-07 00:00:00+09:00,1327.614645070043,1355.662841796875,1308.9158472521551,1355.662841796875,8100,0.0,0.0
2009-10-08 00:00:00+09:00,1365.012240705819,1383.711038523707,1355.662841796875,1355.662841796875,4600,0.0,0.0
2009-10-09 00:00:00+09:00,1355.6629295871683,1374.3617286159567,1355.6629295871683,1365.0123291015625,3100,0.0,0.0
2009-10-13 00:00:00+09:00,1411.7592914607249,1411.7592914607249,1365.0122950547407,1374.3616943359375,3900,0.0,0.0
2009-10-14 00:00:00+09:00,1383.7110936171343,1383.7110936171343,1355.6628957735438,1374.3616943359375,7900,0.0,0.0
2009-10-15 00:00:00+09:00,1421.1086557749154,1421.1086557749154,1374.3616605191617,1383.7110595703125,5900,0.0,0.0
2009-10-16 00:00:00+09:00,1402.4099271591394,1421.108726187928,1365.0123291015625,1365.0123291015625,3700,0.0,0.0
2009-10-19 00:00:00+09:00,1383.7110595703125,1383.7110595703125,1365.0122614680108,1383.7110595703125,2700,0.0,0.0
2009-10-20 00:00:00+09:00,1393.060458621463,1393.060458621463,1365.0122614680108,1383.7110595703125,2400,0.0,0.0
2009-10-21 00:00:00+09:00,1355.6628624168602,1383.7110595703125,1355.6628624168602,1383.7110595703125,3700,0.0,0.0
2009-10-22 00:00:00+09:00,1383.7110936171343,1383.7110936171343,1365.0122950547407,1374.3616943359375,3800,0.0,0.0
2009-10-23 00:00:00+09:00,1383.711128130351,1383.711128130351,1365.0123291015625,1365.0123291015625,3700,0.0,0.0
2009-10-26 00:00:00+09:00,1374.3616943359375,1383.7110936171343,1365.0122950547407,1374.3616943359375,5800,0.0,0.0
2009-10-27 00:00:00+09:00,1355.6628757052952,1355.6628757052952,1318.2652791341145,1346.3134765625,5700,0.0,0.0
2009-10-28 00:00:00+09:00,1346.3134765625,1355.6628757052952,1327.6146782769097,1346.3134765625,3100,0.0,0.0
2009-10-29 00:00:00+09:00,1308.9159131883741,1336.964111328125,1308.9159131883741,1336.964111328125,5200,0.0,0.0
2009-10-30 00:00:00+09:00,1346.313442887931,1383.711038523707,1346.313442887931,1355.662841796875,5900,0.0,0.0
2009-11-02 00:00:00+09:00,1318.2653072581572,1318.2653072581572,1262.1689112046186,1271.518310546875,11400,0.0,0.0
2009-11-04 00:00:00+09:00,1271.5183449074075,1271.5183449074075,1243.470146122685,1262.1689453125,4200,0.0,0.0
2009-11-05 00:00:00+09:00,1262.1688911610079,1262.1688911610079,1196.7230968045112,1243.4700927734375,11500,0.0,0.0
2009-11-06 00:00:00+09:00,1234.12072265625,1234.12072265625,1168.6749267578125,1168.6749267578125,5400,0.0,0.0
2009-11-09 00:00:00+09:00,1159.325429019765,1159.325429019765,1084.5302400507478,1093.879638671875,21400,0.0,0.0
2009-11-10 00:00:00+09:00,1121.9277672006301,1121.9277672006301,1093.8795730206145,1112.578369140625,12700,0.0,0.0
2009-11-11 00:00:00+09:00,1121.9277672006301,1131.2771652606355,1112.578369140625,1112.578369140625,8600,0.0,0.0
2009-11-12 00:00:00+09:00,1093.879638671875,1093.879638671875,1075.1808414296206,1093.879638671875,6700,0.0,0.0
2009-11-13 00:00:00+09:00,1084.530207229873,1103.22900390625,1084.530207229873,1103.22900390625,7100,0.0,0.0
2009-11-16 00:00:00+09:00,1103.229037293002,1112.5784359141292,1075.1808414296206,1093.879638671875,5200,0.0,0.0
2009-11-17 00:00:00+09:00,1084.5301942567567,1084.5301942567567,1037.783203125,1037.783203125,9400,0.0,0.0
2009-11-18 00:00:00+09:00,1028.433912745062,1037.7833119518352,972.3375175044222,991.0363159179688,10400,0.0,0.0
2009-11-19 00:00:00+09:00,972.3375587833738,981.68695838706,906.8917615575697,962.9881591796875,32500,0.0,0.0
2009-11-20 00:00:00+09:00,925.5905348833869,953.6387329101562,897.5423368566177,953.6387329101562,18300,0.0,0.0
2009-11-24 00:00:00+09:00,944.2892511541194,944.2892511541194,925.5904541015625,925.5904541015625,5600,0.0,0.0
2009-11-25 00:00:00+09:00,925.590500851895,925.590500851895,860.144707862367,878.843505859375,15100,0.0,0.0
2009-11-26 00:00:00+09:00,888.192877000378,888.192877000378,860.1446808845766,869.4940795898438,22600,0.0,0.0
2009-11-27 00:00:00+09:00,850.795294258032,869.4940919340327,804.0483000680302,832.0964965820312,38400,0.0,0.0
2009-11-30 00:00:00+09:00,850.7953152863876,860.1447143554688,822.747118079144,860.1447143554688,40500,0.0,0.0
2009-12-01 00:00:00+09:00,860.1446956712373,916.2410888671875,850.7952968052456,916.2410888671875,17800,0.0,0.0
2009-12-02 00:00:00+09:00,934.939852627841,944.2892511541194,916.2410555752841,925.5904541015625,29900,0.0,0.0
2009-12-03 00:00:00+09:00,934.9399342256434,981.6869309369255,934.9399342256434,953.6387329101562,36400,0.0,0.0
2009-12-04 00:00:00+09:00,934.9398803710938,934.9398803710938,897.54228515625,934.9398803710938,14400,0.0,0.0
2009-12-07 00:00:00+09:00,944.2893335678998,981.6869309369255,925.5905348833869,953.6387329101562,25600,0.0,0.0
2009-12-08 00:00:00+09:00,991.0363159179688,1000.3857151247421,972.3375175044222,991.0363159179688,51100,0.0,0.0
2009-12-09 00:00:00+09:00,953.6386779785156,962.9880767822266,934.9398803710938,934.9398803710938,19300,0.0,0.0
2009-12-10 00:00:00+09:00,916.2410555752841,925.5904541015625,897.5422585227274,925.5904541015625,18800,0.0,0.0
2009-12-11 00:00:00+09:00,916.2410555752841,925.5904541015625,906.8916570490057,925.5904541015625,14800,0.0,0.0
2009-12-14 00:00:00+09:00,916.2410670230263,925.5904656661183,878.8434724506578,888.19287109375,11600,0.0,0.0
2009-12-15 00:00:00+09:00,888.1928984324137,897.5422973632812,878.8434995015463,897.5422973632812,8900,0.0,0.0
2009-12-16 00:00:00+09:00,888.1929115627123,916.2411087699559,841.4459162173064,860.1447143554688,37000,0.0,0.0
2009-12-17 00:00:00+09:00,860.1446808845766,878.8434782951109,841.4458834740423,869.4940795898438,23900,0.0,0.0
2009-12-18 00:00:00+09:00,860.144707862367,878.843505859375,860.144707862367,878.843505859375,11500,0.0,0.0
2009-12-21 00:00:00+09:00,888.19287109375,906.8916683799342,878.8434724506578,888.19287109375,16600,0.0,0.0
2009-12-22 00:00:00+09:00,897.5422640141753,925.5904597646182,888.1928654306943,906.8916625976562,20600,0.0,0.0
2009-12-24 00:00:00+09:00,916.2411611612561,962.9881591796875,916.2411611612561,962.9881591796875,29100,0.0,0.0
2009-12-25 00:00:00+09:00,991.0363502139137,1009.7351492745536,962.9881516229539,981.6869506835938,33100,0.0,0.0
2009-12-28 00:00:00+09:00,981.6869506835938,1000.3857497442336,981.6869506835938,981.6869506835938,14900,0.0,0.0
2009-12-29 00:00:00+09:00,981.6869236872745,981.6869236872745,953.6387258676382,972.3375244140625,5400,0.0,0.0
2009-12-30 00:00:00+09:00,944.289306640625,981.686902943224,944.289306640625,944.289306640625,5200,0.0,0.0
2010-01-04 00:00:00+09:00,934.9399075649752,962.9881047919245,934.9399075649752,944.289306640625,3100,0.0,0.0
2010-01-05 00:00:00+09:00,962.9881047919245,972.3375038675742,934.9399075649752,944.289306640625,9900,0.0,0.0
2010-01-06 00:00:00+09:00,953.6387329101562,962.9881322524127,944.2893335678998,953.6387329101562,7500,0.0,0.0
2010-01-07 00:00:00+09:00,953.6387258676382,972.3375244140625,953.6387258676382,972.3375244140625,7500,0.0,0.0
2010-01-08 00:00:00+09:00,972.3375511532738,981.6869506835938,953.6387520926339,981.6869506835938,11300,0.0,0.0
2010-01-12 00:00:00+09:00,991.0363690411602,1009.7351684570312,981.6869693332247,1009.7351684570312,15700,0.0,0.0
2010-01-13 00:00:00+09:00,991.0363159179688,991.0363159179688,972.3375175044222,991.0363159179688,10600,0.0,0.0
2010-01-14 00:00:00+09:00,981.6868833737952,1009.735080041618,981.6868833737952,1000.3856811523438,14400,0.0,0.0
2010-01-15 00:00:00+09:00,1000.3856811523438,1000.3856811523438,991.0362822630696,1000.3856811523438,10600,0.0,0.0
2010-01-18 00:00:00+09:00,972.3375511532738,981.6869506835938,972.3375511532738,981.6869506835938,500,0.0,0.0
2010-01-19 00:00:00+09:00,981.6869167111954,991.0363159179688,972.3375175044222,991.0363159179688,4800,0.0,0.0
2010-01-20 00:00:00+09:00,991.0363579907463,991.0363579907463,953.6387595760011,962.9881591796875,6900,0.0,0.0
2010-01-21 00:00:00+09:00,953.6387595760011,981.68695838706,944.2893599723149,962.9881591796875,8900,0.0,0.0
2010-01-22 00:00:00+09:00,944.2893335678998,953.6387329101562,944.2893335678998,953.6387329101562,4900,0.0,0.0
2010-01-25 00:00:00+09:00,925.5905607649423,962.9881591796875,925.5905607649423,962.9881591796875,5300,0.0,0.0
2010-01-26 00:00:00+09:00,972.3374755859376,981.6868743896484,934.9398803710938,934.9398803710938,9100,0.0,0.0
2010-01-27 00:00:00+09:00,916.2410952250162,925.5904941558838,897.5422973632812,897.5422973632812,7500,0.0,0.0
2010-01-28 00:00:00+09:00,906.8916900011958,916.2410888671875,897.5422911352041,916.2410888671875,6500,0.0,0.0
2010-01-29 00:00:00+09:00,906.8916962941488,906.8916962941488,897.5422973632812,897.5422973632812,5300,0.0,0.0
2010-02-01 00:00:00+09:00,878.8435124936311,878.8435124936311,860.1447143554688,860.1447143554688,9300,0.0,0.0
2010-02-02 00:00:00+09:00,888.1929115627123,888.1929115627123,860.1447143554688,860.1447143554688,6400,0.0,0.0
2010-02-03 00:00:00+09:00,869.4941134245499,878.8435124936311,850.7953152863876,860.1447143554688,6300,0.0,0.0
2010-02-04 00:00:00+09:00,860.1447143554688,869.4941134245499,850.7953152863876,860.1447143554688,8500,0.0,0.0
2010-02-05 00:00:00+09:00,841.4459228515625,850.7953219943576,832.0965237087673,841.4459228515625,10600,0.0,0.0
2010-02-08 00:00:00+09:00,841.4459228515625,860.1447211371527,841.4459228515625,841.4459228515625,21600,0.0,0.0
2010-02-09 00:00:00+09:00,841.4458954200317,850.795294258032,832.0964965820312,832.0964965820312,10100,0.0,0.0
2010-02-10 00:00:00+09:00,841.4458893157623,850.7952880859375,832.0964905455871,850.7952880859375,8100,0.0,0.0
2010-02-12 00:00:00+09:00,860.1447143554688,869.4941134245499,841.4459162173064,860.1447143554688,12900,0.0,0.0
2010-02-15 00:00:00+09:00,841.4459228515625,850.7953219943576,841.4459228515625,841.4459228515625,7300,0.0,0.0
2010-02-16 00:00:00+09:00,850.7952880859375,850.7952880859375,841.4458893157623,850.7952880859375,9400,0.0,0.0
2010-02-17 00:00:00+09:00,869.494106860871,888.192904857879,869.494106860871,878.843505859375,2400,0.0,0.0
2010-02-18 00:00:00+09:00,860.1447143554688,869.4941134245499,850.7953152863876,860.1447143554688,4000,0.0,0.0
2010-02-19 00:00:00+09:00,860.1447211371527,860.1447211371527,841.4459228515625,841.4459228515625,3900,0.0,0.0
2010-02-22 00:00:00+09:00,850.7953152863876,860.1447143554688,850.7953152863876,860.1447143554688,1600,0.0,0.0
2010-02-23 00:00:00+09:00,850.7953152863876,860.1447143554688,850.7953152863876,860.1447143554688,1300,0.0,0.0
2010-02-24 00:00:00+09:00,841.4458954200317,850.795294258032,832.0964965820312,832.0964965820312,13500,0.0,0.0
2010-02-25 00:00:00+09:00,841.4459228515625,841.4459228515625,832.0965237087673,841.4459228515625,4700,0.0,0.0
2010-02-26 00:00:00+09:00,850.7952821793094,878.8434782951109,841.4458834740423,869.4940795898438,10900,0.0,0.0
2010-03-01 00:00:00+09:00,860.1447143554688,869.4941134245499,850.7953152863876,860.1447143554688,5300,0.0,0.0
2010-03-02 00:00:00+09:00,850.7952880859375,860.1446868561126,841.4458893157623,850.7952880859375,6000,0.0,0.0
2010-03-03 00:00:00+09:00,850.7953152863876,860.1447143554688,850.7953152863876,860.1447143554688,4500,0.0,0.0
2010-03-04 00:00:00+09:00,860.1447211371527,860.1447211371527,841.4459228515625,841.4459228515625,5600,0.0,0.0
2010-03-05 00:00:00+09:00,850.7953152863876,860.1447143554688,850.7953152863876,860.1447143554688,10100,0.0,0.0
2010-03-08 00:00:00+09:00,869.494106860871,878.843505859375,860.144707862367,878.843505859375,16500,0.0,0.0
2010-03-09 00:00:00+09:00,869.4940795898438,878.8434782951109,850.7952821793094,869.4940795898438,8700,0.0,0.0
2010-03-10 00:00:00+09:00,869.494106860871,897.542303856383,860.144707862367,878.843505859375,19200,0.0,0.0
2010-03-11 00:00:00+09:00,888.1928654306943,906.8916625976562,888.1928654306943,906.8916625976562,9400,0.0,0.0
2010-03-12 00:00:00+09:00,916.2410611811373,916.2410611811373,897.5422640141753,906.8916625976562,14300,0.0,0.0
2010-03-15 00:00:00+09:00,888.192904857879,888.192904857879,860.144707862367,878.843505859375,15600,0.0,0.0
2010-03-16 00:00:00+09:00,878.843505859375,888.192904857879,878.843505859375,878.843505859375,6900,0.0,0.0
2010-03-17 00:00:00+09:00,869.4941005706787,897.5422973632812,869.4941005706787,897.5422973632812,6100,0.0,0.0
2010-03-18 00:00:00+09:00,888.192904857879,906.891702854887,878.843505859375,878.843505859375,7400,0.0,0.0
2010-03-19 00:00:00+09:00,878.8434782951109,888.192877000378,869.4940795898438,869.4940795898438,18600,0.0,0.0
2010-03-23 00:00:00+09:00,869.4941134245499,869.4941134245499,860.1447143554688,860.1447143554688,19500,0.0,0.0
2010-03-24 00:00:00+09:00,878.8434843964628,878.8434843964628,841.4458893157623,850.7952880859375,19300,0.0,0.0
2010-03-25 00:00:00+09:00,850.7952821793094,869.4940795898438,850.7952821793094,869.4940795898438,11600,0.0,0.0
2010-03-26 00:00:00+09:00,869.4940738075658,888.19287109375,860.1446751644737,888.19287109375,20800,0.0,0.0
2010-03-29 00:00:00+09:00,878.8434668472132,906.8916625976562,869.4940682637323,906.8916625976562,37700,0.0,0.0
2010-03-30 00:00:00+09:00,906.8916683799342,906.8916683799342,869.4940738075658,888.19287109375,56900,0.0,0.0
2010-03-31 00:00:00+09:00,897.5423060825893,1047.1326904296875,888.1929070608957,1047.1326904296875,278400,0.0,0.0
2010-04-01 00:00:00+09:00,1112.5784678236346,1112.5784678236346,972.337484484521,1000.3856811523438,359200,0.0,0.0
2010-04-02 00:00:00+09:00,1009.735134299742,1019.0845336914062,972.3375367330848,1019.0845336914062,74100,0.0,0.0
2010-04-05 00:00:00+09:00,1084.5301842730978,1093.879582413383,1056.481989852242,1075.1807861328125,155600,0.0,0.0
2010-04-06 00:00:00+09:00,1084.5302177563049,1084.5302177563049,1056.4820224695038,1065.8314208984375,34300,0.0,0.0
2010-04-07 00:00:00+09:00,1056.4820224695038,1075.1808193273712,1047.1326240405701,1065.8314208984375,53600,0.0,0.0
2010-04-08 00:00:00+09:00,1065.8314543867532,1065.8314543867532,1056.4820556640625,1056.4820556640625,17900,0.0,0.0
2010-04-09 00:00:00+09:00,1065.8314208984375,1075.1808193273712,1056.4820224695038,1065.8314208984375,35800,0.0,0.0
2010-04-12 00:00:00+09:00,1121.9278231534092,1168.6748157848012,1112.5784246271307,1131.2772216796875,176800,0.0,0.0
2010-04-13 00:00:00+09:00,1140.6265731148098,1140.6265731148098,1065.8313879925272,1075.1807861328125,60000,0.0,0.0
2010-04-14 00:00:00+09:00,1084.5301749606092,1112.578369140625,1075.1807769006039,1112.578369140625,46900,0.0,0.0
2010-04-15 00:00:00+09:00,1168.6749458312988,1299.5665397644043,1168.6749458312988,1196.72314453125,654100,0.0,0.0
2010-04-16 00:00:00+09:00,1159.3253594406513,1168.6747575006564,1103.2289710806197,1112.578369140625,106000,0.0,0.0
2010-04-19 00:00:00+09:00,1065.8313879925272,1093.879582413383,1065.8313879925272,1075.1807861328125,23100,0.0,0.0
2010-04-20 00:00:00+09:00,1093.8796161852383,1103.229014614172,1065.8314208984375,1065.8314208984375,18600,0.0,0.0
2010-04-21 00:00:00+09:00,1084.5302734375,1093.879672346444,1065.831475619612,1084.5302734375,25400,0.0,0.0
2010-04-22 00:00:00+09:00,1075.180874528556,1093.879672346444,1075.180874528556,1084.5302734375,12900,0.0,0.0
2010-04-23 00:00:00+09:00,1075.1807769006039,1131.2771652606355,1075.1807769006039,1112.578369140625,22800,0.0,0.0
2010-04-26 00:00:00+09:00,1149.9761082383452,1168.6749067462858,1131.2773097304046,1140.626708984375,65500,0.0,0.0
2010-04-27 00:00:00+09:00,1112.578369140625,1112.578369140625,1103.2289710806197,1112.578369140625,20000,0.0,0.0
2010-04-28 00:00:00+09:00,1093.8795730206145,1112.578369140625,1084.5301749606092,1112.578369140625,24600,0.0,0.0
2010-04-30 00:00:00+09:00,1103.229037293002,1121.9278345352564,1093.879638671875,1093.879638671875,11700,0.0,0.0
2010-05-06 00:00:00+09:00,1084.5301842730978,1093.879582413383,1065.8313879925272,1075.1807861328125,23300,0.0,0.0
2010-05-07 00:00:00+09:00,981.6868833737952,1019.0844789308923,934.9398889274241,1000.3856811523438,42400,0.0,0.0
2010-05-10 00:00:00+09:00,991.0362119932432,1047.1326013513512,991.0362119932432,1037.783203125,13800,0.0,0.0
2010-05-11 00:00:00+09:00,1075.1809087789284,1075.1809087789284,991.0363159179688,991.0363159179688,19800,0.0,0.0
2010-05-12 00:00:00+09:00,1009.7351143315153,1009.7351143315153,981.6869167111954,991.0363159179688,9900,0.0,0.0
2010-05-13 00:00:00+09:00,1000.3857151247421,1009.7351143315153,981.6869167111954,991.0363159179688,20500,0.0,0.0
2010-05-14 00:00:00+09:00,981.6868833737952,1019.0844789308923,981.6868833737952,1000.3856811523438,15000,0.0,0.0
2010-05-17 00:00:00+09:00,1047.132666015625,1243.4700408935548,1047.132666015625,1121.9278564453125,3602800,0.0,0.0
2010-05-18 00:00:00+09:00,1065.8314543867532,1093.8796505548257,1037.7832582186809,1056.4820556640625,558400,0.0,0.0
2010-05-19 00:00:00+09:00,1065.8314543867532,1084.5302518321348,1019.0844607732992,1056.4820556640625,191600,0.0,0.0
2010-05-20 00:00:00+09:00,1047.1327318663991,1047.1327318663991,1009.735134299742,1019.0845336914062,58600,0.0,0.0
2010-05-21 00:00:00+09:00,972.3375244140625,981.6869236872745,944.289326594426,972.3375244140625,58300,0.0,0.0
2010-05-24 00:00:00+09:00,991.0363159179688,1009.7351143315153,981.6869167111954,991.0363159179688,26900,0.0,0.0
2010-05-25 00:00:00+09:00,1000.3856423117899,1047.132634943182,991.0362437855114,1028.433837890625,75900,0.0,0.0
2010-05-26 00:00:00+09:00,1047.132666015625,1047.132666015625,934.9398803710938,934.9398803710938,84400,0.0,0.0
2010-05-27 00:00:00+09:00,953.6386496803977,1037.7832364169035,953.6386496803977,1028.433837890625,129000,0.0,0.0
2010-05-28 00:00:00+09:00,1037.783203125,1047.1326013513512,1019.0844066722973,1037.783203125,68200,0.0,0.0
2010-05-31 00:00:00+09:00,1037.7832914079938,1056.4820894513812,1009.7350943429129,1047.1326904296875,46500,0.0,0.0
2010-06-01 00:00:00+09:00,1047.1326013513512,1047.1326013513512,1009.7350084459459,1037.783203125,33200,0.0,0.0
2010-06-02 00:00:00+09:00,1019.0844393643466,1028.433837890625,1009.7350408380682,1028.433837890625,32900,0.0,0.0
2010-06-03 00:00:00+09:00,1047.132634943182,1047.132634943182,1028.433837890625,1028.433837890625,12200,0.0,0.0
2010-06-04 00:00:00+09:00,1028.4338923863002,1047.1326904296875,1028.4338923863002,1047.1326904296875,15300,0.0,0.0
2010-06-07 00:00:00+09:00,1019.0845681649666,1047.132767288773,1009.7351684570312,1009.7351684570312,35200,0.0,0.0
2010-06-08 00:00:00+09:00,991.0363690411602,1028.433967872902,981.6869693332247,1009.7351684570312,13900,0.0,0.0
2010-06-09 00:00:00+09:00,991.0363355164134,1037.7833324747348,991.0363355164134,1019.0845336914062,35600,0.0,0.0
2010-06-10 00:00:00+09:00,1000.3857151247421,1009.7351143315153,991.0363159179688,991.0363159179688,9500,0.0,0.0
2010-06-11 00:00:00+09:00,1028.433967872902,1028.433967872902,1009.7351684570312,1009.7351684570312,7300,0.0,0.0
2010-06-14 00:00:00+09:00,1019.0844066722973,1047.1326013513512,1009.7350084459459,1037.783203125,47200,0.0,0.0
2010-06-15 00:00:00+09:00,1028.4338923863002,1056.4820894513812,1028.4338923863002,1047.1326904296875,28000,0.0,0.0
2010-06-16 00:00:00+09:00,1056.4820894513812,1056.4820894513812,1028.4338923863002,1047.1326904296875,24300,0.0,0.0
2010-06-17 00:00:00+09:00,1037.7832914079938,1075.1808874947685,1037.7832914079938,1047.1326904296875,39100,0.0,0.0
2010-06-18 00:00:00+09:00,1056.4820556640625,1075.1808531094441,1047.1326569413716,1056.4820556640625,23700,0.0,0.0
2010-06-21 00:00:00+09:00,1075.1809965304244,1149.9761962890625,1065.8315965605946,1149.9761962890625,103700,0.0,0.0
2010-06-22 00:00:00+09:00,1121.927800582627,1131.2771989208156,1103.22900390625,1103.22900390625,80400,0.0,0.0
2010-06-23 00:00:00+09:00,1093.8796855381556,1093.8796855381556,1037.7832914079938,1047.1326904296875,78400,0.0,0.0
2010-06-24 00:00:00+09:00,1056.481989852242,1112.578378693954,1056.481989852242,1075.1807861328125,56800,0.0,0.0
2010-06-25 00:00:00+09:00,1065.8313879925272,1084.5301842730978,1037.7831935716713,1075.1807861328125,32600,0.0,0.0
2010-06-28 00:00:00+09:00,1084.5302518321348,1093.8796505548257,1047.1326569413716,1056.4820556640625,11600,0.0,0.0
2010-06-29 00:00:00+09:00,1056.4821312580632,1065.8315306497275,991.0363355164134,1019.0845336914062,24900,0.0,0.0
2010-06-30 00:00:00+09:00,972.3375511532738,1000.3857497442336,972.3375511532738,981.6869506835938,18200,0.0,0.0
2010-07-01 00:00:00+09:00,972.3375587833738,972.3375587833738,962.9881591796875,962.9881591796875,9000,0.0,0.0
2010-07-02 00:00:00+09:00,953.6387595760011,981.68695838706,953.6387595760011,962.9881591796875,11100,0.0,0.0
2010-07-05 00:00:00+09:00,962.9881591796875,981.68695838706,962.9881591796875,962.9881591796875,9800,0.0,0.0
2010-07-06 00:00:00+09:00,962.9881516229539,981.6869506835938,916.2411539713542,981.6869506835938,18900,0.0,0.0
2010-07-07 00:00:00+09:00,981.6868743896484,981.6868743896484,934.9398803710938,934.9398803710938,18500,0.0,0.0
2010-07-08 00:00:00+09:00,962.9881251408503,981.6869236872745,953.6387258676382,972.3375244140625,16900,0.0,0.0
2010-07-09 00:00:00+09:00,981.6869236872745,981.6869236872745,962.9881251408503,972.3375244140625,5300,0.0,0.0
2010-07-12 00:00:00+09:00,972.3375315946691,972.3375315946691,953.6387329101562,953.6387329101562,7700,0.0,0.0
2010-07-13 00:00:00+09:00,953.6387057162748,972.3375038675742,944.289306640625,944.289306640625,5900,0.0,0.0
2010-07-14 00:00:00+09:00,953.6387595760011,972.3375587833738,953.6387595760011,962.9881591796875,6900,0.0,0.0
2010-07-15 00:00:00+09:00,953.6387329101562,972.3375315946691,953.6387329101562,953.6387329101562,4600,0.0,0.0
2010-07-16 00:00:00+09:00,953.6387057162748,962.9881047919245,925.5905084893255,944.289306640625,7500,0.0,0.0
2010-07-21 00:00:00+09:00,916.2410670230263,925.5904656661183,888.19287109375,888.19287109375,15600,0.0,0.0
2010-07-22 00:00:00+09:00,878.8434782951109,897.5422757056451,869.4940795898438,869.4940795898438,6100,0.0,0.0
2010-07-23 00:00:00+09:00,897.5422640141753,906.8916625976562,888.1928654306943,906.8916625976562,8900,0.0,0.0
2010-07-26 00:00:00+09:00,925.590500851895,925.590500851895,878.843505859375,878.843505859375,12400,0.0,0.0
2010-07-27 00:00:00+09:00,906.8916962941488,906.8916962941488,878.8434995015463,897.5422973632812,7500,0.0,0.0
2010-07-28 00:00:00+09:00,888.1928654306943,906.8916625976562,878.8434668472132,906.8916625976562,10800,0.0,0.0
2010-07-29 00:00:00+09:00,888.19287109375,897.5422697368421,888.19287109375,888.19287109375,4200,0.0,0.0
2010-07-30 00:00:00+09:00,878.843505859375,888.192904857879,878.843505859375,878.843505859375,3100,0.0,0.0
2010-08-02 00:00:00+09:00,888.1929115627123,897.5423106317935,850.7953152863876,860.1447143554688,11100,0.0,0.0
2010-08-03 00:00:00+09:00,869.4940856262878,878.8434843964628,850.7952880859375,850.7952880859375,10500,0.0,0.0
2010-08-04 00:00:00+09:00,860.1447211371527,860.1447211371527,841.4459228515625,841.4459228515625,10900,0.0,0.0
2010-08-05 00:00:00+09:00,850.7952821793094,869.4940795898438,841.4458834740423,869.4940795898438,12300,0.0,0.0
2010-08-06 00:00:00+09:00,869.4940738075658,897.5422697368421,860.1446751644737,888.19287109375,6400,0.0,0.0
2010-08-09 00:00:00+09:00,869.494106860871,888.192904857879,869.494106860871,878.843505859375,6400,0.0,0.0
2010-08-10 00:00:00+09:00,878.8434724506578,888.19287109375,869.4940738075658,888.19287109375,5600,0.0,0.0
2010-08-11 00:00:00+09:00,869.4940856262878,888.192883166638,850.7952880859375,850.7952880859375,10900,0.0,0.0
2010-08-12 00:00:00+09:00,832.0965237087673,860.1447211371527,804.048326280382,841.4459228515625,15500,0.0,0.0
2010-08-13 00:00:00+09:00,841.4459162173064,860.1447143554688,841.4459162173064,860.1447143554688,5100,0.0,0.0
2010-08-16 00:00:00+09:00,841.4459297873757,850.7953290072354,813.3977321277965,822.7471313476562,14300,0.0,0.0
2010-08-17 00:00:00+09:00,813.397718314665,822.7471173757531,766.6507230092244,776.0001220703125,27900,0.0,0.0
2010-08-18 00:00:00+09:00,794.6989271375868,804.048326280382,738.6025322808159,757.3013305664062,47600,0.0,0.0
2010-08-19 00:00:00+09:00,747.9518983422256,776.0000945300591,738.6024996129478,766.6506958007812,16000,0.0,0.0
2010-08-20 00:00:00+09:00,757.3012970715034,776.0000945300591,757.3012970715034,766.6506958007812,4700,0.0,0.0
2010-08-23 00:00:00+09:00,766.6507019042969,766.6507019042969,747.951904296875,747.951904296875,7200,0.0,0.0
2010-08-24 00:00:00+09:00,747.9519314236111,757.3013305664062,738.6025322808159,757.3013305664062,4000,0.0,0.0
2010-08-25 00:00:00+09:00,738.6025054931641,757.301303100586,738.6025054931641,747.951904296875,7700,0.0,0.0
2010-08-26 00:00:00+09:00,766.6507297092013,766.6507297092013,738.6025322808159,757.3013305664062,7400,0.0,0.0
2010-08-27 00:00:00+09:00,747.9518983422256,766.6506958007812,738.6024996129478,766.6506958007812,8800,0.0,0.0
2010-08-30 00:00:00+09:00,757.3012970715034,776.0000945300591,757.3012970715034,766.6506958007812,24400,0.0,0.0
2010-08-31 00:00:00+09:00,757.3013094388522,757.3013094388522,729.2531127929688,729.2531127929688,9500,0.0,0.0
2010-09-01 00:00:00+09:00,738.6025116749298,738.6025116749298,719.9037139110076,729.2531127929688,13400,0.0,0.0
2010-09-02 00:00:00+09:00,738.6025322808159,757.3013305664062,729.2531331380208,757.3013305664062,8900,0.0,0.0
2010-09-03 00:00:00+09:00,757.3012970715034,766.6506958007812,747.9518983422256,766.6506958007812,3000,0.0,0.0
2010-09-06 00:00:00+09:00,766.6507230092244,785.3495211314006,757.3013239481363,776.0001220703125,11300,0.0,0.0
2010-09-07 00:00:00+09:00,794.6989201924887,794.6989201924887,776.0001220703125,776.0001220703125,8000,0.0,0.0
2010-09-08 00:00:00+09:00,757.3013305664062,757.3013305664062,747.9519314236111,757.3013305664062,9000,0.0,0.0
2010-09-09 00:00:00+09:00,747.9519382911392,747.9519382911392,738.6025390625,738.6025390625,8400,0.0,0.0
2010-09-10 00:00:00+09:00,747.9519382911392,747.9519382911392,738.6025390625,738.6025390625,3800,0.0,0.0
2010-09-13 00:00:00+09:00,747.9519382911392,757.3013375197785,738.6025390625,738.6025390625,6300,0.0,0.0
2010-09-14 00:00:00+09:00,738.6025390625,747.9519382911392,738.6025390625,738.6025390625,4700,0.0,0.0
2010-09-16 00:00:00+09:00,738.6025054931641,757.301303100586,738.6025054931641,747.951904296875,1900,0.0,0.0
2010-09-17 00:00:00+09:00,738.6025390625,747.9519382911392,738.6025390625,738.6025390625,8000,0.0,0.0
2010-09-21 00:00:00+09:00,757.3013375197785,757.3013375197785,738.6025390625,738.6025390625,10100,0.0,0.0
2010-09-22 00:00:00+09:00,747.9519248870482,794.6989201924887,747.9519248870482,776.0001220703125,95200,0.0,0.0
2010-09-24 00:00:00+09:00,776.0001288519965,794.6989271375868,757.3013305664062,757.3013305664062,26600,0.0,0.0
2010-09-27 00:00:00+09:00,776.0001288519965,776.0001288519965,757.3013305664062,757.3013305664062,8900,0.0,0.0
2010-09-28 00:00:00+09:00,766.6507083208132,766.6507083208132,729.2531127929688,729.2531127929688,13900,0.0,0.0
2010-09-29 00:00:00+09:00,729.2531468775366,738.6025461964794,710.554348239651,719.9037475585938,22800,0.0,0.0
2010-09-30 00:00:00+09:00,710.55435546875,710.55435546875,701.2049560546875,701.2049560546875,5900,0.0,0.0
2010-10-01 00:00:00+09:00,701.2049560546875,710.55435546875,691.855556640625,701.2049560546875,22200,0.0,0.0
2010-10-04 00:00:00+09:00,691.8555640651755,691.8555640651755,682.5061645507812,682.5061645507812,3600,0.0,0.0
2010-10-05 00:00:00+09:00,673.1567650363869,682.5061645507812,663.8073655219927,682.5061645507812,9400,0.0,0.0
2010-10-06 00:00:00+09:00,682.5061572265626,701.2049560546875,682.5061572265626,701.2049560546875,11100,0.0,0.0
2010-10-07 00:00:00+09:00,691.855556640625,701.2049560546875,682.5061572265626,701.2049560546875,11600,0.0,0.0
2010-10-08 00:00:00+09:00,701.2049560546875,701.2049560546875,691.855556640625,701.2049560546875,5600,0.0,0.0
2010-10-12 00:00:00+09:00,701.2049357096354,701.2049357096354,673.15673828125,673.15673828125,5800,0.0,0.0
2010-10-13 00:00:00+09:00,701.2049429757254,701.2049429757254,645.1085475376674,654.4579467773438,24300,0.0,0.0
2010-10-14 00:00:00+09:00,663.8073460170201,663.8073460170201,654.4579467773438,654.4579467773438,9700,0.0,0.0
2010-10-15 00:00:00+09:00,645.1085815429688,654.4579812754755,645.1085815429688,645.1085815429688,7000,0.0,0.0
2010-10-18 00:00:00+09:00,645.108554615694,645.108554615694,635.7591552734375,635.7591552734375,4100,0.0,0.0
2010-10-19 00:00:00+09:00,645.108554615694,645.108554615694,635.7591552734375,635.7591552734375,6100,0.0,0.0
2010-10-20 00:00:00+09:00,626.4097290039062,626.4097290039062,626.4097290039062,626.4097290039062,6400,0.0,0.0
2010-10-21 00:00:00+09:00,626.409755931181,635.7591552734375,626.409755931181,635.7591552734375,15700,0.0,0.0
2010-10-22 00:00:00+09:00,635.7591279442631,635.7591279442631,617.0603300635495,626.4097290039062,6300,0.0,0.0
2010-10-25 00:00:00+09:00,617.0603637695312,626.4097632205848,617.0603637695312,617.0603637695312,12600,0.0,0.0
2010-10-26 00:00:00+09:00,626.4097632205848,626.4097632205848,607.7109643184777,617.0603637695312,13700,0.0,0.0
2010-10-27 00:00:00+09:00,626.4097632205848,626.4097632205848,607.7109643184777,617.0603637695312,12900,0.0,0.0
2010-10-28 00:00:00+09:00,617.0603637695312,617.0603637695312,607.7109643184777,617.0603637695312,9200,0.0,0.0
2010-10-29 00:00:00+09:00,617.0603365384616,617.0603365384616,607.7109375,607.7109375,6500,0.0,0.0
2010-11-01 00:00:00+09:00,607.7109798308342,607.7109798308342,579.6627807617188,579.6627807617188,18700,0.0,0.0
2010-11-02 00:00:00+09:00,607.7109222412109,607.7109222412109,560.9639282226562,560.9639282226562,26400,0.0,0.0
2010-11-04 00:00:00+09:00,579.6627807617188,589.0121804514239,570.3133810720136,579.6627807617188,20100,0.0,0.0
2010-11-05 00:00:00+09:00,589.012139423077,626.4097355769231,589.012139423077,607.7109375,19800,0.0,0.0
2010-11-08 00:00:00+09:00,626.409755931181,635.7591552734375,617.0603565889246,635.7591552734375,9100,0.0,0.0
2010-11-09 00:00:00+09:00,635.759181810462,654.4579812754755,626.4097820779551,645.1085815429688,18100,0.0,0.0
2010-11-10 00:00:00+09:00,645.108554615694,654.4579539579504,635.7591552734375,635.7591552734375,6300,0.0,0.0
2010-11-11 00:00:00+09:00,626.4097632205848,626.4097632205848,617.0603637695312,617.0603637695312,31200,0.0,0.0
2010-11-12 00:00:00+09:00,617.0603434244791,617.0603434244791,589.0121459960938,589.0121459960938,43400,0.0,0.0
2010-11-15 00:00:00+09:00,598.3615451388889,598.3615451388889,589.0121459960938,589.0121459960938,17600,0.0,0.0
2010-11-16 00:00:00+09:00,598.3615384615384,617.0603365384616,589.012139423077,607.7109375,32000,0.0,0.0
2010-11-17 00:00:00+09:00,598.3615513392857,654.4579467773438,598.3615513392857,654.4579467773438,33400,0.0,0.0
2010-11-18 00:00:00+09:00,663.807373046875,663.807373046875,645.108573806118,663.807373046875,22100,0.0,0.0
2010-11-19 00:00:00+09:00,654.4579399956597,682.506137424045,654.4579399956597,673.15673828125,11800,0.0,0.0
2010-11-22 00:00:00+09:00,673.1567726672536,673.1567726672536,663.807373046875,663.807373046875,25800,0.0,0.0
2010-11-24 00:00:00+09:00,654.4579467773438,663.8073460170201,654.4579467773438,654.4579467773438,12800,0.0,0.0
2010-11-25 00:00:00+09:00,719.9037078857422,766.6507019042969,719.9037078857422,747.951904296875,266600,0.0,0.0
2010-11-26 00:00:00+09:00,747.9519382911392,766.6507367484177,729.2531398338607,738.6025390625,63300,0.0,0.0
2010-11-29 00:00:00+09:00,729.2531066894531,757.301303100586,729.2531066894531,747.951904296875,21400,0.0,0.0
2010-11-30 00:00:00+09:00,747.9519382911392,747.9519382911392,729.2531398338607,738.6025390625,18100,0.0,0.0
2010-12-01 00:00:00+09:00,729.2531468775366,738.6025461964794,710.554348239651,719.9037475585938,33800,0.0,0.0
2010-12-02 00:00:00+09:00,719.9037139110076,729.2531127929688,710.5543150290464,729.2531127929688,18000,0.0,0.0
2010-12-03 00:00:00+09:00,738.6025461964794,738.6025461964794,719.9037475585938,719.9037475585938,15600,0.0,0.0
2010-12-06 00:00:00+09:00,710.554348239651,729.2531468775366,710.554348239651,719.9037475585938,12500,0.0,0.0
2010-12-07 00:00:00+09:00,710.554348239651,729.2531468775366,710.554348239651,719.9037475585938,15400,0.0,0.0
2010-12-08 00:00:00+09:00,719.9037078857422,747.951904296875,710.5543090820313,747.951904296875,32900,0.0,0.0
2010-12-09 00:00:00+09:00,738.6025390625,747.9519382911392,729.2531398338607,738.6025390625,16200,0.0,0.0
2010-12-10 00:00:00+09:00,729.2531127929688,738.6025116749298,729.2531127929688,729.2531127929688,6000,0.0,0.0
2010-12-13 00:00:00+09:00,719.9037406052215,738.6025390625,719.9037406052215,738.6025390625,13600,0.0,0.0
2010-12-14 00:00:00+09:00,729.2531331380208,757.3013305664062,729.2531331380208,757.3013305664062,63400,0.0,0.0
2010-12-15 00:00:00+09:00,757.3013305664062,766.6507297092013,747.9519314236111,757.3013305664062,43800,0.0,0.0
2010-12-16 00:00:00+09:00,747.9519314236111,757.3013305664062,738.6025322808159,757.3013305664062,19900,0.0,0.0
2010-12-17 00:00:00+09:00,766.6507166245405,822.747110523897,757.3013176413143,794.6989135742188,88800,0.0,0.0
2010-12-20 00:00:00+09:00,804.0482907178925,804.0482907178925,766.6506958007812,766.6506958007812,43300,0.0,0.0
2010-12-21 00:00:00+09:00,747.9519314236111,757.3013305664062,738.6025322808159,757.3013305664062,15200,0.0,0.0
2010-12-22 00:00:00+09:00,747.9519382911392,757.3013375197785,738.6025390625,738.6025390625,21100,0.0,0.0
2010-12-24 00:00:00+09:00,729.2531127929688,738.6025116749298,710.5543150290464,729.2531127929688,20000,0.0,0.0
2010-12-27 00:00:00+09:00,729.253154296875,729.253154296875,701.2049560546875,701.2049560546875,27000,0.0,0.0
2010-12-28 00:00:00+09:00,710.5543212890625,710.5543212890625,701.2049223247327,710.5543212890625,21200,0.0,0.0
2010-12-29 00:00:00+09:00,719.9037406052215,738.6025390625,719.9037406052215,738.6025390625,25200,0.0,0.0
2010-12-30 00:00:00+09:00,738.6025461964794,738.6025461964794,710.554348239651,719.9037475585938,16900,0.0,0.0
2011-01-04 00:00:00+09:00,710.5543413765822,738.6025390625,710.5543413765822,738.6025390625,17800,0.0,0.0
2011-01-05 00:00:00+09:00,729.2531398338607,738.6025390625,719.9037406052215,738.6025390625,13500,0.0,0.0
2011-01-06 00:00:00+09:00,757.3013305664062,757.3013305664062,738.6025322808159,757.3013305664062,39300,0.0,0.0
2011-01-07 00:00:00+09:00,766.6507367484177,766.6507367484177,738.6025390625,738.6025390625,18800,0.0,0.0
2011-01-11 00:00:00+09:00,747.9518983422256,766.6506958007812,738.6024996129478,766.6506958007812,36000,0.0,0.0
2011-01-12 00:00:00+09:00,766.6506958007812,776.0000945300591,757.3012970715034,766.6506958007812,60100,0.0,0.0
2011-01-13 00:00:00+09:00,776.0001288519965,776.0001288519965,757.3013305664062,757.3013305664062,17100,0.0,0.0
2011-01-14 00:00:00+09:00,757.3013305664062,766.6507297092013,747.9519314236111,757.3013305664062,34300,0.0,0.0
2011-01-17 00:00:00+09:00,757.3013305664062,766.6507297092013,747.9519314236111,757.3013305664062,6000,0.0,0.0
2011-01-18 00:00:00+09:00,738.6025322808159,757.3013305664062,738.6025322808159,757.3013305664062,9900,0.0,0.0
2011-01-19 00:00:00+09:00,747.951904296875,757.301303100586,738.6025054931641,747.951904296875,18800,0.0,0.0
2011-01-20 00:00:00+09:00,747.951904296875,757.301303100586,738.6025054931641,747.951904296875,13500,0.0,0.0
2011-01-21 00:00:00+09:00,747.951945515422,757.3013448343648,719.9037475585938,719.9037475585938,54100,0.0,0.0
2011-01-24 00:00:00+09:00,729.2531127929688,729.2531127929688,719.9037139110076,729.2531127929688,7200,0.0,0.0
2011-01-25 00:00:00+09:00,729.2531066894531,747.951904296875,729.2531066894531,747.951904296875,26300,0.0,0.0
2011-01-26 00:00:00+09:00,738.6025390625,747.9519382911392,738.6025390625,738.6025390625,12800,0.0,0.0
2011-01-27 00:00:00+09:00,738.6025390625,738.6025390625,729.2531398338607,738.6025390625,700,0.0,0.0
2011-01-28 00:00:00+09:00,729.2531127929688,747.951910556891,729.2531127929688,729.2531127929688,6500,0.0,0.0
2011-01-31 00:00:00+09:00,710.5543212890625,719.9037202533922,701.2049223247327,710.5543212890625,9500,0.0,0.0
2011-02-01 00:00:00+09:00,701.204928836307,710.5543278874577,691.8555297851562,691.8555297851562,18600,0.0,0.0
2011-02-02 00:00:00+09:00,701.2049560546875,719.9037548828126,701.2049560546875,701.2049560546875,38800,0.0,0.0
2011-02-03 00:00:00+09:00,710.5543212890625,719.9037202533922,701.2049223247327,710.5543212890625,11300,0.0,0.0
2011-02-04 00:00:00+09:00,719.9037475585938,729.2531468775366,710.554348239651,719.9037475585938,13900,0.0,0.0
2011-02-07 00:00:00+09:00,729.2531468775366,738.6025461964794,719.9037475585938,719.9037475585938,11400,0.0,0.0
2011-02-08 00:00:00+09:00,729.2531468775366,729.2531468775366,719.9037475585938,719.9037475585938,17000,0.0,0.0
2011-02-09 00:00:00+09:00,719.9037475585938,729.2531468775366,710.554348239651,719.9037475585938,7400,0.0,0.0
2011-02-10 00:00:00+09:00,710.554348239651,719.9037475585938,701.2049489207081,719.9037475585938,17500,0.0,0.0
2011-02-14 00:00:00+09:00,710.5543212890625,710.5543212890625,701.2049223247327,710.5543212890625,11100,0.0,0.0
2011-02-15 00:00:00+09:00,710.5543212890625,719.9037202533922,701.2049223247327,710.5543212890625,11700,0.0,0.0
2011-02-16 00:00:00+09:00,710.5543212890625,719.9037202533922,701.2049223247327,710.5543212890625,7800,0.0,0.0
2011-02-17 00:00:00+09:00,710.554348239651,729.2531468775366,710.554348239651,719.9037475585938,31100,0.0,0.0
2011-02-18 00:00:00+09:00,719.9037475585938,719.9037475585938,710.554348239651,719.9037475585938,7900,0.0,0.0
2011-02-21 00:00:00+09:00,719.9037078857422,747.951904296875,701.2049102783203,747.951904296875,45600,0.0,0.0
2011-02-22 00:00:00+09:00,776.0001072027744,776.0001072027744,729.2531127929688,729.2531127929688,49900,0.0,0.0
2011-02-23 00:00:00+09:00,729.2531468775366,747.951945515422,719.9037475585938,719.9037475585938,11700,0.0,0.0
2011-02-24 00:00:00+09:00,729.253154296875,729.253154296875,701.2049560546875,701.2049560546875,20700,0.0,0.0
2011-02-25 00:00:00+09:00,701.2049223247327,710.5543212890625,701.2049223247327,710.5543212890625,12300,0.0,0.0
2011-02-28 00:00:00+09:00,719.9037139110076,738.6025116749298,710.5543150290464,729.2531127929688,11600,0.0,0.0
2011-03-01 00:00:00+09:00,747.9519382911392,747.9519382911392,729.2531398338607,738.6025390625,11700,0.0,0.0
2011-03-02 00:00:00+09:00,729.2531468775366,738.6025461964794,719.9037475585938,719.9037475585938,9600,0.0,0.0
2011-03-03 00:00:00+09:00,719.9037339952257,766.6507297092013,719.9037339952257,757.3013305664062,33900,0.0,0.0
2011-03-04 00:00:00+09:00,757.301303100586,1009.7350708007813,747.951904296875,934.9398803710938,2057000,0.0,0.0
2011-03-07 00:00:00+09:00,953.6387190908756,1028.433912745062,944.2893198841023,991.0363159179688,2540600,0.0,0.0
2011-03-08 00:00:00+09:00,953.6386909484863,981.6868877410889,888.1928984324137,897.5422973632812,524800,0.0,0.0
2011-03-09 00:00:00+09:00,897.5422819368132,897.5422819368132,850.7952880859375,850.7952880859375,238400,0.0,0.0
2011-03-10 00:00:00+09:00,850.7953290072354,860.1447282270951,813.3977321277965,822.7471313476562,207200,0.0,0.0
2011-03-11 00:00:00+09:00,813.3977391442587,832.0965377452761,804.04833984375,804.04833984375,137400,0.0,0.0
2011-03-14 00:00:00+09:00,617.0603300635495,719.9037184074743,607.7109311231926,626.4097290039062,188100,0.0,0.0
2011-03-15 00:00:00+09:00,579.6627468532986,589.0121459960938,383.32536485460065,420.72296142578125,279100,0.0,0.0
2011-03-16 00:00:00+09:00,467.4699571397569,626.4097425672743,467.4699571397569,589.0121459960938,413700,0.0,0.0
2011-03-17 00:00:00+09:00,523.5663519965277,598.3615451388889,523.5663519965277,589.0121459960938,209600,0.0,0.0
2011-03-18 00:00:00+09:00,598.3615451388889,617.0603434244791,589.0121459960938,589.0121459960938,160100,0.0,0.0
2011-03-22 00:00:00+09:00,645.108554615694,663.8073533002068,635.7591552734375,635.7591552734375,110700,0.0,0.0
2011-03-23 00:00:00+09:00,645.108573806118,682.506172287632,617.0603749449824,663.807373046875,87100,0.0,0.0
2011-03-24 00:00:00+09:00,673.1567526424632,682.5061519847196,635.7591552734375,635.7591552734375,97500,0.0,0.0
2011-03-25 00:00:00+09:00,645.108554615694,663.8073533002068,626.409755931181,635.7591552734375,56900,0.0,0.0
2011-03-28 00:00:00+09:00,645.1085621226918,645.1085621226918,607.7109643184777,617.0603637695312,32400,0.0,0.0
2011-03-29 00:00:00+09:00,607.7109643184777,635.7591626716383,607.7109643184777,617.0603637695312,43000,0.0,0.0
2011-03-30 00:00:00+09:00,645.1085345294024,710.5543278874577,626.4097364271009,691.8555297851562,136900,0.0,0.0
2011-03-31 00:00:00+09:00,738.6025616371468,738.6025616371468,663.8073655219927,682.5061645507812,131300,0.0,0.0
2011-04-01 00:00:00+09:00,691.8555719080106,701.2049715283891,663.807373046875,663.807373046875,94700,0.0,0.0
2011-04-04 00:00:00+09:00,673.1567316828547,710.5543278874577,673.1567316828547,691.8555297851562,72300,0.0,0.0
2011-04-05 00:00:00+09:00,719.9037339952257,888.1929185655381,710.5543348524305,841.4459228515625,5010200,0.0,0.0
2011-04-06 00:00:00+09:00,850.7952779134114,860.1446765718006,766.6506899879092,785.3494873046875,1796100,0.0,0.0
2011-04-07 00:00:00+09:00,776.0000886462983,794.6988859630766,747.951892671131,785.3494873046875,282700,0.0,0.0
2011-04-08 00:00:00+09:00,766.6507230092244,822.7471173757531,738.6025258259601,776.0001220703125,428700,0.0,0.0
2011-04-11 00:00:00+09:00,794.6988859630766,804.0482846214658,766.6506899879092,785.3494873046875,77300,0.0,0.0
2011-04-12 00:00:00+09:00,776.0001007080078,776.0001007080078,747.951904296875,747.951904296875,78900,0.0,0.0
2011-04-13 00:00:00+09:00,747.951904296875,757.301303100586,729.2531066894531,747.951904296875,50800,0.0,0.0
2011-04-14 00:00:00+09:00,738.6024996129478,794.6988919886147,738.6024996129478,766.6506958007812,156000,0.0,0.0
2011-04-15 00:00:00+09:00,776.0001007080078,776.0001007080078,747.951904296875,747.951904296875,41600,0.0,0.0
2011-04-18 00:00:00+09:00,757.3013375197785,766.6507367484177,738.6025390625,738.6025390625,23900,0.0,0.0
2011-04-19 00:00:00+09:00,729.2531127929688,738.6025116749298,729.2531127929688,729.2531127929688,30900,0.0,0.0
2011-04-20 00:00:00+09:00,747.951910556891,747.951910556891,729.2531127929688,729.2531127929688,23900,0.0,0.0
2011-04-21 00:00:00+09:00,738.6025181820518,747.9519171463816,710.5543212890625,710.5543212890625,54700,0.0,0.0
2011-04-22 00:00:00+09:00,710.55435546875,710.55435546875,691.855556640625,701.2049560546875,38200,0.0,0.0
2011-04-25 00:00:00+09:00,701.2049223247327,719.9037202533922,701.2049223247327,710.5543212890625,13200,0.0,0.0
2011-04-26 00:00:00+09:00,710.55435546875,710.55435546875,701.2049560546875,701.2049560546875,17300,0.0,0.0
2011-04-27 00:00:00+09:00,710.5543212890625,738.6025181820518,701.2049223247327,710.5543212890625,43000,0.0,0.0
2011-04-28 00:00:00+09:00,719.9037475585938,719.9037475585938,701.2049489207081,719.9037475585938,15600,0.0,0.0
2011-05-02 00:00:00+09:00,719.9037475585938,719.9037475585938,710.554348239651,719.9037475585938,18500,0.0,0.0
2011-05-06 00:00:00+09:00,710.5543212890625,719.9037202533922,701.2049223247327,710.5543212890625,10400,0.0,0.0
2011-05-09 00:00:00+09:00,710.55435546875,710.55435546875,701.2049560546875,701.2049560546875,6700,0.0,0.0
2011-05-10 00:00:00+09:00,701.2049489207081,729.2531468775366,701.2049489207081,719.9037475585938,66100,0.0,0.0
2011-05-11 00:00:00+09:00,719.9037548828126,719.9037548828126,701.2049560546875,701.2049560546875,25200,0.0,0.0
2011-05-12 00:00:00+09:00,701.2049161470853,738.6025116749298,701.2049161470853,729.2531127929688,80800,0.0,0.0
2011-05-13 00:00:00+09:00,719.9037269386085,719.9037269386085,691.8555297851562,691.8555297851562,39900,0.0,0.0
2011-05-16 00:00:00+09:00,682.506137424045,682.506137424045,673.15673828125,673.15673828125,31700,0.0,0.0
2011-05-17 00:00:00+09:00,673.15673828125,673.15673828125,663.8073391384548,673.15673828125,15100,0.0,0.0
2011-05-18 00:00:00+09:00,673.1567316828547,701.204928836307,673.1567316828547,691.8555297851562,13700,0.0,0.0
2011-05-19 00:00:00+09:00,701.2049635795697,701.2049635795697,682.5061645507812,682.5061645507812,12000,0.0,0.0
2011-05-20 00:00:00+09:00,682.5061645507812,682.5061645507812,673.1567650363869,682.5061645507812,6800,0.0,0.0
2011-05-23 00:00:00+09:00,691.8555365668402,691.8555365668402,673.15673828125,673.15673828125,15300,0.0,0.0
2011-05-24 00:00:00+09:00,673.15673828125,673.15673828125,663.8073391384548,673.15673828125,14800,0.0,0.0
2011-05-25 00:00:00+09:00,673.1567807404891,673.1567807404891,635.759181810462,645.1085815429688,29900,0.0,0.0
2011-05-26 00:00:00+09:00,645.108573806118,663.807373046875,645.108573806118,663.807373046875,14000,0.0,0.0
2011-05-27 00:00:00+09:00,663.8073460170201,663.8073460170201,654.4579467773438,654.4579467773438,5200,0.0,0.0
2011-05-30 00:00:00+09:00,654.4579467773438,654.4579467773438,645.1085475376674,654.4579467773438,10800,0.0,0.0
2011-05-31 00:00:00+09:00,635.7591669788098,691.8555640651755,635.7591669788098,682.5061645507812,31400,0.0,0.0
2011-06-01 00:00:00+09:00,682.506137424045,701.2049357096354,663.8073391384548,673.15673828125,23700,0.0,0.0
2011-06-02 00:00:00+09:00,654.4579467773438,663.8073460170201,645.1085475376674,654.4579467773438,15900,0.0,0.0
2011-06-03 00:00:00+09:00,645.1085815429688,654.4579812754755,645.1085815429688,645.1085815429688,4100,0.0,0.0
2011-06-06 00:00:00+09:00,654.4579615737453,654.4579615737453,617.0603637695312,617.0603637695312,21300,0.0,0.0
2011-06-07 00:00:00+09:00,617.0603300635495,645.1085268846199,607.7109311231926,626.4097290039062,17300,0.0,0.0
2011-06-08 00:00:00+09:00,626.4097290039062,635.7591279442631,617.0603300635495,626.4097290039062,12000,0.0,0.0
2011-06-09 00:00:00+09:00,635.7591346153846,635.7591346153846,598.3615384615384,607.7109375,30700,0.0,0.0
2011-06-10 00:00:00+09:00,617.0603637695312,626.4097632205848,607.7109643184777,617.0603637695312,16700,0.0,0.0
2011-06-13 00:00:00+09:00,607.710944281684,617.0603434244791,589.0121459960938,589.0121459960938,31900,0.0,0.0
2011-06-14 00:00:00+09:00,598.3615321828358,635.7591279442631,598.3615321828358,626.4097290039062,45100,0.0,0.0
2011-06-15 00:00:00+09:00,635.759181810462,663.8073810079824,617.0603823454484,645.1085815429688,64500,0.0,0.0
2011-06-16 00:00:00+09:00,635.7591279442631,645.1085268846199,626.4097290039062,626.4097290039062,12700,0.0,0.0
2011-06-17 00:00:00+09:00,645.1085268846199,663.8073247653335,626.4097290039062,626.4097290039062,30200,0.0,0.0
2011-06-20 00:00:00+09:00,626.4097355769231,635.7591346153846,598.3615384615384,607.7109375,63100,0.0,0.0
2011-06-21 00:00:00+09:00,607.7109375,626.4097355769231,598.3615384615384,607.7109375,44400,0.0,0.0
2011-06-22 00:00:00+09:00,607.7109311231926,626.4097290039062,607.7109311231926,626.4097290039062,34300,0.0,0.0
2011-06-23 00:00:00+09:00,626.4097632205848,626.4097632205848,607.7109643184777,617.0603637695312,32600,0.0,0.0
2011-06-24 00:00:00+09:00,607.7109311231926,626.4097290039062,607.7109311231926,626.4097290039062,13800,0.0,0.0
2011-06-27 00:00:00+09:00,635.7591552734375,635.7591552734375,617.0603565889246,635.7591552734375,31300,0.0,0.0
2011-06-28 00:00:00+09:00,626.4097290039062,635.7591279442631,617.0603300635495,626.4097290039062,9800,0.0,0.0
2011-06-29 00:00:00+09:00,635.7591552734375,635.7591552734375,617.0603565889246,635.7591552734375,9800,0.0,0.0
2011-06-30 00:00:00+09:00,635.759148297991,654.4579467773438,635.759148297991,654.4579467773438,19600,0.0,0.0
2011-07-01 00:00:00+09:00,682.5061307340054,729.2531259897593,673.1567316828547,691.8555297851562,357000,0.0,0.0
2011-07-04 00:00:00+09:00,682.5061307340054,691.8555297851562,673.1567316828547,691.8555297851562,39000,0.0,0.0
2011-07-05 00:00:00+09:00,682.5061645507812,691.8555640651755,673.1567650363869,682.5061645507812,23600,0.0,0.0
2011-07-06 00:00:00+09:00,673.1567316828547,691.8555297851562,673.1567316828547,691.8555297851562,13000,0.0,0.0
2011-07-07 00:00:00+09:00,691.8555640651755,701.2049635795697,682.5061645507812,682.5061645507812,24100,0.0,0.0
2011-07-08 00:00:00+09:00,682.5061307340054,691.8555297851562,673.1567316828547,691.8555297851562,20900,0.0,0.0
2011-07-11 00:00:00+09:00,691.8555365668402,691.8555365668402,673.15673828125,673.15673828125,13100,0.0,0.0
2011-07-12 00:00:00+09:00,663.8073391384548,673.15673828125,663.8073391384548,673.15673828125,21000,0.0,0.0
2011-07-13 00:00:00+09:00,673.15673828125,691.8555365668402,663.8073391384548,673.15673828125,14600,0.0,0.0
2011-07-14 00:00:00+09:00,673.1567650363869,682.5061645507812,673.1567650363869,682.5061645507812,7700,0.0,0.0
2011-07-15 00:00:00+09:00,663.8073391384548,682.506137424045,663.8073391384548,673.15673828125,2100,0.0,0.0
2011-07-19 00:00:00+09:00,673.1567726672536,673.1567726672536,663.807373046875,663.807373046875,5800,0.0,0.0
2011-07-20 00:00:00+09:00,663.807373046875,673.1567726672536,663.807373046875,663.807373046875,3800,0.0,0.0
2011-07-21 00:00:00+09:00,673.1567726672536,682.506172287632,663.807373046875,663.807373046875,17600,0.0,0.0
2011-07-22 00:00:00+09:00,663.807373046875,682.506172287632,663.807373046875,663.807373046875,14500,0.0,0.0
2011-07-25 00:00:00+09:00,663.8073391384548,673.15673828125,663.8073391384548,673.15673828125,4900,0.0,0.0
2011-07-26 00:00:00+09:00,673.1567726672536,673.1567726672536,663.807373046875,663.807373046875,6800,0.0,0.0
2011-07-27 00:00:00+09:00,663.807373046875,663.807373046875,654.4579734264964,663.807373046875,10900,0.0,0.0
2011-07-28 00:00:00+09:00,654.4579467773438,654.4579467773438,626.4097490583147,654.4579467773438,31200,0.0,0.0
2011-07-29 00:00:00+09:00,645.1085475376674,654.4579467773438,645.1085475376674,654.4579467773438,7000,0.0,0.0
2011-08-01 00:00:00+09:00,635.759148297991,663.8073460170201,635.759148297991,654.4579467773438,10500,0.0,0.0
2011-08-02 00:00:00+09:00,654.4579467773438,663.8073460170201,654.4579467773438,654.4579467773438,5900,0.0,0.0
2011-08-03 00:00:00+09:00,645.108554615694,645.108554615694,626.409755931181,635.7591552734375,14900,0.0,0.0
2011-08-04 00:00:00+09:00,635.7591552734375,645.108554615694,635.7591552734375,635.7591552734375,14000,0.0,0.0
2011-08-05 00:00:00+09:00,607.7109718322754,617.0603713989258,598.361572265625,598.361572265625,37800,0.0,0.0
2011-08-08 00:00:00+09:00,598.361580141129,617.0603795205393,579.6627807617188,579.6627807617188,27000,0.0,0.0
2011-08-09 00:00:00+09:00,560.9639282226562,570.3133270263672,542.2651306152344,560.9639282226562,43000,0.0,0.0
2011-08-10 00:00:00+09:00,589.0121459960938,598.3615451388889,579.6627468532986,589.0121459960938,9600,0.0,0.0
2011-08-11 00:00:00+09:00,570.3133477105034,589.0121459960938,560.9639485677083,589.0121459960938,6200,0.0,0.0
2011-08-12 00:00:00+09:00,607.710944281684,617.0603434244791,579.6627468532986,589.0121459960938,11200,0.0,0.0
2011-08-15 00:00:00+09:00,598.3615384615384,607.7109375,579.6627403846154,607.7109375,19100,0.0,0.0
2011-08-16 00:00:00+09:00,607.7109375,617.0603365384616,598.3615384615384,607.7109375,7300,0.0,0.0
2011-08-17 00:00:00+09:00,579.6627731323242,598.361572265625,579.6627731323242,598.361572265625,25800,0.0,0.0
2011-08-18 00:00:00+09:00,607.7109798308342,607.7109798308342,579.6627807617188,579.6627807617188,12300,0.0,0.0
2011-08-19 00:00:00+09:00,560.9639002913135,570.3132986295021,551.614501953125,551.614501953125,17100,0.0,0.0
2011-08-22 00:00:00+09:00,551.614535627694,551.614535627694,542.26513671875,542.26513671875,5300,0.0,0.0
2011-08-23 00:00:00+09:00,542.2651088781524,551.614507307086,532.9157104492188,532.9157104492188,11400,0.0,0.0
2011-08-24 00:00:00+09:00,551.614535627694,551.614535627694,532.915737809806,542.26513671875,17900,0.0,0.0
2011-08-25 00:00:00+09:00,551.614501953125,560.9639002913135,542.2651036149365,551.614501953125,15600,0.0,0.0
2011-08-26 00:00:00+09:00,551.6145294189453,560.9639282226562,551.6145294189453,560.9639282226562,8600,0.0,0.0
2011-08-29 00:00:00+09:00,570.3133810720136,579.6627807617188,560.9639813823085,579.6627807617188,11400,0.0,0.0
2011-08-30 00:00:00+09:00,589.0121459960938,598.3615451388889,579.6627468532986,589.0121459960938,6700,0.0,0.0
2011-08-31 00:00:00+09:00,598.361572265625,598.361572265625,579.6627731323242,598.361572265625,7900,0.0,0.0
2011-09-01 00:00:00+09:00,598.3615451388889,598.3615451388889,589.0121459960938,589.0121459960938,3400,0.0,0.0
2011-09-02 00:00:00+09:00,579.6627468532986,589.0121459960938,579.6627468532986,589.0121459960938,7900,0.0,0.0
2011-09-05 00:00:00+09:00,579.6627537461577,579.6627537461577,570.3133544921875,570.3133544921875,8300,0.0,0.0
2011-09-06 00:00:00+09:00,579.6627537461577,579.6627537461577,542.2651567302767,570.3133544921875,26600,0.0,0.0
2011-09-07 00:00:00+09:00,551.614501953125,560.9639002913135,551.614501953125,551.614501953125,10600,0.0,0.0
2011-09-08 00:00:00+09:00,560.9639282226562,579.6627258300781,560.9639282226562,560.9639282226562,10100,0.0,0.0
2011-09-09 00:00:00+09:00,560.9639552382172,570.3133544921875,560.9639552382172,570.3133544921875,11400,0.0,0.0
2011-09-12 00:00:00+09:00,551.614535627694,551.614535627694,532.915737809806,542.26513671875,24600,0.0,0.0
2011-09-13 00:00:00+09:00,542.2651036149365,551.614501953125,542.2651036149365,551.614501953125,10100,0.0,0.0
2011-09-14 00:00:00+09:00,551.614507307086,551.614507307086,514.2169135913514,532.9157104492188,31300,0.0,0.0
2011-09-15 00:00:00+09:00,523.5663120202851,532.9157104492188,523.5663120202851,532.9157104492188,8700,0.0,0.0
2011-09-16 00:00:00+09:00,542.26513671875,542.26513671875,532.915737809806,542.26513671875,9700,0.0,0.0
2011-09-20 00:00:00+09:00,532.9157442365374,542.265143258231,523.5663452148438,523.5663452148438,8400,0.0,0.0
2011-09-21 00:00:00+09:00,523.5663452148438,532.9157442365374,523.5663452148438,523.5663452148438,4500,0.0,0.0
2011-09-22 00:00:00+09:00,523.5663120202851,532.9157104492188,514.2169135913514,532.9157104492188,36900,0.0,0.0
2011-09-26 00:00:00+09:00,514.2169600266676,523.5663592998798,467.46996366060694,486.16876220703125,29400,0.0,0.0
2011-09-27 00:00:00+09:00,504.8675607534555,504.8675607534555,467.46996366060694,486.16876220703125,21700,0.0,0.0
2011-09-28 00:00:00+09:00,495.5181845205801,504.8675842285156,495.5181845205801,504.8675842285156,17000,0.0,0.0
2011-09-29 00:00:00+09:00,504.8675842285156,504.8675842285156,495.5181845205801,504.8675842285156,9200,0.0,0.0
2011-09-30 00:00:00+09:00,514.2169189453125,514.2169189453125,504.8675204190341,514.2169189453125,7100,0.0,0.0
2011-10-03 00:00:00+09:00,504.8675607534555,504.8675607534555,486.16876220703125,486.16876220703125,15600,0.0,0.0
2011-10-04 00:00:00+09:00,476.8193664550781,476.8193664550781,467.4699671128217,476.8193664550781,11100,0.0,0.0
2011-10-05 00:00:00+09:00,476.8193389892578,476.8193389892578,448.771142578125,467.4699401855469,24400,0.0,0.0
2011-10-06 00:00:00+09:00,458.12054443359375,467.46994329958545,458.12054443359375,458.12054443359375,18000,0.0,0.0
2011-10-07 00:00:00+09:00,467.4699401855469,486.1687377929688,467.4699401855469,467.4699401855469,13100,0.0,0.0
2011-10-11 00:00:00+09:00,476.8193629338191,495.51816148024335,476.8193629338191,486.16876220703125,22700,0.0,0.0
2011-10-12 00:00:00+09:00,486.1687587522111,495.5181579589844,476.8193595454378,495.5181579589844,18200,0.0,0.0
2011-10-13 00:00:00+09:00,495.5181579589844,504.86755716575766,495.5181579589844,495.5181579589844,11800,0.0,0.0
2011-10-14 00:00:00+09:00,495.51816148024335,495.51816148024335,486.16876220703125,486.16876220703125,15600,0.0,0.0
2011-10-17 00:00:00+09:00,486.16876220703125,495.51816148024335,486.16876220703125,486.16876220703125,13300,0.0,0.0
2011-10-18 00:00:00+09:00,476.8193389892578,486.1687377929688,467.4699401855469,467.4699401855469,14200,0.0,0.0
2011-10-19 00:00:00+09:00,476.8193389892578,476.8193389892578,467.4699401855469,467.4699401855469,12500,0.0,0.0
2011-10-20 00:00:00+09:00,467.4699401855469,467.4699401855469,458.12054138183595,467.4699401855469,9700,0.0,0.0
2011-10-21 00:00:00+09:00,467.46994654337567,467.46994654337567,439.42174975077313,448.7711486816406,43700,0.0,0.0
2011-10-24 00:00:00+09:00,458.1205509266955,458.1205509266955,430.0723539311835,439.4217529296875,44600,0.0,0.0
2011-10-25 00:00:00+09:00,448.7711519281915,448.7711519281915,439.4217529296875,439.4217529296875,15300,0.0,0.0
2011-10-26 00:00:00+09:00,439.4217437744141,467.4699401855469,439.4217437744141,467.4699401855469,15000,0.0,0.0
2011-10-27 00:00:00+09:00,467.4699401855469,467.4699401855469,448.771142578125,467.4699401855469,21000,0.0,0.0
2011-10-28 00:00:00+09:00,476.8193664550781,476.8193664550781,458.12056777056523,476.8193664550781,25200,0.0,0.0
2011-10-31 00:00:00+09:00,476.81934547424316,476.81934547424316,448.7711486816406,448.7711486816406,35300,0.0,0.0
2011-11-01 00:00:00+09:00,458.12054138183595,467.4699401855469,458.12054138183595,467.4699401855469,11700,0.0,0.0
2011-11-02 00:00:00+09:00,467.46994329958545,467.46994329958545,458.12054443359375,458.12054443359375,33800,0.0,0.0
2011-11-04 00:00:00+09:00,467.4699263139205,532.9157159978694,467.4699263139205,514.2169189453125,213500,0.0,0.0
2011-11-07 00:00:00+09:00,504.86754717145647,523.5663452148438,495.51814814976285,523.5663452148438,80700,0.0,0.0
2011-11-08 00:00:00+09:00,514.216956372531,523.5663555793043,495.5181579589844,495.5181579589844,45000,0.0,0.0
2011-11-09 00:00:00+09:00,495.5181579589844,495.5181579589844,486.1687587522111,495.5181579589844,15500,0.0,0.0
2011-11-10 00:00:00+09:00,476.8193664550781,486.1687657973346,476.8193664550781,476.8193664550781,12000,0.0,0.0
2011-11-11 00:00:00+09:00,467.46994992519944,467.46994992519944,439.4217529296875,439.4217529296875,46900,0.0,0.0
2011-11-14 00:00:00+09:00,439.42174670161035,458.12054443359375,439.42174670161035,458.12054443359375,27000,0.0,0.0
2011-11-15 00:00:00+09:00,448.77114556760205,458.12054443359375,439.42174670161035,458.12054443359375,13000,0.0,0.0
2011-11-16 00:00:00+09:00,458.1205509266955,458.1205509266955,439.4217529296875,439.4217529296875,5400,0.0,0.0
2011-11-17 00:00:00+09:00,448.7711486816406,448.7711486816406,439.42174975077313,448.7711486816406,4200,0.0,0.0
2011-11-18 00:00:00+09:00,448.7711519281915,448.7711519281915,430.0723539311835,439.4217529296875,26100,0.0,0.0
2011-11-21 00:00:00+09:00,439.4217633334073,439.4217633334073,411.3735656738281,411.3735656738281,29700,0.0,0.0
2011-11-22 00:00:00+09:00,411.373559039572,430.0723571777344,402.0241599704908,430.0723571777344,12000,0.0,0.0
2011-11-24 00:00:00+09:00,411.3735656738281,420.72296489368784,411.3735656738281,411.3735656738281,15200,0.0,0.0
2011-11-25 00:00:00+09:00,411.373559039572,430.0723571777344,411.373559039572,430.0723571777344,9000,0.0,0.0
2011-11-28 00:00:00+09:00,448.7711519281915,448.7711519281915,430.0723539311835,439.4217529296875,18000,0.0,0.0
2011-11-29 00:00:00+09:00,439.42174975077313,448.7711486816406,430.0723508199056,448.7711486816406,7300,0.0,0.0
2011-11-30 00:00:00+09:00,439.4217529296875,439.4217529296875,439.4217529296875,439.4217529296875,5500,0.0,0.0
2011-12-01 00:00:00+09:00,448.7711651141827,532.9157585730919,448.7711651141827,486.16876220703125,90300,0.0,0.0
2011-12-02 00:00:00+09:00,486.1687587522111,504.86755716575766,476.8193595454378,495.5181579589844,55300,0.0,0.0
2011-12-05 00:00:00+09:00,504.8675607534555,504.8675607534555,486.16876220703125,486.16876220703125,20300,0.0,0.0
2011-12-06 00:00:00+09:00,495.51816513959096,495.51816513959096,476.8193664550781,476.8193664550781,17500,0.0,0.0
2011-12-07 00:00:00+09:00,476.8193629338191,486.16876220703125,476.8193629338191,486.16876220703125,6400,0.0,0.0
2011-12-08 00:00:00+09:00,476.8193595454378,504.86755716575766,476.8193595454378,495.5181579589844,14400,0.0,0.0
2011-12-09 00:00:00+09:00,495.51816148024335,495.51816148024335,486.16876220703125,486.16876220703125,22100,0.0,0.0
2011-12-12 00:00:00+09:00,495.5181845205801,514.216983936451,495.5181845205801,504.8675842285156,20000,0.0,0.0
2011-12-13 00:00:00+09:00,495.51816148024335,504.8675607534555,486.16876220703125,486.16876220703125,19700,0.0,0.0
2011-12-14 00:00:00+09:00,495.5181579589844,504.86755716575766,486.1687587522111,495.5181579589844,25400,0.0,0.0
2011-12-15 00:00:00+09:00,495.5181365966797,495.5181365966797,467.4699401855469,467.4699401855469,30600,0.0,0.0
2011-12-16 00:00:00+09:00,467.46994329958545,476.81934216557715,458.12054443359375,458.12054443359375,15000,0.0,0.0
2011-12-19 00:00:00+09:00,448.7711519281915,448.7711519281915,439.4217529296875,439.4217529296875,18400,0.0,0.0
2011-12-20 00:00:00+09:00,458.12054443359375,458.12054443359375,448.77114556760205,458.12054443359375,5000,0.0,0.0
2011-12-21 00:00:00+09:00,458.12054443359375,467.46994329958545,458.12054443359375,458.12054443359375,9900,0.0,0.0
2011-12-22 00:00:00+09:00,458.12054443359375,458.12054443359375,448.77114556760205,458.12054443359375,8800,0.0,0.0
2011-12-26 00:00:00+09:00,458.12054443359375,458.12054443359375,448.77114556760205,458.12054443359375,6200,0.0,0.0
2011-12-27 00:00:00+09:00,448.7711486816406,458.1205476125081,439.42174975077313,448.7711486816406,9400,0.0,0.0
2011-12-28 00:00:00+09:00,439.4217529296875,448.7711519281915,439.4217529296875,439.4217529296875,5700,0.0,0.0
2011-12-29 00:00:00+09:00,439.4217529296875,439.4217529296875,430.0723539311835,439.4217529296875,22100,0.0,0.0
2011-12-30 00:00:00+09:00,430.0723571777344,448.77115531589675,430.0723571777344,430.0723571777344,23300,0.0,0.0
2012-01-04 00:00:00+09:00,439.42174670161035,458.12054443359375,439.42174670161035,458.12054443359375,12500,0.0,0.0
2012-01-05 00:00:00+09:00,458.1205476125081,467.46994654337567,448.7711486816406,448.7711486816406,10400,0.0,0.0
2012-01-06 00:00:00+09:00,458.1205476125081,458.1205476125081,448.7711486816406,448.7711486816406,6400,0.0,0.0
2012-01-10 00:00:00+09:00,458.1205476125081,458.1205476125081,448.7711486816406,448.7711486816406,12500,0.0,0.0
2012-01-11 00:00:00+09:00,448.77116842830884,504.8675644818474,448.77116842830884,476.8193664550781,99900,0.0,0.0
2012-01-12 00:00:00+09:00,486.1687377929688,486.1687377929688,458.12054138183595,467.4699401855469,15200,0.0,0.0
2012-01-13 00:00:00+09:00,476.8193595454378,504.86755716575766,467.4699603386645,495.5181579589844,58600,0.0,0.0
2012-01-16 00:00:00+09:00,495.51816513959096,495.51816513959096,467.4699671128217,476.8193664550781,48700,0.0,0.0
2012-01-17 00:00:00+09:00,476.8193664550781,504.8675644818474,476.8193664550781,476.8193664550781,35900,0.0,0.0
2012-01-18 00:00:00+09:00,486.1687491280692,542.265143258231,486.1687491280692,523.5663452148438,152600,0.0,0.0
2012-01-19 00:00:00+09:00,523.566317471591,551.6145130504261,504.8675204190341,514.2169189453125,115500,0.0,0.0
2012-01-20 00:00:00+09:00,514.216983936451,514.216983936451,495.5181845205801,504.8675842285156,54700,0.0,0.0
2012-01-23 00:00:00+09:00,504.8675204190341,523.566317471591,495.5181218927557,514.2169189453125,34000,0.0,0.0
2012-01-24 00:00:00+09:00,514.2169189453125,514.2169189453125,504.8675204190341,514.2169189453125,25600,0.0,0.0
2012-01-25 00:00:00+09:00,504.86751516241776,532.9157104492188,504.86751516241776,532.9157104492188,48300,0.0,0.0
2012-01-26 00:00:00+09:00,532.915737809806,542.26513671875,523.5663389008621,542.26513671875,25400,0.0,0.0
2012-01-27 00:00:00+09:00,532.9157104492188,551.614507307086,523.5663120202851,532.9157104492188,32500,0.0,0.0
2012-01-30 00:00:00+09:00,542.2651088781524,542.2651088781524,523.5663120202851,532.9157104492188,21200,0.0,0.0
2012-01-31 00:00:00+09:00,532.915737809806,551.614535627694,523.5663389008621,542.26513671875,50200,0.0,0.0
2012-02-01 00:00:00+09:00,532.9157442365374,532.9157442365374,523.5663452148438,523.5663452148438,22800,0.0,0.0
2012-02-02 00:00:00+09:00,532.9157159978694,532.9157159978694,514.2169189453125,514.2169189453125,32600,0.0,0.0
2012-02-03 00:00:00+09:00,504.8675842285156,514.216983936451,495.5181845205801,504.8675842285156,37400,0.0,0.0
2012-02-06 00:00:00+09:00,504.8675842285156,523.5663836443865,495.5181845205801,504.8675842285156,34400,0.0,0.0
2012-02-07 00:00:00+09:00,514.216983936451,514.216983936451,504.8675842285156,504.8675842285156,24800,0.0,0.0
2012-02-08 00:00:00+09:00,504.8675842285156,523.5663836443865,504.8675842285156,504.8675842285156,16100,0.0,0.0
2012-02-09 00:00:00+09:00,514.2169086003707,626.4096886586335,514.2169086003707,551.614501953125,791500,0.0,0.0
2012-02-10 00:00:00+09:00,542.26513671875,542.26513671875,523.5663389008621,542.26513671875,56600,0.0,0.0
2012-02-13 00:00:00+09:00,542.26513671875,542.26513671875,523.5663389008621,542.26513671875,50700,0.0,0.0
2012-02-14 00:00:00+09:00,532.9157104492188,542.2651088781524,523.5663120202851,532.9157104492188,27800,0.0,0.0
2012-02-15 00:00:00+09:00,532.9157052767479,551.614501953125,532.9157052767479,551.614501953125,30600,0.0,0.0
2012-02-16 00:00:00+09:00,551.614507307086,551.614507307086,532.9157104492188,532.9157104492188,26300,0.0,0.0
2012-02-17 00:00:00+09:00,532.915737809806,551.614535627694,532.915737809806,542.26513671875,35400,0.0,0.0
2012-02-20 00:00:00+09:00,551.6145294189453,570.3133270263672,551.6145294189453,560.9639282226562,63400,0.0,0.0
2012-02-21 00:00:00+09:00,570.3133413461538,617.0603365384616,560.9639423076924,607.7109375,238100,0.0,0.0
2012-02-22 00:00:00+09:00,589.0121459960938,598.3615451388889,570.3133477105034,589.0121459960938,90800,0.0,0.0
2012-02-23 00:00:00+09:00,635.7591279442631,691.8555215864039,626.4097290039062,626.4097290039062,604500,0.0,0.0
2012-02-24 00:00:00+09:00,635.7591279442631,635.7591279442631,617.0603300635495,626.4097290039062,78700,0.0,0.0
2012-02-27 00:00:00+09:00,626.409755931181,645.108554615694,617.0603565889246,635.7591552734375,63900,0.0,0.0
2012-02-28 00:00:00+09:00,617.0603365384616,617.0603365384616,579.6627403846154,607.7109375,80800,0.0,0.0
2012-02-29 00:00:00+09:00,607.7109718322754,617.0603713989258,589.0121726989746,598.361572265625,32100,0.0,0.0
2012-03-01 00:00:00+09:00,589.012153000128,598.3615522540983,570.3133544921875,570.3133544921875,51700,0.0,0.0
2012-03-02 00:00:00+09:00,570.3133477105034,598.3615451388889,570.3133477105034,589.0121459960938,52900,0.0,0.0
2012-03-05 00:00:00+09:00,598.361580141129,598.361580141129,579.6627807617188,579.6627807617188,13000,0.0,0.0
2012-03-06 00:00:00+09:00,579.6627537461577,579.6627537461577,560.9639552382172,570.3133544921875,29500,0.0,0.0
2012-03-07 00:00:00+09:00,560.9639552382172,570.3133544921875,551.6145559842469,570.3133544921875,31200,0.0,0.0
2012-03-08 00:00:00+09:00,579.6627807617188,579.6627807617188,570.3133810720136,579.6627807617188,16100,0.0,0.0
2012-03-09 00:00:00+09:00,579.6627807617188,589.0121804514239,570.3133810720136,579.6627807617188,36200,0.0,0.0
2012-03-12 00:00:00+09:00,579.6627807617188,589.0121804514239,579.6627807617188,579.6627807617188,18200,0.0,0.0
2012-03-13 00:00:00+09:00,589.0121804514239,589.0121804514239,570.3133810720136,579.6627807617188,29900,0.0,0.0
2012-03-14 00:00:00+09:00,589.012153000128,589.012153000128,570.3133544921875,570.3133544921875,36400,0.0,0.0
2012-03-15 00:00:00+09:00,579.6627807617188,589.0121804514239,570.3133810720136,579.6627807617188,20300,0.0,0.0
2012-03-16 00:00:00+09:00,579.6627537461577,579.6627537461577,570.3133544921875,570.3133544921875,18300,0.0,0.0
2012-03-19 00:00:00+09:00,579.6627468532986,589.0121459960938,570.3133477105034,589.0121459960938,14100,0.0,0.0
2012-03-21 00:00:00+09:00,589.012153000128,589.012153000128,570.3133544921875,570.3133544921875,16800,0.0,0.0
2012-03-22 00:00:00+09:00,570.3133544921875,579.6627537461577,570.3133544921875,570.3133544921875,13700,0.0,0.0
2012-03-23 00:00:00+09:00,570.3132986295021,570.3132986295021,551.614501953125,551.614501953125,32300,0.0,0.0
2012-03-26 00:00:00+09:00,542.26513671875,551.614535627694,542.26513671875,542.26513671875,24900,0.0,0.0
2012-03-27 00:00:00+09:00,542.2651306152344,560.9639282226562,542.2651306152344,560.9639282226562,12400,0.0,0.0
2012-03-28 00:00:00+09:00,551.6145294189453,560.9639282226562,542.2651306152344,560.9639282226562,9400,0.0,0.0
2012-03-29 00:00:00+09:00,560.9639552382172,570.3133544921875,551.6145559842469,570.3133544921875,15400,0.0,0.0
2012-03-30 00:00:00+09:00,579.6627537461577,579.6627537461577,560.9639552382172,570.3133544921875,16500,0.0,0.0
2012-04-02 00:00:00+09:00,570.3133270263672,579.6627258300781,560.9639282226562,560.9639282226562,18900,0.0,0.0
2012-04-03 00:00:00+09:00,560.9639282226562,570.3133270263672,551.6145294189453,560.9639282226562,15100,0.0,0.0
2012-04-04 00:00:00+09:00,560.9639282226562,570.3133270263672,551.6145294189453,560.9639282226562,16000,0.0,0.0
2012-04-05 00:00:00+09:00,542.26513671875,551.614535627694,542.26513671875,542.26513671875,15500,0.0,0.0
2012-04-06 00:00:00+09:00,542.26513671875,551.614535627694,542.26513671875,542.26513671875,10800,0.0,0.0
2012-04-09 00:00:00+09:00,532.9157104492188,542.2651088781524,532.9157104492188,532.9157104492188,16100,0.0,0.0
2012-04-10 00:00:00+09:00,532.915737809806,551.614535627694,532.915737809806,542.26513671875,17500,0.0,0.0
2012-04-11 00:00:00+09:00,532.9157104492188,542.2651088781524,532.9157104492188,532.9157104492188,5400,0.0,0.0
2012-04-12 00:00:00+09:00,542.26513671875,551.614535627694,532.915737809806,542.26513671875,27300,0.0,0.0
2012-04-13 00:00:00+09:00,551.6145294189453,560.9639282226562,551.6145294189453,560.9639282226562,17800,0.0,0.0
2012-04-16 00:00:00+09:00,551.614501953125,551.614501953125,542.2651036149365,551.614501953125,9000,0.0,0.0
2012-04-17 00:00:00+09:00,542.26513671875,542.26513671875,542.26513671875,542.26513671875,5500,0.0,0.0
2012-04-18 00:00:00+09:00,551.614535627694,551.614535627694,542.26513671875,542.26513671875,12300,0.0,0.0
2012-04-19 00:00:00+09:00,551.614535627694,551.614535627694,542.26513671875,542.26513671875,9100,0.0,0.0
2012-04-20 00:00:00+09:00,542.2651088781524,542.2651088781524,532.9157104492188,532.9157104492188,4400,0.0,0.0
2012-04-23 00:00:00+09:00,532.9157104492188,542.2651088781524,532.9157104492188,532.9157104492188,5100,0.0,0.0
2012-04-24 00:00:00+09:00,532.9157104492188,532.9157104492188,523.5663120202851,532.9157104492188,21000,0.0,0.0
2012-04-25 00:00:00+09:00,532.9157104492188,532.9157104492188,523.5663120202851,532.9157104492188,15300,0.0,0.0
2012-04-26 00:00:00+09:00,542.2651088781524,542.2651088781524,532.9157104492188,532.9157104492188,5800,0.0,0.0
2012-04-27 00:00:00+09:00,532.9157442365374,542.265143258231,523.5663452148438,523.5663452148438,5000,0.0,0.0
2012-05-01 00:00:00+09:00,523.566317471591,523.566317471591,514.2169189453125,514.2169189453125,14100,0.0,0.0
2012-05-02 00:00:00+09:00,514.2169189453125,523.566317471591,504.8675204190341,514.2169189453125,17500,0.0,0.0
2012-05-07 00:00:00+09:00,504.86755716575766,504.86755716575766,486.1687587522111,495.5181579589844,30400,0.0,0.0
2012-05-08 00:00:00+09:00,495.5181845205801,504.8675842285156,486.1687848126447,504.8675842285156,14900,0.0,0.0
2012-05-09 00:00:00+09:00,495.51816513959096,495.51816513959096,476.8193664550781,476.8193664550781,16200,0.0,0.0
2012-05-10 00:00:00+09:00,458.12056777056523,476.8193664550781,458.12056777056523,476.8193664550781,17800,0.0,0.0
2012-05-11 00:00:00+09:00,476.81934216557715,476.81934216557715,458.12054443359375,458.12054443359375,14900,0.0,0.0
2012-05-14 00:00:00+09:00,458.12054443359375,467.46994329958545,458.12054443359375,458.12054443359375,11300,0.0,0.0
2012-05-15 00:00:00+09:00,458.1205509266955,458.1205509266955,430.0723539311835,439.4217529296875,35300,0.0,0.0
2012-05-16 00:00:00+09:00,439.4217597113715,439.4217597113715,420.72296142578125,420.72296142578125,11400,0.0,0.0
2012-05-17 00:00:00+09:00,420.7229581086532,430.0723571777344,420.7229581086532,430.0723571777344,10300,0.0,0.0
2012-05-18 00:00:00+09:00,430.0723571777344,430.0723571777344,420.7229581086532,430.0723571777344,8600,0.0,0.0
2012-05-21 00:00:00+09:00,430.0723571777344,430.0723571777344,420.7229581086532,430.0723571777344,3900,0.0,0.0
2012-05-22 00:00:00+09:00,430.0723508199056,458.1205476125081,430.0723508199056,448.7711486816406,11600,0.0,0.0
2012-05-23 00:00:00+09:00,448.7711486816406,448.7711486816406,439.42174975077313,448.7711486816406,6200,0.0,0.0
2012-05-24 00:00:00+09:00,430.0723539311835,439.4217529296875,430.0723539311835,439.4217529296875,6500,0.0,0.0
2012-05-25 00:00:00+09:00,439.4217529296875,439.4217529296875,430.0723539311835,439.4217529296875,17000,0.0,0.0
2012-05-28 00:00:00+09:00,439.42175624681556,439.42175624681556,430.0723571777344,430.0723571777344,10000,0.0,0.0
2012-05-29 00:00:00+09:00,430.0723571777344,430.0723571777344,420.7229581086532,430.0723571777344,16800,0.0,0.0
2012-05-30 00:00:00+09:00,420.7229549326795,439.4217529296875,420.7229549326795,439.4217529296875,13900,0.0,0.0
2012-05-31 00:00:00+09:00,430.07236056857636,430.07236056857636,420.72296142578125,420.72296142578125,5300,0.0,0.0
2012-06-01 00:00:00+09:00,430.07236056857636,430.07236056857636,420.72296142578125,420.72296142578125,3800,0.0,0.0
2012-06-04 00:00:00+09:00,420.7229685228924,420.7229685228924,402.024169921875,402.024169921875,13600,0.0,0.0
2012-06-05 00:00:00+09:00,402.024163140191,420.72296142578125,402.024163140191,420.72296142578125,4400,0.0,0.0
2012-06-06 00:00:00+09:00,420.7229581086532,430.0723571777344,420.7229581086532,430.0723571777344,6500,0.0,0.0
2012-06-07 00:00:00+09:00,430.0723571777344,439.42175624681556,430.0723571777344,430.0723571777344,7300,0.0,0.0
2012-06-08 00:00:00+09:00,430.0723571777344,430.0723571777344,420.7229581086532,430.0723571777344,12600,0.0,0.0
2012-06-11 00:00:00+09:00,430.0723571777344,430.0723571777344,430.0723571777344,430.0723571777344,10000,0.0,0.0
2012-06-12 00:00:00+09:00,420.7229581086532,430.0723571777344,420.7229581086532,430.0723571777344,3500,0.0,0.0
2012-06-13 00:00:00+09:00,430.0723539311835,439.4217529296875,420.7229549326795,439.4217529296875,10400,0.0,0.0
2012-06-14 00:00:00+09:00,439.4217529296875,439.4217529296875,430.0723539311835,439.4217529296875,2000,0.0,0.0
2012-06-15 00:00:00+09:00,430.0723571777344,439.42175624681556,430.0723571777344,430.0723571777344,23100,0.0,0.0
2012-06-18 00:00:00+09:00,430.0723539311835,448.7711519281915,430.0723539311835,439.4217529296875,12400,0.0,0.0
2012-06-19 00:00:00+09:00,439.42175624681556,439.42175624681556,430.0723571777344,430.0723571777344,7100,0.0,0.0
2012-06-20 00:00:00+09:00,430.0723571777344,430.0723571777344,430.0723571777344,430.0723571777344,7500,0.0,0.0
2012-06-21 00:00:00+09:00,430.0723539311835,439.4217529296875,430.0723539311835,439.4217529296875,5900,0.0,0.0
2012-06-22 00:00:00+09:00,439.42174975077313,448.7711486816406,430.0723508199056,448.7711486816406,3900,0.0,0.0
2012-06-25 00:00:00+09:00,448.7711519281915,458.1205509266955,439.4217529296875,439.4217529296875,13800,0.0,0.0
2012-06-26 00:00:00+09:00,439.4217529296875,439.4217529296875,430.0723539311835,439.4217529296875,10300,0.0,0.0
2012-06-27 00:00:00+09:00,439.4217529296875,448.7711519281915,439.4217529296875,439.4217529296875,3900,0.0,0.0
2012-06-28 00:00:00+09:00,448.77114556760205,458.12054443359375,448.77114556760205,458.12054443359375,18500,0.0,0.0
2012-06-29 00:00:00+09:00,458.12054138183595,467.4699401855469,439.4217437744141,467.4699401855469,12100,0.0,0.0
2012-07-02 00:00:00+09:00,476.81934547424316,476.81934547424316,448.7711486816406,448.7711486816406,12200,0.0,0.0
2012-07-03 00:00:00+09:00,458.12054443359375,467.46994329958545,448.77114556760205,458.12054443359375,10400,0.0,0.0
2012-07-04 00:00:00+09:00,467.46994329958545,476.81934216557715,458.12054443359375,458.12054443359375,16400,0.0,0.0
2012-07-05 00:00:00+09:00,458.1205476125081,476.81934547424316,448.7711486816406,448.7711486816406,17100,0.0,0.0
2012-07-06 00:00:00+09:00,448.7711519281915,448.7711519281915,439.4217529296875,439.4217529296875,6800,0.0,0.0
2012-07-09 00:00:00+09:00,439.4217529296875,448.7711519281915,439.4217529296875,439.4217529296875,5900,0.0,0.0
2012-07-10 00:00:00+09:00,439.42175624681556,448.77115531589675,430.0723571777344,430.0723571777344,2300,0.0,0.0
2012-07-11 00:00:00+09:00,430.07236056857636,430.07236056857636,420.72296142578125,420.72296142578125,12700,0.0,0.0
2012-07-12 00:00:00+09:00,420.72296142578125,430.07236056857636,420.72296142578125,420.72296142578125,10600,0.0,0.0
2012-07-13 00:00:00+09:00,420.72296142578125,430.07236056857636,411.3735622829861,420.72296142578125,4700,0.0,0.0
2012-07-17 00:00:00+09:00,420.72296142578125,430.07236056857636,420.72296142578125,420.72296142578125,4600,0.0,0.0
2012-07-18 00:00:00+09:00,430.07236056857636,430.07236056857636,420.72296142578125,420.72296142578125,3700,0.0,0.0
2012-07-19 00:00:00+09:00,420.7229518890381,448.7711486816406,420.7229518890381,448.7711486816406,11300,0.0,0.0
2012-07-20 00:00:00+09:00,448.7711519281915,448.7711519281915,439.4217529296875,439.4217529296875,608400,0.0,0.0
2012-07-23 00:00:00+09:00,439.4217597113715,439.4217597113715,420.72296142578125,420.72296142578125,73200,0.0,0.0
2012-07-24 00:00:00+09:00,420.72296142578125,430.07236056857636,420.72296142578125,420.72296142578125,15300,0.0,0.0
2012-07-25 00:00:00+09:00,430.07236056857636,430.07236056857636,420.72296142578125,420.72296142578125,12600,0.0,0.0
2012-07-26 00:00:00+09:00,420.72296142578125,420.72296142578125,411.3735622829861,420.72296142578125,15600,0.0,0.0
2012-07-27 00:00:00+09:00,420.72296142578125,430.07236056857636,420.72296142578125,420.72296142578125,6100,0.0,0.0
2012-07-30 00:00:00+09:00,439.42175624681556,439.42175624681556,420.7229581086532,430.0723571777344,6300,0.0,0.0
2012-07-31 00:00:00+09:00,430.07236056857636,430.07236056857636,420.72296142578125,420.72296142578125,11800,0.0,0.0
2012-08-01 00:00:00+09:00,420.72296489368784,420.72296489368784,411.3735656738281,411.3735656738281,7500,0.0,0.0
2012-08-02 00:00:00+09:00,420.72296489368784,420.72296489368784,411.3735656738281,411.3735656738281,3700,0.0,0.0
2012-08-03 00:00:00+09:00,411.3735622829861,420.72296142578125,411.3735622829861,420.72296142578125,6500,0.0,0.0
2012-08-06 00:00:00+09:00,411.3735656738281,420.72296489368784,411.3735656738281,411.3735656738281,7300,0.0,0.0
2012-08-07 00:00:00+09:00,411.3735656738281,420.72296489368784,411.3735656738281,411.3735656738281,3900,0.0,0.0
2012-08-08 00:00:00+09:00,420.72296142578125,420.72296142578125,411.3735622829861,420.72296142578125,5400,0.0,0.0
2012-08-09 00:00:00+09:00,420.72296142578125,420.72296142578125,411.3735622829861,420.72296142578125,2500,0.0,0.0
2012-08-10 00:00:00+09:00,411.3735656738281,420.72296489368784,411.3735656738281,411.3735656738281,6100,0.0,0.0
2012-08-13 00:00:00+09:00,411.3735656738281,411.3735656738281,402.0241664539684,411.3735656738281,9600,0.0,0.0
2012-08-14 00:00:00+09:00,411.3735622829861,420.72296142578125,402.024163140191,420.72296142578125,9900,0.0,0.0
2012-08-15 00:00:00+09:00,420.7229581086532,430.0723571777344,420.7229581086532,430.0723571777344,8200,0.0,0.0
2012-08-16 00:00:00+09:00,430.0723539311835,439.4217529296875,420.7229549326795,439.4217529296875,17200,0.0,0.0
2012-08-17 00:00:00+09:00,448.7711486816406,458.1205476125081,430.0723508199056,448.7711486816406,30000,0.0,0.0
2012-08-20 00:00:00+09:00,439.42175624681556,439.42175624681556,430.0723571777344,430.0723571777344,8300,0.0,0.0
2012-08-21 00:00:00+09:00,430.0723571777344,430.0723571777344,420.7229581086532,430.0723571777344,8200,0.0,0.0
2012-08-22 00:00:00+09:00,430.0723571777344,430.0723571777344,420.7229581086532,430.0723571777344,6100,0.0,0.0
2012-08-23 00:00:00+09:00,420.72296142578125,420.72296142578125,411.3735622829861,420.72296142578125,15800,0.0,0.0
2012-08-24 00:00:00+09:00,420.72296142578125,420.72296142578125,411.3735622829861,420.72296142578125,6900,0.0,0.0
2012-08-27 00:00:00+09:00,411.3735656738281,420.72296489368784,411.3735656738281,411.3735656738281,11600,0.0,0.0
2012-08-28 00:00:00+09:00,411.3735656738281,420.72296489368784,411.3735656738281,411.3735656738281,1900,0.0,0.0
2012-08-29 00:00:00+09:00,411.3735656738281,420.72296489368784,411.3735656738281,411.3735656738281,2900,0.0,0.0
2012-08-30 00:00:00+09:00,411.3735656738281,420.72296489368784,411.3735656738281,411.3735656738281,13700,0.0,0.0
2012-08-31 00:00:00+09:00,402.024169921875,411.3735692223837,402.024169921875,402.024169921875,11100,0.0,0.0
2012-09-03 00:00:00+09:00,402.024169921875,411.3735692223837,402.024169921875,402.024169921875,1900,0.0,0.0
2012-09-04 00:00:00+09:00,402.024169921875,411.3735692223837,402.024169921875,402.024169921875,4200,0.0,0.0
2012-09-05 00:00:00+09:00,402.0241664539684,411.3735656738281,402.0241664539684,411.3735656738281,12400,0.0,0.0
2012-09-06 00:00:00+09:00,402.0241423107329,402.0241423107329,392.67474365234375,392.67474365234375,5600,0.0,0.0
2012-09-07 00:00:00+09:00,402.0241423107329,411.373540969122,392.67474365234375,392.67474365234375,12400,0.0,0.0
2012-09-10 00:00:00+09:00,402.0241664539684,411.3735656738281,402.0241664539684,411.3735656738281,3600,0.0,0.0
2012-09-11 00:00:00+09:00,411.3735692223837,411.3735692223837,402.024169921875,402.024169921875,8000,0.0,0.0
2012-09-12 00:00:00+09:00,411.3735692223837,420.7229685228924,402.024169921875,402.024169921875,19600,0.0,0.0
2012-09-13 00:00:00+09:00,411.3735622829861,420.72296142578125,411.3735622829861,420.72296142578125,13600,0.0,0.0
2012-09-14 00:00:00+09:00,420.72296142578125,420.72296142578125,411.3735622829861,420.72296142578125,12500,0.0,0.0
2012-09-18 00:00:00+09:00,420.7229581086532,430.0723571777344,420.7229581086532,430.0723571777344,13600,0.0,0.0
2012-09-19 00:00:00+09:00,420.7229581086532,430.0723571777344,420.7229581086532,430.0723571777344,15300,0.0,0.0
2012-09-20 00:00:00+09:00,430.0723571777344,430.0723571777344,420.7229581086532,430.0723571777344,1600,0.0,0.0
2012-09-21 00:00:00+09:00,420.72296142578125,420.72296142578125,420.72296142578125,420.72296142578125,6700,0.0,0.0
2012-09-24 00:00:00+09:00,420.72296489368784,420.72296489368784,411.3735656738281,411.3735656738281,8700,0.0,0.0
2012-09-25 00:00:00+09:00,411.3735656738281,420.72296489368784,411.3735656738281,411.3735656738281,9300,0.0,0.0
2012-09-26 00:00:00+09:00,411.3735622829861,420.72296142578125,411.3735622829861,420.72296142578125,10100,0.0,0.0
2012-09-27 00:00:00+09:00,411.3735622829861,420.72296142578125,411.3735622829861,420.72296142578125,3200,0.0,0.0
2012-09-28 00:00:00+09:00,420.7229685228924,420.7229685228924,402.024169921875,402.024169921875,8500,0.0,0.0
2012-10-01 00:00:00+09:00,411.3735692223837,411.3735692223837,392.6747706213663,402.024169921875,16400,0.0,0.0
2012-10-02 00:00:00+09:00,402.024169921875,402.024169921875,392.6747706213663,402.024169921875,7200,0.0,0.0
2012-10-03 00:00:00+09:00,392.67474365234375,402.0241423107329,392.67474365234375,392.67474365234375,8600,0.0,0.0
2012-10-04 00:00:00+09:00,392.67474365234375,402.0241423107329,392.67474365234375,392.67474365234375,9500,0.0,0.0
2012-10-05 00:00:00+09:00,402.024169921875,402.024169921875,392.6747706213663,402.024169921875,7200,0.0,0.0
2012-10-09 00:00:00+09:00,402.0241423107329,402.0241423107329,392.67474365234375,392.67474365234375,4100,0.0,0.0
2012-10-10 00:00:00+09:00,392.67474662966845,402.02414535894627,383.3253479003906,383.3253479003906,8100,0.0,0.0
2012-10-11 00:00:00+09:00,392.67474365234375,392.67474365234375,383.3253449939546,392.67474365234375,3300,0.0,0.0
2012-10-12 00:00:00+09:00,392.67474365234375,392.67474365234375,383.3253449939546,392.67474365234375,17100,0.0,0.0
2012-10-15 00:00:00+09:00,392.6747497558594,392.6747497558594,373.9759521484375,373.9759521484375,27500,0.0,0.0
2012-10-16 00:00:00+09:00,373.9759552784455,383.3253541604066,364.6265563964844,364.6265563964844,25100,0.0,0.0
2012-10-17 00:00:00+09:00,373.9759491711128,383.3253479003906,373.9759491711128,383.3253479003906,5300,0.0,0.0
2012-10-18 00:00:00+09:00,383.3253509521484,383.3253509521484,373.9759521484375,373.9759521484375,31300,0.0,0.0
2012-10-19 00:00:00+09:00,373.9759463355655,392.67474365234375,373.9759463355655,392.67474365234375,33000,0.0,0.0
2012-10-22 00:00:00+09:00,383.3253449939546,392.67474365234375,383.3253449939546,392.67474365234375,9800,0.0,0.0
2012-10-23 00:00:00+09:00,383.3253449939546,392.67474365234375,373.9759463355655,392.67474365234375,52100,0.0,0.0
2012-10-24 00:00:00+09:00,383.3253479003906,392.67474662966845,383.3253479003906,383.3253479003906,7600,0.0,0.0
2012-10-25 00:00:00+09:00,392.67474365234375,392.67474365234375,383.3253449939546,392.67474365234375,12900,0.0,0.0
2012-10-26 00:00:00+09:00,392.67475304236774,392.67475304236774,364.6265563964844,364.6265563964844,41200,0.0,0.0
2012-10-29 00:00:00+09:00,373.9759552784455,383.3253541604066,364.6265563964844,364.6265563964844,34800,0.0,0.0
2012-10-30 00:00:00+09:00,373.9759521484375,373.9759521484375,364.6265533447266,373.9759521484375,38600,0.0,0.0
2012-10-31 00:00:00+09:00,373.9759552784455,373.9759552784455,364.6265563964844,364.6265563964844,31400,0.0,0.0
2012-11-01 00:00:00+09:00,373.9759521484375,373.9759521484375,364.6265533447266,373.9759521484375,20200,0.0,0.0
2012-11-02 00:00:00+09:00,364.6265563964844,373.9759552784455,364.6265563964844,364.6265563964844,35800,0.0,0.0
2012-11-05 00:00:00+09:00,373.9759491711128,383.3253479003906,373.9759491711128,383.3253479003906,45700,0.0,0.0
2012-11-06 00:00:00+09:00,383.3253541604066,383.3253541604066,364.6265563964844,364.6265563964844,25900,0.0,0.0
2012-11-07 00:00:00+09:00,373.9759552784455,373.9759552784455,364.6265563964844,364.6265563964844,16400,0.0,0.0
2012-11-08 00:00:00+09:00,364.6265563964844,364.6265563964844,345.9277586325621,364.6265563964844,69200,0.0,0.0
2012-11-09 00:00:00+09:00,355.27716064453125,355.27716064453125,355.27716064453125,355.27716064453125,12300,0.0,0.0
2012-11-12 00:00:00+09:00,364.62656299487963,364.62656299487963,345.9277648925781,345.9277648925781,13400,0.0,0.0
2012-11-13 00:00:00+09:00,355.27716742621527,355.27716742621527,336.578369140625,336.578369140625,32800,0.0,0.0
2012-11-14 00:00:00+09:00,336.578369140625,345.9277682834201,327.22896999782984,336.578369140625,51700,0.0,0.0
2012-11-15 00:00:00+09:00,336.57835975060095,364.6265563964844,336.57835975060095,364.6265563964844,28100,0.0,0.0
2012-11-16 00:00:00+09:00,364.626559608861,364.626559608861,345.92776168020146,355.27716064453125,25000,0.0,0.0
2012-11-19 00:00:00+09:00,364.6265533447266,373.9759521484375,364.6265533447266,373.9759521484375,33600,0.0,0.0
2012-11-20 00:00:00+09:00,373.9759521484375,373.9759521484375,364.6265533447266,373.9759521484375,39800,0.0,0.0
2012-11-21 00:00:00+09:00,373.9759552784455,383.3253541604066,364.6265563964844,364.6265563964844,45300,0.0,0.0
2012-11-22 00:00:00+09:00,373.9759491711128,383.3253479003906,373.9759491711128,383.3253479003906,16300,0.0,0.0
2012-11-26 00:00:00+09:00,383.3253449939546,392.67474365234375,373.9759463355655,392.67474365234375,63900,0.0,0.0
2012-11-27 00:00:00+09:00,392.67474662966845,392.67474662966845,383.3253479003906,383.3253479003906,30300,0.0,0.0
2012-11-28 00:00:00+09:00,383.3253509521484,392.6747497558594,373.9759521484375,373.9759521484375,45600,0.0,0.0
2012-11-29 00:00:00+09:00,373.9759521484375,383.3253509521484,364.6265533447266,373.9759521484375,69900,0.0,0.0
2012-11-30 00:00:00+09:00,383.3253479003906,392.67474662966845,383.3253479003906,383.3253479003906,33800,0.0,0.0
2012-12-03 00:00:00+09:00,392.67474662966845,392.67474662966845,373.9759491711128,383.3253479003906,6100,0.0,0.0
2012-12-04 00:00:00+09:00,383.3253449939546,392.67474365234375,383.3253449939546,392.67474365234375,6800,0.0,0.0
2012-12-05 00:00:00+09:00,383.3253479003906,392.67474662966845,373.9759491711128,383.3253479003906,8600,0.0,0.0
2012-12-06 00:00:00+09:00,392.67474365234375,392.67474365234375,383.3253449939546,392.67474365234375,18700,0.0,0.0
2012-12-07 00:00:00+09:00,383.3253449939546,392.67474365234375,383.3253449939546,392.67474365234375,10100,0.0,0.0
2012-12-10 00:00:00+09:00,402.02415693567156,476.81934892370344,402.02415693567156,439.4217529296875,419800,0.0,0.0
2012-12-11 00:00:00+09:00,439.42175624681556,448.77115531589675,411.373559039572,430.0723571777344,139600,0.0,0.0
2012-12-12 00:00:00+09:00,430.07236056857636,439.4217597113715,420.72296142578125,420.72296142578125,39500,0.0,0.0
2012-12-13 00:00:00+09:00,420.72296142578125,430.07236056857636,420.72296142578125,420.72296142578125,28400,0.0,0.0
2012-12-14 00:00:00+09:00,420.72296142578125,430.07236056857636,420.72296142578125,420.72296142578125,31300,0.0,0.0
2012-12-17 00:00:00+09:00,430.0723571777344,439.42175624681556,420.7229581086532,430.0723571777344,30000,0.0,0.0
2012-12-18 00:00:00+09:00,430.07234783561864,458.12054443359375,430.07234783561864,458.12054443359375,71400,0.0,0.0
2012-12-19 00:00:00+09:00,448.77114556760205,458.12054443359375,439.42174670161035,458.12054443359375,41900,0.0,0.0
2012-12-20 00:00:00+09:00,448.7711486816406,448.7711486816406,439.42174975077313,448.7711486816406,25300,0.0,0.0
2012-12-21 00:00:00+09:00,439.4217529296875,458.1205509266955,439.4217529296875,439.4217529296875,32600,0.0,0.0
2012-12-25 00:00:00+09:00,448.7711519281915,458.1205509266955,439.4217529296875,439.4217529296875,40000,0.0,0.0
2012-12-26 00:00:00+09:00,439.42174670161035,458.12054443359375,439.42174670161035,458.12054443359375,20800,0.0,0.0
2012-12-27 00:00:00+09:00,458.12052778764206,514.2169189453125,458.12052778764206,514.2169189453125,126400,0.0,0.0
2012-12-28 00:00:00+09:00,532.9157353615275,542.2651342275192,392.6747523716518,458.12054443359375,193200,0.0,0.0
2013-01-04 00:00:00+09:00,486.16876220703125,495.51816148024335,476.8193629338191,486.16876220703125,64600,0.0,0.0
2013-01-07 00:00:00+09:00,495.5181218927557,514.2169189453125,495.5181218927557,514.2169189453125,56100,0.0,0.0
2013-01-08 00:00:00+09:00,514.216956372531,514.216956372531,495.5181579589844,495.5181579589844,44500,0.0,0.0
2013-01-09 00:00:00+09:00,495.5181579589844,504.86755716575766,495.5181579589844,495.5181579589844,51100,0.0,0.0
2013-01-10 00:00:00+09:00,504.86755971439544,570.3133544921875,504.86755971439544,570.3133544921875,218500,0.0,0.0
2013-01-11 00:00:00+09:00,551.614501953125,570.3132986295021,542.2651036149365,551.614501953125,121200,0.0,0.0
2013-01-15 00:00:00+09:00,570.3133544921875,598.3615522540983,570.3133544921875,570.3133544921875,159400,0.0,0.0
2013-01-16 00:00:00+09:00,570.3133041649534,579.662702593887,523.5663120202851,532.9157104492188,144200,0.0,0.0
2013-01-17 00:00:00+09:00,532.9157159978694,542.2651145241477,504.8675204190341,514.2169189453125,123200,0.0,0.0
2013-01-18 00:00:00+09:00,532.915737809806,551.614535627694,532.915737809806,542.26513671875,66800,0.0,0.0
2013-01-21 00:00:00+09:00,542.2651036149365,551.614501953125,532.9157052767479,551.614501953125,38500,0.0,0.0
2013-01-22 00:00:00+09:00,542.2651820028982,589.0121804514239,542.2651820028982,579.6627807617188,166400,0.0,0.0
2013-01-23 00:00:00+09:00,570.3133334455819,570.3133334455819,542.26513671875,542.26513671875,60600,0.0,0.0
2013-01-24 00:00:00+09:00,551.6145559842469,579.6627537461577,532.9157574763063,570.3133544921875,82900,0.0,0.0
2013-01-25 00:00:00+09:00,579.6627403846154,607.7109375,560.9639423076924,607.7109375,158000,0.0,0.0
2013-01-28 00:00:00+09:00,607.7109375,626.4097355769231,598.3615384615384,607.7109375,126600,0.0,0.0
2013-01-29 00:00:00+09:00,607.7109375,617.0603365384616,589.012139423077,607.7109375,57300,0.0,0.0
2013-01-30 00:00:00+09:00,607.7109572466682,645.108554615694,607.7109572466682,635.7591552734375,119600,0.0,0.0
2013-01-31 00:00:00+09:00,645.1085475376674,673.1567452566965,645.1085475376674,654.4579467773438,124800,0.0,0.0
2013-02-01 00:00:00+09:00,654.4579399956597,682.506137424045,654.4579399956597,673.15673828125,53200,0.0,0.0
2013-02-04 00:00:00+09:00,691.855556640625,710.55435546875,682.5061572265626,701.2049560546875,100000,0.0,0.0
2013-02-05 00:00:00+09:00,719.9037339952257,860.1447211371527,719.9037339952257,757.3013305664062,812300,0.0,0.0
2013-02-06 00:00:00+09:00,757.3013375197785,766.6507367484177,729.2531398338607,738.6025390625,132400,0.0,0.0
2013-02-07 00:00:00+09:00,738.6025116749298,747.951910556891,719.9037139110076,729.2531127929688,70300,0.0,0.0
2013-02-08 00:00:00+09:00,747.9519240920607,747.9519240920607,691.8555297851562,691.8555297851562,78700,0.0,0.0
2013-02-12 00:00:00+09:00,691.8555640651755,701.2049635795697,682.5061645507812,682.5061645507812,46100,0.0,0.0
2013-02-13 00:00:00+09:00,682.5061519847196,682.5061519847196,626.409755931181,635.7591552734375,71200,0.0,0.0
2013-02-14 00:00:00+09:00,607.7109572466682,654.4579539579504,589.0121585621553,635.7591552734375,107300,0.0,0.0
2013-02-15 00:00:00+09:00,645.1085336538462,654.4579326923077,560.9639423076924,607.7109375,116200,0.0,0.0
2013-02-18 00:00:00+09:00,626.4097607421875,719.9037548828126,626.4097607421875,701.2049560546875,478000,0.0,0.0
2013-02-19 00:00:00+09:00,701.2049223247327,719.9037202533922,682.5061243960731,710.5543212890625,136400,0.0,0.0
2013-02-20 00:00:00+09:00,729.2531331380208,766.6507297092013,710.5543348524305,757.3013305664062,305700,0.0,0.0
2013-02-21 00:00:00+09:00,747.9519314236111,757.3013305664062,738.6025322808159,757.3013305664062,109100,0.0,0.0
2013-02-22 00:00:00+09:00,747.951892671131,785.3494873046875,738.6024940127418,785.3494873046875,175600,0.0,0.0
2013-02-25 00:00:00+09:00,925.5904597646182,972.3374526820232,888.1928654306943,906.8916625976562,1287400,0.0,0.0
2013-02-26 00:00:00+09:00,897.5422676282051,1187.3736248831462,878.8434703859508,1093.879638671875,2860100,0.0,0.0
2013-02-27 00:00:00+09:00,1121.9277768342392,1178.024165675951,1028.433795431386,1075.1807861328125,1363800,0.0,0.0
2013-02-28 00:00:00+09:00,1084.5301942567567,1112.5783889358108,1009.7350084459459,1037.783203125,421800,0.0,0.0
2013-03-01 00:00:00+09:00,1047.1327216569766,1234.120707667151,1028.4339230559592,1206.072509765625,1360500,0.0,0.0
2013-03-04 00:00:00+09:00,1486.5544700848282,1626.7954578286797,1467.855671718981,1580.0484619140625,7817700,0.0,0.0
2013-03-05 00:00:00+09:00,1561.3495902267157,1561.3495902267157,1393.0604128370098,1430.4580078125,3008400,0.0,0.0
2013-03-06 00:00:00+09:00,1411.7592436137952,1523.9520311857523,1365.0122487921462,1421.108642578125,1868200,0.0,0.0
2013-03-07 00:00:00+09:00,1402.4098978414163,1486.5544917119014,1374.361699884588,1439.8074951171875,800600,0.0,0.0
2013-03-08 00:00:00+09:00,1495.9038880813953,1608.0966796875,1458.5062908793604,1608.0966796875,1845800,0.0,0.0
2013-03-11 00:00:00+09:00,1701.590579027321,1757.6869717425072,1580.0483948110837,1598.7471923828125,2157700,0.0,0.0
2013-03-12 00:00:00+09:00,1617.446088139315,1617.446088139315,1477.2050978382183,1505.2532958984375,723000,0.0,0.0
2013-03-13 00:00:00+09:00,1505.2531826935667,1692.2411556989787,1495.9037840432961,1673.5423583984375,1056700,0.0,0.0
2013-03-14 00:00:00+09:00,1645.494221047794,1757.6870088465073,1570.6990291819852,1589.3978271484375,2137500,0.0,0.0
2013-03-15 00:00:00+09:00,1598.7471923828125,1654.8435850979988,1523.9520020958971,1598.7471923828125,681500,0.0,0.0
2013-03-18 00:00:00+09:00,1458.5062463148583,1533.301438433569,1430.458049270342,1486.554443359375,506100,0.0,0.0
2013-03-19 00:00:00+09:00,1580.0484681562943,1710.9400572343307,1561.349669716575,1645.4942626953125,832700,0.0,0.0
2013-03-21 00:00:00+09:00,1673.5423583984375,1776.3857435514142,1636.1447637973552,1673.5423583984375,649100,0.0,0.0
2013-03-22 00:00:00+09:00,1710.939991111527,1748.3375865456587,1523.9520139408683,1561.349609375,624500,0.0,0.0
2013-03-25 00:00:00+09:00,1626.79541015625,1645.494207974138,1561.3496177936422,1626.79541015625,337100,0.0,0.0
2013-03-26 00:00:00+09:00,1589.3978403849774,1589.3978403849774,1523.9520469573608,1552.000244140625,241200,0.0,0.0
2013-03-27 00:00:00+09:00,1561.3495745951902,1673.5423583984375,1561.3495745951902,1673.5423583984375,340900,0.0,0.0
2013-03-28 00:00:00+09:00,1673.542439543443,1692.2412377506323,1580.0484485074965,1617.446044921875,234600,0.0,0.0
2013-03-29 00:00:00+09:00,1645.4941863121344,1654.8435850979988,1542.650799667626,1598.7471923828125,213400,0.0,0.0
2013-04-01 00:00:00+09:00,1589.3978189105637,1598.7472178453318,1514.6026274324195,1523.9520263671875,201900,0.0,0.0
2013-04-02 00:00:00+09:00,1467.8555893670944,1617.4459679013205,1449.1567920503162,1570.698974609375,461800,0.0,0.0
2013-04-03 00:00:00+09:00,1570.699008233533,1617.4460025261976,1542.6508116579341,1561.349609375,241500,0.0,0.0
2013-04-04 00:00:00+09:00,1561.3495745951902,1701.5905543492493,1542.650777294649,1673.5423583984375,701200,0.0,0.0
2013-04-05 00:00:00+09:00,1748.3375762939454,2056.8677368164062,1645.494189453125,1869.8797607421875,2983700,0.0,0.0
2013-04-08 00:00:00+09:00,2019.47021484375,2384.0967814127603,1982.0726182725693,2356.048583984375,3026000,0.0,0.0
2013-04-09 00:00:00+09:00,2449.542718702747,2524.3379162203883,2234.506525839529,2318.651123046875,2665900,0.0,0.0
2013-04-10 00:00:00+09:00,2262.5546833444146,2384.096877077792,2187.7594872007976,2197.10888671875,720600,0.0,0.0
2013-04-11 00:00:00+09:00,2187.7593710763113,2234.5063661847794,1963.373794555664,2094.265380859375,834200,0.0,0.0
2013-04-12 00:00:00+09:00,2103.6148139714123,2103.6148139714123,2010.1208222393498,2084.916015625,291200,0.0,0.0
2013-04-15 00:00:00+09:00,2047.518536037869,2075.5667351616753,1982.0727380823205,2019.4703369140625,232400,0.0,0.0
2013-04-16 00:00:00+09:00,1944.6750997340425,2262.5546833444146,1925.9763006981382,2197.10888671875,737800,0.0,0.0
2013-04-17 00:00:00+09:00,2243.855712890625,2299.9521057128904,2197.1087188720703,2243.855712890625,760500,0.0,0.0
2013-04-18 00:00:00+09:00,2225.157003223094,2402.7955875140133,2047.5184189321749,2084.916015625,1287200,0.0,0.0
2013-04-19 00:00:00+09:00,2215.8075497679133,2281.253342377092,2159.711156102903,2234.50634765625,687600,0.0,0.0
2013-04-22 00:00:00+09:00,2290.602811016614,2299.952210245253,2215.8076171875,2215.8076171875,356100,0.0,0.0
2013-04-23 00:00:00+09:00,2253.2052587890626,2337.349853515625,2215.8076611328124,2337.349853515625,331000,0.0,0.0
2013-04-24 00:00:00+09:00,2412.144944262599,2477.590737323987,2309.3015551661315,2365.39794921875,753100,0.0,0.0
2013-04-25 00:00:00+09:00,2365.3980112544823,2365.3980112544823,2197.1088246830172,2281.25341796875,270100,0.0,0.0
2013-04-26 00:00:00+09:00,2243.8556690705127,2253.2050676916397,2178.4098787226226,2187.75927734375,169400,0.0,0.0
2013-04-30 00:00:00+09:00,1963.3737224422089,2112.9641012949487,1954.0243237639127,2047.518310546875,509900,0.0,0.0
2013-05-01 00:00:00+09:00,2047.5185168628961,2066.217316103653,1963.3739202794895,1991.422119140625,296300,0.0,0.0
2013-05-02 00:00:00+09:00,1963.3737457420025,1982.0725433204977,1944.6749481635072,1972.72314453125,216500,0.0,0.0
2013-05-07 00:00:00+09:00,2028.819480202415,2084.9158713600855,2019.4700816761365,2056.86767578125,196600,0.0,0.0
2013-05-08 00:00:00+09:00,2028.819698079427,2047.518497140067,1963.3739013671875,1963.3739013671875,199200,0.0,0.0
2013-05-09 00:00:00+09:00,1916.62678082784,1925.9761797587078,1757.6869990030925,1795.0845947265625,651600,0.0,0.0
2013-05-10 00:00:00+09:00,1841.8315893809001,1851.1809883117676,1776.3857968648274,1795.0845947265625,256900,0.0,0.0
2013-05-13 00:00:00+09:00,1767.0363329277664,1776.3857315146856,1701.5905428193305,1710.93994140625,237600,0.0,0.0
2013-05-14 00:00:00+09:00,1645.494236158288,1720.2894287109375,1589.397841743801,1720.2894287109375,443600,0.0,0.0
2013-05-15 00:00:00+09:00,1748.3375827060656,1860.5303687620699,1636.1447966500614,1664.1929931640625,561100,0.0,0.0
2013-05-16 00:00:00+09:00,1626.7953887404055,1682.891781455592,1505.2532045241685,1598.7471923828125,418100,0.0,0.0
2013-05-17 00:00:00+09:00,1654.8435610978963,1729.638750300061,1608.0965678465434,1673.5423583984375,361400,0.0,0.0
2013-05-20 00:00:00+09:00,1682.8918595747514,1701.5906580144708,1636.1448634754527,1645.4942626953125,293600,0.0,0.0
2013-05-21 00:00:00+09:00,1617.4460586457562,1626.7954578286797,1561.3496635482156,1580.0484619140625,245700,0.0,0.0
2013-05-22 00:00:00+09:00,1580.0484485074965,1710.9400359578215,1570.6990494039017,1617.446044921875,223500,0.0,0.0
2013-05-23 00:00:00+09:00,1570.6991067874203,1598.7473051229101,1449.1569140002987,1467.855712890625,350600,0.0,0.0
2013-05-24 00:00:00+09:00,1467.8556585496472,1533.3014522429437,1402.4098648563509,1449.1568603515625,287000,0.0,0.0
2013-05-27 00:00:00+09:00,1262.1689162887894,1393.0605076076267,1262.1689162887894,1336.964111328125,342500,0.0,0.0
2013-05-28 00:00:00+09:00,1336.9641457141286,1383.7111438160211,1290.217147612236,1327.61474609375,204800,0.0,0.0
2013-05-29 00:00:00+09:00,1327.61463303534,1439.8074189256502,1308.9158353869548,1393.0604248046875,342700,0.0,0.0
2013-05-30 00:00:00+09:00,1383.7111026539521,1383.7111026539521,1262.1689112046186,1271.518310546875,431400,0.0,0.0
2013-05-31 00:00:00+09:00,1383.71110822771,1477.2051020268793,1318.2653125682912,1336.964111328125,829100,0.0,0.0
2013-06-03 00:00:00+09:00,1290.2171440972222,1308.915943287037,1262.1689453125,1262.1689453125,260600,0.0,0.0
2013-06-04 00:00:00+09:00,1280.8677479918574,1346.3135453345071,1271.5183483714789,1327.61474609375,197400,0.0,0.0
2013-06-05 00:00:00+09:00,1346.3134694343066,1365.0122676208941,1271.5182766879561,1280.86767578125,184300,0.0,0.0
2013-06-06 00:00:00+09:00,1234.1207015240777,1271.518298539959,1131.2773097304046,1140.626708984375,288900,0.0,0.0
2013-06-07 00:00:00+09:00,1121.9278114720394,1149.9760067588404,1028.4338271827028,1065.8314208984375,279200,0.0,0.0
2013-06-10 00:00:00+09:00,1159.3255615234375,1178.0243609028478,1140.6267621440272,1159.3255615234375,121600,0.0,0.0
2013-06-11 00:00:00+09:00,1168.6749067462858,1224.7713022701075,1131.2773097304046,1140.626708984375,151200,0.0,0.0
2013-06-12 00:00:00+09:00,1093.8797809270422,1187.373779296875,1065.8315814160926,1187.373779296875,100900,0.0,0.0
2013-06-13 00:00:00+09:00,1140.626620205966,1159.3254172585227,1121.9278231534092,1131.2772216796875,76100,0.0,0.0
2013-06-14 00:00:00+09:00,1149.9760067588404,1187.3736004745751,1065.8314208984375,1065.8314208984375,217200,0.0,0.0
2013-06-17 00:00:00+09:00,1037.783368059697,1252.819561441436,1028.4339683474475,1224.7713623046875,789900,0.0,0.0
2013-06-18 00:00:00+09:00,1346.3134508634869,1467.8556373997737,1290.2170570775081,1421.108642578125,2598000,0.0,0.0
2013-06-19 00:00:00+09:00,1402.4098639940694,1402.4098639940694,1262.1688775946623,1280.86767578125,623500,0.0,0.0
2013-06-20 00:00:00+09:00,1299.5664739678375,1318.2652721544252,1280.86767578125,1280.86767578125,183300,0.0,0.0
2013-06-21 00:00:00+09:00,1187.3737449645996,1234.1207427978516,1168.6749458312988,1196.72314453125,289200,0.0,0.0
2013-06-24 00:00:00+09:00,1206.0725244140626,1252.819521484375,1168.6749267578125,1168.6749267578125,190000,0.0,0.0
2013-06-25 00:00:00+09:00,1140.6265972590043,1149.9759955971929,1084.530207229873,1103.22900390625,274500,0.0,0.0
2013-06-26 00:00:00+09:00,1103.2290261008523,1131.2772216796875,1028.433837890625,1028.433837890625,241500,0.0,0.0
2013-06-27 00:00:00+09:00,1047.1326569413716,1065.8314543867532,953.6386697144635,1056.4820556640625,263500,0.0,0.0
2013-06-28 00:00:00+09:00,1075.1808624267578,1131.2772552490235,1047.132666015625,1121.9278564453125,288700,0.0,0.0
2013-07-01 00:00:00+09:00,1103.2291308593751,1178.0243261718751,1103.2291308593751,1168.6749267578125,291500,0.0,0.0
2013-07-02 00:00:00+09:00,1178.0243609028478,1187.373760592553,1121.927962764617,1159.3255615234375,163000,0.0,0.0
2013-07-03 00:00:00+09:00,1178.0243961985518,1178.0243961985518,1131.277396349403,1149.9761962890625,152300,0.0,0.0
2013-07-04 00:00:00+09:00,1159.3254937065972,1383.7110731336804,1159.3254937065972,1346.3134765625,1978100,0.0,0.0
2013-07-05 00:00:00+09:00,1308.915927804631,1336.9641262575876,1290.2171288359937,1299.5665283203125,561000,0.0,0.0
2013-07-08 00:00:00+09:00,1374.3617606784987,1374.3617606784987,1290.2171630859375,1290.2171630859375,284500,0.0,0.0
2013-07-09 00:00:00+09:00,1308.9158799913193,1355.6628757052952,1280.8676825629339,1346.3134765625,218800,0.0,0.0
2013-07-10 00:00:00+09:00,1336.9641457141286,1393.0605434363997,1308.9159468529929,1327.61474609375,343000,0.0,0.0
2013-07-11 00:00:00+09:00,1299.566513808457,1346.313510708042,1299.566513808457,1336.964111328125,130800,0.0,0.0
2013-07-12 00:00:00+09:00,1346.313490513393,1355.6628897530693,1290.2170950753348,1308.9158935546875,134600,0.0,0.0
2013-07-16 00:00:00+09:00,1327.6147620159647,1327.6147620159647,1290.2171630859375,1290.2171630859375,102000,0.0,0.0
2013-07-17 00:00:00+09:00,1290.2170748745439,1290.2170748745439,1262.1688775946623,1280.86767578125,90500,0.0,0.0
2013-07-18 00:00:00+09:00,1280.8677445023147,1280.8677445023147,1252.8195457175925,1262.1689453125,346500,0.0,0.0
2013-07-19 00:00:00+09:00,1271.5182692307692,1271.5182692307692,1206.0724759615384,1215.421875,128300,0.0,0.0
2013-07-22 00:00:00+09:00,1215.4219090661336,1224.7713083666424,1178.0243118640988,1206.072509765625,72000,0.0,0.0
2013-07-23 00:00:00+09:00,1178.0242919921875,1196.7230902777778,1178.0242919921875,1178.0242919921875,65800,0.0,0.0
2013-07-24 00:00:00+09:00,1178.0243261718751,1196.723125,1159.32552734375,1168.6749267578125,89400,0.0,0.0
2013-07-25 00:00:00+09:00,1168.6748504638672,1168.6748504638672,1103.2290588378905,1121.9278564453125,140900,0.0,0.0
2013-07-26 00:00:00+09:00,1084.530207229873,1131.2771989208156,1075.1808088916844,1103.22900390625,127300,0.0,0.0
2013-07-29 00:00:00+09:00,1075.180830522017,1075.180830522017,1028.433837890625,1028.433837890625,128000,0.0,0.0
2013-07-30 00:00:00+09:00,1028.4339179367314,1159.3255074923154,1028.4339179367314,1140.626708984375,198900,0.0,0.0
2013-07-31 00:00:00+09:00,1112.578378693954,1112.578378693954,1075.1807861328125,1075.1807861328125,81600,0.0,0.0
2013-08-01 00:00:00+09:00,1056.482076710668,1084.5302734375,1056.482076710668,1084.5302734375,58900,0.0,0.0
2013-08-02 00:00:00+09:00,1112.5784246271307,1149.9760187322445,1103.2290261008523,1131.2772216796875,178500,0.0,0.0
2013-08-05 00:00:00+09:00,1103.2289710806197,1149.975961380646,1103.2289710806197,1112.578369140625,85600,0.0,0.0
2013-08-06 00:00:00+09:00,1121.927800582627,1121.927800582627,1103.22900390625,1103.22900390625,49700,0.0,0.0
2013-08-07 00:00:00+09:00,1103.229071255388,1103.229071255388,1084.5302734375,1084.5302734375,43000,0.0,0.0
2013-08-08 00:00:00+09:00,1075.1808531094441,1084.5302518321348,1056.4820556640625,1056.4820556640625,76600,0.0,0.0
2013-08-09 00:00:00+09:00,1065.8314543867532,1084.5302518321348,1056.4820556640625,1056.4820556640625,46400,0.0,0.0
2013-08-12 00:00:00+09:00,1056.4820224695038,1075.1808193273712,1056.4820224695038,1065.8314208984375,46100,0.0,0.0
2013-08-13 00:00:00+09:00,1075.1808624267578,1121.9278564453125,1075.1808624267578,1121.9278564453125,55000,0.0,0.0
2013-08-14 00:00:00+09:00,1140.6265633206408,1159.3253594406513,1093.8795730206145,1112.578369140625,117900,0.0,0.0
2013-08-15 00:00:00+09:00,1093.879672346444,1103.229071255388,1075.180874528556,1084.5302734375,38800,0.0,0.0
2013-08-16 00:00:00+09:00,1084.5302400507478,1112.5784359141292,1075.1808414296206,1093.879638671875,35400,0.0,0.0
2013-08-19 00:00:00+09:00,1103.2291119684937,1149.9761082383452,1093.8797127145235,1140.626708984375,86000,0.0,0.0
2013-08-20 00:00:00+09:00,1121.9278690732758,1140.6266668911637,1084.5302734375,1084.5302734375,141400,0.0,0.0
2013-08-21 00:00:00+09:00,1093.8796161852383,1103.229014614172,1065.8314208984375,1065.8314208984375,56500,0.0,0.0
2013-08-22 00:00:00+09:00,1075.1807861328125,1084.5301842730978,1065.8313879925272,1075.1807861328125,20600,0.0,0.0
2013-08-23 00:00:00+09:00,1103.22900390625,1121.927800582627,1093.8796055680614,1103.22900390625,42900,0.0,0.0
2013-08-26 00:00:00+09:00,1112.5784022444386,1121.927800582627,1084.530207229873,1103.22900390625,66700,0.0,0.0
2013-08-27 00:00:00+09:00,1093.879638671875,1103.229037293002,1093.879638671875,1093.879638671875,25700,0.0,0.0
2013-08-28 00:00:00+09:00,1084.5302518321348,1084.5302518321348,1056.4820556640625,1056.4820556640625,54200,0.0,0.0
2013-08-29 00:00:00+09:00,1065.8314543867532,1075.1808531094441,1056.4820556640625,1056.4820556640625,36400,0.0,0.0
2013-08-30 00:00:00+09:00,1065.8314543867532,1065.8314543867532,1056.4820556640625,1056.4820556640625,24700,0.0,0.0
2013-09-02 00:00:00+09:00,1056.4820224695038,1084.5302177563049,1047.1326240405701,1065.8314208984375,59500,0.0,0.0
2013-09-03 00:00:00+09:00,1084.5302400507478,1103.229037293002,1084.5302400507478,1093.879638671875,65900,0.0,0.0
2013-09-04 00:00:00+09:00,1093.8797636955014,1159.3255615234375,1084.5303640057964,1159.3255615234375,115500,0.0,0.0
2013-09-05 00:00:00+09:00,1159.3254172585227,1159.3254172585227,1112.5784246271307,1131.2772216796875,89100,0.0,0.0
2013-09-06 00:00:00+09:00,1131.2771989208156,1131.2771989208156,1103.22900390625,1103.22900390625,49000,0.0,0.0
2013-09-09 00:00:00+09:00,1187.3737111646076,1224.7713083666424,1131.277315361555,1206.072509765625,252900,0.0,0.0
2013-09-10 00:00:00+09:00,1215.4219436645508,1224.7713432312012,1178.0243453979492,1196.72314453125,210100,0.0,0.0
2013-09-11 00:00:00+09:00,1206.0725151510799,1299.5665085736443,1196.7231158088234,1271.518310546875,348800,0.0,0.0
2013-09-12 00:00:00+09:00,1243.4700927734375,1271.5182903547932,1224.771294385867,1243.4700927734375,122800,0.0,0.0
2013-09-13 00:00:00+09:00,1234.120762016937,1234.120762016937,1215.421962592438,1224.7713623046875,102200,0.0,0.0
2013-09-17 00:00:00+09:00,1243.470146122685,1290.2171440972222,1234.1207465277778,1262.1689453125,204200,0.0,0.0
2013-09-18 00:00:00+09:00,1262.1688569481694,1271.5182558885263,1243.4700590674558,1252.8194580078125,81600,0.0,0.0
2013-09-19 00:00:00+09:00,1271.5183449074075,1271.5183449074075,1243.470146122685,1262.1689453125,77300,0.0,0.0
2013-09-20 00:00:00+09:00,1280.8677445023147,1290.2171440972222,1243.470146122685,1262.1689453125,89000,0.0,0.0
2013-09-24 00:00:00+09:00,1262.1688527074352,1393.0604374326508,1252.8194537984914,1355.662841796875,452700,0.0,0.0
2013-09-25 00:00:00+09:00,1374.3616527800864,1421.1086477726064,1308.9158597905584,1318.2652587890625,312900,0.0,0.0
2013-09-26 00:00:00+09:00,1299.5664607920546,1346.3134557845744,1271.5182637965424,1318.2652587890625,160800,0.0,0.0
2013-09-27 00:00:00+09:00,1355.6628897530693,1355.6628897530693,1299.5664943150111,1308.9158935546875,100400,0.0,0.0
2013-09-30 00:00:00+09:00,1308.915962550951,1308.915962550951,1262.168963888417,1290.2171630859375,110800,0.0,0.0
2013-10-01 00:00:00+09:00,1271.5183253432765,1280.8677247943301,1234.1207275390625,1234.1207275390625,94600,0.0,0.0
2013-10-02 00:00:00+09:00,1215.421888563368,1234.1206868489583,1178.0242919921875,1178.0242919921875,151800,0.0,0.0
2013-10-03 00:00:00+09:00,1187.3736911349827,1196.7230902777778,1178.0242919921875,1178.0242919921875,96200,0.0,0.0
2013-10-04 00:00:00+09:00,1178.0243261718751,1178.0243261718751,1149.9761279296874,1168.6749267578125,73600,0.0,0.0
2013-10-07 00:00:00+09:00,1178.0241906117585,1187.3735889499471,1103.22900390625,1103.22900390625,90200,0.0,0.0
2013-10-08 00:00:00+09:00,1084.530207229873,1131.2771989208156,1075.1808088916844,1103.22900390625,87600,0.0,0.0
2013-10-09 00:00:00+09:00,1093.8797964700839,1159.3255962588923,1093.8797964700839,1149.9761962890625,38900,0.0,0.0
2013-10-10 00:00:00+09:00,1159.3255074923154,1178.024306000256,1131.2773097304046,1140.626708984375,41900,0.0,0.0
2013-10-11 00:00:00+09:00,1159.32552734375,1168.6749267578125,1149.9761279296874,1168.6749267578125,61300,0.0,0.0
2013-10-15 00:00:00+09:00,1159.3254516601562,1159.3254516601562,1121.9278564453125,1121.9278564453125,52500,0.0,0.0
2013-10-16 00:00:00+09:00,1121.9278564453125,1140.6266540527345,1121.9278564453125,1121.9278564453125,33800,0.0,0.0
2013-10-17 00:00:00+09:00,1149.9761962890625,1159.3255962588923,1140.6267963192329,1149.9761962890625,35600,0.0,0.0
2013-10-18 00:00:00+09:00,1140.6267963192329,1159.3255962588923,1140.6267963192329,1149.9761962890625,54700,0.0,0.0
2013-10-21 00:00:00+09:00,1159.3255615234375,1168.6749612131428,1149.9761618337325,1159.3255615234375,35500,0.0,0.0
2013-10-22 00:00:00+09:00,1159.3255615234375,1159.3255615234375,1149.9761618337325,1159.3255615234375,29500,0.0,0.0
2013-10-23 00:00:00+09:00,1159.3254516601562,1159.3254516601562,1112.5784576416015,1121.9278564453125,84600,0.0,0.0
2013-10-24 00:00:00+09:00,1112.5785112224642,1149.9761082383452,1112.5785112224642,1140.626708984375,47000,0.0,0.0
2013-10-25 00:00:00+09:00,1140.6266540527345,1140.6266540527345,1121.9278564453125,1121.9278564453125,32800,0.0,0.0
2013-10-28 00:00:00+09:00,1131.2772216796875,1140.626620205966,1121.9278231534092,1131.2772216796875,27700,0.0,0.0
2013-10-29 00:00:00+09:00,1131.2772216796875,1140.626620205966,1121.9278231534092,1131.2772216796875,23500,0.0,0.0
2013-10-30 00:00:00+09:00,1131.2772216796875,1140.626620205966,1121.9278231534092,1131.2772216796875,48900,0.0,0.0
2013-10-31 00:00:00+09:00,1121.9277672006301,1131.2771652606355,1103.2289710806197,1112.578369140625,48800,0.0,0.0
2013-11-01 00:00:00+09:00,1103.229037293002,1121.9278345352564,1093.879638671875,1093.879638671875,37000,0.0,0.0
2013-11-05 00:00:00+09:00,1093.8796161852383,1093.8796161852383,1056.4820224695038,1065.8314208984375,80500,0.0,0.0
2013-11-06 00:00:00+09:00,1075.180901421441,1224.771287706163,1075.180901421441,1178.0242919921875,370400,0.0,0.0
2013-11-07 00:00:00+09:00,1168.6749267578125,1178.0243261718751,1149.9761279296874,1168.6749267578125,105900,0.0,0.0
2013-11-08 00:00:00+09:00,1140.626708984375,1168.6749067462858,1140.626708984375,1140.626708984375,50700,0.0,0.0
2013-11-11 00:00:00+09:00,1149.9760187322445,1159.3254172585227,1131.2772216796875,1131.2772216796875,19900,0.0,0.0
2013-11-12 00:00:00+09:00,1121.927962764617,1159.3255615234375,1121.927962764617,1159.3255615234375,37700,0.0,0.0
2013-11-13 00:00:00+09:00,1159.3255074923154,1159.3255074923154,1121.9279104764344,1140.626708984375,48600,0.0,0.0
2013-11-14 00:00:00+09:00,1047.1326778017242,1103.229071255388,1037.7832788927801,1084.5302734375,184200,0.0,0.0
2013-11-15 00:00:00+09:00,1093.8796055680614,1112.5784022444386,1084.530207229873,1103.22900390625,95200,0.0,0.0
2013-11-18 00:00:00+09:00,1112.5784022444386,1121.927800582627,1103.22900390625,1103.22900390625,67400,0.0,0.0
2013-11-19 00:00:00+09:00,1103.22900390625,1112.5784022444386,1093.8796055680614,1103.22900390625,20300,0.0,0.0
2013-11-20 00:00:00+09:00,1093.8795730206145,1112.578369140625,1093.8795730206145,1112.578369140625,25800,0.0,0.0
2013-11-21 00:00:00+09:00,1103.2289710806197,1112.578369140625,1093.8795730206145,1112.578369140625,39800,0.0,0.0
2013-11-22 00:00:00+09:00,1103.229037293002,1103.229037293002,1084.5302400507478,1093.879638671875,47400,0.0,0.0
2013-11-25 00:00:00+09:00,1093.8796055680614,1112.5784022444386,1084.530207229873,1103.22900390625,49900,0.0,0.0
2013-11-26 00:00:00+09:00,1103.229071255388,1103.229071255388,1084.5302734375,1084.5302734375,29600,0.0,0.0
2013-11-27 00:00:00+09:00,1093.8795730206145,1121.9277672006301,1093.8795730206145,1112.578369140625,74300,0.0,0.0
2013-11-28 00:00:00+09:00,1121.9278231534092,1131.2772216796875,1112.5784246271307,1131.2772216796875,49900,0.0,0.0
2013-11-29 00:00:00+09:00,1112.5784246271307,1131.2772216796875,1112.5784246271307,1131.2772216796875,49900,0.0,0.0
2013-12-02 00:00:00+09:00,1112.5784022444386,1121.927800582627,1103.22900390625,1103.22900390625,69200,0.0,0.0
2013-12-03 00:00:00+09:00,1103.229037293002,1112.5784359141292,1093.879638671875,1093.879638671875,41500,0.0,0.0
2013-12-04 00:00:00+09:00,1093.879638671875,1103.229037293002,1084.5302400507478,1093.879638671875,47700,0.0,0.0
2013-12-05 00:00:00+09:00,1093.879582413383,1093.879582413383,1075.1807861328125,1075.1807861328125,41000,0.0,0.0
2013-12-06 00:00:00+09:00,1075.1807861328125,1093.879582413383,1075.1807861328125,1075.1807861328125,28300,0.0,0.0
2013-12-09 00:00:00+09:00,1084.5301842730978,1103.2289805536686,1075.1807861328125,1075.1807861328125,53800,0.0,0.0
2013-12-10 00:00:00+09:00,1075.1808193273712,1084.5302177563049,1065.8314208984375,1065.8314208984375,47300,0.0,0.0
2013-12-11 00:00:00+09:00,1065.8314208984375,1075.1808193273712,1065.8314208984375,1065.8314208984375,37600,0.0,0.0
2013-12-12 00:00:00+09:00,1065.8314208984375,1075.1808193273712,1065.8314208984375,1065.8314208984375,24200,0.0,0.0
2013-12-13 00:00:00+09:00,1056.4820556640625,1065.8314543867532,1047.1326569413716,1056.4820556640625,81800,0.0,0.0
2013-12-16 00:00:00+09:00,1047.132634943182,1056.4820334694602,1028.433837890625,1028.433837890625,79600,0.0,0.0
2013-12-17 00:00:00+09:00,1028.4338923863002,1047.1326904296875,1028.4338923863002,1047.1326904296875,63200,0.0,0.0
2013-12-18 00:00:00+09:00,1019.0844393643466,1037.7832364169035,1019.0844393643466,1028.433837890625,60900,0.0,0.0
2013-12-19 00:00:00+09:00,1037.783203125,1047.1326013513512,1028.4338048986485,1037.783203125,60500,0.0,0.0
2013-12-20 00:00:00+09:00,1028.433967872902,1028.433967872902,1000.3857687490957,1009.7351684570312,119800,0.0,0.0
2013-12-24 00:00:00+09:00,1009.735121506911,1009.735121506911,953.6387258676382,972.3375244140625,166000,0.0,0.0
2013-12-25 00:00:00+09:00,953.6387329101562,962.9881322524127,944.2893335678998,953.6387329101562,116100,0.0,0.0
2013-12-26 00:00:00+09:00,981.6869361247491,1019.0845336914062,981.6869361247491,1019.0845336914062,85100,0.0,0.0
2013-12-27 00:00:00+09:00,1065.831475619612,1112.578470164332,1047.1326778017242,1084.5302734375,458900,0.0,0.0
2013-12-30 00:00:00+09:00,1084.5302734375,1103.229071255388,1065.831475619612,1084.5302734375,112500,0.0,0.0
2014-01-06 00:00:00+09:00,1093.879638671875,1103.229037293002,1075.1808414296206,1093.879638671875,97300,0.0,0.0
2014-01-07 00:00:00+09:00,1093.8796161852383,1093.8796161852383,1065.8314208984375,1065.8314208984375,64200,0.0,0.0
2014-01-08 00:00:00+09:00,1075.180874528556,1084.5302734375,1065.831475619612,1084.5302734375,49600,0.0,0.0
2014-01-09 00:00:00+09:00,1084.5302177563049,1084.5302177563049,1065.8314208984375,1065.8314208984375,38400,0.0,0.0
2014-01-10 00:00:00+09:00,1075.1807861328125,1084.5301842730978,1065.8313879925272,1075.1807861328125,49100,0.0,0.0
2014-01-14 00:00:00+09:00,1056.4820556640625,1075.1808531094441,1028.43385949599,1056.4820556640625,69600,0.0,0.0
2014-01-15 00:00:00+09:00,1065.8314543867532,1065.8314543867532,1056.4820556640625,1056.4820556640625,21300,0.0,0.0
2014-01-16 00:00:00+09:00,1065.8314319957387,1140.626620205966,1065.8314319957387,1131.2772216796875,466000,0.0,0.0
2014-01-17 00:00:00+09:00,1103.229071255388,1121.9278690732758,1056.482076710668,1084.5302734375,238600,0.0,0.0
2014-01-20 00:00:00+09:00,1103.229071255388,1103.229071255388,1075.180874528556,1084.5302734375,77700,0.0,0.0
2014-01-21 00:00:00+09:00,1103.229071255388,1103.229071255388,1075.180874528556,1084.5302734375,47800,0.0,0.0
2014-01-22 00:00:00+09:00,1084.5302734375,1093.879672346444,1075.180874528556,1084.5302734375,38800,0.0,0.0
2014-01-23 00:00:00+09:00,1084.5302177563049,1084.5302177563049,1065.8314208984375,1065.8314208984375,66900,0.0,0.0
2014-01-24 00:00:00+09:00,1056.4820556640625,1065.8314543867532,1047.1326569413716,1056.4820556640625,62500,0.0,0.0
2014-01-27 00:00:00+09:00,1037.7833324747348,1037.7833324747348,1019.0845336914062,1019.0845336914062,89700,0.0,0.0
2014-01-28 00:00:00+09:00,1019.0845336914062,1037.7833324747348,1019.0845336914062,1019.0845336914062,38100,0.0,0.0
2014-01-29 00:00:00+09:00,1028.43385949599,1056.4820556640625,1028.43385949599,1056.4820556640625,58600,0.0,0.0
2014-01-30 00:00:00+09:00,1028.4339330830705,1028.4339330830705,1000.3857349080777,1019.0845336914062,95200,0.0,0.0
2014-01-31 00:00:00+09:00,1019.0845135382887,1028.433912745062,981.6869167111954,991.0363159179688,50000,0.0,0.0
2014-02-03 00:00:00+09:00,981.6869309369255,981.6869309369255,944.2893335678998,953.6387329101562,82800,0.0,0.0
2014-02-04 00:00:00+09:00,888.192883166638,888.192883166638,850.7952880859375,850.7952880859375,166000,0.0,0.0
2014-02-05 00:00:00+09:00,888.1929115627123,897.5423106317935,860.1447143554688,860.1447143554688,73200,0.0,0.0
2014-02-06 00:00:00+09:00,860.1447016398112,906.8916962941488,850.7953027089437,897.5422973632812,52700,0.0,0.0
2014-02-07 00:00:00+09:00,906.8916900011958,916.2410888671875,897.5422911352041,916.2410888671875,39100,0.0,0.0
2014-02-10 00:00:00+09:00,925.5904541015625,934.939852627841,916.2410555752841,925.5904541015625,25400,0.0,0.0
2014-02-12 00:00:00+09:00,925.5905084893255,953.6387057162748,925.5905084893255,944.289306640625,50800,0.0,0.0
2014-02-13 00:00:00+09:00,944.2892511541194,953.6386496803977,906.8916570490057,925.5904541015625,58600,0.0,0.0
2014-02-14 00:00:00+09:00,944.2892569315802,944.2892569315802,888.1928654306943,906.8916625976562,47000,0.0,0.0
2014-02-17 00:00:00+09:00,906.8916570490057,925.5904541015625,888.1928599964489,925.5904541015625,53200,0.0,0.0
2014-02-18 00:00:00+09:00,925.5905084893255,953.6387057162748,916.2411094136758,944.289306640625,80600,0.0,0.0
2014-02-19 00:00:00+09:00,925.5904877331792,934.9398865991709,906.8916900011958,916.2410888671875,41600,0.0,0.0
2014-02-20 00:00:00+09:00,916.2410952250162,925.5904941558838,897.5422973632812,897.5422973632812,41200,0.0,0.0
2014-02-21 00:00:00+09:00,897.5422911352041,916.2410888671875,897.5422911352041,916.2410888671875,30900,0.0,0.0
2014-02-24 00:00:00+09:00,916.2410827636719,944.2892791748047,916.2410827636719,934.9398803710938,33900,0.0,0.0
2014-02-25 00:00:00+09:00,944.289306640625,953.6387057162748,934.9399075649752,944.289306640625,32600,0.0,0.0
2014-02-26 00:00:00+09:00,944.2892791748047,944.2892791748047,925.5904815673829,934.9398803710938,16600,0.0,0.0
2014-02-27 00:00:00+09:00,925.5904941558838,925.5904941558838,897.5422973632812,897.5422973632812,28800,0.0,0.0
2014-02-28 00:00:00+09:00,906.8916683799342,906.8916683799342,888.19287109375,888.19287109375,47900,0.0,0.0
2014-03-03 00:00:00+09:00,888.192877000378,888.192877000378,869.4940795898438,869.4940795898438,36300,0.0,0.0
2014-03-04 00:00:00+09:00,860.144707862367,888.192904857879,860.144707862367,878.843505859375,29500,0.0,0.0
2014-03-05 00:00:00+09:00,888.1928984324137,906.8916962941488,888.1928984324137,897.5422973632812,21900,0.0,0.0
2014-03-06 00:00:00+09:00,897.5422585227274,925.5904541015625,888.1928599964489,925.5904541015625,40400,0.0,0.0
2014-03-07 00:00:00+09:00,925.5904597646182,934.9398583480993,897.5422640141753,906.8916625976562,65200,0.0,0.0
2014-03-10 00:00:00+09:00,897.5422973632812,906.8916962941488,888.1928984324137,897.5422973632812,22000,0.0,0.0
2014-03-11 00:00:00+09:00,906.8916962941488,906.8916962941488,897.5422973632812,897.5422973632812,24100,0.0,0.0
2014-03-12 00:00:00+09:00,897.5422697368421,897.5422697368421,888.19287109375,888.19287109375,26000,0.0,0.0
2014-03-13 00:00:00+09:00,888.192904857879,897.542303856383,878.843505859375,878.843505859375,29700,0.0,0.0
2014-03-14 00:00:00+09:00,878.8435124936311,878.8435124936311,860.1447143554688,860.1447143554688,65100,0.0,0.0
2014-03-17 00:00:00+09:00,850.7953219943576,860.1447211371527,841.4459228515625,841.4459228515625,41800,0.0,0.0
2014-03-18 00:00:00+09:00,860.1447143554688,869.4941134245499,860.1447143554688,860.1447143554688,20900,0.0,0.0
2014-03-19 00:00:00+09:00,869.4941202799479,869.4941202799479,841.4459228515625,841.4459228515625,18200,0.0,0.0
2014-03-20 00:00:00+09:00,841.4459370457848,841.4459370457848,804.04833984375,804.04833984375,43100,0.0,0.0
2014-03-24 00:00:00+09:00,813.3977321277965,841.4459297873757,804.0483329079368,822.7471313476562,45100,0.0,0.0
2014-03-25 00:00:00+09:00,822.7471313476562,832.096530567516,813.3977321277965,822.7471313476562,33700,0.0,0.0
2014-03-26 00:00:00+09:00,822.747103987069,832.0965028960129,804.048306169181,813.397705078125,20900,0.0,0.0
2014-03-27 00:00:00+09:00,794.6989072602371,822.747103987069,785.3495083512931,813.397705078125,39300,0.0,0.0
2014-03-28 00:00:00+09:00,794.698933688077,832.096530567516,794.698933688077,822.7471313476562,20700,0.0,0.0
2014-03-31 00:00:00+09:00,832.0964847687752,897.5422757056451,822.747086063508,869.4940795898438,86700,0.0,0.0
2014-04-01 00:00:00+09:00,916.2410670230263,934.9398643092105,878.8434724506578,888.19287109375,98100,0.0,0.0
2014-04-02 00:00:00+09:00,897.5422757056451,897.5422757056451,869.4940795898438,869.4940795898438,36500,0.0,0.0
2014-04-03 00:00:00+09:00,878.8434782951109,878.8434782951109,869.4940795898438,869.4940795898438,16700,0.0,0.0
2014-04-04 00:00:00+09:00,869.4940795898438,869.4940795898438,860.1446808845766,869.4940795898438,14900,0.0,0.0
2014-04-07 00:00:00+09:00,850.7952880859375,860.1446868561126,832.0964905455871,850.7952880859375,24000,0.0,0.0
2014-04-08 00:00:00+09:00,850.795294258032,850.795294258032,832.0964965820312,832.0964965820312,15000,0.0,0.0
2014-04-09 00:00:00+09:00,822.747103987069,822.747103987069,804.048306169181,813.397705078125,24200,0.0,0.0
2014-04-10 00:00:00+09:00,832.0965028960129,841.4459018049569,813.397705078125,813.397705078125,22000,0.0,0.0
2014-04-11 00:00:00+09:00,794.6989405432413,813.3977391442587,794.6989405432413,804.04833984375,25800,0.0,0.0
2014-04-14 00:00:00+09:00,804.04833984375,822.7471384447674,794.6989405432413,804.04833984375,11900,0.0,0.0
2014-04-15 00:00:00+09:00,813.3977391442587,813.3977391442587,804.04833984375,804.04833984375,10900,0.0,0.0
2014-04-16 00:00:00+09:00,813.3976989060305,832.0964965820312,804.0483000680302,832.0964965820312,23100,0.0,0.0
2014-04-17 00:00:00+09:00,832.0965028960129,832.0965028960129,813.397705078125,813.397705078125,13200,0.0,0.0
2014-04-18 00:00:00+09:00,813.3977321277965,822.7471313476562,813.3977321277965,822.7471313476562,17800,0.0,0.0
2014-04-21 00:00:00+09:00,832.096530567516,832.096530567516,822.7471313476562,822.7471313476562,4500,0.0,0.0
2014-04-22 00:00:00+09:00,832.0965377452761,832.0965377452761,804.04833984375,804.04833984375,26800,0.0,0.0
2014-04-23 00:00:00+09:00,804.04833984375,822.7471384447674,804.04833984375,804.04833984375,13500,0.0,0.0
2014-04-24 00:00:00+09:00,813.3977115406709,813.3977115406709,794.6989135742188,794.6989135742188,19400,0.0,0.0
2014-04-25 00:00:00+09:00,804.0483125574448,804.0483125574448,794.6989135742188,794.6989135742188,19500,0.0,0.0
2014-04-28 00:00:00+09:00,794.6989135742188,804.0483125574448,794.6989135742188,794.6989135742188,13600,0.0,0.0
2014-04-30 00:00:00+09:00,794.6988859630766,804.0482846214658,785.3494873046875,785.3494873046875,25700,0.0,0.0
2014-05-01 00:00:00+09:00,785.3495145909926,794.6989135742188,785.3495145909926,794.6989135742188,23600,0.0,0.0
2014-05-02 00:00:00+09:00,794.6989135742188,822.747110523897,785.3495145909926,794.6989135742188,27600,0.0,0.0
2014-05-07 00:00:00+09:00,794.6988859630766,804.0482846214658,785.3494873046875,785.3494873046875,22100,0.0,0.0
2014-05-08 00:00:00+09:00,785.3494873046875,794.6988859630766,785.3494873046875,785.3494873046875,12800,0.0,0.0
2014-05-09 00:00:00+09:00,785.3495145909926,794.6989135742188,785.3495145909926,794.6989135742188,6200,0.0,0.0
2014-05-12 00:00:00+09:00,794.6989201924887,794.6989201924887,776.0001220703125,776.0001220703125,10900,0.0,0.0
2014-05-13 00:00:00+09:00,785.3494873046875,841.4458792550223,785.3494873046875,785.3494873046875,34400,0.0,0.0
2014-05-14 00:00:00+09:00,794.6989072602371,822.747103987069,794.6989072602371,813.397705078125,29800,0.0,0.0
2014-05-15 00:00:00+09:00,804.048306169181,813.397705078125,794.6989072602371,813.397705078125,11500,0.0,0.0
2014-05-16 00:00:00+09:00,794.6988859630766,804.0482846214658,785.3494873046875,785.3494873046875,19400,0.0,0.0
2014-05-19 00:00:00+09:00,794.6988919886147,794.6988919886147,766.6506958007812,766.6506958007812,16800,0.0,0.0
2014-05-20 00:00:00+09:00,776.0001007080078,776.0001007080078,747.951904296875,747.951904296875,22400,0.0,0.0
2014-05-21 00:00:00+09:00,738.6025322808159,757.3013305664062,738.6025322808159,757.3013305664062,16700,0.0,0.0
2014-05-22 00:00:00+09:00,757.3013239481363,785.3495211314006,757.3013239481363,776.0001220703125,32400,0.0,0.0
2014-05-23 00:00:00+09:00,785.3494873046875,785.3494873046875,766.6506899879092,785.3494873046875,14900,0.0,0.0
2014-05-26 00:00:00+09:00,785.3494873046875,785.3494873046875,776.0000886462983,785.3494873046875,16500,0.0,0.0
2014-05-27 00:00:00+09:00,785.3495145909926,794.6989135742188,785.3495145909926,794.6989135742188,10700,0.0,0.0
2014-05-28 00:00:00+09:00,785.3495145909926,794.6989135742188,785.3495145909926,794.6989135742188,6000,0.0,0.0
2014-05-29 00:00:00+09:00,785.3494873046875,794.6988859630766,776.0000886462983,785.3494873046875,16800,0.0,0.0
2014-05-30 00:00:00+09:00,776.0001220703125,785.3495211314006,776.0001220703125,776.0001220703125,10500,0.0,0.0
2014-06-02 00:00:00+09:00,785.3495145909926,794.6989135742188,785.3495145909926,794.6989135742188,25400,0.0,0.0
2014-06-03 00:00:00+09:00,785.3494873046875,794.6988859630766,785.3494873046875,785.3494873046875,23600,0.0,0.0
2014-06-04 00:00:00+09:00,785.3495083512931,822.747103987069,785.3495083512931,813.397705078125,52800,0.0,0.0
2014-06-05 00:00:00+09:00,813.397705078125,822.747103987069,804.048306169181,813.397705078125,41600,0.0,0.0
2014-06-06 00:00:00+09:00,813.397705078125,813.397705078125,804.048306169181,813.397705078125,10400,0.0,0.0
2014-06-09 00:00:00+09:00,813.3977321277965,832.096530567516,813.3977321277965,822.7471313476562,41400,0.0,0.0
2014-06-10 00:00:00+09:00,832.0964965820312,841.4458954200317,813.3976989060305,832.0964965820312,38200,0.0,0.0
2014-06-11 00:00:00+09:00,822.7471313476562,832.096530567516,813.3977321277965,822.7471313476562,15600,0.0,0.0
2014-06-12 00:00:00+09:00,813.3976989060305,832.0964965820312,813.3976989060305,832.0964965820312,25500,0.0,0.0
2014-06-13 00:00:00+09:00,832.096530567516,832.096530567516,813.3977321277965,822.7471313476562,49900,0.0,0.0
2014-06-16 00:00:00+09:00,822.747097744031,841.4458954200317,822.747097744031,832.0964965820312,40200,0.0,0.0
2014-06-17 00:00:00+09:00,832.0964965820312,832.0964965820312,822.747097744031,832.0964965820312,22600,0.0,0.0
2014-06-18 00:00:00+09:00,832.0965237087673,841.4459228515625,832.0965237087673,841.4459228515625,19700,0.0,0.0
2014-06-19 00:00:00+09:00,841.4459228515625,841.4459228515625,832.0965237087673,841.4459228515625,34900,0.0,0.0
2014-06-20 00:00:00+09:00,841.4458834740423,869.4940795898438,832.0964847687752,869.4940795898438,146300,0.0,0.0
2014-06-23 00:00:00+09:00,869.4941134245499,878.8435124936311,860.1447143554688,860.1447143554688,29300,0.0,0.0
2014-06-24 00:00:00+09:00,850.7953152863876,860.1447143554688,841.4459162173064,860.1447143554688,24500,0.0,0.0
2014-06-25 00:00:00+09:00,841.4458954200317,841.4458954200317,813.3976989060305,832.0964965820312,108700,0.0,0.0
2014-06-26 00:00:00+09:00,832.0965028960129,832.0965028960129,813.397705078125,813.397705078125,30200,0.0,0.0
2014-06-27 00:00:00+09:00,822.7471384447674,822.7471384447674,804.04833984375,804.04833984375,24100,0.0,0.0
2014-06-30 00:00:00+09:00,804.04833984375,804.04833984375,794.6989405432413,804.04833984375,17700,0.0,0.0
2014-07-01 00:00:00+09:00,804.0483329079368,832.096530567516,804.0483329079368,822.7471313476562,35500,0.0,0.0
2014-07-02 00:00:00+09:00,832.096530567516,832.096530567516,822.7471313476562,822.7471313476562,20000,0.0,0.0
2014-07-03 00:00:00+09:00,822.747103987069,832.0965028960129,813.397705078125,813.397705078125,17600,0.0,0.0
2014-07-04 00:00:00+09:00,822.747097744031,832.0964965820312,822.747097744031,832.0964965820312,24800,0.0,0.0
2014-07-07 00:00:00+09:00,822.7471313476562,832.096530567516,822.7471313476562,822.7471313476562,37300,0.0,0.0
2014-07-08 00:00:00+09:00,822.747097744031,832.0964965820312,813.3976989060305,832.0964965820312,52300,0.0,0.0
2014-07-09 00:00:00+09:00,822.7471313476562,832.096530567516,822.7471313476562,822.7471313476562,45900,0.0,0.0
2014-07-10 00:00:00+09:00,822.7471384447674,822.7471384447674,804.04833984375,804.04833984375,18700,0.0,0.0
2014-07-11 00:00:00+09:00,804.048306169181,813.397705078125,794.6989072602371,813.397705078125,20600,0.0,0.0
2014-07-14 00:00:00+09:00,813.3977391442587,813.3977391442587,804.04833984375,804.04833984375,25900,0.0,0.0
2014-07-15 00:00:00+09:00,813.3977321277965,832.096530567516,804.0483329079368,822.7471313476562,113500,0.0,0.0
2014-07-16 00:00:00+09:00,813.3977391442587,822.7471384447674,804.04833984375,804.04833984375,36700,0.0,0.0
2014-07-17 00:00:00+09:00,804.048306169181,822.747103987069,804.048306169181,813.397705078125,70700,0.0,0.0
2014-07-18 00:00:00+09:00,804.04833984375,804.04833984375,794.6989405432413,804.04833984375,73000,0.0,0.0
2014-07-22 00:00:00+09:00,804.048306169181,813.397705078125,804.048306169181,813.397705078125,29000,0.0,0.0
2014-07-23 00:00:00+09:00,813.3976989060305,850.795294258032,804.0483000680302,832.0964965820312,105200,0.0,0.0
2014-07-24 00:00:00+09:00,832.0965028960129,832.0965028960129,813.397705078125,813.397705078125,39700,0.0,0.0
2014-07-25 00:00:00+09:00,813.3977321277965,832.096530567516,813.3977321277965,822.7471313476562,26000,0.0,0.0
2014-07-28 00:00:00+09:00,822.747097744031,832.0964965820312,813.3976989060305,832.0964965820312,25600,0.0,0.0
2014-07-29 00:00:00+09:00,832.096530567516,832.096530567516,822.7471313476562,822.7471313476562,33000,0.0,0.0
2014-07-30 00:00:00+09:00,832.0964965820312,832.0964965820312,813.3976989060305,832.0964965820312,34500,0.0,0.0
2014-07-31 00:00:00+09:00,832.096530567516,832.096530567516,822.7471313476562,822.7471313476562,36700,0.0,0.0
2014-08-01 00:00:00+09:00,813.3977391442587,813.3977391442587,794.6989405432413,804.04833984375,39900,0.0,0.0
2014-08-04 00:00:00+09:00,794.6989135742188,804.0483125574448,794.6989135742188,794.6989135742188,36500,0.0,0.0
2014-08-05 00:00:00+09:00,804.0483125574448,804.0483125574448,794.6989135742188,794.6989135742188,28700,0.0,0.0
2014-08-06 00:00:00+09:00,794.6988859630766,804.0482846214658,785.3494873046875,785.3494873046875,35100,0.0,0.0
2014-08-07 00:00:00+09:00,794.6989135742188,794.6989135742188,776.0001156077665,794.6989135742188,34700,0.0,0.0
2014-08-08 00:00:00+09:00,785.3495211314006,785.3495211314006,776.0001220703125,776.0001220703125,16200,0.0,0.0
2014-08-11 00:00:00+09:00,785.3494873046875,785.3494873046875,776.0000886462983,785.3494873046875,35600,0.0,0.0
2014-08-12 00:00:00+09:00,776.0001220703125,785.3495211314006,776.0001220703125,776.0001220703125,20100,0.0,0.0
2014-08-13 00:00:00+09:00,785.3494873046875,785.3494873046875,776.0000886462983,785.3494873046875,13300,0.0,0.0
2014-08-14 00:00:00+09:00,794.6989072602371,822.747103987069,785.3495083512931,813.397705078125,76400,0.0,0.0
2014-08-15 00:00:00+09:00,813.3977391442587,822.7471384447674,794.6989405432413,804.04833984375,39300,0.0,0.0
2014-08-18 00:00:00+09:00,822.747103987069,822.747103987069,813.397705078125,813.397705078125,27000,0.0,0.0
2014-08-19 00:00:00+09:00,822.747103987069,822.747103987069,804.048306169181,813.397705078125,36800,0.0,0.0
2014-08-20 00:00:00+09:00,804.048326280382,841.4459228515625,804.048326280382,841.4459228515625,136900,0.0,0.0
2014-08-21 00:00:00+09:00,841.4459228515625,841.4459228515625,822.7471245659722,841.4459228515625,79500,0.0,0.0
2014-08-22 00:00:00+09:00,841.4459297873757,841.4459297873757,822.7471313476562,822.7471313476562,47000,0.0,0.0
2014-08-25 00:00:00+09:00,832.0964965820312,832.0964965820312,822.747097744031,832.0964965820312,38600,0.0,0.0
2014-08-26 00:00:00+09:00,832.096530567516,832.096530567516,813.3977321277965,822.7471313476562,39900,0.0,0.0
2014-08-27 00:00:00+09:00,822.7471313476562,822.7471313476562,813.3977321277965,822.7471313476562,18400,0.0,0.0
2014-08-28 00:00:00+09:00,813.3977321277965,822.7471313476562,813.3977321277965,822.7471313476562,26800,0.0,0.0
2014-08-29 00:00:00+09:00,813.397705078125,822.747103987069,804.048306169181,813.397705078125,34000,0.0,0.0
2014-09-01 00:00:00+09:00,822.7471313476562,832.096530567516,813.3977321277965,822.7471313476562,44500,0.0,0.0
2014-09-02 00:00:00+09:00,832.0964965820312,841.4458954200317,822.747097744031,832.0964965820312,52300,0.0,0.0
2014-09-03 00:00:00+09:00,832.0964965820312,860.1446930960323,832.0964965820312,832.0964965820312,191900,0.0,0.0
2014-09-04 00:00:00+09:00,832.0964965820312,832.0964965820312,822.747097744031,832.0964965820312,32800,0.0,0.0
2014-09-05 00:00:00+09:00,832.096530567516,832.096530567516,822.7471313476562,822.7471313476562,24300,0.0,0.0
2014-09-08 00:00:00+09:00,822.7471313476562,832.096530567516,813.3977321277965,822.7471313476562,22900,0.0,0.0
2014-09-09 00:00:00+09:00,822.7471313476562,832.096530567516,813.3977321277965,822.7471313476562,22900,0.0,0.0
2014-09-10 00:00:00+09:00,822.747097744031,869.4940919340327,813.3976989060305,832.0964965820312,266900,0.0,0.0
2014-09-11 00:00:00+09:00,832.0964965820312,841.4458954200317,822.747097744031,832.0964965820312,23500,0.0,0.0
2014-09-12 00:00:00+09:00,822.7471313476562,832.096530567516,822.7471313476562,822.7471313476562,27600,0.0,0.0
2014-09-16 00:00:00+09:00,822.747103987069,832.0965028960129,813.397705078125,813.397705078125,37700,0.0,0.0
2014-09-17 00:00:00+09:00,813.3977391442587,822.7471384447674,804.04833984375,804.04833984375,53100,0.0,0.0
2014-09-18 00:00:00+09:00,804.048306169181,822.747103987069,804.048306169181,813.397705078125,28200,0.0,0.0
2014-09-19 00:00:00+09:00,813.3977321277965,822.7471313476562,813.3977321277965,822.7471313476562,23600,0.0,0.0
2014-09-22 00:00:00+09:00,822.7471313476562,822.7471313476562,813.3977321277965,822.7471313476562,13800,0.0,0.0
2014-09-24 00:00:00+09:00,813.397705078125,822.747103987069,804.048306169181,813.397705078125,25600,0.0,0.0
2014-09-25 00:00:00+09:00,813.397705078125,822.747103987069,804.048306169181,813.397705078125,62900,0.0,0.0
2014-09-26 00:00:00+09:00,804.048306169181,813.397705078125,804.048306169181,813.397705078125,35800,0.0,0.0
2014-09-29 00:00:00+09:00,813.3977391442587,813.3977391442587,804.04833984375,804.04833984375,35200,0.0,0.0
2014-09-30 00:00:00+09:00,804.0483125574448,813.3977115406709,794.6989135742188,794.6989135742188,62100,0.0,0.0
2014-10-01 00:00:00+09:00,794.6988859630766,804.0482846214658,785.3494873046875,785.3494873046875,70500,0.0,0.0
2014-10-02 00:00:00+09:00,785.3495211314006,794.6989201924887,776.0001220703125,776.0001220703125,73100,0.0,0.0
2014-10-03 00:00:00+09:00,776.0001220703125,785.3495211314006,776.0001220703125,776.0001220703125,44000,0.0,0.0
2014-10-06 00:00:00+09:00,785.3494873046875,794.6988859630766,785.3494873046875,785.3494873046875,32600,0.0,0.0
2014-10-07 00:00:00+09:00,785.3494873046875,794.6988859630766,785.3494873046875,785.3494873046875,31600,0.0,0.0
2014-10-08 00:00:00+09:00,776.0001220703125,785.3495211314006,766.6507230092244,776.0001220703125,81300,0.0,0.0
2014-10-09 00:00:00+09:00,776.0001007080078,776.0001007080078,747.951904296875,747.951904296875,80900,0.0,0.0
2014-10-10 00:00:00+09:00,747.951910556891,747.951910556891,729.2531127929688,729.2531127929688,55500,0.0,0.0
2014-10-14 00:00:00+09:00,729.253154296875,729.253154296875,701.2049560546875,701.2049560546875,56900,0.0,0.0
2014-10-15 00:00:00+09:00,729.253119217722,729.253119217722,710.5543212890625,710.5543212890625,38800,0.0,0.0
2014-10-16 00:00:00+09:00,710.5543278874577,710.5543278874577,691.8555297851562,691.8555297851562,48700,0.0,0.0
2014-10-17 00:00:00+09:00,691.8555297851562,701.204928836307,682.5061307340054,691.8555297851562,37000,0.0,0.0
2014-10-20 00:00:00+09:00,701.2049489207081,719.9037475585938,701.2049489207081,719.9037475585938,30700,0.0,0.0
2014-10-21 00:00:00+09:00,719.9037548828126,719.9037548828126,691.855556640625,701.2049560546875,27200,0.0,0.0
2014-10-22 00:00:00+09:00,701.2049223247327,719.9037202533922,701.2049223247327,710.5543212890625,45300,0.0,0.0
2014-10-23 00:00:00+09:00,719.9037548828126,719.9037548828126,691.855556640625,701.2049560546875,29200,0.0,0.0
2014-10-24 00:00:00+09:00,710.554348239651,729.2531468775366,710.554348239651,719.9037475585938,23000,0.0,0.0
2014-10-27 00:00:00+09:00,719.9037139110076,729.2531127929688,710.5543150290464,729.2531127929688,18100,0.0,0.0
2014-10-28 00:00:00+09:00,710.554348239651,719.9037475585938,710.554348239651,719.9037475585938,18600,0.0,0.0
2014-10-29 00:00:00+09:00,710.5543150290464,729.2531127929688,701.2049161470853,729.2531127929688,19600,0.0,0.0
2014-10-30 00:00:00+09:00,729.2531127929688,729.2531127929688,710.5543150290464,729.2531127929688,51900,0.0,0.0
2014-10-31 00:00:00+09:00,729.2531066894531,757.301303100586,719.9037078857422,747.951904296875,63700,0.0,0.0
2014-11-04 00:00:00+09:00,785.3494932593369,794.6988919886147,757.3012970715034,766.6506958007812,128300,0.0,0.0
2014-11-05 00:00:00+09:00,776.0001220703125,776.0001220703125,757.3013239481363,776.0001220703125,51500,0.0,0.0
2014-11-06 00:00:00+09:00,776.0000945300591,785.3494932593369,757.3012970715034,766.6506958007812,61800,0.0,0.0
2014-11-07 00:00:00+09:00,766.6506958007812,766.6506958007812,747.9518983422256,766.6506958007812,31200,0.0,0.0
2014-11-10 00:00:00+09:00,766.6507230092244,776.0001220703125,757.3013239481363,776.0001220703125,21400,0.0,0.0
2014-11-11 00:00:00+09:00,766.6506958007812,776.0000945300591,766.6506958007812,766.6506958007812,17400,0.0,0.0
2014-11-12 00:00:00+09:00,776.0001007080078,785.3494995117188,738.6025054931641,747.951904296875,40800,0.0,0.0
2014-11-13 00:00:00+09:00,729.2531066894531,747.951904296875,729.2531066894531,747.951904296875,26400,0.0,0.0
2014-11-14 00:00:00+09:00,766.6507297092013,766.6507297092013,747.9519314236111,757.3013305664062,47200,0.0,0.0
2014-11-17 00:00:00+09:00,757.3013375197785,757.3013375197785,738.6025390625,738.6025390625,21800,0.0,0.0
2014-11-18 00:00:00+09:00,738.6025322808159,757.3013305664062,738.6025322808159,757.3013305664062,25100,0.0,0.0
2014-11-19 00:00:00+09:00,747.951904296875,757.301303100586,738.6025054931641,747.951904296875,36600,0.0,0.0
2014-11-20 00:00:00+09:00,757.301303100586,757.301303100586,747.951904296875,747.951904296875,10800,0.0,0.0
2014-11-21 00:00:00+09:00,729.2531066894531,747.951904296875,729.2531066894531,747.951904296875,44200,0.0,0.0
2014-11-25 00:00:00+09:00,747.9519314236111,757.3013305664062,738.6025322808159,757.3013305664062,54200,0.0,0.0
2014-11-26 00:00:00+09:00,757.3013305664062,766.6507297092013,747.9519314236111,757.3013305664062,60100,0.0,0.0
2014-11-27 00:00:00+09:00,757.3013305664062,776.0001288519965,757.3013305664062,757.3013305664062,72500,0.0,0.0
2014-11-28 00:00:00+09:00,757.3013239481363,776.0001220703125,757.3013239481363,776.0001220703125,54900,0.0,0.0
2014-12-01 00:00:00+09:00,776.0001220703125,776.0001220703125,757.3013239481363,776.0001220703125,57700,0.0,0.0
2014-12-02 00:00:00+09:00,766.6506958007812,776.0000945300591,757.3012970715034,766.6506958007812,45300,0.0,0.0
2014-12-03 00:00:00+09:00,757.3012970715034,766.6506958007812,757.3012970715034,766.6506958007812,30300,0.0,0.0
2014-12-04 00:00:00+09:00,757.3013305664062,766.6507297092013,747.9519314236111,757.3013305664062,40700,0.0,0.0
2014-12-05 00:00:00+09:00,747.9519314236111,757.3013305664062,747.9519314236111,757.3013305664062,21800,0.0,0.0
2014-12-08 00:00:00+09:00,747.951904296875,757.301303100586,738.6025054931641,747.951904296875,56600,0.0,0.0
2014-12-09 00:00:00+09:00,747.9519382911392,747.9519382911392,738.6025390625,738.6025390625,46400,0.0,0.0
2014-12-10 00:00:00+09:00,729.2531127929688,738.6025116749298,729.2531127929688,729.2531127929688,45600,0.0,0.0
2014-12-11 00:00:00+09:00,719.9037139110076,738.6025116749298,719.9037139110076,729.2531127929688,29300,0.0,0.0
2014-12-12 00:00:00+09:00,729.2531127929688,738.6025116749298,719.9037139110076,729.2531127929688,45100,0.0,0.0
2014-12-15 00:00:00+09:00,729.253119217722,738.6025181820518,710.5543212890625,710.5543212890625,42600,0.0,0.0
2014-12-16 00:00:00+09:00,710.55435546875,710.55435546875,701.2049560546875,701.2049560546875,55700,0.0,0.0
2014-12-17 00:00:00+09:00,701.204928836307,710.5543278874577,691.8555297851562,691.8555297851562,51900,0.0,0.0
2014-12-18 00:00:00+09:00,701.204928836307,710.5543278874577,691.8555297851562,691.8555297851562,71000,0.0,0.0
2014-12-19 00:00:00+09:00,701.2049560546875,710.55435546875,691.855556640625,701.2049560546875,60300,0.0,0.0
2014-12-22 00:00:00+09:00,691.8555640651755,691.8555640651755,673.1567650363869,682.5061645507812,81900,0.0,0.0
2014-12-24 00:00:00+09:00,691.8555719080106,701.2049715283891,663.807373046875,663.807373046875,121900,0.0,0.0
2014-12-25 00:00:00+09:00,673.1567726672536,682.506172287632,663.807373046875,663.807373046875,118500,0.0,0.0
2014-12-26 00:00:00+09:00,663.8073391384548,682.506137424045,663.8073391384548,673.15673828125,33800,0.0,0.0
2014-12-29 00:00:00+09:00,691.855556640625,701.2049560546875,682.5061572265626,701.2049560546875,71100,0.0,0.0
2014-12-30 00:00:00+09:00,701.204928836307,701.204928836307,682.5061307340054,691.8555297851562,47600,0.0,0.0
2015-01-05 00:00:00+09:00,701.2049223247327,710.5543212890625,701.2049223247327,710.5543212890625,24500,0.0,0.0
2015-01-06 00:00:00+09:00,701.204928836307,710.5543278874577,691.8555297851562,691.8555297851562,36100,0.0,0.0
2015-01-07 00:00:00+09:00,682.5061307340054,701.204928836307,682.5061307340054,691.8555297851562,29400,0.0,0.0
2015-01-08 00:00:00+09:00,701.2049560546875,701.2049560546875,691.855556640625,701.2049560546875,37800,0.0,0.0
2015-01-09 00:00:00+09:00,710.55435546875,710.55435546875,691.855556640625,701.2049560546875,23900,0.0,0.0
2015-01-13 00:00:00+09:00,691.8555640651755,691.8555640651755,673.1567650363869,682.5061645507812,23900,0.0,0.0
2015-01-14 00:00:00+09:00,654.4579734264964,673.1567726672536,654.4579734264964,663.807373046875,95000,0.0,0.0
2015-01-15 00:00:00+09:00,654.4579734264964,673.1567726672536,654.4579734264964,663.807373046875,22800,0.0,0.0
2015-01-16 00:00:00+09:00,663.8073391384548,673.15673828125,663.8073391384548,673.15673828125,21900,0.0,0.0
2015-01-19 00:00:00+09:00,673.1567726672536,673.1567726672536,663.807373046875,663.807373046875,18500,0.0,0.0
2015-01-20 00:00:00+09:00,673.1567650363869,682.5061645507812,663.8073655219927,682.5061645507812,25800,0.0,0.0
2015-01-21 00:00:00+09:00,682.506172287632,682.506172287632,663.807373046875,663.807373046875,25800,0.0,0.0
2015-01-22 00:00:00+09:00,673.1567726672536,673.1567726672536,654.4579734264964,663.807373046875,63400,0.0,0.0
2015-01-23 00:00:00+09:00,663.807373046875,663.807373046875,654.4579734264964,663.807373046875,29500,0.0,0.0
2015-01-26 00:00:00+09:00,663.8073391384548,682.506137424045,663.8073391384548,673.15673828125,42300,0.0,0.0
2015-01-27 00:00:00+09:00,682.5061645507812,682.5061645507812,673.1567650363869,682.5061645507812,43600,0.0,0.0
2015-01-28 00:00:00+09:00,673.1567578125,701.2049560546875,673.1567578125,701.2049560546875,54800,0.0,0.0
2015-01-29 00:00:00+09:00,691.8555640651755,701.2049635795697,682.5061645507812,682.5061645507812,49100,0.0,0.0
2015-01-30 00:00:00+09:00,673.1567316828547,691.8555297851562,673.1567316828547,691.8555297851562,31600,0.0,0.0
2015-02-02 00:00:00+09:00,691.8555365668402,691.8555365668402,673.15673828125,673.15673828125,35600,0.0,0.0
2015-02-03 00:00:00+09:00,673.15673828125,682.506137424045,663.8073391384548,673.15673828125,46200,0.0,0.0
2015-02-04 00:00:00+09:00,673.15673828125,682.506137424045,663.8073391384548,673.15673828125,27700,0.0,0.0
2015-02-05 00:00:00+09:00,673.15673828125,673.15673828125,663.8073391384548,673.15673828125,15700,0.0,0.0
2015-02-06 00:00:00+09:00,663.807373046875,673.1567726672536,663.807373046875,663.807373046875,36500,0.0,0.0
2015-02-09 00:00:00+09:00,673.15673828125,673.15673828125,663.8073391384548,673.15673828125,27100,0.0,0.0
2015-02-10 00:00:00+09:00,663.807373046875,673.1567726672536,663.807373046875,663.807373046875,19400,0.0,0.0
2015-02-12 00:00:00+09:00,673.15673828125,682.506137424045,673.15673828125,673.15673828125,26400,0.0,0.0
2015-02-13 00:00:00+09:00,691.8555297851562,710.5543278874577,682.5061307340054,691.8555297851562,78000,0.0,0.0
2015-02-16 00:00:00+09:00,701.204928836307,701.204928836307,691.8555297851562,691.8555297851562,46100,0.0,0.0
2015-02-17 00:00:00+09:00,691.855556640625,701.2049560546875,691.855556640625,701.2049560546875,14700,0.0,0.0
2015-02-18 00:00:00+09:00,701.2049223247327,710.5543212890625,701.2049223247327,710.5543212890625,67500,0.0,0.0
2015-02-19 00:00:00+09:00,710.554348239651,719.9037475585938,701.2049489207081,719.9037475585938,32100,0.0,0.0
2015-02-20 00:00:00+09:00,719.9037202533922,719.9037202533922,701.2049223247327,710.5543212890625,27900,0.0,0.0
2015-02-23 00:00:00+09:00,701.2049489207081,719.9037475585938,701.2049489207081,719.9037475585938,32200,0.0,0.0
2015-02-24 00:00:00+09:00,710.5543212890625,719.9037202533922,701.2049223247327,710.5543212890625,36200,0.0,0.0
2015-02-25 00:00:00+09:00,701.2049560546875,710.55435546875,701.2049560546875,701.2049560546875,40300,0.0,0.0
2015-02-26 00:00:00+09:00,701.2049223247327,710.5543212890625,701.2049223247327,710.5543212890625,53700,0.0,0.0
2015-02-27 00:00:00+09:00,710.5543278874577,710.5543278874577,691.8555297851562,691.8555297851562,87800,0.0,0.0
2015-03-02 00:00:00+09:00,691.855556640625,701.2049560546875,691.855556640625,701.2049560546875,46100,0.0,0.0
2015-03-03 00:00:00+09:00,691.855556640625,719.9037548828126,691.855556640625,701.2049560546875,70000,0.0,0.0
2015-03-04 00:00:00+09:00,710.5543348524305,766.6507297092013,710.5543348524305,757.3013305664062,536000,0.0,0.0
2015-03-05 00:00:00+09:00,766.6506958007812,785.3494932593369,747.9518983422256,766.6506958007812,250500,0.0,0.0
2015-03-06 00:00:00+09:00,757.3013305664062,766.6507297092013,747.9519314236111,757.3013305664062,92300,0.0,0.0
2015-03-09 00:00:00+09:00,757.3012970715034,766.6506958007812,747.9518983422256,766.6506958007812,67500,0.0,0.0
2015-03-10 00:00:00+09:00,757.301303100586,766.6507019042969,738.6025054931641,747.951904296875,58500,0.0,0.0
2015-03-11 00:00:00+09:00,738.6025390625,747.9519382911392,729.2531398338607,738.6025390625,60600,0.0,0.0
2015-03-12 00:00:00+09:00,747.951904296875,747.951904296875,738.6025054931641,747.951904296875,39900,0.0,0.0
2015-03-13 00:00:00+09:00,747.951904296875,757.301303100586,747.951904296875,747.951904296875,45800,0.0,0.0
2015-03-16 00:00:00+09:00,757.3013375197785,757.3013375197785,738.6025390625,738.6025390625,17500,0.0,0.0
2015-03-17 00:00:00+09:00,738.6025054931641,747.951904296875,738.6025054931641,747.951904296875,39500,0.0,0.0
2015-03-18 00:00:00+09:00,747.9519382911392,747.9519382911392,738.6025390625,738.6025390625,27700,0.0,0.0
2015-03-19 00:00:00+09:00,729.2531127929688,738.6025116749298,729.2531127929688,729.2531127929688,55300,0.0,0.0
2015-03-20 00:00:00+09:00,738.6025116749298,738.6025116749298,729.2531127929688,729.2531127929688,31400,0.0,0.0
2015-03-23 00:00:00+09:00,738.6025390625,747.9519382911392,729.2531398338607,738.6025390625,54400,0.0,0.0
2015-03-24 00:00:00+09:00,738.6025390625,738.6025390625,719.9037406052215,738.6025390625,59900,0.0,0.0
2015-03-25 00:00:00+09:00,729.2531127929688,738.6025116749298,729.2531127929688,729.2531127929688,42300,0.0,0.0
2015-03-26 00:00:00+09:00,719.9037139110076,729.2531127929688,719.9037139110076,729.2531127929688,49300,0.0,0.0
2015-03-27 00:00:00+09:00,719.9037202533922,729.253119217722,710.5543212890625,710.5543212890625,30400,0.0,0.0
2015-03-30 00:00:00+09:00,710.554348239651,719.9037475585938,710.554348239651,719.9037475585938,56500,0.0,0.0
2015-03-31 00:00:00+09:00,738.6025116749298,747.951910556891,729.2531127929688,729.2531127929688,52800,0.0,0.0
2015-04-01 00:00:00+09:00,719.9037475585938,719.9037475585938,701.2049489207081,719.9037475585938,68900,0.0,0.0
2015-04-02 00:00:00+09:00,729.2531127929688,729.2531127929688,719.9037139110076,729.2531127929688,24900,0.0,0.0
2015-04-03 00:00:00+09:00,729.2531127929688,729.2531127929688,719.9037139110076,729.2531127929688,10600,0.0,0.0
2015-04-06 00:00:00+09:00,729.253119217722,729.253119217722,710.5543212890625,710.5543212890625,38600,0.0,0.0
2015-04-07 00:00:00+09:00,729.2531398338607,738.6025390625,719.9037406052215,738.6025390625,49200,0.0,0.0
2015-04-08 00:00:00+09:00,738.6025322808159,757.3013305664062,738.6025322808159,757.3013305664062,86000,0.0,0.0
2015-04-09 00:00:00+09:00,757.3013375197785,757.3013375197785,729.2531398338607,738.6025390625,59500,0.0,0.0
2015-04-10 00:00:00+09:00,757.301303100586,757.301303100586,738.6025054931641,747.951904296875,34900,0.0,0.0
2015-04-13 00:00:00+09:00,747.9519382911392,747.9519382911392,738.6025390625,738.6025390625,33200,0.0,0.0
2015-04-14 00:00:00+09:00,747.951904296875,747.951904296875,738.6025054931641,747.951904296875,23800,0.0,0.0
2015-04-15 00:00:00+09:00,738.6025390625,747.9519382911392,738.6025390625,738.6025390625,28600,0.0,0.0
2015-04-16 00:00:00+09:00,738.6025116749298,738.6025116749298,729.2531127929688,729.2531127929688,43200,0.0,0.0
2015-04-17 00:00:00+09:00,729.2531127929688,738.6025116749298,729.2531127929688,729.2531127929688,30900,0.0,0.0
2015-04-20 00:00:00+09:00,729.2531127929688,738.6025116749298,729.2531127929688,729.2531127929688,16700,0.0,0.0
2015-04-21 00:00:00+09:00,729.2531127929688,738.6025116749298,729.2531127929688,729.2531127929688,9500,0.0,0.0
2015-04-22 00:00:00+09:00,729.2531398338607,738.6025390625,729.2531398338607,738.6025390625,35500,0.0,0.0
2015-04-23 00:00:00+09:00,729.2531127929688,738.6025116749298,729.2531127929688,729.2531127929688,28300,0.0,0.0
2015-04-24 00:00:00+09:00,729.2531127929688,738.6025116749298,719.9037139110076,729.2531127929688,32100,0.0,0.0
2015-04-27 00:00:00+09:00,729.2531127929688,738.6025116749298,719.9037139110076,729.2531127929688,18800,0.0,0.0
2015-04-28 00:00:00+09:00,719.9037202533922,729.253119217722,710.5543212890625,710.5543212890625,30900,0.0,0.0
2015-04-30 00:00:00+09:00,710.554348239651,719.9037475585938,710.554348239651,719.9037475585938,27500,0.0,0.0
2015-05-01 00:00:00+09:00,710.55435546875,719.9037548828126,701.2049560546875,701.2049560546875,43200,0.0,0.0
2015-05-07 00:00:00+09:00,701.2049560546875,710.55435546875,691.855556640625,701.2049560546875,39500,0.0,0.0
2015-05-08 00:00:00+09:00,701.2049223247327,719.9037202533922,701.2049223247327,710.5543212890625,37600,0.0,0.0
2015-05-11 00:00:00+09:00,710.5543212890625,719.9037202533922,710.5543212890625,710.5543212890625,16700,0.0,0.0
2015-05-12 00:00:00+09:00,701.2049223247327,719.9037202533922,701.2049223247327,710.5543212890625,27200,0.0,0.0
2015-05-13 00:00:00+09:00,710.554348239651,719.9037475585938,710.554348239651,719.9037475585938,34400,0.0,0.0
2015-05-14 00:00:00+09:00,710.55435546875,719.9037548828126,701.2049560546875,701.2049560546875,35400,0.0,0.0
2015-05-15 00:00:00+09:00,710.55435546875,719.9037548828126,701.2049560546875,701.2049560546875,36100,0.0,0.0
2015-05-18 00:00:00+09:00,691.855556640625,701.2049560546875,691.855556640625,701.2049560546875,62100,0.0,0.0
2015-05-19 00:00:00+09:00,701.2049489207081,719.9037475585938,701.2049489207081,719.9037475585938,51500,0.0,0.0
2015-05-20 00:00:00+09:00,710.5543212890625,710.5543212890625,701.2049223247327,710.5543212890625,59100,0.0,0.0
2015-05-21 00:00:00+09:00,710.5543212890625,719.9037202533922,701.2049223247327,710.5543212890625,46400,0.0,0.0
2015-05-22 00:00:00+09:00,710.55435546875,710.55435546875,701.2049560546875,701.2049560546875,26000,0.0,0.0
2015-05-25 00:00:00+09:00,710.5543212890625,719.9037202533922,701.2049223247327,710.5543212890625,21500,0.0,0.0
2015-05-26 00:00:00+09:00,710.5543212890625,719.9037202533922,710.5543212890625,710.5543212890625,16800,0.0,0.0
2015-05-27 00:00:00+09:00,719.9037406052215,738.6025390625,719.9037406052215,738.6025390625,51400,0.0,0.0
2015-05-28 00:00:00+09:00,747.9519382911392,757.3013375197785,738.6025390625,738.6025390625,79800,0.0,0.0
2015-05-29 00:00:00+09:00,747.951904296875,757.301303100586,738.6025054931641,747.951904296875,81100,0.0,0.0
2015-06-01 00:00:00+09:00,747.951904296875,757.301303100586,738.6025054931641,747.951904296875,78700,0.0,0.0
2015-06-02 00:00:00+09:00,747.951904296875,757.301303100586,747.951904296875,747.951904296875,41200,0.0,0.0
2015-06-03 00:00:00+09:00,757.3013305664062,757.3013305664062,747.9519314236111,757.3013305664062,43700,0.0,0.0
2015-06-04 00:00:00+09:00,757.301303100586,757.301303100586,729.2531066894531,747.951904296875,61400,0.0,0.0
2015-06-05 00:00:00+09:00,738.6025116749298,738.6025116749298,729.2531127929688,729.2531127929688,36300,0.0,0.0
2015-06-08 00:00:00+09:00,738.6025116749298,738.6025116749298,729.2531127929688,729.2531127929688,22600,0.0,0.0
2015-06-09 00:00:00+09:00,729.2531468775366,729.2531468775366,719.9037475585938,719.9037475585938,47900,0.0,0.0
2015-06-10 00:00:00+09:00,719.9037202533922,729.253119217722,710.5543212890625,710.5543212890625,16900,0.0,0.0
2015-06-11 00:00:00+09:00,710.5543150290464,729.2531127929688,710.5543150290464,729.2531127929688,27000,0.0,0.0
2015-06-12 00:00:00+09:00,719.9037202533922,729.253119217722,710.5543212890625,710.5543212890625,32600,0.0,0.0
2015-06-15 00:00:00+09:00,719.9037406052215,747.9519382911392,719.9037406052215,738.6025390625,62400,0.0,0.0
2015-06-16 00:00:00+09:00,738.6025390625,747.9519382911392,729.2531398338607,738.6025390625,87200,0.0,0.0
2015-06-17 00:00:00+09:00,747.951904296875,757.301303100586,738.6025054931641,747.951904296875,71000,0.0,0.0
2015-06-18 00:00:00+09:00,747.951945515422,747.951945515422,710.554348239651,719.9037475585938,56200,0.0,0.0
2015-06-19 00:00:00+09:00,719.9037475585938,729.2531468775366,710.554348239651,719.9037475585938,52500,0.0,0.0
2015-06-22 00:00:00+09:00,729.2531468775366,729.2531468775366,719.9037475585938,719.9037475585938,27600,0.0,0.0
2015-06-23 00:00:00+09:00,719.9037277037839,776.0001220703125,719.9037277037839,776.0001220703125,170000,0.0,0.0
2015-06-24 00:00:00+09:00,822.7470881764482,850.7952843642817,766.6506958007812,766.6506958007812,445500,0.0,0.0
2015-06-25 00:00:00+09:00,757.3012970715034,766.6506958007812,738.6024996129478,766.6506958007812,134100,0.0,0.0
2015-06-26 00:00:00+09:00,747.9519382911392,757.3013375197785,738.6025390625,738.6025390625,109200,0.0,0.0
2015-06-29 00:00:00+09:00,729.253119217722,729.253119217722,710.5543212890625,710.5543212890625,94700,0.0,0.0
2015-06-30 00:00:00+09:00,710.5543212890625,729.253119217722,710.5543212890625,710.5543212890625,93400,0.0,0.0
2015-07-01 00:00:00+09:00,729.2531398338607,747.9519382911392,719.9037406052215,738.6025390625,75500,0.0,0.0
2015-07-02 00:00:00+09:00,747.951945515422,747.951945515422,719.9037475585938,719.9037475585938,97200,0.0,0.0
2015-07-03 00:00:00+09:00,738.6025116749298,738.6025116749298,719.9037139110076,729.2531127929688,77100,0.0,0.0
2015-07-06 00:00:00+09:00,729.253119217722,729.253119217722,710.5543212890625,710.5543212890625,73100,0.0,0.0
2015-07-07 00:00:00+09:00,719.9037475585938,729.2531468775366,719.9037475585938,719.9037475585938,45000,0.0,0.0
2015-07-08 00:00:00+09:00,729.2531468775366,738.6025461964794,719.9037475585938,719.9037475585938,115000,0.0,0.0
2015-07-09 00:00:00+09:00,710.55435546875,710.55435546875,682.5061572265626,701.2049560546875,127700,0.0,0.0
2015-07-10 00:00:00+09:00,710.55435546875,710.55435546875,691.855556640625,701.2049560546875,91600,0.0,0.0
2015-07-13 00:00:00+09:00,710.554348239651,719.9037475585938,701.2049489207081,719.9037475585938,77100,0.0,0.0
2015-07-14 00:00:00+09:00,719.9037475585938,729.2531468775366,719.9037475585938,719.9037475585938,68100,0.0,0.0
2015-07-15 00:00:00+09:00,719.9037475585938,729.2531468775366,719.9037475585938,719.9037475585938,76400,0.0,0.0
2015-07-16 00:00:00+09:00,719.9037406052215,738.6025390625,719.9037406052215,738.6025390625,91600,0.0,0.0
2015-07-17 00:00:00+09:00,738.6025390625,747.9519382911392,729.2531398338607,738.6025390625,124000,0.0,0.0
2015-07-21 00:00:00+09:00,738.6025390625,747.9519382911392,738.6025390625,738.6025390625,68100,0.0,0.0
2015-07-22 00:00:00+09:00,738.6025054931641,757.301303100586,729.2531066894531,747.951904296875,117300,0.0,0.0
2015-07-23 00:00:00+09:00,747.951904296875,747.951904296875,738.6025054931641,747.951904296875,84800,0.0,0.0
2015-07-24 00:00:00+09:00,738.6025116749298,747.951910556891,729.2531127929688,729.2531127929688,117100,0.0,0.0
2015-07-27 00:00:00+09:00,738.6025116749298,747.951910556891,729.2531127929688,729.2531127929688,99200,0.0,0.0
2015-07-28 00:00:00+09:00,719.9037139110076,729.2531127929688,719.9037139110076,729.2531127929688,60300,0.0,0.0
2015-07-29 00:00:00+09:00,729.2531468775366,729.2531468775366,719.9037475585938,719.9037475585938,36400,0.0,0.0
2015-07-30 00:00:00+09:00,729.2531468775366,729.2531468775366,719.9037475585938,719.9037475585938,58200,0.0,0.0
2015-07-31 00:00:00+09:00,729.2531468775366,729.2531468775366,719.9037475585938,719.9037475585938,64500,0.0,0.0
2015-08-03 00:00:00+09:00,729.2531468775366,729.2531468775366,710.554348239651,719.9037475585938,49700,0.0,0.0
2015-08-04 00:00:00+09:00,719.9037475585938,729.2531468775366,719.9037475585938,719.9037475585938,61800,0.0,0.0
2015-08-05 00:00:00+09:00,719.9037475585938,729.2531468775366,719.9037475585938,719.9037475585938,42700,0.0,0.0
2015-08-06 00:00:00+09:00,729.2531468775366,729.2531468775366,719.9037475585938,719.9037475585938,37700,0.0,0.0
2015-08-07 00:00:00+09:00,719.9037475585938,729.2531468775366,710.554348239651,719.9037475585938,56000,0.0,0.0
2015-08-10 00:00:00+09:00,719.9037139110076,729.2531127929688,719.9037139110076,729.2531127929688,43700,0.0,0.0
2015-08-11 00:00:00+09:00,729.2531398338607,738.6025390625,719.9037406052215,738.6025390625,61800,0.0,0.0
2015-08-12 00:00:00+09:00,729.2531468775366,729.2531468775366,719.9037475585938,719.9037475585938,52500,0.0,0.0
2015-08-13 00:00:00+09:00,719.9037139110076,729.2531127929688,719.9037139110076,729.2531127929688,49700,0.0,0.0
2015-08-14 00:00:00+09:00,701.204928836307,701.204928836307,691.8555297851562,691.8555297851562,107500,0.0,0.0
2015-08-17 00:00:00+09:00,691.8555365668402,691.8555365668402,673.15673828125,673.15673828125,83800,0.0,0.0
2015-08-18 00:00:00+09:00,682.5061645507812,682.5061645507812,673.1567650363869,682.5061645507812,76100,0.0,0.0
2015-08-19 00:00:00+09:00,673.1567726672536,682.506172287632,663.807373046875,663.807373046875,61600,0.0,0.0
2015-08-20 00:00:00+09:00,663.807373046875,673.1567726672536,663.807373046875,663.807373046875,38800,0.0,0.0
2015-08-21 00:00:00+09:00,663.8073810079824,663.8073810079824,645.1085815429688,645.1085815429688,117300,0.0,0.0
2015-08-24 00:00:00+09:00,635.7591788999496,635.7591788999496,579.6627807617188,579.6627807617188,137500,0.0,0.0
2015-08-25 00:00:00+09:00,551.614501953125,598.3614936440678,532.9157052767479,551.614501953125,113400,0.0,0.0
2015-08-26 00:00:00+09:00,570.3133735656738,598.361572265625,560.9639739990234,598.361572265625,82000,0.0,0.0
2015-08-27 00:00:00+09:00,607.7109798308342,607.7109798308342,570.3133810720136,579.6627807617188,122800,0.0,0.0
2015-08-28 00:00:00+09:00,589.012139423077,607.7109375,589.012139423077,607.7109375,74500,0.0,0.0
2015-08-31 00:00:00+09:00,598.361572265625,598.361572265625,589.0121726989746,598.361572265625,66300,0.0,0.0
2015-09-01 00:00:00+09:00,589.0121459960938,598.3615451388889,589.0121459960938,589.0121459960938,137900,0.0,0.0
2015-09-02 00:00:00+09:00,570.3133810720136,589.0121804514239,570.3133810720136,579.6627807617188,78000,0.0,0.0
2015-09-03 00:00:00+09:00,570.3133544921875,589.012153000128,570.3133544921875,570.3133544921875,64900,0.0,0.0
2015-09-04 00:00:00+09:00,570.3133334455819,570.3133334455819,514.2169399919181,542.26513671875,125000,0.0,0.0
2015-09-07 00:00:00+09:00,542.26513671875,551.614535627694,523.5663389008621,542.26513671875,81600,0.0,0.0
2015-09-08 00:00:00+09:00,542.2651088781524,542.2651088781524,532.9157104492188,532.9157104492188,44400,0.0,0.0
2015-09-09 00:00:00+09:00,551.6145294189453,570.3133270263672,542.2651306152344,560.9639282226562,61600,0.0,0.0
2015-09-10 00:00:00+09:00,560.9639813823085,579.6627807617188,551.6145816926033,579.6627807617188,62900,0.0,0.0
2015-09-11 00:00:00+09:00,579.6627537461577,589.012153000128,560.9639552382172,570.3133544921875,84400,0.0,0.0
2015-09-14 00:00:00+09:00,579.6627537461577,579.6627537461577,570.3133544921875,570.3133544921875,60200,0.0,0.0
2015-09-15 00:00:00+09:00,589.012153000128,589.012153000128,570.3133544921875,570.3133544921875,80000,0.0,0.0
2015-09-16 00:00:00+09:00,589.0121804514239,589.0121804514239,579.6627807617188,579.6627807617188,57700,0.0,0.0
2015-09-17 00:00:00+09:00,579.6627731323242,598.361572265625,579.6627731323242,598.361572265625,41400,0.0,0.0
2015-09-18 00:00:00+09:00,589.0121459960938,589.0121459960938,579.6627468532986,589.0121459960938,40500,0.0,0.0
2015-09-24 00:00:00+09:00,579.6627258300781,579.6627258300781,560.9639282226562,560.9639282226562,51600,0.0,0.0
2015-09-25 00:00:00+09:00,560.9639813823085,579.6627807617188,560.9639813823085,579.6627807617188,22000,0.0,0.0
2015-09-28 00:00:00+09:00,589.0121804514239,589.0121804514239,579.6627807617188,579.6627807617188,17000,0.0,0.0
2015-09-29 00:00:00+09:00,570.3133270263672,570.3133270263672,560.9639282226562,560.9639282226562,39600,0.0,0.0
2015-09-30 00:00:00+09:00,551.614501953125,560.9639002913135,542.2651036149365,551.614501953125,69600,0.0,0.0
2015-10-01 00:00:00+09:00,560.9639552382172,570.3133544921875,551.6145559842469,570.3133544921875,35300,0.0,0.0
2015-10-02 00:00:00+09:00,570.3133270263672,570.3133270263672,560.9639282226562,560.9639282226562,40600,0.0,0.0
2015-10-05 00:00:00+09:00,560.9639552382172,579.6627537461577,560.9639552382172,570.3133544921875,40700,0.0,0.0
2015-10-06 00:00:00+09:00,570.3133810720136,579.6627807617188,560.9639813823085,579.6627807617188,52700,0.0,0.0
2015-10-07 00:00:00+09:00,570.3133810720136,579.6627807617188,560.9639813823085,579.6627807617188,34900,0.0,0.0
2015-10-08 00:00:00+09:00,579.6627537461577,579.6627537461577,570.3133544921875,570.3133544921875,51600,0.0,0.0
2015-10-09 00:00:00+09:00,570.3133477105034,589.0121459960938,570.3133477105034,589.0121459960938,98000,0.0,0.0
2015-10-13 00:00:00+09:00,579.6627807617188,579.6627807617188,570.3133810720136,579.6627807617188,56600,0.0,0.0
2015-10-14 00:00:00+09:00,570.3133270263672,570.3133270263672,560.9639282226562,560.9639282226562,67500,0.0,0.0
2015-10-15 00:00:00+09:00,551.6145559842469,570.3133544921875,551.6145559842469,570.3133544921875,67400,0.0,0.0
2015-10-16 00:00:00+09:00,570.3133270263672,570.3133270263672,560.9639282226562,560.9639282226562,70400,0.0,0.0
2015-10-19 00:00:00+09:00,560.9639282226562,570.3133270263672,551.6145294189453,560.9639282226562,52900,0.0,0.0
2015-10-20 00:00:00+09:00,560.9639002913135,560.9639002913135,551.614501953125,551.614501953125,62000,0.0,0.0
2015-10-21 00:00:00+09:00,551.6145294189453,560.9639282226562,551.6145294189453,560.9639282226562,56000,0.0,0.0
2015-10-22 00:00:00+09:00,560.9639282226562,560.9639282226562,551.6145294189453,560.9639282226562,34500,0.0,0.0
2015-10-23 00:00:00+09:00,560.9639002913135,560.9639002913135,551.614501953125,551.614501953125,28600,0.0,0.0
2015-10-26 00:00:00+09:00,560.9639002913135,560.9639002913135,551.614501953125,551.614501953125,50600,0.0,0.0
2015-10-27 00:00:00+09:00,560.9639002913135,560.9639002913135,551.614501953125,551.614501953125,51500,0.0,0.0
2015-10-28 00:00:00+09:00,560.9639282226562,560.9639282226562,551.6145294189453,560.9639282226562,43400,0.0,0.0
2015-10-29 00:00:00+09:00,560.9639282226562,570.3133270263672,560.9639282226562,560.9639282226562,55100,0.0,0.0
2015-10-30 00:00:00+09:00,560.9639282226562,560.9639282226562,551.6145294189453,560.9639282226562,47800,0.0,0.0
2015-11-02 00:00:00+09:00,551.614501953125,560.9639002913135,542.2651036149365,551.614501953125,58000,0.0,0.0
2015-11-04 00:00:00+09:00,551.614501953125,560.9639002913135,542.2651036149365,551.614501953125,63300,0.0,0.0
2015-11-05 00:00:00+09:00,542.2651036149365,560.9639002913135,542.2651036149365,551.614501953125,71900,0.0,0.0
2015-11-06 00:00:00+09:00,560.9639282226562,560.9639282226562,551.6145294189453,560.9639282226562,50000,0.0,0.0
2015-11-09 00:00:00+09:00,560.9639282226562,560.9639282226562,551.6145294189453,560.9639282226562,68400,0.0,0.0
2015-11-10 00:00:00+09:00,551.614501953125,560.9639002913135,551.614501953125,551.614501953125,53500,0.0,0.0
2015-11-11 00:00:00+09:00,551.614501953125,560.9639002913135,551.614501953125,551.614501953125,47800,0.0,0.0
2015-11-12 00:00:00+09:00,542.2651036149365,551.614501953125,542.2651036149365,551.614501953125,96200,0.0,0.0
2015-11-13 00:00:00+09:00,542.2651088781524,551.614507307086,523.5663120202851,532.9157104492188,118800,0.0,0.0
2015-11-16 00:00:00+09:00,523.5663120202851,532.9157104492188,523.5663120202851,532.9157104492188,87000,0.0,0.0
2015-11-17 00:00:00+09:00,532.9157104492188,532.9157104492188,523.5663120202851,532.9157104492188,79600,0.0,0.0
2015-11-18 00:00:00+09:00,514.216983936451,523.5663836443865,504.8675842285156,504.8675842285156,90700,0.0,0.0
2015-11-19 00:00:00+09:00,504.86751516241776,532.9157104492188,504.86751516241776,532.9157104492188,121600,0.0,0.0
2015-11-20 00:00:00+09:00,523.5663120202851,532.9157104492188,514.2169135913514,532.9157104492188,59500,0.0,0.0
2015-11-24 00:00:00+09:00,532.9157052767479,551.614501953125,523.5663069385594,551.614501953125,119400,0.0,0.0
2015-11-25 00:00:00+09:00,551.614501953125,551.614501953125,542.2651036149365,551.614501953125,61400,0.0,0.0
2015-11-26 00:00:00+09:00,542.26513671875,542.26513671875,532.915737809806,542.26513671875,87500,0.0,0.0
2015-11-27 00:00:00+09:00,532.9157104492188,542.2651088781524,532.9157104492188,532.9157104492188,59700,0.0,0.0
2015-11-30 00:00:00+09:00,542.2651036149365,551.614501953125,532.9157052767479,551.614501953125,54300,0.0,0.0
2015-12-01 00:00:00+09:00,551.614535627694,551.614535627694,542.26513671875,542.26513671875,57200,0.0,0.0
2015-12-02 00:00:00+09:00,542.2651036149365,551.614501953125,542.2651036149365,551.614501953125,51800,0.0,0.0
2015-12-03 00:00:00+09:00,542.26513671875,551.614535627694,542.26513671875,542.26513671875,59800,0.0,0.0
2015-12-04 00:00:00+09:00,542.2651088781524,542.2651088781524,532.9157104492188,532.9157104492188,50400,0.0,0.0
2015-12-07 00:00:00+09:00,542.26513671875,551.614535627694,542.26513671875,542.26513671875,75600,0.0,0.0
2015-12-08 00:00:00+09:00,551.614535627694,551.614535627694,532.915737809806,542.26513671875,108300,0.0,0.0
2015-12-09 00:00:00+09:00,542.265143258231,542.265143258231,523.5663452148438,523.5663452148438,63800,0.0,0.0
2015-12-10 00:00:00+09:00,523.5663452148438,523.5663452148438,514.2169461931501,523.5663452148438,80400,0.0,0.0
2015-12-11 00:00:00+09:00,523.5663452148438,523.5663452148438,514.2169461931501,523.5663452148438,102500,0.0,0.0
2015-12-14 00:00:00+09:00,504.8675842285156,514.216983936451,504.8675842285156,504.8675842285156,100600,0.0,0.0
2015-12-15 00:00:00+09:00,514.2169638241038,514.2169638241038,476.8193664550781,476.8193664550781,212000,0.0,0.0
2015-12-16 00:00:00+09:00,486.16876220703125,495.51816148024335,476.8193629338191,486.16876220703125,164100,0.0,0.0
2015-12-17 00:00:00+09:00,495.51816148024335,495.51816148024335,486.16876220703125,486.16876220703125,176200,0.0,0.0
2015-12-18 00:00:00+09:00,495.51816148024335,495.51816148024335,476.8193629338191,486.16876220703125,207600,0.0,0.0
2015-12-21 00:00:00+09:00,486.1687377929688,486.1687377929688,467.4699401855469,467.4699401855469,177000,0.0,0.0
2015-12-22 00:00:00+09:00,467.46994992519944,467.46994992519944,430.0723539311835,439.4217529296875,258100,0.0,0.0
2015-12-24 00:00:00+09:00,430.07236056857636,439.4217597113715,420.72296142578125,420.72296142578125,255200,0.0,0.0
2015-12-25 00:00:00+09:00,420.72296142578125,420.72296142578125,420.72296142578125,420.72296142578125,0,0.0,0.0
2015-12-28 00:00:00+09:00,420.7229518890381,458.1205476125081,420.7229518890381,448.7711486816406,77800,0.0,0.0
2015-12-29 00:00:00+09:00,439.42174670161035,458.12054443359375,439.42174670161035,458.12054443359375,53700,0.0,0.0
2015-12-30 00:00:00+09:00,448.771142578125,467.4699401855469,448.771142578125,467.4699401855469,72600,0.0,0.0
2016-01-04 00:00:00+09:00,467.46994329958545,476.81934216557715,458.12054443359375,458.12054443359375,63000,0.0,0.0
2016-01-05 00:00:00+09:00,458.12054443359375,458.12054443359375,448.77114556760205,458.12054443359375,50200,0.0,0.0
2016-01-06 00:00:00+09:00,458.12054443359375,476.81934216557715,458.12054443359375,458.12054443359375,65500,0.0,0.0
2016-01-07 00:00:00+09:00,448.7711519281915,458.1205509266955,439.4217529296875,439.4217529296875,42600,0.0,0.0
2016-01-08 00:00:00+09:00,439.4217529296875,448.7711519281915,439.4217529296875,439.4217529296875,45100,0.0,0.0
2016-01-12 00:00:00+09:00,439.4217671239099,439.4217671239099,402.024169921875,402.024169921875,68700,0.0,0.0
2016-01-13 00:00:00+09:00,411.3735622829861,430.07236056857636,411.3735622829861,420.72296142578125,39200,0.0,0.0
2016-01-14 00:00:00+09:00,411.3735692223837,411.3735692223837,402.024169921875,402.024169921875,52400,0.0,0.0
2016-01-15 00:00:00+09:00,411.3735656738281,420.72296489368784,411.3735656738281,411.3735656738281,32500,0.0,0.0
2016-01-18 00:00:00+09:00,392.67474365234375,392.67474365234375,383.3253449939546,392.67474365234375,53900,0.0,0.0
2016-01-19 00:00:00+09:00,392.67474365234375,402.0241423107329,392.67474365234375,392.67474365234375,27600,0.0,0.0
2016-01-20 00:00:00+09:00,392.6747497558594,402.02414855957034,373.9759521484375,373.9759521484375,80800,0.0,0.0
2016-01-21 00:00:00+09:00,383.3253541604066,383.3253541604066,364.6265563964844,364.6265563964844,52000,0.0,0.0
2016-01-22 00:00:00+09:00,383.3253449939546,392.67474365234375,364.62654767717635,392.67474365234375,89400,0.0,0.0
2016-01-25 00:00:00+09:00,383.3253449939546,392.67474365234375,373.9759463355655,392.67474365234375,60500,0.0,0.0
2016-01-26 00:00:00+09:00,373.9759521484375,383.3253509521484,373.9759521484375,373.9759521484375,52900,0.0,0.0
2016-01-27 00:00:00+09:00,373.9759521484375,383.3253509521484,373.9759521484375,373.9759521484375,27900,0.0,0.0
2016-01-28 00:00:00+09:00,383.3253509521484,383.3253509521484,373.9759521484375,373.9759521484375,60900,0.0,0.0
2016-01-29 00:00:00+09:00,373.9759491711128,383.3253479003906,364.626550441835,383.3253479003906,84900,0.0,0.0
2016-02-01 00:00:00+09:00,402.0241423107329,402.0241423107329,383.3253449939546,392.67474365234375,76400,0.0,0.0
2016-02-02 00:00:00+09:00,383.3253509521484,392.6747497558594,373.9759521484375,373.9759521484375,50400,0.0,0.0
2016-02-03 00:00:00+09:00,373.9759521484375,373.9759521484375,364.6265533447266,373.9759521484375,67700,0.0,0.0
2016-02-04 00:00:00+09:00,364.6265563964844,373.9759552784455,364.6265563964844,364.6265563964844,65200,0.0,0.0
2016-02-05 00:00:00+09:00,364.6265563964844,373.9759552784455,355.2771575145232,364.6265563964844,69800,0.0,0.0
2016-02-08 00:00:00+09:00,364.6265563964844,373.9759552784455,355.2771575145232,364.6265563964844,50400,0.0,0.0
2016-02-09 00:00:00+09:00,364.626559608861,364.626559608861,355.27716064453125,355.27716064453125,38000,0.0,0.0
2016-02-10 00:00:00+09:00,355.27716742621527,355.27716742621527,336.578369140625,336.578369140625,116500,0.0,0.0
2016-02-12 00:00:00+09:00,317.8795813358191,327.2289807868726,308.5301818847656,308.5301818847656,63600,0.0,0.0
2016-02-15 00:00:00+09:00,327.2289733886719,336.57837262834823,317.8795741489955,327.2289733886719,37500,0.0,0.0
2016-02-16 00:00:00+09:00,327.2289733886719,336.57837262834823,317.8795741489955,327.2289733886719,27000,0.0,0.0
2016-02-17 00:00:00+09:00,336.578369140625,336.578369140625,327.22896999782984,336.578369140625,29100,0.0,0.0
2016-02-18 00:00:00+09:00,345.9277586325621,392.67475304236774,345.9277586325621,364.6265563964844,119000,0.0,0.0
2016-02-19 00:00:00+09:00,364.6265563964844,373.9759552784455,355.2771575145232,364.6265563964844,32800,0.0,0.0
2016-02-22 00:00:00+09:00,364.6265563964844,373.9759552784455,364.6265563964844,364.6265563964844,17300,0.0,0.0
2016-02-23 00:00:00+09:00,373.9759521484375,383.3253509521484,364.6265533447266,373.9759521484375,38600,0.0,0.0
2016-02-24 00:00:00+09:00,373.9759552784455,373.9759552784455,364.6265563964844,364.6265563964844,28900,0.0,0.0
2016-02-25 00:00:00+09:00,373.9759552784455,383.3253541604066,364.6265563964844,364.6265563964844,43100,0.0,0.0
2016-02-26 00:00:00+09:00,373.9759521484375,383.3253509521484,373.9759521484375,373.9759521484375,50100,0.0,0.0
2016-02-29 00:00:00+09:00,383.3253509521484,383.3253509521484,373.9759521484375,373.9759521484375,56200,0.0,0.0
2016-03-01 00:00:00+09:00,392.67474662966845,392.67474662966845,373.9759491711128,383.3253479003906,66800,0.0,0.0
2016-03-02 00:00:00+09:00,383.3253449939546,392.67474365234375,373.9759463355655,392.67474365234375,82000,0.0,0.0
2016-03-03 00:00:00+09:00,383.3253449939546,392.67474365234375,383.3253449939546,392.67474365234375,41000,0.0,0.0
2016-03-04 00:00:00+09:00,392.6747706213663,411.3735692223837,392.6747706213663,402.024169921875,68400,0.0,0.0
2016-03-07 00:00:00+09:00,402.0241423107329,402.0241423107329,392.67474365234375,392.67474365234375,50600,0.0,0.0
2016-03-08 00:00:00+09:00,392.67474662966845,392.67474662966845,383.3253479003906,383.3253479003906,84600,0.0,0.0
2016-03-09 00:00:00+09:00,383.3253479003906,383.3253479003906,373.9759491711128,383.3253479003906,43500,0.0,0.0
2016-03-10 00:00:00+09:00,383.3253479003906,392.67474662966845,373.9759491711128,383.3253479003906,48100,0.0,0.0
2016-03-11 00:00:00+09:00,383.3253449939546,392.67474365234375,383.3253449939546,392.67474365234375,52000,0.0,0.0
2016-03-14 00:00:00+09:00,392.67474365234375,402.0241423107329,383.3253449939546,392.67474365234375,41700,0.0,0.0
2016-03-15 00:00:00+09:00,392.67474365234375,402.0241423107329,392.67474365234375,392.67474365234375,30100,0.0,0.0
2016-03-16 00:00:00+09:00,392.67474365234375,402.0241423107329,383.3253449939546,392.67474365234375,18100,0.0,0.0
2016-03-17 00:00:00+09:00,392.6747706213663,402.024169921875,383.3253713208575,402.024169921875,38600,0.0,0.0
2016-03-18 00:00:00+09:00,392.67474365234375,392.67474365234375,383.3253449939546,392.67474365234375,11700,0.0,0.0
2016-03-22 00:00:00+09:00,392.6747706213663,402.024169921875,392.6747706213663,402.024169921875,18800,0.0,0.0
2016-03-23 00:00:00+09:00,402.0241423107329,402.0241423107329,392.67474365234375,392.67474365234375,22100,0.0,0.0
2016-03-24 00:00:00+09:00,392.67474662966845,392.67474662966845,383.3253479003906,383.3253479003906,39900,0.0,0.0
2016-03-25 00:00:00+09:00,383.3253713208575,402.024169921875,383.3253713208575,402.024169921875,40000,0.0,0.0
2016-03-28 00:00:00+09:00,402.024169921875,402.024169921875,383.3253713208575,402.024169921875,16000,0.0,0.0
2016-03-29 00:00:00+09:00,392.6747706213663,402.024169921875,392.6747706213663,402.024169921875,15400,0.0,0.0
2016-03-30 00:00:00+09:00,392.67474365234375,402.0241423107329,392.67474365234375,392.67474365234375,40300,0.0,0.0
2016-03-31 00:00:00+09:00,392.67474365234375,392.67474365234375,383.3253449939546,392.67474365234375,43900,0.0,0.0
2016-04-01 00:00:00+09:00,392.67474662966845,392.67474662966845,383.3253479003906,383.3253479003906,46800,0.0,0.0
2016-04-04 00:00:00+09:00,383.3253449939546,392.67474365234375,383.3253449939546,392.67474365234375,31300,0.0,0.0
2016-04-05 00:00:00+09:00,383.3253509521484,383.3253509521484,373.9759521484375,373.9759521484375,59000,0.0,0.0
2016-04-06 00:00:00+09:00,373.9759521484375,373.9759521484375,364.6265533447266,373.9759521484375,47600,0.0,0.0
2016-04-07 00:00:00+09:00,373.9759521484375,383.3253509521484,373.9759521484375,373.9759521484375,57900,0.0,0.0
2016-04-08 00:00:00+09:00,373.9759521484375,383.3253509521484,364.6265533447266,373.9759521484375,49200,0.0,0.0
2016-04-11 00:00:00+09:00,392.6747497558594,392.6747497558594,373.9759521484375,373.9759521484375,50200,0.0,0.0
2016-04-12 00:00:00+09:00,383.3253479003906,392.67474662966845,383.3253479003906,383.3253479003906,27400,0.0,0.0
2016-04-13 00:00:00+09:00,383.3253449939546,402.0241423107329,383.3253449939546,392.67474365234375,75400,0.0,0.0
2016-04-14 00:00:00+09:00,402.0241664539684,411.3735656738281,392.67476723410863,411.3735656738281,46500,0.0,0.0
2016-04-15 00:00:00+09:00,411.3735656738281,411.3735656738281,402.0241664539684,411.3735656738281,32600,0.0,0.0
2016-04-18 00:00:00+09:00,411.373540969122,411.373540969122,383.3253449939546,392.67474365234375,62800,0.0,0.0
2016-04-19 00:00:00+09:00,402.0241664539684,411.3735656738281,392.67476723410863,411.3735656738281,25400,0.0,0.0
2016-04-20 00:00:00+09:00,411.3735656738281,411.3735656738281,402.0241664539684,411.3735656738281,32600,0.0,0.0
2016-04-21 00:00:00+09:00,411.3735656738281,420.72296489368784,411.3735656738281,411.3735656738281,76500,0.0,0.0
2016-04-22 00:00:00+09:00,411.3735656738281,411.3735656738281,402.0241664539684,411.3735656738281,38300,0.0,0.0
2016-04-25 00:00:00+09:00,411.3735656738281,420.72296489368784,402.0241664539684,411.3735656738281,30700,0.0,0.0
2016-04-26 00:00:00+09:00,411.3735656738281,411.3735656738281,402.0241664539684,411.3735656738281,41300,0.0,0.0
2016-04-27 00:00:00+09:00,411.3735692223837,411.3735692223837,402.024169921875,402.024169921875,40900,0.0,0.0
2016-04-28 00:00:00+09:00,411.373540969122,411.373540969122,392.67474365234375,392.67474365234375,41100,0.0,0.0
2016-05-02 00:00:00+09:00,383.3253509521484,392.6747497558594,373.9759521484375,373.9759521484375,85600,0.0,0.0
2016-05-06 00:00:00+09:00,383.3253479003906,383.3253479003906,373.9759491711128,383.3253479003906,30500,0.0,0.0
2016-05-09 00:00:00+09:00,383.3253479003906,392.67474662966845,383.3253479003906,383.3253479003906,29200,0.0,0.0
2016-05-10 00:00:00+09:00,392.67474365234375,392.67474365234375,383.3253449939546,392.67474365234375,16600,0.0,0.0
2016-05-11 00:00:00+09:00,392.67474365234375,402.0241423107329,392.67474365234375,392.67474365234375,32700,0.0,0.0
2016-05-12 00:00:00+09:00,392.6747706213663,402.024169921875,383.3253713208575,402.024169921875,37400,0.0,0.0
2016-05-13 00:00:00+09:00,383.3253509521484,392.6747497558594,364.6265533447266,373.9759521484375,111200,0.0,0.0
2016-05-16 00:00:00+09:00,373.9759552784455,373.9759552784455,364.6265563964844,364.6265563964844,41500,0.0,0.0
2016-05-17 00:00:00+09:00,364.6265563964844,373.9759552784455,355.2771575145232,364.6265563964844,75900,0.0,0.0
2016-05-18 00:00:00+09:00,364.626559608861,364.626559608861,355.27716064453125,355.27716064453125,52900,0.0,0.0
2016-05-19 00:00:00+09:00,364.626559608861,364.626559608861,355.27716064453125,355.27716064453125,61900,0.0,0.0
2016-05-20 00:00:00+09:00,364.6265563964844,364.6265563964844,355.2771575145232,364.6265563964844,49400,0.0,0.0
2016-05-23 00:00:00+09:00,364.6265563964844,364.6265563964844,355.2771575145232,364.6265563964844,63500,0.0,0.0
2016-05-24 00:00:00+09:00,355.2771575145232,364.6265563964844,355.2771575145232,364.6265563964844,50700,0.0,0.0
2016-05-25 00:00:00+09:00,364.6265563964844,364.6265563964844,355.2771575145232,364.6265563964844,53700,0.0,0.0
2016-05-26 00:00:00+09:00,373.9759552784455,373.9759552784455,355.2771575145232,364.6265563964844,62500,0.0,0.0
2016-05-27 00:00:00+09:00,355.2771575145232,364.6265563964844,355.2771575145232,364.6265563964844,46700,0.0,0.0
2016-05-30 00:00:00+09:00,355.27716064453125,364.626559608861,355.27716064453125,355.27716064453125,49200,0.0,0.0
2016-05-31 00:00:00+09:00,355.27716064453125,364.626559608861,355.27716064453125,355.27716064453125,58600,0.0,0.0
2016-06-01 00:00:00+09:00,355.27716064453125,364.626559608861,345.92776168020146,355.27716064453125,88200,0.0,0.0
2016-06-02 00:00:00+09:00,355.27716394372885,355.27716394372885,345.9277648925781,345.9277648925781,62200,0.0,0.0
2016-06-03 00:00:00+09:00,345.9277648925781,355.27716394372885,336.57836584142734,345.9277648925781,87900,0.0,0.0
2016-06-06 00:00:00+09:00,336.57836584142734,345.9277648925781,336.57836584142734,345.9277648925781,77500,0.0,0.0
2016-06-07 00:00:00+09:00,345.92776168020146,355.27716064453125,336.5783627158717,355.27716064453125,51600,0.0,0.0
2016-06-08 00:00:00+09:00,345.9277648925781,355.27716394372885,345.9277648925781,345.9277648925781,36400,0.0,0.0
2016-06-09 00:00:00+09:00,345.9277682834201,355.27716742621527,336.578369140625,336.578369140625,30600,0.0,0.0
2016-06-10 00:00:00+09:00,336.57837262834823,345.92777186802454,327.2289733886719,327.2289733886719,86200,0.0,0.0
2016-06-13 00:00:00+09:00,327.2289667902766,345.9277648925781,327.2289667902766,345.9277648925781,97200,0.0,0.0
2016-06-14 00:00:00+09:00,345.92777186802454,345.92777186802454,327.2289733886719,327.2289733886719,87300,0.0,0.0
2016-06-15 00:00:00+09:00,327.2289637515419,355.27716064453125,327.2289637515419,355.27716064453125,84900,0.0,0.0
2016-06-16 00:00:00+09:00,345.9277682834201,345.9277682834201,327.22896999782984,336.578369140625,101600,0.0,0.0
2016-06-17 00:00:00+09:00,336.57836584142734,345.9277648925781,336.57836584142734,345.9277648925781,40100,0.0,0.0
2016-06-20 00:00:00+09:00,345.9277682834201,345.9277682834201,336.578369140625,336.578369140625,39600,0.0,0.0
2016-06-21 00:00:00+09:00,345.9277648925781,345.9277648925781,336.57836584142734,345.9277648925781,31400,0.0,0.0
2016-06-22 00:00:00+09:00,345.9277648925781,345.9277648925781,336.57836584142734,345.9277648925781,61600,0.0,0.0
2016-06-23 00:00:00+09:00,345.92776168020146,364.626559608861,345.92776168020146,355.27716064453125,59100,0.0,0.0
2016-06-24 00:00:00+09:00,355.27716742621527,355.27716742621527,327.22896999782984,336.578369140625,84800,0.0,0.0
2016-06-27 00:00:00+09:00,327.2289733886719,336.57837262834823,327.2289733886719,327.2289733886719,58400,0.0,0.0
2016-06-28 00:00:00+09:00,327.2289733886719,336.57837262834823,327.2289733886719,327.2289733886719,60200,0.0,0.0
2016-06-29 00:00:00+09:00,336.578369140625,336.578369140625,327.22896999782984,336.578369140625,45500,0.0,0.0
2016-06-30 00:00:00+09:00,345.9277682834201,345.9277682834201,336.578369140625,336.578369140625,35300,0.0,0.0
2016-07-01 00:00:00+09:00,345.9277648925781,345.9277648925781,336.57836584142734,345.9277648925781,30100,0.0,0.0
2016-07-04 00:00:00+09:00,336.57836584142734,355.27716394372885,336.57836584142734,345.9277648925781,57800,0.0,0.0
2016-07-05 00:00:00+09:00,345.9277648925781,345.9277648925781,336.57836584142734,345.9277648925781,31600,0.0,0.0
2016-07-06 00:00:00+09:00,345.9277682834201,345.9277682834201,336.578369140625,336.578369140625,28800,0.0,0.0
2016-07-07 00:00:00+09:00,345.9277648925781,355.27716394372885,345.9277648925781,345.9277648925781,34000,0.0,0.0
2016-07-08 00:00:00+09:00,345.9277682834201,355.27716742621527,336.578369140625,336.578369140625,40300,0.0,0.0
2016-07-11 00:00:00+09:00,336.578369140625,336.578369140625,336.578369140625,336.578369140625,0,0.0,0.0
2016-07-12 00:00:00+09:00,345.92776168020146,355.27716064453125,345.92776168020146,355.27716064453125,41700,0.0,0.0
2016-07-13 00:00:00+09:00,355.27716064453125,364.626559608861,355.27716064453125,355.27716064453125,49100,0.0,0.0
2016-07-14 00:00:00+09:00,364.626559608861,364.626559608861,355.27716064453125,355.27716064453125,36600,0.0,0.0
2016-07-15 00:00:00+09:00,364.6265533447266,373.9759521484375,355.27715454101565,373.9759521484375,88800,0.0,0.0
2016-07-19 00:00:00+09:00,373.9759552784455,383.3253541604066,364.6265563964844,364.6265563964844,45900,0.0,0.0
2016-07-20 00:00:00+09:00,364.6265563964844,373.9759552784455,364.6265563964844,364.6265563964844,12100,0.0,0.0
2016-07-21 00:00:00+09:00,373.9759491711128,383.3253479003906,364.626550441835,383.3253479003906,44500,0.0,0.0
2016-07-22 00:00:00+09:00,373.9759552784455,373.9759552784455,364.6265563964844,364.6265563964844,35900,0.0,0.0
2016-07-25 00:00:00+09:00,364.6265533447266,373.9759521484375,364.6265533447266,373.9759521484375,30600,0.0,0.0
2016-07-26 00:00:00+09:00,373.9759552784455,373.9759552784455,364.6265563964844,364.6265563964844,33500,0.0,0.0
2016-07-27 00:00:00+09:00,364.6265563964844,373.9759552784455,364.6265563964844,364.6265563964844,45300,0.0,0.0
2016-07-28 00:00:00+09:00,364.626559608861,373.9759585731908,355.27716064453125,355.27716064453125,40700,0.0,0.0
2016-07-29 00:00:00+09:00,355.2771575145232,364.6265563964844,355.2771575145232,364.6265563964844,38600,0.0,0.0
2016-08-01 00:00:00+09:00,355.27716394372885,355.27716394372885,345.9277648925781,345.9277648925781,31300,0.0,0.0
2016-08-02 00:00:00+09:00,355.27716394372885,355.27716394372885,345.9277648925781,345.9277648925781,23100,0.0,0.0
2016-08-03 00:00:00+09:00,345.9277648925781,355.27716394372885,345.9277648925781,345.9277648925781,53700,0.0,0.0
2016-08-04 00:00:00+09:00,345.9277586325621,364.6265563964844,345.9277586325621,364.6265563964844,32700,0.0,0.0
2016-08-05 00:00:00+09:00,364.6265563964844,364.6265563964844,355.2771575145232,364.6265563964844,31500,0.0,0.0
2016-08-08 00:00:00+09:00,373.9759546396684,542.2651342275192,364.62655577367667,458.12054443359375,2689200,0.0,0.0
2016-08-09 00:00:00+09:00,476.81934892370344,495.51814692071144,420.7229549326795,439.4217529296875,1121800,0.0,0.0
2016-08-10 00:00:00+09:00,430.0723539311835,439.4217529296875,411.37355593417556,439.4217529296875,278800,0.0,0.0
2016-08-12 00:00:00+09:00,430.0723571777344,430.0723571777344,411.373559039572,430.0723571777344,140400,0.0,0.0
2016-08-15 00:00:00+09:00,420.72296142578125,430.07236056857636,411.3735622829861,420.72296142578125,85700,0.0,0.0
2016-08-16 00:00:00+09:00,430.07236411354756,430.07236411354756,411.3735656738281,411.3735656738281,107200,0.0,0.0
2016-08-17 00:00:00+09:00,420.72296489368784,420.72296489368784,411.3735656738281,411.3735656738281,43500,0.0,0.0
2016-08-18 00:00:00+09:00,411.3735656738281,420.72296489368784,411.3735656738281,411.3735656738281,46600,0.0,0.0
2016-08-19 00:00:00+09:00,411.3735692223837,420.7229685228924,402.024169921875,402.024169921875,62100,0.0,0.0
2016-08-22 00:00:00+09:00,420.72296142578125,430.07236056857636,411.3735622829861,420.72296142578125,73600,0.0,0.0
2016-08-23 00:00:00+09:00,420.72296489368784,430.07236411354756,411.3735656738281,411.3735656738281,51900,0.0,0.0
2016-08-24 00:00:00+09:00,420.72296489368784,420.72296489368784,411.3735656738281,411.3735656738281,59400,0.0,0.0
2016-08-25 00:00:00+09:00,411.3735622829861,420.72296142578125,402.024163140191,420.72296142578125,53300,0.0,0.0
2016-08-26 00:00:00+09:00,420.72296142578125,430.07236056857636,411.3735622829861,420.72296142578125,38200,0.0,0.0
2016-08-29 00:00:00+09:00,430.07236056857636,439.4217597113715,420.72296142578125,420.72296142578125,91900,0.0,0.0
2016-08-30 00:00:00+09:00,430.0723539311835,458.1205509266955,430.0723539311835,439.4217529296875,182200,0.0,0.0
2016-08-31 00:00:00+09:00,448.77116842830884,486.1687657973346,439.4217690860524,476.8193664550781,284200,0.0,0.0
2016-09-01 00:00:00+09:00,476.81938510470917,504.8675842285156,467.4699853967737,504.8675842285156,206300,0.0,0.0
2016-09-02 00:00:00+09:00,486.1687657973346,514.2169638241038,476.8193664550781,476.8193664550781,167400,0.0,0.0
2016-09-05 00:00:00+09:00,495.51816148024335,504.8675607534555,476.8193629338191,486.16876220703125,118800,0.0,0.0
2016-09-06 00:00:00+09:00,504.8675204190341,560.9639115767046,504.8675204190341,514.2169189453125,1093600,0.0,0.0
2016-09-07 00:00:00+09:00,514.2169086003707,560.9639002913135,504.8675102621822,551.614501953125,383300,0.0,0.0
2016-09-08 00:00:00+09:00,560.9639002913135,579.6626969676906,532.9157052767479,551.614501953125,349400,0.0,0.0
2016-09-09 00:00:00+09:00,542.26513671875,551.614535627694,532.915737809806,542.26513671875,100900,0.0,0.0
2016-09-12 00:00:00+09:00,542.2651088781524,551.614507307086,532.9157104492188,532.9157104492188,137800,0.0,0.0
2016-09-13 00:00:00+09:00,532.9157104492188,542.2651088781524,532.9157104492188,532.9157104492188,64300,0.0,0.0
2016-09-14 00:00:00+09:00,523.5663452148438,532.9157442365374,514.2169461931501,523.5663452148438,162800,0.0,0.0
2016-09-15 00:00:00+09:00,514.2169189453125,523.566317471591,504.8675204190341,514.2169189453125,62900,0.0,0.0
2016-09-16 00:00:00+09:00,523.5663452148438,523.5663452148438,514.2169461931501,523.5663452148438,32700,0.0,0.0
2016-09-20 00:00:00+09:00,514.2169461931501,523.5663452148438,514.2169461931501,523.5663452148438,44200,0.0,0.0
2016-09-21 00:00:00+09:00,532.9157104492188,532.9157104492188,523.5663120202851,532.9157104492188,42600,0.0,0.0
2016-09-23 00:00:00+09:00,532.9157104492188,532.9157104492188,514.2169135913514,532.9157104492188,61300,0.0,0.0
2016-09-26 00:00:00+09:00,523.5663069385594,570.3132986295021,523.5663069385594,551.614501953125,224000,0.0,0.0
2016-09-27 00:00:00+09:00,551.614535627694,551.614535627694,523.5663389008621,542.26513671875,118900,0.0,0.0
2016-09-28 00:00:00+09:00,542.2651036149365,551.614501953125,542.2651036149365,551.614501953125,119500,0.0,0.0
2016-09-29 00:00:00+09:00,551.6145294189453,560.9639282226562,542.2651306152344,560.9639282226562,50400,0.0,0.0
2016-09-30 00:00:00+09:00,570.3133544921875,617.0603507620389,551.6145559842469,570.3133544921875,370200,0.0,0.0
2016-10-03 00:00:00+09:00,579.6627403846154,617.0603365384616,579.6627403846154,607.7109375,293500,0.0,0.0
2016-10-04 00:00:00+09:00,607.7109753246039,710.5543711487676,607.7109753246039,663.807373046875,1138300,0.0,0.0
2016-10-05 00:00:00+09:00,673.1567726672536,673.1567726672536,645.108573806118,663.807373046875,235700,0.0,0.0
2016-10-06 00:00:00+09:00,663.8073810079824,673.1567807404891,635.759181810462,645.1085815429688,205100,0.0,0.0
2016-10-07 00:00:00+09:00,635.7591417100695,682.506137424045,635.7591417100695,673.15673828125,232900,0.0,0.0
2016-10-11 00:00:00+09:00,673.1567578125,710.55435546875,673.1567578125,701.2049560546875,287300,0.0,0.0
2016-10-12 00:00:00+09:00,691.8555437360491,710.5543422154018,645.1085475376674,654.4579467773438,326500,0.0,0.0
2016-10-13 00:00:00+09:00,663.8073460170201,673.1567452566965,645.1085475376674,654.4579467773438,149200,0.0,0.0
2016-10-14 00:00:00+09:00,654.4579812754755,654.4579812754755,635.759181810462,645.1085815429688,172500,0.0,0.0
2016-10-17 00:00:00+09:00,635.7591741857394,663.807373046875,635.7591741857394,663.807373046875,130300,0.0,0.0
2016-10-18 00:00:00+09:00,654.4579734264964,673.1567726672536,654.4579734264964,663.807373046875,85300,0.0,0.0
2016-10-19 00:00:00+09:00,673.15673828125,682.506137424045,663.8073391384548,673.15673828125,81300,0.0,0.0
2016-10-20 00:00:00+09:00,682.5061307340054,701.204928836307,682.5061307340054,691.8555297851562,154400,0.0,0.0
2016-10-21 00:00:00+09:00,710.554348239651,738.6025461964794,701.2049489207081,719.9037475585938,348600,0.0,0.0
2016-10-24 00:00:00+09:00,729.2531398338607,747.9519382911392,729.2531398338607,738.6025390625,141600,0.0,0.0
2016-10-25 00:00:00+09:00,747.951945515422,757.3013448343648,710.554348239651,719.9037475585938,395100,0.0,0.0
2016-10-26 00:00:00+09:00,719.9037475585938,729.2531468775366,710.554348239651,719.9037475585938,139700,0.0,0.0
2016-10-27 00:00:00+09:00,719.9037475585938,729.2531468775366,719.9037475585938,719.9037475585938,65200,0.0,0.0
2016-10-28 00:00:00+09:00,729.2531468775366,738.6025461964794,710.554348239651,719.9037475585938,118900,0.0,0.0
2016-10-31 00:00:00+09:00,710.554348239651,729.2531468775366,710.554348239651,719.9037475585938,93900,0.0,0.0
2016-11-01 00:00:00+09:00,719.9037548828126,719.9037548828126,701.2049560546875,701.2049560546875,126200,0.0,0.0
2016-11-02 00:00:00+09:00,701.2049635795697,701.2049635795697,663.8073655219927,682.5061645507812,285300,0.0,0.0
2016-11-04 00:00:00+09:00,663.8073460170201,673.1567452566965,654.4579467773438,654.4579467773438,143200,0.0,0.0
2016-11-07 00:00:00+09:00,645.1085815429688,654.4579812754755,635.759181810462,645.1085815429688,188800,0.0,0.0
2016-11-08 00:00:00+09:00,645.1085815429688,654.4579812754755,645.1085815429688,645.1085815429688,63600,0.0,0.0
2016-11-09 00:00:00+09:00,654.4579326923077,654.4579326923077,579.6627403846154,607.7109375,231500,0.0,0.0
2016-11-10 00:00:00+09:00,617.0603300635495,645.1085268846199,617.0603300635495,626.4097290039062,174500,0.0,0.0
2016-11-11 00:00:00+09:00,626.4097709655762,645.108570098877,598.361572265625,598.361572265625,137500,0.0,0.0
2016-11-14 00:00:00+09:00,589.0121654163707,617.0603637695312,579.6627659653172,617.0603637695312,125800,0.0,0.0
2016-11-15 00:00:00+09:00,617.0603365384616,626.4097355769231,607.7109375,607.7109375,83400,0.0,0.0
2016-11-16 00:00:00+09:00,617.0603365384616,617.0603365384616,607.7109375,607.7109375,72200,0.0,0.0
2016-11-17 00:00:00+09:00,607.7109643184777,617.0603637695312,607.7109643184777,617.0603637695312,64100,0.0,0.0
2016-11-18 00:00:00+09:00,617.0603565889246,654.4579539579504,617.0603565889246,635.7591552734375,141000,0.0,0.0
2016-11-21 00:00:00+09:00,645.1085815429688,663.8073810079824,635.759181810462,645.1085815429688,105500,0.0,0.0
2016-11-22 00:00:00+09:00,654.4579734264964,673.1567726672536,654.4579734264964,663.807373046875,130800,0.0,0.0
2016-11-24 00:00:00+09:00,682.5061243960731,729.253119217722,682.5061243960731,710.5543212890625,358500,0.0,0.0
2016-11-25 00:00:00+09:00,776.000135977057,794.6989344343355,719.9037406052215,738.6025390625,698600,0.0,0.0
2016-11-28 00:00:00+09:00,738.6025390625,747.9519382911392,719.9037406052215,738.6025390625,164100,0.0,0.0
2016-11-29 00:00:00+09:00,729.2531398338607,747.9519382911392,719.9037406052215,738.6025390625,141900,0.0,0.0
2016-11-30 00:00:00+09:00,729.2531398338607,738.6025390625,719.9037406052215,738.6025390625,92600,0.0,0.0
2016-12-01 00:00:00+09:00,738.6025461964794,738.6025461964794,719.9037475585938,719.9037475585938,74100,0.0,0.0
2016-12-02 00:00:00+09:00,719.9037548828126,719.9037548828126,691.855556640625,701.2049560546875,127000,0.0,0.0
2016-12-05 00:00:00+09:00,691.855556640625,701.2049560546875,682.5061572265626,701.2049560546875,122400,0.0,0.0
2016-12-06 00:00:00+09:00,710.5543150290464,757.3013094388522,701.2049161470853,729.2531127929688,230000,0.0,0.0
2016-12-07 00:00:00+09:00,738.6025390625,738.6025390625,729.2531398338607,738.6025390625,96500,0.0,0.0
2016-12-08 00:00:00+09:00,738.6025116749298,747.951910556891,719.9037139110076,729.2531127929688,146100,0.0,0.0
2016-12-09 00:00:00+09:00,729.253119217722,729.253119217722,701.2049223247327,710.5543212890625,146600,0.0,0.0
2016-12-12 00:00:00+09:00,710.55435546875,710.55435546875,682.5061572265626,701.2049560546875,133300,0.0,0.0
2016-12-13 00:00:00+09:00,701.2049560546875,710.55435546875,673.1567578125,701.2049560546875,157400,0.0,0.0
2016-12-14 00:00:00+09:00,701.2049635795697,701.2049635795697,682.5061645507812,682.5061645507812,91300,0.0,0.0
2016-12-15 00:00:00+09:00,691.8555297851562,701.204928836307,682.5061307340054,691.8555297851562,108500,0.0,0.0
2016-12-16 00:00:00+09:00,691.8555297851562,701.204928836307,682.5061307340054,691.8555297851562,64100,0.0,0.0
2016-12-19 00:00:00+09:00,701.2049635795697,701.2049635795697,654.4579660075984,682.5061645507812,262400,0.0,0.0
2016-12-20 00:00:00+09:00,673.1567650363869,682.5061645507812,663.8073655219927,682.5061645507812,121000,0.0,0.0
2016-12-21 00:00:00+09:00,682.506172287632,691.8555719080106,663.807373046875,663.807373046875,146900,0.0,0.0
2016-12-22 00:00:00+09:00,673.1567726672536,673.1567726672536,663.807373046875,663.807373046875,91700,0.0,0.0
2016-12-26 00:00:00+09:00,673.1567316828547,701.204928836307,673.1567316828547,691.8555297851562,215400,0.0,0.0
2016-12-27 00:00:00+09:00,691.855556640625,738.6025537109375,691.855556640625,701.2049560546875,263800,0.0,0.0
2016-12-28 00:00:00+09:00,719.9037548828126,719.9037548828126,701.2049560546875,701.2049560546875,128900,0.0,0.0
2016-12-29 00:00:00+09:00,701.2049635795697,701.2049635795697,663.8073655219927,682.5061645507812,186600,0.0,0.0
2016-12-30 00:00:00+09:00,682.5061645507812,691.8555640651755,673.1567650363869,682.5061645507812,74300,0.0,0.0
2017-01-04 00:00:00+09:00,691.855556640625,710.55435546875,691.855556640625,701.2049560546875,139600,0.0,0.0
2017-01-05 00:00:00+09:00,701.2049560546875,710.55435546875,691.855556640625,701.2049560546875,119100,0.0,0.0
2017-01-06 00:00:00+09:00,701.2049489207081,719.9037475585938,691.8555496017655,719.9037475585938,131600,0.0,0.0
2017-01-10 00:00:00+09:00,719.9037406052215,766.6507367484177,710.5543413765822,738.6025390625,585500,0.0,0.0
2017-01-11 00:00:00+09:00,747.9519314236111,766.6507297092013,747.9519314236111,757.3013305664062,254000,0.0,0.0
2017-01-12 00:00:00+09:00,757.3013375197785,757.3013375197785,729.2531398338607,738.6025390625,128000,0.0,0.0
2017-01-13 00:00:00+09:00,729.2531468775366,738.6025461964794,719.9037475585938,719.9037475585938,130100,0.0,0.0
2017-01-16 00:00:00+09:00,719.9037548828126,719.9037548828126,701.2049560546875,701.2049560546875,127300,0.0,0.0
2017-01-17 00:00:00+09:00,701.2049560546875,710.55435546875,682.5061572265626,701.2049560546875,142400,0.0,0.0
2017-01-18 00:00:00+09:00,701.2049560546875,710.55435546875,691.855556640625,701.2049560546875,126000,0.0,0.0
2017-01-19 00:00:00+09:00,710.554348239651,719.9037475585938,701.2049489207081,719.9037475585938,77200,0.0,0.0
2017-01-20 00:00:00+09:00,710.55435546875,710.55435546875,691.855556640625,701.2049560546875,99000,0.0,0.0
2017-01-23 00:00:00+09:00,710.5543212890625,710.5543212890625,701.2049223247327,710.5543212890625,74400,0.0,0.0
2017-01-24 00:00:00+09:00,710.554348239651,729.2531468775366,710.554348239651,719.9037475585938,134400,0.0,0.0
2017-01-25 00:00:00+09:00,729.2531127929688,729.2531127929688,719.9037139110076,729.2531127929688,75600,0.0,0.0
2017-01-26 00:00:00+09:00,729.2531127929688,738.6025116749298,729.2531127929688,729.2531127929688,65900,0.0,0.0
2017-01-27 00:00:00+09:00,738.6025390625,738.6025390625,729.2531398338607,738.6025390625,55200,0.0,0.0
2017-01-30 00:00:00+09:00,738.6025461964794,738.6025461964794,719.9037475585938,719.9037475585938,69100,0.0,0.0
2017-01-31 00:00:00+09:00,710.5543212890625,729.253119217722,701.2049223247327,710.5543212890625,128700,0.0,0.0
2017-02-01 00:00:00+09:00,701.2049223247327,710.5543212890625,691.8555233604029,710.5543212890625,133300,0.0,0.0
2017-02-02 00:00:00+09:00,710.5543212890625,710.5543212890625,701.2049223247327,710.5543212890625,81100,0.0,0.0
2017-02-03 00:00:00+09:00,701.2049560546875,710.55435546875,691.855556640625,701.2049560546875,155900,0.0,0.0
2017-02-06 00:00:00+09:00,710.554348239651,719.9037475585938,701.2049489207081,719.9037475585938,88700,0.0,0.0
2017-02-07 00:00:00+09:00,719.9037202533922,719.9037202533922,701.2049223247327,710.5543212890625,81200,0.0,0.0
2017-02-08 00:00:00+09:00,710.55435546875,719.9037548828126,701.2049560546875,701.2049560546875,73900,0.0,0.0
2017-02-09 00:00:00+09:00,701.2049560546875,710.55435546875,701.2049560546875,701.2049560546875,95700,0.0,0.0
2017-02-10 00:00:00+09:00,710.55435546875,719.9037548828126,701.2049560546875,701.2049560546875,157800,0.0,0.0
2017-02-13 00:00:00+09:00,701.2049223247327,719.9037202533922,701.2049223247327,710.5543212890625,84200,0.0,0.0
2017-02-14 00:00:00+09:00,719.9037202533922,729.253119217722,710.5543212890625,710.5543212890625,115800,0.0,0.0
2017-02-15 00:00:00+09:00,719.9037202533922,719.9037202533922,701.2049223247327,710.5543212890625,92500,0.0,0.0
2017-02-16 00:00:00+09:00,710.5543212890625,719.9037202533922,710.5543212890625,710.5543212890625,94500,0.0,0.0
2017-02-17 00:00:00+09:00,719.9037202533922,719.9037202533922,710.5543212890625,710.5543212890625,101900,0.0,0.0
2017-02-20 00:00:00+09:00,719.9037202533922,729.253119217722,710.5543212890625,710.5543212890625,97900,0.0,0.0
2017-02-21 00:00:00+09:00,719.9037475585938,719.9037475585938,710.554348239651,719.9037475585938,70800,0.0,0.0
2017-02-22 00:00:00+09:00,710.5543212890625,719.9037202533922,710.5543212890625,710.5543212890625,94900,0.0,0.0
2017-02-23 00:00:00+09:00,710.55435546875,719.9037548828126,701.2049560546875,701.2049560546875,52200,0.0,0.0
2017-02-24 00:00:00+09:00,710.5543212890625,719.9037202533922,701.2049223247327,710.5543212890625,111300,0.0,0.0
2017-02-27 00:00:00+09:00,710.55435546875,719.9037548828126,701.2049560546875,701.2049560546875,117700,0.0,0.0
2017-02-28 00:00:00+09:00,710.5543278874577,710.5543278874577,691.8555297851562,691.8555297851562,85700,0.0,0.0
2017-03-01 00:00:00+09:00,691.855556640625,701.2049560546875,673.1567578125,701.2049560546875,217800,0.0,0.0
2017-03-02 00:00:00+09:00,701.204928836307,710.5543278874577,691.8555297851562,691.8555297851562,121800,0.0,0.0
2017-03-03 00:00:00+09:00,701.204928836307,701.204928836307,682.5061307340054,691.8555297851562,110800,0.0,0.0
2017-03-06 00:00:00+09:00,691.8555640651755,701.2049635795697,682.5061645507812,682.5061645507812,68500,0.0,0.0
2017-03-07 00:00:00+09:00,682.5061645507812,691.8555640651755,682.5061645507812,682.5061645507812,55300,0.0,0.0
2017-03-08 00:00:00+09:00,691.8555297851562,691.8555297851562,682.5061307340054,691.8555297851562,62000,0.0,0.0
2017-03-09 00:00:00+09:00,691.8555640651755,691.8555640651755,682.5061645507812,682.5061645507812,57500,0.0,0.0
2017-03-10 00:00:00+09:00,682.5061645507812,691.8555640651755,673.1567650363869,682.5061645507812,141100,0.0,0.0
2017-03-13 00:00:00+09:00,691.8555297851562,691.8555297851562,682.5061307340054,691.8555297851562,42900,0.0,0.0
2017-03-14 00:00:00+09:00,682.506137424045,691.8555365668402,673.15673828125,673.15673828125,89000,0.0,0.0
2017-03-15 00:00:00+09:00,673.1567452566965,673.1567452566965,654.4579467773438,654.4579467773438,129400,0.0,0.0
2017-03-16 00:00:00+09:00,654.4579258249767,654.4579258249767,626.4097290039062,626.4097290039062,180300,0.0,0.0
2017-03-17 00:00:00+09:00,617.0603365384616,626.4097355769231,589.012139423077,607.7109375,249600,0.0,0.0
2017-03-21 00:00:00+09:00,607.7109311231926,635.7591279442631,607.7109311231926,626.4097290039062,153400,0.0,0.0
2017-03-22 00:00:00+09:00,626.4097355769231,626.4097355769231,607.7109375,607.7109375,121900,0.0,0.0
2017-03-23 00:00:00+09:00,607.7109311231926,626.4097290039062,607.7109311231926,626.4097290039062,87700,0.0,0.0
2017-03-24 00:00:00+09:00,626.4097290039062,626.4097290039062,607.7109311231926,626.4097290039062,104800,0.0,0.0
2017-03-27 00:00:00+09:00,607.7109643184777,617.0603637695312,607.7109643184777,617.0603637695312,70600,0.0,0.0
2017-03-28 00:00:00+09:00,617.0603365384616,617.0603365384616,607.7109375,607.7109375,59500,0.0,0.0
2017-03-29 00:00:00+09:00,617.0603637695312,626.4097632205848,607.7109643184777,617.0603637695312,129100,0.0,0.0
2017-03-30 00:00:00+09:00,617.0603637695312,626.4097632205848,607.7109643184777,617.0603637695312,74300,0.0,0.0
2017-03-31 00:00:00+09:00,626.4097632205848,635.7591626716383,617.0603637695312,617.0603637695312,79700,0.0,0.0
2017-04-03 00:00:00+09:00,617.0603713989258,617.0603713989258,598.361572265625,598.361572265625,107600,0.0,0.0
2017-04-04 00:00:00+09:00,607.7109515080687,607.7109515080687,570.3133544921875,570.3133544921875,215100,0.0,0.0
2017-04-05 00:00:00+09:00,579.6627537461577,579.6627537461577,560.9639552382172,570.3133544921875,123900,0.0,0.0
2017-04-06 00:00:00+09:00,551.614535627694,560.9639345366379,532.915737809806,542.26513671875,154000,0.0,0.0
2017-04-07 00:00:00+09:00,560.9639002913135,560.9639002913135,542.2651036149365,551.614501953125,124100,0.0,0.0
2017-04-10 00:00:00+09:00,560.9639552382172,570.3133544921875,551.6145559842469,570.3133544921875,109800,0.0,0.0
2017-04-11 00:00:00+09:00,570.3132986295021,570.3132986295021,551.614501953125,551.614501953125,106200,0.0,0.0
2017-04-12 00:00:00+09:00,551.614535627694,551.614535627694,532.915737809806,542.26513671875,121900,0.0,0.0
2017-04-13 00:00:00+09:00,532.915737809806,551.614535627694,523.5663389008621,542.26513671875,117100,0.0,0.0
2017-04-14 00:00:00+09:00,542.26513671875,542.26513671875,532.915737809806,542.26513671875,71300,0.0,0.0
2017-04-17 00:00:00+09:00,532.9157442365374,532.9157442365374,523.5663452148438,523.5663452148438,114200,0.0,0.0
2017-04-18 00:00:00+09:00,532.9157318115234,560.9639282226562,532.9157318115234,560.9639282226562,159500,0.0,0.0
2017-04-19 00:00:00+09:00,551.614501953125,570.3132986295021,542.2651036149365,551.614501953125,140200,0.0,0.0
2017-04-20 00:00:00+09:00,560.9639282226562,560.9639282226562,551.6145294189453,560.9639282226562,102400,0.0,0.0
2017-04-21 00:00:00+09:00,560.9639552382172,570.3133544921875,551.6145559842469,570.3133544921875,122100,0.0,0.0
2017-04-24 00:00:00+09:00,570.3133544921875,570.3133544921875,551.6145559842469,570.3133544921875,150100,0.0,0.0
2017-04-25 00:00:00+09:00,560.9639282226562,579.6627258300781,560.9639282226562,560.9639282226562,105200,0.0,0.0
2017-04-26 00:00:00+09:00,570.3133477105034,598.3615451388889,570.3133477105034,589.0121459960938,178600,0.0,0.0
2017-04-27 00:00:00+09:00,589.0121726989746,598.361572265625,589.0121726989746,598.361572265625,107200,0.0,0.0
2017-04-28 00:00:00+09:00,598.3615451388889,626.4097425672743,589.0121459960938,589.0121459960938,224100,0.0,0.0
2017-05-01 00:00:00+09:00,607.7109572466682,645.108554615694,598.3615579044117,635.7591552734375,253600,0.0,0.0
2017-05-02 00:00:00+09:00,635.7591279442631,635.7591279442631,617.0603300635495,626.4097290039062,181500,0.0,0.0
2017-05-08 00:00:00+09:00,626.4097290039062,635.7591279442631,617.0603300635495,626.4097290039062,177700,0.0,0.0
2017-05-09 00:00:00+09:00,626.4097632205848,635.7591626716383,617.0603637695312,617.0603637695312,109100,0.0,0.0
2017-05-10 00:00:00+09:00,617.0603637695312,626.4097632205848,617.0603637695312,617.0603637695312,144000,0.0,0.0
2017-05-11 00:00:00+09:00,617.0603565889246,635.7591552734375,617.0603565889246,635.7591552734375,148300,0.0,0.0
2017-05-12 00:00:00+09:00,729.2531066894531,804.0482971191407,710.5543090820313,747.951904296875,1999800,0.0,0.0
2017-05-15 00:00:00+09:00,747.951953125,747.951953125,682.5061572265626,701.2049560546875,727100,0.0,0.0
2017-05-16 00:00:00+09:00,701.2049560546875,701.2049560546875,682.5061572265626,701.2049560546875,185000,0.0,0.0
2017-05-17 00:00:00+09:00,691.8555233604029,710.5543212890625,682.5061243960731,710.5543212890625,220200,0.0,0.0
2017-05-18 00:00:00+09:00,691.855556640625,701.2049560546875,682.5061572265626,701.2049560546875,202200,0.0,0.0
2017-05-19 00:00:00+09:00,691.855556640625,701.2049560546875,691.855556640625,701.2049560546875,121700,0.0,0.0
2017-05-22 00:00:00+09:00,691.8555233604029,710.5543212890625,691.8555233604029,710.5543212890625,159100,0.0,0.0
2017-05-23 00:00:00+09:00,710.55435546875,710.55435546875,682.5061572265626,701.2049560546875,175100,0.0,0.0
2017-05-24 00:00:00+09:00,701.204928836307,701.204928836307,682.5061307340054,691.8555297851562,130300,0.0,0.0
2017-05-25 00:00:00+09:00,691.8555297851562,701.204928836307,682.5061307340054,691.8555297851562,150700,0.0,0.0
2017-05-26 00:00:00+09:00,691.8555640651755,691.8555640651755,682.5061645507812,682.5061645507812,117500,0.0,0.0
2017-05-29 00:00:00+09:00,682.506137424045,682.506137424045,673.15673828125,673.15673828125,158200,0.0,0.0
2017-05-30 00:00:00+09:00,663.807373046875,673.1567726672536,663.807373046875,663.807373046875,110900,0.0,0.0
2017-05-31 00:00:00+09:00,663.8073655219927,691.8555640651755,663.8073655219927,682.5061645507812,179400,0.0,0.0
2017-06-01 00:00:00+09:00,682.5061307340054,691.8555297851562,673.1567316828547,691.8555297851562,145300,0.0,0.0
2017-06-02 00:00:00+09:00,701.204928836307,719.9037269386085,691.8555297851562,691.8555297851562,178000,0.0,0.0
2017-06-05 00:00:00+09:00,691.8555365668402,691.8555365668402,673.15673828125,673.15673828125,114800,0.0,0.0
2017-06-06 00:00:00+09:00,673.1567807404891,673.1567807404891,645.1085815429688,645.1085815429688,225800,0.0,0.0
2017-06-07 00:00:00+09:00,645.108573806118,673.1567726672536,635.7591741857394,663.807373046875,183500,0.0,0.0
2017-06-08 00:00:00+09:00,663.8073391384548,673.15673828125,663.8073391384548,673.15673828125,105400,0.0,0.0
2017-06-09 00:00:00+09:00,673.15673828125,682.506137424045,663.8073391384548,673.15673828125,141800,0.0,0.0
2017-06-12 00:00:00+09:00,673.15673828125,682.506137424045,673.15673828125,673.15673828125,156300,0.0,0.0
2017-06-13 00:00:00+09:00,673.1567726672536,673.1567726672536,663.807373046875,663.807373046875,137400,0.0,0.0
2017-06-14 00:00:00+09:00,663.8073391384548,701.2049357096354,663.8073391384548,673.15673828125,268200,0.0,0.0
2017-06-15 00:00:00+09:00,682.506137424045,701.2049357096354,673.15673828125,673.15673828125,225900,0.0,0.0
2017-06-16 00:00:00+09:00,673.15673828125,682.506137424045,673.15673828125,673.15673828125,97200,0.0,0.0
2017-06-19 00:00:00+09:00,673.1567650363869,691.8555640651755,673.1567650363869,682.5061645507812,80800,0.0,0.0
2017-06-20 00:00:00+09:00,691.8555233604029,719.9037202533922,691.8555233604029,710.5543212890625,230200,0.0,0.0
2017-06-21 00:00:00+09:00,701.204928836307,710.5543278874577,691.8555297851562,691.8555297851562,161000,0.0,0.0
2017-06-22 00:00:00+09:00,691.8555297851562,701.204928836307,691.8555297851562,691.8555297851562,79700,0.0,0.0
2017-06-23 00:00:00+09:00,691.8555640651755,701.2049635795697,682.5061645507812,682.5061645507812,96600,0.0,0.0
2017-06-26 00:00:00+09:00,682.5061645507812,701.2049635795697,682.5061645507812,682.5061645507812,134700,0.0,0.0
2017-06-27 00:00:00+09:00,691.8555297851562,701.204928836307,691.8555297851562,691.8555297851562,104700,0.0,0.0
2017-06-28 00:00:00+09:00,691.8555640651755,701.2049635795697,682.5061645507812,682.5061645507812,135500,0.0,0.0
2017-06-29 00:00:00+09:00,691.8555297851562,701.204928836307,682.5061307340054,691.8555297851562,91400,0.0,0.0
2017-06-30 00:00:00+09:00,691.8555640651755,691.8555640651755,682.5061645507812,682.5061645507812,100700,0.0,0.0
2017-07-03 00:00:00+09:00,682.5061645507812,691.8555640651755,682.5061645507812,682.5061645507812,80300,0.0,0.0
2017-07-04 00:00:00+09:00,691.855556640625,701.2049560546875,691.855556640625,701.2049560546875,104100,0.0,0.0
2017-07-05 00:00:00+09:00,691.8555297851562,701.204928836307,691.8555297851562,691.8555297851562,106200,0.0,0.0
2017-07-06 00:00:00+09:00,701.204928836307,701.204928836307,691.8555297851562,691.8555297851562,101100,0.0,0.0
2017-07-07 00:00:00+09:00,691.8555297851562,701.204928836307,682.5061307340054,691.8555297851562,113000,0.0,0.0
2017-07-10 00:00:00+09:00,701.2049560546875,710.55435546875,701.2049560546875,701.2049560546875,104300,0.0,0.0
2017-07-11 00:00:00+09:00,701.2049223247327,710.5543212890625,691.8555233604029,710.5543212890625,120700,0.0,0.0
2017-07-12 00:00:00+09:00,710.5543212890625,729.253119217722,710.5543212890625,710.5543212890625,215100,0.0,0.0
2017-07-13 00:00:00+09:00,719.9037475585938,719.9037475585938,710.554348239651,719.9037475585938,98800,0.0,0.0
2017-07-14 00:00:00+09:00,719.9037548828126,729.253154296875,701.2049560546875,701.2049560546875,158000,0.0,0.0
2017-07-17 00:00:00+09:00,701.2049560546875,701.2049560546875,701.2049560546875,701.2049560546875,0,0.0,0.0
2017-07-18 00:00:00+09:00,710.5543278874577,710.5543278874577,691.8555297851562,691.8555297851562,98600,0.0,0.0
2017-07-19 00:00:00+09:00,691.8555640651755,691.8555640651755,682.5061645507812,682.5061645507812,124000,0.0,0.0
2017-07-20 00:00:00+09:00,682.5061307340054,691.8555297851562,682.5061307340054,691.8555297851562,92400,0.0,0.0
2017-07-21 00:00:00+09:00,682.5061307340054,691.8555297851562,682.5061307340054,691.8555297851562,119200,0.0,0.0
2017-07-24 00:00:00+09:00,691.855556640625,701.2049560546875,682.5061572265626,701.2049560546875,108600,0.0,0.0
2017-07-25 00:00:00+09:00,701.2049223247327,710.5543212890625,701.2049223247327,710.5543212890625,95300,0.0,0.0
2017-07-26 00:00:00+09:00,710.55435546875,710.55435546875,691.855556640625,701.2049560546875,122000,0.0,0.0
2017-07-27 00:00:00+09:00,710.55435546875,710.55435546875,701.2049560546875,701.2049560546875,84200,0.0,0.0
2017-07-28 00:00:00+09:00,710.5543278874577,710.5543278874577,691.8555297851562,691.8555297851562,111700,0.0,0.0
2017-07-31 00:00:00+09:00,691.855556640625,701.2049560546875,691.855556640625,701.2049560546875,101100,0.0,0.0
2017-08-01 00:00:00+09:00,701.2049715283891,701.2049715283891,663.807373046875,663.807373046875,216800,0.0,0.0
2017-08-02 00:00:00+09:00,673.1567650363869,682.5061645507812,663.8073655219927,682.5061645507812,110600,0.0,0.0
2017-08-03 00:00:00+09:00,682.5061307340054,691.8555297851562,682.5061307340054,691.8555297851562,116500,0.0,0.0
2017-08-04 00:00:00+09:00,682.5061645507812,691.8555640651755,682.5061645507812,682.5061645507812,120700,0.0,0.0
2017-08-07 00:00:00+09:00,710.55435546875,710.55435546875,691.855556640625,701.2049560546875,137200,0.0,0.0
2017-08-08 00:00:00+09:00,701.2049560546875,710.55435546875,691.855556640625,701.2049560546875,158000,0.0,0.0
2017-08-09 00:00:00+09:00,691.8555365668402,691.8555365668402,673.15673828125,673.15673828125,160000,0.0,0.0
2017-08-10 00:00:00+09:00,673.15673828125,691.8555365668402,673.15673828125,673.15673828125,142400,0.0,0.0
2017-08-11 00:00:00+09:00,673.15673828125,673.15673828125,673.15673828125,673.15673828125,0,0.0,0.0
2017-08-14 00:00:00+09:00,663.807373046875,673.1567726672536,654.4579734264964,663.807373046875,145500,0.0,0.0
2017-08-15 00:00:00+09:00,617.0603823454484,654.4579812754755,607.7109826129416,645.1085815429688,261000,0.0,0.0
2017-08-16 00:00:00+09:00,645.108554615694,645.108554615694,635.7591552734375,635.7591552734375,140700,0.0,0.0
2017-08-17 00:00:00+09:00,635.7591279442631,635.7591279442631,626.4097290039062,626.4097290039062,98300,0.0,0.0
2017-08-18 00:00:00+09:00,626.4097290039062,635.7591279442631,607.7109311231926,626.4097290039062,119600,0.0,0.0
2017-08-21 00:00:00+09:00,617.0603365384616,626.4097355769231,607.7109375,607.7109375,134600,0.0,0.0
2017-08-22 00:00:00+09:00,617.0603637695312,626.4097632205848,617.0603637695312,617.0603637695312,123600,0.0,0.0
2017-08-23 00:00:00+09:00,626.4097632205848,635.7591626716383,617.0603637695312,617.0603637695312,96400,0.0,0.0
2017-08-24 00:00:00+09:00,617.0603637695312,626.4097632205848,617.0603637695312,617.0603637695312,100100,0.0,0.0
2017-08-25 00:00:00+09:00,626.4097820779551,645.1085815429688,617.0603823454484,645.1085815429688,198400,0.0,0.0
2017-08-28 00:00:00+09:00,635.7591552734375,635.7591552734375,626.409755931181,635.7591552734375,119300,0.0,0.0
2017-08-29 00:00:00+09:00,626.409755931181,635.7591552734375,626.409755931181,635.7591552734375,115800,0.0,0.0
2017-08-30 00:00:00+09:00,635.7591552734375,635.7591552734375,626.409755931181,635.7591552734375,119400,0.0,0.0
2017-08-31 00:00:00+09:00,635.759181810462,645.1085815429688,626.4097820779551,645.1085815429688,126500,0.0,0.0
2017-09-01 00:00:00+09:00,645.1085475376674,654.4579467773438,635.759148297991,654.4579467773438,170900,0.0,0.0
2017-09-04 00:00:00+09:00,654.4579539579504,654.4579539579504,617.0603565889246,635.7591552734375,221000,0.0,0.0
2017-09-05 00:00:00+09:00,626.4097632205848,635.7591626716383,589.0121654163707,617.0603637695312,227300,0.0,0.0
2017-09-06 00:00:00+09:00,589.0121654163707,617.0603637695312,589.0121654163707,617.0603637695312,130600,0.0,0.0
2017-09-07 00:00:00+09:00,617.0603300635495,626.4097290039062,607.7109311231926,626.4097290039062,118500,0.0,0.0
2017-09-08 00:00:00+09:00,626.4097632205848,626.4097632205848,607.7109643184777,617.0603637695312,131200,0.0,0.0
2017-09-11 00:00:00+09:00,617.0603565889246,635.7591552734375,617.0603565889246,635.7591552734375,117000,0.0,0.0
2017-09-12 00:00:00+09:00,635.759148297991,654.4579467773438,635.759148297991,654.4579467773438,143400,0.0,0.0
2017-09-13 00:00:00+09:00,654.4579467773438,663.8073460170201,645.1085475376674,654.4579467773438,186200,0.0,0.0
2017-09-14 00:00:00+09:00,654.4579539579504,673.1567526424632,635.7591552734375,635.7591552734375,204100,0.0,0.0
2017-09-15 00:00:00+09:00,626.409774565361,663.807373046875,626.409774565361,663.807373046875,213000,0.0,0.0
2017-09-18 00:00:00+09:00,663.807373046875,663.807373046875,663.807373046875,663.807373046875,0,0.0,0.0
2017-09-19 00:00:00+09:00,673.1567726672536,673.1567726672536,654.4579734264964,663.807373046875,140100,0.0,0.0
2017-09-20 00:00:00+09:00,663.8073460170201,663.8073460170201,654.4579467773438,654.4579467773438,114100,0.0,0.0
2017-09-21 00:00:00+09:00,654.4579467773438,663.8073460170201,654.4579467773438,654.4579467773438,107500,0.0,0.0
2017-09-22 00:00:00+09:00,654.4579467773438,654.4579467773438,635.759148297991,654.4579467773438,97500,0.0,0.0
2017-09-25 00:00:00+09:00,635.759181810462,654.4579812754755,635.759181810462,645.1085815429688,93200,0.0,0.0
2017-09-26 00:00:00+09:00,635.759181810462,645.1085815429688,635.759181810462,645.1085815429688,10550,0.0,0.0
2017-09-27 00:00:00+09:00,635.7591349877005,643.2386542228498,626.4097359437637,641.3687744140625,62900,0.0,0.1
2017-09-28 00:00:00+09:00,635.7591042455225,635.7591042455225,624.5398259353075,632.9542846679688,26900,0.0,0.0
2017-09-29 00:00:00+09:00,626.4097632205848,632.0194028912168,617.0603637695312,617.0603637695312,44100,0.0,0.0
2017-10-02 00:00:00+09:00,616.1253651635324,616.1253651635324,594.6217484734545,599.2964477539062,80400,0.0,0.0
2017-10-03 00:00:00+09:00,611.450679569454,611.450679569454,595.5567016601562,595.5567016601562,44800,0.0,0.0
2017-10-04 00:00:00+09:00,597.4265983678117,598.3615382713607,589.9470791394198,590.8820190429688,45200,0.0,0.0
2017-10-05 00:00:00+09:00,594.6217508101387,594.6217508101387,571.2482543160295,581.5325927734375,67400,0.0,0.0
2017-10-06 00:00:00+09:00,580.5977381264291,581.5326781234121,561.8989381867696,574.9880981445312,74600,0.0,0.0
2017-10-09 00:00:00+09:00,574.9880981445312,574.9880981445312,574.9880981445312,574.9880981445312,0,0.0,0.0
2017-10-10 00:00:00+09:00,574.9880303826478,578.7277899298521,574.9880303826478,576.85791015625,22100,0.0,0.0
2017-10-11 00:00:00+09:00,579.6627332018567,579.6627332018567,571.2482741715072,575.9229736328125,29800,0.0,0.0
2017-10-12 00:00:00+09:00,576.8579781384973,579.6627981294462,571.2483381565994,574.9880981445312,35400,0.0,0.0
2017-10-13 00:00:00+09:00,574.988022993091,574.988022993091,561.8988647460938,561.8988647460938,65700,0.0,0.0
2017-10-16 00:00:00+09:00,562.8338588632358,567.5085586876813,560.9639789334577,563.768798828125,45400,0.0,0.0
2017-10-17 00:00:00+09:00,570.3133443362561,578.7278035149877,566.5735847012643,573.1181640625,51100,0.0,0.0
2017-10-18 00:00:00+09:00,570.3133409729998,578.7278001021097,570.3133409729998,574.0531005859375,38500,0.0,0.0
2017-10-19 00:00:00+09:00,578.7278442382812,578.7278442382812,566.5736245693029,578.7278442382812,45000,0.0,0.0
2017-10-20 00:00:00+09:00,576.8579781384973,578.7278581324632,572.1832781535824,574.9880981445312,44000,0.0,0.0
2017-10-23 00:00:00+09:00,579.6627130539088,584.3374123527307,574.0530738953225,581.5325927734375,37600,0.0,0.0
2017-10-24 00:00:00+09:00,580.5976767878961,592.7518954646154,579.662736889687,591.8169555664062,40600,0.0,0.0
2017-10-25 00:00:00+09:00,587.1422866430038,598.361566005609,572.1832474928635,583.4025268554688,58100,0.0,0.0
2017-10-26 00:00:00+09:00,583.4024669611565,602.1012639791423,583.4024669611565,600.2313842773438,59000,0.0,0.0
2017-10-27 00:00:00+09:00,600.2314350926598,603.9711948128634,597.4266153025072,603.0362548828125,34800,0.0,0.0
2017-10-30 00:00:00+09:00,603.0362720489502,607.7109718322754,595.5567523956298,598.361572265625,31300,0.0,0.0
2017-10-31 00:00:00+09:00,597.4265647246459,605.8410233827395,592.7518654701495,600.2313842773438,14800,0.0,0.0
2017-11-01 00:00:00+09:00,597.4265780553549,601.1663375423993,589.9470590812659,596.4916381835938,20200,0.0,0.0
2017-11-02 00:00:00+09:00,597.4266225585937,597.4266225585937,583.4025234375,584.3374633789062,40700,0.0,0.0
2017-11-03 00:00:00+09:00,584.3374633789062,584.3374633789062,584.3374633789062,584.3374633789062,0,0.0,0.0
2017-11-06 00:00:00+09:00,579.6627670679337,595.5567461649576,577.7928871741661,583.4025268554688,42500,0.0,0.0
2017-11-07 00:00:00+09:00,582.4675767037667,592.7519159393067,576.8579371207449,586.2073364257812,23400,0.0,0.0
2017-11-08 00:00:00+09:00,588.0771993323217,590.8820190429688,582.4675599110277,590.8820190429688,12100,0.0,0.0
2017-11-09 00:00:00+09:00,589.0121426106255,597.4266017907772,579.6627435215679,589.9470825195312,27600,0.0,0.0
2017-11-10 00:00:00+09:00,580.5976901152934,588.0772094726562,579.6627501956231,588.0772094726562,26000,0.0,0.0
2017-11-13 00:00:00+09:00,580.5977036132813,589.0121630859376,573.1181840820312,584.3374633789062,34700,0.0,0.0
2017-11-14 00:00:00+09:00,579.6627537461577,581.5326335969518,566.5735947905994,570.3133544921875,48900,0.0,0.0
2017-11-15 00:00:00+09:00,568.4434303977273,580.5976484818892,565.6386108398438,565.6386108398438,90800,0.0,0.0
2017-11-16 00:00:00+09:00,565.638613131266,566.5735529876813,546.9398160029597,547.874755859375,86700,0.0,0.0
2017-11-17 00:00:00+09:00,555.3543023231045,566.5735811579148,552.549482614402,557.2241821289062,46700,0.0,0.0
2017-11-20 00:00:00+09:00,559.0940820794357,573.118181128251,556.2892622696726,568.4434814453125,26300,0.0,0.0
2017-11-21 00:00:00+09:00,565.6386348179408,575.9229736328125,564.7036949256798,575.9229736328125,19700,0.0,0.0
2017-11-22 00:00:00+09:00,578.7278035149877,579.6627434237357,567.5085246100123,573.1181640625,33100,0.0,0.0
2017-11-23 00:00:00+09:00,573.1181640625,573.1181640625,573.1181640625,573.1181640625,0,0.0,0.0
2017-11-24 00:00:00+09:00,565.6386616355494,571.2483012550756,563.768781762374,568.4434814453125,16600,0.0,0.0
2017-11-27 00:00:00+09:00,568.4435181656504,574.9880981445312,566.5736381716845,574.9880981445312,32000,0.0,0.0
2017-11-28 00:00:00+09:00,575.9229458346225,575.9229458346225,561.8988481276106,566.5735473632812,27500,0.0,0.0
2017-11-29 00:00:00+09:00,565.6386242452359,566.5735641200214,560.9639248713082,561.8988647460938,23800,0.0,0.0
2017-11-30 00:00:00+09:00,561.8988782413041,561.8988782413041,553.4844191661432,558.1591186523438,33300,0.0,0.0
2017-12-01 00:00:00+09:00,557.2241687011718,562.8338079833984,554.4193490600586,560.9639282226562,65000,0.0,0.0
2017-12-04 00:00:00+09:00,560.963938344064,569.378397419225,554.4193590633832,558.1591186523438,62800,0.0,0.0
2017-12-05 00:00:00+09:00,555.3543124785914,559.0940721585819,548.809733038608,554.4193725585938,44400,0.0,0.0
2017-12-06 00:00:00+09:00,550.6796025998865,551.614542502433,537.5904439642355,540.395263671875,77800,0.0,0.0
2017-12-07 00:00:00+09:00,543.2001239306306,548.8097637646819,541.3302439859468,546.0049438476562,33500,0.0,0.0
2017-12-08 00:00:00+09:00,543.2000665419303,547.874765909761,542.265126668364,545.0699462890625,27900,0.0,0.0
2017-12-11 00:00:00+09:00,546.0048629502119,551.614501953125,544.1349832825741,551.614501953125,35900,0.0,0.0
2017-12-12 00:00:00+09:00,546.0048629502119,551.614501953125,544.1349832825741,551.614501953125,32300,0.0,0.0
2017-12-13 00:00:00+09:00,551.6145427115011,559.094061934708,550.6796028086003,557.2241821289062,34200,0.0,0.0
2017-12-14 00:00:00+09:00,560.0290581928036,579.6627981294462,557.2242382018547,574.9880981445312,56100,0.0,0.0
2017-12-15 00:00:00+09:00,573.1181640625,573.1181640625,564.7037048837683,573.1181640625,21500,0.0,0.0
2017-12-18 00:00:00+09:00,576.8579548210498,576.8579548210498,564.7037353515625,564.7037353515625,26100,0.0,0.0
2017-12-19 00:00:00+09:00,564.7037526737271,565.6386926615975,560.029052734375,560.029052734375,34000,0.0,0.0
2017-12-20 00:00:00+09:00,560.9639927222454,562.8338726979862,554.4194128071525,560.029052734375,21300,0.0,0.0
2017-12-21 00:00:00+09:00,553.4844119782703,557.224171518664,542.2651333570891,543.2000732421875,72100,0.0,0.0
2017-12-22 00:00:00+09:00,543.2000732421875,546.0048928974828,542.2651333570891,543.2000732421875,45600,0.0,0.0
2017-12-25 00:00:00+09:00,542.265146873646,545.0699665988545,539.4603271484375,539.4603271484375,50600,0.0,0.0
2017-12-26 00:00:00+09:00,539.4603442212085,541.330224097192,532.9157646552666,534.78564453125,82600,0.0,0.0
2017-12-27 00:00:00+09:00,534.7855736243207,542.2650921365489,534.7855736243207,537.5903930664062,23600,0.0,0.0
2017-12-28 00:00:00+09:00,543.2000970607851,543.2000970607851,534.7856377259365,536.655517578125,20600,0.0,0.0
2017-12-29 00:00:00+09:00,538.525360576923,550.6795787843884,536.6554808526976,546.9398193359375,33100,0.0,0.0
2018-01-01 00:00:00+09:00,546.9398193359375,546.9398193359375,546.9398193359375,546.9398193359375,0,0.0,0.0
2018-01-02 00:00:00+09:00,546.9398193359375,546.9398193359375,546.9398193359375,546.9398193359375,0,0.0,0.0
2018-01-03 00:00:00+09:00,546.9398193359375,546.9398193359375,546.9398193359375,546.9398193359375,0,0.0,0.0
2018-01-04 00:00:00+09:00,546.9398700947664,554.419389685806,546.9398700947664,549.7446899414062,34300,0.0,0.0
2018-01-05 00:00:00+09:00,551.6144855403098,559.0940039883141,548.8096661223083,556.2891845703125,37400,0.0,0.0
2018-01-08 00:00:00+09:00,556.2891845703125,556.2891845703125,556.2891845703125,556.2891845703125,0,0.0,0.0
2018-01-09 00:00:00+09:00,560.9639927222454,560.9639927222454,553.4844728192821,560.029052734375,20000,0.0,0.0
2018-01-10 00:00:00+09:00,557.2241243763131,558.1590641823135,553.4843651523109,556.2891845703125,20700,0.0,0.0
2018-01-11 00:00:00+09:00,553.4844191661432,559.0940585495838,551.614539371663,558.1591186523438,27100,0.0,0.0
2018-01-12 00:00:00+09:00,560.9639417405097,562.8338215463114,555.3543023231045,557.2241821289062,24100,0.0,0.0
2018-01-15 00:00:00+09:00,557.2241521661932,574.0530695134944,557.2241521661932,565.6386108398438,56900,0.0,0.0
2018-01-16 00:00:00+09:00,565.6386242452359,569.3783837443779,560.0289849965227,561.8988647460938,14800,0.0,0.0
2018-01-17 00:00:00+09:00,563.7687411387498,563.7687411387498,558.1591019234388,562.8338012695312,13600,0.0,0.0
2018-01-18 00:00:00+09:00,563.7687546337727,563.7687546337727,557.2241753925847,559.0940551757812,30600,0.0,0.0
2018-01-19 00:00:00+09:00,560.0289849965227,566.5735641200214,558.1591052469518,561.8988647460938,37700,0.0,0.0
2018-01-22 00:00:00+09:00,563.7687953923712,567.5085552291365,563.7687953923712,564.7037353515625,24200,0.0,0.0
2018-01-23 00:00:00+09:00,570.3133342792461,575.9229736328125,567.5085146024629,575.9229736328125,32600,0.0,0.0
2018-01-24 00:00:00+09:00,578.7278103742584,578.7278103742584,566.5735914164791,571.248291015625,36000,0.0,0.0
2018-01-25 00:00:00+09:00,564.703738793014,568.4434986525705,562.8338588632358,563.768798828125,21100,0.0,0.0
2018-01-26 00:00:00+09:00,567.5085073852539,571.2482669067383,560.9639282226562,560.9639282226562,36800,0.0,0.0
2018-01-29 00:00:00+09:00,559.0940285862082,566.5735473632812,559.0940285862082,566.5735473632812,20600,0.0,0.0
2018-01-30 00:00:00+09:00,564.7037526737271,564.7037526737271,556.2892927828933,560.029052734375,42500,0.0,0.0
2018-01-31 00:00:00+09:00,557.2241889105902,561.8988884819878,553.4844292534722,555.3543090820312,25100,0.0,0.0
2018-02-01 00:00:00+09:00,553.4844558412666,564.7037353515625,553.4844558412666,564.7037353515625,16600,0.0,0.0
2018-02-02 00:00:00+09:00,565.6386208771868,567.5085006156237,560.9639215310943,562.8338012695312,19800,0.0,0.0
2018-02-05 00:00:00+09:00,559.0940721585819,560.0290120785795,547.8747931186103,554.4193725585938,111300,0.0,0.0
2018-02-06 00:00:00+09:00,523.5663276965265,524.5012675674132,504.8675302787934,511.412109375,95500,0.0,0.0
2018-02-07 00:00:00+09:00,524.5013125875722,531.9808321966641,513.2820331739342,516.0868530273438,51900,0.0,0.0
2018-02-08 00:00:00+09:00,514.2169156221643,521.6964343948503,512.3470359289927,515.15185546875,33500,0.0,0.0
2018-02-09 00:00:00+09:00,494.58318425122854,502.9976429624971,493.64824439442094,496.45306396484375,56200,0.0,0.0
2018-02-12 00:00:00+09:00,496.45306396484375,496.45306396484375,496.45306396484375,496.45306396484375,0,0.0,0.0
2018-02-13 00:00:00+09:00,524.5013025379714,524.5013025379714,500.19286427417944,502.062744140625,52500,0.0,0.0
2018-02-14 00:00:00+09:00,498.32299092236684,521.6964895585004,494.5832311405855,508.6073303222656,74900,0.0,0.0
2018-02-15 00:00:00+09:00,508.60727982954546,517.021738503196,508.60727982954546,514.2169189453125,24200,0.0,0.0
2018-02-16 00:00:00+09:00,514.2169189453125,524.5012573242187,512.3470392400568,514.2169189453125,41800,0.0,0.0
2018-02-19 00:00:00+09:00,517.9567125108507,558.1591288248698,517.9567125108507,555.3543090820312,50600,0.0,0.0
2018-02-20 00:00:00+09:00,556.2891977894326,556.2891977894326,544.1349800226047,552.5494384765625,39000,0.0,0.0
2018-02-21 00:00:00+09:00,551.614539371663,559.0940585495838,545.0699600909822,558.1591186523438,28600,0.0,0.0
2018-02-22 00:00:00+09:00,557.2241680761383,557.2241680761383,541.3301901276578,544.135009765625,22200,0.0,0.0
2018-02-23 00:00:00+09:00,552.5495097880461,553.484449736926,544.1350502481266,549.7446899414062,12100,0.0,0.0
2018-02-26 00:00:00+09:00,555.3542579612151,555.3542579612151,546.9397995072572,552.5494384765625,12400,0.0,0.0
2018-02-27 00:00:00+09:00,550.6795720842872,550.6795720842872,543.2000532783885,548.8096923828125,10600,0.0,0.0
2018-02-28 00:00:00+09:00,543.2000665419303,547.874765909761,542.265126668364,545.0699462890625,14500,0.0,0.0
2018-03-01 00:00:00+09:00,539.4603028853454,539.4603028853454,525.4362048900591,529.1759643554688,51000,0.0,0.0
2018-03-02 00:00:00+09:00,511.41212979284296,525.436228416047,509.54224997641575,522.6314086914062,30900,0.0,0.0
2018-03-05 00:00:00+09:00,521.6964479547532,526.3711473091865,507.6723498914534,511.412109375,23800,0.0,0.0
2018-03-06 00:00:00+09:00,511.41213644085923,526.3711751667345,511.41213644085923,520.7615356445312,15200,0.0,0.0
2018-03-07 00:00:00+09:00,510.47715953480116,517.9566783558239,509.5422196821733,514.2169189453125,24700,0.0,0.0
2018-03-08 00:00:00+09:00,516.0868087294333,517.0217486003199,506.73741002056676,511.412109375,18600,0.0,0.0
2018-03-09 00:00:00+09:00,515.151909660905,517.9567294957194,507.6723901014,517.0217895507812,33500,0.0,0.0
2018-03-12 00:00:00+09:00,517.021762569108,528.241041322868,517.021762569108,524.5012817382812,24000,0.0,0.0
2018-03-13 00:00:00+09:00,525.436228416047,525.436228416047,517.0217692421246,522.6314086914062,13300,0.0,0.0
2018-03-14 00:00:00+09:00,518.8916390307008,525.4362182617188,513.2819996898285,525.4362182617188,17500,0.0,0.0
2018-03-15 00:00:00+09:00,523.5663140880217,523.5663140880217,512.3470359289927,515.15185546875,13100,0.0,0.0
2018-03-16 00:00:00+09:00,515.15185546875,517.0217351619215,510.4771562358212,515.15185546875,14600,0.0,0.0
2018-03-19 00:00:00+09:00,515.1518858737171,515.1518858737171,504.86754695427817,506.7374267578125,19300,0.0,0.0
2018-03-20 00:00:00+09:00,504.8675837282275,513.2820434570312,502.0627638186262,513.2820434570312,16600,0.0,0.0
2018-03-21 00:00:00+09:00,513.2820434570312,513.2820434570312,513.2820434570312,513.2820434570312,0,0.0,0.0
2018-03-22 00:00:00+09:00,513.2819757755784,516.0867953153357,509.5422163892355,515.15185546875,13400,0.0,0.0
2018-03-23 00:00:00+09:00,507.6723631098029,507.6723631098029,496.4530843670449,499.2579040527344,25700,0.0,0.0
2018-03-26 00:00:00+09:00,490.8434583555977,495.5181579589844,485.23381883153377,495.5181579589844,33600,0.0,0.0
2018-03-27 00:00:00+09:00,494.5832047436119,508.6073031767956,494.5832047436119,507.67236328125,29900,0.0,0.0
2018-03-28 00:00:00+09:00,481.49406888591705,504.8675673755247,481.49406888591705,501.1278076171875,30400,0.0,0.0
2018-03-29 00:00:00+09:00,504.86752988680587,509.54222923760966,494.5831913150376,502.9976501464844,17200,0.0,0.0
2018-03-30 00:00:00+09:00,503.932607052511,509.54224646311405,501.12778734720945,506.7374267578125,9400,0.0,0.0
2018-04-02 00:00:00+09:00,503.9326069386323,504.8675468401882,497.388027627741,498.3229675292969,22600,0.0,0.0
2018-04-03 00:00:00+09:00,488.97357177734375,493.6482713163241,488.0386318695477,488.97357177734375,19900,0.0,0.0
2018-04-04 00:00:00+09:00,489.9085253529925,492.7133451546318,485.23382568359375,485.23382568359375,31400,0.0,0.0
2018-04-05 00:00:00+09:00,489.90849793187436,489.90849793187436,484.2988586425781,484.2988586425781,35300,0.0,0.0
2018-04-06 00:00:00+09:00,484.2988583427984,486.1687381047397,475.8843994140625,475.8843994140625,25500,0.0,0.0
2018-04-09 00:00:00+09:00,467.46994329958545,473.0795826191805,452.5109051139987,458.12054443359375,101800,0.0,0.0
2018-04-10 00:00:00+09:00,455.31575195819016,459.9904516702866,444.0964726491588,450.64105224609375,108600,0.0,0.0
2018-04-11 00:00:00+09:00,451.5759819123426,462.7952609660654,451.5759819123426,461.8603210449219,20200,0.0,0.0
2018-04-12 00:00:00+09:00,461.8602910127128,474.0145091972579,460.9253511523632,470.2747497558594,25100,0.0,0.0
2018-04-13 00:00:00+09:00,468.4048803662973,477.7542791760038,468.4048803662973,475.8843994140625,19000,0.0,0.0
2018-04-16 00:00:00+09:00,475.88442634479617,486.16876561747347,474.9494864109164,485.23382568359375,30700,0.0,0.0
2018-04-17 00:00:00+09:00,486.1687449919872,487.10368488620253,474.0145263671875,474.0145263671875,22700,0.0,0.0
2018-04-18 00:00:00+09:00,473.07960322453425,488.97358198899485,473.07960322453425,486.16876220703125,16100,0.0,0.0
2018-04-19 00:00:00+09:00,486.16878194020205,499.2579414539767,486.16878194020205,497.3880615234375,37800,0.0,0.0
2018-04-20 00:00:00+09:00,498.3229571637438,498.3229571637438,488.0386184605521,492.71331787109375,19700,0.0,0.0
2018-04-23 00:00:00+09:00,492.7133348253038,495.51815456814234,487.1036953396267,488.03863525390625,11500,0.0,0.0
2018-04-24 00:00:00+09:00,490.8434753417969,490.8434753417969,487.10371552966893,490.8434753417969,10600,0.0,0.0
2018-04-25 00:00:00+09:00,488.97357857204446,488.97357857204446,483.3639390473174,487.10369873046875,19300,0.0,0.0
2018-04-26 00:00:00+09:00,490.84345499674475,496.4530944824219,488.03863525390625,488.03863525390625,20900,0.0,0.0
2018-04-27 00:00:00+09:00,489.9085253529925,489.9085253529925,476.81936627867594,485.23382568359375,23500,0.0,0.0
2018-04-30 00:00:00+09:00,485.23382568359375,485.23382568359375,485.23382568359375,485.23382568359375,0,0.0,0.0
2018-05-01 00:00:00+09:00,477.75429619683155,483.36393568250867,477.75429619683155,479.6241760253906,18000,0.0,0.0
2018-05-02 00:00:00+09:00,476.819373007208,484.29889258379166,476.819373007208,483.36395263671875,14200,0.0,0.0
2018-05-03 00:00:00+09:00,483.36395263671875,483.36395263671875,483.36395263671875,483.36395263671875,0,0.0,0.0
2018-05-04 00:00:00+09:00,483.36395263671875,483.36395263671875,483.36395263671875,483.36395263671875,0,0.0,0.0
2018-05-07 00:00:00+09:00,485.23379852412745,487.1036782872262,481.49403899793,484.2988586425781,8400,0.0,0.0
2018-05-08 00:00:00+09:00,486.16872553996,498.322943678459,486.16872553996,496.45306396484375,21300,0.0,0.0
2018-05-09 00:00:00+09:00,497.38804464629203,497.38804464629203,491.7784050450181,493.6482849121094,13700,0.0,0.0
2018-05-10 00:00:00+09:00,497.38804464629203,497.38804464629203,484.29888557665276,493.6482849121094,15600,0.0,0.0
2018-05-11 00:00:00+09:00,464.66512388791256,472.1446429846999,463.7301840008141,466.5350036621094,95800,0.0,0.0
2018-05-14 00:00:00+09:00,464.665148063048,466.53502793452907,440.356709733794,443.1615295410156,103600,0.0,0.0
2018-05-15 00:00:00+09:00,449.7060952228049,449.7060952228049,430.0723571777344,430.0723571777344,97500,0.0,0.0
2018-05-16 00:00:00+09:00,431.00730719177506,447.83622591075977,431.00730719177506,435.6820068359375,31300,0.0,0.0
2018-05-17 00:00:00+09:00,440.3567030455367,446.9012824963196,436.616943359375,436.616943359375,56000,0.0,0.0
2018-05-18 00:00:00+09:00,459.0554979112413,494.5832146538628,452.5109185112847,454.38079833984375,422000,0.0,0.0
2018-05-21 00:00:00+09:00,454.3807948922513,460.9253742425512,445.03139582039427,446.9012756347656,81000,0.0,0.0
2018-05-22 00:00:00+09:00,447.8361987633241,458.1205373570539,447.8361987633241,451.5759582519531,29500,0.0,0.0
2018-05-23 00:00:00+09:00,451.5759785970052,454.38079833984375,447.83621893988715,454.38079833984375,24000,0.0,0.0
2018-05-24 00:00:00+09:00,454.38077115717624,454.38077115717624,449.7060718654357,453.4458312988281,12600,0.0,0.0
2018-05-25 00:00:00+09:00,452.5109185112847,453.4458584255642,445.0313991970486,445.9663391113281,16300,0.0,0.0
2018-05-28 00:00:00+09:00,447.8362054329156,449.7060852050781,445.9663256607531,449.7060852050781,13200,0.0,0.0
2018-05-29 00:00:00+09:00,449.70609876844617,453.4458584255642,445.0313991970486,445.9663391113281,19600,0.0,0.0
2018-05-30 00:00:00+09:00,445.03140941249666,445.03140941249666,439.42176979805345,443.1615295410156,19500,0.0,0.0
2018-05-31 00:00:00+09:00,443.1615125290891,444.0964524289395,439.4217529296875,439.4217529296875,14900,0.0,0.0
2018-06-01 00:00:00+09:00,441.29164966953454,444.0964694767561,440.356709733794,443.1615295410156,6500,0.0,0.0
2018-06-04 00:00:00+09:00,445.03137257369525,454.38077115717624,445.03137257369525,453.4458312988281,16600,0.0,0.0
2018-06-05 00:00:00+09:00,454.38077115717624,455.3157110155243,452.51089144048,453.4458312988281,12800,0.0,0.0
2018-06-06 00:00:00+09:00,449.70610550809494,453.44586522125996,448.7711655798037,452.51092529296875,14800,0.0,0.0
2018-06-07 00:00:00+09:00,451.57595158213195,453.4458312988281,448.77113200708766,453.4458312988281,16900,0.0,0.0
2018-06-08 00:00:00+09:00,450.6410284678141,452.5109082539876,448.7711486816406,448.7711486816406,13100,0.0,0.0
2018-06-11 00:00:00+09:00,448.77114886886505,457.18560791015625,448.77114886886505,457.18560791015625,16300,0.0,0.0
2018-06-12 00:00:00+09:00,455.31573486328125,456.2506747705981,452.5109151413309,455.31573486328125,19600,0.0,0.0
2018-06-13 00:00:00+09:00,455.3157349248086,464.66513399923997,455.3157349248086,463.7301940917969,29600,0.0,0.0
2018-06-14 00:00:00+09:00,464.66513049016237,467.4699501913102,456.25067138671875,456.25067138671875,21200,0.0,0.0
2018-06-15 00:00:00+09:00,458.120551187484,463.73019058977974,456.25067138671875,456.25067138671875,7300,0.0,0.0
2018-06-18 00:00:00+09:00,453.4458479506701,454.38078784335187,439.4217495604432,440.356689453125,46900,0.0,0.0
2018-06-19 00:00:00+09:00,440.3567030455367,442.22658288861754,436.616943359375,436.616943359375,16200,0.0,0.0
2018-06-20 00:00:00+09:00,434.7470534304355,439.4217529296875,431.9422337308843,439.4217529296875,13200,0.0,0.0
2018-06-21 00:00:00+09:00,437.55187649920043,444.0964558485474,437.55187649920043,438.48681640625,7100,0.0,0.0
2018-06-22 00:00:00+09:00,431.00728697807693,436.6169262879868,431.00728697807693,432.8771667480469,22700,0.0,0.0
2018-06-25 00:00:00+09:00,434.74707051327357,434.74707051327357,426.3326110839844,426.3326110839844,13300,0.0,0.0
2018-06-26 00:00:00+09:00,426.33258391998623,427.2675237970038,422.5928244119162,425.39764404296875,11300,0.0,0.0
2018-06-27 00:00:00+09:00,430.072350238859,430.072350238859,422.59283110427015,423.52777099609375,10000,0.0,0.0
2018-06-28 00:00:00+09:00,424.4627210828993,431.0073004828559,424.4627210828993,429.1374206542969,9400,0.0,0.0
2018-06-29 00:00:00+09:00,427.2675237970038,427.2675237970038,421.6578845348987,425.39764404296875,9500,0.0,0.0
2018-07-02 00:00:00+09:00,424.46272809630375,424.46272809630375,409.5036892206631,410.4386291503906,27500,0.0,0.0
2018-07-03 00:00:00+09:00,402.9590890692752,404.82896883293773,387.0651110781437,390.80487060546875,46800,0.0,0.0
2018-07-04 00:00:00+09:00,391.73981725252594,394.54463694645807,383.32535817072943,388.93499755859375,26000,0.0,0.0
2018-07-05 00:00:00+09:00,386.13016369568174,388.93498328669153,375.8458251953125,375.8458251953125,16100,0.0,0.0
2018-07-06 00:00:00+09:00,376.78078216185054,388.00006103515625,376.78078216185054,388.00006103515625,14000,0.0,0.0
2018-07-09 00:00:00+09:00,382.3904113769531,386.1301709014221,380.5205316147186,382.3904113769531,18700,0.0,0.0
2018-07-10 00:00:00+09:00,388.9349871379573,399.2193257401629,383.3253479003906,383.3253479003906,17600,0.0,0.0
2018-07-11 00:00:00+09:00,388.00004051726995,388.00004051726995,382.39040137726124,385.1952209472656,10000,0.0,0.0
2018-07-12 00:00:00+09:00,388.00006103515625,390.8048807534827,386.13018122293863,388.00006103515625,10800,0.0,0.0
2018-07-13 00:00:00+09:00,390.80485729922617,395.4795565492169,388.0000377492317,394.54461669921875,10000,0.0,0.0
2018-07-16 00:00:00+09:00,394.54461669921875,394.54461669921875,394.54461669921875,394.54461669921875,0,0.0,0.0
2018-07-17 00:00:00+09:00,395.4795768444355,397.34945664039026,388.0000576606164,388.93499755859375,18300,0.0,0.0
2018-07-18 00:00:00+09:00,393.60969719381893,399.21933658375457,390.8048774988511,397.3494567871094,16100,0.0,0.0
2018-07-19 00:00:00+09:00,395.47957030392365,401.08920959901474,394.54463042140844,399.2193298339844,11500,0.0,0.0
2018-07-20 00:00:00+09:00,399.2193298339844,401.08920959901474,398.28438995146917,399.2193298339844,5200,0.0,0.0
2018-07-23 00:00:00+09:00,396.41454308312217,417.91816216546135,396.41454308312217,415.11334228515625,28300,0.0,0.0
2018-07-24 00:00:00+09:00,412.30849558062255,425.3976541704836,412.30849558062255,422.59283447265625,18100,0.0,0.0
2018-07-25 00:00:00+09:00,426.332587012816,426.332587012816,411.3735488720155,416.0482482910156,29800,0.0,0.0
2018-07-26 00:00:00+09:00,415.113325361772,415.113325361772,408.5687459078702,411.3735656738281,15600,0.0,0.0
2018-07-27 00:00:00+09:00,409.5036858298562,412.3085055958141,408.5687459078702,411.3735656738281,14400,0.0,0.0
2018-07-30 00:00:00+09:00,412.30850915243457,414.17838901253634,400.1542900617732,402.024169921875,16600,0.0,0.0
2018-07-31 00:00:00+09:00,400.1542833116319,400.1542833116319,395.4795837402344,395.4795837402344,18900,0.0,0.0
2018-08-01 00:00:00+09:00,395.4795666241703,400.1542659932503,390.80486725509024,391.73980712890625,23300,0.0,0.0
2018-08-02 00:00:00+09:00,394.544626375524,395.4795662484518,383.3253479003906,383.3253479003906,22500,0.0,0.0
2018-08-03 00:00:00+09:00,384.2602945215562,387.0651141895967,381.4554748535156,381.4554748535156,8100,0.0,0.0
2018-08-06 00:00:00+09:00,381.4554643773321,384.26028396834187,375.8458251953125,375.8458251953125,16000,0.0,0.0
2018-08-07 00:00:00+09:00,375.8458322091324,382.3904113769531,375.8458322091324,382.3904113769531,10900,0.0,0.0
2018-08-08 00:00:00+09:00,385.1952313144812,395.4795700146251,385.1952313144812,390.80487060546875,21300,0.0,0.0
2018-08-09 00:00:00+09:00,388.9349908418062,397.34944977828764,388.9349908418062,390.80487060546875,15100,0.0,0.0
2018-08-10 00:00:00+09:00,390.80487374698413,394.54463330437153,381.4554748535156,381.4554748535156,10200,0.0,0.0
2018-08-13 00:00:00+09:00,388.93498750745823,392.67474700272226,382.3904083907462,391.73980712890625,22100,0.0,0.0
2018-08-14 00:00:00+09:00,394.54464052125434,406.69885930508445,393.6097006148059,404.8289794921875,37700,0.0,0.0
2018-08-15 00:00:00+09:00,402.024159841408,416.04825844052687,401.0892199348001,413.2434387207031,34100,0.0,0.0
2018-08-16 00:00:00+09:00,411.3735727163462,411.3735727163462,397.34947364647076,401.0892333984375,31600,0.0,0.0
2018-08-17 00:00:00+09:00,402.95908633304134,411.3735452123856,402.95908633304134,408.5687255859375,27100,0.0,0.0
2018-08-20 00:00:00+09:00,412.30852240485115,416.04828224525795,410.4386424846477,415.11334228515625,19700,0.0,0.0
2018-08-21 00:00:00+09:00,416.04826185438367,416.04826185438367,406.6988627115885,412.3085021972656,17200,0.0,0.0
2018-08-22 00:00:00+09:00,408.5687526894487,414.1783923144754,407.63381275194416,409.5036926269531,10100,0.0,0.0
2018-08-23 00:00:00+09:00,411.3735793927394,411.3735793927394,404.82899972058215,407.6338195800781,5700,0.0,0.0
2018-08-24 00:00:00+09:00,402.95911327442093,402.95911327442093,398.2844135844624,401.0892333984375,16200,0.0,0.0
2018-08-27 00:00:00+09:00,406.6988661339001,406.6988661339001,402.0241665231656,402.9591064453125,10000,0.0,0.0
2018-08-28 00:00:00+09:00,408.5687526894487,410.4386325644576,399.21935331440403,409.5036926269531,10400,0.0,0.0
2018-08-29 00:00:00+09:00,412.3085021972656,412.3085021972656,408.5687425401475,412.3085021972656,11600,0.0,0.0
2018-08-30 00:00:00+09:00,411.3735519935345,414.1783716662177,406.6988525390625,406.6988525390625,8100,0.0,0.0
2018-08-31 00:00:00+09:00,394.5446571991822,403.8940566588785,394.5446571991822,400.154296875,44900,0.0,0.0
2018-09-03 00:00:00+09:00,400.15427309134753,402.9590927625486,393.60969385854514,398.2843933105469,13800,0.0,0.0
2018-09-04 00:00:00+09:00,402.02415970136536,402.02415970136536,386.1301812945672,396.4145202636719,19600,0.0,0.0
2018-09-05 00:00:00+09:00,389.8699307236375,392.6747503691313,388.00005095997494,390.80487060546875,13400,0.0,0.0
2018-09-06 00:00:00+09:00,391.7398104873,397.34944977828764,387.0651110781437,390.80487060546875,15500,0.0,0.0
2018-09-07 00:00:00+09:00,390.8048773545485,392.6747571505033,385.1952379666842,388.93499755859375,13200,0.0,0.0
2018-09-10 00:00:00+09:00,388.93498750745823,394.54462675035427,388.93498750745823,391.73980712890625,5300,0.0,0.0
2018-09-11 00:00:00+09:00,391.73980712890625,395.4795666241703,387.0651077598262,391.73980712890625,12800,0.0,0.0
2018-09-12 00:00:00+09:00,390.8048739719162,391.73981386180117,380.52053518318155,389.86993408203125,27600,0.0,0.0
2018-09-13 00:00:00+09:00,389.86994767824035,394.5446472906893,381.4554883758323,386.13018798828125,13500,0.0,0.0
2018-09-14 00:00:00+09:00,385.1952280121942,391.73980712890625,385.1952280121942,391.73980712890625,14000,0.0,0.0
2018-09-17 00:00:00+09:00,391.73980712890625,391.73980712890625,391.73980712890625,391.73980712890625,0,0.0,0.0
2018-09-18 00:00:00+09:00,392.6747537516861,392.6747537516861,377.7157155135267,389.86993408203125,28500,0.0,0.0
2018-09-19 00:00:00+09:00,390.80486725509024,391.73980712890625,388.0000476336422,391.73980712890625,14000,0.0,0.0
2018-09-20 00:00:00+09:00,392.67474700272226,393.60968687653826,389.86992738127424,391.73980712890625,16600,0.0,0.0
2018-09-21 00:00:00+09:00,391.7398140777444,398.2843933105469,391.7398140777444,398.2843933105469,24000,0.0,0.0
2018-09-24 00:00:00+09:00,398.2843933105469,398.2843933105469,398.2843933105469,398.2843933105469,0,0.0,0.0
2018-09-25 00:00:00+09:00,402.024169921875,402.024169921875,395.47959041151887,402.024169921875,17000,0.0,0.0
2018-09-26 00:00:00+09:00,412.3084988140952,413.2434387207031,404.8289795612318,413.2434387207031,27600,0.0,0.0
2018-09-27 00:00:00+09:00,411.3735519935345,411.3735519935345,402.9590929754849,406.6988525390625,21900,0.0,0.0
2018-09-28 00:00:00+09:00,406.6988796269128,411.3735793927394,406.6988796269128,407.6338195800781,13600,0.0,0.0
2018-10-01 00:00:00+09:00,411.3735656738281,415.113325361772,409.5036858298562,411.3735656738281,18900,0.0,0.0
2018-10-02 00:00:00+09:00,416.0482861918788,416.0482861918788,405.7639465332031,405.7639465332031,16400,0.0,0.0
2018-10-03 00:00:00+09:00,409.50367895162333,409.50367895162333,394.5446404511074,396.4145202636719,17300,0.0,0.0
2018-10-04 00:00:00+09:00,398.28441034529953,399.21935027568753,393.6097106933594,393.6097106933594,14500,0.0,0.0
2018-10-05 00:00:00+09:00,395.4795837402344,396.41452365451386,389.86994425455725,395.4795837402344,14400,0.0,0.0
2018-10-08 00:00:00+09:00,395.4795837402344,395.4795837402344,395.4795837402344,395.4795837402344,0,0.0,0.0
2018-10-09 00:00:00+09:00,400.1542798145708,400.1542798145708,385.1952413168298,388.00006103515625,29200,0.0,0.0
2018-10-10 00:00:00+09:00,387.065117762639,392.6747571505033,383.32535817072943,388.93499755859375,20600,0.0,0.0
2018-10-11 00:00:00+09:00,379.58557793645576,385.1952170192605,377.7156982421875,377.7156982421875,30500,0.0,0.0
2018-10-12 00:00:00+09:00,376.7807583950534,381.455457630724,375.84581854791924,377.7156982421875,15500,0.0,0.0
2018-10-15 00:00:00+09:00,376.7807650589824,380.5205245136621,375.8458251953125,375.8458251953125,20800,0.0,0.0
2018-10-16 00:00:00+09:00,376.7807650589824,384.26028396834187,375.8458251953125,375.8458251953125,11400,0.0,0.0
2018-10-17 00:00:00+09:00,387.06512451171875,387.06512451171875,377.7157253689236,378.6506652832031,8300,0.0,0.0
2018-10-18 00:00:00+09:00,381.455481618496,381.455481618496,379.5856018066406,379.5856018066406,10100,0.0,0.0
2018-10-19 00:00:00+09:00,378.6506652832031,380.52054511176215,377.7157253689236,378.6506652832031,9600,0.0,0.0
2018-10-22 00:00:00+09:00,378.6506380893216,381.455457630724,376.7807583950534,377.7156982421875,6900,0.0,0.0
2018-10-23 00:00:00+09:00,377.7157049226523,378.6506447863223,375.8458251953125,375.8458251953125,15400,0.0,0.0
2018-10-24 00:00:00+09:00,377.7157049226523,377.7157049226523,374.91088533164253,375.8458251953125,13400,0.0,0.0
2018-10-25 00:00:00+09:00,373.9759484115912,374.9108882826202,365.5614895723304,366.4964294433594,31500,0.0,0.0
2018-10-26 00:00:00+09:00,372.106096185194,372.106096185194,361.82175684339217,367.431396484375,29900,0.0,0.0
2018-10-29 00:00:00+09:00,364.6265665690104,376.7807854546441,361.8217468261719,361.8217468261719,15200,0.0,0.0
2018-10-30 00:00:00+09:00,358.0819806429609,373.0410189988026,350.60246146504005,372.1060791015625,29200,0.0,0.0
2018-10-31 00:00:00+09:00,373.97594266724815,385.1952209472656,371.1711230972438,385.1952209472656,16000,0.0,0.0
2018-11-01 00:00:00+09:00,385.19524468315973,387.06512451171875,377.7157253689236,378.6506652832031,10500,0.0,0.0
2018-11-02 00:00:00+09:00,381.4554883758323,387.065127910771,381.4554883758323,386.13018798828125,9500,0.0,0.0
2018-11-05 00:00:00+09:00,383.3253580229288,385.19523781816264,376.7807787396105,380.5205383300781,7100,0.0,0.0
2018-11-06 00:00:00+09:00,384.2602945215562,384.2602945215562,380.52053496416875,381.4554748535156,10300,0.0,0.0
2018-11-07 00:00:00+09:00,381.4554748535156,386.1301743002499,381.4554748535156,381.4554748535156,9200,0.0,0.0
2018-11-08 00:00:00+09:00,382.3904282983221,388.0000678332608,380.52054845334254,386.13018798828125,11400,0.0,0.0
2018-11-09 00:00:00+09:00,387.06512120084943,398.28440007623635,387.06512120084943,396.4145202636719,35100,0.0,0.0
2018-11-12 00:00:00+09:00,390.8048708913477,400.1542697164996,390.8048708913477,399.2193298339844,16400,0.0,0.0
2018-11-13 00:00:00+09:00,373.9759524468979,392.6747500692428,373.9759524468979,382.3904113769531,42000,0.0,0.0
2018-11-14 00:00:00+09:00,397.34944599430736,397.34944599430736,383.3253479003906,383.3253479003906,33000,0.0,0.0
2018-11-15 00:00:00+09:00,383.32536822081187,388.0000678332608,383.32536822081187,386.13018798828125,5300,0.0,0.0
2018-11-16 00:00:00+09:00,383.32537500237606,388.000074697527,373.97597561207425,384.26031494140625,31100,0.0,0.0
2018-11-19 00:00:00+09:00,384.26030814330164,388.9350077557506,380.52054845334254,386.13018798828125,8800,0.0,0.0
2018-11-20 00:00:00+09:00,381.4554685169302,394.54462675035427,380.5205286431142,391.73980712890625,32500,0.0,0.0
2018-11-21 00:00:00+09:00,384.26029474272144,394.5446335314561,380.52053518318155,389.86993408203125,42800,0.0,0.0
2018-11-22 00:00:00+09:00,394.5446301327938,394.5446301327938,382.3904116689874,390.80487060546875,13700,0.0,0.0
2018-11-23 00:00:00+09:00,390.80487060546875,390.80487060546875,390.80487060546875,390.80487060546875,0,0.0,0.0
2018-11-26 00:00:00+09:00,448.7711480753311,461.8603065608616,410.43861251056325,423.52777099609375,669700,0.0,0.0
2018-11-27 00:00:00+09:00,427.2675408257378,429.1374206542969,416.04826185438367,420.72296142578125,126300,0.0,0.0
2018-11-28 00:00:00+09:00,416.0482482910156,421.6578875938158,413.2434286396155,416.0482482910156,59700,0.0,0.0
2018-11-29 00:00:00+09:00,419.78801101158405,419.78801101158405,405.7639126481681,406.6988525390625,40000,0.0,0.0
2018-11-30 00:00:00+09:00,403.89404296875,413.2434421115451,402.024163140191,412.3085021972656,31100,0.0,0.0
2018-12-03 00:00:00+09:00,413.24346236495285,417.91816216546135,413.24346236495285,415.11334228515625,37600,0.0,0.0
2018-12-04 00:00:00+09:00,416.0482759564836,417.9181558484229,400.154296875,400.154296875,49600,0.0,0.0
2018-12-05 00:00:00+09:00,398.28438995146917,407.63378877662103,398.28438995146917,399.2193298339844,45100,0.0,0.0
2018-12-06 00:00:00+09:00,397.3494429815383,401.08920244489394,380.52052539643785,392.67474365234375,63900,0.0,0.0
2018-12-07 00:00:00+09:00,393.60969719381893,400.1542764820772,393.60969719381893,397.3494567871094,19300,0.0,0.0
2018-12-10 00:00:00+09:00,391.73981725252594,400.15427633432245,388.93499755859375,388.93499755859375,24600,0.0,0.0
2018-12-11 00:00:00+09:00,388.93498037393806,398.2843789406193,385.1952209472656,385.1952209472656,28600,0.0,0.0
2018-12-12 00:00:00+09:00,383.3253346318784,399.2193119214928,381.45545495074725,387.0650939941406,24400,0.0,0.0
2018-12-13 00:00:00+09:00,385.1952513198671,398.28441034529953,385.1952513198671,393.6097106933594,38000,0.0,0.0
2018-12-14 00:00:00+09:00,393.60970054482516,397.3494601699541,390.8048808259784,396.4145202636719,34300,0.0,0.0
2018-12-17 00:00:00+09:00,391.73981386180117,400.1542728707659,389.86993408203125,389.86993408203125,26800,0.0,0.0
2018-12-18 00:00:00+09:00,382.3904113769531,390.80487030700834,380.5205316147186,382.3904113769531,22200,0.0,0.0
2018-12-19 00:00:00+09:00,379.5856018066406,382.3904215244237,377.71572199478527,379.5856018066406,14600,0.0,0.0
2018-12-20 00:00:00+09:00,376.7807925533939,381.45549221286524,358.0819939155083,359.9518737792969,70100,0.0,0.0
2018-12-21 00:00:00+09:00,359.95188130417915,364.62658106137627,336.57838251819345,341.2530822753906,51400,0.0,0.0
2018-12-24 00:00:00+09:00,341.2530822753906,341.2530822753906,341.2530822753906,341.2530822753906,0,0.0,0.0
2018-12-25 00:00:00+09:00,315.07472430366226,330.9687014940547,315.07472430366226,318.8144836425781,73100,0.0,0.0
2018-12-26 00:00:00+09:00,330.9687226761219,336.5783620435138,315.07474446851154,321.61932373046875,53200,0.0,0.0
2018-12-27 00:00:00+09:00,344.0578884548611,345.9277682834201,332.8386094835069,336.578369140625,26700,0.0,0.0
2018-12-28 00:00:00+09:00,336.578369140625,354.34222751193573,336.578369140625,344.9928283691406,14900,0.0,0.0
2018-12-31 00:00:00+09:00,344.9928283691406,344.9928283691406,344.9928283691406,344.9928283691406,0,0.0,0.0
2019-01-04 00:00:00+09:00,337.51330582510514,355.2771640264265,337.51330582510514,354.34222412109375,39800,0.0,0.0
2019-01-07 00:00:00+09:00,357.147025247222,403.89401808062803,357.147025247222,385.1952209472656,152300,0.0,0.0
2019-01-08 00:00:00+09:00,392.67473980061055,399.21931879728743,383.32534123392935,385.1952209472656,66500,0.0,0.0
2019-01-09 00:00:00+09:00,388.00005066365657,392.6747500692428,380.5205316147186,382.3904113769531,37400,0.0,0.0
2019-01-10 00:00:00+09:00,382.3904355269959,382.3904355269959,355.2771772622456,367.431396484375,44400,0.0,0.0
2019-01-11 00:00:00+09:00,365.56150983979427,377.7157288370253,365.56150983979427,369.30126953125,14900,0.0,0.0
2019-01-15 00:00:00+09:00,370.23621944893625,374.9109191894531,370.23621944893625,374.9109191894531,8500,0.0,0.0
2019-01-16 00:00:00+09:00,373.9759792413497,376.78079908565985,373.9759792413497,374.9109191894531,8100,0.0,0.0
2019-01-17 00:00:00+09:00,376.78078216185054,388.93500094126506,375.84584225574173,388.00006103515625,25100,0.0,0.0
2019-01-18 00:00:00+09:00,392.67473303753394,392.67473303753394,385.1952143130095,387.0650939941406,29600,0.0,0.0
2019-01-21 00:00:00+09:00,388.000074697527,390.80489451461756,383.32537500237606,384.26031494140625,13100,0.0,0.0
2019-01-22 00:00:00+09:00,382.39041107177735,382.39041107177735,371.1711325073242,373.9759521484375,12400,0.0,0.0
2019-01-23 00:00:00+09:00,366.49642655861317,379.5855846499922,366.49642655861317,375.8458251953125,13100,0.0,0.0
2019-01-24 00:00:00+09:00,371.1711193122486,377.7156982421875,371.1711193122486,377.7156982421875,4900,0.0,0.0
2019-01-25 00:00:00+09:00,377.7157119713669,384.2602911391876,374.91089232801517,382.3904113769531,21300,0.0,0.0
2019-01-28 00:00:00+09:00,386.13016369568174,386.13016369568174,373.0410056043027,375.8458251953125,15200,0.0,0.0
2019-01-29 00:00:00+09:00,375.84584210681675,375.84584210681675,367.4313829551716,371.171142578125,10900,0.0,0.0
2019-01-30 00:00:00+09:00,370.23618219830666,373.97594161445113,368.3663024902344,368.3663024902344,12000,0.0,0.0
2019-01-31 00:00:00+09:00,377.71574288682865,377.71574288682865,364.62658347985933,365.5615234375,11000,0.0,0.0
2019-02-01 00:00:00+09:00,365.56149966673865,369.30125925412216,359.0169203888175,363.6916198730469,12500,0.0,0.0
2019-02-04 00:00:00+09:00,360.88680018250926,369.30125925412216,360.88680018250926,363.6916198730469,15700,0.0,0.0
2019-02-05 00:00:00+09:00,368.3663262261285,370.2362060546875,366.4964463975694,370.2362060546875,7200,0.0,0.0
2019-02-06 00:00:00+09:00,370.2362094541139,376.7807889141614,369.30126953125,369.30126953125,12700,0.0,0.0
2019-02-07 00:00:00+09:00,366.49646027965895,368.366340179045,350.60248113487785,358.0820007324219,32000,0.0,0.0
2019-02-08 00:00:00+09:00,351.53741439224837,360.88681371119117,345.92777480088273,359.9518737792969,24600,0.0,0.0
2019-02-12 00:00:00+09:00,359.9518806318079,381.45549947474706,358.0820007324219,358.0820007324219,50200,0.0,0.0
2019-02-13 00:00:00+09:00,363.69162999406643,376.7807889141614,363.69162999406643,369.30126953125,16100,0.0,0.0
2019-02-14 00:00:00+09:00,370.23619930708225,380.52053817672345,370.23619930708225,372.1060791015625,27500,0.0,0.0
2019-02-15 00:00:00+09:00,364.62655992364165,372.1060791015625,358.0819806429609,372.1060791015625,32700,0.0,0.0
2019-02-18 00:00:00+09:00,376.7807887633834,401.0892267481178,376.7807887633834,386.13018798828125,55200,0.0,0.0
2019-02-19 00:00:00+09:00,388.0000573546443,392.67475684084485,364.62655992364165,372.1060791015625,51100,0.0,0.0
2019-02-20 00:00:00+09:00,376.78077540678134,383.3253546322093,373.9759557387408,381.4554748535156,18100,0.0,0.0
2019-02-21 00:00:00+09:00,383.3253614303514,387.0651210540621,374.9109022770022,379.5856018066406,48100,0.0,0.0
2019-02-22 00:00:00+09:00,375.84584554036456,381.45548502604163,375.84584554036456,378.6506652832031,14100,0.0,0.0
2019-02-25 00:00:00+09:00,378.65066197406816,392.6747605657003,378.65066197406816,388.00006103515625,35700,0.0,0.0
2019-02-26 00:00:00+09:00,391.7397931969684,396.4144923997962,383.3253346318784,387.0650939941406,36700,0.0,0.0
2019-02-27 00:00:00+09:00,389.8699307236375,391.7398104873,388.00005095997494,390.80487060546875,10200,0.0,0.0
2019-02-28 00:00:00+09:00,392.6747605657003,392.6747605657003,385.1952413168298,388.00006103515625,34000,0.0,0.0
2019-03-01 00:00:00+09:00,385.1952280121942,391.73980712890625,382.3904083907462,391.73980712890625,20200,0.0,0.0
2019-03-04 00:00:00+09:00,398.2844034830729,407.63380262586804,391.7398240831163,403.89404296875,67300,0.0,0.0
2019-03-05 00:00:00+09:00,398.28440676602446,411.3735656738281,398.28440676602446,411.3735656738281,37500,0.0,0.0
2019-03-06 00:00:00+09:00,414.17838886930076,416.04826872875583,404.82898957202536,410.4386291503906,55200,0.0,0.0
2019-03-07 00:00:00+09:00,406.6988627115885,406.6988627115885,397.3494635687934,403.89404296875,37500,0.0,0.0
2019-03-08 00:00:00+09:00,399.2193159492095,403.8940151992002,384.2602783492391,394.54461669921875,39800,0.0,0.0
2019-03-11 00:00:00+09:00,392.6747639973958,398.2844034830729,383.32536485460065,395.4795837402344,34100,0.0,0.0
2019-03-12 00:00:00+09:00,399.2193159492095,402.02413549920396,394.54461669921875,394.54461669921875,14600,0.0,0.0
2019-03-13 00:00:00+09:00,395.47958035738964,396.4145202636719,388.00006110713167,396.4145202636719,16600,0.0,0.0
2019-03-14 00:00:00+09:00,393.6097004718091,397.34946009624434,387.06512112904744,388.00006103515625,22900,0.0,0.0
2019-03-15 00:00:00+09:00,390.8048533564028,397.34943224036175,383.3253346318784,387.0650939941406,42000,0.0,0.0
2019-03-18 00:00:00+09:00,388.0000576606164,397.34945664039026,387.065117762639,388.93499755859375,20100,0.0,0.0
2019-03-19 00:00:00+09:00,393.6097004718091,394.5446403779179,386.13018122293863,388.00006103515625,23200,0.0,0.0
2019-03-20 00:00:00+09:00,385.1952313144812,394.5446301327938,383.32535155081865,390.80487060546875,69400,0.0,0.0
2019-03-22 00:00:00+09:00,390.80485729922617,396.41449639921507,388.0000377492317,394.54461669921875,50900,0.0,0.0
2019-03-25 00:00:00+09:00,390.8048807534827,390.8048807534827,381.4554816923946,388.00006103515625,34300,0.0,0.0
2019-03-26 00:00:00+09:00,411.3735589074873,447.83621526519636,400.15428002819215,413.2434387207031,331400,0.0,0.0
2019-03-27 00:00:00+09:00,454.471914109906,505.28839395763805,439.13109000493023,493.78277587890625,1194300,11.0,0.0
2019-03-28 00:00:00+09:00,505.2883886174198,535.0112350066798,502.4119841281366,515.835205078125,2361400,0.0,0.0
2019-03-29 00:00:00+09:00,527.3408349808267,530.2172395352676,457.34832415609884,470.77154541015625,2192200,0.0,0.0
2019-04-01 00:00:00+09:00,455.4307299056773,489.94758522484443,434.3370960995196,438.17230224609375,1379300,0.0,0.0
2019-04-02 00:00:00+09:00,443.92511200957244,443.92511200957244,426.6666843288547,436.25469970703125,368500,0.0,0.0
2019-04-03 00:00:00+09:00,430.5018904801253,438.1723027826666,426.6666843288547,436.25469970703125,152800,0.0,0.0
2019-04-04 00:00:00+09:00,434.3370974380358,437.21350205683075,427.6254866608476,433.3782958984375,116000,0.0,0.0
2019-04-05 00:00:00+09:00,432.41949172247024,442.96630859375,432.41949172247024,442.96630859375,106400,0.0,0.0
2019-04-08 00:00:00+09:00,439.1311054102862,450.63672389265173,430.501891548512,432.41949462890625,104500,0.0,0.0
2019-04-09 00:00:00+09:00,435.29587040551644,439.131076312173,417.0786423488979,423.7902526855469,125200,0.0,0.0
2019-04-10 00:00:00+09:00,418.9962463378906,418.9962463378906,411.32583450561805,418.9962463378906,65700,0.0,0.0
2019-04-11 00:00:00+09:00,418.0374469980423,418.9962484819827,407.4906306746972,409.4082336425781,49700,0.0,0.0
2019-04-12 00:00:00+09:00,413.2434385087755,416.11984295315216,405.5730266571045,414.2022399902344,60200,0.0,0.0
2019-04-15 00:00:00+09:00,415.1610391931125,426.6666569074713,415.1610391931125,424.7490539550781,41100,0.0,0.0
2019-04-16 00:00:00+09:00,425.70785626735125,432.4194666139086,418.0374444427143,420.9138488769531,46600,0.0,0.0
2019-04-17 00:00:00+09:00,420.9138488769531,425.70785626735125,416.11984148655506,420.9138488769531,51200,0.0,0.0
2019-04-18 00:00:00+09:00,423.7902548048231,423.7902548048231,407.4906296200223,414.2022399902344,73300,0.0,0.0
2019-04-19 00:00:00+09:00,414.20224041606104,417.0786448633948,409.4082330038381,412.2846374511719,28300,0.0,0.0
2019-04-22 00:00:00+09:00,412.2846378789884,412.2846378789884,402.6966230445933,410.3670349121094,67300,0.0,0.0
2019-04-23 00:00:00+09:00,408.44943152139354,412.2846374511719,405.5730270740598,412.2846374511719,16900,0.0,0.0
2019-04-24 00:00:00+09:00,412.2846380943995,418.9962484819827,409.4082336425781,409.4082336425781,38000,0.0,0.0
2019-04-25 00:00:00+09:00,409.4082336425781,410.36703512651854,403.6554247389353,409.4082336425781,50100,0.0,0.0
2019-04-26 00:00:00+09:00,410.367036213807,410.367036213807,403.655425808441,404.6142272949219,28000,0.0,0.0
2019-05-07 00:00:00+09:00,410.3670368786359,411.32583836667004,401.7378234863281,401.7378234863281,41300,0.0,0.0
2019-05-08 00:00:00+09:00,401.7378243687641,408.44943479974586,395.98501542792263,397.9026184082031,51300,0.0,0.0
2019-05-09 00:00:00+09:00,396.9438196376299,396.9438196376299,386.3970031738281,386.3970031738281,58400,0.0,0.0
2019-05-10 00:00:00+09:00,388.31460503970874,398.86142147288604,385.4382005579331,391.1910095214844,54400,0.0,0.0
2019-05-13 00:00:00+09:00,389.2734076639559,393.1086136507929,383.52059868370037,386.3970031738281,53700,0.0,0.0
2019-05-14 00:00:00+09:00,407.4906326366954,409.40823561380927,388.3146028655568,400.7790222167969,166100,0.0,0.0
2019-05-15 00:00:00+09:00,410.36703577581443,410.36703577581443,394.06741052303676,406.5318298339844,87100,0.0,0.0
2019-05-16 00:00:00+09:00,410.36703512651854,410.36703512651854,398.861417319233,409.4082336425781,24900,0.0,0.0
2019-05-17 00:00:00+09:00,411.3258361816406,414.2022406304633,407.49063024987703,411.3258361816406,33400,0.0,0.0
2019-05-20 00:00:00+09:00,412.28463896622895,414.2022419381649,400.7790211346133,405.5730285644531,35300,0.0,0.0
2019-05-21 00:00:00+09:00,400.7790246911951,402.6966276801482,390.2322082519531,390.2322082519531,52300,0.0,0.0
2019-05-22 00:00:00+09:00,391.191009297639,396.94381825789844,388.31460481750935,392.1498107910156,42100,0.0,0.0
2019-05-23 00:00:00+09:00,389.2734076639559,390.23220916066515,385.4382016771189,386.3970031738281,25400,0.0,0.0
2019-05-24 00:00:00+09:00,409.4082340734145,418.996248922909,398.8614177389706,407.4906311035156,261200,0.0,0.0
2019-05-27 00:00:00+09:00,405.57302791971557,411.3258368263782,400.7790204974967,408.4494323730469,41400,0.0,0.0
2019-05-28 00:00:00+09:00,408.4494325884651,411.3258370433134,403.65542516371784,407.4906311035156,50900,0.0,0.0
2019-05-29 00:00:00+09:00,404.614228615394,405.5730301050039,395.98501520890454,398.8614196777344,28800,0.0,0.0
2019-05-30 00:00:00+09:00,396.943815403075,406.5318302678836,395.0262124301133,404.6142272949219,19500,0.0,0.0
2019-05-31 00:00:00+09:00,403.65542757338375,403.65542757338375,393.1086111759794,396.9438171386719,21100,0.0,0.0
2019-06-03 00:00:00+09:00,386.39700363045023,392.1498126175041,383.5205991369233,384.4794006347656,47300,0.0,0.0
2019-06-04 00:00:00+09:00,389.273404781635,398.8614196777344,388.314603292025,398.8614196777344,32300,0.0,0.0
2019-06-05 00:00:00+09:00,401.7378215611538,411.3258363955489,401.7378215611538,410.3670349121094,36100,0.0,0.0
2019-06-06 00:00:00+09:00,406.53183137084085,407.490632859923,399.8202209472656,399.8202209472656,16300,0.0,0.0
2019-06-07 00:00:00+09:00,399.8202190130529,410.3670353419344,396.9438145597216,408.4494323730469,27400,0.0,0.0
2019-06-10 00:00:00+09:00,409.40823385749064,412.28463831082195,408.4494323730469,408.4494323730469,17600,0.0,0.0
2019-06-11 00:00:00+09:00,405.57302749491186,410.3670349121094,405.57302749491186,410.3670349121094,18600,0.0,0.0
2019-06-12 00:00:00+09:00,409.40823516845705,409.40823516845705,401.73782326834544,402.6966247558594,32300,0.0,0.0
2019-06-13 00:00:00+09:00,402.6966249743623,402.6966249743623,397.90261753419134,401.7378234863281,27500,0.0,0.0
2019-06-14 00:00:00+09:00,403.6554262433733,406.5318307059152,400.7790217808315,402.6966247558594,13700,0.0,0.0
2019-06-17 00:00:00+09:00,398.8614196777344,401.7378241465642,396.94381669851447,398.8614196777344,12200,0.0,0.0
2019-06-18 00:00:00+09:00,400.7790233251835,401.73782481639205,393.1086113955149,395.9850158691406,34600,0.0,0.0
2019-06-19 00:00:00+09:00,397.9026158352925,409.4082336425781,396.94381435135205,409.4082336425781,34300,0.0,0.0
2019-06-20 00:00:00+09:00,407.49063197337534,407.49063197337534,402.6966245383945,403.6554260253906,14300,0.0,0.0
2019-06-21 00:00:00+09:00,407.4906321934291,407.4906321934291,400.7790217808315,402.6966247558594,13500,0.0,0.0
2019-06-24 00:00:00+09:00,405.5730294384649,405.5730294384649,397.90261753419134,401.7378234863281,11900,0.0,0.0
2019-06-25 00:00:00+09:00,401.73782392542995,404.61422839267647,397.9026179691013,399.8202209472656,11100,0.0,0.0
2019-06-26 00:00:00+09:00,402.69662541451214,402.69662541451214,399.8202209472656,399.8202209472656,10500,0.0,0.0
2019-06-27 00:00:00+09:00,401.73782262058126,409.40823450832505,401.73782262058126,405.5730285644531,26400,0.0,0.0
2019-06-28 00:00:00+09:00,402.69662541451214,403.65542690359433,398.86141945818343,399.8202209472656,21000,0.0,0.0
2019-07-01 00:00:00+09:00,405.57302791971557,408.4494323730469,401.73782198194044,408.4494323730469,13800,0.0,0.0
2019-07-02 00:00:00+09:00,409.40823450832505,409.40823450832505,401.73782262058126,405.5730285644531,41000,0.0,0.0
2019-07-03 00:00:00+09:00,406.5318302678836,406.5318302678836,402.69662432196014,404.6142272949219,17900,0.0,0.0
2019-07-04 00:00:00+09:00,405.57302834852686,408.4494328048994,403.65542537761183,406.5318298339844,27300,0.0,0.0
2019-07-05 00:00:00+09:00,406.53182940415934,408.4494323730469,403.65542495082803,408.4494323730469,15300,0.0,0.0
2019-07-08 00:00:00+09:00,408.4494325884651,410.36703555836397,405.57302813361673,407.4906311035156,18700,0.0,0.0
2019-07-09 00:00:00+09:00,408.44943368094306,408.44943368094306,399.8202202933175,402.6966247558594,24500,0.0,0.0
2019-07-10 00:00:00+09:00,400.7790224363478,400.7790224363478,396.9438164800191,399.8202209472656,26800,0.0,0.0
2019-07-11 00:00:00+09:00,399.8202200774059,404.61422751238683,395.98501412942124,403.6554260253906,16500,0.0,0.0
2019-07-12 00:00:00+09:00,402.69662653358233,402.69662653358233,395.0262145996094,395.0262145996094,24600,0.0,0.0
2019-07-16 00:00:00+09:00,397.9026179691013,403.65542690359433,396.9438164800191,399.8202209472656,23300,0.0,0.0
2019-07-17 00:00:00+09:00,398.8614198983434,398.8614198983434,393.10861095750187,397.9026184082031,30800,0.0,0.0
2019-07-18 00:00:00+09:00,395.98501631465274,395.98501631465274,393.1086118377908,394.0674133300781,30200,0.0,0.0
2019-07-19 00:00:00+09:00,393.1086111759794,397.902618629345,393.1086111759794,396.9438171386719,19300,0.0,0.0
2019-07-22 00:00:00+09:00,395.98501520890454,398.8614196777344,394.0674122296847,398.8614196777344,11500,0.0,0.0
2019-07-23 00:00:00+09:00,396.9438173603492,401.73782481639205,395.9850158691406,395.9850158691406,14900,0.0,0.0
2019-07-24 00:00:00+09:00,397.90261818812445,400.7790226569542,395.98501520890454,398.8614196777344,9700,0.0,0.0
2019-07-25 00:00:00+09:00,401.73782370535383,401.73782370535383,398.861419239683,400.7790222167969,12900,0.0,0.0
2019-07-26 00:00:00+09:00,407.49063197337534,407.49063197337534,400.7790215644021,403.6554260253906,26100,0.0,0.0
2019-07-29 00:00:00+09:00,402.69662541451214,403.65542690359433,397.9026179691013,399.8202209472656,12600,0.0,0.0
2019-07-30 00:00:00+09:00,399.82021964864526,412.28463896622895,397.90261667670933,405.5730285644531,73500,0.0,0.0
2019-07-31 00:00:00+09:00,407.49063024987703,411.3258361816406,407.49063024987703,411.3258361816406,28600,0.0,0.0
2019-08-01 00:00:00+09:00,411.3258370433134,411.3258370433134,406.5318296185662,407.4906311035156,12500,0.0,0.0
2019-08-02 00:00:00+09:00,403.6554277988092,403.6554277988092,392.1498099043063,395.9850158691406,32000,0.0,0.0
2019-08-05 00:00:00+09:00,396.9438173603492,396.9438173603492,392.1498099043063,395.9850158691406,20600,0.0,0.0
2019-08-06 00:00:00+09:00,384.47939862507144,395.02621504620805,384.47939862507144,393.1086120605469,39900,0.0,0.0
2019-08-07 00:00:00+09:00,391.19101042794705,394.06741491638786,385.4382014510655,387.3558044433594,32100,0.0,0.0
2019-08-08 00:00:00+09:00,393.1086098807199,405.57302921840125,390.232205418178,402.6966247558594,65900,0.0,0.0
2019-08-09 00:00:00+09:00,402.6966267606638,402.6966267606638,394.0674133300781,394.0674133300781,15800,0.0,0.0
2019-08-13 00:00:00+09:00,391.19100974642964,393.10861273538274,386.39700227404694,390.2322082519531,15800,0.0,0.0
2019-08-14 00:00:00+09:00,393.10861095750187,399.8202213884836,391.1910079772214,397.9026184082031,22600,0.0,0.0
2019-08-15 00:00:00+09:00,359.5505681178525,373.9325908425666,353.7977590279669,357.6329650878906,121500,0.0,0.0
2019-08-16 00:00:00+09:00,352.83895799991575,358.5917670977405,351.88015648361164,355.7153625488281,27200,0.0,0.0
2019-08-19 00:00:00+09:00,359.5505681178525,360.50936963283345,355.71536205792876,357.6329650878906,19700,0.0,0.0
2019-08-20 00:00:00+09:00,357.6329645996094,359.5505676269531,357.6329645996094,359.5505676269531,10200,0.0,0.0
2019-08-21 00:00:00+09:00,359.5505681178525,362.4269726627953,353.7977590279669,357.6329650878906,36600,0.0,0.0
2019-08-22 00:00:00+09:00,360.5093716556079,363.38577621668986,347.08615037055864,349.9625549316406,80400,0.0,0.0
2019-08-23 00:00:00+09:00,347.08615292831206,349.9625575105909,340.3745422363281,340.3745422363281,38300,0.0,0.0
2019-08-26 00:00:00+09:00,338.4569394386421,344.2097486075709,336.5393363823325,339.4157409667969,42700,0.0,0.0
2019-08-27 00:00:00+09:00,338.4569396972656,343.25094734170284,337.4981381683782,338.4569396972656,22700,0.0,0.0
2019-08-28 00:00:00+09:00,338.4569394386421,340.3745424949517,335.5805348541777,339.4157409667969,28800,0.0,0.0
2019-08-29 00:00:00+09:00,338.4569399573586,338.4569399573586,336.53933689811015,337.4981384277344,10900,0.0,0.0
2019-08-30 00:00:00+09:00,339.41573845161184,350.9213567042089,337.4981354095124,349.0037536621094,26700,0.0,0.0
2019-09-02 00:00:00+09:00,347.0861516316732,348.0449531555176,343.2509455362956,345.1685485839844,13000,0.0,0.0
2019-09-03 00:00:00+09:00,344.20974580947666,351.8801579723619,344.20974580947666,349.9625549316406,9900,0.0,0.0
2019-09-04 00:00:00+09:00,346.1273501078288,347.0861516316732,344.20974706014,345.1685485839844,14900,0.0,0.0
2019-09-05 00:00:00+09:00,347.08614842310027,357.6329650878906,344.20974387815744,357.6329650878906,35400,0.0,0.0
2019-09-06 00:00:00+09:00,353.7977612673581,353.7977612673581,349.0037536621094,349.0037536621094,17100,0.0,0.0
2019-09-09 00:00:00+09:00,349.9625541852868,354.7565617768661,349.9625541852868,352.8389587402344,13000,0.0,0.0
2019-09-10 00:00:00+09:00,354.7565620276843,359.55056962265303,349.96255443271565,351.8801574707031,20900,0.0,0.0
2019-09-11 00:00:00+09:00,354.75655934167287,362.4269714355469,354.75655934167287,362.4269714355469,32000,0.0,0.0
2019-09-12 00:00:00+09:00,364.3445727856128,369.1385803222656,359.55056524896,369.1385803222656,28500,0.0,0.0
2019-09-13 00:00:00+09:00,367.2209782637949,368.17977977362204,362.4269707146592,365.3033752441406,31800,0.0,0.0
2019-09-17 00:00:00+09:00,362.42697167839236,365.30337621552246,359.55056714126226,361.4681701660156,21800,0.0,0.0
2019-09-18 00:00:00+09:00,361.46817215089874,364.3445767038237,353.7977600097656,353.7977600097656,12900,0.0,0.0
2019-09-19 00:00:00+09:00,353.7977597623258,356.67416431323903,352.8389582453547,354.7565612792969,24300,0.0,0.0
2019-09-20 00:00:00+09:00,357.6329645996094,359.5505676269531,353.7977585449219,359.5505676269531,25100,0.0,0.0
2019-09-24 00:00:00+09:00,356.6741630859375,365.3033767089844,356.6741630859375,359.5505676269531,21800,0.0,0.0
2019-09-25 00:00:00+09:00,359.5505678717465,359.5505678717465,352.83895727147393,358.5917663574219,28900,0.0,0.0
2019-09-26 00:00:00+09:00,362.4269709536904,364.3445739746094,357.6329634013929,364.3445739746094,40500,0.0,0.0
2019-09-27 00:00:00+09:00,354.7565607870779,370.0973850373299,351.8801562401556,356.6741638183594,85500,0.0,0.0
2019-09-30 00:00:00+09:00,357.6329645996094,365.3033767089844,357.6329645996094,359.5505676269531,24500,0.0,0.0
2019-10-01 00:00:00+09:00,354.756559818349,362.4269719225295,354.756559818349,360.5093688964844,25000,0.0,0.0
2019-10-02 00:00:00+09:00,355.71536205792876,361.46817114781436,352.8389575129859,357.6329650878906,31400,0.0,0.0
2019-10-03 00:00:00+09:00,352.83895799991575,356.67416406513223,352.83895799991575,355.7153625488281,15600,0.0,0.0
2019-10-04 00:00:00+09:00,355.71536230271863,356.6741638183594,354.7565607870779,356.6741638183594,14000,0.0,0.0
2019-10-07 00:00:00+09:00,357.63296558143634,357.63296558143634,353.79775951621986,355.7153625488281,17700,0.0,0.0
2019-10-08 00:00:00+09:00,354.7565605429478,358.5917666028716,354.7565605429478,357.6329650878906,22900,0.0,0.0
2019-10-09 00:00:00+09:00,356.67416506567184,358.5917681036593,344.20974531875316,351.8801574707031,81100,0.0,0.0
2019-10-10 00:00:00+09:00,348.04495066049935,359.55056886415224,348.04495066049935,354.7565612792969,16700,0.0,0.0
2019-10-11 00:00:00+09:00,354.7565617768661,357.63296633181363,352.8389587402344,352.8389587402344,10400,0.0,0.0
2019-10-15 00:00:00+09:00,356.67416357290966,359.5505681178525,354.7565605429478,357.6329650878906,22000,0.0,0.0
2019-10-16 00:00:00+09:00,357.6329650878906,362.4269726627953,354.7565605429478,357.6329650878906,23800,0.0,0.0
2019-10-17 00:00:00+09:00,357.6329648430972,359.5505678717465,355.71536181444793,358.5917663574219,10300,0.0,0.0
2019-10-18 00:00:00+09:00,357.63296558143634,359.5505686140446,354.756561032524,355.7153625488281,15200,0.0,0.0
2019-10-21 00:00:00+09:00,356.6741638183594,357.6329653340001,355.71536230271863,356.6741638183594,6300,0.0,0.0
2019-10-23 00:00:00+09:00,355.7153625488281,359.5505686140446,355.7153625488281,355.7153625488281,11000,0.0,0.0
2019-10-24 00:00:00+09:00,357.6329645996094,359.5505676269531,356.6741630859375,359.5505676269531,17100,0.0,0.0
2019-10-25 00:00:00+09:00,357.6329645996094,359.5505676269531,354.7565600585938,359.5505676269531,22900,0.0,0.0
2019-10-28 00:00:00+09:00,360.5093679327714,364.3445739746094,358.5917649118524,364.3445739746094,20700,0.0,0.0
2019-10-29 00:00:00+09:00,364.3445734952757,367.22097802287,364.3445734952757,366.2621765136719,22900,0.0,0.0
2019-10-30 00:00:00+09:00,369.1385798491249,371.0561828613281,366.26217533082,371.0561828613281,52600,0.0,0.0
2019-10-31 00:00:00+09:00,367.22097683692164,372.97378587353137,367.22097683692164,371.0561828613281,31500,0.0,0.0
2019-11-01 00:00:00+09:00,366.2621755649389,370.0973815917969,364.3445725515099,370.0973815917969,13100,0.0,0.0
2019-11-05 00:00:00+09:00,371.0561833369267,373.9325878589184,364.3445727856128,369.1385803222656,33400,0.0,0.0
2019-11-06 00:00:00+09:00,371.05618262536746,372.0149841308594,365.303373592416,372.0149841308594,8500,0.0,0.0
2019-11-07 00:00:00+09:00,370.09738206863403,372.0149850845337,368.1797790527344,368.1797790527344,13300,0.0,0.0
2019-11-08 00:00:00+09:00,372.9737856363513,372.9737856363513,369.1385796143837,372.0149841308594,12000,0.0,0.0
2019-11-11 00:00:00+09:00,372.0149846052259,372.0149846052259,368.17977857836786,370.0973815917969,21900,0.0,0.0
2019-11-12 00:00:00+09:00,371.0561830985114,371.0561830985114,368.17977857836786,370.0973815917969,6300,0.0,0.0
2019-11-13 00:00:00+09:00,368.1797795320681,370.09738255046426,366.2621765136719,366.2621765136719,12900,0.0,0.0
2019-11-14 00:00:00+09:00,363.38577544170874,363.38577544170874,352.8389587402344,352.8389587402344,69400,0.0,0.0
2019-11-15 00:00:00+09:00,358.5917663574219,366.2621784720191,356.6741633287726,358.5917663574219,25200,0.0,0.0
2019-11-18 00:00:00+09:00,358.59176684964086,360.50936988092235,356.6741638183594,356.6741638183594,13500,0.0,0.0
2019-11-19 00:00:00+09:00,356.67416506567184,361.4681726606405,351.8801574707031,351.8801574707031,42800,0.0,0.0
2019-11-20 00:00:00+09:00,353.79776178012236,353.79776178012236,346.12734960060754,347.0861511230469,37300,0.0,0.0
2019-11-21 00:00:00+09:00,347.0861511230469,349.9625556903649,344.2097465557288,347.0861511230469,54000,0.0,0.0
2019-11-22 00:00:00+09:00,346.1273490989601,349.9625551831591,346.1273490989601,349.0037536621094,14200,0.0,0.0
2019-11-25 00:00:00+09:00,353.79775951621986,362.4269731629569,352.83895799991575,355.7153625488281,16500,0.0,0.0
2019-11-26 00:00:00+09:00,358.5917666028716,360.50936963283345,357.6329650878906,357.6329650878906,9300,0.0,0.0
2019-11-27 00:00:00+09:00,357.63296558143634,357.63296558143634,353.79775951621986,355.7153625488281,6200,0.0,0.0
2019-11-28 00:00:00+09:00,356.67416406513223,357.63296558143634,354.756561032524,355.7153625488281,3800,0.0,0.0
2019-11-29 00:00:00+09:00,358.59176759797384,358.59176759797384,349.96255393919904,353.7977600097656,28100,0.0,0.0
2019-12-02 00:00:00+09:00,352.83895799991575,357.63296558143634,352.83895799991575,355.7153625488281,36100,0.0,0.0
2019-12-03 00:00:00+09:00,355.71536157226564,359.5505676269531,355.71536157226564,359.5505676269531,12300,0.0,0.0
2019-12-04 00:00:00+09:00,357.6329648430972,359.5505678717465,355.71536181444793,358.5917663574219,9300,0.0,0.0
2019-12-05 00:00:00+09:00,358.59176611328127,361.4681706542969,357.6329645996094,359.5505676269531,14200,0.0,0.0
2019-12-06 00:00:00+09:00,361.4681709003959,361.4681709003959,357.6329648430972,358.5917663574219,45100,0.0,0.0
2019-12-09 00:00:00+09:00,358.5917653886099,363.3857729472811,357.63296387687564,362.4269714355469,18200,0.0,0.0
2019-12-10 00:00:00+09:00,362.4269729122039,362.4269729122039,353.79775927143714,356.6741638183594,63100,0.0,0.0
2019-12-11 00:00:00+09:00,356.6741645626905,359.5505691156155,351.8801569744823,353.7977600097656,18400,0.0,0.0
2019-12-12 00:00:00+09:00,355.71536205792876,359.5505681178525,355.71536205792876,357.6329650878906,9200,0.0,0.0
2019-12-13 00:00:00+09:00,362.42697216796876,362.42697216796876,359.5505676269531,359.5505676269531,19600,0.0,0.0
2019-12-16 00:00:00+09:00,359.5505678717465,360.50936938607117,353.7977587857986,358.5917663574219,24300,0.0,0.0
2019-12-17 00:00:00+09:00,358.5917653886099,363.3857729472811,357.63296387687564,362.4269714355469,29200,0.0,0.0
2019-12-18 00:00:00+09:00,359.5505676269531,362.42697216796876,354.7565600585938,359.5505676269531,27700,0.0,0.0
2019-12-19 00:00:00+09:00,358.5917666028716,358.5917666028716,354.7565605429478,357.6329650878906,22100,0.0,0.0
2019-12-20 00:00:00+09:00,359.5505683652816,359.5505683652816,355.71536230271863,356.6741638183594,33300,0.0,0.0
2019-12-23 00:00:00+09:00,356.6741645626905,359.5505691156155,352.838958492124,353.7977600097656,43100,0.0,0.0
2019-12-24 00:00:00+09:00,353.7977600097656,355.7153630450489,352.838958492124,353.7977600097656,17500,0.0,0.0
2019-12-25 00:00:00+09:00,351.8801574707031,352.83895898969683,349.96255443271565,351.8801574707031,21600,0.0,0.0
2019-12-26 00:00:00+09:00,351.8801577208472,355.7153637995485,349.96255468149656,350.9213562011719,26600,0.0,0.0
2019-12-27 00:00:00+09:00,352.8389582453547,354.7565612792969,350.92135521141256,354.7565612792969,5000,0.0,0.0
2019-12-30 00:00:00+09:00,358.5917673471812,358.5917673471812,354.7565612792969,354.7565612792969,11000,0.0,0.0
2020-01-06 00:00:00+09:00,352.838958492124,355.7153630450489,349.96255393919904,353.7977600097656,19100,0.0,0.0
2020-01-07 00:00:00+09:00,352.8389587402344,356.6741648134978,351.8801572219185,352.8389587402344,27200,0.0,0.0
2020-01-08 00:00:00+09:00,353.7977610130833,353.7977610130833,347.08615037055864,349.9625549316406,35700,0.0,0.0
2020-01-09 00:00:00+09:00,350.9213554568407,357.63296608033215,350.9213554568407,353.7977600097656,11100,0.0,0.0
2020-01-10 00:00:00+09:00,356.67416431323903,356.67416431323903,350.92135521141256,354.7565612792969,9700,0.0,0.0
2020-01-14 00:00:00+09:00,351.8801579723619,353.7977610130833,349.9625549316406,349.9625549316406,20500,0.0,0.0
2020-01-15 00:00:00+09:00,349.9625549316406,353.7977610130833,348.0449518909193,349.9625549316406,25400,0.0,0.0
2020-01-16 00:00:00+09:00,353.7977605086906,353.7977605086906,349.96255443271565,351.8801574707031,19700,0.0,0.0
2020-01-17 00:00:00+09:00,354.7565622798732,356.6741653192239,350.9213562011719,350.9213562011719,15300,0.0,0.0
2020-01-20 00:00:00+09:00,352.83895898969683,357.63296658466555,351.8801574707031,351.8801574707031,20900,0.0,0.0
2020-01-21 00:00:00+09:00,352.83895775579634,356.6741638183594,352.83895775579634,356.6741638183594,13800,0.0,0.0
2020-01-22 00:00:00+09:00,355.71536205792876,361.46817114781436,352.8389575129859,357.6329650878906,32100,0.0,0.0
2020-01-23 00:00:00+09:00,357.63296658466555,360.5093711416468,350.92135595170936,351.8801574707031,39800,0.0,0.0
2020-01-24 00:00:00+09:00,350.92135595170936,353.7977605086906,349.96255443271565,351.8801574707031,25100,0.0,0.0
2020-01-27 00:00:00+09:00,350.9213564520013,353.7977610130833,349.00375341127994,349.9625549316406,18500,0.0,0.0
2020-01-28 00:00:00+09:00,347.08615087083547,349.0037539143208,346.1273493490928,348.0449523925781,18200,0.0,0.0
2020-01-29 00:00:00+09:00,350.9213574692153,350.9213574692153,346.1273498535156,346.1273498535156,12500,0.0,0.0
2020-01-30 00:00:00+09:00,347.0861518881115,349.9625564617699,344.2097473144531,344.2097473144531,16500,0.0,0.0
2020-01-31 00:00:00+09:00,344.20974757018706,347.08615214598245,341.3333429943916,343.2509460449219,25500,0.0,0.0
2020-02-03 00:00:00+09:00,337.49813516695207,349.9625549316406,337.49813516695207,349.9625549316406,17300,0.0,0.0
2020-02-04 00:00:00+09:00,348.04495367124764,348.04495367124764,343.2509460449219,343.2509460449219,10100,0.0,0.0
2020-02-05 00:00:00+09:00,346.1273503635587,348.0449534126643,344.2097473144531,344.2097473144531,8700,0.0,0.0
2020-02-06 00:00:00+09:00,349.0037539143208,352.8389600012913,346.1273493490928,348.0449523925781,14800,0.0,0.0
2020-02-07 00:00:00+09:00,348.0449526454862,349.0037541679256,346.12734960060754,347.0861511230469,3500,0.0,0.0
2020-02-10 00:00:00+09:00,345.16854683774693,351.8801574707031,345.16854683774693,351.8801574707031,10800,0.0,0.0
2020-02-12 00:00:00+09:00,351.88015822525864,351.88015822525864,348.04495214105964,349.0037536621094,9300,0.0,0.0
2020-02-13 00:00:00+09:00,350.9213564520013,351.8801579723619,348.0449518909193,349.9625549316406,16800,0.0,0.0
2020-02-14 00:00:00+09:00,335.580536414837,339.4157425452923,332.7041318169956,333.6629333496094,59400,0.0,0.0
2020-02-17 00:00:00+09:00,328.86893003532685,333.66293776178935,318.3221130371094,318.3221130371094,61300,0.0,0.0
2020-02-18 00:00:00+09:00,319.28091403253063,323.11612020709555,316.40450940160696,320.2397155761719,29900,0.0,0.0
2020-02-19 00:00:00+09:00,323.1161188446315,330.786531161418,322.1573173050332,325.0337219238281,20000,0.0,0.0
2020-02-20 00:00:00+09:00,325.0337224671678,330.7865317143743,323.1161193847656,323.1161193847656,8900,0.0,0.0
2020-02-21 00:00:00+09:00,323.11612020709555,324.0749217507368,317.3633109452482,320.2397155761719,28100,0.0,0.0
2020-02-25 00:00:00+09:00,315.4456832985473,315.4456832985473,287.6404406977635,293.39324951171875,109600,0.0,0.0
2020-02-26 00:00:00+09:00,294.35205138357065,296.26965432418024,290.5168455023515,291.47564697265625,23700,0.0,0.0
2020-02-27 00:00:00+09:00,291.4756496993127,294.35205413713487,279.01123046875,279.01123046875,51900,0.0,0.0
2020-02-28 00:00:00+09:00,271.34082397003743,275.1760299625468,256.0,256.0,68600,0.0,0.0
2020-03-02 00:00:00+09:00,256.9587995003963,274.21722633251244,255.99999800972316,264.62921142578125,53700,0.0,0.0
2020-03-03 00:00:00+09:00,279.97003598614924,280.92883747925254,261.7528076171875,261.7528076171875,44200,0.0,0.0
2020-03-04 00:00:00+09:00,261.7528087559031,261.7528087559031,256.95880126953125,256.95880126953125,16700,0.0,0.0
2020-03-05 00:00:00+09:00,258.8764040354902,262.7116100212012,257.9176025390625,257.9176025390625,13100,0.0,0.0
2020-03-06 00:00:00+09:00,256.0000041503906,256.95880566406254,236.82397387695315,239.70037841796875,73000,0.0,0.0
2020-03-09 00:00:00+09:00,234.90636201338333,235.86516349098898,210.9363250732422,210.9363250732422,55800,0.0,0.0
2020-03-10 00:00:00+09:00,221.4831431406849,221.4831431406849,191.76029709150205,203.2659149169922,118500,0.0,0.0
2020-03-11 00:00:00+09:00,217.64793520275822,223.40074406274303,211.89512634277344,211.89512634277344,166200,0.0,0.0
2020-03-12 00:00:00+09:00,201.34831326679117,210.93632818425743,191.76029834932493,197.5131072998047,91500,0.0,0.0
2020-03-13 00:00:00+09:00,188.88390252756517,188.88390252756517,158.20225338603174,164.9138641357422,281300,0.0,0.0
2020-03-16 00:00:00+09:00,169.70786898253394,176.41947962026128,166.83146442350795,175.46067810058594,82900,0.0,0.0
2020-03-17 00:00:00+09:00,167.7902654699377,184.08989125844596,167.7902654699377,177.37828063964844,44400,0.0,0.0
2020-03-18 00:00:00+09:00,179.2958810767349,190.80149911374463,179.2958810767349,187.9250946044922,45500,0.0,0.0
2020-03-19 00:00:00+09:00,194.6367028245648,197.5131072998047,186.9662908905918,197.5131072998047,26200,0.0,0.0
2020-03-23 00:00:00+09:00,186.96629026860143,200.38951110839844,186.96629026860143,200.38951110839844,47100,0.0,0.0
2020-03-24 00:00:00+09:00,204.2247266893263,227.23596349939123,201.3483220880682,221.483154296875,47900,0.0,0.0
2020-03-25 00:00:00+09:00,221.4831517642959,232.02996851497667,221.4831517642959,231.0711669921875,44600,0.0,0.0
2020-03-26 00:00:00+09:00,246.41198977574646,262.71161555857793,234.9063715761007,236.823974609375,149400,0.0,0.0
2020-03-27 00:00:00+09:00,244.4943820224719,256.0,236.8239700374532,256.0,69200,0.0,0.0
2020-03-30 00:00:00+09:00,232.0,259.0,232.0,250.0,119800,11.0,0.0
2020-03-31 00:00:00+09:00,257.0,261.0,251.0,254.0,38900,0.0,0.0
2020-04-01 00:00:00+09:00,254.0,259.0,248.0,250.0,25600,0.0,0.0
2020-04-02 00:00:00+09:00,248.0,252.0,246.0,246.0,14000,0.0,0.0
2020-04-03 00:00:00+09:00,248.0,260.0,235.0,235.0,23400,0.0,0.0
2020-04-06 00:00:00+09:00,223.0,234.0,223.0,231.0,31600,0.0,0.0
2020-04-07 00:00:00+09:00,223.0,236.0,223.0,230.0,33700,0.0,0.0
2020-04-08 00:00:00+09:00,229.0,247.0,229.0,247.0,27900,0.0,0.0
2020-04-09 00:00:00+09:00,239.0,253.0,239.0,251.0,20300,0.0,0.0
2020-04-10 00:00:00+09:00,257.0,257.0,242.0,246.0,17600,0.0,0.0
2020-04-13 00:00:00+09:00,246.0,246.0,237.0,237.0,11600,0.0,0.0
2020-04-14 00:00:00+09:00,240.0,244.0,236.0,244.0,12300,0.0,0.0
2020-04-15 00:00:00+09:00,244.0,247.0,239.0,239.0,25400,0.0,0.0
2020-04-16 00:00:00+09:00,239.0,246.0,235.0,237.0,20000,0.0,0.0
2020-04-17 00:00:00+09:00,240.0,244.0,231.0,233.0,24300,0.0,0.0
2020-04-20 00:00:00+09:00,232.0,235.0,232.0,233.0,8300,0.0,0.0
2020-04-21 00:00:00+09:00,230.0,232.0,230.0,230.0,14500,0.0,0.0
2020-04-22 00:00:00+09:00,237.0,253.0,229.0,234.0,84700,0.0,0.0
2020-04-23 00:00:00+09:00,235.0,235.0,230.0,233.0,7500,0.0,0.0
2020-04-24 00:00:00+09:00,233.0,234.0,230.0,234.0,11500,0.0,0.0
2020-04-27 00:00:00+09:00,239.0,239.0,234.0,236.0,8300,0.0,0.0
2020-04-28 00:00:00+09:00,236.0,240.0,232.0,236.0,13400,0.0,0.0
2020-04-30 00:00:00+09:00,240.0,244.0,238.0,244.0,25400,0.0,0.0
2020-05-01 00:00:00+09:00,238.0,242.0,238.0,239.0,5500,0.0,0.0
2020-05-07 00:00:00+09:00,243.0,243.0,239.0,239.0,3500,0.0,0.0
2020-05-08 00:00:00+09:00,244.0,244.0,237.0,240.0,5700,0.0,0.0
2020-05-11 00:00:00+09:00,242.0,245.0,240.0,245.0,9100,0.0,0.0
2020-05-12 00:00:00+09:00,237.0,243.0,237.0,242.0,22300,0.0,0.0
2020-05-13 00:00:00+09:00,241.0,243.0,240.0,241.0,6400,0.0,0.0
2020-05-14 00:00:00+09:00,239.0,243.0,234.0,235.0,11800,0.0,0.0
2020-05-15 00:00:00+09:00,238.0,238.0,234.0,237.0,3000,0.0,0.0
2020-05-18 00:00:00+09:00,240.0,240.0,233.0,237.0,7900,0.0,0.0
2020-05-19 00:00:00+09:00,239.0,242.0,235.0,242.0,16000,0.0,0.0
2020-05-20 00:00:00+09:00,243.0,246.0,241.0,246.0,22100,0.0,0.0
2020-05-21 00:00:00+09:00,240.0,246.0,240.0,243.0,34800,0.0,0.0
2020-05-22 00:00:00+09:00,297.0,319.0,279.0,284.0,2044900,0.0,0.0
2020-05-25 00:00:00+09:00,292.0,301.0,281.0,286.0,346200,0.0,0.0
2020-05-26 00:00:00+09:00,287.0,292.0,281.0,287.0,176100,0.0,0.0
2020-05-27 00:00:00+09:00,295.0,306.0,284.0,284.0,388400,0.0,0.0
2020-05-28 00:00:00+09:00,291.0,295.0,284.0,288.0,123200,0.0,0.0
2020-05-29 00:00:00+09:00,286.0,292.0,284.0,287.0,79700,0.0,0.0
2020-06-01 00:00:00+09:00,285.0,289.0,285.0,288.0,14000,0.0,0.0
2020-06-02 00:00:00+09:00,288.0,289.0,281.0,281.0,71000,0.0,0.0
2020-06-03 00:00:00+09:00,287.0,287.0,278.0,285.0,53900,0.0,0.0
2020-06-04 00:00:00+09:00,283.0,286.0,275.0,286.0,73400,0.0,0.0
2020-06-05 00:00:00+09:00,284.0,285.0,280.0,284.0,15500,0.0,0.0
2020-06-08 00:00:00+09:00,286.0,286.0,279.0,284.0,38500,0.0,0.0
2020-06-09 00:00:00+09:00,285.0,287.0,281.0,283.0,11100,0.0,0.0
2020-06-10 00:00:00+09:00,284.0,285.0,277.0,280.0,23100,0.0,0.0
2020-06-11 00:00:00+09:00,280.0,289.0,277.0,289.0,71000,0.0,0.0
2020-06-12 00:00:00+09:00,279.0,286.0,275.0,285.0,53400,0.0,0.0
2020-06-15 00:00:00+09:00,285.0,285.0,278.0,281.0,14200,0.0,0.0
2020-06-16 00:00:00+09:00,286.0,308.0,282.0,297.0,98500,0.0,0.0
2020-06-17 00:00:00+09:00,305.0,306.0,285.0,287.0,59400,0.0,0.0
2020-06-18 00:00:00+09:00,289.0,289.0,282.0,284.0,19600,0.0,0.0
2020-06-19 00:00:00+09:00,284.0,284.0,276.0,281.0,30600,0.0,0.0
2020-06-22 00:00:00+09:00,283.0,287.0,282.0,282.0,11200,0.0,0.0
2020-06-23 00:00:00+09:00,286.0,293.0,277.0,284.0,26300,0.0,0.0
2020-06-24 00:00:00+09:00,281.0,286.0,280.0,285.0,16900,0.0,0.0
2020-06-25 00:00:00+09:00,282.0,282.0,279.0,279.0,8400,0.0,0.0
2020-06-26 00:00:00+09:00,281.0,282.0,279.0,279.0,26600,0.0,0.0
2020-06-29 00:00:00+09:00,280.0,302.0,280.0,295.0,176400,0.0,0.0
2020-06-30 00:00:00+09:00,294.0,299.0,293.0,296.0,27900,0.0,0.0
2020-07-01 00:00:00+09:00,293.0,298.0,289.0,289.0,24400,0.0,0.0
2020-07-02 00:00:00+09:00,291.0,291.0,281.0,281.0,42100,0.0,0.0
2020-07-03 00:00:00+09:00,280.0,288.0,280.0,283.0,6200,0.0,0.0
2020-07-06 00:00:00+09:00,283.0,294.0,281.0,290.0,20700,0.0,0.0
2020-07-07 00:00:00+09:00,294.0,294.0,286.0,286.0,7600,0.0,0.0
2020-07-08 00:00:00+09:00,286.0,294.0,286.0,289.0,12900,0.0,0.0
2020-07-09 00:00:00+09:00,287.0,293.0,276.0,276.0,51000,0.0,0.0
2020-07-10 00:00:00+09:00,274.0,279.0,264.0,264.0,42400,0.0,0.0
2020-07-13 00:00:00+09:00,267.0,278.0,262.0,278.0,32000,0.0,0.0
2020-07-14 00:00:00+09:00,281.0,295.0,280.0,291.0,40300,0.0,0.0
2020-07-15 00:00:00+09:00,292.0,292.0,278.0,283.0,47300,0.0,0.0
2020-07-16 00:00:00+09:00,284.0,289.0,274.0,276.0,40200,0.0,0.0
2020-07-17 00:00:00+09:00,282.0,282.0,277.0,280.0,10500,0.0,0.0
2020-07-20 00:00:00+09:00,276.0,303.0,276.0,294.0,106900,0.0,0.0
2020-07-21 00:00:00+09:00,292.0,298.0,291.0,295.0,41700,0.0,0.0
2020-07-22 00:00:00+09:00,296.0,296.0,280.0,285.0,40400,0.0,0.0
2020-07-27 00:00:00+09:00,280.0,282.0,271.0,281.0,26400,0.0,0.0
2020-07-28 00:00:00+09:00,281.0,281.0,269.0,271.0,42300,0.0,0.0
2020-07-29 00:00:00+09:00,271.0,278.0,269.0,276.0,13000,0.0,0.0
2020-07-30 00:00:00+09:00,275.0,292.0,275.0,292.0,38200,0.0,0.0
2020-07-31 00:00:00+09:00,285.0,285.0,271.0,271.0,29000,0.0,0.0
2020-08-03 00:00:00+09:00,270.0,280.0,269.0,278.0,31700,0.0,0.0
2020-08-04 00:00:00+09:00,277.0,281.0,275.0,281.0,20600,0.0,0.0
2020-08-05 00:00:00+09:00,281.0,283.0,280.0,281.0,5700,0.0,0.0
2020-08-06 00:00:00+09:00,277.0,281.0,276.0,280.0,8500,0.0,0.0
2020-08-07 00:00:00+09:00,280.0,284.0,273.0,284.0,22500,0.0,0.0
2020-08-11 00:00:00+09:00,284.0,287.0,280.0,286.0,18100,0.0,0.0
2020-08-12 00:00:00+09:00,284.0,288.0,283.0,287.0,11400,0.0,0.0
2020-08-13 00:00:00+09:00,288.0,299.0,279.0,280.0,64200,0.0,0.0
2020-08-14 00:00:00+09:00,281.0,287.0,266.0,271.0,77200,0.0,0.0
2020-08-17 00:00:00+09:00,274.0,283.0,272.0,283.0,24000,0.0,0.0
2020-08-18 00:00:00+09:00,285.0,290.0,279.0,288.0,48900,0.0,0.0
2020-08-19 00:00:00+09:00,291.0,301.0,285.0,289.0,83700,0.0,0.0
2020-08-20 00:00:00+09:00,290.0,309.0,290.0,299.0,114700,0.0,0.0
2020-08-21 00:00:00+09:00,298.0,302.0,292.0,295.0,52700,0.0,0.0
2020-08-24 00:00:00+09:00,295.0,298.0,286.0,293.0,48700,0.0,0.0
2020-08-25 00:00:00+09:00,291.0,292.0,280.0,280.0,91800,0.0,0.0
2020-08-26 00:00:00+09:00,283.0,286.0,280.0,280.0,13400,0.0,0.0
2020-08-27 00:00:00+09:00,281.0,292.0,280.0,290.0,69400,0.0,0.0
2020-08-28 00:00:00+09:00,290.0,294.0,279.0,280.0,53000,0.0,0.0
2020-08-31 00:00:00+09:00,281.0,287.0,281.0,285.0,11500,0.0,0.0
2020-09-01 00:00:00+09:00,285.0,290.0,280.0,289.0,28300,0.0,0.0
2020-09-02 00:00:00+09:00,290.0,290.0,286.0,288.0,7200,0.0,0.0
2020-09-03 00:00:00+09:00,289.0,289.0,275.0,279.0,71800,0.0,0.0
2020-09-04 00:00:00+09:00,275.0,281.0,275.0,278.0,14000,0.0,0.0
2020-09-07 00:00:00+09:00,275.0,284.0,275.0,282.0,12900,0.0,0.0
2020-09-08 00:00:00+09:00,282.0,286.0,282.0,286.0,15300,0.0,0.0
2020-09-09 00:00:00+09:00,279.0,286.0,279.0,285.0,14100,0.0,0.0
2020-09-10 00:00:00+09:00,286.0,288.0,282.0,282.0,17900,0.0,0.0
2020-09-11 00:00:00+09:00,283.0,286.0,283.0,286.0,11900,0.0,0.0
2020-09-14 00:00:00+09:00,288.0,294.0,283.0,287.0,51700,0.0,0.0
2020-09-15 00:00:00+09:00,287.0,290.0,285.0,289.0,8900,0.0,0.0
2020-09-16 00:00:00+09:00,290.0,290.0,283.0,289.0,14300,0.0,0.0
2020-09-17 00:00:00+09:00,287.0,290.0,285.0,287.0,12200,0.0,0.0
2020-09-18 00:00:00+09:00,290.0,290.0,286.0,289.0,12700,0.0,0.0
2020-09-23 00:00:00+09:00,285.0,289.0,284.0,288.0,11600,0.0,0.0
2020-09-24 00:00:00+09:00,287.0,287.0,276.0,279.0,24200,0.0,0.0
2020-09-25 00:00:00+09:00,277.0,281.0,276.0,280.0,24800,0.0,0.0
2020-09-28 00:00:00+09:00,284.0,291.0,280.0,291.0,35200,0.0,0.0
2020-09-29 00:00:00+09:00,285.0,292.0,285.0,290.0,18800,0.0,0.0
2020-09-30 00:00:00+09:00,291.0,292.0,284.0,289.0,19400,0.0,0.0
2020-10-02 00:00:00+09:00,287.0,287.0,281.0,281.0,14800,0.0,0.0
2020-10-05 00:00:00+09:00,283.0,287.0,280.0,285.0,6600,0.0,0.0
2020-10-06 00:00:00+09:00,287.0,287.0,281.0,283.0,8200,0.0,0.0
2020-10-07 00:00:00+09:00,281.0,287.0,281.0,287.0,13400,0.0,0.0
2020-10-08 00:00:00+09:00,286.0,287.0,284.0,286.0,6900,0.0,0.0
2020-10-09 00:00:00+09:00,284.0,287.0,283.0,286.0,22600,0.0,0.0
2020-10-12 00:00:00+09:00,286.0,286.0,282.0,283.0,4600,0.0,0.0
2020-10-13 00:00:00+09:00,285.0,286.0,282.0,284.0,8000,0.0,0.0
2020-10-14 00:00:00+09:00,288.0,288.0,284.0,287.0,12400,0.0,0.0
2020-10-15 00:00:00+09:00,282.0,285.0,280.0,280.0,15900,0.0,0.0
2020-10-16 00:00:00+09:00,281.0,285.0,280.0,281.0,5400,0.0,0.0
2020-10-19 00:00:00+09:00,281.0,284.0,279.0,284.0,16700,0.0,0.0
2020-10-20 00:00:00+09:00,281.0,285.0,275.0,277.0,25700,0.0,0.0
2020-10-21 00:00:00+09:00,280.0,285.0,280.0,285.0,7800,0.0,0.0
2020-10-22 00:00:00+09:00,285.0,286.0,281.0,281.0,5300,0.0,0.0
2020-10-23 00:00:00+09:00,277.0,282.0,276.0,282.0,10600,0.0,0.0
2020-10-26 00:00:00+09:00,283.0,283.0,278.0,278.0,6600,0.0,0.0
2020-10-27 00:00:00+09:00,277.0,284.0,277.0,284.0,7000,0.0,0.0
2020-10-28 00:00:00+09:00,284.0,284.0,274.0,277.0,19300,0.0,0.0
2020-10-29 00:00:00+09:00,278.0,281.0,274.0,281.0,9300,0.0,0.0
2020-10-30 00:00:00+09:00,281.0,281.0,276.0,276.0,4400,0.0,0.0
2020-11-02 00:00:00+09:00,275.0,279.0,275.0,279.0,4700,0.0,0.0
2020-11-04 00:00:00+09:00,278.0,281.0,278.0,278.0,12200,0.0,0.0
2020-11-05 00:00:00+09:00,278.0,281.0,278.0,279.0,2800,0.0,0.0
2020-11-06 00:00:00+09:00,276.0,280.0,276.0,279.0,10200,0.0,0.0
2020-11-09 00:00:00+09:00,279.0,279.0,274.0,276.0,18300,0.0,0.0
2020-11-10 00:00:00+09:00,276.0,278.0,274.0,276.0,14600,0.0,0.0
2020-11-11 00:00:00+09:00,276.0,278.0,274.0,277.0,14900,0.0,0.0
2020-11-12 00:00:00+09:00,279.0,280.0,277.0,280.0,17900,0.0,0.0
2020-11-13 00:00:00+09:00,279.0,279.0,275.0,277.0,8200,0.0,0.0
2020-11-16 00:00:00+09:00,280.0,281.0,277.0,278.0,11600,0.0,0.0
2020-11-17 00:00:00+09:00,277.0,278.0,270.0,273.0,23900,0.0,0.0
2020-11-18 00:00:00+09:00,272.0,275.0,272.0,273.0,7900,0.0,0.0
2020-11-19 00:00:00+09:00,272.0,273.0,265.0,269.0,42500,0.0,0.0
2020-11-20 00:00:00+09:00,270.0,270.0,265.0,269.0,8700,0.0,0.0
2020-11-24 00:00:00+09:00,272.0,272.0,262.0,265.0,17900,0.0,0.0
2020-11-25 00:00:00+09:00,265.0,266.0,258.0,262.0,50700,0.0,0.0
2020-11-26 00:00:00+09:00,263.0,263.0,259.0,261.0,23200,0.0,0.0
2020-11-27 00:00:00+09:00,262.0,268.0,262.0,267.0,47500,0.0,0.0
2020-11-30 00:00:00+09:00,265.0,269.0,265.0,265.0,23500,0.0,0.0
2020-12-01 00:00:00+09:00,265.0,266.0,263.0,265.0,11500,0.0,0.0
2020-12-02 00:00:00+09:00,264.0,268.0,264.0,264.0,21200,0.0,0.0
2020-12-03 00:00:00+09:00,264.0,265.0,262.0,264.0,15900,0.0,0.0
2020-12-04 00:00:00+09:00,264.0,264.0,256.0,259.0,34400,0.0,0.0
2020-12-07 00:00:00+09:00,260.0,261.0,256.0,258.0,26100,0.0,0.0
2020-12-08 00:00:00+09:00,256.0,257.0,251.0,253.0,19700,0.0,0.0
2020-12-09 00:00:00+09:00,253.0,256.0,249.0,252.0,63400,0.0,0.0
2020-12-10 00:00:00+09:00,249.0,251.0,245.0,246.0,17400,0.0,0.0
2020-12-11 00:00:00+09:00,250.0,254.0,250.0,251.0,20700,0.0,0.0
2020-12-14 00:00:00+09:00,248.0,253.0,248.0,252.0,23300,0.0,0.0
2020-12-15 00:00:00+09:00,251.0,254.0,251.0,253.0,19700,0.0,0.0
2020-12-16 00:00:00+09:00,256.0,258.0,254.0,256.0,27800,0.0,0.0
2020-12-17 00:00:00+09:00,257.0,258.0,256.0,258.0,14300,0.0,0.0
2020-12-18 00:00:00+09:00,256.0,257.0,255.0,255.0,7700,0.0,0.0
2020-12-21 00:00:00+09:00,255.0,255.0,254.0,255.0,18300,0.0,0.0
2020-12-22 00:00:00+09:00,254.0,255.0,253.0,253.0,35800,0.0,0.0
2020-12-23 00:00:00+09:00,256.0,256.0,253.0,253.0,12200,0.0,0.0
2020-12-24 00:00:00+09:00,253.0,255.0,253.0,255.0,44200,0.0,0.0
2020-12-25 00:00:00+09:00,256.0,256.0,254.0,254.0,15000,0.0,0.0
2020-12-28 00:00:00+09:00,255.0,255.0,254.0,255.0,22300,0.0,0.0
2020-12-29 00:00:00+09:00,255.0,266.0,254.0,263.0,45500,0.0,0.0
2020-12-30 00:00:00+09:00,262.0,262.0,256.0,257.0,19500,0.0,0.0
2021-01-04 00:00:00+09:00,259.0,260.0,257.0,258.0,9000,0.0,0.0
2021-01-05 00:00:00+09:00,259.0,259.0,256.0,257.0,8000,0.0,0.0
2021-01-06 00:00:00+09:00,260.0,261.0,258.0,258.0,8900,0.0,0.0
2021-01-07 00:00:00+09:00,259.0,263.0,259.0,262.0,13200,0.0,0.0
2021-01-08 00:00:00+09:00,263.0,279.0,263.0,279.0,66100,0.0,0.0
2021-01-12 00:00:00+09:00,280.0,284.0,277.0,283.0,77800,0.0,0.0
2021-01-13 00:00:00+09:00,284.0,285.0,282.0,285.0,8700,0.0,0.0
2021-01-14 00:00:00+09:00,289.0,291.0,285.0,291.0,68200,0.0,0.0
2021-01-15 00:00:00+09:00,286.0,290.0,286.0,286.0,7800,0.0,0.0
2021-01-18 00:00:00+09:00,283.0,285.0,283.0,283.0,9400,0.0,0.0
2021-01-19 00:00:00+09:00,281.0,281.0,275.0,279.0,15800,0.0,0.0
2021-01-20 00:00:00+09:00,278.0,278.0,275.0,276.0,11500,0.0,0.0
2021-01-21 00:00:00+09:00,278.0,280.0,276.0,280.0,5600,0.0,0.0
2021-01-22 00:00:00+09:00,275.0,278.0,275.0,275.0,16900,0.0,0.0
2021-01-25 00:00:00+09:00,275.0,287.0,275.0,285.0,25600,0.0,0.0
2021-01-26 00:00:00+09:00,289.0,289.0,279.0,279.0,42100,0.0,0.0
2021-01-27 00:00:00+09:00,278.0,284.0,278.0,284.0,12100,0.0,0.0
2021-01-28 00:00:00+09:00,282.0,300.0,278.0,295.0,79500,0.0,0.0
2021-01-29 00:00:00+09:00,301.0,303.0,294.0,303.0,64600,0.0,0.0
2021-02-01 00:00:00+09:00,299.0,302.0,292.0,299.0,26700,0.0,0.0
2021-02-02 00:00:00+09:00,295.0,302.0,295.0,300.0,25700,0.0,0.0
2021-02-03 00:00:00+09:00,302.0,304.0,300.0,304.0,19900,0.0,0.0
2021-02-04 00:00:00+09:00,304.0,311.0,302.0,311.0,39100,0.0,0.0
2021-02-05 00:00:00+09:00,311.0,320.0,310.0,315.0,78400,0.0,0.0
2021-02-08 00:00:00+09:00,310.0,318.0,307.0,313.0,56200,0.0,0.0
2021-02-09 00:00:00+09:00,312.0,317.0,308.0,317.0,24500,0.0,0.0
2021-02-10 00:00:00+09:00,317.0,319.0,315.0,318.0,9700,0.0,0.0
2021-02-12 00:00:00+09:00,318.0,324.0,317.0,322.0,63400,0.0,0.0
2021-02-15 00:00:00+09:00,323.0,323.0,317.0,323.0,19600,0.0,0.0
2021-02-16 00:00:00+09:00,317.0,317.0,311.0,314.0,18200,0.0,0.0
2021-02-17 00:00:00+09:00,311.0,321.0,311.0,319.0,19500,0.0,0.0
2021-02-18 00:00:00+09:00,320.0,320.0,312.0,312.0,44400,0.0,0.0
2021-02-19 00:00:00+09:00,310.0,317.0,310.0,314.0,30400,0.0,0.0
2021-02-22 00:00:00+09:00,310.0,313.0,306.0,307.0,21200,0.0,0.0
2021-02-24 00:00:00+09:00,310.0,311.0,305.0,307.0,34800,0.0,0.0
2021-02-25 00:00:00+09:00,313.0,313.0,306.0,308.0,16900,0.0,0.0
2021-02-26 00:00:00+09:00,306.0,312.0,296.0,311.0,42900,0.0,0.0
2021-03-01 00:00:00+09:00,303.0,311.0,302.0,311.0,24100,0.0,0.0
2021-03-02 00:00:00+09:00,306.0,310.0,305.0,309.0,17200,0.0,0.0
2021-03-03 00:00:00+09:00,311.0,317.0,305.0,315.0,63600,0.0,0.0
2021-03-04 00:00:00+09:00,317.0,317.0,301.0,317.0,39900,0.0,0.0
2021-03-05 00:00:00+09:00,313.0,314.0,306.0,314.0,20300,0.0,0.0
2021-03-08 00:00:00+09:00,318.0,321.0,312.0,321.0,41300,0.0,0.0
2021-03-09 00:00:00+09:00,316.0,323.0,315.0,323.0,30200,0.0,0.0
2021-03-10 00:00:00+09:00,320.0,321.0,318.0,321.0,17800,0.0,0.0
2021-03-11 00:00:00+09:00,324.0,324.0,320.0,323.0,13400,0.0,0.0
2021-03-12 00:00:00+09:00,323.0,324.0,319.0,324.0,17900,0.0,0.0
2021-03-15 00:00:00+09:00,324.0,329.0,324.0,329.0,28700,0.0,0.0
2021-03-16 00:00:00+09:00,329.0,335.0,325.0,335.0,50500,0.0,0.0
2021-03-17 00:00:00+09:00,335.0,341.0,331.0,340.0,63900,0.0,0.0
2021-03-18 00:00:00+09:00,339.0,343.0,334.0,343.0,52300,0.0,0.0
2021-03-19 00:00:00+09:00,341.0,354.0,340.0,354.0,104300,0.0,0.0
2021-03-22 00:00:00+09:00,350.0,373.0,350.0,373.0,72300,0.0,0.0
2021-03-23 00:00:00+09:00,376.0,386.0,368.0,381.0,145600,0.0,0.0
2021-03-24 00:00:00+09:00,377.0,385.0,376.0,384.0,48900,0.0,0.0
2021-03-25 00:00:00+09:00,382.0,405.0,381.0,403.0,146300,0.0,0.0
2021-03-26 00:00:00+09:00,407.0,408.0,400.0,404.0,109200,0.0,0.0
2021-03-29 00:00:00+09:00,409.0,427.0,409.0,422.0,142600,0.0,0.0
2021-03-30 00:00:00+09:00,425.0,425.0,405.0,408.0,91700,0.0,0.0
2021-03-31 00:00:00+09:00,402.0,407.0,401.0,402.0,55500,0.0,0.0
2021-04-01 00:00:00+09:00,405.0,409.0,402.0,407.0,45800,0.0,0.0
2021-04-02 00:00:00+09:00,407.0,428.0,407.0,426.0,96300,0.0,0.0
2021-04-05 00:00:00+09:00,427.0,457.0,427.0,457.0,191800,0.0,0.0
2021-04-06 00:00:00+09:00,461.0,477.0,448.0,477.0,210600,0.0,0.0
2021-04-07 00:00:00+09:00,478.0,495.0,466.0,495.0,233600,0.0,0.0
2021-04-08 00:00:00+09:00,494.0,534.0,490.0,521.0,649100,0.0,0.0
2021-04-09 00:00:00+09:00,514.0,516.0,467.0,494.0,764800,0.0,0.0
2021-04-12 00:00:00+09:00,502.0,515.0,492.0,507.0,243300,0.0,0.0
2021-04-13 00:00:00+09:00,500.0,503.0,485.0,486.0,154600,0.0,0.0
2021-04-14 00:00:00+09:00,483.0,490.0,466.0,490.0,288900,0.0,0.0
2021-04-15 00:00:00+09:00,487.0,505.0,483.0,494.0,123600,0.0,0.0
2021-04-16 00:00:00+09:00,486.0,499.0,485.0,497.0,113300,0.0,0.0
2021-04-19 00:00:00+09:00,495.0,495.0,479.0,482.0,128700,0.0,0.0
2021-04-20 00:00:00+09:00,481.0,483.0,466.0,482.0,115800,0.0,0.0
2021-04-21 00:00:00+09:00,476.0,493.0,476.0,492.0,115100,0.0,0.0
2021-04-22 00:00:00+09:00,494.0,498.0,488.0,488.0,89200,0.0,0.0
2021-04-23 00:00:00+09:00,487.0,491.0,484.0,486.0,29200,0.0,0.0
2021-04-26 00:00:00+09:00,486.0,517.0,484.0,510.0,190400,0.0,0.0
2021-04-27 00:00:00+09:00,510.0,516.0,500.0,507.0,65300,0.0,0.0
2021-04-28 00:00:00+09:00,502.0,503.0,488.0,494.0,80700,0.0,0.0
2021-04-30 00:00:00+09:00,492.0,511.0,492.0,509.0,84600,0.0,0.0
2021-05-06 00:00:00+09:00,503.0,515.0,503.0,511.0,119000,0.0,0.0
2021-05-07 00:00:00+09:00,511.0,530.0,510.0,523.0,163500,0.0,0.0
2021-05-10 00:00:00+09:00,530.0,543.0,516.0,523.0,164900,0.0,0.0
2021-05-11 00:00:00+09:00,526.0,529.0,512.0,526.0,63800,0.0,0.0
2021-05-12 00:00:00+09:00,527.0,530.0,501.0,518.0,87400,0.0,0.0
2021-05-13 00:00:00+09:00,518.0,522.0,510.0,512.0,96700,0.0,0.0
2021-05-14 00:00:00+09:00,512.0,535.0,512.0,530.0,67600,0.0,0.0
2021-05-17 00:00:00+09:00,530.0,575.0,524.0,571.0,290300,0.0,0.0
2021-05-18 00:00:00+09:00,570.0,593.0,561.0,575.0,219300,0.0,0.0
2021-05-19 00:00:00+09:00,565.0,591.0,548.0,587.0,196500,0.0,0.0
2021-05-20 00:00:00+09:00,589.0,623.0,589.0,622.0,201400,0.0,0.0
2021-05-21 00:00:00+09:00,614.0,619.0,567.0,585.0,404500,0.0,0.0
2021-05-24 00:00:00+09:00,575.0,622.0,570.0,622.0,245700,0.0,0.0
2021-05-25 00:00:00+09:00,619.0,649.0,605.0,626.0,315000,0.0,0.0
2021-05-26 00:00:00+09:00,620.0,636.0,612.0,634.0,153600,0.0,0.0
2021-05-27 00:00:00+09:00,630.0,634.0,614.0,623.0,127200,0.0,0.0
2021-05-28 00:00:00+09:00,623.0,635.0,618.0,630.0,154000,0.0,0.0
2021-05-31 00:00:00+09:00,630.0,634.0,622.0,630.0,94800,0.0,0.0
2021-06-01 00:00:00+09:00,627.0,649.0,623.0,630.0,185000,0.0,0.0
2021-06-02 00:00:00+09:00,630.0,688.0,630.0,686.0,410800,0.0,0.0
2021-06-03 00:00:00+09:00,688.0,708.0,662.0,694.0,313900,0.0,0.0
2021-06-04 00:00:00+09:00,694.0,710.0,687.0,710.0,213500,0.0,0.0
2021-06-07 00:00:00+09:00,705.0,759.0,679.0,747.0,641100,0.0,0.0
2021-06-08 00:00:00+09:00,741.0,756.0,730.0,734.0,410200,0.0,0.0
2021-06-09 00:00:00+09:00,743.0,750.0,701.0,703.0,414300,0.0,0.0
2021-06-10 00:00:00+09:00,701.0,737.0,690.0,730.0,381600,0.0,0.0
2021-06-11 00:00:00+09:00,745.0,799.0,744.0,795.0,1191500,0.0,0.0
2021-06-14 00:00:00+09:00,781.0,805.0,714.0,755.0,2784300,0.0,0.0
2021-06-15 00:00:00+09:00,755.0,805.0,725.0,736.0,2233100,0.0,0.0
2021-06-16 00:00:00+09:00,728.0,747.0,715.0,740.0,885700,0.0,0.0
2021-06-17 00:00:00+09:00,740.0,790.0,729.0,784.0,638400,0.0,0.0
2021-06-18 00:00:00+09:00,768.0,777.0,740.0,752.0,542800,0.0,0.0
2021-06-21 00:00:00+09:00,740.0,780.0,727.0,771.0,514500,0.0,0.0
2021-06-22 00:00:00+09:00,770.0,774.0,749.0,755.0,264000,0.0,0.0
2021-06-23 00:00:00+09:00,760.0,794.0,751.0,753.0,257200,0.0,0.0
2021-06-24 00:00:00+09:00,745.0,755.0,728.0,740.0,233900,0.0,0.0
2021-06-25 00:00:00+09:00,731.0,747.0,729.0,745.0,127800,0.0,0.0
2021-06-28 00:00:00+09:00,745.0,745.0,715.0,736.0,251400,0.0,0.0
2021-06-29 00:00:00+09:00,739.0,750.0,722.0,750.0,218500,0.0,0.0
2021-06-30 00:00:00+09:00,745.0,764.0,741.0,749.0,126900,0.0,0.0
2021-07-01 00:00:00+09:00,742.0,757.0,736.0,745.0,114300,0.0,0.0
2021-07-02 00:00:00+09:00,748.0,756.0,740.0,740.0,73100,0.0,0.0
2021-07-05 00:00:00+09:00,740.0,740.0,725.0,725.0,118400,0.0,0.0
2021-07-06 00:00:00+09:00,725.0,754.0,716.0,745.0,212800,0.0,0.0
2021-07-07 00:00:00+09:00,747.0,804.0,746.0,799.0,842300,0.0,0.0
2021-07-08 00:00:00+09:00,784.0,792.0,762.0,784.0,342100,0.0,0.0
2021-07-09 00:00:00+09:00,776.0,810.0,776.0,792.0,495100,0.0,0.0
2021-07-12 00:00:00+09:00,800.0,845.0,800.0,830.0,572500,0.0,0.0
2021-07-13 00:00:00+09:00,839.0,849.0,728.0,732.0,1410300,0.0,0.0
2021-07-14 00:00:00+09:00,723.0,749.0,721.0,743.0,1129200,0.0,0.0
2021-07-15 00:00:00+09:00,738.0,759.0,734.0,745.0,998500,0.0,0.0
2021-07-16 00:00:00+09:00,745.0,800.0,738.0,797.0,503600,0.0,0.0
2021-07-19 00:00:00+09:00,783.0,815.0,778.0,807.0,515600,0.0,0.0
2021-07-20 00:00:00+09:00,801.0,815.0,793.0,813.0,526600,0.0,0.0
2021-07-21 00:00:00+09:00,813.0,818.0,786.0,800.0,884800,0.0,0.0
2021-07-26 00:00:00+09:00,819.0,908.0,818.0,901.0,735400,0.0,0.0
2021-07-27 00:00:00+09:00,936.0,1030.0,899.0,975.0,1542300,0.0,0.0
2021-07-28 00:00:00+09:00,1020.0,1125.0,1016.0,1125.0,1520600,0.0,0.0
2021-07-29 00:00:00+09:00,1276.0,1425.0,1202.0,1311.0,2678900,0.0,0.0
2021-07-30 00:00:00+09:00,1281.0,1281.0,1080.0,1095.0,993600,0.0,0.0
2021-08-02 00:00:00+09:00,1102.0,1260.0,1102.0,1139.0,1065900,0.0,0.0
2021-08-03 00:00:00+09:00,1198.0,1199.0,1037.0,1059.0,638500,0.0,0.0
2021-08-04 00:00:00+09:00,1073.0,1133.0,1060.0,1105.0,411700,0.0,0.0
2021-08-05 00:00:00+09:00,1105.0,1147.0,1040.0,1079.0,278600,0.0,0.0
2021-08-06 00:00:00+09:00,1085.0,1180.0,1063.0,1152.0,254600,0.0,0.0
2021-08-10 00:00:00+09:00,1179.0,1208.0,1142.0,1169.0,189600,0.0,0.0
2021-08-11 00:00:00+09:00,1179.0,1179.0,1082.0,1089.0,301500,0.0,0.0
2021-08-12 00:00:00+09:00,1117.0,1132.0,1091.0,1094.0,199300,0.0,0.0
2021-08-13 00:00:00+09:00,1113.0,1275.0,1090.0,1204.0,475200,0.0,0.0
2021-08-16 00:00:00+09:00,1119.0,1146.0,1041.0,1067.0,462900,0.0,0.0
2021-08-17 00:00:00+09:00,1068.0,1098.0,969.0,981.0,195400,0.0,0.0
2021-08-18 00:00:00+09:00,981.0,1031.0,953.0,960.0,299100,0.0,0.0
2021-08-19 00:00:00+09:00,979.0,1020.0,920.0,935.0,274700,0.0,0.0
2021-08-20 00:00:00+09:00,935.0,943.0,897.0,920.0,167200,0.0,0.0
2021-08-23 00:00:00+09:00,898.0,926.0,885.0,909.0,106200,0.0,0.0
2021-08-24 00:00:00+09:00,920.0,954.0,885.0,891.0,144900,0.0,0.0
2021-08-25 00:00:00+09:00,906.0,930.0,881.0,905.0,126400,0.0,0.0
2021-08-26 00:00:00+09:00,908.0,928.0,900.0,917.0,86400,0.0,0.0
2021-08-27 00:00:00+09:00,906.0,930.0,886.0,924.0,68500,0.0,0.0
2021-08-30 00:00:00+09:00,924.0,963.0,917.0,955.0,87500,0.0,0.0
2021-08-31 00:00:00+09:00,970.0,1065.0,970.0,1033.0,264800,0.0,0.0
2021-09-01 00:00:00+09:00,1066.0,1333.0,1066.0,1333.0,1019700,0.0,0.0
2021-09-02 00:00:00+09:00,1500.0,1633.0,1454.0,1633.0,581800,0.0,0.0
2021-09-03 00:00:00+09:00,1913.0,1950.0,1510.0,1558.0,1438300,0.0,0.0
2021-09-06 00:00:00+09:00,1452.0,1958.0,1361.0,1958.0,1018600,0.0,0.0
2021-09-07 00:00:00+09:00,2303.0,2358.0,2105.0,2358.0,1598400,0.0,0.0
2021-09-08 00:00:00+09:00,2458.0,2858.0,2430.0,2858.0,1310000,0.0,0.0
2021-09-09 00:00:00+09:00,3360.0,3360.0,2844.0,3360.0,1876800,0.0,0.0
2021-09-10 00:00:00+09:00,2901.0,3720.0,2803.0,3335.0,2777500,0.0,0.0
2021-09-13 00:00:00+09:00,2735.0,2949.0,2635.0,2635.0,670800,0.0,0.0
2021-09-14 00:00:00+09:00,2135.0,2135.0,2135.0,2135.0,23500,0.0,0.0
2021-09-15 00:00:00+09:00,1635.0,1743.0,1635.0,1635.0,2108500,0.0,0.0
2021-09-16 00:00:00+09:00,1700.0,1985.0,1645.0,1866.0,4545600,0.0,0.0
2021-09-17 00:00:00+09:00,2100.0,2177.0,1772.0,1811.0,2584500,0.0,0.0
2021-09-21 00:00:00+09:00,1726.0,2063.0,1666.0,1977.0,1559200,0.0,0.0
2021-09-22 00:00:00+09:00,1964.0,2079.0,1850.0,1900.0,985000,0.0,0.0
2021-09-24 00:00:00+09:00,1919.0,2010.0,1820.0,1824.0,443300,0.0,0.0
2021-09-27 00:00:00+09:00,1784.0,1814.0,1685.0,1700.0,300400,0.0,0.0
2021-09-28 00:00:00+09:00,1700.0,1708.0,1536.0,1570.0,402000,0.0,0.0
2021-09-29 00:00:00+09:00,1590.0,1641.0,1555.0,1563.0,196300,0.0,0.0
2021-09-30 00:00:00+09:00,1556.0,1580.0,1453.0,1497.0,206800,0.0,0.0
2021-10-01 00:00:00+09:00,1492.0,1513.0,1437.0,1439.0,124700,0.0,0.0
2021-10-04 00:00:00+09:00,1432.0,1432.0,1348.0,1361.0,156700,0.0,0.0
2021-10-05 00:00:00+09:00,1391.0,1418.0,1330.0,1398.0,129100,0.0,0.0
2021-10-06 00:00:00+09:00,1395.0,1398.0,1342.0,1354.0,83900,0.0,0.0
2021-10-07 00:00:00+09:00,1341.0,1362.0,1312.0,1318.0,75100,0.0,0.0
2021-10-08 00:00:00+09:00,1329.0,1618.0,1321.0,1618.0,349800,0.0,0.0
2021-10-11 00:00:00+09:00,1550.0,2018.0,1546.0,2018.0,1639600,0.0,0.0
2021-10-12 00:00:00+09:00,2205.0,2512.0,1950.0,2000.0,2467500,0.0,0.0
2021-10-13 00:00:00+09:00,2150.0,2348.0,2003.0,2100.0,1061700,0.0,0.0
2021-10-14 00:00:00+09:00,2250.0,2285.0,2037.0,2051.0,365400,0.0,0.0
2021-10-15 00:00:00+09:00,2001.0,2050.0,1736.0,1795.0,461300,0.0,0.0
2021-10-18 00:00:00+09:00,1747.0,1926.0,1747.0,1762.0,238700,0.0,0.0
2021-10-19 00:00:00+09:00,1770.0,1859.0,1652.0,1717.0,296100,0.0,0.0
2021-10-20 00:00:00+09:00,1720.0,1842.0,1706.0,1752.0,323200,0.0,0.0
2021-10-21 00:00:00+09:00,1731.0,1767.0,1650.0,1675.0,144100,0.0,0.0
2021-10-22 00:00:00+09:00,1697.0,1700.0,1608.0,1636.0,132200,0.0,0.0
2021-10-25 00:00:00+09:00,1556.0,1577.0,1486.0,1507.0,150900,0.0,0.0
2021-10-26 00:00:00+09:00,1654.0,1880.0,1641.0,1778.0,730000,0.0,0.0
2021-10-27 00:00:00+09:00,1880.0,2044.0,1785.0,1822.0,742800,0.0,0.0
2021-10-28 00:00:00+09:00,1850.0,1865.0,1685.0,1805.0,218200,0.0,0.0
2021-10-29 00:00:00+09:00,1765.0,1775.0,1694.0,1726.0,87600,0.0,0.0
2021-11-01 00:00:00+09:00,1566.0,1716.0,1566.0,1669.0,181400,0.0,0.0
2021-11-02 00:00:00+09:00,1698.0,1800.0,1673.0,1709.0,154600,0.0,0.0
2021-11-04 00:00:00+09:00,1715.0,1732.0,1665.0,1709.0,74500,0.0,0.0
2021-11-05 00:00:00+09:00,1708.0,1713.0,1675.0,1689.0,41400,0.0,0.0
2021-11-08 00:00:00+09:00,1680.0,1728.0,1627.0,1700.0,83700,0.0,0.0
2021-11-09 00:00:00+09:00,1700.0,1706.0,1668.0,1685.0,35100,0.0,0.0
2021-11-10 00:00:00+09:00,1680.0,1830.0,1644.0,1826.0,206900,0.0,0.0
2021-11-11 00:00:00+09:00,1820.0,1820.0,1691.0,1716.0,72600,0.0,0.0
2021-11-12 00:00:00+09:00,1716.0,1748.0,1698.0,1706.0,37000,0.0,0.0
2021-11-15 00:00:00+09:00,1779.0,1785.0,1717.0,1763.0,80800,0.0,0.0
2021-11-16 00:00:00+09:00,1815.0,1815.0,1702.0,1702.0,86400,0.0,0.0
2021-11-17 00:00:00+09:00,1698.0,1726.0,1602.0,1648.0,74400,0.0,0.0
2021-11-18 00:00:00+09:00,1621.0,1712.0,1557.0,1563.0,87900,0.0,0.0
2021-11-19 00:00:00+09:00,1563.0,1563.0,1391.0,1416.0,170500,0.0,0.0
2021-11-22 00:00:00+09:00,1446.0,1460.0,1368.0,1374.0,94500,0.0,0.0
2021-11-24 00:00:00+09:00,1375.0,1443.0,1369.0,1397.0,62400,0.0,0.0
2021-11-25 00:00:00+09:00,1382.0,1388.0,1313.0,1387.0,64400,0.0,0.0
2021-11-26 00:00:00+09:00,1378.0,1380.0,1300.0,1304.0,61800,0.0,0.0
2021-11-29 00:00:00+09:00,1309.0,1312.0,1242.0,1269.0,91500,0.0,0.0
2021-11-30 00:00:00+09:00,1269.0,1315.0,1220.0,1222.0,66900,0.0,0.0
2021-12-01 00:00:00+09:00,1252.0,1252.0,1185.0,1212.0,102100,0.0,0.0
2021-12-02 00:00:00+09:00,1188.0,1224.0,1171.0,1186.0,98900,0.0,0.0
2021-12-03 00:00:00+09:00,1175.0,1282.0,1147.0,1224.0,157500,0.0,0.0
2021-12-06 00:00:00+09:00,1198.0,1247.0,1171.0,1194.0,42700,0.0,0.0
2021-12-07 00:00:00+09:00,1200.0,1222.0,1177.0,1212.0,53000,0.0,0.0
2021-12-08 00:00:00+09:00,1212.0,1223.0,1188.0,1195.0,32800,0.0,0.0
2021-12-09 00:00:00+09:00,1186.0,1194.0,1161.0,1184.0,41700,0.0,0.0
2021-12-10 00:00:00+09:00,1161.0,1180.0,1140.0,1155.0,53900,0.0,0.0
2021-12-13 00:00:00+09:00,1149.0,1175.0,1104.0,1153.0,77900,0.0,0.0
2021-12-14 00:00:00+09:00,1135.0,1190.0,1120.0,1138.0,50200,0.0,0.0
2021-12-15 00:00:00+09:00,1131.0,1398.0,1118.0,1175.0,280800,0.0,0.0
2021-12-16 00:00:00+09:00,1205.0,1211.0,1118.0,1133.0,68600,0.0,0.0
2021-12-17 00:00:00+09:00,1115.0,1158.0,1080.0,1094.0,64100,0.0,0.0
2021-12-20 00:00:00+09:00,1094.0,1120.0,1061.0,1072.0,36100,0.0,0.0
2021-12-21 00:00:00+09:00,1072.0,1157.0,1060.0,1137.0,67000,0.0,0.0
2021-12-22 00:00:00+09:00,1111.0,1154.0,1103.0,1104.0,32900,0.0,0.0
2021-12-23 00:00:00+09:00,1110.0,1165.0,1100.0,1126.0,36300,0.0,0.0
2021-12-24 00:00:00+09:00,1115.0,1129.0,1080.0,1084.0,49200,0.0,0.0
2021-12-27 00:00:00+09:00,1089.0,1089.0,1037.0,1061.0,43500,0.0,0.0
2021-12-28 00:00:00+09:00,1060.0,1091.0,1041.0,1079.0,48800,0.0,0.0
2021-12-29 00:00:00+09:00,1049.0,1101.0,1049.0,1089.0,24000,0.0,0.0
2021-12-30 00:00:00+09:00,1079.0,1088.0,1038.0,1040.0,32100,0.0,0.0
2022-01-04 00:00:00+09:00,1040.0,1040.0,1001.0,1018.0,28000,0.0,0.0
2022-01-05 00:00:00+09:00,1025.0,1051.0,1008.0,1010.0,30200,0.0,0.0
2022-01-06 00:00:00+09:00,1007.0,1007.0,980.0,980.0,42300,0.0,0.0
2022-01-07 00:00:00+09:00,979.0,995.0,933.0,977.0,67400,0.0,0.0
2022-01-11 00:00:00+09:00,963.0,980.0,939.0,960.0,55000,0.0,0.0
2022-01-12 00:00:00+09:00,953.0,1041.0,950.0,997.0,46000,0.0,0.0
2022-01-13 00:00:00+09:00,982.0,996.0,943.0,945.0,32700,0.0,0.0
2022-01-14 00:00:00+09:00,957.0,959.0,909.0,947.0,45500,0.0,0.0
2022-01-17 00:00:00+09:00,944.0,944.0,899.0,923.0,58600,0.0,0.0
2022-01-18 00:00:00+09:00,919.0,961.0,918.0,928.0,23300,0.0,0.0
2022-01-19 00:00:00+09:00,913.0,931.0,862.0,865.0,37400,0.0,0.0
2022-01-20 00:00:00+09:00,850.0,913.0,820.0,895.0,62500,0.0,0.0
2022-01-21 00:00:00+09:00,869.0,878.0,860.0,874.0,25000,0.0,0.0
2022-01-24 00:00:00+09:00,879.0,910.0,863.0,894.0,22400,0.0,0.0
2022-01-25 00:00:00+09:00,884.0,887.0,834.0,845.0,31400,0.0,0.0
2022-01-26 00:00:00+09:00,845.0,870.0,836.0,859.0,18200,0.0,0.0
2022-01-27 00:00:00+09:00,859.0,874.0,799.0,803.0,31700,0.0,0.0
2022-01-28 00:00:00+09:00,833.0,850.0,820.0,850.0,26100,0.0,0.0
2022-01-31 00:00:00+09:00,858.0,892.0,843.0,875.0,24500,0.0,0.0
2022-02-01 00:00:00+09:00,869.0,869.0,823.0,828.0,29800,0.0,0.0
2022-02-02 00:00:00+09:00,817.0,837.0,810.0,814.0,19700,0.0,0.0
2022-02-03 00:00:00+09:00,806.0,817.0,778.0,786.0,33600,0.0,0.0
2022-02-04 00:00:00+09:00,782.0,813.0,781.0,792.0,40100,0.0,0.0
2022-02-07 00:00:00+09:00,789.0,794.0,761.0,766.0,24900,0.0,0.0
2022-02-08 00:00:00+09:00,760.0,815.0,760.0,785.0,28700,0.0,0.0
2022-02-09 00:00:00+09:00,800.0,822.0,784.0,803.0,47200,0.0,0.0
2022-02-10 00:00:00+09:00,796.0,796.0,766.0,772.0,42300,0.0,0.0
2022-02-14 00:00:00+09:00,794.0,794.0,748.0,757.0,36700,0.0,0.0
2022-02-15 00:00:00+09:00,750.0,779.0,750.0,779.0,31700,0.0,0.0
2022-02-16 00:00:00+09:00,788.0,788.0,768.0,785.0,25700,0.0,0.0
2022-02-17 00:00:00+09:00,781.0,781.0,761.0,767.0,22600,0.0,0.0
2022-02-18 00:00:00+09:00,750.0,750.0,725.0,736.0,29200,0.0,0.0
2022-02-21 00:00:00+09:00,738.0,806.0,731.0,770.0,122700,0.0,0.0
2022-02-22 00:00:00+09:00,755.0,789.0,751.0,781.0,73500,0.0,0.0
2022-02-24 00:00:00+09:00,781.0,800.0,721.0,764.0,179900,0.0,0.0
2022-02-25 00:00:00+09:00,854.0,914.0,790.0,914.0,516400,0.0,0.0
2022-02-28 00:00:00+09:00,910.0,936.0,845.0,871.0,439200,0.0,0.0
2022-03-01 00:00:00+09:00,886.0,886.0,815.0,834.0,198200,0.0,0.0
2022-03-02 00:00:00+09:00,833.0,838.0,805.0,816.0,92200,0.0,0.0
2022-03-03 00:00:00+09:00,816.0,825.0,800.0,806.0,41500,0.0,0.0
2022-03-04 00:00:00+09:00,806.0,806.0,735.0,740.0,110300,0.0,0.0
2022-03-07 00:00:00+09:00,710.0,710.0,658.0,677.0,83900,0.0,0.0
2022-03-08 00:00:00+09:00,658.0,695.0,658.0,680.0,50600,0.0,0.0
2022-03-09 00:00:00+09:00,662.0,686.0,658.0,675.0,44800,0.0,0.0
2022-03-10 00:00:00+09:00,695.0,732.0,683.0,726.0,57200,0.0,0.0
2022-03-11 00:00:00+09:00,711.0,750.0,705.0,712.0,47100,0.0,0.0
2022-03-14 00:00:00+09:00,704.0,747.0,704.0,737.0,29800,0.0,0.0
2022-03-15 00:00:00+09:00,740.0,741.0,713.0,726.0,33800,0.0,0.0
2022-03-16 00:00:00+09:00,736.0,736.0,707.0,727.0,35200,0.0,0.0
2022-03-17 00:00:00+09:00,723.0,769.0,723.0,769.0,53600,0.0,0.0
2022-03-18 00:00:00+09:00,756.0,798.0,750.0,796.0,50400,0.0,0.0
2022-03-22 00:00:00+09:00,811.0,811.0,761.0,781.0,34700,0.0,0.0
2022-03-23 00:00:00+09:00,762.0,771.0,750.0,761.0,37000,0.0,0.0
2022-03-24 00:00:00+09:00,762.0,762.0,722.0,761.0,34400,0.0,0.0
2022-03-25 00:00:00+09:00,761.0,762.0,728.0,736.0,31000,0.0,0.0
2022-03-28 00:00:00+09:00,735.0,740.0,713.0,739.0,32300,0.0,0.0
2022-03-29 00:00:00+09:00,730.0,748.0,720.0,745.0,28000,0.0,0.0
2022-03-30 00:00:00+09:00,760.0,895.0,760.0,880.0,394300,0.0,0.0
2022-03-31 00:00:00+09:00,865.0,897.0,818.0,885.0,166400,0.0,0.0
2022-04-01 00:00:00+09:00,855.0,875.0,845.0,864.0,54600,0.0,0.0
2022-04-04 00:00:00+09:00,883.0,919.0,865.0,871.0,64500,0.0,0.0
2022-04-05 00:00:00+09:00,880.0,888.0,833.0,862.0,55200,0.0,0.0
2022-04-06 00:00:00+09:00,850.0,850.0,832.0,833.0,19100,0.0,0.0
2022-04-07 00:00:00+09:00,823.0,825.0,782.0,801.0,29500,0.0,0.0
2022-04-08 00:00:00+09:00,831.0,831.0,795.0,820.0,26300,0.0,0.0
2022-04-11 00:00:00+09:00,810.0,814.0,778.0,789.0,36500,0.0,0.0
2022-04-12 00:00:00+09:00,774.0,786.0,744.0,746.0,30600,0.0,0.0
2022-04-13 00:00:00+09:00,731.0,782.0,730.0,782.0,32600,0.0,0.0
2022-04-14 00:00:00+09:00,782.0,792.0,782.0,792.0,9900,0.0,0.0
2022-04-15 00:00:00+09:00,789.0,789.0,768.0,771.0,8600,0.0,0.0
2022-04-18 00:00:00+09:00,760.0,760.0,735.0,752.0,12000,0.0,0.0
2022-04-19 00:00:00+09:00,752.0,769.0,752.0,769.0,10800,0.0,0.0
2022-04-20 00:00:00+09:00,768.0,768.0,753.0,757.0,10200,0.0,0.0
2022-04-21 00:00:00+09:00,751.0,798.0,748.0,790.0,27300,0.0,0.0
2022-04-22 00:00:00+09:00,775.0,777.0,755.0,759.0,16100,0.0,0.0
2022-04-25 00:00:00+09:00,759.0,774.0,720.0,758.0,23700,0.0,0.0
2022-04-26 00:00:00+09:00,743.0,743.0,731.0,735.0,17200,0.0,0.0
2022-04-27 00:00:00+09:00,726.0,770.0,708.0,766.0,47000,0.0,0.0
2022-04-28 00:00:00+09:00,790.0,857.0,790.0,837.0,125600,0.0,0.0
2022-05-02 00:00:00+09:00,826.0,827.0,792.0,812.0,29000,0.0,0.0
2022-05-06 00:00:00+09:00,812.0,854.0,788.0,837.0,39500,0.0,0.0
2022-05-09 00:00:00+09:00,836.0,836.0,793.0,806.0,21300,0.0,0.0
2022-05-10 00:00:00+09:00,801.0,825.0,780.0,812.0,20600,0.0,0.0
2022-05-11 00:00:00+09:00,807.0,824.0,789.0,801.0,27200,0.0,0.0
2022-05-12 00:00:00+09:00,781.0,800.0,755.0,760.0,44800,0.0,0.0
2022-05-13 00:00:00+09:00,762.0,791.0,762.0,786.0,10000,0.0,0.0
2022-05-16 00:00:00+09:00,786.0,810.0,775.0,801.0,15200,0.0,0.0
2022-05-17 00:00:00+09:00,792.0,830.0,792.0,820.0,21500,0.0,0.0
2022-05-18 00:00:00+09:00,820.0,820.0,790.0,803.0,14800,0.0,0.0
2022-05-19 00:00:00+09:00,781.0,792.0,765.0,782.0,14100,0.0,0.0
2022-05-20 00:00:00+09:00,774.0,808.0,774.0,807.0,21900,0.0,0.0
2022-05-23 00:00:00+09:00,807.0,812.0,794.0,800.0,12500,0.0,0.0
2022-05-24 00:00:00+09:00,795.0,812.0,776.0,794.0,25000,0.0,0.0
2022-05-25 00:00:00+09:00,787.0,801.0,776.0,797.0,18600,0.0,0.0
2022-05-26 00:00:00+09:00,812.0,816.0,785.0,810.0,18000,0.0,0.0
2022-05-27 00:00:00+09:00,820.0,950.0,820.0,933.0,458200,0.0,0.0
2022-05-30 00:00:00+09:00,920.0,1024.0,905.0,1003.0,239900,0.0,0.0
2022-05-31 00:00:00+09:00,1000.0,1000.0,940.0,958.0,85200,0.0,0.0
2022-06-01 00:00:00+09:00,950.0,1023.0,919.0,1010.0,100000,0.0,0.0
2022-06-02 00:00:00+09:00,1015.0,1058.0,976.0,1003.0,132700,0.0,0.0
2022-06-03 00:00:00+09:00,1005.0,1087.0,981.0,1070.0,307000,0.0,0.0
2022-06-06 00:00:00+09:00,1060.0,1100.0,1037.0,1070.0,149400,0.0,0.0
2022-06-07 00:00:00+09:00,1100.0,1170.0,980.0,1000.0,600700,0.0,0.0
2022-06-08 00:00:00+09:00,970.0,1005.0,953.0,1005.0,184500,0.0,0.0
2022-06-09 00:00:00+09:00,990.0,1025.0,967.0,1011.0,169700,0.0,0.0
2022-06-10 00:00:00+09:00,994.0,995.0,974.0,980.0,58700,0.0,0.0
2022-06-13 00:00:00+09:00,970.0,970.0,923.0,928.0,85400,0.0,0.0
2022-06-14 00:00:00+09:00,921.0,921.0,877.0,906.0,74800,0.0,0.0
2022-06-15 00:00:00+09:00,903.0,915.0,863.0,870.0,43300,0.0,0.0
2022-06-16 00:00:00+09:00,870.0,893.0,861.0,862.0,28100,0.0,0.0
2022-06-17 00:00:00+09:00,838.0,886.0,830.0,866.0,46700,0.0,0.0
2022-06-20 00:00:00+09:00,880.0,881.0,818.0,825.0,42200,0.0,0.0
2022-06-21 00:00:00+09:00,825.0,886.0,817.0,880.0,49500,0.0,0.0
2022-06-22 00:00:00+09:00,880.0,881.0,830.0,830.0,45100,0.0,0.0
2022-06-23 00:00:00+09:00,843.0,853.0,825.0,845.0,38200,0.0,0.0
2022-06-24 00:00:00+09:00,842.0,881.0,840.0,858.0,36300,0.0,0.0
2022-06-27 00:00:00+09:00,851.0,881.0,841.0,874.0,54300,0.0,0.0
2022-06-28 00:00:00+09:00,870.0,900.0,870.0,884.0,31600,0.0,0.0
2022-06-29 00:00:00+09:00,869.0,947.0,861.0,934.0,97300,0.0,0.0
2022-06-30 00:00:00+09:00,922.0,931.0,872.0,882.0,81700,0.0,0.0
2022-07-01 00:00:00+09:00,887.0,887.0,838.0,860.0,51600,0.0,0.0
2022-07-04 00:00:00+09:00,868.0,883.0,848.0,874.0,48900,0.0,0.0
2022-07-05 00:00:00+09:00,882.0,892.0,856.0,863.0,35400,0.0,0.0
2022-07-06 00:00:00+09:00,858.0,886.0,850.0,884.0,42700,0.0,0.0
2022-07-07 00:00:00+09:00,886.0,888.0,854.0,878.0,43100,0.0,0.0
2022-07-08 00:00:00+09:00,872.0,879.0,841.0,849.0,56400,0.0,0.0
2022-07-11 00:00:00+09:00,859.0,877.0,839.0,873.0,55700,0.0,0.0
2022-07-12 00:00:00+09:00,873.0,873.0,831.0,841.0,51700,0.0,0.0
2022-07-13 00:00:00+09:00,841.0,841.0,807.0,815.0,45900,0.0,0.0
2022-07-14 00:00:00+09:00,825.0,828.0,808.0,821.0,48400,0.0,0.0
2022-07-15 00:00:00+09:00,824.0,824.0,792.0,806.0,60300,0.0,0.0
2022-07-19 00:00:00+09:00,806.0,815.0,793.0,814.0,29500,0.0,0.0
2022-07-20 00:00:00+09:00,817.0,825.0,804.0,815.0,48200,0.0,0.0
2022-07-21 00:00:00+09:00,822.0,823.0,807.0,808.0,24000,0.0,0.0
2022-07-22 00:00:00+09:00,808.0,808.0,790.0,794.0,45000,0.0,0.0
2022-07-25 00:00:00+09:00,792.0,792.0,766.0,778.0,50700,0.0,0.0
2022-07-26 00:00:00+09:00,778.0,792.0,768.0,791.0,37700,0.0,0.0
2022-07-27 00:00:00+09:00,789.0,790.0,777.0,778.0,12100,0.0,0.0
2022-07-28 00:00:00+09:00,786.0,792.0,766.0,792.0,32800,0.0,0.0
2022-07-29 00:00:00+09:00,795.0,798.0,772.0,773.0,23300,0.0,0.0
2022-08-01 00:00:00+09:00,780.0,793.0,775.0,791.0,27600,0.0,0.0
2022-08-02 00:00:00+09:00,777.0,785.0,772.0,775.0,30200,0.0,0.0
2022-08-03 00:00:00+09:00,775.0,788.0,755.0,758.0,46200,0.0,0.0
2022-08-04 00:00:00+09:00,753.0,775.0,752.0,759.0,50700,0.0,0.0
2022-08-05 00:00:00+09:00,766.0,767.0,741.0,749.0,34300,0.0,0.0
2022-08-08 00:00:00+09:00,750.0,750.0,711.0,713.0,75000,0.0,0.0
2022-08-09 00:00:00+09:00,711.0,741.0,711.0,728.0,39800,0.0,0.0
2022-08-10 00:00:00+09:00,728.0,728.0,668.0,690.0,122700,0.0,0.0
2022-08-12 00:00:00+09:00,699.0,732.0,699.0,721.0,71100,0.0,0.0
2022-08-15 00:00:00+09:00,718.0,718.0,707.0,708.0,34200,0.0,0.0
2022-08-16 00:00:00+09:00,701.0,725.0,697.0,719.0,30200,0.0,0.0
2022-08-17 00:00:00+09:00,718.0,732.0,705.0,727.0,37400,0.0,0.0
2022-08-18 00:00:00+09:00,716.0,719.0,705.0,711.0,42100,0.0,0.0
2022-08-19 00:00:00+09:00,720.0,747.0,713.0,736.0,48000,0.0,0.0
2022-08-22 00:00:00+09:00,721.0,721.0,703.0,714.0,36000,0.0,0.0
2022-08-23 00:00:00+09:00,701.0,708.0,699.0,706.0,21800,0.0,0.0
2022-08-24 00:00:00+09:00,710.0,710.0,696.0,706.0,37900,0.0,0.0
2022-08-25 00:00:00+09:00,709.0,720.0,698.0,714.0,33500,0.0,0.0
2022-08-26 00:00:00+09:00,715.0,725.0,708.0,720.0,59900,0.0,0.0
2022-08-29 00:00:00+09:00,717.0,717.0,698.0,704.0,25700,0.0,0.0
2022-08-30 00:00:00+09:00,705.0,732.0,705.0,731.0,19500,0.0,0.0
2022-08-31 00:00:00+09:00,716.0,733.0,716.0,721.0,25400,0.0,0.0
2022-09-01 00:00:00+09:00,711.0,714.0,700.0,700.0,31900,0.0,0.0
2022-09-02 00:00:00+09:00,700.0,700.0,684.0,684.0,45800,0.0,0.0
2022-09-05 00:00:00+09:00,681.0,695.0,666.0,692.0,31700,0.0,0.0
2022-09-06 00:00:00+09:00,685.0,708.0,677.0,701.0,27100,0.0,0.0
2022-09-07 00:00:00+09:00,686.0,698.0,679.0,686.0,31400,0.0,0.0
2022-09-08 00:00:00+09:00,682.0,719.0,682.0,706.0,39000,0.0,0.0
2022-09-09 00:00:00+09:00,691.0,713.0,691.0,704.0,32100,0.0,0.0
2022-09-12 00:00:00+09:00,715.0,723.0,707.0,720.0,24200,0.0,0.0
2022-09-13 00:00:00+09:00,713.0,719.0,710.0,712.0,14900,0.0,0.0
2022-09-14 00:00:00+09:00,693.0,704.0,691.0,701.0,18500,0.0,0.0
2022-09-15 00:00:00+09:00,701.0,702.0,695.0,700.0,9900,0.0,0.0
2022-09-16 00:00:00+09:00,691.0,697.0,684.0,684.0,24400,0.0,0.0
2022-09-20 00:00:00+09:00,688.0,694.0,670.0,670.0,35300,0.0,0.0
2022-09-21 00:00:00+09:00,669.0,669.0,655.0,658.0,22500,0.0,0.0
2022-09-22 00:00:00+09:00,651.0,663.0,642.0,650.0,33100,0.0,0.0
2022-09-26 00:00:00+09:00,650.0,650.0,630.0,632.0,43700,0.0,0.0
2022-09-27 00:00:00+09:00,624.0,632.0,617.0,620.0,33800,0.0,0.0
2022-09-28 00:00:00+09:00,615.0,619.0,583.0,615.0,61400,0.0,0.0
2022-09-29 00:00:00+09:00,627.0,631.0,605.0,622.0,31200,0.0,0.0
2022-09-30 00:00:00+09:00,616.0,623.0,601.0,607.0,30300,0.0,0.0
2022-10-03 00:00:00+09:00,591.0,592.0,579.0,587.0,44300,0.0,0.0
2022-10-04 00:00:00+09:00,592.0,628.0,592.0,628.0,33300,0.0,0.0
2022-10-05 00:00:00+09:00,633.0,638.0,600.0,603.0,61600,0.0,0.0
2022-10-06 00:00:00+09:00,602.0,617.0,602.0,613.0,22500,0.0,0.0
2022-10-07 00:00:00+09:00,600.0,610.0,593.0,594.0,33600,0.0,0.0
2022-10-11 00:00:00+09:00,585.0,585.0,552.0,556.0,84800,0.0,0.0
2022-10-12 00:00:00+09:00,556.0,556.0,533.0,542.0,53600,0.0,0.0
2022-10-13 00:00:00+09:00,532.0,538.0,516.0,522.0,48700,0.0,0.0
2022-10-14 00:00:00+09:00,522.0,549.0,512.0,546.0,46000,0.0,0.0
2022-10-17 00:00:00+09:00,526.0,547.0,526.0,536.0,74900,0.0,0.0
2022-10-18 00:00:00+09:00,536.0,636.0,536.0,636.0,493700,0.0,0.0
2022-10-19 00:00:00+09:00,735.0,736.0,670.0,677.0,584800,0.0,0.0
2022-10-20 00:00:00+09:00,680.0,756.0,669.0,683.0,626600,0.0,0.0
2022-10-21 00:00:00+09:00,681.0,682.0,637.0,663.0,185100,0.0,0.0
2022-10-24 00:00:00+09:00,657.0,664.0,619.0,622.0,89700,0.0,0.0
2022-10-25 00:00:00+09:00,629.0,656.0,621.0,621.0,64500,0.0,0.0
2022-10-26 00:00:00+09:00,639.0,649.0,617.0,621.0,73900,0.0,0.0
2022-10-27 00:00:00+09:00,614.0,614.0,593.0,594.0,66800,0.0,0.0
2022-10-28 00:00:00+09:00,586.0,597.0,570.0,578.0,249200,0.0,0.0
2022-10-31 00:00:00+09:00,587.0,596.0,572.0,586.0,60800,0.0,0.0
2022-11-01 00:00:00+09:00,586.0,599.0,578.0,586.0,48100,0.0,0.0
2022-11-02 00:00:00+09:00,586.0,586.0,568.0,568.0,40700,0.0,0.0
2022-11-04 00:00:00+09:00,568.0,568.0,554.0,556.0,40200,0.0,0.0
2022-11-07 00:00:00+09:00,558.0,560.0,550.0,552.0,19200,0.0,0.0
2022-11-08 00:00:00+09:00,564.0,583.0,554.0,572.0,40900,0.0,0.0
2022-11-09 00:00:00+09:00,583.0,583.0,556.0,557.0,32100,0.0,0.0
2022-11-10 00:00:00+09:00,555.0,555.0,541.0,541.0,31500,0.0,0.0
2022-11-11 00:00:00+09:00,641.0,641.0,641.0,641.0,64600,0.0,0.0
2022-11-14 00:00:00+09:00,604.0,612.0,586.0,587.0,144500,0.0,0.0
2022-11-15 00:00:00+09:00,585.0,608.0,581.0,600.0,63000,0.0,0.0
2022-11-16 00:00:00+09:00,610.0,621.0,585.0,620.0,49800,0.0,0.0
2022-11-17 00:00:00+09:00,615.0,626.0,608.0,620.0,46300,0.0,0.0
2022-11-18 00:00:00+09:00,625.0,625.0,608.0,612.0,22900,0.0,0.0
2022-11-21 00:00:00+09:00,618.0,620.0,602.0,616.0,35000,0.0,0.0
2022-11-22 00:00:00+09:00,610.0,623.0,607.0,609.0,26800,0.0,0.0
2022-11-24 00:00:00+09:00,612.0,625.0,612.0,625.0,23700,0.0,0.0
2022-11-25 00:00:00+09:00,625.0,625.0,610.0,613.0,17600,0.0,0.0
2022-11-28 00:00:00+09:00,616.0,627.0,613.0,620.0,19500,0.0,0.0
2022-11-29 00:00:00+09:00,614.0,628.0,607.0,612.0,20000,0.0,0.0
2022-11-30 00:00:00+09:00,614.0,619.0,608.0,615.0,17200,0.0,0.0
2022-12-01 00:00:00+09:00,611.0,623.0,605.0,610.0,23100,0.0,0.0
2022-12-02 00:00:00+09:00,606.0,606.0,589.0,589.0,31900,0.0,0.0
2022-12-05 00:00:00+09:00,599.0,599.0,573.0,576.0,19800,0.0,0.0
2022-12-06 00:00:00+09:00,583.0,610.0,583.0,590.0,34500,0.0,0.0
2022-12-07 00:00:00+09:00,579.0,585.0,574.0,581.0,16800,0.0,0.0
2022-12-08 00:00:00+09:00,592.0,592.0,569.0,575.0,21500,0.0,0.0
2022-12-09 00:00:00+09:00,566.0,594.0,566.0,585.0,16100,0.0,0.0
2022-12-12 00:00:00+09:00,572.0,586.0,572.0,576.0,11000,0.0,0.0
2022-12-13 00:00:00+09:00,574.0,582.0,574.0,574.0,15200,0.0,0.0
2022-12-14 00:00:00+09:00,574.0,589.0,572.0,584.0,13600,0.0,0.0
2022-12-15 00:00:00+09:00,584.0,590.0,582.0,588.0,7300,0.0,0.0
2022-12-16 00:00:00+09:00,578.0,588.0,574.0,576.0,11300,0.0,0.0
2022-12-19 00:00:00+09:00,586.0,586.0,562.0,562.0,13600,0.0,0.0
2022-12-20 00:00:00+09:00,559.0,573.0,546.0,547.0,33700,0.0,0.0
2022-12-21 00:00:00+09:00,546.0,558.0,540.0,544.0,17500,0.0,0.0
2022-12-22 00:00:00+09:00,553.0,553.0,542.0,542.0,16900,0.0,0.0
2022-12-23 00:00:00+09:00,540.0,544.0,533.0,533.0,14800,0.0,0.0
2022-12-26 00:00:00+09:00,532.0,533.0,523.0,525.0,11000,0.0,0.0
2022-12-27 00:00:00+09:00,526.0,538.0,525.0,530.0,15300,0.0,0.0
2022-12-28 00:00:00+09:00,527.0,530.0,523.0,530.0,11500,0.0,0.0
2022-12-29 00:00:00+09:00,515.0,530.0,515.0,526.0,20100,0.0,0.0
2022-12-30 00:00:00+09:00,524.0,549.0,524.0,543.0,20400,0.0,0.0
2023-01-04 00:00:00+09:00,537.0,551.0,530.0,530.0,14300,0.0,0.0
2023-01-05 00:00:00+09:00,530.0,533.0,522.0,522.0,12700,0.0,0.0
2023-01-06 00:00:00+09:00,522.0,534.0,522.0,531.0,4000,0.0,0.0
2023-01-10 00:00:00+09:00,535.0,540.0,532.0,539.0,8400,0.0,0.0
2023-01-11 00:00:00+09:00,539.0,555.0,539.0,548.0,12500,0.0,0.0
2023-01-12 00:00:00+09:00,538.0,554.0,538.0,539.0,10000,0.0,0.0
2023-01-13 00:00:00+09:00,543.0,543.0,526.0,534.0,18400,0.0,0.0
2023-01-16 00:00:00+09:00,542.0,542.0,531.0,532.0,4300,0.0,0.0
2023-01-17 00:00:00+09:00,531.0,540.0,530.0,537.0,7100,0.0,0.0
2023-01-18 00:00:00+09:00,536.0,555.0,535.0,554.0,17500,0.0,0.0
2023-01-19 00:00:00+09:00,557.0,558.0,535.0,554.0,17200,0.0,0.0
2023-01-20 00:00:00+09:00,555.0,557.0,542.0,551.0,11000,0.0,0.0
2023-01-23 00:00:00+09:00,552.0,583.0,551.0,582.0,29500,0.0,0.0
2023-01-24 00:00:00+09:00,584.0,614.0,584.0,610.0,45400,0.0,0.0
2023-01-25 00:00:00+09:00,618.0,618.0,589.0,600.0,28400,0.0,0.0
2023-01-26 00:00:00+09:00,608.0,618.0,596.0,601.0,33700,0.0,0.0
2023-01-27 00:00:00+09:00,601.0,618.0,599.0,599.0,14200,0.0,0.0
2023-01-30 00:00:00+09:00,605.0,606.0,586.0,586.0,51300,0.0,0.0
2023-01-31 00:00:00+09:00,589.0,612.0,578.0,610.0,26800,0.0,0.0
2023-02-01 00:00:00+09:00,610.0,617.0,592.0,600.0,14600,0.0,0.0
2023-02-02 00:00:00+09:00,595.0,598.0,584.0,597.0,15100,0.0,0.0
2023-02-03 00:00:00+09:00,591.0,594.0,573.0,583.0,14400,0.0,0.0
2023-02-06 00:00:00+09:00,593.0,596.0,587.0,593.0,9800,0.0,0.0
2023-02-07 00:00:00+09:00,594.0,594.0,590.0,590.0,4400,0.0,0.0
2023-02-08 00:00:00+09:00,596.0,596.0,580.0,585.0,8400,0.0,0.0
2023-02-09 00:00:00+09:00,590.0,590.0,578.0,585.0,7700,0.0,0.0
2023-02-10 00:00:00+09:00,581.0,589.0,566.0,578.0,15000,0.0,0.0
2023-02-13 00:00:00+09:00,578.0,578.0,558.0,558.0,20200,0.0,0.0
2023-02-14 00:00:00+09:00,561.0,568.0,547.0,567.0,15900,0.0,0.0
2023-02-15 00:00:00+09:00,567.0,568.0,555.0,558.0,11200,0.0,0.0
2023-02-16 00:00:00+09:00,558.0,567.0,555.0,567.0,6700,0.0,0.0
2023-02-17 00:00:00+09:00,565.0,567.0,555.0,559.0,9400,0.0,0.0
2023-02-20 00:00:00+09:00,563.0,570.0,556.0,556.0,12800,0.0,0.0
2023-02-21 00:00:00+09:00,556.0,561.0,548.0,548.0,12000,0.0,0.0
2023-02-22 00:00:00+09:00,545.0,545.0,533.0,534.0,17900,0.0,0.0
2023-02-24 00:00:00+09:00,542.0,542.0,530.0,536.0,31500,0.0,0.0
2023-02-27 00:00:00+09:00,526.0,550.0,526.0,541.0,25200,0.0,0.0
2023-02-28 00:00:00+09:00,561.0,561.0,551.0,551.0,13800,0.0,0.0
2023-03-01 00:00:00+09:00,551.0,556.0,547.0,549.0,6800,0.0,0.0
2023-03-02 00:00:00+09:00,549.0,566.0,546.0,553.0,21000,0.0,0.0
2023-03-03 00:00:00+09:00,558.0,574.0,557.0,567.0,33800,0.0,0.0
2023-03-06 00:00:00+09:00,567.0,570.0,559.0,563.0,17200,0.0,0.0
2023-03-07 00:00:00+09:00,564.0,581.0,564.0,569.0,21800,0.0,0.0
2023-03-08 00:00:00+09:00,564.0,568.0,557.0,563.0,26600,0.0,0.0
2023-03-09 00:00:00+09:00,563.0,565.0,557.0,561.0,12600,0.0,0.0
2023-03-10 00:00:00+09:00,558.0,563.0,547.0,550.0,23500,0.0,0.0
2023-03-13 00:00:00+09:00,547.0,547.0,528.0,538.0,17200,0.0,0.0
2023-03-14 00:00:00+09:00,529.0,529.0,513.0,517.0,26100,0.0,0.0
2023-03-15 00:00:00+09:00,531.0,531.0,522.0,523.0,4100,0.0,0.0
2023-03-16 00:00:00+09:00,513.0,516.0,495.0,516.0,18100,0.0,0.0
2023-03-17 00:00:00+09:00,506.0,522.0,504.0,516.0,24400,0.0,0.0
2023-03-20 00:00:00+09:00,508.0,521.0,500.0,504.0,10400,0.0,0.0
2023-03-22 00:00:00+09:00,504.0,516.0,502.0,516.0,15800,0.0,0.0
2023-03-23 00:00:00+09:00,505.0,514.0,505.0,505.0,10400,0.0,0.0
2023-03-24 00:00:00+09:00,504.0,511.0,501.0,506.0,14800,0.0,0.0
2023-03-27 00:00:00+09:00,504.0,512.0,504.0,507.0,5300,0.0,0.0
2023-03-28 00:00:00+09:00,505.0,505.0,498.0,503.0,12700,0.0,0.0
2023-03-29 00:00:00+09:00,499.0,509.0,498.0,509.0,12400,0.0,0.0
2023-03-30 00:00:00+09:00,505.0,511.0,503.0,509.0,7800,0.0,0.0
2023-03-31 00:00:00+09:00,504.0,507.0,502.0,504.0,6000,0.0,0.0
2023-04-03 00:00:00+09:00,504.0,512.0,504.0,511.0,9200,0.0,0.0
2023-04-04 00:00:00+09:00,508.0,516.0,506.0,510.0,22800,0.0,0.0
2023-04-05 00:00:00+09:00,509.0,510.0,498.0,500.0,15000,0.0,0.0
2023-04-06 00:00:00+09:00,500.0,516.0,487.0,507.0,18600,0.0,0.0
2023-04-07 00:00:00+09:00,502.0,510.0,499.0,503.0,16200,0.0,0.0
2023-04-10 00:00:00+09:00,515.0,538.0,500.0,538.0,28500,0.0,0.0
2023-04-11 00:00:00+09:00,535.0,536.0,524.0,535.0,14500,0.0,0.0
2023-04-12 00:00:00+09:00,535.0,550.0,524.0,550.0,20300,0.0,0.0
2023-04-13 00:00:00+09:00,550.0,550.0,532.0,542.0,12600,0.0,0.0
2023-04-14 00:00:00+09:00,543.0,560.0,540.0,557.0,15700,0.0,0.0
2023-04-17 00:00:00+09:00,557.0,565.0,549.0,557.0,9200,0.0,0.0
2023-04-18 00:00:00+09:00,555.0,562.0,541.0,541.0,15300,0.0,0.0
2023-04-19 00:00:00+09:00,535.0,538.0,527.0,527.0,14800,0.0,0.0
2023-04-20 00:00:00+09:00,525.0,539.0,525.0,533.0,10500,0.0,0.0
2023-04-21 00:00:00+09:00,533.0,545.0,533.0,539.0,10000,0.0,0.0
2023-04-24 00:00:00+09:00,548.0,548.0,532.0,537.0,9000,0.0,0.0
2023-04-25 00:00:00+09:00,547.0,548.0,534.0,534.0,7700,0.0,0.0
2023-04-26 00:00:00+09:00,531.0,542.0,524.0,525.0,15600,0.0,0.0
2023-04-27 00:00:00+09:00,531.0,541.0,519.0,519.0,35100,0.0,0.0
2023-04-28 00:00:00+09:00,528.0,542.0,528.0,542.0,13100,0.0,0.0
2023-05-01 00:00:00+09:00,539.0,543.0,533.0,535.0,10200,0.0,0.0
2023-05-02 00:00:00+09:00,535.0,555.0,535.0,550.0,19200,0.0,0.0
2023-05-08 00:00:00+09:00,544.0,544.0,537.0,539.0,12700,0.0,0.0
2023-05-09 00:00:00+09:00,546.0,553.0,546.0,551.0,12000,0.0,0.0
2023-05-10 00:00:00+09:00,552.0,552.0,543.0,545.0,7300,0.0,0.0
2023-05-11 00:00:00+09:00,546.0,550.0,544.0,549.0,9200,0.0,0.0
2023-05-12 00:00:00+09:00,551.0,555.0,545.0,555.0,13600,0.0,0.0
2023-05-15 00:00:00+09:00,508.0,531.0,507.0,522.0,26500,0.0,0.0
2023-05-16 00:00:00+09:00,523.0,529.0,523.0,525.0,9100,0.0,0.0
2023-05-17 00:00:00+09:00,531.0,538.0,524.0,525.0,14800,0.0,0.0
2023-05-18 00:00:00+09:00,527.0,527.0,510.0,510.0,20900,0.0,0.0
2023-05-19 00:00:00+09:00,512.0,610.0,510.0,520.0,292700,0.0,0.0
2023-05-22 00:00:00+09:00,530.0,560.0,524.0,544.0,77000,0.0,0.0
2023-05-23 00:00:00+09:00,544.0,550.0,516.0,519.0,53900,0.0,0.0
2023-05-24 00:00:00+09:00,511.0,520.0,507.0,511.0,21000,0.0,0.0
2023-05-25 00:00:00+09:00,510.0,514.0,509.0,512.0,6100,0.0,0.0
2023-05-26 00:00:00+09:00,513.0,513.0,500.0,500.0,26900,0.0,0.0
2023-05-29 00:00:00+09:00,500.0,503.0,491.0,492.0,29600,0.0,0.0
2023-05-30 00:00:00+09:00,490.0,495.0,486.0,489.0,14800,0.0,0.0
2023-05-31 00:00:00+09:00,483.0,501.0,480.0,480.0,20300,0.0,0.0
2023-06-01 00:00:00+09:00,480.0,481.0,470.0,470.0,26600,0.0,0.0
2023-06-02 00:00:00+09:00,470.0,479.0,470.0,472.0,11700,0.0,0.0
2023-06-05 00:00:00+09:00,476.0,481.0,473.0,473.0,17800,0.0,0.0
2023-06-06 00:00:00+09:00,475.0,487.0,475.0,480.0,16500,0.0,0.0
2023-06-07 00:00:00+09:00,487.0,487.0,476.0,477.0,8500,0.0,0.0
2023-06-08 00:00:00+09:00,478.0,480.0,476.0,477.0,8400,0.0,0.0
2023-06-09 00:00:00+09:00,477.0,482.0,477.0,477.0,8300,0.0,0.0
2023-06-12 00:00:00+09:00,477.0,485.0,477.0,482.0,6100,0.0,0.0
2023-06-13 00:00:00+09:00,483.0,485.0,480.0,481.0,7900,0.0,0.0
2023-06-14 00:00:00+09:00,480.0,494.0,480.0,487.0,13800,0.0,0.0
2023-06-15 00:00:00+09:00,490.0,490.0,484.0,484.0,7800,0.0,0.0
2023-06-16 00:00:00+09:00,484.0,485.0,480.0,480.0,17100,0.0,0.0
2023-06-19 00:00:00+09:00,481.0,481.0,476.0,477.0,10600,0.0,0.0
2023-06-20 00:00:00+09:00,476.0,478.0,474.0,478.0,11300,0.0,0.0
2023-06-21 00:00:00+09:00,475.0,478.0,475.0,476.0,5100,0.0,0.0
2023-06-22 00:00:00+09:00,476.0,482.0,476.0,477.0,7200,0.0,0.0
2023-06-23 00:00:00+09:00,480.0,480.0,473.0,478.0,9700,0.0,0.0
2023-06-26 00:00:00+09:00,481.0,481.0,474.0,475.0,13100,0.0,0.0
2023-06-27 00:00:00+09:00,475.0,479.0,474.0,479.0,4400,0.0,0.0
2023-06-28 00:00:00+09:00,479.0,480.0,473.0,480.0,11900,0.0,0.0
2023-06-29 00:00:00+09:00,476.0,479.0,473.0,479.0,5600,0.0,0.0
2023-06-30 00:00:00+09:00,476.0,477.0,474.0,475.0,5000,0.0,0.0
2023-07-03 00:00:00+09:00,477.0,477.0,472.0,476.0,6000,0.0,0.0
2023-07-04 00:00:00+09:00,475.0,476.0,471.0,473.0,7600,0.0,0.0
2023-07-05 00:00:00+09:00,473.0,473.0,470.0,470.0,7800,0.0,0.0
2023-07-06 00:00:00+09:00,470.0,473.0,469.0,471.0,6200,0.0,0.0
2023-07-07 00:00:00+09:00,470.0,474.0,470.0,472.0,4800,0.0,0.0
2023-07-10 00:00:00+09:00,472.0,483.0,470.0,475.0,12100,0.0,0.0
2023-07-11 00:00:00+09:00,474.0,478.0,471.0,471.0,3700,0.0,0.0
2023-07-12 00:00:00+09:00,474.0,478.0,471.0,474.0,9400,0.0,0.0
2023-07-13 00:00:00+09:00,474.0,476.0,471.0,472.0,2900,0.0,0.0
2023-07-14 00:00:00+09:00,475.0,477.0,470.0,471.0,11300,0.0,0.0
2023-07-18 00:00:00+09:00,471.0,471.0,461.0,467.0,38400,0.0,0.0
2023-07-19 00:00:00+09:00,467.0,470.0,464.0,466.0,3800,0.0,0.0
2023-07-20 00:00:00+09:00,461.0,462.0,458.0,460.0,7700,0.0,0.0
2023-07-21 00:00:00+09:00,460.0,476.0,459.0,468.0,8000,0.0,0.0
2023-07-24 00:00:00+09:00,467.0,471.0,463.0,470.0,6300,0.0,0.0
2023-07-25 00:00:00+09:00,462.0,463.0,456.0,461.0,34100,0.0,0.0
2023-07-26 00:00:00+09:00,457.0,459.0,455.0,459.0,8600,0.0,0.0
2023-07-27 00:00:00+09:00,457.0,457.0,456.0,456.0,2600,0.0,0.0
2023-07-28 00:00:00+09:00,455.0,456.0,443.0,452.0,48900,0.0,0.0
2023-07-31 00:00:00+09:00,451.0,451.0,448.0,449.0,3600,0.0,0.0
2023-08-01 00:00:00+09:00,448.0,448.0,445.0,447.0,6600,0.0,0.0
2023-08-02 00:00:00+09:00,445.0,445.0,429.0,432.0,25300,0.0,0.0
2023-08-03 00:00:00+09:00,431.0,431.0,418.0,418.0,17800,0.0,0.0
2023-08-04 00:00:00+09:00,416.0,421.0,410.0,418.0,14800,0.0,0.0
2023-08-07 00:00:00+09:00,420.0,445.0,420.0,444.0,11100,0.0,0.0
2023-08-08 00:00:00+09:00,444.0,444.0,429.0,429.0,11900,0.0,0.0
2023-08-09 00:00:00+09:00,429.0,429.0,423.0,423.0,2500,0.0,0.0
2023-08-10 00:00:00+09:00,425.0,433.0,423.0,433.0,8500,0.0,0.0
2023-08-14 00:00:00+09:00,426.0,434.0,426.0,431.0,4700,0.0,0.0
2023-08-15 00:00:00+09:00,429.0,434.0,413.0,413.0,21900,0.0,0.0
2023-08-16 00:00:00+09:00,413.0,416.0,411.0,411.0,3300,0.0,0.0
2023-08-17 00:00:00+09:00,416.0,416.0,402.0,402.0,15600,0.0,0.0
2023-08-18 00:00:00+09:00,402.0,406.0,401.0,404.0,2400,0.0,0.0
2023-08-21 00:00:00+09:00,404.0,404.0,400.0,400.0,6500,0.0,0.0
2023-08-22 00:00:00+09:00,400.0,400.0,383.0,386.0,24100,0.0,0.0
2023-08-23 00:00:00+09:00,385.0,386.0,380.0,383.0,14500,0.0,0.0
2023-08-24 00:00:00+09:00,383.0,387.0,383.0,385.0,5300,0.0,0.0
2023-08-25 00:00:00+09:00,387.0,387.0,382.0,382.0,4300,0.0,0.0
2023-08-28 00:00:00+09:00,390.0,390.0,383.0,385.0,6600,0.0,0.0
2023-08-29 00:00:00+09:00,387.0,398.0,386.0,390.0,11800,0.0,0.0
2023-08-30 00:00:00+09:00,393.0,399.0,389.0,398.0,9200,0.0,0.0
2023-08-31 00:00:00+09:00,398.0,400.0,398.0,398.0,8900,0.0,0.0
2023-09-01 00:00:00+09:00,398.0,402.0,396.0,400.0,7700,0.0,0.0
2023-09-04 00:00:00+09:00,401.0,407.0,399.0,405.0,10100,0.0,0.0
2023-09-05 00:00:00+09:00,404.0,420.0,403.0,411.0,13600,0.0,0.0
2023-09-06 00:00:00+09:00,413.0,413.0,409.0,412.0,4400,0.0,0.0
2023-09-07 00:00:00+09:00,407.0,408.0,406.0,407.0,3800,0.0,0.0
2023-09-08 00:00:00+09:00,405.0,405.0,400.0,402.0,8400,0.0,0.0
2023-09-11 00:00:00+09:00,402.0,402.0,398.0,398.0,9600,0.0,0.0
2023-09-12 00:00:00+09:00,399.0,406.0,399.0,403.0,1800,0.0,0.0
2023-09-13 00:00:00+09:00,398.0,403.0,398.0,403.0,7300,0.0,0.0
2023-09-14 00:00:00+09:00,406.0,406.0,398.0,401.0,8700,0.0,0.0
2023-09-15 00:00:00+09:00,401.0,405.0,395.0,400.0,11800,0.0,0.0
2023-09-19 00:00:00+09:00,409.0,410.0,406.0,408.0,9000,0.0,0.0
2023-09-20 00:00:00+09:00,410.0,410.0,405.0,405.0,4800,0.0,0.0
2023-09-21 00:00:00+09:00,405.0,406.0,400.0,400.0,4600,0.0,0.0
2023-09-22 00:00:00+09:00,400.0,400.0,398.0,400.0,6600,0.0,0.0
2023-09-25 00:00:00+09:00,400.0,400.0,398.0,400.0,4300,0.0,0.0
2023-09-26 00:00:00+09:00,408.0,408.0,400.0,400.0,5600,0.0,0.0
2023-09-27 00:00:00+09:00,400.0,401.0,397.0,401.0,9500,0.0,0.0
2023-09-28 00:00:00+09:00,400.0,400.0,394.0,396.0,8700,0.0,0.0
2023-09-29 00:00:00+09:00,397.0,399.0,392.0,393.0,10400,0.0,0.0
2023-10-02 00:00:00+09:00,393.0,393.0,390.0,390.0,6000,0.0,0.0
2023-10-03 00:00:00+09:00,391.0,391.0,384.0,384.0,12400,0.0,0.0
2023-10-04 00:00:00+09:00,383.0,383.0,370.0,371.0,7900,0.0,0.0
2023-10-05 00:00:00+09:00,375.0,375.0,366.0,366.0,13700,0.0,0.0
2023-10-06 00:00:00+09:00,381.0,381.0,366.0,367.0,21200,0.0,0.0
2023-10-10 00:00:00+09:00,365.0,374.0,365.0,373.0,9000,0.0,0.0
2023-10-11 00:00:00+09:00,370.0,373.0,369.0,371.0,7800,0.0,0.0
2023-10-12 00:00:00+09:00,371.0,371.0,370.0,370.0,3300,0.0,0.0
2023-10-13 00:00:00+09:00,369.0,369.0,365.0,366.0,6100,0.0,0.0
2023-10-16 00:00:00+09:00,366.0,366.0,351.0,352.0,10700,0.0,0.0
2023-10-17 00:00:00+09:00,357.0,357.0,350.0,350.0,18300,0.0,0.0
2023-10-18 00:00:00+09:00,351.0,352.0,350.0,352.0,5800,0.0,0.0
2023-10-19 00:00:00+09:00,350.0,351.0,344.0,347.0,15100,0.0,0.0
2023-10-20 00:00:00+09:00,418.0,427.0,417.0,427.0,53300,0.0,0.0
2023-10-23 00:00:00+09:00,507.0,507.0,507.0,507.0,169600,0.0,0.0
2023-10-24 00:00:00+09:00,503.0,538.0,422.0,436.0,876000,0.0,0.0
2023-10-25 00:00:00+09:00,468.0,516.0,461.0,516.0,407800,0.0,0.0
2023-10-26 00:00:00+09:00,576.0,576.0,456.0,462.0,690500,0.0,0.0
2023-10-27 00:00:00+09:00,454.0,542.0,454.0,542.0,546200,0.0,0.0
2023-10-30 00:00:00+09:00,532.0,639.0,491.0,575.0,2556400,0.0,0.0
2023-10-31 00:00:00+09:00,575.0,631.0,550.0,570.0,1111200,0.0,0.0
2023-11-01 00:00:00+09:00,570.0,580.0,520.0,530.0,498600,0.0,0.0
2023-11-02 00:00:00+09:00,520.0,551.0,501.0,517.0,295500,0.0,0.0
2023-11-06 00:00:00+09:00,526.0,548.0,509.0,531.0,362100,0.0,0.0
2023-11-07 00:00:00+09:00,533.0,547.0,511.0,513.0,142200,0.0,0.0
2023-11-08 00:00:00+09:00,508.0,518.0,484.0,484.0,169700,0.0,0.0
2023-11-09 00:00:00+09:00,484.0,491.0,472.0,472.0,62400,0.0,0.0
2023-11-10 00:00:00+09:00,464.0,482.0,462.0,462.0,74700,0.0,0.0
2023-11-13 00:00:00+09:00,486.0,486.0,413.0,455.0,228100,0.0,0.0
2023-11-14 00:00:00+09:00,489.0,489.0,455.0,469.0,108300,0.0,0.0
2023-11-15 00:00:00+09:00,446.0,462.0,441.0,442.0,91900,0.0,0.0
2023-11-16 00:00:00+09:00,442.0,453.0,433.0,448.0,36900,0.0,0.0
2023-11-17 00:00:00+09:00,440.0,450.0,440.0,446.0,20300,0.0,0.0
2023-11-20 00:00:00+09:00,439.0,465.0,436.0,448.0,78300,0.0,0.0
2023-11-21 00:00:00+09:00,452.0,458.0,445.0,449.0,20900,0.0,0.0
2023-11-22 00:00:00+09:00,444.0,449.0,433.0,439.0,36900,0.0,0.0
2023-11-24 00:00:00+09:00,442.0,459.0,442.0,452.0,35800,0.0,0.0
2023-11-27 00:00:00+09:00,454.0,456.0,445.0,448.0,21400,0.0,0.0
2023-11-28 00:00:00+09:00,445.0,449.0,441.0,442.0,21300,0.0,0.0
2023-11-29 00:00:00+09:00,442.0,449.0,434.0,441.0,37900,0.0,0.0
2023-11-30 00:00:00+09:00,436.0,445.0,434.0,440.0,14600,0.0,0.0
2023-12-01 00:00:00+09:00,440.0,465.0,440.0,457.0,67000,0.0,0.0
2023-12-04 00:00:00+09:00,465.0,483.0,460.0,460.0,61900,0.0,0.0
2023-12-05 00:00:00+09:00,453.0,457.0,446.0,451.0,24000,0.0,0.0
2023-12-06 00:00:00+09:00,452.0,468.0,443.0,448.0,21600,0.0,0.0
2023-12-07 00:00:00+09:00,528.0,528.0,528.0,528.0,71000,0.0,0.0
2023-12-08 00:00:00+09:00,529.0,542.0,474.0,474.0,596400,0.0,0.0
2023-12-11 00:00:00+09:00,469.0,478.0,457.0,459.0,98700,0.0,0.0
2023-12-12 00:00:00+09:00,451.0,474.0,451.0,468.0,69300,0.0,0.0
2023-12-13 00:00:00+09:00,460.0,468.0,458.0,467.0,28200,0.0,0.0
2023-12-14 00:00:00+09:00,467.0,477.0,451.0,452.0,39000,0.0,0.0
2023-12-15 00:00:00+09:00,454.0,466.0,454.0,463.0,36300,0.0,0.0
2023-12-18 00:00:00+09:00,463.0,465.0,454.0,463.0,26500,0.0,0.0
2023-12-19 00:00:00+09:00,461.0,479.0,461.0,476.0,49300,0.0,0.0
2023-12-20 00:00:00+09:00,481.0,481.0,465.0,466.0,40400,0.0,0.0
2023-12-21 00:00:00+09:00,465.0,465.0,449.0,450.0,23800,0.0,0.0
2023-12-22 00:00:00+09:00,452.0,465.0,445.0,464.0,58300,0.0,0.0
2023-12-25 00:00:00+09:00,463.0,476.0,456.0,458.0,33600,0.0,0.0
2023-12-26 00:00:00+09:00,474.0,474.0,460.0,465.0,46400,0.0,0.0
2023-12-27 00:00:00+09:00,465.0,494.0,462.0,493.0,77200,0.0,0.0
2023-12-28 00:00:00+09:00,480.0,489.0,479.0,481.0,18100,0.0,0.0
2023-12-29 00:00:00+09:00,489.0,489.0,477.0,482.0,19500,0.0,0.0
2024-01-04 00:00:00+09:00,489.0,501.0,476.0,494.0,40500,0.0,0.0
2024-01-05 00:00:00+09:00,494.0,494.0,485.0,488.0,23700,0.0,0.0
2024-01-09 00:00:00+09:00,490.0,499.0,489.0,493.0,20600,0.0,0.0
2024-01-10 00:00:00+09:00,491.0,507.0,490.0,495.0,26400,0.0,0.0
2024-01-11 00:00:00+09:00,495.0,497.0,491.0,494.0,9400,0.0,0.0
2024-01-12 00:00:00+09:00,492.0,492.0,483.0,483.0,29700,0.0,0.0
2024-01-15 00:00:00+09:00,484.0,484.0,480.0,481.0,3000,0.0,0.0
2024-01-16 00:00:00+09:00,484.0,485.0,476.0,476.0,30100,0.0,0.0
2024-01-17 00:00:00+09:00,476.0,481.0,472.0,473.0,25800,0.0,0.0
2024-01-18 00:00:00+09:00,473.0,474.0,464.0,466.0,12000,0.0,0.0
2024-01-19 00:00:00+09:00,465.0,469.0,462.0,464.0,14100,0.0,0.0
2024-01-22 00:00:00+09:00,467.0,482.0,467.0,480.0,23000,0.0,0.0
2024-01-23 00:00:00+09:00,480.0,480.0,467.0,470.0,18500,0.0,0.0
2024-01-24 00:00:00+09:00,468.0,473.0,467.0,473.0,6600,0.0,0.0
2024-01-25 00:00:00+09:00,471.0,473.0,465.0,470.0,6600,0.0,0.0
2024-01-26 00:00:00+09:00,478.0,478.0,468.0,472.0,14000,0.0,0.0
2024-01-29 00:00:00+09:00,474.0,492.0,474.0,490.0,20600,0.0,0.0
2024-01-30 00:00:00+09:00,490.0,490.0,478.0,478.0,61000,0.0,0.0
2024-01-31 00:00:00+09:00,478.0,478.0,469.0,474.0,20000,0.0,0.0
2024-02-01 00:00:00+09:00,475.0,475.0,470.0,470.0,7100,0.0,0.0
2024-02-02 00:00:00+09:00,470.0,472.0,466.0,471.0,7600,0.0,0.0
2024-02-05 00:00:00+09:00,471.0,479.0,469.0,475.0,15900,0.0,0.0
2024-02-06 00:00:00+09:00,471.0,477.0,470.0,471.0,15900,0.0,0.0
2024-02-07 00:00:00+09:00,471.0,476.0,468.0,468.0,10600,0.0,0.0
2024-02-08 00:00:00+09:00,470.0,479.0,469.0,469.0,12500,0.0,0.0
2024-02-09 00:00:00+09:00,466.0,473.0,462.0,463.0,22300,0.0,0.0
2024-02-13 00:00:00+09:00,466.0,469.0,448.0,450.0,43900,0.0,0.0
2024-02-14 00:00:00+09:00,432.0,446.0,431.0,431.0,49000,0.0,0.0
2024-02-15 00:00:00+09:00,441.0,441.0,425.0,427.0,16000,0.0,0.0
2024-02-16 00:00:00+09:00,426.0,441.0,425.0,436.0,20100,0.0,0.0
2024-02-19 00:00:00+09:00,433.0,444.0,433.0,443.0,14500,0.0,0.0
2024-02-20 00:00:00+09:00,443.0,455.0,436.0,436.0,27700,0.0,0.0
2024-02-21 00:00:00+09:00,437.0,439.0,436.0,436.0,2700,0.0,0.0
2024-02-22 00:00:00+09:00,442.0,455.0,442.0,450.0,18200,0.0,0.0
2024-02-26 00:00:00+09:00,457.0,457.0,448.0,448.0,7100,0.0,0.0
2024-02-27 00:00:00+09:00,447.0,448.0,436.0,445.0,20300,0.0,0.0
2024-02-28 00:00:00+09:00,441.0,459.0,441.0,448.0,23100,0.0,0.0
2024-02-29 00:00:00+09:00,452.0,460.0,451.0,454.0,13300,0.0,0.0
2024-03-01 00:00:00+09:00,465.0,467.0,453.0,453.0,11000,0.0,0.0
2024-03-04 00:00:00+09:00,456.0,456.0,444.0,447.0,14500,0.0,0.0
2024-03-05 00:00:00+09:00,450.0,450.0,440.0,441.0,20000,0.0,0.0
2024-03-06 00:00:00+09:00,441.0,462.0,441.0,454.0,19200,0.0,0.0
2024-03-07 00:00:00+09:00,450.0,450.0,446.0,449.0,4400,0.0,0.0
2024-03-08 00:00:00+09:00,447.0,460.0,444.0,460.0,16400,0.0,0.0
2024-03-11 00:00:00+09:00,460.0,460.0,445.0,450.0,10500,0.0,0.0
2024-03-12 00:00:00+09:00,458.0,461.0,446.0,459.0,19900,0.0,0.0
2024-03-13 00:00:00+09:00,459.0,459.0,447.0,447.0,7300,0.0,0.0
2024-03-14 00:00:00+09:00,449.0,457.0,448.0,454.0,14800,0.0,0.0
2024-03-15 00:00:00+09:00,457.0,457.0,450.0,451.0,4100,0.0,0.0
2024-03-18 00:00:00+09:00,462.0,463.0,454.0,463.0,17600,0.0,0.0
2024-03-19 00:00:00+09:00,463.0,464.0,458.0,464.0,12500,0.0,0.0
2024-03-21 00:00:00+09:00,469.0,483.0,463.0,480.0,32600,0.0,0.0
2024-03-22 00:00:00+09:00,484.0,488.0,469.0,470.0,23200,0.0,0.0
2024-03-25 00:00:00+09:00,470.0,482.0,464.0,469.0,47400,0.0,0.0
2024-03-26 00:00:00+09:00,477.0,477.0,465.0,466.0,25000,0.0,0.0
2024-03-27 00:00:00+09:00,467.0,472.0,467.0,467.0,8200,0.0,0.0
2024-03-28 00:00:00+09:00,470.0,472.0,463.0,463.0,10700,0.0,0.0
2024-03-29 00:00:00+09:00,467.0,470.0,466.0,468.0,3800,0.0,0.0
2024-04-01 00:00:00+09:00,470.0,473.0,464.0,469.0,13000,0.0,0.0
2024-04-02 00:00:00+09:00,467.0,471.0,464.0,465.0,8400,0.0,0.0
2024-04-03 00:00:00+09:00,465.0,471.0,463.0,468.0,5500,0.0,0.0
2024-04-04 00:00:00+09:00,468.0,470.0,465.0,466.0,6900,0.0,0.0
2024-04-05 00:00:00+09:00,465.0,466.0,461.0,465.0,7100,0.0,0.0
2024-04-08 00:00:00+09:00,465.0,469.0,463.0,463.0,12300,0.0,0.0
2024-04-09 00:00:00+09:00,464.0,465.0,461.0,462.0,8000,0.0,0.0
2024-04-10 00:00:00+09:00,462.0,464.0,455.0,456.0,6800,0.0,0.0
2024-04-11 00:00:00+09:00,452.0,455.0,451.0,453.0,7400,0.0,0.0
2024-04-12 00:00:00+09:00,453.0,455.0,451.0,451.0,7700,0.0,0.0
2024-04-15 00:00:00+09:00,451.0,451.0,447.0,448.0,5300,0.0,0.0
2024-04-16 00:00:00+09:00,449.0,449.0,441.0,441.0,15000,0.0,0.0
2024-04-17 00:00:00+09:00,442.0,446.0,439.0,440.0,9400,0.0,0.0
2024-04-18 00:00:00+09:00,440.0,448.0,439.0,441.0,5600,0.0,0.0
2024-04-19 00:00:00+09:00,440.0,440.0,432.0,438.0,11800,0.0,0.0
2024-04-22 00:00:00+09:00,441.0,441.0,435.0,437.0,3400,0.0,0.0
2024-04-23 00:00:00+09:00,442.0,442.0,436.0,440.0,7700,0.0,0.0
2024-04-24 00:00:00+09:00,440.0,444.0,440.0,444.0,7400,0.0,0.0
2024-04-25 00:00:00+09:00,441.0,445.0,437.0,442.0,6900,0.0,0.0
2024-04-26 00:00:00+09:00,443.0,443.0,428.0,428.0,43700,0.0,0.0
2024-04-30 00:00:00+09:00,425.0,432.0,421.0,427.0,14500,0.0,0.0
2024-05-01 00:00:00+09:00,435.0,435.0,428.0,433.0,6700,0.0,0.0
2024-05-02 00:00:00+09:00,433.0,436.0,429.0,436.0,8300,0.0,0.0
2024-05-07 00:00:00+09:00,441.0,441.0,432.0,434.0,5900,0.0,0.0
2024-05-08 00:00:00+09:00,435.0,445.0,432.0,439.0,23300,0.0,0.0
2024-05-09 00:00:00+09:00,445.0,453.0,445.0,449.0,8500,0.0,0.0
2024-05-10 00:00:00+09:00,453.0,454.0,447.0,450.0,7700,0.0,0.0
2024-05-13 00:00:00+09:00,434.0,445.0,433.0,439.0,28100,0.0,0.0
2024-05-14 00:00:00+09:00,421.0,428.0,407.0,412.0,39200,0.0,0.0
2024-05-15 00:00:00+09:00,412.0,416.0,412.0,416.0,3900,0.0,0.0
2024-05-16 00:00:00+09:00,420.0,420.0,408.0,412.0,12500,0.0,0.0
2024-05-17 00:00:00+09:00,410.0,410.0,405.0,405.0,11900,0.0,0.0
2024-05-20 00:00:00+09:00,405.0,413.0,404.0,405.0,13100,0.0,0.0
2024-05-21 00:00:00+09:00,405.0,407.0,404.0,404.0,3100,0.0,0.0
2024-05-22 00:00:00+09:00,404.0,407.0,401.0,402.0,7800,0.0,0.0
2024-05-23 00:00:00+09:00,402.0,403.0,401.0,401.0,6200,0.0,0.0
2024-05-24 00:00:00+09:00,400.0,403.0,397.0,399.0,5600,0.0,0.0
2024-05-27 00:00:00+09:00,402.0,402.0,397.0,402.0,7200,0.0,0.0
2024-05-28 00:00:00+09:00,402.0,410.0,402.0,410.0,6700,0.0,0.0
2024-05-29 00:00:00+09:00,410.0,425.0,410.0,410.0,14200,0.0,0.0
2024-05-30 00:00:00+09:00,408.0,408.0,402.0,402.0,5200,0.0,0.0
2024-05-31 00:00:00+09:00,399.0,404.0,399.0,401.0,6300,0.0,0.0
2024-06-03 00:00:00+09:00,406.0,407.0,402.0,406.0,4100,0.0,0.0
2024-06-04 00:00:00+09:00,405.0,408.0,404.0,407.0,6300,0.0,0.0
2024-06-05 00:00:00+09:00,407.0,407.0,405.0,405.0,200,0.0,0.0
2024-06-06 00:00:00+09:00,405.0,405.0,402.0,404.0,4400,0.0,0.0
2024-06-07 00:00:00+09:00,402.0,403.0,402.0,403.0,1700,0.0,0.0
2024-06-10 00:00:00+09:00,404.0,408.0,402.0,405.0,4700,0.0,0.0
2024-06-11 00:00:00+09:00,407.0,409.0,400.0,401.0,13100,0.0,0.0
2024-06-12 00:00:00+09:00,408.0,408.0,402.0,402.0,5300,0.0,0.0
2024-06-13 00:00:00+09:00,402.0,406.0,399.0,399.0,11600,0.0,0.0
2024-06-14 00:00:00+09:00,398.0,403.0,397.0,403.0,4300,0.0,0.0
2024-06-17 00:00:00+09:00,403.0,404.0,401.0,402.0,2800,0.0,0.0
2024-06-18 00:00:00+09:00,402.0,405.0,398.0,403.0,8000,0.0,0.0
2024-06-19 00:00:00+09:00,403.0,406.0,403.0,406.0,4500,0.0,0.0
2024-06-20 00:00:00+09:00,404.0,405.0,404.0,405.0,400,0.0,0.0
2024-06-21 00:00:00+09:00,404.0,407.0,404.0,404.0,700,0.0,0.0
2024-06-24 00:00:00+09:00,406.0,406.0,400.0,400.0,15100,0.0,0.0
2024-06-25 00:00:00+09:00,403.0,407.0,401.0,407.0,7800,0.0,0.0
2024-06-26 00:00:00+09:00,420.0,427.0,417.0,422.0,21400,0.0,0.0
2024-06-27 00:00:00+09:00,424.0,427.0,417.0,418.0,8900,0.0,0.0
2024-06-28 00:00:00+09:00,450.0,498.0,425.0,431.0,597700,0.0,0.0
2024-07-01 00:00:00+09:00,446.0,447.0,423.0,428.0,53500,0.0,0.0
2024-07-02 00:00:00+09:00,428.0,435.0,428.0,431.0,23400,0.0,0.0
2024-07-03 00:00:00+09:00,435.0,435.0,428.0,428.0,56600,0.0,0.0
2024-07-04 00:00:00+09:00,429.0,432.0,428.0,428.0,14000,0.0,0.0
2024-07-05 00:00:00+09:00,428.0,429.0,420.0,421.0,15400,0.0,0.0
2024-07-08 00:00:00+09:00,423.0,423.0,406.0,407.0,37200,0.0,0.0
2024-07-09 00:00:00+09:00,412.0,412.0,400.0,401.0,33600,0.0,0.0
2024-07-10 00:00:00+09:00,404.0,411.0,402.0,407.0,18100,0.0,0.0
2024-07-11 00:00:00+09:00,408.0,419.0,408.0,417.0,16500,0.0,0.0
2024-07-12 00:00:00+09:00,413.0,421.0,412.0,413.0,10700,0.0,0.0
2024-07-16 00:00:00+09:00,414.0,418.0,413.0,415.0,6300,0.0,0.0
2024-07-17 00:00:00+09:00,416.0,421.0,414.0,415.0,9600,0.0,0.0
2024-07-18 00:00:00+09:00,414.0,418.0,411.0,415.0,2700,0.0,0.0
2024-07-19 00:00:00+09:00,418.0,418.0,413.0,417.0,3100,0.0,0.0
2024-07-22 00:00:00+09:00,414.0,420.0,411.0,418.0,5600,0.0,0.0
2024-07-23 00:00:00+09:00,416.0,420.0,416.0,420.0,3200,0.0,0.0
2024-07-24 00:00:00+09:00,420.0,420.0,415.0,416.0,3300,0.0,0.0
2024-07-25 00:00:00+09:00,412.0,417.0,411.0,412.0,9100,0.0,0.0
2024-07-26 00:00:00+09:00,419.0,420.0,413.0,418.0,15200,0.0,0.0
2024-07-29 00:00:00+09:00,420.0,422.0,419.0,421.0,5300,0.0,0.0
2024-07-30 00:00:00+09:00,419.0,422.0,405.0,405.0,40600,0.0,0.0
2024-07-31 00:00:00+09:00,406.0,411.0,401.0,406.0,18100,0.0,0.0
2024-08-01 00:00:00+09:00,407.0,413.0,406.0,409.0,5400,0.0,0.0
2024-08-02 00:00:00+09:00,401.0,403.0,381.0,384.0,23600,0.0,0.0
2024-08-05 00:00:00+09:00,350.0,355.0,304.0,315.0,34300,0.0,0.0
2024-08-06 00:00:00+09:00,315.0,343.0,315.0,340.0,17000,0.0,0.0
2024-08-07 00:00:00+09:00,320.0,350.0,320.0,342.0,12600,0.0,0.0
2024-08-08 00:00:00+09:00,327.0,346.0,326.0,342.0,13100,0.0,0.0
2024-08-09 00:00:00+09:00,342.0,349.0,342.0,342.0,4600,0.0,0.0
2024-08-13 00:00:00+09:00,342.0,360.0,342.0,352.0,15300,0.0,0.0
2024-08-14 00:00:00+09:00,392.0,432.0,373.0,373.0,305600,0.0,0.0
2024-08-15 00:00:00+09:00,373.0,380.0,360.0,369.0,42200,0.0,0.0
2024-08-16 00:00:00+09:00,367.0,375.0,365.0,371.0,18700,0.0,0.0
2024-08-19 00:00:00+09:00,370.0,370.0,363.0,364.0,8400,0.0,0.0
2024-08-20 00:00:00+09:00,369.0,376.0,363.0,368.0,19600,0.0,0.0
2024-08-21 00:00:00+09:00,366.0,367.0,359.0,363.0,24300,0.0,0.0
2024-08-22 00:00:00+09:00,373.0,373.0,366.0,372.0,7100,0.0,0.0
2024-08-23 00:00:00+09:00,371.0,373.0,366.0,372.0,8900,0.0,0.0
2024-08-26 00:00:00+09:00,388.0,388.0,370.0,373.0,31000,0.0,0.0
2024-08-27 00:00:00+09:00,370.0,377.0,370.0,377.0,8000,0.0,0.0
2024-08-28 00:00:00+09:00,376.0,378.0,375.0,375.0,3500,0.0,0.0
2024-08-29 00:00:00+09:00,377.0,377.0,374.0,374.0,5800,0.0,0.0
2024-08-30 00:00:00+09:00,414.0,437.0,384.0,391.0,457800,0.0,0.0
