Date,Open,High,Low,Close,Volume,Dividends,Stock Splits
2000-01-04 00:00:00+09:00,190.13555908203125,196.6919576710668,190.13555908203125,190.13555908203125,0,0.0,0.0
2000-01-05 00:00:00+09:00,98.34596252441406,98.34596252441406,98.34596252441406,98.34596252441406,2000,0.0,0.0
2000-01-06 00:00:00+09:00,98.34596252441406,98.34596252441406,98.34596252441406,98.34596252441406,4000,0.0,0.0
2000-01-07 00:00:00+09:00,98.34596252441406,98.34596252441406,98.34596252441406,98.34596252441406,2000,0.0,0.0
2000-01-10 00:00:00+09:00,98.34596252441406,98.34596252441406,98.34596252441406,98.34596252441406,0,0.0,0.0
2000-01-11 00:00:00+09:00,96.70687103271484,96.70687103271484,96.70687103271484,96.70687103271484,6000,0.0,0.0
2000-01-12 00:00:00+09:00,96.70687103271484,96.70687103271484,96.70687103271484,96.70687103271484,0,0.0,0.0
2000-01-13 00:00:00+09:00,93.42866516113281,95.06776454992462,93.42866516113281,93.42866516113281,46000,0.0,0.0
2000-01-14 00:00:00+09:00,93.42866516113281,93.42866516113281,93.42866516113281,93.42866516113281,2000,0.0,0.0
2000-01-17 00:00:00+09:00,93.42866516113281,96.70686393871642,93.42866516113281,93.42866516113281,30000,0.0,0.0
2000-01-18 00:00:00+09:00,95.06777152368579,96.70687103271484,95.06777152368579,96.70687103271484,42000,0.0,0.0
2000-01-19 00:00:00+09:00,95.06777152368579,96.70687103271484,95.06777152368579,96.70687103271484,42000,0.0,0.0
2000-01-20 00:00:00+09:00,99.98506164550781,99.98506164550781,98.34596227426998,99.98506164550781,10000,0.0,0.0
2000-01-21 00:00:00+09:00,99.98505389305853,101.62415313720703,99.98505389305853,101.62415313720703,8000,0.0,0.0
2000-01-24 00:00:00+09:00,104.90236561333955,109.81966400146484,104.90236561333955,109.81966400146484,12000,0.0,0.0
2000-01-25 00:00:00+09:00,109.81966400146484,109.81966400146484,109.81966400146484,109.81966400146484,10000,0.0,0.0
2000-01-26 00:00:00+09:00,121.29335754394532,122.93245697021484,121.29335754394532,122.93245697021484,8000,0.0,0.0
2000-01-27 00:00:00+09:00,122.93245697021484,122.93245697021484,121.29335754394532,122.93245697021484,32000,0.0,0.0
2000-01-28 00:00:00+09:00,122.93245697021484,122.93245697021484,122.93245697021484,122.93245697021484,2000,0.0,0.0
2000-01-31 00:00:00+09:00,122.93245697021484,122.93245697021484,121.29335754394532,122.93245697021484,16000,0.0,0.0
2000-02-01 00:00:00+09:00,122.93245697021484,122.93245697021484,122.93245697021484,122.93245697021484,0,0.0,0.0
2000-02-02 00:00:00+09:00,124.57155609130861,124.57155609130861,124.57155609130861,124.5715560913086,2000,0.0,0.0
2000-02-03 00:00:00+09:00,122.93245697021484,122.93245697021484,122.93245697021484,122.93245697021484,2000,0.0,0.0
2000-02-04 00:00:00+09:00,122.93245697021484,122.93245697021484,122.93245697021484,122.93245697021484,0,0.0,0.0
2000-02-07 00:00:00+09:00,122.93245666905455,124.57155609130861,122.93245666905455,124.5715560913086,8000,0.0,0.0
2000-02-08 00:00:00+09:00,124.571533203125,126.21063232421875,124.571533203125,126.21063232421875,4000,0.0,0.0
2000-02-09 00:00:00+09:00,126.21063232421875,126.21063232421875,126.21063232421875,126.21063232421875,0,0.0,0.0
2000-02-10 00:00:00+09:00,124.57155609130861,124.57155609130861,124.57155609130861,124.5715560913086,4000,0.0,0.0
2000-02-11 00:00:00+09:00,124.57155609130861,124.57155609130861,124.57155609130861,124.5715560913086,0,0.0,0.0
2000-02-14 00:00:00+09:00,122.93245666905455,124.57155609130861,122.93245666905455,124.5715560913086,10000,0.0,0.0
2000-02-15 00:00:00+09:00,124.57155609130861,124.57155609130861,124.57155609130861,124.5715560913086,0,0.0,0.0
2000-02-16 00:00:00+09:00,122.93245697021484,122.93245697021484,122.93245697021484,122.93245697021484,8000,0.0,0.0
2000-02-17 00:00:00+09:00,122.93245697021484,122.93245697021484,122.93245697021484,122.93245697021484,0,0.0,0.0
2000-02-18 00:00:00+09:00,124.57156454550254,126.21066407899599,121.29336547851562,121.29336547851562,90000,0.0,0.0
2000-02-21 00:00:00+09:00,118.01515197753908,118.01515197753908,118.01515197753908,118.01515197753906,4000,0.0,0.0
2000-02-22 00:00:00+09:00,118.01515197753908,118.01515197753908,118.01515197753908,118.01515197753906,0,0.0,0.0
2000-02-23 00:00:00+09:00,118.01515197753908,118.01515197753908,118.01515197753908,118.01515197753906,0,0.0,0.0
2000-02-24 00:00:00+09:00,116.3760694615981,116.3760694615981,111.45877075195312,111.45877075195312,28000,0.0,0.0
2000-02-25 00:00:00+09:00,108.18054962158203,108.18054962158203,108.18054962158203,108.18054962158203,8000,0.0,0.0
2000-02-28 00:00:00+09:00,106.54145812988281,106.54145812988281,106.54145812988281,106.54145812988281,8000,0.0,0.0
2000-02-29 00:00:00+09:00,108.18056453875641,109.81966400146484,106.54146507604798,109.81966400146484,58000,0.0,0.0
2000-03-01 00:00:00+09:00,109.81966400146484,109.81966400146484,109.81966400146484,109.81966400146484,0,0.0,0.0
2000-03-02 00:00:00+09:00,101.62415313720703,101.62415313720703,98.34595464891004,101.62415313720703,26000,0.0,0.0
2000-03-03 00:00:00+09:00,101.62416101674565,101.62416101674565,96.70686290303215,99.98506164550781,12000,0.0,0.0
2000-03-06 00:00:00+09:00,98.3459788355334,98.3459788355334,95.06777954101562,95.06777954101562,28000,0.0,0.0
2000-03-07 00:00:00+09:00,95.06777954101562,95.06777954101562,95.06777954101562,95.06777954101562,0,0.0,0.0
2000-03-08 00:00:00+09:00,96.70687918827451,98.3459788355334,95.06777954101562,95.06777954101562,44000,0.0,0.0
2000-03-09 00:00:00+09:00,95.06776454992462,95.06776454992462,93.42866516113281,93.42866516113281,42000,0.0,0.0
2000-03-10 00:00:00+09:00,93.42866600884332,93.42866600884332,88.51136779785156,88.51136779785156,76000,0.0,0.0
2000-03-13 00:00:00+09:00,91.7895666051794,91.7895666051794,88.51136779785156,88.51136779785156,20000,0.0,0.0
2000-03-14 00:00:00+09:00,93.42865859985352,93.42865859985352,81.95496368408203,81.95496368408203,86000,0.0,0.0
2000-03-15 00:00:00+09:00,81.95496400197347,81.95496400197347,78.67676544189453,78.67676544189453,30000,0.0,0.0
2000-03-16 00:00:00+09:00,78.67676653180804,78.67676653180804,68.84217071533203,68.84217071533203,192000,0.0,0.0
2000-03-17 00:00:00+09:00,73.75946791275688,77.03766648665719,70.48126933885656,75.39856719970703,334000,0.0,0.0
2000-03-20 00:00:00+09:00,75.39856719970703,75.39856719970703,75.39856719970703,75.39856719970703,0,0.0,0.0
2000-03-21 00:00:00+09:00,77.03767978443818,111.45877075195312,75.39858021455652,111.45877075195312,298000,0.0,0.0
2000-03-22 00:00:00+09:00,119.65426594502217,126.21066407899599,111.4587682775549,121.29336547851562,330000,0.0,0.0
2000-03-23 00:00:00+09:00,119.65427562168666,124.57157461983817,113.09787695748466,114.73697662353516,76000,0.0,0.0
2000-03-24 00:00:00+09:00,114.73695598664831,114.73695598664831,95.06776353179431,99.98506164550781,32000,0.0,0.0
2000-03-27 00:00:00+09:00,98.34595464891004,103.26325238135553,98.34595464891004,101.62415313720703,108000,0.0,0.0
2000-03-28 00:00:00+09:00,105.99870525422644,105.99870525422644,102.6336669921875,102.6336669921875,6000,4.0,0.0
2000-03-29 00:00:00+09:00,99.26863098144531,100.95115015062235,99.26863098144531,99.26863098144531,14000,0.0,0.0
2000-03-30 00:00:00+09:00,100.95115661621092,100.95115661621092,90.85604095458984,90.85604095458984,62000,0.0,0.0
2000-03-31 00:00:00+09:00,92.53853525434222,94.22105407714844,90.85601643153599,94.22105407714844,22000,0.0,0.0
2000-04-03 00:00:00+09:00,92.53856023152669,92.53856023152669,90.85604095458984,90.85604095458984,10000,0.0,0.0
2000-04-04 00:00:00+09:00,90.85604095458984,90.85604095458984,90.1830332438151,90.85604095458984,44000,0.0,0.0
2000-04-05 00:00:00+09:00,90.85603221546519,92.5385513305664,89.17351310036399,92.5385513305664,26000,0.0,0.0
2000-04-06 00:00:00+09:00,90.85603221546519,92.5385513305664,90.85603221546519,92.5385513305664,28000,0.0,0.0
2000-04-07 00:00:00+09:00,90.85602670345666,92.53854571648364,85.80846966437574,89.17350769042969,68000,0.0,0.0
2000-04-10 00:00:00+09:00,89.17350769042969,89.17350769042969,84.79895825655954,89.17350769042969,14000,0.0,0.0
2000-04-11 00:00:00+09:00,92.5385513305664,92.5385513305664,90.85603221546519,92.5385513305664,12000,0.0,0.0
2000-04-12 00:00:00+09:00,92.53853525434222,94.22105407714844,92.53853525434222,94.22105407714844,14000,0.0,0.0
2000-04-13 00:00:00+09:00,94.22105407714844,94.22105407714844,94.22105407714844,94.22105407714844,0,0.0,0.0
2000-04-14 00:00:00+09:00,94.22108933021282,97.58612823486328,94.22108933021282,97.58612823486328,32000,0.0,0.0
2000-04-17 00:00:00+09:00,97.58611806233723,97.58611806233723,90.85604095458984,90.85604095458984,26000,0.0,0.0
2000-04-18 00:00:00+09:00,92.5385513305664,92.5385513305664,90.18302456942472,92.5385513305664,16000,0.0,0.0
2000-04-19 00:00:00+09:00,90.18301909824586,92.53854571648364,89.17350769042969,89.17350769042969,24000,0.0,0.0
2000-04-20 00:00:00+09:00,89.17352167765299,90.85604095458984,89.17352167765299,90.85604095458984,40000,0.0,0.0
2000-04-21 00:00:00+09:00,90.85604095458984,90.85604095458984,90.85604095458984,90.85604095458984,4000,0.0,0.0
2000-04-24 00:00:00+09:00,89.17352167765299,90.85604095458984,89.17352167765299,90.85604095458984,12000,0.0,0.0
2000-04-25 00:00:00+09:00,90.85603221546519,92.5385513305664,90.85603221546519,92.5385513305664,28000,0.0,0.0
2000-04-26 00:00:00+09:00,95.90358734130858,95.90358734130858,95.90358734130858,95.9035873413086,8000,0.0,0.0
2000-04-27 00:00:00+09:00,95.90358734130858,95.90358734130858,95.90358734130858,95.9035873413086,6000,0.0,0.0
2000-04-28 00:00:00+09:00,104.3161849975586,104.3161849975586,100.9511467718309,104.3161849975586,10000,0.0,0.0
2000-05-01 00:00:00+09:00,100.95113754272461,107.68121337890625,100.95113754272461,107.68121337890625,32000,0.0,0.0
2000-05-02 00:00:00+09:00,111.04627102524488,112.72879028320312,111.04627102524488,112.72879028320312,28000,0.0,0.0
2000-05-03 00:00:00+09:00,112.72879028320312,112.72879028320312,112.72879028320312,112.72879028320312,0,0.0,0.0
2000-05-04 00:00:00+09:00,112.72879028320312,112.72879028320312,112.72879028320312,112.72879028320312,0,0.0,0.0
2000-05-05 00:00:00+09:00,112.72879028320312,112.72879028320312,112.72879028320312,112.72879028320312,0,0.0,0.0
2000-05-08 00:00:00+09:00,116.09381103515625,116.09381103515625,116.09381103515625,116.09381103515625,2000,0.0,0.0
2000-05-09 00:00:00+09:00,116.09381103515625,116.09381103515625,116.09381103515625,116.09381103515625,0,0.0,0.0
2000-05-10 00:00:00+09:00,114.41128724994081,116.093806180087,111.04624938964844,111.04624938964844,14000,0.0,0.0
2000-05-11 00:00:00+09:00,111.04624938964844,111.04624938964844,111.04624938964844,111.04624938964844,0,0.0,0.0
2000-05-12 00:00:00+09:00,111.04626582219049,112.72878500131459,109.36374664306639,109.3637466430664,14000,0.0,0.0
2000-05-15 00:00:00+09:00,107.68121337890625,107.68121337890625,107.68121337890625,107.68121337890625,2000,0.0,0.0
2000-05-16 00:00:00+09:00,107.68121337890625,107.68121337890625,107.68121337890625,107.68121337890625,0,0.0,0.0
2000-05-17 00:00:00+09:00,111.04624938964844,111.04624938964844,111.04624938964844,111.04624938964844,4000,0.0,0.0
2000-05-18 00:00:00+09:00,109.36374664306639,109.36374664306639,107.68122746394229,109.3637466430664,34000,0.0,0.0
2000-05-19 00:00:00+09:00,107.68121337890625,109.36373233795166,104.31617546081543,107.68121337890625,42000,0.0,0.0
2000-05-22 00:00:00+09:00,107.68121337890625,109.36373233795166,107.68121337890625,107.68121337890625,12000,0.0,0.0
2000-05-23 00:00:00+09:00,109.36373233795166,109.36373233795166,107.68121337890625,107.68121337890625,38000,0.0,0.0
2000-05-24 00:00:00+09:00,105.99869441986084,107.68121337890625,105.99869441986084,107.68121337890625,32000,0.0,0.0
2000-05-25 00:00:00+09:00,107.68121337890625,107.68121337890625,107.68121337890625,107.68121337890625,4000,0.0,0.0
2000-05-26 00:00:00+09:00,111.04624938964844,111.04624938964844,111.04624938964844,111.04624938964844,2000,0.0,0.0
2000-05-29 00:00:00+09:00,119.45887354257944,127.8714702709301,117.7763541969093,124.50643157958984,42000,0.0,0.0
2000-05-30 00:00:00+09:00,124.50643157958983,124.50643157958983,124.50643157958983,124.50643157958984,0,0.0,0.0
2000-05-31 00:00:00+09:00,129.55398961660023,134.60154765361062,124.50643157958983,124.50643157958984,28000,0.0,0.0
2000-06-01 00:00:00+09:00,121.1413758930407,127.87145233154297,121.1413758930407,127.87145233154297,4000,0.0,0.0
2000-06-02 00:00:00+09:00,121.1413803100586,121.1413803100586,121.1413803100586,121.1413803100586,4000,0.0,0.0
2000-06-05 00:00:00+09:00,122.8239122339197,124.50643157958983,122.8239122339197,124.50643157958984,8000,0.0,0.0
2000-06-06 00:00:00+09:00,124.50641865200467,124.50641865200467,121.1413803100586,121.1413803100586,6000,0.0,0.0
2000-06-07 00:00:00+09:00,126.18894711346694,126.18894711346694,119.45886993408203,119.45886993408203,12000,0.0,0.0
2000-06-08 00:00:00+09:00,119.45886113908557,121.1413803100586,119.45886113908557,121.1413803100586,14000,0.0,0.0
2000-06-09 00:00:00+09:00,121.1413803100586,121.1413803100586,121.1413803100586,121.1413803100586,0,0.0,0.0
2000-06-12 00:00:00+09:00,119.45886113908557,121.1413803100586,119.45886113908557,121.1413803100586,4000,0.0,0.0
2000-06-13 00:00:00+09:00,122.82389761387617,164.88687624876528,122.82389761387617,146.37916564941406,86000,0.0,0.0
2000-06-14 00:00:00+09:00,151.42672890111018,161.5218441611842,151.42672890111018,159.83932495117188,38000,0.0,0.0
2000-06-15 00:00:00+09:00,156.47427586146762,158.1567949567522,153.10923767089844,153.10923767089844,30000,0.0,0.0
2000-06-16 00:00:00+09:00,151.42674532803622,151.42674532803622,148.06170654296875,148.06170654296875,6000,0.0,0.0
2000-06-19 00:00:00+09:00,144.69662475585938,148.06166254087935,144.69662475585938,144.69662475585938,28000,0.0,0.0
2000-06-20 00:00:00+09:00,144.69666775790128,149.7442259355025,144.69666775790128,148.06170654296875,32000,0.0,0.0
2000-06-21 00:00:00+09:00,149.7442039402052,151.42672308560077,146.37916564941406,146.37916564941406,46000,0.0,0.0
2000-06-22 00:00:00+09:00,146.3791697184245,151.42672729492188,146.3791697184245,151.42672729492188,6000,0.0,0.0
2000-06-23 00:00:00+09:00,151.42672729492188,156.4742848714193,151.42672729492188,151.42672729492188,28000,0.0,0.0
2000-06-26 00:00:00+09:00,151.42671004585597,156.4742670473845,151.42671004585597,154.791748046875,14000,0.0,0.0
2000-06-27 00:00:00+09:00,156.47426507828084,158.1567840576172,154.7917460989445,158.1567840576172,22000,0.0,0.0
2000-06-28 00:00:00+09:00,158.15678604789403,158.15678604789403,154.791748046875,154.791748046875,10000,0.0,0.0
2000-06-29 00:00:00+09:00,158.15678604789403,158.15678604789403,154.791748046875,154.791748046875,28000,0.0,0.0
2000-06-30 00:00:00+09:00,156.4742670473845,156.4742670473845,154.791748046875,154.791748046875,26000,0.0,0.0
2000-07-03 00:00:00+09:00,151.42671004585597,154.791748046875,151.42671004585597,154.791748046875,10000,0.0,0.0
2000-07-04 00:00:00+09:00,148.06168891059028,151.42672729492188,148.06168891059028,151.42672729492188,18000,0.0,0.0
2000-07-05 00:00:00+09:00,153.1092464870877,153.1092464870877,151.42672729492188,151.42672729492188,20000,0.0,0.0
2000-07-06 00:00:00+09:00,154.79176567925347,154.79176567925347,151.42672729492188,151.42672729492188,10000,0.0,0.0
2000-07-07 00:00:00+09:00,153.10923767089844,153.10923767089844,153.10923767089844,153.10923767089844,4000,0.0,0.0
2000-07-10 00:00:00+09:00,153.1092464870877,153.1092464870877,151.42672729492188,151.42672729492188,12000,0.0,0.0
2000-07-11 00:00:00+09:00,149.7442081027561,154.79176567925347,149.7442081027561,151.42672729492188,34000,0.0,0.0
2000-07-12 00:00:00+09:00,151.42673621016942,151.42673621016942,148.0616976277212,149.7442169189453,16000,0.0,0.0
2000-07-13 00:00:00+09:00,153.1092464870877,153.1092464870877,151.42672729492188,151.42672729492188,6000,0.0,0.0
2000-07-14 00:00:00+09:00,151.42672729492188,151.42672729492188,151.42672729492188,151.42672729492188,0,0.0,0.0
2000-07-17 00:00:00+09:00,148.06170654296875,148.06170654296875,148.06170654296875,148.06170654296875,12000,0.0,0.0
2000-07-18 00:00:00+09:00,148.06170654296875,148.06170654296875,148.06170654296875,148.06170654296875,0,0.0,0.0
2000-07-19 00:00:00+09:00,148.06170654296875,148.06170654296875,148.06170654296875,148.06170654296875,0,0.0,0.0
2000-07-20 00:00:00+09:00,148.06170654296875,148.06170654296875,148.06170654296875,148.06170654296875,0,0.0,0.0
2000-07-21 00:00:00+09:00,144.69664219447543,146.37916128976002,141.33160400390625,141.33160400390625,10000,0.0,0.0
2000-07-24 00:00:00+09:00,143.01412535876764,143.01412535876764,137.96656799316406,137.96656799316406,14000,0.0,0.0
2000-07-25 00:00:00+09:00,131.23651123046875,131.23651123046875,131.23651123046875,131.23651123046875,10000,0.0,0.0
2000-07-26 00:00:00+09:00,126.18895230227953,126.18895230227953,121.14139421018835,122.82391357421875,14000,0.0,0.0
2000-07-27 00:00:00+09:00,122.82389948103163,122.82389948103163,121.1413803100586,121.1413803100586,16000,0.0,0.0
2000-07-28 00:00:00+09:00,121.1413803100586,122.82389948103163,121.1413803100586,121.1413803100586,8000,0.0,0.0
2000-07-31 00:00:00+09:00,121.1413803100586,121.1413803100586,121.1413803100586,121.1413803100586,68000,0.0,0.0
2000-08-01 00:00:00+09:00,121.14139421018835,122.82391357421874,121.14139421018835,122.82391357421875,72000,0.0,0.0
2000-08-02 00:00:00+09:00,122.82389948103163,122.82389948103163,121.1413803100586,121.1413803100586,8000,0.0,0.0
2000-08-03 00:00:00+09:00,122.82389948103163,122.82389948103163,121.1413803100586,121.1413803100586,14000,0.0,0.0
2000-08-04 00:00:00+09:00,116.09381103515625,117.77633003566577,114.41129203464673,116.09381103515625,10000,0.0,0.0
2000-08-07 00:00:00+09:00,116.09383134438959,119.45886993408203,116.09383134438959,119.45886993408203,6000,0.0,0.0
2000-08-08 00:00:00+09:00,119.45886113908557,121.1413803100586,119.45886113908557,121.1413803100586,48000,0.0,0.0
2000-08-09 00:00:00+09:00,121.1413803100586,121.1413803100586,121.1413803100586,121.1413803100586,0,0.0,0.0
2000-08-10 00:00:00+09:00,119.45887898036412,121.14139840262277,117.77635955810547,117.77635955810547,8000,0.0,0.0
2000-08-11 00:00:00+09:00,121.1413803100586,121.1413803100586,121.1413803100586,121.1413803100586,2000,0.0,0.0
2000-08-14 00:00:00+09:00,121.1413803100586,121.1413803100586,121.1413803100586,121.1413803100586,0,0.0,0.0
2000-08-15 00:00:00+09:00,121.1413803100586,121.1413803100586,121.1413803100586,121.1413803100586,0,0.0,0.0
2000-08-16 00:00:00+09:00,121.1413803100586,121.1413803100586,121.1413803100586,121.1413803100586,2000,0.0,0.0
2000-08-17 00:00:00+09:00,117.77635955810547,117.77635955810547,117.77635955810547,117.77635955810547,2000,0.0,0.0
2000-08-18 00:00:00+09:00,121.14138922892826,121.14138922892826,119.45886993408203,119.45886993408203,6000,0.0,0.0
2000-08-21 00:00:00+09:00,121.14139840262277,121.14139840262277,117.77635955810547,117.77635955810547,4000,0.0,0.0
2000-08-22 00:00:00+09:00,117.77635955810547,117.77635955810547,117.77635955810547,117.77635955810547,2000,0.0,0.0
2000-08-23 00:00:00+09:00,117.77635955810547,117.77635955810547,117.77635955810547,117.77635955810547,0,0.0,0.0
2000-08-24 00:00:00+09:00,117.77635955810547,117.77635955810547,117.77635955810547,117.77635955810547,0,0.0,0.0
2000-08-25 00:00:00+09:00,116.09384013584682,117.77635955810547,116.09384013584682,117.77635955810547,4000,0.0,0.0
2000-08-28 00:00:00+09:00,117.77635955810547,117.77635955810547,117.77635955810547,117.77635955810547,0,0.0,0.0
2000-08-29 00:00:00+09:00,117.77635955810547,117.77635955810547,117.77635955810547,117.77635955810547,0,0.0,0.0
2000-08-30 00:00:00+09:00,117.77635955810547,117.77635955810547,117.77635955810547,117.77635955810547,0,0.0,0.0
2000-08-31 00:00:00+09:00,117.77635955810547,117.77635955810547,117.77635955810547,117.77635955810547,0,0.0,0.0
2000-09-01 00:00:00+09:00,119.45884903617527,119.45884903617527,116.09381103515625,116.09381103515625,148000,0.0,0.0
2000-09-04 00:00:00+09:00,116.09381103515625,116.09381103515625,116.09381103515625,116.09381103515625,2000,0.0,0.0
2000-09-05 00:00:00+09:00,116.09381103515625,116.09381103515625,116.09381103515625,116.09381103515625,2000,0.0,0.0
2000-09-06 00:00:00+09:00,116.09381103515625,116.09381103515625,116.09381103515625,116.09381103515625,0,0.0,0.0
2000-09-07 00:00:00+09:00,116.09381103515625,116.09381103515625,116.09381103515625,116.09381103515625,0,0.0,0.0
2000-09-08 00:00:00+09:00,117.77635955810547,119.45887898036412,117.77635955810547,117.77635955810547,8000,0.0,0.0
2000-09-11 00:00:00+09:00,117.77635955810547,117.77635955810547,117.77635955810547,117.77635955810547,0,0.0,0.0
2000-09-12 00:00:00+09:00,116.09381103515625,117.77633003566577,116.09381103515625,116.09381103515625,24000,0.0,0.0
2000-09-13 00:00:00+09:00,114.41129203464673,116.09381103515625,114.41129203464673,116.09381103515625,6000,0.0,0.0
2000-09-14 00:00:00+09:00,116.09383526970359,116.09383526970359,114.41131591796876,114.41131591796875,4000,0.0,0.0
2000-09-15 00:00:00+09:00,114.41131591796876,114.41131591796876,114.41131591796876,114.41131591796875,0,0.0,0.0
2000-09-18 00:00:00+09:00,114.41131591796876,114.41131591796876,114.41131591796876,114.41131591796875,0,0.0,0.0
2000-09-19 00:00:00+09:00,115.08431724434469,115.08431724434469,112.72879028320312,112.72879028320312,18000,0.0,0.0
2000-09-20 00:00:00+09:00,114.41131591796876,114.41131591796876,111.04627721449909,114.41131591796875,26000,0.0,0.0
2000-09-21 00:00:00+09:00,114.41130954116139,114.41130954116139,112.72879028320312,112.72879028320312,4000,0.0,0.0
2000-09-22 00:00:00+09:00,109.36375176728662,112.72879028320312,109.36375176728662,112.72879028320312,8000,0.0,0.0
2000-09-25 00:00:00+09:00,112.72879028320312,112.72879028320312,112.72879028320312,112.72879028320312,0,0.0,0.0
2000-09-26 00:00:00+09:00,114.41131591796876,114.41131591796876,114.41131591796876,114.41131591796875,2000,0.0,0.0
2000-09-27 00:00:00+09:00,114.41131591796876,114.41131591796876,114.41131591796876,114.41131591796875,0,0.0,0.0
2000-09-28 00:00:00+09:00,111.04624938964844,111.04624938964844,111.04624938964844,111.04624938964844,2000,0.0,0.0
2000-09-29 00:00:00+09:00,111.04624938964844,111.04624938964844,111.04624938964844,111.04624938964844,0,0.0,0.0
2000-10-02 00:00:00+09:00,111.04624938964844,111.04624938964844,111.04624938964844,111.04624938964844,0,0.0,0.0
2000-10-03 00:00:00+09:00,109.36373045950225,111.04624938964844,109.36373045950225,111.04624938964844,10000,0.0,0.0
2000-10-04 00:00:00+09:00,111.04624938964844,111.04624938964844,111.04624938964844,111.04624938964844,0,0.0,0.0
2000-10-05 00:00:00+09:00,111.04627102524488,112.72879028320312,111.04627102524488,112.72879028320312,26000,0.0,0.0
2000-10-06 00:00:00+09:00,111.04627102524488,112.72879028320312,111.04627102524488,112.72879028320312,14000,0.0,0.0
2000-10-09 00:00:00+09:00,112.72879028320312,112.72879028320312,112.72879028320312,112.72879028320312,0,0.0,0.0
2000-10-10 00:00:00+09:00,112.72879028320312,112.72879028320312,112.72879028320312,112.72879028320312,2000,0.0,0.0
2000-10-11 00:00:00+09:00,112.72879028320312,112.72879028320312,112.72879028320312,112.72879028320312,2000,0.0,0.0
2000-10-12 00:00:00+09:00,112.72879028320312,112.72879028320312,112.72879028320312,112.72879028320312,4000,0.0,0.0
2000-10-13 00:00:00+09:00,112.72879028320312,112.72879028320312,112.72879028320312,112.72879028320312,2000,0.0,0.0
2000-10-16 00:00:00+09:00,112.72879028320312,112.72879028320312,112.72879028320312,112.72879028320312,0,0.0,0.0
2000-10-17 00:00:00+09:00,112.72879028320312,112.72879028320312,112.72879028320312,112.72879028320312,0,0.0,0.0
2000-10-18 00:00:00+09:00,112.72879028320312,112.72879028320312,112.72879028320312,112.72879028320312,0,0.0,0.0
2000-10-19 00:00:00+09:00,112.72879028320312,112.72879028320312,112.72879028320312,112.72879028320312,0,0.0,0.0
2000-10-20 00:00:00+09:00,112.72879028320312,112.72879028320312,112.72879028320312,112.72879028320312,0,0.0,0.0
2000-10-23 00:00:00+09:00,112.72879028320312,112.72879028320312,112.72879028320312,112.72879028320312,0,0.0,0.0
2000-10-24 00:00:00+09:00,112.72879656623392,114.41131591796876,112.72879656623392,114.41131591796875,6000,0.0,0.0
2000-10-25 00:00:00+09:00,111.04627102524488,112.72879028320312,111.04627102524488,112.72879028320312,8000,0.0,0.0
2000-10-26 00:00:00+09:00,112.72879028320312,112.72879028320312,112.72879028320312,112.72879028320312,0,0.0,0.0
2000-10-27 00:00:00+09:00,112.72879028320312,112.72879028320312,112.72879028320312,112.72879028320312,0,0.0,0.0
2000-10-30 00:00:00+09:00,114.41131591796876,114.41131591796876,114.41131591796876,114.41131591796875,2000,0.0,0.0
2000-10-31 00:00:00+09:00,114.41131591796876,114.41131591796876,114.41131591796876,114.41131591796875,0,0.0,0.0
2000-11-01 00:00:00+09:00,111.04624938964844,111.04624938964844,111.04624938964844,111.04624938964844,4000,0.0,0.0
2000-11-02 00:00:00+09:00,109.36373233795166,111.04625129699707,105.99869441986084,107.68121337890625,14000,0.0,0.0
2000-11-03 00:00:00+09:00,107.68121337890625,107.68121337890625,107.68121337890625,107.68121337890625,0,0.0,0.0
2000-11-06 00:00:00+09:00,107.68121337890625,107.68121337890625,107.68121337890625,107.68121337890625,0,0.0,0.0
2000-11-07 00:00:00+09:00,102.63367536905649,102.63367536905649,99.60514068603516,99.60514068603516,16000,0.0,0.0
2000-11-08 00:00:00+09:00,99.26863433837892,99.26863433837892,84.12596130371094,84.12596130371094,48000,0.0,0.0
2000-11-09 00:00:00+09:00,87.49100240071614,90.85604095458984,87.49100240071614,90.85604095458984,12000,0.0,0.0
2000-11-10 00:00:00+09:00,90.85604095458984,90.85604095458984,90.85604095458984,90.85604095458984,0,0.0,0.0
2000-11-13 00:00:00+09:00,92.5385698778876,97.58612823486328,92.5385698778876,97.58612823486328,18000,0.0,0.0
2000-11-14 00:00:00+09:00,97.58612823486328,97.58612823486328,97.58612823486328,97.58612823486328,0,0.0,0.0
2000-11-15 00:00:00+09:00,97.58612823486328,97.58612823486328,97.58612823486328,97.58612823486328,0,0.0,0.0
2000-11-16 00:00:00+09:00,97.58612823486328,97.58612823486328,97.58612823486328,97.58612823486328,0,0.0,0.0
2000-11-17 00:00:00+09:00,104.3161849975586,104.3161849975586,104.3161849975586,104.3161849975586,2000,0.0,0.0
2000-11-20 00:00:00+09:00,104.31619517008463,104.31619517008463,100.95115661621092,100.95115661621094,10000,0.0,0.0
2000-11-21 00:00:00+09:00,104.3161849975586,104.3161849975586,104.3161849975586,104.3161849975586,2000,0.0,0.0
2000-11-22 00:00:00+09:00,99.26863733927408,100.95115661621092,99.26863733927408,100.95115661621094,10000,0.0,0.0
2000-11-23 00:00:00+09:00,100.95115661621092,100.95115661621092,100.95115661621092,100.95115661621094,0,0.0,0.0
2000-11-24 00:00:00+09:00,100.95115661621092,100.95115661621092,100.95115661621092,100.95115661621094,0,0.0,0.0
2000-11-27 00:00:00+09:00,100.95115661621092,100.95115661621092,100.95115661621092,100.95115661621094,2000,0.0,0.0
2000-11-28 00:00:00+09:00,100.95115661621092,100.95115661621092,100.95115661621092,100.95115661621094,4000,0.0,0.0
2000-11-29 00:00:00+09:00,97.58612823486328,97.58612823486328,97.58612823486328,97.58612823486328,4000,0.0,0.0
2000-11-30 00:00:00+09:00,97.58612823486328,97.58612823486328,97.58612823486328,97.58612823486328,0,0.0,0.0
2000-12-01 00:00:00+09:00,95.90358956076881,95.90358956076881,90.85603221546519,92.5385513305664,10000,0.0,0.0
2000-12-04 00:00:00+09:00,94.2210704456676,94.2210704456676,92.5385513305664,92.5385513305664,8000,0.0,0.0
2000-12-05 00:00:00+09:00,92.5385513305664,92.5385513305664,90.85603221546519,92.5385513305664,14000,0.0,0.0
2000-12-06 00:00:00+09:00,94.22105407714844,94.22105407714844,94.22105407714844,94.22105407714844,4000,0.0,0.0
2000-12-07 00:00:00+09:00,94.22105407714844,94.22105407714844,94.22105407714844,94.22105407714844,0,0.0,0.0
2000-12-08 00:00:00+09:00,92.53853525434222,94.22105407714844,92.53853525434222,94.22105407714844,20000,0.0,0.0
2000-12-11 00:00:00+09:00,94.89406160627092,94.89406160627092,94.22105407714844,94.22105407714844,4000,0.0,0.0
2000-12-12 00:00:00+09:00,94.22108933021282,97.58612823486328,94.22108933021282,97.58612823486328,8000,0.0,0.0
2000-12-13 00:00:00+09:00,99.26862873014858,102.6336669921875,99.26862873014858,102.6336669921875,6000,0.0,0.0
2000-12-14 00:00:00+09:00,102.6336669921875,102.6336669921875,102.6336669921875,102.6336669921875,0,0.0,0.0
2000-12-15 00:00:00+09:00,100.95115661621092,100.95115661621092,100.95115661621092,100.95115661621094,16000,0.0,0.0
2000-12-18 00:00:00+09:00,100.95115661621092,100.95115661621092,100.95115661621092,100.95115661621094,10000,0.0,0.0
2000-12-19 00:00:00+09:00,102.6336669921875,102.6336669921875,102.6336669921875,102.6336669921875,2000,0.0,0.0
2000-12-20 00:00:00+09:00,99.26864768718852,100.95116713951374,97.58612823486328,97.58612823486328,62000,0.0,0.0
2000-12-21 00:00:00+09:00,99.26863098144531,99.26863098144531,99.26863098144531,99.26863098144531,2000,0.0,0.0
2000-12-22 00:00:00+09:00,99.26863098144531,99.26863098144531,99.26863098144531,99.26863098144531,2000,0.0,0.0
2000-12-25 00:00:00+09:00,99.26863098144531,99.26863098144531,99.26863098144531,99.26863098144531,0,0.0,0.0
2000-12-26 00:00:00+09:00,97.58612823486328,97.58612823486328,97.58612823486328,97.58612823486328,4000,0.0,0.0
2000-12-27 00:00:00+09:00,97.58612823486328,97.58612823486328,97.58612823486328,97.58612823486328,0,0.0,0.0
2000-12-28 00:00:00+09:00,95.90360878253806,99.26864768718852,95.90360878253806,97.58612823486328,34000,0.0,0.0
2000-12-29 00:00:00+09:00,97.58612823486328,97.58612823486328,97.58612823486328,97.58612823486328,0,0.0,0.0
2001-01-01 00:00:00+09:00,97.58612823486328,97.58612823486328,97.58612823486328,97.58612823486328,0,0.0,0.0
2001-01-02 00:00:00+09:00,97.58612823486328,97.58612823486328,97.58612823486328,97.58612823486328,0,0.0,0.0
2001-01-03 00:00:00+09:00,97.58612823486328,97.58612823486328,97.58612823486328,97.58612823486328,0,0.0,0.0
2001-01-04 00:00:00+09:00,99.26863098144531,99.26863098144531,99.26863098144531,99.26863098144531,2000,0.0,0.0
2001-01-05 00:00:00+09:00,99.26863098144531,99.26863098144531,99.26863098144531,99.26863098144531,2000,0.0,0.0
2001-01-08 00:00:00+09:00,99.26863098144531,99.26863098144531,99.26863098144531,99.26863098144531,0,0.0,0.0
2001-01-09 00:00:00+09:00,99.26863098144531,99.26863098144531,99.26863098144531,99.26863098144531,0,0.0,0.0
2001-01-10 00:00:00+09:00,99.26863098144531,99.26863098144531,99.26863098144531,99.26863098144531,0,0.0,0.0
2001-01-11 00:00:00+09:00,99.26863098144531,99.26863098144531,99.26863098144531,99.26863098144531,2000,0.0,0.0
2001-01-12 00:00:00+09:00,95.90358734130858,96.24009115654125,95.90358734130858,95.9035873413086,12000,0.0,0.0
2001-01-15 00:00:00+09:00,95.90358734130858,95.90358734130858,95.90358734130858,95.9035873413086,2000,0.0,0.0
2001-01-16 00:00:00+09:00,95.90358734130858,95.90358734130858,95.90358734130858,95.9035873413086,0,0.0,0.0
2001-01-17 00:00:00+09:00,95.90358734130858,95.90358734130858,95.90358734130858,95.9035873413086,0,0.0,0.0
2001-01-18 00:00:00+09:00,95.90358734130858,95.90358734130858,95.90358734130858,95.9035873413086,0,0.0,0.0
2001-01-19 00:00:00+09:00,96.2400894165039,96.2400894165039,96.2400894165039,96.2400894165039,4000,0.0,0.0
2001-01-22 00:00:00+09:00,97.58612823486328,97.58612823486328,97.58612823486328,97.58612823486328,2000,0.0,0.0
2001-01-23 00:00:00+09:00,97.58612823486328,97.58612823486328,97.58612823486328,97.58612823486328,0,0.0,0.0
2001-01-24 00:00:00+09:00,97.58612823486328,97.58612823486328,97.58612823486328,97.58612823486328,0,0.0,0.0
2001-01-25 00:00:00+09:00,99.26864768718852,99.26864768718852,97.58612823486328,97.58612823486328,8000,0.0,0.0
2001-01-26 00:00:00+09:00,97.58611806233723,100.95115661621092,97.58611806233723,100.95115661621094,4000,0.0,0.0
2001-01-29 00:00:00+09:00,100.95115661621092,104.31619517008463,97.58611806233723,100.95115661621094,12000,0.0,0.0
2001-01-30 00:00:00+09:00,100.95115661621092,100.95115661621092,100.95115661621092,100.95115661621094,0,0.0,0.0
2001-01-31 00:00:00+09:00,104.31618848897642,104.31618848897642,99.26863098144531,99.26863098144531,4000,0.0,0.0
2001-02-01 00:00:00+09:00,99.26863098144531,99.26863098144531,99.26863098144531,99.26863098144531,0,0.0,0.0
2001-02-02 00:00:00+09:00,99.26863098144531,104.31618848897642,99.26863098144531,99.26863098144531,8000,0.0,0.0
2001-02-05 00:00:00+09:00,99.26863098144531,99.26863098144531,99.26863098144531,99.26863098144531,0,0.0,0.0
2001-02-06 00:00:00+09:00,100.95115307940553,101.62416076660156,100.95115307940553,101.62416076660156,4000,0.0,0.0
2001-02-07 00:00:00+09:00,101.62416076660156,101.62416076660156,101.62416076660156,101.62416076660156,0,0.0,0.0
2001-02-08 00:00:00+09:00,99.26864768718852,100.95116713951374,97.58612823486328,97.58612823486328,36000,0.0,0.0
2001-02-09 00:00:00+09:00,97.58612823486328,97.58612823486328,97.58612823486328,97.58612823486328,0,0.0,0.0
2001-02-12 00:00:00+09:00,97.58612823486328,97.58612823486328,97.58612823486328,97.58612823486328,0,0.0,0.0
2001-02-13 00:00:00+09:00,97.58612823486328,100.95116713951374,97.58612823486328,97.58612823486328,8000,0.0,0.0
2001-02-14 00:00:00+09:00,97.58612823486328,97.58612823486328,97.58612823486328,97.58612823486328,0,0.0,0.0
2001-02-15 00:00:00+09:00,97.58612823486328,97.58612823486328,97.58612823486328,97.58612823486328,0,0.0,0.0
2001-02-16 00:00:00+09:00,97.58612823486328,100.95116713951374,97.58612823486328,97.58612823486328,8000,0.0,0.0
2001-02-19 00:00:00+09:00,97.58612823486328,97.58612823486328,97.58612823486328,97.58612823486328,4000,0.0,0.0
2001-02-20 00:00:00+09:00,95.90358734130858,97.5861064174719,95.90358734130858,95.9035873413086,28000,0.0,0.0
2001-02-21 00:00:00+09:00,95.90358734130858,95.90358734130858,95.90358734130858,95.9035873413086,12000,0.0,0.0
2001-02-22 00:00:00+09:00,95.90358734130858,95.90358734130858,94.8940758956106,95.9035873413086,6000,0.0,0.0
2001-02-23 00:00:00+09:00,94.22105407714844,94.22105407714844,94.22105407714844,94.22105407714844,6000,0.0,0.0
2001-02-26 00:00:00+09:00,92.53853525434222,94.22105407714844,90.85601643153599,94.22105407714844,16000,0.0,0.0
2001-02-27 00:00:00+09:00,94.22105407714844,94.22105407714844,90.85601643153599,94.22105407714844,12000,0.0,0.0
2001-02-28 00:00:00+09:00,90.85603011281866,97.5861064174719,90.85603011281866,95.9035873413086,30000,0.0,0.0
2001-03-01 00:00:00+09:00,95.90357289995465,95.90357289995465,94.22105407714844,94.22105407714844,34000,0.0,0.0
2001-03-02 00:00:00+09:00,92.53853525434222,94.22105407714844,92.53853525434222,94.22105407714844,12000,0.0,0.0
2001-03-05 00:00:00+09:00,95.90358734130858,95.90358734130858,95.90358734130858,95.9035873413086,30000,0.0,0.0
2001-03-06 00:00:00+09:00,95.90358734130858,95.90358734130858,95.90358734130858,95.9035873413086,2000,0.0,0.0
2001-03-07 00:00:00+09:00,95.90358956076881,95.90358956076881,90.85603221546519,92.5385513305664,10000,0.0,0.0
2001-03-08 00:00:00+09:00,95.90357289995465,95.90357289995465,94.22105407714844,94.22105407714844,6000,0.0,0.0
2001-03-09 00:00:00+09:00,94.22105407714844,95.90357289995465,94.22105407714844,94.22105407714844,14000,0.0,0.0
2001-03-12 00:00:00+09:00,92.53853525434222,94.22105407714844,92.53853525434222,94.22105407714844,10000,0.0,0.0
2001-03-13 00:00:00+09:00,89.17351325352986,89.17351325352986,77.39587942759195,80.76091766357422,66000,0.0,0.0
2001-03-14 00:00:00+09:00,80.76091766357422,80.76091766357422,80.76091766357422,80.76091766357422,0,0.0,0.0
2001-03-15 00:00:00+09:00,77.39587304947224,79.0783920288086,75.71335407013589,79.0783920288086,102000,0.0,0.0
2001-03-16 00:00:00+09:00,79.0783920288086,79.0783920288086,79.0783920288086,79.0783920288086,18000,0.0,0.0
2001-03-19 00:00:00+09:00,77.3958740234375,79.07839302394702,77.3958740234375,77.3958740234375,66000,0.0,0.0
2001-03-20 00:00:00+09:00,77.3958740234375,77.3958740234375,77.3958740234375,77.3958740234375,0,0.0,0.0
2001-03-21 00:00:00+09:00,75.71337266401811,77.39589205655184,74.03085327148438,74.03085327148438,56000,0.0,0.0
2001-03-22 00:00:00+09:00,74.0308496973536,77.05938445769988,74.0308496973536,74.703857421875,16000,0.0,0.0
2001-03-23 00:00:00+09:00,75.71336364746094,75.71336364746094,72.34832526312934,75.71336364746094,16000,0.0,0.0
2001-03-26 00:00:00+09:00,75.71335502292798,79.07839302394702,75.71335502292798,77.3958740234375,12000,0.0,0.0
2001-03-27 00:00:00+09:00,80.18493270874023,80.18493270874023,76.6986312866211,76.6986312866211,14000,4.0,0.0
2001-03-28 00:00:00+09:00,76.6986312866211,76.6986312866211,76.6986312866211,76.6986312866211,2000,0.0,0.0
2001-03-29 00:00:00+09:00,78.4417724609375,78.4417724609375,78.4417724609375,78.4417724609375,4000,0.0,0.0
2001-03-30 00:00:00+09:00,78.44177080237347,80.18492126464844,78.44177080237347,80.18492126464844,30000,0.0,0.0
2001-04-02 00:00:00+09:00,81.92807345920139,81.92807345920139,78.4417724609375,78.4417724609375,16000,0.0,0.0
2001-04-03 00:00:00+09:00,78.441768611243,78.441768611243,74.95546778407665,76.00135803222656,84000,0.0,0.0
2001-04-04 00:00:00+09:00,76.00134482207122,76.00134482207122,72.5150446008753,75.30408477783203,252000,0.0,0.0
2001-04-05 00:00:00+09:00,76.00135861660571,82.97396032455119,74.95546836041389,81.92807006835938,88000,0.0,0.0
2001-04-06 00:00:00+09:00,83.67121887207031,84.7171091079712,83.67121887207031,83.67121887207031,62000,0.0,0.0
2001-04-09 00:00:00+09:00,83.67121887207031,83.67121887207031,83.67121887207031,83.67121887207031,2000,0.0,0.0
2001-04-10 00:00:00+09:00,83.67121887207031,83.67121887207031,83.67121887207031,83.67121887207031,0,0.0,0.0
2001-04-11 00:00:00+09:00,84.36846923828125,84.36846923828125,84.36846923828125,84.36846923828125,2000,0.0,0.0
2001-04-12 00:00:00+09:00,84.36846923828125,84.36846923828125,84.36846923828125,84.36846923828125,2000,0.0,0.0
2001-04-13 00:00:00+09:00,84.7171134338379,87.15752410888672,84.7171134338379,87.15752410888672,14000,0.0,0.0
2001-04-16 00:00:00+09:00,88.90067459106446,88.90067459106446,85.41437362670898,87.15752410888672,20000,0.0,0.0
2001-04-17 00:00:00+09:00,87.85478430175782,87.85478430175782,87.15752410888672,87.15752410888672,8000,0.0,0.0
2001-04-18 00:00:00+09:00,87.15752410888672,87.15752410888672,87.15752410888672,87.15752410888672,0,0.0,0.0
2001-04-19 00:00:00+09:00,90.29519163278434,90.6438217163086,88.90067129868727,90.6438217163086,20000,0.0,0.0
2001-04-20 00:00:00+09:00,90.6438217163086,90.6438217163086,90.6438217163086,90.6438217163086,4000,0.0,0.0
2001-04-23 00:00:00+09:00,88.90067459106446,90.64382507324218,85.41437362670898,87.15752410888672,22000,0.0,0.0
2001-04-24 00:00:00+09:00,85.76300422758925,88.20341491699219,85.76300422758925,88.20341491699219,6000,0.0,0.0
2001-04-25 00:00:00+09:00,84.01984405517578,87.15751458005786,84.01984405517578,84.01984405517578,52000,0.0,0.0
2001-04-26 00:00:00+09:00,84.01984405517578,87.15751458005786,84.01984405517578,84.01984405517578,52000,0.0,0.0
2001-04-27 00:00:00+09:00,85.41437362670898,87.15752410888672,85.41437362670898,87.15752410888672,12000,0.0,0.0
2001-04-30 00:00:00+09:00,87.15752410888672,87.15752410888672,87.15752410888672,87.15752410888672,0,0.0,0.0
2001-05-01 00:00:00+09:00,88.5520444946289,88.90067459106446,87.15752410888672,87.15752410888672,6000,0.0,0.0
2001-05-02 00:00:00+09:00,87.50615255318436,88.90067291259766,87.50615255318436,88.90067291259766,16000,0.0,0.0
2001-05-03 00:00:00+09:00,88.90067291259766,88.90067291259766,88.90067291259766,88.90067291259766,0,0.0,0.0
2001-05-04 00:00:00+09:00,88.90067291259766,88.90067291259766,88.90067291259766,88.90067291259766,0,0.0,0.0
2001-05-07 00:00:00+09:00,88.90067291259766,88.90067291259766,88.90067291259766,88.90067291259766,0,0.0,0.0
2001-05-08 00:00:00+09:00,90.64382336186428,90.64382336186428,87.50615255318436,88.90067291259766,6000,0.0,0.0
2001-05-09 00:00:00+09:00,90.6438217163086,90.6438217163086,88.90067129868727,90.6438217163086,6000,0.0,0.0
2001-05-10 00:00:00+09:00,88.90067545572916,95.87327745225694,88.90067545572916,94.130126953125,18000,0.0,0.0
2001-05-11 00:00:00+09:00,95.87327575683594,95.87327575683594,94.13012528852984,95.87327575683594,10000,0.0,0.0
2001-05-14 00:00:00+09:00,94.47875538219105,95.87327575683594,94.47875538219105,95.87327575683594,14000,0.0,0.0
2001-05-15 00:00:00+09:00,97.61641782872816,97.61641782872816,94.82737731933594,94.82737731933594,8000,0.0,0.0
2001-05-16 00:00:00+09:00,94.82737761164991,94.82737761164991,90.99244689941406,90.99244689941406,56000,0.0,0.0
2001-05-17 00:00:00+09:00,90.99245179983286,90.99245179983286,89.94656154926007,90.6438217163086,14000,0.0,0.0
2001-05-18 00:00:00+09:00,89.59793681952789,91.3410873413086,89.59793681952789,91.3410873413086,8000,0.0,0.0
2001-05-21 00:00:00+09:00,89.59793146573581,92.03834205040565,89.59793146573581,90.6438217163086,8000,0.0,0.0
2001-05-22 00:00:00+09:00,90.6438217163086,90.6438217163086,89.94656154926007,90.6438217163086,6000,0.0,0.0
2001-05-23 00:00:00+09:00,90.6438217163086,90.6438217163086,90.6438217163086,90.6438217163086,2000,0.0,0.0
2001-05-24 00:00:00+09:00,90.64381343381413,90.64381343381413,89.5979232788086,89.5979232788086,10000,0.0,0.0
2001-05-25 00:00:00+09:00,90.29519163278434,92.03834205040565,89.24930138221154,90.6438217163086,26000,0.0,0.0
2001-05-28 00:00:00+09:00,89.24931441326531,91.34109521982622,78.44178024603396,85.41438293457031,96000,0.0,0.0
2001-05-29 00:00:00+09:00,85.41437092233211,87.15752134931847,81.92807006835938,81.92807006835938,88000,0.0,0.0
2001-05-30 00:00:00+09:00,80.18492296006944,80.18492296006944,76.69862196180556,78.4417724609375,70000,0.0,0.0
2001-05-31 00:00:00+09:00,80.18492296006944,80.18492296006944,76.69862196180556,78.4417724609375,26000,0.0,0.0
2001-06-01 00:00:00+09:00,80.18492126464844,81.9280717269234,80.18492126464844,80.18492126464844,28000,0.0,0.0
2001-06-04 00:00:00+09:00,85.41438293457031,88.55205414441167,85.41438293457031,85.41438293457031,10000,0.0,0.0
2001-06-05 00:00:00+09:00,87.15752410888672,88.5520444946289,87.15752410888672,87.15752410888672,28000,0.0,0.0
2001-06-06 00:00:00+09:00,88.90066116086899,91.34107146724578,86.46025085449219,86.46025085449219,44000,0.0,0.0
2001-06-07 00:00:00+09:00,83.67122326867054,86.8088941412457,82.27670288085938,82.27670288085938,48000,0.0,0.0
2001-06-08 00:00:00+09:00,82.27670015375665,85.41437092233211,81.92807006835938,81.92807006835938,30000,0.0,0.0
2001-06-11 00:00:00+09:00,83.67121887207031,83.67121887207031,81.92806847890219,83.67121887207031,42000,0.0,0.0
2001-06-12 00:00:00+09:00,83.67121887207031,83.67121887207031,83.67121887207031,83.67121887207031,8000,0.0,0.0
2001-06-13 00:00:00+09:00,81.92808159030214,85.41438293457031,81.92808159030214,85.41438293457031,20000,0.0,0.0
2001-06-14 00:00:00+09:00,85.41438293457031,85.41438293457031,83.67123226243623,85.41438293457031,26000,0.0,0.0
2001-06-15 00:00:00+09:00,85.41438293457031,87.1575336067044,84.71712266571669,85.41438293457031,22000,0.0,0.0
2001-06-18 00:00:00+09:00,85.41438293457031,85.41438293457031,83.67123226243623,85.41438293457031,20000,0.0,0.0
2001-06-19 00:00:00+09:00,83.67121887207031,85.41436926523845,83.67121887207031,83.67121887207031,32000,0.0,0.0
2001-06-20 00:00:00+09:00,81.92807278390659,82.27670288085938,81.230812590001,82.27670288085938,38000,0.0,0.0
2001-06-21 00:00:00+09:00,81.92806847890219,83.67121887207031,81.92806847890219,83.67121887207031,48000,0.0,0.0
2001-06-22 00:00:00+09:00,82.62532863616944,83.67121887207031,82.62532863616944,83.67121887207031,20000,0.0,0.0
2001-06-25 00:00:00+09:00,82.97396087646484,83.67122105189732,82.97396087646484,82.97396087646484,12000,0.0,0.0
2001-06-26 00:00:00+09:00,83.67121887207031,83.67121887207031,82.97395871480306,83.67121887207031,28000,0.0,0.0
2001-06-27 00:00:00+09:00,82.62533746916672,83.67122781687769,80.88218688964844,80.88218688964844,66000,0.0,0.0
2001-06-28 00:00:00+09:00,80.88218299514578,83.32259368896484,80.88218299514578,83.32259368896484,14000,0.0,0.0
2001-06-29 00:00:00+09:00,83.6712215647978,90.64382336186428,82.97396138509116,88.90067291259766,94000,0.0,0.0
2001-07-02 00:00:00+09:00,89.5979336287624,89.94656372070312,88.900673444881,89.94656372070312,38000,0.0,0.0
2001-07-03 00:00:00+09:00,88.90066240418632,92.386962890625,88.90066240418632,92.386962890625,12000,0.0,0.0
2001-07-04 00:00:00+09:00,90.64381683466534,93.43285735265505,90.64381683466534,90.99244689941406,56000,0.0,0.0
2001-07-05 00:00:00+09:00,90.64382336186428,92.03834372127758,88.90067291259766,88.90067291259766,46000,0.0,0.0
2001-07-06 00:00:00+09:00,88.90067291259766,88.90067291259766,88.90067291259766,88.90067291259766,6000,0.0,0.0
2001-07-09 00:00:00+09:00,88.90067291259766,88.90067291259766,88.90067291259766,88.90067291259766,4000,0.0,0.0
2001-07-10 00:00:00+09:00,87.15752410888672,90.64382507324218,87.15752410888672,87.15752410888672,22000,0.0,0.0
2001-07-11 00:00:00+09:00,85.41438632541232,87.85479736328125,85.41438632541232,87.85479736328125,6000,0.0,0.0
2001-07-12 00:00:00+09:00,87.85479387555804,87.85479387555804,85.41438293457031,85.41438293457031,6000,0.0,0.0
2001-07-13 00:00:00+09:00,85.41438293457031,85.41438293457031,85.41438293457031,85.41438293457031,8000,0.0,0.0
2001-07-16 00:00:00+09:00,85.41437362670898,87.15752410888672,85.41437362670898,87.15752410888672,46000,0.0,0.0
2001-07-17 00:00:00+09:00,87.1575336067044,87.1575336067044,85.41438293457031,85.41438293457031,8000,0.0,0.0
2001-07-18 00:00:00+09:00,86.80889129638672,86.80889129638672,86.80889129638672,86.80889129638672,6000,0.0,0.0
2001-07-19 00:00:00+09:00,85.41438293457031,86.80890347227759,85.41438293457031,85.41438293457031,8000,0.0,0.0
2001-07-20 00:00:00+09:00,85.41438293457031,85.41438293457031,85.41438293457031,85.41438293457031,0,0.0,0.0
2001-07-23 00:00:00+09:00,87.15752410888672,87.15752410888672,87.15752410888672,87.15752410888672,6000,0.0,0.0
2001-07-24 00:00:00+09:00,87.15752410888672,87.15752410888672,87.15752410888672,87.15752410888672,0,0.0,0.0
2001-07-25 00:00:00+09:00,87.15752410888672,87.15752410888672,87.15752410888672,87.15752410888672,0,0.0,0.0
2001-07-26 00:00:00+09:00,85.41437362670898,87.15752410888672,85.41437362670898,87.15752410888672,12000,0.0,0.0
2001-07-27 00:00:00+09:00,87.15752410888672,87.15752410888672,87.15752410888672,87.15752410888672,6000,0.0,0.0
2001-07-30 00:00:00+09:00,87.15752246333105,88.90067291259766,87.15752246333105,88.90067291259766,6000,0.0,0.0
2001-07-31 00:00:00+09:00,88.90066240418632,92.386962890625,88.90066240418632,92.386962890625,14000,0.0,0.0
2001-08-01 00:00:00+09:00,92.3869738111309,92.3869738111309,88.90067291259766,88.90067291259766,6000,0.0,0.0
2001-08-02 00:00:00+09:00,88.90067291259766,88.90067291259766,88.90067291259766,88.90067291259766,0,0.0,0.0
2001-08-03 00:00:00+09:00,88.90067291259766,88.90067291259766,88.90067291259766,88.90067291259766,0,0.0,0.0
2001-08-06 00:00:00+09:00,88.90067291259766,88.90067291259766,88.90067291259766,88.90067291259766,0,0.0,0.0
2001-08-07 00:00:00+09:00,90.6438217163086,90.6438217163086,90.6438217163086,90.6438217163086,2000,0.0,0.0
2001-08-08 00:00:00+09:00,90.6438217163086,90.6438217163086,90.6438217163086,90.6438217163086,0,0.0,0.0
2001-08-09 00:00:00+09:00,90.6438217163086,90.6438217163086,90.6438217163086,90.6438217163086,0,0.0,0.0
2001-08-10 00:00:00+09:00,90.6438217163086,92.38697213392992,90.6438217163086,90.6438217163086,12000,0.0,0.0
2001-08-13 00:00:00+09:00,88.90067291259766,90.64382336186428,87.15752246333105,88.90067291259766,16000,0.0,0.0
2001-08-14 00:00:00+09:00,88.90067291259766,88.90067291259766,88.90067291259766,88.90067291259766,0,0.0,0.0
2001-08-15 00:00:00+09:00,88.90067129868727,90.6438217163086,88.90067129868727,90.6438217163086,10000,0.0,0.0
2001-08-16 00:00:00+09:00,90.6438217163086,90.6438217163086,90.6438217163086,90.6438217163086,4000,0.0,0.0
2001-08-17 00:00:00+09:00,90.6438217163086,90.6438217163086,88.90067129868727,90.6438217163086,30000,0.0,0.0
2001-08-20 00:00:00+09:00,90.6438217163086,90.6438217163086,90.6438217163086,90.6438217163086,2000,0.0,0.0
2001-08-21 00:00:00+09:00,88.9006842788385,90.64383495097258,85.41438293457031,85.41438293457031,34000,0.0,0.0
2001-08-22 00:00:00+09:00,83.67121887207031,85.41436926523845,82.27669855753581,83.67121887207031,36000,0.0,0.0
2001-08-23 00:00:00+09:00,83.67121887207031,85.06573918660483,83.67121887207031,83.67121887207031,12000,0.0,0.0
2001-08-24 00:00:00+09:00,83.67120916193181,84.36846923828125,83.67120916193181,84.36846923828125,6000,0.0,0.0
2001-08-27 00:00:00+09:00,83.67121887207031,84.36847902933758,83.67121887207031,83.67121887207031,18000,0.0,0.0
2001-08-28 00:00:00+09:00,83.67123226243623,85.41438293457031,83.67123226243623,85.41438293457031,4000,0.0,0.0
2001-08-29 00:00:00+09:00,84.36848066614029,85.41437092233211,80.184919641373,81.92807006835938,116000,0.0,0.0
2001-08-30 00:00:00+09:00,80.18491341365323,84.01984405517578,80.18491341365323,84.01984405517578,32000,0.0,0.0
2001-08-31 00:00:00+09:00,81.92806847890219,84.01984895070395,81.92806847890219,83.67121887207031,6000,0.0,0.0
2001-09-03 00:00:00+09:00,80.18492296006944,81.92807345920139,76.69862196180556,78.4417724609375,56000,0.0,0.0
2001-09-04 00:00:00+09:00,80.18492126464844,80.18492126464844,80.18492126464844,80.18492126464844,6000,0.0,0.0
2001-09-05 00:00:00+09:00,80.18491808573405,83.67121887207031,78.44176769256592,83.67121887207031,30000,0.0,0.0
2001-09-06 00:00:00+09:00,80.18491808573405,83.67121887207031,80.18491808573405,83.67121887207031,10000,0.0,0.0
2001-09-07 00:00:00+09:00,85.41438293457031,85.41438293457031,85.41438293457031,85.41438293457031,10000,0.0,0.0
2001-09-10 00:00:00+09:00,83.67122314453125,87.15752410888672,83.67122314453125,87.15752410888672,10000,0.0,0.0
2001-09-11 00:00:00+09:00,86.80889126392121,86.80889126392121,81.92807006835938,81.92807006835938,6000,0.0,0.0
2001-09-12 00:00:00+09:00,81.92807006835938,81.92807006835938,81.92807006835938,81.92807006835938,6000,0.0,0.0
2001-09-13 00:00:00+09:00,83.67121887207031,83.67121887207031,83.67121887207031,83.67121887207031,6000,0.0,0.0
2001-09-14 00:00:00+09:00,87.15752088106596,90.6438217163086,87.15752088106596,90.6438217163086,14000,0.0,0.0
2001-09-17 00:00:00+09:00,87.15752410888672,87.15752410888672,85.41437362670898,87.15752410888672,14000,0.0,0.0
2001-09-18 00:00:00+09:00,87.15752410888672,87.15752410888672,87.15752410888672,87.15752410888672,0,0.0,0.0
2001-09-19 00:00:00+09:00,87.15752410888672,87.15752410888672,87.15752410888672,87.15752410888672,0,0.0,0.0
2001-09-20 00:00:00+09:00,87.15752410888672,87.15752410888672,87.15752410888672,87.15752410888672,0,0.0,0.0
2001-09-21 00:00:00+09:00,83.67121887207031,83.67121887207031,83.67121887207031,83.67121887207031,2000,0.0,0.0
2001-09-24 00:00:00+09:00,83.67121887207031,83.67121887207031,83.67121887207031,83.67121887207031,0,0.0,0.0
2001-09-25 00:00:00+09:00,83.67121887207031,83.67121887207031,83.67121887207031,83.67121887207031,0,0.0,0.0
2001-09-26 00:00:00+09:00,83.67121887207031,83.67121887207031,83.67121887207031,83.67121887207031,0,0.0,0.0
2001-09-27 00:00:00+09:00,83.67121887207031,83.67121887207031,83.67121887207031,83.67121887207031,0,0.0,0.0
2001-09-28 00:00:00+09:00,83.67121887207031,83.67121887207031,83.67121887207031,83.67121887207031,0,0.0,0.0
2001-10-01 00:00:00+09:00,83.67121887207031,83.67121887207031,83.67121887207031,83.67121887207031,0,0.0,0.0
2001-10-02 00:00:00+09:00,83.67121887207031,83.67121887207031,83.67121887207031,83.67121887207031,0,0.0,0.0
2001-10-03 00:00:00+09:00,83.67121887207031,83.67121887207031,83.67121887207031,83.67121887207031,0,0.0,0.0
2001-10-04 00:00:00+09:00,85.41438293457031,85.41438293457031,85.41438293457031,85.41438293457031,4000,0.0,0.0
2001-10-05 00:00:00+09:00,85.41438293457031,85.41438293457031,85.41438293457031,85.41438293457031,2000,0.0,0.0
2001-10-08 00:00:00+09:00,85.41438293457031,85.41438293457031,85.41438293457031,85.41438293457031,0,0.0,0.0
2001-10-09 00:00:00+09:00,85.41438293457031,85.41438293457031,83.67123226243623,85.41438293457031,6000,0.0,0.0
2001-10-10 00:00:00+09:00,85.41438293457031,85.41438293457031,85.41438293457031,85.41438293457031,0,0.0,0.0
2001-10-11 00:00:00+09:00,83.67121887207031,83.67121887207031,83.67121887207031,83.67121887207031,2000,0.0,0.0
2001-10-12 00:00:00+09:00,83.67121887207031,83.67121887207031,83.67121887207031,83.67121887207031,0,0.0,0.0
2001-10-15 00:00:00+09:00,85.41438293457031,85.41438293457031,85.41438293457031,85.41438293457031,2000,0.0,0.0
2001-10-16 00:00:00+09:00,85.41438293457031,85.41438293457031,85.41438293457031,85.41438293457031,0,0.0,0.0
2001-10-17 00:00:00+09:00,81.92806847890219,83.67121887207031,81.92806847890219,83.67121887207031,22000,0.0,0.0
2001-10-18 00:00:00+09:00,83.67121887207031,83.67121887207031,83.67121887207031,83.67121887207031,0,0.0,0.0
2001-10-19 00:00:00+09:00,82.27671172472895,85.41438293457031,82.27671172472895,85.41438293457031,10000,0.0,0.0
2001-10-22 00:00:00+09:00,81.92808159030214,85.41438293457031,81.92808159030214,85.41438293457031,6000,0.0,0.0
2001-10-23 00:00:00+09:00,80.18491808573405,86.46025950113933,80.18491808573405,83.67121887207031,36000,0.0,0.0
2001-10-24 00:00:00+09:00,83.67122314453125,87.15752410888672,83.67122314453125,87.15752410888672,14000,0.0,0.0
2001-10-25 00:00:00+09:00,87.15752410888672,87.15752410888672,87.15752410888672,87.15752410888672,10000,0.0,0.0
2001-10-26 00:00:00+09:00,87.15752410888672,87.15752410888672,87.15752410888672,87.15752410888672,2000,0.0,0.0
2001-10-29 00:00:00+09:00,87.15752410888672,88.90067459106446,85.41437362670898,87.15752410888672,198000,0.0,0.0
2001-10-30 00:00:00+09:00,87.85478430175782,87.85478430175782,87.15752410888672,87.15752410888672,8000,0.0,0.0
2001-10-31 00:00:00+09:00,87.15752410888672,87.15752410888672,87.15752410888672,87.15752410888672,0,0.0,0.0
2001-11-01 00:00:00+09:00,88.90067291259766,88.90067291259766,88.90067291259766,88.90067291259766,2000,0.0,0.0
2001-11-02 00:00:00+09:00,88.90067291259766,88.90067291259766,88.90067291259766,88.90067291259766,0,0.0,0.0
2001-11-05 00:00:00+09:00,88.20341113163875,92.38697213392992,88.20341113163875,90.6438217163086,42000,0.0,0.0
2001-11-06 00:00:00+09:00,88.90067612342392,90.64382663564793,88.90067612342392,90.29519653320312,8000,0.0,0.0
2001-11-07 00:00:00+09:00,89.59793565538195,95.87327745225694,88.90067545572916,94.130126953125,60000,0.0,0.0
2001-11-08 00:00:00+09:00,94.130126953125,94.130126953125,90.6438259548611,94.130126953125,28000,0.0,0.0
2001-11-09 00:00:00+09:00,94.130126953125,94.130126953125,94.130126953125,94.130126953125,0,0.0,0.0
2001-11-12 00:00:00+09:00,94.130126953125,95.87327745225694,92.38697645399306,94.130126953125,12000,0.0,0.0
2001-11-13 00:00:00+09:00,94.130126953125,94.130126953125,94.130126953125,94.130126953125,4000,0.0,0.0
2001-11-14 00:00:00+09:00,94.130126953125,94.130126953125,94.130126953125,94.130126953125,4000,0.0,0.0
2001-11-15 00:00:00+09:00,94.130126953125,94.130126953125,94.130126953125,94.130126953125,0,0.0,0.0
2001-11-16 00:00:00+09:00,94.13012528852984,95.87327575683594,94.13012528852984,95.87327575683594,64000,0.0,0.0
2001-11-19 00:00:00+09:00,94.130126953125,94.130126953125,94.130126953125,94.130126953125,4000,0.0,0.0
2001-11-20 00:00:00+09:00,95.87327745225694,95.87327745225694,92.38697645399306,94.130126953125,42000,0.0,0.0
2001-11-21 00:00:00+09:00,94.130126953125,94.130126953125,94.130126953125,94.130126953125,2000,0.0,0.0
2001-11-22 00:00:00+09:00,92.38697482022373,95.87327575683594,92.38697482022373,95.87327575683594,6000,0.0,0.0
2001-11-23 00:00:00+09:00,95.87327575683594,95.87327575683594,95.87327575683594,95.87327575683594,0,0.0,0.0
2001-11-26 00:00:00+09:00,95.87327575683594,95.87327575683594,95.87327575683594,95.87327575683594,0,0.0,0.0
2001-11-27 00:00:00+09:00,90.6438217163086,92.38697213392992,90.6438217163086,90.6438217163086,14000,0.0,0.0
2001-11-28 00:00:00+09:00,90.6438259548611,94.130126953125,90.6438259548611,94.130126953125,36000,0.0,0.0
2001-11-29 00:00:00+09:00,92.386962890625,94.13011313384435,90.64381264740567,92.386962890625,40000,0.0,0.0
2001-11-30 00:00:00+09:00,94.13011313384435,94.13011313384435,88.90066240418632,92.386962890625,20000,0.0,0.0
2001-12-03 00:00:00+09:00,92.3869737816566,93.781494140625,90.6438233329461,93.781494140625,10000,0.0,0.0
2001-12-04 00:00:00+09:00,93.781494140625,93.781494140625,93.781494140625,93.781494140625,0,0.0,0.0
2001-12-05 00:00:00+09:00,92.73560491388494,97.61642622514205,92.73560491388494,95.87327575683594,36000,0.0,0.0
2001-12-06 00:00:00+09:00,95.87327575683594,95.87327575683594,95.87327575683594,95.87327575683594,0,0.0,0.0
2001-12-07 00:00:00+09:00,94.13012255155124,94.13012255155124,90.6438217163086,90.6438217163086,8000,0.0,0.0
2001-12-10 00:00:00+09:00,94.13012528852984,95.87327575683594,90.64382435191762,95.87327575683594,22000,0.0,0.0
2001-12-11 00:00:00+09:00,95.87327575683594,95.87327575683594,95.87327575683594,95.87327575683594,0,0.0,0.0
2001-12-12 00:00:00+09:00,92.386962890625,92.386962890625,92.386962890625,92.386962890625,20000,0.0,0.0
2001-12-13 00:00:00+09:00,92.386962890625,92.73559293926887,92.386962890625,92.386962890625,8000,0.0,0.0
2001-12-14 00:00:00+09:00,92.386962890625,92.386962890625,92.386962890625,92.386962890625,10000,0.0,0.0
2001-12-17 00:00:00+09:00,88.90067545572916,95.87327745225694,88.90067545572916,94.130126953125,36000,0.0,0.0
2001-12-18 00:00:00+09:00,88.90067129868727,90.6438217163086,87.15752088106596,90.6438217163086,22000,0.0,0.0
2001-12-19 00:00:00+09:00,90.6438217163086,90.6438217163086,90.6438217163086,90.6438217163086,0,0.0,0.0
2001-12-20 00:00:00+09:00,90.6438259548611,97.61642795138889,90.6438259548611,94.130126953125,64000,0.0,0.0
2001-12-21 00:00:00+09:00,92.386962890625,92.386962890625,92.386962890625,92.386962890625,2000,0.0,0.0
2001-12-24 00:00:00+09:00,92.386962890625,92.386962890625,92.386962890625,92.386962890625,0,0.0,0.0
2001-12-25 00:00:00+09:00,92.386962890625,92.386962890625,92.386962890625,92.386962890625,372000,0.0,0.0
2001-12-26 00:00:00+09:00,87.15752358378668,87.15752358378668,84.01985273477037,86.11163330078125,28000,0.0,0.0
2001-12-27 00:00:00+09:00,86.11163330078125,86.11163330078125,86.11163330078125,86.11163330078125,0,0.0,0.0
2001-12-28 00:00:00+09:00,87.15752495659721,94.130126953125,87.15752495659721,94.130126953125,24000,0.0,0.0
2001-12-31 00:00:00+09:00,94.130126953125,94.130126953125,94.130126953125,94.130126953125,0,0.0,0.0
2002-01-01 00:00:00+09:00,94.130126953125,94.130126953125,94.130126953125,94.130126953125,0,0.0,0.0
2002-01-02 00:00:00+09:00,94.130126953125,94.130126953125,94.130126953125,94.130126953125,0,0.0,0.0
2002-01-03 00:00:00+09:00,94.130126953125,94.130126953125,94.130126953125,94.130126953125,0,0.0,0.0
2002-01-04 00:00:00+09:00,94.130126953125,94.130126953125,94.130126953125,94.130126953125,0,0.0,0.0
2002-01-07 00:00:00+09:00,90.6438217163086,90.6438217163086,90.6438217163086,90.6438217163086,2000,0.0,0.0
2002-01-08 00:00:00+09:00,92.38697645399306,94.130126953125,92.38697645399306,94.130126953125,18000,0.0,0.0
2002-01-09 00:00:00+09:00,94.130126953125,94.130126953125,94.130126953125,94.130126953125,0,0.0,0.0
2002-01-10 00:00:00+09:00,94.130126953125,94.130126953125,94.130126953125,94.130126953125,0,0.0,0.0
2002-01-11 00:00:00+09:00,92.38697645399306,94.130126953125,92.03834635416666,94.130126953125,24000,0.0,0.0
2002-01-14 00:00:00+09:00,94.130126953125,94.130126953125,94.130126953125,94.130126953125,0,0.0,0.0
2002-01-15 00:00:00+09:00,94.130126953125,94.130126953125,94.130126953125,94.130126953125,2000,0.0,0.0
2002-01-16 00:00:00+09:00,90.6438259548611,94.130126953125,90.6438259548611,94.130126953125,12000,0.0,0.0
2002-01-17 00:00:00+09:00,92.386962890625,92.386962890625,92.386962890625,92.386962890625,4000,0.0,0.0
2002-01-18 00:00:00+09:00,94.82738715277777,94.82738715277777,90.6438259548611,94.130126953125,10000,0.0,0.0
2002-01-21 00:00:00+09:00,94.130126953125,94.130126953125,94.130126953125,94.130126953125,0,0.0,0.0
2002-01-22 00:00:00+09:00,87.15752495659721,97.61642795138889,87.15752495659721,94.130126953125,36000,0.0,0.0
2002-01-23 00:00:00+09:00,96.57053765190972,96.57053765190972,94.130126953125,94.130126953125,8000,0.0,0.0
2002-01-24 00:00:00+09:00,92.386962890625,92.386962890625,92.386962890625,92.386962890625,2000,0.0,0.0
2002-01-25 00:00:00+09:00,92.386962890625,92.386962890625,92.386962890625,92.386962890625,0,0.0,0.0
2002-01-28 00:00:00+09:00,92.386962890625,92.386962890625,92.386962890625,92.386962890625,0,0.0,0.0
2002-01-29 00:00:00+09:00,90.6438259548611,94.130126953125,90.6438259548611,94.130126953125,10000,0.0,0.0
2002-01-30 00:00:00+09:00,94.130126953125,94.130126953125,94.130126953125,94.130126953125,0,0.0,0.0
2002-01-31 00:00:00+09:00,94.130126953125,94.130126953125,94.130126953125,94.130126953125,0,0.0,0.0
2002-02-01 00:00:00+09:00,94.130126953125,94.130126953125,94.130126953125,94.130126953125,0,0.0,0.0
2002-02-04 00:00:00+09:00,94.130126953125,94.130126953125,94.130126953125,94.130126953125,0,0.0,0.0
2002-02-05 00:00:00+09:00,94.130126953125,94.130126953125,94.130126953125,94.130126953125,0,0.0,0.0
2002-02-06 00:00:00+09:00,94.130126953125,94.130126953125,94.130126953125,94.130126953125,0,0.0,0.0
2002-02-07 00:00:00+09:00,95.87327745225694,95.87327745225694,94.130126953125,94.130126953125,10000,0.0,0.0
2002-02-08 00:00:00+09:00,92.386962890625,94.13011313384435,90.64381264740567,92.386962890625,16000,0.0,0.0
2002-02-11 00:00:00+09:00,92.386962890625,92.386962890625,92.386962890625,92.386962890625,0,0.0,0.0
2002-02-12 00:00:00+09:00,92.38697555541992,92.38697555541992,87.15752410888672,87.15752410888672,6000,0.0,0.0
2002-02-13 00:00:00+09:00,87.15752088106596,90.6438217163086,87.15752088106596,90.6438217163086,56000,0.0,0.0
2002-02-14 00:00:00+09:00,90.6438217163086,90.6438217163086,90.6438217163086,90.6438217163086,0,0.0,0.0
2002-02-15 00:00:00+09:00,90.6438217163086,90.6438217163086,90.6438217163086,90.6438217163086,0,0.0,0.0
2002-02-18 00:00:00+09:00,88.90067661081562,91.3410873413086,88.90067661081562,91.3410873413086,6000,0.0,0.0
2002-02-19 00:00:00+09:00,91.3410873413086,91.3410873413086,91.3410873413086,91.3410873413086,0,0.0,0.0
2002-02-20 00:00:00+09:00,94.130126953125,94.130126953125,92.38697645399306,94.130126953125,100000,0.0,0.0
2002-02-21 00:00:00+09:00,97.61642795138889,97.61642795138889,93.08423665364583,94.130126953125,16000,0.0,0.0
2002-02-22 00:00:00+09:00,94.130126953125,94.130126953125,94.130126953125,94.130126953125,0,0.0,0.0
2002-02-25 00:00:00+09:00,94.130126953125,94.130126953125,94.130126953125,94.130126953125,0,0.0,0.0
2002-02-26 00:00:00+09:00,93.43286895751953,93.43286895751953,93.43286895751953,93.43286895751953,4000,0.0,0.0
2002-02-27 00:00:00+09:00,93.43286895751953,93.43286895751953,93.43286895751953,93.43286895751953,2000,0.0,0.0
2002-02-28 00:00:00+09:00,93.43286675347221,94.130126953125,93.43286675347221,94.130126953125,14000,0.0,0.0
2002-03-01 00:00:00+09:00,94.130126953125,94.130126953125,94.130126953125,94.130126953125,0,0.0,0.0
2002-03-04 00:00:00+09:00,94.130126953125,94.130126953125,94.130126953125,94.130126953125,2000,0.0,0.0
2002-03-05 00:00:00+09:00,92.73560333251953,94.13012368338448,92.73560333251953,92.73560333251953,4000,0.0,0.0
2002-03-06 00:00:00+09:00,94.130126953125,94.130126953125,94.130126953125,94.130126953125,4000,0.0,0.0
2002-03-07 00:00:00+09:00,94.130126953125,94.130126953125,94.130126953125,94.130126953125,4000,0.0,0.0
2002-03-08 00:00:00+09:00,94.130126953125,94.130126953125,94.130126953125,94.130126953125,0,0.0,0.0
2002-03-11 00:00:00+09:00,94.130126953125,94.130126953125,94.130126953125,94.130126953125,8000,0.0,0.0
2002-03-12 00:00:00+09:00,94.130126953125,94.130126953125,94.130126953125,94.130126953125,4000,0.0,0.0
2002-03-13 00:00:00+09:00,94.130126953125,94.130126953125,94.130126953125,94.130126953125,0,0.0,0.0
2002-03-14 00:00:00+09:00,94.130126953125,94.130126953125,94.130126953125,94.130126953125,0,0.0,0.0
2002-03-15 00:00:00+09:00,94.13011991060696,95.17601013183594,94.13011991060696,95.17601013183594,4000,0.0,0.0
2002-03-18 00:00:00+09:00,95.17601013183594,95.17601013183594,95.17601013183594,95.17601013183594,0,0.0,0.0
2002-03-19 00:00:00+09:00,101.10274505615234,101.10274505615234,101.10274505615234,101.10274505615234,2000,0.0,0.0
2002-03-20 00:00:00+09:00,104.58902740478516,104.58902740478516,102.84587694803874,104.58902740478516,10000,0.0,0.0
2002-03-21 00:00:00+09:00,104.58902740478516,104.58902740478516,104.58902740478516,104.58902740478516,0,0.0,0.0
2002-03-22 00:00:00+09:00,104.58902740478516,104.58902740478516,104.58902740478516,104.58902740478516,0,0.0,0.0
2002-03-25 00:00:00+09:00,106.3321804470486,109.8184814453125,106.3321804470486,109.8184814453125,6000,0.0,0.0
2002-03-26 00:00:00+09:00,115.9799221665112,121.4164810180664,115.9799221665112,121.4164810180664,12000,6.0,0.0
2002-03-27 00:00:00+09:00,121.4164678512081,121.4164678512081,112.35553741455077,112.35553741455078,6000,0.0,0.0
2002-03-28 00:00:00+09:00,112.35553741455077,112.35553741455077,112.35553741455077,112.35553741455078,0,0.0,0.0
2002-03-29 00:00:00+09:00,110.5433568318685,110.5433568318685,105.10679829915365,108.73117065429688,18000,0.0,0.0
2002-04-01 00:00:00+09:00,108.73117065429689,108.73117065429689,108.73117065429689,108.73117065429688,0,0.0,0.0
2002-04-02 00:00:00+09:00,108.73117065429689,108.73117065429689,108.73117065429689,108.73117065429688,0,0.0,0.0
2002-04-03 00:00:00+09:00,108.73117065429689,108.73117065429689,108.73117065429689,108.73117065429688,0,0.0,0.0
2002-04-04 00:00:00+09:00,108.73117065429689,108.73117065429689,108.73117065429689,108.73117065429688,0,0.0,0.0
2002-04-05 00:00:00+09:00,105.1068115234375,105.1068115234375,105.1068115234375,105.1068115234375,4000,0.0,0.0
2002-04-08 00:00:00+09:00,105.1068115234375,105.1068115234375,105.1068115234375,105.1068115234375,0,0.0,0.0
2002-04-09 00:00:00+09:00,99.67023468017578,99.67023468017578,99.67023468017578,99.67023468017578,2000,0.0,0.0
2002-04-10 00:00:00+09:00,99.67023468017578,99.67023468017578,99.67023468017578,99.67023468017578,4000,0.0,0.0
2002-04-11 00:00:00+09:00,97.8580551147461,97.8580551147461,97.8580551147461,97.8580551147461,2000,0.0,0.0
2002-04-12 00:00:00+09:00,97.8580551147461,97.8580551147461,97.8580551147461,97.8580551147461,0,0.0,0.0
2002-04-15 00:00:00+09:00,97.8580551147461,97.8580551147461,97.8580551147461,97.8580551147461,0,0.0,0.0
2002-04-16 00:00:00+09:00,97.8580551147461,97.8580551147461,97.8580551147461,97.8580551147461,0,0.0,0.0
2002-04-17 00:00:00+09:00,97.8580551147461,97.8580551147461,97.8580551147461,97.8580551147461,0,0.0,0.0
2002-04-18 00:00:00+09:00,97.8580551147461,97.8580551147461,97.8580551147461,97.8580551147461,0,0.0,0.0
2002-04-19 00:00:00+09:00,96.77074339124891,97.8580551147461,96.77074339124891,97.8580551147461,12000,0.0,0.0
2002-04-22 00:00:00+09:00,97.8580551147461,97.8580551147461,97.8580551147461,97.8580551147461,6000,0.0,0.0
2002-04-23 00:00:00+09:00,96.4083023071289,96.4083023071289,96.4083023071289,96.4083023071289,4000,0.0,0.0
2002-04-24 00:00:00+09:00,96.4083023071289,96.4083023071289,96.4083023071289,96.4083023071289,0,0.0,0.0
2002-04-25 00:00:00+09:00,96.4083023071289,96.4083023071289,96.4083023071289,96.4083023071289,2000,0.0,0.0
2002-04-26 00:00:00+09:00,96.4083023071289,96.4083023071289,96.4083023071289,96.4083023071289,0,0.0,0.0
2002-04-29 00:00:00+09:00,96.4083023071289,96.4083023071289,96.4083023071289,96.4083023071289,0,0.0,0.0
2002-04-30 00:00:00+09:00,96.04585266113281,96.04585266113281,96.04585266113281,96.04585266113281,4000,0.0,0.0
2002-05-01 00:00:00+09:00,96.04585266113281,96.04585266113281,96.04585266113281,96.04585266113281,0,0.0,0.0
2002-05-02 00:00:00+09:00,96.04585266113281,96.04585266113281,96.04585266113281,96.04585266113281,0,0.0,0.0
2002-05-03 00:00:00+09:00,96.04585266113281,96.04585266113281,96.04585266113281,96.04585266113281,0,0.0,0.0
2002-05-06 00:00:00+09:00,96.04585266113281,96.04585266113281,96.04585266113281,96.04585266113281,0,0.0,0.0
2002-05-07 00:00:00+09:00,96.04585266113281,96.04585266113281,96.04585266113281,96.04585266113281,0,0.0,0.0
2002-05-08 00:00:00+09:00,97.8580551147461,97.8580551147461,97.8580551147461,97.8580551147461,98000,0.0,0.0
2002-05-09 00:00:00+09:00,99.30779746315696,99.67023468017578,98.94536024613814,99.67023468017578,20000,0.0,0.0
2002-05-10 00:00:00+09:00,99.30779746315696,100.0326718971946,99.30779746315696,99.67023468017578,74000,0.0,0.0
2002-05-13 00:00:00+09:00,101.48240661621094,101.48240661621094,101.48240661621094,101.48240661621094,4000,0.0,0.0
2002-05-14 00:00:00+09:00,99.67023468017578,99.67023468017578,99.67023468017578,99.67023468017578,2000,0.0,0.0
2002-05-15 00:00:00+09:00,99.67023468017578,99.67023468017578,99.67023468017578,99.67023468017578,32000,0.0,0.0
2002-05-16 00:00:00+09:00,97.85804859508168,99.67023468017578,97.85804859508168,99.67023468017578,6000,0.0,0.0
2002-05-17 00:00:00+09:00,99.67023468017578,99.67023468017578,99.67023468017578,99.67023468017578,0,0.0,0.0
2002-05-20 00:00:00+09:00,99.67023468017578,99.67023468017578,99.67023468017578,99.67023468017578,0,0.0,0.0
2002-05-21 00:00:00+09:00,101.48240661621094,101.48240661621094,99.67022078377859,101.48240661621094,32000,0.0,0.0
2002-05-22 00:00:00+09:00,101.48240661621094,101.48240661621094,101.48240661621094,101.48240661621094,0,0.0,0.0
2002-05-23 00:00:00+09:00,99.67023682176021,103.29460906982422,99.67023682176021,103.29460906982422,6000,0.0,0.0
2002-05-24 00:00:00+09:00,103.29460906982422,103.29460906982422,103.29460906982422,103.29460906982422,2000,0.0,0.0
2002-05-27 00:00:00+09:00,106.91898345947267,106.91898345947267,103.29461113881257,106.91898345947266,8000,0.0,0.0
2002-05-28 00:00:00+09:00,105.10678124427795,119.60426831245422,105.10678124427795,115.97989654541016,34000,0.0,0.0
2002-05-29 00:00:00+09:00,112.35552477836609,115.97989654541016,112.35552477836609,115.97989654541016,4000,0.0,0.0
2002-05-30 00:00:00+09:00,115.97989654541016,115.97989654541016,112.35552477836609,115.97989654541016,4000,0.0,0.0
2002-05-31 00:00:00+09:00,112.35552724202475,119.6042709350586,112.35552724202475,119.6042709350586,36000,0.0,0.0
2002-06-03 00:00:00+09:00,119.6042709350586,119.6042709350586,119.6042709350586,119.6042709350586,0,0.0,0.0
2002-06-04 00:00:00+09:00,119.6042709350586,123.22864278157553,119.6042709350586,119.6042709350586,8000,0.0,0.0
2002-06-05 00:00:00+09:00,123.22866730191815,123.22866730191815,121.4164810180664,121.4164810180664,6000,0.0,0.0
2002-06-06 00:00:00+09:00,123.22866821289062,126.8530408073874,123.22866821289062,123.22866821289062,26000,0.0,0.0
2002-06-07 00:00:00+09:00,123.22866821289062,123.22866821289062,123.22866821289062,123.22866821289062,8000,0.0,0.0
2002-06-10 00:00:00+09:00,123.22866821289062,123.22866821289062,123.22866821289062,123.22866821289062,2000,0.0,0.0
2002-06-11 00:00:00+09:00,123.22863902216373,125.04082489013672,123.22863902216373,125.04082489013672,12000,0.0,0.0
2002-06-12 00:00:00+09:00,125.04082489013672,125.04082489013672,125.04082489013672,125.04082489013672,0,0.0,0.0
2002-06-13 00:00:00+09:00,123.22866730191815,123.22866730191815,121.4164810180664,121.4164810180664,4000,0.0,0.0
2002-06-14 00:00:00+09:00,121.4164810180664,121.4164810180664,121.4164810180664,121.4164810180664,0,0.0,0.0
2002-06-17 00:00:00+09:00,121.4164810180664,121.4164810180664,121.4164810180664,121.4164810180664,0,0.0,0.0
2002-06-18 00:00:00+09:00,119.60430450439452,126.8530502319336,119.60430450439452,126.8530502319336,6000,0.0,0.0
2002-06-19 00:00:00+09:00,126.8530502319336,126.8530502319336,126.8530502319336,126.8530502319336,0,0.0,0.0
2002-06-20 00:00:00+09:00,119.60429561839383,123.22866821289062,119.60429561839383,123.22866821289062,6000,0.0,0.0
2002-06-21 00:00:00+09:00,123.22866821289062,123.22866821289062,123.22866821289062,123.22866821289062,0,0.0,0.0
2002-06-24 00:00:00+09:00,123.22866821289062,123.22866821289062,123.22866821289062,123.22866821289062,0,0.0,0.0
2002-06-25 00:00:00+09:00,123.22866821289062,123.22866821289062,123.22866821289062,123.22866821289062,0,0.0,0.0
2002-06-26 00:00:00+09:00,123.22866821289062,123.22866821289062,123.22866821289062,123.22866821289062,0,0.0,0.0
2002-06-27 00:00:00+09:00,119.6042709350586,123.22864278157553,119.6042709350586,119.6042709350586,12000,0.0,0.0
2002-06-28 00:00:00+09:00,123.22866821289062,123.22866821289062,119.60429561839383,123.22866821289062,4000,0.0,0.0
2002-07-01 00:00:00+09:00,123.22866821289062,123.22866821289062,123.22866821289062,123.22866821289062,0,0.0,0.0
2002-07-02 00:00:00+09:00,126.8530459017367,144.9749096019848,123.22867316168708,134.10179138183594,28000,0.0,0.0
2002-07-03 00:00:00+09:00,130.47742309570313,130.47742309570313,126.8530502319336,126.8530502319336,8000,0.0,0.0
2002-07-04 00:00:00+09:00,132.28960952758788,134.10179595947264,126.8530502319336,126.8530502319336,26000,0.0,0.0
2002-07-05 00:00:00+09:00,128.6652322717615,134.10179138183594,128.6652322717615,134.10179138183594,6000,0.0,0.0
2002-07-08 00:00:00+09:00,130.47740173339844,130.47740173339844,130.47740173339844,130.47740173339844,10000,0.0,0.0
2002-07-09 00:00:00+09:00,130.4773956298828,144.97488403320312,130.4773956298828,144.97488403320312,14000,0.0,0.0
2002-07-10 00:00:00+09:00,143.16269322445518,144.97487921463815,132.28957728335732,137.72613525390625,30000,0.0,0.0
2002-07-11 00:00:00+09:00,137.72613525390625,137.72613525390625,137.72613525390625,137.72613525390625,0,0.0,0.0
2002-07-12 00:00:00+09:00,141.35051193237305,144.97488403320312,141.35051193237305,144.97488403320312,8000,0.0,0.0
2002-07-15 00:00:00+09:00,144.97489733573718,144.97489733573718,139.53833868564703,141.35052490234375,12000,0.0,0.0
2002-07-16 00:00:00+09:00,137.72615246895032,141.35052490234375,137.72615246895032,141.35052490234375,8000,0.0,0.0
2002-07-17 00:00:00+09:00,135.91397775186076,135.91397775186076,130.47741864178633,134.10179138183594,28000,0.0,0.0
2002-07-18 00:00:00+09:00,134.10179138183594,134.10179138183594,134.10179138183594,134.10179138183594,2000,0.0,0.0
2002-07-19 00:00:00+09:00,137.72613525390625,137.72613525390625,137.72613525390625,137.72613525390625,10000,0.0,0.0
2002-07-22 00:00:00+09:00,134.1017632735403,137.72613525390625,134.1017632735403,137.72613525390625,24000,0.0,0.0
2002-07-23 00:00:00+09:00,137.72613525390625,137.72613525390625,137.72613525390625,137.72613525390625,8000,0.0,0.0
2002-07-24 00:00:00+09:00,139.53831481933594,139.53831481933594,139.53831481933594,139.53831481933594,6000,0.0,0.0
2002-07-25 00:00:00+09:00,137.72613525390625,137.72613525390625,137.72613525390625,137.72613525390625,10000,0.0,0.0
2002-07-26 00:00:00+09:00,137.72612891259132,139.53831481933594,137.72612891259132,139.53831481933594,20000,0.0,0.0
2002-07-29 00:00:00+09:00,137.72613525390625,137.72613525390625,137.72613525390625,137.72613525390625,10000,0.0,0.0
2002-07-30 00:00:00+09:00,135.91394926372328,137.72613525390625,135.91394926372328,137.72613525390625,10000,0.0,0.0
2002-07-31 00:00:00+09:00,135.91394926372328,137.72613525390625,132.28957728335732,137.72613525390625,8000,0.0,0.0
2002-08-01 00:00:00+09:00,137.72613525390625,137.72613525390625,137.72613525390625,137.72613525390625,0,0.0,0.0
2002-08-02 00:00:00+09:00,137.72613525390625,137.72613525390625,137.72613525390625,137.72613525390625,0,0.0,0.0
2002-08-05 00:00:00+09:00,137.72613525390625,137.72613525390625,137.72613525390625,137.72613525390625,0,0.0,0.0
2002-08-06 00:00:00+09:00,130.47740173339844,134.1017740037706,123.22865719265407,130.47740173339844,22000,0.0,0.0
2002-08-07 00:00:00+09:00,134.10179138183594,134.10179138183594,130.47741864178633,134.10179138183594,4000,0.0,0.0
2002-08-08 00:00:00+09:00,134.10179138183594,134.10179138183594,134.10179138183594,134.10179138183594,0,0.0,0.0
2002-08-09 00:00:00+09:00,134.10175709910206,139.53831481933594,134.10175709910206,139.53831481933594,14000,0.0,0.0
2002-08-12 00:00:00+09:00,139.53831481933594,139.53831481933594,139.53831481933594,139.53831481933594,0,0.0,0.0
2002-08-13 00:00:00+09:00,139.53831481933594,139.53831481933594,139.53831481933594,139.53831481933594,0,0.0,0.0
2002-08-14 00:00:00+09:00,139.53831481933594,139.53831481933594,139.53831481933594,139.53831481933594,0,0.0,0.0
2002-08-15 00:00:00+09:00,139.53831481933594,139.53831481933594,139.53831481933594,139.53831481933594,0,0.0,0.0
2002-08-16 00:00:00+09:00,139.53831481933594,139.53831481933594,139.53831481933594,139.53831481933594,0,0.0,0.0
2002-08-19 00:00:00+09:00,139.53831481933594,139.53831481933594,139.53831481933594,139.53831481933594,0,0.0,0.0
2002-08-20 00:00:00+09:00,143.1626979827881,146.78707008361818,141.35051193237305,144.97488403320312,42000,0.0,0.0
2002-08-21 00:00:00+09:00,141.35051193237305,144.97488403320312,139.538325881958,144.97488403320312,16000,0.0,0.0
2002-08-22 00:00:00+09:00,144.97488403320312,144.97488403320312,144.97488403320312,144.97488403320312,0,0.0,0.0
2002-08-23 00:00:00+09:00,144.97488403320312,144.97488403320312,144.97488403320312,144.97488403320312,0,0.0,0.0
2002-08-26 00:00:00+09:00,144.97488403320312,144.97488403320312,144.97488403320312,144.97488403320312,0,0.0,0.0
2002-08-27 00:00:00+09:00,148.59926706337066,150.4114532470703,148.59926706337066,150.4114532470703,24000,0.0,0.0
2002-08-28 00:00:00+09:00,150.4114532470703,150.4114532470703,150.4114532470703,150.4114532470703,2000,0.0,0.0
2002-08-29 00:00:00+09:00,150.4114532470703,150.4114532470703,150.4114532470703,150.4114532470703,16000,0.0,0.0
2002-08-30 00:00:00+09:00,146.787080879671,150.4114532470703,146.787080879671,150.4114532470703,24000,0.0,0.0
2002-09-02 00:00:00+09:00,146.78707885742188,146.78707885742188,146.78707885742188,146.78707885742188,8000,0.0,0.0
2002-09-03 00:00:00+09:00,146.78707885742188,146.78707885742188,146.78707885742188,146.78707885742188,0,0.0,0.0
2002-09-04 00:00:00+09:00,146.78707885742188,146.78707885742188,146.78707885742188,146.78707885742188,0,0.0,0.0
2002-09-05 00:00:00+09:00,141.35050326963014,143.16268920898438,141.35050326963014,143.16268920898438,8000,0.0,0.0
2002-09-06 00:00:00+09:00,143.16268920898438,143.16268920898438,143.16268920898438,143.16268920898438,0,0.0,0.0
2002-09-09 00:00:00+09:00,141.35050326963014,143.16268920898438,141.35050326963014,143.16268920898438,8000,0.0,0.0
2002-09-10 00:00:00+09:00,143.16268920898438,143.16268920898438,143.16268920898438,143.16268920898438,4000,0.0,0.0
2002-09-11 00:00:00+09:00,143.16268920898438,143.16268920898438,143.16268920898438,143.16268920898438,0,0.0,0.0
2002-09-12 00:00:00+09:00,139.538325881958,144.97488403320312,139.538325881958,144.97488403320312,8000,0.0,0.0
2002-09-13 00:00:00+09:00,141.35052490234375,141.35052490234375,141.35052490234375,141.35052490234375,6000,0.0,0.0
2002-09-16 00:00:00+09:00,141.35052490234375,141.35052490234375,141.35052490234375,141.35052490234375,0,0.0,0.0
2002-09-17 00:00:00+09:00,141.35052490234375,141.35052490234375,141.35052490234375,141.35052490234375,4000,0.0,0.0
2002-09-18 00:00:00+09:00,141.35052490234375,141.35052490234375,141.35052490234375,141.35052490234375,0,0.0,0.0
2002-09-19 00:00:00+09:00,137.72615246895032,146.7870835524339,137.72615246895032,141.35052490234375,8000,0.0,0.0
2002-09-20 00:00:00+09:00,143.16268920898438,143.16268920898438,137.72613139092167,143.16268920898438,4000,0.0,0.0
2002-09-23 00:00:00+09:00,143.16268920898438,143.16268920898438,143.16268920898438,143.16268920898438,0,0.0,0.0
2002-09-24 00:00:00+09:00,137.72615246895032,141.35052490234375,137.72615246895032,141.35052490234375,4000,0.0,0.0
2002-09-25 00:00:00+09:00,141.35052490234375,141.35052490234375,141.35052490234375,141.35052490234375,0,0.0,0.0
2002-09-26 00:00:00+09:00,141.35052490234375,141.35052490234375,141.35052490234375,141.35052490234375,0,0.0,0.0
2002-09-27 00:00:00+09:00,141.35052490234375,141.35052490234375,141.35052490234375,141.35052490234375,0,0.0,0.0
2002-09-30 00:00:00+09:00,141.35052490234375,141.35052490234375,141.35052490234375,141.35052490234375,0,0.0,0.0
2002-10-01 00:00:00+09:00,141.35052490234375,141.35052490234375,137.72615246895032,141.35052490234375,10000,0.0,0.0
2002-10-02 00:00:00+09:00,141.35052490234375,141.35052490234375,141.35052490234375,141.35052490234375,0,0.0,0.0
2002-10-03 00:00:00+09:00,137.72612891259132,139.53831481933594,137.72612891259132,139.53831481933594,20000,0.0,0.0
2002-10-04 00:00:00+09:00,137.72613525390625,137.72613525390625,137.72613525390625,137.72613525390625,8000,0.0,0.0
2002-10-07 00:00:00+09:00,137.72613525390625,137.72613525390625,134.1017632735403,137.72613525390625,6000,0.0,0.0
2002-10-08 00:00:00+09:00,137.72613525390625,137.72613525390625,137.72613525390625,137.72613525390625,0,0.0,0.0
2002-10-09 00:00:00+09:00,130.47738361358643,130.47738361358643,101.48240947723389,115.97989654541016,34000,0.0,0.0
2002-10-10 00:00:00+09:00,115.97989654541016,115.97989654541016,115.97989654541016,115.97989654541016,0,0.0,0.0
2002-10-11 00:00:00+09:00,115.97989654541016,115.97989654541016,115.97989654541016,115.97989654541016,0,0.0,0.0
2002-10-14 00:00:00+09:00,115.97989654541016,115.97989654541016,115.97989654541016,115.97989654541016,0,0.0,0.0
2002-10-15 00:00:00+09:00,130.47740173339844,130.47740173339844,130.47740173339844,130.47740173339844,2000,0.0,0.0
2002-10-16 00:00:00+09:00,130.47741340188418,130.47741340188418,123.22866821289062,123.22866821289062,8000,0.0,0.0
2002-10-17 00:00:00+09:00,126.8530502319336,126.8530502319336,126.8530502319336,126.8530502319336,2000,0.0,0.0
2002-10-18 00:00:00+09:00,126.8530502319336,126.8530502319336,126.8530502319336,126.8530502319336,0,0.0,0.0
2002-10-21 00:00:00+09:00,126.8530502319336,126.8530502319336,126.8530502319336,126.8530502319336,0,0.0,0.0
2002-10-22 00:00:00+09:00,119.6042709350586,119.6042709350586,119.6042709350586,119.6042709350586,2000,0.0,0.0
2002-10-23 00:00:00+09:00,130.47741030340325,132.2895965576172,130.47741030340325,132.2895965576172,6000,0.0,0.0
2002-10-24 00:00:00+09:00,132.2895965576172,132.2895965576172,132.2895965576172,132.2895965576172,0,0.0,0.0
2002-10-25 00:00:00+09:00,126.8530459017367,134.10179138183594,126.8530459017367,134.10179138183594,10000,0.0,0.0
2002-10-28 00:00:00+09:00,132.2895965576172,132.2895965576172,132.2895965576172,132.2895965576172,2000,0.0,0.0
2002-10-29 00:00:00+09:00,132.2895965576172,132.2895965576172,132.2895965576172,132.2895965576172,0,0.0,0.0
2002-10-30 00:00:00+09:00,126.85303516877003,141.35052490234375,126.85303516877003,141.35052490234375,4000,0.0,0.0
2002-10-31 00:00:00+09:00,144.97488403320312,146.78707008361818,137.72613983154298,144.97488403320312,22000,0.0,0.0
2002-11-01 00:00:00+09:00,144.97488403320312,144.97488403320312,144.97488403320312,144.97488403320312,0,0.0,0.0
2002-11-04 00:00:00+09:00,144.97488403320312,144.97488403320312,144.97488403320312,144.97488403320312,0,0.0,0.0
2002-11-05 00:00:00+09:00,141.35052490234375,141.35052490234375,141.35052490234375,141.35052490234375,6000,0.0,0.0
2002-11-06 00:00:00+09:00,141.35052490234375,141.35052490234375,141.35052490234375,141.35052490234375,0,0.0,0.0
2002-11-07 00:00:00+09:00,134.1017632735403,137.72613525390625,134.1017632735403,137.72613525390625,4000,0.0,0.0
2002-11-08 00:00:00+09:00,137.72613525390625,137.72613525390625,137.72613525390625,137.72613525390625,0,0.0,0.0
2002-11-11 00:00:00+09:00,126.8530502319336,128.66523666381835,126.8530502319336,126.8530502319336,4000,0.0,0.0
2002-11-12 00:00:00+09:00,134.10179138183594,134.10179138183594,134.10179138183594,134.10179138183594,2000,0.0,0.0
2002-11-13 00:00:00+09:00,134.10179138183594,134.10179138183594,134.10179138183594,134.10179138183594,0,0.0,0.0
2002-11-14 00:00:00+09:00,134.10179138183594,134.10179138183594,134.10179138183594,134.10179138183594,0,0.0,0.0
2002-11-15 00:00:00+09:00,126.8530459017367,134.10179138183594,126.8530459017367,134.10179138183594,4000,0.0,0.0
2002-11-18 00:00:00+09:00,134.10179138183594,134.10179138183594,134.10179138183594,134.10179138183594,0,0.0,0.0
2002-11-19 00:00:00+09:00,134.10179138183594,134.10179138183594,134.10179138183594,134.10179138183594,0,0.0,0.0
2002-11-20 00:00:00+09:00,119.6042709350586,119.6042709350586,119.6042709350586,119.6042709350586,2000,0.0,0.0
2002-11-21 00:00:00+09:00,126.8530502319336,126.8530502319336,126.8530502319336,126.8530502319336,2000,0.0,0.0
2002-11-22 00:00:00+09:00,126.8530502319336,126.8530502319336,126.8530502319336,126.8530502319336,0,0.0,0.0
2002-11-25 00:00:00+09:00,126.8530502319336,126.8530502319336,126.8530502319336,126.8530502319336,0,0.0,0.0
2002-11-26 00:00:00+09:00,132.2895965576172,132.2895965576172,132.2895965576172,132.2895965576172,8000,0.0,0.0
2002-11-27 00:00:00+09:00,132.2895965576172,132.2895965576172,132.2895965576172,132.2895965576172,0,0.0,0.0
2002-11-28 00:00:00+09:00,137.72613525390625,137.72613525390625,137.72613525390625,137.72613525390625,2000,0.0,0.0
2002-11-29 00:00:00+09:00,137.72613525390625,137.72613525390625,137.72613525390625,137.72613525390625,0,0.0,0.0
2002-12-02 00:00:00+09:00,137.72613525390625,137.72613525390625,137.72613525390625,137.72613525390625,0,0.0,0.0
2002-12-03 00:00:00+09:00,126.8530502319336,126.8530502319336,126.8530502319336,126.8530502319336,4000,0.0,0.0
2002-12-04 00:00:00+09:00,126.8530502319336,126.8530502319336,126.8530502319336,126.8530502319336,0,0.0,0.0
2002-12-05 00:00:00+09:00,126.8530502319336,126.8530502319336,126.8530502319336,126.8530502319336,0,0.0,0.0
2002-12-06 00:00:00+09:00,126.8530502319336,126.8530502319336,126.8530502319336,126.8530502319336,0,0.0,0.0
2002-12-09 00:00:00+09:00,126.8530502319336,126.8530502319336,126.8530502319336,126.8530502319336,6000,0.0,0.0
2002-12-10 00:00:00+09:00,126.8530502319336,126.8530502319336,123.22867736816406,126.8530502319336,8000,0.0,0.0
2002-12-11 00:00:00+09:00,126.85301075810972,126.85301075810972,125.04082489013672,125.04082489013672,16000,0.0,0.0
2002-12-12 00:00:00+09:00,123.22866821289062,123.22866821289062,123.22866821289062,123.22866821289062,8000,0.0,0.0
2002-12-13 00:00:00+09:00,123.22866821289062,123.22866821289062,123.22866821289062,123.22866821289062,0,0.0,0.0
2002-12-16 00:00:00+09:00,126.8530502319336,126.8530502319336,126.8530502319336,126.8530502319336,2000,0.0,0.0
2002-12-17 00:00:00+09:00,121.41648191564224,126.8530408073874,119.60429561839383,123.22866821289062,14000,0.0,0.0
2002-12-18 00:00:00+09:00,121.41645685831706,121.41645685831706,115.97989908854167,119.6042709350586,18000,0.0,0.0
2002-12-19 00:00:00+09:00,119.60430450439452,126.8530502319336,119.60430450439452,126.8530502319336,12000,0.0,0.0
2002-12-20 00:00:00+09:00,126.8530502319336,126.8530502319336,126.8530502319336,126.8530502319336,0,0.0,0.0
2002-12-23 00:00:00+09:00,126.8530502319336,126.8530502319336,126.8530502319336,126.8530502319336,0,0.0,0.0
2002-12-24 00:00:00+09:00,126.8530502319336,126.8530502319336,126.8530502319336,126.8530502319336,0,0.0,0.0
2002-12-25 00:00:00+09:00,114.167724609375,114.167724609375,114.167724609375,114.167724609375,4000,0.0,0.0
2002-12-26 00:00:00+09:00,108.73117065429689,108.73117065429689,108.73117065429689,108.73117065429688,2000,0.0,0.0
2002-12-27 00:00:00+09:00,108.73117065429689,108.73117065429689,108.73117065429689,108.73117065429688,0,0.0,0.0
2002-12-30 00:00:00+09:00,108.73117065429689,108.73117065429689,108.73117065429689,108.73117065429688,0,0.0,0.0
2002-12-31 00:00:00+09:00,108.73117065429689,108.73117065429689,108.73117065429689,108.73117065429688,0,0.0,0.0
2003-01-01 00:00:00+09:00,108.73117065429689,108.73117065429689,108.73117065429689,108.73117065429688,0,0.0,0.0
2003-01-02 00:00:00+09:00,108.73117065429689,108.73117065429689,108.73117065429689,108.73117065429688,0,0.0,0.0
2003-01-03 00:00:00+09:00,108.73117065429689,108.73117065429689,108.73117065429689,108.73117065429688,0,0.0,0.0
2003-01-06 00:00:00+09:00,108.73117065429689,108.73117065429689,108.73117065429689,108.73117065429688,0,0.0,0.0
2003-01-07 00:00:00+09:00,108.73117065429689,108.73117065429689,108.73117065429689,108.73117065429688,0,0.0,0.0
2003-01-08 00:00:00+09:00,119.6042709350586,119.6042709350586,119.6042709350586,119.6042709350586,10000,0.0,0.0
2003-01-09 00:00:00+09:00,112.35552724202475,119.6042709350586,112.35552724202475,119.6042709350586,10000,0.0,0.0
2003-01-10 00:00:00+09:00,119.6042709350586,119.6042709350586,119.6042709350586,119.6042709350586,0,0.0,0.0
2003-01-13 00:00:00+09:00,119.6042709350586,119.6042709350586,119.6042709350586,119.6042709350586,0,0.0,0.0
2003-01-14 00:00:00+09:00,123.22866821289062,123.22866821289062,123.22866821289062,123.22866821289062,2000,0.0,0.0
2003-01-15 00:00:00+09:00,119.60429561839383,123.22866821289062,119.60429561839383,123.22866821289062,6000,0.0,0.0
2003-01-16 00:00:00+09:00,128.66520530299138,137.72613525390625,128.66520530299138,137.72613525390625,10000,0.0,0.0
2003-01-17 00:00:00+09:00,137.72613525390625,137.72613525390625,137.72613525390625,137.72613525390625,0,0.0,0.0
2003-01-20 00:00:00+09:00,137.72613525390625,137.72613525390625,137.72613525390625,137.72613525390625,0,0.0,0.0
2003-01-21 00:00:00+09:00,137.72613525390625,137.72613525390625,137.72613525390625,137.72613525390625,0,0.0,0.0
2003-01-22 00:00:00+09:00,137.72613525390625,137.72613525390625,137.72613525390625,137.72613525390625,0,0.0,0.0
2003-01-23 00:00:00+09:00,137.72613525390625,137.72613525390625,137.72613525390625,137.72613525390625,0,0.0,0.0
2003-01-24 00:00:00+09:00,137.72613525390625,137.72613525390625,137.72613525390625,137.72613525390625,0,0.0,0.0
2003-01-27 00:00:00+09:00,137.72613525390625,137.72613525390625,137.72613525390625,137.72613525390625,6000,0.0,0.0
2003-01-28 00:00:00+09:00,141.35052490234375,141.35052490234375,141.35052490234375,141.35052490234375,2000,0.0,0.0
2003-01-29 00:00:00+09:00,141.35052490234375,141.35052490234375,141.35052490234375,141.35052490234375,0,0.0,0.0
2003-01-30 00:00:00+09:00,144.97488403320312,144.97488403320312,144.97488403320312,144.97488403320312,6000,0.0,0.0
2003-01-31 00:00:00+09:00,146.78707008361818,146.78707008361818,144.97488403320312,144.97488403320312,10000,0.0,0.0
2003-02-03 00:00:00+09:00,144.97488403320312,144.97488403320312,144.97488403320312,144.97488403320312,4000,0.0,0.0
2003-02-04 00:00:00+09:00,144.97488403320312,144.97488403320312,144.97488403320312,144.97488403320312,6000,0.0,0.0
2003-02-05 00:00:00+09:00,146.78707008361818,146.78707008361818,144.97488403320312,144.97488403320312,6000,0.0,0.0
2003-02-06 00:00:00+09:00,144.97488403320312,144.97488403320312,144.97488403320312,144.97488403320312,2000,0.0,0.0
2003-02-07 00:00:00+09:00,144.97488403320312,144.97488403320312,144.97488403320312,144.97488403320312,0,0.0,0.0
2003-02-10 00:00:00+09:00,144.97488403320312,144.97488403320312,144.97488403320312,144.97488403320312,0,0.0,0.0
2003-02-11 00:00:00+09:00,144.97488403320312,144.97488403320312,144.97488403320312,144.97488403320312,0,0.0,0.0
2003-02-12 00:00:00+09:00,144.97488403320312,144.97488403320312,144.97488403320312,144.97488403320312,4000,0.0,0.0
2003-02-13 00:00:00+09:00,144.97488403320312,144.97488403320312,144.97488403320312,144.97488403320312,0,0.0,0.0
2003-02-14 00:00:00+09:00,144.97488403320312,144.97488403320312,144.97488403320312,144.97488403320312,0,0.0,0.0
2003-02-17 00:00:00+09:00,144.97488403320312,144.97488403320312,144.97488403320312,144.97488403320312,0,0.0,0.0
2003-02-18 00:00:00+09:00,144.97488403320312,144.97488403320312,144.97488403320312,144.97488403320312,0,0.0,0.0
2003-02-19 00:00:00+09:00,148.5992335829624,155.8479766845703,148.5992335829624,155.8479766845703,6000,0.0,0.0
2003-02-20 00:00:00+09:00,144.97488403320312,144.97488403320312,144.97488403320312,144.97488403320312,2000,0.0,0.0
2003-02-21 00:00:00+09:00,154.03581891741072,154.03581891741072,152.2236328125,152.2236328125,4000,0.0,0.0
2003-02-24 00:00:00+09:00,152.2236328125,152.2236328125,152.2236328125,152.2236328125,0,0.0,0.0
2003-02-25 00:00:00+09:00,144.97488839285714,155.84800502232144,144.97488839285714,152.2236328125,10000,0.0,0.0
2003-02-26 00:00:00+09:00,155.8479766845703,155.8479766845703,155.8479766845703,155.8479766845703,2000,0.0,0.0
2003-02-27 00:00:00+09:00,155.84800502232144,155.84800502232144,152.2236328125,152.2236328125,4000,0.0,0.0
2003-02-28 00:00:00+09:00,152.2236328125,152.2236328125,152.2236328125,152.2236328125,0,0.0,0.0
2003-03-03 00:00:00+09:00,144.97486203215843,155.8479766845703,144.97486203215843,155.8479766845703,8000,0.0,0.0
2003-03-04 00:00:00+09:00,144.97486203215843,155.8479766845703,144.97486203215843,155.8479766845703,4000,0.0,0.0
2003-03-05 00:00:00+09:00,155.8479766845703,155.8479766845703,155.8479766845703,155.8479766845703,0,0.0,0.0
2003-03-06 00:00:00+09:00,155.84800502232144,155.84800502232144,152.2236328125,152.2236328125,6000,0.0,0.0
2003-03-07 00:00:00+09:00,152.2236328125,152.2236328125,152.2236328125,152.2236328125,0,0.0,0.0
2003-03-10 00:00:00+09:00,152.2236328125,152.2236328125,152.2236328125,152.2236328125,0,0.0,0.0
2003-03-11 00:00:00+09:00,152.2236328125,152.2236328125,152.2236328125,152.2236328125,0,0.0,0.0
2003-03-12 00:00:00+09:00,152.2236328125,152.2236328125,152.2236328125,152.2236328125,0,0.0,0.0
2003-03-13 00:00:00+09:00,152.2236328125,152.2236328125,152.2236328125,152.2236328125,0,0.0,0.0
2003-03-14 00:00:00+09:00,152.2236328125,152.2236328125,152.2236328125,152.2236328125,0,0.0,0.0
2003-03-17 00:00:00+09:00,152.2236328125,152.2236328125,152.2236328125,152.2236328125,0,0.0,0.0
2003-03-18 00:00:00+09:00,152.2236328125,152.2236328125,152.2236328125,152.2236328125,0,0.0,0.0
2003-03-19 00:00:00+09:00,152.2236328125,152.2236328125,152.2236328125,152.2236328125,0,0.0,0.0
2003-03-20 00:00:00+09:00,154.0358428955078,154.0358428955078,154.0358428955078,154.0358428955078,4000,0.0,0.0
2003-03-21 00:00:00+09:00,154.0358428955078,154.0358428955078,154.0358428955078,154.0358428955078,0,0.0,0.0
2003-03-24 00:00:00+09:00,154.0358428955078,154.0358428955078,154.0358428955078,154.0358428955078,0,0.0,0.0
2003-03-25 00:00:00+09:00,146.7870478075604,155.8479766845703,144.97486203215843,155.8479766845703,12000,0.0,0.0
2003-03-26 00:00:00+09:00,160.32211303710938,160.32211303710938,160.32211303710938,160.32211303710938,0,6.0,0.0
2003-03-27 00:00:00+09:00,160.32211303710938,160.32211303710938,160.32211303710938,160.32211303710938,0,0.0,0.0
2003-03-28 00:00:00+09:00,160.32211303710938,160.32211303710938,160.32211303710938,160.32211303710938,2000,0.0,0.0
2003-03-31 00:00:00+09:00,160.32211303710938,160.32211303710938,160.32211303710938,160.32211303710938,0,0.0,0.0
2003-04-01 00:00:00+09:00,160.32211303710938,160.32211303710938,160.32211303710938,160.32211303710938,0,0.0,0.0
2003-04-02 00:00:00+09:00,160.32211303710938,160.32211303710938,160.32211303710938,160.32211303710938,0,0.0,0.0
2003-04-03 00:00:00+09:00,160.32211303710938,160.32211303710938,160.32211303710938,160.32211303710938,0,0.0,0.0
2003-04-04 00:00:00+09:00,160.32211303710938,160.32211303710938,160.32211303710938,160.32211303710938,0,0.0,0.0
2003-04-07 00:00:00+09:00,160.32211303710938,160.32211303710938,160.32211303710938,160.32211303710938,0,0.0,0.0
2003-04-08 00:00:00+09:00,160.32211303710938,160.32211303710938,160.32211303710938,160.32211303710938,0,0.0,0.0
2003-04-09 00:00:00+09:00,160.32211303710938,160.32211303710938,160.32211303710938,160.32211303710938,0,0.0,0.0
2003-04-10 00:00:00+09:00,158.4579024203988,160.32211303710938,158.4579024203988,160.32211303710938,4000,0.0,0.0
2003-04-11 00:00:00+09:00,158.4579024203988,160.32211303710938,158.4579024203988,160.32211303710938,6000,0.0,0.0
2003-04-14 00:00:00+09:00,160.32211303710938,160.32211303710938,160.32211303710938,160.32211303710938,6000,0.0,0.0
2003-04-15 00:00:00+09:00,160.32211303710938,160.32211303710938,160.32211303710938,160.32211303710938,0,0.0,0.0
2003-04-16 00:00:00+09:00,160.32211303710938,160.32211303710938,160.32211303710938,160.32211303710938,0,0.0,0.0
2003-04-17 00:00:00+09:00,160.32211303710938,160.32211303710938,160.32211303710938,160.32211303710938,0,0.0,0.0
2003-04-18 00:00:00+09:00,160.32211303710938,160.32211303710938,160.32211303710938,160.32211303710938,0,0.0,0.0
2003-04-21 00:00:00+09:00,160.32211303710938,160.32211303710938,160.32211303710938,160.32211303710938,0,0.0,0.0
2003-04-22 00:00:00+09:00,160.32211303710938,160.32211303710938,160.32211303710938,160.32211303710938,0,0.0,0.0
2003-04-23 00:00:00+09:00,160.32211303710938,160.32211303710938,160.32211303710938,160.32211303710938,0,0.0,0.0
2003-04-24 00:00:00+09:00,160.32211303710938,160.32211303710938,158.4579024203988,160.32211303710938,4000,0.0,0.0
2003-04-25 00:00:00+09:00,160.32211303710938,160.32211303710938,160.32211303710938,160.32211303710938,0,0.0,0.0
2003-04-28 00:00:00+09:00,160.32211160098805,160.32211160098805,152.8652692009421,158.45790100097656,16000,0.0,0.0
2003-04-29 00:00:00+09:00,158.45790100097656,158.45790100097656,158.45790100097656,158.45790100097656,0,0.0,0.0
2003-04-30 00:00:00+09:00,158.45790100097656,158.45790100097656,158.45790100097656,158.45790100097656,0,0.0,0.0
2003-05-01 00:00:00+09:00,158.45790100097656,158.45790100097656,158.45790100097656,158.45790100097656,0,0.0,0.0
2003-05-02 00:00:00+09:00,158.45790100097656,158.45790100097656,158.45790100097656,158.45790100097656,0,0.0,0.0
2003-05-05 00:00:00+09:00,158.45790100097656,158.45790100097656,158.45790100097656,158.45790100097656,0,0.0,0.0
2003-05-06 00:00:00+09:00,158.45790100097656,158.45790100097656,158.45790100097656,158.45790100097656,0,0.0,0.0
2003-05-07 00:00:00+09:00,158.45790100097656,158.45790100097656,158.45790100097656,158.45790100097656,0,0.0,0.0
2003-05-08 00:00:00+09:00,158.45790100097656,158.45790100097656,158.45790100097656,158.45790100097656,0,0.0,0.0
2003-05-09 00:00:00+09:00,158.45790100097656,158.45790100097656,158.45790100097656,158.45790100097656,0,0.0,0.0
2003-05-12 00:00:00+09:00,158.45790100097656,158.45790100097656,158.45790100097656,158.45790100097656,0,0.0,0.0
2003-05-13 00:00:00+09:00,158.45790100097656,158.45790100097656,158.45790100097656,158.45790100097656,0,0.0,0.0
2003-05-14 00:00:00+09:00,158.45790100097656,158.45790100097656,158.45790100097656,158.45790100097656,0,0.0,0.0
2003-05-15 00:00:00+09:00,158.45790100097656,158.45790100097656,158.45790100097656,158.45790100097656,0,0.0,0.0
2003-05-16 00:00:00+09:00,164.05050659179688,164.05050659179688,164.05050659179688,164.05050659179688,4000,0.0,0.0
2003-05-19 00:00:00+09:00,164.05050659179688,164.05050659179688,164.05050659179688,164.05050659179688,0,0.0,0.0
2003-05-20 00:00:00+09:00,165.9147491455078,165.9147491455078,165.9147491455078,165.9147491455078,16000,0.0,0.0
2003-05-21 00:00:00+09:00,165.9147491455078,165.9147491455078,165.9147491455078,165.9147491455078,2000,0.0,0.0
2003-05-22 00:00:00+09:00,165.9147491455078,165.9147491455078,165.9147491455078,165.9147491455078,0,0.0,0.0
2003-05-23 00:00:00+09:00,167.77896118164062,167.77896118164062,167.77896118164062,167.77896118164062,6000,0.0,0.0
2003-05-26 00:00:00+09:00,167.77896118164062,167.77896118164062,167.77896118164062,167.77896118164062,0,0.0,0.0
2003-05-27 00:00:00+09:00,167.77896118164062,167.77896118164062,167.77896118164062,167.77896118164062,0,0.0,0.0
2003-05-28 00:00:00+09:00,167.77896118164062,167.77896118164062,167.77896118164062,167.77896118164062,2000,0.0,0.0
2003-05-29 00:00:00+09:00,167.77896118164062,167.77896118164062,167.77896118164062,167.77896118164062,0,0.0,0.0
2003-05-30 00:00:00+09:00,167.77896118164062,167.77896118164062,167.77896118164062,167.77896118164062,0,0.0,0.0
2003-06-02 00:00:00+09:00,167.77896118164062,167.77896118164062,167.77896118164062,167.77896118164062,0,0.0,0.0
2003-06-03 00:00:00+09:00,164.05050659179688,165.9147168939764,164.05050659179688,164.05050659179688,12000,0.0,0.0
2003-06-04 00:00:00+09:00,163.677664531361,164.05050659179688,163.677664531361,164.05050659179688,14000,0.0,0.0
2003-06-05 00:00:00+09:00,164.05050659179688,164.05050659179688,164.05050659179688,164.05050659179688,4000,0.0,0.0
2003-06-06 00:00:00+09:00,164.05050659179688,164.05050659179688,164.05050659179688,164.05050659179688,0,0.0,0.0
2003-06-09 00:00:00+09:00,162.1862962896174,164.05050659179688,162.1862962896174,164.05050659179688,6000,0.0,0.0
2003-06-10 00:00:00+09:00,164.05050659179688,164.05050659179688,164.05050659179688,164.05050659179688,0,0.0,0.0
2003-06-11 00:00:00+09:00,164.05050659179688,164.05050659179688,164.05050659179688,164.05050659179688,0,0.0,0.0
2003-06-12 00:00:00+09:00,164.05050659179688,164.05050659179688,164.05050659179688,164.05050659179688,0,0.0,0.0
2003-06-13 00:00:00+09:00,164.05050659179688,164.05050659179688,164.05050659179688,164.05050659179688,0,0.0,0.0
2003-06-16 00:00:00+09:00,164.05050659179688,164.05050659179688,164.05050659179688,164.05050659179688,0,0.0,0.0
2003-06-17 00:00:00+09:00,164.05050659179688,164.05050659179688,164.05050659179688,164.05050659179688,0,0.0,0.0
2003-06-18 00:00:00+09:00,164.05050659179688,164.05050659179688,164.05050659179688,164.05050659179688,0,0.0,0.0
2003-06-19 00:00:00+09:00,164.05050659179688,164.05050659179688,164.05050659179688,164.05050659179688,0,0.0,0.0
2003-06-20 00:00:00+09:00,164.05050659179688,164.05050659179688,164.05050659179688,164.05050659179688,0,0.0,0.0
2003-06-23 00:00:00+09:00,164.05050659179688,164.05050659179688,164.05050659179688,164.05050659179688,0,0.0,0.0
2003-06-24 00:00:00+09:00,164.05050659179688,165.9147168939764,164.05050659179688,164.05050659179688,12000,0.0,0.0
2003-06-25 00:00:00+09:00,164.05050659179688,164.05050659179688,164.05050659179688,164.05050659179688,2000,0.0,0.0
2003-06-26 00:00:00+09:00,164.05050659179688,164.05050659179688,164.05050659179688,164.05050659179688,0,0.0,0.0
2003-06-27 00:00:00+09:00,164.05050659179688,164.05050659179688,164.05050659179688,164.05050659179688,0,0.0,0.0
2003-06-30 00:00:00+09:00,165.9147491455078,165.9147491455078,165.9147491455078,165.9147491455078,2000,0.0,0.0
2003-07-01 00:00:00+09:00,164.05053848095153,165.9147491455078,164.05053848095153,165.9147491455078,4000,0.0,0.0
2003-07-02 00:00:00+09:00,164.05050659179688,164.05050659179688,164.05050659179688,164.05050659179688,2000,0.0,0.0
2003-07-03 00:00:00+09:00,164.05050659179688,164.05050659179688,164.05050659179688,164.05050659179688,2000,0.0,0.0
2003-07-04 00:00:00+09:00,164.05050659179688,164.05050659179688,164.05050659179688,164.05050659179688,0,0.0,0.0
2003-07-07 00:00:00+09:00,164.05050659179688,164.05050659179688,164.05050659179688,164.05050659179688,0,0.0,0.0
2003-07-08 00:00:00+09:00,164.05050659179688,164.05050659179688,164.05050659179688,164.05050659179688,0,0.0,0.0
2003-07-09 00:00:00+09:00,169.64317186143663,169.64317186143663,167.77896118164062,167.77896118164062,4000,0.0,0.0
2003-07-10 00:00:00+09:00,167.77896118164062,167.77896118164062,167.77896118164062,167.77896118164062,4000,0.0,0.0
2003-07-11 00:00:00+09:00,165.9147491455078,165.9147491455078,165.9147491455078,165.9147491455078,2000,0.0,0.0
2003-07-14 00:00:00+09:00,167.77896118164062,167.77896118164062,165.91475050184462,167.77896118164062,24000,0.0,0.0
2003-07-15 00:00:00+09:00,167.77896118164062,167.77896118164062,167.77896118164062,167.77896118164062,0,0.0,0.0
2003-07-16 00:00:00+09:00,165.91475050184462,167.77896118164062,165.91475050184462,167.77896118164062,8000,0.0,0.0
2003-07-17 00:00:00+09:00,167.77896118164062,167.77896118164062,167.77896118164062,167.77896118164062,0,0.0,0.0
2003-07-18 00:00:00+09:00,167.77896118164062,167.77896118164062,167.77896118164062,167.77896118164062,0,0.0,0.0
2003-07-21 00:00:00+09:00,167.77896118164062,167.77896118164062,167.77896118164062,167.77896118164062,0,0.0,0.0
2003-07-22 00:00:00+09:00,165.91475050184462,167.77896118164062,165.91475050184462,167.77896118164062,4000,0.0,0.0
2003-07-23 00:00:00+09:00,165.91475050184462,167.77896118164062,165.91475050184462,167.77896118164062,24000,0.0,0.0
2003-07-24 00:00:00+09:00,167.77896118164062,167.77896118164062,167.77896118164062,167.77896118164062,0,0.0,0.0
2003-07-25 00:00:00+09:00,167.77896118164062,167.77896118164062,167.77896118164062,167.77896118164062,0,0.0,0.0
2003-07-28 00:00:00+09:00,167.77896118164062,167.77896118164062,167.77896118164062,167.77896118164062,0,0.0,0.0
2003-07-29 00:00:00+09:00,167.77896118164062,167.77896118164062,167.77896118164062,167.77896118164062,0,0.0,0.0
2003-07-30 00:00:00+09:00,167.77896118164062,167.77896118164062,167.77896118164062,167.77896118164062,0,0.0,0.0
2003-07-31 00:00:00+09:00,167.77896118164062,167.77896118164062,167.77896118164062,167.77896118164062,0,0.0,0.0
2003-08-01 00:00:00+09:00,171.50733763307005,171.50733763307005,169.64312744140625,169.64312744140625,6000,0.0,0.0
2003-08-04 00:00:00+09:00,169.64312744140625,169.64312744140625,169.64312744140625,169.64312744140625,0,0.0,0.0
2003-08-05 00:00:00+09:00,169.64312744140625,169.64312744140625,169.64312744140625,169.64312744140625,0,0.0,0.0
2003-08-06 00:00:00+09:00,169.64312744140625,169.64312744140625,169.64312744140625,169.64312744140625,0,0.0,0.0
2003-08-07 00:00:00+09:00,167.77896118164062,167.77896118164062,167.77896118164062,167.77896118164062,8000,0.0,0.0
2003-08-08 00:00:00+09:00,167.77896118164062,167.77896118164062,167.77896118164062,167.77896118164062,0,0.0,0.0
2003-08-11 00:00:00+09:00,167.77896118164062,167.77896118164062,167.77896118164062,167.77896118164062,0,0.0,0.0
2003-08-12 00:00:00+09:00,165.91470705807862,169.64312744140625,165.91470705807862,169.64312744140625,10000,0.0,0.0
2003-08-13 00:00:00+09:00,169.64312744140625,169.64312744140625,169.64312744140625,169.64312744140625,0,0.0,0.0
2003-08-14 00:00:00+09:00,169.64312744140625,169.64312744140625,169.64312744140625,169.64312744140625,0,0.0,0.0
2003-08-15 00:00:00+09:00,169.64312744140625,169.64312744140625,169.64312744140625,169.64312744140625,0,0.0,0.0
2003-08-18 00:00:00+09:00,169.64312744140625,169.64312744140625,169.64312744140625,169.64312744140625,0,0.0,0.0
2003-08-19 00:00:00+09:00,167.77891724974245,169.64312744140625,167.77891724974245,169.64312744140625,6000,0.0,0.0
2003-08-20 00:00:00+09:00,167.77896118164062,167.77896118164062,167.77896118164062,167.77896118164062,2000,0.0,0.0
2003-08-21 00:00:00+09:00,168.1517592880752,171.50733763307005,168.1517592880752,169.64312744140625,14000,0.0,0.0
2003-08-22 00:00:00+09:00,169.64312744140625,169.64312744140625,169.64312744140625,169.64312744140625,0,0.0,0.0
2003-08-25 00:00:00+09:00,169.64312744140625,169.64312744140625,169.64312744140625,169.64312744140625,4000,0.0,0.0
2003-08-26 00:00:00+09:00,169.64312744140625,169.64312744140625,169.64312744140625,169.64312744140625,0,0.0,0.0
2003-08-27 00:00:00+09:00,169.64312744140625,169.64312744140625,169.64312744140625,169.64312744140625,0,0.0,0.0
2003-08-28 00:00:00+09:00,168.1518008139281,168.52464294433594,168.1518008139281,168.52464294433594,4000,0.0,0.0
2003-08-29 00:00:00+09:00,168.1518008139281,168.52464294433594,168.1518008139281,168.52464294433594,8000,0.0,0.0
2003-09-01 00:00:00+09:00,168.52464294433594,168.52464294433594,168.52464294433594,168.52464294433594,0,0.0,0.0
2003-09-02 00:00:00+09:00,168.52464294433594,168.52464294433594,168.52464294433594,168.52464294433594,0,0.0,0.0
2003-09-03 00:00:00+09:00,168.52464294433594,168.52464294433594,168.52464294433594,168.52464294433594,0,0.0,0.0
2003-09-04 00:00:00+09:00,168.52464294433594,168.52464294433594,168.52464294433594,168.52464294433594,0,0.0,0.0
2003-09-05 00:00:00+09:00,168.52464294433594,168.52464294433594,168.52464294433594,168.52464294433594,0,0.0,0.0
2003-09-08 00:00:00+09:00,168.52464294433594,168.52464294433594,168.52464294433594,168.52464294433594,0,0.0,0.0
2003-09-09 00:00:00+09:00,169.27032162314967,177.10000610351562,169.27032162314967,177.10000610351562,12000,0.0,0.0
2003-09-10 00:00:00+09:00,177.47285145494905,177.47285145494905,169.27032470703125,169.27032470703125,6000,0.0,0.0
2003-09-11 00:00:00+09:00,169.27032470703125,169.27032470703125,169.27032470703125,169.27032470703125,2000,0.0,0.0
2003-09-12 00:00:00+09:00,169.64312744140625,169.64312744140625,169.64312744140625,169.64312744140625,4000,0.0,0.0
2003-09-15 00:00:00+09:00,169.64312744140625,169.64312744140625,169.64312744140625,169.64312744140625,0,0.0,0.0
2003-09-16 00:00:00+09:00,169.64312744140625,169.64312744140625,169.64312744140625,169.64312744140625,0,0.0,0.0
2003-09-17 00:00:00+09:00,169.64312744140625,169.64312744140625,169.64312744140625,169.64312744140625,0,0.0,0.0
2003-09-18 00:00:00+09:00,175.23577880859375,175.23577880859375,175.23577880859375,175.23577880859375,2000,0.0,0.0
2003-09-19 00:00:00+09:00,176.72712889095936,178.9641811554019,175.98144480281186,178.59133911132812,14000,0.0,0.0
2003-09-22 00:00:00+09:00,175.23577880859375,175.23577880859375,175.23577880859375,175.23577880859375,2000,0.0,0.0
2003-09-23 00:00:00+09:00,175.23577880859375,175.23577880859375,175.23577880859375,175.23577880859375,0,0.0,0.0
2003-09-24 00:00:00+09:00,175.23577880859375,175.23577880859375,175.23577880859375,175.23577880859375,0,0.0,0.0
2003-09-25 00:00:00+09:00,175.23577880859375,175.23577880859375,175.23577880859375,175.23577880859375,0,0.0,0.0
2003-09-26 00:00:00+09:00,175.23577880859375,175.23577880859375,175.23577880859375,175.23577880859375,0,0.0,0.0
2003-09-29 00:00:00+09:00,175.23577880859375,175.23577880859375,175.23577880859375,175.23577880859375,0,0.0,0.0
2003-09-30 00:00:00+09:00,171.5073610941569,178.96420288085938,171.5073610941569,178.96420288085938,6000,0.0,0.0
2003-10-01 00:00:00+09:00,178.96420288085938,178.96420288085938,178.96420288085938,178.96420288085938,0,0.0,0.0
2003-10-02 00:00:00+09:00,178.96420288085938,178.96420288085938,178.96420288085938,178.96420288085938,0,0.0,0.0
2003-10-03 00:00:00+09:00,167.77893398119056,171.50735473632812,167.77893398119056,171.50735473632812,8000,0.0,0.0
2003-10-06 00:00:00+09:00,171.50735473632812,171.50735473632812,171.50735473632812,171.50735473632812,0,0.0,0.0
2003-10-07 00:00:00+09:00,171.50735473632812,171.50735473632812,171.50735473632812,171.50735473632812,0,0.0,0.0
2003-10-08 00:00:00+09:00,171.50735473632812,171.50735473632812,171.50735473632812,171.50735473632812,0,0.0,0.0
2003-10-09 00:00:00+09:00,171.50735473632812,171.50735473632812,171.50735473632812,171.50735473632812,0,0.0,0.0
2003-10-10 00:00:00+09:00,178.96419624660328,178.96419624660328,171.50735473632812,171.50735473632812,4000,0.0,0.0
2003-10-13 00:00:00+09:00,171.50735473632812,171.50735473632812,171.50735473632812,171.50735473632812,0,0.0,0.0
2003-10-14 00:00:00+09:00,171.50735473632812,171.50735473632812,171.50735473632812,171.50735473632812,0,0.0,0.0
2003-10-15 00:00:00+09:00,171.50735473632812,171.50735473632812,171.50735473632812,171.50735473632812,0,0.0,0.0
2003-10-16 00:00:00+09:00,184.5568391292467,203.19894409179688,184.5568391292467,203.19894409179688,14000,0.0,0.0
2003-10-17 00:00:00+09:00,203.19894409179688,203.19894409179688,203.19894409179688,203.19894409179688,0,0.0,0.0
2003-10-20 00:00:00+09:00,203.19894409179688,203.19894409179688,203.19894409179688,203.19894409179688,0,0.0,0.0
2003-10-21 00:00:00+09:00,203.19894409179688,203.19894409179688,203.19894409179688,203.19894409179688,0,0.0,0.0
2003-10-22 00:00:00+09:00,203.19894409179688,203.19894409179688,203.19894409179688,203.19894409179688,0,0.0,0.0
2003-10-23 00:00:00+09:00,188.2852783203125,188.2852783203125,188.2852783203125,188.2852783203125,4000,0.0,0.0
2003-10-24 00:00:00+09:00,182.69264221191406,182.69264221191406,182.69264221191406,182.69264221191406,2000,0.0,0.0
2003-10-27 00:00:00+09:00,182.69264221191406,182.69264221191406,182.69264221191406,182.69264221191406,0,0.0,0.0
2003-10-28 00:00:00+09:00,182.69264221191406,182.69264221191406,182.69264221191406,182.69264221191406,0,0.0,0.0
2003-10-29 00:00:00+09:00,182.69264221191406,182.69264221191406,182.69264221191406,182.69264221191406,0,0.0,0.0
2003-10-30 00:00:00+09:00,187.53959268188476,187.53959268188476,186.4210662841797,186.4210662841797,16000,0.0,0.0
2003-10-31 00:00:00+09:00,186.4210662841797,186.4210662841797,186.4210662841797,186.4210662841797,0,0.0,0.0
2003-11-03 00:00:00+09:00,186.4210662841797,186.4210662841797,186.4210662841797,186.4210662841797,0,0.0,0.0
2003-11-04 00:00:00+09:00,186.4210662841797,186.4210662841797,186.4210662841797,186.4210662841797,2000,0.0,0.0
2003-11-05 00:00:00+09:00,186.4210662841797,186.4210662841797,186.4210662841797,186.4210662841797,0,0.0,0.0
2003-11-06 00:00:00+09:00,184.5568556213379,186.4210662841797,184.5568556213379,186.4210662841797,4000,0.0,0.0
2003-11-07 00:00:00+09:00,186.4210662841797,186.4210662841797,186.4210662841797,186.4210662841797,0,0.0,0.0
2003-11-10 00:00:00+09:00,189.77664184570312,189.77664184570312,189.77664184570312,189.77664184570312,4000,0.0,0.0
2003-11-11 00:00:00+09:00,189.77664184570312,189.77664184570312,189.77664184570312,189.77664184570312,0,0.0,0.0
2003-11-12 00:00:00+09:00,189.77664184570312,189.77664184570312,189.77664184570312,189.77664184570312,0,0.0,0.0
2003-11-13 00:00:00+09:00,189.77664184570312,189.77664184570312,189.77664184570312,189.77664184570312,0,0.0,0.0
2003-11-14 00:00:00+09:00,189.77664184570312,189.77664184570312,189.77664184570312,189.77664184570312,0,0.0,0.0
2003-11-17 00:00:00+09:00,189.77664184570312,189.77664184570312,189.77664184570312,189.77664184570312,0,0.0,0.0
2003-11-18 00:00:00+09:00,189.77664184570312,189.77664184570312,189.77664184570312,189.77664184570312,0,0.0,0.0
2003-11-19 00:00:00+09:00,186.4210662841797,186.4210662841797,186.4210662841797,186.4210662841797,2000,0.0,0.0
2003-11-20 00:00:00+09:00,186.4210662841797,186.4210662841797,186.4210662841797,186.4210662841797,0,0.0,0.0
2003-11-21 00:00:00+09:00,186.4210662841797,186.4210662841797,186.4210662841797,186.4210662841797,0,0.0,0.0
2003-11-24 00:00:00+09:00,186.4210662841797,186.4210662841797,186.4210662841797,186.4210662841797,0,0.0,0.0
2003-11-25 00:00:00+09:00,186.4210662841797,186.4210662841797,186.4210662841797,186.4210662841797,0,0.0,0.0
2003-11-26 00:00:00+09:00,186.4210662841797,186.4210662841797,186.4210662841797,186.4210662841797,0,0.0,0.0
2003-11-27 00:00:00+09:00,192.013671875,192.013671875,192.013671875,192.013671875,2000,0.0,0.0
2003-11-28 00:00:00+09:00,192.013671875,192.013671875,192.013671875,192.013671875,0,0.0,0.0
2003-12-01 00:00:00+09:00,195.74209594726562,195.74209594726562,195.74209594726562,195.74209594726562,2000,0.0,0.0
2003-12-02 00:00:00+09:00,195.74209594726562,195.74209594726562,195.74209594726562,195.74209594726562,0,0.0,0.0
2003-12-03 00:00:00+09:00,195.74209594726562,195.74209594726562,195.74209594726562,195.74209594726562,0,0.0,0.0
2003-12-04 00:00:00+09:00,195.74209594726562,195.74209594726562,195.74209594726562,195.74209594726562,0,0.0,0.0
2003-12-05 00:00:00+09:00,195.74209594726562,195.74209594726562,195.74209594726562,195.74209594726562,0,0.0,0.0
2003-12-08 00:00:00+09:00,195.74209594726562,195.74209594726562,195.74209594726562,195.74209594726562,0,0.0,0.0
2003-12-09 00:00:00+09:00,178.96420288085938,178.96420288085938,178.96420288085938,178.96420288085938,2000,0.0,0.0
2003-12-10 00:00:00+09:00,178.96420288085938,178.96420288085938,178.96420288085938,178.96420288085938,0,0.0,0.0
2003-12-11 00:00:00+09:00,178.96420288085938,178.96420288085938,178.96420288085938,178.96420288085938,0,0.0,0.0
2003-12-12 00:00:00+09:00,186.42105012250371,189.03094482421875,186.42105012250371,189.03094482421875,4000,0.0,0.0
2003-12-15 00:00:00+09:00,189.03094482421875,189.03094482421875,189.03094482421875,189.03094482421875,0,0.0,0.0
2003-12-16 00:00:00+09:00,182.69264221191406,182.69264221191406,182.69264221191406,182.69264221191406,4000,0.0,0.0
2003-12-17 00:00:00+09:00,182.69264221191406,182.69264221191406,182.69264221191406,182.69264221191406,0,0.0,0.0
2003-12-18 00:00:00+09:00,182.69264221191406,182.69264221191406,182.69264221191406,182.69264221191406,0,0.0,0.0
2003-12-19 00:00:00+09:00,182.69264221191406,182.69264221191406,182.69264221191406,182.69264221191406,0,0.0,0.0
2003-12-22 00:00:00+09:00,178.96422094228316,182.69264221191406,178.96422094228316,182.69264221191406,8000,0.0,0.0
2003-12-23 00:00:00+09:00,182.69264221191406,182.69264221191406,182.69264221191406,182.69264221191406,0,0.0,0.0
2003-12-24 00:00:00+09:00,182.69263482862905,182.69263482862905,173.37158203125,173.37158203125,10000,0.0,0.0
2003-12-25 00:00:00+09:00,175.23577880859375,175.23577880859375,175.23577880859375,175.23577880859375,8000,0.0,0.0
2003-12-26 00:00:00+09:00,175.23577880859375,175.23577880859375,175.23577880859375,175.23577880859375,2000,0.0,0.0
2003-12-29 00:00:00+09:00,175.23577880859375,175.23577880859375,175.23577880859375,175.23577880859375,0,0.0,0.0
2003-12-30 00:00:00+09:00,175.23577880859375,175.23577880859375,175.23577880859375,175.23577880859375,0,0.0,0.0
2003-12-31 00:00:00+09:00,175.23577880859375,175.23577880859375,175.23577880859375,175.23577880859375,0,0.0,0.0
2004-01-01 00:00:00+09:00,175.23577880859375,175.23577880859375,175.23577880859375,175.23577880859375,0,0.0,0.0
2004-01-02 00:00:00+09:00,175.23577880859375,175.23577880859375,175.23577880859375,175.23577880859375,0,0.0,0.0
2004-01-05 00:00:00+09:00,175.23577880859375,175.23577880859375,175.23577880859375,175.23577880859375,0,0.0,0.0
2004-01-06 00:00:00+09:00,175.23577880859375,175.23577880859375,175.23577880859375,175.23577880859375,0,0.0,0.0
2004-01-07 00:00:00+09:00,175.23577880859375,175.23577880859375,175.23577880859375,175.23577880859375,0,0.0,0.0
2004-01-08 00:00:00+09:00,175.23577880859375,175.23577880859375,175.23577880859375,175.23577880859375,0,0.0,0.0
2004-01-09 00:00:00+09:00,186.4210662841797,186.4210662841797,186.4210662841797,186.4210662841797,2000,0.0,0.0
2004-01-12 00:00:00+09:00,186.4210662841797,186.4210662841797,186.4210662841797,186.4210662841797,0,0.0,0.0
2004-01-13 00:00:00+09:00,186.4210662841797,186.4210662841797,186.4210662841797,186.4210662841797,2000,0.0,0.0
2004-01-14 00:00:00+09:00,190.14948760986326,190.14948760986326,186.4210662841797,186.4210662841797,8000,0.0,0.0
2004-01-15 00:00:00+09:00,186.4210662841797,186.4210662841797,186.4210662841797,186.4210662841797,0,0.0,0.0
2004-01-16 00:00:00+09:00,193.87789916992188,193.87789916992188,186.42105689415564,193.87789916992188,6000,0.0,0.0
2004-01-19 00:00:00+09:00,197.606320307805,197.606320307805,193.87789916992188,193.87789916992188,4000,0.0,0.0
2004-01-20 00:00:00+09:00,193.87789916992188,193.87789916992188,193.87789916992188,193.87789916992188,0,0.0,0.0
2004-01-21 00:00:00+09:00,193.87789916992188,193.87789916992188,193.87789916992188,193.87789916992188,0,0.0,0.0
2004-01-22 00:00:00+09:00,196.48778012230284,196.48778012230284,195.74209594726562,195.74209594726562,4000,0.0,0.0
2004-01-23 00:00:00+09:00,193.87789032509596,194.250732421875,193.87789032509596,194.250732421875,4000,0.0,0.0
2004-01-26 00:00:00+09:00,186.4210839365043,190.14950561523438,186.4210839365043,190.14950561523438,8000,0.0,0.0
2004-01-27 00:00:00+09:00,190.14950561523438,190.14950561523438,190.14950561523438,190.14950561523438,0,0.0,0.0
2004-01-28 00:00:00+09:00,190.14950561523438,190.14950561523438,190.14950561523438,190.14950561523438,0,0.0,0.0
2004-01-29 00:00:00+09:00,190.14950561523438,190.14950561523438,190.14950561523438,190.14950561523438,0,0.0,0.0
2004-01-30 00:00:00+09:00,190.14950561523438,190.14950561523438,190.14950561523438,190.14950561523438,0,0.0,0.0
2004-02-02 00:00:00+09:00,190.14950561523438,190.14950561523438,190.14950561523438,190.14950561523438,0,0.0,0.0
2004-02-03 00:00:00+09:00,190.1494614684466,192.013671875,188.28525106189318,192.013671875,20000,0.0,0.0
2004-02-04 00:00:00+09:00,192.013671875,192.013671875,192.013671875,192.013671875,0,0.0,0.0
2004-02-05 00:00:00+09:00,192.013671875,192.013671875,192.013671875,192.013671875,0,0.0,0.0
2004-02-06 00:00:00+09:00,192.013671875,192.013671875,192.013671875,192.013671875,0,0.0,0.0
2004-02-09 00:00:00+09:00,192.013671875,192.013671875,192.013671875,192.013671875,0,0.0,0.0
2004-02-10 00:00:00+09:00,192.013671875,192.013671875,192.013671875,192.013671875,0,0.0,0.0
2004-02-11 00:00:00+09:00,192.013671875,192.013671875,192.013671875,192.013671875,0,0.0,0.0
2004-02-12 00:00:00+09:00,192.013671875,192.013671875,192.013671875,192.013671875,0,0.0,0.0
2004-02-13 00:00:00+09:00,192.013671875,192.013671875,192.013671875,192.013671875,0,0.0,0.0
2004-02-16 00:00:00+09:00,192.013671875,192.013671875,192.013671875,192.013671875,0,0.0,0.0
2004-02-17 00:00:00+09:00,195.74212144588478,197.23348999023438,195.74212144588478,197.23348999023438,6000,0.0,0.0
2004-02-18 00:00:00+09:00,197.23348999023438,197.23348999023438,197.23348999023438,197.23348999023438,0,0.0,0.0
2004-02-19 00:00:00+09:00,197.23348999023438,197.23348999023438,197.23348999023438,197.23348999023438,2000,0.0,0.0
2004-02-20 00:00:00+09:00,196.86064785414698,197.23348999023438,196.86064785414698,197.23348999023438,16000,0.0,0.0
2004-02-23 00:00:00+09:00,197.23348999023438,197.23348999023438,197.23348999023438,197.23348999023438,0,0.0,0.0
2004-02-24 00:00:00+09:00,192.01369827270506,192.01369827270506,182.6926449584961,186.4210662841797,24000,0.0,0.0
2004-02-25 00:00:00+09:00,193.87789916992188,193.87789916992188,193.87789916992188,193.87789916992188,4000,0.0,0.0
2004-02-26 00:00:00+09:00,193.87789916992188,193.87789916992188,193.87789916992188,193.87789916992188,4000,0.0,0.0
2004-02-27 00:00:00+09:00,193.87789916992188,193.87789916992188,193.87789916992188,193.87789916992188,2000,0.0,0.0
2004-03-01 00:00:00+09:00,193.87789916992188,193.87789916992188,193.87789916992188,193.87789916992188,0,0.0,0.0
2004-03-02 00:00:00+09:00,193.8779016443201,193.8779016443201,193.13221740722656,193.13221740722656,4000,0.0,0.0
2004-03-03 00:00:00+09:00,193.13221740722656,193.13221740722656,193.13221740722656,193.13221740722656,0,0.0,0.0
2004-03-04 00:00:00+09:00,193.13221740722656,193.13221740722656,193.13221740722656,193.13221740722656,0,0.0,0.0
2004-03-05 00:00:00+09:00,197.60633850097656,197.60633850097656,193.87791701982607,197.60633850097656,12000,0.0,0.0
2004-03-08 00:00:00+09:00,201.33473205566406,205.06315301965782,197.60631109167028,201.33473205566406,20000,0.0,0.0
2004-03-09 00:00:00+09:00,201.33473205566406,201.33473205566406,201.33473205566406,201.33473205566406,0,0.0,0.0
2004-03-10 00:00:00+09:00,201.33473205566406,205.06315301965782,199.47052157366716,201.33473205566406,12000,0.0,0.0
2004-03-11 00:00:00+09:00,197.60631260303182,205.06315458805187,197.60631260303182,203.19894409179688,18000,0.0,0.0
2004-03-12 00:00:00+09:00,203.19894409179688,203.19894409179688,203.19894409179688,203.19894409179688,0,0.0,0.0
2004-03-15 00:00:00+09:00,205.06315458805187,205.06315458805187,201.33473359554185,203.19894409179688,12000,0.0,0.0
2004-03-16 00:00:00+09:00,205.4360288030451,205.4360288030451,201.33476507013495,205.0631866455078,16000,0.0,0.0
2004-03-17 00:00:00+09:00,205.0631866455078,205.0631866455078,205.0631866455078,205.0631866455078,0,0.0,0.0
2004-03-18 00:00:00+09:00,214.38420720461036,223.70525969176734,214.38420720461036,221.84104919433594,12000,0.0,0.0
2004-03-19 00:00:00+09:00,227.43371064784162,227.43371064784162,219.97686767578125,219.97686767578125,4000,0.0,0.0
2004-03-22 00:00:00+09:00,219.97686767578125,219.97686767578125,219.97686767578125,219.97686767578125,0,0.0,0.0
2004-03-23 00:00:00+09:00,216.24842834472656,216.24842834472656,216.24842834472656,216.24842834472656,4000,0.0,0.0
2004-03-24 00:00:00+09:00,216.24842834472656,216.24842834472656,216.24842834472656,216.24842834472656,0,0.0,0.0
2004-03-25 00:00:00+09:00,216.9941252055921,216.9941252055921,212.52001953125,212.52001953125,4000,0.0,0.0
2004-03-26 00:00:00+09:00,214.82164456551536,218.65774536132812,214.82164456551536,218.65774536132812,4000,8.0,0.0
2004-03-29 00:00:00+09:00,222.4938507080078,239.7563046422498,218.6577498337318,222.4938507080078,14000,0.0,0.0
2004-03-30 00:00:00+09:00,222.4938507080078,222.4938507080078,222.4938507080078,222.4938507080078,0,0.0,0.0
2004-03-31 00:00:00+09:00,224.4119011451458,224.4119011451458,222.4938507080078,222.4938507080078,4000,0.0,0.0
2004-04-01 00:00:00+09:00,222.4938507080078,222.4938507080078,222.4938507080078,222.4938507080078,0,0.0,0.0
2004-04-02 00:00:00+09:00,222.4938507080078,222.4938507080078,222.4938507080078,222.4938507080078,4000,0.0,0.0
2004-04-05 00:00:00+09:00,224.4119011451458,224.4119011451458,222.4938507080078,222.4938507080078,4000,0.0,0.0
2004-04-06 00:00:00+09:00,222.4938453609108,224.41189575195312,222.4938453609108,224.41189575195312,8000,0.0,0.0
2004-04-07 00:00:00+09:00,226.32997131347656,226.32997131347656,226.32997131347656,226.32997131347656,12000,0.0,0.0
2004-04-08 00:00:00+09:00,228.2480411529541,234.00219345092773,228.2480411529541,230.1660919189453,26000,0.0,0.0
2004-04-09 00:00:00+09:00,230.1660919189453,232.08414268493652,230.1660919189453,230.1660919189453,12000,0.0,0.0
2004-04-12 00:00:00+09:00,230.1660919189453,230.1660919189453,230.1660919189453,230.1660919189453,8000,0.0,0.0
2004-04-13 00:00:00+09:00,228.24800551233213,234.0021569118027,228.24800551233213,232.0841064453125,26000,0.0,0.0
2004-04-14 00:00:00+09:00,234.00216674804688,236.30382740458504,233.2349465292008,234.00216674804688,30000,0.0,0.0
2004-04-15 00:00:00+09:00,234.00214543418278,255.10069953070746,234.00214543418278,241.67434692382812,60000,0.0,0.0
2004-04-16 00:00:00+09:00,247.4285451405084,258.9368495656483,243.59244366546173,257.018798828125,60000,0.0,0.0
2004-04-19 00:00:00+09:00,257.0188044554798,272.3632106916279,257.0188044554798,270.4451599121094,96000,0.0,0.0
2004-04-20 00:00:00+09:00,268.5270659777583,268.5270659777583,263.1565246582031,263.1565246582031,32000,0.0,0.0
2004-04-21 00:00:00+09:00,260.8548640926795,263.1565246582031,259.7040338099177,263.1565246582031,10000,0.0,0.0
2004-04-22 00:00:00+09:00,263.156488126867,263.156488126867,260.8548278808594,260.8548278808594,6000,0.0,0.0
2004-04-23 00:00:00+09:00,264.69097900390625,264.69097900390625,264.69097900390625,264.69097900390625,4000,0.0,0.0
2004-04-26 00:00:00+09:00,264.6909526055368,264.6909526055368,264.3073425292969,264.3073425292969,8000,0.0,0.0
2004-04-27 00:00:00+09:00,264.3073425292969,264.3073425292969,264.3073425292969,264.3073425292969,2000,0.0,0.0
2004-04-28 00:00:00+09:00,257.01874366173377,257.01874366173377,247.4284920325646,249.34654235839844,8000,0.0,0.0
2004-04-29 00:00:00+09:00,249.34654235839844,249.34654235839844,249.34654235839844,249.34654235839844,0,0.0,0.0
2004-04-30 00:00:00+09:00,249.34654235839844,249.34654235839844,249.34654235839844,249.34654235839844,0,0.0,0.0
2004-05-03 00:00:00+09:00,249.34654235839844,249.34654235839844,249.34654235839844,249.34654235839844,0,0.0,0.0
2004-05-04 00:00:00+09:00,249.34654235839844,249.34654235839844,249.34654235839844,249.34654235839844,0,0.0,0.0
2004-05-05 00:00:00+09:00,249.34654235839844,249.34654235839844,249.34654235839844,249.34654235839844,0,0.0,0.0
2004-05-06 00:00:00+09:00,249.3465469822739,253.1826477050781,249.3465469822739,253.18264770507812,18000,0.0,0.0
2004-05-07 00:00:00+09:00,249.3465530872345,249.3465530872345,245.5104522705078,245.5104522705078,12000,0.0,0.0
2004-05-10 00:00:00+09:00,245.51046875,245.51046875,239.75631713867188,239.75631713867188,28000,0.0,0.0
2004-05-11 00:00:00+09:00,222.49386874112216,222.49386874112216,210.98556518554688,210.98556518554688,38000,0.0,0.0
2004-05-12 00:00:00+09:00,210.98555428641183,215.20526537214008,210.98555428641183,214.8216552734375,6000,0.0,0.0
2004-05-13 00:00:00+09:00,210.98555022594977,215.20526123046875,210.98555022594977,215.20526123046875,10000,0.0,0.0
2004-05-14 00:00:00+09:00,215.20526123046875,215.20526123046875,215.20526123046875,215.20526123046875,0,0.0,0.0
2004-05-17 00:00:00+09:00,210.98557979502576,211.36918994010762,176.4606667376579,180.29676818847656,24000,0.0,0.0
2004-05-18 00:00:00+09:00,180.29676818847656,180.29676818847656,180.29676818847656,180.29676818847656,8000,0.0,0.0
2004-05-19 00:00:00+09:00,195.64116316575272,199.47726440429688,195.64116316575272,199.47726440429688,6000,0.0,0.0
2004-05-20 00:00:00+09:00,180.29671743641728,191.8050185493801,172.6245166944421,176.4606170654297,56000,0.0,0.0
2004-05-21 00:00:00+09:00,172.62456528683927,180.29676818847656,172.62456528683927,180.29676818847656,12000,0.0,0.0
2004-05-24 00:00:00+09:00,180.29676818847656,180.29676818847656,180.29676818847656,180.29676818847656,0,0.0,0.0
2004-05-25 00:00:00+09:00,187.9689417286722,197.5591938576861,187.9689417286722,191.4214324951172,8000,0.0,0.0
2004-05-26 00:00:00+09:00,191.4214324951172,191.4214324951172,191.4214324951172,191.4214324951172,0,0.0,0.0
2004-05-27 00:00:00+09:00,191.4214324951172,191.4214324951172,191.4214324951172,191.4214324951172,0,0.0,0.0
2004-05-28 00:00:00+09:00,191.80506896972656,191.80506896972656,191.80506896972656,191.80506896972656,2000,0.0,0.0
2004-05-31 00:00:00+09:00,191.8050512413069,199.09364318847656,191.8050512413069,199.09364318847656,8000,0.0,0.0
2004-06-01 00:00:00+09:00,199.09364318847656,199.09364318847656,199.09364318847656,199.09364318847656,0,0.0,0.0
2004-06-02 00:00:00+09:00,199.09364318847656,199.09364318847656,199.09364318847656,199.09364318847656,0,0.0,0.0
2004-06-03 00:00:00+09:00,199.09364318847656,199.09364318847656,199.09364318847656,199.09364318847656,0,0.0,0.0
2004-06-04 00:00:00+09:00,192.95590895851058,193.72312927246094,192.95590895851058,193.72312927246094,8000,0.0,0.0
2004-06-07 00:00:00+09:00,191.8050343404987,192.1886444091797,191.8050343404987,192.1886444091797,8000,0.0,0.0
2004-06-08 00:00:00+09:00,192.57226531423038,192.57226531423038,187.96894423102168,188.35255432128906,16000,0.0,0.0
2004-06-09 00:00:00+09:00,188.35255432128906,188.35255432128906,188.35255432128906,188.35255432128906,0,0.0,0.0
2004-06-10 00:00:00+09:00,187.96896362304688,188.73618388273277,184.13286232461735,187.96896362304688,14000,0.0,0.0
2004-06-11 00:00:00+09:00,191.80506896972656,191.80506896972656,191.80506896972656,191.80506896972656,4000,0.0,0.0
2004-06-14 00:00:00+09:00,195.6411703491211,195.6411703491211,191.80506896972656,191.80506896972656,24000,0.0,0.0
2004-06-15 00:00:00+09:00,191.8050649214764,191.8050649214764,187.96896362304688,187.96896362304688,10000,0.0,0.0
2004-06-16 00:00:00+09:00,187.96896362304688,187.96896362304688,187.96896362304688,187.96896362304688,0,0.0,0.0
2004-06-17 00:00:00+09:00,185.66730843770134,186.05091857910156,185.66730843770134,186.05091857910156,4000,0.0,0.0
2004-06-18 00:00:00+09:00,186.05091857910156,186.05091857910156,186.05091857910156,186.05091857910156,4000,0.0,0.0
2004-06-21 00:00:00+09:00,184.51647634887695,191.80506896972656,184.51647634887695,191.80506896972656,28000,0.0,0.0
2004-06-22 00:00:00+09:00,191.80506896972656,191.80506896972656,191.80506896972656,191.80506896972656,0,0.0,0.0
2004-06-23 00:00:00+09:00,193.72311965942384,193.72311965942384,191.80506896972656,191.80506896972656,6000,0.0,0.0
2004-06-24 00:00:00+09:00,191.80506896972656,191.80506896972656,191.80506896972656,191.80506896972656,0,0.0,0.0
2004-06-25 00:00:00+09:00,191.80507848758506,193.72312927246094,191.80507848758506,193.72312927246094,4000,0.0,0.0
2004-06-28 00:00:00+09:00,191.80506896972656,193.72311965942384,186.05091690063477,191.80506896972656,30000,0.0,0.0
2004-06-29 00:00:00+09:00,193.3395095214844,193.3395095214844,191.80506896972656,191.80506896972656,4000,0.0,0.0
2004-06-30 00:00:00+09:00,191.80506896972656,191.80506896972656,191.80506896972656,191.80506896972656,0,0.0,0.0
2004-07-01 00:00:00+09:00,192.18867910766602,192.57228924560548,191.80506896972656,191.80506896972656,18000,0.0,0.0
2004-07-02 00:00:00+09:00,193.72311965942384,193.72311965942384,191.4214588317871,191.80506896972656,16000,0.0,0.0
2004-07-05 00:00:00+09:00,191.80506896972656,191.80506896972656,191.80506896972656,191.80506896972656,8000,0.0,0.0
2004-07-06 00:00:00+09:00,191.80506896972656,191.80506896972656,191.80506896972656,191.80506896972656,0,0.0,0.0
2004-07-07 00:00:00+09:00,187.96894423102168,188.35255432128906,187.96894423102168,188.35255432128906,4000,0.0,0.0
2004-07-08 00:00:00+09:00,191.80506896972656,191.80506896972656,191.80506896972656,191.80506896972656,8000,0.0,0.0
2004-07-09 00:00:00+09:00,191.80506896972656,191.80506896972656,191.80506896972656,191.80506896972656,0,0.0,0.0
2004-07-12 00:00:00+09:00,193.72311965942384,193.72311965942384,191.80506896972656,191.80506896972656,26000,0.0,0.0
2004-07-13 00:00:00+09:00,191.80503724113342,193.72308761354478,189.8869868687221,193.3394775390625,48000,0.0,0.0
2004-07-14 00:00:00+09:00,189.8870182800293,191.80506896972656,189.8870182800293,191.80506896972656,8000,0.0,0.0
2004-07-15 00:00:00+09:00,193.3394775390625,193.3394775390625,193.3394775390625,193.3394775390625,2000,0.0,0.0
2004-07-16 00:00:00+09:00,193.3394775390625,193.3394775390625,193.3394775390625,193.3394775390625,0,0.0,0.0
2004-07-19 00:00:00+09:00,193.3394775390625,193.3394775390625,193.3394775390625,193.3394775390625,0,0.0,0.0
2004-07-20 00:00:00+09:00,191.80506896972656,191.80506896972656,191.80506896972656,191.80506896972656,2000,0.0,0.0
2004-07-21 00:00:00+09:00,193.72312927246094,193.72312927246094,193.72312927246094,193.72312927246094,2000,0.0,0.0
2004-07-22 00:00:00+09:00,193.72312927246094,193.72312927246094,193.72312927246094,193.72312927246094,10000,0.0,0.0
2004-07-23 00:00:00+09:00,191.80507848758506,193.72312927246094,191.80507848758506,193.72312927246094,10000,0.0,0.0
2004-07-26 00:00:00+09:00,191.80506896972656,191.80506896972656,190.27062841796877,191.80506896972656,30000,0.0,0.0
2004-07-27 00:00:00+09:00,191.80504384666983,191.80504384666983,189.50338332050978,189.88699340820312,12000,0.0,0.0
2004-07-28 00:00:00+09:00,189.88699340820312,189.88699340820312,189.88699340820312,189.88699340820312,0,0.0,0.0
2004-07-29 00:00:00+09:00,191.80506896972656,192.18867910766602,191.80506896972656,191.80506896972656,12000,0.0,0.0
2004-07-30 00:00:00+09:00,192.1886526654383,192.1886526654383,191.4214324951172,191.4214324951172,8000,0.0,0.0
2004-08-02 00:00:00+09:00,191.4214324951172,191.4214324951172,191.4214324951172,191.4214324951172,6000,0.0,0.0
2004-08-03 00:00:00+09:00,191.4214324951172,191.4214324951172,191.4214324951172,191.4214324951172,0,0.0,0.0
2004-08-04 00:00:00+09:00,191.8050343404987,192.1886444091797,191.8050343404987,192.1886444091797,4000,0.0,0.0
2004-08-05 00:00:00+09:00,192.18867910766602,192.18867910766602,191.80506896972656,191.80506896972656,4000,0.0,0.0
2004-08-06 00:00:00+09:00,193.72312927246094,194.1067394294361,193.72312927246094,193.72312927246094,12000,0.0,0.0
2004-08-09 00:00:00+09:00,193.72312927246094,193.72312927246094,193.72312927246094,193.72312927246094,0,0.0,0.0
2004-08-10 00:00:00+09:00,193.72311965942384,193.72311965942384,191.80506896972656,191.80506896972656,12000,0.0,0.0
2004-08-11 00:00:00+09:00,193.72311260470707,195.64116322455564,193.72311260470707,195.25755310058594,28000,0.0,0.0
2004-08-12 00:00:00+09:00,193.72312927246094,193.72312927246094,193.72312927246094,193.72312927246094,2000,0.0,0.0
2004-08-13 00:00:00+09:00,193.72312927246094,193.72312927246094,193.72312927246094,193.72312927246094,0,0.0,0.0
2004-08-16 00:00:00+09:00,192.57228924560548,192.57228924560548,191.80506896972656,191.80506896972656,4000,0.0,0.0
2004-08-17 00:00:00+09:00,191.80506896972656,191.80506896972656,191.80506896972656,191.80506896972656,0,0.0,0.0
2004-08-18 00:00:00+09:00,191.03784869384768,191.80506896972656,191.03784869384768,191.80506896972656,6000,0.0,0.0
2004-08-19 00:00:00+09:00,195.64114379882812,195.64114379882812,195.25753371294806,195.64114379882812,20000,0.0,0.0
2004-08-20 00:00:00+09:00,195.64114379882812,195.64114379882812,195.64114379882812,195.64114379882812,0,0.0,0.0
2004-08-23 00:00:00+09:00,193.72312927246094,193.72312927246094,193.72312927246094,193.72312927246094,2000,0.0,0.0
2004-08-24 00:00:00+09:00,193.72312927246094,193.72312927246094,193.72312927246094,193.72312927246094,0,0.0,0.0
2004-08-25 00:00:00+09:00,193.72312927246094,194.1067394294361,193.33951911548576,193.72312927246094,20000,0.0,0.0
2004-08-26 00:00:00+09:00,194.4903106689453,194.4903106689453,194.4903106689453,194.4903106689453,2000,0.0,0.0
2004-08-27 00:00:00+09:00,193.72312927246094,193.72312927246094,193.72312927246094,193.72312927246094,2000,0.0,0.0
2004-08-30 00:00:00+09:00,193.72312927246094,193.72312927246094,193.72312927246094,193.72312927246094,0,0.0,0.0
2004-08-31 00:00:00+09:00,193.72312927246094,193.72312927246094,193.72312927246094,193.72312927246094,0,0.0,0.0
2004-09-01 00:00:00+09:00,193.72312927246094,193.72312927246094,193.72312927246094,193.72312927246094,0,0.0,0.0
2004-09-02 00:00:00+09:00,194.49032610080195,203.31335864580873,194.49032610080195,202.92974853515625,32000,0.0,0.0
2004-09-03 00:00:00+09:00,202.546142578125,202.9297526966442,202.546142578125,202.546142578125,8000,0.0,0.0
2004-09-06 00:00:00+09:00,202.9297526966442,202.9297526966442,202.546142578125,202.546142578125,4000,0.0,0.0
2004-09-07 00:00:00+09:00,201.3953094482422,201.3953094482422,201.3953094482422,201.3953094482422,2000,0.0,0.0
2004-09-08 00:00:00+09:00,199.47724465762866,199.47724465762866,195.64114379882812,195.64114379882812,8000,0.0,0.0
2004-09-09 00:00:00+09:00,197.55917358398438,197.55917358398438,197.55917358398438,197.55917358398438,2000,0.0,0.0
2004-09-10 00:00:00+09:00,197.55917358398438,197.55917358398438,197.55917358398438,197.55917358398438,2000,0.0,0.0
2004-09-13 00:00:00+09:00,199.4772616299716,202.546142578125,199.4772616299716,202.546142578125,22000,0.0,0.0
2004-09-14 00:00:00+09:00,199.4772616299716,202.546142578125,199.4772616299716,202.546142578125,6000,0.0,0.0
2004-09-15 00:00:00+09:00,202.546142578125,202.546142578125,202.546142578125,202.546142578125,0,0.0,0.0
2004-09-16 00:00:00+09:00,202.9297526966442,202.9297526966442,202.546142578125,202.546142578125,4000,0.0,0.0
2004-09-17 00:00:00+09:00,199.47726440429688,199.47726440429688,199.47726440429688,199.47726440429688,2000,0.0,0.0
2004-09-20 00:00:00+09:00,199.47726440429688,199.47726440429688,199.47726440429688,199.47726440429688,0,0.0,0.0
2004-09-21 00:00:00+09:00,203.31332397460938,210.98552487931164,201.39527374843382,203.31332397460938,18000,0.0,0.0
2004-09-22 00:00:00+09:00,208.68391001290138,209.06752014160156,208.68391001290138,209.06752014160156,36000,0.0,0.0
2004-09-23 00:00:00+09:00,209.06752014160156,209.06752014160156,209.06752014160156,209.06752014160156,0,0.0,0.0
2004-09-24 00:00:00+09:00,209.06752014160156,209.06752014160156,209.06752014160156,209.06752014160156,8000,0.0,0.0
2004-09-27 00:00:00+09:00,209.06752014160156,209.06752014160156,208.68391001290138,209.06752014160156,14000,0.0,0.0
2004-09-28 00:00:00+09:00,208.6838961053027,209.06750620843744,207.1494556927637,207.53306579589844,104000,0.0,0.0
2004-09-29 00:00:00+09:00,208.3002998842012,209.06752014160156,208.3002998842012,209.06752014160156,42000,0.0,0.0
2004-09-30 00:00:00+09:00,209.06752014160156,209.06752014160156,208.68391001290138,209.06752014160156,8000,0.0,0.0
2004-10-01 00:00:00+09:00,209.0674872510472,212.13636779785156,209.0674872510472,212.13636779785156,88000,0.0,0.0
2004-10-04 00:00:00+09:00,212.13636779785156,212.13636779785156,212.13636779785156,212.13636779785156,0,0.0,0.0
2004-10-05 00:00:00+09:00,216.73971557617188,216.73971557617188,216.73971557617188,216.73971557617188,2000,0.0,0.0
2004-10-06 00:00:00+09:00,216.73971557617188,216.73971557617188,216.73971557617188,216.73971557617188,0,0.0,0.0
2004-10-07 00:00:00+09:00,216.73971557617188,216.73971557617188,216.73971557617188,216.73971557617188,2000,0.0,0.0
2004-10-08 00:00:00+09:00,216.73971557617188,216.73971557617188,216.73971557617188,216.73971557617188,0,0.0,0.0
2004-10-11 00:00:00+09:00,216.73971557617188,216.73971557617188,216.73971557617188,216.73971557617188,0,0.0,0.0
2004-10-12 00:00:00+09:00,210.98555558019405,213.28721618652344,210.98555558019405,213.28721618652344,12000,0.0,0.0
2004-10-13 00:00:00+09:00,209.0675257930049,209.0675257930049,207.14947509765625,207.14947509765625,18000,0.0,0.0
2004-10-14 00:00:00+09:00,203.31336558426392,203.6969757080078,199.47726434682497,203.6969757080078,14000,0.0,0.0
2004-10-15 00:00:00+09:00,199.47726440429688,199.47726440429688,199.47726440429688,199.47726440429688,10000,0.0,0.0
2004-10-18 00:00:00+09:00,194.1067034553079,195.64114379882812,194.1067034553079,195.64114379882812,8000,0.0,0.0
2004-10-19 00:00:00+09:00,195.64114379882812,195.64114379882812,195.64114379882812,195.64114379882812,0,0.0,0.0
2004-10-20 00:00:00+09:00,199.47726440429688,199.47726440429688,199.47726440429688,199.47726440429688,2000,0.0,0.0
2004-10-21 00:00:00+09:00,205.23141626211313,205.23141626211313,199.47726440429688,199.47726440429688,8000,0.0,0.0
2004-10-22 00:00:00+09:00,199.47722352225827,203.31332397460938,199.47722352225827,203.31332397460938,8000,0.0,0.0
2004-10-25 00:00:00+09:00,203.31332397460938,203.31332397460938,203.31332397460938,203.31332397460938,0,0.0,0.0
2004-10-26 00:00:00+09:00,203.31332397460938,203.31332397460938,203.31332397460938,203.31332397460938,4000,0.0,0.0
2004-10-27 00:00:00+09:00,204.0805440650796,204.0805440650796,203.31332397460938,203.31332397460938,8000,0.0,0.0
2004-10-28 00:00:00+09:00,205.23142971835293,209.45114135742188,205.23142971835293,209.45114135742188,12000,0.0,0.0
2004-10-29 00:00:00+09:00,209.45114135742188,209.45114135742188,209.45114135742188,209.45114135742188,0,0.0,0.0
2004-11-01 00:00:00+09:00,209.45114135742188,209.45114135742188,209.45114135742188,209.45114135742188,0,0.0,0.0
2004-11-02 00:00:00+09:00,209.45114135742188,209.45114135742188,209.45114135742188,209.45114135742188,0,0.0,0.0
2004-11-03 00:00:00+09:00,209.45114135742188,209.45114135742188,209.45114135742188,209.45114135742188,0,0.0,0.0
2004-11-04 00:00:00+09:00,209.45114135742188,209.45114135742188,209.45114135742188,209.45114135742188,0,0.0,0.0
2004-11-05 00:00:00+09:00,209.45114135742188,209.45114135742188,209.45114135742188,209.45114135742188,0,0.0,0.0
2004-11-08 00:00:00+09:00,214.8216775747446,239.3727264404297,214.8216775747446,239.3727264404297,30000,0.0,0.0
2004-11-09 00:00:00+09:00,238.22188780249618,238.605497927782,234.00217642435214,235.92022705078125,36000,0.0,0.0
2004-11-10 00:00:00+09:00,235.53659598815617,235.92020607934208,233.61854553222656,233.61854553222656,40000,0.0,0.0
2004-11-11 00:00:00+09:00,234.00218997784515,264.69100177821826,234.00218997784515,257.018798828125,142000,0.0,0.0
2004-11-12 00:00:00+09:00,260.0876660994901,260.8548863534709,251.26463317871094,251.26463317871094,40000,0.0,0.0
2004-11-15 00:00:00+09:00,251.26459268423227,251.26459268423227,229.39881896972656,229.39881896972656,28000,0.0,0.0
2004-11-16 00:00:00+09:00,220.9594058388158,220.9594058388158,210.60193369012129,218.65774536132812,26000,0.0,0.0
2004-11-17 00:00:00+09:00,218.6577445788261,226.32994614299545,218.6577445788261,224.41189575195312,10000,0.0,0.0
2004-11-18 00:00:00+09:00,224.41189575195312,224.41189575195312,224.41189575195312,224.41189575195312,2000,0.0,0.0
2004-11-19 00:00:00+09:00,222.4938507080078,222.4938507080078,222.4938507080078,222.4938507080078,2000,0.0,0.0
2004-11-22 00:00:00+09:00,222.4938507080078,222.4938507080078,222.4938507080078,222.4938507080078,0,0.0,0.0
2004-11-23 00:00:00+09:00,222.4938507080078,222.4938507080078,222.4938507080078,222.4938507080078,0,0.0,0.0
2004-11-24 00:00:00+09:00,219.42496552049067,219.42496552049067,218.65774536132812,218.65774536132812,4000,0.0,0.0
2004-11-25 00:00:00+09:00,210.98556518554688,210.98556518554688,210.98556518554688,210.98556518554688,2000,0.0,0.0
2004-11-26 00:00:00+09:00,209.06749416042018,212.90359497070312,209.06749416042018,212.90359497070312,8000,0.0,0.0
2004-11-29 00:00:00+09:00,214.8216552734375,214.8216552734375,214.8216552734375,214.8216552734375,2000,0.0,0.0
2004-11-30 00:00:00+09:00,210.98556518554688,210.98556518554688,210.98556518554688,210.98556518554688,4000,0.0,0.0
2004-12-01 00:00:00+09:00,210.98556518554688,210.98556518554688,210.98556518554688,210.98556518554688,4000,0.0,0.0
2004-12-02 00:00:00+09:00,209.83470153808594,209.83470153808594,209.83470153808594,209.83470153808594,6000,0.0,0.0
2004-12-03 00:00:00+09:00,209.45114135742188,209.45114135742188,209.45114135742188,209.45114135742188,8000,0.0,0.0
2004-12-06 00:00:00+09:00,209.45114135742188,209.45114135742188,209.45114135742188,209.45114135742188,2000,0.0,0.0
2004-12-07 00:00:00+09:00,209.45114135742188,209.45114135742188,209.45114135742188,209.45114135742188,0,0.0,0.0
2004-12-08 00:00:00+09:00,209.45113027030175,209.45113027030175,209.06752014160156,209.06752014160156,8000,0.0,0.0
2004-12-09 00:00:00+09:00,209.06752014160156,209.06752014160156,209.06752014160156,209.06752014160156,0,0.0,0.0
2004-12-10 00:00:00+09:00,209.06752014160156,209.06752014160156,209.06752014160156,209.06752014160156,0,0.0,0.0
2004-12-13 00:00:00+09:00,210.98558195344694,210.98558195344694,209.0675312084156,209.45114135742188,12000,0.0,0.0
2004-12-14 00:00:00+09:00,210.98553759279994,212.13636779785156,210.98553759279994,212.13636779785156,22000,0.0,0.0
2004-12-15 00:00:00+09:00,212.13636779785156,212.13636779785156,212.13636779785156,212.13636779785156,0,0.0,0.0
2004-12-16 00:00:00+09:00,212.13636779785156,212.13636779785156,212.13636779785156,212.13636779785156,0,0.0,0.0
2004-12-17 00:00:00+09:00,210.60195922851562,210.60195922851562,209.83473897631703,210.60195922851562,8000,0.0,0.0
2004-12-20 00:00:00+09:00,210.98558195344694,210.98558195344694,209.45114135742188,209.45114135742188,6000,0.0,0.0
2004-12-21 00:00:00+09:00,209.45114135742188,209.45114135742188,209.45114135742188,209.45114135742188,0,0.0,0.0
2004-12-22 00:00:00+09:00,209.83470153808594,209.83470153808594,209.83470153808594,209.83470153808594,6000,0.0,0.0
2004-12-23 00:00:00+09:00,209.83470153808594,209.83470153808594,209.83470153808594,209.83470153808594,0,0.0,0.0
2004-12-24 00:00:00+09:00,207.14947509765625,207.14947509765625,207.14947509765625,207.14947509765625,4000,0.0,0.0
2004-12-27 00:00:00+09:00,202.5461453951322,203.31336564284103,199.47726440429688,199.47726440429688,6000,0.0,0.0
2004-12-28 00:00:00+09:00,199.47726440429688,199.47726440429688,199.47726440429688,199.47726440429688,0,0.0,0.0
2004-12-29 00:00:00+09:00,199.47726440429688,199.47726440429688,199.47726440429688,199.47726440429688,2000,0.0,0.0
2004-12-30 00:00:00+09:00,199.47726440429688,199.47726440429688,199.47726440429688,199.47726440429688,0,0.0,0.0
2004-12-31 00:00:00+09:00,199.47726440429688,199.47726440429688,199.47726440429688,199.47726440429688,0,0.0,0.0
2005-01-03 00:00:00+09:00,199.47726440429688,199.47726440429688,199.47726440429688,199.47726440429688,0,0.0,0.0
2005-01-04 00:00:00+09:00,203.31332397460938,203.31332397460938,203.31332397460938,203.31332397460938,2000,0.0,0.0
2005-01-05 00:00:00+09:00,203.31336418936183,205.23141479492188,203.31336418936183,205.23141479492188,14000,0.0,0.0
2005-01-06 00:00:00+09:00,209.0675312084156,209.45114135742188,209.0675312084156,209.45114135742188,4000,0.0,0.0
2005-01-07 00:00:00+09:00,209.45114135742188,209.45114135742188,209.45114135742188,209.45114135742188,0,0.0,0.0
2005-01-10 00:00:00+09:00,209.45114135742188,209.45114135742188,209.45114135742188,209.45114135742188,0,0.0,0.0
2005-01-11 00:00:00+09:00,211.75278542258522,211.75278542258522,210.98556518554688,210.98556518554688,8000,0.0,0.0
2005-01-12 00:00:00+09:00,210.98556518554688,210.98556518554688,210.98556518554688,210.98556518554688,0,0.0,0.0
2005-01-13 00:00:00+09:00,212.90359497070312,213.2872050517314,212.90359497070312,212.90359497070312,18000,0.0,0.0
2005-01-14 00:00:00+09:00,213.2872050517314,213.2872050517314,212.90359497070312,212.90359497070312,6000,0.0,0.0
2005-01-17 00:00:00+09:00,212.90359497070312,212.90359497070312,212.90359497070312,212.90359497070312,8000,0.0,0.0
2005-01-18 00:00:00+09:00,212.90359497070312,212.90359497070312,212.90359497070312,212.90359497070312,6000,0.0,0.0
2005-01-19 00:00:00+09:00,210.98554456556164,212.90359497070312,210.98554456556164,212.90359497070312,24000,0.0,0.0
2005-01-20 00:00:00+09:00,210.98554456556164,212.90359497070312,210.98554456556164,212.90359497070312,28000,0.0,0.0
2005-01-21 00:00:00+09:00,212.90359497070312,212.90359497070312,212.90359497070312,212.90359497070312,0,0.0,0.0
2005-01-24 00:00:00+09:00,212.90359497070312,212.90359497070312,212.90359497070312,212.90359497070312,0,0.0,0.0
2005-01-25 00:00:00+09:00,210.98556518554688,210.98556518554688,210.98556518554688,210.98556518554688,8000,0.0,0.0
2005-01-26 00:00:00+09:00,212.13637480864654,213.6708151327597,212.13637480864654,212.90359497070312,12000,0.0,0.0
2005-01-27 00:00:00+09:00,212.90359497070312,212.90359497070312,212.90359497070312,212.90359497070312,0,0.0,0.0
2005-01-28 00:00:00+09:00,212.90359497070312,212.90359497070312,212.90359497070312,212.90359497070312,0,0.0,0.0
2005-01-31 00:00:00+09:00,214.8216552734375,214.8216552734375,214.8216552734375,214.8216552734375,4000,0.0,0.0
2005-02-01 00:00:00+09:00,214.82164456551536,218.65774536132812,214.82164456551536,218.65774536132812,54000,0.0,0.0
2005-02-02 00:00:00+09:00,216.73971968941066,220.57582092285156,214.8216690726902,220.57582092285156,16000,0.0,0.0
2005-02-03 00:00:00+09:00,220.95941162109375,220.95941162109375,220.95941162109375,220.95941162109375,2000,0.0,0.0
2005-02-04 00:00:00+09:00,221.7266346564153,222.11024475097656,221.7266346564153,222.11024475097656,4000,0.0,0.0
2005-02-07 00:00:00+09:00,222.11024475097656,222.11024475097656,222.11024475097656,222.11024475097656,0,0.0,0.0
2005-02-08 00:00:00+09:00,219.0413804294752,222.493871539572,219.0413804294752,220.57582092285156,12000,0.0,0.0
2005-02-09 00:00:00+09:00,220.19221079950748,220.57582092285156,220.19221079950748,220.57582092285156,8000,0.0,0.0
2005-02-10 00:00:00+09:00,220.19221079950748,220.57582092285156,220.19221079950748,220.57582092285156,4000,0.0,0.0
2005-02-11 00:00:00+09:00,220.57582092285156,220.57582092285156,220.57582092285156,220.57582092285156,0,0.0,0.0
2005-02-14 00:00:00+09:00,222.49388885498047,230.1660919189453,222.11027870178225,230.1660919189453,8000,0.0,0.0
2005-02-15 00:00:00+09:00,230.1660656538166,234.00216674804688,230.1660656538166,234.00216674804688,30000,0.0,0.0
2005-02-16 00:00:00+09:00,233.61855663862383,234.00216674804688,233.2349465292008,234.00216674804688,8000,0.0,0.0
2005-02-17 00:00:00+09:00,233.61858329772951,234.00219345092773,230.1660919189453,230.1660919189453,18000,0.0,0.0
2005-02-18 00:00:00+09:00,230.1660919189453,230.1660919189453,230.1660919189453,230.1660919189453,0,0.0,0.0
2005-02-21 00:00:00+09:00,228.24801635742188,228.24801635742188,228.24801635742188,228.24801635742188,2000,0.0,0.0
2005-02-22 00:00:00+09:00,228.24801635742188,228.24801635742188,228.24801635742188,228.24801635742188,0,0.0,0.0
2005-02-23 00:00:00+09:00,222.4938507080078,222.4938507080078,222.4938507080078,222.4938507080078,14000,0.0,0.0
2005-02-24 00:00:00+09:00,222.4938507080078,222.4938507080078,222.4938507080078,222.4938507080078,6000,0.0,0.0
2005-02-25 00:00:00+09:00,222.49388885498047,230.1660919189453,222.49388885498047,230.1660919189453,34000,0.0,0.0
2005-02-28 00:00:00+09:00,230.1660502693291,230.1660502693291,229.78244018554688,229.78244018554688,12000,0.0,0.0
2005-03-01 00:00:00+09:00,229.78244018554688,229.78244018554688,229.78244018554688,229.78244018554688,0,0.0,0.0
2005-03-02 00:00:00+09:00,229.39885365343974,229.39885365343974,226.32997266810943,229.01524353027344,12000,0.0,0.0
2005-03-03 00:00:00+09:00,230.16606691504728,230.16606691504728,228.24801635742188,228.24801635742188,6000,0.0,0.0
2005-03-04 00:00:00+09:00,230.1660919189453,230.1660919189453,230.1660919189453,230.1660919189453,14000,0.0,0.0
2005-03-07 00:00:00+09:00,232.08411620093173,234.00216674804688,231.7005060915087,234.00216674804688,28000,0.0,0.0
2005-03-08 00:00:00+09:00,241.67434692382812,241.67434692382812,241.67434692382812,241.67434692382812,6000,0.0,0.0
2005-03-09 00:00:00+09:00,243.59240186214447,245.5104522705078,243.59240186214447,245.5104522705078,8000,0.0,0.0
2005-03-10 00:00:00+09:00,245.5104522705078,245.5104522705078,245.5104522705078,245.5104522705078,0,0.0,0.0
2005-03-11 00:00:00+09:00,241.67434692382812,241.67434692382812,241.67434692382812,241.67434692382812,4000,0.0,0.0
2005-03-14 00:00:00+09:00,241.67434692382812,241.67434692382812,237.83824617900547,241.67434692382812,18000,0.0,0.0
2005-03-15 00:00:00+09:00,241.67434692382812,241.67434692382812,241.67434692382812,241.67434692382812,38000,0.0,0.0
2005-03-16 00:00:00+09:00,241.67435833226855,246.27767944335938,239.75630786931404,246.27767944335938,32000,0.0,0.0
2005-03-17 00:00:00+09:00,246.27767944335938,246.27767944335938,246.27767944335938,246.27767944335938,0,0.0,0.0
2005-03-18 00:00:00+09:00,251.26464574614917,251.26464574614917,250.1138153076172,250.1138153076172,8000,0.0,0.0
2005-03-21 00:00:00+09:00,250.1138153076172,250.1138153076172,250.1138153076172,250.1138153076172,0,0.0,0.0
2005-03-22 00:00:00+09:00,251.26464513102084,251.26464513102084,238.98912048339844,238.98912048339844,26000,0.0,0.0
2005-03-23 00:00:00+09:00,245.12681292105412,245.12681292105412,237.07100216778005,238.22183227539062,8000,0.0,0.0
2005-03-24 00:00:00+09:00,238.22187670898438,239.75631713867188,238.22187670898438,239.75631713867188,10000,0.0,0.0
2005-03-25 00:00:00+09:00,234.00216260245114,234.38577270507812,233.61855249982418,234.38577270507812,30000,0.0,0.0
2005-03-28 00:00:00+09:00,237.95507630305505,241.9209942414393,237.95507630305505,239.1448516845703,36000,10.0,0.0
2005-03-29 00:00:00+09:00,237.955057112897,241.9209747314453,237.955057112897,241.9209747314453,14000,0.0,0.0
2005-03-30 00:00:00+09:00,241.9209747314453,241.9209747314453,239.93801592217116,241.9209747314453,18000,0.0,0.0
2005-03-31 00:00:00+09:00,241.92099301677104,241.92099301677104,239.9380340576172,239.9380340576172,6000,0.0,0.0
2005-04-01 00:00:00+09:00,239.9380340576172,239.9380340576172,239.9380340576172,239.9380340576172,0,0.0,0.0
2005-04-04 00:00:00+09:00,228.04030402232024,233.9891815185547,228.04030402232024,233.9891815185547,8000,0.0,0.0
2005-04-05 00:00:00+09:00,233.9891815185547,233.9891815185547,233.9891815185547,233.9891815185547,0,0.0,0.0
2005-04-06 00:00:00+09:00,233.9891815185547,233.9891815185547,233.9891815185547,233.9891815185547,8000,0.0,0.0
2005-04-07 00:00:00+09:00,233.9891815185547,233.9891815185547,233.9891815185547,233.9891815185547,0,0.0,0.0
2005-04-08 00:00:00+09:00,233.9891815185547,233.9891815185547,233.9891815185547,233.9891815185547,0,0.0,0.0
2005-04-11 00:00:00+09:00,237.95510864257812,237.95510864257812,237.95510864257812,237.95510864257812,4000,0.0,0.0
2005-04-12 00:00:00+09:00,237.95510864257812,237.95510864257812,237.95510864257812,237.95510864257812,4000,0.0,0.0
2005-04-13 00:00:00+09:00,233.9891815185547,233.9891815185547,233.9891815185547,233.9891815185547,2000,0.0,0.0
2005-04-14 00:00:00+09:00,232.00621032714844,232.00621032714844,232.00621032714844,232.00621032714844,2000,0.0,0.0
2005-04-15 00:00:00+09:00,228.04029846191406,228.04029846191406,228.04029846191406,228.04029846191406,2000,0.0,0.0
2005-04-18 00:00:00+09:00,228.04029846191406,228.04029846191406,228.04029846191406,228.04029846191406,10000,0.0,0.0
2005-04-19 00:00:00+09:00,227.64370663850204,228.04029846191406,227.64370663850204,228.04029846191406,8000,0.0,0.0
2005-04-20 00:00:00+09:00,228.04029846191406,228.04029846191406,228.04029846191406,228.04029846191406,0,0.0,0.0
2005-04-21 00:00:00+09:00,228.04026736153497,228.43685913085938,227.64367559221057,228.43685913085938,10000,0.0,0.0
2005-04-22 00:00:00+09:00,228.43685913085938,228.43685913085938,228.43685913085938,228.43685913085938,0,0.0,0.0
2005-04-25 00:00:00+09:00,232.00618068507458,248.66303468297738,232.00618068507458,241.9209747314453,68000,0.0,0.0
2005-04-26 00:00:00+09:00,244.69713555958646,244.69713555958646,239.9380340576172,239.9380340576172,16000,0.0,0.0
2005-04-27 00:00:00+09:00,239.93804034852144,239.93804034852144,226.0573272705078,226.0573272705078,18000,0.0,0.0
2005-04-28 00:00:00+09:00,226.05733934485394,233.98917581309445,226.05733934485394,228.04029846191406,12000,0.0,0.0
2005-04-29 00:00:00+09:00,228.04029846191406,228.04029846191406,228.04029846191406,228.04029846191406,0,0.0,0.0
2005-05-02 00:00:00+09:00,232.00621032714844,232.00621032714844,232.00621032714844,232.00621032714844,2000,0.0,0.0
2005-05-03 00:00:00+09:00,232.00621032714844,232.00621032714844,232.00621032714844,232.00621032714844,0,0.0,0.0
2005-05-04 00:00:00+09:00,232.00621032714844,232.00621032714844,232.00621032714844,232.00621032714844,0,0.0,0.0
2005-05-05 00:00:00+09:00,232.00621032714844,232.00621032714844,232.00621032714844,232.00621032714844,0,0.0,0.0
2005-05-06 00:00:00+09:00,232.00621917468158,236.3687292788209,232.00621917468158,235.97213745117188,10000,0.0,0.0
2005-05-09 00:00:00+09:00,238.35171508789062,244.69718504031366,237.95512321586418,238.35171508789062,16000,0.0,0.0
2005-05-10 00:00:00+09:00,239.93806665039062,247.86990356445312,238.3516992675781,247.86990356445312,12000,0.0,0.0
2005-05-11 00:00:00+09:00,241.92104193612857,241.92104193612857,238.35171508789062,238.35171508789062,6000,0.0,0.0
2005-05-12 00:00:00+09:00,236.3687292788209,236.7653211064699,235.97213745117188,235.97213745117188,12000,0.0,0.0
2005-05-13 00:00:00+09:00,237.95510864257812,237.95510864257812,237.95510864257812,237.95510864257812,2000,0.0,0.0
2005-05-16 00:00:00+09:00,237.95509984937763,237.95509984937763,233.9891815185547,233.9891815185547,4000,0.0,0.0
2005-05-17 00:00:00+09:00,237.95509075296334,237.95509075296334,230.02325439453125,230.02325439453125,6000,0.0,0.0
2005-05-18 00:00:00+09:00,237.95512666638265,237.95512666638265,235.97216727749614,236.36875915527344,6000,0.0,0.0
2005-05-19 00:00:00+09:00,235.97213745117188,235.97213745117188,235.97213745117188,235.97213745117188,2000,0.0,0.0
2005-05-20 00:00:00+09:00,235.97213745117188,235.97213745117188,235.97213745117188,235.97213745117188,0,0.0,0.0
2005-05-23 00:00:00+09:00,235.97213745117188,235.97213745117188,235.97213745117188,235.97213745117188,4000,0.0,0.0
2005-05-24 00:00:00+09:00,235.97213745117188,235.97213745117188,235.97213745117188,235.97213745117188,0,0.0,0.0
2005-05-25 00:00:00+09:00,236.3687292788209,236.3687292788209,235.97213745117188,235.97213745117188,4000,0.0,0.0
2005-05-26 00:00:00+09:00,239.93804008729995,248.26646792504093,237.955081078314,245.8869171142578,56000,0.0,0.0
2005-05-27 00:00:00+09:00,249.85284423828125,251.83580331953743,245.88692607576886,249.85284423828125,44000,0.0,0.0
2005-05-30 00:00:00+09:00,247.47328432144656,247.86987612324376,243.90395810527184,245.8869171142578,28000,0.0,0.0
2005-05-31 00:00:00+09:00,247.86990356445312,248.66308725585938,247.86990356445312,247.86990356445312,6000,0.0,0.0
2005-06-01 00:00:00+09:00,245.88694559733074,246.28353744506836,237.95510864257812,237.95510864257812,44000,0.0,0.0
2005-06-02 00:00:00+09:00,242.31756649330012,243.90393354071944,241.9209747314453,241.9209747314453,34000,0.0,0.0
2005-06-03 00:00:00+09:00,241.1278533935547,241.52444525768882,241.1278533935547,241.1278533935547,14000,0.0,0.0
2005-06-06 00:00:00+09:00,241.92103712182296,242.71422085009124,241.1278533935547,241.1278533935547,26000,0.0,0.0
2005-06-07 00:00:00+09:00,241.9209747314453,241.9209747314453,241.9209747314453,241.9209747314453,6000,0.0,0.0
2005-06-08 00:00:00+09:00,241.9209747314453,241.9209747314453,241.9209747314453,241.9209747314453,0,0.0,0.0
2005-06-09 00:00:00+09:00,241.92099059156598,241.92099059156598,241.52439880371094,241.52439880371094,6000,0.0,0.0
2005-06-10 00:00:00+09:00,241.52439880371094,241.52439880371094,241.52439880371094,241.52439880371094,0,0.0,0.0
2005-06-13 00:00:00+09:00,241.9209747314453,241.9209747314453,241.9209747314453,241.9209747314453,2000,0.0,0.0
2005-06-14 00:00:00+09:00,241.9209747314453,241.9209747314453,241.9209747314453,241.9209747314453,8000,0.0,0.0
2005-06-15 00:00:00+09:00,241.9209747314453,250.64599349225153,241.9209747314453,241.9209747314453,24000,0.0,0.0
2005-06-16 00:00:00+09:00,239.54146718170682,239.93805901478913,233.59258968547238,233.9891815185547,46000,0.0,0.0
2005-06-17 00:00:00+09:00,232.00621348413927,232.00621348413927,230.02325439453125,230.02325439453125,4000,0.0,0.0
2005-06-20 00:00:00+09:00,229.62666257660962,230.41984621245285,229.62666257660962,230.02325439453125,6000,0.0,0.0
2005-06-21 00:00:00+09:00,230.02325439453125,230.02325439453125,230.02325439453125,230.02325439453125,0,0.0,0.0
2005-06-22 00:00:00+09:00,237.955081078314,247.86987612324376,237.955081078314,245.8869171142578,8000,0.0,0.0
2005-06-23 00:00:00+09:00,245.8869171142578,245.8869171142578,245.8869171142578,245.8869171142578,0,0.0,0.0
2005-06-24 00:00:00+09:00,245.8869171142578,245.8869171142578,245.8869171142578,245.8869171142578,0,0.0,0.0
2005-06-27 00:00:00+09:00,245.8869171142578,245.8869171142578,245.8869171142578,245.8869171142578,0,0.0,0.0
2005-06-28 00:00:00+09:00,245.8869024470858,245.8869024470858,245.4903106689453,245.4903106689453,10000,0.0,0.0
2005-06-29 00:00:00+09:00,245.4903106689453,245.4903106689453,245.4903106689453,245.4903106689453,0,0.0,0.0
2005-06-30 00:00:00+09:00,241.9209990962859,245.8869171142578,241.9209990962859,245.8869171142578,22000,0.0,0.0
2005-07-01 00:00:00+09:00,241.9209990962859,245.8869171142578,241.9209990962859,245.8869171142578,4000,0.0,0.0
2005-07-04 00:00:00+09:00,241.9209747314453,242.31756649330012,241.9209747314453,241.9209747314453,12000,0.0,0.0
2005-07-05 00:00:00+09:00,241.9209747314453,241.9209747314453,241.9209747314453,241.9209747314453,0,0.0,0.0
2005-07-06 00:00:00+09:00,240.334607684026,241.9209747314453,240.334607684026,241.9209747314453,14000,0.0,0.0
2005-07-07 00:00:00+09:00,244.69715310971196,249.4562549530127,244.3005612894369,248.2664794921875,70000,0.0,0.0
2005-07-08 00:00:00+09:00,249.85279707475144,261.75054931640625,249.85279707475144,261.75054931640625,30000,0.0,0.0
2005-07-11 00:00:00+09:00,261.354023752037,261.75061559384585,257.7846971757573,258.577880859375,44000,0.0,0.0
2005-07-12 00:00:00+09:00,254.21536254882812,254.21536254882812,254.21536254882812,254.21536254882812,2000,0.0,0.0
2005-07-13 00:00:00+09:00,255.40517905906395,256.9915466308594,255.40517905906395,256.9915466308594,8000,0.0,0.0
2005-07-14 00:00:00+09:00,256.9915466308594,256.9915466308594,256.9915466308594,256.9915466308594,0,0.0,0.0
2005-07-15 00:00:00+09:00,259.3709988680753,262.1471410577948,257.38804016113284,261.75054931640625,34000,0.0,0.0
2005-07-18 00:00:00+09:00,261.75054931640625,261.75054931640625,261.75054931640625,261.75054931640625,0,0.0,0.0
2005-07-19 00:00:00+09:00,261.75060272216797,266.50970458984375,261.75060272216797,266.50970458984375,20000,0.0,0.0
2005-07-20 00:00:00+09:00,267.699443133829,283.9597056056616,267.699443133829,281.1835632324219,64000,0.0,0.0
2005-07-21 00:00:00+09:00,279.5972008371829,279.5972008371829,277.6142419659972,278.0108337402344,24000,0.0,0.0
2005-07-22 00:00:00+09:00,275.23476754324776,277.61431884765625,269.6824811662947,277.61431884765625,14000,0.0,0.0
2005-07-25 00:00:00+09:00,277.61431884765625,277.61431884765625,277.2177269635882,277.61431884765625,16000,0.0,0.0
2005-07-26 00:00:00+09:00,277.61431884765625,277.61431884765625,277.61431884765625,277.61431884765625,0,0.0,0.0
2005-07-27 00:00:00+09:00,277.61431884765625,277.61431884765625,277.61431884765625,277.61431884765625,4000,0.0,0.0
2005-07-28 00:00:00+09:00,277.6142699329566,283.1665553316157,277.6142699329566,279.59722900390625,56000,0.0,0.0
2005-07-29 00:00:00+09:00,283.5631511233737,296.25408935546875,283.5631511233737,296.25408935546875,28000,0.0,0.0
2005-08-01 00:00:00+09:00,295.85748046875,297.44384765625,295.85748046875,297.44384765625,14000,0.0,0.0
2005-08-02 00:00:00+09:00,301.40976206135963,325.2052695925196,301.40976206135963,309.7381896972656,44000,0.0,0.0
2005-08-03 00:00:00+09:00,303.39276651235724,309.3416442871094,303.39276651235724,309.3416442871094,46000,0.0,0.0
2005-08-04 00:00:00+09:00,306.5655013255584,309.3416442871094,301.40980725410657,309.3416442871094,18000,0.0,0.0
2005-08-05 00:00:00+09:00,301.40977833369004,301.40977833369004,289.51202392578125,289.51202392578125,4000,0.0,0.0
2005-08-08 00:00:00+09:00,290.30520755297516,290.7017993665721,289.51202392578125,289.51202392578125,26000,0.0,0.0
2005-08-09 00:00:00+09:00,293.4779237446032,301.8063513103284,293.4779237446032,301.4097595214844,10000,0.0,0.0
2005-08-10 00:00:00+09:00,305.37567138671875,305.37567138671875,305.37567138671875,305.37567138671875,10000,0.0,0.0
2005-08-11 00:00:00+09:00,305.37571928772746,317.2734745846519,305.37571928772746,313.30755615234375,22000,0.0,0.0
2005-08-12 00:00:00+09:00,317.2734745846519,317.6700664278827,305.37571928772746,313.30755615234375,24000,0.0,0.0
2005-08-15 00:00:00+09:00,313.30755615234375,313.30755615234375,313.30755615234375,313.30755615234375,0,0.0,0.0
2005-08-16 00:00:00+09:00,314.1007398388054,314.1007398388054,313.30755615234375,313.30755615234375,8000,0.0,0.0
2005-08-17 00:00:00+09:00,310.13482799040963,310.13482799040963,309.3416442871094,309.3416442871094,8000,0.0,0.0
2005-08-18 00:00:00+09:00,304.18595021565756,309.73823613875953,303.7893583640074,309.3416442871094,20000,0.0,0.0
2005-08-19 00:00:00+09:00,313.70414799557454,315.29051536849784,313.30755615234375,313.30755615234375,12000,0.0,0.0
2005-08-22 00:00:00+09:00,313.70414799557454,313.70414799557454,313.30755615234375,313.30755615234375,60000,0.0,0.0
2005-08-23 00:00:00+09:00,313.70414799557454,313.70414799557454,313.30755615234375,313.30755615234375,10000,0.0,0.0
2005-08-24 00:00:00+09:00,313.30755615234375,313.70414799557454,312.5143724658821,313.30755615234375,38000,0.0,0.0
2005-08-25 00:00:00+09:00,313.30755615234375,313.30755615234375,312.91096430911296,313.30755615234375,6000,0.0,0.0
2005-08-26 00:00:00+09:00,309.34159193268016,313.7041015625,309.34159193268016,313.7041015625,22000,0.0,0.0
2005-08-29 00:00:00+09:00,313.30757980346675,317.67009040832517,313.30757980346675,317.27349853515625,10000,0.0,0.0
2005-08-30 00:00:00+09:00,317.27349853515625,317.27349853515625,313.30757980346675,317.27349853515625,18000,0.0,0.0
2005-08-31 00:00:00+09:00,315.29052734375,315.29052734375,315.29052734375,315.29052734375,2000,0.0,0.0
2005-09-01 00:00:00+09:00,310.1348488757232,314.8939514160156,310.1348488757232,314.8939514160156,28000,0.0,0.0
2005-09-02 00:00:00+09:00,315.2905432943733,317.27350268616186,310.1348488757232,314.8939514160156,18000,0.0,0.0
2005-09-05 00:00:00+09:00,314.8939472961426,335.12013282775877,314.8939472961426,317.27349853515625,78000,0.0,0.0
2005-09-06 00:00:00+09:00,317.6700232611762,321.2393493652344,313.70410536777825,321.2393493652344,50000,0.0,0.0
2005-09-07 00:00:00+09:00,321.63594115457414,322.03253294391396,321.2393493652344,321.2393493652344,10000,0.0,0.0
2005-09-08 00:00:00+09:00,319.2564099455533,319.2564099455533,318.0666345047624,318.4632263183594,8000,0.0,0.0
2005-09-09 00:00:00+09:00,318.8598473590353,319.6530310589334,318.46325550908625,319.2564392089844,22000,0.0,0.0
2005-09-12 00:00:00+09:00,319.2563904185354,321.2393493652344,319.2563904185354,321.2393493652344,8000,0.0,0.0
2005-09-13 00:00:00+09:00,321.63600726503313,329.1712528113163,321.63600726503313,327.18829345703125,56000,0.0,0.0
2005-09-14 00:00:00+09:00,327.18829345703125,327.18829345703125,327.18829345703125,327.18829345703125,6000,0.0,0.0
2005-09-15 00:00:00+09:00,329.1711730957031,329.5677648705172,327.1882142216326,329.1711730957031,22000,0.0,0.0
2005-09-16 00:00:00+09:00,329.1711974371047,333.1371154785156,329.1711974371047,333.1371154785156,42000,0.0,0.0
2005-09-19 00:00:00+09:00,333.1371154785156,333.1371154785156,333.1371154785156,333.1371154785156,0,0.0,0.0
2005-09-20 00:00:00+09:00,333.1371378580729,356.9326477050781,333.1371378580729,356.9326477050781,58000,0.0,0.0
2005-09-21 00:00:00+09:00,356.93265953842473,356.93265953842473,349.39741450372463,349.79400634765625,26000,0.0,0.0
2005-09-22 00:00:00+09:00,349.79400634765625,349.79400634765625,349.79400634765625,349.79400634765625,0,0.0,0.0
2005-09-23 00:00:00+09:00,349.79400634765625,349.79400634765625,349.79400634765625,349.79400634765625,0,0.0,0.0
2005-09-26 00:00:00+09:00,349.00080552612997,351.380356472899,349.00080552612997,350.9837646484375,12000,0.0,0.0
2005-09-27 00:00:00+09:00,350.1905955708592,351.38037109375,350.1905955708592,351.38037109375,10000,0.0,0.0
2005-09-28 00:00:00+09:00,350.587158203125,350.587158203125,350.587158203125,350.587158203125,22000,0.0,0.0
2005-09-29 00:00:00+09:00,350.587158203125,350.587158203125,350.1905663952029,350.587158203125,16000,0.0,0.0
2005-09-30 00:00:00+09:00,349.00078125,349.39737304687503,347.017822265625,347.017822265625,10000,0.0,0.0
2005-10-03 00:00:00+09:00,346.6212352530304,356.53603031175555,340.6723582177953,353.7598876953125,34000,0.0,0.0
2005-10-04 00:00:00+09:00,347.81098997211893,347.81098997211893,347.0178064145998,347.4143981933594,8000,0.0,0.0
2005-10-05 00:00:00+09:00,348.6042016462846,349.00079345703125,348.6042016462846,349.00079345703125,4000,0.0,0.0
2005-10-06 00:00:00+09:00,345.03486328125,347.017822265625,345.03486328125,347.017822265625,18000,0.0,0.0
2005-10-07 00:00:00+09:00,347.017822265625,347.017822265625,347.017822265625,347.017822265625,12000,0.0,0.0
2005-10-10 00:00:00+09:00,347.017822265625,347.017822265625,347.017822265625,347.017822265625,0,0.0,0.0
2005-10-11 00:00:00+09:00,347.017822265625,347.017822265625,347.017822265625,347.017822265625,20000,0.0,0.0
2005-10-12 00:00:00+09:00,347.0178489381961,349.39739990234375,347.0178489381961,349.39739990234375,20000,0.0,0.0
2005-10-13 00:00:00+09:00,349.00079345703125,349.39738526777785,346.6212425925515,349.00079345703125,12000,0.0,0.0
2005-10-14 00:00:00+09:00,346.62123046875,347.017822265625,346.62123046875,347.017822265625,4000,0.0,0.0
2005-10-17 00:00:00+09:00,351.380398868175,352.9667663574219,351.380398868175,352.9667663574219,14000,0.0,0.0
2005-10-18 00:00:00+09:00,352.96667018287167,356.93258782537583,352.96667018287167,356.139404296875,36000,0.0,0.0
2005-10-19 00:00:00+09:00,356.932623190958,362.8815002441406,356.932623190958,362.8815002441406,38000,0.0,0.0
2005-10-20 00:00:00+09:00,362.88154535418516,368.4338312940306,358.1224431200319,363.27813720703125,24000,0.0,0.0
2005-10-21 00:00:00+09:00,363.27811051253434,363.27811051253434,360.8985595703125,360.8985595703125,12000,0.0,0.0
2005-10-24 00:00:00+09:00,361.6917697309305,372.7963416086345,361.29517787815536,372.3997497558594,30000,0.0,0.0
2005-10-25 00:00:00+09:00,372.0031707289305,383.1077429894956,372.0031707289305,382.7111511230469,66000,0.0,0.0
2005-10-26 00:00:00+09:00,382.7111511230469,388.66002911977813,374.38272192762304,382.7111511230469,40000,0.0,0.0
2005-10-27 00:00:00+09:00,383.50433485594436,383.50433485594436,382.7111511230469,382.7111511230469,4000,0.0,0.0
2005-10-28 00:00:00+09:00,382.3145270913334,382.7111189244157,372.7963230973583,374.3826904296875,24000,0.0,0.0
2005-10-31 00:00:00+09:00,376.762200829817,376.762200829817,370.8133239746094,370.8133239746094,24000,0.0,0.0
2005-11-01 00:00:00+09:00,372.3997575940584,378.7452273720189,372.3997575940584,376.76226806640625,39400,0.0,0.0
2005-11-02 00:00:00+09:00,377.95197160578954,387.0735826728758,376.3656044636876,383.9008483886719,48600,0.0,0.0
2005-11-03 00:00:00+09:00,383.9008483886719,383.9008483886719,383.9008483886719,383.9008483886719,0,0.0,0.0
2005-11-04 00:00:00+09:00,376.3656799253288,383.9009253611362,361.29518905371395,383.50433349609375,105600,0.0,0.0
2005-11-07 00:00:00+09:00,383.1077416310512,384.6941090912212,377.5554555204563,383.50433349609375,23400,0.0,0.0
2005-11-08 00:00:00+09:00,383.50433349609375,383.9009253611362,380.72819044079625,383.50433349609375,16600,0.0,0.0
2005-11-09 00:00:00+09:00,382.7110730320954,384.29744017419733,372.79627839395823,383.9008483886719,14800,0.0,0.0
2005-11-10 00:00:00+09:00,383.90088016991785,383.90088016991785,382.3145128964884,383.1076965332031,6000,0.0,0.0
2005-11-11 00:00:00+09:00,383.107663624557,384.69403076171875,378.74515399736225,384.69403076171875,36200,0.0,0.0
2005-11-14 00:00:00+09:00,384.69409969847015,390.2463856734996,384.69409969847015,389.0566101074219,17600,0.0,0.0
2005-11-15 00:00:00+09:00,392.62591552734375,393.02250736120976,384.6940788500237,392.62591552734375,17000,0.0,0.0
2005-11-16 00:00:00+09:00,392.6258727717521,392.6258727717521,384.6940369581813,390.6429138183594,20000,0.0,0.0
2005-11-17 00:00:00+09:00,388.66002075195314,396.59185791015625,384.6941021728516,396.59185791015625,20200,0.0,0.0
2005-11-18 00:00:00+09:00,396.5918447457108,404.523681640625,395.005477366728,404.523681640625,20200,0.0,0.0
2005-11-21 00:00:00+09:00,400.95435277635806,424.74986332688377,400.95435277635806,424.353271484375,34400,0.0,0.0
2005-11-22 00:00:00+09:00,423.95660186089407,447.7521080457899,423.95660186089407,446.1657409667969,66200,0.0,0.0
2005-11-23 00:00:00+09:00,446.1657409667969,446.1657409667969,446.1657409667969,446.1657409667969,0,0.0,0.0
2005-11-24 00:00:00+09:00,455.2874132770041,459.64992333453637,432.6816793425187,456.0805969238281,60800,0.0,0.0
2005-11-25 00:00:00+09:00,456.0806248982748,515.5694020589193,440.21695098876955,475.91021728515625,113200,0.0,0.0
2005-11-28 00:00:00+09:00,475.910114225794,495.7397023185355,456.0805261330526,483.8419494628906,87600,0.0,0.0
2005-11-29 00:00:00+09:00,483.8420042952871,521.1216341344322,472.34084189810403,487.80792236328125,116800,0.0,0.0
2005-11-30 00:00:00+09:00,487.4113623404736,487.8079541731347,475.9101991933021,487.0147705078125,23800,0.0,0.0
2005-12-01 00:00:00+09:00,483.04876593918095,483.8419494628906,468.3748707505523,483.8419494628906,39600,0.0,0.0
2005-12-02 00:00:00+09:00,481.8590587747508,481.8590587747508,440.6135097109038,460.0465087890625,27600,0.0,0.0
2005-12-05 00:00:00+09:00,456.0805969238281,456.4771887472402,448.14876045558765,456.0805969238281,20600,0.0,0.0
2005-12-06 00:00:00+09:00,448.14876045558765,457.2703723940642,440.2169239873472,456.0805969238281,24200,0.0,0.0
2005-12-07 00:00:00+09:00,448.5453516404172,469.96131007417716,444.5794334119431,465.9953918457031,15000,0.0,0.0
2005-12-08 00:00:00+09:00,469.5647060296474,475.9101750300481,462.4260534041967,464.0124206542969,11200,0.0,0.0
2005-12-09 00:00:00+09:00,456.08060553267194,469.9613196141011,447.75217708381444,469.5647277832031,20200,0.0,0.0
2005-12-12 00:00:00+09:00,467.9783630371094,471.9442813679323,464.0124447062864,467.9783630371094,9000,0.0,0.0
2005-12-13 00:00:00+09:00,465.59881591796875,465.9954077543554,455.6840200083016,465.59881591796875,16000,0.0,0.0
2005-12-14 00:00:00+09:00,456.4771762163211,464.0124206542969,452.11466627854566,464.0124206542969,12600,0.0,0.0
2005-12-15 00:00:00+09:00,460.04650333949496,462.0294624056135,440.61350449153355,444.1828308105469,36800,0.0,0.0
2005-12-16 00:00:00+09:00,446.1658026955344,452.1146800648082,435.0612316062233,436.2510070800781,37600,0.0,0.0
2005-12-19 00:00:00+09:00,442.19992219417463,442.59651405264475,424.35328856301965,432.2851257324219,26200,0.0,0.0
2005-12-20 00:00:00+09:00,432.2850709138093,432.6816627219871,416.421398586697,428.31915283203125,24600,0.0,0.0
2005-12-21 00:00:00+09:00,416.8180076737837,436.2510070800781,416.42141584916544,436.2510070800781,44800,0.0,0.0
2005-12-22 00:00:00+09:00,442.1998844493519,442.59647627397015,435.85441525545986,436.2510070800781,17400,0.0,0.0
2005-12-23 00:00:00+09:00,436.2510070800781,436.2510070800781,436.2510070800781,436.2510070800781,0,0.0,0.0
2005-12-26 00:00:00+09:00,440.2169629018241,440.6135547602942,430.3021664400713,432.2851257324219,15000,0.0,0.0
2005-12-27 00:00:00+09:00,436.251044317123,436.251044317123,429.112390864661,432.2851257324219,5400,0.0,0.0
2005-12-28 00:00:00+09:00,428.31915283203125,429.5089282565647,420.3873166684751,428.31915283203125,20400,0.0,0.0
2005-12-29 00:00:00+09:00,429.1123364483868,436.25098899558736,424.3532347502532,428.31915283203125,13600,0.0,0.0
2005-12-30 00:00:00+09:00,424.35322632178514,426.3361853232888,423.9566345214844,423.9566345214844,8600,0.0,0.0
2006-01-02 00:00:00+09:00,423.9566345214844,423.9566345214844,423.9566345214844,423.9566345214844,0,0.0,0.0
2006-01-03 00:00:00+09:00,423.9566345214844,423.9566345214844,423.9566345214844,423.9566345214844,0,0.0,0.0
2006-01-04 00:00:00+09:00,425.9396203329397,426.3362121582031,423.95666120662247,426.3362121582031,7600,0.0,0.0
2006-01-05 00:00:00+09:00,431.88849700927733,436.64759890469634,425.5430278153853,436.2510070800781,24600,0.0,0.0
2006-01-06 00:00:00+09:00,440.21691190279444,469.9612978421725,437.4407692151192,464.0124206542969,43600,0.0,0.0
2006-01-09 00:00:00+09:00,464.0124206542969,464.0124206542969,464.0124206542969,464.0124206542969,0,0.0,0.0
2006-01-10 00:00:00+09:00,467.5817591370927,468.77153460563494,464.0124327314661,465.9953918457031,37800,0.0,0.0
2006-01-11 00:00:00+09:00,467.5817964611135,468.374980170123,458.0635919529993,462.0295104980469,12800,0.0,0.0
2006-01-12 00:00:00+09:00,459.25332515321924,462.8226515145137,456.0805906098464,460.0465087890625,9600,0.0,0.0
2006-01-13 00:00:00+09:00,460.0465087890625,461.6328760607489,459.6499169711409,460.0465087890625,15000,0.0,0.0
2006-01-16 00:00:00+09:00,460.0464636051418,462.0294224999916,458.460096489262,459.6498718261719,12000,0.0,0.0
2006-01-17 00:00:00+09:00,458.06355023489124,458.06355023489124,439.4237347707874,450.1317138671875,17000,0.0,0.0
2006-01-18 00:00:00+09:00,450.1317726622546,450.1317726622546,319.6530473707288,416.0248718261719,41400,0.0,0.0
2006-01-19 00:00:00+09:00,404.5236328125,416.817978515625,404.5236328125,416.42138671875,36200,0.0,0.0
2006-01-20 00:00:00+09:00,416.42135044313824,420.38726806640625,414.04179986917745,420.38726806640625,23200,0.0,0.0
2006-01-23 00:00:00+09:00,419.99079749627793,420.387389373045,408.48963307003424,412.0589599609375,23000,0.0,0.0
2006-01-24 00:00:00+09:00,408.09297117955475,409.6793384144607,396.59180872648665,408.48956298828125,12200,0.0,0.0
2006-01-25 00:00:00+09:00,408.48956298828125,416.421399162811,408.48956298828125,408.48956298828125,7200,0.0,0.0
2006-01-26 00:00:00+09:00,416.8180155240572,416.8180155240572,409.6793625464806,412.45550537109375,2400,0.0,0.0
2006-01-27 00:00:00+09:00,414.04188357914717,424.353271484375,411.26574068158584,424.353271484375,22200,0.0,0.0
2006-01-30 00:00:00+09:00,426.3362306969188,428.3191899094626,424.353271484375,424.353271484375,5600,0.0,0.0
2006-01-31 00:00:00+09:00,428.31920714772076,436.251044317123,427.92261528925064,432.2851257324219,12400,0.0,0.0
2006-02-01 00:00:00+09:00,431.8884788271528,438.23394775390625,431.4918870192308,438.23394775390625,15000,0.0,0.0
2006-02-02 00:00:00+09:00,438.233967487495,438.63055931327557,435.45782470703125,435.45782470703125,28000,0.0,0.0
2006-02-03 00:00:00+09:00,436.251000756616,440.2169189453125,436.251000756616,440.2169189453125,6200,0.0,0.0
2006-02-06 00:00:00+09:00,440.2169126783099,444.1828308105469,435.0612191064017,444.1828308105469,12800,0.0,0.0
2006-02-07 00:00:00+09:00,444.1827856205317,444.1827856205317,443.3896020747808,443.78619384765625,3400,0.0,0.0
2006-02-08 00:00:00+09:00,443.7862517478249,444.1828435724432,436.2510070800781,436.2510070800781,8000,0.0,0.0
2006-02-09 00:00:00+09:00,435.06121826171875,444.1828299481541,432.2850755745428,435.06121826171875,8000,0.0,0.0
2006-02-10 00:00:00+09:00,434.26802995469836,435.06121357105394,428.31915283203125,428.31915283203125,3200,0.0,0.0
2006-02-13 00:00:00+09:00,428.319140625,428.319140625,416.42138671875,416.42138671875,13200,0.0,0.0
2006-02-14 00:00:00+09:00,414.0418510124616,435.8544006347656,400.55772942776457,435.8544006347656,8800,0.0,0.0
2006-02-15 00:00:00+09:00,435.8544165328118,436.25100835859234,430.30213097188425,435.45782470703125,8600,0.0,0.0
2006-02-16 00:00:00+09:00,432.28505859375,432.681650390625,416.42138671875,416.42138671875,4200,0.0,0.0
2006-02-17 00:00:00+09:00,416.42138671875,416.42138671875,416.42138671875,416.42138671875,0,0.0,0.0
2006-02-20 00:00:00+09:00,408.4895888819839,408.4895888819839,392.62591552734375,392.62591552734375,27800,0.0,0.0
2006-02-21 00:00:00+09:00,388.2633813352001,389.0565649538624,380.7281369579082,388.65997314453125,9400,0.0,0.0
2006-02-22 00:00:00+09:00,389.0566101074219,389.0566101074219,388.6600182520626,389.0566101074219,2000,0.0,0.0
2006-02-23 00:00:00+09:00,383.5043241323924,389.0566101074219,383.5043241323924,389.0566101074219,9600,0.0,0.0
2006-02-24 00:00:00+09:00,384.69409969847015,389.0566101074219,384.69409969847015,389.0566101074219,18400,0.0,0.0
2006-02-27 00:00:00+09:00,390.6429647101372,415.2316589355469,390.6429647101372,415.2316589355469,8400,0.0,0.0
2006-02-28 00:00:00+09:00,414.438427734375,416.42138671875,396.591796875,416.42138671875,10200,0.0,0.0
2006-03-01 00:00:00+09:00,410.0759964792352,416.42146644409763,386.28048411100104,414.4385070800781,22400,0.0,0.0
2006-03-02 00:00:00+09:00,414.4385070800781,414.4385070800781,414.4385070800781,414.4385070800781,0,0.0,0.0
2006-03-03 00:00:00+09:00,404.5236759224637,406.1100432790224,389.0565941960166,389.45318603515625,3600,0.0,0.0
2006-03-06 00:00:00+09:00,396.59183913967036,396.59183913967036,384.6940839654802,389.45318603515625,5400,0.0,0.0
2006-03-07 00:00:00+09:00,389.45318603515625,389.45318603515625,389.45318603515625,389.45318603515625,0,0.0,0.0
2006-03-08 00:00:00+09:00,392.62591552734375,392.62591552734375,392.22932369347774,392.62591552734375,1600,0.0,0.0
2006-03-09 00:00:00+09:00,392.22934747314457,396.59185791015625,392.22934747314457,396.59185791015625,8200,0.0,0.0
2006-03-10 00:00:00+09:00,396.59185791015625,396.98844976806646,396.59185791015625,396.59185791015625,4800,0.0,0.0
2006-03-13 00:00:00+09:00,396.1952937456716,398.1782531738281,396.1952937456716,398.1782531738281,7200,0.0,0.0
2006-03-14 00:00:00+09:00,397.7816175218824,398.17820936387835,396.59184199589475,396.9884338378906,4200,0.0,0.0
2006-03-15 00:00:00+09:00,388.66002075195314,396.98844976806646,388.66002075195314,396.59185791015625,4400,0.0,0.0
2006-03-16 00:00:00+09:00,400.1611022949219,400.55769407123,400.1611022949219,400.1611022949219,1800,0.0,0.0
2006-03-17 00:00:00+09:00,400.1611022949219,400.1611022949219,400.1611022949219,400.1611022949219,0,0.0,0.0
2006-03-20 00:00:00+09:00,398.5748105190768,400.5577697753906,384.69409572488007,400.5577697753906,6600,0.0,0.0
2006-03-21 00:00:00+09:00,400.5577697753906,400.5577697753906,400.5577697753906,400.5577697753906,0,0.0,0.0
2006-03-22 00:00:00+09:00,400.55769407123,402.54065295277076,396.5917763081485,400.1611022949219,28000,0.0,0.0
2006-03-23 00:00:00+09:00,400.5577443745322,400.5577443745322,396.5918261133982,397.385009765625,11800,0.0,0.0
2006-03-24 00:00:00+09:00,398.57476806640625,398.57476806640625,398.57476806640625,398.57476806640625,1200,0.0,0.0
2006-03-27 00:00:00+09:00,400.16113530249146,400.55772711151275,396.59180902129975,398.57476806640625,6800,0.0,0.0
2006-03-28 00:00:00+09:00,406.2943808397456,406.2943808397456,400.1999651271494,404.2629089355469,6200,12.0,0.0
2006-03-29 00:00:00+09:00,404.26296142578127,406.29443359375,404.26296142578127,406.29443359375,2200,0.0,0.0
2006-03-30 00:00:00+09:00,404.669255859375,406.29443359375,402.2314892578125,406.29443359375,2600,0.0,0.0
2006-03-31 00:00:00+09:00,404.26289357493556,426.6090836720426,392.07406261287724,426.2027893066406,39800,0.0,0.0
2006-04-03 00:00:00+09:00,425.7965339594174,426.2028283620504,416.45176269885764,419.7021179199219,14800,0.0,0.0
2006-04-04 00:00:00+09:00,419.2958124523628,420.5146956280964,416.4517517089844,416.4517517089844,8400,0.0,0.0
2006-04-05 00:00:00+09:00,419.29574294599513,420.92092024423545,414.42021105127424,418.483154296875,6000,0.0,0.0
2006-04-06 00:00:00+09:00,418.483154296875,424.98386348983615,416.4516826740746,418.483154296875,10600,0.0,0.0
2006-04-07 00:00:00+09:00,418.48320462918394,428.64056396484375,417.67061588233116,428.64056396484375,5200,0.0,0.0
2006-04-10 00:00:00+09:00,428.6405276979978,428.6405276979978,422.54611261224426,427.0153503417969,20600,0.0,0.0
2006-04-11 00:00:00+09:00,426.6090920977118,429.85944708512295,418.48320462918394,428.64056396484375,11000,0.0,0.0
2006-04-12 00:00:00+09:00,426.60907228673227,427.01536664129105,422.9524230957031,422.9524230957031,5400,0.0,0.0
2006-04-13 00:00:00+09:00,420.1083626137916,422.9524230957031,420.1083626137916,422.9524230957031,2400,0.0,0.0
2006-04-14 00:00:00+09:00,418.483152843657,426.6090393066406,418.483152843657,426.6090393066406,2600,0.0,0.0
2006-04-17 00:00:00+09:00,418.483154296875,422.13980321791564,417.67056564775487,418.483154296875,9000,0.0,0.0
2006-04-18 00:00:00+09:00,415.63910775142926,418.48316811727483,415.23281341345137,418.0768737792969,2000,0.0,0.0
2006-04-19 00:00:00+09:00,416.04541015625,416.04541015625,416.04541015625,416.04541015625,200,0.0,0.0
2006-04-20 00:00:00+09:00,414.42023277282715,416.04541015625,414.42023277282715,416.04541015625,4800,0.0,0.0
2006-04-21 00:00:00+09:00,410.3573303222656,416.85804050558863,410.3573303222656,410.3573303222656,16000,0.0,0.0
2006-04-24 00:00:00+09:00,407.5133168945313,409.13849462890624,392.0741284179688,406.29443359375,7600,0.0,0.0
2006-04-25 00:00:00+09:00,406.2943892045455,424.57763671875,406.2943892045455,424.57763671875,12400,0.0,0.0
2006-04-26 00:00:00+09:00,414.4202499608256,425.39019775390625,414.4202499608256,425.39019775390625,4400,0.0,0.0
2006-04-27 00:00:00+09:00,414.4202096121652,428.64051092238657,414.4202096121652,426.6090393066406,9800,0.0,0.0
2006-04-28 00:00:00+09:00,426.6090393066406,426.6090393066406,426.6090393066406,426.6090393066406,0,0.0,0.0
2006-05-01 00:00:00+09:00,424.98394530533346,424.98394530533346,415.2328796386719,415.2328796386719,800,0.0,0.0
2006-05-02 00:00:00+09:00,414.4202096121652,427.01533362978984,410.35726638067337,426.6090393066406,14200,0.0,0.0
2006-05-03 00:00:00+09:00,426.6090393066406,426.6090393066406,426.6090393066406,426.6090393066406,0,0.0,0.0
2006-05-04 00:00:00+09:00,426.6090393066406,426.6090393066406,426.6090393066406,426.6090393066406,0,0.0,0.0
2006-05-05 00:00:00+09:00,426.6090393066406,426.6090393066406,426.6090393066406,426.6090393066406,0,0.0,0.0
2006-05-08 00:00:00+09:00,424.9838620140439,430.2656882149833,424.9838620140439,426.6090393066406,16200,0.0,0.0
2006-05-09 00:00:00+09:00,425.39019775390625,425.7964921166129,422.5461372149594,425.39019775390625,5400,0.0,0.0
2006-05-10 00:00:00+09:00,425.3902254971591,425.3902254971591,424.57763671875,424.57763671875,1200,0.0,0.0
2006-05-11 00:00:00+09:00,424.57763671875,424.57763671875,424.57763671875,424.57763671875,0,0.0,0.0
2006-05-12 00:00:00+09:00,422.54609607514885,426.6090393066406,414.4202096121652,426.6090393066406,14000,0.0,0.0
2006-05-15 00:00:00+09:00,426.2028254474193,426.60911984727386,422.54617584872835,423.3587646484375,5600,0.0,0.0
2006-05-16 00:00:00+09:00,418.48324857016866,426.60913689191955,410.3573602484178,419.29583740234375,3600,0.0,0.0
2006-05-17 00:00:00+09:00,410.3573466593622,419.7021179199219,402.23145860670155,419.7021179199219,16000,0.0,0.0
2006-05-18 00:00:00+09:00,410.3573466593622,419.7021179199219,410.3573466593622,419.7021179199219,7200,0.0,0.0
2006-05-19 00:00:00+09:00,420.9209651066707,422.546142578125,414.0139608529898,422.546142578125,5800,0.0,0.0
2006-05-22 00:00:00+09:00,422.546142578125,422.546142578125,414.4202552208534,422.546142578125,800,0.0,0.0
2006-05-23 00:00:00+09:00,420.5146707388071,422.9524369459886,414.0139608529898,422.546142578125,7200,0.0,0.0
2006-05-24 00:00:00+09:00,422.13980175199964,426.6090393066406,417.26426987420945,426.6090393066406,9200,0.0,0.0
2006-05-25 00:00:00+09:00,426.6090678277417,439.61048703773,426.6090678277417,434.7349548339844,60200,0.0,0.0
2006-05-26 00:00:00+09:00,434.32869927491384,434.7349936615134,416.4517462645338,432.7035217285156,29200,0.0,0.0
2006-05-29 00:00:00+09:00,432.7035217285156,433.10981611511517,415.2328631047352,432.7035217285156,19400,0.0,0.0
2006-05-30 00:00:00+09:00,426.20274498349147,426.6090393066406,415.23279825846356,426.6090393066406,20200,0.0,0.0
2006-05-31 00:00:00+09:00,422.13980175199964,430.2656882149833,411.9824436732701,426.6090393066406,15800,0.0,0.0
2006-06-01 00:00:00+09:00,426.6090393066406,426.6090393066406,426.6090393066406,426.6090393066406,0,0.0,0.0
2006-06-02 00:00:00+09:00,424.9839254122838,425.39021979604314,410.7636219807064,414.01397705078125,9000,0.0,0.0
2006-06-05 00:00:00+09:00,414.0140020962419,414.0140020962419,410.3573524212015,412.3888244628906,11000,0.0,0.0
2006-06-06 00:00:00+09:00,409.9510331532312,410.3573275369311,406.2943836999318,409.54473876953125,7600,0.0,0.0
2006-06-07 00:00:00+09:00,406.29443359375,406.29443359375,406.29443359375,406.29443359375,4800,0.0,0.0
2006-06-08 00:00:00+09:00,402.23146212830835,406.29440619021045,394.5118684106944,398.16851806640625,7600,0.0,0.0
2006-06-09 00:00:00+09:00,396.1370294744318,402.2314453125,390.0426136363636,402.2314453125,15000,0.0,0.0
2006-06-12 00:00:00+09:00,402.2314892578125,406.29443359375,401.8251948242187,406.29443359375,7200,0.0,0.0
2006-06-13 00:00:00+09:00,409.95108349609376,410.3573779296875,398.5748393554688,406.29443359375,3000,0.0,0.0
2006-06-14 00:00:00+09:00,398.5748230530335,406.29441697556933,385.9796961267909,405.88812255859375,2600,0.0,0.0
2006-06-15 00:00:00+09:00,390.8551526321648,406.29433745547277,390.8551526321648,392.07403564453125,5400,0.0,0.0
2006-06-16 00:00:00+09:00,392.0740775103545,404.66920331638664,392.0740775103545,404.2629089355469,3800,0.0,0.0
2006-06-19 00:00:00+09:00,402.2314119532041,402.6377063087124,398.1684683981212,401.4188232421875,6400,0.0,0.0
2006-06-20 00:00:00+09:00,402.63773970170456,402.63773970170456,402.2314453125,402.2314453125,3800,0.0,0.0
2006-06-21 00:00:00+09:00,399.793656805203,400.199951171875,399.793656805203,400.199951171875,400,0.0,0.0
2006-06-22 00:00:00+09:00,402.2314892578125,406.70072802734376,402.2314892578125,406.29443359375,2000,0.0,0.0
2006-06-23 00:00:00+09:00,401.8251886573896,413.60772705078125,401.8251886573896,413.60772705078125,3400,0.0,0.0
2006-06-26 00:00:00+09:00,411.9825300545528,412.79511887122845,411.9825300545528,412.3888244628906,800,0.0,0.0
2006-06-27 00:00:00+09:00,412.3888244628906,412.3888244628906,412.3888244628906,412.3888244628906,1800,0.0,0.0
2006-06-28 00:00:00+09:00,406.29441697556933,406.7007113925449,405.88812255859375,405.88812255859375,9600,0.0,0.0
2006-06-29 00:00:00+09:00,404.66923930766706,406.29441697556933,404.2629448906915,405.88812255859375,1800,0.0,0.0
2006-06-30 00:00:00+09:00,405.88813916015624,407.1070224609375,405.88813916015624,406.29443359375,14400,0.0,0.0
2006-07-03 00:00:00+09:00,406.29436974535,406.29436974535,405.4817810058594,405.4817810058594,1000,0.0,0.0
2006-07-04 00:00:00+09:00,404.26296142578127,406.29443359375,402.2314892578125,406.29443359375,11600,0.0,0.0
2006-07-05 00:00:00+09:00,406.2943530297925,406.2943530297925,405.0754699707031,405.0754699707031,600,0.0,0.0
2006-07-06 00:00:00+09:00,405.0755060369318,405.0755060369318,402.2314453125,402.2314453125,4000,0.0,0.0
2006-07-07 00:00:00+09:00,402.2314453125,402.2314453125,402.2314453125,402.2314453125,0,0.0,0.0
2006-07-10 00:00:00+09:00,401.8251616833257,414.4202880859375,401.8251616833257,414.4202880859375,2200,0.0,0.0
2006-07-11 00:00:00+09:00,412.3888244628906,413.2014132795663,412.3888244628906,412.3888244628906,2400,0.0,0.0
2006-07-12 00:00:00+09:00,412.3888248931485,412.3888248931485,403.4503479003906,403.4503479003906,600,0.0,0.0
2006-07-13 00:00:00+09:00,406.2943892045455,406.70068359375,406.2943892045455,406.70068359375,1200,0.0,0.0
2006-07-14 00:00:00+09:00,402.2314453125,402.63773970170456,402.2314453125,402.2314453125,1200,0.0,0.0
2006-07-17 00:00:00+09:00,402.2314453125,402.2314453125,402.2314453125,402.2314453125,0,0.0,0.0
2006-07-18 00:00:00+09:00,397.76220983131645,398.9810930075105,394.1055603027344,394.1055603027344,7000,0.0,0.0
2006-07-19 00:00:00+09:00,390.8551940917969,391.2614884723497,365.6649424975231,390.8551940917969,14600,0.0,0.0
2006-07-20 00:00:00+09:00,389.6363386472066,390.4489274660746,377.8538007736206,390.0426330566406,5800,0.0,0.0
2006-07-21 00:00:00+09:00,390.0425997357776,390.0425997357776,383.9481841149061,389.2300109863281,1000,0.0,0.0
2006-07-24 00:00:00+09:00,381.5104178665575,390.4488941105024,381.5104178665575,389.2300109863281,3800,0.0,0.0
2006-07-25 00:00:00+09:00,389.2300109863281,389.2300109863281,389.2300109863281,389.2300109863281,0,0.0,0.0
2006-07-26 00:00:00+09:00,389.2300109863281,389.2300109863281,387.604833487429,389.2300109863281,1000,0.0,0.0
2006-07-27 00:00:00+09:00,389.2300194060497,396.9496126928085,389.2300194060497,396.13702392578125,6200,0.0,0.0
2006-07-28 00:00:00+09:00,396.13703780595284,396.13703780595284,389.230033044208,395.7307434082031,3200,0.0,0.0
2006-07-31 00:00:00+09:00,395.73074615978805,396.9496293615122,395.3244517592133,396.5433349609375,3600,0.0,0.0
2006-08-01 00:00:00+09:00,396.5433349609375,396.5433349609375,396.5433349609375,396.5433349609375,0,0.0,0.0
2006-08-02 00:00:00+09:00,392.4803771972656,392.8866715835982,392.074082810933,392.4803771972656,1400,0.0,0.0
2006-08-03 00:00:00+09:00,392.48038273447565,394.1055603027344,392.48038273447565,394.1055603027344,400,0.0,0.0
2006-08-04 00:00:00+09:00,391.66784077103176,398.16855182117337,390.0426630084964,394.51190185546875,2000,0.0,0.0
2006-08-07 00:00:00+09:00,394.51190185546875,394.51190185546875,394.51190185546875,394.51190185546875,0,0.0,0.0
2006-08-08 00:00:00+09:00,390.0426330566406,390.0426330566406,389.6363386472066,390.0426330566406,4200,0.0,0.0
2006-08-09 00:00:00+09:00,389.63629150390625,390.04258586418143,389.63629150390625,389.63629150390625,2800,0.0,0.0
2006-08-10 00:00:00+09:00,390.0426330566406,390.4489274660746,390.0426330566406,390.0426330566406,600,0.0,0.0
2006-08-11 00:00:00+09:00,390.04258586418143,390.04258586418143,389.63629150390625,389.63629150390625,2600,0.0,0.0
2006-08-14 00:00:00+09:00,390.0426163820876,394.1055603027344,390.0426163820876,394.1055603027344,1000,0.0,0.0
2006-08-15 00:00:00+09:00,394.511854694799,394.511854694799,394.1055603027344,394.1055603027344,1800,0.0,0.0
2006-08-16 00:00:00+09:00,394.1055603027344,394.511854694799,394.1055603027344,394.1055603027344,1400,0.0,0.0
2006-08-17 00:00:00+09:00,394.5118715604146,394.91816596984864,390.0426330566406,390.0426330566406,4800,0.0,0.0
2006-08-18 00:00:00+09:00,390.04262994260205,398.16851806640625,390.04262994260205,398.16851806640625,2000,0.0,0.0
2006-08-21 00:00:00+09:00,397.35592925402585,398.16851806640625,397.35592925402585,398.16851806640625,1800,0.0,0.0
2006-08-22 00:00:00+09:00,398.16851806640625,398.5748124725965,395.730751629265,398.16851806640625,12400,0.0,0.0
2006-08-23 00:00:00+09:00,398.9810846103766,399.3873789938902,395.7307295422676,396.13702392578125,4600,0.0,0.0
2006-08-24 00:00:00+09:00,397.7621683880566,399.79364013671875,397.7621683880566,399.79364013671875,4600,0.0,0.0
2006-08-25 00:00:00+09:00,401.8251037597656,402.2313981012821,401.4188094182492,401.8251037597656,1800,0.0,0.0
2006-08-28 00:00:00+09:00,401.8251509232955,402.2314453125,401.8251509232955,402.2314453125,3200,0.0,0.0
2006-08-29 00:00:00+09:00,401.82515650581365,402.2314509006628,399.38739013671875,399.38739013671875,2800,0.0,0.0
2006-08-30 00:00:00+09:00,400.6062341570976,402.23141157761324,396.9495849609375,396.9495849609375,2800,0.0,0.0
2006-08-31 00:00:00+09:00,398.16850142045456,403.0440340909091,396.94961825284093,402.2314453125,4400,0.0,0.0
2006-09-01 00:00:00+09:00,396.94961825284093,402.2314453125,394.1055575284091,402.2314453125,1600,0.0,0.0
2006-09-04 00:00:00+09:00,399.79367897727275,402.2314453125,399.79367897727275,402.2314453125,1400,0.0,0.0
2006-09-05 00:00:00+09:00,402.2314453125,404.26291725852275,402.2314453125,402.2314453125,4000,0.0,0.0
2006-09-06 00:00:00+09:00,404.2629201043512,404.2629201043512,390.855205166217,394.1055603027344,2600,0.0,0.0
2006-09-07 00:00:00+09:00,400.19996776091745,400.19996776091745,394.1055520082131,396.13702392578125,2400,0.0,0.0
2006-09-08 00:00:00+09:00,401.82514529497195,401.82514529497195,395.7307295422676,396.13702392578125,1000,0.0,0.0
2006-09-11 00:00:00+09:00,398.16851806640625,398.16851806640625,398.16851806640625,398.16851806640625,1200,0.0,0.0
2006-09-12 00:00:00+09:00,398.1684958433494,398.1684958433494,396.13702392578125,396.13702392578125,1600,0.0,0.0
2006-09-13 00:00:00+09:00,396.13702392578125,396.13702392578125,396.13702392578125,396.13702392578125,2200,0.0,0.0
2006-09-14 00:00:00+09:00,396.5433349609375,396.5433349609375,396.5433349609375,396.5433349609375,200,0.0,0.0
2006-09-15 00:00:00+09:00,398.16851256323645,398.16851256323645,396.5433349609375,396.5433349609375,600,0.0,0.0
2006-09-18 00:00:00+09:00,396.5433349609375,396.5433349609375,396.5433349609375,396.5433349609375,0,0.0,0.0
2006-09-19 00:00:00+09:00,395.7307295422676,396.5433183092949,395.324435158754,396.13702392578125,1200,0.0,0.0
2006-09-20 00:00:00+09:00,395.730748900119,398.1685153204483,391.26151046284866,397.3559265136719,7800,0.0,0.0
2006-09-21 00:00:00+09:00,391.26143676633126,397.76214599609375,385.9796105171492,397.76214599609375,5800,0.0,0.0
2006-09-22 00:00:00+09:00,398.16851806640625,398.16851806640625,398.16851806640625,398.16851806640625,400,0.0,0.0
2006-09-25 00:00:00+09:00,397.76218130011307,397.76218130011307,385.9796447753906,385.9796447753906,5400,0.0,0.0
2006-09-26 00:00:00+09:00,385.9796889623006,390.0426330566406,377.8538007736206,390.0426330566406,1800,0.0,2.0
2006-09-27 00:00:00+09:00,373.7908566792806,390.0426330566406,372.9782678604126,390.0426330566406,1600,0.0,0.0
2006-09-28 00:00:00+09:00,385.97966133280005,389.2300163756026,381.9167175292969,381.9167175292969,1400,0.0,0.0
2006-09-29 00:00:00+09:00,366.47753107598487,381.9167175292969,365.66494231528424,381.9167175292969,4900,0.0,0.0
2006-10-02 00:00:00+09:00,369.7278861187874,381.9167175292969,369.7278861187874,381.9167175292969,700,0.0,0.0
2006-10-03 00:00:00+09:00,381.9167175292969,381.9167175292969,381.9167175292969,381.9167175292969,100,0.0,0.0
2006-10-04 00:00:00+09:00,373.7908408916102,373.7908408916102,367.2901306152344,367.2901306152344,3100,0.0,0.0
2006-10-05 00:00:00+09:00,367.29013886504123,369.7279052734375,367.29013886504123,369.7279052734375,1100,0.0,0.0
2006-10-06 00:00:00+09:00,369.7279052734375,369.7279052734375,369.7279052734375,369.7279052734375,0,0.0,0.0
2006-10-09 00:00:00+09:00,369.7279052734375,369.7279052734375,369.7279052734375,369.7279052734375,0,0.0,0.0
2006-10-10 00:00:00+09:00,368.91530818432835,369.7278969688753,366.4775418306874,367.2901306152344,3800,0.0,0.0
2006-10-11 00:00:00+09:00,367.2901306152344,367.2901306152344,365.6649530461404,367.2901306152344,500,0.0,0.0
2006-10-12 00:00:00+09:00,365.6649141375365,365.6649141375365,364.8523254394531,364.8523254394531,500,0.0,0.0
2006-10-13 00:00:00+09:00,354.28871285969313,364.8523671422069,353.47612406873054,359.16424560546875,4300,0.0,0.0
2006-10-16 00:00:00+09:00,359.16424560546875,359.16424560546875,359.16424560546875,359.16424560546875,0,0.0,0.0
2006-10-17 00:00:00+09:00,357.53906802354356,359.16424560546875,357.53906802354356,359.16424560546875,3200,0.0,0.0
2006-10-18 00:00:00+09:00,357.53903481965705,358.35162353515625,357.53903481965705,358.35162353515625,1400,0.0,0.0
2006-10-19 00:00:00+09:00,358.3516190816341,358.3516190816341,326.6606595710134,339.6620788574219,26200,0.0,0.0
2006-10-20 00:00:00+09:00,339.6621317300452,340.47472056193527,335.5991875705949,337.224365234375,6300,0.0,0.0
2006-10-23 00:00:00+09:00,338.0369567871094,338.8495456255399,336.4117791102483,338.0369567871094,6800,0.0,0.0
2006-10-24 00:00:00+09:00,337.22436794867883,338.8495456255399,335.59919027181775,338.0369567871094,6600,0.0,0.0
2006-10-25 00:00:00+09:00,336.4117791102483,338.0369567871094,336.4117791102483,338.0369567871094,600,0.0,0.0
2006-10-26 00:00:00+09:00,338.0369567871094,338.0369567871094,337.22436794867883,338.0369567871094,7000,0.0,0.0
2006-10-27 00:00:00+09:00,338.0369819972826,338.8495708963145,336.41180419921875,336.41180419921875,1700,0.0,0.0
2006-10-30 00:00:00+09:00,337.2243291009713,337.2243291009713,333.1613853768633,335.5991516113281,2300,0.0,0.0
2006-10-31 00:00:00+09:00,338.03690929878053,338.8494980230564,333.161376953125,333.161376953125,8600,0.0,0.0
2006-11-01 00:00:00+09:00,333.1614018624609,340.4747009277344,328.2858691522785,340.4747009277344,6200,0.0,0.0
2006-11-02 00:00:00+09:00,335.59916821755206,340.4747009277344,335.59916821755206,340.4747009277344,1900,0.0,0.0
2006-11-03 00:00:00+09:00,340.4747009277344,340.4747009277344,340.4747009277344,340.4747009277344,0,0.0,0.0
2006-11-06 00:00:00+09:00,340.47472056193527,341.2873093938253,337.224365234375,337.224365234375,2300,0.0,0.0
2006-11-07 00:00:00+09:00,339.6621065940217,340.47469536577773,329.09845256119326,338.8495178222656,7000,0.0,0.0
2006-11-08 00:00:00+09:00,330.7236107802973,333.97396567740094,330.7236107802973,333.161376953125,5900,0.0,0.0
2006-11-09 00:00:00+09:00,333.1613991477273,333.1613991477273,329.91104403409093,330.7236328125,300,0.0,0.0
2006-11-10 00:00:00+09:00,330.7236328125,330.7236328125,330.7236328125,330.7236328125,800,0.0,0.0
2006-11-13 00:00:00+09:00,330.7236328125,330.7236328125,330.7236328125,330.7236328125,400,0.0,0.0
2006-11-14 00:00:00+09:00,329.0984802246094,329.91106906467013,329.0984802246094,329.0984802246094,6600,0.0,0.0
2006-11-15 00:00:00+09:00,329.0984802246094,329.0984802246094,326.6607137044271,329.0984802246094,1400,0.0,0.0
2006-11-16 00:00:00+09:00,326.6606491904222,326.6606491904222,317.7221737150624,319.34735107421875,900,0.0,0.0
2006-11-17 00:00:00+09:00,319.34742106648235,319.34742106648235,308.7837659167005,312.8467102050781,3000,0.0,0.0
2006-11-20 00:00:00+09:00,304.72077543314026,308.7837191055821,287.6564120088844,307.97113037109375,8000,0.0,0.0
2006-11-21 00:00:00+09:00,307.9711027446546,308.78369140625,303.90815943667764,308.78369140625,1700,0.0,0.0
2006-11-22 00:00:00+09:00,316.09702347082106,316.09702347082106,307.97113597799785,309.5963134765625,1600,0.0,0.0
2006-11-23 00:00:00+09:00,309.5963134765625,309.5963134765625,309.5963134765625,309.5963134765625,0,0.0,0.0
2006-11-24 00:00:00+09:00,303.9081844535769,316.0970153808594,303.9081844535769,316.0970153808594,1700,0.0,0.0
2006-11-27 00:00:00+09:00,315.2843991010617,316.9095764160156,315.2843991010617,316.9095764160156,1800,0.0,0.0
2006-11-28 00:00:00+09:00,308.7837659167005,313.65929906275363,308.7837659167005,312.8467102050781,2900,0.0,0.0
2006-11-29 00:00:00+09:00,312.8467102050781,312.8467102050781,312.8467102050781,312.8467102050781,100,0.0,0.0
2006-11-30 00:00:00+09:00,312.8466825358073,312.8466825358073,304.7207946777344,304.7207946777344,9400,0.0,0.0
2006-12-01 00:00:00+09:00,301.4704200081203,302.2830087412959,296.59488760906714,299.03265380859375,4600,0.0,0.0
2006-12-04 00:00:00+09:00,299.84523399039495,300.65782270039597,292.5319356003853,296.5948791503906,8100,0.0,0.0
2006-12-05 00:00:00+09:00,298.2200706688134,300.6578369140625,292.53194942989865,300.6578369140625,6200,0.0,0.0
2006-12-06 00:00:00+09:00,300.6578369140625,302.2830144108953,299.8452481656461,300.6578369140625,6500,0.0,0.0
2006-12-07 00:00:00+09:00,300.65787284604966,308.78376130134825,300.65787284604966,302.2830505371094,4300,0.0,0.0
2006-12-08 00:00:00+09:00,301.4704449802874,306.3459777832031,293.3445569754279,306.3459777832031,4000,0.0,0.0
2006-12-11 00:00:00+09:00,306.34592542146385,312.0340460526316,299.84521612870066,308.78369140625,8200,0.0,0.0
2006-12-12 00:00:00+09:00,308.78372439822635,309.59631314664273,300.6578369140625,300.6578369140625,1600,0.0,0.0
2006-12-13 00:00:00+09:00,300.6578284323378,301.4704171578306,298.2200622558594,298.2200622558594,3600,0.0,0.0
2006-12-14 00:00:00+09:00,299.8452676241515,300.65785642530096,297.4075012207031,297.4075012207031,4100,0.0,0.0
2006-12-15 00:00:00+09:00,298.22009002185257,299.0326788230021,296.5949124195537,297.4075012207031,7300,0.0,0.0
2006-12-18 00:00:00+09:00,299.03265380859375,300.6578312749448,297.4074763422427,299.03265380859375,6400,0.0,0.0
2006-12-19 00:00:00+09:00,299.03265380859375,299.84524254176927,295.7822988758916,299.03265380859375,1700,0.0,0.0
2006-12-20 00:00:00+09:00,297.4075012207031,299.0326788230021,296.5949124195537,297.4075012207031,4900,0.0,0.0
2006-12-21 00:00:00+09:00,296.5948762998476,299.84523110861306,294.1571101932735,295.78228759765625,7200,0.0,0.0
2006-12-22 00:00:00+09:00,296.5948791503906,297.4074678603917,296.5948791503906,296.5948791503906,4200,0.0,0.0
2006-12-25 00:00:00+09:00,296.5948931719806,300.6578369140625,294.9697156751478,300.6578369140625,6900,0.0,0.0
2006-12-26 00:00:00+09:00,295.78232071247504,307.158563816801,294.9697319193089,305.53338623046875,8400,0.0,0.0
2006-12-27 00:00:00+09:00,300.6578032664764,316.9095764160156,296.59485997909155,316.9095764160156,9300,0.0,0.0
2006-12-28 00:00:00+09:00,316.09706835178514,316.90965721644267,295.7823467353465,313.6593017578125,10400,0.0,0.0
2006-12-29 00:00:00+09:00,302.2830283203125,312.8466825358073,301.4704395345052,304.7207946777344,1200,0.0,0.0
2007-01-04 00:00:00+09:00,304.7207946777344,307.15856103515625,304.7207946777344,304.7207946777344,1500,0.0,0.0
2007-01-05 00:00:00+09:00,304.72082424657947,313.6593017578125,300.6578799232918,313.6593017578125,7000,0.0,0.0
2007-01-09 00:00:00+09:00,316.0969893606086,316.90957802220396,308.78369140625,308.78369140625,7600,0.0,0.0
2007-01-10 00:00:00+09:00,307.971155384175,308.783744184661,300.65785617980146,306.3459777832031,12800,0.0,0.0
2007-01-11 00:00:00+09:00,307.97113597799785,309.5963134765625,307.97113597799785,309.5963134765625,1700,0.0,0.0
2007-01-12 00:00:00+09:00,302.2830174630849,311.2214937859181,300.6578399498425,310.4089050292969,7200,0.0,0.0
2007-01-15 00:00:00+09:00,307.9711526099672,307.9711526099672,303.9082086441365,305.53338623046875,7500,0.0,0.0
2007-01-16 00:00:00+09:00,301.4704204951868,307.97113037109375,301.4704204951868,307.97113037109375,3900,0.0,0.0
2007-01-17 00:00:00+09:00,303.9082004229228,312.0340881347656,303.0956116517385,312.0340881347656,2800,0.0,0.0
2007-01-18 00:00:00+09:00,308.7837330500285,312.0340881347656,307.97114427884424,312.0340881347656,2900,0.0,0.0
2007-01-19 00:00:00+09:00,308.7837469514716,312.0341021825397,307.1585693359375,307.1585693359375,1900,0.0,0.0
2007-01-22 00:00:00+09:00,308.7837330500285,312.0340881347656,308.7837330500285,312.0340881347656,2700,0.0,0.0
2007-01-23 00:00:00+09:00,312.03407173843186,316.0970153808594,312.03407173843186,316.0970153808594,4500,0.0,0.0
2007-01-24 00:00:00+09:00,316.09698775853866,317.7221650734926,313.65922178610776,316.9095764160156,3400,0.0,0.0
2007-01-25 00:00:00+09:00,317.7221822256994,321.7851257324219,316.9095935243549,321.7851257324219,11600,0.0,0.0
2007-01-26 00:00:00+09:00,324.2229042234014,343.72503380074886,322.59772675862246,342.9124450683594,36400,0.0,0.0
2007-01-29 00:00:00+09:00,341.2873121408316,341.2873121408316,329.9110684028039,338.0369567871094,7700,0.0,0.0
2007-01-30 00:00:00+09:00,336.4117791102483,338.0369567871094,317.7222358263456,338.0369567871094,16400,0.0,0.0
2007-01-31 00:00:00+09:00,337.22437218774724,337.22437218774724,320.16000636619856,320.97259521484375,5800,0.0,0.0
2007-02-01 00:00:00+09:00,320.97261511761207,337.2243930982507,316.90967062245244,336.41180419921875,12700,0.0,0.0
2007-02-02 00:00:00+09:00,335.5991182049501,336.4117068688846,325.84805423773605,334.7865295410156,4300,0.0,0.0
2007-02-05 00:00:00+09:00,325.0355167901895,332.34881591796875,324.222927998214,332.34881591796875,4600,0.0,0.0
2007-02-06 00:00:00+09:00,325.0354919433594,325.8480806732178,324.222903213501,325.0354919433594,3400,0.0,0.0
2007-02-07 00:00:00+09:00,325.0354919433594,325.8480806732178,320.9725482940674,325.0354919433594,4000,0.0,0.0
2007-02-08 00:00:00+09:00,320.9725482940674,325.8480806732178,317.7221933746338,325.0354919433594,3100,0.0,0.0
2007-02-09 00:00:00+09:00,324.2229478710194,325.0355367128014,320.1600036621094,320.1600036621094,2100,0.0,0.0
2007-02-13 00:00:00+09:00,319.34744119172046,328.2859191894531,313.659318829527,328.2859191894531,9900,0.0,0.0
2007-02-14 00:00:00+09:00,325.8480529785156,325.8480529785156,325.0354643177213,325.8480529785156,1900,0.0,0.0
2007-02-15 00:00:00+09:00,325.8480806732178,325.8480806732178,324.222903213501,325.0354919433594,8500,0.0,0.0
2007-02-16 00:00:00+09:00,317.7221933746338,325.8480806732178,313.6592497253418,325.0354919433594,7400,0.0,0.0
2007-02-19 00:00:00+09:00,324.222903213501,325.0354919433594,324.222903213501,325.0354919433594,2500,0.0,0.0
2007-02-20 00:00:00+09:00,320.15998691185973,325.8481085067405,320.15998691185973,324.2229309082031,2300,0.0,0.0
2007-02-21 00:00:00+09:00,320.15992376432945,324.22286695930825,320.15992376432945,323.4102783203125,1200,0.0,0.0
2007-02-22 00:00:00+09:00,324.222903213501,329.9110243225098,323.4103144836426,325.0354919433594,4800,0.0,0.0
2007-02-23 00:00:00+09:00,324.222903213501,325.0354919433594,324.222903213501,325.0354919433594,4000,0.0,0.0
2007-02-26 00:00:00+09:00,325.03553602430554,331.5362467447917,324.2229471842448,329.0984802246094,7600,0.0,0.0
2007-02-27 00:00:00+09:00,329.0984802246094,329.0984802246094,329.0984802246094,329.0984802246094,300,0.0,0.0
2007-02-28 00:00:00+09:00,324.222903213501,325.0354919433594,316.9096046447754,325.0354919433594,1000,0.0,0.0
2007-03-01 00:00:00+09:00,325.0354919433594,325.0354919433594,325.0354919433594,325.0354919433594,0,0.0,0.0
2007-03-02 00:00:00+09:00,317.72216637057255,326.6606416393099,316.90957770977826,325.8480529785156,3200,0.0,0.0
2007-03-05 00:00:00+09:00,324.2229471842448,329.91106906467013,312.03411458333335,329.0984802246094,4800,0.0,0.0
2007-03-06 00:00:00+09:00,329.0984062781701,329.91099493564707,316.09698775853866,316.9095764160156,9800,0.0,0.0
2007-03-07 00:00:00+09:00,316.909631714785,325.8481085067405,316.09704291551634,324.2229309082031,8100,0.0,0.0
2007-03-08 00:00:00+09:00,325.8480806732178,325.8480806732178,325.0354919433594,325.0354919433594,600,0.0,0.0
2007-03-09 00:00:00+09:00,324.2229471842448,329.0984802246094,322.5977695041233,329.0984802246094,5900,0.0,0.0
2007-03-12 00:00:00+09:00,329.09843559265136,329.09843559265136,325.0354919433594,325.0354919433594,1900,0.0,0.0
2007-03-13 00:00:00+09:00,329.0984802246094,329.0984802246094,328.2858913845486,329.0984802246094,1400,0.0,0.0
2007-03-14 00:00:00+09:00,329.09846370381524,329.9110525030839,324.2229309082031,324.2229309082031,2200,0.0,0.0
2007-03-15 00:00:00+09:00,325.0354919433594,325.0354919433594,324.222903213501,325.0354919433594,1800,0.0,0.0
2007-03-16 00:00:00+09:00,324.2229309082031,325.03551970747185,320.9725757111284,324.2229309082031,1300,0.0,0.0
2007-03-19 00:00:00+09:00,317.7221933746338,325.0354919433594,300.65783004760743,325.0354919433594,10400,0.0,0.0
2007-03-20 00:00:00+09:00,304.7207493306426,317.72216796875,304.7207493306426,317.72216796875,9000,0.0,0.0
2007-03-22 00:00:00+09:00,313.6592656771342,316.90962076187134,307.97114427884424,312.0340881347656,7100,0.0,0.0
2007-03-23 00:00:00+09:00,312.0341240284974,313.6593017578125,310.40894629918233,313.6593017578125,1800,0.0,0.0
2007-03-26 00:00:00+09:00,314.47180329135915,324.22286695930825,313.6592146523634,323.4102783203125,6100,0.0,0.0
2007-03-27 00:00:00+09:00,322.58106666275216,327.5566101074219,320.9225521811956,327.5566101074219,1100,8.0,0.0
2007-03-28 00:00:00+09:00,327.5565735939468,329.215087890625,326.7273164456077,329.215087890625,3000,0.0,0.0
2007-03-29 00:00:00+09:00,329.215087890625,329.215087890625,329.215087890625,329.215087890625,0,0.0,0.0
2007-03-30 00:00:00+09:00,326.7273864746094,326.7273864746094,326.7273864746094,326.7273864746094,1000,0.0,0.0
2007-04-02 00:00:00+09:00,324.2395599520936,325.0688171386719,324.2395599520936,325.0688171386719,800,0.0,0.0
2007-04-03 00:00:00+09:00,320.9225193370472,329.21509089614403,320.9225193370472,328.3858337402344,3500,0.0,0.0
2007-04-04 00:00:00+09:00,325.06876027960527,325.89801732113483,314.2884187397204,315.11767578125,9200,0.0,0.0
2007-04-05 00:00:00+09:00,321.7518005371094,321.7518005371094,320.9225433192302,321.7518005371094,600,0.0,0.0
2007-04-06 00:00:00+09:00,317.60553603284944,317.60553603284944,315.1177642101378,315.947021484375,600,0.0,0.0
2007-04-09 00:00:00+09:00,320.09332275390625,320.09332275390625,320.09332275390625,320.09332275390625,100,0.0,0.0
2007-04-10 00:00:00+09:00,313.45922545581504,314.2884826660156,313.45922545581504,314.2884826660156,4400,0.0,0.0
2007-04-11 00:00:00+09:00,313.4592692573664,326.7273864746094,313.4592692573664,326.7273864746094,3700,0.0,0.0
2007-04-12 00:00:00+09:00,322.5810123666855,326.72729787268406,322.5810123666855,325.8980407714844,2200,0.0,0.0
2007-04-13 00:00:00+09:00,316.77629664037136,322.58109788770804,310.97149539303473,319.2640686035156,3800,0.0,0.0
2007-04-16 00:00:00+09:00,319.26403769963906,328.3858673482002,318.43478045886076,327.5566101074219,4500,0.0,0.0
2007-04-17 00:00:00+09:00,315.1177788769025,320.09332275390625,315.1177788769025,320.09332275390625,4000,0.0,0.0
2007-04-18 00:00:00+09:00,322.58108436374135,330.8736572265625,321.75182707745927,330.8736572265625,2000,0.0,0.0
2007-04-19 00:00:00+09:00,330.8736052079634,330.8736052079634,327.55657658432466,328.3858337402344,1600,0.0,0.0
2007-04-20 00:00:00+09:00,316.77623066553844,329.215087890625,316.77623066553844,329.215087890625,4000,0.0,0.0
2007-04-23 00:00:00+09:00,316.7762335574988,328.3858337402344,316.7762335574988,328.3858337402344,2400,0.0,0.0
2007-04-24 00:00:00+09:00,315.11769845588816,329.2150691762832,315.11769845588816,325.8980407714844,4700,0.0,0.0
2007-04-25 00:00:00+09:00,319.2639927008213,324.23953544421073,319.2639927008213,323.4102783203125,2200,0.0,0.0
2007-04-26 00:00:00+09:00,319.2639927008213,323.4102783203125,319.2639927008213,323.4102783203125,300,0.0,0.0
2007-04-27 00:00:00+09:00,324.2395989363056,332.53217179912673,323.4103416500235,330.8736572265625,5200,0.0,0.0
2007-05-01 00:00:00+09:00,325.8980496920072,327.55656393980365,323.4102783203125,323.4102783203125,3500,0.0,0.0
2007-05-02 00:00:00+09:00,323.41032390353047,327.5566101074219,323.41032390353047,327.5566101074219,2000,0.0,0.0
2007-05-07 00:00:00+09:00,328.3858853677161,331.7029145128446,327.55662808143404,330.8736572265625,2600,0.0,0.0
2007-05-08 00:00:00+09:00,330.0443754079008,339.9954621036164,329.2151181832578,337.5076904296875,21200,0.0,0.0
2007-05-09 00:00:00+09:00,336.67842710163893,339.16619873046875,335.84916989202895,339.16619873046875,9600,0.0,0.0
2007-05-10 00:00:00+09:00,339.16619264180355,341.65396422597325,339.16619264180355,340.82470703125,11900,0.0,0.0
2007-05-11 00:00:00+09:00,340.8247585573058,343.3125305175781,340.8247585573058,343.3125305175781,6900,0.0,0.0
2007-05-14 00:00:00+09:00,347.4587981451125,348.2880554199219,347.4587981451125,348.2880554199219,7200,0.0,0.0
2007-05-15 00:00:00+09:00,347.4588044088993,348.28806169865805,346.6295471191406,346.6295471191406,3200,0.0,0.0
2007-05-16 00:00:00+09:00,347.45876770019527,348.28802490234375,335.8491668701172,339.9954528808594,6200,0.0,0.0
2007-05-17 00:00:00+09:00,339.9954528808594,339.9954528808594,335.8491668701172,339.9954528808594,1500,0.0,0.0
2007-05-18 00:00:00+09:00,339.1661802692178,339.9954374336902,335.8491516113281,335.8491516113281,2700,0.0,0.0
2007-05-21 00:00:00+09:00,335.0199004899775,335.84915766940816,319.2640140807954,334.1906433105469,3400,0.0,0.0
2007-05-22 00:00:00+09:00,334.1906433105469,335.0199004899775,331.7028717722549,334.1906433105469,5000,0.0,0.0
2007-05-23 00:00:00+09:00,333.36138011791087,335.8491516113281,323.4102941442419,335.8491516113281,7400,0.0,0.0
2007-05-24 00:00:00+09:00,330.87361160127244,335.0198974609375,330.87361160127244,335.0198974609375,700,0.0,0.0
2007-05-25 00:00:00+09:00,331.70286578896605,335.8491516113281,331.70286578896605,335.8491516113281,1500,0.0,0.0
2007-05-28 00:00:00+09:00,335.8491638629106,340.82470703125,331.7028778892944,340.82470703125,3400,0.0,0.0
2007-05-29 00:00:00+09:00,339.9954528808594,339.9954528808594,339.9954528808594,339.9954528808594,1000,0.0,0.0
2007-05-30 00:00:00+09:00,331.70286578896605,335.8491516113281,331.70286578896605,335.8491516113281,3600,0.0,0.0
2007-05-31 00:00:00+09:00,335.8491516113281,335.8491516113281,335.8491516113281,335.8491516113281,0,0.0,0.0
2007-06-01 00:00:00+09:00,332.5321259451385,335.0198974609375,332.5321259451385,335.0198974609375,1100,0.0,0.0
2007-06-04 00:00:00+09:00,335.84923993190523,336.6784973144531,335.84923993190523,336.6784973144531,300,0.0,0.0
2007-06-05 00:00:00+09:00,330.8736572265625,330.8736572265625,330.04439994028036,330.8736572265625,500,0.0,0.0
2007-06-06 00:00:00+09:00,327.5565979474614,328.385855157455,322.5810546875,322.5810546875,2000,0.0,0.0
2007-06-07 00:00:00+09:00,327.5566438006871,329.21515845284245,325.89812914853167,326.7273864746094,900,0.0,0.0
2007-06-08 00:00:00+09:00,326.7273864746094,326.7273864746094,326.7273864746094,326.7273864746094,200,0.0,0.0
2007-06-11 00:00:00+09:00,322.5810546875,325.0688263174807,322.5810546875,322.5810546875,4200,0.0,0.0
2007-06-12 00:00:00+09:00,322.5809891550164,323.41024619654604,315.11767578125,315.11767578125,6400,0.0,0.0
2007-06-13 00:00:00+09:00,315.9470330763233,320.9225769042969,315.9470330763233,320.9225769042969,300,0.0,0.0
2007-06-14 00:00:00+09:00,321.751764072516,323.4102783203125,321.751764072516,323.4102783203125,800,0.0,0.0
2007-06-15 00:00:00+09:00,323.4102783203125,324.23953544421073,316.7762213291266,323.4102783203125,1500,0.0,0.0
2007-06-18 00:00:00+09:00,323.4102783203125,323.4102783203125,323.4102783203125,323.4102783203125,1100,0.0,0.0
2007-06-19 00:00:00+09:00,317.60555396141945,319.2640686035156,306.8252087877943,319.2640686035156,13400,0.0,0.0
2007-06-20 00:00:00+09:00,315.11772473653156,318.43475341796875,314.28846756617224,318.43475341796875,1600,0.0,0.0
2007-06-21 00:00:00+09:00,318.43480812823833,320.09332275390625,318.43480812823833,320.09332275390625,3100,0.0,0.0
2007-06-22 00:00:00+09:00,320.0932677586873,320.0932677586873,316.7762390772501,318.43475341796875,900,0.0,0.0
2007-06-25 00:00:00+09:00,319.2640258475257,322.5810546875,319.2640258475257,322.5810546875,2400,0.0,0.0
2007-06-26 00:00:00+09:00,320.9225800667402,320.9225800667402,320.09332275390625,320.09332275390625,800,0.0,0.0
2007-06-27 00:00:00+09:00,321.7517974775064,322.5810546875,321.7517974775064,322.5810546875,300,0.0,0.0
2007-06-28 00:00:00+09:00,322.5810546875,322.5810546875,322.5810546875,322.5810546875,200,0.0,0.0
2007-06-29 00:00:00+09:00,318.43472881217275,319.26398591845447,315.11770038704594,316.7762145996094,2500,0.0,0.0
2007-07-02 00:00:00+09:00,315.94698190689087,318.43475341796875,315.11772473653156,318.43475341796875,3700,0.0,0.0
2007-07-03 00:00:00+09:00,318.43475341796875,318.43475341796875,318.43475341796875,318.43475341796875,1500,0.0,0.0
2007-07-04 00:00:00+09:00,318.43475341796875,318.43475341796875,318.43475341796875,318.43475341796875,2100,0.0,0.0
2007-07-05 00:00:00+09:00,319.264010588328,319.264010588328,317.60549624760944,318.43475341796875,1500,0.0,0.0
2007-07-06 00:00:00+09:00,318.43475341796875,318.43475341796875,318.43475341796875,318.43475341796875,400,0.0,0.0
2007-07-09 00:00:00+09:00,318.43481128246754,321.7518405666599,318.43481128246754,319.2640686035156,1600,0.0,0.0
2007-07-10 00:00:00+09:00,320.9225769042969,321.75183420895917,319.26406229497235,320.9225769042969,1300,0.0,0.0
2007-07-11 00:00:00+09:00,320.0932498247195,323.4102783203125,320.0932498247195,323.4102783203125,3400,0.0,0.0
2007-07-12 00:00:00+09:00,322.58102119641427,324.23953544421073,322.58102119641427,323.4102783203125,2800,0.0,0.0
2007-07-13 00:00:00+09:00,324.2395811443087,328.3858673482002,323.41032390353047,327.5566101074219,11800,0.0,0.0
2007-07-17 00:00:00+09:00,327.5565735939468,331.7028593356423,326.7273164456077,329.215087890625,9700,0.0,0.0
2007-07-18 00:00:00+09:00,327.5566101074219,333.36141079286983,325.8980956258653,327.5566101074219,6300,0.0,0.0
2007-07-19 00:00:00+09:00,330.87360862449367,336.67840877580056,330.04435146002123,335.8491516113281,4600,0.0,0.0
2007-07-20 00:00:00+09:00,335.84923351512236,339.1662629819384,335.0199761484184,338.3370056152344,5200,0.0,0.0
2007-07-23 00:00:00+09:00,339.16621991500114,342.4832489606246,338.33696265359526,341.65399169921875,4000,0.0,0.0
2007-07-24 00:00:00+09:00,341.6540416097406,341.6540416097406,333.3614677842615,336.6784973144531,6600,0.0,0.0
2007-07-25 00:00:00+09:00,335.84916072105295,336.6784179080185,333.36138916015625,333.36138916015625,2500,0.0,0.0
2007-07-26 00:00:00+09:00,333.36146141501035,338.3370056152344,333.36146141501035,338.3370056152344,2400,0.0,0.0
2007-07-27 00:00:00+09:00,337.50767509498405,338.33693228194966,331.70287478622515,333.36138916015625,2800,0.0,0.0
2007-07-30 00:00:00+09:00,333.36139526367185,341.6539672851562,331.702880859375,339.9954528808594,4400,0.0,0.0
2007-07-31 00:00:00+09:00,339.9954528808594,340.8247100830078,339.9954528808594,339.9954528808594,2100,0.0,0.0
2007-08-01 00:00:00+09:00,340.82469459816264,342.48320892710746,335.8491516113281,335.8491516113281,4400,0.0,0.0
2007-08-02 00:00:00+09:00,341.65400338058834,346.6295471191406,341.65400338058834,346.6295471191406,4000,0.0,0.0
2007-08-03 00:00:00+09:00,346.62951049804684,350.775796508789,338.33693847656247,339.9954528808594,14200,0.0,0.0
2007-08-06 00:00:00+09:00,343.31255637483645,344.1418137573844,335.84923993190523,336.6784973144531,4800,0.0,0.0
2007-08-07 00:00:00+09:00,338.3369728031015,338.3369728031015,321.75182707745927,330.8736572265625,13300,0.0,0.0
2007-08-08 00:00:00+09:00,330.8736572265625,330.8736572265625,330.8736572265625,330.8736572265625,2100,0.0,0.0
2007-08-09 00:00:00+09:00,330.8736572265625,330.8736572265625,330.8736572265625,330.8736572265625,2800,0.0,0.0
2007-08-10 00:00:00+09:00,330.8736326325438,338.33694765433046,322.5810603861141,337.5076904296875,6700,0.0,0.0
2007-08-13 00:00:00+09:00,337.5076904296875,337.5076904296875,337.5076904296875,337.5076904296875,0,0.0,0.0
2007-08-14 00:00:00+09:00,338.3370056152344,338.3370056152344,337.5077482485304,338.3370056152344,2800,0.0,0.0
2007-08-15 00:00:00+09:00,339.1662629819384,339.1662629819384,327.5566598480823,338.3370056152344,6200,0.0,0.0
2007-08-16 00:00:00+09:00,338.3370056152344,338.3370056152344,338.3370056152344,338.3370056152344,3900,0.0,0.0
2007-08-17 00:00:00+09:00,338.3370056152344,352.4343808492025,330.0444319481943,338.3370056152344,4000,0.0,0.0
2007-08-20 00:00:00+09:00,339.1661802692178,339.9954374336902,327.556579966604,335.8491516113281,2800,0.0,0.0
2007-08-21 00:00:00+09:00,335.8491546328705,336.67841180480355,335.0198974609375,335.0198974609375,2400,0.0,0.0
2007-08-22 00:00:00+09:00,331.7028963113133,340.8247259598744,327.5566101074219,327.5566101074219,6000,0.0,0.0
2007-08-23 00:00:00+09:00,338.33694152085883,339.9954559400787,328.38585500553944,339.16619873046875,3100,0.0,0.0
2007-08-24 00:00:00+09:00,339.1661802692178,346.62949474946953,323.4102941442419,335.8491516113281,7100,0.0,0.0
2007-08-27 00:00:00+09:00,339.9954374336902,340.82469459816264,329.2150942955488,335.8491516113281,6800,0.0,0.0
2007-08-28 00:00:00+09:00,338.33692614866953,339.16618332060256,333.36138311707145,335.0198974609375,2600,0.0,0.0
2007-08-29 00:00:00+09:00,336.67840877580056,337.50766594027294,335.8491516113281,335.8491516113281,2500,0.0,0.0
2007-08-30 00:00:00+09:00,337.5076904296875,338.33694765433046,337.5076904296875,337.5076904296875,2300,0.0,0.0
2007-08-31 00:00:00+09:00,338.33693847656247,339.9954528808594,333.36139526367185,339.9954528808594,3200,0.0,0.0
2007-09-03 00:00:00+09:00,339.9954528808594,340.8247100830078,331.702880859375,339.9954528808594,4500,0.0,0.0
2007-09-04 00:00:00+09:00,339.995477176407,341.65399169921875,339.995477176407,341.65399169921875,2300,0.0,0.0
2007-09-05 00:00:00+09:00,341.65399169921875,341.65399169921875,341.65399169921875,341.65399169921875,2500,0.0,0.0
2007-09-06 00:00:00+09:00,341.6539672851562,341.6539672851562,339.9954528808594,339.9954528808594,2000,0.0,0.0
2007-09-07 00:00:00+09:00,344.14178151350757,344.9710388183594,344.14178151350757,344.9710388183594,2200,0.0,0.0
2007-09-10 00:00:00+09:00,344.9710388183594,345.80029612321124,344.9710388183594,344.9710388183594,4000,0.0,0.0
2007-09-11 00:00:00+09:00,344.9710052270683,345.8002624511719,344.9710052270683,345.8002624511719,2000,0.0,0.0
2007-09-12 00:00:00+09:00,345.8002624511719,345.8002624511719,345.8002624511719,345.8002624511719,2000,0.0,0.0
2007-09-13 00:00:00+09:00,344.9710388183594,345.80029612321124,325.8981208067674,344.9710388183594,2200,0.0,0.0
2007-09-14 00:00:00+09:00,345.8002898293819,346.6295471191406,345.8002898293819,346.6295471191406,2000,0.0,0.0
2007-09-18 00:00:00+09:00,344.9710052270683,345.8002624511719,344.9710052270683,345.8002624511719,2000,0.0,0.0
2007-09-19 00:00:00+09:00,345.8002624511719,345.8002624511719,345.8002624511719,345.8002624511719,0,0.0,0.0
2007-09-20 00:00:00+09:00,332.53216865539554,332.53216865539554,331.7029113769531,331.7029113769531,200,0.0,0.0
2007-09-21 00:00:00+09:00,331.7029113769531,331.7029113769531,331.7029113769531,331.7029113769531,0,0.0,0.0
2007-09-25 00:00:00+09:00,331.7029113769531,331.7029113769531,331.7029113769531,331.7029113769531,200,0.0,0.0
2007-09-26 00:00:00+09:00,315.1177658081055,339.99548416137696,315.1177658081055,331.7029113769531,4000,0.0,0.0
2007-09-27 00:00:00+09:00,331.7029113769531,331.7029113769531,331.7029113769531,331.7029113769531,0,0.0,0.0
2007-09-28 00:00:00+09:00,315.1177658081055,339.99548416137696,315.1177658081055,331.7029113769531,3300,0.0,0.0
2007-10-01 00:00:00+09:00,331.7029113769531,332.53216865539554,331.7029113769531,331.7029113769531,1500,0.0,0.0
2007-10-02 00:00:00+09:00,331.7029113769531,332.53216865539554,331.7029113769531,331.7029113769531,2000,0.0,0.0
2007-10-03 00:00:00+09:00,331.7029113769531,332.53216865539554,331.7029113769531,331.7029113769531,2700,0.0,0.0
2007-10-04 00:00:00+09:00,331.7029113769531,332.53216865539554,331.7029113769531,331.7029113769531,1500,0.0,0.0
2007-10-05 00:00:00+09:00,323.4102783203125,330.87359243539663,322.58102119641427,323.4102783203125,3000,0.0,0.0
2007-10-09 00:00:00+09:00,339.1661956787109,340.8247100830078,331.702880859375,339.9954528808594,4100,0.0,0.0
2007-10-10 00:00:00+09:00,344.14174198812844,344.9709991977384,339.16619873046875,339.16619873046875,4000,0.0,0.0
2007-10-11 00:00:00+09:00,339.9954528808594,340.8247100830078,339.9954528808594,339.9954528808594,3500,0.0,0.0
2007-10-12 00:00:00+09:00,344.1417232560523,344.1417232560523,335.01989444685574,335.8491516113281,2500,0.0,0.0
2007-10-15 00:00:00+09:00,339.9954679558076,349.11729758389026,335.019924522308,344.1417541503906,3600,0.0,0.0
2007-10-16 00:00:00+09:00,344.9710052270683,345.8002624511719,344.9710052270683,345.8002624511719,2000,0.0,0.0
2007-10-17 00:00:00+09:00,344.97101138930725,345.8002686282239,344.1417541503906,344.1417541503906,3000,0.0,0.0
2007-10-18 00:00:00+09:00,339.99544983652675,340.82470703125,339.99544983652675,340.82470703125,2000,0.0,0.0
2007-10-19 00:00:00+09:00,342.4832731974874,343.3125305175781,342.4832731974874,343.3125305175781,4000,0.0,0.0
2007-10-22 00:00:00+09:00,343.3124816894531,344.14173889160156,339.9954528808594,339.9954528808594,2000,0.0,0.0
2007-10-23 00:00:00+09:00,342.48320892710746,343.3124660915799,335.8491516113281,335.8491516113281,2100,0.0,0.0
2007-10-24 00:00:00+09:00,344.1417541503906,344.1417541503906,343.31249691147406,344.1417541503906,2200,0.0,0.0
2007-10-25 00:00:00+09:00,344.1417541503906,344.1417541503906,344.1417541503906,344.1417541503906,2000,0.0,0.0
2007-10-26 00:00:00+09:00,345.8002686282239,345.8002686282239,343.31249691147406,344.1417541503906,2300,0.0,0.0
2007-10-29 00:00:00+09:00,344.1417541503906,344.1417541503906,344.1417541503906,344.1417541503906,2000,0.0,0.0
2007-10-30 00:00:00+09:00,344.14180718216244,344.14180718216244,338.3370056152344,338.3370056152344,2600,0.0,0.0
2007-10-31 00:00:00+09:00,331.7028955666416,345.8002686282239,331.7028955666416,344.1417541503906,3800,0.0,0.0
2007-11-01 00:00:00+09:00,344.1417541503906,344.1417541503906,344.1417541503906,344.1417541503906,0,0.0,0.0
2007-11-02 00:00:00+09:00,344.1417541503906,344.1417541503906,344.1417541503906,344.1417541503906,0,0.0,0.0
2007-11-05 00:00:00+09:00,331.7029159034838,348.28806169865805,327.55662945469027,346.6295471191406,4200,0.0,0.0
2007-11-06 00:00:00+09:00,346.6295471191406,346.6295471191406,346.6295471191406,346.6295471191406,200,0.0,0.0
2007-11-07 00:00:00+09:00,341.65398243364086,344.1417541503906,341.65398243364086,344.1417541503906,3800,0.0,0.0
2007-11-08 00:00:00+09:00,325.8980948942254,349.11729758389026,321.7518086996423,344.1417541503906,1700,0.0,0.0
2007-11-09 00:00:00+09:00,344.1417541503906,344.1417541503906,344.1417541503906,344.1417541503906,200,0.0,0.0
2007-11-12 00:00:00+09:00,343.31249691147406,347.45878310605707,331.7028955666416,344.1417541503906,8400,0.0,0.0
2007-11-13 00:00:00+09:00,344.1417541503906,344.1417541503906,344.1417541503906,344.1417541503906,0,0.0,0.0
2007-11-14 00:00:00+09:00,352.43431408422794,352.43431408422794,315.94699686139023,339.16619873046875,2700,0.0,0.0
2007-11-15 00:00:00+09:00,331.7029099237351,348.2880554199219,331.7029099237351,348.2880554199219,2400,0.0,0.0
2007-11-16 00:00:00+09:00,347.45879639889534,356.58062637595464,332.53216552734375,332.53216552734375,3000,0.0,0.0
2007-11-19 00:00:00+09:00,343.3124816894531,344.14173889160156,339.9954528808594,339.9954528808594,4000,0.0,0.0
2007-11-20 00:00:00+09:00,333.36138916015625,339.99544665588076,333.36138916015625,333.36138916015625,1500,0.0,0.0
2007-11-21 00:00:00+09:00,335.84916072105295,335.84916072105295,332.5321319731907,333.36138916015625,2200,0.0,0.0
2007-11-22 00:00:00+09:00,332.5321528055582,344.1417541503906,332.5321528055582,344.1417541503906,4400,0.0,0.0
2007-11-26 00:00:00+09:00,339.9954528808594,341.6539672851562,335.0199096679687,339.9954528808594,4900,0.0,0.0
2007-11-27 00:00:00+09:00,339.9954528808594,340.8247100830078,331.702880859375,339.9954528808594,3600,0.0,0.0
2007-11-28 00:00:00+09:00,339.99544665588076,339.99544665588076,331.70287478622515,333.36138916015625,3100,0.0,0.0
2007-11-29 00:00:00+09:00,334.1906463471218,334.1906463471218,333.36138916015625,333.36138916015625,600,0.0,0.0
2007-11-30 00:00:00+09:00,338.3370056152344,338.3370056152344,338.3370056152344,338.3370056152344,500,0.0,0.0
2007-12-03 00:00:00+09:00,335.84921463676125,343.3125305175781,331.7029280363074,343.3125305175781,7400,0.0,0.0
2007-12-04 00:00:00+09:00,337.5077482485304,338.3370056152344,337.5077482485304,338.3370056152344,1800,0.0,0.0
2007-12-05 00:00:00+09:00,338.3370056152344,338.3370056152344,338.3370056152344,338.3370056152344,2200,0.0,0.0
2007-12-06 00:00:00+09:00,338.3369474342401,345.8002624511719,338.3369474342401,345.8002624511719,800,0.0,0.0
2007-12-07 00:00:00+09:00,339.16622539701916,352.43434179396854,339.16622539701916,348.2880554199219,3100,0.0,0.0
2007-12-10 00:00:00+09:00,348.2880554199219,348.2880554199219,346.6295408703032,348.2880554199219,5500,0.0,0.0
2007-12-11 00:00:00+09:00,348.2880554199219,348.2880554199219,348.2880554199219,348.2880554199219,1000,0.0,0.0
2007-12-12 00:00:00+09:00,348.2880554199219,348.2880554199219,347.4587981451125,348.2880554199219,1000,0.0,0.0
2007-12-13 00:00:00+09:00,347.45876770019527,348.28802490234375,339.9954528808594,339.9954528808594,2600,0.0,0.0
2007-12-14 00:00:00+09:00,339.9954528808594,339.9954528808594,339.9954528808594,339.9954528808594,1000,0.0,0.0
2007-12-17 00:00:00+09:00,339.9954528808594,339.9954528808594,339.9954528808594,339.9954528808594,0,0.0,0.0
2007-12-18 00:00:00+09:00,338.336923828125,356.5805814855239,338.336923828125,352.4342956542969,3600,0.0,0.0
2007-12-19 00:00:00+09:00,352.4342956542969,352.4342956542969,352.4342956542969,352.4342956542969,0,0.0,0.0
2007-12-20 00:00:00+09:00,344.1417541503906,344.1417541503906,344.1417541503906,344.1417541503906,600,0.0,0.0
2007-12-21 00:00:00+09:00,356.58056640625,356.58056640625,355.7513092750727,356.58056640625,2200,0.0,0.0
2007-12-25 00:00:00+09:00,351.6050845191592,352.43434179396854,348.2880554199219,348.2880554199219,2600,0.0,0.0
2007-12-26 00:00:00+09:00,348.2880098230699,352.4342956542969,347.45875265682446,352.4342956542969,3700,0.0,0.0
2007-12-27 00:00:00+09:00,352.43432309146215,353.2635803222656,352.43432309146215,353.2635803222656,200,0.0,0.0
2007-12-28 00:00:00+09:00,352.43428075036337,357.4098235374273,352.43428075036337,356.58056640625,6000,0.0,0.0
2008-01-04 00:00:00+09:00,356.58056640625,356.58056640625,356.58056640625,356.58056640625,0,0.0,0.0
2008-01-07 00:00:00+09:00,351.6050384880515,352.4342956542969,351.6050384880515,352.4342956542969,900,0.0,0.0
2008-01-08 00:00:00+09:00,351.6050658606587,353.2635803222656,351.6050658606587,353.2635803222656,600,0.0,0.0
2008-01-09 00:00:00+09:00,352.4342986772645,353.26355585062277,351.60504150390625,351.60504150390625,2600,0.0,0.0
2008-01-10 00:00:00+09:00,351.60504150390625,351.60504150390625,350.775784330548,351.60504150390625,600,0.0,0.0
2008-01-11 00:00:00+09:00,350.775784330548,351.60504150390625,350.775784330548,351.60504150390625,400,0.0,0.0
2008-01-15 00:00:00+09:00,350.7757805718316,351.60503773630404,335.8491516113281,335.8491516113281,5100,0.0,0.0
2008-01-16 00:00:00+09:00,336.6784152849346,350.7757873535156,336.6784152849346,350.7757873535156,4600,0.0,0.0
2008-01-17 00:00:00+09:00,348.2880554199219,348.2880554199219,348.2880554199219,348.2880554199219,1700,0.0,0.0
2008-01-18 00:00:00+09:00,348.2880554199219,348.2880554199219,347.4587981451125,348.2880554199219,1600,0.0,0.0
2008-01-21 00:00:00+09:00,347.45878310605707,347.45878310605707,330.87363832772496,344.1417541503906,2900,0.0,0.0
2008-01-22 00:00:00+09:00,343.31249691147406,344.1417541503906,343.31249691147406,344.1417541503906,2200,0.0,0.0
2008-01-23 00:00:00+09:00,344.1417541503906,344.1417541503906,344.1417541503906,344.1417541503906,0,0.0,0.0
2008-01-24 00:00:00+09:00,344.1417541503906,344.1417541503906,344.1417541503906,344.1417541503906,0,0.0,0.0
2008-01-25 00:00:00+09:00,343.31249691147406,344.1417541503906,343.31249691147406,344.1417541503906,800,0.0,0.0
2008-01-28 00:00:00+09:00,349.11727299250606,351.6050445340204,348.28801581200133,350.7757873535156,2100,0.0,0.0
2008-01-29 00:00:00+09:00,350.7757873535156,350.7757873535156,350.7757873535156,350.7757873535156,0,0.0,0.0
2008-01-30 00:00:00+09:00,344.1417541503906,344.1417541503906,344.1417541503906,344.1417541503906,100,0.0,0.0
2008-01-31 00:00:00+09:00,323.41030039685836,352.43430171452513,323.41030039685836,350.7757873535156,2600,0.0,0.0
2008-02-01 00:00:00+09:00,350.7757873535156,350.7757873535156,350.7757873535156,350.7757873535156,0,0.0,0.0
2008-02-04 00:00:00+09:00,350.7757873535156,350.7757873535156,350.7757873535156,350.7757873535156,0,0.0,0.0
2008-02-05 00:00:00+09:00,350.7757873535156,350.7757873535156,350.7757873535156,350.7757873535156,0,0.0,0.0
2008-02-06 00:00:00+09:00,350.7757873535156,350.7757873535156,350.7757873535156,350.7757873535156,0,0.0,0.0
2008-02-07 00:00:00+09:00,323.4103385925293,331.7029113769531,323.4103385925293,331.7029113769531,800,0.0,0.0
2008-02-08 00:00:00+09:00,323.4103088378906,339.9954528808594,308.4836791992187,339.9954528808594,4300,0.0,0.0
2008-02-12 00:00:00+09:00,339.9954528808594,339.9954528808594,339.9954528808594,339.9954528808594,3500,0.0,0.0
2008-02-13 00:00:00+09:00,332.5321380615234,339.9954528808594,331.702880859375,339.9954528808594,2000,0.0,0.0
2008-02-14 00:00:00+09:00,339.9954528808594,339.9954528808594,339.9954528808594,339.9954528808594,0,0.0,0.0
2008-02-15 00:00:00+09:00,339.99548416137696,339.99548416137696,331.7029113769531,331.7029113769531,1400,0.0,0.0
2008-02-18 00:00:00+09:00,340.8247100830078,340.8247100830078,339.9954528808594,339.9954528808594,2000,0.0,0.0
2008-02-19 00:00:00+09:00,339.9954528808594,339.9954528808594,339.9954528808594,339.9954528808594,1000,0.0,0.0
2008-02-20 00:00:00+09:00,339.9954528808594,339.9954528808594,339.9954528808594,339.9954528808594,1000,0.0,0.0
2008-02-21 00:00:00+09:00,339.9954528808594,339.9954528808594,339.9954528808594,339.9954528808594,1000,0.0,0.0
2008-02-22 00:00:00+09:00,339.1662268829346,339.99548416137696,331.7029113769531,331.7029113769531,1600,0.0,0.0
2008-02-25 00:00:00+09:00,331.702880859375,340.8247100830078,330.8736236572265,339.9954528808594,3500,0.0,0.0
2008-02-26 00:00:00+09:00,339.9954528808594,339.9954528808594,330.8736236572265,339.9954528808594,1300,0.0,0.0
2008-02-27 00:00:00+09:00,339.9954528808594,339.9954528808594,339.1661956787109,339.9954528808594,1200,0.0,0.0
2008-02-28 00:00:00+09:00,339.99548416137696,339.99548416137696,331.7029113769531,331.7029113769531,2600,0.0,0.0
2008-02-29 00:00:00+09:00,330.87360862449367,335.8491516113281,330.87360862449367,335.8491516113281,2000,0.0,0.0
2008-03-03 00:00:00+09:00,335.8491516113281,335.8491516113281,335.8491516113281,335.8491516113281,400,0.0,0.0
2008-03-04 00:00:00+09:00,335.8491516113281,335.8491516113281,335.8491516113281,335.8491516113281,200,0.0,0.0
2008-03-05 00:00:00+09:00,335.8491516113281,335.8491516113281,335.8491516113281,335.8491516113281,1000,0.0,0.0
2008-03-06 00:00:00+09:00,335.8491516113281,335.8491516113281,335.8491516113281,335.8491516113281,0,0.0,0.0
2008-03-07 00:00:00+09:00,335.0198447779605,335.8491018194901,315.11767578125,315.11767578125,7100,0.0,0.0
2008-03-10 00:00:00+09:00,315.1177426438835,330.04437255859375,315.1177426438835,330.04437255859375,1900,0.0,0.0
2008-03-11 00:00:00+09:00,329.2151153411099,330.04437255859375,329.2151153411099,330.04437255859375,1600,0.0,0.0
2008-03-12 00:00:00+09:00,330.04437255859375,330.04437255859375,330.04437255859375,330.04437255859375,700,0.0,0.0
2008-03-13 00:00:00+09:00,330.04437255859375,330.04437255859375,330.04437255859375,330.04437255859375,0,0.0,0.0
2008-03-14 00:00:00+09:00,330.04437255859375,330.04437255859375,330.04437255859375,330.04437255859375,700,0.0,0.0
2008-03-17 00:00:00+09:00,329.2151153411099,330.04437255859375,329.2151153411099,330.04437255859375,1400,0.0,0.0
2008-03-18 00:00:00+09:00,330.04430252878285,330.04430252878285,315.11767578125,315.11767578125,2000,0.0,0.0
2008-03-19 00:00:00+09:00,315.1177699497768,315.1177699497768,290.24005126953125,290.24005126953125,2800,0.0,0.0
2008-03-21 00:00:00+09:00,290.24003346761066,290.24003346761066,278.63043212890625,278.63043212890625,1500,0.0,0.0
2008-03-24 00:00:00+09:00,278.63043212890625,278.63043212890625,278.63043212890625,278.63043212890625,1000,0.0,0.0
2008-03-25 00:00:00+09:00,278.63043212890625,278.63043212890625,278.63043212890625,278.63043212890625,100,0.0,0.0
2008-03-26 00:00:00+09:00,285.4263000488281,285.4263000488281,285.4263000488281,285.4263000488281,0,8.0,0.0
2008-03-27 00:00:00+09:00,285.4263000488281,285.4263000488281,285.4263000488281,285.4263000488281,0,0.0,0.0
2008-03-28 00:00:00+09:00,268.4366850981841,282.8778991699219,259.94185329127953,282.8778991699219,3300,0.0,0.0
2008-03-31 00:00:00+09:00,282.8778991699219,282.8778991699219,282.8778991699219,282.8778991699219,0,0.0,0.0
2008-04-01 00:00:00+09:00,308.36236659458706,327.0509948730469,308.36236659458706,327.0509948730469,1500,0.0,0.0
2008-04-02 00:00:00+09:00,327.0509948730469,327.0509948730469,327.0509948730469,327.0509948730469,0,0.0,0.0
2008-04-03 00:00:00+09:00,327.0509948730469,327.0509948730469,327.0509948730469,327.0509948730469,0,0.0,0.0
2008-04-04 00:00:00+09:00,327.0509948730469,327.0509948730469,327.0509948730469,327.0509948730469,0,0.0,0.0
2008-04-07 00:00:00+09:00,327.0509948730469,327.0509948730469,327.0509948730469,327.0509948730469,0,0.0,0.0
2008-04-08 00:00:00+09:00,321.10458800786404,321.9540710449219,321.10458800786404,321.9540710449219,500,0.0,0.0
2008-04-09 00:00:00+09:00,321.9540710449219,321.9540710449219,321.9540710449219,321.9540710449219,0,0.0,0.0
2008-04-10 00:00:00+09:00,321.9540710449219,321.9540710449219,321.9540710449219,321.9540710449219,3300,0.0,0.0
2008-04-11 00:00:00+09:00,321.9540710449219,321.9540710449219,321.9540710449219,321.9540710449219,0,0.0,0.0
2008-04-14 00:00:00+09:00,321.9540710449219,321.9540710449219,321.9540710449219,321.9540710449219,0,0.0,0.0
2008-04-15 00:00:00+09:00,321.9540710449219,321.9540710449219,321.9540710449219,321.9540710449219,0,0.0,0.0
2008-04-16 00:00:00+09:00,321.9540710449219,321.9540710449219,321.9540710449219,321.9540710449219,0,0.0,0.0
2008-04-17 00:00:00+09:00,321.9540710449219,321.9540710449219,321.9540710449219,321.9540710449219,0,0.0,0.0
2008-04-18 00:00:00+09:00,321.9540710449219,321.9540710449219,321.9540710449219,321.9540710449219,0,0.0,0.0
2008-04-21 00:00:00+09:00,321.9540710449219,321.9540710449219,321.9540710449219,321.9540710449219,0,0.0,0.0
2008-04-22 00:00:00+09:00,279.47993348547294,300.7170104980469,279.47993348547294,300.7170104980469,2200,0.0,0.0
2008-04-23 00:00:00+09:00,287.9748013957163,302.416015625,287.9748013957163,302.416015625,1600,0.0,0.0
2008-04-24 00:00:00+09:00,302.416015625,302.416015625,302.416015625,302.416015625,0,0.0,0.0
2008-04-25 00:00:00+09:00,302.416015625,302.416015625,302.416015625,302.416015625,0,0.0,0.0
2008-04-28 00:00:00+09:00,297.31906420563996,310.0613098144531,297.31906420563996,310.0613098144531,4000,0.0,0.0
2008-04-30 00:00:00+09:00,310.0613098144531,310.0613098144531,310.0613098144531,310.0613098144531,100,0.0,0.0
2008-05-01 00:00:00+09:00,300.7170104980469,300.7170104980469,300.7170104980469,300.7170104980469,100,0.0,0.0
2008-05-02 00:00:00+09:00,288.82421875,288.82421875,288.82421875,288.82421875,400,0.0,0.0
2008-05-07 00:00:00+09:00,282.8778991699219,282.8778991699219,282.8778991699219,282.8778991699219,600,0.0,0.0
2008-05-08 00:00:00+09:00,288.82421875,288.82421875,288.82421875,288.82421875,800,0.0,0.0
2008-05-09 00:00:00+09:00,288.82421875,288.82421875,288.82421875,288.82421875,200,0.0,0.0
2008-05-12 00:00:00+09:00,288.82421875,288.82421875,271.8345588235294,288.82421875,3900,0.0,0.0
2008-05-13 00:00:00+09:00,271.8345947265625,271.8345947265625,271.8345947265625,271.8345947265625,100,0.0,0.0
2008-05-14 00:00:00+09:00,293.07163337465664,296.4695653558121,293.07163337465664,294.7705993652344,7000,0.0,0.0
2008-05-15 00:00:00+09:00,294.7705993652344,294.7705993652344,294.7705993652344,294.7705993652344,3000,0.0,0.0
2008-05-16 00:00:00+09:00,294.7705993652344,294.7705993652344,294.7705993652344,294.7705993652344,3000,0.0,0.0
2008-05-19 00:00:00+09:00,294.7706150838773,310.0613098144531,294.7706150838773,310.0613098144531,5200,0.0,0.0
2008-05-20 00:00:00+09:00,310.0613098144531,310.0613098144531,310.0613098144531,310.0613098144531,0,0.0,0.0
2008-05-21 00:00:00+09:00,280.3294033938891,310.0613098144531,280.3294033938891,310.0613098144531,1100,0.0,0.0
2008-05-22 00:00:00+09:00,289.6737365722656,289.6737365722656,289.6737365722656,289.6737365722656,900,0.0,0.0
2008-05-23 00:00:00+09:00,289.6737365722656,289.6737365722656,289.6737365722656,289.6737365722656,100,0.0,0.0
2008-05-26 00:00:00+09:00,289.6737365722656,289.6737365722656,289.6737365722656,289.6737365722656,0,0.0,0.0
2008-05-27 00:00:00+09:00,289.6737365722656,289.6737365722656,289.6737365722656,289.6737365722656,0,0.0,0.0
2008-05-28 00:00:00+09:00,289.6737365722656,289.6737365722656,289.6737365722656,289.6737365722656,0,0.0,0.0
2008-05-29 00:00:00+09:00,289.6737365722656,289.6737365722656,289.6737365722656,289.6737365722656,0,0.0,0.0
2008-05-30 00:00:00+09:00,297.3191223144531,297.3191223144531,297.3191223144531,297.3191223144531,1000,0.0,0.0
2008-06-02 00:00:00+09:00,284.57684326171875,284.57684326171875,284.57684326171875,284.57684326171875,300,0.0,0.0
2008-06-03 00:00:00+09:00,276.0820007324219,276.0820007324219,276.0820007324219,276.0820007324219,800,0.0,0.0
2008-06-04 00:00:00+09:00,276.0820007324219,276.0820007324219,276.0820007324219,276.0820007324219,0,0.0,0.0
2008-06-05 00:00:00+09:00,280.3294258117676,280.3294258117676,271.8345947265625,271.8345947265625,3100,0.0,0.0
2008-06-06 00:00:00+09:00,271.8345947265625,271.8345947265625,271.8345947265625,271.8345947265625,100,0.0,0.0
2008-06-09 00:00:00+09:00,272.6840027839907,272.6840027839907,263.3396911621094,263.3396911621094,2500,0.0,0.0
2008-06-10 00:00:00+09:00,263.3396911621094,263.3396911621094,263.3396911621094,263.3396911621094,3300,0.0,0.0
2008-06-11 00:00:00+09:00,263.3396911621094,263.3396911621094,263.3396911621094,263.3396911621094,400,0.0,0.0
2008-06-12 00:00:00+09:00,263.3396911621094,263.3396911621094,263.3396911621094,263.3396911621094,200,0.0,0.0
2008-06-13 00:00:00+09:00,263.3397496110302,263.3397496110302,250.59750366210938,250.59750366210938,1300,0.0,0.0
2008-06-16 00:00:00+09:00,263.3396911621094,263.3396911621094,263.3396911621094,263.3396911621094,200,0.0,0.0
2008-06-17 00:00:00+09:00,254.8449249267578,254.8449249267578,254.8449249267578,254.8449249267578,100,0.0,0.0
2008-06-18 00:00:00+09:00,250.59750366210938,250.59750366210938,250.59750366210938,250.59750366210938,100,0.0,0.0
2008-06-19 00:00:00+09:00,250.59750366210938,250.59750366210938,250.59750366210938,250.59750366210938,1500,0.0,0.0
2008-06-20 00:00:00+09:00,250.59750366210938,250.59750366210938,250.59750366210938,250.59750366210938,0,0.0,0.0
2008-06-23 00:00:00+09:00,250.59750366210938,250.59750366210938,250.59750366210938,250.59750366210938,0,0.0,0.0
2008-06-24 00:00:00+09:00,250.59750366210938,250.59750366210938,250.59750366210938,250.59750366210938,100,0.0,0.0
2008-06-25 00:00:00+09:00,250.59750366210938,250.59750366210938,250.59750366210938,250.59750366210938,700,0.0,0.0
2008-06-26 00:00:00+09:00,250.59750366210938,250.59750366210938,250.59750366210938,250.59750366210938,1500,0.0,0.0
2008-06-27 00:00:00+09:00,250.59750366210938,250.59750366210938,250.59750366210938,250.59750366210938,0,0.0,0.0
2008-06-30 00:00:00+09:00,253.14595876057945,254.8449249267578,253.14595876057945,254.8449249267578,1100,0.0,0.0
2008-07-01 00:00:00+09:00,254.8449249267578,254.8449249267578,254.8449249267578,254.8449249267578,200,0.0,0.0
2008-07-02 00:00:00+09:00,254.8449249267578,254.8449249267578,254.8449249267578,254.8449249267578,1100,0.0,0.0
2008-07-03 00:00:00+09:00,254.8449249267578,254.8449249267578,254.8449249267578,254.8449249267578,0,0.0,0.0
2008-07-04 00:00:00+09:00,254.8449249267578,254.8449249267578,254.8449249267578,254.8449249267578,0,0.0,0.0
2008-07-07 00:00:00+09:00,271.8345947265625,271.8345947265625,271.8345947265625,271.8345947265625,1000,0.0,0.0
2008-07-08 00:00:00+09:00,271.8345947265625,271.8345947265625,271.8345947265625,271.8345947265625,0,0.0,0.0
2008-07-09 00:00:00+09:00,259.0923156738281,259.0923156738281,259.0923156738281,259.0923156738281,100,0.0,0.0
2008-07-10 00:00:00+09:00,259.0923156738281,259.0923156738281,259.0923156738281,259.0923156738281,3000,0.0,0.0
2008-07-11 00:00:00+09:00,270.98511400409774,270.98511400409774,259.94183349609375,259.94183349609375,200,0.0,0.0
2008-07-14 00:00:00+09:00,259.94183349609375,259.94183349609375,259.94183349609375,259.94183349609375,700,0.0,0.0
2008-07-15 00:00:00+09:00,259.94183349609375,259.94183349609375,259.94183349609375,259.94183349609375,0,0.0,0.0
2008-07-16 00:00:00+09:00,259.94183349609375,259.94183349609375,259.94183349609375,259.94183349609375,300,0.0,0.0
2008-07-17 00:00:00+09:00,259.94183349609375,259.94183349609375,259.94183349609375,259.94183349609375,300,0.0,0.0
2008-07-18 00:00:00+09:00,242.95211791992188,243.80160084971183,242.95211791992188,242.95211791992188,11100,0.0,0.0
2008-07-22 00:00:00+09:00,244.651118793554,244.651118793554,243.8016357421875,243.8016357421875,700,0.0,0.0
2008-07-23 00:00:00+09:00,243.80160084971183,243.80160084971183,242.95211791992188,242.95211791992188,1500,0.0,0.0
2008-07-24 00:00:00+09:00,242.95211791992188,242.95211791992188,242.95211791992188,242.95211791992188,0,0.0,0.0
2008-07-25 00:00:00+09:00,243.80160301397208,243.80160301397208,240.40367126464844,240.40367126464844,700,0.0,0.0
2008-07-28 00:00:00+09:00,240.40367126464844,240.40367126464844,240.40367126464844,240.40367126464844,0,0.0,0.0
2008-07-29 00:00:00+09:00,240.40367126464844,240.40367126464844,240.40367126464844,240.40367126464844,500,0.0,0.0
2008-07-30 00:00:00+09:00,240.40367126464844,240.40367126464844,240.40367126464844,240.40367126464844,500,0.0,0.0
2008-07-31 00:00:00+09:00,240.40367126464844,240.40367126464844,240.40367126464844,240.40367126464844,0,0.0,0.0
2008-08-01 00:00:00+09:00,240.40367126464844,240.40367126464844,240.40367126464844,240.40367126464844,0,0.0,0.0
2008-08-04 00:00:00+09:00,240.40367126464844,240.40367126464844,240.40367126464844,240.40367126464844,0,0.0,0.0
2008-08-05 00:00:00+09:00,240.40367126464844,240.40367126464844,240.40367126464844,240.40367126464844,0,0.0,0.0
2008-08-06 00:00:00+09:00,240.40367126464844,240.40367126464844,240.40367126464844,240.40367126464844,0,0.0,0.0
2008-08-07 00:00:00+09:00,240.40367126464844,240.40367126464844,240.40367126464844,240.40367126464844,0,0.0,0.0
2008-08-08 00:00:00+09:00,240.40367993806535,242.10264587402344,240.40367993806535,242.10264587402344,1100,0.0,0.0
2008-08-11 00:00:00+09:00,242.10264587402344,242.10264587402344,242.10264587402344,242.10264587402344,3000,0.0,0.0
2008-08-12 00:00:00+09:00,250.59750366210938,250.59750366210938,250.59750366210938,250.59750366210938,700,0.0,0.0
2008-08-13 00:00:00+09:00,250.59750366210938,250.59750366210938,250.59750366210938,250.59750366210938,400,0.0,0.0
2008-08-14 00:00:00+09:00,250.59750366210938,250.59750366210938,250.59750366210938,250.59750366210938,400,0.0,0.0
2008-08-15 00:00:00+09:00,246.35008239746094,246.35008239746094,246.35008239746094,246.35008239746094,200,0.0,0.0
2008-08-18 00:00:00+09:00,284.57684326171875,284.57684326171875,284.57684326171875,284.57684326171875,1000,0.0,0.0
2008-08-19 00:00:00+09:00,280.32940673828125,280.32940673828125,280.32940673828125,280.32940673828125,400,0.0,0.0
2008-08-20 00:00:00+09:00,276.9315185546875,276.9315185546875,276.9315185546875,276.9315185546875,300,0.0,0.0
2008-08-21 00:00:00+09:00,276.9315185546875,276.9315185546875,276.9315185546875,276.9315185546875,300,0.0,0.0
2008-08-22 00:00:00+09:00,276.0820007324219,276.0820007324219,276.0820007324219,276.0820007324219,300,0.0,0.0
2008-08-25 00:00:00+09:00,276.0820007324219,276.0820007324219,276.0820007324219,276.0820007324219,300,0.0,0.0
2008-08-26 00:00:00+09:00,276.0820007324219,276.0820007324219,276.0820007324219,276.0820007324219,300,0.0,0.0
2008-08-27 00:00:00+09:00,276.0820007324219,276.0820007324219,276.0820007324219,276.0820007324219,200,0.0,0.0
2008-08-28 00:00:00+09:00,276.0820007324219,276.0820007324219,276.0820007324219,276.0820007324219,300,0.0,0.0
2008-08-29 00:00:00+09:00,276.0820007324219,276.0820007324219,276.0820007324219,276.0820007324219,300,0.0,0.0
2008-09-01 00:00:00+09:00,276.0820007324219,276.0820007324219,276.0820007324219,276.0820007324219,300,0.0,0.0
2008-09-02 00:00:00+09:00,263.33975575764975,263.33975575764975,254.8449249267578,254.8449249267578,3400,0.0,0.0
2008-09-03 00:00:00+09:00,254.84491662134096,268.4366455078125,247.19956912270075,268.4366455078125,600,0.0,0.0
2008-09-04 00:00:00+09:00,268.4366455078125,268.4366455078125,268.4366455078125,268.4366455078125,100,0.0,0.0
2008-09-05 00:00:00+09:00,268.4366455078125,268.4366455078125,268.4366455078125,268.4366455078125,300,0.0,0.0
2008-09-08 00:00:00+09:00,268.4366455078125,268.4366455078125,268.4366455078125,268.4366455078125,300,0.0,0.0
2008-09-09 00:00:00+09:00,268.4366455078125,268.4366455078125,268.4366455078125,268.4366455078125,500,0.0,0.0
2008-09-10 00:00:00+09:00,268.4366455078125,276.0819930064527,268.4366455078125,268.4366455078125,3100,0.0,0.0
2008-09-11 00:00:00+09:00,268.4366455078125,268.4366455078125,268.4366455078125,268.4366455078125,300,0.0,0.0
2008-09-12 00:00:00+09:00,268.43666229248043,271.8345947265625,254.84493255615234,271.8345947265625,4400,0.0,0.0
2008-09-16 00:00:00+09:00,233.60781860351562,233.60781860351562,233.60781860351562,233.60781860351562,1700,0.0,0.0
2008-09-17 00:00:00+09:00,233.60781860351562,233.60781860351562,233.60781860351562,233.60781860351562,0,0.0,0.0
2008-09-18 00:00:00+09:00,233.60781860351562,233.60781860351562,233.60781860351562,233.60781860351562,300,0.0,0.0
2008-09-19 00:00:00+09:00,233.60781860351562,233.60781860351562,233.60781860351562,233.60781860351562,100,0.0,0.0
2008-09-22 00:00:00+09:00,258.24285888671875,258.24285888671875,258.24285888671875,258.24285888671875,1000,0.0,0.0
2008-09-24 00:00:00+09:00,258.24285888671875,258.24285888671875,258.24285888671875,258.24285888671875,0,0.0,0.0
2008-09-25 00:00:00+09:00,258.24285888671875,258.24285888671875,258.24285888671875,258.24285888671875,0,0.0,0.0
2008-09-26 00:00:00+09:00,258.24285888671875,258.24285888671875,258.24285888671875,258.24285888671875,0,0.0,0.0
2008-09-29 00:00:00+09:00,258.24285888671875,258.24285888671875,258.24285888671875,258.24285888671875,0,0.0,0.0
2008-09-30 00:00:00+09:00,263.3396911621094,263.3396911621094,263.3396911621094,263.3396911621094,500,0.0,0.0
2008-10-01 00:00:00+09:00,263.3396911621094,263.3396911621094,263.3396911621094,263.3396911621094,300,0.0,0.0
2008-10-02 00:00:00+09:00,262.4902648925781,262.4902648925781,262.4902648925781,262.4902648925781,300,0.0,0.0
2008-10-03 00:00:00+09:00,262.49026063200716,262.49026063200716,261.6407775878906,261.6407775878906,300,0.0,0.0
2008-10-06 00:00:00+09:00,261.6407775878906,261.6407775878906,261.6407775878906,261.6407775878906,300,0.0,0.0
2008-10-07 00:00:00+09:00,208.1233367919922,208.1233367919922,208.1233367919922,208.1233367919922,1000,0.0,0.0
2008-10-08 00:00:00+09:00,203.8759307861328,203.8759307861328,203.8759307861328,203.8759307861328,500,0.0,0.0
2008-10-09 00:00:00+09:00,203.8759307861328,203.8759307861328,203.8759307861328,203.8759307861328,1500,0.0,0.0
2008-10-10 00:00:00+09:00,203.8759307861328,203.8759307861328,203.8759307861328,203.8759307861328,4000,0.0,0.0
2008-10-14 00:00:00+09:00,229.36045837402344,229.36045837402344,229.36045837402344,229.36045837402344,500,0.0,0.0
2008-10-15 00:00:00+09:00,229.36045837402344,229.36045837402344,229.36045837402344,229.36045837402344,200,0.0,0.0
2008-10-16 00:00:00+09:00,229.36045837402344,229.36045837402344,229.36045837402344,229.36045837402344,300,0.0,0.0
2008-10-17 00:00:00+09:00,230.20989990234375,230.20989990234375,230.20989990234375,230.20989990234375,600,0.0,0.0
2008-10-20 00:00:00+09:00,230.20989990234375,230.20989990234375,230.20989990234375,230.20989990234375,500,0.0,0.0
2008-10-21 00:00:00+09:00,230.20989990234375,230.20989990234375,230.20989990234375,230.20989990234375,500,0.0,0.0
2008-10-22 00:00:00+09:00,230.20989990234375,230.20989990234375,230.20989990234375,230.20989990234375,400,0.0,0.0
2008-10-23 00:00:00+09:00,230.20989990234375,230.20989990234375,230.20989990234375,230.20989990234375,500,0.0,0.0
2008-10-24 00:00:00+09:00,230.20989990234375,230.20989990234375,230.20989990234375,230.20989990234375,500,0.0,0.0
2008-10-27 00:00:00+09:00,230.20989990234375,230.20989990234375,230.20989990234375,230.20989990234375,600,0.0,0.0
2008-10-28 00:00:00+09:00,230.20989990234375,230.20989990234375,230.20989990234375,230.20989990234375,0,0.0,0.0
2008-10-29 00:00:00+09:00,216.61819458007812,216.61819458007812,216.61819458007812,216.61819458007812,200,0.0,0.0
2008-10-30 00:00:00+09:00,220.86558532714844,220.86558532714844,220.86558532714844,220.86558532714844,700,0.0,0.0
2008-10-31 00:00:00+09:00,220.86558532714844,220.86558532714844,220.86558532714844,220.86558532714844,600,0.0,0.0
2008-11-04 00:00:00+09:00,220.865581901706,220.865581901706,208.1233367919922,208.1233367919922,900,0.0,0.0
2008-11-05 00:00:00+09:00,208.1233367919922,208.1233367919922,208.1233367919922,208.1233367919922,800,0.0,0.0
2008-11-06 00:00:00+09:00,208.1233367919922,208.1233367919922,208.1233367919922,208.1233367919922,0,0.0,0.0
2008-11-07 00:00:00+09:00,208.1233367919922,208.1233367919922,208.1233367919922,208.1233367919922,1000,0.0,0.0
2008-11-10 00:00:00+09:00,208.1233367919922,208.1233367919922,208.1233367919922,208.1233367919922,3000,0.0,0.0
2008-11-11 00:00:00+09:00,208.123339713888,208.123339713888,199.62850952148438,199.62850952148438,2800,0.0,0.0
2008-11-12 00:00:00+09:00,199.62850952148438,199.62850952148438,199.62850952148438,199.62850952148438,0,0.0,0.0
2008-11-13 00:00:00+09:00,199.62850952148438,199.62850952148438,199.62850952148438,199.62850952148438,400,0.0,0.0
2008-11-14 00:00:00+09:00,203.8759307861328,203.8759307861328,203.8759307861328,203.8759307861328,100,0.0,0.0
2008-11-17 00:00:00+09:00,203.8759307861328,203.8759307861328,203.8759307861328,203.8759307861328,600,0.0,0.0
2008-11-18 00:00:00+09:00,208.1233460108439,208.1233460108439,203.8759307861328,203.8759307861328,1400,0.0,0.0
2008-11-19 00:00:00+09:00,203.8759307861328,203.8759307861328,203.8759307861328,203.8759307861328,700,0.0,0.0
2008-11-20 00:00:00+09:00,203.87594817405522,203.87594817405522,182.6388702392578,182.6388702392578,800,0.0,0.0
2008-11-21 00:00:00+09:00,183.48835068448966,185.18731689453125,182.6388675794689,185.18731689453125,1600,0.0,0.0
2008-11-25 00:00:00+09:00,185.18731689453125,185.18731689453125,185.18731689453125,185.18731689453125,800,0.0,0.0
2008-11-26 00:00:00+09:00,185.18731689453125,185.18731689453125,185.18731689453125,185.18731689453125,700,0.0,0.0
2008-11-27 00:00:00+09:00,185.18731689453125,185.18731689453125,185.18731689453125,185.18731689453125,800,0.0,0.0
2008-11-28 00:00:00+09:00,185.18731689453125,185.18731689453125,185.18731689453125,185.18731689453125,800,0.0,0.0
2008-12-01 00:00:00+09:00,186.03677368164062,186.03677368164062,186.03677368164062,186.03677368164062,1200,0.0,0.0
2008-12-02 00:00:00+09:00,186.03679317127575,186.8862762451172,181.78937780206854,186.8862762451172,1200,0.0,0.0
2008-12-03 00:00:00+09:00,186.8862762451172,186.8862762451172,186.8862762451172,186.8862762451172,1400,0.0,0.0
2008-12-04 00:00:00+09:00,186.88625506500702,186.88625506500702,169.89659551364272,170.74607849121094,1300,0.0,0.0
2008-12-05 00:00:00+09:00,170.74607849121094,170.74607849121094,170.74607849121094,170.74607849121094,1000,0.0,0.0
2008-12-08 00:00:00+09:00,170.74607849121094,170.74607849121094,170.74607849121094,170.74607849121094,1000,0.0,0.0
2008-12-09 00:00:00+09:00,171.59556146877915,171.59556146877915,170.74607849121094,170.74607849121094,1500,0.0,0.0
2008-12-10 00:00:00+09:00,170.74607849121094,170.74607849121094,170.74607849121094,170.74607849121094,5100,0.0,0.0
2008-12-11 00:00:00+09:00,170.74607849121094,170.74607849121094,170.74607849121094,170.74607849121094,3000,0.0,0.0
2008-12-12 00:00:00+09:00,170.74607849121094,170.74607849121094,170.74607849121094,170.74607849121094,1000,0.0,0.0
2008-12-15 00:00:00+09:00,170.74607849121094,170.74607849121094,170.74607849121094,170.74607849121094,1300,0.0,0.0
2008-12-16 00:00:00+09:00,170.74607849121094,170.74607849121094,170.74607849121094,170.74607849121094,1300,0.0,0.0
2008-12-17 00:00:00+09:00,174.14402770996094,174.14402770996094,174.14402770996094,174.14402770996094,1400,0.0,0.0
2008-12-18 00:00:00+09:00,174.14402770996094,174.14402770996094,174.14402770996094,174.14402770996094,1200,0.0,0.0
2008-12-19 00:00:00+09:00,174.14403013749555,186.8862762451172,174.14403013749555,186.8862762451172,1100,0.0,0.0
2008-12-22 00:00:00+09:00,186.8862855200674,216.61819458007812,186.8862855200674,216.61819458007812,2800,0.0,0.0
2008-12-24 00:00:00+09:00,169.89662347837935,182.6388702392578,169.89662347837935,182.6388702392578,7700,0.0,0.0
2008-12-25 00:00:00+09:00,172.44507378127975,172.44507378127975,167.34817504882812,167.34817504882812,300,0.0,0.0
2008-12-26 00:00:00+09:00,172.44506398981267,186.8862762451172,169.89661476828834,186.8862762451172,1300,0.0,0.0
2008-12-29 00:00:00+09:00,186.03679317127575,186.8862762451172,186.03679317127575,186.8862762451172,200,0.0,0.0
2008-12-30 00:00:00+09:00,186.8862762451172,186.8862762451172,186.8862762451172,186.8862762451172,0,0.0,0.0
2009-01-05 00:00:00+09:00,186.8862762451172,186.8862762451172,186.8862762451172,186.8862762451172,1900,0.0,0.0
2009-01-06 00:00:00+09:00,186.8862762451172,186.8862762451172,186.8862762451172,186.8862762451172,1900,0.0,0.0
2009-01-07 00:00:00+09:00,186.8862762451172,186.8862762451172,186.8862762451172,186.8862762451172,1900,0.0,0.0
2009-01-08 00:00:00+09:00,186.88627292798913,197.92955269191577,186.88627292798913,195.381103515625,7200,0.0,0.0
2009-01-09 00:00:00+09:00,194.5316162109375,194.5316162109375,194.5316162109375,194.5316162109375,2500,0.0,0.0
2009-01-13 00:00:00+09:00,192.83265013049262,194.5316162109375,186.88626884893557,194.5316162109375,7500,0.0,0.0
2009-01-14 00:00:00+09:00,193.68212890625,193.68212890625,193.68212890625,193.68212890625,2100,0.0,0.0
2009-01-15 00:00:00+09:00,193.68212890625,193.68212890625,193.68212890625,193.68212890625,2100,0.0,0.0
2009-01-16 00:00:00+09:00,192.8326416015625,192.8326416015625,192.8326416015625,192.8326416015625,2000,0.0,0.0
2009-01-19 00:00:00+09:00,192.83263785884066,192.83263785884066,180.09039306640625,180.09039306640625,3800,0.0,0.0
2009-01-20 00:00:00+09:00,180.93988037109375,181.7893633775308,180.93988037109375,180.93988037109375,4700,0.0,0.0
2009-01-21 00:00:00+09:00,181.7893633775308,181.7893633775308,180.93988037109375,180.93988037109375,3200,0.0,0.0
2009-01-22 00:00:00+09:00,181.7893633775308,181.7893633775308,180.93988037109375,180.93988037109375,2800,0.0,0.0
2009-01-23 00:00:00+09:00,180.93988037109375,180.93988037109375,180.93988037109375,180.93988037109375,2800,0.0,0.0
2009-01-26 00:00:00+09:00,180.93988037109375,180.93988037109375,180.93988037109375,180.93988037109375,2900,0.0,0.0
2009-01-27 00:00:00+09:00,180.93988037109375,189.43471043546435,180.93988037109375,180.93988037109375,3800,0.0,0.0
2009-01-28 00:00:00+09:00,180.93988037109375,180.93988037109375,180.93988037109375,180.93988037109375,2900,0.0,0.0
2009-01-29 00:00:00+09:00,180.93988037109375,184.337812396842,180.93988037109375,180.93988037109375,2900,0.0,0.0
2009-01-30 00:00:00+09:00,180.93988037109375,180.93988037109375,180.93988037109375,180.93988037109375,3000,0.0,0.0
2009-02-02 00:00:00+09:00,180.93988037109375,180.93988037109375,180.93988037109375,180.93988037109375,3000,0.0,0.0
2009-02-03 00:00:00+09:00,180.93988037109375,180.93988037109375,180.93988037109375,180.93988037109375,3000,0.0,0.0
2009-02-04 00:00:00+09:00,180.93988037109375,180.93988037109375,180.93988037109375,180.93988037109375,0,0.0,0.0
2009-02-05 00:00:00+09:00,162.2512648419636,174.14402770996094,162.2512648419636,174.14402770996094,2100,0.0,0.0
2009-02-06 00:00:00+09:00,165.64918518066406,165.64918518066406,165.64918518066406,165.64918518066406,300,0.0,0.0
2009-02-09 00:00:00+09:00,165.64918518066406,165.64918518066406,165.64918518066406,165.64918518066406,0,0.0,0.0
2009-02-10 00:00:00+09:00,165.6491944162469,165.6491944162469,161.4017791748047,161.4017791748047,6500,0.0,0.0
2009-02-12 00:00:00+09:00,161.4017791748047,161.4017791748047,161.4017791748047,161.4017791748047,2800,0.0,0.0
2009-02-13 00:00:00+09:00,161.4017791748047,161.4017791748047,161.4017791748047,161.4017791748047,2800,0.0,0.0
2009-02-16 00:00:00+09:00,161.4017791748047,161.4017791748047,161.4017791748047,161.4017791748047,2800,0.0,0.0
2009-02-17 00:00:00+09:00,140.16469216760183,151.2079709444432,140.16469216760183,146.96055603027344,16200,0.0,0.0
2009-02-18 00:00:00+09:00,146.960570441352,152.90695190429688,146.960570441352,152.90695190429688,3200,0.0,0.0
2009-02-19 00:00:00+09:00,152.05747985839844,152.05747985839844,152.05747985839844,152.05747985839844,2900,0.0,0.0
2009-02-20 00:00:00+09:00,152.05747985839844,152.05747985839844,152.05747985839844,152.05747985839844,2900,0.0,0.0
2009-02-23 00:00:00+09:00,152.90695190429688,152.90695190429688,152.90695190429688,152.90695190429688,2500,0.0,0.0
2009-02-24 00:00:00+09:00,153.7564239501953,158.8533219816935,153.7564239501953,153.7564239501953,3500,0.0,0.0
2009-02-25 00:00:00+09:00,153.7564239501953,153.7564239501953,153.7564239501953,153.7564239501953,3200,0.0,0.0
2009-02-26 00:00:00+09:00,158.0038604736328,158.0038604736328,158.0038604736328,158.0038604736328,3600,0.0,0.0
2009-02-27 00:00:00+09:00,158.0038604736328,158.0038604736328,158.0038604736328,158.0038604736328,3300,0.0,0.0
2009-03-02 00:00:00+09:00,158.00381910354696,158.85330200195312,158.00381910354696,158.85330200195312,3600,0.0,0.0
2009-03-03 00:00:00+09:00,158.85330200195312,158.85330200195312,158.85330200195312,158.85330200195312,3300,0.0,0.0
2009-03-04 00:00:00+09:00,158.85330200195312,158.85330200195312,158.85330200195312,158.85330200195312,3300,0.0,0.0
2009-03-05 00:00:00+09:00,161.40179061889648,169.89662170410156,161.40179061889648,169.89662170410156,300,0.0,0.0
2009-03-06 00:00:00+09:00,169.8966035388765,178.3914337158203,169.8966035388765,178.3914337158203,4800,0.0,0.0
2009-03-09 00:00:00+09:00,178.3914546522983,182.6388702392578,178.3914546522983,182.6388702392578,4900,0.0,0.0
2009-03-10 00:00:00+09:00,182.6388702392578,186.03680270882538,182.6388702392578,182.6388702392578,10900,0.0,0.0
2009-03-11 00:00:00+09:00,182.63884638396786,182.63884638396786,162.25125422947843,180.93988037109375,4800,0.0,0.0
2009-03-12 00:00:00+09:00,180.93988037109375,180.93988037109375,180.93988037109375,180.93988037109375,3700,0.0,0.0
2009-03-13 00:00:00+09:00,178.3914337158203,178.3914337158203,178.3914337158203,178.3914337158203,3700,0.0,0.0
2009-03-16 00:00:00+09:00,178.3914337158203,179.2409167335147,178.3914337158203,178.3914337158203,6200,0.0,0.0
2009-03-17 00:00:00+09:00,178.3914337158203,178.3914337158203,178.3914337158203,178.3914337158203,4200,0.0,0.0
2009-03-18 00:00:00+09:00,178.3914337158203,178.3914337158203,178.3914337158203,178.3914337158203,4200,0.0,0.0
2009-03-19 00:00:00+09:00,178.3914337158203,178.3914337158203,178.3914337158203,178.3914337158203,4400,0.0,0.0
2009-03-23 00:00:00+09:00,178.3914337158203,178.3914337158203,178.3914337158203,178.3914337158203,4100,0.0,0.0
2009-03-24 00:00:00+09:00,178.3914337158203,178.3914337158203,178.3914337158203,178.3914337158203,4100,0.0,0.0
2009-03-25 00:00:00+09:00,176.69247436523438,176.69247436523438,176.69247436523438,176.69247436523438,100,0.0,0.0
2009-03-26 00:00:00+09:00,178.42474365234375,178.42474365234375,178.42474365234375,178.42474365234375,100,4.0,0.0
2009-03-27 00:00:00+09:00,178.42474365234375,178.42474365234375,178.42474365234375,178.42474365234375,0,0.0,0.0
2009-03-30 00:00:00+09:00,178.42474365234375,178.42474365234375,178.42474365234375,178.42474365234375,0,0.0,0.0
2009-03-31 00:00:00+09:00,181.88931274414062,181.88931274414062,181.88931274414062,181.88931274414062,4000,0.0,0.0
2009-04-01 00:00:00+09:00,181.88931274414062,181.88931274414062,181.88931274414062,181.88931274414062,0,0.0,0.0
2009-04-02 00:00:00+09:00,181.88931274414062,181.88931274414062,181.88931274414062,181.88931274414062,0,0.0,0.0
2009-04-03 00:00:00+09:00,181.88931274414062,181.88931274414062,181.88931274414062,181.88931274414062,0,0.0,0.0
2009-04-06 00:00:00+09:00,173.22792053222656,173.22792053222656,173.22792053222656,173.22792053222656,5000,0.0,0.0
2009-04-07 00:00:00+09:00,173.22792053222656,173.22792053222656,173.22792053222656,173.22792053222656,0,0.0,0.0
2009-04-08 00:00:00+09:00,173.22792053222656,173.22792053222656,173.22792053222656,173.22792053222656,0,0.0,0.0
2009-04-09 00:00:00+09:00,168.89720153808594,168.89720153808594,168.03106204301884,168.89720153808594,2800,0.0,0.0
2009-04-10 00:00:00+09:00,169.76334103315304,169.76334103315304,168.89720153808594,168.89720153808594,8200,0.0,0.0
2009-04-13 00:00:00+09:00,164.56651306152344,164.56651306152344,164.56651306152344,164.56651306152344,4100,0.0,0.0
2009-04-14 00:00:00+09:00,164.56651306152344,164.56651306152344,164.56651306152344,164.56651306152344,0,0.0,0.0
2009-04-15 00:00:00+09:00,155.9051055908203,155.9051055908203,155.9051055908203,155.9051055908203,2800,0.0,0.0
2009-04-16 00:00:00+09:00,155.9051055908203,155.9051055908203,155.9051055908203,155.9051055908203,2000,0.0,0.0
2009-04-17 00:00:00+09:00,155.9051055908203,155.9051055908203,155.9051055908203,155.9051055908203,0,0.0,0.0
2009-04-20 00:00:00+09:00,155.9051055908203,155.9051055908203,155.9051055908203,155.9051055908203,2000,0.0,0.0
2009-04-21 00:00:00+09:00,155.9051055908203,155.9051055908203,155.9051055908203,155.9051055908203,0,0.0,0.0
2009-04-22 00:00:00+09:00,155.9051055908203,155.9051055908203,155.9051055908203,155.9051055908203,0,0.0,0.0
2009-04-23 00:00:00+09:00,155.90513007585392,155.90513007585392,148.97601318359375,148.97601318359375,500,0.0,0.0
2009-04-24 00:00:00+09:00,150.70826873779296,155.9051055908203,150.70826873779296,155.9051055908203,600,0.0,0.0
2009-04-27 00:00:00+09:00,155.9051055908203,155.9051055908203,155.9051055908203,155.9051055908203,0,0.0,0.0
2009-04-28 00:00:00+09:00,148.10989379882812,148.10989379882812,148.10989379882812,148.10989379882812,800,0.0,0.0
2009-04-30 00:00:00+09:00,155.9051055908203,155.9051055908203,155.9051055908203,155.9051055908203,1000,0.0,0.0
2009-05-01 00:00:00+09:00,148.97598978678386,155.9051055908203,148.97598978678386,155.9051055908203,1700,0.0,0.0
2009-05-07 00:00:00+09:00,155.90512230282738,163.70037841796875,155.90512230282738,163.70037841796875,400,0.0,0.0
2009-05-08 00:00:00+09:00,163.7003645676833,168.89720153808594,163.7003645676833,168.89720153808594,500,0.0,0.0
2009-05-11 00:00:00+09:00,168.89720153808594,168.89720153808594,168.89720153808594,168.89720153808594,3900,0.0,0.0
2009-05-12 00:00:00+09:00,147.24371010300803,153.3066864013672,147.24371010300803,153.3066864013672,2200,0.0,0.0
2009-05-13 00:00:00+09:00,153.3066864013672,153.3066864013672,153.3066864013672,153.3066864013672,0,0.0,0.0
2009-05-14 00:00:00+09:00,155.90512662320523,160.23582458496094,155.90512662320523,160.23582458496094,300,0.0,0.0
2009-05-15 00:00:00+09:00,158.5035191319924,158.5035191319924,156.771240234375,156.771240234375,300,0.0,0.0
2009-05-18 00:00:00+09:00,156.771240234375,156.771240234375,156.771240234375,156.771240234375,100,0.0,0.0
2009-05-19 00:00:00+09:00,152.4405429903315,156.771240234375,152.4405429903315,156.771240234375,500,0.0,0.0
2009-05-20 00:00:00+09:00,154.1728515625,154.1728515625,154.1728515625,154.1728515625,5000,0.0,0.0
2009-05-21 00:00:00+09:00,156.771240234375,156.771240234375,156.771240234375,156.771240234375,1500,0.0,0.0
2009-05-22 00:00:00+09:00,161.10194244384766,161.10194244384766,155.9051055908203,155.9051055908203,5100,0.0,0.0
2009-05-25 00:00:00+09:00,154.17282188794888,156.771240234375,154.17282188794888,156.771240234375,7300,0.0,0.0
2009-05-26 00:00:00+09:00,158.5035496400983,158.5035496400983,154.1728515625,154.1728515625,6000,0.0,0.0
2009-05-27 00:00:00+09:00,156.77124506632487,156.77124506632487,155.9051055908203,155.9051055908203,2900,0.0,0.0
2009-05-28 00:00:00+09:00,156.771240234375,156.771240234375,156.771240234375,156.771240234375,200,0.0,0.0
2009-05-29 00:00:00+09:00,155.90509155886858,172.3617401123047,155.90509155886858,172.3617401123047,1600,0.0,0.0
2009-06-01 00:00:00+09:00,159.36968688964842,173.22792053222656,159.36968688964842,173.22792053222656,6100,0.0,0.0
2009-06-02 00:00:00+09:00,168.89722175204878,168.89722175204878,168.0310821533203,168.0310821533203,900,0.0,0.0
2009-06-03 00:00:00+09:00,161.96809928127067,163.70037841796875,161.96809928127067,163.70037841796875,700,0.0,0.0
2009-06-04 00:00:00+09:00,163.70037841796875,163.70037841796875,163.70037841796875,163.70037841796875,0,0.0,0.0
2009-06-05 00:00:00+09:00,163.70037351909437,164.56651306152344,163.70037351909437,164.56651306152344,7300,0.0,0.0
2009-06-08 00:00:00+09:00,161.96809443423624,164.56651306152344,161.96809443423624,164.56651306152344,5100,0.0,0.0
2009-06-09 00:00:00+09:00,163.70037792574973,164.56651749149444,161.10195922851562,161.10195922851562,8500,0.0,0.0
2009-06-10 00:00:00+09:00,164.56651749149444,164.56651749149444,161.10195922851562,161.10195922851562,6100,0.0,0.0
2009-06-11 00:00:00+09:00,163.70037351909437,164.56651306152344,163.70037351909437,164.56651306152344,7200,0.0,0.0
2009-06-12 00:00:00+09:00,164.56651306152344,164.56651306152344,164.56651306152344,164.56651306152344,0,0.0,0.0
2009-06-15 00:00:00+09:00,164.5665179863178,164.5665179863178,163.70037841796875,163.70037841796875,1400,0.0,0.0
2009-06-16 00:00:00+09:00,156.7712519219581,162.834228515625,156.7712519219581,162.834228515625,2200,0.0,0.0
2009-06-17 00:00:00+09:00,161.10195489180717,164.56651306152344,161.10195489180717,164.56651306152344,300,0.0,0.0
2009-06-18 00:00:00+09:00,163.70037841796875,163.70037841796875,163.70037841796875,163.70037841796875,400,0.0,0.0
2009-06-19 00:00:00+09:00,162.834228515625,162.834228515625,162.834228515625,162.834228515625,500,0.0,0.0
2009-06-22 00:00:00+09:00,162.834228515625,162.834228515625,162.834228515625,162.834228515625,700,0.0,0.0
2009-06-23 00:00:00+09:00,161.10196417731208,161.10196417731208,160.23582458496094,160.23582458496094,600,0.0,0.0
2009-06-24 00:00:00+09:00,161.96809879426033,161.96809879426033,161.10195922851562,161.10195922851562,2300,0.0,0.0
2009-06-25 00:00:00+09:00,161.96809928127067,163.70037841796875,161.96809928127067,163.70037841796875,300,0.0,0.0
2009-06-26 00:00:00+09:00,163.70037841796875,164.5665179863178,163.70037841796875,163.70037841796875,2300,0.0,0.0
2009-06-29 00:00:00+09:00,162.8342388496197,164.5665179863178,162.8342388496197,163.70037841796875,2100,0.0,0.0
2009-06-30 00:00:00+09:00,162.83424336201438,164.56652254671664,160.23582458496094,160.23582458496094,14600,0.0,0.0
2009-07-01 00:00:00+09:00,161.10196917989978,161.10196917989978,159.36968994140625,159.36968994140625,3900,0.0,0.0
2009-07-02 00:00:00+09:00,162.8342339766653,164.56651306152344,162.8342339766653,164.56651306152344,1700,0.0,0.0
2009-07-03 00:00:00+09:00,164.56651306152344,164.56651306152344,164.56651306152344,164.56651306152344,100,0.0,0.0
2009-07-06 00:00:00+09:00,162.8342388496197,163.70037841796875,162.8342388496197,163.70037841796875,2400,0.0,0.0
2009-07-07 00:00:00+09:00,168.03107123123974,168.03107123123974,164.56651306152344,164.56651306152344,200,0.0,0.0
2009-07-08 00:00:00+09:00,164.56652254671664,164.56652254671664,160.23582458496094,160.23582458496094,14400,0.0,0.0
2009-07-09 00:00:00+09:00,160.23582014457259,163.70037841796875,159.36968057622354,163.70037841796875,1100,0.0,0.0
2009-07-10 00:00:00+09:00,163.70037841796875,163.70037841796875,163.70037841796875,163.70037841796875,5400,0.0,0.0
2009-07-13 00:00:00+09:00,161.10194244384766,161.10194244384766,155.9051055908203,155.9051055908203,5600,0.0,0.0
2009-07-14 00:00:00+09:00,160.23581479322465,161.9680938720703,160.23581479322465,161.9680938720703,15500,0.0,0.0
2009-07-15 00:00:00+09:00,163.7003645676833,169.76334103315304,163.7003645676833,168.89720153808594,14500,0.0,0.0
2009-07-16 00:00:00+09:00,168.89721532021798,168.89721532021798,161.10195922851562,161.10195922851562,3600,0.0,0.0
2009-07-17 00:00:00+09:00,167.16494750976562,167.16494750976562,167.16494750976562,167.16494750976562,300,0.0,0.0
2009-07-21 00:00:00+09:00,168.03108328081706,176.69247932622,168.03108328081706,175.8263397216797,6400,0.0,0.0
2009-07-22 00:00:00+09:00,175.8263397216797,175.8263397216797,175.8263397216797,175.8263397216797,4500,0.0,0.0
2009-07-23 00:00:00+09:00,173.22792053222656,173.22792053222656,173.22792053222656,173.22792053222656,4900,0.0,0.0
2009-07-24 00:00:00+09:00,173.22792053222656,173.22792053222656,173.22792053222656,173.22792053222656,4500,0.0,0.0
2009-07-27 00:00:00+09:00,173.22792053222656,173.22792053222656,173.22792053222656,173.22792053222656,5500,0.0,0.0
2009-07-28 00:00:00+09:00,173.22792053222656,173.22792053222656,173.22792053222656,173.22792053222656,10500,0.0,0.0
2009-07-29 00:00:00+09:00,172.3617401123047,173.22787950985398,172.3617401123047,172.3617401123047,5700,0.0,0.0
2009-07-30 00:00:00+09:00,172.3617401123047,172.3617401123047,172.3617401123047,172.3617401123047,5500,0.0,0.0
2009-07-31 00:00:00+09:00,172.3617852561832,173.22792488058613,167.16494750976562,167.16494750976562,5700,0.0,0.0
2009-08-03 00:00:00+09:00,173.22792053222656,173.22792053222656,173.22792053222656,173.22792053222656,1400,0.0,0.0
2009-08-04 00:00:00+09:00,173.22792053222656,173.22792053222656,173.22792053222656,173.22792053222656,0,0.0,0.0
2009-08-05 00:00:00+09:00,173.22792053222656,173.22792053222656,173.22792053222656,173.22792053222656,0,0.0,0.0
2009-08-06 00:00:00+09:00,173.22792053222656,173.22792053222656,173.22792053222656,173.22792053222656,0,0.0,0.0
2009-08-07 00:00:00+09:00,171.49560071475543,172.3617401123047,171.49560071475543,172.3617401123047,200,0.0,0.0
2009-08-10 00:00:00+09:00,172.3617401123047,172.3617401123047,172.3617401123047,172.3617401123047,4100,0.0,0.0
2009-08-11 00:00:00+09:00,172.3617401123047,172.3617401123047,172.3617401123047,172.3617401123047,1100,0.0,0.0
2009-08-12 00:00:00+09:00,171.49562072753906,171.49562072753906,171.49562072753906,171.49562072753906,4600,0.0,0.0
2009-08-13 00:00:00+09:00,172.3617401123047,172.3617401123047,172.3617401123047,172.3617401123047,5600,0.0,0.0
2009-08-14 00:00:00+09:00,172.3617401123047,172.3617401123047,172.3617401123047,172.3617401123047,5100,0.0,0.0
2009-08-17 00:00:00+09:00,172.3617401123047,172.3617401123047,172.3617401123047,172.3617401123047,0,0.0,0.0
2009-08-18 00:00:00+09:00,171.49562072753906,171.49562072753906,171.49562072753906,171.49562072753906,1000,0.0,0.0
2009-08-19 00:00:00+09:00,171.49562072753906,171.49562072753906,171.49562072753906,171.49562072753906,4000,0.0,0.0
2009-08-20 00:00:00+09:00,171.49562072753906,171.49562072753906,171.49562072753906,171.49562072753906,1000,0.0,0.0
2009-08-21 00:00:00+09:00,171.49562072753906,171.49562072753906,171.49562072753906,171.49562072753906,1000,0.0,0.0
2009-08-24 00:00:00+09:00,171.49562072753906,171.49562072753906,171.49562072753906,171.49562072753906,1200,0.0,0.0
2009-08-25 00:00:00+09:00,171.49562072753906,171.49562072753906,171.49562072753906,171.49562072753906,1000,0.0,0.0
2009-08-26 00:00:00+09:00,171.49562072753906,171.49562072753906,171.49562072753906,171.49562072753906,1100,0.0,0.0
2009-08-27 00:00:00+09:00,171.49562072753906,171.49562072753906,171.49562072753906,171.49562072753906,1400,0.0,0.0
2009-08-28 00:00:00+09:00,172.3617401123047,172.3617401123047,172.3617401123047,172.3617401123047,2800,0.0,0.0
2009-08-31 00:00:00+09:00,172.3617805442229,172.3617805442229,170.62950134277344,170.62950134277344,8800,0.0,0.0
2009-09-02 00:00:00+09:00,170.62950134277344,170.62950134277344,170.62950134277344,170.62950134277344,1000,0.0,0.0
2009-09-03 00:00:00+09:00,170.62950134277344,172.3617805442229,170.62950134277344,170.62950134277344,700,0.0,0.0
2009-09-04 00:00:00+09:00,170.62950134277344,170.62950134277344,170.62950134277344,170.62950134277344,1000,0.0,0.0
2009-09-07 00:00:00+09:00,173.22792053222656,173.22792053222656,173.22792053222656,173.22792053222656,1100,0.0,0.0
2009-09-08 00:00:00+09:00,173.22792014494766,173.22792014494766,170.62950134277344,170.62950134277344,11000,0.0,0.0
2009-09-09 00:00:00+09:00,168.89720153808594,168.89720153808594,168.89720153808594,168.89720153808594,1600,0.0,0.0
2009-09-10 00:00:00+09:00,172.3617401123047,172.3617401123047,172.3617401123047,172.3617401123047,1100,0.0,0.0
2009-09-11 00:00:00+09:00,172.36175951835438,173.22789901342148,168.89720153808594,168.89720153808594,11500,0.0,0.0
2009-09-14 00:00:00+09:00,168.89720153808594,168.89720153808594,168.89720153808594,168.89720153808594,1000,0.0,0.0
2009-09-15 00:00:00+09:00,168.89720153808594,168.89720153808594,168.89720153808594,168.89720153808594,1900,0.0,0.0
2009-09-16 00:00:00+09:00,168.89720153808594,169.76334103315304,168.89720153808594,168.89720153808594,1500,0.0,0.0
2009-09-17 00:00:00+09:00,168.89720153808594,168.89720153808594,168.89720153808594,168.89720153808594,1000,0.0,0.0
2009-09-18 00:00:00+09:00,168.89720153808594,168.89720153808594,168.89720153808594,168.89720153808594,1000,0.0,0.0
2009-09-21 00:00:00+09:00,168.89720153808594,168.89720153808594,168.89720153808594,168.89720153808594,0,0.0,0.0
2009-09-24 00:00:00+09:00,163.70037841796875,163.70037841796875,163.70037841796875,163.70037841796875,100,0.0,0.0
2009-09-25 00:00:00+09:00,163.70037841796875,163.70037841796875,163.70037841796875,163.70037841796875,0,0.0,0.0
2009-09-28 00:00:00+09:00,163.70037841796875,163.70037841796875,163.70037841796875,163.70037841796875,0,0.0,0.0
2009-09-29 00:00:00+09:00,159.36965858080112,160.2357980296098,156.771240234375,156.771240234375,6500,0.0,0.0
2009-09-30 00:00:00+09:00,156.77124506632487,156.77124506632487,155.9051055908203,155.9051055908203,4700,0.0,0.0
2009-10-01 00:00:00+09:00,155.9051055908203,155.9051055908203,155.9051055908203,155.9051055908203,3000,0.0,0.0
2009-10-02 00:00:00+09:00,155.90512535788795,155.90512535788795,152.44056701660156,152.44056701660156,9300,0.0,0.0
2009-10-05 00:00:00+09:00,152.44056701660156,152.44056701660156,152.44056701660156,152.44056701660156,1000,0.0,0.0
2009-10-06 00:00:00+09:00,152.44056701660156,152.44056701660156,152.44056701660156,152.44056701660156,1000,0.0,0.0
2009-10-07 00:00:00+09:00,153.30669194226826,155.03897094726562,153.30669194226826,155.03897094726562,700,0.0,0.0
2009-10-08 00:00:00+09:00,155.03897094726562,155.03897094726562,155.03897094726562,155.03897094726562,1000,0.0,0.0
2009-10-09 00:00:00+09:00,155.03897094726562,155.90511044976432,155.03897094726562,155.03897094726562,2100,0.0,0.0
2009-10-13 00:00:00+09:00,155.03897094726562,155.03897094726562,155.03897094726562,155.03897094726562,3200,0.0,0.0
2009-10-14 00:00:00+09:00,155.90511044976432,155.90511044976432,155.03897094726562,155.03897094726562,2400,0.0,0.0
2009-10-15 00:00:00+09:00,155.03897094726562,155.03897094726562,155.03897094726562,155.03897094726562,0,0.0,0.0
2009-10-16 00:00:00+09:00,148.97601318359375,148.97601318359375,148.97601318359375,148.97601318359375,600,0.0,0.0
2009-10-19 00:00:00+09:00,148.1098503112793,155.9051055908203,148.1098503112793,155.9051055908203,1200,0.0,0.0
2009-10-20 00:00:00+09:00,155.9051055908203,155.9051055908203,155.9051055908203,155.9051055908203,0,0.0,0.0
2009-10-21 00:00:00+09:00,155.9051055908203,155.9051055908203,155.9051055908203,155.9051055908203,0,0.0,0.0
2009-10-22 00:00:00+09:00,155.9051055908203,155.9051055908203,155.9051055908203,155.9051055908203,0,0.0,0.0
2009-10-23 00:00:00+09:00,155.9051055908203,155.9051055908203,155.9051055908203,155.9051055908203,0,0.0,0.0
2009-10-26 00:00:00+09:00,155.9051055908203,155.9051055908203,155.9051055908203,155.9051055908203,0,0.0,0.0
2009-10-27 00:00:00+09:00,155.9051055908203,155.9051055908203,155.9051055908203,155.9051055908203,1200,0.0,0.0
2009-10-28 00:00:00+09:00,155.9051055908203,155.9051055908203,155.9051055908203,155.9051055908203,1000,0.0,0.0
2009-10-29 00:00:00+09:00,155.9051055908203,155.9051055908203,155.9051055908203,155.9051055908203,2800,0.0,0.0
2009-10-30 00:00:00+09:00,155.90510481494968,155.90510481494968,153.3066864013672,153.3066864013672,3000,0.0,0.0
2009-11-02 00:00:00+09:00,153.3066864013672,153.3066864013672,153.3066864013672,153.3066864013672,1000,0.0,0.0
2009-11-04 00:00:00+09:00,153.3066864013672,153.3066864013672,153.3066864013672,153.3066864013672,0,0.0,0.0
2009-11-05 00:00:00+09:00,153.3066864013672,153.3066864013672,153.3066864013672,153.3066864013672,1000,0.0,0.0
2009-11-06 00:00:00+09:00,153.3066864013672,153.3066864013672,153.3066864013672,153.3066864013672,0,0.0,0.0
2009-11-09 00:00:00+09:00,160.23582458496094,160.23582458496094,160.23582458496094,160.23582458496094,1000,0.0,0.0
2009-11-10 00:00:00+09:00,155.9051055908203,155.9051055908203,155.9051055908203,155.9051055908203,11300,0.0,0.0
2009-11-11 00:00:00+09:00,155.9051055908203,155.9051055908203,155.9051055908203,155.9051055908203,0,0.0,0.0
2009-11-12 00:00:00+09:00,151.5744269927802,151.5744269927802,149.84214782714844,149.84214782714844,3200,0.0,0.0
2009-11-13 00:00:00+09:00,151.57443237304688,151.57443237304688,151.57443237304688,151.57443237304688,1400,0.0,0.0
2009-11-16 00:00:00+09:00,151.57443237304688,151.57443237304688,151.57443237304688,151.57443237304688,0,0.0,0.0
2009-11-17 00:00:00+09:00,154.17285121372768,154.17285121372768,151.57443237304688,151.57443237304688,1200,0.0,0.0
2009-11-18 00:00:00+09:00,151.57443237304688,151.57443237304688,151.57443237304688,151.57443237304688,1000,0.0,0.0
2009-11-19 00:00:00+09:00,151.57443237304688,151.57443237304688,151.57443237304688,151.57443237304688,700,0.0,0.0
2009-11-20 00:00:00+09:00,151.57443237304688,151.57443237304688,151.57443237304688,151.57443237304688,0,0.0,0.0
2009-11-24 00:00:00+09:00,151.57443237304688,151.57443237304688,151.57443237304688,151.57443237304688,1000,0.0,0.0
2009-11-25 00:00:00+09:00,151.57443237304688,151.57443237304688,151.57443237304688,151.57443237304688,1000,0.0,0.0
2009-11-26 00:00:00+09:00,151.574426538804,151.574426538804,147.2437286376953,147.2437286376953,10000,0.0,0.0
2009-11-27 00:00:00+09:00,147.2437286376953,147.2437286376953,147.2437286376953,147.2437286376953,0,0.0,0.0
2009-11-30 00:00:00+09:00,147.2437286376953,147.2437286376953,147.2437286376953,147.2437286376953,0,0.0,0.0
2009-12-01 00:00:00+09:00,147.2437286376953,147.2437286376953,147.2437286376953,147.2437286376953,1000,0.0,0.0
2009-12-02 00:00:00+09:00,147.24373430524554,151.57443237304688,147.24373430524554,151.57443237304688,1100,0.0,0.0
2009-12-03 00:00:00+09:00,151.57443237304688,151.57443237304688,151.57443237304688,151.57443237304688,1000,0.0,0.0
2009-12-04 00:00:00+09:00,147.24373360357342,147.24373360357342,146.37759399414062,146.37759399414062,2300,0.0,0.0
2009-12-07 00:00:00+09:00,152.44056701660156,152.44056701660156,152.44056701660156,152.44056701660156,900,0.0,0.0
2009-12-08 00:00:00+09:00,151.57443237304688,151.57443237304688,151.57443237304688,151.57443237304688,1000,0.0,0.0
2009-12-09 00:00:00+09:00,151.57443237304688,152.44057198660713,151.57443237304688,151.57443237304688,1300,0.0,0.0
2009-12-10 00:00:00+09:00,152.44057198660713,152.44057198660713,151.57443237304688,151.57443237304688,2700,0.0,0.0
2009-12-11 00:00:00+09:00,153.3066864013672,153.3066864013672,153.3066864013672,153.3066864013672,1500,0.0,0.0
2009-12-14 00:00:00+09:00,153.3066864013672,153.3066864013672,153.3066864013672,153.3066864013672,1000,0.0,0.0
2009-12-15 00:00:00+09:00,153.3066864013672,153.3066864013672,153.3066864013672,153.3066864013672,600,0.0,0.0
2009-12-16 00:00:00+09:00,153.3066864013672,153.3066864013672,153.3066864013672,153.3066864013672,1000,0.0,0.0
2009-12-17 00:00:00+09:00,153.3066864013672,153.3066864013672,153.3066864013672,153.3066864013672,0,0.0,0.0
2009-12-18 00:00:00+09:00,147.2437286376953,147.2437286376953,147.2437286376953,147.2437286376953,4100,0.0,0.0
2009-12-21 00:00:00+09:00,147.2437286376953,147.2437286376953,147.2437286376953,147.2437286376953,1500,0.0,0.0
2009-12-22 00:00:00+09:00,147.2437226266572,147.2437226266572,142.91302490234375,142.91302490234375,3000,0.0,0.0
2009-12-24 00:00:00+09:00,154.1728515625,154.1728515625,154.1728515625,154.1728515625,100,0.0,0.0
2009-12-25 00:00:00+09:00,147.24373396052871,148.97601318359375,147.24373396052871,148.97601318359375,200,0.0,0.0
2009-12-28 00:00:00+09:00,162.834228515625,162.834228515625,162.834228515625,162.834228515625,500,0.0,0.0
2009-12-29 00:00:00+09:00,162.834228515625,162.834228515625,162.834228515625,162.834228515625,100,0.0,0.0
2009-12-30 00:00:00+09:00,162.834228515625,162.834228515625,162.834228515625,162.834228515625,0,0.0,0.0
2010-01-04 00:00:00+09:00,149.84213264660957,168.89720153808594,149.84213264660957,168.89720153808594,2800,0.0,0.0
2010-01-05 00:00:00+09:00,167.16494750976562,167.16494750976562,167.16494750976562,167.16494750976562,1200,0.0,0.0
2010-01-06 00:00:00+09:00,167.16494750976562,167.16494750976562,167.16494750976562,167.16494750976562,1000,0.0,0.0
2010-01-07 00:00:00+09:00,167.16494750976562,167.16494750976562,167.16494750976562,167.16494750976562,1000,0.0,0.0
2010-01-08 00:00:00+09:00,166.29879156918452,166.29879156918452,157.63739617495614,161.9680938720703,3500,0.0,0.0
2010-01-12 00:00:00+09:00,161.9680938720703,161.9680938720703,161.9680938720703,161.9680938720703,900,0.0,0.0
2010-01-13 00:00:00+09:00,155.90512740050312,165.4326629638672,155.90512740050312,165.4326629638672,2500,0.0,0.0
2010-01-14 00:00:00+09:00,165.4326629638672,165.4326629638672,165.4326629638672,165.4326629638672,0,0.0,0.0
2010-01-15 00:00:00+09:00,165.4326629638672,165.4326629638672,165.4326629638672,165.4326629638672,0,0.0,0.0
2010-01-18 00:00:00+09:00,156.77126187117642,163.70037841796875,156.77126187117642,163.70037841796875,1700,0.0,0.0
2010-01-19 00:00:00+09:00,162.83422139485677,163.70036087036132,155.9051055908203,155.9051055908203,1700,0.0,0.0
2010-01-20 00:00:00+09:00,155.90512230282738,163.70037841796875,155.90512230282738,163.70037841796875,1900,0.0,0.0
2010-01-21 00:00:00+09:00,163.70037841796875,163.70037841796875,163.70037841796875,163.70037841796875,0,0.0,0.0
2010-01-22 00:00:00+09:00,163.70037841796875,163.70037841796875,163.70037841796875,163.70037841796875,0,0.0,0.0
2010-01-25 00:00:00+09:00,163.70037841796875,163.70037841796875,163.70037841796875,163.70037841796875,0,0.0,0.0
2010-01-26 00:00:00+09:00,163.70037841796875,163.70037841796875,163.70037841796875,163.70037841796875,0,0.0,0.0
2010-01-27 00:00:00+09:00,163.70037841796875,163.70037841796875,163.70037841796875,163.70037841796875,0,0.0,0.0
2010-01-28 00:00:00+09:00,163.70037841796875,163.70037841796875,163.70037841796875,163.70037841796875,0,0.0,0.0
2010-01-29 00:00:00+09:00,156.77124506632487,156.77124506632487,155.9051055908203,155.9051055908203,500,0.0,0.0
2010-02-01 00:00:00+09:00,147.24373527195144,159.36968994140625,147.24373527195144,159.36968994140625,1200,0.0,0.0
2010-02-02 00:00:00+09:00,157.63738530059982,158.50352478027344,157.63738530059982,158.50352478027344,1000,0.0,0.0
2010-02-03 00:00:00+09:00,158.50352478027344,158.50352478027344,158.50352478027344,158.50352478027344,0,0.0,0.0
2010-02-04 00:00:00+09:00,155.9051055908203,155.9051055908203,155.9051055908203,155.9051055908203,100,0.0,0.0
2010-02-05 00:00:00+09:00,155.9051055908203,155.9051055908203,155.9051055908203,155.9051055908203,0,0.0,0.0
2010-02-08 00:00:00+09:00,148.1098503112793,155.9051055908203,148.1098503112793,155.9051055908203,1400,0.0,0.0
2010-02-09 00:00:00+09:00,155.9051055908203,155.9051055908203,155.9051055908203,155.9051055908203,0,0.0,0.0
2010-02-10 00:00:00+09:00,155.9051055908203,155.9051055908203,155.9051055908203,155.9051055908203,1900,0.0,0.0
2010-02-12 00:00:00+09:00,155.9051055908203,155.9051055908203,155.9051055908203,155.9051055908203,600,0.0,0.0
2010-02-15 00:00:00+09:00,155.9051055908203,155.9051055908203,155.9051055908203,155.9051055908203,600,0.0,0.0
2010-02-16 00:00:00+09:00,155.9051055908203,155.9051055908203,155.9051055908203,155.9051055908203,600,0.0,0.0
2010-02-17 00:00:00+09:00,155.9051055908203,155.9051055908203,155.9051055908203,155.9051055908203,600,0.0,0.0
2010-02-18 00:00:00+09:00,155.9051055908203,155.9051055908203,155.9051055908203,155.9051055908203,600,0.0,0.0
2010-02-19 00:00:00+09:00,155.9051055908203,155.9051055908203,155.9051055908203,155.9051055908203,600,0.0,0.0
2010-02-22 00:00:00+09:00,160.23582458496094,160.23582458496094,160.23582458496094,160.23582458496094,1000,0.0,0.0
2010-02-23 00:00:00+09:00,160.2358029683431,160.2358029683431,155.9051055908203,155.9051055908203,600,0.0,0.0
2010-02-24 00:00:00+09:00,155.9051513671875,155.9051513671875,148.10989379882812,148.10989379882812,2500,0.0,0.0
2010-02-25 00:00:00+09:00,155.03897094726562,155.03897094726562,155.03897094726562,155.03897094726562,1000,0.0,0.0
2010-02-26 00:00:00+09:00,155.0389653437555,155.0389653437555,153.3066864013672,153.3066864013672,700,0.0,0.0
2010-03-01 00:00:00+09:00,153.30670784615182,160.23582458496094,153.30670784615182,160.23582458496094,1700,0.0,0.0
2010-03-02 00:00:00+09:00,160.23582458496094,160.23582458496094,160.23582458496094,160.23582458496094,700,0.0,0.0
2010-03-03 00:00:00+09:00,160.23582458496094,160.23582458496094,160.23582458496094,160.23582458496094,700,0.0,0.0
2010-03-04 00:00:00+09:00,160.23582458496094,160.23582458496094,160.23582458496094,160.23582458496094,700,0.0,0.0
2010-03-05 00:00:00+09:00,159.36968994140625,159.36968994140625,159.36968994140625,159.36968994140625,700,0.0,0.0
2010-03-08 00:00:00+09:00,159.36968994140625,159.36968994140625,159.36968994140625,159.36968994140625,900,0.0,0.0
2010-03-09 00:00:00+09:00,158.50352478027344,158.50352478027344,158.50352478027344,158.50352478027344,900,0.0,0.0
2010-03-10 00:00:00+09:00,158.50352478027344,158.50352478027344,158.50352478027344,158.50352478027344,2100,0.0,0.0
2010-03-11 00:00:00+09:00,157.63739013671875,157.63739013671875,157.63739013671875,157.63739013671875,900,0.0,0.0
2010-03-12 00:00:00+09:00,152.44056701660156,152.44056701660156,152.44056701660156,152.44056701660156,1300,0.0,0.0
2010-03-15 00:00:00+09:00,152.44056701660156,152.44056701660156,152.44056701660156,152.44056701660156,0,0.0,0.0
2010-03-16 00:00:00+09:00,153.30671194698033,154.1728515625,153.30671194698033,154.1728515625,200,0.0,0.0
2010-03-17 00:00:00+09:00,154.1728515625,154.1728515625,154.1728515625,154.1728515625,0,0.0,0.0
2010-03-18 00:00:00+09:00,154.1728515625,154.1728515625,154.1728515625,154.1728515625,1500,0.0,0.0
2010-03-19 00:00:00+09:00,154.1728515625,154.1728515625,154.1728515625,154.1728515625,1100,0.0,0.0
2010-03-23 00:00:00+09:00,160.23582458496094,160.23582458496094,160.23582458496094,160.23582458496094,1000,0.0,0.0
2010-03-24 00:00:00+09:00,160.2358021709205,160.2358021709205,153.3066864013672,153.3066864013672,1700,0.0,0.0
2010-03-25 00:00:00+09:00,152.44056701660156,152.44056701660156,152.44056701660156,152.44056701660156,3300,0.0,0.0
2010-03-26 00:00:00+09:00,156.77126353372356,156.77126353372356,143.7791698707078,144.6453094482422,17100,0.0,0.0
2010-03-29 00:00:00+09:00,148.1098549272761,155.03897094726562,148.1098549272761,155.03897094726562,2200,0.0,0.0
2010-03-30 00:00:00+09:00,155.03899184517238,159.36968994140625,147.24373527195144,159.36968994140625,3300,0.0,0.0
2010-03-31 00:00:00+09:00,159.36968994140625,159.36968994140625,159.36968994140625,159.36968994140625,0,0.0,0.0
2010-04-01 00:00:00+09:00,159.36968994140625,159.36968994140625,159.36968994140625,159.36968994140625,0,0.0,0.0
2010-04-02 00:00:00+09:00,159.36966349283853,159.36966349283853,155.9051055908203,155.9051055908203,4000,0.0,0.0
2010-04-05 00:00:00+09:00,155.90511044976432,157.6373894547617,155.03897094726562,155.03897094726562,6000,0.0,0.0
2010-04-06 00:00:00+09:00,152.44056701660156,154.17284618724474,152.44056701660156,152.44056701660156,3900,0.0,0.0
2010-04-07 00:00:00+09:00,152.44056701660156,155.03898577256635,152.44056701660156,152.44056701660156,5700,0.0,0.0
2010-04-08 00:00:00+09:00,149.84214826063675,154.17284618724474,148.97600867531514,152.44056701660156,5200,0.0,0.0
2010-04-09 00:00:00+09:00,155.9051304408482,155.9051304408482,151.57443237304688,151.57443237304688,2900,0.0,0.0
2010-04-12 00:00:00+09:00,151.57440821329752,155.9051055908203,151.57440821329752,155.9051055908203,1900,0.0,0.0
2010-04-13 00:00:00+09:00,155.03899117801967,155.03899117801967,154.1728515625,154.1728515625,1300,0.0,0.0
2010-04-14 00:00:00+09:00,154.17284574122786,154.17284574122786,149.84214782714844,149.84214782714844,3100,0.0,0.0
2010-04-15 00:00:00+09:00,154.1728515625,156.77127040905899,154.1728515625,154.1728515625,1300,0.0,0.0
2010-04-16 00:00:00+09:00,152.44056611902573,152.44056611902573,147.2437286376953,147.2437286376953,20800,0.0,0.0
2010-04-19 00:00:00+09:00,148.10989379882812,148.97603352864584,148.10989379882812,148.10989379882812,4300,0.0,0.0
2010-04-20 00:00:00+09:00,148.97600779813877,148.97600779813877,147.2437286376953,147.2437286376953,3000,0.0,0.0
2010-04-21 00:00:00+09:00,148.97600779813877,151.574426538804,147.2437286376953,147.2437286376953,11300,0.0,0.0
2010-04-22 00:00:00+09:00,148.10987880312163,150.7082977294922,146.3775995188746,150.7082977294922,12600,0.0,0.0
2010-04-23 00:00:00+09:00,150.70828695858225,150.70828695858225,147.2437286376953,147.2437286376953,191000,0.0,0.0
2010-04-26 00:00:00+09:00,147.2437286376953,150.70828695858225,146.37758905747356,147.2437286376953,20200,0.0,0.0
2010-04-27 00:00:00+09:00,147.24375406901044,148.10989379882812,147.24375406901044,148.10989379882812,700,0.0,0.0
2010-04-28 00:00:00+09:00,147.24373360357342,151.57443165073732,145.51145438470783,146.37759399414062,24300,0.0,0.0
2010-04-30 00:00:00+09:00,149.84215279512628,150.7082924066588,141.18075667980105,148.97601318359375,31300,0.0,0.0
2010-05-06 00:00:00+09:00,145.51146418873856,147.2437435243188,142.04690551757812,142.04690551757812,3800,0.0,0.0
2010-05-07 00:00:00+09:00,142.04688535748107,142.91302490234375,140.3146062677557,142.91302490234375,3100,0.0,0.0
2010-05-10 00:00:00+09:00,142.91303555640948,146.37759399414062,142.91303555640948,146.37759399414062,1200,0.0,0.0
2010-05-11 00:00:00+09:00,146.37759399414062,146.37759399414062,146.37759399414062,146.37759399414062,300,0.0,0.0
2010-05-12 00:00:00+09:00,146.37759399414062,146.37759399414062,146.37759399414062,146.37759399414062,0,0.0,0.0
2010-05-13 00:00:00+09:00,139.4484865142078,142.04690551757812,138.5823468464177,142.04690551757812,7000,0.0,0.0
2010-05-14 00:00:00+09:00,138.5823271780303,142.91302490234375,138.5823271780303,142.91302490234375,700,0.0,0.0
2010-05-17 00:00:00+09:00,139.44847711867834,146.37759399414062,138.58233750924558,146.37759399414062,1400,0.0,0.0
2010-05-18 00:00:00+09:00,138.58231070656447,138.58231070656447,134.25161349698433,137.71617126464844,6900,0.0,0.0
2010-05-19 00:00:00+09:00,135.11775293890034,137.71617126464844,134.25161349698433,137.71617126464844,1800,0.0,0.0
2010-05-20 00:00:00+09:00,134.2516581217448,135.1177978515625,130.78709920247397,132.51937866210938,2500,0.0,0.0
2010-05-21 00:00:00+09:00,132.51935844916804,133.385498046875,132.51935844916804,133.385498046875,400,0.0,0.0
2010-05-24 00:00:00+09:00,126.45637705356259,136.8500518798828,126.45637705356259,136.8500518798828,4500,0.0,0.0
2010-05-25 00:00:00+09:00,129.9209442138672,129.9209442138672,128.1886649576823,129.9209442138672,800,0.0,0.0
2010-05-26 00:00:00+09:00,129.92093486170614,134.2516326904297,127.32251616447202,134.2516326904297,4100,0.0,0.0
2010-05-27 00:00:00+09:00,132.51935306348298,132.51935306348298,127.32251568844444,131.65321350097656,300,0.0,0.0
2010-05-28 00:00:00+09:00,132.51937866210938,132.51937866210938,132.51937866210938,132.51937866210938,300,0.0,0.0
2010-05-31 00:00:00+09:00,135.98392784304735,142.04690551757812,131.6532295040968,142.04690551757812,4200,0.0,0.0
2010-06-01 00:00:00+09:00,131.65321885146105,133.385498046875,131.65321885146105,133.385498046875,1300,0.0,0.0
2010-06-02 00:00:00+09:00,135.1177978515625,135.1177978515625,135.1177978515625,135.1177978515625,200,0.0,0.0
2010-06-03 00:00:00+09:00,135.9839324951172,135.9839324951172,135.9839324951172,135.9839324951172,300,0.0,0.0
2010-06-04 00:00:00+09:00,131.65320510864257,138.5823211669922,131.65320510864257,138.5823211669922,2000,0.0,0.0
2010-06-07 00:00:00+09:00,138.5823211669922,138.5823211669922,138.5823211669922,138.5823211669922,0,0.0,0.0
2010-06-08 00:00:00+09:00,132.51935844916804,133.385498046875,132.51935844916804,133.385498046875,1100,0.0,0.0
2010-06-09 00:00:00+09:00,133.385498046875,133.385498046875,133.385498046875,133.385498046875,1100,0.0,0.0
2010-06-10 00:00:00+09:00,134.2516326904297,134.2516326904297,134.2516326904297,134.2516326904297,2600,0.0,0.0
2010-06-11 00:00:00+09:00,135.1177978515625,135.1177978515625,135.1177978515625,135.1177978515625,100,0.0,0.0
2010-06-14 00:00:00+09:00,135.1177978515625,135.1177978515625,135.1177978515625,135.1177978515625,100,0.0,0.0
2010-06-15 00:00:00+09:00,135.1177978515625,135.1177978515625,135.1177978515625,135.1177978515625,0,0.0,0.0
2010-06-16 00:00:00+09:00,135.1177978515625,135.1177978515625,135.1177978515625,135.1177978515625,0,0.0,0.0
2010-06-17 00:00:00+09:00,135.1177978515625,135.1177978515625,135.1177978515625,135.1177978515625,0,0.0,0.0
2010-06-18 00:00:00+09:00,135.1177978515625,135.1177978515625,135.1177978515625,135.1177978515625,0,0.0,0.0
2010-06-21 00:00:00+09:00,135.1177978515625,135.1177978515625,135.1177978515625,135.1177978515625,0,0.0,0.0
2010-06-22 00:00:00+09:00,136.8500518798828,136.8500518798828,136.8500518798828,136.8500518798828,100,0.0,0.0
2010-06-23 00:00:00+09:00,136.8500518798828,136.8500518798828,136.8500518798828,136.8500518798828,0,0.0,0.0
2010-06-24 00:00:00+09:00,136.8500518798828,136.8500518798828,136.8500518798828,136.8500518798828,0,0.0,0.0
2010-06-25 00:00:00+09:00,136.8500518798828,136.8500518798828,136.8500518798828,136.8500518798828,0,0.0,0.0
2010-06-28 00:00:00+09:00,132.51935956522,141.18075561523438,132.51935956522,141.18075561523438,1900,0.0,0.0
2010-06-29 00:00:00+09:00,133.3855183919271,133.3855183919271,132.51937866210938,132.51937866210938,500,0.0,0.0
2010-06-30 00:00:00+09:00,132.51937866210938,132.51937866210938,132.51937866210938,132.51937866210938,700,0.0,0.0
2010-07-01 00:00:00+09:00,132.51937866210938,132.51937866210938,132.51937866210938,132.51937866210938,0,0.0,0.0
2010-07-02 00:00:00+09:00,132.51937866210938,132.51937866210938,132.51937866210938,132.51937866210938,0,0.0,0.0
2010-07-05 00:00:00+09:00,138.5823211669922,138.5823211669922,138.5823211669922,138.5823211669922,1000,0.0,0.0
2010-07-06 00:00:00+09:00,138.5823211669922,138.5823211669922,138.5823211669922,138.5823211669922,0,0.0,0.0
2010-07-07 00:00:00+09:00,138.5823211669922,138.5823211669922,138.5823211669922,138.5823211669922,0,0.0,0.0
2010-07-08 00:00:00+09:00,138.5823211669922,138.5823211669922,138.5823211669922,138.5823211669922,0,0.0,0.0
2010-07-09 00:00:00+09:00,137.71621704101562,137.71621704101562,132.51937866210938,132.51937866210938,1700,0.0,0.0
2010-07-12 00:00:00+09:00,136.8500318227324,137.71617126464844,136.8500318227324,137.71617126464844,3000,0.0,0.0
2010-07-13 00:00:00+09:00,136.8500513876638,136.8500513876638,134.2516326904297,134.2516326904297,1600,0.0,0.0
2010-07-14 00:00:00+09:00,134.2516326904297,134.2516326904297,134.2516326904297,134.2516326904297,0,0.0,0.0
2010-07-15 00:00:00+09:00,130.78706560134887,138.5823211669922,130.78706560134887,138.5823211669922,2600,0.0,0.0
2010-07-16 00:00:00+09:00,138.5823211669922,138.5823211669922,138.5823211669922,138.5823211669922,0,0.0,0.0
2010-07-21 00:00:00+09:00,136.8500518798828,136.8500518798828,132.51935403558272,136.8500518798828,1900,0.0,0.0
2010-07-22 00:00:00+09:00,136.8500518798828,136.8500518798828,136.8500518798828,136.8500518798828,600,0.0,0.0
2010-07-23 00:00:00+09:00,136.85004215240477,138.5823211669922,132.51934461593626,138.5823211669922,5300,0.0,0.0
2010-07-26 00:00:00+09:00,138.5823211669922,138.5823211669922,138.5823211669922,138.5823211669922,1200,0.0,0.0
2010-07-27 00:00:00+09:00,138.58233680023005,141.18075561523438,138.58233680023005,141.18075561523438,3400,0.0,0.0
2010-07-28 00:00:00+09:00,139.44847523082387,139.44847523082387,132.51935844916804,133.385498046875,5700,0.0,0.0
2010-07-29 00:00:00+09:00,134.2516326904297,134.2516326904297,134.2516326904297,134.2516326904297,100,0.0,0.0
2010-07-30 00:00:00+09:00,135.11777175100227,135.11777175100227,131.65321350097656,131.65321350097656,5500,0.0,0.0
2010-08-02 00:00:00+09:00,132.51935403558272,136.8500518798828,132.51935403558272,136.8500518798828,3100,0.0,0.0
2010-08-03 00:00:00+09:00,136.8500518798828,136.8500518798828,136.8500518798828,136.8500518798828,1800,0.0,0.0
2010-08-04 00:00:00+09:00,136.8500318227324,137.71617126464844,136.8500318227324,137.71617126464844,2300,0.0,0.0
2010-08-05 00:00:00+09:00,137.71617126464844,137.71617126464844,137.71617126464844,137.71617126464844,0,0.0,0.0
2010-08-06 00:00:00+09:00,137.71617126464844,137.71617126464844,137.71617126464844,137.71617126464844,0,0.0,0.0
2010-08-09 00:00:00+09:00,133.385498046875,133.385498046875,133.385498046875,133.385498046875,100,0.0,0.0
2010-08-10 00:00:00+09:00,130.78707885742188,130.78707885742188,130.78707885742188,130.78707885742188,5000,0.0,0.0
2010-08-11 00:00:00+09:00,136.85006123860677,136.85006123860677,129.9209442138672,129.9209442138672,600,0.0,0.0
2010-08-12 00:00:00+09:00,129.9209546131693,135.9839324951172,129.9209546131693,135.9839324951172,5300,0.0,0.0
2010-08-13 00:00:00+09:00,135.11778720113256,135.11778720113256,128.1886699087668,129.0548095703125,3300,0.0,0.0
2010-08-16 00:00:00+09:00,129.0547838984309,129.0547838984309,128.1886444091797,128.1886444091797,3500,0.0,0.0
2010-08-17 00:00:00+09:00,129.05478881005527,134.25162594334608,126.45637024340986,127.322509765625,6000,0.0,0.0
2010-08-18 00:00:00+09:00,127.32253004100225,128.18866970114513,126.45639038085938,126.45639038085938,3900,0.0,0.0
2010-08-19 00:00:00+09:00,126.4563857014974,129.9209442138672,126.4563857014974,129.9209442138672,4600,0.0,0.0
2010-08-20 00:00:00+09:00,129.92093926233963,130.78707885742188,129.92093926233963,130.78707885742188,2500,0.0,0.0
2010-08-23 00:00:00+09:00,130.78707489786268,136.8500518798828,130.78707489786268,136.8500518798828,3800,0.0,0.0
2010-08-24 00:00:00+09:00,133.385498046875,133.385498046875,128.18866046063312,133.385498046875,3900,0.0,0.0
2010-08-25 00:00:00+09:00,132.51935804758642,132.51935804758642,130.78707885742188,130.78707885742188,3000,0.0,0.0
2010-08-26 00:00:00+09:00,130.78707885742188,130.78707885742188,130.78707885742188,130.78707885742188,2800,0.0,0.0
2010-08-27 00:00:00+09:00,130.78707885742188,130.78707885742188,130.78707885742188,130.78707885742188,2800,0.0,0.0
2010-08-30 00:00:00+09:00,130.78707885742188,130.78707885742188,130.78707885742188,130.78707885742188,2900,0.0,0.0
2010-08-31 00:00:00+09:00,130.78707885742188,130.78707885742188,130.78707885742188,130.78707885742188,2900,0.0,0.0
2010-09-01 00:00:00+09:00,130.78707885742188,130.78707885742188,130.78707885742188,130.78707885742188,3400,0.0,0.0
2010-09-02 00:00:00+09:00,130.78707885742188,130.78707885742188,130.78707885742188,130.78707885742188,7500,0.0,0.0
2010-09-03 00:00:00+09:00,131.6532283417166,132.51936800185948,126.45639038085938,126.45639038085938,10200,0.0,0.0
2010-09-06 00:00:00+09:00,135.9839324951172,135.9839324951172,135.9839324951172,135.9839324951172,1000,0.0,0.0
2010-09-07 00:00:00+09:00,135.9839324951172,135.9839324951172,135.9839324951172,135.9839324951172,0,0.0,0.0
2010-09-08 00:00:00+09:00,135.9839324951172,135.9839324951172,135.9839324951172,135.9839324951172,0,0.0,0.0
2010-09-09 00:00:00+09:00,135.9839324951172,135.9839324951172,135.9839324951172,135.9839324951172,0,0.0,0.0
2010-09-10 00:00:00+09:00,135.1177978515625,135.1177978515625,135.1177978515625,135.1177978515625,5100,0.0,0.0
2010-09-13 00:00:00+09:00,135.1177978515625,135.1177978515625,135.1177978515625,135.1177978515625,3400,0.0,0.0
2010-09-14 00:00:00+09:00,135.1177978515625,135.1177978515625,135.1177978515625,135.1177978515625,3400,0.0,0.0
2010-09-16 00:00:00+09:00,135.1177879949534,139.448486328125,135.1177879949534,139.448486328125,6900,0.0,0.0
2010-09-17 00:00:00+09:00,137.71617126464844,137.71617126464844,137.71617126464844,137.71617126464844,3400,0.0,0.0
2010-09-21 00:00:00+09:00,137.71617126464844,137.71617126464844,137.71617126464844,137.71617126464844,3400,0.0,0.0
2010-09-22 00:00:00+09:00,137.71617126464844,137.71617126464844,137.71617126464844,137.71617126464844,3500,0.0,0.0
2010-09-24 00:00:00+09:00,133.385498046875,133.385498046875,133.385498046875,133.385498046875,200,0.0,0.0
2010-09-27 00:00:00+09:00,138.5823211669922,138.5823211669922,138.5823211669922,138.5823211669922,1000,0.0,0.0
2010-09-28 00:00:00+09:00,131.6532144667227,136.8500518798828,131.6532144667227,136.8500518798828,2200,0.0,0.0
2010-09-29 00:00:00+09:00,132.51937866210938,132.51937866210938,132.51937866210938,132.51937866210938,500,0.0,0.0
2010-09-30 00:00:00+09:00,135.98393758138022,135.98393758138022,135.1177978515625,135.1177978515625,300,0.0,0.0
2010-10-01 00:00:00+09:00,135.1177978515625,135.1177978515625,135.1177978515625,135.1177978515625,0,0.0,0.0
2010-10-04 00:00:00+09:00,135.1177978515625,135.1177978515625,135.1177978515625,135.1177978515625,0,0.0,0.0
2010-10-05 00:00:00+09:00,135.1177978515625,135.1177978515625,135.1177978515625,135.1177978515625,0,0.0,0.0
2010-10-06 00:00:00+09:00,135.1177978515625,135.1177978515625,135.1177978515625,135.1177978515625,0,0.0,0.0
2010-10-07 00:00:00+09:00,135.1177978515625,135.1177978515625,135.1177978515625,135.1177978515625,0,0.0,0.0
2010-10-08 00:00:00+09:00,135.1177978515625,135.1177978515625,135.1177978515625,135.1177978515625,500,0.0,0.0
2010-10-12 00:00:00+09:00,135.1177978515625,135.1177978515625,135.1177978515625,135.1177978515625,700,0.0,0.0
2010-10-13 00:00:00+09:00,135.1177978515625,135.1177978515625,135.1177978515625,135.1177978515625,700,0.0,0.0
2010-10-14 00:00:00+09:00,135.1177978515625,135.1177978515625,135.1177978515625,135.1177978515625,700,0.0,0.0
2010-10-15 00:00:00+09:00,135.1177978515625,135.1177978515625,135.1177978515625,135.1177978515625,700,0.0,0.0
2010-10-18 00:00:00+09:00,135.11777683283321,135.11777683283321,130.78707885742188,130.78707885742188,800,0.0,0.0
2010-10-19 00:00:00+09:00,130.78709920247397,132.51937866210938,130.78709920247397,132.51937866210938,900,0.0,0.0
2010-10-20 00:00:00+09:00,132.51937866210938,132.51937866210938,132.51937866210938,132.51937866210938,400,0.0,0.0
2010-10-21 00:00:00+09:00,132.51937866210938,132.51937866210938,132.51937866210938,132.51937866210938,400,0.0,0.0
2010-10-22 00:00:00+09:00,132.51937866210938,132.51937866210938,132.51937866210938,132.51937866210938,700,0.0,0.0
2010-10-25 00:00:00+09:00,136.8500631627902,175.8263469749773,120.39340999764455,122.99182891845703,454300,0.0,0.0
2010-10-26 00:00:00+09:00,140.31461706826855,155.90513007585392,127.32252289528071,148.97601318359375,505800,0.0,0.0
2010-10-27 00:00:00+09:00,135.98392161051433,140.31461975097656,128.1886649576823,129.9209442138672,105600,0.0,0.0
2010-10-28 00:00:00+09:00,133.3854939142863,133.3854939142863,123.85795863469441,124.7240982055664,33400,0.0,0.0
2010-10-29 00:00:00+09:00,125.59025092412962,129.0548095703125,122.99183193949246,129.0548095703125,21600,0.0,0.0
2010-11-01 00:00:00+09:00,129.05479605992633,129.05479605992633,119.52726078033447,124.7240982055664,21000,0.0,0.0
2010-11-02 00:00:00+09:00,124.72409493582589,126.4563740321568,121.25953674316406,121.25953674316406,4000,0.0,0.0
2010-11-04 00:00:00+09:00,121.25953727668815,123.85795593261719,120.3933977247118,123.85795593261719,9500,0.0,0.0
2010-11-05 00:00:00+09:00,123.85795538766044,123.85795538766044,121.25953674316406,121.25953674316406,9600,0.0,0.0
2010-11-08 00:00:00+09:00,119.52726778070978,122.12568664550781,119.52726778070978,122.12568664550781,4300,0.0,0.0
2010-11-09 00:00:00+09:00,121.25952059335081,121.25952059335081,118.66110229492186,118.66110229492188,5600,0.0,0.0
2010-11-10 00:00:00+09:00,119.52725432900822,119.52725432900822,114.33041718426873,117.79497528076172,14000,0.0,0.0
2010-11-11 00:00:00+09:00,116.92884826660156,116.92884826660156,115.19656903302229,116.92884826660156,6100,0.0,0.0
2010-11-12 00:00:00+09:00,120.39340972900389,120.39340972900389,114.3304322606368,120.3934097290039,10400,0.0,0.0
2010-11-15 00:00:00+09:00,120.39340397849013,120.39340397849013,113.46428720274969,116.06270599365234,19300,0.0,0.0
2010-11-16 00:00:00+09:00,116.0627089790676,119.52726745605469,116.0627089790676,119.52726745605469,8200,0.0,0.0
2010-11-17 00:00:00+09:00,119.52724172773152,119.52724172773152,114.33040513087363,118.66110229492188,8900,0.0,0.0
2010-11-18 00:00:00+09:00,120.3934029414736,125.59024047851562,120.3934029414736,125.59024047851562,17500,0.0,0.0
2010-11-19 00:00:00+09:00,124.72410792069469,124.72410792069469,118.66113045232758,120.3934097290039,11000,0.0,0.0
2010-11-22 00:00:00+09:00,124.72411106057363,126.45639038085938,123.85797140043076,126.45639038085938,13300,0.0,0.0
2010-11-24 00:00:00+09:00,126.45638405128763,137.71619906955297,116.92884826660156,116.92884826660156,38500,0.0,0.0
2010-11-25 00:00:00+09:00,121.25953875089947,131.65321350097656,117.79498050087376,131.65321350097656,19700,0.0,0.0
2010-11-26 00:00:00+09:00,129.05480458577475,129.9209442138672,121.25954793294271,129.9209442138672,3900,0.0,0.0
2010-11-29 00:00:00+09:00,129.92093437596372,131.65321350097656,129.92093437596372,131.65321350097656,7000,0.0,0.0
2010-11-30 00:00:00+09:00,131.6532283417166,131.6532283417166,126.45639038085938,126.45639038085938,5200,0.0,0.0
2010-12-01 00:00:00+09:00,126.45637659872732,134.2516326904297,126.45637659872732,134.2516326904297,5600,0.0,0.0
2010-12-02 00:00:00+09:00,133.38549312468498,134.2516326904297,126.45637659872732,134.2516326904297,10800,0.0,0.0
2010-12-03 00:00:00+09:00,134.2516326904297,134.2516326904297,133.38549312468498,134.2516326904297,5000,0.0,0.0
2010-12-06 00:00:00+09:00,134.25163317330276,136.8500518798828,134.25163317330276,136.8500518798828,4600,0.0,0.0
2010-12-07 00:00:00+09:00,132.51937370543268,135.9839324951172,132.51937370543268,135.9839324951172,4300,0.0,0.0
2010-12-08 00:00:00+09:00,136.85004215240477,138.5823211669922,136.85004215240477,138.5823211669922,7500,0.0,0.0
2010-12-09 00:00:00+09:00,138.58233101760283,138.58233101760283,129.92093532900267,136.8500518798828,6300,0.0,0.0
2010-12-10 00:00:00+09:00,136.85005643770293,141.18075442623783,130.78707925375406,133.385498046875,18800,0.0,0.0
2010-12-13 00:00:00+09:00,133.38549678407867,133.38549678407867,125.59024047851562,125.59024047851562,5900,0.0,0.0
2010-12-14 00:00:00+09:00,124.72411106057363,126.45639038085938,122.99183174028789,126.45639038085938,18700,0.0,0.0
2010-12-15 00:00:00+09:00,128.18864928784012,130.78706785448554,126.45637024340986,127.322509765625,18500,0.0,0.0
2010-12-16 00:00:00+09:00,128.1886444091797,128.1886444091797,128.1886444091797,128.1886444091797,300,0.0,0.0
2010-12-17 00:00:00+09:00,129.05481491574815,136.85007219253833,129.05481491574815,135.9839324951172,5700,0.0,0.0
2010-12-20 00:00:00+09:00,135.9839324951172,135.9839324951172,135.9839324951172,135.9839324951172,4200,0.0,0.0
2010-12-21 00:00:00+09:00,134.25163218849585,134.25163218849585,131.65321350097656,131.65321350097656,2900,0.0,0.0
2010-12-22 00:00:00+09:00,131.65321399319555,134.2516326904297,129.92093486170614,134.2516326904297,2000,0.0,0.0
2010-12-24 00:00:00+09:00,129.92095947265625,132.51937866210938,128.18868001302084,132.51937866210938,3900,0.0,0.0
2010-12-27 00:00:00+09:00,129.05479481345728,132.51935306348298,129.05479481345728,131.65321350097656,3400,0.0,0.0
2010-12-28 00:00:00+09:00,128.18866046063312,133.385498046875,128.18866046063312,133.385498046875,3000,0.0,0.0
2010-12-29 00:00:00+09:00,129.9209442138672,129.9209442138672,129.9209442138672,129.9209442138672,200,0.0,0.0
2010-12-30 00:00:00+09:00,129.9209442138672,129.9209442138672,129.9209442138672,129.9209442138672,100,0.0,0.0
2011-01-04 00:00:00+09:00,129.9209442138672,129.9209442138672,129.9209442138672,129.9209442138672,3700,0.0,0.0
2011-01-05 00:00:00+09:00,129.92093486170614,134.2516326904297,129.92093486170614,134.2516326904297,9300,0.0,0.0
2011-01-06 00:00:00+09:00,134.25165310027492,135.9839324951172,131.65323400801154,135.9839324951172,2500,0.0,0.0
2011-01-07 00:00:00+09:00,135.98393758138022,135.98393758138022,132.51937866210938,132.51937866210938,4500,0.0,0.0
2011-01-11 00:00:00+09:00,132.51937370543268,135.9839324951172,132.51937370543268,135.9839324951172,2700,0.0,0.0
2011-01-12 00:00:00+09:00,135.98391131350868,135.98391131350868,130.78707393847014,131.65321350097656,2800,0.0,0.0
2011-01-13 00:00:00+09:00,137.71620618576972,137.71620618576972,129.0548095703125,129.0548095703125,5500,0.0,0.0
2011-01-14 00:00:00+09:00,130.78707489786268,136.8500518798828,129.92093532900267,136.8500518798828,3900,0.0,0.0
2011-01-17 00:00:00+09:00,137.71617126464844,137.71617126464844,137.71617126464844,137.71617126464844,100,0.0,0.0
2011-01-18 00:00:00+09:00,159.36968226632672,181.02317170468632,144.6453094482422,144.6453094482422,418200,0.0,0.0
2011-01-19 00:00:00+09:00,148.1098621715199,152.44055989583333,139.448466722893,142.91302490234375,151400,0.0,0.0
2011-01-20 00:00:00+09:00,142.91303482523725,142.91303482523725,140.31461601023292,141.18075561523438,20100,0.0,0.0
2011-01-21 00:00:00+09:00,142.91303073658662,156.77126402013442,141.18075157614314,147.2437286376953,80700,0.0,0.0
2011-01-24 00:00:00+09:00,146.37761433919272,150.70831298828125,143.7791951497396,148.10989379882812,11800,0.0,0.0
2011-01-25 00:00:00+09:00,148.1098732130062,151.57443165073732,146.37759399414062,146.37759399414062,18800,0.0,0.0
2011-01-26 00:00:00+09:00,146.37759399414062,146.37759399414062,146.37759399414062,146.37759399414062,0,0.0,0.0
2011-01-27 00:00:00+09:00,148.97601844524516,150.7082977294922,143.77918059250405,150.7082977294922,14100,0.0,0.0
2011-01-28 00:00:00+09:00,150.70829204130456,150.70829204130456,146.37759399414062,146.37759399414062,7100,0.0,0.0
2011-01-31 00:00:00+09:00,147.2437386285691,148.97601790655227,145.51145935058594,145.51145935058594,11400,0.0,0.0
2011-02-01 00:00:00+09:00,148.10987826756067,149.84215754554384,145.51145935058594,145.51145935058594,15000,0.0,0.0
2011-02-02 00:00:00+09:00,146.37758905747356,147.2437286376953,145.51144947725183,147.2437286376953,9400,0.0,0.0
2011-02-03 00:00:00+09:00,147.24373396052871,148.97601318359375,144.64531512593115,148.97601318359375,10100,0.0,0.0
2011-02-04 00:00:00+09:00,150.7082977294922,150.7082977294922,147.24373916099813,150.7082977294922,2700,0.0,0.0
2011-02-07 00:00:00+09:00,150.70831298828125,150.70831298828125,148.10989379882812,148.10989379882812,3500,0.0,0.0
2011-02-08 00:00:00+09:00,149.8421580873687,150.7082977294922,148.10987880312163,150.7082977294922,500,0.0,0.0
2011-02-09 00:00:00+09:00,149.84217325846356,150.70831298828125,148.10989379882812,148.10989379882812,3700,0.0,0.0
2011-02-10 00:00:00+09:00,148.10986821791704,148.10986821791704,146.37758905747356,147.2437286376953,3200,0.0,0.0
2011-02-14 00:00:00+09:00,148.10986866151666,159.36968323812317,148.10986866151666,149.84214782714844,13300,0.0,0.0
2011-02-15 00:00:00+09:00,149.84214947674727,162.83424336201438,149.84214947674727,160.23582458496094,13500,0.0,0.0
2011-02-16 00:00:00+09:00,160.23581966277092,164.56651749149444,160.23581966277092,161.10195922851562,9000,0.0,0.0
2011-02-17 00:00:00+09:00,161.10195971292163,163.70037841796875,155.03898273447834,163.70037841796875,8200,0.0,0.0
2011-02-18 00:00:00+09:00,162.83423341149316,162.83423341149316,161.9680938720703,161.9680938720703,7700,0.0,0.0
2011-02-21 00:00:00+09:00,161.96810976334802,167.16494750976562,161.96810976334802,167.16494750976562,7700,0.0,0.0
2011-02-22 00:00:00+09:00,167.16494750976562,168.03108713416856,167.16494750976562,167.16494750976562,8200,0.0,0.0
2011-02-23 00:00:00+09:00,167.16494750976562,168.03108713416856,158.50355126573632,167.16494750976562,11600,0.0,0.0
2011-02-24 00:00:00+09:00,167.16493669136491,167.16493669136491,158.5035410078745,163.70037841796875,7700,0.0,0.0
2011-02-25 00:00:00+09:00,162.834228515625,162.834228515625,162.834228515625,162.834228515625,7100,0.0,0.0
2011-02-28 00:00:00+09:00,162.83424336201438,162.83424336201438,147.24373069969383,160.23582458496094,10300,0.0,0.0
2011-03-01 00:00:00+09:00,167.16494132377008,167.16494132377008,160.23582458496094,160.23582458496094,7100,0.0,0.0
2011-03-02 00:00:00+09:00,160.23582014457259,163.70037841796875,158.5035410078745,163.70037841796875,6200,0.0,0.0
2011-03-03 00:00:00+09:00,163.70037841796875,163.70037841796875,155.03898273447834,163.70037841796875,5500,0.0,0.0
2011-03-04 00:00:00+09:00,164.5665179863178,164.5665179863178,163.70037841796875,163.70037841796875,6900,0.0,0.0
2011-03-07 00:00:00+09:00,163.7003645676833,168.89720153808594,163.7003645676833,168.89720153808594,7000,0.0,0.0
2011-03-08 00:00:00+09:00,168.89720153808594,168.89720153808594,168.89720153808594,168.89720153808594,0,0.0,0.0
2011-03-09 00:00:00+09:00,168.8972107736688,168.8972107736688,160.2358153493781,164.56651306152344,3200,0.0,0.0
2011-03-10 00:00:00+09:00,172.3617805442229,172.3617805442229,164.56652413770027,170.62950134277344,8500,0.0,0.0
2011-03-11 00:00:00+09:00,170.62950134277344,170.62950134277344,170.62950134277344,170.62950134277344,6400,0.0,0.0
2011-03-14 00:00:00+09:00,170.62950134277344,170.62950134277344,170.62950134277344,170.62950134277344,0,0.0,0.0
2011-03-15 00:00:00+09:00,219.1332883574272,219.1332883574272,152.44054842255807,158.50352478027344,46700,0.0,0.0
2011-03-16 00:00:00+09:00,160.2358153493781,166.29879214638157,146.37758267051296,164.56651306152344,46300,0.0,0.0
2011-03-17 00:00:00+09:00,164.56651566668256,178.4247485649295,149.84214321229516,177.55860900878906,29100,0.0,0.0
2011-03-18 00:00:00+09:00,190.55072221599642,212.2042133769051,190.55072221599642,211.33807373046875,19100,0.0,0.0
2011-03-22 00:00:00+09:00,211.33806649667247,233.85769653320312,207.87350802951389,233.85769653320312,64300,0.0,0.0
2011-03-23 00:00:00+09:00,246.84978636593596,261.5741595877637,235.58997154924415,239.92066955566406,36700,0.0,0.0
2011-03-24 00:00:00+09:00,251.18045954118696,252.04659905684622,214.8025998834978,246.84976196289062,18900,0.0,0.0
2011-03-25 00:00:00+09:00,241.6529530843099,242.51909270109954,207.87350802951389,233.85769653320312,28200,0.0,0.0
2011-03-28 00:00:00+09:00,225.19629521156426,232.1254119873047,203.5428052873754,232.1254119873047,14500,0.0,0.0
2011-03-29 00:00:00+09:00,225.1962890625,225.1962890625,209.60577674278846,225.1962890625,8000,0.0,0.0
2011-03-30 00:00:00+09:00,225.1962890625,225.1962890625,216.53489332932693,225.1962890625,700,0.0,0.0
2011-03-31 00:00:00+09:00,225.1962890625,225.1962890625,225.1962890625,225.1962890625,700,0.0,0.0
2011-04-01 00:00:00+09:00,215.66875499968833,215.66875499968833,200.0782425900723,203.5428009033203,3200,0.0,0.0
2011-04-04 00:00:00+09:00,210.47191348745804,211.33805304913483,209.60577392578125,209.60577392578125,900,0.0,0.0
2011-04-05 00:00:00+09:00,212.20418765221112,212.20418765221112,209.60576902789833,210.47190856933594,800,0.0,0.0
2011-04-06 00:00:00+09:00,207.87350463867188,207.87350463867188,206.1412254333496,207.87350463867188,1500,0.0,0.0
2011-04-07 00:00:00+09:00,195.747550201416,207.87350463867188,195.747550201416,207.87350463867188,1900,0.0,0.0
2011-04-08 00:00:00+09:00,207.00736503601073,207.87350463867188,203.5428066253662,207.87350463867188,700,0.0,0.0
2011-04-11 00:00:00+09:00,207.87349885281134,232.99154663085938,197.47982391017075,232.99154663085938,7600,0.0,0.0
2011-04-12 00:00:00+09:00,221.73172831632652,233.85768220862562,209.60577442402743,212.20419311523438,4100,0.0,0.0
2011-04-13 00:00:00+09:00,213.07033001443614,213.07033001443614,194.8813994034477,199.21209716796875,5500,0.0,0.0
2011-04-14 00:00:00+09:00,199.21210861206055,212.20420265197754,198.3459690093994,207.87350463867188,8500,0.0,0.0
2011-04-15 00:00:00+09:00,201.81052262555514,208.73963928222656,194.8814059688837,208.73963928222656,6800,0.0,0.0
2011-04-18 00:00:00+09:00,208.73963486029177,212.20419311523438,196.61368096799265,212.20419311523438,3000,0.0,0.0
2011-04-19 00:00:00+09:00,222.59788513183594,241.65295701082576,219.13332660838321,222.59788513183594,13700,0.0,0.0
2011-04-20 00:00:00+09:00,216.53489240511195,219.99945068359375,212.2041945570097,219.99945068359375,2400,0.0,0.0
2011-04-21 00:00:00+09:00,213.93649291992188,213.93649291992188,213.93649291992188,213.93649291992188,600,0.0,0.0
2011-04-22 00:00:00+09:00,214.8026079450335,218.2671661376953,213.936468396868,218.2671661376953,2200,0.0,0.0
2011-04-25 00:00:00+09:00,219.13331013341104,219.13331013341104,214.8026123046875,214.8026123046875,3100,0.0,0.0
2011-04-26 00:00:00+09:00,214.8026158949908,216.53489505543428,206.14122009277344,206.14122009277344,5100,0.0,0.0
2011-04-27 00:00:00+09:00,203.5428009033203,206.1412196382563,203.5428009033203,203.5428009033203,4500,0.0,0.0
2011-04-28 00:00:00+09:00,204.408935546875,204.408935546875,204.408935546875,204.408935546875,200,0.0,0.0
2011-05-02 00:00:00+09:00,204.408935546875,204.408935546875,204.408935546875,204.408935546875,0,0.0,0.0
2011-05-06 00:00:00+09:00,206.14122009277344,206.14122009277344,206.14122009277344,206.14122009277344,0,0.0,0.0
2011-05-09 00:00:00+09:00,206.14122009277344,206.14122009277344,206.14122009277344,206.14122009277344,0,0.0,0.0
2011-05-10 00:00:00+09:00,209.60577392578125,210.47191348745804,209.60577392578125,209.60577392578125,1300,0.0,0.0
2011-05-11 00:00:00+09:00,214.80261180644132,214.80261180644132,207.87349529655611,212.20419311523438,1000,0.0,0.0
2011-05-12 00:00:00+09:00,211.3380630493164,212.20420265197754,207.87350463867188,207.87350463867188,2100,0.0,0.0
2011-05-13 00:00:00+09:00,202.67666702270506,212.20420265197754,191.41685218811034,207.87350463867188,8000,0.0,0.0
2011-05-16 00:00:00+09:00,194.88141366413663,204.40894944327218,194.01527404785156,194.01527404785156,3300,0.0,0.0
2011-05-17 00:00:00+09:00,195.74753356398196,197.4798126220703,194.8813940349378,197.4798126220703,1000,0.0,0.0
2011-05-18 00:00:00+09:00,197.4798126220703,197.4798126220703,197.4798126220703,197.4798126220703,1000,0.0,0.0
2011-05-19 00:00:00+09:00,197.4798126220703,197.4798126220703,197.4798126220703,197.4798126220703,1000,0.0,0.0
2011-05-20 00:00:00+09:00,203.542820570204,203.542820570204,194.8814239501953,194.8814239501953,400,0.0,0.0
2011-05-23 00:00:00+09:00,194.01527404785156,194.01527404785156,194.01527404785156,194.01527404785156,700,0.0,0.0
2011-05-24 00:00:00+09:00,194.01527404785156,194.01527404785156,194.01527404785156,194.01527404785156,200,0.0,0.0
2011-05-25 00:00:00+09:00,194.01526371566703,194.01526371566703,193.1491241455078,193.1491241455078,200,0.0,0.0
2011-05-26 00:00:00+09:00,192.28298950195312,192.28298950195312,192.28298950195312,192.28298950195312,200,0.0,0.0
2011-05-27 00:00:00+09:00,191.4168243408203,191.4168243408203,191.4168243408203,191.4168243408203,100,0.0,0.0
2011-05-30 00:00:00+09:00,191.4168243408203,191.4168243408203,191.4168243408203,191.4168243408203,0,0.0,0.0
2011-05-31 00:00:00+09:00,191.4168243408203,191.4168243408203,191.4168243408203,191.4168243408203,0,0.0,0.0
2011-06-01 00:00:00+09:00,193.14913443156652,194.01527404785156,193.14913443156652,194.01527404785156,400,0.0,0.0
2011-06-02 00:00:00+09:00,194.8813940349378,197.4798126220703,192.2829754478053,197.4798126220703,2400,0.0,0.0
2011-06-03 00:00:00+09:00,197.4798126220703,197.4798126220703,197.4798126220703,197.4798126220703,2400,0.0,0.0
2011-06-06 00:00:00+09:00,197.47982705605997,197.47982705605997,192.28298950195312,192.28298950195312,2600,0.0,0.0
2011-06-07 00:00:00+09:00,192.28298950195312,192.28298950195312,192.28298950195312,192.28298950195312,100,0.0,0.0
2011-06-08 00:00:00+09:00,191.4168243408203,191.4168243408203,191.4168243408203,191.4168243408203,1100,0.0,0.0
2011-06-09 00:00:00+09:00,184.48771182621752,185.35385131835938,178.42473538122445,185.35385131835938,2300,0.0,0.0
2011-06-10 00:00:00+09:00,186.2200164794922,186.2200164794922,186.2200164794922,186.2200164794922,300,0.0,0.0
2011-06-13 00:00:00+09:00,186.2200164794922,186.2200164794922,186.2200164794922,186.2200164794922,300,0.0,0.0
2011-06-14 00:00:00+09:00,187.952289835612,187.952289835612,181.88931274414062,181.88931274414062,1800,0.0,0.0
2011-06-15 00:00:00+09:00,182.75543420965022,190.55068969726562,182.75543420965022,190.55068969726562,2300,0.0,0.0
2011-06-16 00:00:00+09:00,186.2199915169571,190.55068899409562,186.2199915169571,187.9522705078125,1200,0.0,0.0
2011-06-17 00:00:00+09:00,251.1805024910799,257.24348013741627,200.07826232910156,200.07826232910156,270200,0.0,0.0
2011-06-20 00:00:00+09:00,220.8655847821917,254.64502716064453,210.47191020420618,218.2671661376953,158200,0.0,0.0
2011-06-21 00:00:00+09:00,207.87350463867188,209.60578384399412,202.67666702270506,207.87350463867188,34700,0.0,0.0
2011-06-22 00:00:00+09:00,202.676656938497,207.87349429589435,199.21209870023208,207.00735473632812,13300,0.0,0.0
2011-06-23 00:00:00+09:00,200.07826232910156,205.27510031167563,197.47984333781451,200.07826232910156,16500,0.0,0.0
2011-06-24 00:00:00+09:00,200.07825706515248,203.54281562905123,198.34597778320312,198.34597778320312,5300,0.0,0.0
2011-06-27 00:00:00+09:00,196.61368242614472,196.61368242614472,192.28298457534856,193.1491241455078,16200,0.0,0.0
2011-06-28 00:00:00+09:00,191.416849909602,197.47982705605997,187.0861519478463,192.28298950195312,10000,0.0,0.0
2011-06-29 00:00:00+09:00,192.28298457534856,193.1491241455078,189.6845658648709,193.1491241455078,2300,0.0,0.0
2011-06-30 00:00:00+09:00,193.14914462619356,197.4798429361979,190.55072564019096,194.8814239501953,3200,0.0,0.0
2011-07-01 00:00:00+09:00,193.14913443156652,194.01527404785156,191.41685519899642,194.01527404785156,1600,0.0,0.0
2011-07-04 00:00:00+09:00,197.47983814222843,198.34597778320312,194.01527957832968,198.34597778320312,2700,0.0,0.0
2011-07-05 00:00:00+09:00,194.88139887738333,197.47981752908177,193.14911977625104,196.61367797851562,3200,0.0,0.0
2011-07-06 00:00:00+09:00,196.61369850125374,198.34597778320312,196.61369850125374,198.34597778320312,2900,0.0,0.0
2011-07-07 00:00:00+09:00,195.74753842794948,196.61367797851562,194.88139887738333,196.61367797851562,3500,0.0,0.0
2011-07-08 00:00:00+09:00,198.34598259819876,198.34598259819876,194.01528428819444,194.8814239501953,2200,0.0,0.0
2011-07-11 00:00:00+09:00,195.74756361219616,197.4798429361979,194.01528428819444,194.8814239501953,1600,0.0,0.0
2011-07-12 00:00:00+09:00,194.88141366413663,196.61369289670674,194.01527404785156,194.01527404785156,1400,0.0,0.0
2011-07-13 00:00:00+09:00,196.61369289670674,196.61369289670674,194.01527404785156,194.01527404785156,700,0.0,0.0
2011-07-14 00:00:00+09:00,194.01528428819444,196.61370327419704,194.01528428819444,194.8814239501953,900,0.0,0.0
2011-07-15 00:00:00+09:00,194.01528428819444,196.61370327419704,194.01528428819444,194.8814239501953,900,0.0,0.0
2011-07-19 00:00:00+09:00,194.88141366413663,195.74755328042167,194.01527404785156,194.01527404785156,2400,0.0,0.0
2011-07-20 00:00:00+09:00,194.8814239501953,195.74756361219616,194.8814239501953,194.8814239501953,1400,0.0,0.0
2011-07-21 00:00:00+09:00,194.0152593268172,196.61367797851562,194.0152593268172,196.61367797851562,3800,0.0,0.0
2011-07-22 00:00:00+09:00,194.0152593268172,196.61367797851562,192.28298022568487,196.61367797851562,3400,0.0,0.0
2011-07-25 00:00:00+09:00,195.74755328042167,195.74755328042167,194.01527404785156,194.01527404785156,300,0.0,0.0
2011-07-26 00:00:00+09:00,191.41682919588956,191.41682919588956,190.55068969726562,190.55068969726562,2100,0.0,0.0
2011-07-27 00:00:00+09:00,191.416849909602,192.28298950195312,191.416849909602,192.28298950195312,700,0.0,0.0
2011-07-28 00:00:00+09:00,191.4168545084262,191.4168545084262,187.952296055785,188.8184356689453,2500,0.0,0.0
2011-07-29 00:00:00+09:00,188.81841000324022,188.81841000324022,187.9522705078125,187.9522705078125,600,0.0,0.0
2011-08-01 00:00:00+09:00,187.08613827354029,197.4798126220703,186.21999874449614,197.4798126220703,3500,0.0,0.0
2011-08-02 00:00:00+09:00,195.74752668900925,195.74752668900925,190.55068969726562,190.55068969726562,1000,0.0,0.0
2011-08-03 00:00:00+09:00,188.81841000324022,188.81841000324022,187.9522705078125,187.9522705078125,200,0.0,0.0
2011-08-04 00:00:00+09:00,194.01524697580646,194.01524697580646,187.9522705078125,187.9522705078125,400,0.0,0.0
2011-08-05 00:00:00+09:00,186.22001066662017,186.22001066662017,179.2908939906529,181.88931274414062,5500,0.0,0.0
2011-08-08 00:00:00+09:00,188.81841803985893,188.81841803985893,178.42474365234375,178.42474365234375,400,0.0,0.0
2011-08-09 00:00:00+09:00,175.82629770250176,175.82629770250176,155.90509155886858,172.3617401123047,11000,0.0,0.0
2011-08-10 00:00:00+09:00,175.8263397216797,175.8263397216797,175.8263397216797,175.8263397216797,200,0.0,0.0
2011-08-11 00:00:00+09:00,173.22789842837324,185.35385131835938,173.22789842837324,185.35385131835938,1900,0.0,0.0
2011-08-12 00:00:00+09:00,182.75545232863655,182.75545232863655,181.02317315964473,181.88931274414062,2400,0.0,0.0
2011-08-15 00:00:00+09:00,181.88931274414062,181.88931274414062,181.88931274414062,181.88931274414062,1900,0.0,0.0
2011-08-16 00:00:00+09:00,182.75545768018037,183.62159729003906,182.75545768018037,183.62159729003906,300,0.0,0.0
2011-08-17 00:00:00+09:00,175.8263397216797,175.8263397216797,175.8263397216797,175.8263397216797,100,0.0,0.0
2011-08-18 00:00:00+09:00,175.8263397216797,175.8263397216797,175.8263397216797,175.8263397216797,100,0.0,0.0
2011-08-19 00:00:00+09:00,171.49562072753906,171.49562072753906,171.49562072753906,171.49562072753906,100,0.0,0.0
2011-08-22 00:00:00+09:00,177.55861097766507,181.8893088063886,159.3696800970262,161.10195922851562,10900,0.0,0.0
2011-08-23 00:00:00+09:00,162.8342339766653,168.8972107736688,162.8342339766653,164.56651306152344,1000,0.0,0.0
2011-08-24 00:00:00+09:00,168.03108175387558,168.03108175387558,165.4326629638672,165.4326629638672,200,0.0,0.0
2011-08-25 00:00:00+09:00,164.56650034586588,164.56650034586588,149.8421292622884,155.9051055908203,33800,0.0,0.0
2011-08-26 00:00:00+09:00,153.30671665586274,155.03899594010977,147.24373916099813,150.7082977294922,14200,0.0,0.0
2011-08-29 00:00:00+09:00,153.30671260667884,162.83424841839334,153.30671260667884,159.36968994140625,3300,0.0,0.0
2011-08-30 00:00:00+09:00,159.36965858080112,159.36965858080112,156.771240234375,156.771240234375,4300,0.0,0.0
2011-08-31 00:00:00+09:00,155.90510634125258,158.50352478027344,155.03896686157893,158.50352478027344,2300,0.0,0.0
2011-09-01 00:00:00+09:00,157.63739013671875,157.63739013671875,157.63739013671875,157.63739013671875,900,0.0,0.0
2011-09-02 00:00:00+09:00,155.03897161798164,157.63739013671875,155.03897161798164,157.63739013671875,1100,0.0,0.0
2011-09-05 00:00:00+09:00,155.90510481494968,155.90510481494968,153.3066864013672,153.3066864013672,4200,0.0,0.0
2011-09-06 00:00:00+09:00,153.30670660192317,153.30670660192317,152.44056701660156,152.44056701660156,700,0.0,0.0
2011-09-07 00:00:00+09:00,155.9051307935393,155.9051307935393,154.1728515625,154.1728515625,400,0.0,0.0
2011-09-08 00:00:00+09:00,152.44056701660156,152.44056701660156,152.44056701660156,152.44056701660156,400,0.0,0.0
2011-09-09 00:00:00+09:00,154.1728266398112,155.9051055908203,153.30668716430665,155.9051055908203,300,0.0,0.0
2011-09-12 00:00:00+09:00,154.17285121372768,154.17285121372768,151.57443237304688,151.57443237304688,1100,0.0,0.0
2011-09-13 00:00:00+09:00,151.57443237304688,151.57443237304688,151.57443237304688,151.57443237304688,200,0.0,0.0
2011-09-14 00:00:00+09:00,150.7082977294922,151.57443737161572,149.8421580873687,150.7082977294922,3400,0.0,0.0
2011-09-15 00:00:00+09:00,150.7082927594866,155.03899082728793,150.7082927594866,151.57443237304688,2000,0.0,0.0
2011-09-16 00:00:00+09:00,151.57443237304688,151.57443237304688,147.24373430524554,151.57443237304688,4800,0.0,0.0
2011-09-20 00:00:00+09:00,150.70827343477217,155.90511044976432,150.70827343477217,155.03897094726562,5900,0.0,0.0
2011-09-21 00:00:00+09:00,158.50352478027344,158.50352478027344,158.50352478027344,158.50352478027344,1900,0.0,0.0
2011-09-22 00:00:00+09:00,154.17283211173591,157.63739013671875,154.17283211173591,157.63739013671875,1100,0.0,0.0
2011-09-26 00:00:00+09:00,158.50352478027344,158.50352478027344,152.44054842255807,158.50352478027344,2900,0.0,0.0
2011-09-27 00:00:00+09:00,158.50352478027344,158.50352478027344,158.50352478027344,158.50352478027344,1000,0.0,0.0
2011-09-28 00:00:00+09:00,158.50352478027344,158.50352478027344,154.1728273819053,158.50352478027344,1000,0.0,0.0
2011-09-29 00:00:00+09:00,155.03896686157893,158.50352478027344,154.1728273819053,158.50352478027344,600,0.0,0.0
2011-09-30 00:00:00+09:00,158.5035405312815,161.10195922851562,154.17284270255797,161.10195922851562,2600,0.0,0.0
2011-10-03 00:00:00+09:00,161.10196917989978,162.83424841839334,159.36968994140625,159.36968994140625,5800,0.0,0.0
2011-10-04 00:00:00+09:00,155.9051055908203,155.9051055908203,154.1728266398112,155.9051055908203,2800,0.0,0.0
2011-10-05 00:00:00+09:00,155.9051307935393,155.9051307935393,154.1728515625,154.1728515625,700,0.0,0.0
2011-10-06 00:00:00+09:00,153.3066864013672,154.17282587256136,153.3066864013672,153.3066864013672,3600,0.0,0.0
2011-10-07 00:00:00+09:00,152.4405530992445,158.50352964296445,152.4405530992445,157.63739013671875,3300,0.0,0.0
2011-10-11 00:00:00+09:00,157.63739013671875,157.63739013671875,157.63739013671875,157.63739013671875,500,0.0,0.0
2011-10-12 00:00:00+09:00,157.6373894547617,157.6373894547617,155.03897094726562,155.03897094726562,1400,0.0,0.0
2011-10-13 00:00:00+09:00,155.03898577256635,161.10196286981756,152.44056701660156,152.44056701660156,6800,0.0,0.0
2011-10-14 00:00:00+09:00,155.9051304408482,162.83424734933035,151.57443237304688,151.57443237304688,8100,0.0,0.0
2011-10-17 00:00:00+09:00,160.23582850864955,160.23582850864955,151.57443237304688,151.57443237304688,7700,0.0,0.0
2011-10-18 00:00:00+09:00,152.44057198660713,152.44057198660713,151.57443237304688,151.57443237304688,6100,0.0,0.0
2011-10-19 00:00:00+09:00,153.30671665586274,154.17285629798627,150.7082977294922,150.7082977294922,4300,0.0,0.0
2011-10-20 00:00:00+09:00,150.7082977294922,150.7082977294922,150.7082977294922,150.7082977294922,4300,0.0,0.0
2011-10-21 00:00:00+09:00,150.7082977294922,152.44057701373924,149.8421580873687,150.7082977294922,4300,0.0,0.0
2011-10-24 00:00:00+09:00,152.44056701660156,152.44056701660156,152.44056701660156,152.44056701660156,200,0.0,0.0
2011-10-25 00:00:00+09:00,152.44057162972385,158.50354891045149,148.97601318359375,148.97601318359375,5500,0.0,0.0
2011-10-26 00:00:00+09:00,149.84215754554384,149.84215754554384,145.51145935058594,145.51145935058594,5600,0.0,0.0
2011-10-27 00:00:00+09:00,149.84217325846356,150.70831298828125,148.10989379882812,148.10989379882812,500,0.0,0.0
2011-10-28 00:00:00+09:00,150.7082977294922,150.7082977294922,148.10987880312163,150.7082977294922,3100,0.0,0.0
2011-10-31 00:00:00+09:00,151.57441293727086,155.03897094726562,151.57441293727086,155.03897094726562,400,0.0,0.0
2011-11-01 00:00:00+09:00,153.3066864013672,153.3066864013672,153.3066864013672,153.3066864013672,100,0.0,0.0
2011-11-02 00:00:00+09:00,152.44059244791669,152.44059244791669,148.10989379882812,148.10989379882812,900,0.0,0.0
2011-11-04 00:00:00+09:00,152.44056701660156,152.44056701660156,152.44056701660156,152.44056701660156,900,0.0,0.0
2011-11-07 00:00:00+09:00,151.57443237304688,151.57443237304688,151.57443237304688,151.57443237304688,400,0.0,0.0
2011-11-08 00:00:00+09:00,148.97601318359375,148.97601318359375,148.10987357206125,148.97601318359375,1400,0.0,0.0
2011-11-09 00:00:00+09:00,148.97601353236607,151.57443237304688,148.97601353236607,151.57443237304688,1500,0.0,0.0
2011-11-10 00:00:00+09:00,150.7082977294922,150.7082977294922,149.8421580873687,150.7082977294922,1800,0.0,0.0
2011-11-11 00:00:00+09:00,151.57443237304688,151.57443237304688,148.1098739188058,151.57443237304688,2200,0.0,0.0
2011-11-14 00:00:00+09:00,149.84214826063675,152.44056701660156,148.10986908999357,152.44056701660156,2500,0.0,0.0
2011-11-15 00:00:00+09:00,148.97601844524516,150.7082977294922,148.97601844524516,150.7082977294922,1100,0.0,0.0
2011-11-16 00:00:00+09:00,148.97601282243897,149.84215243187177,145.51145438470783,146.37759399414062,4700,0.0,0.0
2011-11-17 00:00:00+09:00,143.77915221823136,153.3066864013672,143.77915221823136,153.3066864013672,3900,0.0,0.0
2011-11-18 00:00:00+09:00,149.84215754554384,149.84215754554384,145.51145935058594,145.51145935058594,1300,0.0,0.0
2011-11-21 00:00:00+09:00,149.84214782714844,149.84214782714844,149.84214782714844,149.84214782714844,100,0.0,0.0
2011-11-22 00:00:00+09:00,149.84214782714844,149.84214782714844,149.84214782714844,149.84214782714844,0,0.0,0.0
2011-11-24 00:00:00+09:00,143.77917031680835,147.2437286376953,142.91303073658662,147.2437286376953,6000,0.0,0.0
2011-11-25 00:00:00+09:00,145.51145438470783,146.37759399414062,145.51145438470783,146.37759399414062,300,0.0,0.0
2011-11-28 00:00:00+09:00,147.24372818084532,147.24372818084532,144.6453094482422,144.6453094482422,300,0.0,0.0
2011-11-29 00:00:00+09:00,146.37758905747356,147.2437286376953,146.37758905747356,147.2437286376953,700,0.0,0.0
2011-11-30 00:00:00+09:00,146.37758905747356,147.2437286376953,146.37758905747356,147.2437286376953,2000,0.0,0.0
2011-12-01 00:00:00+09:00,148.10989379882812,148.10989379882812,148.10989379882812,148.10989379882812,300,0.0,0.0
2011-12-02 00:00:00+09:00,148.97598904539637,158.50352322853217,148.1098495742022,153.3066864013672,8100,0.0,0.0
2011-12-05 00:00:00+09:00,155.03896686157893,161.10194321929433,152.44054842255807,158.50352478027344,8100,0.0,0.0
2011-12-06 00:00:00+09:00,158.50352478027344,163.7003616583152,156.7712458209262,158.50352478027344,7800,0.0,0.0
2011-12-07 00:00:00+09:00,158.50352478027344,158.50352478027344,155.90510634125258,158.50352478027344,2200,0.0,0.0
2011-12-08 00:00:00+09:00,160.23582458496094,160.23582458496094,156.77126621555638,160.23582458496094,2400,0.0,0.0
2011-12-09 00:00:00+09:00,161.10194816170159,161.10194816170159,154.17283211173591,157.63739013671875,12100,0.0,0.0
2011-12-12 00:00:00+09:00,158.5035405312815,164.56651749149444,155.90512183404738,161.10195922851562,10600,0.0,0.0
2011-12-13 00:00:00+09:00,162.8342441738588,168.03108175387558,160.23582538385043,165.4326629638672,9800,0.0,0.0
2011-12-14 00:00:00+09:00,167.16493110860733,167.16493110860733,161.9680938720703,161.9680938720703,2000,0.0,0.0
2011-12-15 00:00:00+09:00,159.36965858080112,159.36965858080112,154.17282188794888,156.771240234375,12900,0.0,0.0
2011-12-16 00:00:00+09:00,159.36965858080112,159.36965858080112,154.17282188794888,156.771240234375,12900,0.0,0.0
2011-12-19 00:00:00+09:00,157.63739617495614,161.9680938720703,157.63739617495614,161.9680938720703,3600,0.0,0.0
2011-12-20 00:00:00+09:00,157.63739013671875,161.9680876679473,157.63739013671875,157.63739013671875,700,0.0,0.0
2011-12-21 00:00:00+09:00,159.36968057622354,163.70037841796875,157.63740143952546,163.70037841796875,4500,0.0,0.0
2011-12-22 00:00:00+09:00,160.23581479322465,163.700372950916,157.63739617495614,161.9680938720703,4100,0.0,0.0
2011-12-26 00:00:00+09:00,161.9680938720703,161.9680938720703,161.9680938720703,161.9680938720703,0,0.0,0.0
2011-12-27 00:00:00+09:00,160.23582458496094,160.23582458496094,156.77126621555638,160.23582458496094,3700,0.0,0.0
2011-12-28 00:00:00+09:00,157.63738530059982,158.50352478027344,157.63738530059982,158.50352478027344,600,0.0,0.0
2011-12-29 00:00:00+09:00,157.63738530059982,158.50352478027344,157.63738530059982,158.50352478027344,600,0.0,0.0
2011-12-30 00:00:00+09:00,156.77127108366594,159.36968994140625,156.77127108366594,159.36968994140625,2800,0.0,0.0
2012-01-04 00:00:00+09:00,162.83424336201438,162.83424336201438,155.90512662320523,160.23582458496094,4600,0.0,0.0
2012-01-05 00:00:00+09:00,162.834228515625,162.834228515625,161.10194948886303,162.834228515625,3200,0.0,0.0
2012-01-06 00:00:00+09:00,161.10195489180717,168.03107123123974,161.10195489180717,164.56651306152344,6600,0.0,0.0
2012-01-10 00:00:00+09:00,167.16491899447203,207.87347439727094,167.16491899447203,191.4168243408203,122600,0.0,0.0
2012-01-11 00:00:00+09:00,189.6845752821056,229.5269974874794,181.8893187636629,188.8184356689453,281200,0.0,0.0
2012-01-12 00:00:00+09:00,192.28297361609054,199.21208978243615,180.15702032498575,189.68455505371094,39900,0.0,0.0
2012-01-13 00:00:00+09:00,192.28300029638032,200.94439670612718,184.48774352760813,198.34597778320312,18000,0.0,0.0
2012-01-16 00:00:00+09:00,201.81051835040657,216.53489093391264,194.88140184052136,212.20419311523438,52500,0.0,0.0
2012-01-17 00:00:00+09:00,212.20419209372548,212.20419209372548,195.7475404619672,207.00735473632812,39100,0.0,0.0
2012-01-18 00:00:00+09:00,207.00737921820746,207.00737921820746,194.01528428819444,194.8814239501953,17800,0.0,0.0
2012-01-19 00:00:00+09:00,194.01528428819444,202.6766809082031,191.41686530219184,194.8814239501953,9800,0.0,0.0
2012-01-20 00:00:00+09:00,198.34594015406267,198.34594015406267,191.4168243408203,191.4168243408203,10700,0.0,0.0
2012-01-23 00:00:00+09:00,194.01525450589364,197.4798126220703,194.01525450589364,197.4798126220703,3500,0.0,0.0
2012-01-24 00:00:00+09:00,197.47981752908177,203.5427943830448,196.61367797851562,196.61367797851562,9600,0.0,0.0
2012-01-25 00:00:00+09:00,198.3459549892096,212.20418765221112,197.47981544777198,210.47190856933594,15000,0.0,0.0
2012-01-26 00:00:00+09:00,207.87348820612982,207.87348820612982,200.07823239839996,202.67665100097656,7800,0.0,0.0
2012-01-27 00:00:00+09:00,200.94437627377718,200.94437627377718,198.34595761506455,199.21209716796875,10600,0.0,0.0
2012-01-30 00:00:00+09:00,199.21207963071797,199.21207963071797,190.55068486416502,191.4168243408203,16500,0.0,0.0
2012-01-31 00:00:00+09:00,191.416849909602,194.88140827900656,190.55071031725086,192.28298950195312,1400,0.0,0.0
2012-02-01 00:00:00+09:00,199.21209663021406,201.8105152819125,194.0152593268172,196.61367797851562,3900,0.0,0.0
2012-02-02 00:00:00+09:00,196.61368242614472,196.61368242614472,192.28298457534856,193.1491241455078,4900,0.0,0.0
2012-02-03 00:00:00+09:00,182.75543420965022,193.14910819313744,182.75543420965022,190.55068969726562,18300,0.0,0.0
2012-02-06 00:00:00+09:00,187.9522884937043,203.5428009033203,187.9522884937043,203.5428009033203,9300,0.0,0.0
2012-02-07 00:00:00+09:00,200.9443817138672,200.9443817138672,196.61368383210282,200.9443817138672,4000,0.0,0.0
2012-02-08 00:00:00+09:00,199.21209286420773,202.67665100097656,195.7475347274389,202.67665100097656,9100,0.0,0.0
2012-02-09 00:00:00+09:00,200.94438888365966,226.92857710137426,198.34597006188818,215.66876220703125,86500,0.0,0.0
2012-02-10 00:00:00+09:00,210.47190680870645,210.47190680870645,199.21209286420773,202.67665100097656,43600,0.0,0.0
2012-02-13 00:00:00+09:00,204.40895679798206,213.93649291992188,204.40895679798206,213.93649291992188,12700,0.0,0.0
2012-02-14 00:00:00+09:00,220.8656100995145,224.3301686893108,212.20421362502373,213.93649291992188,24600,0.0,0.0
2012-02-15 00:00:00+09:00,219.13331645727158,223.4640144109726,216.53489768505096,221.7317352294922,7600,0.0,0.0
2012-02-16 00:00:00+09:00,219.9994435251495,219.9994435251495,209.60576902789833,210.47190856933594,26500,0.0,0.0
2012-02-17 00:00:00+09:00,212.20419360745336,215.6687518704322,207.00735621298512,214.8026123046875,9100,0.0,0.0
2012-02-20 00:00:00+09:00,207.87350463867188,207.87350463867188,203.5428066253662,207.87350463867188,14200,0.0,0.0
2012-02-21 00:00:00+09:00,207.00735473632812,212.20419209372548,204.40893605762943,207.00735473632812,9900,0.0,0.0
2012-02-22 00:00:00+09:00,205.27507132071034,212.20418765221112,205.27507132071034,210.47190856933594,1700,0.0,0.0
2012-02-23 00:00:00+09:00,210.4719340840324,212.2042133769051,206.14123585185067,211.33807373046875,5400,0.0,0.0
2012-02-24 00:00:00+09:00,208.7396343641045,212.20419261081162,208.7396343641045,209.60577392578125,2100,0.0,0.0
2012-02-27 00:00:00+09:00,209.6057946826765,215.66877221482002,208.73965503522743,213.93649291992188,4200,0.0,0.0
2012-02-28 00:00:00+09:00,213.93647891283035,221.7317352294922,212.20419973134995,221.7317352294922,7900,0.0,0.0
2012-02-29 00:00:00+09:00,220.86559253111204,232.99154663085938,219.99945295255864,232.99154663085938,27200,0.0,0.0
2012-03-01 00:00:00+09:00,238.18839848737306,238.18839848737306,222.59788513183594,222.59788513183594,17300,0.0,0.0
2012-03-02 00:00:00+09:00,224.3301590265012,224.3301590265012,218.26718175551468,220.8656005859375,8200,0.0,0.0
2012-03-05 00:00:00+09:00,218.2671840501868,239.05453491210938,218.2671840501868,239.05453491210938,6800,0.0,0.0
2012-03-06 00:00:00+09:00,239.05453491210938,239.05453491210938,239.05453491210938,239.05453491210938,0,0.0,0.0
2012-03-07 00:00:00+09:00,234.72381395080777,253.77888371803203,232.12539534618628,248.58204650878906,42000,0.0,0.0
2012-03-08 00:00:00+09:00,248.58204650878906,248.58204650878906,248.58204650878906,248.58204650878906,0,0.0,0.0
2012-03-09 00:00:00+09:00,267.63713528992696,278.8969500432249,259.8418789222592,264.1725769042969,49900,0.0,0.0
2012-03-12 00:00:00+09:00,264.1725769042969,264.1725769042969,264.1725769042969,264.1725769042969,0,0.0,0.0
2012-03-13 00:00:00+09:00,289.29061650482464,289.29061650482464,272.8339646677238,276.29852294921875,36900,0.0,0.0
2012-03-14 00:00:00+09:00,283.22764967668695,288.4244872854335,272.8339744591938,274.5662536621094,29500,0.0,0.0
2012-03-15 00:00:00+09:00,285.82605772380583,285.82605772380583,273.7001037597656,273.7001037597656,10900,0.0,0.0
2012-03-16 00:00:00+09:00,275.43239247607266,277.1646716740354,269.3694152832031,269.3694152832031,10200,0.0,0.0
2012-03-19 00:00:00+09:00,269.36938676834103,277.1646423339844,268.50324726104736,277.1646423339844,10700,0.0,0.0
2012-03-21 00:00:00+09:00,271.9678348577361,274.5662536621094,266.77099724898954,274.5662536621094,4800,0.0,0.0
2012-03-22 00:00:00+09:00,286.6922139706819,324.8023572175399,286.6922139706819,318.7393798828125,65200,0.0,0.0
2012-03-23 00:00:00+09:00,337.79446479969454,350.7865595996828,321.33781138637613,345.5897216796875,66900,0.0,0.0
2012-03-26 00:00:00+09:00,345.5896802684929,347.3219593675831,332.59758702531644,342.1251220703125,19800,0.0,0.0
2012-03-27 00:00:00+09:00,342.12513098112987,342.991270553234,331.73145611588035,335.1960144042969,11700,0.0,0.0
2012-03-28 00:00:00+09:00,346.6032409667969,346.6032409667969,342.2158581697488,346.6032409667969,5800,5.0,0.0
2012-03-29 00:00:00+09:00,347.4806931649773,381.70227658274024,347.4806931649773,374.6824645996094,41800,0.0,0.0
2012-03-30 00:00:00+09:00,368.54012911436985,391.35451805954517,365.03022312280444,374.6824645996094,28700,0.0,0.0
2012-04-02 00:00:00+09:00,374.6824509731559,379.0698333030523,368.54011571130087,377.31488037109375,13700,0.0,0.0
2012-04-03 00:00:00+09:00,356.25543341838136,373.8049621582031,353.6230041074081,373.8049621582031,7700,0.0,0.0
2012-04-04 00:00:00+09:00,374.6824816050849,406.2716369628906,372.9275285296512,406.2716369628906,52900,0.0,0.0
2012-04-05 00:00:00+09:00,393.1094581117021,412.4139404296875,386.08964635970744,412.4139404296875,43900,0.0,0.0
2012-04-06 00:00:00+09:00,405.39413765149243,410.65899658203125,387.84460788302954,410.65899658203125,17400,0.0,0.0
2012-04-09 00:00:00+09:00,416.80131135163487,427.3310286910446,407.1490704571759,426.45355224609375,41200,0.0,0.0
2012-04-10 00:00:00+09:00,426.4535326276507,443.1255843147399,426.4535326276507,442.24810791015625,39900,0.0,0.0
2012-04-11 00:00:00+09:00,443.1256247094637,476.4697311232451,443.1256247094637,475.5922546386719,74700,0.0,0.0
2012-04-12 00:00:00+09:00,483.489482859526,562.4623566478333,477.34714823154656,499.2840576171875,108700,0.0,0.0
2012-04-13 00:00:00+09:00,500.1615905761719,502.79402000025704,465.9400080630654,500.1615905761719,20600,0.0,0.0
2012-04-16 00:00:00+09:00,475.59228164343523,500.1616246065647,475.59228164343523,487.876953125,23300,0.0,0.0
2012-04-17 00:00:00+09:00,491.38691105254713,517.7112098589336,483.4896214106312,512.4463500976562,27700,0.0,0.0
2012-04-18 00:00:00+09:00,517.711119276395,523.8534545898438,503.67149570279787,523.8534545898438,27300,0.0,0.0
2012-04-19 00:00:00+09:00,527.363409002896,546.6678931926858,505.426495150862,508.9364013671875,73700,0.0,0.0
2012-04-20 00:00:00+09:00,517.7111552945144,522.0985379665018,462.43013362747297,487.876953125,48200,0.0,0.0
2012-04-23 00:00:00+09:00,472.08231689920825,481.7345575793036,451.9003591135544,458.0426940917969,55600,0.0,0.0
2012-04-24 00:00:00+09:00,446.63555908203125,451.0229417842123,427.33107519243464,446.63555908203125,54200,0.0,0.0
2012-04-25 00:00:00+09:00,430.84094563720214,437.8607573787451,421.1887044925805,436.1058044433594,44100,0.0,0.0
2012-04-26 00:00:00+09:00,433.4733809332662,433.4733809332662,423.8211396574242,429.08599853515625,21000,0.0,0.0
2012-04-27 00:00:00+09:00,422.066176234654,460.6751403808594,420.31122331891737,460.6751403808594,21500,0.0,0.0
2012-05-01 00:00:00+09:00,434.35084249309165,454.5328008311545,423.8211250993197,437.8607482910156,11700,0.0,0.0
2012-05-02 00:00:00+09:00,434.35084249309165,454.5328008311545,423.8211250993197,437.8607482910156,11700,0.0,0.0
2012-05-07 00:00:00+09:00,443.12565659031725,443.12565659031725,422.0662194454309,434.35089111328125,4100,0.0,0.0
2012-05-08 00:00:00+09:00,436.1058070970618,436.1058070970618,423.8211364746094,423.8211364746094,3200,0.0,0.0
2012-05-09 00:00:00+09:00,421.1887338999156,422.94368695783186,382.57976662575663,389.5995788574219,17600,0.0,0.0
2012-05-10 00:00:00+09:00,389.5995595189145,422.066189478824,389.5995595189145,416.80133056640625,5900,0.0,0.0
2012-05-11 00:00:00+09:00,420.3112280248876,436.98328091105225,416.8013221541161,436.1058044433594,7100,0.0,0.0
2012-05-14 00:00:00+09:00,365.90769411862556,399.2518005371094,365.90769411862556,399.2518005371094,38500,0.0,0.0
2012-05-15 00:00:00+09:00,350.990611583263,389.5995788574219,333.44108100409983,389.5995788574219,23000,0.0,0.0
2012-05-16 00:00:00+09:00,389.5995932186351,389.5995932186351,358.01043701171875,358.01043701171875,3700,0.0,0.0
2012-05-17 00:00:00+09:00,352.7455535888672,354.5005065917969,325.54378204345704,350.9906005859375,12700,0.0,0.0
2012-05-18 00:00:00+09:00,350.11314720443534,350.11314720443534,333.4410925756527,346.6032409667969,3800,0.0,0.0
2012-05-21 00:00:00+09:00,339.58341881182554,366.7851913781475,339.58341881182554,365.90771484375,2500,0.0,0.0
2012-05-22 00:00:00+09:00,359.7654182220174,375.55999755859375,359.7654182220174,375.55999755859375,2700,0.0,0.0
2012-05-23 00:00:00+09:00,382.5797515728506,397.49685197821407,380.8247985839844,380.8247985839844,2100,0.0,0.0
2012-05-24 00:00:00+09:00,370.2950686432594,377.31488037109375,370.2950686432594,377.31488037109375,600,0.0,0.0
2012-05-25 00:00:00+09:00,368.54011498427974,375.559926698266,358.0103974133003,359.7653503417969,2900,0.0,0.0
2012-05-28 00:00:00+09:00,355.3779830932617,355.3779830932617,350.1131240844727,350.9906005859375,5000,0.0,0.0
2012-05-29 00:00:00+09:00,347.4807175262065,347.4807175262065,346.6032409667969,346.6032409667969,500,0.0,0.0
2012-05-30 00:00:00+09:00,343.0932910861681,349.2356262207031,343.0932910861681,349.2356262207031,700,0.0,0.0
2012-05-31 00:00:00+09:00,349.2356262207031,349.2356262207031,349.2356262207031,349.2356262207031,700,0.0,0.0
2012-06-01 00:00:00+09:00,352.7455740882069,352.7455740882069,341.33837890625,341.33837890625,1800,0.0,0.0
2012-06-04 00:00:00+09:00,333.4410609461326,334.31853742230663,311.5041490417818,317.646484375,6200,0.0,0.0
2012-06-05 00:00:00+09:00,310.62666766826925,342.2158203125,310.62666766826925,342.2158203125,3400,0.0,0.0
2012-06-06 00:00:00+09:00,343.0933120727539,350.9906005859375,324.6663055419922,350.9906005859375,1700,0.0,0.0
2012-06-07 00:00:00+09:00,350.9905790441176,372.927490234375,342.2158145680147,372.927490234375,2600,0.0,0.0
2012-06-08 00:00:00+09:00,389.59954273897057,393.98692497702206,358.8878670726103,372.927490234375,2200,0.0,0.0
2012-06-11 00:00:00+09:00,379.94733981662324,394.86444091796875,379.94733981662324,394.86444091796875,700,0.0,0.0
2012-06-12 00:00:00+09:00,410.65898749168883,412.4139404296875,390.4770287047041,412.4139404296875,8200,0.0,0.0
2012-06-13 00:00:00+09:00,405.3941593424479,405.3941593424479,394.86444091796875,394.86444091796875,3100,0.0,0.0
2012-06-14 00:00:00+09:00,398.3743488664821,398.3743488664821,388.72210693359375,388.72210693359375,400,0.0,0.0
2012-06-15 00:00:00+09:00,388.7220841135297,393.1094665527344,353.62302459989274,393.1094665527344,3200,0.0,0.0
2012-06-18 00:00:00+09:00,374.6824645996094,374.6824645996094,374.6824645996094,374.6824645996094,100,0.0,0.0
2012-06-19 00:00:00+09:00,376.4373937069791,376.4373937069791,361.5202941894531,361.5202941894531,3700,0.0,0.0
2012-06-20 00:00:00+09:00,359.7653733241705,360.6428498444734,350.990608121142,355.37799072265625,3000,0.0,0.0
2012-06-21 00:00:00+09:00,364.1527099609375,364.1527099609375,364.1527099609375,364.1527099609375,700,0.0,0.0
2012-06-22 00:00:00+09:00,350.9905768829642,361.5202941894531,350.1131004407568,361.5202941894531,2600,0.0,0.0
2012-06-25 00:00:00+09:00,361.52031860351565,361.52031860351565,350.9906005859375,350.9906005859375,1000,0.0,0.0
2012-06-26 00:00:00+09:00,350.990608121142,355.37799072265625,347.4807020399306,355.37799072265625,1300,0.0,0.0
2012-06-27 00:00:00+09:00,342.2158210568312,359.7653503417969,342.2158210568312,359.7653503417969,7900,0.0,0.0
2012-06-28 00:00:00+09:00,366.78517060332246,429.96347750150244,366.78517060332246,399.2518005371094,43200,0.0,0.0
2012-06-29 00:00:00+09:00,379.9473251342774,438.7382507324219,379.9473251342774,438.7382507324219,21300,0.0,0.0
2012-07-02 00:00:00+09:00,438.73819646476204,438.73819646476204,403.63914074758105,419.4337158203125,24000,0.0,0.0
2012-07-03 00:00:00+09:00,426.45356589370635,426.45356589370635,405.39413054093075,423.8211364746094,4000,0.0,0.0
2012-07-04 00:00:00+09:00,409.7815041453568,425.5760803222656,408.0265512368114,425.5760803222656,5700,0.0,0.0
2012-07-05 00:00:00+09:00,408.0265630242283,429.08599853515625,406.2716100649843,429.08599853515625,7700,0.0,0.0
2012-07-06 00:00:00+09:00,421.1887512207031,421.1887512207031,416.8013683954875,421.1887512207031,1700,0.0,0.0
2012-07-09 00:00:00+09:00,405.3941667900711,428.20855712890625,403.6392136870837,428.20855712890625,7500,0.0,0.0
2012-07-10 00:00:00+09:00,428.20850849926956,432.5958907584834,422.0661733363702,431.7184143066406,9200,0.0,0.0
2012-07-11 00:00:00+09:00,434.35084699148155,443.12561157716806,429.96346469863835,436.9832763671875,18600,0.0,0.0
2012-07-12 00:00:00+09:00,433.4733389107285,434.35081530528464,411.5364290468252,413.2913818359375,10300,0.0,0.0
2012-07-13 00:00:00+09:00,410.6590279244088,422.06622314453125,406.2716451474386,422.06622314453125,2800,0.0,0.0
2012-07-17 00:00:00+09:00,421.18870839351365,424.6986142967929,403.6391788771173,417.6788024902344,4900,0.0,0.0
2012-07-18 00:00:00+09:00,421.18870785361844,421.18870785361844,393.1094606633772,400.1292724609375,6900,0.0,0.0
2012-07-19 00:00:00+09:00,399.25180196762085,399.25180196762085,393.1094665527344,393.1094665527344,1000,0.0,0.0
2012-07-20 00:00:00+09:00,386.96713404501634,386.96713404501634,375.5599396173855,380.8247985839844,3500,0.0,0.0
2012-07-23 00:00:00+09:00,366.78511686779206,368.5400695800781,352.7454951695034,368.5400695800781,6000,0.0,0.0
2012-07-24 00:00:00+09:00,357.1329119784161,361.5202941894531,353.62300620958644,361.5202941894531,1100,0.0,0.0
2012-07-25 00:00:00+09:00,354.50049155630717,359.7653503417969,353.6230150920589,359.7653503417969,1500,0.0,0.0
2012-07-26 00:00:00+09:00,346.60321115077227,381.7022705078125,346.60321115077227,381.7022705078125,3900,0.0,0.0
2012-07-27 00:00:00+09:00,376.43743896484375,376.43743896484375,376.43743896484375,376.43743896484375,200,0.0,0.0
2012-07-30 00:00:00+09:00,369.4176213921441,394.86444091796875,369.4176213921441,394.86444091796875,1100,0.0,0.0
2012-07-31 00:00:00+09:00,360.6428043227598,368.54009200865966,360.6428043227598,364.1527099609375,4900,0.0,0.0
2012-08-01 00:00:00+09:00,359.7653609202093,359.7653609202093,350.99059601971635,351.8680725097656,2600,0.0,0.0
2012-08-02 00:00:00+09:00,350.9906190814394,376.43743896484375,350.9906190814394,376.43743896484375,3200,0.0,0.0
2012-08-03 00:00:00+09:00,362.39779984323604,362.39779984323604,350.1131286621094,350.1131286621094,1400,0.0,0.0
2012-08-06 00:00:00+09:00,357.1329478137898,372.050048828125,350.9906121020047,372.050048828125,2700,0.0,0.0
2012-08-07 00:00:00+09:00,352.7454951695034,368.5400695800781,352.7454951695034,368.5400695800781,1400,0.0,0.0
2012-08-08 00:00:00+09:00,368.54013520379624,368.54013520379624,367.66265869140625,367.66265869140625,700,0.0,0.0
2012-08-09 00:00:00+09:00,367.66263270035887,367.66263270035887,366.78515625,366.78515625,200,0.0,0.0
2012-08-10 00:00:00+09:00,366.7851917860243,394.86444091796875,366.7851917860243,394.86444091796875,6100,0.0,0.0
2012-08-13 00:00:00+09:00,394.8644271108615,416.8013397281316,394.8644271108615,415.04638671875,4400,0.0,0.0
2012-08-14 00:00:00+09:00,412.41395266247196,417.6788116326312,395.74189925696777,415.9238586425781,9200,0.0,0.0
2012-08-15 00:00:00+09:00,412.4139404296875,412.4139404296875,409.7815110226895,412.4139404296875,4200,0.0,0.0
2012-08-16 00:00:00+09:00,412.4139404296875,412.4139404296875,412.4139404296875,412.4139404296875,1000,0.0,0.0
2012-08-17 00:00:00+09:00,401.88424067026557,408.904052734375,394.86442860615614,408.904052734375,5100,0.0,0.0
2012-08-20 00:00:00+09:00,409.7815338462912,409.7815338462912,408.0265808105469,408.0265808105469,700,0.0,0.0
2012-08-21 00:00:00+09:00,403.63916015625,403.63916015625,403.63916015625,403.63916015625,2100,0.0,0.0
2012-08-22 00:00:00+09:00,403.63916015625,403.63916015625,403.63916015625,403.63916015625,400,0.0,0.0
2012-08-23 00:00:00+09:00,410.65897163722826,410.65897163722826,403.63916015625,403.63916015625,900,0.0,0.0
2012-08-24 00:00:00+09:00,409.7815524616366,409.7815524616366,404.5166931152344,404.5166931152344,300,0.0,0.0
2012-08-27 00:00:00+09:00,412.4139436353155,417.6788024902344,412.4139436353155,417.6788024902344,4000,0.0,0.0
2012-08-28 00:00:00+09:00,412.4139404296875,412.4139404296875,410.65898749168883,412.4139404296875,3800,0.0,0.0
2012-08-29 00:00:00+09:00,407.14913687227073,407.14913687227073,401.88427734375,401.88427734375,1200,0.0,0.0
2012-08-30 00:00:00+09:00,403.63916015625,403.63916015625,400.12925441576084,403.63916015625,5300,0.0,0.0
2012-08-31 00:00:00+09:00,403.63914226663525,407.1490478515625,399.25176028547617,407.1490478515625,7900,0.0,0.0
2012-09-03 00:00:00+09:00,405.39411302649455,405.39411302649455,391.354490064538,403.63916015625,3300,0.0,0.0
2012-09-04 00:00:00+09:00,401.0067517034608,401.0067517034608,387.8446044921875,387.8446044921875,500,0.0,0.0
2012-09-05 00:00:00+09:00,390.4770202636719,390.4770202636719,390.4770202636719,390.4770202636719,100,0.0,0.0
2012-09-06 00:00:00+09:00,391.3545212250108,396.6193802549437,374.68246763022336,379.94732666015625,5600,0.0,0.0
2012-09-07 00:00:00+09:00,388.7220901489258,392.2319961547852,386.08966064453125,386.08966064453125,600,0.0,0.0
2012-09-10 00:00:00+09:00,386.0896324848234,397.496826171875,386.0896324848234,397.496826171875,800,0.0,0.0
2012-09-11 00:00:00+09:00,397.496848991939,397.496848991939,393.1094665527344,393.1094665527344,2100,0.0,0.0
2012-09-12 00:00:00+09:00,393.1094665527344,393.1094665527344,393.1094665527344,393.1094665527344,2100,0.0,0.0
2012-09-13 00:00:00+09:00,394.8644025138255,398.37430831394835,390.4770202636719,390.4770202636719,3900,0.0,0.0
2012-09-14 00:00:00+09:00,398.3743470594618,399.25182359483506,391.3545347764757,394.86444091796875,2700,0.0,0.0
2012-09-18 00:00:00+09:00,382.57974895249066,415.046379024147,382.57974895249066,410.65899658203125,3000,0.0,0.0
2012-09-19 00:00:00+09:00,411.5364298327216,411.5364298327216,393.10942551185343,407.1490478515625,1700,0.0,0.0
2012-09-20 00:00:00+09:00,395.74188751870014,412.4139404296875,395.74188751870014,412.4139404296875,7000,0.0,0.0
2012-09-21 00:00:00+09:00,411.53646396068814,412.4139404296875,411.53646396068814,412.4139404296875,2700,0.0,0.0
2012-09-24 00:00:00+09:00,412.41396339990763,412.41396339990763,408.0265808105469,408.0265808105469,3900,0.0,0.0
2012-09-25 00:00:00+09:00,408.0265808105469,408.0265808105469,408.0265808105469,408.0265808105469,3900,0.0,0.0
2012-09-26 00:00:00+09:00,406.2716369628906,406.2716369628906,382.57977044453634,406.2716369628906,11200,0.0,0.0
2012-09-27 00:00:00+09:00,394.8644419725719,406.2716369628906,394.8644419725719,406.2716369628906,1200,0.0,0.0
2012-09-28 00:00:00+09:00,406.2716110031326,406.2716110031326,405.3941345214844,405.3941345214844,1100,0.0,0.0
2012-10-01 00:00:00+09:00,406.27160514669214,412.4139404296875,399.2517933946975,412.4139404296875,5900,0.0,0.0
2012-10-02 00:00:00+09:00,411.5364961891916,412.4139727269084,406.2716369628906,406.2716369628906,2800,0.0,0.0
2012-10-03 00:00:00+09:00,399.2518005371094,406.27161241468497,399.2518005371094,399.2518005371094,2400,0.0,0.0
2012-10-04 00:00:00+09:00,403.63916015625,403.63916015625,403.63916015625,403.63916015625,200,0.0,0.0
2012-10-05 00:00:00+09:00,396.6193683681203,411.5364685058594,392.2319859746677,411.5364685058594,4500,0.0,0.0
2012-10-09 00:00:00+09:00,390.47705824110244,399.25182359483506,390.47705824110244,394.86444091796875,4800,0.0,0.0
2012-10-10 00:00:00+09:00,394.8644195284162,394.8644195284162,393.1094665527344,393.1094665527344,2800,0.0,0.0
2012-10-11 00:00:00+09:00,379.0698410560345,390.47703534707256,379.0698410560345,381.7022705078125,3800,0.0,0.0
2012-10-12 00:00:00+09:00,385.212178162166,393.1094665527344,379.06984274727955,393.1094665527344,1100,0.0,0.0
2012-10-15 00:00:00+09:00,393.1094878472222,394.86444091796875,381.70229288736977,394.86444091796875,3300,0.0,0.0
2012-10-16 00:00:00+09:00,393.1094680059524,393.1094680059524,386.9671325683594,386.9671325683594,1000,0.0,0.0
2012-10-17 00:00:00+09:00,386.08963801351825,390.4770202636719,374.6824441631188,390.4770202636719,5900,0.0,0.0
2012-10-18 00:00:00+09:00,376.43743092304953,389.5995788574219,376.43743092304953,389.5995788574219,2700,0.0,0.0
2012-10-19 00:00:00+09:00,379.9473097690316,385.2121685649073,377.31488037109375,377.31488037109375,1100,0.0,0.0
2012-10-22 00:00:00+09:00,380.82480163574223,386.08966064453125,377.3148956298828,386.08966064453125,2000,0.0,0.0
2012-10-23 00:00:00+09:00,381.7022705078125,381.7022705078125,381.7022705078125,381.7022705078125,200,0.0,0.0
2012-10-24 00:00:00+09:00,377.31487247242643,377.31487247242643,372.927490234375,372.927490234375,1400,0.0,0.0
2012-10-25 00:00:00+09:00,372.9275131225586,386.08966064453125,371.17256011962894,386.08966064453125,9100,0.0,0.0
2012-10-26 00:00:00+09:00,385.21216156348754,390.4770202636719,385.21216156348754,390.4770202636719,2000,0.0,0.0
2012-10-29 00:00:00+09:00,386.0896652325954,386.0896652325954,377.31490011367276,385.2121887207031,3600,0.0,0.0
2012-10-30 00:00:00+09:00,385.2121887207031,385.2121887207031,385.2121887207031,385.2121887207031,700,0.0,0.0
2012-10-31 00:00:00+09:00,384.33469209892803,384.33469209892803,377.31488037109375,377.31488037109375,1400,0.0,0.0
2012-11-01 00:00:00+09:00,377.31487465775723,384.3346862792969,377.31487465775723,384.3346862792969,400,0.0,0.0
2012-11-02 00:00:00+09:00,380.8247940238865,381.7022705078125,372.92750566855244,381.7022705078125,4000,0.0,0.0
2012-11-05 00:00:00+09:00,381.7022705078125,382.5797469917385,373.80498215247843,381.7022705078125,2900,0.0,0.0
2012-11-06 00:00:00+09:00,381.70233396726235,381.70233396726235,373.80504429897417,375.55999755859375,2400,0.0,0.0
2012-11-07 00:00:00+09:00,375.5599287317154,377.31488166971405,370.2950699177194,371.17254638671875,5700,0.0,0.0
2012-11-08 00:00:00+09:00,369.4176041563535,380.8247985839844,367.6626511674872,380.8247985839844,2100,0.0,0.0
2012-11-09 00:00:00+09:00,379.94730066370084,379.94730066370084,370.2950597692419,379.06982421875,400,0.0,0.0
2012-11-12 00:00:00+09:00,379.0698531374573,390.47704779205674,379.0698531374573,385.2121887207031,2700,0.0,0.0
2012-11-13 00:00:00+09:00,385.2121945400196,417.6788259704996,385.2121945400196,395.7419128417969,16400,0.0,0.0
2012-11-14 00:00:00+09:00,371.1725385017943,371.1725385017943,335.19600403708137,366.78515625,19300,0.0,0.0
2012-11-15 00:00:00+09:00,370.2950448277485,370.2950448277485,359.76532791321534,364.1527099609375,1600,0.0,0.0
2012-11-16 00:00:00+09:00,364.15272807842916,365.03020453163015,360.642822265625,360.642822265625,4200,0.0,0.0
2012-11-19 00:00:00+09:00,359.7653060186477,372.9274513607934,358.88782966250466,368.5400695800781,1800,0.0,0.0
2012-11-20 00:00:00+09:00,359.7653791029676,365.90771484375,359.7653791029676,365.90771484375,500,0.0,0.0
2012-11-21 00:00:00+09:00,361.5202941894531,361.5202941894531,361.5202941894531,361.5202941894531,300,0.0,0.0
2012-11-22 00:00:00+09:00,360.6428451913918,365.03022773629925,356.2554626464844,356.2554626464844,2900,0.0,0.0
2012-11-26 00:00:00+09:00,351.86805773361465,360.642822265625,351.86805773361465,360.642822265625,1200,0.0,0.0
2012-11-27 00:00:00+09:00,369.4176330566406,369.4176330566406,357.13296117352195,369.4176330566406,2300,0.0,0.0
2012-11-28 00:00:00+09:00,357.13292288272936,371.17254638671875,356.25544641373006,371.17254638671875,1200,0.0,0.0
2012-11-29 00:00:00+09:00,364.1527526418463,368.54013520379624,363.2752761294563,367.66265869140625,1400,0.0,0.0
2012-11-30 00:00:00+09:00,359.76537740455484,372.050048828125,359.76537740455484,372.050048828125,3600,0.0,0.0
2012-12-03 00:00:00+09:00,381.70227813720703,392.2319961547852,372.9275131225586,386.08966064453125,12700,0.0,0.0
2012-12-04 00:00:00+09:00,383.45721563294876,386.9671214968659,377.31488037109375,377.31488037109375,6800,0.0,0.0
2012-12-05 00:00:00+09:00,372.927490234375,372.927490234375,372.927490234375,372.927490234375,200,0.0,0.0
2012-12-06 00:00:00+09:00,373.80499406610375,385.2121887207031,373.80499406610375,385.2121887207031,1300,0.0,0.0
2012-12-07 00:00:00+09:00,383.45723114013674,386.08966064453125,379.9473251342774,386.08966064453125,4300,0.0,0.0
2012-12-10 00:00:00+09:00,386.08965607727464,393.1094680059524,386.08965607727464,386.9671325683594,3300,0.0,0.0
2012-12-11 00:00:00+09:00,391.35453838383387,391.35453838383387,381.70229640575724,382.57977294921875,3300,0.0,0.0
2012-12-12 00:00:00+09:00,379.94730066370084,380.82477710865163,379.06982421875,379.06982421875,2600,0.0,0.0
2012-12-13 00:00:00+09:00,379.06984274727955,393.1094665527344,379.06984274727955,393.1094665527344,1200,0.0,0.0
2012-12-14 00:00:00+09:00,390.4770553863801,393.9869615022127,378.1923839809659,389.5995788574219,5400,0.0,0.0
2012-12-17 00:00:00+09:00,384.33470029726135,399.2518005371094,382.57974732786744,399.2518005371094,3000,0.0,0.0
2012-12-18 00:00:00+09:00,400.12927702180633,402.76170647589714,386.96712975135216,399.2518005371094,18100,0.0,0.0
2012-12-19 00:00:00+09:00,397.49682956271704,410.6589762369792,397.49682956271704,402.7616882324219,13400,0.0,0.0
2012-12-20 00:00:00+09:00,412.4140001637067,472.95988529412324,412.4140001637067,452.7779235839844,82000,0.0,0.0
2012-12-21 00:00:00+09:00,447.51299142837524,462.4300911426544,416.80131554603577,449.2679443359375,17600,0.0,0.0
2012-12-25 00:00:00+09:00,454.5328385862586,455.41031510862587,437.86078466128,448.3905029296875,11900,0.0,0.0
2012-12-26 00:00:00+09:00,448.39047117491026,454.5328063964844,423.82113028861386,454.5328063964844,15700,0.0,0.0
2012-12-27 00:00:00+09:00,448.39047117491026,454.5328063964844,423.82113028861386,454.5328063964844,15700,0.0,0.0
2012-12-28 00:00:00+09:00,473.8372893492971,473.8372893492971,456.287760114138,472.08233642578125,13200,0.0,0.0
2013-01-04 00:00:00+09:00,465.9400522867839,478.22472409848814,465.062575728805,473.83734130859375,6900,0.0,0.0
2013-01-07 00:00:00+09:00,467.69500540274163,473.83734130859375,467.69500540274163,473.83734130859375,1800,0.0,0.0
2013-01-08 00:00:00+09:00,465.9400192432189,468.57244873046875,453.65534830271974,468.57244873046875,3300,0.0,0.0
2013-01-09 00:00:00+09:00,451.90038785591923,464.18505859375,448.3904819308247,464.18505859375,8400,0.0,0.0
2013-01-10 00:00:00+09:00,464.1850991708261,473.83734130859375,458.042763264974,473.83734130859375,6800,0.0,0.0
2013-01-11 00:00:00+09:00,473.83731537714516,473.83731537714516,461.5526442377377,472.9598388671875,2500,0.0,0.0
2013-01-15 00:00:00+09:00,469.4499577154923,473.8373404978801,462.4301452636719,462.4301452636719,5300,0.0,0.0
2013-01-16 00:00:00+09:00,458.0427624812841,462.4301452636719,434.3508954563901,462.4301452636719,12600,0.0,0.0
2013-01-17 00:00:00+09:00,460.67512542244015,460.67512542244015,438.7382146880382,445.7580261230469,2400,0.0,0.0
2013-01-18 00:00:00+09:00,435.2283476042657,461.5526428222656,435.2283476042657,461.5526428222656,3400,0.0,0.0
2013-01-21 00:00:00+09:00,455.4102478027344,456.28772419541787,440.4931491271149,455.4102478027344,6400,0.0,0.0
2013-01-22 00:00:00+09:00,447.5130234520034,447.5130234520034,443.1256408691406,443.1256408691406,800,0.0,0.0
2013-01-23 00:00:00+09:00,443.1255978643299,451.02288574706057,439.6156921386719,439.6156921386719,3000,0.0,0.0
2013-01-24 00:00:00+09:00,438.7382157072573,443.1255978643299,438.7382157072573,439.6156921386719,3100,0.0,0.0
2013-01-25 00:00:00+09:00,447.51297797045663,451.9003601074219,437.86073726913304,451.9003601074219,4300,0.0,0.0
2013-01-28 00:00:00+09:00,435.228290771014,455.4102478027344,435.228290771014,455.4102478027344,6700,0.0,0.0
2013-01-29 00:00:00+09:00,451.90040603486614,451.90040603486614,443.1256408691406,443.1256408691406,2300,0.0,0.0
2013-01-30 00:00:00+09:00,443.1256332397461,456.28778076171875,443.1256332397461,456.28778076171875,4600,0.0,0.0
2013-01-31 00:00:00+09:00,444.88060356254005,484.3670476657241,444.88060356254005,470.3274230957031,27700,0.0,0.0
2013-02-01 00:00:00+09:00,487.8768653733875,503.6714401516626,479.10210160767906,493.1417236328125,12700,0.0,0.0
2013-02-04 00:00:00+09:00,497.52919211316464,580.8894623966754,497.52919211316464,529.1183471679688,47500,0.0,0.0
2013-02-05 00:00:00+09:00,554.5651245117188,554.5651245117188,541.4029775691938,554.5651245117188,9400,0.0,0.0
2013-02-06 00:00:00+09:00,565.9723198242187,567.7272727539063,547.5453140625,548.4227905273438,9600,0.0,0.0
2013-02-07 00:00:00+09:00,539.6480484008789,540.5255249023438,515.9561828613281,526.4859008789062,10000,0.0,0.0
2013-02-08 00:00:00+09:00,520.3435728467201,535.2606735860021,517.7111433044938,530.873291015625,6800,0.0,0.0
2013-02-12 00:00:00+09:00,530.8732584360483,530.8732584360483,519.466064453125,519.466064453125,6500,0.0,0.0
2013-02-13 00:00:00+09:00,517.7110487414944,544.0353393554688,503.67142708070816,544.0353393554688,4900,0.0,0.0
2013-02-14 00:00:00+09:00,539.648132842344,544.0355160361842,516.833740234375,516.833740234375,1900,0.0,0.0
2013-02-15 00:00:00+09:00,551.0551501858619,552.8101028934602,500.1615216655116,544.0353393554688,29000,0.0,0.0
2013-02-18 00:00:00+09:00,529.1183421795184,547.5453491210938,526.4859126164363,547.5453491210938,6900,0.0,0.0
2013-02-19 00:00:00+09:00,544.912907409668,565.9723434448242,536.1381423950196,561.5849609375,17200,0.0,0.0
2013-02-20 00:00:00+09:00,555.4426313528985,575.624591101898,555.4426313528985,572.1146850585938,17200,0.0,0.0
2013-02-21 00:00:00+09:00,571.2372101539789,574.7471162071524,561.5849685077519,565.9723510742188,8600,0.0,0.0
2013-02-22 00:00:00+09:00,565.9724473657075,565.9724473657075,546.6679607888926,565.094970703125,8400,0.0,0.0
2013-02-25 00:00:00+09:00,571.2371917395452,571.2371917395452,557.1975679794335,569.4822387695312,7800,0.0,0.0
2013-02-26 00:00:00+09:00,560.707490417855,572.1146850585938,546.6678662446379,572.1146850585938,9300,0.0,0.0
2013-02-27 00:00:00+09:00,565.9723510742188,565.9723510742188,565.9723510742188,565.9723510742188,200,0.0,0.0
2013-02-28 00:00:00+09:00,565.9723160215207,568.6047453983649,565.9723160215207,566.8497924804688,3100,0.0,0.0
2013-03-01 00:00:00+09:00,569.4822037447416,574.7470623309796,569.4822037447416,570.3596801757812,10300,0.0,0.0
2013-03-04 00:00:00+09:00,570.3596693617446,584.3992919921875,569.4821929473419,584.3992919921875,6300,0.0,0.0
2013-03-05 00:00:00+09:00,584.399329592642,612.4785766601562,579.134470767483,612.4785766601562,13700,0.0,0.0
2013-03-06 00:00:00+09:00,612.4785830215669,623.00830078125,606.3362476617518,623.00830078125,13200,0.0,0.0
2013-03-07 00:00:00+09:00,640.557865402568,675.656926520517,639.6803888746193,657.2299194335938,10400,0.0,0.0
2013-03-08 00:00:00+09:00,658.1073746065739,675.6569045960825,653.7199921091967,673.0244750976562,10600,0.0,0.0
2013-03-11 00:00:00+09:00,673.0244310255175,675.6568603515625,661.6172372793222,675.6568603515625,10300,0.0,0.0
2013-03-12 00:00:00+09:00,681.7992400924105,681.7992400924105,621.2533616286057,673.0244750976562,9500,0.0,0.0
2013-03-13 00:00:00+09:00,666.8821411132812,666.8821411132812,653.7199935913086,666.8821411132812,2100,0.0,0.0
2013-03-14 00:00:00+09:00,645.8227080889745,666.8821442223107,645.8227080889745,654.5974731445312,2100,0.0,0.0
2013-03-15 00:00:00+09:00,654.5974535520041,664.2496948242188,642.312782841913,664.2496948242188,6600,0.0,0.0
2013-03-18 00:00:00+09:00,663.3722183449265,664.2496948242188,647.5776417176663,664.2496948242188,3300,0.0,0.0
2013-03-19 00:00:00+09:00,651.0875746400633,658.98486328125,643.1902859988766,658.98486328125,3500,0.0,0.0
2013-03-21 00:00:00+09:00,655.4749867509051,655.4749867509051,615.9885417659109,647.5776977539062,8900,0.0,0.0
2013-03-22 00:00:00+09:00,644.9452127805898,644.9452127805898,614.2335359815141,623.00830078125,7600,0.0,0.0
2013-03-25 00:00:00+09:00,619.4984280889927,628.273193359375,590.5417026967309,628.273193359375,17900,0.0,0.0
2013-03-26 00:00:00+09:00,601.9488086008367,613.3560017667419,601.9488086008367,604.5812377929688,4000,0.0,0.0
2013-03-27 00:00:00+09:00,616.1564119226792,617.9372108010684,605.4716186523438,605.4716186523438,1700,10.0,0.0
2013-03-28 00:00:00+09:00,578.7597316626715,587.6637275344049,560.0613403320312,560.0613403320312,15500,0.0,0.0
2013-03-29 00:00:00+09:00,568.9653449598792,569.8557445607553,541.3629573327175,542.2533569335938,15500,0.0,0.0
2013-04-01 00:00:00+09:00,540.472495059839,541.3628945574665,529.7877010883101,530.6781005859375,24900,0.0,0.0
2013-04-02 00:00:00+09:00,529.7878206508366,568.9654073880413,527.1166215551181,565.40380859375,17900,0.0,0.0
2013-04-03 00:00:00+09:00,560.9517124720982,654.4436645507812,553.8285161232461,654.4436645507812,22500,0.0,0.0
2013-04-04 00:00:00+09:00,614.3756513836004,636.6356387525714,578.7596715932467,635.7452392578125,9800,0.0,0.0
2013-04-05 00:00:00+09:00,635.745277815194,645.5396728515625,623.2796841325431,645.5396728515625,8800,0.0,0.0
2013-04-08 00:00:00+09:00,649.9916705953664,653.5532687904094,615.2660881936961,645.5396728515625,24600,0.0,0.0
2013-04-09 00:00:00+09:00,632.1837246659873,632.1837246659873,593.8965413411458,614.375732421875,15700,0.0,0.0
2013-04-10 00:00:00+09:00,614.3757238253742,632.1837158203125,599.2389306296766,632.1837158203125,5800,0.0,0.0
2013-04-11 00:00:00+09:00,632.183674735706,642.8684692382812,622.3892797750119,642.8684692382812,4800,0.0,0.0
2013-04-12 00:00:00+09:00,641.087646484375,641.087646484375,605.471666124132,641.087646484375,4100,0.0,0.0
2013-04-15 00:00:00+09:00,667.7997013596253,667.7997013596253,643.7589121106788,666.9093017578125,7600,0.0,0.0
2013-04-16 00:00:00+09:00,644.6492976008234,658.8956909179688,632.1837034483214,658.8956909179688,2400,0.0,0.0
2013-04-17 00:00:00+09:00,645.5397066418031,664.2380981445312,645.5397066418031,664.2380981445312,2500,0.0,0.0
2013-04-18 00:00:00+09:00,662.4572312446489,662.4572312446489,632.1836480963719,649.9916381835938,4100,0.0,0.0
2013-04-19 00:00:00+09:00,649.9916518030087,649.9916518030087,623.2796661124742,646.4300537109375,4700,0.0,0.0
2013-04-22 00:00:00+09:00,633.0740608656702,646.4300537109375,625.0604651585098,646.4300537109375,7800,0.0,0.0
2013-04-23 00:00:00+09:00,645.5396541879196,649.9916518030087,645.5396541879196,646.4300537109375,6400,0.0,0.0
2013-04-24 00:00:00+09:00,646.4300401661494,649.9916381835938,636.6356456181774,649.9916381835938,5300,0.0,0.0
2013-04-25 00:00:00+09:00,649.9916717612,657.1148681640625,638.4164776065485,657.1148681640625,2800,0.0,0.0
2013-04-26 00:00:00+09:00,658.0053100585938,658.0053100585938,648.2109143743656,658.0053100585938,6700,0.0,0.0
2013-04-30 00:00:00+09:00,657.1148194649418,685.6076029647767,645.5396261681339,674.0324096679688,8300,0.0,0.0
2013-05-01 00:00:00+09:00,674.0323540135433,680.2651498894942,667.7995581375925,676.7035522460938,6700,0.0,0.0
2013-05-02 00:00:00+09:00,674.0324607879597,681.1556572031561,668.6900634765625,668.6900634765625,8300,0.0,0.0
2013-05-07 00:00:00+09:00,669.5803569592928,676.7035522460938,667.7995581375925,676.7035522460938,5900,0.0,0.0
2013-05-08 00:00:00+09:00,675.8133030311734,681.1557006835938,666.9093069438062,681.1557006835938,8300,0.0,0.0
2013-05-09 00:00:00+09:00,681.1557195361517,700.7445114705246,667.7997250354427,691.8405151367188,7000,0.0,0.0
2013-05-10 00:00:00+09:00,700.744384765625,700.744384765625,686.4979932074929,700.744384765625,7200,0.0,0.0
2013-05-13 00:00:00+09:00,702.5251544454823,708.7579504925271,694.5115595278533,696.2923583984375,11800,0.0,0.0
2013-05-14 00:00:00+09:00,703.4156357311182,706.9772338867188,671.3612523307128,706.9772338867188,6500,0.0,0.0
2013-05-15 00:00:00+09:00,705.1964094852377,752.3875833523053,698.963612936757,725.6755981445312,24000,0.0,0.0
2013-05-16 00:00:00+09:00,592.1156616210938,592.1156616210938,592.1156616210938,592.1156616210938,45800,0.0,0.0
2013-05-17 00:00:00+09:00,544.0341524534588,564.5133431350129,534.2397569101068,562.7325439453125,69300,0.0,0.0
2013-05-20 00:00:00+09:00,560.9517261089306,564.5133243699398,547.5957326301466,563.6229248046875,15300,0.0,0.0
2013-05-21 00:00:00+09:00,569.8557019589553,603.6908842627681,569.8557019589553,596.5676879882812,14600,0.0,0.0
2013-05-22 00:00:00+09:00,601.019761369035,601.019761369035,574.3077719748557,593.0061645507812,4900,0.0,0.0
2013-05-23 00:00:00+09:00,577.8692605840336,581.4308584921015,553.8284747045745,566.2940673828125,8000,0.0,0.0
2013-05-24 00:00:00+09:00,553.8285084774619,553.8285084774619,533.3493192572342,541.3629150390625,12700,0.0,0.0
2013-05-27 00:00:00+09:00,541.3629418654174,541.3629418654174,522.66455078125,522.66455078125,8600,0.0,0.0
2013-05-28 00:00:00+09:00,517.3221622861665,517.3221622861665,480.815779061153,516.4317626953125,14200,0.0,0.0
2013-05-29 00:00:00+09:00,507.5277404785156,513.7605372914096,474.58295732464705,507.5277404785156,10800,0.0,0.0
2013-05-30 00:00:00+09:00,477.2541471539122,479.03494621045667,465.67895328637326,470.1309509277344,17200,0.0,0.0
2013-05-31 00:00:00+09:00,480.81574167017595,480.81574167017595,471.9117464540616,479.0349426269531,2200,0.0,0.0
2013-06-03 00:00:00+09:00,478.1445466821844,478.1445466821844,470.1309509277344,470.1309509277344,2100,0.0,0.0
2013-06-04 00:00:00+09:00,469.24055139946216,470.1309509277344,463.0077547015566,470.1309509277344,3600,0.0,0.0
2013-06-05 00:00:00+09:00,465.67895181896614,465.67895181896614,458.5557556152344,458.5557556152344,5700,0.0,0.0
2013-06-06 00:00:00+09:00,448.7613422439759,454.99413866403114,443.4189453125,443.4189453125,13500,0.0,0.0
2013-06-07 00:00:00+09:00,431.84377864915496,439.8573745416135,425.6109818439094,436.2957763671875,9300,0.0,0.0
2013-06-10 00:00:00+09:00,441.63818077131504,462.11737060546875,440.7477812133084,462.11737060546875,2200,0.0,0.0
2013-06-11 00:00:00+09:00,462.11737060546875,463.00777016347547,462.11737060546875,462.11737060546875,2800,0.0,0.0
2013-06-12 00:00:00+09:00,472.802165301549,472.802165301549,462.11737060546875,462.11737060546875,900,0.0,0.0
2013-06-13 00:00:00+09:00,470.13096862080494,470.13096862080494,457.6653747558594,457.6653747558594,2900,0.0,0.0
2013-06-14 00:00:00+09:00,453.213392805345,453.213392805345,449.65179443359375,449.65179443359375,900,0.0,0.0
2013-06-17 00:00:00+09:00,450.5421940265316,450.5421940265316,420.26860786664605,449.65179443359375,10600,0.0,0.0
2013-06-18 00:00:00+09:00,449.65177768242813,449.65177768242813,446.0901794433594,446.0901794433594,400,0.0,0.0
2013-06-19 00:00:00+09:00,446.0901794433594,446.0901794433594,445.1997798835922,446.0901794433594,700,0.0,0.0
2013-06-20 00:00:00+09:00,446.09019606184256,449.65179443359375,446.09019606184256,449.65179443359375,700,0.0,0.0
2013-06-21 00:00:00+09:00,448.761378122661,448.761378122661,446.0901794433594,446.0901794433594,800,0.0,0.0
2013-06-24 00:00:00+09:00,430.0630114280571,446.0902044005313,420.26861572265625,420.26861572265625,7300,0.0,0.0
2013-06-25 00:00:00+09:00,431.8437548698263,431.8437548698263,418.4877624511719,418.4877624511719,5700,0.0,0.0
2013-06-26 00:00:00+09:00,413.1453654837101,418.4877624511719,408.6933680108253,418.4877624511719,4800,0.0,0.0
2013-06-27 00:00:00+09:00,404.2414317141297,414.03582763671875,404.2414317141297,414.03582763671875,900,0.0,0.0
2013-06-28 00:00:00+09:00,408.6933780320346,408.6933780320346,406.9125789992153,407.802978515625,900,0.0,0.0
2013-07-01 00:00:00+09:00,409.5837925128814,415.81658935546875,407.8029934149993,415.81658935546875,8400,0.0,0.0
2013-07-02 00:00:00+09:00,415.81658935546875,415.81658935546875,414.03579025758665,415.81658935546875,2500,0.0,0.0
2013-07-03 00:00:00+09:00,415.8166201909383,427.3918151855469,415.8166201909383,427.3918151855469,1500,0.0,0.0
2013-07-04 00:00:00+09:00,426.5013919973972,426.5013919973972,425.6109924316406,425.6109924316406,5500,0.0,0.0
2013-07-05 00:00:00+09:00,425.61099935579705,429.17259767676603,423.8302001953125,423.8302001953125,6700,0.0,0.0
2013-07-08 00:00:00+09:00,431.8437669126046,438.07656354845665,422.9397717185303,435.4053649902344,13600,0.0,0.0
2013-07-09 00:00:00+09:00,439.85738736107237,448.7613830566406,429.1725925263904,448.7613830566406,6900,0.0,0.0
2013-07-10 00:00:00+09:00,463.00773171817553,485.2677188200109,457.66533481373506,484.3773193359375,8900,0.0,0.0
2013-07-11 00:00:00+09:00,506.6373971875172,506.6373971875172,480.81580752418154,504.8565979003906,9700,0.0,0.0
2013-07-12 00:00:00+09:00,489.7197035934395,504.85649443178215,480.81570898264965,503.9660949707031,3500,0.0,0.0
2013-07-16 00:00:00+09:00,503.9660949707031,503.9660949707031,503.9660949707031,503.9660949707031,0,0.0,0.0
2013-07-17 00:00:00+09:00,490.6101745605469,516.4317626953125,489.71977496969293,516.4317626953125,6200,0.0,0.0
2013-07-18 00:00:00+09:00,498.62376224446336,522.66455078125,495.0621639427172,522.66455078125,1700,0.0,0.0
2013-07-19 00:00:00+09:00,520.8837721381389,520.8837721381389,505.7469787597656,505.7469787597656,1100,0.0,0.0
2013-07-22 00:00:00+09:00,499.51409912109375,499.51409912109375,499.51409912109375,499.51409912109375,200,0.0,0.0
2013-07-23 00:00:00+09:00,490.6101211952952,503.0757141113281,480.81572676126933,503.0757141113281,3800,0.0,0.0
2013-07-24 00:00:00+09:00,503.0757141113281,503.0757141113281,503.0757141113281,503.0757141113281,0,0.0,0.0
2013-07-25 00:00:00+09:00,503.0757141113281,503.0757141113281,503.0757141113281,503.0757141113281,0,0.0,0.0
2013-07-26 00:00:00+09:00,503.0757141113281,503.0757141113281,503.0757141113281,503.0757141113281,0,0.0,0.0
2013-07-29 00:00:00+09:00,493.2813245738636,493.2813245738636,456.77494495738637,489.7197265625,2000,0.0,0.0
2013-07-30 00:00:00+09:00,489.7197265625,489.7197265625,489.7197265625,489.7197265625,0,0.0,0.0
2013-07-31 00:00:00+09:00,463.0077959400739,463.0077959400739,458.55579790218854,459.4461975097656,1300,0.0,0.0
2013-08-01 00:00:00+09:00,459.4461216517857,467.459716796875,458.55572219122024,467.459716796875,700,0.0,0.0
2013-08-02 00:00:00+09:00,474.5829531143272,488.829345703125,474.5829531143272,488.829345703125,1600,0.0,0.0
2013-08-05 00:00:00+09:00,454.103757987902,467.4597508698991,454.103757987902,458.5557556152344,3200,0.0,0.0
2013-08-06 00:00:00+09:00,454.10380939234085,476.3638000488281,449.6518112610434,476.3638000488281,5500,0.0,0.0
2013-08-07 00:00:00+09:00,450.5422108873029,476.3638000488281,450.5422108873029,476.3638000488281,5200,0.0,0.0
2013-08-08 00:00:00+09:00,458.55576623268206,458.55576623268206,447.8709716796875,447.8709716796875,700,0.0,0.0
2013-08-09 00:00:00+09:00,447.8709716796875,447.8709716796875,447.8709716796875,447.8709716796875,0,0.0,0.0
2013-08-12 00:00:00+09:00,519.1029242657601,519.1029242657601,502.1853332519531,502.1853332519531,5700,0.0,0.0
2013-08-13 00:00:00+09:00,502.1853897147893,511.0893859863281,502.1853897147893,511.0893859863281,5000,0.0,0.0
2013-08-14 00:00:00+09:00,512.8701275764628,513.7605271035052,501.29493372491066,502.1853332519531,2900,0.0,0.0
2013-08-15 00:00:00+09:00,492.3908625972163,494.1716613769531,492.3908625972163,494.1716613769531,3500,0.0,0.0
2013-08-16 00:00:00+09:00,480.81574670929126,494.17173967343825,476.3637490545756,481.7061462402344,9700,0.0,0.0
2013-08-19 00:00:00+09:00,477.25417111954596,477.25417111954596,471.9117736816406,471.9117736816406,2200,0.0,0.0
2013-08-20 00:00:00+09:00,474.5829605073695,474.5829605073695,471.0213623046875,471.0213623046875,2800,0.0,0.0
2013-08-21 00:00:00+09:00,470.1309151785714,470.1309151785714,459.4461216517857,467.459716796875,7100,0.0,0.0
2013-08-22 00:00:00+09:00,471.9117581114477,489.7197489835778,471.9117581114477,479.92535400390625,3100,0.0,0.0
2013-08-23 00:00:00+09:00,487.93893093532984,496.8429260253906,487.93893093532984,496.8429260253906,700,0.0,0.0
2013-08-26 00:00:00+09:00,487.93892271328815,503.0757141113281,487.93892271328815,503.0757141113281,4100,0.0,0.0
2013-08-27 00:00:00+09:00,499.5141177586147,499.5141177586147,498.62371826171875,498.62371826171875,1500,0.0,0.0
2013-08-28 00:00:00+09:00,503.07565527563696,503.07565527563696,494.1716613769531,494.1716613769531,4400,0.0,0.0
2013-08-29 00:00:00+09:00,498.62371826171875,498.62371826171875,490.6101227896554,498.62371826171875,2300,0.0,0.0
2013-08-30 00:00:00+09:00,498.62376750475175,498.62376750475175,487.9389724867928,497.7333679199219,3500,0.0,0.0
2013-09-02 00:00:00+09:00,506.63736927861754,511.9797668457031,506.63736927861754,511.9797668457031,2100,0.0,0.0
2013-09-03 00:00:00+09:00,516.4317626953125,516.4317626953125,503.0757688325027,516.4317626953125,7700,0.0,0.0
2013-09-04 00:00:00+09:00,507.5277115813399,507.5277115813399,503.0757141113281,503.0757141113281,5100,0.0,0.0
2013-09-05 00:00:00+09:00,517.3221726760365,547.5957593730851,516.4317730672998,544.924560546875,17900,0.0,0.0
2013-09-06 00:00:00+09:00,535.1301183198627,541.3629150390625,516.4317281622635,541.3629150390625,4800,0.0,0.0
2013-09-09 00:00:00+09:00,550.2669277759309,630.402888131649,550.2669277759309,627.731689453125,35700,0.0,0.0
2013-09-10 00:00:00+09:00,632.1836590615047,711.429216324144,632.1836590615047,698.963623046875,41500,0.0,0.0
2013-09-11 00:00:00+09:00,698.9637268148114,698.9637268148114,630.4029536113203,665.1285400390625,28600,0.0,0.0
2013-09-12 00:00:00+09:00,632.1836684445822,646.4300609729107,627.7316707794795,628.6220703125,15700,0.0,0.0
2013-09-13 00:00:00+09:00,628.6220465573397,641.0876395485618,605.4716595736417,626.8412475585938,13700,0.0,0.0
2013-09-17 00:00:00+09:00,643.7588623738491,645.5396614398902,627.7316707794795,628.6220703125,7800,0.0,0.0
2013-09-18 00:00:00+09:00,607.2525073420392,618.827701763515,607.2525073420392,609.9237060546875,12500,0.0,0.0
2013-09-19 00:00:00+09:00,611.7044611195375,694.5116152448899,611.7044611195375,661.5668334960938,26700,0.0,0.0
2013-09-20 00:00:00+09:00,674.9228833997571,674.9228833997571,649.9916950947529,658.8956909179688,5800,0.0,0.0
2013-09-24 00:00:00+09:00,659.7860327315657,659.7860327315657,627.7316505745665,649.9916381835938,5100,0.0,0.0
2013-09-25 00:00:00+09:00,641.9780854255922,641.9780854255922,607.2525024414062,607.2525024414062,18300,0.0,0.0
2013-09-26 00:00:00+09:00,607.2525906808036,632.1837820870536,607.2525906808036,623.27978515625,4700,0.0,0.0
2013-09-27 00:00:00+09:00,640.1972469753689,649.9916415744357,639.3068474663628,641.087646484375,9700,0.0,0.0
2013-09-30 00:00:00+09:00,641.0876151842948,641.0876151842948,616.1564301493501,625.0604248046875,3800,0.0,0.0
2013-10-01 00:00:00+09:00,641.9781787109375,641.9781787109375,617.0469873046875,623.27978515625,4100,0.0,0.0
2013-10-02 00:00:00+09:00,617.9373162671508,617.9373162671508,606.3621215820312,606.3621215820312,5100,0.0,0.0
2013-10-03 00:00:00+09:00,608.1429020051033,609.0333015688004,607.2525024414062,607.2525024414062,400,0.0,0.0
2013-10-04 00:00:00+09:00,609.0333015688004,618.8276967694683,607.2525024414062,607.2525024414062,2800,0.0,0.0
2013-10-07 00:00:00+09:00,605.4716186523438,614.3756130442899,605.4716186523438,605.4716186523438,7200,0.0,0.0
2013-10-08 00:00:00+09:00,596.5676590768915,596.5676590768915,592.1156616210938,592.1156616210938,4700,0.0,0.0
2013-10-09 00:00:00+09:00,594.7869262695312,594.7869262695312,594.7869262695312,594.7869262695312,100,0.0,0.0
2013-10-10 00:00:00+09:00,596.5677724565778,599.2389714377267,595.677372796195,598.3485717773438,600,0.0,0.0
2013-10-11 00:00:00+09:00,601.9099731445312,601.9099731445312,601.9099731445312,601.9099731445312,100,0.0,0.0
2013-10-15 00:00:00+09:00,601.9100765526911,602.8004760742188,601.9100765526911,602.8004760742188,400,0.0,0.0
2013-10-16 00:00:00+09:00,605.4717014493384,639.306884765625,602.8005027664738,639.306884765625,4200,0.0,0.0
2013-10-17 00:00:00+09:00,616.1564853280623,666.0188598632812,616.1564853280623,666.0188598632812,2400,0.0,0.0
2013-10-18 00:00:00+09:00,640.1972682466443,663.34765625,639.3068687080537,663.34765625,4200,0.0,0.0
2013-10-21 00:00:00+09:00,663.3475610833418,679.374750478644,645.5395728663394,676.7035522460938,3600,0.0,0.0
2013-10-22 00:00:00+09:00,665.1284879942198,665.1284879942198,645.539697183145,658.8956909179688,3600,0.0,0.0
2013-10-23 00:00:00+09:00,645.5397338009952,647.3205330666532,633.9645385742188,633.9645385742188,3200,0.0,0.0
2013-10-24 00:00:00+09:00,633.9644824901661,645.5396766929359,633.9644824901661,636.6356811523438,5200,0.0,0.0
2013-10-25 00:00:00+09:00,633.9644402682949,649.9916311739539,633.9644402682949,635.7452392578125,4100,0.0,0.0
2013-10-28 00:00:00+09:00,635.7452461138163,649.9916381835938,635.7452461138163,649.9916381835938,4400,0.0,0.0
2013-10-29 00:00:00+09:00,649.9916381835938,649.9916381835938,649.9916381835938,649.9916381835938,0,0.0,0.0
2013-10-30 00:00:00+09:00,641.0876713966836,654.4436645507812,641.0876713966836,654.4436645507812,3900,0.0,0.0
2013-10-31 00:00:00+09:00,654.4436374423001,661.5668334960938,649.991639908679,661.5668334960938,8700,0.0,0.0
2013-11-01 00:00:00+09:00,661.5668621369224,666.0188598632812,645.5396703220306,666.0188598632812,13800,0.0,0.0
2013-11-05 00:00:00+09:00,658.895658557047,663.34765625,643.7588664010067,663.34765625,2300,0.0,0.0
2013-11-06 00:00:00+09:00,663.3476588551591,730.1276245117188,663.3476588551591,730.1276245117188,22700,0.0,0.0
2013-11-07 00:00:00+09:00,703.4156221853461,710.538818359375,679.3748350979988,710.538818359375,21400,0.0,0.0
2013-11-08 00:00:00+09:00,709.6484985351562,709.6484985351562,677.5941121521379,709.6484985351562,4300,0.0,0.0
2013-11-11 00:00:00+09:00,709.648378650053,721.2235717773438,709.648378650053,721.2235717773438,15300,0.0,0.0
2013-11-12 00:00:00+09:00,722.114000116828,730.1275956791602,721.2236006099022,725.6755981445312,15600,0.0,0.0
2013-11-13 00:00:00+09:00,712.3196791191431,732.7988698938184,708.7580807235473,722.1140747070312,14300,0.0,0.0
2013-11-14 00:00:00+09:00,668.6901339459163,682.0461286319199,633.9645477623068,662.4573364257812,58700,0.0,0.0
2013-11-15 00:00:00+09:00,635.745277815194,645.5396728515625,617.9372868399785,645.5396728515625,33200,0.0,0.0
2013-11-18 00:00:00+09:00,645.5396915667624,645.5396915667624,632.1836979481398,644.6492919921875,11600,0.0,0.0
2013-11-19 00:00:00+09:00,636.6357138190472,641.0877118177817,632.1837158203125,632.1837158203125,3700,0.0,0.0
2013-11-20 00:00:00+09:00,624.1700558132595,641.087646484375,624.1700558132595,641.087646484375,7100,0.0,0.0
2013-11-21 00:00:00+09:00,629.5124698455205,632.1836684445822,627.7316707794795,628.6220703125,7300,0.0,0.0
2013-11-22 00:00:00+09:00,628.6220465573397,628.6220465573397,617.9372525648637,626.8412475585938,11500,0.0,0.0
2013-11-25 00:00:00+09:00,619.7181125784518,638.41650390625,619.7181125784518,638.41650390625,3300,0.0,0.0
2013-11-26 00:00:00+09:00,625.9509842354911,633.9645814732143,623.27978515625,623.27978515625,2700,0.0,0.0
2013-11-27 00:00:00+09:00,616.1564653554858,617.0468648718954,609.9236687406182,611.7044677734375,10800,0.0,0.0
2013-11-28 00:00:00+09:00,607.2525906808036,623.27978515625,607.2525906808036,623.27978515625,2800,0.0,0.0
2013-11-29 00:00:00+09:00,611.7045060734353,621.4989013671875,601.0197112075238,621.4989013671875,5300,0.0,0.0
2013-12-02 00:00:00+09:00,606.3620309461339,622.3892211914062,600.1292347396392,622.3892211914062,10200,0.0,0.0
2013-12-03 00:00:00+09:00,621.4989013671875,621.4989013671875,621.4989013671875,621.4989013671875,300,0.0,0.0
2013-12-04 00:00:00+09:00,587.6636826848409,601.0196754731328,587.6636826848409,591.2252807617188,13900,0.0,0.0
2013-12-05 00:00:00+09:00,591.2253605769231,591.2253605769231,584.1021634615385,590.3349609375,5200,0.0,0.0
2013-12-06 00:00:00+09:00,584.1021305462787,584.1021305462787,583.2117309570312,583.2117309570312,1000,0.0,0.0
2013-12-09 00:00:00+09:00,603.69091796875,603.69091796875,603.69091796875,603.69091796875,200,0.0,0.0
2013-12-10 00:00:00+09:00,602.8005135091146,602.8005135091146,601.0197143554688,601.0197143554688,1900,0.0,0.0
2013-12-11 00:00:00+09:00,587.6637478049742,587.6637478049742,581.4309504797699,582.3213500976562,1800,0.0,0.0
2013-12-12 00:00:00+09:00,582.3213546468604,582.3213546468604,573.4173583984375,573.4173583984375,4100,0.0,0.0
2013-12-13 00:00:00+09:00,561.8421443504624,572.5269394886645,561.8421443504624,562.7325439453125,3200,0.0,0.0
2013-12-16 00:00:00+09:00,563.6229435401627,563.6229435401627,551.1573492122602,562.7325439453125,6700,0.0,0.0
2013-12-17 00:00:00+09:00,540.472520494227,544.924518191873,520.8837306245845,544.0341186523438,19200,0.0,0.0
2013-12-18 00:00:00+09:00,526.2261539782509,529.787752313129,521.7741560596531,525.3357543945312,8900,0.0,0.0
2013-12-19 00:00:00+09:00,532.4589420491128,532.4589420491128,521.7741472253847,531.5685424804688,8000,0.0,0.0
2013-12-20 00:00:00+09:00,531.5685942209311,531.5685942209311,525.3357966337511,526.2261962890625,2400,0.0,0.0
2013-12-24 00:00:00+09:00,525.3357068995973,525.3357068995973,521.7741088867188,521.7741088867188,4600,0.0,0.0
2013-12-25 00:00:00+09:00,534.23974609375,534.23974609375,511.9797566731771,534.23974609375,13500,0.0,0.0
2013-12-26 00:00:00+09:00,531.5685395271547,552.0477294921875,531.5685395271547,552.0477294921875,1800,0.0,0.0
2013-12-27 00:00:00+09:00,547.5956997070313,556.4996948242188,534.23970703125,556.4996948242188,4000,0.0,0.0
2013-12-30 00:00:00+09:00,547.5957601421679,568.074951171875,547.5957601421679,568.074951171875,8400,0.0,0.0
2014-01-06 00:00:00+09:00,576.9788446514423,578.7596435546875,569.8556490384615,578.7596435546875,1100,0.0,0.0
2014-01-07 00:00:00+09:00,589.4445612980769,590.3349609375,578.759765625,590.3349609375,2200,0.0,0.0
2014-01-08 00:00:00+09:00,572.5268473933294,578.7596435546875,567.1844506835937,578.7596435546875,4700,0.0,0.0
2014-01-09 00:00:00+09:00,569.8557236342945,586.7733154296875,568.9653240661158,586.7733154296875,900,0.0,0.0
2014-01-10 00:00:00+09:00,586.7732646741365,592.1156616210938,586.7732646741365,592.1156616210938,3600,0.0,0.0
2014-01-14 00:00:00+09:00,576.0885022712476,587.6636962890625,576.0885022712476,587.6636962890625,800,0.0,0.0
2014-01-15 00:00:00+09:00,578.7597609082183,588.5541568620496,575.1981623795523,576.0885620117188,2600,0.0,0.0
2014-01-16 00:00:00+09:00,574.3077484417859,580.5405457116967,568.074951171875,568.074951171875,14900,0.0,0.0
2014-01-17 00:00:00+09:00,568.074951171875,568.074951171875,568.074951171875,568.074951171875,0,0.0,0.0
2014-01-20 00:00:00+09:00,568.074951171875,568.074951171875,568.074951171875,568.074951171875,0,0.0,0.0
2014-01-21 00:00:00+09:00,574.3076833089192,576.9788818359375,574.3076833089192,576.9788818359375,2000,0.0,0.0
2014-01-22 00:00:00+09:00,574.3077392578125,574.3077392578125,569.8557412790698,574.3077392578125,2700,0.0,0.0
2014-01-23 00:00:00+09:00,576.9788818359375,576.9788818359375,576.9788818359375,576.9788818359375,100,0.0,0.0
2014-01-24 00:00:00+09:00,576.9788818359375,576.9788818359375,576.9788818359375,576.9788818359375,0,0.0,0.0
2014-01-27 00:00:00+09:00,562.7325242565524,562.7325242565524,547.5957316737022,552.0477294921875,2500,0.0,0.0
2014-01-28 00:00:00+09:00,552.0477674022225,576.0885572729644,552.0477674022225,573.4173583984375,1200,0.0,0.0
2014-01-29 00:00:00+09:00,571.636484781901,576.9788818359375,569.8556857638889,576.9788818359375,2200,0.0,0.0
2014-01-30 00:00:00+09:00,550.2669016768292,550.2669016768292,547.595703125,547.595703125,1800,0.0,0.0
2014-01-31 00:00:00+09:00,544.0341114944966,561.8421020507812,544.0341114944966,561.8421020507812,400,0.0,0.0
2014-02-03 00:00:00+09:00,568.074955642603,568.074955642603,559.1709594726562,559.1709594726562,400,0.0,0.0
2014-02-04 00:00:00+09:00,520.8837306245845,544.0341186523438,516.4317329269384,544.0341186523438,4700,0.0,0.0
2014-02-05 00:00:00+09:00,560.9516870283836,560.9516870283836,521.7741088867188,521.7741088867188,7300,0.0,0.0
2014-02-06 00:00:00+09:00,496.84300110832095,505.7469975439539,465.67901358360547,504.8565979003906,22500,0.0,0.0
2014-02-07 00:00:00+09:00,506.63739024159014,525.3357825000671,506.63739024159014,518.2125854492188,2100,0.0,0.0
2014-02-10 00:00:00+09:00,538.6917961968317,541.3629951862374,528.8973999023438,528.8973999023438,4300,0.0,0.0
2014-02-12 00:00:00+09:00,528.8973437745368,534.2397411864008,528.8973437745368,531.5685424804688,2500,0.0,0.0
2014-02-13 00:00:00+09:00,528.0070261655633,528.0070261655633,495.95263671875,495.95263671875,3500,0.0,0.0
2014-02-14 00:00:00+09:00,480.8157981801256,480.8157981801256,450.5422108873029,476.3638000488281,26800,0.0,0.0
2014-02-17 00:00:00+09:00,453.2133590921231,453.2133590921231,391.77579174957594,426.5013732910156,59600,0.0,0.0
2014-02-18 00:00:00+09:00,427.39179057459677,442.5285831574471,418.487794937626,441.63818359375,12500,0.0,0.0
2014-02-19 00:00:00+09:00,434.5150064479366,464.7885929627519,432.7342072411828,463.898193359375,6300,0.0,0.0
2014-02-20 00:00:00+09:00,481.7061731778658,481.7061731778658,463.0077819824219,463.0077819824219,4800,0.0,0.0
2014-02-21 00:00:00+09:00,471.02139982914787,471.02139982914787,445.19981080259726,469.2406005859375,3000,0.0,0.0
2014-02-24 00:00:00+09:00,475.47337748614916,475.47337748614916,445.19979165369773,446.9805908203125,4800,0.0,0.0
2014-02-25 00:00:00+09:00,443.41893859863285,458.555729675293,441.6381396484375,445.1997375488281,4800,0.0,0.0
2014-02-26 00:00:00+09:00,440.74781198970607,441.6382116098873,434.5150146484375,434.5150146484375,7800,0.0,0.0
2014-02-27 00:00:00+09:00,438.0765773497906,438.0765773497906,430.9533809701192,431.8437805175781,6000,0.0,0.0
2014-02-28 00:00:00+09:00,436.2957852128623,436.2957852128623,430.06298828125,430.06298828125,1200,0.0,0.0
2014-03-03 00:00:00+09:00,437.18617853005384,437.18617853005384,396.2277992787657,415.81658935546875,14400,0.0,0.0
2014-03-04 00:00:00+09:00,415.81660741001826,415.81660741001826,400.6798144207885,403.35101318359375,11900,0.0,0.0
2014-03-05 00:00:00+09:00,413.1453654837101,418.4877624511719,413.1453654837101,418.4877624511719,1100,0.0,0.0
2014-03-06 00:00:00+09:00,416.7070035533745,424.7205997755548,416.7070035533745,423.8302001953125,3300,0.0,0.0
2014-03-07 00:00:00+09:00,419.3781433105469,419.3781433105469,417.5973444005233,419.3781433105469,1800,0.0,0.0
2014-03-10 00:00:00+09:00,421.15898970754523,423.8301883737665,421.15898970754523,422.9397888183594,900,0.0,0.0
2014-03-11 00:00:00+09:00,424.7206163406372,427.3918151855469,424.7206163406372,427.3918151855469,2000,0.0,0.0
2014-03-12 00:00:00+09:00,427.3917573969415,427.3917573969415,418.4877624511719,418.4877624511719,5400,0.0,0.0
2014-03-13 00:00:00+09:00,414.92620849609375,418.48780685228337,414.92620849609375,414.92620849609375,1600,0.0,0.0
2014-03-14 00:00:00+09:00,413.1454326923077,416.70703125,405.1318359375,405.1318359375,4500,0.0,0.0
2014-03-17 00:00:00+09:00,398.00861869098475,398.8990182853717,366.84463288744007,371.296630859375,34400,0.0,0.0
2014-03-18 00:00:00+09:00,378.4198165217758,381.9814147949219,378.4198165217758,381.9814147949219,2100,0.0,0.0
2014-03-19 00:00:00+09:00,388.2142237463663,388.2142237463663,382.871826171875,382.871826171875,2700,0.0,0.0
2014-03-20 00:00:00+09:00,380.20062255859375,380.20062255859375,378.41982338970104,380.20062255859375,500,0.0,0.0
2014-03-24 00:00:00+09:00,381.09098812276255,381.09098812276255,372.1869930731653,373.077392578125,3500,0.0,0.0
2014-03-25 00:00:00+09:00,378.41978960788333,378.41978960788333,372.1869930731653,373.077392578125,1800,0.0,0.0
2014-03-26 00:00:00+09:00,369.51580628894624,373.9678039550781,369.51580628894624,373.9678039550781,900,0.0,0.0
2014-03-27 00:00:00+09:00,372.1568243844169,380.3062438964844,372.1568243844169,380.3062438964844,800,7.0,0.0
2014-03-28 00:00:00+09:00,382.11720225732654,385.7391662597656,382.11720225732654,385.7391662597656,1500,0.0,0.0
2014-03-31 00:00:00+09:00,400.2270792643229,421.95886637369796,400.2270792643229,407.47100830078125,2500,0.0,0.0
2014-04-01 00:00:00+09:00,407.4709881793012,416.52589902773013,407.4709881793012,411.9984436035156,1400,0.0,0.0
2014-04-02 00:00:00+09:00,411.9984436035156,414.7149168580443,407.4709881793012,411.9984436035156,2600,0.0,0.0
2014-04-03 00:00:00+09:00,411.99846394856775,425.5808308919271,407.47100830078125,407.47100830078125,3200,0.0,0.0
2014-04-04 00:00:00+09:00,405.6600260416667,407.47100830078125,400.2270792643229,407.47100830078125,2500,0.0,0.0
2014-04-07 00:00:00+09:00,402.0380554199219,402.94354653573254,402.0380554199219,402.0380554199219,700,0.0,0.0
2014-04-08 00:00:00+09:00,396.6051106584182,396.6051106584182,394.79412841796875,394.79412841796875,400,0.0,0.0
2014-04-09 00:00:00+09:00,387.55017490074283,388.45566596359504,383.0227195864818,386.6446838378906,2200,0.0,0.0
2014-04-10 00:00:00+09:00,386.6446651962568,388.4556472346468,383.9281921386719,383.9281921386719,3400,0.0,0.0
2014-04-11 00:00:00+09:00,383.02273743411143,383.02273743411143,373.06233527861446,375.77880859375,2100,0.0,0.0
2014-04-14 00:00:00+09:00,373.06231840530245,373.06231840530245,361.2909345721254,365.8183898925781,5700,0.0,0.0
2014-04-15 00:00:00+09:00,371.2513508516199,371.2513508516199,369.44036865234375,369.44036865234375,300,0.0,0.0
2014-04-16 00:00:00+09:00,371.2513322241512,371.2513322241512,364.9128948447145,366.723876953125,3100,0.0,0.0
2014-04-17 00:00:00+09:00,365.81838589891976,366.723876953125,365.81838589891976,366.723876953125,3200,0.0,0.0
2014-04-18 00:00:00+09:00,366.723876953125,366.723876953125,366.723876953125,366.723876953125,0,0.0,0.0
2014-04-21 00:00:00+09:00,359.4799579861798,363.1019222983831,353.141520439824,357.6689758300781,6700,0.0,0.0
2014-04-22 00:00:00+09:00,369.44037048339845,370.3458615875244,360.38545944213865,362.1964416503906,2600,0.0,0.0
2014-04-23 00:00:00+09:00,357.6689471733279,371.2513122558594,355.85796516232375,371.2513122558594,2700,0.0,0.0
2014-04-24 00:00:00+09:00,371.2513508516199,371.2513508516199,369.44036865234375,369.44036865234375,400,0.0,0.0
2014-04-25 00:00:00+09:00,365.8183662228468,371.2513122558594,359.47992918433215,371.2513122558594,1900,0.0,0.0
2014-04-28 00:00:00+09:00,360.3854410089834,363.10191418241794,359.4799499511719,359.4799499511719,1400,0.0,0.0
2014-04-30 00:00:00+09:00,359.4799499511719,359.4799499511719,359.4799499511719,359.4799499511719,0,0.0,0.0
2014-05-01 00:00:00+09:00,359.4799499511719,359.4799499511719,359.4799499511719,359.4799499511719,0,0.0,0.0
2014-05-02 00:00:00+09:00,360.3854212215291,364.00738525390625,360.3854212215291,364.00738525390625,500,0.0,0.0
2014-05-07 00:00:00+09:00,370.3458461715953,383.0227211016744,370.3458461715953,379.4007568359375,1200,0.0,0.0
2014-05-08 00:00:00+09:00,379.4007726287842,379.4007726287842,362.1964416503906,362.1964416503906,1600,0.0,0.0
2014-05-09 00:00:00+09:00,369.4403302448552,371.2513122558594,369.4403302448552,371.2513122558594,700,0.0,0.0
2014-05-12 00:00:00+09:00,372.15680326136146,372.15680326136146,371.2513122558594,371.2513122558594,4000,0.0,0.0
2014-05-13 00:00:00+09:00,377.5897904205322,377.5897904205322,362.1964416503906,362.1964416503906,1600,0.0,0.0
2014-05-14 00:00:00+09:00,362.1964416503906,362.1964416503906,362.1964416503906,362.1964416503906,400,0.0,0.0
2014-05-15 00:00:00+09:00,363.1018932063405,371.2513122558594,358.57443817883,371.2513122558594,1600,0.0,0.0
2014-05-16 00:00:00+09:00,308.77246267874324,316.01639142193955,299.7175517497478,301.5285339355469,69500,0.0,0.0
2014-05-19 00:00:00+09:00,279.79674248946344,282.51321571751646,271.64732280530427,275.269287109375,33900,0.0,0.0
2014-05-20 00:00:00+09:00,277.0802454794607,280.70220947265625,271.6472994896673,280.70220947265625,6900,0.0,0.0
2014-05-21 00:00:00+09:00,277.08026926141036,277.9857603374281,275.269287109375,275.269287109375,2500,0.0,0.0
2014-05-22 00:00:00+09:00,280.70223196958887,282.5132141113281,273.4583034026317,282.5132141113281,4200,0.0,0.0
2014-05-23 00:00:00+09:00,287.04062315705534,292.4735687057693,278.8912048339844,278.8912048339844,4100,0.0,0.0
2014-05-26 00:00:00+09:00,280.7022422044435,287.0406799316406,280.7022422044435,287.0406799316406,1600,0.0,0.0
2014-05-27 00:00:00+09:00,284.32422466278075,289.7571716308594,284.32422466278075,289.7571716308594,1600,0.0,0.0
2014-05-28 00:00:00+09:00,293.37908935546875,294.284580371998,290.6626163058811,293.37908935546875,1000,0.0,0.0
2014-05-29 00:00:00+09:00,297.001074511134,315.11089612766654,297.001074511134,302.43402099609375,3500,0.0,0.0
2014-05-30 00:00:00+09:00,307.86694887667727,344.0865899209922,307.86694887667727,320.5438232421875,8900,0.0,0.0
2014-06-02 00:00:00+09:00,318.73285714285714,325.07129464285714,307.8669642857143,316.921875,4600,0.0,0.0
2014-06-03 00:00:00+09:00,333.220693496919,333.220693496919,321.4493103027344,321.4493103027344,9100,0.0,0.0
2014-06-04 00:00:00+09:00,321.44933443697954,321.44933443697954,316.0163879394531,316.0163879394531,3000,0.0,0.0
2014-06-05 00:00:00+09:00,340.4646423785356,388.4556690967866,339.5591513083799,372.1568298339844,102700,0.0,0.0
2014-06-06 00:00:00+09:00,350.425007365761,351.3304983408663,339.5591156644971,345.8975524902344,53800,0.0,0.0
2014-06-09 00:00:00+09:00,345.89759739692965,353.1415261382266,345.89759739692965,349.5195617675781,12800,0.0,0.0
2014-06-10 00:00:00+09:00,350.4250408260865,353.1415140107849,350.4250408260865,352.23602294921875,5400,0.0,0.0
2014-06-11 00:00:00+09:00,352.23602294921875,353.1415140107849,349.5195497645204,352.23602294921875,5100,0.0,0.0
2014-06-12 00:00:00+09:00,348.6140254155504,351.3304983408663,344.9920615151291,345.8975524902344,5600,0.0,0.0
2014-06-13 00:00:00+09:00,338.6536520182292,345.89758040364586,324.16579524739586,339.55914306640625,8300,0.0,0.0
2014-06-16 00:00:00+09:00,346.8030442834538,346.8030442834538,327.7877337613845,338.65362548828125,8100,0.0,0.0
2014-06-17 00:00:00+09:00,338.6536721719278,338.6536721719278,335.0317077636719,335.0317077636719,1500,0.0,0.0
2014-06-18 00:00:00+09:00,332.31518164924955,340.4646002728006,328.69321781656015,333.2206726074219,2600,0.0,0.0
2014-06-19 00:00:00+09:00,331.4097103402634,338.65363843513256,328.6932373046875,328.6932373046875,2600,0.0,0.0
2014-06-20 00:00:00+09:00,335.03168922029334,335.03168922029334,332.3152160644531,332.3152160644531,900,0.0,0.0
2014-06-23 00:00:00+09:00,335.03166157931565,340.464607442764,334.1261706020743,338.65362548828125,5600,0.0,0.0
2014-06-24 00:00:00+09:00,341.3701103601173,341.3701103601173,335.9371643066406,335.9371643066406,700,0.0,0.0
2014-06-25 00:00:00+09:00,335.93719886573587,340.46465437605576,335.0317077636719,335.0317077636719,400,0.0,0.0
2014-06-26 00:00:00+09:00,335.0317077636719,335.0317077636719,335.0317077636719,335.0317077636719,1400,0.0,0.0
2014-06-27 00:00:00+09:00,335.0317077636719,335.0317077636719,330.504252253352,335.0317077636719,900,0.0,0.0
2014-06-30 00:00:00+09:00,329.59872831654616,332.3152013521221,326.8822552809702,328.6932373046875,1700,0.0,0.0
2014-07-01 00:00:00+09:00,330.5042505011988,344.0866169601521,329.5987594039352,342.275634765625,1200,0.0,0.0
2014-07-02 00:00:00+09:00,340.4646143863076,344.0865783691406,336.8426504034745,344.0865783691406,600,0.0,0.0
2014-07-03 00:00:00+09:00,341.37013409801364,351.3305358886719,327.7877680198433,351.3305358886719,4000,0.0,0.0
2014-07-04 00:00:00+09:00,344.0866169601521,344.0866169601521,342.275634765625,342.275634765625,1700,0.0,0.0
2014-07-07 00:00:00+09:00,342.27562275083045,344.9920959472656,342.27562275083045,344.9920959472656,1900,0.0,0.0
2014-07-08 00:00:00+09:00,344.99209054800184,353.1415100097656,344.99209054800184,353.1415100097656,2600,0.0,0.0
2014-07-09 00:00:00+09:00,349.5195458045373,354.95249211237984,345.8975815993089,353.1415100097656,4100,0.0,0.0
2014-07-10 00:00:00+09:00,353.1415100097656,357.6689652663011,353.1415100097656,353.1415100097656,3000,0.0,0.0
2014-07-11 00:00:00+09:00,353.1415261382266,353.1415261382266,348.614070674916,349.5195617675781,2300,0.0,0.0
2014-07-14 00:00:00+09:00,348.6140441894531,348.6140441894531,348.6140441894531,348.6140441894531,100,0.0,0.0
2014-07-15 00:00:00+09:00,359.4799596505572,359.4799596505572,350.425048828125,350.425048828125,600,0.0,0.0
2014-07-16 00:00:00+09:00,349.51956401951134,355.8580017089844,349.51956401951134,355.8580017089844,800,0.0,0.0
2014-07-17 00:00:00+09:00,355.8579831636869,357.6689652663011,353.1415100097656,353.1415100097656,4400,0.0,0.0
2014-07-18 00:00:00+09:00,351.33049043019616,351.33049043019616,346.80303565661114,347.7085266113281,2400,0.0,0.0
2014-07-22 00:00:00+09:00,352.2360434472412,361.29095458984375,344.9921145331591,361.29095458984375,3700,0.0,0.0
2014-07-23 00:00:00+09:00,358.57447154597725,370.3458557128906,357.6689804562147,370.3458557128906,6300,0.0,0.0
2014-07-24 00:00:00+09:00,374.8732797796076,442.78510582663796,374.8732797796076,398.4160461425781,93900,0.0,0.0
2014-07-25 00:00:00+09:00,383.92819610667846,392.98310639221336,380.3062319924645,383.022705078125,17700,0.0,0.0
2014-07-28 00:00:00+09:00,383.0227260155014,383.0227260155014,355.85799367397647,357.6689758300781,14100,0.0,0.0
2014-07-29 00:00:00+09:00,364.9128922505595,364.9128922505595,360.38543701171875,360.38543701171875,3700,0.0,0.0
2014-07-30 00:00:00+09:00,364.00741175800636,364.91290283203125,361.29093853593173,364.91290283203125,400,0.0,0.0
2014-07-31 00:00:00+09:00,363.10193462761083,363.10193462761083,344.08662134287306,354.9525146484375,12000,0.0,0.0
2014-08-01 00:00:00+09:00,347.7085266113281,354.04696329434717,344.08656279246014,347.7085266113281,9700,0.0,0.0
2014-08-04 00:00:00+09:00,348.6140441894531,350.42502623719054,348.6140441894531,348.6140441894531,2600,0.0,0.0
2014-08-05 00:00:00+09:00,363.1019115741436,363.1019115741436,353.1415100097656,353.1415100097656,3100,0.0,0.0
2014-08-06 00:00:00+09:00,353.14152207485466,353.14152207485466,349.5195577458818,350.425048828125,3000,0.0,0.0
2014-08-07 00:00:00+09:00,346.8030621417157,349.51953521332183,346.8030621417157,348.6140441894531,2700,0.0,0.0
2014-08-08 00:00:00+09:00,348.61407244646995,348.61407244646995,342.275634765625,342.275634765625,5300,0.0,0.0
2014-08-11 00:00:00+09:00,337.74818106986385,337.74818106986385,321.44934123271224,335.0317077636719,12300,0.0,0.0
2014-08-12 00:00:00+09:00,327.7877662701314,328.69325733717596,313.2999091974184,324.1658020019531,4400,0.0,0.0
2014-08-13 00:00:00+09:00,324.16581005996534,329.59875659728317,319.63835461220043,322.3548278808594,4600,0.0,0.0
2014-08-14 00:00:00+09:00,325.9767761230469,325.9767761230469,325.9767761230469,325.9767761230469,100,0.0,0.0
2014-08-15 00:00:00+09:00,323.2603043642911,323.2603043642911,317.8273580724543,318.73284912109375,2900,0.0,0.0
2014-08-18 00:00:00+09:00,319.6383375084918,320.5438285495924,306.0559718919837,312.3944091796875,11500,0.0,0.0
2014-08-19 00:00:00+09:00,316.01638861016914,329.5987548828125,316.01638861016914,329.5987548828125,2100,0.0,0.0
2014-08-20 00:00:00+09:00,328.6932412669145,328.6932412669145,325.9767681985929,327.7877502441406,1200,0.0,0.0
2014-08-21 00:00:00+09:00,325.9767761230469,325.9767761230469,325.9767761230469,325.9767761230469,200,0.0,0.0
2014-08-22 00:00:00+09:00,321.44932089911566,327.78775821261934,321.44932089911566,325.9767761230469,500,0.0,0.0
2014-08-25 00:00:00+09:00,325.9767443068484,342.2755815221908,325.9767443068484,340.464599609375,6300,0.0,0.0
2014-08-26 00:00:00+09:00,322.35481426532453,353.1415100097656,322.35481426532453,353.1415100097656,9200,0.0,0.0
2014-08-27 00:00:00+09:00,353.14149895670204,423.76979874804243,353.14149895670204,397.51055908203125,32800,0.0,0.0
2014-08-28 00:00:00+09:00,398.41608694698033,402.94354248046875,375.7788092795383,402.94354248046875,5900,0.0,0.0
2014-08-29 00:00:00+09:00,402.9435132897418,417.43136994735056,388.4556566321331,416.52587890625,8200,0.0,0.0
2014-09-01 00:00:00+09:00,416.52588253210087,466.3278902261564,416.52588253210087,457.2729797363281,63500,0.0,0.0
2014-09-02 00:00:00+09:00,457.27295127281775,473.5717891399677,457.27295127281775,470.8553161621094,19900,0.0,0.0
2014-09-03 00:00:00+09:00,470.85533447265624,470.85533447265624,452.7455139160156,452.7455139160156,5200,0.0,0.0
2014-09-04 00:00:00+09:00,443.6906213247648,443.6906213247648,412.9039251512097,421.0533447265625,8700,0.0,0.0
2014-09-05 00:00:00+09:00,421.05336906084045,421.05336906084045,415.62042236328125,415.62042236328125,6900,0.0,0.0
2014-09-08 00:00:00+09:00,413.80943992546014,413.80943992546014,380.30626864046667,402.0380554199219,5500,0.0,0.0
2014-09-09 00:00:00+09:00,412.90390236594465,412.90390236594465,398.4160461425781,398.4160461425781,3600,0.0,0.0
2014-09-10 00:00:00+09:00,415.62037540782586,416.52586642178625,398.4160461425781,398.4160461425781,4500,0.0,0.0
2014-09-11 00:00:00+09:00,391.172123105786,393.8885961829095,386.6446679772468,390.2666320800781,3600,0.0,0.0
2014-09-12 00:00:00+09:00,382.1172422262338,383.9282244168795,372.15684017768274,376.6842956542969,2900,0.0,0.0
2014-09-16 00:00:00+09:00,365.8184101611451,365.8184101611451,361.29095458984375,361.29095458984375,3900,0.0,0.0
2014-09-17 00:00:00+09:00,368.5348640387269,380.30624790237175,368.5348640387269,379.4007568359375,1900,0.0,0.0
2014-09-18 00:00:00+09:00,379.4007684036978,379.4007684036978,362.19643761689525,363.1019287109375,6600,0.0,0.0
2014-09-19 00:00:00+09:00,361.29091222962336,364.00738525390625,361.29091222962336,364.00738525390625,1500,0.0,0.0
2014-09-22 00:00:00+09:00,364.9129153332078,375.77880859375,364.9129153332078,375.77880859375,1900,0.0,0.0
2014-09-24 00:00:00+09:00,375.7787941146071,375.7787941146071,372.1568298339844,372.1568298339844,800,0.0,0.0
2014-09-25 00:00:00+09:00,376.6842956542969,376.6842956542969,376.6842956542969,376.6842956542969,1600,0.0,0.0
2014-09-26 00:00:00+09:00,364.9128948447145,367.62936800733024,364.0074037905093,366.723876953125,3600,0.0,0.0
2014-09-29 00:00:00+09:00,367.62936909993493,380.3062438964844,367.62936909993493,380.3062438964844,1400,0.0,0.0
2014-09-30 00:00:00+09:00,376.6842811362257,376.6842811362257,373.06231689453125,373.06231689453125,200,0.0,0.0
2014-10-01 00:00:00+09:00,371.25134855731767,371.25134855731767,363.1019287109375,363.1019287109375,5700,0.0,0.0
2014-10-02 00:00:00+09:00,361.29095458984375,362.196445704104,361.29095458984375,361.29095458984375,4500,0.0,0.0
2014-10-03 00:00:00+09:00,368.53486308484975,391.17213968711326,365.8183898925781,365.8183898925781,1500,0.0,0.0
2014-10-06 00:00:00+09:00,383.9281921386719,383.9281921386719,383.9281921386719,383.9281921386719,2000,0.0,0.0
2014-10-07 00:00:00+09:00,382.11724853515625,382.11724853515625,382.11724853515625,382.11724853515625,300,0.0,0.0
2014-10-08 00:00:00+09:00,364.00738525390625,364.00738525390625,364.00738525390625,364.00738525390625,200,0.0,0.0
2014-10-09 00:00:00+09:00,366.72389308710643,366.72389308710643,363.1019287109375,363.1019287109375,1200,0.0,0.0
2014-10-10 00:00:00+09:00,363.10195744703265,363.10195744703265,356.7635192871094,356.7635192871094,5700,0.0,0.0
2014-10-14 00:00:00+09:00,344.99206936484893,344.99206936484893,337.74814139918277,344.0865783691406,4100,0.0,0.0
2014-10-15 00:00:00+09:00,344.0866169601521,344.0866169601521,340.46465257109793,342.275634765625,3900,0.0,0.0
2014-10-16 00:00:00+09:00,339.55914306640625,348.6140535481771,339.55914306640625,339.55914306640625,2200,0.0,0.0
2014-10-17 00:00:00+09:00,339.5591233905993,351.3305063348068,339.5591233905993,344.0865783691406,3800,0.0,0.0
2014-10-20 00:00:00+09:00,359.4799579861798,359.4799579861798,353.141520439824,357.6689758300781,1400,0.0,0.0
2014-10-21 00:00:00+09:00,380.30622339960354,380.30622339960354,364.00738525390625,364.00738525390625,400,0.0,0.0
2014-10-22 00:00:00+09:00,353.1415284134959,355.8580017089844,353.1415284134959,355.8580017089844,600,0.0,0.0
2014-10-23 00:00:00+09:00,355.8580017089844,355.8580017089844,355.8580017089844,355.8580017089844,0,0.0,0.0
2014-10-24 00:00:00+09:00,354.95250832355083,354.95250832355083,349.5195617675781,349.5195617675781,1300,0.0,0.0
2014-10-27 00:00:00+09:00,346.8030553329589,349.5195283512327,343.18109130859375,343.18109130859375,3200,0.0,0.0
2014-10-28 00:00:00+09:00,356.76349421320737,356.76349421320737,335.0317077636719,335.0317077636719,4100,0.0,0.0
2014-10-29 00:00:00+09:00,336.8426620523873,342.27560821452255,336.8426620523873,341.3701171875,2200,0.0,0.0
2014-10-30 00:00:00+09:00,342.27560821452255,343.1810992415451,341.3701171875,341.3701171875,9800,0.0,0.0
2014-10-31 00:00:00+09:00,343.1811138163088,345.897587012744,343.1811138163088,344.9920959472656,3600,0.0,0.0
2014-11-04 00:00:00+09:00,345.89760098843965,353.14152980495146,335.0317077636719,335.0317077636719,5600,0.0,0.0
2014-11-05 00:00:00+09:00,352.23598204267785,352.23598204267785,335.93714482733543,340.464599609375,3900,0.0,0.0
2014-11-06 00:00:00+09:00,344.0865783691406,344.0865783691406,343.1810873734324,344.0865783691406,300,0.0,0.0
2014-11-07 00:00:00+09:00,344.9920959472656,344.9920959472656,344.9920959472656,344.9920959472656,400,0.0,0.0
2014-11-10 00:00:00+09:00,347.7085795822539,349.5195617675781,345.89759739692965,349.5195617675781,1600,0.0,0.0
2014-11-11 00:00:00+09:00,350.4250413238025,387.55017490074283,350.4250413238025,386.6446838378906,6200,0.0,0.0
2014-11-12 00:00:00+09:00,386.64468436666056,386.64468436666056,356.7634792516727,365.8183898925781,6300,0.0,0.0
2014-11-13 00:00:00+09:00,360.3854410089834,365.8183873558525,353.14151254649124,359.4799499511719,6400,0.0,0.0
2014-11-14 00:00:00+09:00,364.00742573640787,364.00742573640787,354.9525146484375,354.9525146484375,7800,0.0,0.0
2014-11-17 00:00:00+09:00,355.85798873300627,356.76347979848464,344.9920959472656,344.9920959472656,10900,0.0,0.0
2014-11-18 00:00:00+09:00,343.18112017017927,350.425048828125,343.18112017017927,350.425048828125,200,0.0,0.0
2014-11-19 00:00:00+09:00,350.42504481679384,351.3305358886719,350.42504481679384,351.3305358886719,500,0.0,0.0
2014-11-20 00:00:00+09:00,351.3305358886719,351.3305358886719,349.5195537449158,351.3305358886719,800,0.0,0.0
2014-11-21 00:00:00+09:00,343.18107183774316,348.61401756604516,343.18107183774316,347.7085266113281,2900,0.0,0.0
2014-11-25 00:00:00+09:00,347.7085531655844,355.85797238040277,347.7085531655844,348.6140441894531,600,0.0,0.0
2014-11-26 00:00:00+09:00,347.7085266113281,347.7085266113281,347.7085266113281,347.7085266113281,1200,0.0,0.0
2014-11-27 00:00:00+09:00,344.0866169601521,344.0866169601521,342.275634765625,342.275634765625,3800,0.0,0.0
2014-11-28 00:00:00+09:00,346.80308449915213,350.425048828125,346.80308449915213,350.425048828125,3800,0.0,0.0
2014-12-01 00:00:00+09:00,349.5195617675781,349.5195617675781,349.5195617675781,349.5195617675781,300,0.0,0.0
2014-12-02 00:00:00+09:00,347.7085531655844,348.6140441894531,347.7085531655844,348.6140441894531,500,0.0,0.0
2014-12-03 00:00:00+09:00,346.80307807822237,346.80307807822237,344.9920959472656,344.9920959472656,700,0.0,0.0
2014-12-04 00:00:00+09:00,346.80307657982206,352.23602294921875,344.0866033951237,352.23602294921875,1600,0.0,0.0
2014-12-05 00:00:00+09:00,349.51950852076214,349.51950852076214,344.08656279246014,347.7085266113281,3500,0.0,0.0
2014-12-08 00:00:00+09:00,344.086582314685,344.086582314685,343.18109130859375,343.18109130859375,1800,0.0,0.0
2014-12-09 00:00:00+09:00,345.8975926881196,345.8975926881196,336.8426818847656,336.8426818847656,3500,0.0,0.0
2014-12-10 00:00:00+09:00,331.4096906910772,338.6536183564559,331.4096906910772,333.2206726074219,4800,0.0,0.0
2014-12-11 00:00:00+09:00,333.2207192221841,333.2207192221841,328.6932637979696,329.5987548828125,5400,0.0,0.0
2014-12-12 00:00:00+09:00,335.0317077636719,335.0317077636719,331.40974335541597,335.0317077636719,1300,0.0,0.0
2014-12-15 00:00:00+09:00,335.0317077636719,335.0317077636719,335.0317077636719,335.0317077636719,0,0.0,0.0
2014-12-16 00:00:00+09:00,335.0317013918699,344.0866122402988,328.6932637979696,329.5987548828125,3300,0.0,0.0
2014-12-17 00:00:00+09:00,328.6932492574056,330.5042313469781,325.9767761230469,325.9767761230469,2600,0.0,0.0
2014-12-18 00:00:00+09:00,325.9767865742723,333.2207151648117,325.9767865742723,330.5042419433594,9400,0.0,0.0
2014-12-19 00:00:00+09:00,325.9767621928595,343.18109130859375,325.9767621928595,343.18109130859375,8000,0.0,0.0
2014-12-22 00:00:00+09:00,342.275628366778,342.275628366778,332.3152264830887,336.8426818847656,14500,0.0,0.0
2014-12-24 00:00:00+09:00,333.2206719581117,345.8975453478225,333.2206719581117,340.464599609375,7200,0.0,0.0
2014-12-25 00:00:00+09:00,339.5591272842287,343.18109130859375,335.93716325986355,343.18109130859375,3400,0.0,0.0
2014-12-26 00:00:00+09:00,335.9371594077663,344.0865783691406,335.9371594077663,344.0865783691406,800,0.0,0.0
2014-12-29 00:00:00+09:00,343.1811109105646,360.3854410089834,343.1811109105646,359.4799499511719,2500,0.0,0.0
2014-12-30 00:00:00+09:00,348.61407292101524,361.2909482999612,346.8030907240229,355.8580017089844,2200,0.0,0.0
2015-01-05 00:00:00+09:00,349.51953521332183,353.14149930879665,344.9920800939783,348.6140441894531,2900,0.0,0.0
2015-01-06 00:00:00+09:00,344.0866033951237,352.23602294921875,344.0866033951237,352.23602294921875,400,0.0,0.0
2015-01-07 00:00:00+09:00,350.425048828125,350.425048828125,350.425048828125,350.425048828125,100,0.0,0.0
2015-01-08 00:00:00+09:00,350.4250572967529,362.1964416503906,350.4250572967529,362.1964416503906,1000,0.0,0.0
2015-01-09 00:00:00+09:00,364.00741175800636,364.91290283203125,358.57446531385705,364.91290283203125,800,0.0,0.0
2015-01-13 00:00:00+09:00,364.91290283203125,364.91290283203125,364.91290283203125,364.91290283203125,3000,0.0,0.0
2015-01-14 00:00:00+09:00,361.2909111953363,378.4952402998762,361.2909111953363,371.2513122558594,26900,0.0,0.0
2015-01-15 00:00:00+09:00,373.96778424276687,379.4007302608216,373.96778424276687,378.4952392578125,1600,0.0,0.0
2015-01-16 00:00:00+09:00,373.06233127300555,376.6842956542969,372.15684017768274,376.6842956542969,1700,0.0,0.0
2015-01-19 00:00:00+09:00,379.40075585393623,379.40075585393623,365.8183898925781,365.8183898925781,400,0.0,0.0
2015-01-20 00:00:00+09:00,366.72384562273004,373.9677734375,366.72384562273004,373.9677734375,1200,0.0,0.0
2015-01-21 00:00:00+09:00,366.7238562186939,378.4952392578125,365.8183652156848,378.4952392578125,500,0.0,0.0
2015-01-22 00:00:00+09:00,375.7787886120024,380.3062438964844,375.7787886120024,380.3062438964844,400,0.0,0.0
2015-01-23 00:00:00+09:00,398.41605131144865,412.9039077227741,378.49524874587627,390.2666320800781,8000,0.0,0.0
2015-01-26 00:00:00+09:00,390.2666455223447,390.2666455223447,380.3062438964844,380.3062438964844,600,0.0,0.0
2015-01-27 00:00:00+09:00,369.44035510516113,387.5501764338455,369.44035510516113,379.4007568359375,1800,0.0,0.0
2015-01-28 00:00:00+09:00,367.62939453125,370.3458678898553,364.0074300531096,367.62939453125,2500,0.0,0.0
2015-01-29 00:00:00+09:00,364.9129211726447,370.3458678898553,364.9129211726447,367.62939453125,700,0.0,0.0
2015-01-30 00:00:00+09:00,367.62938244360294,370.3458557128906,367.62938244360294,370.3458557128906,300,0.0,0.0
2015-02-02 00:00:00+09:00,367.62939453125,367.62939453125,367.62939453125,367.62939453125,400,0.0,0.0
2015-02-03 00:00:00+09:00,367.62939453125,367.62939453125,367.62939453125,367.62939453125,0,0.0,0.0
2015-02-04 00:00:00+09:00,366.723876953125,366.723876953125,366.723876953125,366.723876953125,400,0.0,0.0
2015-02-05 00:00:00+09:00,366.723876953125,366.723876953125,366.723876953125,366.723876953125,0,0.0,0.0
2015-02-06 00:00:00+09:00,366.723876953125,366.723876953125,366.723876953125,366.723876953125,0,0.0,0.0
2015-02-09 00:00:00+09:00,373.9677734375,373.9677734375,373.9677734375,373.9677734375,100,0.0,0.0
2015-02-10 00:00:00+09:00,373.9677734375,373.9677734375,373.9677734375,373.9677734375,2600,0.0,0.0
2015-02-12 00:00:00+09:00,366.72392210984594,366.72392210984594,349.5195899614828,356.7635192871094,5200,0.0,0.0
2015-02-13 00:00:00+09:00,350.425048828125,350.425048828125,350.425048828125,350.425048828125,1000,0.0,0.0
2015-02-16 00:00:00+09:00,349.51954320205414,351.3305252911839,346.8030700683594,346.8030700683594,600,0.0,0.0
2015-02-17 00:00:00+09:00,359.47996833801267,362.1964416503906,359.47996833801267,362.1964416503906,1400,0.0,0.0
2015-02-18 00:00:00+09:00,369.4403302448552,371.2513122558594,354.95247415682167,371.2513122558594,1500,0.0,0.0
2015-02-19 00:00:00+09:00,356.7635192871094,356.7635192871094,356.7635192871094,356.7635192871094,100,0.0,0.0
2015-02-20 00:00:00+09:00,356.7634928074805,356.7634928074805,355.8580017089844,355.8580017089844,400,0.0,0.0
2015-02-23 00:00:00+09:00,373.9677734375,373.9677734375,373.9677734375,373.9677734375,600,0.0,0.0
2015-02-24 00:00:00+09:00,376.6842951215711,376.6842951215711,363.1019287109375,363.1019287109375,2200,0.0,0.0
2015-02-25 00:00:00+09:00,362.1964312203323,362.1964312203323,357.6689758300781,357.6689758300781,1600,0.0,0.0
2015-02-26 00:00:00+09:00,362.1964416503906,362.1964416503906,362.1964416503906,362.1964416503906,100,0.0,0.0
2015-02-27 00:00:00+09:00,362.19641910725505,363.1019101550232,360.38543701171875,360.38543701171875,700,0.0,0.0
2015-03-02 00:00:00+09:00,363.10193462761083,363.10193462761083,354.9525146484375,354.9525146484375,1500,0.0,0.0
2015-03-03 00:00:00+09:00,354.9525146484375,354.9525146484375,354.9525146484375,354.9525146484375,100,0.0,0.0
2015-03-04 00:00:00+09:00,354.9525146484375,364.91291684520485,354.9525146484375,354.9525146484375,4200,0.0,0.0
2015-03-05 00:00:00+09:00,354.95250832355083,354.95250832355083,349.5195617675781,349.5195617675781,1700,0.0,0.0
2015-03-06 00:00:00+09:00,350.4250408260865,352.23602294921875,350.4250408260865,352.23602294921875,600,0.0,0.0
2015-03-09 00:00:00+09:00,354.95249613391707,354.95249613391707,352.23602294921875,352.23602294921875,400,0.0,0.0
2015-03-10 00:00:00+09:00,354.047005072351,354.95249613391707,352.23602294921875,352.23602294921875,3300,0.0,0.0
2015-03-11 00:00:00+09:00,354.047005072351,354.047005072351,352.23602294921875,352.23602294921875,200,0.0,0.0
2015-03-12 00:00:00+09:00,352.23602294921875,352.23602294921875,352.23602294921875,352.23602294921875,900,0.0,0.0
2015-03-13 00:00:00+09:00,356.7634968660316,356.7634968660316,354.9525146484375,354.9525146484375,400,0.0,0.0
2015-03-16 00:00:00+09:00,357.6689481972462,364.00738525390625,357.6689481972462,364.00738525390625,1600,0.0,0.0
2015-03-17 00:00:00+09:00,367.6293882751465,367.6293882751465,362.1964416503906,362.1964416503906,1100,0.0,0.0
2015-03-18 00:00:00+09:00,362.1964416503906,362.1964416503906,362.1964416503906,362.1964416503906,100,0.0,0.0
2015-03-19 00:00:00+09:00,362.1964416503906,362.1964416503906,360.38545944213865,362.1964416503906,3600,0.0,0.0
2015-03-20 00:00:00+09:00,362.19642168209873,366.723876953125,360.38543957368825,366.723876953125,2700,0.0,0.0
2015-03-23 00:00:00+09:00,366.723876953125,366.723876953125,366.723876953125,366.723876953125,0,0.0,0.0
2015-03-24 00:00:00+09:00,370.3458557128906,370.3458557128906,370.3458557128906,370.3458557128906,1600,0.0,0.0
2015-03-25 00:00:00+09:00,370.3458212503573,371.2513122558594,370.3458212503573,371.2513122558594,200,0.0,0.0
2015-03-26 00:00:00+09:00,371.2513122558594,371.2513122558594,371.2513122558594,371.2513122558594,2300,0.0,0.0
2015-03-27 00:00:00+09:00,360.25128173828125,360.25128173828125,360.25128173828125,360.25128173828125,100,5.0,0.0
2015-03-30 00:00:00+09:00,360.25128173828125,360.25128173828125,360.25128173828125,360.25128173828125,0,0.0,0.0
2015-03-31 00:00:00+09:00,360.25128173828125,360.25128173828125,360.25128173828125,360.25128173828125,0,0.0,0.0
2015-04-01 00:00:00+09:00,378.5846862792969,378.5846862792969,378.5846862792969,378.5846862792969,300,0.0,0.0
2015-04-02 00:00:00+09:00,378.5846862792969,378.5846862792969,378.5846862792969,378.5846862792969,0,0.0,0.0
2015-04-03 00:00:00+09:00,378.5846862792969,378.5846862792969,378.5846862792969,378.5846862792969,0,0.0,0.0
2015-04-06 00:00:00+09:00,378.5846862792969,378.5846862792969,378.5846862792969,378.5846862792969,0,0.0,0.0
2015-04-07 00:00:00+09:00,381.334716796875,381.334716796875,381.334716796875,381.334716796875,100,0.0,0.0
2015-04-08 00:00:00+09:00,381.33470243566177,381.33470243566177,374.0013427734375,374.0013427734375,800,0.0,0.0
2015-04-09 00:00:00+09:00,374.91800911438287,374.91800911438287,370.3346593697083,372.1679992675781,2400,0.0,0.0
2015-04-10 00:00:00+09:00,372.1679807720762,374.0013205788352,363.00128173828125,363.00128173828125,6100,0.0,0.0
2015-04-13 00:00:00+09:00,375.8346862792969,376.75135624583174,374.918016312762,375.8346862792969,2000,0.0,0.0
2015-04-14 00:00:00+09:00,368.5013122558594,369.4179821868441,368.5013122558594,368.5013122558594,1300,0.0,0.0
2015-04-15 00:00:00+09:00,367.58464232487466,368.5013122558594,367.58464232487466,368.5013122558594,200,0.0,0.0
2015-04-16 00:00:00+09:00,368.5013122558594,375.8346717037372,368.5013122558594,368.5013122558594,800,0.0,0.0
2015-04-17 00:00:00+09:00,368.5013194718384,373.084669216513,368.5013194718384,372.1679992675781,500,0.0,0.0
2015-04-20 00:00:00+09:00,367.58465576171875,373.0846755486771,365.75131583273264,367.58465576171875,2800,0.0,0.0
2015-04-21 00:00:00+09:00,367.58464952290353,372.1679992675781,367.58464952290353,372.1679992675781,800,0.0,0.0
2015-04-22 00:00:00+09:00,366.6679795739686,372.1679992675781,366.6679795739686,372.1679992675781,1900,0.0,0.0
2015-04-23 00:00:00+09:00,367.5846289547147,369.41796875,367.5846289547147,369.41796875,400,0.0,0.0
2015-04-24 00:00:00+09:00,366.6679992675781,366.6679992675781,357.5012992858887,366.6679992675781,3100,0.0,0.0
2015-04-27 00:00:00+09:00,366.6679992675781,366.6679992675781,366.6679992675781,366.6679992675781,0,0.0,0.0
2015-04-28 00:00:00+09:00,366.6679992675781,366.6679992675781,366.6679992675781,366.6679992675781,200,0.0,0.0
2015-04-30 00:00:00+09:00,366.6679749307753,366.6679749307753,360.2512853694867,362.0846252441406,1500,0.0,0.0
2015-05-01 00:00:00+09:00,362.0846252441406,362.0846252441406,362.0846252441406,362.0846252441406,0,0.0,0.0
2015-05-07 00:00:00+09:00,363.00130509357064,363.00130509357064,359.3346252441406,359.3346252441406,2100,0.0,0.0
2015-05-08 00:00:00+09:00,360.2512952064981,360.2512952064981,359.3346252441406,359.3346252441406,2000,0.0,0.0
2015-05-11 00:00:00+09:00,359.3345909705529,359.3345909705529,357.5012512207031,357.5012512207031,4300,0.0,0.0
2015-05-12 00:00:00+09:00,357.50130529848406,357.50130529848406,353.8346252441406,353.8346252441406,2400,0.0,0.0
2015-05-13 00:00:00+09:00,355.6679382324219,355.6679382324219,355.6679382324219,355.6679382324219,100,0.0,0.0
2015-05-14 00:00:00+09:00,363.00128173828125,363.00128173828125,363.00128173828125,363.00128173828125,100,0.0,0.0
2015-05-15 00:00:00+09:00,363.00128173828125,363.00128173828125,363.00128173828125,363.00128173828125,400,0.0,0.0
2015-05-18 00:00:00+09:00,353.8346082018567,353.8346082018567,352.9179382324219,352.9179382324219,2600,0.0,0.0
2015-05-19 00:00:00+09:00,353.83461175962935,354.75128173828125,353.83461175962935,354.75128173828125,2600,0.0,0.0
2015-05-20 00:00:00+09:00,357.50126231800425,363.00128173828125,357.50126231800425,363.00128173828125,700,0.0,0.0
2015-05-21 00:00:00+09:00,363.91798514633376,365.751325121882,356.5846252441406,356.5846252441406,6300,0.0,0.0
2015-05-22 00:00:00+09:00,352.0012512207031,354.75126099586487,351.08458129564923,352.0012512207031,10500,0.0,0.0
2015-05-25 00:00:00+09:00,352.0012584568299,355.6679382324219,352.0012584568299,355.6679382324219,400,0.0,0.0
2015-05-26 00:00:00+09:00,355.6679481407265,357.5012880795962,352.9179382324219,352.9179382324219,500,0.0,0.0
2015-05-27 00:00:00+09:00,345.5845581374243,351.08457763032766,342.8345483909727,350.16790771484375,5100,0.0,0.0
2015-05-28 00:00:00+09:00,350.16790771484375,350.16790771484375,349.2512377993599,350.16790771484375,400,0.0,0.0
2015-05-29 00:00:00+09:00,350.16790771484375,350.16790771484375,350.16790771484375,350.16790771484375,200,0.0,0.0
2015-06-01 00:00:00+09:00,350.16792832411727,352.9179382324219,349.2512583546824,352.9179382324219,1700,0.0,0.0
2015-06-02 00:00:00+09:00,352.00124289772725,363.00128173828125,352.00124289772725,363.00128173828125,800,0.0,0.0
2015-06-03 00:00:00+09:00,360.2512979879008,360.2512979879008,352.9179382324219,352.9179382324219,1400,0.0,0.0
2015-06-04 00:00:00+09:00,354.75128173828125,354.75128173828125,354.75128173828125,354.75128173828125,100,0.0,0.0
2015-06-05 00:00:00+09:00,352.91794178097746,354.75128173828125,352.91794178097746,354.75128173828125,300,0.0,0.0
2015-06-08 00:00:00+09:00,353.8346252441406,353.8346252441406,352.0012852169689,353.8346252441406,2200,0.0,0.0
2015-06-09 00:00:00+09:00,352.91793464680563,352.91793464680563,351.0845947265625,351.0845947265625,800,0.0,0.0
2015-06-10 00:00:00+09:00,351.08460182367367,354.75128173828125,351.08460182367367,354.75128173828125,1100,0.0,0.0
2015-06-11 00:00:00+09:00,354.75128173828125,354.75128173828125,354.75128173828125,354.75128173828125,600,0.0,0.0
2015-06-12 00:00:00+09:00,354.7512672444447,354.7512672444447,347.41790771484375,347.41790771484375,4800,0.0,0.0
2015-06-15 00:00:00+09:00,348.33459117425184,348.33459117425184,346.5012512207031,346.5012512207031,3300,0.0,0.0
2015-06-16 00:00:00+09:00,346.5012512207031,346.5012512207031,346.5012512207031,346.5012512207031,0,0.0,0.0
2015-06-17 00:00:00+09:00,351.0845947265625,351.0845947265625,351.0845947265625,351.0845947265625,300,0.0,0.0
2015-06-18 00:00:00+09:00,351.0845947265625,351.0845947265625,351.0845947265625,351.0845947265625,0,0.0,0.0
2015-06-19 00:00:00+09:00,348.3345642089844,348.3345642089844,348.3345642089844,348.3345642089844,1000,0.0,0.0
2015-06-22 00:00:00+09:00,345.5845642089844,345.5845642089844,345.5845642089844,345.5845642089844,300,0.0,0.0
2015-06-23 00:00:00+09:00,345.58458050156673,345.58458050156673,330.91786090468327,338.251220703125,7900,0.0,0.0
2015-06-24 00:00:00+09:00,343.7512613111927,345.58460137151906,341.0012512207031,341.0012512207031,3800,0.0,0.0
2015-06-25 00:00:00+09:00,343.7512477025909,348.33459767195876,341.91790771484375,341.91790771484375,2800,0.0,0.0
2015-06-26 00:00:00+09:00,348.33459406850153,348.33459406850153,339.1678942245936,340.0845642089844,1800,0.0,0.0
2015-06-29 00:00:00+09:00,340.0845712076823,343.7512512207031,340.0845712076823,343.7512512207031,300,0.0,0.0
2015-06-30 00:00:00+09:00,342.83458779824747,342.83458779824747,339.16790771484375,339.16790771484375,900,0.0,0.0
2015-07-01 00:00:00+09:00,342.8345812174479,343.7512512207031,341.9179112141927,343.7512512207031,800,0.0,0.0
2015-07-02 00:00:00+09:00,343.7512512207031,343.7512512207031,343.7512512207031,343.7512512207031,0,0.0,0.0
2015-07-03 00:00:00+09:00,343.7512512207031,343.7512512207031,343.7512512207031,343.7512512207031,100,0.0,0.0
2015-07-06 00:00:00+09:00,340.08456065273543,340.08456065273543,338.251220703125,338.251220703125,1900,0.0,0.0
2015-07-07 00:00:00+09:00,347.41790771484375,347.41790771484375,347.41790771484375,347.41790771484375,100,0.0,0.0
2015-07-08 00:00:00+09:00,340.0845642089844,341.917904177766,340.0845642089844,340.0845642089844,1000,0.0,0.0
2015-07-09 00:00:00+09:00,336.4178625760304,336.4178625760304,326.3344933980023,329.0845031738281,5000,0.0,0.0
2015-07-10 00:00:00+09:00,348.3345642089844,348.3345642089844,348.3345642089844,348.3345642089844,1700,0.0,0.0
2015-07-13 00:00:00+09:00,348.3345642089844,348.3345642089844,348.3345642089844,348.3345642089844,3800,0.0,0.0
2015-07-14 00:00:00+09:00,350.16792476644093,351.0845947265625,349.25125480631937,351.0845947265625,1800,0.0,0.0
2015-07-15 00:00:00+09:00,352.0012512207031,352.0012512207031,352.0012512207031,352.0012512207031,1100,0.0,0.0
2015-07-16 00:00:00+09:00,352.0012512207031,352.0012512207031,352.0012512207031,352.0012512207031,900,0.0,0.0
2015-07-17 00:00:00+09:00,352.0012512207031,352.0012512207031,352.0012512207031,352.0012512207031,2000,0.0,0.0
2015-07-21 00:00:00+09:00,352.00124383223687,352.00124383223687,337.33452533922696,348.3345642089844,3700,0.0,0.0
2015-07-22 00:00:00+09:00,336.4178684204424,347.41790771484375,336.4178684204424,347.41790771484375,2100,0.0,0.0
2015-07-23 00:00:00+09:00,347.41790771484375,347.41790771484375,347.41790771484375,347.41790771484375,0,0.0,0.0
2015-07-24 00:00:00+09:00,337.3345676731419,339.16790771484375,337.3345676731419,339.16790771484375,2300,0.0,0.0
2015-07-27 00:00:00+09:00,335.50122763144003,339.16790771484375,335.50122763144003,339.16790771484375,3100,0.0,0.0
2015-07-28 00:00:00+09:00,337.3345676731419,339.16790771484375,337.3345676731419,339.16790771484375,1100,0.0,0.0
2015-07-29 00:00:00+09:00,337.3345673368248,337.3345673368248,330.9178771972656,330.9178771972656,2700,0.0,0.0
2015-07-30 00:00:00+09:00,343.7512613111927,358.41798179380356,340.08458119053995,341.0012512207031,11100,0.0,0.0
2015-07-31 00:00:00+09:00,339.1679012044271,343.7512512207031,339.1679012044271,343.7512512207031,1200,0.0,0.0
2015-08-03 00:00:00+09:00,339.1678870926111,343.7512369181869,336.4178771972656,336.4178771972656,1200,0.0,0.0
2015-08-04 00:00:00+09:00,336.4178771972656,336.4178771972656,336.4178771972656,336.4178771972656,0,0.0,0.0
2015-08-05 00:00:00+09:00,342.8345642089844,342.8345642089844,342.8345642089844,342.8345642089844,500,0.0,0.0
2015-08-06 00:00:00+09:00,342.83458779824747,342.83458779824747,339.16790771484375,339.16790771484375,700,0.0,0.0
2015-08-07 00:00:00+09:00,339.1678735484248,341.00121340544325,333.66785397736925,337.33453369140625,2300,0.0,0.0
2015-08-10 00:00:00+09:00,339.16790771484375,339.16790771484375,337.3345676731419,339.16790771484375,2800,0.0,0.0
2015-08-11 00:00:00+09:00,339.1679111603768,341.0012512207031,339.1679111603768,341.0012512207031,2000,0.0,0.0
2015-08-12 00:00:00+09:00,341.0012298583984,343.7512397766113,330.0011901855469,330.0011901855469,6000,0.0,0.0
2015-08-13 00:00:00+09:00,330.91785560388786,351.0845947265625,330.91785560388786,351.0845947265625,4900,0.0,0.0
2015-08-14 00:00:00+09:00,348.33455247145434,357.5012512207031,348.33455247145434,357.5012512207031,2400,0.0,0.0
2015-08-17 00:00:00+09:00,356.58461811016133,356.58461811016133,341.00122862976866,352.9179382324219,1800,0.0,0.0
2015-08-18 00:00:00+09:00,341.0012341933752,342.83457416215674,333.66787431824883,340.0845642089844,4100,0.0,0.0
2015-08-19 00:00:00+09:00,340.0845397782456,340.0845397782456,334.5845202670071,335.5011901855469,500,0.0,0.0
2015-08-20 00:00:00+09:00,332.7512209492345,341.0012512207031,330.91788088890814,341.0012512207031,6000,0.0,0.0
2015-08-21 00:00:00+09:00,329.0845408285818,341.0012512207031,328.1678707984186,341.0012512207031,2800,0.0,0.0
2015-08-24 00:00:00+09:00,320.8345031738281,320.8345031738281,320.8345031738281,320.8345031738281,4300,0.0,0.0
2015-08-25 00:00:00+09:00,311.6677551269531,311.6677551269531,302.50105644674863,311.6677551269531,3600,0.0,0.0
2015-08-26 00:00:00+09:00,306.167786658966,330.9178771972656,302.5011065792179,330.9178771972656,5100,0.0,0.0
2015-08-27 00:00:00+09:00,330.9178355902014,330.9178355902014,325.4178161621094,325.4178161621094,300,0.0,0.0
2015-08-28 00:00:00+09:00,333.66785397736925,353.83459240457285,333.66785397736925,337.33453369140625,6700,0.0,0.0
2015-08-31 00:00:00+09:00,337.3345383616425,347.41790771484375,333.66785859684205,347.41790771484375,300,0.0,0.0
2015-09-01 00:00:00+09:00,337.3345611979167,344.66792122395833,336.4178911946614,343.7512512207031,500,0.0,0.0
2015-09-02 00:00:00+09:00,343.7512512207031,343.7512512207031,343.7512512207031,343.7512512207031,100,0.0,0.0
2015-09-03 00:00:00+09:00,343.7512512207031,343.7512512207031,343.7512512207031,343.7512512207031,0,0.0,0.0
2015-09-04 00:00:00+09:00,337.3345300226264,337.3345300226264,335.5011901855469,335.5011901855469,300,0.0,0.0
2015-09-07 00:00:00+09:00,320.8344978557515,341.91790771484375,320.8344978557515,341.91790771484375,1000,0.0,0.0
2015-09-08 00:00:00+09:00,326.3345031738281,326.3345031738281,326.3345031738281,326.3345031738281,200,0.0,0.0
2015-09-09 00:00:00+09:00,326.334482338881,332.7511715983534,314.4177737141466,323.58447265625,2800,0.0,0.0
2015-09-10 00:00:00+09:00,323.58447265625,325.4178124446707,323.58447265625,323.58447265625,6500,0.0,0.0
2015-09-11 00:00:00+09:00,323.5844592940336,324.5011291503906,323.5844592940336,324.5011291503906,1800,0.0,0.0
2015-09-14 00:00:00+09:00,324.5011703491211,330.0011901855469,324.5011703491211,330.0011901855469,700,0.0,0.0
2015-09-15 00:00:00+09:00,328.1678466796875,328.1678466796875,328.1678466796875,328.1678466796875,300,0.0,0.0
2015-09-16 00:00:00+09:00,317.167802706232,318.08447265625,317.167802706232,318.08447265625,400,0.0,0.0
2015-09-17 00:00:00+09:00,318.08447265625,318.08447265625,318.08447265625,318.08447265625,0,0.0,0.0
2015-09-18 00:00:00+09:00,327.25115966796875,327.25115966796875,327.25115966796875,327.25115966796875,300,0.0,0.0
2015-09-24 00:00:00+09:00,314.41777224873385,315.3344421386719,314.41777224873385,315.3344421386719,400,0.0,0.0
2015-09-25 00:00:00+09:00,307.08445912315733,313.50114931379045,305.25111906869074,308.0011291503906,4800,0.0,0.0
2015-09-28 00:00:00+09:00,308.0011291503906,308.0011291503906,308.0011291503906,308.0011291503906,700,0.0,0.0
2015-09-29 00:00:00+09:00,308.00110123005317,308.00110123005317,301.58441162109375,301.58441162109375,700,0.0,0.0
2015-09-30 00:00:00+09:00,298.83441162109375,298.83441162109375,297.9177416467959,298.83441162109375,1100,0.0,0.0
2015-10-01 00:00:00+09:00,309.83445131266774,309.83445131266774,298.83441162109375,298.83441162109375,1600,0.0,0.0
2015-10-02 00:00:00+09:00,298.8344251427284,299.75109515850363,297.9177551269531,297.9177551269531,3700,0.0,0.0
2015-10-05 00:00:00+09:00,297.9177318445455,301.58441162109375,297.9177318445455,301.58441162109375,2100,0.0,0.0
2015-10-06 00:00:00+09:00,302.5010681152344,302.5010681152344,302.5010681152344,302.5010681152344,100,0.0,0.0
2015-10-07 00:00:00+09:00,302.5010681152344,302.5010681152344,302.5010681152344,302.5010681152344,300,0.0,0.0
2015-10-08 00:00:00+09:00,303.4177551269531,307.0844349472184,303.4177551269531,303.4177551269531,2400,0.0,0.0
2015-10-09 00:00:00+09:00,305.2510986328125,305.2510986328125,305.2510986328125,305.2510986328125,800,0.0,0.0
2015-10-13 00:00:00+09:00,305.2510986328125,305.2510986328125,305.2510986328125,305.2510986328125,2000,0.0,0.0
2015-10-14 00:00:00+09:00,306.16778564453125,307.08445566143104,306.16778564453125,306.16778564453125,9300,0.0,0.0
2015-10-15 00:00:00+09:00,306.16778564453125,307.08445566143104,306.16778564453125,306.16778564453125,6700,0.0,0.0
2015-10-16 00:00:00+09:00,306.16778564453125,306.16778564453125,306.16778564453125,306.16778564453125,1700,0.0,0.0
2015-10-19 00:00:00+09:00,306.16778564453125,306.16778564453125,306.16778564453125,306.16778564453125,100,0.0,0.0
2015-10-20 00:00:00+09:00,306.16778564453125,306.16778564453125,306.16778564453125,306.16778564453125,0,0.0,0.0
2015-10-21 00:00:00+09:00,302.5010681152344,302.5010681152344,302.5010681152344,302.5010681152344,100,0.0,0.0
2015-10-22 00:00:00+09:00,303.41774784753085,303.41774784753085,298.83439818216027,299.7510681152344,9100,0.0,0.0
2015-10-23 00:00:00+09:00,303.4177657220767,308.91778564453125,303.4177657220767,308.91778564453125,1800,0.0,0.0
2015-10-26 00:00:00+09:00,301.5844152168205,304.33442508201944,301.5844152168205,303.4177551269531,5600,0.0,0.0
2015-10-27 00:00:00+09:00,303.4177551269531,304.33442508201944,303.4177551269531,303.4177551269531,500,0.0,0.0
2015-10-28 00:00:00+09:00,303.4177587010839,305.2510986328125,303.4177587010839,305.2510986328125,800,0.0,0.0
2015-10-29 00:00:00+09:00,305.2511021856052,307.0844421386719,305.2511021856052,307.0844421386719,400,0.0,0.0
2015-10-30 00:00:00+09:00,303.4177551269531,303.4177551269531,303.4177551269531,303.4177551269531,100,0.0,0.0
2015-11-02 00:00:00+09:00,310.7510986328125,310.7510986328125,310.7510986328125,310.7510986328125,100,0.0,0.0
2015-11-04 00:00:00+09:00,311.6677551269531,311.6677551269531,310.7510852589327,311.6677551269531,700,0.0,0.0
2015-11-05 00:00:00+09:00,304.33442508201944,304.33442508201944,303.4177551269531,303.4177551269531,3500,0.0,0.0
2015-11-06 00:00:00+09:00,306.16778564453125,306.16778564453125,306.16778564453125,306.16778564453125,600,0.0,0.0
2015-11-09 00:00:00+09:00,308.0011093407347,313.5011291503906,308.0011093407347,313.5011291503906,1100,0.0,0.0
2015-11-10 00:00:00+09:00,313.5011291503906,314.4177991186666,313.5011291503906,313.5011291503906,3100,0.0,0.0
2015-11-11 00:00:00+09:00,313.501094862994,313.501094862994,311.6677551269531,311.6677551269531,2700,0.0,0.0
2015-11-12 00:00:00+09:00,311.6677551269531,311.6677551269531,311.6677551269531,311.6677551269531,0,0.0,0.0
2015-11-13 00:00:00+09:00,320.8345031738281,320.8345031738281,320.8345031738281,320.8345031738281,100,0.0,0.0
2015-11-16 00:00:00+09:00,320.8345031738281,320.8345031738281,320.8345031738281,320.8345031738281,0,0.0,0.0
2015-11-17 00:00:00+09:00,319.91778393913717,319.91778393913717,311.6677551269531,311.6677551269531,400,0.0,0.0
2015-11-18 00:00:00+09:00,308.91776963385985,316.2511291503906,308.91776963385985,316.2511291503906,200,0.0,0.0
2015-11-19 00:00:00+09:00,321.75114377162583,344.667891903508,320.83447384635053,329.0845031738281,8500,0.0,0.0
2015-11-20 00:00:00+09:00,327.25116842518685,327.25116842518685,310.7511095129925,316.2511291503906,2100,0.0,0.0
2015-11-24 00:00:00+09:00,317.16779543150966,328.1678345794233,314.41778564453125,314.41778564453125,2500,0.0,0.0
2015-11-25 00:00:00+09:00,319.00115966796875,319.00115966796875,319.00115966796875,319.00115966796875,100,0.0,0.0
2015-11-26 00:00:00+09:00,311.66776854028393,311.66776854028393,307.0844190029268,310.7510986328125,2700,0.0,0.0
2015-11-27 00:00:00+09:00,314.41778197526236,314.41778197526236,312.5844421386719,312.5844421386719,2800,0.0,0.0
2015-11-30 00:00:00+09:00,312.5844421386719,312.5844421386719,312.5844421386719,312.5844421386719,0,0.0,0.0
2015-12-01 00:00:00+09:00,312.5844421386719,312.5844421386719,312.5844421386719,312.5844421386719,0,0.0,0.0
2015-12-02 00:00:00+09:00,313.5011291503906,313.5011291503906,313.5011291503906,313.5011291503906,300,0.0,0.0
2015-12-03 00:00:00+09:00,313.50112832559125,313.50112832559125,304.3344286669482,305.2510986328125,1700,0.0,0.0
2015-12-04 00:00:00+09:00,310.7510986328125,310.7510986328125,304.33440928051255,310.7510986328125,1000,0.0,0.0
2015-12-07 00:00:00+09:00,296.0844016982002,303.41776149258294,295.1677317239024,298.83441162109375,13100,0.0,0.0
2015-12-08 00:00:00+09:00,302.50107791445674,302.50107791445674,298.83439818216027,299.7510681152344,3100,0.0,0.0
2015-12-09 00:00:00+09:00,299.7510815953916,299.7510815953916,298.83441162109375,298.83441162109375,300,0.0,0.0
2015-12-10 00:00:00+09:00,298.83439818216027,299.7510681152344,297.91772824908617,299.7510681152344,4400,0.0,0.0
2015-12-11 00:00:00+09:00,297.0010851111779,297.9177551269531,297.0010851111779,297.9177551269531,1400,0.0,0.0
2015-12-14 00:00:00+09:00,291.5010546262735,292.417724609375,289.66771466007054,292.417724609375,14000,0.0,0.0
2015-12-15 00:00:00+09:00,292.417724609375,292.417724609375,292.417724609375,292.417724609375,3000,0.0,0.0
2015-12-16 00:00:00+09:00,292.41770384583293,292.41770384583293,287.83435425577284,289.6676940917969,4000,0.0,0.0
2015-12-17 00:00:00+09:00,289.66770665785845,289.66770665785845,275.91765729118794,280.5010070800781,19200,0.0,0.0
2015-12-18 00:00:00+09:00,280.50101764385516,288.7510475745568,280.50101764385516,286.00103759765625,9900,0.0,0.0
2015-12-21 00:00:00+09:00,277.75099993549463,278.6676699022784,272.25098013479175,274.0843200683594,12400,0.0,0.0
2015-12-22 00:00:00+09:00,273.16766357421875,275.0010035982068,272.2509935622247,273.16766357421875,2200,0.0,0.0
2015-12-24 00:00:00+09:00,275.0009995304334,275.0009995304334,263.08428955078125,263.08428955078125,5000,0.0,0.0
2015-12-25 00:00:00+09:00,263.08428955078125,263.08428955078125,263.08428955078125,263.08428955078125,0,0.0,0.0
2015-12-28 00:00:00+09:00,255.7509393826337,262.1676296180403,255.7509393826337,260.33428955078125,2800,0.0,0.0
2015-12-29 00:00:00+09:00,256.6675720214844,259.41758172171455,253.91756232125417,256.6675720214844,6400,0.0,0.0
2015-12-30 00:00:00+09:00,258.5009460449219,259.41761606635777,258.5009460449219,258.5009460449219,1800,0.0,0.0
2016-01-04 00:00:00+09:00,258.5009118216378,258.5009118216378,256.6675720214844,256.6675720214844,600,0.0,0.0
2016-01-05 00:00:00+09:00,261.2509059906006,264.9175853729248,260.33423614501953,264.00091552734375,6300,0.0,0.0
2016-01-06 00:00:00+09:00,261.2509460449219,268.58430593390216,261.2509460449219,261.2509460449219,1900,0.0,0.0
2016-01-07 00:00:00+09:00,264.00091552734375,264.00091552734375,264.00091552734375,264.00091552734375,2400,0.0,0.0
2016-01-08 00:00:00+09:00,264.91761958681303,265.83428955078125,264.0009496228448,265.83428955078125,1000,0.0,0.0
2016-01-12 00:00:00+09:00,265.8342886819534,267.66762860389787,256.66758907223084,257.5842590332031,12800,0.0,0.0
2016-01-13 00:00:00+09:00,258.5009253717238,258.5009253717238,254.83424557921708,255.75091552734375,1500,0.0,0.0
2016-01-14 00:00:00+09:00,255.7509409033734,255.7509409033734,253.0009307861328,253.0009307861328,3300,0.0,0.0
2016-01-15 00:00:00+09:00,253.00090922834184,257.5842590332031,253.00090922834184,257.5842590332031,1400,0.0,0.0
2016-01-18 00:00:00+09:00,252.0842253487065,253.00089525906543,240.1675165140404,242.9175262451172,4600,0.0,0.0
2016-01-19 00:00:00+09:00,242.91753705577216,248.41755676269528,242.91753705577216,248.4175567626953,1500,0.0,0.0
2016-01-20 00:00:00+09:00,241.08421463311888,242.9175546683517,233.7508544921875,233.7508544921875,8700,0.0,0.0
2016-01-21 00:00:00+09:00,232.83416490810586,239.2508544921875,229.16748514577347,239.2508544921875,3600,0.0,0.0
2016-01-22 00:00:00+09:00,243.83421502845562,247.50089495369556,243.83421502845562,244.75088500976562,1800,0.0,0.0
2016-01-25 00:00:00+09:00,253.0009307861328,253.0009307861328,253.0009307861328,253.0009307861328,400,0.0,0.0
2016-01-26 00:00:00+09:00,238.3341845516044,241.0841943733537,229.16748514577347,239.2508544921875,5800,0.0,0.0
2016-01-27 00:00:00+09:00,246.58420588655292,247.50087579691186,242.9175262451172,242.9175262451172,600,0.0,0.0
2016-01-28 00:00:00+09:00,242.00086795241208,242.00086795241208,241.08419799804688,241.08419799804688,1200,0.0,0.0
2016-01-29 00:00:00+09:00,253.0009307861328,253.0009307861328,253.0009307861328,253.0009307861328,900,0.0,0.0
2016-02-01 00:00:00+09:00,254.83423700547758,254.83423700547758,243.83419799804688,243.83419799804688,1100,0.0,0.0
2016-02-02 00:00:00+09:00,241.08421150964634,242.00088151538645,240.16754150390625,240.16754150390625,2000,0.0,0.0
2016-02-03 00:00:00+09:00,240.16752260648286,241.0841925400954,238.3341827392578,238.3341827392578,900,0.0,0.0
2016-02-04 00:00:00+09:00,241.0841925400954,242.91753240732046,238.3341827392578,238.3341827392578,5000,0.0,0.0
2016-02-05 00:00:00+09:00,233.7508383631253,241.08419799804688,233.7508383631253,241.08419799804688,700,0.0,0.0
2016-02-08 00:00:00+09:00,233.7508544921875,234.6675245098039,233.7508544921875,233.7508544921875,1600,0.0,0.0
2016-02-09 00:00:00+09:00,233.75083743117926,233.75083743117926,232.83416748046875,232.83416748046875,200,0.0,0.0
2016-02-10 00:00:00+09:00,232.83417745035482,232.83417745035482,229.16749749050672,230.08416748046875,6000,0.0,0.0
2016-02-12 00:00:00+09:00,229.16749428058492,229.16749428058492,212.6674346923828,212.6674346923828,6700,0.0,0.0
2016-02-15 00:00:00+09:00,218.16744604938108,218.16744604938108,198.0007073389341,200.75071716308594,10200,0.0,0.0
2016-02-16 00:00:00+09:00,201.66738600957962,201.66738600957962,189.7506768362863,192.5006866455078,6800,0.0,0.0
2016-02-17 00:00:00+09:00,197.08406236436633,197.08406236436633,189.75070190429688,189.75070190429688,8700,0.0,0.0
2016-02-18 00:00:00+09:00,192.5006955168968,198.00071538880812,192.5006955168968,197.08404541015625,1600,0.0,0.0
2016-02-19 00:00:00+09:00,206.25074768066406,211.7507676188151,204.41740770128038,206.25074768066406,5500,0.0,0.0
2016-02-22 00:00:00+09:00,210.83409118652344,210.83409118652344,210.83409118652344,210.83409118652344,100,0.0,0.0
2016-02-23 00:00:00+09:00,209.00073844328054,210.83407825418652,204.41738891601562,204.41738891601562,1500,0.0,0.0
2016-02-24 00:00:00+09:00,204.41740318397422,211.75076293945312,204.41740318397422,211.75076293945312,600,0.0,0.0
2016-02-25 00:00:00+09:00,210.83407825418652,210.83407825418652,204.41738891601562,204.41738891601562,500,0.0,0.0
2016-02-26 00:00:00+09:00,209.0007576497396,209.0007576497396,206.25074768066406,206.25074768066406,700,0.0,0.0
2016-02-29 00:00:00+09:00,203.50071901056265,207.16739863237459,203.50071901056265,204.41738891601562,300,0.0,0.0
2016-03-01 00:00:00+09:00,204.41738891601562,204.41738891601562,204.41738891601562,204.41738891601562,0,0.0,0.0
2016-03-02 00:00:00+09:00,206.25074231946792,210.8340921487894,203.500732421875,203.500732421875,4100,0.0,0.0
2016-03-03 00:00:00+09:00,209.00075126316239,210.83409118652344,209.00075126316239,210.83409118652344,300,0.0,0.0
2016-03-04 00:00:00+09:00,206.25073058264599,208.08407041004727,205.3340606689453,205.3340606689453,5700,0.0,0.0
2016-03-07 00:00:00+09:00,208.08408943108753,217.2507894060253,206.25074943609997,207.16741943359375,3300,0.0,0.0
2016-03-08 00:00:00+09:00,209.9174004105219,209.9174004105219,208.0840606689453,208.0840606689453,2200,0.0,0.0
2016-03-09 00:00:00+09:00,208.08408130148183,213.58410107156504,208.08408130148183,210.83409118652344,1900,0.0,0.0
2016-03-10 00:00:00+09:00,210.834096491081,217.2507863842878,210.834096491081,213.5841064453125,7900,0.0,0.0
2016-03-11 00:00:00+09:00,210.83409473813813,213.58410466950514,210.83409473813813,212.6674346923828,3600,0.0,0.0
2016-03-14 00:00:00+09:00,217.25079345703125,218.16746347161788,215.417453427858,217.25079345703125,3500,0.0,0.0
2016-03-15 00:00:00+09:00,220.00078986672793,220.00078986672793,218.16744995117188,218.16744995117188,3800,0.0,0.0
2016-03-16 00:00:00+09:00,221.8341435299644,222.75081354455102,217.25079345703125,217.25079345703125,1500,0.0,0.0
2016-03-17 00:00:00+09:00,224.5841396556181,224.5841396556181,218.16744995117188,218.16744995117188,4500,0.0,0.0
2016-03-18 00:00:00+09:00,218.1674444969664,218.1674444969664,215.4174346923828,215.4174346923828,400,0.0,0.0
2016-03-22 00:00:00+09:00,213.58411477434584,213.58411477434584,209.9174346923828,209.9174346923828,4400,0.0,0.0
2016-03-23 00:00:00+09:00,217.2507777060232,283.2510139711442,217.2507777060232,255.75091552734375,402700,0.0,0.0
2016-03-24 00:00:00+09:00,248.4175672797093,248.4175672797093,229.16749749050672,230.08416748046875,84000,0.0,0.0
2016-03-25 00:00:00+09:00,231.00082162710336,236.50084118965344,214.50076293945312,214.50076293945312,28300,0.0,0.0
2016-03-28 00:00:00+09:00,221.83412807194267,233.75083743117926,216.33410836767965,232.83416748046875,19300,0.0,0.0
2016-03-29 00:00:00+09:00,232.83417745035482,232.83417745035482,224.5841475406966,230.08416748046875,7300,0.0,0.0
2016-03-30 00:00:00+09:00,230.08415039062498,232.83416015625,226.417470703125,229.16748046875,4700,0.0,0.0
2016-03-31 00:00:00+09:00,231.00084048411887,234.6675204918033,216.33412045338116,223.66748046875,13300,0.0,0.0
2016-04-01 00:00:00+09:00,222.75081175464695,233.75085184129617,216.33412170410156,216.33412170410156,6000,0.0,0.0
2016-04-04 00:00:00+09:00,217.25079045530225,223.66748046875,216.33412045338116,223.66748046875,4600,0.0,0.0
2016-04-05 00:00:00+09:00,216.33411095660665,217.2507809182872,209.9174212248429,210.83409118652344,7000,0.0,0.0
2016-04-06 00:00:00+09:00,212.66742746453536,212.66742746453536,209.00074768066406,209.00074768066406,6400,0.0,0.0
2016-04-07 00:00:00+09:00,209.00075478389346,229.16749428058492,209.00075478389346,212.6674346923828,4800,0.0,0.0
2016-04-08 00:00:00+09:00,212.6674248877992,218.1674444969664,212.6674248877992,215.4174346923828,1500,0.0,0.0
2016-04-11 00:00:00+09:00,215.41744099492612,219.08412084164829,210.83409118652344,210.83409118652344,5900,0.0,0.0
2016-04-12 00:00:00+09:00,214.5007728477577,214.5007728477577,208.08408306171367,211.75076293945312,2400,0.0,0.0
2016-04-13 00:00:00+09:00,217.25079045530225,223.66748046875,217.25079045530225,223.66748046875,2700,0.0,0.0
2016-04-14 00:00:00+09:00,223.66746410613362,224.58413404099483,215.4174346923828,215.4174346923828,10100,0.0,0.0
2016-04-15 00:00:00+09:00,218.1674444969664,218.1674444969664,215.4174346923828,215.4174346923828,11700,0.0,0.0
2016-04-18 00:00:00+09:00,215.41742817048106,246.58420501216767,215.41742817048106,227.33413696289062,42600,0.0,0.0
2016-04-19 00:00:00+09:00,233.7508364307637,233.7508364307637,220.00078722895407,224.58413696289062,5500,0.0,0.0
2016-04-20 00:00:00+09:00,222.75079345703125,224.58413332087514,221.83412352510933,222.75079345703125,2500,0.0,0.0
2016-04-21 00:00:00+09:00,222.7508104668289,224.58415047067112,222.7508104668289,223.66748046875,1200,0.0,0.0
2016-04-22 00:00:00+09:00,224.58412724156534,231.00081659132437,224.58412724156534,227.33413696289062,3400,0.0,0.0
2016-04-25 00:00:00+09:00,224.58413332087514,224.58413332087514,222.75079345703125,222.75079345703125,7300,0.0,0.0
2016-04-26 00:00:00+09:00,224.5841433207194,224.5841433207194,220.00079345703125,220.00079345703125,2400,0.0,0.0
2016-04-27 00:00:00+09:00,220.00078185530734,221.83412170410156,220.00078185530734,221.83412170410156,1000,0.0,0.0
2016-04-28 00:00:00+09:00,225.50081146112547,225.50081146112547,217.25078177352333,219.08412170410156,2900,0.0,0.0
2016-05-02 00:00:00+09:00,217.2507702839325,220.91744995117188,216.33410036712266,220.91744995117188,5700,0.0,0.0
2016-05-06 00:00:00+09:00,217.25079171132234,221.83414174742617,213.58411168243924,216.33412170410156,6400,0.0,0.0
2016-05-09 00:00:00+09:00,217.25077999339385,221.834129782284,217.25077999339385,218.16744995117188,4100,0.0,0.0
2016-05-10 00:00:00+09:00,218.16744140625,230.08415039062498,218.16744140625,229.16748046875,6400,0.0,0.0
2016-05-11 00:00:00+09:00,229.16749749050672,233.75084744031685,229.16749749050672,230.08416748046875,7100,0.0,0.0
2016-05-12 00:00:00+09:00,222.7508104668289,229.16750048027666,222.7508104668289,223.66748046875,5300,0.0,0.0
2016-05-13 00:00:00+09:00,228.2508232116699,228.2508232116699,220.00079345703125,220.00079345703125,2900,0.0,0.0
2016-05-16 00:00:00+09:00,220.91746342976887,220.91746342976887,220.00079345703125,220.00079345703125,1100,0.0,0.0
2016-05-17 00:00:00+09:00,214.5007647575216,218.1674444969664,214.5007647575216,215.4174346923828,2100,0.0,0.0
2016-05-18 00:00:00+09:00,220.00080173298463,220.00080173298463,215.4174516968808,216.33412170410156,1500,0.0,0.0
2016-05-19 00:00:00+09:00,219.08412170410156,219.08412170410156,219.08412170410156,219.08412170410156,200,0.0,0.0
2016-05-20 00:00:00+09:00,219.08413172576385,220.00080173298463,216.33412170410156,216.33412170410156,500,0.0,0.0
2016-05-23 00:00:00+09:00,214.50077012005974,219.0841199089499,214.50077012005974,218.16744995117188,800,0.0,0.0
2016-05-24 00:00:00+09:00,214.50077643005633,215.41744641480014,213.5841064453125,213.5841064453125,800,0.0,0.0
2016-05-25 00:00:00+09:00,215.4174328665448,215.4174328665448,214.50076293945312,214.50076293945312,300,0.0,0.0
2016-05-26 00:00:00+09:00,212.6674346923828,214.5007746466275,212.6674346923828,212.6674346923828,4400,0.0,0.0
2016-05-27 00:00:00+09:00,210.83409118652344,210.83409118652344,210.83409118652344,210.83409118652344,900,0.0,0.0
2016-05-30 00:00:00+09:00,210.8340875725997,210.8340875725997,209.00074768066406,209.00074768066406,3700,0.0,0.0
2016-05-31 00:00:00+09:00,207.167390798157,209.0007305397336,207.167390798157,208.0840606689453,700,0.0,0.0
2016-06-01 00:00:00+09:00,210.8340801511492,210.8340801511492,203.50072084154402,205.3340606689453,1400,0.0,0.0
2016-06-02 00:00:00+09:00,205.33407141644022,212.66743110988452,205.33407141644022,210.83409118652344,1500,0.0,0.0
2016-06-03 00:00:00+09:00,210.83409297001828,213.58410287832285,208.08408306171367,211.75076293945312,2900,0.0,0.0
2016-06-06 00:00:00+09:00,211.75077473336432,211.75077473336432,209.9174346923828,209.9174346923828,1300,0.0,0.0
2016-06-07 00:00:00+09:00,208.0840606689453,221.83410873076988,207.167390798157,208.0840606689453,9000,0.0,0.0
2016-06-08 00:00:00+09:00,210.83409118652344,210.83409118652344,209.9174212248429,210.83409118652344,700,0.0,0.0
2016-06-09 00:00:00+09:00,212.66742308526977,215.4174328665448,211.7507531581781,214.50076293945312,1900,0.0,0.0
2016-06-10 00:00:00+09:00,214.50076293945312,216.3341027936365,214.50076293945312,214.50076293945312,5400,0.0,0.0
2016-06-13 00:00:00+09:00,212.66743290888797,212.66743290888797,211.75076293945312,211.75076293945312,900,0.0,0.0
2016-06-14 00:00:00+09:00,209.9174346923828,209.9174346923828,209.9174346923828,209.9174346923828,100,0.0,0.0
2016-06-15 00:00:00+09:00,209.9174004105219,209.9174004105219,207.167390798157,208.0840606689453,1800,0.0,0.0
2016-06-16 00:00:00+09:00,206.25074768066406,209.0007576497396,206.25074768066406,206.25074768066406,1700,0.0,0.0
2016-06-17 00:00:00+09:00,201.6673871044699,203.5007269872378,200.75071716308594,200.75071716308594,7000,0.0,0.0
2016-06-20 00:00:00+09:00,200.75072774251302,206.25074768066406,200.75072774251302,206.25074768066406,500,0.0,0.0
2016-06-21 00:00:00+09:00,201.66738101414273,205.3340606689453,201.66738101414273,205.3340606689453,2900,0.0,0.0
2016-06-22 00:00:00+09:00,201.6673755214225,202.58404541015625,200.75070563268878,202.58404541015625,1000,0.0,0.0
2016-06-23 00:00:00+09:00,200.75071716308594,200.75071716308594,200.75071716308594,200.75071716308594,200,0.0,0.0
2016-06-24 00:00:00+09:00,202.58405973326487,202.58405973326487,194.3340301513672,194.3340301513672,7900,0.0,0.0
2016-06-27 00:00:00+09:00,195.25070190429688,199.8340517142569,195.25070190429688,195.25070190429688,2600,0.0,0.0
2016-06-28 00:00:00+09:00,195.25070190429688,195.25070190429688,195.25070190429688,195.25070190429688,0,0.0,0.0
2016-06-29 00:00:00+09:00,198.9173825925535,204.41740238773932,198.9173825925535,203.500732421875,2100,0.0,0.0
2016-06-30 00:00:00+09:00,205.33406540890957,220.91745430155,205.33406540890957,215.4174346923828,2900,0.0,0.0
2016-07-01 00:00:00+09:00,215.417453427858,217.25079345703125,208.08409331116496,217.25079345703125,1700,0.0,0.0
2016-07-04 00:00:00+09:00,211.750761148204,211.750761148204,210.83409118652344,210.83409118652344,6400,0.0,0.0
2016-07-05 00:00:00+09:00,211.750761148204,212.66743110988452,210.83409118652344,210.83409118652344,10700,0.0,0.0
2016-07-06 00:00:00+09:00,209.91740834873355,209.91740834873355,204.41738891601562,204.41738891601562,2900,0.0,0.0
2016-07-07 00:00:00+09:00,204.41738891601562,206.2507287269216,204.41738891601562,204.41738891601562,2800,0.0,0.0
2016-07-08 00:00:00+09:00,204.41740944111243,207.16741943359375,204.41740944111243,207.16741943359375,500,0.0,0.0
2016-07-11 00:00:00+09:00,207.16741943359375,207.16741943359375,207.16741943359375,207.16741943359375,0,0.0,0.0
2016-07-12 00:00:00+09:00,213.58410466950514,213.58410466950514,212.6674346923828,212.6674346923828,500,0.0,0.0
2016-07-13 00:00:00+09:00,212.6674346923828,212.6674346923828,212.6674346923828,212.6674346923828,0,0.0,0.0
2016-07-14 00:00:00+09:00,206.25074943609997,212.66743941855643,206.25074943609997,207.16741943359375,1600,0.0,0.0
2016-07-15 00:00:00+09:00,207.16741943359375,207.16741943359375,207.16741943359375,207.16741943359375,0,0.0,0.0
2016-07-19 00:00:00+09:00,209.0007305397336,209.0007305397336,208.0840606689453,208.0840606689453,200,0.0,0.0
2016-07-20 00:00:00+09:00,208.08408943108753,209.0007594285813,207.16741943359375,207.16741943359375,6900,0.0,0.0
2016-07-21 00:00:00+09:00,213.58409741050318,213.58409741050318,208.08407773469622,209.00074768066406,2600,0.0,0.0
2016-07-22 00:00:00+09:00,218.1674508160425,260.3342690409919,218.1674508160425,226.41748046875,49100,0.0,0.0
2016-07-25 00:00:00+09:00,222.750791015625,231.91749023437498,216.3341015625,229.16748046875,9000,0.0,0.0
2016-07-26 00:00:00+09:00,224.58412961841123,224.58412961841123,216.33410036712266,220.91744995117188,6200,0.0,0.0
2016-07-27 00:00:00+09:00,221.8341404649078,233.75085048988217,221.8341404649078,223.66748046875,1500,0.0,0.0
2016-07-28 00:00:00+09:00,229.1674810992785,229.1674810992785,221.83412170410156,221.83412170410156,3200,0.0,0.0
2016-07-29 00:00:00+09:00,226.41747318471903,233.75083264009453,222.75079345703125,222.75079345703125,900,0.0,0.0
2016-08-01 00:00:00+09:00,222.750791015625,243.83419921875,222.750791015625,229.16748046875,3700,0.0,0.0
2016-08-02 00:00:00+09:00,225.50079345703125,225.50079345703125,224.5841235649295,225.50079345703125,800,0.0,0.0
2016-08-03 00:00:00+09:00,225.50079345703125,225.50079345703125,220.00077410442074,225.50079345703125,2500,0.0,0.0
2016-08-04 00:00:00+09:00,221.8341404649078,225.5008204725922,221.8341404649078,223.66748046875,600,0.0,0.0
2016-08-05 00:00:00+09:00,223.66748046875,223.66748046875,223.66748046875,223.66748046875,0,0.0,0.0
2016-08-08 00:00:00+09:00,223.6674573344569,227.33413696289062,223.6674573344569,227.33413696289062,600,0.0,0.0
2016-08-09 00:00:00+09:00,226.41748046875,226.41748046875,226.41748046875,226.41748046875,100,0.0,0.0
2016-08-10 00:00:00+09:00,221.83412352510933,222.75079345703125,221.83412352510933,222.75079345703125,2900,0.0,0.0
2016-08-12 00:00:00+09:00,222.75079345703125,222.75079345703125,220.9174535931874,222.75079345703125,600,0.0,0.0
2016-08-15 00:00:00+09:00,216.33411639954397,220.0007963385193,213.5841064453125,213.5841064453125,1400,0.0,0.0
2016-08-16 00:00:00+09:00,210.8340875725997,210.8340875725997,204.41739795082492,209.00074768066406,1200,0.0,0.0
2016-08-17 00:00:00+09:00,208.08408766004774,208.08408766004774,206.25074768066406,206.25074768066406,1000,0.0,0.0
2016-08-18 00:00:00+09:00,206.25074768066406,206.25074768066406,206.25074768066406,206.25074768066406,300,0.0,0.0
2016-08-19 00:00:00+09:00,206.25074768066406,206.25074768066406,206.25074768066406,206.25074768066406,0,0.0,0.0
2016-08-22 00:00:00+09:00,207.1674035227197,214.50076293945312,207.1674035227197,214.50076293945312,500,0.0,0.0
2016-08-23 00:00:00+09:00,209.9174212248429,211.750761148204,209.00075126316239,210.83409118652344,1900,0.0,0.0
2016-08-24 00:00:00+09:00,214.50078168966002,217.25079171132234,214.50078168966002,216.33412170410156,1500,0.0,0.0
2016-08-25 00:00:00+09:00,217.25077272072818,217.25077272072818,212.66742308526977,214.50076293945312,1700,0.0,0.0
2016-08-26 00:00:00+09:00,217.2507809182872,217.2507809182872,210.83409118652344,210.83409118652344,2700,0.0,0.0
2016-08-29 00:00:00+09:00,210.83409118652344,210.83409118652344,210.83409118652344,210.83409118652344,1300,0.0,0.0
2016-08-30 00:00:00+09:00,210.83409118652344,213.58410107156504,210.83409118652344,210.83409118652344,1800,0.0,0.0
2016-08-31 00:00:00+09:00,213.58410107156504,213.58410107156504,210.83409118652344,210.83409118652344,300,0.0,0.0
2016-09-01 00:00:00+09:00,213.58410107156504,213.58410107156504,210.83409118652344,210.83409118652344,1000,0.0,0.0
2016-09-02 00:00:00+09:00,210.8340875725997,210.8340875725997,208.08407773469622,209.00074768066406,3200,0.0,0.0
2016-09-05 00:00:00+09:00,209.9174004105219,210.83407028131023,208.0840606689453,208.0840606689453,4200,0.0,0.0
2016-09-06 00:00:00+09:00,206.25074768066406,206.25074768066406,206.25074768066406,206.25074768066406,600,0.0,0.0
2016-09-07 00:00:00+09:00,207.1674122853322,211.75076211465372,203.500732421875,203.500732421875,1100,0.0,0.0
2016-09-08 00:00:00+09:00,205.3340606689453,205.3340606689453,205.3340606689453,205.3340606689453,300,0.0,0.0
2016-09-09 00:00:00+09:00,205.3340588214686,205.3340588214686,204.41738891601562,204.41738891601562,2000,0.0,0.0
2016-09-12 00:00:00+09:00,204.41738891601562,204.41738891601562,204.41738891601562,204.41738891601562,2400,0.0,0.0
2016-09-13 00:00:00+09:00,205.33407769097224,206.25074768066406,204.41740770128038,206.25074768066406,1000,0.0,0.0
2016-09-14 00:00:00+09:00,205.3340588214686,208.08406853782756,204.41738891601562,204.41738891601562,1900,0.0,0.0
2016-09-15 00:00:00+09:00,205.3340588214686,205.3340588214686,204.41738891601562,204.41738891601562,3100,0.0,0.0
2016-09-16 00:00:00+09:00,204.41738891601562,205.3340588214686,204.41738891601562,204.41738891601562,3100,0.0,0.0
2016-09-20 00:00:00+09:00,205.3340723536036,206.25074231946792,203.500732421875,203.500732421875,400,0.0,0.0
2016-09-21 00:00:00+09:00,203.50071901056265,204.41738891601562,203.50071901056265,204.41738891601562,3800,0.0,0.0
2016-09-23 00:00:00+09:00,199.83404722170198,202.58405704585385,199.83404722170198,200.75071716308594,3400,0.0,0.0
2016-09-26 00:00:00+09:00,203.50072881525213,203.50072881525213,201.66738891601562,201.66738891601562,600,0.0,0.0
2016-09-27 00:00:00+09:00,201.66738891601562,201.66738891601562,201.66738891601562,201.66738891601562,1200,0.0,0.0
2016-09-28 00:00:00+09:00,201.66738891601562,201.66738891601562,201.66738891601562,201.66738891601562,100,0.0,0.0
2016-09-29 00:00:00+09:00,201.66738891601562,201.66738891601562,201.66738891601562,201.66738891601562,300,0.0,0.0
2016-09-30 00:00:00+09:00,204.41740238773932,204.41740238773932,203.500732421875,203.500732421875,1300,0.0,0.0
2016-10-03 00:00:00+09:00,203.50072881525213,204.4173987648704,201.66738891601562,201.66738891601562,2700,0.0,0.0
2016-10-04 00:00:00+09:00,201.6673755214225,203.50071529889,201.6673755214225,202.58404541015625,800,0.0,0.0
2016-10-05 00:00:00+09:00,202.58404541015625,204.41738518762372,202.58404541015625,202.58404541015625,5100,0.0,0.0
2016-10-06 00:00:00+09:00,202.58404910510967,204.41738891601562,202.58404910510967,204.41738891601562,4400,0.0,0.0
2016-10-07 00:00:00+09:00,204.41738891601562,205.3340588214686,204.41738891601562,204.41738891601562,1300,0.0,0.0
2016-10-11 00:00:00+09:00,204.41740238773932,204.41740238773932,203.500732421875,203.500732421875,1600,0.0,0.0
2016-10-12 00:00:00+09:00,205.33404258071192,276.83428955078125,205.33404258071192,276.83428955078125,264400,0.0,0.0
2016-10-13 00:00:00+09:00,306.1677517716173,350.16790771484375,303.4177420251657,350.16790771484375,2004800,0.0,0.0
2016-10-14 00:00:00+09:00,385.001339669955,416.1681147860942,304.33439231053586,324.5011291503906,2119300,0.0,0.0
2016-10-17 00:00:00+09:00,323.58448341475105,397.8347473144531,308.9177646197482,397.8347473144531,999300,0.0,0.0
2016-10-18 00:00:00+09:00,375.8346692721049,410.6681264241537,345.58456174532574,352.0012512207031,2927300,0.0,0.0
2016-10-19 00:00:00+09:00,388.66807740239614,398.7514473350054,337.3345577454759,341.91790771484375,1298200,0.0,0.0
2016-10-20 00:00:00+09:00,349.25124276202655,378.5846804743228,325.4178246207859,337.33453369140625,1482700,0.0,0.0
2016-10-21 00:00:00+09:00,349.25123368384135,349.25123368384135,323.5844763527454,325.4178161621094,289100,0.0,0.0
2016-10-24 00:00:00+09:00,308.91777930901065,319.00114896004663,302.50108953107866,313.5011291503906,251700,0.0,0.0
2016-10-25 00:00:00+09:00,308.0011143221003,309.8344542883033,286.0010347276646,292.417724609375,159000,0.0,0.0
2016-10-26 00:00:00+09:00,301.58441162109375,337.3345394424392,295.1677220121343,301.58441162109375,379900,0.0,0.0
2016-10-27 00:00:00+09:00,301.584428068262,306.1677780389043,290.58438813872056,294.2510681152344,51100,0.0,0.0
2016-10-28 00:00:00+09:00,296.08441162109375,305.2511116712824,293.33440160603715,296.08441162109375,30000,0.0,0.0
2016-10-31 00:00:00+09:00,300.6677283084754,304.3344079219934,290.5843593713009,302.5010681152344,59300,0.0,0.0
2016-11-01 00:00:00+09:00,300.6677523029384,314.41780195093867,296.0844024202717,307.0844421386719,84200,0.0,0.0
2016-11-02 00:00:00+09:00,307.084423828125,313.50111328125,275.0009765625,275.0009765625,94500,0.0,0.0
2016-11-04 00:00:00+09:00,277.75099428238406,288.75103365990424,253.9175756310904,255.75091552734375,103400,0.0,0.0
2016-11-07 00:00:00+09:00,249.33423905406926,264.00095899842626,248.41756905754693,254.83425903320312,34800,0.0,0.0
2016-11-08 00:00:00+09:00,262.1676088380644,264.9176187209811,257.5842590332031,257.5842590332031,22100,0.0,0.0
2016-11-09 00:00:00+09:00,257.5842806202497,263.08430084701655,216.33412891949794,236.50086975097656,41900,0.0,0.0
2016-11-10 00:00:00+09:00,249.33421371922347,309.8344273422703,246.58420400908497,302.5010681152344,734900,0.0,0.0
2016-11-11 00:00:00+09:00,287.8343437350526,305.25107154067683,262.16758696886956,269.5009460449219,225300,0.0,0.0
2016-11-14 00:00:00+09:00,280.5010070800781,342.8345642089844,279.5843371223001,342.8345642089844,864800,0.0,0.0
2016-11-15 00:00:00+09:00,345.5845797220866,351.08459955851237,311.66779073079425,330.0011901855469,837800,0.0,0.0
2016-11-16 00:00:00+09:00,365.75128778992564,378.5846663088704,318.08445329098794,323.58447265625,579500,0.0,0.0
2016-11-17 00:00:00+09:00,316.25113458502784,371.2513319041631,312.58445476375215,334.58453369140625,576800,0.0,0.0
2016-11-18 00:00:00+09:00,333.6678681069232,355.6679473227643,328.16784830296297,344.66790771484375,163200,0.0,0.0
2016-11-21 00:00:00+09:00,352.0012406947891,393.2513860887097,350.1679008995037,369.41796875,804600,0.0,0.0
2016-11-22 00:00:00+09:00,357.5012835334329,375.83468268899355,352.9179337445427,374.0013427734375,141100,0.0,0.0
2016-11-24 00:00:00+09:00,366.66798397219725,393.25141281018153,362.0846341725448,382.2513732910156,216600,0.0,0.0
2016-11-25 00:00:00+09:00,389.58470997057464,428.08484601472554,348.3345642089844,348.3345642089844,1197700,0.0,0.0
2016-11-28 00:00:00+09:00,341.0012341933752,354.75128395923707,332.751204333858,340.0845642089844,188400,0.0,0.0
2016-11-29 00:00:00+09:00,341.0012474165729,341.0012474165729,326.3345270975805,330.9178771972656,122300,0.0,0.0
2016-11-30 00:00:00+09:00,341.0012474165729,346.50126753619503,328.16786713745455,330.9178771972656,137000,0.0,0.0
2016-12-01 00:00:00+09:00,330.91783932811404,337.33452873336836,327.25115966796875,327.25115966796875,86900,0.0,0.0
2016-12-02 00:00:00+09:00,333.6678376374421,334.5845075210615,316.25110984867456,321.7511291503906,112400,0.0,0.0
2016-12-05 00:00:00+09:00,318.08448395281204,370.33467295946997,314.4178040225203,331.83453369140625,581700,0.0,0.0
2016-12-06 00:00:00+09:00,339.167897733223,363.001317573936,317.1678178802572,341.91790771484375,533700,0.0,0.0
2016-12-07 00:00:00+09:00,341.9178985992035,380.41803731546776,341.9178985992035,352.9179382324219,369600,0.0,0.0
2016-12-08 00:00:00+09:00,352.9179337445427,357.5012835334329,342.8345642089844,342.8345642089844,86200,0.0,0.0
2016-12-09 00:00:00+09:00,348.3345690451033,348.3345690451033,330.91784059284817,335.5011901855469,41300,0.0,0.0
2016-12-12 00:00:00+09:00,342.8345532624618,352.0012525475544,332.75118404885995,337.33453369140625,77400,0.0,0.0
2016-12-13 00:00:00+09:00,335.50123079158055,340.0845809390065,332.751220703125,332.751220703125,35900,0.0,0.0
2016-12-14 00:00:00+09:00,331.83449787020345,337.3345171719195,321.7511291503906,321.7511291503906,108600,0.0,0.0
2016-12-15 00:00:00+09:00,329.08451861108256,329.08451861108256,312.58445918211464,313.5011291503906,54900,0.0,0.0
2016-12-16 00:00:00+09:00,322.66782708815583,322.66782708815583,296.08439815191576,297.0010681152344,76000,0.0,0.0
2016-12-19 00:00:00+09:00,290.58440131773136,293.33441142483923,280.5010309250025,285.0843811035156,65000,0.0,0.0
2016-12-20 00:00:00+09:00,286.91770121577406,291.501051075451,281.4176813841618,290.5843811035156,28500,0.0,0.0
2016-12-21 00:00:00+09:00,290.584401512146,302.50111198425293,288.75106143951416,293.33441162109375,44900,0.0,0.0
2016-12-22 00:00:00+09:00,286.0009995497666,299.7510476050439,280.5009803276557,282.3343200683594,23900,0.0,0.0
2016-12-26 00:00:00+09:00,278.66766357421875,283.2510133040579,275.9176537363153,278.66766357421875,45000,0.0,0.0
2016-12-27 00:00:00+09:00,293.3343952458079,332.75120460696337,288.7510453200922,300.6677551269531,256900,0.0,0.0
2016-12-28 00:00:00+09:00,291.50106501652647,319.00116548978366,286.001044921875,297.9177551269531,54200,0.0,0.0
2016-12-29 00:00:00+09:00,302.5011016562258,302.5011016562258,292.41773160101826,296.08441162109375,36600,0.0,0.0
2016-12-30 00:00:00+09:00,292.41770384583293,296.084383517881,286.9176843377608,289.6676940917969,23700,0.0,0.0
2017-01-04 00:00:00+09:00,296.08442173004147,310.7511423110962,289.66773147583007,293.33441162109375,41100,0.0,0.0
2017-01-05 00:00:00+09:00,293.33440160603715,299.7510916411692,292.41773160101826,296.08441162109375,22700,0.0,0.0
2017-01-06 00:00:00+09:00,294.25106457557797,295.16773455867946,292.417724609375,292.417724609375,14000,0.0,0.0
2017-01-10 00:00:00+09:00,292.41771829864126,297.917738078553,292.41771829864126,297.0010681152344,19100,0.0,0.0
2017-01-11 00:00:00+09:00,298.83439818216027,302.50107791445674,296.08438838293796,299.7510681152344,23700,0.0,0.0
2017-01-12 00:00:00+09:00,297.0010571749705,297.0010571749705,289.6676977385515,291.50103759765625,21800,0.0,0.0
2017-01-13 00:00:00+09:00,288.75102417378486,293.33437376384495,285.08434450173684,289.6676940917969,13100,0.0,0.0
2017-01-16 00:00:00+09:00,290.5843811035156,297.00107090706325,290.5843811035156,290.5843811035156,9100,0.0,0.0
2017-01-17 00:00:00+09:00,291.5010187718775,293.33435851258116,282.3343200683594,282.3343200683594,9200,0.0,0.0
2017-01-18 00:00:00+09:00,284.1676770059036,288.7510266350311,283.2510070800781,283.2510070800781,5700,0.0,0.0
2017-01-19 00:00:00+09:00,284.167711067813,286.00105113921825,283.2510410321104,285.0843811035156,4300,0.0,0.0
2017-01-20 00:00:00+09:00,285.0843676053561,287.8343775822566,281.41768763615534,286.00103759765625,8700,0.0,0.0
2017-01-23 00:00:00+09:00,286.00103759765625,286.00103759765625,281.41768763615534,286.00103759765625,9000,0.0,0.0
2017-01-24 00:00:00+09:00,284.16767331598635,284.16767331598635,279.5843237463737,281.41766357421875,5900,0.0,0.0
2017-01-25 00:00:00+09:00,274.08430426283843,283.2510034020638,272.25096443499336,281.41766357421875,11100,0.0,0.0
2017-01-26 00:00:00+09:00,281.41765987208635,281.41765987208635,279.5843200683594,279.5843200683594,2000,0.0,0.0
2017-01-27 00:00:00+09:00,275.0009765625,280.50099609374996,275.0009765625,275.0009765625,22100,0.0,0.0
2017-01-30 00:00:00+09:00,275.0009631793761,276.83430293390524,273.16762342484685,275.9176330566406,14600,0.0,0.0
2017-01-31 00:00:00+09:00,276.8343066728548,279.58431634179044,275.91763678320956,277.7509765625,3900,0.0,0.0
2017-02-01 00:00:00+09:00,276.8343299687108,277.75099993549463,271.33431016800796,274.0843200683594,11000,0.0,0.0
2017-02-02 00:00:00+09:00,277.75095938373084,278.66762921668044,273.1676102189828,276.83428955078125,4300,0.0,0.0
2017-02-03 00:00:00+09:00,274.0843200683594,276.8343299687108,273.1676501015756,274.0843200683594,3500,0.0,0.0
2017-02-06 00:00:00+09:00,276.83428955078125,276.83428955078125,275.00094988488206,276.83428955078125,4300,0.0,0.0
2017-02-07 00:00:00+09:00,275.9176330566406,276.83430293390524,270.41761379305314,275.9176330566406,12700,0.0,0.0
2017-02-08 00:00:00+09:00,277.7509765625,277.7509765625,274.0842970039192,277.7509765625,5100,0.0,0.0
2017-02-09 00:00:00+09:00,275.0009668935644,279.58431634179044,275.0009668935644,277.7509765625,12900,0.0,0.0
2017-02-10 00:00:00+09:00,276.83431759929965,284.1676770059036,276.83431759929965,283.2510070800781,13600,0.0,0.0
2017-02-13 00:00:00+09:00,283.25102762075574,286.9177075899564,283.25102762075574,286.00103759765625,10600,0.0,0.0
2017-02-14 00:00:00+09:00,288.75104115964484,293.33439101932174,286.0010312438387,290.5843811035156,21900,0.0,0.0
2017-02-15 00:00:00+09:00,302.501115502778,309.834475878603,293.3344150329969,295.1677551269531,31400,0.0,0.0
2017-02-16 00:00:00+09:00,296.08441162109375,297.91775163113147,283.2510315508296,296.08441162109375,16900,0.0,0.0
2017-02-17 00:00:00+09:00,301.58443165120696,301.58443165120696,287.83438157592394,296.08441162109375,12200,0.0,0.0
2017-02-20 00:00:00+09:00,297.91775163113147,302.5011016562258,294.25107161105603,296.08441162109375,21100,0.0,0.0
2017-02-21 00:00:00+09:00,292.4177218010089,303.41776149258294,291.5010518267111,298.83441162109375,4400,0.0,0.0
2017-02-22 00:00:00+09:00,297.91775163113147,304.33444166626356,295.16774161607486,296.08441162109375,6400,0.0,0.0
2017-02-23 00:00:00+09:00,291.5010546262735,297.0010745248825,291.5010546262735,292.417724609375,4700,0.0,0.0
2017-02-24 00:00:00+09:00,292.4177413891366,292.4177413891366,284.167711067813,285.0843811035156,14200,0.0,0.0
2017-02-27 00:00:00+09:00,286.91768305775395,286.91768305775395,281.41766357421875,281.41766357421875,11800,0.0,0.0
2017-02-28 00:00:00+09:00,286.0010093814037,286.0010093814037,278.66765016649595,279.5843200683594,20200,0.0,0.0
2017-03-01 00:00:00+09:00,281.4176561210809,281.4176561210809,276.8343066728548,277.7509765625,4000,0.0,0.0
2017-03-02 00:00:00+09:00,279.5842990496301,282.3343085484789,276.83428955078125,276.83428955078125,7200,0.0,0.0
2017-03-03 00:00:00+09:00,276.8343066728548,283.2509959003713,276.8343066728548,277.7509765625,8700,0.0,0.0
2017-03-06 00:00:00+09:00,279.5843273767762,286.0010168575546,277.75098752512514,283.2510070800781,14500,0.0,0.0
2017-03-07 00:00:00+09:00,286.9176792832672,286.9176792832672,279.5843200683594,279.5843200683594,5800,0.0,0.0
2017-03-08 00:00:00+09:00,280.50098623143566,281.4176561210809,276.8343066728548,277.7509765625,5500,0.0,0.0
2017-03-09 00:00:00+09:00,277.7509728111698,278.6676426884344,275.9176330566406,275.9176330566406,5000,0.0,0.0
2017-03-10 00:00:00+09:00,283.2510034020638,284.16767331598635,277.7509839185286,281.41766357421875,8200,0.0,0.0
2017-03-13 00:00:00+09:00,282.3343085484789,282.3343085484789,276.83428955078125,276.83428955078125,9800,0.0,0.0
2017-03-14 00:00:00+09:00,277.75099720674405,280.5010070800781,276.83432724896596,280.5010070800781,12600,0.0,0.0
2017-03-15 00:00:00+09:00,281.4176734121222,284.1676832500257,277.7509936282509,278.66766357421875,18600,0.0,0.0
2017-03-16 00:00:00+09:00,280.50098997022286,281.41765987208635,278.66765016649595,279.5843200683594,4200,0.0,0.0
2017-03-17 00:00:00+09:00,282.33434335809005,284.1676832500257,278.66766357421875,278.66766357421875,19500,0.0,0.0
2017-03-21 00:00:00+09:00,278.6676464521452,281.4176561210809,277.7509765625,277.7509765625,6100,0.0,0.0
2017-03-22 00:00:00+09:00,276.83430293390524,276.83430293390524,275.9176330566406,275.9176330566406,1700,0.0,0.0
2017-03-23 00:00:00+09:00,275.917660001927,275.917660001927,274.0843200683594,274.0843200683594,3400,0.0,0.0
2017-03-24 00:00:00+09:00,275.00099003514316,281.4176798026299,274.0843200683594,274.0843200683594,6000,0.0,0.0
2017-03-27 00:00:00+09:00,275.00094988488206,276.83428955078125,274.0842800519324,276.83428955078125,700,0.0,0.0
2017-03-28 00:00:00+09:00,277.75099993549463,277.75099993549463,273.1676501015756,274.0843200683594,2300,0.0,0.0
2017-03-29 00:00:00+09:00,278.66765383245115,284.16767331598635,275.00097417676096,281.41766357421875,9300,0.0,0.0
2017-03-30 00:00:00+09:00,277.7509839185286,281.41766357421875,277.7509839185286,281.41766357421875,5700,0.0,0.0
2017-03-31 00:00:00+09:00,283.25099967581326,283.25099967581326,277.75098026463246,279.5843200683594,4100,0.0,0.0
2017-04-03 00:00:00+09:00,276.83432724896596,292.4177165311925,276.83432724896596,280.5010070800781,44900,0.0,0.0
2017-04-04 00:00:00+09:00,286.0010258838384,286.0010258838384,272.2509765625,272.2509765625,17900,0.0,0.0
2017-04-05 00:00:00+09:00,274.0843006571786,279.5843200683594,273.1676307553151,279.5843200683594,5700,0.0,0.0
2017-04-06 00:00:00+09:00,275.91763903643636,275.91763903643636,270.41761965365026,271.33428955078125,9000,0.0,0.0
2017-04-07 00:00:00+09:00,270.41765353823666,275.91767361020084,270.41765353823666,273.16766357421875,6300,0.0,0.0
2017-04-10 00:00:00+09:00,273.16766357421875,275.0010035982068,273.16766357421875,273.16766357421875,3700,0.0,0.0
2017-04-11 00:00:00+09:00,271.3343066077441,275.00098642676767,270.4176366529882,272.2509765625,4300,0.0,0.0
2017-04-12 00:00:00+09:00,270.41762052263533,270.41762052263533,256.6675720214844,256.6675720214844,13200,0.0,0.0
2017-04-13 00:00:00+09:00,256.6676109424536,256.6676109424536,249.33425062981206,253.0009307861328,7800,0.0,0.0
2017-04-14 00:00:00+09:00,279.5843324822894,294.25105156332756,265.8342833438162,270.4176330566406,57200,0.0,0.0
2017-04-17 00:00:00+09:00,266.7509460449219,288.7510240692453,261.25092653884104,266.7509460449219,30400,0.0,0.0
2017-04-18 00:00:00+09:00,275.9176352364676,275.9176352364676,261.25091708436304,269.5009460449219,18000,0.0,0.0
2017-04-19 00:00:00+09:00,269.5009557979623,270.4176257156425,262.16759645652115,266.7509460449219,10000,0.0,0.0
2017-04-20 00:00:00+09:00,266.7509250640869,267.66759490966797,262.16757583618164,264.00091552734375,2300,0.0,0.0
2017-04-21 00:00:00+09:00,264.00093629188143,268.58428588028215,264.00093629188143,266.7509460449219,11200,0.0,0.0
2017-04-24 00:00:00+09:00,266.75093639140226,280.5009846590003,265.83426650689574,269.5009460449219,21700,0.0,0.0
2017-04-25 00:00:00+09:00,276.83430893356734,276.83430893356734,264.9176002708641,271.33428955078125,24900,0.0,0.0
2017-04-26 00:00:00+09:00,283.2510410321104,288.7510612463261,278.66769085359726,285.0843811035156,44300,0.0,0.0
2017-04-27 00:00:00+09:00,286.0009995497666,286.0009995497666,280.5009803276557,282.3343200683594,9000,0.0,0.0
2017-04-28 00:00:00+09:00,284.1676832500257,284.1676832500257,278.66766357421875,278.66766357421875,10300,0.0,0.0
2017-05-01 00:00:00+09:00,278.66764427923385,284.16766357421875,278.66764427923385,284.16766357421875,5100,0.0,0.0
2017-05-02 00:00:00+09:00,284.1676770059036,284.1676770059036,281.41766722842715,283.2510070800781,8800,0.0,0.0
2017-05-08 00:00:00+09:00,285.08435419344676,286.9176940917969,285.08435419344676,286.9176940917969,4000,0.0,0.0
2017-05-09 00:00:00+09:00,285.0843432299089,285.0843432299089,281.41766357421875,281.41766357421875,8800,0.0,0.0
2017-05-10 00:00:00+09:00,281.41765019800755,282.3343200683594,279.5843104573039,282.3343200683594,12600,0.0,0.0
2017-05-11 00:00:00+09:00,280.5010034661544,284.1676832500257,278.66766357421875,278.66766357421875,4100,0.0,0.0
2017-05-12 00:00:00+09:00,281.41766357421875,281.41766357421875,279.5843237463737,281.41766357421875,2500,0.0,0.0
2017-05-15 00:00:00+09:00,281.4176539267263,286.9176732217112,277.7509743967364,284.16766357421875,11700,0.0,0.0
2017-05-16 00:00:00+09:00,290.5843527517011,290.5843527517011,278.66764427923385,284.16766357421875,25200,0.0,0.0
2017-05-17 00:00:00+09:00,279.5843200683594,282.33432977394983,278.66765016649595,279.5843200683594,13600,0.0,0.0
2017-05-18 00:00:00+09:00,279.5843335201866,280.5010034661544,275.9176537363153,278.66766357421875,5200,0.0,0.0
2017-05-19 00:00:00+09:00,283.25099369172125,285.08433345671625,281.4176539267263,284.16766357421875,5600,0.0,0.0
2017-05-22 00:00:00+09:00,282.33437099640776,286.00105113921825,282.33437099640776,285.0843811035156,3900,0.0,0.0
2017-05-23 00:00:00+09:00,282.33435762845556,287.8343775822566,275.91766768235425,286.00103759765625,17400,0.0,0.0
2017-05-24 00:00:00+09:00,286.0009995497666,286.0009995497666,282.3343200683594,282.3343200683594,2900,0.0,0.0
2017-05-25 00:00:00+09:00,279.5843104573039,287.83433929047027,275.91763097589666,282.3343200683594,23800,0.0,0.0
2017-05-26 00:00:00+09:00,283.25099369172125,284.16766357421875,281.4176539267263,284.16766357421875,5400,0.0,0.0
2017-05-29 00:00:00+09:00,283.2510169534122,283.2510169534122,279.5843371223001,280.5010070800781,2200,0.0,0.0
2017-05-30 00:00:00+09:00,280.50098997022286,282.33432977394983,279.5843200683594,279.5843200683594,2000,0.0,0.0
2017-05-31 00:00:00+09:00,281.41768763615534,288.7510475745568,281.41768763615534,286.00103759765625,18100,0.0,0.0
2017-06-01 00:00:00+09:00,284.1676770059036,284.1676770059036,280.50099730260166,283.2510070800781,6400,0.0,0.0
2017-06-02 00:00:00+09:00,281.41766722842715,284.1676770059036,280.50099730260166,283.2510070800781,12000,0.0,0.0
2017-06-05 00:00:00+09:00,282.3343085484789,282.3343085484789,276.83428955078125,276.83428955078125,15200,0.0,0.0
2017-06-06 00:00:00+09:00,276.8343299687108,277.75099993549463,274.0843200683594,274.0843200683594,10500,0.0,0.0
2017-06-07 00:00:00+09:00,271.33431016800796,275.917660001927,271.33431016800796,274.0843200683594,18900,0.0,0.0
2017-06-08 00:00:00+09:00,266.7509532863811,271.3343029992055,266.7509532863811,270.4176330566406,58300,0.0,0.0
2017-06-09 00:00:00+09:00,271.3343235502307,274.0843335862128,270.41765353823666,273.16766357421875,2600,0.0,0.0
2017-06-12 00:00:00+09:00,273.1676465172559,273.1676465172559,268.58429674347644,272.2509765625,3100,0.0,0.0
2017-06-13 00:00:00+09:00,273.1676501015756,274.0843200683594,271.33431016800796,274.0843200683594,7600,0.0,0.0
2017-06-14 00:00:00+09:00,275.0009668935644,277.7509765625,275.0009668935644,277.7509765625,4900,0.0,0.0
2017-06-15 00:00:00+09:00,280.50098623143566,280.50098623143566,276.8343066728548,277.7509765625,5100,0.0,0.0
2017-06-16 00:00:00+09:00,279.58431256569895,280.50098244296356,275.9176330566406,275.9176330566406,1300,0.0,0.0
2017-06-19 00:00:00+09:00,276.834310362769,280.50098997022286,276.834310362769,279.5843200683594,1900,0.0,0.0
2017-06-20 00:00:00+09:00,281.41767703785615,281.41767703785615,278.6676671645221,280.5010070800781,6200,0.0,0.0
2017-06-21 00:00:00+09:00,280.5010034661544,284.1676832500257,278.66766357421875,278.66766357421875,10300,0.0,0.0
2017-06-22 00:00:00+09:00,276.8343008462485,282.3343200683594,276.8343008462485,282.3343200683594,9200,0.0,0.0
2017-06-23 00:00:00+09:00,278.66765016649595,281.41765987208635,276.834310362769,279.5843200683594,3900,0.0,0.0
2017-06-26 00:00:00+09:00,280.5010236701709,280.5010236701709,267.66764350225463,273.16766357421875,27400,0.0,0.0
2017-06-27 00:00:00+09:00,274.084306640625,276.83431640624997,274.084306640625,275.0009765625,4700,0.0,0.0
2017-06-28 00:00:00+09:00,277.7509728111698,277.7509728111698,275.0009631793761,275.9176330566406,4500,0.0,0.0
2017-06-29 00:00:00+09:00,276.83428955078125,278.66762921668044,275.91761971783166,276.83428955078125,2100,0.0,0.0
2017-06-30 00:00:00+09:00,276.83430293390524,276.83430293390524,273.16762342484685,275.9176330566406,1800,0.0,0.0
2017-07-03 00:00:00+09:00,275.917660001927,275.917660001927,274.0843200683594,274.0843200683594,1100,0.0,0.0
2017-07-04 00:00:00+09:00,275.917660001927,276.8343299687108,274.0843200683594,274.0843200683594,9200,0.0,0.0
2017-07-05 00:00:00+09:00,275.917646484375,277.750986328125,273.16763671875,275.0009765625,6900,0.0,0.0
2017-07-06 00:00:00+09:00,275.91763678320956,277.7509765625,275.0009668935644,277.7509765625,10600,0.0,0.0
2017-07-07 00:00:00+09:00,279.58431256569895,280.50098244296356,275.9176330566406,275.9176330566406,5000,0.0,0.0
2017-07-10 00:00:00+09:00,276.83431640624997,280.50099609374996,275.0009765625,275.0009765625,7300,0.0,0.0
2017-07-11 00:00:00+09:00,279.5843371223001,280.5010070800781,276.83432724896596,280.5010070800781,3700,0.0,0.0
2017-07-12 00:00:00+09:00,280.5010034661544,283.2510133040579,278.66766357421875,278.66766357421875,2200,0.0,0.0
2017-07-13 00:00:00+09:00,282.3343200683594,282.3343200683594,275.91763097589666,282.3343200683594,5700,0.0,0.0
2017-07-14 00:00:00+09:00,286.00105113921825,286.00105113921825,279.5843608892999,285.0843811035156,12900,0.0,0.0
2017-07-17 00:00:00+09:00,285.0843811035156,285.0843811035156,285.0843811035156,285.0843811035156,0,0.0,0.0
2017-07-18 00:00:00+09:00,286.9176732217112,291.5010226341986,284.16766357421875,284.16766357421875,21400,0.0,0.0
2017-07-19 00:00:00+09:00,282.3343238092238,285.08433345671625,282.3343238092238,284.16766357421875,2700,0.0,0.0
2017-07-20 00:00:00+09:00,288.75103399014705,288.75103399014705,286.0010241426218,286.9176940917969,3400,0.0,0.0
2017-07-21 00:00:00+09:00,286.91770121577406,290.5843811035156,286.91770121577406,290.5843811035156,6300,0.0,0.0
2017-07-24 00:00:00+09:00,293.3343981211059,294.2510681152344,290.58438813872056,294.2510681152344,10700,0.0,0.0
2017-07-25 00:00:00+09:00,297.9177318445455,301.58441162109375,294.25105206799725,301.58441162109375,17700,0.0,0.0
2017-07-26 00:00:00+09:00,303.41775150936786,303.41775150936786,297.9177318445455,301.58441162109375,17000,0.0,0.0
2017-07-27 00:00:00+09:00,304.3344269283234,304.3344269283234,284.1676877945189,288.75103759765625,30900,0.0,0.0
2017-07-28 00:00:00+09:00,288.7510612463261,290.58440131773136,284.167711067813,285.0843811035156,10300,0.0,0.0
2017-07-31 00:00:00+09:00,288.7510612463261,288.7510612463261,285.0843811035156,285.0843811035156,4200,0.0,0.0
2017-08-01 00:00:00+09:00,286.0010033392137,288.75101298670614,284.16766357421875,284.16766357421875,8200,0.0,0.0
2017-08-02 00:00:00+09:00,284.16766357421875,288.75101298670614,284.16766357421875,284.16766357421875,1400,0.0,0.0
2017-08-03 00:00:00+09:00,284.1676976130559,287.8343775822566,284.1676976130559,286.00103759765625,2900,0.0,0.0
2017-08-04 00:00:00+09:00,289.6677211105444,289.6677211105444,281.41769107891497,287.8343811035156,9900,0.0,0.0
2017-08-07 00:00:00+09:00,287.83438157592394,296.08441162109375,286.9177115709051,296.08441162109375,19400,0.0,0.0
2017-08-08 00:00:00+09:00,297.00109522090935,297.00109522090935,291.5010749390407,295.1677551269531,7800,0.0,0.0
2017-08-09 00:00:00+09:00,295.1677381093628,295.1677381093628,291.501058132849,294.2510681152344,4400,0.0,0.0
2017-08-10 00:00:00+09:00,294.2510681152344,297.0010780976197,290.58438813872056,294.2510681152344,14200,0.0,0.0
2017-08-11 00:00:00+09:00,294.2510681152344,294.2510681152344,294.2510681152344,294.2510681152344,0,0.0,0.0
2017-08-14 00:00:00+09:00,301.58439864037746,333.66784530424735,300.66772873569545,325.4178161621094,213600,0.0,0.0
2017-08-15 00:00:00+09:00,331.83453965461115,334.58454965174883,316.25114967083107,319.00115966796875,43000,0.0,0.0
2017-08-16 00:00:00+09:00,322.66786024305554,392.33478461371527,322.66786024305554,379.50140380859375,925900,0.0,0.0
2017-08-17 00:00:00+09:00,386.8347006715374,388.6680404851466,357.5012636537905,371.2513122558594,501400,0.0,0.0
2017-08-18 00:00:00+09:00,367.58461984487684,407.91809434157153,357.5012512207031,357.5012512207031,310500,0.0,0.0
2017-08-21 00:00:00+09:00,359.33461446559176,430.8348693847656,358.41794453073055,430.8348693847656,529800,0.0,0.0
2017-08-22 00:00:00+09:00,458.3349886807528,504.1684875488281,440.0015891335227,504.1684875488281,1131100,0.0,0.0
2017-08-23 00:00:00+09:00,531.6685791015625,586.6687769396551,473.001701407597,531.6685791015625,2520700,0.0,0.0
2017-08-24 00:00:00+09:00,559.1686595036433,623.3355548565204,476.6683654785156,476.6683654785156,1846300,0.0,0.0
2017-08-25 00:00:00+09:00,476.66835937499997,538.0852441406249,450.084931640625,458.3349609375,1153100,0.0,0.0
2017-08-28 00:00:00+09:00,454.6683052289604,501.418473710164,444.58493555654394,462.9183349609375,684900,0.0,0.0
2017-08-29 00:00:00+09:00,472.0849944324028,472.0849944324028,445.501567561452,451.0015869140625,151500,0.0,0.0
2017-08-30 00:00:00+09:00,451.0015883759824,462.00162711686005,442.7515593203242,459.2516174316406,129200,0.0,0.0
2017-08-31 00:00:00+09:00,454.6683064778646,455.5849764506022,433.5848971048991,440.0015869140625,132300,0.0,0.0
2017-09-01 00:00:00+09:00,452.8349600565802,452.8349600565802,440.91825058140705,444.5849304199219,82700,0.0,0.0
2017-09-04 00:00:00+09:00,517.91845703125,517.91845703125,506.91841900580755,517.91845703125,536700,0.0,0.0
2017-09-05 00:00:00+09:00,508.7518357352976,524.3352252983608,435.418237791471,448.2516174316406,776700,0.0,0.0
2017-09-06 00:00:00+09:00,427.168197726611,452.8349563882958,420.75150806118984,442.7515869140625,188600,0.0,0.0
2017-09-07 00:00:00+09:00,452.8349767443363,516.0852062895979,445.5016167970596,484.9184265136719,1003100,0.0,0.0
2017-09-08 00:00:00+09:00,495.91847953048403,513.335209865196,454.66832873774507,467.501708984375,274100,0.0,0.0
2017-09-11 00:00:00+09:00,481.2517250990729,490.41842462476956,472.0850255733763,473.9183654785156,106400,0.0,0.0
2017-09-12 00:00:00+09:00,501.4184447553821,503.2517845899539,481.25170657509256,487.66839599609375,128200,0.0,0.0
2017-09-13 00:00:00+09:00,496.83505630493164,513.3351135253906,489.5016975402832,498.66839599609375,227600,0.0,0.0
2017-09-14 00:00:00+09:00,480.3350892310049,484.918439319087,456.5016687729779,467.501708984375,149200,0.0,0.0
2017-09-15 00:00:00+09:00,467.50165204096106,492.2517395019531,466.58498213499837,492.2517395019531,124300,0.0,0.0
2017-09-18 00:00:00+09:00,492.2517395019531,492.2517395019531,492.2517395019531,492.2517395019531,0,0.0,0.0
2017-09-19 00:00:00+09:00,510.58517810910246,512.4185180664062,496.8351284293241,512.4185180664062,123600,0.0,0.0
2017-09-20 00:00:00+09:00,513.3351539008806,537.1685717605643,506.0017945594395,533.5018920898438,276800,0.0,0.0
2017-09-21 00:00:00+09:00,517.0018570492175,553.6686554215024,504.16847761891773,538.0852661132812,240100,0.0,0.0
2017-09-22 00:00:00+09:00,550.0019728535353,575.6687315867003,495.91844552293776,544.501953125,307600,0.0,0.0
2017-09-25 00:00:00+09:00,546.3352734375,586.6687499999999,526.16853515625,572.918701171875,227900,0.0,0.0
2017-09-26 00:00:00+09:00,572.9187217224327,585.7521010890151,540.8352733059764,544.501953125,188200,0.0,0.0
2017-09-27 00:00:00+09:00,547.2520147386886,595.8355269349205,547.2520147386886,580.2521362304688,114500,0.0,0.0
2017-09-28 00:00:00+09:00,571.085361328125,592.16876953125,571.085361328125,572.918701171875,95000,0.0,0.0
2017-09-29 00:00:00+09:00,555.50197265625,572.918701171875,553.6686328124999,572.918701171875,76900,0.0,0.0
2017-10-02 00:00:00+09:00,570.1687225438067,581.1687622070312,563.752032740259,581.1687622070312,41600,0.0,0.0
2017-10-03 00:00:00+09:00,581.1687504732936,581.1687504732936,562.8353514047354,567.418701171875,40100,0.0,0.0
2017-10-04 00:00:00+09:00,569.2520410787308,579.3354105664378,563.7520213581633,567.418701171875,52300,0.0,0.0
2017-10-05 00:00:00+09:00,577.5020836139548,577.5020836139548,545.4186345242906,558.2520141601562,61100,0.0,0.0
2017-10-06 00:00:00+09:00,570.1687037522231,570.1687037522231,554.585314742918,563.7520141601562,29700,0.0,0.0
2017-10-09 00:00:00+09:00,563.7520141601562,563.7520141601562,563.7520141601562,563.7520141601562,0,0.0,0.0
2017-10-10 00:00:00+09:00,570.168758510958,581.1687988680826,551.8353579157504,560.0853881835938,160200,0.0,0.0
2017-10-11 00:00:00+09:00,555.5019981647359,567.4187076963227,527.0852292817215,531.6685791015625,138200,0.0,0.0
2017-10-12 00:00:00+09:00,527.085256896563,546.3353271484375,527.085256896563,546.3353271484375,51300,0.0,0.0
2017-10-13 00:00:00+09:00,532.5852568470348,538.0852767112038,504.1684875488281,504.1684875488281,76500,0.0,0.0
2017-10-16 00:00:00+09:00,498.66847518652156,504.1684951334317,466.58502549621227,468.4183654785156,98400,0.0,0.0
2017-10-17 00:00:00+09:00,481.2517489606177,481.2517489606177,469.3350389863548,470.251708984375,34800,0.0,0.0
2017-10-18 00:00:00+09:00,472.0850489804155,478.501738966557,470.251708984375,470.251708984375,20800,0.0,0.0
2017-10-19 00:00:00+09:00,469.33499623493975,472.08500597850383,449.1682581154697,456.5016174316406,67500,0.0,0.0
2017-10-20 00:00:00+09:00,456.50161373999816,462.00163318264873,449.1682544831307,454.66827392578125,30200,0.0,0.0
2017-10-23 00:00:00+09:00,462.0016622543335,471.16836190223694,460.1683223247528,469.33502197265625,24000,0.0,0.0
2017-10-24 00:00:00+09:00,469.3349975345168,469.3349975345168,450.08492927626514,464.75164794921875,40700,0.0,0.0
2017-10-25 00:00:00+09:00,464.7516713076036,468.4183511601291,459.2516515288154,461.0849914550781,34100,0.0,0.0
2017-10-26 00:00:00+09:00,454.6682930066748,475.75170175496817,454.6682930066748,472.08502197265625,32100,0.0,0.0
2017-10-27 00:00:00+09:00,468.4183406506554,486.7517395019531,467.50167070809056,486.7517395019531,27700,0.0,0.0
2017-10-30 00:00:00+09:00,486.7517457679198,488.5850856766501,477.5850462242678,482.16839599609375,26300,0.0,0.0
2017-10-31 00:00:00+09:00,479.4183789249581,484.0017286278736,469.3350095785441,478.501708984375,39800,0.0,0.0
2017-11-01 00:00:00+09:00,477.5850653900326,478.5017353811843,467.5016954873639,468.4183654785156,36900,0.0,0.0
2017-11-02 00:00:00+09:00,473.91837179660797,473.91837179660797,463.8350021839142,469.33502197265625,19700,0.0,0.0
2017-11-03 00:00:00+09:00,469.33502197265625,469.33502197265625,469.33502197265625,469.33502197265625,0,0.0,0.0
2017-11-06 00:00:00+09:00,473.9184095397476,477.5850896909255,469.33505935077517,473.0017395019531,31600,0.0,0.0
2017-11-07 00:00:00+09:00,469.33503486055776,472.08504483044385,459.25166497097547,460.1683349609375,41600,0.0,0.0
2017-11-08 00:00:00+09:00,467.5016748623585,467.5016748623585,458.33497535525345,465.6683349609375,13500,0.0,0.0
2017-11-09 00:00:00+09:00,470.25171903722423,475.75173914292276,458.3350088082108,467.501708984375,57300,0.0,0.0
2017-11-10 00:00:00+09:00,466.58501561977516,475.75171533725603,462.00166576103476,471.1683654785156,19300,0.0,0.0
2017-11-13 00:00:00+09:00,474.8350363611722,485.83507581355457,466.5850067718854,482.16839599609375,53300,0.0,0.0
2017-11-14 00:00:00+09:00,491.3350866381564,508.7518154555537,490.4184167003986,493.1684265136719,156300,0.0,0.0
2017-11-15 00:00:00+09:00,427.1681681499222,437.2515369259933,405.1680908203125,405.1680908203125,186200,0.0,0.0
2017-11-16 00:00:00+09:00,398.75143333103347,427.1682021431301,393.25141356095025,421.6681823730469,69400,0.0,0.0
2017-11-17 00:00:00+09:00,428.08484725113755,429.0015171595982,412.501458807306,417.0848083496094,60800,0.0,0.0
2017-11-20 00:00:00+09:00,409.7514658476177,426.2515248750385,409.7514658476177,418.0014953613281,29400,0.0,0.0
2017-11-21 00:00:00+09:00,422.58485945339856,433.58489917886664,413.4181596821752,425.3348693847656,53500,0.0,0.0
2017-11-22 00:00:00+09:00,428.0848968119561,437.2515969578224,428.0848968119561,434.5015869140625,30000,0.0,0.0
2017-11-23 00:00:00+09:00,434.5015869140625,434.5015869140625,434.5015869140625,434.5015869140625,0,0.0,0.0
2017-11-24 00:00:00+09:00,435.41825091252565,451.0016409451844,435.41825091252565,447.3349609375,52500,0.0,0.0
2017-11-27 00:00:00+09:00,454.6683366802377,520.6685791015625,452.83499661297867,520.6685791015625,147800,0.0,0.0
2017-11-28 00:00:00+09:00,493.1684589348806,506.00183890716374,464.7516889962537,470.251708984375,500300,0.0,0.0
2017-11-29 00:00:00+09:00,470.25170546081904,473.9183854254258,462.9183455316055,468.4183654785156,82100,0.0,0.0
2017-11-30 00:00:00+09:00,463.83496540348705,465.6683051876906,445.501567561452,451.0015869140625,82700,0.0,0.0
2017-12-01 00:00:00+09:00,451.91829372774157,452.834963694735,441.8349240908143,446.41827392578125,29600,0.0,0.0
2017-12-04 00:00:00+09:00,447.3349267779064,451.00160650559417,440.91823725445283,445.5015869140625,32100,0.0,0.0
2017-12-05 00:00:00+09:00,446.4182630764967,446.4182630764967,430.8348740163315,440.9182434082031,47200,0.0,0.0
2017-12-06 00:00:00+09:00,440.91826688818463,448.25162683642884,432.6682369464099,437.2515869140625,33000,0.0,0.0
2017-12-07 00:00:00+09:00,434.50152001749245,443.66821875203874,434.50152001749245,439.0848693847656,11700,0.0,0.0
2017-12-08 00:00:00+09:00,443.668259564568,443.668259564568,436.33489990234375,436.33489990234375,12400,0.0,0.0
2017-12-11 00:00:00+09:00,440.0015684185606,455.5849573000513,440.0015684185606,453.7516174316406,25600,0.0,0.0
2017-12-12 00:00:00+09:00,453.75161132812497,462.918310546875,447.33492187499996,458.3349609375,38500,0.0,0.0
2017-12-13 00:00:00+09:00,513.3351828835227,550.0019816609172,486.7517537699117,494.0851135253906,1422700,0.0,0.0
2017-12-14 00:00:00+09:00,492.2517664258726,496.83511620637415,477.58504712826743,490.4184265136719,127600,0.0,0.0
2017-12-15 00:00:00+09:00,486.75172851562496,493.16841796874996,478.50169921875,481.251708984375,74000,0.0,0.0
2017-12-18 00:00:00+09:00,479.4183789249581,485.8350685090398,467.5016696973779,478.501708984375,49000,0.0,0.0
2017-12-19 00:00:00+09:00,478.50169682323485,507.83513417638335,473.0016773195195,487.66839599609375,45000,0.0,0.0
2017-12-20 00:00:00+09:00,478.5017633021896,487.6684637485917,478.5017633021896,483.0851135253906,25300,0.0,0.0
2017-12-21 00:00:00+09:00,486.75168800354004,499.5850658416748,486.75168800354004,498.66839599609375,39300,0.0,0.0
2017-12-22 00:00:00+09:00,501.4184846292764,513.3351945016358,487.668434776554,507.8351745605469,78600,0.0,0.0
2017-12-25 00:00:00+09:00,480.3350830078125,498.6684831226145,474.83506297337186,480.3350830078125,142100,0.0,0.0
2017-12-26 00:00:00+09:00,477.5850729905922,484.0017630307729,468.41837293319116,480.3350830078125,37800,0.0,0.0
2017-12-27 00:00:00+09:00,481.25171732282104,495.91843632694514,478.5017075095478,493.1684265136719,19500,0.0,0.0
2017-12-28 00:00:00+09:00,490.41842290652846,494.0851027039605,485.8350731597385,488.5850830078125,12600,0.0,0.0
2017-12-29 00:00:00+09:00,485.8350767331703,495.0017762941735,481.2517269526687,490.4184265136719,16500,0.0,0.0
2018-01-01 00:00:00+09:00,490.4184265136719,490.4184265136719,490.4184265136719,490.4184265136719,0,0.0,0.0
2018-01-02 00:00:00+09:00,490.4184265136719,490.4184265136719,490.4184265136719,490.4184265136719,0,0.0,0.0
2018-01-03 00:00:00+09:00,490.4184265136719,490.4184265136719,490.4184265136719,490.4184265136719,0,0.0,0.0
2018-01-04 00:00:00+09:00,495.91843632694514,510.5851553310692,473.0016878830013,493.1684265136719,89500,0.0,0.0
2018-01-05 00:00:00+09:00,493.1684265136719,499.5851160779761,484.0017271360943,493.1684265136719,24800,0.0,0.0
2018-01-08 00:00:00+09:00,493.1684265136719,493.1684265136719,493.1684265136719,493.1684265136719,0,0.0,0.0
2018-01-09 00:00:00+09:00,498.6684676846591,504.1684875488281,495.91845775257457,504.1684875488281,20300,0.0,0.0
2018-01-10 00:00:00+09:00,504.1685214941053,528.0019425101902,502.3351814159449,506.0018615722656,47800,0.0,0.0
2018-01-11 00:00:00+09:00,506.9184766696184,508.75181654907453,499.5851171517939,501.41845703125,19400,0.0,0.0
2018-01-12 00:00:00+09:00,501.41843760595617,507.83512693546567,501.41843760595617,506.91845703125,31300,0.0,0.0
2018-01-15 00:00:00+09:00,509.6685139227351,516.0852038462227,498.6684740538991,499.58514404296875,63100,0.0,0.0
2018-01-16 00:00:00+09:00,507.83516745827416,510.58517739035864,500.5018076393821,504.1684875488281,35500,0.0,0.0
2018-01-17 00:00:00+09:00,502.33515401017775,504.1684939883171,498.6684740538991,499.58514404296875,19500,0.0,0.0
2018-01-18 00:00:00+09:00,500.5017860157339,502.3351258912494,493.1684265136719,493.1684265136719,19800,0.0,0.0
2018-01-19 00:00:00+09:00,491.335103617086,496.83512343369523,489.5017636782163,494.0851135253906,16500,0.0,0.0
2018-01-22 00:00:00+09:00,488.58510003822124,492.25177996346116,488.58510003822124,489.50177001953125,13500,0.0,0.0
2018-01-23 00:00:00+09:00,497.75179840797597,526.1685677461845,494.08511849336844,512.4185180664062,57400,0.0,0.0
2018-01-24 00:00:00+09:00,512.418474142892,517.0018236432757,509.6684644426618,513.3351440429688,22100,0.0,0.0
2018-01-25 00:00:00+09:00,511.5018562671445,544.5019760263151,511.5018562671445,532.5852661132812,77700,0.0,0.0
2018-01-26 00:00:00+09:00,528.9185594195567,540.8352687305693,519.7518599495471,534.4185791015625,50100,0.0,0.0
2018-01-29 00:00:00+09:00,543.5852849623736,561.0020141601562,533.5019154268152,561.0020141601562,75000,0.0,0.0
2018-01-30 00:00:00+09:00,565.5853932959402,565.5853932959402,530.7519330929488,536.251953125,74700,0.0,0.0
2018-01-31 00:00:00+09:00,527.0852605829128,559.1687112270902,515.168550343647,556.418701171875,56600,0.0,0.0
2018-02-01 00:00:00+09:00,564.6687519498752,565.5854220017419,540.8353306013415,550.918701171875,61200,0.0,0.0
2018-02-02 00:00:00+09:00,550.0020239637306,553.6687041234889,517.9185725658463,530.751953125,39900,0.0,0.0
2018-02-05 00:00:00+09:00,522.5018944034507,524.3352343838137,501.4184846292764,507.8351745605469,70300,0.0,0.0
2018-02-06 00:00:00+09:00,480.3350789625975,481.2517489606177,418.00151909722223,470.251708984375,102600,0.0,0.0
2018-02-07 00:00:00+09:00,485.83504438876156,494.0850734444198,454.668267956275,459.2516174316406,52800,0.0,0.0
2018-02-08 00:00:00+09:00,468.4183411730137,468.4183411730137,459.25164173714256,463.8349914550781,7000,0.0,0.0
2018-02-09 00:00:00+09:00,418.00149029670877,437.251558928794,417.08482036184756,430.8348693847656,68000,0.0,0.0
2018-02-12 00:00:00+09:00,430.8348693847656,430.8348693847656,430.8348693847656,430.8348693847656,0,0.0,0.0
2018-02-13 00:00:00+09:00,452.83497504124125,484.0017546999502,439.0849251918109,460.1683349609375,126300,0.0,0.0
2018-02-14 00:00:00+09:00,469.33501476377955,473.91836451733207,452.8349556509904,465.6683349609375,78600,0.0,0.0
2018-02-15 00:00:00+09:00,456.5016133496716,465.668312412918,429.00151615993235,431.75152587890625,97300,0.0,0.0
2018-02-16 00:00:00+09:00,424.4181798407372,436.3348889939328,417.08482036184756,430.8348693847656,71500,0.0,0.0
2018-02-19 00:00:00+09:00,440.0015719315895,472.0850198849346,436.33489216549293,455.5849609375,53800,0.0,0.0
2018-02-20 00:00:00+09:00,461.08498423849653,462.9183241360651,451.91828475065364,457.4183044433594,44500,0.0,0.0
2018-02-21 00:00:00+09:00,457.41827764149434,463.83496690700633,457.41827764149434,459.2516174316406,16900,0.0,0.0
2018-02-22 00:00:00+09:00,453.7516174316406,457.41829716846195,449.16826776061396,453.7516174316406,19400,0.0,0.0
2018-02-23 00:00:00+09:00,454.66831084521385,454.66831084521385,449.1682909559573,450.0849609375,11300,0.0,0.0
2018-02-26 00:00:00+09:00,450.08492802999103,460.1682970897261,450.08492802999103,456.5016174316406,31300,0.0,0.0
2018-02-27 00:00:00+09:00,460.168306971078,460.168306971078,451.91827756322994,453.7516174316406,15700,0.0,0.0
2018-02-28 00:00:00+09:00,453.75163001620894,454.6682999758376,442.75159050066446,444.5849304199219,22900,0.0,0.0
2018-03-01 00:00:00+09:00,437.2515798169513,438.1682497956032,430.83488996638806,433.58489990234375,36200,0.0,0.0
2018-03-02 00:00:00+09:00,426.25155290311153,426.25155290311153,402.418132740787,424.418212890625,37200,0.0,0.0
2018-03-05 00:00:00+09:00,421.66816160506704,425.33484127119806,411.5847925232067,418.91815185546875,19500,0.0,0.0
2018-03-06 00:00:00+09:00,418.9181830279305,433.5849027838318,418.9181830279305,427.168212890625,14700,0.0,0.0
2018-03-07 00:00:00+09:00,428.08484725113755,500.50177001953125,427.16817734267687,500.50177001953125,584600,0.0,0.0
2018-03-08 00:00:00+09:00,583.0021231919989,592.1688232421875,578.4187731669045,592.1688232421875,556500,0.0,0.0
2018-03-09 00:00:00+09:00,573.8353974441002,591.2521267594963,515.1685197501347,531.6685791015625,1915800,0.0,0.0
2018-03-12 00:00:00+09:00,536.251927168768,588.5021149441865,515.1685180664062,515.1685180664062,778700,0.0,0.0
2018-03-13 00:00:00+09:00,499.58511216542723,537.1685793191566,498.66844223484844,514.2518310546875,422000,0.0,0.0
2018-03-14 00:00:00+09:00,513.3351828835227,518.8352027001318,488.58509370878147,494.0851135253906,152900,0.0,0.0
2018-03-15 00:00:00+09:00,497.75179546057154,497.75179546057154,478.5017260228699,479.41839599609375,97800,0.0,0.0
2018-03-16 00:00:00+09:00,479.418371605597,482.1683813853614,460.16830314724604,474.83502197265625,116300,0.0,0.0
2018-03-19 00:00:00+09:00,470.2517028808594,471.16837286698194,435.4182434082031,435.4182434082031,128400,0.0,0.0
2018-03-20 00:00:00+09:00,442.75160687524567,467.50169670057,434.5015769334709,437.2515869140625,130200,0.0,0.0
2018-03-21 00:00:00+09:00,437.2515869140625,437.2515869140625,437.2515869140625,437.2515869140625,0,0.0,0.0
2018-03-22 00:00:00+09:00,440.9182299855339,443.6682397359634,437.2515503182945,441.83489990234375,47100,0.0,0.0
2018-03-23 00:00:00+09:00,429.0015420664912,430.83488198985225,418.91817248800527,421.6681823730469,110600,0.0,0.0
2018-03-26 00:00:00+09:00,416.16816260296366,423.501522296408,410.66814283288045,421.6681823730469,50500,0.0,0.0
2018-03-27 00:00:00+09:00,433.5848955426897,437.25157542042916,419.8348460011668,423.50152587890625,40100,0.0,0.0
2018-03-28 00:00:00+09:00,428.16563681325607,443.09080062373994,424.4343458606351,433.7625732421875,35600,8.0,0.0
2018-03-29 00:00:00+09:00,435.6282474517822,447.75494384765625,432.82977905273435,447.75494384765625,23100,0.0,0.0
2018-03-30 00:00:00+09:00,447.7548990210062,455.2174806713563,447.7548990210062,449.62054443359375,20000,0.0,0.0
2018-04-02 00:00:00+09:00,447.7549407441738,454.28470029669296,440.2923583984375,440.2923583984375,28600,0.0,0.0
2018-04-03 00:00:00+09:00,434.69539947187167,441.22515869140625,432.82975398057613,441.22515869140625,20800,0.0,0.0
2018-04-04 00:00:00+09:00,441.2251381973841,446.82207441130447,436.5610246857839,445.8892517089844,18400,0.0,0.0
2018-04-05 00:00:00+09:00,444.023647801832,456.1503440653274,444.023647801832,454.2846984863281,26300,0.0,0.0
2018-04-06 00:00:00+09:00,456.1503123747997,457.08313509949255,432.82974425747864,436.56103515625,58800,0.0,0.0
2018-04-09 00:00:00+09:00,432.82975225712954,439.35951145066383,430.9641067732626,437.4938659667969,17400,0.0,0.0
2018-04-10 00:00:00+09:00,441.2251714996403,441.2251714996403,433.7625893178282,435.62823486328125,11000,0.0,0.0
2018-04-11 00:00:00+09:00,433.76258767706787,436.5610559846619,430.0312966002759,431.8969421386719,16000,0.0,0.0
2018-04-12 00:00:00+09:00,430.96409514054005,434.6953860075577,426.299981556768,429.09844970703125,15500,0.0,0.0
2018-04-13 00:00:00+09:00,430.03127242378565,432.8297405740489,427.2328042735224,429.09844970703125,7500,0.0,0.0
2018-04-16 00:00:00+09:00,426.30000051426515,429.0984687889759,409.5091908660009,420.70306396484375,26500,0.0,0.0
2018-04-17 00:00:00+09:00,420.70305411163463,420.70305411163463,407.64353580218256,416.0389404296875,25000,0.0,0.0
2018-04-18 00:00:00+09:00,418.8373974194699,446.822078761528,417.90457470806797,439.3594970703125,43900,0.0,0.0
2018-04-19 00:00:00+09:00,439.35949959132984,439.35949959132984,425.3671588400136,429.09844970703125,35700,0.0,0.0
2018-04-20 00:00:00+09:00,432.8297478170956,445.8892660701976,430.96410235236675,444.02362060546875,32300,0.0,0.0
2018-04-23 00:00:00+09:00,449.6205735388896,463.6129150390625,444.02363693882046,463.6129150390625,65100,0.0,0.0
2018-04-24 00:00:00+09:00,460.81443872759417,477.6052482358871,459.88161597713344,462.6800842285156,63900,0.0,0.0
2018-04-25 00:00:00+09:00,462.68007615214646,463.61289888632416,451.4862033420139,461.74725341796875,22200,0.0,0.0
2018-04-26 00:00:00+09:00,465.47854715142364,468.2770153707709,449.6205605751227,451.4862060546875,28700,0.0,0.0
2018-04-27 00:00:00+09:00,451.4861961157685,456.1503097120058,445.8892598002838,446.82208251953125,16900,0.0,0.0
2018-04-30 00:00:00+09:00,446.82208251953125,446.82208251953125,446.82208251953125,446.82208251953125,0,0.0,0.0
2018-05-01 00:00:00+09:00,444.023647801832,455.2175212758278,444.023647801832,454.2846984863281,13700,0.0,0.0
2018-05-02 00:00:00+09:00,457.0831749087474,461.74728893842854,450.5534152671939,455.217529296875,26400,0.0,0.0
2018-05-03 00:00:00+09:00,455.217529296875,455.217529296875,455.217529296875,455.217529296875,0,0.0,0.0
2018-05-04 00:00:00+09:00,455.217529296875,455.217529296875,455.217529296875,455.217529296875,0,0.0,0.0
2018-05-07 00:00:00+09:00,461.74725341796875,471.0754807597459,460.81443068379104,461.74725341796875,30900,0.0,0.0
2018-05-08 00:00:00+09:00,459.88161425086537,466.4113734795795,449.62056403431467,458.94879150390625,46400,0.0,0.0
2018-05-09 00:00:00+09:00,458.01597510963865,458.94879786953607,453.3518613101515,456.15032958984375,11200,0.0,0.0
2018-05-10 00:00:00+09:00,456.1503244076135,457.08314715691336,444.9564514160156,444.9564514160156,23100,0.0,0.0
2018-05-11 00:00:00+09:00,446.8220986348428,451.4862123992983,446.8220986348428,448.687744140625,3200,0.0,0.0
2018-05-14 00:00:00+09:00,448.6877378353402,457.08314249338196,445.889269615993,451.4862060546875,19600,0.0,0.0
2018-05-15 00:00:00+09:00,454.28470344543456,455.2175262451172,444.02365264892575,447.75494384765625,21400,0.0,0.0
2018-05-16 00:00:00+09:00,402.9794315583426,420.70306396484375,402.9794315583426,420.70306396484375,100800,0.0,0.0
2018-05-17 00:00:00+09:00,413.2404580116272,423.50150775909424,413.2404580116272,417.9045715332031,23600,0.0,0.0
2018-05-18 00:00:00+09:00,418.83742316993505,431.89694193247203,408.57637271365604,414.1733093261719,78100,0.0,0.0
2018-05-21 00:00:00+09:00,415.10611590217144,416.03893863453584,410.44200224034927,412.3076477050781,22900,0.0,0.0
2018-05-22 00:00:00+09:00,413.2404704374425,414.173293169807,410.44200224034927,412.3076477050781,19100,0.0,0.0
2018-05-23 00:00:00+09:00,411.3748474121094,413.2404929786042,408.5763790623671,411.3748474121094,18600,0.0,0.0
2018-05-24 00:00:00+09:00,416.03895486367713,417.90460040118245,410.4420182511613,414.1733093261719,18700,0.0,0.0
2018-05-25 00:00:00+09:00,413.2404686217983,415.1061140783301,408.57635498046875,408.57635498046875,7000,0.0,0.0
2018-05-28 00:00:00+09:00,405.77789129624506,407.6435367734692,400.18095486457275,402.0466003417969,22900,0.0,0.0
2018-05-29 00:00:00+09:00,403.91224866594587,403.91224866594587,388.9870847429548,391.7855529785156,22000,0.0,0.0
2018-05-30 00:00:00+09:00,388.9871039843037,390.85274956696225,379.65887607101104,383.3901672363281,22700,0.0,0.0
2018-05-31 00:00:00+09:00,390.8527562010522,390.8527562010522,378.7260597079408,380.5917053222656,11700,0.0,0.0
2018-06-01 00:00:00+09:00,382.4573059082031,387.1214193948885,377.79319242151774,382.4573059082031,20600,0.0,0.0
2018-06-04 00:00:00+09:00,389.91989447146045,457.0831298828125,389.91989447146045,457.0831298828125,150600,0.0,0.0
2018-06-05 00:00:00+09:00,481.3365309047078,491.59758098213376,419.77023044015215,430.0312805175781,361300,0.0,0.0
2018-06-06 00:00:00+09:00,425.3671677935818,425.3671677935818,407.64353580218256,416.0389404296875,36000,0.0,0.0
2018-06-07 00:00:00+09:00,417.9045832193654,430.9641014449706,414.17329229776396,426.29998779296875,24700,0.0,0.0
2018-06-08 00:00:00+09:00,433.7626057942708,433.7626057942708,419.770263671875,419.770263671875,9700,0.0,0.0
2018-06-11 00:00:00+09:00,419.770263671875,426.30002332899306,417.90461805555555,419.770263671875,10800,0.0,0.0
2018-06-12 00:00:00+09:00,418.8373979936566,434.69538410922934,418.8373979936566,425.3671569824219,23600,0.0,0.0
2018-06-13 00:00:00+09:00,425.36715639928343,445.88925605012605,422.56868826507764,439.3594970703125,29500,0.0,0.0
2018-06-14 00:00:00+09:00,436.5610672255694,445.8892951577397,430.0313076730502,440.2923583984375,21700,0.0,0.0
2018-06-15 00:00:00+09:00,444.0236169537927,444.0236169537927,433.76256698217145,436.56103515625,12800,0.0,0.0
2018-06-18 00:00:00+09:00,436.56105259486606,438.42669811877573,423.50153392749826,424.4343566894531,13700,0.0,0.0
2018-06-19 00:00:00+09:00,424.43432651866567,424.43432651866567,407.64351799704815,410.4419860839844,15400,0.0,0.0
2018-06-20 00:00:00+09:00,403.91224931095616,412.30765403104533,401.11378107092645,409.5091857910156,9100,0.0,0.0
2018-06-21 00:00:00+09:00,403.9122555933961,410.44201492169583,403.9122555933961,406.7107238769531,5200,0.0,0.0
2018-06-22 00:00:00+09:00,406.7107286431017,406.7107286431017,399.24814646616403,400.18096923828125,15800,0.0,0.0
2018-06-25 00:00:00+09:00,396.44967968337204,398.3153252348232,384.32298359893946,386.1886291503906,14800,0.0,0.0
2018-06-26 00:00:00+09:00,382.4573266300154,384.32297212577157,374.06192189911263,377.793212890625,16800,0.0,0.0
2018-06-27 00:00:00+09:00,391.7855588223072,452.41903816385474,384.3229767495013,438.42669677734375,253800,0.0,0.0
2018-06-28 00:00:00+09:00,436.5610466723172,436.5610466723172,395.516845703125,395.516845703125,84500,0.0,0.0
2018-06-29 00:00:00+09:00,400.1809772580169,410.4420279569404,398.31533167639446,401.1138000488281,14900,0.0,0.0
2018-07-02 00:00:00+09:00,408.5763971916983,408.5763971916983,395.5168776467582,399.2481689453125,7600,0.0,0.0
2018-07-03 00:00:00+09:00,397.3824992819393,402.04661312327664,388.0542715992647,396.4496765136719,10800,0.0,0.0
2018-07-04 00:00:00+09:00,392.7183757237026,397.38248944963726,387.1214392525809,391.7855529785156,5900,0.0,0.0
2018-07-05 00:00:00+09:00,385.2557789124164,390.8527151678026,361.9352111816406,361.9352111816406,35700,0.0,0.0
2018-07-06 00:00:00+09:00,369.39778236887565,373.1290730998744,363.8008462723775,371.263427734375,13800,0.0,0.0
2018-07-09 00:00:00+09:00,378.72605172422067,384.32298844920916,370.3306466367379,379.65887451171875,6400,0.0,0.0
2018-07-10 00:00:00+09:00,390.8527396817513,390.8527396817513,374.0619298624875,378.7260437011719,15000,0.0,0.0
2018-07-11 00:00:00+09:00,377.79322574013156,378.7260485197368,371.26346628289474,372.1962890625,12700,0.0,0.0
2018-07-12 00:00:00+09:00,373.1290974224595,383.3901476015771,372.1962746789033,374.0619201660156,7900,0.0,0.0
2018-07-13 00:00:00+09:00,377.7932048079991,378.7260275359201,373.12909116839415,376.8603820800781,7800,0.0,0.0
2018-07-16 00:00:00+09:00,376.8603820800781,376.8603820800781,376.8603820800781,376.8603820800781,0,0.0,0.0
2018-07-17 00:00:00+09:00,375.92756565312794,376.8603883966841,373.1290974224595,374.0619201660156,5100,0.0,0.0
2018-07-18 00:00:00+09:00,374.99474464699074,388.05426311728394,374.99474464699074,377.793212890625,14700,0.0,0.0
2018-07-19 00:00:00+09:00,377.7932179402962,422.5687104369239,377.7932179402962,388.9870910644531,50000,0.0,0.0
2018-07-20 00:00:00+09:00,388.0542496515552,409.50917210825173,388.0542496515552,397.3824768066406,19100,0.0,0.0
2018-07-23 00:00:00+09:00,391.78556587624496,404.84508473878645,391.78556587624496,403.9122619628906,3500,0.0,0.0
2018-07-24 00:00:00+09:00,396.4496718512641,407.64354493882917,395.516849093967,402.97943115234375,5200,0.0,0.0
2018-07-25 00:00:00+09:00,409.5092002467105,411.37484580592104,401.1137952302632,407.6435546875,5200,0.0,0.0
2018-07-26 00:00:00+09:00,403.9122539096408,407.64354493882917,401.1137856377496,402.97943115234375,3800,0.0,0.0
2018-07-27 00:00:00+09:00,399.24810384114585,407.6435078938802,399.24810384114585,405.7778625488281,2900,0.0,0.0
2018-07-30 00:00:00+09:00,398.3153173658583,405.777899424235,396.4496718512641,402.97943115234375,13400,0.0,0.0
2018-07-31 00:00:00+09:00,399.2481321259607,404.84506855763306,398.31530938734863,402.0466003417969,4600,0.0,0.0
2018-08-01 00:00:00+09:00,398.31531902628205,418.83741977236684,398.31531902628205,406.7107238769531,10800,0.0,0.0
2018-08-02 00:00:00+09:00,405.777886795671,412.30764589353237,404.84506406740513,408.57635498046875,12300,0.0,0.0
2018-08-03 00:00:00+09:00,406.7107221815321,407.64354493882917,402.97943115234375,402.97943115234375,1300,0.0,0.0
2018-08-06 00:00:00+09:00,402.97939453125,405.7778625488281,401.11374918619794,405.7778625488281,900,0.0,0.0
2018-08-07 00:00:00+09:00,402.04661312327664,402.04661312327664,396.4496765136719,396.4496765136719,3100,0.0,0.0
2018-08-08 00:00:00+09:00,398.31531395102445,398.31531395102445,394.5840229538252,395.516845703125,4500,0.0,0.0
2018-08-09 00:00:00+09:00,397.38252329603534,402.0466374192282,394.5840548221196,399.2481689453125,800,0.0,0.0
2018-08-10 00:00:00+09:00,385.2557948736497,385.2557948736497,377.793212890625,377.793212890625,26600,0.0,0.0
2018-08-13 00:00:00+09:00,377.79323071849586,379.65887630229093,362.8680660481356,365.6665344238281,13500,0.0,0.0
2018-08-14 00:00:00+09:00,368.46499794407896,388.0542763157895,368.46499794407896,372.1962890625,4400,0.0,0.0
2018-08-15 00:00:00+09:00,377.79323387145996,377.79323387145996,373.1291198730469,373.1291198730469,4500,0.0,0.0
2018-08-16 00:00:00+09:00,371.26344839003855,372.1962711246869,364.7336892475002,366.5993347167969,5600,0.0,0.0
2018-08-17 00:00:00+09:00,367.5321960449219,376.8604243709351,362.86808188191526,367.5321960449219,8700,0.0,0.0
2018-08-20 00:00:00+09:00,367.53213700337625,374.06189578262405,367.53213700337625,371.263427734375,8800,0.0,0.0
2018-08-21 00:00:00+09:00,368.46495968612595,372.1962504171247,368.46495968612595,371.263427734375,3800,0.0,0.0
2018-08-22 00:00:00+09:00,367.53216380583933,367.53216380583933,359.13675904885315,363.8008728027344,13600,0.0,0.0
2018-08-23 00:00:00+09:00,361.9352050156849,365.66649578904253,361.00238232234557,364.7336730957031,3300,0.0,0.0
2018-08-24 00:00:00+09:00,360.06955962900616,366.59931848238193,360.06955962900616,364.7336730957031,5600,0.0,0.0
2018-08-27 00:00:00+09:00,369.3978093073918,369.3978093073918,361.00240455040563,363.8008728027344,6000,0.0,0.0
2018-08-28 00:00:00+09:00,368.46498648684394,438.4266927818143,368.46498648684394,413.240478515625,246400,0.0,0.0
2018-08-29 00:00:00+09:00,405.77790587098445,406.7107286431017,392.7183870613436,400.18096923828125,19300,0.0,0.0
2018-08-30 00:00:00+09:00,395.5168275970021,397.3824730101955,389.9198913574219,389.9198913574219,10200,0.0,0.0
2018-08-31 00:00:00+09:00,389.91992025329296,389.91992025329296,385.25580637466504,386.1886291503906,2400,0.0,0.0
2018-09-03 00:00:00+09:00,385.2558193580777,385.2558193580777,373.1291228649663,380.5917053222656,17500,0.0,0.0
2018-09-04 00:00:00+09:00,386.1886340242053,386.1886340242053,377.7932289367226,379.65887451171875,7500,0.0,0.0
2018-09-05 00:00:00+09:00,382.45735093659044,392.71840181537704,379.6588825151032,380.5917053222656,25600,0.0,0.0
2018-09-06 00:00:00+09:00,378.7260091963725,378.7260091963725,371.263427734375,371.263427734375,13900,0.0,0.0
2018-09-07 00:00:00+09:00,364.7336689551272,376.8603638308731,364.7336689551272,371.263427734375,9200,0.0,0.0
2018-09-10 00:00:00+09:00,375.9275593521571,377.7932048079991,372.1962684404732,376.8603820800781,2900,0.0,0.0
2018-09-11 00:00:00+09:00,377.7932111402402,380.59167937090865,373.1290974224595,374.0619201660156,19800,0.0,0.0
2018-09-12 00:00:00+09:00,370.33064188896856,373.12911021558546,368.4649963378906,368.4649963378906,6000,0.0,0.0
2018-09-13 00:00:00+09:00,368.4649865566156,373.1291003104968,362.8680500519581,363.8008728027344,11400,0.0,0.0
2018-09-14 00:00:00+09:00,359.1367467244466,374.9947329434481,359.1367467244466,369.3977966308594,20000,0.0,0.0
2018-09-17 00:00:00+09:00,369.3977966308594,369.3977966308594,369.3977966308594,369.3977966308594,0,0.0,0.0
2018-09-18 00:00:00+09:00,367.53217356235166,371.2634646645075,363.8008824601958,368.4649963378906,7300,0.0,0.0
2018-09-19 00:00:00+09:00,369.3977966308594,371.26344206838894,367.53215119332975,369.3977966308594,3900,0.0,0.0
2018-09-20 00:00:00+09:00,368.4649963378906,370.33064188896856,366.5993507868127,368.4649963378906,5400,0.0,0.0
2018-09-21 00:00:00+09:00,367.53215922396487,385.2557912677602,367.53215922396487,370.33062744140625,9300,0.0,0.0
2018-09-24 00:00:00+09:00,370.33062744140625,370.33062744140625,370.33062744140625,370.33062744140625,0,0.0,0.0
2018-09-25 00:00:00+09:00,374.99474113714183,374.99474113714183,369.3978047022591,370.33062744140625,1900,0.0,0.0
2018-09-26 00:00:00+09:00,372.19625239585764,374.9947204589844,371.26342970814875,374.9947204589844,5800,0.0,0.0
2018-09-27 00:00:00+09:00,375.92758513470085,381.52452188608595,363.80088884003305,365.6665344238281,13700,0.0,0.0
2018-09-28 00:00:00+09:00,369.3978191134296,377.7932240932803,367.53217356235166,368.4649963378906,9500,0.0,0.0
2018-10-01 00:00:00+09:00,373.12911021558546,373.12911021558546,368.4649963378906,368.4649963378906,8000,0.0,0.0
2018-10-02 00:00:00+09:00,370.33064188896856,371.2634646645075,367.53217356235166,368.4649963378906,3400,0.0,0.0
2018-10-03 00:00:00+09:00,367.53215379591114,367.53215379591114,357.27110381683747,359.1367492675781,36300,0.0,0.0
2018-10-04 00:00:00+09:00,361.0023947183188,362.8680401690595,359.1367492675781,359.1367492675781,4900,0.0,0.0
2018-10-05 00:00:00+09:00,363.8008628944298,363.8008628944298,359.1367492675781,359.1367492675781,3600,0.0,0.0
2018-10-08 00:00:00+09:00,359.1367492675781,359.1367492675781,359.1367492675781,359.1367492675781,0,0.0,0.0
2018-10-09 00:00:00+09:00,361.93523197821474,361.93523197821474,357.2711181640625,357.2711181640625,5400,0.0,0.0
2018-10-10 00:00:00+09:00,357.2711421195707,363.800901897213,355.4054964688158,360.0696105957031,5700,0.0,0.0
2018-10-11 00:00:00+09:00,356.3382691728308,356.3382691728308,350.7413330078125,350.7413330078125,8300,0.0,0.0
2018-10-12 00:00:00+09:00,345.1443968427942,355.4054464786611,345.1443968427942,350.7413330078125,7700,0.0,0.0
2018-10-15 00:00:00+09:00,353.53982198463297,353.53982198463297,337.68183524653597,346.0772399902344,9900,0.0,0.0
2018-10-16 00:00:00+09:00,346.0772364592749,346.0772364592749,338.6146545410156,338.6146545410156,9100,0.0,0.0
2018-10-17 00:00:00+09:00,343.2787619001879,344.2115846227427,338.61464828741356,341.4131164550781,16500,0.0,0.0
2018-10-18 00:00:00+09:00,342.3459569459321,359.1367668233892,341.41313417496224,347.01007080078125,41200,0.0,0.0
2018-10-19 00:00:00+09:00,337.68184621710526,340.48031455592104,334.8833778782895,336.7490234375,10600,0.0,0.0
2018-10-22 00:00:00+09:00,337.6818398276528,340.48030811351737,333.95054877983347,339.5474853515625,3700,0.0,0.0
2018-10-23 00:00:00+09:00,334.8833794580747,340.4803161621094,333.01773389006314,340.4803161621094,6800,0.0,0.0
2018-10-24 00:00:00+09:00,346.0772544633405,347.9429000399623,339.5474949451643,344.21160888671875,7900,0.0,0.0
2018-10-25 00:00:00+09:00,342.3459248750106,348.87568366009253,336.74898877351177,343.27874755859375,29600,0.0,0.0
2018-10-26 00:00:00+09:00,347.9428609765094,356.3382651287576,339.5474568242612,343.27874755859375,13700,0.0,0.0
2018-10-29 00:00:00+09:00,344.2115846227427,347.94287551296213,338.61464828741356,341.4131164550781,12500,0.0,0.0
2018-10-30 00:00:00+09:00,340.48032564730255,349.8085537472287,340.48032564730255,345.1444396972656,6000,0.0,0.0
2018-10-31 00:00:00+09:00,348.8757019042969,349.8085246366613,343.2787655101103,348.8757019042969,5800,0.0,0.0
2018-11-01 00:00:00+09:00,347.9428791719324,350.74134736902573,347.9428791719324,348.8757019042969,3100,0.0,0.0
2018-11-02 00:00:00+09:00,352.60700434991026,359.1367636897234,349.8085360614189,357.2711181640625,7000,0.0,0.0
2018-11-05 00:00:00+09:00,357.27110649557676,357.27110649557676,348.8757019042969,348.8757019042969,3500,0.0,0.0
2018-11-06 00:00:00+09:00,347.01007881880446,347.9429016113281,344.21161044123346,347.9429016113281,6300,0.0,0.0
2018-11-07 00:00:00+09:00,346.0772480298114,349.8085391136908,341.41313417496224,347.01007080078125,9000,0.0,0.0
2018-11-08 00:00:00+09:00,353.53982198463297,353.53982198463297,343.2787717423349,346.0772399902344,5800,0.0,0.0
2018-11-09 00:00:00+09:00,347.9429016113281,348.8757244038518,347.01007881880446,347.9429016113281,800,0.0,0.0
2018-11-12 00:00:00+09:00,347.9428791719324,348.8757019042969,346.07723370720356,348.8757019042969,1600,0.0,0.0
2018-11-13 00:00:00+09:00,346.0772480298114,347.9428935717511,346.0772480298114,347.01007080078125,1300,0.0,0.0
2018-11-14 00:00:00+09:00,346.0772654215495,354.47267078218005,345.14444260370163,352.6070251464844,11900,0.0,0.0
2018-11-15 00:00:00+09:00,348.875698235517,349.8085209580719,341.4131164550781,341.4131164550781,37000,0.0,0.0
2018-11-16 00:00:00+09:00,343.2787619001879,348.875698235517,341.4131164550781,341.4131164550781,11800,0.0,0.0
2018-11-19 00:00:00+09:00,344.2115991613367,345.14442192329153,339.5474853515625,339.5474853515625,20400,0.0,0.0
2018-11-20 00:00:00+09:00,344.21161978585377,386.1886465890067,344.21161978585377,352.6070251464844,83700,0.0,0.0
2018-11-21 00:00:00+09:00,350.7413349352385,355.40544843171773,347.0100441380551,354.4726257324219,13700,0.0,0.0
2018-11-22 00:00:00+09:00,360.06958474836125,360.06958474836125,353.5398254394531,353.5398254394531,4000,0.0,0.0
2018-11-23 00:00:00+09:00,353.5398254394531,353.5398254394531,353.5398254394531,353.5398254394531,0,0.0,0.0
2018-11-26 00:00:00+09:00,352.60697839615193,356.3382691728308,350.7413330078125,350.7413330078125,2500,0.0,0.0
2018-11-27 00:00:00+09:00,352.60702799268336,363.800901897213,345.1444453896636,360.0696105957031,14100,0.0,0.0
2018-11-28 00:00:00+09:00,361.0023947183188,361.93521744368917,357.27110381683747,359.1367492675781,1200,0.0,0.0
2018-11-29 00:00:00+09:00,358.20396205357144,358.20396205357144,351.6742023286365,352.6070251464844,3100,0.0,0.0
2018-11-30 00:00:00+09:00,352.60699638646315,356.3382873535156,352.60699638646315,356.3382873535156,3000,0.0,0.0
2018-12-03 00:00:00+09:00,354.4726319654551,355.4054546811536,350.74134110266084,351.6741638183594,5400,0.0,0.0
2018-12-04 00:00:00+09:00,351.6741782226563,353.53982373046875,349.80853271484375,349.80853271484375,3000,0.0,0.0
2018-12-05 00:00:00+09:00,349.8085103136428,352.60697839615193,349.8085103136428,350.7413330078125,1600,0.0,0.0
2018-12-06 00:00:00+09:00,349.80854719637546,350.7413699888991,347.9429016113281,347.9429016113281,6800,0.0,0.0
2018-12-07 00:00:00+09:00,350.7413330078125,351.6741557019822,350.7413330078125,350.7413330078125,300,0.0,0.0
2018-12-10 00:00:00+09:00,350.7413584950206,350.7413584950206,339.5474853515625,339.5474853515625,22500,0.0,0.0
2018-12-11 00:00:00+09:00,339.54747728079803,340.48030002058044,337.6818318012332,338.6146545410156,8400,0.0,0.0
2018-12-12 00:00:00+09:00,338.6146545410156,340.48030002058044,337.6818318012332,338.6146545410156,4000,0.0,0.0
2018-12-13 00:00:00+09:00,338.6146800273174,347.94290812724347,338.6146800273174,345.1444396972656,1500,0.0,0.0
2018-12-14 00:00:00+09:00,346.0772364592749,347.0100591990573,338.6146545410156,338.6146545410156,17600,0.0,0.0
2018-12-17 00:00:00+09:00,338.6146545410156,341.41312276036285,338.6146545410156,338.6146545410156,800,0.0,0.0
2018-12-18 00:00:00+09:00,338.6146656933317,338.6146656933317,326.4879696767661,329.28643798828125,14200,0.0,0.0
2018-12-19 00:00:00+09:00,328.35359909188037,333.01771271534454,327.4207763671875,327.4207763671875,4600,0.0,0.0
2018-12-20 00:00:00+09:00,327.4207763671875,329.2864218165732,322.75666274372327,327.4207763671875,17200,0.0,0.0
2018-12-21 00:00:00+09:00,321.8238589638158,322.75668174342104,315.29409950657896,319.025390625,14400,0.0,0.0
2018-12-24 00:00:00+09:00,319.025390625,319.025390625,319.025390625,319.025390625,0,0.0,0.0
2018-12-25 00:00:00+09:00,281.7124979784534,299.4361319572303,281.7124979784534,292.9063720703125,11100,0.0,0.0
2018-12-26 00:00:00+09:00,290.10787670064417,308.7643317939332,285.4437629273219,300.3689270019531,10300,0.0,0.0
2018-12-27 00:00:00+09:00,321.8238344445693,351.67416111768875,306.8986711080095,316.2268981933594,12700,0.0,0.0
2018-12-28 00:00:00+09:00,310.6299539599898,316.22689006737704,310.6299539599898,315.2940673828125,3700,0.0,0.0
2018-12-31 00:00:00+09:00,315.2940673828125,315.2940673828125,315.2940673828125,315.2940673828125,0,0.0,0.0
2019-01-04 00:00:00+09:00,311.56279883681844,316.22691259186064,311.56279883681844,314.36126708984375,1200,0.0,0.0
2019-01-07 00:00:00+09:00,314.36126708984375,314.36126708984375,314.36126708984375,314.36126708984375,0,0.0,0.0
2019-01-08 00:00:00+09:00,341.41313568884584,341.41313568884584,326.4879712871477,333.0177307128906,2900,0.0,0.0
2019-01-09 00:00:00+09:00,335.8162071185405,335.8162071185405,332.0849159283345,333.9505615234375,4400,0.0,0.0
2019-01-10 00:00:00+09:00,333.9505354400374,333.9505354400374,327.4207763671875,327.4207763671875,1500,0.0,0.0
2019-01-11 00:00:00+09:00,327.4207781724527,336.74900547081313,327.4207781724527,331.1520690917969,1700,0.0,0.0
2019-01-15 00:00:00+09:00,329.28644753568,333.9505615234375,329.28644753568,333.9505615234375,3100,0.0,0.0
2019-01-16 00:00:00+09:00,334.8833778782895,339.5474917763158,334.8833778782895,336.7490234375,2200,0.0,0.0
2019-01-17 00:00:00+09:00,341.4131164550781,350.74134368062676,341.4131164550781,341.4131164550781,3200,0.0,0.0
2019-01-18 00:00:00+09:00,340.4802937325233,349.8085209580719,340.4802937325233,341.4131164550781,9900,0.0,0.0
2019-01-21 00:00:00+09:00,363.8008958971178,370.3306555670661,345.1444396972656,345.1444396972656,6300,0.0,0.0
2019-01-22 00:00:00+09:00,360.0695979141358,360.0695979141358,346.0772560262808,347.9429016113281,7000,0.0,0.0
2019-01-23 00:00:00+09:00,351.6741638183594,351.6741638183594,351.6741638183594,351.6741638183594,100,0.0,0.0
2019-01-24 00:00:00+09:00,351.6741638183594,351.6741638183594,351.6741638183594,351.6741638183594,0,0.0,0.0
2019-01-25 00:00:00+09:00,336.74898877351177,347.9428609765094,336.74898877351177,343.27874755859375,8100,0.0,0.0
2019-01-28 00:00:00+09:00,346.07726250725824,346.07726250725824,344.211616887273,345.1444396972656,2400,0.0,0.0
2019-01-29 00:00:00+09:00,344.21160888671875,344.21160888671875,344.21160888671875,344.21160888671875,200,0.0,0.0
2019-01-30 00:00:00+09:00,344.21160888671875,344.21160888671875,344.21160888671875,344.21160888671875,0,0.0,0.0
2019-01-31 00:00:00+09:00,340.48031140399235,347.01007080078125,340.48031140399235,347.01007080078125,300,0.0,0.0
2019-02-01 00:00:00+09:00,349.80853271484375,349.80853271484375,341.4131279296875,349.80853271484375,4200,0.0,0.0
2019-02-04 00:00:00+09:00,361.0024092153843,361.0024092153843,355.4054726384016,357.2711181640625,800,0.0,0.0
2019-02-05 00:00:00+09:00,357.2711181640625,357.2711181640625,357.2711181640625,357.2711181640625,0,0.0,0.0
2019-02-06 00:00:00+09:00,361.935214880741,377.79320109974253,360.0695694432114,369.3977966308594,14200,0.0,0.0
2019-02-07 00:00:00+09:00,369.3977966308594,369.3977966308594,369.3977966308594,369.3977966308594,0,0.0,0.0
2019-02-08 00:00:00+09:00,369.3978157930596,369.3978157930596,360.06958812151765,361.0024108886719,13700,0.0,0.0
2019-02-12 00:00:00+09:00,370.33066454272586,377.79324720353645,366.5993732123206,367.5321960449219,5100,0.0,0.0
2019-02-13 00:00:00+09:00,368.4649963378906,374.9947557666634,367.53217356235166,368.4649963378906,5000,0.0,0.0
2019-02-14 00:00:00+09:00,396.4496830261079,396.4496830261079,373.12911343633687,375.9275817871094,13400,0.0,0.0
2019-02-15 00:00:00+09:00,374.9947787057325,374.9947787057325,364.7337275471179,367.5321960449219,11200,0.0,0.0
2019-02-18 00:00:00+09:00,370.33066454272586,374.0619558731312,363.8009047145166,367.5321960449219,13700,0.0,0.0
2019-02-19 00:00:00+09:00,374.99474290957176,374.99474290957176,368.46498370467873,374.0619201660156,3100,0.0,0.0
2019-02-20 00:00:00+09:00,373.1290750835666,374.9947204589844,373.1290750835666,374.9947204589844,1100,0.0,0.0
2019-02-21 00:00:00+09:00,371.263427734375,374.06189578262405,371.263427734375,371.263427734375,5300,0.0,0.0
2019-02-22 00:00:00+09:00,370.3306435032895,373.12911184210526,367.5321751644737,372.1962890625,2000,0.0,0.0
2019-02-25 00:00:00+09:00,374.9947204589844,374.9947204589844,368.46496164502196,374.9947204589844,4800,0.0,0.0
2019-02-26 00:00:00+09:00,374.9947204589844,374.9947204589844,374.9947204589844,374.9947204589844,0,0.0,0.0
2019-02-27 00:00:00+09:00,374.9947654724121,374.9947654724121,369.3978286743164,373.1291198730469,2800,0.0,0.0
2019-02-28 00:00:00+09:00,376.8604045707002,379.6588729214728,375.9275817871094,375.9275817871094,700,0.0,0.0
2019-03-01 00:00:00+09:00,375.9275817871094,375.9275817871094,375.9275817871094,375.9275817871094,0,0.0,0.0
2019-03-04 00:00:00+09:00,373.12911343633687,379.6588729214728,373.12911343633687,375.9275817871094,7000,0.0,0.0
2019-03-05 00:00:00+09:00,377.79321460677244,381.5245056152344,374.99474635042594,381.5245056152344,34800,0.0,0.0
2019-03-06 00:00:00+09:00,381.52448699805154,394.5840048904054,378.72601887826147,389.9198913574219,14800,0.0,0.0
2019-03-07 00:00:00+09:00,389.91990748814175,391.7855529785156,388.05426199776787,391.7855529785156,11600,0.0,0.0
2019-03-08 00:00:00+09:00,391.78554411857357,441.2251484954412,388.98707594629803,404.8450622558594,38000,0.0,0.0
2019-03-11 00:00:00+09:00,404.8450536727905,429.09844398498535,403.91223096847534,417.9045715332031,17000,0.0,0.0
2019-03-12 00:00:00+09:00,419.7702572045737,424.4343711735134,419.7702572045737,422.5687255859375,8100,0.0,0.0
2019-03-13 00:00:00+09:00,420.7030434190181,428.1656251204641,419.77022070633734,425.3671569824219,3700,0.0,0.0
2019-03-14 00:00:00+09:00,425.3671569824219,425.3671569824219,425.3671569824219,425.3671569824219,0,0.0,0.0
2019-03-15 00:00:00+09:00,427.23284613715276,427.23284613715276,416.0389724392361,419.770263671875,7900,0.0,0.0
2019-03-18 00:00:00+09:00,404.8450879293775,414.1733157618516,404.8450879293775,411.3748474121094,8200,0.0,0.0
2019-03-19 00:00:00+09:00,416.03894848578193,416.9717712402344,409.509189204615,416.9717712402344,3400,0.0,0.0
2019-03-20 00:00:00+09:00,416.9717631660769,417.90458590246635,405.7778903294037,416.0389404296875,4900,0.0,0.0
2019-03-22 00:00:00+09:00,414.1733029768771,419.77023950359165,408.57636645016254,416.9717712402344,2600,0.0,0.0
2019-03-25 00:00:00+09:00,416.03892612457275,417.9045715332031,411.3748126029968,417.9045715332031,4500,0.0,0.0
2019-03-26 00:00:00+09:00,417.90460060070194,431.8969421386719,417.90460060070194,431.8969421386719,17400,0.0,0.0
2019-03-27 00:00:00+09:00,425.2230220447887,425.2230220447887,419.5025329589844,419.5025329589844,200,10.0,0.0
2019-03-28 00:00:00+09:00,405.2013088407971,405.2013088407971,400.4342346191406,400.4342346191406,400,0.0,0.0
2019-03-29 00:00:00+09:00,400.4342346191406,400.4342346191406,400.4342346191406,400.4342346191406,0,0.0,0.0
2019-04-01 00:00:00+09:00,400.4342346191406,400.4342346191406,400.4342346191406,400.4342346191406,0,0.0,0.0
2019-04-02 00:00:00+09:00,399.4808351763557,407.1081542250689,399.4808351763557,405.2013244628906,300,0.0,0.0
2019-04-03 00:00:00+09:00,405.2013244628906,405.2013244628906,405.2013244628906,405.2013244628906,0,0.0,0.0
2019-04-04 00:00:00+09:00,391.85351598744154,405.201324317914,391.85351598744154,401.3876647949219,1000,0.0,0.0
2019-04-05 00:00:00+09:00,409.9683844826438,421.40936265425245,406.1547250921076,419.5025329589844,1700,0.0,0.0
2019-04-08 00:00:00+09:00,419.50254797109557,419.50254797109557,411.8752289170756,412.8286437988281,800,0.0,0.0
2019-04-09 00:00:00+09:00,419.5025329589844,419.5025329589844,419.5025329589844,419.5025329589844,700,0.0,0.0
2019-04-10 00:00:00+09:00,419.5025329589844,419.5025329589844,419.5025329589844,419.5025329589844,700,0.0,0.0
2019-04-11 00:00:00+09:00,404.2478942871094,404.2478942871094,404.2478942871094,404.2478942871094,1100,0.0,0.0
2019-04-12 00:00:00+09:00,409.968398795342,410.9218136762614,403.29449462890625,403.29449462890625,2700,0.0,0.0
2019-04-15 00:00:00+09:00,392.8069152832031,396.6205746548847,390.9000855973623,392.8069152832031,1300,0.0,0.0
2019-04-16 00:00:00+09:00,388.03984106860116,392.8069152832031,388.03984106860116,392.8069152832031,1000,0.0,0.0
2019-04-17 00:00:00+09:00,392.80693086818957,405.201324317914,386.1330267029533,401.3876647949219,1900,0.0,0.0
2019-04-18 00:00:00+09:00,409.9684143066406,409.9684143066406,402.3410949707031,402.3410949707031,300,0.0,0.0
2019-04-19 00:00:00+09:00,394.7137297475598,394.7137297475598,393.76031494140625,393.76031494140625,400,0.0,0.0
2019-04-22 00:00:00+09:00,392.80693050486616,397.57400490419707,389.9466858652676,391.853515625,2700,0.0,0.0
2019-04-23 00:00:00+09:00,388.03985595703125,388.03985595703125,388.03985595703125,388.03985595703125,200,0.0,0.0
2019-04-24 00:00:00+09:00,388.99324091063863,393.76031494140625,384.226166879871,393.76031494140625,1500,0.0,0.0
2019-04-25 00:00:00+09:00,393.76031494140625,393.76031494140625,393.76031494140625,393.76031494140625,0,0.0,0.0
2019-04-26 00:00:00+09:00,390.90008544921875,390.90008544921875,390.90008544921875,390.90008544921875,300,0.0,0.0
2019-05-07 00:00:00+09:00,384.2261962890625,384.2261962890625,384.2261962890625,384.2261962890625,2100,0.0,0.0
2019-05-08 00:00:00+09:00,381.365966796875,384.22621154785156,373.7386474609375,373.7386474609375,1900,0.0,0.0
2019-05-09 00:00:00+09:00,375.64546184000443,375.64546184000443,370.8783874511719,370.8783874511719,800,0.0,0.0
2019-05-10 00:00:00+09:00,376.59889221191406,381.365966796875,371.8318176269531,373.7386474609375,2000,0.0,0.0
2019-05-13 00:00:00+09:00,374.6920623779297,374.6920623779297,373.7386474609375,373.7386474609375,900,0.0,0.0
2019-05-14 00:00:00+09:00,373.73861662874515,373.73861662874515,369.9249572753906,369.9249572753906,2400,0.0,0.0
2019-05-15 00:00:00+09:00,367.0647135212194,379.4591064453125,367.0647135212194,379.4591064453125,400,0.0,0.0
2019-05-16 00:00:00+09:00,379.4591064453125,379.4591064453125,379.4591064453125,379.4591064453125,0,0.0,0.0
2019-05-17 00:00:00+09:00,371.8318176269531,371.8318176269531,368.0181579589844,368.0181579589844,6400,0.0,0.0
2019-05-20 00:00:00+09:00,366.1112962805706,366.1112962805706,345.13616993116295,350.8566589355469,4600,0.0,0.0
2019-05-21 00:00:00+09:00,346.0895996929848,348.94984431854664,346.0895996929848,347.9964294433594,500,0.0,0.0
2019-05-22 00:00:00+09:00,345.13616976711916,348.9498291015625,345.13616976711916,348.9498291015625,4300,0.0,0.0
2019-05-23 00:00:00+09:00,350.85665842973066,350.85665842973066,343.22933976821474,345.13616943359375,1500,0.0,0.0
2019-05-24 00:00:00+09:00,341.32252506691765,346.0895994393606,341.32252506691765,342.27593994140625,1000,0.0,0.0
2019-05-27 00:00:00+09:00,342.27592493552527,348.94982876435165,342.27592493552527,345.13616943359375,500,0.0,0.0
2019-05-28 00:00:00+09:00,345.13616943359375,345.13616943359375,345.13616943359375,345.13616943359375,100,0.0,0.0
2019-05-29 00:00:00+09:00,346.08961486816406,346.08961486816406,333.6952209472656,341.3225402832031,3100,0.0,0.0
2019-05-30 00:00:00+09:00,334.6486054333773,336.55543509396637,334.6486054333773,335.6020202636719,1700,0.0,0.0
2019-05-31 00:00:00+09:00,336.55545035250844,336.55545035250844,334.64862060546875,334.64862060546875,600,0.0,0.0
2019-06-03 00:00:00+09:00,334.64862060546875,334.64862060546875,334.64862060546875,334.64862060546875,500,0.0,0.0
2019-06-04 00:00:00+09:00,335.602035565687,336.5554504394531,335.602035565687,336.5554504394531,4500,0.0,0.0
2019-06-05 00:00:00+09:00,345.1361999511719,345.1361999511719,341.3225402832031,341.3225402832031,400,0.0,0.0
2019-06-06 00:00:00+09:00,334.6486207773988,349.9032587615537,334.6486207773988,338.4622802734375,2300,0.0,0.0
2019-06-07 00:00:00+09:00,338.46226492844056,338.46226492844056,337.50885009765625,337.50885009765625,1400,0.0,0.0
2019-06-10 00:00:00+09:00,337.5088653994278,342.2759397694762,337.5088653994278,338.4622802734375,1400,0.0,0.0
2019-06-11 00:00:00+09:00,345.1361999511719,345.1361999511719,341.3225402832031,341.3225402832031,2600,0.0,0.0
2019-06-12 00:00:00+09:00,343.22935481589485,343.22935481589485,341.32252506691765,342.27593994140625,1100,0.0,0.0
2019-06-13 00:00:00+09:00,347.04302978515625,347.04302978515625,339.41571044921875,339.41571044921875,5100,0.0,0.0
2019-06-14 00:00:00+09:00,339.41569531794045,342.27593994140625,339.41569531794045,342.27593994140625,800,0.0,0.0
2019-06-17 00:00:00+09:00,342.2759427220512,418.54913330078125,342.2759427220512,418.54913330078125,76300,0.0,0.0
2019-06-18 00:00:00+09:00,388.9932861328125,440.4776916503906,381.365966796875,436.6640319824219,72800,0.0,0.0
2019-06-19 00:00:00+09:00,423.31622314453125,431.89695739746094,402.3410949707031,415.68890380859375,13200,0.0,0.0
2019-06-20 00:00:00+09:00,409.01498369175755,421.40937713696235,397.5740051269531,397.5740051269531,1300,0.0,0.0
2019-06-21 00:00:00+09:00,389.94668650238106,409.0149841308594,375.6454632810224,409.0149841308594,5800,0.0,0.0
2019-06-24 00:00:00+09:00,400.43424931278935,400.43424931278935,386.1330261230469,386.1330261230469,2800,0.0,0.0
2019-06-25 00:00:00+09:00,373.7386177025031,383.27276611328125,373.7386177025031,383.27276611328125,5300,0.0,0.0
2019-06-26 00:00:00+09:00,375.6454473846587,386.1330106365147,375.6454473846587,383.27276611328125,1500,0.0,0.0
2019-06-27 00:00:00+09:00,383.27276836342526,438.5708294705861,382.31935351675,413.78204345703125,21900,0.0,0.0
2019-06-28 00:00:00+09:00,400.43425026736514,423.3162074255003,399.4808353857762,410.92181396484375,10100,0.0,0.0
2019-07-01 00:00:00+09:00,410.9218141743466,428.0832820516975,409.96839929227156,416.6423034667969,9200,0.0,0.0
2019-07-02 00:00:00+09:00,416.64231872558594,417.5957336425781,409.9684143066406,415.68890380859375,1500,0.0,0.0
2019-07-03 00:00:00+09:00,413.7820428839312,413.7820428839312,398.5274053582563,406.15472412109375,6100,0.0,0.0
2019-07-04 00:00:00+09:00,404.24789526255705,427.1298515981735,404.24789526255705,417.595703125,10200,0.0,0.0
2019-07-05 00:00:00+09:00,414.73547390836626,427.1298673814898,414.73547390836626,422.36279296875,26100,0.0,0.0
2019-07-08 00:00:00+09:00,424.2696228027344,429.0366972162482,422.3627930373288,424.2696228027344,14000,0.0,0.0
2019-07-09 00:00:00+09:00,421.409363066669,426.17643730950465,421.409363066669,425.2230224609375,10000,0.0,0.0
2019-07-10 00:00:00+09:00,425.2230225971767,428.08326714379444,411.87521471296037,427.1298522949219,10500,0.0,0.0
2019-07-11 00:00:00+09:00,427.1298828125,429.0367126464844,427.1298828125,429.0367126464844,2000,0.0,0.0
2019-07-12 00:00:00+09:00,431.89694128503334,431.89694128503334,409.0149841308594,409.0149841308594,700,0.0,0.0
2019-07-16 00:00:00+09:00,409.01499938964844,409.9684143066406,409.01499938964844,409.9684143066406,700,0.0,0.0
2019-07-17 00:00:00+09:00,406.15472412109375,406.15472412109375,406.15472412109375,406.15472412109375,100,0.0,0.0
2019-07-18 00:00:00+09:00,406.15472412109375,406.15472412109375,406.15472412109375,406.15472412109375,0,0.0,0.0
2019-07-19 00:00:00+09:00,413.78204345703125,413.78204345703125,413.78204345703125,413.78204345703125,100,0.0,0.0
2019-07-22 00:00:00+09:00,413.7820739746094,430.94354248046875,413.7820739746094,430.94354248046875,1300,0.0,0.0
2019-07-23 00:00:00+09:00,429.03668157655187,429.03668157655187,421.40936279296875,421.40936279296875,600,0.0,0.0
2019-07-24 00:00:00+09:00,416.6423034667969,416.6423034667969,416.6423034667969,416.6423034667969,100,0.0,0.0
2019-07-25 00:00:00+09:00,411.87522912514237,418.54913330078125,409.96839936067414,418.54913330078125,700,0.0,0.0
2019-07-26 00:00:00+09:00,422.3627784493736,433.80375664664786,422.3627784493736,432.850341796875,26900,0.0,0.0
2019-07-29 00:00:00+09:00,430.9435273222871,433.80377197265625,430.9435273222871,433.80377197265625,200,0.0,0.0
2019-07-30 00:00:00+09:00,413.78204400938563,421.40936279296875,413.78204400938563,421.40936279296875,600,0.0,0.0
2019-07-31 00:00:00+09:00,417.5957336425781,430.94354248046875,417.5957336425781,429.0367126464844,2200,0.0,0.0
2019-08-01 00:00:00+09:00,433.80377183732327,433.80377183732327,420.45596347309794,429.9901123046875,3700,0.0,0.0
2019-08-02 00:00:00+09:00,395.6671759272833,418.54913308934306,395.6671759272833,412.8286437988281,6600,0.0,0.0
2019-08-05 00:00:00+09:00,406.15473866755605,406.15473866755605,383.27278155952473,388.03985595703125,3000,0.0,0.0
2019-08-06 00:00:00+09:00,381.365966796875,381.365966796875,381.365966796875,381.365966796875,500,0.0,0.0
2019-08-07 00:00:00+09:00,381.3659359710385,381.3659359710385,377.5522766113281,377.5522766113281,2600,0.0,0.0
2019-08-08 00:00:00+09:00,381.36595172646605,392.80693027826004,381.36595172646605,386.1330261230469,2100,0.0,0.0
2019-08-09 00:00:00+09:00,389.9466857910156,389.9466857910156,389.9466857910156,389.9466857910156,600,0.0,0.0
2019-08-13 00:00:00+09:00,367.06471244494116,368.0181272824605,366.1112976074219,366.1112976074219,3000,0.0,0.0
2019-08-14 00:00:00+09:00,358.4839789072672,372.78520147005713,358.4839789072672,366.1112976074219,1100,0.0,0.0
2019-08-15 00:00:00+09:00,366.11131207191784,366.11131207191784,347.9964294433594,347.9964294433594,5200,0.0,0.0
2019-08-16 00:00:00+09:00,347.99641538921156,362.2976379394531,345.1361708791632,362.2976379394531,700,0.0,0.0
2019-08-19 00:00:00+09:00,357.53057861328125,357.53057861328125,357.53057861328125,357.53057861328125,400,0.0,0.0
2019-08-20 00:00:00+09:00,357.53057861328125,357.53057861328125,357.53057861328125,357.53057861328125,0,0.0,0.0
2019-08-21 00:00:00+09:00,370.8783874511719,370.8783874511719,370.8783874511719,370.8783874511719,100,0.0,0.0
2019-08-22 00:00:00+09:00,369.92495630142537,369.92495630142537,358.4839782714844,358.4839782714844,1300,0.0,0.0
2019-08-23 00:00:00+09:00,361.34423811848956,361.34423811848956,357.53057861328125,357.53057861328125,200,0.0,0.0
2019-08-26 00:00:00+09:00,349.9032596028646,357.53057861328125,349.9032596028646,357.53057861328125,3500,0.0,0.0
2019-08-27 00:00:00+09:00,357.53057861328125,357.53057861328125,357.53057861328125,357.53057861328125,0,0.0,0.0
2019-08-28 00:00:00+09:00,357.5305787743239,361.34423828125,357.5305787743239,361.34423828125,1100,0.0,0.0
2019-08-29 00:00:00+09:00,362.2976379394531,362.2976379394531,362.2976379394531,362.2976379394531,100,0.0,0.0
2019-08-30 00:00:00+09:00,362.2976379394531,362.2976379394531,362.2976379394531,362.2976379394531,0,0.0,0.0
2019-09-02 00:00:00+09:00,362.2976379394531,362.2976379394531,362.2976379394531,362.2976379394531,0,0.0,0.0
2019-09-03 00:00:00+09:00,352.7635038192958,352.7635038192958,347.9964294433594,347.9964294433594,800,0.0,0.0
2019-09-04 00:00:00+09:00,347.99642910142575,347.99642910142575,340.3691101074219,340.3691101074219,5600,0.0,0.0
2019-09-05 00:00:00+09:00,363.2510556902204,416.6422869727725,358.48398146856397,400.4342346191406,209200,0.0,0.0
2019-09-06 00:00:00+09:00,390.9000832123282,390.9000832123282,362.297638099231,364.2044677734375,44500,0.0,0.0
2019-09-09 00:00:00+09:00,365.1578821222833,367.06471179394015,355.62373376399916,358.4839782714844,8200,0.0,0.0
2019-09-10 00:00:00+09:00,365.1579132080078,434.7572021484375,365.1579132080078,402.3410949707031,295500,0.0,0.0
2019-09-11 00:00:00+09:00,387.0864562988281,399.48085021972656,381.365966796875,388.9932861328125,42000,0.0,0.0
2019-09-12 00:00:00+09:00,388.9932861328125,395.6671905517578,375.6454772949219,381.365966796875,13600,0.0,0.0
2019-09-13 00:00:00+09:00,384.22618001302084,384.22618001302084,368.971542593149,371.831787109375,10100,0.0,0.0
2019-09-17 00:00:00+09:00,375.6454772949219,376.59889221191406,365.1579132080078,375.6454772949219,8700,0.0,0.0
2019-09-18 00:00:00+09:00,373.7386322409749,374.6920471191406,371.8318024846434,374.6920471191406,1300,0.0,0.0
2019-09-19 00:00:00+09:00,376.59889221191406,377.55230712890625,368.97157287597656,375.6454772949219,1600,0.0,0.0
2019-09-20 00:00:00+09:00,369.9249572753906,374.6920314670838,369.9249572753906,369.9249572753906,3200,0.0,0.0
2019-09-24 00:00:00+09:00,374.6920314670838,374.6920314670838,369.9249572753906,369.9249572753906,1400,0.0,0.0
2019-09-25 00:00:00+09:00,365.1578980284852,367.0647277832031,365.1578980284852,367.0647277832031,1100,0.0,0.0
2019-09-26 00:00:00+09:00,366.1113129844961,373.7386320050064,366.1113129844961,368.9715576171875,4300,0.0,0.0
2019-09-27 00:00:00+09:00,384.2261961360922,429.0366954373238,368.97155807609846,380.41253662109375,81600,0.0,0.0
2019-09-30 00:00:00+09:00,380.4125365442233,387.08644069412196,378.5057067871094,378.5057067871094,6000,0.0,0.0
2019-10-01 00:00:00+09:00,384.2261806468868,384.2261806468868,379.4591064453125,379.4591064453125,4600,0.0,0.0
2019-10-02 00:00:00+09:00,376.5988771060953,380.41253662109375,371.83180271234727,380.41253662109375,2900,0.0,0.0
2019-10-03 00:00:00+09:00,380.412536147953,380.412536147953,368.01814273962367,368.9715576171875,4100,0.0,0.0
2019-10-04 00:00:00+09:00,373.73863231803796,376.598876953125,369.9249728045886,376.598876953125,3400,0.0,0.0
2019-10-07 00:00:00+09:00,375.6454311673293,375.6454311673293,370.87835716774396,372.7851867675781,4300,0.0,0.0
2019-10-08 00:00:00+09:00,372.78521781262054,386.1330261230469,372.78521781262054,386.1330261230469,8200,0.0,0.0
2019-10-09 00:00:00+09:00,381.36593643112565,383.27276611328125,376.5988622257365,383.27276611328125,1700,0.0,0.0
2019-10-10 00:00:00+09:00,387.08642501060405,387.08642501060405,377.5522766113281,377.5522766113281,2700,0.0,0.0
2019-10-11 00:00:00+09:00,377.5522918314873,382.319366223299,376.598876953125,376.598876953125,2700,0.0,0.0
2019-10-15 00:00:00+09:00,386.1330261230469,386.1330261230469,378.50570708851757,386.1330261230469,6300,0.0,0.0
2019-10-16 00:00:00+09:00,384.22621154785156,388.9932861328125,384.22621154785156,387.0864562988281,2400,0.0,0.0
2019-10-17 00:00:00+09:00,383.2727966308594,387.0864562988281,383.2727966308594,387.0864562988281,1600,0.0,0.0
2019-10-18 00:00:00+09:00,379.4591064453125,381.36593612594226,379.4591064453125,379.4591064453125,2700,0.0,0.0
2019-10-21 00:00:00+09:00,380.4125366971974,386.1330259708395,380.4125366971974,382.3193664550781,7200,0.0,0.0
2019-10-23 00:00:00+09:00,380.4125365442233,380.4125365442233,378.5057067871094,378.5057067871094,200,0.0,0.0
2019-10-24 00:00:00+09:00,378.5057067871094,378.5057067871094,377.55229190855243,378.5057067871094,800,0.0,0.0
2019-10-25 00:00:00+09:00,378.5057067871094,378.5057067871094,377.55229190855243,378.5057067871094,2000,0.0,0.0
2019-10-28 00:00:00+09:00,377.55229175363786,377.55229175363786,373.7386322409749,374.6920471191406,2000,0.0,0.0
2019-10-29 00:00:00+09:00,375.64546184000443,375.64546184000443,370.8783874511719,370.8783874511719,2000,0.0,0.0
2019-10-30 00:00:00+09:00,370.87840270996094,375.6454772949219,370.87840270996094,375.6454772949219,700,0.0,0.0
2019-10-31 00:00:00+09:00,370.87837211372926,371.8317869520679,369.9249572753906,369.9249572753906,1800,0.0,0.0
2019-11-01 00:00:00+09:00,370.8783874511719,370.8783874511719,369.92497257340534,370.8783874511719,800,0.0,0.0
2019-11-05 00:00:00+09:00,371.831787109375,374.692031625601,371.831787109375,371.831787109375,1200,0.0,0.0
2019-11-06 00:00:00+09:00,377.55227614182695,429.9900922726362,371.831787109375,371.831787109375,72300,0.0,0.0
2019-11-07 00:00:00+09:00,372.7852172067049,378.505706473304,370.8783874511719,370.8783874511719,6600,0.0,0.0
2019-11-08 00:00:00+09:00,371.8318023289384,372.7852172067049,370.8783874511719,370.8783874511719,3200,0.0,0.0
2019-11-11 00:00:00+09:00,373.73863231803796,377.5522918314873,373.73863231803796,376.598876953125,1700,0.0,0.0
2019-11-12 00:00:00+09:00,378.5056755670806,378.5056755670806,372.7851867675781,372.7851867675781,1500,0.0,0.0
2019-11-13 00:00:00+09:00,371.831787109375,371.831787109375,371.831787109375,371.831787109375,800,0.0,0.0
2019-11-14 00:00:00+09:00,371.831787109375,374.692031625601,370.878372270633,371.831787109375,1900,0.0,0.0
2019-11-15 00:00:00+09:00,369.9249554410007,369.9249554410007,335.60202143101094,348.9498291015625,46300,0.0,0.0
2019-11-18 00:00:00+09:00,345.1361692640516,347.0429989284939,334.6486061096191,343.2293395996094,8600,0.0,0.0
2019-11-19 00:00:00+09:00,343.2293395996094,346.08958409627274,343.2293395996094,343.2293395996094,2500,0.0,0.0
2019-11-20 00:00:00+09:00,345.13618465011467,345.13618465011467,344.1827697753906,344.1827697753906,1300,0.0,0.0
2019-11-21 00:00:00+09:00,345.13618465011467,345.13618465011467,344.1827697753906,344.1827697753906,1300,0.0,0.0
2019-11-22 00:00:00+09:00,343.22933976821474,345.13616943359375,343.22933976821474,345.13616943359375,1100,0.0,0.0
2019-11-25 00:00:00+09:00,344.1827699426102,349.90325919373396,344.1827699426102,347.9964294433594,2100,0.0,0.0
2019-11-26 00:00:00+09:00,346.08961486816406,356.5771789550781,346.08961486816406,354.67034912109375,8700,0.0,0.0
2019-11-27 00:00:00+09:00,354.67033390321296,355.6237487792969,351.8100892749613,355.6237487792969,3200,0.0,0.0
2019-11-28 00:00:00+09:00,356.5771789550781,356.5771789550781,351.8101043701172,352.7635192871094,700,0.0,0.0
2019-11-29 00:00:00+09:00,355.62376403808594,355.62376403808594,352.7635192871094,352.7635192871094,800,0.0,0.0
2019-12-02 00:00:00+09:00,352.76350406944914,353.7169189453125,352.76350406944914,353.7169189453125,400,0.0,0.0
2019-12-03 00:00:00+09:00,352.7635038192958,353.71691869448307,347.9964294433594,347.9964294433594,3200,0.0,0.0
2019-12-04 00:00:00+09:00,353.7169189453125,353.7169189453125,349.903259441859,353.7169189453125,11100,0.0,0.0
2019-12-05 00:00:00+09:00,354.6703337382495,354.6703337382495,351.8100891113281,351.8100891113281,1600,0.0,0.0
2019-12-06 00:00:00+09:00,351.8101043701172,353.71693420410156,351.8101043701172,352.7635192871094,4000,0.0,0.0
2019-12-09 00:00:00+09:00,352.76350431164,359.4374084472656,351.81008943512205,359.4374084472656,7200,0.0,0.0
2019-12-10 00:00:00+09:00,359.4373931073128,359.4373931073128,357.53056343565595,358.4839782714844,11400,0.0,0.0
2019-12-11 00:00:00+09:00,350.8566743988774,355.6237487792969,350.8566743988774,355.6237487792969,2000,0.0,0.0
2019-12-12 00:00:00+09:00,355.62376403808594,358.4840087890625,353.71693420410156,354.67034912109375,4400,0.0,0.0
2019-12-13 00:00:00+09:00,354.67034912109375,358.4840087890625,354.67034912109375,354.67034912109375,9800,0.0,0.0
2019-12-16 00:00:00+09:00,357.5305938720703,358.4840087890625,348.9498596191406,352.7635192871094,11900,0.0,0.0
2019-12-17 00:00:00+09:00,352.7635042317708,361.34423811848956,352.7635042317708,357.53057861328125,11500,0.0,0.0
2019-12-18 00:00:00+09:00,357.53057869422975,359.4374084472656,356.5771638177118,359.4374084472656,4100,0.0,0.0
2019-12-19 00:00:00+09:00,358.48397810828874,358.48397810828874,356.5771484375,356.5771484375,2300,0.0,0.0
2019-12-20 00:00:00+09:00,353.7169040923423,358.4839782714844,353.7169040923423,358.4839782714844,8200,0.0,0.0
2019-12-23 00:00:00+09:00,356.5771485998275,358.4839782714844,356.5771485998275,358.4839782714844,6900,0.0,0.0
2019-12-24 00:00:00+09:00,357.53056343565595,359.4373931073128,354.67031892817073,358.4839782714844,16500,0.0,0.0
2019-12-25 00:00:00+09:00,356.5771636553808,357.5305785314647,353.71691902712905,355.6237487792969,9100,0.0,0.0
2019-12-26 00:00:00+09:00,357.53056343565595,358.4839782714844,355.62373376399916,358.4839782714844,7300,0.0,0.0
2019-12-27 00:00:00+09:00,364.20448274739584,364.20448274739584,355.6237488606771,357.53057861328125,3000,0.0,0.0
2019-12-30 00:00:00+09:00,355.6237488606771,357.53057861328125,355.6237488606771,357.53057861328125,500,0.0,0.0
2020-01-06 00:00:00+09:00,357.5305938720703,357.5305938720703,352.7635192871094,352.7635192871094,2500,0.0,0.0
2020-01-07 00:00:00+09:00,352.7635192871094,356.5771789550781,352.7635192871094,354.67034912109375,700,0.0,0.0
2020-01-08 00:00:00+09:00,353.71693420410156,354.67034912109375,352.7635192871094,352.7635192871094,2600,0.0,0.0
2020-01-09 00:00:00+09:00,352.7635042317708,360.3908232421875,352.7635042317708,357.53057861328125,5700,0.0,0.0
2020-01-10 00:00:00+09:00,357.53056343565595,358.4839782714844,355.62373376399916,358.4839782714844,4800,0.0,0.0
2020-01-14 00:00:00+09:00,357.5305627739948,357.5305627739948,350.8566589355469,350.8566589355469,4500,0.0,0.0
2020-01-15 00:00:00+09:00,356.5771479399308,356.5771479399308,350.8566589355469,350.8566589355469,3000,0.0,0.0
2020-01-16 00:00:00+09:00,353.71693420410156,356.5771789550781,352.7635192871094,352.7635192871094,3000,0.0,0.0
2020-01-17 00:00:00+09:00,352.76350406944914,355.6237486970393,352.76350406944914,353.7169189453125,600,0.0,0.0
2020-01-20 00:00:00+09:00,352.7634884360058,353.71690326961664,348.9498291015625,348.9498291015625,12700,0.0,0.0
2020-01-21 00:00:00+09:00,350.8566740689212,350.8566740689212,346.0895996929848,347.9964294433594,4600,0.0,0.0
2020-01-22 00:00:00+09:00,354.6703335696704,354.6703335696704,347.0430145681721,347.9964294433594,1700,0.0,0.0
2020-01-23 00:00:00+09:00,344.1827544318305,345.1361692640516,343.2293395996094,343.2293395996094,400,0.0,0.0
2020-01-24 00:00:00+09:00,344.1827544318305,345.1361692640516,343.2293395996094,343.2293395996094,400,0.0,0.0
2020-01-27 00:00:00+09:00,343.22935481589485,344.18276969038345,342.27593994140625,342.27593994140625,1600,0.0,0.0
2020-01-28 00:00:00+09:00,342.27593994140625,342.27593994140625,341.32252506691765,342.27593994140625,1800,0.0,0.0
2020-01-29 00:00:00+09:00,345.13618465011467,346.0895995248388,343.2293549006665,344.1827697753906,900,0.0,0.0
2020-01-30 00:00:00+09:00,344.18276951749556,344.18276951749556,338.4622802734375,338.4622802734375,5000,0.0,0.0
2020-01-31 00:00:00+09:00,341.3225402832031,342.2759552001953,339.41571044921875,339.41571044921875,700,0.0,0.0
2020-02-03 00:00:00+09:00,338.4622802734375,339.4156951474472,338.4622802734375,338.4622802734375,800,0.0,0.0
2020-02-04 00:00:00+09:00,345.13616943359375,345.13616943359375,342.27592493552527,345.13616943359375,300,0.0,0.0
2020-02-05 00:00:00+09:00,345.13616943359375,345.13616943359375,342.27592493552527,345.13616943359375,300,0.0,0.0
2020-02-06 00:00:00+09:00,345.13618465011467,347.0430143995628,344.1827697753906,344.1827697753906,700,0.0,0.0
2020-02-07 00:00:00+09:00,344.1827696044238,346.0895993529248,340.3691101074219,340.3691101074219,2100,0.0,0.0
2020-02-10 00:00:00+09:00,341.3225402832031,341.3225402832031,341.3225402832031,341.3225402832031,400,0.0,0.0
2020-02-12 00:00:00+09:00,342.2759552001953,342.2759552001953,341.3225402832031,341.3225402832031,2000,0.0,0.0
2020-02-13 00:00:00+09:00,339.41571044921875,339.41571044921875,339.41571044921875,339.41571044921875,700,0.0,0.0
2020-02-14 00:00:00+09:00,339.4156950607516,339.4156950607516,335.602035565687,336.5554504394531,500,0.0,0.0
2020-02-17 00:00:00+09:00,335.60205078125,335.60205078125,323.20765686035156,326.0679016113281,4700,0.0,0.0
2020-02-18 00:00:00+09:00,324.1610564735435,325.1144713455245,323.2076416015625,323.2076416015625,3600,0.0,0.0
2020-02-19 00:00:00+09:00,322.2542265479244,322.2542265479244,319.39398193359375,319.39398193359375,2300,0.0,0.0
2020-02-20 00:00:00+09:00,318.4405669707794,319.39398184194937,317.4871520996094,317.4871520996094,1000,0.0,0.0
2020-02-21 00:00:00+09:00,317.4871520996094,317.4871520996094,317.4871520996094,317.4871520996094,400,0.0,0.0
2020-02-25 00:00:00+09:00,306.9995721744586,307.95298699487614,300.3256684315356,301.2790832519531,5800,0.0,0.0
2020-02-26 00:00:00+09:00,301.2790832519531,302.2324980723707,301.2790832519531,301.2790832519531,1100,0.0,0.0
2020-02-27 00:00:00+09:00,291.74494908735204,293.65177881994913,286.02445988956083,286.9778747558594,9400,0.0,0.0
2020-02-28 00:00:00+09:00,267.9095603775804,268.8629751831946,261.23565673828125,261.23565673828125,11000,0.0,0.0
2020-03-02 00:00:00+09:00,261.2356723771825,270.76982100408696,260.2822575144921,267.9095764160156,7400,0.0,0.0
2020-03-03 00:00:00+09:00,278.3971395596591,278.3971395596591,262.1890869140625,262.1890869140625,4500,0.0,0.0
2020-03-04 00:00:00+09:00,262.18907220023016,270.7698054722377,262.18907220023016,266.9561462402344,1900,0.0,0.0
2020-03-05 00:00:00+09:00,267.9095610482352,271.72322028023854,262.18907220023016,266.9561462402344,6000,0.0,0.0
2020-03-06 00:00:00+09:00,267.90957549473023,267.90957549473023,252.65493774414062,252.65493774414062,7400,0.0,0.0
2020-03-09 00:00:00+09:00,232.63322416808316,240.2605429932662,222.14566078345646,227.86614990234375,6800,0.0,0.0
2020-03-10 00:00:00+09:00,216.42517141788562,227.86614964261966,216.42517141788562,224.052490234375,9400,0.0,0.0
2020-03-11 00:00:00+09:00,231.67982482910156,235.4934844970703,226.91275024414062,228.819580078125,8400,0.0,0.0
2020-03-12 00:00:00+09:00,227.86615033653692,235.49346917625365,226.91273548157233,234.54005432128906,7100,0.0,0.0
2020-03-13 00:00:00+09:00,232.63322355850883,232.63322355850883,207.84443744161857,219.28541564941406,24700,0.0,0.0
2020-03-16 00:00:00+09:00,235.49346965879906,242.16737365722656,231.6798102311262,242.16737365722656,6400,0.0,0.0
2020-03-17 00:00:00+09:00,226.91273583306204,249.79469238765654,226.91273583306204,240.2605438232422,3000,0.0,0.0
2020-03-18 00:00:00+09:00,247.8878629207611,252.65493720769882,244.07420349121094,244.07420349121094,2000,0.0,0.0
2020-03-19 00:00:00+09:00,262.1890853207753,262.1890853207753,237.40029907226562,237.40029907226562,500,0.0,0.0
2020-03-23 00:00:00+09:00,238.3537145761343,271.7232346167931,236.44688485952523,247.8878631591797,2700,0.0,0.0
2020-03-24 00:00:00+09:00,268.8630065917969,286.02447509765625,264.09593200683594,286.02447509765625,5400,0.0,0.0
2020-03-25 00:00:00+09:00,290.79152095465014,309.85981741069276,286.9778616634416,308.9064025878906,5100,0.0,0.0
2020-03-26 00:00:00+09:00,308.90640517412606,341.3225094207936,303.18591618942,337.50885009765625,6500,0.0,0.0
2020-03-27 00:00:00+09:00,317.48716735839844,318.4405822753906,310.8132629394531,318.4405822753906,1000,0.0,0.0
2020-03-30 00:00:00+09:00,322.3478088378906,329.18548963142166,322.3478088378906,322.3478088378906,5000,8.0,0.0
2020-03-31 00:00:00+09:00,318.44058151245116,318.44058151245116,312.5797119140625,312.5797119140625,500,0.0,0.0
2020-04-01 00:00:00+09:00,312.5797077047414,312.5797077047414,281.3217369342672,283.2753601074219,5600,0.0,0.0
2020-04-02 00:00:00+09:00,285.2289712088449,285.2289712088449,273.5072326660156,273.5072326660156,4000,0.0,0.0
2020-04-03 00:00:00+09:00,312.57970285207426,312.57970285207426,223.68984985351562,223.68984985351562,3100,0.0,0.0
2020-04-06 00:00:00+09:00,244.20289020149076,290.113033559371,235.41158615423709,239.31883239746094,28100,0.0,0.0
2020-04-07 00:00:00+09:00,249.08695910350386,252.01739391648627,239.3188430602292,243.22608947753906,5900,0.0,0.0
2020-04-08 00:00:00+09:00,243.22609054210574,252.9942066281341,243.22609054210574,252.01739501953125,800,0.0,0.0
2020-04-09 00:00:00+09:00,252.99419285920675,266.66955463538005,252.99419285920675,260.8086853027344,5200,0.0,0.0
2020-04-10 00:00:00+09:00,260.8086815158816,268.6231738459455,260.8086815158816,267.6463623046875,1700,0.0,0.0
2020-04-13 00:00:00+09:00,280.34491234104127,280.34491234104127,267.6463623046875,267.6463623046875,2100,0.0,0.0
2020-04-14 00:00:00+09:00,267.6463682113155,274.48404915102066,267.6463682113155,272.5304260253906,900,0.0,0.0
2020-04-15 00:00:00+09:00,267.64637794907776,270.5768127441406,267.64637794907776,270.5768127441406,300,0.0,0.0
2020-04-16 00:00:00+09:00,266.66955184936523,278.3912903921945,266.66955184936523,273.5072326660156,2600,0.0,0.0
2020-04-17 00:00:00+09:00,268.62318549357667,291.08985191667585,268.62318549357667,277.41448974609375,700,0.0,0.0
2020-04-20 00:00:00+09:00,285.2289733886719,285.2289733886719,285.2289733886719,285.2289733886719,200,0.0,0.0
2020-04-21 00:00:00+09:00,285.2289983769327,285.2289983769327,280.3449401855469,280.3449401855469,200,0.0,0.0
2020-04-22 00:00:00+09:00,280.3449401855469,280.3449401855469,280.3449401855469,280.3449401855469,0,0.0,0.0
2020-04-23 00:00:00+09:00,280.3449244969328,280.3449244969328,277.41448974609375,277.41448974609375,200,0.0,0.0
2020-04-24 00:00:00+09:00,282.2985534667969,282.2985534667969,282.2985534667969,282.2985534667969,200,0.0,0.0
2020-04-27 00:00:00+09:00,284.25218673865555,284.25218673865555,279.3681285472697,280.3449401855469,2600,0.0,0.0
2020-04-28 00:00:00+09:00,278.3913077661547,293.04348185911016,278.3913077661547,288.159423828125,3800,0.0,0.0
2020-04-30 00:00:00+09:00,293.0434825808503,294.997105798056,293.0434825808503,294.0202941894531,900,0.0,0.0
2020-05-01 00:00:00+09:00,294.0202941894531,294.0202941894531,294.0202941894531,294.0202941894531,0,0.0,0.0
2020-05-07 00:00:00+09:00,293.043461930393,293.043461930393,286.20578115201715,292.066650390625,600,0.0,0.0
2020-05-08 00:00:00+09:00,292.066650390625,292.066650390625,292.066650390625,292.066650390625,0,0.0,0.0
2020-05-11 00:00:00+09:00,292.06666116745953,296.950719046514,292.06666116745953,295.9739074707031,500,0.0,0.0
2020-05-12 00:00:00+09:00,295.9739074707031,295.9739074707031,295.9739074707031,295.9739074707031,0,0.0,0.0
2020-05-13 00:00:00+09:00,325.2782566615513,325.2782566615513,296.95072079613095,307.6956481933594,2700,0.0,0.0
2020-05-14 00:00:00+09:00,307.6956481933594,307.6956481933594,307.6956481933594,307.6956481933594,1000,0.0,0.0
2020-05-15 00:00:00+09:00,312.57971475290697,312.57971475290697,294.0202941894531,294.0202941894531,2300,0.0,0.0
2020-05-18 00:00:00+09:00,294.9971008300781,294.9971008300781,294.9971008300781,294.9971008300781,200,0.0,0.0
2020-05-19 00:00:00+09:00,294.9970958948922,295.9739074707031,294.9970958948922,295.9739074707031,1400,0.0,0.0
2020-05-20 00:00:00+09:00,295.9739074707031,305.7420232288121,294.9970958948922,295.9739074707031,600,0.0,0.0
2020-05-21 00:00:00+09:00,295.97391242223074,295.97391242223074,294.9971008300781,294.9971008300781,3400,0.0,0.0
2020-05-22 00:00:00+09:00,294.9971008300781,294.9971008300781,294.9971008300781,294.9971008300781,0,0.0,0.0
2020-05-25 00:00:00+09:00,296.9507150957661,312.57970010080646,272.5304260253906,272.5304260253906,9400,0.0,0.0
2020-05-26 00:00:00+09:00,295.9739055830179,335.04636836625457,284.2521667480469,284.2521667480469,34400,0.0,0.0
2020-05-27 00:00:00+09:00,285.2289684933607,288.1594031011692,280.34491081367986,286.2057800292969,3700,0.0,0.0
2020-05-28 00:00:00+09:00,290.1130311521765,291.08984270487747,285.2289733886719,285.2289733886719,2600,0.0,0.0
2020-05-29 00:00:00+09:00,289.1362404336735,292.0666753029337,284.2521823182398,287.1826171875,1200,0.0,0.0
2020-06-01 00:00:00+09:00,291.0898636798469,292.0666753029337,287.1826171875,287.1826171875,2300,0.0,0.0
2020-06-02 00:00:00+09:00,291.08984375,294.9970899748322,290.113032193792,291.08984375,2200,0.0,0.0
2020-06-03 00:00:00+09:00,292.0666492449139,292.0666492449139,286.2057800292969,286.2057800292969,3500,0.0,0.0
2020-06-04 00:00:00+09:00,288.15942942301433,293.0434875488281,288.15942942301433,293.0434875488281,1300,0.0,0.0
2020-06-05 00:00:00+09:00,290.113032193792,291.08984375,288.1594090813758,291.08984375,2100,0.0,0.0
2020-06-08 00:00:00+09:00,294.02028923792557,294.9971008300781,294.02028923792557,294.9971008300781,800,0.0,0.0
2020-06-09 00:00:00+09:00,297.9275276087507,321.37100519107867,294.0202813450294,308.6724548339844,12000,0.0,0.0
2020-06-10 00:00:00+09:00,308.6724575750842,331.13912379099224,308.6724575750842,326.25506591796875,11000,0.0,0.0
2020-06-11 00:00:00+09:00,323.3246498347828,323.3246498347828,306.71885210912933,310.6260986328125,4000,0.0,0.0
2020-06-12 00:00:00+09:00,297.9275207519531,310.6260708167905,297.9275207519531,297.9275207519531,4600,0.0,0.0
2020-06-15 00:00:00+09:00,297.92754132895203,299.88116455078125,294.9971064962083,299.88116455078125,2100,0.0,0.0
2020-06-16 00:00:00+09:00,299.8811497842112,302.81158447265625,296.9507150957661,302.81158447265625,3600,0.0,0.0
2020-06-17 00:00:00+09:00,299.88116455078125,299.88116455078125,299.88116455078125,299.88116455078125,400,0.0,0.0
2020-06-18 00:00:00+09:00,299.88116455078125,299.88116455078125,299.88116455078125,299.88116455078125,0,0.0,0.0
2020-06-19 00:00:00+09:00,296.9507092085041,297.9275207519531,295.97389766505506,297.9275207519531,1100,0.0,0.0
2020-06-22 00:00:00+09:00,296.950719046514,296.950719046514,295.9739074707031,295.9739074707031,1300,0.0,0.0
2020-06-23 00:00:00+09:00,296.9507141113281,296.9507141113281,296.9507141113281,296.9507141113281,1200,0.0,0.0
2020-06-24 00:00:00+09:00,297.9275207519531,297.9275207519531,297.9275207519531,297.9275207519531,500,0.0,0.0
2020-06-25 00:00:00+09:00,298.90435791015625,298.90435791015625,294.99711140152675,298.90435791015625,2900,0.0,0.0
2020-06-26 00:00:00+09:00,295.9739074707031,297.9275306223249,293.0434727432704,295.9739074707031,2500,0.0,0.0
2020-06-29 00:00:00+09:00,293.0434708742751,293.0434708742751,282.29854360888504,284.2521667480469,3600,0.0,0.0
2020-06-30 00:00:00+09:00,284.2521774033369,289.13623543432203,284.2521774033369,288.159423828125,300,0.0,0.0
2020-07-01 00:00:00+09:00,286.2057800292969,286.2057800292969,286.2057800292969,286.2057800292969,1000,0.0,0.0
2020-07-02 00:00:00+09:00,286.20580061573094,288.159423828125,286.20580061573094,288.159423828125,500,0.0,0.0
2020-07-03 00:00:00+09:00,288.159423828125,288.159423828125,288.159423828125,288.159423828125,0,0.0,0.0
2020-07-06 00:00:00+09:00,292.066651491259,311.6028823602395,292.066651491259,297.9275207519531,2500,0.0,0.0
2020-07-07 00:00:00+09:00,298.9043322954021,298.9043322954021,293.043463034708,297.9275207519531,900,0.0,0.0
2020-07-08 00:00:00+09:00,298.90435791015625,298.90435791015625,298.90435791015625,298.90435791015625,400,0.0,0.0
2020-07-09 00:00:00+09:00,290.1130428693153,294.9971008300781,290.1130428693153,294.9971008300781,3100,0.0,0.0
2020-07-10 00:00:00+09:00,297.92753560653586,297.92753560653586,291.08985446146784,294.9971008300781,2300,0.0,0.0
2020-07-13 00:00:00+09:00,294.9970958948922,295.9739074707031,294.0202843190813,295.9739074707031,1300,0.0,0.0
2020-07-14 00:00:00+09:00,295.9739074707031,295.9739074707031,289.1362264400268,295.9739074707031,2100,0.0,0.0
2020-07-15 00:00:00+09:00,295.9739074707031,295.9739074707031,295.9739074707031,295.9739074707031,100,0.0,0.0
2020-07-16 00:00:00+09:00,295.9739074707031,295.9739074707031,293.0434727432704,295.9739074707031,600,0.0,0.0
2020-07-17 00:00:00+09:00,288.1594196850101,294.9971008300781,288.1594196850101,294.9971008300781,1400,0.0,0.0
2020-07-20 00:00:00+09:00,297.9275207519531,297.9275207519531,297.9275207519531,297.9275207519531,2000,0.0,0.0
2020-07-21 00:00:00+09:00,294.9970958948922,295.9739074707031,294.0202843190813,295.9739074707031,1100,0.0,0.0
2020-07-22 00:00:00+09:00,295.9739074707031,295.9739074707031,295.9739074707031,295.9739074707031,0,0.0,0.0
2020-07-27 00:00:00+09:00,295.9739074707031,295.9739074707031,295.9739074707031,295.9739074707031,0,0.0,0.0
2020-07-28 00:00:00+09:00,293.043461930393,293.043461930393,289.1362157713211,292.066650390625,700,0.0,0.0
2020-07-29 00:00:00+09:00,293.0434875488281,293.0434875488281,293.0434875488281,293.0434875488281,3400,0.0,0.0
2020-07-30 00:00:00+09:00,294.02027564340085,303.78839111328125,290.11302945544867,303.78839111328125,18700,0.0,0.0
2020-07-31 00:00:00+09:00,303.78840597573816,305.7420291652927,289.13623205407873,300.85797119140625,8600,0.0,0.0
2020-08-03 00:00:00+09:00,294.0202843190813,307.6956463804339,294.0202843190813,295.9739074707031,3600,0.0,0.0
2020-08-04 00:00:00+09:00,296.9507150957661,304.7652075982863,296.9507150957661,302.81158447265625,1700,0.0,0.0
2020-08-05 00:00:00+09:00,302.81157956629323,304.7652026602693,300.85795647231714,303.78839111328125,2000,0.0,0.0
2020-08-06 00:00:00+09:00,305.7420191611013,305.7420191611013,298.9043382213962,302.81158447265625,2400,0.0,0.0
2020-08-07 00:00:00+09:00,303.7883950283653,304.76520658794203,294.02027943259793,296.9507141113281,3100,0.0,0.0
2020-08-11 00:00:00+09:00,296.9507352388822,304.7652282714844,296.9507352388822,304.7652282714844,2100,0.0,0.0
2020-08-12 00:00:00+09:00,298.90435791015625,299.8811695373136,295.9739230286841,298.90435791015625,3000,0.0,0.0
2020-08-13 00:00:00+09:00,299.8811497842112,302.81158447265625,298.9043382213962,302.81158447265625,4900,0.0,0.0
2020-08-14 00:00:00+09:00,303.7884067608293,307.6956531500361,291.08985599590716,306.7188415527344,6100,0.0,0.0
2020-08-17 00:00:00+09:00,307.6956481933594,309.64927135649185,300.85796712239585,307.6956481933594,5500,0.0,0.0
2020-08-18 00:00:00+09:00,307.695643268054,308.6724548339844,301.83477387247206,308.6724548339844,7700,0.0,0.0
2020-08-19 00:00:00+09:00,308.67244992421627,309.6492614746094,307.6956383738232,309.6492614746094,1900,0.0,0.0
2020-08-20 00:00:00+09:00,309.64927135649185,309.64927135649185,302.81159028552827,307.6956481933594,1900,0.0,0.0
2020-08-21 00:00:00+09:00,307.6956394065644,327.2318704799971,307.6956394065644,315.5101318359375,31200,0.0,0.0
2020-08-24 00:00:00+09:00,323.3246432127316,326.2550780454754,295.97391810712287,299.88116455078125,14000,0.0,0.0
2020-08-25 00:00:00+09:00,302.81158062185773,309.6492614746094,295.97389976910614,309.6492614746094,7100,0.0,0.0
2020-08-26 00:00:00+09:00,300.85797684642074,305.7420349121094,300.85797684642074,305.7420349121094,6500,0.0,0.0
2020-08-27 00:00:00+09:00,305.74201420725734,305.74201420725734,303.78839111328125,303.78839111328125,500,0.0,0.0
2020-08-28 00:00:00+09:00,303.7884018670945,307.6956481933594,303.7884018670945,307.6956481933594,4500,0.0,0.0
2020-08-31 00:00:00+09:00,314.533339430349,316.4869626566244,298.9043536201453,305.7420349121094,13200,0.0,0.0
2020-09-01 00:00:00+09:00,310.626085436022,383.88695464263094,306.71883907833615,361.4202880859375,523600,0.0,0.0
2020-09-02 00:00:00+09:00,338.95362670163075,343.83768472326807,318.440583010754,324.30145263671875,247600,0.0,0.0
2020-09-03 00:00:00+09:00,332.11593343604426,336.0231797117624,313.556513626383,314.5333251953125,85500,0.0,0.0
2020-09-04 00:00:00+09:00,310.62609017613426,325.27826424104626,309.64927857180675,324.30145263671875,22500,0.0,0.0
2020-09-07 00:00:00+09:00,318.44058725210334,321.3710221041166,314.5333407827524,317.4637756347656,12000,0.0,0.0
2020-09-08 00:00:00+09:00,316.4869433896091,320.39418960429566,313.5565087285942,315.5101318359375,19300,0.0,0.0
2020-09-09 00:00:00+09:00,315.51015240009013,317.4637756347656,310.62609431340144,317.4637756347656,7300,0.0,0.0
2020-09-10 00:00:00+09:00,317.4637756347656,321.3710221041166,313.55652916541464,317.4637756347656,7400,0.0,0.0
2020-09-11 00:00:00+09:00,333.0927369253976,366.30432946341375,324.30143301827565,328.20867919921875,149400,0.0,0.0
2020-09-14 00:00:00+09:00,324.3014378789645,335.0463650376049,319.41738007958253,327.23187255859375,28600,0.0,0.0
2020-09-15 00:00:00+09:00,335.046371011173,335.046371011173,328.20868997012866,332.1159362792969,8100,0.0,0.0
2020-09-16 00:00:00+09:00,332.1159253801618,335.04636001586914,326.2550561087472,328.20867919921875,17900,0.0,0.0
2020-09-17 00:00:00+09:00,326.25506099871734,327.23187255859375,320.39419163945894,327.23187255859375,4000,0.0,0.0
2020-09-18 00:00:00+09:00,324.30145825122867,329.1855163574219,324.30145825122867,329.1855163574219,1900,0.0,0.0
2020-09-23 00:00:00+09:00,335.0463802843209,335.0463802843209,324.30145263671875,324.30145263671875,5000,0.0,0.0
2020-09-24 00:00:00+09:00,322.347823676713,322.347823676713,319.4173889160156,319.4173889160156,5800,0.0,0.0
2020-09-25 00:00:00+09:00,325.2782534157358,328.20868813119284,320.3941955566406,320.3941955566406,5600,0.0,0.0
2020-09-28 00:00:00+09:00,325.27825843741044,334.0695627195026,319.4173889160156,319.4173889160156,15600,0.0,0.0
2020-09-29 00:00:00+09:00,312.57969717492256,319.417378050624,312.57969717492256,315.5101318359375,5400,0.0,0.0
2020-09-30 00:00:00+09:00,316.4869583129883,319.4173931121826,312.5797119140625,312.5797119140625,8400,0.0,0.0
2020-10-02 00:00:00+09:00,315.5101307769679,317.4637538777541,309.6492614746094,309.6492614746094,6400,0.0,0.0
2020-10-05 00:00:00+09:00,315.5101467132568,315.5101467132568,309.64927711486814,312.5797119140625,3100,0.0,0.0
2020-10-06 00:00:00+09:00,312.5797119140625,314.53333511352537,311.60290031433107,312.5797119140625,4400,0.0,0.0
2020-10-07 00:00:00+09:00,314.5333251953125,316.4869483331716,312.5797020574534,314.5333251953125,3300,0.0,0.0
2020-10-08 00:00:00+09:00,314.5333251953125,316.4869483331716,313.556513626383,314.5333251953125,2500,0.0,0.0
2020-10-09 00:00:00+09:00,314.5333251953125,318.44057147103064,314.5333251953125,314.5333251953125,2900,0.0,0.0
2020-10-12 00:00:00+09:00,319.41738205921797,320.3941936251483,308.6724548339844,308.6724548339844,3100,0.0,0.0
2020-10-13 00:00:00+09:00,308.67244992421627,311.60288457539554,308.67244992421627,309.6492614746094,2700,0.0,0.0
2020-10-14 00:00:00+09:00,310.626077965845,314.53332422956635,308.6724548339844,308.6724548339844,4400,0.0,0.0
2020-10-15 00:00:00+09:00,309.6492603952095,310.62607194219754,303.78839111328125,303.78839111328125,3800,0.0,0.0
2020-10-16 00:00:00+09:00,304.7652026602693,307.69563730123343,303.78839111328125,303.78839111328125,3700,0.0,0.0
2020-10-19 00:00:00+09:00,307.69564730449787,307.69564730449787,301.83477783203125,301.83477783203125,2300,0.0,0.0
2020-10-20 00:00:00+09:00,302.8116050133338,304.7652282714844,302.8116050133338,304.7652282714844,2700,0.0,0.0
2020-10-21 00:00:00+09:00,304.7652075982863,306.7188307239163,302.81158447265625,302.81158447265625,3400,0.0,0.0
2020-10-22 00:00:00+09:00,306.7188307239163,306.7188307239163,302.81158447265625,302.81158447265625,1700,0.0,0.0
2020-10-23 00:00:00+09:00,303.7884018670945,311.6028945196243,303.7884018670945,307.6956481933594,2100,0.0,0.0
2020-10-26 00:00:00+09:00,306.7188415527344,308.6724647473378,306.7188415527344,306.7188415527344,1100,0.0,0.0
2020-10-27 00:00:00+09:00,307.69566429985895,316.4869689941406,304.76522940176505,316.4869689941406,6100,0.0,0.0
2020-10-28 00:00:00+09:00,320.39421552493246,320.39421552493246,312.5797224633488,316.4869689941406,2800,0.0,0.0
2020-10-29 00:00:00+09:00,315.51013859731705,326.25506591796875,315.51013859731705,326.25506591796875,2600,0.0,0.0
2020-10-30 00:00:00+09:00,326.25505892632543,326.25505892632543,315.5101318359375,315.5101318359375,3800,0.0,0.0
2020-11-02 00:00:00+09:00,310.62608293805806,311.6028945196243,303.7884018670945,307.6956481933594,2900,0.0,0.0
2020-11-04 00:00:00+09:00,311.6029052734375,320.39420981093264,311.6029052734375,311.6029052734375,700,0.0,0.0
2020-11-05 00:00:00+09:00,313.5565154481077,328.2086890671781,313.5565154481077,326.25506591796875,7800,0.0,0.0
2020-11-06 00:00:00+09:00,325.27826424104626,325.27826424104626,316.486959802099,324.30145263671875,2600,0.0,0.0
2020-11-09 00:00:00+09:00,316.48695415531824,325.27825843741044,314.53333098152,319.4173889160156,3300,0.0,0.0
2020-11-10 00:00:00+09:00,319.41738398482164,320.3941955566406,319.41738398482164,320.3941955566406,5400,0.0,0.0
2020-11-11 00:00:00+09:00,320.3942111381231,324.3014576154173,320.3942111381231,323.32464599609375,1300,0.0,0.0
2020-11-12 00:00:00+09:00,323.32462426531055,326.25505892632543,315.5101318359375,315.5101318359375,3000,0.0,0.0
2020-11-13 00:00:00+09:00,302.8116050133338,309.6492864168607,302.8116050133338,304.7652282714844,4700,0.0,0.0
2020-11-16 00:00:00+09:00,293.0434640964128,303.78839111328125,293.0434640964128,303.78839111328125,6100,0.0,0.0
2020-11-17 00:00:00+09:00,304.7652282714844,304.7652282714844,296.9507352388822,304.7652282714844,4500,0.0,0.0
2020-11-18 00:00:00+09:00,306.7188515296349,306.7188515296349,304.7652282714844,304.7652282714844,1000,0.0,0.0
2020-11-19 00:00:00+09:00,306.71883480462304,306.71883480462304,294.9970958948922,295.9739074707031,5700,0.0,0.0
2020-11-20 00:00:00+09:00,295.9739230286841,298.90435791015625,295.9739230286841,298.90435791015625,1100,0.0,0.0
2020-11-24 00:00:00+09:00,314.53332835570893,314.53332835570893,299.88115467454236,301.83477783203125,4700,0.0,0.0
2020-11-25 00:00:00+09:00,307.6956631587102,307.6956631587102,304.7652282714844,304.7652282714844,800,0.0,0.0
2020-11-26 00:00:00+09:00,300.85795647231714,303.78839111328125,300.85795647231714,303.78839111328125,500,0.0,0.0
2020-11-27 00:00:00+09:00,298.9043430957979,301.83477783203125,298.9043430957979,301.83477783203125,3400,0.0,0.0
2020-11-30 00:00:00+09:00,300.8579727172851,361.42029190063477,300.8579727172851,312.5797119140625,58700,0.0,0.0
2020-12-01 00:00:00+09:00,312.5796981857903,325.278248424588,311.6028866289597,321.3710021972656,12000,0.0,0.0
2020-12-02 00:00:00+09:00,314.53333586710363,321.3710170816059,314.53333586710363,318.4405822753906,2100,0.0,0.0
2020-12-03 00:00:00+09:00,334.0695635821368,334.0695635821368,317.46376656197214,325.27825927734375,2000,0.0,0.0
2020-12-04 00:00:00+09:00,318.4405764761001,326.2550691503602,313.5565185546875,313.5565185546875,2600,0.0,0.0
2020-12-07 00:00:00+09:00,310.6260986328125,311.6029102637333,307.6956637400501,310.6260986328125,8000,0.0,0.0
2020-12-08 00:00:00+09:00,306.71884719705133,311.6029052734375,306.71884719705133,311.6029052734375,400,0.0,0.0
2020-12-09 00:00:00+09:00,309.64927046198676,309.64927046198676,294.9970967808202,301.83477783203125,8300,0.0,0.0
2020-12-10 00:00:00+09:00,301.8347835662259,308.6724647473378,301.8347835662259,306.7188415527344,1400,0.0,0.0
2020-12-11 00:00:00+09:00,306.71883661179317,308.6724597749256,306.71883661179317,307.6956481933594,1500,0.0,0.0
2020-12-14 00:00:00+09:00,309.6492813646603,309.6492813646603,300.85797684642074,305.7420349121094,4100,0.0,0.0
2020-12-15 00:00:00+09:00,304.7652282714844,309.6492864168607,301.83479338425855,304.7652282714844,3200,0.0,0.0
2020-12-16 00:00:00+09:00,302.81158346878857,303.7883950283653,293.0434678730212,296.9507141113281,10700,0.0,0.0
2020-12-17 00:00:00+09:00,297.92754132895203,300.85797616169583,295.97391810712287,299.88116455078125,2800,0.0,0.0
2020-12-18 00:00:00+09:00,295.97390835956463,302.8115894107757,295.97390835956463,301.83477783203125,2000,0.0,0.0
2020-12-21 00:00:00+09:00,296.9507092085041,299.8811438388512,294.99708612160606,297.9275207519531,1700,0.0,0.0
2020-12-22 00:00:00+09:00,297.92753560653586,297.92753560653586,294.02028923792557,294.9971008300781,3400,0.0,0.0
2020-12-23 00:00:00+09:00,294.99708612160606,298.9043322954021,294.99708612160606,297.9275207519531,5400,0.0,0.0
2020-12-24 00:00:00+09:00,298.9043536201453,305.7420349121094,297.92754200700756,305.7420349121094,2900,0.0,0.0
2020-12-25 00:00:00+09:00,304.76521344866075,307.6956481933594,304.76521344866075,307.6956481933594,1600,0.0,0.0
2020-12-28 00:00:00+09:00,304.7652191162109,312.5797119140625,299.8811611175537,312.5797119140625,13500,0.0,0.0
2020-12-29 00:00:00+09:00,312.57971338478916,327.23188744970116,308.6724669674793,324.30145263671875,9200,0.0,0.0
2020-12-30 00:00:00+09:00,316.48696401742785,324.3014569561298,316.48696401742785,317.4637756347656,2500,0.0,0.0
2021-01-04 00:00:00+09:00,325.27825927734375,327.23188245618667,314.53333179370776,325.27825927734375,2600,0.0,0.0
2021-01-05 00:00:00+09:00,317.4637549432808,326.25505892632543,313.5565087285942,315.5101318359375,6800,0.0,0.0
2021-01-06 00:00:00+09:00,323.3246203798236,323.3246203798236,316.48693958629264,322.3478088378906,2900,0.0,0.0
2021-01-07 00:00:00+09:00,322.34782942806385,325.27826424104626,321.3710178237364,324.30145263671875,4400,0.0,0.0
2021-01-08 00:00:00+09:00,324.30145825122867,329.1855163574219,323.32464662999007,329.1855163574219,4600,0.0,0.0
2021-01-12 00:00:00+09:00,321.37099943105244,335.04636110896956,320.39418788262975,334.0695495605469,5300,0.0,0.0
2021-01-13 00:00:00+09:00,318.44057419720815,332.1159362792969,318.44057419720815,332.1159362792969,3100,0.0,0.0
2021-01-14 00:00:00+09:00,333.0927429199219,334.06955448273686,326.25506198021674,333.0927429199219,3600,0.0,0.0
2021-01-15 00:00:00+09:00,333.0927528223809,333.0927528223809,328.2086948631084,331.1391296386719,2900,0.0,0.0
2021-01-18 00:00:00+09:00,327.23186872158834,334.0695495605469,326.25505717316565,334.0695495605469,1600,0.0,0.0
2021-01-19 00:00:00+09:00,332.1159264637016,334.0695495605469,331.1391149152789,334.0695495605469,2000,0.0,0.0
2021-01-20 00:00:00+09:00,332.1159524562366,340.9072570800781,331.1391408313653,340.9072570800781,8900,0.0,0.0
2021-01-21 00:00:00+09:00,336.999990149946,340.907236412554,332.1159323216859,338.95361328125,4600,0.0,0.0
2021-01-22 00:00:00+09:00,338.9536182205112,338.9536182205112,321.3710097825596,337.976806640625,8400,0.0,0.0
2021-01-25 00:00:00+09:00,330.162323707758,336.023193359375,327.2318888819495,336.023193359375,7800,0.0,0.0
2021-01-26 00:00:00+09:00,334.0695750956633,335.04638671875,334.0695750956633,335.04638671875,1600,0.0,0.0
2021-01-27 00:00:00+09:00,335.04638671875,335.04638671875,333.09276347257656,335.04638671875,1500,0.0,0.0
2021-01-28 00:00:00+09:00,336.9999950607388,337.976806640625,322.3478213624458,337.976806640625,2900,0.0,0.0
2021-01-29 00:00:00+09:00,337.976801715598,338.95361328125,328.2086860590778,338.95361328125,1300,0.0,0.0
2021-02-01 00:00:00+09:00,331.1391402264031,335.04638671875,327.23189373405614,335.04638671875,2600,0.0,0.0
2021-02-02 00:00:00+09:00,335.0463768115942,337.0,335.0463768115942,337.0,400,0.0,0.0
2021-02-03 00:00:00+09:00,336.9999950607388,337.976806640625,335.0463719009664,337.976806640625,13900,0.0,0.0
2021-02-04 00:00:00+09:00,337.976801715598,338.95361328125,334.0695554529899,338.95361328125,3400,0.0,0.0
2021-02-05 00:00:00+09:00,339.9304347826087,339.9304347826087,331.1391304347826,337.0,2500,0.0,0.0
2021-02-08 00:00:00+09:00,338.95361328125,338.95361328125,333.0927438873379,338.95361328125,1000,0.0,0.0
2021-02-09 00:00:00+09:00,331.1391216850821,344.8144836425781,331.1391216850821,344.8144836425781,10200,0.0,0.0
2021-02-10 00:00:00+09:00,344.8144992442613,347.74493408203125,341.8840644064914,347.74493408203125,3800,0.0,0.0
2021-02-12 00:00:00+09:00,339.9304188510828,343.8376650447734,328.208680270011,334.0695495605469,5000,0.0,0.0
2021-02-15 00:00:00+09:00,337.0000099649235,337.0000099649235,330.1623286033163,335.04638671875,4000,0.0,0.0
2021-02-16 00:00:00+09:00,332.11594123052635,335.0463760060898,329.1855064549629,331.1391296386719,3200,0.0,0.0
2021-02-17 00:00:00+09:00,328.20868997012866,332.1159362792969,323.3246320836684,332.1159362792969,2000,0.0,0.0
2021-02-18 00:00:00+09:00,331.1391296386719,332.11594123052635,329.1855064549629,331.1391296386719,2600,0.0,0.0
2021-02-19 00:00:00+09:00,331.13912470200484,332.1159362792969,317.4637626199161,332.1159362792969,3600,0.0,0.0
2021-02-22 00:00:00+09:00,339.9304347826087,339.9304347826087,313.5565217391304,337.0,4300,0.0,0.0
2021-02-24 00:00:00+09:00,336.0231834808526,337.976806640625,325.27825610210436,337.976806640625,3300,0.0,0.0
2021-02-25 00:00:00+09:00,336.9999842058148,336.9999842058148,315.5101301405165,334.0695495605469,10600,0.0,0.0
2021-02-26 00:00:00+09:00,327.231884057971,337.0,327.231884057971,337.0,1100,0.0,0.0
2021-03-01 00:00:00+09:00,328.2086948631084,332.11594123052635,327.23188327125393,331.1391296386719,4700,0.0,0.0
2021-03-02 00:00:00+09:00,328.2087079893868,328.2087079893868,305.74204047820854,310.6260986328125,42800,0.0,0.0
2021-03-03 00:00:00+09:00,309.6492858088873,309.6492858088873,298.90435791015625,298.90435791015625,11400,0.0,0.0
2021-03-04 00:00:00+09:00,300.8579686658136,300.8579686658136,273.5072442416487,283.2753601074219,39700,0.0,0.0
2021-03-05 00:00:00+09:00,288.15941887932854,294.99710000527875,279.36811457453547,289.13623046875,11100,0.0,0.0
2021-03-08 00:00:00+09:00,292.0666553062081,295.97390153104027,291.08984375,291.08984375,3700,0.0,0.0
2021-03-09 00:00:00+09:00,298.9043480018517,330.16231903472504,295.9739132175198,300.85797119140625,76800,0.0,0.0
2021-03-10 00:00:00+09:00,300.85797544967295,309.64927992709846,293.0434825808503,294.0202941894531,11100,0.0,0.0
2021-03-11 00:00:00+09:00,297.92752665858114,303.78839603547124,296.9507150957661,302.81158447265625,4100,0.0,0.0
2021-03-12 00:00:00+09:00,302.81158447265625,304.7652075982863,300.8579613470262,302.81158447265625,1800,0.0,0.0
2021-03-15 00:00:00+09:00,302.8116000726962,310.62609297779807,302.8116000726962,305.7420349121094,3600,0.0,0.0
2021-03-16 00:00:00+09:00,311.60290031433107,313.55652351379393,306.71884231567384,312.5797119140625,4000,0.0,0.0
2021-03-17 00:00:00+09:00,314.53332028226583,315.5101318359375,313.5565087285942,315.5101318359375,1900,0.0,0.0
2021-03-18 00:00:00+09:00,315.51015678741646,315.51015678741646,310.6260986328125,310.6260986328125,3300,0.0,0.0
2021-03-19 00:00:00+09:00,312.5797218946541,314.53334515649567,306.71885210912933,310.6260986328125,8900,0.0,0.0
2021-03-22 00:00:00+09:00,318.4405797101449,380.95652173913044,318.4405797101449,337.0,427200,0.0,0.0
2021-03-23 00:00:00+09:00,329.18550478500697,336.0231858933009,319.4173889160156,319.4173889160156,45500,0.0,0.0
2021-03-24 00:00:00+09:00,324.30143581898216,324.30143581898216,313.5565087285942,315.5101318359375,9400,0.0,0.0
2021-03-25 00:00:00+09:00,319.41738489573584,326.25506591796875,313.5565154481077,326.25506591796875,9900,0.0,0.0
2021-03-26 00:00:00+09:00,380.95652964892304,404.4000083965491,337.0000069971243,353.6058044433594,964200,0.0,0.0
2021-03-29 00:00:00+09:00,347.7449275362319,353.6057971014493,337.0,337.0,113200,0.0,0.0
2021-03-30 00:00:00+09:00,345.0,351.0,334.0,337.0,19500,8.0,0.0
2021-03-31 00:00:00+09:00,337.0,345.0,328.0,330.0,33300,0.0,0.0
2021-04-01 00:00:00+09:00,338.0,353.0,334.0,344.0,31500,0.0,0.0
2021-04-02 00:00:00+09:00,343.0,344.0,330.0,335.0,34400,0.0,0.0
2021-04-05 00:00:00+09:00,335.0,335.0,327.0,333.0,6700,0.0,0.0
2021-04-06 00:00:00+09:00,335.0,335.0,326.0,330.0,14400,0.0,0.0
2021-04-07 00:00:00+09:00,337.0,337.0,327.0,330.0,13900,0.0,0.0
2021-04-08 00:00:00+09:00,331.0,334.0,328.0,329.0,6700,0.0,0.0
2021-04-09 00:00:00+09:00,330.0,335.0,329.0,330.0,3900,0.0,0.0
2021-04-12 00:00:00+09:00,330.0,334.0,330.0,330.0,1200,0.0,0.0
2021-04-13 00:00:00+09:00,334.0,334.0,328.0,329.0,4300,0.0,0.0
2021-04-14 00:00:00+09:00,329.0,330.0,328.0,328.0,1800,0.0,0.0
2021-04-15 00:00:00+09:00,328.0,333.0,328.0,329.0,3800,0.0,0.0
2021-04-16 00:00:00+09:00,329.0,331.0,329.0,329.0,1900,0.0,0.0
2021-04-19 00:00:00+09:00,332.0,335.0,332.0,333.0,2200,0.0,0.0
2021-04-20 00:00:00+09:00,326.0,340.0,326.0,337.0,7800,0.0,0.0
2021-04-21 00:00:00+09:00,340.0,340.0,329.0,329.0,3300,0.0,0.0
2021-04-22 00:00:00+09:00,331.0,349.0,331.0,337.0,29600,0.0,0.0
2021-04-23 00:00:00+09:00,336.0,340.0,336.0,339.0,4100,0.0,0.0
2021-04-26 00:00:00+09:00,340.0,341.0,330.0,333.0,10800,0.0,0.0
2021-04-27 00:00:00+09:00,334.0,337.0,331.0,333.0,4700,0.0,0.0
2021-04-28 00:00:00+09:00,333.0,334.0,328.0,332.0,11000,0.0,0.0
2021-04-30 00:00:00+09:00,330.0,330.0,327.0,328.0,5600,0.0,0.0
2021-05-06 00:00:00+09:00,327.0,330.0,326.0,329.0,2400,0.0,0.0
2021-05-07 00:00:00+09:00,329.0,329.0,325.0,327.0,3300,0.0,0.0
2021-05-10 00:00:00+09:00,326.0,330.0,325.0,330.0,3300,0.0,0.0
2021-05-11 00:00:00+09:00,329.0,329.0,323.0,325.0,2900,0.0,0.0
2021-05-12 00:00:00+09:00,325.0,326.0,321.0,323.0,4700,0.0,0.0
2021-05-13 00:00:00+09:00,319.0,323.0,313.0,313.0,11300,0.0,0.0
2021-05-14 00:00:00+09:00,316.0,320.0,315.0,320.0,1000,0.0,0.0
2021-05-17 00:00:00+09:00,317.0,317.0,303.0,306.0,13200,0.0,0.0
2021-05-18 00:00:00+09:00,311.0,311.0,306.0,308.0,1300,0.0,0.0
2021-05-19 00:00:00+09:00,309.0,309.0,306.0,307.0,2800,0.0,0.0
2021-05-20 00:00:00+09:00,309.0,309.0,308.0,309.0,400,0.0,0.0
2021-05-21 00:00:00+09:00,312.0,314.0,309.0,314.0,1500,0.0,0.0
2021-05-24 00:00:00+09:00,320.0,320.0,315.0,315.0,1300,0.0,0.0
2021-05-25 00:00:00+09:00,319.0,321.0,319.0,321.0,2600,0.0,0.0
2021-05-26 00:00:00+09:00,315.0,324.0,315.0,323.0,3500,0.0,0.0
2021-05-27 00:00:00+09:00,331.0,331.0,315.0,317.0,7000,0.0,0.0
2021-05-28 00:00:00+09:00,320.0,323.0,320.0,323.0,800,0.0,0.0
2021-05-31 00:00:00+09:00,329.0,329.0,322.0,322.0,1400,0.0,0.0
2021-06-01 00:00:00+09:00,322.0,322.0,322.0,322.0,0,0.0,0.0
2021-06-02 00:00:00+09:00,325.0,330.0,325.0,330.0,2800,0.0,0.0
2021-06-03 00:00:00+09:00,330.0,330.0,330.0,330.0,200,0.0,0.0
2021-06-04 00:00:00+09:00,330.0,330.0,330.0,330.0,300,0.0,0.0
2021-06-07 00:00:00+09:00,326.0,329.0,326.0,327.0,1000,0.0,0.0
2021-06-08 00:00:00+09:00,325.0,330.0,325.0,330.0,2600,0.0,0.0
2021-06-09 00:00:00+09:00,330.0,345.0,329.0,344.0,15100,0.0,0.0
2021-06-10 00:00:00+09:00,344.0,347.0,337.0,347.0,15500,0.0,0.0
2021-06-11 00:00:00+09:00,347.0,350.0,344.0,347.0,18400,0.0,0.0
2021-06-14 00:00:00+09:00,347.0,347.0,343.0,344.0,2100,0.0,0.0
2021-06-15 00:00:00+09:00,347.0,347.0,342.0,342.0,1500,0.0,0.0
2021-06-16 00:00:00+09:00,340.0,345.0,340.0,340.0,1800,0.0,0.0
2021-06-17 00:00:00+09:00,340.0,340.0,340.0,340.0,1900,0.0,0.0
2021-06-18 00:00:00+09:00,332.0,343.0,332.0,340.0,20500,0.0,0.0
2021-06-21 00:00:00+09:00,335.0,340.0,335.0,340.0,10400,0.0,0.0
2021-06-22 00:00:00+09:00,336.0,343.0,336.0,339.0,18400,0.0,0.0
2021-06-23 00:00:00+09:00,344.0,344.0,340.0,340.0,3900,0.0,0.0
2021-06-24 00:00:00+09:00,340.0,340.0,340.0,340.0,1500,0.0,0.0
2021-06-25 00:00:00+09:00,342.0,389.0,340.0,350.0,88200,0.0,0.0
2021-06-28 00:00:00+09:00,350.0,354.0,350.0,350.0,7300,0.0,0.0
2021-06-29 00:00:00+09:00,351.0,352.0,336.0,336.0,10300,0.0,0.0
2021-06-30 00:00:00+09:00,334.0,343.0,334.0,338.0,5800,0.0,0.0
2021-07-01 00:00:00+09:00,339.0,341.0,339.0,339.0,900,0.0,0.0
2021-07-02 00:00:00+09:00,338.0,341.0,338.0,341.0,1500,0.0,0.0
2021-07-05 00:00:00+09:00,343.0,343.0,338.0,338.0,1200,0.0,0.0
2021-07-06 00:00:00+09:00,341.0,342.0,339.0,342.0,300,0.0,0.0
2021-07-07 00:00:00+09:00,342.0,344.0,340.0,343.0,2000,0.0,0.0
2021-07-08 00:00:00+09:00,341.0,341.0,335.0,336.0,2400,0.0,0.0
2021-07-09 00:00:00+09:00,337.0,337.0,328.0,329.0,4000,0.0,0.0
2021-07-12 00:00:00+09:00,331.0,333.0,331.0,332.0,800,0.0,0.0
2021-07-13 00:00:00+09:00,333.0,333.0,333.0,333.0,100,0.0,0.0
2021-07-14 00:00:00+09:00,334.0,335.0,334.0,334.0,400,0.0,0.0
2021-07-15 00:00:00+09:00,334.0,334.0,331.0,331.0,5600,0.0,0.0
2021-07-16 00:00:00+09:00,330.0,330.0,330.0,330.0,400,0.0,0.0
2021-07-19 00:00:00+09:00,334.0,334.0,331.0,331.0,400,0.0,0.0
2021-07-20 00:00:00+09:00,332.0,332.0,331.0,331.0,300,0.0,0.0
2021-07-21 00:00:00+09:00,332.0,332.0,332.0,332.0,200,0.0,0.0
2021-07-26 00:00:00+09:00,330.0,331.0,327.0,330.0,3600,0.0,0.0
2021-07-27 00:00:00+09:00,330.0,330.0,328.0,328.0,500,0.0,0.0
2021-07-28 00:00:00+09:00,330.0,330.0,324.0,324.0,2500,0.0,0.0
2021-07-29 00:00:00+09:00,326.0,326.0,325.0,326.0,500,0.0,0.0
2021-07-30 00:00:00+09:00,326.0,326.0,326.0,326.0,100,0.0,0.0
2021-08-02 00:00:00+09:00,329.0,329.0,328.0,328.0,300,0.0,0.0
2021-08-03 00:00:00+09:00,328.0,328.0,328.0,328.0,100,0.0,0.0
2021-08-04 00:00:00+09:00,334.0,335.0,329.0,329.0,800,0.0,0.0
2021-08-05 00:00:00+09:00,329.0,329.0,329.0,329.0,0,0.0,0.0
2021-08-06 00:00:00+09:00,335.0,335.0,335.0,335.0,700,0.0,0.0
2021-08-10 00:00:00+09:00,336.0,337.0,331.0,331.0,1300,0.0,0.0
2021-08-11 00:00:00+09:00,331.0,331.0,329.0,329.0,400,0.0,0.0
2021-08-12 00:00:00+09:00,330.0,331.0,329.0,329.0,900,0.0,0.0
2021-08-13 00:00:00+09:00,329.0,344.0,329.0,344.0,3100,0.0,0.0
2021-08-16 00:00:00+09:00,329.0,332.0,315.0,319.0,4400,0.0,0.0
2021-08-17 00:00:00+09:00,320.0,321.0,320.0,321.0,1200,0.0,0.0
2021-08-18 00:00:00+09:00,319.0,331.0,319.0,331.0,500,0.0,0.0
2021-08-19 00:00:00+09:00,325.0,325.0,325.0,325.0,800,0.0,0.0
2021-08-20 00:00:00+09:00,321.0,323.0,321.0,323.0,200,0.0,0.0
2021-08-23 00:00:00+09:00,318.0,320.0,318.0,320.0,1600,0.0,0.0
2021-08-24 00:00:00+09:00,320.0,320.0,320.0,320.0,0,0.0,0.0
2021-08-25 00:00:00+09:00,318.0,318.0,316.0,316.0,600,0.0,0.0
2021-08-26 00:00:00+09:00,318.0,318.0,318.0,318.0,200,0.0,0.0
2021-08-27 00:00:00+09:00,314.0,315.0,299.0,308.0,6000,0.0,0.0
2021-08-30 00:00:00+09:00,314.0,314.0,310.0,310.0,400,0.0,0.0
2021-08-31 00:00:00+09:00,314.0,316.0,311.0,311.0,700,0.0,0.0
2021-09-01 00:00:00+09:00,323.0,335.0,312.0,335.0,8400,0.0,0.0
2021-09-02 00:00:00+09:00,330.0,332.0,327.0,332.0,400,0.0,0.0
2021-09-03 00:00:00+09:00,328.0,329.0,320.0,329.0,1200,0.0,0.0
2021-09-06 00:00:00+09:00,329.0,329.0,328.0,328.0,200,0.0,0.0
2021-09-07 00:00:00+09:00,328.0,333.0,328.0,333.0,4300,0.0,0.0
2021-09-08 00:00:00+09:00,327.0,327.0,327.0,327.0,100,0.0,0.0
2021-09-09 00:00:00+09:00,332.0,332.0,326.0,326.0,500,0.0,0.0
2021-09-10 00:00:00+09:00,326.0,326.0,326.0,326.0,1500,0.0,0.0
2021-09-13 00:00:00+09:00,332.0,332.0,327.0,327.0,1700,0.0,0.0
2021-09-14 00:00:00+09:00,328.0,328.0,328.0,328.0,100,0.0,0.0
2021-09-15 00:00:00+09:00,329.0,329.0,329.0,329.0,1000,0.0,0.0
2021-09-16 00:00:00+09:00,330.0,333.0,329.0,329.0,3800,0.0,0.0
2021-09-17 00:00:00+09:00,329.0,330.0,329.0,329.0,400,0.0,0.0
2021-09-21 00:00:00+09:00,329.0,329.0,322.0,327.0,2100,0.0,0.0
2021-09-22 00:00:00+09:00,319.0,323.0,319.0,323.0,3400,0.0,0.0
2021-09-24 00:00:00+09:00,320.0,323.0,318.0,323.0,5600,0.0,0.0
2021-09-27 00:00:00+09:00,320.0,320.0,296.0,304.0,116000,0.0,0.0
2021-09-28 00:00:00+09:00,308.0,309.0,299.0,300.0,10500,0.0,0.0
2021-09-29 00:00:00+09:00,303.0,303.0,297.0,300.0,4400,0.0,0.0
2021-09-30 00:00:00+09:00,301.0,301.0,299.0,299.0,3800,0.0,0.0
2021-10-01 00:00:00+09:00,298.0,299.0,297.0,297.0,2500,0.0,0.0
2021-10-04 00:00:00+09:00,297.0,298.0,294.0,295.0,5600,0.0,0.0
2021-10-05 00:00:00+09:00,298.0,298.0,292.0,292.0,2200,0.0,0.0
2021-10-06 00:00:00+09:00,295.0,295.0,291.0,291.0,900,0.0,0.0
2021-10-07 00:00:00+09:00,296.0,296.0,288.0,288.0,5800,0.0,0.0
2021-10-08 00:00:00+09:00,290.0,292.0,290.0,290.0,1000,0.0,0.0
2021-10-11 00:00:00+09:00,291.0,293.0,291.0,293.0,400,0.0,0.0
2021-10-12 00:00:00+09:00,298.0,301.0,284.0,286.0,19000,0.0,0.0
2021-10-13 00:00:00+09:00,287.0,293.0,287.0,287.0,4500,0.0,0.0
2021-10-14 00:00:00+09:00,289.0,293.0,288.0,289.0,3200,0.0,0.0
2021-10-15 00:00:00+09:00,297.0,368.0,297.0,309.0,505200,0.0,0.0
2021-10-18 00:00:00+09:00,294.0,302.0,292.0,300.0,79100,0.0,0.0
2021-10-19 00:00:00+09:00,311.0,328.0,301.0,303.0,70000,0.0,0.0
2021-10-20 00:00:00+09:00,305.0,305.0,300.0,301.0,10900,0.0,0.0
2021-10-21 00:00:00+09:00,303.0,303.0,296.0,299.0,12400,0.0,0.0
2021-10-22 00:00:00+09:00,299.0,299.0,284.0,287.0,24200,0.0,0.0
2021-10-25 00:00:00+09:00,288.0,291.0,286.0,286.0,7900,0.0,0.0
2021-10-26 00:00:00+09:00,287.0,289.0,286.0,288.0,6000,0.0,0.0
2021-10-27 00:00:00+09:00,288.0,290.0,287.0,287.0,2700,0.0,0.0
2021-10-28 00:00:00+09:00,293.0,293.0,286.0,286.0,3100,0.0,0.0
2021-10-29 00:00:00+09:00,287.0,291.0,286.0,291.0,2100,0.0,0.0
2021-11-01 00:00:00+09:00,292.0,292.0,287.0,287.0,1900,0.0,0.0
2021-11-02 00:00:00+09:00,287.0,290.0,287.0,289.0,3300,0.0,0.0
2021-11-04 00:00:00+09:00,292.0,294.0,291.0,291.0,3500,0.0,0.0
2021-11-05 00:00:00+09:00,291.0,295.0,290.0,293.0,2700,0.0,0.0
2021-11-08 00:00:00+09:00,298.0,298.0,291.0,293.0,2200,0.0,0.0
2021-11-09 00:00:00+09:00,293.0,300.0,292.0,300.0,1200,0.0,0.0
2021-11-10 00:00:00+09:00,300.0,300.0,293.0,295.0,5700,0.0,0.0
2021-11-11 00:00:00+09:00,294.0,294.0,292.0,292.0,1400,0.0,0.0
2021-11-12 00:00:00+09:00,290.0,290.0,283.0,286.0,11100,0.0,0.0
2021-11-15 00:00:00+09:00,290.0,290.0,285.0,285.0,4000,0.0,0.0
2021-11-16 00:00:00+09:00,290.0,290.0,284.0,288.0,4800,0.0,0.0
2021-11-17 00:00:00+09:00,287.0,290.0,286.0,290.0,2500,0.0,0.0
2021-11-18 00:00:00+09:00,289.0,293.0,287.0,290.0,4500,0.0,0.0
2021-11-19 00:00:00+09:00,287.0,294.0,287.0,290.0,3000,0.0,0.0
2021-11-22 00:00:00+09:00,287.0,292.0,286.0,292.0,2800,0.0,0.0
2021-11-24 00:00:00+09:00,291.0,291.0,287.0,289.0,1600,0.0,0.0
2021-11-25 00:00:00+09:00,287.0,290.0,287.0,290.0,1400,0.0,0.0
2021-11-26 00:00:00+09:00,287.0,292.0,287.0,292.0,5200,0.0,0.0
2021-11-29 00:00:00+09:00,290.0,290.0,283.0,283.0,16600,0.0,0.0
2021-11-30 00:00:00+09:00,283.0,288.0,283.0,288.0,1100,0.0,0.0
2021-12-01 00:00:00+09:00,283.0,289.0,283.0,289.0,2100,0.0,0.0
2021-12-02 00:00:00+09:00,287.0,287.0,287.0,287.0,6700,0.0,0.0
2021-12-03 00:00:00+09:00,287.0,290.0,287.0,289.0,1700,0.0,0.0
2021-12-06 00:00:00+09:00,288.0,290.0,288.0,288.0,400,0.0,0.0
2021-12-07 00:00:00+09:00,290.0,290.0,288.0,290.0,400,0.0,0.0
2021-12-08 00:00:00+09:00,290.0,290.0,288.0,288.0,3200,0.0,0.0
2021-12-09 00:00:00+09:00,287.0,288.0,287.0,287.0,3900,0.0,0.0
2021-12-10 00:00:00+09:00,289.0,289.0,288.0,288.0,3000,0.0,0.0
2021-12-13 00:00:00+09:00,288.0,289.0,288.0,289.0,200,0.0,0.0
2021-12-14 00:00:00+09:00,290.0,290.0,280.0,285.0,10400,0.0,0.0
2021-12-15 00:00:00+09:00,282.0,282.0,280.0,282.0,1900,0.0,0.0
2021-12-16 00:00:00+09:00,281.0,282.0,280.0,280.0,2100,0.0,0.0
2021-12-17 00:00:00+09:00,279.0,279.0,276.0,277.0,1500,0.0,0.0
2021-12-20 00:00:00+09:00,274.0,276.0,274.0,274.0,7200,0.0,0.0
2021-12-21 00:00:00+09:00,274.0,275.0,274.0,274.0,3000,0.0,0.0
2021-12-22 00:00:00+09:00,270.0,272.0,270.0,272.0,900,0.0,0.0
2021-12-23 00:00:00+09:00,273.0,273.0,270.0,271.0,4500,0.0,0.0
2021-12-24 00:00:00+09:00,272.0,274.0,272.0,272.0,1700,0.0,0.0
2021-12-27 00:00:00+09:00,270.0,271.0,266.0,266.0,3500,0.0,0.0
2021-12-28 00:00:00+09:00,270.0,273.0,266.0,270.0,3900,0.0,0.0
2021-12-29 00:00:00+09:00,278.0,283.0,271.0,271.0,1300,0.0,0.0
2021-12-30 00:00:00+09:00,272.0,277.0,272.0,273.0,4000,0.0,0.0
2022-01-04 00:00:00+09:00,276.0,280.0,276.0,280.0,3400,0.0,0.0
2022-01-05 00:00:00+09:00,280.0,280.0,280.0,280.0,1100,0.0,0.0
2022-01-06 00:00:00+09:00,281.0,281.0,280.0,280.0,600,0.0,0.0
2022-01-07 00:00:00+09:00,280.0,280.0,280.0,280.0,1100,0.0,0.0
2022-01-11 00:00:00+09:00,280.0,280.0,279.0,279.0,2100,0.0,0.0
2022-01-12 00:00:00+09:00,280.0,282.0,279.0,282.0,1700,0.0,0.0
2022-01-13 00:00:00+09:00,279.0,279.0,272.0,275.0,1300,0.0,0.0
2022-01-14 00:00:00+09:00,274.0,274.0,271.0,273.0,6000,0.0,0.0
2022-01-17 00:00:00+09:00,270.0,270.0,266.0,266.0,3800,0.0,0.0
2022-01-18 00:00:00+09:00,266.0,268.0,266.0,268.0,500,0.0,0.0
2022-01-19 00:00:00+09:00,264.0,264.0,257.0,257.0,1500,0.0,0.0
2022-01-20 00:00:00+09:00,259.0,260.0,259.0,260.0,800,0.0,0.0
2022-01-21 00:00:00+09:00,260.0,260.0,251.0,259.0,4100,0.0,0.0
2022-01-24 00:00:00+09:00,259.0,262.0,257.0,260.0,2300,0.0,0.0
2022-01-25 00:00:00+09:00,262.0,262.0,257.0,260.0,1500,0.0,0.0
2022-01-26 00:00:00+09:00,260.0,260.0,260.0,260.0,0,0.0,0.0
2022-01-27 00:00:00+09:00,255.0,256.0,252.0,252.0,3500,0.0,0.0
2022-01-28 00:00:00+09:00,252.0,255.0,252.0,253.0,2000,0.0,0.0
2022-01-31 00:00:00+09:00,255.0,255.0,253.0,253.0,600,0.0,0.0
2022-02-01 00:00:00+09:00,253.0,253.0,253.0,253.0,0,0.0,0.0
2022-02-02 00:00:00+09:00,253.0,266.0,253.0,266.0,2900,0.0,0.0
2022-02-03 00:00:00+09:00,268.0,274.0,262.0,270.0,1900,0.0,0.0
2022-02-04 00:00:00+09:00,262.0,262.0,262.0,262.0,200,0.0,0.0
2022-02-07 00:00:00+09:00,271.0,271.0,264.0,264.0,300,0.0,0.0
2022-02-08 00:00:00+09:00,265.0,266.0,265.0,266.0,800,0.0,0.0
2022-02-09 00:00:00+09:00,267.0,275.0,267.0,272.0,1800,0.0,0.0
2022-02-10 00:00:00+09:00,272.0,273.0,268.0,268.0,5000,0.0,0.0
2022-02-14 00:00:00+09:00,271.0,271.0,269.0,269.0,600,0.0,0.0
2022-02-15 00:00:00+09:00,269.0,269.0,269.0,269.0,0,0.0,0.0
2022-02-16 00:00:00+09:00,269.0,269.0,269.0,269.0,700,0.0,0.0
2022-02-17 00:00:00+09:00,269.0,269.0,269.0,269.0,2200,0.0,0.0
2022-02-18 00:00:00+09:00,269.0,269.0,269.0,269.0,2700,0.0,0.0
2022-02-21 00:00:00+09:00,272.0,272.0,269.0,269.0,200,0.0,0.0
2022-02-22 00:00:00+09:00,269.0,269.0,269.0,269.0,200,0.0,0.0
2022-02-24 00:00:00+09:00,264.0,271.0,264.0,264.0,1900,0.0,0.0
2022-02-25 00:00:00+09:00,264.0,264.0,258.0,258.0,500,0.0,0.0
2022-02-28 00:00:00+09:00,266.0,266.0,266.0,266.0,100,0.0,0.0
2022-03-01 00:00:00+09:00,266.0,266.0,261.0,261.0,400,0.0,0.0
2022-03-02 00:00:00+09:00,274.0,274.0,274.0,274.0,100,0.0,0.0
2022-03-03 00:00:00+09:00,273.0,273.0,265.0,269.0,1400,0.0,0.0
2022-03-04 00:00:00+09:00,267.0,267.0,267.0,267.0,100,0.0,0.0
2022-03-07 00:00:00+09:00,267.0,267.0,248.0,253.0,31100,0.0,0.0
2022-03-08 00:00:00+09:00,256.0,256.0,251.0,251.0,1300,0.0,0.0
2022-03-09 00:00:00+09:00,250.0,251.0,248.0,251.0,500,0.0,0.0
2022-03-10 00:00:00+09:00,251.0,253.0,251.0,251.0,5800,0.0,0.0
2022-03-11 00:00:00+09:00,250.0,250.0,248.0,248.0,800,0.0,0.0
2022-03-14 00:00:00+09:00,249.0,254.0,249.0,249.0,24500,0.0,0.0
2022-03-15 00:00:00+09:00,247.0,254.0,247.0,250.0,1300,0.0,0.0
2022-03-16 00:00:00+09:00,250.0,254.0,250.0,251.0,2100,0.0,0.0
2022-03-17 00:00:00+09:00,260.0,264.0,260.0,260.0,2800,0.0,0.0
2022-03-18 00:00:00+09:00,260.0,262.0,260.0,260.0,800,0.0,0.0
2022-03-22 00:00:00+09:00,265.0,265.0,265.0,265.0,400,0.0,0.0
2022-03-23 00:00:00+09:00,260.0,265.0,260.0,265.0,1300,0.0,0.0
2022-03-24 00:00:00+09:00,265.0,270.0,265.0,269.0,2000,0.0,0.0
2022-03-25 00:00:00+09:00,266.0,268.0,266.0,267.0,800,0.0,0.0
2022-03-28 00:00:00+09:00,266.0,266.0,265.0,265.0,1200,0.0,0.0
2022-03-29 00:00:00+09:00,268.0,268.0,265.0,265.0,400,0.0,0.0
2022-03-30 00:00:00+09:00,265.0,265.0,265.0,265.0,400,0.0,0.0
2022-03-31 00:00:00+09:00,265.0,265.0,265.0,265.0,0,0.0,0.0
2022-04-01 00:00:00+09:00,265.0,265.0,265.0,265.0,0,0.0,0.0
2022-04-04 00:00:00+09:00,265.0,265.0,265.0,265.0,100,0.0,0.0
2022-04-05 00:00:00+09:00,270.0,271.0,269.0,270.0,1700,0.0,0.0
2022-04-06 00:00:00+09:00,271.0,320.0,271.0,272.0,106800,0.0,0.0
2022-04-07 00:00:00+09:00,275.0,309.0,271.0,282.0,41800,0.0,0.0
2022-04-08 00:00:00+09:00,282.0,285.0,282.0,282.0,5600,0.0,0.0
2022-04-11 00:00:00+09:00,283.0,283.0,277.0,277.0,3700,0.0,0.0
2022-04-12 00:00:00+09:00,278.0,278.0,275.0,275.0,4500,0.0,0.0
2022-04-13 00:00:00+09:00,273.0,274.0,270.0,273.0,3500,0.0,0.0
2022-04-14 00:00:00+09:00,266.0,273.0,266.0,273.0,500,0.0,0.0
2022-04-15 00:00:00+09:00,269.0,269.0,269.0,269.0,200,0.0,0.0
2022-04-18 00:00:00+09:00,275.0,275.0,273.0,275.0,600,0.0,0.0
2022-04-19 00:00:00+09:00,269.0,269.0,269.0,269.0,200,0.0,0.0
2022-04-20 00:00:00+09:00,267.0,271.0,267.0,271.0,200,0.0,0.0
2022-04-21 00:00:00+09:00,271.0,271.0,271.0,271.0,0,0.0,0.0
2022-04-22 00:00:00+09:00,269.0,277.0,269.0,277.0,2300,0.0,0.0
2022-04-25 00:00:00+09:00,275.0,275.0,275.0,275.0,600,0.0,0.0
2022-04-26 00:00:00+09:00,275.0,275.0,275.0,275.0,1000,0.0,0.0
2022-04-27 00:00:00+09:00,275.0,275.0,275.0,275.0,100,0.0,0.0
2022-04-28 00:00:00+09:00,275.0,275.0,275.0,275.0,0,0.0,0.0
2022-05-02 00:00:00+09:00,276.0,278.0,269.0,269.0,1100,0.0,0.0
2022-05-06 00:00:00+09:00,272.0,272.0,272.0,272.0,600,0.0,0.0
2022-05-09 00:00:00+09:00,272.0,272.0,268.0,268.0,300,0.0,0.0
2022-05-10 00:00:00+09:00,268.0,274.0,268.0,268.0,5400,0.0,0.0
2022-05-11 00:00:00+09:00,268.0,268.0,268.0,268.0,0,0.0,0.0
2022-05-12 00:00:00+09:00,265.0,265.0,265.0,265.0,400,0.0,0.0
2022-05-13 00:00:00+09:00,260.0,265.0,260.0,265.0,300,0.0,0.0
2022-05-16 00:00:00+09:00,267.0,268.0,267.0,267.0,500,0.0,0.0
2022-05-17 00:00:00+09:00,265.0,265.0,265.0,265.0,100,0.0,0.0
2022-05-18 00:00:00+09:00,265.0,266.0,265.0,265.0,400,0.0,0.0
2022-05-19 00:00:00+09:00,265.0,265.0,265.0,265.0,0,0.0,0.0
2022-05-20 00:00:00+09:00,262.0,262.0,262.0,262.0,100,0.0,0.0
2022-05-23 00:00:00+09:00,273.0,273.0,262.0,263.0,4200,0.0,0.0
2022-05-24 00:00:00+09:00,262.0,264.0,262.0,262.0,2800,0.0,0.0
2022-05-25 00:00:00+09:00,262.0,262.0,262.0,262.0,0,0.0,0.0
2022-05-26 00:00:00+09:00,262.0,266.0,262.0,263.0,3000,0.0,0.0
2022-05-27 00:00:00+09:00,265.0,265.0,263.0,264.0,900,0.0,0.0
2022-05-30 00:00:00+09:00,264.0,264.0,264.0,264.0,0,0.0,0.0
2022-05-31 00:00:00+09:00,270.0,270.0,270.0,270.0,1300,0.0,0.0
2022-06-01 00:00:00+09:00,262.0,268.0,262.0,268.0,900,0.0,0.0
2022-06-02 00:00:00+09:00,265.0,265.0,264.0,264.0,2700,0.0,0.0
2022-06-03 00:00:00+09:00,266.0,266.0,262.0,263.0,2600,0.0,0.0
2022-06-06 00:00:00+09:00,264.0,266.0,264.0,266.0,800,0.0,0.0
2022-06-07 00:00:00+09:00,266.0,266.0,264.0,266.0,900,0.0,0.0
2022-06-08 00:00:00+09:00,265.0,269.0,265.0,269.0,2300,0.0,0.0
2022-06-09 00:00:00+09:00,268.0,268.0,264.0,266.0,1900,0.0,0.0
2022-06-10 00:00:00+09:00,266.0,268.0,266.0,268.0,4400,0.0,0.0
2022-06-13 00:00:00+09:00,268.0,269.0,268.0,268.0,700,0.0,0.0
2022-06-14 00:00:00+09:00,268.0,270.0,268.0,268.0,800,0.0,0.0
2022-06-15 00:00:00+09:00,265.0,265.0,260.0,260.0,3700,0.0,0.0
2022-06-16 00:00:00+09:00,260.0,260.0,257.0,257.0,3300,0.0,0.0
2022-06-17 00:00:00+09:00,255.0,257.0,255.0,255.0,2100,0.0,0.0
2022-06-20 00:00:00+09:00,261.0,261.0,255.0,255.0,3600,0.0,0.0
2022-06-21 00:00:00+09:00,255.0,258.0,255.0,256.0,1100,0.0,0.0
2022-06-22 00:00:00+09:00,257.0,259.0,255.0,256.0,1300,0.0,0.0
2022-06-23 00:00:00+09:00,254.0,255.0,254.0,254.0,800,0.0,0.0
2022-06-24 00:00:00+09:00,254.0,263.0,252.0,263.0,2000,0.0,0.0
2022-06-27 00:00:00+09:00,253.0,255.0,252.0,255.0,24800,0.0,0.0
2022-06-28 00:00:00+09:00,255.0,256.0,253.0,256.0,1800,0.0,0.0
2022-06-29 00:00:00+09:00,253.0,257.0,253.0,257.0,2200,0.0,0.0
2022-06-30 00:00:00+09:00,254.0,256.0,253.0,253.0,3200,0.0,0.0
2022-07-01 00:00:00+09:00,254.0,254.0,251.0,251.0,3500,0.0,0.0
2022-07-04 00:00:00+09:00,251.0,252.0,251.0,251.0,900,0.0,0.0
2022-07-05 00:00:00+09:00,251.0,252.0,251.0,251.0,2900,0.0,0.0
2022-07-06 00:00:00+09:00,251.0,255.0,251.0,251.0,1200,0.0,0.0
2022-07-07 00:00:00+09:00,251.0,252.0,251.0,251.0,1500,0.0,0.0
2022-07-08 00:00:00+09:00,254.0,254.0,254.0,254.0,400,0.0,0.0
2022-07-11 00:00:00+09:00,255.0,255.0,254.0,255.0,900,0.0,0.0
2022-07-12 00:00:00+09:00,255.0,256.0,255.0,255.0,500,0.0,0.0
2022-07-13 00:00:00+09:00,256.0,256.0,255.0,255.0,2400,0.0,0.0
2022-07-14 00:00:00+09:00,255.0,256.0,255.0,256.0,4100,0.0,0.0
2022-07-15 00:00:00+09:00,256.0,256.0,256.0,256.0,0,0.0,0.0
2022-07-19 00:00:00+09:00,258.0,258.0,256.0,257.0,4800,0.0,0.0
2022-07-20 00:00:00+09:00,255.0,256.0,255.0,255.0,300,0.0,0.0
2022-07-21 00:00:00+09:00,256.0,256.0,256.0,256.0,100,0.0,0.0
2022-07-22 00:00:00+09:00,256.0,256.0,256.0,256.0,6800,0.0,0.0
2022-07-25 00:00:00+09:00,256.0,256.0,251.0,254.0,2700,0.0,0.0
2022-07-26 00:00:00+09:00,254.0,255.0,253.0,254.0,3100,0.0,0.0
2022-07-27 00:00:00+09:00,254.0,254.0,254.0,254.0,7400,0.0,0.0
2022-07-28 00:00:00+09:00,254.0,254.0,254.0,254.0,900,0.0,0.0
2022-07-29 00:00:00+09:00,254.0,254.0,254.0,254.0,300,0.0,0.0
2022-08-01 00:00:00+09:00,254.0,254.0,254.0,254.0,1200,0.0,0.0
2022-08-02 00:00:00+09:00,254.0,254.0,254.0,254.0,3400,0.0,0.0
2022-08-03 00:00:00+09:00,254.0,254.0,250.0,252.0,10600,0.0,0.0
2022-08-04 00:00:00+09:00,250.0,251.0,249.0,249.0,8500,0.0,0.0
2022-08-05 00:00:00+09:00,250.0,250.0,241.0,241.0,13200,0.0,0.0
2022-08-08 00:00:00+09:00,244.0,245.0,244.0,244.0,4400,0.0,0.0
2022-08-09 00:00:00+09:00,242.0,242.0,239.0,240.0,19300,0.0,0.0
2022-08-10 00:00:00+09:00,240.0,245.0,240.0,245.0,3100,0.0,0.0
2022-08-12 00:00:00+09:00,244.0,245.0,238.0,245.0,5700,0.0,0.0
2022-08-15 00:00:00+09:00,246.0,247.0,244.0,246.0,6700,0.0,0.0
2022-08-16 00:00:00+09:00,246.0,246.0,246.0,246.0,3700,0.0,0.0
2022-08-17 00:00:00+09:00,246.0,246.0,244.0,244.0,1900,0.0,0.0
2022-08-18 00:00:00+09:00,244.0,249.0,244.0,249.0,2200,0.0,0.0
2022-08-19 00:00:00+09:00,248.0,264.0,248.0,250.0,10600,0.0,0.0
2022-08-22 00:00:00+09:00,251.0,251.0,247.0,248.0,3100,0.0,0.0
2022-08-23 00:00:00+09:00,248.0,253.0,247.0,250.0,1300,0.0,0.0
2022-08-24 00:00:00+09:00,248.0,248.0,243.0,248.0,5500,0.0,0.0
2022-08-25 00:00:00+09:00,245.0,248.0,244.0,248.0,1900,0.0,0.0
2022-08-26 00:00:00+09:00,247.0,248.0,246.0,248.0,400,0.0,0.0
2022-08-29 00:00:00+09:00,248.0,248.0,244.0,244.0,2900,0.0,0.0
2022-08-30 00:00:00+09:00,244.0,244.0,244.0,244.0,800,0.0,0.0
2022-08-31 00:00:00+09:00,244.0,246.0,244.0,246.0,1000,0.0,0.0
2022-09-01 00:00:00+09:00,246.0,246.0,246.0,246.0,3000,0.0,0.0
2022-09-02 00:00:00+09:00,245.0,245.0,244.0,245.0,2500,0.0,0.0
2022-09-05 00:00:00+09:00,246.0,246.0,246.0,246.0,300,0.0,0.0
2022-09-06 00:00:00+09:00,246.0,248.0,246.0,248.0,900,0.0,0.0
2022-09-07 00:00:00+09:00,247.0,247.0,244.0,244.0,1800,0.0,0.0
2022-09-08 00:00:00+09:00,248.0,248.0,243.0,247.0,1100,0.0,0.0
2022-09-09 00:00:00+09:00,247.0,247.0,246.0,246.0,700,0.0,0.0
2022-09-12 00:00:00+09:00,246.0,246.0,245.0,245.0,2900,0.0,0.0
2022-09-13 00:00:00+09:00,245.0,245.0,245.0,245.0,500,0.0,0.0
2022-09-14 00:00:00+09:00,245.0,245.0,245.0,245.0,1100,0.0,0.0
2022-09-15 00:00:00+09:00,245.0,245.0,245.0,245.0,1400,0.0,0.0
2022-09-16 00:00:00+09:00,245.0,245.0,244.0,244.0,2200,0.0,0.0
2022-09-20 00:00:00+09:00,244.0,244.0,244.0,244.0,600,0.0,0.0
2022-09-21 00:00:00+09:00,243.0,244.0,243.0,244.0,3100,0.0,0.0
2022-09-22 00:00:00+09:00,243.0,245.0,243.0,245.0,600,0.0,0.0
2022-09-26 00:00:00+09:00,246.0,247.0,240.0,240.0,6500,0.0,0.0
2022-09-27 00:00:00+09:00,240.0,242.0,240.0,242.0,1000,0.0,0.0
2022-09-28 00:00:00+09:00,240.0,242.0,239.0,239.0,2100,0.0,0.0
2022-09-29 00:00:00+09:00,241.0,241.0,241.0,241.0,100,0.0,0.0
2022-09-30 00:00:00+09:00,240.0,240.0,231.0,231.0,5200,0.0,0.0
2022-10-03 00:00:00+09:00,229.0,234.0,229.0,234.0,1200,0.0,0.0
2022-10-04 00:00:00+09:00,238.0,238.0,233.0,234.0,900,0.0,0.0
2022-10-05 00:00:00+09:00,235.0,235.0,227.0,229.0,11800,0.0,0.0
2022-10-06 00:00:00+09:00,229.0,230.0,228.0,230.0,2600,0.0,0.0
2022-10-07 00:00:00+09:00,230.0,231.0,230.0,231.0,800,0.0,0.0
2022-10-11 00:00:00+09:00,231.0,231.0,229.0,231.0,4600,0.0,0.0
2022-10-12 00:00:00+09:00,233.0,233.0,230.0,230.0,1200,0.0,0.0
2022-10-13 00:00:00+09:00,231.0,233.0,230.0,230.0,1800,0.0,0.0
2022-10-14 00:00:00+09:00,230.0,230.0,230.0,230.0,1100,0.0,0.0
2022-10-17 00:00:00+09:00,231.0,231.0,231.0,231.0,700,0.0,0.0
2022-10-18 00:00:00+09:00,235.0,235.0,233.0,234.0,1000,0.0,0.0
2022-10-19 00:00:00+09:00,235.0,235.0,235.0,235.0,200,0.0,0.0
2022-10-20 00:00:00+09:00,235.0,235.0,235.0,235.0,0,0.0,0.0
2022-10-21 00:00:00+09:00,232.0,232.0,232.0,232.0,400,0.0,0.0
2022-10-24 00:00:00+09:00,232.0,232.0,231.0,231.0,3200,0.0,0.0
2022-10-25 00:00:00+09:00,231.0,232.0,231.0,232.0,2000,0.0,0.0
2022-10-26 00:00:00+09:00,232.0,232.0,232.0,232.0,4000,0.0,0.0
2022-10-27 00:00:00+09:00,232.0,232.0,231.0,231.0,1100,0.0,0.0
2022-10-28 00:00:00+09:00,232.0,232.0,232.0,232.0,200,0.0,0.0
2022-10-31 00:00:00+09:00,232.0,232.0,232.0,232.0,0,0.0,0.0
2022-11-01 00:00:00+09:00,234.0,234.0,232.0,232.0,500,0.0,0.0
2022-11-02 00:00:00+09:00,232.0,232.0,232.0,232.0,100,0.0,0.0
2022-11-04 00:00:00+09:00,232.0,232.0,232.0,232.0,0,0.0,0.0
2022-11-07 00:00:00+09:00,235.0,235.0,232.0,234.0,900,0.0,0.0
2022-11-08 00:00:00+09:00,234.0,235.0,234.0,234.0,600,0.0,0.0
2022-11-09 00:00:00+09:00,233.0,235.0,232.0,234.0,2700,0.0,0.0
2022-11-10 00:00:00+09:00,234.0,235.0,233.0,235.0,3400,0.0,0.0
2022-11-11 00:00:00+09:00,236.0,236.0,235.0,235.0,200,0.0,0.0
2022-11-14 00:00:00+09:00,236.0,237.0,234.0,237.0,900,0.0,0.0
2022-11-15 00:00:00+09:00,234.0,234.0,226.0,229.0,5900,0.0,0.0
2022-11-16 00:00:00+09:00,227.0,228.0,225.0,228.0,3500,0.0,0.0
2022-11-17 00:00:00+09:00,227.0,229.0,227.0,228.0,2400,0.0,0.0
2022-11-18 00:00:00+09:00,228.0,228.0,227.0,227.0,200,0.0,0.0
2022-11-21 00:00:00+09:00,248.0,248.0,236.0,236.0,9000,0.0,0.0
2022-11-22 00:00:00+09:00,236.0,236.0,236.0,236.0,4200,0.0,0.0
2022-11-24 00:00:00+09:00,244.0,305.0,235.0,235.0,391500,0.0,0.0
2022-11-25 00:00:00+09:00,243.0,292.0,242.0,242.0,478000,0.0,0.0
2022-11-28 00:00:00+09:00,250.0,260.0,238.0,248.0,101100,0.0,0.0
2022-11-29 00:00:00+09:00,246.0,250.0,241.0,248.0,23500,0.0,0.0
2022-11-30 00:00:00+09:00,248.0,251.0,242.0,243.0,22000,0.0,0.0
2022-12-01 00:00:00+09:00,245.0,250.0,244.0,247.0,18500,0.0,0.0
2022-12-02 00:00:00+09:00,245.0,252.0,245.0,249.0,10700,0.0,0.0
2022-12-05 00:00:00+09:00,247.0,250.0,238.0,239.0,34900,0.0,0.0
2022-12-06 00:00:00+09:00,239.0,240.0,239.0,240.0,4500,0.0,0.0
2022-12-07 00:00:00+09:00,240.0,244.0,239.0,240.0,2900,0.0,0.0
2022-12-08 00:00:00+09:00,239.0,240.0,238.0,240.0,4900,0.0,0.0
2022-12-09 00:00:00+09:00,244.0,244.0,238.0,239.0,6600,0.0,0.0
2022-12-12 00:00:00+09:00,243.0,243.0,237.0,239.0,5600,0.0,0.0
2022-12-13 00:00:00+09:00,238.0,239.0,237.0,237.0,3100,0.0,0.0
2022-12-14 00:00:00+09:00,238.0,238.0,236.0,237.0,8100,0.0,0.0
2022-12-15 00:00:00+09:00,237.0,237.0,232.0,232.0,6300,0.0,0.0
2022-12-16 00:00:00+09:00,232.0,232.0,230.0,231.0,6600,0.0,0.0
2022-12-19 00:00:00+09:00,231.0,231.0,229.0,229.0,2800,0.0,0.0
2022-12-20 00:00:00+09:00,229.0,229.0,226.0,228.0,5400,0.0,0.0
2022-12-21 00:00:00+09:00,226.0,228.0,225.0,228.0,149800,0.0,0.0
2022-12-22 00:00:00+09:00,228.0,228.0,224.0,226.0,2300,0.0,0.0
2022-12-23 00:00:00+09:00,225.0,225.0,222.0,224.0,2600,0.0,0.0
2022-12-26 00:00:00+09:00,223.0,224.0,222.0,222.0,1700,0.0,0.0
2022-12-27 00:00:00+09:00,223.0,224.0,222.0,224.0,1600,0.0,0.0
2022-12-28 00:00:00+09:00,226.0,226.0,219.0,220.0,18200,0.0,0.0
2022-12-29 00:00:00+09:00,220.0,221.0,220.0,221.0,1500,0.0,0.0
2022-12-30 00:00:00+09:00,225.0,226.0,220.0,222.0,4700,0.0,0.0
2023-01-04 00:00:00+09:00,225.0,227.0,225.0,227.0,2700,0.0,0.0
2023-01-05 00:00:00+09:00,227.0,228.0,227.0,228.0,1200,0.0,0.0
2023-01-06 00:00:00+09:00,229.0,229.0,227.0,227.0,1300,0.0,0.0
2023-01-10 00:00:00+09:00,227.0,227.0,227.0,227.0,2600,0.0,0.0
2023-01-11 00:00:00+09:00,228.0,228.0,215.0,222.0,10600,0.0,0.0
2023-01-12 00:00:00+09:00,223.0,224.0,223.0,224.0,200,0.0,0.0
2023-01-13 00:00:00+09:00,224.0,224.0,224.0,224.0,3700,0.0,0.0
2023-01-16 00:00:00+09:00,231.0,231.0,220.0,227.0,4200,0.0,0.0
2023-01-17 00:00:00+09:00,225.0,225.0,223.0,223.0,600,0.0,0.0
2023-01-18 00:00:00+09:00,227.0,227.0,227.0,227.0,400,0.0,0.0
2023-01-19 00:00:00+09:00,226.0,226.0,226.0,226.0,500,0.0,0.0
2023-01-20 00:00:00+09:00,225.0,225.0,223.0,223.0,4400,0.0,0.0
2023-01-23 00:00:00+09:00,224.0,226.0,224.0,226.0,7300,0.0,0.0
2023-01-24 00:00:00+09:00,228.0,228.0,225.0,226.0,2400,0.0,0.0
2023-01-25 00:00:00+09:00,227.0,228.0,227.0,228.0,1800,0.0,0.0
2023-01-26 00:00:00+09:00,227.0,227.0,226.0,226.0,900,0.0,0.0
2023-01-27 00:00:00+09:00,227.0,227.0,225.0,227.0,3100,0.0,0.0
2023-01-30 00:00:00+09:00,228.0,228.0,226.0,226.0,500,0.0,0.0
2023-01-31 00:00:00+09:00,226.0,226.0,225.0,225.0,2100,0.0,0.0
2023-02-01 00:00:00+09:00,225.0,225.0,225.0,225.0,0,0.0,0.0
2023-02-02 00:00:00+09:00,225.0,225.0,225.0,225.0,300,0.0,0.0
2023-02-03 00:00:00+09:00,227.0,227.0,226.0,227.0,900,0.0,0.0
2023-02-06 00:00:00+09:00,227.0,227.0,226.0,226.0,1200,0.0,0.0
2023-02-07 00:00:00+09:00,227.0,227.0,225.0,225.0,1000,0.0,0.0
2023-02-08 00:00:00+09:00,226.0,226.0,224.0,224.0,3800,0.0,0.0
2023-02-09 00:00:00+09:00,223.0,226.0,223.0,224.0,700,0.0,0.0
2023-02-10 00:00:00+09:00,224.0,224.0,224.0,224.0,2900,0.0,0.0
2023-02-13 00:00:00+09:00,225.0,225.0,222.0,224.0,4500,0.0,0.0
2023-02-14 00:00:00+09:00,222.0,224.0,222.0,224.0,2400,0.0,0.0
2023-02-15 00:00:00+09:00,222.0,223.0,220.0,223.0,7000,0.0,0.0
2023-02-16 00:00:00+09:00,225.0,225.0,222.0,224.0,2400,0.0,0.0
2023-02-17 00:00:00+09:00,226.0,226.0,224.0,225.0,2900,0.0,0.0
2023-02-20 00:00:00+09:00,226.0,227.0,225.0,226.0,2100,0.0,0.0
2023-02-21 00:00:00+09:00,227.0,228.0,225.0,226.0,3900,0.0,0.0
2023-02-22 00:00:00+09:00,227.0,227.0,225.0,225.0,1000,0.0,0.0
2023-02-24 00:00:00+09:00,224.0,224.0,221.0,222.0,7900,0.0,0.0
2023-02-27 00:00:00+09:00,223.0,223.0,223.0,223.0,400,0.0,0.0
2023-02-28 00:00:00+09:00,224.0,227.0,224.0,227.0,4200,0.0,0.0
2023-03-01 00:00:00+09:00,226.0,227.0,226.0,226.0,1100,0.0,0.0
2023-03-02 00:00:00+09:00,227.0,229.0,227.0,229.0,3300,0.0,0.0
2023-03-03 00:00:00+09:00,230.0,233.0,229.0,231.0,8200,0.0,0.0
2023-03-06 00:00:00+09:00,234.0,239.0,232.0,232.0,10400,0.0,0.0
2023-03-07 00:00:00+09:00,232.0,233.0,231.0,233.0,3400,0.0,0.0
2023-03-08 00:00:00+09:00,234.0,235.0,233.0,235.0,1000,0.0,0.0
2023-03-09 00:00:00+09:00,235.0,238.0,235.0,238.0,4800,0.0,0.0
2023-03-10 00:00:00+09:00,238.0,240.0,237.0,237.0,3900,0.0,0.0
2023-03-13 00:00:00+09:00,237.0,237.0,235.0,235.0,500,0.0,0.0
2023-03-14 00:00:00+09:00,234.0,234.0,229.0,229.0,1600,0.0,0.0
2023-03-15 00:00:00+09:00,229.0,229.0,229.0,229.0,0,0.0,0.0
2023-03-16 00:00:00+09:00,229.0,229.0,215.0,220.0,12400,0.0,0.0
2023-03-17 00:00:00+09:00,220.0,220.0,217.0,219.0,3000,0.0,0.0
2023-03-20 00:00:00+09:00,222.0,222.0,218.0,218.0,700,0.0,0.0
2023-03-22 00:00:00+09:00,218.0,218.0,218.0,218.0,400,0.0,0.0
2023-03-23 00:00:00+09:00,219.0,219.0,219.0,219.0,100,0.0,0.0
2023-03-24 00:00:00+09:00,220.0,220.0,219.0,219.0,900,0.0,0.0
2023-03-27 00:00:00+09:00,217.0,219.0,217.0,219.0,3000,0.0,0.0
2023-03-28 00:00:00+09:00,219.0,222.0,219.0,219.0,2100,0.0,0.0
2023-03-29 00:00:00+09:00,220.0,221.0,220.0,220.0,900,0.0,0.0
2023-03-30 00:00:00+09:00,220.0,221.0,219.0,219.0,400,0.0,0.0
2023-03-31 00:00:00+09:00,219.0,220.0,219.0,220.0,1100,0.0,0.0
2023-04-03 00:00:00+09:00,222.0,225.0,221.0,225.0,4200,0.0,0.0
2023-04-04 00:00:00+09:00,224.0,225.0,224.0,225.0,700,0.0,0.0
2023-04-05 00:00:00+09:00,224.0,225.0,224.0,224.0,1900,0.0,0.0
2023-04-06 00:00:00+09:00,225.0,226.0,224.0,224.0,3600,0.0,0.0
2023-04-07 00:00:00+09:00,225.0,231.0,225.0,231.0,2700,0.0,0.0
2023-04-10 00:00:00+09:00,234.0,234.0,230.0,230.0,3700,0.0,0.0
2023-04-11 00:00:00+09:00,230.0,230.0,230.0,230.0,100,0.0,0.0
2023-04-12 00:00:00+09:00,230.0,230.0,228.0,228.0,1100,0.0,0.0
2023-04-13 00:00:00+09:00,230.0,230.0,228.0,229.0,1300,0.0,0.0
2023-04-14 00:00:00+09:00,232.0,232.0,229.0,229.0,800,0.0,0.0
2023-04-17 00:00:00+09:00,229.0,229.0,229.0,229.0,0,0.0,0.0
2023-04-18 00:00:00+09:00,231.0,231.0,229.0,229.0,600,0.0,0.0
2023-04-19 00:00:00+09:00,230.0,230.0,224.0,225.0,2000,0.0,0.0
2023-04-20 00:00:00+09:00,226.0,228.0,226.0,228.0,500,0.0,0.0
2023-04-21 00:00:00+09:00,227.0,227.0,227.0,227.0,100,0.0,0.0
2023-04-24 00:00:00+09:00,234.0,293.0,233.0,243.0,816100,0.0,0.0
2023-04-25 00:00:00+09:00,243.0,243.0,228.0,228.0,81600,0.0,0.0
2023-04-26 00:00:00+09:00,229.0,235.0,226.0,226.0,35200,0.0,0.0
2023-04-27 00:00:00+09:00,227.0,227.0,224.0,224.0,20000,0.0,0.0
2023-04-28 00:00:00+09:00,225.0,228.0,225.0,226.0,5000,0.0,0.0
2023-05-01 00:00:00+09:00,226.0,235.0,226.0,231.0,28300,0.0,0.0
2023-05-02 00:00:00+09:00,229.0,231.0,227.0,229.0,4300,0.0,0.0
2023-05-08 00:00:00+09:00,230.0,231.0,227.0,229.0,4100,0.0,0.0
2023-05-09 00:00:00+09:00,235.0,238.0,231.0,236.0,12500,0.0,0.0
2023-05-10 00:00:00+09:00,236.0,236.0,233.0,233.0,10700,0.0,0.0
2023-05-11 00:00:00+09:00,233.0,237.0,232.0,233.0,13700,0.0,0.0
2023-05-12 00:00:00+09:00,234.0,234.0,232.0,233.0,9500,0.0,0.0
2023-05-15 00:00:00+09:00,233.0,233.0,230.0,231.0,6300,0.0,0.0
2023-05-16 00:00:00+09:00,230.0,232.0,229.0,231.0,4000,0.0,0.0
2023-05-17 00:00:00+09:00,230.0,234.0,230.0,233.0,4500,0.0,0.0
2023-05-18 00:00:00+09:00,230.0,231.0,230.0,230.0,8300,0.0,0.0
2023-05-19 00:00:00+09:00,232.0,232.0,230.0,230.0,900,0.0,0.0
2023-05-22 00:00:00+09:00,232.0,232.0,229.0,230.0,3600,0.0,0.0
2023-05-23 00:00:00+09:00,231.0,231.0,230.0,231.0,4800,0.0,0.0
2023-05-24 00:00:00+09:00,230.0,230.0,230.0,230.0,1000,0.0,0.0
2023-05-25 00:00:00+09:00,230.0,231.0,229.0,231.0,11000,0.0,0.0
2023-05-26 00:00:00+09:00,231.0,231.0,229.0,229.0,2800,0.0,0.0
2023-05-29 00:00:00+09:00,230.0,230.0,229.0,229.0,6400,0.0,0.0
2023-05-30 00:00:00+09:00,229.0,229.0,228.0,229.0,1700,0.0,0.0
2023-05-31 00:00:00+09:00,228.0,230.0,227.0,230.0,2900,0.0,0.0
2023-06-01 00:00:00+09:00,228.0,230.0,228.0,228.0,16700,0.0,0.0
2023-06-02 00:00:00+09:00,228.0,230.0,228.0,230.0,7600,0.0,0.0
2023-06-05 00:00:00+09:00,231.0,232.0,228.0,228.0,8000,0.0,0.0
2023-06-06 00:00:00+09:00,228.0,231.0,228.0,231.0,13600,0.0,0.0
2023-06-07 00:00:00+09:00,231.0,231.0,229.0,229.0,3600,0.0,0.0
2023-06-08 00:00:00+09:00,231.0,231.0,229.0,229.0,2000,0.0,0.0
2023-06-09 00:00:00+09:00,231.0,231.0,229.0,229.0,1700,0.0,0.0
2023-06-12 00:00:00+09:00,230.0,231.0,229.0,230.0,8900,0.0,0.0
2023-06-13 00:00:00+09:00,231.0,231.0,229.0,230.0,4400,0.0,0.0
2023-06-14 00:00:00+09:00,230.0,230.0,229.0,230.0,2900,0.0,0.0
2023-06-15 00:00:00+09:00,231.0,232.0,230.0,230.0,4600,0.0,0.0
2023-06-16 00:00:00+09:00,231.0,231.0,229.0,230.0,3800,0.0,0.0
2023-06-19 00:00:00+09:00,231.0,232.0,230.0,232.0,1000,0.0,0.0
2023-06-20 00:00:00+09:00,233.0,234.0,233.0,234.0,6000,0.0,0.0
2023-06-21 00:00:00+09:00,234.0,234.0,232.0,233.0,1600,0.0,0.0
2023-06-22 00:00:00+09:00,233.0,233.0,231.0,233.0,4100,0.0,0.0
2023-06-23 00:00:00+09:00,233.0,233.0,230.0,231.0,7100,0.0,0.0
2023-06-26 00:00:00+09:00,230.0,232.0,230.0,231.0,2000,0.0,0.0
2023-06-27 00:00:00+09:00,231.0,232.0,231.0,232.0,400,0.0,0.0
2023-06-28 00:00:00+09:00,231.0,231.0,230.0,230.0,2600,0.0,0.0
2023-06-29 00:00:00+09:00,231.0,231.0,229.0,229.0,4000,0.0,0.0
2023-06-30 00:00:00+09:00,229.0,230.0,229.0,229.0,5800,0.0,0.0
2023-07-03 00:00:00+09:00,230.0,230.0,229.0,229.0,6200,0.0,0.0
2023-07-04 00:00:00+09:00,230.0,230.0,229.0,230.0,2300,0.0,0.0
2023-07-05 00:00:00+09:00,230.0,230.0,229.0,229.0,500,0.0,0.0
2023-07-06 00:00:00+09:00,231.0,233.0,230.0,233.0,4400,0.0,0.0
2023-07-07 00:00:00+09:00,233.0,233.0,232.0,232.0,1800,0.0,0.0
2023-07-10 00:00:00+09:00,232.0,232.0,232.0,232.0,2500,0.0,0.0
2023-07-11 00:00:00+09:00,234.0,234.0,232.0,232.0,1300,0.0,0.0
2023-07-12 00:00:00+09:00,233.0,233.0,231.0,233.0,2200,0.0,0.0
2023-07-13 00:00:00+09:00,232.0,233.0,231.0,232.0,6200,0.0,0.0
2023-07-14 00:00:00+09:00,232.0,232.0,231.0,231.0,800,0.0,0.0
2023-07-18 00:00:00+09:00,231.0,231.0,231.0,231.0,1300,0.0,0.0
2023-07-19 00:00:00+09:00,231.0,231.0,231.0,231.0,300,0.0,0.0
2023-07-20 00:00:00+09:00,231.0,231.0,231.0,231.0,1200,0.0,0.0
2023-07-21 00:00:00+09:00,232.0,232.0,230.0,231.0,6700,0.0,0.0
2023-07-24 00:00:00+09:00,231.0,231.0,231.0,231.0,1300,0.0,0.0
2023-07-25 00:00:00+09:00,232.0,232.0,232.0,232.0,800,0.0,0.0
2023-07-26 00:00:00+09:00,232.0,232.0,230.0,231.0,1400,0.0,0.0
2023-07-27 00:00:00+09:00,232.0,232.0,230.0,232.0,2800,0.0,0.0
2023-07-28 00:00:00+09:00,232.0,233.0,230.0,233.0,2500,0.0,0.0
2023-07-31 00:00:00+09:00,233.0,235.0,233.0,233.0,2600,0.0,0.0
2023-08-01 00:00:00+09:00,234.0,235.0,232.0,235.0,1300,0.0,0.0
2023-08-02 00:00:00+09:00,235.0,235.0,233.0,234.0,1500,0.0,0.0
2023-08-03 00:00:00+09:00,234.0,234.0,233.0,233.0,800,0.0,0.0
2023-08-04 00:00:00+09:00,234.0,234.0,232.0,232.0,400,0.0,0.0
2023-08-07 00:00:00+09:00,234.0,235.0,234.0,234.0,1000,0.0,0.0
2023-08-08 00:00:00+09:00,234.0,236.0,234.0,236.0,1100,0.0,0.0
2023-08-09 00:00:00+09:00,235.0,235.0,234.0,234.0,200,0.0,0.0
2023-08-10 00:00:00+09:00,234.0,234.0,231.0,231.0,5700,0.0,0.0
2023-08-14 00:00:00+09:00,234.0,234.0,230.0,230.0,2500,0.0,0.0
2023-08-15 00:00:00+09:00,230.0,231.0,228.0,229.0,6000,0.0,0.0
2023-08-16 00:00:00+09:00,230.0,230.0,229.0,229.0,900,0.0,0.0
2023-08-17 00:00:00+09:00,229.0,230.0,228.0,229.0,2100,0.0,0.0
2023-08-18 00:00:00+09:00,229.0,231.0,229.0,231.0,3300,0.0,0.0
2023-08-21 00:00:00+09:00,228.0,231.0,228.0,229.0,2300,0.0,0.0
2023-08-22 00:00:00+09:00,231.0,231.0,228.0,230.0,2900,0.0,0.0
2023-08-23 00:00:00+09:00,228.0,230.0,228.0,230.0,200,0.0,0.0
2023-08-24 00:00:00+09:00,229.0,229.0,228.0,229.0,2900,0.0,0.0
2023-08-25 00:00:00+09:00,228.0,229.0,228.0,229.0,1600,0.0,0.0
2023-08-28 00:00:00+09:00,229.0,230.0,229.0,230.0,1600,0.0,0.0
2023-08-29 00:00:00+09:00,229.0,230.0,229.0,230.0,500,0.0,0.0
2023-08-30 00:00:00+09:00,229.0,230.0,229.0,230.0,1100,0.0,0.0
2023-08-31 00:00:00+09:00,231.0,232.0,229.0,232.0,1700,0.0,0.0
2023-09-01 00:00:00+09:00,233.0,236.0,233.0,236.0,8400,0.0,0.0
2023-09-04 00:00:00+09:00,256.0,316.0,250.0,316.0,2047500,0.0,0.0
2023-09-05 00:00:00+09:00,380.0,396.0,325.0,343.0,3083200,0.0,0.0
2023-09-06 00:00:00+09:00,386.0,423.0,343.0,348.0,2360000,0.0,0.0
2023-09-07 00:00:00+09:00,364.0,372.0,317.0,317.0,610900,0.0,0.0
2023-09-08 00:00:00+09:00,333.0,338.0,300.0,305.0,371000,0.0,0.0
2023-09-11 00:00:00+09:00,300.0,302.0,274.0,280.0,334400,0.0,0.0
2023-09-12 00:00:00+09:00,276.0,279.0,269.0,273.0,172600,0.0,0.0
2023-09-13 00:00:00+09:00,288.0,350.0,282.0,307.0,1465000,0.0,0.0
2023-09-14 00:00:00+09:00,300.0,308.0,284.0,292.0,179100,0.0,0.0
2023-09-15 00:00:00+09:00,284.0,285.0,273.0,275.0,99900,0.0,0.0
2023-09-19 00:00:00+09:00,273.0,280.0,272.0,279.0,40700,0.0,0.0
2023-09-20 00:00:00+09:00,275.0,282.0,270.0,271.0,44600,0.0,0.0
2023-09-21 00:00:00+09:00,271.0,272.0,266.0,266.0,30700,0.0,0.0
2023-09-22 00:00:00+09:00,266.0,285.0,266.0,270.0,64200,0.0,0.0
2023-09-25 00:00:00+09:00,270.0,270.0,262.0,262.0,18900,0.0,0.0
2023-09-26 00:00:00+09:00,268.0,336.0,268.0,290.0,891000,0.0,0.0
2023-09-27 00:00:00+09:00,296.0,343.0,296.0,296.0,701900,0.0,0.0
2023-09-28 00:00:00+09:00,288.0,334.0,282.0,309.0,507800,0.0,0.0
2023-09-29 00:00:00+09:00,301.0,325.0,289.0,290.0,136200,0.0,0.0
2023-10-02 00:00:00+09:00,284.0,290.0,273.0,276.0,105200,0.0,0.0
2023-10-03 00:00:00+09:00,271.0,274.0,266.0,266.0,46800,0.0,0.0
2023-10-04 00:00:00+09:00,260.0,266.0,250.0,253.0,70400,0.0,0.0
2023-10-05 00:00:00+09:00,261.0,301.0,258.0,258.0,422300,0.0,0.0
2023-10-06 00:00:00+09:00,266.0,274.0,259.0,266.0,65200,0.0,0.0
2023-10-10 00:00:00+09:00,274.0,316.0,273.0,288.0,872000,0.0,0.0
2023-10-11 00:00:00+09:00,284.0,293.0,277.0,277.0,125700,0.0,0.0
2023-10-12 00:00:00+09:00,277.0,286.0,271.0,274.0,70500,0.0,0.0
2023-10-13 00:00:00+09:00,281.0,329.0,281.0,311.0,797100,0.0,0.0
2023-10-16 00:00:00+09:00,299.0,302.0,276.0,281.0,249500,0.0,0.0
2023-10-17 00:00:00+09:00,293.0,314.0,283.0,303.0,209600,0.0,0.0
2023-10-18 00:00:00+09:00,311.0,326.0,301.0,311.0,283500,0.0,0.0
2023-10-19 00:00:00+09:00,306.0,319.0,285.0,285.0,151900,0.0,0.0
2023-10-20 00:00:00+09:00,293.0,322.0,285.0,287.0,328800,0.0,0.0
2023-10-23 00:00:00+09:00,291.0,294.0,276.0,280.0,122800,0.0,0.0
2023-10-24 00:00:00+09:00,282.0,292.0,274.0,292.0,78700,0.0,0.0
2023-10-25 00:00:00+09:00,286.0,290.0,280.0,282.0,44500,0.0,0.0
2023-10-26 00:00:00+09:00,280.0,284.0,275.0,276.0,47500,0.0,0.0
2023-10-27 00:00:00+09:00,277.0,282.0,273.0,280.0,26200,0.0,0.0
2023-10-30 00:00:00+09:00,276.0,278.0,270.0,270.0,25600,0.0,0.0
2023-10-31 00:00:00+09:00,270.0,276.0,267.0,274.0,32800,0.0,0.0
2023-11-01 00:00:00+09:00,276.0,282.0,272.0,279.0,25200,0.0,0.0
2023-11-02 00:00:00+09:00,279.0,284.0,274.0,274.0,41200,0.0,0.0
2023-11-06 00:00:00+09:00,275.0,289.0,274.0,285.0,55900,0.0,0.0
2023-11-07 00:00:00+09:00,290.0,291.0,278.0,278.0,21700,0.0,0.0
2023-11-08 00:00:00+09:00,280.0,280.0,273.0,275.0,21500,0.0,0.0
2023-11-09 00:00:00+09:00,276.0,276.0,271.0,275.0,26200,0.0,0.0
2023-11-10 00:00:00+09:00,275.0,277.0,267.0,267.0,25300,0.0,0.0
2023-11-13 00:00:00+09:00,270.0,287.0,268.0,276.0,93800,0.0,0.0
2023-11-14 00:00:00+09:00,261.0,265.0,260.0,264.0,53200,0.0,0.0
2023-11-15 00:00:00+09:00,262.0,269.0,259.0,268.0,57200,0.0,0.0
2023-11-16 00:00:00+09:00,269.0,269.0,265.0,267.0,1800,0.0,0.0
2023-11-17 00:00:00+09:00,268.0,271.0,264.0,266.0,10700,0.0,0.0
2023-11-20 00:00:00+09:00,269.0,269.0,261.0,261.0,23200,0.0,0.0
2023-11-21 00:00:00+09:00,262.0,341.0,262.0,341.0,1807500,0.0,0.0
2023-11-22 00:00:00+09:00,373.0,380.0,298.0,299.0,3180800,0.0,0.0
2023-11-24 00:00:00+09:00,307.0,341.0,286.0,286.0,1933800,0.0,0.0
2023-11-27 00:00:00+09:00,286.0,292.0,276.0,276.0,221300,0.0,0.0
2023-11-28 00:00:00+09:00,284.0,284.0,272.0,275.0,105900,0.0,0.0
2023-11-29 00:00:00+09:00,275.0,280.0,274.0,275.0,83300,0.0,0.0
2023-11-30 00:00:00+09:00,275.0,276.0,269.0,274.0,44700,0.0,0.0
2023-12-01 00:00:00+09:00,274.0,276.0,270.0,270.0,37300,0.0,0.0
2023-12-04 00:00:00+09:00,272.0,272.0,266.0,268.0,27300,0.0,0.0
2023-12-05 00:00:00+09:00,268.0,269.0,262.0,265.0,39800,0.0,0.0
2023-12-06 00:00:00+09:00,263.0,273.0,262.0,268.0,32900,0.0,0.0
2023-12-07 00:00:00+09:00,268.0,275.0,264.0,265.0,36200,0.0,0.0
2023-12-08 00:00:00+09:00,267.0,267.0,263.0,263.0,28300,0.0,0.0
2023-12-11 00:00:00+09:00,271.0,271.0,263.0,268.0,24100,0.0,0.0
2023-12-12 00:00:00+09:00,267.0,271.0,266.0,267.0,9400,0.0,0.0
2023-12-13 00:00:00+09:00,267.0,267.0,263.0,263.0,17100,0.0,0.0
2023-12-14 00:00:00+09:00,264.0,264.0,257.0,257.0,68400,0.0,0.0
2023-12-15 00:00:00+09:00,257.0,260.0,257.0,257.0,17700,0.0,0.0
2023-12-18 00:00:00+09:00,258.0,260.0,256.0,259.0,16800,0.0,0.0
2023-12-19 00:00:00+09:00,259.0,264.0,254.0,258.0,28700,0.0,0.0
2023-12-20 00:00:00+09:00,261.0,265.0,255.0,258.0,33700,0.0,0.0
2023-12-21 00:00:00+09:00,257.0,257.0,254.0,257.0,29000,0.0,0.0
2023-12-22 00:00:00+09:00,255.0,257.0,253.0,256.0,17000,0.0,0.0
2023-12-25 00:00:00+09:00,256.0,256.0,253.0,255.0,30600,0.0,0.0
2023-12-26 00:00:00+09:00,255.0,256.0,250.0,252.0,55500,0.0,0.0
2023-12-27 00:00:00+09:00,252.0,252.0,246.0,252.0,42600,0.0,0.0
2023-12-28 00:00:00+09:00,251.0,258.0,250.0,257.0,17900,0.0,0.0
2023-12-29 00:00:00+09:00,254.0,260.0,252.0,259.0,16200,0.0,0.0
2024-01-04 00:00:00+09:00,261.0,263.0,256.0,261.0,31800,0.0,0.0
2024-01-05 00:00:00+09:00,262.0,269.0,261.0,269.0,36800,0.0,0.0
2024-01-09 00:00:00+09:00,267.0,274.0,267.0,268.0,36300,0.0,0.0
2024-01-10 00:00:00+09:00,268.0,272.0,266.0,271.0,34100,0.0,0.0
2024-01-11 00:00:00+09:00,268.0,271.0,264.0,270.0,27000,0.0,0.0
2024-01-12 00:00:00+09:00,270.0,271.0,264.0,271.0,23300,0.0,0.0
2024-01-15 00:00:00+09:00,271.0,271.0,269.0,269.0,1000,0.0,0.0
2024-01-16 00:00:00+09:00,271.0,271.0,263.0,263.0,12100,0.0,0.0
2024-01-17 00:00:00+09:00,261.0,263.0,259.0,261.0,17700,0.0,0.0
2024-01-18 00:00:00+09:00,262.0,262.0,259.0,259.0,8800,0.0,0.0
2024-01-19 00:00:00+09:00,259.0,261.0,256.0,259.0,34400,0.0,0.0
2024-01-22 00:00:00+09:00,256.0,265.0,256.0,263.0,35900,0.0,0.0
2024-01-23 00:00:00+09:00,265.0,265.0,261.0,264.0,7300,0.0,0.0
2024-01-24 00:00:00+09:00,264.0,264.0,261.0,261.0,2400,0.0,0.0
2024-01-25 00:00:00+09:00,262.0,265.0,260.0,262.0,6600,0.0,0.0
2024-01-26 00:00:00+09:00,262.0,262.0,260.0,262.0,1800,0.0,0.0
2024-01-29 00:00:00+09:00,263.0,263.0,258.0,262.0,5900,0.0,0.0
2024-01-30 00:00:00+09:00,268.0,268.0,261.0,261.0,10500,0.0,0.0
2024-01-31 00:00:00+09:00,260.0,262.0,259.0,260.0,7300,0.0,0.0
2024-02-01 00:00:00+09:00,263.0,263.0,260.0,261.0,4500,0.0,0.0
2024-02-02 00:00:00+09:00,261.0,261.0,259.0,260.0,4400,0.0,0.0
2024-02-05 00:00:00+09:00,260.0,263.0,260.0,261.0,6700,0.0,0.0
2024-02-06 00:00:00+09:00,262.0,267.0,261.0,266.0,10800,0.0,0.0
2024-02-07 00:00:00+09:00,266.0,266.0,262.0,266.0,8400,0.0,0.0
2024-02-08 00:00:00+09:00,266.0,266.0,263.0,264.0,4200,0.0,0.0
2024-02-09 00:00:00+09:00,264.0,266.0,263.0,265.0,2800,0.0,0.0
2024-02-13 00:00:00+09:00,267.0,267.0,260.0,261.0,9300,0.0,0.0
2024-02-14 00:00:00+09:00,262.0,267.0,262.0,265.0,8000,0.0,0.0
2024-02-15 00:00:00+09:00,265.0,265.0,258.0,258.0,10600,0.0,0.0
2024-02-16 00:00:00+09:00,258.0,260.0,257.0,258.0,9100,0.0,0.0
2024-02-19 00:00:00+09:00,258.0,265.0,258.0,264.0,4000,0.0,0.0
2024-02-20 00:00:00+09:00,264.0,266.0,263.0,266.0,2800,0.0,0.0
2024-02-21 00:00:00+09:00,264.0,265.0,263.0,264.0,5200,0.0,0.0
2024-02-22 00:00:00+09:00,264.0,264.0,258.0,259.0,24600,0.0,0.0
2024-02-26 00:00:00+09:00,259.0,260.0,257.0,259.0,7500,0.0,0.0
2024-02-27 00:00:00+09:00,258.0,260.0,257.0,260.0,6800,0.0,0.0
2024-02-28 00:00:00+09:00,259.0,263.0,259.0,260.0,7400,0.0,0.0
2024-02-29 00:00:00+09:00,262.0,271.0,261.0,263.0,21600,0.0,0.0
2024-03-01 00:00:00+09:00,264.0,270.0,263.0,263.0,8400,0.0,0.0
2024-03-04 00:00:00+09:00,263.0,264.0,261.0,264.0,4300,0.0,0.0
2024-03-05 00:00:00+09:00,262.0,262.0,261.0,261.0,4600,0.0,0.0
2024-03-06 00:00:00+09:00,259.0,262.0,259.0,262.0,6800,0.0,0.0
2024-03-07 00:00:00+09:00,262.0,263.0,259.0,259.0,6000,0.0,0.0
2024-03-08 00:00:00+09:00,260.0,262.0,260.0,262.0,2300,0.0,0.0
2024-03-11 00:00:00+09:00,262.0,263.0,257.0,257.0,8900,0.0,0.0
2024-03-12 00:00:00+09:00,258.0,259.0,257.0,257.0,8600,0.0,0.0
2024-03-13 00:00:00+09:00,258.0,261.0,258.0,260.0,5300,0.0,0.0
2024-03-14 00:00:00+09:00,259.0,261.0,258.0,261.0,3900,0.0,0.0
2024-03-15 00:00:00+09:00,260.0,261.0,259.0,261.0,3300,0.0,0.0
2024-03-18 00:00:00+09:00,261.0,262.0,260.0,261.0,1700,0.0,0.0
2024-03-19 00:00:00+09:00,260.0,261.0,259.0,260.0,2800,0.0,0.0
2024-03-21 00:00:00+09:00,261.0,262.0,261.0,262.0,2800,0.0,0.0
2024-03-22 00:00:00+09:00,262.0,264.0,262.0,264.0,4800,0.0,0.0
2024-03-25 00:00:00+09:00,264.0,275.0,264.0,271.0,15100,0.0,0.0
2024-03-26 00:00:00+09:00,270.0,271.0,267.0,271.0,3100,0.0,0.0
2024-03-27 00:00:00+09:00,268.0,269.0,265.0,268.0,7900,0.0,0.0
2024-03-28 00:00:00+09:00,268.0,274.0,264.0,264.0,18500,0.0,0.0
2024-03-29 00:00:00+09:00,266.0,275.0,266.0,272.0,7900,0.0,0.0
2024-04-01 00:00:00+09:00,271.0,271.0,266.0,270.0,4800,0.0,0.0
2024-04-02 00:00:00+09:00,269.0,271.0,266.0,271.0,9600,0.0,0.0
2024-04-03 00:00:00+09:00,271.0,276.0,271.0,276.0,14900,0.0,0.0
2024-04-04 00:00:00+09:00,276.0,280.0,272.0,279.0,14700,0.0,0.0
2024-04-05 00:00:00+09:00,290.0,294.0,267.0,277.0,74700,0.0,0.0
2024-04-08 00:00:00+09:00,277.0,280.0,275.0,277.0,10600,0.0,0.0
2024-04-09 00:00:00+09:00,275.0,276.0,272.0,274.0,3400,0.0,0.0
2024-04-10 00:00:00+09:00,274.0,275.0,274.0,274.0,2600,0.0,0.0
2024-04-11 00:00:00+09:00,274.0,274.0,270.0,270.0,6100,0.0,0.0
2024-04-12 00:00:00+09:00,269.0,270.0,265.0,265.0,18700,0.0,0.0
2024-04-15 00:00:00+09:00,263.0,267.0,262.0,266.0,4000,0.0,0.0
2024-04-16 00:00:00+09:00,266.0,267.0,265.0,265.0,1200,0.0,0.0
2024-04-17 00:00:00+09:00,263.0,266.0,262.0,266.0,2400,0.0,0.0
2024-04-18 00:00:00+09:00,265.0,266.0,265.0,265.0,500,0.0,0.0
2024-04-19 00:00:00+09:00,265.0,265.0,260.0,261.0,2500,0.0,0.0
2024-04-22 00:00:00+09:00,262.0,262.0,261.0,261.0,900,0.0,0.0
2024-04-23 00:00:00+09:00,260.0,262.0,260.0,260.0,1400,0.0,0.0
2024-04-24 00:00:00+09:00,260.0,261.0,260.0,260.0,1600,0.0,0.0
2024-04-25 00:00:00+09:00,260.0,260.0,257.0,259.0,4800,0.0,0.0
2024-04-26 00:00:00+09:00,258.0,259.0,258.0,259.0,1100,0.0,0.0
2024-04-30 00:00:00+09:00,258.0,259.0,258.0,258.0,1600,0.0,0.0
2024-05-01 00:00:00+09:00,258.0,259.0,258.0,259.0,400,0.0,0.0
2024-05-02 00:00:00+09:00,259.0,260.0,259.0,259.0,700,0.0,0.0
2024-05-07 00:00:00+09:00,259.0,259.0,256.0,257.0,6600,0.0,0.0
2024-05-08 00:00:00+09:00,257.0,257.0,256.0,257.0,1200,0.0,0.0
2024-05-09 00:00:00+09:00,257.0,257.0,257.0,257.0,3500,0.0,0.0
2024-05-10 00:00:00+09:00,257.0,261.0,257.0,258.0,4600,0.0,0.0
2024-05-13 00:00:00+09:00,258.0,261.0,258.0,261.0,7600,0.0,0.0
2024-05-14 00:00:00+09:00,259.0,259.0,235.0,243.0,33500,0.0,0.0
2024-05-15 00:00:00+09:00,243.0,244.0,241.0,241.0,10200,0.0,0.0
2024-05-16 00:00:00+09:00,240.0,240.0,236.0,236.0,8500,0.0,0.0
2024-05-17 00:00:00+09:00,236.0,236.0,233.0,235.0,8300,0.0,0.0
2024-05-20 00:00:00+09:00,233.0,236.0,231.0,232.0,23600,0.0,0.0
2024-05-21 00:00:00+09:00,232.0,236.0,229.0,229.0,18600,0.0,0.0
2024-05-22 00:00:00+09:00,226.0,230.0,225.0,230.0,20400,0.0,0.0
2024-05-23 00:00:00+09:00,230.0,232.0,228.0,232.0,13700,0.0,0.0
2024-05-24 00:00:00+09:00,228.0,233.0,228.0,230.0,11400,0.0,0.0
2024-05-27 00:00:00+09:00,228.0,228.0,226.0,226.0,7900,0.0,0.0
2024-05-28 00:00:00+09:00,226.0,232.0,226.0,232.0,6900,0.0,0.0
2024-05-29 00:00:00+09:00,234.0,234.0,231.0,232.0,2300,0.0,0.0
2024-05-30 00:00:00+09:00,230.0,230.0,217.0,225.0,30600,0.0,0.0
2024-05-31 00:00:00+09:00,225.0,226.0,225.0,226.0,1500,0.0,0.0
2024-06-03 00:00:00+09:00,226.0,233.0,226.0,233.0,10300,0.0,0.0
2024-06-04 00:00:00+09:00,234.0,237.0,233.0,237.0,3800,0.0,0.0
2024-06-05 00:00:00+09:00,238.0,238.0,232.0,237.0,5500,0.0,0.0
2024-06-06 00:00:00+09:00,237.0,237.0,236.0,237.0,2300,0.0,0.0
2024-06-07 00:00:00+09:00,236.0,237.0,233.0,233.0,3600,0.0,0.0
2024-06-10 00:00:00+09:00,233.0,236.0,233.0,236.0,1100,0.0,0.0
2024-06-11 00:00:00+09:00,237.0,238.0,236.0,238.0,3900,0.0,0.0
2024-06-12 00:00:00+09:00,238.0,238.0,231.0,231.0,11700,0.0,0.0
2024-06-13 00:00:00+09:00,233.0,233.0,230.0,232.0,3400,0.0,0.0
2024-06-14 00:00:00+09:00,233.0,234.0,231.0,234.0,5500,0.0,0.0
2024-06-17 00:00:00+09:00,235.0,235.0,232.0,233.0,1700,0.0,0.0
2024-06-18 00:00:00+09:00,235.0,235.0,234.0,234.0,900,0.0,0.0
2024-06-19 00:00:00+09:00,234.0,235.0,229.0,235.0,12800,0.0,0.0
2024-06-20 00:00:00+09:00,236.0,236.0,228.0,231.0,19800,0.0,0.0
2024-06-21 00:00:00+09:00,234.0,236.0,231.0,232.0,14900,0.0,0.0
2024-06-24 00:00:00+09:00,237.0,237.0,232.0,233.0,6100,0.0,0.0
2024-06-25 00:00:00+09:00,231.0,233.0,231.0,232.0,4600,0.0,0.0
2024-06-26 00:00:00+09:00,232.0,234.0,232.0,234.0,1100,0.0,0.0
2024-06-27 00:00:00+09:00,235.0,236.0,232.0,232.0,2000,0.0,0.0
2024-06-28 00:00:00+09:00,232.0,244.0,232.0,244.0,7000,0.0,0.0
2024-07-01 00:00:00+09:00,242.0,242.0,234.0,234.0,7400,0.0,0.0
2024-07-02 00:00:00+09:00,238.0,239.0,238.0,239.0,800,0.0,0.0
2024-07-03 00:00:00+09:00,237.0,239.0,235.0,235.0,3200,0.0,0.0
2024-07-04 00:00:00+09:00,238.0,238.0,236.0,236.0,800,0.0,0.0
2024-07-05 00:00:00+09:00,236.0,237.0,231.0,232.0,12200,0.0,0.0
2024-07-08 00:00:00+09:00,235.0,235.0,230.0,231.0,3600,0.0,0.0
2024-07-09 00:00:00+09:00,232.0,233.0,231.0,232.0,2000,0.0,0.0
2024-07-10 00:00:00+09:00,233.0,237.0,233.0,237.0,4200,0.0,0.0
2024-07-11 00:00:00+09:00,238.0,238.0,235.0,235.0,3500,0.0,0.0
2024-07-12 00:00:00+09:00,235.0,236.0,233.0,233.0,2200,0.0,0.0
2024-07-16 00:00:00+09:00,233.0,233.0,233.0,233.0,0,0.0,0.0
2024-07-17 00:00:00+09:00,235.0,237.0,234.0,234.0,1200,0.0,0.0
2024-07-18 00:00:00+09:00,234.0,236.0,233.0,236.0,2000,0.0,0.0
2024-07-19 00:00:00+09:00,237.0,237.0,230.0,231.0,9900,0.0,0.0
2024-07-22 00:00:00+09:00,231.0,233.0,226.0,233.0,6300,0.0,0.0
2024-07-23 00:00:00+09:00,233.0,234.0,233.0,234.0,300,0.0,0.0
2024-07-24 00:00:00+09:00,227.0,233.0,227.0,227.0,8700,0.0,0.0
2024-07-25 00:00:00+09:00,226.0,228.0,226.0,226.0,5300,0.0,0.0
2024-07-26 00:00:00+09:00,228.0,229.0,227.0,228.0,3900,0.0,0.0
2024-07-29 00:00:00+09:00,228.0,228.0,224.0,224.0,19400,0.0,0.0
2024-07-30 00:00:00+09:00,224.0,226.0,223.0,226.0,5500,0.0,0.0
2024-07-31 00:00:00+09:00,229.0,229.0,221.0,223.0,14000,0.0,0.0
2024-08-01 00:00:00+09:00,220.0,222.0,220.0,222.0,5400,0.0,0.0
2024-08-02 00:00:00+09:00,221.0,223.0,218.0,220.0,16300,0.0,0.0
2024-08-05 00:00:00+09:00,215.0,215.0,168.0,169.0,63000,0.0,0.0
2024-08-06 00:00:00+09:00,184.0,204.0,184.0,190.0,17800,0.0,0.0
2024-08-07 00:00:00+09:00,187.0,197.0,184.0,196.0,15700,0.0,0.0
2024-08-08 00:00:00+09:00,199.0,203.0,199.0,203.0,2200,0.0,0.0
2024-08-09 00:00:00+09:00,204.0,217.0,204.0,215.0,6500,0.0,0.0
2024-08-13 00:00:00+09:00,215.0,218.0,215.0,216.0,5500,0.0,0.0
2024-08-14 00:00:00+09:00,214.0,215.0,207.0,208.0,2500,0.0,0.0
2024-08-15 00:00:00+09:00,209.0,218.0,209.0,211.0,7700,0.0,0.0
2024-08-16 00:00:00+09:00,216.0,218.0,213.0,217.0,4300,0.0,0.0
