Date,Open,High,Low,Close,Volume,Dividends,Stock Splits,Capital Gains
2019-05-07 00:00:00-04:00,23.64966341621923,23.64966341621923,23.55807876586914,23.55807876586914,600,0.0,0.0,0.0
2019-05-08 00:00:00-04:00,23.601964950561523,23.601964950561523,23.601964950561523,23.601964950561523,200,0.0,0.0,0.0
2019-05-09 00:00:00-04:00,23.601964950561523,23.601964950561523,23.601964950561523,23.601964950561523,0,0.0,0.0,0.0
2019-05-10 00:00:00-04:00,23.601964950561523,23.601964950561523,23.601964950561523,23.601964950561523,0,0.0,0.0,0.0
2019-05-13 00:00:00-04:00,22.771982192993164,22.771982192993164,22.771982192993164,22.771982192993164,200,0.0,0.0,0.0
2019-05-14 00:00:00-04:00,22.771982192993164,22.771982192993164,22.771982192993164,22.771982192993164,100,0.0,0.0,0.0
2019-05-15 00:00:00-04:00,22.771982192993164,22.771982192993164,22.771982192993164,22.771982192993164,0,0.0,0.0,0.0
2019-05-16 00:00:00-04:00,23.239444732666016,23.239444732666016,23.239444732666016,23.239444732666016,100,0.0,0.0,0.0
2019-05-17 00:00:00-04:00,23.105884552001953,23.105884552001953,23.105884552001953,23.105884552001953,100,0.0,0.0,0.0
2019-05-20 00:00:00-04:00,23.105884552001953,23.105884552001953,23.105884552001953,23.105884552001953,0,0.0,0.0,0.0
2019-05-21 00:00:00-04:00,23.105884552001953,23.105884552001953,23.105884552001953,23.105884552001953,0,0.0,0.0,0.0
2019-05-22 00:00:00-04:00,23.105884552001953,23.105884552001953,23.105884552001953,23.105884552001953,0,0.0,0.0,0.0
2019-05-23 00:00:00-04:00,23.105884552001953,23.105884552001953,23.105884552001953,23.105884552001953,0,0.0,0.0,0.0
2019-05-24 00:00:00-04:00,23.105884552001953,23.105884552001953,23.105884552001953,23.105884552001953,0,0.0,0.0,0.0
2019-05-28 00:00:00-04:00,22.419958114624023,22.419958114624023,22.419958114624023,22.419958114624023,200,0.0,0.0,0.0
2019-05-29 00:00:00-04:00,21.989704484644886,21.989704484644886,21.966808319091797,21.966808319091797,300,0.0,0.0,0.0
2019-05-30 00:00:00-04:00,22.033588409423828,22.033588409423828,22.033588409423828,22.033588409423828,300,0.0,0.0,0.0
2019-05-31 00:00:00-04:00,22.033588409423828,22.033588409423828,22.033588409423828,22.033588409423828,0,0.0,0.0,0.0
2019-06-03 00:00:00-04:00,22.033588409423828,22.033588409423828,22.033588409423828,22.033588409423828,0,0.0,0.0,0.0
2019-06-04 00:00:00-04:00,22.033588409423828,22.033588409423828,22.033588409423828,22.033588409423828,100,0.0,0.0,0.0
2019-06-05 00:00:00-04:00,22.033588409423828,22.033588409423828,22.033588409423828,22.033588409423828,0,0.0,0.0,0.0
2019-06-06 00:00:00-04:00,22.390384674072266,22.390384674072266,22.390384674072266,22.390384674072266,100,0.0,0.0,0.0
2019-06-07 00:00:00-04:00,22.63842302647494,22.667043685913086,22.63842302647494,22.667043685913086,700,0.0,0.0,0.0
2019-06-10 00:00:00-04:00,22.667043685913086,22.667043685913086,22.667043685913086,22.667043685913086,0,0.0,0.0,0.0
2019-06-11 00:00:00-04:00,22.667043685913086,22.667043685913086,22.667043685913086,22.667043685913086,0,0.0,0.0,0.0
2019-06-12 00:00:00-04:00,22.667043685913086,22.667043685913086,22.667043685913086,22.667043685913086,0,0.0,0.0,0.0
2019-06-13 00:00:00-04:00,22.819683074951172,22.819683074951172,22.819683074951172,22.819683074951172,500,0.0,0.0,0.0
2019-06-14 00:00:00-04:00,22.819683074951172,22.819683074951172,22.819683074951172,22.819683074951172,0,0.0,0.0,0.0
2019-06-17 00:00:00-04:00,22.58881378173828,22.58881378173828,22.58881378173828,22.58881378173828,200,0.0,0.0,0.0
2019-06-18 00:00:00-04:00,22.58881378173828,22.58881378173828,22.58881378173828,22.58881378173828,0,0.0,0.0,0.0
2019-06-19 00:00:00-04:00,22.58881378173828,22.58881378173828,22.58881378173828,22.58881378173828,100,0.0,0.0,0.0
2019-06-20 00:00:00-04:00,23.124963760375977,23.124963760375977,23.124963760375977,23.124963760375977,200,0.0,0.0,0.0
2019-06-21 00:00:00-04:00,23.124963760375977,23.124963760375977,23.124963760375977,23.124963760375977,0,0.0,0.0,0.0
2019-06-24 00:00:00-04:00,23.124963760375977,23.124963760375977,23.124963760375977,23.124963760375977,0,0.0,0.0,0.0
2019-06-25 00:00:00-04:00,23.007625579833984,23.007625579833984,23.007625579833984,23.007625579833984,600,0.0,0.0,0.0
2019-06-26 00:00:00-04:00,23.008583068847656,23.008583068847656,23.008583068847656,23.008583068847656,200,0.138,0.0,0.0
2019-06-27 00:00:00-04:00,23.102611541748047,23.102611541748047,23.102611541748047,23.102611541748047,400,0.0,0.0,0.0
2019-06-28 00:00:00-04:00,23.208154678344727,23.208154678344727,23.208154678344727,23.208154678344727,300,0.0,0.0,0.0
2019-07-01 00:00:00-04:00,23.37318992614746,23.37318992614746,23.37318992614746,23.37318992614746,400,0.0,0.0,0.0
2019-07-02 00:00:00-04:00,23.37318992614746,23.37318992614746,23.37318992614746,23.37318992614746,0,0.0,0.0,0.0
2019-07-03 00:00:00-04:00,23.455703735351562,23.455703735351562,23.455703735351562,23.455703735351562,100,0.0,0.0,0.0
2019-07-05 00:00:00-04:00,23.392375946044922,23.392375946044922,23.392375946044922,23.392375946044922,500,0.0,0.0,0.0
2019-07-08 00:00:00-04:00,23.27244351967109,23.27820096100963,23.24365997314453,23.24365997314453,2300,0.0,0.0,0.0
2019-07-09 00:00:00-04:00,23.24365997314453,23.24365997314453,23.24365997314453,23.24365997314453,0,0.0,0.0,0.0
2019-07-10 00:00:00-04:00,23.258046537658032,23.344400818064404,23.258046537658032,23.325210571289062,4600,0.0,0.0,0.0
2019-07-11 00:00:00-04:00,23.267641067504883,23.267641067504883,23.267641067504883,23.267641067504883,100,0.0,0.0,0.0
2019-07-12 00:00:00-04:00,23.446112162940207,23.507518768310547,23.446112162940207,23.507518768310547,2300,0.0,0.0,0.0
2019-07-15 00:00:00-04:00,23.485448837280273,23.485448837280273,23.485448837280273,23.485448837280273,500,0.0,0.0,0.0
2019-07-16 00:00:00-04:00,23.459542481388638,23.459542481388638,23.449947357177734,23.449947357177734,700,0.0,0.0,0.0
2019-07-17 00:00:00-04:00,23.267641067504883,23.267641067504883,23.267641067504883,23.267641067504883,900,0.0,0.0,0.0
2019-07-18 00:00:00-04:00,23.267641067504883,23.267641067504883,23.267641067504883,23.267641067504883,0,0.0,0.0,0.0
2019-07-19 00:00:00-04:00,23.267641067504883,23.267641067504883,23.267641067504883,23.267641067504883,0,0.0,0.0,0.0
2019-07-22 00:00:00-04:00,23.267641067504883,23.267641067504883,23.267641067504883,23.267641067504883,100,0.0,0.0,0.0
2019-07-23 00:00:00-04:00,23.267641067504883,23.267641067504883,23.267641067504883,23.267641067504883,100,0.0,0.0,0.0
2019-07-24 00:00:00-04:00,23.519990921020508,23.519990921020508,23.519990921020508,23.519990921020508,1200,0.0,0.0,0.0
2019-07-25 00:00:00-04:00,23.42116355895996,23.42116355895996,23.42116355895996,23.42116355895996,200,0.0,0.0,0.0
2019-07-26 00:00:00-04:00,23.42116355895996,23.42116355895996,23.42116355895996,23.42116355895996,0,0.0,0.0,0.0
2019-07-29 00:00:00-04:00,23.411569595336914,23.411569595336914,23.411569595336914,23.411569595336914,400,0.0,0.0,0.0
2019-07-30 00:00:00-04:00,23.411569595336914,23.411569595336914,23.411569595336914,23.411569595336914,300,0.0,0.0,0.0
2019-07-31 00:00:00-04:00,23.450905653040518,23.45858102015763,23.392375946044922,23.392375946044922,1300,0.0,0.0,0.0
2019-08-01 00:00:00-04:00,23.229263554945092,23.229263554945092,22.878090787260412,22.92414665222168,3900,0.0,0.0,0.0
2019-08-02 00:00:00-04:00,23.229263554945092,23.229263554945092,22.878090787260412,22.92414665222168,3900,0.0,0.0,0.0
2019-08-05 00:00:00-04:00,22.07403769133087,22.07403769133087,21.98192596435547,21.98192596435547,700,0.0,0.0,0.0
2019-08-06 00:00:00-04:00,22.202608108520508,22.202608108520508,22.202608108520508,22.202608108520508,600,0.0,0.0,0.0
2019-08-07 00:00:00-04:00,22.077875899530305,22.212203979492188,22.034698755245007,22.212203979492188,900,0.0,0.0,0.0
2019-08-08 00:00:00-04:00,22.077875899530305,22.212203979492188,22.034698755245007,22.212203979492188,400,0.0,0.0,0.0
2019-08-09 00:00:00-04:00,22.077875899530305,22.212203979492188,22.034698755245007,22.212203979492188,100,0.0,0.0,0.0
2019-08-12 00:00:00-04:00,22.356129098583974,22.356129098583974,22.087472915649414,22.087472915649414,300,0.0,0.0,0.0
2019-08-13 00:00:00-04:00,22.359970092773438,22.359970092773438,22.359970092773438,22.359970092773438,200,0.0,0.0,0.0
2019-08-14 00:00:00-04:00,22.359970092773438,22.359970092773438,22.359970092773438,22.359970092773438,100,0.0,0.0,0.0
2019-08-15 00:00:00-04:00,22.359970092773438,22.359970092773438,22.359970092773438,22.359970092773438,100,0.0,0.0,0.0
2019-08-16 00:00:00-04:00,21.953139747974667,21.976167678833008,21.953139747974667,21.976167678833008,300,0.0,0.0,0.0
2019-08-19 00:00:00-04:00,22.267852783203125,22.267852783203125,22.267852783203125,22.267852783203125,300,0.0,0.0,0.0
2019-08-20 00:00:00-04:00,22.267852783203125,22.267852783203125,22.267852783203125,22.267852783203125,0,0.0,0.0,0.0
2019-08-21 00:00:00-04:00,22.267852783203125,22.267852783203125,22.267852783203125,22.267852783203125,0,0.0,0.0,0.0
2019-08-22 00:00:00-04:00,22.267852783203125,22.267852783203125,22.267852783203125,22.267852783203125,0,0.0,0.0,0.0
2019-08-23 00:00:00-04:00,22.267852783203125,22.267852783203125,22.267852783203125,22.267852783203125,0,0.0,0.0,0.0
2019-08-26 00:00:00-04:00,22.267852783203125,22.267852783203125,22.267852783203125,22.267852783203125,0,0.0,0.0,0.0
2019-08-27 00:00:00-04:00,21.972332908688994,21.972332908688994,21.9339542388916,21.9339542388916,200,0.0,0.0,0.0
2019-08-28 00:00:00-04:00,21.991521088422303,21.991521088422303,21.98192596435547,21.98192596435547,8400,0.0,0.0,0.0
2019-08-29 00:00:00-04:00,21.98192596435547,21.98192596435547,21.98192596435547,21.98192596435547,0,0.0,0.0,0.0
2019-08-30 00:00:00-04:00,22.291841291170396,22.291841291170396,22.279367446899414,22.279367446899414,1000,0.0,0.0,0.0
2019-09-03 00:00:00-04:00,22.279367446899414,22.279367446899414,22.279367446899414,22.279367446899414,0,0.0,0.0,0.0
2019-09-04 00:00:00-04:00,22.409860610961914,22.409860610961914,22.409860610961914,22.409860610961914,300,0.0,0.0,0.0
2019-09-05 00:00:00-04:00,22.897282971318933,22.897282971318933,22.835874536152634,22.83971405029297,800,0.0,0.0,0.0
2019-09-06 00:00:00-04:00,22.83971405029297,22.83971405029297,22.83971405029297,22.83971405029297,0,0.0,0.0,0.0
2019-09-09 00:00:00-04:00,23.05847341001779,23.110286712646484,23.05847341001779,23.110286712646484,800,0.0,0.0,0.0
2019-09-10 00:00:00-04:00,23.35304018500806,23.35304018500806,23.346323780722653,23.352079391479492,600,0.0,0.0,0.0
2019-09-11 00:00:00-04:00,23.602507583391326,23.602507583391326,23.5804386138916,23.5804386138916,300,0.0,0.0,0.0
2019-09-12 00:00:00-04:00,23.5804386138916,23.5804386138916,23.5804386138916,23.5804386138916,100,0.0,0.0,0.0
2019-09-13 00:00:00-04:00,23.5804386138916,23.5804386138916,23.5804386138916,23.5804386138916,0,0.0,0.0,0.0
2019-09-16 00:00:00-04:00,23.5804386138916,23.5804386138916,23.5804386138916,23.5804386138916,100,0.0,0.0,0.0
2019-09-17 00:00:00-04:00,23.691740036010742,23.691740036010742,23.691740036010742,23.691740036010742,400,0.0,0.0,0.0
2019-09-18 00:00:00-04:00,23.53630256652832,23.53630256652832,23.53630256652832,23.53630256652832,200,0.0,0.0,0.0
2019-09-19 00:00:00-04:00,23.637049216983723,23.660077150547238,23.5938720703125,23.5938720703125,1000,0.0,0.0,0.0
2019-09-20 00:00:00-04:00,23.51711082458496,23.51711082458496,23.51711082458496,23.51711082458496,100,0.0,0.0,0.0
2019-09-23 00:00:00-04:00,23.497922897338867,23.497922897338867,23.497922897338867,23.497922897338867,800,0.0,0.0,0.0
2019-09-24 00:00:00-04:00,23.497922897338867,23.497922897338867,23.497922897338867,23.497922897338867,100,0.0,0.0,0.0
2019-09-25 00:00:00-04:00,23.362686157226562,23.362686157226562,23.362686157226562,23.362686157226562,300,0.164,0.0,0.0
2019-09-26 00:00:00-04:00,23.362686157226562,23.362686157226562,23.362686157226562,23.362686157226562,200,0.0,0.0,0.0
2019-09-27 00:00:00-04:00,23.362686157226562,23.362686157226562,23.362686157226562,23.362686157226562,100,0.0,0.0,0.0
2019-09-30 00:00:00-04:00,23.362686157226562,23.362686157226562,23.362686157226562,23.362686157226562,100,0.0,0.0,0.0
2019-10-01 00:00:00-04:00,23.362686157226562,23.362686157226562,23.362686157226562,23.362686157226562,0,0.0,0.0,0.0
2019-10-02 00:00:00-04:00,22.642083396090154,22.642083396090154,22.59378433227539,22.59378433227539,400,0.0,0.0,0.0
2019-10-03 00:00:00-04:00,22.59378433227539,22.59378433227539,22.59378433227539,22.59378433227539,0,0.0,0.0,0.0
2019-10-04 00:00:00-04:00,22.59378433227539,22.59378433227539,22.59378433227539,22.59378433227539,0,0.0,0.0,0.0
2019-10-07 00:00:00-04:00,22.59378433227539,22.59378433227539,22.59378433227539,22.59378433227539,100,0.0,0.0,0.0
2019-10-08 00:00:00-04:00,22.59378433227539,22.59378433227539,22.59378433227539,22.59378433227539,200,0.0,0.0,0.0
2019-10-09 00:00:00-04:00,22.59378433227539,22.59378433227539,22.59378433227539,22.59378433227539,0,0.0,0.0,0.0
2019-10-10 00:00:00-04:00,22.825613021850586,22.825613021850586,22.825613021850586,22.825613021850586,100,0.0,0.0,0.0
2019-10-11 00:00:00-04:00,22.825613021850586,22.825613021850586,22.825613021850586,22.825613021850586,0,0.0,0.0,0.0
2019-10-14 00:00:00-04:00,22.825613021850586,22.825613021850586,22.825613021850586,22.825613021850586,0,0.0,0.0,0.0
2019-10-15 00:00:00-04:00,23.434167861938477,23.434167861938477,23.434167861938477,23.434167861938477,200,0.0,0.0,0.0
2019-10-16 00:00:00-04:00,23.434167861938477,23.434167861938477,23.434167861938477,23.434167861938477,0,0.0,0.0,0.0
2019-10-17 00:00:00-04:00,23.434167861938477,23.434167861938477,23.434167861938477,23.434167861938477,0,0.0,0.0,0.0
2019-10-18 00:00:00-04:00,23.42450714111328,23.42450714111328,23.42450714111328,23.42450714111328,100,0.0,0.0,0.0
2019-10-21 00:00:00-04:00,23.617698669433594,23.617698669433594,23.617698669433594,23.617698669433594,100,0.0,0.0,0.0
2019-10-22 00:00:00-04:00,23.598381581573218,23.859190985990487,23.598381581573218,23.849531173706055,700,0.0,0.0,0.0
2019-10-23 00:00:00-04:00,23.841800689697266,23.841800689697266,23.841800689697266,23.841800689697266,300,0.0,0.0,0.0
2019-10-24 00:00:00-04:00,23.841800689697266,23.841800689697266,23.841800689697266,23.841800689697266,0,0.0,0.0,0.0
2019-10-25 00:00:00-04:00,23.841800689697266,23.841800689697266,23.841800689697266,23.841800689697266,0,0.0,0.0,0.0
2019-10-28 00:00:00-04:00,23.841800689697266,23.841800689697266,23.841800689697266,23.841800689697266,0,0.0,0.0,0.0
2019-10-29 00:00:00-04:00,24.168296813964844,24.168296813964844,24.168296813964844,24.168296813964844,300,0.0,0.0,0.0
2019-10-30 00:00:00-04:00,24.168296813964844,24.168296813964844,24.168296813964844,24.168296813964844,0,0.0,0.0,0.0
2019-10-31 00:00:00-04:00,24.168296813964844,24.168296813964844,24.168296813964844,24.168296813964844,0,0.0,0.0,0.0
2019-11-01 00:00:00-04:00,24.168296813964844,24.168296813964844,24.168296813964844,24.168296813964844,100,0.0,0.0,0.0
2019-11-04 00:00:00-05:00,24.44842453599808,24.50831426607223,24.44842453599808,24.50155258178711,1400,0.0,0.0,0.0
2019-11-05 00:00:00-05:00,24.50155258178711,24.50155258178711,24.50155258178711,24.50155258178711,0,0.0,0.0,0.0
2019-11-06 00:00:00-05:00,24.50155258178711,24.50155258178711,24.50155258178711,24.50155258178711,100,0.0,0.0,0.0
2019-11-07 00:00:00-05:00,24.50155258178711,24.50155258178711,24.50155258178711,24.50155258178711,100,0.0,0.0,0.0
2019-11-08 00:00:00-05:00,24.50155258178711,24.50155258178711,24.50155258178711,24.50155258178711,0,0.0,0.0,0.0
2019-11-11 00:00:00-05:00,24.602975845336914,24.602975845336914,24.602975845336914,24.602975845336914,100,0.0,0.0,0.0
2019-11-12 00:00:00-05:00,24.62616299917965,24.62616299917965,24.583662033081055,24.583662033081055,300,0.0,0.0,0.0
2019-11-13 00:00:00-05:00,24.535361097108623,24.535361097108623,24.39046759866999,24.400127410888672,2200,0.0,0.0,0.0
2019-11-14 00:00:00-05:00,24.400127410888672,24.400127410888672,24.400127410888672,24.400127410888672,100,0.0,0.0,0.0
2019-11-15 00:00:00-05:00,24.545022676880556,24.545022676880556,24.533432006835938,24.533432006835938,400,0.0,0.0,0.0
2019-11-18 00:00:00-05:00,24.516041469035326,24.516041469035326,24.48223304748535,24.48223304748535,3300,0.0,0.0,0.0
2019-11-19 00:00:00-05:00,24.448425623690547,24.51507704101509,24.448425623690547,24.47257423400879,800,0.0,0.0,0.0
2019-11-20 00:00:00-05:00,24.429106028005894,24.429106028005894,24.217559279629015,24.28904151916504,500,0.0,0.0,0.0
2019-11-21 00:00:00-05:00,24.235915138614168,24.245574951171875,24.235915138614168,24.245574951171875,600,0.0,0.0,0.0
2019-11-22 00:00:00-05:00,24.37114782258974,24.37114782258974,24.337339401245117,24.337339401245117,1100,0.0,0.0,0.0
2019-11-25 00:00:00-05:00,24.670597498084604,24.689915280784238,24.670597498084604,24.675426483154297,300,0.0,0.0,0.0
2019-11-26 00:00:00-05:00,24.680255559131673,24.680255559131673,24.65610694885254,24.65610694885254,600,0.0,0.0,0.0
2019-11-27 00:00:00-05:00,24.76332786346614,24.772022247314453,24.738213825272375,24.772022247314453,600,0.0,0.0,0.0
2019-11-29 00:00:00-05:00,24.738214682624257,24.738214682624257,24.617469787597656,24.617469787597656,200,0.0,0.0,0.0
2019-12-02 00:00:00-05:00,24.617469787597656,24.617469787597656,24.617469787597656,24.617469787597656,100,0.0,0.0,0.0
2019-12-03 00:00:00-05:00,24.129656239628442,24.235912322998047,24.129656239628442,24.235912322998047,300,0.0,0.0,0.0
2019-12-04 00:00:00-05:00,24.477403397992276,24.477403397992276,24.433935165405273,24.433935165405273,100,0.0,0.0,0.0
2019-12-05 00:00:00-05:00,24.433935165405273,24.433935165405273,24.433935165405273,24.433935165405273,0,0.0,0.0,0.0
2019-12-06 00:00:00-05:00,24.69957218520625,24.71889180805204,24.6725254501904,24.685083389282227,1100,0.0,0.0,0.0
2019-12-09 00:00:00-05:00,24.73821258544922,24.73821258544922,24.73821258544922,24.73821258544922,300,0.0,0.0,0.0
2019-12-10 00:00:00-05:00,24.63195767640242,24.63195767640242,24.60780906677246,24.60780906677246,300,0.0,0.0,0.0
2019-12-11 00:00:00-05:00,24.670597251953012,24.71406364440918,24.670597251953012,24.71406364440918,400,0.0,0.0,0.0
2019-12-12 00:00:00-05:00,25.056977316104444,25.056977316104444,24.979700668751995,25.047317504882812,600,0.0,0.0,0.0
2019-12-13 00:00:00-05:00,25.047317504882812,25.047317504882812,25.047317504882812,25.047317504882812,0,0.0,0.0,0.0
2019-12-16 00:00:00-05:00,25.047317504882812,25.047317504882812,25.047317504882812,25.047317504882812,0,0.0,0.0,0.0
2019-12-17 00:00:00-05:00,25.047317504882812,25.047317504882812,25.047317504882812,25.047317504882812,0,0.0,0.0,0.0
2019-12-18 00:00:00-05:00,25.199938597004746,25.216360092163086,25.199938597004746,25.216360092163086,200,0.0,0.0,0.0
2019-12-19 00:00:00-05:00,25.249206232841487,25.250171661376953,25.249206232841487,25.250171661376953,600,0.0,0.0,0.0
2019-12-20 00:00:00-05:00,25.250171661376953,25.250171661376953,25.250171661376953,25.250171661376953,0,0.0,0.0,0.0
2019-12-23 00:00:00-05:00,25.261760181197587,25.288806915283203,25.261760181197587,25.288806915283203,100,0.0,0.0,0.0
2019-12-24 00:00:00-05:00,25.288810398783227,25.288810398783227,25.26466178894043,25.26466178894043,300,0.0,0.0,0.0
2019-12-26 00:00:00-05:00,25.26466178894043,25.26466178894043,25.26466178894043,25.26466178894043,0,0.0,0.0,0.0
2019-12-27 00:00:00-05:00,25.397693634033203,25.397693634033203,25.397693634033203,25.397693634033203,0,0.137,0.0,0.0
2019-12-30 00:00:00-05:00,25.324866385789417,25.324866385789417,25.198631286621094,25.198631286621094,400,0.0,0.0,0.0
2019-12-31 00:00:00-05:00,25.276312012657698,25.29281997680664,25.22775863218373,25.29281997680664,1500,0.0,0.0,0.0
2020-01-02 00:00:00-05:00,25.392838756458353,25.392838756458353,25.31418468061688,25.38021469116211,300,0.0,0.0,0.0
2020-01-03 00:00:00-05:00,25.38021469116211,25.38021469116211,25.38021469116211,25.38021469116211,0,0.0,0.0,0.0
2020-01-06 00:00:00-05:00,25.26660420046028,25.26660420046028,25.18018046990619,25.247182846069336,1500,0.0,0.0,0.0
2020-01-07 00:00:00-05:00,25.213193165314102,25.232614517211914,25.188917401502863,25.232614517211914,600,0.0,0.0,0.0
2020-01-08 00:00:00-05:00,25.241355002532767,25.324865341186523,25.241355002532767,25.324865341186523,600,0.0,0.0,0.0
2020-01-09 00:00:00-05:00,25.324865341186523,25.324865341186523,25.324865341186523,25.324865341186523,0,0.0,0.0,0.0
2020-01-10 00:00:00-05:00,25.324865341186523,25.324865341186523,25.324865341186523,25.324865341186523,0,0.0,0.0,0.0
2020-01-13 00:00:00-05:00,25.324865341186523,25.324865341186523,25.324865341186523,25.324865341186523,0,0.0,0.0,0.0
2020-01-14 00:00:00-05:00,25.451100335508656,25.451100335508656,25.42682456970215,25.42682456970215,500,0.0,0.0,0.0
2020-01-15 00:00:00-05:00,25.42682456970215,25.42682456970215,25.42682456970215,25.42682456970215,0,0.0,0.0,0.0
2020-01-16 00:00:00-05:00,25.645308510053194,25.669584274291992,25.606467657695532,25.669584274291992,300,0.0,0.0,0.0
2020-01-17 00:00:00-05:00,25.692890705621714,25.692890705621714,25.689006805419922,25.689006805419922,200,0.0,0.0,0.0
2020-01-21 00:00:00-05:00,25.689006805419922,25.689006805419922,25.689006805419922,25.689006805419922,0,0.0,0.0,0.0
2020-01-22 00:00:00-05:00,25.689006805419922,25.689006805419922,25.689006805419922,25.689006805419922,0,0.0,0.0,0.0
2020-01-23 00:00:00-05:00,25.689006805419922,25.689006805419922,25.689006805419922,25.689006805419922,0,0.0,0.0,0.0
2020-01-24 00:00:00-05:00,25.130655260569768,25.130655260569768,25.082103729248047,25.082103729248047,1700,0.0,0.0,0.0
2020-01-27 00:00:00-05:00,24.703396874145774,24.72281637561744,24.636394500732422,24.636394500732422,2700,0.0,0.0,0.0
2020-01-28 00:00:00-05:00,24.808267972038706,24.882067629182853,24.78107881963003,24.868473052978516,1600,0.0,0.0,0.0
2020-01-29 00:00:00-05:00,24.868473052978516,24.868473052978516,24.868473052978516,24.868473052978516,0,0.0,0.0,0.0
2020-01-30 00:00:00-05:00,24.868473052978516,24.868473052978516,24.868473052978516,24.868473052978516,0,0.0,0.0,0.0
2020-01-31 00:00:00-05:00,24.868473052978516,24.868473052978516,24.868473052978516,24.868473052978516,0,0.0,0.0,0.0
2020-02-03 00:00:00-05:00,24.868473052978516,24.868473052978516,24.868473052978516,24.868473052978516,0,0.0,0.0,0.0
2020-02-04 00:00:00-05:00,24.20816421508789,24.20816421508789,24.20816421508789,24.20816421508789,100,0.0,0.0,0.0
2020-02-05 00:00:00-05:00,24.80535368137987,24.941299438476562,24.80535368137987,24.941299438476562,300,0.0,0.0,0.0
2020-02-06 00:00:00-05:00,24.938386917114258,24.938386917114258,24.938386917114258,24.938386917114258,100,0.0,0.0,0.0
2020-02-07 00:00:00-05:00,24.938386917114258,24.938386917114258,24.938386917114258,24.938386917114258,0,0.0,0.0,0.0
2020-02-10 00:00:00-05:00,24.938386917114258,24.938386917114258,24.938386917114258,24.938386917114258,0,0.0,0.0,0.0
2020-02-11 00:00:00-05:00,24.800501389263335,24.829631567061256,24.785934448242188,24.785934448242188,1500,0.0,0.0,0.0
2020-02-12 00:00:00-05:00,24.785934448242188,24.785934448242188,24.785934448242188,24.785934448242188,0,0.0,0.0,0.0
2020-02-13 00:00:00-05:00,24.955869674682617,24.955869674682617,24.955869674682617,24.955869674682617,100,0.0,0.0,0.0
2020-02-14 00:00:00-05:00,24.81991958618164,24.81991958618164,24.81991958618164,24.81991958618164,100,0.0,0.0,0.0
2020-02-18 00:00:00-05:00,24.654844129091327,24.659700393676758,24.640279039579568,24.659700393676758,300,0.0,0.0,0.0
2020-02-19 00:00:00-05:00,24.822834152317725,24.83934211730957,24.791761098501034,24.83934211730957,500,0.0,0.0,0.0
2020-02-20 00:00:00-05:00,24.815067327949173,24.815067327949173,24.79079156157886,24.804386138916016,400,0.0,0.0,0.0
2020-02-21 00:00:00-05:00,24.804386138916016,24.804386138916016,24.804386138916016,24.804386138916016,0,0.0,0.0,0.0
2020-02-24 00:00:00-05:00,24.013954162597656,24.013954162597656,24.013954162597656,24.013954162597656,1800,0.0,0.0,0.0
2020-02-25 00:00:00-05:00,23.43132781982422,23.43132781982422,23.43132781982422,23.43132781982422,100,0.0,0.0,0.0
2020-02-26 00:00:00-05:00,23.25653838240218,23.25653838240218,22.90696144104004,22.90696144104004,1000,0.0,0.0,0.0
2020-02-27 00:00:00-05:00,22.178678980461175,22.178678980461175,22.06700897216797,22.06700897216797,100,0.0,0.0,0.0
2020-02-28 00:00:00-05:00,21.76112867643339,21.8291015625,21.710634267909303,21.8291015625,2300,0.0,0.0,0.0
2020-03-02 00:00:00-05:00,21.8291015625,21.8291015625,21.8291015625,21.8291015625,0,0.0,0.0,0.0
2020-03-03 00:00:00-05:00,21.8291015625,21.8291015625,21.8291015625,21.8291015625,0,0.0,0.0,0.0
2020-03-04 00:00:00-05:00,21.8291015625,21.8291015625,21.8291015625,21.8291015625,0,0.0,0.0,0.0
2020-03-05 00:00:00-05:00,21.8291015625,21.8291015625,21.8291015625,21.8291015625,0,0.0,0.0,0.0
2020-03-06 00:00:00-05:00,21.32124362357652,21.661108016967773,21.32124362357652,21.661108016967773,300,0.0,0.0,0.0
2020-03-09 00:00:00-04:00,20.24629745482704,20.24629745482704,19.836515426635742,19.836515426635742,100,0.0,0.0,0.0
2020-03-10 00:00:00-04:00,19.838459309066106,20.46866798400879,19.838459309066106,20.46866798400879,2100,0.0,0.0,0.0
2020-03-11 00:00:00-04:00,20.46866798400879,20.46866798400879,20.46866798400879,20.46866798400879,0,0.0,0.0,0.0
2020-03-12 00:00:00-04:00,18.877121757252837,18.877121757252837,17.395305633544922,17.395305633544922,10600,0.0,0.0,0.0
2020-03-13 00:00:00-04:00,17.98376339933007,18.45374870300293,17.475905898106408,18.45374870300293,11200,0.0,0.0,0.0
2020-03-16 00:00:00-04:00,17.138951076785887,17.138951076785887,17.119529724121094,17.119529724121094,4400,0.0,0.0,0.0
2020-03-17 00:00:00-04:00,17.119529724121094,17.119529724121094,17.119529724121094,17.119529724121094,0,0.0,0.0,0.0
2020-03-18 00:00:00-04:00,17.119529724121094,17.119529724121094,17.119529724121094,17.119529724121094,0,0.0,0.0,0.0
2020-03-19 00:00:00-04:00,17.119529724121094,17.119529724121094,17.119529724121094,17.119529724121094,0,0.0,0.0,0.0
2020-03-20 00:00:00-04:00,17.119529724121094,17.119529724121094,17.119529724121094,17.119529724121094,0,0.0,0.0,0.0
2020-03-23 00:00:00-04:00,15.604699694867376,15.604699694867376,15.46292715161515,15.565858840942383,600,0.0,0.0,0.0
2020-03-24 00:00:00-04:00,16.858613229711292,17.093303680419922,16.839055225863763,17.093303680419922,3500,0.112,0.0,0.0
2020-03-25 00:00:00-04:00,17.093303680419922,17.093303680419922,17.093303680419922,17.093303680419922,0,0.0,0.0,0.0
2020-03-26 00:00:00-04:00,18.217863886973536,18.450599670410156,18.06140357707568,18.450599670410156,3400,0.0,0.0,0.0
2020-03-27 00:00:00-04:00,18.450599670410156,18.450599670410156,18.450599670410156,18.450599670410156,0,0.0,0.0,0.0
2020-03-30 00:00:00-04:00,18.450599670410156,18.450599670410156,18.450599670410156,18.450599670410156,0,0.0,0.0,0.0
2020-03-31 00:00:00-04:00,18.450599670410156,18.450599670410156,18.450599670410156,18.450599670410156,0,0.0,0.0,0.0
2020-04-01 00:00:00-04:00,18.450599670410156,18.450599670410156,18.450599670410156,18.450599670410156,0,0.0,0.0,0.0
2020-04-02 00:00:00-04:00,18.450599670410156,18.450599670410156,18.450599670410156,18.450599670410156,0,0.0,0.0,0.0
2020-04-03 00:00:00-04:00,18.450599670410156,18.450599670410156,18.450599670410156,18.450599670410156,0,0.0,0.0,0.0
2020-04-06 00:00:00-04:00,18.20221814737155,18.346942901611328,18.20221814737155,18.346942901611328,400,0.0,0.0,0.0
2020-04-07 00:00:00-04:00,19.03927882469693,19.03927882469693,18.526870727539062,18.526870727539062,500,0.0,0.0,0.0
2020-04-08 00:00:00-04:00,19.107732304571254,19.135112762451172,18.95127014720255,19.135112762451172,3100,0.0,0.0,0.0
2020-04-09 00:00:00-04:00,19.469549038828735,19.513553619384766,19.469549038828735,19.513553619384766,900,0.0,0.0,0.0
2020-04-13 00:00:00-04:00,19.073506070952455,19.22996823819677,19.058838500492083,19.226055145263672,2000,0.0,0.0,0.0
2020-04-14 00:00:00-04:00,19.489105668723884,19.61622896738072,19.469547664267765,19.590805053710938,3700,0.0,0.0,0.0
2020-04-15 00:00:00-04:00,18.86326387740951,18.892599018053367,18.797744750976562,18.797744750976562,300,0.0,0.0,0.0
2020-04-16 00:00:00-04:00,19.127288818359375,19.127288818359375,19.127288818359375,19.127288818359375,300,0.0,0.0,0.0
2020-04-17 00:00:00-04:00,19.127288818359375,19.127288818359375,19.127288818359375,19.127288818359375,0,0.0,0.0,0.0
2020-04-20 00:00:00-04:00,19.361978786112534,19.361978786112534,19.040258407592773,19.040258407592773,1200,0.0,0.0,0.0
2020-04-21 00:00:00-04:00,18.413436199633182,18.523937225341797,18.413436199633182,18.523937225341797,200,0.0,0.0,0.0
2020-04-22 00:00:00-04:00,18.82903474025894,18.863262176513672,18.82903474025894,18.863262176513672,200,0.0,0.0,0.0
2020-04-23 00:00:00-04:00,18.863262176513672,18.863262176513672,18.863262176513672,18.863262176513672,0,0.0,0.0,0.0
2020-04-24 00:00:00-04:00,19.039281045974292,19.293529510498047,19.01972490651399,19.293529510498047,1400,0.0,0.0,0.0
2020-04-27 00:00:00-04:00,19.293529510498047,19.293529510498047,19.293529510498047,19.293529510498047,0,0.0,0.0,0.0
2020-04-28 00:00:00-04:00,20.056274193226933,20.147217232821532,20.056274193226933,20.124725341796875,300,0.0,0.0,0.0
2020-04-29 00:00:00-04:00,20.922674349042843,20.99308204650879,20.922674349042843,20.99308204650879,200,0.0,0.0,0.0
2020-04-30 00:00:00-04:00,20.99308204650879,20.99308204650879,20.99308204650879,20.99308204650879,0,0.0,0.0,0.0
2020-05-01 00:00:00-04:00,20.99308204650879,20.99308204650879,20.99308204650879,20.99308204650879,0,0.0,0.0,0.0
2020-05-04 00:00:00-04:00,19.459767729834272,19.645565032958984,19.459767729834272,19.645565032958984,300,0.0,0.0,0.0
2020-05-05 00:00:00-04:00,19.645565032958984,19.645565032958984,19.645565032958984,19.645565032958984,0,0.0,0.0,0.0
2020-05-06 00:00:00-04:00,19.645565032958984,19.645565032958984,19.645565032958984,19.645565032958984,0,0.0,0.0,0.0
2020-05-07 00:00:00-04:00,19.938927434985576,19.938927434985576,19.823537826538086,19.823537826538086,200,0.0,0.0,0.0
2020-05-08 00:00:00-04:00,19.823537826538086,19.823537826538086,19.823537826538086,19.823537826538086,0,0.0,0.0,0.0
2020-05-11 00:00:00-04:00,20.339857930773217,20.339857930773217,20.281185783756214,20.31932258605957,400,0.0,0.0,0.0
2020-05-12 00:00:00-04:00,20.31932258605957,20.31932258605957,20.31932258605957,20.31932258605957,0,0.0,0.0,0.0
2020-05-13 00:00:00-04:00,19.40109553520557,19.420653538675154,19.292551040649414,19.292551040649414,900,0.0,0.0,0.0
2020-05-14 00:00:00-04:00,19.313086423668576,19.406963348388672,19.163471240617092,19.406963348388672,5000,0.0,0.0,0.0
2020-05-15 00:00:00-04:00,19.406963348388672,19.406963348388672,19.406963348388672,19.406963348388672,0,0.0,0.0,0.0
2020-05-18 00:00:00-04:00,20.554992419954846,20.65278057591769,20.457204263992004,20.628332138061523,8300,0.0,0.0,0.0
2020-05-19 00:00:00-04:00,20.622466365835006,20.643001710859686,20.345726013183594,20.345726013183594,6300,0.0,0.0,0.0
2020-05-20 00:00:00-04:00,20.682114283389925,20.720251083374023,20.682114283389925,20.720251083374023,900,0.0,0.0,0.0
2020-05-21 00:00:00-04:00,20.720251083374023,20.720251083374023,20.720251083374023,20.720251083374023,0,0.0,0.0,0.0
2020-05-22 00:00:00-04:00,20.418089214825294,20.563793182373047,20.418089214825294,20.563793182373047,500,0.0,0.0,0.0
2020-05-26 00:00:00-04:00,21.229725847325454,21.229725847325454,21.165185928344727,21.165185928344727,2100,0.0,0.0,0.0
2020-05-27 00:00:00-04:00,21.75777939312378,21.85361099243164,21.756802052562524,21.85361099243164,2000,0.0,0.0,0.0
2020-05-28 00:00:00-04:00,21.85361099243164,21.85361099243164,21.85361099243164,21.85361099243164,0,0.0,0.0,0.0
2020-05-29 00:00:00-04:00,21.581762088101872,21.601320091141172,21.530912399291992,21.530912399291992,500,0.0,0.0,0.0
2020-06-01 00:00:00-04:00,21.60131921249237,21.92401878889946,21.60131921249237,21.819385528564453,2100,0.0,0.0,0.0
2020-06-02 00:00:00-04:00,21.819385528564453,21.819385528564453,21.819385528564453,21.819385528564453,0,0.0,0.0,0.0
2020-06-03 00:00:00-04:00,22.16848978701853,22.791397094726562,22.16848978701853,22.791397094726562,600,0.0,0.0,0.0
2020-06-04 00:00:00-04:00,22.791397094726562,22.791397094726562,22.791397094726562,22.791397094726562,0,0.0,0.0,0.0
2020-06-05 00:00:00-04:00,22.791397094726562,22.791397094726562,22.791397094726562,22.791397094726562,0,0.0,0.0,0.0
2020-06-08 00:00:00-04:00,24.104686469848502,24.19269561767578,24.104686469848502,24.19269561767578,200,0.0,0.0,0.0
2020-06-09 00:00:00-04:00,23.762429305417736,23.762429305417736,23.6832218170166,23.6832218170166,400,0.0,0.0,0.0
2020-06-10 00:00:00-04:00,23.33411901135663,23.38105747286753,23.211884289367504,23.215795516967773,2400,0.0,0.0,0.0
2020-06-11 00:00:00-04:00,23.215795516967773,23.215795516967773,23.215795516967773,23.215795516967773,0,0.0,0.0,0.0
2020-06-12 00:00:00-04:00,23.215795516967773,23.215795516967773,23.215795516967773,23.215795516967773,100,0.0,0.0,0.0
2020-06-15 00:00:00-04:00,23.215795516967773,23.215795516967773,23.215795516967773,23.215795516967773,0,0.0,0.0,0.0
2020-06-16 00:00:00-04:00,22.54008297577372,22.853005444498123,22.54008297577372,22.659385681152344,300,0.0,0.0,0.0
2020-06-17 00:00:00-04:00,22.589955375678816,22.639827726470976,22.520526885986328,22.520526885986328,4000,0.0,0.0,0.0
2020-06-18 00:00:00-04:00,22.520526885986328,22.520526885986328,22.520526885986328,22.520526885986328,0,0.0,0.0,0.0
2020-06-19 00:00:00-04:00,22.520526885986328,22.520526885986328,22.520526885986328,22.520526885986328,0,0.0,0.0,0.0
2020-06-22 00:00:00-04:00,22.217383408583444,22.39633560180664,22.217383408583444,22.39633560180664,100,0.0,0.0,0.0
2020-06-23 00:00:00-04:00,22.538587161569577,22.538587161569577,22.495420455932617,22.495420455932617,200,0.074,0.0,0.0
2020-06-24 00:00:00-04:00,22.495420455932617,22.495420455932617,22.495420455932617,22.495420455932617,0,0.0,0.0,0.0
2020-06-25 00:00:00-04:00,22.495420455932617,22.495420455932617,22.495420455932617,22.495420455932617,0,0.0,0.0,0.0
2020-06-26 00:00:00-04:00,22.495420455932617,22.495420455932617,22.495420455932617,22.495420455932617,0,0.0,0.0,0.0
2020-06-29 00:00:00-04:00,22.495420455932617,22.495420455932617,22.495420455932617,22.495420455932617,0,0.0,0.0,0.0
2020-06-30 00:00:00-04:00,22.495420455932617,22.495420455932617,22.495420455932617,22.495420455932617,0,0.0,0.0,0.0
2020-07-01 00:00:00-04:00,22.30902101401808,22.30902101401808,22.107906341552734,22.107906341552734,400,0.0,0.0,0.0
2020-07-02 00:00:00-04:00,22.269779629310694,22.377693584951814,22.269779629310694,22.29724884033203,200,0.0,0.0,0.0
2020-07-06 00:00:00-04:00,22.46990951749056,22.564090728759766,22.46990951749056,22.564090728759766,200,0.0,0.0,0.0
2020-07-07 00:00:00-04:00,22.564090728759766,22.564090728759766,22.564090728759766,22.564090728759766,0,0.0,0.0,0.0
2020-07-08 00:00:00-04:00,22.564090728759766,22.564090728759766,22.564090728759766,22.564090728759766,0,0.0,0.0,0.0
2020-07-09 00:00:00-04:00,22.564090728759766,22.564090728759766,22.564090728759766,22.564090728759766,0,0.0,0.0,0.0
2020-07-10 00:00:00-04:00,22.564090728759766,22.564090728759766,22.564090728759766,22.564090728759766,0,0.0,0.0,0.0
2020-07-13 00:00:00-04:00,22.564090728759766,22.564090728759766,22.564090728759766,22.564090728759766,0,0.0,0.0,0.0
2020-07-14 00:00:00-04:00,22.46500727975049,22.608240127563477,22.46500727975049,22.608240127563477,1000,0.0,0.0,0.0
2020-07-15 00:00:00-04:00,22.956514358520508,22.956514358520508,22.956514358520508,22.956514358520508,100,0.0,0.0,0.0
2020-07-16 00:00:00-04:00,22.956514358520508,22.956514358520508,22.956514358520508,22.956514358520508,0,0.0,0.0,0.0
2020-07-17 00:00:00-04:00,22.956514358520508,22.956514358520508,22.956514358520508,22.956514358520508,0,0.0,0.0,0.0
2020-07-20 00:00:00-04:00,22.956514358520508,22.956514358520508,22.956514358520508,22.956514358520508,0,0.0,0.0,0.0
2020-07-21 00:00:00-04:00,22.956514358520508,22.956514358520508,22.956514358520508,22.956514358520508,0,0.0,0.0,0.0
2020-07-22 00:00:00-04:00,22.956514358520508,22.956514358520508,22.956514358520508,22.956514358520508,0,0.0,0.0,0.0
2020-07-23 00:00:00-04:00,22.956514358520508,22.956514358520508,22.956514358520508,22.956514358520508,0,0.0,0.0,0.0
2020-07-24 00:00:00-04:00,22.956514358520508,22.956514358520508,22.956514358520508,22.956514358520508,0,0.0,0.0,0.0
2020-07-27 00:00:00-04:00,22.956514358520508,22.956514358520508,22.956514358520508,22.956514358520508,0,0.0,0.0,0.0
2020-07-28 00:00:00-04:00,23.43526440718844,23.46567701603459,23.32832908630371,23.32832908630371,600,0.0,0.0,0.0
2020-07-29 00:00:00-04:00,23.32832908630371,23.32832908630371,23.32832908630371,23.32832908630371,0,0.0,0.0,0.0
2020-07-30 00:00:00-04:00,23.32832908630371,23.32832908630371,23.32832908630371,23.32832908630371,0,0.0,0.0,0.0
2020-07-31 00:00:00-04:00,23.32832908630371,23.32832908630371,23.32832908630371,23.32832908630371,0,0.0,0.0,0.0
2020-08-03 00:00:00-04:00,23.51570941303205,23.532387416208923,23.51178550720215,23.51178550720215,400,0.0,0.0,0.0
2020-08-04 00:00:00-04:00,23.644225279988284,23.697202682495117,23.6432447714084,23.697202682495117,300,0.0,0.0,0.0
2020-08-05 00:00:00-04:00,23.697202682495117,23.697202682495117,23.697202682495117,23.697202682495117,0,0.0,0.0,0.0
2020-08-06 00:00:00-04:00,23.697202682495117,23.697202682495117,23.697202682495117,23.697202682495117,0,0.0,0.0,0.0
2020-08-07 00:00:00-04:00,23.697202682495117,23.697202682495117,23.697202682495117,23.697202682495117,0,0.0,0.0,0.0
2020-08-10 00:00:00-04:00,23.697202682495117,23.697202682495117,23.697202682495117,23.697202682495117,0,0.0,0.0,0.0
2020-08-11 00:00:00-04:00,23.697202682495117,23.697202682495117,23.697202682495117,23.697202682495117,0,0.0,0.0,0.0
2020-08-12 00:00:00-04:00,23.697202682495117,23.697202682495117,23.697202682495117,23.697202682495117,0,0.0,0.0,0.0
2020-08-13 00:00:00-04:00,24.54580938984723,24.54580938984723,24.401594161987305,24.401594161987305,100,0.0,0.0,0.0
2020-08-14 00:00:00-04:00,24.48694610595703,24.48694610595703,24.48694610595703,24.48694610595703,100,0.0,0.0,0.0
2020-08-17 00:00:00-04:00,24.55561901596829,24.56542971527945,24.534034729003906,24.534034729003906,400,0.0,0.0,0.0
2020-08-18 00:00:00-04:00,24.534034729003906,24.534034729003906,24.534034729003906,24.534034729003906,0,0.0,0.0,0.0
2020-08-19 00:00:00-04:00,24.534034729003906,24.534034729003906,24.534034729003906,24.534034729003906,0,0.0,0.0,0.0
2020-08-20 00:00:00-04:00,24.534034729003906,24.534034729003906,24.534034729003906,24.534034729003906,0,0.0,0.0,0.0
2020-08-21 00:00:00-04:00,24.534034729003906,24.534034729003906,24.534034729003906,24.534034729003906,0,0.0,0.0,0.0
2020-08-24 00:00:00-04:00,24.534034729003906,24.534034729003906,24.534034729003906,24.534034729003906,0,0.0,0.0,0.0
2020-08-25 00:00:00-04:00,24.534034729003906,24.534034729003906,24.534034729003906,24.534034729003906,0,0.0,0.0,0.0
2020-08-26 00:00:00-04:00,24.408463420429406,24.44770622253418,24.408463420429406,24.44770622253418,600,0.0,0.0,0.0
2020-08-27 00:00:00-04:00,24.44770622253418,24.44770622253418,24.44770622253418,24.44770622253418,0,0.0,0.0,0.0
2020-08-28 00:00:00-04:00,24.409443882099204,24.52520751953125,24.408461502283927,24.52520751953125,300,0.0,0.0,0.0
2020-08-31 00:00:00-04:00,24.40846252628751,24.40846252628751,24.346656799316406,24.346656799316406,300,0.0,0.0,0.0
2020-09-01 00:00:00-04:00,24.1239582315017,24.18870735168457,24.094526132800535,24.18870735168457,2000,0.0,0.0,0.0
2020-09-02 00:00:00-04:00,24.18870735168457,24.18870735168457,24.18870735168457,24.18870735168457,0,0.0,0.0,0.0
2020-09-03 00:00:00-04:00,24.18870735168457,24.18870735168457,24.18870735168457,24.18870735168457,0,0.0,0.0,0.0
2020-09-04 00:00:00-04:00,23.613813400268555,23.613813400268555,23.613813400268555,23.613813400268555,200,0.0,0.0,0.0
2020-09-08 00:00:00-04:00,23.613813400268555,23.613813400268555,23.613813400268555,23.613813400268555,0,0.0,0.0,0.0
2020-09-09 00:00:00-04:00,23.613813400268555,23.613813400268555,23.613813400268555,23.613813400268555,0,0.0,0.0,0.0
2020-09-10 00:00:00-04:00,23.613813400268555,23.613813400268555,23.613813400268555,23.613813400268555,0,0.0,0.0,0.0
2020-09-11 00:00:00-04:00,23.62264421263434,23.62264421263434,23.608909606933594,23.608909606933594,400,0.0,0.0,0.0
2020-09-14 00:00:00-04:00,23.903222548208312,23.907146453857422,23.868886034779052,23.907146453857422,1500,0.0,0.0,0.0
2020-09-15 00:00:00-04:00,24.016042709350586,24.016042709350586,24.016042709350586,24.016042709350586,200,0.0,0.0,0.0
2020-09-16 00:00:00-04:00,24.195575714111328,24.195575714111328,24.195575714111328,24.195575714111328,100,0.0,0.0,0.0
2020-09-17 00:00:00-04:00,23.958161525436815,23.995441436767578,23.958161525436815,23.995441436767578,600,0.0,0.0,0.0
2020-09-18 00:00:00-04:00,23.995441436767578,23.995441436767578,23.995441436767578,23.995441436767578,0,0.0,0.0,0.0
2020-09-21 00:00:00-04:00,23.995441436767578,23.995441436767578,23.995441436767578,23.995441436767578,0,0.0,0.0,0.0
2020-09-22 00:00:00-04:00,23.178314208984375,23.178314208984375,23.178314208984375,23.178314208984375,500,0.203,0.0,0.0
2020-09-23 00:00:00-04:00,23.099173678828937,23.099173678828937,22.788545608520508,22.788545608520508,2700,0.0,0.0,0.0
2020-09-24 00:00:00-04:00,22.683685990880463,22.825149536132812,22.683685990880463,22.825149536132812,3000,0.0,0.0,0.0
2020-09-25 00:00:00-04:00,22.825149536132812,22.825149536132812,22.825149536132812,22.825149536132812,0,0.0,0.0,0.0
2020-09-28 00:00:00-04:00,23.386058807373047,23.386058807373047,23.386058807373047,23.386058807373047,200,0.0,0.0,0.0
2020-09-29 00:00:00-04:00,23.386058807373047,23.386058807373047,23.386058807373047,23.386058807373047,0,0.0,0.0,0.0
2020-09-30 00:00:00-04:00,23.386058807373047,23.386058807373047,23.386058807373047,23.386058807373047,0,0.0,0.0,0.0
2020-10-01 00:00:00-04:00,23.386058807373047,23.386058807373047,23.386058807373047,23.386058807373047,0,0.0,0.0,0.0
2020-10-02 00:00:00-04:00,23.190184250341375,23.712512325942463,23.190184250341375,23.627437591552734,500,0.0,0.0,0.0
2020-10-05 00:00:00-04:00,23.627437591552734,23.627437591552734,23.627437591552734,23.627437591552734,0,0.0,0.0,0.0
2020-10-06 00:00:00-04:00,23.627437591552734,23.627437591552734,23.627437591552734,23.627437591552734,0,0.0,0.0,0.0
2020-10-07 00:00:00-04:00,23.627437591552734,23.627437591552734,23.627437591552734,23.627437591552734,0,0.0,0.0,0.0
2020-10-08 00:00:00-04:00,23.627437591552734,23.627437591552734,23.627437591552734,23.627437591552734,0,0.0,0.0,0.0
2020-10-09 00:00:00-04:00,24.653297076524023,24.713642627019734,24.553382188918516,24.57316780090332,8300,0.0,0.0,0.0
2020-10-12 00:00:00-04:00,24.57316780090332,24.57316780090332,24.57316780090332,24.57316780090332,0,0.0,0.0,0.0
2020-10-13 00:00:00-04:00,24.414886699595733,24.468305587768555,24.414886699595733,24.468305587768555,600,0.0,0.0,0.0
2020-10-14 00:00:00-04:00,24.468305587768555,24.468305587768555,24.468305587768555,24.468305587768555,0,0.0,0.0,0.0
2020-10-15 00:00:00-04:00,24.197248458862305,24.197248458862305,24.197248458862305,24.197248458862305,500,0.0,0.0,0.0
2020-10-16 00:00:00-04:00,24.197248458862305,24.197248458862305,24.197248458862305,24.197248458862305,0,0.0,0.0,0.0
2020-10-19 00:00:00-04:00,24.503919154105404,24.503919154105404,24.149765014648438,24.149765014648438,300,0.0,0.0,0.0
2020-10-20 00:00:00-04:00,24.149765014648438,24.149765014648438,24.149765014648438,24.149765014648438,0,0.0,0.0,0.0
2020-10-21 00:00:00-04:00,23.99940059473502,24.217036687148383,23.99940059473502,24.177467346191406,1100,0.0,0.0,0.0
2020-10-22 00:00:00-04:00,24.177467346191406,24.177467346191406,24.177467346191406,24.177467346191406,0,0.0,0.0,0.0
2020-10-23 00:00:00-04:00,24.177467346191406,24.177467346191406,24.177467346191406,24.177467346191406,0,0.0,0.0,0.0
2020-10-26 00:00:00-04:00,24.177467346191406,24.177467346191406,24.177467346191406,24.177467346191406,0,0.0,0.0,0.0
2020-10-27 00:00:00-04:00,23.51466416470575,23.549288045305758,23.43750102589718,23.479049682617188,1600,0.0,0.0,0.0
2020-10-28 00:00:00-04:00,23.479049682617188,23.479049682617188,23.479049682617188,23.479049682617188,0,0.0,0.0,0.0
2020-10-29 00:00:00-04:00,22.822180849757082,22.921107023191702,22.814267359677455,22.901321411132812,800,0.0,0.0,0.0
2020-10-30 00:00:00-04:00,22.901321411132812,22.901321411132812,22.901321411132812,22.901321411132812,0,0.0,0.0,0.0
2020-11-02 00:00:00-05:00,22.901321411132812,22.901321411132812,22.901321411132812,22.901321411132812,0,0.0,0.0,0.0
2020-11-03 00:00:00-05:00,22.901321411132812,22.901321411132812,22.901321411132812,22.901321411132812,0,0.0,0.0,0.0
2020-11-04 00:00:00-05:00,23.880686291760753,23.952902076773366,23.845073699951172,23.845073699951172,700,0.0,0.0,0.0
2020-11-05 00:00:00-05:00,23.845073699951172,23.845073699951172,23.845073699951172,23.845073699951172,0,0.0,0.0,0.0
2020-11-06 00:00:00-05:00,23.845073699951172,23.845073699951172,23.845073699951172,23.845073699951172,0,0.0,0.0,0.0
2020-11-09 00:00:00-05:00,23.845073699951172,23.845073699951172,23.845073699951172,23.845073699951172,0,0.0,0.0,0.0
2020-11-10 00:00:00-05:00,23.845073699951172,23.845073699951172,23.845073699951172,23.845073699951172,0,0.0,0.0,0.0
2020-11-11 00:00:00-05:00,23.845073699951172,23.845073699951172,23.845073699951172,23.845073699951172,0,0.0,0.0,0.0
2020-11-12 00:00:00-05:00,24.968870478916514,25.038118233650238,24.899622724182795,24.973817825317383,1700,0.0,0.0,0.0
2020-11-13 00:00:00-05:00,25.414037370818455,25.532747268676758,25.414037370818455,25.532747268676758,600,0.0,0.0,0.0
2020-11-16 00:00:00-05:00,25.532747268676758,25.532747268676758,25.532747268676758,25.532747268676758,0,0.0,0.0,0.0
2020-11-17 00:00:00-05:00,25.532747268676758,25.532747268676758,25.532747268676758,25.532747268676758,0,0.0,0.0,0.0
2020-11-18 00:00:00-05:00,25.532747268676758,25.532747268676758,25.532747268676758,25.532747268676758,0,0.0,0.0,0.0
2020-11-19 00:00:00-05:00,25.997700348701155,26.007593154907227,25.997700348701155,26.007593154907227,300,0.0,0.0,0.0
2020-11-20 00:00:00-05:00,26.007593154907227,26.007593154907227,26.007593154907227,26.007593154907227,0,0.0,0.0,0.0
2020-11-23 00:00:00-05:00,26.74458894455141,26.74458894455141,26.561576749266926,26.59125328063965,1400,0.0,0.0,0.0
2020-11-24 00:00:00-05:00,27.165023560294628,27.254056930541992,27.165023560294628,27.254056930541992,1000,0.0,0.0,0.0
2020-11-25 00:00:00-05:00,27.026525872984333,27.125452041625977,27.017623668791018,27.125452041625977,300,0.0,0.0,0.0
2020-11-27 00:00:00-05:00,27.125452041625977,27.125452041625977,27.125452041625977,27.125452041625977,0,0.0,0.0,0.0
2020-11-30 00:00:00-05:00,26.818784367709284,26.818784367709284,26.60114640511857,26.6149959564209,900,0.0,0.0,0.0
2020-12-01 00:00:00-05:00,26.878140084528088,27.030485153198242,26.878140084528088,27.030485153198242,200,0.0,0.0,0.0
2020-12-02 00:00:00-05:00,27.030485153198242,27.030485153198242,27.030485153198242,27.030485153198242,0,0.0,0.0,0.0
2020-12-03 00:00:00-05:00,27.030485153198242,27.030485153198242,27.030485153198242,27.030485153198242,0,0.0,0.0,0.0
2020-12-04 00:00:00-05:00,27.030485153198242,27.030485153198242,27.030485153198242,27.030485153198242,0,0.0,0.0,0.0
2020-12-07 00:00:00-05:00,27.030485153198242,27.030485153198242,27.030485153198242,27.030485153198242,0,0.0,0.0,0.0
2020-12-08 00:00:00-05:00,27.030485153198242,27.030485153198242,27.030485153198242,27.030485153198242,0,0.0,0.0,0.0
2020-12-09 00:00:00-05:00,27.030485153198242,27.030485153198242,27.030485153198242,27.030485153198242,0,0.0,0.0,0.0
2020-12-10 00:00:00-05:00,27.030485153198242,27.030485153198242,27.030485153198242,27.030485153198242,100,0.0,0.0,0.0
2020-12-11 00:00:00-05:00,27.030485153198242,27.030485153198242,27.030485153198242,27.030485153198242,0,0.0,0.0,0.0
2020-12-14 00:00:00-05:00,27.030485153198242,27.030485153198242,27.030485153198242,27.030485153198242,0,0.0,0.0,0.0
2020-12-15 00:00:00-05:00,27.81793337128113,28.017763137817383,27.74373827298888,28.017763137817383,2800,0.0,0.0,0.0
2020-12-16 00:00:00-05:00,28.017763137817383,28.017763137817383,28.017763137817383,28.017763137817383,0,0.0,0.0,0.0
2020-12-17 00:00:00-05:00,28.017763137817383,28.017763137817383,28.017763137817383,28.017763137817383,0,0.0,0.0,0.0
2020-12-18 00:00:00-05:00,28.037547408119167,28.094924926757812,28.037547408119167,28.094924926757812,500,0.0,0.0,0.0
2020-12-21 00:00:00-05:00,27.808042526245117,27.808042526245117,27.808042526245117,27.808042526245117,100,0.0,0.0,0.0
2020-12-22 00:00:00-05:00,27.96923065185547,27.96923065185547,27.96923065185547,27.96923065185547,0,0.162,0.0,0.0
2020-12-23 00:00:00-05:00,28.02892824678928,28.02892824678928,28.0030574798584,28.0030574798584,1700,0.0,0.0,0.0
2020-12-24 00:00:00-05:00,28.0030574798584,28.0030574798584,28.0030574798584,28.0030574798584,0,0.0,0.0,0.0
2020-12-28 00:00:00-05:00,28.0030574798584,28.0030574798584,28.0030574798584,28.0030574798584,0,0.0,0.0,0.0
2020-12-29 00:00:00-05:00,28.0030574798584,28.0030574798584,28.0030574798584,28.0030574798584,0,0.0,0.0,0.0
2020-12-30 00:00:00-05:00,28.0030574798584,28.0030574798584,28.0030574798584,28.0030574798584,0,0.0,0.0,0.0
2020-12-31 00:00:00-05:00,28.0030574798584,28.0030574798584,28.0030574798584,28.0030574798584,0,0.0,0.0,0.0
2021-01-04 00:00:00-05:00,28.0030574798584,28.0030574798584,28.0030574798584,28.0030574798584,0,0.0,0.0,0.0
2021-01-05 00:00:00-05:00,28.0030574798584,28.0030574798584,28.0030574798584,28.0030574798584,0,0.0,0.0,0.0
2021-01-06 00:00:00-05:00,29.104516188153703,29.259735107421875,29.104516188153703,29.259735107421875,600,0.0,0.0,0.0
2021-01-07 00:00:00-05:00,29.259735107421875,29.259735107421875,29.259735107421875,29.259735107421875,0,0.0,0.0,0.0
2021-01-08 00:00:00-05:00,29.259735107421875,29.259735107421875,29.259735107421875,29.259735107421875,0,0.0,0.0,0.0
2021-01-11 00:00:00-05:00,29.259735107421875,29.259735107421875,29.259735107421875,29.259735107421875,200,0.0,0.0,0.0
2021-01-12 00:00:00-05:00,29.77414575321722,29.919414520263672,29.750265773913984,29.919414520263672,300,0.0,0.0,0.0
2021-01-13 00:00:00-05:00,29.919414520263672,29.919414520263672,29.919414520263672,29.919414520263672,0,0.0,0.0,0.0
2021-01-14 00:00:00-05:00,30.277611081654474,30.287561230776234,30.12040138244629,30.12040138244629,29800,0.0,0.0,0.0
2021-01-15 00:00:00-05:00,30.12040138244629,30.12040138244629,30.12040138244629,30.12040138244629,0,0.0,0.0,0.0
2021-01-19 00:00:00-05:00,30.12040138244629,30.12040138244629,30.12040138244629,30.12040138244629,0,0.0,0.0,0.0
2021-01-20 00:00:00-05:00,30.12040138244629,30.12040138244629,30.12040138244629,30.12040138244629,0,0.0,0.0,0.0
2021-01-21 00:00:00-05:00,30.18806287630516,30.18806287630516,30.161197662353516,30.161197662353516,200,0.0,0.0,0.0
2021-01-22 00:00:00-05:00,30.161197662353516,30.161197662353516,30.161197662353516,30.161197662353516,100,0.0,0.0,0.0
2021-01-25 00:00:00-05:00,30.297513658466993,30.297513658466993,30.236818313598633,30.236818313598633,800,0.0,0.0,0.0
2021-01-26 00:00:00-05:00,30.236818313598633,30.236818313598633,30.236818313598633,30.236818313598633,0,0.0,0.0,0.0
2021-01-27 00:00:00-05:00,30.236818313598633,30.236818313598633,30.236818313598633,30.236818313598633,0,0.0,0.0,0.0
2021-01-28 00:00:00-05:00,30.236818313598633,30.236818313598633,30.236818313598633,30.236818313598633,0,0.0,0.0,0.0
2021-01-29 00:00:00-05:00,29.533355708115998,29.533355708115998,29.08163070678711,29.08163070678711,700,0.0,0.0,0.0
2021-02-01 00:00:00-05:00,29.43783840699729,29.524402618408203,29.41196763923473,29.524402618408203,500,0.0,0.0,0.0
2021-02-02 00:00:00-05:00,29.6507664949333,29.6507664949333,29.53634262084961,29.53634262084961,200,0.0,0.0,0.0
2021-02-03 00:00:00-05:00,29.456742998362255,29.685590744018555,29.45475410713568,29.685590744018555,600,0.0,0.0,0.0
2021-02-04 00:00:00-05:00,29.959215612362943,29.959215612362943,29.87663107795189,29.93732452392578,300,0.0,0.0,0.0
2021-02-05 00:00:00-05:00,29.93732452392578,29.93732452392578,29.93732452392578,29.93732452392578,0,0.0,0.0,0.0
2021-02-08 00:00:00-05:00,30.388055761655846,30.574119567871094,30.388055761655846,30.574119567871094,100,0.0,0.0,0.0
2021-02-09 00:00:00-05:00,30.574119567871094,30.574119567871094,30.574119567871094,30.574119567871094,0,0.0,0.0,0.0
2021-02-10 00:00:00-05:00,30.576109953436003,30.675609553330283,30.576109953436003,30.63581085205078,300,0.0,0.0,0.0
2021-02-11 00:00:00-05:00,30.63581085205078,30.63581085205078,30.63581085205078,30.63581085205078,0,0.0,0.0,0.0
2021-02-12 00:00:00-05:00,30.63581085205078,30.63581085205078,30.63581085205078,30.63581085205078,0,0.0,0.0,0.0
2021-02-16 00:00:00-05:00,30.974105716684157,30.974105716684157,30.854707717895508,30.854707717895508,1300,0.0,0.0,0.0
2021-02-17 00:00:00-05:00,30.77311612989629,30.785057067871094,30.77311612989629,30.785057067871094,900,0.0,0.0,0.0
2021-02-18 00:00:00-05:00,30.526360223709613,30.625859820739876,30.47760581970215,30.47760581970215,29100,0.0,0.0,0.0
2021-02-19 00:00:00-05:00,30.47760581970215,30.47760581970215,30.47760581970215,30.47760581970215,0,0.0,0.0,0.0
2021-02-22 00:00:00-05:00,30.695510295156694,30.839784622192383,30.695510295156694,30.839784622192383,200,0.0,0.0,0.0
2021-02-23 00:00:00-05:00,30.596008010691616,30.769136428833008,30.596008010691616,30.769136428833008,300,0.0,0.0,0.0
2021-02-24 00:00:00-05:00,30.769136428833008,30.769136428833008,30.769136428833008,30.769136428833008,0,0.0,0.0,0.0
2021-02-25 00:00:00-05:00,30.769136428833008,30.769136428833008,30.769136428833008,30.769136428833008,0,0.0,0.0,0.0
2021-02-26 00:00:00-05:00,30.769136428833008,30.769136428833008,30.769136428833008,30.769136428833008,0,0.0,0.0,0.0
2021-03-01 00:00:00-05:00,30.769136428833008,30.769136428833008,30.769136428833008,30.769136428833008,0,0.0,0.0,0.0
2021-03-02 00:00:00-05:00,30.769136428833008,30.769136428833008,30.769136428833008,30.769136428833008,0,0.0,0.0,0.0
2021-03-03 00:00:00-05:00,31.133307432258878,31.153205834305968,30.871623992919922,30.871623992919922,3700,0.0,0.0,0.0
2021-03-04 00:00:00-05:00,30.74525818332424,30.775108632126187,30.36815643310547,30.36815643310547,800,0.0,0.0,0.0
2021-03-05 00:00:00-05:00,30.36815643310547,30.36815643310547,30.36815643310547,30.36815643310547,0,0.0,0.0,0.0
2021-03-08 00:00:00-05:00,31.233800617930807,31.43876838684082,31.233800617930807,31.43876838684082,100,0.0,0.0,0.0
2021-03-09 00:00:00-05:00,31.43876838684082,31.43876838684082,31.43876838684082,31.43876838684082,0,0.0,0.0,0.0
2021-03-10 00:00:00-05:00,32.05864705875378,32.05864705875378,31.88949642602868,31.979045867919922,300,0.0,0.0,0.0
2021-03-11 00:00:00-05:00,32.35714831125845,32.386996864062944,32.26262283325195,32.26262283325195,600,0.0,0.0,0.0
2021-03-12 00:00:00-05:00,32.38699304754765,32.48848342895508,32.257643007980576,32.48848342895508,500,0.0,0.0,0.0
2021-03-15 00:00:00-04:00,32.72529023868622,32.72529023868622,32.57604369795497,32.66957092285156,700,0.0,0.0,0.0
2021-03-16 00:00:00-04:00,32.556146129253754,32.556146129253754,32.55415344238281,32.55415344238281,400,0.0,0.0,0.0
2021-03-17 00:00:00-04:00,32.79394731720059,32.794941762827825,32.655643463134766,32.655643463134766,1200,0.0,0.0,0.0
2021-03-18 00:00:00-04:00,32.52629470825195,32.735245961691504,32.52629470825195,32.52629470825195,1400,0.0,0.0,0.0
2021-03-19 00:00:00-04:00,32.03874899587632,32.62579453464688,32.02879694853105,32.515350341796875,1000,0.0,0.0,0.0
2021-03-22 00:00:00-04:00,32.287497568959246,32.34719467163086,32.2775455214513,32.34719467163086,500,0.0,0.0,0.0
2021-03-23 00:00:00-04:00,32.153775210727055,32.153775210727055,32.083984375,32.083984375,300,0.066,0.0,0.0
2021-03-24 00:00:00-04:00,32.05407452743027,32.05407452743027,31.78487777709961,31.78487777709961,1100,0.0,0.0,0.0
2021-03-25 00:00:00-04:00,31.515685324424858,32.02914810180664,31.515685324424858,32.02914810180664,700,0.0,0.0,0.0
2021-03-26 00:00:00-04:00,32.02914810180664,32.02914810180664,32.02914810180664,32.02914810180664,0,0.0,0.0,0.0
2021-03-29 00:00:00-04:00,32.02914810180664,32.02914810180664,32.02914810180664,32.02914810180664,0,0.0,0.0,0.0
2021-03-30 00:00:00-04:00,32.02914810180664,32.02914810180664,32.02914810180664,32.02914810180664,0,0.0,0.0,0.0
2021-03-31 00:00:00-04:00,32.02914810180664,32.02914810180664,32.02914810180664,32.02914810180664,0,0.0,0.0,0.0
2021-04-01 00:00:00-04:00,32.7320442199707,32.7320442199707,32.7320442199707,32.7320442199707,100,0.0,0.0,0.0
2021-04-05 00:00:00-04:00,33.12088249470966,33.287384033203125,33.12088249470966,33.287384033203125,900,0.0,0.0,0.0
2021-04-06 00:00:00-04:00,33.287384033203125,33.287384033203125,33.287384033203125,33.287384033203125,0,0.0,0.0,0.0
2021-04-07 00:00:00-04:00,33.287384033203125,33.287384033203125,33.287384033203125,33.287384033203125,0,0.0,0.0,0.0
2021-04-08 00:00:00-04:00,32.9414176940918,32.9414176940918,32.9414176940918,32.9414176940918,200,0.0,0.0,0.0
2021-04-09 00:00:00-04:00,32.98528381117661,33.24052047729492,32.98528381117661,33.24052047729492,1100,0.0,0.0,0.0
2021-04-12 00:00:00-04:00,33.29037355649647,33.30034584932552,33.218589782714844,33.218589782714844,600,0.0,0.0,0.0
2021-04-13 00:00:00-04:00,33.218589782714844,33.218589782714844,33.218589782714844,33.218589782714844,0,0.0,0.0,0.0
2021-04-14 00:00:00-04:00,33.31031199378042,33.370134336597154,33.230552673339844,33.230552673339844,800,0.0,0.0,0.0
2021-04-15 00:00:00-04:00,33.51170930784948,33.51170930784948,33.504730224609375,33.504730224609375,800,0.0,0.0,0.0
2021-04-16 00:00:00-04:00,33.94840191561488,33.94840191561488,33.818788740615695,33.84371566772461,900,0.0,0.0,0.0
2021-04-19 00:00:00-04:00,33.739031926840724,33.739031926840724,33.60941874221052,33.63933181762695,800,0.0,0.0,0.0
2021-04-20 00:00:00-04:00,33.5894775390625,33.5894775390625,33.5894775390625,33.5894775390625,400,0.0,0.0,0.0
2021-04-21 00:00:00-04:00,33.5894775390625,33.5894775390625,33.5894775390625,33.5894775390625,0,0.0,0.0,0.0
2021-04-22 00:00:00-04:00,33.38109954888505,33.38109954888505,33.271427154541016,33.271427154541016,1200,0.0,0.0,0.0
2021-04-23 00:00:00-04:00,33.629356384277344,33.629356384277344,33.629356384277344,33.629356384277344,300,0.0,0.0,0.0
2021-04-26 00:00:00-04:00,33.629356384277344,33.629356384277344,33.629356384277344,33.629356384277344,0,0.0,0.0,0.0
2021-04-27 00:00:00-04:00,33.748999802110326,33.748999802110326,33.70413589477539,33.70413589477539,200,0.0,0.0,0.0
2021-04-28 00:00:00-04:00,33.74601046938206,33.75897216796875,33.7390313857827,33.75897216796875,1500,0.0,0.0,0.0
2021-04-29 00:00:00-04:00,33.90852069101983,33.90852069101983,33.83872985839844,33.83872985839844,700,0.0,0.0,0.0
2021-04-30 00:00:00-04:00,33.49974552310488,33.49974552310488,33.29037301687285,33.33823013305664,800,0.0,0.0,0.0
2021-05-03 00:00:00-04:00,33.67222825326092,33.78389358520508,33.67222825326092,33.78389358520508,1500,0.0,0.0,0.0
2021-05-04 00:00:00-04:00,33.52467262847642,33.62636947631836,33.52467262847642,33.62636947631836,400,0.0,0.0,0.0
2021-05-05 00:00:00-04:00,33.9075243398943,33.90852080846161,33.870635986328125,33.870635986328125,500,0.0,0.0,0.0
2021-05-06 00:00:00-04:00,33.8487041784145,34.11091995239258,33.8487041784145,34.11091995239258,300,0.0,0.0,0.0
2021-05-07 00:00:00-04:00,34.11091995239258,34.11091995239258,34.11091995239258,34.11091995239258,0,0.0,0.0,0.0
2021-05-10 00:00:00-04:00,34.486793445470376,34.486793445470376,34.33125686645508,34.33125686645508,500,0.0,0.0,0.0
2021-05-11 00:00:00-04:00,34.33125686645508,34.33125686645508,34.33125686645508,34.33125686645508,0,0.0,0.0,0.0
2021-05-12 00:00:00-04:00,34.33125686645508,34.33125686645508,34.33125686645508,34.33125686645508,0,0.0,0.0,0.0
2021-05-13 00:00:00-04:00,34.33125686645508,34.33125686645508,34.33125686645508,34.33125686645508,0,0.0,0.0,0.0
2021-05-14 00:00:00-04:00,33.968344575262726,34.2076301574707,33.968344575262726,34.2076301574707,700,0.0,0.0,0.0
2021-05-17 00:00:00-04:00,34.227569580078125,34.227569580078125,34.227569580078125,34.227569580078125,300,0.0,0.0,0.0
2021-05-18 00:00:00-04:00,34.21759671751873,34.21759671751873,33.96734619140625,33.96734619140625,200,0.0,0.0,0.0
2021-05-19 00:00:00-04:00,33.96734619140625,33.96734619140625,33.96734619140625,33.96734619140625,0,0.0,0.0,0.0
2021-05-20 00:00:00-04:00,33.89855303740219,33.93843460083008,33.89855303740219,33.93843460083008,200,0.0,0.0,0.0
2021-05-21 00:00:00-04:00,34.04810774819703,34.04810774819703,33.983299255371094,33.983299255371094,700,0.0,0.0,0.0
2021-05-24 00:00:00-04:00,34.27741811615621,34.27741811615621,34.13783645629883,34.13783645629883,300,0.0,0.0,0.0
2021-05-25 00:00:00-04:00,33.94341751327827,33.96834444166773,33.82876277064342,33.89656066894531,3100,0.0,0.0,0.0
2021-05-26 00:00:00-04:00,34.15378910813257,34.197656545129895,34.103939056396484,34.103939056396484,800,0.0,0.0,0.0
2021-05-27 00:00:00-04:00,34.46685028076172,34.46685028076172,34.46685028076172,34.46685028076172,400,0.0,0.0,0.0
2021-05-28 00:00:00-04:00,34.34720993041992,34.34720993041992,34.34720993041992,34.34720993041992,200,0.0,0.0,0.0
2021-06-01 00:00:00-04:00,34.40702786157162,34.41201400756836,34.40702786157162,34.41201400756836,2600,0.0,0.0,0.0
2021-06-02 00:00:00-04:00,34.486793518066406,34.50673430020343,34.392075753744344,34.486793518066406,2900,0.0,0.0,0.0
2021-06-03 00:00:00-04:00,34.486793518066406,34.486793518066406,34.486793518066406,34.486793518066406,0,0.0,0.0,0.0
2021-06-04 00:00:00-04:00,34.556583404541016,34.556583404541016,34.556583404541016,34.556583404541016,500,0.0,0.0,0.0
2021-06-07 00:00:00-04:00,34.83574541264205,34.95638656616211,34.6413275537001,34.95638656616211,5300,0.0,0.0,0.0
2021-06-08 00:00:00-04:00,35.03515086203648,35.673240661621094,35.03515086203648,35.673240661621094,1700,0.0,0.0,0.0
2021-06-09 00:00:00-04:00,35.89258570924773,35.9524080546233,35.11491423594157,35.233558654785156,17600,0.0,0.0,0.0
2021-06-10 00:00:00-04:00,35.233558654785156,35.233558654785156,35.233558654785156,35.233558654785156,100,0.0,0.0,0.0
2021-06-11 00:00:00-04:00,34.835747990850216,34.835747990850216,34.47682531930379,34.706138610839844,18200,0.0,0.0,0.0
2021-06-14 00:00:00-04:00,34.706138610839844,34.706138610839844,34.706138610839844,34.706138610839844,0,0.0,0.0,0.0
2021-06-15 00:00:00-04:00,34.32726944079903,34.566551208496094,34.32726944079903,34.566551208496094,300,0.0,0.0,0.0
2021-06-16 00:00:00-04:00,34.566551208496094,34.566551208496094,34.566551208496094,34.566551208496094,0,0.0,0.0,0.0
2021-06-17 00:00:00-04:00,34.566551208496094,34.566551208496094,34.566551208496094,34.566551208496094,0,0.0,0.0,0.0
2021-06-18 00:00:00-04:00,33.8566780090332,33.8566780090332,33.8566780090332,33.8566780090332,300,0.0,0.0,0.0
2021-06-21 00:00:00-04:00,33.758969026441825,33.758969026441825,33.74899673461914,33.74899673461914,500,0.0,0.0,0.0
2021-06-22 00:00:00-04:00,33.900001525878906,34.055999755859375,33.900001525878906,34.055999755859375,800,0.101,0.0,0.0
2021-06-23 00:00:00-04:00,34.21900177001953,34.21900177001953,33.994998931884766,33.994998931884766,300,0.0,0.0,0.0
2021-06-24 00:00:00-04:00,33.43000030517578,34.3129997253418,33.43000030517578,34.3129997253418,300,0.0,0.0,0.0
2021-06-25 00:00:00-04:00,34.41999816894531,34.42499923706055,34.38100051879883,34.38100051879883,500,0.0,0.0,0.0
2021-06-28 00:00:00-04:00,34.47999954223633,34.47999954223633,34.34199905395508,34.34199905395508,200,0.0,0.0,0.0
2021-06-29 00:00:00-04:00,34.400001525878906,34.58000183105469,34.321998596191406,34.321998596191406,600,0.0,0.0,0.0
2021-06-30 00:00:00-04:00,34.20000076293945,34.28300094604492,34.20000076293945,34.28300094604492,200,0.0,0.0,0.0
2021-07-01 00:00:00-04:00,34.28300094604492,34.28300094604492,34.28300094604492,34.28300094604492,0,0.0,0.0,0.0
2021-07-02 00:00:00-04:00,34.68000030517578,34.709999084472656,34.68000030517578,34.689998626708984,800,0.0,0.0,0.0
2021-07-06 00:00:00-04:00,34.16999816894531,34.16999816894531,34.16999816894531,34.16999816894531,300,0.0,0.0,0.0
2021-07-07 00:00:00-04:00,34.16999816894531,34.16999816894531,34.16999816894531,34.16999816894531,0,0.0,0.0,0.0
2021-07-08 00:00:00-04:00,34.16999816894531,34.16999816894531,34.16999816894531,34.16999816894531,0,0.0,0.0,0.0
2021-07-09 00:00:00-04:00,34.16999816894531,34.16999816894531,34.16999816894531,34.16999816894531,0,0.0,0.0,0.0
2021-07-12 00:00:00-04:00,34.38999938964844,34.54600143432617,34.38999938964844,34.54600143432617,7300,0.0,0.0,0.0
2021-07-13 00:00:00-04:00,34.43000030517578,34.439998626708984,34.233001708984375,34.233001708984375,200,0.0,0.0,0.0
2021-07-14 00:00:00-04:00,34.233001708984375,34.233001708984375,34.233001708984375,34.233001708984375,100,0.0,0.0,0.0
2021-07-15 00:00:00-04:00,34.0,34.060001373291016,33.98500061035156,33.98500061035156,800,0.0,0.0,0.0
2021-07-16 00:00:00-04:00,33.98500061035156,33.98500061035156,33.98500061035156,33.98500061035156,100,0.0,0.0,0.0
2021-07-19 00:00:00-04:00,33.08000183105469,33.20000076293945,32.91999816894531,33.20000076293945,7400,0.0,0.0,0.0
2021-07-20 00:00:00-04:00,33.834999084472656,33.834999084472656,33.78300094604492,33.78300094604492,300,0.0,0.0,0.0
2021-07-21 00:00:00-04:00,34.65999984741211,34.65999984741211,34.65999984741211,34.65999984741211,200,0.0,0.0,0.0
2021-07-22 00:00:00-04:00,34.20500183105469,34.20800018310547,33.82500076293945,33.94300079345703,1000,0.0,0.0,0.0
2021-07-23 00:00:00-04:00,34.042999267578125,34.25,34.042999267578125,34.25,100,0.0,0.0,0.0
2021-07-26 00:00:00-04:00,34.25,34.25,34.25,34.25,0,0.0,0.0,0.0
2021-07-27 00:00:00-04:00,34.25,34.25,34.25,34.25,0,0.0,0.0,0.0
2021-07-28 00:00:00-04:00,34.36000061035156,34.36000061035156,34.29800033569336,34.29800033569336,500,0.0,0.0,0.0
2021-07-29 00:00:00-04:00,34.29800033569336,34.29800033569336,34.29800033569336,34.29800033569336,0,0.0,0.0,0.0
2021-07-30 00:00:00-04:00,34.44499969482422,34.44499969482422,34.4010009765625,34.4010009765625,100,0.0,0.0,0.0
2021-08-02 00:00:00-04:00,34.4010009765625,34.4010009765625,34.4010009765625,34.4010009765625,0,0.0,0.0,0.0
2021-08-03 00:00:00-04:00,34.720001220703125,34.720001220703125,34.58000183105469,34.632999420166016,2900,0.0,0.0,0.0
2021-08-04 00:00:00-04:00,34.632999420166016,34.632999420166016,34.632999420166016,34.632999420166016,0,0.0,0.0,0.0
2021-08-05 00:00:00-04:00,34.45000076293945,34.720001220703125,34.45000076293945,34.5629997253418,300,0.0,0.0,0.0
2021-08-06 00:00:00-04:00,34.72999954223633,34.72999954223633,34.540000915527344,34.54800033569336,500,0.0,0.0,0.0
2021-08-09 00:00:00-04:00,34.439998626708984,34.709999084472656,34.439998626708984,34.599998474121094,1100,0.0,0.0,0.0
2021-08-10 00:00:00-04:00,34.599998474121094,34.599998474121094,34.599998474121094,34.599998474121094,0,0.0,0.0,0.0
2021-08-11 00:00:00-04:00,34.93000030517578,35.11199951171875,34.93000030517578,35.11199951171875,300,0.0,0.0,0.0
2021-08-12 00:00:00-04:00,35.099998474121094,35.099998474121094,35.099998474121094,35.099998474121094,300,0.0,0.0,0.0
2021-08-13 00:00:00-04:00,35.20600128173828,35.20600128173828,35.09600067138672,35.09600067138672,800,0.0,0.0,0.0
2021-08-16 00:00:00-04:00,35.04999923706055,35.09199905395508,35.04999923706055,35.09199905395508,400,0.0,0.0,0.0
2021-08-17 00:00:00-04:00,34.529998779296875,34.88999938964844,34.529998779296875,34.88999938964844,400,0.0,0.0,0.0
2021-08-18 00:00:00-04:00,34.88999938964844,34.88999938964844,34.88999938964844,34.88999938964844,0,0.0,0.0,0.0
2021-08-19 00:00:00-04:00,34.88999938964844,34.88999938964844,34.88999938964844,34.88999938964844,0,0.0,0.0,0.0
2021-08-20 00:00:00-04:00,34.54999923706055,34.54999923706055,34.279998779296875,34.4119987487793,1100,0.0,0.0,0.0
2021-08-23 00:00:00-04:00,34.560001373291016,34.69200134277344,34.54999923706055,34.69200134277344,400,0.0,0.0,0.0
2021-08-24 00:00:00-04:00,34.939998626708984,34.939998626708984,34.86000061035156,34.86000061035156,1600,0.0,0.0,0.0
2021-08-25 00:00:00-04:00,34.986000061035156,34.986000061035156,34.928001403808594,34.928001403808594,100,0.0,0.0,0.0
2021-08-26 00:00:00-04:00,34.928001403808594,34.928001403808594,34.928001403808594,34.928001403808594,0,0.0,0.0,0.0
2021-08-27 00:00:00-04:00,35.15999984741211,35.18000030517578,35.03200149536133,35.03200149536133,400,0.0,0.0,0.0
2021-08-30 00:00:00-04:00,35.31999969482422,35.31999969482422,35.11000061035156,35.11000061035156,900,0.0,0.0,0.0
2021-08-31 00:00:00-04:00,35.11000061035156,35.11000061035156,35.11000061035156,35.11000061035156,0,0.0,0.0,0.0
2021-09-01 00:00:00-04:00,35.11000061035156,35.11000061035156,35.11000061035156,35.11000061035156,0,0.0,0.0,0.0
2021-09-02 00:00:00-04:00,35.11000061035156,35.11000061035156,35.11000061035156,35.11000061035156,0,0.0,0.0,0.0
2021-09-03 00:00:00-04:00,35.0,35.28799819946289,35.0,35.28799819946289,200,0.0,0.0,0.0
2021-09-07 00:00:00-04:00,35.36199951171875,35.36199951171875,34.97999954223633,34.97999954223633,600,0.0,0.0,0.0
2021-09-08 00:00:00-04:00,34.630001068115234,34.630001068115234,34.61000061035156,34.619998931884766,700,0.0,0.0,0.0
2021-09-09 00:00:00-04:00,34.91999816894531,34.91999816894531,34.867000579833984,34.867000579833984,1600,0.0,0.0,0.0
2021-09-10 00:00:00-04:00,34.867000579833984,34.867000579833984,34.867000579833984,34.867000579833984,0,0.0,0.0,0.0
2021-09-13 00:00:00-04:00,34.625,34.62799835205078,34.625,34.62799835205078,100,0.0,0.0,0.0
2021-09-14 00:00:00-04:00,34.62799835205078,34.62799835205078,34.62799835205078,34.62799835205078,0,0.0,0.0,0.0
2021-09-15 00:00:00-04:00,34.58000183105469,34.58000183105469,34.51499938964844,34.560001373291016,1900,0.0,0.0,0.0
2021-09-16 00:00:00-04:00,34.560001373291016,34.560001373291016,34.560001373291016,34.560001373291016,0,0.0,0.0,0.0
2021-09-17 00:00:00-04:00,34.41999816894531,34.41999816894531,34.41999816894531,34.41999816894531,300,0.0,0.0,0.0
2021-09-20 00:00:00-04:00,33.779998779296875,33.986000061035156,33.77299880981445,33.986000061035156,1100,0.0,0.0,0.0
2021-09-21 00:00:00-04:00,33.88999938964844,34.00699996948242,33.88999938964844,34.00699996948242,200,0.0,0.0,0.0
2021-09-22 00:00:00-04:00,34.25,34.37699890136719,34.25,34.37699890136719,200,0.0,0.0,0.0
2021-09-23 00:00:00-04:00,34.827999114990234,34.900001525878906,34.827999114990234,34.900001525878906,1500,0.0,0.0,0.0
2021-09-24 00:00:00-04:00,34.900001525878906,34.900001525878906,34.900001525878906,34.900001525878906,0,0.0,0.0,0.0
2021-09-27 00:00:00-04:00,34.869998931884766,34.88999938964844,34.845001220703125,34.845001220703125,1800,0.0,0.0,0.0
2021-09-28 00:00:00-04:00,34.33000183105469,34.33000183105469,34.33000183105469,34.33000183105469,300,0.0,0.0,0.0
2021-09-29 00:00:00-04:00,34.33000183105469,34.33000183105469,34.33000183105469,34.33000183105469,0,0.0,0.0,0.0
2021-09-30 00:00:00-04:00,34.33000183105469,34.33000183105469,34.33000183105469,34.33000183105469,100,0.0,0.0,0.0
2021-10-01 00:00:00-04:00,34.33000183105469,34.33000183105469,34.33000183105469,34.33000183105469,0,0.0,0.0,0.0
2021-10-04 00:00:00-04:00,33.790000915527344,33.790000915527344,33.58300018310547,33.58300018310547,1000,0.0,0.0,0.0
2021-10-05 00:00:00-04:00,33.58300018310547,33.58300018310547,33.58300018310547,33.58300018310547,0,0.0,0.0,0.0
2021-10-06 00:00:00-04:00,33.290000915527344,33.486000061035156,33.290000915527344,33.486000061035156,300,0.0,0.0,0.0
2021-10-07 00:00:00-04:00,33.486000061035156,33.486000061035156,33.486000061035156,33.486000061035156,0,0.0,0.0,0.0
2021-10-08 00:00:00-04:00,33.486000061035156,33.486000061035156,33.486000061035156,33.486000061035156,0,0.0,0.0,0.0
2021-10-11 00:00:00-04:00,33.486000061035156,33.486000061035156,33.486000061035156,33.486000061035156,0,0.0,0.0,0.0
2021-10-12 00:00:00-04:00,33.90299987792969,33.90299987792969,33.6879997253418,33.6879997253418,200,0.0,0.0,0.0
2021-10-13 00:00:00-04:00,33.6879997253418,33.6879997253418,33.6879997253418,33.6879997253418,0,0.0,0.0,0.0
2021-10-14 00:00:00-04:00,34.25,34.25,34.231998443603516,34.231998443603516,200,0.0,0.0,0.0
2021-10-15 00:00:00-04:00,34.231998443603516,34.231998443603516,34.231998443603516,34.231998443603516,0,0.0,0.0,0.0
2021-10-18 00:00:00-04:00,34.231998443603516,34.231998443603516,34.231998443603516,34.231998443603516,0,0.0,0.0,0.0
2021-10-19 00:00:00-04:00,34.231998443603516,34.231998443603516,34.231998443603516,34.231998443603516,0,0.0,0.0,0.0
2021-10-20 00:00:00-04:00,34.599998474121094,34.599998474121094,34.573001861572266,34.573001861572266,300,0.0,0.0,0.0
2021-10-21 00:00:00-04:00,34.51499938964844,34.630001068115234,34.51499938964844,34.630001068115234,100,0.0,0.0,0.0
2021-10-22 00:00:00-04:00,34.66600036621094,34.71500015258789,34.66600036621094,34.71500015258789,200,0.0,0.0,0.0
2021-10-25 00:00:00-04:00,34.93899917602539,34.93899917602539,34.900001525878906,34.900001525878906,700,0.0,0.0,0.0
2021-10-26 00:00:00-04:00,35.2599983215332,35.2599983215332,34.474998474121094,34.474998474121094,1000,0.0,0.0,0.0
2021-10-27 00:00:00-04:00,34.474998474121094,34.474998474121094,34.474998474121094,34.474998474121094,0,0.0,0.0,0.0
2021-10-28 00:00:00-04:00,34.474998474121094,34.474998474121094,34.474998474121094,34.474998474121094,0,0.0,0.0,0.0
2021-10-29 00:00:00-04:00,34.474998474121094,34.474998474121094,34.474998474121094,34.474998474121094,0,0.0,0.0,0.0
2021-11-01 00:00:00-04:00,34.652000427246094,35.0369987487793,34.652000427246094,34.915000915527344,700,0.0,0.0,0.0
2021-11-02 00:00:00-04:00,35.10499954223633,35.10499954223633,35.0,35.0,300,0.0,0.0,0.0
2021-11-03 00:00:00-04:00,35.0,35.0,35.0,35.0,0,0.0,0.0,0.0
2021-11-04 00:00:00-04:00,35.54999923706055,35.61000061035156,35.5,35.61000061035156,900,0.0,0.0,0.0
2021-11-05 00:00:00-04:00,35.61000061035156,35.61000061035156,35.61000061035156,35.61000061035156,200,0.0,0.0,0.0
2021-11-08 00:00:00-05:00,35.61000061035156,35.61000061035156,35.61000061035156,35.61000061035156,0,0.0,0.0,0.0
2021-11-09 00:00:00-05:00,36.0,36.0,35.85499954223633,35.85499954223633,900,0.0,0.0,0.0
2021-11-10 00:00:00-05:00,35.709999084472656,35.709999084472656,35.709999084472656,35.709999084472656,200,0.0,0.0,0.0
2021-11-11 00:00:00-05:00,36.06999969482422,36.06999969482422,36.06999969482422,36.06999969482422,400,0.0,0.0,0.0
2021-11-12 00:00:00-05:00,36.06999969482422,36.06999969482422,36.06999969482422,36.06999969482422,0,0.0,0.0,0.0
2021-11-15 00:00:00-05:00,36.06999969482422,36.06999969482422,36.06999969482422,36.06999969482422,0,0.0,0.0,0.0
2021-11-16 00:00:00-05:00,36.119998931884766,36.119998931884766,35.91999816894531,36.00699996948242,2300,0.0,0.0,0.0
2021-11-17 00:00:00-05:00,35.83000183105469,35.83000183105469,35.83000183105469,35.83000183105469,800,0.0,0.0,0.0
2021-11-18 00:00:00-05:00,35.83000183105469,35.83000183105469,35.83000183105469,35.83000183105469,0,0.0,0.0,0.0
2021-11-19 00:00:00-05:00,35.564998626708984,35.564998626708984,35.39500045776367,35.39500045776367,600,0.0,0.0,0.0
2021-11-22 00:00:00-05:00,35.854000091552734,35.854000091552734,35.56999969482422,35.685001373291016,1800,0.0,0.0,0.0
2021-11-23 00:00:00-05:00,35.685001373291016,35.685001373291016,35.685001373291016,35.685001373291016,0,0.0,0.0,0.0
2021-11-24 00:00:00-05:00,35.3650016784668,35.494998931884766,35.34000015258789,35.494998931884766,300,0.0,0.0,0.0
2021-11-26 00:00:00-05:00,34.779998779296875,34.81999969482422,34.470001220703125,34.729000091552734,800,0.0,0.0,0.0
2021-11-29 00:00:00-05:00,34.790000915527344,34.85499954223633,34.779998779296875,34.85499954223633,400,0.0,0.0,0.0
2021-11-30 00:00:00-05:00,34.689998626708984,34.689998626708984,34.525001525878906,34.689998626708984,900,0.0,0.0,0.0
2021-12-01 00:00:00-05:00,34.02000045776367,34.02000045776367,34.02000045776367,34.02000045776367,500,0.0,0.0,0.0
2021-12-02 00:00:00-05:00,34.27000045776367,34.27000045776367,34.27000045776367,34.27000045776367,100,0.0,0.0,0.0
2021-12-03 00:00:00-05:00,34.27000045776367,34.27000045776367,34.27000045776367,34.27000045776367,0,0.0,0.0,0.0
2021-12-06 00:00:00-05:00,34.70000076293945,34.70000076293945,34.56999969482422,34.65700149536133,1700,0.0,0.0,0.0
2021-12-07 00:00:00-05:00,35.52000045776367,35.52000045776367,35.334999084472656,35.334999084472656,200,0.0,0.0,0.0
2021-12-08 00:00:00-05:00,35.380001068115234,35.380001068115234,35.345001220703125,35.345001220703125,1000,0.0,0.0,0.0
2021-12-09 00:00:00-05:00,35.345001220703125,35.345001220703125,35.345001220703125,35.345001220703125,100,0.0,0.0,0.0
2021-12-10 00:00:00-05:00,35.22999954223633,35.22999954223633,35.172000885009766,35.172000885009766,200,0.0,0.0,0.0
2021-12-13 00:00:00-05:00,35.7400016784668,35.7400016784668,34.65999984741211,34.78499984741211,800,0.0,0.0,0.0
2021-12-14 00:00:00-05:00,34.78499984741211,34.78499984741211,34.78499984741211,34.78499984741211,0,0.0,0.0,0.0
2021-12-15 00:00:00-05:00,34.59000015258789,34.99399948120117,34.59000015258789,34.99399948120117,400,0.0,0.0,0.0
2021-12-16 00:00:00-05:00,35.290000915527344,35.290000915527344,35.290000915527344,35.290000915527344,300,0.0,0.0,0.0
2021-12-17 00:00:00-05:00,35.290000915527344,35.290000915527344,35.290000915527344,35.290000915527344,0,0.0,0.0,0.0
2021-12-20 00:00:00-05:00,34.41999816894531,34.41999816894531,34.01499938964844,34.29600143432617,1200,0.0,0.0,0.0
2021-12-21 00:00:00-05:00,34.29600143432617,34.29600143432617,34.29600143432617,34.29600143432617,0,0.0,0.0,0.0
2021-12-22 00:00:00-05:00,34.29600143432617,34.29600143432617,34.29600143432617,34.29600143432617,0,0.0,0.0,0.0
2021-12-23 00:00:00-05:00,34.29600143432617,34.29600143432617,34.29600143432617,34.29600143432617,0,0.0,0.0,0.0
2021-12-27 00:00:00-05:00,35.52000045776367,35.52000045776367,35.52000045776367,35.52000045776367,300,0.0,0.0,0.0
2021-12-28 00:00:00-05:00,35.599998474121094,35.599998474121094,35.38199996948242,35.38199996948242,400,0.0,0.0,0.0
2021-12-29 00:00:00-05:00,35.38199996948242,35.38199996948242,35.38199996948242,35.38199996948242,0,0.0,0.0,0.0
2021-12-30 00:00:00-05:00,35.529998779296875,35.584999084472656,35.4370002746582,35.4370002746582,1300,0.0,0.0,0.0
2021-12-31 00:00:00-05:00,35.4370002746582,35.4370002746582,35.4370002746582,35.4370002746582,0,0.0,0.0,0.0
2022-01-03 00:00:00-05:00,35.79999923706055,35.83000183105469,35.5,35.625999450683594,700,0.0,0.0,0.0
2022-01-04 00:00:00-05:00,36.09000015258789,36.13999938964844,36.060001373291016,36.13999938964844,1300,0.0,0.0,0.0
2022-01-05 00:00:00-05:00,36.52000045776367,36.52000045776367,36.0,36.0,700,0.0,0.0,0.0
2022-01-06 00:00:00-05:00,36.0,36.0,36.0,36.0,0,0.0,0.0,0.0
2022-01-07 00:00:00-05:00,36.0,36.0,36.0,36.0,300,0.0,0.0,0.0
2022-01-10 00:00:00-05:00,35.52000045776367,35.720001220703125,35.52000045776367,35.720001220703125,800,0.0,0.0,0.0
2022-01-11 00:00:00-05:00,35.720001220703125,35.720001220703125,35.720001220703125,35.720001220703125,0,0.0,0.0,0.0
2022-01-12 00:00:00-05:00,36.38999938964844,36.38999938964844,36.279998779296875,36.279998779296875,800,0.0,0.0,0.0
2022-01-13 00:00:00-05:00,36.470001220703125,36.5099983215332,36.25699996948242,36.25699996948242,1000,0.0,0.0,0.0
2022-01-14 00:00:00-05:00,36.25699996948242,36.25699996948242,36.25699996948242,36.25699996948242,0,0.0,0.0,0.0
2022-01-18 00:00:00-05:00,36.2599983215332,36.2599983215332,35.880001068115234,36.0,1100,0.0,0.0,0.0
2022-01-19 00:00:00-05:00,36.0,36.0,36.0,36.0,0,0.0,0.0,0.0
2022-01-20 00:00:00-05:00,35.40999984741211,35.41999816894531,34.88800048828125,34.88800048828125,2700,0.0,0.0,0.0
2022-01-21 00:00:00-05:00,34.43000030517578,34.599998474121094,34.43000030517578,34.599998474121094,400,0.0,0.0,0.0
2022-01-24 00:00:00-05:00,33.400001525878906,34.349998474121094,33.400001525878906,34.349998474121094,1300,0.0,0.0,0.0
2022-01-25 00:00:00-05:00,34.17499923706055,34.17499923706055,34.17499923706055,34.17499923706055,500,0.0,0.0,0.0
2022-01-26 00:00:00-05:00,34.849998474121094,35.0099983215332,33.91999816894531,34.23899841308594,1000,0.0,0.0,0.0
2022-01-27 00:00:00-05:00,34.23899841308594,34.23899841308594,34.23899841308594,34.23899841308594,0,0.0,0.0,0.0
2022-01-28 00:00:00-05:00,33.95000076293945,34.4010009765625,33.95000076293945,34.4010009765625,700,0.0,0.0,0.0
2022-01-31 00:00:00-05:00,34.400001525878906,34.84299850463867,34.400001525878906,34.84299850463867,200,0.0,0.0,0.0
2022-02-01 00:00:00-05:00,34.97999954223633,35.41999816894531,34.97999954223633,35.27899932861328,3000,0.0,0.0,0.0
2022-02-02 00:00:00-05:00,35.2599983215332,35.527000427246094,35.2599983215332,35.527000427246094,1000,0.0,0.0,0.0
2022-02-03 00:00:00-05:00,35.263999938964844,35.29999923706055,35.220001220703125,35.220001220703125,1700,0.0,0.0,0.0
2022-02-04 00:00:00-05:00,35.220001220703125,35.220001220703125,35.220001220703125,35.220001220703125,0,0.0,0.0,0.0
2022-02-07 00:00:00-05:00,35.220001220703125,35.220001220703125,35.220001220703125,35.220001220703125,0,0.0,0.0,0.0
2022-02-08 00:00:00-05:00,35.220001220703125,35.220001220703125,35.220001220703125,35.220001220703125,0,0.0,0.0,0.0
2022-02-09 00:00:00-05:00,36.0,36.0,36.0,36.0,300,0.0,0.0,0.0
2022-02-10 00:00:00-05:00,36.31999969482422,36.31999969482422,36.31999969482422,36.31999969482422,400,0.0,0.0,0.0
2022-02-11 00:00:00-05:00,35.375999450683594,35.375999450683594,35.375999450683594,35.375999450683594,1100,0.0,0.0,0.0
2022-02-14 00:00:00-05:00,35.375999450683594,35.375999450683594,35.375999450683594,35.375999450683594,0,0.0,0.0,0.0
2022-02-15 00:00:00-05:00,35.375999450683594,35.375999450683594,35.375999450683594,35.375999450683594,0,0.0,0.0,0.0
2022-02-16 00:00:00-05:00,35.375999450683594,35.375999450683594,35.375999450683594,35.375999450683594,0,0.0,0.0,0.0
2022-02-17 00:00:00-05:00,35.459999084472656,35.459999084472656,35.194000244140625,35.194000244140625,100,0.0,0.0,0.0
2022-02-18 00:00:00-05:00,35.22999954223633,35.22999954223633,35.22999954223633,35.22999954223633,200,0.0,0.0,0.0
2022-02-22 00:00:00-05:00,35.22999954223633,35.22999954223633,35.22999954223633,35.22999954223633,0,0.0,0.0,0.0
2022-02-23 00:00:00-05:00,34.40999984741211,34.40999984741211,34.167999267578125,34.167999267578125,300,0.0,0.0,0.0
2022-02-24 00:00:00-05:00,33.369998931884766,33.619998931884766,33.369998931884766,33.619998931884766,300,0.0,0.0,0.0
2022-02-25 00:00:00-05:00,34.7599983215332,34.86000061035156,34.65999984741211,34.65999984741211,1800,0.0,0.0,0.0
2022-02-28 00:00:00-05:00,34.65999984741211,34.65999984741211,34.65999984741211,34.65999984741211,0,0.0,0.0,0.0
2022-03-01 00:00:00-05:00,34.83000183105469,34.83000183105469,34.448001861572266,34.448001861572266,800,0.0,0.0,0.0
2022-03-02 00:00:00-05:00,35.0099983215332,35.34000015258789,35.00899887084961,35.34000015258789,10400,0.0,0.0,0.0
2022-03-03 00:00:00-05:00,35.25,35.25,34.98500061035156,34.99599838256836,4400,0.0,0.0,0.0
2022-03-04 00:00:00-05:00,34.81999969482422,34.81999969482422,34.52000045776367,34.52000045776367,700,0.0,0.0,0.0
2022-03-07 00:00:00-05:00,34.53499984741211,34.53499984741211,33.80500030517578,33.869998931884766,400,0.0,0.0,0.0
2022-03-08 00:00:00-05:00,34.290000915527344,34.290000915527344,33.7400016784668,33.7400016784668,600,0.0,0.0,0.0
2022-03-09 00:00:00-05:00,34.257999420166016,34.619998931884766,34.257999420166016,34.46200180053711,2700,0.0,0.0,0.0
2022-03-10 00:00:00-05:00,34.04999923706055,34.04999923706055,34.0099983215332,34.0099983215332,300,0.0,0.0,0.0
2022-03-11 00:00:00-05:00,34.0099983215332,34.0099983215332,34.0099983215332,34.0099983215332,0,0.0,0.0,0.0
2022-03-14 00:00:00-04:00,33.95000076293945,33.95000076293945,33.915000915527344,33.915000915527344,100,0.0,0.0,0.0
2022-03-15 00:00:00-04:00,33.915000915527344,33.915000915527344,33.915000915527344,33.915000915527344,0,0.0,0.0,0.0
2022-03-16 00:00:00-04:00,34.814998626708984,35.0,34.814998626708984,35.0,600,0.0,0.0,0.0
2022-03-17 00:00:00-04:00,34.7599983215332,34.7599983215332,34.7599983215332,34.7599983215332,200,0.0,0.0,0.0
2022-03-18 00:00:00-04:00,35.63999938964844,35.73500061035156,35.63999938964844,35.73500061035156,300,0.0,0.0,0.0
2022-03-21 00:00:00-04:00,35.73500061035156,35.73500061035156,35.73500061035156,35.73500061035156,0,0.0,0.0,0.0
2022-03-22 00:00:00-04:00,35.849998474121094,35.90999984741211,35.79999923706055,35.90999984741211,99300,0.0,0.0,0.0
2022-03-23 00:00:00-04:00,35.90999984741211,35.90999984741211,35.90999984741211,35.90999984741211,0,0.0,0.0,0.0
2022-03-24 00:00:00-04:00,35.87699890136719,35.89500045776367,35.810001373291016,35.89500045776367,42400,0.0,0.0,0.0
2022-03-25 00:00:00-04:00,35.89500045776367,35.89500045776367,35.89500045776367,35.89500045776367,100,0.0,0.0,0.0
2022-03-28 00:00:00-04:00,35.89500045776367,35.89500045776367,35.89500045776367,35.89500045776367,0,0.0,0.0,0.0
2022-03-29 00:00:00-04:00,35.89500045776367,35.89500045776367,35.89500045776367,35.89500045776367,100,0.0,0.0,0.0
2022-03-30 00:00:00-04:00,36.18000030517578,36.18000030517578,35.79999923706055,35.79999923706055,300,0.0,0.0,0.0
2022-03-31 00:00:00-04:00,35.599998474121094,35.599998474121094,35.28300094604492,35.28300094604492,300,0.0,0.0,0.0
2022-04-01 00:00:00-04:00,35.39500045776367,35.459999084472656,35.39500045776367,35.459999084472656,1000,0.0,0.0,0.0
2022-04-04 00:00:00-04:00,36.310001373291016,36.310001373291016,35.51499938964844,35.54999923706055,1000,0.0,0.0,0.0
2022-04-05 00:00:00-04:00,35.39099884033203,35.39099884033203,34.9119987487793,34.9119987487793,700,0.0,0.0,0.0
2022-04-06 00:00:00-04:00,34.9119987487793,34.9119987487793,34.9119987487793,34.9119987487793,0,0.0,0.0,0.0
2022-04-07 00:00:00-04:00,34.459999084472656,34.97800064086914,34.38999938964844,34.814998626708984,1100,0.0,0.0,0.0
2022-04-08 00:00:00-04:00,35.23500061035156,35.23500061035156,35.01900100708008,35.01900100708008,600,0.0,0.0,0.0
2022-04-11 00:00:00-04:00,34.849998474121094,34.849998474121094,34.685001373291016,34.685001373291016,200,0.0,0.0,0.0
2022-04-12 00:00:00-04:00,34.685001373291016,34.685001373291016,34.685001373291016,34.685001373291016,0,0.0,0.0,0.0
2022-04-13 00:00:00-04:00,35.119998931884766,35.404998779296875,35.119998931884766,35.3849983215332,700,0.0,0.0,0.0
2022-04-14 00:00:00-04:00,35.3849983215332,35.3849983215332,35.3849983215332,35.3849983215332,0,0.0,0.0,0.0
2022-04-18 00:00:00-04:00,35.18000030517578,35.27799987792969,35.12699890136719,35.12699890136719,300,0.0,0.0,0.0
2022-04-19 00:00:00-04:00,35.12699890136719,35.12699890136719,35.12699890136719,35.12699890136719,0,0.0,0.0,0.0
2022-04-20 00:00:00-04:00,35.81999969482422,35.81999969482422,35.724998474121094,35.724998474121094,100,0.0,0.0,0.0
2022-04-21 00:00:00-04:00,35.04499816894531,35.04499816894531,35.04499816894531,35.04499816894531,100,0.0,0.0,0.0
2022-04-22 00:00:00-04:00,34.40999984741211,34.40999984741211,34.27000045776367,34.27000045776367,200,0.0,0.0,0.0
2022-04-25 00:00:00-04:00,33.5,34.310001373291016,33.5,34.310001373291016,1600,0.0,0.0,0.0
2022-04-26 00:00:00-04:00,33.310001373291016,33.310001373291016,33.310001373291016,33.310001373291016,100,0.0,0.0,0.0
2022-04-27 00:00:00-04:00,33.474998474121094,33.474998474121094,33.474998474121094,33.474998474121094,0,0.0,0.0,0.0
2022-04-28 00:00:00-04:00,33.97999954223633,34.27000045776367,33.97999954223633,34.27000045776367,200,0.0,0.0,0.0
2022-04-29 00:00:00-04:00,34.0099983215332,34.0099983215332,33.31999969482422,33.31999969482422,300,0.0,0.0,0.0
2022-05-02 00:00:00-04:00,33.4370002746582,33.88999938964844,33.209999084472656,33.88999938964844,300,0.0,0.0,0.0
2022-05-03 00:00:00-04:00,34.369998931884766,34.369998931884766,34.29999923706055,34.29999923706055,700,0.0,0.0,0.0
2022-05-04 00:00:00-04:00,34.09600067138672,35.117000579833984,34.09600067138672,35.117000579833984,200,0.0,0.0,0.0
2022-05-05 00:00:00-04:00,33.90800094604492,33.987998962402344,33.86000061035156,33.987998962402344,400,0.0,0.0,0.0
2022-05-06 00:00:00-04:00,33.847999572753906,33.847999572753906,33.847999572753906,33.847999572753906,200,0.0,0.0,0.0
2022-05-09 00:00:00-04:00,33.45000076293945,33.45000076293945,32.849998474121094,32.869998931884766,800,0.0,0.0,0.0
2022-05-10 00:00:00-04:00,32.869998931884766,32.869998931884766,32.763999938964844,32.763999938964844,1300,0.0,0.0,0.0
2022-05-11 00:00:00-04:00,33.08000183105469,33.08000183105469,32.52000045776367,32.52000045776367,1700,0.0,0.0,0.0
2022-05-12 00:00:00-04:00,32.08000183105469,32.4900016784668,32.08000183105469,32.4900016784668,1100,0.0,0.0,0.0
2022-05-13 00:00:00-04:00,33.31999969482422,33.31999969482422,33.31999969482422,33.31999969482422,100,0.0,0.0,0.0
2022-05-16 00:00:00-04:00,33.77000045776367,33.77000045776367,33.45100021362305,33.599998474121094,1000,0.0,0.0,0.0
2022-05-17 00:00:00-04:00,34.36000061035156,34.439998626708984,34.250999450683594,34.439998626708984,1100,0.0,0.0,0.0
2022-05-18 00:00:00-04:00,36.099998474121094,36.209999084472656,33.060001373291016,33.066001892089844,6800,0.0,0.0,0.0
2022-05-19 00:00:00-04:00,33.178001403808594,33.178001403808594,33.178001403808594,33.178001403808594,100,0.0,0.0,0.0
2022-05-20 00:00:00-04:00,33.09199905395508,33.09199905395508,33.09199905395508,33.09199905395508,100,0.0,0.0,0.0
2022-05-23 00:00:00-04:00,33.659000396728516,33.659000396728516,33.595001220703125,33.595001220703125,200,0.0,0.0,0.0
2022-05-24 00:00:00-04:00,33.275001525878906,33.275001525878906,33.275001525878906,33.275001525878906,100,0.0,0.0,0.0
2022-05-25 00:00:00-04:00,33.65700149536133,33.90999984741211,33.65700149536133,33.90999984741211,100,0.0,0.0,0.0
2022-05-26 00:00:00-04:00,34.566001892089844,34.566001892089844,34.566001892089844,34.566001892089844,100,0.0,0.0,0.0
2022-05-27 00:00:00-04:00,35.13399887084961,35.13399887084961,35.13399887084961,35.13399887084961,100,0.0,0.0,0.0
2022-05-31 00:00:00-04:00,34.66999816894531,34.66999816894531,34.66999816894531,34.66999816894531,100,0.0,0.0,0.0
2022-06-01 00:00:00-04:00,34.650001525878906,34.650001525878906,34.650001525878906,34.650001525878906,100,0.0,0.0,0.0
2022-06-02 00:00:00-04:00,35.04999923706055,35.150001525878906,35.04999923706055,35.099998474121094,1100,0.0,0.0,0.0
2022-06-03 00:00:00-04:00,34.75,34.93000030517578,34.70000076293945,34.88999938964844,11400,0.0,0.0,0.0
2022-06-06 00:00:00-04:00,35.06399917602539,35.06399917602539,34.900001525878906,34.900001525878906,700,0.0,0.0,0.0
2022-06-07 00:00:00-04:00,35.2599983215332,35.470001220703125,35.2599983215332,35.470001220703125,900,0.0,0.0,0.0
2022-06-08 00:00:00-04:00,35.01900100708008,35.01900100708008,34.84000015258789,34.84000015258789,600,0.0,0.0,0.0
2022-06-09 00:00:00-04:00,34.749000549316406,34.749000549316406,34.185001373291016,34.185001373291016,4300,0.0,0.0,0.0
2022-06-10 00:00:00-04:00,33.689998626708984,33.689998626708984,33.22800064086914,33.323001861572266,1500,0.0,0.0,0.0
2022-06-13 00:00:00-04:00,33.25,33.25,31.68000030517578,31.829999923706055,5900,0.0,0.0,0.0
2022-06-14 00:00:00-04:00,32.0,32.0,31.770000457763672,31.797000885009766,900,0.0,0.0,0.0
2022-06-15 00:00:00-04:00,32.095001220703125,32.095001220703125,32.095001220703125,32.095001220703125,100,0.0,0.0,0.0
2022-06-16 00:00:00-04:00,31.09600067138672,31.09600067138672,30.766000747680664,30.766000747680664,1300,0.0,0.0,0.0
2022-06-17 00:00:00-04:00,30.75,30.75,30.579999923706055,30.655000686645508,3800,0.0,0.0,0.0
2022-06-21 00:00:00-04:00,31.530000686645508,31.530000686645508,31.21500015258789,31.23699951171875,2800,0.0,0.0,0.0
2022-06-22 00:00:00-04:00,30.989999771118164,30.989999771118164,30.78700065612793,30.78700065612793,800,0.0,0.0,0.0
2022-06-23 00:00:00-04:00,30.68000030517578,30.69099998474121,30.415000915527344,30.69099998474121,800,0.0,0.0,0.0
2022-06-24 00:00:00-04:00,31.350000381469727,31.350000381469727,31.350000381469727,31.350000381469727,100,0.0,0.0,0.0
2022-06-27 00:00:00-04:00,31.39900016784668,31.670000076293945,31.39900016784668,31.496000289916992,500,0.0,0.0,0.0
2022-06-28 00:00:00-04:00,31.31999969482422,31.31999969482422,31.15999984741211,31.15999984741211,400,0.0,0.0,0.0
2022-06-29 00:00:00-04:00,30.860000610351562,30.860000610351562,30.799999237060547,30.80299949645996,1000,0.0,0.0,0.0
2022-06-30 00:00:00-04:00,30.229999542236328,30.729999542236328,30.229999542236328,30.405000686645508,16200,0.0,0.0,0.0
2022-07-01 00:00:00-04:00,30.639999389648438,30.639999389648438,30.163000106811523,30.496000289916992,26000,0.0,0.0,0.0
2022-07-05 00:00:00-04:00,30.84000015258789,30.84000015258789,29.84000015258789,30.201000213623047,900,0.0,0.0,0.0
2022-07-06 00:00:00-04:00,29.860000610351562,30.01099967956543,29.860000610351562,30.01099967956543,100,0.0,0.0,0.0
2022-07-07 00:00:00-04:00,30.040000915527344,31.040000915527344,30.040000915527344,31.040000915527344,3500,0.0,0.0,0.0
2022-07-08 00:00:00-04:00,31.1200008392334,31.1200008392334,30.959999084472656,30.974000930786133,6900,0.0,0.0,0.0
2022-07-11 00:00:00-04:00,30.81999969482422,30.81999969482422,30.485000610351562,30.493999481201172,6600,0.0,0.0,0.0
2022-07-12 00:00:00-04:00,30.614999771118164,30.700000762939453,30.424999237060547,30.424999237060547,1000,0.0,0.0,0.0
2022-07-13 00:00:00-04:00,30.280000686645508,30.6299991607666,30.280000686645508,30.426000595092773,28600,0.0,0.0,0.0
2022-07-14 00:00:00-04:00,30.079999923706055,30.1299991607666,29.533000946044922,30.1299991607666,1400,0.0,0.0,0.0
2022-07-15 00:00:00-04:00,30.780000686645508,30.780000686645508,30.280000686645508,30.511999130249023,700,0.0,0.0,0.0
2022-07-18 00:00:00-04:00,31.059999465942383,31.25,30.736000061035156,30.736000061035156,900,0.0,0.0,0.0
2022-07-19 00:00:00-04:00,31.479999542236328,31.84000015258789,31.479999542236328,31.746000289916992,4900,0.0,0.0,0.0
2022-07-20 00:00:00-04:00,31.979999542236328,32.06999969482422,31.469999313354492,32.06999969482422,2900,0.0,0.0,0.0
2022-07-21 00:00:00-04:00,32.09000015258789,32.09000015258789,31.450000762939453,31.959999084472656,1000,0.0,0.0,0.0
2022-07-22 00:00:00-04:00,32.040000915527344,32.040000915527344,31.57200050354004,31.57200050354004,100,0.0,0.0,0.0
2022-07-25 00:00:00-04:00,31.850000381469727,31.920000076293945,31.65399932861328,31.801000595092773,700,0.0,0.0,0.0
2022-07-26 00:00:00-04:00,31.49799919128418,31.49799919128418,31.426000595092773,31.426000595092773,1400,0.0,0.0,0.0
2022-07-27 00:00:00-04:00,31.6200008392334,32.1510009765625,31.6200008392334,32.1510009765625,2600,0.0,0.0,0.0
2022-07-28 00:00:00-04:00,32.18600082397461,32.4900016784668,32.18600082397461,32.39500045776367,1000,0.0,0.0,0.0
2022-07-29 00:00:00-04:00,32.32500076293945,32.805999755859375,32.32500076293945,32.805999755859375,400,0.0,0.0,0.0
2022-08-01 00:00:00-04:00,32.95000076293945,32.95000076293945,32.810001373291016,32.810001373291016,100,0.0,0.0,0.0
2022-08-02 00:00:00-04:00,32.5,32.512001037597656,32.5,32.512001037597656,1000,0.0,0.0,0.0
2022-08-03 00:00:00-04:00,32.65999984741211,32.821998596191406,32.560001373291016,32.821998596191406,1600,0.0,0.0,0.0
2022-08-04 00:00:00-04:00,32.93199920654297,32.93199920654297,32.775001525878906,32.775001525878906,600,0.0,0.0,0.0
2022-08-05 00:00:00-04:00,32.8650016784668,32.8650016784668,32.8650016784668,32.8650016784668,100,0.0,0.0,0.0
2022-08-08 00:00:00-04:00,33.345001220703125,33.345001220703125,33.07400131225586,33.07400131225586,1900,0.0,0.0,0.0
2022-08-09 00:00:00-04:00,32.81999969482422,32.81999969482422,32.60499954223633,32.60499954223633,300,0.0,0.0,0.0
2022-08-10 00:00:00-04:00,33.400001525878906,33.400001525878906,33.400001525878906,33.400001525878906,100,0.0,0.0,0.0
2022-08-11 00:00:00-04:00,33.650001525878906,33.650001525878906,33.54499816894531,33.54499816894531,300,0.0,0.0,0.0
2022-08-12 00:00:00-04:00,33.79999923706055,33.97999954223633,33.79999923706055,33.90599822998047,2200,0.0,0.0,0.0
2022-08-15 00:00:00-04:00,33.849998474121094,33.849998474121094,33.638999938964844,33.68000030517578,700,0.0,0.0,0.0
2022-08-16 00:00:00-04:00,35.4900016784668,35.4900016784668,34.0099983215332,34.0099983215332,4000,0.0,0.0,0.0
2022-08-17 00:00:00-04:00,33.5880012512207,33.790000915527344,33.349998474121094,33.47999954223633,3400,0.0,0.0,0.0
2022-08-18 00:00:00-04:00,33.619998931884766,33.6349983215332,33.619998931884766,33.6349983215332,100,0.0,0.0,0.0
2022-08-19 00:00:00-04:00,33.17100143432617,33.17100143432617,33.17100143432617,33.17100143432617,100,0.0,0.0,0.0
2022-08-22 00:00:00-04:00,32.624000549316406,32.624000549316406,32.58000183105469,32.58000183105469,300,0.0,0.0,0.0
2022-08-23 00:00:00-04:00,32.755001068115234,32.755001068115234,32.755001068115234,32.755001068115234,100,0.0,0.0,0.0
2022-08-24 00:00:00-04:00,32.722999572753906,32.722999572753906,32.722999572753906,32.722999572753906,200,0.0,0.0,0.0
2022-08-25 00:00:00-04:00,33.25,33.25,33.25,33.25,100,0.0,0.0,0.0
2022-08-26 00:00:00-04:00,32.70000076293945,32.709999084472656,32.34299850463867,32.34299850463867,1500,0.0,0.0,0.0
2022-08-29 00:00:00-04:00,32.29999923706055,32.29999923706055,32.22700119018555,32.22700119018555,311500,0.0,0.0,0.0
2022-08-30 00:00:00-04:00,32.09000015258789,32.09000015258789,31.684999465942383,31.729999542236328,6300,0.0,0.0,0.0
2022-08-31 00:00:00-04:00,31.68000030517578,31.68000030517578,31.441999435424805,31.441999435424805,1900,0.0,0.0,0.0
2022-09-01 00:00:00-04:00,31.0,31.089000701904297,31.0,31.089000701904297,200,0.0,0.0,0.0
2022-09-02 00:00:00-04:00,31.5049991607666,31.5049991607666,30.952999114990234,30.952999114990234,15400,0.0,0.0,0.0
2022-09-06 00:00:00-04:00,30.677000045776367,30.677000045776367,30.677000045776367,30.677000045776367,100,0.0,0.0,0.0
2022-09-07 00:00:00-04:00,30.68000030517578,31.104999542236328,30.68000030517578,31.104999542236328,1800,0.0,0.0,0.0
2022-09-08 00:00:00-04:00,31.239999771118164,31.239999771118164,31.152000427246094,31.152000427246094,200,0.0,0.0,0.0
2022-09-09 00:00:00-04:00,31.81999969482422,31.884000778198242,31.729999542236328,31.884000778198242,900,0.0,0.0,0.0
2022-09-12 00:00:00-04:00,32.310001373291016,32.439998626708984,32.209999084472656,32.209999084472656,300,0.0,0.0,0.0
2022-09-13 00:00:00-04:00,31.670000076293945,31.670000076293945,30.989999771118164,31.0,800,0.0,0.0,0.0
2022-09-14 00:00:00-04:00,31.0,31.0,30.9689998626709,30.9689998626709,400,0.0,0.0,0.0
2022-09-15 00:00:00-04:00,30.81999969482422,30.81999969482422,30.684999465942383,30.684999465942383,1100,0.0,0.0,0.0
2022-09-16 00:00:00-04:00,30.364999771118164,30.454999923706055,30.09000015258789,30.454999923706055,1000,0.0,0.0,0.0
2022-09-19 00:00:00-04:00,30.454999923706055,30.576000213623047,30.415000915527344,30.576000213623047,1600,0.0,0.0,0.0
2022-09-20 00:00:00-04:00,30.299999237060547,30.299999237060547,29.969999313354492,30.270000457763672,7600,0.0,0.0,0.0
2022-09-21 00:00:00-04:00,30.250999450683594,30.440000534057617,29.784000396728516,29.784000396728516,4700,0.0,0.0,0.0
2022-09-22 00:00:00-04:00,29.565000534057617,29.565000534057617,29.489999771118164,29.542999267578125,75100,0.0,0.0,0.0
2022-09-23 00:00:00-04:00,29.0,29.0,27.889999389648438,28.267000198364258,4100,0.0,0.0,0.0
2022-09-26 00:00:00-04:00,28.450000762939453,28.450000762939453,27.965999603271484,27.965999603271484,2600,0.0,0.0,0.0
2022-09-27 00:00:00-04:00,28.479999542236328,28.479999542236328,28.06999969482422,28.229999542236328,500,0.0,0.0,0.0
2022-09-28 00:00:00-04:00,28.3799991607666,28.895999908447266,28.3799991607666,28.895999908447266,13400,0.0,0.0,0.0
2022-09-29 00:00:00-04:00,28.309999465942383,28.43199920654297,28.219999313354492,28.35300064086914,20300,0.0,0.0,0.0
2022-09-30 00:00:00-04:00,28.55699920654297,28.610000610351562,28.260000228881836,28.260000228881836,1100,0.0,0.0,0.0
2022-10-03 00:00:00-04:00,28.7549991607666,29.174999237060547,28.7549991607666,28.93000030517578,3100,0.0,0.0,0.0
2022-10-04 00:00:00-04:00,29.964000701904297,30.125,29.920000076293945,30.125,7900,0.0,0.0,0.0
2022-10-05 00:00:00-04:00,30.15999984741211,30.15999984741211,30.02199935913086,30.02199935913086,400,0.0,0.0,0.0
2022-10-06 00:00:00-04:00,29.860000610351562,29.860000610351562,29.860000610351562,29.860000610351562,100,0.0,0.0,0.0
2022-10-07 00:00:00-04:00,29.395000457763672,29.5,29.28499984741211,29.28499984741211,700,0.0,0.0,0.0
2022-10-10 00:00:00-04:00,29.18000030517578,29.31999969482422,29.18000030517578,29.31999969482422,3100,0.0,0.0,0.0
2022-10-11 00:00:00-04:00,29.01099967956543,29.01099967956543,29.01099967956543,29.01099967956543,100,0.0,0.0,0.0
2022-10-12 00:00:00-04:00,28.850000381469727,28.969999313354492,28.690000534057617,28.790000915527344,11700,0.0,0.0,0.0
2022-10-13 00:00:00-04:00,29.0,29.764999389648438,29.0,29.764999389648438,2500,0.0,0.0,0.0
2022-10-14 00:00:00-04:00,29.40999984741211,29.40999984741211,29.006000518798828,29.006000518798828,900,0.0,0.0,0.0
2022-10-17 00:00:00-04:00,29.63599967956543,29.799999237060547,29.625,29.739999771118164,3400,0.0,0.0,0.0
2022-10-18 00:00:00-04:00,29.739999771118164,29.739999771118164,29.739999771118164,29.739999771118164,200,0.0,0.0,0.0
2022-10-19 00:00:00-04:00,29.7549991607666,29.7549991607666,29.290000915527344,29.520000457763672,300,0.0,0.0,0.0
2022-10-20 00:00:00-04:00,29.361000061035156,29.479000091552734,29.333999633789062,29.479000091552734,1300,0.0,0.0,0.0
2022-10-21 00:00:00-04:00,30.219999313354492,30.219999313354492,30.219999313354492,30.219999313354492,100,0.0,0.0,0.0
2022-10-24 00:00:00-04:00,30.389999389648438,30.40999984741211,30.25,30.40999984741211,500,0.0,0.0,0.0
2022-10-25 00:00:00-04:00,30.690000534057617,31.040000915527344,30.690000534057617,30.93199920654297,59400,0.0,0.0,0.0
2022-10-26 00:00:00-04:00,31.56999969482422,31.56999969482422,31.239999771118164,31.280000686645508,1800,0.0,0.0,0.0
2022-10-27 00:00:00-04:00,31.149999618530273,31.260000228881836,30.916000366210938,30.916000366210938,4100,0.0,0.0,0.0
2022-10-28 00:00:00-04:00,30.969999313354492,31.459999084472656,30.969999313354492,31.351999282836914,1000,0.0,0.0,0.0
2022-10-31 00:00:00-04:00,31.079999923706055,31.100000381469727,31.079999923706055,31.100000381469727,400,0.0,0.0,0.0
2022-11-01 00:00:00-04:00,31.450000762939453,31.739999771118164,31.450000762939453,31.613000869750977,5700,0.0,0.0,0.0
2022-11-02 00:00:00-04:00,31.299999237060547,31.299999237060547,30.76300048828125,30.76300048828125,300,0.0,0.0,0.0
2022-11-03 00:00:00-04:00,30.690000534057617,30.690000534057617,30.2450008392334,30.593000411987305,700,0.0,0.0,0.0
2022-11-04 00:00:00-04:00,31.149999618530273,31.399999618530273,31.149999618530273,31.399999618530273,800,0.0,0.0,0.0
2022-11-07 00:00:00-05:00,31.610000610351562,31.910999298095703,31.610000610351562,31.910999298095703,2700,0.0,0.0,0.0
2022-11-08 00:00:00-05:00,31.915000915527344,32.369998931884766,31.829999923706055,32.0989990234375,6300,0.0,0.0,0.0
2022-11-09 00:00:00-05:00,31.325000762939453,31.325000762939453,31.325000762939453,31.325000762939453,100,0.0,0.0,0.0
2022-11-10 00:00:00-05:00,32.30500030517578,32.87699890136719,32.30500030517578,32.87699890136719,800,0.0,0.0,0.0
2022-11-11 00:00:00-05:00,33.310001373291016,33.49100112915039,33.310001373291016,33.44900131225586,1800,0.0,0.0,0.0
2022-11-14 00:00:00-05:00,33.68000030517578,33.790000915527344,33.31800079345703,33.31800079345703,15100,0.0,0.0,0.0
2022-11-15 00:00:00-05:00,33.77000045776367,33.95000076293945,33.584999084472656,33.638999938964844,5100,0.0,0.0,0.0
2022-11-16 00:00:00-05:00,33.33000183105469,33.33000183105469,33.20100021362305,33.20100021362305,48500,0.0,0.0,0.0
2022-11-17 00:00:00-05:00,32.939998626708984,33.130001068115234,32.4900016784668,33.11899948120117,9500,0.0,0.0,0.0
2022-11-18 00:00:00-05:00,33.20899963378906,33.23099899291992,33.20100021362305,33.22100067138672,2600,0.0,0.0,0.0
2022-11-21 00:00:00-05:00,32.75,32.959999084472656,32.69300079345703,32.939998626708984,5600,0.0,0.0,0.0
2022-11-22 00:00:00-05:00,33.17599868774414,33.560001373291016,33.17599868774414,33.439998626708984,15500,0.0,0.0,0.0
2022-11-23 00:00:00-05:00,33.2599983215332,33.7400016784668,33.2599983215332,33.560001373291016,14200,0.0,0.0,0.0
2022-11-25 00:00:00-05:00,33.810001373291016,33.83000183105469,33.709999084472656,33.75,4000,0.0,0.0,0.0
2022-11-28 00:00:00-05:00,33.446998596191406,33.540000915527344,33.150001525878906,33.231998443603516,17500,0.0,0.0,0.0
2022-11-29 00:00:00-05:00,33.459999084472656,33.5989990234375,33.369998931884766,33.51499938964844,28900,0.0,0.0,0.0
2022-11-30 00:00:00-05:00,33.439998626708984,34.029998779296875,33.26499938964844,34.0099983215332,11200,0.0,0.0,0.0
2022-12-01 00:00:00-05:00,34.29899978637695,34.29999923706055,33.9900016784668,34.0620002746582,8400,0.0,0.0,0.0
2022-12-02 00:00:00-05:00,33.66999816894531,34.130001068115234,31.510000228881836,34.084999084472656,12700,0.0,0.0,0.0
2022-12-05 00:00:00-05:00,34.38999938964844,34.38999938964844,33.39799880981445,33.54999923706055,59600,0.0,0.0,0.0
2022-12-06 00:00:00-05:00,33.310001373291016,33.310001373291016,33.0099983215332,33.04999923706055,2900,0.0,0.0,0.0
2022-12-07 00:00:00-05:00,33.220001220703125,33.38999938964844,33.14500045776367,33.20500183105469,34500,0.0,0.0,0.0
2022-12-08 00:00:00-05:00,33.27899932861328,33.41999816894531,33.189998626708984,33.25699996948242,7600,0.0,0.0,0.0
2022-12-09 00:00:00-05:00,33.38999938964844,33.40999984741211,32.9900016784668,32.9900016784668,2700,0.0,0.0,0.0
2022-12-12 00:00:00-05:00,33.0099983215332,33.2599983215332,33.0099983215332,33.207000732421875,2400,0.0,0.0,0.0
2022-12-13 00:00:00-05:00,34.33000183105469,34.33000183105469,33.5,33.5,22600,0.0,0.0,0.0
2022-12-14 00:00:00-05:00,34.02000045776367,34.02000045776367,33.41999816894531,33.61000061035156,13000,0.0,0.0,0.0
2022-12-15 00:00:00-05:00,33.04600143432617,33.04600143432617,32.599998474121094,32.72800064086914,6800,0.0,0.0,0.0
2022-12-16 00:00:00-05:00,32.22999954223633,32.41999816894531,32.22999954223633,32.279998779296875,1900,0.0,0.0,0.0
2022-12-19 00:00:00-05:00,32.290000915527344,32.290000915527344,32.130001068115234,32.165000915527344,1700,0.0,0.0,0.0
2022-12-20 00:00:00-05:00,32.349998474121094,32.529998779296875,32.290000915527344,32.43000030517578,23700,0.0,0.0,0.0
2022-12-21 00:00:00-05:00,32.68000030517578,32.959999084472656,32.68000030517578,32.90999984741211,4800,0.0,0.0,0.0
2022-12-22 00:00:00-05:00,32.470001220703125,32.529998779296875,32.13999938964844,32.479000091552734,47000,0.0,0.0,0.0
2022-12-23 00:00:00-05:00,32.65999984741211,32.65999984741211,32.369998931884766,32.56999969482422,3100,0.0,0.0,0.0
2022-12-27 00:00:00-05:00,32.60499954223633,32.68000030517578,32.529998779296875,32.62099838256836,11700,0.0,0.0,0.0
2022-12-28 00:00:00-05:00,32.78499984741211,32.78499984741211,31.850000381469727,31.850000381469727,8000,0.0,0.0,0.0
2022-12-29 00:00:00-05:00,32.400001525878906,32.47999954223633,32.314998626708984,32.33000183105469,6200,0.0,0.0,0.0
2022-12-30 00:00:00-05:00,32.25899887084961,32.34000015258789,32.13999938964844,32.13999938964844,7900,0.0,0.0,0.0
2023-01-03 00:00:00-05:00,32.54999923706055,32.54999923706055,31.90999984741211,32.06999969482422,9100,0.0,0.0,0.0
2023-01-04 00:00:00-05:00,33.09000015258789,33.09000015258789,32.07899856567383,32.33000183105469,14600,0.0,0.0,0.0
2023-01-05 00:00:00-05:00,32.16999816894531,32.28499984741211,32.08000183105469,32.08000183105469,11000,0.0,0.0,0.0
2023-01-06 00:00:00-05:00,32.70899963378906,33.08000183105469,32.70000076293945,33.01499938964844,17700,0.0,0.0,0.0
2023-01-09 00:00:00-05:00,33.3390007019043,33.43899917602539,33.08000183105469,33.08000183105469,3300,0.0,0.0,0.0
2023-01-10 00:00:00-05:00,33.060001373291016,33.29999923706055,32.900001525878906,33.25400161743164,3900,0.0,0.0,0.0
2023-01-11 00:00:00-05:00,33.43000030517578,33.5,33.31800079345703,33.5,4400,0.0,0.0,0.0
2023-01-12 00:00:00-05:00,33.369998931884766,34.0099983215332,33.369998931884766,33.91600036621094,10800,0.0,0.0,0.0
2023-01-13 00:00:00-05:00,33.87099838256836,33.9900016784668,33.858001708984375,33.98500061035156,1300,0.0,0.0,0.0
2023-01-17 00:00:00-05:00,34.09000015258789,34.18000030517578,33.90700149536133,33.90700149536133,6400,0.0,0.0,0.0
2023-01-18 00:00:00-05:00,34.310001373291016,34.310001373291016,33.650001525878906,33.650001525878906,800,0.0,0.0,0.0
2023-01-19 00:00:00-05:00,33.619998931884766,33.650001525878906,33.27000045776367,33.625,8600,0.0,0.0,0.0
2023-01-20 00:00:00-05:00,33.81999969482422,34.03200149536133,33.78900146484375,34.03200149536133,45600,0.0,0.0,0.0
2023-01-23 00:00:00-05:00,34.15700149536133,34.439998626708984,34.15700149536133,34.369998931884766,7200,0.0,0.0,0.0
2023-01-24 00:00:00-05:00,35.709999084472656,35.709999084472656,33.959999084472656,34.2400016784668,16200,0.0,0.0,0.0
2023-01-25 00:00:00-05:00,33.95000076293945,34.349998474121094,33.790000915527344,34.20000076293945,26300,0.0,0.0,0.0
2023-01-26 00:00:00-05:00,34.27899932861328,34.709999084472656,34.222999572753906,34.709999084472656,12200,0.0,0.0,0.0
2023-01-27 00:00:00-05:00,34.505001068115234,34.7400016784668,34.505001068115234,34.599998474121094,8300,0.0,0.0,0.0
2023-01-30 00:00:00-05:00,34.540000915527344,34.540000915527344,34.15999984741211,34.15999984741211,6700,0.0,0.0,0.0
2023-01-31 00:00:00-05:00,34.290000915527344,34.58000183105469,34.290000915527344,34.58000183105469,1300,0.0,0.0,0.0
2023-02-01 00:00:00-05:00,34.5,34.900001525878906,34.20000076293945,34.689998626708984,23600,0.0,0.0,0.0
2023-02-02 00:00:00-05:00,34.84199905395508,34.99800109863281,34.540000915527344,34.816001892089844,52700,0.0,0.0,0.0
2023-02-03 00:00:00-05:00,36.349998474121094,36.349998474121094,34.599998474121094,34.599998474121094,10700,0.0,0.0,0.0
2023-02-06 00:00:00-05:00,34.34000015258789,34.35900115966797,34.15999984741211,34.21500015258789,5300,0.0,0.0,0.0
2023-02-07 00:00:00-05:00,34.130001068115234,34.75,34.124000549316406,34.650001525878906,6400,0.0,0.0,0.0
2023-02-08 00:00:00-05:00,34.41999816894531,35.099998474121094,34.33000183105469,34.36000061035156,105500,0.0,0.0,0.0
2023-02-09 00:00:00-05:00,34.553001403808594,34.599998474121094,34.060001373291016,34.10900115966797,34100,0.0,0.0,0.0
2023-02-10 00:00:00-05:00,34.369998931884766,34.46500015258789,34.29600143432617,34.46500015258789,2100,0.0,0.0,0.0
2023-02-13 00:00:00-05:00,34.540000915527344,34.7400016784668,34.540000915527344,34.6870002746582,4400,0.0,0.0,0.0
2023-02-14 00:00:00-05:00,34.52000045776367,34.959999084472656,34.45600128173828,34.81999969482422,71600,0.0,0.0,0.0
2023-02-15 00:00:00-05:00,34.470001220703125,34.68000030517578,34.45000076293945,34.540000915527344,24000,0.0,0.0,0.0
2023-02-16 00:00:00-05:00,34.68000030517578,34.779998779296875,34.4379997253418,34.4379997253418,14600,0.0,0.0,0.0
2023-02-17 00:00:00-05:00,34.130001068115234,34.249000549316406,34.060001373291016,34.154998779296875,3800,0.0,0.0,0.0
2023-02-21 00:00:00-05:00,34.130001068115234,34.130001068115234,33.67499923706055,33.67499923706055,7900,0.0,0.0,0.0
2023-02-22 00:00:00-05:00,33.58000183105469,33.79999923706055,33.494998931884766,33.51599884033203,17400,0.0,0.0,0.0
2023-02-23 00:00:00-05:00,33.939998626708984,33.939998626708984,33.31100082397461,33.77000045776367,14000,0.0,0.0,0.0
2023-02-24 00:00:00-05:00,35.02000045776367,35.02000045776367,33.16999816894531,33.42599868774414,1100,0.0,0.0,0.0
2023-02-27 00:00:00-05:00,33.90999984741211,33.90999984741211,33.60499954223633,33.68000030517578,1000,0.0,0.0,0.0
2023-02-28 00:00:00-05:00,33.650001525878906,33.652000427246094,33.499000549316406,33.499000549316406,4000,0.0,0.0,0.0
2023-03-01 00:00:00-05:00,33.849998474121094,33.93000030517578,33.779998779296875,33.880001068115234,5400,0.0,0.0,0.0
2023-03-02 00:00:00-05:00,33.959999084472656,34.13999938964844,33.959999084472656,34.130001068115234,8600,0.0,0.0,0.0
2023-03-03 00:00:00-05:00,35.689998626708984,35.689998626708984,34.279998779296875,34.619998931884766,3800,0.0,0.0,0.0
2023-03-06 00:00:00-05:00,34.709999084472656,34.709999084472656,34.18000030517578,34.279998779296875,6900,0.0,0.0,0.0
2023-03-07 00:00:00-05:00,34.09700012207031,34.09700012207031,33.59000015258789,33.59000015258789,9400,0.0,0.0,0.0
2023-03-08 00:00:00-05:00,33.7239990234375,33.790000915527344,33.5,33.680999755859375,4400,0.0,0.0,0.0
2023-03-09 00:00:00-05:00,33.779998779296875,33.779998779296875,33.310001373291016,33.310001373291016,3600,0.0,0.0,0.0
2023-03-10 00:00:00-05:00,33.2400016784668,33.367000579833984,32.66999816894531,32.869998931884766,20000,0.0,0.0,0.0
2023-03-13 00:00:00-04:00,32.5099983215332,32.529998779296875,32.25,32.34400177001953,3600,0.0,0.0,0.0
2023-03-14 00:00:00-04:00,33.0,33.0,32.4900016784668,32.599998474121094,9600,0.0,0.0,0.0
2023-03-15 00:00:00-04:00,32.88999938964844,32.88999938964844,31.334999084472656,31.729999542236328,18600,0.0,0.0,0.0
2023-03-16 00:00:00-04:00,31.760000228881836,32.040000915527344,31.7450008392334,31.959999084472656,10600,0.0,0.0,0.0
2023-03-17 00:00:00-04:00,31.610000610351562,31.700000762939453,31.565000534057617,31.565000534057617,3600,0.0,0.0,0.0
2023-03-20 00:00:00-04:00,31.969999313354492,32.290000915527344,31.969999313354492,32.1150016784668,3200,0.0,0.0,0.0
2023-03-21 00:00:00-04:00,32.65999984741211,32.779998779296875,32.540000915527344,32.630001068115234,18500,0.0,0.0,0.0
2023-03-22 00:00:00-04:00,32.93000030517578,32.93000030517578,32.31999969482422,32.31999969482422,9200,0.0,0.0,0.0
2023-03-23 00:00:00-04:00,32.60499954223633,32.68000030517578,32.042999267578125,32.1510009765625,17000,0.0,0.0,0.0
2023-03-24 00:00:00-04:00,31.549999237060547,32.2400016784668,31.549999237060547,32.0890007019043,18400,0.0,0.0,0.0
2023-03-27 00:00:00-04:00,31.940000534057617,32.459999084472656,31.940000534057617,32.380001068115234,11900,0.0,0.0,0.0
2023-03-28 00:00:00-04:00,32.619998931884766,32.790000915527344,32.619998931884766,32.720001220703125,10100,0.0,0.0,0.0
2023-03-29 00:00:00-04:00,32.93000030517578,33.0,32.81999969482422,33.0,5600,0.0,0.0,0.0
2023-03-30 00:00:00-04:00,33.0,33.22999954223633,33.0,33.22999954223633,7900,0.0,0.0,0.0
2023-03-31 00:00:00-04:00,33.470001220703125,33.560001373291016,33.334999084472656,33.560001373291016,6400,0.0,0.0,0.0
2023-04-03 00:00:00-04:00,33.939998626708984,34.040000915527344,33.7599983215332,34.040000915527344,23000,0.0,0.0,0.0
2023-04-04 00:00:00-04:00,34.709999084472656,34.709999084472656,33.36000061035156,33.560001373291016,46000,0.0,0.0,0.0
2023-04-05 00:00:00-04:00,34.029998779296875,34.029998779296875,33.29999923706055,33.56999969482422,12000,0.0,0.0,0.0
2023-04-06 00:00:00-04:00,33.40999984741211,33.52000045776367,33.290000915527344,33.43000030517578,12700,0.0,0.0,0.0
2023-04-10 00:00:00-04:00,33.400001525878906,33.720001220703125,33.400001525878906,33.69599914550781,6600,0.0,0.0,0.0
2023-04-11 00:00:00-04:00,34.150001525878906,34.150001525878906,33.779998779296875,34.060001373291016,7400,0.0,0.0,0.0
2023-04-12 00:00:00-04:00,34.22999954223633,34.29999923706055,33.94499969482422,33.94499969482422,8800,0.0,0.0,0.0
2023-04-13 00:00:00-04:00,34.25,34.36000061035156,34.13999938964844,34.36000061035156,2200,0.0,0.0,0.0
2023-04-14 00:00:00-04:00,34.5,34.59000015258789,34.064998626708984,34.23500061035156,20400,0.0,0.0,0.0
2023-04-17 00:00:00-04:00,34.275001525878906,34.310001373291016,34.130001068115234,34.21500015258789,6500,0.0,0.0,0.0
2023-04-18 00:00:00-04:00,34.20000076293945,34.400001525878906,34.119998931884766,34.275001525878906,13100,0.0,0.0,0.0
2023-04-19 00:00:00-04:00,34.09000015258789,34.209999084472656,33.88999938964844,34.12300109863281,17400,0.0,0.0,0.0
2023-04-20 00:00:00-04:00,33.900001525878906,34.04999923706055,33.88999938964844,33.89500045776367,18100,0.0,0.0,0.0
2023-04-21 00:00:00-04:00,33.599998474121094,33.810001373291016,33.560001373291016,33.7599983215332,9100,0.0,0.0,0.0
2023-04-24 00:00:00-04:00,33.939998626708984,33.939998626708984,33.689998626708984,33.880001068115234,49500,0.0,0.0,0.0
2023-04-25 00:00:00-04:00,33.349998474121094,33.349998474121094,33.17499923706055,33.290000915527344,3800,0.0,0.0,0.0
2023-04-26 00:00:00-04:00,33.380001068115234,33.380001068115234,32.93000030517578,32.9900016784668,5200,0.0,0.0,0.0
2023-04-27 00:00:00-04:00,32.981998443603516,33.25199890136719,32.90999984741211,33.189998626708984,8400,0.0,0.0,0.0
2023-04-28 00:00:00-04:00,33.529998779296875,33.61000061035156,33.529998779296875,33.55500030517578,7200,0.0,0.0,0.0
2023-05-01 00:00:00-04:00,33.40999984741211,33.68000030517578,33.36000061035156,33.380001068115234,3900,0.0,0.0,0.0
2023-05-02 00:00:00-04:00,33.0,33.584999084472656,32.47999954223633,32.959999084472656,164200,0.0,0.0,0.0
2023-05-03 00:00:00-04:00,33.720001220703125,33.720001220703125,32.63999938964844,32.70000076293945,20700,0.0,0.0,0.0
2023-05-04 00:00:00-04:00,32.599998474121094,32.599998474121094,32.279998779296875,32.4900016784668,15700,0.0,0.0,0.0
2023-05-05 00:00:00-04:00,33.09000015258789,33.2760009765625,32.987998962402344,33.189998626708984,10100,0.0,0.0,0.0
2023-05-08 00:00:00-04:00,33.380001068115234,33.619998931884766,33.119998931884766,33.25,32500,0.0,0.0,0.0
2023-05-09 00:00:00-04:00,33.119998931884766,33.220001220703125,32.9739990234375,33.11000061035156,4600,0.0,0.0,0.0
2023-05-10 00:00:00-04:00,32.9900016784668,33.11000061035156,32.75,32.86000061035156,17300,0.0,0.0,0.0
2023-05-11 00:00:00-04:00,32.66999816894531,32.75,32.55500030517578,32.75,5500,0.0,0.0,0.0
2023-05-12 00:00:00-04:00,32.7400016784668,32.7599983215332,32.560001373291016,32.7599983215332,1800,0.0,0.0,0.0
2023-05-15 00:00:00-04:00,32.5,33.10900115966797,32.5,32.86000061035156,111600,0.0,0.0,0.0
2023-05-16 00:00:00-04:00,32.6609992980957,32.6609992980957,32.59000015258789,32.59000015258789,30500,0.0,0.0,0.0
2023-05-17 00:00:00-04:00,33.290000915527344,33.290000915527344,32.38999938964844,32.814998626708984,7000,0.0,0.0,0.0
2023-05-18 00:00:00-04:00,32.709999084472656,33.15999984741211,32.652000427246094,33.0099983215332,40900,0.0,0.0,0.0
2023-05-19 00:00:00-04:00,33.099998474121094,33.15999984741211,32.900001525878906,33.060001373291016,7600,0.0,0.0,0.0
2023-05-22 00:00:00-04:00,33.119998931884766,33.25,33.119998931884766,33.189998626708984,3400,0.0,0.0,0.0
2023-05-23 00:00:00-04:00,33.060001373291016,33.310001373291016,32.91999816894531,33.04999923706055,17900,0.0,0.0,0.0
2023-05-24 00:00:00-04:00,32.90999984741211,32.90999984741211,32.520999908447266,32.599998474121094,2800,0.0,0.0,0.0
2023-05-25 00:00:00-04:00,32.36000061035156,32.43000030517578,32.11000061035156,32.345001220703125,6500,0.0,0.0,0.0
2023-05-26 00:00:00-04:00,32.47600173950195,32.61000061035156,32.400001525878906,32.400001525878906,34100,0.0,0.0,0.0
2023-05-30 00:00:00-04:00,32.040000915527344,32.22999954223633,32.029998779296875,32.08000183105469,8200,0.0,0.0,0.0
2023-05-31 00:00:00-04:00,31.770000457763672,31.790000915527344,31.56999969482422,31.77199935913086,8900,0.0,0.0,0.0
2023-06-01 00:00:00-04:00,31.81999969482422,32.2400016784668,31.81999969482422,32.060001373291016,14400,0.0,0.0,0.0
2023-06-02 00:00:00-04:00,32.5,33.04999923706055,32.5,32.869998931884766,5700,0.0,0.0,0.0
2023-06-05 00:00:00-04:00,32.76100158691406,32.959999084472656,32.630001068115234,32.630001068115234,28100,0.0,0.0,0.0
2023-06-06 00:00:00-04:00,32.80799865722656,33.189998626708984,32.80799865722656,33.165000915527344,15200,0.0,0.0,0.0
2023-06-07 00:00:00-04:00,33.45500183105469,33.619998931884766,33.41999816894531,33.54499816894531,3300,0.0,0.0,0.0
2023-06-08 00:00:00-04:00,33.494998931884766,33.720001220703125,33.43000030517578,33.540000915527344,4100,0.0,0.0,0.0
2023-06-09 00:00:00-04:00,33.459999084472656,33.67499923706055,33.39799880981445,33.48500061035156,4300,0.0,0.0,0.0
2023-06-12 00:00:00-04:00,33.2599983215332,33.43000030517578,33.2599983215332,33.380001068115234,5200,0.0,0.0,0.0
2023-06-13 00:00:00-04:00,33.90999984741211,33.95000076293945,33.84000015258789,33.95000076293945,7300,0.0,0.0,0.0
2023-06-14 00:00:00-04:00,34.25,34.25,33.584999084472656,33.71500015258789,5300,0.0,0.0,0.0
2023-06-15 00:00:00-04:00,33.02000045776367,34.369998931884766,33.02000045776367,34.04999923706055,13700,0.0,0.0,0.0
2023-06-16 00:00:00-04:00,34.88999938964844,34.88999938964844,33.959999084472656,34.13999938964844,5000,0.0,0.0,0.0
2023-06-20 00:00:00-04:00,33.78499984741211,33.78499984741211,33.5,33.63600158691406,15100,0.0,0.0,0.0
2023-06-21 00:00:00-04:00,33.68000030517578,33.88999938964844,33.5,33.68000030517578,11400,0.0,0.0,0.0
2023-06-22 00:00:00-04:00,33.5,33.61000061035156,33.38999938964844,33.38999938964844,15800,0.0,0.0,0.0
2023-06-23 00:00:00-04:00,33.130001068115234,33.130001068115234,32.779998779296875,32.790000915527344,14000,0.0,0.0,0.0
2023-06-26 00:00:00-04:00,33.0,33.290000915527344,33.0,33.0099983215332,6100,0.0,0.0,0.0
2023-06-27 00:00:00-04:00,33.349998474121094,33.470001220703125,33.279998779296875,33.290000915527344,4800,0.0,0.0,0.0
2023-06-28 00:00:00-04:00,33.255001068115234,33.540000915527344,33.209999084472656,33.44499969482422,33900,0.0,0.0,0.0
2023-06-29 00:00:00-04:00,33.625999450683594,33.84000015258789,33.619998931884766,33.70000076293945,10400,0.0,0.0,0.0
2023-06-30 00:00:00-04:00,33.946998596191406,34.150001525878906,33.9370002746582,34.0,3800,0.0,0.0,0.0
2023-07-03 00:00:00-04:00,33.84000015258789,34.310001373291016,33.84000015258789,34.220001220703125,1500,0.0,0.0,0.0
2023-07-05 00:00:00-04:00,34.27000045776367,34.27000045776367,33.935001373291016,33.97999954223633,2800,0.0,0.0,0.0
2023-07-06 00:00:00-04:00,33.02000045776367,33.38999938964844,33.02000045776367,33.209999084472656,2800,0.0,0.0,0.0
2023-07-07 00:00:00-04:00,33.512001037597656,33.970001220703125,33.512001037597656,33.70000076293945,2400,0.0,0.0,0.0
2023-07-10 00:00:00-04:00,33.7400016784668,33.97999954223633,33.7400016784668,33.959999084472656,7900,0.0,0.0,0.0
2023-07-11 00:00:00-04:00,34.22999954223633,34.52000045776367,34.16999816894531,34.5099983215332,6900,0.0,0.0,0.0
2023-07-12 00:00:00-04:00,34.819000244140625,34.900001525878906,34.720001220703125,34.77799987792969,19200,0.0,0.0,0.0
2023-07-13 00:00:00-04:00,34.900001525878906,35.130001068115234,34.900001525878906,35.08000183105469,12600,0.0,0.0,0.0
2023-07-14 00:00:00-04:00,34.90999984741211,34.90999984741211,34.529998779296875,34.68000030517578,12700,0.0,0.0,0.0
2023-07-17 00:00:00-04:00,34.439998626708984,34.7400016784668,34.439998626708984,34.529998779296875,8400,0.0,0.0,0.0
2023-07-18 00:00:00-04:00,35.084999084472656,35.0890007019043,35.0,35.0890007019043,7300,0.0,0.0,0.0
2023-07-19 00:00:00-04:00,35.180999755859375,35.310001373291016,35.11000061035156,35.290000915527344,7300,0.0,0.0,0.0
2023-07-20 00:00:00-04:00,35.310001373291016,35.38999938964844,35.16999816894531,35.29199981689453,11400,0.0,0.0,0.0
2023-07-21 00:00:00-04:00,35.029998779296875,35.279998779296875,35.020999908447266,35.20000076293945,82500,0.0,0.0,0.0
2023-07-24 00:00:00-04:00,35.08000183105469,35.650001525878906,35.08000183105469,35.45000076293945,8300,0.0,0.0,0.0
2023-07-25 00:00:00-04:00,35.65999984741211,35.79999923706055,35.65999984741211,35.685001373291016,4400,0.0,0.0,0.0
2023-07-26 00:00:00-04:00,35.880001068115234,36.25,35.5099983215332,35.65999984741211,8600,0.0,0.0,0.0
2023-07-27 00:00:00-04:00,35.880001068115234,35.880001068115234,35.474998474121094,35.529998779296875,5100,0.0,0.0,0.0
2023-07-28 00:00:00-04:00,35.810001373291016,35.85900115966797,35.685001373291016,35.77000045776367,6700,0.0,0.0,0.0
2023-07-31 00:00:00-04:00,35.97999954223633,36.10300064086914,35.97999954223633,36.099998474121094,10600,0.0,0.0,0.0
2023-08-01 00:00:00-04:00,35.61000061035156,35.90999984741211,35.61000061035156,35.90999984741211,4200,0.0,0.0,0.0
2023-08-02 00:00:00-04:00,35.5,35.5,35.220001220703125,35.470001220703125,4400,0.0,0.0,0.0
2023-08-03 00:00:00-04:00,35.130001068115234,35.56999969482422,35.130001068115234,35.40399932861328,4700,0.0,0.0,0.0
2023-08-04 00:00:00-04:00,35.83000183105469,35.93000030517578,35.56999969482422,35.56999969482422,6100,0.0,0.0,0.0
2023-08-07 00:00:00-04:00,35.720001220703125,35.93000030517578,35.68000030517578,35.7599983215332,18600,0.0,0.0,0.0
2023-08-08 00:00:00-04:00,35.27399826049805,35.720001220703125,35.22999954223633,35.680999755859375,11300,0.0,0.0,0.0
2023-08-09 00:00:00-04:00,36.43000030517578,36.43000030517578,35.84600067138672,35.91999816894531,15500,0.0,0.0,0.0
2023-08-10 00:00:00-04:00,36.2599983215332,36.31999969482422,35.720001220703125,35.720001220703125,13900,0.0,0.0,0.0
2023-08-11 00:00:00-04:00,35.63999938964844,35.93000030517578,35.63999938964844,35.88999938964844,6100,0.0,0.0,0.0
2023-08-14 00:00:00-04:00,35.499000549316406,35.7400016784668,35.499000549316406,35.709999084472656,5800,0.0,0.0,0.0
2023-08-15 00:00:00-04:00,36.400001525878906,36.400001525878906,35.13999938964844,35.27000045776367,3700,0.0,0.0,0.0
2023-08-16 00:00:00-04:00,35.36000061035156,35.38999938964844,35.029998779296875,35.029998779296875,2600,0.0,0.0,0.0
2023-08-17 00:00:00-04:00,35.34000015258789,35.35900115966797,34.900001525878906,34.970001220703125,6200,0.0,0.0,0.0
2023-08-18 00:00:00-04:00,34.790000915527344,35.130001068115234,34.790000915527344,35.099998474121094,7100,0.0,0.0,0.0
2023-08-21 00:00:00-04:00,35.13999938964844,35.152000427246094,34.948001861572266,35.08000183105469,14400,0.0,0.0,0.0
2023-08-22 00:00:00-04:00,35.5,35.5,34.939998626708984,34.9900016784668,17400,0.0,0.0,0.0
2023-08-23 00:00:00-04:00,34.79999923706055,35.040000915527344,34.79999923706055,34.959999084472656,55200,0.0,0.0,0.0
2023-08-24 00:00:00-04:00,34.86000061035156,34.88999938964844,34.61199951171875,34.61199951171875,17100,0.0,0.0,0.0
2023-08-25 00:00:00-04:00,34.68000030517578,34.83000183105469,34.45000076293945,34.83000183105469,2800,0.0,0.0,0.0
2023-08-28 00:00:00-04:00,35.68000030517578,35.68000030517578,34.88999938964844,35.11000061035156,10100,0.0,0.0,0.0
2023-08-29 00:00:00-04:00,35.17499923706055,35.439998626708984,35.1150016784668,35.36000061035156,13200,0.0,0.0,0.0
2023-08-30 00:00:00-04:00,35.810001373291016,35.810001373291016,35.439998626708984,35.58000183105469,13900,0.0,0.0,0.0
2023-08-31 00:00:00-04:00,35.349998474121094,35.599998474121094,35.349998474121094,35.439998626708984,32200,0.0,0.0,0.0
2023-09-01 00:00:00-04:00,35.91999816894531,35.91999816894531,35.78300094604492,35.90999984741211,4100,0.0,0.0,0.0
2023-09-05 00:00:00-04:00,36.83000183105469,36.83000183105469,35.46699905395508,35.560001373291016,32700,0.0,0.0,0.0
2023-09-06 00:00:00-04:00,35.400001525878906,35.5629997253418,35.130001068115234,35.29100036621094,13800,0.0,0.0,0.0
2023-09-07 00:00:00-04:00,35.27000045776367,35.27000045776367,35.060001373291016,35.13999938964844,13700,0.0,0.0,0.0
2023-09-08 00:00:00-04:00,35.310001373291016,35.35100173950195,35.150001525878906,35.33000183105469,4300,0.0,0.0,0.0
2023-09-11 00:00:00-04:00,35.400001525878906,35.529998779296875,35.22999954223633,35.29999923706055,3200,0.0,0.0,0.0
2023-09-12 00:00:00-04:00,35.34000015258789,35.540000915527344,35.34000015258789,35.43000030517578,4400,0.0,0.0,0.0
2023-09-13 00:00:00-04:00,37.150001525878906,37.150001525878906,35.11000061035156,35.2599983215332,22800,0.0,0.0,0.0
2023-09-14 00:00:00-04:00,35.63999938964844,35.790000915527344,35.59000015258789,35.689998626708984,8900,0.0,0.0,0.0
2023-09-15 00:00:00-04:00,35.65999984741211,35.66999816894531,35.391998291015625,35.459999084472656,2200,0.0,0.0,0.0
2023-09-18 00:00:00-04:00,35.439998626708984,35.48099899291992,35.31999969482422,35.36000061035156,9800,0.0,0.0,0.0
2023-09-19 00:00:00-04:00,35.55500030517578,35.55500030517578,35.277000427246094,35.31999969482422,3200,0.0,0.0,0.0
2023-09-20 00:00:00-04:00,35.638999938964844,35.65999984741211,35.25,35.25,6100,0.0,0.0,0.0
2023-09-21 00:00:00-04:00,35.0,35.0099983215332,34.810001373291016,34.810001373291016,8300,0.0,0.0,0.0
2023-09-22 00:00:00-04:00,34.95000076293945,34.95000076293945,34.29999923706055,34.38999938964844,11300,0.0,0.0,0.0
2023-09-25 00:00:00-04:00,34.380001068115234,34.560001373291016,34.18000030517578,34.54999923706055,15600,0.0,0.0,0.0
2023-09-26 00:00:00-04:00,34.58000183105469,34.58000183105469,34.040000915527344,34.189998626708984,18000,0.0,0.0,0.0
2023-09-27 00:00:00-04:00,34.41999816894531,34.60900115966797,34.279998779296875,34.5099983215332,21500,0.0,0.0,0.0
2023-09-28 00:00:00-04:00,34.88999938964844,34.93000030517578,34.689998626708984,34.88999938964844,14200,0.0,0.0,0.0
2023-09-29 00:00:00-04:00,34.779998779296875,34.939998626708984,34.56999969482422,34.58000183105469,5600,0.0,0.0,0.0
2023-10-02 00:00:00-04:00,34.09000015258789,34.130001068115234,33.869998931884766,34.060001373291016,11300,0.0,0.0,0.0
2023-10-03 00:00:00-04:00,34.099998474121094,34.099998474121094,33.43000030517578,33.70000076293945,4700,0.0,0.0,0.0
2023-10-04 00:00:00-04:00,33.869998931884766,33.869998931884766,33.236000061035156,33.400001525878906,5600,0.0,0.0,0.0
2023-10-05 00:00:00-04:00,33.33000183105469,33.43000030517578,33.2400016784668,33.43000030517578,23800,0.0,0.0,0.0
2023-10-06 00:00:00-04:00,33.709999084472656,33.880001068115234,33.290000915527344,33.810001373291016,7900,0.0,0.0,0.0
2023-10-09 00:00:00-04:00,33.95000076293945,34.33000183105469,33.95000076293945,34.290000915527344,6600,0.0,0.0,0.0
2023-10-10 00:00:00-04:00,34.310001373291016,34.77000045776367,34.310001373291016,34.529998779296875,6100,0.0,0.0,0.0
2023-10-11 00:00:00-04:00,34.869998931884766,34.869998931884766,34.34000015258789,34.63999938964844,17200,0.0,0.0,0.0
2023-10-12 00:00:00-04:00,34.900001525878906,34.900001525878906,34.05500030517578,34.2599983215332,11800,0.0,0.0,0.0
2023-10-13 00:00:00-04:00,34.56999969482422,34.56999969482422,34.310001373291016,34.36000061035156,3300,0.0,0.0,0.0
2023-10-16 00:00:00-04:00,34.81999969482422,34.81999969482422,34.49300003051758,34.709999084472656,9000,0.0,0.0,0.0
2023-10-17 00:00:00-04:00,34.439998626708984,34.91999816894531,34.439998626708984,34.86000061035156,13000,0.0,0.0,0.0
2023-10-18 00:00:00-04:00,34.650001525878906,34.650001525878906,34.47999954223633,34.52000045776367,6900,0.0,0.0,0.0
2023-10-19 00:00:00-04:00,34.310001373291016,34.43000030517578,34.20000076293945,34.209999084472656,6900,0.0,0.0,0.0
2023-10-20 00:00:00-04:00,34.400001525878906,34.400001525878906,33.84000015258789,33.84000015258789,7800,0.0,0.0,0.0
2023-10-23 00:00:00-04:00,34.09000015258789,34.09000015258789,33.380001068115234,33.54999923706055,11700,0.0,0.0,0.0
2023-10-24 00:00:00-04:00,33.970001220703125,36.9900016784668,33.49399948120117,33.650001525878906,213400,0.0,0.0,0.0
2023-10-25 00:00:00-04:00,33.58000183105469,33.58000183105469,33.3390007019043,33.4900016784668,30100,0.0,0.0,0.0
2023-10-26 00:00:00-04:00,33.36000061035156,33.43000030517578,33.1349983215332,33.34000015258789,13600,0.0,0.0,0.0
2023-10-27 00:00:00-04:00,33.79999923706055,33.79999923706055,32.939998626708984,33.029998779296875,8400,0.0,0.0,0.0
2023-10-30 00:00:00-04:00,33.029998779296875,33.40999984741211,32.95000076293945,33.220001220703125,9900,0.0,0.0,0.0
2023-10-31 00:00:00-04:00,33.189998626708984,33.31999969482422,33.040000915527344,33.31999969482422,27200,0.0,0.0,0.0
2023-11-01 00:00:00-04:00,33.400001525878906,33.560001373291016,33.06999969482422,33.540000915527344,33300,0.0,0.0,0.0
2023-11-02 00:00:00-04:00,34.0099983215332,34.25,33.827999114990234,34.25,12700,0.0,0.0,0.0
2023-11-03 00:00:00-04:00,34.2400016784668,34.650001525878906,34.2400016784668,34.529998779296875,6400,0.0,0.0,0.0
2023-11-06 00:00:00-05:00,34.689998626708984,34.689998626708984,34.099998474121094,34.27000045776367,29700,0.0,0.0,0.0
2023-11-07 00:00:00-05:00,34.06999969482422,34.06999969482422,33.779998779296875,33.880001068115234,10400,0.0,0.0,0.0
2023-11-08 00:00:00-05:00,33.79999923706055,33.93000030517578,33.5,33.619998931884766,10000,0.0,0.0,0.0
2023-11-09 00:00:00-05:00,34.36000061035156,34.36000061035156,33.29999923706055,33.400001525878906,19400,0.0,0.0,0.0
2023-11-10 00:00:00-05:00,33.59000015258789,33.709999084472656,33.31999969482422,33.61000061035156,5400,0.0,0.0,0.0
2023-11-13 00:00:00-05:00,33.560001373291016,33.810001373291016,33.54999923706055,33.79999923706055,6700,0.0,0.0,0.0
2023-11-14 00:00:00-05:00,34.61000061035156,34.70000076293945,34.31999969482422,34.650001525878906,18300,0.0,0.0,0.0
2023-11-15 00:00:00-05:00,34.90999984741211,34.90999984741211,34.65999984741211,34.65999984741211,5600,0.0,0.0,0.0
2023-11-16 00:00:00-05:00,34.90999984741211,34.90999984741211,34.02000045776367,34.31999969482422,10100,0.0,0.0,0.0
2023-11-17 00:00:00-05:00,34.380001068115234,34.86000061035156,34.380001068115234,34.81999969482422,14300,0.0,0.0,0.0
2023-11-20 00:00:00-05:00,34.560001373291016,34.97999954223633,34.560001373291016,34.95000076293945,13800,0.0,0.0,0.0
2023-11-21 00:00:00-05:00,34.689998626708984,34.849998474121094,34.31999969482422,34.689998626708984,239000,0.0,0.0,0.0
2023-11-22 00:00:00-05:00,34.63999938964844,34.72999954223633,34.5,34.709999084472656,6800,0.0,0.0,0.0
2023-11-24 00:00:00-05:00,34.779998779296875,34.970001220703125,34.779998779296875,34.970001220703125,3300,0.0,0.0,0.0
2023-11-27 00:00:00-05:00,34.84000015258789,34.880001068115234,34.7599983215332,34.880001068115234,2100,0.0,0.0,0.0
2023-11-28 00:00:00-05:00,35.0099983215332,35.02000045776367,34.70500183105469,34.880001068115234,11700,0.0,0.0,0.0
2023-11-29 00:00:00-05:00,34.779998779296875,35.02000045776367,34.720001220703125,34.81999969482422,21000,0.0,0.0,0.0
2023-11-30 00:00:00-05:00,35.2400016784668,35.2400016784668,34.810001373291016,35.06999969482422,6000,0.0,0.0,0.0
2023-12-01 00:00:00-05:00,35.0099983215332,35.58000183105469,34.94499969482422,35.58000183105469,54800,0.0,0.0,0.0
2023-12-04 00:00:00-05:00,35.540000915527344,35.540000915527344,35.349998474121094,35.5099983215332,6500,0.0,0.0,0.0
2023-12-05 00:00:00-05:00,35.58000183105469,35.58000183105469,35.119998931884766,35.18000030517578,23600,0.0,0.0,0.0
2023-12-06 00:00:00-05:00,35.459999084472656,35.459999084472656,34.810001373291016,34.939998626708984,10300,0.0,0.0,0.0
2023-12-07 00:00:00-05:00,35.36000061035156,35.36000061035156,34.96500015258789,35.119998931884766,16400,0.0,0.0,0.0
2023-12-08 00:00:00-05:00,35.119998931884766,35.31700134277344,35.10300064086914,35.29999923706055,6500,0.0,0.0,0.0
2023-12-11 00:00:00-05:00,35.32500076293945,35.40999984741211,35.220001220703125,35.40999984741211,7200,0.0,0.0,0.0
2023-12-12 00:00:00-05:00,35.11000061035156,35.27000045776367,35.04999923706055,35.209999084472656,6600,0.0,0.0,0.0
2023-12-13 00:00:00-05:00,35.099998474121094,35.79999923706055,34.926998138427734,35.79999923706055,4900,0.0,0.0,0.0
2023-12-14 00:00:00-05:00,35.84000015258789,36.59000015258789,35.84000015258789,36.36000061035156,11400,0.0,0.0,0.0
2023-12-15 00:00:00-05:00,36.189998626708984,36.42900085449219,36.189998626708984,36.275001525878906,12000,0.0,0.0,0.0
2023-12-18 00:00:00-05:00,36.400001525878906,36.400001525878906,36.25,36.33000183105469,8500,0.0,0.0,0.0
2023-12-19 00:00:00-05:00,36.630001068115234,36.84000015258789,36.529998779296875,36.84000015258789,11700,0.0,0.0,0.0
2023-12-20 00:00:00-05:00,36.900001525878906,37.0099983215332,36.369998931884766,36.369998931884766,10000,0.0,0.0,0.0
2023-12-21 00:00:00-05:00,36.83000183105469,36.88999938964844,36.608001708984375,36.88999938964844,13100,0.0,0.0,0.0
2023-12-22 00:00:00-05:00,37.08000183105469,37.13999938964844,36.900001525878906,37.02000045776367,25200,0.0,0.0,0.0
2023-12-26 00:00:00-05:00,37.2400016784668,37.31999969482422,37.130001068115234,37.25,6400,0.0,0.0,0.0
2023-12-27 00:00:00-05:00,37.27000045776367,38.04999923706055,37.119998931884766,38.04999923706055,8100,0.0,0.0,0.0
2023-12-28 00:00:00-05:00,37.459999084472656,37.459999084472656,36.880001068115234,36.900001525878906,18900,0.0,0.0,0.0
2023-12-29 00:00:00-05:00,37.349998474121094,37.7400016784668,36.68000030517578,37.7400016784668,78000,0.0,0.0,0.0
2024-01-02 00:00:00-05:00,36.91999816894531,36.91999816894531,36.52000045776367,36.869998931884766,56100,0.0,0.0,0.0
2024-01-03 00:00:00-05:00,36.040000915527344,36.599998474121094,36.040000915527344,36.45000076293945,10300,0.0,0.0,0.0
2024-01-04 00:00:00-05:00,36.689998626708984,37.27000045776367,36.404998779296875,37.27000045776367,5300,0.0,0.0,0.0
2024-01-05 00:00:00-05:00,36.560001373291016,36.60599899291992,36.349998474121094,36.54999923706055,14000,0.0,0.0,0.0
2024-01-08 00:00:00-05:00,36.4900016784668,37.33000183105469,36.18000030517578,37.33000183105469,21000,0.0,0.0,0.0
2024-01-09 00:00:00-05:00,36.84000015258789,36.84000015258789,36.21200180053711,36.5099983215332,7500,0.0,0.0,0.0
2024-01-10 00:00:00-05:00,36.358001708984375,37.06999969482422,36.25400161743164,37.06999969482422,6100,0.0,0.0,0.0
2024-01-11 00:00:00-05:00,36.810001373291016,37.04999923706055,36.10599899291992,37.04999923706055,8500,0.0,0.0,0.0
2024-01-12 00:00:00-05:00,36.970001220703125,37.0099983215332,36.279998779296875,36.279998779296875,9300,0.0,0.0,0.0
2024-01-16 00:00:00-05:00,36.0099983215332,36.91999816894531,35.849998474121094,36.91999816894531,12000,0.0,0.0,0.0
2024-01-17 00:00:00-05:00,35.7599983215332,36.25,35.52000045776367,36.25,6600,0.0,0.0,0.0
2024-01-18 00:00:00-05:00,36.150001525878906,36.150001525878906,35.45000076293945,35.5099983215332,17600,0.0,0.0,0.0
2024-01-19 00:00:00-05:00,35.68000030517578,36.880001068115234,35.5099983215332,36.880001068115234,16400,0.0,0.0,0.0
2024-01-22 00:00:00-05:00,36.4900016784668,36.88999938964844,36.15999984741211,36.88999938964844,7500,0.0,0.0,0.0
2024-01-23 00:00:00-05:00,36.59000015258789,36.59000015258789,36.0,36.02000045776367,10000,0.0,0.0,0.0
2024-01-24 00:00:00-05:00,36.650001525878906,36.650001525878906,36.11000061035156,36.4900016784668,11000,0.0,0.0,0.0
2024-01-25 00:00:00-05:00,36.540000915527344,36.540000915527344,36.209999084472656,36.29999923706055,5200,0.0,0.0,0.0
2024-01-26 00:00:00-05:00,36.5369987487793,36.75,36.36000061035156,36.75,30400,0.0,0.0,0.0
2024-01-29 00:00:00-05:00,36.75,37.33000183105469,36.44300079345703,37.33000183105469,14000,0.0,0.0,0.0
2024-01-30 00:00:00-05:00,36.560001373291016,36.91999816894531,36.560001373291016,36.849998474121094,4900,0.0,0.0,0.0
2024-01-31 00:00:00-05:00,36.709999084472656,36.86000061035156,36.33000183105469,36.4109992980957,12500,0.0,0.0,0.0
2024-02-01 00:00:00-05:00,36.06999969482422,36.880001068115234,36.06999969482422,36.34000015258789,47300,0.0,0.0,0.0
2024-02-02 00:00:00-05:00,36.400001525878906,36.900001525878906,36.400001525878906,36.70899963378906,13900,0.0,0.0,0.0
2024-02-05 00:00:00-05:00,36.77000045776367,36.77000045776367,36.0,36.58000183105469,12600,0.0,0.0,0.0
2024-02-06 00:00:00-05:00,36.36000061035156,36.619998931884766,36.36000061035156,36.470001220703125,12800,0.0,0.0,0.0
2024-02-07 00:00:00-05:00,36.9900016784668,36.9900016784668,36.529998779296875,36.6349983215332,9600,0.0,0.0,0.0
2024-02-08 00:00:00-05:00,36.52000045776367,36.72999954223633,36.52000045776367,36.70800018310547,11900,0.0,0.0,0.0
2024-02-09 00:00:00-05:00,36.58000183105469,36.814998626708984,36.52000045776367,36.744998931884766,7500,0.0,0.0,0.0
2024-02-12 00:00:00-05:00,36.939998626708984,37.310001373291016,36.939998626708984,37.125,12400,0.0,0.0,0.0
2024-02-13 00:00:00-05:00,37.060001373291016,37.060001373291016,36.150001525878906,36.374000549316406,13400,0.0,0.0,0.0
2024-02-14 00:00:00-05:00,36.939998626708984,36.95000076293945,36.4900016784668,36.95000076293945,11500,0.0,0.0,0.0
2024-02-15 00:00:00-05:00,37.41999816894531,37.41999816894531,37.00199890136719,37.332000732421875,10200,0.0,0.0,0.0
2024-02-16 00:00:00-05:00,37.0099983215332,37.380001068115234,37.0099983215332,37.06999969482422,5000,0.0,0.0,0.0
2024-02-20 00:00:00-05:00,37.209999084472656,37.209999084472656,36.79999923706055,36.900001525878906,12100,0.0,0.0,0.0
2024-02-21 00:00:00-05:00,35.939998626708984,37.029998779296875,35.939998626708984,36.900001525878906,8500,0.0,0.0,0.0
2024-02-22 00:00:00-05:00,37.2599983215332,37.439998626708984,36.91999816894531,36.91999816894531,2700,0.0,0.0,0.0
2024-02-23 00:00:00-05:00,36.900001525878906,37.47999954223633,36.900001525878906,37.41999816894531,11700,0.0,0.0,0.0
2024-02-26 00:00:00-05:00,37.41999816894531,37.72999954223633,37.310001373291016,37.34000015258789,9700,0.0,0.0,0.0
2024-02-27 00:00:00-05:00,37.56999969482422,38.349998474121094,37.400001525878906,38.349998474121094,7300,0.0,0.0,0.0
2024-02-28 00:00:00-05:00,37.79999923706055,37.79999923706055,37.36000061035156,37.400001525878906,5800,0.0,0.0,0.0
2024-02-29 00:00:00-05:00,37.93000030517578,37.93000030517578,37.52000045776367,37.75,13200,0.0,0.0,0.0
2024-03-01 00:00:00-05:00,37.84000015258789,38.09000015258789,37.84000015258789,38.08000183105469,6400,0.0,0.0,0.0
2024-03-04 00:00:00-05:00,38.2400016784668,38.2400016784668,37.70000076293945,37.70000076293945,11900,0.0,0.0,0.0
2024-03-05 00:00:00-05:00,37.779998779296875,37.900001525878906,37.56999969482422,37.599998474121094,5300,0.0,0.0,0.0
2024-03-06 00:00:00-05:00,38.130001068115234,38.130001068115234,37.819000244140625,37.86000061035156,2300,0.0,0.0,0.0
2024-03-07 00:00:00-05:00,38.84000015258789,38.84000015258789,38.150001525878906,38.150001525878906,6400,0.0,0.0,0.0
2024-03-08 00:00:00-05:00,38.41999816894531,38.45000076293945,37.88999938964844,38.0,11300,0.0,0.0,0.0
2024-03-11 00:00:00-04:00,38.400001525878906,38.400001525878906,37.720001220703125,37.99300003051758,8200,0.0,0.0,0.0
2024-03-12 00:00:00-04:00,38.0099983215332,38.20000076293945,38.0099983215332,38.13999938964844,7000,0.0,0.0,0.0
2024-03-13 00:00:00-04:00,38.279998779296875,38.52000045776367,38.22999954223633,38.470001220703125,3000,0.0,0.0,0.0
2024-03-14 00:00:00-04:00,38.310001373291016,38.345001220703125,37.93000030517578,38.0,5700,0.0,0.0,0.0
2024-03-15 00:00:00-04:00,37.95000076293945,38.23400115966797,37.95000076293945,38.130001068115234,7900,0.0,0.0,0.0
2024-03-18 00:00:00-04:00,38.529998779296875,38.529998779296875,38.15599822998047,38.21500015258789,10100,0.0,0.0,0.0
2024-03-19 00:00:00-04:00,38.18000030517578,38.470001220703125,38.18000030517578,38.40999984741211,9900,0.0,0.0,0.0
2024-03-20 00:00:00-04:00,38.39500045776367,38.88999938964844,38.39500045776367,38.874000549316406,8600,0.0,0.0,0.0
2024-03-21 00:00:00-04:00,38.880001068115234,39.16999816894531,38.470001220703125,38.93000030517578,18100,0.0,0.0,0.0
2024-03-22 00:00:00-04:00,39.09000015258789,39.09000015258789,38.70000076293945,38.849998474121094,18900,0.0,0.0,0.0
2024-03-25 00:00:00-04:00,38.630001068115234,38.959999084472656,38.630001068115234,38.779998779296875,9000,0.0,0.0,0.0
2024-03-26 00:00:00-04:00,39.2400016784668,39.2400016784668,38.64799880981445,38.64799880981445,13100,0.0,0.0,0.0
2024-03-27 00:00:00-04:00,39.040000915527344,39.1349983215332,38.79499816894531,39.13399887084961,5800,0.0,0.0,0.0
2024-03-28 00:00:00-04:00,39.2599983215332,39.349998474121094,39.189998626708984,39.290000915527344,10400,0.0,0.0,0.0
2024-04-01 00:00:00-04:00,39.189998626708984,39.33000183105469,39.13999938964844,39.18000030517578,33200,0.0,0.0,0.0
2024-04-02 00:00:00-04:00,39.119998931884766,39.119998931884766,38.650001525878906,38.88999938964844,9900,0.0,0.0,0.0
2024-04-03 00:00:00-04:00,38.93000030517578,39.2400016784668,38.93000030517578,39.17599868774414,25100,0.0,0.0,0.0
2024-04-04 00:00:00-04:00,39.54999923706055,39.560001373291016,38.709999084472656,38.849998474121094,22800,0.0,0.0,0.0
2024-04-05 00:00:00-04:00,38.959999084472656,39.209999084472656,38.79999923706055,39.03900146484375,30500,0.0,0.0,0.0
2024-04-08 00:00:00-04:00,39.08000183105469,39.22999954223633,39.08000183105469,39.09000015258789,6300,0.0,0.0,0.0
2024-04-09 00:00:00-04:00,39.38999938964844,39.38999938964844,38.930999755859375,39.2599983215332,33300,0.0,0.0,0.0
2024-04-10 00:00:00-04:00,38.65999984741211,38.70000076293945,38.43000030517578,38.51100158691406,15500,0.0,0.0,0.0
2024-04-11 00:00:00-04:00,38.529998779296875,38.650001525878906,38.38399887084961,38.61899948120117,4300,0.0,0.0,0.0
2024-04-12 00:00:00-04:00,38.310001373291016,38.57600021362305,38.02000045776367,38.02000045776367,3200,0.0,0.0,0.0
2024-04-15 00:00:00-04:00,38.11000061035156,38.540000915527344,37.75,37.939998626708984,6500,0.0,0.0,0.0
2024-04-16 00:00:00-04:00,37.650001525878906,37.65999984741211,37.426998138427734,37.459999084472656,6400,0.0,0.0,0.0
2024-04-17 00:00:00-04:00,37.619998931884766,37.619998931884766,37.33000183105469,37.38999938964844,8000,0.0,0.0,0.0
2024-04-18 00:00:00-04:00,37.37099838256836,37.720001220703125,37.220001220703125,37.25299835205078,10100,0.0,0.0,0.0
2024-04-19 00:00:00-04:00,37.18000030517578,37.4900016784668,37.18000030517578,37.44900131225586,10000,0.0,0.0,0.0
2024-04-22 00:00:00-04:00,37.36000061035156,37.93000030517578,37.36000061035156,37.709999084472656,6200,0.0,0.0,0.0
2024-04-23 00:00:00-04:00,37.650001525878906,38.2599983215332,37.650001525878906,38.150001525878906,10100,0.0,0.0,0.0
2024-04-24 00:00:00-04:00,38.0,38.220001220703125,37.959999084472656,38.08300018310547,15100,0.0,0.0,0.0
2024-04-25 00:00:00-04:00,37.810001373291016,37.94499969482422,37.57500076293945,37.89099884033203,8700,0.0,0.0,0.0
2024-04-26 00:00:00-04:00,38.0,38.22100067138672,38.0,38.15800094604492,18200,0.0,0.0,0.0
2024-04-29 00:00:00-04:00,38.119998931884766,38.41999816894531,38.119998931884766,38.369998931884766,3500,0.0,0.0,0.0
2024-04-30 00:00:00-04:00,38.25,38.25,37.64899826049805,37.65999984741211,4800,0.0,0.0,0.0
2024-05-01 00:00:00-04:00,37.470001220703125,37.790000915527344,37.22999954223633,37.33000183105469,11400,0.0,0.0,0.0
2024-05-02 00:00:00-04:00,37.59000015258789,37.869998931884766,37.58000183105469,37.79999923706055,7700,0.0,0.0,0.0
2024-05-03 00:00:00-04:00,38.290000915527344,38.290000915527344,37.95100021362305,38.01599884033203,13600,0.0,0.0,0.0
2024-05-06 00:00:00-04:00,38.349998474121094,38.380001068115234,38.279998779296875,38.30699920654297,8600,0.0,0.0,0.0
2024-05-07 00:00:00-04:00,38.45000076293945,38.45000076293945,38.279998779296875,38.349998474121094,1700,0.0,0.0,0.0
2024-05-08 00:00:00-04:00,38.17900085449219,38.279998779296875,38.17900085449219,38.209999084472656,3600,0.0,0.0,0.0
2024-05-09 00:00:00-04:00,38.290000915527344,38.66999816894531,38.290000915527344,38.667999267578125,3800,0.0,0.0,0.0
2024-05-10 00:00:00-04:00,38.88999938964844,38.88999938964844,38.58000183105469,38.66999816894531,4100,0.0,0.0,0.0
2024-05-13 00:00:00-04:00,38.66999816894531,38.81999969482422,38.619998931884766,38.6609992980957,20400,0.0,0.0,0.0
2024-05-14 00:00:00-04:00,38.83000183105469,38.86000061035156,38.755001068115234,38.849998474121094,33400,0.0,0.0,0.0
2024-05-15 00:00:00-04:00,38.9900016784668,39.17599868774414,38.97999954223633,39.17599868774414,82100,0.0,0.0,0.0
2024-05-16 00:00:00-04:00,39.0099983215332,39.119998931884766,38.869998931884766,38.869998931884766,11500,0.0,0.0,0.0
2024-05-17 00:00:00-04:00,38.810001373291016,38.93000030517578,38.810001373291016,38.90999984741211,11000,0.0,0.0,0.0
2024-05-20 00:00:00-04:00,39.025001525878906,39.08000183105469,38.959999084472656,39.0099983215332,5000,0.0,0.0,0.0
2024-05-21 00:00:00-04:00,38.93000030517578,39.040000915527344,38.880001068115234,39.029998779296875,7800,0.0,0.0,0.0
2024-05-22 00:00:00-04:00,38.79999923706055,38.79999923706055,38.459999084472656,38.52399826049805,5800,0.0,0.0,0.0
2024-05-23 00:00:00-04:00,38.505001068115234,38.51499938964844,38.150001525878906,38.27000045776367,8600,0.0,0.0,0.0
2024-05-24 00:00:00-04:00,38.41999816894531,38.689998626708984,38.41999816894531,38.62799835205078,2600,0.0,0.0,0.0
2024-05-28 00:00:00-04:00,38.81800079345703,38.882999420166016,38.66600036621094,38.66600036621094,4100,0.0,0.0,0.0
2024-05-29 00:00:00-04:00,38.220001220703125,38.349998474121094,38.150001525878906,38.150001525878906,7000,0.0,0.0,0.0
2024-05-30 00:00:00-04:00,38.2599983215332,38.54999923706055,38.2599983215332,38.487998962402344,4800,0.0,0.0,0.0
2024-05-31 00:00:00-04:00,38.689998626708984,38.939998626708984,38.486000061035156,38.92599868774414,6700,0.0,0.0,0.0
2024-06-03 00:00:00-04:00,39.13999938964844,39.13999938964844,38.43000030517578,38.69599914550781,41200,0.0,0.0,0.0
2024-06-04 00:00:00-04:00,38.470001220703125,38.52000045776367,38.11000061035156,38.2140007019043,4700,0.0,0.0,0.0
2024-06-05 00:00:00-04:00,38.15999984741211,38.380001068115234,38.13999938964844,38.380001068115234,15100,0.0,0.0,0.0
2024-06-06 00:00:00-04:00,38.470001220703125,38.470001220703125,38.29999923706055,38.380001068115234,12400,0.0,0.0,0.0
2024-06-07 00:00:00-04:00,38.2400016784668,38.2400016784668,38.0,38.0629997253418,3500,0.0,0.0,0.0
2024-06-10 00:00:00-04:00,38.040000915527344,38.209999084472656,38.0,38.1870002746582,7300,0.0,0.0,0.0
2024-06-11 00:00:00-04:00,37.72999954223633,38.06999969482422,37.72999954223633,37.95000076293945,15800,0.0,0.0,0.0
2024-06-12 00:00:00-04:00,37.97999954223633,38.650001525878906,37.97999954223633,38.13999938964844,16300,0.0,0.0,0.0
2024-06-13 00:00:00-04:00,38.20000076293945,38.20000076293945,37.709999084472656,37.91999816894531,10000,0.0,0.0,0.0
2024-06-14 00:00:00-04:00,37.459999084472656,37.60900115966797,37.321998596191406,37.400001525878906,16500,0.0,0.0,0.0
2024-06-17 00:00:00-04:00,37.560001373291016,37.779998779296875,37.36000061035156,37.70399856567383,15800,0.0,0.0,0.0
2024-06-18 00:00:00-04:00,37.79999923706055,37.86000061035156,37.75,37.821998596191406,46800,0.0,0.0,0.0
2024-06-20 00:00:00-04:00,37.90999984741211,37.9900016784668,37.810001373291016,37.82400131225586,7700,0.0,0.0,0.0
2024-06-21 00:00:00-04:00,37.75,37.75,37.619998931884766,37.715999603271484,18400,0.0,0.0,0.0
2024-06-24 00:00:00-04:00,38.150001525878906,38.150001525878906,38.0,38.0359992980957,8500,0.0,0.0,0.0
2024-06-25 00:00:00-04:00,37.77000045776367,37.83000183105469,37.68000030517578,37.724998474121094,10900,0.0,0.0,0.0
2024-06-26 00:00:00-04:00,37.58000183105469,37.58000183105469,37.4900016784668,37.57600021362305,8200,0.0,0.0,0.0
2024-06-27 00:00:00-04:00,37.29999923706055,37.54999923706055,37.06399917602539,37.439998626708984,556600,0.0,0.0,0.0
2024-06-28 00:00:00-04:00,37.11000061035156,37.31999969482422,37.07099914550781,37.167999267578125,12100,0.0,0.0,0.0
2024-07-01 00:00:00-04:00,37.23500061035156,37.23500061035156,37.06999969482422,37.125999450683594,4500,0.0,0.0,0.0
2024-07-02 00:00:00-04:00,37.08000183105469,37.10599899291992,36.939998626708984,37.10599899291992,59200,0.0,0.0,0.0
2024-07-03 00:00:00-04:00,37.5099983215332,37.5099983215332,37.28099822998047,37.36000061035156,12400,0.0,0.0,0.0
2024-07-05 00:00:00-04:00,37.560001373291016,37.560001373291016,37.08000183105469,37.45000076293945,6800,0.0,0.0,0.0
2024-07-08 00:00:00-04:00,37.380001068115234,37.380001068115234,37.13999938964844,37.13999938964844,13400,0.0,0.0,0.0
2024-07-09 00:00:00-04:00,36.849998474121094,37.130001068115234,36.75,36.75,16200,0.0,0.0,0.0
2024-07-10 00:00:00-04:00,36.97999954223633,37.25,36.97999954223633,37.25,6200,0.0,0.0,0.0
2024-07-11 00:00:00-04:00,37.529998779296875,37.97999954223633,37.529998779296875,37.810001373291016,7400,0.0,0.0,0.0
2024-07-12 00:00:00-04:00,38.14099884033203,38.369998931884766,38.13999938964844,38.13999938964844,7400,0.0,0.0,0.0
2024-07-15 00:00:00-04:00,38.13999938964844,38.459999084472656,38.13999938964844,38.150001525878906,5500,0.0,0.0,0.0
2024-07-16 00:00:00-04:00,38.400001525878906,39.0,38.34299850463867,38.97700119018555,8700,0.0,0.0,0.0
2024-07-17 00:00:00-04:00,39.02000045776367,39.029998779296875,38.869998931884766,38.887001037597656,2100,0.0,0.0,0.0
2024-07-18 00:00:00-04:00,39.20000076293945,39.20000076293945,38.630001068115234,38.63999938964844,5100,0.0,0.0,0.0
2024-07-19 00:00:00-04:00,38.68000030517578,38.68000030517578,38.2400016784668,38.400001525878906,2200,0.0,0.0,0.0
2024-07-22 00:00:00-04:00,38.380001068115234,38.689998626708984,38.380001068115234,38.5,6200,0.0,0.0,0.0
2024-07-23 00:00:00-04:00,38.45000076293945,38.595001220703125,38.38999938964844,38.56999969482422,12600,0.0,0.0,0.0
2024-07-24 00:00:00-04:00,38.5,38.5099983215332,38.03099822998047,38.034000396728516,7600,0.0,0.0,0.0
2024-07-25 00:00:00-04:00,38.13999938964844,38.625,38.0,38.29899978637695,4800,0.0,0.0,0.0
2024-07-26 00:00:00-04:00,38.689998626708984,39.06999969482422,38.689998626708984,39.06999969482422,5300,0.0,0.0,0.0
2024-07-29 00:00:00-04:00,38.900001525878906,38.994998931884766,38.7599983215332,38.84000015258789,2300,0.0,0.0,0.0
2024-07-30 00:00:00-04:00,39.04999923706055,39.08000183105469,38.880001068115234,39.08000183105469,2700,0.0,0.0,0.0
2024-07-31 00:00:00-04:00,39.334999084472656,39.709999084472656,39.20000076293945,39.20000076293945,9800,0.0,0.0,0.0
2024-08-01 00:00:00-04:00,39.279998779296875,39.279998779296875,38.28499984741211,38.41999816894531,27500,0.0,0.0,0.0
2024-08-02 00:00:00-04:00,37.41999816894531,37.849998474121094,37.41999816894531,37.849998474121094,2100,0.0,0.0,0.0
2024-08-05 00:00:00-04:00,36.380001068115234,36.86000061035156,36.290000915527344,36.529998779296875,13700,0.0,0.0,0.0
2024-08-06 00:00:00-04:00,36.7599983215332,37.15999984741211,36.7599983215332,36.880001068115234,14200,0.0,0.0,0.0
2024-08-07 00:00:00-04:00,37.220001220703125,37.220001220703125,36.715999603271484,36.715999603271484,4300,0.0,0.0,0.0
2024-08-08 00:00:00-04:00,37.279998779296875,37.40999984741211,37.20500183105469,37.37200164794922,11700,0.0,0.0,0.0
2024-08-09 00:00:00-04:00,37.529998779296875,37.540000915527344,37.25,37.4900016784668,3400,0.0,0.0,0.0
2024-08-12 00:00:00-04:00,37.40999984741211,37.40999984741211,37.2400016784668,37.249000549316406,4200,0.0,0.0,0.0
2024-08-13 00:00:00-04:00,37.209999084472656,37.709999084472656,37.209999084472656,37.689998626708984,4900,0.0,0.0,0.0
2024-08-14 00:00:00-04:00,37.709999084472656,37.7599983215332,37.58000183105469,37.694000244140625,2600,0.0,0.0,0.0
2024-08-15 00:00:00-04:00,38.09000015258789,38.270999908447266,38.09000015258789,38.20100021362305,3400,0.0,0.0,0.0
2024-08-16 00:00:00-04:00,38.279998779296875,38.41999816894531,38.18000030517578,38.29800033569336,9800,0.0,0.0,0.0
2024-08-19 00:00:00-04:00,38.31999969482422,38.70000076293945,38.31999969482422,38.611000061035156,7500,0.0,0.0,0.0
2024-08-20 00:00:00-04:00,38.5,38.5,38.31399917602539,38.380001068115234,4700,0.0,0.0,0.0
2024-08-21 00:00:00-04:00,38.630001068115234,38.82500076293945,38.630001068115234,38.82500076293945,6800,0.0,0.0,0.0
2024-08-22 00:00:00-04:00,38.97999954223633,38.97999954223633,38.56999969482422,38.7599983215332,4200,0.0,0.0,0.0
2024-08-23 00:00:00-04:00,38.630001068115234,39.400001525878906,38.630001068115234,39.310001373291016,3700,0.0,0.0,0.0
2024-08-26 00:00:00-04:00,39.54499816894531,39.66999816894531,39.34000015258789,39.34000015258789,3900,0.0,0.0,0.0
2024-08-27 00:00:00-04:00,39.33399963378906,39.38999938964844,39.2400016784668,39.3489990234375,12000,0.0,0.0,0.0
2024-08-28 00:00:00-04:00,39.119998931884766,39.310001373291016,39.029998779296875,39.029998779296875,4000,0.0,0.0,0.0
2024-08-29 00:00:00-04:00,39.400001525878906,39.54999923706055,39.349998474121094,39.38999938964844,8200,0.0,0.0,0.0
2024-08-30 00:00:00-04:00,39.56999969482422,39.56999969482422,39.20000076293945,39.47100067138672,29200,0.0,0.0,0.0
2024-09-03 00:00:00-04:00,39.40999984741211,39.40999984741211,38.59000015258789,38.66999816894531,43600,0.0,0.0,0.0
2024-09-04 00:00:00-04:00,38.33000183105469,38.540000915527344,38.33000183105469,38.34000015258789,2700,0.0,0.0,0.0
2024-09-05 00:00:00-04:00,38.459999084472656,38.52000045776367,38.27799987792969,38.27799987792969,3700,0.0,0.0,0.0
2024-09-06 00:00:00-04:00,38.220001220703125,38.41999816894531,37.79999923706055,37.840999603271484,15300,0.0,0.0,0.0
2024-09-09 00:00:00-04:00,38.290000915527344,38.290000915527344,37.95000076293945,38.27000045776367,4500,0.0,0.0,0.0
2024-09-10 00:00:00-04:00,38.15999984741211,38.15999984741211,37.540000915527344,37.630001068115234,27300,0.0,0.0,0.0
2024-09-11 00:00:00-04:00,37.417999267578125,37.76599884033203,37.119998931884766,37.76599884033203,5300,0.0,0.0,0.0
2024-09-12 00:00:00-04:00,37.96500015258789,38.15999984741211,37.95000076293945,38.106998443603516,4100,0.0,0.0,0.0
2024-09-13 00:00:00-04:00,38.20000076293945,38.750999450683594,38.20000076293945,38.61000061035156,1400,0.0,0.0,0.0
2024-09-16 00:00:00-04:00,38.900001525878906,39.0890007019043,38.80099868774414,39.0890007019043,3600,0.0,0.0,0.0
2024-09-17 00:00:00-04:00,39.224998474121094,39.380001068115234,39.08000183105469,39.08000183105469,3300,0.0,0.0,0.0
2024-09-18 00:00:00-04:00,39.22700119018555,39.630001068115234,39.11000061035156,39.52000045776367,3800,0.0,0.0,0.0
2024-09-19 00:00:00-04:00,39.77399826049805,39.869998931884766,39.720001220703125,39.77799987792969,9400,0.0,0.0,0.0
2024-09-20 00:00:00-04:00,39.7599983215332,39.7599983215332,39.361000061035156,39.465999603271484,9500,0.0,0.0,0.0
2024-09-23 00:00:00-04:00,39.58000183105469,39.65999984741211,39.0099983215332,39.0099983215332,16400,0.0,0.0,0.0
2024-09-24 00:00:00-04:00,39.904998779296875,39.904998779296875,39.80500030517578,39.83399963378906,11700,0.0,0.0,0.0
2024-09-25 00:00:00-04:00,39.66999816894531,39.720001220703125,39.361000061035156,39.375999450683594,3700,0.0,0.0,0.0
2024-09-26 00:00:00-04:00,39.61000061035156,39.81999969482422,39.61000061035156,39.78099822998047,7300,0.0,0.0,0.0
2024-09-27 00:00:00-04:00,40.08599853515625,40.08599853515625,39.7400016784668,39.7400016784668,3100,0.0,0.0,0.0
2024-09-30 00:00:00-04:00,39.7599983215332,40.040000915527344,39.529998779296875,40.040000915527344,28700,0.0,0.0,0.0
2024-10-01 00:00:00-04:00,39.88999938964844,39.88999938964844,39.45500183105469,39.650001525878906,7800,0.0,0.0,0.0
2024-10-02 00:00:00-04:00,39.72999954223633,39.72999954223633,39.540000915527344,39.608001708984375,3600,0.0,0.0,0.0
2024-10-03 00:00:00-04:00,39.4900016784668,39.66899871826172,39.22999954223633,39.51900100708008,4300,0.0,0.0,0.0
2024-10-04 00:00:00-04:00,39.790000915527344,39.87200164794922,39.69499969482422,39.87200164794922,5800,0.0,0.0,0.0
2024-10-07 00:00:00-04:00,39.91999816894531,39.91999816894531,39.650001525878906,39.731998443603516,3900,0.0,0.0,0.0
2024-10-08 00:00:00-04:00,39.59000015258789,39.59000015258789,39.415000915527344,39.439998626708984,2500,0.0,0.0,0.0
2024-10-09 00:00:00-04:00,39.56999969482422,39.68000030517578,39.56999969482422,39.63800048828125,5800,0.0,0.0,0.0
2024-10-10 00:00:00-04:00,39.310001373291016,39.630001068115234,39.310001373291016,39.5099983215332,60300,0.0,0.0,0.0
2024-10-11 00:00:00-04:00,39.650001525878906,39.91999816894531,39.650001525878906,39.869998931884766,27600,0.0,0.0,0.0
2024-10-14 00:00:00-04:00,39.66999816894531,39.992000579833984,39.66999816894531,39.992000579833984,500,0.0,0.0,0.0
2024-10-15 00:00:00-04:00,39.689998626708984,39.900001525878906,39.560001373291016,39.650001525878906,10600,0.0,0.0,0.0
2024-10-16 00:00:00-04:00,39.650001525878906,39.88800048828125,39.650001525878906,39.790000915527344,9000,0.0,0.0,0.0
2024-10-17 00:00:00-04:00,39.72999954223633,39.86000061035156,39.72999954223633,39.77000045776367,6700,0.0,0.0,0.0
2024-10-18 00:00:00-04:00,39.750999450683594,39.93000030517578,39.750999450683594,39.810001373291016,4800,0.0,0.0,0.0
2024-10-21 00:00:00-04:00,39.75,39.75,39.4010009765625,39.470001220703125,22100,0.0,0.0,0.0
2024-10-22 00:00:00-04:00,39.40999984741211,39.40999984741211,39.15999984741211,39.18199920654297,5300,0.0,0.0,0.0
2024-10-23 00:00:00-04:00,39.04999923706055,39.08000183105469,38.59000015258789,38.7400016784668,7400,0.0,0.0,0.0
2024-10-24 00:00:00-04:00,39.33000183105469,39.33000183105469,38.768001556396484,38.959999084472656,22500,0.0,0.0,0.0
2024-10-25 00:00:00-04:00,39.619998931884766,39.619998931884766,38.849998474121094,38.90999984741211,27600,0.0,0.0,0.0
2024-10-28 00:00:00-04:00,38.91999816894531,39.209999084472656,38.91999816894531,39.09000015258789,21400,0.0,0.0,0.0
2024-10-29 00:00:00-04:00,39.90999984741211,39.90999984741211,38.75,38.869998931884766,13300,0.0,0.0,0.0
2024-10-30 00:00:00-04:00,39.0,39.0,38.72999954223633,38.77000045776367,29300,0.0,0.0,0.0
2024-10-31 00:00:00-04:00,38.810001373291016,38.810001373291016,38.516998291015625,38.590999603271484,28100,0.0,0.0,0.0
2024-11-01 00:00:00-04:00,38.86000061035156,38.97999954223633,38.65700149536133,38.65700149536133,13000,0.0,0.0,0.0
2024-11-04 00:00:00-05:00,38.709999084472656,39.220001220703125,38.709999084472656,39.220001220703125,16900,0.0,0.0,0.0
2024-11-05 00:00:00-05:00,38.939998626708984,39.249000549316406,38.79999923706055,39.209999084472656,14500,0.0,0.0,0.0
2024-11-06 00:00:00-05:00,40.0,40.13999938964844,39.779998779296875,39.97999954223633,26300,0.0,0.0,0.0
2024-11-07 00:00:00-05:00,40.36000061035156,40.41999816894531,40.2400016784668,40.380001068115234,9200,0.0,0.0,0.0
2024-11-08 00:00:00-05:00,40.40999984741211,40.40999984741211,39.97999954223633,40.047000885009766,7300,0.0,0.0,0.0
2024-11-11 00:00:00-05:00,40.119998931884766,40.314998626708984,40.119998931884766,40.18000030517578,5000,0.0,0.0,0.0
2024-11-12 00:00:00-05:00,40.15999984741211,40.15999984741211,39.68000030517578,39.709999084472656,15300,0.0,0.0,0.0
2024-11-13 00:00:00-05:00,39.70000076293945,39.70000076293945,39.512001037597656,39.52000045776367,65900,0.0,0.0,0.0
2024-11-14 00:00:00-05:00,39.630001068115234,39.709999084472656,39.349998474121094,39.349998474121094,58500,0.0,0.0,0.0
2024-11-15 00:00:00-05:00,39.279998779296875,39.29999923706055,39.02000045776367,39.02000045776367,7200,0.0,0.0,0.0
2024-11-18 00:00:00-05:00,39.18000030517578,39.347999572753906,39.18000030517578,39.310001373291016,108600,0.0,0.0,0.0
2024-11-19 00:00:00-05:00,39.00899887084961,39.189998626708984,38.95800018310547,39.099998474121094,10300,0.0,0.0,0.0
2024-11-20 00:00:00-05:00,39.060001373291016,39.29499816894531,39.060001373291016,39.29499816894531,46200,0.0,0.0,0.0
2024-11-21 00:00:00-05:00,39.41999816894531,39.8129997253418,39.41999816894531,39.757999420166016,20000,0.0,0.0,0.0
2024-11-22 00:00:00-05:00,39.84000015258789,40.20000076293945,39.84000015258789,40.14699935913086,13200,0.0,0.0,0.0
2024-11-25 00:00:00-05:00,40.63999938964844,40.7400016784668,40.494998931884766,40.5099983215332,13700,0.0,0.0,0.0
2024-11-26 00:00:00-05:00,40.400001525878906,40.400001525878906,40.060001373291016,40.13999938964844,12300,0.0,0.0,0.0
2024-11-27 00:00:00-05:00,40.150001525878906,40.4900016784668,40.125,40.13399887084961,19800,0.0,0.0,0.0
2024-11-29 00:00:00-05:00,40.400001525878906,40.41999816894531,40.380001068115234,40.41999816894531,1900,0.0,0.0,0.0
