Date,Open,High,Low,Close,Volume,Dividends,Stock Splits
2020-06-17 00:00:00-04:00,23.683679347344587,23.777849407196044,23.457672281387786,23.54242515563965,163800,0.0,0.0
2020-06-18 00:00:00-04:00,23.523589483012227,23.542423853169417,23.40116966927928,23.53300666809082,127500,0.0,0.0
2020-06-19 00:00:00-04:00,23.54242611991936,23.580094863860626,23.44825605621077,23.528301239013672,156700,0.0,0.0
2020-06-22 00:00:00-04:00,23.52359000600063,23.63659443331175,23.467088690417288,23.613052368164062,127500,0.0,0.0
2020-06-23 00:00:00-04:00,23.636592941522697,23.768429934944606,23.636592941522697,23.69309425354004,211200,0.0,0.0
2020-06-24 00:00:00-04:00,23.683680317409962,23.721349061351226,23.391754736443442,23.528301239013672,139300,0.0,0.0
2020-06-25 00:00:00-04:00,23.542422814503357,23.664842622835277,23.49533868733208,23.636592864990234,102500,0.0,0.0
2020-06-26 00:00:00-04:00,23.592334622787458,23.702513718543777,23.495341023786168,23.54242515563965,60100,0.0,0.0
2020-06-29 00:00:00-04:00,23.67426216174499,23.67426216174499,23.490631532914122,23.54242515563965,206200,0.0,0.0
2020-06-30 00:00:00-04:00,23.542424642212183,23.669553950817466,23.542424642212183,23.580093383789062,501500,0.0,0.0
2020-07-01 00:00:00-04:00,23.58950778816572,23.66484347202972,23.495339530444006,23.531124114990234,68000,0.0,0.0
2020-07-02 00:00:00-04:00,23.674261625950457,23.711930367496322,23.589508753616716,23.60834312438965,53100,0.0,0.0
2020-07-06 00:00:00-04:00,23.68367733175667,23.82493151144024,23.62717601911211,23.80609893798828,69000,0.0,0.0
2020-07-07 00:00:00-04:00,23.80610007487669,23.80610007487669,23.646011517951603,23.730764389038086,46800,0.0,0.0
2020-07-08 00:00:00-04:00,23.80610007487669,23.80610007487669,23.617759962207963,23.730764389038086,34600,0.0,0.0
2020-07-09 00:00:00-04:00,23.777849661905,23.777849661905,23.65542984008789,23.65542984008789,38400,0.0,0.0
2020-07-10 00:00:00-04:00,23.73076333303025,23.777847461029992,23.664843039228515,23.716636657714844,41600,0.0,0.0
2020-07-13 00:00:00-04:00,23.815516541599717,23.815516541599717,23.683677748251473,23.74017906188965,44400,0.0,0.0
2020-07-14 00:00:00-04:00,23.890854684663502,23.890854684663502,23.551843175645388,23.67426300048828,35900,0.0,0.0
2020-07-15 00:00:00-04:00,23.74959582919938,23.86260025063284,23.68367733175667,23.80609893798828,13000,0.0,0.0
2020-07-16 00:00:00-04:00,23.862600402084727,24.013271767522735,23.64601053878564,23.91910171508789,45500,0.0,0.0
2020-07-17 00:00:00-04:00,24.013273861747855,24.15452805464688,23.787266793880512,24.06694984436035,37900,0.0,0.0
2020-07-20 00:00:00-04:00,23.853184911899373,24.15452766418457,23.834350540845428,24.15452766418457,41300,0.0,0.0
2020-07-21 00:00:00-04:00,24.154526547076962,24.295780731159812,23.966188233681297,24.20161247253418,45400,0.0,0.0
2020-07-22 00:00:00-04:00,24.03210560899334,24.295779594641903,24.013271239691495,24.276947021484375,33200,0.0,0.0
2020-07-23 00:00:00-04:00,24.276947098094663,24.34286559471482,24.05658892808519,24.33344841003418,15500,0.0,0.0
2020-07-24 00:00:00-04:00,24.33344746445949,24.389948774203422,24.272236664486083,24.31932258605957,19300,0.0,0.0
2020-07-27 00:00:00-04:00,24.308022701841303,24.437036158918524,24.295780181884766,24.295780181884766,18500,0.0,0.0
2020-07-28 00:00:00-04:00,24.29578089804492,24.29578089804492,24.060356657574932,24.286365509033203,231600,0.0,0.0
2020-07-29 00:00:00-04:00,24.2486968231663,24.474703878990518,24.21102808245672,24.371116638183594,30000,0.0,0.0
2020-07-30 00:00:00-04:00,24.239279054519045,24.4747032898537,24.220444684617622,24.352283477783203,25400,0.0,0.0
2020-07-31 00:00:00-04:00,24.408786331077764,24.6347933957185,24.333450642864186,24.50295639038086,28200,0.0,0.0
2020-08-03 00:00:00-04:00,24.63479439453388,24.80053363378143,24.554751008374815,24.719547271728516,73100,0.0,0.0
2020-08-04 00:00:00-04:00,24.72896452665861,24.77604866027832,24.41914575454458,24.77604866027832,49100,0.0,0.0
2020-08-05 00:00:00-04:00,24.776048591143418,24.860801468338053,24.719547271728516,24.719547271728516,25400,0.0,0.0
2020-08-06 00:00:00-04:00,24.83255109843917,24.84196648799056,24.598068024201282,24.72896385192871,24100,0.0,0.0
2020-08-07 00:00:00-04:00,24.79488251691343,24.860801021068973,24.7336717075642,24.813716888427734,9200,0.0,0.0
2020-08-10 00:00:00-04:00,24.851383405231662,24.898469333202556,24.71954639920216,24.76192283630371,16900,0.0,0.0
2020-08-11 00:00:00-04:00,24.71954572255008,24.777931193949094,24.68187698120448,24.7148380279541,49500,0.0,0.0
2020-08-12 00:00:00-04:00,24.813718010994045,24.813718010994045,24.71954794530681,24.766632080078125,15900,0.0,0.0
2020-08-13 00:00:00-04:00,24.70071371567281,24.7948837819042,24.578293886873233,24.788291931152344,43600,0.0,0.0
2020-08-14 00:00:00-04:00,24.757214343520857,24.89846853059116,24.757214343520857,24.86079978942871,10200,0.0,0.0
2020-08-17 00:00:00-04:00,24.907886206881713,25.11505889892578,24.84667539935833,25.11505889892578,20900,0.0,0.0
2020-08-18 00:00:00-04:00,24.92671878168974,25.133893269878282,24.92671878168974,25.11505889892578,22300,0.0,0.0
2020-08-19 00:00:00-04:00,25.20922942314661,25.303399483503906,24.992639541625977,24.992639541625977,18600,0.0,0.0
2020-08-20 00:00:00-04:00,24.992638146626117,25.105640775831866,24.917300665629742,24.95496940612793,23800,0.0,0.0
2020-08-21 00:00:00-04:00,24.77604828485388,24.926719665527344,24.766631099043718,24.926719665527344,21700,0.0,0.0
2020-08-24 00:00:00-04:00,24.954971029954663,25.143311152412128,24.907886897412556,25.133893966674805,27500,0.0,0.0
2020-08-25 00:00:00-04:00,25.143311847100303,25.152727236953243,24.9173029754491,25.035015106201172,14800,0.0,0.0
2020-08-26 00:00:00-04:00,25.12447676050125,25.171560893005054,24.946495003656253,25.16214370727539,25500,0.0,0.0
2020-08-27 00:00:00-04:00,25.143310218564153,25.312814167106897,24.936135732326704,24.973804473876953,34500,0.0,0.0
2020-08-28 00:00:00-04:00,24.983222780388296,25.00111417612642,24.82313421390467,24.926719665527344,23700,0.0,0.0
2020-08-31 00:00:00-04:00,25.23036585374579,25.23036585374579,25.000476636014273,25.153736114501953,35900,0.447,0.0
2020-09-01 00:00:00-04:00,25.144156927959145,25.172893765024334,25.000476396627366,25.163314819335938,23900,0.0,0.0
2020-09-02 00:00:00-04:00,25.16235602685504,25.316574679677053,25.112546604719462,25.220787048339844,21700,0.0,0.0
2020-09-03 00:00:00-04:00,25.268678716397233,25.268678716397233,24.981317663417315,25.048368453979492,23600,0.0,0.0
2020-09-04 00:00:00-04:00,25.201628311106738,25.201628311106738,25.000475936345065,25.1058406829834,19600,0.0,0.0
2020-09-08 00:00:00-04:00,25.067526925693887,25.134577717810085,24.95258140563965,24.95258140563965,34600,0.0,0.0
2020-09-09 00:00:00-04:00,25.048369198991843,25.239944458007812,25.000476297736384,25.239944458007812,25300,0.0,0.0
2020-09-10 00:00:00-04:00,25.239944458007812,25.268679467962258,25.144156828499828,25.239944458007812,13600,0.0,0.0
2020-09-11 00:00:00-04:00,25.26868067570747,25.326154352357523,25.03400289054314,25.19205093383789,18100,0.0,0.0
2020-09-14 00:00:00-04:00,25.364467180430292,25.56562138575469,25.239944540560582,25.527305603027344,19600,0.0,0.0
2020-09-15 00:00:00-04:00,25.56562138575469,25.58477745012128,25.386498938198223,25.527305603027344,11500,0.0,0.0
2020-09-16 00:00:00-04:00,25.598190241705407,25.623094039664682,25.364467979102773,25.498571395874023,11300,0.0,0.0
2020-09-17 00:00:00-04:00,25.36446685555745,25.479412375270158,25.115419752010794,25.249523162841797,19800,0.0,0.0
2020-09-18 00:00:00-04:00,25.46983316007732,25.46983316007732,25.268678959458846,25.3692569732666,15500,0.0,0.0
2020-09-21 00:00:00-04:00,25.192050489043222,25.354888916015625,25.096264683645327,25.354888916015625,34500,0.0,0.0
2020-09-22 00:00:00-04:00,25.206419045936197,25.690143925502685,25.206419045936197,25.60393524169922,33300,0.0,0.0
2020-09-23 00:00:00-04:00,25.345310984332684,25.402784662267926,24.75143092831277,25.172895431518555,25500,0.0,0.0
2020-09-24 00:00:00-04:00,25.23994577917437,25.575201586502505,24.7131147028024,25.33573341369629,32600,0.0,0.0
2020-09-25 00:00:00-04:00,25.383623923990775,25.71887969970703,25.27825735325215,25.71887969970703,29100,0.0,0.0
2020-09-28 00:00:00-04:00,25.709301544681036,26.092450231420543,25.575199961071473,26.054136276245117,30300,0.0,0.0
2020-09-29 00:00:00-04:00,25.929611909675717,26.27444664254966,25.69014375117927,25.977506637573242,25100,0.0,0.0
2020-09-30 00:00:00-04:00,25.90470800263776,26.72464600918934,25.90470800263776,26.418127059936523,89300,0.0,0.0
2020-10-01 00:00:00-04:00,26.40854815756934,26.686332097656972,26.293604464910153,26.56180763244629,24400,0.0,0.0
2020-10-02 00:00:00-04:00,26.437284295281074,26.676752446819854,25.9679269375047,26.149921417236328,59200,0.0,0.0
2020-10-05 00:00:00-04:00,26.284027302452394,26.46410710629949,26.108736058208844,26.196861267089844,15300,0.0,0.0
2020-10-06 00:00:00-04:00,26.073292581309016,26.18823810189174,25.718880727923317,26.044557571411133,30800,0.0,0.0
2020-10-07 00:00:00-04:00,25.9583478013502,26.044556481430092,25.87213912127031,25.939189910888672,10400,0.0,0.0
2020-10-08 00:00:00-04:00,25.939193319359244,25.939193319359244,25.738040924072266,25.738040924072266,15500,0.0,0.0
2020-10-09 00:00:00-04:00,25.757193605498124,25.939189910888672,25.690142815879764,25.939189910888672,15500,0.0,0.0
2020-10-12 00:00:00-04:00,25.79072231268197,25.958351135253906,25.68056716887613,25.958351135253906,12100,0.0,0.0
2020-10-13 00:00:00-04:00,25.920033685532935,25.958349468917405,25.881719729145576,25.94877052307129,6900,0.0,0.0
2020-10-14 00:00:00-04:00,25.862560272216797,25.958347897883666,25.709300801948608,25.862560272216797,19500,0.0,0.0
2020-10-15 00:00:00-04:00,25.72846235366707,26.04456028445089,25.498573115551316,25.795513153076172,25800,0.0,0.0
2020-10-16 00:00:00-04:00,26.140343814554335,26.140343814554335,25.76677226271811,25.80508804321289,10300,0.0,0.0
2020-10-19 00:00:00-04:00,25.9104560255743,26.23613289251659,25.83382628199948,25.90087890625,13200,0.0,0.0
2020-10-20 00:00:00-04:00,26.10203098364721,26.14992388768072,25.94877149834337,26.130767822265625,14000,0.0,0.0
2020-10-21 00:00:00-04:00,25.92578236453089,26.245711494078293,25.867351340836425,25.92099380493164,15200,0.0,0.0
2020-10-22 00:00:00-04:00,26.054137620835302,26.178660265328055,25.8338255159679,26.073293685913086,28900,0.0,0.0
2020-10-23 00:00:00-04:00,26.169081780092995,26.17866072629913,25.98804462968938,26.130767822265625,16900,0.0,0.0
2020-10-26 00:00:00-04:00,25.975591816921682,26.2313440169343,25.891299648103722,26.130767822265625,7600,0.0,0.0
2020-10-27 00:00:00-04:00,26.05413547465021,26.106816933020962,25.78593048868576,26.082870483398438,19200,0.0,0.0
2020-10-28 00:00:00-04:00,26.082871316718713,26.082871316718713,25.498570253873964,25.613513946533203,33400,0.0,0.0
2020-10-29 00:00:00-04:00,25.709301958326062,25.862561435487702,25.66619761618703,25.67098617553711,5600,0.0,0.0
2020-10-30 00:00:00-04:00,25.766772550728888,25.97750569181173,25.60393413579987,25.939189910888672,17500,0.0,0.0
2020-11-02 00:00:00-05:00,26.025399073716578,26.108733889073328,25.632671446955435,25.920032501220703,10800,0.0,0.0
2020-11-03 00:00:00-05:00,25.891297930033005,26.00624162288497,25.73324806861523,25.75719451904297,12300,0.0,0.0
2020-11-04 00:00:00-05:00,25.98708579385545,26.054138418169714,25.65183180727013,25.824247360229492,16500,0.0,0.0
2020-11-05 00:00:00-05:00,25.899918826722164,26.054137482007317,25.817541352836628,26.006242752075195,10200,0.0,0.0
2020-11-06 00:00:00-05:00,26.04455825630906,26.04455825630906,25.74187050897796,25.872140884399414,11200,0.0,0.0
2020-11-09 00:00:00-05:00,25.6901436535948,26.054136276245117,25.6901436535948,26.054136276245117,10000,0.0,0.0
2020-11-10 00:00:00-05:00,25.87213878667831,26.130764823573298,25.728458264068976,26.02539825439453,12100,0.0,0.0
2020-11-11 00:00:00-05:00,26.121187309467263,26.158543918532747,26.044557571411133,26.044557571411133,4700,0.0,0.0
2020-11-12 00:00:00-05:00,26.169082936639615,26.169082936639615,25.785934206446694,25.795513153076172,17900,0.0,0.0
2020-11-13 00:00:00-05:00,26.06371401732738,26.10202980041504,25.934402816899283,26.10202980041504,3200,0.0,0.0
2020-11-16 00:00:00-05:00,26.054136276245117,26.149922077682206,25.939190756724738,26.054136276245117,13100,0.0,0.0
2020-11-17 00:00:00-05:00,26.063712930502945,26.169079502603246,25.977506076144632,25.996662139892578,17000,0.0,0.0
2020-11-18 00:00:00-05:00,26.089578865075644,26.10203167817469,25.958351135253906,25.958351135253906,16900,0.0,0.0
2020-11-19 00:00:00-05:00,26.054136898552564,26.166206727390055,25.98229571876176,26.10202980041504,12400,0.0,0.0
2020-11-20 00:00:00-05:00,26.08287214972069,26.197817673047968,26.044558193276337,26.092451095581055,23900,0.0,0.0
2020-11-23 00:00:00-05:00,26.10202980041504,26.245710332999554,26.046472645736777,26.10202980041504,29500,0.0,0.0
2020-11-24 00:00:00-05:00,26.102030142990753,26.12118803478602,26.01582145690918,26.01582145690918,12900,0.0,0.0
2020-11-25 00:00:00-05:00,26.054136658144945,26.24571009082424,25.996662984043784,26.111608505249023,17500,0.0,0.0
2020-11-27 00:00:00-05:00,26.102029318892598,26.216974839037988,26.102029318892598,26.121187210083008,7500,0.0,0.0
2020-11-30 00:00:00-05:00,26.044412790786183,26.4068976736505,25.850052607913902,26.09300422668457,51100,0.391,0.0
2020-12-01 00:00:00-05:00,26.180467226044776,26.181438498700572,25.73343527906688,25.927797317504883,43000,0.0,0.0
2020-12-02 00:00:00-05:00,25.947233021068985,26.044412183452113,25.89864158630371,25.89864158630371,17000,0.0,0.0
2020-12-03 00:00:00-05:00,25.93751560478416,26.04344178505287,25.859771160123714,25.927797317504883,9500,0.0,0.0
2020-12-04 00:00:00-05:00,26.141594849790955,26.141594849790955,25.86949021222164,26.06385040283203,28900,0.0,0.0
2020-12-07 00:00:00-05:00,26.161031424924143,26.170749712490736,26.01526081857289,26.06385040283203,13900,0.0,0.0
2020-12-08 00:00:00-05:00,26.131875175547712,26.1707483237513,26.00554115103351,26.10272216796875,16400,0.0,0.0
2020-12-09 00:00:00-05:00,26.161029290282947,26.238773730898217,25.99582212227879,26.122156143188477,42900,0.0,0.0
2020-12-10 00:00:00-05:00,26.11244156957093,26.238775599477417,26.102723282105227,26.22905731201172,19900,0.0,0.0
2020-12-11 00:00:00-05:00,26.229057189117853,26.326238209745718,26.10272315980329,26.18046760559082,44700,0.0,0.0
2020-12-14 00:00:00-05:00,26.258211873855537,26.258211873855537,26.005541963360827,26.13187599182129,27200,0.0,0.0
2020-12-15 00:00:00-05:00,26.2096205374156,26.2096205374156,25.89864275517744,26.024978637695312,40100,0.0,0.0
2020-12-16 00:00:00-05:00,26.02497837006319,26.287364712644724,25.86948948054311,26.190185546875,19900,0.0,0.0
2020-12-17 00:00:00-05:00,26.083286707173826,26.24849388694312,26.083286707173826,26.22905731201172,20200,0.0,0.0
2020-12-18 00:00:00-05:00,26.258211303671164,26.33595574724491,26.13187542438024,26.199901580810547,25100,0.0,0.0
2020-12-21 00:00:00-05:00,26.229056920496635,26.38454581047928,26.190185624787862,26.345674514770508,18400,0.0,0.0
2020-12-22 00:00:00-05:00,26.345674034388345,26.42341847796209,25.966668250089313,26.199901580810547,22400,0.0,0.0
2020-12-23 00:00:00-05:00,26.18046738284479,26.452572013999156,26.063849788368785,26.2387752532959,32600,0.0,0.0
2020-12-24 00:00:00-05:00,26.394262978472423,26.43313612610644,26.266955829616823,26.397178649902344,8500,0.0,0.0
2020-12-28 00:00:00-05:00,26.33595635056877,26.433137370655686,26.297083201104492,26.394264221191406,12200,0.0,0.0
2020-12-29 00:00:00-05:00,26.407868982608598,26.4817264824167,26.287364445703407,26.355392456054688,32400,0.0,0.0
2020-12-30 00:00:00-05:00,26.345675481744056,26.36511020352487,26.16103172302246,26.16103172302246,27600,0.0,0.0
2020-12-31 00:00:00-05:00,26.102722557989466,26.42341862116592,25.98610496520996,25.98610496520996,121200,0.0,0.0
2021-01-04 00:00:00-05:00,26.180467180769018,26.297082920771132,26.02108949395302,26.034696578979492,11000,0.0,0.0
2021-01-05 00:00:00-05:00,26.044411702573207,26.199900583803746,26.044411702573207,26.122156143188477,8500,0.0,0.0
2021-01-06 00:00:00-05:00,26.309717151250396,26.309717151250396,25.713998925568404,25.869489669799805,37200,0.0,0.0
2021-01-07 00:00:00-05:00,25.869488839468406,26.10272216796875,25.80146083011213,26.10272216796875,26100,0.0,0.0
2021-01-08 00:00:00-05:00,26.07356721102944,26.229056096125117,26.03955413326312,26.209619522094727,8600,0.0,0.0
2021-01-11 00:00:00-05:00,26.18046817645223,26.26793091156704,26.016232266545735,26.112442016601562,17500,0.0,0.0
2021-01-12 00:00:00-05:00,26.11244069843436,26.11244069843436,25.93751523703505,25.990964889526367,29900,0.0,0.0
2021-01-13 00:00:00-05:00,26.04052502225193,26.326236724853516,25.93751451784116,26.326236724853516,33400,0.0,0.0
2021-01-14 00:00:00-05:00,26.190187280128495,26.28931085134602,26.044414814679218,26.1415958404541,9800,0.0,0.0
2021-01-15 00:00:00-05:00,26.10272156271996,26.306800025335605,26.10272156271996,26.277647018432617,22500,0.0,0.0
2021-01-19 00:00:00-05:00,26.32623748110206,26.4234184990402,26.219338176012734,26.36899757385254,19700,0.0,0.0
2021-01-20 00:00:00-05:00,26.403981471075518,26.423418045043945,26.316518741791317,26.423418045043945,20800,0.0,0.0
2021-01-21 00:00:00-05:00,26.397179288032188,26.397179288032188,26.14353811038186,26.199901580810547,31800,0.0,0.0
2021-01-22 00:00:00-05:00,26.161031153325624,26.311661828683267,26.131876290928524,26.22905731201172,22400,0.0,0.0
2021-01-25 00:00:00-05:00,26.22905708899218,26.36510940520755,26.22905708899218,26.287364959716797,13800,0.0,0.0
2021-01-26 00:00:00-05:00,26.238775376375248,26.382603434641346,26.22905708899218,26.287364959716797,9300,0.0,0.0
2021-01-27 00:00:00-05:00,26.22905788318993,26.277649321576586,26.13187685999047,26.16103172302246,11300,0.0,0.0
2021-01-28 00:00:00-05:00,26.267929991635043,26.267929991635043,26.141594110416367,26.190185546875,4200,0.0,0.0
2021-01-29 00:00:00-05:00,26.2776500179685,26.287366452329486,26.024980092383355,26.1415958404541,4800,0.0,0.0
2021-02-01 00:00:00-05:00,26.229056442240857,26.28736431152773,26.09300412938024,26.199901580810547,13500,0.0,0.0
2021-02-02 00:00:00-05:00,26.28736312549632,26.28736312549632,26.1513108187741,26.233915328979492,5900,0.0,0.0
2021-02-03 00:00:00-05:00,26.287364636162323,26.316519497952676,26.224198549310536,26.243633270263672,12500,0.0,0.0
2021-02-04 00:00:00-05:00,26.316519652808594,26.355392802091146,26.25821178245855,26.345674514770508,10000,0.0,0.0
2021-02-05 00:00:00-05:00,26.355392153103825,26.418558238771872,26.180466692787352,26.258211135864258,8400,0.0,0.0
2021-02-08 00:00:00-05:00,26.433137279573742,26.433137279573742,26.294167438934206,26.354419708251953,4400,0.0,0.0
2021-02-09 00:00:00-05:00,26.520599489523377,26.5789073587964,26.40398189740359,26.569189071655273,32800,0.0,0.0
2021-02-10 00:00:00-05:00,26.578906833915976,26.578906833915976,26.381629130637037,26.530315399169922,6900,0.0,0.0
2021-02-11 00:00:00-05:00,26.54003286834278,26.54003286834278,26.423417135692937,26.501161575317383,8800,0.0,0.0
2021-02-12 00:00:00-05:00,26.540036077625338,26.540036077625338,26.37482889174945,26.422447204589844,12400,0.0,0.0
2021-02-16 00:00:00-05:00,26.510881547606466,26.656652149474116,26.384545666700404,26.559471130371094,74600,0.0,0.0
2021-02-17 00:00:00-05:00,26.559471822844856,26.559471822844856,26.297083620497688,26.540035247802734,7100,0.0,0.0
2021-02-18 00:00:00-05:00,26.540035545628765,26.540035545628765,26.00554270098923,26.321378707885742,65100,0.0,0.0
2021-02-19 00:00:00-05:00,26.42341912950596,26.42341912950596,26.102723060159878,26.287364959716797,16100,0.0,0.0
2021-02-22 00:00:00-05:00,26.30680026419265,26.360249915431673,26.18435318551148,26.312631607055664,6100,0.0,0.0
2021-02-23 00:00:00-05:00,26.384544975370122,26.384544975370122,26.15131164777833,26.17852210998535,8600,0.0,0.0
2021-02-24 00:00:00-05:00,26.209620045742643,26.277648056208154,25.85977097407452,26.248493194580078,39600,0.0,0.0
2021-02-25 00:00:00-05:00,26.306802031275392,26.32623860640858,25.920995468108142,26.06385040283203,20600,0.0,0.0
2021-02-26 00:00:00-05:00,26.508618511972166,26.508618511972166,26.114145386093877,26.183177947998047,5400,0.391,0.0
2021-03-01 00:00:00-05:00,26.429724235158467,26.498758678968798,26.335051812297575,26.390277862548828,3400,0.0,0.0
2021-03-02 00:00:00-05:00,26.429724600129973,26.429724600129973,26.262073281982293,26.281797409057617,6100,0.0,0.0
2021-03-03 00:00:00-05:00,26.32124469884752,26.38041519690931,26.21473704993781,26.36069107055664,13500,0.0,0.0
2021-03-04 00:00:00-05:00,26.390277367753967,26.469171992490306,26.216708440935534,26.429723739624023,23400,0.0,0.0
2021-03-05 00:00:00-05:00,26.400139088946162,26.48100499668043,26.28179621287672,26.380414962768555,4400,0.0,0.0
2021-03-08 00:00:00-05:00,26.45931019033387,26.47410234480656,26.3508293748775,26.410001754760742,3600,0.0,0.0
2021-03-09 00:00:00-05:00,26.42972328828667,26.42972328828667,26.259115052442514,26.311382293701172,25000,0.0,0.0
2021-03-10 00:00:00-05:00,26.331107363136237,26.429724235158467,26.31730085057342,26.390277862548828,11000,0.0,0.0
2021-03-11 00:00:00-05:00,26.410001734200762,26.774888671548823,26.390277607588366,26.567790985107422,12400,0.0,0.0
2021-03-12 00:00:00-05:00,26.56779039946342,26.56779039946342,26.35970519458093,26.380414962768555,11700,0.0,0.0
2021-03-15 00:00:00-04:00,26.469172829990132,26.53820539369413,26.414932421080913,26.439586639404297,14700,0.0,0.0
2021-03-16 00:00:00-04:00,26.331107962902312,26.455366578797978,26.331107962902312,26.419864654541016,6100,0.0,0.0
2021-03-17 00:00:00-04:00,26.41986355740368,26.528342490793502,26.360691178104254,26.429723739624023,17800,0.0,0.0
2021-03-18 00:00:00-04:00,26.42972470574528,26.48889708720771,26.311383704813007,26.350830078125,12400,0.0,0.0
2021-03-19 00:00:00-04:00,26.49875915078478,26.49875915078478,26.252213204346873,26.350830078125,8900,0.0,0.0
2021-03-22 00:00:00-04:00,26.350829007380305,26.528342382561895,26.350829007380305,26.36069107055664,13200,0.0,0.0
2021-03-23 00:00:00-04:00,26.439586704254108,26.488897022018115,26.390278267486394,26.39520835876465,3800,0.0,0.0
2021-03-24 00:00:00-04:00,26.33110809326172,26.517496018027984,26.33110809326172,26.33110809326172,20300,0.0,0.0
2021-03-25 00:00:00-04:00,26.42972494161788,26.4888973236084,26.344914579891505,26.4888973236084,3900,0.0,0.0
2021-03-26 00:00:00-04:00,26.40013969144687,26.47903431696162,26.331107129245993,26.410001754760742,4800,0.0,0.0
2021-03-29 00:00:00-04:00,26.42972316298849,26.42972316298849,26.331106294966833,26.40013885498047,4500,0.0,0.0
2021-03-30 00:00:00-04:00,26.400140266286137,26.49875902057597,26.350829948643078,26.439586639404297,9800,0.0,0.0
2021-03-31 00:00:00-04:00,26.508618605270243,26.62696148394836,26.449448106429305,26.567790985107422,9900,0.0,0.0
2021-04-01 00:00:00-04:00,26.686131189055388,26.76502581216213,26.607236565948643,26.67133903503418,9500,0.0,0.0
2021-04-05 00:00:00-04:00,26.66049254774876,26.853783724840273,26.66049254774876,26.843921661376953,13300,0.0,0.0
2021-04-06 00:00:00-04:00,26.85378252886719,27.001709712236295,26.77488790567059,26.94253921508789,15300,0.0,0.0
2021-04-07 00:00:00-04:00,26.86857648620125,26.962263263164974,26.55792808532715,26.55792808532715,33000,0.0,0.0
2021-04-08 00:00:00-04:00,26.676270133086692,26.813349616446843,26.676270133086692,26.705856323242188,9200,0.0,0.0
2021-04-09 00:00:00-04:00,26.74530396330685,26.991849899291992,26.69106355643072,26.991849899291992,8800,0.0,0.0
2021-04-12 00:00:00-04:00,26.92281592487734,26.982973946893136,26.791654056477576,26.952402114868164,8900,0.0,0.0
2021-04-13 00:00:00-04:00,27.00171055052328,27.00171055052328,26.824199053567103,26.952402114868164,29100,0.0,0.0
2021-04-14 00:00:00-04:00,27.0214351744297,27.0214351744297,26.824199547183465,26.91295623779297,17600,0.0,0.0
2021-04-15 00:00:00-04:00,26.94254065265912,27.060883534266527,26.707829935549167,26.98198890686035,33000,0.0,0.0
2021-04-16 00:00:00-04:00,27.070745597816835,27.070745597816835,26.824199652047998,26.98198890686035,27200,0.0,0.0
2021-04-19 00:00:00-04:00,27.090467004022212,27.11019113051131,26.878437346754968,26.972126007080078,9200,0.0,0.0
2021-04-20 00:00:00-04:00,27.060883901374353,27.07074596505845,26.725581260100316,26.87350845336914,31400,0.0,0.0
2021-04-21 00:00:00-04:00,26.774889334296457,27.011573216514986,26.745305024641823,26.98198890686035,14300,0.0,0.0
2021-04-22 00:00:00-04:00,27.001709696248167,27.10032844543457,26.9425391991348,27.10032844543457,13500,0.0,0.0
2021-04-23 00:00:00-04:00,27.10032940989317,27.110191473262407,26.784750906062676,27.021434783935547,39500,0.0,0.0
2021-04-26 00:00:00-04:00,27.090466398456993,27.100328461481094,26.94253921508789,26.94253921508789,18900,0.0,0.0
2021-04-27 00:00:00-04:00,27.07074427935584,27.110190650639574,26.804474219454875,26.853782653808594,16000,0.0,0.0
2021-04-28 00:00:00-04:00,26.952402114868164,27.089481597465344,26.912955742543318,26.952402114868164,22900,0.0,0.0
2021-04-29 00:00:00-04:00,27.05102015321587,27.05890905127338,26.853782653808594,26.853782653808594,31100,0.0,0.0
2021-04-30 00:00:00-04:00,27.041158803844375,27.082578341233777,26.853783362561675,26.952402114868164,21000,0.0,0.0
2021-05-03 00:00:00-04:00,27.011571884155273,27.09046650766993,26.91492629952415,27.011571884155273,2300,0.0,0.0
2021-05-04 00:00:00-04:00,26.912956105620196,27.096385219248393,26.725580661809655,26.843921661376953,38900,0.0,0.0
2021-05-05 00:00:00-04:00,26.912955572036857,26.972126070647377,26.814336820355166,26.92774772644043,8700,0.0,0.0
2021-05-06 00:00:00-04:00,26.873506821357743,26.952401445042984,26.853782695187384,26.89027214050293,9600,0.0,0.0
2021-05-07 00:00:00-04:00,26.942539817346425,27.099343425241177,26.942539817346425,26.972126007080078,30600,0.0,0.0
2021-05-10 00:00:00-04:00,27.031296740514104,27.031296740514104,26.952402114868164,26.952402114868164,43600,0.0,0.0
2021-05-11 00:00:00-04:00,26.97212624152871,27.09638485369691,26.80940501807357,26.952402114868164,46300,0.0,0.0
2021-05-12 00:00:00-04:00,27.00171151926977,27.00171151926977,26.81532359433039,26.87350845336914,68300,0.0,0.0
2021-05-13 00:00:00-04:00,26.91295634300448,27.001711152964678,26.903094279454173,26.98198890686035,35700,0.0,0.0
2021-05-14 00:00:00-04:00,27.10033014356296,27.10033014356296,26.962265014648438,26.962265014648438,38600,0.0,0.0
2021-05-17 00:00:00-04:00,27.070745207183197,27.09046745300293,26.962264390691484,27.09046745300293,12900,0.0,0.0
2021-05-18 00:00:00-04:00,27.070744137375982,27.10032844543457,27.021433822284685,27.10032844543457,19200,0.0,0.0
2021-05-19 00:00:00-04:00,27.07074463155767,27.264035803454792,27.021434315566204,27.060882568359375,51300,0.0,0.0
2021-05-20 00:00:00-04:00,27.228533843274313,27.376461029052734,27.228533843274313,27.376461029052734,10200,0.0,0.0
2021-05-21 00:00:00-04:00,27.386322732986596,27.544111979879876,27.366598606875886,27.484941482543945,11500,0.0,0.0
2021-05-24 00:00:00-04:00,27.494803415113374,27.761073491571967,27.494803415113374,27.731489181518555,9400,0.0,0.0
2021-05-25 00:00:00-04:00,27.74134923319959,27.74134923319959,27.48494310263141,27.66245460510254,9200,0.0,0.0
2021-05-26 00:00:00-04:00,27.65259395317613,27.751210825876605,27.483955113146212,27.701902389526367,10800,0.0,0.0
2021-05-27 00:00:00-04:00,27.751211141418104,27.93858658747283,27.50367955281179,27.909000396728516,26500,0.0,0.0
2021-05-28 00:00:00-04:00,27.979999542236328,27.979999542236328,27.59000015258789,27.670000076293945,33400,0.391,0.0
2021-06-01 00:00:00-04:00,27.899999618530273,27.969999313354492,27.639999389648438,27.65999984741211,23100,0.0,0.0
2021-06-02 00:00:00-04:00,27.829999923706055,27.989999771118164,27.56999969482422,27.899999618530273,28200,0.0,0.0
2021-06-03 00:00:00-04:00,27.8700008392334,27.989999771118164,27.68000030517578,27.899999618530273,17300,0.0,0.0
2021-06-04 00:00:00-04:00,27.989999771118164,28.225000381469727,27.979999542236328,28.040000915527344,13500,0.0,0.0
2021-06-07 00:00:00-04:00,28.229999542236328,28.229999542236328,27.920000076293945,27.920000076293945,14100,0.0,0.0
2021-06-08 00:00:00-04:00,28.049999237060547,28.219999313354492,28.049999237060547,28.110000610351562,8700,0.0,0.0
2021-06-09 00:00:00-04:00,28.200000762939453,28.270000457763672,28.139999389648438,28.270000457763672,15600,0.0,0.0
2021-06-10 00:00:00-04:00,28.25,28.780000686645508,27.8700008392334,28.459999084472656,28000,0.0,0.0
2021-06-11 00:00:00-04:00,28.459999084472656,28.489999771118164,28.288000106811523,28.479999542236328,4000,0.0,0.0
2021-06-14 00:00:00-04:00,28.479999542236328,28.655000686645508,28.219999313354492,28.600000381469727,30600,0.0,0.0
2021-06-15 00:00:00-04:00,28.690000534057617,28.736000061035156,28.34000015258789,28.420000076293945,28700,0.0,0.0
2021-06-16 00:00:00-04:00,28.489999771118164,28.5,28.25,28.450000762939453,30800,0.0,0.0
2021-06-17 00:00:00-04:00,28.43000030517578,28.489999771118164,28.1299991607666,28.219999313354492,21700,0.0,0.0
2021-06-18 00:00:00-04:00,28.040000915527344,28.3799991607666,28.01300048828125,28.299999237060547,14100,0.0,0.0
2021-06-21 00:00:00-04:00,28.299999237060547,28.479999542236328,28.05299949645996,28.479999542236328,10800,0.0,0.0
2021-06-22 00:00:00-04:00,28.649999618530273,28.700000762939453,28.18000030517578,28.420000076293945,35600,0.0,0.0
2021-06-23 00:00:00-04:00,28.576000213623047,28.576000213623047,28.23699951171875,28.329999923706055,11600,0.0,0.0
2021-06-24 00:00:00-04:00,28.1299991607666,28.299999237060547,28.1299991607666,28.219999313354492,6100,0.0,0.0
2021-06-25 00:00:00-04:00,28.209999084472656,28.399999618530273,28.139999389648438,28.350000381469727,8000,0.0,0.0
2021-06-28 00:00:00-04:00,28.450000762939453,28.479999542236328,28.0,28.219999313354492,32700,0.0,0.0
2021-06-29 00:00:00-04:00,28.110000610351562,28.405000686645508,28.110000610351562,28.280000686645508,4400,0.0,0.0
2021-06-30 00:00:00-04:00,28.31999969482422,28.690000534057617,28.280000686645508,28.690000534057617,43900,0.0,0.0
2021-07-01 00:00:00-04:00,28.31999969482422,28.65999984741211,28.31999969482422,28.450000762939453,13500,0.0,0.0
2021-07-02 00:00:00-04:00,28.45800018310547,28.5,28.32200050354004,28.440000534057617,3000,0.0,0.0
2021-07-06 00:00:00-04:00,28.34000015258789,28.68000030517578,28.34000015258789,28.68000030517578,10400,0.0,0.0
2021-07-07 00:00:00-04:00,28.469999313354492,28.950000762939453,28.440000534057617,28.850000381469727,35400,0.0,0.0
2021-07-08 00:00:00-04:00,28.790000915527344,28.81999969482422,28.510000228881836,28.510000228881836,17700,0.0,0.0
2021-07-09 00:00:00-04:00,28.790000915527344,28.790000915527344,28.399999618530273,28.6299991607666,10300,0.0,0.0
2021-07-12 00:00:00-04:00,28.690000534057617,28.690000534057617,28.280000686645508,28.459999084472656,13800,0.0,0.0
2021-07-13 00:00:00-04:00,28.5,28.610000610351562,28.25,28.3799991607666,15900,0.0,0.0
2021-07-14 00:00:00-04:00,28.489999771118164,28.489999771118164,28.145000457763672,28.25,4000,0.0,0.0
2021-07-15 00:00:00-04:00,28.299999237060547,28.469999313354492,28.299999237060547,28.469999313354492,8200,0.0,0.0
2021-07-16 00:00:00-04:00,28.469999313354492,28.6200008392334,28.281999588012695,28.489999771118164,5000,0.0,0.0
2021-07-19 00:00:00-04:00,28.469999313354492,28.469999313354492,28.170000076293945,28.268999099731445,2000,0.0,0.0
2021-07-20 00:00:00-04:00,28.360000610351562,28.489999771118164,28.18000030517578,28.489999771118164,11300,0.0,0.0
2021-07-21 00:00:00-04:00,28.209999084472656,28.479999542236328,28.0,28.239999771118164,21200,0.0,0.0
2021-07-22 00:00:00-04:00,28.290000915527344,28.399999618530273,28.0,28.139999389648438,10600,0.0,0.0
2021-07-23 00:00:00-04:00,28.309999465942383,28.3700008392334,28.149999618530273,28.270000457763672,8600,0.0,0.0
2021-07-26 00:00:00-04:00,27.996999740600586,28.25,27.996999740600586,28.1299991607666,11200,0.0,0.0
2021-07-27 00:00:00-04:00,28.229999542236328,28.360000610351562,27.950000762939453,28.280000686645508,12200,0.0,0.0
2021-07-28 00:00:00-04:00,28.270000457763672,28.350000381469727,28.149999618530273,28.260000228881836,4200,0.0,0.0
2021-07-29 00:00:00-04:00,28.34000015258789,28.360000610351562,28.239999771118164,28.350000381469727,5700,0.0,0.0
2021-07-30 00:00:00-04:00,28.350000381469727,28.479999542236328,28.295000076293945,28.479999542236328,4300,0.0,0.0
2021-08-02 00:00:00-04:00,28.489999771118164,28.489999771118164,28.479999542236328,28.489999771118164,4300,0.0,0.0
2021-08-03 00:00:00-04:00,28.5,28.5,28.059999465942383,28.489999771118164,17500,0.0,0.0
2021-08-04 00:00:00-04:00,28.450000762939453,28.489999771118164,28.398000717163086,28.489999771118164,5300,0.0,0.0
2021-08-05 00:00:00-04:00,28.3799991607666,28.5,28.336000442504883,28.5,7500,0.0,0.0
2021-08-06 00:00:00-04:00,28.489999771118164,28.489999771118164,28.100000381469727,28.350000381469727,30600,0.0,0.0
2021-08-09 00:00:00-04:00,28.440000534057617,28.450000762939453,28.3700008392334,28.3700008392334,1200,0.0,0.0
2021-08-10 00:00:00-04:00,28.40999984741211,28.43000030517578,27.81399917602539,28.18000030517578,3800,0.0,0.0
2021-08-11 00:00:00-04:00,28.31999969482422,28.43000030517578,28.15999984741211,28.31999969482422,800,0.0,0.0
2021-08-12 00:00:00-04:00,28.440000534057617,28.489999771118164,28.013999938964844,28.1200008392334,19100,0.0,0.0
2021-08-13 00:00:00-04:00,28.239999771118164,28.260000228881836,28.139999389648438,28.25,2800,0.0,0.0
2021-08-16 00:00:00-04:00,28.25,28.31999969482422,28.18000030517578,28.190000534057617,4400,0.0,0.0
2021-08-17 00:00:00-04:00,28.280000686645508,28.37700080871582,28.0,28.15999984741211,13200,0.0,0.0
2021-08-18 00:00:00-04:00,28.0,28.429000854492188,27.920000076293945,28.200000762939453,7700,0.0,0.0
2021-08-19 00:00:00-04:00,28.15999984741211,28.363000869750977,28.139999389648438,28.190000534057617,3300,0.0,0.0
2021-08-20 00:00:00-04:00,28.209999084472656,28.43000030517578,28.020000457763672,28.299999237060547,7600,0.0,0.0
2021-08-23 00:00:00-04:00,28.350000381469727,28.350000381469727,28.350000381469727,28.350000381469727,600,0.0,0.0
2021-08-24 00:00:00-04:00,28.43000030517578,28.43000030517578,28.329999923706055,28.43000030517578,4400,0.0,0.0
2021-08-25 00:00:00-04:00,28.399999618530273,28.479999542236328,28.360000610351562,28.399999618530273,13300,0.0,0.0
2021-08-26 00:00:00-04:00,28.43000030517578,28.43000030517578,28.25,28.309999465942383,7400,0.0,0.0
2021-08-27 00:00:00-04:00,28.399999618530273,28.469999313354492,28.350000381469727,28.459999084472656,7200,0.0,0.0
2021-08-30 00:00:00-04:00,28.450000762939453,28.5,28.43000030517578,28.450000762939453,10100,0.0,0.0
2021-08-31 00:00:00-04:00,28.31999969482422,28.31999969482422,28.049999237060547,28.280000686645508,30900,0.0,0.0
2021-09-01 00:00:00-04:00,28.280000686645508,28.639999389648438,28.280000686645508,28.639999389648438,16800,0.0,0.0
2021-09-02 00:00:00-04:00,28.68000030517578,28.75,28.290000915527344,28.350000381469727,63800,0.0,0.0
2021-09-03 00:00:00-04:00,28.309999465942383,28.399999618530273,28.309999465942383,28.399999618530273,15500,0.0,0.0
2021-09-07 00:00:00-04:00,28.389999389648438,28.399999618530273,28.200000762939453,28.25,9500,0.0,0.0
2021-09-08 00:00:00-04:00,28.299999237060547,28.399999618530273,28.25,28.290000915527344,15000,0.0,0.0
2021-09-09 00:00:00-04:00,28.280000686645508,28.437000274658203,28.170000076293945,28.239999771118164,11900,0.0,0.0
2021-09-10 00:00:00-04:00,28.389999389648438,28.649999618530273,28.30500030517578,28.360000610351562,12800,0.0,0.0
2021-09-13 00:00:00-04:00,28.40999984741211,28.697999954223633,28.40999984741211,28.649999618530273,10300,0.0,0.0
2021-09-14 00:00:00-04:00,28.649999618530273,28.729999542236328,28.489999771118164,28.709999084472656,16200,0.0,0.0
2021-09-15 00:00:00-04:00,28.709999084472656,28.8799991607666,28.57699966430664,28.860000610351562,29500,0.0,0.0
2021-09-16 00:00:00-04:00,28.860000610351562,29.34000015258789,28.735000610351562,29.09000015258789,29100,0.0,0.0
2021-09-17 00:00:00-04:00,29.219999313354492,29.329999923706055,28.75,29.110000610351562,14700,0.0,0.0
2021-09-20 00:00:00-04:00,29.110000610351562,29.229999542236328,28.790000915527344,29.010000228881836,25000,0.0,0.0
2021-09-21 00:00:00-04:00,28.940000534057617,28.959999084472656,28.68000030517578,28.790000915527344,22900,0.0,0.0
2021-09-22 00:00:00-04:00,28.850000381469727,29.270000457763672,28.850000381469727,29.25,25800,0.0,0.0
2021-09-23 00:00:00-04:00,29.239999771118164,29.260000228881836,28.784000396728516,28.959999084472656,14400,0.0,0.0
2021-09-24 00:00:00-04:00,28.93000030517578,28.969999313354492,28.780000686645508,28.969999313354492,4700,0.0,0.0
2021-09-27 00:00:00-04:00,28.940000534057617,28.950000762939453,28.739999771118164,28.8799991607666,19100,0.0,0.0
2021-09-28 00:00:00-04:00,28.860000610351562,28.90999984741211,28.68000030517578,28.764999389648438,27000,0.0,0.0
2021-09-29 00:00:00-04:00,28.770000457763672,29.190000534057617,28.739999771118164,28.985000610351562,22800,0.0,0.0
2021-09-30 00:00:00-04:00,29.010000228881836,29.094999313354492,28.690000534057617,28.690000534057617,250500,0.0,0.0
2021-10-01 00:00:00-04:00,28.739999771118164,28.834999084472656,28.100000381469727,28.15999984741211,18800,0.0,0.0
2021-10-04 00:00:00-04:00,28.219999313354492,28.2450008392334,27.639999389648438,27.8799991607666,25700,0.0,0.0
2021-10-05 00:00:00-04:00,27.90999984741211,27.90999984741211,27.549999237060547,27.549999237060547,16500,0.0,0.0
2021-10-06 00:00:00-04:00,27.649999618530273,27.790000915527344,27.540000915527344,27.610000610351562,3900,0.0,0.0
2021-10-07 00:00:00-04:00,27.788000106811523,27.867000579833984,27.56999969482422,27.719999313354492,4600,0.0,0.0
2021-10-08 00:00:00-04:00,27.610000610351562,27.649999618530273,27.56999969482422,27.6299991607666,4000,0.0,0.0
2021-10-11 00:00:00-04:00,27.670000076293945,27.959999084472656,27.65999984741211,27.959999084472656,6100,0.0,0.0
2021-10-12 00:00:00-04:00,27.815000534057617,27.93000030517578,27.756999969482422,27.920000076293945,2800,0.0,0.0
2021-10-13 00:00:00-04:00,27.90999984741211,28.06999969482422,27.788000106811523,27.950000762939453,7000,0.0,0.0
2021-10-14 00:00:00-04:00,28.040000915527344,28.15999984741211,27.8799991607666,27.969999313354492,11400,0.0,0.0
2021-10-15 00:00:00-04:00,28.030000686645508,28.100000381469727,27.90999984741211,28.079999923706055,17000,0.0,0.0
2021-10-18 00:00:00-04:00,28.09000015258789,28.09000015258789,27.850000381469727,27.959999084472656,5900,0.0,0.0
2021-10-19 00:00:00-04:00,27.989999771118164,28.010000228881836,27.895000457763672,27.913000106811523,3500,0.0,0.0
2021-10-20 00:00:00-04:00,27.940000534057617,28.18000030517578,27.91699981689453,27.969999313354492,9000,0.0,0.0
2021-10-21 00:00:00-04:00,28.040000915527344,28.170000076293945,27.799999237060547,27.799999237060547,26000,0.0,0.0
2021-10-22 00:00:00-04:00,27.889999389648438,27.889999389648438,27.739999771118164,27.780000686645508,3600,0.0,0.0
2021-10-25 00:00:00-04:00,27.860000610351562,27.990999221801758,27.860000610351562,27.93000030517578,26200,0.0,0.0
2021-10-26 00:00:00-04:00,28.020000457763672,28.134000778198242,27.860000610351562,28.030000686645508,20600,0.0,0.0
2021-10-27 00:00:00-04:00,28.097000122070312,28.097000122070312,28.049999237060547,28.049999237060547,2200,0.0,0.0
2021-10-28 00:00:00-04:00,28.100000381469727,28.18000030517578,27.649999618530273,27.719999313354492,15300,0.0,0.0
2021-10-29 00:00:00-04:00,27.850000381469727,28.18000030517578,27.760000228881836,27.979999542236328,47600,0.0,0.0
2021-11-01 00:00:00-04:00,28.010000228881836,28.420000076293945,28.010000228881836,28.31999969482422,26700,0.0,0.0
2021-11-02 00:00:00-04:00,28.280000686645508,28.31999969482422,28.07200050354004,28.299999237060547,9400,0.0,0.0
2021-11-03 00:00:00-04:00,28.34000015258789,28.34000015258789,28.079999923706055,28.260000228881836,10200,0.0,0.0
2021-11-04 00:00:00-04:00,28.25,28.350000381469727,28.170000076293945,28.350000381469727,4300,0.0,0.0
2021-11-05 00:00:00-04:00,28.360000610351562,28.360000610351562,28.31800079345703,28.360000610351562,3800,0.0,0.0
2021-11-08 00:00:00-05:00,28.299999237060547,28.420000076293945,28.295000076293945,28.399999618530273,5200,0.0,0.0
2021-11-09 00:00:00-05:00,28.459999084472656,28.5,28.18000030517578,28.43000030517578,13200,0.0,0.0
2021-11-10 00:00:00-05:00,28.18000030517578,28.31999969482422,28.1299991607666,28.160999298095703,8800,0.0,0.0
2021-11-11 00:00:00-05:00,28.200000762939453,28.309999465942383,28.06999969482422,28.219999313354492,9000,0.0,0.0
2021-11-12 00:00:00-05:00,28.219999313354492,28.371000289916992,28.200000762939453,28.35099983215332,7500,0.0,0.0
2021-11-15 00:00:00-05:00,28.1200008392334,28.299999237060547,27.950000762939453,28.299999237060547,11700,0.0,0.0
2021-11-16 00:00:00-05:00,28.350000381469727,28.389999389648438,27.68000030517578,28.34000015258789,107400,0.0,0.0
2021-11-17 00:00:00-05:00,28.18000030517578,28.18000030517578,27.799999237060547,27.829999923706055,9100,0.0,0.0
2021-11-18 00:00:00-05:00,28.049999237060547,28.049999237060547,27.780000686645508,27.79199981689453,2900,0.0,0.0
2021-11-19 00:00:00-05:00,27.799999237060547,28.200000762939453,27.780000686645508,27.989999771118164,3100,0.0,0.0
2021-11-22 00:00:00-05:00,27.799999237060547,27.90999984741211,27.520000457763672,27.520000457763672,19200,0.0,0.0
2021-11-23 00:00:00-05:00,27.540000915527344,27.540000915527344,27.399999618530273,27.399999618530273,5800,0.0,0.0
2021-11-24 00:00:00-05:00,27.479999542236328,27.479999542236328,27.200000762939453,27.290000915527344,12800,0.0,0.0
2021-11-26 00:00:00-05:00,27.09000015258789,27.200000762939453,26.709999084472656,26.959999084472656,8200,0.0,0.0
2021-11-29 00:00:00-05:00,27.18000030517578,27.322999954223633,27.034000396728516,27.309999465942383,6900,0.0,0.0
2021-11-30 00:00:00-05:00,27.139999389648438,27.170000076293945,26.5,26.81999969482422,16100,0.0,0.0
2021-12-01 00:00:00-05:00,26.969999313354492,27.170000076293945,26.579999923706055,26.704999923706055,11500,0.0,0.0
2021-12-02 00:00:00-05:00,26.690000534057617,27.15999984741211,26.670000076293945,27.15999984741211,45000,0.0,0.0
2021-12-03 00:00:00-05:00,27.229999542236328,27.979999542236328,26.969999313354492,27.329999923706055,18400,0.0,0.0
2021-12-06 00:00:00-05:00,26.982999801635742,27.790000915527344,26.982999801635742,27.760000228881836,8900,0.0,0.0
2021-12-07 00:00:00-05:00,27.790000915527344,27.93000030517578,27.56999969482422,27.75,40700,0.0,0.0
2021-12-08 00:00:00-05:00,27.75,27.75,27.5,27.75,5600,0.0,0.0
2021-12-09 00:00:00-05:00,27.690000534057617,27.75,27.52199935913086,27.75,5200,0.0,0.0
2021-12-10 00:00:00-05:00,27.75,28.110000610351562,27.670000076293945,28.110000610351562,11500,0.0,0.0
2021-12-13 00:00:00-05:00,28.020000457763672,28.020000457763672,27.533000946044922,27.780000686645508,5200,0.0,0.0
2021-12-14 00:00:00-05:00,27.780000686645508,27.799999237060547,27.510000228881836,27.547000885009766,3900,0.0,0.0
2021-12-15 00:00:00-05:00,27.649999618530273,27.649999618530273,27.5,27.575000762939453,7700,0.0,0.0
2021-12-16 00:00:00-05:00,27.649999618530273,27.799999237060547,27.559999465942383,27.799999237060547,15500,0.0,0.0
2021-12-17 00:00:00-05:00,27.690000534057617,27.799999237060547,27.600000381469727,27.704999923706055,14100,0.0,0.0
2021-12-20 00:00:00-05:00,27.530000686645508,27.709999084472656,27.5,27.652999877929688,5800,0.0,0.0
2021-12-21 00:00:00-05:00,27.670000076293945,27.709999084472656,27.5939998626709,27.709999084472656,5500,0.0,0.0
2021-12-22 00:00:00-05:00,27.700000762939453,27.799999237060547,27.64900016784668,27.799999237060547,4600,0.0,0.0
2021-12-23 00:00:00-05:00,27.899999618530273,27.899999618530273,27.71500015258789,27.804000854492188,4000,0.0,0.0
2021-12-27 00:00:00-05:00,27.899999618530273,27.899999618530273,27.7549991607666,27.89699935913086,8100,0.0,0.0
2021-12-28 00:00:00-05:00,27.889999389648438,28.09000015258789,27.799999237060547,28.049999237060547,10600,0.0,0.0
2021-12-29 00:00:00-05:00,28.09000015258789,28.610000610351562,27.97800064086914,28.610000610351562,31900,0.0,0.0
2021-12-30 00:00:00-05:00,28.610000610351562,28.989999771118164,28.575000762939453,28.959999084472656,32800,0.0,0.0
2021-12-31 00:00:00-05:00,29.1200008392334,29.18000030517578,28.799999237060547,28.979999542236328,65600,0.0,0.0
2022-01-03 00:00:00-05:00,28.725000381469727,28.8799991607666,28.700000762939453,28.829999923706055,7800,0.0,0.0
2022-01-04 00:00:00-05:00,28.850000381469727,28.899999618530273,28.545000076293945,28.68000030517578,7100,0.0,0.0
2022-01-05 00:00:00-05:00,28.739999771118164,28.739999771118164,27.959999084472656,28.15999984741211,7900,0.0,0.0
2022-01-06 00:00:00-05:00,28.18000030517578,28.729999542236328,27.75,28.729999542236328,11700,0.0,0.0
2022-01-07 00:00:00-05:00,28.579999923706055,28.610000610351562,28.100000381469727,28.15999984741211,14000,0.0,0.0
2022-01-10 00:00:00-05:00,28.18000030517578,28.18000030517578,27.729999542236328,27.729999542236328,9700,0.0,0.0
2022-01-11 00:00:00-05:00,28.010000228881836,28.010000228881836,27.739999771118164,28.0,2600,0.0,0.0
2022-01-12 00:00:00-05:00,28.719999313354492,28.719999313354492,27.90999984741211,27.90999984741211,10600,0.0,0.0
2022-01-13 00:00:00-05:00,28.139999389648438,28.305999755859375,27.940000534057617,28.05500030517578,6700,0.0,0.0
2022-01-14 00:00:00-05:00,28.059999465942383,28.059999465942383,27.815000534057617,27.940000534057617,6900,0.0,0.0
2022-01-18 00:00:00-05:00,27.75,27.75,27.260000228881836,27.65999984741211,11600,0.0,0.0
2022-01-19 00:00:00-05:00,27.510000228881836,27.69099998474121,27.469999313354492,27.600000381469727,7600,0.0,0.0
2022-01-20 00:00:00-05:00,27.610000610351562,27.75,27.459999084472656,27.459999084472656,7500,0.0,0.0
2022-01-21 00:00:00-05:00,27.5,27.75,27.5,27.5,6600,0.0,0.0
2022-01-24 00:00:00-05:00,27.520000457763672,27.739999771118164,27.059999465942383,27.600000381469727,19100,0.0,0.0
2022-01-25 00:00:00-05:00,27.469999313354492,27.469999313354492,27.31999969482422,27.420000076293945,1600,0.0,0.0
2022-01-26 00:00:00-05:00,27.489999771118164,27.57699966430664,27.010000228881836,27.010000228881836,9800,0.0,0.0
2022-01-27 00:00:00-05:00,27.610000610351562,27.610000610351562,26.540000915527344,26.709999084472656,17900,0.0,0.0
2022-01-28 00:00:00-05:00,26.540000915527344,27.358999252319336,26.5,26.610000610351562,6400,0.0,0.0
2022-01-31 00:00:00-05:00,26.6200008392334,27.469999313354492,26.6200008392334,27.399999618530273,23600,0.0,0.0
2022-02-01 00:00:00-05:00,27.389999389648438,27.389999389648438,26.829999923706055,27.040000915527344,4700,0.0,0.0
2022-02-02 00:00:00-05:00,27.190000534057617,27.190000534057617,26.760000228881836,26.760000228881836,6100,0.0,0.0
2022-02-03 00:00:00-05:00,26.760000228881836,26.760000228881836,25.969999313354492,26.600000381469727,17300,0.0,0.0
2022-02-04 00:00:00-05:00,27.09000015258789,27.09000015258789,26.34000015258789,26.829999923706055,4300,0.0,0.0
2022-02-07 00:00:00-05:00,26.670000076293945,27.239999771118164,26.670000076293945,26.950000762939453,10000,0.0,0.0
2022-02-08 00:00:00-05:00,26.969999313354492,27.100000381469727,26.440000534057617,26.440000534057617,5300,0.0,0.0
2022-02-09 00:00:00-05:00,26.979999542236328,27.190000534057617,26.3799991607666,27.100000381469727,27600,0.0,0.0
2022-02-10 00:00:00-05:00,26.979999542236328,26.979999542236328,26.326000213623047,26.770000457763672,4200,0.0,0.0
2022-02-11 00:00:00-05:00,26.68000030517578,26.940000534057617,26.3700008392334,26.420000076293945,9200,0.0,0.0
2022-02-14 00:00:00-05:00,26.18000030517578,26.389999389648438,26.040000915527344,26.040000915527344,10400,0.0,0.0
2022-02-15 00:00:00-05:00,26.139999389648438,26.75,26.1299991607666,26.420000076293945,11100,0.0,0.0
2022-02-16 00:00:00-05:00,26.31999969482422,26.559999465942383,26.200000762939453,26.55900001525879,4400,0.0,0.0
2022-02-17 00:00:00-05:00,26.440000534057617,26.510000228881836,26.030000686645508,26.030000686645508,8500,0.0,0.0
2022-02-18 00:00:00-05:00,26.030000686645508,26.315000534057617,26.030000686645508,26.100000381469727,2700,0.0,0.0
2022-02-22 00:00:00-05:00,26.100000381469727,26.25,25.579999923706055,25.700000762939453,11300,0.0,0.0
2022-02-23 00:00:00-05:00,25.729999542236328,25.899999618530273,25.600000381469727,25.610000610351562,9100,0.0,0.0
2022-02-24 00:00:00-05:00,25.5,25.84000015258789,25.5,25.75,29600,0.0,0.0
2022-02-25 00:00:00-05:00,25.850000381469727,26.0,25.739999771118164,26.0,7200,0.0,0.0
2022-02-28 00:00:00-05:00,25.790000915527344,26.100000381469727,25.790000915527344,26.049999237060547,7800,0.0,0.0
2022-03-01 00:00:00-05:00,26.100000381469727,26.34000015258789,25.923999786376953,26.336000442504883,4600,0.0,0.0
2022-03-02 00:00:00-05:00,26.149999618530273,26.149999618530273,25.899999618530273,26.05299949645996,7200,0.0,0.0
2022-03-03 00:00:00-05:00,26.139999389648438,26.222999572753906,25.899999618530273,26.110000610351562,5700,0.0,0.0
2022-03-04 00:00:00-05:00,25.93000030517578,26.125,25.93000030517578,25.979999542236328,10900,0.0,0.0
2022-03-07 00:00:00-05:00,25.989999771118164,26.579999923706055,25.709999084472656,25.899999618530273,22200,0.0,0.0
2022-03-08 00:00:00-05:00,25.799999237060547,26.45400047302246,25.799999237060547,26.049999237060547,8200,0.0,0.0
2022-03-09 00:00:00-05:00,26.190000534057617,26.31100082397461,25.899999618530273,26.059999465942383,2000,0.0,0.0
2022-03-10 00:00:00-05:00,26.0,26.299999237060547,26.0,26.297000885009766,4700,0.0,0.0
2022-03-11 00:00:00-05:00,26.309999465942383,26.309999465942383,25.899999618530273,25.899999618530273,2700,0.0,0.0
2022-03-14 00:00:00-04:00,25.950000762939453,26.25,25.950000762939453,26.190000534057617,16500,0.0,0.0
2022-03-15 00:00:00-04:00,26.25,26.25,26.0,26.06999969482422,5600,0.0,0.0
2022-03-16 00:00:00-04:00,26.079999923706055,26.1299991607666,25.90999984741211,26.020000457763672,2700,0.0,0.0
2022-03-17 00:00:00-04:00,26.149999618530273,26.219999313354492,26.090999603271484,26.094999313354492,3400,0.0,0.0
2022-03-18 00:00:00-04:00,26.18000030517578,26.860000610351562,26.18000030517578,26.399999618530273,21600,0.0,0.0
2022-03-21 00:00:00-04:00,26.549999237060547,26.719999313354492,26.111000061035156,26.1299991607666,3900,0.0,0.0
2022-03-22 00:00:00-04:00,26.389999389648438,26.6299991607666,26.110000610351562,26.110000610351562,2500,0.0,0.0
2022-03-23 00:00:00-04:00,26.229999542236328,26.229999542236328,26.219999313354492,26.229999542236328,1700,0.0,0.0
2022-03-24 00:00:00-04:00,26.229999542236328,26.229999542236328,26.059999465942383,26.059999465942383,4300,0.0,0.0
2022-03-25 00:00:00-04:00,26.040000915527344,26.350000381469727,25.989999771118164,26.1200008392334,15200,0.0,0.0
2022-03-28 00:00:00-04:00,26.31999969482422,26.31999969482422,26.1200008392334,26.290000915527344,8400,0.0,0.0
2022-03-29 00:00:00-04:00,26.31999969482422,26.31999969482422,26.08099937438965,26.209999084472656,6800,0.0,0.0
2022-03-30 00:00:00-04:00,26.260000228881836,26.29599952697754,25.899999618530273,25.96500015258789,11800,0.0,0.0
2022-03-31 00:00:00-04:00,25.989999771118164,26.110000610351562,25.93000030517578,25.93000030517578,9600,0.0,0.0
2022-04-01 00:00:00-04:00,25.899999618530273,26.08300018310547,25.850000381469727,26.02199935913086,6100,0.0,0.0
2022-04-04 00:00:00-04:00,26.049999237060547,26.170000076293945,25.899999618530273,25.920000076293945,4400,0.0,0.0
2022-04-05 00:00:00-04:00,25.940000534057617,25.940000534057617,25.420000076293945,25.440000534057617,29700,0.0,0.0
2022-04-06 00:00:00-04:00,25.3700008392334,25.399999618530273,25.200000762939453,25.25,12700,0.0,0.0
2022-04-07 00:00:00-04:00,25.889999389648438,25.889999389648438,25.3799991607666,25.719999313354492,9100,0.0,0.0
2022-04-08 00:00:00-04:00,25.797000885009766,25.797000885009766,25.450000762939453,25.450000762939453,2600,0.0,0.0
2022-04-11 00:00:00-04:00,25.440000534057617,25.524999618530273,25.209999084472656,25.209999084472656,9400,0.0,0.0
2022-04-12 00:00:00-04:00,25.309999465942383,25.739999771118164,25.25,25.735000610351562,21600,0.0,0.0
2022-04-13 00:00:00-04:00,25.68000030517578,25.68000030517578,25.350000381469727,25.5,11800,0.0,0.0
2022-04-14 00:00:00-04:00,25.479999542236328,25.8700008392334,25.405000686645508,25.468000411987305,7100,0.0,0.0
2022-04-18 00:00:00-04:00,25.260000228881836,25.510000228881836,25.197999954223633,25.309999465942383,25600,0.0,0.0
2022-04-19 00:00:00-04:00,25.344999313354492,25.44700050354004,25.110000610351562,25.290000915527344,11100,0.0,0.0
2022-04-20 00:00:00-04:00,25.479999542236328,25.709999084472656,25.211000442504883,25.360000610351562,10800,0.0,0.0
2022-04-21 00:00:00-04:00,25.34000015258789,25.479999542236328,25.309999465942383,25.420000076293945,4200,0.0,0.0
2022-04-22 00:00:00-04:00,25.520000457763672,25.520000457763672,25.1200008392334,25.18000030517578,10800,0.0,0.0
2022-04-25 00:00:00-04:00,25.200000762939453,25.250999450683594,25.111000061035156,25.194000244140625,1500,0.0,0.0
2022-04-26 00:00:00-04:00,25.270000457763672,25.42799949645996,25.062000274658203,25.427000045776367,6400,0.0,0.0
2022-04-27 00:00:00-04:00,25.110000610351562,25.149999618530273,24.65999984741211,24.920000076293945,11200,0.0,0.0
2022-04-28 00:00:00-04:00,24.920000076293945,25.1200008392334,24.780000686645508,24.8700008392334,29700,0.0,0.0
2022-04-29 00:00:00-04:00,24.899999618530273,25.329999923706055,24.739999771118164,24.899999618530273,13500,0.0,0.0
2022-05-02 00:00:00-04:00,25.14900016784668,25.14900016784668,24.6200008392334,24.690000534057617,17800,0.0,0.0
2022-05-03 00:00:00-04:00,24.81999969482422,25.190000534057617,24.65999984741211,24.8799991607666,24700,0.0,0.0
2022-05-04 00:00:00-04:00,24.93000030517578,25.149999618530273,24.799999237060547,25.149999618530273,10400,0.0,0.0
2022-05-05 00:00:00-04:00,25.030000686645508,25.299999237060547,24.940000534057617,25.020000457763672,27600,0.0,0.0
2022-05-06 00:00:00-04:00,25.049999237060547,25.09000015258789,24.6200008392334,24.770000457763672,42900,0.0,0.0
2022-05-09 00:00:00-04:00,24.600000381469727,24.600000381469727,23.979999542236328,24.187999725341797,24800,0.0,0.0
2022-05-10 00:00:00-04:00,24.219999313354492,24.290000915527344,23.8700008392334,24.222000122070312,19200,0.0,0.0
2022-05-11 00:00:00-04:00,24.110000610351562,24.5,24.110000610351562,24.489999771118164,12200,0.0,0.0
2022-05-12 00:00:00-04:00,24.163999557495117,24.719999313354492,24.163999557495117,24.399999618530273,24600,0.0,0.0
2022-05-13 00:00:00-04:00,24.76300048828125,25.0,24.40999984741211,24.719999313354492,8100,0.0,0.0
2022-05-16 00:00:00-04:00,24.95800018310547,25.049999237060547,24.219999313354492,24.780000686645508,26100,0.0,0.0
2022-05-17 00:00:00-04:00,24.850000381469727,25.5,24.850000381469727,24.899999618530273,17800,0.0,0.0
2022-05-18 00:00:00-04:00,24.93000030517578,25.0,24.674999237060547,24.850000381469727,6500,0.0,0.0
2022-05-19 00:00:00-04:00,24.809999465942383,25.290000915527344,24.784000396728516,25.110000610351562,21700,0.0,0.0
2022-05-20 00:00:00-04:00,25.43000030517578,25.43000030517578,24.899999618530273,24.950000762939453,23500,0.0,0.0
2022-05-23 00:00:00-04:00,25.030000686645508,25.389999389648438,24.9689998626709,25.18000030517578,8600,0.0,0.0
2022-05-24 00:00:00-04:00,25.389999389648438,25.399999618530273,25.149999618530273,25.3799991607666,7100,0.0,0.0
2022-05-25 00:00:00-04:00,25.450000762939453,25.450000762939453,25.149999618530273,25.399999618530273,4300,0.0,0.0
2022-05-26 00:00:00-04:00,25.25,25.93000030517578,25.25,25.579999923706055,22800,0.0,0.0
2022-05-27 00:00:00-04:00,25.80500030517578,26.0,25.739999771118164,25.760000228881836,7600,0.0,0.0
2022-05-31 00:00:00-04:00,25.479999542236328,25.90999984741211,25.440000534057617,25.90999984741211,25500,0.0,0.0
2022-06-01 00:00:00-04:00,25.75,25.75,25.209999084472656,25.5,21200,0.0,0.0
2022-06-02 00:00:00-04:00,25.360000610351562,25.875,25.270000457763672,25.81999969482422,11700,0.0,0.0
2022-06-03 00:00:00-04:00,25.356000900268555,25.700000762939453,25.31999969482422,25.639999389648438,12000,0.0,0.0
2022-06-06 00:00:00-04:00,25.600000381469727,26.110000610351562,25.600000381469727,26.049999237060547,17600,0.0,0.0
2022-06-07 00:00:00-04:00,25.920000076293945,26.398000717163086,25.920000076293945,26.235000610351562,7700,0.0,0.0
2022-06-08 00:00:00-04:00,25.982999801635742,26.235000610351562,25.739999771118164,26.1200008392334,6600,0.0,0.0
2022-06-09 00:00:00-04:00,26.219999313354492,26.219999313354492,25.75,26.0,17900,0.0,0.0
2022-06-10 00:00:00-04:00,25.600000381469727,25.6200008392334,25.110000610351562,25.459999084472656,11300,0.0,0.0
2022-06-13 00:00:00-04:00,25.149999618530273,25.239999771118164,24.850000381469727,24.850000381469727,8300,0.0,0.0
2022-06-14 00:00:00-04:00,24.940000534057617,25.0,24.600000381469727,24.989999771118164,19100,0.0,0.0
2022-06-15 00:00:00-04:00,25.299999237060547,25.299999237060547,24.799999237060547,24.860000610351562,26600,0.0,0.0
2022-06-16 00:00:00-04:00,24.8700008392334,25.0,24.700000762939453,24.989999771118164,4900,0.0,0.0
2022-06-17 00:00:00-04:00,24.81999969482422,25.0,24.797000885009766,25.0,4800,0.0,0.0
2022-06-21 00:00:00-04:00,25.100000381469727,25.290000915527344,24.889999389648438,25.020000457763672,8400,0.0,0.0
2022-06-22 00:00:00-04:00,25.049999237060547,25.299999237060547,25.049999237060547,25.299999237060547,4800,0.0,0.0
2022-06-23 00:00:00-04:00,25.31999969482422,25.31999969482422,24.893999099731445,25.290000915527344,3700,0.0,0.0
2022-06-24 00:00:00-04:00,25.360000610351562,25.360000610351562,25.0,25.079999923706055,3700,0.0,0.0
2022-06-27 00:00:00-04:00,25.149999618530273,25.5049991607666,25.13599967956543,25.281999588012695,4600,0.0,0.0
2022-06-28 00:00:00-04:00,25.549999237060547,25.579999923706055,25.125,25.299999237060547,2000,0.0,0.0
2022-06-29 00:00:00-04:00,25.07200050354004,25.579999923706055,25.07200050354004,25.395000457763672,3100,0.0,0.0
2022-06-30 00:00:00-04:00,25.427000045776367,25.5,25.11400032043457,25.5,1600,0.0,0.0
2022-07-01 00:00:00-04:00,25.469999313354492,25.5,25.06999969482422,25.200000762939453,18500,0.0,0.0
2022-07-05 00:00:00-04:00,25.533000946044922,25.533000946044922,25.100000381469727,25.238000869750977,3000,0.0,0.0
2022-07-06 00:00:00-04:00,25.149999618530273,25.360000610351562,25.149999618530273,25.149999618530273,2900,0.0,0.0
2022-07-07 00:00:00-04:00,25.450000762939453,25.450000762939453,25.18000030517578,25.18000030517578,9100,0.0,0.0
2022-07-08 00:00:00-04:00,25.229999542236328,25.420000076293945,25.219999313354492,25.219999313354492,3300,0.0,0.0
2022-07-11 00:00:00-04:00,25.25,25.440000534057617,25.25,25.284000396728516,900,0.0,0.0
2022-07-12 00:00:00-04:00,25.232999801635742,25.540000915527344,25.232999801635742,25.299999237060547,6400,0.0,0.0
2022-07-13 00:00:00-04:00,25.65999984741211,25.65999984741211,25.1200008392334,25.139999389648438,5400,0.0,0.0
2022-07-14 00:00:00-04:00,25.139999389648438,25.399999618530273,25.139999389648438,25.399999618530273,6300,0.0,0.0
2022-07-15 00:00:00-04:00,25.399999618530273,26.0,25.350000381469727,26.0,8200,0.0,0.0
2022-07-18 00:00:00-04:00,25.389999389648438,25.6200008392334,25.299999237060547,25.309999465942383,18400,0.0,0.0
2022-07-19 00:00:00-04:00,25.309999465942383,25.485000610351562,25.229999542236328,25.25,7700,0.0,0.0
2022-07-20 00:00:00-04:00,25.229999542236328,25.440000534057617,25.229999542236328,25.270000457763672,4000,0.0,0.0
2022-07-21 00:00:00-04:00,25.280000686645508,25.290000915527344,25.190000534057617,25.261999130249023,8400,0.0,0.0
2022-07-22 00:00:00-04:00,25.260000228881836,25.5,25.219999313354492,25.350000381469727,10400,0.0,0.0
2022-07-25 00:00:00-04:00,25.305999755859375,25.30699920654297,25.260000228881836,25.260000228881836,1800,0.0,0.0
2022-07-26 00:00:00-04:00,25.270000457763672,25.399999618530273,25.270000457763672,25.399999618530273,6800,0.0,0.0
2022-07-27 00:00:00-04:00,25.31999969482422,25.405000686645508,25.31999969482422,25.350000381469727,2100,0.0,0.0
2022-07-28 00:00:00-04:00,25.459999084472656,25.6299991607666,25.301000595092773,25.6299991607666,22700,0.0,0.0
2022-07-29 00:00:00-04:00,25.6299991607666,26.139999389648438,25.6299991607666,26.139999389648438,20900,0.0,0.0
2022-08-01 00:00:00-04:00,25.90999984741211,26.158000946044922,25.90999984741211,26.040000915527344,4700,0.0,0.0
2022-08-02 00:00:00-04:00,26.059999465942383,26.6200008392334,25.959999084472656,26.549999237060547,22100,0.0,0.0
2022-08-03 00:00:00-04:00,26.420000076293945,26.5,26.139999389648438,26.5,5500,0.0,0.0
2022-08-04 00:00:00-04:00,26.31999969482422,26.559999465942383,25.899999618530273,26.559999465942383,9900,0.0,0.0
2022-08-05 00:00:00-04:00,25.89699935913086,26.33099937438965,25.882999420166016,25.882999420166016,8300,0.0,0.0
2022-08-08 00:00:00-04:00,25.950000762939453,26.194000244140625,25.899999618530273,25.899999618530273,2700,0.0,0.0
2022-08-09 00:00:00-04:00,25.780000686645508,25.795000076293945,25.59000015258789,25.59000015258789,4200,0.0,0.0
2022-08-10 00:00:00-04:00,25.892000198364258,25.892000198364258,25.892000198364258,25.892000198364258,700,0.0,0.0
2022-08-11 00:00:00-04:00,25.948999404907227,26.260000228881836,25.899999618530273,26.200000762939453,3200,0.0,0.0
2022-08-12 00:00:00-04:00,26.049999237060547,26.23900032043457,26.040000915527344,26.200000762939453,3000,0.0,0.0
2022-08-15 00:00:00-04:00,26.229999542236328,26.275999069213867,25.573999404907227,25.969999313354492,12800,0.0,0.0
2022-08-16 00:00:00-04:00,25.940000534057617,26.229999542236328,25.639999389648438,25.65999984741211,18000,0.0,0.0
2022-08-17 00:00:00-04:00,25.719999313354492,25.850000381469727,25.667999267578125,25.667999267578125,3900,0.0,0.0
2022-08-18 00:00:00-04:00,25.700000762939453,25.7189998626709,25.68199920654297,25.7189998626709,1100,0.0,0.0
2022-08-19 00:00:00-04:00,25.81999969482422,25.81999969482422,25.229999542236328,25.540000915527344,8100,0.0,0.0
2022-08-22 00:00:00-04:00,25.299999237060547,25.375,25.239999771118164,25.299999237060547,10600,0.0,0.0
2022-08-23 00:00:00-04:00,25.399999618530273,25.399999618530273,24.81999969482422,25.15999984741211,24100,0.0,0.0
2022-08-24 00:00:00-04:00,25.219999313354492,25.45199966430664,25.020000457763672,25.385000228881836,18000,0.0,0.0
2022-08-25 00:00:00-04:00,25.3700008392334,25.73200035095215,25.3700008392334,25.600000381469727,14200,0.0,0.0
2022-08-26 00:00:00-04:00,25.600000381469727,25.7189998626709,25.440000534057617,25.440000534057617,5500,0.0,0.0
2022-08-29 00:00:00-04:00,25.670000076293945,25.700000762939453,25.25,25.25,5000,0.0,0.0
2022-08-30 00:00:00-04:00,25.68000030517578,25.68000030517578,25.261999130249023,25.261999130249023,4900,0.0,0.0
2022-08-31 00:00:00-04:00,25.239999771118164,25.239999771118164,24.600000381469727,24.770000457763672,20200,0.0,0.0
2022-09-01 00:00:00-04:00,24.889999389648438,24.940000534057617,24.799999237060547,24.829999923706055,6800,0.0,0.0
2022-09-02 00:00:00-04:00,25.030000686645508,25.402000427246094,24.954999923706055,25.040000915527344,4300,0.0,0.0
2022-09-06 00:00:00-04:00,25.198999404907227,25.198999404907227,24.809999465942383,24.950000762939453,14700,0.0,0.0
2022-09-07 00:00:00-04:00,24.96299934387207,25.030000686645508,24.760000228881836,24.799999237060547,2300,0.0,0.0
2022-09-08 00:00:00-04:00,24.760000228881836,25.0,24.514999389648438,24.610000610351562,19000,0.0,0.0
2022-09-09 00:00:00-04:00,24.90999984741211,25.020000457763672,24.670000076293945,25.0,4500,0.0,0.0
2022-09-12 00:00:00-04:00,25.049999237060547,25.200000762939453,24.899999618530273,24.899999618530273,7600,0.0,0.0
2022-09-13 00:00:00-04:00,24.799999237060547,25.479999542236328,24.75,25.149999618530273,17500,0.0,0.0
2022-09-14 00:00:00-04:00,25.239999771118164,25.360000610351562,24.950000762939453,25.290000915527344,7400,0.0,0.0
2022-09-15 00:00:00-04:00,25.360000610351562,25.3700008392334,24.849000930786133,25.06999969482422,5800,0.0,0.0
2022-09-16 00:00:00-04:00,25.239999771118164,25.239999771118164,24.84000015258789,24.920000076293945,8100,0.0,0.0
2022-09-19 00:00:00-04:00,24.920000076293945,25.079999923706055,23.5,24.81999969482422,5500,0.0,0.0
2022-09-20 00:00:00-04:00,24.81999969482422,25.017000198364258,24.67099952697754,25.017000198364258,10400,0.0,0.0
2022-09-21 00:00:00-04:00,25.010000228881836,25.163999557495117,24.87299919128418,24.92099952697754,6300,0.0,0.0
2022-09-22 00:00:00-04:00,25.09000015258789,25.108999252319336,24.71500015258789,24.940000534057617,11000,0.0,0.0
2022-09-23 00:00:00-04:00,24.959999084472656,25.040000915527344,24.559999465942383,24.7450008392334,20900,0.0,0.0
2022-09-26 00:00:00-04:00,24.75,24.959999084472656,24.200000762939453,24.25,15400,0.0,0.0
2022-09-27 00:00:00-04:00,24.25,24.829999923706055,24.214000701904297,24.823999404907227,9800,0.0,0.0
2022-09-28 00:00:00-04:00,24.809999465942383,25.100000381469727,24.799999237060547,25.0,17400,0.0,0.0
2022-09-29 00:00:00-04:00,25.190000534057617,25.190000534057617,24.375,24.959999084472656,16400,0.0,0.0
2022-09-30 00:00:00-04:00,24.645000457763672,25.290000915527344,24.645000457763672,25.18000030517578,92700,0.0,0.0
2022-10-03 00:00:00-04:00,25.15999984741211,25.290000915527344,24.834999084472656,25.239999771118164,4500,0.0,0.0
2022-10-04 00:00:00-04:00,24.829999923706055,25.479999542236328,24.829999923706055,24.989999771118164,7000,0.0,0.0
2022-10-05 00:00:00-04:00,25.260000228881836,25.260000228881836,24.90999984741211,25.190000534057617,8300,0.0,0.0
2022-10-06 00:00:00-04:00,25.0,25.150999069213867,24.989999771118164,24.989999771118164,3900,0.0,0.0
2022-10-07 00:00:00-04:00,24.93000030517578,25.049999237060547,24.850000381469727,25.030000686645508,3900,0.0,0.0
2022-10-10 00:00:00-04:00,25.059999465942383,25.39299964904785,24.729999542236328,24.780000686645508,7600,0.0,0.0
2022-10-11 00:00:00-04:00,24.75,25.040000915527344,24.40999984741211,24.5,8000,0.0,0.0
2022-10-12 00:00:00-04:00,24.549999237060547,24.899999618530273,24.200000762939453,24.280000686645508,6200,0.0,0.0
2022-10-13 00:00:00-04:00,24.100000381469727,24.5,23.610000610351562,23.950000762939453,11000,0.0,0.0
2022-10-14 00:00:00-04:00,24.125,24.125,23.809999465942383,23.809999465942383,3300,0.0,0.0
2022-10-17 00:00:00-04:00,23.84000015258789,24.20800018310547,23.75,23.75,5000,0.0,0.0
2022-10-18 00:00:00-04:00,23.75,24.020000457763672,23.235000610351562,23.950000762939453,26700,0.0,0.0
2022-10-19 00:00:00-04:00,23.937999725341797,23.937999725341797,23.520000457763672,23.68000030517578,4200,0.0,0.0
2022-10-20 00:00:00-04:00,23.520000457763672,23.75,23.450000762939453,23.549999237060547,10200,0.0,0.0
2022-10-21 00:00:00-04:00,23.549999237060547,23.549999237060547,22.81999969482422,23.18000030517578,8200,0.0,0.0
2022-10-24 00:00:00-04:00,23.170000076293945,23.871999740600586,22.920000076293945,23.100000381469727,10300,0.0,0.0
2022-10-25 00:00:00-04:00,23.190000534057617,23.3799991607666,22.860000610351562,23.149999618530273,26400,0.0,0.0
2022-10-26 00:00:00-04:00,23.100000381469727,24.0,23.030000686645508,23.18000030517578,6200,0.0,0.0
2022-10-27 00:00:00-04:00,23.200000762939453,23.798999786376953,23.09000015258789,23.700000762939453,4200,0.0,0.0
2022-10-28 00:00:00-04:00,23.59000015258789,23.680999755859375,23.149999618530273,23.309999465942383,7200,0.0,0.0
2022-10-31 00:00:00-04:00,23.329999923706055,23.940000534057617,23.25,23.68000030517578,20000,0.0,0.0
2022-11-01 00:00:00-04:00,23.739999771118164,23.739999771118164,23.170000076293945,23.530000686645508,19800,0.0,0.0
2022-11-02 00:00:00-04:00,23.18000030517578,23.5,23.049999237060547,23.15999984741211,13200,0.0,0.0
2022-11-03 00:00:00-04:00,23.239999771118164,23.239999771118164,22.850000381469727,22.8700008392334,11900,0.0,0.0
2022-11-04 00:00:00-04:00,22.920000076293945,23.0,22.6200008392334,22.6200008392334,7100,0.0,0.0
2022-11-07 00:00:00-05:00,22.809999465942383,23.059999465942383,22.600000381469727,22.709999084472656,4900,0.0,0.0
2022-11-08 00:00:00-05:00,22.920000076293945,23.53700065612793,22.75,23.43000030517578,15800,0.0,0.0
2022-11-09 00:00:00-05:00,23.579999923706055,23.579999923706055,22.860000610351562,23.1299991607666,8600,0.0,0.0
2022-11-10 00:00:00-05:00,23.3700008392334,23.6200008392334,23.09000015258789,23.45599937438965,34000,0.0,0.0
2022-11-11 00:00:00-05:00,23.5,23.7549991607666,23.329999923706055,23.450000762939453,29400,0.0,0.0
2022-11-14 00:00:00-05:00,23.489999771118164,23.59000015258789,23.100000381469727,23.540000915527344,17300,0.0,0.0
2022-11-15 00:00:00-05:00,23.540000915527344,24.100000381469727,23.540000915527344,24.06999969482422,18100,0.0,0.0
2022-11-16 00:00:00-05:00,24.06999969482422,24.479999542236328,24.06999969482422,24.399999618530273,6100,0.0,0.0
2022-11-17 00:00:00-05:00,24.209999084472656,24.40999984741211,24.200000762939453,24.40999984741211,7700,0.0,0.0
2022-11-18 00:00:00-05:00,24.40999984741211,24.56999969482422,24.21500015258789,24.399999618530273,9400,0.0,0.0
2022-11-21 00:00:00-05:00,24.579999923706055,24.579999923706055,24.351999282836914,24.5,5000,0.0,0.0
2022-11-22 00:00:00-05:00,24.639999389648438,24.75,24.639999389648438,24.75,4700,0.0,0.0
2022-11-23 00:00:00-05:00,24.790000915527344,24.790000915527344,24.240999221801758,24.638999938964844,7000,0.0,0.0
2022-11-25 00:00:00-05:00,24.790000915527344,24.799999237060547,24.75,24.799999237060547,2900,0.0,0.0
2022-11-28 00:00:00-05:00,24.53499984741211,24.799999237060547,24.06999969482422,24.43000030517578,27500,0.0,0.0
2022-11-29 00:00:00-05:00,24.3700008392334,24.385000228881836,23.93000030517578,23.93000030517578,9600,0.0,0.0
2022-11-30 00:00:00-05:00,23.739999771118164,23.850000381469727,23.579999923706055,23.719999313354492,15600,0.0,0.0
2022-12-01 00:00:00-05:00,23.829999923706055,24.450000762939453,23.600000381469727,24.31100082397461,20000,0.0,0.0
2022-12-02 00:00:00-05:00,24.100000381469727,24.100000381469727,23.739999771118164,23.979999542236328,14200,0.0,0.0
2022-12-05 00:00:00-05:00,24.010000228881836,24.09000015258789,23.6299991607666,23.780000686645508,18700,0.0,0.0
2022-12-06 00:00:00-05:00,23.600000381469727,24.054000854492188,23.320999145507812,23.93000030517578,29400,0.0,0.0
2022-12-07 00:00:00-05:00,23.600000381469727,24.15999984741211,23.600000381469727,23.649999618530273,31100,0.0,0.0
2022-12-08 00:00:00-05:00,23.799999237060547,24.295000076293945,23.600000381469727,23.600000381469727,11500,0.0,0.0
2022-12-09 00:00:00-05:00,23.600000381469727,23.850000381469727,23.360000610351562,23.540000915527344,9800,0.0,0.0
2022-12-12 00:00:00-05:00,23.399999618530273,23.729999542236328,23.31999969482422,23.31999969482422,16200,0.0,0.0
2022-12-13 00:00:00-05:00,23.510000228881836,24.264999389648438,23.40999984741211,23.6299991607666,16800,0.0,0.0
2022-12-14 00:00:00-05:00,23.799999237060547,23.959999084472656,23.65999984741211,23.799999237060547,14200,0.0,0.0
2022-12-15 00:00:00-05:00,23.8700008392334,24.15999984741211,23.600000381469727,23.809999465942383,24100,0.0,0.0
2022-12-16 00:00:00-05:00,23.959999084472656,24.238000869750977,23.600000381469727,24.010000228881836,23200,0.0,0.0
2022-12-19 00:00:00-05:00,24.079999923706055,24.215999603271484,23.860000610351562,24.18000030517578,16100,0.0,0.0
2022-12-20 00:00:00-05:00,24.18000030517578,24.31999969482422,24.0,24.100000381469727,20900,0.0,0.0
2022-12-21 00:00:00-05:00,24.239999771118164,24.43000030517578,24.110000610351562,24.15999984741211,29700,0.0,0.0
2022-12-22 00:00:00-05:00,24.200000762939453,24.329999923706055,23.729999542236328,23.729999542236328,22500,0.0,0.0
2022-12-23 00:00:00-05:00,23.8700008392334,23.979999542236328,23.600000381469727,23.610000610351562,17000,0.0,0.0
2022-12-27 00:00:00-05:00,23.6200008392334,23.899999618530273,23.559999465942383,23.600000381469727,33200,0.0,0.0
2022-12-28 00:00:00-05:00,23.729999542236328,23.9950008392334,22.75,22.790000915527344,28500,0.0,0.0
2022-12-29 00:00:00-05:00,22.8700008392334,23.27400016784668,22.81999969482422,22.81999969482422,11000,0.0,0.0
2022-12-30 00:00:00-05:00,23.06999969482422,23.481000900268555,22.239999771118164,22.610000610351562,187900,0.0,0.0
2023-01-03 00:00:00-05:00,22.700000762939453,22.915000915527344,22.700000762939453,22.83799934387207,18000,0.0,0.0
2023-01-04 00:00:00-05:00,23.09000015258789,23.572999954223633,23.0,23.572999954223633,14000,0.0,0.0
2023-01-05 00:00:00-05:00,23.5,23.979999542236328,23.299999237060547,23.815000534057617,18000,0.0,0.0
2023-01-06 00:00:00-05:00,23.790000915527344,24.236000061035156,23.75,24.010000228881836,8400,0.0,0.0
2023-01-09 00:00:00-05:00,24.040000915527344,24.280000686645508,24.020000457763672,24.100000381469727,14900,0.0,0.0
2023-01-10 00:00:00-05:00,24.100000381469727,24.260000228881836,24.040000915527344,24.239999771118164,14600,0.0,0.0
2023-01-11 00:00:00-05:00,24.239999771118164,24.239999771118164,24.0,24.15999984741211,19200,0.0,0.0
2023-01-12 00:00:00-05:00,24.290000915527344,24.5,24.059999465942383,24.25,48500,0.0,0.0
2023-01-13 00:00:00-05:00,24.290000915527344,24.75,24.260000228881836,24.479999542236328,32400,0.0,0.0
2023-01-17 00:00:00-05:00,24.549999237060547,24.68899917602539,24.360000610351562,24.469999313354492,12100,0.0,0.0
2023-01-18 00:00:00-05:00,24.56999969482422,24.66200065612793,24.485000610351562,24.511999130249023,16100,0.0,0.0
2023-01-19 00:00:00-05:00,24.600000381469727,24.639999389648438,24.027999877929688,24.639999389648438,19700,0.0,0.0
2023-01-20 00:00:00-05:00,24.65999984741211,24.65999984741211,24.229999542236328,24.56999969482422,12600,0.0,0.0
2023-01-23 00:00:00-05:00,24.56999969482422,24.709999084472656,24.53499984741211,24.690000534057617,19700,0.0,0.0
2023-01-24 00:00:00-05:00,24.729999542236328,25.334999084472656,24.579999923706055,25.125,21000,0.0,0.0
2023-01-25 00:00:00-05:00,25.030000686645508,25.280000686645508,24.881999969482422,25.139999389648438,11200,0.0,0.0
2023-01-26 00:00:00-05:00,25.1200008392334,25.22800064086914,25.020000457763672,25.09000015258789,18600,0.0,0.0
2023-01-27 00:00:00-05:00,25.030000686645508,25.229999542236328,25.0,25.166000366210938,23000,0.0,0.0
2023-01-30 00:00:00-05:00,25.0,25.149999618530273,24.975000381469727,25.149999618530273,8000,0.0,0.0
2023-01-31 00:00:00-05:00,25.200000762939453,25.399999618530273,25.020000457763672,25.209999084472656,21100,0.0,0.0
2023-02-01 00:00:00-05:00,25.079999923706055,25.329999923706055,25.0,25.18000030517578,11100,0.0,0.0
2023-02-02 00:00:00-05:00,25.059999465942383,25.2810001373291,25.0,25.079999923706055,9700,0.0,0.0
2023-02-03 00:00:00-05:00,25.0,25.34000015258789,24.889999389648438,25.0,14400,0.0,0.0
2023-02-06 00:00:00-05:00,24.889999389648438,25.155000686645508,24.889999389648438,25.030000686645508,12300,0.0,0.0
2023-02-07 00:00:00-05:00,25.09000015258789,25.18000030517578,25.049999237060547,25.18000030517578,6900,0.0,0.0
2023-02-08 00:00:00-05:00,25.18000030517578,25.559999465942383,25.18000030517578,25.270000457763672,12100,0.0,0.0
2023-02-09 00:00:00-05:00,25.399999618530273,25.469999313354492,25.114999771118164,25.138999938964844,12800,0.0,0.0
2023-02-10 00:00:00-05:00,25.260000228881836,25.3700008392334,25.0,25.14900016784668,14800,0.0,0.0
2023-02-13 00:00:00-05:00,25.239999771118164,25.385000228881836,25.239999771118164,25.284000396728516,3900,0.0,0.0
2023-02-14 00:00:00-05:00,25.350000381469727,25.350000381469727,25.100000381469727,25.299999237060547,5000,0.0,0.0
2023-02-15 00:00:00-05:00,25.299999237060547,25.299999237060547,25.0,25.0,1900,0.0,0.0
2023-02-16 00:00:00-05:00,25.200000762939453,25.239999771118164,25.0,25.1200008392334,9600,0.0,0.0
2023-02-17 00:00:00-05:00,25.1200008392334,25.1200008392334,25.020000457763672,25.020000457763672,6900,0.0,0.0
2023-02-21 00:00:00-05:00,25.079999923706055,25.142000198364258,24.670000076293945,24.709999084472656,20600,0.0,0.0
2023-02-22 00:00:00-05:00,24.850000381469727,25.139999389648438,24.719999313354492,24.719999313354492,23300,0.0,0.0
2023-02-23 00:00:00-05:00,24.950000762939453,25.25,24.93000030517578,25.149999618530273,10900,0.0,0.0
2023-02-24 00:00:00-05:00,25.100000381469727,25.100000381469727,24.844999313354492,24.950000762939453,9400,0.0,0.0
2023-02-27 00:00:00-05:00,25.09000015258789,25.25,24.920000076293945,25.25,14600,0.0,0.0
2023-02-28 00:00:00-05:00,24.889999389648438,25.18000030517578,24.649999618530273,25.18000030517578,21400,0.0,0.0
2023-03-01 00:00:00-05:00,25.239999771118164,25.297000885009766,24.860000610351562,25.0,8500,0.0,0.0
2023-03-02 00:00:00-05:00,24.809999465942383,25.139999389648438,24.756999969482422,24.989999771118164,14300,0.0,0.0
2023-03-03 00:00:00-05:00,24.940000534057617,25.260000228881836,24.940000534057617,25.200000762939453,8700,0.0,0.0
2023-03-06 00:00:00-05:00,25.25,25.299999237060547,25.041000366210938,25.290000915527344,9400,0.0,0.0
2023-03-07 00:00:00-05:00,25.170000076293945,25.200000762939453,25.059999465942383,25.149999618530273,7700,0.0,0.0
2023-03-08 00:00:00-05:00,25.260000228881836,25.350000381469727,25.0,25.149999618530273,9900,0.0,0.0
2023-03-09 00:00:00-05:00,25.059999465942383,25.059999465942383,24.729999542236328,24.729999542236328,12300,0.0,0.0
2023-03-10 00:00:00-05:00,24.610000610351562,25.040000915527344,24.291000366210938,24.68000030517578,29900,0.0,0.0
2023-03-13 00:00:00-04:00,24.299999237060547,24.3700008392334,23.16699981689453,24.229999542236328,19900,0.0,0.0
2023-03-14 00:00:00-04:00,24.260000228881836,24.600000381469727,23.43199920654297,24.149999618530273,25400,0.0,0.0
2023-03-15 00:00:00-04:00,23.65999984741211,23.940000534057617,23.325000762939453,23.459999084472656,22400,0.0,0.0
2023-03-16 00:00:00-04:00,23.270000457763672,24.350000381469727,22.950000762939453,24.100000381469727,20300,0.0,0.0
2023-03-17 00:00:00-04:00,24.0,24.100000381469727,23.200000762939453,23.34000015258789,9600,0.0,0.0
2023-03-20 00:00:00-04:00,23.450000762939453,23.60700035095215,22.010000228881836,22.280000686645508,51200,0.0,0.0
2023-03-21 00:00:00-04:00,22.59000015258789,23.312999725341797,22.3799991607666,22.739999771118164,16800,0.0,0.0
2023-03-22 00:00:00-04:00,22.450000762939453,23.290000915527344,22.450000762939453,22.850000381469727,11900,0.0,0.0
2023-03-23 00:00:00-04:00,22.790000915527344,23.479999542236328,22.299999237060547,22.774999618530273,14900,0.0,0.0
2023-03-24 00:00:00-04:00,22.06999969482422,23.249000549316406,22.06999969482422,22.850000381469727,9200,0.0,0.0
2023-03-27 00:00:00-04:00,22.8700008392334,23.25,22.799999237060547,23.25,7600,0.0,0.0
2023-03-28 00:00:00-04:00,22.719999313354492,23.125,22.719999313354492,23.100000381469727,6700,0.0,0.0
2023-03-29 00:00:00-04:00,23.219999313354492,23.690000534057617,23.219999313354492,23.43600082397461,10400,0.0,0.0
2023-03-30 00:00:00-04:00,23.389999389648438,24.0,23.389999389648438,24.0,9800,0.0,0.0
2023-03-31 00:00:00-04:00,23.889999389648438,24.34000015258789,23.889999389648438,24.299999237060547,7300,0.0,0.0
2023-04-03 00:00:00-04:00,23.5,24.239999771118164,23.5,24.219999313354492,3900,0.0,0.0
2023-04-04 00:00:00-04:00,24.219999313354492,24.219999313354492,23.85300064086914,24.190000534057617,8200,0.0,0.0
2023-04-05 00:00:00-04:00,23.770000457763672,24.135000228881836,23.503000259399414,23.9689998626709,2300,0.0,0.0
2023-04-06 00:00:00-04:00,24.079999923706055,24.079999923706055,23.600000381469727,23.899999618530273,14800,0.0,0.0
2023-04-10 00:00:00-04:00,24.100000381469727,24.1299991607666,23.844999313354492,24.100000381469727,5000,0.0,0.0
2023-04-11 00:00:00-04:00,23.844999313354492,24.0,23.68000030517578,23.75,6500,0.0,0.0
2023-04-12 00:00:00-04:00,24.0,24.100000381469727,23.6200008392334,23.6200008392334,8600,0.0,0.0
2023-04-13 00:00:00-04:00,23.719999313354492,23.899999618530273,23.610000610351562,23.6200008392334,6800,0.0,0.0
2023-04-14 00:00:00-04:00,23.902999877929688,24.190000534057617,23.645000457763672,24.007999420166016,12700,0.0,0.0
2023-04-17 00:00:00-04:00,24.149999618530273,24.190000534057617,23.84000015258789,23.9950008392334,12000,0.0,0.0
2023-04-18 00:00:00-04:00,23.959999084472656,24.174999237060547,23.652000427246094,23.90999984741211,11800,0.0,0.0
2023-04-19 00:00:00-04:00,23.90999984741211,24.094999313354492,23.55900001525879,23.87700080871582,7900,0.0,0.0
2023-04-20 00:00:00-04:00,23.979999542236328,24.079999923706055,23.610000610351562,24.030000686645508,8100,0.0,0.0
2023-04-21 00:00:00-04:00,24.0,24.0,23.760000228881836,23.875,3400,0.0,0.0
2023-04-24 00:00:00-04:00,23.850000381469727,23.989999771118164,23.66699981689453,23.930999755859375,5600,0.0,0.0
2023-04-25 00:00:00-04:00,23.93000030517578,24.190000534057617,23.600000381469727,24.190000534057617,10500,0.0,0.0
2023-04-26 00:00:00-04:00,23.969999313354492,24.18000030517578,23.610000610351562,23.81999969482422,7600,0.0,0.0
2023-04-27 00:00:00-04:00,23.81999969482422,24.148000717163086,23.790000915527344,24.148000717163086,5400,0.0,0.0
2023-04-28 00:00:00-04:00,24.030000686645508,24.780000686645508,24.0,24.780000686645508,20400,0.0,0.0
2023-05-01 00:00:00-04:00,23.860000610351562,24.6200008392334,23.860000610351562,24.139999389648438,17800,0.0,0.0
2023-05-02 00:00:00-04:00,23.809999465942383,23.996999740600586,23.5,23.600000381469727,10200,0.0,0.0
2023-05-03 00:00:00-04:00,23.540000915527344,23.90999984741211,23.5,23.5,17200,0.0,0.0
2023-05-04 00:00:00-04:00,23.299999237060547,23.299999237060547,22.299999237060547,22.917999267578125,32700,0.0,0.0
2023-05-05 00:00:00-04:00,23.049999237060547,23.079999923706055,22.405000686645508,22.510000228881836,28000,0.0,0.0
2023-05-08 00:00:00-04:00,22.549999237060547,22.969999313354492,22.329999923706055,22.399999618530273,12200,0.0,0.0
2023-05-09 00:00:00-04:00,22.3700008392334,22.533000946044922,21.81999969482422,21.8700008392334,13200,0.0,0.0
2023-05-10 00:00:00-04:00,22.010000228881836,22.597999572753906,20.549999237060547,21.0,32000,0.0,0.0
2023-05-11 00:00:00-04:00,20.969999313354492,21.0,20.440000534057617,20.809999465942383,19200,0.0,0.0
2023-05-12 00:00:00-04:00,20.56999969482422,20.729999542236328,20.15999984741211,20.3700008392334,34500,0.0,0.0
2023-05-15 00:00:00-04:00,20.899999618530273,20.899999618530273,19.858999252319336,20.049999237060547,19500,0.0,0.0
2023-05-16 00:00:00-04:00,19.770000457763672,19.988000869750977,19.625,19.625,21300,0.0,0.0
2023-05-17 00:00:00-04:00,19.799999237060547,21.19300079345703,19.52400016784668,20.690000534057617,67800,0.0,0.0
2023-05-18 00:00:00-04:00,20.549999237060547,21.0,20.5,20.674999237060547,28800,0.0,0.0
2023-05-19 00:00:00-04:00,20.68000030517578,20.746999740600586,19.799999237060547,20.139999389648438,41300,0.0,0.0
2023-05-22 00:00:00-04:00,20.049999237060547,20.624000549316406,19.75,20.3700008392334,54000,0.0,0.0
2023-05-23 00:00:00-04:00,20.34000015258789,21.15999984741211,20.327999114990234,20.860000610351562,27000,0.0,0.0
2023-05-24 00:00:00-04:00,20.799999237060547,20.799999237060547,20.440000534057617,20.600000381469727,23800,0.0,0.0
2023-05-25 00:00:00-04:00,20.360000610351562,20.540000915527344,20.110000610351562,20.350000381469727,26600,0.0,0.0
2023-05-26 00:00:00-04:00,20.350000381469727,20.989999771118164,20.350000381469727,20.889999389648438,17200,0.0,0.0
2023-05-30 00:00:00-04:00,21.030000686645508,21.299999237060547,20.757999420166016,21.110000610351562,18500,0.0,0.0
2023-05-31 00:00:00-04:00,20.790000915527344,21.0,20.350000381469727,20.8700008392334,38100,0.0,0.0
2023-06-01 00:00:00-04:00,20.950000762939453,21.73900032043457,20.950000762939453,21.479999542236328,27300,0.0,0.0
2023-06-02 00:00:00-04:00,21.889999389648438,22.360000610351562,21.774999618530273,22.243999481201172,24500,0.0,0.0
2023-06-05 00:00:00-04:00,21.829999923706055,22.270000457763672,21.764999389648438,22.06999969482422,20700,0.0,0.0
2023-06-06 00:00:00-04:00,21.950000762939453,22.749000549316406,21.93000030517578,22.65999984741211,33000,0.0,0.0
2023-06-07 00:00:00-04:00,22.670000076293945,23.0,22.59000015258789,22.920000076293945,13400,0.0,0.0
2023-06-08 00:00:00-04:00,22.850000381469727,22.988000869750977,22.010000228881836,22.649999618530273,13500,0.0,0.0
2023-06-09 00:00:00-04:00,22.530000686645508,22.709999084472656,22.229999542236328,22.510000228881836,5700,0.0,0.0
2023-06-12 00:00:00-04:00,22.549999237060547,22.549999237060547,21.920000076293945,21.989999771118164,10500,0.0,0.0
2023-06-13 00:00:00-04:00,22.030000686645508,22.19700050354004,21.729999542236328,21.899999618530273,17300,0.0,0.0
2023-06-14 00:00:00-04:00,21.829999923706055,21.989999771118164,21.350000381469727,21.81999969482422,15500,0.0,0.0
2023-06-15 00:00:00-04:00,21.780000686645508,22.40999984741211,21.562999725341797,22.40999984741211,24600,0.0,0.0
2023-06-16 00:00:00-04:00,22.100000381469727,22.395999908447266,22.049999237060547,22.229999542236328,7900,0.0,0.0
2023-06-20 00:00:00-04:00,22.329999923706055,22.670000076293945,22.200000762939453,22.606000900268555,12700,0.0,0.0
2023-06-21 00:00:00-04:00,22.200000762939453,22.719999313354492,22.200000762939453,22.700000762939453,5800,0.0,0.0
2023-06-22 00:00:00-04:00,22.729999542236328,22.799999237060547,22.3799991607666,22.700000762939453,12100,0.0,0.0
2023-06-23 00:00:00-04:00,22.639999389648438,22.639999389648438,22.398000717163086,22.420000076293945,14600,0.0,0.0
2023-06-26 00:00:00-04:00,22.420000076293945,22.799999237060547,22.420000076293945,22.799999237060547,3300,0.0,0.0
2023-06-27 00:00:00-04:00,22.399999618530273,22.5,22.200000762939453,22.450000762939453,8300,0.0,0.0
2023-06-28 00:00:00-04:00,22.350000381469727,22.6200008392334,22.200000762939453,22.6200008392334,8100,0.0,0.0
2023-06-29 00:00:00-04:00,22.43000030517578,22.43000030517578,22.149999618530273,22.256999969482422,4300,0.0,0.0
2023-06-30 00:00:00-04:00,22.3799991607666,23.059999465942383,22.3799991607666,23.059999465942383,23100,0.0,0.0
2023-07-03 00:00:00-04:00,22.889999389648438,23.450000762939453,22.889999389648438,23.450000762939453,3300,0.0,0.0
2023-07-05 00:00:00-04:00,23.253000259399414,23.579999923706055,23.049999237060547,23.149999618530273,13900,0.0,0.0
2023-07-06 00:00:00-04:00,23.0,23.3700008392334,22.399999618530273,22.899999618530273,17700,0.0,0.0
2023-07-07 00:00:00-04:00,22.909000396728516,23.309999465942383,22.75,22.975000381469727,7800,0.0,0.0
2023-07-10 00:00:00-04:00,23.290000915527344,23.399999618530273,22.851999282836914,23.190000534057617,6500,0.0,0.0
2023-07-11 00:00:00-04:00,23.030000686645508,23.389999389648438,23.0,23.25,1900,0.0,0.0
2023-07-12 00:00:00-04:00,23.360000610351562,23.530000686645508,23.17099952697754,23.420000076293945,17100,0.0,0.0
2023-07-13 00:00:00-04:00,23.399999618530273,23.959999084472656,23.399999618530273,23.68000030517578,16100,0.0,0.0
2023-07-14 00:00:00-04:00,23.618999481201172,23.739999771118164,23.200000762939453,23.489999771118164,2400,0.0,0.0
2023-07-17 00:00:00-04:00,23.200000762939453,23.327999114990234,23.200000762939453,23.229999542236328,2200,0.0,0.0
2023-07-18 00:00:00-04:00,23.139999389648438,23.25200080871582,23.12299919128418,23.200000762939453,3800,0.0,0.0
2023-07-19 00:00:00-04:00,23.18000030517578,23.649999618530273,22.989999771118164,23.489999771118164,9600,0.0,0.0
2023-07-20 00:00:00-04:00,23.3799991607666,23.3799991607666,22.969999313354492,23.040000915527344,6400,0.0,0.0
2023-07-21 00:00:00-04:00,23.149999618530273,23.649999618530273,22.969999313354492,23.649999618530273,4800,0.0,0.0
2023-07-24 00:00:00-04:00,23.350000381469727,23.5,23.059999465942383,23.34000015258789,2300,0.0,0.0
2023-07-25 00:00:00-04:00,23.299999237060547,23.5,23.290000915527344,23.395000457763672,3300,0.0,0.0
2023-07-26 00:00:00-04:00,23.549999237060547,23.549999237060547,23.290000915527344,23.290000915527344,4900,0.0,0.0
2023-07-27 00:00:00-04:00,23.40999984741211,23.489999771118164,23.09000015258789,23.315000534057617,6100,0.0,0.0
2023-07-28 00:00:00-04:00,23.610000610351562,23.649999618530273,23.28499984741211,23.3799991607666,8100,0.0,0.0
2023-07-31 00:00:00-04:00,23.25,23.739999771118164,23.1560001373291,23.739999771118164,6200,0.0,0.0
2023-08-01 00:00:00-04:00,23.739999771118164,23.739999771118164,23.25,23.638999938964844,4900,0.0,0.0
2023-08-02 00:00:00-04:00,23.549999237060547,23.690000534057617,23.350000381469727,23.360000610351562,5200,0.0,0.0
2023-08-03 00:00:00-04:00,23.280000686645508,23.700000762939453,23.25,23.6299991607666,11600,0.0,0.0
2023-08-04 00:00:00-04:00,23.600000381469727,23.75,23.5,23.75,6700,0.0,0.0
2023-08-07 00:00:00-04:00,23.39699935913086,23.749000549316406,23.39699935913086,23.67099952697754,8500,0.0,0.0
2023-08-08 00:00:00-04:00,23.459999084472656,23.649999618530273,23.25,23.40999984741211,6000,0.0,0.0
2023-08-09 00:00:00-04:00,23.709999084472656,23.75,23.399999618530273,23.399999618530273,2000,0.0,0.0
2023-08-10 00:00:00-04:00,23.489999771118164,23.489999771118164,23.25,23.43000030517578,5000,0.0,0.0
2023-08-11 00:00:00-04:00,23.39299964904785,23.479999542236328,23.260000228881836,23.299999237060547,2700,0.0,0.0
2023-08-14 00:00:00-04:00,23.43000030517578,23.5,23.43000030517578,23.5,4400,0.0,0.0
2023-08-15 00:00:00-04:00,23.399999618530273,23.600000381469727,23.280000686645508,23.280000686645508,5200,0.0,0.0
2023-08-16 00:00:00-04:00,23.375,23.679000854492188,23.375,23.679000854492188,4300,0.0,0.0
2023-08-17 00:00:00-04:00,23.68000030517578,23.690000534057617,23.30299949645996,23.68000030517578,6000,0.0,0.0
2023-08-18 00:00:00-04:00,23.600000381469727,23.68000030517578,23.250999450683594,23.656999588012695,5400,0.0,0.0
2023-08-21 00:00:00-04:00,23.503999710083008,23.690000534057617,23.29800033569336,23.575000762939453,4300,0.0,0.0
2023-08-22 00:00:00-04:00,23.440000534057617,23.68000030517578,23.3799991607666,23.3799991607666,5300,0.0,0.0
2023-08-23 00:00:00-04:00,23.5,23.75,23.489999771118164,23.75,10200,0.0,0.0
2023-08-24 00:00:00-04:00,23.729999542236328,23.729999542236328,23.350000381469727,23.520000457763672,10200,0.0,0.0
2023-08-25 00:00:00-04:00,23.524999618530273,23.547000885009766,23.368000030517578,23.368000030517578,3300,0.0,0.0
2023-08-28 00:00:00-04:00,23.360000610351562,23.59600067138672,23.360000610351562,23.440000534057617,4000,0.0,0.0
2023-08-29 00:00:00-04:00,23.43000030517578,23.520000457763672,23.25,23.260000228881836,16300,0.0,0.0
2023-08-30 00:00:00-04:00,23.280000686645508,23.56999969482422,23.280000686645508,23.329999923706055,2900,0.0,0.0
2023-08-31 00:00:00-04:00,23.079999923706055,23.399999618530273,23.017000198364258,23.399999618530273,21200,0.0,0.0
2023-09-01 00:00:00-04:00,23.200000762939453,23.200000762939453,23.200000762939453,23.200000762939453,400,0.0,0.0
2023-09-05 00:00:00-04:00,23.149999618530273,23.299999237060547,23.0,23.0,6600,0.0,0.0
2023-09-06 00:00:00-04:00,23.100000381469727,23.3700008392334,23.059999465942383,23.3700008392334,8800,0.0,0.0
2023-09-07 00:00:00-04:00,23.350000381469727,23.350000381469727,23.190000534057617,23.190000534057617,1900,0.0,0.0
2023-09-08 00:00:00-04:00,23.174999237060547,23.19300079345703,23.149999618530273,23.19300079345703,800,0.0,0.0
2023-09-11 00:00:00-04:00,23.1299991607666,23.399999618530273,22.834999084472656,23.219999313354492,4100,0.0,0.0
2023-09-12 00:00:00-04:00,23.06999969482422,23.389999389648438,22.881999969482422,23.280000686645508,2300,0.0,0.0
2023-09-13 00:00:00-04:00,23.054000854492188,23.3799991607666,22.899999618530273,23.309999465942383,7500,0.0,0.0
2023-09-14 00:00:00-04:00,23.207000732421875,23.790000915527344,23.1299991607666,23.790000915527344,5000,0.0,0.0
2023-09-15 00:00:00-04:00,23.75,23.850000381469727,23.3799991607666,23.850000381469727,8700,0.0,0.0
2023-09-18 00:00:00-04:00,23.3700008392334,23.799999237060547,23.3700008392334,23.799999237060547,3500,0.0,0.0
2023-09-19 00:00:00-04:00,23.709999084472656,24.450000762939453,23.604999542236328,24.18000030517578,21800,0.0,0.0
2023-09-20 00:00:00-04:00,24.280000686645508,24.280000686645508,23.989999771118164,24.040000915527344,6300,0.0,0.0
2023-09-21 00:00:00-04:00,23.780000686645508,23.799999237060547,23.399999618530273,23.399999618530273,5400,0.0,0.0
2023-09-22 00:00:00-04:00,23.600000381469727,23.993000030517578,23.1200008392334,23.1200008392334,8200,0.0,0.0
2023-09-25 00:00:00-04:00,23.149999618530273,23.416000366210938,23.010000228881836,23.020000457763672,5800,0.0,0.0
2023-09-26 00:00:00-04:00,23.049999237060547,23.158000946044922,22.56999969482422,22.709999084472656,14100,0.0,0.0
2023-09-27 00:00:00-04:00,22.940000534057617,22.940000534057617,22.5,22.860000610351562,6500,0.0,0.0
2023-09-28 00:00:00-04:00,23.0,23.989999771118164,22.809999465942383,22.809999465942383,10800,0.0,0.0
2023-09-29 00:00:00-04:00,23.18000030517578,23.959999084472656,22.920000076293945,23.84000015258789,19900,0.0,0.0
2023-10-02 00:00:00-04:00,23.670000076293945,23.799999237060547,23.420000076293945,23.788999557495117,4100,0.0,0.0
2023-10-03 00:00:00-04:00,23.6299991607666,23.6299991607666,22.75,22.75,19800,0.0,0.0
2023-10-04 00:00:00-04:00,23.600000381469727,23.600000381469727,21.979999542236328,22.0,7800,0.0,0.0
2023-10-05 00:00:00-04:00,22.0,22.39299964904785,21.239999771118164,21.350000381469727,9800,0.0,0.0
2023-10-06 00:00:00-04:00,21.190000534057617,21.68000030517578,21.049999237060547,21.399999618530273,5400,0.0,0.0
2023-10-09 00:00:00-04:00,21.540000915527344,22.5,21.5,22.30500030517578,9500,0.0,0.0
2023-10-10 00:00:00-04:00,21.90999984741211,22.499000549316406,21.760000228881836,22.209999084472656,8300,0.0,0.0
2023-10-11 00:00:00-04:00,22.5,22.5,22.23900032043457,22.290000915527344,5700,0.0,0.0
2023-10-12 00:00:00-04:00,22.489999771118164,22.489999771118164,22.08799934387207,22.290000915527344,3400,0.0,0.0
2023-10-13 00:00:00-04:00,22.059999465942383,23.489999771118164,22.059999465942383,22.489999771118164,2400,0.0,0.0
2023-10-16 00:00:00-04:00,22.684999465942383,22.684999465942383,22.049999237060547,22.049999237060547,2700,0.0,0.0
2023-10-17 00:00:00-04:00,21.84000015258789,22.530000686645508,21.84000015258789,22.0,3400,0.0,0.0
2023-10-18 00:00:00-04:00,22.200000762939453,22.499000549316406,21.98699951171875,22.030000686645508,7400,0.0,0.0
2023-10-19 00:00:00-04:00,22.13599967956543,22.5,21.6560001373291,22.450000762939453,13800,0.0,0.0
2023-10-20 00:00:00-04:00,22.110000610351562,22.600000381469727,21.663000106811523,22.5,27700,0.0,0.0
2023-10-23 00:00:00-04:00,22.31800079345703,22.507999420166016,21.600000381469727,22.5,19700,0.0,0.0
2023-10-24 00:00:00-04:00,22.5,22.950000762939453,21.888999938964844,22.80500030517578,7700,0.0,0.0
2023-10-25 00:00:00-04:00,22.8700008392334,22.8700008392334,22.489999771118164,22.600000381469727,3400,0.0,0.0
2023-10-26 00:00:00-04:00,22.325000762939453,22.530000686645508,22.1200008392334,22.1200008392334,3300,0.0,0.0
2023-10-27 00:00:00-04:00,22.06999969482422,22.100000381469727,21.610000610351562,21.756999969482422,4500,0.0,0.0
2023-10-30 00:00:00-04:00,22.0,22.260000228881836,22.0,22.16900062561035,2100,0.0,0.0
2023-10-31 00:00:00-04:00,21.989999771118164,22.280000686645508,21.760000228881836,21.760000228881836,4600,0.0,0.0
2023-11-01 00:00:00-04:00,22.086999893188477,22.26300048828125,21.764999389648438,22.260000228881836,3900,0.0,0.0
2023-11-02 00:00:00-04:00,22.309999465942383,23.209999084472656,22.309999465942383,22.722999572753906,8900,0.0,0.0
2023-11-03 00:00:00-04:00,23.010000228881836,23.010000228881836,22.770000457763672,22.780000686645508,10900,0.0,0.0
2023-11-06 00:00:00-05:00,22.889999389648438,22.889999389648438,22.559999465942383,22.729999542236328,5400,0.0,0.0
2023-11-07 00:00:00-05:00,22.540000915527344,22.714000701904297,22.299999237060547,22.391000747680664,3500,0.0,0.0
2023-11-08 00:00:00-05:00,22.549999237060547,22.6200008392334,22.450000762939453,22.450000762939453,21800,0.0,0.0
2023-11-09 00:00:00-05:00,22.389999389648438,22.43000030517578,22.28499984741211,22.31999969482422,3800,0.0,0.0
2023-11-10 00:00:00-05:00,22.3439998626709,22.8799991607666,22.3439998626709,22.420000076293945,10700,0.0,0.0
2023-11-13 00:00:00-05:00,22.420000076293945,22.479999542236328,22.399999618530273,22.479999542236328,2400,0.0,0.0
2023-11-14 00:00:00-05:00,22.649999618530273,22.979999542236328,22.549999237060547,22.729999542236328,19600,0.0,0.0
2023-11-15 00:00:00-05:00,22.709999084472656,23.114999771118164,22.600000381469727,22.790000915527344,17000,0.0,0.0
2023-11-16 00:00:00-05:00,23.0,23.382999420166016,22.913000106811523,22.940000534057617,5000,0.0,0.0
2023-11-17 00:00:00-05:00,23.174999237060547,23.399999618530273,23.174999237060547,23.364999771118164,7400,0.0,0.0
2023-11-20 00:00:00-05:00,23.381000518798828,23.59000015258789,23.299999237060547,23.299999237060547,8600,0.0,0.0
2023-11-21 00:00:00-05:00,23.299999237060547,23.299999237060547,22.959999084472656,23.030000686645508,3600,0.0,0.0
2023-11-22 00:00:00-05:00,23.219999313354492,23.298999786376953,22.6200008392334,22.90399932861328,6000,0.0,0.0
2023-11-24 00:00:00-05:00,23.079999923706055,23.079999923706055,23.079999923706055,23.079999923706055,600,0.0,0.0
2023-11-27 00:00:00-05:00,23.104999542236328,23.440000534057617,23.104999542236328,23.329999923706055,7000,0.0,0.0
2023-11-28 00:00:00-05:00,23.25,23.799999237060547,23.219999313354492,23.299999237060547,4400,0.0,0.0
2023-11-29 00:00:00-05:00,23.75,23.75,23.5,23.700000762939453,7600,0.0,0.0
2023-11-30 00:00:00-05:00,23.25,24.239999771118164,23.25,24.239999771118164,31300,0.0,0.0
2023-12-01 00:00:00-05:00,24.0,24.389999389648438,24.0,24.389999389648438,6200,0.0,0.0
2023-12-04 00:00:00-05:00,24.100000381469727,24.399999618530273,24.100000381469727,24.399999618530273,11900,0.0,0.0
2023-12-05 00:00:00-05:00,24.350000381469727,24.447999954223633,24.25,24.350000381469727,5000,0.0,0.0
2023-12-06 00:00:00-05:00,24.350000381469727,24.350000381469727,24.200000762939453,24.34000015258789,7400,0.0,0.0
2023-12-07 00:00:00-05:00,24.350000381469727,24.350000381469727,24.049999237060547,24.290000915527344,9500,0.0,0.0
2023-12-08 00:00:00-05:00,24.25,24.25,23.760000228881836,23.854000091552734,4000,0.0,0.0
2023-12-11 00:00:00-05:00,23.790000915527344,23.90999984741211,23.75,23.875,6700,0.0,0.0
2023-12-12 00:00:00-05:00,24.309999465942383,24.34000015258789,23.542999267578125,24.125,7700,0.0,0.0
2023-12-13 00:00:00-05:00,24.049999237060547,24.440000534057617,23.815000534057617,24.325000762939453,8400,0.0,0.0
2023-12-14 00:00:00-05:00,24.389999389648438,24.790000915527344,24.389999389648438,24.527000427246094,20400,0.0,0.0
2023-12-15 00:00:00-05:00,24.739999771118164,24.739999771118164,24.030000686645508,24.68000030517578,10400,0.0,0.0
2023-12-18 00:00:00-05:00,24.799999237060547,24.972999572753906,24.700000762939453,24.940000534057617,27500,0.0,0.0
2023-12-19 00:00:00-05:00,24.8700008392334,25.336000442504883,24.8700008392334,25.200000762939453,11900,0.0,0.0
2023-12-20 00:00:00-05:00,25.270000457763672,25.270000457763672,24.8700008392334,25.09000015258789,12700,0.0,0.0
2023-12-21 00:00:00-05:00,25.190000534057617,25.190000534057617,24.969999313354492,25.17300033569336,3400,0.0,0.0
2023-12-22 00:00:00-05:00,25.420000076293945,25.579999923706055,24.700000762939453,24.700000762939453,5900,0.0,0.0
2023-12-26 00:00:00-05:00,24.739999771118164,25.183000564575195,24.540000915527344,24.540000915527344,6700,0.0,0.0
2023-12-27 00:00:00-05:00,24.672000885009766,25.15999984741211,24.280000686645508,25.125,10300,0.0,0.0
2023-12-28 00:00:00-05:00,25.1200008392334,25.1200008392334,24.59000015258789,24.829999923706055,8000,0.0,0.0
2023-12-29 00:00:00-05:00,24.770000457763672,25.489999771118164,24.6299991607666,25.399999618530273,38600,0.0,0.0
2024-01-02 00:00:00-05:00,24.799999237060547,25.395000457763672,24.799999237060547,24.899999618530273,10000,0.0,0.0
2024-01-03 00:00:00-05:00,25.059999465942383,25.18000030517578,24.889999389648438,24.889999389648438,6200,0.0,0.0
2024-01-04 00:00:00-05:00,25.024999618530273,25.139999389648438,24.65999984741211,25.100000381469727,6500,0.0,0.0
2024-01-05 00:00:00-05:00,25.0,25.200000762939453,24.959999084472656,25.059999465942383,4500,0.0,0.0
2024-01-08 00:00:00-05:00,25.0,25.0,24.649999618530273,24.93000030517578,8200,0.0,0.0
2024-01-09 00:00:00-05:00,24.94499969482422,25.049999237060547,24.65999984741211,24.844999313354492,11600,0.0,0.0
2024-01-10 00:00:00-05:00,24.93000030517578,24.961000442504883,24.700000762939453,24.770000457763672,13700,0.0,0.0
2024-01-11 00:00:00-05:00,24.81999969482422,24.915000915527344,24.739999771118164,24.81999969482422,3900,0.0,0.0
2024-01-12 00:00:00-05:00,24.889999389648438,24.93000030517578,24.8700008392334,24.899999618530273,3300,0.0,0.0
2024-01-16 00:00:00-05:00,24.760000228881836,25.0,24.530000686645508,24.530000686645508,10400,0.0,0.0
2024-01-17 00:00:00-05:00,24.5,24.899999618530273,24.31599998474121,24.649999618530273,5900,0.0,0.0
2024-01-18 00:00:00-05:00,24.649999618530273,24.649999618530273,23.850000381469727,24.0,11400,0.0,0.0
2024-01-19 00:00:00-05:00,24.100000381469727,24.354999542236328,24.049999237060547,24.34000015258789,5100,0.0,0.0
2024-01-22 00:00:00-05:00,24.5,24.81999969482422,24.5,24.760000228881836,1800,0.0,0.0
2024-01-23 00:00:00-05:00,24.290000915527344,24.73900032043457,24.290000915527344,24.6299991607666,4600,0.0,0.0
2024-01-24 00:00:00-05:00,24.940000534057617,24.940000534057617,24.459999084472656,24.459999084472656,14900,0.0,0.0
2024-01-25 00:00:00-05:00,24.5,24.889999389648438,24.5,24.799999237060547,19600,0.0,0.0
2024-01-26 00:00:00-05:00,24.799999237060547,24.959999084472656,24.670000076293945,24.959999084472656,6000,0.0,0.0
2024-01-29 00:00:00-05:00,24.950000762939453,25.118999481201172,24.799999237060547,25.118999481201172,3900,0.0,0.0
2024-01-30 00:00:00-05:00,24.989999771118164,25.0,24.700000762939453,24.920000076293945,14800,0.0,0.0
2024-01-31 00:00:00-05:00,24.850000381469727,24.868000030517578,24.309999465942383,24.350000381469727,6100,0.0,0.0
2024-02-01 00:00:00-05:00,24.5,24.600000381469727,23.329999923706055,24.049999237060547,21400,0.0,0.0
2024-02-02 00:00:00-05:00,24.100000381469727,24.125,23.579999923706055,24.020000457763672,7000,0.0,0.0
2024-02-05 00:00:00-05:00,24.07900047302246,24.75,24.07900047302246,24.18000030517578,3900,0.0,0.0
2024-02-06 00:00:00-05:00,24.399999618530273,24.579999923706055,24.229999542236328,24.43000030517578,6800,0.0,0.0
2024-02-07 00:00:00-05:00,24.139999389648438,24.56999969482422,23.753999710083008,24.399999618530273,10900,0.0,0.0
2024-02-08 00:00:00-05:00,24.399999618530273,24.549999237060547,24.399999618530273,24.549999237060547,4200,0.0,0.0
2024-02-09 00:00:00-05:00,24.709999084472656,24.709999084472656,24.700000762939453,24.700000762939453,1200,0.0,0.0
2024-02-12 00:00:00-05:00,24.334999084472656,24.8799991607666,24.334999084472656,24.850000381469727,7900,0.0,0.0
2024-02-13 00:00:00-05:00,24.520000457763672,24.520000457763672,24.420000076293945,24.459999084472656,1600,0.0,0.0
2024-02-14 00:00:00-05:00,24.420000076293945,24.6200008392334,24.350000381469727,24.350000381469727,3600,0.0,0.0
2024-02-15 00:00:00-05:00,24.389999389648438,24.68199920654297,24.350000381469727,24.610000610351562,5200,0.0,0.0
2024-02-16 00:00:00-05:00,24.329999923706055,24.489999771118164,24.27899932861328,24.299999237060547,3900,0.0,0.0
2024-02-20 00:00:00-05:00,24.459999084472656,24.479999542236328,24.25,24.479999542236328,1800,0.0,0.0
2024-02-21 00:00:00-05:00,24.465999603271484,24.65999984741211,24.28499984741211,24.440000534057617,10700,0.0,0.0
2024-02-22 00:00:00-05:00,24.549999237060547,24.59000015258789,24.474000930786133,24.59000015258789,2800,0.0,0.0
2024-02-23 00:00:00-05:00,24.600000381469727,24.8799991607666,24.600000381469727,24.8799991607666,6400,0.0,0.0
2024-02-26 00:00:00-05:00,25.051000595092773,25.18000030517578,24.770000457763672,25.18000030517578,15100,0.0,0.0
2024-02-27 00:00:00-05:00,24.9689998626709,25.149999618530273,24.9689998626709,24.969999313354492,4600,0.0,0.0
2024-02-28 00:00:00-05:00,24.81999969482422,25.049999237060547,24.81999969482422,25.049999237060547,3100,0.0,0.0
2024-02-29 00:00:00-05:00,24.649999618530273,24.850000381469727,24.610000610351562,24.6200008392334,9800,0.0,0.0
2024-03-01 00:00:00-05:00,24.6200008392334,24.84000015258789,24.459999084472656,24.459999084472656,1800,0.0,0.0
2024-03-04 00:00:00-05:00,24.649999618530273,24.700000762939453,24.549999237060547,24.670000076293945,3100,0.0,0.0
2024-03-05 00:00:00-05:00,24.229999542236328,24.570999145507812,24.229999542236328,24.55299949645996,3200,0.0,0.0
2024-03-06 00:00:00-05:00,24.719999313354492,24.719999313354492,24.020000457763672,24.299999237060547,11800,0.0,0.0
2024-03-07 00:00:00-05:00,24.31999969482422,24.719999313354492,24.31999969482422,24.600000381469727,21700,0.0,0.0
2024-03-08 00:00:00-05:00,24.549999237060547,24.670000076293945,24.549999237060547,24.670000076293945,4900,0.0,0.0
2024-03-11 00:00:00-04:00,24.7450008392334,24.799999237060547,24.7450008392334,24.799999237060547,1200,0.0,0.0
2024-03-12 00:00:00-04:00,24.6200008392334,24.850000381469727,24.6200008392334,24.809999465942383,3900,0.0,0.0
2024-03-13 00:00:00-04:00,24.850000381469727,25.149999618530273,24.850000381469727,24.989999771118164,9900,0.0,0.0
2024-03-14 00:00:00-04:00,24.989999771118164,24.989999771118164,24.729999542236328,24.81999969482422,5300,0.0,0.0
2024-03-15 00:00:00-04:00,24.799999237060547,24.93000030517578,24.6200008392334,24.6200008392334,4100,0.0,0.0
2024-03-18 00:00:00-04:00,25.030000686645508,25.030000686645508,24.639999389648438,24.780000686645508,10700,0.0,0.0
2024-03-19 00:00:00-04:00,24.770000457763672,24.945999145507812,24.6299991607666,24.790000915527344,10300,0.0,0.0
2024-03-20 00:00:00-04:00,24.770000457763672,24.950000762939453,24.1299991607666,24.68000030517578,14300,0.0,0.0
2024-03-21 00:00:00-04:00,24.799999237060547,24.899999618530273,24.6299991607666,24.8799991607666,10600,0.0,0.0
2024-03-22 00:00:00-04:00,24.93000030517578,24.93000030517578,24.6299991607666,24.700000762939453,20300,0.0,0.0
2024-03-25 00:00:00-04:00,24.753000259399414,24.809999465942383,24.579999923706055,24.700000762939453,3800,0.0,0.0
2024-03-26 00:00:00-04:00,24.65999984741211,24.81999969482422,24.420000076293945,24.579999923706055,5400,0.0,0.0
2024-03-27 00:00:00-04:00,24.770000457763672,24.770000457763672,24.459999084472656,24.635000228881836,6400,0.0,0.0
2024-03-28 00:00:00-04:00,24.68000030517578,24.68199920654297,24.469999313354492,24.6200008392334,4700,0.0,0.0
2024-04-01 00:00:00-04:00,24.600000381469727,24.729999542236328,24.450000762939453,24.670000076293945,8200,0.0,0.0
2024-04-02 00:00:00-04:00,24.649999618530273,24.670000076293945,24.600000381469727,24.600000381469727,3600,0.0,0.0
2024-04-03 00:00:00-04:00,24.850000381469727,24.850000381469727,24.5,24.634000778198242,1100,0.0,0.0
2024-04-04 00:00:00-04:00,24.600000381469727,24.700000762939453,24.25,24.670000076293945,8600,0.0,0.0
2024-04-05 00:00:00-04:00,24.600000381469727,24.75,24.5,24.5,7100,0.0,0.0
2024-04-08 00:00:00-04:00,24.65999984741211,24.700000762939453,24.450000762939453,24.6299991607666,8800,0.0,0.0
2024-04-09 00:00:00-04:00,24.459999084472656,24.55500030517578,24.40999984741211,24.5,6500,0.0,0.0
2024-04-10 00:00:00-04:00,24.391000747680664,24.579999923706055,23.579999923706055,24.040000915527344,7200,0.0,0.0
2024-04-11 00:00:00-04:00,24.010000228881836,24.010000228881836,23.5,23.799999237060547,14300,0.0,0.0
2024-04-12 00:00:00-04:00,23.549999237060547,24.649999618530273,23.549999237060547,23.940000534057617,7000,0.0,0.0
2024-04-15 00:00:00-04:00,23.6200008392334,23.739999771118164,22.68000030517578,22.899999618530273,21400,0.0,0.0
2024-04-16 00:00:00-04:00,22.889999389648438,23.18000030517578,22.809999465942383,22.950000762939453,11500,0.0,0.0
2024-04-17 00:00:00-04:00,23.170000076293945,23.31999969482422,23.010000228881836,23.104999542236328,22800,0.0,0.0
2024-04-18 00:00:00-04:00,23.100000381469727,23.25,22.920000076293945,22.969999313354492,20800,0.0,0.0
2024-04-19 00:00:00-04:00,22.979999542236328,23.049999237060547,22.959999084472656,23.0,3000,0.0,0.0
2024-04-22 00:00:00-04:00,23.079999923706055,23.290000915527344,23.010000228881836,23.290000915527344,8300,0.0,0.0
2024-04-23 00:00:00-04:00,23.239999771118164,23.52899932861328,23.239999771118164,23.459999084472656,11400,0.0,0.0
2024-04-24 00:00:00-04:00,23.450000762939453,23.59000015258789,23.25,23.520000457763672,10700,0.0,0.0
2024-04-25 00:00:00-04:00,23.159000396728516,23.447999954223633,23.149999618530273,23.18000030517578,5500,0.0,0.0
2024-04-26 00:00:00-04:00,23.040000915527344,23.200000762939453,23.040000915527344,23.139999389648438,4900,0.0,0.0
2024-04-29 00:00:00-04:00,23.209999084472656,23.420000076293945,23.079999923706055,23.09000015258789,16100,0.0,0.0
2024-04-30 00:00:00-04:00,22.979999542236328,23.110000610351562,22.6299991607666,22.739999771118164,47500,0.0,0.0
2024-05-01 00:00:00-04:00,22.8799991607666,23.1200008392334,22.81999969482422,23.049999237060547,18200,0.0,0.0
2024-05-02 00:00:00-04:00,23.1200008392334,23.229999542236328,23.100000381469727,23.200000762939453,6400,0.0,0.0
2024-05-03 00:00:00-04:00,23.440000534057617,23.670000076293945,23.420000076293945,23.579999923706055,11500,0.0,0.0
2024-05-06 00:00:00-04:00,23.54400062561035,23.84000015258789,23.54400062561035,23.700000762939453,18800,0.0,0.0
2024-05-07 00:00:00-04:00,23.93000030517578,23.93000030517578,23.549999237060547,23.549999237060547,5400,0.0,0.0
2024-05-08 00:00:00-04:00,23.68000030517578,23.68000030517578,23.25,23.450000762939453,11000,0.0,0.0
2024-05-09 00:00:00-04:00,23.450000762939453,23.5,23.309999465942383,23.389999389648438,5700,0.0,0.0
2024-05-10 00:00:00-04:00,23.440000534057617,23.459999084472656,23.290000915527344,23.399999618530273,5900,0.0,0.0
2024-05-13 00:00:00-04:00,23.5,23.618000030517578,23.399999618530273,23.56999969482422,10600,0.0,0.0
2024-05-14 00:00:00-04:00,23.559999465942383,23.617000579833984,23.34000015258789,23.489999771118164,7000,0.0,0.0
2024-05-15 00:00:00-04:00,23.719999313354492,23.81999969482422,23.6200008392334,23.799999237060547,7800,0.0,0.0
2024-05-16 00:00:00-04:00,23.790000915527344,23.790000915527344,23.655000686645508,23.770000457763672,4900,0.0,0.0
2024-05-17 00:00:00-04:00,23.493999481201172,23.790000915527344,23.493999481201172,23.739999771118164,3300,0.0,0.0
2024-05-20 00:00:00-04:00,23.780000686645508,23.799999237060547,23.700000762939453,23.799999237060547,4500,0.0,0.0
2024-05-21 00:00:00-04:00,23.600000381469727,23.799999237060547,23.530000686645508,23.700000762939453,11200,0.0,0.0
2024-05-22 00:00:00-04:00,23.719999313354492,23.719999313354492,23.551000595092773,23.700000762939453,6200,0.0,0.0
2024-05-23 00:00:00-04:00,23.739999771118164,23.739999771118164,23.34000015258789,23.565000534057617,43500,0.0,0.0
2024-05-24 00:00:00-04:00,23.579999923706055,23.729999542236328,23.579999923706055,23.649999618530273,11300,0.0,0.0
2024-05-28 00:00:00-04:00,23.700000762939453,23.75,23.600000381469727,23.600000381469727,6400,0.0,0.0
2024-05-29 00:00:00-04:00,23.600000381469727,23.6299991607666,23.399999618530273,23.600000381469727,16300,0.0,0.0
2024-05-30 00:00:00-04:00,23.600000381469727,23.639999389648438,23.600000381469727,23.639999389648438,800,0.0,0.0
2024-05-31 00:00:00-04:00,23.450000762939453,23.709999084472656,23.229999542236328,23.610000610351562,23400,0.0,0.0
2024-06-03 00:00:00-04:00,23.520000457763672,23.610000610351562,23.31999969482422,23.520000457763672,2900,0.0,0.0
2024-06-04 00:00:00-04:00,23.450000762939453,23.649999618530273,23.450000762939453,23.600000381469727,3700,0.0,0.0
2024-06-05 00:00:00-04:00,23.489999771118164,23.489999771118164,23.38599967956543,23.450000762939453,1400,0.0,0.0
2024-06-06 00:00:00-04:00,23.610000610351562,23.691999435424805,23.5,23.690000534057617,3100,0.0,0.0
2024-06-07 00:00:00-04:00,23.649999618530273,23.709999084472656,23.579999923706055,23.709999084472656,3100,0.0,0.0
2024-06-10 00:00:00-04:00,23.510000228881836,23.584999084472656,23.3700008392334,23.489999771118164,3800,0.0,0.0
2024-06-11 00:00:00-04:00,23.34000015258789,23.579999923706055,23.299999237060547,23.309999465942383,8100,0.0,0.0
2024-06-12 00:00:00-04:00,23.350000381469727,23.57200050354004,23.31999969482422,23.3700008392334,5900,0.0,0.0
2024-06-13 00:00:00-04:00,23.420000076293945,23.510000228881836,23.312999725341797,23.450000762939453,4000,0.0,0.0
2024-06-14 00:00:00-04:00,23.299999237060547,23.51799964904785,23.299999237060547,23.329999923706055,1600,0.0,0.0
2024-06-17 00:00:00-04:00,23.34000015258789,23.5049991607666,23.329999923706055,23.399999618530273,8600,0.0,0.0
2024-06-18 00:00:00-04:00,23.3799991607666,23.440000534057617,23.219999313354492,23.309999465942383,29000,0.0,0.0
2024-06-20 00:00:00-04:00,23.399999618530273,23.399999618530273,23.149999618530273,23.280000686645508,9900,0.0,0.0
2024-06-21 00:00:00-04:00,23.3799991607666,23.3799991607666,23.200000762939453,23.209999084472656,10500,0.0,0.0
2024-06-24 00:00:00-04:00,23.25,23.40999984741211,23.209999084472656,23.209999084472656,19100,0.0,0.0
2024-06-25 00:00:00-04:00,23.309999465942383,23.309999465942383,23.260000228881836,23.290000915527344,6600,0.0,0.0
2024-06-26 00:00:00-04:00,23.25,23.31999969482422,23.235000610351562,23.25,4500,0.0,0.0
2024-06-27 00:00:00-04:00,23.15999984741211,23.43000030517578,23.15999984741211,23.229999542236328,13900,0.0,0.0
2024-06-28 00:00:00-04:00,23.200000762939453,23.2450008392334,23.049999237060547,23.049999237060547,15100,0.0,0.0
2024-07-01 00:00:00-04:00,23.079999923706055,23.149999618530273,22.889999389648438,22.895000457763672,37200,0.0,0.0
2024-07-02 00:00:00-04:00,23.010000228881836,23.143999099731445,22.95400047302246,23.0,4100,0.0,0.0
2024-07-03 00:00:00-04:00,23.100000381469727,23.280000686645508,23.079999923706055,23.280000686645508,1700,0.0,0.0
2024-07-05 00:00:00-04:00,23.15999984741211,23.15999984741211,23.084999084472656,23.100000381469727,10100,0.0,0.0
2024-07-08 00:00:00-04:00,23.101999282836914,23.288000106811523,23.100000381469727,23.139999389648438,12900,0.0,0.0
2024-07-09 00:00:00-04:00,23.190000534057617,23.190000534057617,23.020000457763672,23.049999237060547,7500,0.0,0.0
2024-07-10 00:00:00-04:00,22.989999771118164,23.139999389648438,22.90999984741211,23.0,25700,0.0,0.0
2024-07-11 00:00:00-04:00,23.170000076293945,23.26799964904785,23.100000381469727,23.190000534057617,15500,0.0,0.0
2024-07-12 00:00:00-04:00,23.31999969482422,23.510000228881836,23.25,23.280000686645508,7900,0.0,0.0
2024-07-15 00:00:00-04:00,23.290000915527344,23.5,23.290000915527344,23.459999084472656,18700,0.0,0.0
2024-07-16 00:00:00-04:00,23.510000228881836,23.670000076293945,23.469999313354492,23.5,12000,0.0,0.0
2024-07-17 00:00:00-04:00,23.579999923706055,23.59000015258789,23.399999618530273,23.48900032043457,19800,0.0,0.0
2024-07-18 00:00:00-04:00,23.420000076293945,23.600000381469727,23.420000076293945,23.5,4800,0.0,0.0
2024-07-19 00:00:00-04:00,23.481000900268555,23.481000900268555,23.481000900268555,23.481000900268555,800,0.0,0.0
2024-07-22 00:00:00-04:00,23.60099983215332,23.6299991607666,23.549999237060547,23.549999237060547,1500,0.0,0.0
2024-07-23 00:00:00-04:00,23.6200008392334,23.6200008392334,23.514999389648438,23.540000915527344,4800,0.0,0.0
2024-07-24 00:00:00-04:00,23.450000762939453,23.450000762939453,23.200000762939453,23.235000610351562,30500,0.0,0.0
2024-07-25 00:00:00-04:00,23.299999237060547,23.520000457763672,23.290000915527344,23.459999084472656,23800,0.0,0.0
2024-07-26 00:00:00-04:00,23.31999969482422,23.530000686645508,23.31999969482422,23.489999771118164,1700,0.0,0.0
2024-07-29 00:00:00-04:00,23.475000381469727,23.549999237060547,23.450000762939453,23.520000457763672,6700,0.0,0.0
2024-07-30 00:00:00-04:00,23.638999938964844,23.638999938964844,23.440000534057617,23.520000457763672,9300,0.0,0.0
2024-07-31 00:00:00-04:00,23.469999313354492,23.600000381469727,23.43000030517578,23.479999542236328,10500,0.0,0.0
2024-08-01 00:00:00-04:00,23.5,23.639999389648438,23.270000457763672,23.639999389648438,9000,0.0,0.0
2024-08-02 00:00:00-04:00,23.219999313354492,23.690000534057617,23.219999313354492,23.65999984741211,7800,0.0,0.0
2024-08-05 00:00:00-04:00,23.209999084472656,23.510000228881836,23.0,23.360000610351562,10800,0.0,0.0
2024-08-06 00:00:00-04:00,23.31999969482422,23.59000015258789,23.260000228881836,23.59000015258789,7900,0.0,0.0
2024-08-07 00:00:00-04:00,23.639999389648438,23.709999084472656,23.389999389648438,23.670000076293945,19700,0.0,0.0
2024-08-08 00:00:00-04:00,23.450000762939453,23.850000381469727,23.450000762939453,23.770000457763672,12600,0.0,0.0
2024-08-09 00:00:00-04:00,23.600000381469727,23.65999984741211,23.530000686645508,23.600000381469727,4700,0.0,0.0
2024-08-12 00:00:00-04:00,23.520000457763672,23.58300018310547,23.399999618530273,23.46299934387207,8100,0.0,0.0
2024-08-13 00:00:00-04:00,23.6200008392334,23.6200008392334,23.510000228881836,23.510000228881836,1200,0.0,0.0
2024-08-14 00:00:00-04:00,23.719999313354492,23.739999771118164,23.6200008392334,23.68000030517578,2300,0.0,0.0
2024-08-15 00:00:00-04:00,23.790000915527344,23.790000915527344,23.655000686645508,23.655000686645508,4800,0.0,0.0
2024-08-16 00:00:00-04:00,23.81800079345703,24.0,23.743999481201172,24.0,16000,0.0,0.0
2024-08-19 00:00:00-04:00,23.979999542236328,24.15999984741211,23.979999542236328,24.09000015258789,4900,0.0,0.0
2024-08-20 00:00:00-04:00,24.18000030517578,24.200000762939453,24.1299991607666,24.18000030517578,6500,0.0,0.0
2024-08-21 00:00:00-04:00,24.259000778198242,24.270000457763672,24.19099998474121,24.19099998474121,14300,0.0,0.0
2024-08-22 00:00:00-04:00,24.260000228881836,24.270000457763672,24.201000213623047,24.229999542236328,4800,0.0,0.0
2024-08-23 00:00:00-04:00,24.229999542236328,24.440000534057617,24.229999542236328,24.43000030517578,7500,0.0,0.0
2024-08-26 00:00:00-04:00,24.5,24.579999923706055,24.43000030517578,24.520000457763672,8700,0.0,0.0
2024-08-27 00:00:00-04:00,24.399999618530273,24.600000381469727,24.399999618530273,24.524999618530273,10000,0.0,0.0
2024-08-28 00:00:00-04:00,24.59000015258789,24.780000686645508,24.545000076293945,24.780000686645508,10400,0.0,0.0
2024-08-29 00:00:00-04:00,24.899999618530273,25.040000915527344,24.672000885009766,24.850000381469727,8200,0.0,0.0
2024-08-30 00:00:00-04:00,24.450000762939453,24.700000762939453,24.450000762939453,24.549999237060547,6600,0.0,0.0
2024-09-03 00:00:00-04:00,24.65999984741211,24.979999542236328,24.65999984741211,24.93000030517578,10400,0.0,0.0
2024-09-04 00:00:00-04:00,24.979999542236328,24.979999542236328,24.739999771118164,24.81999969482422,6700,0.0,0.0
2024-09-05 00:00:00-04:00,24.81999969482422,24.979999542236328,24.81999969482422,24.979999542236328,4300,0.0,0.0
2024-09-06 00:00:00-04:00,24.979999542236328,25.148000717163086,24.860000610351562,25.148000717163086,5500,0.0,0.0
2024-09-09 00:00:00-04:00,25.149999618530273,25.149999618530273,24.767000198364258,24.90999984741211,11900,0.0,0.0
2024-09-10 00:00:00-04:00,24.90999984741211,25.014999389648438,24.770000457763672,25.014999389648438,10100,0.0,0.0
2024-09-11 00:00:00-04:00,25.020000457763672,25.020000457763672,24.895000457763672,25.0,4100,0.0,0.0
2024-09-12 00:00:00-04:00,25.110000610351562,25.110000610351562,24.989999771118164,25.0,3000,0.0,0.0
2024-09-13 00:00:00-04:00,25.0,25.0,24.81999969482422,24.905000686645508,12800,0.0,0.0
2024-09-16 00:00:00-04:00,25.0,25.139999389648438,24.81999969482422,25.139999389648438,5500,0.0,0.0
2024-09-17 00:00:00-04:00,25.100000381469727,25.149999618530273,24.989999771118164,25.075000762939453,6200,0.0,0.0
2024-09-18 00:00:00-04:00,25.049999237060547,25.049999237060547,24.950000762939453,24.959999084472656,7900,0.0,0.0
2024-09-19 00:00:00-04:00,25.030000686645508,25.200000762939453,24.959999084472656,25.200000762939453,9900,0.0,0.0
2024-09-20 00:00:00-04:00,25.170000076293945,25.200000762939453,25.0,25.110000610351562,14500,0.0,0.0
2024-09-23 00:00:00-04:00,25.200000762939453,25.200000762939453,25.0,25.170000076293945,4400,0.0,0.0
2024-09-24 00:00:00-04:00,25.110000610351562,25.170000076293945,25.058000564575195,25.058000564575195,3300,0.0,0.0
2024-09-25 00:00:00-04:00,25.139999389648438,25.200000762939453,25.094999313354492,25.200000762939453,5700,0.0,0.0
2024-09-26 00:00:00-04:00,25.25,25.25,25.0,25.100000381469727,13700,0.0,0.0
2024-09-27 00:00:00-04:00,25.132999420166016,25.25,25.125,25.225000381469727,9500,0.0,0.0
2024-09-30 00:00:00-04:00,25.25,26.190000534057617,25.110000610351562,26.1200008392334,64900,0.0,0.0
2024-10-01 00:00:00-04:00,25.899999618530273,26.0,25.68000030517578,25.68000030517578,22400,0.0,0.0
2024-10-02 00:00:00-04:00,25.700000762939453,25.84000015258789,25.40999984741211,25.770000457763672,17500,0.0,0.0
2024-10-03 00:00:00-04:00,25.75,25.75,25.55900001525879,25.610000610351562,9300,0.0,0.0
2024-10-04 00:00:00-04:00,25.809999465942383,25.809999465942383,25.25,25.40999984741211,12800,0.0,0.0
2024-10-07 00:00:00-04:00,25.264999389648438,25.270000457763672,25.0,25.0,12500,0.0,0.0
2024-10-08 00:00:00-04:00,24.976999282836914,25.399999618530273,24.93000030517578,25.1299991607666,3200,0.0,0.0
2024-10-09 00:00:00-04:00,25.350000381469727,25.350000381469727,25.020000457763672,25.059999465942383,5000,0.0,0.0
2024-10-10 00:00:00-04:00,25.292999267578125,25.299999237060547,25.0,25.0,2300,0.0,0.0
2024-10-11 00:00:00-04:00,25.100000381469727,25.239999771118164,25.010000228881836,25.239999771118164,3400,0.0,0.0
2024-10-14 00:00:00-04:00,25.190000534057617,25.190000534057617,25.190000534057617,25.190000534057617,1400,0.0,0.0
2024-10-15 00:00:00-04:00,25.209999084472656,25.25,25.209999084472656,25.25,3800,0.0,0.0
2024-10-16 00:00:00-04:00,25.382999420166016,25.420000076293945,25.3700008392334,25.420000076293945,3100,0.0,0.0
2024-10-17 00:00:00-04:00,25.33300018310547,25.33300018310547,25.274999618530273,25.274999618530273,700,0.0,0.0
2024-10-18 00:00:00-04:00,25.209999084472656,25.334999084472656,25.209999084472656,25.334999084472656,2300,0.0,0.0
2024-10-21 00:00:00-04:00,25.260000228881836,25.260000228881836,25.100000381469727,25.100000381469727,1900,0.0,0.0
2024-10-22 00:00:00-04:00,25.059999465942383,25.15999984741211,24.959999084472656,24.959999084472656,3800,0.0,0.0
2024-10-23 00:00:00-04:00,24.959999084472656,24.972999572753906,24.81999969482422,24.84600067138672,6800,0.0,0.0
2024-10-24 00:00:00-04:00,24.969999313354492,24.969999313354492,24.70599937438965,24.905000686645508,6600,0.0,0.0
2024-10-25 00:00:00-04:00,25.031999588012695,25.420000076293945,24.649999618530273,24.84000015258789,12700,0.0,0.0
2024-10-28 00:00:00-04:00,24.969999313354492,24.969999313354492,24.770000457763672,24.920000076293945,2700,0.0,0.0
2024-10-29 00:00:00-04:00,24.691999435424805,25.059999465942383,24.6200008392334,24.93000030517578,2300,0.0,0.0
2024-10-30 00:00:00-04:00,24.989999771118164,25.041000366210938,24.899999618530273,25.0,3200,0.0,0.0
2024-10-31 00:00:00-04:00,25.09000015258789,25.09000015258789,24.450000762939453,24.700000762939453,20300,0.0,0.0
2024-11-01 00:00:00-04:00,24.75,24.75,24.610000610351562,24.649999618530273,3100,0.0,0.0
2024-11-04 00:00:00-05:00,24.649999618530273,25.0,24.639999389648438,24.700000762939453,3400,0.0,0.0
2024-11-05 00:00:00-05:00,24.97599983215332,25.059999465942383,24.97599983215332,25.059999465942383,1300,0.0,0.0
2024-11-06 00:00:00-05:00,25.100000381469727,25.145000457763672,24.979999542236328,25.145000457763672,3400,0.0,0.0
2024-11-07 00:00:00-05:00,25.0,25.200000762939453,24.84000015258789,25.200000762939453,2700,0.0,0.0
2024-11-08 00:00:00-05:00,25.31999969482422,25.34000015258789,25.079999923706055,25.34000015258789,6900,0.0,0.0
2024-11-11 00:00:00-05:00,25.100000381469727,25.200000762939453,25.020000457763672,25.030000686645508,3900,0.0,0.0
2024-11-12 00:00:00-05:00,25.030000686645508,25.420000076293945,25.0,25.049999237060547,10000,0.0,0.0
2024-11-13 00:00:00-05:00,25.084999084472656,25.274999618530273,24.8700008392334,25.209999084472656,9300,0.0,0.0
2024-11-14 00:00:00-05:00,25.200000762939453,25.200000762939453,24.760000228881836,24.81999969482422,7100,0.0,0.0
2024-11-15 00:00:00-05:00,24.8799991607666,24.8799991607666,24.8799991607666,24.8799991607666,700,0.0,0.0
2024-11-18 00:00:00-05:00,24.90999984741211,25.229999542236328,24.334999084472656,24.3700008392334,13700,0.0,0.0
2024-11-19 00:00:00-05:00,24.579999923706055,25.281999588012695,24.010000228881836,24.059999465942383,17100,0.0,0.0
2024-11-20 00:00:00-05:00,24.149999618530273,24.200000762939453,23.959999084472656,24.1299991607666,10200,0.0,0.0
2024-11-21 00:00:00-05:00,24.06999969482422,24.469999313354492,24.06999969482422,24.469999313354492,8800,0.0,0.0
2024-11-22 00:00:00-05:00,24.389999389648438,24.5,24.389999389648438,24.420000076293945,3900,0.0,0.0
2024-11-25 00:00:00-05:00,24.5,25.09000015258789,24.5,24.89299964904785,7100,0.0,0.0
2024-11-26 00:00:00-05:00,25.1200008392334,25.1200008392334,24.860000610351562,24.968000411987305,12000,0.0,0.0
2024-11-27 00:00:00-05:00,24.989999771118164,25.149999618530273,24.989999771118164,25.149999618530273,6100,0.0,0.0
2024-11-29 00:00:00-05:00,24.889999389648438,25.329999923706055,24.60700035095215,25.329999923706055,7800,0.0,0.0
