Date,Open,High,Low,Close,Volume,Dividends,Stock Splits
2021-12-13 00:00:00-05:00,9.859999656677246,9.859999656677246,9.859999656677246,9.859999656677246,100,0.0,0.0
2021-12-14 00:00:00-05:00,9.859999656677246,9.859999656677246,9.859999656677246,9.859999656677246,0,0.0,0.0
2021-12-15 00:00:00-05:00,9.904999732971191,9.904999732971191,9.869999885559082,9.899999618530273,54100,0.0,0.0
2021-12-16 00:00:00-05:00,9.890000343322754,9.920000076293945,9.875,9.920000076293945,46500,0.0,0.0
2021-12-17 00:00:00-05:00,9.885000228881836,9.9399995803833,9.885000228881836,9.9399995803833,52400,0.0,0.0
2021-12-20 00:00:00-05:00,9.9399995803833,9.9399995803833,9.9399995803833,9.9399995803833,43200,0.0,0.0
2021-12-21 00:00:00-05:00,9.9399995803833,9.9399995803833,9.9399995803833,9.9399995803833,0,0.0,0.0
2021-12-22 00:00:00-05:00,9.9399995803833,9.9399995803833,9.9399995803833,9.9399995803833,0,0.0,0.0
2021-12-23 00:00:00-05:00,9.899999618530273,9.930000305175781,9.899999618530273,9.930000305175781,30700,0.0,0.0
2021-12-27 00:00:00-05:00,9.930000305175781,9.930000305175781,9.930000305175781,9.930000305175781,0,0.0,0.0
2021-12-28 00:00:00-05:00,9.930000305175781,9.930000305175781,9.920000076293945,9.920000076293945,5100,0.0,0.0
2021-12-29 00:00:00-05:00,9.920000076293945,9.920000076293945,9.920000076293945,9.920000076293945,100,0.0,0.0
2021-12-30 00:00:00-05:00,9.920000076293945,9.920000076293945,9.899999618530273,9.899999618530273,2200,0.0,0.0
2021-12-31 00:00:00-05:00,9.90999984741211,9.90999984741211,9.90999984741211,9.90999984741211,5900,0.0,0.0
2022-01-03 00:00:00-05:00,10.149999618530273,10.149999618530273,10.149999618530273,10.149999618530273,300,0.0,0.0
2022-01-04 00:00:00-05:00,10.614999771118164,10.614999771118164,10.039999961853027,10.039999961853027,31300,0.0,0.0
2022-01-05 00:00:00-05:00,10.020000457763672,10.020000457763672,10.0,10.0,1500,0.0,0.0
2022-01-06 00:00:00-05:00,10.0,10.0,10.0,10.0,100,0.0,0.0
2022-01-07 00:00:00-05:00,9.890000343322754,9.890000343322754,9.890000343322754,9.890000343322754,100,0.0,0.0
2022-01-10 00:00:00-05:00,9.880000114440918,9.880000114440918,9.880000114440918,9.880000114440918,300,0.0,0.0
2022-01-11 00:00:00-05:00,9.930000305175781,9.9399995803833,9.890000343322754,9.890000343322754,2400,0.0,0.0
2022-01-12 00:00:00-05:00,9.890000343322754,9.890000343322754,9.890000343322754,9.890000343322754,200,0.0,0.0
2022-01-13 00:00:00-05:00,9.899999618530273,9.90999984741211,9.899999618530273,9.899999618530273,155800,0.0,0.0
2022-01-14 00:00:00-05:00,9.890000343322754,9.90999984741211,9.890000343322754,9.90999984741211,221900,0.0,0.0
2022-01-18 00:00:00-05:00,10.270000457763672,10.270000457763672,9.960000038146973,9.960000038146973,1100,0.0,0.0
2022-01-19 00:00:00-05:00,9.904999732971191,9.90999984741211,9.904999732971191,9.90999984741211,1100,0.0,0.0
2022-01-20 00:00:00-05:00,9.90999984741211,9.90999984741211,9.90999984741211,9.90999984741211,0,0.0,0.0
2022-01-21 00:00:00-05:00,9.920000076293945,10.0,9.899999618530273,9.899999618530273,29900,0.0,0.0
2022-01-24 00:00:00-05:00,10.020000457763672,10.020000457763672,9.899999618530273,9.901000022888184,400,0.0,0.0
2022-01-25 00:00:00-05:00,9.90999984741211,10.039999961853027,9.90999984741211,10.039999961853027,106900,0.0,0.0
2022-01-26 00:00:00-05:00,9.90999984741211,9.90999984741211,9.899999618530273,9.899999618530273,25500,0.0,0.0
2022-01-27 00:00:00-05:00,9.960000038146973,9.960000038146973,9.890000343322754,9.899999618530273,143100,0.0,0.0
2022-01-28 00:00:00-05:00,9.899999618530273,9.899999618530273,9.899999618530273,9.899999618530273,0,0.0,0.0
2022-01-31 00:00:00-05:00,9.899999618530273,9.899999618530273,9.899999618530273,9.899999618530273,0,0.0,0.0
2022-02-01 00:00:00-05:00,10.069999694824219,10.069999694824219,9.890000343322754,9.890000343322754,33200,0.0,0.0
2022-02-02 00:00:00-05:00,9.960000038146973,9.979999542236328,9.890000343322754,9.960000038146973,18900,0.0,0.0
2022-02-03 00:00:00-05:00,9.949999809265137,9.949999809265137,9.9399995803833,9.949999809265137,8800,0.0,0.0
2022-02-04 00:00:00-05:00,9.949999809265137,9.949999809265137,9.949999809265137,9.949999809265137,0,0.0,0.0
2022-02-07 00:00:00-05:00,9.949999809265137,9.949999809265137,9.949999809265137,9.949999809265137,0,0.0,0.0
2022-02-08 00:00:00-05:00,9.949999809265137,9.949999809265137,9.949999809265137,9.949999809265137,0,0.0,0.0
2022-02-09 00:00:00-05:00,9.9399995803833,9.9399995803833,9.90999984741211,9.920000076293945,105200,0.0,0.0
2022-02-10 00:00:00-05:00,9.920000076293945,9.920000076293945,9.920000076293945,9.920000076293945,0,0.0,0.0
2022-02-11 00:00:00-05:00,9.920000076293945,9.920000076293945,9.920000076293945,9.920000076293945,0,0.0,0.0
2022-02-14 00:00:00-05:00,9.920000076293945,9.920000076293945,9.920000076293945,9.920000076293945,0,0.0,0.0
2022-02-15 00:00:00-05:00,9.960000038146973,9.960000038146973,9.949999809265137,9.949999809265137,574700,0.0,0.0
2022-02-16 00:00:00-05:00,9.949999809265137,9.949999809265137,9.949999809265137,9.949999809265137,0,0.0,0.0
2022-02-17 00:00:00-05:00,9.949999809265137,9.949999809265137,9.949999809265137,9.949999809265137,0,0.0,0.0
2022-02-18 00:00:00-05:00,9.949999809265137,9.949999809265137,9.949999809265137,9.949999809265137,0,0.0,0.0
2022-02-22 00:00:00-05:00,9.949999809265137,9.949999809265137,9.949999809265137,9.949999809265137,0,0.0,0.0
2022-02-23 00:00:00-05:00,9.949999809265137,9.949999809265137,9.949999809265137,9.949999809265137,0,0.0,0.0
2022-02-24 00:00:00-05:00,9.925000190734863,9.9399995803833,9.920000076293945,9.9399995803833,500600,0.0,0.0
2022-02-25 00:00:00-05:00,9.949999809265137,9.949999809265137,9.9399995803833,9.9399995803833,51100,0.0,0.0
2022-02-28 00:00:00-05:00,9.9399995803833,9.9399995803833,9.9399995803833,9.9399995803833,0,0.0,0.0
2022-03-01 00:00:00-05:00,9.958000183105469,9.970000267028809,9.949999809265137,9.970000267028809,130100,0.0,0.0
2022-03-02 00:00:00-05:00,9.960000038146973,9.960000038146973,9.960000038146973,9.960000038146973,600,0.0,0.0
2022-03-03 00:00:00-05:00,9.979999542236328,9.979999542236328,9.960000038146973,9.970000267028809,25800,0.0,0.0
2022-03-04 00:00:00-05:00,9.979999542236328,9.979999542236328,9.960000038146973,9.979999542236328,12300,0.0,0.0
2022-03-07 00:00:00-05:00,10.010000228881836,10.010000228881836,9.954999923706055,9.960000038146973,21800,0.0,0.0
2022-03-08 00:00:00-05:00,9.970000267028809,9.979999542236328,9.96500015258789,9.975000381469727,12100,0.0,0.0
2022-03-09 00:00:00-05:00,9.930000305175781,9.989999771118164,9.930000305175781,9.979999542236328,102800,0.0,0.0
2022-03-10 00:00:00-05:00,9.979999542236328,9.979999542236328,9.979999542236328,9.979999542236328,0,0.0,0.0
2022-03-11 00:00:00-05:00,9.979999542236328,9.984999656677246,9.970000267028809,9.979999542236328,41700,0.0,0.0
2022-03-14 00:00:00-04:00,9.979999542236328,9.979999542236328,9.979999542236328,9.979999542236328,0,0.0,0.0
2022-03-15 00:00:00-04:00,9.979999542236328,9.979999542236328,9.979999542236328,9.979999542236328,0,0.0,0.0
2022-03-16 00:00:00-04:00,9.979999542236328,9.979999542236328,9.970000267028809,9.979999542236328,2600,0.0,0.0
2022-03-17 00:00:00-04:00,9.970000267028809,9.970000267028809,9.970000267028809,9.970000267028809,500,0.0,0.0
2022-03-18 00:00:00-04:00,9.979999542236328,9.979999542236328,9.970000267028809,9.979999542236328,282200,0.0,0.0
2022-03-21 00:00:00-04:00,9.979999542236328,9.984999656677246,9.979999542236328,9.979999542236328,12200,0.0,0.0
2022-03-22 00:00:00-04:00,9.979999542236328,9.979999542236328,9.979999542236328,9.979999542236328,29200,0.0,0.0
2022-03-23 00:00:00-04:00,9.994999885559082,9.994999885559082,9.979999542236328,9.979999542236328,500,0.0,0.0
2022-03-24 00:00:00-04:00,9.979999542236328,9.989999771118164,9.979999542236328,9.989999771118164,456500,0.0,0.0
2022-03-25 00:00:00-04:00,9.979999542236328,9.989999771118164,9.970000267028809,9.989999771118164,175500,0.0,0.0
2022-03-28 00:00:00-04:00,9.989999771118164,9.989999771118164,9.989999771118164,9.989999771118164,25000,0.0,0.0
2022-03-29 00:00:00-04:00,9.989999771118164,9.989999771118164,9.989999771118164,9.989999771118164,150300,0.0,0.0
2022-03-30 00:00:00-04:00,9.989999771118164,9.989999771118164,9.979999542236328,9.979999542236328,82900,0.0,0.0
2022-03-31 00:00:00-04:00,9.979999542236328,10.010000228881836,9.979999542236328,9.989999771118164,103900,0.0,0.0
2022-04-01 00:00:00-04:00,9.989999771118164,10.010000228881836,9.989999771118164,10.010000228881836,97700,0.0,0.0
2022-04-04 00:00:00-04:00,9.989999771118164,10.010000228881836,9.989999771118164,10.0,47400,0.0,0.0
2022-04-05 00:00:00-04:00,10.0,10.008000373840332,10.0,10.005000114440918,3100,0.0,0.0
2022-04-06 00:00:00-04:00,10.0,10.010000228881836,10.0,10.010000228881836,400,0.0,0.0
2022-04-07 00:00:00-04:00,10.010000228881836,10.010000228881836,10.010000228881836,10.010000228881836,0,0.0,0.0
2022-04-08 00:00:00-04:00,10.020000457763672,10.020000457763672,10.010000228881836,10.020000457763672,115000,0.0,0.0
2022-04-11 00:00:00-04:00,10.0600004196167,10.0600004196167,10.010000228881836,10.010000228881836,116000,0.0,0.0
2022-04-12 00:00:00-04:00,10.010000228881836,10.010000228881836,10.010000228881836,10.010000228881836,0,0.0,0.0
2022-04-13 00:00:00-04:00,10.020000457763672,10.029999732971191,10.020000457763672,10.029999732971191,116800,0.0,0.0
2022-04-14 00:00:00-04:00,10.0600004196167,10.0600004196167,10.039999961853027,10.050000190734863,3600,0.0,0.0
2022-04-18 00:00:00-04:00,10.369999885559082,10.385000228881836,10.039999961853027,10.039999961853027,13900,0.0,0.0
2022-04-19 00:00:00-04:00,10.364999771118164,10.375,10.020000457763672,10.079999923706055,15400,0.0,0.0
2022-04-20 00:00:00-04:00,10.399999618530273,10.399999618530273,10.020000457763672,10.039999961853027,2300,0.0,0.0
2022-04-21 00:00:00-04:00,10.0,10.055000305175781,10.0,10.039999961853027,5900,0.0,0.0
2022-04-22 00:00:00-04:00,10.375,10.375,10.020000457763672,10.050000190734863,1700,0.0,0.0
2022-04-25 00:00:00-04:00,10.380000114440918,10.399999618530273,10.020000457763672,10.039999961853027,113100,0.0,0.0
2022-04-26 00:00:00-04:00,10.039999961853027,10.039999961853027,10.032999992370605,10.032999992370605,86400,0.0,0.0
2022-04-27 00:00:00-04:00,10.020000457763672,10.020000457763672,10.020000457763672,10.020000457763672,100,0.0,0.0
2022-04-28 00:00:00-04:00,10.029999732971191,10.039999961853027,10.015000343322754,10.020000457763672,543400,0.0,0.0
2022-04-29 00:00:00-04:00,10.020000457763672,10.020000457763672,10.020000457763672,10.020000457763672,0,0.0,0.0
2022-05-02 00:00:00-04:00,10.029999732971191,10.039999961853027,10.029999732971191,10.029999732971191,4000,0.0,0.0
2022-05-03 00:00:00-04:00,10.029999732971191,10.029999732971191,10.029999732971191,10.029999732971191,100,0.0,0.0
2022-05-04 00:00:00-04:00,10.039999961853027,10.039999961853027,10.039999961853027,10.039999961853027,100,0.0,0.0
2022-05-05 00:00:00-04:00,10.0600004196167,10.0600004196167,10.050000190734863,10.050000190734863,2000,0.0,0.0
2022-05-06 00:00:00-04:00,10.039999961853027,10.197999954223633,10.020000457763672,10.020000457763672,15500,0.0,0.0
2022-05-09 00:00:00-04:00,10.010000228881836,10.237000465393066,10.010000228881836,10.010000228881836,800,0.0,0.0
2022-05-10 00:00:00-04:00,10.010000228881836,10.354999542236328,10.010000228881836,10.020000457763672,6700,0.0,0.0
2022-05-11 00:00:00-04:00,10.0,10.0,10.0,10.0,10400,0.0,0.0
2022-05-12 00:00:00-04:00,10.0,10.029999732971191,10.0,10.029999732971191,1900,0.0,0.0
2022-05-13 00:00:00-04:00,9.994999885559082,10.010000228881836,9.979999542236328,9.989999771118164,11400,0.0,0.0
2022-05-16 00:00:00-04:00,9.989999771118164,10.100000381469727,9.989999771118164,9.99899959564209,7600,0.0,0.0
2022-05-17 00:00:00-04:00,9.989999771118164,10.239999771118164,9.989999771118164,10.010000228881836,9800,0.0,0.0
2022-05-18 00:00:00-04:00,10.052000045776367,10.052000045776367,10.0,10.010000228881836,2600,0.0,0.0
2022-05-19 00:00:00-04:00,10.0,11.010000228881836,9.979999542236328,10.020000457763672,8700,0.0,0.0
2022-05-20 00:00:00-04:00,10.020000457763672,10.020000457763672,10.020000457763672,10.020000457763672,0,0.0,0.0
2022-05-23 00:00:00-04:00,10.020000457763672,10.020000457763672,10.020000457763672,10.020000457763672,0,0.0,0.0
2022-05-24 00:00:00-04:00,10.020000457763672,10.020000457763672,10.020000457763672,10.020000457763672,0,0.0,0.0
2022-05-25 00:00:00-04:00,10.020000457763672,10.020000457763672,10.020000457763672,10.020000457763672,0,0.0,0.0
2022-05-26 00:00:00-04:00,10.0,10.0,10.0,10.0,200,0.0,0.0
2022-05-27 00:00:00-04:00,10.020000457763672,10.020000457763672,10.0,10.0,242200,0.0,0.0
2022-05-31 00:00:00-04:00,10.039999961853027,10.039999961853027,9.989999771118164,10.015000343322754,1600,0.0,0.0
2022-06-01 00:00:00-04:00,10.09000015258789,10.09000015258789,10.0,10.020000457763672,4100,0.0,0.0
2022-06-02 00:00:00-04:00,10.0,10.0,9.989999771118164,10.0,102000,0.0,0.0
2022-06-03 00:00:00-04:00,10.0,10.0,10.0,10.0,0,0.0,0.0
2022-06-06 00:00:00-04:00,10.279999732971191,10.279999732971191,10.279999732971191,10.279999732971191,300,0.0,0.0
2022-06-07 00:00:00-04:00,10.100000381469727,10.100000381469727,10.050000190734863,10.050000190734863,600,0.0,0.0
2022-06-08 00:00:00-04:00,10.010000228881836,10.010000228881836,10.0,10.010000228881836,64500,0.0,0.0
2022-06-09 00:00:00-04:00,10.010000228881836,10.020000457763672,10.010000228881836,10.020000457763672,17200,0.0,0.0
2022-06-10 00:00:00-04:00,10.029999732971191,10.039999961853027,10.029999732971191,10.029999732971191,1800,0.0,0.0
2022-06-13 00:00:00-04:00,10.020000457763672,10.020000457763672,10.020000457763672,10.020000457763672,37600,0.0,0.0
2022-06-14 00:00:00-04:00,10.010000228881836,10.039999961853027,10.010000228881836,10.020000457763672,18100,0.0,0.0
2022-06-15 00:00:00-04:00,10.100000381469727,10.100000381469727,10.020000457763672,10.020000457763672,4200,0.0,0.0
2022-06-16 00:00:00-04:00,10.010000228881836,10.039999961853027,10.010000228881836,10.039999961853027,900,0.0,0.0
2022-06-17 00:00:00-04:00,10.039999961853027,10.039999961853027,10.039999961853027,10.039999961853027,0,0.0,0.0
2022-06-21 00:00:00-04:00,10.09000015258789,10.09000015258789,10.050000190734863,10.050000190734863,1500,0.0,0.0
2022-06-22 00:00:00-04:00,10.010000228881836,10.010000228881836,10.010000228881836,10.010000228881836,200,0.0,0.0
2022-06-23 00:00:00-04:00,10.010000228881836,10.010000228881836,10.010000228881836,10.010000228881836,0,0.0,0.0
2022-06-24 00:00:00-04:00,10.100000381469727,10.100000381469727,10.050000190734863,10.050000190734863,200,0.0,0.0
2022-06-27 00:00:00-04:00,10.050000190734863,10.050000190734863,10.050000190734863,10.050000190734863,0,0.0,0.0
2022-06-28 00:00:00-04:00,10.050000190734863,10.050000190734863,10.050000190734863,10.050000190734863,0,0.0,0.0
2022-06-29 00:00:00-04:00,10.050000190734863,10.050000190734863,10.050000190734863,10.050000190734863,0,0.0,0.0
2022-06-30 00:00:00-04:00,10.010000228881836,10.020000457763672,10.010000228881836,10.020000457763672,600,0.0,0.0
2022-07-01 00:00:00-04:00,10.020000457763672,10.020000457763672,10.020000457763672,10.020000457763672,0,0.0,0.0
2022-07-05 00:00:00-04:00,10.010000228881836,10.03499984741211,10.010000228881836,10.020000457763672,85700,0.0,0.0
2022-07-06 00:00:00-04:00,10.029999732971191,10.029999732971191,10.020000457763672,10.020000457763672,4400,0.0,0.0
2022-07-07 00:00:00-04:00,10.069999694824219,10.069999694824219,10.020000457763672,10.069999694824219,400,0.0,0.0
2022-07-08 00:00:00-04:00,10.069999694824219,10.069999694824219,10.069999694824219,10.069999694824219,0,0.0,0.0
2022-07-11 00:00:00-04:00,10.020000457763672,10.020000457763672,10.020000457763672,10.020000457763672,100,0.0,0.0
2022-07-12 00:00:00-04:00,10.020000457763672,10.020000457763672,10.020000457763672,10.020000457763672,0,0.0,0.0
2022-07-13 00:00:00-04:00,10.020000457763672,10.020000457763672,10.020000457763672,10.020000457763672,0,0.0,0.0
2022-07-14 00:00:00-04:00,10.020000457763672,10.020000457763672,10.020000457763672,10.020000457763672,0,0.0,0.0
2022-07-15 00:00:00-04:00,10.069999694824219,10.069999694824219,10.020000457763672,10.020000457763672,500,0.0,0.0
2022-07-18 00:00:00-04:00,10.0600004196167,10.0600004196167,10.0600004196167,10.0600004196167,200,0.0,0.0
2022-07-19 00:00:00-04:00,10.0600004196167,10.0600004196167,10.0600004196167,10.0600004196167,200,0.0,0.0
2022-07-20 00:00:00-04:00,10.029999732971191,10.029999732971191,10.029999732971191,10.029999732971191,25000,0.0,0.0
2022-07-21 00:00:00-04:00,10.039999961853027,10.039999961853027,10.039999961853027,10.039999961853027,25000,0.0,0.0
2022-07-22 00:00:00-04:00,10.055000305175781,10.0600004196167,10.055000305175781,10.0600004196167,900,0.0,0.0
2022-07-25 00:00:00-04:00,10.0600004196167,10.0600004196167,10.0600004196167,10.0600004196167,0,0.0,0.0
2022-07-26 00:00:00-04:00,10.0600004196167,10.0600004196167,10.0600004196167,10.0600004196167,27600,0.0,0.0
2022-07-27 00:00:00-04:00,10.069999694824219,10.069999694824219,10.069999694824219,10.069999694824219,100,0.0,0.0
2022-07-28 00:00:00-04:00,10.069999694824219,10.069999694824219,10.069999694824219,10.069999694824219,1600,0.0,0.0
2022-07-29 00:00:00-04:00,10.069999694824219,10.069999694824219,10.050000190734863,10.050000190734863,26100,0.0,0.0
2022-08-01 00:00:00-04:00,10.0600004196167,10.0600004196167,10.0600004196167,10.0600004196167,500,0.0,0.0
2022-08-02 00:00:00-04:00,10.0600004196167,10.0600004196167,10.0600004196167,10.0600004196167,1600,0.0,0.0
2022-08-03 00:00:00-04:00,10.069999694824219,10.069999694824219,10.069999694824219,10.069999694824219,207200,0.0,0.0
2022-08-04 00:00:00-04:00,10.069999694824219,10.069999694824219,10.069999694824219,10.069999694824219,0,0.0,0.0
2022-08-05 00:00:00-04:00,10.069999694824219,10.069999694824219,10.069999694824219,10.069999694824219,100,0.0,0.0
2022-08-08 00:00:00-04:00,10.09000015258789,10.09000015258789,10.069999694824219,10.069999694824219,12300,0.0,0.0
2022-08-09 00:00:00-04:00,10.069999694824219,10.079999923706055,10.050000190734863,10.069999694824219,231000,0.0,0.0
2022-08-10 00:00:00-04:00,10.100000381469727,10.100000381469727,10.100000381469727,10.100000381469727,200,0.0,0.0
2022-08-11 00:00:00-04:00,10.109999656677246,10.109999656677246,10.109999656677246,10.109999656677246,100,0.0,0.0
2022-08-12 00:00:00-04:00,10.079999923706055,10.079999923706055,10.079999923706055,10.079999923706055,1000,0.0,0.0
2022-08-15 00:00:00-04:00,10.079999923706055,10.079999923706055,10.079999923706055,10.079999923706055,0,0.0,0.0
2022-08-16 00:00:00-04:00,10.079999923706055,10.079999923706055,10.069999694824219,10.079999923706055,69800,0.0,0.0
2022-08-17 00:00:00-04:00,10.079999923706055,10.079999923706055,10.079999923706055,10.079999923706055,100800,0.0,0.0
2022-08-18 00:00:00-04:00,10.100000381469727,10.100000381469727,10.079999923706055,10.079999923706055,104400,0.0,0.0
2022-08-19 00:00:00-04:00,10.079999923706055,10.079999923706055,10.079999923706055,10.079999923706055,0,0.0,0.0
2022-08-22 00:00:00-04:00,10.079999923706055,10.079999923706055,10.079999923706055,10.079999923706055,0,0.0,0.0
2022-08-23 00:00:00-04:00,10.079999923706055,10.079999923706055,10.079999923706055,10.079999923706055,0,0.0,0.0
2022-08-24 00:00:00-04:00,10.079999923706055,10.079999923706055,10.079999923706055,10.079999923706055,0,0.0,0.0
2022-08-25 00:00:00-04:00,10.09000015258789,10.098999977111816,10.08899974822998,10.098999977111816,7800,0.0,0.0
2022-08-26 00:00:00-04:00,10.100000381469727,10.100000381469727,10.100000381469727,10.100000381469727,13600,0.0,0.0
2022-08-29 00:00:00-04:00,10.109999656677246,10.109999656677246,10.109999656677246,10.109999656677246,300,0.0,0.0
2022-08-30 00:00:00-04:00,10.09000015258789,10.100000381469727,10.09000015258789,10.100000381469727,81000,0.0,0.0
2022-08-31 00:00:00-04:00,10.09000015258789,10.109999656677246,10.09000015258789,10.109999656677246,4200,0.0,0.0
2022-09-01 00:00:00-04:00,10.100000381469727,10.109999656677246,10.100000381469727,10.109999656677246,4600,0.0,0.0
2022-09-02 00:00:00-04:00,10.109999656677246,10.109999656677246,10.109999656677246,10.109999656677246,4500,0.0,0.0
2022-09-06 00:00:00-04:00,10.149999618530273,10.149999618530273,10.149999618530273,10.149999618530273,100,0.0,0.0
2022-09-07 00:00:00-04:00,10.119999885559082,10.119999885559082,10.119999885559082,10.119999885559082,100,0.0,0.0
2022-09-08 00:00:00-04:00,10.119999885559082,10.119999885559082,10.119999885559082,10.119999885559082,0,0.0,0.0
2022-09-09 00:00:00-04:00,10.149999618530273,10.149999618530273,10.109999656677246,10.109999656677246,260100,0.0,0.0
2022-09-12 00:00:00-04:00,10.114999771118164,10.119000434875488,10.109999656677246,10.119000434875488,3400,0.0,0.0
2022-09-13 00:00:00-04:00,10.109999656677246,10.109999656677246,10.109999656677246,10.109999656677246,100,0.0,0.0
2022-09-14 00:00:00-04:00,10.109999656677246,10.109999656677246,10.109999656677246,10.109999656677246,0,0.0,0.0
2022-09-15 00:00:00-04:00,10.119999885559082,10.119999885559082,10.119999885559082,10.119999885559082,700,0.0,0.0
2022-09-16 00:00:00-04:00,10.119999885559082,10.119999885559082,10.119999885559082,10.119999885559082,0,0.0,0.0
2022-09-19 00:00:00-04:00,10.119999885559082,10.130000114440918,10.119999885559082,10.125,5900,0.0,0.0
2022-09-20 00:00:00-04:00,10.125,10.125,10.125,10.125,0,0.0,0.0
2022-09-21 00:00:00-04:00,10.140000343322754,10.140000343322754,10.140000343322754,10.140000343322754,334600,0.0,0.0
2022-09-22 00:00:00-04:00,10.140000343322754,10.140000343322754,10.140000343322754,10.140000343322754,0,0.0,0.0
2022-09-23 00:00:00-04:00,10.140000343322754,10.140000343322754,10.140000343322754,10.140000343322754,0,0.0,0.0
2022-09-26 00:00:00-04:00,10.130000114440918,10.130000114440918,10.130000114440918,10.130000114440918,300,0.0,0.0
2022-09-27 00:00:00-04:00,10.15999984741211,10.15999984741211,10.15999984741211,10.15999984741211,200,0.0,0.0
2022-09-28 00:00:00-04:00,10.15999984741211,10.15999984741211,10.140000343322754,10.140000343322754,76300,0.0,0.0
2022-09-29 00:00:00-04:00,10.140000343322754,10.140000343322754,10.140000343322754,10.140000343322754,3700,0.0,0.0
2022-09-30 00:00:00-04:00,10.140000343322754,10.140000343322754,10.140000343322754,10.140000343322754,0,0.0,0.0
2022-10-03 00:00:00-04:00,10.170000076293945,10.170000076293945,10.170000076293945,10.170000076293945,1400,0.0,0.0
2022-10-04 00:00:00-04:00,10.170000076293945,10.170000076293945,10.170000076293945,10.170000076293945,200,0.0,0.0
2022-10-05 00:00:00-04:00,10.170000076293945,10.170000076293945,10.170000076293945,10.170000076293945,0,0.0,0.0
2022-10-06 00:00:00-04:00,10.149999618530273,10.154999732971191,10.149999618530273,10.149999618530273,4200,0.0,0.0
2022-10-07 00:00:00-04:00,10.149999618530273,10.149999618530273,10.149999618530273,10.149999618530273,0,0.0,0.0
2022-10-10 00:00:00-04:00,10.15999984741211,10.170000076293945,10.154999732971191,10.164999961853027,4000,0.0,0.0
2022-10-11 00:00:00-04:00,10.15999984741211,10.15999984741211,10.15999984741211,10.15999984741211,100,0.0,0.0
2022-10-12 00:00:00-04:00,10.15999984741211,10.15999984741211,10.15999984741211,10.15999984741211,0,0.0,0.0
2022-10-13 00:00:00-04:00,10.15999984741211,10.15999984741211,10.15999984741211,10.15999984741211,0,0.0,0.0
2022-10-14 00:00:00-04:00,10.1899995803833,10.1899995803833,10.15999984741211,10.15999984741211,100100,0.0,0.0
2022-10-17 00:00:00-04:00,10.199999809265137,10.199999809265137,10.199999809265137,10.199999809265137,100,0.0,0.0
2022-10-18 00:00:00-04:00,10.199999809265137,10.199999809265137,10.180000305175781,10.192999839782715,805300,0.0,0.0
2022-10-19 00:00:00-04:00,10.180000305175781,10.199999809265137,10.180000305175781,10.199999809265137,121100,0.0,0.0
2022-10-20 00:00:00-04:00,10.1899995803833,10.199999809265137,10.1899995803833,10.1899995803833,342200,0.0,0.0
2022-10-21 00:00:00-04:00,10.1899995803833,10.1899995803833,10.1899995803833,10.1899995803833,50100,0.0,0.0
2022-10-24 00:00:00-04:00,10.1899995803833,10.1899995803833,10.1899995803833,10.1899995803833,3500,0.0,0.0
2022-10-25 00:00:00-04:00,10.199999809265137,10.199999809265137,10.199999809265137,10.199999809265137,200,0.0,0.0
2022-10-26 00:00:00-04:00,10.210000038146973,10.210000038146973,10.210000038146973,10.210000038146973,1000,0.0,0.0
2022-10-27 00:00:00-04:00,10.220000267028809,10.220000267028809,10.220000267028809,10.220000267028809,1000,0.0,0.0
2022-10-28 00:00:00-04:00,10.220000267028809,10.220000267028809,10.1899995803833,10.204999923706055,30200,0.0,0.0
2022-10-31 00:00:00-04:00,10.220000267028809,10.220000267028809,10.220000267028809,10.220000267028809,100,0.0,0.0
2022-11-01 00:00:00-04:00,10.220000267028809,10.220000267028809,10.220000267028809,10.220000267028809,0,0.0,0.0
2022-11-02 00:00:00-04:00,10.220000267028809,10.220000267028809,10.220000267028809,10.220000267028809,1300,0.0,0.0
2022-11-03 00:00:00-04:00,10.220000267028809,10.220000267028809,10.210000038146973,10.220000267028809,42300,0.0,0.0
2022-11-04 00:00:00-04:00,10.220000267028809,10.220000267028809,10.220000267028809,10.220000267028809,0,0.0,0.0
2022-11-07 00:00:00-05:00,10.220000267028809,10.220000267028809,10.220000267028809,10.220000267028809,0,0.0,0.0
2022-11-08 00:00:00-05:00,10.239999771118164,10.239999771118164,10.239999771118164,10.239999771118164,100,0.0,0.0
2022-11-09 00:00:00-05:00,10.239999771118164,10.239999771118164,10.239999771118164,10.239999771118164,0,0.0,0.0
2022-11-10 00:00:00-05:00,10.210000038146973,10.229999542236328,10.210000038146973,10.229999542236328,2200,0.0,0.0
2022-11-11 00:00:00-05:00,10.229999542236328,10.229999542236328,10.229999542236328,10.229999542236328,0,0.0,0.0
2022-11-14 00:00:00-05:00,10.25,10.25,10.25,10.25,100,0.0,0.0
2022-11-15 00:00:00-05:00,10.25,10.25,10.25,10.25,100,0.0,0.0
2022-11-16 00:00:00-05:00,10.25,10.255000114440918,10.25,10.255000114440918,117900,0.0,0.0
2022-11-17 00:00:00-05:00,10.25,10.270000457763672,10.25,10.270000457763672,142000,0.0,0.0
2022-11-18 00:00:00-05:00,10.267000198364258,10.267000198364258,10.267000198364258,10.267000198364258,1000,0.0,0.0
2022-11-21 00:00:00-05:00,10.270000457763672,10.270000457763672,10.270000457763672,10.270000457763672,100,0.0,0.0
2022-11-22 00:00:00-05:00,10.270000457763672,10.270000457763672,10.270000457763672,10.270000457763672,0,0.0,0.0
2022-11-23 00:00:00-05:00,10.270000457763672,10.270000457763672,10.270000457763672,10.270000457763672,0,0.0,0.0
2022-11-25 00:00:00-05:00,10.270000457763672,10.270000457763672,10.270000457763672,10.270000457763672,1800,0.0,0.0
2022-11-28 00:00:00-05:00,10.270000457763672,10.270000457763672,10.270000457763672,10.270000457763672,0,0.0,0.0
2022-11-29 00:00:00-05:00,10.25,10.270000457763672,10.25,10.260000228881836,12800,0.0,0.0
2022-11-30 00:00:00-05:00,10.260000228881836,10.260000228881836,10.260000228881836,10.260000228881836,0,0.0,0.0
2022-12-01 00:00:00-05:00,10.260000228881836,10.265000343322754,10.260000228881836,10.265000343322754,3300,0.0,0.0
2022-12-02 00:00:00-05:00,10.270000457763672,10.270000457763672,10.270000457763672,10.270000457763672,1000,0.0,0.0
2022-12-05 00:00:00-05:00,10.260000228881836,10.260000228881836,10.260000228881836,10.260000228881836,18900,0.0,0.0
2022-12-06 00:00:00-05:00,10.265000343322754,10.265000343322754,10.265000343322754,10.265000343322754,1800,0.0,0.0
2022-12-07 00:00:00-05:00,10.265000343322754,10.270000457763672,10.265000343322754,10.270000457763672,26400,0.0,0.0
2022-12-08 00:00:00-05:00,10.300000190734863,10.300000190734863,10.300000190734863,10.300000190734863,2000,0.0,0.0
2022-12-09 00:00:00-05:00,10.300000190734863,10.300000190734863,10.300000190734863,10.300000190734863,0,0.0,0.0
2022-12-12 00:00:00-05:00,10.300000190734863,10.300000190734863,10.300000190734863,10.300000190734863,0,0.0,0.0
2022-12-13 00:00:00-05:00,10.359999656677246,10.949999809265137,10.319999694824219,10.324999809265137,668600,0.0,0.0
2022-12-14 00:00:00-05:00,10.369999885559082,10.369999885559082,10.329999923706055,10.329999923706055,790300,0.0,0.0
2022-12-15 00:00:00-05:00,10.359999656677246,10.359999656677246,10.335000038146973,10.350000381469727,16100,0.0,0.0
2022-12-16 00:00:00-05:00,10.319999694824219,10.329999923706055,10.319999694824219,10.329999923706055,2100,0.0,0.0
2022-12-19 00:00:00-05:00,10.329999923706055,10.35099983215332,10.329999923706055,10.350000381469727,47100,0.0,0.0
2022-12-20 00:00:00-05:00,10.350000381469727,10.350000381469727,10.350000381469727,10.350000381469727,0,0.0,0.0
2022-12-21 00:00:00-05:00,10.380000114440918,10.380000114440918,10.34000015258789,10.34000015258789,2500,0.0,0.0
2022-12-22 00:00:00-05:00,10.380000114440918,10.399999618530273,10.359999656677246,10.390000343322754,54300,0.0,0.0
2022-12-23 00:00:00-05:00,10.420000076293945,10.420000076293945,10.385000228881836,10.385000228881836,300,0.0,0.0
2022-12-27 00:00:00-05:00,10.420000076293945,10.420000076293945,10.420000076293945,10.420000076293945,300,0.0,0.0
2022-12-28 00:00:00-05:00,10.380000114440918,10.380000114440918,10.369999885559082,10.369999885559082,59200,0.0,0.0
2022-12-29 00:00:00-05:00,10.369999885559082,10.369999885559082,10.359999656677246,10.359999656677246,22400,0.0,0.0
2022-12-30 00:00:00-05:00,10.380000114440918,10.380000114440918,10.369999885559082,10.380000114440918,165400,0.0,0.0
2023-01-03 00:00:00-05:00,10.420000076293945,10.420000076293945,10.399999618530273,10.40999984741211,40700,0.0,0.0
2023-01-04 00:00:00-05:00,10.420000076293945,10.494999885559082,10.329999923706055,10.40999984741211,665100,0.0,0.0
2023-01-05 00:00:00-05:00,10.390000343322754,10.437999725341797,10.390000343322754,10.40999984741211,30600,0.0,0.0
2023-01-06 00:00:00-05:00,10.4399995803833,10.5,10.399999618530273,10.399999618530273,1500,0.0,0.0
2023-01-09 00:00:00-05:00,10.430000305175781,10.430000305175781,10.390000343322754,10.395000457763672,2600,0.0,0.0
2023-01-10 00:00:00-05:00,10.430000305175781,10.430000305175781,10.390000343322754,10.399999618530273,1800,0.0,0.0
2023-01-11 00:00:00-05:00,10.399999618530273,10.399999618530273,10.369999885559082,10.369999885559082,34700,0.0,0.0
2023-01-12 00:00:00-05:00,10.390000343322754,10.39900016784668,10.390000343322754,10.39900016784668,800,0.0,0.0
2023-01-13 00:00:00-05:00,10.40999984741211,10.420000076293945,10.390000343322754,10.399999618530273,45500,0.0,0.0
2023-01-17 00:00:00-05:00,10.399999618530273,10.399999618530273,10.390000343322754,10.399999618530273,4200,0.0,0.0
2023-01-18 00:00:00-05:00,10.369999885559082,10.390000343322754,10.369999885559082,10.390000343322754,41300,0.0,0.0
2023-01-19 00:00:00-05:00,10.40999984741211,10.40999984741211,10.399999618530273,10.399999618530273,300,0.0,0.0
2023-01-20 00:00:00-05:00,10.40999984741211,10.40999984741211,10.40999984741211,10.40999984741211,1000,0.0,0.0
2023-01-23 00:00:00-05:00,10.399999618530273,10.4399995803833,10.399999618530273,10.420000076293945,9700,0.0,0.0
2023-01-24 00:00:00-05:00,10.399999618530273,10.430000305175781,10.399999618530273,10.420000076293945,901500,0.0,0.0
2023-01-25 00:00:00-05:00,10.420000076293945,10.420000076293945,10.420000076293945,10.420000076293945,220000,0.0,0.0
2023-01-26 00:00:00-05:00,10.420000076293945,10.420000076293945,10.420000076293945,10.420000076293945,200,0.0,0.0
2023-01-27 00:00:00-05:00,10.4399995803833,10.4399995803833,10.4399995803833,10.4399995803833,400,0.0,0.0
2023-01-30 00:00:00-05:00,10.4399995803833,10.46500015258789,10.430000305175781,10.460000038146973,575400,0.0,0.0
2023-01-31 00:00:00-05:00,10.449999809265137,10.460000038146973,10.4399995803833,10.460000038146973,15700,0.0,0.0
2023-02-01 00:00:00-05:00,10.470000267028809,10.470000267028809,10.46500015258789,10.470000267028809,39900,0.0,0.0
2023-02-02 00:00:00-05:00,10.449999809265137,10.460000038146973,10.449999809265137,10.460000038146973,5000,0.0,0.0
2023-02-03 00:00:00-05:00,10.460000038146973,10.460000038146973,10.460000038146973,10.460000038146973,0,0.0,0.0
2023-02-06 00:00:00-05:00,10.479999542236328,10.479999542236328,10.479999542236328,10.479999542236328,100,0.0,0.0
2023-02-07 00:00:00-05:00,10.472000122070312,10.479999542236328,10.449999809265137,10.479999542236328,2800,0.0,0.0
2023-02-08 00:00:00-05:00,10.479999542236328,10.479999542236328,10.479999542236328,10.479999542236328,0,0.0,0.0
2023-02-09 00:00:00-05:00,10.520000457763672,10.520000457763672,10.520000457763672,10.520000457763672,200,0.0,0.0
2023-02-10 00:00:00-05:00,10.520000457763672,10.520000457763672,10.494999885559082,10.494999885559082,400,0.0,0.0
2023-02-13 00:00:00-05:00,10.449999809265137,10.449999809265137,10.449999809265137,10.449999809265137,200,0.0,0.0
2023-02-14 00:00:00-05:00,10.470000267028809,10.479999542236328,10.449999809265137,10.460000038146973,117600,0.0,0.0
2023-02-15 00:00:00-05:00,10.5,10.5,10.470000267028809,10.470000267028809,672300,0.0,0.0
2023-02-16 00:00:00-05:00,10.5,10.5,10.5,10.5,100,0.0,0.0
2023-02-17 00:00:00-05:00,10.5,10.5,10.5,10.5,0,0.0,0.0
2023-02-21 00:00:00-05:00,10.5,10.5,10.5,10.5,0,0.0,0.0
2023-02-22 00:00:00-05:00,10.520000457763672,10.520000457763672,10.520000457763672,10.520000457763672,2400,0.0,0.0
2023-02-23 00:00:00-05:00,10.520000457763672,10.520000457763672,10.520000457763672,10.520000457763672,0,0.0,0.0
2023-02-24 00:00:00-05:00,10.520000457763672,10.520000457763672,10.520000457763672,10.520000457763672,0,0.0,0.0
2023-02-27 00:00:00-05:00,10.520000457763672,10.520000457763672,10.460000038146973,10.460000038146973,1400,0.0,0.0
2023-02-28 00:00:00-05:00,10.510000228881836,10.520000457763672,10.5,10.520000457763672,404400,0.0,0.0
2023-03-01 00:00:00-05:00,10.550000190734863,10.550000190734863,10.529999732971191,10.529999732971191,1600,0.0,0.0
2023-03-02 00:00:00-05:00,10.529999732971191,10.529999732971191,10.5,10.5,142100,0.0,0.0
2023-03-03 00:00:00-05:00,10.49899959564209,10.49899959564209,10.49899959564209,10.49899959564209,200,0.0,0.0
2023-03-06 00:00:00-05:00,10.5,10.524999618530273,10.5,10.524999618530273,109900,0.0,0.0
2023-03-07 00:00:00-05:00,10.524999618530273,10.524999618530273,10.524999618530273,10.524999618530273,0,0.0,0.0
2023-03-08 00:00:00-05:00,10.550000190734863,10.550000190734863,10.510000228881836,10.529999732971191,676600,0.0,0.0
2023-03-09 00:00:00-05:00,10.5,10.550000190734863,10.5,10.539999961853027,4400,0.0,0.0
2023-03-10 00:00:00-05:00,10.539999961853027,10.579999923706055,10.520000457763672,10.524999618530273,577100,0.0,0.0
2023-03-13 00:00:00-04:00,10.524999618530273,10.524999618530273,10.524999618530273,10.524999618530273,0,0.0,0.0
2023-03-14 00:00:00-04:00,10.529999732971191,10.539999961853027,10.529999732971191,10.539999961853027,3100,0.0,0.0
2023-03-15 00:00:00-04:00,10.539999961853027,10.539999961853027,10.52299976348877,10.539999961853027,8700,0.0,0.0
2023-03-16 00:00:00-04:00,10.539999961853027,10.539999961853027,10.529999732971191,10.539999961853027,638300,0.0,0.0
2023-03-17 00:00:00-04:00,10.520000457763672,10.520000457763672,10.520000457763672,10.520000457763672,200,0.0,0.0
2023-03-20 00:00:00-04:00,10.520000457763672,10.520000457763672,10.520000457763672,10.520000457763672,0,0.0,0.0
2023-03-21 00:00:00-04:00,10.520000457763672,10.520000457763672,10.520000457763672,10.520000457763672,0,0.0,0.0
2023-03-22 00:00:00-04:00,10.520000457763672,10.520000457763672,10.520000457763672,10.520000457763672,2000,0.0,0.0
2023-03-23 00:00:00-04:00,10.520000457763672,10.520000457763672,10.520000457763672,10.520000457763672,0,0.0,0.0
2023-03-24 00:00:00-04:00,10.520000457763672,10.520000457763672,10.520000457763672,10.520000457763672,0,0.0,0.0
2023-03-27 00:00:00-04:00,10.520000457763672,10.520000457763672,10.520000457763672,10.520000457763672,0,0.0,0.0
2023-03-28 00:00:00-04:00,10.520000457763672,10.520000457763672,10.520000457763672,10.520000457763672,0,0.0,0.0
2023-03-29 00:00:00-04:00,10.529999732971191,10.539999961853027,10.529999732971191,10.539999961853027,1900,0.0,0.0
2023-03-30 00:00:00-04:00,10.539999961853027,10.539999961853027,10.539999961853027,10.539999961853027,0,0.0,0.0
2023-03-31 00:00:00-04:00,10.550000190734863,10.550000190734863,10.550000190734863,10.550000190734863,100,0.0,0.0
2023-04-03 00:00:00-04:00,10.550000190734863,10.550000190734863,10.550000190734863,10.550000190734863,0,0.0,0.0
2023-04-04 00:00:00-04:00,10.539999961853027,10.555000305175781,10.539999961853027,10.550000190734863,5200,0.0,0.0
2023-04-05 00:00:00-04:00,10.555000305175781,10.555000305175781,10.550000190734863,10.550000190734863,500,0.0,0.0
2023-04-06 00:00:00-04:00,10.569999694824219,10.569999694824219,10.550000190734863,10.550000190734863,1200,0.0,0.0
2023-04-10 00:00:00-04:00,10.569999694824219,10.640000343322754,10.550000190734863,10.609999656677246,27600,0.0,0.0
2023-04-11 00:00:00-04:00,10.600000381469727,10.600000381469727,10.600000381469727,10.600000381469727,200,0.0,0.0
2023-04-12 00:00:00-04:00,10.595000267028809,10.595000267028809,10.569999694824219,10.59000015258789,8800,0.0,0.0
2023-04-13 00:00:00-04:00,10.59000015258789,10.59000015258789,10.59000015258789,10.59000015258789,0,0.0,0.0
2023-04-14 00:00:00-04:00,10.569999694824219,10.579999923706055,10.569999694824219,10.579999923706055,1100,0.0,0.0
2023-04-17 00:00:00-04:00,10.609999656677246,10.640000343322754,10.609999656677246,10.630000114440918,35700,0.0,0.0
2023-04-18 00:00:00-04:00,10.630000114440918,10.630000114440918,10.630000114440918,10.630000114440918,40900,0.0,0.0
2023-04-19 00:00:00-04:00,10.640000343322754,10.649999618530273,10.640000343322754,10.649999618530273,6700,0.0,0.0
2023-04-20 00:00:00-04:00,10.680000305175781,10.6899995803833,10.670000076293945,10.670000076293945,8400,0.0,0.0
2023-04-21 00:00:00-04:00,10.670000076293945,10.670000076293945,10.670000076293945,10.670000076293945,0,0.0,0.0
2023-04-24 00:00:00-04:00,10.670000076293945,10.670000076293945,10.670000076293945,10.670000076293945,500,0.0,0.0
2023-04-25 00:00:00-04:00,10.630000114440918,10.6899995803833,10.630000114440918,10.630000114440918,5800,0.0,0.0
2023-04-26 00:00:00-04:00,10.699999809265137,10.699999809265137,10.678999900817871,10.6899995803833,1300,0.0,0.0
2023-04-27 00:00:00-04:00,10.65999984741211,10.65999984741211,10.630000114440918,10.65999984741211,55100,0.0,0.0
2023-04-28 00:00:00-04:00,10.699999809265137,10.699999809265137,10.670000076293945,10.6899995803833,478100,0.0,0.0
2023-05-01 00:00:00-04:00,10.729999542236328,10.729999542236328,10.729000091552734,10.729000091552734,8900,0.0,0.0
2023-05-02 00:00:00-04:00,10.75,10.75,10.6899995803833,10.720000267028809,10700,0.0,0.0
2023-05-03 00:00:00-04:00,10.720000267028809,10.720000267028809,10.720000267028809,10.720000267028809,0,0.0,0.0
2023-05-04 00:00:00-04:00,10.640000343322754,10.640000343322754,10.640000343322754,10.640000343322754,100,0.0,0.0
2023-05-05 00:00:00-04:00,10.75,10.75,10.6850004196167,10.6850004196167,300,0.0,0.0
2023-05-08 00:00:00-04:00,10.630000114440918,10.739999771118164,10.630000114440918,10.699999809265137,1700,0.0,0.0
2023-05-09 00:00:00-04:00,10.720000267028809,10.720000267028809,10.720000267028809,10.720000267028809,800,0.0,0.0
2023-05-10 00:00:00-04:00,10.75,10.75,10.6899995803833,10.6899995803833,16900,0.0,0.0
2023-05-11 00:00:00-04:00,10.6899995803833,10.6899995803833,10.6899995803833,10.6899995803833,1600,0.0,0.0
2023-05-12 00:00:00-04:00,10.699999809265137,10.729999542236328,10.694999694824219,10.710000038146973,6200,0.0,0.0
2023-05-15 00:00:00-04:00,10.680000305175781,10.711999893188477,10.680000305175781,10.710000038146973,11600,0.0,0.0
2023-05-16 00:00:00-04:00,10.729999542236328,10.729999542236328,10.729999542236328,10.729999542236328,300,0.0,0.0
2023-05-17 00:00:00-04:00,10.729999542236328,10.729999542236328,10.729999542236328,10.729999542236328,0,0.0,0.0
2023-05-18 00:00:00-04:00,10.739999771118164,10.739999771118164,10.6899995803833,10.694999694824219,1242100,0.0,0.0
2023-05-19 00:00:00-04:00,10.720000267028809,10.729999542236328,10.710000038146973,10.729999542236328,1400,0.0,0.0
2023-05-22 00:00:00-04:00,10.720000267028809,10.729999542236328,10.710000038146973,10.710000038146973,1300,0.0,0.0
2023-05-23 00:00:00-04:00,10.729999542236328,10.729999542236328,10.6899995803833,10.6899995803833,30800,0.0,0.0
2023-05-24 00:00:00-04:00,10.739999771118164,10.739999771118164,10.720000267028809,10.720000267028809,1000,0.0,0.0
2023-05-25 00:00:00-04:00,10.75,10.75,10.718000411987305,10.729999542236328,107700,0.0,0.0
2023-05-26 00:00:00-04:00,11.489999771118164,11.489999771118164,10.729999542236328,10.734999656677246,8200,0.0,0.0
2023-05-30 00:00:00-04:00,10.6899995803833,10.779999732971191,10.6899995803833,10.75,65000,0.0,0.0
2023-05-31 00:00:00-04:00,10.800000190734863,10.800000190734863,10.725000381469727,10.75,8800,0.0,0.0
2023-06-01 00:00:00-04:00,10.75,10.800000190734863,10.699999809265137,10.710000038146973,120600,0.0,0.0
2023-06-02 00:00:00-04:00,10.6899995803833,10.729999542236328,10.6899995803833,10.710000038146973,102000,0.0,0.0
2023-06-05 00:00:00-04:00,10.699999809265137,10.739999771118164,10.699999809265137,10.699999809265137,99200,0.0,0.0
2023-06-06 00:00:00-04:00,10.699999809265137,10.699999809265137,10.699999809265137,10.699999809265137,900,0.0,0.0
2023-06-07 00:00:00-04:00,10.710000038146973,10.710000038146973,10.710000038146973,10.710000038146973,100,0.0,0.0
2023-06-08 00:00:00-04:00,10.710000038146973,10.710000038146973,10.710000038146973,10.710000038146973,100,0.0,0.0
2023-06-09 00:00:00-04:00,10.710000038146973,10.710000038146973,10.710000038146973,10.710000038146973,0,0.0,0.0
2023-06-12 00:00:00-04:00,10.710000038146973,10.779999732971191,10.710000038146973,10.720000267028809,2401800,0.0,0.0
2023-06-13 00:00:00-04:00,10.739999771118164,10.739999771118164,10.720000267028809,10.734999656677246,309000,0.0,0.0
2023-06-14 00:00:00-04:00,10.739999771118164,10.739999771118164,10.729999542236328,10.739999771118164,252800,0.0,0.0
2023-06-15 00:00:00-04:00,10.739999771118164,10.739999771118164,10.729999542236328,10.739999771118164,12000,0.0,0.0
2023-06-16 00:00:00-04:00,10.75,10.760000228881836,10.739999771118164,10.75,64000,0.0,0.0
2023-06-20 00:00:00-04:00,10.720000267028809,10.779999732971191,10.720000267028809,10.739999771118164,18300,0.0,0.0
2023-06-21 00:00:00-04:00,10.739999771118164,10.744000434875488,10.734999656677246,10.737000465393066,4100,0.0,0.0
2023-06-22 00:00:00-04:00,10.720000267028809,10.734999656677246,10.720000267028809,10.720000267028809,1600,0.0,0.0
2023-06-23 00:00:00-04:00,10.720000267028809,10.729999542236328,10.720000267028809,10.720000267028809,257800,0.0,0.0
2023-06-26 00:00:00-04:00,10.039999961853027,10.739999771118164,9.760000228881836,9.770000457763672,77000,0.0,0.0
2023-06-27 00:00:00-04:00,9.649999618530273,10.800000190734863,9.640000343322754,10.600000381469727,131700,0.0,0.0
2023-06-28 00:00:00-04:00,10.989999771118164,11.5,10.319999694824219,11.5,76200,0.0,0.0
2023-06-29 00:00:00-04:00,10.670000076293945,11.109999656677246,10.3100004196167,10.630000114440918,64600,0.0,0.0
2023-06-30 00:00:00-04:00,11.170000076293945,11.819999694824219,10.609999656677246,11.09000015258789,37700,0.0,0.0
2023-07-03 00:00:00-04:00,10.9399995803833,11.4399995803833,10.651000022888184,11.4399995803833,5700,0.0,0.0
2023-07-05 00:00:00-04:00,11.899999618530273,13.0,11.609999656677246,12.5,105300,0.0,0.0
2023-07-06 00:00:00-04:00,10.319999694824219,19.920000076293945,10.0,16.600000381469727,1666300,0.0,0.0
2023-07-07 00:00:00-04:00,14.550000190734863,14.817999839782715,12.581999778747559,12.890000343322754,371500,0.0,0.0
2023-07-10 00:00:00-04:00,12.5,13.399999618530273,12.229999542236328,13.220000267028809,112300,0.0,0.0
2023-07-11 00:00:00-04:00,12.720000267028809,13.630000114440918,12.390000343322754,13.59000015258789,33700,0.0,0.0
2023-07-12 00:00:00-04:00,13.720000267028809,14.0,12.5,12.90999984741211,54800,0.0,0.0
2023-07-13 00:00:00-04:00,13.199999809265137,14.142000198364258,12.569999694824219,13.550000190734863,248100,0.0,0.0
2023-07-14 00:00:00-04:00,12.949999809265137,13.149999618530273,12.630000114440918,12.84000015258789,47100,0.0,0.0
2023-07-17 00:00:00-04:00,12.789999961853027,14.050000190734863,12.59000015258789,13.0,169500,0.0,0.0
2023-07-18 00:00:00-04:00,12.899999618530273,13.09000015258789,12.0600004196167,12.0600004196167,89000,0.0,0.0
2023-07-19 00:00:00-04:00,12.0,12.805000305175781,10.199999809265137,10.680000305175781,159200,0.0,0.0
2023-07-20 00:00:00-04:00,11.0,11.5600004196167,10.199999809265137,11.149999618530273,45300,0.0,0.0
2023-07-21 00:00:00-04:00,11.319999694824219,11.319999694824219,10.800000190734863,10.800000190734863,3400,0.0,0.0
2023-07-24 00:00:00-04:00,10.579999923706055,10.690999984741211,8.319999694824219,9.130000114440918,144900,0.0,0.0
2023-07-25 00:00:00-04:00,8.899999618530273,9.5600004196167,8.850000381469727,9.050000190734863,58400,0.0,0.0
2023-07-26 00:00:00-04:00,9.84000015258789,9.899999618530273,9.15999984741211,9.75,44900,0.0,0.0
2023-07-27 00:00:00-04:00,9.6899995803833,9.944999694824219,9.40999984741211,9.890000343322754,49400,0.0,0.0
2023-07-28 00:00:00-04:00,9.770000457763672,11.109999656677246,9.649999618530273,10.9399995803833,22300,0.0,0.0
2023-07-31 00:00:00-04:00,11.25,11.970000267028809,11.25,11.970000267028809,18500,0.0,0.0
2023-08-01 00:00:00-04:00,11.970000267028809,12.0,11.319999694824219,11.498000144958496,11600,0.0,0.0
2023-08-02 00:00:00-04:00,11.390000343322754,12.25,11.300000190734863,11.90999984741211,25700,0.0,0.0
2023-08-03 00:00:00-04:00,11.5,12.48900032043457,11.345999717712402,12.180000305175781,41900,0.0,0.0
2023-08-04 00:00:00-04:00,12.579999923706055,12.979999542236328,11.9399995803833,12.979999542236328,37600,0.0,0.0
2023-08-07 00:00:00-04:00,12.59000015258789,13.039999961853027,11.0,11.130000114440918,52200,0.0,0.0
2023-08-08 00:00:00-04:00,11.010000228881836,12.050000190734863,11.010000228881836,11.6899995803833,44900,0.0,0.0
2023-08-09 00:00:00-04:00,11.5600004196167,12.239999771118164,11.550000190734863,11.9399995803833,26800,0.0,0.0
2023-08-10 00:00:00-04:00,12.979999542236328,12.979999542236328,11.510000228881836,12.180000305175781,65400,0.0,0.0
2023-08-11 00:00:00-04:00,11.779999732971191,12.350000381469727,11.6899995803833,12.289999961853027,30600,0.0,0.0
2023-08-14 00:00:00-04:00,12.039999961853027,12.800000190734863,12.039999961853027,12.609999656677246,17000,0.0,0.0
2023-08-15 00:00:00-04:00,12.359999656677246,12.800999641418457,12.029999732971191,12.5,52900,0.0,0.0
2023-08-16 00:00:00-04:00,12.109999656677246,12.930000305175781,11.984999656677246,12.829999923706055,13600,0.0,0.0
2023-08-17 00:00:00-04:00,13.5,13.5,11.630000114440918,12.609999656677246,66000,0.0,0.0
2023-08-18 00:00:00-04:00,12.640000343322754,13.5,12.300000190734863,13.109999656677246,38100,0.0,0.0
2023-08-21 00:00:00-04:00,13.23799991607666,13.239999771118164,12.800000190734863,13.229999542236328,6600,0.0,0.0
2023-08-22 00:00:00-04:00,13.375,13.899999618530273,13.045000076293945,13.25,242500,0.0,0.0
2023-08-23 00:00:00-04:00,13.350000381469727,14.25,13.350000381469727,14.25,13900,0.0,0.0
2023-08-24 00:00:00-04:00,14.350000381469727,15.020000457763672,13.710000038146973,15.020000457763672,23600,0.0,0.0
2023-08-25 00:00:00-04:00,15.199999809265137,15.199999809265137,13.8100004196167,14.0,40500,0.0,0.0
2023-08-28 00:00:00-04:00,14.119999885559082,14.970000267028809,13.09000015258789,13.489999771118164,73000,0.0,0.0
2023-08-29 00:00:00-04:00,13.470000267028809,14.616000175476074,13.470000267028809,14.350000381469727,16200,0.0,0.0
2023-08-30 00:00:00-04:00,14.350000381469727,14.779999732971191,13.515000343322754,13.850000381469727,67300,0.0,0.0
2023-08-31 00:00:00-04:00,13.520000457763672,14.449999809265137,12.430000305175781,14.300000190734863,117500,0.0,0.0
2023-09-01 00:00:00-04:00,13.869999885559082,14.649999618530273,13.449999809265137,13.920000076293945,37300,0.0,0.0
2023-09-05 00:00:00-04:00,14.050000190734863,14.5,13.0600004196167,13.079999923706055,53300,0.0,0.0
2023-09-06 00:00:00-04:00,13.100000381469727,13.649999618530273,12.649999618530273,12.760000228881836,77800,0.0,0.0
2023-09-07 00:00:00-04:00,13.199999809265137,13.199999809265137,11.859999656677246,12.260000228881836,26700,0.0,0.0
2023-09-08 00:00:00-04:00,12.75,13.133999824523926,11.699999809265137,11.699999809265137,33300,0.0,0.0
2023-09-11 00:00:00-04:00,11.899999618530273,12.15999984741211,11.5,11.90999984741211,17900,0.0,0.0
2023-09-12 00:00:00-04:00,11.729999542236328,12.347000122070312,11.300000190734863,11.40999984741211,22100,0.0,0.0
2023-09-13 00:00:00-04:00,11.899999618530273,12.800000190734863,11.39900016784668,11.430000305175781,46600,0.0,0.0
2023-09-14 00:00:00-04:00,11.710000038146973,12.180000305175781,11.359999656677246,11.359999656677246,27000,0.0,0.0
2023-09-15 00:00:00-04:00,11.430000305175781,12.199999809265137,11.430000305175781,11.800000190734863,32100,0.0,0.0
2023-09-18 00:00:00-04:00,11.59000015258789,12.199999809265137,11.350000381469727,11.550000190734863,22500,0.0,0.0
2023-09-19 00:00:00-04:00,12.0,12.760000228881836,11.899999618530273,12.649999618530273,18100,0.0,0.0
2023-09-20 00:00:00-04:00,13.0,13.0,11.675000190734863,12.0,32900,0.0,0.0
2023-09-21 00:00:00-04:00,11.770000457763672,12.359999656677246,11.630000114440918,12.0,35000,0.0,0.0
2023-09-22 00:00:00-04:00,12.5,19.1200008392334,12.5,16.5,530700,0.0,0.0
2023-09-25 00:00:00-04:00,16.200000762939453,17.25,15.3100004196167,15.550000190734863,183200,0.0,0.0
2023-09-26 00:00:00-04:00,15.520000457763672,16.3799991607666,13.84000015258789,15.569999694824219,147200,0.0,0.0
2023-09-27 00:00:00-04:00,17.06999969482422,17.06999969482422,13.670000076293945,13.930000305175781,151500,0.0,0.0
2023-09-28 00:00:00-04:00,13.579999923706055,15.489999771118164,13.579999923706055,15.489999771118164,762300,0.0,0.0
2023-09-29 00:00:00-04:00,14.5,15.09000015258789,12.270000457763672,12.270000457763672,162900,0.0,0.0
2023-10-02 00:00:00-04:00,12.010000228881836,12.010000228881836,11.1899995803833,11.1899995803833,180100,0.0,0.0
2023-10-03 00:00:00-04:00,11.020000457763672,12.65999984741211,11.020000457763672,12.539999961853027,132000,0.0,0.0
2023-10-04 00:00:00-04:00,12.289999961853027,12.5,11.729999542236328,12.399999618530273,232100,0.0,0.0
2023-10-05 00:00:00-04:00,12.3100004196167,12.5,12.020000457763672,12.4399995803833,34600,0.0,0.0
2023-10-06 00:00:00-04:00,12.289999961853027,12.501999855041504,11.890000343322754,12.210000038146973,37700,0.0,0.0
2023-10-09 00:00:00-04:00,11.640000343322754,12.449999809265137,11.640000343322754,12.25,29600,0.0,0.0
2023-10-10 00:00:00-04:00,12.0600004196167,12.619999885559082,11.65999984741211,11.779999732971191,332700,0.0,0.0
2023-10-11 00:00:00-04:00,11.739999771118164,11.869999885559082,10.9399995803833,10.989999771118164,133700,0.0,0.0
2023-10-12 00:00:00-04:00,10.899999618530273,11.789999961853027,9.680000305175781,9.8100004196167,135000,0.0,0.0
2023-10-13 00:00:00-04:00,9.979999542236328,10.25,9.399999618530273,10.100000381469727,51700,0.0,0.0
2023-10-16 00:00:00-04:00,10.079999923706055,10.079999923706055,9.800000190734863,10.0,46400,0.0,0.0
2023-10-17 00:00:00-04:00,9.869999885559082,10.40999984741211,9.65999984741211,9.949999809265137,63900,0.0,0.0
2023-10-18 00:00:00-04:00,9.720000267028809,9.9399995803833,9.579999923706055,9.819999694824219,10200,0.0,0.0
2023-10-19 00:00:00-04:00,9.670000076293945,9.850000381469727,9.010000228881836,9.850000381469727,46500,0.0,0.0
2023-10-20 00:00:00-04:00,9.670000076293945,10.039999961853027,9.529999732971191,9.979999542236328,41700,0.0,0.0
2023-10-23 00:00:00-04:00,10.029999732971191,10.199999809265137,9.720000267028809,9.869999885559082,30100,0.0,0.0
2023-10-24 00:00:00-04:00,9.729999542236328,10.1899995803833,9.010000228881836,9.199999809265137,53900,0.0,0.0
2023-10-25 00:00:00-04:00,9.199999809265137,10.300000190734863,9.199999809265137,9.989999771118164,59700,0.0,0.0
2023-10-26 00:00:00-04:00,9.970000267028809,10.140000343322754,9.880000114440918,10.0,9300,0.0,0.0
2023-10-27 00:00:00-04:00,9.84000015258789,10.100000381469727,9.819999694824219,10.0,78200,0.0,0.0
2023-10-30 00:00:00-04:00,9.970000267028809,10.0,9.199999809265137,9.350000381469727,40200,0.0,0.0
2023-10-31 00:00:00-04:00,9.109999656677246,9.520000457763672,9.069999694824219,9.1899995803833,43100,0.0,0.0
2023-11-01 00:00:00-04:00,9.0,9.0,8.5,8.510000228881836,28100,0.0,0.0
2023-11-02 00:00:00-04:00,7.989999771118164,7.989999771118164,7.429999828338623,7.900000095367432,68300,0.0,0.0
2023-11-03 00:00:00-04:00,7.949999809265137,8.260000228881836,6.900000095367432,7.079999923706055,130500,0.0,0.0
2023-11-06 00:00:00-05:00,7.099999904632568,7.519999980926514,6.9770002365112305,7.389999866485596,46800,0.0,0.0
2023-11-07 00:00:00-05:00,8.0,8.399999618530273,7.559999942779541,7.619999885559082,56700,0.0,0.0
2023-11-08 00:00:00-05:00,8.0,8.920000076293945,8.0,8.899999618530273,174300,0.0,0.0
2023-11-09 00:00:00-05:00,8.65999984741211,9.390000343322754,8.65999984741211,9.100000381469727,81300,0.0,0.0
2023-11-10 00:00:00-05:00,9.03499984741211,9.949999809265137,9.03499984741211,9.729999542236328,65000,0.0,0.0
2023-11-13 00:00:00-05:00,9.5600004196167,10.029999732971191,9.479999542236328,9.649999618530273,63700,0.0,0.0
2023-11-14 00:00:00-05:00,9.989999771118164,10.020000457763672,9.6899995803833,9.75,15000,0.0,0.0
2023-11-15 00:00:00-05:00,9.899999618530273,9.989999771118164,9.529999732971191,9.859999656677246,24500,0.0,0.0
2023-11-16 00:00:00-05:00,9.899999618530273,10.074999809265137,9.71500015258789,9.869999885559082,44800,0.0,0.0
2023-11-17 00:00:00-05:00,9.729999542236328,10.170000076293945,9.100000381469727,10.020000457763672,32100,0.0,0.0
2023-11-20 00:00:00-05:00,10.170000076293945,10.170000076293945,9.420000076293945,9.930000305175781,6900,0.0,0.0
2023-11-21 00:00:00-05:00,10.0,10.609999656677246,9.819999694824219,9.989999771118164,49200,0.0,0.0
2023-11-22 00:00:00-05:00,9.800000190734863,10.0,9.800000190734863,9.930000305175781,23200,0.0,0.0
2023-11-24 00:00:00-05:00,9.59000015258789,9.979999542236328,9.510000228881836,9.829999923706055,11900,0.0,0.0
2023-11-27 00:00:00-05:00,10.0,10.737000465393066,8.5,8.729999542236328,113200,0.0,0.0
2023-11-28 00:00:00-05:00,8.5,8.90999984741211,7.550000190734863,8.710000038146973,69600,0.0,0.0
2023-11-29 00:00:00-05:00,8.5,9.880000114440918,8.5,9.59000015258789,26400,0.0,0.0
2023-11-30 00:00:00-05:00,9.09000015258789,9.979999542236328,8.859999656677246,9.760000228881836,24800,0.0,0.0
2023-12-01 00:00:00-05:00,10.0,10.380000114440918,9.619999885559082,10.029999732971191,15500,0.0,0.0
2023-12-04 00:00:00-05:00,10.329999923706055,10.524999618530273,9.819999694824219,9.890000343322754,17200,0.0,0.0
2023-12-05 00:00:00-05:00,10.15999984741211,10.15999984741211,9.609999656677246,10.0,8700,0.0,0.0
2023-12-06 00:00:00-05:00,9.329999923706055,10.0,9.329999923706055,9.59000015258789,9900,0.0,0.0
2023-12-07 00:00:00-05:00,10.0,10.550000190734863,9.300000190734863,9.300000190734863,59000,0.0,0.0
2023-12-08 00:00:00-05:00,9.529999732971191,9.699999809265137,8.789999961853027,9.239999771118164,77800,0.0,0.0
2023-12-11 00:00:00-05:00,9.020000457763672,9.390000343322754,8.15999984741211,8.199999809265137,20400,0.0,0.0
2023-12-12 00:00:00-05:00,8.5600004196167,8.675000190734863,8.260000228881836,8.399999618530273,17700,0.0,0.0
2023-12-13 00:00:00-05:00,8.300000190734863,8.67300033569336,8.149999618530273,8.5,59500,0.0,0.0
2023-12-14 00:00:00-05:00,9.3100004196167,9.5,8.539999961853027,8.9399995803833,41700,0.0,0.0
2023-12-15 00:00:00-05:00,8.729999542236328,9.199999809265137,8.720000267028809,8.9399995803833,55300,0.0,0.0
2023-12-18 00:00:00-05:00,8.899999618530273,9.085000038146973,8.470000267028809,8.510000228881836,37300,0.0,0.0
2023-12-19 00:00:00-05:00,9.109999656677246,9.109999656677246,8.279999732971191,8.390000343322754,30200,0.0,0.0
2023-12-20 00:00:00-05:00,8.609999656677246,9.5,8.609999656677246,9.4399995803833,73200,0.0,0.0
2023-12-21 00:00:00-05:00,9.5,9.5,7.900000095367432,8.5600004196167,95900,0.0,0.0
2023-12-22 00:00:00-05:00,8.6899995803833,9.399999618530273,8.621999740600586,9.229999542236328,56000,0.0,0.0
2023-12-26 00:00:00-05:00,8.920000076293945,9.5,8.819999694824219,8.989999771118164,26100,0.0,0.0
2023-12-27 00:00:00-05:00,9.09000015258789,9.539999961853027,8.758000373840332,8.819999694824219,67300,0.0,0.0
2023-12-28 00:00:00-05:00,8.550000190734863,9.5,8.550000190734863,9.270000457763672,237600,0.0,0.0
2023-12-29 00:00:00-05:00,9.029999732971191,9.229999542236328,9.0,9.039999961853027,10200,0.0,0.0
2024-01-02 00:00:00-05:00,9.199999809265137,9.270000457763672,8.930000305175781,9.25,8300,0.0,0.0
2024-01-03 00:00:00-05:00,9.149999618530273,9.970000267028809,9.149999618530273,9.289999961853027,20700,0.0,0.0
2024-01-04 00:00:00-05:00,9.270000457763672,9.699999809265137,9.199999809265137,9.350000381469727,15900,0.0,0.0
2024-01-05 00:00:00-05:00,9.350000381469727,9.670000076293945,8.649999618530273,8.819999694824219,85600,0.0,0.0
2024-01-08 00:00:00-05:00,8.989999771118164,9.539999961853027,8.600000381469727,8.649999618530273,32200,0.0,0.0
2024-01-09 00:00:00-05:00,8.640000343322754,8.90999984741211,7.989999771118164,8.069999694824219,35000,0.0,0.0
2024-01-10 00:00:00-05:00,8.5,8.5,6.489999771118164,6.860000133514404,159200,0.0,0.0
2024-01-11 00:00:00-05:00,6.75,7.239999771118164,6.079999923706055,6.329999923706055,185400,0.0,0.0
2024-01-12 00:00:00-05:00,6.699999809265137,6.800000190734863,5.9019999504089355,6.349999904632568,173200,0.0,0.0
2024-01-16 00:00:00-05:00,6.099999904632568,6.099999904632568,5.84499979019165,6.03000020980835,93500,0.0,0.0
2024-01-17 00:00:00-05:00,6.070000171661377,6.260000228881836,5.800000190734863,6.230000019073486,34400,0.0,0.0
2024-01-18 00:00:00-05:00,6.21999979019165,7.235000133514404,6.019999980926514,7.019999980926514,68200,0.0,0.0
2024-01-19 00:00:00-05:00,6.510000228881836,6.784999847412109,6.085000038146973,6.199999809265137,216400,0.0,0.0
2024-01-22 00:00:00-05:00,6.050000190734863,6.909999847412109,6.050000190734863,6.730000019073486,57000,0.0,0.0
2024-01-23 00:00:00-05:00,6.659999847412109,6.991000175476074,6.420000076293945,6.630000114440918,14500,0.0,0.0
2024-01-24 00:00:00-05:00,6.599999904632568,6.929999828338623,6.340000152587891,6.409999847412109,24800,0.0,0.0
2024-01-25 00:00:00-05:00,6.340000152587891,6.511000156402588,5.420000076293945,5.869999885559082,197900,0.0,0.0
2024-01-26 00:00:00-05:00,5.869999885559082,6.000999927520752,5.630000114440918,5.639999866485596,36700,0.0,0.0
2024-01-29 00:00:00-05:00,5.75,6.159999847412109,5.670000076293945,5.789999961853027,110300,0.0,0.0
2024-01-30 00:00:00-05:00,5.760000228881836,6.0,5.474999904632568,5.869999885559082,70600,0.0,0.0
2024-01-31 00:00:00-05:00,5.889999866485596,6.03000020980835,5.860000133514404,6.010000228881836,45600,0.0,0.0
2024-02-01 00:00:00-05:00,5.949999809265137,6.010000228881836,5.855000019073486,5.949999809265137,21100,0.0,0.0
2024-02-02 00:00:00-05:00,6.010000228881836,6.010000228881836,5.699999809265137,5.800000190734863,20600,0.0,0.0
2024-02-05 00:00:00-05:00,5.760000228881836,5.860000133514404,5.710000038146973,5.829999923706055,21400,0.0,0.0
2024-02-06 00:00:00-05:00,5.670000076293945,6.190000057220459,5.670000076293945,5.949999809265137,27100,0.0,0.0
2024-02-07 00:00:00-05:00,6.010000228881836,6.019999980926514,5.75,5.929999828338623,23100,0.0,0.0
2024-02-08 00:00:00-05:00,5.840000152587891,6.159999847412109,5.840000152587891,5.880000114440918,27000,0.0,0.0
2024-02-09 00:00:00-05:00,5.900000095367432,5.900000095367432,5.699999809265137,5.75,43600,0.0,0.0
2024-02-12 00:00:00-05:00,5.75,5.900000095367432,5.75,5.78000020980835,35800,0.0,0.0
2024-02-13 00:00:00-05:00,5.869999885559082,5.869999885559082,5.670000076293945,5.71999979019165,31100,0.0,0.0
2024-02-14 00:00:00-05:00,5.71999979019165,5.744999885559082,5.340000152587891,5.340000152587891,113100,0.0,0.0
2024-02-15 00:00:00-05:00,5.380000114440918,5.380000114440918,4.599999904632568,4.980000019073486,163700,0.0,0.0
2024-02-16 00:00:00-05:00,5.059999942779541,5.440000057220459,4.96999979019165,5.380000114440918,67800,0.0,0.0
2024-02-20 00:00:00-05:00,5.400000095367432,5.409999847412109,5.019999980926514,5.050000190734863,33900,0.0,0.0
2024-02-21 00:00:00-05:00,4.960000038146973,5.0,4.71999979019165,4.800000190734863,46400,0.0,0.0
2024-02-22 00:00:00-05:00,4.699999809265137,4.800000190734863,4.519999980926514,4.75,38500,0.0,0.0
2024-02-23 00:00:00-05:00,4.760000228881836,4.769999980926514,4.684999942779541,4.699999809265137,10800,0.0,0.0
2024-02-26 00:00:00-05:00,4.75,4.800000190734863,4.690000057220459,4.739999771118164,18200,0.0,0.0
2024-02-27 00:00:00-05:00,4.739999771118164,4.75,4.610000133514404,4.679999828338623,159300,0.0,0.0
2024-02-28 00:00:00-05:00,4.619999885559082,4.699999809265137,4.610000133514404,4.650000095367432,38600,0.0,0.0
2024-02-29 00:00:00-05:00,4.670000076293945,5.099999904632568,4.610000133514404,5.079999923706055,67400,0.0,0.0
2024-03-01 00:00:00-05:00,5.28000020980835,6.119999885559082,5.150000095367432,5.710000038146973,97100,0.0,0.0
2024-03-04 00:00:00-05:00,5.900000095367432,6.590000152587891,5.900000095367432,6.440000057220459,85700,0.0,0.0
2024-03-05 00:00:00-05:00,6.869999885559082,7.124000072479248,6.5,6.610000133514404,77000,0.0,0.0
2024-03-06 00:00:00-05:00,6.610000133514404,6.800000190734863,6.482999801635742,6.760000228881836,25000,0.0,0.0
2024-03-07 00:00:00-05:00,6.800000190734863,7.050000190734863,6.739999771118164,6.849999904632568,50700,0.0,0.0
2024-03-08 00:00:00-05:00,6.849999904632568,6.900000095367432,6.760000228881836,6.849999904632568,31200,0.0,0.0
2024-03-11 00:00:00-04:00,6.829999923706055,7.03000020980835,6.590000152587891,7.0,28400,0.0,0.0
2024-03-12 00:00:00-04:00,7.099999904632568,7.150000095367432,6.829999923706055,7.059999942779541,32200,0.0,0.0
2024-03-13 00:00:00-04:00,7.010000228881836,7.139999866485596,6.829999923706055,7.0,55700,0.0,0.0
2024-03-14 00:00:00-04:00,6.925000190734863,8.470000267028809,6.925000190734863,7.670000076293945,83400,0.0,0.0
2024-03-15 00:00:00-04:00,7.829999923706055,7.989999771118164,7.150000095367432,7.150000095367432,26000,0.0,0.0
2024-03-18 00:00:00-04:00,7.019999980926514,7.409999847412109,6.659999847412109,7.159999847412109,35900,0.0,0.0
2024-03-19 00:00:00-04:00,7.309999942779541,7.940000057220459,7.309999942779541,7.53000020980835,35000,0.0,0.0
2024-03-20 00:00:00-04:00,7.389999866485596,8.319999694824219,7.139999866485596,7.639999866485596,54000,0.0,0.0
2024-03-21 00:00:00-04:00,7.409999847412109,8.399999618530273,7.409999847412109,7.929999828338623,65000,0.0,0.0
2024-03-22 00:00:00-04:00,8.399999618530273,8.399999618530273,7.78000020980835,8.0600004196167,52800,0.0,0.0
2024-03-25 00:00:00-04:00,8.4399995803833,8.4399995803833,7.769999980926514,8.0,71700,0.0,0.0
2024-03-26 00:00:00-04:00,7.929999828338623,8.125,7.75,7.96999979019165,74300,0.0,0.0
2024-03-27 00:00:00-04:00,7.829999923706055,8.1899995803833,7.75,7.75,103000,0.0,0.0
2024-03-28 00:00:00-04:00,7.679999828338623,7.834000110626221,7.349999904632568,7.670000076293945,27500,0.0,0.0
2024-04-01 00:00:00-04:00,7.630000114440918,7.96999979019165,7.599999904632568,7.849999904632568,36800,0.0,0.0
2024-04-02 00:00:00-04:00,8.020000457763672,8.029999732971191,7.5,7.650000095367432,29200,0.0,0.0
2024-04-03 00:00:00-04:00,7.599999904632568,8.125,7.599999904632568,7.860000133514404,96700,0.0,0.0
2024-04-04 00:00:00-04:00,7.75,7.980000019073486,7.710000038146973,7.860000133514404,17900,0.0,0.0
2024-04-05 00:00:00-04:00,7.989999771118164,7.989999771118164,7.590000152587891,7.739999771118164,43800,0.0,0.0
2024-04-08 00:00:00-04:00,7.809999942779541,7.809999942779541,7.392000198364258,7.670000076293945,32200,0.0,0.0
2024-04-09 00:00:00-04:00,7.730000019073486,7.75,7.329999923706055,7.449999809265137,52500,0.0,0.0
2024-04-10 00:00:00-04:00,7.559999942779541,7.590000152587891,6.730000019073486,7.110000133514404,48700,0.0,0.0
2024-04-11 00:00:00-04:00,6.989999771118164,7.690000057220459,6.920000076293945,7.400000095367432,49600,0.0,0.0
2024-04-12 00:00:00-04:00,7.409999847412109,7.710000038146973,7.199999809265137,7.610000133514404,31200,0.0,0.0
2024-04-15 00:00:00-04:00,7.690000057220459,7.744999885559082,7.369999885559082,7.610000133514404,23600,0.0,0.0
2024-04-16 00:00:00-04:00,7.559999942779541,7.75,7.550000190734863,7.75,37700,0.0,0.0
2024-04-17 00:00:00-04:00,7.699999809265137,8.0,7.664999961853027,7.960000038146973,69400,0.0,0.0
2024-04-18 00:00:00-04:00,8.0,8.109999656677246,7.550000190734863,7.800000190734863,51700,0.0,0.0
2024-04-19 00:00:00-04:00,7.869999885559082,8.210000038146973,6.425000190734863,6.71999979019165,144400,0.0,0.0
2024-04-22 00:00:00-04:00,7.159999847412109,7.889999866485596,6.59499979019165,6.699999809265137,84200,0.0,0.0
2024-04-23 00:00:00-04:00,6.699999809265137,7.860000133514404,6.699999809265137,7.730000019073486,69500,0.0,0.0
2024-04-24 00:00:00-04:00,7.78000020980835,8.210000038146973,7.46999979019165,7.860000133514404,86800,0.0,0.0
2024-04-25 00:00:00-04:00,7.75,8.260000228881836,7.570000171661377,8.199999809265137,63600,0.0,0.0
2024-04-26 00:00:00-04:00,8.220000267028809,8.899999618530273,8.050000190734863,8.260000228881836,68700,0.0,0.0
2024-04-29 00:00:00-04:00,8.109999656677246,8.244999885559082,6.150000095367432,7.349999904632568,245100,0.0,0.0
2024-04-30 00:00:00-04:00,7.190000057220459,7.789999961853027,6.84499979019165,7.360000133514404,62800,0.0,0.0
2024-05-01 00:00:00-04:00,7.230000019073486,7.320000171661377,6.519999980926514,6.800000190734863,64200,0.0,0.0
2024-05-02 00:00:00-04:00,6.980000019073486,6.989999771118164,6.659999847412109,6.760000228881836,33800,0.0,0.0
2024-05-03 00:00:00-04:00,6.699999809265137,7.699999809265137,6.699999809265137,7.119999885559082,63300,0.0,0.0
2024-05-06 00:00:00-04:00,7.0,7.230000019073486,6.610000133514404,6.619999885559082,51800,0.0,0.0
2024-05-07 00:00:00-04:00,6.599999904632568,7.025000095367432,6.510000228881836,6.909999847412109,37000,0.0,0.0
2024-05-08 00:00:00-04:00,6.75,7.099999904632568,6.699999809265137,6.730000019073486,59100,0.0,0.0
2024-05-09 00:00:00-04:00,6.869999885559082,7.010000228881836,6.451000213623047,6.610000133514404,37400,0.0,0.0
2024-05-10 00:00:00-04:00,6.630000114440918,7.0,6.420000076293945,6.659999847412109,71200,0.0,0.0
2024-05-13 00:00:00-04:00,6.599999904632568,7.230000019073486,6.559999942779541,6.71999979019165,56100,0.0,0.0
2024-05-14 00:00:00-04:00,6.855999946594238,7.013000011444092,6.199999809265137,6.5,170300,0.0,0.0
2024-05-15 00:00:00-04:00,6.429999828338623,6.880000114440918,6.269999980926514,6.710000038146973,72300,0.0,0.0
2024-05-16 00:00:00-04:00,6.765999794006348,7.230000019073486,6.624000072479248,6.920000076293945,101600,0.0,0.0
2024-05-17 00:00:00-04:00,6.820000171661377,7.21999979019165,6.75,7.199999809265137,110200,0.0,0.0
2024-05-20 00:00:00-04:00,7.300000190734863,7.699999809265137,6.960000038146973,7.150000095367432,70900,0.0,0.0
2024-05-21 00:00:00-04:00,7.199999809265137,7.800000190734863,7.199999809265137,7.699999809265137,54300,0.0,0.0
2024-05-22 00:00:00-04:00,7.699999809265137,7.789999961853027,7.409999847412109,7.550000190734863,53200,0.0,0.0
2024-05-23 00:00:00-04:00,7.409999847412109,7.980000019073486,7.409999847412109,7.829999923706055,97000,0.0,0.0
2024-05-24 00:00:00-04:00,7.929999828338623,7.949999809265137,7.599999904632568,7.820000171661377,56100,0.0,0.0
2024-05-28 00:00:00-04:00,7.800000190734863,9.0,7.760000228881836,9.0,394000,0.0,0.0
2024-05-29 00:00:00-04:00,8.819999694824219,9.510000228881836,8.40999984741211,9.140000343322754,232200,0.0,0.0
2024-05-30 00:00:00-04:00,8.989999771118164,9.352999687194824,8.460000038146973,8.59000015258789,157100,0.0,0.0
2024-05-31 00:00:00-04:00,8.800000190734863,9.100000381469727,8.34000015258789,9.020000457763672,105500,0.0,0.0
2024-06-03 00:00:00-04:00,9.140000343322754,9.140000343322754,8.937000274658203,9.079999923706055,73400,0.0,0.0
2024-06-04 00:00:00-04:00,9.079999923706055,9.199999809265137,8.949999809265137,9.100000381469727,66300,0.0,0.0
2024-06-05 00:00:00-04:00,9.210000038146973,9.210000038146973,8.885000228881836,9.0,87200,0.0,0.0
2024-06-06 00:00:00-04:00,8.859999656677246,9.079999923706055,8.779999732971191,8.949999809265137,55800,0.0,0.0
2024-06-07 00:00:00-04:00,9.050000190734863,9.100000381469727,8.899999618530273,9.020000457763672,71200,0.0,0.0
2024-06-10 00:00:00-04:00,9.039999961853027,9.039999961853027,8.760000228881836,8.989999771118164,62900,0.0,0.0
2024-06-11 00:00:00-04:00,8.949999809265137,9.119999885559082,8.640000343322754,9.050000190734863,81900,0.0,0.0
2024-06-12 00:00:00-04:00,9.100000381469727,9.100000381469727,8.789999961853027,8.970000267028809,83000,0.0,0.0
2024-06-13 00:00:00-04:00,8.779999732971191,9.3100004196167,8.779999732971191,8.960000038146973,77000,0.0,0.0
2024-06-14 00:00:00-04:00,9.0600004196167,9.180000305175781,8.399999618530273,9.029999732971191,80900,0.0,0.0
2024-06-17 00:00:00-04:00,9.170000076293945,9.239999771118164,8.979999542236328,9.079999923706055,50500,0.0,0.0
2024-06-18 00:00:00-04:00,9.09000015258789,9.170000076293945,8.984999656677246,9.039999961853027,58300,0.0,0.0
2024-06-20 00:00:00-04:00,9.140000343322754,9.1899995803833,7.360000133514404,7.800000190734863,150300,0.0,0.0
2024-06-21 00:00:00-04:00,7.610000133514404,8.25,7.610000133514404,8.050000190734863,161400,0.0,0.0
2024-06-24 00:00:00-04:00,8.420000076293945,8.420000076293945,7.510000228881836,7.599999904632568,76700,0.0,0.0
2024-06-25 00:00:00-04:00,7.619999885559082,7.78000020980835,7.150000095367432,7.150000095367432,91600,0.0,0.0
2024-06-26 00:00:00-04:00,7.03000020980835,8.0649995803833,6.519999980926514,7.860000133514404,189100,0.0,0.0
2024-06-27 00:00:00-04:00,7.679999828338623,8.640000343322754,6.659999847412109,7.309999942779541,319800,0.0,0.0
2024-06-28 00:00:00-04:00,7.320000171661377,8.220000267028809,6.829999923706055,7.679999828338623,3876800,0.0,0.0
2024-07-01 00:00:00-04:00,7.769999980926514,8.630000114440918,7.639999866485596,8.369999885559082,227800,0.0,0.0
2024-07-02 00:00:00-04:00,8.010000228881836,8.569999694824219,8.010000228881836,8.399999618530273,165400,0.0,0.0
2024-07-03 00:00:00-04:00,8.420000076293945,8.529999732971191,8.199999809265137,8.390000343322754,48400,0.0,0.0
2024-07-05 00:00:00-04:00,8.260000228881836,8.630000114440918,8.260000228881836,8.619999885559082,104800,0.0,0.0
2024-07-08 00:00:00-04:00,8.760000228881836,9.0,8.640000343322754,8.779999732971191,102400,0.0,0.0
2024-07-09 00:00:00-04:00,8.800000190734863,8.800000190734863,8.3149995803833,8.380000114440918,487600,0.0,0.0
2024-07-10 00:00:00-04:00,8.369999885559082,8.760000228881836,8.180000305175781,8.729999542236328,104800,0.0,0.0
2024-07-11 00:00:00-04:00,9.0,9.020000457763672,8.625,8.899999618530273,169300,0.0,0.0
2024-07-12 00:00:00-04:00,9.050000190734863,9.25,8.680000305175781,9.210000038146973,209400,0.0,0.0
2024-07-15 00:00:00-04:00,9.300000190734863,9.300000190734863,8.869999885559082,9.149999618530273,147000,0.0,0.0
2024-07-16 00:00:00-04:00,9.300000190734863,9.300000190734863,8.739999771118164,9.199999809265137,158500,0.0,0.0
2024-07-17 00:00:00-04:00,9.239999771118164,9.239999771118164,8.479999542236328,8.899999618530273,108800,0.0,0.0
2024-07-18 00:00:00-04:00,8.699999809265137,9.039999961853027,8.050000190734863,8.069999694824219,101300,0.0,0.0
2024-07-19 00:00:00-04:00,8.079999923706055,8.390000343322754,7.710000038146973,8.140000343322754,168200,0.0,0.0
2024-07-22 00:00:00-04:00,8.329999923706055,8.5600004196167,7.820000171661377,8.4399995803833,111200,0.0,0.0
2024-07-23 00:00:00-04:00,8.420000076293945,8.420000076293945,7.800000190734863,7.909999847412109,225500,0.0,0.0
2024-07-24 00:00:00-04:00,7.909999847412109,7.949999809265137,7.0,7.570000171661377,126700,0.0,0.0
2024-07-25 00:00:00-04:00,7.570000171661377,7.760000228881836,7.210000038146973,7.5,126900,0.0,0.0
2024-07-26 00:00:00-04:00,7.650000095367432,7.704999923706055,7.03000020980835,7.349999904632568,164200,0.0,0.0
2024-07-29 00:00:00-04:00,7.309999942779541,7.449999809265137,6.849999904632568,7.289999961853027,161200,0.0,0.0
2024-07-30 00:00:00-04:00,7.260000228881836,7.320000171661377,6.869999885559082,7.199999809265137,172300,0.0,0.0
2024-07-31 00:00:00-04:00,7.239999771118164,7.909999847412109,7.21999979019165,7.889999866485596,175400,0.0,0.0
2024-08-01 00:00:00-04:00,7.900000095367432,7.934999942779541,7.079999923706055,7.380000114440918,74600,0.0,0.0
2024-08-02 00:00:00-04:00,7.130000114440918,7.210999965667725,6.639999866485596,6.730000019073486,123700,0.0,0.0
2024-08-05 00:00:00-04:00,6.5,6.579999923706055,6.059999942779541,6.230000019073486,143800,0.0,0.0
2024-08-06 00:00:00-04:00,6.159999847412109,6.5,5.710000038146973,6.059999942779541,171000,0.0,0.0
2024-08-07 00:00:00-04:00,6.21999979019165,6.25,5.394999980926514,5.429999828338623,136900,0.0,0.0
2024-08-08 00:00:00-04:00,5.599999904632568,6.21999979019165,5.525000095367432,6.050000190734863,147600,0.0,0.0
2024-08-09 00:00:00-04:00,6.03000020980835,6.400000095367432,6.010000228881836,6.21999979019165,88800,0.0,0.0
2024-08-12 00:00:00-04:00,6.289999961853027,6.550000190734863,6.070000171661377,6.360000133514404,122500,0.0,0.0
2024-08-13 00:00:00-04:00,6.449999809265137,6.690000057220459,6.25,6.389999866485596,98300,0.0,0.0
2024-08-14 00:00:00-04:00,6.389999866485596,6.40500020980835,5.690000057220459,6.159999847412109,86400,0.0,0.0
2024-08-15 00:00:00-04:00,6.420000076293945,6.829999923706055,6.159999847412109,6.75,111900,0.0,0.0
2024-08-16 00:00:00-04:00,6.739999771118164,6.739999771118164,6.409999847412109,6.650000095367432,80200,0.0,0.0
2024-08-19 00:00:00-04:00,6.650000095367432,6.855000019073486,6.460000038146973,6.519999980926514,55300,0.0,0.0
2024-08-20 00:00:00-04:00,6.559999942779541,6.559999942779541,5.965000152587891,6.190000057220459,66400,0.0,0.0
2024-08-21 00:00:00-04:00,6.289999961853027,6.434999942779541,6.070000171661377,6.179999828338623,83100,0.0,0.0
2024-08-22 00:00:00-04:00,6.119999885559082,6.199999809265137,5.630000114440918,5.96999979019165,121500,0.0,0.0
2024-08-23 00:00:00-04:00,6.070000171661377,6.074999809265137,5.75,6.039999961853027,155200,0.0,0.0
2024-08-26 00:00:00-04:00,6.059999942779541,6.317999839782715,6.039999961853027,6.239999771118164,91400,0.0,0.0
2024-08-27 00:00:00-04:00,6.21999979019165,6.429999828338623,6.034999847412109,6.269999980926514,92800,0.0,0.0
2024-08-28 00:00:00-04:00,6.25,6.440000057220459,5.880000114440918,6.050000190734863,89000,0.0,0.0
2024-08-29 00:00:00-04:00,6.159999847412109,6.360000133514404,6.070000171661377,6.159999847412109,127900,0.0,0.0
2024-08-30 00:00:00-04:00,6.090000152587891,6.224999904632568,5.929999828338623,6.159999847412109,243700,0.0,0.0
2024-09-03 00:00:00-04:00,6.050000190734863,6.170000076293945,5.800000190734863,6.150000095367432,96200,0.0,0.0
2024-09-04 00:00:00-04:00,6.230000019073486,6.239999771118164,5.835000038146973,5.949999809265137,95400,0.0,0.0
2024-09-05 00:00:00-04:00,6.070000171661377,6.139999866485596,5.75,5.809999942779541,106600,0.0,0.0
2024-09-06 00:00:00-04:00,5.75,5.769000053405762,5.480000019073486,5.690000057220459,124200,0.0,0.0
2024-09-09 00:00:00-04:00,5.690000057220459,5.855000019073486,5.675000190734863,5.760000228881836,62400,0.0,0.0
2024-09-10 00:00:00-04:00,5.760000228881836,6.03000020980835,5.599999904632568,5.900000095367432,111100,0.0,0.0
2024-09-11 00:00:00-04:00,5.860000133514404,6.199999809265137,5.690000057220459,6.03000020980835,111000,0.0,0.0
2024-09-12 00:00:00-04:00,5.96999979019165,6.269999980926514,5.909999847412109,6.179999828338623,108800,0.0,0.0
2024-09-13 00:00:00-04:00,6.25,6.679999828338623,6.239999771118164,6.429999828338623,164700,0.0,0.0
2024-09-16 00:00:00-04:00,6.480000019073486,6.590000152587891,6.300000190734863,6.429999828338623,98400,0.0,0.0
2024-09-17 00:00:00-04:00,6.550000190734863,6.889999866485596,6.46999979019165,6.5,89100,0.0,0.0
2024-09-18 00:00:00-04:00,6.480000019073486,6.670000076293945,6.329999923706055,6.510000228881836,62600,0.0,0.0
2024-09-19 00:00:00-04:00,6.769999980926514,6.909999847412109,6.670000076293945,6.900000095367432,102800,0.0,0.0
2024-09-20 00:00:00-04:00,6.760000228881836,6.760000228881836,6.5,6.559999942779541,306400,0.0,0.0
2024-09-23 00:00:00-04:00,6.679999828338623,6.800000190734863,6.565000057220459,6.590000152587891,94100,0.0,0.0
2024-09-24 00:00:00-04:00,6.71999979019165,6.869999885559082,6.425000190734863,6.480000019073486,126100,0.0,0.0
2024-09-25 00:00:00-04:00,6.53000020980835,6.684999942779541,6.389999866485596,6.579999923706055,95000,0.0,0.0
2024-09-26 00:00:00-04:00,6.710000038146973,7.0,6.710000038146973,6.889999866485596,105000,0.0,0.0
2024-09-27 00:00:00-04:00,7.0,7.184999942779541,6.909999847412109,7.03000020980835,270700,0.0,0.0
2024-09-30 00:00:00-04:00,7.0,7.0,6.840000152587891,7.0,92100,0.0,0.0
2024-10-01 00:00:00-04:00,6.920000076293945,7.0,6.420000076293945,6.690000057220459,197400,0.0,0.0
2024-10-02 00:00:00-04:00,6.760000228881836,6.789999961853027,6.570000171661377,6.710000038146973,55700,0.0,0.0
2024-10-03 00:00:00-04:00,6.570000171661377,6.690000057220459,6.445000171661377,6.650000095367432,57100,0.0,0.0
2024-10-04 00:00:00-04:00,6.940000057220459,7.019999980926514,6.75,6.940000057220459,131700,0.0,0.0
2024-10-07 00:00:00-04:00,6.880000114440918,6.940000057220459,6.78000020980835,6.820000171661377,40900,0.0,0.0
2024-10-08 00:00:00-04:00,6.789999961853027,6.800000190734863,6.510000228881836,6.53000020980835,66700,0.0,0.0
2024-10-09 00:00:00-04:00,6.449999809265137,6.5,6.050000190734863,6.369999885559082,140000,0.0,0.0
2024-10-10 00:00:00-04:00,6.239999771118164,6.295000076293945,6.150000095367432,6.170000076293945,116200,0.0,0.0
2024-10-11 00:00:00-04:00,6.019999980926514,6.75,6.019999980926514,6.510000228881836,98600,0.0,0.0
2024-10-14 00:00:00-04:00,6.5,6.539999961853027,6.385000228881836,6.510000228881836,42200,0.0,0.0
2024-10-15 00:00:00-04:00,6.5,6.710000038146973,6.429999828338623,6.579999923706055,43800,0.0,0.0
2024-10-16 00:00:00-04:00,6.710000038146973,6.710000038146973,6.340000152587891,6.449999809265137,114500,0.0,0.0
2024-10-17 00:00:00-04:00,6.539999961853027,6.539999961853027,6.179999828338623,6.289999961853027,57300,0.0,0.0
2024-10-18 00:00:00-04:00,6.199999809265137,6.289999961853027,6.110000133514404,6.269999980926514,68800,0.0,0.0
2024-10-21 00:00:00-04:00,6.300000190734863,6.380000114440918,5.800000190734863,6.210000038146973,117700,0.0,0.0
2024-10-22 00:00:00-04:00,6.199999809265137,6.480000019073486,6.001999855041504,6.380000114440918,90100,0.0,0.0
2024-10-23 00:00:00-04:00,6.21999979019165,6.25,5.869999885559082,6.070000171661377,108000,0.0,0.0
2024-10-24 00:00:00-04:00,6.150000095367432,6.150000095367432,5.860000133514404,6.099999904632568,70100,0.0,0.0
2024-10-25 00:00:00-04:00,6.190000057220459,6.489999771118164,6.090000152587891,6.110000133514404,68000,0.0,0.0
2024-10-28 00:00:00-04:00,6.170000076293945,6.340000152587891,6.110000133514404,6.28000020980835,30200,0.0,0.0
2024-10-29 00:00:00-04:00,6.320000171661377,6.46999979019165,6.25,6.320000171661377,53100,0.0,0.0
2024-10-30 00:00:00-04:00,6.300000190734863,6.599999904632568,6.289999961853027,6.429999828338623,66500,0.0,0.0
2024-10-31 00:00:00-04:00,6.53000020980835,6.53000020980835,6.28000020980835,6.420000076293945,64400,0.0,0.0
2024-11-01 00:00:00-04:00,6.539999961853027,6.585999965667725,6.309999942779541,6.460000038146973,60300,0.0,0.0
2024-11-04 00:00:00-05:00,6.449999809265137,6.559999942779541,6.349999904632568,6.510000228881836,73400,0.0,0.0
2024-11-05 00:00:00-05:00,6.599999904632568,7.0,6.519999980926514,6.730000019073486,100700,0.0,0.0
2024-11-06 00:00:00-05:00,7.170000076293945,7.170000076293945,6.769999980926514,7.03000020980835,221900,0.0,0.0
2024-11-07 00:00:00-05:00,7.059999942779541,7.099999904632568,6.889999866485596,6.980000019073486,73500,0.0,0.0
2024-11-08 00:00:00-05:00,6.960000038146973,7.050000190734863,6.881999969482422,7.03000020980835,84800,0.0,0.0
2024-11-11 00:00:00-05:00,7.059999942779541,7.059999942779541,6.639999866485596,7.019999980926514,69600,0.0,0.0
2024-11-12 00:00:00-05:00,6.929999828338623,6.929999828338623,6.360000133514404,6.78000020980835,98700,0.0,0.0
2024-11-13 00:00:00-05:00,6.820000171661377,7.050000190734863,6.580999851226807,6.940000057220459,148800,0.0,0.0
2024-11-14 00:00:00-05:00,6.909999847412109,6.925000190734863,6.489999771118164,6.730000019073486,92300,0.0,0.0
2024-11-15 00:00:00-05:00,6.809999942779541,6.809999942779541,6.28000020980835,6.369999885559082,104200,0.0,0.0
2024-11-18 00:00:00-05:00,6.389999866485596,6.46999979019165,6.269999980926514,6.420000076293945,68700,0.0,0.0
2024-11-19 00:00:00-05:00,6.420000076293945,6.940000057220459,6.300000190734863,6.940000057220459,102200,0.0,0.0
2024-11-20 00:00:00-05:00,7.0,7.0,6.639999866485596,6.730000019073486,30500,0.0,0.0
2024-11-21 00:00:00-05:00,6.730000019073486,6.988999843597412,6.480000019073486,6.860000133514404,109300,0.0,0.0
2024-11-22 00:00:00-05:00,6.929999828338623,6.929999828338623,6.760000228881836,6.829999923706055,56700,0.0,0.0
2024-11-25 00:00:00-05:00,6.840000152587891,7.099999904632568,6.829999923706055,6.960000038146973,85100,0.0,0.0
2024-11-26 00:00:00-05:00,7.0,7.019999980926514,6.730000019073486,6.739999771118164,56100,0.0,0.0
2024-11-27 00:00:00-05:00,6.849999904632568,7.019999980926514,6.75,6.949999809265137,82300,0.0,0.0
2024-11-29 00:00:00-05:00,6.949999809265137,7.25,6.940000057220459,7.099999904632568,60500,0.0,0.0
