Date,Open,High,Low,Close,Volume,Dividends,Stock Splits,Capital Gains
2020-07-15 00:00:00-04:00,20.30451011657715,20.30451011657715,20.30451011657715,20.30451011657715,0,0.0,0.0,0.0
2020-07-16 00:00:00-04:00,20.280143640995583,20.31685447692871,20.077098544893502,20.31685447692871,300,0.0,0.0,0.0
2020-07-17 00:00:00-04:00,20.250499725341797,20.250499725341797,20.250499725341797,20.250499725341797,103,0.0,0.0,0.0
2020-07-20 00:00:00-04:00,20.250499725341797,20.250499725341797,20.250499725341797,20.250499725341797,0,0.0,0.0,0.0
2020-07-21 00:00:00-04:00,20.810985565185547,20.810985565185547,20.810985565185547,20.810985565185547,0,0.0,0.0,0.0
2020-07-22 00:00:00-04:00,20.57252568956588,20.606311798095703,20.55628171276424,20.606311798095703,1203,0.0,0.0,0.0
2020-07-23 00:00:00-04:00,20.385728795848372,20.53192151890476,20.304510444249136,20.41228675842285,1000,0.0,0.0,0.0
2020-07-24 00:00:00-04:00,20.45882408643455,20.45882408643455,20.27202142280135,20.291433334350586,606,0.0,0.0,0.0
2020-07-27 00:00:00-04:00,20.028367299257695,20.051433563232422,20.028367299257695,20.051433563232422,100,0.0,0.0,0.0
2020-07-28 00:00:00-04:00,20.002540588378906,20.002540588378906,20.002540588378906,20.002540588378906,0,0.0,0.0,0.0
2020-07-29 00:00:00-04:00,20.239536093703997,20.666824340820312,20.239536093703997,20.666824340820312,3005,0.0,0.0,0.0
2020-07-30 00:00:00-04:00,20.377606386247823,20.377606386247823,20.215169686393555,20.336997985839844,17000,0.0,0.0,0.0
2020-07-31 00:00:00-04:00,20.166442071055897,20.167741775512695,20.166442071055897,20.167741775512695,100,0.0,0.0,0.0
2020-08-03 00:00:00-04:00,20.414318084716797,20.414318084716797,20.414318084716797,20.414318084716797,0,0.0,0.0,0.0
2020-08-04 00:00:00-04:00,20.72684796489352,21.139841079711914,20.72684796489352,21.139841079711914,1000,0.0,0.0,0.0
2020-08-05 00:00:00-04:00,21.407615661621094,21.407615661621094,21.407615661621094,21.407615661621094,1,0.0,0.0,0.0
2020-08-06 00:00:00-04:00,21.421419143676758,21.421419143676758,21.421419143676758,21.421419143676758,0,0.0,0.0,0.0
2020-08-07 00:00:00-04:00,21.230394961778742,21.306739807128906,21.230394961778742,21.306739807128906,100,0.0,0.0,0.0
2020-08-10 00:00:00-04:00,21.855772993403317,21.855772993403317,21.823286585091456,21.82523536682129,203,0.0,0.0,0.0
2020-08-11 00:00:00-04:00,21.807042542422423,21.807042542422423,21.744504928588867,21.744504928588867,100,0.0,0.0,0.0
2020-08-12 00:00:00-04:00,22.050697558259852,22.050697558259852,22.01008915788944,22.043712615966797,200,0.0,0.0,0.0
2020-08-13 00:00:00-04:00,21.79193687438965,21.79193687438965,21.79193687438965,21.79193687438965,0,0.0,0.0,0.0
2020-08-14 00:00:00-04:00,21.895570755004883,21.895570755004883,21.895570755004883,21.895570755004883,0,0.0,0.0,0.0
2020-08-17 00:00:00-04:00,22.006921768188477,22.006921768188477,22.006921768188477,22.006921768188477,2,0.0,0.0,0.0
2020-08-18 00:00:00-04:00,21.62024346333483,21.6248722076416,21.62024346333483,21.6248722076416,1001,0.0,0.0,0.0
2020-08-19 00:00:00-04:00,21.620243709775096,21.628364150850288,21.49029341590356,21.490375518798828,500,0.0,0.0,0.0
2020-08-20 00:00:00-04:00,21.458293914794922,21.458293914794922,21.458293914794922,21.458293914794922,0,0.0,0.0,0.0
2020-08-21 00:00:00-04:00,21.311614362897316,21.346376419067383,21.311614362897316,21.346376419067383,1016,0.0,0.0,0.0
2020-08-24 00:00:00-04:00,21.465926120967538,21.465926120967538,21.33597739360253,21.356769561767578,802,0.0,0.0,0.0
2020-08-25 00:00:00-04:00,21.163795471191406,21.163795471191406,21.163795471191406,21.163795471191406,1,0.0,0.0,0.0
2020-08-26 00:00:00-04:00,20.635719299316406,20.635719299316406,20.635719299316406,20.635719299316406,0,0.0,0.0,0.0
2020-08-27 00:00:00-04:00,20.799941650692134,20.8074951171875,20.799941650692134,20.8074951171875,100,0.0,0.0,0.0
2020-08-28 00:00:00-04:00,21.051718967811606,21.072673797607422,21.051718967811606,21.072673797607422,100,0.0,0.0,0.0
2020-08-31 00:00:00-04:00,20.856790595173084,20.856790595173084,20.719125747680664,20.719125747680664,500,0.0,0.0,0.0
2020-09-01 00:00:00-04:00,20.6050187063554,20.6050187063554,20.602825164794922,20.602825164794922,100,0.0,0.0,0.0
2020-09-02 00:00:00-04:00,20.63238525390625,20.63238525390625,20.63238525390625,20.63238525390625,0,0.0,0.0,0.0
2020-09-03 00:00:00-04:00,20.3415470123291,20.3415470123291,20.3415470123291,20.3415470123291,3,0.0,0.0,0.0
2020-09-04 00:00:00-04:00,20.25699806213379,20.25699806213379,20.25699806213379,20.25699806213379,0,0.0,0.0,0.0
2020-09-08 00:00:00-04:00,19.78471390895829,19.856916427612305,19.78471390895829,19.856916427612305,686,0.0,0.0,0.0
2020-09-09 00:00:00-04:00,20.079130172729492,20.079130172729492,20.079130172729492,20.079130172729492,0,0.0,0.0,0.0
2020-09-10 00:00:00-04:00,19.752227189571926,19.752227189571926,19.673770904541016,19.673770904541016,100,0.0,0.0,0.0
2020-09-11 00:00:00-04:00,19.622278260197273,19.622278260197273,19.549181900565923,19.59149742126465,200,0.0,0.0,0.0
2020-09-14 00:00:00-04:00,19.901504516601562,19.901504516601562,19.901504516601562,19.901504516601562,0,0.0,0.0,0.0
2020-09-15 00:00:00-04:00,19.84968914566497,19.84968914566497,19.589791668980514,19.592552185058594,700,0.0,0.0,0.0
2020-09-16 00:00:00-04:00,19.97054100036621,19.97054100036621,19.97054100036621,19.97054100036621,0,0.0,0.0,0.0
2020-09-17 00:00:00-04:00,19.81029510498047,19.81029510498047,19.81029510498047,19.81029510498047,0,0.0,0.0,0.0
2020-09-18 00:00:00-04:00,19.642011642456055,19.642011642456055,19.642011642456055,19.642011642456055,0,0.0,0.0,0.0
2020-09-21 00:00:00-04:00,19.225122451782227,19.225122451782227,19.225122451782227,19.225122451782227,0,0.0,0.0,0.0
2020-09-22 00:00:00-04:00,19.216188039477828,19.216188039477828,19.181264877319336,19.181264877319336,100,0.0,0.0,0.0
2020-09-23 00:00:00-04:00,18.468979615493488,18.468979615493488,18.384838104248047,18.384838104248047,100,0.0,0.0,0.0
2020-09-24 00:00:00-04:00,18.348371505737305,18.348371505737305,18.348371505737305,18.348371505737305,4,0.0,0.0,0.0
2020-09-25 00:00:00-04:00,19.151213755031915,21.067959993245857,18.135988255827275,18.455337524414062,1900,0.0,0.0,0.0
2020-09-28 00:00:00-04:00,18.842260360717773,18.842260360717773,18.842260360717773,18.842260360717773,0,0.0,0.0,0.0
2020-09-29 00:00:00-04:00,18.87101173400879,18.87101173400879,18.87101173400879,18.87101173400879,0,0.0,0.0,0.0
2020-09-30 00:00:00-04:00,18.481651306152344,18.481651306152344,18.481651306152344,18.481651306152344,0,0.0,0.0,0.0
2020-10-01 00:00:00-04:00,18.27405973446632,18.27405973446632,18.247907638549805,18.247907638549805,20000,0.0,0.0,0.0
2020-10-02 00:00:00-04:00,18.49115753173828,18.49115753173828,18.49115753173828,18.49115753173828,0,0.0,0.0,0.0
2020-10-05 00:00:00-04:00,18.96709442138672,18.96709442138672,18.96709442138672,18.96709442138672,0,0.0,0.0,0.0
2020-10-06 00:00:00-04:00,18.964411910817365,18.964411910817365,18.638320922851562,18.638320922851562,214,0.0,0.0,0.0
2020-10-07 00:00:00-04:00,18.6720279376854,18.822280883789062,18.6720279376854,18.822280883789062,223,0.0,0.0,0.0
2020-10-08 00:00:00-04:00,19.752471923828125,19.752471923828125,19.752471923828125,19.752471923828125,0,0.0,0.0,0.0
2020-10-09 00:00:00-04:00,19.775771780548965,19.775771780548965,19.621858596801758,19.621858596801758,203,0.6682,0.0,0.0
2020-10-12 00:00:00-04:00,19.550290508504943,19.717483520507812,19.550290508504943,19.717483520507812,209,0.0,0.0,0.0
2020-10-13 00:00:00-04:00,19.6337991324993,19.634883880615234,19.6337991324993,19.634883880615234,100,0.0,0.0,0.0
2020-10-14 00:00:00-04:00,19.835567474365234,19.835567474365234,19.835567474365234,19.835567474365234,0,0.0,0.0,0.0
2020-10-15 00:00:00-04:00,19.879579544067383,19.879579544067383,19.879579544067383,19.879579544067383,2,0.0,0.0,0.0
2020-10-16 00:00:00-04:00,19.55028544285412,19.56623649597168,19.55028544285412,19.56623649597168,100,0.0,0.0,0.0
2020-10-19 00:00:00-04:00,19.299997329711914,19.299997329711914,19.299997329711914,19.299997329711914,0,0.0,0.0,0.0
2020-10-20 00:00:00-04:00,19.51011848449707,19.51011848449707,19.51011848449707,19.51011848449707,1,0.0,0.0,0.0
2020-10-21 00:00:00-04:00,19.325973510742188,19.325973510742188,19.325973510742188,19.325973510742188,0,0.0,0.0,0.0
2020-10-22 00:00:00-04:00,20.093704223632812,20.093704223632812,20.093704223632812,20.093704223632812,3,0.0,0.0,0.0
2020-10-23 00:00:00-04:00,19.968433380126953,19.968433380126953,19.968433380126953,19.968433380126953,0,0.0,0.0,0.0
2020-10-26 00:00:00-04:00,19.399963925575143,19.431114196777344,19.399963925575143,19.431114196777344,1000,0.0,0.0,0.0
2020-10-27 00:00:00-04:00,19.174481706069383,19.299751811841848,18.37276194922876,19.20722007751465,1703,0.0,0.0,0.0
2020-10-28 00:00:00-04:00,18.815378570534946,18.815378570534946,18.59774398803711,18.59774398803711,1100,0.0,0.0,0.0
2020-10-29 00:00:00-04:00,18.406166740075093,18.858552932739258,18.406166740075093,18.858552932739258,5400,0.0,0.0,0.0
2020-10-30 00:00:00-04:00,18.406166009577785,18.682174682617188,18.39781456378437,18.682174682617188,1500,0.0,0.0,0.0
2020-11-02 00:00:00-05:00,18.823730968825696,18.823730968825696,18.717586517333984,18.717586517333984,1301,0.0,0.0,0.0
2020-11-03 00:00:00-05:00,19.090967428109515,19.14107450682461,18.96569734200881,19.01722526550293,1118,0.0,0.0,0.0
2020-11-04 00:00:00-05:00,18.915592010725543,19.312276936647997,18.723513530510612,19.01981544494629,15812,0.0,0.0,0.0
2020-11-05 00:00:00-05:00,19.291399991321104,19.312862396240234,19.291399991321104,19.312862396240234,103,0.0,0.0,0.0
2020-11-06 00:00:00-05:00,18.625303268432617,18.625303268432617,18.625303268432617,18.625303268432617,0,0.0,0.0,0.0
2020-11-09 00:00:00-05:00,19.516883212805926,20.059797286987305,19.516883212805926,20.059797286987305,2000,0.0,0.0,0.0
2020-11-10 00:00:00-05:00,20.702759027049463,20.702759027049463,20.677704692102708,20.68605613708496,5000,0.0,0.0,0.0
2020-11-11 00:00:00-05:00,20.836381910222244,20.91154333282569,20.56079055830144,20.65566062927246,34300,0.0,0.0,0.0
2020-11-12 00:00:00-05:00,20.485626179563983,20.569137443405356,19.959496297261904,20.226987838745117,5801,0.0,0.0,0.0
2020-11-13 00:00:00-05:00,20.544088243621996,20.64430241466071,20.477278265304346,20.585176467895508,1000,0.0,0.0,0.0
2020-11-16 00:00:00-05:00,21.278998545924352,21.278998545924352,21.133604049682617,21.133604049682617,100,0.0,0.0,0.0
2020-11-17 00:00:00-05:00,21.55984878540039,21.55984878540039,21.55984878540039,21.55984878540039,0,0.0,0.0,0.0
2020-11-18 00:00:00-05:00,21.28400421142578,21.28400421142578,21.28400421142578,21.28400421142578,0,0.0,0.0,0.0
2020-11-19 00:00:00-05:00,21.945011138916016,21.945011138916016,21.945011138916016,21.945011138916016,0,0.0,0.0,0.0
2020-11-20 00:00:00-05:00,21.767879486083984,21.767879486083984,21.767879486083984,21.767879486083984,0,0.0,0.0,0.0
2020-11-23 00:00:00-05:00,22.60684461382705,22.65912437438965,22.60684461382705,22.65912437438965,100,0.0,0.0,0.0
2020-11-24 00:00:00-05:00,23.503938674926758,23.503938674926758,23.503938674926758,23.503938674926758,2,0.0,0.0,0.0
2020-11-25 00:00:00-05:00,23.34409523010254,23.34409523010254,23.34409523010254,23.34409523010254,0,0.0,0.0,0.0
2020-11-27 00:00:00-05:00,22.98573875427246,22.98573875427246,22.98573875427246,22.98573875427246,1,0.0,0.0,0.0
2020-11-30 00:00:00-05:00,22.30236053466797,22.30236053466797,22.30236053466797,22.30236053466797,1,0.0,0.0,0.0
2020-12-01 00:00:00-05:00,22.408586502075195,22.408586502075195,22.408586502075195,22.408586502075195,6,0.0,0.0,0.0
2020-12-02 00:00:00-05:00,22.9659506411058,22.967287063598633,22.9659506411058,22.967287063598633,1000,0.0,0.0,0.0
2020-12-03 00:00:00-05:00,23.483474731445312,23.483474731445312,23.483474731445312,23.483474731445312,4,0.0,0.0,0.0
2020-12-04 00:00:00-05:00,24.330711364746094,24.330711364746094,24.330711364746094,24.330711364746094,3,0.0,0.0,0.0
2020-12-07 00:00:00-05:00,23.960248947143555,23.960248947143555,23.960248947143555,23.960248947143555,3,0.0,0.0,0.0
2020-12-08 00:00:00-05:00,24.107234954833984,24.107234954833984,24.107234954833984,24.107234954833984,3,0.0,0.0,0.0
2020-12-09 00:00:00-05:00,23.88458959339639,23.913734436035156,23.88458959339639,23.913734436035156,1000,0.0,0.0,0.0
2020-12-10 00:00:00-05:00,24.27709856474514,24.5109342833296,24.27709856474514,24.504671096801758,2604,0.0,0.0,0.0
2020-12-11 00:00:00-05:00,24.510935883162922,24.510935883162922,24.46082879479415,24.506593704223633,1402,0.0,0.0,0.0
2020-12-14 00:00:00-05:00,23.842832046143076,23.85953493819381,23.784373516840958,23.834482192993164,2834,0.0,0.0,0.0
2020-12-15 00:00:00-05:00,24.2937998956283,24.318854233004526,24.285448449836224,24.310752868652344,834,0.0,0.0,0.0
2020-12-16 00:00:00-05:00,23.942380905151367,23.942380905151367,23.942380905151367,23.942380905151367,5,0.0,0.0,0.0
2020-12-17 00:00:00-05:00,23.71756402166511,23.77618980407715,23.71756402166511,23.77618980407715,112,0.0,0.0,0.0
2020-12-18 00:00:00-05:00,23.408568624794825,23.502519607543945,23.408568624794825,23.502519607543945,100,0.0,0.0,0.0
2020-12-21 00:00:00-05:00,23.01087760925293,23.01087760925293,23.01087760925293,23.01087760925293,9,0.0,0.0,0.0
2020-12-22 00:00:00-05:00,22.79833984375,22.79833984375,22.79833984375,22.79833984375,1,0.0,0.0,0.0
2020-12-23 00:00:00-05:00,22.959184646606445,22.959184646606445,22.959184646606445,22.959184646606445,6,0.0,0.0,0.0
2020-12-24 00:00:00-05:00,22.795835494995117,22.795835494995117,22.795835494995117,22.795835494995117,19,0.0,0.0,0.0
2020-12-28 00:00:00-05:00,22.447673797607422,22.447673797607422,22.447673797607422,22.447673797607422,1,0.0,0.0,0.0
2020-12-29 00:00:00-05:00,22.366748809814453,22.366748809814453,22.366748809814453,22.366748809814453,7,0.0,0.0,0.0
2020-12-30 00:00:00-05:00,22.31939697265625,22.31939697265625,22.31939697265625,22.31939697265625,1,0.0,0.0,0.0
2020-12-31 00:00:00-05:00,22.439823150634766,22.439823150634766,22.439823150634766,22.439823150634766,61,0.0,0.0,0.0
2021-01-04 00:00:00-05:00,22.321653366088867,22.321653366088867,22.321653366088867,22.321653366088867,45,0.0,0.0,0.0
2021-01-05 00:00:00-05:00,23.236196517944336,23.236196517944336,23.236196517944336,23.236196517944336,13,0.0,0.0,0.0
2021-01-06 00:00:00-05:00,23.886512756347656,23.886512756347656,23.886512756347656,23.886512756347656,2,0.0,0.0,0.0
2021-01-07 00:00:00-05:00,24.226991653442383,24.226991653442383,24.226991653442383,24.226991653442383,13,0.0,0.0,0.0
2021-01-08 00:00:00-05:00,23.77602069460959,23.970521926879883,23.77602069460959,23.970521926879883,224,0.0,0.0,0.0
2021-01-11 00:00:00-05:00,24.20519256591797,24.20519256591797,24.20519256591797,24.20519256591797,1,0.0,0.0,0.0
2021-01-12 00:00:00-05:00,24.608057022094727,24.608057022094727,24.608057022094727,24.608057022094727,10,0.0,0.0,0.0
2021-01-13 00:00:00-05:00,24.785606384277344,24.785606384277344,24.785606384277344,24.785606384277344,13,0.0,0.0,0.0
2021-01-14 00:00:00-05:00,25.237491260657,25.237491260657,25.185213088989258,25.185213088989258,2001,0.0,0.0,0.0
2021-01-15 00:00:00-05:00,24.886491775512695,24.886491775512695,24.886491775512695,24.886491775512695,2,0.0,0.0,0.0
2021-01-19 00:00:00-05:00,24.867780685424805,24.867780685424805,24.867780685424805,24.867780685424805,13,0.0,0.0,0.0
2021-01-20 00:00:00-05:00,24.67803955078125,24.67803955078125,24.67803955078125,24.67803955078125,2,0.0,0.0,0.0
2021-01-21 00:00:00-05:00,24.217388153076172,24.217388153076172,24.217388153076172,24.217388153076172,4,0.0,0.0,0.0
2021-01-22 00:00:00-05:00,23.9455509185791,23.9455509185791,23.9455509185791,23.9455509185791,2,0.0,0.0,0.0
2021-01-25 00:00:00-05:00,23.910478591918945,23.910478591918945,23.910478591918945,23.910478591918945,3,0.0,0.0,0.0
2021-01-26 00:00:00-05:00,23.78211784362793,23.78211784362793,23.78211784362793,23.78211784362793,2,0.0,0.0,0.0
2021-01-27 00:00:00-05:00,23.146507263183594,23.146507263183594,23.146507263183594,23.146507263183594,2,0.0,0.0,0.0
2021-01-28 00:00:00-05:00,23.573673248291016,23.573673248291016,23.573673248291016,23.573673248291016,2,0.0,0.0,0.0
2021-01-29 00:00:00-05:00,23.256990432739258,23.256990432739258,23.256990432739258,23.256990432739258,2,0.0,0.0,0.0
2021-02-01 00:00:00-05:00,23.346097946166992,23.346097946166992,23.346097946166992,23.346097946166992,2,0.0,0.0,0.0
2021-02-02 00:00:00-05:00,23.497089385986328,23.497089385986328,23.497089385986328,23.497089385986328,2,0.0,0.0,0.0
2021-02-03 00:00:00-05:00,23.850099563598633,23.850099563598633,23.850099563598633,23.850099563598633,2,0.0,0.0,0.0
2021-02-04 00:00:00-05:00,23.90312957763672,23.90312957763672,23.90312957763672,23.90312957763672,2,0.0,0.0,0.0
2021-02-05 00:00:00-05:00,24.048856735229492,24.048856735229492,24.048856735229492,24.048856735229492,2,0.0,0.0,0.0
2021-02-08 00:00:00-05:00,24.50299835205078,24.50299835205078,24.50299835205078,24.50299835205078,2,0.0,0.0,0.0
2021-02-09 00:00:00-05:00,24.29872703552246,24.29872703552246,24.29872703552246,24.29872703552246,2,0.0,0.0,0.0
2021-02-10 00:00:00-05:00,24.525964736938477,24.525964736938477,24.525964736938477,24.525964736938477,2,0.0,0.0,0.0
2021-02-11 00:00:00-05:00,24.49540138244629,24.49540138244629,24.49540138244629,24.49540138244629,6,0.0,0.0,0.0
2021-02-12 00:00:00-05:00,24.854753494262695,24.854753494262695,24.854753494262695,24.854753494262695,5,0.0,0.0,0.0
2021-02-16 00:00:00-05:00,25.134187698364258,25.134187698364258,25.134187698364258,25.134187698364258,1,0.0,0.0,0.0
2021-02-17 00:00:00-05:00,25.1202392578125,25.1202392578125,25.1202392578125,25.1202392578125,2,0.0,0.0,0.0
2021-02-18 00:00:00-05:00,24.595949172973633,24.595949172973633,24.595949172973633,24.595949172973633,2,0.0,0.0,0.0
2021-02-19 00:00:00-05:00,24.799135208129883,24.799135208129883,24.799135208129883,24.799135208129883,1,0.0,0.0,0.0
2021-02-22 00:00:00-05:00,25.118488311767578,25.118488311767578,25.118488311767578,25.118488311767578,3,0.0,0.0,0.0
2021-02-23 00:00:00-05:00,25.329105377197266,25.329105377197266,25.329105377197266,25.329105377197266,2,0.0,0.0,0.0
2021-02-24 00:00:00-05:00,25.842039108276367,25.842039108276367,25.842039108276367,25.842039108276367,2,0.0,0.0,0.0
2021-02-25 00:00:00-05:00,25.305723190307617,25.305723190307617,25.305723190307617,25.305723190307617,2,0.0,0.0,0.0
2021-02-26 00:00:00-05:00,24.630353927612305,24.630353927612305,24.630353927612305,24.630353927612305,2,0.0,0.0,0.0
2021-03-01 00:00:00-05:00,25.68010448240765,25.688455927042888,25.545482635498047,25.545482635498047,3901,0.0,0.0,0.0
2021-03-02 00:00:00-05:00,25.702402114868164,25.702402114868164,25.702402114868164,25.702402114868164,2,0.0,0.0,0.0
2021-03-03 00:00:00-05:00,25.89298439025879,25.89298439025879,25.89298439025879,25.89298439025879,1,0.0,0.0,0.0
2021-03-04 00:00:00-05:00,26.273046493530273,26.273046493530273,26.273046493530273,26.273046493530273,2,0.0,0.0,0.0
2021-03-05 00:00:00-05:00,26.6275577545166,26.6275577545166,26.6275577545166,26.6275577545166,8,0.0,0.0,0.0
2021-03-08 00:00:00-05:00,26.712236404418945,26.712236404418945,26.712236404418945,26.712236404418945,2,0.0,0.0,0.0
2021-03-09 00:00:00-05:00,26.331668853759766,26.331668853759766,26.331668853759766,26.331668853759766,2,0.0,0.0,0.0
2021-03-10 00:00:00-05:00,27.177907943725586,27.177907943725586,27.177907943725586,27.177907943725586,7,0.0,0.0,0.0
2021-03-11 00:00:00-05:00,27.21465301513672,27.21465301513672,27.21465301513672,27.21465301513672,7,0.0,0.0,0.0
2021-03-12 00:00:00-05:00,27.350196838378906,27.350196838378906,27.350196838378906,27.350196838378906,2,0.0,0.0,0.0
2021-03-15 00:00:00-04:00,27.35837745666504,27.35837745666504,27.35837745666504,27.35837745666504,2,0.0,0.0,0.0
2021-03-16 00:00:00-04:00,26.91701316833496,26.91701316833496,26.91701316833496,26.91701316833496,2,0.0,0.0,0.0
2021-03-17 00:00:00-04:00,27.05013084411621,27.05013084411621,27.05013084411621,27.05013084411621,2,0.0,0.0,0.0
2021-03-18 00:00:00-04:00,26.16046905517578,26.16046905517578,26.16046905517578,26.16046905517578,7,0.0,0.0,0.0
2021-03-19 00:00:00-04:00,26.51064109802246,26.51064109802246,26.51064109802246,26.51064109802246,2,0.0,0.0,0.0
2021-03-22 00:00:00-04:00,26.502958297729492,26.502958297729492,26.502958297729492,26.502958297729492,2,0.0,0.0,0.0
2021-03-23 00:00:00-04:00,25.80303955078125,25.80303955078125,25.80303955078125,25.80303955078125,2,0.0,0.0,0.0
2021-03-24 00:00:00-04:00,26.140764236450195,26.140764236450195,26.140764236450195,26.140764236450195,2,0.0,0.0,0.0
2021-03-25 00:00:00-04:00,26.308956146240234,26.308956146240234,26.308956146240234,26.308956146240234,90,0.0,0.0,0.0
2021-03-26 00:00:00-04:00,26.93830680847168,26.93830680847168,26.93830680847168,26.93830680847168,1,0.0,0.0,0.0
2021-03-29 00:00:00-04:00,26.725685119628906,26.725685119628906,26.725685119628906,26.725685119628906,2,0.0,0.0,0.0
2021-03-30 00:00:00-04:00,26.424793243408203,26.424793243408203,26.424793243408203,26.424793243408203,14,0.0,0.0,0.0
2021-03-31 00:00:00-04:00,26.60517692565918,26.60517692565918,26.60517692565918,26.60517692565918,2,0.0,0.0,0.0
2021-04-01 00:00:00-04:00,26.928955078125,26.928955078125,26.928955078125,26.928955078125,2,0.0,0.0,0.0
2021-04-05 00:00:00-04:00,26.870832443237305,26.870832443237305,26.870832443237305,26.870832443237305,32,0.0,0.0,0.0
2021-04-06 00:00:00-04:00,26.948413848876953,26.948413848876953,26.948413848876953,26.948413848876953,2,0.0,0.0,0.0
2021-04-07 00:00:00-04:00,27.00920867919922,27.00920867919922,27.00920867919922,27.00920867919922,2,0.0,0.0,0.0
2021-04-08 00:00:00-04:00,27.06708526611328,27.06708526611328,27.06708526611328,27.06708526611328,2,0.0,0.0,0.0
2021-04-09 00:00:00-04:00,26.868911743164062,26.868911743164062,26.868911743164062,26.868911743164062,36,0.0,0.0,0.0
2021-04-12 00:00:00-04:00,26.288915634155273,26.288915634155273,26.288915634155273,26.288915634155273,16,0.0,0.0,0.0
2021-04-13 00:00:00-04:00,26.358314514160156,26.358314514160156,26.358314514160156,26.358314514160156,16,0.0,0.0,0.0
2021-04-14 00:00:00-04:00,26.6227970123291,26.6227970123291,26.6227970123291,26.6227970123291,2,0.0,0.0,0.0
2021-04-15 00:00:00-04:00,26.810537338256836,26.810537338256836,26.810537338256836,26.810537338256836,2,0.0,0.0,0.0
2021-04-16 00:00:00-04:00,26.600666046142578,26.600666046142578,26.600666046142578,26.600666046142578,2,0.0,0.0,0.0
2021-04-19 00:00:00-04:00,26.6851806640625,26.6851806640625,26.6851806640625,26.6851806640625,3,0.0,0.0,0.0
2021-04-20 00:00:00-04:00,26.429218292236328,26.429218292236328,26.429218292236328,26.429218292236328,2,0.0,0.0,0.0
2021-04-21 00:00:00-04:00,26.80385398864746,26.80385398864746,26.80385398864746,26.80385398864746,1,0.0,0.0,0.0
2021-04-22 00:00:00-04:00,26.532772064208984,26.532772064208984,26.532772064208984,26.532772064208984,3,0.0,0.0,0.0
2021-04-23 00:00:00-04:00,26.885278701782227,26.885278701782227,26.885278701782227,26.885278701782227,2,0.0,0.0,0.0
2021-04-26 00:00:00-04:00,27.01998519897461,27.01998519897461,27.01998519897461,27.01998519897461,2,0.0,0.0,0.0
2021-04-27 00:00:00-04:00,27.208389151881825,27.23185539245605,27.11652484110278,27.231855392456055,808,0.0,0.0,0.0
2021-04-28 00:00:00-04:00,27.732595443725586,27.732595443725586,27.732595443725586,27.732595443725586,7,0.0,0.0,0.0
2021-04-29 00:00:00-04:00,28.01253318786621,28.01253318786621,28.01253318786621,28.01253318786621,6,0.0,0.0,0.0
2021-04-30 00:00:00-04:00,27.638145446777344,27.638145446777344,27.638145446777344,27.638145446777344,2,0.0,0.0,0.0
2021-05-03 00:00:00-04:00,27.80817222595215,27.80817222595215,27.80817222595215,27.80817222595215,2,0.0,0.0,0.0
2021-05-04 00:00:00-04:00,27.98322105407715,27.98322105407715,27.98322105407715,27.98322105407715,2,0.0,0.0,0.0
2021-05-05 00:00:00-04:00,28.366121292114258,28.366121292114258,28.366121292114258,28.366121292114258,2,0.0,0.0,0.0
2021-05-06 00:00:00-04:00,28.535320281982422,28.535320281982422,28.535320281982422,28.535320281982422,2,0.0,0.0,0.0
2021-05-07 00:00:00-04:00,28.780759811401367,28.780759811401367,28.780759811401367,28.780759811401367,10,0.0,0.0,0.0
2021-05-10 00:00:00-04:00,29.048336029052734,29.048336029052734,29.048336029052734,29.048336029052734,15,0.0,0.0,0.0
2021-05-11 00:00:00-04:00,28.805644989013672,28.805644989013672,28.805644989013672,28.805644989013672,10,0.0,0.0,0.0
2021-05-12 00:00:00-04:00,28.644136428833008,28.644136428833008,28.644136428833008,28.644136428833008,9,0.0,0.0,0.0
2021-05-13 00:00:00-04:00,28.804397583007812,28.804397583007812,28.804397583007812,28.804397583007812,5,0.0,0.0,0.0
2021-05-14 00:00:00-04:00,29.353071212768555,29.353071212768555,29.353071212768555,29.353071212768555,40,0.0,0.0,0.0
2021-05-17 00:00:00-04:00,29.743743896484375,29.743743896484375,29.743743896484375,29.743743896484375,10,0.0,0.0,0.0
2021-05-18 00:00:00-04:00,29.597097396850586,29.597097396850586,29.597097396850586,29.597097396850586,1,0.0,0.0,0.0
2021-05-19 00:00:00-04:00,29.042068481445312,29.042068481445312,29.042068481445312,29.042068481445312,2,0.0,0.0,0.0
2021-05-20 00:00:00-04:00,29.36284065246582,29.36284065246582,29.36284065246582,29.36284065246582,4,0.0,0.0,0.0
2021-05-21 00:00:00-04:00,29.42464256286621,29.42464256286621,29.42464256286621,29.42464256286621,1,0.0,0.0,0.0
2021-05-24 00:00:00-04:00,29.63885116577148,29.63885116577148,29.63885116577148,29.638851165771484,22,0.0,0.0,0.0
2021-05-25 00:00:00-04:00,29.189723968505863,29.189723968505863,29.189723968505863,29.18972396850586,5,0.0,0.0,0.0
2021-05-26 00:00:00-04:00,29.303884506225586,29.303884506225586,29.303884506225586,29.303884506225586,22,0.0,0.0,0.0
2021-05-27 00:00:00-04:00,29.530035863354755,29.530035863354755,29.3320255279541,29.3320255279541,201,0.0,0.0,0.0
2021-05-28 00:00:00-04:00,29.24517822265625,29.24517822265625,29.24517822265625,29.24517822265625,1,0.0,0.0,0.0
2021-06-01 00:00:00-04:00,29.81397941255044,29.81397941255044,29.762453079223633,29.762453079223633,6805,0.0,0.0,0.0
2021-06-02 00:00:00-04:00,30.055994033813477,30.055994033813477,30.055994033813477,30.055994033813477,1,0.0,0.0,0.0
2021-06-03 00:00:00-04:00,30.088396072387695,30.088396072387695,30.088396072387695,30.088396072387695,22,0.0,0.0,0.0
2021-06-04 00:00:00-04:00,30.337852478027344,30.337852478027344,30.337852478027344,30.337852478027344,6,0.0,0.0,0.0
2021-06-07 00:00:00-04:00,30.647598266601562,30.647598266601562,30.647598266601562,30.647598266601562,7,0.0,0.0,0.0
2021-06-08 00:00:00-04:00,30.726274490356445,30.726274490356445,30.726274490356445,30.726274490356445,12,0.0,0.0,0.0
2021-06-09 00:00:00-04:00,30.832334518432617,30.832334518432617,30.832334518432617,30.832334518432617,1,0.0,0.0,0.0
2021-06-10 00:00:00-04:00,31.152851104736328,31.152851104736328,31.152851104736328,31.152851104736328,1,0.0,0.0,0.0
2021-06-11 00:00:00-04:00,31.34317970275879,31.34317970275879,31.34317970275879,31.34317970275879,14,0.0,0.0,0.0
2021-06-14 00:00:00-04:00,31.382183074951172,31.382183074951172,31.382183074951172,31.382183074951172,1,0.0,0.0,0.0
2021-06-15 00:00:00-04:00,31.534343719482422,31.534343719482422,31.534343719482422,31.534343719482422,2,0.0,0.0,0.0
2021-06-16 00:00:00-04:00,31.562572479248047,31.562572479248047,31.562572479248047,31.562572479248047,75,0.0,0.0,0.0
2021-06-17 00:00:00-04:00,30.651277542114258,30.651277542114258,30.651277542114258,30.651277542114258,5,0.0,0.0,0.0
2021-06-18 00:00:00-04:00,29.972655731525172,29.981008771115974,29.964305877685547,29.964305877685547,900,0.0,0.0,0.0
2021-06-21 00:00:00-04:00,30.575204849243164,30.575204849243164,30.575204849243164,30.575204849243164,82,0.0,0.0,0.0
2021-06-22 00:00:00-04:00,30.331753690922746,30.480655670166016,30.331753690922746,30.480655670166016,274,0.0,0.0,0.0
2021-06-23 00:00:00-04:00,30.374767303466797,30.374767303466797,30.374767303466797,30.374767303466797,1,0.0,0.0,0.0
2021-06-24 00:00:00-04:00,30.40625,30.40625,30.40625,30.40625,3,0.0,0.0,0.0
2021-06-25 00:00:00-04:00,30.364662170410156,30.364662170410156,30.364662170410156,30.364662170410156,1,0.0,0.0,0.0
2021-06-28 00:00:00-04:00,29.788597106933597,29.788597106933597,29.788597106933597,29.788597106933594,27,0.0,0.0,0.0
2021-06-29 00:00:00-04:00,29.841789245605472,29.841789245605472,29.841789245605472,29.84178924560547,2,0.0,0.0,0.0
2021-06-30 00:00:00-04:00,30.187610626220703,30.187610626220703,30.187610626220703,30.187610626220703,2,0.0,0.0,0.0
2021-07-01 00:00:00-04:00,30.46454429626465,30.46454429626465,30.46454429626465,30.46454429626465,1,0.0,0.0,0.0
2021-07-02 00:00:00-04:00,30.348464117844347,30.628816604614258,30.348464117844347,30.628816604614258,500,0.0,0.0,0.0
2021-07-06 00:00:00-04:00,30.288997650146484,30.288997650146484,30.288997650146484,30.288997650146484,52,0.0,0.0,0.0
2021-07-07 00:00:00-04:00,29.90743064880371,29.90743064880371,29.90743064880371,29.90743064880371,1,0.0,0.0,0.0
2021-07-08 00:00:00-04:00,29.766124725341797,29.766124725341797,29.766124725341797,29.766124725341797,1,0.0,0.0,0.0
2021-07-09 00:00:00-04:00,30.416015625,30.416015625,30.416015625,30.416015625,1,0.0,0.0,0.0
2021-07-12 00:00:00-04:00,30.262527465820312,30.262527465820312,30.262527465820312,30.262527465820312,7,0.0,0.0,0.0
2021-07-13 00:00:00-04:00,29.363264083862305,29.363264083862305,29.363264083862305,29.363264083862305,6,0.0,0.0,0.0
2021-07-14 00:00:00-04:00,28.926158905029297,28.926158905029297,28.926158905029297,28.926158905029297,17,0.0,0.0,0.0
2021-07-15 00:00:00-04:00,28.61791229248047,28.61791229248047,28.61791229248047,28.61791229248047,25,0.0,0.0,0.0
2021-07-16 00:00:00-04:00,28.28753662109375,28.28753662109375,28.28753662109375,28.28753662109375,2,0.0,0.0,0.0
2021-07-19 00:00:00-04:00,27.32305335998535,27.32305335998535,27.32305335998535,27.32305335998535,3,0.0,0.0,0.0
2021-07-20 00:00:00-04:00,28.062217712402344,28.062217712402344,28.062217712402344,28.062217712402344,1,0.0,0.0,0.0
2021-07-21 00:00:00-04:00,28.332128524780273,28.332128524780273,28.332128524780273,28.332128524780273,1,0.0,0.0,0.0
2021-07-22 00:00:00-04:00,28.25688934326172,28.25688934326172,28.25688934326172,28.25688934326172,21,0.0,0.0,0.0
2021-07-23 00:00:00-04:00,28.17253875732422,28.17253875732422,28.17253875732422,28.17253875732422,7,0.0,0.0,0.0
2021-07-26 00:00:00-04:00,28.691152572631836,28.691152572631836,28.691152572631836,28.691152572631836,2,0.0,0.0,0.0
2021-07-27 00:00:00-04:00,28.34516143798828,28.34516143798828,28.34516143798828,28.34516143798828,58,0.0,0.0,0.0
2021-07-28 00:00:00-04:00,28.59987449645996,28.59987449645996,28.59987449645996,28.59987449645996,6,0.0,0.0,0.0
2021-07-29 00:00:00-04:00,28.769323348999023,28.769323348999023,28.769323348999023,28.769323348999023,2,0.0,0.0,0.0
2021-07-30 00:00:00-04:00,28.40938377380371,28.40938377380371,28.40938377380371,28.40938377380371,2,0.0,0.0,0.0
2021-08-02 00:00:00-04:00,28.130035400390625,28.130035400390625,28.130035400390625,28.130035400390625,3,0.0,0.0,0.0
2021-08-03 00:00:00-04:00,28.252298529127085,28.286287307739258,28.252298529127085,28.286287307739258,203,0.0,0.0,0.0
2021-08-04 00:00:00-04:00,27.922252655029297,27.922252655029297,27.922252655029297,27.922252655029297,2,0.0,0.0,0.0
2021-08-05 00:00:00-04:00,27.890771865844727,27.890771865844727,27.890771865844727,27.890771865844727,3,0.0,0.0,0.0
2021-08-06 00:00:00-04:00,27.945636749267578,27.945636749267578,27.945636749267578,27.945636749267578,3,0.0,0.0,0.0
2021-08-09 00:00:00-04:00,27.754642486572266,27.754642486572266,27.754642486572266,27.754642486572266,2,0.0,0.0,0.0
2021-08-10 00:00:00-04:00,28.20720100402832,28.20720100402832,28.20720100402832,28.20720100402832,4,0.0,0.0,0.0
2021-08-11 00:00:00-04:00,28.379146575927734,28.379146575927734,28.379146575927734,28.379146575927734,2,0.0,0.0,0.0
2021-08-12 00:00:00-04:00,28.505924224853516,28.505924224853516,28.505924224853516,28.505924224853516,3,0.0,0.0,0.0
2021-08-13 00:00:00-04:00,28.27191734313965,28.27191734313965,28.27191734313965,28.27191734313965,2,0.0,0.0,0.0
2021-08-16 00:00:00-04:00,28.11541748046875,28.11541748046875,28.11541748046875,28.11541748046875,22,0.0,0.0,0.0
2021-08-17 00:00:00-04:00,27.877243041992188,27.877243041992188,27.877243041992188,27.877243041992188,2,0.0,0.0,0.0
2021-08-18 00:00:00-04:00,27.3990478515625,27.3990478515625,27.3990478515625,27.3990478515625,2,0.0,0.0,0.0
2021-08-19 00:00:00-04:00,26.868911743164062,26.868911743164062,26.868911743164062,26.868911743164062,6,0.0,0.0,0.0
2021-08-20 00:00:00-04:00,27.07101058959961,27.07101058959961,27.07101058959961,27.07101058959961,12,0.0,0.0,0.0
2021-08-23 00:00:00-04:00,27.547534942626953,27.547534942626953,27.547534942626953,27.547534942626953,6,0.0,0.0,0.0
2021-08-24 00:00:00-04:00,27.7562313079834,27.7562313079834,27.7562313079834,27.7562313079834,4,0.0,0.0,0.0
2021-08-25 00:00:00-04:00,27.972444534301758,27.972444534301758,27.972444534301758,27.972444534301758,14,0.0,0.0,0.0
2021-08-26 00:00:00-04:00,27.536592483520508,27.536592483520508,27.536592483520508,27.536592483520508,3,0.0,0.0,0.0
2021-08-27 00:00:00-04:00,28.11658477783203,28.11658477783203,28.11658477783203,28.11658477783203,9,0.0,0.0,0.0
2021-08-30 00:00:00-04:00,27.964426040649414,27.964426040649414,27.964426040649414,27.964426040649414,4,0.0,0.0,0.0
2021-08-31 00:00:00-04:00,27.850435256958008,27.850435256958008,27.850435256958008,27.850435256958008,3,0.0,0.0,0.0
2021-09-01 00:00:00-04:00,28.05545425415039,28.05545425415039,28.05545425415039,28.05545425415039,58,0.0,0.0,0.0
2021-09-02 00:00:00-04:00,28.504081726074222,28.504081726074222,28.504081726074222,28.50408172607422,2,0.0,0.0,0.0
2021-09-03 00:00:00-04:00,28.506343841552734,28.506343841552734,28.506343841552734,28.506343841552734,2,0.0,0.0,0.0
2021-09-07 00:00:00-04:00,28.283191680908203,28.283191680908203,28.283191680908203,28.283191680908203,2,0.0,0.0,0.0
2021-09-08 00:00:00-04:00,28.213043212890625,28.213043212890625,28.213043212890625,28.213043212890625,3,0.0,0.0,0.0
2021-09-09 00:00:00-04:00,28.096712112426758,28.096712112426758,28.096712112426758,28.096712112426758,3,0.0,0.0,0.0
2021-09-10 00:00:00-04:00,27.887765884399414,27.887765884399414,27.887765884399414,27.887765884399414,4,0.0,0.0,0.0
2021-09-13 00:00:00-04:00,28.348587036132812,28.348587036132812,28.348587036132812,28.348587036132812,2,0.0,0.0,0.0
2021-09-14 00:00:00-04:00,28.112497329711914,28.112497329711914,28.112497329711914,28.112497329711914,4,0.0,0.0,0.0
2021-09-15 00:00:00-04:00,28.520370483398438,28.520370483398438,28.520370483398438,28.520370483398438,2,0.0,0.0,0.0
2021-09-16 00:00:00-04:00,28.42274284362793,28.42274284362793,28.42274284362793,28.42274284362793,3,0.0,0.0,0.0
2021-09-17 00:00:00-04:00,28.127609252929688,28.127609252929688,28.127609252929688,28.127609252929688,2,0.0,0.0,0.0
2021-09-20 00:00:00-04:00,27.419841766357422,27.419841766357422,27.419841766357422,27.419841766357422,2,0.0,0.0,0.0
2021-09-21 00:00:00-04:00,27.51888656616211,27.51888656616211,27.51888656616211,27.51888656616211,4,0.0,0.0,0.0
2021-09-22 00:00:00-04:00,27.965343475341797,27.965343475341797,27.965343475341797,27.965343475341797,3,0.0,0.0,0.0
2021-09-23 00:00:00-04:00,28.547180175781246,28.547180175781246,28.547180175781246,28.54718017578125,2,0.0,0.0,0.0
2021-09-24 00:00:00-04:00,28.472774505615234,28.472774505615234,28.472774505615234,28.472774505615234,2,0.0,0.0,0.0
2021-09-27 00:00:00-04:00,29.067462921142578,29.067462921142578,29.067462921142578,29.067462921142578,5,0.0,0.0,0.0
2021-09-28 00:00:00-04:00,28.76639747619629,28.76639747619629,28.76639747619629,28.76639747619629,3,0.0,0.0,0.0
2021-09-29 00:00:00-04:00,28.78952980041504,28.78952980041504,28.78952980041504,28.78952980041504,4,0.0,0.0,0.0
2021-09-30 00:00:00-04:00,28.597118377685547,28.597118377685547,28.597118377685547,28.597118377685547,4,0.0,0.0,0.0
2021-10-01 00:00:00-04:00,28.96515464782715,28.96515464782715,28.96515464782715,28.96515464782715,4,0.0,0.0,0.0
2021-10-04 00:00:00-04:00,29.445188522338867,29.445188522338867,29.445188522338867,29.445188522338867,7,0.0,0.0,0.0
2021-10-05 00:00:00-04:00,29.37578773498535,29.37578773498535,29.37578773498535,29.37578773498535,2,0.0,0.0,0.0
2021-10-06 00:00:00-04:00,29.037317711916742,29.117990493774414,29.037317711916742,29.117990493774414,104,0.0,0.0,0.0
2021-10-07 00:00:00-04:00,29.47692108154297,29.47692108154297,29.47692108154297,29.47692108154297,2,0.0,0.0,0.0
2021-10-08 00:00:00-04:00,29.95311737060547,29.95311737060547,29.95311737060547,29.95311737060547,2,0.0,0.0,0.0
2021-10-11 00:00:00-04:00,30.11554527282715,30.11554527282715,30.11554527282715,30.11554527282715,16,0.0,0.0,0.0
2021-10-12 00:00:00-04:00,29.972654126843846,29.98935701938003,29.646955686765736,29.934240341186523,7601,0.0,0.0,0.0
2021-10-13 00:00:00-04:00,30.09675407409668,30.09675407409668,30.09675407409668,30.09675407409668,36,0.0,0.0,0.0
2021-10-14 00:00:00-04:00,30.565590792848273,30.595989227294922,30.565590792848273,30.595989227294922,1028,0.0,0.0,0.0
2021-10-15 00:00:00-04:00,29.070720439123807,30.824482753267297,27.617600635539837,30.789155960083008,4159,0.0,0.0,0.0
2021-10-18 00:00:00-04:00,30.775541305541992,30.775541305541992,30.775541305541992,30.775541305541992,2,0.0,0.0,0.0
2021-10-19 00:00:00-04:00,30.883859634399414,30.883859634399414,30.883859634399414,30.883859634399414,12,0.0,0.0,0.0
2021-10-20 00:00:00-04:00,31.203880310058594,31.203880310058594,31.203880310058594,31.203880310058594,2,0.0,0.0,0.0
2021-10-21 00:00:00-04:00,30.620628356933597,30.620628356933597,30.620628356933597,30.620628356933594,6,0.0,0.0,0.0
2021-10-22 00:00:00-04:00,30.701549530029297,30.701549530029297,30.701549530029297,30.701549530029297,11,0.0,0.0,0.0
2021-10-25 00:00:00-04:00,30.81354331970215,30.81354331970215,30.81354331970215,30.81354331970215,17,0.0,0.0,0.0
2021-10-26 00:00:00-04:00,30.521915435791016,30.521915435791016,30.521915435791016,30.521915435791016,101,0.0,0.0,0.0
2021-10-27 00:00:00-04:00,30.310972213745117,30.310972213745117,30.310972213745117,30.310972213745117,4,0.0,0.0,0.0
2021-10-28 00:00:00-04:00,30.208162307739258,30.208162307739258,30.208162307739258,30.208162307739258,4,0.0,0.0,0.0
2021-10-29 00:00:00-04:00,29.818994522094727,29.818994522094727,29.818994522094727,29.818994522094727,2,0.0,0.0,0.0
2021-11-01 00:00:00-04:00,30.28557586669922,30.28557586669922,30.28557586669922,30.28557586669922,5,0.0,0.0,0.0
2021-11-02 00:00:00-04:00,30.166568756103516,30.166568756103516,30.166568756103516,30.166568756103516,29,0.0,0.0,0.0
2021-11-03 00:00:00-04:00,30.020841598510742,30.020841598510742,30.020841598510742,30.020841598510742,3,0.0,0.0,0.0
2021-11-04 00:00:00-04:00,29.840118408203125,29.840118408203125,29.840118408203125,29.840118408203125,2,0.0,0.0,0.0
2021-11-05 00:00:00-04:00,29.995952606201172,29.995952606201172,29.995952606201172,29.995952606201172,15,0.0,0.0,0.0
2021-11-08 00:00:00-05:00,30.073530197143555,30.073530197143555,30.073530197143555,30.073530197143555,4,0.0,0.0,0.0
2021-11-09 00:00:00-05:00,30.09232521057129,30.09232521057129,30.09232521057129,30.09232521057129,2,0.0,0.0,0.0
2021-11-10 00:00:00-05:00,30.014405517735323,30.014405517735323,29.758440017700195,29.758440017700195,1002,0.0,0.0,0.0
2021-11-11 00:00:00-05:00,29.920795440673828,29.920795440673828,29.920795440673828,29.920795440673828,2,0.0,0.0,0.0
2021-11-12 00:00:00-05:00,29.857988357543945,29.857988357543945,29.857988357543945,29.857988357543945,2,0.0,0.0,0.0
2021-11-15 00:00:00-05:00,29.705416365972315,29.858577728271484,29.705416365972315,29.858577728271484,204,0.0,0.0,0.0
2021-11-16 00:00:00-05:00,29.690216064453125,29.690216064453125,29.690216064453125,29.690216064453125,2,0.0,0.0,0.0
2021-11-17 00:00:00-05:00,29.324682235717773,29.324682235717773,29.324682235717773,29.324682235717773,51,0.0,0.0,0.0
2021-11-18 00:00:00-05:00,29.160829544067383,29.160829544067383,29.160829544067383,29.160829544067383,2,0.0,0.0,0.0
2021-11-19 00:00:00-05:00,28.59086036682129,28.59086036682129,28.59086036682129,28.59086036682129,10,0.0,0.0,0.0
2021-11-22 00:00:00-05:00,28.69599723815918,28.69599723815918,28.69599723815918,28.69599723815918,50,0.0,0.0,0.0
2021-11-23 00:00:00-05:00,29.064289093017578,29.064289093017578,29.064289093017578,29.064289093017578,2,0.0,0.0,0.0
2021-11-24 00:00:00-05:00,29.40301513671875,29.40301513671875,29.40301513671875,29.40301513671875,2,0.0,0.0,0.0
2021-11-26 00:00:00-05:00,28.84172821044922,28.84172821044922,28.84172821044922,28.84172821044922,4,0.0,0.0,0.0
2021-11-29 00:00:00-05:00,28.466840744018555,28.466840744018555,28.466840744018555,28.466840744018555,2,0.0,0.0,0.0
2021-11-30 00:00:00-05:00,27.69359016418457,27.69359016418457,27.69359016418457,27.69359016418457,7,0.0,0.0,0.0
2021-12-01 00:00:00-05:00,27.31645393371582,27.31645393371582,27.31645393371582,27.31645393371582,8,0.0,0.0,0.0
2021-12-02 00:00:00-05:00,27.77886199951172,27.77886199951172,27.77886199951172,27.77886199951172,2,0.0,0.0,0.0
2021-12-03 00:00:00-05:00,27.583946228027344,27.583946228027344,27.583946228027344,27.583946228027344,2,0.0,0.0,0.0
2021-12-06 00:00:00-05:00,27.702112197875977,27.702112197875977,27.702112197875977,27.702112197875977,2,0.0,0.0,0.0
2021-12-07 00:00:00-05:00,28.157424926757812,28.157424926757812,28.157424926757812,28.157424926757812,3,0.0,0.0,0.0
2021-12-08 00:00:00-05:00,28.18097496032715,28.18097496032715,28.18097496032715,28.18097496032715,5,0.0,0.0,0.0
2021-12-09 00:00:00-05:00,27.77460289001465,27.77460289001465,27.77460289001465,27.77460289001465,2,0.0,0.0,0.0
2021-12-10 00:00:00-05:00,27.828886032104492,27.828886032104492,27.828886032104492,27.828886032104492,2,0.0,0.0,0.0
2021-12-13 00:00:00-05:00,27.361045837402344,27.361045837402344,27.361045837402344,27.361045837402344,4,0.0,0.0,0.0
2021-12-14 00:00:00-05:00,27.138906478881836,27.138906478881836,27.138906478881836,27.138906478881836,2,0.0,0.0,0.0
2021-12-15 00:00:00-05:00,27.300251007080078,27.300251007080078,27.300251007080078,27.300251007080078,4,0.0,0.0,0.0
2021-12-16 00:00:00-05:00,27.457504272460938,27.457504272460938,27.457504272460938,27.457504272460938,19,0.0,0.0,0.0
2021-12-17 00:00:00-05:00,27.2999210357666,27.2999210357666,27.2999210357666,27.2999210357666,2,0.0,0.0,0.0
2021-12-20 00:00:00-05:00,26.869159698486328,26.869159698486328,26.869159698486328,26.869159698486328,8,0.0,0.0,0.0
2021-12-21 00:00:00-05:00,27.290897369384766,27.290897369384766,27.290897369384766,27.290897369384766,4,0.0,0.0,0.0
2021-12-22 00:00:00-05:00,27.428442001342773,27.428442001342773,27.428442001342773,27.428442001342773,10,0.0,0.0,0.0
2021-12-23 00:00:00-05:00,27.610332489013672,27.610332489013672,27.610332489013672,27.610332489013672,2,0.0,0.0,0.0
2021-12-27 00:00:00-05:00,28.000089645385742,28.000089645385742,28.000089645385742,28.000089645385742,2,0.0,0.0,0.0
2021-12-28 00:00:00-05:00,27.85978201319988,27.882247924804688,27.85978201319988,27.882247924804688,2923,0.0,0.0,0.0
2021-12-29 00:00:00-05:00,27.90989149825493,27.90989149825493,27.882165908813477,27.882165908813477,102,0.0,0.0,0.0
2021-12-30 00:00:00-05:00,28.051867147702584,28.051867147702584,27.86404800415039,27.86404800415039,774,0.0,0.0,0.0
2021-12-31 00:00:00-05:00,28.139719009399414,28.139719009399414,28.139719009399414,28.139719009399414,2,0.0,0.0,0.0
2022-01-03 00:00:00-05:00,28.38591425418233,28.60763931274414,28.38591425418233,28.60763931274414,5370,0.0,0.0,0.0
2022-01-04 00:00:00-05:00,29.109970092773438,29.109970092773438,29.109970092773438,29.109970092773438,2,0.0,0.0,0.0
2022-01-05 00:00:00-05:00,28.969667434692383,28.969667434692383,28.969667434692383,28.969667434692383,53,0.0,0.0,0.0
2022-01-06 00:00:00-05:00,29.486610412597656,29.486610412597656,29.486610412597656,29.486610412597656,14,0.0,0.0,0.0
2022-01-07 00:00:00-05:00,29.88145637512207,29.88145637512207,29.88145637512207,29.88145637512207,102,0.0,0.0,0.0
2022-01-10 00:00:00-05:00,29.855733092881177,29.869428634643555,29.855733092881177,29.869428634643555,217,0.0,0.0,0.0
2022-01-11 00:00:00-05:00,29.984342575073242,29.984342575073242,29.984342575073242,29.984342575073242,19,0.0,0.0,0.0
2022-01-12 00:00:00-05:00,30.344617843627926,30.344617843627926,30.344617843627926,30.34461784362793,50,0.0,0.0,0.0
2022-01-13 00:00:00-05:00,30.05074119567871,30.05074119567871,30.05074119567871,30.05074119567871,2,0.0,0.0,0.0
2022-01-14 00:00:00-05:00,30.31881141662598,30.31881141662598,30.31881141662598,30.318811416625977,2,0.0,0.0,0.0
2022-01-18 00:00:00-05:00,30.31822395324707,30.31822395324707,30.31822395324707,30.31822395324707,2,0.0,0.0,0.0
2022-01-19 00:00:00-05:00,30.16206169128418,30.16206169128418,30.16206169128418,30.16206169128418,45,0.0,0.0,0.0
2022-01-20 00:00:00-05:00,29.92881202697754,29.92881202697754,29.92881202697754,29.92881202697754,1,0.0,0.0,0.0
2022-01-21 00:00:00-05:00,29.475088119506836,29.475088119506836,29.475088119506836,29.475088119506836,10,0.0,0.0,0.0
2022-01-24 00:00:00-05:00,29.268222808837887,29.268222808837887,29.268222808837887,29.26822280883789,30,0.0,0.0,0.0
2022-01-25 00:00:00-05:00,29.78675651550293,29.78675651550293,29.78675651550293,29.78675651550293,2,0.0,0.0,0.0
2022-01-26 00:00:00-05:00,30.033447265625,30.033447265625,30.033447265625,30.033447265625,2,0.0,0.0,0.0
2022-01-27 00:00:00-05:00,30.027269363403317,30.027269363403317,30.027269363403317,30.02726936340332,5,0.0,0.0,0.0
2022-01-28 00:00:00-05:00,30.099090576171875,30.099090576171875,30.099090576171875,30.099090576171875,2,0.0,0.0,0.0
2022-01-31 00:00:00-05:00,30.47147750854492,30.47147750854492,30.47147750854492,30.471477508544922,12,0.0,0.0,0.0
2022-02-01 00:00:00-05:00,30.953258514404297,30.953258514404297,30.953258514404297,30.953258514404297,2,0.0,0.0,0.0
2022-02-02 00:00:00-05:00,31.23695182800293,31.23695182800293,31.23695182800293,31.23695182800293,2,0.0,0.0,0.0
2022-02-03 00:00:00-05:00,31.108422481018685,31.108422481018685,31.075016699009232,31.107587814331055,5903,0.0,0.0,0.0
2022-02-04 00:00:00-05:00,31.247386932373047,31.247386932373047,31.247386932373047,31.247386932373047,116,0.0,0.0,0.0
2022-02-07 00:00:00-05:00,31.367319254099453,31.400721857536723,31.281635284423828,31.281635284423828,1348,0.0,0.0,0.0
2022-02-08 00:00:00-05:00,31.367320021094507,31.367320021094507,31.04161834716797,31.04161834716797,930,0.0,0.0,0.0
2022-02-09 00:00:00-05:00,31.228514284520713,31.241878509521484,31.216991423536737,31.241878509521484,715,0.0,0.0,0.0
2022-02-10 00:00:00-05:00,30.97956085205078,30.97956085205078,30.97956085205078,30.97956085205078,3,0.0,0.0,0.0
2022-02-11 00:00:00-05:00,31.233691422671992,31.73860740661621,31.233691422671992,31.73860740661621,265,0.0,0.0,0.0
2022-02-14 00:00:00-05:00,31.267097746095725,31.292153677544988,31.173646926879883,31.173646926879883,800,0.0,0.0,0.0
2022-02-15 00:00:00-05:00,31.07126235961914,31.07126235961914,31.07126235961914,31.07126235961914,70,0.0,0.0,0.0
2022-02-16 00:00:00-05:00,31.048795700073246,31.048795700073246,31.048795700073246,31.048795700073242,85,0.0,0.0,0.0
2022-02-17 00:00:00-05:00,30.99150770585867,30.99150770585867,30.852624893188477,30.852624893188477,184,0.0,0.0,0.0
2022-02-18 00:00:00-05:00,30.61745834350586,30.61745834350586,30.61745834350586,30.61745834350586,1,0.0,0.0,0.0
2022-02-22 00:00:00-05:00,30.15186500549316,30.15186500549316,30.15186500549316,30.151865005493164,15,0.0,0.0,0.0
2022-02-23 00:00:00-05:00,30.473736041548552,30.473736041548552,30.35631561279297,30.35631561279297,200,0.0,0.0,0.0
2022-02-24 00:00:00-05:00,30.312713623046875,30.312713623046875,30.312713623046875,30.312713623046875,64,0.0,0.0,0.0
2022-02-25 00:00:00-05:00,30.953594207763672,30.953594207763672,30.953594207763672,30.953594207763672,200,0.0,0.0,0.0
2022-02-28 00:00:00-05:00,31.75848960876465,31.75848960876465,31.75848960876465,31.75848960876465,1,0.0,0.0,0.0
2022-03-01 00:00:00-05:00,31.877744674682617,31.877744674682617,31.877744674682617,31.877744674682617,1,0.0,0.0,0.0
2022-03-02 00:00:00-05:00,32.62835689787427,32.62835689787427,32.59904479980469,32.59904479980469,110,0.0,0.0,0.0
2022-03-03 00:00:00-05:00,32.603050231933594,32.603050231933594,32.603050231933594,32.603050231933594,1,0.0,0.0,0.0
2022-03-04 00:00:00-05:00,33.044921875,33.044921875,33.044921875,33.044921875,1,0.0,0.0,0.0
2022-03-07 00:00:00-05:00,32.87530517578125,32.87530517578125,32.87530517578125,32.87530517578125,1,0.0,0.0,0.0
2022-03-08 00:00:00-05:00,32.874298095703125,32.874298095703125,32.874298095703125,32.874298095703125,6,0.0,0.0,0.0
2022-03-09 00:00:00-05:00,32.564300537109375,32.564300537109375,32.564300537109375,32.564300537109375,61,0.0,0.0,0.0
2022-03-10 00:00:00-05:00,32.98863220214844,32.98863220214844,32.98863220214844,32.98863220214844,62,0.0,0.0,0.0
2022-03-11 00:00:00-05:00,32.62000971200639,32.62000971200639,32.33681869506836,32.33681869506836,303,0.0,0.0,0.0
2022-03-14 00:00:00-04:00,31.37507820129394,31.37507820129394,31.37507820129394,31.375078201293945,70,0.0,0.0,0.0
2022-03-15 00:00:00-04:00,31.145416259765625,31.145416259765625,31.145416259765625,31.145416259765625,1,0.0,0.0,0.0
2022-03-16 00:00:00-04:00,31.259172439575195,31.259172439575195,31.259172439575195,31.259172439575195,5,0.0,0.0,0.0
2022-03-17 00:00:00-04:00,31.6412353515625,31.6412353515625,31.6412353515625,31.6412353515625,1,0.0,0.0,0.0
2022-03-18 00:00:00-04:00,31.64482307434082,31.64482307434082,31.64482307434082,31.64482307434082,5,0.0,0.0,0.0
2022-03-21 00:00:00-04:00,32.28871154785156,32.28871154785156,32.28871154785156,32.28871154785156,1,0.0,0.0,0.0
2022-03-22 00:00:00-04:00,32.41156005859375,32.41156005859375,32.41156005859375,32.41156005859375,1,0.0,0.0,0.0
2022-03-23 00:00:00-04:00,32.64472579956055,32.64472579956055,32.64472579956055,32.64472579956055,1,0.0,0.0,0.0
2022-03-24 00:00:00-04:00,32.98712158203125,32.98712158203125,32.98712158203125,32.98712158203125,18,0.0,0.0,0.0
2022-03-25 00:00:00-04:00,33.7515983581543,33.7515983581543,33.7515983581543,33.7515983581543,32,0.0,0.0,0.0
2022-03-28 00:00:00-04:00,33.436588287353516,33.436588287353516,33.436588287353516,33.436588287353516,8,0.0,0.0,0.0
2022-03-29 00:00:00-04:00,33.321510979167705,33.68144989013672,33.321510979167705,33.68144989013672,1005,0.0,0.0,0.0
2022-03-30 00:00:00-04:00,33.92605209350586,33.92605209350586,33.92605209350586,33.92605209350586,13,0.0,0.0,0.0
2022-03-31 00:00:00-04:00,33.65797424316406,33.65797424316406,33.65797424316406,33.65797424316406,8,0.0,0.0,0.0
2022-04-01 00:00:00-04:00,33.93389892578125,33.93389892578125,33.93389892578125,33.93389892578125,3,0.0,0.0,0.0
2022-04-04 00:00:00-04:00,34.069698333740234,34.069698333740234,34.069698333740234,34.069698333740234,2,0.0,0.0,0.0
2022-04-05 00:00:00-04:00,33.76053237915039,33.76053237915039,33.76053237915039,33.76053237915039,3,0.0,0.0,0.0
2022-04-06 00:00:00-04:00,33.813812255859375,33.813812255859375,33.813812255859375,33.813812255859375,3,0.0,0.0,0.0
2022-04-07 00:00:00-04:00,33.89490509033203,33.89490509033203,33.89490509033203,33.89490509033203,14,0.0,0.0,0.0
2022-04-08 00:00:00-04:00,34.260353088378906,34.260353088378906,34.260353088378906,34.260353088378906,3,0.0,0.0,0.0
2022-04-11 00:00:00-04:00,33.969399940936995,33.969399940936995,33.857269287109375,33.857269287109375,347,0.6009,0.0,0.0
2022-04-12 00:00:00-04:00,34.24577331542969,34.24577331542969,34.24577331542969,34.24577331542969,8,0.0,0.0,0.0
2022-04-13 00:00:00-04:00,34.55758285522461,34.55758285522461,34.55758285522461,34.55758285522461,1,0.0,0.0,0.0
2022-04-14 00:00:00-04:00,34.576316833496094,34.576316833496094,34.576316833496094,34.576316833496094,1,0.0,0.0,0.0
2022-04-18 00:00:00-04:00,34.62581253051758,34.62581253051758,34.62581253051758,34.62581253051758,44,0.0,0.0,0.0
2022-04-19 00:00:00-04:00,34.82633972167969,34.82633972167969,34.82633972167969,34.82633972167969,42,0.0,0.0,0.0
2022-04-20 00:00:00-04:00,35.264774322509766,35.264774322509766,35.264774322509766,35.264774322509766,1,0.0,0.0,0.0
2022-04-21 00:00:00-04:00,34.89855194091797,34.89855194091797,34.89855194091797,34.89855194091797,102,0.0,0.0,0.0
2022-04-22 00:00:00-04:00,33.932777404785156,33.932777404785156,33.932777404785156,33.932777404785156,11,0.0,0.0,0.0
2022-04-25 00:00:00-04:00,33.932777404785156,33.932777404785156,33.932777404785156,33.932777404785156,0,0.0,0.0,0.0
2022-04-26 00:00:00-04:00,32.955989837646484,32.955989837646484,32.955989837646484,32.955989837646484,25,0.0,0.0,0.0
2022-04-27 00:00:00-04:00,32.99751663208008,32.99751663208008,32.99751663208008,32.99751663208008,3,0.0,0.0,0.0
2022-04-28 00:00:00-04:00,33.54562934145928,33.684879302978516,33.54562934145928,33.684879302978516,100,0.0,0.0,0.0
2022-04-29 00:00:00-04:00,32.78104782104492,32.78104782104492,32.78104782104492,32.78104782104492,1,0.0,0.0,0.0
2022-05-02 00:00:00-04:00,32.77927017211914,32.77927017211914,32.77927017211914,32.77927017211914,31,0.0,0.0,0.0
2022-05-03 00:00:00-04:00,33.52401351928711,33.52401351928711,33.52401351928711,33.52401351928711,25,0.0,0.0,0.0
2022-05-04 00:00:00-04:00,34.693023681640625,34.693023681640625,34.693023681640625,34.693023681640625,2,0.0,0.0,0.0
2022-05-05 00:00:00-04:00,33.89455795288086,33.89455795288086,33.89455795288086,33.89455795288086,14,0.0,0.0,0.0
2022-05-06 00:00:00-04:00,34.30179977416992,34.30179977416992,34.30179977416992,34.30179977416992,4,0.0,0.0,0.0
2022-05-09 00:00:00-04:00,32.76817321777344,32.76817321777344,32.76817321777344,32.76817321777344,3,0.0,0.0,0.0
2022-05-10 00:00:00-04:00,32.55501937866211,32.55501937866211,32.55501937866211,32.55501937866211,25,0.0,0.0,0.0
2022-05-11 00:00:00-04:00,32.38330841064453,32.38330841064453,32.38330841064453,32.38330841064453,25,0.0,0.0,0.0
2022-05-12 00:00:00-04:00,32.138709356500705,32.346187591552734,32.138709356500705,32.346187591552734,642,0.0,0.0,0.0
2022-05-13 00:00:00-04:00,33.20499801635742,33.20499801635742,33.20499801635742,33.20499801635742,25,0.0,0.0,0.0
2022-05-16 00:00:00-04:00,33.72360737818441,33.765899658203125,33.72360737818441,33.765899658203125,285,0.0,0.0,0.0
2022-05-17 00:00:00-04:00,34.249671936035156,34.249671936035156,34.249671936035156,34.249671936035156,14,0.0,0.0,0.0
2022-05-18 00:00:00-04:00,33.66038513183594,33.66038513183594,33.66038513183594,33.66038513183594,3,0.0,0.0,0.0
2022-05-19 00:00:00-04:00,33.385528564453125,33.385528564453125,33.385528564453125,33.385528564453125,2,0.0,0.0,0.0
2022-05-20 00:00:00-04:00,33.17270526608302,33.51214599609375,32.98624548666633,33.51214599609375,5905,0.0,0.0,0.0
2022-05-23 00:00:00-04:00,33.92701282679367,33.930233001708984,33.92701282679367,33.930233001708984,101,0.0,0.0,0.0
2022-05-24 00:00:00-04:00,33.80701446533203,33.80701446533203,33.80701446533203,33.80701446533203,18,0.0,0.0,0.0
2022-05-25 00:00:00-04:00,34.51181439235315,34.51181439235315,34.38332748413086,34.38332748413086,100,0.0,0.0,0.0
2022-05-26 00:00:00-04:00,34.5880126953125,34.5880126953125,34.5880126953125,34.5880126953125,12,0.0,0.0,0.0
2022-05-27 00:00:00-04:00,35.025001525878906,35.025001525878906,35.025001525878906,35.025001525878906,2,0.0,0.0,0.0
2022-05-31 00:00:00-04:00,35.172899746444095,35.291554794556575,34.953216552734375,34.953216552734375,10591,0.0,0.0,0.0
2022-06-01 00:00:00-04:00,35.397335052490234,35.397335052490234,35.397335052490234,35.397335052490234,2,0.0,0.0,0.0
2022-06-02 00:00:00-04:00,35.625999450683594,35.625999450683594,35.625999450683594,35.625999450683594,53,0.0,0.0,0.0
2022-06-03 00:00:00-04:00,35.523529052734375,35.523529052734375,35.523529052734375,35.523529052734375,2,0.0,0.0,0.0
2022-06-06 00:00:00-04:00,35.566158294677734,35.566158294677734,35.566158294677734,35.566158294677734,4,0.0,0.0,0.0
2022-06-07 00:00:00-04:00,36.21418762207031,36.21418762207031,36.21418762207031,36.21418762207031,4,0.0,0.0,0.0
2022-06-08 00:00:00-04:00,35.8966178894043,35.8966178894043,35.8966178894043,35.8966178894043,12,0.0,0.0,0.0
2022-06-09 00:00:00-04:00,35.31019973754883,35.31019973754883,35.31019973754883,35.31019973754883,1,0.0,0.0,0.0
2022-06-10 00:00:00-04:00,34.6534423828125,34.6534423828125,34.6534423828125,34.6534423828125,1,0.0,0.0,0.0
2022-06-13 00:00:00-04:00,32.9926872253418,32.9926872253418,32.9926872253418,32.9926872253418,99,0.0,0.0,0.0
2022-06-14 00:00:00-04:00,32.387203216552734,32.387203216552734,32.387203216552734,32.387203216552734,3,0.0,0.0,0.0
2022-06-15 00:00:00-04:00,31.931997299194336,31.931997299194336,31.931997299194336,31.931997299194336,2,0.0,0.0,0.0
2022-06-16 00:00:00-04:00,30.46269989013672,30.46269989013672,30.46269989013672,30.46269989013672,2,0.0,0.0,0.0
2022-06-17 00:00:00-04:00,29.742206573486328,29.742206573486328,29.742206573486328,29.742206573486328,5,0.0,0.0,0.0
2022-06-21 00:00:00-04:00,30.8409538269043,30.8409538269043,30.8409538269043,30.840953826904297,4,0.0,0.0,0.0
2022-06-22 00:00:00-04:00,30.123090744018555,30.123090744018555,30.123090744018555,30.123090744018555,2,0.0,0.0,0.0
2022-06-23 00:00:00-04:00,29.51125194451406,29.620498657226562,29.358778580456008,29.620498657226562,4023,0.0,0.0,0.0
2022-06-24 00:00:00-04:00,30.21843910217285,30.21843910217285,30.21843910217285,30.21843910217285,2,0.0,0.0,0.0
2022-06-27 00:00:00-04:00,30.683229446411133,30.683229446411133,30.683229446411133,30.683229446411133,2,0.0,0.0,0.0
2022-06-28 00:00:00-04:00,31.212182998657227,31.212182998657227,31.212182998657227,31.212182998657227,3,0.0,0.0,0.0
2022-06-29 00:00:00-04:00,30.845706939697266,30.845706939697266,30.845706939697266,30.845706939697266,1,0.0,0.0,0.0
2022-06-30 00:00:00-04:00,30.502445220947266,30.502445220947266,30.502445220947266,30.502445220947266,2,0.0,0.0,0.0
2022-07-01 00:00:00-04:00,30.896299362182617,30.896299362182617,30.896299362182617,30.896299362182617,2,0.0,0.0,0.0
2022-07-05 00:00:00-04:00,29.680842693561342,30.102323532104492,29.680842693561342,30.102323532104492,202,0.0,0.0,0.0
2022-07-06 00:00:00-04:00,29.664737701416016,29.664737701416016,29.664737701416016,29.664737701416016,100,0.0,0.0,0.0
2022-07-07 00:00:00-04:00,30.655511872281657,30.655511872281657,30.645004272460938,30.645004272460938,697,0.0,0.0,0.0
2022-07-08 00:00:00-04:00,30.8875675201416,30.8875675201416,30.8875675201416,30.8875675201416,7,0.0,0.0,0.0
2022-07-11 00:00:00-04:00,30.682968139648438,30.682968139648438,30.682968139648438,30.682968139648438,82,0.0,0.0,0.0
2022-07-12 00:00:00-04:00,30.216405868530273,30.216405868530273,30.216405868530273,30.216405868530273,4,0.0,0.0,0.0
2022-07-13 00:00:00-04:00,30.4183349609375,30.4183349609375,30.4183349609375,30.4183349609375,100,0.6223,0.0,0.0
2022-07-14 00:00:00-04:00,30.18146514892578,30.18146514892578,30.18146514892578,30.18146514892578,2,0.0,0.0,0.0
2022-07-15 00:00:00-04:00,30.556438446044922,30.556438446044922,30.556438446044922,30.556438446044922,1,0.0,0.0,0.0
2022-07-18 00:00:00-04:00,31.195100784301758,31.195100784301758,31.195100784301758,31.195100784301758,10,0.0,0.0,0.0
2022-07-19 00:00:00-04:00,31.900535583496094,31.900535583496094,31.900535583496094,31.900535583496094,1,0.0,0.0,0.0
2022-07-20 00:00:00-04:00,31.976442337036133,31.976442337036133,31.976442337036133,31.976442337036133,1,0.0,0.0,0.0
2022-07-21 00:00:00-04:00,31.949708938598633,31.949708938598633,31.949708938598633,31.949708938598633,3,0.0,0.0,0.0
2022-07-22 00:00:00-04:00,31.718523025512695,31.718523025512695,31.718523025512695,31.718523025512695,2,0.0,0.0,0.0
2022-07-25 00:00:00-04:00,32.668243408203125,32.668243408203125,32.668243408203125,32.668243408203125,44,0.0,0.0,0.0
2022-07-26 00:00:00-04:00,32.93711471557617,32.93711471557617,32.93711471557617,32.93711471557617,1,0.0,0.0,0.0
2022-07-27 00:00:00-04:00,33.36504364013672,33.36504364013672,33.36504364013672,33.36504364013672,1,0.0,0.0,0.0
2022-07-28 00:00:00-04:00,33.6004524230957,33.6004524230957,33.6004524230957,33.6004524230957,254,0.0,0.0,0.0
2022-07-29 00:00:00-04:00,33.721046447753906,33.721046447753906,33.721046447753906,33.721046447753906,47,0.0,0.0,0.0
2022-08-01 00:00:00-04:00,33.54490661621094,33.54490661621094,33.54490661621094,33.54490661621094,3,0.0,0.0,0.0
2022-08-02 00:00:00-04:00,33.2702522277832,33.2702522277832,33.2702522277832,33.2702522277832,2,0.0,0.0,0.0
2022-08-03 00:00:00-04:00,33.12369740766574,33.27896499633789,33.12369740766574,33.27896499633789,330,0.0,0.0,0.0
2022-08-04 00:00:00-04:00,32.40359878540039,32.40359878540039,32.40359878540039,32.40359878540039,3,0.0,0.0,0.0
2022-08-05 00:00:00-04:00,32.25428771972656,32.25428771972656,32.25428771972656,32.25428771972656,1,0.0,0.0,0.0
2022-08-08 00:00:00-04:00,32.54825210571289,32.54825210571289,32.54825210571289,32.54825210571289,1,0.0,0.0,0.0
2022-08-09 00:00:00-04:00,32.813419342041016,32.813419342041016,32.813419342041016,32.813419342041016,2,0.0,0.0,0.0
2022-08-10 00:00:00-04:00,33.2984619140625,33.2984619140625,33.2984619140625,33.2984619140625,1,0.0,0.0,0.0
2022-08-11 00:00:00-04:00,34.03779220581055,34.03779220581055,34.03779220581055,34.03779220581055,3,0.0,0.0,0.0
2022-08-12 00:00:00-04:00,34.18383026123047,34.18383026123047,34.18383026123047,34.18383026123047,1,0.0,0.0,0.0
2022-08-15 00:00:00-04:00,33.82240327983692,33.86984634399414,33.82240327983692,33.86984634399414,220,0.0,0.0,0.0
2022-08-16 00:00:00-04:00,34.26240921020508,34.26240921020508,34.26240921020508,34.26240921020508,31,0.0,0.0,0.0
2022-08-17 00:00:00-04:00,33.909523010253906,33.909523010253906,33.909523010253906,33.909523010253906,1,0.0,0.0,0.0
2022-08-18 00:00:00-04:00,34.558712005615234,34.558712005615234,34.558712005615234,34.558712005615234,1,0.0,0.0,0.0
2022-08-19 00:00:00-04:00,34.364280700683594,34.364280700683594,34.364280700683594,34.364280700683594,14,0.0,0.0,0.0
2022-08-22 00:00:00-04:00,34.244815826416016,34.244815826416016,34.244815826416016,34.244815826416016,43,0.0,0.0,0.0
2022-08-23 00:00:00-04:00,34.95714569091797,34.95714569091797,34.95714569091797,34.95714569091797,2,0.0,0.0,0.0
2022-08-24 00:00:00-04:00,35.348506927490234,35.348506927490234,35.348506927490234,35.348506927490234,1,0.0,0.0,0.0
2022-08-25 00:00:00-04:00,35.50912094116211,35.50912094116211,35.50912094116211,35.50912094116211,2,0.0,0.0,0.0
2022-08-26 00:00:00-04:00,35.00226593017578,35.00226593017578,35.00226593017578,35.00226593017578,1,0.0,0.0,0.0
2022-08-29 00:00:00-04:00,35.16287612915039,35.16287612915039,35.16287612915039,35.16287612915039,1,0.0,0.0,0.0
2022-08-30 00:00:00-04:00,34.15243148803711,34.15243148803711,34.15243148803711,34.15243148803711,18,0.0,0.0,0.0
2022-08-31 00:00:00-04:00,33.70077133178711,33.70077133178711,33.70077133178711,33.70077133178711,9,0.0,0.0,0.0
2022-09-01 00:00:00-04:00,33.22720784990725,33.32209396362305,33.080564776743685,33.32209396362305,442,0.0,0.0,0.0
2022-09-02 00:00:00-04:00,33.70517349243164,33.70517349243164,33.70517349243164,33.70517349243164,10,0.0,0.0,0.0
2022-09-06 00:00:00-04:00,33.2573127746582,33.2573127746582,33.2573127746582,33.2573127746582,3,0.0,0.0,0.0
2022-09-07 00:00:00-04:00,33.46433639526367,33.46433639526367,33.46433639526367,33.46433639526367,1,0.0,0.0,0.0
2022-09-08 00:00:00-04:00,33.49952697753906,33.49952697753906,33.49952697753906,33.49952697753906,4,0.0,0.0,0.0
2022-09-09 00:00:00-04:00,34.26655197143555,34.26655197143555,34.26655197143555,34.26655197143555,2,0.0,0.0,0.0
2022-09-12 00:00:00-04:00,34.75365447998047,34.75365447998047,34.75365447998047,34.75365447998047,1,0.0,0.0,0.0
2022-09-13 00:00:00-04:00,33.91374588012695,33.91374588012695,33.91374588012695,33.91374588012695,2,0.0,0.0,0.0
2022-09-14 00:00:00-04:00,34.55465316772461,34.55465316772461,34.55465316772461,34.55465316772461,8,0.0,0.0,0.0
2022-09-15 00:00:00-04:00,34.167781829833984,34.167781829833984,34.167781829833984,34.167781829833984,12,0.0,0.0,0.0
2022-09-16 00:00:00-04:00,33.410770416259766,33.410770416259766,33.410770416259766,33.410770416259766,6,0.0,0.0,0.0
2022-09-19 00:00:00-04:00,33.686798095703125,33.686798095703125,33.686798095703125,33.686798095703125,3,0.0,0.0,0.0
2022-09-20 00:00:00-04:00,33.53342819213867,33.53342819213867,33.53342819213867,33.53342819213867,1,0.0,0.0,0.0
2022-09-21 00:00:00-04:00,33.11964797973633,33.11964797973633,33.11964797973633,33.11964797973633,1,0.0,0.0,0.0
2022-09-22 00:00:00-04:00,32.55653762817383,32.55653762817383,32.55653762817383,32.55653762817383,2,0.0,0.0,0.0
2022-09-23 00:00:00-04:00,30.54686164855957,30.54686164855957,30.54686164855957,30.54686164855957,1,0.0,0.0,0.0
2022-09-26 00:00:00-04:00,29.79450798034668,29.79450798034668,29.79450798034668,29.79450798034668,1,0.0,0.0,0.0
2022-09-27 00:00:00-04:00,30.075971603393555,30.075971603393555,30.075971603393555,30.075971603393555,1,0.0,0.0,0.0
2022-09-28 00:00:00-04:00,31.27325439453125,31.27325439453125,31.27325439453125,31.27325439453125,1,0.0,0.0,0.0
2022-09-29 00:00:00-04:00,30.837818942671475,30.837818942671475,30.63079437465759,30.662883758544922,1013,0.0,0.0,0.0
2022-09-30 00:00:00-04:00,30.571529388427734,30.571529388427734,30.571529388427734,30.571529388427734,10,0.0,0.0,0.0
2022-10-03 00:00:00-04:00,31.39574432373047,31.39574432373047,31.39574432373047,31.39574432373047,10,0.0,0.0,0.0
2022-10-04 00:00:00-04:00,32.363834381103516,32.363834381103516,32.363834381103516,32.363834381103516,16,0.0,0.0,0.0
2022-10-05 00:00:00-04:00,32.33847427368164,32.33847427368164,32.33847427368164,32.33847427368164,1,0.0,0.0,0.0
2022-10-06 00:00:00-04:00,31.866813659667965,31.866813659667965,31.866813659667965,31.86681365966797,19,0.0,0.0,0.0
2022-10-07 00:00:00-04:00,31.660816192626953,31.660816192626953,31.660816192626953,31.660816192626953,2,0.0,0.0,0.0
2022-10-10 00:00:00-04:00,31.245996475219723,31.245996475219723,31.245996475219723,31.245996475219727,3,0.0,0.0,0.0
2022-10-11 00:00:00-04:00,31.431106567382812,31.431106567382812,31.431106567382812,31.431106567382812,1,0.0,0.0,0.0
2022-10-12 00:00:00-04:00,31.242502212524418,31.242502212524418,31.242502212524418,31.242502212524414,1,0.6245,0.0,0.0
2022-10-13 00:00:00-04:00,32.20404815673828,32.20404815673828,32.20404815673828,32.20404815673828,1,0.0,0.0,0.0
2022-10-14 00:00:00-04:00,31.466917037963867,31.466917037963867,31.466917037963867,31.466917037963867,6,0.0,0.0,0.0
2022-10-17 00:00:00-04:00,32.09416961669922,32.09416961669922,32.09416961669922,32.09416961669922,1,0.0,0.0,0.0
2022-10-18 00:00:00-04:00,32.46671676635742,32.46671676635742,32.46671676635742,32.46671676635742,1,0.0,0.0,0.0
2022-10-19 00:00:00-04:00,32.54887008666992,32.54887008666992,32.54887008666992,32.54887008666992,55,0.0,0.0,0.0
2022-10-20 00:00:00-04:00,32.39738464355469,32.39738464355469,32.39738464355469,32.39738464355469,1,0.0,0.0,0.0
2022-10-21 00:00:00-04:00,32.926429748535156,32.926429748535156,32.926429748535156,32.926429748535156,5,0.0,0.0,0.0
2022-10-24 00:00:00-04:00,32.55597686767578,32.55597686767578,32.55597686767578,32.55597686767578,7,0.0,0.0,0.0
2022-10-25 00:00:00-04:00,32.95109558105469,32.95109558105469,32.95109558105469,32.95109558105469,111,0.0,0.0,0.0
2022-10-26 00:00:00-04:00,33.29003143310547,33.29003143310547,33.29003143310547,33.29003143310547,3,0.0,0.0,0.0
2022-10-27 00:00:00-04:00,33.65855026245117,33.65855026245117,33.65855026245117,33.65855026245117,220,0.0,0.0,0.0
2022-10-28 00:00:00-04:00,33.79029083251953,33.79029083251953,33.79029083251953,33.79029083251953,4,0.0,0.0,0.0
2022-10-31 00:00:00-04:00,34.15530014038086,34.15530014038086,34.15530014038086,34.15530014038086,1,0.0,0.0,0.0
2022-11-01 00:00:00-04:00,34.345916748046875,34.345916748046875,34.345916748046875,34.345916748046875,1,0.0,0.0,0.0
2022-11-02 00:00:00-04:00,33.92430114746094,33.92430114746094,33.92430114746094,33.92430114746094,6,0.0,0.0,0.0
2022-11-03 00:00:00-04:00,33.97319030761719,33.97319030761719,33.97319030761719,33.97319030761719,3,0.0,0.0,0.0
2022-11-04 00:00:00-04:00,34.314849853515625,34.314849853515625,34.314849853515625,34.314849853515625,8,0.0,0.0,0.0
2022-11-07 00:00:00-05:00,34.460018157958984,34.460018157958984,34.460018157958984,34.460018157958984,10,0.0,0.0,0.0
2022-11-08 00:00:00-05:00,34.48616409301758,34.48616409301758,34.48616409301758,34.48616409301758,1,0.0,0.0,0.0
2022-11-09 00:00:00-05:00,33.59825897216797,33.59825897216797,33.59825897216797,33.59825897216797,1,0.0,0.0,0.0
2022-11-10 00:00:00-05:00,34.62132263183594,34.62132263183594,34.62132263183594,34.62132263183594,1,0.0,0.0,0.0
2022-11-11 00:00:00-05:00,34.9201545715332,34.9201545715332,34.9201545715332,34.9201545715332,1,0.0,0.0,0.0
2022-11-14 00:00:00-05:00,34.66318130493164,34.66318130493164,34.66318130493164,34.66318130493164,4,0.0,0.0,0.0
2022-11-15 00:00:00-05:00,34.67372131347656,34.67372131347656,34.67372131347656,34.67372131347656,2,0.0,0.0,0.0
2022-11-16 00:00:00-05:00,34.254205200258355,34.762359619140625,34.254205200258355,34.762359619140625,4000,0.0,0.0,0.0
2022-11-17 00:00:00-05:00,34.31757354736328,34.31757354736328,34.31757354736328,34.31757354736328,11,0.0,0.0,0.0
2022-11-18 00:00:00-05:00,34.63387680053711,34.63387680053711,34.63387680053711,34.63387680053711,5,0.0,0.0,0.0
2022-11-21 00:00:00-05:00,34.359521806761286,34.359521806761286,34.3424072265625,34.3424072265625,100,0.0,0.0,0.0
2022-11-22 00:00:00-05:00,35.286659240722656,35.286659240722656,35.286659240722656,35.286659240722656,7,0.0,0.0,0.0
2022-11-23 00:00:00-05:00,35.18634033203125,35.18634033203125,35.18634033203125,35.18634033203125,1,0.0,0.0,0.0
2022-11-25 00:00:00-05:00,35.279727935791016,35.279727935791016,35.279727935791016,35.279727935791016,3,0.0,0.0,0.0
2022-11-28 00:00:00-05:00,34.85038757324219,34.85038757324219,34.85038757324219,34.85038757324219,1,0.0,0.0,0.0
2022-11-29 00:00:00-05:00,35.07120132446289,35.07120132446289,35.07120132446289,35.07120132446289,21,0.0,0.0,0.0
2022-11-30 00:00:00-05:00,35.3538818359375,35.3538818359375,35.3538818359375,35.3538818359375,1,0.0,0.0,0.0
2022-12-01 00:00:00-05:00,35.17564010620117,35.17564010620117,35.17564010620117,35.17564010620117,2,0.0,0.0,0.0
2022-12-02 00:00:00-05:00,35.11069869995117,35.11069869995117,35.11069869995117,35.11069869995117,2,0.0,0.0,0.0
2022-12-05 00:00:00-05:00,34.45781707763672,34.45781707763672,34.45781707763672,34.45781707763672,3,0.0,0.0,0.0
2022-12-06 00:00:00-05:00,33.79705047607422,33.79705047607422,33.79705047607422,33.79705047607422,1,0.0,0.0,0.0
2022-12-07 00:00:00-05:00,33.61054992675781,33.61054992675781,33.61054992675781,33.61054992675781,50,0.0,0.0,0.0
2022-12-08 00:00:00-05:00,33.402374267578125,33.402374267578125,33.402374267578125,33.402374267578125,1,0.0,0.0,0.0
2022-12-09 00:00:00-05:00,33.05982971191406,33.05982971191406,33.05982971191406,33.05982971191406,3,0.0,0.0,0.0
2022-12-12 00:00:00-05:00,33.63450241088867,33.63450241088867,33.63450241088867,33.63450241088867,1,0.0,0.0,0.0
2022-12-13 00:00:00-05:00,33.411678238421416,34.23964309692383,33.411678238421416,34.23964309692383,209,0.0,0.0,0.0
2022-12-14 00:00:00-05:00,33.96256637573242,33.96256637573242,33.96256637573242,33.96256637573242,2,0.0,0.0,0.0
2022-12-15 00:00:00-05:00,33.45722198486328,33.45722198486328,33.45722198486328,33.45722198486328,2,0.0,0.0,0.0
2022-12-16 00:00:00-05:00,33.123191833496094,33.123191833496094,33.123191833496094,33.123191833496094,27,0.0,0.0,0.0
2022-12-19 00:00:00-05:00,32.66524124145508,32.66524124145508,32.66524124145508,32.66524124145508,13,0.0,0.0,0.0
2022-12-20 00:00:00-05:00,32.816287994384766,32.816287994384766,32.816287994384766,32.816287994384766,10,0.0,0.0,0.0
2022-12-21 00:00:00-05:00,33.37595748901367,33.37595748901367,33.37595748901367,33.37595748901367,1,0.0,0.0,0.0
2022-12-22 00:00:00-05:00,32.975494384765625,32.975494384765625,32.975494384765625,32.975494384765625,5,0.0,0.0,0.0
2022-12-23 00:00:00-05:00,33.62485122680664,33.62485122680664,33.62485122680664,33.62485122680664,2,0.0,0.0,0.0
2022-12-27 00:00:00-05:00,33.75254440307617,33.75254440307617,33.75254440307617,33.75254440307617,2,0.0,0.0,0.0
2022-12-28 00:00:00-05:00,33.0670280456543,33.0670280456543,33.0670280456543,33.0670280456543,1,0.0,0.0,0.0
2022-12-29 00:00:00-05:00,33.5123405456543,33.5123405456543,33.5123405456543,33.5123405456543,2,0.0,0.0,0.0
2022-12-30 00:00:00-05:00,33.56306457519531,33.56306457519531,33.56306457519531,33.56306457519531,2,0.0,0.0,0.0
2023-01-03 00:00:00-05:00,32.973472595214844,32.973472595214844,32.973472595214844,32.973472595214844,29,0.0,0.0,0.0
2023-01-04 00:00:00-05:00,33.23333740234375,33.23333740234375,33.23333740234375,33.23333740234375,1,0.0,0.0,0.0
2023-01-05 00:00:00-05:00,33.30100631713867,33.30100631713867,33.30100631713867,33.30100631713867,6,0.0,0.0,0.0
2023-01-06 00:00:00-05:00,34.07218551635742,34.07218551635742,34.07218551635742,34.07218551635742,4,0.0,0.0,0.0
2023-01-09 00:00:00-05:00,34.39453887939453,34.39453887939453,34.39453887939453,34.39453887939453,1,0.0,0.0,0.0
2023-01-10 00:00:00-05:00,34.210330036005985,34.376731872558594,34.210330036005985,34.376731872558594,102,0.0,0.0,0.0
2023-01-11 00:00:00-05:00,34.68714904785156,34.68714904785156,34.68714904785156,34.68714904785156,5,0.0,0.0,0.0
2023-01-12 00:00:00-05:00,35.16851806640625,35.16851806640625,35.16851806640625,35.16851806640625,51,0.6334,0.0,0.0
2023-01-13 00:00:00-05:00,35.18724822998047,35.18724822998047,35.18724822998047,35.18724822998047,25,0.0,0.0,0.0
2023-01-17 00:00:00-05:00,35.248266132880936,35.248266132880936,35.086734771728516,35.086734771728516,100,0.0,0.0,0.0
2023-01-18 00:00:00-05:00,35.24915622185099,35.24915622185099,34.535430908203125,34.535430908203125,132,0.0,0.0,0.0
2023-01-19 00:00:00-05:00,34.84064865112305,34.84064865112305,34.84064865112305,34.84064865112305,2,0.0,0.0,0.0
2023-01-20 00:00:00-05:00,34.983184814453125,34.983184814453125,34.983184814453125,34.983184814453125,1,0.0,0.0,0.0
2023-01-23 00:00:00-05:00,35.31462097167969,35.31462097167969,35.31462097167969,35.31462097167969,3,0.0,0.0,0.0
2023-01-24 00:00:00-05:00,35.17057418823242,35.17057418823242,35.17057418823242,35.17057418823242,9,0.0,0.0,0.0
2023-01-25 00:00:00-05:00,34.951072692871094,34.951072692871094,34.951072692871094,34.951072692871094,5,0.0,0.0,0.0
2023-01-26 00:00:00-05:00,35.267616271972656,35.267616271972656,35.267616271972656,35.267616271972656,5,0.0,0.0,0.0
2023-01-27 00:00:00-05:00,35.29580307006836,35.29580307006836,35.29580307006836,35.29580307006836,3,0.0,0.0,0.0
2023-01-30 00:00:00-05:00,34.75653839111328,34.75653839111328,34.75653839111328,34.75653839111328,1,0.0,0.0,0.0
2023-01-31 00:00:00-05:00,35.1623649597168,35.1623649597168,35.1623649597168,35.1623649597168,1,0.0,0.0,0.0
2023-02-01 00:00:00-05:00,34.96158981323242,34.96158981323242,34.96158981323242,34.96158981323242,2,0.0,0.0,0.0
2023-02-02 00:00:00-05:00,34.98157419655914,35.18083190917969,34.98157419655914,35.18083190917969,147,0.0,0.0,0.0
2023-02-03 00:00:00-05:00,35.01011657714844,35.01011657714844,35.01011657714844,35.01011657714844,75,0.0,0.0,0.0
2023-02-06 00:00:00-05:00,34.910308837890625,34.910308837890625,34.910308837890625,34.910308837890625,85,0.0,0.0,0.0
2023-02-07 00:00:00-05:00,35.084861755371094,35.084861755371094,35.084861755371094,35.084861755371094,24,0.0,0.0,0.0
2023-02-08 00:00:00-05:00,34.97515106201172,34.97515106201172,34.97515106201172,34.97515106201172,24,0.0,0.0,0.0
2023-02-09 00:00:00-05:00,34.702484130859375,34.702484130859375,34.702484130859375,34.702484130859375,2,0.0,0.0,0.0
2023-02-10 00:00:00-05:00,35.28420639038086,35.28420639038086,35.28420639038086,35.28420639038086,24,0.0,0.0,0.0
2023-02-13 00:00:00-05:00,35.327640533447266,35.327640533447266,35.327640533447266,35.327640533447266,24,0.0,0.0,0.0
2023-02-14 00:00:00-05:00,35.53260803222656,35.53260803222656,35.53260803222656,35.53260803222656,2,0.0,0.0,0.0
2023-02-15 00:00:00-05:00,35.405242919921875,35.405242919921875,35.405242919921875,35.405242919921875,1,0.0,0.0,0.0
2023-02-16 00:00:00-05:00,35.301509857177734,35.301509857177734,35.301509857177734,35.301509857177734,2,0.0,0.0,0.0
2023-02-17 00:00:00-05:00,34.739768981933594,34.739768981933594,34.739768981933594,34.739768981933594,2,0.0,0.0,0.0
2023-02-21 00:00:00-05:00,34.125587463378906,34.125587463378906,34.125587463378906,34.125587463378906,1,0.0,0.0,0.0
2023-02-22 00:00:00-05:00,34.26784896850586,34.26784896850586,34.26784896850586,34.26784896850586,1,0.0,0.0,0.0
2023-02-23 00:00:00-05:00,34.65958786010742,34.65958786010742,34.65958786010742,34.65958786010742,2,0.0,0.0,0.0
2023-02-24 00:00:00-05:00,34.49555969238281,34.49555969238281,34.49555969238281,34.49555969238281,8,0.0,0.0,0.0
2023-02-27 00:00:00-05:00,34.36766052246094,34.36766052246094,34.36766052246094,34.36766052246094,2,0.0,0.0,0.0
2023-02-28 00:00:00-05:00,33.89626693725586,33.89626693725586,33.89626693725586,33.89626693725586,1,0.0,0.0,0.0
2023-03-01 00:00:00-05:00,34.107120513916016,34.107120513916016,34.107120513916016,34.107120513916016,1,0.0,0.0,0.0
2023-03-02 00:00:00-05:00,34.2947868460543,34.4957389831543,34.2947868460543,34.4957389831543,5284,0.0,0.0,0.0
2023-03-03 00:00:00-05:00,34.799346923828125,34.799346923828125,34.799346923828125,34.799346923828125,1,0.0,0.0,0.0
2023-03-06 00:00:00-05:00,34.812103271484375,34.812103271484375,34.812103271484375,34.812103271484375,2,0.0,0.0,0.0
2023-03-07 00:00:00-05:00,34.47032165527344,34.47032165527344,34.47032165527344,34.47032165527344,1,0.0,0.0,0.0
2023-03-08 00:00:00-05:00,34.40325164794922,34.40325164794922,34.40325164794922,34.40325164794922,1,0.0,0.0,0.0
2023-03-09 00:00:00-05:00,33.97494125366211,33.97494125366211,33.97494125366211,33.97494125366211,2,0.0,0.0,0.0
2023-03-10 00:00:00-05:00,33.48054504394531,33.48054504394531,33.48054504394531,33.48054504394531,1,0.0,0.0,0.0
2023-03-13 00:00:00-04:00,33.27806854248047,33.27806854248047,33.27806854248047,33.27806854248047,2,0.0,0.0,0.0
2023-03-14 00:00:00-04:00,33.43389129638672,33.43389129638672,33.43389129638672,33.43389129638672,1,0.0,0.0,0.0
2023-03-15 00:00:00-04:00,32.195716857910156,32.195716857910156,32.195716857910156,32.195716857910156,1,0.0,0.0,0.0
2023-03-16 00:00:00-04:00,32.473548889160156,32.473548889160156,32.473548889160156,32.473548889160156,62,0.0,0.0,0.0
2023-03-17 00:00:00-04:00,32.03061294555664,32.03061294555664,32.03061294555664,32.03061294555664,1,0.0,0.0,0.0
2023-03-20 00:00:00-04:00,32.2298698425293,32.2298698425293,32.2298698425293,32.2298698425293,1,0.0,0.0,0.0
2023-03-21 00:00:00-04:00,32.73818588256836,32.73818588256836,32.73818588256836,32.73818588256836,1,0.0,0.0,0.0
2023-03-22 00:00:00-04:00,32.26581954956055,32.26581954956055,32.26581954956055,32.26581954956055,4,0.0,0.0,0.0
2023-03-23 00:00:00-04:00,31.90351676940918,31.90351676940918,31.90351676940918,31.90351676940918,2,0.0,0.0,0.0
2023-03-24 00:00:00-04:00,32.12881851196289,32.12881851196289,32.12881851196289,32.12881851196289,2,0.0,0.0,0.0
2023-03-27 00:00:00-04:00,32.5677375793457,32.5677375793457,32.5677375793457,32.5677375793457,5,0.0,0.0,0.0
2023-03-28 00:00:00-04:00,32.79607009887695,32.79607009887695,32.79607009887695,32.79607009887695,5,0.0,0.0,0.0
2023-03-29 00:00:00-04:00,33.23980712890625,33.23980712890625,33.23980712890625,33.23980712890625,5,0.0,0.0,0.0
2023-03-30 00:00:00-04:00,33.44227981567383,33.44227981567383,33.44227981567383,33.44227981567383,2,0.0,0.0,0.0
2023-03-31 00:00:00-04:00,33.634490966796875,33.634490966796875,33.634490966796875,33.634490966796875,5,0.0,0.0,0.0
2023-04-03 00:00:00-04:00,34.10757064819336,34.10757064819336,34.10757064819336,34.10757064819336,1,0.0,0.0,0.0
2023-04-04 00:00:00-04:00,33.906436920166016,33.906436920166016,33.906436920166016,33.906436920166016,5,0.0,0.0,0.0
2023-04-05 00:00:00-04:00,34.084110260009766,34.084110260009766,34.084110260009766,34.084110260009766,5,0.0,0.0,0.0
2023-04-06 00:00:00-04:00,33.929718017578125,33.929718017578125,33.929718017578125,33.929718017578125,2,0.0,0.0,0.0
2023-04-10 00:00:00-04:00,34.06100845336914,34.06100845336914,34.06100845336914,34.06100845336914,5,0.0,0.0,0.0
2023-04-11 00:00:00-04:00,34.35847091674805,34.35847091674805,34.35847091674805,34.35847091674805,52,0.0,0.0,0.0
2023-04-12 00:00:00-04:00,34.43310546875,34.43310546875,34.43310546875,34.43310546875,5,0.6779,0.0,0.0
2023-04-13 00:00:00-04:00,34.60887145996094,34.60887145996094,34.60887145996094,34.60887145996094,2,0.0,0.0,0.0
2023-04-14 00:00:00-04:00,34.65671920776367,34.65671920776367,34.65671920776367,34.65671920776367,5,0.0,0.0,0.0
2023-04-17 00:00:00-04:00,34.60995864868164,34.60995864868164,34.60995864868164,34.60995864868164,5,0.0,0.0,0.0
2023-04-18 00:00:00-04:00,34.509090423583984,34.509090423583984,34.509090423583984,34.509090423583984,5,0.0,0.0,0.0
2023-04-19 00:00:00-04:00,34.27167510986328,34.27167510986328,34.27167510986328,34.27167510986328,5,0.0,0.0,0.0
2023-04-20 00:00:00-04:00,34.07938003540039,34.07938003540039,34.07938003540039,34.07938003540039,4,0.0,0.0,0.0
2023-04-21 00:00:00-04:00,34.175254821777344,34.175254821777344,34.175254821777344,34.175254821777344,5,0.0,0.0,0.0
2023-04-24 00:00:00-04:00,34.342308044433594,34.342308044433594,34.342308044433594,34.342308044433594,6,0.0,0.0,0.0
2023-04-25 00:00:00-04:00,33.93410873413086,33.93410873413086,33.93410873413086,33.93410873413086,1,0.0,0.0,0.0
2023-04-26 00:00:00-04:00,33.77159881591797,33.77159881591797,33.77159881591797,33.77159881591797,1,0.0,0.0,0.0
2023-04-27 00:00:00-04:00,34.02781295776367,34.02781295776367,34.02781295776367,34.02781295776367,2,0.0,0.0,0.0
2023-04-28 00:00:00-04:00,34.38525390625,34.38525390625,34.38525390625,34.38525390625,1,0.0,0.0,0.0
2023-05-01 00:00:00-04:00,34.409771634643555,34.41340127774624,34.35938262939453,34.35938262939453,1398,0.0,0.0,0.0
2023-05-02 00:00:00-04:00,33.59518814086914,33.59518814086914,33.59518814086914,33.59518814086914,1,0.0,0.0,0.0
2023-05-03 00:00:00-04:00,33.420780181884766,33.420780181884766,33.420780181884766,33.420780181884766,1,0.0,0.0,0.0
2023-05-04 00:00:00-04:00,33.428768157958984,33.428768157958984,33.428768157958984,33.428768157958984,3,0.0,0.0,0.0
2023-05-05 00:00:00-04:00,34.049781799316406,34.049781799316406,34.049781799316406,34.049781799316406,1,0.0,0.0,0.0
2023-05-08 00:00:00-04:00,33.86892318725586,33.86892318725586,33.86892318725586,33.86892318725586,1,0.0,0.0,0.0
2023-05-09 00:00:00-04:00,34.0422477722168,34.0422477722168,34.0422477722168,34.0422477722168,1,0.0,0.0,0.0
2023-05-10 00:00:00-04:00,34.00883865356445,34.00883865356445,34.00883865356445,34.00883865356445,6,0.0,0.0,0.0
2023-05-11 00:00:00-04:00,33.81300354003906,33.81300354003906,33.81300354003906,33.81300354003906,2,0.0,0.0,0.0
2023-05-12 00:00:00-04:00,33.85639572143555,33.85639572143555,33.85639572143555,33.85639572143555,2,0.0,0.0,0.0
2023-05-15 00:00:00-04:00,34.05386734008789,34.05386734008789,34.05386734008789,34.05386734008789,1,0.0,0.0,0.0
2023-05-16 00:00:00-04:00,33.53654479980469,33.53654479980469,33.53654479980469,33.53654479980469,3,0.0,0.0,0.0
2023-05-17 00:00:00-04:00,33.72602462768555,33.72602462768555,33.72602462768555,33.72602462768555,1,0.0,0.0,0.0
2023-05-18 00:00:00-04:00,33.897884368896484,33.897884368896484,33.897884368896484,33.897884368896484,3,0.0,0.0,0.0
2023-05-19 00:00:00-04:00,33.922950744628906,33.922950744628906,33.922950744628906,33.922950744628906,1,0.0,0.0,0.0
2023-05-22 00:00:00-04:00,33.87373733520508,33.87373733520508,33.87373733520508,33.87373733520508,1,0.0,0.0,0.0
2023-05-23 00:00:00-04:00,35.58097312566566,35.58097312566566,33.85231399536133,33.85231399536133,101,0.0,0.0,0.0
2023-05-24 00:00:00-04:00,33.694156646728516,33.694156646728516,33.694156646728516,33.694156646728516,1,0.0,0.0,0.0
2023-05-25 00:00:00-04:00,33.33244323730469,33.33244323730469,33.33244323730469,33.33244323730469,2,0.0,0.0,0.0
2023-05-26 00:00:00-04:00,33.25608444213867,33.25608444213867,33.25608444213867,33.25608444213867,23,0.0,0.0,0.0
2023-05-30 00:00:00-04:00,33.13987731933594,33.13987731933594,33.13987731933594,33.13987731933594,1,0.0,0.0,0.0
2023-05-31 00:00:00-04:00,32.95420837402344,32.95420837402344,32.95420837402344,32.95420837402344,1,0.0,0.0,0.0
2023-06-01 00:00:00-04:00,33.46445083618164,33.46445083618164,33.46445083618164,33.46445083618164,1,0.0,0.0,0.0
2023-06-02 00:00:00-04:00,34.26023483276367,34.26023483276367,34.26023483276367,34.26023483276367,1,0.0,0.0,0.0
2023-06-05 00:00:00-04:00,34.228187709079755,34.228187709079755,34.15101623535156,34.15101623535156,100,0.0,0.0,0.0
2023-06-06 00:00:00-04:00,34.317161560058594,34.317161560058594,34.317161560058594,34.317161560058594,1,0.0,0.0,0.0
2023-06-07 00:00:00-04:00,34.774654388427734,34.774654388427734,34.774654388427734,34.774654388427734,1,0.0,0.0,0.0
2023-06-08 00:00:00-04:00,34.80743408203125,34.80743408203125,34.80743408203125,34.80743408203125,2,0.0,0.0,0.0
2023-06-09 00:00:00-04:00,34.33250427246094,34.33250427246094,34.33250427246094,34.33250427246094,1,0.0,0.0,0.0
2023-06-12 00:00:00-04:00,34.135581970214844,34.135581970214844,34.135581970214844,34.135581970214844,1,0.0,0.0,0.0
2023-06-13 00:00:00-04:00,34.232906341552734,34.232906341552734,34.232906341552734,34.232906341552734,32,0.0,0.0,0.0
2023-06-14 00:00:00-04:00,34.167179107666016,34.167179107666016,34.167179107666016,34.167179107666016,1,0.0,0.0,0.0
2023-06-15 00:00:00-04:00,34.498291015625,34.498291015625,34.498291015625,34.498291015625,2,0.0,0.0,0.0
2023-06-16 00:00:00-04:00,34.59861755371094,34.59861755371094,34.59861755371094,34.59861755371094,32,0.0,0.0,0.0
2023-06-20 00:00:00-04:00,34.231815338134766,34.231815338134766,34.231815338134766,34.231815338134766,20,0.0,0.0,0.0
2023-06-21 00:00:00-04:00,34.30145263671875,34.30145263671875,34.30145263671875,34.30145263671875,1,0.0,0.0,0.0
2023-06-22 00:00:00-04:00,34.017730712890625,34.017730712890625,34.017730712890625,34.017730712890625,3,0.0,0.0,0.0
2023-06-23 00:00:00-04:00,33.67427062988281,33.67427062988281,33.67427062988281,33.67427062988281,1,0.0,0.0,0.0
2023-06-26 00:00:00-04:00,34.10407638549805,34.10407638549805,34.10407638549805,34.10407638549805,1,0.0,0.0,0.0
2023-06-27 00:00:00-04:00,34.18451690673828,34.18451690673828,34.18451690673828,34.18451690673828,1,0.0,0.0,0.0
2023-06-28 00:00:00-04:00,34.413944244384766,34.413944244384766,34.413944244384766,34.413944244384766,1,0.0,0.0,0.0
2023-06-29 00:00:00-04:00,34.699485778808594,34.699485778808594,34.699485778808594,34.699485778808594,5,0.0,0.0,0.0
2023-06-30 00:00:00-04:00,34.85800552368164,34.85800552368164,34.85800552368164,34.85800552368164,1,0.0,0.0,0.0
2023-07-03 00:00:00-04:00,35.0417594909668,35.0417594909668,35.0417594909668,35.0417594909668,3,0.0,0.0,0.0
2023-07-05 00:00:00-04:00,34.7867317199707,34.7867317199707,34.7867317199707,34.7867317199707,1,0.0,0.0,0.0
2023-07-06 00:00:00-04:00,34.4919319152832,34.4919319152832,34.4919319152832,34.4919319152832,2,0.0,0.0,0.0
2023-07-07 00:00:00-04:00,34.724266052246094,34.724266052246094,34.724266052246094,34.724266052246094,2,0.0,0.0,0.0
2023-07-10 00:00:00-04:00,34.75595474243164,34.75595474243164,34.75595474243164,34.75595474243164,2,0.0,0.0,0.0
2023-07-11 00:00:00-04:00,35.04956817626953,35.04956817626953,35.04956817626953,35.04956817626953,2,0.0,0.0,0.0
2023-07-12 00:00:00-04:00,35.29043806296745,35.35480880737305,35.24177383561122,35.35480880737305,1566,0.0,0.0,0.0
2023-07-13 00:00:00-04:00,35.6258430480957,35.6258430480957,35.6258430480957,35.6258430480957,3,0.6815,0.0,0.0
2023-07-14 00:00:00-04:00,35.0344352722168,35.0344352722168,35.0344352722168,35.0344352722168,2,0.0,0.0,0.0
2023-07-17 00:00:00-04:00,34.99238586425781,34.99238586425781,34.99238586425781,34.99238586425781,1,0.0,0.0,0.0
2023-07-18 00:00:00-04:00,35.281439802824295,35.29336166381836,35.281439802824295,35.29336166381836,1585,0.0,0.0,0.0
2023-07-19 00:00:00-04:00,35.45488357543945,35.45488357543945,35.45488357543945,35.45488357543945,1,0.0,0.0,0.0
2023-07-20 00:00:00-04:00,35.735530853271484,35.735530853271484,35.735530853271484,35.735530853271484,2,0.0,0.0,0.0
2023-07-21 00:00:00-04:00,35.8825569152832,35.8825569152832,35.8825569152832,35.8825569152832,2,0.0,0.0,0.0
2023-07-24 00:00:00-04:00,36.161624908447266,36.161624908447266,36.161624908447266,36.161624908447266,86,0.0,0.0,0.0
2023-07-25 00:00:00-04:00,35.75419998168945,35.75419998168945,35.75419998168945,35.75419998168945,3,0.0,0.0,0.0
2023-07-26 00:00:00-04:00,36.002220854787254,36.02994570182464,35.906578063964844,35.906578063964844,2602,0.0,0.0,0.0
2023-07-27 00:00:00-04:00,35.64192199707031,35.64192199707031,35.64192199707031,35.64192199707031,3,0.0,0.0,0.0
2023-07-28 00:00:00-04:00,35.67787170410156,35.67787170410156,35.67787170410156,35.67787170410156,2,0.0,0.0,0.0
2023-07-31 00:00:00-04:00,36.029109954833984,36.029109954833984,36.029109954833984,36.029109954833984,1,0.0,0.0,0.0
2023-08-01 00:00:00-04:00,35.83477783203125,35.83477783203125,35.83477783203125,35.83477783203125,1,0.0,0.0,0.0
2023-08-02 00:00:00-04:00,35.577884674072266,35.577884674072266,35.577884674072266,35.577884674072266,44,0.0,0.0,0.0
2023-08-03 00:00:00-04:00,35.69385528564453,35.69385528564453,35.69385528564453,35.69385528564453,2,0.0,0.0,0.0
2023-08-04 00:00:00-04:00,34.505211525372225,35.5265998840332,34.505211525372225,35.5265998840332,207,0.0,0.0,0.0
2023-08-07 00:00:00-04:00,35.706329345703125,35.706329345703125,35.706329345703125,35.706329345703125,7,0.0,0.0,0.0
2023-08-08 00:00:00-04:00,35.62907028198242,35.62907028198242,35.62907028198242,35.62907028198242,7,0.0,0.0,0.0
2023-08-09 00:00:00-04:00,35.8851432800293,35.8851432800293,35.8851432800293,35.8851432800293,7,0.0,0.0,0.0
2023-08-10 00:00:00-04:00,35.841522216796875,35.841522216796875,35.841522216796875,35.841522216796875,137,0.0,0.0,0.0
2023-08-11 00:00:00-04:00,36.123558044433594,36.123558044433594,36.123558044433594,36.123558044433594,3,0.0,0.0,0.0
2023-08-14 00:00:00-04:00,35.88014602661133,35.88014602661133,35.88014602661133,35.88014602661133,1,0.0,0.0,0.0
2023-08-15 00:00:00-04:00,35.44565200805664,35.44565200805664,35.44565200805664,35.44565200805664,2,0.0,0.0,0.0
2023-08-16 00:00:00-04:00,35.416446685791016,35.416446685791016,35.416446685791016,35.416446685791016,2,0.0,0.0,0.0
2023-08-17 00:00:00-04:00,35.60856628417969,35.60856628417969,35.60856628417969,35.60856628417969,2,0.0,0.0,0.0
2023-08-18 00:00:00-04:00,35.76630401611328,35.76630401611328,35.76630401611328,35.76630401611328,10,0.0,0.0,0.0
2023-08-21 00:00:00-04:00,35.81491470336914,35.81491470336914,35.81491470336914,35.81491470336914,2,0.0,0.0,0.0
2023-08-22 00:00:00-04:00,35.63249588012695,35.63249588012695,35.63249588012695,35.63249588012695,25,0.0,0.0,0.0
2023-08-23 00:00:00-04:00,35.66290283203125,35.66290283203125,35.66290283203125,35.66290283203125,1,0.0,0.0,0.0
2023-08-24 00:00:00-04:00,35.48825454711914,35.48825454711914,35.48825454711914,35.48825454711914,5,0.0,0.0,0.0
2023-08-25 00:00:00-04:00,35.68563461303711,35.68563461303711,35.68563461303711,35.68563461303711,1,0.0,0.0,0.0
2023-08-28 00:00:00-04:00,35.93966293334961,35.93966293334961,35.93966293334961,35.93966293334961,1,0.0,0.0,0.0
2023-08-29 00:00:00-04:00,36.154605865478516,36.154605865478516,36.154605865478516,36.154605865478516,1,0.0,0.0,0.0
2023-08-30 00:00:00-04:00,36.26096725463867,36.26096725463867,36.26096725463867,36.26096725463867,1,0.0,0.0,0.0
2023-08-31 00:00:00-04:00,36.102298736572266,36.102298736572266,36.102298736572266,36.102298736572266,2,0.0,0.0,0.0
2023-09-01 00:00:00-04:00,36.40632247924805,36.40632247924805,36.40632247924805,36.40632247924805,1,0.0,0.0,0.0
2023-09-05 00:00:00-04:00,36.33867645263672,36.33867645263672,36.33867645263672,36.33867645263672,2,0.0,0.0,0.0
2023-09-06 00:00:00-04:00,35.48334884643555,35.48334884643555,35.48334884643555,35.48334884643555,1,0.0,0.0,0.0
2023-09-07 00:00:00-04:00,35.665855407714844,35.665855407714844,35.665855407714844,35.665855407714844,2,0.0,0.0,0.0
2023-09-08 00:00:00-04:00,35.88199996948242,35.88199996948242,35.88199996948242,35.88199996948242,1,0.0,0.0,0.0
2023-09-11 00:00:00-04:00,35.74107360839844,35.74107360839844,35.74107360839844,35.74107360839844,2,0.0,0.0,0.0
2023-09-12 00:00:00-04:00,36.20006561279297,36.20006561279297,36.20006561279297,36.20006561279297,1,0.0,0.0,0.0
2023-09-13 00:00:00-04:00,36.21254348754883,36.21254348754883,36.21254348754883,36.21254348754883,2,0.0,0.0,0.0
2023-09-14 00:00:00-04:00,36.655452728271484,36.655452728271484,36.655452728271484,36.655452728271484,2,0.0,0.0,0.0
2023-09-15 00:00:00-04:00,36.434879302978516,36.434879302978516,36.434879302978516,36.434879302978516,1,0.0,0.0,0.0
2023-09-18 00:00:00-04:00,36.55251693725586,36.55251693725586,36.55251693725586,36.55251693725586,2,0.0,0.0,0.0
2023-09-19 00:00:00-04:00,36.57432174682617,36.57432174682617,36.57432174682617,36.57432174682617,1,0.0,0.0,0.0
2023-09-20 00:00:00-04:00,36.71681213378906,36.71681213378906,36.71681213378906,36.71681213378906,4,0.0,0.0,0.0
2023-09-21 00:00:00-04:00,36.220211029052734,36.220211029052734,36.220211029052734,36.220211029052734,2,0.0,0.0,0.0
2023-09-22 00:00:00-04:00,36.28462219238281,36.28462219238281,36.28462219238281,36.28462219238281,3,0.0,0.0,0.0
2023-09-25 00:00:00-04:00,36.53883743286133,36.53883743286133,36.53883743286133,36.53883743286133,2,0.0,0.0,0.0
2023-09-26 00:00:00-04:00,36.06764602661133,36.06764602661133,36.06764602661133,36.06764602661133,95,0.0,0.0,0.0
2023-09-27 00:00:00-04:00,36.37010192871094,36.37010192871094,36.37010192871094,36.37010192871094,2,0.0,0.0,0.0
2023-09-28 00:00:00-04:00,36.369178771972656,36.369178771972656,36.369178771972656,36.369178771972656,22,0.0,0.0,0.0
2023-09-29 00:00:00-04:00,36.12605285644531,36.12605285644531,36.12605285644531,36.12605285644531,2,0.0,0.0,0.0
2023-10-02 00:00:00-04:00,35.372554779052734,35.372554779052734,35.372554779052734,35.372554779052734,2,0.0,0.0,0.0
2023-10-03 00:00:00-04:00,35.03276443481445,35.03276443481445,35.03276443481445,35.03276443481445,2,0.0,0.0,0.0
2023-10-04 00:00:00-04:00,34.68041229248047,34.68041229248047,34.68041229248047,34.68041229248047,2,0.0,0.0,0.0
2023-10-05 00:00:00-04:00,35.02482223510742,35.02482223510742,35.02482223510742,35.02482223510742,1,0.0,0.0,0.0
2023-10-06 00:00:00-04:00,35.20649337768555,35.20649337768555,35.20649337768555,35.20649337768555,2,0.0,0.0,0.0
2023-10-09 00:00:00-04:00,34.976490900255854,35.99741744995117,34.976490900255854,35.99741744995117,102,0.0,0.0,0.0
2023-10-10 00:00:00-04:00,36.2103271484375,36.2103271484375,36.2103271484375,36.2103271484375,1,0.0,0.0,0.0
2023-10-11 00:00:00-04:00,36.43099594116211,36.43099594116211,36.43099594116211,36.43099594116211,1,0.0,0.0,0.0
2023-10-12 00:00:00-04:00,36.421504974365234,36.421504974365234,36.421504974365234,36.421504974365234,6,0.6697,0.0,0.0
2023-10-13 00:00:00-04:00,36.76893997192383,36.76893997192383,36.76893997192383,36.76893997192383,3,0.0,0.0,0.0
2023-10-16 00:00:00-04:00,37.04607009887695,37.04607009887695,37.04607009887695,37.04607009887695,1,0.0,0.0,0.0
2023-10-17 00:00:00-04:00,37.319909192156764,37.32000242835879,36.96748352050781,36.96748352050781,400,0.0,0.0,0.0
2023-10-18 00:00:00-04:00,36.82234191894531,36.82234191894531,36.82234191894531,36.82234191894531,1,0.0,0.0,0.0
2023-10-19 00:00:00-04:00,36.85270309448242,36.85270309448242,36.85270309448242,36.85270309448242,2,0.0,0.0,0.0
2023-10-20 00:00:00-04:00,36.54756164550781,36.54756164550781,36.54756164550781,36.54756164550781,2,0.0,0.0,0.0
2023-10-23 00:00:00-04:00,36.38258361816406,36.38258361816406,36.38258361816406,36.38258361816406,34,0.0,0.0,0.0
2023-10-24 00:00:00-04:00,36.38296127319336,36.38296127319336,36.38296127319336,36.38296127319336,7,0.0,0.0,0.0
2023-10-25 00:00:00-04:00,36.33802795410156,36.33802795410156,36.33802795410156,36.33802795410156,2,0.0,0.0,0.0
2023-10-26 00:00:00-04:00,36.196170806884766,36.196170806884766,36.196170806884766,36.196170806884766,1,0.0,0.0,0.0
2023-10-27 00:00:00-04:00,35.75566482543945,35.75566482543945,35.75566482543945,35.75566482543945,1,0.0,0.0,0.0
2023-10-30 00:00:00-04:00,35.86235427856445,35.86235427856445,35.86235427856445,35.86235427856445,3,0.0,0.0,0.0
2023-10-31 00:00:00-04:00,36.01878356933594,36.01878356933594,36.01878356933594,36.01878356933594,1,0.0,0.0,0.0
2023-11-01 00:00:00-04:00,36.337364196777344,36.337364196777344,36.337364196777344,36.337364196777344,1,0.0,0.0,0.0
2023-11-02 00:00:00-04:00,37.33466720581055,37.33466720581055,37.33466720581055,37.33466720581055,2,0.0,0.0,0.0
2023-11-03 00:00:00-04:00,37.51544189453125,37.51544189453125,37.51544189453125,37.51544189453125,1,0.0,0.0,0.0
2023-11-06 00:00:00-05:00,37.264915466308594,37.264915466308594,37.264915466308594,37.264915466308594,1,0.0,0.0,0.0
2023-11-07 00:00:00-05:00,36.88758080551398,36.898765563964844,36.88758080551398,36.898765563964844,100,0.0,0.0,0.0
2023-11-08 00:00:00-05:00,36.65256293174962,36.65256293174962,36.59145736694336,36.59145736694336,100,0.0,0.0,0.0
2023-11-09 00:00:00-05:00,36.47705841064453,36.47705841064453,36.47705841064453,36.47705841064453,3,0.0,0.0,0.0
2023-11-10 00:00:00-05:00,36.492756102245245,36.54145050048828,36.492756102245245,36.54145050048828,200,0.0,0.0,0.0
2023-11-13 00:00:00-05:00,36.731807708740234,36.731807708740234,36.731807708740234,36.731807708740234,5,0.0,0.0,0.0
2023-11-14 00:00:00-05:00,37.11356735229492,37.11356735229492,37.11356735229492,37.11356735229492,11,0.0,0.0,0.0
2023-11-15 00:00:00-05:00,37.221763610839844,37.221763610839844,37.221763610839844,37.221763610839844,1,0.0,0.0,0.0
2023-11-16 00:00:00-05:00,36.82365417480469,36.82365417480469,36.82365417480469,36.82365417480469,6,0.0,0.0,0.0
2023-11-17 00:00:00-05:00,37.4547119140625,37.4547119140625,37.4547119140625,37.4547119140625,1,0.0,0.0,0.0
2023-11-20 00:00:00-05:00,37.469093322753906,37.469093322753906,37.469093322753906,37.469093322753906,1,0.0,0.0,0.0
2023-11-21 00:00:00-05:00,37.63980484008789,37.63980484008789,37.63980484008789,37.63980484008789,1,0.0,0.0,0.0
2023-11-22 00:00:00-05:00,37.79951858520508,37.79951858520508,37.79951858520508,37.79951858520508,2,0.0,0.0,0.0
2023-11-24 00:00:00-05:00,37.545611079013604,37.97615432739258,37.545611079013604,37.97615432739258,107,0.0,0.0,0.0
2023-11-27 00:00:00-05:00,37.85573959350586,37.85573959350586,37.85573959350586,37.85573959350586,5,0.0,0.0,0.0
2023-11-28 00:00:00-05:00,37.87378692626953,37.87378692626953,37.87378692626953,37.87378692626953,1,0.0,0.0,0.0
2023-11-29 00:00:00-05:00,38.04384231567383,38.04384231567383,38.04384231567383,38.04384231567383,1,0.0,0.0,0.0
2023-11-30 00:00:00-05:00,38.53087615966797,38.53087615966797,38.53087615966797,38.53087615966797,2,0.0,0.0,0.0
2023-12-01 00:00:00-05:00,38.80753707885742,38.80753707885742,38.80753707885742,38.80753707885742,1,0.0,0.0,0.0
2023-12-04 00:00:00-05:00,38.80706787109375,38.80706787109375,38.80706787109375,38.80706787109375,45,0.0,0.0,0.0
2023-12-05 00:00:00-05:00,38.383670806884766,38.383670806884766,38.383670806884766,38.383670806884766,1,0.0,0.0,0.0
2023-12-06 00:00:00-05:00,37.958770751953125,37.958770751953125,37.958770751953125,37.958770751953125,1,0.0,0.0,0.0
2023-12-07 00:00:00-05:00,37.7302360534668,37.7302360534668,37.7302360534668,37.7302360534668,2,0.0,0.0,0.0
2023-12-08 00:00:00-05:00,37.916748046875,37.916748046875,37.916748046875,37.916748046875,1,0.0,0.0,0.0
2023-12-11 00:00:00-05:00,37.58424758911133,37.58424758911133,37.58424758911133,37.58424758911133,1,0.0,0.0,0.0
2023-12-12 00:00:00-05:00,37.21997833251953,37.21997833251953,37.21997833251953,37.21997833251953,1,0.0,0.0,0.0
2023-12-13 00:00:00-05:00,37.67731475830078,37.67731475830078,37.67731475830078,37.67731475830078,1,0.0,0.0,0.0
2023-12-14 00:00:00-05:00,37.91458511352539,37.91458511352539,37.91458511352539,37.91458511352539,2,0.0,0.0,0.0
2023-12-15 00:00:00-05:00,37.7176399230957,37.7176399230957,37.7176399230957,37.7176399230957,1,0.0,0.0,0.0
2023-12-18 00:00:00-05:00,37.888824462890625,37.888824462890625,37.888824462890625,37.888824462890625,1,0.0,0.0,0.0
2023-12-19 00:00:00-05:00,38.16228485107422,38.16228485107422,38.16228485107422,38.16228485107422,3,0.0,0.0,0.0
2023-12-20 00:00:00-05:00,37.87989807128906,37.87989807128906,37.87989807128906,37.87989807128906,1,0.0,0.0,0.0
2023-12-21 00:00:00-05:00,38.151668548583984,38.151668548583984,38.151668548583984,38.151668548583984,1,0.0,0.0,0.0
2023-12-22 00:00:00-05:00,38.22113037109375,38.22113037109375,38.22113037109375,38.22113037109375,1,0.0,0.0,0.0
2023-12-26 00:00:00-05:00,38.4666748046875,38.4666748046875,38.4666748046875,38.4666748046875,6,0.0,0.0,0.0
2023-12-27 00:00:00-05:00,38.27838134765625,38.27838134765625,38.27838134765625,38.27838134765625,4,0.0,0.0,0.0
2023-12-28 00:00:00-05:00,38.208347718049446,38.208347718049446,38.17102813720703,38.17102813720703,202,0.0,0.0,0.0
2023-12-29 00:00:00-05:00,38.12712860107422,38.12712860107422,38.12712860107422,38.12712860107422,1,0.0,0.0,0.0
2024-01-02 00:00:00-05:00,38.39570236206055,38.39570236206055,38.39570236206055,38.39570236206055,1,0.0,0.0,0.0
2024-01-03 00:00:00-05:00,38.783565521240234,38.783565521240234,38.783565521240234,38.783565521240234,3,0.0,0.0,0.0
2024-01-04 00:00:00-05:00,38.61464309692383,38.61464309692383,38.61464309692383,38.61464309692383,3,0.0,0.0,0.0
2024-01-05 00:00:00-05:00,38.7381591796875,38.7381591796875,38.7381591796875,38.7381591796875,1,0.0,0.0,0.0
2024-01-08 00:00:00-05:00,38.7811164855957,38.7811164855957,38.7811164855957,38.7811164855957,3,0.0,0.0,0.0
2024-01-09 00:00:00-05:00,38.632591247558594,38.632591247558594,38.632591247558594,38.632591247558594,1,0.0,0.0,0.0
2024-01-10 00:00:00-05:00,38.63823318481445,38.63823318481445,38.63823318481445,38.63823318481445,1,0.0,0.0,0.0
2024-01-11 00:00:00-05:00,38.45924758911133,38.45924758911133,38.45924758911133,38.45924758911133,4,0.0,0.0,0.0
2024-01-12 00:00:00-05:00,38.7096061706543,38.7096061706543,38.7096061706543,38.7096061706543,1,0.6648,0.0,0.0
2024-01-16 00:00:00-05:00,38.509796155913634,38.509796155913634,38.31867980957031,38.31867980957031,2600,0.0,0.0,0.0
2024-01-17 00:00:00-05:00,37.985565185546875,37.985565185546875,37.985565185546875,37.985565185546875,1,0.0,0.0,0.0
2024-01-18 00:00:00-05:00,37.99951934814453,37.99951934814453,37.99951934814453,37.99951934814453,9,0.0,0.0,0.0
2024-01-19 00:00:00-05:00,37.93148422241211,37.93148422241211,37.93148422241211,37.93148422241211,1,0.0,0.0,0.0
2024-01-22 00:00:00-05:00,38.1336784362793,38.1336784362793,38.1336784362793,38.1336784362793,1,0.0,0.0,0.0
2024-01-23 00:00:00-05:00,38.218345642089844,38.218345642089844,38.218345642089844,38.218345642089844,1,0.0,0.0,0.0
2024-01-24 00:00:00-05:00,38.1650276184082,38.1650276184082,38.1650276184082,38.1650276184082,1,0.0,0.0,0.0
2024-01-25 00:00:00-05:00,38.626182556152344,38.626182556152344,38.626182556152344,38.626182556152344,10,0.0,0.0,0.0
2024-01-26 00:00:00-05:00,38.98357391357422,38.98357391357422,38.98357391357422,38.98357391357422,1,0.0,0.0,0.0
2024-01-29 00:00:00-05:00,39.08486557006836,39.08486557006836,39.08486557006836,39.08486557006836,1,0.0,0.0,0.0
2024-01-30 00:00:00-05:00,39.250465393066406,39.250465393066406,39.250465393066406,39.250465393066406,6,0.0,0.0,0.0
2024-01-31 00:00:00-05:00,38.74611282348633,38.74611282348633,38.74611282348633,38.74611282348633,1,0.0,0.0,0.0
2024-02-01 00:00:00-05:00,38.94334411621094,38.94334411621094,38.94334411621094,38.94334411621094,2,0.0,0.0,0.0
2024-02-02 00:00:00-05:00,38.57544708251953,38.57544708251953,38.57544708251953,38.57544708251953,4,0.0,0.0,0.0
2024-02-05 00:00:00-05:00,38.174007415771484,38.174007415771484,38.174007415771484,38.174007415771484,1,0.0,0.0,0.0
2024-02-06 00:00:00-05:00,38.0259895324707,38.0259895324707,38.0259895324707,38.0259895324707,1,0.0,0.0,0.0
2024-02-07 00:00:00-05:00,38.05168914794922,38.05168914794922,38.05168914794922,38.05168914794922,2,0.0,0.0,0.0
2024-02-08 00:00:00-05:00,38.05876159667969,38.05876159667969,38.05876159667969,38.05876159667969,2,0.0,0.0,0.0
2024-02-09 00:00:00-05:00,38.01069641113281,38.01069641113281,38.01069641113281,38.01069641113281,1,0.0,0.0,0.0
2024-02-12 00:00:00-05:00,38.57965087890625,38.57965087890625,38.57965087890625,38.57965087890625,22,0.0,0.0,0.0
2024-02-13 00:00:00-05:00,38.11991882324219,38.11991882324219,38.11991882324219,38.11991882324219,2,0.0,0.0,0.0
2024-02-14 00:00:00-05:00,38.072235107421875,38.072235107421875,38.072235107421875,38.072235107421875,2,0.0,0.0,0.0
2024-02-15 00:00:00-05:00,38.972007751464844,38.972007751464844,38.972007751464844,38.972007751464844,28,0.0,0.0,0.0
2024-02-16 00:00:00-05:00,39.37277603149414,39.37277603149414,39.37277603149414,39.37277603149414,2,0.0,0.0,0.0
2024-02-20 00:00:00-05:00,39.432979583740234,39.432979583740234,39.432979583740234,39.432979583740234,14,0.0,0.0,0.0
2024-02-21 00:00:00-05:00,39.955013275146484,39.955013275146484,39.955013275146484,39.955013275146484,10,0.0,0.0,0.0
2024-02-22 00:00:00-05:00,40.03814697265625,40.03814697265625,40.03814697265625,40.03814697265625,4,0.0,0.0,0.0
2024-02-23 00:00:00-05:00,40.091468811035156,40.091468811035156,40.091468811035156,40.091468811035156,2,0.0,0.0,0.0
2024-02-26 00:00:00-05:00,39.759883880615234,39.759883880615234,39.759883880615234,39.759883880615234,2,0.0,0.0,0.0
2024-02-27 00:00:00-05:00,39.8281135559082,39.8281135559082,39.8281135559082,39.8281135559082,2,0.0,0.0,0.0
2024-02-28 00:00:00-05:00,39.60097122192383,39.60097122192383,39.60097122192383,39.60097122192383,4,0.0,0.0,0.0
2024-02-29 00:00:00-05:00,39.852577209472656,39.852577209472656,39.852577209472656,39.852577209472656,2,0.0,0.0,0.0
2024-03-01 00:00:00-05:00,40.22152328491211,40.22152328491211,40.22152328491211,40.22152328491211,2,0.0,0.0,0.0
2024-03-04 00:00:00-05:00,40.273887634277344,40.273887634277344,40.273887634277344,40.273887634277344,6,0.0,0.0,0.0
2024-03-05 00:00:00-05:00,40.56658172607422,40.56658172607422,40.56658172607422,40.56658172607422,1,0.0,0.0,0.0
2024-03-06 00:00:00-05:00,40.81321334838867,40.81321334838867,40.81321334838867,40.81321334838867,5,0.0,0.0,0.0
2024-03-07 00:00:00-05:00,40.896446228027344,40.896446228027344,40.896446228027344,40.896446228027344,4,0.0,0.0,0.0
2024-03-08 00:00:00-05:00,40.77833938598633,40.77833938598633,40.77833938598633,40.77833938598633,1,0.0,0.0,0.0
2024-03-11 00:00:00-04:00,41.00385665893555,41.00385665893555,41.00385665893555,41.00385665893555,1,0.0,0.0,0.0
2024-03-12 00:00:00-04:00,41.13983154296875,41.13983154296875,41.13983154296875,41.13983154296875,1,0.0,0.0,0.0
2024-03-13 00:00:00-04:00,41.22048568725586,41.22048568725586,41.22048568725586,41.22048568725586,10,0.0,0.0,0.0
2024-03-14 00:00:00-04:00,40.84236526489258,40.84236526489258,40.84236526489258,40.84236526489258,2,0.0,0.0,0.0
2024-03-15 00:00:00-04:00,40.99420166015625,40.99420166015625,40.99420166015625,40.99420166015625,1,0.0,0.0,0.0
2024-03-18 00:00:00-04:00,41.12855911254883,41.12855911254883,41.12855911254883,41.12855911254883,1,0.0,0.0,0.0
2024-03-19 00:00:00-04:00,41.46262741088867,41.46262741088867,41.46262741088867,41.46262741088867,1,0.0,0.0,0.0
2024-03-20 00:00:00-04:00,41.617431640625,41.617431640625,41.617431640625,41.617431640625,1,0.0,0.0,0.0
2024-03-21 00:00:00-04:00,41.75733184814453,41.75733184814453,41.75733184814453,41.75733184814453,4,0.0,0.0,0.0
2024-03-22 00:00:00-04:00,41.56401443481445,41.56401443481445,41.56401443481445,41.56401443481445,1,0.0,0.0,0.0
2024-03-25 00:00:00-04:00,41.628997802734375,41.628997802734375,41.628997802734375,41.628997802734375,1,0.0,0.0,0.0
2024-03-26 00:00:00-04:00,41.52311706542969,41.52311706542969,41.52311706542969,41.52311706542969,1,0.0,0.0,0.0
2024-03-27 00:00:00-04:00,41.79526901245117,41.79526901245117,41.79526901245117,41.79526901245117,3,0.0,0.0,0.0
2024-03-28 00:00:00-04:00,42.24687194824219,42.24687194824219,42.24687194824219,42.24687194824219,1,0.0,0.0,0.0
2024-04-01 00:00:00-04:00,42.175296783447266,42.175296783447266,42.175296783447266,42.175296783447266,1,0.0,0.0,0.0
2024-04-02 00:00:00-04:00,42.379600524902344,42.379600524902344,42.379600524902344,42.379600524902344,1,0.0,0.0,0.0
2024-04-03 00:00:00-04:00,42.57683181762695,42.57683181762695,42.57683181762695,42.57683181762695,1,0.0,0.0,0.0
2024-04-04 00:00:00-04:00,42.32675552368164,42.32675552368164,42.32675552368164,42.32675552368164,2,0.0,0.0,0.0
2024-04-05 00:00:00-04:00,42.229095458984375,42.229095458984375,42.229095458984375,42.229095458984375,1,0.0,0.0,0.0
2024-04-08 00:00:00-04:00,42.0850944519043,42.0850944519043,42.0850944519043,42.0850944519043,1,0.0,0.0,0.0
2024-04-09 00:00:00-04:00,41.99287796020508,41.99287796020508,41.99287796020508,41.99287796020508,63,0.0,0.0,0.0
2024-04-10 00:00:00-04:00,41.613319396972656,41.613319396972656,41.613319396972656,41.613319396972656,35,0.0,0.0,0.0
2024-04-11 00:00:00-04:00,41.46645736694336,41.46645736694336,41.46645736694336,41.46645736694336,4,0.6772,0.0,0.0
2024-04-12 00:00:00-04:00,41.02490234375,41.02490234375,41.02490234375,41.02490234375,5,0.0,0.0,0.0
2024-04-15 00:00:00-04:00,40.548980712890625,40.548980712890625,40.548980712890625,40.548980712890625,136,0.0,0.0,0.0
2024-04-16 00:00:00-04:00,40.15110397338867,40.15110397338867,40.15110397338867,40.15110397338867,11,0.0,0.0,0.0
2024-04-17 00:00:00-04:00,40.371543884277344,40.371543884277344,40.371543884277344,40.371543884277344,11,0.0,0.0,0.0
2024-04-18 00:00:00-04:00,40.75165557861328,40.75165557861328,40.75165557861328,40.75165557861328,2,0.0,0.0,0.0
2024-04-19 00:00:00-04:00,41.50868606567383,41.50868606567383,41.50868606567383,41.50868606567383,11,0.0,0.0,0.0
2024-04-22 00:00:00-04:00,41.676124572753906,41.676124572753906,41.676124572753906,41.676124572753906,11,0.0,0.0,0.0
2024-04-23 00:00:00-04:00,41.75484848022461,41.75484848022461,41.75484848022461,41.75484848022461,11,0.0,0.0,0.0
2024-04-24 00:00:00-04:00,41.98091506958008,41.98091506958008,41.98091506958008,41.98091506958008,19,0.0,0.0,0.0
2024-04-25 00:00:00-04:00,42.14204788208008,42.14204788208008,42.14204788208008,42.14204788208008,3,0.0,0.0,0.0
2024-04-26 00:00:00-04:00,42.099342346191406,42.099342346191406,42.099342346191406,42.099342346191406,1,0.0,0.0,0.0
2024-04-29 00:00:00-04:00,42.320457458496094,42.320457458496094,42.320457458496094,42.320457458496094,1,0.0,0.0,0.0
2024-04-30 00:00:00-04:00,41.595272064208984,41.595272064208984,41.595272064208984,41.595272064208984,23,0.0,0.0,0.0
2024-05-01 00:00:00-04:00,41.23903274536133,41.23903274536133,41.23903274536133,41.23903274536133,1,0.0,0.0,0.0
2024-05-02 00:00:00-04:00,41.785133361816406,41.785133361816406,41.785133361816406,41.785133361816406,1,0.0,0.0,0.0
2024-05-03 00:00:00-04:00,42.12418746948242,42.12418746948242,42.12418746948242,42.12418746948242,18,0.0,0.0,0.0
2024-05-06 00:00:00-04:00,42.341426849365234,42.341426849365234,42.341426849365234,42.341426849365234,18,0.0,0.0,0.0
2024-05-07 00:00:00-04:00,42.504791259765625,42.504791259765625,42.504791259765625,42.504791259765625,4,0.0,0.0,0.0
2024-05-08 00:00:00-04:00,42.7371711730957,42.7371711730957,42.7371711730957,42.7371711730957,10,0.0,0.0,0.0
2024-05-09 00:00:00-04:00,42.88286590576172,42.88286590576172,42.88286590576172,42.88286590576172,2,0.0,0.0,0.0
2024-05-10 00:00:00-04:00,42.963531494140625,42.963531494140625,42.963531494140625,42.963531494140625,4,0.0,0.0,0.0
2024-05-13 00:00:00-04:00,42.88500213623047,42.88500213623047,42.88500213623047,42.88500213623047,12,0.0,0.0,0.0
2024-05-14 00:00:00-04:00,43.19998550415039,43.19998550415039,43.19998550415039,43.19998550415039,5,0.0,0.0,0.0
2024-05-15 00:00:00-04:00,43.196590423583984,43.196590423583984,43.196590423583984,43.196590423583984,4,0.0,0.0,0.0
2024-05-16 00:00:00-04:00,43.202701568603516,43.202701568603516,43.202701568603516,43.202701568603516,2,0.0,0.0,0.0
2024-05-17 00:00:00-04:00,43.453426361083984,43.453426361083984,43.453426361083984,43.453426361083984,14,0.0,0.0,0.0
2024-05-20 00:00:00-04:00,43.622031871941026,43.622031871941026,43.58932113647461,43.58932113647461,1546,0.0,0.0,0.0
2024-05-21 00:00:00-04:00,43.61484909057617,43.61484909057617,43.61484909057617,43.61484909057617,8,0.0,0.0,0.0
2024-05-22 00:00:00-04:00,43.037010192871094,43.037010192871094,43.037010192871094,43.037010192871094,7,0.0,0.0,0.0
2024-05-23 00:00:00-04:00,42.552452087402344,42.552452087402344,42.552452087402344,42.552452087402344,4,0.0,0.0,0.0
2024-05-24 00:00:00-04:00,42.62059020996094,42.62059020996094,42.62059020996094,42.62059020996094,5,0.0,0.0,0.0
2024-05-28 00:00:00-04:00,42.741634368896484,42.741634368896484,42.741634368896484,42.741634368896484,6,0.0,0.0,0.0
2024-05-29 00:00:00-04:00,42.311920166015625,42.311920166015625,42.311920166015625,42.311920166015625,43,0.0,0.0,0.0
2024-05-30 00:00:00-04:00,42.41714096069336,42.41714096069336,42.41714096069336,42.41714096069336,40,0.0,0.0,0.0
2024-05-31 00:00:00-04:00,43.042057037353516,43.042057037353516,43.042057037353516,43.042057037353516,1,0.0,0.0,0.0
2024-06-03 00:00:00-04:00,42.6163215637207,42.66107017804837,42.6163215637207,42.6163215637207,1039,0.0,0.0,0.0
2024-06-04 00:00:00-04:00,42.726593017578125,42.726593017578125,42.726593017578125,42.726593017578125,1,0.0,0.0,0.0
2024-06-05 00:00:00-04:00,43.01487731933594,43.01487731933594,43.01487731933594,43.01487731933594,6,0.0,0.0,0.0
2024-06-06 00:00:00-04:00,43.046424865722656,43.046424865722656,43.046424865722656,43.046424865722656,8,0.0,0.0,0.0
2024-06-07 00:00:00-04:00,42.93489456176758,42.93489456176758,42.93489456176758,42.93489456176758,23,0.0,0.0,0.0
2024-06-10 00:00:00-04:00,43.28511428833008,43.28511428833008,43.28511428833008,43.28511428833008,4,0.0,0.0,0.0
2024-06-11 00:00:00-04:00,43.0745735168457,43.0745735168457,43.0745735168457,43.0745735168457,96,0.0,0.0,0.0
2024-06-12 00:00:00-04:00,43.20357894897461,43.20357894897461,43.20357894897461,43.20357894897461,3,0.0,0.0,0.0
2024-06-13 00:00:00-04:00,42.924896240234375,42.924896240234375,42.924896240234375,42.924896240234375,4,0.0,0.0,0.0
2024-06-14 00:00:00-04:00,42.5897216796875,42.5897216796875,42.5897216796875,42.5897216796875,3,0.0,0.0,0.0
2024-06-17 00:00:00-04:00,42.540218353271484,42.540218353271484,42.540218353271484,42.540218353271484,3,0.0,0.0,0.0
2024-06-18 00:00:00-04:00,42.695716857910156,42.695716857910156,42.695716857910156,42.695716857910156,1,0.0,0.0,0.0
2024-06-20 00:00:00-04:00,43.02507019042969,43.02507019042969,43.02507019042969,43.02507019042969,20,0.0,0.0,0.0
2024-06-21 00:00:00-04:00,43.004783630371094,43.004783630371094,43.004783630371094,43.004783630371094,8,0.0,0.0,0.0
2024-06-24 00:00:00-04:00,43.81616532910347,43.81616532910347,43.766273498535156,43.766273498535156,265,0.0,0.0,0.0
2024-06-25 00:00:00-04:00,43.77122497558594,43.77122497558594,43.77122497558594,43.77122497558594,26,0.0,0.0,0.0
2024-06-26 00:00:00-04:00,43.6280517578125,43.6280517578125,43.6280517578125,43.6280517578125,25,0.0,0.0,0.0
2024-06-27 00:00:00-04:00,43.60912322998047,43.60912322998047,43.60912322998047,43.60912322998047,31,0.0,0.0,0.0
2024-06-28 00:00:00-04:00,43.90168380737305,43.90168380737305,43.90168380737305,43.90168380737305,2,0.0,0.0,0.0
2024-07-01 00:00:00-04:00,44.07825021408994,44.087955312520734,43.89527893066406,43.89527893066406,4405,0.0,0.0,0.0
2024-07-02 00:00:00-04:00,44.06300735473633,44.06300735473633,44.06300735473633,44.06300735473633,48,0.0,0.0,0.0
2024-07-03 00:00:00-04:00,44.34275817871094,44.34275817871094,44.34275817871094,44.34275817871094,85,0.0,0.0,0.0
2024-07-05 00:00:00-04:00,44.020687103271484,44.020687103271484,44.020687103271484,44.020687103271484,8,0.0,0.0,0.0
2024-07-08 00:00:00-04:00,43.91100311279297,43.91100311279297,43.91100311279297,43.91100311279297,46,0.0,0.0,0.0
2024-07-09 00:00:00-04:00,43.94905471801758,43.94905471801758,43.94905471801758,43.94905471801758,105,0.0,0.0,0.0
2024-07-10 00:00:00-04:00,44.16289138793945,44.16289138793945,44.16289138793945,44.16289138793945,70,0.0,0.0,0.0
2024-07-11 00:00:00-04:00,44.351497650146484,44.351497650146484,44.351497650146484,44.351497650146484,26,0.0,0.0,0.0
2024-07-12 00:00:00-04:00,44.59047317504883,44.59047317504883,44.59047317504883,44.59047317504883,11,0.0,0.0,0.0
2024-07-15 00:00:00-04:00,44.01371512616914,44.71359634399414,43.98414008518423,44.71359634399414,10124,0.7026,0.0,0.0
2024-07-16 00:00:00-04:00,44.822715759277344,44.822715759277344,44.822715759277344,44.822715759277344,4,0.0,0.0,0.0
2024-07-17 00:00:00-04:00,45.34447394432222,45.34447394432222,44.937259674072266,44.937259674072266,283,0.0,0.0,0.0
2024-07-18 00:00:00-04:00,45.2419548034668,45.2419548034668,45.2419548034668,45.2419548034668,10,0.0,0.0,0.0
2024-07-19 00:00:00-04:00,45.6138801574707,45.6138801574707,45.6138801574707,45.6138801574707,3,0.0,0.0,0.0
2024-07-22 00:00:00-04:00,46.02730178833008,46.02730178833008,46.02730178833008,46.02730178833008,8,0.0,0.0,0.0
2024-07-23 00:00:00-04:00,45.65547561645508,45.65547561645508,45.65547561645508,45.65547561645508,1,0.0,0.0,0.0
2024-07-24 00:00:00-04:00,45.344471582142646,45.344471582142646,45.03208923339844,45.03208923339844,208,0.0,0.0,0.0
2024-07-25 00:00:00-04:00,44.81670379638672,44.81670379638672,44.81670379638672,44.81670379638672,3,0.0,0.0,0.0
2024-07-26 00:00:00-04:00,45.177982330322266,45.177982330322266,45.177982330322266,45.177982330322266,7,0.0,0.0,0.0
2024-07-29 00:00:00-04:00,45.181331634521484,45.181331634521484,45.181331634521484,45.181331634521484,3,0.0,0.0,0.0
2024-07-30 00:00:00-04:00,45.51786804199219,45.51786804199219,45.51786804199219,45.51786804199219,2,0.0,0.0,0.0
2024-07-31 00:00:00-04:00,45.455078125,45.455078125,45.455078125,45.455078125,90,0.0,0.0,0.0
2024-08-01 00:00:00-04:00,45.34792709350586,45.34792709350586,45.34792709350586,45.34792709350586,70,0.0,0.0,0.0
2024-08-02 00:00:00-04:00,44.689247131347656,44.689247131347656,44.689247131347656,44.689247131347656,128,0.0,0.0,0.0
2024-08-05 00:00:00-04:00,43.1462543537229,43.683685302734375,43.10682347280733,43.683685302734375,2363,0.0,0.0,0.0
2024-08-06 00:00:00-04:00,44.39815622333848,44.83572769165039,44.38829662302985,44.83572769165039,2002,0.0,0.0,0.0
2024-08-07 00:00:00-04:00,44.770076751708984,44.770076751708984,44.770076751708984,44.770076751708984,12,0.0,0.0,0.0
2024-08-08 00:00:00-04:00,45.524078369140625,45.524078369140625,45.524078369140625,45.524078369140625,7,0.0,0.0,0.0
2024-08-09 00:00:00-04:00,45.07871627807617,45.07871627807617,45.07871627807617,45.07871627807617,1,0.0,0.0,0.0
2024-08-12 00:00:00-04:00,44.85544204711914,44.85544204711914,44.85544204711914,44.85544204711914,3,0.0,0.0,0.0
2024-08-13 00:00:00-04:00,44.96249427741507,44.96249427741507,44.94721603393555,44.94721603393555,210,0.0,0.0,0.0
2024-08-14 00:00:00-04:00,45.53521728515625,45.53521728515625,45.53521728515625,45.53521728515625,85,0.0,0.0,0.0
2024-08-15 00:00:00-04:00,45.74665832519531,45.74665832519531,45.74665832519531,45.74665832519531,20,0.0,0.0,0.0
2024-08-16 00:00:00-04:00,46.165409088134766,46.165409088134766,46.165409088134766,46.165409088134766,1,0.0,0.0,0.0
2024-08-19 00:00:00-04:00,46.49306869506836,46.49306869506836,46.49306869506836,46.49306869506836,379,0.0,0.0,0.0
2024-08-20 00:00:00-04:00,45.92034912109375,45.92034912109375,45.92034912109375,45.92034912109375,1,0.0,0.0,0.0
2024-08-21 00:00:00-04:00,45.8812141418457,45.8812141418457,45.8812141418457,45.8812141418457,87,0.0,0.0,0.0
2024-08-22 00:00:00-04:00,45.9753532409668,45.9753532409668,45.9753532409668,45.9753532409668,14,0.0,0.0,0.0
2024-08-23 00:00:00-04:00,46.471282958984375,46.471282958984375,46.471282958984375,46.471282958984375,3,0.0,0.0,0.0
2024-08-26 00:00:00-04:00,46.682132720947266,46.682132720947266,46.682132720947266,46.682132720947266,15,0.0,0.0,0.0
2024-08-27 00:00:00-04:00,46.45955276489258,46.45955276489258,46.45955276489258,46.45955276489258,1,0.0,0.0,0.0
2024-08-28 00:00:00-04:00,46.15298843383789,46.15298843383789,46.15298843383789,46.15298843383789,1,0.0,0.0,0.0
2024-08-29 00:00:00-04:00,46.61609157333271,46.670108795166016,46.61609157333271,46.670108795166016,602,0.0,0.0,0.0
2024-08-30 00:00:00-04:00,47.133018493652344,47.133018493652344,47.133018493652344,47.133018493652344,1,0.0,0.0,0.0
2024-09-03 00:00:00-04:00,46.86055374145508,46.86055374145508,46.86055374145508,46.86055374145508,16,0.0,0.0,0.0
2024-09-04 00:00:00-04:00,46.69051742553711,46.69051742553711,46.69051742553711,46.69051742553711,11,0.0,0.0,0.0
2024-09-05 00:00:00-04:00,46.854740142822266,46.854740142822266,46.854740142822266,46.854740142822266,3,0.0,0.0,0.0
2024-09-06 00:00:00-04:00,46.550437927246094,46.550437927246094,46.550437927246094,46.550437927246094,11,0.0,0.0,0.0
2024-09-09 00:00:00-04:00,46.62890625,46.62890625,46.62890625,46.62890625,5,0.0,0.0,0.0
2024-09-10 00:00:00-04:00,46.51130676269531,46.51130676269531,46.51130676269531,46.51130676269531,1,0.0,0.0,0.0
2024-09-11 00:00:00-04:00,46.4470329284668,46.4470329284668,46.4470329284668,46.4470329284668,11,0.0,0.0,0.0
2024-09-12 00:00:00-04:00,46.78997802734375,46.78997802734375,46.78997802734375,46.78997802734375,11,0.0,0.0,0.0
2024-09-13 00:00:00-04:00,47.21305847167969,47.21305847167969,47.21305847167969,47.21305847167969,1,0.0,0.0,0.0
2024-09-16 00:00:00-04:00,47.580745697021484,47.580745697021484,47.580745697021484,47.580745697021484,2,0.0,0.0,0.0
2024-09-17 00:00:00-04:00,47.508392333984375,47.508392333984375,47.508392333984375,47.508392333984375,3,0.0,0.0,0.0
2024-09-18 00:00:00-04:00,47.463834765265986,47.4805908203125,47.463834765265986,47.4805908203125,105,0.0,0.0,0.0
2024-09-19 00:00:00-04:00,47.17737579345703,47.17737579345703,47.17737579345703,47.17737579345703,4,0.0,0.0,0.0
2024-09-20 00:00:00-04:00,47.34751892089844,47.34751892089844,47.34751892089844,47.34751892089844,6,0.0,0.0,0.0
2024-09-23 00:00:00-04:00,47.98401641845703,47.98401641845703,47.98401641845703,47.98401641845703,98,0.0,0.0,0.0
2024-09-24 00:00:00-04:00,48.02157211303711,48.02157211303711,48.02157211303711,48.02157211303711,1,0.0,0.0,0.0
2024-09-25 00:00:00-04:00,47.808846262044185,47.90732192993164,47.808846262044185,47.90732192993164,205,0.0,0.0,0.0
2024-09-26 00:00:00-04:00,48.02571263103869,48.02571263103869,47.73846435546875,47.73846435546875,103,0.0,0.0,0.0
2024-09-27 00:00:00-04:00,47.38270568847656,47.38270568847656,47.38270568847656,47.38270568847656,1,0.0,0.0,0.0
2024-09-30 00:00:00-04:00,47.38270568847656,47.38270568847656,47.38270568847656,47.38270568847656,0,0.0,0.0,0.0
2024-10-01 00:00:00-04:00,48.0198974609375,48.0198974609375,48.0198974609375,48.0198974609375,101,0.0,0.0,0.0
2024-10-02 00:00:00-04:00,48.334449768066406,48.334449768066406,48.334449768066406,48.334449768066406,3,0.0,0.0,0.0
2024-10-03 00:00:00-04:00,48.334449768066406,48.334449768066406,48.334449768066406,48.334449768066406,0,0.0,0.0,0.0
2024-10-04 00:00:00-04:00,49.12265396118164,49.12265396118164,49.12265396118164,49.12265396118164,94,0.0,0.0,0.0
2024-10-07 00:00:00-04:00,49.18889636491723,49.18889636491723,48.99549102783203,48.99549102783203,167,0.0,0.0,0.0
2024-10-08 00:00:00-04:00,48.60129165649414,48.60129165649414,48.60129165649414,48.60129165649414,125,0.0,0.0,0.0
2024-10-09 00:00:00-04:00,49.00071716308594,49.00071716308594,49.00071716308594,49.00071716308594,2,0.0,0.0,0.0
2024-10-10 00:00:00-04:00,49.09031940744102,49.09031940744102,49.00870132446289,49.00870132446289,107,0.0,0.0,0.0
2024-10-11 00:00:00-04:00,49.60390090942383,49.60390090942383,49.60390090942383,49.60390090942383,9,0.7085,0.0,0.0
2024-10-14 00:00:00-04:00,49.64289855957031,49.64289855957031,49.64289855957031,49.64289855957031,54,0.0,0.0,0.0
2024-10-15 00:00:00-04:00,49.40760040283203,49.40760040283203,49.40760040283203,49.40760040283203,4,0.0,0.0,0.0
2024-10-16 00:00:00-04:00,49.72460174560547,49.72460174560547,49.72460174560547,49.72460174560547,48,0.0,0.0,0.0
2024-10-17 00:00:00-04:00,49.810001373291016,49.810001373291016,49.68790054321289,49.68790054321289,200,0.0,0.0,0.0
2024-10-18 00:00:00-04:00,49.68790054321289,49.68790054321289,49.68790054321289,49.68790054321289,0,0.0,0.0,0.0
2024-10-21 00:00:00-04:00,49.57440185546875,49.57440185546875,49.57440185546875,49.57440185546875,38,0.0,0.0,0.0
2024-10-22 00:00:00-04:00,49.70479965209961,49.70479965209961,49.70479965209961,49.70479965209961,42,0.0,0.0,0.0
2024-10-23 00:00:00-04:00,49.52000045776367,49.52000045776367,49.49789810180664,49.49789810180664,254,0.0,0.0,0.0
2024-10-24 00:00:00-04:00,49.624298095703125,49.624298095703125,49.624298095703125,49.624298095703125,163,0.0,0.0,0.0
2024-10-25 00:00:00-04:00,49.470298767089844,49.470298767089844,49.470298767089844,49.470298767089844,42,0.0,0.0,0.0
2024-10-28 00:00:00-04:00,49.2661018371582,49.63999938964844,49.2661018371582,49.2661018371582,301,0.0,0.0,0.0
2024-10-29 00:00:00-04:00,49.158599853515625,49.158599853515625,49.158599853515625,49.158599853515625,119,0.0,0.0,0.0
2024-10-30 00:00:00-04:00,49.33720016479492,49.33720016479492,49.33720016479492,49.33720016479492,8,0.0,0.0,0.0
2024-10-31 00:00:00-04:00,49.41790008544922,49.41790008544922,49.41790008544922,49.41790008544922,29,0.0,0.0,0.0
2024-11-01 00:00:00-04:00,49.101898193359375,49.101898193359375,49.101898193359375,49.101898193359375,6,0.0,0.0,0.0
2024-11-04 00:00:00-05:00,49.496498107910156,49.496498107910156,49.496498107910156,49.496498107910156,1,0.0,0.0,0.0
2024-11-05 00:00:00-05:00,50.17290115356445,50.17290115356445,50.17290115356445,50.17290115356445,44,0.0,0.0,0.0
2024-11-06 00:00:00-05:00,51.54389953613281,51.54389953613281,51.54389953613281,51.54389953613281,26,0.0,0.0,0.0
2024-11-07 00:00:00-05:00,52.02370071411133,52.02370071411133,52.02370071411133,52.02370071411133,12,0.0,0.0,0.0
2024-11-08 00:00:00-05:00,52.02370071411133,52.02370071411133,52.02370071411133,52.02370071411133,0,0.0,0.0,0.0
2024-11-11 00:00:00-05:00,52.02370071411133,52.02370071411133,52.02370071411133,52.02370071411133,0,0.0,0.0,0.0
2024-11-12 00:00:00-05:00,52.02370071411133,52.02370071411133,52.02370071411133,52.02370071411133,0,0.0,0.0,0.0
2024-11-13 00:00:00-05:00,52.02370071411133,52.02370071411133,52.02370071411133,52.02370071411133,0,0.0,0.0,0.0
2024-11-14 00:00:00-05:00,52.02370071411133,52.02370071411133,52.02370071411133,52.02370071411133,0,0.0,0.0,0.0
2024-11-15 00:00:00-05:00,52.02370071411133,52.02370071411133,52.02370071411133,52.02370071411133,0,0.0,0.0,0.0
2024-11-18 00:00:00-05:00,52.02370071411133,52.02370071411133,52.02370071411133,52.02370071411133,0,0.0,0.0,0.0
2024-11-19 00:00:00-05:00,52.02370071411133,52.02370071411133,52.02370071411133,52.02370071411133,0,0.0,0.0,0.0
2024-11-20 00:00:00-05:00,52.02370071411133,52.02370071411133,52.02370071411133,52.02370071411133,0,0.0,0.0,0.0
2024-11-21 00:00:00-05:00,52.02370071411133,52.02370071411133,52.02370071411133,52.02370071411133,0,0.0,0.0,0.0
2024-11-22 00:00:00-05:00,52.02370071411133,52.02370071411133,52.02370071411133,52.02370071411133,0,0.0,0.0,0.0
2024-11-25 00:00:00-05:00,52.02370071411133,52.02370071411133,52.02370071411133,52.02370071411133,0,0.0,0.0,0.0
2024-11-26 00:00:00-05:00,52.02370071411133,52.02370071411133,52.02370071411133,52.02370071411133,0,0.0,0.0,0.0
2024-11-27 00:00:00-05:00,52.02370071411133,52.02370071411133,52.02370071411133,52.02370071411133,0,0.0,0.0,0.0
2024-11-29 00:00:00-05:00,52.02370071411133,52.02370071411133,52.02370071411133,52.02370071411133,0,0.0,0.0,0.0
2024-12-02 00:00:00-05:00,52.02370071411133,52.02370071411133,52.02370071411133,52.02370071411133,0,0.0,0.0,0.0
2024-12-03 00:00:00-05:00,52.02370071411133,52.02370071411133,52.02370071411133,52.02370071411133,0,0.0,0.0,0.0
2024-12-04 00:00:00-05:00,52.02370071411133,52.02370071411133,52.02370071411133,52.02370071411133,0,0.0,0.0,0.0
2024-12-05 00:00:00-05:00,52.02370071411133,52.02370071411133,52.02370071411133,52.02370071411133,0,0.0,0.0,0.0
2024-12-06 00:00:00-05:00,55.0,55.0,54.68769836425781,54.68769836425781,477,0.0,0.0,0.0
2024-12-09 00:00:00-05:00,54.68769836425781,54.68769836425781,54.68769836425781,54.68769836425781,0,0.0,0.0,0.0
2024-12-10 00:00:00-05:00,53.560001373291016,53.560001373291016,51.75,51.75,815,0.0,0.0,0.0
2024-12-11 00:00:00-05:00,53.54999923706055,53.54999923706055,53.540000915527344,53.540000915527344,2701,0.0,0.0,0.0
2024-12-12 00:00:00-05:00,53.540000915527344,53.540000915527344,53.540000915527344,53.540000915527344,0,0.0,0.0,0.0
