Date,Open,High,Low,Close,Volume,Dividends,Stock Splits,Capital Gains
2022-10-14 00:00:00-04:00,24.913524196396132,24.913524196396132,24.05521583557129,24.05521583557129,600,0.0,0.0,0.0
2022-10-17 00:00:00-04:00,24.58907565383649,24.749332427978516,24.58907565383649,24.749332427978516,49700,0.0,0.0,0.0
2022-10-18 00:00:00-04:00,24.87419327019594,24.972510617657658,24.87419327019594,24.957763671875,27700,0.0,0.0,0.0
2022-10-19 00:00:00-04:00,24.549750712170095,24.707057739641726,24.549750712170095,24.7021427154541,700,0.0,0.0,0.0
2022-10-20 00:00:00-04:00,24.402278388237384,24.46520233154297,24.402278388237384,24.46520233154297,300,0.0,0.0,0.0
2022-10-21 00:00:00-04:00,25.03052177088722,25.18881330771041,25.03052177088722,25.113107681274414,24100,0.0,0.0,0.0
2022-10-24 00:00:00-04:00,25.35595054735683,25.473929875569024,25.336286700905596,25.39724349975586,13600,0.0,0.0,0.0
2022-10-25 00:00:00-04:00,25.572248809930585,25.808209356157153,25.572248809930585,25.794445037841797,11100,0.0,0.0,0.0
2022-10-26 00:00:00-04:00,25.74921686712438,25.86719618968705,25.74921686712438,25.774778366088867,3200,0.0,0.0,0.0
2022-10-27 00:00:00-04:00,26.0441681736953,26.112989760704032,25.93601889396866,25.938968658447266,10800,0.0,0.0,0.0
2022-10-28 00:00:00-04:00,26.201477046618095,26.575082652863156,26.201477046618095,26.54755401611328,3600,0.0,0.0,0.0
2022-10-31 00:00:00-04:00,26.44727031825312,26.50625998803869,26.3686168001231,26.416791915893555,11800,0.0,0.0,0.0
2022-11-01 00:00:00-04:00,26.466931176019965,26.50625699301754,26.44726732989739,26.49249267578125,600,0.0,0.0,0.0
2022-11-02 00:00:00-04:00,26.447264817129405,26.55541408528068,25.829833984375,25.829833984375,23800,0.0,0.0,0.0
2022-11-03 00:00:00-04:00,25.66073140719085,25.66073140719085,25.551599502563477,25.551599502563477,5800,0.0,0.0,0.0
2022-11-04 00:00:00-04:00,25.621404917862822,25.69317626953125,25.621404917862822,25.69317626953125,300,0.0,0.0,0.0
2022-11-07 00:00:00-05:00,25.778708197117513,25.949779510498047,25.778708197117513,25.949779510498047,900,0.0,0.0,0.0
2022-11-08 00:00:00-05:00,26.201475304261617,26.240802997144915,25.995010542367137,26.106107711791992,9600,0.0,0.0,0.0
2022-11-09 00:00:00-05:00,25.615506880231358,25.615506880231358,25.60174256300117,25.6105899810791,8100,0.0,0.0,0.0
2022-11-10 00:00:00-05:00,26.879861118609142,27.019471418153522,26.879861118609142,26.971296310424805,7100,0.0,0.0,0.0
2022-11-11 00:00:00-05:00,27.056834552598612,27.214141577593566,26.368614911809964,27.142370223999023,11700,0.0,0.0,0.0
2022-11-14 00:00:00-05:00,27.164980221973074,27.214139836168073,26.907390594482422,26.907390594482422,17700,0.0,0.0,0.0
2022-11-15 00:00:00-05:00,27.243634063635028,27.243634063635028,26.91918810695822,27.046018600463867,19200,0.0,0.0,0.0
2022-11-16 00:00:00-05:00,26.948683545257698,26.9585154680967,26.87986196063224,26.907390594482422,13200,0.0,0.0,0.0
2022-11-17 00:00:00-05:00,26.527889606521423,26.750085830688477,26.496428575937568,26.750085830688477,600,0.0,0.0,0.0
2022-11-18 00:00:00-05:00,26.87986333580432,27.007674588755055,26.86019948912032,26.936887741088867,4700,0.0,0.0,0.0
2022-11-21 00:00:00-05:00,26.919190927883903,26.942787170410156,26.919190927883903,26.942787170410156,11500,0.0,0.0,0.0
2022-11-22 00:00:00-05:00,27.214144275043008,27.35768699645996,27.214144275043008,27.35768699645996,2700,0.0,0.0,0.0
2022-11-23 00:00:00-05:00,27.459936575485237,27.459936575485237,27.43634033203125,27.43634033203125,15600,0.0,0.0,0.0
2022-11-25 00:00:00-05:00,27.49237632751465,27.49237632751465,27.49237632751465,27.49237632751465,100,0.0,0.0,0.0
2022-11-28 00:00:00-05:00,27.332121704733645,27.332121704733645,27.134506225585938,27.134506225585938,69400,0.0,0.0,0.0
2022-11-29 00:00:00-05:00,27.194480760020657,27.194480760020657,27.115827238761476,27.150238037109375,10400,0.0,0.0,0.0
2022-11-30 00:00:00-05:00,26.929019257404565,27.71555619438173,26.929019257404565,27.71260643005371,3500,0.0,0.0,0.0
2022-12-01 00:00:00-05:00,27.548417444315657,27.686060612230595,27.548417444315657,27.650667190551758,6300,0.0,0.0,0.0
2022-12-02 00:00:00-05:00,27.440266638605056,27.560213088989258,27.440266638605056,27.560213088989258,400,0.0,0.0,0.0
2022-12-05 00:00:00-05:00,27.164980611383353,27.164980611383353,26.98801162348712,26.98997688293457,4500,0.0,0.0,0.0
2022-12-06 00:00:00-05:00,26.811041223432262,26.82087314658202,26.584912616730563,26.68716049194336,19400,0.0,0.0,0.0
2022-12-07 00:00:00-05:00,26.70289655281003,26.70289655281003,26.67930030822754,26.67930030822754,8600,0.0,0.0,0.0
2022-12-08 00:00:00-05:00,26.83070572863412,26.83070572863412,26.80809211730957,26.80809211730957,200,0.0,0.0,0.0
2022-12-09 00:00:00-05:00,26.82087717931585,26.879866851836386,26.625225067138672,26.625225067138672,22000,0.0,0.0,0.0
2022-12-12 00:00:00-05:00,26.840536347028312,27.03520393371582,26.840536347028312,27.03520393371582,10900,0.0,0.0,0.0
2022-12-13 00:00:00-05:00,27.25346818424964,27.25346818424964,27.167932510375977,27.167932510375977,1100,0.0,0.0,0.0
2022-12-14 00:00:00-05:00,27.03717126044427,27.03717126044427,26.973264694213867,26.973264694213867,700,0.0,0.0,0.0
2022-12-15 00:00:00-05:00,26.54558640846655,26.54558640846655,26.34796905517578,26.34796905517578,500,0.0,0.0,0.0
2022-12-16 00:00:00-05:00,26.20147590620841,26.20147590620841,25.975347292677252,26.16018295288086,11200,0.0,0.0,0.0
2022-12-19 00:00:00-05:00,25.944869995117188,25.944869995117188,25.944869995117188,25.944869995117188,0,0.0,0.0,0.0
2022-12-20 00:00:00-05:00,26.093329080896638,26.093329080896638,26.024505615234375,26.024505615234375,200,0.0,0.0,0.0
2022-12-21 00:00:00-05:00,26.201476692550923,26.388279493149142,26.201476692550923,26.358783721923828,6800,0.0,0.0,0.0
2022-12-22 00:00:00-05:00,25.690226636435074,26.050067901611328,25.690226636435074,26.050067901611328,300,0.0,0.0,0.0
2022-12-23 00:00:00-05:00,25.975347873728005,26.19754409790039,25.96551595006137,26.19754409790039,17500,0.0,0.0,0.0
2022-12-27 00:00:00-05:00,26.230971270665957,26.57999610900879,26.230971270665957,26.57999610900879,4700,0.0,0.0,0.0
2022-12-28 00:00:00-05:00,26.240801710778797,26.240801710778797,25.88096046447754,25.88096046447754,1700,0.0,0.0,0.0
2022-12-29 00:00:00-05:00,26.308601584821464,26.308601584821464,26.280025482177734,26.280025482177734,20800,0.058,0.0,0.0
2022-12-30 00:00:00-05:00,26.131234399047557,26.1982364654541,26.111527135062282,26.1982364654541,2900,0.0,0.0,0.0
2023-01-03 00:00:00-05:00,26.17065044912684,26.17065044912684,26.11153052887511,26.117443084716797,4300,0.0,0.0,0.0
2023-01-04 00:00:00-05:00,26.269190819945585,26.525379704597416,26.23962991346656,26.38348960876465,26400,0.0,0.0,0.0
2023-01-05 00:00:00-05:00,26.15094468452316,26.160796438265937,26.081969252605248,26.089853286743164,3500,0.0,0.0,0.0
2023-01-06 00:00:00-05:00,26.643612600285646,26.64558219909668,26.643612600285646,26.64558219909668,800,0.0,0.0,0.0
2023-01-09 00:00:00-05:00,26.781562107283946,26.899801945804757,26.641643524169922,26.641643524169922,6700,0.0,0.0,0.0
2023-01-10 00:00:00-05:00,26.72244368698148,26.786489486694336,26.72244368698148,26.786489486694336,500,0.0,0.0,0.0
2023-01-11 00:00:00-05:00,26.978629305519497,27.130373001098633,26.968777551736093,27.130373001098633,2600,0.0,0.0,0.0
2023-01-12 00:00:00-05:00,27.23482352423092,27.23482352423092,27.155996322631836,27.155996322631836,14500,0.0,0.0,0.0
2023-01-13 00:00:00-05:00,27.136287663844595,27.239748001098633,27.136287663844595,27.239748001098633,10000,0.0,0.0,0.0
2023-01-17 00:00:00-05:00,27.32350058146653,27.32350058146653,27.20920181274414,27.20920181274414,17000,0.0,0.0,0.0
2023-01-18 00:00:00-05:00,27.175698736290116,27.175698736290116,26.816049575805664,26.816049575805664,500,0.0,0.0,0.0
2023-01-19 00:00:00-05:00,26.62391247532917,26.62391247532917,26.61504364013672,26.61504364013672,1000,0.0,0.0,0.0
2023-01-20 00:00:00-05:00,27.03873634338379,27.03873634338379,27.03873634338379,27.03873634338379,100,0.0,0.0,0.0
2023-01-23 00:00:00-05:00,27.34321055093301,27.362917820401375,27.19540978869759,27.283103942871094,3300,0.0,0.0,0.0
2023-01-24 00:00:00-05:00,27.293941423825334,27.323500445571305,27.293941423825334,27.30970573425293,5800,0.0,0.0,0.0
2023-01-25 00:00:00-05:00,27.33926773071289,27.33926773071289,27.33926773071289,27.33926773071289,0,0.0,0.0,0.0
2023-01-26 00:00:00-05:00,27.46145056893187,27.652605056762695,27.46145056893187,27.652605056762695,17300,0.0,0.0,0.0
2023-01-27 00:00:00-05:00,27.599397687795932,27.727491172542766,27.599397687795932,27.652605056762695,240200,0.0,0.0,0.0
2023-01-30 00:00:00-05:00,27.53042166634332,27.53042166634332,27.412179946899414,27.412179946899414,11500,0.0,0.0,0.0
2023-01-31 00:00:00-05:00,27.68808071852745,27.868398666381836,27.68808071852745,27.868398666381836,17400,0.0,0.0,0.0
2023-02-01 00:00:00-05:00,27.77676481165258,28.13247299194336,27.678230330469994,28.13247299194336,17300,0.0,0.0,0.0
2023-02-02 00:00:00-05:00,28.269424164861107,28.348251342773438,28.269424164861107,28.348251342773438,3200,0.0,0.0,0.0
2023-02-03 00:00:00-05:00,28.1117745369611,28.1117745369611,28.032947345791374,28.080242156982422,700,0.0,0.0,0.0
2023-02-06 00:00:00-05:00,27.85558519751172,27.85558519751172,27.7669043741086,27.789566040039062,400,0.0,0.0,0.0
2023-02-07 00:00:00-05:00,27.589543568397936,28.04279945348656,27.589543568397936,28.020137786865234,6600,0.0,0.0,0.0
2023-02-08 00:00:00-05:00,27.963974486500348,27.963974486500348,27.747200160650564,27.768877029418945,10100,0.0,0.0,0.0
2023-02-09 00:00:00-05:00,27.983680229500454,27.983680229500454,27.570823669433594,27.570823669433594,3100,0.0,0.0,0.0
2023-02-10 00:00:00-05:00,27.481155714644753,27.56983654152665,27.481155714644753,27.558998107910156,1800,0.0,0.0,0.0
2023-02-13 00:00:00-05:00,27.85755729675293,27.85755729675293,27.85755729675293,27.85755729675293,100,0.0,0.0,0.0
2023-02-14 00:00:00-05:00,28.08221209000948,28.08221209000948,27.786610609238416,27.951162338256836,3200,0.0,0.0,0.0
2023-02-15 00:00:00-05:00,27.914703684027177,28.061519622802734,27.885142784617294,28.061519622802734,5900,0.0,0.0,0.0
2023-02-16 00:00:00-05:00,27.934411459174697,28.05265130019147,27.81616973876953,27.81616973876953,2500,0.0,0.0,0.0
2023-02-17 00:00:00-05:00,27.737340047034785,27.782665252685547,27.668366499438363,27.782665252685547,9500,0.0,0.0,0.0
2023-02-21 00:00:00-05:00,27.333357110795983,27.333357110795983,27.166833877563477,27.166833877563477,4200,0.0,0.0,0.0
2023-02-22 00:00:00-05:00,27.165845185428932,27.284086906749955,27.1293888092041,27.1293888092041,15300,0.0,0.0,0.0
2023-02-23 00:00:00-05:00,27.27029037475586,27.27029037475586,27.27029037475586,27.27029037475586,100,0.0,0.0,0.0
2023-02-24 00:00:00-05:00,26.880101995563322,27.06731542431718,26.85054109026016,27.015092849731445,23700,0.0,0.0,0.0
2023-02-27 00:00:00-05:00,27.08307647705078,27.08307647705078,27.08307647705078,27.08307647705078,100,0.0,0.0,0.0
2023-02-28 00:00:00-05:00,27.19540427126058,27.19540427126058,27.028881072998047,27.028881072998047,1000,0.0,0.0,0.0
2023-03-01 00:00:00-05:00,26.98848332277456,26.98848332277456,26.951040267944336,26.951040267944336,800,0.0,0.0,0.0
2023-03-02 00:00:00-05:00,26.91951030249764,27.103769302368164,26.909656668990355,27.103769302368164,700,0.0,0.0,0.0
2023-03-03 00:00:00-05:00,27.52352523803711,27.52352523803711,27.52352523803711,27.52352523803711,0,0.0,0.0,0.0
2023-03-06 00:00:00-05:00,27.303796236161098,27.32350350579126,27.289016723632812,27.289016723632812,4600,0.0,0.0,0.0
2023-03-07 00:00:00-05:00,26.929363402290978,26.951040267944336,26.929363402290978,26.951040267944336,200,0.0,0.0,0.0
2023-03-08 00:00:00-05:00,26.95793914794922,26.95793914794922,26.95793914794922,26.95793914794922,0,0.0,0.0,0.0
2023-03-09 00:00:00-05:00,26.958925288376275,26.958925288376275,26.319438934326172,26.319438934326172,12300,0.0,0.0,0.0
2023-03-10 00:00:00-05:00,25.934169722089646,25.934169722089646,25.620832443237305,25.620832443237305,10300,0.0,0.0,0.0
2023-03-13 00:00:00-04:00,25.618861116141193,25.618861116141193,25.20501789985876,25.313405990600586,12800,0.0,0.0,0.0
2023-03-14 00:00:00-04:00,25.58930132632226,25.82578290598226,25.58930132632226,25.759765625,10200,0.0,0.0,0.0
2023-03-15 00:00:00-04:00,25.116337478505738,25.42179260893644,25.116337478505738,25.394203186035156,5100,0.0,0.0,0.0
2023-03-16 00:00:00-04:00,25.884904103390724,25.894757737235707,25.82578230032084,25.864212036132812,3500,0.0,0.0,0.0
2023-03-17 00:00:00-04:00,25.480914252842616,25.480914252842616,25.369569882979427,25.407012939453125,21600,0.0,0.0,0.0
2023-03-20 00:00:00-04:00,25.7863669349403,25.7863669349403,25.686847686767578,25.686847686767578,800,0.0,0.0,0.0
2023-03-21 00:00:00-04:00,26.02087940266686,26.111529819296862,25.96372908298983,26.046497344970703,7300,0.0,0.0,0.0
2023-03-22 00:00:00-04:00,26.031719724318407,26.031719724318407,25.49175262451172,25.49175262451172,2500,0.0,0.0,0.0
2023-03-23 00:00:00-04:00,25.79622355660552,25.79622355660552,25.42179298400879,25.42179298400879,11500,0.0,0.0,0.0
2023-03-24 00:00:00-04:00,25.101558882597146,25.47106170654297,25.101558882597146,25.47106170654297,9500,0.0,0.0,0.0
2023-03-27 00:00:00-04:00,25.6779812935591,25.75680848413886,25.66812765981307,25.701629638671875,8900,0.0,0.0,0.0
2023-03-28 00:00:00-04:00,25.754839335018627,25.754839335018627,25.58930091633687,25.713455200195312,4900,0.0,0.0,0.0
2023-03-29 00:00:00-04:00,25.935850744617788,26.064344964461068,25.935850744617788,26.029748916625977,300,0.081,0.0,0.0
2023-03-30 00:00:00-04:00,26.29167387621481,26.31144250423572,26.054455995684226,26.113759994506836,5400,0.0,0.0,0.0
2023-03-31 00:00:00-04:00,26.331206823015208,26.584239959716797,26.331206823015208,26.584239959716797,14900,0.0,0.0,0.0
2023-04-03 00:00:00-04:00,26.479473293783794,26.677153927394187,26.425110506837864,26.583255767822266,21200,0.0,0.0,0.0
2023-04-04 00:00:00-04:00,26.227428436279297,26.227428436279297,26.227428436279297,26.227428436279297,100,0.0,0.0,0.0
2023-04-05 00:00:00-04:00,25.965498182252997,26.120677947998047,25.945729554896413,26.120677947998047,4600,0.0,0.0,0.0
2023-04-06 00:00:00-04:00,25.995148364936796,26.127595901489258,25.995148364936796,26.127595901489258,9800,0.0,0.0,0.0
2023-04-10 00:00:00-04:00,26.301556525756112,26.400395889125466,26.271903585601297,26.358882904052734,28300,0.0,0.0,0.0
2023-04-11 00:00:00-04:00,26.598080092947452,26.66726840584131,26.53679847717285,26.53679847717285,5900,0.0,0.0,0.0
2023-04-12 00:00:00-04:00,26.59412607695219,26.617848052954752,26.365802764892578,26.365802764892578,5800,0.0,0.0,0.0
2023-04-13 00:00:00-04:00,26.509126260298004,26.726577423735726,26.499241945119895,26.62180519104004,64300,0.0,0.0,0.0
2023-04-14 00:00:00-04:00,26.627733815631114,26.63168716430664,26.55854550070891,26.63168716430664,9800,0.0,0.0,0.0
2023-04-17 00:00:00-04:00,26.6178492815965,27.062632110384854,26.6178492815965,26.809600830078125,36300,0.0,0.0,0.0
2023-04-18 00:00:00-04:00,26.756226795481048,26.855068055784063,26.756226795481048,26.841230392456055,19100,0.0,0.0,0.0
2023-04-19 00:00:00-04:00,26.607963492076397,26.78587736782328,26.607963492076397,26.761167526245117,42400,0.0,0.0,0.0
2023-04-20 00:00:00-04:00,26.696919159762327,26.706803472971327,26.548658232107247,26.573368072509766,17100,0.0,0.0,0.0
2023-04-21 00:00:00-04:00,26.50912403967853,26.5427303314209,26.420167095767646,26.5427303314209,87300,0.0,0.0,0.0
2023-04-24 00:00:00-04:00,26.50517026819512,26.591161727905273,26.50517026819512,26.591161727905273,500,0.0,0.0,0.0
2023-04-25 00:00:00-04:00,26.30156173974029,26.31144605508468,26.09893798828125,26.09893798828125,2200,0.0,0.0,0.0
2023-04-26 00:00:00-04:00,26.113760944740537,26.113760944740537,25.876543055578015,25.889392852783203,2500,0.0,0.0,0.0
2023-04-27 00:00:00-04:00,26.28178860905701,26.28178860905701,26.273881912231445,26.273881912231445,2700,0.0,0.0,0.0
2023-04-28 00:00:00-04:00,26.558547510267125,26.558547510267125,26.519010250039877,26.529882431030273,1200,0.0,0.0,0.0
2023-05-01 00:00:00-04:00,26.74634328406037,26.74634328406037,26.637619591178535,26.654420852661133,2900,0.0,0.0,0.0
2023-05-02 00:00:00-04:00,26.190853118896484,26.190853118896484,26.190853118896484,26.190853118896484,500,0.0,0.0,0.0
2023-05-03 00:00:00-04:00,26.390516772535438,26.430052145796186,26.123645933374462,26.137483596801758,2800,0.0,0.0,0.0
2023-05-04 00:00:00-04:00,25.871597290039062,25.871597290039062,25.871597290039062,25.871597290039062,100,0.0,0.0,0.0
2023-05-05 00:00:00-04:00,26.350979266050413,26.40039895347133,26.289697647094727,26.289697647094727,800,0.0,0.0,0.0
2023-05-08 00:00:00-04:00,26.27190399169922,26.27190399169922,26.27190399169922,26.27190399169922,200,0.0,0.0,0.0
2023-05-09 00:00:00-04:00,26.160215377807617,26.160215377807617,26.160215377807617,26.160215377807617,200,0.0,0.0,0.0
2023-05-10 00:00:00-04:00,26.153296274383468,26.196786880493164,26.153296274383468,26.196786880493164,2100,0.0,0.0,0.0
2023-05-11 00:00:00-04:00,26.074219805229266,26.113757056823328,26.074219805229266,26.10683822631836,6100,0.0,0.0,0.0
2023-05-12 00:00:00-04:00,26.123646315558194,26.123646315558194,25.807355783883953,25.947710037231445,11500,0.0,0.0,0.0
2023-05-15 00:00:00-04:00,25.975381800051935,26.19283103942871,25.975381800051935,26.19283103942871,47300,0.0,0.0,0.0
2023-05-16 00:00:00-04:00,25.965499423225346,26.034687737040052,25.89631110941064,25.923986434936523,49200,0.0,0.0,0.0
2023-05-17 00:00:00-04:00,25.945731824015372,26.410283296082685,25.945731824015372,26.379642486572266,7800,0.0,0.0,0.0
2023-05-18 00:00:00-04:00,26.682096481323242,26.682096481323242,26.682096481323242,26.682096481323242,200,0.0,0.0,0.0
2023-05-19 00:00:00-04:00,26.73645734051724,26.73645734051724,26.479472711003663,26.579301834106445,10600,0.0,0.0,0.0
2023-05-22 00:00:00-04:00,26.588190659832822,26.588190659832822,26.56644630432129,26.56644630432129,600,0.0,0.0,0.0
2023-05-23 00:00:00-04:00,26.350972524586737,26.350972524586737,26.291668537805542,26.3084716796875,6500,0.0,0.0,0.0
2023-05-24 00:00:00-04:00,26.01491389443308,26.068288803100586,26.01491389443308,26.068288803100586,500,0.0,0.0,0.0
2023-05-25 00:00:00-04:00,26.232371000970574,26.33911895751953,26.192833743235294,26.33911895751953,6100,0.0,0.0,0.0
2023-05-26 00:00:00-04:00,26.74634259376465,26.752273559570312,26.74634259376465,26.752273559570312,10200,0.0,0.0,0.0
2023-05-30 00:00:00-04:00,26.738433837890625,26.738433837890625,26.738433837890625,26.738433837890625,0,0.0,0.0,0.0
2023-05-31 00:00:00-04:00,26.301559925854228,26.468599753505494,26.301559925854228,26.458715438842773,2800,0.0,0.0,0.0
2023-06-01 00:00:00-04:00,26.67714953960547,26.67714953960547,26.607961234959735,26.630695343017578,10000,0.0,0.0,0.0
2023-06-02 00:00:00-04:00,27.151590516006728,27.22078071932565,27.121939456967464,27.216825485229492,46200,0.0,0.0,0.0
2023-06-05 00:00:00-04:00,27.04286346282937,27.191124395318383,27.04286346282937,27.18124008178711,4300,0.0,0.0,0.0
2023-06-06 00:00:00-04:00,27.41845703125,27.41845703125,27.41845703125,27.41845703125,100,0.0,0.0,0.0
2023-06-07 00:00:00-04:00,27.487644051460972,27.487644051460972,27.46095848083496,27.46095848083496,300,0.0,0.0,0.0
2023-06-08 00:00:00-04:00,27.645789944287962,27.645789944287962,27.60625457763672,27.60625457763672,200,0.0,0.0,0.0
2023-06-09 00:00:00-04:00,27.527186609877003,27.535093307495117,27.527186609877003,27.535093307495117,1600,0.0,0.0,0.0
2023-06-12 00:00:00-04:00,27.813818911567548,27.90969467163086,27.774283545744684,27.90969467163086,1000,0.0,0.0,0.0
2023-06-13 00:00:00-04:00,28.169649264212225,28.169649264212225,28.100460953622747,28.144939422607422,4200,0.0,0.0,0.0
2023-06-14 00:00:00-04:00,27.97196760046578,28.048076629638672,27.97196760046578,28.048076629638672,1400,0.0,0.0,0.0
2023-06-15 00:00:00-04:00,28.333724975585938,28.333724975585938,28.333724975585938,28.333724975585938,100,0.0,0.0,0.0
2023-06-16 00:00:00-04:00,28.16075325012207,28.16075325012207,28.16075325012207,28.16075325012207,100,0.0,0.0,0.0
2023-06-20 00:00:00-04:00,28.051039934594808,28.058948516845703,28.051039934594808,28.058948516845703,1100,0.0,0.0,0.0
2023-06-21 00:00:00-04:00,27.962085268362916,28.04115789528897,27.962085268362916,27.971967697143555,1300,0.0,0.0,0.0
2023-06-22 00:00:00-04:00,27.912664877393897,27.96702766418457,27.912664877393897,27.96702766418457,500,0.0,0.0,0.0
2023-06-23 00:00:00-04:00,27.714986488354103,27.754521864068256,27.700159072875977,27.700159072875977,400,0.0,0.0,0.0
2023-06-26 00:00:00-04:00,27.764403256692216,27.764403256692216,27.7446346282959,27.7446346282959,500,0.0,0.0,0.0
2023-06-27 00:00:00-04:00,28.021388794448093,28.24872235736973,28.021388794448093,28.199302673339844,1300,0.0,0.0,0.0
2023-06-28 00:00:00-04:00,28.175535878252695,28.175535878252695,28.164640426635742,28.164640426635742,400,0.056,0.0,0.0
2023-06-29 00:00:00-04:00,28.428071975708008,28.428071975708008,28.428071975708008,28.428071975708008,100,0.0,0.0,0.0
2023-06-30 00:00:00-04:00,28.680612926292945,28.749939201141355,28.66080730814124,28.735082626342773,3700,0.0,0.0,0.0
2023-07-03 00:00:00-04:00,28.68061315478361,28.78955255575116,28.68061315478361,28.737064361572266,5500,0.0,0.0,0.0
2023-07-05 00:00:00-04:00,28.62020276176892,28.621192570449104,28.566722869873047,28.566722869873047,3400,0.0,0.0,0.0
2023-07-06 00:00:00-04:00,28.244858645037812,28.33795166015625,28.234954891648893,28.33795166015625,700,0.0,0.0,0.0
2023-07-07 00:00:00-04:00,28.5716733404473,28.5716733404473,28.357757568359375,28.357757568359375,1100,0.0,0.0,0.0
2023-07-10 00:00:00-04:00,28.710324520829985,28.738054275512695,28.660807641453104,28.738054275512695,1700,0.0,0.0,0.0
2023-07-11 00:00:00-04:00,29.017332077026367,29.017332077026367,29.017332077026367,29.017332077026367,100,0.0,0.0,0.0
2023-07-12 00:00:00-04:00,29.284727625375883,29.284727625375883,29.155982611717878,29.16984748840332,1700,0.0,0.0,0.0
2023-07-13 00:00:00-04:00,29.34414653515399,29.502604688058625,29.34414653515399,29.478836059570312,1800,0.0,0.0,0.0
2023-07-14 00:00:00-04:00,29.453089841889454,29.453089841889454,29.403572961173122,29.411495208740234,10100,0.0,0.0,0.0
2023-07-17 00:00:00-04:00,29.670970219276793,29.680873974363777,29.619473715141492,29.630367279052734,3100,0.0,0.0,0.0
2023-07-18 00:00:00-04:00,29.80961724906874,29.943315092939255,29.80961724906874,29.922517776489258,8300,0.0,0.0,0.0
2023-07-19 00:00:00-04:00,29.9284575171078,30.007685656499266,29.9284575171078,29.981937408447266,14200,0.0,0.0,0.0
2023-07-20 00:00:00-04:00,29.651160243088274,29.710580875934742,29.60857391357422,29.60857391357422,1500,0.0,0.0,0.0
2023-07-21 00:00:00-04:00,29.670965005896868,29.710580019284194,29.58381462097168,29.58381462097168,3800,0.0,0.0,0.0
2023-07-24 00:00:00-04:00,29.57193523676818,29.690776515054942,29.57193523676818,29.61947250366211,800,0.0,0.0,0.0
2023-07-25 00:00:00-04:00,29.8096165801677,29.8096165801677,29.779905319213867,29.779905319213867,300,0.0,0.0,0.0
2023-07-26 00:00:00-04:00,29.512510168207434,29.528356552124023,29.462993288008427,29.528356552124023,8700,0.0,0.0,0.0
2023-07-27 00:00:00-04:00,29.878939771626854,29.878939771626854,29.410503387451172,29.410503387451172,1600,0.0,0.0,0.0
2023-07-28 00:00:00-04:00,29.522412175166455,29.564006805419922,29.522412175166455,29.564006805419922,300,0.0,0.0,0.0
2023-07-31 00:00:00-04:00,29.641256772821095,29.713552474975586,29.641256772821095,29.713552474975586,200,0.0,0.0,0.0
2023-08-01 00:00:00-04:00,29.96807451605227,29.999765396118164,29.96807451605227,29.999765396118164,200,0.0,0.0,0.0
2023-08-02 00:00:00-04:00,29.680870231794973,29.680870231794973,29.50260832955135,29.511520385742188,2500,0.0,0.0,0.0
2023-08-03 00:00:00-04:00,29.250065214411205,29.304534912109375,29.250065214411205,29.304534912109375,900,0.0,0.0,0.0
2023-08-04 00:00:00-04:00,29.175788113938985,29.175788113938985,29.032188415527344,29.032188415527344,1200,0.0,0.0,0.0
2023-08-07 00:00:00-04:00,29.225309370193305,29.36197853088379,29.225309370193305,29.36197853088379,400,0.0,0.0,0.0
2023-08-08 00:00:00-04:00,28.987619121462988,29.241147994995117,28.987619121462988,29.241147994995117,6500,0.0,0.0,0.0
2023-08-09 00:00:00-04:00,29.106460251858795,29.106460251858795,28.94998550415039,28.94998550415039,2300,0.0,0.0,0.0
2023-08-10 00:00:00-04:00,29.126272946209724,29.126272946209724,28.945037841796875,28.945037841796875,400,0.0,0.0,0.0
2023-08-11 00:00:00-04:00,28.908394244277076,28.908394244277076,28.87769317626953,28.87769317626953,64800,0.0,0.0,0.0
2023-08-14 00:00:00-04:00,28.878681744224945,29.020301818847656,28.878681744224945,29.020301818847656,400,0.0,0.0,0.0
2023-08-15 00:00:00-04:00,28.800443649291992,28.800443649291992,28.800443649291992,28.800443649291992,100,0.0,0.0,0.0
2023-08-16 00:00:00-04:00,28.591484923839044,28.60138678913417,28.547908782958984,28.547908782958984,16000,0.0,0.0,0.0
2023-08-17 00:00:00-04:00,28.462734940431226,28.462734940431226,28.16166877746582,28.16166877746582,2300,0.0,0.0,0.0
2023-08-18 00:00:00-04:00,28.254762522806896,28.254762522806896,28.185436248779297,28.185436248779297,300,0.0,0.0,0.0
2023-08-21 00:00:00-04:00,28.452830667587815,28.452830667587815,28.413217544555664,28.413217544555664,100,0.0,0.0,0.0
2023-08-22 00:00:00-04:00,28.472637029386483,28.472637029386483,28.35181427001953,28.35181427001953,800,0.0,0.0,0.0
2023-08-23 00:00:00-04:00,28.646940231323242,28.646940231323242,28.646940231323242,28.646940231323242,100,0.0,0.0,0.0
2023-08-24 00:00:00-04:00,28.858876295535904,28.858876295535904,28.304279327392578,28.304279327392578,2500,0.0,0.0,0.0
2023-08-25 00:00:00-04:00,28.324087451251085,28.462736224070447,28.185436789483862,28.343894958496094,2800,0.0,0.0,0.0
2023-08-28 00:00:00-04:00,28.545927047729492,28.545927047729492,28.545927047729492,28.545927047729492,100,0.0,0.0,0.0
2023-08-29 00:00:00-04:00,28.96880531311035,28.96880531311035,28.96880531311035,28.96880531311035,0,0.0,0.0,0.0
2023-08-30 00:00:00-04:00,29.13914680480957,29.13914680480957,29.13914680480957,29.13914680480957,100,0.0,0.0,0.0
2023-08-31 00:00:00-04:00,29.274826949121813,29.28473070335918,29.21441650390625,29.21441650390625,2500,0.0,0.0,0.0
2023-09-01 00:00:00-04:00,29.31444250470016,29.356037139892578,29.304538750280823,29.356037139892578,1000,0.0,0.0,0.0
2023-09-05 00:00:00-04:00,28.96781642764475,28.9925748673147,28.95989418029785,28.95989418029785,3000,0.0,0.0,0.0
2023-09-06 00:00:00-04:00,28.92820141301453,28.95989418029785,28.92820141301453,28.95989418029785,8800,0.0,0.0,0.0
2023-09-07 00:00:00-04:00,28.938104832711385,28.95692253112793,28.938104832711385,28.95692253112793,400,0.0,0.0,0.0
2023-09-08 00:00:00-04:00,28.987623785297473,28.997527538903892,28.975738525390625,28.975738525390625,1200,0.0,0.0,0.0
2023-09-11 00:00:00-04:00,29.13914680480957,29.13914680480957,29.13914680480957,29.13914680480957,100,0.0,0.0,0.0
2023-09-12 00:00:00-04:00,29.12627258568743,29.12627258568743,29.027236938476562,29.027236938476562,1300,0.0,0.0,0.0
2023-09-13 00:00:00-04:00,29.0173323567899,29.0173323567899,28.985641479492188,28.985641479492188,700,0.0,0.0,0.0
2023-09-14 00:00:00-04:00,29.293642149352927,29.294631958007812,29.293642149352927,29.294631958007812,500,0.0,0.0,0.0
2023-09-15 00:00:00-04:00,28.91829719752945,28.948006567139167,28.848970927562124,28.887596130371094,2200,0.0,0.0,0.0
2023-09-18 00:00:00-04:00,28.848970835727137,29.01634104719007,28.848970835727137,28.93810272216797,400,0.0,0.0,0.0
2023-09-19 00:00:00-04:00,28.89849281311035,28.89849281311035,28.808371108050927,28.89849281311035,1000,0.0,0.0,0.0
2023-09-20 00:00:00-04:00,29.047043388634627,29.047043388634627,28.710323333740234,28.710323333740234,600,0.0,0.0,0.0
2023-09-21 00:00:00-04:00,28.427083804349564,28.427083804349564,28.254762649536133,28.254762649536133,2300,0.0,0.0,0.0
2023-09-22 00:00:00-04:00,28.363701200589134,28.44292934236377,28.298337936401367,28.298337936401367,800,0.0,0.0,0.0
2023-09-25 00:00:00-04:00,28.383508480251532,28.433025360107422,28.383508480251532,28.433025360107422,1000,0.0,0.0,0.0
2023-09-26 00:00:00-04:00,28.316164372465774,28.316164372465774,27.918044040081046,28.045799255371094,18200,0.0,0.0,0.0
2023-09-27 00:00:00-04:00,28.164763870162577,28.21433151229781,27.976403426456873,28.115196228027344,8200,0.029,0.0,0.0
2023-09-28 00:00:00-04:00,28.392776489257812,28.392776489257812,28.392776489257812,28.392776489257812,100,0.0,0.0,0.0
2023-09-29 00:00:00-04:00,28.13501941164226,28.263898294063537,28.13501941164226,28.21432876586914,3500,0.0,0.0,0.0
2023-10-02 00:00:00-04:00,28.253985655095487,28.253985655095487,28.035885393914832,28.085453033447266,1300,0.0,0.0,0.0
2023-10-03 00:00:00-04:00,27.56597328186035,27.56597328186035,27.56597328186035,27.56597328186035,100,0.0,0.0,0.0
2023-10-04 00:00:00-04:00,27.48071762475639,27.80786895751953,27.48071762475639,27.80786895751953,8800,0.0,0.0,0.0
2023-10-05 00:00:00-04:00,27.69188122355154,27.731534957885742,27.659165143657862,27.731534957885742,2900,0.0,0.0,0.0
2023-10-06 00:00:00-04:00,28.16475948944704,28.16475948944704,28.065622329711914,28.065622329711914,500,0.0,0.0,0.0
2023-10-09 00:00:00-04:00,28.234155654907227,28.234155654907227,28.234155654907227,28.234155654907227,0,0.0,0.0,0.0
2023-10-10 00:00:00-04:00,28.58113809272879,28.58113809272879,28.435407638549805,28.435407638549805,3400,0.0,0.0,0.0
2023-10-11 00:00:00-04:00,28.422519944730613,28.62079429626465,28.422519944730613,28.62079429626465,800,0.0,0.0,0.0
2023-10-12 00:00:00-04:00,28.174674916455775,28.25398427035122,28.174674916455775,28.231182098388672,1900,0.0,0.0,0.0
2023-10-13 00:00:00-04:00,27.996230199686238,28.05571174621582,27.996230199686238,28.05571174621582,100,0.0,0.0,0.0
2023-10-16 00:00:00-04:00,28.44631004333496,28.44631004333496,28.44631004333496,28.44631004333496,200,0.0,0.0,0.0
2023-10-17 00:00:00-04:00,28.551394237624887,28.62079157768907,28.52760124206543,28.52760124206543,1500,0.0,0.0,0.0
2023-10-18 00:00:00-04:00,28.204419989553905,28.23415981900112,28.125110626220703,28.125110626220703,1100,0.0,0.0,0.0
2023-10-19 00:00:00-04:00,27.857440948486328,27.857440948486328,27.857440948486328,27.857440948486328,100,0.0,0.0,0.0
2023-10-20 00:00:00-04:00,27.46584701538086,27.46584701538086,27.46584701538086,27.46584701538086,100,0.0,0.0,0.0
2023-10-23 00:00:00-04:00,27.490630454260582,27.53028607650174,27.361753463745117,27.361753463745117,4800,0.0,0.0,0.0
2023-10-24 00:00:00-04:00,27.401404918708355,27.52929107530879,27.401404918708355,27.508472442626953,1700,0.0,0.0,0.0
2023-10-25 00:00:00-04:00,27.232874508299194,27.232874508299194,26.97511863708496,26.97511863708496,1400,0.0,0.0,0.0
2023-10-26 00:00:00-04:00,26.836326599121094,26.836326599121094,26.836326599121094,26.836326599121094,100,0.0,0.0,0.0
2023-10-27 00:00:00-04:00,26.945380130020038,26.945380130020038,26.677710340173267,26.7124080657959,3700,0.0,0.0,0.0
2023-10-30 00:00:00-04:00,26.965206756733544,27.044516110511058,26.82641396945978,26.958267211914062,11000,0.0,0.0,0.0
2023-10-31 00:00:00-04:00,27.06434286157456,27.213049558995817,27.046498587331588,27.187273025512695,9800,0.0,0.0,0.0
2023-11-01 00:00:00-04:00,27.376623365652698,27.631404876708984,27.376623365652698,27.631404876708984,600,0.0,0.0,0.0
2023-11-02 00:00:00-04:00,28.07553793607717,28.115193558727864,28.07553793607717,28.080495834350586,700,0.0,0.0,0.0
2023-11-03 00:00:00-04:00,28.442343299776546,28.491910934448242,28.442343299776546,28.491910934448242,400,0.0,0.0,0.0
2023-11-06 00:00:00-05:00,28.39277704161584,28.442346572875977,28.39277704161584,28.442346572875977,1700,0.0,0.0,0.0
2023-11-07 00:00:00-05:00,28.45225766851197,28.591048560561543,28.45225766851197,28.520660400390625,19800,0.0,0.0,0.0
2023-11-08 00:00:00-05:00,28.37295111999606,28.442346572875977,28.37295111999606,28.442346572875977,200,0.0,0.0,0.0
2023-11-09 00:00:00-05:00,28.237133026123047,28.237133026123047,28.237133026123047,28.237133026123047,100,0.0,0.0,0.0
2023-11-10 00:00:00-05:00,28.37295312552538,28.71001650749811,28.37295312552538,28.676311492919922,7300,0.0,0.0,0.0
2023-11-13 00:00:00-05:00,28.572214396344112,28.719928384999157,28.572214396344112,28.69316291809082,16400,0.0,0.0,0.0
2023-11-14 00:00:00-05:00,29.631982309847654,29.651810119240224,29.562586867857636,29.622068405151367,20100,0.0,0.0,0.0
2023-11-15 00:00:00-05:00,29.612158097164222,29.612158097164222,29.54077911376953,29.54077911376953,7100,0.0,0.0,0.0
2023-11-16 00:00:00-05:00,29.394058749695215,29.46246337890625,29.374230937280718,29.46246337890625,8800,0.0,0.0,0.0
2023-11-17 00:00:00-05:00,29.513025206180494,29.56953239440918,29.493197392776462,29.56953239440918,2100,0.0,0.0,0.0
2023-11-20 00:00:00-05:00,29.661730179670208,29.765823364257812,29.612162536785927,29.765823364257812,7700,0.0,0.0,0.0
2023-11-21 00:00:00-05:00,29.675607681274414,29.675607681274414,29.675607681274414,29.675607681274414,0,0.0,0.0,0.0
2023-11-22 00:00:00-05:00,29.731122380441636,29.869913278027216,29.7212084747735,29.81538963317871,9800,0.0,0.0,0.0
2023-11-24 00:00:00-05:00,29.849096298217773,29.849096298217773,29.849096298217773,29.849096298217773,0,0.0,0.0,0.0
2023-11-27 00:00:00-05:00,29.810431048454713,29.810431048454713,29.801509857177734,29.801509857177734,200,0.0,0.0,0.0
2023-11-28 00:00:00-05:00,29.6914680603393,29.70732879638672,29.66668235121799,29.70732879638672,900,0.0,0.0,0.0
2023-11-29 00:00:00-05:00,29.77077927996881,29.810433013457924,29.66767692565918,29.66767692565918,4100,0.0,0.0,0.0
2023-11-30 00:00:00-05:00,29.74103560696328,29.878835678100586,29.72120779607978,29.878835678100586,33900,0.0,0.0,0.0
2023-12-01 00:00:00-05:00,29.939310848954044,30.224824905395508,29.879827414485778,30.224824905395508,6400,0.0,0.0,0.0
2023-12-04 00:00:00-05:00,30.12766905414974,30.177238582328197,30.08801532249113,30.160385131835938,3300,0.0,0.0,0.0
2023-12-05 00:00:00-05:00,30.038447186828375,30.073144912719727,30.038447186828375,30.073144912719727,15200,0.0,0.0,0.0
2023-12-06 00:00:00-05:00,30.02655029296875,30.02655029296875,30.02655029296875,30.02655029296875,100,0.0,0.0,0.0
2023-12-07 00:00:00-05:00,30.226807967202504,30.292238235473633,30.226807967202504,30.292238235473633,6100,0.0,0.0,0.0
2023-12-08 00:00:00-05:00,30.44490748623284,30.474649204131744,30.246635039559482,30.412193298339844,15600,0.0,0.0,0.0
2023-12-11 00:00:00-05:00,30.420121607416885,30.544042587280273,30.420121607416885,30.544042587280273,6500,0.0,0.0,0.0
2023-12-12 00:00:00-05:00,30.700681406593688,30.79188631513178,30.633267603069203,30.77206039428711,2400,0.0,0.0,0.0
2023-12-13 00:00:00-05:00,31.19834574614487,31.325241088867188,31.19834574614487,31.325241088867188,400,0.0,0.0,0.0
2023-12-14 00:00:00-05:00,31.624632981732248,31.723770141601562,31.56515144216428,31.723770141601562,4700,0.0,0.0,0.0
2023-12-15 00:00:00-05:00,31.624637458157622,31.624637458157622,31.485846549225343,31.505674362182617,4800,0.0,0.0,0.0
2023-12-18 00:00:00-05:00,31.654378280067533,31.70394592017096,31.63554129102693,31.661317825317383,10300,0.0,0.0,0.0
2023-12-19 00:00:00-05:00,31.89229893471544,32.03109359741211,31.872474907526648,32.03109359741211,4400,0.0,0.0,0.0
2023-12-20 00:00:00-05:00,32.01719642150489,32.02712564631097,31.440210342407227,31.440210342407227,13400,0.056,0.0,0.0
2023-12-21 00:00:00-05:00,31.768919425615653,31.855318069458008,31.590163088240544,31.855318069458008,9400,0.0,0.0,0.0
2023-12-22 00:00:00-05:00,32.056910573741206,32.06684358485681,32.03704833984375,32.03704833984375,300,0.0,0.0,0.0
2023-12-26 00:00:00-05:00,32.115509388391374,32.22574234008789,32.115509388391374,32.22574234008789,4200,0.0,0.0,0.0
2023-12-27 00:00:00-05:00,32.22574592577582,32.2654704037504,32.18602144780124,32.22077941894531,7600,0.0,0.0,0.0
2023-12-28 00:00:00-05:00,32.235678244723545,32.28533195278962,32.22177505493164,32.22177505493164,1500,0.0,0.0,0.0
2023-12-29 00:00:00-05:00,32.156230293795204,32.156230293795204,32.002298887241935,32.05691909790039,13500,0.0,0.0,0.0
2024-01-02 00:00:00-05:00,31.888092304332808,31.94767522710159,31.758989657776517,31.877166748046875,6400,0.0,0.0,0.0
2024-01-03 00:00:00-05:00,31.58023346522279,31.6298890580484,31.47099494934082,31.47099494934082,9500,0.0,0.0,0.0
2024-01-04 00:00:00-05:00,31.580235825760315,31.580235825760315,31.480928421020508,31.480928421020508,1600,0.0,0.0,0.0
2024-01-05 00:00:00-05:00,31.500784366698475,31.58023141589673,31.500784366698475,31.51071548461914,400,0.0,0.0,0.0
2024-01-08 00:00:00-05:00,31.570301761037747,31.943702697753906,31.570301761037747,31.943702697753906,4600,0.0,0.0,0.0
2024-01-09 00:00:00-05:00,31.917885285182606,31.927818298339844,31.917885285182606,31.927818298339844,500,0.0,0.0,0.0
2024-01-10 00:00:00-05:00,31.947673291579154,32.038047790527344,31.947673291579154,32.038047790527344,200,0.0,0.0,0.0
2024-01-11 00:00:00-05:00,31.798710453737655,32.06684494018555,31.768917101632237,32.06684494018555,6100,0.0,0.0,0.0
2024-01-12 00:00:00-05:00,32.02712509692846,32.03705432156421,32.02712509692846,32.03407669067383,6900,0.0,0.0,0.0
2024-01-16 00:00:00-05:00,31.98740564550223,32.027130126953125,31.98740564550223,32.027130126953125,1000,0.0,0.0,0.0
2024-01-17 00:00:00-05:00,31.78381606729743,31.86723518371582,31.74905620795606,31.86723518371582,900,0.0,0.0,0.0
2024-01-18 00:00:00-05:00,31.93774742550828,32.096641540527344,31.888093724877546,32.096641540527344,38400,0.0,0.0,0.0
2024-01-19 00:00:00-05:00,32.15622255567614,32.46407771803043,32.15622255567614,32.46308517456055,5500,0.0,0.0,0.0
2024-01-22 00:00:00-05:00,32.771935838244815,32.801727294921875,32.74214438156776,32.801727294921875,1300,0.0,0.0,0.0
2024-01-23 00:00:00-05:00,32.732214799456784,32.732214799456784,32.58325371213269,32.62297439575195,11800,0.0,0.0,0.0
2024-01-24 00:00:00-05:00,32.8712536267438,32.97056482766646,32.54353613453642,32.69249725341797,5500,0.0,0.0,0.0
2024-01-25 00:00:00-05:00,32.7421461656888,32.841453552246094,32.7421461656888,32.841453552246094,5900,0.0,0.0,0.0
2024-01-26 00:00:00-05:00,32.90303005853577,32.930836433822634,32.7918045573883,32.86132049560547,16800,0.0,0.0,0.0
2024-01-29 00:00:00-05:00,32.930830481269936,33.154273986816406,32.930830481269936,33.154273986816406,400,0.0,0.0,0.0
2024-01-30 00:00:00-05:00,33.149314176894116,33.268483804415176,33.129451940918244,33.21883010864258,6000,0.0,0.0,0.0
2024-01-31 00:00:00-05:00,32.96062483068773,32.96062483068773,32.62297439575195,32.62297439575195,5400,0.0,0.0,0.0
2024-02-01 00:00:00-05:00,32.85139294458981,33.06986999511719,32.702428047486634,33.06986999511719,46800,0.0,0.0,0.0
2024-02-02 00:00:00-05:00,33.19896454541704,33.36580276489258,33.19896454541704,33.36580276489258,8700,0.0,0.0,0.0
2024-02-05 00:00:00-05:00,33.10958998991787,33.16917669835835,32.891109180637,33.054969787597656,6000,0.0,0.0,0.0
2024-02-06 00:00:00-05:00,33.050005293204954,33.09966278076172,32.940764881915136,33.09966278076172,4900,0.0,0.0,0.0
2024-02-07 00:00:00-05:00,33.24861835742609,33.30820505959906,33.24861835742609,33.249610900878906,5800,0.0,0.0,0.0
2024-02-08 00:00:00-05:00,33.53662109375,33.53662109375,33.53662109375,33.53662109375,1300,0.0,0.0,0.0
2024-02-09 00:00:00-05:00,33.792835465247265,33.79780197143555,33.77495831597,33.79780197143555,600,0.0,0.0,0.0
2024-02-12 00:00:00-05:00,33.918953835808374,34.02819423275686,33.90405810683066,33.93881607055664,11400,0.0,0.0,0.0
2024-02-13 00:00:00-05:00,33.04007000979596,33.13441467285156,32.95069185225217,33.13441467285156,6600,0.0,0.0,0.0
2024-02-14 00:00:00-05:00,33.44724367357663,33.7411994934082,33.44724367357663,33.7411994934082,4700,0.0,0.0,0.0
2024-02-15 00:00:00-05:00,33.87427201774848,34.05302837048075,33.87427201774848,34.0421028137207,700,0.0,0.0,0.0
2024-02-16 00:00:00-05:00,33.894131844948916,34.142404118492834,33.83454513549805,33.83454513549805,700,0.0,0.0,0.0
2024-02-20 00:00:00-05:00,33.596206331653235,33.695513727088816,33.596206331653235,33.6915397644043,4500,0.0,0.0,0.0
2024-02-21 00:00:00-05:00,33.53661877462187,33.616063931297546,33.53661877462187,33.58726501464844,1000,0.0,0.0,0.0
2024-02-22 00:00:00-05:00,33.794817369631815,34.28143264523015,33.794817369631815,34.27149963378906,3800,0.0,0.0,0.0
2024-02-23 00:00:00-05:00,34.440333333646365,34.45225143432617,34.35095515521701,34.45225143432617,10900,0.0,0.0,0.0
2024-02-26 00:00:00-05:00,34.420473555526996,34.420473555526996,34.35393524169922,34.35393524169922,3300,0.0,0.0,0.0
2024-02-27 00:00:00-05:00,34.400604248046875,34.400604248046875,34.400604248046875,34.400604248046875,100,0.0,0.0,0.0
2024-02-28 00:00:00-05:00,34.32115890307205,34.360879585904904,34.31122589111328,34.31122589111328,4100,0.0,0.0,0.0
2024-02-29 00:00:00-05:00,34.470117932538905,34.65681838989258,34.400602006307956,34.65681838989258,200,0.0,0.0,0.0
2024-03-01 00:00:00-05:00,34.9964599609375,34.9964599609375,34.9964599609375,34.9964599609375,100,0.0,0.0,0.0
2024-03-04 00:00:00-05:00,34.9964599609375,34.9964599609375,34.9964599609375,34.9964599609375,100,0.0,0.0,0.0
2024-03-05 00:00:00-05:00,34.71839073145441,34.71839073145441,34.48501420897219,34.634971618652344,600,0.0,0.0,0.0
2024-03-06 00:00:00-05:00,34.82763804057639,34.92694544552665,34.8077758019194,34.85742950439453,13500,0.0,0.0,0.0
2024-03-07 00:00:00-05:00,35.24473427316664,35.24671936035156,35.24473427316664,35.24671936035156,200,0.0,0.0,0.0
2024-03-08 00:00:00-05:00,35.612173574484125,35.64196503341217,35.086830139160156,35.086830139160156,2900,0.0,0.0,0.0
2024-03-11 00:00:00-04:00,34.976599481812976,35.065977652774485,34.9666664692982,35.03618240356445,1200,0.0,0.0,0.0
2024-03-12 00:00:00-04:00,35.363907204840984,35.47414016723633,35.363907204840984,35.47414016723633,500,0.0,0.0,0.0
2024-03-13 00:00:00-04:00,35.5645378252578,35.5645378252578,35.44135284423828,35.44135284423828,1700,0.012,0.0,0.0
2024-03-14 00:00:00-04:00,35.20194309955784,35.23671275073169,35.0777652325644,35.14730453491211,2600,0.0,0.0,0.0
2024-03-15 00:00:00-04:00,35.018160993009026,35.10756921521379,34.88901494102257,34.96849060058594,5200,0.0,0.0,0.0
2024-03-18 00:00:00-04:00,35.20194520868965,35.29631781632574,35.174129486083984,35.174129486083984,7500,0.0,0.0,0.0
2024-03-19 00:00:00-04:00,35.147302324206464,35.47711944580078,35.147302324206464,35.47711944580078,1400,0.0,0.0,0.0
2024-03-20 00:00:00-04:00,35.465188357156066,35.82778549194336,35.465188357156066,35.82778549194336,1900,0.0,0.0,0.0
2024-03-21 00:00:00-04:00,36.10098741088554,36.25993491922111,36.10098741088554,36.168540954589844,16100,0.0,0.0,0.0
2024-03-22 00:00:00-04:00,36.03144745160266,36.11091930950825,36.03144745160266,36.050323486328125,1700,0.0,0.0,0.0
2024-03-25 00:00:00-04:00,36.05131714194148,36.05131714194148,35.92713928222656,35.92713928222656,1700,0.0,0.0,0.0
2024-03-26 00:00:00-04:00,36.05131978279448,36.05131978279448,35.82382583618164,35.82382583618164,5300,0.0,0.0,0.0
2024-03-27 00:00:00-04:00,35.892366611709164,36.063232421875,35.892366611709164,36.063232421875,5600,0.0,0.0,0.0
2024-03-28 00:00:00-04:00,36.16059256489359,36.20032659803271,36.13078730303005,36.15562438964844,8400,0.0,0.0,0.0
2024-04-01 00:00:00-04:00,36.18046254607039,36.18046254607039,36.061252851427206,36.097015380859375,11000,0.0,0.0,0.0
2024-04-02 00:00:00-04:00,35.693685072320726,35.832763671875,35.60427685980618,35.832763671875,14500,0.0,0.0,0.0
2024-04-03 00:00:00-04:00,36.031444813511115,36.06124628434282,35.932100261393465,35.98078155517578,4500,0.0,0.0,0.0
2024-04-04 00:00:00-04:00,36.25993286609463,36.25993286609463,35.612220764160156,35.612220764160156,3200,0.0,0.0,0.0
2024-04-05 00:00:00-04:00,35.79302205853542,36.14072231023268,35.79302205853542,36.063232421875,3000,0.0,0.0,0.0
2024-04-08 00:00:00-04:00,36.07515479112609,36.07515479112609,36.012569427490234,36.012569427490234,3500,0.0,0.0,0.0
2024-04-09 00:00:00-04:00,35.62414421561467,35.93508529663086,35.62414421561467,35.93508529663086,2200,0.0,0.0,0.0
2024-04-10 00:00:00-04:00,35.56950443360541,35.62414299196668,35.41552510891856,35.51486587524414,3800,0.0,0.0,0.0
2024-04-11 00:00:00-04:00,35.544674185645405,35.7532958984375,35.544674185645405,35.7532958984375,300,0.0,0.0,0.0
2024-04-12 00:00:00-04:00,35.47513054880655,35.47513054880655,35.187037000742606,35.24962615966797,4000,0.0,0.0,0.0
2024-04-15 00:00:00-04:00,35.24664502811271,35.266513941424186,34.76582717895508,34.76582717895508,3700,0.0,0.0,0.0
2024-04-16 00:00:00-04:00,34.730059546783,34.87907447991543,34.730059546783,34.788673400878906,9500,0.0,0.0,0.0
2024-04-17 00:00:00-04:00,34.744965254668124,34.744965254668124,34.610854827341576,34.69032669067383,2400,0.0,0.0,0.0
2024-04-18 00:00:00-04:00,34.65059029192666,34.79960144662049,34.511511698369446,34.54131317138672,3800,0.0,0.0,0.0
2024-04-19 00:00:00-04:00,34.56117796763466,34.56117796763466,34.24328299461463,34.33269119262695,2800,0.0,0.0,0.0
2024-04-22 00:00:00-04:00,34.49164344966712,34.63072204589844,34.31282702891043,34.63072204589844,25800,0.0,0.0,0.0
2024-04-23 00:00:00-04:00,35.03802228761781,35.15723196142838,35.03802228761781,35.08372116088867,2100,0.0,0.0,0.0
2024-04-24 00:00:00-04:00,35.33604851096635,35.33604851096635,34.96848313794814,35.21683883666992,9500,0.0,0.0,0.0
2024-04-25 00:00:00-04:00,34.481708939568286,34.82940923831638,34.481708939568286,34.794639587402344,6000,0.0,0.0,0.0
2024-04-26 00:00:00-04:00,35.23670865873553,35.26651013067867,35.22677230834961,35.22677230834961,9000,0.0,0.0,0.0
2024-04-29 00:00:00-04:00,35.23670813035794,35.24167251586914,35.21683921949135,35.24167251586914,2900,0.0,0.0,0.0
2024-04-30 00:00:00-04:00,35.10756457408772,35.10756457408772,34.60191345214844,34.60191345214844,2500,0.0,0.0,0.0
2024-05-01 00:00:00-04:00,34.50157194666274,34.59495544433594,34.50157194666274,34.59495544433594,600,0.0,0.0,0.0
2024-05-02 00:00:00-04:00,34.710195229817614,34.809539794921875,34.710195229817614,34.809539794921875,4500,0.0,0.0,0.0
2024-05-03 00:00:00-04:00,35.35592097744858,35.35592097744858,35.27644532685308,35.29631423950195,700,0.0,0.0,0.0
2024-05-06 00:00:00-04:00,35.54466213021185,35.663875579833984,35.53472957088005,35.663875579833984,9100,0.0,0.0,0.0
2024-05-07 00:00:00-04:00,35.668844282990264,35.78308957197437,35.6340746367094,35.64897537231445,5100,0.0,0.0,0.0
2024-05-08 00:00:00-04:00,35.634073198280525,35.6539421081543,35.634073198280525,35.6539421081543,200,0.0,0.0,0.0
2024-05-09 00:00:00-04:00,35.83374670411097,35.93209457397461,35.83374670411097,35.93209457397461,20800,0.0,0.0,0.0
2024-05-10 00:00:00-04:00,35.98177560507546,36.0552864074707,35.98177560507546,36.0552864074707,1800,0.0,0.0,0.0
2024-05-13 00:00:00-04:00,35.922172421733485,35.961910247802734,35.922172421733485,35.961910247802734,900,0.0,0.0,0.0
2024-05-14 00:00:00-04:00,35.971839541655406,36.0910530090332,35.971839541655406,36.0910530090332,15600,0.0,0.0,0.0
2024-05-15 00:00:00-04:00,36.63743344259843,36.81624984741211,36.63743344259843,36.81624984741211,1100,0.0,0.0,0.0
2024-05-16 00:00:00-04:00,36.657302568818885,36.657302568818885,36.50630187988281,36.50630187988281,10200,0.0,0.0,0.0
2024-05-17 00:00:00-04:00,36.49835363658538,36.60762695621712,36.49835363658538,36.568885803222656,2400,0.0,0.0,0.0
2024-05-20 00:00:00-04:00,36.82021977023634,36.83611717170906,36.7745246887207,36.7745246887207,500,0.0,0.0,0.0
2024-05-21 00:00:00-04:00,36.70498853759648,36.74273681640625,36.66723646917935,36.74273681640625,4300,0.0,0.0,0.0
2024-05-22 00:00:00-04:00,36.52815796400188,36.52815796400188,36.39901193483452,36.4149055480957,9200,0.0,0.0,0.0
2024-05-23 00:00:00-04:00,36.50829276871924,36.617569897629515,36.339412689208984,36.339412689208984,2900,0.0,0.0,0.0
2024-05-24 00:00:00-04:00,36.48842201002704,36.49239730834961,36.48842201002704,36.49239730834961,700,0.0,0.0,0.0
2024-05-28 00:00:00-04:00,36.412912694769076,36.438742653488205,36.39900483847518,36.42880630493164,3700,0.0,0.0,0.0
2024-05-29 00:00:00-04:00,36.16059018894875,36.359271710412,36.15065383911133,36.15065383911133,35300,0.0,0.0,0.0
2024-05-30 00:00:00-04:00,35.97183885144343,36.02150923376079,35.85759735107422,35.85759735107422,79800,0.0,0.0,0.0
2024-05-31 00:00:00-04:00,36.06124893066666,36.30960464477539,35.79699960289563,36.30960464477539,13000,0.0,0.0,0.0
2024-06-03 00:00:00-04:00,35.9420384472098,36.17350387573242,35.9420384472098,36.17350387573242,600,0.0,0.0,0.0
2024-06-04 00:00:00-04:00,36.03144164700768,36.04137420654297,35.927132718656374,36.04137420654297,4600,0.0,0.0,0.0
2024-06-05 00:00:00-04:00,36.41391049335376,36.687103271484375,36.41391049335376,36.687103271484375,2500,0.0,0.0,0.0
2024-06-06 00:00:00-04:00,36.43875136091691,36.485443115234375,36.43875136091691,36.485443115234375,2100,0.0,0.0,0.0
2024-06-07 00:00:00-04:00,36.31954771804944,36.31954771804944,36.299678802490234,36.299678802490234,3800,0.0,0.0,0.0
2024-06-10 00:00:00-04:00,36.418880726281934,36.42583465576172,36.418880726281934,36.42583465576172,300,0.0,0.0,0.0
2024-06-11 00:00:00-04:00,36.14569159817548,36.263912200927734,36.13774479076519,36.263912200927734,700,0.0,0.0,0.0
2024-06-12 00:00:00-04:00,36.96725342641483,36.96725342641483,36.80631637573242,36.80631637573242,1000,0.0,0.0,0.0
2024-06-13 00:00:00-04:00,36.60762904575356,36.726842511513446,36.538089752197266,36.538089752197266,16900,0.0,0.0,0.0
2024-06-14 00:00:00-04:00,36.488422930686326,36.61756896972656,36.40398289307094,36.61756896972656,4600,0.0,0.0,0.0
2024-06-17 00:00:00-04:00,36.47848867955806,36.875855550313005,36.47848867955806,36.84605407714844,3400,0.0,0.0,0.0
2024-06-18 00:00:00-04:00,36.786438665702704,36.88578320216818,36.687097918843804,36.81822967529297,18900,0.0,0.0,0.0
2024-06-20 00:00:00-04:00,36.933700666503896,36.933700666503896,36.63010842520143,36.682865142822266,10400,0.073,0.0,0.0
2024-06-21 00:00:00-04:00,36.550482363107996,36.80928039550781,36.52061827688318,36.80928039550781,3700,0.0,0.0,0.0
2024-06-24 00:00:00-04:00,36.88891289599183,36.88891289599183,36.80928039550781,36.80928039550781,3400,0.0,0.0,0.0
2024-06-25 00:00:00-04:00,36.76945886987745,36.90881572573066,36.76945886987745,36.86899948120117,1900,0.0,0.0,0.0
2024-06-26 00:00:00-04:00,36.73860549926758,36.73860549926758,36.73860549926758,36.73860549926758,100,0.0,0.0,0.0
2024-06-27 00:00:00-04:00,36.76946258544922,36.76946258544922,36.76946258544922,36.76946258544922,100,0.0,0.0,0.0
2024-06-28 00:00:00-04:00,37.037222918463556,37.037222918463556,36.7993278503418,36.7993278503418,3100,0.0,0.0,0.0
2024-07-01 00:00:00-04:00,36.65001696611348,36.69978537735058,36.510663895815064,36.67390823364258,2700,0.0,0.0,0.0
2024-07-02 00:00:00-04:00,36.56541359631457,36.73960494995117,36.53057532558725,36.73960494995117,33300,0.0,0.0,0.0
2024-07-03 00:00:00-04:00,36.81923452091755,36.84013748168945,36.739602024403766,36.84013748168945,12600,0.0,0.0,0.0
2024-07-05 00:00:00-04:00,36.779414829552856,36.86899948120117,36.779414829552856,36.86899948120117,500,0.0,0.0,0.0
2024-07-08 00:00:00-04:00,36.97849491714099,37.02826332784257,36.94863083305096,36.99541473388672,2400,0.0,0.0,0.0
2024-07-09 00:00:00-04:00,36.7794189453125,36.7794189453125,36.7794189453125,36.7794189453125,200,0.0,0.0,0.0
2024-07-10 00:00:00-04:00,37.386605108362645,37.38759994506836,37.386605108362645,37.38759994506836,100,0.0,0.0,0.0
2024-07-11 00:00:00-04:00,37.69516895815341,37.725033042697646,37.59563213523635,37.69218444824219,2500,0.0,0.0,0.0
2024-07-12 00:00:00-04:00,38.04355121502257,38.222720514079654,37.9738746872877,38.01368713378906,5900,0.0,0.0,0.0
2024-07-15 00:00:00-04:00,38.26453340958584,38.26453340958584,38.093326568603516,38.093326568603516,600,0.0,0.0,0.0
2024-07-16 00:00:00-04:00,38.39293334434897,38.521339416503906,38.35212225928757,38.521339416503906,3100,0.0,0.0,0.0
2024-07-17 00:00:00-04:00,38.03359656241031,38.14109966437274,37.75489044189453,37.75489044189453,6600,0.0,0.0,0.0
2024-07-18 00:00:00-04:00,37.515994831443535,37.71507224885167,37.515994831443535,37.70512008666992,600,0.0,0.0,0.0
2024-07-19 00:00:00-04:00,37.23728942871094,37.23728942871094,37.23728942871094,37.23728942871094,300,0.0,0.0,0.0
2024-07-22 00:00:00-04:00,37.22734388292364,37.605586873576165,37.22734388292364,37.40651321411133,7700,0.0,0.0,0.0
2024-07-23 00:00:00-04:00,37.64540178135224,37.754894568403884,37.575725243607835,37.66530990600586,15200,0.0,0.0,0.0
2024-07-24 00:00:00-04:00,37.15666929678006,37.227344471920134,36.64006805419922,36.64006805419922,6800,0.0,0.0,0.0
2024-07-25 00:00:00-04:00,36.8789545869246,37.058123904519896,36.74955368041992,36.74955368041992,20900,0.0,0.0,0.0
2024-07-26 00:00:00-04:00,37.0083587811162,37.33683336116379,37.0083587811162,37.02826690673828,3200,0.0,0.0,0.0
2024-07-29 00:00:00-04:00,37.306971142300796,38.551200451197246,37.17757023099134,37.272132873535156,77900,0.0,0.0,0.0
2024-07-30 00:00:00-04:00,37.23729625251951,37.23729625251951,37.08002471923828,37.08002471923828,205700,0.0,0.0,0.0
2024-07-31 00:00:00-04:00,37.20742931217739,37.74493341554281,37.20742931217739,37.45528030395508,33200,0.0,0.0,0.0
2024-08-01 00:00:00-04:00,37.6951629803355,37.6951629803355,36.650011317104244,36.87994384765625,45700,0.0,0.0,0.0
2024-08-02 00:00:00-04:00,35.91343275537871,36.003013610839844,35.724307490508906,36.003013610839844,271600,0.0,0.0,0.0
2024-08-05 00:00:00-04:00,34.67915672576817,35.20173451329639,34.67915672576817,34.957862854003906,8200,0.0,0.0,0.0
2024-08-06 00:00:00-04:00,35.007631511952525,35.80394125043594,35.007631511952525,35.25647735595703,3600,0.0,0.0,0.0
2024-08-07 00:00:00-04:00,36.00301277883184,36.28172268980807,35.40578430704253,35.49536895751953,5200,0.0,0.0,0.0
2024-08-08 00:00:00-04:00,35.80394301492512,36.00301666227047,35.80394301492512,35.98311233520508,2600,0.0,0.0,0.0
2024-08-09 00:00:00-04:00,35.94130316498986,36.29167548655086,35.94130316498986,36.192138671875,19100,0.0,0.0,0.0
2024-08-12 00:00:00-04:00,36.27176706282442,36.35139955157233,36.20209053371303,36.28172302246094,10200,0.0,0.0,0.0
2024-08-13 00:00:00-04:00,36.76050567626953,36.76050567626953,36.76050567626953,36.76050567626953,200,0.0,0.0,0.0
2024-08-14 00:00:00-04:00,36.87895475136628,36.95858724713543,36.87895475136628,36.948631286621094,1000,0.0,0.0,0.0
2024-08-15 00:00:00-04:00,37.46623433661175,37.57572712915774,37.44035339355469,37.44035339355469,3500,0.0,0.0,0.0
2024-08-16 00:00:00-04:00,37.376651898805136,37.57572937011719,37.376651898805136,37.57572937011719,47900,0.0,0.0,0.0
2024-08-19 00:00:00-04:00,37.84447612974974,38.07341384887695,37.69716057588812,38.07341384887695,1900,0.0,0.0,0.0
2024-08-20 00:00:00-04:00,38.02365104237579,38.02365104237579,37.88429795777318,37.924110412597656,2800,0.0,0.0,0.0
2024-08-21 00:00:00-04:00,38.03359592018208,38.32225799560547,38.03359592018208,38.32225799560547,1900,0.0,0.0,0.0
2024-08-22 00:00:00-04:00,38.3023526630195,38.3023526630195,38.00373840332031,38.00373840332031,6400,0.0,0.0,0.0
2024-08-23 00:00:00-04:00,38.34217209366478,38.67064666748047,38.34217209366478,38.67064666748047,500,0.0,0.0,0.0
2024-08-26 00:00:00-04:00,38.78014328685052,38.78014328685052,38.53329086303711,38.53329086303711,4700,0.0,0.0,0.0
2024-08-27 00:00:00-04:00,38.989164056788574,38.989164056788574,38.5561747290086,38.64078140258789,1400,0.0,0.0,0.0
2024-08-28 00:00:00-04:00,38.409857524014036,38.409857524014036,38.20679693236534,38.3799934387207,3700,0.0,0.0,0.0
2024-08-29 00:00:00-04:00,38.610925486403495,38.610925486403495,38.3222633704938,38.36207962036133,25400,0.0,0.0,0.0
2024-08-30 00:00:00-04:00,38.411843687386565,38.64078140258789,38.411843687386565,38.64078140258789,4300,0.0,0.0,0.0
2024-09-03 00:00:00-04:00,38.14309113184367,38.14309113184367,37.60558319091797,37.60558319091797,7100,0.0,0.0,0.0
2024-09-04 00:00:00-04:00,37.46126001325081,37.56577863240278,37.41646957397461,37.41646957397461,3700,0.0,0.0,0.0
2024-09-05 00:00:00-04:00,37.05812522966091,37.24724671740246,37.05812522966091,37.153682708740234,5500,0.0,0.0,0.0
2024-09-06 00:00:00-04:00,37.041197779050556,37.041197779050556,36.55047381104272,36.59028625488281,2100,0.0,0.0,0.0
2024-09-09 00:00:00-04:00,36.898862019478585,37.0581232102366,36.829185485839844,36.829185485839844,2300,0.0,0.0,0.0
2024-09-10 00:00:00-04:00,36.80928163704458,36.938682556152344,36.80928163704458,36.938682556152344,5300,0.0,0.0,0.0
2024-09-11 00:00:00-04:00,37.177570429970416,37.386603840769546,37.12780201676549,37.2771110534668,5700,0.0,0.0,0.0
2024-09-12 00:00:00-04:00,37.54192415557224,37.76592360046024,37.531970396946,37.63749694824219,9900,0.006,0.0,0.0
2024-09-13 00:00:00-04:00,38.1890242771746,38.19897803467427,38.12929033909286,38.13924789428711,1200,0.0,0.0,0.0
2024-09-16 00:00:00-04:00,38.27862789039762,38.378180668148886,38.27862789039762,38.353294372558594,900,0.0,0.0,0.0
2024-09-17 00:00:00-04:00,38.666885712474,38.666885712474,38.42795374966197,38.43094253540039,1800,0.0,0.0,0.0
2024-09-18 00:00:00-04:00,38.577285778688406,38.577285778688406,38.35826513448906,38.38813400268555,400,0.0,0.0,0.0
2024-09-19 00:00:00-04:00,39.10491984309811,39.21443015837737,39.02527839415507,39.16465377807617,17600,0.0,0.0,0.0
2024-09-20 00:00:00-04:00,38.990438750851204,39.08501274430904,38.990438750851204,39.03523635864258,5200,0.0,0.0,0.0
2024-09-23 00:00:00-04:00,39.23434829711914,39.24430205583366,39.15470683431787,39.23434829711914,3200,0.0,0.0,0.0
2024-09-24 00:00:00-04:00,39.114882886445706,39.289102140793844,39.114882886445706,39.226383209228516,7200,0.0,0.0,0.0
2024-09-25 00:00:00-04:00,39.15868723462477,39.184572324330496,39.10492706298828,39.10492706298828,700,0.0,0.0,0.0
2024-09-26 00:00:00-04:00,39.26421727065704,39.2841285877587,39.23435219385227,39.246299743652344,8000,0.0,0.0,0.0
2024-09-27 00:00:00-04:00,39.19452306770296,39.234345695310296,39.19452306770296,39.22439193725586,4000,0.0,0.0,0.0
2024-09-30 00:00:00-04:00,39.18457587050895,39.453372955322266,39.154710793650395,39.453372955322266,9600,0.0,0.0,0.0
2024-10-01 00:00:00-04:00,39.16465919021282,39.21443557739258,39.00537247262064,39.21443557739258,8600,0.0,0.0,0.0
2024-10-02 00:00:00-04:00,39.05514541968421,39.204478365764615,39.05514541968421,39.173614501953125,1000,0.0,0.0,0.0
2024-10-03 00:00:00-04:00,39.0352365492207,39.2044808185467,39.0352365492207,39.1596794128418,3700,0.0,0.0,0.0
2024-10-04 00:00:00-04:00,39.36376701937067,39.560882568359375,39.313990634109516,39.560882568359375,11700,0.0,0.0,0.0
2024-10-07 00:00:00-04:00,39.37870126579287,39.443410189673855,39.13479430903155,39.244300842285156,4500,0.0,0.0,0.0
2024-10-08 00:00:00-04:00,39.54296789409691,39.60668182373047,39.54296789409691,39.60668182373047,63400,0.0,0.0,0.0
2024-10-09 00:00:00-04:00,39.78587726979735,39.89140381491207,39.757007194007876,39.79185104370117,56500,0.0,0.0,0.0
2024-10-10 00:00:00-04:00,39.81176154875531,39.86153793334961,39.69428745821929,39.86153793334961,4000,0.0,0.0,0.0
2024-10-11 00:00:00-04:00,40.190066095343184,40.22988872307302,40.190066095343184,40.20002365112305,2500,0.0,0.0,0.0
2024-10-14 00:00:00-04:00,40.35931214700138,40.508641311041856,40.35931214700138,40.46882247924805,6000,0.0,0.0,0.0
2024-10-15 00:00:00-04:00,40.44891095582651,40.4887297874149,40.389177011901516,40.4389533996582,3500,0.0,0.0,0.0
2024-10-16 00:00:00-04:00,40.458865894324056,40.66792900761668,40.42900082033799,40.6181526184082,10300,0.0,0.0,0.0
2024-10-17 00:00:00-04:00,40.54547656429901,40.66792563610749,40.49470138549805,40.49470138549805,4400,0.0,0.0,0.0
2024-10-18 00:00:00-04:00,40.548457706402985,40.677879333496094,40.548457706402985,40.677879333496094,8300,0.0,0.0,0.0
2024-10-21 00:00:00-04:00,41.46436554108295,41.46436554108295,40.44891127257576,40.48674011230469,2400,0.0,0.0,0.0
2024-10-22 00:00:00-04:00,40.27269700125097,40.39913365648784,40.27269700125097,40.30156707763672,3000,0.0,0.0,0.0
2024-10-23 00:00:00-04:00,40.11042344186396,40.11042344186396,39.752027398369066,39.831668853759766,8100,0.0,0.0,0.0
2024-10-24 00:00:00-04:00,39.985985127207435,40.01087142335431,39.91131864337656,39.93919372558594,7000,0.0,0.0,0.0
2024-10-25 00:00:00-04:00,40.02082684181454,40.02082684181454,40.00091552734375,40.00091552734375,1300,0.0,0.0,0.0
2024-10-28 00:00:00-04:00,40.22989017661266,40.23984393505736,40.100468530662,40.13133239746094,3200,0.0,0.0,0.0
2024-10-29 00:00:00-04:00,40.07060099416187,40.34935178581547,40.07060099416187,40.23984146118164,7500,0.0,0.0,0.0
2024-10-30 00:00:00-04:00,40.33939845125102,40.33939845125102,40.11042404174805,40.11042404174805,1200,0.0,0.0,0.0
2024-10-31 00:00:00-04:00,39.7918551110053,39.7918551110053,39.44341278076172,39.44341278076172,12300,0.0,0.0,0.0
2024-11-01 00:00:00-04:00,39.5927433318435,39.5927433318435,39.463321685791016,39.463321685791016,2900,0.0,0.0,0.0
2024-11-04 00:00:00-05:00,39.56287744557296,39.68234153302239,39.51309726124874,39.53300857543945,3600,0.0,0.0,0.0
2024-11-05 00:00:00-05:00,39.881451618704126,40.21993637084961,39.881451618704126,40.21993637084961,2500,0.0,0.0,0.0
2024-11-06 00:00:00-05:00,41.07610214662183,41.544008567756194,41.02632575660001,41.494232177734375,21000,0.0,0.0,0.0
2024-11-07 00:00:00-05:00,41.87253568590221,42.081598783179516,41.87253568590221,42.06168746948242,19500,0.0,0.0,0.0
2024-11-08 00:00:00-05:00,42.61919920072024,42.86808496242048,42.615215418310214,42.82826232910156,9000,0.0,0.0,0.0
2024-11-11 00:00:00-05:00,42.84816841927356,42.99749757946179,42.788434476581344,42.902923583984375,28400,0.0,0.0,0.0
2024-11-12 00:00:00-05:00,42.83821131533128,42.88799150028084,42.69883591194032,42.779476165771484,12700,0.0,0.0,0.0
2024-11-13 00:00:00-05:00,42.93776506257083,42.94274004258254,42.64507293701172,42.64507293701172,9400,0.0,0.0,0.0
2024-11-14 00:00:00-05:00,42.77847780477715,42.77847780477715,42.27771759033203,42.27771759033203,18600,0.0,0.0,0.0
2024-11-15 00:00:00-05:00,41.772979669409715,41.802848539197434,41.67342689730353,41.76103591918945,13800,0.0,0.0,0.0
2024-11-18 00:00:00-05:00,41.91235582063081,41.91235582063081,41.77994918823242,41.77994918823242,12800,0.0,0.0,0.0
2024-11-19 00:00:00-05:00,41.68338241005488,42.071643554385226,41.68338241005488,42.02983093261719,19000,0.0,0.0,0.0
2024-11-20 00:00:00-05:00,41.83370725081355,42.13137435913086,41.83370725081355,42.13137435913086,4500,0.0,0.0,0.0
2024-11-21 00:00:00-05:00,42.32650017446878,42.609234748971474,42.300618884925115,42.55149459838867,37400,0.0,0.0,0.0
2024-11-22 00:00:00-05:00,42.50172469877316,42.79839685818048,42.50172469877316,42.76852798461914,19400,0.0,0.0,0.0
2024-11-25 00:00:00-05:00,43.18665436356243,43.196608122106426,42.987545013427734,42.987545013427734,9900,0.0,0.0,0.0
2024-11-26 00:00:00-05:00,43.714293437969644,43.714293437969644,43.1368804666967,43.464412689208984,8800,0.0,0.0,0.0
2024-11-27 00:00:00-05:00,43.04727548515569,43.18665087969808,43.04727548515569,43.1358757019043,9500,0.0,0.0,0.0
2024-11-29 00:00:00-05:00,43.52015846141419,43.52015846141419,43.47535705566406,43.47535705566406,400,0.0,0.0,0.0
2024-12-02 00:00:00-05:00,43.48531200526517,43.48531200526517,43.355890371370656,43.37082290649414,6000,0.0,0.0,0.0
2024-12-03 00:00:00-05:00,43.40566899355821,43.55500194788602,43.395715235527256,43.51617431640625,5100,0.0,0.0,0.0
2024-12-04 00:00:00-05:00,43.66451314151863,43.87357624357201,43.66451314151863,43.83674240112305,5800,0.0,0.0,0.0
2024-12-05 00:00:00-05:00,43.923349850742696,43.923349850742696,43.70831298828125,43.70831298828125,5000,0.0,0.0,0.0
2024-12-06 00:00:00-05:00,44.47089920355328,44.47089920355328,43.907423840202384,43.935298919677734,4700,0.0,0.0,0.0
2024-12-09 00:00:00-05:00,44.520679932016066,44.520679932016066,43.15578842163086,43.15578842163086,4600,0.0,0.0,0.0
2024-12-10 00:00:00-05:00,43.31607073268016,43.31607073268016,42.86111068725586,42.86111068725586,15700,0.0,0.0,0.0
2024-12-11 00:00:00-05:00,43.74415502399381,43.74415502399381,43.057231768726496,43.22846603393555,15600,0.0,0.0,0.0
2024-12-12 00:00:00-05:00,43.146830407337525,43.146830407337525,42.97758613573363,42.97957992553711,16300,0.0,0.0,0.0
2024-12-13 00:00:00-05:00,42.86808175134189,42.86808175134189,42.59928469311671,42.728702545166016,8800,0.0,0.0,0.0
2024-12-16 00:00:00-05:00,42.728701528399625,43.0373212096169,42.728701528399625,42.957679748535156,6300,0.0,0.0,0.0
2024-12-17 00:00:00-05:00,42.64906388832368,42.64906388832368,42.48977715419446,42.573402404785156,39500,0.0,0.0,0.0
2024-12-18 00:00:00-05:00,42.56941693280683,42.6689735112457,41.096013751167916,41.151763916015625,19300,0.0,0.0,0.0
2024-12-19 00:00:00-05:00,41.673427573385915,41.673427573385915,41.289146423339844,41.289146423339844,15000,0.0,0.0,0.0
2024-12-20 00:00:00-05:00,41.165699949352685,41.99698120866353,41.03628209866538,41.69334030151367,12400,0.0,0.0,0.0
2024-12-23 00:00:00-05:00,41.852628815927744,42.01191554472205,41.63360813969988,41.968109130859375,4100,0.0,0.0,0.0
2024-12-24 00:00:00-05:00,42.06168943845235,42.3603515625,41.99598172040659,42.3603515625,18800,0.0,0.0,0.0
2024-12-26 00:00:00-05:00,42.15129038247139,42.410129889094094,42.15129038247139,42.36334228515625,13300,0.0,0.0,0.0
2024-12-27 00:00:00-05:00,41.98204593422731,41.98204593422731,41.57885223979959,41.854618072509766,4400,0.0,0.0,0.0
2024-12-30 00:00:00-05:00,41.66842564105724,41.7281666889066,41.329900632870746,41.52903366088867,15600,0.005,0.0,0.0
2024-12-31 00:00:00-05:00,41.817774079977866,41.817774079977866,41.214404342391695,41.30002975463867,9300,0.0,0.0,0.0
2025-01-02 00:00:00-05:00,41.43942307936615,41.6086874788205,41.22038017168227,41.469295501708984,5900,0.0,0.0,0.0
2025-01-03 00:00:00-05:00,42.255863269736935,42.255863269736935,41.90738334170579,42.0965576171875,13600,0.0,0.0,0.0
2025-01-06 00:00:00-05:00,42.46495445411985,42.4749093955814,42.24590776050273,42.30564880371094,16300,0.0,0.0,0.0
2025-01-07 00:00:00-05:00,42.34547505029552,42.34547505029552,41.738121032714844,41.738121032714844,4000,0.0,0.0,0.0
2025-01-08 00:00:00-05:00,41.439426700154534,41.860591809596116,41.41951301623485,41.838687896728516,14000,0.0,0.0,0.0
2025-01-10 00:00:00-05:00,41.28011561663052,41.48920357316317,41.1008962829893,41.27016067504883,14600,0.0,0.0,0.0
2025-01-13 00:00:00-05:00,40.77233384402839,41.270164528819585,40.7673544736994,41.19050979614258,13500,0.0,0.0,0.0
2025-01-14 00:00:00-05:00,41.403580372727156,41.57881546020508,41.19050814929641,41.57881546020508,8200,0.0,0.0,0.0
2025-01-15 00:00:00-05:00,42.166258291312154,42.23595428466797,42.156303348609946,42.23595428466797,6800,0.0,0.0,0.0
2025-01-16 00:00:00-05:00,42.325564737787,42.45301155522258,42.22600011635185,42.30266571044922,3400,0.0,0.0,0.0
2025-01-17 00:00:00-05:00,42.51473539915749,42.69395472490883,42.51473539915749,42.629234313964844,7300,0.0,0.0,0.0
2025-01-21 00:00:00-05:00,43.21966927378463,43.50044346814167,43.04940975305466,43.48052978515625,69400,0.0,0.0,0.0
2025-01-22 00:00:00-05:00,43.73940540586407,43.87879739352324,43.73940540586407,43.795162200927734,84800,0.0,0.0,0.0
2025-01-23 00:00:00-05:00,43.89870710294774,43.98333740234375,43.84892479731164,43.98333740234375,20400,0.0,0.0,0.0
2025-01-24 00:00:00-05:00,43.938538830068225,43.96840745678672,43.75931947346358,43.853904724121094,9800,0.0,0.0,0.0
2025-01-27 00:00:00-05:00,42.90304860035663,42.90304860035663,42.56452358251137,42.76365661621094,3800,0.0,0.0,0.0
2025-01-28 00:00:00-05:00,42.57149148960043,43.23161315917969,42.57149148960043,43.23161315917969,12700,0.0,0.0,0.0
2025-01-29 00:00:00-05:00,43.00858881882254,43.32122567682492,43.00858881882254,43.20075225830078,29200,0.0,0.0,0.0
2025-01-30 00:00:00-05:00,43.48550519937163,43.79914093017578,43.47057088802787,43.79914093017578,2600,0.0,0.0,0.0
2025-01-31 00:00:00-05:00,43.609965209559256,43.679661198352356,42.96278762817383,42.96278762817383,5900,0.0,0.0,0.0
2025-02-03 00:00:00-05:00,42.37335526245631,42.92296228354125,42.13638888940864,42.76365661621094,18400,0.0,0.0,0.0
2025-02-04 00:00:00-05:00,43.17187599884,43.17187599884,43.05239770238247,43.07230758666992,3900,0.0,0.0,0.0
2025-02-05 00:00:00-05:00,43.06235484757233,43.38096618652344,43.06235484757233,43.38096618652344,65300,0.0,0.0,0.0
2025-02-06 00:00:00-05:00,43.48053007971721,43.530316186591364,43.19179116983927,43.466590881347656,82800,0.0,0.0,0.0
2025-02-07 00:00:00-05:00,43.923597730568126,43.923597730568126,43.480524979865876,43.58009338378906,3100,0.0,0.0,0.0
2025-02-10 00:00:00-05:00,43.89870511004981,43.89870511004981,43.619921172626626,43.68961715698242,3200,0.0,0.0,0.0
2025-02-11 00:00:00-05:00,43.31126734581419,43.480527946813936,43.29135366367071,43.36104965209961,10700,0.0,0.0,0.0
2025-02-12 00:00:00-05:00,42.91300335397956,43.25849796951129,42.91300335397956,43.08226776123047,11200,0.0,0.0,0.0
2025-02-13 00:00:00-05:00,43.450656783372345,43.68961715698242,43.39191465290658,43.68961715698242,7000,0.0,0.0,0.0
2025-02-14 00:00:00-05:00,43.80909876062719,43.80909876062719,43.70953414633893,43.739402770996094,4700,0.0,0.0,0.0
2025-02-18 00:00:00-05:00,43.848923611006896,43.98831558227539,43.81009136266223,43.98831558227539,7700,0.0,0.0,0.0
2025-02-19 00:00:00-05:00,43.719487116381075,43.85887908935547,43.719487116381075,43.85887908935547,3700,0.0,0.0,0.0
2025-02-20 00:00:00-05:00,43.23958013630023,43.46061706542969,43.122092073052556,43.46061706542969,15500,0.0,0.0,0.0
2025-02-21 00:00:00-05:00,43.10217795287672,43.10217795287672,42.335518307405984,42.44504165649414,43300,0.0,0.0,0.0
2025-02-24 00:00:00-05:00,42.80348300342818,42.80348300342818,41.89743132906091,41.95716857910156,39300,0.0,0.0,0.0
2025-02-25 00:00:00-05:00,41.55392618408782,41.80782088652843,41.37968621109781,41.70924758911133,12200,0.0,0.0,0.0
2025-02-26 00:00:00-05:00,42.036825143110065,42.31560911718099,41.91734304152528,42.0766487121582,106400,0.0,0.0,0.0
2025-02-27 00:00:00-05:00,42.036824103443514,42.036824103443514,41.17059598003816,41.42947006225586,21800,0.0,0.0,0.0
2025-02-28 00:00:00-05:00,41.17059245105179,41.88746978879534,41.17059245105179,41.857601165771484,8800,0.0,0.0,0.0
2025-03-03 00:00:00-05:00,41.93725078659712,41.93725078659712,40.901765973186336,40.98540115356445,35800,0.0,0.0,0.0
2025-03-04 00:00:00-05:00,40.672766222002444,41.110859663982964,40.244631520874265,40.662811279296875,28400,0.0,0.0,0.0
2025-03-05 00:00:00-05:00,40.43679233095565,41.20046666327546,40.43679233095565,41.15068435668945,332500,0.0,0.0,0.0
2025-03-06 00:00:00-05:00,40.36411108790012,40.37406602998065,39.995713662429296,40.085323333740234,101800,0.0,0.0,0.0
2025-03-07 00:00:00-05:00,39.9260175162491,40.46865491209206,39.9260175162491,40.40393829345703,19400,0.0,0.0,0.0
2025-03-10 00:00:00-04:00,40.065417406846365,40.065417406846365,39.51282501220703,39.51282501220703,6500,0.0,0.0,0.0
2025-03-11 00:00:00-04:00,39.32961836827764,39.76671287973736,39.29875462882351,39.398319244384766,19700,0.0,0.0,0.0
2025-03-12 00:00:00-04:00,39.657192265465504,39.76671182040679,39.51779648998779,39.577537536621094,16300,0.0,0.0,0.0
2025-03-13 00:00:00-04:00,39.48689569102114,39.48689569102114,38.82454680761434,38.93410873413086,17300,0.014,0.0,0.0
2025-03-14 00:00:00-04:00,39.50183826211819,39.99984429356168,39.50183826211819,39.96000289916992,76000,0.0,0.0,0.0
2025-03-17 00:00:00-04:00,39.98988580102515,40.43808818924713,39.98988580102515,40.28868865966797,13400,0.0,0.0,0.0
2025-03-18 00:00:00-04:00,39.820565976838175,39.96000707228699,39.80463093721114,39.918174743652344,3700,0.0,0.0,0.0
2025-03-19 00:00:00-04:00,40.25880876654431,40.54765319824219,40.238891867344606,40.54765319824219,21500,0.0,0.0,0.0
2025-03-20 00:00:00-04:00,40.677135202838876,40.73291163848792,40.25880813598633,40.25880813598633,9500,0.0,0.0,0.0
2025-03-21 00:00:00-04:00,40.0496458012712,40.320560455322266,40.0496458012712,40.320560455322266,400,0.0,0.0,0.0
2025-03-24 00:00:00-04:00,40.975938894257986,41.29466247558594,40.975938894257986,41.29466247558594,11800,0.0,0.0,0.0
2025-03-25 00:00:00-04:00,41.30462263036077,41.39226914111672,41.24386507211998,41.370357513427734,15200,0.0,0.0,0.0
2025-03-26 00:00:00-04:00,41.31458241891954,41.31458241891954,40.70701441578349,40.807613372802734,15000,0.0,0.0,0.0
2025-03-27 00:00:00-04:00,40.657216209616365,40.77673660537915,40.48789596557617,40.48789596557617,7400,0.0,0.0,0.0
2025-03-28 00:00:00-04:00,40.09944772760259,40.09944772760259,39.48192125475658,39.58650207519531,12300,0.0,0.0,0.0
2025-03-31 00:00:00-04:00,38.924159552414274,39.79068912376662,38.924159552414274,39.777740478515625,12800,0.0,0.0,0.0
2025-04-01 00:00:00-04:00,39.68111851151921,39.81557846069336,39.52175674237593,39.81557846069336,13600,0.0,0.0,0.0
2025-04-02 00:00:00-04:00,39.989890959763855,40.388293556187136,39.989890959763855,40.296661376953125,13400,0.0,0.0,0.0
2025-04-03 00:00:00-04:00,38.74487392673369,38.74487392673369,37.93810272216797,37.93810272216797,16100,0.0,0.0,0.0
2025-04-04 00:00:00-04:00,36.56360402165688,36.56360402165688,35.71699523925781,35.71699523925781,46500,0.0,0.0,0.0
2025-04-07 00:00:00-04:00,34.342499880199185,36.66321010833713,34.158236257100796,35.97297286987305,14700,0.0,0.0,0.0
2025-04-08 00:00:00-04:00,37.24687390501069,37.35045926990688,35.24887282040248,35.567596435546875,15400,0.0,0.0,0.0
2025-04-09 00:00:00-04:00,35.80663652849761,38.92415553270716,35.17914782808505,38.744873046875,14100,0.0,0.0,0.0
2025-04-10 00:00:00-04:00,37.685113068712845,37.79866066915752,36.85942045081641,37.55961608886719,22000,0.0,0.0,0.0
2025-04-11 00:00:00-04:00,37.66918168854234,38.286708198334075,37.39129494911031,38.12934112548828,18500,0.0,0.0,0.0
2025-04-14 00:00:00-04:00,38.485907673398756,38.635311011054895,38.087505105456906,38.32754135131836,41600,0.0,0.0,0.0
2025-04-15 00:00:00-04:00,38.49587130242496,38.49587130242496,38.31658881060398,38.401248931884766,12000,0.0,0.0,0.0
2025-04-16 00:00:00-04:00,37.9560318792697,37.997864206274045,37.280734258217024,37.539695739746094,4200,0.0,0.0,0.0
2025-04-17 00:00:00-04:00,37.62436000859448,37.798661372735644,37.519775390625,37.519775390625,21600,0.0,0.0,0.0
2025-04-21 00:00:00-04:00,37.10443696522715,37.10443696522715,36.29467940486608,36.633323669433594,19200,0.0,0.0,0.0
2025-04-22 00:00:00-04:00,37.350455120793875,37.778740643471096,37.26081387652458,37.651248931884766,7400,0.0,0.0,0.0
2025-04-23 00:00:00-04:00,38.79467382778053,39.16817838234937,38.28670550585541,38.44308090209961,26100,0.0,0.0,0.0
2025-04-24 00:00:00-04:00,38.520768767004334,39.282717446432066,38.520768767004334,39.2757453918457,11000,0.0,0.0,0.0
2025-04-25 00:00:00-04:00,39.24287550202005,39.55163679965183,39.19108093112375,39.491878509521484,18700,0.0,0.0,0.0
2025-04-28 00:00:00-04:00,39.58152421377906,39.701044607020464,39.30263823023605,39.693077087402344,52300,0.0,0.0,0.0
2025-04-29 00:00:00-04:00,39.461996537735565,39.96996481327149,39.461996537735565,39.870361328125,22100,0.0,0.0,0.0
2025-04-30 00:00:00-04:00,39.27275286783157,40.159202926458526,39.232911476560105,40.11737060546875,7700,0.0,0.0,0.0
2025-05-01 00:00:00-04:00,40.33849234729556,40.5775369366825,40.17913055419922,40.17913055419922,20100,0.0,0.0,0.0
2025-05-02 00:00:00-04:00,40.7568150686585,41.10542159840666,40.7568150686585,41.07554244995117,4000,0.0,0.0,0.0
2025-05-05 00:00:00-04:00,40.80661493893216,41.19505903084398,40.80661493893216,40.96597671508789,15800,0.0,0.0,0.0
2025-05-06 00:00:00-04:00,40.54067834344627,40.87633620389384,40.5177712513095,40.70701217651367,112000,0.0,0.0,0.0
2025-05-07 00:00:00-04:00,40.995857234644966,41.06159591674805,40.71000301270387,41.06159591674805,5200,0.0,0.0,0.0
2025-05-08 00:00:00-04:00,41.125336734308036,41.414181128589334,41.02573325378813,41.065574645996094,35400,0.0,0.0,0.0
2025-05-09 00:00:00-04:00,40.91617737899008,41.09545605483588,40.91617737899008,40.990875244140625,10800,0.0,0.0,0.0
2025-05-12 00:00:00-04:00,41.81259222374379,41.90223347484591,41.81259222374379,41.8823127746582,8300,0.0,0.0,0.0
2025-05-13 00:00:00-04:00,42.071554475779315,42.430115654700785,42.071554475779315,42.28171157836914,72500,0.0,0.0,0.0
2025-05-14 00:00:00-04:00,42.45999491244577,42.49983250698499,42.412185999514264,42.45800018310547,28100,0.0,0.0,0.0
2025-05-15 00:00:00-04:00,42.74485810494757,42.8982433084535,42.74485810494757,42.85641098022461,12500,0.0,0.0,0.0
2025-05-16 00:00:00-04:00,42.83847528562145,43.16716107579895,42.78867544454483,43.107398986816406,41500,0.0,0.0,0.0
2025-05-19 00:00:00-04:00,42.88230783927574,43.2269287109375,42.88230783927574,43.2269287109375,37900,0.0,0.0,0.0
2025-05-20 00:00:00-04:00,43.0775205411011,43.1572033277042,42.98787930591482,43.111385345458984,72700,0.0,0.0,0.0
2025-05-21 00:00:00-04:00,42.958007229685066,43.107406779923906,42.559600830078125,42.559600830078125,16300,0.0,0.0,0.0
2025-05-22 00:00:00-04:00,42.569561053609355,42.569561053609355,42.35043716430664,42.35043716430664,5300,0.0,0.0,0.0
2025-05-23 00:00:00-04:00,42.285696039700134,42.290673364631274,42.23091506958008,42.23091506958008,2100,0.0,0.0,0.0
2025-05-27 00:00:00-04:00,42.56756892767048,42.99784541341316,42.56756892767048,42.9580078125,89400,0.0,0.0,0.0
2025-05-28 00:00:00-04:00,42.958006494105675,42.958006494105675,42.639282899671706,42.70900344848633,7600,0.0,0.0,0.0
2025-05-29 00:00:00-04:00,42.838475001375436,42.838475001375436,42.54963440525383,42.57951354980469,13600,0.0,0.0,0.0
2025-05-30 00:00:00-04:00,42.50980130005627,42.72892520143837,42.50980130005627,42.64924240112305,32400,0.0,0.0,0.0
2025-06-02 00:00:00-04:00,42.44007551735607,42.94804000854492,42.44007551735607,42.94804000854492,2200,0.0,0.0,0.0
2025-06-03 00:00:00-04:00,42.95999247527129,43.11736332424602,42.958001545387354,43.097442626953125,5900,0.0,0.0,0.0
2025-06-04 00:00:00-04:00,43.087482124326264,43.21696476223405,43.04166793823242,43.04166793823242,23900,0.0,0.0,0.0
2025-06-05 00:00:00-04:00,43.14724281917843,43.14724281917843,43.00780173648563,43.07752227783203,6000,0.0,0.0,0.0
2025-06-06 00:00:00-04:00,43.38628803783965,43.426125633858554,43.266763851329124,43.36636734008789,28700,0.0,0.0,0.0
2025-06-09 00:00:00-04:00,43.40520982024518,43.48489261189308,43.3464469909668,43.3464469909668,4300,0.0,0.0,0.0
2025-06-10 00:00:00-04:00,43.34644803878407,43.43608928181254,43.128319620937056,43.286685943603516,3100,0.0,0.0,0.0
2025-06-11 00:00:00-04:00,43.29664993286133,43.39624962934763,43.28569221848479,43.29664993286133,7700,0.0,0.0,0.0
2025-06-12 00:00:00-04:00,43.41616837035275,43.50481414794922,43.41417744036858,43.50481414794922,14600,0.0,0.0,0.0
2025-06-13 00:00:00-04:00,43.1566441290356,43.19654947677552,42.99702654365934,43.0169792175293,9000,0.07,0.0,0.0
2025-06-16 00:00:00-04:00,43.505813019327114,43.61555082989782,43.43697762199036,43.48486328125,12100,0.0,0.0,0.0
2025-06-17 00:00:00-04:00,43.495833632723425,43.523766616090136,43.206529364532585,43.253414154052734,9800,0.0,0.0,0.0
2025-06-18 00:00:00-04:00,43.426003037213285,43.505813739161106,43.22648389351119,43.24144744873047,10400,0.0,0.0,0.0
2025-06-20 00:00:00-04:00,43.445954041355215,43.445954041355215,43.1366970971637,43.194557189941406,2400,0.0,0.0,0.0
2025-06-23 00:00:00-04:00,43.555689347568745,43.84499740600586,43.555689347568745,43.84499740600586,11500,0.0,0.0,0.0
2025-06-24 00:00:00-04:00,44.06447378968009,44.32385476754129,44.06447378968009,44.29292678833008,8400,0.0,0.0,0.0
2025-06-25 00:00:00-04:00,44.31387366291165,44.31387366291165,44.17420874797469,44.1961555480957,5700,0.0,0.0,0.0
2025-06-26 00:00:00-04:00,44.35377752237877,44.56826400756836,44.35377752237877,44.56826400756836,6700,0.0,0.0,0.0
2025-06-27 00:00:00-04:00,44.60318080888448,44.80270374276889,44.60318080888448,44.77876281738281,33100,0.0,0.0,0.0
2025-06-30 00:00:00-04:00,44.842610391625904,45.052107765769875,44.842610391625904,45.04213333129883,10200,0.0,0.0,0.0
2025-07-01 00:00:00-04:00,44.92241749610079,44.932395736202466,44.89249038696289,44.89249038696289,14300,0.0,0.0,0.0
2025-07-02 00:00:00-04:00,44.8505875041989,45.00122771250338,44.8505875041989,44.97229766845703,74500,0.0,0.0,0.0
2025-07-03 00:00:00-04:00,44.982273276007874,45.47110426584833,44.982273276007874,45.401268005371094,7700,0.0,0.0,0.0
2025-07-07 00:00:00-04:00,45.17181948209812,45.34141531080235,45.10198702486212,45.226688385009766,48900,0.0,0.0,0.0
2025-07-08 00:00:00-04:00,45.271582157737534,45.32245900277506,45.14189167961395,45.18179702758789,26600,0.0,0.0,0.0
2025-07-09 00:00:00-04:00,45.22170596466143,45.401272433628876,45.22170596466143,45.33143997192383,9500,0.0,0.0,0.0
2025-07-10 00:00:00-04:00,45.2316766092438,45.26060665444245,45.09201169753761,45.14189147949219,9700,0.0,0.0,0.0
2025-07-11 00:00:00-04:00,44.89249277702696,45.03215770121764,44.89249277702696,44.992252349853516,11100,0.0,0.0,0.0
2025-07-14 00:00:00-04:00,45.072061225101244,45.3015112777661,45.072061225101244,45.201751708984375,12100,0.0,0.0,0.0
2025-07-15 00:00:00-04:00,45.171816787584696,45.171816787584696,44.78274917602539,44.78274917602539,18200,0.0,0.0,0.0
2025-07-16 00:00:00-04:00,44.79273035448997,44.97230061862053,44.50342228388145,44.89548110961914,12400,0.0,0.0,0.0
2025-07-17 00:00:00-04:00,45.047117099983566,45.3074951171875,45.047117099983566,45.3074951171875,5800,0.0,0.0,0.0
2025-07-18 00:00:00-04:00,45.37133879589652,45.37133879589652,45.18179411362002,45.2665901184082,52500,0.0,0.0,0.0
2025-07-21 00:00:00-04:00,45.31447703685992,45.482074925520216,45.23366928100586,45.23366928100586,5500,0.0,0.0,0.0
2025-07-22 00:00:00-04:00,45.05210542897979,45.22170125085932,45.05210542897979,45.14787673950195,5300,0.0,0.0,0.0
2025-07-23 00:00:00-04:00,45.33143709832028,45.424217224121094,45.281557315347705,45.424217224121094,3200,0.0,0.0,0.0
2025-07-24 00:00:00-04:00,45.41124594176684,45.56088528457598,45.41124594176684,45.43618392944336,31900,0.0,0.0,0.0
2025-07-25 00:00:00-04:00,45.471103921030256,45.68060128412319,45.41124590061084,45.61775207519531,6900,0.0,0.0,0.0
2025-07-28 00:00:00-04:00,45.66065219291303,45.66065219291303,45.52397846197025,45.56986999511719,8800,0.0,0.0,0.0
2025-07-29 00:00:00-04:00,45.75043555130944,45.75043555130944,45.58083972285934,45.597801208496094,22100,0.0,0.0,0.0
2025-07-30 00:00:00-04:00,45.78036583590701,45.83024562223502,45.4910577473873,45.6596565246582,5200,0.0,0.0,0.0
2025-07-31 00:00:00-04:00,45.959932672931984,45.959932672931984,45.45115280151367,45.45115280151367,7500,0.0,0.0,0.0
2025-08-01 00:00:00-04:00,44.992247069852915,45.0221779826554,44.80270238149271,44.98526382446289,17200,0.0,0.0,0.0
2025-08-04 00:00:00-04:00,45.472103417793356,45.824256896972656,45.47110635490383,45.824256896972656,8000,0.0,0.0,0.0
2025-08-05 00:00:00-04:00,45.93998378051324,45.959936456311034,45.533958435058594,45.533958435058594,3900,0.0,0.0,0.0
2025-08-06 00:00:00-04:00,45.5359467807538,45.81028747558594,45.5359467807538,45.81028747558594,37600,0.0,0.0,0.0
2025-08-07 00:00:00-04:00,46.009812638775074,46.009812638775074,45.281557154331324,45.39229202270508,5200,0.0,0.0,0.0
2025-08-08 00:00:00-04:00,45.64867663821384,45.750434132127374,45.64867663821384,45.69755935668945,1400,0.0,0.0,0.0
2025-08-11 00:00:00-04:00,45.83024500321286,45.86516123372923,45.6307258605957,45.6307258605957,13100,0.0,0.0,0.0
2025-08-12 00:00:00-04:00,45.78035972045983,46.26919069457614,45.78035972045983,46.2512321472168,2800,0.0,0.0,0.0
2025-08-13 00:00:00-04:00,46.38890368746415,46.402870178222656,46.28914412649863,46.402870178222656,16400,0.0,0.0,0.0
2025-08-14 00:00:00-04:00,46.010811185649594,46.28914776545607,46.010811185649594,46.272186279296875,7300,0.0,0.0,0.0
2025-08-15 00:00:00-04:00,46.089625299259936,46.089625299259936,45.98088455200195,45.98088455200195,7400,0.0,0.0,0.0
2025-08-18 00:00:00-04:00,45.920023433583225,46.01180648803711,45.900070761118606,46.01180648803711,4600,0.0,0.0,0.0
2025-08-19 00:00:00-04:00,45.89009969081313,45.89009969081313,45.63570785522461,45.63570785522461,13700,0.0,0.0,0.0
2025-08-20 00:00:00-04:00,45.35138927097303,45.70753860473633,45.35138927097303,45.70753860473633,15200,0.0,0.0,0.0
2025-08-21 00:00:00-04:00,45.481079578099965,45.62074449058461,45.481079578099965,45.57685089111328,11100,0.0,0.0,0.0
2025-08-22 00:00:00-04:00,46.17941060004006,46.18938503482643,46.111572265625,46.111572265625,3700,0.0,0.0,0.0
2025-08-25 00:00:00-04:00,46.130527948555866,46.1794106708097,46.028770446777344,46.028770446777344,24000,0.0,0.0,0.0
2025-08-26 00:00:00-04:00,46.14947900355661,46.26420593261719,46.12953013427822,46.26420593261719,17500,0.0,0.0,0.0
2025-08-27 00:00:00-04:00,46.306104835367485,46.36795698499951,46.28914715501553,46.342018127441406,4900,0.0,0.0,0.0
2025-08-28 00:00:00-04:00,46.299121217421,46.45973587036133,46.299121217421,46.45973587036133,9900,0.0,0.0,0.0
2025-08-29 00:00:00-04:00,46.3589804874514,46.3589804874514,46.09660832941089,46.13052749633789,2400,0.0,0.0,0.0
2025-09-02 00:00:00-04:00,45.76041309293627,45.93998336791992,45.76041309293627,45.93998336791992,7100,0.0,0.0,0.0
2025-09-03 00:00:00-04:00,46.189386428594176,46.201358795166016,46.00682496350055,46.201358795166016,4300,0.0,0.0,0.0
2025-09-04 00:00:00-04:00,46.3889035524542,46.758018493652344,46.3889035524542,46.758018493652344,4200,0.0,0.0,0.0
2025-09-05 00:00:00-04:00,46.76800071988127,46.76800071988127,46.329049482091456,46.50163650512695,3300,0.0,0.0,0.0
2025-09-08 00:00:00-04:00,46.63830924173355,46.69417520817699,46.578451218151194,46.590423583984375,12000,0.0,0.0,0.0
2025-09-09 00:00:00-04:00,46.618356165933534,46.79892349243164,46.618356165933534,46.79892349243164,4900,0.0,0.0,0.0
2025-09-10 00:00:00-04:00,46.787953803168826,46.83085034217865,46.678215992763654,46.77897262573242,9200,0.0,0.0,0.0
2025-09-11 00:00:00-04:00,47.256825398233715,47.34162521362305,47.2398677185059,47.34162521362305,6100,0.0,0.0,0.0
2025-09-12 00:00:00-04:00,47.22087511039908,47.33164733093872,47.196922302246094,47.196922302246094,8100,0.016,0.0,0.0
2025-09-15 00:00:00-04:00,47.4823364421575,47.54221084638665,47.472354836874636,47.51127624511719,12300,0.0,0.0,0.0
2025-09-16 00:00:00-04:00,47.28374407986473,47.421461301944035,47.27775587800906,47.38353729248047,3500,0.0,0.0,0.0
2025-09-17 00:00:00-04:00,47.40250015258789,47.45239675979614,47.37256294963636,47.40250015258789,11700,0.0,0.0,0.0
2025-09-18 00:00:00-04:00,47.73182325115443,48.01124728904481,47.73182325115443,47.94338607788086,4400,0.0,0.0,0.0
2025-09-19 00:00:00-04:00,48.03120910142293,48.131002317997684,48.03120910142293,48.10405731201172,9300,0.0,0.0,0.0
2025-09-22 00:00:00-04:00,48.00126698276592,48.2667236328125,48.00126698276592,48.2667236328125,7300,0.0,0.0,0.0
2025-09-23 00:00:00-04:00,48.27071430786318,48.400448534807126,48.08110567376602,48.1300048828125,5700,0.0,0.0,0.0
2025-09-24 00:00:00-04:00,48.193873098798946,48.21782590735535,47.96135345578934,48.054161071777344,22600,0.0,0.0,0.0
2025-09-25 00:00:00-04:00,47.74180092530748,47.876522141263415,47.54221069581939,47.82463073730469,22900,0.0,0.0,0.0
2025-09-26 00:00:00-04:00,48.081103336255104,48.127010345458984,47.801679298145416,48.127010345458984,2200,0.0,0.0,0.0
2025-09-29 00:00:00-04:00,48.30065498524112,48.30065498524112,48.111042545584276,48.153953552246094,6400,0.0,0.0,0.0
2025-09-30 00:00:00-04:00,48.16093746136071,48.312625885009766,47.93240742672546,48.312625885009766,17400,0.0,0.0,0.0
2025-10-01 00:00:00-04:00,48.26572838274731,48.40044960869838,48.26572838274731,48.399452209472656,9200,0.0,0.0,0.0
2025-10-02 00:00:00-04:00,48.37051034338123,48.61999718640364,48.33059153484954,48.6080207824707,16000,0.0,0.0,0.0
2025-10-03 00:00:00-04:00,48.680869315897304,48.799628343100494,48.580078701580355,48.584068298339844,4600,0.0,0.0,0.0
2025-10-06 00:00:00-04:00,48.7098122685246,48.949317504340016,48.69983066302649,48.8415412902832,7400,0.0,0.0,0.0
2025-10-07 00:00:00-04:00,48.54015826831867,48.54015826831867,48.49425506591797,48.49425506591797,10800,0.0,0.0,0.0
2025-10-08 00:00:00-04:00,48.7597106098102,48.8894448378307,48.7597106098102,48.853515625,4100,0.0,0.0,0.0
2025-10-09 00:00:00-04:00,48.69983270070507,48.76968871464638,48.59504867979311,48.64594268798828,5000,0.0,0.0,0.0
2025-10-10 00:00:00-04:00,47.642007736259316,47.70188214032682,47.17297126777319,47.18294906616211,11200,0.0,0.0,0.0
2025-10-13 00:00:00-04:00,47.59210936076958,47.92143382470473,47.59210936076958,47.81265640258789,5900,0.0,0.0,0.0
2025-10-14 00:00:00-04:00,47.28274797702085,48.08110512043591,47.28274797702085,47.90346908569336,10800,0.0,0.0,0.0
2025-10-15 00:00:00-04:00,48.286684250106184,48.325601853490646,47.97133098500182,48.03919219970703,10800,0.0,0.0,0.0
2025-10-16 00:00:00-04:00,48.07112461589288,48.07112461589288,47.35260507379456,47.55718231201172,4700,0.0,0.0,0.0
2025-10-17 00:00:00-04:00,47.55219141603553,47.83161544799805,47.55219141603553,47.83161544799805,13100,0.0,0.0,0.0
2025-10-20 00:00:00-04:00,48.46132421555486,48.575088634798234,48.42040800694732,48.484275817871094,2500,0.0,0.0,0.0
2025-10-21 00:00:00-04:00,48.48028434521439,48.58007755799231,48.470302739816375,48.5631103515625,7500,0.0,0.0,0.0
2025-10-22 00:00:00-04:00,48.31961169410333,48.31961169410333,47.971329041827815,48.169921875,3600,0.0,0.0,0.0
2025-10-23 00:00:00-04:00,48.27071369924948,48.488268542640235,48.27071369924948,48.34855651855469,5100,0.0,0.0,0.0
2025-10-24 00:00:00-04:00,48.764700926885155,48.89942214962276,48.764700926885155,48.7846565246582,14600,0.0,0.0,0.0
2025-10-27 00:00:00-04:00,49.3584749849541,49.41835319638693,49.26865957123837,49.386417388916016,12100,0.0,0.0,0.0
2025-10-28 00:00:00-04:00,49.48821072532281,49.65785995262263,49.43631551244804,49.554073333740234,20700,0.0,0.0,0.0
2025-10-29 00:00:00-04:00,49.47823179230131,49.54110220170416,49.258682155541905,49.32354736328125,9000,0.0,0.0,0.0
2025-10-30 00:00:00-04:00,49.01917385111921,49.0810468622832,48.6080207824707,48.6080207824707,4000,0.0,0.0,0.0
2025-10-31 00:00:00-04:00,48.620994557184446,48.85950239531782,48.620994557184446,48.830562591552734,3200,0.0,0.0,0.0
2025-11-03 00:00:00-05:00,48.9093998442926,49.0790528799395,48.81958442703651,49.0590934753418,15300,0.0,0.0,0.0
2025-11-04 00:00:00-05:00,48.45034575037636,48.89742804555834,48.45034575037636,48.51421356201172,25900,0.0,0.0,0.0
2025-11-05 00:00:00-05:00,49.049115611016916,49.099012219011,48.90141677856445,48.90141677856445,6200,0.0,0.0,0.0
2025-11-06 00:00:00-05:00,48.14098444626174,48.430386300216355,48.135993643318685,48.146968841552734,17600,0.0,0.0,0.0
2025-11-07 00:00:00-05:00,48.061147930014705,48.61999985958333,48.001269713925,48.587066650390625,21000,0.0,0.0,0.0
2025-11-10 00:00:00-05:00,49.22276042108518,49.49819107987109,49.17186260477348,49.414363861083984,8200,0.0,0.0,0.0
2025-11-11 00:00:00-05:00,49.28861678524712,49.55806301442331,49.25867958429428,49.48920440673828,8100,0.0,0.0,0.0
2025-11-12 00:00:00-05:00,49.76763557745364,49.76763557745364,49.61195755004883,49.61195755004883,5900,0.0,0.0,0.0
2025-11-13 00:00:00-05:00,49.49818818380657,49.54808859795606,48.72977205655031,48.77867126464844,8800,0.0,0.0,0.0
2025-11-14 00:00:00-05:00,48.41940866455538,48.94931694304256,48.41940866455538,48.61500549316406,5700,0.0,0.0,0.0
2025-11-17 00:00:00-05:00,48.380488062485256,48.55313329257703,47.70188354603138,47.84758377075195,14400,0.0,0.0,0.0
2025-11-18 00:00:00-05:00,47.57215149841549,47.81066315407501,47.297718243107056,47.56117630004883,13000,0.0,0.0,0.0
2025-11-19 00:00:00-05:00,47.58612120773583,47.771740243588575,47.41247857596833,47.57714080810547,29500,0.0,0.0,0.0
2025-11-20 00:00:00-05:00,48.500243178936046,48.500243178936046,46.789764404296875,46.789764404296875,12200,0.0,0.0,0.0
2025-11-21 00:00:00-05:00,47.03325868771738,47.97132780662544,47.005316284321545,47.585121154785156,8800,0.0,0.0,0.0
2025-11-24 00:00:00-05:00,48.00126773606101,48.4104260119799,47.90147452022408,48.35055160522461,16000,0.0,0.0,0.0
2025-11-25 00:00:00-05:00,48.724782763954536,48.946327209472656,48.600039338448696,48.946327209472656,10900,0.0,0.0,0.0
2025-11-26 00:00:00-05:00,49.318557180325,49.49818801140962,49.30159378051758,49.30159378051758,21900,0.0,0.0,0.0
2025-11-28 00:00:00-05:00,49.55806325246407,49.55806325246407,49.488207245327324,49.530120849609375,5100,0.0,0.0,0.0
2025-12-01 00:00:00-05:00,49.4981905024773,49.70776235386775,49.41037368774414,49.41037368774414,4700,0.0,0.0,0.0
2025-12-02 00:00:00-05:00,49.693789417926034,49.727720024932324,49.56405519194518,49.58201599121094,33000,0.0,0.0,0.0
2025-12-03 00:00:00-05:00,49.558064728091836,49.62692333815793,49.49818651724876,49.527130126953125,13700,0.0,0.0,0.0
2025-12-04 00:00:00-05:00,49.727719567580436,49.792584776540714,49.62792254587179,49.696781158447266,12300,0.0,0.0,0.0
2025-12-05 00:00:00-05:00,49.86743392516042,50.086979769461074,49.86743392516042,49.90934753417969,6800,0.0,0.0,0.0
2025-12-08 00:00:00-05:00,49.90734655725965,49.937287567184406,49.707760127719226,49.72272872924805,13000,0.0,0.0,0.0
2025-12-09 00:00:00-05:00,49.787592628079985,49.9821920565683,49.787592628079985,49.81853103637695,4900,0.0,0.0,0.0
2025-12-10 00:00:00-05:00,49.841483725095046,50.28457260131836,49.841483725095046,50.28457260131836,39000,0.0,0.0,0.0
2025-12-11 00:00:00-05:00,50.37638469857652,50.645830955558246,50.29655088550819,50.59892654418945,34600,0.0,0.0,0.0
2025-12-12 00:00:00-05:00,50.74562329891395,50.74562329891395,49.990177154541016,49.990177154541016,4300,0.0,0.0,0.0
2025-12-15 00:00:00-05:00,50.28656618385079,50.28656618385079,50.02710154876775,50.10593795776367,3800,0.0,0.0,0.0
2025-12-16 00:00:00-05:00,50.131888587557974,50.176794393565785,49.88739253882523,50.04806137084961,11800,0.0,0.0,0.0
2025-12-17 00:00:00-05:00,50.03608370370199,50.09695931626115,49.50218200683594,49.50218200683594,10900,0.0,0.0,0.0
2025-12-18 00:00:00-05:00,50.286567542768964,50.286567542768964,49.98419189453125,49.98419189453125,10100,0.0,0.0,0.0
2025-12-19 00:00:00-05:00,50.3664052937116,50.556013924712545,50.31650487940919,50.49613571166992,10600,0.0,0.0,0.0
2025-12-22 00:00:00-05:00,50.715684032200905,50.80549944599285,50.715684032200905,50.80150604248047,5800,0.0,0.0,0.0
2025-12-23 00:00:00-05:00,50.89741152322792,51.007298593866444,50.88741971093724,50.96034622192383,71300,0.052,0.0,0.0
2025-12-24 00:00:00-05:00,50.927380408768,51.11718292792133,50.89741259278587,51.083221435546875,26800,0.0,0.0,0.0
2025-12-26 00:00:00-05:00,51.097206790243064,51.15714242204991,50.98731971758398,51.057247161865234,2300,0.0,0.0,0.0
2025-12-29 00:00:00-05:00,50.91739111391539,50.92737911540247,50.7405718582876,50.86044692993164,13700,0.0,0.0,0.0
2025-12-30 00:00:00-05:00,50.847464079905706,50.88242780153122,50.74756501043289,50.7685432434082,15100,0.0,0.0,0.0
2025-12-31 00:00:00-05:00,50.74756530032186,50.74756530032186,50.395931243896484,50.395931243896484,6600,0.0,0.0,0.0
2026-01-02 00:00:00-05:00,50.70760484795734,50.70760484795734,50.38793545053481,50.664649963378906,27200,0.0,0.0,0.0
2026-01-05 00:00:00-05:00,51.13716223955099,51.29699694115122,51.13716223955099,51.18611145019531,41500,0.0,0.0,0.0
2026-01-06 00:00:00-05:00,51.396896349011094,51.68659793842708,51.30698909059785,51.651634216308594,39800,0.0,0.0,0.0
2026-01-07 00:00:00-05:00,51.56671942468465,51.63664686942515,51.436856347743685,51.4378547668457,21600,0.0,0.0,0.0
2026-01-08 00:00:00-05:00,51.346949091100505,51.366925094661646,51.277021646356715,51.35293960571289,4700,0.0,0.0,0.0
2026-01-09 00:00:00-05:00,51.566719593489275,51.716566296000835,51.456832519748794,51.58570098876953,40400,0.0,0.0,0.0
2026-01-12 00:00:00-05:00,51.29599788483746,51.53675025871527,51.29599788483746,51.432857513427734,11700,0.0,0.0,0.0
2026-01-13 00:00:00-05:00,51.566719161705635,51.566719161705635,51.24704975573361,51.300994873046875,14300,0.0,0.0,0.0
2026-01-14 00:00:00-05:00,50.93737061206392,50.96733842709931,50.747564288147004,50.94136428833008,11600,0.0,0.0,0.0
2026-01-15 00:00:00-05:00,51.36692438492883,51.496791270841484,51.17712186764101,51.18611145019531,14200,0.0,0.0,0.0
2026-01-16 00:00:00-05:00,51.346946583752626,51.346946583752626,51.06623458862305,51.06623458862305,11600,0.0,0.0,0.0
2026-01-20 00:00:00-05:00,50.37794760242977,50.667649185588274,50.06826620552656,50.09623718261719,35600,0.0,0.0,0.0
2026-01-21 00:00:00-05:00,50.40791654597044,51.03726735535635,50.40791654597044,50.887420654296875,74700,0.0,0.0,0.0
2026-01-22 00:00:00-05:00,51.3779130384643,51.616664759063724,51.27701936300956,51.33595657348633,28500,0.0,0.0,0.0
2026-01-23 00:00:00-05:00,51.31697531862423,51.31697531862423,51.0772251783154,51.10719299316406,47400,0.0,0.0,0.0
2026-01-26 00:00:00-05:00,51.426861529103626,51.5267605948648,51.36692208964692,51.423866271972656,22700,0.0,0.0,0.0
2026-01-27 00:00:00-05:00,51.66661717254671,51.83643987377695,51.66661717254671,51.80946731567383,8300,0.0,0.0,0.0
2026-01-28 00:00:00-05:00,51.90636578944687,52.08618029767034,51.60667621266101,51.65662384033203,12500,0.0,0.0,0.0
2026-01-29 00:00:00-05:00,51.71656587077118,51.98628764661828,51.35693683630838,51.932342529296875,18000,0.0,0.0,0.0
2026-01-30 00:00:00-05:00,51.7065723782431,51.78649163253141,51.127173027691995,51.2920036315918,12500,0.0,0.0,0.0
2026-02-02 00:00:00-05:00,51.12717412336035,51.756524926708686,51.12717412336035,51.706573486328125,7200,0.0,0.0,0.0
2026-02-03 00:00:00-05:00,51.786493390070454,51.786493390070454,50.35796906264358,50.65865707397461,10600,0.0,0.0,0.0
2026-02-04 00:00:00-05:00,50.41790645453936,50.707604222482765,50.22810013226361,50.571746826171875,14000,0.0,0.0,0.0
2026-02-05 00:00:00-05:00,50.32800155061737,50.52779588356572,49.89844506854439,50.11621856689453,10600,0.0,0.0,0.0
2026-02-06 00:00:00-05:00,50.49981863919896,51.02727732926842,50.49981863919896,51.00729751586914,5800,0.0,0.0,0.0
2026-02-09 00:00:00-05:00,51.01029459693112,51.38690437553595,50.99730752721924,51.249046325683594,9700,0.0,0.0,0.0
2026-02-10 00:00:00-05:00,51.10719317701649,51.287007688274855,50.98731810643084,51.00030517578125,11600,0.0,0.0,0.0
2026-02-11 00:00:00-05:00,51.167132937780295,51.167132937780295,50.66764902799567,50.834476470947266,24100,0.0,0.0,0.0
2026-02-12 00:00:00-05:00,51.10719421020852,51.10719421020852,50.011326374898,50.03030776977539,11100,0.0,0.0,0.0
2026-02-13 00:00:00-05:00,49.89844189771817,50.17915007865668,49.588760510789115,49.954383850097656,10600,0.0,0.0,0.0
2026-02-17 00:00:00-05:00,49.98835251595739,50.18814684965764,49.72762031981077,50.00933074951172,23400,0.0,0.0,0.0
2026-02-18 00:00:00-05:00,50.13819569491513,50.547772366501135,50.13819569491513,50.35297393798828,9000,0.0,0.0,0.0
2026-02-19 00:00:00-05:00,50.11821460692321,50.11821460692321,49.68866194245121,49.96038055419922,33500,0.0,0.0,0.0
2026-02-20 00:00:00-05:00,49.82851716700594,50.36795690703523,49.82851716700594,50.34098815917969,11000,0.0,0.0,0.0
2026-02-23 00:00:00-05:00,50.2780519112905,50.32799953984202,49.418938981469026,49.55679702758789,17000,0.0,0.0,0.0
2026-02-24 00:00:00-05:00,49.708638156466776,50.28304542794534,49.708638156466776,50.14518737792969,4700,0.0,0.0,0.0
2026-02-25 00:00:00-05:00,50.33798926047258,50.51780377800722,50.19813437144785,50.488834381103516,23000,0.0,0.0,0.0
2026-02-26 00:00:00-05:00,50.59772024456926,50.69761549957488,50.18814360183067,50.57474136352539,23700,0.0,0.0,0.0
2026-02-27 00:00:00-05:00,49.978358640847986,49.98835045303863,49.80853594120498,49.92241668701172,5300,0.0,0.0,0.0
2026-03-02 00:00:00-05:00,49.694653741601485,50.208123162671804,49.694653741601485,50.09823989868164,10400,0.0,0.0,0.0
2026-03-03 00:00:00-05:00,49.26909389307567,49.73861000045538,48.929444672776285,49.52882766723633,17000,0.0,0.0,0.0
2026-03-04 00:00:00-05:00,49.622728584466024,49.8784648713861,49.622728584466024,49.78356170654297,28500,0.0,0.0,0.0
2026-03-05 00:00:00-05:00,49.90843215736616,49.90843215736616,49.23912553660685,49.594757080078125,10100,0.0,0.0,0.0
2026-03-06 00:00:00-05:00,48.949423935104534,49.15920626595833,48.869504679106974,48.963409423828125,17200,0.0,0.0,0.0
2026-03-09 00:00:00-04:00,48.13027090891428,49.22913401027365,47.95045639258131,49.22214126586914,24200,0.0,0.0,0.0
2026-03-10 00:00:00-04:00,49.04532501617992,49.608742046462474,49.01935087717049,49.151214599609375,20900,0.0,0.0,0.0
2026-03-11 00:00:00-04:00,49.23912451818996,49.47887465977547,49.09926963380512,49.339019775390625,15800,0.0,0.0,0.0
2026-03-12 00:00:00-04:00,49.059311607909585,49.059311607909585,48.67970275878906,48.67970275878906,54100,0.0,0.0,0.0
2026-03-13 00:00:00-04:00,48.9194541525037,48.9194541525037,48.155244398864184,48.18621063232422,70400,0.0,0.0,0.0
2026-03-16 00:00:00-04:00,48.67970281852654,48.76961007735595,48.45992867233024,48.46192932128906,7600,0.0,0.0,0.0
2026-03-17 00:00:00-04:00,49.11924560627634,49.249112489164766,48.86950365266926,48.877498626708984,23100,0.0,0.0,0.0
2026-03-18 00:00:00-04:00,48.769608810585844,48.81656118235984,48.509878853358344,48.53085708618164,17800,0.0,0.0,0.0
2026-03-19 00:00:00-04:00,48.33006559572327,48.729650448818454,48.290105967185774,48.46192932128906,6300,0.0,0.0,0.0
2026-03-20 00:00:00-04:00,48.29010301509833,48.29010301509833,47.69072386671705,47.7206916809082,16900,0.0,0.0,0.0
2026-03-23 00:00:00-04:00,48.330064217005635,48.48989891583607,48.10030207560937,48.16523361206055,15100,0.0,0.0,0.0
2026-03-24 00:00:00-04:00,48.03037382429599,48.514870007984065,47.940466569545265,48.433956146240234,16300,0.0,0.0,0.0
2026-03-25 00:00:00-04:00,49.15920758077825,49.15920758077825,48.79957854069027,48.84653091430664,6400,0.0,0.0,0.0
2026-03-26 00:00:00-04:00,48.57980626142809,48.67970151934586,48.19520151584902,48.239158630371094,23600,0.0,0.0,0.0
2026-03-27 00:00:00-04:00,47.720693080538396,47.720693080538396,47.36106405665796,47.42300033569336,39900,0.0,0.0,0.0
2026-03-30 00:00:00-04:00,47.439998626708984,47.63999938964844,46.95500183105469,47.08300018310547,14800,0.049,0.0,0.0
2026-03-31 00:00:00-04:00,47.75,48.755001068115234,47.75,48.75299835205078,23900,0.0,0.0,0.0
2026-04-01 00:00:00-04:00,48.959999084472656,49.47999954223633,48.959999084472656,49.2400016784668,34300,0.0,0.0,0.0
2026-04-02 00:00:00-04:00,48.47999954223633,49.35100173950195,48.47999954223633,49.35100173950195,43400,0.0,0.0,0.0
2026-04-06 00:00:00-04:00,49.619998931884766,49.69499969482422,49.52000045776367,49.67900085449219,13400,0.0,0.0,0.0
2026-04-07 00:00:00-04:00,49.540000915527344,49.744998931884766,49.29999923706055,49.71900177001953,42300,0.0,0.0,0.0
2026-04-08 00:00:00-04:00,51.20000076293945,51.24399948120117,50.88999938964844,51.19499969482422,18000,0.0,0.0,0.0
2026-04-09 00:00:00-04:00,51.06999969482422,51.45000076293945,50.91999816894531,51.43000030517578,18400,0.0,0.0,0.0
2026-04-10 00:00:00-04:00,51.470001220703125,51.47999954223633,51.220001220703125,51.404998779296875,40300,0.0,0.0,0.0
2026-04-13 00:00:00-04:00,51.25,51.91400146484375,51.25,51.91400146484375,22900,0.0,0.0,0.0
2026-04-14 00:00:00-04:00,52.06999969482422,52.74300003051758,52.06999969482422,52.68899917602539,3800,0.0,0.0,0.0
2026-04-15 00:00:00-04:00,52.86000061035156,52.9900016784668,52.67499923706055,52.96500015258789,11700,0.0,0.0,0.0
2026-04-16 00:00:00-04:00,52.97999954223633,53.084999084472656,52.89500045776367,53.08100128173828,4000,0.0,0.0,0.0
2026-04-17 00:00:00-04:00,53.709999084472656,53.709999084472656,53.59000015258789,53.672000885009766,30700,0.0,0.0,0.0
2026-04-20 00:00:00-04:00,53.83000183105469,53.9630012512207,53.79999923706055,53.9630012512207,11800,0.0,0.0,0.0
2026-04-21 00:00:00-04:00,54.220001220703125,54.220001220703125,53.678001403808594,53.678001403808594,15200,0.0,0.0,0.0
2026-04-22 00:00:00-04:00,54.029998779296875,54.04999923706055,53.720001220703125,53.8650016784668,5000,0.0,0.0,0.0
2026-04-23 00:00:00-04:00,53.869998931884766,53.869998931884766,53.20000076293945,53.676998138427734,24800,0.0,0.0,0.0
2026-04-24 00:00:00-04:00,53.845001220703125,54.04499816894531,53.845001220703125,53.974998474121094,21700,0.0,0.0,0.0
2026-04-27 00:00:00-04:00,54.01499938964844,54.07899856567383,53.904998779296875,54.04899978637695,27500,0.0,0.0,0.0
2026-04-28 00:00:00-04:00,54.0,54.0,53.40999984741211,53.71200180053711,16100,0.0,0.0,0.0
2026-04-29 00:00:00-04:00,53.73099899291992,53.73099899291992,53.29999923706055,53.57600021362305,14100,0.0,0.0,0.0
2026-04-30 00:00:00-04:00,53.86000061035156,54.310001373291016,53.86000061035156,54.1879997253418,6900,0.0,0.0,0.0
2026-05-01 00:00:00-04:00,54.43000030517578,54.44300079345703,54.189998626708984,54.33000183105469,12800,0.0,0.0,0.0
2026-05-04 00:00:00-04:00,54.33000183105469,54.5099983215332,53.959999084472656,54.099998474121094,24500,0.0,0.0,0.0
2026-05-05 00:00:00-04:00,54.40999984741211,54.85499954223633,54.40999984741211,54.7869987487793,14100,0.0,0.0,0.0
2026-05-06 00:00:00-04:00,55.11000061035156,55.369998931884766,55.0099983215332,55.279998779296875,21500,0.0,0.0,0.0
2026-05-07 00:00:00-04:00,55.494998931884766,55.54999923706055,55.0,55.06999969482422,120000,0.0,0.0,0.0
2026-05-08 00:00:00-04:00,55.34000015258789,55.540000915527344,55.34000015258789,55.448001861572266,16700,0.0,0.0,0.0
2026-05-11 00:00:00-04:00,55.459999084472656,55.630001068115234,55.362998962402344,55.362998962402344,38100,0.0,0.0,0.0
2026-05-12 00:00:00-04:00,55.04499816894531,55.34000015258789,54.650001525878906,55.33000183105469,35800,0.0,0.0,0.0
2026-05-13 00:00:00-04:00,55.209999084472656,55.77000045776367,55.209999084472656,55.555999755859375,38100,0.0,0.0,0.0
2026-05-14 00:00:00-04:00,55.91999816894531,55.99599838256836,55.779998779296875,55.887001037597656,22000,0.0,0.0,0.0
2026-05-15 00:00:00-04:00,55.02000045776367,55.18000030517578,54.77399826049805,54.77399826049805,25800,0.0,0.0,0.0
2026-05-18 00:00:00-04:00,55.150001525878906,55.150001525878906,54.58000183105469,54.617000579833984,6200,0.0,0.0,0.0
2026-05-19 00:00:00-04:00,54.255001068115234,54.637001037597656,54.119998931884766,54.25400161743164,26400,0.0,0.0,0.0
2026-05-20 00:00:00-04:00,54.75,55.45000076293945,54.5099983215332,55.40299987792969,34400,0.0,0.0,0.0
2026-05-21 00:00:00-04:00,55.04800033569336,55.84000015258789,55.040000915527344,55.79999923706055,36800,0.0,0.0,0.0
2026-05-22 00:00:00-04:00,55.900001525878906,56.05500030517578,55.814998626708984,55.86000061035156,20600,0.0,0.0,0.0
2026-05-26 00:00:00-04:00,56.4900016784668,56.900001525878906,56.4900016784668,56.880001068115234,9400,0.0,0.0,0.0
2026-05-27 00:00:00-04:00,56.93000030517578,57.0,56.900001525878906,56.959999084472656,17600,0.0,0.0,0.0
2026-05-28 00:00:00-04:00,56.96500015258789,57.29999923706055,56.849998474121094,57.29600143432617,10700,0.0,0.0,0.0
2026-05-29 00:00:00-04:00,57.2599983215332,57.43000030517578,57.198001861572266,57.198001861572266,16400,0.0,0.0,0.0
2026-06-01 00:00:00-04:00,57.0099983215332,57.709999084472656,57.0099983215332,57.53099822998047,5800,0.0,0.0,0.0
2026-06-02 00:00:00-04:00,57.470001220703125,57.540000915527344,57.36000061035156,57.40599822998047,13400,0.0,0.0,0.0
2026-06-03 00:00:00-04:00,57.090999603271484,57.27000045776367,57.029998779296875,57.20000076293945,26600,0.0,0.0,0.0
2026-06-04 00:00:00-04:00,56.94499969482422,57.79999923706055,56.94499969482422,57.62200164794922,4500,0.0,0.0,0.0
2026-06-05 00:00:00-04:00,56.720001220703125,56.720001220703125,55.70000076293945,55.707000732421875,11100,0.0,0.0,0.0
2026-06-08 00:00:00-04:00,56.4900016784668,56.59000015258789,55.95500183105469,55.9739990234375,14200,0.0,0.0,0.0
2026-06-09 00:00:00-04:00,56.720001220703125,56.79999923706055,54.505001068115234,55.91999816894531,7100,0.0,0.0,0.0
2026-06-10 00:00:00-04:00,55.560001373291016,55.81999969482422,54.68199920654297,54.68199920654297,12400,0.0,0.0,0.0
2026-06-11 00:00:00-04:00,54.77000045776367,56.400001525878906,54.77000045776367,56.395999908447266,23200,0.0,0.0,0.0
2026-06-12 00:00:00-04:00,56.63999938964844,57.209999084472656,56.400001525878906,57.117000579833984,16800,0.0,0.0,0.0
2026-06-15 00:00:00-04:00,58.099998474121094,58.65999984741211,58.099998474121094,58.57400131225586,14600,0.0,0.0,0.0
2026-06-16 00:00:00-04:00,58.61000061035156,58.790000915527344,58.119998931884766,58.125,80400,0.0,0.0,0.0
2026-06-17 00:00:00-04:00,58.22999954223633,58.529998779296875,57.624000549316406,57.624000549316406,47200,0.0,0.0,0.0
2026-06-18 00:00:00-04:00,58.439998626708984,58.63999938964844,58.439998626708984,58.6349983215332,69700,0.0,0.0,0.0
2026-06-22 00:00:00-04:00,58.779998779296875,58.790000915527344,58.43000030517578,58.63800048828125,61300,0.0,0.0,0.0
2026-06-23 00:00:00-04:00,57.5,57.959999084472656,57.400001525878906,57.5369987487793,14200,0.0,0.0,0.0
2026-06-24 00:00:00-04:00,57.619998931884766,58.138999938964844,57.459999084472656,57.643001556396484,46200,0.0,0.0,0.0
2026-06-25 00:00:00-04:00,58.38999938964844,58.38999938964844,57.84000015258789,57.88399887084961,24000,0.0,0.0,0.0
2026-06-26 00:00:00-04:00,57.34000015258789,57.91699981689453,57.3390007019043,57.707000732421875,40200,0.0,0.0,0.0
2026-06-29 00:00:00-04:00,57.93000030517578,57.93000030517578,57.41999816894531,57.665000915527344,52300,0.0,0.0,0.0
2026-06-30 00:00:00-04:00,58.06999969482422,58.29999923706055,58.0099983215332,58.196998596191406,33800,0.0,0.0,0.0
2026-07-01 00:00:00-04:00,58.0,58.4900016784668,58.0,58.02799987792969,67000,0.0,0.0,0.0
2026-07-02 00:00:00-04:00,58.06999969482422,58.52000045776367,57.34000015258789,57.91999816894531,12700,0.0,0.0,0.0
2026-07-06 00:00:00-04:00,58.709999084472656,58.904998779296875,58.70000076293945,58.72600173950195,8600,0.0,0.0,0.0
2026-07-07 00:00:00-04:00,58.25,58.45500183105469,58.18299865722656,58.250999450683594,12400,0.0,0.0,0.0
2026-07-08 00:00:00-04:00,57.650001525878906,57.959999084472656,57.244998931884766,57.917999267578125,8600,0.0,0.0,0.0
2026-07-09 00:00:00-04:00,58.599998474121094,58.849998474121094,58.38999938964844,58.74399948120117,17900,0.0,0.0,0.0
2026-07-10 00:00:00-04:00,58.7599983215332,58.93000030517578,58.5099983215332,58.86600112915039,28200,0.0,0.0,0.0
2026-07-13 00:00:00-04:00,58.36000061035156,58.459999084472656,57.959999084472656,58.051998138427734,7200,0.0,0.0,0.0
2026-07-14 00:00:00-04:00,58.54999923706055,58.55500030517578,58.45000076293945,58.51499938964844,6300,0.0,0.0,0.0
2026-07-15 00:00:00-04:00,58.314998626708984,58.56100082397461,58.314998626708984,58.56100082397461,5100,0.0,0.0,0.0
2026-07-16 00:00:00-04:00,58.13999938964844,58.13999938964844,57.755001068115234,57.7599983215332,20300,0.0,0.0,0.0
2026-07-17 00:00:00-04:00,57.0989990234375,57.439998626708984,56.97999954223633,57.117000579833984,13200,0.0,0.0,0.0
2026-07-20 00:00:00-04:00,57.47999954223633,57.529998779296875,57.02000045776367,57.05400085449219,14900,0.0,0.0,0.0
2026-07-21 00:00:00-04:00,57.7599983215332,58.16999816894531,57.7599983215332,58.14099884033203,30300,0.0,0.0,0.0
2026-07-22 00:00:00-04:00,58.224998474121094,58.4900016784668,58.209999084472656,58.2140007019043,12400,0.0,0.0,0.0
2026-07-23 00:00:00-04:00,57.729000091552734,57.729000091552734,57.20000076293945,57.494998931884766,15100,0.0,0.0,0.0
2026-07-24 00:00:00-04:00,57.459999084472656,57.805999755859375,57.28099822998047,57.28099822998047,7500,0.0,0.0,0.0
