Date,Open,High,Low,Close,Volume,Dividends,Stock Splits
2017-12-21 00:00:00-05:00,0.9059432644631175,1.1424098893304835,0.779264780800429,0.821491003036499,2232300,0.0,0.0
2017-12-22 00:00:00-05:00,0.8368458686178251,1.2283975859984289,0.825329652403425,1.090202808380127,3746100,0.0,0.0
2017-12-26 00:00:00-05:00,10.756157564853762,12.207201883227663,10.533510510426005,11.04790210723877,1642400,0.0,0.0
2017-12-27 00:00:00-05:00,11.132353398298315,11.401065669750745,10.218732993287722,10.3876371383667,450200,0.0,0.0
2017-12-28 00:00:00-05:00,10.341571710763011,10.478998605627938,9.642920746231773,9.696662902832031,359900,0.0,0.0
2017-12-29 00:00:00-05:00,9.696663171731803,10.978803163011259,9.596855783719285,10.671703338623047,581800,0.0,0.0
2018-01-02 00:00:00-05:00,10.85596391695775,13.58914886471933,10.748478864724975,13.274372100830078,4460900,0.0,0.0
2018-01-03 00:00:00-05:00,14.042120000174938,14.042120000174938,11.608356597478627,11.815649032592773,1419800,0.0,0.0
2018-01-04 00:00:00-05:00,11.984553323012834,12.048276586441723,11.055577647358866,11.316612243652344,990100,0.0,0.0
2018-01-05 00:00:00-05:00,11.132353543737073,11.838682240948748,10.832931357251024,11.239838600158691,970000,0.0,0.0
2018-01-08 00:00:00-05:00,12.168812826589129,12.168812826589129,10.909705146265782,11.001834869384766,691800,0.0,0.0
2018-01-09 00:00:00-05:00,11.216806375111346,11.654423559104496,11.02486923208094,11.470163345336914,299500,0.0,0.0
2018-01-10 00:00:00-05:00,11.378033080110667,11.378033080110667,11.024868723925403,11.132353782653809,247300,0.0,0.0
2018-01-11 00:00:00-05:00,11.14003146929776,11.447130591823255,10.840609275698855,10.878996849060059,599100,0.0,0.0
2018-01-12 00:00:00-05:00,10.886674255723038,11.086288314608156,10.372282688378757,10.664027214050293,508800,0.0,0.0
2018-01-16 00:00:00-05:00,11.51622765702318,11.51622765702318,10.733123824898227,10.963448524475098,1122500,0.0,0.0
2018-01-17 00:00:00-05:00,11.109321214329004,11.143101897110075,10.79454444040554,10.94041633605957,235200,0.0,0.0
2018-01-18 00:00:00-05:00,10.940415612467957,11.270547686300317,10.902028042829917,11.086287498474121,162300,0.0,0.0
2018-01-19 00:00:00-05:00,11.209128929200107,11.209128929200107,10.963448899561188,11.132353782653809,197000,0.0,0.0
2018-01-22 00:00:00-05:00,11.086286843674813,11.277456621664586,10.825252996354196,10.863639831542969,194500,0.0,0.0
2018-01-23 00:00:00-05:00,10.932740075750322,12.268622486934252,10.902030160510995,11.923135757446289,925200,0.0,0.0
2018-01-24 00:00:00-05:00,12.115070365100213,12.575718996897912,11.838681186021592,12.276297569274902,1156100,0.0,0.0
2018-01-25 00:00:00-05:00,12.28397563472485,12.667849873310002,12.007586446529062,12.606430053710938,654400,0.0,0.0
2018-01-26 00:00:00-05:00,12.713914834905609,13.205274873955394,12.214878599444912,12.644817352294922,459400,0.0,0.0
2018-01-29 00:00:00-05:00,12.637140246394267,12.997982996841612,12.276298960311047,12.422171592712402,233800,0.0,0.0
2018-01-30 00:00:00-05:00,12.414493642747358,12.414493642747358,11.999909470707905,12.138104438781738,282900,0.0,0.0
2018-01-31 00:00:00-05:00,12.253265987307055,12.660172483909529,11.900101650959053,12.153458595275879,238100,0.0,0.0
2018-02-01 00:00:00-05:00,12.130425704523665,12.283975248695969,11.861713453085649,12.184167861938477,243000,0.0,0.0
2018-02-02 00:00:00-05:00,12.084361832598402,12.144246271379622,11.278225719914326,11.362678527832031,398300,0.0,0.0
2018-02-05 00:00:00-05:00,11.132354727586574,11.209129880649677,10.671705273572211,10.740802764892578,421900,0.0,0.0
2018-02-06 00:00:00-05:00,10.364604907081699,11.784939946480524,10.364604907081699,10.710091590881348,446100,0.0,0.0
2018-02-07 00:00:00-05:00,10.748479121220884,11.454807807761389,10.748479121220884,11.055578231811523,272400,0.0,0.0
2018-02-08 00:00:00-05:00,11.116998832819261,11.347323547990484,10.756157535639165,10.817577362060547,257600,0.0,0.0
2018-02-09 00:00:00-05:00,10.748479779336154,10.832931856873962,10.372283162783088,10.449057579040527,273200,0.0,0.0
2018-02-12 00:00:00-05:00,10.748477861612756,11.109319823406414,10.748477861612756,10.863639831542969,125100,0.0,0.0
2018-02-13 00:00:00-05:00,10.809898808839236,11.251354049388835,10.479766719925369,11.209128379821777,47700,0.0,0.0
2018-02-14 00:00:00-05:00,11.385710442565264,11.508550088071726,11.17841872381862,11.424098014831543,112000,0.0,0.0
2018-02-15 00:00:00-05:00,11.608357456083468,11.662099617821998,11.43177564912427,11.516227722167969,80900,0.0,0.0
2018-02-16 00:00:00-05:00,11.439452917048035,11.616035461425781,11.424098327031135,11.616035461425781,19000,0.0,0.0
2018-02-20 00:00:00-05:00,11.431774969133887,11.877069022662623,11.424097308718773,11.731196403503418,18800,0.0,0.0
2018-02-21 00:00:00-05:00,11.769584901733387,12.24558890228582,11.746552650853348,11.82332706451416,73100,0.0,0.0
2018-02-22 00:00:00-05:00,11.792616834089479,11.915457210556502,11.531582956074894,11.631389617919922,46200,0.0,0.0
2018-02-23 00:00:00-05:00,11.685132893673527,11.992232014431783,11.59300315744605,11.961522102355957,117100,0.0,0.0
2018-02-26 00:00:00-05:00,11.992232386002335,12.245589351523492,11.819489399791774,11.969200134277344,21400,0.0,0.0
2018-02-27 00:00:00-05:00,11.969198732011504,11.976876392414376,11.409510028608839,11.569969177246094,85500,0.0,0.0
2018-02-28 00:00:00-05:00,11.562292883191391,11.646744955709009,10.978803839845938,11.378032684326172,64300,0.0,0.0
2018-03-01 00:00:00-05:00,11.378032664022713,11.378032664022713,10.902028676516203,11.055578231811523,121700,0.0,0.0
2018-03-02 00:00:00-05:00,11.055578704951913,11.43177604675293,10.902029143085205,11.43177604675293,145400,0.0,0.0
2018-03-05 00:00:00-05:00,11.001836656848258,11.777262867643627,10.919687292600631,11.69281005859375,112500,0.0,0.0
2018-03-06 00:00:00-05:00,11.846360115117125,12.022941926507608,11.209128890407202,11.961522102355957,59800,0.0,0.0
2018-03-07 00:00:00-05:00,11.854036515885884,11.999909140883773,11.685132373084784,11.784939765930176,46200,0.0,0.0
2018-03-08 00:00:00-05:00,11.89242462646041,12.591075675869547,11.89242462646041,12.283976554870605,221900,0.0,0.0
2018-03-09 00:00:00-05:00,12.437526825527243,14.840579090498169,12.307009516288305,14.656319618225098,897900,0.0,0.0
2018-03-12 00:00:00-04:00,14.203347558806373,15.354970333844726,13.857860140549231,14.46438217163086,1224600,0.0,0.0
2018-03-13 00:00:00-04:00,14.579542941277678,14.579542941277678,13.282047646172447,13.543082237243652,716700,0.0,0.0
2018-03-14 00:00:00-04:00,13.46631012388128,13.673601117216899,12.921207897822399,13.136178016662598,412900,0.0,0.0
2018-03-15 00:00:00-04:00,13.090112325112083,14.280123468354013,12.368429735102005,12.61410903930664,618300,0.0,0.0
2018-03-16 00:00:00-04:00,12.721592335230554,13.365733861795137,12.22255610606391,13.305081367492676,524100,0.0,0.0
2018-03-19 00:00:00-04:00,13.8041173184812,14.149604720215006,13.43559839954115,14.011409759521484,1155000,0.0,0.0
2018-03-20 00:00:00-04:00,13.819473862996983,13.819473862996983,11.73887526878071,12.268621444702148,1461300,0.0,0.0
2018-03-21 00:00:00-04:00,12.299331621924154,12.330040801205083,11.70816491103438,12.06900691986084,416300,0.0,0.0
2018-03-22 00:00:00-04:00,12.092038039019812,12.391459464722885,11.270547435111618,11.28590202331543,450900,0.0,0.0
2018-03-23 00:00:00-04:00,11.262870068263757,11.270547728656616,10.871318174411824,10.90202808380127,303900,0.0,0.0
2018-03-26 00:00:00-04:00,11.331967960436044,11.451736831074532,11.132353176038565,11.232160568237305,233800,0.0,0.0
2018-03-27 00:00:00-04:00,11.354999561159335,11.424097038899404,10.948093087134676,11.262869834899902,224500,0.0,0.0
2018-03-28 00:00:00-04:00,11.140031477026994,11.293581038396278,11.017191827931567,11.201451301574707,203300,0.0,0.0
2018-03-29 00:00:00-04:00,11.209128929200107,11.278225682473304,11.044062876653008,11.132353782653809,361700,0.0,0.0
2018-04-02 00:00:00-04:00,11.040224683896286,11.201451915211889,9.673632414571996,10.226410865783691,840900,0.0,0.0
2018-04-03 00:00:00-04:00,10.326217040749462,10.472089663824574,10.00376261647839,10.01144027709961,96400,0.0,0.0
2018-04-04 00:00:00-04:00,9.865569874139798,9.980731872098858,9.37421050300475,9.934666633605957,429600,0.0,0.0
2018-04-05 00:00:00-04:00,10.042150094850156,10.203377305499759,9.67363117461221,9.712018013000488,135500,0.0,0.0
2018-04-06 00:00:00-04:00,9.55079113795971,9.724302904459947,9.197626794230699,9.236014366149902,214400,0.0,0.0
2018-04-09 00:00:00-04:00,9.351177532059982,10.3223789749305,9.2360148107586,10.026796340942383,346200,0.0,0.0
2018-04-10 00:00:00-04:00,10.272476102809051,10.564220651484051,10.088216619071819,10.226410865783691,171900,0.0,0.0
2018-04-11 00:00:00-04:00,10.157313366595652,10.710092549459324,9.980731544562342,10.54886531829834,121500,0.0,0.0
2018-04-12 00:00:00-04:00,10.518154216401925,10.782259592779129,10.134279969583009,10.241765022277832,190100,0.0,0.0
2018-04-13 00:00:00-04:00,10.287829422255049,10.597232700657802,10.134279871450737,10.195699691772461,79300,0.0,0.0
2018-04-16 00:00:00-04:00,10.257120502342742,10.640994782504729,10.168829593629185,10.426025390625,241100,0.0,0.0
2018-04-17 00:00:00-04:00,10.426023877682958,10.902027828148046,10.295506582792951,10.594928741455078,325200,0.0,0.0
2018-04-18 00:00:00-04:00,11.65442267240461,12.46823568691447,11.12467578792329,12.345396041870117,1584900,0.0,0.0
2018-04-19 00:00:00-04:00,12.60643183278152,12.72159382773639,12.19184762588904,12.652496337890625,846500,0.0,0.0
2018-04-20 00:00:00-04:00,12.721592675164162,12.736947996930748,11.631389723925952,11.838682174682617,352600,0.0,0.0
2018-04-23 00:00:00-04:00,12.007586932781228,12.475913259234659,11.838682055952928,12.46055793762207,198700,0.0,0.0
2018-04-24 00:00:00-04:00,12.552688894976306,12.89817485861756,11.923134595641441,12.099717140197754,307500,0.0,0.0
2018-04-25 00:00:00-04:00,12.283976990952905,12.283976990952905,11.554616003551493,11.946167945861816,133300,0.0,0.0
2018-04-26 00:00:00-04:00,11.961521458595513,12.39146020451808,11.892423977098169,11.992231369018555,117000,0.0,0.0
2018-04-27 00:00:00-04:00,12.260943471814985,12.775334281536194,12.211039410425352,12.637139320373535,243200,0.0,0.0
2018-04-30 00:00:00-04:00,12.867465592035531,12.867465592035531,12.39913851819139,12.537333488464355,105500,0.0,0.0
2018-05-01 00:00:00-04:00,12.637139850897558,12.79069013960543,12.552688510035901,12.667850494384766,79900,0.0,0.0
2018-05-02 00:00:00-04:00,12.82139993825094,13.512373263177832,12.744624798955956,13.128499031066895,608300,0.0,0.0
2018-05-03 00:00:00-04:00,13.205274782710152,13.420243425467744,11.99990914010345,12.19952392578125,599800,0.0,0.0
2018-05-04 00:00:00-04:00,12.20720109262523,12.821400783092637,11.9615218021839,12.667850494384766,305100,0.0,0.0
2018-05-07 00:00:00-04:00,13.10546579882557,13.320435891859198,12.882819509937129,13.074756622314453,256400,0.0,0.0
2018-05-08 00:00:00-04:00,13.328115272399055,13.328115272399055,13.082435971143353,13.235984802246094,214700,0.0,0.0
2018-05-09 00:00:00-04:00,13.243661660989137,13.435598786510718,12.812954118713435,12.829076766967773,170400,0.0,0.0
2018-05-10 00:00:00-04:00,13.013337594838958,13.051724433898926,12.667850185843074,13.051724433898926,238400,0.0,0.0
2018-05-11 00:00:00-04:00,13.051725826318682,13.335793444505866,12.852111020310103,12.875144004821777,126100,0.0,0.0
2018-05-14 00:00:00-04:00,13.051725835497425,13.051725835497425,12.514301244760674,12.552689552307129,161300,0.0,0.0
2018-05-15 00:00:00-04:00,12.660173355384101,12.844432830810547,12.514300721534944,12.844432830810547,149000,0.0,0.0
2018-05-16 00:00:00-04:00,12.944239954041686,13.090111112169017,12.606430209880028,13.028691291809082,458500,0.0,0.0
2018-05-17 00:00:00-04:00,13.021014557379443,13.090112043244652,12.537333620687116,12.81372356414795,272300,0.0,0.0
2018-05-18 00:00:00-04:00,12.875142554597266,14.080507452019077,12.867464893958168,13.996054649353027,1182000,0.0,0.0
2018-05-21 00:00:00-04:00,13.228307734950834,13.981469786128228,12.5680449492732,12.905853271484375,777100,0.0,0.0
2018-05-22 00:00:00-04:00,12.959594179869761,13.243661772350512,12.859787518079482,12.890498161315918,287900,0.0,0.0
2018-05-23 00:00:00-04:00,13.067079729016696,13.067079729016696,12.698560803070807,12.729269981384277,379500,0.0,0.0
2018-05-24 00:00:00-04:00,12.744625254191918,12.822167722984101,11.132353128863079,11.416419982910156,704700,0.0,0.0
2018-05-25 00:00:00-04:00,11.424098293996648,11.60068010568172,11.270548733361357,11.546937942504883,233600,0.0,0.0
2018-05-29 00:00:00-04:00,11.416421383173148,11.523906448772486,10.809900029668391,11.078612327575684,294900,0.0,0.0
2018-05-30 00:00:00-04:00,11.140030409597658,11.209127888638482,10.771510765440588,10.994157791137695,239100,0.0,0.0
2018-05-31 00:00:00-04:00,10.978803592876202,12.099716421590205,10.959609441248041,11.992231369018555,421100,0.0,0.0
2018-06-01 00:00:00-04:00,12.03061938707008,12.299331662391745,11.56229305267334,11.56229305267334,255700,0.0,0.0
2018-06-04 00:00:00-04:00,11.646744332908728,12.038296227809099,11.378032075895062,11.984553337097168,453900,0.0,0.0
2018-06-05 00:00:00-04:00,12.138104359492674,12.138104359492674,11.53925998987256,11.838682174682617,141600,0.0,0.0
2018-06-06 00:00:00-04:00,11.854037054176155,11.919295708916065,11.17841898792798,11.224483489990234,234500,0.0,0.0
2018-06-07 00:00:00-04:00,11.070934468568359,11.677455811257158,11.02486923208094,11.470163345336914,203100,0.0,0.0
2018-06-08 00:00:00-04:00,11.362677484842594,12.260943251926292,11.293580005500464,12.237910270690918,327000,0.0,0.0
2018-06-11 00:00:00-04:00,12.230233723933631,12.245588313054142,11.7311967643317,11.992231369018555,187100,0.0,0.0
2018-06-12 00:00:00-04:00,11.907778986099176,12.283975561960538,11.861713755581745,12.21487808227539,371400,0.0,0.0
2018-06-13 00:00:00-04:00,12.299331293752173,12.898174185210726,11.654422438055231,11.877069473266602,1192400,0.0,0.0
2018-06-14 00:00:00-04:00,11.823328349872941,12.268622486934252,11.447131705145651,11.923135757446289,500800,0.0,0.0
2018-06-15 00:00:00-04:00,11.961522472285475,12.667851204055886,11.378033392617384,12.61410903930664,460200,0.0,0.0
2018-06-18 00:00:00-04:00,12.775333614283582,13.182240815969411,12.429078902715993,13.120820999145508,362500,0.0,0.0
2018-06-19 00:00:00-04:00,12.928884841281803,13.351145930017951,11.923133985356047,12.038296699523926,545800,0.0,0.0
2018-06-20 00:00:00-04:00,12.207201195517655,12.35307382458326,11.554615391736824,11.56229305267334,329100,0.0,0.0
2018-06-21 00:00:00-04:00,11.654421663303395,11.976876069716042,11.477839139705054,11.53925895690918,169200,0.0,0.0
2018-06-22 00:00:00-04:00,11.516227100790463,11.593002241001868,11.339645303359037,11.45480728149414,252800,0.0,0.0
2018-06-25 00:00:00-04:00,11.362677414122418,11.477839390854546,11.03254534029006,11.086287498474121,283500,0.0,0.0
2018-06-26 00:00:00-04:00,10.886673434829346,11.055577569443704,10.740800816901867,10.925060272216797,410500,0.0,0.0
2018-06-27 00:00:00-04:00,10.825254254872217,10.978803810024454,9.719695993412042,9.903955459594727,676100,0.0,0.0
2018-06-28 00:00:00-04:00,9.788792470101328,9.98456840736519,9.328143119812012,9.328143119812012,434700,0.0,0.0
2018-06-29 00:00:00-04:00,9.443305282669343,9.596854813244878,9.35885249171636,9.40491771697998,327500,0.0,0.0
2018-07-02 00:00:00-04:00,9.3742094039917,9.527758960662652,9.220659847320746,9.3742094039917,183200,0.0,0.0
2018-07-03 00:00:00-04:00,9.404919964235253,9.750406673627886,9.328144814511518,9.343500137329102,114500,0.0,0.0
2018-07-05 00:00:00-04:00,9.404919566083523,9.717392903935648,9.312789829624553,9.589179039001465,246600,0.0,0.0
2018-07-06 00:00:00-04:00,9.642922650532157,9.82334330630706,9.366532688447233,9.53543758392334,348400,0.0,0.0
2018-07-09 00:00:00-04:00,9.53543603169811,9.581500529758914,8.496672594588413,9.12852954864502,784700,0.0,0.0
2018-07-10 00:00:00-04:00,9.182271904008172,9.404918935228338,8.882849731464358,8.951947212219238,428700,0.0,0.0
2018-07-11 00:00:00-04:00,8.760010777013642,9.04407765066277,8.330072002046018,8.41452407836914,860500,0.0,0.0
2018-07-12 00:00:00-04:00,8.560396279376851,9.381887748768044,8.560396279376851,9.090143203735352,490200,0.0,0.0
2018-07-13 00:00:00-04:00,9.09781978523273,9.256743550802664,8.353103554264878,8.468265533447266,436100,0.0,0.0
2018-07-16 00:00:00-04:00,8.606461187162786,8.767688410308576,8.46826621527152,8.66788101196289,220500,0.0,0.0
2018-07-17 00:00:00-04:00,8.63716973485893,8.79839693253024,8.445232629639841,8.591104507446289,268800,0.0,0.0
2018-07-18 00:00:00-04:00,8.775366074546701,8.944270226715478,8.568073616636747,8.829108238220215,310900,0.0,0.0
2018-07-19 00:00:00-04:00,8.537364073811538,8.713946626954941,8.230264936408357,8.353104591369629,484900,0.0,0.0
2018-07-20 00:00:00-04:00,8.353104311592729,8.383814224304455,7.831035063311285,7.907810211181641,438800,0.0,0.0
2018-07-23 00:00:00-04:00,7.892454202068049,9.05943224794733,7.784969883019491,8.790719985961914,588000,0.0,0.0
2018-07-24 00:00:00-04:00,8.959625518987108,9.489371689344965,8.829108208632755,8.92123794555664,513800,0.0,0.0
2018-07-25 00:00:00-04:00,9.212982495597817,9.742728666934584,9.212982495597817,9.727374076843262,626700,0.0,0.0
2018-07-26 00:00:00-04:00,9.742727946033536,10.080537689231601,9.413363922333732,9.619888305664062,354300,0.0,0.0
2018-07-27 00:00:00-04:00,9.619888720156492,9.980730728425941,9.619888720156492,9.857891082763672,212800,0.0,0.0
2018-07-30 00:00:00-04:00,9.811825474497509,9.927755513791768,9.221426846050713,9.435628890991211,375300,0.0,0.0
2018-07-31 00:00:00-04:00,9.543113343662458,9.926987563669066,9.374976540733769,9.788792610168457,176300,0.0,0.0
2018-08-01 00:00:00-04:00,9.596856001567051,9.796470782123327,9.282079241864773,9.38956356048584,198800,0.0,0.0
2018-08-02 00:00:00-04:00,9.25904705274951,9.366531372070312,9.212981821482014,9.366531372070312,331300,0.0,0.0
2018-08-03 00:00:00-04:00,9.40491771697998,9.788791909509776,9.289755752093807,9.40491771697998,477500,0.0,0.0
2018-08-06 00:00:00-04:00,9.481695048232698,9.581501717126777,9.328144749849622,9.527759552001953,268100,0.0,0.0
2018-08-07 00:00:00-04:00,9.581500906626001,9.903955334462648,9.33582162148647,9.80414867401123,300500,0.0,0.0
2018-08-08 00:00:00-04:00,9.75808408318298,9.827181569714536,9.427951972946468,9.612212181091309,198900,0.0,0.0
2018-08-09 00:00:00-04:00,9.581502109924465,9.888601987098218,9.520082280926138,9.765762329101562,256500,0.0,0.0
2018-08-10 00:00:00-04:00,9.750405567636848,9.750405567636848,9.450984128478328,9.550790786743164,160800,0.0,0.0
2018-08-13 00:00:00-04:00,9.520080897442552,9.535436218551716,8.022971501853554,8.12277889251709,746100,0.0,0.0
2018-08-14 00:00:00-04:00,8.138134406205562,8.330071531520014,7.3319983334484595,7.999939441680908,923200,0.0,0.0
2018-08-15 00:00:00-04:00,7.815680655153426,7.969230222289801,7.393418796391828,7.662130355834961,347400,0.0,0.0
2018-08-16 00:00:00-04:00,7.715872081327142,7.851763592340103,7.562322537516956,7.677484512329102,213100,0.0,0.0
2018-08-17 00:00:00-04:00,7.738905051177881,8.583428719122892,7.623743065631765,8.522008895874023,253900,0.0,0.0
2018-08-20 00:00:00-04:00,8.598784168884757,8.928916301003403,8.214909869093633,8.637171745300293,370300,0.0,0.0
2018-08-21 00:00:00-04:00,8.890528021884656,8.890528021884656,8.29168436655382,8.437556266784668,319900,0.0,0.0
2018-08-22 00:00:00-04:00,8.5373624112708,8.667879702296126,8.475942595750878,8.568072319030762,440000,0.0,0.0
2018-08-23 00:00:00-04:00,9.781115938133732,10.925061053591168,9.520081325010388,9.857891082763672,4840200,0.0,0.0
2018-08-24 00:00:00-04:00,10.080537445192162,10.134279603507261,9.535436005112457,9.980730056762695,1014600,0.0,0.0
2018-08-27 00:00:00-04:00,9.765760384820002,9.827180201590155,9.082464008024582,9.097819328308105,686800,0.0,0.0
2018-08-28 00:00:00-04:00,8.905882366932216,9.503957897656472,8.675557684097733,9.358853340148926,472200,0.0,0.0
2018-08-29 00:00:00-04:00,9.335821814363825,9.804148876564186,9.236014419668372,9.62756633758545,377200,0.0,0.0
2018-08-30 00:00:00-04:00,9.466339509983499,9.58150149896661,9.212982548475003,9.220660209655762,260800,0.0,0.0
2018-08-31 00:00:00-04:00,9.136206315447122,9.189949205144517,8.982656770987386,9.105496406555176,214800,0.0,0.0
2018-09-04 00:00:00-04:00,8.913559763880292,8.967302656417177,8.868262590957759,8.905882835388184,254000,0.0,0.0
2018-09-05 00:00:00-04:00,8.821429903524768,8.829107564086787,8.506653142302099,8.537363052368164,486700,0.0,0.0
2018-09-06 00:00:00-04:00,8.445233416711115,8.61029945973232,8.061359170496974,8.168844223022461,274200,0.0,0.0
2018-09-07 00:00:00-04:00,8.092069620225152,8.284006756124404,7.761937512180178,7.769615173339844,382500,0.0,0.0
2018-09-10 00:00:00-04:00,7.692840082353729,7.833337754756791,7.385740252589183,7.531612873077393,362200,0.0,0.0
2018-09-11 00:00:00-04:00,7.5392886086654975,7.969228009446676,7.447158893965649,7.915485858917236,156800,0.0,0.0
2018-09-12 00:00:00-04:00,7.8617446159429765,8.061359405517578,7.646775236806812,8.061359405517578,291600,0.0,0.0
2018-09-13 00:00:00-04:00,7.907810393129232,7.907810393129232,7.727389011137276,7.823357582092285,729700,0.0,0.0
2018-09-14 00:00:00-04:00,7.8310345045649825,7.907809646957412,7.431805667797602,7.608387470245361,564100,0.0,0.0
2018-09-17 00:00:00-04:00,7.585355528037184,7.831034822165659,7.577677867050156,7.639097690582275,162900,0.0,0.0
2018-09-18 00:00:00-04:00,7.669808017237303,7.71587325346926,7.639098103810028,7.662130355834961,179400,0.0,0.0
2018-09-19 00:00:00-04:00,7.677486313598569,7.800325977467002,7.639098735594146,7.7926483154296875,287200,0.0,0.0
2018-09-20 00:00:00-04:00,7.815680159947719,7.892454572560392,7.570000135913847,7.715872764587402,779400,0.0,0.0
2018-09-21 00:00:00-04:00,7.831034365814359,8.022971486212661,7.7312269753454,7.961551666259766,1834600,0.0,0.0
2018-09-24 00:00:00-04:00,7.815678943167699,8.061358196771076,7.646774090224413,8.00761604309082,627300,0.0,0.0
2018-09-25 00:00:00-04:00,7.907810145485567,7.976907631558428,7.731227599723581,7.769615173339844,156300,0.0,0.0
2018-09-26 00:00:00-04:00,7.715872182497799,7.8233564984832755,7.646774703831713,7.723549842834473,448000,0.0,0.0
2018-09-27 00:00:00-04:00,7.754259544227987,7.7772917924388825,7.66980674715142,7.68516206741333,477200,0.0,0.0
2018-09-28 00:00:00-04:00,7.662129897602784,7.831034777442519,7.616065396307796,7.623743057250977,278500,0.0,0.0
2018-10-01 00:00:00-04:00,7.73890441075944,7.777291980158803,7.523935047177784,7.562322616577148,99500,0.0,0.0
2018-10-02 00:00:00-04:00,7.585355359576867,7.608387609844384,6.994956714936126,7.308966159820557,501600,0.0,0.0
2018-10-03 00:00:00-04:00,7.3319987621154175,7.516258237466376,7.193803789511163,7.3550310134887695,245300,0.0,0.0
2018-10-04 00:00:00-04:00,7.293611282361213,7.355031108269688,7.1362228869479845,7.239869117736816,484300,0.0,0.0
2018-10-05 00:00:00-04:00,7.216836001568687,7.639097846084125,7.216836001568687,7.500903606414795,210600,0.0,0.0
2018-10-08 00:00:00-04:00,7.393418621247834,7.669807835545876,7.293611221928023,7.585355758666992,201300,0.0,0.0
2018-10-09 00:00:00-04:00,7.554646208623686,7.831035436189635,7.554646208623686,7.754261016845703,172500,0.0,0.0
2018-10-10 00:00:00-04:00,7.7542599018702365,7.761936830173298,7.500902963319138,7.531612873077393,231100,0.0,0.0
2018-10-11 00:00:00-04:00,7.378063264862122,7.531613559836657,7.26290127581329,7.3550310134887695,126700,0.0,0.0
2018-10-12 00:00:00-04:00,7.4318055172022905,7.6083873160718625,7.07096352676107,7.132383346557617,407300,0.0,0.0
2018-10-15 00:00:00-04:00,7.109351440293798,7.3934183036080805,7.024898634861145,7.23219108581543,173700,0.0,0.0
2018-10-16 00:00:00-04:00,7.216835881401023,7.593033217156638,7.155416057641342,7.54696798324585,169200,0.0,0.0
2018-10-17 00:00:00-04:00,7.54696873823458,7.5776786531866,7.255224180099329,7.508581161499023,190400,0.0,0.0
2018-10-18 00:00:00-04:00,7.416450836255481,7.487851767326937,7.178449197048099,7.193803787231445,252800,0.0,0.0
2018-10-19 00:00:00-04:00,7.201480431043594,7.485547265034343,7.201480431043594,7.270577907562256,136000,0.0,0.0
2018-10-22 00:00:00-04:00,7.523935583148346,7.984584252209242,7.485548011014429,7.900132179260254,333600,0.0,0.0
2018-10-23 00:00:00-04:00,7.454838108104013,7.562323163763115,7.216835746352444,7.48554801940918,512100,0.0,0.0
2018-10-24 00:00:00-04:00,7.462515652287709,7.462515652287709,7.285933115907617,7.331998348236084,187300,0.0,0.0
2018-10-25 00:00:00-04:00,7.355030823700712,7.692840585309417,7.339676233908708,7.639097690582275,123100,0.0,0.0
2018-10-26 00:00:00-04:00,7.593032357088606,7.66212910185507,7.239868044382578,7.285932540893555,500500,0.0,0.0
2018-10-29 00:00:00-04:00,7.370386793037016,7.493226450890614,7.009544748955486,7.124706745147705,546400,0.0,0.0
2018-10-30 00:00:00-04:00,7.140061518123042,7.263669225488089,7.0402541207645,7.201481342315674,97700,0.0,0.0
2018-10-31 00:00:00-04:00,7.216836603363773,7.539291076451043,7.1707720970268065,7.508581161499023,236300,0.0,0.0
2018-11-01 00:00:00-04:00,7.485548647920353,8.207231990277677,7.408773497120124,8.099747657775879,491500,0.0,0.0
2018-11-02 00:00:00-04:00,8.130456215705635,8.3531032372759,7.677484512329102,7.677484512329102,609200,0.0,0.0
2018-11-05 00:00:00-05:00,7.754259731999896,7.969229095598404,7.600709454390404,7.815679550170898,230200,0.0,0.0
2018-11-06 00:00:00-05:00,7.815679357116303,7.838711605316014,7.270577935176683,7.3780622482299805,649000,0.0,0.0
2018-11-07 00:00:00-05:00,7.41644982028566,7.831033948991629,7.404934062271197,7.68516206741333,411100,0.0,0.0
2018-11-08 00:00:00-05:00,7.639097502243118,7.639097502243118,7.2014810873205315,7.347352981567383,220900,0.0,0.0
2018-11-09 00:00:00-05:00,7.378063665300289,7.577678473855454,7.22451409417405,7.431806564331055,186400,0.0,0.0
2018-11-12 00:00:00-05:00,7.470192201390018,7.72585258041653,7.454837612848523,7.577677249908447,207800,0.0,0.0
2018-11-13 00:00:00-05:00,7.600710485184742,7.884778097977836,7.500903816257757,7.808002948760986,554500,0.0,0.0
2018-11-14 00:00:00-05:00,8.383814224304455,8.506653875151367,7.37038637263537,7.907810211181641,1691900,0.0,0.0
2018-11-15 00:00:00-05:00,7.78497024846624,7.800324838115957,7.608387708311206,7.715872764587402,448800,0.0,0.0
2018-11-16 00:00:00-05:00,7.616065369227086,7.715872764587402,7.577677796829727,7.715872764587402,277400,0.0,0.0
2018-11-19 00:00:00-05:00,7.67748554027386,7.67748554027386,7.493226063030987,7.600710391998291,301500,0.0,0.0
2018-11-20 00:00:00-05:00,7.408772759207492,7.600709884909055,7.255223205082648,7.331998348236084,364700,0.0,0.0
2018-11-21 00:00:00-05:00,7.370385525966204,7.677484617805633,7.370385525966204,7.416450023651123,359400,0.0,0.0
2018-11-23 00:00:00-05:00,7.4164500432218,7.677484638065133,7.362707885053581,7.577677249908447,279800,0.0,0.0
2018-11-26 00:00:00-05:00,7.677484294361792,7.6928396143978555,7.370385215460104,7.385739803314209,240000,0.0,0.0
2018-11-27 00:00:00-05:00,7.331998082176763,7.470192309783395,7.262900602282445,7.316642761230469,272000,0.0,0.0
2018-11-28 00:00:00-05:00,7.3857411701067655,7.477870910826644,7.316643681521334,7.408773422241211,155900,0.0,0.0
2018-11-29 00:00:00-05:00,7.41645101128371,7.439483263193325,7.032576729273728,7.1630940437316895,367200,0.0,0.0
2018-11-30 00:00:00-05:00,7.147738580283509,7.331998037422302,7.117028670760376,7.30128812789917,86900,0.0,0.0
2018-12-03 00:00:00-05:00,7.3089662387254535,7.570000119666755,7.186125860881142,7.393418312072754,282000,0.0,0.0
2018-12-04 00:00:00-05:00,7.262901196086153,7.370386254952017,7.101673973878388,7.109351634979248,216800,0.0,0.0
2018-12-06 00:00:00-05:00,6.9865119134536515,7.093996239019918,6.571927736684488,6.809929370880127,479700,0.0,0.0
2018-12-07 00:00:00-05:00,6.779219539373326,6.779219539373326,6.188053545202011,6.211085796356201,500800,0.0,0.0
2018-12-10 00:00:00-05:00,6.134310509322842,6.134310509322842,5.604564351798072,5.78114652633667,892200,0.0,0.0
2018-12-11 00:00:00-05:00,5.788823923151163,5.834888791308609,4.975010520187557,5.082495212554932,914700,0.0,0.0
2018-12-12 00:00:00-05:00,5.466369277607838,6.525862304282626,5.404949455671505,6.41070032119751,1329100,0.0,0.0
2018-12-13 00:00:00-05:00,6.449087373954355,6.7561872259696445,6.295537814037738,6.395345211029053,967800,0.0,0.0
2018-12-14 00:00:00-05:00,6.280183160945802,6.671734351747866,6.218763337597163,6.633347511291504,454000,0.0,0.0
2018-12-17 00:00:00-05:00,6.594959494968228,6.679411563345468,6.118955163858062,6.23411750793457,418000,0.0,0.0
2018-12-18 00:00:00-05:00,6.28018318138586,6.456764991042406,6.141988212310615,6.379990577697754,271600,0.0,0.0
2018-12-19 00:00:00-05:00,6.295537281982106,6.403022330930866,6.195729893425827,6.2187628746032715,195900,0.0,0.0
2018-12-20 00:00:00-05:00,6.180375648877186,6.241795471072221,5.80417868879607,5.896308422088623,164300,0.0,0.0
2018-12-21 00:00:00-05:00,5.86559891067452,6.0713556219210165,5.777308001775746,5.973083972930908,301800,0.0,0.0
2018-12-24 00:00:00-05:00,5.8041786918855856,5.85868891224455,5.6275965199353575,5.689016342163086,145500,0.0,0.0
2018-12-26 00:00:00-05:00,5.566176694744801,5.911663377637382,5.389594522888567,5.896308422088623,183500,0.0,0.0
2018-12-27 00:00:00-05:00,5.773468975673727,5.950051153585053,5.60456445884556,5.934696197509766,181300,0.0,0.0
2018-12-28 00:00:00-05:00,5.85792073340819,5.9807603676728895,5.573853896125577,5.942372798919678,255700,0.0,0.0
2018-12-31 00:00:00-05:00,5.873276379239009,6.0652135134226945,5.504757066962689,5.566176891326904,206300,0.0,0.0
2019-01-02 00:00:00-05:00,5.4894018180308946,5.758113718334992,5.412627041671297,5.6966938972473145,143900,0.0,0.0
2019-01-03 00:00:00-05:00,5.60456473590778,6.065213807029682,5.581532117610713,5.850244045257568,243500,0.0,0.0
2019-01-04 00:00:00-05:00,5.942373997564271,6.32624829816427,5.928554792185692,6.280183792114258,514800,0.0,0.0
2019-01-07 00:00:00-05:00,6.295537623673035,6.5642498945383245,6.295537623673035,6.518184661865234,171300,0.0,0.0
2019-01-08 00:00:00-05:00,6.579603938687407,6.648701415879545,6.356956918947167,6.594959259033203,85000,0.0,0.0
2019-01-09 00:00:00-05:00,6.671733731907425,6.894380753906633,6.610313914265022,6.771541118621826,203500,0.0,0.0
2019-01-10 00:00:00-05:00,6.756187345782588,6.871349334716798,6.685554473750149,6.871349334716797,67200,0.0,0.0
2019-01-11 00:00:00-05:00,6.8483169777467285,6.886704550860114,6.6487021833027695,6.879026889801025,119500,0.0,0.0
2019-01-14 00:00:00-05:00,6.763864897682391,6.817607060692483,6.625669927448377,6.717799663543701,66700,0.0,0.0
2019-01-15 00:00:00-05:00,6.679412095357066,6.925092123973499,6.641024522243681,6.879026889801025,163600,0.0,0.0
2019-01-16 00:00:00-05:00,6.902058618506466,7.140060968053793,6.902058618506466,7.063285827636719,161200,0.0,0.0
2019-01-17 00:00:00-05:00,6.98651201857856,7.209159066264317,6.98651201857856,7.1784491539001465,80200,0.0,0.0
2019-01-18 00:00:00-05:00,7.262901444916135,7.262901444916135,7.08171273694777,7.1630940437316895,155600,0.0,0.0
2019-01-22 00:00:00-05:00,7.078641571626329,7.5085803335463135,7.05560858881551,7.2475457191467285,540600,0.0,0.0
2019-01-23 00:00:00-05:00,7.262900914430144,7.408772808779261,6.756187016336744,6.932768821716309,341000,0.0,0.0
2019-01-24 00:00:00-05:00,6.932768505609845,7.0325758949534904,6.894380935526597,6.955801486968994,112600,0.0,0.0
2019-01-25 00:00:00-05:00,6.963478735135311,7.293610827962386,6.963478735135311,7.147738933563232,305100,0.0,0.0
2019-01-28 00:00:00-05:00,7.124705865206681,7.301288400698883,7.124705865206681,7.2629008293151855,233900,0.0,0.0
2019-01-29 00:00:00-05:00,7.262900909338367,7.424128125180694,7.224513337531712,7.347352981567383,241400,0.0,0.0
2019-01-30 00:00:00-05:00,7.408772937912234,7.408772937912234,7.201481217889182,7.2475457191467285,136000,0.0,0.0
2019-01-31 00:00:00-05:00,7.293611756834886,7.51625882328256,7.212998504654132,7.508581161499023,210600,0.0,0.0
2019-02-01 00:00:00-05:00,7.485547477778421,7.569999544711432,7.439482248062787,7.562322616577148,148000,0.0,0.0
2019-02-04 00:00:00-05:00,7.539291030016387,7.769615756829023,7.393419117938254,7.761938095092773,177200,0.0,0.0
2019-02-05 00:00:00-05:00,7.823358231396796,7.861745809401219,7.677486313598569,7.7926483154296875,247500,0.0,0.0
2019-02-06 00:00:00-05:00,7.792647766252688,7.80032542774893,7.570000708136385,7.708195686340332,151600,0.0,0.0
2019-02-07 00:00:00-05:00,7.700518117904632,7.861745350363629,7.589194953592193,7.754261016845703,164500,0.0,0.0
2019-02-08 00:00:00-05:00,7.708194315624226,7.761936472176973,7.63909683880957,7.68516206741333,157100,0.0,0.0
2019-02-11 00:00:00-05:00,7.784969559087221,7.800324147377251,7.654452263803068,7.677484512329102,558300,0.0,0.0
2019-02-12 00:00:00-05:00,7.769614238615213,7.769614238615213,7.650613433685066,7.677484512329102,465700,0.0,0.0
2019-02-13 00:00:00-05:00,7.685163337800893,7.946197967947654,7.646775762982471,7.823357582092285,932100,0.0,0.0
2019-02-14 00:00:00-05:00,7.769614926634478,7.78497024846624,7.616065369227086,7.715872764587402,448400,0.0,0.0
2019-02-15 00:00:00-05:00,7.75426092313568,7.769615513946063,7.692841095529948,7.708195686340332,548300,0.0,0.0
2019-02-19 00:00:00-05:00,7.715872764587402,7.877099982910675,7.654452941624446,7.715872764587402,1138600,0.0,0.0
2019-02-20 00:00:00-05:00,7.761938254384095,7.946198478924885,7.7005184235978765,7.892455577850342,641200,0.0,0.0
2019-02-21 00:00:00-05:00,7.915485858917236,8.061357724146523,7.838710730576419,7.915485858917236,696200,0.0,0.0
2019-02-22 00:00:00-05:00,7.907809468387226,8.92891488536554,7.892454147382678,8.813752174377441,764700,0.0,0.0
2019-02-25 00:00:00-05:00,9.4433072918213,9.842536156257367,9.236014832304482,9.28975772857666,965500,0.0,0.0
2019-02-26 00:00:00-05:00,9.212981867669077,9.320466919710741,9.09781988719602,9.182271957397461,311400,0.0,0.0
2019-02-27 00:00:00-05:00,9.136207338818785,9.320467544991944,8.928915613624321,9.243692398071289,348600,0.0,0.0
2019-02-28 00:00:00-05:00,9.243693311609954,9.271332455094768,8.85214134154591,8.944271087646484,286600,0.0,0.0
2019-03-01 00:00:00-05:00,9.105496104681299,9.36653068769978,8.998011793213895,9.328143119812012,315000,0.0,0.0
2019-03-04 00:00:00-05:00,9.22833710480442,9.550790793627085,9.105496732655299,9.297433853149414,449300,0.0,0.0
2019-03-05 00:00:00-05:00,9.266724366477064,9.305111938765897,8.998012824819316,9.12085247039795,315400,0.0,0.0
2019-03-06 00:00:00-05:00,9.128530059672844,9.251369704287718,8.959625182236373,8.982657432556152,282500,0.0,0.0
2019-03-07 00:00:00-05:00,8.982657050315256,8.982657050315256,8.529685330936779,8.560395240783691,565300,0.0,0.0
2019-03-08 00:00:00-05:00,8.729300298928095,8.729300298928095,8.268651641309079,8.49129867553711,622500,0.0,0.0
2019-03-11 00:00:00-04:00,8.568072630491368,8.721622174872902,8.468265243597877,8.598782539367676,447400,0.0,0.0
2019-03-12 00:00:00-04:00,8.68323527728897,8.73697743440179,8.368457798277078,8.621814727783203,597500,0.0,0.0
2019-03-13 00:00:00-04:00,8.637170381491979,8.660970689755187,8.49129849276464,8.560395240783691,889600,0.0,0.0
2019-03-14 00:00:00-04:00,9.189948737348443,9.212980984799497,7.923163412629345,7.9769062995910645,1919900,0.0,0.0
2019-03-15 00:00:00-04:00,8.069037956352346,8.149651207851266,7.9769082122755295,8.084392547607422,2349400,0.0,0.0
2019-03-18 00:00:00-04:00,7.984585784281837,8.065199774449383,7.677486612648758,8.053683280944824,4795600,0.0,0.0
2019-03-19 00:00:00-04:00,8.046003808309614,8.84523026602352,7.892454257040732,8.767687797546387,3073600,0.0,0.0
2019-03-20 00:00:00-04:00,8.775365412458129,8.775365412458129,8.157327648114505,8.284006118774414,1775900,0.0,0.0
2019-03-21 00:00:00-04:00,8.253297181200395,8.73697887130934,8.214909606014206,8.675559043884277,1383900,0.0,0.0
2019-03-22 00:00:00-04:00,8.568073638159508,8.66788103679108,8.09974728967173,8.253296852111816,1031900,0.0,0.0
2019-03-25 00:00:00-04:00,8.214910220884013,8.775367103314426,8.076715964925103,8.64484977722168,987300,0.0,0.0
2019-03-26 00:00:00-04:00,8.652525571891504,8.652525571891504,8.268651338508889,8.460588455200195,578100,0.0,0.0
2019-03-27 00:00:00-04:00,8.483620365712408,8.59110467817465,8.191875872119814,8.268651008605957,794400,0.0,0.0
2019-03-28 00:00:00-04:00,7.961550816949222,8.260972956414784,7.454836990301291,8.00761604309082,1935900,0.0,0.0
2019-03-29 00:00:00-04:00,8.007617243779046,8.061359405517578,7.255223318529412,8.061359405517578,1650900,0.0,0.0
2019-04-01 00:00:00-04:00,8.22258593315639,8.66787997581844,8.176520703971843,8.529685020446777,748000,0.0,0.0
2019-04-02 00:00:00-04:00,8.583428538634106,9.312789473514252,8.533524475679982,9.166916847229004,1084200,0.0,0.0
2019-04-03 00:00:00-04:00,9.374208762031735,9.804148223449543,9.097819578951569,9.151561737060547,819800,0.0,0.0
2019-04-04 00:00:00-04:00,9.113175094226037,9.665954248782363,9.090142843005959,9.566146850585938,777400,0.0,0.0
2019-04-05 00:00:00-04:00,9.65827665783286,10.134280668871854,9.65827665783286,10.026796340942383,2132600,0.0,0.0
2019-04-08 00:00:00-04:00,9.81950341960115,11.147708723445815,9.795703110342423,10.963448524475098,1592500,0.0,0.0
2019-04-09 00:00:00-04:00,10.994157771628872,11.25519236657235,10.740800837050083,10.832930564880371,1277100,0.0,0.0
2019-04-10 00:00:00-04:00,10.809900054743553,10.855965292159297,10.23408861404834,10.433703422546387,1080900,0.0,0.0
2019-04-11 00:00:00-04:00,10.426024352988222,10.664026705161891,10.34157228334312,10.541186332702637,551900,0.0,0.0
2019-04-12 00:00:00-04:00,10.748478889465332,11.193772956311477,10.640993836985151,10.748478889465332,1113600,0.0,0.0
2019-04-15 00:00:00-04:00,10.733123941657727,10.733123941657727,10.011440656126926,10.18034553527832,830200,0.0,0.0
2019-04-16 00:00:00-04:00,10.41066994624252,10.640993909702265,10.287829571633427,10.472089767456055,902300,0.0,0.0
2019-04-17 00:00:00-04:00,10.602607664267062,10.77151181597096,10.5488647685594,10.625639915466309,1416600,0.0,0.0
2019-04-18 00:00:00-04:00,10.748480201377943,11.132354494284298,10.57189837808843,11.078612327575684,1127500,0.0,0.0
2019-04-22 00:00:00-04:00,10.809899347028061,10.809899347028061,10.172668119618947,10.234087944030762,2083700,0.0,0.0
2019-04-23 00:00:00-04:00,10.34924990241079,10.395315136680058,10.180345751848284,10.326217651367188,1170600,0.0,0.0
2019-04-24 00:00:00-04:00,10.326217651367188,10.449057299842487,9.842535986359149,10.326217651367188,1828600,0.0,0.0
2019-04-25 00:00:00-04:00,10.241765071235168,10.27631381218858,9.8886007331863,10.05750560760498,1420800,0.0,0.0
2019-04-26 00:00:00-04:00,10.057505476577063,10.418346738439679,9.942342764172006,10.356926918029785,1770100,0.0,0.0
2019-04-29 00:00:00-04:00,10.433703422546387,10.56422074101187,10.188024108814703,10.433703422546387,3989500,0.0,0.0
2019-04-30 00:00:00-04:00,10.3876371074608,10.449056929521694,9.880923209367399,9.903955459594727,2161700,0.0,0.0
2019-05-01 00:00:00-04:00,9.957698353034534,10.095892586580531,9.896278530973639,9.903955459594727,1244100,0.0,0.0
2019-05-02 00:00:00-04:00,9.926987617398952,10.379959316607575,9.888600048754125,10.364603996276855,1908600,0.0,0.0
2019-05-03 00:00:00-04:00,10.39531515810117,11.224483519200131,10.226410275008549,11.132353782653809,3351600,0.0,0.0
2019-05-06 00:00:00-04:00,10.341571811887885,10.771510533258041,10.172666948115765,10.594928741455078,1429900,0.0,0.0
2019-05-07 00:00:00-04:00,10.441379467951625,10.58725135485515,10.226409369528966,10.303184509277344,1230800,0.0,0.0
2019-05-08 00:00:00-04:00,10.203377651721528,10.410670100525742,9.504726625927235,10.06518268585205,1595400,0.0,0.0
2019-05-09 00:00:00-04:00,9.850213722907116,9.90395588648132,9.443307201169436,9.566146850585938,917100,0.0,0.0
2019-05-10 00:00:00-04:00,9.865569084591023,10.08898345990072,9.696664199877475,9.957698822021484,696600,0.0,0.0
2019-05-13 00:00:00-04:00,9.650597589286727,9.710482019906742,9.320466260269784,9.558467864990234,810100,0.0,0.0
2019-05-14 00:00:00-04:00,9.76575980331662,10.095891115752991,9.635242517406219,10.049826622009277,867000,0.0,0.0
2019-05-15 00:00:00-04:00,10.057505783291214,10.164990106195365,9.900117397168389,9.973052978515625,624500,0.0,0.0
2019-05-16 00:00:00-04:00,9.980729853630516,10.640993257285176,9.980729853630516,10.502799034118652,1295000,0.0,0.0
2019-05-17 00:00:00-04:00,10.441380038650694,10.564219683216603,9.801077329686946,9.973052978515625,2254300,0.0,0.0
2019-05-20 00:00:00-04:00,9.742728720301592,9.77343863283452,9.059432983398438,9.059432983398438,1704900,0.0,0.0
2019-05-21 00:00:00-04:00,9.113174108444257,9.58917806453438,9.113174108444257,9.427950859069824,1046800,0.0,0.0
2019-05-22 00:00:00-04:00,9.36653136435652,9.742727946033536,9.212981813894677,9.619888305664062,1247900,0.0,0.0
2019-05-23 00:00:00-04:00,9.404919405429158,9.431790486581257,9.14388479049669,9.259047508239746,1225900,0.0,0.0
2019-05-24 00:00:00-04:00,9.320466276968505,9.573823202283272,9.297433296716642,9.466338157653809,927400,0.0,0.0
2019-05-28 00:00:00-04:00,9.43562851937337,9.673630863509425,9.351176452580312,9.427950859069824,5039200,0.0,0.0
2019-05-29 00:00:00-04:00,9.404919586898606,9.41259724799936,9.059432891367313,9.17459487915039,935800,0.0,0.0
2019-05-30 00:00:00-04:00,9.189949908984861,9.26672432100374,8.859817813975768,8.890527725219727,485500,0.0,0.0
2019-05-31 00:00:00-04:00,8.783043375787088,8.875173849106782,8.652526791645403,8.675559043884277,815700,0.0,0.0
2019-06-03 00:00:00-04:00,8.69091220531796,8.867494729260338,8.545040322219455,8.621814727783203,905700,0.0,0.0
2019-06-04 00:00:00-04:00,8.660202999351087,9.04407725486359,8.660202999351087,8.982657432556152,1315300,0.0,0.0
2019-06-05 00:00:00-04:00,9.044077224041517,9.189949850661076,8.383813770395713,8.49897575378418,981000,0.0,0.0
2019-06-06 00:00:00-04:00,8.52200808876242,8.610298984797963,8.15348845198932,8.276328086853027,1102000,0.0,0.0
2019-06-07 00:00:00-04:00,8.322394304924565,8.452911615521439,8.138134830734414,8.184199333190918,759400,0.0,0.0
2019-06-10 00:00:00-04:00,8.33774790784479,8.55271800113004,8.32239331957126,8.529685020446777,701600,0.0,0.0
2019-06-11 00:00:00-04:00,8.637171708936583,8.867496434277982,8.514332050669735,8.729301452636719,673400,0.0,0.0
2019-06-12 00:00:00-04:00,8.760010136937439,9.051754650439323,8.64484815653128,8.767687797546387,899700,0.0,0.0
2019-06-13 00:00:00-04:00,8.875172936358142,8.905882846912377,8.529685527395472,8.652525901794434,491300,0.0,0.0
2019-06-14 00:00:00-04:00,8.644848025000593,8.644848025000593,8.291683696364522,8.399168014526367,1152800,0.0,0.0
2019-06-17 00:00:00-04:00,8.43755527169046,8.621814723571825,8.330070957517318,8.368457794189453,828000,0.0,0.0
2019-06-18 00:00:00-04:00,8.414522190806442,8.783041058111792,8.337747060693541,8.760008811950684,853800,0.0,0.0
2019-06-19 00:00:00-04:00,8.806075986957575,9.005690051537227,8.736978500987592,8.829108238220215,697000,0.0,0.0
2019-06-20 00:00:00-04:00,8.95194726426933,9.205304207055669,8.921237353997714,9.182271957397461,827500,0.0,0.0
2019-06-21 00:00:00-04:00,9.143884748088423,9.186878477732382,8.706268326367752,9.028722763061523,666900,0.0,0.0
2019-06-24 00:00:00-04:00,9.02872325065189,9.427952121529676,9.02872325065189,9.136207580566406,1249200,0.0,0.0
2019-06-25 00:00:00-04:00,9.059433621506955,9.082465874483427,8.545042001212279,8.637171745300293,1436200,0.0,0.0
2019-06-26 00:00:00-04:00,8.68323642973054,8.867495906156877,8.629493533302968,8.713946342468262,1526500,0.0,0.0
2019-06-27 00:00:00-04:00,8.767687811666233,8.94426961286432,8.721622580120375,8.928915023803711,1169000,0.0,0.0
2019-06-28 00:00:00-04:00,8.882849056615855,8.967301852092216,8.452910347976395,8.568072319030762,836000,0.0,0.0
2019-07-01 00:00:00-04:00,9.04407725486359,9.166916899478464,8.951947521402433,8.982657432556152,1254900,0.0,0.0
2019-07-02 00:00:00-04:00,9.036399660684781,9.15923929625257,8.921236953203492,9.105496406555176,955200,0.0,0.0
2019-07-03 00:00:00-04:00,9.051754899556167,9.343499421087266,8.905883004881636,9.236014366149902,632200,0.0,0.0
2019-07-05 00:00:00-04:00,9.189949306644957,9.243691464753937,8.83678498439597,9.151561737060547,420300,0.0,0.0
2019-07-08 00:00:00-04:00,9.120852060684552,9.140045479875768,8.921237279495053,9.044076919555664,637500,0.0,0.0
2019-07-09 00:00:00-04:00,8.936592880979928,9.312789473514252,8.936592880979928,9.166916847229004,753600,0.0,0.0
2019-07-10 00:00:00-04:00,9.166917006548006,9.320467296292103,8.928915375372338,9.189949989318848,1018200,0.0,0.0
2019-07-11 00:00:00-04:00,9.228337774673612,9.274402276914019,9.082465142487516,9.17459487915039,483200,0.0,0.0
2019-07-12 00:00:00-04:00,9.212982543563744,9.212982543563744,8.88285043478778,8.898205757141113,375200,0.0,0.0
2019-07-15 00:00:00-04:00,8.944268978818855,9.220658884137114,8.944268978818855,9.212981224060059,906000,0.0,0.0
2019-07-16 00:00:00-04:00,9.343498917094093,9.343498917094093,8.767687565911706,8.87517261505127,816200,0.0,0.0
2019-07-17 00:00:00-04:00,8.90588348012455,8.967303305599994,8.564234877212549,8.713946342468262,509000,0.0,0.0
2019-07-18 00:00:00-04:00,8.637170888565564,8.779204687559854,8.568073404307912,8.683236122131348,489700,0.0,0.0
2019-07-19 00:00:00-04:00,8.752331852880943,8.905882125394122,8.690912036748456,8.706267356872559,666700,0.0,0.0
2019-07-22 00:00:00-04:00,8.706268613188207,8.729300864515956,8.31471667970614,8.41452407836914,854200,0.0,0.0
2019-07-23 00:00:00-04:00,8.4452349570584,8.726998418155764,8.437557295010086,8.64484977722168,616300,0.0,0.0
2019-07-24 00:00:00-04:00,8.667880160492171,8.72929997925883,8.368457994868214,8.460588455200195,493300,0.0,0.0
2019-07-25 00:00:00-04:00,8.498974741286817,8.545039968463595,8.16500458993748,8.176520347595215,523700,0.0,0.0
2019-07-26 00:00:00-04:00,8.2456181781371,8.464426369260826,8.17652070048077,8.276328086853027,630900,0.0,0.0
2019-07-29 00:00:00-04:00,8.284006454451413,8.368458527586107,8.191876720436646,8.222586631774902,308500,0.0,0.0
2019-07-30 00:00:00-04:00,8.214908561041835,8.252528072422452,8.138134152617596,8.145811080932617,360200,0.0,0.0
2019-07-31 00:00:00-04:00,8.222587033621823,8.314716772139072,8.046004485660537,8.138134956359863,368000,0.0,0.0
2019-08-01 00:00:00-04:00,8.161165730044129,8.452910215274661,7.984583214060042,8.01529312133789,550300,0.0,0.0
2019-08-02 00:00:00-04:00,8.015293764417045,8.414523323241811,7.838711966447477,7.984583854675293,407300,0.0,0.0
2019-08-05 00:00:00-04:00,7.777293483496865,7.892455481773594,7.378063856064231,7.738905906677246,825300,0.0,0.0
2019-08-06 00:00:00-04:00,7.823356478305783,7.854066387391284,7.715872162597523,7.815679550170898,350700,0.0,0.0
2019-08-07 00:00:00-04:00,7.715873653458326,7.823357989934705,7.508581177941659,7.738905906677246,398700,0.0,0.0
2019-08-08 00:00:00-04:00,7.831034359372678,8.376135810142747,7.831034359372678,8.214908599853516,1092000,0.0,0.0
2019-08-09 00:00:00-04:00,8.199553435102436,8.414522789663133,7.777291653793168,7.87709903717041,580600,0.0,0.0
2019-08-12 00:00:00-04:00,7.761937946252621,7.8003255220156404,7.603014158706753,7.754261016845703,395600,0.0,0.0
2019-08-13 00:00:00-04:00,7.738903983035729,8.284005388269764,7.738903983035729,7.884776592254639,511500,0.0,0.0
2019-08-14 00:00:00-04:00,7.754260828298877,7.90397156473408,7.500903859478336,7.662130355834961,571900,0.0,0.0
2019-08-15 00:00:00-04:00,7.73122675104928,8.015293593135661,7.646774684109649,7.815679550170898,474600,0.0,0.0
2019-08-16 00:00:00-04:00,7.94619805507205,8.307039358648149,7.869422904593421,8.191877365112305,588500,0.0,0.0
2019-08-19 00:00:00-04:00,8.391490242937062,8.460587716058495,7.96922847666981,8.00761604309082,606200,0.0,0.0
2019-08-20 00:00:00-04:00,8.076714439891527,8.118940108819965,7.838712086608086,7.938519477844238,313100,0.0,0.0
2019-08-21 00:00:00-04:00,7.946197369940889,8.28400639211992,7.946197369940889,8.24561882019043,735600,0.0,0.0
2019-08-22 00:00:00-04:00,8.222587914466416,8.222587914466416,7.66980869196438,7.700518608093262,392800,0.0,0.0
2019-08-23 00:00:00-04:00,7.7542615104554224,7.976908585435358,7.677486354042139,7.700518608093262,602900,0.0,0.0
2019-08-26 00:00:00-04:00,7.777293418565273,7.930842992379656,7.585356268251763,7.761938095092773,565000,0.0,0.0
2019-08-27 00:00:00-04:00,7.831035341551795,7.846390664544278,7.616065944931734,7.708195686340332,821000,0.0,0.0
2019-08-28 00:00:00-04:00,7.639097804664212,7.976907571317752,7.612226722990375,7.953874588012695,641200,0.0,0.0
2019-08-29 00:00:00-04:00,8.038327305505353,8.122779380129401,7.508580410350536,7.54696798324585,757600,0.0,0.0
2019-08-30 00:00:00-04:00,7.67748483797399,7.915487190111269,7.6237426784064155,7.86942195892334,1659800,0.0,0.0
2019-09-03 00:00:00-04:00,7.90780884097351,8.3147152969436,7.792646139122539,8.176520347595215,1784200,0.0,0.0
2019-09-04 00:00:00-04:00,8.237940579617659,8.667111978142016,8.237940579617659,8.50665283203125,3637200,0.0,0.0
2019-09-05 00:00:00-04:00,8.675557697324992,8.736977515216902,8.253295900181628,8.50665283203125,1149900,0.0,0.0
2019-09-06 00:00:00-04:00,8.483620643562176,8.829107304701036,8.483620643562176,8.736977577209473,2318200,0.0,0.0
2019-09-09 00:00:00-04:00,8.75233256195918,8.783042472513415,8.491298688339194,8.652525901794434,1294300,0.0,0.0
2019-09-10 00:00:00-04:00,8.483621601098182,8.821430640028675,8.372297710200474,8.806076049804688,1323800,0.0,0.0
2019-09-11 00:00:00-04:00,8.813751520213152,8.867494407558222,8.49129785705248,8.591104507446289,1330900,0.0,0.0
2019-09-12 00:00:00-04:00,8.667879781217067,9.090141565897692,8.606459965137917,9.051753997802734,1491800,0.0,0.0
2019-09-13 00:00:00-04:00,9.059432848580153,9.212982408959737,8.683236242604659,8.783042907714844,2314000,0.0,0.0
2019-09-16 00:00:00-04:00,8.698590255842287,8.875172787708077,8.690912595286816,8.790719985961914,1120300,0.0,0.0
2019-09-17 00:00:00-04:00,8.783041058111792,8.982655810659809,8.690911341285455,8.760008811950684,1060100,0.0,0.0
2019-09-18 00:00:00-04:00,8.767687720726773,8.790719970169802,8.46826554923938,8.62949275970459,811700,0.0,0.0
2019-09-19 00:00:00-04:00,8.667881623503295,8.890528687157486,8.65790124905562,8.729301452636719,1522400,0.0,0.0
2019-09-20 00:00:00-04:00,8.744655763656443,8.798397924881016,8.337748527526855,8.337748527526855,3497600,0.0,0.0
2019-09-23 00:00:00-04:00,8.414522780230955,8.583427639001721,8.31855422695833,8.568072319030762,1460400,0.0,0.0
2019-09-24 00:00:00-04:00,8.560394139194434,8.629491610503724,7.953872948631209,7.969228267669678,863200,0.0,0.0
2019-09-25 00:00:00-04:00,7.953874209445347,8.108959881153378,7.85406681641999,7.999939441680908,934600,0.0,0.0
2019-09-26 00:00:00-04:00,7.999939259743458,8.099746650498961,7.831034388297068,7.86942195892334,1113600,0.0,0.0
2019-09-27 00:00:00-04:00,7.877100055905774,7.938519879437893,7.554645616271125,7.639097690582275,978200,0.0,0.0
2019-09-30 00:00:00-04:00,7.731228524222145,7.731228524222145,7.554646689526609,7.700518608093262,692400,0.0,0.0
2019-10-01 00:00:00-04:00,7.715872835550944,7.723550496537436,7.024898722589665,7.117029190063477,1513600,0.0,0.0
2019-10-02 00:00:00-04:00,6.978834179630422,7.216835811343262,6.871349123003369,6.886704444885254,1314900,0.0,0.0
2019-10-03 00:00:00-04:00,6.894381513229284,7.001866572032502,6.69476744999768,6.948124408721924,1098300,0.0,0.0
2019-10-04 00:00:00-04:00,6.9174137346590205,6.9711558920506285,6.717798961230218,6.771541118621826,896700,0.0,0.0
2019-10-07 00:00:00-04:00,6.702444263422186,6.894381394432197,6.58651495090182,6.633347511291504,1213600,0.0,0.0
2019-10-08 00:00:00-04:00,6.602637937538035,6.725477590522208,6.4721206231968305,6.571928024291992,1372000,0.0,0.0
2019-10-09 00:00:00-04:00,6.740831755031346,6.932768883734146,6.702444182854379,6.909736633300781,830800,0.0,0.0
2019-10-10 00:00:00-04:00,7.093996524810791,7.209159248219627,6.918182034129276,7.093996524810791,922500,0.0,0.0
2019-10-11 00:00:00-04:00,7.209158704936209,7.546967724010866,7.209158704936209,7.331998348236084,1044700,0.0,0.0
2019-10-14 00:00:00-04:00,7.331998099071881,7.569999716831844,7.224513048746154,7.477869987487793,703600,0.0,0.0
2019-10-15 00:00:00-04:00,7.485548062385292,7.823357088681555,7.4548381509038135,7.715872764587402,977000,0.0,0.0
2019-10-16 00:00:00-04:00,7.723551553640307,7.884778795513164,7.608388819627038,7.7926483154296875,691700,0.0,0.0
2019-10-17 00:00:00-04:00,7.8770986201590185,8.25329515376999,7.808001148234164,8.237939834594727,1199900,0.0,0.0
2019-10-18 00:00:00-04:00,8.245618257840707,8.30166386009357,7.999938985738514,8.161166191101074,1043800,0.0,0.0
2019-10-21 00:00:00-04:00,7.984583243358877,8.222585574771992,7.784969211411364,8.176520347595215,1089000,0.0,0.0
2019-10-22 00:00:00-04:00,8.19955398874314,8.406845697306261,8.19955398874314,8.307038307189941,840400,0.0,0.0
2019-10-23 00:00:00-04:00,8.284005809127583,8.552718061541174,8.284005809127583,8.50665283203125,764700,0.0,0.0
2019-10-24 00:00:00-04:00,8.560394989641175,8.652525448661022,8.314715718073538,8.50665283203125,622100,0.0,0.0
2019-10-25 00:00:00-04:00,8.514332748867178,8.591107175488602,8.414525335295366,8.445235252380371,457700,0.0,0.0
2019-10-28 00:00:00-04:00,8.537362879002352,8.890527203681495,8.537362879002352,8.87517261505127,569700,0.0,0.0
2019-10-29 00:00:00-04:00,8.882850188845035,8.982657584832086,8.760010542147755,8.844463348388672,763400,0.0,0.0
2019-10-30 00:00:00-04:00,8.8291075339119,8.898205014369898,8.729300143492795,8.88284969329834,555700,0.0,0.0
2019-10-31 00:00:00-04:00,8.905882125394122,8.910488282122175,8.529684836355187,8.706267356872559,691600,0.0,0.0
2019-11-01 00:00:00-04:00,8.890527663407926,9.051754879363283,8.452911248178541,8.913559913635254,742400,0.0,0.0
2019-11-04 00:00:00-05:00,9.028722770833182,9.20530457898403,8.905883124783541,9.189949989318848,636500,0.0,0.0
2019-11-05 00:00:00-05:00,9.212982079788038,9.305111812724075,9.074787114292967,9.166916847229004,937100,0.0,0.0
2019-11-06 00:00:00-05:00,9.182272944453766,9.2513704330381,9.044077967285096,9.090143203735352,389700,0.0,0.0
2019-11-07 00:00:00-05:00,9.136206962023198,9.228337427401163,8.967302817255009,9.074787139892578,623000,0.0,0.0
2019-11-08 00:00:00-05:00,9.059432353291763,9.25136947631836,8.951947300811343,9.25136947631836,503300,0.0,0.0
2019-11-11 00:00:00-05:00,9.105497785741356,9.596857134619425,9.105497785741356,9.573824882507324,952800,0.0,0.0
2019-11-12 00:00:00-05:00,9.635243688153933,9.704341169347245,9.527758636055223,9.596856117248535,815700,0.0,0.0
2019-11-13 00:00:00-05:00,9.589178827341332,9.665953972120194,9.52775900439106,9.604534149169922,704300,0.0,0.0
2019-11-14 00:00:00-05:00,9.627566239617707,9.696663722333136,9.46633902400905,9.581501007080078,1005200,0.0,0.0
2019-11-15 00:00:00-05:00,9.566146206960621,9.650598277206882,9.520080975437741,9.596856117248535,1706500,0.0,0.0
2019-11-18 00:00:00-05:00,9.865568655611474,10.080538033601812,9.497048989731713,9.973052978515625,4695800,0.0,0.0
2019-11-19 00:00:00-05:00,10.134279942394077,10.134279942394077,9.804148588899281,9.919310569763184,1626700,0.0,0.0
2019-11-20 00:00:00-05:00,9.596856721325107,9.614514756111195,8.836785844719854,9.17459487915039,2961000,0.0,0.0
2019-11-21 00:00:00-05:00,8.967302807075061,9.136975010604631,8.890527663407926,8.913559913635254,1320100,0.0,0.0
2019-11-22 00:00:00-05:00,9.021045157470498,9.197626966552324,8.798398114786167,8.844463348388672,1047300,0.0,0.0
2019-11-25 00:00:00-05:00,8.913560019347475,9.212982204581923,8.913560019347475,9.12085247039795,691500,0.0,0.0
2019-11-26 00:00:00-05:00,9.136206936250325,9.174594508019181,9.028722613915965,9.166916847229004,531600,0.0,0.0
2019-11-27 00:00:00-05:00,9.143884904591143,9.20530472861433,8.990335344533175,9.197627067565918,624300,0.0,0.0
2019-11-29 00:00:00-05:00,9.159239980497567,9.159239980497567,8.913559958826374,9.143884658813477,321400,0.0,0.0
2019-12-02 00:00:00-05:00,9.174594258765277,9.289756970943124,9.021044708043492,9.113174438476562,528700,0.0,0.0
2019-12-03 00:00:00-05:00,8.959625888005407,9.12853077874688,8.894367230140436,9.090143203735352,887800,0.0,0.0
2019-12-04 00:00:00-05:00,9.151562309992624,9.197626810632183,8.944269860568495,8.982657432556152,604500,0.0,0.0
2019-12-05 00:00:00-05:00,8.974980142175852,9.105497453011932,8.951947890905387,8.990335464477539,462700,0.0,0.0
2019-12-06 00:00:00-05:00,9.09781984949539,9.136206688039326,8.936592638192014,9.113174438476562,563700,0.0,0.0
2019-12-09 00:00:00-05:00,9.136207079021268,9.205304562848587,8.848301384528808,8.8674955368042,900000,0.0,0.0
2019-12-10 00:00:00-05:00,8.875173162314548,8.98649631633961,8.775365767426743,8.7983980178833,682700,0.0,0.0
2019-12-11 00:00:00-05:00,8.798398036390742,8.798398036390742,8.47594360059249,8.54504108428955,1842800,0.0,0.0
2019-12-12 00:00:00-05:00,8.54504068372614,8.905882674905676,8.092068962663278,8.88284969329834,3269100,0.0,0.0
2019-12-13 00:00:00-05:00,8.898204251573418,9.067109107971191,8.806074529587889,9.067109107971191,2516800,0.0,0.0
2019-12-16 00:00:00-05:00,9.06710909346944,9.212980970001068,9.02104386645938,9.159238815307617,1081200,0.0,0.0
2019-12-17 00:00:00-05:00,9.212981232339041,9.489370405723706,9.143883755947385,9.466338157653809,2387500,0.0,0.0
2019-12-18 00:00:00-05:00,9.427951531509931,9.919310843252907,9.427951531509931,9.8809232711792,3004600,0.0,0.0
2019-12-19 00:00:00-05:00,9.773438511919407,9.888601231629666,9.497049302542495,9.589179039001465,1141800,0.0,0.0
2019-12-20 00:00:00-05:00,9.650598839075451,9.942343369887338,9.631405418596298,9.842535972595215,1795800,0.0,0.0
2019-12-23 00:00:00-05:00,9.842535513177765,9.934665245105089,9.70434128137779,9.80414867401123,1613600,0.0,0.0
2019-12-24 00:00:00-05:00,9.842535760964866,9.969214237076837,9.842535760964866,9.857891082763672,1310000,0.0,0.0
2019-12-26 00:00:00-05:00,9.926987898447596,10.019117626494335,9.834858170400857,9.980730056762695,1475400,0.0,0.0
2019-12-27 00:00:00-05:00,9.980730674934566,10.10357031993848,9.842535708214143,10.042150497436523,1354700,0.0,0.0
2019-12-30 00:00:00-05:00,10.034471570702875,10.733122512662487,9.880922033818665,10.702412605285645,3633200,0.0,0.0
2019-12-31 00:00:00-05:00,10.710091715261456,10.886674255723038,10.617961980657084,10.664027214050293,2182800,0.0,0.0
2020-01-02 00:00:00-05:00,10.74847975214506,11.746553018423517,10.746944366329288,11.669777870178223,2773600,0.0,0.0
2020-01-03 00:00:00-05:00,11.239838793185806,11.708165135000275,11.070933910817448,11.639067649841309,1565900,0.0,0.0
2020-01-06 00:00:00-05:00,11.631389404850244,11.631389404850244,11.11699785469321,11.232160568237305,2033100,0.0,0.0
2020-01-07 00:00:00-05:00,11.28590214571373,11.608356555492579,11.209127739498088,11.493194580078125,2098000,0.0,0.0
2020-01-08 00:00:00-05:00,11.35500087038148,11.600680168733254,11.178419057736658,11.523905754089355,2060700,0.0,0.0
2020-01-09 00:00:00-05:00,11.623711509962995,12.107393109398,11.623711509962995,11.738873481750488,2127900,0.0,0.0
2020-01-10 00:00:00-05:00,11.84635979908263,11.892424299876442,11.116998125420917,11.19377326965332,1987700,0.0,0.0
2020-01-13 00:00:00-05:00,11.33196772522887,11.546937094327761,11.24751492394637,11.339645385742188,1216300,0.0,0.0
2020-01-14 00:00:00-05:00,11.3166125978991,11.331967919188562,10.710091318423695,10.748478889465332,1947300,0.0,0.0
2020-01-15 00:00:00-05:00,10.802221111390118,10.902028503796345,10.617961647954939,10.725446701049805,2609100,0.0,0.0
2020-01-16 00:00:00-05:00,10.825253775623134,11.040223143319272,10.802220794233476,10.94809341430664,2217400,0.0,0.0
2020-01-17 00:00:00-05:00,10.902028222416371,11.040223182516971,10.825253814057596,11.017190933227539,1386800,0.0,0.0
2020-01-21 00:00:00-05:00,10.902029046826211,11.27054872423455,10.855964544763957,11.224483489990234,1872900,0.0,0.0
2020-01-22 00:00:00-05:00,11.800294456905247,12.997982449191344,11.569969758521534,12.773031234741211,6022600,0.0,0.0
2020-01-23 00:00:00-05:00,12.614107935168054,12.629463256427801,11.999908996236467,12.33771800994873,4843600,0.0,0.0
2020-01-24 00:00:00-05:00,12.368428815275768,12.380711900954022,11.232160653468158,11.531582832336426,2580500,0.0,0.0
2020-01-27 00:00:00-05:00,10.733124212832411,11.006443383617686,9.28975760530384,10.717769622802734,3273800,0.0,0.0
2020-01-28 00:00:00-05:00,10.848287149283722,11.063256539261992,10.679382262495471,11.024868965148926,1455500,0.0,0.0
2020-01-29 00:00:00-05:00,11.078610758073573,11.147708238156843,10.748478678645505,10.763833999633789,1118100,0.0,0.0
2020-01-30 00:00:00-05:00,10.495123250979306,10.77151247892745,10.280153851464085,10.433703422546387,1388200,0.0,0.0
2020-01-31 00:00:00-05:00,10.372282009999322,10.518153897203593,10.049827593882515,10.211054801940918,1470100,0.0,0.0
2020-02-03 00:00:00-05:00,10.195699790499473,10.395314574568996,10.111247719784838,10.241765022277832,1790300,0.0,0.0
2020-02-04 00:00:00-05:00,10.587251409420345,11.05557771418955,10.586483350502464,10.786866188049316,2427400,0.0,0.0
2020-02-05 00:00:00-05:00,11.017191470847173,11.05557831080877,10.065182756849575,10.203377723693848,1749500,0.0,0.0
2020-02-06 00:00:00-05:00,10.395315478206193,10.479000229438526,10.065183362946168,10.264798164367676,1567800,0.0,0.0
2020-02-07 00:00:00-05:00,10.287829249136339,10.460572948498099,10.214893671345374,10.280152320861816,1623300,0.0,0.0
2020-02-10 00:00:00-05:00,10.180345718491811,10.460573757180663,9.80414911322332,10.257120132446289,2188500,0.0,0.0
2020-02-11 00:00:00-05:00,10.287830107345583,10.395315166157287,10.134280546316049,10.234087944030762,1237200,0.0,0.0
2020-02-12 00:00:00-05:00,10.410669348564591,10.80989816353279,10.356926458951618,10.57189655303955,1378800,0.0,0.0
2020-02-13 00:00:00-05:00,10.518153915658456,10.594929055699831,10.18802257071734,10.372282028198242,1160400,0.0,0.0
2020-02-14 00:00:00-05:00,10.518153875518008,10.717768653118194,10.232551644294356,10.303184509277344,895200,0.0,0.0
2020-02-18 00:00:00-05:00,10.287828214776296,10.326215781017341,9.919309336098877,10.049826622009277,1589100,0.0,0.0
2020-02-19 00:00:00-05:00,10.049828741797507,10.118926229169585,9.865569263593352,10.034473419189453,1444400,0.0,0.0
2020-02-20 00:00:00-05:00,10.03447260131377,10.3338947781272,9.980730440930085,10.149635314941406,1433300,0.0,0.0
2020-02-21 00:00:00-05:00,10.111247678421822,10.141957588754426,9.69666352284065,9.75808334350586,1425300,0.0,0.0
2020-02-24 00:00:00-05:00,9.420274879287726,9.481694703535267,9.059432862696884,9.266724586486816,2564300,0.0,0.0
2020-02-25 00:00:00-05:00,9.3588548259831,9.662115865167715,9.143885429560116,9.228338241577148,1392100,0.0,0.0
2020-02-26 00:00:00-05:00,9.282079874734343,9.416436014353335,9.11317499257955,9.197627067565918,976900,0.0,0.0
2020-02-27 00:00:00-05:00,9.059432576531467,9.251369704287718,8.867495448775216,8.982657432556152,1287300,0.0,0.0
2020-02-28 00:00:00-05:00,8.69859069184994,8.974979896062534,8.514331222374878,8.936593055725098,1587000,0.0,0.0
2020-03-02 00:00:00-05:00,9.005689340062746,9.052522630057782,8.406845729269968,8.62949275970459,1883500,0.0,0.0
2020-03-03 00:00:00-05:00,8.675558666639175,8.802237146717683,8.222586909939634,8.345426559448242,1618700,0.0,0.0
2020-03-04 00:00:00-05:00,8.44523301413934,8.575750310205144,8.391490856529416,8.50665283203125,1681200,0.0,0.0
2020-03-05 00:00:00-05:00,8.399168174700566,8.529685476827808,8.230264033744623,8.422201156616211,939800,0.0,0.0
2020-03-06 00:00:00-05:00,8.130456475085113,8.291683684274807,7.7926467357438485,7.984583854675293,1497800,0.0,0.0
2020-03-09 00:00:00-04:00,7.539289421356873,7.600709237777469,6.9250912571509105,7.270577907562256,2528400,0.0,0.0
2020-03-10 00:00:00-04:00,7.761936977703807,7.777292298965793,7.293610661943488,7.5930328369140625,3112300,0.0,0.0
2020-03-11 00:00:00-04:00,7.416451283262633,7.708195836151036,7.255224049618571,7.4471611976623535,1673300,0.0,0.0
2020-03-12 00:00:00-04:00,7.2091584301036375,7.550806266529632,6.687089233799825,6.9020586013793945,2900400,0.0,0.0
2020-03-13 00:00:00-04:00,7.063285261596768,7.385739654016316,6.940445632519215,7.324319839477539,1372500,0.0,0.0
2020-03-16 00:00:00-04:00,6.725477494096645,6.848317145319621,6.33392555668685,6.687089920043945,1248900,0.0,0.0
2020-03-17 00:00:00-04:00,6.756187236628934,7.013383024463318,6.44448122680629,6.717799663543701,2298900,0.0,0.0
2020-03-18 00:00:00-04:00,6.525861502106684,7.017220749380216,6.21876243017444,6.725476264953613,2090300,0.0,0.0
2020-03-19 00:00:00-04:00,6.602637359433442,6.848316643890939,6.234117700565173,6.525862216949463,1092900,0.0,0.0
2020-03-20 00:00:00-04:00,6.579603656649341,7.009543089536424,6.472119347564027,6.725476264953613,2021800,0.0,0.0
2020-03-23 00:00:00-04:00,6.710121472953737,6.740831382562006,6.080567959893226,6.23411750793457,2075100,0.0,0.0
2020-03-24 00:00:00-04:00,6.6026376188812765,7.907809967120957,6.587282296908291,7.117029190063477,3870400,0.0,0.0
2020-03-25 00:00:00-04:00,7.477869377884571,8.122778162901332,7.17460913503856,8.01529312133789,2089800,0.0,0.0
2020-03-26 00:00:00-04:00,7.784969550722093,8.55271800113004,7.623742346849145,8.529685020446777,1882100,0.0,0.0
2020-03-27 00:00:00-04:00,8.19955441955722,8.19955441955722,7.669807531274163,7.715872764587402,1610300,0.0,0.0
2020-03-30 00:00:00-04:00,7.646775339159114,7.677485250875334,6.525862463244033,6.579604625701904,2788700,0.0,0.0
2020-03-31 00:00:00-04:00,6.68708972327179,6.95196317104105,6.633347560488657,6.809929370880127,1233400,0.0,0.0
2020-04-01 00:00:00-04:00,6.694767677276165,6.756187503768251,6.3416033088556265,6.571928024291992,1193300,0.0,0.0
2020-04-02 00:00:00-04:00,6.498990847011839,6.498990847011839,6.234117422650305,6.403022289276123,1837900,0.0,0.0
2020-04-03 00:00:00-04:00,6.310892843049152,6.525862216949463,6.257149950437558,6.525862216949463,1402600,0.0,0.0
2020-04-06 00:00:00-04:00,6.725476938548227,6.809929008742462,6.418377103676254,6.54889440536499,1929000,0.0,0.0
2020-04-07 00:00:00-04:00,6.802251776618837,7.1170292919321065,6.7561872744046445,6.948124408721924,1634100,0.0,0.0
2020-04-08 00:00:00-04:00,7.063286107856067,7.101673679587541,6.771541587751708,6.825284481048584,980900,0.0,0.0
2020-04-09 00:00:00-04:00,6.840638723955453,7.078641070890212,6.541217290416039,6.671733856201172,2030600,0.0,0.0
2020-04-13 00:00:00-04:00,6.717799254193577,6.74083150376842,6.495152222484728,6.641024112701416,831300,0.0,0.0
2020-04-14 00:00:00-04:00,6.725477390917895,7.063286426598591,6.67941215632495,6.855994701385498,836000,0.0,0.0
2020-04-15 00:00:00-04:00,6.702444272566782,6.763864828181271,6.541217785193168,6.579604625701904,810300,0.0,0.0
2020-04-16 00:00:00-04:00,6.717798893071684,6.717798893071684,6.502829533504343,6.594959259033203,964300,0.0,0.0
2020-04-17 00:00:00-04:00,6.7715415014069595,6.809929072648949,6.525862216949463,6.525862216949463,1132500,0.0,0.0
2020-04-20 00:00:00-04:00,6.525862801736286,6.594960289727334,6.327016058146061,6.356957912445068,757800,0.0,0.0
2020-04-21 00:00:00-04:00,6.310893238143461,6.310893238143461,5.83488886252472,6.2264404296875,1591600,0.0,0.0
2020-04-22 00:00:00-04:00,6.38766722701834,6.4183771374489265,5.965405775552258,6.2034077644348145,1146000,0.0,0.0
2020-04-23 00:00:00-04:00,6.203407553818308,6.35695710075797,6.1496653954349245,6.2187628746032715,731500,0.0,0.0
2020-04-24 00:00:00-04:00,6.280182549241326,6.280182549241326,5.980760390444591,6.103600025177002,547300,0.0,0.0
2020-04-27 00:00:00-04:00,6.195730073769678,6.414538276050463,6.149665574437941,6.34928035736084,769500,0.0,0.0
2020-04-28 00:00:00-04:00,6.510506819908658,6.533539801695354,6.287859787911358,6.387667179107666,1226900,0.0,0.0
2020-04-29 00:00:00-04:00,6.441409756819699,6.664056777954102,6.429893266488238,6.664056777954102,783500,0.0,0.0
2020-04-30 00:00:00-04:00,6.625670331391574,6.6717348361565945,6.353119204833816,6.472120761871338,626700,0.0,0.0
2020-05-01 00:00:00-04:00,6.379990100743487,6.379990100743487,5.84256595268836,5.865598201751709,1258700,0.0,0.0
2020-05-04 00:00:00-04:00,5.850243238844083,5.8963081029974616,5.5431437783972255,5.658306121826172,1199600,0.0,0.0
2020-05-05 00:00:00-04:00,5.75811339080104,5.834888162793522,5.443336642586367,5.458691596984863,910500,0.0,0.0
2020-05-06 00:00:00-04:00,5.527788996717195,5.566176567758832,5.358884489534213,5.374239444732666,1306100,0.0,0.0
2020-05-07 00:00:00-04:00,5.404949983603148,5.665984618420288,5.39727268815673,5.5508222579956055,1722500,0.0,0.0
2020-05-08 00:00:00-04:00,5.665984444998864,6.0268261061213,5.652164874309032,5.90398645401001,1244800,0.0,0.0
2020-05-11 00:00:00-04:00,5.957728650658585,6.9558018663495504,5.957728650658585,6.909736633300781,2241100,0.0,0.0
2020-05-12 00:00:00-04:00,6.932769149290219,7.013383127167931,6.756187335567149,6.9250922203063965,1451500,0.0,0.0
2020-05-13 00:00:00-04:00,7.093996170845256,7.1170291536870085,6.234117913668442,6.3108930587768555,1590000,0.0,0.0
2020-05-14 00:00:00-04:00,6.203408345899455,6.387667825754191,6.026826161326479,6.356957912445068,919700,0.0,0.0
2020-05-15 00:00:00-04:00,6.226440764966109,6.4337332345034035,6.195730850832669,6.3262481689453125,753700,0.0,0.0
2020-05-18 00:00:00-04:00,6.426054900063493,7.070963761520536,6.426054900063493,7.024898529052734,1269500,0.0,0.0
2020-05-19 00:00:00-04:00,7.140061186632971,7.401095793423689,7.093995954536128,7.2629008293151855,1667800,0.0,0.0
2020-05-20 00:00:00-04:00,7.293610625655003,7.843318237695599,6.925091703385064,7.05560827255249,1670300,0.0,0.0
2020-05-21 00:00:00-04:00,6.9558019594531535,6.971156549220239,6.56425003593482,6.579604625701904,996500,0.0,0.0
2020-05-22 00:00:00-04:00,6.525862409428999,6.5719276427144795,6.003793548467447,6.03450345993042,3194400,0.0,0.0
2020-05-26 00:00:00-04:00,6.310892725803073,6.617991825669544,6.226439924203286,6.372312545776367,1073500,0.0,0.0
2020-05-27 00:00:00-04:00,6.48747453136535,6.706282731751554,6.249472911787448,6.318569660186768,1013600,0.0,0.0
2020-05-28 00:00:00-04:00,6.37231233822319,6.406861077355629,6.057535221976185,6.080567836761475,1250000,0.0,0.0
2020-05-29 00:00:00-04:00,6.172698099194068,6.264827834145376,5.966173705385718,6.257150173187256,763200,0.0,0.0
2020-06-01 00:00:00-04:00,6.25714979100922,6.594959530713116,6.241795202212863,6.556571960449219,592500,0.0,0.0
2020-06-02 00:00:00-04:00,6.594960601457117,6.594960601457117,6.226440892146415,6.280183792114258,1504800,0.0,0.0
2020-06-03 00:00:00-04:00,6.249473909061837,6.602638296692991,6.249473909061837,6.456765651702881,1611900,0.0,0.0
2020-06-04 00:00:00-04:00,6.909736849550512,6.940446761816787,5.903986307602417,6.211085796356201,3920500,0.0,0.0
2020-06-05 00:00:00-04:00,6.395345069802715,6.9558018663495504,6.395345069802715,6.909736633300781,4057600,0.0,0.0
2020-06-08 00:00:00-04:00,6.932769395654008,7.209159349991345,6.771542166351259,6.817607402801514,2078600,0.0,0.0
2020-06-09 00:00:00-04:00,6.93276891893899,7.040253975143905,6.487474836661839,6.97883415222168,3875500,0.0,0.0
2020-06-10 00:00:00-04:00,7.201481217889182,7.665968721843349,7.024898677249796,7.2475457191467285,5050700,0.0,0.0
2020-06-11 00:00:00-04:00,7.017221163460198,7.086317909585834,6.7561865708234015,6.840638637542725,2416900,0.0,0.0
2020-06-12 00:00:00-04:00,7.2091585102891065,7.224513099196003,6.832961197613021,7.040253639221191,3166000,0.0,0.0
2020-06-15 00:00:00-04:00,6.871348184160044,7.907808839748486,6.802250709496555,7.884776592254639,3086300,0.0,0.0
2020-06-16 00:00:00-04:00,8.268650636423997,8.422200170302869,7.892453363193345,8.26097297668457,3206700,0.0,0.0
2020-06-17 00:00:00-04:00,8.260974489616686,8.829108235108679,8.214909254925574,8.66788101196289,4419100,0.0,0.0
2020-06-18 00:00:00-04:00,8.598782539367676,8.829107222030967,8.52968506135049,8.598782539367676,1877200,0.0,0.0
2020-06-19 00:00:00-04:00,8.898205787694822,9.243692487828344,8.760010814768584,8.806076049804688,4468500,0.0,0.0
2020-06-22 00:00:00-04:00,8.905882020176536,8.921236607937272,8.230263318519246,8.660202026367188,2442200,0.0,0.0
2020-06-23 00:00:00-04:00,8.667879713624034,8.902043218213485,8.56039467023272,8.821429252624512,1125500,0.0,0.0
2020-06-24 00:00:00-04:00,8.644848025000593,8.702429014327581,8.303199454920717,8.399168014526367,1088200,0.0,0.0
2020-06-25 00:00:00-04:00,8.337749590367121,8.621816486479712,8.29168508406893,8.614139556884766,1593800,0.0,0.0
2020-06-26 00:00:00-04:00,8.583428010121077,8.583428010121077,8.04600350281234,8.069036483764648,1085600,0.0,0.0
2020-06-29 00:00:00-04:00,8.022971234452598,8.35310330547641,7.907809258700191,8.161166191101074,1012700,0.0,0.0
2020-06-30 00:00:00-04:00,8.161166562374493,8.23794097230811,8.069036831144942,8.168844223022461,1008900,0.0,0.0
2020-07-01 00:00:00-04:00,8.153489139433077,8.368458518569241,8.030649494212412,8.061359405517578,634100,0.0,0.0
2020-07-02 00:00:00-04:00,8.260974523119186,9.082465232288692,8.214909288241257,8.898205757141113,2176500,0.0,0.0
2020-07-06 00:00:00-04:00,9.351176834945218,9.60837260817476,9.105496820459885,9.596856117248535,2916400,0.0,0.0
2020-07-07 00:00:00-04:00,9.420274943115968,9.581501433721627,9.21298248573944,9.243692398071289,729500,0.0,0.0
2020-07-08 00:00:00-04:00,9.381886458367891,10.049827535843248,9.312788979287339,9.980730056762695,2198900,0.0,0.0
2020-07-09 00:00:00-04:00,10.157312922433775,10.318540146544567,9.78879397142743,10.188023567199707,1557000,0.0,0.0
2020-07-10 00:00:00-04:00,9.788793960229285,9.965375774338968,9.247531293944114,9.381887435913086,1532600,0.0,0.0
2020-07-13 00:00:00-04:00,9.604533724618683,9.893206733288281,9.351176783102488,9.366531372070312,1068600,0.0,0.0
2020-07-14 00:00:00-04:00,9.266724771747276,9.368835615995794,8.67555876850059,8.713946342468262,1230900,0.0,0.0
2020-07-15 00:00:00-04:00,8.863657538150461,8.990336026327883,8.652526968582132,8.752333641052246,857800,0.0,0.0
2020-07-16 00:00:00-04:00,8.429876931194029,8.483619816125536,8.138133188683176,8.237939834594727,1649500,0.0,0.0
2020-07-17 00:00:00-04:00,8.568073345490074,8.637170829273389,8.038327190121406,8.130456924438477,1117000,0.0,0.0
2020-07-20 00:00:00-04:00,8.307038626682047,8.75233270298443,8.227192711518084,8.49897575378418,1358600,0.0,0.0
2020-07-21 00:00:00-04:00,8.890527337609885,8.954250602012952,8.660202647230882,8.721622467041016,1045300,0.0,0.0
2020-07-22 00:00:00-04:00,8.522008558826752,8.559628070946966,7.984584028381338,8.168844223022461,2166500,0.0,0.0
2020-07-23 00:00:00-04:00,8.02297140203158,8.092068881799083,6.594959504837153,6.9020586013793945,11950300,0.0,0.0
2020-07-24 00:00:00-04:00,7.10167454113297,7.109352202847092,6.3561908681896755,6.602638244628906,3544800,0.0,0.0
2020-07-27 00:00:00-04:00,6.64870179678473,6.710121617322722,6.44908701394525,6.54889440536499,1499900,0.0,0.0
2020-07-28 00:00:00-04:00,6.6410238421034755,6.986511232558811,6.6179915934671145,6.6794114112854,1370600,0.0,0.0
2020-07-29 00:00:00-04:00,6.710121595637058,6.802251326146302,6.391506003057667,6.441410064697266,1591800,0.0,0.0
2020-07-30 00:00:00-04:00,6.525861779863777,6.57576510660855,6.257149531349539,6.2878594398498535,1377600,0.0,0.0
2020-07-31 00:00:00-04:00,6.318569669425887,6.617991841655465,6.249472920925532,6.533539772033691,812100,0.0,0.0
2020-08-03 00:00:00-04:00,6.610314119509473,6.748509079586704,6.433732321350348,6.556571960449219,1538600,0.0,0.0
2020-08-04 00:00:00-04:00,6.533539666681012,6.756186694077354,6.502829757115379,6.54121732711792,1394800,0.0,0.0
2020-08-05 00:00:00-04:00,6.602637885252526,6.79457502456589,6.556572649657204,6.702444553375244,1114500,0.0,0.0
2020-08-06 00:00:00-04:00,6.73315519856018,6.779219701973422,6.387667762050461,6.702444553375244,1949200,0.0,0.0
2020-08-07 00:00:00-04:00,6.525862111472982,6.633347162776884,6.3416026511080155,6.533539772033691,1111500,0.0,0.0
2020-08-10 00:00:00-04:00,6.607243454530686,6.644862966478354,6.487474584826998,6.54889440536499,901200,0.0,0.0
2020-08-11 00:00:00-04:00,6.679412012711959,6.882865635168107,6.441410380281493,6.633347511291504,1395600,0.0,0.0
2020-08-12 00:00:00-04:00,6.7101220496467615,6.894381523132324,6.6410245640441605,6.894381523132324,889200,0.0,0.0
2020-08-13 00:00:00-04:00,7.047931480667107,7.055608409226597,6.648701908292522,6.7561869621276855,1170800,0.0,0.0
2020-08-14 00:00:00-04:00,6.7638653100508375,6.7638653100508375,6.456765438828263,6.472120761871338,1263000,0.0,0.0
2020-08-17 00:00:00-04:00,6.52586245434036,6.671734351747866,6.4337327193174,6.633347511291504,1464000,0.0,0.0
2020-08-18 00:00:00-04:00,6.6794126840035535,6.894382087328558,6.25715080690713,6.280183792114258,2230900,0.0,0.0
2020-08-19 00:00:00-04:00,6.287859324849563,6.333924552848524,5.781145843861775,6.042180061340332,3123000,0.0,0.0
2020-08-20 00:00:00-04:00,5.850243138556563,6.748508889376467,5.850243138556563,6.6794114112854,5251900,0.0,0.0
2020-08-21 00:00:00-04:00,6.6103147719385476,7.017222031842252,6.602637842873668,6.687089920043945,3242600,0.0,0.0
2020-08-24 00:00:00-04:00,6.855994193763388,6.879026443263506,6.372312561168843,6.533539772033691,2188300,0.0,0.0
2020-08-25 00:00:00-04:00,6.533540027389375,6.62566976117264,6.1036005375521,6.172698020935059,5447700,0.0,0.0
2020-08-26 00:00:00-04:00,6.1419878115859055,6.403022410727427,6.072890331556444,6.095922946929932,1543000,0.0,0.0
2020-08-27 00:00:00-04:00,6.072890485864176,6.310892841770678,6.072890485864176,6.111278057098389,1554100,0.0,0.0
2020-08-28 00:00:00-04:00,6.118955008310382,6.14198762297658,5.942372849506166,5.965405464172363,1485100,0.0,0.0
2020-08-31 00:00:00-04:00,5.973083434737501,6.149665602715488,5.719726124610904,5.996115684509277,4158800,0.0,0.0
2020-09-01 00:00:00-04:00,5.988438726818789,5.988438726818789,5.781146636756886,5.934696197509766,3298000,0.0,0.0
2020-09-02 00:00:00-04:00,6.065212803901151,6.065212803901151,5.581531194478521,5.642951011657715,2884800,0.0,0.0
2020-09-03 00:00:00-04:00,5.558498360481991,5.573853680261385,5.088636338307143,5.351206302642822,2439900,0.0,0.0
2020-09-04 00:00:00-04:00,5.404949803022748,5.556963981911728,5.067140394572446,5.46636962890625,1613200,0.0,0.0
2020-09-08 00:00:00-04:00,5.259077448646054,5.750436413876788,5.259077448646054,5.58920955657959,1419800,0.0,0.0
2020-09-09 00:00:00-04:00,5.604564313850646,5.630667701894215,5.320497084670337,5.34352970123291,1204100,0.0,0.0
2020-09-10 00:00:00-04:00,5.358884638570046,5.3765426727984,4.95197776535805,5.021075248718262,1682900,0.0,0.0
2020-09-11 00:00:00-04:00,5.09017319235536,5.366562418606554,5.09017319235536,5.228367805480957,1002900,0.0,0.0
2020-09-14 00:00:00-04:00,5.451014409951901,6.161181570146915,5.343529719831498,6.03450345993042,2909900,0.0,0.0
2020-09-15 00:00:00-04:00,5.88095386726957,6.211085983199696,5.712049344724026,5.973083972930908,2550100,0.0,0.0
2020-09-16 00:00:00-04:00,5.888630877518205,5.934695742210051,5.335851769034046,5.3819169998168945,4409600,0.0,0.0
2020-09-17 00:00:00-04:00,5.335851573518666,5.48172382274332,5.266754462058242,5.297464370727539,2142500,0.0,0.0
2020-09-18 00:00:00-04:00,5.35120653736648,5.366561491728425,5.12855951607277,5.251399517059326,1766500,0.0,0.0
2020-09-21 00:00:00-04:00,5.19765714750942,5.279038444644337,5.051784893710098,5.266754627227783,1381600,0.0,0.0
2020-09-22 00:00:00-04:00,5.159269538510438,5.397271885502814,5.09784971970892,5.197657108306885,1245400,0.0,0.0
2020-09-23 00:00:00-04:00,5.22068992812944,5.2744320886427385,5.013397848499975,5.02875280380249,955900,0.0,0.0
2020-09-24 00:00:00-04:00,5.059462664625319,5.059462664625319,4.706298330051385,5.005720138549805,1652300,0.0,0.0
2020-09-25 00:00:00-04:00,4.890558074221728,4.975010515475912,4.875203118183787,4.921267986297607,620500,0.0,0.0
2020-09-28 00:00:00-04:00,4.990365180969238,5.0594626621625505,4.760040487718871,4.798428058624268,1616000,0.0,0.0
2020-09-29 00:00:00-04:00,4.790750371446965,4.8214606476556305,4.637200820858667,4.683265686035156,1391900,0.0,0.0
2020-09-30 00:00:00-04:00,4.698621087007844,5.2990005091406855,4.698621087007844,5.259077548980713,3024300,0.0,0.0
2020-10-01 00:00:00-04:00,5.205335082315153,5.251399949191621,4.963494256645432,5.021075248718262,1597400,0.0,0.0
2020-10-02 00:00:00-04:00,4.852170885726841,5.266755066427597,4.836815929630185,5.036430358886719,1289300,0.0,0.0
2020-10-05 00:00:00-04:00,5.036430330168537,5.174624934250447,4.9135906820957285,5.1285600662231445,1145500,0.0,0.0
2020-10-06 00:00:00-04:00,5.067140021251982,5.312819672776635,5.01339786060888,5.1899800300598145,1029100,0.0,0.0
2020-10-07 00:00:00-04:00,5.220690153881863,5.289787272685566,5.090172845121162,5.174624919891357,799200,0.0,0.0
2020-10-08 00:00:00-04:00,5.251399526560292,5.289786729489114,5.113204570961765,5.205334663391113,588500,0.0,0.0
2020-10-09 00:00:00-04:00,5.182301812070192,5.358883962532519,5.121649690087284,5.351206302642822,761800,0.0,0.0
2020-10-12 00:00:00-04:00,5.4356594437856804,5.6275965731063105,5.374239620977643,5.504756927490234,1609200,0.0,0.0
2020-10-13 00:00:00-04:00,5.520112018707322,5.527789313701288,5.3128199285957995,5.40494966506958,896000,0.0,0.0
2020-10-14 00:00:00-04:00,5.466368868408671,5.48172382274332,5.117043382727179,5.297464370727539,1177000,0.0,0.0
2020-10-15 00:00:00-04:00,5.1899802563505775,5.274432331355119,5.101688984729974,5.1285600662231445,547600,0.0,0.0
2020-10-16 00:00:00-04:00,5.259076823713419,5.497078799935609,5.1976570061194325,5.458691596984863,1499300,0.0,0.0
2020-10-19 00:00:00-04:00,5.427982405271376,5.673661708103684,5.34352996187725,5.512434482574463,614000,0.0,0.0
2020-10-20 00:00:00-04:00,5.550821776728601,5.8348886393469,5.550821776728601,5.758113861083984,805100,0.0,0.0
2020-10-21 00:00:00-04:00,5.788823653783949,5.980760778554215,5.712048877094045,5.811856269836426,751100,0.0,0.0
2020-10-22 00:00:00-04:00,5.834888771786816,6.038342030324266,5.735081374734094,6.026825904846191,771600,0.0,0.0
2020-10-23 00:00:00-04:00,6.057535879948855,6.057535879948855,5.880953701051158,6.003793716430664,365800,0.0,0.0
2020-10-26 00:00:00-04:00,5.927018373262399,5.97078016161322,5.681339082821069,5.758113861083984,573100,0.0,0.0
2020-10-27 00:00:00-04:00,5.681338744880922,5.9346956811237535,5.60456397118476,5.865598201751709,531200,0.0,0.0
2020-10-28 00:00:00-04:00,5.7120488053245895,5.965405748263457,5.635274029599328,5.880953311920166,736800,0.0,0.0
2020-10-29 00:00:00-04:00,5.965405402404016,6.717798893071684,5.880952970957067,6.594959259033203,2673300,0.0,0.0
2020-10-30 00:00:00-04:00,6.533540638482608,6.679412547570916,6.241796088123882,6.3262481689453125,1100600,0.0,0.0
2020-11-02 00:00:00-05:00,6.656379640522859,6.656379640522859,5.6275965199353575,5.689016342163086,2945300,0.0,0.0
2020-11-03 00:00:00-05:00,5.389594272512909,5.546982651098903,4.951977510566412,5.47404670715332,3000100,0.0,0.0
2020-11-04 00:00:00-05:00,5.535466445336563,5.74275851562126,5.282109511220932,5.335851669311523,1654200,0.0,0.0
2020-11-05 00:00:00-05:00,5.512434498318877,5.558499367731503,5.128560220455948,5.46636962890625,2584200,0.0,0.0
2020-11-06 00:00:00-05:00,5.504757061310673,6.095923419345804,5.335852178391475,5.934696197509766,1730900,0.0,0.0
2020-11-09 00:00:00-05:00,6.141988277435303,6.326247750034668,5.773468966145543,6.141988277435303,1427400,0.0,0.0
2020-11-10 00:00:00-05:00,6.08056829587925,6.141988118489583,5.727403949778818,5.758113861083984,1457900,0.0,0.0
2020-11-11 00:00:00-05:00,5.842566413525938,6.0214516686522765,5.727404060852664,5.91166353225708,624800,0.0,0.0
2020-11-12 00:00:00-05:00,5.919341087341309,6.141988127682518,5.819533692404623,5.919341087341309,786100,0.0,0.0
2020-11-13 00:00:00-05:00,5.996115685982845,6.272505245949142,5.9730834362054095,6.2034077644348145,821600,0.0,0.0
2020-11-16 00:00:00-05:00,6.34928038655626,6.34928038655626,5.919340908451676,5.996115684509277,996800,0.0,0.0
2020-11-17 00:00:00-05:00,5.980761036842865,6.17269816990224,5.896308595791251,6.026825904846191,459800,0.0,0.0
2020-11-18 00:00:00-05:00,6.01914843256971,6.172697988057298,5.873276171810994,5.896308422088623,1033800,0.0,0.0
2020-11-19 00:00:00-05:00,5.896308657212217,6.088245792270974,5.885560224508579,6.003793716430664,438900,0.0,0.0
2020-11-20 00:00:00-05:00,6.065213309178446,6.441410269877487,5.988438531308545,6.057535648345947,1203200,0.0,0.0
2020-11-23 00:00:00-05:00,6.1419878547855085,6.441410026291825,6.07289037427005,6.372312545776367,2127100,0.0,0.0
2020-11-24 00:00:00-05:00,6.318570280302807,6.395345428968473,5.500918388269245,5.581532001495361,4967400,0.0,0.0
2020-11-25 00:00:00-05:00,5.681338902291193,5.689016196828022,5.351206817114383,5.420304298400879,2752800,0.0,0.0
2020-11-27 00:00:00-05:00,5.4894018180308946,5.819533539422671,5.451014246805591,5.6966938972473145,1650100,0.0,0.0
2020-11-30 00:00:00-05:00,5.811856822753457,5.834889074906119,5.5201122774853895,5.735081672668457,3955900,0.0,0.0
2020-12-01 00:00:00-05:00,5.719726610129688,5.758114184462521,5.558499383677454,5.581532001495361,1084900,0.0,0.0
2020-12-02 00:00:00-05:00,5.535467131950586,5.6275968710401365,5.412627479831186,5.581532001495361,654800,0.0,0.0
2020-12-03 00:00:00-05:00,5.589209330685639,5.61838349006673,5.427982113813581,5.435659408569336,1168800,0.0,0.0
2020-12-04 00:00:00-05:00,5.527788966892863,5.527788966892863,5.013397787474502,5.051784992218018,4476100,0.0,0.0
2020-12-07 00:00:00-05:00,5.1132054157799125,5.2498646422549955,5.090173163435364,5.159270286560059,1951800,0.0,0.0
2020-12-08 00:00:00-05:00,5.182302750610316,5.243722576487428,5.067140394045213,5.143915176391602,1005700,0.0,0.0
2020-12-09 00:00:00-05:00,5.128560001692332,5.174624869140018,4.875203047684549,4.998043060302734,2119600,0.0,0.0
2020-12-10 00:00:00-05:00,4.951977624242127,4.982687534617969,4.836815643378224,4.959655284881592,1130400,0.0,0.0
2020-12-11 00:00:00-05:00,4.998042881896494,5.474046861289205,4.998042881896494,5.28210973739624,2655600,0.0,0.0
2020-12-14 00:00:00-05:00,5.389594410693956,5.527789007756002,5.090172600680684,5.120882511138916,1514900,0.0,0.0
2020-12-15 00:00:00-05:00,5.1439147111275245,5.182302281874105,5.005720115403644,5.0978498458862305,1617900,0.0,0.0
2020-12-16 00:00:00-05:00,5.059462807639251,5.105527674395645,5.005720280044617,5.067140102386475,1017700,0.0,0.0
2020-12-17 00:00:00-05:00,5.082494914306963,5.1208824852310455,4.9750102282469415,5.005720138549805,1908900,0.0,0.0
2020-12-18 00:00:00-05:00,5.028752909576516,5.113204982471197,4.998042998325538,5.021075248718262,1468400,0.0,0.0
2020-12-21 00:00:00-05:00,4.998043052919659,5.013398008712872,4.821460878252197,4.83681583404541,1643400,0.0,0.0
2020-12-22 00:00:00-05:00,4.951977946598514,5.05946300600187,4.867525870612919,4.944300651550293,1503800,0.0,0.0
2020-12-23 00:00:00-05:00,4.982687787264687,5.213012492853103,4.936622919365209,5.174624919891357,2096400,0.0,0.0
2020-12-24 00:00:00-05:00,5.189980335246344,5.243722499049648,5.044108067896883,5.059463024139404,883100,0.0,0.0
2020-12-28 00:00:00-05:00,5.021075769084773,5.051785683518419,4.737008877528025,4.76771879196167,3069800,0.0,0.0
2020-12-29 00:00:00-05:00,4.836815641502372,4.928945372594167,4.694781848455426,4.752363204956055,2298000,0.0,0.0
2020-12-30 00:00:00-05:00,4.775395698671523,5.189980241948878,4.775395698671523,5.174624919891357,3646100,0.0,0.0
2020-12-31 00:00:00-05:00,5.15927013286088,5.220690324829031,4.982687950418664,5.143915176391602,742000,0.0,0.0
2021-01-04 00:00:00-05:00,5.182302332055381,5.201496117614529,4.978849083746838,5.120882511138916,1517100,0.0,0.0
2021-01-05 00:00:00-05:00,5.090172470176358,5.497078956360978,5.090172470176358,5.47404670715332,1815300,0.0,0.0
2021-01-06 00:00:00-05:00,5.435659276381305,5.474046847499601,5.081727247172816,5.120882511138916,1284700,0.0,0.0
2021-01-07 00:00:00-05:00,5.205334779244337,5.213012073564576,5.021074956375627,5.151592254638672,1016100,0.0,0.0
2021-01-08 00:00:00-05:00,5.1669473665080465,5.412627015774303,5.097849885069503,5.374239444732666,1577000,0.0,0.0
2021-01-11 00:00:00-05:00,5.259077375346018,5.282109992405184,5.113205110214043,5.1285600662231445,1962800,0.0,0.0
2021-01-12 00:00:00-05:00,5.151592433798117,5.18998000500733,4.936622693990348,5.074817657470703,2367600,0.0,0.0
2021-01-13 00:00:00-05:00,5.021075252957348,5.036430208595801,4.775395596651083,4.813783168792725,3795000,0.0,0.0
2021-01-14 00:00:00-05:00,4.836815929630185,5.051785314983375,4.767718444149716,5.036430358886719,2547500,0.0,0.0
2021-01-15 00:00:00-05:00,5.082495098459672,5.251399977336314,4.852170762842917,4.928945541381836,2623400,0.0,0.0
2021-01-19 00:00:00-05:00,5.028753021255192,5.178463750405738,4.964262059759512,5.174624919891357,2289700,0.0,0.0
2021-01-20 00:00:00-05:00,5.236045454807718,5.251400411785821,4.998043438601601,5.113205432891846,2209500,0.0,0.0
2021-01-21 00:00:00-05:00,5.074817657470703,5.18998000500733,4.921267738724865,5.074817657470703,3108600,0.0,0.0
2021-01-22 00:00:00-05:00,5.113204969142868,5.15926983589926,4.959655413288224,5.067140102386475,1793300,0.0,0.0
2021-01-25 00:00:00-05:00,5.374239771362221,6.1880535446143226,5.335852197987507,5.520112037658691,12619700,0.0,0.0
2021-01-26 00:00:00-05:00,5.781146589724466,5.973083722149579,5.427982236774975,5.91166353225708,5115400,0.0,0.0
2021-01-27 00:00:00-05:00,5.793430139814779,6.1189553373273,5.593047662762735,5.742758750915527,3688700,0.0,0.0
2021-01-28 00:00:00-05:00,5.75811337484718,5.827210852494463,5.573853922575745,5.804178237915039,2628600,0.0,0.0
2021-01-29 00:00:00-05:00,5.919340600930958,6.272504918539391,5.712048533299138,5.965405464172363,5032500,0.0,0.0
2021-02-01 00:00:00-05:00,6.126633852219622,6.510507786728559,6.034504107937477,6.280183792114258,3586700,0.0,0.0
2021-02-02 00:00:00-05:00,6.356956917021057,6.449086642522002,6.1343098973482775,6.2878594398498535,1752600,0.0,0.0
2021-02-03 00:00:00-05:00,6.295537816725439,7.516258099902292,6.295537816725439,7.454838275909424,6439500,0.0,0.0
2021-02-04 00:00:00-05:00,7.227584336206985,7.639097742409735,7.018757227653814,7.2936110496521,3997100,0.0,0.0
2021-02-05 00:00:00-05:00,7.41645002343909,7.715872187110465,6.9865112948761805,7.669806957244873,3372500,0.0,0.0
2021-02-08 00:00:00-05:00,8.276328679851083,8.76001032591915,7.593032978918155,7.654452800750732,5348700,0.0,0.0
2021-02-09 00:00:00-05:00,7.715873105685914,8.299362181810569,7.489387223929397,8.138134956359863,3988600,0.0,0.0
2021-02-10 00:00:00-05:00,8.214908921531148,9.01720617412684,8.214908921531148,8.982657432556152,5867800,0.0,0.0
2021-02-11 00:00:00-05:00,9.074786693871959,9.727373187163089,8.713945439635214,9.450984001159668,3435800,0.0,0.0
2021-02-12 00:00:00-05:00,9.443307269791845,10.134280668871854,9.11317516044945,10.026796340942383,2885900,0.0,0.0
2021-02-16 00:00:00-05:00,10.525831823707039,11.109320851637799,9.99608568794228,11.093965530395508,3969900,0.0,0.0
2021-02-17 00:00:00-05:00,10.917382397456441,11.1323517433516,10.011439055768232,10.049826622009277,3855900,0.0,0.0
2021-02-18 00:00:00-05:00,9.450984737700189,10.794544666798089,9.212982370957029,10.510477066040039,3705600,0.0,0.0
2021-02-19 00:00:00-05:00,10.832931378640337,11.83868226432389,10.518154601862278,11.723520278930664,4249300,0.0,0.0
2021-02-22 00:00:00-05:00,10.986481178508244,11.055577927351756,9.65059825377278,9.688985824584961,5313000,0.0,0.0
2021-02-23 00:00:00-05:00,9.113174089528666,9.673630843430532,8.445233020328184,9.52008056640625,4021900,0.0,0.0
2021-02-24 00:00:00-05:00,8.990334782881062,9.481694076551985,8.683235681950492,8.951947212219238,2627700,0.0,0.0
2021-02-25 00:00:00-05:00,9.090142118083822,9.450984108604862,8.683235628796186,8.721622467041016,2062600,0.0,0.0
2021-02-26 00:00:00-05:00,8.675557968274418,9.20530409718232,8.491298508844018,8.721622467041016,2208400,0.0,0.0
2021-03-01 00:00:00-05:00,9.32814314622967,9.73505034193766,9.259046402454349,9.489370346069336,1144100,0.0,0.0
2021-03-02 00:00:00-05:00,9.427951224640175,9.55846852613336,8.995709036901625,9.021044731140137,939600,0.0,0.0
2021-03-03 00:00:00-05:00,9.136208042155905,9.259048433122047,8.545042001212279,8.637171745300293,1599300,0.0,0.0
2021-03-04 00:00:00-05:00,8.529686477705024,8.768456186997868,7.9845849554999795,8.330072402954102,2425400,0.0,0.0
2021-03-05 00:00:00-05:00,8.448304213089886,8.448304213089886,7.10935123664099,8.076714515686035,2862900,0.0,0.0
2021-03-08 00:00:00-05:00,7.692840218989287,8.33007140692768,7.692840218989287,7.8463897705078125,1261800,0.0,0.0
2021-03-09 00:00:00-05:00,8.138134627485337,8.54504113920499,8.138134627485337,8.3607816696167,1563600,0.0,0.0
2021-03-10 00:00:00-05:00,8.675557758994652,8.798397395651667,8.099746413028397,8.230263710021973,1527800,0.0,0.0
2021-03-11 00:00:00-05:00,8.529685208705983,10.172667192426857,8.498975299299143,10.14195728302002,4431300,0.0,0.0
2021-03-12 00:00:00-05:00,9.543113467939863,10.47976604978274,9.059431856570846,10.249442100524902,3054400,0.0,0.0
2021-03-15 00:00:00-04:00,10.594929583863319,10.594929583863319,9.642921607238502,9.8118257522583,2064600,0.0,0.0
2021-03-16 00:00:00-04:00,9.888600423763162,10.594929077759245,9.819502944018458,10.280152320861816,2345500,0.0,0.0
2021-03-17 00:00:00-04:00,10.19569943941784,10.433701786410218,9.850212775613805,10.39531421661377,1158900,0.0,0.0
2021-03-18 00:00:00-04:00,10.088216910846095,11.239839815784512,10.026797081157282,10.41834831237793,3191500,0.0,0.0
2021-03-19 00:00:00-04:00,9.604533658130194,9.673631138462097,8.460588598938951,8.721622467041016,6836000,0.0,0.0
2021-03-22 00:00:00-04:00,8.890529098578309,9.212983582541845,8.522010106724068,9.036401748657227,3539500,0.0,0.0
2021-03-23 00:00:00-04:00,8.898204998131654,9.20530409718232,8.660202647230882,8.721622467041016,2803800,0.0,0.0
2021-03-24 00:00:00-04:00,8.66020336983676,8.829108254499024,7.7849704984220764,7.930842399597168,3087100,0.0,0.0
2021-03-25 00:00:00-04:00,7.662129704207887,8.084391527058159,7.585355293260037,7.746582508087158,1939500,0.0,0.0
2021-03-26 00:00:00-04:00,7.792646241599383,8.145810547325793,7.493224823649614,7.87709903717041,2434600,0.0,0.0
2021-03-29 00:00:00-04:00,7.715872599639209,7.777292421289147,7.293610776659366,7.331998348236084,1472000,0.0,0.0
2021-03-30 00:00:00-04:00,7.516258450100928,7.761937757519127,7.378831532600215,7.662130355834961,1251300,0.0,0.0
2021-03-31 00:00:00-04:00,7.692839933669767,7.769614340490538,7.470192176998161,7.723549842834473,1383200,0.0,0.0
2021-04-01 00:00:00-04:00,7.9461978270562765,8.099747391425339,7.523935975904799,7.600710391998291,1269600,0.0,0.0
2021-04-05 00:00:00-04:00,7.64677485737622,7.64677485737622,7.37038566934407,7.477869987487793,1149500,0.0,0.0
2021-04-06 00:00:00-04:00,7.431806237283362,7.738905366021485,7.308966585788112,7.600710391998291,838700,0.0,0.0
2021-04-07 00:00:00-04:00,7.500902997518907,7.6083873160718625,7.117028757699484,7.132383346557617,1584600,0.0,0.0
2021-04-08 00:00:00-04:00,7.216835609069352,7.497064368103105,7.216835609069352,7.42412805557251,804700,0.0,0.0
2021-04-09 00:00:00-04:00,7.393417883793539,7.393417883793539,7.101673376154539,7.1554155349731445,692200,0.0,0.0
2021-04-12 00:00:00-04:00,7.140061161548871,7.178448732797709,6.879026555675206,6.940446376800537,919100,0.0,0.0
2021-04-13 00:00:00-04:00,7.009543645776342,7.209158424463633,6.894380935526597,6.955801486968994,957200,0.0,0.0
2021-04-14 00:00:00-04:00,7.040253578384398,7.163093217306114,6.963478437967324,7.063285827636719,840200,0.0,0.0
2021-04-15 00:00:00-04:00,7.132383873021991,7.132383873021991,6.594960044042203,6.625669956207275,979500,0.0,0.0
2021-04-16 00:00:00-04:00,6.702444341436785,6.809929399639025,6.602637676470061,6.717799663543701,653400,0.0,0.0
2021-04-19 00:00:00-04:00,6.717800681629595,6.965783460218149,6.633348593788975,6.802252769470215,1051100,0.0,0.0
2021-04-20 00:00:00-04:00,6.840639900309753,6.865208271358523,6.441411009542927,6.602638244628906,845100,0.0,0.0
2021-04-21 00:00:00-04:00,6.587282198505514,6.917414294172582,6.533540036766984,6.909736633300781,860600,0.0,0.0
2021-04-22 00:00:00-04:00,6.9097361365084415,7.201480639022859,6.826051396259419,7.001865863800049,644500,0.0,0.0
2021-04-23 00:00:00-04:00,7.024899340096129,7.232191811860661,6.994189425632729,7.124706745147705,405400,0.0,0.0
2021-04-26 00:00:00-04:00,7.101673393256371,7.3934179015979336,7.032575913362054,7.316642761230469,468500,0.0,0.0
2021-04-27 00:00:00-04:00,7.393418367268911,7.423360219945254,7.201481236443182,7.209158897399902,567600,0.0,0.0
2021-04-28 00:00:00-04:00,7.247544969138045,7.573838203371229,7.209158132789881,7.339675426483154,667600,0.0,0.0
2021-04-29 00:00:00-04:00,7.370385657123013,7.370385657123013,6.986511419401648,7.063285827636719,510000,0.0,0.0
2021-04-30 00:00:00-04:00,6.986511813132469,7.024898653322327,6.786897022544217,6.97883415222168,767500,0.0,0.0
2021-05-03 00:00:00-04:00,7.163093501485087,7.163093501485087,6.802251498700481,6.825284481048584,582000,0.0,0.0
2021-05-04 00:00:00-04:00,6.832961348366526,6.8475486108500165,6.3339251168791595,6.433732509613037,1053000,0.0,0.0
2021-05-05 00:00:00-04:00,6.633347548779423,6.740831874155959,6.472120328532568,6.4874749183654785,509300,0.0,0.0
2021-05-06 00:00:00-04:00,6.449087061509233,6.468281213182678,6.195730116875929,6.364634990692139,778700,0.0,0.0
2021-05-07 00:00:00-04:00,6.318569660186768,6.495152191914833,6.2533117420621895,6.318569660186768,507900,0.0,0.0
2021-05-10 00:00:00-04:00,6.3185700688672615,6.3646353029616165,5.896308595791251,6.026825904846191,1108700,0.0,0.0
2021-05-11 00:00:00-04:00,5.796500995591853,6.163484517806534,5.7811460410986575,6.080567836761475,1187100,0.0,0.0
2021-05-12 00:00:00-04:00,6.1343105029953,6.410700438968384,5.9423733728726775,5.988438606262207,664400,0.0,0.0
2021-05-13 00:00:00-04:00,6.003793663314223,6.2264403426342785,5.735081383736476,5.819533824920654,887300,0.0,0.0
2021-05-14 00:00:00-04:00,5.857921181625482,6.257150023532646,5.857921181625482,6.2494730949401855,843900,0.0,0.0
2021-05-17 00:00:00-04:00,6.241796088123882,6.4030233203699645,6.241796088123882,6.3262481689453125,409700,0.0,0.0
2021-05-18 00:00:00-04:00,6.346209082171745,6.679411950201708,6.29553769177423,6.656379699707031,737300,0.0,0.0
2021-05-19 00:00:00-04:00,6.510508194863299,6.836801517264598,6.372313935867935,6.802252769470215,730100,0.0,0.0
2021-05-20 00:00:00-04:00,6.848316872362588,7.017221752153087,6.786897049199143,6.886704444885254,470500,0.0,0.0
2021-05-21 00:00:00-04:00,6.932768803278274,7.0018662859585215,6.756186998368337,6.825284481048584,593200,0.0,0.0
2021-05-24 00:00:00-04:00,6.779219659432921,7.086318787534383,6.763865069118887,6.8483171463012695,541800,0.0,0.0
2021-05-25 00:00:00-04:00,6.978833996581821,7.33199833659947,6.978065937635054,7.17077112197876,604800,0.0,0.0
2021-05-26 00:00:00-04:00,7.1400606066729235,7.293610147553445,6.902058269171641,7.017220973968506,1741000,0.0,0.0
2021-05-27 00:00:00-04:00,7.070964230590513,7.447160847335716,7.070964230590513,7.401096343994141,1027000,0.0,0.0
2021-05-28 00:00:00-04:00,7.385739872081758,7.393417532171275,6.925091249440193,7.017220973968506,967400,0.0,0.0
2021-06-01 00:00:00-04:00,7.562323126469114,9.212982132300061,7.447160410506142,8.982657432556152,9810400,0.0,0.0
2021-06-02 00:00:00-04:00,9.09014343098011,9.132369837766621,8.414524583306495,8.752333641052246,3153600,0.0,0.0
2021-06-03 00:00:00-04:00,8.56039503031522,8.873636395925091,8.368457915445534,8.575750350952148,1627700,0.0,0.0
2021-06-04 00:00:00-04:00,8.583428575633967,9.931594625246035,8.583428575633967,9.8118257522583,4558400,0.0,0.0
2021-06-07 00:00:00-04:00,9.811825459217676,9.85021303000552,9.128529774358492,9.274401664733887,2409900,0.0,0.0
2021-06-08 00:00:00-04:00,9.289757878470716,9.346570815087793,8.736978709688618,9.136207580566406,2176500,0.0,0.0
2021-06-09 00:00:00-04:00,9.17459432436333,10.095892367463302,9.166916663726843,9.50472640991211,3524100,0.0,0.0
2021-06-10 00:00:00-04:00,9.533132567281227,9.70434087946315,8.836785024517313,8.967302322387695,1913700,0.0,0.0
2021-06-11 00:00:00-04:00,9.212982550804032,9.54311465983944,8.852140529219895,9.381887435913086,1612700,0.0,0.0
2021-06-14 00:00:00-04:00,9.535437005415648,9.988408764967053,9.305112295045875,9.865569114685059,2128400,0.0,0.0
2021-06-15 00:00:00-04:00,10.072860993748721,10.141958481122316,9.366532261768535,9.873246192932129,2838000,0.0,0.0
2021-06-16 00:00:00-04:00,9.6006949013706,9.98073031392354,9.259047059538386,9.781115531921387,2410200,0.0,0.0
2021-06-17 00:00:00-04:00,9.6966640732803,10.141958164471587,9.60453433705266,9.842535972595215,2814300,0.0,0.0
2021-06-18 00:00:00-04:00,9.735051340571674,10.172667756949753,9.68898610781407,9.8118257522583,3219700,0.0,0.0
2021-06-21 00:00:00-04:00,9.742728302964926,9.745799806614096,8.93659295046144,9.3051118850708,3446700,0.0,0.0
2021-06-22 00:00:00-04:00,9.374210350101173,9.750406984958857,9.143885625757775,9.53543758392334,2929600,0.0,0.0
2021-06-23 00:00:00-04:00,9.458661791255466,9.712018751222518,9.420274949949357,9.566146850585938,1826500,0.0,0.0
2021-06-24 00:00:00-04:00,9.712018209984667,10.433702208361227,9.712018209984667,10.218732833862305,4952800,0.0,0.0
2021-06-25 00:00:00-04:00,10.36460499577716,10.4567347301,9.89627866325721,10.019118309020996,2074400,0.0,0.0
2021-06-28 00:00:00-04:00,9.950021040375114,10.376121711490793,9.94234337930336,10.164990425109863,1450300,0.0,0.0
2021-06-29 00:00:00-04:00,10.118926005142264,10.14963591749639,9.06711059178588,9.566146850585938,3385700,0.0,0.0
2021-06-30 00:00:00-04:00,9.489369775751046,9.642920038508496,9.159238468059124,9.40491771697998,1436500,0.0,0.0
2021-07-01 00:00:00-04:00,9.366532425890595,9.635244718789208,9.067110951601272,9.090143203735352,1058300,0.0,0.0
2021-07-02 00:00:00-04:00,9.036400046305616,9.074786884922188,8.49897551948942,8.606460571289062,1726800,0.0,0.0
2021-07-06 00:00:00-04:00,8.307038626682047,8.690912880886312,8.307038626682047,8.49897575378418,1626800,0.0,0.0
2021-07-07 00:00:00-04:00,8.568072889902945,8.66788027981826,8.092068921817448,8.145811080932617,1291100,0.0,0.0
2021-07-08 00:00:00-04:00,7.055608739455286,7.4087730960921965,6.8943815172475205,7.109351634979248,2911500,0.0,0.0
2021-07-09 00:00:00-04:00,7.3012890195535505,7.447160924557226,6.8713495015422525,7.1630940437316895,1570000,0.0,0.0
2021-07-12 00:00:00-04:00,7.2168351811274265,7.4164499550681295,6.948123661298309,6.98651123046875,1487000,0.0,0.0
2021-07-13 00:00:00-04:00,7.093995611128728,7.700516866648093,7.093995611128728,7.416450023651123,2444500,0.0,0.0
2021-07-14 00:00:00-04:00,7.447160961844037,8.115102128023835,7.447160961844037,7.662130355834961,2676600,0.0,0.0
2021-07-15 00:00:00-04:00,7.754259979226534,8.245618540260383,7.692840159097303,7.86942195892334,1691000,0.0,0.0
2021-07-16 00:00:00-04:00,7.869421863458401,7.984583841758162,7.47786996574801,7.569999694824219,1011200,0.0,0.0
2021-07-19 00:00:00-04:00,7.370385938508877,7.470192599806678,7.147738901417568,7.439482688903809,579200,0.0,0.0
2021-07-20 00:00:00-04:00,7.477870498470695,7.769615027420207,7.247545793280864,7.54696798324585,1458800,0.0,0.0
2021-07-21 00:00:00-04:00,7.523935977090466,7.992262331535425,7.523935977090466,7.9231648445129395,1263700,0.0,0.0
2021-07-22 00:00:00-04:00,7.999938896781031,7.999938896781031,7.431805220271232,7.516257286071777,1019800,0.0,0.0
2021-07-23 00:00:00-04:00,7.132383407450814,7.140061068036433,6.525862132645189,6.641024112701416,2113000,0.0,0.0
2021-07-26 00:00:00-04:00,6.2571498552461575,6.771541398390007,6.2202984024473755,6.479796886444092,1661800,0.0,0.0
2021-07-27 00:00:00-04:00,6.22643972140134,6.318569448360515,5.950050540523812,6.080567836761475,3363200,0.0,0.0
2021-07-28 00:00:00-04:00,6.433732699918308,6.978834179630422,6.349280626114083,6.886704444885254,1734400,0.0,0.0
2021-07-29 00:00:00-04:00,6.9558023202460895,7.009544485491532,6.318570337763143,6.356957912445068,2255100,0.0,0.0
2021-07-30 00:00:00-04:00,6.195730312065513,6.253312036717875,5.873276241704303,6.03450345993042,2082000,0.0,0.0
2021-08-02 00:00:00-04:00,6.172697998196307,6.257150070807689,5.996115826050026,6.057535648345947,1362800,0.0,0.0
2021-08-03 00:00:00-04:00,5.988438205756566,6.049858024713495,5.7849845978479895,5.865598201751709,1815100,0.0,0.0
2021-08-04 00:00:00-04:00,5.950051447726445,6.042181188732615,5.82721179305155,5.850244045257568,1729600,0.0,0.0
2021-08-05 00:00:00-04:00,5.857921135850368,5.992276903534947,5.788823653783949,5.811856269836426,1200000,0.0,0.0
2021-08-06 00:00:00-04:00,5.919340868144351,5.950050778358275,5.696693836047903,5.719726085662842,988000,0.0,0.0
2021-08-09 00:00:00-04:00,5.938535028051345,6.0728908021873576,5.689016534214128,5.934696197509766,1660700,0.0,0.0
2021-08-10 00:00:00-04:00,6.088245627686303,6.103600583432268,5.727403984610594,5.827211380004883,2189900,0.0,0.0
2021-08-11 00:00:00-04:00,5.976921870548221,5.976921870548221,5.550821590886645,5.673661231994629,1680000,0.0,0.0
2021-08-12 00:00:00-04:00,5.61991889898487,5.6421834551181815,5.451014031571963,5.497078895568848,1032800,0.0,0.0
2021-08-13 00:00:00-04:00,5.52778932872915,5.5661769020764345,5.33585219417479,5.358884811401367,1138900,0.0,0.0
2021-08-16 00:00:00-04:00,5.4034140063622145,5.404949392065249,5.220689928424644,5.236044883728027,1602600,0.0,0.0
2021-08-17 00:00:00-04:00,5.174624772635508,5.546982901840431,5.028752878150463,5.527789115905762,1553200,0.0,0.0
2021-08-18 00:00:00-04:00,5.619919466055275,5.712049203345271,5.320497270726237,5.427982330322266,1163000,0.0,0.0
2021-08-19 00:00:00-04:00,5.259077360752581,5.435659537412759,5.159269963924865,5.174624919891357,1148100,0.0,0.0
2021-08-20 00:00:00-04:00,5.259077109471235,5.6199191065791405,5.105527557142984,5.328174591064453,1748700,0.0,0.0
2021-08-23 00:00:00-04:00,5.520111752503735,5.635274100587852,5.31281967238873,5.604564189910889,2129500,0.0,0.0
2021-08-24 00:00:00-04:00,5.950051338478909,6.249473540387914,5.846405107181706,6.180376052856445,4240300,0.0,0.0
2021-08-25 00:00:00-04:00,6.188052559980167,6.188052559980167,5.335851348954401,5.351206302642822,6267500,0.0,0.0
2021-08-26 00:00:00-04:00,5.343529913722551,5.397272443778323,5.0057205092813515,5.013398170471191,4010400,0.0,0.0
2021-08-27 00:00:00-04:00,5.090172873626687,5.136237741784133,4.859848166748427,5.082495212554932,2428900,0.0,0.0
2021-08-30 00:00:00-04:00,5.113204850478853,5.166947376826265,4.913590432500341,5.120882511138916,2022800,0.0,0.0
2021-08-31 00:00:00-04:00,5.159269867005386,5.374239612588995,5.128559955649302,5.34352970123291,1669500,0.0,0.0
2021-09-01 00:00:00-04:00,5.34352957113085,5.520111740174494,5.335851910433251,5.4433369636535645,1848200,0.0,0.0
2021-09-02 00:00:00-04:00,5.435659625384249,5.562338105680752,5.312819975664254,5.427982330322266,1215600,0.0,0.0
2021-09-03 00:00:00-04:00,5.40494946144516,5.558499016450015,5.274432156645523,5.3665618896484375,1370100,0.0,0.0
2021-09-07 00:00:00-04:00,5.43796274760165,5.797268994592409,5.374239481739222,5.4433369636535645,2131300,0.0,0.0
2021-09-08 00:00:00-04:00,5.41876830599585,5.451013598403979,5.182301730063333,5.220689296722412,1162100,0.0,0.0
2021-09-09 00:00:00-04:00,5.182302782186825,5.3358523478152025,5.107063385201607,5.2130126953125,1185300,0.0,0.0
2021-09-10 00:00:00-04:00,5.2897870186591955,5.3857555803639245,5.074817645451567,5.120882511138916,1299600,0.0,0.0
2021-09-13 00:00:00-04:00,5.171554033502669,5.171554033502669,4.905912898481582,5.021075248718262,1916100,0.0,0.0
2021-09-14 00:00:00-04:00,4.990365290899716,5.017236371470819,4.744685637093425,4.790750503540039,1871700,0.0,0.0
2021-09-15 00:00:00-04:00,4.760040323317192,4.836815462476336,4.683265550249042,4.829137802124023,1311200,0.0,0.0
2021-09-16 00:00:00-04:00,4.6909439775242925,4.80610633899992,4.671750189596512,4.6986212730407715,1439800,0.0,0.0
2021-09-17 00:00:00-04:00,4.786911895602118,4.798428020345465,4.667910719617508,4.729330539703369,1096900,0.0,0.0
2021-09-20 00:00:00-04:00,4.606490931158577,4.644878502021301,4.276359212884975,4.383843898773193,2903000,0.0,0.0
2021-09-21 00:00:00-04:00,4.399199129546235,4.491328866080254,4.326263179646228,4.345456600189209,923100,0.0,0.0
2021-09-22 00:00:00-04:00,4.422231435274087,4.721653240967331,4.422231435274087,4.522038459777832,1459300,0.0,0.0
2021-09-23 00:00:00-04:00,4.591136272118142,4.721653582159373,4.522038786545482,4.667911052703857,1212100,0.0,0.0
2021-09-24 00:00:00-04:00,4.57578088930553,4.621845753361371,4.414553682064587,4.483651161193848,854500,0.0,0.0
2021-09-27 00:00:00-04:00,4.460619094277645,4.621846321331503,4.391521606657122,4.568103790283203,916900,0.0,0.0
2021-09-28 00:00:00-04:00,4.529716143547798,4.660233444826771,4.38000505688821,4.429908752441406,771600,0.0,0.0
2021-09-29 00:00:00-04:00,4.429909026997833,4.533555254822324,4.376166497819463,4.391521453857422,563800,0.0,0.0
2021-09-30 00:00:00-04:00,4.414553774724796,4.568103324800561,4.414553774724796,4.522038459777832,847200,0.0,0.0
2021-10-01 00:00:00-04:00,4.552748284889314,4.583458194331762,4.345456213107295,4.437586307525635,567900,0.0,0.0
2021-10-04 00:00:00-04:00,4.368489051429033,4.376166346136394,4.130487058044592,4.168874263763428,1414300,0.0,0.0
2021-10-05 00:00:00-04:00,4.214938676250264,4.3684885808583624,4.199583722398551,4.330101013183594,506200,0.0,0.0
2021-10-06 00:00:00-04:00,4.207261667755317,4.261004192927241,4.108221970734613,4.199584007263184,891700,0.0,0.0
2021-10-07 00:00:00-04:00,4.360811320059592,4.499006283465836,4.276359249190232,4.452941417694092,1313600,0.0,0.0
2021-10-08 00:00:00-04:00,4.491328785701026,4.752363400633493,4.460618874072621,4.629523754119873,1813800,0.0,0.0
2021-10-11 00:00:00-04:00,4.7792342955759475,4.813783036334563,4.475973655492891,4.499006271362305,2019400,0.0,0.0
2021-10-12 00:00:00-04:00,4.5143614832592736,4.5143614832592736,4.2379719075661875,4.345456600189209,2022300,0.0,0.0
2021-10-13 00:00:00-04:00,4.368488968981317,4.514361226578244,4.284036532248146,4.499006271362305,1155300,0.0,0.0
2021-10-14 00:00:00-04:00,4.399198488561787,4.406875782442155,4.222616336221608,4.330101013183594,1484500,0.0,0.0
2021-10-15 00:00:00-04:00,4.330101334844648,4.48748971503902,4.291714130409267,4.314746379852295,872100,0.0,0.0
2021-10-18 00:00:00-04:00,4.272520727491095,4.3377793835713,4.230294689006095,4.276359558105469,696200,0.0,0.0
2021-10-19 00:00:00-04:00,4.322424055644334,4.514361176771443,4.301694884636071,4.475973606109619,1713600,0.0,0.0
2021-10-20 00:00:00-04:00,4.506683671854935,4.552748538585513,4.4068762775598405,4.491328716278076,2087600,0.0,0.0
2021-10-21 00:00:00-04:00,4.43758627699019,4.721653120423638,4.376166092436935,4.575780868530273,2072400,0.0,0.0
2021-10-22 00:00:00-04:00,4.591136316765074,4.706298671809069,4.495167748576917,4.529716491699219,2245700,0.0,0.0
2021-10-25 00:00:00-04:00,4.537393452677898,4.721653280398604,4.38768273162652,4.5911359786987305,1748800,0.0,0.0
2021-10-26 00:00:00-04:00,4.598813076482894,4.6679105546835284,4.310907405434903,4.506683349609375,3578200,0.0,0.0
2021-10-27 00:00:00-04:00,4.506683841240263,4.545071414670732,4.399199148162396,4.46061897277832,1027600,0.0,0.0
2021-10-28 00:00:00-04:00,4.360811484754672,4.445263924904563,4.268681749731712,4.422231674194336,1062900,0.0,0.0
2021-10-29 00:00:00-04:00,4.406875824830675,4.433747268897873,4.0920990847973355,4.099776744842529,2331100,0.0,0.0
2021-11-01 00:00:00-04:00,4.115132627108297,4.3531346508316355,4.076745050405054,4.307069778442383,1851600,0.0,0.0
2021-11-02 00:00:00-04:00,4.253327543275191,4.2978570328757755,4.122810212618375,4.2226176261901855,862200,0.0,0.0
2021-11-03 00:00:00-04:00,4.230294003980937,4.297855727834657,4.199583730129998,4.284036159515381,528900,0.0,0.0
2021-11-04 00:00:00-04:00,4.269449386825566,4.3684890886403664,4.20726187141126,4.237971782684326,922000,0.0,0.0
2021-11-05 00:00:00-04:00,4.214938805741621,4.299391237566074,4.092099171154044,4.184228897094727,1261700,0.0,0.0
2021-11-08 00:00:00-05:00,4.184229587288432,4.376166731037278,4.145842378193292,4.337779521942139,1336900,0.0,0.0
2021-11-09 00:00:00-05:00,4.337779070219225,4.460618712277211,4.245649338675737,4.452941417694092,1537000,0.0,0.0
2021-11-10 00:00:00-05:00,4.499006045762176,4.706298113828316,4.460618476601746,4.552748203277588,2028800,0.0,0.0
2021-11-11 00:00:00-05:00,4.606490777761404,4.744685369301488,4.414553662021345,4.575780868530273,3337600,0.0,0.0
2021-11-12 00:00:00-05:00,4.583458493843759,4.752363372905525,4.4913287594960805,4.721653461456299,2137600,0.0,0.0
2021-11-15 00:00:00-05:00,4.744685521053611,4.975010213744693,4.73700822654578,4.8444929122924805,1539300,0.0,0.0
2021-11-16 00:00:00-05:00,4.836815579401873,4.836815579401873,4.552748363046166,4.775395393371582,1777900,0.0,0.0
2021-11-17 00:00:00-05:00,4.7370085843419965,4.742382800730708,4.468296666633364,4.529716491699219,1382800,0.0,0.0
2021-11-18 00:00:00-05:00,4.449102493687687,4.45294132394393,4.122809243727027,4.153519153594971,1953600,0.0,0.0
2021-11-19 00:00:00-05:00,4.15351953821705,4.1919071121522276,3.9231951928790925,3.9539051055908203,2510900,0.0,0.0
2021-11-22 00:00:00-05:00,3.9922924552830623,4.015325073680737,3.723580526462461,3.854097843170166,2673000,0.0,0.0
2021-11-23 00:00:00-05:00,3.8387426729498006,3.8702202779348704,3.4779010227725724,3.600740671157837,3156000,0.0,0.0
2021-11-24 00:00:00-05:00,3.5777079096100928,3.654483052842544,3.416480694567568,3.639127731323242,2347800,0.0,0.0
2021-11-26 00:00:00-05:00,3.470223308030685,3.5700307038455534,3.2936411331624655,3.416480779647827,2595400,0.0,0.0
2021-11-29 00:00:00-05:00,3.424158556070651,3.454868468727614,3.2629313315760795,3.3089962005615234,1963000,0.0,0.0
2021-11-30 00:00:00-05:00,3.224543571472168,3.3128348398298493,3.0863489724974227,3.224543571472168,2611500,0.0,0.0
2021-12-01 00:00:00-05:00,3.362738553992138,3.4395133315988273,3.07867169380188,3.07867169380188,2475600,0.0,0.0
2021-12-02 00:00:00-05:00,3.1554463407077393,3.1861562504783887,2.9327991287795294,3.047961473464966,2991000,0.0,0.0
2021-12-03 00:00:00-05:00,3.021090361851141,3.0326066701133336,2.763894580102108,2.879056930541992,3384700,0.0,0.0
2021-12-06 00:00:00-05:00,2.863701910300686,3.10938156129191,2.763894517764469,3.032606601715088,1783000,0.0,0.0
2021-12-07 00:00:00-05:00,3.15544629277881,3.347383408975485,3.147768632407265,3.255253314971924,1580100,0.0,0.0
2021-12-08 00:00:00-05:00,3.209188817388574,3.508611016424055,3.1477689917682814,3.4241585731506348,1419300,0.0,0.0
2021-12-09 00:00:00-05:00,3.4241580305872064,3.583849844769368,3.332028306754873,3.3473832607269287,1835000,0.0,0.0
2021-12-10 00:00:00-05:00,3.3243511568900046,3.424158556070651,3.2629313315760795,3.3089962005615234,837500,0.0,0.0
2021-12-13 00:00:00-05:00,3.2629312047144996,3.2629312047144996,3.0018967742337237,3.01725172996521,2218400,0.0,0.0
2021-12-14 00:00:00-05:00,2.994219432744332,3.070994214898589,2.9020895111137044,2.9174444675445557,2109300,0.0,0.0
2021-12-15 00:00:00-05:00,2.863701847640033,3.001896625418069,2.802282027758907,2.9788641929626465,1736600,0.0,0.0
2021-12-16 00:00:00-05:00,3.032606594932197,3.070993983111996,2.817637038079818,2.8483469486236572,1411900,0.0,0.0
2021-12-17 00:00:00-05:00,2.786927444241798,2.9251220573934793,2.740862390145711,2.8329923152923584,2790900,0.0,0.0
2021-12-20 00:00:00-05:00,2.7408620907561305,2.7830883094627907,2.5719573989749973,2.5949900150299072,2389700,0.0,0.0
2021-12-21 00:00:00-05:00,2.6026675372657047,2.756217093290989,2.571957443015138,2.717829704284668,2303500,0.0,0.0
2021-12-22 00:00:00-05:00,2.687119820902052,2.8637019952049707,2.6256999978559974,2.809959650039673,1504100,0.0,0.0
2021-12-23 00:00:00-05:00,2.817637044137086,2.871379387704338,2.737023437263455,2.825314521789551,1514500,0.0,0.0
2021-12-27 00:00:00-05:00,2.832991973563264,2.8790568390572595,2.702474671618107,2.7101521492004395,1628700,0.0,0.0
2021-12-28 00:00:00-05:00,2.713991156001243,2.7331847596824543,2.6257000665402264,2.656409978866577,1791800,0.0,0.0
2021-12-29 00:00:00-05:00,2.6103449703695096,2.6640873140581185,2.5873123543145997,2.5949900150299072,1344700,0.0,0.0
2021-12-30 00:00:00-05:00,2.587312267449084,2.951992902134749,2.587312267449084,2.863701820373535,2955500,0.0,0.0
2021-12-31 00:00:00-05:00,2.8253142594624525,3.0095738890588186,2.8176367825228326,2.9635088443756104,1639400,0.0,0.0
2022-01-03 00:00:00-05:00,3.0172517876823233,3.032606743707535,2.882895830938964,2.909766912460327,1350700,0.0,0.0
2022-01-04 00:00:00-05:00,2.8867346613955625,2.8944121398947984,2.6947975158691406,2.6947975158691406,1359600,0.0,0.0
2022-01-05 00:00:00-05:00,2.6871197345015103,2.8253145149571868,2.6026674805286283,2.64105486869812,1562700,0.0,0.0
2022-01-06 00:00:00-05:00,2.6832810459133283,2.771572134890126,2.648732486258418,2.70247483253479,1588600,0.0,0.0
2022-01-07 00:00:00-05:00,2.737023394792191,2.8368306027254904,2.641054834102806,2.779249429702759,1827900,0.0,0.0
2022-01-10 00:00:00-05:00,2.8099593939185077,2.817636871099481,2.625699758529663,2.625699758529663,2120000,0.0,0.0
2022-01-11 00:00:00-05:00,2.6564099821648584,2.848347117488383,2.6564099821648584,2.8176372051239014,3060300,0.0,0.0
2022-01-12 00:00:00-05:00,2.8560244970631175,2.9635091866311996,2.848347019236826,2.879056930541992,2308800,0.0,0.0
2022-01-13 00:00:00-05:00,2.87137934314823,2.87137934314823,2.763894474636097,2.779249429702759,1130800,0.0,0.0
2022-01-14 00:00:00-05:00,2.779249620485283,2.8022822377118595,2.6180225812178537,2.6794424057006836,1628200,0.0,0.0
2022-01-18 00:00:00-05:00,2.6256996018066436,2.679441938865676,2.602667171638487,2.610344648361206,1657800,0.0,0.0
2022-01-19 00:00:00-05:00,2.6487324742071428,2.667926077695762,2.5566025551070215,2.5642800331115723,1233200,0.0,0.0
2022-01-20 00:00:00-05:00,2.6794421203435195,2.8944116661849586,2.664087165858095,2.7869269847869873,1884000,0.0,0.0
2022-01-21 00:00:00-05:00,2.7485392293701465,2.7562167060928653,2.5911508650316666,2.610344648361206,1420800,0.0,0.0
2022-01-24 00:00:00-05:00,2.5028603670225635,2.564280194934974,2.3800205281522167,2.556602716445923,1977100,0.0,0.0
2022-01-25 00:00:00-05:00,2.4951828058494114,2.641055075353071,2.4875053276147727,2.571957588195801,887500,0.0,0.0
2022-01-26 00:00:00-05:00,2.648732383317412,2.652571030665209,2.387697774028917,2.3953752517700195,1595500,0.0,0.0
2022-01-27 00:00:00-05:00,2.410730424072294,2.442975721209379,2.257180684053494,2.2802131175994873,2234000,0.0,0.0
2022-01-28 00:00:00-05:00,2.2840517792638235,2.4529564760346787,2.2264707865620306,2.418407917022705,2197300,0.0,0.0
2022-01-31 00:00:00-05:00,2.4644726034248037,2.7562169251172377,2.4491176487591755,2.748539447784424,1994200,0.0,0.0
2022-02-01 00:00:00-05:00,2.740862248463374,2.8713795594053733,2.6372162024345847,2.794604778289795,1239900,0.0,0.0
2022-02-02 00:00:00-05:00,2.7946046174902457,2.8176370504996493,2.5873123543145997,2.5949900150299072,1026300,0.0,0.0
2022-02-03 00:00:00-05:00,2.5412475356101094,2.6410549302213,2.4951826687336416,2.510537624359131,721100,0.0,0.0
2022-02-04 00:00:00-05:00,2.5028602021299697,2.594990120974439,2.4644728122137383,2.5873124599456787,681800,0.0,0.0
2022-02-07 00:00:00-05:00,2.57963491794963,2.6256999677515322,2.5028601400223085,2.5335700511932373,583200,0.0,0.0
2022-02-08 00:00:00-05:00,2.5182148995065665,2.61034480889042,2.4798275135322503,2.6026673316955566,795800,0.0,0.0
2022-02-09 00:00:00-05:00,2.664087605061444,2.8598633985490887,2.641055169536164,2.8329923152923584,1544700,0.0,0.0
2022-02-10 00:00:00-05:00,2.7255072639136486,2.99421936111644,2.7216686164205237,2.8867344856262207,2638800,0.0,0.0
2022-02-11 00:00:00-05:00,2.840669301533708,3.001896505316708,2.832991824355731,2.9020891189575195,2448500,0.0,0.0
2022-02-14 00:00:00-05:00,2.8483467787116843,2.9942190281387315,2.8483467787116843,2.9020891189575195,2804400,0.0,0.0
2022-02-15 00:00:00-05:00,2.9174442480243425,3.063316506186936,2.9174442480243425,3.0556390285491943,2704300,0.0,0.0
2022-02-16 00:00:00-05:00,3.0326067289258933,3.0326067289258933,2.9097668982774363,2.95583176612854,1583100,0.0,0.0
2022-02-17 00:00:00-05:00,2.9174442351030847,2.978864238978495,2.8637018918769175,2.89441180229187,2498800,0.0,0.0
2022-02-18 00:00:00-05:00,2.825314683215022,2.9558318107640673,2.7792496316227835,2.8176372051239014,2322000,0.0,0.0
2022-02-22 00:00:00-05:00,2.740862230183514,2.825314671892921,2.67176492764033,2.6794424057006836,1099400,0.0,0.0
2022-02-23 00:00:00-05:00,2.710152472867612,2.7715723008614987,2.6525712926005807,2.6947975158691406,1244600,0.0,0.0
2022-02-24 00:00:00-05:00,2.4644727114178417,2.809959572624685,2.4644727114178417,2.8022820949554443,1531500,0.0,0.0
2022-02-25 00:00:00-05:00,2.77924967592776,2.829921251791547,2.7255073284331925,2.7562172412872314,1083600,0.0,0.0
2022-02-28 00:00:00-05:00,2.7562169303397637,2.763894407687125,2.656409724824064,2.7255070209503174,2950600,0.0,0.0
2022-03-01 00:00:00-05:00,2.725507182085932,2.840669532150405,2.679442315278347,2.717829704284668,1715300,0.0,0.0
2022-03-02 00:00:00-05:00,2.7408619973272343,2.7447008275540323,2.5873122661198162,2.6333773136138916,1910400,0.0,0.0
2022-03-03 00:00:00-05:00,2.625699925709112,2.6717647917279197,2.5182150552863884,2.5949900150299072,1614000,0.0,0.0
2022-03-04 00:00:00-05:00,2.5412475633684095,2.5873124307480486,2.3876978223907677,2.418407917022705,1358200,0.0,0.0
2022-03-07 00:00:00-05:00,2.333955359808754,2.449117705515246,2.333955359808754,2.3646652698516846,1271900,0.0,0.0
2022-03-08 00:00:00-05:00,2.3646654385862145,2.3800203947033576,2.2901939197226224,2.3339555263519287,2146300,0.0,0.0
2022-03-09 00:00:00-05:00,2.4184079791189848,2.4875052819626213,2.387697883698519,2.4721503257751465,1580100,0.0,0.0
2022-03-10 00:00:00-05:00,2.380020161958526,2.4107302542351534,2.253341694857367,2.2878904342651367,1938900,0.0,0.0
2022-03-11 00:00:00-05:00,2.364665050424102,2.364665050424102,1.612271592008163,1.6813690662384033,7657700,0.0,0.0
2022-03-14 00:00:00-04:00,1.5815618748528073,1.7120791791522405,1.4740770952385853,1.612271785736084,4379600,0.0,0.0
2022-03-15 00:00:00-04:00,1.5431745753765134,1.7120792780353256,1.4587222240471074,1.6544981002807617,3491000,0.0,0.0
2022-03-16 00:00:00-04:00,1.9807910244685838,2.188083099910854,1.9255131132779113,2.1573731899261475,8840900,0.0,0.0
2022-03-17 00:00:00-04:00,2.1189858390008034,2.2725355746187903,2.049888540343187,2.226470708847046,3319700,0.0,0.0
2022-03-18 00:00:00-04:00,2.1957607617897716,2.4414404283886757,2.1804058055080295,2.4260854721069336,3572400,0.0,0.0
2022-03-21 00:00:00-04:00,2.38002024259631,2.479827634024567,2.2495031239419405,2.2955679893493652,2343500,0.0,0.0
2022-03-22 00:00:00-04:00,2.4107306677762272,2.510537889898509,2.387698048856325,2.4414405822753906,2577700,0.0,0.0
2022-03-23 00:00:00-04:00,2.5028600634355973,2.6602484448933277,2.4537242436747535,2.525892496109009,2930500,0.0,0.0
2022-03-24 00:00:00-04:00,2.5028601231909597,2.5412475118964717,2.310922996617894,2.3953752517700195,1953500,0.0,0.0
2022-03-25 00:00:00-04:00,2.287890320450983,2.2955677973768394,2.1343405988883726,2.165050506591797,2315500,0.0,0.0
2022-03-28 00:00:00-04:00,2.1804056224146775,2.2948002750668617,2.1420182349337944,2.1573731899261475,1928800,0.0,0.0
2022-03-29 00:00:00-04:00,2.226470748781097,2.322439312382946,2.2187932710147695,2.2686967849731445,2192000,0.0,0.0
2022-03-30 00:00:00-04:00,2.234148142139622,2.2955679619497555,2.1727281392839872,2.180405616760254,1889800,0.0,0.0
2022-03-31 00:00:00-04:00,2.1573733394181405,2.1650508174463163,2.003823595809104,2.0115010738372803,2419400,0.0,0.0
2022-04-01 00:00:00-04:00,2.1496958961283537,2.176567161183958,2.0652436364536957,2.0805985927581787,1485300,0.0,0.0
2022-04-04 00:00:00-04:00,2.203438169306586,2.2878906091948346,2.1496958240430257,2.2341482639312744,2506700,0.0,0.0
2022-04-05 00:00:00-04:00,2.2264711852094066,2.241826143751909,2.0921150233941925,2.1113088130950928,1739500,0.0,0.0
2022-04-06 00:00:00-04:00,2.0729209661654657,2.0959533989728536,1.9961460070953345,2.0422110557556152,1650000,0.0,0.0
2022-04-07 00:00:00-04:00,2.0115010303794243,2.0422111248741612,1.8656289509955999,1.8886613845825195,2851800,0.0,0.0
2022-04-08 00:00:00-04:00,1.888661426741264,1.9193713388759974,1.8195639413925986,1.8809839487075806,1486500,0.0,0.0
2022-04-11 00:00:00-04:00,1.8425964954971563,1.850273973268165,1.7658215347415616,1.8272415399551392,1428600,0.0,0.0
2022-04-12 00:00:00-04:00,1.8886611830370739,1.9654359534672432,1.8579512748650062,1.904016137123108,2554100,0.0,0.0
2022-04-13 00:00:00-04:00,1.9040164178416936,1.9807911995911498,1.8579515487920202,1.896338939666748,2087900,0.0,0.0
2022-04-14 00:00:00-04:00,1.8886611830370739,1.992307214640548,1.8656287519080232,1.904016137123108,1769700,0.0,0.0
2022-04-18 00:00:00-04:00,1.8733063936233523,1.9040163044949634,1.796531433398817,1.873306393623352,1705500,0.0,0.0
2022-04-19 00:00:00-04:00,1.827241607823605,2.0115010811716836,1.8042089906095795,1.9884686470031738,2464000,0.0,0.0
2022-04-20 00:00:00-04:00,1.9884684862333857,2.088275875939577,1.9692748841675416,1.9961459636688232,2447500,0.0,0.0
2022-04-21 00:00:00-04:00,1.9884686972955234,2.057566184594182,1.9347263495430822,1.9577587842941284,1798900,0.0,0.0
2022-04-22 00:00:00-04:00,2.0115010738372803,2.103630993220908,1.9654362056682237,2.0115010738372803,1734500,0.0,0.0
2022-04-25 00:00:00-04:00,1.880983968421766,1.9823267527467445,1.8310802691570367,1.942403793334961,2491200,0.0,0.0
2022-04-26 00:00:00-04:00,1.9347262517563588,1.9615975157971872,1.880983906720213,1.8886613845825195,925400,0.0,0.0
2022-04-27 00:00:00-04:00,1.8886614465359155,1.9577587495632598,1.8733064903076166,1.942403793334961,1102200,0.0,0.0
2022-04-28 00:00:00-04:00,1.980791161724576,2.0115010738372803,1.9193713374991672,2.0115010738372803,1013000,0.0,0.0
2022-04-29 00:00:00-04:00,2.1189858363884646,2.1650507021034193,1.9615974536729508,1.9654361009597778,1863100,0.0,0.0
2022-05-02 00:00:00-04:00,1.988468529492872,2.0614046582390193,1.9347261862756333,2.0422110557556152,792800,0.0,0.0
2022-05-03 00:00:00-04:00,2.04988845021443,2.084437006501467,2.0115008807136148,2.057565927505493,911800,0.0,0.0
2022-05-04 00:00:00-04:00,2.003823389178498,2.14201816248079,1.9961459119420095,2.1266632080078125,2985400,0.0,0.0
2022-05-05 00:00:00-04:00,1.996145770880167,2.072920720865086,1.996145770880167,2.0652432441711426,813300,0.0,0.0
2022-05-06 00:00:00-04:00,2.0115011320465697,2.0115011320465697,1.9155325623944504,1.9577587842941284,1172200,0.0,0.0
2022-05-09 00:00:00-04:00,1.857951575381219,1.8733065319508555,1.6506594786456061,1.7734991312026978,2822100,0.0,0.0
2022-05-10 00:00:00-04:00,1.8118863706067971,1.8349189865743016,1.7197566389188015,1.7351115942001343,1090600,0.0,0.0
2022-05-11 00:00:00-04:00,1.750466400223742,1.8042087391259365,1.6429817224193533,1.6736916303634644,1552600,0.0,0.0
2022-05-12 00:00:00-04:00,1.6045943028302967,1.7120791736199537,1.5585294366542324,1.6890467405319214,2196700,0.0,0.0
2022-05-13 00:00:00-04:00,1.7427891492843628,1.7658215832298438,1.6813693254297464,1.7427891492843628,2528000,0.0,0.0
2022-05-16 00:00:00-04:00,1.7197567011715154,1.761982921246461,1.6583368778228758,1.658336877822876,971200,0.0,0.0
2022-05-17 00:00:00-04:00,1.773498934341787,1.8272414594155386,1.712079114880929,1.7658214569091797,1898900,0.0,0.0
2022-05-18 00:00:00-04:00,1.7274343359759774,1.842596698259254,1.7197568573601274,1.7811766862869263,1048600,0.0,0.0
2022-05-19 00:00:00-04:00,1.781176672474117,1.8809840767516994,1.781176672474117,1.8579516410827637,1010400,0.0,0.0
2022-05-20 00:00:00-04:00,1.8809840102356739,1.8809840102356739,1.7427892180634248,1.7734991312026978,897800,0.0,0.0
2022-05-23 00:00:00-04:00,1.788854017175325,1.788854017175325,1.7274341933207087,1.7427891492843628,535200,0.0,0.0
2022-05-24 00:00:00-04:00,1.7427888806248522,1.7427888806248522,1.612271592008163,1.6813690662384033,1173500,0.0,0.0
2022-05-25 00:00:00-04:00,1.6660143074438893,1.6967242182279323,1.6468205216811092,1.6890467405319214,561700,0.0,0.0
2022-05-26 00:00:00-04:00,1.6967244215125779,1.8042091221344758,1.689046942896728,1.7811766862869263,1571700,0.0,0.0
2022-05-27 00:00:00-04:00,1.7965314325191901,1.8425964818495595,1.719756655377753,1.819563865661621,924900,0.0,0.0
2022-05-31 00:00:00-04:00,1.6506593330536177,1.6583368106612646,1.4510446406865423,1.5508519411087036,8814300,0.0,0.0
2022-06-01 00:00:00-04:00,1.5124645061783737,1.523980722232798,1.4203346862202304,1.4663995504379272,5373900,0.0,0.0
2022-06-02 00:00:00-04:00,1.4433671183290788,1.4663995504379272,1.4126572088506142,1.4663995504379272,1829400,0.0,0.0
2022-06-03 00:00:00-04:00,1.4663996480658912,1.4663996480658912,1.2821399958822157,1.4049798250198364,5920900,0.0,0.0
2022-06-06 00:00:00-04:00,1.481754668418555,1.5047871945875917,1.428012320910575,1.4587222337722778,1620000,0.0,0.0
2022-06-07 00:00:00-04:00,1.4356897369781207,1.5047871294486361,1.420334781211952,1.4971096515655518,1044600,0.0,0.0
2022-06-08 00:00:00-04:00,1.5124645875878389,1.5738844098507327,1.504787109804977,1.566206932067871,1902300,0.0,0.0
2022-06-09 00:00:00-04:00,1.5124644819437707,1.5431743909301625,1.4894320502039766,1.5201419591903687,1029300,0.0,0.0
2022-06-10 00:00:00-04:00,1.5124645589991144,1.5508519471878217,1.4779158181065248,1.5278195142745972,944500,0.0,0.0
2022-06-13 00:00:00-04:00,1.4740770592407686,1.4740770592407686,1.3819472373180486,1.3896247148513794,1064700,0.0,0.0
2022-06-14 00:00:00-04:00,1.3973022192329245,1.4894320368913891,1.3742696961762477,1.4510445594787598,1745000,0.0,0.0
2022-06-15 00:00:00-04:00,1.458722170627374,1.5354970409809738,1.4356897369781207,1.4971096515655518,1311900,0.0,0.0
2022-06-16 00:00:00-04:00,1.4203347611015,1.5047871081424276,1.4203347611015,1.4740771055221558,1465500,0.0,0.0
2022-06-17 00:00:00-04:00,1.527819508285763,1.589239329146938,1.500948336658999,1.5508519411087036,2896300,0.0,0.0
2022-06-21 00:00:00-04:00,1.5662067657068377,1.704401534164938,1.5585292887394704,1.6967240571975708,2246000,0.0,0.0
2022-06-22 00:00:00-04:00,1.6429817184259998,1.7120790111323052,1.6122716275110414,1.6967240571975708,1141400,0.0,0.0
2022-06-23 00:00:00-04:00,1.704401695923943,1.7312729593827338,1.6583368297478787,1.6890467405319214,1230700,0.0,0.0
2022-06-24 00:00:00-04:00,1.7120789734316277,1.7120789734316277,1.6660141126417911,1.6813690662384033,1021500,0.0,0.0
2022-06-27 00:00:00-04:00,1.704401695923943,1.727434129011975,1.6736917851399,1.6890467405319214,847000,0.0,0.0
2022-06-28 00:00:00-04:00,1.6967240571975708,1.7504663959691416,1.6813691032628362,1.6967240571975708,1295600,0.0,0.0
2022-06-29 00:00:00-04:00,1.6890467405319216,1.7120791736199537,1.6660143074438893,1.6890467405319214,1594600,0.0,0.0
2022-06-30 00:00:00-04:00,1.6890468519677078,1.7581441557905364,1.6736918955626345,1.7120792865753174,1333300,0.0,0.0
2022-07-01 00:00:00-04:00,1.704401766423108,1.7658215905317016,1.6928854578799892,1.7197567224502563,659100,0.0,0.0
2022-07-05 00:00:00-04:00,1.6890466079832933,1.7658213789184687,1.6890466079832933,1.7581439018249512,994400,0.0,0.0
2022-07-06 00:00:00-04:00,1.7581438729365089,1.7581438729365089,1.6621753193216733,1.6967240571975708,937900,0.0,0.0
2022-07-07 00:00:00-04:00,1.7120792373570546,1.7658215832298438,1.6967242813934005,1.7427891492843628,694300,0.0,0.0
2022-07-08 00:00:00-04:00,1.7120792865753172,1.7274342429803904,1.6967243301702442,1.7120792865753174,341300,0.0,0.0
2022-07-11 00:00:00-04:00,1.673691997163005,1.6775306449745364,1.6130398607674628,1.6506595611572266,803900,0.0,0.0
2022-07-12 00:00:00-04:00,1.6353045451615675,1.7044018507003784,1.627626883722843,1.7044018507003784,788700,0.0,0.0
2022-07-13 00:00:00-04:00,1.6813690662384033,1.7120789734316277,1.6660141126417911,1.6813690662384033,419100,0.0,0.0
2022-07-14 00:00:00-04:00,1.6583367498356483,1.6967241364658836,1.6122717028338678,1.627626657485962,874900,0.0,0.0
2022-07-15 00:00:00-04:00,1.6045944347658283,1.6199493914203895,1.5470134388339845,1.589239478111267,757700,0.0,0.0
2022-07-18 00:00:00-04:00,1.6736916262954689,1.7274339650670398,1.6698527962890406,1.6967240571975708,748000,0.0,0.0
2022-07-19 00:00:00-04:00,1.7120789734316277,1.7120789734316277,1.6736915894400972,1.6813690662384033,413100,0.0,0.0
2022-07-20 00:00:00-04:00,1.6967240571975708,1.7120790111323052,1.6583366723607345,1.6967240571975708,661000,0.0,0.0
2022-07-21 00:00:00-04:00,1.6890465843355198,1.7120790152936032,1.6660141533774364,1.6736916303634644,719900,0.0,0.0
2022-07-22 00:00:00-04:00,1.6506591953933671,1.704401534164938,1.6506591953933671,1.6967240571975708,647700,0.0,0.0
2022-07-25 00:00:00-04:00,1.6890466735193386,1.7082402754751096,1.627626671342572,1.63530433177948,1103800,0.0,0.0
2022-07-26 00:00:00-04:00,1.6506593206728537,1.6736917533230398,1.5815618396767928,1.5969167947769165,822600,0.0,0.0
2022-07-27 00:00:00-04:00,1.612271718798113,1.612271718798113,1.5508518995815754,1.5585293769836426,670300,0.0,0.0
2022-07-28 00:00:00-04:00,1.573884380101046,1.573884380101046,1.4971096037236313,1.5278195142745972,1063300,0.0,0.0
2022-07-29 00:00:00-04:00,1.49710968055822,1.5239808536693964,1.4433672428131104,1.4433672428131104,831300,0.0,0.0
2022-08-01 00:00:00-04:00,1.4587221499733969,1.489432152593669,1.4203347611015,1.4740771055221558,719100,0.0,0.0
2022-08-02 00:00:00-04:00,1.4587220950180093,1.5047870514516049,1.4587220950180093,1.4894320964813232,740400,0.0,0.0
2022-08-03 00:00:00-04:00,1.4971096864012614,1.5585295108950925,1.4817546387550458,1.5124646425247192,638300,0.0,0.0
2022-08-04 00:00:00-04:00,1.5278194673753738,1.5892392865919114,1.5201419899733064,1.5585293769836426,708100,0.0,0.0
2022-08-05 00:00:00-04:00,1.5201420653707005,1.5815618876335946,1.4894321542392535,1.566206932067871,593800,0.0,0.0
2022-08-08 00:00:00-04:00,1.558529482334914,1.6391430920285743,1.558529482334914,1.604594349861145,597600,0.0,0.0
2022-08-09 00:00:00-04:00,1.5969168130142706,1.5969168130142706,1.5278195142745972,1.5278195142745972,442100,0.0,0.0
2022-08-10 00:00:00-04:00,1.527819651493022,1.612271913093109,1.527819651493022,1.589239478111267,647200,0.0,0.0
2022-08-11 00:00:00-04:00,1.5892393172268546,1.6736917533230398,1.5892393172268546,1.5969167947769165,522600,0.0,0.0
2022-08-12 00:00:00-04:00,1.5738843317877769,1.5854006394136277,1.5508518995815754,1.5585293769836426,256300,0.0,0.0
2022-08-15 00:00:00-04:00,1.558529424825563,1.5800264720385426,1.5047870813613728,1.5278195142745972,445200,0.0,0.0
2022-08-16 00:00:00-04:00,1.5278195142745972,1.5278195142745972,1.4894321260858898,1.5278195142745972,525500,0.0,0.0
2022-08-17 00:00:00-04:00,1.5585295394790677,1.9884686849121513,1.550852061276531,1.7120792865753174,7449200,0.0,0.0
2022-08-18 00:00:00-04:00,1.727434285879982,1.7965315914187927,1.6583369803411712,1.7044018507003784,1000500,0.0,0.0
2022-08-19 00:00:00-04:00,1.7044018818156115,1.7120793603489712,1.5815620422363281,1.5815620422363281,946900,0.0,0.0
2022-08-22 00:00:00-04:00,1.5662068963239975,1.596916806754585,1.53549698589341,1.5508519411087036,635800,0.0,0.0
2022-08-23 00:00:00-04:00,1.5431744068994442,1.6506592725096012,1.52781945224735,1.627626657485962,750000,0.0,0.0
2022-08-24 00:00:00-04:00,1.589239443471982,1.6429819736370888,1.5738844871520996,1.5738844871520996,594800,0.0,0.0
2022-08-25 00:00:00-04:00,1.6199493914203895,1.6199493914203895,1.5738845214567059,1.589239478111267,626000,0.0,0.0
2022-08-26 00:00:00-04:00,1.6660144444295955,1.7734991410115242,1.5815619997839865,1.589239478111267,1439800,0.0,0.0
2022-08-29 00:00:00-04:00,1.581561851539291,1.6429818554459708,1.5508519411087036,1.5508519411087036,657900,0.0,0.0
2022-08-30 00:00:00-04:00,1.566206932067871,1.5892393654164563,1.535497020936424,1.566206932067871,429000,0.0,0.0
2022-08-31 00:00:00-04:00,1.566206932067871,1.6122717987650417,1.5431744987192857,1.566206932067871,924300,0.0,0.0
2022-09-01 00:00:00-04:00,1.573884380101046,1.573884380101046,1.4779158181065248,1.5278195142745972,953100,0.0,0.0
2022-09-02 00:00:00-04:00,1.527819375348269,1.5431743292275089,1.4663994683085655,1.4817544221878052,348500,0.0,0.0
2022-09-06 00:00:00-04:00,1.474077071892769,1.4817545494919955,1.3435598611831665,1.3435598611831665,819700,0.0,0.0
2022-09-07 00:00:00-04:00,1.420334650766854,1.5124644684253186,1.4126571735888773,1.4510445594787598,1264400,0.0,0.0
2022-09-08 00:00:00-04:00,1.4049798055527414,1.4740771055221558,1.3857860195940386,1.4740771055221558,710900,0.0,0.0
2022-09-09 00:00:00-04:00,1.489432152593669,1.5163033248039965,1.4663996277477764,1.4740771055221558,382300,0.0,0.0
2022-09-12 00:00:00-04:00,1.489432152593669,1.5086258470296172,1.4740771055221558,1.4740771055221558,270400,0.0,0.0
2022-09-13 00:00:00-04:00,1.4817544980743584,1.4971095442627358,1.374269723892212,1.374269723892212,342400,0.0,0.0
2022-09-14 00:00:00-04:00,1.397302254111382,1.5124645061783737,1.3819472078494002,1.4663995504379272,913000,0.0,0.0
2022-09-15 00:00:00-04:00,1.4433671183290788,1.5585293703960705,1.4433671183290788,1.4663995504379272,683600,0.0,0.0
2022-09-16 00:00:00-04:00,1.4280122940500182,1.4433672501920467,1.4088185988724826,1.420334815979004,779000,0.0,0.0
2022-09-19 00:00:00-04:00,1.3896246505322007,1.4510445594787598,1.3819471733542243,1.4510445594787598,418200,0.0,0.0
2022-09-20 00:00:00-04:00,1.4587221268095627,1.4587221268095627,1.4126572608947754,1.4126572608947754,284900,0.0,0.0
2022-09-21 00:00:00-04:00,1.412657368161949,1.4241735855151056,1.3589149289911246,1.3665924072265625,265600,0.0,0.0
2022-09-22 00:00:00-04:00,1.343559849651395,1.412657238974123,1.343559849651395,1.3896247148513794,588500,0.0,0.0
2022-09-23 00:00:00-04:00,1.3512374289527922,1.420334823479571,1.3512374289527922,1.3973023891448975,560200,0.0,0.0
2022-09-26 00:00:00-04:00,1.38962467855784,1.443367111410288,1.3665922465593978,1.374269723892212,407600,0.0,0.0
2022-09-27 00:00:00-04:00,1.374269857922815,1.458722208343038,1.2974950771069378,1.3282049894332886,1222700,0.0,0.0
2022-09-28 00:00:00-04:00,1.297494950564071,1.374269723892212,1.2898173817085077,1.374269723892212,447800,0.0,0.0
2022-09-29 00:00:00-04:00,1.3589148059366807,1.3589148059366807,1.266784983931342,1.2744624614715576,559800,0.0,0.0
2022-09-30 00:00:00-04:00,1.2667850053129954,1.3320436570290592,1.2591075276431942,1.2974950075149536,623300,0.0,0.0
2022-10-03 00:00:00-04:00,1.2744623257669854,1.3512371845169164,1.2591073723215476,1.305172324180603,704700,0.0,0.0
2022-10-04 00:00:00-04:00,1.3128499989279987,1.4126573029005933,1.3128499989279987,1.4049798250198364,457100,0.0,0.0
2022-10-05 00:00:00-04:00,1.4049797247462175,1.4318508954110667,1.3665922465593978,1.374269723892212,236700,0.0,0.0
2022-10-06 00:00:00-04:00,1.3665923723463587,1.397302376027043,1.351237416267395,1.351237416267395,477000,0.0,0.0
2022-10-07 00:00:00-04:00,1.3282049059847134,1.3781085103796857,1.320527428385487,1.3435598611831665,306900,0.0,0.0
2022-10-10 00:00:00-04:00,1.3205275770162084,1.3473987516379604,1.282140093176657,1.2898175716400146,248900,0.0,0.0
2022-10-11 00:00:00-04:00,1.2821400255772948,1.2821400255772948,1.1593002851173928,1.1669777631759644,720400,0.0,0.0
2022-10-12 00:00:00-04:00,1.1746551729927615,1.2360750854158922,1.1746551729927615,1.2283976078033447,328400,0.0,0.0
2022-10-13 00:00:00-04:00,1.1669777616189834,1.2744625458183363,1.1516228055223268,1.2591075897216797,687400,0.0,0.0
2022-10-14 00:00:00-04:00,1.2514300406409866,1.3128499530641171,1.205365174965703,1.2283976078033447,601100,0.0,0.0
2022-10-17 00:00:00-04:00,1.2283975253586854,1.312849864951387,1.2283975253586854,1.2437524795532227,317900,0.0,0.0
2022-10-18 00:00:00-04:00,1.243752592218422,1.297495028290302,1.2360751144256898,1.2667850255966187,736400,0.0,0.0
2022-10-19 00:00:00-04:00,1.2437526922289297,1.2591076490490904,1.1976877302456854,1.2053653001785278,314100,0.0,0.0
2022-10-20 00:00:00-04:00,1.2130426728899684,1.255268800466031,1.1900101481439074,1.1976876258850098,245400,0.0,0.0
2022-10-21 00:00:00-04:00,1.2053653338881136,1.2514302056368591,1.1823328064909762,1.2207202911376953,268800,0.0,0.0
2022-10-24 00:00:00-04:00,1.1669777266495676,1.1669777266495676,0.9903955537839282,1.0594929456710815,1130100,0.0,0.0
2022-10-25 00:00:00-04:00,1.0671705034053462,1.136267900466919,1.0518155466189438,1.136267900466919,371800,0.0,0.0
2022-10-26 00:00:00-04:00,1.120912785209221,1.1784938650175893,1.1055578305936562,1.1439452171325684,432900,0.0,0.0
2022-10-27 00:00:00-04:00,1.1285902625170037,1.190010080979263,1.120912785209221,1.1439452171325684,418700,0.0,0.0
2022-10-28 00:00:00-04:00,1.105557775596211,1.1285902063737794,1.0671702994441863,1.0825252532958984,435800,0.0,0.0
2022-10-31 00:00:00-04:00,1.0671705092264423,1.1055579929246022,1.0287831170510446,1.0441380739212036,397600,0.0,0.0
2022-11-01 00:00:00-04:00,1.1209129497947614,1.1209129497947614,1.0364605954861241,1.0441380739212036,317300,0.0,0.0
2022-11-02 00:00:00-04:00,1.051815426512988,1.082525336579053,1.013428038930407,1.0671703815460205,749700,0.0,0.0
2022-11-03 00:00:00-04:00,1.036460518836975,1.0671704303062095,1.0211055631023578,1.036460518836975,331300,0.0,0.0
2022-11-04 00:00:00-04:00,1.105557860651353,1.105557860651353,1.044137948996472,1.0671703815460205,557300,0.0,0.0
2022-11-07 00:00:00-05:00,1.0671704513884388,1.1362678450820087,1.0594929733694596,1.0978803634643555,639300,0.0,0.0
2022-11-08 00:00:00-05:00,1.0978803417754441,1.0978803417754441,1.0287830409696663,1.036460518836975,438100,0.0,0.0
2022-11-09 00:00:00-05:00,1.0211055056634752,1.0364604605343508,0.9673630720926606,0.9980729818344116,422400,0.0,0.0
2022-11-10 00:00:00-05:00,1.036460431325576,1.0748478174209595,1.0211054768874228,1.0748478174209595,369800,0.0,0.0
2022-11-11 00:00:00-05:00,1.0978803691260628,1.1938489363809646,1.0902028910674912,1.1669777631759644,839400,0.0,0.0
2022-11-14 00:00:00-05:00,1.2207200482614167,1.282139865039566,1.1593001399605212,1.2437524795532227,1058200,0.0,0.0
2022-11-15 00:00:00-05:00,1.3051725551885254,1.3781085969636089,1.2283976828498901,1.3282049894332886,1952700,0.0,0.0
2022-11-16 00:00:00-05:00,1.3128500894424153,1.3205275678524957,1.2053653001785278,1.2053653001785278,1036900,0.0,0.0
2022-11-17 00:00:00-05:00,1.3051724822375184,1.5278195172044968,1.2744624801049071,1.4126572608947754,3086000,0.0,0.0
2022-11-18 00:00:00-05:00,1.404979810472674,1.4625608939821557,1.3473986354404377,1.358914852142334,778200,0.0,0.0
2022-11-21 00:00:00-05:00,1.3205274182356028,1.3435598508562496,1.266784983931342,1.2744624614715576,627500,0.0,0.0
2022-11-22 00:00:00-05:00,1.2437526922289297,1.2667851274591708,1.1669778166053637,1.2053653001785278,617600,0.0,0.0
2022-11-23 00:00:00-05:00,1.2283976847938358,1.2591075971687853,1.2053652505126238,1.2360751628875732,630000,0.0,0.0
2022-11-25 00:00:00-05:00,1.2360750257762185,1.2514299802604483,1.1746551163165515,1.1900100708007812,328000,0.0,0.0
2022-11-28 00:00:00-05:00,1.1593003381952833,1.228397735408769,1.1554615989902433,1.2053653001785278,516300,0.0,0.0
2022-11-29 00:00:00-05:00,1.2360750737704798,1.3128499406953873,1.213042641149833,1.2744624614715576,944900,0.0,0.0
2022-11-30 00:00:00-05:00,1.320527417051403,1.3896247148513794,1.2974949844514108,1.3896247148513794,1665400,0.0,0.0
2022-12-01 00:00:00-05:00,1.343559873533761,1.343559873533761,1.2898174383223993,1.2974950075149536,489300,0.0,0.0
2022-12-02 00:00:00-05:00,1.2974950771069378,1.3781085969636089,1.289817507502592,1.3282049894332886,1408500,0.0,0.0
2022-12-05 00:00:00-05:00,1.42033473854724,1.489432128942174,1.3896247364146288,1.4126572608947754,1805900,0.0,0.0
2022-12-06 00:00:00-05:00,1.404979696410901,1.4663995138347126,1.3819471733542243,1.4510445594787598,499600,0.0,0.0
2022-12-07 00:00:00-05:00,1.4049797247462175,1.4049797247462175,1.3358823372281414,1.374269723892212,330200,0.0,0.0
2022-12-08 00:00:00-05:00,1.3896246073896221,1.4932707291199796,1.3896246073896221,1.4817544221878052,771900,0.0,0.0
2022-12-09 00:00:00-05:00,1.4663996756113065,1.5431745473837992,1.4510447195613594,1.5354970693588257,1057500,0.0,0.0
2022-12-12 00:00:00-05:00,1.4894322025264555,1.49710968055822,1.381947327036236,1.4433672428131104,932100,0.0,0.0
2022-12-13 00:00:00-05:00,1.497109573966464,1.5354969613921678,1.4817545274734316,1.4894320964813232,460700,0.0,0.0
2022-12-14 00:00:00-05:00,1.466399641074712,1.474077118918866,1.420334774009789,1.4280122518539429,536400,0.0,0.0
2022-12-15 00:00:00-05:00,1.443367161495863,1.458722116694316,1.3282049059847134,1.3435598611831665,627800,0.0,0.0
2022-12-16 00:00:00-05:00,1.3435598145609555,1.4088184634126244,1.3205273825625132,1.374269723892212,1677400,0.0,0.0
2022-12-19 00:00:00-05:00,1.3665922465593978,1.38962467855784,1.3205273825625132,1.374269723892212,460500,0.0,0.0
2022-12-20 00:00:00-05:00,1.3435598647694924,1.4356896877288818,1.3282049095300528,1.4356896877288818,588500,0.0,0.0
2022-12-21 00:00:00-05:00,1.4433670952016409,1.5239806978136676,1.4203346634618468,1.5201419591903687,892900,0.0,0.0
2022-12-22 00:00:00-05:00,1.5585293769836426,1.5662068543857097,1.5055547279957289,1.5585293769836426,666900,0.0,0.0
2022-12-23 00:00:00-05:00,1.550851953453035,1.5815618641280642,1.4971096097717334,1.5047870874404907,540900,0.0,0.0
2022-12-27 00:00:00-05:00,1.5201420717879484,1.5546908134794275,1.4825223755794623,1.5431745052337646,421000,0.0,0.0
2022-12-28 00:00:00-05:00,1.5354969948569615,1.547780995710006,1.4049797832423108,1.4126572608947754,615800,0.0,0.0
2022-12-29 00:00:00-05:00,1.435689716650259,1.489432152593669,1.4011410666655517,1.4740771055221558,384600,0.0,0.0
2022-12-30 00:00:00-05:00,1.4203348426951492,1.4894322381567402,1.4126573644797236,1.4587222337722778,487500,0.0,0.0
2023-01-03 00:00:00-05:00,1.4894322083395324,1.5508520328333637,1.4817546387550458,1.5124646425247192,397500,0.0,0.0
2023-01-04 00:00:00-05:00,1.5662069906893545,1.8118864719819647,1.5585295126191328,1.8042089939117432,1723200,0.0,0.0
2023-01-05 00:00:00-05:00,1.7888538892070016,1.834918936848146,1.742789024611358,1.7658214569091797,710100,0.0,0.0
2023-01-06 00:00:00-05:00,1.7658213401985374,1.8425962924957275,1.7005626948118466,1.8425962924957275,691800,0.0,0.0
2023-01-09 00:00:00-05:00,1.9347264668483513,2.387698077174292,1.9347264668483513,2.0959537029266357,4638900,0.0,0.0
2023-01-10 00:00:00-05:00,2.0805985673735528,2.349310482469072,2.0575661331978385,2.3339555263519287,1508400,0.0,0.0
2023-01-11 00:00:00-05:00,2.34547194234861,2.4222467264494143,2.2433612781444645,2.4107306003570557,1696300,0.0,0.0
2023-01-12 00:00:00-05:00,2.4107305234379424,2.468311518153548,2.2840518591452628,2.403053045272827,1009900,0.0,0.0
2023-01-13 00:00:00-05:00,2.3953753339659456,2.61034508418439,2.3646654219477434,2.5642800331115723,1340700,0.0,0.0
2023-01-17 00:00:00-05:00,2.510537600932062,2.571957422860881,2.3132262582447756,2.3953752517700195,1057700,0.0,0.0
2023-01-18 00:00:00-05:00,2.4184078879655497,2.4337628435742733,2.287890582245892,2.3262779712677,773700,0.0,0.0
2023-01-19 00:00:00-05:00,2.356987739075066,2.5182149462023586,2.303245397714468,2.495182514190674,716500,0.0,0.0
2023-01-20 00:00:00-05:00,2.5105374133064395,2.6564096625310936,2.487504981804467,2.6487321853637695,770100,0.0,0.0
2023-01-23 00:00:00-05:00,2.6871195712003906,2.744700741478069,2.5757960607514425,2.6487321853637695,742400,0.0,0.0
2023-01-24 00:00:00-05:00,2.6487322684300834,2.702474610286755,2.610344881389604,2.6333773136138916,336300,0.0,0.0
2023-01-25 00:00:00-05:00,2.610344964212322,2.6372160444704904,2.5182150493465136,2.6180224418640137,415900,0.0,0.0
2023-01-26 00:00:00-05:00,2.6794424668050607,2.763894727394876,2.6564100320987474,2.733184814453125,761100,0.0,0.0
2023-01-27 00:00:00-05:00,2.73318490836532,2.81763735490244,2.6640876018721973,2.6947975158691406,786600,0.0,0.0
2023-01-30 00:00:00-05:00,2.648732326259007,2.648732326259007,2.5028600692749023,2.5028600692749023,979600,0.0,0.0
2023-01-31 00:00:00-05:00,2.495182580161606,2.583473663396837,2.4498854077606835,2.5489249229431152,727100,0.0,0.0
2023-02-01 00:00:00-05:00,2.6487323585251246,2.917444259994055,2.6180224478481615,2.8022820949554443,1509100,0.0,0.0
2023-02-02 00:00:00-05:00,2.8637018045493092,2.963509010354319,2.809959462961996,2.9327991008758545,1059900,0.0,0.0
2023-02-03 00:00:00-05:00,2.8944119860351045,2.9366382070590245,2.802282248941661,2.8176372051239014,553300,0.0,0.0
2023-02-06 00:00:00-05:00,2.7024749012301825,2.733952690124066,2.548925153491884,2.571957588195801,1033200,0.0,0.0
2023-02-07 00:00:00-05:00,2.6103450121660683,2.656409878922461,2.4644727510586475,2.5335700511932373,778100,0.0,0.0
2023-02-08 00:00:00-05:00,2.5258926574916876,2.5566025696850008,2.4068916562198424,2.5182151794433594,568500,0.0,0.0
2023-02-09 00:00:00-05:00,2.5796350038299853,2.618022577117142,2.4798277892017184,2.5182151794433594,458000,0.0,0.0
2023-02-10 00:00:00-05:00,2.4337627564160598,2.479827621592549,2.2571805901940145,2.341632843017578,1202500,0.0,0.0
2023-02-13 00:00:00-05:00,2.38002022487315,2.426085272983048,2.3493103148302192,2.3646652698516846,368600,0.0,0.0
2023-02-14 00:00:00-05:00,2.3032454497658232,2.426085272983048,2.2418256296799624,2.3646652698516846,724900,0.0,0.0
2023-02-15 00:00:00-05:00,2.3109230434247023,2.4452789981380723,2.3109230434247023,2.418407917022705,325700,0.0,0.0
2023-02-16 00:00:00-05:00,2.36466534080561,2.4721502122265506,2.356987863064508,2.3953752517700195,443000,0.0,0.0
2023-02-17 00:00:00-05:00,2.326277793926178,2.3646651800215612,2.1343406804037657,2.149695634841919,662500,0.0,0.0
2023-02-21 00:00:00-05:00,2.072920862651152,2.2111156356400277,2.072920862651152,2.149695634841919,678500,0.0,0.0
2023-02-22 00:00:00-05:00,2.1496957437320425,2.2648580908970914,2.1496957437320425,2.2495031356811523,537900,0.0,0.0
2023-02-23 00:00:00-05:00,2.280213034213557,2.3186004220530774,2.227238384081368,2.2955679893493652,737900,0.0,0.0
2023-02-24 00:00:00-05:00,2.1880832489097317,2.2149545134989164,2.1458572113281034,2.195760726928711,431100,0.0,0.0
2023-02-27 00:00:00-05:00,2.234148421154443,2.2495033780246025,1.980791266705769,2.0882761478424072,1181500,0.0,0.0
2023-02-28 00:00:00-05:00,2.0882758218253694,2.14201816248079,2.072920867352392,2.1266632080078125,362000,0.0,0.0
2023-03-01 00:00:00-05:00,2.203438015996095,2.2456642330022096,2.180405583914259,2.2187931537628174,475900,0.0,0.0
2023-03-02 00:00:00-05:00,2.2187932252492737,2.2648580908970914,2.1343407885161034,2.2495031356811523,237100,0.0,0.0
2023-03-03 00:00:00-05:00,2.257180595795725,2.360826634222799,2.23414816315032,2.3186004161834717,1401200,0.0,0.0
2023-03-06 00:00:00-05:00,2.364665207342961,2.364665207342961,2.272535479649572,2.2878904342651367,631700,0.0,0.0
2023-03-07 00:00:00-05:00,2.2648578896734146,2.2955677973768394,2.11898564503666,2.165050506591797,403800,0.0,0.0
2023-03-08 00:00:00-05:00,2.1343406804037657,2.161211942193282,2.103630771527459,2.149695634841919,211500,0.0,0.0
2023-03-09 00:00:00-05:00,2.1113081548633033,2.1266631086186703,1.8963386192426799,1.9116935729980469,497000,0.0,0.0
2023-03-10 00:00:00-05:00,1.8425966448235236,1.859486987461252,1.7044018507003784,1.7044018507003784,1219100,0.0,0.0
2023-03-13 00:00:00-04:00,1.6506594203280884,1.7888540245724243,1.619949325228277,1.7197567224502563,868700,0.0,0.0
2023-03-14 00:00:00-04:00,2.0345336547291257,2.0498886105119825,1.6276267773468913,1.8118864297866821,2715100,0.0,0.0
2023-03-15 00:00:00-04:00,1.781176541925453,1.8733064608941994,1.7427891519574394,1.823402762413025,1030400,0.0,0.0
2023-03-16 00:00:00-04:00,1.88098390956656,1.8886613874404843,1.7044017354207903,1.785015344619751,1133100,0.0,0.0
2023-03-17 00:00:00-04:00,1.758144105248017,1.8042089731389792,1.6890468034115735,1.7427891492843628,723900,0.0,0.0
2023-03-20 00:00:00-04:00,1.6967242059968026,1.781176460044132,1.68136925071547,1.7351115942001343,412800,0.0,0.0
2023-03-21 00:00:00-04:00,1.7658216035606347,1.8195639500521865,1.750466647420191,1.8042089939117432,359800,0.0,0.0
2023-03-22 00:00:00-04:00,1.8195637185730915,1.8272413787121018,1.7427889476379161,1.7581439018249512,320600,0.0,0.0
2023-03-23 00:00:00-04:00,1.7888539961123973,1.8963388696379049,1.7734990403295405,1.8118864297866821,676100,0.0,0.0
2023-03-24 00:00:00-04:00,1.7888539548050464,1.8425964818495595,1.7658215216626152,1.819563865661621,203600,0.0,0.0
2023-03-27 00:00:00-04:00,1.7811764770909027,1.827241526421272,1.7427890885201842,1.819563865661621,525200,0.0,0.0
2023-03-28 00:00:00-04:00,1.8195639007762499,1.9040163403071326,1.7965314671893302,1.8886613845825195,751600,0.0,0.0
2023-03-29 00:00:00-04:00,1.9040162344435703,2.0038234411042612,1.880983802137257,1.9961459636688232,602000,0.0,0.0
2023-03-30 00:00:00-04:00,2.0038233273775528,2.0959532344194867,2.0038233273775528,2.0498883724212646,658300,0.0,0.0
2023-03-31 00:00:00-04:00,2.0652436364536957,2.115147335966025,2.0575661583014537,2.0805985927581787,375600,0.0,0.0
2023-04-03 00:00:00-04:00,2.04988845021443,2.1727280868714463,2.026856018341239,2.057565927505493,496100,0.0,0.0
2023-04-04 00:00:00-04:00,2.057566132554219,2.065243610610389,1.965436212834664,1.9884686470031738,319500,0.0,0.0
2023-04-05 00:00:00-04:00,1.9347260343802197,2.0575658494209685,1.9347260343802197,2.0498883724212646,778300,0.0,0.0
2023-04-06 00:00:00-04:00,2.0191787675402457,2.0882760709104202,2.003823628190245,2.0805985927581787,276600,0.0,0.0
2023-04-10 00:00:00-04:00,2.0498888659908916,2.080598781384001,1.938565331168105,1.9731138944625854,196100,0.0,0.0
2023-04-11 00:00:00-04:00,1.9961460070953345,2.0767596134439446,1.9500811414805588,2.0422110557556152,331700,0.0,0.0
2023-04-12 00:00:00-04:00,2.0345335825777147,2.0345335825777147,1.9577586233406188,1.9654361009597778,281600,0.0,0.0
2023-04-13 00:00:00-04:00,2.003823645787224,2.042211219931058,1.9692750853215002,1.9807912111282349,278100,0.0,0.0
2023-04-14 00:00:00-04:00,2.0422112280934845,2.0614048321965965,1.9347263495430822,1.9577587842941284,208800,0.0,0.0
2023-04-17 00:00:00-04:00,1.9961462276415312,1.9961462276415312,1.9193714431343665,1.927048921585083,179100,0.0,0.0
2023-04-18 00:00:00-04:00,1.8656289288101824,1.9270487509782512,1.819563879138622,1.8272415399551392,476500,0.0,0.0
2023-04-19 00:00:00-04:00,1.8118864297866821,1.8349190465064786,1.7888539961123973,1.8118864297866821,264700,0.0,0.0
2023-04-20 00:00:00-04:00,1.7888539548050464,1.8502739595637032,1.7888539548050464,1.819563865661621,169900,0.0,0.0
2023-04-21 00:00:00-04:00,1.8272415686150503,1.8464351718208651,1.7734990403295405,1.8118864297866821,169600,0.0,0.0
2023-04-24 00:00:00-04:00,1.7811765031092364,1.788853980935528,1.7082403722367112,1.7274341583251953,372400,0.0,0.0
2023-04-25 00:00:00-04:00,1.7044019118373763,1.7120793905059692,1.635304603820041,1.6506595611572266,408300,0.0,0.0
2023-04-26 00:00:00-04:00,1.6890467405319216,1.7543053924707661,1.6391430439850982,1.6890467405319214,293600,0.0,0.0
2023-04-27 00:00:00-04:00,1.7044015621703283,1.7658213789184687,1.6660141767027405,1.7581439018249512,183200,0.0,0.0
2023-04-28 00:00:00-04:00,1.7504664255090847,1.8617899349372913,1.7351114713152282,1.8349188566207886,374000,0.0,0.0
2023-05-01 00:00:00-04:00,1.8195639748717738,1.9040164178416936,1.8195639748717738,1.896338939666748,235400,0.0,0.0
2023-05-02 00:00:00-04:00,1.880983906720213,1.9270487738940523,1.8425965174086802,1.8886613845825195,375400,0.0,0.0
2023-05-03 00:00:00-04:00,1.9116940058019027,1.9116940058019027,1.7658217290552265,1.7811766862869263,289400,0.0,0.0
2023-05-04 00:00:00-04:00,1.7965312880906545,1.8878935035032416,1.7888538109937262,1.8349188566207886,114800,0.0,0.0
2023-05-05 00:00:00-04:00,1.8502737978219894,1.9193710912091415,1.8272413666929386,1.904016137123108,260400,0.0,0.0
2023-05-08 00:00:00-04:00,1.9040162800065052,1.96927493129211,1.9040162800065052,1.9654361009597778,185800,0.0,0.0
2023-05-09 00:00:00-04:00,1.9424039790694765,1.9807913733108626,1.9040165848280906,1.9731138944625854,281600,0.0,0.0
2023-05-10 00:00:00-04:00,1.9654359912253312,1.9731134684158405,1.8809837421297289,1.9193711280822754,197100,0.0,0.0
2023-05-11 00:00:00-04:00,1.9347261441853212,1.9961459636688232,1.8963387570081325,1.9961459636688232,396000,0.0,0.0
2023-05-12 00:00:00-04:00,1.980791349198216,1.980791349198216,1.8963390828952245,1.9347264766693115,235500,0.0,0.0
2023-05-15 00:00:00-04:00,1.9731133730566242,2.011500757153935,1.9232098652528635,2.0038232803344727,424000,0.0,0.0
2023-05-16 00:00:00-04:00,1.9424039790694765,2.0115012887039714,1.9424039790694765,1.9731138944625854,127700,0.0,0.0
2023-05-17 00:00:00-04:00,1.9347262935555194,2.034533690967323,1.9347262935555194,2.0115010738372803,213600,0.0,0.0
2023-05-18 00:00:00-04:00,2.0268559092087854,2.0291589875311518,1.9116935729980469,1.9116935729980469,262900,0.0,0.0
2023-05-19 00:00:00-04:00,1.9116939909769473,1.9116939909769473,1.8272417268575158,1.8579516410827637,246200,0.0,0.0
2023-05-22 00:00:00-04:00,1.9116940404048592,1.9577589129337638,1.8963390828952245,1.9347264766693115,361500,0.0,0.0
2023-05-23 00:00:00-04:00,1.9424037065202686,1.9577586620622858,1.792692798462846,1.8272415399551392,467200,0.0,0.0
2023-05-24 00:00:00-04:00,1.919371401659765,1.9500813147990377,1.6890468700696972,1.7734991312026978,1121900,0.0,0.0
2023-05-25 00:00:00-04:00,1.781176460044132,1.781176460044132,1.6967242059968026,1.7351115942001343,575900,0.0,0.0
2023-05-26 00:00:00-04:00,1.7427891492843628,1.781176539193498,1.7044017593752276,1.7427891492843628,312200,0.0,0.0
2023-05-30 00:00:00-04:00,1.7427891163550242,1.7658215498653163,1.3834828607216518,1.6237881183624268,1234700,0.0,0.0
2023-05-31 00:00:00-04:00,1.6122718055712133,1.6122718055712133,1.5354970274184925,1.5431745052337646,424200,0.0,0.0
2023-06-01 00:00:00-04:00,1.5738843296027134,1.673691718736522,1.5124645104714465,1.63530433177948,446000,0.0,0.0
2023-06-02 00:00:00-04:00,1.6660142451967601,1.804208838561602,1.6506592903784443,1.7888538837432861,384600,0.0,0.0
2023-06-05 00:00:00-04:00,1.7965314740038254,1.8425965243979068,1.7427891287638275,1.8118864297866821,565100,0.0,0.0
2023-06-06 00:00:00-04:00,1.8042090362416336,1.9654362625444772,1.7734991232402386,1.9577587842941284,518800,0.0,0.0
2023-06-07 00:00:00-04:00,1.9193715191596765,1.980791349198216,1.8809841253855895,1.9347264766693115,270200,0.0,0.0
2023-06-08 00:00:00-04:00,1.9577584342641474,1.9731133880195142,1.9040160961203634,1.9116935729980469,328300,0.0,0.0
2023-06-09 00:00:00-04:00,1.9193712599307688,1.9347262153665743,1.8349190050338382,1.873306393623352,260000,0.0,0.0
2023-06-12 00:00:00-04:00,1.8656289159054493,1.8886613490591577,1.8118863888346226,1.873306393623352,345000,0.0,0.0
2023-06-13 00:00:00-04:00,1.8809836771215784,1.904016107897089,1.8042087248243883,1.8425962924957275,377400,0.0,0.0
2023-06-14 00:00:00-04:00,1.8195639899979392,1.8733065207148423,1.8118865117591703,1.8502740859985352,307500,0.0,0.0
2023-06-15 00:00:00-04:00,1.8272416216227203,1.946242623914794,1.8272416216227203,1.942403793334961,707800,0.0,0.0
2023-06-16 00:00:00-04:00,1.9270488169096809,1.9424037729770478,1.7811765512241815,1.8809839487075806,2351900,0.0,0.0
2023-06-20 00:00:00-04:00,1.857951575381219,1.8809840102356739,1.7274342614937883,1.7734991312026978,604500,0.0,0.0
2023-06-21 00:00:00-04:00,1.7888538423865636,1.8118862740815478,1.7351115017649341,1.796531319618225,350400,0.0,0.0
2023-06-22 00:00:00-04:00,1.804208838561602,1.8272414538345756,1.7504664966974968,1.7888538837432861,208800,0.0,0.0
2023-06-23 00:00:00-04:00,1.7658215474566532,1.7658215474566532,1.696724247020029,1.7274341583251953,321000,0.0,0.0
2023-06-26 00:00:00-04:00,1.7120790392638459,1.7773376860814913,1.7044015621703283,1.7581439018249512,218900,0.0,0.0
2023-06-27 00:00:00-04:00,1.7811762940488778,1.8502737694208977,1.7658213401985374,1.8425962924957275,411800,0.0,0.0
2023-06-28 00:00:00-04:00,1.8579516410827637,1.8656291196390757,1.7734991939178049,1.8579516410827637,522800,0.0,0.0
2023-06-29 00:00:00-04:00,1.7965314740038254,1.8656289580721916,1.781176518220969,1.8118864297866821,122100,0.0,0.0
2023-06-30 00:00:00-04:00,1.8272413787121018,1.8425963328991368,1.7504664247314337,1.7581439018249512,431300,0.0,0.0
2023-07-03 00:00:00-04:00,1.7888539548050464,1.857951437277847,1.7658215216626152,1.819563865661621,137300,0.0,0.0
2023-07-05 00:00:00-04:00,1.7734990403295405,1.8310802160380086,1.7734990403295405,1.8118864297866821,176600,0.0,0.0
2023-07-06 00:00:00-04:00,1.7504665494814668,1.7965314153254646,1.735111594200134,1.7351115942001343,206400,0.0,0.0
2023-07-07 00:00:00-04:00,1.7696603651498202,1.8349190177261478,1.735111623657527,1.8272415399551392,199900,0.0,0.0
2023-07-10 00:00:00-04:00,1.8195639413925986,1.888661426741264,1.7965315072915482,1.8809839487075806,245000,0.0,0.0
2023-07-11 00:00:00-04:00,1.8886612193202381,1.934726082463294,1.8733062649392196,1.9193711280822754,337300,0.0,0.0
2023-07-12 00:00:00-04:00,1.8886614056270725,1.9577587071577534,1.8886614056270725,1.9500812292099,357700,0.0,0.0
2023-07-13 00:00:00-04:00,1.965436254688909,2.019178785272069,1.950081298249583,1.9807912111282349,378100,0.0,0.0
2023-07-14 00:00:00-04:00,1.9731137407948258,1.9884686972955234,1.9193713930423848,1.9577587842941284,390300,0.0,0.0
2023-07-17 00:00:00-04:00,1.9347261441853212,2.011500918539699,1.8886612795726947,1.9961459636688232,617000,0.0,0.0
2023-07-18 00:00:00-04:00,1.980791270740098,1.9884687491908146,1.9001776554848129,1.927048921585083,551600,0.0,0.0
2023-07-19 00:00:00-04:00,1.9500810990561968,2.011500918539699,1.9270486667498836,1.9961459636688232,311100,0.0,0.0
2023-07-20 00:00:00-04:00,1.9961458544797468,2.0498883766335987,1.9270485613404256,2.026855945587158,376100,0.0,0.0
2023-07-21 00:00:00-04:00,2.026856191733947,2.061404750976531,1.9270487953663396,1.9500812292099,515200,0.0,0.0
2023-07-24 00:00:00-04:00,1.9654359464178264,2.072920807680039,1.9270485613404256,2.026855945587158,375400,0.0,0.0
2023-07-25 00:00:00-04:00,2.0882762242107904,2.157373532653399,2.057566309347409,2.0959537029266357,666800,0.0,0.0
2023-07-26 00:00:00-04:00,2.0882762242107904,2.1266636177900176,2.0498888306315632,2.0959537029266357,369700,0.0,0.0
2023-07-27 00:00:00-04:00,2.1113083082458903,2.149695695423079,1.9884684862333857,1.9961459636688232,421200,0.0,0.0
2023-07-28 00:00:00-04:00,2.0959533645213204,2.211115709710822,2.034533544711187,2.180405616760254,1304300,0.0,0.0
2023-07-31 00:00:00-04:00,2.2418254897625047,2.3070841360535423,2.2034379215591953,2.3032453060150146,1574700,0.0,0.0
2023-08-01 00:00:00-04:00,2.2955682935004194,2.2955682935004194,2.1727284530928,2.1880834102630615,408600,0.0,0.0
2023-08-02 00:00:00-04:00,2.1189859570035785,2.1266634350597484,1.950081256722324,1.9884686470031738,985600,0.0,0.0
2023-08-03 00:00:00-04:00,2.034533648337407,2.0882759934085673,1.9884685980880443,2.07292103767395,483000,0.0,0.0
2023-08-04 00:00:00-04:00,2.065243326420672,2.0997918813965932,2.026855941422154,2.0498883724212646,374300,0.0,0.0
2023-08-07 00:00:00-04:00,2.0805982846955193,2.10363071574196,1.9961458544797468,2.026855945587158,340900,0.0,0.0
2023-08-08 00:00:00-04:00,1.9731135801249553,2.0268561065466835,1.927048714373907,2.019178628921509,292200,0.0,0.0
2023-08-09 00:00:00-04:00,2.026856056456075,2.0306947036510437,1.9654360539270723,1.9961459636688232,211400,0.0,0.0
2023-08-10 00:00:00-04:00,1.9731136410678916,1.9884685967925047,1.8886613845825195,1.8886613845825195,650200,0.0,0.0
2023-08-11 00:00:00-04:00,1.857951437277847,1.8656289149919907,1.7965314325191901,1.819563865661621,394400,0.0,0.0
2023-08-14 00:00:00-04:00,1.8118862422845112,1.8809837192023584,1.781176333896798,1.8349188566207886,261200,0.0,0.0
2023-08-15 00:00:00-04:00,1.8272417410275543,1.842596698259254,1.7389506454225165,1.7811766862869263,583100,0.0,0.0
2023-08-16 00:00:00-04:00,1.7351117642731833,1.773499156239189,1.689046893913976,1.7044018507003784,373000,0.0,0.0
2023-08-17 00:00:00-04:00,1.7427889662433216,1.7427889662433216,1.6660141944885254,1.6660141944885254,335700,0.0,0.0
2023-08-18 00:00:00-04:00,1.6276267049771644,1.6429818431227918,1.5777231924245134,1.5969167947769165,419400,0.0,0.0
2023-08-21 00:00:00-04:00,1.5815618396767928,1.6276267049771644,1.5546907597743276,1.5969167947769165,342100,0.0,0.0
2023-08-22 00:00:00-04:00,1.6122719847687323,1.6660145184944122,1.6045945061001397,1.6506595611572266,294000,0.0,0.0
2023-08-23 00:00:00-04:00,1.6583369626960196,1.6852080452635465,1.6353045277614873,1.642982006072998,339100,0.0,0.0
2023-08-24 00:00:00-04:00,1.6506593330536177,1.6583368106612646,1.5508519411087036,1.5508519411087036,361800,0.0,0.0
2023-08-25 00:00:00-04:00,1.550851953453035,1.5585294311217923,1.4894321321029762,1.5047870874404907,410200,0.0,0.0
2023-08-28 00:00:00-04:00,1.5431745473837992,1.5470133779190434,1.5086258962714183,1.5354970693588257,278200,0.0,0.0
2023-08-29 00:00:00-04:00,1.5815619351604058,1.7504666345045532,1.550852023106109,1.7197567224502563,809400,0.0,0.0
2023-08-30 00:00:00-04:00,1.8425966839701398,1.942403905202195,1.750466758248869,1.8579516410827637,1660100,0.0,0.0
2023-08-31 00:00:00-04:00,1.8502740419921146,2.019178742273369,1.8118864686657494,1.9884686470031738,1389900,0.0,0.0
2023-09-01 00:00:00-04:00,2.026856260880195,2.0882760865583614,1.9116939046881143,2.034533739089966,825300,0.0,0.0
2023-09-05 00:00:00-04:00,1.9961458999873685,2.0268559917949003,1.8886612193202381,1.9193711280822754,726600,0.0,0.0
2023-09-06 00:00:00-04:00,1.980791183905708,1.9961461401340066,1.8963389246500648,1.942403793334961,438000,0.0,0.0
2023-09-07 00:00:00-04:00,1.8733062001964083,1.877144847136249,1.7427889094230269,1.8425962924957275,635100,0.0,0.0
2023-09-08 00:00:00-04:00,1.8579514801807635,1.9193713033121897,1.8042089518952538,1.8118864297866821,427100,0.0,0.0
2023-09-11 00:00:00-04:00,1.8349190050338382,1.9040163044949634,1.8349190050338382,1.873306393623352,294600,0.0,0.0
2023-09-12 00:00:00-04:00,1.8195639318934664,1.8656289829005968,1.8118864538998638,1.823402762413025,486700,0.0,0.0
2023-09-13 00:00:00-04:00,1.8118863879474774,1.8541126068980214,1.8042089102333336,1.819563865661621,231300,0.0,0.0
2023-09-14 00:00:00-04:00,1.856697866124676,1.9132060093313241,1.808262314804692,1.880915641784668,306600,0.116,0.0
2023-09-15 00:00:00-04:00,1.8566979003888808,1.8728430844601582,1.80018975613941,1.8082623481750488,586300,0.0,0.0
2023-09-18 00:00:00-04:00,1.8001899501597125,1.8122987432853404,1.7598269856312923,1.7921173572540283,242900,0.0,0.0
2023-09-19 00:00:00-04:00,1.7840443849563599,1.8284437327286271,1.7759717937673798,1.7840443849563599,159200,0.0,0.0
2023-09-20 00:00:00-04:00,1.7921172459260655,1.8405528003513087,1.7517542839050293,1.7517542839050293,264700,0.0,0.0
2023-09-21 00:00:00-04:00,1.743681799819924,1.8001899501597125,1.7033186428257072,1.7921173572540283,350100,0.0,0.0
2023-09-22 00:00:00-04:00,1.8405527845192164,1.8930247309281019,1.82440759984968,1.8324801921844482,230500,0.0,0.0
2023-09-25 00:00:00-04:00,1.8001897280955506,1.8575052653817508,1.7759719523659057,1.8405526876449585,188400,0.0,0.0
2023-09-26 00:00:00-04:00,1.8082623311226103,1.8324801070011458,1.7598267793655396,1.7598267793655396,268800,0.0,0.0
2023-09-27 00:00:00-04:00,1.7517540202004402,1.7840443849563599,1.7275362466335005,1.7840443849563599,250800,0.0,0.0
2023-09-28 00:00:00-04:00,1.7598267335244029,1.7678993252736346,1.7331871615053618,1.74368155002594,227300,0.0,0.0
2023-09-29 00:00:00-04:00,1.7759717937673798,1.8163347497122795,1.7557902195620523,1.7840443849563599,258100,0.0,0.0
2023-10-02 00:00:00-04:00,1.7759720155508578,1.7759720155508578,1.6791007167200505,1.7356090545654297,334200,0.0,0.0
2023-10-03 00:00:00-04:00,1.71946388322298,1.71946388322298,1.6629555449486702,1.6710281372070312,243400,0.0,0.0
2023-10-04 00:00:00-04:00,1.7033184601057114,1.7033184601057114,1.6306651317482919,1.6548829078674316,230700,0.0,0.0
2023-10-05 00:00:00-04:00,1.6548829526903088,1.6791007294653926,1.5983748068817798,1.6710281372070312,276400,0.0,0.0
2023-10-06 00:00:00-04:00,1.6791005564187442,1.7517540717221685,1.6710279649923372,1.7194637060165405,253300,0.0,0.0
2023-10-09 00:00:00-04:00,1.6871731478451513,1.7356088888693546,1.6629553735659304,1.7194637060165405,171400,0.0,0.0
2023-10-10 00:00:00-04:00,1.7356090478752952,1.8284439540168256,1.7356090478752952,1.7759720087051392,231300,0.0,0.0
2023-10-11 00:00:00-04:00,1.8244075687333716,1.8244075687333716,1.7194638701712583,1.7356090545654297,399300,0.0,0.0
2023-10-12 00:00:00-04:00,1.735609027243612,1.735609027243612,1.6064473616577146,1.6145199537277222,932500,0.0,0.0
2023-10-13 00:00:00-04:00,1.6629554827530084,1.6629554827530084,1.5983747471014815,1.6064473390579224,251500,0.0,0.0
2023-10-16 00:00:00-04:00,1.5983747471014815,1.629857913471333,1.5862658591668202,1.6064473390579224,282600,0.0,0.0
2023-10-17 00:00:00-04:00,1.6145199537277222,1.629050542467425,1.6064473616577146,1.6145199537277222,281500,0.0,0.0
2023-10-18 00:00:00-04:00,1.6145200059205262,1.6145200059205262,1.5741570442656696,1.5903022289276123,372800,0.0,0.0
2023-10-19 00:00:00-04:00,1.5580116910863901,1.6145199310143632,1.5426738048623074,1.6064473390579224,369600,0.0,0.0
2023-10-20 00:00:00-04:00,1.58222962081328,1.590302213063724,1.5337939710777253,1.5499391555786133,624000,0.0,0.0
2023-10-23 00:00:00-04:00,1.5741570153028566,1.6548829371272988,1.5499391425226343,1.622592568397522,776000,0.0,0.0
2023-10-24 00:00:00-04:00,1.6145198895146038,1.6613410371379302,1.5499390592901812,1.5580116510391235,728800,0.0,0.0
2023-10-25 00:00:00-04:00,1.533793763862307,1.5741568158943724,1.4369225737113782,1.4449951648712158,1165800,0.0,0.0
2023-10-26 00:00:00-04:00,1.461140347190891,1.5015033992229565,1.4288499825515406,1.4449951648712158,702000,0.0,0.0
2023-10-27 00:00:00-04:00,1.4772857427597046,1.5015035181575147,1.444995279329739,1.4772857427597046,387000,0.0,0.0
2023-10-30 00:00:00-04:00,1.5176487937273826,1.549939162881298,1.4772858322849884,1.5095762014389038,278300,0.0,0.0
2023-10-31 00:00:00-04:00,1.5015035065029438,1.5015035065029438,1.4449952681137812,1.4732494354248047,285000,0.0,0.0
2023-11-01 00:00:00-04:00,1.453067980615585,1.5337940009237603,1.4288502033930002,1.5176488161087036,240900,0.0,0.0
2023-11-02 00:00:00-04:00,1.541866467541239,1.5822295225188348,1.541866467541239,1.5580116510391235,204500,0.0,0.0
2023-11-03 00:00:00-04:00,1.598374719444047,1.6589192543026097,1.59030212762729,1.638737678527832,492500,0.0,0.0
2023-11-06 00:00:00-05:00,1.6548828621613458,1.6710280457948599,1.598374719444047,1.638737678527832,370500,0.0,0.0
2023-11-07 00:00:00-05:00,1.6145199080715766,1.6225924999133037,1.5822295407046685,1.5983747243881226,266900,0.0,0.0
2023-11-08 00:00:00-05:00,1.5741570442656696,1.6225925982514975,1.5660844519346984,1.5903022289276123,469600,0.0,0.0
2023-11-09 00:00:00-05:00,1.582229597807029,1.6387377427384864,1.5418665409088135,1.5418665409088135,212900,0.0,0.0
2023-11-10 00:00:00-05:00,1.541866578708893,1.606447413589555,1.529757690212436,1.5903022289276123,278600,0.0,0.0
2023-11-13 00:00:00-05:00,1.598374719444047,1.6548828621613458,1.5781932399021545,1.638737678527832,411200,0.0,0.0
2023-11-14 00:00:00-05:00,1.669413749250601,1.687173336899268,1.5903022289276123,1.5903022289276123,481800,0.0,0.0
2023-11-15 00:00:00-05:00,1.6145199984797864,1.6548829599486248,1.5903022215984834,1.6306651830673218,593500,0.0,0.0
2023-11-16 00:00:00-05:00,1.6145199898150562,1.6145199898150562,1.5499391555786133,1.5499391555786133,385600,0.0,0.0
2023-11-17 00:00:00-05:00,1.59030212762729,1.6395448799697765,1.5822295358105332,1.638737678527832,456100,0.0,0.0
2023-11-20 00:00:00-05:00,1.6468103099419715,1.7275364225163627,1.614519941898525,1.6952458620071411,750300,0.0,0.0
2023-11-21 00:00:00-05:00,1.6791006839865714,1.7235000364378825,1.6427741160407496,1.6548829078674316,427300,0.0,0.0
2023-11-22 00:00:00-05:00,1.6710280689839767,1.6710280689839767,1.606447333553724,1.6468102931976318,436000,0.0,0.0
2023-11-24 00:00:00-05:00,1.6952458980395197,1.6952458980395197,1.5741570153028566,1.622592568397522,675500,0.0,0.0
2023-11-27 00:00:00-05:00,1.6468103348715517,1.6468103348715517,1.5337939487757482,1.5418665409088135,475700,0.0,0.0
2023-11-28 00:00:00-05:00,1.5015036312936472,1.553975481942581,1.492623741152209,1.5176488161087036,519300,0.0,0.0
2023-11-29 00:00:00-05:00,1.493430808063119,1.5378300594422256,1.4369225737113782,1.4449951648712158,708000,0.0,0.0
2023-11-30 00:00:00-05:00,1.4692131324334845,1.4692131324334845,1.4046323026208105,1.4369226694107056,675500,0.0,0.0
2023-12-01 00:00:00-05:00,1.4369227531910205,1.5168414733954318,1.4248138649387967,1.501503586769104,474000,0.0,0.0
2023-12-04 00:00:00-05:00,1.5176485815426317,1.5176485815426317,1.4449951648712158,1.4449951648712158,346500,0.0,0.0
2023-12-05 00:00:00-05:00,1.4449953001749014,1.4449953001749014,1.3239063252061638,1.3319789171218872,979200,0.0,0.0
2023-12-06 00:00:00-05:00,1.3481239779999663,1.4207773948481315,1.3481239779999663,1.3642692565917969,494100,0.0,0.0
2023-12-07 00:00:00-05:00,1.3642694144841474,1.4248138553372705,1.3642694144841474,1.4207775592803955,358500,0.0,0.0
2023-12-08 00:00:00-05:00,1.4288501228921404,1.4651768829122747,1.4207775309394188,1.4530678987503052,311600,0.0,0.0
2023-12-11 00:00:00-05:00,1.444995241725533,1.501503479082752,1.3804145090120055,1.3884871006011963,440300,0.0,0.0
2023-12-12 00:00:00-05:00,1.3723418979082775,1.3965596723314764,1.3481240272521973,1.3481240272521973,298900,0.0,0.0
2023-12-13 00:00:00-05:00,1.3319788184404442,1.3957523475896434,1.3077610444874803,1.3723418712615967,738000,0.0,0.0
2023-12-14 00:00:00-05:00,1.388487096902472,1.4692131088122218,1.388487096902472,1.4288500547409058,870800,0.0,0.0
2023-12-15 00:00:00-05:00,1.4611404629282791,1.5095761099567848,1.444995279329739,1.4772857427597046,1442000,0.0,0.0
2023-12-18 00:00:00-05:00,1.4853583345589747,1.4934309263582446,1.4127049121326587,1.4772857427597046,603300,0.0,0.0
2023-12-19 00:00:00-05:00,1.4692132616635338,1.5418665933312885,1.4692132616635338,1.5176488161087036,529600,0.0,0.0
2023-12-20 00:00:00-05:00,1.501503609150425,1.5620480513140163,1.4772858322849884,1.5095762014389038,767700,0.0,0.0
2023-12-21 00:00:00-05:00,1.5337939207432223,1.574156976903739,1.5257213287576963,1.566084384918213,533300,0.0,0.0
2023-12-22 00:00:00-05:00,1.517648754200605,1.5337939383570653,1.453067921341875,1.461140513420105,559100,0.0,0.0
2023-12-26 00:00:00-05:00,1.4611404210116528,1.5095760666506555,1.4127048716055324,1.4288500547409058,371700,0.0,0.0
2023-12-27 00:00:00-05:00,1.4369227371854145,1.477285793809454,1.416741256989839,1.461140513420105,419700,0.0,0.0
2023-12-28 00:00:00-05:00,1.4772857880062664,1.5580117084714549,1.4692131959597476,1.4934309720993042,453800,0.0,0.0
2023-12-29 00:00:00-05:00,1.4853582382202148,1.5418663771500476,1.4732493513066791,1.4853582382202148,425000,0.0,0.0
2024-01-02 00:00:00-05:00,1.4853583627940785,1.4853583627940785,1.4207775309394188,1.4530678987503052,576600,0.0,0.0
2024-01-03 00:00:00-05:00,1.4530677768845743,1.4974671251337504,1.437729891953914,1.4853582382202148,445300,0.0,0.0
2024-01-04 00:00:00-05:00,1.4611404629282791,1.5095761099567848,1.4611404629282791,1.4772857427597046,375100,0.0,0.0
2024-01-05 00:00:00-05:00,1.4853582382202148,1.493430829495905,1.4409588899710388,1.4853582382202148,338300,0.0,0.0
2024-01-08 00:00:00-05:00,1.453067937527319,1.501503586769104,1.453067937527319,1.501503586769104,482500,0.0,0.0
2024-01-09 00:00:00-05:00,1.5337939428458474,1.582229591689868,1.4934309823365706,1.5741569995880127,640400,0.0,0.0
2024-01-10 00:00:00-05:00,1.566084373909816,1.6468102931976318,1.5580116857481476,1.6468102931976318,652400,0.0,0.0
2024-01-11 00:00:00-05:00,1.6468103479317078,1.777586418510807,1.6145199791433653,1.7356090545654297,951100,0.0,0.0
2024-01-12 00:00:00-05:00,1.7033184425352126,1.743681594783191,1.5822295631885999,1.6064473390579224,1390500,0.0,0.0
2024-01-16 00:00:00-05:00,1.574157059194294,1.60483292958948,1.5095762237011754,1.5176488161087036,814200,0.0,0.0
2024-01-17 00:00:00-05:00,1.4611404401834132,1.4813220156003166,1.4369226651625893,1.4692131280899048,593800,0.0,0.0
2024-01-18 00:00:00-05:00,1.477285770841357,1.4934309547468,1.4288501228921404,1.4530678987503052,688000,0.0,0.0
2024-01-19 00:00:00-05:00,1.436922714844862,1.4732494748649962,1.4127049389866972,1.4530678987503052,293800,0.0,0.0
2024-01-22 00:00:00-05:00,1.4288501170753418,1.46921317290752,1.4046323413157666,1.4086686372756958,510900,0.0,0.0
2024-01-23 00:00:00-05:00,1.477285825324617,1.606447397564612,1.469213233074173,1.5499391555786133,635000,0.0,0.0
2024-01-24 00:00:00-05:00,1.5903022146234187,1.7113910984988376,1.5903022146234187,1.6710281372070312,1196600,0.0,0.0
2024-01-25 00:00:00-05:00,1.6791006779854178,1.7033184540180029,1.5983747578768017,1.6952458620071411,2506400,0.0,0.0
2024-01-26 00:00:00-05:00,1.6871732955368783,1.703318479803009,1.5418665409088135,1.5418665409088135,696300,0.0,0.0
2024-01-29 00:00:00-05:00,1.5580117551697767,1.5983748128450619,1.4692132399965097,1.5095762014389038,975600,0.0,0.0
2024-01-30 00:00:00-05:00,1.5095760864579446,1.5095760864579446,1.4611404401834132,1.4692131280899048,561400,0.0,0.0
2024-01-31 00:00:00-05:00,1.485358385887684,1.517648754200605,1.453067921341875,1.461140513420105,559000,0.0,0.0
2024-02-01 00:00:00-05:00,1.4772857197635128,1.5095760864579446,1.4369226651625893,1.4692131280899048,628600,0.0,0.0
2024-02-02 00:00:00-05:00,1.4530678333147238,1.4813220001097747,1.3804145090120055,1.3884871006011963,779500,0.0,0.0
2024-02-05 00:00:00-05:00,1.4127048036686551,1.4127048036686551,1.3602328647691808,1.3642692565917969,890000,0.0,0.0
2024-02-06 00:00:00-05:00,1.453067829443966,1.4692131088122218,1.4288500547409058,1.4288500547409058,783400,0.0,0.0
2024-02-07 00:00:00-05:00,1.4449953356216447,1.4449953356216447,1.3965597829391463,1.4207775592803955,497600,0.0,0.0
2024-02-08 00:00:00-05:00,1.4046322837795782,1.444995241725533,1.3400514548331681,1.3884871006011963,840000,0.0,0.0
2024-02-09 00:00:00-05:00,1.3884871908253966,1.4369227435078948,1.3731492080695389,1.4207775592803955,368800,0.0,0.0
2024-02-12 00:00:00-05:00,1.4127048002318654,1.493430808063119,1.4127048002318654,1.4449951648712158,626500,0.0,0.0
2024-02-13 00:00:00-05:00,1.43692272056517,1.444995312550028,1.372341984686305,1.4127049446105957,878400,0.0,0.0
2024-02-14 00:00:00-05:00,1.4369226875304688,1.4772857427597046,1.4207775039319288,1.4772857427597046,487800,0.0,0.0
2024-02-15 00:00:00-05:00,1.469213055668834,1.5095760120472859,1.469213055668834,1.4853582382202148,478100,0.0,0.0
2024-02-16 00:00:00-05:00,1.4934309720993042,1.5257213402853795,1.4611405076803408,1.4934309720993042,568400,0.0,0.0
2024-02-20 00:00:00-05:00,1.493430912175137,1.493430912175137,1.3884871235483913,1.396559715270996,1295500,0.0,0.0
2024-02-21 00:00:00-05:00,1.4207775592803955,1.4490316316785194,1.3965597829391463,1.4207775592803955,763400,0.0,0.0
2024-02-22 00:00:00-05:00,1.4530679045348862,1.477285776722348,1.4005960566333084,1.4127049446105957,786600,0.0,0.0
2024-02-23 00:00:00-05:00,1.4449952611081793,1.453067852805653,1.4046323026208105,1.4369226694107056,550400,0.0,0.0
2024-02-26 00:00:00-05:00,1.4369226463085925,1.4369226463085925,1.4046322800378455,1.4288500547409058,523500,0.0,0.0
2024-02-27 00:00:00-05:00,1.453067871129009,1.5337938853545952,1.4369226875304688,1.4772857427597046,1141200,0.0,0.0
2024-02-28 00:00:00-05:00,1.453067871129009,1.4853583345589747,1.4328863916308339,1.4772857427597046,697000,0.0,0.0
2024-02-29 00:00:00-05:00,1.469213055668834,1.5652769495892769,1.469213055668834,1.4853582382202148,5171800,0.0,0.0
2024-03-01 00:00:00-05:00,1.525721408516232,1.5660844667867657,1.4934310388861187,1.5176488161087036,1866200,0.0,0.0
2024-03-04 00:00:00-05:00,1.5095761687645313,1.5337939451057805,1.4127049671666458,1.4207775592803955,1081800,0.0,0.0
2024-03-05 00:00:00-05:00,1.4127048753687692,1.4127048753687692,1.3723419174228144,1.3884871006011963,887900,0.0,0.0
2024-03-06 00:00:00-05:00,1.4288501228921404,1.4853583627940785,1.4288501228921404,1.4530678987503052,1246700,0.0,0.0
2024-03-07 00:00:00-05:00,1.4530679045348862,1.4530679045348862,1.4127049446105957,1.4127049446105957,540700,0.0,0.0
2024-03-08 00:00:00-05:00,1.4127048716055324,1.453067829443966,1.4127048716055324,1.4288500547409058,568300,0.0,0.0
2024-03-11 00:00:00-04:00,1.453067915633822,1.5337939323318983,1.4409590275640438,1.4934309720993042,825800,0.0,0.0
2024-03-12 00:00:00-04:00,1.5337940454483032,1.5660845122486695,1.5257214528064356,1.5337940454483032,1022600,0.0,0.0
2024-03-13 00:00:00-04:00,1.5337939581577458,1.6387377527624103,1.5337939581577458,1.622592568397522,1369400,0.0,0.0
2024-03-14 00:00:00-04:00,1.5822295688892647,1.6185563290570184,1.5499391047142739,1.566084384918213,1507800,0.0,0.0
2024-03-15 00:00:00-04:00,1.5741569887973805,1.5741569887973805,1.4692131959597476,1.4934309720993042,6848500,0.0,0.0
2024-03-18 00:00:00-04:00,1.5095761178962397,1.6064473162298496,1.5015035260545126,1.5983747243881226,831900,0.0,0.0
2024-03-19 00:00:00-04:00,1.5983748138922511,1.6387377753610894,1.5822296293047158,1.6306651830673218,1186200,0.0,0.0
2024-03-20 00:00:00-04:00,1.6629555106932683,1.7356090319877029,1.6589193108801203,1.7275364398956299,1548100,0.0,0.0
2024-03-21 00:00:00-04:00,1.5580117251749441,1.6225925584723557,1.5095761723765522,1.5418665409088135,3670600,0.0,0.0
2024-03-22 00:00:00-04:00,1.525721408516232,1.5459028895350526,1.5095762237011754,1.5176488161087036,1022200,0.0,0.0
2024-03-25 00:00:00-04:00,1.533793785874357,1.5459026727878926,1.469213055668834,1.4853582382202148,1470900,0.0,0.0
2024-03-26 00:00:00-04:00,1.4934309263582446,1.5168414040829739,1.4772857427597046,1.4772857427597046,878000,0.0,0.0
2024-03-27 00:00:00-04:00,1.4853582169032813,1.4853582169032813,1.4369225737113782,1.4449951648712158,810900,0.0,0.0
2024-03-28 00:00:00-04:00,1.4530678987503052,1.4813220668177178,1.4449953067975836,1.4530678987503052,927600,0.0,0.0
2024-04-01 00:00:00-04:00,1.4692131280899048,1.5015034947843366,1.4449952568361972,1.4692131280899048,1161900,0.0,0.0
2024-04-02 00:00:00-04:00,1.4692131788886353,1.4692131788886353,1.436922714844862,1.4530678987503052,906700,0.0,0.0
2024-04-03 00:00:00-04:00,1.453067921341875,1.4692132017312236,1.4369227371854145,1.461140513420105,453800,0.0,0.0
2024-04-04 00:00:00-04:00,1.4692131324334845,1.5015034992233798,1.4369226694107056,1.4369226694107056,829200,0.0,0.0
2024-04-05 00:00:00-04:00,1.4611404445031269,1.4611404445031269,1.4369226694107056,1.4369226694107056,476100,0.0,0.0
2024-04-08 00:00:00-04:00,1.444995279329739,1.4934309263582446,1.444995279329739,1.4772857427597046,466200,0.0,0.0
2024-04-09 00:00:00-04:00,1.4772857427597046,1.5015035181575147,1.4692131509604345,1.4772857427597046,465600,0.0,0.0
2024-04-10 00:00:00-04:00,1.469213055668834,1.533793785874357,1.469213055668834,1.4853582382202148,1304700,0.0,0.0
2024-04-11 00:00:00-04:00,1.5095760864579446,1.5136123822947485,1.4611404401834132,1.4692131280899048,296800,0.0,0.0
2024-04-12 00:00:00-04:00,1.461140519849144,1.4692132081957827,1.404632375052896,1.4207775592803955,1049900,0.0,0.0
2024-04-15 00:00:00-04:00,1.4369226542795537,1.4369226542795537,1.3400514586970622,1.356196641921997,1351100,0.0,0.0
2024-04-16 00:00:00-04:00,1.3642693810176674,1.3804145648491142,1.307761141374717,1.3319789171218872,799800,0.0,0.0
2024-04-17 00:00:00-04:00,1.3790690795379934,1.3790690795379934,1.3117973804473877,1.3117973804473877,801400,0.066,0.0
2024-04-18 00:00:00-04:00,1.3454333084204517,1.3580467334698276,1.3328198833710758,1.3538422584533691,543200,0.0,0.0
2024-04-19 00:00:00-04:00,1.3454332630305308,1.3706601122782223,1.3454332630305308,1.3622511625289917,222500,0.0,0.0
2024-04-22 00:00:00-04:00,1.3790690443238671,1.395886943606431,1.3454332457587392,1.387477993965149,700200,0.0,0.0
2024-04-23 00:00:00-04:00,1.395886900302391,1.4379317474470472,1.3874779509219766,1.4211138486862183,730800,0.0,0.0
2024-04-24 00:00:00-04:00,1.4295228719711304,1.4379318217862767,1.3874780226528096,1.4295228719711304,807100,0.0,0.0
2024-04-25 00:00:00-04:00,1.4211138486862183,1.43372727275684,1.4042958496828055,1.4211138486862183,577600,0.0,0.0
2024-04-26 00:00:00-04:00,1.429522826499089,1.454749675142081,1.404295877613511,1.437931776046753,871400,0.0,0.0
2024-04-29 00:00:00-04:00,1.4211140466657721,1.4799767005290019,1.4127049958712845,1.4715677499771118,900100,0.0,0.0
2024-04-30 00:00:00-04:00,1.4547497960870253,1.4547497960870253,1.3832736187469108,1.4127049446105957,807600,0.0,0.0
2024-05-01 00:00:00-04:00,1.4042959943638287,1.437931895593491,1.4042959943638287,1.4127049446105957,254300,0.0,0.0
2024-05-02 00:00:00-04:00,1.4547498292217826,1.5052035318515664,1.4295229779068908,1.496794581413269,847200,0.0,0.0
2024-05-03 00:00:00-04:00,1.505203485356106,1.5304304361343384,1.4967945351775598,1.5304304361343384,739700,0.0,0.0
2024-05-06 00:00:00-04:00,1.5304303449307273,1.5640661436404397,1.471567596946143,1.5472482442855835,805500,0.0,0.0
2024-05-07 00:00:00-04:00,1.5472483899175962,1.5724752413243133,1.5346349642142378,1.5640662908554077,780600,0.0,0.0
2024-05-08 00:00:00-04:00,1.5304304173445775,1.5640662176458016,1.4967945168007613,1.5556572675704956,770200,0.0,0.0
2024-05-09 00:00:00-04:00,1.5556572944894032,1.5892930953726572,1.543043869158183,1.5724751949310303,647300,0.0,0.0
2024-05-10 00:00:00-04:00,1.5724751949310303,1.5892930953726572,1.5472483442685898,1.5724751949310303,495600,0.0,0.0
2024-05-13 00:00:00-04:00,1.564066181050036,1.6649736798352832,1.564066181050036,1.60611093044281,1025300,0.0,0.0
2024-05-14 00:00:00-04:00,1.6061109489327348,1.6061109489327348,1.5640661990559317,1.5808840990066528,370800,0.0,0.0
2024-05-15 00:00:00-04:00,1.6145198803213647,1.6649736798352832,1.5892930306857005,1.60611093044281,397900,0.0,0.0
2024-05-16 00:00:00-04:00,1.6145198721379805,1.655723786479606,1.5892930226301814,1.6439512968063354,788000,0.0,0.0
2024-05-17 00:00:00-04:00,1.6481558452156153,1.6733826958482803,1.6061109939185798,1.6271333694458008,1073200,0.0,0.0
2024-05-20 00:00:00-04:00,1.5724751760083195,1.6145199266064327,1.564066225888697,1.5977020263671875,498900,0.0,0.0
2024-05-21 00:00:00-04:00,1.5892930953726572,1.5977020455934707,1.5640662447102167,1.5724751949310303,436200,0.0,0.0
2024-05-22 00:00:00-04:00,1.5724751949310303,1.5884522604961322,1.5640662447102167,1.5724751949310303,457600,0.0,0.0
2024-05-23 00:00:00-04:00,1.5724752617313877,1.5808842123094222,1.526226033552199,1.5388394594192505,1288600,0.0,0.0
2024-05-24 00:00:00-04:00,1.513612443142742,1.5892930953726572,1.4883855924803016,1.5724751949310303,1287300,0.0,0.0
2024-05-28 00:00:00-04:00,1.5724752413243133,1.606111043199936,1.5388394394486906,1.5640662908554077,843000,0.0,0.0
2024-05-29 00:00:00-04:00,1.5556573605753192,1.5640663111533535,1.5304305088412162,1.5388394594192505,377800,0.0,0.0
2024-05-30 00:00:00-04:00,1.5304304889797848,1.5640662908554077,1.5220214382682824,1.5640662908554077,438500,0.0,0.0
2024-05-31 00:00:00-04:00,1.5388392946081553,1.5640661436404397,1.4967944459784275,1.5472482442855835,619600,0.0,0.0
2024-06-03 00:00:00-04:00,1.5808841653913124,1.5808841653913124,1.5136124625209562,1.5220214128494263,272500,0.0,0.0
2024-06-04 00:00:00-04:00,1.5136124625209562,1.5304304634204915,1.505203512192486,1.5220214128494263,213600,0.0,0.0
2024-06-05 00:00:00-04:00,1.5220212653062322,1.5220212653062322,1.4883854672529717,1.505203366279602,629200,0.0,0.0
2024-06-06 00:00:00-04:00,1.4967944993292608,1.5472482994347614,1.4967944993292608,1.5262259244918823,375800,0.0,0.0
2024-06-07 00:00:00-04:00,1.5304304834090547,1.5304304834090547,1.488385630974972,1.496794581413269,464400,0.0,0.0
2024-06-10 00:00:00-04:00,1.4883856510808917,1.4967946016327818,1.463158799425222,1.4715677499771118,387900,0.0,0.0
2024-06-11 00:00:00-04:00,1.4631586442951967,1.4715675939555357,1.454749694634858,1.4673631191253662,280900,0.0,0.0
2024-06-12 00:00:00-04:00,1.4715676965805595,1.4782948768264919,1.4127049446105957,1.4127049446105957,525300,0.0,0.0
2024-06-13 00:00:00-04:00,1.4379318679172424,1.4463408180021602,1.395887017250061,1.395887017250061,287100,0.0,0.0
2024-06-14 00:00:00-04:00,1.4042960506929953,1.4110232312087687,1.3832736742328273,1.3916826248168945,672500,0.0,0.0
2024-06-17 00:00:00-04:00,1.3874780938702944,1.421113995099957,1.3790691436235272,1.4127049446105957,346900,0.0,0.0
2024-06-18 00:00:00-04:00,1.41270479906322,1.4211138486862183,1.395886900302391,1.4211138486862183,343100,0.0,0.0
2024-06-20 00:00:00-04:00,1.41270479906322,1.4211138486862183,1.395886900302391,1.4211138486862183,295500,0.0,0.0
2024-06-21 00:00:00-04:00,1.4042959492072313,1.4547497493080337,1.4042959492072313,1.446340799331665,621700,0.0,0.0
2024-06-24 00:00:00-04:00,1.4463407716014232,1.4463407716014232,1.421113922155984,1.4295228719711304,279700,0.0,0.0
2024-06-25 00:00:00-04:00,1.4211139677474067,1.4219548026103432,1.3790691170802252,1.395887017250061,429900,0.0,0.0
2024-06-26 00:00:00-04:00,1.3958869715162703,1.412704871135097,1.3790690718974437,1.4042959213256836,306800,0.0,0.0
2024-06-27 00:00:00-04:00,1.395886943606431,1.4034550584291368,1.3790690443238671,1.387477993965149,189800,0.0,0.0
2024-06-28 00:00:00-04:00,1.4211138927728637,1.4211138927728637,1.387477993965149,1.387477993965149,226300,0.0,0.0
2024-07-01 00:00:00-04:00,1.3790691170802252,1.4042959673349789,1.3790691170802252,1.395887017250061,207100,0.0,0.0
2024-07-02 00:00:00-04:00,1.3958870364150116,1.3958870364150116,1.3664557107137192,1.3706601858139038,327400,0.0,0.0
2024-07-03 00:00:00-04:00,1.3790691170802252,1.395887017250061,1.337024366655636,1.395887017250061,564000,0.0,0.0
2024-07-05 00:00:00-04:00,1.4042959866153808,1.4042959866153808,1.3622512356135346,1.3706601858139038,539000,0.0,0.0
2024-07-08 00:00:00-04:00,1.3790690620274528,1.3874780117766834,1.3454332630305308,1.3622511625289917,478900,0.0,0.0
2024-07-09 00:00:00-04:00,1.3538421954000213,1.395886943606431,1.3538421954000213,1.387477993965149,323300,0.0,0.0
2024-07-10 00:00:00-04:00,1.3874779868931906,1.4295228351278852,1.3874779868931906,1.4253183603286743,425300,0.0,0.0
2024-07-11 00:00:00-04:00,1.4379318762905462,1.4799766269599688,1.4253184510897194,1.4631587266921997,728400,0.0,0.0
2024-07-12 00:00:00-04:00,1.4715677300983772,1.522021432728161,1.4631587796600798,1.496794581413269,662000,0.0,0.0
2024-07-15 00:00:00-04:00,1.4799767005290019,1.4967946016327818,1.463158799425222,1.4715677499771118,543800,0.0,0.0
2024-07-16 00:00:00-04:00,1.4631586187130263,1.505203366279602,1.4631586187130263,1.505203366279602,395500,0.0,0.0
2024-07-17 00:00:00-04:00,1.488385558128357,1.5136124082085616,1.471567658074887,1.488385558128357,447800,0.0,0.0
2024-07-18 00:00:00-04:00,1.4883854733327373,1.4967944228804013,1.395886928065847,1.437931776046753,546100,0.0,0.0
2024-07-19 00:00:00-04:00,1.4379318493552966,1.4631586992844023,1.429522899378928,1.446340799331665,168100,0.0,0.0
2024-07-22 00:00:00-04:00,1.4547497580214173,1.4967945081550917,1.4379318579679474,1.488385558128357,249100,0.0,0.0
2024-07-23 00:00:00-04:00,1.4799766540527344,1.4967945546283754,1.4295229523258113,1.4799766540527344,841800,0.0,0.0
2024-07-24 00:00:00-04:00,1.4799765525404274,1.488385502251474,1.4547497034072876,1.4547497034072876,268400,0.0,0.0
2024-07-25 00:00:00-04:00,1.4547497672106489,1.496794517609908,1.4379318670509453,1.4757721424102783,327600,0.0,0.0
2024-07-26 00:00:00-04:00,1.479976608101622,1.5094079331951942,1.455590592878536,1.488385558128357,956200,0.0,0.0
2024-07-29 00:00:00-04:00,1.4799766540527344,1.4967945546283754,1.4799766540527344,1.4799766540527344,282500,0.0,0.0
2024-07-30 00:00:00-04:00,1.4967945546283754,1.4967945546283754,1.4799766540527344,1.4799766540527344,419200,0.0,0.0
2024-07-31 00:00:00-04:00,1.4967945546283754,1.505203504916196,1.475772178908824,1.4799766540527344,755800,0.0,0.0
2024-08-01 00:00:00-04:00,1.4883855675300561,1.4883855675300561,1.4547497672106489,1.4757721424102783,816500,0.0,0.0
2024-08-02 00:00:00-04:00,1.4715676965805595,1.4715676965805595,1.4127049446105957,1.4127049446105957,391900,0.0,0.0
2024-08-05 00:00:00-04:00,1.3538422401321633,1.4042959396468895,1.3202064404556788,1.3790690898895264,414000,0.0,0.0
2024-08-06 00:00:00-04:00,1.3874780938702944,1.421113995099957,1.3706601933767601,1.4127049446105957,328500,0.0,0.0
2024-08-07 00:00:00-04:00,1.4295228896468428,1.437931839565964,1.3790690898895264,1.3790690898895264,229100,0.0,0.0
2024-08-08 00:00:00-04:00,1.387477993965149,1.404295893247713,1.3622511450413033,1.387477993965149,1064800,0.0,0.0
2024-08-09 00:00:00-04:00,1.3874780398086475,1.3874780398086475,1.3706601399704053,1.3790690898895264,188200,0.0,0.0
2024-08-12 00:00:00-04:00,1.3706601858139038,1.3958870364150116,1.3706601858139038,1.3706601858139038,334300,0.0,0.0
2024-08-13 00:00:00-04:00,1.3790691436235272,1.421113995099957,1.3622512431299931,1.4127049446105957,428400,0.0,0.0
2024-08-14 00:00:00-04:00,1.4127049446105957,1.421113995099957,1.3706601933767601,1.4127049446105957,277500,0.0,0.0
2024-08-15 00:00:00-04:00,1.404295877613511,1.446340725594417,1.395886928065847,1.437931776046753,525300,0.0,0.0
2024-08-16 00:00:00-04:00,1.4547497034072876,1.4967944519625205,1.4211139045631012,1.4547497034072876,463800,0.0,0.0
2024-08-19 00:00:00-04:00,1.471567703764914,1.4967945546283754,1.454749803189273,1.4799766540527344,756100,0.0,0.0
2024-08-20 00:00:00-04:00,1.4715677499771118,1.4925901263568369,1.463158799425222,1.4715677499771118,443400,0.0,0.0
2024-08-21 00:00:00-04:00,1.463158799425222,1.475772225253057,1.442136423045497,1.4715677499771118,696400,0.0,0.0
2024-08-22 00:00:00-04:00,1.4799766540527344,1.488385604340555,1.454749803189273,1.4799766540527344,397700,0.0,0.0
2024-08-23 00:00:00-04:00,1.471567703764914,1.505203504916196,1.454749803189273,1.4799766540527344,625300,0.0,0.0
2024-08-26 00:00:00-04:00,1.479976608101622,1.4967945081550917,1.4631587080481523,1.488385558128357,795400,0.0,0.0
2024-08-27 00:00:00-04:00,1.5052034581818268,1.5094079331951942,1.471567658074887,1.488385558128357,643700,0.0,0.0
2024-08-28 00:00:00-04:00,1.4967945473208608,1.4967945473208608,1.4042959943638287,1.4127049446105957,734400,0.0,0.0
2024-08-29 00:00:00-04:00,1.4379317474470472,1.450545171517669,1.4211138486862183,1.4211138486862183,427900,0.0,0.0
2024-08-30 00:00:00-04:00,1.446340753696241,1.4547497034072876,1.4211139045631012,1.4547497034072876,289900,0.0,0.0
2024-09-03 00:00:00-04:00,1.4379318762905462,1.4715676768260844,1.4211139760227773,1.4631587266921997,466400,0.0,0.0
2024-09-04 00:00:00-04:00,1.454749675142081,1.463158624689745,1.4211138769514249,1.437931776046753,319800,0.0,0.0
2024-09-05 00:00:00-04:00,1.446340753696241,1.4547497034072876,1.4295228542741478,1.4547497034072876,320400,0.0,0.0
2024-09-06 00:00:00-04:00,1.446340753696241,1.4799765525404274,1.4295228542741478,1.4547497034072876,730900,0.0,0.0
2024-09-09 00:00:00-04:00,1.454749675142081,1.4673630994635771,1.437931776046753,1.437931776046753,361100,0.0,0.0
2024-09-10 00:00:00-04:00,1.4379318493552966,1.446340799331665,1.4127048991836,1.446340799331665,525100,0.0,0.0
2024-09-11 00:00:00-04:00,1.446340753696241,1.4631586531183343,1.4211139045631012,1.4547497034072876,297600,0.0,0.0
2024-09-12 00:00:00-04:00,1.4631587266921997,1.4883855770938532,1.4211139760227773,1.4631587266921997,1022200,0.0,0.0
2024-09-13 00:00:00-04:00,1.4631586531183343,1.4967944519625205,1.4379318039851945,1.4547497034072876,381500,0.0,0.0
2024-09-16 00:00:00-04:00,1.4565045555522913,1.4828270070601943,1.4565045555522913,1.4740527868270874,298800,0.072,0.0
2024-09-17 00:00:00-04:00,1.4828268401745084,1.4828268401745084,1.4477302769791722,1.4652785062789917,818900,0.0,0.0
2024-09-18 00:00:00-04:00,1.4652786530778465,1.4652786530778465,1.4301821909620704,1.4477304220199585,973600,0.0,0.0
2024-09-19 00:00:00-04:00,1.482826914005515,1.482826914005515,1.4301821188891375,1.456504464149475,2063000,0.0,0.0
2024-09-20 00:00:00-04:00,1.456504471386631,1.5003751516342163,1.4301821259955019,1.5003751516342163,2393500,0.0,0.0
2024-09-23 00:00:00-04:00,1.4740526209289015,1.5003750694743279,1.4565043916290819,1.4652785062789917,1396700,0.0,0.0
2024-09-24 00:00:00-04:00,1.5266974636243238,1.5617939233779907,1.5003751188090735,1.5617939233779907,2874500,0.0,0.0
2024-09-25 00:00:00-04:00,1.579342246055603,1.5968905815592622,1.5442457842396984,1.579342246055603,2522100,0.0,0.0
2024-09-26 00:00:00-04:00,1.7021800567025545,1.8329144385798326,1.6934058367296774,1.7986953258514404,4810400,0.0,0.0
2024-09-27 00:00:00-04:00,1.8864366458324333,2.140886195164228,1.8864366458324333,2.097015619277954,7609800,0.0,0.0
2024-09-30 00:00:00-04:00,2.4041101027034015,2.579592633179333,2.2812722686128213,2.386561870574951,9324800,0.0,0.0
2024-10-01 00:00:00-04:00,2.5093992444887143,3.04023373625984,2.4348193699978533,3.0270726680755615,15107300,0.0,0.0
2024-10-02 00:00:00-04:00,3.4833272120534104,4.123838064049153,2.702430093211734,2.895460844039917,29091700,0.0,0.0
2024-10-03 00:00:00-04:00,2.746300889703576,3.1279752303416894,2.658559524914231,2.9832022190093994,6934300,0.0,0.0
2024-10-04 00:00:00-04:00,3.202555252849934,3.4131342312454285,3.0972656590564807,3.1937811374664307,8667200,0.0,0.0
2024-10-07 00:00:00-04:00,3.509649361871714,3.6763577567665573,2.983202041267518,3.2376515865325928,12342100,0.0,0.0
2024-10-08 00:00:00-04:00,2.6322371061349856,2.9832021372962143,2.5444959529403834,2.728752374649048,8107500,0.0,0.0
2024-10-09 00:00:00-04:00,2.719978324776418,3.088491595443559,2.711204209245839,2.7813973426818848,7130400,0.0,0.0
2024-10-10 00:00:00-04:00,2.825267680729931,2.9305570581675124,2.684881634955092,2.719978094100952,5034200,0.0,0.0
2024-10-11 00:00:00-04:00,2.6585593992705845,2.991976193168252,2.5971405932546903,2.939331293106079,4656100,0.0,0.0
2024-10-14 00:00:00-04:00,2.939331106221959,3.3604890247934756,2.939331106221959,3.228877305984497,7858100,0.0,0.0
2024-10-15 00:00:00-04:00,3.097265291672433,3.114813520357946,2.6410109274663256,2.649785041809082,6519400,0.0,0.0
2024-10-16 00:00:00-04:00,2.78139729164976,2.78139729164976,2.5181734121791064,2.5269477367401123,3022200,0.0,0.0
2024-10-17 00:00:00-04:00,2.456754791743031,2.5357220452763727,2.303207656482484,2.5006253719329834,3884500,0.0,0.0
2024-10-18 00:00:00-04:00,2.711204121957167,2.790171368381399,2.5357218169953377,2.5883665084838867,3240200,0.0,0.0
2024-10-21 00:00:00-04:00,2.526947481357364,2.785783963197122,2.526947481357364,2.7638487815856934,2066500,0.0,0.0
2024-10-22 00:00:00-04:00,2.763849128341174,3.14903307441267,2.746300897173855,2.921783208847046,6749000,0.0,0.0
2024-10-23 00:00:00-04:00,2.921783210126538,3.009524575192973,2.8077197074890137,2.8077197074890137,2996800,0.0,0.0
2024-10-24 00:00:00-04:00,2.807719353999941,2.847202764577069,2.6673333130829575,2.7638487815856934,2340000,0.0,0.0
2024-10-25 00:00:00-04:00,2.78139744363376,2.8691386021241465,2.7068173543212195,2.7375266551971436,1771700,0.0,0.0
2024-10-28 00:00:00-04:00,2.7726231565615285,2.939331347398208,2.7199782555269567,2.9042348861694336,2838200,0.0,0.0
2024-10-29 00:00:00-04:00,3.0226855073748924,3.1060397062848586,2.842816041364201,2.851590156555176,7185800,0.0,0.0
2024-10-30 00:00:00-04:00,2.7901713118705334,2.838428840161946,2.7287522971864377,2.798945426940918,2057700,0.0,0.0
2024-10-31 00:00:00-04:00,2.7726231760796196,2.8077196375554587,2.6761076978296514,2.7857842445373535,2047300,0.0,0.0
2024-11-01 00:00:00-04:00,2.79017147631401,2.965653997255464,2.7638491295515046,2.8077197074890137,2300100,0.0,0.0
2024-11-04 00:00:00-05:00,2.851590235648501,3.2288776177078984,2.851590235648501,3.2201035022735596,5650100,0.0,0.0
2024-11-05 00:00:00-05:00,3.342941028170642,3.369263373763552,3.062169132654865,3.1411361694335938,4217000,0.0,0.0
2024-11-06 00:00:00-05:00,2.9656537966869183,3.1937809957250347,2.922660570458386,3.1499102115631104,4149400,0.0,0.0
2024-11-07 00:00:00-05:00,3.3429410587599477,3.474552997120208,3.167458544010071,3.430682420730591,4492900,0.0,0.0
2024-11-08 00:00:00-05:00,3.2551996509177648,3.2551996509177648,3.084104311808823,3.1674582958221436,3827600,0.0,0.0
2024-11-11 00:00:00-05:00,3.2376517403884053,3.395585818559976,3.158684492111206,3.158684492111206,3175000,0.0,0.0
2024-11-12 00:00:00-05:00,3.044621037542981,3.0533951531304826,2.768236082749547,2.8077197074890137,3326800,0.0,0.0
2024-11-13 00:00:00-05:00,2.8252680228789533,2.8779127179731856,2.7199784234990663,2.7375266551971436,1547700,0.0,0.0
2024-11-14 00:00:00-05:00,2.7287524403069967,2.8296548735043605,2.641011285001208,2.7813973426818848,2766900,0.0,0.0
2024-11-15 00:00:00-05:00,2.8077197984232836,2.93055742062668,2.785784404148394,2.825268030166626,1805800,0.0,0.0
2024-11-18 00:00:00-05:00,2.860364401014025,2.93055732571404,2.8077197074890137,2.8077197074890137,1723300,0.0,0.0
2024-11-19 00:00:00-05:00,2.8077197984232836,2.8428162619099684,2.721733337366052,2.825268030166626,1305600,0.0,0.0
2024-11-20 00:00:00-05:00,2.8515902841777696,2.939331440014365,2.84281616859411,2.921783208847046,1495400,0.0,0.0
2024-11-21 00:00:00-05:00,2.921783190626749,2.9963632772184807,2.8384289885060734,2.895460844039917,1586100,0.0,0.0
2024-11-22 00:00:00-05:00,2.7901713127347536,3.0226854667676637,2.7901713127347536,2.9744279384613037,4767300,0.0,0.0
2024-11-25 00:00:00-05:00,3.0270727968083637,3.0446210279279495,2.9305573164592262,2.9832022190093994,4408300,0.0,0.0
2024-11-26 00:00:00-05:00,3.1850067967913365,3.8255178020547502,2.9217829355225606,3.7465505599975586,15640000,0.0,0.0
2024-11-27 00:00:00-05:00,4.022935750957266,4.448480867664111,3.8386791197391603,4.299320697784424,13204400,0.0,0.0
2024-11-29 00:00:00-05:00,4.2291279797457255,4.4748032210023325,4.132612497203494,4.44848108291626,4662700,0.0,0.0
2024-12-02 00:00:00-05:00,4.588866525209646,4.8740253665093265,4.39583599574849,4.553770065307617,8347800,0.0,0.0
2024-12-03 00:00:00-05:00,4.562543626373549,4.895960388634671,4.474802483247668,4.8345417976379395,4915300,0.0,0.0
2024-12-04 00:00:00-05:00,4.808219622215107,4.869638636406564,4.5888665380235105,4.781897068023682,4749700,0.0,0.0
2024-12-05 00:00:00-05:00,4.781896837757666,5.005637073271047,4.650285328286532,4.755574703216553,4423900,0.0,0.0
2024-12-06 00:00:00-05:00,4.860864595128227,5.001250443299118,4.698543353584927,4.869638919830322,4034300,0.0,0.0
2024-12-09 00:00:00-05:00,5.317119199355481,5.448731145644957,5.132862558226785,5.194281578063965,8852400,0.0,0.0
2024-12-10 00:00:00-05:00,5.080217583193579,5.290796769319037,4.9310574135178,5.167958736419678,2915400,0.0,0.0
2024-12-11 00:00:00-05:00,5.115314403980742,5.308345373026911,5.027573244588323,5.238152027130127,2973700,0.0,0.0
2024-12-12 00:00:00-05:00,5.352214917156105,5.352214917156105,5.154797234408506,5.220602989196777,1837200,0.0,0.0
2024-12-13 00:00:00-05:00,5.194281144945033,5.273248389810697,5.049508141613187,5.185506820678711,3243800,0.0,0.0
2024-12-16 00:00:00-05:00,5.045120528837138,5.1328616717490565,4.93105683386026,5.0714430809021,3439800,0.0,0.0
2024-12-17 00:00:00-05:00,5.071443700888456,5.51453663135765,5.010024684150225,5.343441486358643,5996600,0.0,0.0
2024-12-18 00:00:00-05:00,5.3960862763992,5.470666362939977,4.992476543960702,5.036346912384033,2976400,0.0,0.0
2024-12-19 00:00:00-05:00,5.045121084741571,5.167958698353307,4.939831701645796,5.11531400680542,3247100,0.0,0.0
2024-12-20 00:00:00-05:00,5.088991764046019,5.422408136892895,4.957379828730849,5.185506820678711,10494600,0.0,0.0
2024-12-23 00:00:00-05:00,5.220603174965025,5.352215107607589,5.176732809672704,5.255699634552002,1869700,0.0,0.0
2024-12-24 00:00:00-05:00,5.264473626247138,5.308344407152307,5.167958159285431,5.299570083618164,1172700,0.0,0.0
2024-12-26 00:00:00-05:00,5.308344809850132,5.584729328018148,5.1942811055498925,5.545246124267578,3136400,0.0,0.0
2024-12-27 00:00:00-05:00,5.510149821165812,5.510149821165812,5.299570636584681,5.404860019683838,2701100,0.0,0.0
2024-12-30 00:00:00-05:00,5.299570675450237,5.378537922545137,5.150410505774458,5.167958736419678,2248200,0.0,0.0
2024-12-31 00:00:00-05:00,5.220603644943377,5.255700107689869,5.045121331210915,5.088992118835449,1759700,0.0,0.0
2025-01-02 00:00:00-05:00,5.09776525781641,5.124087810104602,4.91350864694739,5.062668800354004,1605800,0.0,0.0
2025-01-03 00:00:00-05:00,5.084604672000086,5.431182536023745,5.031959980824914,5.35221529006958,2135300,0.0,0.0
2025-01-06 00:00:00-05:00,5.457504751257216,5.5013755370616755,5.137249437386249,5.167958736419678,2007400,0.0,0.0
2025-01-07 00:00:00-05:00,5.124088581581941,5.124088581581941,4.878412923973657,5.088992118835449,2105500,0.0,0.0
2025-01-08 00:00:00-05:00,5.0187985936190245,5.1197012341564765,4.966153901401458,5.053895473480225,1069200,0.0,0.0
2025-01-10 00:00:00-05:00,5.088992242488495,5.0977661491968895,4.917896668654913,4.957380294799805,1386900,0.0,0.0
2025-01-13 00:00:00-05:00,4.922283465581712,5.255699845009188,4.895960910646029,5.176733016967773,2106700,0.0,0.0
2025-01-14 00:00:00-05:00,5.360989461284357,5.694405829200846,5.352215137147786,5.49260139465332,3609600,0.0,0.0
2025-01-15 00:00:00-05:00,5.580342623741067,5.641761220042355,5.422408134091337,5.597890853881836,2352000,0.0,0.0
2025-01-16 00:00:00-05:00,5.597891147486085,5.6329876096084,5.510149992180296,5.5627946853637695,1972100,0.0,0.0
2025-01-17 00:00:00-05:00,5.562794299923797,5.992726140324065,5.554019975809767,5.957629680633545,3246400,0.0,0.0
2025-01-21 00:00:00-05:00,5.983952564163602,6.010274701189803,5.6593096665721365,5.747051239013672,2935700,0.0,0.0
2025-01-22 00:00:00-05:00,5.641760949676828,5.948855589997853,5.58911626177737,5.861114025115967,2143100,0.0,0.0
2025-01-23 00:00:00-05:00,5.773373126983643,5.8611142772573075,5.597890826436313,5.773373126983643,1893700,0.0,0.0
2025-01-24 00:00:00-05:00,5.940081629284035,6.6946563720703125,5.896210844161195,6.6946563720703125,4579700,0.0,0.0
2025-01-27 00:00:00-05:00,6.5411088647957705,6.799945569545526,6.3261429439768495,6.598140716552734,2781700,0.0,0.0
2025-01-28 00:00:00-05:00,6.703430498574185,6.843816764555584,6.492851727176328,6.782397747039795,2023500,0.0,0.0
2025-01-29 00:00:00-05:00,6.878912823661411,7.1202008804971575,6.729752660130568,6.887686729431152,3450300,0.0,0.0
2025-01-30 00:00:00-05:00,6.905234906383058,7.458004772268984,6.87013844680771,7.300070285797119,3699300,0.0,0.0
2025-01-31 00:00:00-05:00,7.458004982163574,7.458004982163574,6.738526703854688,6.931557655334473,3811600,0.0,0.0
2025-02-03 00:00:00-05:00,6.7297530980228215,6.988589820005673,6.519173906870585,6.773623466491699,2680900,0.0,0.0
2025-02-04 00:00:00-05:00,6.949105549022398,7.177232950015468,6.830654686572275,7.036847114562988,2628900,0.0,0.0
2025-02-05 00:00:00-05:00,6.9403316434221844,6.99297633488986,6.747301108040709,6.975428104400635,2110700,0.0,0.0
2025-02-06 00:00:00-05:00,7.019298995862333,7.247426414051614,6.975428209785064,7.194781303405762,3077600,0.0,0.0
2025-02-07 00:00:00-05:00,7.300070436239044,7.3123541555052824,7.028073078116101,7.221103191375732,1574800,0.0,0.0
2025-02-10 00:00:00-05:00,7.308844869586163,7.370263466833996,6.764849308455782,7.150910377502441,3173200,0.0,0.0
2025-02-11 00:00:00-05:00,6.984202754715248,7.045621355101882,6.642012035017543,6.826268672943115,2455500,0.0,0.0
2025-02-12 00:00:00-05:00,7.010524554038337,7.168459046568693,6.931557726155975,7.098266124725342,2887000,0.0,0.0
2025-02-13 00:00:00-05:00,6.949105888432207,7.615939476166705,6.949105888432207,7.572068691253662,4433000,0.0,0.0
2025-02-14 00:00:00-05:00,7.896711370345125,7.896711370345125,7.12458838038839,7.194781303405762,3993300,0.0,0.0
2025-02-18 00:00:00-05:00,7.4755537949585475,7.69490688748528,7.286910001503055,7.659809589385986,2925800,0.0,0.0
2025-02-19 00:00:00-05:00,7.694906569721867,7.97567824879653,7.519423433534595,7.651035785675049,3524800,0.0,0.0
2025-02-20 00:00:00-05:00,7.89671173293619,8.309095802172806,7.637875003637582,7.844066619873047,8133800,0.0,0.0
2025-02-21 00:00:00-05:00,8.14677301877846,8.43631900895925,7.734389006158773,8.212578773498535,6114300,0.0,0.0
2025-02-24 00:00:00-05:00,7.72561590312912,7.896711041258049,6.580592534381708,6.94033145904541,9633800,0.0,0.0
2025-02-25 00:00:00-05:00,7.019298965446499,7.107040537220837,6.606915335314959,7.08071756362915,5550300,0.0,0.0
2025-02-26 00:00:00-05:00,7.607165404894887,8.177483117440051,7.466779557915501,8.00200080871582,5934700,0.0,0.0
2025-02-27 00:00:00-05:00,7.86161456237263,8.247675621954341,7.73000304670663,7.81774377822876,3260900,0.0,0.0
2025-02-28 00:00:00-05:00,7.3878118829103085,7.633487100928449,7.247426044042799,7.5369720458984375,3462400,0.0,0.0
2025-03-03 00:00:00-05:00,7.7036804316427485,7.914260037951943,7.42290873891802,7.43168306350708,2850500,0.0,0.0
2025-03-04 00:00:00-05:00,7.343941245924939,7.615939441743916,7.146523969856978,7.458004951477051,2721400,0.0,0.0
2025-03-05 00:00:00-05:00,7.852840071012955,8.616188686509295,7.804582962571084,8.607415199279785,5049200,0.0,0.0
2025-03-06 00:00:00-05:00,8.484577770489436,8.581092830928084,8.04148441875472,8.124838829040527,3060000,0.0,0.0
2025-03-07 00:00:00-05:00,8.159934348039018,8.326642312585864,7.747550343322901,7.949355602264404,2438500,0.0,0.0
2025-03-10 00:00:00-04:00,7.703679829730087,7.861614312930654,7.458004617791324,7.501875400543213,2812200,0.0,0.0
2025-03-11 00:00:00-04:00,7.743164787992184,8.199419668594926,7.677359020880638,8.142387390136719,3270600,0.0,0.0
2025-03-12 00:00:00-04:00,8.159934624484372,8.273998324834634,7.651035553238937,8.089741706848145,2675700,0.0,0.0
2025-03-13 00:00:00-04:00,7.931807746156788,8.11606437627805,7.787034739401913,7.9581298828125,1756900,0.0,0.0
2025-03-14 00:00:00-04:00,8.352965241132662,9.247925324530847,8.352965241132662,9.239151000976562,5869700,0.0,0.0
2025-03-17 00:00:00-04:00,9.25669964808513,9.572567765149392,9.045243136313973,9.239151000976562,5105800,0.0,0.0
2025-03-18 00:00:00-04:00,9.247926849698416,9.427796328397546,8.896962217301503,9.291797637939453,5304300,0.0,0.0
2025-03-19 00:00:00-04:00,8.638125199981593,10.056900704322548,8.335417691623004,9.449731826782227,12078700,0.0,0.0
2025-03-20 00:00:00-04:00,9.326894170044609,9.870889772659282,9.037348136987859,9.230379104614258,4889500,0.0,0.0
2025-03-21 00:00:00-04:00,9.230378729634253,9.581343350364747,8.826768997411355,9.449731826782227,9346000,0.0,0.0
2025-03-24 00:00:00-04:00,9.519925030653615,9.984953375976929,9.1601852378775,9.704181671142578,5451100,0.0,0.0
2025-03-25 00:00:00-04:00,9.221603334572322,9.528697132875687,9.041733882729698,9.283021926879883,5272600,0.0,0.0
2025-03-26 00:00:00-04:00,9.186506957874151,9.651535239673132,8.916263475798084,9.511149406433105,3809700,0.0,0.0
2025-03-27 00:00:00-04:00,9.651535340515954,10.20869235417857,9.37515083303258,10.028822898864746,6448600,0.0,0.0
2025-03-28 00:00:00-04:00,9.914759501065234,10.090241799795514,9.449731200238594,9.748050689697266,3829600,0.0,0.0
2025-03-31 00:00:00-04:00,9.388312502091821,9.60766560184521,8.791672639763265,8.8530912399292,4281300,0.0,0.0
2025-04-01 00:00:00-04:00,9.052263402315013,9.195280869883522,8.79167199904642,8.984702110290527,2956800,0.0,0.0
2025-04-02 00:00:00-04:00,9.028572684657167,9.190894331051096,8.940831118482246,9.12508773803711,1393900,0.0,0.0
2025-04-03 00:00:00-04:00,8.651286557141768,8.949606927520058,8.36174051219007,8.66006088256836,3815300,0.0,0.0
2025-04-04 00:00:00-04:00,7.563294521410956,7.589616658190206,6.865751621018527,7.203555583953857,7232800,0.0,0.0
2025-04-07 00:00:00-04:00,6.440206681414696,7.177233177685075,6.106789893255924,6.299820423126221,8637800,0.0,0.0
2025-04-08 00:00:00-04:00,6.703429720911814,6.703429720911814,5.593503300736398,5.764598846435547,6192900,0.0,0.0
2025-04-09 00:00:00-04:00,5.65053572080572,6.1067901371002025,5.448730858691843,5.983952522277832,9681900,0.0,0.0
2025-04-10 00:00:00-04:00,5.948855774902316,6.440206628952394,5.839179233773741,5.957629680633545,5197400,0.0,0.0
2025-04-11 00:00:00-04:00,6.045371285309678,6.212079690590627,5.606665087743868,5.843566417694092,4699800,0.0,0.0
2025-04-14 00:00:00-04:00,6.062918830149786,6.554269665596251,6.019048466389065,6.334916591644287,3844900,0.0,0.0
2025-04-15 00:00:00-04:00,6.334917019346618,6.5805926628480504,6.326143113355218,6.4051103591918945,4810600,0.0,0.0
2025-04-16 00:00:00-04:00,6.194531250487432,6.330530351234155,5.940081697952239,6.220853805541992,2415100,0.0,0.0
2025-04-17 00:00:00-04:00,6.318889726834713,6.408013613501563,6.158466305858171,6.22976541519165,2329300,0.11,0.0
2025-04-21 00:00:00-04:00,6.087167688707227,6.185204184455683,5.779690148601215,5.993587493896484,4659100,0.0,0.0
2025-04-22 00:00:00-04:00,6.194116078618626,6.626367475392605,6.149554346204297,6.5416998863220215,3052500,0.0,0.0
2025-04-23 00:00:00-04:00,6.9160207966703435,7.388377635245677,6.84472125832245,7.121005535125732,4103400,0.0,0.0
2025-04-24 00:00:00-04:00,7.112093525047033,7.477502127101016,6.871458799292579,7.441852569580078,5095300,0.0,0.0
2025-04-25 00:00:00-04:00,7.308165808748247,7.397290124079704,7.129918028037794,7.334902763366699,1292700,0.0,0.0
2025-04-28 00:00:00-04:00,7.219042558896051,7.361640787721728,7.121005639114032,7.245779514312744,3160900,0.0,0.0
2025-04-29 00:00:00-04:00,7.281428545466705,7.36431335625612,6.920476273608681,6.97840690612793,3526400,0.0,0.0
2025-04-30 00:00:00-04:00,6.978407254570416,7.005144634366728,6.630823867075769,6.996232032775879,1450800,0.0,0.0
2025-05-01 00:00:00-04:00,7.076444088441716,7.139721777888049,6.871458916705606,6.88037109375,678100,0.0,0.0
2025-05-02 00:00:00-04:00,7.134374604345073,7.611187754893294,7.094268745892186,7.504239082336426,2406400,0.0,0.0
2025-05-05 00:00:00-04:00,7.397290008925755,7.459676518715124,7.138830518430934,7.361640453338623,3254500,0.0,0.0
2025-05-06 00:00:00-04:00,7.450763780553843,7.709223266304029,7.424026826842426,7.646836757659912,2298100,0.0,0.0
2025-05-07 00:00:00-04:00,7.477502100875501,7.5532575165858615,7.205673694511414,7.2368669509887695,1359500,0.0,0.0
2025-05-08 00:00:00-04:00,7.3349027204982855,7.388377479375123,7.067531050995245,7.2190423011779785,1830200,0.0,0.0
2025-05-09 00:00:00-04:00,7.192304498088498,7.299253165909419,6.862545893152543,6.942757606506348,3261800,0.0,0.0
2025-05-12 00:00:00-04:00,7.566625657425113,7.896384279662034,7.522063497673637,7.762698650360107,3959300,0.0,0.0
2025-05-13 00:00:00-04:00,7.673573862346288,7.963227458069802,7.56216889474569,7.825084686279297,1432800,0.0,0.0
2025-05-14 00:00:00-04:00,7.94094573819658,8.248423678382496,7.87855923002499,8.065719604492188,2041900,0.0,0.0
2025-05-15 00:00:00-04:00,8.003332232741496,8.012244833880098,7.548800624054279,7.727048397064209,2842400,0.0,0.0
2025-05-16 00:00:00-04:00,7.807260628534274,7.994421015175591,7.695855656722834,7.78052282333374,1144000,0.0,0.0
2025-05-19 00:00:00-04:00,7.664662427652303,8.108499116155421,7.637924622357427,7.923121929168701,1452900,0.0,0.0
2025-05-20 00:00:00-04:00,7.976595839853481,8.333092260879452,7.838453912306566,7.923121929168701,2822200,0.0,0.0
2025-05-21 00:00:00-04:00,7.914208771212743,7.994420481555318,7.660205588429538,7.727048397064209,2186500,0.0,0.0
2025-05-22 00:00:00-04:00,7.976595471791919,8.079087837502213,6.880370578883109,6.889283180236816,4538800,0.0,0.0
2025-05-23 00:00:00-04:00,6.7377727475655576,7.031881809665349,6.693211013142823,6.9694952964782715,3095700,0.0,0.0
2025-05-27 00:00:00-04:00,6.942757565385175,6.942757565385175,6.546155726678001,6.612998962402344,2460000,0.0,0.0
2025-05-28 00:00:00-04:00,6.514962542902332,6.630823812777193,6.3768206191852705,6.470400810241699,3445500,0.0,0.0
2025-05-29 00:00:00-04:00,6.595174164993041,6.639735897034318,6.416925961899257,6.479312896728516,2120400,0.0,0.0
2025-05-30 00:00:00-04:00,6.283240465269109,6.523875182982858,6.171835495494665,6.461488246917725,2642600,0.0,0.0
2025-06-02 00:00:00-04:00,6.443663543355702,6.595174371999289,6.278784237177749,6.31889009475708,1102000,0.0,0.0
2025-06-03 00:00:00-04:00,6.37236455988593,6.3991015155001705,6.203028949416161,6.301065444946289,1159200,0.0,0.0
2025-06-04 00:00:00-04:00,6.381276425186585,6.826896296777297,6.381276425186585,6.612998962402344,2368200,0.0,0.0
2025-06-05 00:00:00-04:00,6.684298295773779,6.75114110874102,6.555068545721202,6.648648738861084,1310300,0.0,0.0
2025-06-06 00:00:00-04:00,6.639735636129483,6.6753851903521655,6.425838310793393,6.514962196350098,2071600,0.0,0.0
2025-06-09 00:00:00-04:00,6.666473133433616,6.985536776922062,6.662016832832081,6.702122688293457,1433200,0.0,0.0
2025-06-10 00:00:00-04:00,6.63973574302747,6.721729804054962,6.256502816475589,6.3634514808654785,2358200,0.0,0.0
2025-06-11 00:00:00-04:00,6.497137728931465,6.711035489439419,6.468617999198655,6.5416998863220215,1921100,0.0,0.0
2025-06-12 00:00:00-04:00,6.506050241006789,6.5907178289140385,6.408013751080325,6.550611972808838,1099100,0.0,0.0
2025-06-13 00:00:00-04:00,6.3812765527090844,6.523875203451617,6.247590928541299,6.256503105163574,982200,0.0,0.0
2025-06-16 00:00:00-04:00,6.425838727371192,6.474856761361096,6.158466628391526,6.390189170837402,2518300,0.0,0.0
2025-06-17 00:00:00-04:00,6.3723644685997005,6.390189247079265,6.220853639035284,6.3099775314331055,1416600,0.0,0.0
2025-06-18 00:00:00-04:00,6.256503323934185,6.327802439310443,6.211941164335898,6.2921528816223145,1954100,0.0,0.0
2025-06-20 00:00:00-04:00,6.203028495173476,6.203028495173476,6.04260549830693,6.158466339111328,5542400,0.0,0.0
2025-06-23 00:00:00-04:00,6.185203794215592,6.394645250335207,6.105883257438568,6.354539394378662,2023600,0.0,0.0
2025-06-24 00:00:00-04:00,6.479312918568471,6.73688123505108,6.457031839984617,6.675385475158691,1673600,0.0,0.0
2025-06-25 00:00:00-04:00,6.862545707711911,6.933845242642089,6.514962334198248,6.835808753967285,2330900,0.0,0.0
2025-06-26 00:00:00-04:00,6.853633677464341,6.853633677464341,6.6219111402011785,6.644192218780518,1073900,0.0,0.0
2025-06-27 00:00:00-04:00,6.612999297861669,6.630824076630451,6.452575863966388,6.497138023376465,905300,0.0,0.0
2025-06-30 00:00:00-04:00,6.354539360242022,6.444554423144504,6.194115937277635,6.425838470458984,2556700,0.0,0.0
2025-07-01 00:00:00-04:00,6.4213822396006925,6.532787206769272,6.265415540550416,6.28324031829834,2335400,0.0,0.0
2025-07-02 00:00:00-04:00,6.372364639161731,6.434751153021916,6.198572725602103,6.220853805541992,1942500,0.0,0.0
2025-07-03 00:00:00-04:00,6.229765670915879,6.595174258713855,6.167379160176302,6.532787322998047,2005500,0.0,0.0
2025-07-07 00:00:00-04:00,6.532787392487898,6.942757717321288,6.434750899599156,6.728860378265381,6167200,0.0,0.0
2025-07-08 00:00:00-04:00,6.800159491284017,6.898195559196523,6.639736062015851,6.728860378265381,3102000,0.0,0.0
2025-07-09 00:00:00-04:00,6.737772442596723,6.737772442596723,6.176291299469606,6.203028678894043,2886400,0.0,0.0
2025-07-10 00:00:00-04:00,6.318890002823243,6.345626957502974,6.158466574839927,6.265415668487549,2481200,0.0,0.0
2025-07-11 00:00:00-04:00,6.256502977118378,6.290370182537621,6.042605642846542,6.274327754974365,2989900,0.0,0.0
2025-07-14 00:00:00-04:00,6.309977648929846,6.309977648929846,6.047061842728394,6.096080303192139,4100400,0.0,0.0
2025-07-15 00:00:00-04:00,6.211941315686175,6.275219430866026,5.850989429055424,5.935657024383545,4414000,0.0,0.0
2025-07-16 00:00:00-04:00,5.935656805089313,5.935656805089313,5.739584240271356,5.837620735168457,3703600,0.0,0.0
2025-07-17 00:00:00-04:00,5.864357507640446,5.891094887224076,5.7039345050673615,5.793058395385742,4007800,0.0,0.0
2025-07-18 00:00:00-04:00,5.846532937796197,5.866140066871663,5.4944932397688175,5.632635593414307,4680300,0.0,0.0
2025-07-21 00:00:00-04:00,6.23867854509012,6.50605065272734,6.234222244135042,6.2921528816223145,7736600,0.0,0.0
2025-07-22 00:00:00-04:00,6.327802050180037,6.416925938919656,6.131729494952877,6.28324031829834,3297900,0.0,0.0
2025-07-23 00:00:00-04:00,6.416925980915744,7.116549468296994,6.408013804471568,6.612998962402344,8115200,0.0,0.0
2025-07-24 00:00:00-04:00,6.675385624463306,6.826896452250802,6.40801395040558,6.45257568359375,6365200,0.0,0.0
2025-07-25 00:00:00-04:00,6.354539504021319,6.390189059936415,6.069342631724316,6.203028678894043,7178200,0.0,0.0
2025-07-28 00:00:00-04:00,6.176291316917316,6.185203918409383,5.5880732176803045,5.659372329711914,8899600,0.0,0.0
2025-07-29 00:00:00-04:00,5.65937251056273,5.793058562382183,5.539055361408593,5.703934669494629,3463800,0.0,0.0
2025-07-30 00:00:00-04:00,5.712847046315416,5.748496604718612,5.472212314605713,5.472212314605713,3399000,0.0,0.0
2025-07-31 00:00:00-04:00,5.5256861573886935,5.695021757128105,5.400912714150892,5.677196979522705,4499500,0.0,0.0
2025-08-01 00:00:00-04:00,5.6593722365861625,5.739583948789944,5.561335746667788,5.605897903442383,5603100,0.0,0.0
2025-08-04 00:00:00-04:00,5.6861094621221575,5.748495969950698,5.396456300860325,5.490036487579346,3707500,0.0,0.0
2025-08-05 00:00:00-04:00,5.56133610335199,5.828708211195403,5.467756333080671,5.75740909576416,3920500,0.0,0.0
2025-08-06 00:00:00-04:00,5.739584166563715,6.087167557674554,5.703934609781897,5.980218887329102,4359100,0.0,0.0
2025-08-07 00:00:00-04:00,5.98021872131357,6.238678213294829,5.427650181558894,5.730671405792236,4023800,0.0,0.0
2025-08-08 00:00:00-04:00,5.703934579321703,5.766321090868607,5.525686371388259,5.712846755981445,2571000,0.0,0.0
2025-08-11 00:00:00-04:00,5.846532763743066,6.069342703329203,5.770777350285681,6.060430526733398,3016600,0.0,0.0
2025-08-12 00:00:00-04:00,6.140641689300537,6.238678179688993,5.980218689099975,6.140641689300537,4011300,0.0,0.0
2025-08-13 00:00:00-04:00,6.229765633342251,6.292152568681785,6.069342631724316,6.203028678894043,3996100,0.0,0.0
2025-08-14 00:00:00-04:00,6.131729621892424,6.162922877352999,5.92674446105957,5.92674446105957,4617100,0.0,0.0
2025-08-15 00:00:00-04:00,5.917831515921904,6.11390448880035,5.810882853429773,5.971305847167969,3631500,0.0,0.0
2025-08-18 00:00:00-04:00,6.086276189817984,6.08716736496288,5.525686225960648,5.5345988273620605,7821500,0.0,0.0
2025-08-19 00:00:00-04:00,5.596985467194573,5.614810244081528,5.4811242049412625,5.579160690307617,3644200,0.0,0.0
2025-08-20 00:00:00-04:00,5.4989490800739045,5.70393423042431,5.49003647898309,5.695021629333496,2685400,0.0,0.0
2025-08-21 00:00:00-04:00,5.721759373244453,5.962394093382012,5.699478294069889,5.846532821655273,3509000,0.0,0.0
2025-08-22 00:00:00-04:00,5.98913128273701,6.18074797616858,5.953481724653405,6.015868663787842,2982000,0.0,0.0
2025-08-25 00:00:00-04:00,6.096080007312287,6.096080007312287,5.793058357248437,5.801970958709717,2633900,0.0,0.0
2025-08-26 00:00:00-04:00,5.980182231801281,5.989368151524402,5.805645376765536,5.85157585144043,2410300,0.194,0.0
2025-08-27 00:00:00-04:00,5.713783433060416,5.8837275437309655,5.695411155964902,5.741342067718506,3823000,0.0,0.0
2025-08-28 00:00:00-04:00,5.778086621909533,5.814831176100561,5.695411155964902,5.741342067718506,3657200,0.0,0.0
2025-08-29 00:00:00-04:00,5.722969996925896,5.846982762283644,5.677039083516565,5.80564546585083,4811200,0.0,0.0
2025-09-02 00:00:00-04:00,5.686225276172894,5.7964589395163975,5.64948072172506,5.7780866622924805,2149400,0.0,0.0
2025-09-03 00:00:00-04:00,5.778086773871272,5.778086773871272,5.5392471653481925,5.566805362701416,2339000,0.0,0.0
2025-09-04 00:00:00-04:00,5.557619142903908,5.557619142903908,5.355523662418515,5.511688232421875,2137500,0.0,0.0
2025-09-05 00:00:00-04:00,5.548433251917439,5.718376934136589,5.548433251917439,5.594364166259766,3013900,0.0,0.0
2025-09-08 00:00:00-04:00,5.621921926631644,5.695411033432639,5.543839641148179,5.631108283996582,1324900,0.0,0.0
2025-09-09 00:00:00-04:00,5.64029416853009,5.686225079012123,5.456571402661211,5.511688232421875,2101100,0.0,0.0
2025-09-10 00:00:00-04:00,5.520874600874091,5.575991430746009,5.309593200683594,5.309593200683594,2224400,0.0,0.0
2025-09-11 00:00:00-04:00,5.355524101498001,5.410640935777489,5.199359518691288,5.392268657684326,2111200,0.0,0.0
2025-09-12 00:00:00-04:00,5.337151667165091,5.456571690289577,5.185580267826184,5.245290279388428,2901600,0.0,0.0
2025-09-15 00:00:00-04:00,5.318779429347594,5.3279657872087185,5.226918040884613,5.282034873962402,2956600,0.0,0.0
2025-09-16 00:00:00-04:00,5.300406941178587,5.318779218141629,5.16261464494095,5.217731475830078,2812300,0.0,0.0
2025-09-17 00:00:00-04:00,5.291221005301237,5.410640586175818,5.23610373655342,5.383082389831543,3512100,0.0,0.0
2025-09-18 00:00:00-04:00,5.309593600151706,5.350930897143442,5.222324951099946,5.272848606109619,2619600,0.0,0.0
2025-09-19 00:00:00-04:00,5.3738960405672405,5.3738960405672405,5.254476021480724,5.3004069328308105,3612400,0.0,0.0
2025-09-22 00:00:00-04:00,5.2728485800647205,5.3141863148819315,5.0615676030517,5.116684436798096,3251900,0.0,0.0
2025-09-23 00:00:00-04:00,5.144242327618301,5.263662345955975,5.089125497161597,5.1809868812561035,3264400,0.0,0.0
2025-09-24 00:00:00-04:00,5.27284826535061,5.406047819824683,5.171800961861469,5.1809868812561035,3232900,0.0,0.0
2025-09-25 00:00:00-04:00,5.153428902605258,5.2315111918894015,5.125870267198645,5.162614822387695,2088500,0.0,0.0
2025-09-26 00:00:00-04:00,5.162614610118903,5.162614610118903,5.00645003797156,5.061567306518555,1436000,0.0,0.0
2025-09-29 00:00:00-04:00,5.015636714843736,5.029415813843237,4.877844410759745,4.951333522796631,3602900,0.0,0.0
2025-09-30 00:00:00-04:00,4.978891857571031,4.983485036302835,4.84109956182434,4.89621639251709,2257700,0.0,0.0
2025-10-01 00:00:00-04:00,4.905402656562175,5.0891254220391895,4.905402656562175,5.024822235107422,2301000,0.0,0.0
2025-10-02 00:00:00-04:00,5.015636639624727,5.217731694695364,5.015636639624727,5.19935941696167,1984800,0.0,0.0
2025-10-03 00:00:00-04:00,5.2820346542329855,5.318779208089627,4.795168658588037,4.813540935516357,5488700,0.0,0.0
2025-10-06 00:00:00-04:00,4.77679658718054,4.891623432430357,4.77679658718054,4.877844333648682,2732700,0.0,0.0
2025-10-07 00:00:00-04:00,4.8870307696903605,4.9054030477030075,4.611446161470996,4.629818439483643,2097700,0.0,0.0
2025-10-08 00:00:00-04:00,4.795168706225908,5.0064501120154,4.703307320671703,4.730865955352783,1957400,0.0,0.0
2025-10-09 00:00:00-04:00,4.703307449234853,4.772203818805992,4.694121529443158,4.758424282073975,1229700,0.0,0.0
2025-10-10 00:00:00-04:00,4.730866055254101,5.015636575500433,4.593073754998224,4.602260112762451,3220900,0.0,0.0
2025-10-13 00:00:00-04:00,4.753831552190994,4.808948385157629,4.611446071838283,4.639004707336426,1923000,0.0,0.0
2025-10-14 00:00:00-04:00,4.54714298248291,4.620632532774407,4.510398426351991,4.54714298248291,1915500,0.0,0.0
2025-10-15 00:00:00-04:00,4.556329200000611,4.712493777755293,4.556329200000611,4.602260112762451,2199600,0.0,0.0
2025-10-16 00:00:00-04:00,4.648190678485025,4.666562956343478,4.537957011334311,4.593073844909668,2002900,0.0,0.0
2025-10-17 00:00:00-04:00,4.593073754998224,4.698714241108953,4.528770564737576,4.602260112762451,3516800,0.0,0.0
2025-10-20 00:00:00-04:00,4.620632370306107,4.831913779644749,4.620632370306107,4.804355144500732,1499800,0.0,0.0
2025-10-21 00:00:00-04:00,4.785982945054759,5.006450277680175,4.7354592908355135,4.877844333648682,1595100,0.0,0.0
2025-10-22 00:00:00-04:00,4.841099585251996,5.245290116984471,4.832832213918447,5.098311901092529,4116700,0.0,0.0
2025-10-23 00:00:00-04:00,5.2636624450766165,5.305000178204988,5.026659938240879,5.0523810386657715,1932400,0.0,0.0
2025-10-24 00:00:00-04:00,5.153428891611764,5.456571690289577,5.135056614056432,5.245290279388428,4345800,0.0,0.0
2025-10-27 00:00:00-04:00,5.309593630494644,5.337151828646622,4.712493934835937,4.74923849105835,4613000,0.0,0.0
2025-10-28 00:00:00-04:00,4.4552815354804824,4.464467893411183,3.6239351970420133,3.6469006538391113,21241600,0.0,0.0
2025-10-29 00:00:00-04:00,3.738762203159228,3.738762203159228,3.3391646190718878,3.389688491821289,11391900,0.0,0.0
2025-10-30 00:00:00-04:00,3.4907359388872274,3.5596320876117082,3.334571583328533,3.5366666316986084,7708400,0.0,0.0
2025-10-31 00:00:00-04:00,4.023532851027433,4.537957076478525,3.9592296585849227,4.427723407745361,16676100,0.0,0.0
2025-11-03 00:00:00-05:00,4.299116829909925,4.492025960549759,4.170510888826583,4.280744552612305,4516300,0.0,0.0
2025-11-04 00:00:00-05:00,4.097021808742905,4.2421629318341365,3.84899584444814,3.995974063873291,5947200,0.0,0.0
2025-11-05 00:00:00-05:00,3.9776019529240614,4.115394258417135,3.963822853783653,4.023532867431641,1521700,0.0,0.0
2025-11-06 00:00:00-05:00,4.0327185370618315,4.1705108339972625,3.922484874725342,3.922484874725342,1620400,0.0,0.0
2025-11-07 00:00:00-05:00,3.8673681898531185,3.9408573008574144,3.8122513565998966,3.931671380996704,2916700,0.0,0.0
2025-11-10 00:00:00-05:00,4.032718516164497,4.041904873659753,3.7663202812169563,3.9041125774383545,2503400,0.0,0.0
2025-11-11 00:00:00-05:00,3.8398094774344145,3.922484944675972,3.74794809051582,3.8949263095855713,1805700,0.0,0.0
2025-11-12 00:00:00-05:00,3.8857404399023823,3.9041127175224783,3.7755067741818045,3.812251329421997,1227700,0.0,0.0
2025-11-13 00:00:00-05:00,3.839809376956563,3.9270780207678677,3.7755066268110054,3.8030648231506348,2115300,0.0,0.0
2025-11-14 00:00:00-05:00,3.775506694741096,3.8352167052574586,3.7112035054089416,3.738762140274048,1630400,0.0,0.0
2025-11-17 00:00:00-05:00,3.766320326250189,3.793878961035836,3.5734114158543973,3.637714385986328,2572500,0.0,0.0
2025-11-18 00:00:00-05:00,3.591783693034949,3.6560866631668794,3.5366666424784743,3.637714385986328,2510800,0.0,0.0
2025-11-19 00:00:00-05:00,3.3529438372645624,3.3805022527608006,3.2289308580240825,3.3161990642547607,4525500,0.0,0.0
2025-11-20 00:00:00-05:00,3.352943853667093,3.3621299922107775,3.104917893972795,3.1141040325164795,2665700,0.0,0.0
2025-11-21 00:00:00-05:00,3.104917929505323,3.329978435908582,3.095731571841691,3.2105584144592285,2950600,0.0,0.0
2025-11-24 00:00:00-05:00,3.3621300461119783,3.5642253163278177,3.3345716300391124,3.4723637104034424,4082300,0.0,0.0
2025-11-25 00:00:00-05:00,3.458584721017611,3.4907360979431505,3.1232903196945623,3.14166259765625,4307400,0.0,0.0
2025-11-26 00:00:00-05:00,3.150848595949355,3.1692208730907074,2.985497882662367,3.031428575515747,4604500,0.0,0.0
2025-11-28 00:00:00-05:00,3.0498009627887357,3.1049180152179483,2.948753434862363,3.022242546081543,3200700,0.0,0.0
2025-12-01 00:00:00-05:00,2.967125673942554,3.1095109345788283,2.9579395351600466,2.9854979515075684,2865900,0.0,0.0
2025-12-02 00:00:00-05:00,2.994684001210247,3.1416624363731684,2.9671255856824774,3.0130562782287598,2405500,0.0,0.0
2025-12-03 00:00:00-05:00,3.0130564591514744,3.058068606254087,2.930381207603828,2.957939624786377,2402500,0.0,0.0
2025-12-04 00:00:00-05:00,2.8936364381975017,3.0360216926591193,2.8936364381975017,2.976311683654785,2271300,0.0,0.0
2025-12-05 00:00:00-05:00,2.976311812725061,3.061742925303861,2.9717186338263955,2.9854979515075684,2076800,0.0,0.0
2025-12-08 00:00:00-05:00,3.003870268276748,3.132476431925141,2.985497990471953,3.022242546081543,3305300,0.0,0.0
2025-12-09 00:00:00-05:00,2.985497931663478,3.04888235454592,2.948753376777684,2.967125654220581,1586900,0.0,0.0
2025-12-10 00:00:00-05:00,2.9854978220389277,3.0222423755754977,2.953346228187021,2.976311683654785,1755900,0.0,0.0
2025-12-11 00:00:00-05:00,2.967125673942554,2.9946840902900758,2.930381118812525,2.9854979515075684,1705500,0.0,0.0
2025-12-12 00:00:00-05:00,3.0314285347301055,3.114103999768672,2.9946839809417725,2.9946839809417725,2145000,0.0,0.0
2025-12-15 00:00:00-05:00,2.9946841217144233,2.999277300661287,2.852298859584047,2.902822732925415,3307500,0.0,0.0
2025-12-16 00:00:00-05:00,2.8844503061900952,2.9028225829989966,2.856891671961928,2.8752641677856445,1291500,0.0,0.0
2025-12-17 00:00:00-05:00,2.875264217185087,2.93956718712102,2.8201471667966107,2.8293333053588867,1144200,0.0,0.0
2025-12-18 00:00:00-05:00,2.847705573609252,2.957939455027868,2.833926475316187,2.912008762359619,1688100,0.0,0.0
2025-12-19 00:00:00-05:00,2.9211949126676346,3.104917903095975,2.916601733874887,3.031428575515747,3242200,0.0,0.0
2025-12-22 00:00:00-05:00,3.040614773623971,3.1830000337648707,3.040614773623971,3.086545467376709,1862900,0.0,0.0
2025-12-23 00:00:00-05:00,3.086545437445368,3.1692209044133866,3.077359298783902,3.150848627090454,1612400,0.0,0.0
2025-12-24 00:00:00-05:00,3.1232903003692627,3.178407133913292,3.1095109824758413,3.1232903003692627,1914400,0.0,0.0
2025-12-26 00:00:00-05:00,3.114104092061443,3.1784070630967745,3.0773593181692878,3.1692209243774414,1885300,0.0,0.0
2025-12-29 00:00:00-05:00,3.0957315455104797,3.132476318808003,2.990091061455115,3.031428575515747,2025800,0.0,0.0
2025-12-30 00:00:00-05:00,3.0314286849839407,3.1232902930227433,3.0130564071791457,3.022242546081543,1186100,0.0,0.0
2025-12-31 00:00:00-05:00,3.0038702487945557,3.0406148041658314,2.9625325144944568,3.0038702487945557,1266900,0.0,0.0
2026-01-02 00:00:00-05:00,3.095731482648638,3.1600346703524513,2.930380991734072,2.976311683654785,1700800,0.0,0.0
2026-01-05 00:00:00-05:00,2.985497842494689,3.040614673177189,2.9028225964709393,2.9946839809417725,2099400,0.0,0.0
2026-01-06 00:00:00-05:00,3.040614701830716,3.040614701830716,2.8936364852923195,2.912008762359619,1511500,0.0,0.0
2026-01-07 00:00:00-05:00,2.9211949099964674,2.9211949099964674,2.824740345585158,2.8293333053588867,1221800,0.0,0.0
2026-01-08 00:00:00-05:00,2.8293333053588867,2.879857176958815,2.8109610282343342,2.8293333053588867,1092100,0.0,0.0
2026-01-09 00:00:00-05:00,2.8477056325785797,2.856891771302453,2.7558442453398477,2.7650303840637207,1748500,0.0,0.0
2026-01-12 00:00:00-05:00,2.7925888284565423,2.9166018119894863,2.783402689639836,2.8844504356384277,3521100,0.0,0.0
2026-01-13 00:00:00-05:00,2.8936364852923195,2.9211949008932687,2.737471911205455,2.912008762359619,3202400,0.0,0.0
2026-01-14 00:00:00-05:00,2.8844504744511488,2.9487534470333423,2.8706711565332648,2.9211950302124023,1883800,0.0,0.0
2026-01-15 00:00:00-05:00,2.912008721403447,2.9487532750212497,2.8660778103663787,2.8752641677856445,1385000,0.0,0.0
2026-01-16 00:00:00-05:00,2.856891637438821,2.8752641330405218,2.7558441162109375,2.7558441162109375,2518700,0.0,0.0
2026-01-20 00:00:00-05:00,2.755844205260573,2.8063680770145,2.7099135123091944,2.728285789489746,1297200,0.0,0.0
2026-01-21 00:00:00-05:00,2.755844315891726,2.7742165938098178,2.7099136210964963,2.719099760055542,1367300,0.0,0.0
2026-01-22 00:00:00-05:00,2.7190996033478827,2.829333264503427,2.7190996033478827,2.792588710784912,1844400,0.0,0.0
2026-01-23 00:00:00-05:00,2.7742165027492973,2.8109610573793824,2.7466580867767334,2.7466580867767334,757800,0.0,0.0
2026-01-26 00:00:00-05:00,2.7466580666702973,2.765030343850849,2.7007273737189186,2.728285789489746,1495400,0.0,0.0
2026-01-27 00:00:00-05:00,2.719099630724877,2.7696235021039377,2.696134174912172,2.709913492202759,970700,0.0,0.0
2026-01-28 00:00:00-05:00,2.709913561987971,2.7282858395053275,2.66398286819458,2.66398286819458,1426700,0.0,0.0
2026-01-29 00:00:00-05:00,2.691541264357762,2.755844235187998,2.599679658442602,2.6456105709075928,2170000,0.0,0.0
2026-01-30 00:00:00-05:00,2.6364242836387324,2.673169058395381,2.5721213110905468,2.6180520057678223,1368300,0.0,0.0
2026-02-02 00:00:00-05:00,2.5721211433410645,2.6180518350228166,2.5445627283320134,2.5721211433410645,1063900,0.0,0.0
2026-02-03 00:00:00-05:00,2.572121283701063,2.6639828910922456,2.4343292011365287,2.480259895324707,2409800,0.0,0.0
2026-02-04 00:00:00-05:00,2.461887509457111,2.507818201626778,2.4251429557213777,2.489445924758911,1614600,0.0,0.0
2026-02-05 00:00:00-05:00,2.461887688623925,2.4710738277263906,2.4067706349942997,2.4343292713165283,1408000,0.0,0.0
2026-02-06 00:00:00-05:00,2.452701468032172,2.595086728897154,2.452701468032172,2.5813074111938477,1441600,0.0,0.0
2026-02-09 00:00:00-05:00,2.5813074271276735,2.810961117491662,2.5813074271276735,2.8017749786376953,1368800,0.0,0.0
2026-02-10 00:00:00-05:00,2.8109611496460016,2.8109611496460016,2.7099136210964963,2.719099760055542,1226400,0.0,0.0
2026-02-11 00:00:00-05:00,2.719099680427863,2.774216512568066,2.6364242132027367,2.6456105709075928,1231600,0.0,0.0
2026-02-12 00:00:00-05:00,2.6180518138894655,2.650203407314566,2.48025973995649,2.553748846054077,1530300,0.0,0.0
2026-02-13 00:00:00-05:00,2.5445629262364755,2.585900661472519,2.5170045090840567,2.535376787185669,887900,0.0,0.0
2026-02-17 00:00:00-05:00,2.5261904398600263,2.7834025310912693,2.5261904398600263,2.7558441162109375,1973000,0.0,0.0
2026-02-18 00:00:00-05:00,2.765030364091776,2.847705612009468,2.7282858094616906,2.7466580867767334,1348000,0.0,0.0
2026-02-19 00:00:00-05:00,2.7558442649826604,2.797181999042144,2.700727432246565,2.783402681350708,989800,0.0,0.0
2026-02-20 00:00:00-05:00,2.774216482441125,2.7971819384242242,2.7190996508994703,2.728285789489746,864600,0.0,0.0
2026-02-23 00:00:00-05:00,2.7558441640869855,2.7650303025400165,2.67316891800971,2.6915411949157715,741000,0.0,0.0
2026-02-24 00:00:00-05:00,2.6823551355488617,2.783402661511467,2.6364242229146724,2.7650303840637207,765600,0.0,0.0
2026-02-25 00:00:00-05:00,2.7650303025400165,2.7650303025400165,2.6639827795566795,2.6915411949157715,846700,0.0,0.0
2026-02-26 00:00:00-05:00,2.6731689968249883,2.774216522787594,2.6649014062690557,2.7650303840637207,1213600,0.0,0.0
2026-02-27 00:00:00-05:00,2.755844121773646,2.783402536709605,2.618051828079038,2.654796600341797,995500,0.0,0.0
2026-03-02 00:00:00-05:00,2.61805186827671,2.728285748727894,2.585900493198511,2.6915411949157715,774500,0.0,0.0
2026-03-03 00:00:00-05:00,2.6088658995921192,2.6088658995921192,2.461887674779219,2.535376787185669,1242500,0.0,0.0
2026-03-04 00:00:00-05:00,2.572121212245065,2.6180519051572446,2.5261905193328857,2.5261905193328857,888200,0.0,0.0
2026-03-05 00:00:00-05:00,2.535376595978105,2.5721211494102088,2.4618874891138978,2.471073627471924,945300,0.0,0.0
2026-03-06 00:00:00-05:00,2.4802598555114495,2.5078182715819874,2.4435153007507324,2.4435153007507324,1096200,0.0,0.0
2026-03-09 00:00:00-04:00,2.434329053622974,2.4802597450278805,2.356246768727227,2.4527013301849365,1390600,0.0,0.0
2026-03-10 00:00:00-04:00,2.4618874891138978,2.512411140575633,2.3975843015929024,2.471073627471924,1051700,0.0,0.0
2026-03-11 00:00:00-04:00,2.489445994201629,2.5078182715819874,2.415956884680195,2.4435153007507324,1022900,0.0,0.0
2026-03-12 00:00:00-04:00,2.4343291620605534,2.4986321328918084,2.4343291620605534,2.4435153007507324,945000,0.0,0.0
2026-03-13 00:00:00-04:00,2.4618874965728694,2.466480456258391,2.3883981704711914,2.3883981704711914,915300,0.0,0.0
2026-03-16 00:00:00-04:00,2.41595680464358,2.4435152198011534,2.379212032085334,2.3883981704711914,1073800,0.0,0.0
2026-03-17 00:00:00-04:00,2.397584388285014,2.4710737168212704,2.3883982495948346,2.4435153007507324,1508800,0.0,0.0
2026-03-18 00:00:00-04:00,2.4343291928909334,2.5032251244324226,2.3792121410369873,2.3792121410369873,1159000,0.0,0.0
2026-03-19 00:00:00-04:00,2.443515290652198,2.4986321225654873,2.301130032035456,2.3424675464630127,3001100,0.0,0.0
2026-03-20 00:00:00-04:00,2.3149091721574013,2.3470607675260524,2.1633377721612947,2.177116870880127,5427400,0.0,0.0
2026-03-23 00:00:00-04:00,2.2046754360198975,2.2414199901177594,2.076987825810564,2.2046754360198975,2277000,0.0,0.0
2026-03-24 00:00:00-04:00,2.2046754658626444,2.2046754658626444,2.112813860359722,2.1403722763061523,1370400,0.0,0.0
2026-03-25 00:00:00-04:00,2.1679307436781343,2.1954893792931056,2.0668832161442716,2.0760693550109863,3555100,0.0,0.0
2026-03-26 00:00:00-04:00,2.048510930151639,2.048510930151639,1.9474631840103547,1.9566495418548584,2888900,0.0,0.0
2026-03-27 00:00:00-04:00,1.9566494612990264,1.9658355997505084,1.8877533134055027,1.9015324115753174,3153300,0.0,0.0
2026-03-30 00:00:00-04:00,1.9107185500267996,1.933684005662913,1.8556017193179073,1.9015324115753174,1719000,0.0,0.0
2026-03-31 00:00:00-04:00,1.901532423260942,2.0117663043709713,1.8831601462450733,2.002580165863037,1289600,0.0,0.0
2026-04-01 00:00:00-04:00,2.020952523751574,2.034731622557466,1.9382770548569144,1.965835690498352,1610200,0.0,0.0
2026-04-02 00:00:00-04:00,1.9199046554482873,2.112813778625423,1.9107185171548433,2.066883087158203,1514100,0.0,0.0
2026-04-06 00:00:00-04:00,2.0852554047837164,2.1311860971548695,2.062289949090731,2.1036276817321777,836600,0.0,0.0
2026-04-07 00:00:00-04:00,2.0944416451144465,2.1036277840354156,1.9658357002208764,1.9750218391418457,1238200,0.0,0.0
2026-04-08 00:00:00-04:00,2.0760692044730713,2.1128137572755454,2.030138513469979,2.048510789871216,1219700,0.0,0.0
2026-04-09 00:00:00-04:00,2.0393248510114685,2.055859813782925,2.002580294617271,2.0117664337158203,968600,0.0,0.0
2026-04-10 00:00:00-04:00,2.0117664526329495,2.0760694269274524,2.0025803134480205,2.0301387310028076,1111300,0.0,0.0
2026-04-13 00:00:00-04:00,2.011766296989871,2.112813820206408,1.9842078815671789,2.1036276817321777,1433800,0.0,0.0
2026-04-14 00:00:00-04:00,2.103627640331979,2.1863031039877874,2.0301385339844273,2.066883087158203,1861800,0.0,0.0
2026-04-15 00:00:00-04:00,2.0760693057644817,2.154151593786778,2.0760693057644817,2.1403722763061523,1760700,0.0,0.0
2026-04-16 00:00:00-04:00,2.158744524382752,2.227640672823652,2.1513957011691067,2.2046754360198975,2264000,0.0,0.0
2026-04-17 00:00:00-04:00,2.250606179946675,2.268978457414417,2.1495584348592685,2.1587445735931396,2141800,0.0,0.0
2026-04-20 00:00:00-04:00,2.149558525111073,2.1587446642306354,2.112813968632824,2.1311862468719482,1677300,0.0,0.0
2026-04-21 00:00:00-04:00,2.1403723666951975,2.1587446447686887,2.0944416715114698,2.112813949584961,2247800,0.0,0.0
2026-04-22 00:00:00-04:00,2.122000018657655,2.1817100299352292,2.0990347813303885,2.1587445735931396,2166400,0.0,0.0
2026-04-23 00:00:00-04:00,2.1403722561437175,2.1541515734945413,2.0944415633323366,2.121999979019165,2032600,0.0,0.0
2026-04-24 00:00:00-04:00,2.130000114440918,2.1700000762939453,2.059999942779541,2.140000104904175,2370200,0.188,0.0
2026-04-27 00:00:00-04:00,2.109999895095825,2.180000066757202,2.109999895095825,2.130000114440918,1091700,0.0,0.0
2026-04-28 00:00:00-04:00,2.109999895095825,2.115000009536743,2.049999952316284,2.0999999046325684,841800,0.0,0.0
2026-04-29 00:00:00-04:00,2.109999895095825,2.119999885559082,2.0329999923706055,2.0399999618530273,855700,0.0,0.0
2026-04-30 00:00:00-04:00,2.069999933242798,2.130000114440918,2.055000066757202,2.109999895095825,917300,0.0,0.0
2026-05-01 00:00:00-04:00,2.109999895095825,2.180000066757202,2.1050000190734863,2.1600000858306885,1446900,0.0,0.0
2026-05-04 00:00:00-04:00,2.1600000858306885,2.177000045776367,2.0999999046325684,2.109999895095825,600900,0.0,0.0
2026-05-05 00:00:00-04:00,2.119999885559082,2.125,2.069999933242798,2.0799999237060547,785500,0.0,0.0
2026-05-06 00:00:00-04:00,2.0999999046325684,2.1700000762939453,2.0899999141693115,2.1600000858306885,1071600,0.0,0.0
2026-05-07 00:00:00-04:00,2.119999885559082,2.1500000953674316,2.049999952316284,2.059999942779541,1424800,0.0,0.0
2026-05-08 00:00:00-04:00,2.0799999237060547,2.1050000190734863,2.0409998893737793,2.0899999141693115,874400,0.0,0.0
2026-05-11 00:00:00-04:00,2.069999933242798,2.0999999046325684,2.0199999809265137,2.0799999237060547,1848900,0.0,0.0
2026-05-12 00:00:00-04:00,2.059999942779541,2.069999933242798,2.009999990463257,2.049999952316284,1686600,0.0,0.0
2026-05-13 00:00:00-04:00,2.049999952316284,2.0899999141693115,2.0299999713897705,2.069999933242798,1811300,0.0,0.0
2026-05-14 00:00:00-04:00,2.069999933242798,2.0799999237060547,1.9900000095367432,2.0199999809265137,1349200,0.0,0.0
2026-05-15 00:00:00-04:00,2.0,2.009999990463257,1.9249999523162842,1.9500000476837158,1392400,0.0,0.0
2026-05-18 00:00:00-04:00,1.9600000381469727,1.9800000190734863,1.9249999523162842,1.9700000286102295,1367900,0.0,0.0
2026-05-19 00:00:00-04:00,1.9700000286102295,2.009999990463257,1.9299999475479126,1.9299999475479126,825700,0.0,0.0
2026-05-20 00:00:00-04:00,1.9500000476837158,1.9900000095367432,1.9220000505447388,1.9600000381469727,926400,0.0,0.0
2026-05-21 00:00:00-04:00,1.9600000381469727,1.9600000381469727,1.8899999856948853,1.9299999475479126,1535500,0.0,0.0
2026-05-22 00:00:00-04:00,1.840000033378601,1.9850000143051147,1.7899999618530273,1.9600000381469727,3344800,0.0,0.0
2026-05-26 00:00:00-04:00,2.0,2.299999952316284,1.9500000476837158,2.2300000190734863,5606700,0.0,0.0
2026-05-27 00:00:00-04:00,2.2200000286102295,2.5850000381469727,2.200000047683716,2.450000047683716,5170200,0.0,0.0
2026-05-28 00:00:00-04:00,2.390000104904175,2.390000104904175,2.200000047683716,2.2200000286102295,2426600,0.0,0.0
2026-05-29 00:00:00-04:00,2.2750000953674316,2.309999942779541,2.1649999618530273,2.200000047683716,1645900,0.0,0.0
2026-06-01 00:00:00-04:00,2.190000057220459,2.369999885559082,2.1700000762939453,2.200000047683716,2676100,0.0,0.0
2026-06-02 00:00:00-04:00,2.2100000381469727,2.3949999809265137,2.180000066757202,2.2899999618530273,1693000,0.0,0.0
2026-06-03 00:00:00-04:00,2.2699999809265137,2.2699999809265137,2.184999942779541,2.190000057220459,1166600,0.0,0.0
2026-06-04 00:00:00-04:00,2.190000057220459,2.2899999618530273,2.190000057220459,2.240000009536743,944700,0.0,0.0
2026-06-05 00:00:00-04:00,2.2200000286102295,2.2200000286102295,2.059999942779541,2.069999933242798,1412600,0.0,0.0
2026-06-08 00:00:00-04:00,2.0999999046325684,2.140000104904175,2.059999942779541,2.069999933242798,1156400,0.0,0.0
2026-06-09 00:00:00-04:00,2.109999895095825,2.115000009536743,2.009999990463257,2.059999942779541,971800,0.0,0.0
2026-06-10 00:00:00-04:00,2.059999942779541,2.200000047683716,2.0450000762939453,2.140000104904175,1425400,0.0,0.0
2026-06-11 00:00:00-04:00,2.140000104904175,2.1700000762939453,2.0980000495910645,2.1600000858306885,951600,0.0,0.0
2026-06-12 00:00:00-04:00,2.1500000953674316,2.1700000762939453,2.109999895095825,2.119999885559082,910200,0.0,0.0
2026-06-15 00:00:00-04:00,2.190000057220459,2.190000057220459,2.109999895095825,2.130000114440918,1055000,0.0,0.0
2026-06-16 00:00:00-04:00,2.130000114440918,2.174999952316284,1.9900000095367432,2.0299999713897705,2290200,0.0,0.0
2026-06-17 00:00:00-04:00,2.0299999713897705,2.075000047683716,1.9900000095367432,2.0,1352400,0.0,0.0
2026-06-18 00:00:00-04:00,2.0299999713897705,2.0399999618530273,1.9700000286102295,2.0,3969700,0.0,0.0
2026-06-22 00:00:00-04:00,2.0,2.0350000858306885,1.9600000381469727,1.9800000190734863,991000,0.0,0.0
2026-06-23 00:00:00-04:00,1.9600000381469727,2.0199999809265137,1.9600000381469727,2.0,753000,0.0,0.0
2026-06-24 00:00:00-04:00,1.9900000095367432,2.0350000858306885,1.9800000190734863,2.0,736100,0.0,0.0
2026-06-25 00:00:00-04:00,2.0,2.0199999809265137,1.9600000381469727,1.9700000286102295,806100,0.0,0.0
2026-06-26 00:00:00-04:00,1.9600000381469727,1.9900000095367432,1.8899999856948853,1.9500000476837158,1446600,0.0,0.0
2026-06-29 00:00:00-04:00,1.9600000381469727,2.015000104904175,1.8799999952316284,1.9299999475479126,2011200,0.0,0.0
2026-06-30 00:00:00-04:00,1.9199999570846558,1.9700000286102295,1.8799999952316284,1.9700000286102295,1900600,0.0,0.0
2026-07-01 00:00:00-04:00,1.9700000286102295,2.059999942779541,1.965000033378601,2.0199999809265137,2165200,0.0,0.0
2026-07-02 00:00:00-04:00,2.0299999713897705,2.0299999713897705,1.8899999856948853,1.909999966621399,2983400,0.0,0.0
2026-07-06 00:00:00-04:00,1.9199999570846558,1.940000057220459,1.850000023841858,1.8700000047683716,2652900,0.0,0.0
2026-07-07 00:00:00-04:00,1.8600000143051147,1.909999966621399,1.8300000429153442,1.850000023841858,1562300,0.0,0.0
2026-07-08 00:00:00-04:00,1.850000023841858,1.8600000143051147,1.784999966621399,1.850000023841858,1701800,0.0,0.0
2026-07-09 00:00:00-04:00,1.840000033378601,1.840000033378601,1.715000033378601,1.75,3258700,0.0,0.0
2026-07-10 00:00:00-04:00,1.7300000190734863,1.7300000190734863,1.5399999618530273,1.5950000286102295,9054900,0.0,0.0
2026-07-13 00:00:00-04:00,1.559999942779541,1.590000033378601,1.4700000286102295,1.4900000095367432,6249500,0.0,0.0
2026-07-14 00:00:00-04:00,1.4900000095367432,1.5299999713897705,1.4049999713897705,1.440000057220459,8280800,0.0,0.0
2026-07-15 00:00:00-04:00,1.4600000381469727,1.5169999599456787,1.4450000524520874,1.4600000381469727,4609200,0.0,0.0
2026-07-16 00:00:00-04:00,1.4500000476837158,1.5399999618530273,1.4500000476837158,1.5199999809265137,2303500,0.0,0.0
2026-07-17 00:00:00-04:00,1.5099999904632568,1.5399999618530273,1.4800000190734863,1.5399999618530273,1842400,0.0,0.0
2026-07-20 00:00:00-04:00,1.5399999618530273,1.5499999523162842,1.434999942779541,1.4500000476837158,2093100,0.0,0.0
2026-07-21 00:00:00-04:00,1.4700000286102295,1.5399999618530273,1.4299999475479126,1.440000057220459,2610100,0.0,0.0
2026-07-22 00:00:00-04:00,1.4500000476837158,1.4850000143051147,1.4199999570846558,1.4800000190734863,1384800,0.0,0.0
2026-07-23 00:00:00-04:00,1.4600000381469727,1.4700000286102295,1.440000057220459,1.4600000381469727,1424500,0.0,0.0
2026-07-24 00:00:00-04:00,1.4700000286102295,1.4850000143051147,1.4299999475479126,1.4800000190734863,1099400,0.0,0.0
