Date,Open,High,Low,Close,Volume,Dividends,Stock Splits
2017-12-15 00:00:00-05:00,12.945060358054112,13.811135172247473,12.641012751467946,12.852924346923828,9312100,0.0,0.0
2017-12-18 00:00:00-05:00,12.972701686496915,14.04147527019011,12.945061232759796,13.461020469665527,1746900,0.0,0.0
2017-12-19 00:00:00-05:00,13.451806128174567,14.179677775465747,13.451806128174567,14.133609771728516,1451700,0.0,0.0
2017-12-20 00:00:00-05:00,14.13360871206623,14.46529673249275,13.829561140340083,14.161249160766602,487200,0.0,0.0
2017-12-21 00:00:00-05:00,14.262599456552872,14.833841310183773,13.617650025387078,14.631142616271973,1443800,0.0,0.0
2017-12-22 00:00:00-05:00,14.483724037026,14.483724037026,13.949337351672439,14.244171142578125,403600,0.0,0.0
2017-12-26 00:00:00-05:00,14.244172177411851,14.456083760352108,13.976978815323573,14.317880630493164,137000,0.0,0.0
2017-12-27 00:00:00-05:00,14.096755701877555,14.373162848713212,14.096755701877555,14.281026840209961,246900,0.0,0.0
2017-12-28 00:00:00-05:00,14.281027169436715,14.479118977213535,14.032260467947467,14.27181339263916,349200,0.0,0.0
2017-12-29 00:00:00-05:00,14.299455709371994,14.741706482070503,14.253387700880689,14.64957046508789,310400,0.0,0.0
2018-01-02 00:00:00-05:00,14.483726433382804,14.907550517269138,14.442265314842631,14.88912296295166,845300,0.0,0.0
2018-01-03 00:00:00-05:00,14.925978028378774,14.944403825294609,14.415545670821707,14.511366844177246,283700,0.0,0.0
2018-01-04 00:00:00-05:00,14.566648997537836,14.833842390421681,14.234960041768806,14.40080451965332,216600,0.0,0.0
2018-01-05 00:00:00-05:00,14.308667478327116,14.58507462877583,14.12531806672621,14.327095031738281,263100,0.0,0.0
2018-01-08 00:00:00-05:00,14.631143271013157,14.631143271013157,14.152037405540652,14.336309432983398,162000,0.0,0.0
2018-01-09 00:00:00-05:00,14.557434097726235,14.621928776964408,14.069115357764133,14.253386497497559,762400,0.0,0.0
2018-01-10 00:00:00-05:00,15.41429452908325,15.423508305386932,14.317880630493164,14.317880630493164,2457200,0.0,0.0
2018-01-11 00:00:00-05:00,14.566646744061467,14.962829444077437,14.420150694103357,14.71406364440918,1903500,0.0,0.0
2018-01-12 00:00:00-05:00,14.861481217435422,15.202383933418028,14.594288716669169,14.621929168701172,975300,0.0,0.0
2018-01-16 00:00:00-05:00,14.74170622417132,15.059573631984618,14.695638216485952,14.732492446899414,641000,0.0,0.0
2018-01-17 00:00:00-05:00,14.732490949222093,14.907549184895569,14.677210048558734,14.796985626220703,353800,0.0,0.0
2018-01-18 00:00:00-05:00,14.861480303219313,14.953616309223676,14.723277172886842,14.796985626220703,642700,0.0,0.0
2018-01-19 00:00:00-05:00,14.778558782364858,15.064178799100413,14.704849455586574,14.967436790466309,695800,0.0,0.0
2018-01-22 00:00:00-05:00,14.953617465872904,15.156317046230766,14.750919642863325,15.045753479003906,400900,0.0,0.0
2018-01-23 00:00:00-05:00,15.018111140532287,15.326766500216092,14.999685345020609,15.24845027923584,317700,0.0,0.0
2018-01-24 00:00:00-05:00,15.27609146212852,15.368227468196595,15.106561843608592,15.230024337768555,239800,0.0,0.0
2018-01-25 00:00:00-05:00,15.202384804431398,15.331374173753888,15.018112770529251,15.054967880249023,226100,0.0,0.0
2018-01-26 00:00:00-05:00,15.064179133120323,15.349799156188965,15.064179133120323,15.349799156188965,189300,0.0,0.0
2018-01-29 00:00:00-05:00,15.322159725717947,15.358093983326494,15.05496722133726,15.073394775390625,135800,0.0,0.0
2018-01-30 00:00:00-05:00,15.008898278294069,15.20238230040856,14.879907172869673,15.147101402282715,191900,0.0,0.0
2018-01-31 00:00:00-05:00,15.147103131984096,15.368228507086634,15.065101747144078,15.303733825683594,264700,0.0,0.0
2018-02-01 00:00:00-05:00,15.30373203410785,15.644632955143441,15.165527153168386,15.349799156188965,362900,0.0,0.0
2018-02-02 00:00:00-05:00,15.312947393635197,15.644634573087531,14.695637525553469,14.778560638427734,211700,0.0,0.0
2018-02-05 00:00:00-05:00,14.714062883617961,15.359012228629092,14.649567334045056,14.760130882263184,525900,0.0,0.0
2018-02-06 00:00:00-05:00,14.741706334877238,14.787773464234393,14.492939618712583,14.704852104187012,443700,0.0,0.0
2018-02-07 00:00:00-05:00,14.667997617819493,15.211598170030479,14.667997617819493,14.861481666564941,337100,0.0,0.0
2018-02-08 00:00:00-05:00,14.916762353651313,15.018110374514741,14.667995674776575,14.686422348022461,364600,0.0,0.0
2018-02-09 00:00:00-05:00,14.677212668260715,14.833843379220344,13.41495408127812,13.820350646972656,1697800,0.0,0.0
2018-02-12 00:00:00-05:00,13.958551137304317,14.03225958972339,13.129330608252717,13.534727096557617,1212000,0.0,0.0
2018-02-13 00:00:00-05:00,13.617649212343474,14.216531481627875,13.590008762583903,14.096755027770996,279500,0.0,0.0
2018-02-14 00:00:00-05:00,13.986192736056836,13.995405633781585,13.562368687125597,13.958551406860352,322400,0.0,0.0
2018-02-15 00:00:00-05:00,14.032260925072919,14.115183161604005,13.70057285762272,13.7282133102417,341200,0.0,0.0
2018-02-16 00:00:00-05:00,13.737425614485092,13.765066064140608,13.470232258017624,13.691357612609863,374700,0.0,0.0
2018-02-20 00:00:00-05:00,13.59000906443513,13.82034820112047,13.40573793082167,13.580795288085938,316800,0.0,0.0
2018-02-21 00:00:00-05:00,13.562368474498172,13.824954947029465,13.525514248154728,13.636076927185059,180800,0.0,0.0
2018-02-22 00:00:00-05:00,13.645290679716421,14.069114721266214,13.359669767045752,13.433378219604492,249200,0.0,0.0
2018-02-23 00:00:00-05:00,13.433378566975756,13.783494165020382,13.405738116219995,13.626863479614258,195700,0.0,0.0
2018-02-26 00:00:00-05:00,13.608438014326575,13.783495389564173,13.424165983119634,13.746641159057617,216900,0.0,0.0
2018-02-27 00:00:00-05:00,13.700572931880748,13.912485412905898,13.590010242131424,13.801921844482422,306400,0.0,0.0
2018-02-28 00:00:00-05:00,13.746641196704214,13.930912349741638,13.405739343916443,13.442593574523926,322300,0.0,0.0
2018-03-01 00:00:00-05:00,13.147760258122883,13.963160252921796,13.101692248343335,13.654505729675293,431500,0.0,0.0
2018-03-02 00:00:00-05:00,13.553154953569676,13.553154953569676,13.156971353908466,13.249107360839844,381700,0.0,0.0
2018-03-05 00:00:00-05:00,13.212253907617749,13.516301518155048,13.000341430733915,13.405738830566406,352500,0.0,0.0
2018-03-06 00:00:00-05:00,13.470232775679316,13.856280871308,13.322815866952585,13.424164772033691,443500,0.0,0.0
2018-03-07 00:00:00-05:00,13.341242189289035,13.769673118146185,13.341242189289035,13.534727096557617,263400,0.0,0.0
2018-03-08 00:00:00-05:00,13.433379030285682,13.571582167505126,13.304388791186515,13.48866081237793,214500,0.0,0.0
2018-03-09 00:00:00-05:00,13.534728528878654,13.82034947123412,13.511694964562926,13.599224090576172,333100,0.0,0.0
2018-03-12 00:00:00-04:00,13.64529158130534,14.695637539004217,13.64529158130534,14.345521926879883,1024200,0.0,0.0
2018-03-13 00:00:00-04:00,14.22574645239725,14.539007857574804,13.58079696574156,14.041475296020508,779700,0.0,0.0
2018-03-14 00:00:00-04:00,14.032259146576445,14.382374723847217,13.875629349137924,14.105968475341797,637000,0.0,0.0
2018-03-15 00:00:00-04:00,14.05990204806729,14.792380621674619,14.05990204806729,14.188891410827637,656200,0.0,0.0
2018-03-16 00:00:00-04:00,14.152036941444193,14.603502339464763,14.11057582449665,14.474512100219727,7952700,0.0,0.0
2018-03-19 00:00:00-04:00,14.373163662737117,14.62192949390619,13.65450486452836,14.336309432983398,861000,0.0,0.0
2018-03-20 00:00:00-04:00,14.437658116735395,14.589681921898757,14.09675627723798,14.188891410827637,328400,0.0,0.0
2018-03-21 00:00:00-04:00,14.188889367446306,14.511364485254907,14.069113798896375,14.244171142578125,221300,0.0,0.0
2018-03-22 00:00:00-04:00,14.133610796141715,14.437658412701287,13.912485416584598,14.004620552062988,361600,0.0,0.0
2018-03-23 00:00:00-04:00,14.087543198565731,14.152037883142768,13.728213787334724,13.792709350585938,560600,0.0,0.0
2018-03-26 00:00:00-04:00,13.940124998706446,14.142823689977654,13.626863624562061,14.078328132629395,412800,0.0,0.0
2018-03-27 00:00:00-04:00,14.078329269977404,14.327095985544778,13.912485671606655,13.921698570251465,382700,0.0,0.0
2018-03-28 00:00:00-04:00,13.958553801972691,14.004621813197446,13.765068857768105,13.820350646972656,561600,0.0,0.0
2018-03-29 00:00:00-04:00,13.90327101944805,14.169542665022957,13.709786101295078,13.995406150817871,638000,0.0,0.0
2018-04-02 00:00:00-04:00,13.967765587620889,14.115182499573494,13.857202903656436,13.949338912963867,286500,0.0,0.0
2018-04-03 00:00:00-04:00,13.912484361926364,14.032259941101074,13.77428035117433,14.032259941101074,275500,0.0,0.0
2018-04-04 00:00:00-04:00,13.884843574154655,13.995406259864367,13.774280888444942,13.967765808105469,324500,0.0,0.0
2018-04-05 00:00:00-04:00,14.023048253783825,14.198105628105004,13.847990000788487,14.152037620544434,145400,0.0,0.0
2018-04-06 00:00:00-04:00,14.059901818867289,14.161250727765996,13.903271127776666,13.967765808105469,126900,0.0,0.0
2018-04-09 00:00:00-04:00,14.013833562008436,14.234958929459772,13.829562422465658,14.050687789916992,120100,0.0,0.0
2018-04-10 00:00:00-04:00,14.207318384876999,14.363949072128067,13.958551689122677,14.281026840209961,382000,0.0,0.0
2018-04-11 00:00:00-04:00,14.17046473557936,14.290241200052636,14.013834041935393,14.188891410827637,171100,0.0,0.0
2018-04-12 00:00:00-04:00,14.225745231800442,14.308667464723632,14.050687867931348,14.124396324157715,97500,0.0,0.0
2018-04-13 00:00:00-04:00,14.152037471767732,14.30866816862256,13.976980099286886,14.004620552062988,144400,0.0,0.0
2018-04-16 00:00:00-04:00,14.08754071178293,14.308666058733944,13.976978038307424,14.161249160766602,190600,0.0,0.0
2018-04-17 00:00:00-04:00,14.207319479332526,14.465299092871255,14.03226122542562,14.428444862365723,274000,0.0,0.0
2018-04-18 00:00:00-04:00,14.483725331815616,14.57586046037317,14.428443551741818,14.539006233215332,316300,0.0,0.0
2018-04-19 00:00:00-04:00,14.483726685073076,14.612716052840325,14.456085353116523,14.529794692993164,330400,0.0,0.0
2018-04-20 00:00:00-04:00,14.511366769264253,14.511366769264253,14.051610188306988,14.437658309936523,108500,0.0,0.0
2018-04-23 00:00:00-04:00,14.502151129804416,14.603500907370249,14.271812004317026,14.308666229248047,144600,0.0,0.0
2018-04-24 00:00:00-04:00,14.290239959190416,14.465297312881932,14.27181240686812,14.299453735351562,152200,0.0,0.0
2018-04-25 00:00:00-04:00,14.244171232187565,14.244171232187565,13.903269439639764,13.912483215332031,234000,0.0,0.0
2018-04-26 00:00:00-04:00,13.958551347190243,14.188890484131825,13.958551347190243,14.087541580200195,119100,0.0,0.0
2018-04-27 00:00:00-04:00,14.133610022379768,14.20731847819688,14.032260236625662,14.050687789916992,136800,0.0,0.0
2018-04-30 00:00:00-04:00,14.096754335807328,14.234957456495296,13.894055663947496,13.912483215332031,98900,0.0,0.0
2018-05-01 00:00:00-04:00,13.884843715616073,13.912485046330705,13.7558543536443,13.838776588439941,431700,0.0,0.0
2018-05-02 00:00:00-04:00,13.894057862284429,14.087542789065445,13.792708949655955,14.004620552062988,176200,0.0,0.0
2018-05-03 00:00:00-04:00,14.363948556473616,14.363948556473616,13.507086695645974,13.636076927185059,331800,0.0,0.0
2018-05-04 00:00:00-04:00,13.451805188372699,13.497872310217392,13.046407838216794,13.221466064453125,727300,0.0,0.0
2018-05-07 00:00:00-04:00,13.26753310064418,13.341241549528668,13.074048202653893,13.147757530212402,562200,0.0,0.0
2018-05-08 00:00:00-04:00,13.166184884738135,13.488660024308517,13.147758210900035,13.332029342651367,654400,0.0,0.0
2018-05-09 00:00:00-04:00,13.396524900320964,13.396524900320964,13.156971973949377,13.258321762084961,312800,0.0,0.0
2018-05-10 00:00:00-04:00,13.32281602377901,13.718999629651249,13.221467117504899,13.571581840515137,275500,0.0,0.0
2018-05-11 00:00:00-04:00,13.599223830037335,13.599223830037335,13.442593135403538,13.479447364807129,200200,0.0,0.0
2018-05-14 00:00:00-04:00,13.49787267321777,13.599222452819376,13.249106869605027,13.41495132446289,207000,0.0,0.0
2018-05-15 00:00:00-04:00,13.405738975195085,13.479447434382722,13.138545590971365,13.350457191467285,332300,0.0,0.0
2018-05-16 00:00:00-04:00,13.368884448408588,13.479447134732215,13.184613304535876,13.258321762084961,365300,0.0,0.0
2018-05-17 00:00:00-04:00,13.295176652192078,13.644370553101131,13.074050389871372,13.23989486694336,256700,0.0,0.0
2018-05-18 00:00:00-04:00,13.295526319666138,13.295526319666138,13.082278229402737,13.119364738464355,229700,0.09,0.0
2018-05-21 00:00:00-04:00,13.212079776393471,13.378969488095759,13.149032807411633,13.221351623535156,139400,0.0,0.0
2018-05-22 00:00:00-04:00,13.258436761701875,13.258436761701875,12.93392921887719,12.943201065063477,217600,0.0,0.0
2018-05-23 00:00:00-04:00,12.998832005678082,13.07300501101106,12.878300650958998,12.915387153625488,247300,0.0,0.0
2018-05-24 00:00:00-04:00,12.980288538547557,13.239894061739152,12.8041278688634,12.906115531921387,175200,0.0,0.0
2018-05-25 00:00:00-04:00,12.952474125532012,13.035918980607631,12.77631256832526,12.859757423400879,228300,0.0,0.0
2018-05-29 00:00:00-04:00,12.822670464712639,12.952473666251143,12.637237951237612,12.72995376586914,211400,0.0,0.0
2018-05-30 00:00:00-04:00,12.748498117282185,13.137906857783403,12.655781413653507,12.887572288513184,381800,0.0,0.0
2018-05-31 00:00:00-04:00,12.85975860364637,12.85975860364637,12.396176818868005,12.451807022094727,498200,0.0,0.0
2018-06-01 00:00:00-04:00,12.461075782775879,12.563064323292137,12.322001625614343,12.461075782775879,395100,0.0,0.0
2018-06-04 00:00:00-04:00,12.479620011124624,12.702139025821737,12.368360503776067,12.405447006225586,135600,0.0,0.0
2018-06-05 00:00:00-04:00,12.405447699012399,12.507435365391123,12.35908934730861,12.488892555236816,238200,0.0,0.0
2018-06-06 00:00:00-04:00,12.479620915212864,12.581608583284563,12.461077220538721,12.516707420349121,238700,0.0,0.0
2018-06-07 00:00:00-04:00,12.488890684333576,12.572335528057506,12.359087495850588,12.377631187438965,115100,0.0,0.0
2018-06-08 00:00:00-04:00,12.37763339614631,12.665053593359334,12.164385325886675,12.655781745910645,595000,0.0,0.0
2018-06-11 00:00:00-04:00,12.62796675624971,12.924658793122251,12.62796675624971,12.887572288513184,178300,0.0,0.0
2018-06-12 00:00:00-04:00,12.887573835776207,13.276982623029268,12.878302871669895,13.119364738464355,283900,0.0,0.0
2018-06-13 00:00:00-04:00,13.063733054277815,13.28625206840285,13.063733054277815,13.174992561340332,212700,0.0,0.0
2018-06-14 00:00:00-04:00,13.184265476830728,13.49950121450335,13.086912847626166,13.388240814208984,250900,0.0,0.0
2018-06-15 00:00:00-04:00,13.341882096157962,13.684932459670417,13.303868055933185,13.5829439163208,385500,0.0,0.0
2018-06-18 00:00:00-04:00,13.675661295398173,13.842551004323752,13.443870425984645,13.703475952148438,263400,0.0,0.0
2018-06-19 00:00:00-04:00,13.629302944673068,13.786920806611228,13.55605747558124,13.703475952148438,200400,0.0,0.0
2018-06-20 00:00:00-04:00,13.703476422202266,14.482293911620479,13.703476422202266,14.380306243896484,678600,0.0,0.0
2018-06-21 00:00:00-04:00,14.454479155769299,14.463751003011804,13.944539052187803,13.9816255569458,458300,0.0,0.0
2018-06-22 00:00:00-04:00,14.06507039570338,14.111428747644553,13.833279520209537,14.018712043762207,960100,0.0,0.0
2018-06-25 00:00:00-04:00,13.963079941833797,13.963079941833797,13.712745421844334,13.79619026184082,168600,0.0,0.0
2018-06-26 00:00:00-04:00,13.7961929150288,13.908379966751278,13.518043689619395,13.768378257751465,102700,0.0,0.0
2018-06-27 00:00:00-04:00,13.694203692626262,13.870364347646065,13.230621997697199,13.239892959594727,194400,0.0,0.0
2018-06-28 00:00:00-04:00,13.26770997503157,13.51804365837299,13.03591910176151,13.221351623535156,197800,0.0,0.0
2018-06-29 00:00:00-04:00,13.32334093548118,13.416057649928636,13.008105167414378,13.193537712097168,399000,0.0,0.0
2018-07-02 00:00:00-04:00,13.147177994646517,13.657117184416173,13.073004989435951,13.647846221923828,228300,0.0,0.0
2018-07-03 00:00:00-04:00,13.759106340890586,13.97235351928997,13.582944782531783,13.91672420501709,209100,0.0,0.0
2018-07-05 00:00:00-04:00,13.963083286587542,14.018712603769565,13.777649871415319,13.925996780395508,88000,0.0,0.0
2018-07-06 00:00:00-04:00,13.963081635115223,14.00016813692088,13.620030388147955,13.657116889953613,105300,0.0,0.0
2018-07-09 00:00:00-04:00,13.62003022206099,13.749833418903904,13.425325868902588,13.51804256439209,103200,0.0,0.0
2018-07-10 00:00:00-04:00,13.536585350469904,13.599632310126513,13.286250819943271,13.369695663452148,118900,0.0,0.0
2018-07-11 00:00:00-04:00,13.26770997503157,13.397512298167118,13.147178614825698,13.221351623535156,66900,0.0,0.0
2018-07-12 00:00:00-04:00,13.202806459368878,13.290887228984737,12.961743765794907,13.239892959594727,99600,0.0,0.0
2018-07-13 00:00:00-04:00,13.249165566048678,13.406783422106903,13.147177905627693,13.174992561340332,53100,0.0,0.0
2018-07-16 00:00:00-04:00,13.193534667315065,13.193534667315065,12.980287511195712,13.091547012329102,65300,0.0,0.0
2018-07-17 00:00:00-04:00,13.054461414683143,13.267709469760774,12.989560255586984,13.202807426452637,63100,0.0,0.0
2018-07-18 00:00:00-04:00,13.202809944625285,13.443872701834612,13.054463904561741,13.397514343261719,101900,0.0,0.0
2018-07-19 00:00:00-04:00,13.397512880455702,13.582945410288698,13.286253362555904,13.527316093444824,73500,0.0,0.0
2018-07-20 00:00:00-04:00,13.54585775050245,13.61075979357476,13.295524077604034,13.314066886901855,79600,0.0,0.0
2018-07-23 00:00:00-04:00,13.276979770984063,13.341881811059297,12.980287762223906,13.008102416992188,117200,0.0,0.0
2018-07-24 00:00:00-04:00,13.045188243740052,13.21207793214655,12.924656900358903,13.035917282104492,139600,0.0,0.0
2018-07-25 00:00:00-04:00,13.05446120763628,13.230622756977573,12.98956004956947,13.174992561340332,53800,0.0,0.0
2018-07-26 00:00:00-04:00,13.174992997464267,13.555129880230973,13.082276296403709,13.341882705688477,64600,0.0,0.0
2018-07-27 00:00:00-04:00,13.341882264040091,13.443869924461076,13.082275863348919,13.174992561340332,53600,0.0,0.0
2018-07-30 00:00:00-04:00,13.147176336545396,13.239892139259448,12.665050979269632,12.794854164123535,226500,0.0,0.0
2018-07-31 00:00:00-04:00,12.739226252539527,13.100820335139161,12.739226252539527,12.92465877532959,112500,0.0,0.0
2018-08-01 00:00:00-04:00,12.887571139134808,12.887571139134808,12.57697135915521,12.822669982910156,157500,0.0,0.0
2018-08-02 00:00:00-04:00,12.655779487569554,12.816179059803858,12.07166734992581,12.377631187438965,376000,0.0,0.0
2018-08-03 00:00:00-04:00,12.377633395590335,12.479621064885208,12.182929020236823,12.220015525817871,100500,0.0,0.0
2018-08-06 00:00:00-04:00,12.284914867428887,12.776311214546707,12.275643021355817,12.767040252685547,216200,0.0,0.0
2018-08-07 00:00:00-04:00,12.729954530174673,12.869029586789976,12.525979195211466,12.665053367614746,281100,0.0,0.0
2018-08-08 00:00:00-04:00,12.627966052941193,12.627966052941193,12.210742678273235,12.331274032592773,185600,0.0,0.0
2018-08-09 00:00:00-04:00,12.294186843883882,12.396174499133506,12.155111803948666,12.210741996765137,253400,0.0,0.0
2018-08-10 00:00:00-04:00,12.145841365201118,12.284915526915377,11.978951663774442,12.006766319274902,129800,0.0,0.0
2018-08-13 00:00:00-04:00,12.00676575206357,12.053124098515628,11.515369401780346,11.55245590209961,239400,0.0,0.0
2018-08-14 00:00:00-04:00,11.645174684608902,11.77312282419515,11.533914279474676,11.65444564819336,240700,0.0,0.0
2018-08-15 00:00:00-04:00,11.68226116622159,11.68226116622159,11.181592881052783,11.292852401733398,183900,0.0,0.0
2018-08-16 00:00:00-04:00,11.357752713548173,11.617358242278485,11.357752713548173,11.543185234069824,173200,0.0,0.0
2018-08-17 00:00:00-04:00,11.543185282449155,11.804682037703191,11.477811538960875,11.739307403564453,91800,0.09,0.0
2018-08-20 00:00:00-04:00,11.795343193461457,11.935430047255693,11.711290724924718,11.842039108276367,106000,0.0,0.0
2018-08-21 00:00:00-04:00,11.795343102357913,11.969985412717568,11.71502602261855,11.851377487182617,164500,0.0,0.0
2018-08-22 00:00:00-04:00,11.814019841357009,11.851376391336107,11.627237091461522,11.683272361755371,190500,0.0,0.0
2018-08-23 00:00:00-04:00,11.739306368050775,11.823358825493203,11.645915441398369,11.767324447631836,198000,0.0,0.0
2018-08-24 00:00:00-04:00,11.795342669295106,12.038160703021797,11.767325477911397,11.954108238220215,209400,0.0,0.0
2018-08-27 00:00:00-04:00,11.972785546757517,12.14462585687726,11.972785546757517,12.066177368164062,109100,0.0,0.0
2018-08-28 00:00:00-04:00,12.07551687498257,12.122211895602115,11.982125052442628,12.03816032409668,78100,0.0,0.0
2018-08-29 00:00:00-04:00,11.963447423894298,12.047498996815898,11.898072790754684,11.991464614868164,94900,0.0,0.0
2018-08-30 00:00:00-04:00,11.98212487735656,11.98212487735656,11.795342125656424,11.860715866088867,95500,0.0,0.0
2018-08-31 00:00:00-04:00,11.81402123848804,12.056839287393139,11.81402123848804,12.000804901123047,75600,0.0,0.0
2018-09-04 00:00:00-04:00,11.954109187805276,11.954109187805276,11.571204276093201,11.748647689819336,112900,0.0,0.0
2018-09-05 00:00:00-04:00,11.767323834349847,11.907410662352687,11.664592662540787,11.692610740661621,168900,0.0,0.0
2018-09-06 00:00:00-04:00,11.739307652319336,11.926091307358849,11.720629821205671,11.888733863830566,118200,0.0,0.0
2018-09-07 00:00:00-04:00,11.86071354893733,12.080184018627566,11.515165303137017,11.524504661560059,241500,0.0,0.0
2018-09-10 00:00:00-04:00,11.561863264147304,11.655254193062955,11.300367416272922,11.496489524841309,384800,0.0,0.0
2018-09-11 00:00:00-04:00,11.496488867832042,11.514233294722512,11.169618408681483,11.216314315795898,362300,0.0,0.0
2018-09-12 00:00:00-04:00,11.337724366442366,11.580541502720207,11.169619441545803,11.188297271728516,229100,0.0,0.0
2018-09-13 00:00:00-04:00,11.225654128780898,11.255539011777053,10.880104936566843,10.908123016357422,201100,0.0,0.0
2018-09-14 00:00:00-04:00,10.94547929686018,11.094905489475277,10.702661288535467,10.758696556091309,382800,0.0,0.0
2018-09-17 00:00:00-04:00,10.758698025754333,10.758698025754333,10.422488155792957,10.441166877746582,336900,0.0,0.0
2018-09-18 00:00:00-04:00,10.441165567838272,10.460777689038826,10.291739373557641,10.301077842712402,366700,0.0,0.0
2018-09-19 00:00:00-04:00,10.2450443643124,10.254382834286728,10.011565692595667,10.10495662689209,571600,0.0,0.0
2018-09-20 00:00:00-04:00,10.170330710002391,10.278664081043116,9.96486924063304,10.226365089416504,668000,0.0,0.0
2018-09-21 00:00:00-04:00,10.226365178854598,10.627948760986328,10.076938978242906,10.627948760986328,4685400,0.0,0.0
2018-09-24 00:00:00-04:00,10.618608859317476,10.814730960282192,10.34310398199441,10.749357223510742,425500,0.0,0.0
2018-09-25 00:00:00-04:00,10.768035930336254,10.768035930336254,10.301078593835024,10.347774505615234,357100,0.0,0.0
2018-09-26 00:00:00-04:00,10.450504770854158,10.599931866278313,10.347774477734836,10.3571138381958,228800,0.0,0.0
2018-09-27 00:00:00-04:00,10.310418580370973,10.796054667332342,10.310418580370973,10.413148880004883,486300,0.0,0.0
2018-09-28 00:00:00-04:00,10.394471821143936,10.599933326333684,10.360850653243673,10.450506210327148,230200,0.0,0.0
2018-10-01 00:00:00-04:00,10.506541221060758,10.553237137951134,10.28240188876759,10.310419082641602,238800,0.0,0.0
2018-10-02 00:00:00-04:00,10.347774099014282,10.431826558785854,10.170330710002391,10.226365089416504,164600,0.0,0.0
2018-10-03 00:00:00-04:00,10.254382926786949,10.310418200390634,9.974209230719907,10.09561824798584,331000,0.0,0.0
2018-10-04 00:00:00-04:00,10.095619354940668,10.114297187756225,9.843461932051463,9.862140655517578,263500,0.0,0.0
2018-10-05 00:00:00-04:00,9.843461723090712,9.89949700164896,9.56889108478164,9.703374862670898,298700,0.0,0.0
2018-10-08 00:00:00-04:00,9.740729139002612,9.852798779246275,9.51658896786496,9.563284873962402,193600,0.0,0.0
2018-10-09 00:00:00-04:00,9.56328617802457,9.731391106638235,9.441877161875864,9.48857307434082,285600,0.0,0.0
2018-10-10 00:00:00-04:00,9.395182118180697,9.64733861986349,9.25509438111208,9.283111572265625,265400,0.0,0.0
2018-10-11 00:00:00-04:00,9.227074674056404,9.40451802384682,9.19905749054217,9.208395957946777,184500,0.0,0.0
2018-10-12 00:00:00-04:00,9.964867979808332,10.203016288812126,9.376501726501948,9.441875457763672,314600,0.0,0.0
2018-10-15 00:00:00-04:00,9.42320016194437,9.759409158158396,9.376504245363122,9.712713241577148,206000,0.0,0.0
2018-10-16 00:00:00-04:00,9.768747491506504,10.226365466410194,9.68469502863635,10.142313003540039,256300,0.0,0.0
2018-10-17 00:00:00-04:00,10.086278364220108,10.17966929451588,9.946190632800834,9.992886543273926,168500,0.0,0.0
2018-10-18 00:00:00-04:00,9.87147770443882,10.132974451387843,9.862139234701692,9.955530166625977,242300,0.0,0.0
2018-10-19 00:00:00-04:00,9.946189630426685,10.123633894211569,9.946189630426685,10.011564254760742,170900,0.0,0.0
2018-10-22 00:00:00-04:00,10.076940721091471,10.189010390933154,9.77808826818032,9.834122657775879,158500,0.0,0.0
2018-10-23 00:00:00-04:00,9.74073002152101,9.918173411987414,9.64733820086475,9.78742504119873,162700,0.0,0.0
2018-10-24 00:00:00-04:00,9.78742473774395,9.880816555504637,9.19905931406291,9.23641586303711,318100,0.0,0.0
2018-10-25 00:00:00-04:00,9.19906119533968,10.076940721091471,9.19906119533968,9.834122657775879,451100,0.0,0.0
2018-10-26 00:00:00-04:00,9.703373652657774,9.76874739394816,9.301790063244425,9.339146614074707,311600,0.0,0.0
2018-10-29 00:00:00-04:00,9.423198683119148,9.59130360016996,8.71342335629393,8.797475814819336,397200,0.0,0.0
2018-10-30 00:00:00-04:00,8.78813711316717,9.016946105931991,8.741441200416086,8.853510856628418,218700,0.0,0.0
2018-10-31 00:00:00-04:00,8.90020755077314,9.143025605876632,8.806816607722167,9.096329689025879,232500,0.0,0.0
2018-11-01 00:00:00-04:00,9.124344856658702,9.488570932227718,8.984257150889638,9.320466041564941,204400,0.0,0.0
2018-11-02 00:00:00-04:00,9.339147322132957,9.451216983120494,9.04963336326062,9.18972110748291,195400,0.0,0.0
2018-11-05 00:00:00-05:00,9.217737281522005,9.283111020545084,8.937562714686758,8.993597984313965,230800,0.0,0.0
2018-11-06 00:00:00-05:00,9.003027044845439,9.309412596043892,8.97474553679481,9.153862953186035,202300,0.09,0.0
2018-11-07 00:00:00-05:00,9.163286358563028,9.328263397292767,9.050159477476141,9.314122200012207,169600,0.0,0.0
2018-11-08 00:00:00-05:00,9.266986846923828,9.28584177881263,9.059587091410192,9.266986846923828,100300,0.0,0.0
2018-11-09 00:00:00-05:00,9.210426044750065,9.295270561315213,9.021880277131025,9.106725692749023,75200,0.0,0.0
2018-11-12 00:00:00-05:00,9.087870566547986,9.153861037876235,8.965316191900705,9.021879196166992,89500,0.0,0.0
2018-11-13 00:00:00-05:00,9.031306273613062,9.06901524118138,8.663643165532424,8.833333969116211,212000,0.0,0.0
2018-11-14 00:00:00-05:00,8.889898933029015,9.106725297711277,8.823907557603828,8.984170913696289,175600,0.0,0.0
2018-11-15 00:00:00-05:00,8.908752173971214,8.955888609621875,8.701352396539942,8.87104320526123,116800,0.0,0.0
2018-11-16 00:00:00-05:00,8.833334246028295,9.021879089780494,8.644789402276096,9.00302505493164,224000,0.0,0.0
2018-11-19 00:00:00-05:00,8.937033854493459,9.05016166193885,8.616508063574013,8.691926002502441,112000,0.0,0.0
2018-11-20 00:00:00-05:00,8.607081891498941,8.875758451739154,8.192282265927515,8.333691596984863,567900,0.0,0.0
2018-11-21 00:00:00-05:00,8.295981906193955,8.852189915788564,8.1828549905387,8.569372177124023,337500,0.0,0.0
2018-11-23 00:00:00-05:00,8.541089819130029,8.842761564052916,8.53166235233801,8.786197662353516,74400,0.0,0.0
2018-11-26 00:00:00-05:00,8.786197286429717,8.946460618826197,8.475098088025415,8.531661987304688,404300,0.0,0.0
2018-11-27 00:00:00-05:00,8.52223670223723,8.67778634125331,8.267701337962238,8.43739128112793,1067900,0.0,0.0
2018-11-28 00:00:00-05:00,8.550516148138234,8.607080048258366,8.211135444575524,8.484525680541992,1235300,0.0,0.0
2018-11-29 00:00:00-05:00,8.437390222057893,8.607081042976723,8.135718450693568,8.154572486877441,834500,0.0,0.0
2018-11-30 00:00:00-05:00,7.947173355070119,8.35254456091121,7.852900479821809,7.918890953063965,1074400,0.0,0.0
2018-12-03 00:00:00-05:00,7.749201143891641,8.229048089671263,7.551228822363479,8.201708793640137,9502000,0.0,0.0
2018-12-04 00:00:00-05:00,8.107437435219115,8.399681756567587,7.871756124881965,7.947174072265625,5295000,0.0,0.0
2018-12-06 00:00:00-05:00,7.815191004955619,8.168712915732959,7.739773069247336,8.107436180114746,17050600,0.0,0.0
2018-12-07 00:00:00-05:00,8.060298907421476,8.088580405608186,7.749199730209824,7.862326622009277,3715000,0.0,0.0
2018-12-10 00:00:00-05:00,7.966028494367164,8.164000840575117,7.8246200609555805,8.06972885131836,3294600,0.0,0.0
2018-12-11 00:00:00-05:00,8.305408708677506,8.833334272782642,8.305408708677506,8.607080459594727,3567100,0.0,0.0
2018-12-12 00:00:00-05:00,8.786199045515454,9.205712393274778,8.691927059912702,8.71078109741211,3591200,0.0,0.0
2018-12-13 00:00:00-05:00,8.767343481583612,9.526236564628562,8.757916014948842,9.427250862121582,3544200,0.0,0.0
2018-12-14 00:00:00-05:00,9.276414866645684,9.342405334090673,8.512807161563947,8.550516128540039,2103900,0.0,0.0
2018-12-17 00:00:00-05:00,8.493954560960528,8.734349603144638,8.248845784727374,8.343118667602539,1976700,0.0,0.0
2018-12-18 00:00:00-05:00,8.352544296762646,8.63536201451072,8.145145416259766,8.145145416259766,1877000,0.0,0.0
2018-12-19 00:00:00-05:00,8.107436167250771,8.347830275031546,7.852899960349655,7.975454330444336,1752000,0.0,0.0
2018-12-20 00:00:00-05:00,8.06972885131836,8.314836742628245,8.032019875805076,8.06972885131836,1423300,0.0,0.0
2018-12-21 00:00:00-05:00,8.050872587441575,8.116863058952923,7.390965175169854,7.4852375984191895,4811900,0.0,0.0
2018-12-24 00:00:00-05:00,7.447528426108918,7.465440253466992,7.221274166951555,7.258983135223389,980500,0.0,0.0
2018-12-26 00:00:00-05:00,7.2872658496581275,7.631360783096482,6.919603145725514,7.570083141326904,2300600,0.0,0.0
2018-12-27 00:00:00-05:00,7.438100131778336,7.607790470123291,7.211846347318396,7.607790470123291,1296900,0.0,0.0
2018-12-28 00:00:00-05:00,7.579510423638566,7.6549283662377325,7.353256595841067,7.475810527801514,1478500,0.0,0.0
2018-12-31 00:00:00-05:00,7.560657024383545,7.6266475049532945,7.306120772381023,7.560657024383545,1372100,0.0,0.0
2019-01-02 00:00:00-05:00,7.400392058184312,7.805763695549536,7.295749512945836,7.796337127685547,1843300,0.0,0.0
2019-01-03 00:00:00-05:00,7.7774818709167555,7.98488163920929,7.494664168527426,7.758626937866211,1329600,0.0,0.0
2019-01-04 00:00:00-05:00,7.834046705697225,8.277126896616704,7.7869102664996985,8.088582038879395,1293400,0.0,0.0
2019-01-07 00:00:00-05:00,8.01316274309335,8.173426069879428,7.9094633136063885,8.1639986038208,1031700,0.0,0.0
2019-01-08 00:00:00-05:00,8.211136261106427,8.305409137663753,7.994309004645686,8.201708793640137,1666600,0.0,0.0
2019-01-09 00:00:00-05:00,8.258273479864583,8.465672389407274,8.083868911466595,8.446818351745605,1541500,0.0,0.0
2019-01-10 00:00:00-05:00,8.361971845401007,8.852189347488538,8.29598137360182,8.691926002502441,1970400,0.0,0.0
2019-01-11 00:00:00-05:00,8.644789402276096,9.069015525481728,8.505266307804742,9.00302505493164,1312400,0.0,0.0
2019-01-14 00:00:00-05:00,8.861616952968985,9.059589290595346,8.795626473444482,8.908753395080566,952600,0.0,0.0
2019-01-15 00:00:00-05:00,8.880472644555471,9.210426868340225,8.578800827874279,9.153862953186035,2062000,0.0,0.0
2019-01-16 00:00:00-05:00,9.427250573987395,9.691213338324294,9.257559775958766,9.45553207397461,1574500,0.0,0.0
2019-01-17 00:00:00-05:00,9.502669835930137,9.860905515739555,9.219852099338198,9.644078254699707,1192600,0.0,0.0
2019-01-18 00:00:00-05:00,9.672361341680778,9.89861518733284,9.587515924798039,9.738351821899414,832900,0.0,0.0
2019-01-22 00:00:00-05:00,9.757204311907497,9.757204311907497,9.323550766954883,9.398968696594238,1006200,0.0,0.0
2019-01-23 00:00:00-05:00,9.446108305151508,9.606370785259633,9.106726608550222,9.172717094421387,938500,0.0,0.0
2019-01-24 00:00:00-05:00,9.163286757389377,9.361259032671178,9.10672286485776,9.238704681396484,645300,0.0,0.0
2019-01-25 00:00:00-05:00,9.361260291515464,9.361260291515464,8.8616153539635,9.210424423217773,2223100,0.0,0.0
2019-01-28 00:00:00-05:00,9.144432651801022,9.521523204907316,9.050160687813937,9.483814239501953,747500,0.0,0.0
2019-01-29 00:00:00-05:00,9.502668669355716,9.64407707076559,9.380114301909234,9.474387168884277,765100,0.0,0.0
2019-01-30 00:00:00-05:00,9.493242525041286,9.705356055751398,9.39897054398898,9.662933349609375,780900,0.0,0.0
2019-01-31 00:00:00-05:00,9.71949573667872,9.936322068319855,9.681786770347538,9.851476669311523,949600,0.0,0.0
2019-02-01 00:00:00-05:00,9.870331744947151,10.077730613245905,9.79491381119257,9.936322212219238,901800,0.0,0.0
2019-02-04 00:00:00-05:00,10.011740416259572,10.09658581878721,9.757205107729376,9.974031448364258,939100,0.0,0.0
2019-02-05 00:00:00-05:00,9.992886510280417,10.322839758842251,9.879758706087689,10.25684928894043,1203700,0.0,0.0
2019-02-06 00:00:00-05:00,10.27570385620235,10.360549264218143,10.106013939223535,10.332267761230469,1069000,0.0,0.0
2019-02-07 00:00:00-05:00,10.294558257320432,10.426540096176799,10.08715848170406,10.25684928894043,1091600,0.0,0.0
2019-02-08 00:00:00-05:00,10.209713939068633,10.245537597695858,9.945751132347466,10.07773208618164,746200,0.0,0.0
2019-02-11 00:00:00-05:00,10.106013404626518,10.30398571317326,10.00231306740273,10.12486743927002,972600,0.0,0.0
2019-02-12 00:00:00-05:00,10.313413448350625,10.530240715136411,9.889187281747091,9.945751190185547,1998600,0.0,0.0
2019-02-13 00:00:00-05:00,9.94575106158969,10.058877977951077,9.361261544196116,9.728923797607422,2229600,0.0,0.0
2019-02-14 00:00:00-05:00,9.747776985168457,9.89861284660158,9.578086191529867,9.747776985168457,759300,0.0,0.0
2019-02-15 00:00:00-05:00,9.747778733194059,10.115440986605364,9.710069761073598,9.728923797607422,1147500,0.0,0.0
2019-02-19 00:00:00-05:00,9.73835086507721,9.75720579988876,9.342406224562417,9.606369018554688,1899900,0.0,0.0
2019-02-20 00:00:00-05:00,9.644076905643821,9.700640804670924,9.436678040334025,9.45553207397461,1301100,0.0,0.0
2019-02-21 00:00:00-05:00,9.427250573987395,9.513981286460501,9.36126010766634,9.45553207397461,750000,0.0,0.0
2019-02-22 00:00:00-05:00,9.464960631944518,9.677074153944016,9.45553316451059,9.67236042022705,930500,0.0,0.0
2019-02-25 00:00:00-05:00,9.691213338687954,9.747777237717177,9.182141843635637,9.257559776306152,1339800,0.0,0.0
2019-02-26 00:00:00-05:00,9.257561319714236,9.28584372347039,8.970030740615941,9.069016456604004,1653200,0.0,0.0
2019-02-27 00:00:00-05:00,9.069015552988079,9.107080640745531,8.702639423651341,8.850141525268555,1044700,0.09,0.0
2019-02-28 00:00:00-05:00,8.8120756149292,9.04046612015431,8.688363864379799,8.8120756149292,1362000,0.0,0.0
2019-03-01 00:00:00-05:00,8.907239104121619,8.98336928306377,8.602718388353011,8.735946655273438,831300,0.0,0.0
2019-03-04 00:00:00-05:00,8.73594583081274,8.783526507503638,8.574168988942635,8.697880744934082,962000,0.0,0.0
2019-03-05 00:00:00-05:00,8.650300227507792,8.850142179902285,8.593202137876503,8.793044090270996,1823300,0.0,0.0
2019-03-06 00:00:00-05:00,8.802560609942994,8.802560609942994,8.145937569169021,8.17448616027832,2772600,0.0,0.0
2019-03-07 00:00:00-05:00,8.164968490600586,8.37432691299997,8.069805323816352,8.164968490600586,1856700,0.0,0.0
2019-03-08 00:00:00-05:00,8.117387082675549,8.26964742678704,8.041256910619804,8.2601318359375,2060700,0.0,0.0
2019-03-11 00:00:00-04:00,8.279163786450594,8.298196782917223,8.041256775877052,8.07932186126709,1555900,0.0,0.0
2019-03-12 00:00:00-04:00,8.117386670852621,8.521828756594553,8.10787108048584,8.459973335266113,2409000,0.0,0.0
2019-03-13 00:00:00-04:00,8.498040472536584,8.498040472536584,8.355295692028632,8.421910285949707,1021800,0.0,0.0
2019-03-14 00:00:00-04:00,8.421909453877985,8.650299991073979,8.369569615441824,8.517071723937988,1359800,0.0,0.0
2019-03-15 00:00:00-04:00,8.51707163960003,8.613185921652516,8.33626269299611,8.469490051269531,1561100,0.0,0.0
2019-03-18 00:00:00-04:00,8.479006117679507,8.640782965220197,8.383843853418863,8.536104202270508,874700,0.0,0.0
2019-03-19 00:00:00-04:00,8.602718004987848,8.869173619411248,8.5836859148721,8.631266593933105,1242500,0.0,0.0
2019-03-20 00:00:00-04:00,8.612233671652914,8.6550570047046,8.288680003059367,8.459973335266113,904400,0.0,0.0
2019-03-21 00:00:00-04:00,8.421909502823516,8.602718452268652,8.337213929397869,8.431425094604492,787800,0.0,0.0
2019-03-22 00:00:00-04:00,8.421908028502596,8.56465186320542,7.917544543127196,7.946094036102295,1040900,0.0,0.0
2019-03-25 00:00:00-04:00,7.927061904036417,8.041257165743085,7.660606293387527,7.965126991271973,937600,0.0,0.0
2019-03-26 00:00:00-04:00,8.003191601758418,8.145936351045915,7.927061431822372,8.031740188598633,646400,0.0,0.0
2019-03-27 00:00:00-04:00,8.03174009534454,8.041256593361856,7.755768005644796,7.917544841766357,2141300,0.0,0.0
2019-03-28 00:00:00-04:00,7.927060822702321,8.041256068831562,7.79383258177997,7.936577320098877,535200,0.0,0.0
2019-03-29 00:00:00-04:00,7.965125904745402,8.098354145667752,7.841414161219606,7.936577320098877,723400,0.0,0.0
2019-04-01 00:00:00-04:00,7.936577979370286,8.174484988787652,7.898512894165235,8.164968490600586,1061200,0.0,0.0
2019-04-02 00:00:00-04:00,8.18400169998661,8.343874517483032,7.7843178411590666,7.955610275268555,791600,0.0,0.0
2019-04-03 00:00:00-04:00,8.003190369762294,8.184000176184291,7.888995132437225,7.9080281257629395,897300,0.0,0.0
2019-04-04 00:00:00-04:00,7.908028282823138,8.088837185293082,7.85093020925505,8.069804191589355,804200,0.0,0.0
2019-04-05 00:00:00-04:00,8.07932186126709,8.098354857733721,7.927061519706939,8.07932186126709,579000,0.0,0.0
2019-04-08 00:00:00-04:00,8.031740667048378,8.056483019128653,7.946094901425829,7.965126991271973,683000,0.0,0.0
2019-04-09 00:00:00-04:00,7.965128194815853,8.022226288068435,7.698672543905079,7.755769729614258,1132300,0.0,0.0
2019-04-10 00:00:00-04:00,7.765283997133446,7.974642402141957,7.739590543214518,7.936577320098877,580100,0.0,0.0
2019-04-11 00:00:00-04:00,7.936578273247395,8.069805622626628,7.879480189553973,8.003191947937012,766900,0.0,0.0
2019-04-12 00:00:00-04:00,8.041258021623953,8.145937703320888,7.979402588611243,8.136421203613281,704100,0.0,0.0
2019-04-15 00:00:00-04:00,8.117386690408763,8.198275107752023,8.031740024099053,8.155451774597168,699400,0.0,0.0
2019-04-16 00:00:00-04:00,8.18400113136123,8.260131298463302,7.993674806062874,8.06028938293457,735500,0.0,0.0
2019-04-17 00:00:00-04:00,8.117386986951116,8.135467970666879,7.9746431429157125,7.993675231933594,918900,0.0,0.0
2019-04-18 00:00:00-04:00,7.974643707275391,8.107871970001934,7.827141603661095,7.974643707275391,1413900,0.0,0.0
2019-04-22 00:00:00-04:00,8.03174009534454,8.03174009534454,7.874721508231638,7.917544841766357,655300,0.0,0.0
2019-04-23 00:00:00-04:00,7.946094901425829,8.02222507589694,7.81286664232975,7.965126991271973,742700,0.0,0.0
2019-04-24 00:00:00-04:00,7.946093817495433,8.012707484185038,7.879479243262686,7.936577320098877,922000,0.0,0.0
2019-04-25 00:00:00-04:00,7.993675007632577,8.031740092143467,7.746252412083391,7.850931167602539,589600,0.0,0.0
2019-04-26 00:00:00-04:00,7.860447372263335,7.955609626217494,7.793832796197938,7.946094036102295,505500,0.0,0.0
2019-04-29 00:00:00-04:00,7.96512669236952,8.184001616417829,7.927061606562408,8.126903533935547,514600,0.0,0.0
2019-04-30 00:00:00-04:00,8.117387600734176,8.193517777648616,7.9746437459054285,8.107872009277344,1093300,0.0,0.0
2019-05-01 00:00:00-04:00,8.126904819631696,8.345779778306557,8.050774635973495,8.231583595275879,938100,0.0,0.0
2019-05-02 00:00:00-04:00,8.231581705507942,8.288679783914972,7.8985124553536314,7.946094036102295,719600,0.0,0.0
2019-05-03 00:00:00-04:00,7.946095276846431,8.26013248826256,7.946095276846431,8.203034400939941,817900,0.0,0.0
2019-05-06 00:00:00-04:00,8.069805108287458,8.217308103617823,7.984159349520941,8.155451774597168,1518400,0.0,0.0
2019-05-07 00:00:00-04:00,8.107871970001934,8.16496914863953,7.888997031775705,7.974643707275391,703300,0.0,0.0
2019-05-08 00:00:00-04:00,7.993677231566215,7.993677231566215,7.679639970096765,7.774803161621094,770500,0.0,0.0
2019-05-09 00:00:00-04:00,7.670123445920196,7.846174149063319,6.994466955463813,7.22285795211792,2679500,0.0,0.0
2019-05-10 00:00:00-04:00,6.880270498490549,7.403666083067903,6.680428581017129,7.384633541107178,2687700,0.0,0.0
2019-05-13 00:00:00-04:00,7.194308321477474,7.441731843221962,6.946885253504622,7.394150257110596,1647700,0.0,0.0
2019-05-14 00:00:00-04:00,7.327536562370653,7.717703958071581,7.322778766494338,7.613025188446045,1202500,0.0,0.0
2019-05-15 00:00:00-04:00,7.660605705277615,7.8985127091213725,7.565442540722834,7.869964122772217,1224500,0.0,0.0
2019-05-16 00:00:00-04:00,7.8889963468543485,8.117386856662488,7.850931261886325,8.031740188598633,1590600,0.0,0.0
2019-05-17 00:00:00-04:00,8.003192335362519,8.126904099734306,7.860448480533772,8.107872009277344,2116200,0.0,0.0
2019-05-20 00:00:00-04:00,8.145938113415017,8.164970206245004,7.936579647024696,8.022226333618164,1499200,0.0,0.0
2019-05-21 00:00:00-04:00,8.0698054982549,8.2601318359375,8.0698054982549,8.2601318359375,1249800,0.0,0.0
2019-05-22 00:00:00-04:00,8.269648788926963,8.298198288807843,8.09835632735862,8.1459379196167,924100,0.0,0.0
2019-05-23 00:00:00-04:00,8.069806613203406,8.164969795192736,7.9270627477627755,8.136421203613281,1255900,0.0,0.0
2019-05-24 00:00:00-04:00,8.213450990478192,8.598607520233587,8.213450990478192,8.483060836791992,1090500,0.1,0.0
2019-05-28 00:00:00-04:00,8.483060560966267,8.579349001561749,8.338626522647969,8.386771202087402,1352000,0.0,0.0
2019-05-29 00:00:00-04:00,8.300110799672717,8.348255478166204,8.097903884626765,8.223079681396484,771000,0.0,0.0
2019-05-30 00:00:00-04:00,8.223079002622978,8.34825478906007,7.953470110911009,7.982356548309326,679400,0.0,0.0
2019-05-31 00:00:00-04:00,7.886068197286156,7.895697317065297,7.558685930204285,7.68386173248291,1028600,0.0,0.0
2019-06-03 00:00:00-04:00,7.664604534787342,7.943842601628395,7.597202068634015,7.654975414276123,1135600,0.0,0.0
2019-06-04 00:00:00-04:00,7.760893445408654,7.809037208557129,7.654974962601802,7.809037208557129,1137200,0.0,0.0
2019-06-05 00:00:00-04:00,7.818667063691303,7.972729324133141,7.549058107918087,7.828296184539795,996800,0.0,0.0
2019-06-06 00:00:00-04:00,7.809037940167132,7.982358442246566,7.693491244875345,7.789780616760254,691400,0.0,0.0
2019-06-07 00:00:00-04:00,7.818666020336503,8.107533179259086,7.780150460365718,8.01124382019043,748600,0.0,0.0
2019-06-10 00:00:00-04:00,8.049758470775295,8.213449811729673,7.9823564780117096,8.165305137634277,927800,0.0,0.0
2019-06-11 00:00:00-04:00,8.232708914753067,8.377142033950179,8.016058317674021,8.155677795410156,775400,0.0,0.0
2019-06-12 00:00:00-04:00,8.117161597681227,8.146048035593326,7.99680036838362,8.030501365661621,747800,0.0,0.0
2019-06-13 00:00:00-04:00,8.078646288126993,8.179749283053285,7.876439379991077,8.126790046691895,756500,0.0,0.0
2019-06-14 00:00:00-04:00,8.146049229673007,8.174935671819394,8.00161610065763,8.049759864807129,528300,0.0,0.0
2019-06-17 00:00:00-04:00,8.069017556578538,8.21345067577565,8.001615556724335,8.155677795410156,631400,0.0,0.0
2019-06-18 00:00:00-04:00,8.174936212916517,8.454174287570138,8.04013219512177,8.31937026977539,1406600,0.0,0.0
2019-06-19 00:00:00-04:00,8.280854716431236,8.483061661687547,8.23271003074478,8.473432540893555,777000,0.0,0.0
2019-06-20 00:00:00-04:00,8.540833359594412,8.666009157620717,8.500392159835924,8.608235359191895,761900,0.0,0.0
2019-06-21 00:00:00-04:00,8.550462934194599,8.685267858848713,8.483060931009254,8.49268913269043,1162900,0.0,0.0
2019-06-24 00:00:00-04:00,8.463804468544343,8.536021046878027,8.357886881540514,8.406030654907227,858500,0.0,0.0
2019-06-25 00:00:00-04:00,8.406028877180947,8.560092041537088,8.377142435613168,8.415657997131348,877300,0.0,0.0
2019-06-26 00:00:00-04:00,8.454172993198297,8.528316109917265,8.290481638123556,8.444544792175293,769000,0.0,0.0
2019-06-27 00:00:00-04:00,8.463803170305443,8.588978982082484,8.444545847569307,8.531205177307129,447700,0.0,0.0
2019-06-28 00:00:00-04:00,8.550463901790899,8.704526165524937,8.511948335857388,8.64675235748291,1915700,0.0,0.0
2019-07-01 00:00:00-04:00,8.743040826538735,8.8200719504329,8.661195142615753,8.800814628601074,515700,0.0,0.0
2019-07-02 00:00:00-04:00,8.771927840200993,8.911547335287008,8.694896711285775,8.848958969116211,482300,0.0,0.0
2019-07-03 00:00:00-04:00,8.906731398716463,9.012648955038113,8.868215840210103,8.964505195617676,298100,0.0,0.0
2019-07-05 00:00:00-04:00,8.897102279519036,8.993391634926608,8.72859636669746,8.964505195617676,461100,0.0,0.0
2019-07-08 00:00:00-04:00,8.906732206087565,8.983763330082946,8.815257401986765,8.877845764160156,633000,0.0,0.0
2019-07-09 00:00:00-04:00,8.848958131303942,8.887473692114927,8.71896868749399,8.781556129455566,1027400,0.0,0.0
2019-07-10 00:00:00-04:00,8.839331023649734,8.90673303383887,8.72378432691828,8.868217468261719,532500,0.0,0.0
2019-07-11 00:00:00-04:00,8.983763727391143,9.3207755984879,8.91636172048518,9.291888236999512,940700,0.0,0.0
2019-07-12 00:00:00-04:00,9.291887685004266,9.48446641035261,9.234114802026498,9.397806167602539,837400,0.0,0.0
2019-07-15 00:00:00-04:00,9.407434201981419,9.417062402511082,9.277443852856194,9.388175964355469,540900,0.0,0.0
2019-07-16 00:00:00-04:00,9.378546845542495,9.522980872887182,9.349660407386882,9.388175964355469,448300,0.0,0.0
2019-07-17 00:00:00-04:00,9.378546182497868,9.556681194810862,9.277443196959348,9.484464645385742,747300,0.0,0.0
2019-07-18 00:00:00-04:00,9.455580239103563,9.571126937866211,9.287075210668577,9.571126937866211,720500,0.0,0.0
2019-07-19 00:00:00-04:00,9.54223931877093,9.667415123267716,9.522981997154805,9.551868438720703,767500,0.0,0.0
2019-07-22 00:00:00-04:00,9.50372406818289,9.570163712413201,9.253372450998713,9.27263069152832,350700,0.0,0.0
2019-07-23 00:00:00-04:00,9.330403468263167,9.455579275402487,9.263001463758703,9.41706371307373,416400,0.0,0.0
2019-07-24 00:00:00-04:00,9.388177664408287,9.532610799624255,9.287074653413807,9.522982597351074,403200,0.0,0.0
2019-07-25 00:00:00-04:00,9.503724088361563,9.575940653934019,9.388177399788946,9.426692962646484,727100,0.0,0.0
2019-07-26 00:00:00-04:00,9.445949091140127,9.54223751761254,9.368917064365652,9.484464645385742,586800,0.0,0.0
2019-07-29 00:00:00-04:00,9.465208525504025,9.600013454647138,9.301517153788618,9.426692962646484,599300,0.0,0.0
2019-07-30 00:00:00-04:00,9.368918373102087,9.686672887869326,9.368918373102087,9.590383529663086,828000,0.0,0.0
2019-07-31 00:00:00-04:00,9.590383250360482,9.705929925872855,9.46520745565124,9.494093894958496,1029400,0.0,0.0
2019-08-01 00:00:00-04:00,9.6770450848211,10.034276650504935,9.502762222676724,9.619271278381348,982600,0.0,0.0
2019-08-02 00:00:00-04:00,9.638529339749791,9.638529339749791,9.02516831498146,9.07042407989502,1024100,0.0,0.0
2019-08-05 00:00:00-04:00,8.887474627804803,8.954877555032889,8.304926594421465,8.396401405334473,1440900,0.0,0.0
2019-08-06 00:00:00-04:00,8.42528772701436,8.588979104887605,8.338627477753997,8.4638032913208,986100,0.0,0.0
2019-08-07 00:00:00-04:00,8.348257322075305,8.714155673846358,8.328999079110929,8.675640106201172,1027400,0.0,0.0
2019-08-08 00:00:00-04:00,8.685267495325164,8.964505534627005,8.675638375763594,8.916360855102539,995100,0.0,0.0
2019-08-09 00:00:00-04:00,8.87784611613146,8.945248122728781,8.791185868630064,8.906732559204102,533600,0.0,0.0
2019-08-12 00:00:00-04:00,8.810443742271207,8.810443742271207,8.521577456911647,8.64675235748291,723900,0.0,0.0
2019-08-13 00:00:00-04:00,8.608235981859664,8.844144834081817,8.56201785805684,8.73341178894043,1134200,0.0,0.0
2019-08-14 00:00:00-04:00,8.598607603055267,8.694896047709006,8.406028877180947,8.415657997131348,843000,0.0,0.0
2019-08-15 00:00:00-04:00,8.406029952679498,8.406029952679498,8.203823917550633,8.271225929260254,806100,0.0,0.0
2019-08-16 00:00:00-04:00,8.309740432527208,8.454173558649527,8.239449509799446,8.415657997131348,639500,0.0,0.0
2019-08-19 00:00:00-04:00,8.542284004040782,8.776052088280874,8.542284004040782,8.68838882446289,748200,0.1,0.0
2019-08-20 00:00:00-04:00,8.629945885520788,8.678647799406574,8.513061849541948,8.561763763427734,680300,0.0,0.0
2019-08-21 00:00:00-04:00,8.649426005935577,8.707867552599563,8.552022189613421,8.668906211853027,517500,0.0,0.0
2019-08-22 00:00:00-04:00,8.69813016498764,8.717610375946155,8.41566013925012,8.425399780273438,508000,0.0,0.0
2019-08-23 00:00:00-04:00,8.366957238063275,8.386437446739139,7.840978599050224,7.9676032066345215,1270200,0.0,0.0
2019-08-26 00:00:00-04:00,8.055265563899072,8.259811912142002,7.972472596267173,8.133188247680664,1404200,0.0,0.0
2019-08-27 00:00:00-04:00,8.201371453405145,8.259813009550118,8.08448741220341,8.211112022399902,2119500,0.0,0.0
2019-08-28 00:00:00-04:00,8.172148732609404,8.415657326119572,8.140979105018333,8.318253517150879,665800,0.0,0.0
2019-08-29 00:00:00-04:00,8.38643741607666,8.513062023197993,8.352346354334717,8.38643741607666,460300,0.0,0.0
2019-08-30 00:00:00-04:00,8.444879792693364,8.532543052582708,8.318255187176728,8.454620361328125,415800,0.0,0.0
2019-09-03 00:00:00-04:00,8.357214854956043,8.5130602061767,8.230590274861367,8.318253517150879,492200,0.0,0.0
2019-09-04 00:00:00-04:00,8.42539806682127,8.566633515423268,8.327995174013532,8.396177291870117,623700,0.0,0.0
2019-09-05 00:00:00-04:00,8.513062171957419,8.91241620890447,8.464360256227144,8.610466003417969,715200,0.0,0.0
2019-09-06 00:00:00-04:00,8.668907033359817,8.795531635013514,8.454620103402844,8.590984344482422,569400,0.0,0.0
2019-09-09 00:00:00-04:00,8.610465167585897,9.14131404680078,8.610465167585897,9.08774185180664,655300,0.0,0.0
2019-09-10 00:00:00-04:00,9.019561108000241,9.379953818072151,8.969884761065723,9.360472679138184,771900,0.0,0.0
2019-09-11 00:00:00-04:00,9.350731387193612,9.828008059844205,9.32150968395337,9.76956558227539,1001500,0.0,0.0
2019-09-12 00:00:00-04:00,9.740345135494604,9.857229165651136,9.555278986641353,9.818267822265625,778800,0.0,0.0
2019-09-13 00:00:00-04:00,9.857228971202469,10.003334702699751,9.730604375469495,9.847488403320312,772700,0.0,0.0
2019-09-16 00:00:00-04:00,9.847489310592245,10.198142355362855,9.847489310592245,10.100738525390625,1139800,0.0,0.0
2019-09-17 00:00:00-04:00,10.022814137357784,10.022814137357784,9.516316722360003,9.565017700195312,772900,0.0,0.0
2019-09-18 00:00:00-04:00,9.56501981647091,9.613721733993204,9.30690123275283,9.389694213867188,1109100,0.0,0.0
2019-09-19 00:00:00-04:00,9.428654973371817,9.49683709629861,9.311770935963706,9.33125114440918,676800,0.0,0.0
2019-09-20 00:00:00-04:00,9.321510881260375,9.409174144417724,9.1851466309372,9.233847618103027,940100,0.0,0.0
2019-09-23 00:00:00-04:00,9.165665689134629,9.272810092581189,9.078002424100829,9.20462703704834,731600,0.0,0.0
2019-09-24 00:00:00-04:00,9.233846506378528,9.253327642028824,8.82475287575073,8.863714218139648,639600,0.0,0.0
2019-09-25 00:00:00-04:00,8.844232543159103,9.087741150468355,8.761439579517495,9.024429321289062,658900,0.0,0.0
2019-09-26 00:00:00-04:00,9.019561308709417,9.15884792532182,8.970859389202584,9.039041519165039,463100,0.0,0.0
2019-09-27 00:00:00-04:00,9.078002108688107,9.204626717236081,8.970858637876026,9.009819984436035,453800,0.0,0.0
2019-09-30 00:00:00-04:00,9.000078382557838,9.02930008580767,8.780921181654108,8.824752807617188,670800,0.0,0.0
2019-10-01 00:00:00-04:00,8.922156439923759,9.039040475902597,8.532542986660962,8.561763763427734,911600,0.0,0.0
2019-10-02 00:00:00-04:00,8.366955898137967,8.561762598258136,8.298773785323812,8.444878578186035,718600,0.0,0.0
2019-10-03 00:00:00-04:00,8.454620358907126,8.873454592052642,8.410788728975005,8.746829986572266,566200,0.0,0.0
2019-10-04 00:00:00-04:00,8.776050584856119,8.951376153545278,8.771180301154804,8.922155380249023,605100,0.0,0.0
2019-10-07 00:00:00-04:00,8.883194356293515,8.956246756594759,8.78579146552908,8.824752807617188,709300,0.0,0.0
2019-10-08 00:00:00-04:00,8.678647996717752,8.766311257922863,8.581245095643448,8.605595588684082,444700,0.0,0.0
2019-10-09 00:00:00-04:00,8.688387346682113,8.756569460760641,8.629944871106492,8.668906211853027,403300,0.0,0.0
2019-10-10 00:00:00-04:00,8.668907296560091,8.785792262336699,8.581244965595262,8.600725173950195,656200,0.0,0.0
2019-10-11 00:00:00-04:00,8.756570321302839,9.058521438446125,8.746829752931053,8.883194923400879,786400,0.0,0.0
2019-10-14 00:00:00-04:00,8.873454917368074,8.897806339840766,8.72735009817906,8.868584632873535,550900,0.0,0.0
2019-10-15 00:00:00-04:00,8.9611177444458,9.107223485437869,8.88319505414806,8.9611177444458,716000,0.0,0.0
2019-10-16 00:00:00-04:00,8.961118500077093,9.087743114716266,8.834493885437922,8.990339279174805,654900,0.0,0.0
2019-10-17 00:00:00-04:00,9.048782088848776,9.136445358178706,9.014691023867549,9.039041519165039,306600,0.0,0.0
2019-10-18 00:00:00-04:00,9.068262783806256,9.282549732875761,8.883195684532275,9.20462703704834,572200,0.0,0.0
2019-10-21 00:00:00-04:00,9.331250119896376,9.86696926254876,9.18514532140557,9.691642761230469,1293700,0.0,0.0
2019-10-22 00:00:00-04:00,9.701384479998213,9.803657665295102,9.613721218937012,9.662423133850098,598400,0.0,0.0
2019-10-23 00:00:00-04:00,9.681902454954086,9.750085501146954,9.599109485864783,9.701383590698242,514700,0.0,0.0
2019-10-24 00:00:00-04:00,9.691644557985859,9.701385127400846,9.32151128042278,9.46761703491211,629200,0.0,0.0
2019-10-25 00:00:00-04:00,9.360470086678614,9.672161720913696,9.350730448820936,9.623459815979004,415600,0.0,0.0
2019-10-28 00:00:00-04:00,9.672161720913696,9.808525940036942,9.603978682440497,9.623459815979004,460700,0.0,0.0
2019-10-29 00:00:00-04:00,9.633201666286864,9.691643216866051,9.526057275372189,9.672163009643555,677800,0.0,0.0
2019-10-30 00:00:00-04:00,9.886450239835135,10.651068136372105,9.759826566688096,10.412428855895996,1314300,0.0,0.0
2019-10-31 00:00:00-04:00,10.266324174219069,10.456260615223313,10.159180707559809,10.344246864318848,746100,0.0,0.0
2019-11-01 00:00:00-04:00,10.451390320198092,11.055292561216092,10.402689335619765,11.035811424255371,1902000,0.0,0.0
2019-11-04 00:00:00-05:00,11.152695167864172,11.493607624474821,11.084513048106729,11.425424575805664,1323100,0.0,0.0
2019-11-05 00:00:00-05:00,11.542310065450055,11.581271411226531,11.162436247445596,11.29880142211914,1228500,0.0,0.0
2019-11-06 00:00:00-05:00,11.396204322104452,11.50334871967358,11.269579716102967,11.29880142211914,916600,0.0,0.0
2019-11-07 00:00:00-05:00,11.396203246348003,11.581270318000485,11.308539994398057,11.513087272644043,1041000,0.0,0.0
2019-11-08 00:00:00-05:00,11.513088186515015,11.83938980083408,11.415685287992629,11.766337394714355,1316100,0.0,0.0
2019-11-11 00:00:00-05:00,11.766336874952586,12.146210670471191,11.717634963386862,12.146210670471191,1116200,0.0,0.0
2019-11-12 00:00:00-05:00,12.165691177455223,12.224133658556177,12.004002016080744,12.048807144165039,1347100,0.0,0.0
2019-11-13 00:00:00-05:00,12.029325414206898,12.097507526103763,11.766335675899091,11.990364074707031,872600,0.0,0.0
2019-11-14 00:00:00-05:00,11.990366024008791,12.136470838657992,11.863741417820664,11.883221626281738,875400,0.0,0.0
2019-11-15 00:00:00-05:00,11.970885650018404,12.263096226862807,11.81504025674454,12.2046537399292,890900,0.0,0.0
2019-11-18 00:00:00-05:00,12.175196172363655,12.41084584944036,12.027915943527466,12.224289894104004,887400,0.1,0.0
2019-11-19 00:00:00-05:00,12.293021202087402,12.410845569778308,12.057371530320752,12.293021202087402,1128000,0.0,0.0
2019-11-20 00:00:00-05:00,12.243928215670518,12.607220271932126,12.243928215670518,12.56794548034668,1070100,0.0,0.0
2019-11-21 00:00:00-05:00,12.558127098515675,12.793775858351943,12.293022477796107,12.725045204162598,840000,0.0,0.0
2019-11-22 00:00:00-05:00,12.813412088014006,12.833049013968596,12.538488569956057,12.558125495910645,599300,0.0,0.0
2019-11-25 00:00:00-05:00,12.636676289725877,12.887053440361955,12.558126705571604,12.8821439743042,838700,0.0,0.0
2019-11-26 00:00:00-05:00,12.872323716506358,12.981311417163447,12.774137214617907,12.941055297851562,1038500,0.0,0.0
2019-11-27 00:00:00-05:00,12.990148739288381,12.990148739288381,12.82323158397575,12.911599159240723,783500,0.0,0.0
2019-11-29 00:00:00-05:00,12.823230643528541,12.950872999456138,12.774136925503042,12.813411712646484,803600,0.0,0.0
2019-12-02 00:00:00-05:00,12.931236836092218,12.960692694089385,12.614092653714346,12.793774604797363,794900,0.0,0.0
2019-12-03 00:00:00-05:00,12.617038618283697,12.813412567095906,12.3617520166354,12.803593635559082,829000,0.0,0.0
2019-12-04 00:00:00-05:00,12.852686039407159,13.10797261488757,12.774136467933916,13.058878898620605,766900,0.0,0.0
2019-12-05 00:00:00-05:00,13.0883353268745,13.117791183370446,12.859559666532562,13.019604682922363,755800,0.0,0.0
2019-12-06 00:00:00-05:00,13.157067699209717,13.34362366642222,12.975422134507191,12.999968528747559,730300,0.0,0.0
2019-12-09 00:00:00-05:00,12.970512488784282,13.083427398942353,12.887053438583772,12.980331420898438,750100,0.0,0.0
2019-12-10 00:00:00-05:00,13.009787258685842,13.333804526821565,12.931237674676268,13.274892807006836,995900,0.0,0.0
2019-12-11 00:00:00-05:00,13.255255148941027,13.28471100930645,12.980331600632248,12.999968528747559,956400,0.0,0.0
2019-12-12 00:00:00-05:00,13.009785942170701,13.373077965548159,13.008803674506398,13.137429237365723,705000,0.0,0.0
2019-12-13 00:00:00-05:00,13.14724826048885,13.255253694232207,13.009786033227908,13.049060821533203,975000,0.0,0.0
2019-12-16 00:00:00-05:00,13.196341289172024,13.392716170737945,13.17670436284633,13.26998233795166,518000,0.0,0.0
2019-12-17 00:00:00-05:00,13.284709837280765,13.30434770004847,12.94105566630945,13.078516960144043,977000,0.0,0.0
2019-12-18 00:00:00-05:00,13.078516211354165,13.37307758131124,13.053969820684733,13.294528007507324,656900,0.0,0.0
2019-12-19 00:00:00-05:00,13.373079201176079,13.422172924846386,13.250345360192762,13.363260269165039,537900,0.0,0.0
2019-12-20 00:00:00-05:00,13.402534011496641,13.598908890803042,13.225797931059631,13.451627731323242,1863700,0.0,0.0
2019-12-23 00:00:00-05:00,13.500720872838798,13.598908308286084,13.166884715979766,13.294528007507324,496500,0.0,0.0
2019-12-24 00:00:00-05:00,13.30434809103267,13.38289767164221,13.235616505710675,13.314167022705078,158000,0.0,0.0
2019-12-26 00:00:00-05:00,13.323984724661551,13.490902813878293,13.323984724661551,13.38289737701416,262800,0.0,0.0
2019-12-27 00:00:00-05:00,13.451628216959271,13.451628216959271,13.147248828538203,13.206160545349121,450300,0.0,0.0
2019-12-30 00:00:00-05:00,13.186523816281376,13.235616602231703,12.842868696319881,13.225798606872559,471100,0.0,0.0
2019-12-31 00:00:00-05:00,13.225798458180416,13.481084125960594,13.13742994624753,13.21107006072998,573300,0.0,0.0
2020-01-02 00:00:00-05:00,13.353440328324897,13.373077253101544,12.459937309560846,12.577762603759766,1457900,0.0,0.0
2020-01-03 00:00:00-05:00,12.518852131907714,12.75450088848183,12.342115096284665,12.607220649719238,850300,0.0,0.0
2020-01-06 00:00:00-05:00,12.50903118844786,12.50903118844786,12.175195035448803,12.302838325500488,967200,0.0,0.0
2020-01-07 00:00:00-05:00,12.243927193495567,12.37157048958829,12.126102828575704,12.165377616882324,887700,0.0,0.0
2020-01-08 00:00:00-05:00,12.185016469068778,12.283203923549358,11.939548769252292,11.96900463104248,1108000,0.0,0.0
2020-01-09 00:00:00-05:00,11.978821481695002,12.072099453600151,11.644985318147986,12.047553062438965,1403100,0.0,0.0
2020-01-10 00:00:00-05:00,12.067189967973402,12.165377405224056,11.507524010245145,11.654804229736328,1095700,0.0,0.0
2020-01-13 00:00:00-05:00,11.654806449467479,11.733356039674348,11.478069403309538,11.48788833618164,1107900,0.0,0.0
2020-01-14 00:00:00-05:00,11.458430487447503,11.694079217214618,11.242418683635242,11.674442291259766,1117600,0.0,0.0
2020-01-15 00:00:00-05:00,11.586073224577099,11.919909377168327,11.557598700112147,11.910090446472168,802500,0.0,0.0
2020-01-16 00:00:00-05:00,11.988642620825054,12.165379666169025,11.733355985635976,11.880637168884277,1408300,0.0,0.0
2020-01-17 00:00:00-05:00,12.008279425557719,12.126104745488401,11.890455042012002,11.96900463104248,853000,0.0,0.0
2020-01-21 00:00:00-05:00,11.900271116114316,11.929726970828769,11.649894010079624,11.772627830505371,716900,0.0,0.0
2020-01-22 00:00:00-05:00,11.772628876728495,11.880635247587817,11.644985579776003,11.684260368347168,637400,0.0,0.0
2020-01-23 00:00:00-05:00,11.615530794156244,12.047554444684751,11.507525349716571,11.993551254272461,966700,0.0,0.0
2020-01-24 00:00:00-05:00,11.91990926760238,12.01809576450714,11.478066754184296,11.703897476196289,764300,0.0,0.0
2020-01-27 00:00:00-05:00,11.468249791709667,11.752992250204555,11.419156070648167,11.713717460632324,599600,0.0,0.0
2020-01-28 00:00:00-05:00,11.76281128443581,11.890454595917785,11.689171164530613,11.723536491394043,628800,0.0,0.0
2020-01-29 00:00:00-05:00,11.723535074339303,11.762809862633823,11.522251667281791,11.674442291259766,651000,0.0,0.0
2020-01-30 00:00:00-05:00,11.55661932325523,11.74317435610739,11.487887733143443,11.723536491394043,594000,0.0,0.0
2020-01-31 00:00:00-05:00,11.63516731211702,11.684260094391302,11.448611368489464,11.556617736816406,973900,0.0,0.0
2020-02-03 00:00:00-05:00,11.615529722443835,11.752991950635325,11.527161214062506,11.684260368347168,592800,0.0,0.0
2020-02-04 00:00:00-05:00,11.831541531365243,12.008277611796666,11.77262888029822,11.978821754455566,897500,0.0,0.0
2020-02-05 00:00:00-05:00,12.10646649004091,12.194835008949738,12.00827903872334,12.126104354858398,801300,0.0,0.0
2020-02-06 00:00:00-05:00,12.126102537340985,12.234107968494005,12.018096169803174,12.037734031677246,624600,0.0,0.0
2020-02-07 00:00:00-05:00,11.949366193465968,11.978822051537591,11.551708832152094,11.615530014038086,724500,0.0,0.0
2020-02-10 00:00:00-05:00,11.605710051995956,11.90027141571045,11.536979410470321,11.90027141571045,621600,0.0,0.0
2020-02-11 00:00:00-05:00,11.949367178235109,12.04755462841212,11.497706592913715,11.517343521118164,1373500,0.0,0.0
2020-02-12 00:00:00-05:00,11.674442952041806,12.106465647734318,11.620439763935916,11.841361045837402,1251600,0.0,0.0
2020-02-13 00:00:00-05:00,11.497705268128502,11.843323966722298,10.95767622714785,11.576254844665527,2070900,0.0,0.0
2020-02-14 00:00:00-05:00,11.271876156063822,11.674443964253202,11.119686446661284,11.252239227294922,1296400,0.0,0.0
2020-02-18 00:00:00-05:00,11.232600025400318,11.340606398123244,10.908582780001211,11.114775657653809,2033700,0.0,0.0
2020-02-19 00:00:00-05:00,11.144232125750852,11.595892657087353,11.124594263508703,11.571345329284668,1322700,0.0,0.0
2020-02-20 00:00:00-05:00,11.566435448955083,11.890452673252886,11.4387921581128,11.821722030639648,1261100,0.0,0.0
2020-02-21 00:00:00-05:00,11.762810824255046,11.8217234797054,11.257148000672787,11.478068351745605,791000,0.0,0.0
2020-02-24 00:00:00-05:00,11.095139423725259,11.26205752254722,10.672934710659725,10.888946533203125,1488700,0.0,0.0
2020-02-25 00:00:00-05:00,10.928220658444411,11.079429018641822,10.33909788248464,10.42746639251709,1490700,0.0,0.0
2020-02-26 00:00:00-05:00,10.48637995084136,10.633660189366019,10.358736640473694,10.520745277404785,930800,0.0,0.0
2020-02-27 00:00:00-05:00,10.270367943822333,10.339098595751409,9.789251507548993,9.80888843536377,2094400,0.0,0.0
2020-02-28 00:00:00-05:00,9.37686538696289,9.700882643559572,9.195218895169056,9.37686538696289,3015300,0.0,0.0
2020-03-02 00:00:00-05:00,9.416140684443315,9.956169786636039,9.28849737400613,9.926712989807129,1496700,0.0,0.0
2020-03-03 00:00:00-05:00,9.926711943385541,10.358735554152041,9.489779803383243,9.524145126342773,1270600,0.0,0.0
2020-03-04 00:00:00-05:00,9.71264542052778,9.782092020938604,9.524147099638842,9.653119087219238,699600,0.1,0.0
2020-03-05 00:00:00-05:00,9.42493642085212,9.479502145000456,8.998333732722777,9.147149085998535,859300,0.0,0.0
2020-03-06 00:00:00-05:00,8.82967543635223,9.087621249026661,8.442757663479355,8.710623741149902,774900,0.0,0.0
2020-03-09 00:00:00-04:00,7.9863931264385455,8.174891425425653,7.321687054731137,7.401054859161377,1373400,0.0,0.0
2020-03-10 00:00:00-04:00,7.698684526334373,7.867340872625434,7.247279315017424,7.77805233001709,1977400,0.0,0.0
2020-03-11 00:00:00-04:00,7.470502034008268,7.659000335756694,6.924847660952905,6.954610824584961,1331300,0.0,0.0
2020-03-12 00:00:00-04:00,6.33950925990172,6.528008030996909,5.813697321698313,6.220457553863525,1689900,0.0,0.0
2020-03-13 00:00:00-04:00,6.617297143563615,6.6440837541593805,5.828578751686802,6.518087387084961,1516700,0.0,0.0
2020-03-16 00:00:00-04:00,5.357331410231644,5.813696708296486,5.0795436523824185,5.109306812286377,1928100,0.0,0.0
2020-03-17 00:00:00-04:00,5.188675478758305,5.268043287730068,4.464443512286782,4.543811321258545,2434800,0.0,0.0
2020-03-18 00:00:00-04:00,4.166813603954597,4.439640792169712,2.4703253297052243,2.4802463054656982,3909100,0.0,0.0
2020-03-19 00:00:00-04:00,2.847322312596965,4.216418226852917,2.5298508888048117,4.117208480834961,4691900,0.0,0.0
2020-03-20 00:00:00-04:00,4.176734411694273,4.874179673359176,3.7898159214429965,3.839420795440674,3561100,0.0,0.0
2020-03-23 00:00:00-04:00,4.067603389451535,4.105303235027488,3.3235295813907886,3.8096578121185303,2442900,0.0,0.0
2020-03-24 00:00:00-04:00,3.978315348698053,4.568613768319743,3.978315348698053,4.315628528594971,1963200,0.0,0.0
2020-03-25 00:00:00-04:00,4.315628307930735,4.881124613741574,4.246181716861114,4.365233421325684,1881300,0.0,0.0
2020-03-26 00:00:00-04:00,4.394995823553924,5.337489604949951,4.325549237024853,5.337489604949951,2342300,0.0,0.0
2020-03-27 00:00:00-04:00,4.990254923772465,5.2928447511344325,4.76207228365823,5.0894646644592285,957600,0.0,0.0
2020-03-30 00:00:00-04:00,5.04978192452452,5.099386569692096,4.504127516194914,4.771994113922119,1437600,0.0,0.0
2020-03-31 00:00:00-04:00,4.762073122649192,4.762073122649192,3.998157275168951,4.216418743133545,2287900,0.0,0.0
2020-04-01 00:00:00-04:00,3.87910544218012,3.958473251031772,3.303688118401462,3.383056163787842,3060000,0.0,0.0
2020-04-02 00:00:00-04:00,3.4326609765656815,3.561633663403931,2.906848780232604,2.966374635696411,2572300,0.0,0.0
2020-04-03 00:00:00-04:00,2.9762953772047904,3.293766817876917,2.7282707624377243,2.847322463989258,2476700,0.0,0.0
2020-04-06 00:00:00-04:00,3.10526861718799,3.353293258054709,2.966374714227346,3.0953474044799805,3333800,0.0,0.0
2020-04-07 00:00:00-04:00,3.2540831969367474,3.8791053933856645,3.154873437120122,3.402898073196411,3358900,0.0,0.0
2020-04-08 00:00:00-04:00,3.4921864983298674,3.809657933668573,3.3830557737409905,3.7501320838928223,2141400,0.0,0.0
2020-04-09 00:00:00-04:00,4.130105429969754,4.464442459286571,3.730289689853614,4.1072869300842285,2707300,0.0,0.0
2020-04-13 00:00:00-04:00,4.236260435137165,4.335470187222579,3.6618354265327966,3.8791050910949707,1637100,0.0,0.0
2020-04-14 00:00:00-04:00,3.9981572208471357,4.186655522266218,3.9187891788581855,4.017999172210693,1316200,0.0,0.0
2020-04-15 00:00:00-04:00,3.7699739135341748,3.879104871175846,3.601317344550664,3.8096578121185303,1133300,0.0,0.0
2020-04-16 00:00:00-04:00,3.779895273433321,3.908868193512299,3.3731350349513205,3.512028694152832,1718000,0.0,0.0
2020-04-17 00:00:00-04:00,3.7203694194898165,3.857279025480708,3.49218674283833,3.512028694152832,1167300,0.0,0.0
2020-04-20 00:00:00-04:00,3.3830561874896365,3.621159852247481,3.194557403611608,3.4822659492492676,1492100,0.0,0.0
2020-04-21 00:00:00-04:00,3.293766933854155,3.5120286309185773,3.2342410809824162,3.3136088848114014,1494200,0.0,0.0
2020-04-22 00:00:00-04:00,3.452502895815677,3.650922648691179,3.194557288037941,3.2044782638549805,1319500,0.0,0.0
2020-04-23 00:00:00-04:00,3.2243204221482773,3.48226604645875,3.2243204221482773,3.273925304412842,1539400,0.0,0.0
2020-04-24 00:00:00-04:00,3.323529960012414,3.531870687849469,3.214399226473096,3.4921867847442627,1271800,0.0,0.0
2020-04-27 00:00:00-04:00,3.6310803628575057,3.9187888716060666,3.482265502763912,3.8195788860321045,1791300,0.0,0.0
2020-04-28 00:00:00-04:00,4.067603389451535,4.127129237328068,3.7302900149498193,3.8096578121185303,1968900,0.0,0.0
2020-04-29 00:00:00-04:00,4.047762112354159,4.236260898467741,3.799737468478836,4.067604064941406,2371600,0.0,0.0
2020-04-30 00:00:00-04:00,4.0576828205641515,4.067603559089287,3.7501321206397327,3.849342107772827,1376700,0.0,0.0
2020-05-01 00:00:00-04:00,3.7005274242682558,3.7402113264264063,3.492186701403251,3.5318706035614014,1262300,0.0,0.0
2020-05-04 00:00:00-04:00,3.4723448211130385,3.6608435967417936,3.283846045484284,3.611238718032837,1397800,0.0,0.0
2020-05-05 00:00:00-04:00,3.740211444519413,4.017999241466736,3.7302904686666314,3.7600533962249756,2279200,0.0,0.0
2020-05-06 00:00:00-04:00,3.799737423414817,3.928710350237067,3.3830561874896365,3.4822659492492676,1574100,0.0,0.0
2020-05-07 00:00:00-04:00,3.383055797864341,4.03784085967074,3.2342409358291175,3.561633348464966,2695600,0.0,0.0
2020-05-08 00:00:00-04:00,3.660843226959843,4.166813175217872,3.65092225222017,4.146971225738525,1686100,0.0,0.0
2020-05-11 00:00:00-04:00,4.1469716290254395,4.166813580434386,3.695566879669815,3.730290412902832,1669900,0.0,0.0
2020-05-12 00:00:00-04:00,3.720369349775414,4.057682988870601,3.5417915547564744,3.6013176441192627,1758200,0.0,0.0
2020-05-13 00:00:00-04:00,3.571554329235947,3.6459617603730923,3.3235297164685975,3.4425816535949707,2285000,0.0,0.0
2020-05-14 00:00:00-04:00,3.3235298578521513,3.6707644724186843,3.194557176724654,3.6013176441192627,1508600,0.0,0.0
2020-05-15 00:00:00-04:00,3.551712414203653,3.621159476769153,3.4326607124365767,3.5417914390563965,1123700,0.0,0.0
2020-05-18 00:00:00-04:00,3.700527458723019,3.9088681835278365,3.690606483091109,3.7997372150421143,1860100,0.0,0.0
2020-05-19 00:00:00-04:00,3.7699740179023262,3.810650180651657,3.581475257873535,3.581475257873535,1005200,0.0,0.0
2020-05-20 00:00:00-04:00,3.7104483457389024,4.00807784412267,3.6707644441590284,3.958472967147827,2422300,0.0,0.0
2020-05-21 00:00:00-04:00,3.9287099671376775,4.008077768806008,3.769974127266309,3.8791050910949707,666200,0.0,0.0
2020-05-22 00:00:00-04:00,3.859263129299765,3.8741444738013495,3.582467614302409,3.7104482650756836,1442400,0.0,0.0
2020-05-26 00:00:00-04:00,3.769973584979503,4.315627616029816,3.769973584979503,4.1072869300842285,1913300,0.0,0.0
2020-05-27 00:00:00-04:00,4.276353299157899,4.56475847092928,4.107288100350903,4.51503324508667,1662000,0.01,0.0
2020-05-28 00:00:00-04:00,4.485198474230687,4.634373202839065,4.36585802744313,4.574703216552734,2260400,0.0,0.0
2020-05-29 00:00:00-04:00,4.524978215907729,4.604538193241644,4.059551494917554,4.226627826690674,2260400,0.0,0.0
2020-06-01 00:00:00-04:00,4.0575632546944895,4.385748448204346,4.017783259979049,4.206738471984863,1764100,0.0,0.0
2020-06-02 00:00:00-04:00,4.256463192771707,4.380775779924661,4.147067983296939,4.326077938079834,1216800,0.0,0.0
2020-06-03 00:00:00-04:00,4.375803530363838,6.04656467139079,4.375803530363838,5.7482147216796875,6692500,0.0,0.0
2020-06-04 00:00:00-04:00,5.648764317788337,5.907334750871272,5.380249123394867,5.569204330444336,2330000,0.0,0.0
2020-06-05 00:00:00-04:00,5.967004211166183,7.006257520485343,5.797939015975426,6.354859352111816,5281600,0.0,0.0
2020-06-08 00:00:00-04:00,6.673099380220761,6.896861930983422,6.3996116074153475,6.543814182281494,2278500,0.0,0.0
2020-06-09 00:00:00-04:00,6.305134799928991,6.474200000439123,5.857609185481895,6.200712203979492,2095800,0.0,0.0
2020-06-10 00:00:00-04:00,6.076399093496176,6.1857938233673275,5.579148769378662,5.579148769378662,1371100,0.0,0.0
2020-06-11 00:00:00-04:00,5.062008576163171,5.290743749869549,4.873053391430522,4.878026008605957,1919100,0.0,0.0
2020-06-12 00:00:00-04:00,5.350413555919455,5.698488685005435,4.694042811187328,4.882997989654541,2037700,0.0,0.0
2020-06-15 00:00:00-04:00,4.674152777654302,5.1614583336070305,4.554812815703988,5.15151309967041,1329600,0.0,0.0
2020-06-16 00:00:00-04:00,5.469753624210611,5.509533612631317,5.151513242630096,5.2509636878967285,1098900,0.0,0.0
2020-06-17 00:00:00-04:00,5.25096324714289,5.25096324714289,4.863107681274414,4.863107681274414,1146500,0.0,0.0
2020-06-18 00:00:00-04:00,4.823328177487841,4.992393368062477,4.654262986913206,4.818355560302734,697100,0.0,0.0
2020-06-19 00:00:00-04:00,4.88299801350173,4.972503223269333,4.5846481046344865,4.7487406730651855,2246500,0.0,0.0
2020-06-22 00:00:00-04:00,4.723878212127073,4.912833397517941,4.631389713730229,4.788520812988281,1021900,0.0,0.0
2020-06-23 00:00:00-04:00,4.912833217502989,4.9178058345135405,4.70398804520843,4.882997989654541,952900,0.0,0.0
2020-06-24 00:00:00-04:00,4.753713813232033,4.783548570294553,4.515033385657309,4.584648609161377,1345900,0.0,0.0
2020-06-25 00:00:00-04:00,4.544868426131822,4.723878383636475,4.485198440296939,4.723878383636475,1203300,0.0,0.0
2020-06-26 00:00:00-04:00,4.644318303781005,4.679125676224262,4.326077911879468,4.445417881011963,3722200,0.0,0.0
2020-06-29 00:00:00-04:00,4.574703341177014,4.813383767039376,4.47525336132391,4.703988552093506,798300,0.0,0.0
2020-06-30 00:00:00-04:00,4.703988673384211,4.8531638841177545,4.599566073292224,4.833273887634277,837600,0.0,0.0
2020-07-01 00:00:00-04:00,4.873053265029002,4.962558000790802,4.6443180972557565,4.674152851104736,966900,0.0,0.0
2020-07-02 00:00:00-04:00,4.843218733243994,4.8631087300743925,4.520006166196278,4.564758777618408,817300,0.0,0.0
2020-07-06 00:00:00-04:00,4.674153164181682,4.763658380153445,4.594593182968956,4.694043159484863,1119600,0.0,0.0
2020-07-07 00:00:00-04:00,4.664208312568363,4.664208312568363,4.385747909545898,4.385747909545898,1206100,0.0,0.0
2020-07-08 00:00:00-04:00,4.326077760262252,4.542878838852465,4.266407777787275,4.4354729652404785,1064900,0.0,0.0
2020-07-09 00:00:00-04:00,4.415582682684643,4.475252661262361,4.137122308440457,4.1769022941589355,1071700,0.0,0.0
2020-07-10 00:00:00-04:00,4.1669579654828,4.395693144110754,4.147067970567973,4.385747909545898,778300,0.0,0.0
2020-07-13 00:00:00-04:00,4.415583018408186,4.425527778486503,4.1470678572854185,4.181875228881836,1441900,0.0,0.0
2020-07-14 00:00:00-04:00,4.117232813863153,4.2266280249357795,3.948167854098786,4.057562828063965,1099300,0.0,0.0
2020-07-15 00:00:00-04:00,4.2266274929659735,4.435472654085008,4.137122288425006,4.370830059051514,1497500,0.0,0.0
2020-07-16 00:00:00-04:00,4.316133191317801,4.316133191317801,4.1769027518324675,4.2664079666137695,751700,0.0,0.0
2020-07-17 00:00:00-04:00,4.216682608714422,4.296243060570718,4.097342642252286,4.137122631072998,704100,0.0,0.0
2020-07-20 00:00:00-04:00,4.077452823330361,4.147068043870195,3.992920224894454,4.057562828063965,809800,0.0,0.0
2020-07-21 00:00:00-04:00,4.087398316481338,4.181875681415972,3.9680581002306803,3.9978930950164795,1204200,0.0,0.0
2020-07-22 00:00:00-04:00,3.9382225384229304,4.157012468684268,3.9382225384229304,4.127177715301514,948400,0.0,0.0
2020-07-23 00:00:00-04:00,4.117232973661067,4.147068204826072,3.9521459591211374,4.067508220672607,607600,0.0,0.0
2020-07-24 00:00:00-04:00,4.06750839430404,4.097343152527702,3.97800317120319,4.017783164978027,598200,0.0,0.0
2020-07-27 00:00:00-04:00,4.037672612073085,4.052589989153682,3.9382226411776626,3.968057632446289,708600,0.0,0.0
2020-07-28 00:00:00-04:00,3.928277390203718,4.176902301373656,3.928277390203718,4.117232322692871,1215200,0.0,0.0
2020-07-29 00:00:00-04:00,4.067508016227419,4.286297961652404,4.017782791523387,4.2664079666137695,1196200,0.0,0.0
2020-07-30 00:00:00-04:00,4.13712337590566,4.28430974041309,4.0923707618715435,4.27635383605957,863700,0.0,0.0
2020-07-31 00:00:00-04:00,4.20673786832063,4.306187840838223,4.017782683429765,4.0476179122924805,1484500,0.0,0.0
2020-08-03 00:00:00-04:00,4.047617851959422,4.047617851959422,3.8487174356741343,3.938222646713257,1609000,0.0,0.0
2020-08-04 00:00:00-04:00,3.878553037312642,4.027728245327535,3.878553037312642,4.007838249206543,1136500,0.0,0.0
2020-08-05 00:00:00-04:00,4.0575626420568796,4.1967926025390625,4.0476178819870166,4.1967926025390625,1003900,0.0,0.0
2020-08-06 00:00:00-04:00,4.166957859795969,4.286297826258103,4.0277278989234775,4.137122631072998,1074500,0.0,0.0
2020-08-07 00:00:00-04:00,4.13712273101105,4.435473128588336,4.037672756556916,4.41558313369751,1062800,0.0,0.0
2020-08-10 00:00:00-04:00,4.4454179795354944,4.783548373786412,4.4454179795354944,4.708961009979248,1226600,0.0,0.0
2020-08-11 00:00:00-04:00,4.7736036046606865,4.952613562004877,4.723878379402075,4.738795757293701,932500,0.0,0.0
2020-08-12 00:00:00-04:00,4.873053754951239,4.952613738833723,4.619455950664639,4.703988552093506,637300,0.0,0.0
2020-08-13 00:00:00-04:00,4.644318604767179,4.694043358020808,4.505088631756136,4.554813385009766,556500,0.0,0.0
2020-08-14 00:00:00-04:00,4.524977521898462,4.694042210695643,4.488180824628453,4.604537487030029,956200,0.0,0.0
2020-08-17 00:00:00-04:00,4.6045387604320975,4.634373518499948,4.5001161587647625,4.594593524932861,722400,0.0,0.0
2020-08-18 00:00:00-04:00,4.574703805928753,4.634373799902589,4.271381218008011,4.27635383605957,682000,0.0,0.0
2020-08-19 00:00:00-04:00,4.256463210274682,4.375803180620682,4.2166827459444605,4.251490592956543,611000,0.0,0.0
2020-08-20 00:00:00-04:00,4.17690275985393,4.291270587206884,4.157012764777098,4.236573219299316,599700,0.0,0.0
2020-08-21 00:00:00-04:00,4.236572911355168,4.256462904986255,4.127177709276764,4.157012462615967,719500,0.0,0.0
2020-08-24 00:00:00-04:00,4.186848132152288,4.342984812035484,4.122205527473582,4.306188106536865,831300,0.0,0.0
2020-08-25 00:00:00-04:00,4.3460601043083456,4.415835992306788,4.2463799248015786,4.2762837409973145,681900,0.01,0.0
2020-08-26 00:00:00-04:00,4.246379826879788,4.27628364238594,4.1317472666059984,4.2364115715026855,774400,0.0,0.0
2020-08-27 00:00:00-04:00,4.236412165379539,4.395900471270252,4.236412165379539,4.286252498626709,469100,0.0,0.0
2020-08-28 00:00:00-04:00,4.296219475154729,4.445739971569638,4.196539302648974,4.440755844116211,662900,0.0,0.0
2020-08-31 00:00:00-04:00,4.365996006817007,4.465676183278282,4.316155680930082,4.415835857391357,1416800,0.0,0.0
2020-09-01 00:00:00-04:00,4.375963896235286,4.430788351144397,4.246379901251447,4.266315937042236,763800,0.0,0.0
2020-09-02 00:00:00-04:00,4.266315782358528,4.395899772644043,4.23641149210029,4.395899772644043,633200,0.0,0.0
2020-09-03 00:00:00-04:00,4.405868337154608,4.545420592427859,4.2862521183489655,4.32612419128418,880500,0.0,0.0
2020-09-04 00:00:00-04:00,4.435772104467154,4.485612432733678,4.226443486247907,4.306188106536865,1608200,0.0,0.0
2020-09-08 00:00:00-04:00,4.246379508240352,4.555388272054492,4.196539185719909,4.485611915588379,1179700,0.0,0.0
2020-09-09 00:00:00-04:00,4.525484289155047,4.586289125499539,4.351043623863386,4.415835857391357,1206400,0.0,0.0
2020-09-10 00:00:00-04:00,4.435772178114709,4.485612507208737,4.316155958664168,4.336091995239258,848800,0.0,0.0
2020-09-11 00:00:00-04:00,4.346060004087924,4.35204086225167,4.206507280683956,4.2364115715026855,914900,0.0,0.0
2020-09-14 00:00:00-04:00,4.276283682433809,4.475644038717113,4.226443355706692,4.445740222930908,1037400,0.0,0.0
2020-09-15 00:00:00-04:00,4.485612308047457,4.694940920448011,4.4158359454764105,4.6451005935668945,1320400,0.0,0.0
2020-09-16 00:00:00-04:00,4.645100927531873,4.739797460351795,4.500564539560123,4.585292816162109,1337700,0.0,0.0
2020-09-17 00:00:00-04:00,4.485612513547939,4.605228733167525,4.415836147780211,4.535452842712402,813100,0.0,0.0
2020-09-18 00:00:00-04:00,4.605228063095704,4.605228063095704,4.346059624962901,4.3709797859191895,2283200,0.0,0.0
2020-09-21 00:00:00-04:00,4.276283702295082,4.286251957811836,4.037051273643998,4.066955089569092,1800500,0.0,0.0
2020-09-22 00:00:00-04:00,4.08689082447599,4.2862516423239345,4.08689082447599,4.136731147766113,1062800,0.0,0.0
2020-09-23 00:00:00-04:00,4.136731961727206,4.226443895863963,4.047019552277805,4.076923847198486,1632600,0.0,0.0
2020-09-24 00:00:00-04:00,4.116795923550966,4.196540076255925,4.007147475925326,4.076923847198486,976900,0.0,0.0
2020-09-25 00:00:00-04:00,4.027082890175631,4.23641149625067,4.027082890175631,4.206507205963135,750100,0.0,0.0
2020-09-28 00:00:00-04:00,4.246379997804595,4.425804324001407,4.211491577892989,4.306188106536865,843000,0.0,0.0
2020-09-29 00:00:00-04:00,4.306188032505639,4.356027884602728,4.256347705095961,4.2762837409973145,532900,0.0,0.0
2020-09-30 00:00:00-04:00,4.276283814514431,4.365996215269136,4.261331906159513,4.306188106536865,932800,0.0,0.0
2020-10-01 00:00:00-04:00,4.326124378297556,4.615197157230445,4.326124378297556,4.605228900909424,1427300,0.0,0.0
2020-10-02 00:00:00-04:00,4.356027816071312,4.709892804237579,4.347056766416246,4.635132789611816,1253500,0.0,0.0
2020-10-05 00:00:00-04:00,4.585292462986254,4.7348129675503605,4.515516576085563,4.635132789611816,862000,0.0,0.0
2020-10-06 00:00:00-04:00,4.684972364601734,5.302990381994718,4.550404251149769,4.904269218444824,4665400,0.0,0.0
2020-10-07 00:00:00-04:00,4.924205898183245,4.984014009256813,4.744781564962541,4.774685382843018,1541700,0.0,0.0
2020-10-08 00:00:00-04:00,4.85442955530516,5.113598513237321,4.85442955530516,4.98401403427124,2077500,0.0,0.0
2020-10-09 00:00:00-04:00,5.063757672315269,5.1285499052669,4.964077496740671,4.974045276641846,1508300,0.0,0.0
2020-10-12 00:00:00-04:00,4.974045276641846,5.0338538572991745,4.889317483887865,4.974045276641846,710800,0.0,0.0
2020-10-13 00:00:00-04:00,4.974045633738413,5.048806127270992,4.90426974348313,4.924205780029297,588000,0.0,0.0
2020-10-14 00:00:00-04:00,4.934173377094729,5.143501990698756,4.884333525239657,5.043821811676025,873300,0.0,0.0
2020-10-15 00:00:00-04:00,4.9840135751875945,5.253150289235221,4.934173249310689,5.183373928070068,1584900,0.0,0.0
2020-10-16 00:00:00-04:00,5.153470443171036,5.193342516303637,4.9740456387617265,5.123566150665283,716600,0.0,0.0
2020-10-19 00:00:00-04:00,5.1734066246110615,5.223246479766203,4.98401403427124,4.98401403427124,865900,0.0,0.0
2020-10-20 00:00:00-04:00,5.053789867925481,5.1135979729804335,4.934173182503007,4.964077472686768,719600,0.0,0.0
2020-10-21 00:00:00-04:00,4.934173753336905,4.9411513426349245,4.774685454739185,4.804589748382568,523300,0.0,0.0
2020-10-22 00:00:00-04:00,4.844461286051153,4.993981787069336,4.754748890377731,4.974045276641846,613800,0.0,0.0
2020-10-23 00:00:00-04:00,5.043822170463862,5.093662501176869,4.87934974454861,4.993982315063477,560200,0.0,0.0
2020-10-26 00:00:00-04:00,4.884332941795837,4.944141042065272,4.5952602195039685,4.625164031982422,1184500,0.0,0.0
2020-10-27 00:00:00-04:00,4.585292265057,4.71487672843974,4.515516381168264,4.555388450622559,890500,0.0,0.0
2020-10-28 00:00:00-04:00,4.435772154199718,4.455708190667325,4.266316081881358,4.32612419128418,1198200,0.0,0.0
2020-10-29 00:00:00-04:00,4.296219407920836,4.704908346454908,4.286251628482529,4.694940567016602,835400,0.0,0.0
2020-10-30 00:00:00-04:00,4.655068796490012,4.78963691704897,4.495580512771964,4.719861030578613,1014500,0.0,0.0
2020-11-02 00:00:00-05:00,4.784653285192172,4.869381555108992,4.7049086676784855,4.824525356292725,895400,0.0,0.0
2020-11-03 00:00:00-05:00,4.9142374992370605,5.01391815677618,4.82950922551637,4.9142374992370605,989600,0.0,0.0
2020-11-04 00:00:00-05:00,4.744781233581161,5.114594860917231,4.535452621787135,4.929189682006836,690200,0.0,0.0
2020-11-05 00:00:00-05:00,4.984014013382149,5.582095599925483,4.984014013382149,5.572127819061279,1224300,0.0,0.0
2020-11-06 00:00:00-05:00,5.572127391460288,5.611999462482583,5.442542922981542,5.5920634269714355,904500,0.0,0.0
2020-11-09 00:00:00-05:00,6.000752510561829,6.728418533991153,5.881136295143674,6.608802318572998,2782900,0.0,0.0
2020-11-10 00:00:00-05:00,6.598833636903129,6.668609995714815,6.489185684172341,6.628737926483154,1325100,0.0,0.0
2020-11-11 00:00:00-05:00,6.698514255058543,6.698514255058543,6.329697352503721,6.41940975189209,1275000,0.0,0.0
2020-11-12 00:00:00-05:00,6.269888956931411,6.339665317176996,6.055576223922705,6.110400676727295,1257900,0.0,0.0
2020-11-13 00:00:00-05:00,6.220049074243228,6.369569585228664,6.0007526733604974,6.289825439453125,1312900,0.0,0.0
2020-11-16 00:00:00-05:00,6.578897903815684,6.7284184079436145,6.449313435217307,6.558961868286133,1376000,0.0,0.0
2020-11-17 00:00:00-05:00,6.419410063606544,6.698514580325787,6.140305071574689,6.548994541168213,1264900,0.0,0.0
2020-11-18 00:00:00-05:00,6.548994262597624,6.648674442900175,6.230017210316867,6.239985466003418,1104100,0.0,0.0
2020-11-19 00:00:00-05:00,6.230017354759518,6.319729756768088,6.080496843182769,6.299793720245361,587400,0.0,0.0
2020-11-20 00:00:00-05:00,6.180177048666874,6.418413232604569,6.105417030258143,6.3097615242004395,607500,0.0,0.0
2020-11-23 00:00:00-05:00,6.439345693841837,6.818130846494317,6.369569331412407,6.7682905197143555,1603600,0.0,0.0
2020-11-24 00:00:00-05:00,6.868118160518355,7.317340807441935,6.828187279725754,7.267427444458008,1637100,0.01,0.0
2020-11-25 00:00:00-05:00,7.197547912597656,7.297375111077545,7.067772316566985,7.197547912597656,906000,0.0,0.0
2020-11-27 00:00:00-05:00,7.1975480762713655,7.257444396721354,6.928014396239599,7.167599678039551,605900,0.0,0.0
2020-11-30 00:00:00-05:00,7.03782479543384,7.1077036003385725,6.952971552894958,7.007876396179199,1106600,0.0,0.0
2020-12-01 00:00:00-05:00,7.137651815740086,7.233485738859112,7.04780709630406,7.127668857574463,1300900,0.0,0.0
2020-12-02 00:00:00-05:00,7.077755915094224,7.427151379407632,7.077755915094224,7.352280616760254,853900,0.0,0.0
2020-12-03 00:00:00-05:00,7.347288973895048,7.566908811315146,7.097720738819938,7.382228374481201,909900,0.0,0.0
2020-12-04 00:00:00-05:00,7.487047511659775,7.781538123280578,7.477064553157671,7.746598720550537,947800,0.0,0.0
2020-12-07 00:00:00-05:00,7.686702170032605,7.711659091080919,7.48704775367345,7.586874961853027,951100,0.0,0.0
2020-12-08 00:00:00-05:00,7.477064693111108,7.706667506806857,7.227496438051106,7.576892375946045,719100,0.0,0.0
2020-12-09 00:00:00-05:00,7.696684706612092,7.696684706612092,7.477064384651864,7.546943664550781,829900,0.0,0.0
2020-12-10 00:00:00-05:00,7.437133385353389,7.686701626150667,7.367254582578884,7.626805305480957,972300,0.0,0.0
2020-12-11 00:00:00-05:00,7.507012485308831,7.546943364804067,7.287392648085033,7.427150726318359,952300,0.0,0.0
2020-12-14 00:00:00-05:00,7.576892070988065,7.646770874943605,7.217513664882249,7.227496147155762,1076900,0.0,0.0
2020-12-15 00:00:00-05:00,7.337306156323151,7.4970301535150305,7.217513515439471,7.48704719543457,603400,0.0,0.0
2020-12-16 00:00:00-05:00,7.526978492736816,7.59685777513055,7.2973756803158825,7.526978492736816,1141600,0.0,0.0
2020-12-17 00:00:00-05:00,7.526977840160344,7.706666795862211,7.512003879521929,7.646770477294922,749500,0.0,0.0
2020-12-18 00:00:00-05:00,7.716650465495818,7.806495189641794,7.457099251746855,7.576892375946045,2631300,0.0,0.0
2020-12-21 00:00:00-05:00,7.327324037188826,7.417168284294875,7.177582990660525,7.247462272644043,963600,0.0,0.0
2020-12-22 00:00:00-05:00,7.26742769034875,7.26742769034875,7.017859438944123,7.107703685760498,612700,0.0,0.0
2020-12-23 00:00:00-05:00,7.127669149813204,7.367254919461217,7.127669149813204,7.247462272644043,670100,0.0,0.0
2020-12-24 00:00:00-05:00,7.317341016552592,7.397202780420035,7.222505290963418,7.287393093109131,493800,0.0,0.0
2020-12-28 00:00:00-05:00,7.357271860857662,7.487047464485354,7.197548333939679,7.4670820236206055,1928100,0.0,0.0
2020-12-29 00:00:00-05:00,7.5369615574115825,7.586874923240505,7.187565616540757,7.307358741760254,696000,0.0,0.0
2020-12-30 00:00:00-05:00,7.207530706595086,7.387220147654819,7.147634384913058,7.227496147155762,724100,0.0,0.0
2020-12-31 00:00:00-05:00,7.2075307499752155,7.297375471045832,7.057790182875725,7.27741003036499,743800,0.0,0.0
2021-01-04 00:00:00-05:00,7.227495827571792,7.277409664773226,6.7183768777798525,6.878100395202637,1122900,0.0,0.0
2021-01-05 00:00:00-05:00,6.888083649314154,7.0827465755424805,6.888083649314154,6.997893810272217,824200,0.0,0.0
2021-01-06 00:00:00-05:00,7.167599885961509,7.427151091454313,7.057790199957927,7.187565326690674,1277100,0.0,0.0
2021-01-07 00:00:00-05:00,7.257444563979369,7.257444563979369,7.057790157878093,7.1376519203186035,630600,0.0,0.0
2021-01-08 00:00:00-05:00,7.157617092132568,7.187565013916274,6.918031337794754,7.157617092132568,938300,0.0,0.0
2021-01-11 00:00:00-05:00,7.017859233411372,7.127668918083563,6.957962435936441,7.087738037109375,557400,0.0,0.0
2021-01-12 00:00:00-05:00,7.137651981415572,7.197548303758656,7.037824777510431,7.097721099853516,635000,0.0,0.0
2021-01-13 00:00:00-05:00,7.047807259894117,7.189562222648976,6.957962538372662,7.097721099853516,754300,0.0,0.0
2021-01-14 00:00:00-05:00,7.18756530125384,7.317340903540965,7.02784177598578,7.047807216644287,799800,0.0,0.0
2021-01-15 00:00:00-05:00,6.9379973612476284,7.177583135738299,6.788256787706342,7.077755928039551,947400,0.0,0.0
2021-01-19 00:00:00-05:00,7.177582606507133,7.177582606507133,6.85314361039126,7.027841567993164,625900,0.0,0.0
2021-01-20 00:00:00-05:00,7.047807259894117,7.167599904580285,7.047807259894117,7.097721099853516,456400,0.0,0.0
2021-01-21 00:00:00-05:00,7.147634075350896,7.237478791989612,7.012867476406454,7.197547912597656,730800,0.0,0.0
2021-01-22 00:00:00-05:00,7.167599808963113,7.337306291344763,7.05779012413917,7.317340850830078,740900,0.0,0.0
2021-01-25 00:00:00-05:00,7.447116539541542,7.686701828528246,7.287393013550407,7.417168140411377,729800,0.0,0.0
2021-01-26 00:00:00-05:00,7.407185781271681,7.616823150629458,7.3223325376738355,7.337306499481201,565000,0.0,0.0
2021-01-27 00:00:00-05:00,7.187565211989606,7.362263172592167,6.927016286033956,6.947979927062988,922400,0.0,0.0
2021-01-28 00:00:00-05:00,6.997893792924278,7.197548197795216,6.928014513212625,7.087738037109375,798200,0.0,0.0
2021-01-29 00:00:00-05:00,7.047806946289866,7.092729305051695,6.748325347900391,6.748325347900391,1162700,0.0,0.0
2021-02-01 00:00:00-05:00,6.9479797182223,6.9479797182223,6.5486704459999645,6.928014278411865,831900,0.0,0.0
2021-02-02 00:00:00-05:00,7.576891741595573,8.16587292655103,7.477064067118382,7.9262871742248535,3000500,0.0,0.0
2021-02-03 00:00:00-05:00,7.856408355097784,7.996166917104333,7.472073499613919,7.741607189178467,1176700,0.0,0.0
2021-02-04 00:00:00-05:00,7.76656464410426,8.170865444300489,7.746599201873193,8.115960121154785,872300,0.0,0.0
2021-02-05 00:00:00-05:00,8.195821704561466,8.23575258811974,7.846426235419728,8.006150245666504,845700,0.0,0.0
2021-02-08 00:00:00-05:00,8.036097582192044,8.330588183891749,7.966218303072465,8.315613746643066,618300,0.0,0.0
2021-02-09 00:00:00-05:00,8.315614223203074,8.605113362410806,8.275683340278812,8.545217514038086,779100,0.0,0.0
2021-02-10 00:00:00-05:00,8.605113152449736,8.684974916349667,8.385492825711266,8.525251388549805,838600,0.0,0.0
2021-02-11 00:00:00-05:00,8.58514835418749,9.024388064165889,8.505286588736872,8.724905967712402,911600,0.0,0.0
2021-02-12 00:00:00-05:00,8.665009810186673,8.744871572785208,8.555199172593209,8.694957733154297,372600,0.0,0.0
2021-02-16 00:00:00-05:00,8.68497510556985,8.744871905813433,8.51526861557826,8.635061264038086,570700,0.0,0.0
2021-02-17 00:00:00-05:00,8.495303528614983,8.754854739244125,8.455372646366447,8.714922904968262,706200,0.0,0.0
2021-02-18 00:00:00-05:00,8.81475098899805,9.313887515904065,8.734889220855278,9.214059829711914,1258200,0.0,0.0
2021-02-19 00:00:00-05:00,9.422698991621287,10.082557697017123,9.393748792774666,9.99271297454834,1717400,0.0,0.0
2021-02-22 00:00:00-05:00,10.01766981119617,10.292195468607718,9.763110071571946,10.122488975524902,1099500,0.0,0.0
2021-02-23 00:00:00-05:00,9.654298179947114,10.43195316653751,9.654298179947114,10.222315788269043,1163800,0.0,0.0
2021-02-24 00:00:00-05:00,10.272228578484736,10.68152033410906,10.242280656665882,10.486857414245605,1466800,0.0,0.0
2021-02-25 00:00:00-05:00,11.150709254573115,11.150709254573115,10.481866282302128,10.611641883850098,2462000,0.0,0.0
2021-02-26 00:00:00-05:00,10.521797508482386,10.916115805198634,10.00269603729248,10.00269603729248,1631300,0.0,0.0
2021-03-01 00:00:00-05:00,10.32214236460173,10.501831798671143,10.14544800830741,10.481865882873535,799700,0.0,0.0
2021-03-02 00:00:00-05:00,10.202350011241977,10.636598219685299,10.202350011241977,10.327134132385254,632500,0.0,0.0
2021-03-03 00:00:00-05:00,10.421969997235626,10.481866797829543,10.042627084241099,10.202350616455078,542200,0.0,0.0
2021-03-04 00:00:00-05:00,10.232298894907743,10.290198344129806,9.473611138603621,9.683248519897461,1089000,0.0,0.0
2021-03-05 00:00:00-05:00,9.922833705850067,10.172401968544786,9.333853405593516,10.132471084594727,826700,0.0,0.0
2021-03-08 00:00:00-05:00,10.132470543286258,10.511814396559776,10.022660856296813,10.446927070617676,636700,0.0,0.0
2021-03-09 00:00:00-05:00,10.551846443506527,10.671753670338223,10.35200011251577,10.441930770874023,810700,0.01,0.0
2021-03-10 00:00:00-05:00,10.48189984648459,10.61179958045341,10.317027290473765,10.441930770874023,536800,0.0,0.0
2021-03-11 00:00:00-05:00,10.4818998432459,10.756688071804323,10.322023540853035,10.751691818237305,785900,0.0,0.0
2021-03-12 00:00:00-05:00,10.841622321676862,10.961529546758433,10.681745068630185,10.941544532775879,727600,0.0,0.0
2021-03-15 00:00:00-04:00,10.961529096073813,11.301266696305534,10.421946128922809,11.201343536376953,787000,0.0,0.0
2021-03-16 00:00:00-04:00,11.091429618197898,11.281282492151536,11.051460541947767,11.081437110900879,949800,0.0,0.0
2021-03-17 00:00:00-04:00,11.07144456995732,11.221328367205324,10.751691960928007,11.18135929107666,1300400,0.0,0.0
2021-03-18 00:00:00-04:00,11.191351271434955,11.441158223712243,10.951536825953854,11.021482467651367,788200,0.0,0.0
2021-03-19 00:00:00-04:00,10.991506052312731,11.131398290581632,10.781668171378335,10.831629753112793,2157700,0.0,0.0
2021-03-22 00:00:00-04:00,10.831629492261483,10.881591072792746,10.356995906621297,10.391968727111816,691800,0.0,0.0
2021-03-23 00:00:00-04:00,10.23209246900283,10.481899419630464,10.032247099088298,10.087204933166504,1013800,0.0,0.0
2021-03-24 00:00:00-04:00,11.33224188027482,11.33224188027482,9.912339674580323,9.962301254272461,1449900,0.0,0.0
2021-03-25 00:00:00-04:00,9.882363769179463,10.651768717343728,9.872371261984853,10.551846504211426,909700,0.0,0.0
2021-03-26 00:00:00-04:00,10.631784562812415,10.641776116981616,10.264068687123876,10.541853904724121,577700,0.0,0.0
2021-03-29 00:00:00-04:00,10.541853306927216,10.551845813467699,10.252077287818334,10.272061347961426,604700,0.0,0.0
2021-03-30 00:00:00-04:00,10.222100350251376,10.361992590970088,9.962301835970807,10.23209285736084,600200,0.0,0.0
2021-03-31 00:00:00-04:00,10.232092592162461,10.322023247940932,9.982285638527998,9.997274398803711,677400,0.0,0.0
2021-04-01 00:00:00-04:00,10.032247565346884,10.561838058468101,10.032247565346884,10.551846504211426,618800,0.0,0.0
2021-04-05 00:00:00-04:00,10.631784530760823,10.731706742717083,10.461915722203464,10.641776084899902,721000,0.0,0.0
2021-04-06 00:00:00-04:00,10.681745413118767,10.711722935059377,10.401961878905357,10.461915969848633,445200,0.0,0.0
2021-04-07 00:00:00-04:00,10.481899474987099,10.63178421791798,10.312030671428172,10.401961326599121,508900,0.0,0.0
2021-04-08 00:00:00-04:00,10.391968608135514,10.541853348013298,10.34200798111413,10.48189926147461,548300,0.0,0.0
2021-04-09 00:00:00-04:00,10.441930770874023,10.551846443506527,10.371985126790017,10.441930770874023,430900,0.0,0.0
2021-04-12 00:00:00-04:00,10.471907154501604,10.521868736367393,10.282054286937107,10.42194652557373,493900,0.0,0.0
2021-04-13 00:00:00-04:00,10.391969405097852,10.441930988888677,10.212109037564009,10.361992835998535,835600,0.0,0.0
2021-04-14 00:00:00-04:00,10.391968582534796,10.828631399013716,10.361992015808237,10.581822395324707,680900,0.0,0.0
2021-04-15 00:00:00-04:00,10.591815580051934,10.631784655892442,10.381977693654783,10.551846504211426,372200,0.0,0.0
2021-04-16 00:00:00-04:00,10.541853506124983,10.656764474698258,10.481899418687075,10.601806640625,398500,0.0,0.0
2021-04-19 00:00:00-04:00,10.591815425351577,10.621791993559645,10.242085302151715,10.431938171386719,513200,0.0,0.0
2021-04-20 00:00:00-04:00,10.431938033266713,10.52186868963815,10.33201582291682,10.416950225830078,978500,0.0,0.0
2021-04-21 00:00:00-04:00,10.37198482773687,10.831629660474501,10.282054171971566,10.821637153625488,676900,0.0,0.0
2021-04-22 00:00:00-04:00,10.831630062387255,10.831630062387255,10.601807161021801,10.76168441772461,538600,0.0,0.0
2021-04-23 00:00:00-04:00,10.671753824242078,10.831630128990012,10.441930921463461,10.561838150024414,688000,0.0,0.0
2021-04-26 00:00:00-04:00,10.811644893457261,10.811644893457261,10.571830441236727,10.641776084899902,570100,0.0,0.0
2021-04-27 00:00:00-04:00,10.711722867187683,10.776672258438248,10.61179970056134,10.661761283874512,598300,0.0,0.0
2021-04-28 00:00:00-04:00,10.661761007585548,11.0114911287769,10.551846289495256,10.941544532775879,847300,0.0,0.0
2021-04-29 00:00:00-04:00,11.091429404225375,11.141390033870755,10.801653368767706,10.851613998413086,810700,0.0,0.0
2021-04-30 00:00:00-04:00,10.691737636447298,10.831629876307277,10.491892260174419,10.74169921875,697100,0.0,0.0
2021-05-03 00:00:00-04:00,10.831630029270613,10.966526017511518,10.7566881312272,10.86160659790039,658400,0.0,0.0
2021-05-04 00:00:00-04:00,10.741698702250444,10.91156750214897,10.591814915487216,10.891582489013672,739000,0.0,0.0
2021-05-05 00:00:00-04:00,10.901575116294495,11.071443918073978,10.791660401646899,10.801652908325195,672000,0.0,0.0
2021-05-06 00:00:00-04:00,11.031474882899653,12.06067925091832,11.031474882899653,12.040695190429688,1927600,0.0,0.0
2021-05-07 00:00:00-04:00,12.050687775966354,12.780123617923643,11.965753374223858,12.77013111114502,1318200,0.0,0.0
2021-05-10 00:00:00-04:00,12.989961903260989,13.169823219169354,12.700185868151914,12.71017837524414,1535000,0.0,0.0
2021-05-11 00:00:00-04:00,12.540309235807204,12.910023412030853,12.400416999018026,12.880046844482422,973000,0.0,0.0
2021-05-12 00:00:00-04:00,12.780123710632324,13.209791975850985,12.7501471430169,12.780123710632324,1426200,0.0,0.0
2021-05-13 00:00:00-04:00,12.760140045637918,13.169823309861142,12.667211444328546,13.02993106842041,826000,0.0,0.0
2021-05-14 00:00:00-04:00,13.119861112344475,13.219783320459824,12.969976370764623,13.169822692871094,592300,0.0,0.0
2021-05-17 00:00:00-04:00,13.159830462984258,13.309714254778903,12.800108790914363,13.199799537658691,639700,0.0,0.0
2021-05-18 00:00:00-04:00,13.199799439500085,13.219783500219737,12.820092756447659,12.880046844482422,727300,0.0,0.0
2021-05-19 00:00:00-04:00,12.690193054848148,12.895034680606368,12.680200547997039,12.780123710632324,618100,0.0,0.0
2021-05-20 00:00:00-04:00,12.750147450675119,12.840078108629301,12.58027864185898,12.71017837524414,534200,0.0,0.0
2021-05-21 00:00:00-04:00,12.605258404985435,12.939999754421724,12.605258404985435,12.650223731994629,389700,0.0,0.0
2021-05-24 00:00:00-04:00,12.700186077518334,12.940000534057617,12.550302280415766,12.940000534057617,576600,0.0,0.0
2021-05-25 00:00:00-04:00,13.069999694824219,13.199999809265137,12.625,12.630000114440918,488000,0.01,0.0
2021-05-26 00:00:00-04:00,12.640000343322754,12.880000114440918,12.571999549865723,12.680000305175781,349400,0.0,0.0
2021-05-27 00:00:00-04:00,12.720000267028809,12.960000038146973,12.680000305175781,12.949999809265137,1266500,0.0,0.0
2021-05-28 00:00:00-04:00,13.0,13.109999656677246,12.425000190734863,12.899999618530273,840100,0.0,0.0
2021-06-01 00:00:00-04:00,13.0,13.09000015258789,12.859999656677246,12.989999771118164,515300,0.0,0.0
2021-06-02 00:00:00-04:00,12.949999809265137,13.100000381469727,12.770000457763672,13.050000190734863,670100,0.0,0.0
2021-06-03 00:00:00-04:00,13.029999732971191,13.029999732971191,12.5600004196167,12.960000038146973,728500,0.0,0.0
2021-06-04 00:00:00-04:00,12.970000267028809,13.017999649047852,12.8100004196167,12.859999656677246,409300,0.0,0.0
2021-06-07 00:00:00-04:00,12.930000305175781,13.020000457763672,12.739999771118164,12.9399995803833,821500,0.0,0.0
2021-06-08 00:00:00-04:00,12.920000076293945,13.279999732971191,12.899999618530273,13.09000015258789,533800,0.0,0.0
2021-06-09 00:00:00-04:00,13.09000015258789,13.210000038146973,12.930000305175781,13.0,564900,0.0,0.0
2021-06-10 00:00:00-04:00,13.100000381469727,13.270000457763672,12.9399995803833,12.949999809265137,610700,0.0,0.0
2021-06-11 00:00:00-04:00,12.949999809265137,13.079999923706055,12.854999542236328,13.0600004196167,652100,0.0,0.0
2021-06-14 00:00:00-04:00,13.170000076293945,13.260000228881836,12.779999732971191,12.8100004196167,682100,0.0,0.0
2021-06-15 00:00:00-04:00,12.949999809265137,13.708999633789062,12.949999809265137,13.460000038146973,1365100,0.0,0.0
2021-06-16 00:00:00-04:00,13.369999885559082,13.600000381469727,13.244999885559082,13.34000015258789,888600,0.0,0.0
2021-06-17 00:00:00-04:00,13.34000015258789,13.380000114440918,12.779999732971191,12.949999809265137,815400,0.0,0.0
2021-06-18 00:00:00-04:00,12.692000389099121,12.760000228881836,12.0,12.180000305175781,1480400,0.0,0.0
2021-06-21 00:00:00-04:00,12.3100004196167,12.6899995803833,12.199999809265137,12.649999618530273,781500,0.0,0.0
2021-06-22 00:00:00-04:00,12.600000381469727,12.8100004196167,12.470000267028809,12.720000267028809,820300,0.0,0.0
2021-06-23 00:00:00-04:00,12.739999771118164,13.069999694824219,12.630000114440918,12.970000267028809,846100,0.0,0.0
2021-06-24 00:00:00-04:00,12.989999771118164,13.069999694824219,12.680000305175781,12.970000267028809,712800,0.0,0.0
2021-06-25 00:00:00-04:00,12.930000305175781,13.050000190734863,12.300000190734863,12.510000228881836,6530000,0.0,0.0
2021-06-28 00:00:00-04:00,12.569999694824219,12.569999694824219,12.050000190734863,12.300000190734863,573700,0.0,0.0
2021-06-29 00:00:00-04:00,12.40999984741211,12.460000038146973,12.039999961853027,12.050000190734863,359400,0.0,0.0
2021-06-30 00:00:00-04:00,12.020000457763672,12.140000343322754,11.770000457763672,12.010000228881836,385300,0.0,0.0
2021-07-01 00:00:00-04:00,12.180000305175781,12.180000305175781,12.010000228881836,12.100000381469727,433400,0.0,0.0
2021-07-02 00:00:00-04:00,12.1899995803833,12.1899995803833,11.800000190734863,11.869999885559082,325500,0.0,0.0
2021-07-06 00:00:00-04:00,11.824999809265137,11.824999809265137,11.36299991607666,11.779999732971191,620100,0.0,0.0
2021-07-07 00:00:00-04:00,11.760000228881836,11.84000015258789,11.4399995803833,11.640000343322754,585000,0.0,0.0
2021-07-08 00:00:00-04:00,11.369999885559082,11.680000305175781,11.199999809265137,11.399999618530273,435800,0.0,0.0
2021-07-09 00:00:00-04:00,11.539999961853027,11.739999771118164,11.489999771118164,11.550000190734863,542500,0.0,0.0
2021-07-12 00:00:00-04:00,11.420000076293945,11.84000015258789,11.380000114440918,11.739999771118164,487500,0.0,0.0
2021-07-13 00:00:00-04:00,11.609999656677246,11.609999656677246,11.25,11.319999694824219,481400,0.0,0.0
2021-07-14 00:00:00-04:00,11.229999542236328,11.59000015258789,11.229999542236328,11.479999542236328,504800,0.0,0.0
2021-07-15 00:00:00-04:00,11.420000076293945,11.619999885559082,11.369999885559082,11.510000228881836,360200,0.0,0.0
2021-07-16 00:00:00-04:00,11.649999618530273,11.704999923706055,11.350000381469727,11.399999618530273,647100,0.0,0.0
2021-07-19 00:00:00-04:00,11.079999923706055,11.300000190734863,10.9399995803833,11.140000343322754,744400,0.0,0.0
2021-07-20 00:00:00-04:00,11.734999656677246,11.850000381469727,11.140000343322754,11.65999984741211,883900,0.0,0.0
2021-07-21 00:00:00-04:00,11.710000038146973,12.085000038146973,11.710000038146973,11.859999656677246,414700,0.0,0.0
2021-07-22 00:00:00-04:00,11.75,11.829999923706055,11.5,11.75,500900,0.0,0.0
2021-07-23 00:00:00-04:00,11.920000076293945,12.029999732971191,11.6899995803833,11.9399995803833,341700,0.0,0.0
2021-07-26 00:00:00-04:00,12.0,12.25,11.869999885559082,12.100000381469727,320400,0.0,0.0
2021-07-27 00:00:00-04:00,12.09000015258789,12.260000228881836,12.015000343322754,12.210000038146973,362500,0.0,0.0
2021-07-28 00:00:00-04:00,12.329999923706055,12.569999694824219,12.039999961853027,12.520000457763672,567300,0.0,0.0
2021-07-29 00:00:00-04:00,12.65999984741211,13.010000228881836,12.65999984741211,13.010000228881836,623400,0.0,0.0
2021-07-30 00:00:00-04:00,12.90999984741211,13.239999771118164,12.8100004196167,12.880000114440918,563200,0.0,0.0
2021-08-02 00:00:00-04:00,13.039999961853027,13.40999984741211,12.4399995803833,12.470000267028809,704700,0.0,0.0
2021-08-03 00:00:00-04:00,12.529999732971191,12.710000038146973,12.239999771118164,12.609999656677246,722400,0.0,0.0
2021-08-04 00:00:00-04:00,12.510000228881836,13.0600004196167,12.430000305175781,12.819999694824219,760900,0.0,0.0
2021-08-05 00:00:00-04:00,12.819999694824219,13.319999694824219,12.795000076293945,13.300000190734863,689400,0.0,0.0
2021-08-06 00:00:00-04:00,13.5,13.739999771118164,13.199999809265137,13.25,1516900,0.0,0.0
2021-08-09 00:00:00-04:00,13.149999618530273,13.239999771118164,12.84000015258789,12.979999542236328,959400,0.0,0.0
2021-08-10 00:00:00-04:00,13.0600004196167,13.600000381469727,13.02400016784668,13.25,1044100,0.0,0.0
2021-08-11 00:00:00-04:00,13.350000381469727,13.6899995803833,13.25,13.59000015258789,1003100,0.0,0.0
2021-08-12 00:00:00-04:00,13.65999984741211,13.675000190734863,13.210000038146973,13.25,889200,0.0,0.0
2021-08-13 00:00:00-04:00,13.220000267028809,13.364999771118164,12.96500015258789,13.3100004196167,841600,0.0,0.0
2021-08-16 00:00:00-04:00,13.289999961853027,13.289999961853027,12.920000076293945,13.149999618530273,766600,0.0,0.0
2021-08-17 00:00:00-04:00,13.039999961853027,13.069999694824219,12.6899995803833,12.899999618530273,886900,0.0,0.0
2021-08-18 00:00:00-04:00,12.8100004196167,13.079999923706055,12.619999885559082,12.630000114440918,761200,0.0,0.0
2021-08-19 00:00:00-04:00,12.479999542236328,12.595000267028809,12.244999885559082,12.539999961853027,815200,0.0,0.0
2021-08-20 00:00:00-04:00,12.449999809265137,13.25,12.430000305175781,13.239999771118164,1078400,0.0,0.0
2021-08-23 00:00:00-04:00,13.449999809265137,13.489999771118164,13.069999694824219,13.319999694824219,744600,0.0,0.0
2021-08-24 00:00:00-04:00,13.350000381469727,13.6899995803833,13.289999961853027,13.40999984741211,817800,0.0,0.0
2021-08-25 00:00:00-04:00,13.380000114440918,13.420000076293945,13.119999885559082,13.140000343322754,484000,0.0,0.0
2021-08-26 00:00:00-04:00,13.079999923706055,13.149999618530273,12.800000190734863,13.029999732971191,470100,0.0,0.0
2021-08-27 00:00:00-04:00,13.0600004196167,13.47700023651123,13.029999732971191,13.390000343322754,498100,0.0,0.0
2021-08-30 00:00:00-04:00,13.460000038146973,13.468999862670898,13.199999809265137,13.319999694824219,462600,0.0,0.0
2021-08-31 00:00:00-04:00,13.359999656677246,13.899999618530273,13.329999923706055,13.619999885559082,1852100,0.0,0.0
2021-09-01 00:00:00-04:00,13.619999885559082,13.869999885559082,13.3100004196167,13.40999984741211,562500,0.0,0.0
2021-09-02 00:00:00-04:00,13.390000343322754,13.390000343322754,13.100000381469727,13.25,523500,0.0,0.0
2021-09-03 00:00:00-04:00,13.15999984741211,13.319999694824219,12.960000038146973,13.300000190734863,460500,0.0,0.0
2021-09-07 00:00:00-04:00,13.350000381469727,13.675000190734863,13.3100004196167,13.640000343322754,776900,0.0,0.0
2021-09-08 00:00:00-04:00,13.550000190734863,14.0,13.4399995803833,13.960000038146973,1715300,0.0,0.0
2021-09-09 00:00:00-04:00,13.930000305175781,14.15999984741211,13.779999732971191,13.800000190734863,1514200,0.0,0.0
2021-09-10 00:00:00-04:00,13.729999542236328,13.84000015258789,13.020000457763672,13.0600004196167,1176700,0.0,0.0
2021-09-13 00:00:00-04:00,13.229999542236328,13.854999542236328,13.100000381469727,13.569999694824219,1008600,0.0,0.0
2021-09-14 00:00:00-04:00,13.630000114440918,13.652999877929688,13.319999694824219,13.359999656677246,892100,0.0,0.0
2021-09-15 00:00:00-04:00,13.329999923706055,13.454999923706055,13.1899995803833,13.430000305175781,938800,0.0,0.0
2021-09-16 00:00:00-04:00,13.430000305175781,13.609999656677246,13.270000457763672,13.460000038146973,606300,0.0,0.0
2021-09-17 00:00:00-04:00,13.569999694824219,13.65999984741211,13.329999923706055,13.520000457763672,2089500,0.0,0.0
2021-09-20 00:00:00-04:00,13.09000015258789,13.177000045776367,12.609999656677246,12.800000190734863,1004700,0.0,0.0
2021-09-21 00:00:00-04:00,12.9399995803833,13.350000381469727,12.829999923706055,13.210000038146973,746900,0.0,0.0
2021-09-22 00:00:00-04:00,13.359999656677246,14.015000343322754,13.359999656677246,13.890000343322754,879700,0.0,0.0
2021-09-23 00:00:00-04:00,14.130000114440918,14.385000228881836,13.960000038146973,14.300000190734863,1168100,0.0,0.0
2021-09-24 00:00:00-04:00,13.970000267028809,14.460000038146973,13.880000114440918,14.239999771118164,908300,0.0,0.0
2021-09-27 00:00:00-04:00,14.45199966430664,14.640000343322754,14.359999656677246,14.430000305175781,839900,0.0,0.0
2021-09-28 00:00:00-04:00,14.430000305175781,14.550000190734863,14.085000038146973,14.130000114440918,1038600,0.0,0.0
2021-09-29 00:00:00-04:00,14.170000076293945,14.529999732971191,14.109999656677246,14.529999732971191,825100,0.0,0.0
2021-09-30 00:00:00-04:00,14.609999656677246,14.720000267028809,14.305000305175781,14.3100004196167,1358200,0.0,0.0
2021-10-01 00:00:00-04:00,14.3100004196167,14.890000343322754,14.140000343322754,14.739999771118164,929300,0.0,0.0
2021-10-04 00:00:00-04:00,14.729999542236328,14.930000305175781,14.40999984741211,14.539999961853027,1058600,0.0,0.0
2021-10-05 00:00:00-04:00,14.65999984741211,15.045000076293945,14.470000267028809,14.850000381469727,817500,0.0,0.0
2021-10-06 00:00:00-04:00,14.699999809265137,14.869999885559082,14.489999771118164,14.779999732971191,953900,0.0,0.0
2021-10-07 00:00:00-04:00,14.949999809265137,15.055000305175781,14.649999618530273,14.729999542236328,1418500,0.0,0.0
2021-10-08 00:00:00-04:00,14.6899995803833,14.890000343322754,14.25,14.279999732971191,837400,0.0,0.0
2021-10-11 00:00:00-04:00,14.279999732971191,14.479999542236328,14.140000343322754,14.3100004196167,792200,0.0,0.0
2021-10-12 00:00:00-04:00,14.329999923706055,14.5,14.197999954223633,14.40999984741211,829800,0.0,0.0
2021-10-13 00:00:00-04:00,14.479999542236328,14.800000190734863,14.380000114440918,14.550000190734863,582500,0.0,0.0
2021-10-14 00:00:00-04:00,14.699999809265137,15.0,14.489999771118164,15.0,620300,0.0,0.0
2021-10-15 00:00:00-04:00,15.0,15.10200023651123,14.739999771118164,14.760000228881836,789900,0.0,0.0
2021-10-18 00:00:00-04:00,14.739999771118164,14.989999771118164,14.699999809265137,14.869999885559082,541600,0.0,0.0
2021-10-19 00:00:00-04:00,14.960000038146973,14.960000038146973,14.630000114440918,14.649999618530273,723500,0.0,0.0
2021-10-20 00:00:00-04:00,14.600000381469727,14.850000381469727,14.517999649047852,14.8100004196167,507000,0.0,0.0
2021-10-21 00:00:00-04:00,14.491000175476074,15.010000228881836,14.491000175476074,14.949999809265137,570200,0.0,0.0
2021-10-22 00:00:00-04:00,14.9399995803833,15.029999732971191,14.835000038146973,15.0,746300,0.0,0.0
2021-10-25 00:00:00-04:00,15.270000457763672,15.300000190734863,15.020000457763672,15.039999961853027,1112800,0.0,0.0
2021-10-26 00:00:00-04:00,14.880000114440918,15.1899995803833,14.61299991607666,14.920000076293945,863500,0.0,0.0
2021-10-27 00:00:00-04:00,14.930000305175781,15.020000457763672,14.697999954223633,14.829999923706055,692400,0.0,0.0
2021-10-28 00:00:00-04:00,14.869999885559082,15.149999618530273,14.789999961853027,14.930000305175781,763000,0.0,0.0
2021-10-29 00:00:00-04:00,14.829999923706055,15.210000038146973,14.770000457763672,14.880000114440918,993400,0.0,0.0
2021-11-01 00:00:00-04:00,14.960000038146973,15.25,14.880000114440918,15.039999961853027,1126000,0.0,0.0
2021-11-02 00:00:00-04:00,15.0600004196167,15.329999923706055,14.940999984741211,15.0,1426200,0.0,0.0
2021-11-03 00:00:00-04:00,15.029999732971191,15.520000457763672,15.029999732971191,15.479999542236328,944900,0.0,0.0
2021-11-04 00:00:00-04:00,15.5,15.680000305175781,15.029999732971191,15.359999656677246,1357300,0.0,0.0
2021-11-05 00:00:00-04:00,15.75,16.639999389648438,15.75,16.34000015258789,2106000,0.0,0.0
2021-11-08 00:00:00-05:00,16.450000762939453,16.479999542236328,15.600000381469727,15.880000114440918,1445700,0.0,0.0
2021-11-09 00:00:00-05:00,15.880000114440918,16.354999542236328,15.84000015258789,16.270000457763672,1169100,0.0,0.0
2021-11-10 00:00:00-05:00,16.170000076293945,16.520000457763672,15.789999961853027,15.829999923706055,665500,0.0,0.0
2021-11-11 00:00:00-05:00,15.90999984741211,16.174999237060547,15.890000343322754,16.110000610351562,1317200,0.0,0.0
2021-11-12 00:00:00-05:00,16.209999084472656,16.90999984741211,16.110000610351562,16.81999969482422,1524600,0.0,0.0
2021-11-15 00:00:00-05:00,16.93000030517578,17.139999389648438,16.524999618530273,16.75,1245900,0.0,0.0
2021-11-16 00:00:00-05:00,16.6200008392334,16.989999771118164,16.507999420166016,16.84000015258789,1178700,0.0,0.0
2021-11-17 00:00:00-05:00,16.81999969482422,16.8799991607666,16.540000915527344,16.760000228881836,1061300,0.0,0.0
2021-11-18 00:00:00-05:00,16.829999923706055,17.040000915527344,16.709999084472656,16.8700008392334,1068900,0.0,0.0
2021-11-19 00:00:00-05:00,16.690000534057617,17.030000686645508,16.6200008392334,16.84000015258789,814400,0.0,0.0
2021-11-22 00:00:00-05:00,17.065000534057617,17.75,16.979999542236328,17.59000015258789,1741600,0.0,0.0
2021-11-23 00:00:00-05:00,17.6200008392334,17.969999313354492,17.309999465942383,17.579999923706055,1361000,0.0,0.0
2021-11-24 00:00:00-05:00,17.530000686645508,17.780000686645508,17.34000015258789,17.549999237060547,754500,0.0,0.0
2021-11-26 00:00:00-05:00,16.739999771118164,16.989999771118164,15.9399995803833,16.459999084472656,1019900,0.0,0.0
2021-11-29 00:00:00-05:00,16.799999237060547,16.999000549316406,16.31999969482422,16.549999237060547,1036200,0.0,0.0
2021-11-30 00:00:00-05:00,16.3799991607666,16.559999465942383,15.869999885559082,16.059999465942383,1592700,0.0,0.0
2021-12-01 00:00:00-05:00,16.420000076293945,16.5,15.479999542236328,15.489999771118164,1317600,0.0,0.0
2021-12-02 00:00:00-05:00,15.600000381469727,16.229999542236328,15.505000114440918,16.139999389648438,1204600,0.0,0.0
2021-12-03 00:00:00-05:00,16.31999969482422,16.469999313354492,15.689000129699707,15.949999809265137,1115400,0.0,0.0
2021-12-06 00:00:00-05:00,15.75,15.9399995803833,15.510000228881836,15.710000038146973,2253000,0.0,0.0
2021-12-07 00:00:00-05:00,15.979999542236328,16.264999389648438,15.829999923706055,15.960000038146973,1158800,0.0,0.0
2021-12-08 00:00:00-05:00,15.90999984741211,16.0,15.699999809265137,15.920000076293945,1164800,0.0,0.0
2021-12-09 00:00:00-05:00,15.760000228881836,15.973999977111816,15.609999656677246,15.930000305175781,1276800,0.0,0.0
2021-12-10 00:00:00-05:00,16.059999465942383,16.815000534057617,15.949999809265137,16.770000457763672,1635900,0.0,0.0
2021-12-13 00:00:00-05:00,16.608999252319336,16.760000228881836,16.09000015258789,16.270000457763672,1181100,0.0,0.0
2021-12-14 00:00:00-05:00,16.100000381469727,16.559999465942383,15.930000305175781,16.0,1247200,0.0,0.0
2021-12-15 00:00:00-05:00,15.979999542236328,16.420000076293945,15.84000015258789,16.350000381469727,1406700,0.0,0.0
2021-12-16 00:00:00-05:00,16.489999771118164,16.739999771118164,16.03499984741211,16.06999969482422,1485400,0.0,0.0
2021-12-17 00:00:00-05:00,15.930000305175781,16.459999084472656,15.729999542236328,15.850000381469727,2040600,0.0,0.0
2021-12-20 00:00:00-05:00,15.220000267028809,15.510000228881836,14.949999809265137,15.460000038146973,1624500,0.0,0.0
2021-12-21 00:00:00-05:00,15.699999809265137,16.520000457763672,15.600000381469727,16.469999313354492,1449100,0.0,0.0
2021-12-22 00:00:00-05:00,16.3700008392334,17.25,16.3700008392334,17.170000076293945,1176000,0.0,0.0
2021-12-23 00:00:00-05:00,17.209999084472656,17.524999618530273,17.010000228881836,17.3700008392334,1025800,0.0,0.0
2021-12-27 00:00:00-05:00,17.3799991607666,17.899999618530273,17.329999923706055,17.889999389648438,1127500,0.0,0.0
2021-12-28 00:00:00-05:00,17.950000762939453,18.229999542236328,17.709999084472656,18.100000381469727,1060800,0.0,0.0
2021-12-29 00:00:00-05:00,18.020000457763672,18.475000381469727,18.0,18.329999923706055,1185100,0.0,0.0
2021-12-30 00:00:00-05:00,18.360000610351562,18.780000686645508,18.360000610351562,18.469999313354492,1107600,0.0,0.0
2021-12-31 00:00:00-05:00,18.389999389648438,18.889999389648438,18.350000381469727,18.700000762939453,1021800,0.0,0.0
2022-01-03 00:00:00-05:00,18.860000610351562,19.100000381469727,18.040000915527344,18.350000381469727,1892800,0.0,0.0
2022-01-04 00:00:00-05:00,18.600000381469727,18.790000915527344,18.399999618530273,18.43000030517578,1414300,0.0,0.0
2022-01-05 00:00:00-05:00,18.389999389648438,18.489999771118164,17.389999389648438,17.469999313354492,1542400,0.0,0.0
2022-01-06 00:00:00-05:00,17.540000915527344,17.801000595092773,17.299999237060547,17.3700008392334,745800,0.0,0.0
2022-01-07 00:00:00-05:00,17.18000030517578,17.31999969482422,16.790000915527344,16.809999465942383,1244500,0.0,0.0
2022-01-10 00:00:00-05:00,16.6299991607666,16.780000686645508,16.350000381469727,16.670000076293945,1000100,0.0,0.0
2022-01-11 00:00:00-05:00,16.64299964904785,16.959999084472656,16.239999771118164,16.84000015258789,1360900,0.0,0.0
2022-01-12 00:00:00-05:00,17.0,17.099000930786133,16.549999237060547,16.989999771118164,874800,0.0,0.0
2022-01-13 00:00:00-05:00,16.920000076293945,17.110000610351562,16.65999984741211,16.760000228881836,634500,0.0,0.0
2022-01-14 00:00:00-05:00,16.520000457763672,16.55500030517578,16.190000534057617,16.440000534057617,719500,0.0,0.0
2022-01-18 00:00:00-05:00,16.3700008392334,16.3700008392334,15.8100004196167,16.049999237060547,1110900,0.0,0.0
2022-01-19 00:00:00-05:00,16.200000762939453,16.229999542236328,15.479999542236328,15.489999771118164,750300,0.0,0.0
2022-01-20 00:00:00-05:00,15.609999656677246,15.8100004196167,15.199999809265137,15.260000228881836,1030200,0.0,0.0
2022-01-21 00:00:00-05:00,14.9399995803833,15.404999732971191,14.75,14.9399995803833,1473400,0.0,0.0
2022-01-24 00:00:00-05:00,14.550000190734863,15.16100025177002,13.989999771118164,15.069999694824219,1397300,0.0,0.0
2022-01-25 00:00:00-05:00,14.75,14.899999618530273,14.494999885559082,14.710000038146973,1165000,0.0,0.0
2022-01-26 00:00:00-05:00,14.970000267028809,15.354999542236328,14.479999542236328,14.710000038146973,1139500,0.0,0.0
2022-01-27 00:00:00-05:00,15.050000190734863,15.350000381469727,14.4399995803833,14.569999694824219,857500,0.0,0.0
2022-01-28 00:00:00-05:00,13.920000076293945,14.760000228881836,13.869999885559082,14.760000228881836,1171500,0.0,0.0
2022-01-31 00:00:00-05:00,14.739999771118164,15.3100004196167,14.640000343322754,15.3100004196167,1505500,0.0,0.0
2022-02-01 00:00:00-05:00,15.260000228881836,15.479999542236328,15.119999885559082,15.34000015258789,846800,0.0,0.0
2022-02-02 00:00:00-05:00,15.40999984741211,15.755000114440918,15.34000015258789,15.609999656677246,1026000,0.0,0.0
2022-02-03 00:00:00-05:00,15.350000381469727,15.850000381469727,15.1899995803833,15.539999961853027,731300,0.0,0.0
2022-02-04 00:00:00-05:00,15.430000305175781,15.729999542236328,15.270000457763672,15.479999542236328,831000,0.0,0.0
2022-02-07 00:00:00-05:00,15.460000038146973,15.869999885559082,15.460000038146973,15.720000267028809,905000,0.0,0.0
2022-02-08 00:00:00-05:00,15.800000190734863,16.229999542236328,15.800000190734863,16.1200008392334,506800,0.0,0.0
2022-02-09 00:00:00-05:00,16.31999969482422,16.670000076293945,16.31999969482422,16.6200008392334,836700,0.0,0.0
2022-02-10 00:00:00-05:00,16.360000610351562,17.0,16.350000381469727,16.700000762939453,1802800,0.0,0.0
2022-02-11 00:00:00-05:00,16.825000762939453,17.71500015258789,16.25,17.049999237060547,2222500,0.0,0.0
2022-02-14 00:00:00-05:00,16.690000534057617,17.0,16.024999618530273,16.09000015258789,1678800,0.0,0.0
2022-02-15 00:00:00-05:00,16.3799991607666,16.780000686645508,16.260000228881836,16.360000610351562,1412100,0.0,0.0
2022-02-16 00:00:00-05:00,16.770000457763672,17.959999084472656,16.709999084472656,17.93000030517578,2242000,0.0,0.0
2022-02-17 00:00:00-05:00,17.850000381469727,17.98900032043457,17.540000915527344,17.549999237060547,1448200,0.0,0.0
2022-02-18 00:00:00-05:00,17.600000381469727,17.979999542236328,17.520000457763672,17.540000915527344,1220700,0.0,0.0
2022-02-22 00:00:00-05:00,17.510000228881836,18.420000076293945,17.280000686645508,18.079999923706055,3607200,0.0,0.0
2022-02-23 00:00:00-05:00,18.25,18.43000030517578,16.604999542236328,16.690000534057617,2449300,0.0,0.0
2022-02-24 00:00:00-05:00,16.09000015258789,17.05500030517578,16.010000228881836,16.950000762939453,1809800,0.0,0.0
2022-02-25 00:00:00-05:00,17.450000762939453,18.0049991607666,17.239999771118164,18.0,1893900,0.0,0.0
2022-02-28 00:00:00-05:00,17.65999984741211,18.05900001525879,17.34000015258789,17.68000030517578,2739500,0.0,0.0
2022-03-01 00:00:00-05:00,17.5,17.690000534057617,16.530000686645508,16.700000762939453,1775500,0.0,0.0
2022-03-02 00:00:00-05:00,16.829999923706055,17.665000915527344,16.760000228881836,17.59000015258789,1150500,0.0,0.0
2022-03-03 00:00:00-05:00,17.68000030517578,17.799999237060547,17.020000457763672,17.280000686645508,1034000,0.0,0.0
2022-03-04 00:00:00-05:00,17.010000228881836,17.18000030517578,16.44499969482422,16.719999313354492,1372000,0.0,0.0
2022-03-07 00:00:00-05:00,16.639999389648438,16.739999771118164,15.850000381469727,15.949999809265137,2331100,0.0,0.0
2022-03-08 00:00:00-05:00,15.930000305175781,16.559999465942383,15.8100004196167,16.1200008392334,1566100,0.0,0.0
2022-03-09 00:00:00-05:00,16.600000381469727,16.790000915527344,16.399999618530273,16.56999969482422,1187700,0.0,0.0
2022-03-10 00:00:00-05:00,15.800000190734863,16.315000534057617,15.770000457763672,15.859999656677246,1476200,0.0,0.0
2022-03-11 00:00:00-05:00,16.06999969482422,16.100000381469727,15.649999618530273,15.699999809265137,1935500,0.0,0.0
2022-03-14 00:00:00-04:00,15.890000343322754,16.079999923706055,15.524999618530273,15.630000114440918,779700,0.0,0.0
2022-03-15 00:00:00-04:00,15.630000114440918,15.859999656677246,15.260000228881836,15.380000114440918,1036800,0.0,0.0
2022-03-16 00:00:00-04:00,15.649999618530273,16.219999313354492,15.529999732971191,16.040000915527344,1104300,0.0,0.0
2022-03-17 00:00:00-04:00,15.869999885559082,16.43000030517578,15.789999961853027,16.43000030517578,1946100,0.0,0.0
2022-03-18 00:00:00-04:00,16.25,16.384000778198242,15.9399995803833,15.949999809265137,3646800,0.0,0.0
2022-03-21 00:00:00-04:00,16.040000915527344,16.389999389648438,15.59000015258789,15.710000038146973,1041700,0.0,0.0
2022-03-22 00:00:00-04:00,15.760000228881836,16.094999313354492,15.760000228881836,15.960000038146973,737800,0.0,0.0
2022-03-23 00:00:00-04:00,15.770000457763672,15.907999992370605,15.579999923706055,15.649999618530273,679500,0.0,0.0
2022-03-24 00:00:00-04:00,15.619999885559082,15.829999923706055,15.420000076293945,15.550000190734863,865200,0.0,0.0
2022-03-25 00:00:00-04:00,15.520000457763672,15.579999923706055,15.279999732971191,15.550000190734863,737300,0.0,0.0
2022-03-28 00:00:00-04:00,15.529999732971191,15.720000267028809,15.345000267028809,15.720000267028809,805500,0.0,0.0
2022-03-29 00:00:00-04:00,15.970000267028809,16.5,15.90999984741211,16.219999313354492,1682900,0.0,0.0
2022-03-30 00:00:00-04:00,16.1200008392334,16.350000381469727,15.979000091552734,16.139999389648438,736500,0.0,0.0
2022-03-31 00:00:00-04:00,16.059999465942383,16.219999313354492,15.895000457763672,15.920000076293945,1806100,0.0,0.0
2022-04-01 00:00:00-04:00,15.960000038146973,16.139999389648438,15.859999656677246,16.100000381469727,1134800,0.0,0.0
2022-04-04 00:00:00-04:00,16.06999969482422,16.18000030517578,15.904999732971191,15.960000038146973,816600,0.0,0.0
2022-04-05 00:00:00-04:00,15.630000114440918,16.010000228881836,15.5,15.520000457763672,1169100,0.0,0.0
2022-04-06 00:00:00-04:00,15.369999885559082,15.399999618530273,14.539999961853027,14.550000190734863,1952800,0.0,0.0
2022-04-07 00:00:00-04:00,14.470000267028809,14.524999618530273,13.720000267028809,13.890000343322754,1745600,0.0,0.0
2022-04-08 00:00:00-04:00,13.720000267028809,13.930000305175781,13.413999557495117,13.520000457763672,1944100,0.0,0.0
2022-04-11 00:00:00-04:00,13.380000114440918,13.720000267028809,13.239999771118164,13.550000190734863,1724600,0.0,0.0
2022-04-12 00:00:00-04:00,13.680000305175781,13.829999923706055,13.1850004196167,13.25,1606600,0.0,0.0
2022-04-13 00:00:00-04:00,13.15999984741211,13.664999961853027,13.15999984741211,13.59000015258789,1331200,0.0,0.0
2022-04-14 00:00:00-04:00,13.619999885559082,13.789999961853027,13.289999961853027,13.289999961853027,1137600,0.0,0.0
2022-04-18 00:00:00-04:00,13.010000228881836,13.1899995803833,12.8100004196167,12.859999656677246,1802700,0.0,0.0
2022-04-19 00:00:00-04:00,12.84000015258789,13.524999618530273,12.84000015258789,13.399999618530273,1491700,0.0,0.0
2022-04-20 00:00:00-04:00,13.5,13.869999885559082,13.5,13.600000381469727,1503800,0.0,0.0
2022-04-21 00:00:00-04:00,13.75,13.8100004196167,13.449999809265137,13.510000228881836,1319300,0.0,0.0
2022-04-22 00:00:00-04:00,13.329999923706055,13.520000457763672,13.0600004196167,13.109999656677246,1354100,0.0,0.0
2022-04-25 00:00:00-04:00,12.890000343322754,13.21500015258789,12.8100004196167,13.109999656677246,1630400,0.0,0.0
2022-04-26 00:00:00-04:00,12.90999984741211,13.095000267028809,12.829999923706055,12.84000015258789,1409700,0.0,0.0
2022-04-27 00:00:00-04:00,12.84000015258789,13.130000114440918,12.664999961853027,12.869999885559082,1366100,0.0,0.0
2022-04-28 00:00:00-04:00,12.989999771118164,13.475000381469727,12.789999961853027,13.40999984741211,1534700,0.0,0.0
2022-04-29 00:00:00-04:00,13.3100004196167,13.390000343322754,12.09000015258789,12.149999618530273,1565500,0.0,0.0
2022-05-02 00:00:00-04:00,12.109999656677246,12.255000114440918,11.630000114440918,12.020000457763672,2424600,0.0,0.0
2022-05-03 00:00:00-04:00,12.119999885559082,12.34000015258789,11.920000076293945,12.199999809265137,2820500,0.0,0.0
2022-05-04 00:00:00-04:00,12.220000267028809,12.829999923706055,11.970000267028809,12.729999542236328,1958600,0.0,0.0
2022-05-05 00:00:00-04:00,12.520000457763672,12.670000076293945,11.9399995803833,12.1899995803833,1704000,0.0,0.0
2022-05-06 00:00:00-04:00,12.0600004196167,12.460000038146973,11.850000381469727,12.119999885559082,2083600,0.0,0.0
2022-05-09 00:00:00-04:00,12.0,12.079999923706055,11.640000343322754,11.680000305175781,2685300,0.0,0.0
2022-05-10 00:00:00-04:00,11.859999656677246,11.960000038146973,11.130000114440918,11.229999542236328,2348900,0.0,0.0
2022-05-11 00:00:00-04:00,11.210000038146973,11.600000381469727,10.949999809265137,11.399999618530273,3315900,0.0,0.0
2022-05-12 00:00:00-04:00,11.390000343322754,11.489999771118164,10.850000381469727,11.0,2630100,0.0,0.0
2022-05-13 00:00:00-04:00,11.050000190734863,11.484999656677246,10.930000305175781,11.350000381469727,2603400,0.0,0.0
2022-05-16 00:00:00-04:00,11.359999656677246,11.524999618530273,11.050000190734863,11.329999923706055,2002400,0.0,0.0
2022-05-17 00:00:00-04:00,11.59000015258789,11.649999618530273,11.119999885559082,11.430000305175781,1481800,0.0,0.0
2022-05-18 00:00:00-04:00,11.289999961853027,11.390000343322754,10.914999961853027,10.970000267028809,1695800,0.0,0.0
2022-05-19 00:00:00-04:00,10.859999656677246,11.364999771118164,10.829999923706055,11.109999656677246,2028600,0.0,0.0
2022-05-20 00:00:00-04:00,11.289999961853027,11.359999656677246,10.510000228881836,10.729999542236328,1400200,0.0,0.0
2022-05-23 00:00:00-04:00,10.800000190734863,10.970000267028809,10.53499984741211,10.819999694824219,1795000,0.0,0.0
2022-05-24 00:00:00-04:00,10.609999656677246,10.680000305175781,10.140000343322754,10.350000381469727,1328900,0.0,0.0
2022-05-25 00:00:00-04:00,10.289999961853027,10.550000190734863,10.210000038146973,10.460000038146973,1472300,0.0,0.0
2022-05-26 00:00:00-04:00,10.789999961853027,11.15999984741211,10.739999771118164,11.069999694824219,1519400,0.0,0.0
2022-05-27 00:00:00-04:00,11.09000015258789,11.335000038146973,11.09000015258789,11.289999961853027,1192800,0.0,0.0
2022-05-31 00:00:00-04:00,11.270000457763672,11.270000457763672,10.954999923706055,11.069999694824219,2546800,0.0,0.0
2022-06-01 00:00:00-04:00,11.199999809265137,11.220000267028809,10.654999732971191,10.670000076293945,1467200,0.0,0.0
2022-06-02 00:00:00-04:00,10.75,10.800000190734863,10.489999771118164,10.800000190734863,1376900,0.0,0.0
2022-06-03 00:00:00-04:00,10.640000343322754,10.670000076293945,10.210000038146973,10.3100004196167,1524100,0.0,0.0
2022-06-06 00:00:00-04:00,10.4399995803833,10.65999984741211,10.270000457763672,10.630000114440918,1887000,0.0,0.0
2022-06-07 00:00:00-04:00,10.539999961853027,10.539999961853027,10.239999771118164,10.489999771118164,1264200,0.0,0.0
2022-06-08 00:00:00-04:00,10.449999809265137,10.449999809265137,10.010000228881836,10.109999656677246,1180500,0.0,0.0
2022-06-09 00:00:00-04:00,10.039999961853027,10.0600004196167,9.694999694824219,9.720000267028809,1268400,0.0,0.0
2022-06-10 00:00:00-04:00,9.510000228881836,9.729999542236328,9.444999694824219,9.520000457763672,1474200,0.0,0.0
2022-06-13 00:00:00-04:00,9.130000114440918,9.25,8.755000114440918,8.850000381469727,1830500,0.0,0.0
2022-06-14 00:00:00-04:00,8.890000343322754,9.229999542236328,8.890000343322754,9.079999923706055,2231500,0.0,0.0
2022-06-15 00:00:00-04:00,9.130000114440918,9.470000267028809,9.039999961853027,9.170000076293945,2667500,0.0,0.0
2022-06-16 00:00:00-04:00,8.920000076293945,8.949999809265137,8.65999984741211,8.8100004196167,2551000,0.0,0.0
2022-06-17 00:00:00-04:00,9.210000038146973,9.5,9.109999656677246,9.479999542236328,3651500,0.0,0.0
2022-06-21 00:00:00-04:00,9.609999656677246,9.680000305175781,9.345000267028809,9.380000114440918,1864400,0.0,0.0
2022-06-22 00:00:00-04:00,9.260000228881836,9.550000190734863,9.1899995803833,9.329999923706055,2031300,0.0,0.0
2022-06-23 00:00:00-04:00,9.359999656677246,9.680000305175781,9.319999694824219,9.649999618530273,1300200,0.0,0.0
2022-06-24 00:00:00-04:00,9.65999984741211,10.069999694824219,9.609999656677246,10.0600004196167,7066600,0.0,0.0
2022-06-27 00:00:00-04:00,10.1899995803833,10.3100004196167,9.859999656677246,9.970000267028809,1661600,0.0,0.0
2022-06-28 00:00:00-04:00,10.079999923706055,10.180000305175781,9.720000267028809,9.739999771118164,1114900,0.0,0.0
2022-06-29 00:00:00-04:00,9.699999809265137,9.739999771118164,9.529999732971191,9.739999771118164,927200,0.0,0.0
2022-06-30 00:00:00-04:00,9.529999732971191,9.869999885559082,9.385000228881836,9.670000076293945,1191200,0.0,0.0
2022-07-01 00:00:00-04:00,9.59000015258789,10.015000343322754,9.510000228881836,9.970000267028809,807100,0.0,0.0
2022-07-05 00:00:00-04:00,9.569999694824219,9.930000305175781,9.529999732971191,9.930000305175781,1054900,0.0,0.0
2022-07-06 00:00:00-04:00,9.9399995803833,10.010000228881836,9.529999732971191,9.569999694824219,962500,0.0,0.0
2022-07-07 00:00:00-04:00,9.670000076293945,9.944999694824219,9.619999885559082,9.819999694824219,1013300,0.0,0.0
2022-07-08 00:00:00-04:00,9.890000343322754,9.913999557495117,9.630000114440918,9.859999656677246,696900,0.0,0.0
2022-07-11 00:00:00-04:00,9.739999771118164,10.170000076293945,9.739999771118164,9.979999542236328,1620200,0.0,0.0
2022-07-12 00:00:00-04:00,10.010000228881836,10.364999771118164,10.0,10.119999885559082,1652400,0.0,0.0
2022-07-13 00:00:00-04:00,9.9399995803833,10.210000038146973,9.90999984741211,10.119999885559082,1718300,0.0,0.0
2022-07-14 00:00:00-04:00,10.0,10.199999809265137,9.899999618530273,10.130000114440918,1641900,0.0,0.0
2022-07-15 00:00:00-04:00,10.359999656677246,10.53499984741211,10.1850004196167,10.4399995803833,2238200,0.0,0.0
2022-07-18 00:00:00-04:00,10.5600004196167,10.670000076293945,10.482999801635742,10.640000343322754,1217500,0.0,0.0
2022-07-19 00:00:00-04:00,10.84000015258789,10.989999771118164,10.770000457763672,10.960000038146973,742100,0.0,0.0
2022-07-20 00:00:00-04:00,10.920000076293945,11.225000381469727,10.720000267028809,11.199999809265137,1032800,0.0,0.0
2022-07-21 00:00:00-04:00,11.100000381469727,11.170000076293945,10.890000343322754,11.170000076293945,606600,0.0,0.0
2022-07-22 00:00:00-04:00,11.109999656677246,11.3100004196167,11.0600004196167,11.210000038146973,743200,0.0,0.0
2022-07-25 00:00:00-04:00,11.229999542236328,11.454999923706055,11.1899995803833,11.319999694824219,774400,0.0,0.0
2022-07-26 00:00:00-04:00,11.210000038146973,11.369999885559082,11.15999984741211,11.229999542236328,770400,0.0,0.0
2022-07-27 00:00:00-04:00,11.279999732971191,11.574999809265137,11.09000015258789,11.5,809400,0.0,0.0
2022-07-28 00:00:00-04:00,11.539999961853027,11.710000038146973,11.444999694824219,11.699999809265137,864800,0.0,0.0
2022-07-29 00:00:00-04:00,11.930000305175781,11.930000305175781,11.359999656677246,11.399999618530273,1126500,0.0,0.0
2022-08-01 00:00:00-04:00,10.869999885559082,11.25,10.739999771118164,10.829999923706055,1735100,0.0,0.0
2022-08-02 00:00:00-04:00,10.199999809265137,10.739999771118164,10.149999618530273,10.680000305175781,1156400,0.0,0.0
2022-08-03 00:00:00-04:00,10.890000343322754,10.890000343322754,10.420000076293945,10.4399995803833,1482600,0.0,0.0
2022-08-04 00:00:00-04:00,10.34000015258789,10.574999809265137,10.0600004196167,10.489999771118164,1540000,0.0,0.0
2022-08-05 00:00:00-04:00,10.289999961853027,10.75,10.289999961853027,10.699999809265137,971300,0.0,0.0
2022-08-08 00:00:00-04:00,10.770000457763672,10.989999771118164,10.65999984741211,10.729999542236328,914100,0.0,0.0
2022-08-09 00:00:00-04:00,10.65999984741211,10.65999984741211,10.470000267028809,10.609999656677246,930300,0.0,0.0
2022-08-10 00:00:00-04:00,10.819999694824219,10.960000038146973,10.779999732971191,10.800000190734863,462800,0.0,0.0
2022-08-11 00:00:00-04:00,10.890000343322754,10.979999542236328,10.805000305175781,10.920000076293945,551700,0.0,0.0
2022-08-12 00:00:00-04:00,10.960000038146973,11.079999923706055,10.75,11.069999694824219,954500,0.0,0.0
2022-08-15 00:00:00-04:00,10.979999542236328,11.279999732971191,10.885000228881836,11.229999542236328,829500,0.0,0.0
2022-08-16 00:00:00-04:00,11.199999809265137,11.3100004196167,11.005000114440918,11.220000267028809,840600,0.0,0.0
2022-08-17 00:00:00-04:00,11.020000457763672,11.319999694824219,10.90999984741211,11.170000076293945,802900,0.0,0.0
2022-08-18 00:00:00-04:00,11.140000343322754,11.345000267028809,11.119999885559082,11.239999771118164,574200,0.0,0.0
2022-08-19 00:00:00-04:00,11.050000190734863,11.1850004196167,10.819999694824219,11.079999923706055,3223100,0.0,0.0
2022-08-22 00:00:00-04:00,10.84000015258789,10.873000144958496,10.079999923706055,10.119999885559082,1620900,0.0,0.0
2022-08-23 00:00:00-04:00,10.170000076293945,10.640000343322754,10.135000228881836,10.420000076293945,1304000,0.0,0.0
2022-08-24 00:00:00-04:00,10.420000076293945,10.640000343322754,10.359999656677246,10.550000190734863,1077600,0.0,0.0
2022-08-25 00:00:00-04:00,10.609999656677246,10.829999923706055,10.5600004196167,10.819999694824219,817900,0.0,0.0
2022-08-26 00:00:00-04:00,10.899999618530273,10.979999542236328,10.154999732971191,10.380000114440918,1188600,0.0,0.0
2022-08-29 00:00:00-04:00,10.3100004196167,10.510000228881836,10.279999732971191,10.3100004196167,860800,0.0,0.0
2022-08-30 00:00:00-04:00,10.300000190734863,10.515000343322754,10.180000305175781,10.220000267028809,1381200,0.0,0.0
2022-08-31 00:00:00-04:00,10.300000190734863,10.428000450134277,10.1899995803833,10.25,4209500,0.0,0.0
2022-09-01 00:00:00-04:00,10.15999984741211,10.270000457763672,9.765000343322754,10.260000228881836,1128200,0.0,0.0
2022-09-02 00:00:00-04:00,10.380000114440918,10.489999771118164,10.15999984741211,10.180000305175781,955700,0.0,0.0
2022-09-06 00:00:00-04:00,10.09000015258789,10.109999656677246,9.494999885559082,9.600000381469727,2012800,0.0,0.0
2022-09-07 00:00:00-04:00,9.510000228881836,10.03499984741211,9.460000038146973,9.949999809265137,1209100,0.0,0.0
2022-09-08 00:00:00-04:00,9.800000190734863,10.164999961853027,9.65999984741211,10.149999618530273,1105100,0.0,0.0
2022-09-09 00:00:00-04:00,10.239999771118164,10.470000267028809,10.239999771118164,10.4399995803833,879100,0.0,0.0
2022-09-12 00:00:00-04:00,10.539999961853027,10.6850004196167,10.539999961853027,10.619999885559082,765000,0.0,0.0
2022-09-13 00:00:00-04:00,10.229999542236328,10.380000114440918,10.08899974822998,10.270000457763672,1118500,0.0,0.0
2022-09-14 00:00:00-04:00,10.25,10.420000076293945,10.15999984741211,10.329999923706055,1564800,0.0,0.0
2022-09-15 00:00:00-04:00,10.319999694824219,10.515000343322754,10.270000457763672,10.329999923706055,1634600,0.0,0.0
2022-09-16 00:00:00-04:00,10.229999542236328,10.350000381469727,10.09000015258789,10.260000228881836,3964900,0.0,0.0
2022-09-19 00:00:00-04:00,10.15999984741211,10.505000114440918,10.15999984741211,10.430000305175781,1953600,0.0,0.0
2022-09-20 00:00:00-04:00,10.25,10.25,9.819999694824219,10.09000015258789,1792300,0.0,0.0
2022-09-21 00:00:00-04:00,10.109999656677246,10.220000267028809,9.479999542236328,9.489999771118164,976600,0.0,0.0
2022-09-22 00:00:00-04:00,9.399999618530273,9.414999961853027,9.114999771118164,9.140000343322754,1078800,0.0,0.0
2022-09-23 00:00:00-04:00,8.920000076293945,9.010000228881836,8.609999656677246,8.710000038146973,1087000,0.0,0.0
2022-09-26 00:00:00-04:00,8.5600004196167,8.680000305175781,8.359999656677246,8.479999542236328,1155400,0.0,0.0
2022-09-27 00:00:00-04:00,8.520000457763672,8.600000381469727,8.135000228881836,8.170000076293945,950200,0.0,0.0
2022-09-28 00:00:00-04:00,8.1899995803833,8.40999984741211,8.100000381469727,8.319999694824219,933400,0.0,0.0
2022-09-29 00:00:00-04:00,8.1899995803833,8.1899995803833,7.800000190734863,7.960000038146973,1349900,0.0,0.0
2022-09-30 00:00:00-04:00,7.980000019073486,8.180000305175781,7.920000076293945,8.0600004196167,1263300,0.0,0.0
2022-10-03 00:00:00-04:00,8.15999984741211,8.487000465393066,8.09000015258789,8.4399995803833,1161100,0.0,0.0
2022-10-04 00:00:00-04:00,8.529999732971191,8.984999656677246,8.399999618530273,8.960000038146973,1136400,0.0,0.0
2022-10-05 00:00:00-04:00,8.800000190734863,8.880000114440918,8.6850004196167,8.850000381469727,818800,0.0,0.0
2022-10-06 00:00:00-04:00,8.819999694824219,9.0,8.770000457763672,8.859999656677246,843100,0.0,0.0
2022-10-07 00:00:00-04:00,8.670000076293945,8.770000457763672,8.270000457763672,8.380000114440918,1355500,0.0,0.0
2022-10-10 00:00:00-04:00,8.430000305175781,8.5,8.279999732971191,8.399999618530273,629500,0.0,0.0
2022-10-11 00:00:00-04:00,8.420000076293945,8.600000381469727,8.279999732971191,8.5,973200,0.0,0.0
2022-10-12 00:00:00-04:00,8.479999542236328,8.484999656677246,8.289999961853027,8.430000305175781,644300,0.0,0.0
2022-10-13 00:00:00-04:00,8.300000190734863,8.6850004196167,7.989999771118164,8.649999618530273,1311600,0.0,0.0
2022-10-14 00:00:00-04:00,8.800000190734863,8.850000381469727,8.454999923706055,8.510000228881836,832600,0.0,0.0
2022-10-17 00:00:00-04:00,8.789999961853027,8.904999732971191,8.730999946594238,8.880000114440918,754300,0.0,0.0
2022-10-18 00:00:00-04:00,9.09000015258789,9.1850004196167,8.854999542236328,8.949999809265137,606500,0.0,0.0
2022-10-19 00:00:00-04:00,8.75,8.789999961853027,8.399999618530273,8.449999809265137,920300,0.0,0.0
2022-10-20 00:00:00-04:00,8.470000267028809,8.675000190734863,8.354999542236328,8.40999984741211,747400,0.0,0.0
2022-10-21 00:00:00-04:00,8.420000076293945,8.585000038146973,8.3100004196167,8.569999694824219,891000,0.0,0.0
2022-10-24 00:00:00-04:00,8.649999618530273,8.989999771118164,8.600000381469727,8.890000343322754,918700,0.0,0.0
2022-10-25 00:00:00-04:00,8.90999984741211,9.279999732971191,8.90999984741211,9.220000267028809,1117700,0.0,0.0
2022-10-26 00:00:00-04:00,9.300000190734863,9.489999771118164,9.170000076293945,9.359999656677246,692300,0.0,0.0
2022-10-27 00:00:00-04:00,9.449999809265137,9.5,9.220000267028809,9.34000015258789,1032800,0.0,0.0
2022-10-28 00:00:00-04:00,8.40999984741211,8.90999984741211,7.96999979019165,7.96999979019165,4510600,0.0,0.0
2022-10-31 00:00:00-04:00,7.929999828338623,8.324999809265137,7.849999904632568,8.1899995803833,2656400,0.0,0.0
2022-11-01 00:00:00-04:00,8.319999694824219,8.395000457763672,8.059000015258789,8.199999809265137,1482300,0.0,0.0
2022-11-02 00:00:00-04:00,8.149999618530273,8.15999984741211,7.690000057220459,7.690000057220459,2202900,0.0,0.0
2022-11-03 00:00:00-04:00,7.53000020980835,7.650000095367432,7.414999961853027,7.5,1294600,0.0,0.0
2022-11-04 00:00:00-04:00,7.579999923706055,7.860000133514404,7.550000190734863,7.840000152587891,1182800,0.0,0.0
2022-11-07 00:00:00-05:00,7.940000057220459,8.069999694824219,7.84499979019165,8.050000190734863,1123800,0.0,0.0
2022-11-08 00:00:00-05:00,8.050000190734863,8.109999656677246,7.789999961853027,7.880000114440918,969400,0.0,0.0
2022-11-09 00:00:00-05:00,7.820000171661377,7.855000019073486,7.639999866485596,7.730000019073486,1332400,0.0,0.0
2022-11-10 00:00:00-05:00,8.130000114440918,8.770000457763672,8.130000114440918,8.470000267028809,1468200,0.0,0.0
2022-11-11 00:00:00-05:00,8.539999961853027,8.880000114440918,8.5,8.739999771118164,1165000,0.0,0.0
2022-11-14 00:00:00-05:00,8.680000305175781,8.680000305175781,8.239999771118164,8.399999618530273,918800,0.0,0.0
2022-11-15 00:00:00-05:00,8.520000457763672,8.739999771118164,8.40999984741211,8.510000228881836,933600,0.0,0.0
2022-11-16 00:00:00-05:00,8.369999885559082,8.489999771118164,8.270000457763672,8.300000190734863,981200,0.0,0.0
2022-11-17 00:00:00-05:00,8.109999656677246,8.154999732971191,8.0,8.130000114440918,615700,0.0,0.0
2022-11-18 00:00:00-05:00,8.329999923706055,8.335000038146973,8.109999656677246,8.119999885559082,772900,0.0,0.0
2022-11-21 00:00:00-05:00,8.029999732971191,8.180000305175781,8.0,8.130000114440918,808000,0.0,0.0
2022-11-22 00:00:00-05:00,8.1899995803833,8.265000343322754,8.079999923706055,8.260000228881836,598900,0.0,0.0
2022-11-23 00:00:00-05:00,8.199999809265137,8.369999885559082,8.109999656677246,8.369999885559082,1053200,0.0,0.0
2022-11-25 00:00:00-05:00,8.34000015258789,8.449999809265137,8.270000457763672,8.449999809265137,342100,0.0,0.0
2022-11-28 00:00:00-05:00,8.34000015258789,8.399999618530273,8.050000190734863,8.079999923706055,756900,0.0,0.0
2022-11-29 00:00:00-05:00,8.0600004196167,8.479999542236328,8.0600004196167,8.350000381469727,711400,0.0,0.0
2022-11-30 00:00:00-05:00,8.270000457763672,8.524999618530273,8.114999771118164,8.479999542236328,1868500,0.0,0.0
2022-12-01 00:00:00-05:00,8.550000190734863,8.760000228881836,8.524999618530273,8.699999809265137,1036800,0.0,0.0
2022-12-02 00:00:00-05:00,8.579999923706055,8.739999771118164,8.579999923706055,8.600000381469727,826100,0.0,0.0
2022-12-05 00:00:00-05:00,8.59000015258789,8.640000343322754,8.335000038146973,8.479999542236328,960100,0.0,0.0
2022-12-06 00:00:00-05:00,8.510000228881836,8.59000015258789,8.369999885559082,8.5,730300,0.0,0.0
2022-12-07 00:00:00-05:00,8.479999542236328,8.5600004196167,8.359999656677246,8.40999984741211,1204800,0.0,0.0
2022-12-08 00:00:00-05:00,8.430000305175781,8.670000076293945,8.319999694824219,8.34000015258789,567300,0.0,0.0
2022-12-09 00:00:00-05:00,8.229999542236328,8.428999900817871,8.140000343322754,8.329999923706055,526300,0.0,0.0
2022-12-12 00:00:00-05:00,7.860000133514404,8.0,7.485000133514404,7.78000020980835,1396700,0.0,0.0
2022-12-13 00:00:00-05:00,8.130000114440918,8.600000381469727,8.109999656677246,8.479999542236328,2184300,0.0,0.0
2022-12-14 00:00:00-05:00,8.430000305175781,8.614999771118164,8.3100004196167,8.40999984741211,1477900,0.0,0.0
2022-12-15 00:00:00-05:00,8.25,8.260000228881836,8.0,8.119999885559082,1588200,0.0,0.0
2022-12-16 00:00:00-05:00,7.929999828338623,8.029999732971191,7.784999847412109,7.909999847412109,3195700,0.0,0.0
2022-12-19 00:00:00-05:00,7.960000038146973,8.010000228881836,7.710000038146973,7.789999961853027,1626200,0.0,0.0
2022-12-20 00:00:00-05:00,7.739999771118164,7.940000057220459,7.625,7.849999904632568,942500,0.0,0.0
2022-12-21 00:00:00-05:00,7.949999809265137,8.135000228881836,7.949999809265137,8.0,693300,0.0,0.0
2022-12-22 00:00:00-05:00,7.690000057220459,7.920000076293945,7.690000057220459,7.920000076293945,502200,0.0,0.0
2022-12-23 00:00:00-05:00,7.920000076293945,8.010000228881836,7.829999923706055,8.0,369100,0.0,0.0
2022-12-27 00:00:00-05:00,8.029999732971191,8.029999732971191,7.880000114440918,7.940000057220459,385800,0.0,0.0
2022-12-28 00:00:00-05:00,7.929999828338623,8.010000228881836,7.84499979019165,7.849999904632568,670300,0.0,0.0
2022-12-29 00:00:00-05:00,7.949999809265137,8.164999961853027,7.900000095367432,8.119999885559082,713100,0.0,0.0
2022-12-30 00:00:00-05:00,8.029999732971191,8.079999923706055,7.769999980926514,7.96999979019165,573300,0.0,0.0
2023-01-03 00:00:00-05:00,8.119999885559082,8.319999694824219,8.024999618530273,8.130000114440918,872700,0.0,0.0
2023-01-04 00:00:00-05:00,8.239999771118164,8.520000457763672,8.164999961853027,8.430000305175781,1065700,0.0,0.0
2023-01-05 00:00:00-05:00,8.350000381469727,8.350000381469727,8.079999923706055,8.220000267028809,656300,0.0,0.0
2023-01-06 00:00:00-05:00,8.300000190734863,8.5649995803833,8.210000038146973,8.479999542236328,499900,0.0,0.0
2023-01-09 00:00:00-05:00,8.489999771118164,8.529999732971191,8.329999923706055,8.350000381469727,806900,0.0,0.0
2023-01-10 00:00:00-05:00,8.34000015258789,8.40999984741211,8.289999961853027,8.399999618530273,711100,0.0,0.0
2023-01-11 00:00:00-05:00,8.449999809265137,8.579999923706055,8.399999618530273,8.569999694824219,623200,0.0,0.0
2023-01-12 00:00:00-05:00,8.680000305175781,8.835000038146973,8.609999656677246,8.789999961853027,520100,0.0,0.0
2023-01-13 00:00:00-05:00,8.710000038146973,8.824999809265137,8.670000076293945,8.729999542236328,873200,0.0,0.0
2023-01-17 00:00:00-05:00,8.739999771118164,9.015000343322754,8.699999809265137,8.8100004196167,659400,0.0,0.0
2023-01-18 00:00:00-05:00,8.8100004196167,8.90999984741211,8.704999923706055,8.729999542236328,449000,0.0,0.0
2023-01-19 00:00:00-05:00,8.670000076293945,8.765000343322754,8.569999694824219,8.720000267028809,303900,0.0,0.0
2023-01-20 00:00:00-05:00,8.770000457763672,8.8149995803833,8.600000381469727,8.770000457763672,453700,0.0,0.0
2023-01-23 00:00:00-05:00,8.789999961853027,8.994999885559082,8.760000228881836,8.949999809265137,425500,0.0,0.0
2023-01-24 00:00:00-05:00,8.899999618530273,8.899999618530273,8.600000381469727,8.609999656677246,473200,0.0,0.0
2023-01-25 00:00:00-05:00,8.520000457763672,8.640000343322754,8.404999732971191,8.630000114440918,257800,0.0,0.0
2023-01-26 00:00:00-05:00,8.699999809265137,8.819999694824219,8.630000114440918,8.720000267028809,545700,0.0,0.0
2023-01-27 00:00:00-05:00,8.640000343322754,8.729999542236328,8.475000381469727,8.5600004196167,724400,0.0,0.0
2023-01-30 00:00:00-05:00,8.460000038146973,8.630000114440918,8.380000114440918,8.399999618530273,1848800,0.0,0.0
2023-01-31 00:00:00-05:00,8.430000305175781,8.600000381469727,8.380000114440918,8.569999694824219,3354700,0.0,0.0
2023-02-01 00:00:00-05:00,8.489999771118164,8.619999885559082,8.260000228881836,8.550000190734863,1201000,0.0,0.0
2023-02-02 00:00:00-05:00,8.670000076293945,9.359999656677246,8.649999618530273,9.079999923706055,1553000,0.0,0.0
2023-02-03 00:00:00-05:00,8.9399995803833,9.074999809265137,8.84000015258789,9.010000228881836,886700,0.0,0.0
2023-02-06 00:00:00-05:00,8.859999656677246,8.930000305175781,8.515000343322754,8.649999618530273,626700,0.0,0.0
2023-02-07 00:00:00-05:00,8.5600004196167,8.75,8.279999732971191,8.710000038146973,584000,0.0,0.0
2023-02-08 00:00:00-05:00,8.630000114440918,8.670000076293945,8.25,8.260000228881836,1060400,0.0,0.0
2023-02-09 00:00:00-05:00,8.359999656677246,8.697999954223633,8.359999656677246,8.649999618530273,1036400,0.0,0.0
2023-02-10 00:00:00-05:00,8.59000015258789,8.729999542236328,8.484999656677246,8.729999542236328,545600,0.0,0.0
2023-02-13 00:00:00-05:00,8.6899995803833,8.84000015258789,8.640000343322754,8.800000190734863,669400,0.0,0.0
2023-02-14 00:00:00-05:00,8.729999542236328,8.920000076293945,8.649999618530273,8.789999961853027,456700,0.0,0.0
2023-02-15 00:00:00-05:00,8.619999885559082,8.90999984741211,8.619999885559082,8.890000343322754,865300,0.0,0.0
2023-02-16 00:00:00-05:00,8.300000190734863,8.649999618530273,8.149999618530273,8.510000228881836,1225700,0.0,0.0
2023-02-17 00:00:00-05:00,8.529999732971191,8.920000076293945,8.229999542236328,8.460000038146973,1119700,0.0,0.0
2023-02-21 00:00:00-05:00,8.270000457763672,8.40999984741211,7.940000057220459,8.0,836500,0.0,0.0
2023-02-22 00:00:00-05:00,8.050000190734863,8.1899995803833,8.029999732971191,8.140000343322754,756700,0.0,0.0
2023-02-23 00:00:00-05:00,8.199999809265137,8.269000053405762,8.0600004196167,8.199999809265137,681200,0.0,0.0
2023-02-24 00:00:00-05:00,8.039999961853027,8.095000267028809,7.860000133514404,8.09000015258789,490100,0.0,0.0
2023-02-27 00:00:00-05:00,8.220000267028809,8.220000267028809,7.945000171661377,7.980000019073486,424200,0.0,0.0
2023-02-28 00:00:00-05:00,7.960000038146973,8.130000114440918,7.849999904632568,8.020000457763672,1827400,0.0,0.0
2023-03-01 00:00:00-05:00,8.0600004196167,8.079999923706055,7.909999847412109,8.010000228881836,664000,0.0,0.0
2023-03-02 00:00:00-05:00,7.869999885559082,7.880000114440918,7.639999866485596,7.730000019073486,966200,0.0,0.0
2023-03-03 00:00:00-05:00,7.829999923706055,7.929999828338623,7.75,7.920000076293945,983600,0.0,0.0
2023-03-06 00:00:00-05:00,7.980000019073486,7.980000019073486,7.735000133514404,7.769999980926514,827000,0.0,0.0
2023-03-07 00:00:00-05:00,7.730000019073486,7.769999980926514,7.550000190734863,7.679999828338623,1237300,0.0,0.0
2023-03-08 00:00:00-05:00,7.679999828338623,7.909999847412109,7.554999828338623,7.909999847412109,912700,0.0,0.0
2023-03-09 00:00:00-05:00,7.880000114440918,7.900000095367432,7.559999942779541,7.590000152587891,865400,0.0,0.0
2023-03-10 00:00:00-05:00,7.590000152587891,7.635000228881836,7.235000133514404,7.309999942779541,1101900,0.0,0.0
2023-03-13 00:00:00-04:00,7.190000057220459,7.360000133514404,6.985000133514404,7.059999942779541,1021100,0.0,0.0
2023-03-14 00:00:00-04:00,7.320000171661377,7.380000114440918,6.849999904632568,7.010000228881836,1290200,0.0,0.0
2023-03-15 00:00:00-04:00,6.760000228881836,7.085000038146973,6.71999979019165,6.989999771118164,1140500,0.0,0.0
2023-03-16 00:00:00-04:00,6.840000152587891,7.099999904632568,6.820000171661377,7.059999942779541,816900,0.0,0.0
2023-03-17 00:00:00-04:00,6.949999809265137,7.025000095367432,6.619999885559082,6.659999847412109,1613600,0.0,0.0
2023-03-20 00:00:00-04:00,6.71999979019165,6.889999866485596,6.659999847412109,6.71999979019165,851700,0.0,0.0
2023-03-21 00:00:00-04:00,6.869999885559082,6.929999828338623,6.789999961853027,6.860000133514404,721000,0.0,0.0
2023-03-22 00:00:00-04:00,6.840000152587891,6.840000152587891,6.489999771118164,6.5,936400,0.0,0.0
2023-03-23 00:00:00-04:00,6.550000190734863,6.695000171661377,6.420000076293945,6.449999809265137,967900,0.0,0.0
2023-03-24 00:00:00-04:00,6.409999847412109,6.494999885559082,6.28000020980835,6.46999979019165,1061000,0.0,0.0
2023-03-27 00:00:00-04:00,6.559999942779541,6.590000152587891,6.434999942779541,6.5,760500,0.0,0.0
2023-03-28 00:00:00-04:00,6.440000057220459,6.614999771118164,6.409999847412109,6.460000038146973,714600,0.0,0.0
2023-03-29 00:00:00-04:00,6.760000228881836,7.005000114440918,6.690000057220459,6.989999771118164,1723000,0.0,0.0
2023-03-30 00:00:00-04:00,7.070000171661377,7.130000114440918,6.920000076293945,6.949999809265137,797400,0.0,0.0
2023-03-31 00:00:00-04:00,6.980000019073486,7.090000152587891,6.949999809265137,7.079999923706055,1121900,0.0,0.0
2023-04-03 00:00:00-04:00,7.079999923706055,7.135000228881836,6.974999904632568,7.079999923706055,958400,0.0,0.0
2023-04-04 00:00:00-04:00,7.079999923706055,7.079999923706055,6.820000171661377,7.019999980926514,1153900,0.0,0.0
2023-04-05 00:00:00-04:00,6.989999771118164,7.019999980926514,6.889999866485596,7.019999980926514,1080500,0.0,0.0
2023-04-06 00:00:00-04:00,7.03000020980835,7.139999866485596,6.949999809265137,7.119999885559082,1088600,0.0,0.0
2023-04-10 00:00:00-04:00,6.949999809265137,6.949999809265137,6.585000038146973,6.760000228881836,2217700,0.0,0.0
2023-04-11 00:00:00-04:00,6.75,6.817999839782715,6.679999828338623,6.710000038146973,1058100,0.0,0.0
2023-04-12 00:00:00-04:00,6.820000171661377,6.829999923706055,6.5,6.519999980926514,764700,0.0,0.0
2023-04-13 00:00:00-04:00,6.550000190734863,6.659999847412109,6.485000133514404,6.570000171661377,676900,0.0,0.0
2023-04-14 00:00:00-04:00,6.579999923706055,6.659999847412109,6.309999942779541,6.429999828338623,791900,0.0,0.0
2023-04-17 00:00:00-04:00,6.400000095367432,6.574999809265137,6.349999904632568,6.559999942779541,647300,0.0,0.0
2023-04-18 00:00:00-04:00,6.570000171661377,6.579999923706055,6.349999904632568,6.409999847412109,989700,0.0,0.0
2023-04-19 00:00:00-04:00,6.389999866485596,6.510000228881836,6.355000019073486,6.420000076293945,866300,0.0,0.0
2023-04-20 00:00:00-04:00,6.360000133514404,6.389999866485596,6.239999771118164,6.349999904632568,778000,0.0,0.0
2023-04-21 00:00:00-04:00,6.340000152587891,6.389999866485596,6.269999980926514,6.329999923706055,626300,0.0,0.0
2023-04-24 00:00:00-04:00,6.320000171661377,6.320000171661377,6.150000095367432,6.239999771118164,681400,0.0,0.0
2023-04-25 00:00:00-04:00,6.150000095367432,6.170000076293945,5.994999885559082,6.039999961853027,499800,0.0,0.0
2023-04-26 00:00:00-04:00,6.010000228881836,6.0920000076293945,5.900000095367432,5.940000057220459,631200,0.0,0.0
2023-04-27 00:00:00-04:00,5.980000019073486,6.25,5.980000019073486,6.190000057220459,674600,0.0,0.0
2023-04-28 00:00:00-04:00,6.179999828338623,6.429999828338623,6.119999885559082,6.340000152587891,675300,0.0,0.0
2023-05-01 00:00:00-04:00,6.320000171661377,6.449999809265137,6.269999980926514,6.349999904632568,619900,0.0,0.0
2023-05-02 00:00:00-04:00,6.28000020980835,6.300000190734863,5.96999979019165,6.070000171661377,831300,0.0,0.0
2023-05-03 00:00:00-04:00,6.099999904632568,6.204999923706055,5.994999885559082,6.019999980926514,794100,0.0,0.0
2023-05-04 00:00:00-04:00,5.949999809265137,6.005000114440918,5.849999904632568,5.909999847412109,1159700,0.0,0.0
2023-05-05 00:00:00-04:00,6.340000152587891,6.340000152587891,5.75,5.849999904632568,1297300,0.0,0.0
2023-05-08 00:00:00-04:00,5.820000171661377,5.849999904632568,5.320000171661377,5.389999866485596,1852700,0.0,0.0
2023-05-09 00:00:00-04:00,5.309999942779541,5.309999942779541,5.065000057220459,5.179999828338623,1309500,0.0,0.0
2023-05-10 00:00:00-04:00,5.269999980926514,5.269999980926514,5.144999980926514,5.230000019073486,857200,0.0,0.0
2023-05-11 00:00:00-04:00,5.170000076293945,5.349999904632568,5.079999923706055,5.269999980926514,1207500,0.0,0.0
2023-05-12 00:00:00-04:00,5.269999980926514,5.409999847412109,5.199999809265137,5.400000095367432,1305700,0.0,0.0
2023-05-15 00:00:00-04:00,5.420000076293945,5.539999961853027,5.369999885559082,5.519999980926514,829900,0.0,0.0
2023-05-16 00:00:00-04:00,5.46999979019165,5.630000114440918,5.389999866485596,5.550000190734863,1016300,0.0,0.0
2023-05-17 00:00:00-04:00,5.599999904632568,5.789999961853027,5.519999980926514,5.769999980926514,979600,0.0,0.0
2023-05-18 00:00:00-04:00,5.71999979019165,5.9679999351501465,5.679999828338623,5.900000095367432,1199800,0.0,0.0
2023-05-19 00:00:00-04:00,6.0,6.0,5.754000186920166,5.929999828338623,967800,0.0,0.0
2023-05-22 00:00:00-04:00,5.980000019073486,6.130000114440918,5.894999980926514,6.059999942779541,725900,0.0,0.0
2023-05-23 00:00:00-04:00,6.03000020980835,6.210000038146973,5.949999809265137,5.960000038146973,747600,0.0,0.0
2023-05-24 00:00:00-04:00,5.909999847412109,5.929999828338623,5.670000076293945,5.679999828338623,758500,0.0,0.0
2023-05-25 00:00:00-04:00,5.650000095367432,5.755000114440918,5.510000228881836,5.690000057220459,959400,0.0,0.0
2023-05-26 00:00:00-04:00,5.650000095367432,5.974999904632568,5.650000095367432,5.929999828338623,882600,0.0,0.0
2023-05-30 00:00:00-04:00,5.989999771118164,6.0,5.730000019073486,5.900000095367432,1152200,0.0,0.0
2023-05-31 00:00:00-04:00,5.860000133514404,5.880000114440918,5.650000095367432,5.71999979019165,1497800,0.0,0.0
2023-06-01 00:00:00-04:00,5.730000019073486,5.800000190734863,5.630000114440918,5.769999980926514,581700,0.0,0.0
2023-06-02 00:00:00-04:00,5.900000095367432,6.059999942779541,5.900000095367432,6.03000020980835,790300,0.0,0.0
2023-06-05 00:00:00-04:00,6.010000228881836,6.039999961853027,5.800000190734863,5.829999923706055,559800,0.0,0.0
2023-06-06 00:00:00-04:00,5.849999904632568,6.304999828338623,5.800000190734863,6.25,1158200,0.0,0.0
2023-06-07 00:00:00-04:00,6.340000152587891,6.71999979019165,6.340000152587891,6.679999828338623,1272400,0.0,0.0
2023-06-08 00:00:00-04:00,6.630000114440918,6.730000019073486,6.5,6.699999809265137,871900,0.0,0.0
2023-06-09 00:00:00-04:00,6.690000057220459,6.75,6.570000171661377,6.670000076293945,724700,0.0,0.0
2023-06-12 00:00:00-04:00,6.650000095367432,6.710000038146973,6.420000076293945,6.630000114440918,505500,0.0,0.0
2023-06-13 00:00:00-04:00,6.650000095367432,6.788000106811523,6.610000133514404,6.710000038146973,674400,0.0,0.0
2023-06-14 00:00:00-04:00,6.710000038146973,6.795000076293945,6.494999885559082,6.53000020980835,652800,0.0,0.0
2023-06-15 00:00:00-04:00,6.480000019073486,6.485000133514404,6.369999885559082,6.440000057220459,778200,0.0,0.0
2023-06-16 00:00:00-04:00,6.510000228881836,6.590000152587891,6.269999980926514,6.320000171661377,1221000,0.0,0.0
2023-06-20 00:00:00-04:00,6.28000020980835,6.28000020980835,6.03000020980835,6.050000190734863,699200,0.0,0.0
2023-06-21 00:00:00-04:00,5.989999771118164,6.144999980926514,5.90500020980835,6.119999885559082,788400,0.0,0.0
2023-06-22 00:00:00-04:00,6.059999942779541,6.105000019073486,5.894999980926514,6.059999942779541,771800,0.0,0.0
2023-06-23 00:00:00-04:00,5.940000057220459,5.949999809265137,5.815000057220459,5.889999866485596,1610600,0.0,0.0
2023-06-26 00:00:00-04:00,5.920000076293945,6.179999828338623,5.920000076293945,6.039999961853027,807400,0.0,0.0
2023-06-27 00:00:00-04:00,6.050000190734863,6.204999923706055,5.960000038146973,6.159999847412109,661900,0.0,0.0
2023-06-28 00:00:00-04:00,6.130000114440918,6.159999847412109,5.9120001792907715,6.150000095367432,670400,0.0,0.0
2023-06-29 00:00:00-04:00,6.150000095367432,6.429999828338623,6.130000114440918,6.400000095367432,715500,0.0,0.0
2023-06-30 00:00:00-04:00,6.46999979019165,6.46999979019165,6.144999980926514,6.21999979019165,1091200,0.0,0.0
2023-07-03 00:00:00-04:00,6.179999828338623,6.360000133514404,6.156000137329102,6.349999904632568,328300,0.0,0.0
2023-07-05 00:00:00-04:00,6.28000020980835,6.320000171661377,6.130000114440918,6.210000038146973,506200,0.0,0.0
2023-07-06 00:00:00-04:00,6.090000152587891,6.114999771118164,6.005000114440918,6.079999923706055,344100,0.0,0.0
2023-07-07 00:00:00-04:00,6.099999904632568,6.28000020980835,6.099999904632568,6.239999771118164,766400,0.0,0.0
2023-07-10 00:00:00-04:00,6.190000057220459,6.389999866485596,6.179999828338623,6.329999923706055,610200,0.0,0.0
2023-07-11 00:00:00-04:00,6.389999866485596,6.75,6.385000228881836,6.730000019073486,799500,0.0,0.0
2023-07-12 00:00:00-04:00,6.909999847412109,7.014999866485596,6.829999923706055,6.949999809265137,699500,0.0,0.0
2023-07-13 00:00:00-04:00,6.980000019073486,7.195000171661377,6.940000057220459,7.119999885559082,602300,0.0,0.0
2023-07-14 00:00:00-04:00,7.070000171661377,7.070000171661377,6.869999885559082,6.96999979019165,575600,0.0,0.0
2023-07-17 00:00:00-04:00,6.980000019073486,7.034999847412109,6.880000114440918,7.0,437500,0.0,0.0
2023-07-18 00:00:00-04:00,7.0,7.239999771118164,6.949999809265137,7.179999828338623,638400,0.0,0.0
2023-07-19 00:00:00-04:00,7.25,7.309999942779541,7.125,7.260000228881836,584100,0.0,0.0
2023-07-20 00:00:00-04:00,7.25,7.25,6.96999979019165,6.989999771118164,878600,0.0,0.0
2023-07-21 00:00:00-04:00,7.059999942779541,7.059999942779541,6.829999923706055,6.840000152587891,649800,0.0,0.0
2023-07-24 00:00:00-04:00,6.880000114440918,7.050000190734863,6.860000133514404,6.909999847412109,661800,0.0,0.0
2023-07-25 00:00:00-04:00,6.889999866485596,7.070000171661377,6.820000171661377,6.920000076293945,497300,0.0,0.0
2023-07-26 00:00:00-04:00,6.900000095367432,7.159999847412109,6.900000095367432,7.079999923706055,475800,0.0,0.0
2023-07-27 00:00:00-04:00,7.159999847412109,7.159999847412109,6.78000020980835,6.820000171661377,738100,0.0,0.0
2023-07-28 00:00:00-04:00,6.610000133514404,6.860000133514404,6.34499979019165,6.800000190734863,1457800,0.0,0.0
2023-07-31 00:00:00-04:00,6.789999961853027,6.929999828338623,6.760000228881836,6.920000076293945,943600,0.0,0.0
2023-08-01 00:00:00-04:00,6.889999866485596,6.965000152587891,6.590000152587891,6.949999809265137,869000,0.0,0.0
2023-08-02 00:00:00-04:00,6.849999904632568,7.539999961853027,6.800000190734863,7.519999980926514,2158000,0.0,0.0
2023-08-03 00:00:00-04:00,7.5,7.670000076293945,7.400000095367432,7.599999904632568,1503300,0.0,0.0
2023-08-04 00:00:00-04:00,7.570000171661377,7.804999828338623,7.429999828338623,7.760000228881836,988500,0.0,0.0
2023-08-07 00:00:00-04:00,7.769999980926514,7.909999847412109,7.605000019073486,7.880000114440918,738400,0.0,0.0
2023-08-08 00:00:00-04:00,7.690000057220459,7.909999847412109,7.539999961853027,7.889999866485596,976000,0.0,0.0
2023-08-09 00:00:00-04:00,7.880000114440918,7.880000114440918,7.644999980926514,7.710000038146973,923700,0.0,0.0
2023-08-10 00:00:00-04:00,7.800000190734863,7.835000038146973,7.659999847412109,7.699999809265137,642200,0.0,0.0
2023-08-11 00:00:00-04:00,7.579999923706055,7.690000057220459,7.559999942779541,7.659999847412109,632600,0.0,0.0
2023-08-14 00:00:00-04:00,7.559999942779541,7.619999885559082,7.414999961853027,7.46999979019165,791600,0.0,0.0
2023-08-15 00:00:00-04:00,7.309999942779541,7.375,7.204999923706055,7.25,717500,0.0,0.0
2023-08-16 00:00:00-04:00,7.190000057220459,7.28000020980835,6.860000133514404,6.940000057220459,746400,0.0,0.0
2023-08-17 00:00:00-04:00,6.960000038146973,7.010000228881836,6.855000019073486,6.900000095367432,773300,0.0,0.0
2023-08-18 00:00:00-04:00,6.78000020980835,6.929999828338623,6.744999885559082,6.889999866485596,540100,0.0,0.0
2023-08-21 00:00:00-04:00,6.869999885559082,6.900000095367432,6.650000095367432,6.739999771118164,655000,0.0,0.0
2023-08-22 00:00:00-04:00,6.78000020980835,6.804999828338623,6.639999866485596,6.650000095367432,630600,0.0,0.0
2023-08-23 00:00:00-04:00,6.639999866485596,6.730000019073486,6.570000171661377,6.730000019073486,701500,0.0,0.0
2023-08-24 00:00:00-04:00,6.699999809265137,6.795000076293945,6.650000095367432,6.769999980926514,626300,0.0,0.0
2023-08-25 00:00:00-04:00,6.769999980926514,6.820000171661377,6.570000171661377,6.590000152587891,492400,0.0,0.0
2023-08-28 00:00:00-04:00,6.619999885559082,6.864999771118164,6.599999904632568,6.800000190734863,590900,0.0,0.0
2023-08-29 00:00:00-04:00,6.789999961853027,6.96999979019165,6.730000019073486,6.96999979019165,686400,0.0,0.0
2023-08-30 00:00:00-04:00,6.949999809265137,7.230000019073486,6.869999885559082,7.150000095367432,1106600,0.0,0.0
2023-08-31 00:00:00-04:00,7.150000095367432,7.204999923706055,7.054999828338623,7.090000152587891,622000,0.0,0.0
2023-09-01 00:00:00-04:00,7.139999866485596,7.25,7.139999866485596,7.230000019073486,510700,0.0,0.0
2023-09-05 00:00:00-04:00,7.150000095367432,7.230000019073486,7.019999980926514,7.110000133514404,568800,0.0,0.0
2023-09-06 00:00:00-04:00,7.139999866485596,7.21999979019165,6.900000095367432,7.010000228881836,621400,0.0,0.0
2023-09-07 00:00:00-04:00,6.96999979019165,6.989999771118164,6.829999923706055,6.900000095367432,828200,0.0,0.0
2023-09-08 00:00:00-04:00,6.909999847412109,7.059999942779541,6.829999923706055,7.019999980926514,652900,0.0,0.0
2023-09-11 00:00:00-04:00,7.099999904632568,7.139999866485596,7.045000076293945,7.090000152587891,651200,0.0,0.0
2023-09-12 00:00:00-04:00,7.070000171661377,7.244999885559082,7.070000171661377,7.139999866485596,606900,0.0,0.0
2023-09-13 00:00:00-04:00,7.150000095367432,7.150000095367432,6.565000057220459,6.610000133514404,973900,0.0,0.0
2023-09-14 00:00:00-04:00,6.699999809265137,6.90500020980835,6.550000190734863,6.875,782300,0.0,0.0
2023-09-15 00:00:00-04:00,6.880000114440918,6.889999866485596,6.730000019073486,6.820000171661377,1213500,0.0,0.0
2023-09-18 00:00:00-04:00,6.800000190734863,6.894999980926514,6.724999904632568,6.730000019073486,791400,0.0,0.0
2023-09-19 00:00:00-04:00,6.75,6.889999866485596,6.710000038146973,6.820000171661377,737100,0.0,0.0
2023-09-20 00:00:00-04:00,6.880000114440918,6.96999979019165,6.739999771118164,6.769999980926514,608100,0.0,0.0
2023-09-21 00:00:00-04:00,6.739999771118164,6.739999771118164,6.460000038146973,6.480000019073486,932600,0.0,0.0
2023-09-22 00:00:00-04:00,6.480000019073486,6.590000152587891,6.429999828338623,6.489999771118164,698800,0.0,0.0
2023-09-25 00:00:00-04:00,6.460000038146973,6.59499979019165,6.449999809265137,6.570000171661377,613900,0.0,0.0
2023-09-26 00:00:00-04:00,6.440000057220459,6.545000076293945,6.320000171661377,6.380000114440918,816800,0.0,0.0
2023-09-27 00:00:00-04:00,6.409999847412109,6.5,6.170000076293945,6.260000228881836,1154900,0.0,0.0
2023-09-28 00:00:00-04:00,6.269999980926514,6.380000114440918,6.204999923706055,6.289999961853027,1095100,0.0,0.0
2023-09-29 00:00:00-04:00,6.349999904632568,6.489999771118164,6.25,6.429999828338623,959000,0.0,0.0
2023-10-02 00:00:00-04:00,6.429999828338623,6.429999828338623,6.159999847412109,6.230000019073486,665800,0.0,0.0
2023-10-03 00:00:00-04:00,6.059999942779541,6.060999870300293,5.599999904632568,5.860000133514404,1359200,0.0,0.0
2023-10-04 00:00:00-04:00,5.579999923706055,5.880000114440918,5.579999923706055,5.829999923706055,2137100,0.0,0.0
2023-10-05 00:00:00-04:00,5.800000190734863,5.920000076293945,5.735000133514404,5.889999866485596,1325000,0.0,0.0
2023-10-06 00:00:00-04:00,5.849999904632568,5.929999828338623,5.730000019073486,5.889999866485596,1928900,0.0,0.0
2023-10-09 00:00:00-04:00,5.829999923706055,6.070000171661377,5.7820000648498535,6.039999961853027,880900,0.0,0.0
2023-10-10 00:00:00-04:00,6.050000190734863,6.179999828338623,5.988999843597412,6.139999866485596,753800,0.0,0.0
2023-10-11 00:00:00-04:00,6.199999809265137,6.320000171661377,6.110000133514404,6.309999942779541,984900,0.0,0.0
2023-10-12 00:00:00-04:00,6.309999942779541,6.309999942779541,5.949999809265137,6.010000228881836,967600,0.0,0.0
2023-10-13 00:00:00-04:00,6.090000152587891,6.090000152587891,5.760000228881836,5.829999923706055,906400,0.0,0.0
2023-10-16 00:00:00-04:00,5.929999828338623,6.090000152587891,5.800000190734863,5.829999923706055,1294800,0.0,0.0
2023-10-17 00:00:00-04:00,5.75,5.96999979019165,5.739999771118164,5.840000152587891,1538100,0.0,0.0
2023-10-18 00:00:00-04:00,5.730000019073486,5.78000020980835,5.489999771118164,5.550000190734863,980400,0.0,0.0
2023-10-19 00:00:00-04:00,5.550000190734863,5.630000114440918,5.389999866485596,5.400000095367432,803600,0.0,0.0
2023-10-20 00:00:00-04:00,5.429999828338623,5.489999771118164,5.269999980926514,5.28000020980835,911600,0.0,0.0
2023-10-23 00:00:00-04:00,5.21999979019165,5.414999961853027,5.210000038146973,5.269999980926514,724700,0.0,0.0
2023-10-24 00:00:00-04:00,5.320000171661377,5.400000095367432,5.215000152587891,5.289999961853027,807500,0.0,0.0
2023-10-25 00:00:00-04:00,5.210000038146973,5.300000190734863,5.085000038146973,5.260000228881836,1080400,0.0,0.0
2023-10-26 00:00:00-04:00,5.260000228881836,5.510000228881836,5.25,5.460000038146973,926400,0.0,0.0
2023-10-27 00:00:00-04:00,5.460000038146973,5.519999980926514,5.380000114440918,5.440000057220459,1212700,0.0,0.0
2023-10-30 00:00:00-04:00,5.510000228881836,5.619999885559082,5.429999828338623,5.550000190734863,1088500,0.0,0.0
2023-10-31 00:00:00-04:00,5.579999923706055,5.695000171661377,5.519999980926514,5.670000076293945,1284500,0.0,0.0
2023-11-01 00:00:00-04:00,5.949999809265137,6.519999980926514,5.869999885559082,6.510000228881836,2589200,0.0,0.0
2023-11-02 00:00:00-04:00,6.630000114440918,6.840000152587891,6.514999866485596,6.809999942779541,1581300,0.0,0.0
2023-11-03 00:00:00-04:00,6.980000019073486,7.585000038146973,6.880000114440918,7.519999980926514,1657400,0.0,0.0
2023-11-06 00:00:00-05:00,7.5,7.510000228881836,7.079999923706055,7.159999847412109,2117100,0.0,0.0
2023-11-07 00:00:00-05:00,7.099999904632568,7.159999847412109,6.909999847412109,7.059999942779541,1132500,0.0,0.0
2023-11-08 00:00:00-05:00,7.110000133514404,7.178999900817871,6.954999923706055,7.03000020980835,899500,0.0,0.0
2023-11-09 00:00:00-05:00,7.059999942779541,7.059999942779541,6.789999961853027,6.820000171661377,644000,0.0,0.0
2023-11-10 00:00:00-05:00,6.860000133514404,6.929999828338623,6.789999961853027,6.820000171661377,798300,0.0,0.0
2023-11-13 00:00:00-05:00,6.75,6.855000019073486,6.639999866485596,6.800000190734863,594600,0.0,0.0
2023-11-14 00:00:00-05:00,7.239999771118164,7.730000019073486,7.179999828338623,7.639999866485596,1346800,0.0,0.0
2023-11-15 00:00:00-05:00,7.579999923706055,7.869999885559082,7.579999923706055,7.789999961853027,1049400,0.0,0.0
2023-11-16 00:00:00-05:00,7.760000228881836,7.793000221252441,7.644999980926514,7.699999809265137,820200,0.0,0.0
2023-11-17 00:00:00-05:00,7.800000190734863,7.84499979019165,7.679999828338623,7.829999923706055,876900,0.0,0.0
2023-11-20 00:00:00-05:00,7.800000190734863,7.900000095367432,7.63100004196167,7.840000152587891,859700,0.0,0.0
2023-11-21 00:00:00-05:00,7.800000190734863,7.860000133514404,7.710000038146973,7.789999961853027,953300,0.0,0.0
2023-11-22 00:00:00-05:00,7.900000095367432,7.999000072479248,7.789999961853027,7.920000076293945,922900,0.0,0.0
2023-11-24 00:00:00-05:00,7.889999866485596,7.960000038146973,7.71999979019165,7.909999847412109,320600,0.0,0.0
2023-11-27 00:00:00-05:00,7.840000152587891,7.96999979019165,7.730000019073486,7.900000095367432,859500,0.0,0.0
2023-11-28 00:00:00-05:00,7.880000114440918,8.020000457763672,7.800000190734863,8.0,1094000,0.0,0.0
2023-11-29 00:00:00-05:00,8.149999618530273,8.414999961853027,8.149999618530273,8.260000228881836,1093900,0.0,0.0
2023-11-30 00:00:00-05:00,8.260000228881836,8.321000099182129,8.140000343322754,8.229999542236328,1271500,0.0,0.0
2023-12-01 00:00:00-05:00,8.170000076293945,8.4350004196167,8.118000030517578,8.40999984741211,964400,0.0,0.0
2023-12-04 00:00:00-05:00,8.350000381469727,8.529999732971191,8.300000190734863,8.520000457763672,849300,0.0,0.0
2023-12-05 00:00:00-05:00,8.399999618530273,8.449999809265137,8.300000190734863,8.34000015258789,521400,0.0,0.0
2023-12-06 00:00:00-05:00,8.479999542236328,8.5600004196167,8.3100004196167,8.329999923706055,995200,0.0,0.0
2023-12-07 00:00:00-05:00,8.369999885559082,8.529999732971191,8.279999732971191,8.520000457763672,820700,0.0,0.0
2023-12-08 00:00:00-05:00,8.5,8.699999809265137,8.329999923706055,8.680000305175781,837700,0.0,0.0
2023-12-11 00:00:00-05:00,8.65999984741211,8.824999809265137,8.539999961853027,8.739999771118164,677500,0.0,0.0
2023-12-12 00:00:00-05:00,8.710000038146973,8.8149995803833,8.619999885559082,8.75,589500,0.0,0.0
2023-12-13 00:00:00-05:00,8.800000190734863,9.354999542236328,8.649999618530273,9.3100004196167,1115400,0.0,0.0
2023-12-14 00:00:00-05:00,9.569999694824219,10.095000267028809,9.569999694824219,9.989999771118164,1938200,0.0,0.0
2023-12-15 00:00:00-05:00,10.029999732971191,10.149999618530273,9.619999885559082,9.920000076293945,1822200,0.0,0.0
2023-12-18 00:00:00-05:00,9.960000038146973,10.111000061035156,9.720000267028809,9.970000267028809,1192900,0.0,0.0
2023-12-19 00:00:00-05:00,10.069999694824219,10.210000038146973,9.991000175476074,10.069999694824219,798800,0.0,0.0
2023-12-20 00:00:00-05:00,10.430000305175781,10.670000076293945,10.180000305175781,10.199999809265137,2299700,0.0,0.0
2023-12-21 00:00:00-05:00,10.380000114440918,10.550000190734863,10.260000228881836,10.380000114440918,1077400,0.0,0.0
2023-12-22 00:00:00-05:00,10.489999771118164,10.5,10.289999961853027,10.449999809265137,1486900,0.0,0.0
2023-12-26 00:00:00-05:00,10.520000457763672,10.949999809265137,10.34000015258789,10.899999618530273,1167200,0.0,0.0
2023-12-27 00:00:00-05:00,10.949999809265137,11.170000076293945,10.850000381469727,11.130000114440918,779800,0.0,0.0
2023-12-28 00:00:00-05:00,11.0600004196167,11.22599983215332,11.029999732971191,11.050000190734863,618400,0.0,0.0
2023-12-29 00:00:00-05:00,10.979999542236328,11.119999885559082,10.883999824523926,10.960000038146973,742600,0.0,0.0
2024-01-02 00:00:00-05:00,10.770000457763672,11.098999977111816,10.60099983215332,10.850000381469727,829500,0.0,0.0
2024-01-03 00:00:00-05:00,10.670000076293945,10.670000076293945,10.295000076293945,10.359999656677246,1096500,0.0,0.0
2024-01-04 00:00:00-05:00,10.380000114440918,10.390000343322754,10.170000076293945,10.270000457763672,1011200,0.0,0.0
2024-01-05 00:00:00-05:00,10.210000038146973,10.449999809265137,10.0600004196167,10.130000114440918,1323800,0.0,0.0
2024-01-08 00:00:00-05:00,10.140000343322754,10.420000076293945,10.100000381469727,10.3100004196167,1695200,0.0,0.0
2024-01-09 00:00:00-05:00,10.149999618530273,10.289999961853027,9.949999809265137,9.979999542236328,1873400,0.0,0.0
2024-01-10 00:00:00-05:00,9.930000305175781,10.100000381469727,9.84000015258789,10.0,988500,0.0,0.0
2024-01-11 00:00:00-05:00,9.90999984741211,9.970000267028809,9.6899995803833,9.75,1094100,0.0,0.0
2024-01-12 00:00:00-05:00,10.0,10.039999961853027,9.640000343322754,9.699999809265137,1040900,0.0,0.0
2024-01-16 00:00:00-05:00,9.449999809265137,9.600000381469727,9.420000076293945,9.59000015258789,843000,0.0,0.0
2024-01-17 00:00:00-05:00,9.390000343322754,9.579999923706055,9.220000267028809,9.539999961853027,543500,0.0,0.0
2024-01-18 00:00:00-05:00,9.630000114440918,9.739999771118164,9.449999809265137,9.609999656677246,894300,0.0,0.0
2024-01-19 00:00:00-05:00,9.680000305175781,9.760000228881836,9.5,9.739999771118164,596900,0.0,0.0
2024-01-22 00:00:00-05:00,9.930000305175781,10.369999885559082,9.920000076293945,10.329999923706055,1087800,0.0,0.0
2024-01-23 00:00:00-05:00,10.430000305175781,10.569999694824219,10.199999809265137,10.229999542236328,911700,0.0,0.0
2024-01-24 00:00:00-05:00,10.460000038146973,10.479999542236328,10.15999984741211,10.199999809265137,669600,0.0,0.0
2024-01-25 00:00:00-05:00,10.460000038146973,10.529999732971191,10.220000267028809,10.279999732971191,811100,0.0,0.0
2024-01-26 00:00:00-05:00,10.4399995803833,10.5600004196167,10.319999694824219,10.399999618530273,983400,0.0,0.0
2024-01-29 00:00:00-05:00,10.369999885559082,10.489999771118164,10.277999877929688,10.479999542236328,891700,0.0,0.0
2024-01-30 00:00:00-05:00,10.380000114440918,10.475000381469727,10.279999732971191,10.390000343322754,771500,0.0,0.0
2024-01-31 00:00:00-05:00,10.3100004196167,10.710000038146973,10.130000114440918,10.149999618530273,1306700,0.0,0.0
2024-02-01 00:00:00-05:00,10.199999809265137,10.430000305175781,9.970000267028809,10.380000114440918,711900,0.0,0.0
2024-02-02 00:00:00-05:00,10.149999618530273,10.234999656677246,9.989999771118164,10.140000343322754,692300,0.0,0.0
2024-02-05 00:00:00-05:00,9.960000038146973,10.059000015258789,9.760000228881836,9.930000305175781,684100,0.0,0.0
2024-02-06 00:00:00-05:00,9.930000305175781,10.069999694824219,9.755000114440918,9.970000267028809,815500,0.0,0.0
2024-02-07 00:00:00-05:00,9.989999771118164,9.989999771118164,9.739999771118164,9.930000305175781,598400,0.0,0.0
2024-02-08 00:00:00-05:00,9.9399995803833,10.539999961853027,9.875,10.489999771118164,869200,0.0,0.0
2024-02-09 00:00:00-05:00,10.510000228881836,10.579999923706055,10.229999542236328,10.529999732971191,944200,0.0,0.0
2024-02-12 00:00:00-05:00,10.600000381469727,10.770000457763672,10.539999961853027,10.680000305175781,915800,0.0,0.0
2024-02-13 00:00:00-05:00,10.100000381469727,10.1899995803833,9.739999771118164,9.899999618530273,1135100,0.0,0.0
2024-02-14 00:00:00-05:00,10.069999694824219,10.569999694824219,10.020000457763672,10.529999732971191,1056800,0.0,0.0
2024-02-15 00:00:00-05:00,10.75,11.109999656677246,10.75,11.010000228881836,1895600,0.0,0.0
2024-02-16 00:00:00-05:00,10.8100004196167,11.024999618530273,10.597999572753906,10.890000343322754,1013200,0.0,0.0
2024-02-20 00:00:00-05:00,10.59000015258789,10.760000228881836,10.550000190734863,10.65999984741211,663300,0.0,0.0
2024-02-21 00:00:00-05:00,10.640000343322754,10.680000305175781,10.3149995803833,10.390000343322754,1225500,0.0,0.0
2024-02-22 00:00:00-05:00,11.0,11.354999542236328,10.53600025177002,10.869999885559082,3124900,0.0,0.0
2024-02-23 00:00:00-05:00,10.600000381469727,10.729999542236328,10.170000076293945,10.289999961853027,1857100,0.0,0.0
2024-02-26 00:00:00-05:00,10.25,10.609999656677246,10.199999809265137,10.510000228881836,1271100,0.0,0.0
2024-02-27 00:00:00-05:00,10.609999656677246,10.84000015258789,10.5649995803833,10.770000457763672,1146000,0.0,0.0
2024-02-28 00:00:00-05:00,10.569999694824219,10.739999771118164,10.4399995803833,10.479999542236328,1302800,0.0,0.0
2024-02-29 00:00:00-05:00,10.760000228881836,10.875,10.635000228881836,10.789999961853027,1555800,0.0,0.0
2024-03-01 00:00:00-05:00,10.90999984741211,10.960000038146973,10.720000267028809,10.760000228881836,951200,0.0,0.0
2024-03-04 00:00:00-05:00,10.760000228881836,11.180000305175781,10.729999542236328,11.0,1420400,0.0,0.0
2024-03-05 00:00:00-05:00,10.890000343322754,10.989999771118164,10.59000015258789,10.800000190734863,1060600,0.0,0.0
2024-03-06 00:00:00-05:00,10.960000038146973,11.09000015258789,10.649999618530273,10.670000076293945,1091300,0.0,0.0
2024-03-07 00:00:00-05:00,10.789999961853027,10.890000343322754,10.725000381469727,10.829999923706055,995400,0.0,0.0
2024-03-08 00:00:00-05:00,11.0,11.300000190734863,10.640000343322754,10.800000190734863,1486100,0.0,0.0
2024-03-11 00:00:00-04:00,10.760000228881836,10.84000015258789,10.364999771118164,10.630000114440918,1065000,0.0,0.0
2024-03-12 00:00:00-04:00,10.550000190734863,10.789999961853027,10.40999984741211,10.75,1041400,0.0,0.0
2024-03-13 00:00:00-04:00,10.720000267028809,10.930000305175781,10.640000343322754,10.680000305175781,651800,0.0,0.0
2024-03-14 00:00:00-04:00,10.600000381469727,10.779999732971191,10.4350004196167,10.739999771118164,1373500,0.0,0.0
2024-03-15 00:00:00-04:00,10.670000076293945,10.829999923706055,10.470000267028809,10.569999694824219,2127900,0.0,0.0
2024-03-18 00:00:00-04:00,10.539999961853027,10.619999885559082,10.430000305175781,10.479999542236328,737600,0.0,0.0
2024-03-19 00:00:00-04:00,10.449999809265137,10.845000267028809,10.449999809265137,10.729999542236328,865700,0.0,0.0
2024-03-20 00:00:00-04:00,10.640000343322754,11.220000267028809,10.460000038146973,11.0600004196167,1016500,0.0,0.0
2024-03-21 00:00:00-04:00,11.210000038146973,11.390000343322754,11.0600004196167,11.329999923706055,1365300,0.0,0.0
2024-03-22 00:00:00-04:00,11.300000190734863,11.324999809265137,10.829999923706055,10.920000076293945,1254600,0.0,0.0
2024-03-25 00:00:00-04:00,10.989999771118164,11.020000457763672,10.800999641418457,10.84000015258789,686000,0.0,0.0
2024-03-26 00:00:00-04:00,10.989999771118164,11.050000190734863,10.869999885559082,10.899999618530273,741100,0.0,0.0
2024-03-27 00:00:00-04:00,10.970000267028809,11.119999885559082,10.954999923706055,11.079999923706055,681000,0.0,0.0
2024-03-28 00:00:00-04:00,11.149999618530273,11.510000228881836,11.069999694824219,11.09000015258789,1454100,0.0,0.0
2024-04-01 00:00:00-04:00,11.09000015258789,11.09000015258789,10.739999771118164,10.869999885559082,1135600,0.0,0.0
2024-04-02 00:00:00-04:00,10.699999809265137,10.78499984741211,10.539999961853027,10.649999618530273,841200,0.0,0.0
2024-04-03 00:00:00-04:00,10.5,10.869999885559082,10.5,10.770000457763672,607300,0.0,0.0
2024-04-04 00:00:00-04:00,10.970000267028809,11.114999771118164,10.664999961853027,10.699999809265137,640600,0.0,0.0
2024-04-05 00:00:00-04:00,10.59000015258789,11.0,10.59000015258789,10.949999809265137,1440300,0.0,0.0
2024-04-08 00:00:00-04:00,11.010000228881836,11.100000381469727,10.949999809265137,11.039999961853027,741000,0.0,0.0
2024-04-09 00:00:00-04:00,11.039999961853027,11.154999732971191,10.835000038146973,11.050000190734863,749000,0.0,0.0
2024-04-10 00:00:00-04:00,10.640000343322754,10.6899995803833,10.3100004196167,10.510000228881836,922200,0.0,0.0
2024-04-11 00:00:00-04:00,10.550000190734863,10.600000381469727,10.140000343322754,10.369999885559082,963100,0.0,0.0
2024-04-12 00:00:00-04:00,10.289999961853027,10.385000228881836,10.170000076293945,10.270000457763672,518700,0.0,0.0
2024-04-15 00:00:00-04:00,10.300000190734863,10.369999885559082,9.774999618530273,9.800000190734863,1162300,0.0,0.0
2024-04-16 00:00:00-04:00,9.720000267028809,9.729999542236328,9.460000038146973,9.59000015258789,814100,0.0,0.0
2024-04-17 00:00:00-04:00,9.670000076293945,9.720000267028809,9.46500015258789,9.510000228881836,656800,0.0,0.0
2024-04-18 00:00:00-04:00,9.550000190734863,9.798999786376953,9.520000457763672,9.640000343322754,585800,0.0,0.0
2024-04-19 00:00:00-04:00,9.569999694824219,9.725000381469727,9.4399995803833,9.569999694824219,630400,0.0,0.0
2024-04-22 00:00:00-04:00,9.640000343322754,9.6899995803833,9.479999542236328,9.5600004196167,1115100,0.0,0.0
2024-04-23 00:00:00-04:00,9.640000343322754,9.89799976348877,9.550000190734863,9.779999732971191,747800,0.0,0.0
2024-04-24 00:00:00-04:00,9.75,9.800000190734863,9.5600004196167,9.75,845500,0.0,0.0
2024-04-25 00:00:00-04:00,9.510000228881836,9.75,9.449999809265137,9.65999984741211,980100,0.0,0.0
2024-04-26 00:00:00-04:00,9.720000267028809,9.890000343322754,9.579999923706055,9.760000228881836,666200,0.0,0.0
2024-04-29 00:00:00-04:00,9.789999961853027,9.90999984741211,9.75,9.819999694824219,455900,0.0,0.0
2024-04-30 00:00:00-04:00,9.6899995803833,9.805000305175781,9.529999732971191,9.569999694824219,1077400,0.0,0.0
2024-05-01 00:00:00-04:00,9.600000381469727,9.90999984741211,9.510000228881836,9.600000381469727,789600,0.0,0.0
2024-05-02 00:00:00-04:00,9.800000190734863,9.979999542236328,9.680000305175781,9.979999542236328,946300,0.0,0.0
2024-05-03 00:00:00-04:00,10.25,10.399999618530273,9.729999542236328,9.989999771118164,1282200,0.0,0.0
2024-05-06 00:00:00-04:00,10.079999923706055,10.329999923706055,9.930000305175781,10.100000381469727,1005600,0.0,0.0
2024-05-07 00:00:00-04:00,10.199999809265137,10.279999732971191,9.975000381469727,9.989999771118164,3760300,0.0,0.0
2024-05-08 00:00:00-04:00,9.869999885559082,10.0600004196167,9.840999603271484,10.050000190734863,749200,0.0,0.0
2024-05-09 00:00:00-04:00,10.029999732971191,10.3100004196167,10.015000343322754,10.279999732971191,1156300,0.0,0.0
2024-05-10 00:00:00-04:00,10.359999656677246,10.479999542236328,10.109999656677246,10.289999961853027,659200,0.0,0.0
2024-05-13 00:00:00-04:00,10.449999809265137,10.489999771118164,10.039999961853027,10.069999694824219,1126700,0.0,0.0
2024-05-14 00:00:00-04:00,10.25,10.350000381469727,10.130000114440918,10.239999771118164,665200,0.0,0.0
2024-05-15 00:00:00-04:00,10.390000343322754,10.8100004196167,10.3100004196167,10.8100004196167,944300,0.0,0.0
2024-05-16 00:00:00-04:00,10.770000457763672,10.9399995803833,10.510000228881836,10.920000076293945,1350600,0.0,0.0
2024-05-17 00:00:00-04:00,10.979999542236328,11.399999618530273,10.869999885559082,11.220000267028809,2465500,0.0,0.0
2024-05-20 00:00:00-04:00,11.15999984741211,11.170000076293945,10.850000381469727,10.890000343322754,923500,0.0,0.0
2024-05-21 00:00:00-04:00,10.800000190734863,10.869999885559082,10.430000305175781,10.479999542236328,1143100,0.0,0.0
2024-05-22 00:00:00-04:00,10.470000267028809,10.635000228881836,10.420000076293945,10.5,990800,0.0,0.0
2024-05-23 00:00:00-04:00,10.520000457763672,10.590999603271484,10.305000305175781,10.350000381469727,1109000,0.0,0.0
2024-05-24 00:00:00-04:00,10.430000305175781,10.553000450134277,10.270000457763672,10.40999984741211,1175600,0.0,0.0
2024-05-28 00:00:00-04:00,10.5,10.609999656677246,10.069999694824219,10.199999809265137,599800,0.0,0.0
2024-05-29 00:00:00-04:00,9.979999542236328,10.220000267028809,9.920000076293945,10.140000343322754,788800,0.0,0.0
2024-05-30 00:00:00-04:00,10.270000457763672,10.345000267028809,10.079999923706055,10.279999732971191,506300,0.0,0.0
2024-05-31 00:00:00-04:00,10.34000015258789,10.40999984741211,10.170000076293945,10.40999984741211,762600,0.0,0.0
2024-06-03 00:00:00-04:00,10.539999961853027,10.539999961853027,10.079999923706055,10.100000381469727,500500,0.0,0.0
2024-06-04 00:00:00-04:00,9.9399995803833,10.095000267028809,9.84000015258789,10.020000457763672,835100,0.0,0.0
2024-06-05 00:00:00-04:00,10.109999656677246,10.225000381469727,10.039999961853027,10.149999618530273,805000,0.0,0.0
2024-06-06 00:00:00-04:00,10.020000457763672,10.130000114440918,9.824999809265137,10.050000190734863,1517700,0.0,0.0
2024-06-07 00:00:00-04:00,10.0,10.039999961853027,9.859999656677246,9.90999984741211,794200,0.0,0.0
2024-06-10 00:00:00-04:00,9.760000228881836,10.114999771118164,9.710000038146973,10.09000015258789,588700,0.0,0.0
2024-06-11 00:00:00-04:00,9.979999542236328,10.095000267028809,9.829999923706055,10.069999694824219,505000,0.0,0.0
2024-06-12 00:00:00-04:00,10.5600004196167,10.6899995803833,10.234999656677246,10.3100004196167,676200,0.0,0.0
2024-06-13 00:00:00-04:00,10.25,10.279999732971191,9.975000381469727,10.09000015258789,491300,0.0,0.0
2024-06-14 00:00:00-04:00,9.890000343322754,10.140000343322754,9.800000190734863,10.119999885559082,647600,0.0,0.0
2024-06-17 00:00:00-04:00,10.119999885559082,10.199999809265137,9.96500015258789,10.119999885559082,826700,0.0,0.0
2024-06-18 00:00:00-04:00,10.130000114440918,10.210000038146973,10.045000076293945,10.0600004196167,894300,0.0,0.0
2024-06-20 00:00:00-04:00,9.989999771118164,10.149999618530273,9.979999542236328,10.010000228881836,608600,0.0,0.0
2024-06-21 00:00:00-04:00,10.020000457763672,10.100000381469727,9.9350004196167,10.09000015258789,1038300,0.0,0.0
2024-06-24 00:00:00-04:00,10.15999984741211,10.180000305175781,9.869999885559082,9.890000343322754,798400,0.0,0.0
2024-06-25 00:00:00-04:00,9.899999618530273,9.984999656677246,9.699999809265137,9.850000381469727,1243300,0.0,0.0
2024-06-26 00:00:00-04:00,9.739999771118164,9.904999732971191,9.640000343322754,9.859999656677246,1733900,0.0,0.0
2024-06-27 00:00:00-04:00,9.899999618530273,10.079999923706055,9.8100004196167,10.029999732971191,1038900,0.0,0.0
2024-06-28 00:00:00-04:00,10.149999618530273,10.270000457763672,10.079999923706055,10.229999542236328,2531600,0.0,0.0
