Date,Open,High,Low,Close,Volume,Dividends,Stock Splits
2009-08-06 00:00:00-04:00,42.02626419067383,52.532833099365234,42.02626419067383,52.532833099365234,240,0.0,0.0
2009-08-07 00:00:00-04:00,75.04690551757812,135.0844268798828,71.2945556640625,120.0750503540039,10433,0.0,0.0
2009-08-10 00:00:00-04:00,82.92682647705078,97.56097412109375,82.92682647705078,91.55722045898438,37683,0.0,0.0
2009-08-11 00:00:00-04:00,83.7523422241211,120.0750503540039,83.7523422241211,89.380859375,14937,0.0,0.0
2009-08-12 00:00:00-04:00,84.50281524658203,89.98123931884766,79.47467041015625,81.8011245727539,53140,0.0,0.0
2009-08-13 00:00:00-04:00,81.20075225830078,89.6810531616211,80.0,80.0,22146,0.0,0.0
2009-08-14 00:00:00-04:00,80.67542266845703,83.30206298828125,75.1969985961914,75.79737091064453,58936,0.0,0.0
2009-08-17 00:00:00-04:00,77.52345275878906,77.67354583740234,71.5947494506836,77.07317352294922,124189,0.0,0.0
2009-08-18 00:00:00-04:00,77.67354583740234,94.10881805419922,77.07317352294922,94.10881805419922,105507,0.0,0.0
2009-08-19 00:00:00-04:00,91.85741424560547,91.85741424560547,82.55159759521484,87.65478515625,26730,0.0,0.0
2009-08-20 00:00:00-04:00,84.8030014038086,98.23639678955078,84.8030014038086,95.75984954833984,20427,0.0,0.0
2009-08-21 00:00:00-04:00,95.83489990234375,106.7166976928711,94.18386840820312,100.863037109375,28529,0.0,0.0
2009-08-24 00:00:00-04:00,102.06378936767578,107.24202728271484,100.78799438476562,105.36585235595703,44052,0.0,0.0
2009-08-25 00:00:00-04:00,105.44090270996094,111.3696060180664,101.76360321044922,108.89305877685547,15204,0.0,0.0
2009-08-26 00:00:00-04:00,109.4934310913086,109.5684814453125,105.06566619873047,106.56660461425781,25291,0.0,0.0
2009-08-27 00:00:00-04:00,109.5684814453125,109.5684814453125,105.44090270996094,107.5422134399414,23505,0.0,0.0
2009-08-28 00:00:00-04:00,109.34333801269531,109.34333801269531,105.21575927734375,107.99249267578125,10127,0.0,0.0
2009-08-31 00:00:00-04:00,105.29080963134766,109.64352416992188,105.29080963134766,107.69230651855469,13032,0.0,0.0
2009-09-01 00:00:00-04:00,105.06566619873047,108.74296569824219,102.8893051147461,104.24015045166016,21866,0.0,0.0
2009-09-02 00:00:00-04:00,101.9136962890625,105.06566619873047,101.31332397460938,102.06378936767578,22013,0.0,0.0
2009-09-03 00:00:00-04:00,102.28893280029297,102.8893051147461,101.53845977783203,102.36397552490234,10993,0.0,0.0
2009-09-04 00:00:00-04:00,101.61351013183594,105.51594543457031,101.61351013183594,102.21388244628906,5836,0.0,0.0
2009-09-08 00:00:00-04:00,102.6641616821289,102.6641616821289,101.31332397460938,102.21388244628906,14311,0.0,0.0
2009-09-09 00:00:00-04:00,103.48967742919922,103.48967742919922,99.66229248046875,101.9136962890625,32473,0.0,0.0
2009-09-10 00:00:00-04:00,99.8874282836914,102.43902587890625,99.8874282836914,101.8386459350586,23359,0.0,0.0
2009-09-11 00:00:00-04:00,101.23827362060547,103.18949127197266,100.41275787353516,102.6641616821289,10260,0.0,0.0
2009-09-14 00:00:00-04:00,102.28893280029297,102.43902587890625,101.76360321044922,102.06378936767578,14071,0.0,0.0
2009-09-15 00:00:00-04:00,101.61351013183594,103.03939819335938,101.08818054199219,102.51406860351562,8981,0.0,0.0
2009-09-16 00:00:00-04:00,102.28893280029297,103.18949127197266,102.06378936767578,102.73921203613281,7009,0.0,0.0
2009-09-17 00:00:00-04:00,100.26266479492188,104.61538696289062,99.81238555908203,104.39024353027344,7049,0.0,0.0
2009-09-18 00:00:00-04:00,103.78987121582031,106.94184112548828,103.78987121582031,105.06566619873047,13232,0.0,0.0
2009-09-21 00:00:00-04:00,102.96435546875,105.96623229980469,99.66229248046875,105.44090270996094,10527,0.0,0.0
2009-09-22 00:00:00-04:00,107.16697692871094,107.16697692871094,105.36585235595703,106.19136810302734,9141,0.0,0.0
2009-09-23 00:00:00-04:00,105.44090270996094,107.5422134399414,105.44090270996094,106.7166976928711,23039,0.0,0.0
2009-09-24 00:00:00-04:00,104.99061584472656,108.74296569824219,104.54033660888672,105.14071655273438,10953,0.0,0.0
2009-09-25 00:00:00-04:00,105.89118194580078,106.26641845703125,102.36397552490234,105.06566619873047,5503,0.0,0.0
2009-09-28 00:00:00-04:00,103.03939819335938,105.44090270996094,102.81426239013672,104.31520080566406,20800,0.0,0.0
2009-09-29 00:00:00-04:00,105.36585235595703,108.29268646240234,102.96435546875,107.5422134399414,21600,0.0,0.0
2009-09-30 00:00:00-04:00,107.5422134399414,109.4934310913086,107.31707000732422,108.36772918701172,24345,0.0,0.0
2009-10-01 00:00:00-04:00,108.96810150146484,111.14446258544922,108.29268646240234,109.79361724853516,19295,0.0,0.0
2009-10-02 00:00:00-04:00,107.91744995117188,110.5440902709961,107.91744995117188,110.39399719238281,19175,0.0,0.0
2009-10-05 00:00:00-04:00,110.5440902709961,110.619140625,108.66791534423828,109.5684814453125,8635,0.0,0.0
2009-10-06 00:00:00-04:00,109.04315185546875,110.09381103515625,108.81800842285156,109.19324493408203,13192,0.0,0.0
2009-10-07 00:00:00-04:00,107.7673568725586,109.71857452392578,107.7673568725586,109.34333801269531,3664,0.0,0.0
2009-10-08 00:00:00-04:00,109.4934310913086,109.4934310913086,108.517822265625,108.66791534423828,8075,0.0,0.0
2009-10-09 00:00:00-04:00,108.74296569824219,110.39399719238281,108.14258575439453,110.39399719238281,7275,0.0,0.0
2009-10-12 00:00:00-04:00,109.94371795654297,110.16885375976562,108.36772918701172,109.71857452392578,4677,0.0,0.0
2009-10-13 00:00:00-04:00,109.19324493408203,111.5947494506836,108.74296569824219,110.91932678222656,4011,0.0,0.0
2009-10-14 00:00:00-04:00,112.04502868652344,112.04502868652344,109.94371795654297,111.81988525390625,9727,0.0,0.0
2009-10-15 00:00:00-04:00,112.57035827636719,120.82551574707031,112.49530792236328,118.79924774169922,28662,0.0,0.0
2009-10-16 00:00:00-04:00,117.44840240478516,121.0506591796875,116.47279357910156,120.67542266845703,16976,0.0,0.0
2009-10-19 00:00:00-04:00,121.95121765136719,121.95121765136719,119.47467041015625,121.0506591796875,5650,0.0,0.0
2009-10-20 00:00:00-04:00,121.57598876953125,123.7523422241211,119.69981384277344,123.07691955566406,15843,0.0,0.0
2009-10-21 00:00:00-04:00,123.00187683105469,126.75421905517578,123.00187683105469,124.35272216796875,8435,0.0,0.0
2009-10-22 00:00:00-04:00,123.37711334228516,125.47842407226562,122.25140380859375,124.65290832519531,15550,0.0,0.0
2009-10-23 00:00:00-04:00,124.5778579711914,125.25328063964844,123.52720642089844,123.52720642089844,6516,0.0,0.0
2009-10-26 00:00:00-04:00,122.10131072998047,122.70169067382812,119.54972076416016,120.45027923583984,4077,0.0,0.0
2009-10-27 00:00:00-04:00,119.84990692138672,119.84990692138672,111.81988525390625,113.3208236694336,31247,0.0,0.0
2009-10-28 00:00:00-04:00,113.3208236694336,113.92120361328125,109.04315185546875,111.44465637207031,7808,0.0,0.0
2009-10-29 00:00:00-04:00,112.57035827636719,113.02063751220703,109.5684814453125,111.96997833251953,12379,0.0,0.0
2009-10-30 00:00:00-04:00,110.99436950683594,114.97185516357422,109.4934310913086,114.44652557373047,7129,0.0,0.0
2009-11-02 00:00:00-05:00,113.99624633789062,115.87242126464844,109.26829528808594,110.76923370361328,12032,0.0,0.0
2009-11-03 00:00:00-05:00,109.94371795654297,111.96997833251953,108.29268646240234,109.26829528808594,11606,0.0,0.0
2009-11-04 00:00:00-05:00,108.14258575439453,110.76923370361328,106.26641845703125,108.14258575439453,10793,0.0,0.0
2009-11-05 00:00:00-05:00,110.69418334960938,111.96997833251953,107.39212036132812,111.44465637207031,51035,0.0,0.0
2009-11-06 00:00:00-05:00,110.46903991699219,116.02251434326172,108.81800842285156,114.1463394165039,19681,0.0,0.0
2009-11-09 00:00:00-05:00,115.1219482421875,126.22888946533203,115.1219482421875,125.32833099365234,17616,0.0,0.0
2009-11-10 00:00:00-05:00,125.6285171508789,127.27954864501953,113.84615325927734,127.20450592041016,14964,0.0,0.0
2009-11-11 00:00:00-05:00,129.45591735839844,129.6060028076172,125.8536605834961,128.25515747070312,46211,0.0,0.0
2009-11-12 00:00:00-05:00,128.10507202148438,130.95684814453125,127.95497131347656,128.7054443359375,25957,0.0,0.0
2009-11-13 00:00:00-05:00,129.23077392578125,129.90618896484375,124.42776489257812,128.78048706054688,13938,0.0,0.0
2009-11-16 00:00:00-05:00,129.1557159423828,129.756103515625,122.40150451660156,129.6060028076172,16656,0.0,0.0
2009-11-17 00:00:00-05:00,129.83114624023438,129.83114624023438,127.95497131347656,129.5309600830078,7862,0.0,0.0
2009-11-18 00:00:00-05:00,130.50656127929688,130.50656127929688,125.70356750488281,126.6791763305664,7729,0.0,0.0
2009-11-19 00:00:00-05:00,126.97936248779297,127.95497131347656,124.27767181396484,126.75421905517578,10993,0.0,0.0
2009-11-20 00:00:00-05:00,126.6791763305664,128.63040161132812,124.5778579711914,124.5778579711914,4371,0.0,0.0
2009-11-23 00:00:00-05:00,125.17823791503906,126.22888946533203,123.827392578125,123.827392578125,6556,0.0,0.0
2009-11-24 00:00:00-05:00,122.62664031982422,124.95309448242188,122.62664031982422,123.45215606689453,4491,0.0,0.0
2009-11-25 00:00:00-05:00,123.827392578125,124.27767181396484,123.37711334228516,123.45215606689453,12685,0.0,0.0
2009-11-27 00:00:00-05:00,121.0506591796875,128.7054443359375,112.27017211914062,123.07691955566406,19321,0.0,0.0
2009-11-30 00:00:00-05:00,123.00187683105469,123.60224914550781,119.47467041015625,121.12570190429688,21946,0.0,0.0
2009-12-01 00:00:00-05:00,121.35084533691406,121.35084533691406,116.172607421875,117.82363891601562,21440,0.0,0.0
2009-12-02 00:00:00-05:00,117.67354583740234,118.42401123046875,113.24578094482422,115.94746398925781,17203,0.0,0.0
2009-12-03 00:00:00-05:00,115.87242126464844,120.67542266845703,115.4221420288086,118.12382507324219,13618,0.0,0.0
2009-12-04 00:00:00-05:00,118.9493408203125,120.90056610107422,117.82363891601562,118.42401123046875,28489,0.0,0.0
2009-12-07 00:00:00-05:00,118.57411193847656,119.62476348876953,118.1988754272461,118.1988754272461,30901,0.0,0.0
2009-12-08 00:00:00-05:00,117.82363891601562,123.37711334228516,117.82363891601562,122.0262680053711,17536,0.0,0.0
2009-12-09 00:00:00-05:00,122.55159759521484,122.55159759521484,120.82551574707031,121.72608184814453,5983,0.0,0.0
2009-12-10 00:00:00-05:00,122.62664031982422,125.25328063964844,122.47654724121094,124.05253601074219,13472,0.0,0.0
2009-12-11 00:00:00-05:00,124.95309448242188,126.30393981933594,123.45215606689453,125.70356750488281,15270,0.0,0.0
2009-12-14 00:00:00-05:00,126.45403289794922,137.9362030029297,125.40337371826172,137.1857452392578,69703,0.0,0.0
2009-12-15 00:00:00-05:00,137.48593139648438,137.48593139648438,133.58349609375,135.68479919433594,13312,0.0,0.0
2009-12-16 00:00:00-05:00,135.90994262695312,136.28517150878906,132.90806579589844,133.73358154296875,9074,0.0,0.0
2009-12-17 00:00:00-05:00,133.58349609375,137.9362030029297,131.3320770263672,134.2589111328125,9101,0.0,0.0
2009-12-18 00:00:00-05:00,135.45965576171875,137.2607879638672,133.13320922851562,135.3095703125,17802,0.0,0.0
2009-12-21 00:00:00-05:00,136.51031494140625,139.5872344970703,133.58349609375,135.9849853515625,16723,0.0,0.0
2009-12-22 00:00:00-05:00,138.2364044189453,141.98873901367188,136.66041564941406,141.9136962890625,37270,0.0,0.0
2009-12-23 00:00:00-05:00,142.589111328125,145.8911895751953,140.78799438476562,142.43902587890625,14924,0.0,0.0
2009-12-24 00:00:00-05:00,144.16510009765625,147.6172637939453,142.589111328125,144.09005737304688,5410,0.0,0.0
2009-12-28 00:00:00-05:00,146.34146118164062,150.619140625,146.34146118164062,150.09381103515625,52660,0.0,0.0
2009-12-29 00:00:00-05:00,151.4446563720703,159.47467041015625,150.09381103515625,159.1744842529297,23492,0.0,0.0
2009-12-30 00:00:00-05:00,159.1744842529297,160.37522888183594,155.4971923828125,156.62289428710938,22306,0.0,0.0
2009-12-31 00:00:00-05:00,157.52345275878906,165.1031951904297,156.8480224609375,157.52345275878906,38829,0.0,0.0
2010-01-04 00:00:00-05:00,160.2251434326172,164.7279510498047,157.59849548339844,158.9493408203125,46291,0.0,0.0
2010-01-05 00:00:00-05:00,158.7241973876953,164.80300903320312,158.7241973876953,164.7279510498047,89238,0.0,0.0
2010-01-06 00:00:00-05:00,163.9774932861328,175.3095703125,163.9774932861328,174.4090118408203,100710,0.0,0.0
2010-01-07 00:00:00-05:00,173.3583526611328,176.2101287841797,172.60787963867188,175.23452758789062,25318,0.0,0.0
2010-01-08 00:00:00-05:00,174.4090118408203,175.83489990234375,173.88368225097656,175.83489990234375,10607,0.0,0.0
2010-01-11 00:00:00-05:00,177.48593139648438,177.56097412109375,173.4333953857422,176.43527221679688,20174,0.0,0.0
2010-01-12 00:00:00-05:00,176.8105010986328,183.1894989013672,175.0844268798828,178.9868621826172,43666,0.0,0.0
2010-01-13 00:00:00-05:00,180.1876220703125,181.6885528564453,171.10694885253906,172.60787963867188,50622,0.0,0.0
2010-01-14 00:00:00-05:00,171.85740661621094,173.88368225097656,170.13133239746094,171.63226318359375,25611,0.0,0.0
2010-01-15 00:00:00-05:00,171.2570343017578,171.40713500976562,162.101318359375,166.07879638671875,34019,0.0,0.0
2010-01-19 00:00:00-05:00,171.78236389160156,176.06004333496094,168.85552978515625,171.482177734375,60709,0.0,0.0
2010-01-20 00:00:00-05:00,171.3320770263672,176.06004333496094,169.98123168945312,175.60975646972656,19135,0.0,0.0
2010-01-21 00:00:00-05:00,175.90994262695312,176.96060180664062,170.05628967285156,170.80674743652344,23159,0.0,0.0
2010-01-22 00:00:00-05:00,169.98123168945312,170.73170471191406,163.22702026367188,164.6529083251953,30248,0.0,0.0
2010-01-25 00:00:00-05:00,165.85365295410156,169.6060028076172,161.35084533691406,165.17823791503906,8022,0.0,0.0
2010-01-26 00:00:00-05:00,163.52720642089844,168.40525817871094,159.69981384277344,160.45028686523438,18042,0.0,0.0
2010-01-27 00:00:00-05:00,159.39962768554688,161.5009307861328,156.92308044433594,158.57411193847656,35818,0.0,0.0
2010-01-28 00:00:00-05:00,159.8498992919922,168.5553436279297,159.62477111816406,167.5046844482422,37803,0.0,0.0
2010-01-29 00:00:00-05:00,167.35459899902344,174.4840545654297,165.9287109375,172.23265075683594,43240,0.0,0.0
2010-02-01 00:00:00-05:00,172.23265075683594,173.05816650390625,164.12757873535156,171.10694885253906,33326,0.0,0.0
2010-02-02 00:00:00-05:00,171.10694885253906,176.3602294921875,165.62852478027344,174.63414001464844,32113,0.0,0.0
2010-02-03 00:00:00-05:00,176.3602294921875,176.3602294921875,170.80674743652344,173.3583526611328,11566,0.0,0.0
2010-02-04 00:00:00-05:00,172.60787963867188,172.60787963867188,166.07879638671875,167.35459899902344,18522,0.0,0.0
2010-02-05 00:00:00-05:00,169.08067321777344,172.45777893066406,165.62852478027344,169.23077392578125,11979,0.0,0.0
2010-02-08 00:00:00-05:00,168.18011474609375,175.45965576171875,167.35459899902344,167.5046844482422,15963,0.0,0.0
2010-02-09 00:00:00-05:00,168.10507202148438,172.23265075683594,165.9287109375,170.2063751220703,14724,0.0,0.0
2010-02-10 00:00:00-05:00,174.0337677001953,179.8123779296875,172.60787963867188,176.66041564941406,34472,0.0,0.0
2010-02-11 00:00:00-05:00,177.71107482910156,187.2420196533203,174.93434143066406,187.0168914794922,49303,0.0,0.0
2010-02-12 00:00:00-05:00,187.54222106933594,196.77297973632812,182.1388397216797,183.8649139404297,98325,0.0,0.0
2010-02-16 00:00:00-05:00,183.8649139404297,200.07504272460938,180.4127655029297,199.8498992919922,72208,0.0,0.0
2010-02-17 00:00:00-05:00,201.2758026123047,201.2758026123047,193.77110290527344,196.9981231689453,47917,0.0,0.0
2010-02-18 00:00:00-05:00,195.79737854003906,200.37522888183594,195.79737854003906,199.7748565673828,33019,0.0,0.0
2010-02-19 00:00:00-05:00,198.34896850585938,203.1519775390625,195.19699096679688,199.24952697753906,20054,0.0,0.0
2010-02-22 00:00:00-05:00,199.62477111816406,202.25140380859375,190.09381103515625,193.32083129882812,26077,0.0,0.0
2010-02-23 00:00:00-05:00,190.3939971923828,195.87242126464844,188.21763610839844,193.32083129882812,21853,0.0,0.0
2010-02-24 00:00:00-05:00,192.94558715820312,196.09756469726562,187.8424072265625,195.4971923828125,17549,0.0,0.0
2010-02-25 00:00:00-05:00,193.2457733154297,198.57411193847656,189.86866760253906,193.02064514160156,45718,0.0,0.0
2010-02-26 00:00:00-05:00,196.47279357910156,198.87429809570312,192.1200714111328,194.14634704589844,20747,0.0,0.0
2010-03-01 00:00:00-05:00,194.37147521972656,199.24952697753906,192.27017211914062,195.1219482421875,17895,0.0,0.0
2010-03-02 00:00:00-05:00,195.1219482421875,195.1219482421875,189.5684814453125,191.36959838867188,35951,0.0,0.0
2010-03-03 00:00:00-05:00,192.87054443359375,194.82176208496094,188.517822265625,193.6210174560547,20627,0.0,0.0
2010-03-04 00:00:00-05:00,189.4183807373047,201.12570190429688,189.4183807373047,200.8255157470703,12712,0.0,0.0
2010-03-05 00:00:00-05:00,202.32644653320312,204.8780517578125,197.4484100341797,199.92495727539062,15910,0.0,0.0
2010-03-08 00:00:00-05:00,199.24952697753906,203.9774932861328,196.172607421875,201.2758026123047,18042,0.0,0.0
2010-03-09 00:00:00-05:00,201.57598876953125,205.02813720703125,196.77297973632812,200.07504272460938,27489,0.0,0.0
2010-03-10 00:00:00-05:00,201.57598876953125,206.3789825439453,160.2251434326172,202.7767333984375,226845,0.0,0.0
2010-03-11 00:00:00-05:00,200.9005584716797,202.25140380859375,196.3977508544922,198.19886779785156,15137,0.0,0.0
2010-03-12 00:00:00-05:00,198.42401123046875,199.0994415283203,188.81800842285156,189.64352416992188,24438,0.0,0.0
2010-03-15 00:00:00-04:00,188.96810913085938,190.8442840576172,184.76547241210938,186.86679077148438,14751,0.0,0.0
2010-03-16 00:00:00-04:00,186.86679077148438,189.71856689453125,184.54034423828125,188.44277954101562,14951,0.0,0.0
2010-03-17 00:00:00-04:00,187.91744995117188,190.99436950683594,187.6172637939453,189.86866760253906,8035,0.0,0.0
2010-03-18 00:00:00-04:00,191.59474182128906,191.59474182128906,184.99061584472656,186.41650390625,12565,0.0,0.0
2010-03-19 00:00:00-04:00,183.33958435058594,187.31707763671875,182.66416931152344,183.33958435058594,15697,0.0,0.0
2010-03-22 00:00:00-04:00,182.8142547607422,191.4446563720703,182.43902587890625,187.8424072265625,33632,0.0,0.0
2010-03-23 00:00:00-04:00,187.8424072265625,188.14259338378906,182.28892517089844,183.56472778320312,19974,0.0,0.0
2010-03-24 00:00:00-04:00,181.98873901367188,183.1894989013672,178.0863037109375,179.8123779296875,35378,0.0,0.0
2010-03-25 00:00:00-04:00,180.33770751953125,181.83865356445312,171.7073211669922,171.93246459960938,34618,0.0,0.0
2010-03-26 00:00:00-04:00,171.40713500976562,181.38836669921875,162.17636108398438,175.45965576171875,78031,0.0,0.0
2010-03-29 00:00:00-04:00,175.5347137451172,175.5347137451172,168.03001403808594,171.3320770263672,20467,0.0,0.0
2010-03-30 00:00:00-04:00,170.4315185546875,170.73170471191406,168.4803009033203,168.4803009033203,17163,0.0,0.0
2010-03-31 00:00:00-04:00,168.78048706054688,170.35647583007812,166.52908325195312,168.10507202148438,34632,0.0,0.0
2010-04-01 00:00:00-04:00,167.5046844482422,172.5328369140625,165.7035675048828,166.3789825439453,33246,0.0,0.0
2010-04-05 00:00:00-04:00,168.40525817871094,168.78048706054688,166.3789825439453,166.3789825439453,17336,0.0,0.0
2010-04-06 00:00:00-04:00,167.4296417236328,184.4652862548828,166.6041259765625,182.0637969970703,101390,0.0,0.0
2010-04-07 00:00:00-04:00,183.56472778320312,192.19512939453125,179.9624786376953,191.74484252929688,43773,0.0,0.0
2010-04-08 00:00:00-04:00,190.3939971923828,195.4971923828125,186.11631774902344,193.6210174560547,22213,0.0,0.0
2010-04-09 00:00:00-04:00,193.47091674804688,194.97186279296875,190.76922607421875,194.82176208496094,20441,0.0,0.0
2010-04-12 00:00:00-04:00,194.0712890625,196.8480224609375,192.64540100097656,193.54595947265625,25797,0.0,0.0
2010-04-13 00:00:00-04:00,193.02064514160156,193.2457733154297,190.01876831054688,192.19512939453125,22639,0.0,0.0
2010-04-14 00:00:00-04:00,193.09568786621094,193.6210174560547,191.14447021484375,192.72044372558594,12885,0.0,0.0
2010-04-15 00:00:00-04:00,193.99624633789062,202.17636108398438,192.27017211914062,198.64915466308594,34099,0.0,0.0
2010-04-16 00:00:00-04:00,198.64915466308594,199.24952697753906,190.4690399169922,194.59661865234375,7768,0.0,0.0
2010-04-19 00:00:00-04:00,191.74484252929688,191.96998596191406,186.86679077148438,188.96810913085938,21227,0.0,0.0
2010-04-20 00:00:00-04:00,189.49343872070312,190.243896484375,185.5159454345703,188.06753540039062,14005,0.0,0.0
2010-04-21 00:00:00-04:00,188.14259338378906,189.86866760253906,186.04127502441406,189.7936248779297,16576,0.0,0.0
2010-04-22 00:00:00-04:00,187.6923065185547,191.6697998046875,187.54222106933594,191.36959838867188,6183,0.0,0.0
2010-04-23 00:00:00-04:00,190.3939971923828,193.2457733154297,189.26829528808594,189.26829528808594,23425,0.0,0.0
2010-04-26 00:00:00-04:00,188.2926788330078,191.0694122314453,183.93995666503906,186.71670532226562,18002,0.0,0.0
2010-04-27 00:00:00-04:00,187.6172637939453,188.44277954101562,177.1857452392578,178.0863037109375,57244,0.0,0.0
2010-04-28 00:00:00-04:00,180.26266479492188,181.98873901367188,177.8611602783203,181.23828125,18109,0.0,0.0
2010-04-29 00:00:00-04:00,182.0637969970703,183.93995666503906,181.46340942382812,183.11444091796875,15537,0.0,0.0
2010-04-30 00:00:00-04:00,182.66416931152344,183.93995666503906,181.16322326660156,181.31332397460938,11246,0.0,0.0
2010-05-03 00:00:00-04:00,181.38836669921875,181.6885528564453,179.06192016601562,179.8123779296875,9994,0.0,0.0
2010-05-04 00:00:00-04:00,179.06192016601562,183.6397705078125,177.1857452392578,182.28892517089844,22066,0.0,0.0
2010-05-05 00:00:00-04:00,179.8123779296875,180.48780822753906,175.23452758789062,175.75985717773438,20707,0.0,0.0
2010-05-06 00:00:00-04:00,175.75985717773438,178.0863037109375,163.90243530273438,168.78048706054688,23559,0.0,0.0
2010-05-07 00:00:00-04:00,170.6566619873047,171.482177734375,159.7748565673828,163.90243530273438,22839,0.0,0.0
2010-05-10 00:00:00-04:00,166.45404052734375,170.50656127929688,162.9268341064453,165.25328063964844,12339,0.0,0.0
2010-05-11 00:00:00-04:00,163.45216369628906,174.78424072265625,159.1744842529297,173.58349609375,25824,0.0,0.0
2010-05-12 00:00:00-04:00,175.1594696044922,181.31332397460938,170.80674743652344,181.31332397460938,29022,0.0,0.0
2010-05-13 00:00:00-04:00,181.31332397460938,183.4146270751953,175.60975646972656,182.36398315429688,11739,0.0,0.0
2010-05-14 00:00:00-04:00,178.68667602539062,185.36585998535156,174.18386840820312,179.3621063232422,29035,0.0,0.0
2010-05-17 00:00:00-04:00,180.48780822753906,181.98873901367188,178.61163330078125,180.78799438476562,9008,0.0,0.0
2010-05-18 00:00:00-04:00,181.16322326660156,188.96810913085938,179.51219177246094,186.6416473388672,21000,0.0,0.0
2010-05-19 00:00:00-04:00,186.6416473388672,187.16697692871094,180.1876220703125,186.49156188964844,9634,0.0,0.0
2010-05-20 00:00:00-04:00,183.6397705078125,186.6416473388672,176.51031494140625,186.11631774902344,33646,0.0,0.0
2010-05-21 00:00:00-04:00,185.14071655273438,188.96810913085938,181.98873901367188,186.94183349609375,17816,0.0,0.0
2010-05-24 00:00:00-04:00,186.26641845703125,190.99436950683594,182.66416931152344,184.0150146484375,14031,0.0,0.0
2010-05-25 00:00:00-04:00,180.56285095214844,182.1388397216797,176.43527221679688,181.46340942382812,17003,0.0,0.0
2010-05-26 00:00:00-04:00,181.98873901367188,190.76922607421875,181.98873901367188,184.0150146484375,39269,0.0,0.0
2010-05-27 00:00:00-04:00,185.5909881591797,188.89305114746094,183.93995666503906,188.89305114746094,16296,0.0,0.0
2010-05-28 00:00:00-04:00,187.2420196533203,202.02626037597656,185.5909881591797,201.20074462890625,62934,0.0,0.0
2010-06-01 00:00:00-04:00,201.0506591796875,208.5553436279297,198.87429809570312,201.2758026123047,53247,0.0,0.0
2010-06-02 00:00:00-04:00,202.62664794921875,205.40338134765625,197.67355346679688,201.2758026123047,22413,0.0,0.0
2010-06-03 00:00:00-04:00,199.54971313476562,202.62664794921875,199.54971313476562,200.8255157470703,24318,0.0,0.0
2010-06-04 00:00:00-04:00,197.52345275878906,204.6529083251953,195.3470916748047,202.40150451660156,21067,0.0,0.0
2010-06-07 00:00:00-04:00,202.62664794921875,205.17823791503906,198.42401123046875,198.87429809570312,16576,0.0,0.0
2010-06-08 00:00:00-04:00,198.42401123046875,201.12570190429688,194.14634704589844,195.87242126464844,16909,0.0,0.0
2010-06-09 00:00:00-04:00,196.62289428710938,199.8498992919922,194.446533203125,195.72232055664062,14218,0.0,0.0
2010-06-10 00:00:00-04:00,196.69793701171875,201.12570190429688,193.54595947265625,200.60037231445312,13112,0.0,0.0
2010-06-11 00:00:00-04:00,197.37335205078125,206.30393981933594,197.37335205078125,204.95309448242188,22559,0.0,0.0
2010-06-14 00:00:00-04:00,207.72982788085938,214.4840545654297,203.75234985351562,211.10694885253906,61881,0.0,0.0
2010-06-15 00:00:00-04:00,212.08255004882812,215.38461303710938,209.756103515625,211.2570343017578,27503,0.0,0.0
2010-06-16 00:00:00-04:00,210.13133239746094,216.3602294921875,208.9305877685547,211.55722045898438,22386,0.0,0.0
2010-06-17 00:00:00-04:00,211.7073211669922,213.88368225097656,206.07879638671875,209.83114624023438,17602,0.0,0.0
2010-06-18 00:00:00-04:00,209.90618896484375,210.05628967285156,204.7279510498047,205.62852478027344,16510,0.0,0.0
2010-06-21 00:00:00-04:00,206.22889709472656,206.7542266845703,200.97561645507812,205.3283233642578,28342,0.0,0.0
2010-06-22 00:00:00-04:00,204.35272216796875,204.35272216796875,197.74859619140625,198.42401123046875,29821,0.0,0.0
2010-06-23 00:00:00-04:00,197.67355346679688,198.9493408203125,191.74484252929688,194.37147521972656,22466,0.0,0.0
2010-06-24 00:00:00-04:00,193.54595947265625,196.47279357910156,190.91932678222656,191.2945556640625,10873,0.0,0.0
2010-06-25 00:00:00-04:00,191.36959838867188,194.82176208496094,188.89305114746094,192.19512939453125,22439,0.0,0.0
2010-06-28 00:00:00-04:00,192.1200714111328,196.62289428710938,187.99249267578125,191.2945556640625,7275,0.0,0.0
2010-06-29 00:00:00-04:00,188.7429656982422,189.94371032714844,183.8649139404297,185.66604614257812,16976,0.0,0.0
2010-06-30 00:00:00-04:00,186.11631774902344,191.36959838867188,185.06565856933594,185.66604614257812,11686,0.0,0.0
2010-07-01 00:00:00-04:00,186.791748046875,187.91744995117188,180.56285095214844,184.0150146484375,21440,0.0,0.0
2010-07-02 00:00:00-04:00,183.33958435058594,185.9662322998047,182.589111328125,183.4146270751953,7262,0.0,0.0
2010-07-06 00:00:00-04:00,184.54034423828125,186.04127502441406,181.23828125,182.28892517089844,19721,0.0,0.0
2010-07-07 00:00:00-04:00,182.0637969970703,185.5909881591797,180.33770751953125,184.99061584472656,23652,0.0,0.0
2010-07-08 00:00:00-04:00,185.36585998535156,189.3433380126953,183.7898712158203,187.16697692871094,14498,0.0,0.0
2010-07-09 00:00:00-04:00,186.94183349609375,190.16885375976562,181.23828125,189.3433380126953,12286,0.0,0.0
2010-07-12 00:00:00-04:00,188.6679229736328,189.11819458007812,182.36398315429688,187.4671630859375,14711,0.0,0.0
2010-07-13 00:00:00-04:00,189.3433380126953,192.42025756835938,188.7429656982422,191.81988525390625,16137,0.0,0.0
2010-07-14 00:00:00-04:00,191.14447021484375,193.54595947265625,187.99249267578125,193.47091674804688,11206,0.0,0.0
2010-07-15 00:00:00-04:00,193.54595947265625,193.92120361328125,191.96998596191406,193.2457733154297,8968,0.0,0.0
2010-07-16 00:00:00-04:00,192.4953155517578,193.09568786621094,188.2926788330078,190.09381103515625,47157,0.0,0.0
2010-07-19 00:00:00-04:00,190.09381103515625,190.09381103515625,187.99249267578125,189.5684814453125,7902,0.0,0.0
2010-07-20 00:00:00-04:00,187.99249267578125,191.74484252929688,187.6172637939453,191.6697998046875,4877,0.0,0.0
2010-07-21 00:00:00-04:00,192.4953155517578,195.64727783203125,189.5684814453125,195.3470916748047,17456,0.0,0.0
2010-07-22 00:00:00-04:00,196.62289428710938,197.82363891601562,191.74484252929688,196.92308044433594,13951,0.0,0.0
2010-07-23 00:00:00-04:00,196.77297973632812,197.74859619140625,189.86866760253906,195.2720489501953,28369,0.0,0.0
2010-07-26 00:00:00-04:00,194.0712890625,196.69793701171875,193.92120361328125,194.97186279296875,6423,0.0,0.0
2010-07-27 00:00:00-04:00,196.8480224609375,197.898681640625,192.94558715820312,193.3958740234375,5450,0.0,0.0
2010-07-28 00:00:00-04:00,193.54595947265625,194.6716766357422,187.54222106933594,189.7936248779297,12312,0.0,0.0
2010-07-29 00:00:00-04:00,191.36959838867188,205.3283233642578,185.66604614257812,203.90243530273438,55938,0.0,0.0
2010-07-30 00:00:00-04:00,202.47654724121094,213.73358154296875,202.47654724121094,212.90806579589844,25997,0.0,0.0
2010-08-02 00:00:00-04:00,214.78424072265625,214.78424072265625,207.8799285888672,214.1088104248047,26663,0.0,0.0
2010-08-03 00:00:00-04:00,214.63414001464844,215.3095703125,211.63226318359375,213.88368225097656,31594,0.0,0.0
2010-08-04 00:00:00-04:00,215.3095703125,215.38461303710938,212.7579803466797,212.83302307128906,26423,0.0,0.0
2010-08-05 00:00:00-04:00,210.73170471191406,213.3583526611328,210.73170471191406,211.7073211669922,8488,0.0,0.0
2010-08-06 00:00:00-04:00,210.28143310546875,213.05816650390625,207.27955627441406,211.482177734375,9994,0.0,0.0
2010-08-09 00:00:00-04:00,212.23265075683594,214.93434143066406,208.78048706054688,213.95872497558594,13951,0.0,0.0
2010-08-10 00:00:00-04:00,210.50656127929688,216.1350860595703,208.85552978515625,210.80674743652344,7955,0.0,0.0
2010-08-11 00:00:00-04:00,209.08067321777344,210.5816192626953,199.62477111816406,201.20074462890625,17549,0.0,0.0
2010-08-12 00:00:00-04:00,199.69981384277344,203.90243530273438,199.47467041015625,200.37522888183594,6769,0.0,0.0
2010-08-13 00:00:00-04:00,199.62477111816406,201.80113220214844,195.1219482421875,198.7241973876953,6236,0.0,0.0
2010-08-16 00:00:00-04:00,197.74859619140625,202.5515899658203,197.74859619140625,201.72607421875,5743,0.0,0.0
2010-08-17 00:00:00-04:00,204.6529083251953,207.5046844482422,203.827392578125,205.47842407226562,9727,0.0,0.0
2010-08-18 00:00:00-04:00,206.8292694091797,207.27955627441406,204.5028076171875,205.9287109375,5623,0.0,0.0
2010-08-19 00:00:00-04:00,205.9287109375,209.1557159423828,205.02813720703125,207.20449829101562,20627,0.0,0.0
2010-08-20 00:00:00-04:00,206.00375366210938,207.12945556640625,203.37710571289062,206.45404052734375,5024,0.0,0.0
2010-08-23 00:00:00-04:00,206.52908325195312,207.05441284179688,203.827392578125,204.95309448242188,7156,0.0,0.0
2010-08-24 00:00:00-04:00,203.45216369628906,204.80300903320312,201.80113220214844,203.1519775390625,11153,0.0,0.0
2010-08-25 00:00:00-04:00,201.80113220214844,203.90243530273438,198.42401123046875,203.45216369628906,9994,0.0,0.0
2010-08-26 00:00:00-04:00,203.52720642089844,203.52720642089844,197.898681640625,198.0487823486328,15843,0.0,0.0
2010-08-27 00:00:00-04:00,198.34896850585938,204.12757873535156,198.34896850585938,203.22702026367188,15377,0.0,0.0
2010-08-30 00:00:00-04:00,202.62664794921875,204.57786560058594,202.32644653320312,203.07691955566406,6343,0.0,0.0
2010-08-31 00:00:00-04:00,203.07691955566406,203.07691955566406,197.82363891601562,198.87429809570312,19375,0.0,0.0
2010-09-01 00:00:00-04:00,200.60037231445312,203.827392578125,200.60037231445312,201.72607421875,9581,0.0,0.0
2010-09-02 00:00:00-04:00,201.12570190429688,207.4296417236328,201.0506591796875,205.7786102294922,13165,0.0,0.0
2010-09-03 00:00:00-04:00,206.67916870117188,207.8799285888672,199.3245849609375,200.0,20481,0.0,0.0
2010-09-07 00:00:00-04:00,199.62477111816406,203.30206298828125,199.3245849609375,199.47467041015625,20854,0.0,0.0
2010-09-08 00:00:00-04:00,199.69981384277344,201.20074462890625,198.42401123046875,199.8498992919922,21213,0.0,0.0
2010-09-09 00:00:00-04:00,201.35084533691406,202.02626037597656,199.0994415283203,201.65103149414062,6463,0.0,0.0
2010-09-10 00:00:00-04:00,201.2758026123047,202.5515899658203,198.87429809570312,199.0994415283203,4331,0.0,0.0
2010-09-13 00:00:00-04:00,199.7748565673828,202.47654724121094,197.97373962402344,201.57598876953125,6343,0.0,0.0
2010-09-14 00:00:00-04:00,200.97561645507812,203.37710571289062,199.69981384277344,201.35084533691406,12472,0.0,0.0
2010-09-15 00:00:00-04:00,200.1501007080078,203.22702026367188,200.1501007080078,202.9268341064453,8954,0.0,0.0
2010-09-16 00:00:00-04:00,202.62664794921875,203.1519775390625,198.87429809570312,200.52532958984375,22173,0.0,0.0
2010-09-17 00:00:00-04:00,200.37522888183594,203.75234985351562,197.898681640625,203.52720642089844,7702,0.0,0.0
2010-09-20 00:00:00-04:00,203.827392578125,208.03001403808594,203.827392578125,207.95497131347656,20574,0.0,0.0
2010-09-21 00:00:00-04:00,208.3302001953125,209.68104553222656,205.7035675048828,207.35459899902344,10993,0.0,0.0
2010-09-22 00:00:00-04:00,207.80487060546875,208.85552978515625,204.5028076171875,207.57974243164062,7409,0.0,0.0
2010-09-23 00:00:00-04:00,207.05441284179688,221.31332397460938,207.05441284179688,220.863037109375,54379,0.0,0.0
2010-09-24 00:00:00-04:00,224.39024353027344,226.6416473388672,221.53846740722656,224.39024353027344,21693,0.0,0.0
2010-09-27 00:00:00-04:00,224.0150146484375,225.14071655273438,220.48780822753906,225.14071655273438,16323,0.0,0.0
2010-09-28 00:00:00-04:00,225.7410888671875,225.8911895751953,221.9136962890625,223.71482849121094,17962,0.0,0.0
2010-09-29 00:00:00-04:00,225.14071655273438,233.1707305908203,225.14071655273438,232.94558715820312,28249,0.0,0.0
2010-09-30 00:00:00-04:00,233.32083129882812,234.0712890625,226.49156188964844,233.69606018066406,23865,0.0,0.0
2010-10-01 00:00:00-04:00,235.2720489501953,235.2720489501953,228.36773681640625,229.94371032714844,16723,0.0,0.0
2010-10-04 00:00:00-04:00,230.01876831054688,230.243896484375,221.7635955810547,221.9136962890625,24998,0.0,0.0
2010-10-05 00:00:00-04:00,223.48968505859375,227.09193420410156,206.45404052734375,206.97935485839844,74527,0.0,0.0
2010-10-06 00:00:00-04:00,207.12945556640625,207.12945556640625,192.1200714111328,193.99624633789062,80896,0.0,0.0
2010-10-07 00:00:00-04:00,194.14634704589844,196.8480224609375,189.7936248779297,190.619140625,70902,0.0,0.0
2010-10-08 00:00:00-04:00,191.74484252929688,193.32083129882812,190.619140625,192.34521484375,69570,0.0,0.0
2010-10-11 00:00:00-04:00,193.54595947265625,193.54595947265625,189.19325256347656,190.09381103515625,50115,0.0,0.0
2010-10-12 00:00:00-04:00,189.49343872070312,191.36959838867188,187.76734924316406,189.86866760253906,37656,0.0,0.0
2010-10-13 00:00:00-04:00,191.2945556640625,198.79925537109375,190.16885375976562,196.62289428710938,33006,0.0,0.0
2010-10-14 00:00:00-04:00,195.04690551757812,198.1238250732422,193.32083129882812,195.2720489501953,24878,0.0,0.0
2010-10-15 00:00:00-04:00,196.172607421875,196.77297973632812,192.87054443359375,194.2213897705078,31101,0.0,0.0
2010-10-18 00:00:00-04:00,193.09568786621094,195.3470916748047,192.72044372558594,193.92120361328125,31034,0.0,0.0
2010-10-19 00:00:00-04:00,192.4953155517578,194.8968048095703,191.74484252929688,192.1200714111328,36137,0.0,0.0
2010-10-20 00:00:00-04:00,192.42025756835938,196.62289428710938,192.1200714111328,195.72232055664062,9567,0.0,0.0
2010-10-21 00:00:00-04:00,196.24765014648438,196.3227081298828,190.09381103515625,191.14447021484375,24758,0.0,0.0
2010-10-22 00:00:00-04:00,191.59474182128906,191.59474182128906,187.76734924316406,188.36773681640625,35338,0.0,0.0
2010-10-25 00:00:00-04:00,189.49343872070312,194.2213897705078,185.7410888671875,186.11631774902344,24505,0.0,0.0
2010-10-26 00:00:00-04:00,185.5159454345703,186.11631774902344,183.11444091796875,183.71482849121094,23772,0.0,0.0
2010-10-27 00:00:00-04:00,182.7392120361328,185.14071655273438,181.23828125,183.11444091796875,45838,0.0,0.0
2010-10-28 00:00:00-04:00,180.11256408691406,200.0,173.4333953857422,189.49343872070312,111624,0.0,0.0
2010-10-29 00:00:00-04:00,192.1200714111328,196.3977508544922,191.4446563720703,195.57223510742188,40814,0.0,0.0
2010-11-01 00:00:00-04:00,196.69793701171875,202.85177612304688,192.1200714111328,202.85177612304688,55699,0.0,0.0
2010-11-02 00:00:00-04:00,203.90243530273438,204.12757873535156,197.97373962402344,203.6772918701172,36111,0.0,0.0
2010-11-03 00:00:00-04:00,204.35272216796875,204.42776489257812,200.52532958984375,203.07691955566406,21240,0.0,0.0
2010-11-04 00:00:00-04:00,205.7035675048828,208.18011474609375,203.07691955566406,208.10507202148438,19281,0.0,0.0
2010-11-05 00:00:00-04:00,208.18011474609375,212.08255004882812,207.12945556640625,212.08255004882812,22706,0.0,0.0
2010-11-08 00:00:00-05:00,211.63226318359375,212.83302307128906,210.13133239746094,211.93246459960938,6836,0.0,0.0
2010-11-09 00:00:00-05:00,211.78236389160156,213.208251953125,209.68104553222656,209.98123168945312,11366,0.0,0.0
2010-11-10 00:00:00-05:00,210.28143310546875,212.3827362060547,208.63040161132812,212.1575927734375,7689,0.0,0.0
2010-11-11 00:00:00-05:00,210.80674743652344,211.78236389160156,207.72982788085938,208.3302001953125,10713,0.0,0.0
2010-11-12 00:00:00-05:00,206.52908325195312,208.3302001953125,201.57598876953125,202.101318359375,12952,0.0,0.0
2010-11-15 00:00:00-05:00,201.57598876953125,204.7279510498047,199.8498992919922,200.97561645507812,20880,0.0,0.0
2010-11-16 00:00:00-05:00,201.12570190429688,204.35272216796875,197.0731658935547,201.42588806152344,13645,0.0,0.0
2010-11-17 00:00:00-05:00,202.7767333984375,204.42776489257812,200.0,201.8761749267578,5237,0.0,0.0
2010-11-18 00:00:00-05:00,203.07691955566406,205.1031951904297,197.67355346679688,201.80113220214844,19934,0.0,0.0
2010-11-19 00:00:00-05:00,202.62664794921875,202.9268341064453,201.20074462890625,202.40150451660156,16163,0.0,0.0
2010-11-22 00:00:00-05:00,201.42588806152344,204.57786560058594,201.42588806152344,204.42776489257812,6223,0.0,0.0
2010-11-23 00:00:00-05:00,202.47654724121094,203.37710571289062,199.02438354492188,200.1501007080078,8755,0.0,0.0
2010-11-24 00:00:00-05:00,201.42588806152344,202.40150451660156,199.1744842529297,200.97561645507812,5437,0.0,0.0
2010-11-26 00:00:00-05:00,200.75047302246094,200.75047302246094,198.57411193847656,200.45028686523438,5690,0.0,0.0
2010-11-29 00:00:00-05:00,198.87429809570312,201.2758026123047,197.29830932617188,200.97561645507812,6729,0.0,0.0
2010-11-30 00:00:00-05:00,199.8498992919922,203.9774932861328,199.24952697753906,203.9774932861328,22759,0.0,0.0
2010-12-01 00:00:00-05:00,206.90431213378906,208.10507202148438,203.75234985351562,206.7542266845703,7009,0.0,0.0
2010-12-02 00:00:00-05:00,206.3789825439453,211.93246459960938,206.3789825439453,209.08067321777344,22839,0.0,0.0
2010-12-03 00:00:00-05:00,209.30581665039062,213.88368225097656,208.9305877685547,213.88368225097656,9980,0.0,0.0
2010-12-06 00:00:00-05:00,213.88368225097656,213.88368225097656,211.2570343017578,212.08255004882812,4224,0.0,0.0
2010-12-07 00:00:00-05:00,212.60787963867188,212.7579803466797,210.6566619873047,211.40713500976562,5157,0.0,0.0
2010-12-08 00:00:00-05:00,210.6566619873047,213.88368225097656,210.50656127929688,213.88368225097656,6769,0.0,0.0
2010-12-09 00:00:00-05:00,213.88368225097656,217.63601684570312,213.50843811035156,217.56097412109375,9847,0.0,0.0
2010-12-10 00:00:00-05:00,217.410888671875,220.6378936767578,216.51031494140625,220.11256408691406,8515,0.0,0.0
2010-12-13 00:00:00-05:00,220.1876220703125,221.38836669921875,217.63601684570312,218.0863037109375,5836,0.0,0.0
2010-12-14 00:00:00-05:00,218.16134643554688,220.863037109375,216.8105010986328,220.11256408691406,6822,0.0,0.0
2010-12-15 00:00:00-05:00,219.88743591308594,219.88743591308594,215.90994262695312,217.1857452392578,10460,0.0,0.0
2010-12-16 00:00:00-05:00,217.1857452392578,219.66229248046875,213.88368225097656,217.2607879638672,8248,0.0,0.0
2010-12-17 00:00:00-05:00,217.9362030029297,219.06192016601562,213.88368225097656,216.28517150878906,8501,0.0,0.0
2010-12-20 00:00:00-05:00,214.4090118408203,216.43527221679688,212.68292236328125,213.95872497558594,11753,0.0,0.0
2010-12-21 00:00:00-05:00,213.95872497558594,216.73545837402344,212.08255004882812,215.5347137451172,5530,0.0,0.0
2010-12-22 00:00:00-05:00,215.9849853515625,217.78611755371094,214.85928344726562,215.38461303710938,8408,0.0,0.0
2010-12-23 00:00:00-05:00,217.2607879638672,217.33583068847656,215.1594696044922,215.83489990234375,4890,0.0,0.0
2010-12-27 00:00:00-05:00,212.00750732421875,217.63601684570312,212.00750732421875,215.83489990234375,4624,0.0,0.0
2010-12-28 00:00:00-05:00,216.1350860595703,216.88555908203125,213.88368225097656,214.55909729003906,5397,0.0,0.0
2010-12-29 00:00:00-05:00,215.90994262695312,218.0863037109375,213.80862426757812,214.18386840820312,12565,0.0,0.0
2010-12-30 00:00:00-05:00,212.3827362060547,215.9849853515625,212.1575927734375,215.00938415527344,7635,0.0,0.0
2010-12-31 00:00:00-05:00,214.4840545654297,217.410888671875,214.4840545654297,215.45965576171875,7755,0.0,0.0
2011-01-03 00:00:00-05:00,217.11068725585938,218.83677673339844,215.23452758789062,215.45965576171875,16723,0.0,0.0
2011-01-04 00:00:00-05:00,215.68479919433594,218.68667602539062,215.5347137451172,217.48593139648438,10234,0.0,0.0
2011-01-05 00:00:00-05:00,217.56097412109375,218.83677673339844,216.88555908203125,218.53659057617188,7022,0.0,0.0
2011-01-06 00:00:00-05:00,218.16134643554688,218.76171875,216.1350860595703,218.53659057617188,6836,0.0,0.0
2011-01-07 00:00:00-05:00,218.38648986816406,218.76171875,215.00938415527344,217.2607879638672,6409,0.0,0.0
2011-01-10 00:00:00-05:00,216.5853729248047,217.78611755371094,214.93434143066406,216.88555908203125,1826,0.0,0.0
2011-01-11 00:00:00-05:00,217.33583068847656,217.78611755371094,215.90994262695312,216.43527221679688,2878,0.0,0.0
2011-01-12 00:00:00-05:00,216.73545837402344,217.63601684570312,216.66041564941406,217.2607879638672,3131,0.0,0.0
2011-01-13 00:00:00-05:00,216.8105010986328,218.46153259277344,216.8105010986328,218.0863037109375,12152,0.0,0.0
2011-01-14 00:00:00-05:00,219.06192016601562,220.78799438476562,217.2607879638672,217.63601684570312,8874,0.0,0.0
2011-01-18 00:00:00-05:00,217.63601684570312,219.51219177246094,215.9849853515625,219.28704833984375,12526,0.0,0.0
2011-01-19 00:00:00-05:00,219.66229248046875,219.73733520507812,216.73545837402344,217.78611755371094,13938,0.0,0.0
2011-01-20 00:00:00-05:00,216.3602294921875,217.48593139648438,214.0337677001953,215.9849853515625,10687,0.0,0.0
2011-01-21 00:00:00-05:00,215.5347137451172,216.73545837402344,214.0337677001953,215.23452758789062,5103,0.0,0.0
2011-01-24 00:00:00-05:00,214.63414001464844,216.73545837402344,212.90806579589844,215.0844268798828,6036,0.0,0.0
2011-01-25 00:00:00-05:00,215.0844268798828,216.66041564941406,213.58349609375,213.95872497558594,5743,0.0,0.0
2011-01-26 00:00:00-05:00,214.85928344726562,217.48593139648438,212.23265075683594,215.00938415527344,2718,0.0,0.0
2011-01-27 00:00:00-05:00,216.06004333496094,217.11068725585938,214.70919799804688,215.68479919433594,5517,0.0,0.0
2011-01-28 00:00:00-05:00,214.93434143066406,215.9849853515625,214.1088104248047,215.1594696044922,5423,0.0,0.0
2011-01-31 00:00:00-05:00,216.3602294921875,217.56097412109375,214.93434143066406,217.48593139648438,11340,0.0,0.0
2011-02-01 00:00:00-05:00,217.63601684570312,222.1388397216797,215.45965576171875,220.78799438476562,10114,0.0,0.0
2011-02-02 00:00:00-05:00,221.38836669921875,222.589111328125,219.9624786376953,221.0131378173828,6156,0.0,0.0
2011-02-03 00:00:00-05:00,220.26266479492188,223.8649139404297,219.9624786376953,223.11444091796875,10966,0.0,0.0
2011-02-04 00:00:00-05:00,223.11444091796875,223.48968505859375,220.26266479492188,220.33770751953125,5343,0.0,0.0
2011-02-07 00:00:00-05:00,220.6378936767578,222.88931274414062,220.6378936767578,222.7392120361328,1319,0.0,0.0
2011-02-08 00:00:00-05:00,221.46340942382812,224.24014282226562,220.48780822753906,222.28892517089844,10753,0.0,0.0
2011-02-09 00:00:00-05:00,221.7635955810547,222.96435546875,220.26266479492188,222.8142547607422,4371,0.0,0.0
2011-02-10 00:00:00-05:00,221.16322326660156,223.03939819335938,221.16322326660156,222.51406860351562,2199,0.0,0.0
2011-02-11 00:00:00-05:00,224.4652862548828,224.54034423828125,221.31332397460938,224.39024353027344,3998,0.0,0.0
2011-02-14 00:00:00-05:00,224.54034423828125,225.8911895751953,223.33958435058594,225.8911895751953,6729,0.0,0.0
2011-02-15 00:00:00-05:00,224.6904296875,225.5159454345703,223.4146270751953,224.31520080566406,1226,0.0,0.0
2011-02-16 00:00:00-05:00,225.14071655273438,226.26641845703125,224.39024353027344,225.36585998535156,11006,0.0,0.0
2011-02-17 00:00:00-05:00,225.14071655273438,230.76922607421875,224.9155731201172,228.89305114746094,41801,0.0,0.0
2011-02-18 00:00:00-05:00,228.89305114746094,230.01876831054688,225.5159454345703,227.6923065185547,9914,0.0,0.0
2011-02-22 00:00:00-05:00,225.5159454345703,227.6923065185547,223.26454162597656,225.9662322998047,16123,0.0,0.0
2011-02-23 00:00:00-05:00,225.81613159179688,227.31707763671875,224.39024353027344,225.5909881591797,11739,0.0,0.0
2011-02-24 00:00:00-05:00,224.9155731201172,225.9662322998047,224.31520080566406,225.5159454345703,25837,0.0,0.0
2011-02-25 00:00:00-05:00,226.04127502441406,227.39212036132812,224.54034423828125,226.791748046875,5703,0.0,0.0
2011-02-28 00:00:00-05:00,227.39212036132812,227.39212036132812,224.99061584472656,226.5666046142578,9954,0.0,0.0
2011-03-01 00:00:00-05:00,226.6416473388672,227.0168914794922,225.14071655273438,225.5159454345703,6609,0.0,0.0
2011-03-02 00:00:00-05:00,225.5159454345703,225.9662322998047,223.33958435058594,225.06565856933594,5330,0.0,0.0
2011-03-03 00:00:00-05:00,226.19137573242188,227.31707763671875,223.6397705078125,224.4652862548828,11619,0.0,0.0
2011-03-04 00:00:00-05:00,225.14071655273438,225.14071655273438,223.71482849121094,225.14071655273438,7089,0.0,0.0
2011-03-07 00:00:00-05:00,225.14071655273438,225.14071655273438,222.36398315429688,223.26454162597656,9181,0.0,0.0
2011-03-08 00:00:00-05:00,223.56472778320312,225.14071655273438,221.38836669921875,223.93995666503906,14791,0.0,0.0
2011-03-09 00:00:00-05:00,222.36398315429688,226.34146118164062,222.1388397216797,226.04127502441406,7475,0.0,0.0
2011-03-10 00:00:00-05:00,224.54034423828125,225.81613159179688,224.4652862548828,225.14071655273438,7609,0.0,0.0
2011-03-11 00:00:00-05:00,224.9155731201172,225.9662322998047,223.8649139404297,225.14071655273438,12392,0.0,0.0
2011-03-14 00:00:00-04:00,224.54034423828125,226.04127502441406,224.54034423828125,225.21575927734375,8834,0.0,0.0
2011-03-15 00:00:00-04:00,222.8142547607422,225.44090270996094,222.43902587890625,223.8649139404297,6396,0.0,0.0
2011-03-16 00:00:00-04:00,222.66416931152344,224.31520080566406,222.66416931152344,222.96435546875,5930,0.0,0.0
2011-03-17 00:00:00-04:00,224.61538696289062,225.5159454345703,223.56472778320312,225.14071655273438,4664,0.0,0.0
2011-03-18 00:00:00-04:00,225.9662322998047,226.6416473388672,224.76547241210938,226.19137573242188,7582,0.0,0.0
2011-03-21 00:00:00-04:00,227.8424072265625,227.8424072265625,223.4146270751953,226.6416473388672,6236,0.0,0.0
2011-03-22 00:00:00-04:00,224.99061584472656,227.09193420410156,224.99061584472656,226.26641845703125,3531,0.0,0.0
2011-03-23 00:00:00-04:00,226.49156188964844,226.94183349609375,224.4652862548828,225.8911895751953,4371,0.0,0.0
2011-03-24 00:00:00-04:00,226.94183349609375,227.4671630859375,224.99061584472656,225.36585998535156,6396,0.0,0.0
2011-03-25 00:00:00-04:00,226.26641845703125,227.31707763671875,225.14071655273438,226.71670532226562,4011,0.0,0.0
2011-03-28 00:00:00-04:00,226.41650390625,227.76734924316406,226.41650390625,227.09193420410156,3371,0.0,0.0
2011-03-29 00:00:00-04:00,227.6923065185547,228.14259338378906,226.71670532226562,228.14259338378906,4517,0.0,0.0
2011-03-30 00:00:00-04:00,227.39212036132812,229.04315185546875,226.6416473388672,227.8424072265625,9101,0.0,0.0
2011-03-31 00:00:00-04:00,228.44277954101562,230.243896484375,228.44277954101562,230.243896484375,3398,0.0,0.0
2011-04-01 00:00:00-04:00,230.31895446777344,231.81988525390625,229.04315185546875,231.4446563720703,8795,0.0,0.0
2011-04-04 00:00:00-04:00,231.89492797851562,231.89492797851562,230.91932678222656,231.89492797851562,2678,0.0,0.0
2011-04-05 00:00:00-04:00,232.5703582763672,232.5703582763672,229.94371032714844,230.69418334960938,5916,0.0,0.0
2011-04-06 00:00:00-04:00,230.54408264160156,231.89492797851562,230.243896484375,230.8442840576172,8368,0.0,0.0
2011-04-07 00:00:00-04:00,231.81988525390625,232.64540100097656,230.3939971923828,230.4690399169922,9714,0.0,0.0
2011-04-08 00:00:00-04:00,231.2945556640625,232.87054443359375,230.619140625,231.2945556640625,5383,0.0,0.0
2011-04-11 00:00:00-04:00,231.74484252929688,231.89492797851562,228.81800842285156,228.89305114746094,3971,0.0,0.0
2011-04-12 00:00:00-04:00,228.96810913085938,231.89492797851562,226.94183349609375,228.81800842285156,4464,0.0,0.0
2011-04-13 00:00:00-04:00,229.04315185546875,232.94558715820312,228.2926788330078,230.3939971923828,3358,0.0,0.0
2011-04-14 00:00:00-04:00,230.16885375976562,231.4446563720703,230.16885375976562,230.76922607421875,3051,0.0,0.0
2011-04-15 00:00:00-04:00,230.76922607421875,233.47091674804688,230.4690399169922,233.1707305908203,8968,0.0,0.0
2011-04-18 00:00:00-04:00,233.09568786621094,234.37147521972656,230.8442840576172,234.0712890625,6076,0.0,0.0
2011-04-19 00:00:00-04:00,234.446533203125,234.52157592773438,231.5196990966797,234.446533203125,6196,0.0,0.0
2011-04-20 00:00:00-04:00,235.57223510742188,243.0018768310547,233.1707305908203,243.0018768310547,40721,0.0,0.0
2011-04-21 00:00:00-04:00,243.52720642089844,246.6041259765625,240.6754150390625,246.07879638671875,14005,0.0,0.0
2011-04-25 00:00:00-04:00,246.15383911132812,246.15383911132812,242.02626037597656,244.35272216796875,6636,0.0,0.0
2011-04-26 00:00:00-04:00,246.22889709472656,246.22889709472656,243.52720642089844,245.47842407226562,4131,0.0,0.0
2011-04-27 00:00:00-04:00,246.52908325195312,246.52908325195312,240.2251434326172,244.5028076171875,27796,0.0,0.0
2011-04-28 00:00:00-04:00,245.25328063964844,245.25328063964844,239.24952697753906,243.90243530273438,23705,0.0,0.0
2011-04-29 00:00:00-04:00,243.30206298828125,243.90243530273438,242.17636108398438,243.75234985351562,6130,0.0,0.0
2011-05-02 00:00:00-04:00,242.5515899658203,244.6529083251953,242.5515899658203,243.827392578125,6076,0.0,0.0
2011-05-03 00:00:00-04:00,242.85177612304688,243.07691955566406,241.65103149414062,243.07691955566406,11819,0.0,0.0
2011-05-04 00:00:00-04:00,243.45216369628906,244.0525360107422,241.8761749267578,243.75234985351562,3864,0.0,0.0
2011-05-05 00:00:00-04:00,242.85177612304688,244.12757873535156,239.3245849609375,242.25140380859375,9754,0.0,0.0
2011-05-06 00:00:00-04:00,242.85177612304688,245.40338134765625,242.02626037597656,242.17636108398438,4264,0.0,0.0
2011-05-09 00:00:00-04:00,240.1501007080078,246.07879638671875,240.1501007080078,246.07879638671875,10740,0.0,0.0
2011-05-10 00:00:00-04:00,246.45404052734375,259.28704833984375,244.27767944335938,258.61163330078125,45625,0.0,0.0
2011-05-11 00:00:00-04:00,258.76171875,259.3620910644531,250.13133239746094,254.93434143066406,11726,0.0,0.0
2011-05-12 00:00:00-04:00,254.63414001464844,258.6866760253906,253.65853881835938,258.5365905761719,8795,0.0,0.0
2011-05-13 00:00:00-04:00,258.0112609863281,260.33770751953125,257.7861022949219,259.2120056152344,17895,0.0,0.0
2011-05-16 00:00:00-04:00,258.61163330078125,258.61163330078125,253.73358154296875,255.90994262695312,10260,0.0,0.0
2011-05-17 00:00:00-04:00,253.50843811035156,257.03564453125,252.7579803466797,255.75985717773438,22133,0.0,0.0
2011-05-18 00:00:00-04:00,255.45965576171875,256.5853576660156,247.72982788085938,255.00938415527344,17642,0.0,0.0
2011-05-19 00:00:00-04:00,255.90994262695312,257.8611755371094,254.18386840820312,257.7861022949219,8914,0.0,0.0
2011-05-20 00:00:00-04:00,256.88555908203125,272.5703430175781,256.88555908203125,271.7448425292969,30261,0.0,0.0
2011-05-23 00:00:00-04:00,269.5684814453125,271.44464111328125,264.0150146484375,264.9155578613281,10860,0.0,0.0
2011-05-24 00:00:00-04:00,265.6660461425781,270.3189392089844,263.4146423339844,263.7148132324219,4264,0.0,0.0
2011-05-25 00:00:00-04:00,263.11444091796875,266.1163330078125,262.6641540527344,264.3902587890625,7435,0.0,0.0
2011-05-26 00:00:00-04:00,264.54034423828125,264.54034423828125,260.4127502441406,262.6641540527344,5823,0.0,0.0
2011-05-27 00:00:00-04:00,262.6641540527344,267.99249267578125,259.2120056152344,264.16510009765625,3558,0.0,0.0
2011-05-31 00:00:00-04:00,264.7654724121094,269.9437255859375,264.16510009765625,268.0675354003906,14458,0.0,0.0
2011-06-01 00:00:00-04:00,267.8424072265625,267.8424072265625,265.3658447265625,265.3658447265625,2438,0.0,0.0
2011-06-02 00:00:00-04:00,265.7410888671875,270.6941833496094,259.96246337890625,269.4934387207031,7249,0.0,0.0
2011-06-03 00:00:00-04:00,267.4671630859375,281.350830078125,265.7410888671875,274.6716613769531,25557,0.0,0.0
2011-06-06 00:00:00-04:00,274.6716613769531,279.9249572753906,272.5703430175781,274.22137451171875,13791,0.0,0.0
2011-06-07 00:00:00-04:00,275.1219482421875,277.9737243652344,270.1688537597656,272.7955017089844,10340,0.0,0.0
2011-06-08 00:00:00-04:00,272.9455871582031,278.04876708984375,270.39398193359375,276.8480224609375,7782,0.0,0.0
2011-06-09 00:00:00-04:00,277.1482238769531,277.898681640625,274.446533203125,276.69793701171875,6329,0.0,0.0
2011-06-10 00:00:00-04:00,277.4483947753906,278.5740966796875,271.2945556640625,271.2945556640625,3131,0.0,0.0
2011-06-13 00:00:00-04:00,271.5947570800781,273.3958740234375,267.0168762207031,267.2420349121094,7795,0.0,0.0
2011-06-14 00:00:00-04:00,269.41839599609375,277.6735534667969,268.7429504394531,276.69793701171875,7382,0.0,0.0
2011-06-15 00:00:00-04:00,267.31707763671875,276.4728088378906,267.31707763671875,271.0694274902344,4077,0.0,0.0
2011-06-16 00:00:00-04:00,270.1688537597656,276.02252197265625,262.6641540527344,265.3658447265625,16896,0.0,0.0
2011-06-17 00:00:00-04:00,267.4671630859375,272.4202575683594,265.2908020019531,271.5947570800781,10340,0.0,0.0
2011-06-20 00:00:00-04:00,270.8442687988281,271.8949279785156,265.8161315917969,268.66790771484375,7422,0.0,0.0
2011-06-21 00:00:00-04:00,270.1688537597656,271.6697998046875,268.36773681640625,268.8180236816406,19028,0.0,0.0
2011-06-22 00:00:00-04:00,269.71856689453125,269.7936096191406,265.5159606933594,267.7673645019531,20254,0.0,0.0
2011-06-23 00:00:00-04:00,266.41650390625,269.1181945800781,264.9155578613281,266.41650390625,11619,0.0,0.0
2011-06-24 00:00:00-04:00,266.8667907714844,268.4427795410156,265.3658447265625,267.4671630859375,14311,0.0,0.0
2011-06-27 00:00:00-04:00,272.87054443359375,272.87054443359375,266.1913757324219,270.09381103515625,2598,0.0,0.0
2011-06-28 00:00:00-04:00,270.39398193359375,273.92120361328125,269.04315185546875,273.4709167480469,9834,0.0,0.0
2011-06-29 00:00:00-04:00,271.969970703125,276.9230651855469,270.1688537597656,274.59661865234375,4277,0.0,0.0
2011-06-30 00:00:00-04:00,275.1219482421875,277.1482238769531,271.14447021484375,276.172607421875,5197,0.0,0.0
2011-07-01 00:00:00-04:00,276.2476501464844,281.4259033203125,273.6210021972656,279.5497131347656,8635,0.0,0.0
2011-07-05 00:00:00-04:00,279.84991455078125,281.95123291015625,278.3489685058594,281.350830078125,5157,0.0,0.0
2011-07-06 00:00:00-04:00,281.350830078125,283.30206298828125,280.52532958984375,282.25140380859375,6196,0.0,0.0
2011-07-07 00:00:00-04:00,283.3771057128906,285.17822265625,281.1257019042969,281.2757873535156,5597,0.0,0.0
2011-07-08 00:00:00-04:00,280.3002014160156,283.827392578125,279.3245849609375,279.7748718261719,5077,0.0,0.0
2011-07-11 00:00:00-04:00,278.649169921875,279.6997985839844,275.1969909667969,277.5985107421875,4264,0.0,0.0
2011-07-12 00:00:00-04:00,277.5985107421875,281.4259033203125,276.32269287109375,278.9493408203125,3944,0.0,0.0
2011-07-13 00:00:00-04:00,280.52532958984375,282.4765625,280.52532958984375,281.0506591796875,6010,0.0,0.0
2011-07-14 00:00:00-04:00,283.30206298828125,283.30206298828125,276.9981384277344,278.42401123046875,4690,0.0,0.0
2011-07-15 00:00:00-04:00,278.8742980957031,279.1744689941406,276.69793701171875,278.42401123046875,6489,0.0,0.0
2011-07-18 00:00:00-04:00,278.12384033203125,279.84991455078125,276.172607421875,277.2232666015625,1706,0.0,0.0
2011-07-19 00:00:00-04:00,277.8236389160156,281.6510314941406,273.1707458496094,276.8480224609375,5077,0.0,0.0
2011-07-20 00:00:00-04:00,278.27392578125,279.7748718261719,276.4728088378906,277.4483947753906,2025,0.0,0.0
2011-07-21 00:00:00-04:00,279.3245849609375,280.2251281738281,272.720458984375,278.3489685058594,4944,0.0,0.0
2011-07-22 00:00:00-04:00,277.5985107421875,279.2495422363281,275.8724060058594,276.9230651855469,2265,0.0,0.0
2011-07-25 00:00:00-04:00,274.7467041015625,277.8236389160156,272.720458984375,274.97186279296875,1706,0.0,0.0
2011-07-26 00:00:00-04:00,276.3977355957031,276.4728088378906,272.0450134277344,273.0206298828125,3598,0.0,0.0
2011-07-27 00:00:00-04:00,271.2945556640625,276.4728088378906,265.59100341796875,266.7167053222656,11979,0.0,0.0
2011-07-28 00:00:00-04:00,264.0150146484375,264.0900573730469,241.65103149414062,255.00938415527344,84254,0.0,0.0
2011-07-29 00:00:00-04:00,252.5328369140625,255.00938415527344,247.27955627441406,253.95872497558594,10447,0.0,0.0
2011-08-01 00:00:00-04:00,255.1594696044922,260.2626647949219,252.7579803466797,258.9118347167969,12219,0.0,0.0
2011-08-02 00:00:00-04:00,258.9118347167969,261.01312255859375,256.660400390625,258.5365905761719,8195,0.0,0.0
2011-08-03 00:00:00-04:00,257.4859313964844,262.1388244628906,257.3358459472656,260.33770751953125,9767,0.0,0.0
2011-08-04 00:00:00-04:00,258.61163330078125,259.3620910644531,252.3076934814453,255.1594696044922,14844,0.0,0.0
2011-08-05 00:00:00-04:00,255.68479919433594,261.3133239746094,250.28143310546875,254.78424072265625,10993,0.0,0.0
2011-08-08 00:00:00-04:00,250.13133239746094,256.2851867675781,233.09568786621094,238.57411193847656,22546,0.0,0.0
2011-08-09 00:00:00-04:00,241.12570190429688,243.827392578125,238.1238250732422,243.07691955566406,14551,0.0,0.0
2011-08-10 00:00:00-04:00,239.54971313476562,250.95684814453125,233.92120361328125,243.6022491455078,12765,0.0,0.0
2011-08-11 00:00:00-04:00,243.90243530273438,252.23265075683594,239.69981384277344,250.95684814453125,9248,0.0,0.0
2011-08-12 00:00:00-04:00,251.40713500976562,253.3583526611328,247.27955627441406,252.9831085205078,10567,0.0,0.0
2011-08-15 00:00:00-04:00,255.1594696044922,257.4859313964844,251.55722045898438,257.18572998046875,11899,0.0,0.0
2011-08-16 00:00:00-04:00,254.55909729003906,257.26080322265625,251.40713500976562,256.3602294921875,8115,0.0,0.0
2011-08-17 00:00:00-04:00,257.56097412109375,260.71295166015625,254.85928344726562,257.7110595703125,3784,0.0,0.0
2011-08-18 00:00:00-04:00,252.23265075683594,255.5347137451172,248.18011474609375,250.6566619873047,6249,0.0,0.0
2011-08-19 00:00:00-04:00,247.72982788085938,249.68104553222656,240.8255157470703,242.40150451660156,12552,0.0,0.0
2011-08-22 00:00:00-04:00,243.90243530273438,249.83114624023438,242.85177612304688,245.25328063964844,9954,0.0,0.0
2011-08-23 00:00:00-04:00,244.5028076171875,247.05441284179688,242.47654724121094,246.15383911132812,13418,0.0,0.0
2011-08-24 00:00:00-04:00,247.12945556640625,248.7054443359375,244.7279510498047,246.07879638671875,19041,0.0,0.0
2011-08-25 00:00:00-04:00,247.65478515625,250.5816192626953,242.85177612304688,245.1031951904297,17083,0.0,0.0
2011-08-26 00:00:00-04:00,245.62852478027344,246.67916870117188,241.12570190429688,246.30393981933594,16550,0.0,0.0
2011-08-29 00:00:00-04:00,249.30581665039062,255.0844268798828,249.30581665039062,252.7579803466797,8008,0.0,0.0
2011-08-30 00:00:00-04:00,252.08255004882812,255.3095703125,240.75047302246094,254.63414001464844,7315,0.0,0.0
2011-08-31 00:00:00-04:00,255.1594696044922,261.6885681152344,253.80862426757812,261.5384521484375,10553,0.0,0.0
2011-09-01 00:00:00-04:00,260.863037109375,266.64166259765625,260.863037109375,263.6397705078125,12379,0.0,0.0
2011-09-02 00:00:00-04:00,263.5647277832031,264.2401428222656,259.8874206542969,261.38836669921875,4984,0.0,0.0
2011-09-06 00:00:00-04:00,255.83489990234375,264.54034423828125,245.17823791503906,263.86492919921875,9447,0.0,0.0
2011-09-07 00:00:00-04:00,267.5422058105469,267.5422058105469,262.8893127441406,265.065673828125,10007,0.0,0.0
2011-09-08 00:00:00-04:00,263.48968505859375,268.2926940917969,263.48968505859375,267.3921203613281,7822,0.0,0.0
2011-09-09 00:00:00-04:00,265.3658447265625,266.8667907714844,259.4371337890625,260.6379089355469,14831,0.0,0.0
2011-09-12 00:00:00-04:00,259.8123779296875,264.315185546875,256.2851867675781,264.315185546875,9048,0.0,0.0
2011-09-13 00:00:00-04:00,266.94183349609375,269.8686828613281,265.065673828125,267.61724853515625,8755,0.0,0.0
2011-09-14 00:00:00-04:00,269.8686828613281,273.92120361328125,266.4915466308594,272.4202575683594,5357,0.0,0.0
2011-09-15 00:00:00-04:00,274.29644775390625,274.7467041015625,269.3433532714844,270.76922607421875,4837,0.0,0.0
2011-09-16 00:00:00-04:00,270.5440979003906,277.8236389160156,267.5422058105469,277.5234375,16137,0.0,0.0
2011-09-19 00:00:00-04:00,274.3714904785156,279.09942626953125,271.2195129394531,278.04876708984375,8062,0.0,0.0
2011-09-20 00:00:00-04:00,278.8742980957031,281.350830078125,276.3977355957031,277.9737243652344,5410,0.0,0.0
2011-09-21 00:00:00-04:00,277.1482238769531,280.90057373046875,273.9962463378906,275.7223205566406,5690,0.0,0.0
2011-09-22 00:00:00-04:00,269.4934387207031,277.37335205078125,265.3658447265625,265.6660461425781,6343,0.0,0.0
2011-09-23 00:00:00-04:00,267.4671630859375,270.3189392089844,266.7167053222656,269.2682800292969,7715,0.0,0.0
2011-09-26 00:00:00-04:00,270.1688537597656,271.81988525390625,263.0393981933594,264.6904296875,7182,0.0,0.0
2011-09-27 00:00:00-04:00,267.8424072265625,270.09381103515625,263.5647277832031,263.6397705078125,5170,0.0,0.0
2011-09-28 00:00:00-04:00,264.9155578613281,265.59100341796875,259.5872497558594,263.86492919921875,5610,0.0,0.0
2011-09-29 00:00:00-04:00,267.69232177734375,274.5215759277344,263.4146423339844,264.0150146484375,5730,0.0,0.0
2011-09-30 00:00:00-04:00,262.8893127441406,266.64166259765625,258.4615478515625,265.59100341796875,8914,0.0,0.0
2011-10-03 00:00:00-04:00,271.3695983886719,271.3695983886719,257.7861022949219,260.2626647949219,7449,0.0,0.0
2011-10-04 00:00:00-04:00,257.56097412109375,259.8874206542969,252.3827362060547,258.23638916015625,11579,0.0,0.0
2011-10-05 00:00:00-04:00,258.4615478515625,264.6153869628906,258.0112609863281,263.4146423339844,6303,0.0,0.0
2011-10-06 00:00:00-04:00,262.96435546875,267.1669921875,259.96246337890625,266.3414611816406,5983,0.0,0.0
2011-10-07 00:00:00-04:00,267.99249267578125,267.99249267578125,263.2645263671875,266.1913757324219,4824,0.0,0.0
2011-10-10 00:00:00-04:00,270.243896484375,270.39398193359375,264.84051513671875,266.94183349609375,6796,0.0,0.0
2011-10-11 00:00:00-04:00,270.09381103515625,275.8724060058594,270.0187683105469,272.49530029296875,7395,0.0,0.0
2011-10-12 00:00:00-04:00,274.22137451171875,278.3489685058594,273.92120361328125,277.07318115234375,7422,0.0,0.0
2011-10-13 00:00:00-04:00,277.6735534667969,278.3489685058594,274.6716613769531,274.6716613769531,4091,0.0,0.0
2011-10-14 00:00:00-04:00,277.9737243652344,279.1744689941406,274.3714904785156,274.6716613769531,4011,0.0,0.0
2011-10-17 00:00:00-04:00,275.1969909667969,276.32269287109375,269.5684814453125,269.71856689453125,3251,0.0,0.0
2011-10-18 00:00:00-04:00,270.39398193359375,273.92120361328125,270.39398193359375,272.1200866699219,3731,0.0,0.0
2011-10-19 00:00:00-04:00,271.2195129394531,272.34521484375,269.1181945800781,269.41839599609375,3731,0.0,0.0
2011-10-20 00:00:00-04:00,270.0187683105469,272.1200866699219,267.69232177734375,267.69232177734375,3091,0.0,0.0
2011-10-21 00:00:00-04:00,269.8686828613281,269.8686828613281,266.94183349609375,268.36773681640625,4477,0.0,0.0
2011-10-24 00:00:00-04:00,268.2926940917969,275.4221496582031,267.8424072265625,274.82177734375,7902,0.0,0.0
2011-10-25 00:00:00-04:00,274.5215759277344,279.3996276855469,270.76922607421875,277.9737243652344,7835,0.0,0.0
2011-10-26 00:00:00-04:00,281.4259033203125,281.4259033203125,275.7223205566406,280.8255310058594,8062,0.0,0.0
2011-10-27 00:00:00-04:00,285.17822265625,306.7167053222656,283.0769348144531,299.8123779296875,64453,0.0,0.0
2011-10-28 00:00:00-04:00,299.4371337890625,304.2401428222656,297.1106872558594,303.5647277832031,8928,0.0,0.0
2011-10-31 00:00:00-04:00,300.9380798339844,304.54034423828125,298.1613464355469,302.06378173828125,18961,0.0,0.0
2011-11-01 00:00:00-04:00,296.2851867675781,303.9399719238281,294.1838684082031,303.48968505859375,15017,0.0,0.0
2011-11-02 00:00:00-04:00,303.9399719238281,320.375244140625,302.81427001953125,320.375244140625,21973,0.0,0.0
2011-11-03 00:00:00-04:00,320.8255310058594,326.8292541503906,316.8480224609375,326.75421142578125,16456,0.0,0.0
2011-11-04 00:00:00-04:00,324.5778503417969,326.45404052734375,322.62664794921875,325.02813720703125,13019,0.0,0.0
2011-11-07 00:00:00-05:00,325.02813720703125,325.02813720703125,319.3245849609375,320.0,7369,0.0,0.0
2011-11-08 00:00:00-05:00,322.8517761230469,326.0037536621094,320.6003723144531,320.9756164550781,9687,0.0,0.0
2011-11-09 00:00:00-05:00,317.5985107421875,325.3283386230469,317.2983093261719,321.87615966796875,7036,0.0,0.0
2011-11-10 00:00:00-05:00,322.7767333984375,324.65289306640625,315.4971923828125,318.9493408203125,7315,0.0,0.0
2011-11-11 00:00:00-05:00,320.52532958984375,330.8818054199219,320.52532958984375,330.0562744140625,17562,0.0,0.0
2011-11-14 00:00:00-05:00,329.9812316894531,329.9812316894531,326.2288818359375,328.4052429199219,13951,0.0,0.0
2011-11-15 00:00:00-05:00,327.9549865722656,336.88555908203125,327.9549865722656,336.7354736328125,13458,0.0,0.0
2011-11-16 00:00:00-05:00,337.3358459472656,342.589111328125,335.5346984863281,339.8874206542969,17376,0.0,0.0
2011-11-17 00:00:00-05:00,341.01312255859375,342.96435546875,339.8123779296875,342.6641540527344,16896,0.0,0.0
2011-11-18 00:00:00-05:00,344.6153869628906,344.6153869628906,335.7598571777344,341.6134948730469,15684,0.0,0.0
2011-11-21 00:00:00-05:00,340.863037109375,344.54034423828125,339.2120056152344,340.1876220703125,17882,0.0,0.0
2011-11-22 00:00:00-05:00,340.03753662109375,349.5684814453125,339.0619201660156,348.142578125,17256,0.0,0.0
2011-11-23 00:00:00-05:00,345.89117431640625,349.9437255859375,345.3658447265625,349.1932373046875,15004,0.0,0.0
2011-11-25 00:00:00-05:00,348.0675354003906,351.44464111328125,345.4408874511719,346.7167053222656,9501,0.0,0.0
2011-11-28 00:00:00-05:00,352.9455871582031,353.696044921875,350.09381103515625,352.87054443359375,12699,0.0,0.0
2011-11-29 00:00:00-05:00,354.29644775390625,355.1969909667969,348.4427795410156,350.243896484375,17789,0.0,0.0
2011-11-30 00:00:00-05:00,356.02252197265625,358.4990539550781,352.7955017089844,357.2983093261719,33912,0.0,0.0
2011-12-01 00:00:00-05:00,356.4728088378906,359.1744689941406,352.7955017089844,358.12384033203125,22719,0.0,0.0
2011-12-02 00:00:00-05:00,359.2495422363281,361.350830078125,358.649169921875,360.9756164550781,20241,0.0,0.0
2011-12-05 00:00:00-05:00,361.95123291015625,364.1275939941406,359.5497131347656,362.0262756347656,21480,0.0,0.0
2011-12-06 00:00:00-05:00,364.1275939941406,373.9587097167969,362.3264465332031,372.4577941894531,29768,0.0,0.0
2011-12-07 00:00:00-05:00,373.1332092285156,374.3339538574219,368.4052429199219,374.3339538574219,17283,0.0,0.0
2011-12-08 00:00:00-05:00,371.63226318359375,378.4615478515625,371.63226318359375,376.8105163574219,33539,0.0,0.0
2011-12-09 00:00:00-05:00,376.7354736328125,377.26080322265625,375.3095703125,376.9606018066406,37430,0.0,0.0
2011-12-12 00:00:00-05:00,378.3865051269531,382.2138977050781,374.8592834472656,380.4127502441406,17163,0.0,0.0
2011-12-13 00:00:00-05:00,381.5384521484375,385.1407165527344,380.03753662109375,380.48779296875,18415,0.0,0.0
2011-12-14 00:00:00-05:00,377.7861022949219,384.9906311035156,370.7317199707031,371.5572204589844,14671,0.0,0.0
2011-12-15 00:00:00-05:00,373.2832946777344,373.6585388183594,366.8292541503906,369.005615234375,27983,0.0,0.0
2011-12-16 00:00:00-05:00,370.3564758300781,375.2345275878906,365.70355224609375,372.68292236328125,19974,0.0,0.0
2011-12-19 00:00:00-05:00,374.7091979980469,375.9099426269531,370.8818054199219,371.857421875,9594,0.0,0.0
2011-12-20 00:00:00-05:00,374.10882568359375,375.2345275878906,373.8086242675781,374.4840393066406,14857,0.0,0.0
2011-12-21 00:00:00-05:00,373.58349609375,374.40899658203125,370.8818054199219,373.1332092285156,10980,0.0,0.0
2011-12-22 00:00:00-05:00,372.9831237792969,374.78424072265625,371.857421875,372.9080810546875,7848,0.0,0.0
2011-12-23 00:00:00-05:00,374.1838684082031,376.51031494140625,373.8086242675781,374.7091979980469,10007,0.0,0.0
2011-12-27 00:00:00-05:00,375.2345275878906,380.1125793457031,374.0337829589844,375.7598571777344,20454,0.0,0.0
2011-12-28 00:00:00-05:00,375.2345275878906,377.6360168457031,374.10882568359375,375.2345275878906,9128,0.0,0.0
2011-12-29 00:00:00-05:00,375.2345275878906,376.88555908203125,374.78424072265625,375.9099426269531,11273,0.0,0.0
2011-12-30 00:00:00-05:00,376.21014404296875,377.3358459472656,375.7598571777344,376.5853576660156,4944,0.0,0.0
2012-01-03 00:00:00-05:00,379.5872497558594,381.38836669921875,369.0806884765625,369.6810607910156,9607,0.0,0.0
2012-01-04 00:00:00-05:00,368.85552978515625,370.8067626953125,359.47467041015625,364.35272216796875,26423,0.0,0.0
2012-01-05 00:00:00-05:00,362.92681884765625,378.0863037109375,362.92681884765625,377.7110595703125,19281,0.0,0.0
2012-01-06 00:00:00-05:00,376.51031494140625,380.5628662109375,376.51031494140625,378.9118347167969,14071,0.0,0.0
2012-01-09 00:00:00-05:00,378.98687744140625,379.4371337890625,376.9606018066406,378.0863037109375,25304,0.0,0.0
2012-01-10 00:00:00-05:00,379.2120056152344,381.01312255859375,373.35833740234375,373.35833740234375,17656,0.0,0.0
2012-01-11 00:00:00-05:00,373.58349609375,374.6341552734375,362.7767333984375,366.9793701171875,27729,0.0,0.0
2012-01-12 00:00:00-05:00,370.7317199707031,379.2120056152344,361.95123291015625,378.4615478515625,13951,0.0,0.0
2012-01-13 00:00:00-05:00,375.9849853515625,380.33770751953125,375.2345275878906,378.6866760253906,8755,0.0,0.0
2012-01-17 00:00:00-05:00,380.2626647949219,382.73919677734375,379.2120056152344,379.7373352050781,11393,0.0,0.0
2012-01-18 00:00:00-05:00,380.2626647949219,381.38836669921875,378.98687744140625,378.98687744140625,4371,0.0,0.0
2012-01-19 00:00:00-05:00,379.7373352050781,381.3133239746094,376.5853576660156,377.56097412109375,10300,0.0,0.0
2012-01-20 00:00:00-05:00,377.56097412109375,381.8386535644531,377.56097412109375,380.03753662109375,8315,0.0,0.0
2012-01-23 00:00:00-05:00,382.5140686035156,394.7467041015625,380.33770751953125,390.6941833496094,27769,0.0,0.0
2012-01-24 00:00:00-05:00,390.9193115234375,399.2495422363281,386.3414611816406,397.1482238769531,22732,0.0,0.0
2012-01-25 00:00:00-05:00,397.4483947753906,400.6754150390625,394.5215759277344,399.84991455078125,10460,0.0,0.0
2012-01-26 00:00:00-05:00,402.101318359375,407.2044982910156,399.2495422363281,406.2288818359375,21054,0.0,0.0
2012-01-27 00:00:00-05:00,407.9549865722656,407.9549865722656,404.20263671875,405.70355224609375,19335,0.0,0.0
2012-01-30 00:00:00-05:00,405.2532958984375,405.2532958984375,399.3245849609375,400.15008544921875,13978,0.0,0.0
2012-01-31 00:00:00-05:00,402.62664794921875,405.17822265625,400.375244140625,401.4259033203125,9381,0.0,0.0
2012-02-01 00:00:00-05:00,405.553466796875,405.8536682128906,400.375244140625,403.6022644042969,8954,0.0,0.0
2012-02-02 00:00:00-05:00,403.30206298828125,407.9549865722656,402.101318359375,404.5028076171875,12019,0.0,0.0
2012-02-03 00:00:00-05:00,404.8030090332031,404.8030090332031,394.8968200683594,398.4990539550781,10553,0.0,0.0
2012-02-06 00:00:00-05:00,396.5478515625,398.27392578125,393.54595947265625,397.2232666015625,5810,0.0,0.0
2012-02-07 00:00:00-05:00,395.9474792480469,397.898681640625,393.6210021972656,396.172607421875,9581,0.0,0.0
2012-02-08 00:00:00-05:00,396.2476501464844,397.9737243652344,393.4709167480469,394.29644775390625,6623,0.0,0.0
2012-02-09 00:00:00-05:00,396.6228942871094,403.97747802734375,393.24578857421875,399.0243835449219,9567,0.0,0.0
2012-02-10 00:00:00-05:00,398.4990539550781,405.3283386230469,377.26080322265625,378.98687744140625,25611,0.0,0.0
2012-02-13 00:00:00-05:00,381.5384521484375,387.0919189453125,377.3358459472656,384.54034423828125,23758,0.0,0.0
2012-02-14 00:00:00-05:00,385.065673828125,397.37335205078125,385.065673828125,397.37335205078125,24238,0.0,0.0
2012-02-15 00:00:00-05:00,400.375244140625,407.279541015625,396.172607421875,401.5009460449219,22972,0.0,0.0
2012-02-16 00:00:00-05:00,412.7579650878906,423.78985595703125,403.7523498535156,410.4315185546875,51808,0.0,0.0
2012-02-17 00:00:00-05:00,412.38275146484375,448.2551574707031,412.2326354980469,443.827392578125,50009,0.0,0.0
2012-02-21 00:00:00-05:00,449.8311462402344,455.5346984863281,442.7767333984375,451.482177734375,42493,0.0,0.0
2012-02-22 00:00:00-05:00,448.55535888671875,474.446533203125,448.48028564453125,468.89306640625,49502,0.0,0.0
2012-02-23 00:00:00-05:00,472.5703430175781,485.553466796875,458.6866760253906,480.2251281738281,42867,0.0,0.0
2012-02-24 00:00:00-05:00,478.4990539550781,493.1332092285156,478.4990539550781,484.8780517578125,30887,0.0,0.0
2012-02-27 00:00:00-05:00,487.3545837402344,489.6810607910156,468.142578125,486.1538391113281,24398,0.0,0.0
2012-02-28 00:00:00-05:00,490.3564758300781,492.30767822265625,478.649169921875,483.0769348144531,16923,0.0,0.0
2012-02-29 00:00:00-05:00,486.303955078125,489.380859375,477.1482238769531,483.6022644042969,19228,0.0,0.0
2012-03-01 00:00:00-05:00,483.6022644042969,486.9043273925781,477.1482238769531,477.2983093261719,28569,0.0,0.0
2012-03-02 00:00:00-05:00,476.9230651855469,478.42401123046875,471.969970703125,475.9474792480469,22972,0.0,0.0
2012-03-05 00:00:00-05:00,483.3771057128906,483.3771057128906,476.3977355957031,479.1744689941406,24305,0.0,0.0
2012-03-06 00:00:00-05:00,479.47467041015625,485.8536682128906,472.7955017089844,479.3996276855469,17776,0.0,0.0
2012-03-07 00:00:00-05:00,483.5271911621094,486.3789978027344,476.5478515625,477.2232666015625,22559,0.0,0.0
2012-03-08 00:00:00-05:00,476.7729797363281,477.5985107421875,447.2044982910156,459.4371337890625,56045,0.0,0.0
2012-03-09 00:00:00-05:00,457.26080322265625,478.649169921875,457.26080322265625,474.7467041015625,28742,0.0,0.0
2012-03-12 00:00:00-04:00,475.7223205566406,480.3002014160156,472.720458984375,476.02252197265625,21760,0.0,0.0
2012-03-13 00:00:00-04:00,480.3002014160156,480.8255310058594,469.3433532714844,477.07318115234375,21200,0.0,0.0
2012-03-14 00:00:00-04:00,478.8742980957031,482.8517761230469,469.8686828613281,478.5740966796875,17829,0.0,0.0
2012-03-15 00:00:00-04:00,483.2270202636719,483.2270202636719,475.4971923828125,476.7729797363281,17496,0.0,0.0
2012-03-16 00:00:00-04:00,478.79925537109375,480.3002014160156,468.66790771484375,470.3189392089844,14151,0.0,0.0
2012-03-19 00:00:00-04:00,469.7936096191406,486.9043273925781,465.4408874511719,481.6510314941406,21107,0.0,0.0
2012-03-20 00:00:00-04:00,479.3996276855469,485.4784240722656,477.8236389160156,481.87615966796875,11633,0.0,0.0
2012-03-21 00:00:00-04:00,485.3283386230469,485.3283386230469,479.6997985839844,482.0262756347656,11886,0.0,0.0
2012-03-22 00:00:00-04:00,479.3996276855469,480.375244140625,465.2908020019531,476.69793701171875,14391,0.0,0.0
2012-03-23 00:00:00-04:00,475.5722351074219,480.8255310058594,468.9681091308594,475.7223205566406,10993,0.0,0.0
2012-03-26 00:00:00-04:00,480.0750427246094,483.97747802734375,473.696044921875,478.27392578125,16097,0.0,0.0
2012-03-27 00:00:00-04:00,478.79925537109375,481.0506591796875,469.3433532714844,473.0956726074219,12072,0.0,0.0
2012-03-28 00:00:00-04:00,474.82177734375,476.4728088378906,463.7148132324219,466.41650390625,12699,0.0,0.0
2012-03-29 00:00:00-04:00,467.2420349121094,472.5703430175781,456.88555908203125,469.8686828613281,16630,0.0,0.0
2012-03-30 00:00:00-04:00,471.3695983886719,471.3695983886719,454.0337829589844,455.0844421386719,17802,0.0,0.0
2012-04-02 00:00:00-04:00,452.9080810546875,469.04315185546875,451.9324645996094,467.5422058105469,14777,0.0,0.0
2012-04-03 00:00:00-04:00,468.89306640625,476.4728088378906,466.1913757324219,469.9437255859375,9940,0.0,0.0
2012-04-04 00:00:00-04:00,467.9174499511719,469.9437255859375,455.5346984863281,456.660400390625,13645,0.0,0.0
2012-04-05 00:00:00-04:00,455.5346984863281,461.3133239746094,452.8330078125,458.61163330078125,11153,0.0,0.0
2012-04-09 00:00:00-04:00,453.05816650390625,456.51031494140625,440.52532958984375,445.8536682128906,21014,0.0,0.0
2012-04-10 00:00:00-04:00,444.0525207519531,444.4277648925781,426.1913757324219,427.99249267578125,18868,0.0,0.0
2012-04-11 00:00:00-04:00,433.3208312988281,437.2983093261719,426.3414611816406,429.9437255859375,23705,0.0,0.0
2012-04-12 00:00:00-04:00,430.5440979003906,441.20074462890625,430.5440979003906,437.5234375,20920,0.0,0.0
2012-04-13 00:00:00-04:00,435.64727783203125,439.9249572753906,427.7673645019531,432.7955017089844,15777,0.0,0.0
2012-04-16 00:00:00-04:00,431.2195129394531,434.6716613769531,428.0675354003906,433.0956726074219,10127,0.0,0.0
2012-04-17 00:00:00-04:00,434.82177734375,442.4765625,433.7711181640625,435.4221496582031,10260,0.0,0.0
2012-04-18 00:00:00-04:00,435.27203369140625,446.3789978027344,433.3208312988281,444.20263671875,8168,0.0,0.0
2012-04-19 00:00:00-04:00,443.9024353027344,448.030029296875,436.172607421875,442.4765625,30221,0.0,0.0
2012-04-20 00:00:00-04:00,433.7711181640625,447.5797424316406,433.7711181640625,442.0262756347656,23319,0.0,0.0
2012-04-23 00:00:00-04:00,438.8742980957031,443.3771057128906,435.4971923828125,440.6003723144531,10940,0.0,0.0
2012-04-24 00:00:00-04:00,440.8255310058594,443.9024353027344,438.12384033203125,441.20074462890625,25637,0.0,0.0
2012-04-25 00:00:00-04:00,443.0769348144531,451.63226318359375,441.20074462890625,449.756103515625,15230,0.0,0.0
2012-04-26 00:00:00-04:00,454.5591125488281,472.7955017089844,433.3208312988281,457.410888671875,28675,0.0,0.0
2012-04-27 00:00:00-04:00,460.4127502441406,463.2645263671875,453.43341064453125,454.1838684082031,12925,0.0,0.0
2012-04-30 00:00:00-04:00,455.684814453125,463.4146423339844,446.2288818359375,449.005615234375,6383,0.0,0.0
2012-05-01 00:00:00-04:00,449.005615234375,451.5572204589844,442.7016906738281,443.827392578125,12392,0.0,0.0
2012-05-02 00:00:00-04:00,443.4521484375,445.02813720703125,435.4971923828125,443.4521484375,6929,0.0,0.0
2012-05-03 00:00:00-04:00,445.6285095214844,447.5797424316406,439.09942626953125,445.3283386230469,11046,0.0,0.0
2012-05-04 00:00:00-04:00,443.9024353027344,443.9024353027344,427.5422058105469,429.1932373046875,12406,0.0,0.0
2012-05-07 00:00:00-04:00,426.3414611816406,427.1669921875,420.2626647949219,421.6885681152344,12659,0.0,0.0
2012-05-08 00:00:00-04:00,420.33770751953125,422.589111328125,403.7523498535156,407.4296569824219,24505,0.0,0.0
2012-05-09 00:00:00-04:00,405.02813720703125,410.0562744140625,401.5009460449219,407.0544128417969,26996,0.0,0.0
2012-05-10 00:00:00-04:00,408.18011474609375,412.4577941894531,401.4259033203125,405.02813720703125,22786,0.0,0.0
2012-05-11 00:00:00-04:00,402.3264465332031,428.9681091308594,399.6997985839844,426.1163330078125,17349,0.0,0.0
2012-05-14 00:00:00-04:00,424.315185546875,426.1163330078125,416.88555908203125,421.3133239746094,7595,0.0,0.0
2012-05-15 00:00:00-04:00,420.1876220703125,430.243896484375,420.1876220703125,426.7167053222656,14431,0.0,0.0
2012-05-16 00:00:00-04:00,426.56658935546875,426.56658935546875,413.35833740234375,415.2345275878906,9328,0.0,0.0
2012-05-17 00:00:00-04:00,415.0093688964844,415.0844421386719,390.3189392089844,392.87054443359375,17856,0.0,0.0
2012-05-18 00:00:00-04:00,394.6716613769531,405.8536682128906,391.969970703125,402.0262756347656,13592,0.0,0.0
2012-05-21 00:00:00-04:00,401.350830078125,405.2532958984375,394.82177734375,403.6022644042969,15684,0.0,0.0
2012-05-22 00:00:00-04:00,405.2532958984375,420.2626647949219,403.3771057128906,416.5853576660156,20067,0.0,0.0
2012-05-23 00:00:00-04:00,416.4352722167969,431.2945556640625,415.3846130371094,430.8442687988281,17975,0.0,0.0
2012-05-24 00:00:00-04:00,429.9437255859375,450.2063903808594,426.94183349609375,442.92681884765625,31007,0.0,0.0
2012-05-25 00:00:00-04:00,441.95123291015625,442.25140380859375,431.969970703125,435.1219482421875,12379,0.0,0.0
2012-05-29 00:00:00-04:00,437.8236389160156,443.0018615722656,429.1932373046875,431.51971435546875,11180,0.0,0.0
2012-05-30 00:00:00-04:00,428.66790771484375,434.5215759277344,426.791748046875,428.4427795410156,12992,0.0,0.0
2012-05-31 00:00:00-04:00,429.7936096191406,435.27203369140625,424.4653015136719,434.22137451171875,43853,0.0,0.0
2012-06-01 00:00:00-04:00,431.6697998046875,434.59661865234375,426.26641845703125,433.54595947265625,25917,0.0,0.0
2012-06-04 00:00:00-04:00,431.6697998046875,447.2044982910156,429.1932373046875,443.6022644042969,20827,0.0,0.0
2012-06-05 00:00:00-04:00,445.1031799316406,473.54595947265625,442.7767333984375,469.04315185546875,44719,0.0,0.0
2012-06-06 00:00:00-04:00,473.3208312988281,485.2532958984375,470.09381103515625,483.30206298828125,27103,0.0,0.0
2012-06-07 00:00:00-04:00,486.0037536621094,486.2288818359375,476.5478515625,478.4990539550781,12006,0.0,0.0
2012-06-08 00:00:00-04:00,480.15008544921875,499.136962890625,476.6228942871094,487.3545837402344,23679,0.0,0.0
2012-06-11 00:00:00-04:00,496.51031494140625,498.0863037109375,488.030029296875,491.482177734375,15417,0.0,0.0
2012-06-12 00:00:00-04:00,491.0318908691406,503.0393981933594,491.0318908691406,496.2851867675781,13032,0.0,0.0
2012-06-13 00:00:00-04:00,497.3358459472656,498.5365905761719,489.9812316894531,495.45965576171875,14458,0.0,0.0
2012-06-14 00:00:00-04:00,493.208251953125,499.2120056152344,490.4315185546875,490.4315185546875,22626,0.0,0.0
2012-06-15 00:00:00-04:00,491.857421875,507.0168762207031,478.4990539550781,505.8161315917969,11833,0.0,0.0
2012-06-18 00:00:00-04:00,506.41650390625,528.8555297851562,501.23828125,528.1050415039062,28062,0.0,0.0
2012-06-19 00:00:00-04:00,530.4315185546875,544.9155883789062,527.0543823242188,538.6116333007812,41161,0.0,0.0
2012-06-20 00:00:00-04:00,542.2889404296875,542.2889404296875,528.7054443359375,532.60791015625,16776,0.0,0.0
2012-06-21 00:00:00-04:00,536.5103149414062,538.5365600585938,526.904296875,527.9549560546875,26304,0.0,0.0
2012-06-22 00:00:00-04:00,528.2551879882812,536.5853881835938,524.5028076171875,531.7073364257812,9128,0.0,0.0
2012-06-25 00:00:00-04:00,529.4559326171875,534.7091674804688,525.553466796875,531.1820068359375,11260,0.0,0.0
2012-06-26 00:00:00-04:00,527.3546142578125,538.8367919921875,527.0543823242188,538.0863037109375,12552,0.0,0.0
2012-06-27 00:00:00-04:00,538.0863037109375,544.4652709960938,537.8611450195312,543.0394287109375,19894,0.0,0.0
2012-06-28 00:00:00-04:00,541.0131225585938,543.339599609375,532.5328369140625,538.386474609375,7529,0.0,0.0
2012-06-29 00:00:00-04:00,543.339599609375,549.5684814453125,538.4615478515625,549.5684814453125,13565,0.0,0.0
2012-07-02 00:00:00-04:00,551.8949584960938,569.9061889648438,551.8949584960938,567.7298583984375,17682,0.0,0.0
2012-07-03 00:00:00-04:00,569.1557006835938,571.857421875,562.1763305664062,566.0787963867188,7515,0.0,0.0
2012-07-05 00:00:00-04:00,557.0731811523438,565.2532958984375,557.0731811523438,562.7767333984375,17256,0.0,0.0
2012-07-06 00:00:00-04:00,561.0506591796875,566.3789672851562,555.3471069335938,558.649169921875,7942,0.0,0.0
2012-07-09 00:00:00-04:00,558.649169921875,558.649169921875,549.493408203125,558.0487670898438,15137,0.0,0.0
2012-07-10 00:00:00-04:00,558.0487670898438,562.6266479492188,542.2889404296875,549.0431518554688,14924,0.0,0.0
2012-07-11 00:00:00-04:00,548.4427490234375,553.0206298828125,543.7898559570312,550.619140625,8608,0.0,0.0
2012-07-12 00:00:00-04:00,548.6679077148438,549.268310546875,502.81427001953125,530.5816040039062,34525,0.0,0.0
2012-07-13 00:00:00-04:00,531.4071044921875,554.2964477539062,531.4071044921875,554.2964477539062,13112,0.0,0.0
2012-07-16 00:00:00-04:00,554.5966186523438,564.577880859375,554.2964477539062,562.851806640625,10047,0.0,0.0
2012-07-17 00:00:00-04:00,562.851806640625,564.7279663085938,550.3189697265625,559.7748413085938,9847,0.0,0.0
2012-07-18 00:00:00-04:00,562.6266479492188,570.506591796875,562.4014892578125,565.7035522460938,15617,0.0,0.0
2012-07-19 00:00:00-04:00,570.13134765625,573.3583374023438,566.0787963867188,569.380859375,13059,0.0,0.0
2012-07-20 00:00:00-04:00,566.529052734375,570.8817749023438,557.7485961914062,568.4802856445312,8448,0.0,0.0
2012-07-23 00:00:00-04:00,563.076904296875,565.8536376953125,554.3714599609375,558.649169921875,4877,0.0,0.0
2012-07-24 00:00:00-04:00,556.9981079101562,559.624755859375,550.8442993164062,553.8461303710938,13525,0.0,0.0
2012-07-25 00:00:00-04:00,552.34521484375,568.7054443359375,551.5947265625,558.4990844726562,8568,0.0,0.0
2012-07-26 00:00:00-04:00,562.6266479492188,564.953125,540.4127807617188,546.3414916992188,24758,0.0,0.0
2012-07-27 00:00:00-04:00,534.7091674804688,556.0225219726562,534.7091674804688,554.82177734375,16030,0.0,0.0
2012-07-30 00:00:00-04:00,551.5947265625,594.3714599609375,551.5197143554688,581.5384521484375,35338,0.0,0.0
2012-07-31 00:00:00-04:00,581.613525390625,586.4915771484375,579.3621215820312,582.0637817382812,15057,0.0,0.0
2012-08-01 00:00:00-04:00,582.1388549804688,589.1182250976562,572.457763671875,583.71484375,16470,0.0,0.0
2012-08-02 00:00:00-04:00,582.2889404296875,589.268310546875,579.887451171875,584.5403442382812,20214,0.0,0.0
2012-08-03 00:00:00-04:00,585.3658447265625,595.8724365234375,583.8649291992188,588.3677368164062,26277,0.0,0.0
2012-08-06 00:00:00-04:00,601.5759887695312,621.613525390625,598.7241821289062,614.333984375,31407,0.0,0.0
2012-08-07 00:00:00-04:00,617.1857299804688,629.1182250976562,613.8836669921875,621.3132934570312,16217,0.0,0.0
2012-08-08 00:00:00-04:00,621.7636108398438,633.6210327148438,617.3358154296875,632.6453857421875,13072,0.0,0.0
2012-08-09 00:00:00-04:00,635.9474487304688,635.9474487304688,624.7655029296875,627.4671630859375,20401,0.0,0.0
2012-08-10 00:00:00-04:00,626.6416625976562,630.1688842773438,622.96435546875,627.39208984375,13578,0.0,0.0
2012-08-13 00:00:00-04:00,626.6416625976562,636.5478515625,624.8405151367188,635.422119140625,18375,0.0,0.0
2012-08-14 00:00:00-04:00,637.29833984375,637.3733520507812,632.720458984375,633.696044921875,8515,0.0,0.0
2012-08-15 00:00:00-04:00,628.6679077148438,637.6735229492188,628.517822265625,635.5722045898438,15897,0.0,0.0
2012-08-16 00:00:00-04:00,637.898681640625,671.5947265625,637.7485961914062,670.243896484375,35178,0.0,0.0
2012-08-17 00:00:00-04:00,672.9456176757812,682.3264770507812,662.2889404296875,681.350830078125,15657,0.0,0.0
2012-08-20 00:00:00-04:00,684.3527221679688,692.60791015625,672.2701416015625,675.79736328125,30261,0.0,0.0
2012-08-21 00:00:00-04:00,673.696044921875,677.8236694335938,635.9474487304688,638.7241821289062,51914,0.0,0.0
2012-08-22 00:00:00-04:00,634.82177734375,638.4990844726562,627.9924926757812,637.5234375,31634,0.0,0.0
2012-08-23 00:00:00-04:00,637.5234375,637.9737548828125,623.7898559570312,631.2945556640625,21333,0.0,0.0
2012-08-24 00:00:00-04:00,633.696044921875,636.4727783203125,629.0431518554688,631.1444702148438,15697,0.0,0.0
2012-08-27 00:00:00-04:00,634.1463623046875,640.8255004882812,627.9924926757812,633.7711181640625,19868,0.0,0.0
2012-08-28 00:00:00-04:00,633.32080078125,642.0262451171875,630.6942138671875,641.5759887695312,7942,0.0,0.0
2012-08-29 00:00:00-04:00,642.4765625,651.3320922851562,640.75048828125,642.3264770507812,12605,0.0,0.0
2012-08-30 00:00:00-04:00,641.0506591796875,641.0506591796875,619.9624633789062,627.3170776367188,14298,0.0,0.0
2012-08-31 00:00:00-04:00,629.6435546875,636.923095703125,629.6435546875,632.5703735351562,6996,0.0,0.0
2012-09-04 00:00:00-04:00,632.5703735351562,648.2551879882812,628.7429809570312,645.4033813476562,13472,0.0,0.0
2012-09-05 00:00:00-04:00,646.67919921875,659.136962890625,646.0037231445312,655.8348999023438,16816,0.0,0.0
2012-09-06 00:00:00-04:00,660.2626342773438,660.4127807617188,652.9080810546875,658.3114624023438,18069,0.0,0.0
2012-09-07 00:00:00-04:00,655.9099731445312,656.06005859375,642.3264770507812,644.20263671875,8222,0.0,0.0
2012-09-10 00:00:00-04:00,648.1050415039062,660.4127807617188,645.553466796875,655.0093994140625,14484,0.0,0.0
2012-09-11 00:00:00-04:00,658.5365600585938,660.112548828125,654.4840698242188,657.03564453125,11140,0.0,0.0
2012-09-12 00:00:00-04:00,660.5628662109375,681.6510620117188,658.9868774414062,671.2945556640625,15977,0.0,0.0
2012-09-13 00:00:00-04:00,673.7711181640625,685.9287109375,664.1651000976562,683.3771362304688,23399,0.0,0.0
2012-09-14 00:00:00-04:00,687.5797119140625,687.5797119140625,667.8424072265625,673.6210327148438,17296,0.0,0.0
2012-09-17 00:00:00-04:00,669.0431518554688,683.3771362304688,669.0431518554688,677.29833984375,11539,0.0,0.0
2012-09-18 00:00:00-04:00,681.350830078125,682.851806640625,668.517822265625,669.9437255859375,8888,0.0,0.0
2012-09-19 00:00:00-04:00,675.4971923828125,676.172607421875,671.36962890625,671.36962890625,4970,0.0,0.0
2012-09-20 00:00:00-04:00,672.1200561523438,680.0,671.2945556640625,678.874267578125,10527,0.0,0.0
2012-09-21 00:00:00-04:00,680.5253295898438,685.9287109375,668.9680786132812,669.6435546875,13098,0.0,0.0
2012-09-24 00:00:00-04:00,669.0431518554688,669.1182250976562,649.005615234375,654.7091674804688,13538,0.0,0.0
2012-09-25 00:00:00-04:00,651.482177734375,654.333984375,634.1463623046875,639.9249267578125,23545,0.0,0.0
2012-09-26 00:00:00-04:00,637.6735229492188,642.6266479492188,628.2926635742188,631.8949584960938,18722,0.0,0.0
2012-09-27 00:00:00-04:00,635.3471069335938,654.333984375,629.1182250976562,645.7786254882812,19348,0.0,0.0
2012-09-28 00:00:00-04:00,643.4521484375,648.4052734375,630.5440673828125,647.279541015625,17482,0.0,0.0
2012-10-01 00:00:00-04:00,650.9568481445312,664.8405151367188,649.5309448242188,664.0900268554688,25238,0.0,0.0
2012-10-02 00:00:00-04:00,667.4671630859375,672.4953002929688,651.1820068359375,660.7879638671875,11793,0.0,0.0
2012-10-03 00:00:00-04:00,665.3658447265625,776.2101440429688,665.3658447265625,770.6566772460938,135489,0.0,0.0
2012-10-04 00:00:00-04:00,762.5515747070312,864.6904296875,744.0150146484375,856.28515625,105374,0.0,0.0
2012-10-05 00:00:00-04:00,856.8104858398438,868.517822265625,824.6153564453125,836.3226928710938,42294,0.0,0.0
2012-10-08 00:00:00-04:00,831.36962890625,851.2570190429688,830.4690551757812,838.9493408203125,25171,0.0,0.0
2012-10-09 00:00:00-04:00,837.2232666015625,837.2232666015625,806.0037231445312,813.58349609375,32833,0.0,0.0
2012-10-10 00:00:00-04:00,811.9324340820312,831.1444702148438,806.6041259765625,813.4334106445312,24172,0.0,0.0
2012-10-11 00:00:00-04:00,819.8123779296875,844.953125,819.8123779296875,833.6210327148438,20161,0.0,0.0
2012-10-12 00:00:00-04:00,832.2701416015625,863.1895141601562,832.2701416015625,861.0131225585938,12992,0.0,0.0
2012-10-15 00:00:00-04:00,869.1932373046875,878.5740966796875,852.457763671875,860.863037109375,21280,0.0,0.0
2012-10-16 00:00:00-04:00,858.5365600585938,889.1557006835938,857.410888671875,881.350830078125,16923,0.0,0.0
2012-10-17 00:00:00-04:00,884.2776489257812,888.4802856445312,875.79736328125,878.4240112304688,23758,0.0,0.0
2012-10-18 00:00:00-04:00,876.9981079101562,876.9981079101562,835.9474487304688,839.3245849609375,23692,0.0,0.0
2012-10-19 00:00:00-04:00,830.9193115234375,859.3621215820312,826.41650390625,839.9249267578125,25637,0.0,0.0
2012-10-22 00:00:00-04:00,837.3733520507812,867.9174194335938,833.0206298828125,840.75048828125,25424,0.0,0.0
2012-10-23 00:00:00-04:00,833.0206298828125,833.0206298828125,809.6060180664062,823.71484375,36271,0.0,0.0
2012-10-24 00:00:00-04:00,824.0900268554688,973.5084228515625,823.6397705078125,933.0581665039062,124962,0.0,0.0
2012-10-25 00:00:00-04:00,916.0975341796875,956.8480224609375,861.1632080078125,869.7936401367188,128693,0.0,0.0
2012-10-26 00:00:00-04:00,863.4896850585938,874.9718627929688,839.624755859375,866.1163330078125,41681,0.0,0.0
2012-10-31 00:00:00-04:00,861.5384521484375,872.5703735351562,841.2758178710938,851.7823486328125,22199,0.0,0.0
2012-11-01 00:00:00-04:00,842.6266479492188,863.93994140625,816.3602294921875,828.0675659179688,35325,0.0,0.0
2012-11-02 00:00:00-04:00,830.243896484375,862.0637817382812,824.3902587890625,833.0206298828125,15097,0.0,0.0
2012-11-05 00:00:00-05:00,834.8967895507812,844.577880859375,756.0975341796875,807.7298583984375,64506,0.0,0.0
2012-11-06 00:00:00-05:00,808.1050415039062,814.8593139648438,791.1444702148438,800.0,24878,0.0,0.0
2012-11-07 00:00:00-05:00,788.3677368164062,858.76171875,785.8911743164062,840.0750732421875,39362,0.0,0.0
2012-11-08 00:00:00-05:00,840.5253295898438,864.1651000976562,830.619140625,840.4502563476562,22866,0.0,0.0
2012-11-09 00:00:00-05:00,833.0206298828125,848.5553588867188,811.5572509765625,822.3639526367188,19521,0.0,0.0
2012-11-12 00:00:00-05:00,818.8367919921875,843.076904296875,800.375244140625,804.1275634765625,23066,0.0,0.0
2012-11-13 00:00:00-05:00,795.5722045898438,823.8649291992188,790.1688842773438,791.8198852539062,24651,0.0,0.0
2012-11-14 00:00:00-05:00,782.2138671875,789.1182250976562,761.72607421875,768.780517578125,38802,0.0,0.0
2012-11-15 00:00:00-05:00,761.2758178710938,765.4783935546875,728.030029296875,754.3714599609375,47584,0.0,0.0
2012-11-16 00:00:00-05:00,751.5197143554688,781.838623046875,744.2401733398438,779.51220703125,30661,0.0,0.0
2012-11-19 00:00:00-05:00,790.3939819335938,802.5515747070312,771.3320922851562,791.7448120117188,33166,0.0,0.0
2012-11-20 00:00:00-05:00,792.720458984375,796.0225219726562,774.6341552734375,784.0150146484375,12885,0.0,0.0
2012-11-21 00:00:00-05:00,783.6397705078125,798.1988525390625,773.0581665039062,794.3714599609375,18415,0.0,0.0
2012-11-23 00:00:00-05:00,792.8705444335938,795.4971923828125,770.2063598632812,780.2626342773438,11739,0.0,0.0
2012-11-26 00:00:00-05:00,775.5347290039062,783.7898559570312,761.5759887695312,764.953125,20894,0.0,0.0
2012-11-27 00:00:00-05:00,763.2269897460938,817.2608032226562,749.6435546875,785.5910034179688,58857,0.0,0.0
2012-11-28 00:00:00-05:00,785.065673828125,786.9418334960938,761.8761596679688,778.4615478515625,21760,0.0,0.0
2012-11-29 00:00:00-05:00,780.0375366210938,810.506591796875,778.76171875,797.9737548828125,31820,0.0,0.0
2012-11-30 00:00:00-05:00,803.9774780273438,810.0562744140625,789.268310546875,797.9737548828125,19215,0.0,0.0
2012-12-03 00:00:00-05:00,805.2532958984375,812.232666015625,776.1350708007812,781.3883666992188,19428,0.0,0.0
2012-12-04 00:00:00-05:00,771.7073364257812,784.5403442382812,749.268310546875,755.3471069335938,36057,0.0,0.0
2012-12-05 00:00:00-05:00,751.219482421875,751.219482421875,722.3264770507812,734.934326171875,53740,0.0,0.0
2012-12-06 00:00:00-05:00,730.5816040039062,769.756103515625,730.5816040039062,759.3995971679688,25064,0.0,0.0
2012-12-07 00:00:00-05:00,762.4014892578125,819.8123779296875,760.75048828125,773.1331787109375,55285,0.0,0.0
2012-12-10 00:00:00-05:00,774.8593139648438,802.4765625,772.60791015625,775.2344970703125,20321,0.0,0.0
2012-12-11 00:00:00-05:00,778.8367919921875,783.4146118164062,765.4783935546875,770.6566772460938,17522,0.0,0.0
2012-12-12 00:00:00-05:00,768.63037109375,817.410888671875,767.3546142578125,800.9755859375,70729,0.0,0.0
2012-12-13 00:00:00-05:00,795.8724365234375,804.6528930664062,780.863037109375,786.8668212890625,34472,0.0,0.0
2012-12-14 00:00:00-05:00,797.2000122070312,811.9199829101562,756.7999877929688,760.4000244140625,54275,0.0,0.0
2012-12-17 00:00:00-05:00,760.7999877929688,765.760009765625,748.9600219726562,754.9600219726562,35175,0.0,0.0
2012-12-18 00:00:00-05:00,758.0800170898438,759.6799926757812,734.7999877929688,750.0800170898438,29200,0.0,0.0
2012-12-19 00:00:00-05:00,751.1199951171875,751.1199951171875,706.719970703125,714.0,61663,0.0,0.0
2012-12-20 00:00:00-05:00,716.0,724.3200073242188,707.52001953125,714.0800170898438,22138,0.0,0.0
2012-12-21 00:00:00-05:00,702.6400146484375,711.8400268554688,694.7999877929688,700.719970703125,21288,0.0,0.0
2012-12-24 00:00:00-05:00,700.0800170898438,702.47998046875,692.0800170898438,692.9600219726562,5038,0.0,0.0
2012-12-26 00:00:00-05:00,690.3200073242188,692.0,674.719970703125,676.47998046875,16063,0.0,0.0
2012-12-27 00:00:00-05:00,674.5599975585938,691.760009765625,664.6400146484375,686.0800170898438,19388,0.0,0.0
2012-12-28 00:00:00-05:00,682.9600219726562,690.4000244140625,677.280029296875,686.0,22100,0.0,0.0
2012-12-31 00:00:00-05:00,681.6799926757812,696.5599975585938,680.0,693.2000122070312,14388,0.0,0.0
2013-01-02 00:00:00-05:00,700.9600219726562,715.0399780273438,693.280029296875,702.0800170898438,27988,0.0,0.0
2013-01-03 00:00:00-05:00,701.0399780273438,717.6799926757812,681.1199951171875,684.3200073242188,22000,0.0,0.0
2013-01-04 00:00:00-05:00,691.0399780273438,698.47998046875,673.52001953125,694.9600219726562,28500,0.0,0.0
2013-01-07 00:00:00-05:00,697.2000122070312,710.9600219726562,680.4000244140625,700.0800170898438,32800,0.0,0.0
2013-01-08 00:00:00-05:00,701.9199829101562,733.8400268554688,695.9199829101562,732.239990234375,39100,0.0,0.0
2013-01-09 00:00:00-05:00,735.6799926757812,739.5999755859375,720.1599731445312,730.9600219726562,19400,0.0,0.0
2013-01-10 00:00:00-05:00,730.7999877929688,755.280029296875,722.47998046875,748.5599975585938,22663,0.0,0.0
2013-01-11 00:00:00-05:00,750.3200073242188,760.4000244140625,741.52001953125,757.0399780273438,18075,0.0,0.0
2013-01-14 00:00:00-05:00,760.0,773.760009765625,748.5599975585938,759.3599853515625,17100,0.0,0.0
2013-01-15 00:00:00-05:00,758.0,772.47998046875,756.7999877929688,768.1599731445312,13788,0.0,0.0
2013-01-16 00:00:00-05:00,767.0399780273438,782.7999877929688,750.8800048828125,756.0800170898438,15550,0.0,0.0
2013-01-17 00:00:00-05:00,754.8800048828125,765.6799926757812,747.5999755859375,759.3599853515625,6950,0.0,0.0
2013-01-18 00:00:00-05:00,754.719970703125,760.6400146484375,738.3200073242188,746.0800170898438,13088,0.0,0.0
2013-01-22 00:00:00-05:00,744.0800170898438,753.52001953125,741.0399780273438,751.52001953125,9713,0.0,0.0
2013-01-23 00:00:00-05:00,748.7999877929688,750.47998046875,734.719970703125,745.5999755859375,13575,0.0,0.0
2013-01-24 00:00:00-05:00,742.0800170898438,752.9600219726562,730.4000244140625,740.719970703125,18038,0.0,0.0
2013-01-25 00:00:00-05:00,737.52001953125,742.4000244140625,723.52001953125,732.719970703125,12450,0.0,0.0
2013-01-28 00:00:00-05:00,731.1199951171875,737.760009765625,701.5999755859375,704.3200073242188,17825,0.0,0.0
2013-01-29 00:00:00-05:00,698.9600219726562,705.6799926757812,697.1199951171875,701.1199951171875,29225,0.0,0.0
2013-01-30 00:00:00-05:00,695.760009765625,699.2000122070312,686.0800170898438,690.3200073242188,27550,0.0,0.0
2013-01-31 00:00:00-05:00,685.8400268554688,724.239990234375,683.2000122070312,702.9600219726562,42975,0.0,0.0
2013-02-01 00:00:00-05:00,709.1199951171875,720.0,703.280029296875,714.9600219726562,15200,0.0,0.0
2013-02-04 00:00:00-05:00,710.6400146484375,713.2000122070312,696.3200073242188,702.719970703125,9288,0.0,0.0
2013-02-05 00:00:00-05:00,704.0800170898438,712.5599975585938,699.3599853515625,703.760009765625,10838,0.0,0.0
2013-02-06 00:00:00-05:00,704.0,704.3200073242188,698.239990234375,701.9199829101562,16513,0.0,0.0
2013-02-07 00:00:00-05:00,700.0800170898438,702.239990234375,691.0399780273438,696.6400146484375,11988,0.0,0.0
2013-02-08 00:00:00-05:00,695.760009765625,700.719970703125,684.7999877929688,688.4000244140625,9638,0.0,0.0
2013-02-11 00:00:00-05:00,688.0,692.7999877929688,678.0800170898438,684.5599975585938,16388,0.0,0.0
2013-02-12 00:00:00-05:00,686.5599975585938,687.760009765625,669.2000122070312,670.8800048828125,34913,0.0,0.0
2013-02-13 00:00:00-05:00,670.5599975585938,747.280029296875,670.5599975585938,728.0800170898438,88163,0.0,0.0
2013-02-14 00:00:00-05:00,732.4000244140625,738.239990234375,698.1599731445312,699.52001953125,30238,0.0,0.0
2013-02-15 00:00:00-05:00,697.0399780273438,716.8800048828125,686.0,701.8400268554688,16825,0.0,0.0
2013-02-19 00:00:00-05:00,702.9600219726562,707.760009765625,693.3599853515625,696.3200073242188,18613,0.0,0.0
2013-02-20 00:00:00-05:00,695.2000122070312,698.719970703125,672.0,680.0,21963,0.0,0.0
2013-02-21 00:00:00-05:00,680.0,680.0,644.9600219726562,646.0800170898438,35388,0.0,0.0
2013-02-22 00:00:00-05:00,643.52001953125,648.0,624.1599731445312,628.719970703125,45275,0.0,0.0
2013-02-25 00:00:00-05:00,629.1199951171875,634.719970703125,618.0800170898438,619.0399780273438,30713,0.0,0.0
2013-02-26 00:00:00-05:00,614.9600219726562,623.52001953125,600.0,603.5999755859375,33988,0.0,0.0
2013-02-27 00:00:00-05:00,604.719970703125,634.7999877929688,604.5599975585938,630.719970703125,37400,0.0,0.0
2013-02-28 00:00:00-05:00,636.0800170898438,676.0,622.3200073242188,652.3200073242188,56650,0.0,0.0
2013-03-01 00:00:00-05:00,652.8800048828125,657.1199951171875,633.3599853515625,655.280029296875,19613,0.0,0.0
2013-03-04 00:00:00-05:00,652.5599975585938,660.1599731445312,646.8800048828125,657.8400268554688,31688,0.0,0.0
2013-03-05 00:00:00-05:00,658.1599731445312,679.8400268554688,656.9600219726562,670.3200073242188,22063,0.0,0.0
2013-03-06 00:00:00-05:00,671.5999755859375,675.760009765625,646.8800048828125,653.8400268554688,19725,0.0,0.0
2013-03-07 00:00:00-05:00,651.8400268554688,662.719970703125,644.4000244140625,659.6799926757812,26188,0.0,0.0
2013-03-08 00:00:00-05:00,659.1199951171875,676.239990234375,657.5999755859375,669.760009765625,38800,0.0,0.0
2013-03-11 00:00:00-04:00,664.0,673.6799926757812,657.9199829101562,659.2000122070312,21063,0.0,0.0
2013-03-12 00:00:00-04:00,657.52001953125,674.47998046875,657.52001953125,666.719970703125,26500,0.0,0.0
2013-03-13 00:00:00-04:00,666.0,667.52001953125,648.239990234375,648.239990234375,26600,0.0,0.0
2013-03-14 00:00:00-04:00,650.0,660.6400146484375,648.719970703125,654.0,35825,0.0,0.0
2013-03-15 00:00:00-04:00,654.0,659.3599853515625,634.5599975585938,635.5999755859375,37950,0.0,0.0
2013-03-18 00:00:00-04:00,632.0,635.2000122070312,605.280029296875,607.2000122070312,48175,0.0,0.0
2013-03-19 00:00:00-04:00,609.3599853515625,628.6400146484375,573.8400268554688,574.4000244140625,105975,0.0,0.0
2013-03-20 00:00:00-04:00,584.0,587.8400268554688,564.0800170898438,570.5599975585938,74075,0.0,0.0
2013-03-21 00:00:00-04:00,569.1199951171875,579.1199951171875,560.9600219726562,565.5999755859375,33438,0.0,0.0
2013-03-22 00:00:00-04:00,570.6400146484375,575.3599853515625,555.6799926757812,559.0399780273438,26025,0.0,0.0
2013-03-25 00:00:00-04:00,561.2000122070312,563.280029296875,535.760009765625,538.7999877929688,46438,0.0,0.0
2013-03-26 00:00:00-04:00,541.3599853515625,555.8400268554688,538.5599975585938,553.5999755859375,33088,0.0,0.0
2013-03-27 00:00:00-04:00,551.3599853515625,566.719970703125,549.1199951171875,563.4400024414062,27900,0.0,0.0
2013-03-28 00:00:00-04:00,562.0800170898438,566.9600219726562,552.0800170898438,558.0,39688,0.0,0.0
2013-04-01 00:00:00-04:00,555.52001953125,560.0,543.5999755859375,555.4400024414062,31700,0.0,0.0
2013-04-02 00:00:00-04:00,555.6799926757812,573.52001953125,555.6799926757812,565.760009765625,44975,0.0,0.0
2013-04-03 00:00:00-04:00,564.719970703125,564.719970703125,551.52001953125,556.0800170898438,40513,0.0,0.0
2013-04-04 00:00:00-04:00,555.0399780273438,569.760009765625,555.0399780273438,567.4400024414062,28875,0.0,0.0
2013-04-05 00:00:00-04:00,560.1599731445312,591.8400268554688,555.8400268554688,589.2000122070312,46863,0.0,0.0
2013-04-08 00:00:00-04:00,585.52001953125,607.5999755859375,582.0800170898438,606.719970703125,46225,0.0,0.0
2013-04-09 00:00:00-04:00,605.6799926757812,615.6799926757812,603.2000122070312,607.760009765625,40000,0.0,0.0
2013-04-10 00:00:00-04:00,607.9199829101562,618.0,604.1599731445312,609.6799926757812,29563,0.0,0.0
2013-04-11 00:00:00-04:00,610.9600219726562,624.0,610.0,616.0800170898438,45350,0.0,0.0
2013-04-12 00:00:00-04:00,612.47998046875,617.4400024414062,607.52001953125,612.4000244140625,29138,0.0,0.0
2013-04-15 00:00:00-04:00,610.719970703125,615.2000122070312,598.0,603.4400024414062,55938,0.0,0.0
2013-04-16 00:00:00-04:00,604.7999877929688,610.4000244140625,603.5999755859375,609.4400024414062,37488,0.0,0.0
2013-04-17 00:00:00-04:00,607.9199829101562,608.47998046875,592.7999877929688,602.1599731445312,27613,0.0,0.0
2013-04-18 00:00:00-04:00,602.0,602.0800170898438,581.2000122070312,583.4400024414062,52725,0.0,0.0
2013-04-19 00:00:00-04:00,584.6400146484375,589.0399780273438,576.0,579.1199951171875,20475,0.0,0.0
2013-04-22 00:00:00-04:00,580.9600219726562,580.9600219726562,565.5999755859375,573.2000122070312,28200,0.0,0.0
2013-04-23 00:00:00-04:00,575.0399780273438,584.1599731445312,572.3200073242188,583.8400268554688,42038,0.0,0.0
2013-04-24 00:00:00-04:00,585.280029296875,599.52001953125,584.239990234375,594.5599975585938,28250,0.0,0.0
2013-04-25 00:00:00-04:00,594.6400146484375,645.9199829101562,587.5999755859375,640.6400146484375,59725,0.0,0.0
2013-04-26 00:00:00-04:00,641.0399780273438,659.0399780273438,635.52001953125,652.4000244140625,61950,0.0,0.0
2013-04-29 00:00:00-04:00,656.3200073242188,666.5599975585938,652.5599975585938,665.52001953125,67488,0.0,0.0
2013-04-30 00:00:00-04:00,659.2000122070312,666.719970703125,656.1599731445312,660.3200073242188,30313,0.0,0.0
2013-05-01 00:00:00-04:00,658.0800170898438,659.5999755859375,644.719970703125,653.9199829101562,41263,0.0,0.0
2013-05-02 00:00:00-04:00,655.4400024414062,667.280029296875,649.9199829101562,665.760009765625,23950,0.0,0.0
2013-05-03 00:00:00-04:00,671.5999755859375,681.9199829101562,666.1599731445312,678.3200073242188,22763,0.0,0.0
2013-05-06 00:00:00-04:00,679.760009765625,723.4400024414062,674.4000244140625,721.4400024414062,69850,0.0,0.0
2013-05-07 00:00:00-04:00,718.5599975585938,725.6799926757812,702.7999877929688,721.4400024414062,45513,0.0,0.0
2013-05-08 00:00:00-04:00,722.1599731445312,728.719970703125,706.0800170898438,727.5999755859375,32425,0.0,0.0
2013-05-09 00:00:00-04:00,729.280029296875,742.239990234375,723.5999755859375,736.0,26738,0.0,0.0
2013-05-10 00:00:00-04:00,716.7999877929688,742.9600219726562,716.7999877929688,738.4000244140625,25525,0.0,0.0
2013-05-13 00:00:00-04:00,741.5999755859375,741.8400268554688,724.8800048828125,735.2000122070312,31963,0.0,0.0
2013-05-14 00:00:00-04:00,738.4000244140625,749.280029296875,736.3200073242188,748.719970703125,26713,0.0,0.0
2013-05-15 00:00:00-04:00,738.9600219726562,762.8800048828125,737.52001953125,760.9600219726562,26800,0.0,0.0
2013-05-16 00:00:00-04:00,758.1599731445312,764.239990234375,756.0,758.4000244140625,13263,0.0,0.0
2013-05-17 00:00:00-04:00,764.7999877929688,765.5999755859375,752.0,763.52001953125,17500,0.0,0.0
2013-05-20 00:00:00-04:00,763.52001953125,772.8800048828125,756.6400146484375,764.239990234375,15863,0.0,0.0
2013-05-21 00:00:00-04:00,766.47998046875,778.3200073242188,763.760009765625,768.0800170898438,26913,0.0,0.0
2013-05-22 00:00:00-04:00,770.3200073242188,777.0399780273438,735.6799926757812,741.9199829101562,34800,0.0,0.0
2013-05-23 00:00:00-04:00,732.0800170898438,742.9600219726562,725.0399780273438,742.6400146484375,20425,0.0,0.0
2013-05-24 00:00:00-04:00,740.719970703125,740.719970703125,730.0,733.3599853515625,11088,0.0,0.0
2013-05-28 00:00:00-04:00,740.0,746.4000244140625,733.8400268554688,743.6799926757812,31750,0.0,0.0
2013-05-29 00:00:00-04:00,740.0800170898438,755.280029296875,736.4000244140625,747.2000122070312,27325,0.0,0.0
2013-05-30 00:00:00-04:00,751.5999755859375,764.0,746.0800170898438,761.6799926757812,16538,0.0,0.0
2013-05-31 00:00:00-04:00,761.1199951171875,764.0,753.3599853515625,754.1599731445312,25200,0.0,0.0
2013-06-03 00:00:00-04:00,757.2000122070312,767.4400024414062,745.280029296875,766.239990234375,28113,0.0,0.0
2013-06-04 00:00:00-04:00,759.52001953125,773.9199829101562,747.52001953125,753.1199951171875,18088,0.0,0.0
2013-06-05 00:00:00-04:00,749.3599853515625,750.4000244140625,734.0,735.3599853515625,33025,0.0,0.0
2013-06-06 00:00:00-04:00,736.719970703125,756.0,734.8800048828125,756.0,15663,0.0,0.0
2013-06-07 00:00:00-04:00,758.3200073242188,766.0800170898438,752.3200073242188,759.1199951171875,14463,0.0,0.0
2013-06-10 00:00:00-04:00,763.52001953125,763.52001953125,747.760009765625,748.4000244140625,14200,0.0,0.0
2013-06-11 00:00:00-04:00,735.760009765625,772.0,725.4400024414062,768.9600219726562,20963,0.0,0.0
2013-06-12 00:00:00-04:00,773.2000122070312,773.2000122070312,754.239990234375,762.0,20625,0.0,0.0
2013-06-13 00:00:00-04:00,761.9199829101562,773.760009765625,757.5999755859375,768.0800170898438,24775,0.0,0.0
2013-06-14 00:00:00-04:00,772.1599731445312,779.5999755859375,770.0800170898438,777.5999755859375,24238,0.0,0.0
2013-06-17 00:00:00-04:00,788.9600219726562,802.1599731445312,781.5999755859375,795.2000122070312,21413,0.0,0.0
2013-06-18 00:00:00-04:00,803.3599853515625,817.2000122070312,796.8800048828125,801.2000122070312,16188,0.0,0.0
2013-06-19 00:00:00-04:00,802.6400146484375,815.2000122070312,793.8400268554688,797.2000122070312,15975,0.0,0.0
2013-06-20 00:00:00-04:00,790.0,802.7999877929688,760.0,767.3599853515625,19213,0.0,0.0
2013-06-21 00:00:00-04:00,769.6799926757812,770.6400146484375,730.6400146484375,760.1599731445312,61150,0.0,0.0
2013-06-24 00:00:00-04:00,751.8400268554688,754.9600219726562,729.2000122070312,739.2000122070312,19475,0.0,0.0
2013-06-25 00:00:00-04:00,743.2000122070312,758.9600219726562,740.5599975585938,751.8400268554688,12138,0.0,0.0
2013-06-26 00:00:00-04:00,755.2000122070312,763.760009765625,751.1199951171875,757.5999755859375,7413,0.0,0.0
2013-06-27 00:00:00-04:00,757.5999755859375,766.239990234375,756.3200073242188,759.5999755859375,5663,0.0,0.0
2013-06-28 00:00:00-04:00,756.47998046875,760.239990234375,749.3599853515625,754.4000244140625,7650,0.0,0.0
2013-07-01 00:00:00-04:00,756.0,774.9600219726562,755.760009765625,772.4000244140625,8838,0.0,0.0
2013-07-02 00:00:00-04:00,774.0,781.1199951171875,770.3200073242188,778.8800048828125,11013,0.0,0.0
2013-07-03 00:00:00-04:00,775.3599853515625,780.4000244140625,765.280029296875,769.280029296875,1350,0.0,0.0
2013-07-05 00:00:00-04:00,775.6799926757812,782.9600219726562,762.47998046875,770.8800048828125,6650,0.0,0.0
2013-07-08 00:00:00-04:00,770.0800170898438,772.3200073242188,757.280029296875,761.760009765625,5525,0.0,0.0
2013-07-09 00:00:00-04:00,764.4000244140625,773.760009765625,762.1599731445312,770.9600219726562,4088,0.0,0.0
2013-07-10 00:00:00-04:00,768.0800170898438,775.9199829101562,767.5999755859375,774.5599975585938,2050,0.0,0.0
2013-07-11 00:00:00-04:00,782.47998046875,782.47998046875,771.3599853515625,772.1599731445312,3663,0.0,0.0
2013-07-12 00:00:00-04:00,769.6799926757812,785.5999755859375,769.280029296875,782.7999877929688,33663,0.0,0.0
2013-07-15 00:00:00-04:00,784.0,793.280029296875,769.4400024414062,785.3599853515625,6100,0.0,0.0
2013-07-16 00:00:00-04:00,784.7999877929688,788.5599975585938,776.47998046875,787.0399780273438,4300,0.0,0.0
2013-07-17 00:00:00-04:00,793.52001953125,793.52001953125,779.52001953125,786.0,9013,0.0,0.0
2013-07-18 00:00:00-04:00,789.280029296875,790.47998046875,782.3200073242188,782.4000244140625,5438,0.0,0.0
2013-07-19 00:00:00-04:00,781.1199951171875,788.3200073242188,776.5599975585938,786.8800048828125,3588,0.0,0.0
2013-07-22 00:00:00-04:00,788.0,799.0399780273438,782.0800170898438,793.1199951171875,10263,0.0,0.0
2013-07-23 00:00:00-04:00,795.0399780273438,798.4000244140625,789.3599853515625,791.9199829101562,6688,0.0,0.0
2013-07-24 00:00:00-04:00,796.0,799.4400024414062,789.9199829101562,792.0,4688,0.0,0.0
2013-07-25 00:00:00-04:00,796.0,898.239990234375,776.0,890.4000244140625,43438,0.0,0.0
2013-07-26 00:00:00-04:00,885.280029296875,957.5999755859375,885.280029296875,948.6400146484375,57350,0.0,0.0
2013-07-29 00:00:00-04:00,941.2000122070312,965.5999755859375,938.7999877929688,958.0800170898438,55300,0.0,0.0
2013-07-30 00:00:00-04:00,957.9199829101562,977.0399780273438,952.0800170898438,975.1199951171875,20475,0.0,0.0
2013-07-31 00:00:00-04:00,978.0,1007.280029296875,971.3599853515625,986.0800170898438,43938,0.0,0.0
2013-08-01 00:00:00-04:00,987.280029296875,1013.8400268554688,981.1199951171875,1004.3200073242188,49800,0.0,0.0
2013-08-02 00:00:00-04:00,1001.5999755859375,1023.5999755859375,996.8800048828125,1021.4400024414062,20525,0.0,0.0
2013-08-05 00:00:00-04:00,1022.0,1022.0,1009.6799926757812,1012.9600219726562,12125,0.0,0.0
2013-08-06 00:00:00-04:00,1008.9600219726562,1016.4000244140625,988.0800170898438,990.6400146484375,9600,0.0,0.0
2013-08-07 00:00:00-04:00,985.4400024414062,1011.4400024414062,977.4400024414062,1009.9199829101562,15288,0.0,0.0
2013-08-08 00:00:00-04:00,1016.0,1038.8800048828125,1012.0,1023.9199829101562,27863,0.0,0.0
2013-08-09 00:00:00-04:00,1024.4000244140625,1040.56005859375,1019.1199951171875,1040.56005859375,13588,0.0,0.0
2013-08-12 00:00:00-04:00,1039.6800537109375,1043.199951171875,1024.0,1025.43994140625,4538,0.0,0.0
2013-08-13 00:00:00-04:00,1029.8399658203125,1029.8399658203125,1005.52001953125,1007.8400268554688,6088,0.0,0.0
2013-08-14 00:00:00-04:00,1010.4000244140625,1016.0,980.1599731445312,980.9600219726562,13288,0.0,0.0
2013-08-15 00:00:00-04:00,965.1199951171875,1003.2000122070312,951.6799926757812,998.4000244140625,15988,0.0,0.0
2013-08-16 00:00:00-04:00,988.719970703125,998.0800170898438,988.719970703125,993.6799926757812,7825,0.0,0.0
2013-08-19 00:00:00-04:00,996.0,1001.3599853515625,968.0,972.3200073242188,4138,0.0,0.0
2013-08-20 00:00:00-04:00,974.4000244140625,974.4000244140625,952.0,972.8800048828125,7213,0.0,0.0
2013-08-21 00:00:00-04:00,972.47998046875,1042.239990234375,972.47998046875,1040.0,31250,0.0,0.0
2013-08-22 00:00:00-04:00,1048.0,1049.8399658203125,975.9199829101562,1020.7999877929688,12275,0.0,0.0
2013-08-23 00:00:00-04:00,1018.239990234375,1030.8800048828125,994.8800048828125,1027.8399658203125,6550,0.0,0.0
2013-08-26 00:00:00-04:00,1028.4000244140625,1050.239990234375,1019.3599853515625,1042.56005859375,10588,0.0,0.0
2013-08-27 00:00:00-04:00,1038.0,1048.0,1011.52001953125,1023.9199829101562,11038,0.0,0.0
2013-08-28 00:00:00-04:00,1026.3199462890625,1053.43994140625,1017.5999755859375,1024.9599609375,17200,0.0,0.0
2013-08-29 00:00:00-04:00,1024.800048828125,1042.56005859375,1021.0399780273438,1024.239990234375,25050,0.0,0.0
2013-08-30 00:00:00-04:00,1031.8399658203125,1045.8399658203125,1010.0,1043.199951171875,7750,0.0,0.0
2013-09-03 00:00:00-04:00,1056.0,1060.800048828125,1030.800048828125,1033.199951171875,21163,0.0,0.0
2013-09-04 00:00:00-04:00,1036.47998046875,1063.43994140625,1034.9599609375,1060.6400146484375,32725,0.0,0.0
2013-09-05 00:00:00-04:00,1058.6400146484375,1072.800048828125,1055.0400390625,1066.8800048828125,8388,0.0,0.0
2013-09-06 00:00:00-04:00,1072.800048828125,1092.9599609375,1058.1600341796875,1080.3199462890625,14188,0.0,0.0
2013-09-09 00:00:00-04:00,1084.0,1102.0,1081.52001953125,1088.1600341796875,13188,0.0,0.0
2013-09-10 00:00:00-04:00,1089.9200439453125,1104.0,1081.43994140625,1090.9599609375,22625,0.0,0.0
2013-09-11 00:00:00-04:00,1091.760009765625,1094.56005859375,1068.0,1082.0,7000,0.0,0.0
2013-09-12 00:00:00-04:00,1077.6800537109375,1088.1600341796875,1073.0400390625,1075.43994140625,7413,0.0,0.0
2013-09-13 00:00:00-04:00,1081.0400390625,1086.6400146484375,1048.3199462890625,1078.239990234375,7013,0.0,0.0
2013-09-16 00:00:00-04:00,1085.1199951171875,1096.3199462890625,1074.239990234375,1076.0799560546875,7288,0.0,0.0
2013-09-17 00:00:00-04:00,1078.719970703125,1090.3199462890625,1072.3199462890625,1089.1199951171875,8300,0.0,0.0
2013-09-18 00:00:00-04:00,1090.1600341796875,1104.0,1055.3599853515625,1085.8399658203125,12663,0.0,0.0
2013-09-19 00:00:00-04:00,1085.0400390625,1096.4000244140625,1080.0,1094.9599609375,6725,0.0,0.0
2013-09-20 00:00:00-04:00,1099.3599853515625,1116.1600341796875,1097.6800537109375,1114.3199462890625,29113,0.0,0.0
2013-09-23 00:00:00-04:00,1109.199951171875,1122.0,1094.0,1112.239990234375,10913,0.0,0.0
2013-09-24 00:00:00-04:00,1118.719970703125,1142.56005859375,1116.0,1130.47998046875,10350,0.0,0.0
2013-09-25 00:00:00-04:00,1133.5999755859375,1142.9599609375,1112.8800048828125,1115.8399658203125,7850,0.0,0.0
2013-09-26 00:00:00-04:00,1121.0400390625,1140.239990234375,1112.0799560546875,1138.4000244140625,7950,0.0,0.0
2013-09-27 00:00:00-04:00,1132.47998046875,1145.1199951171875,1132.47998046875,1135.199951171875,7700,0.0,0.0
2013-09-30 00:00:00-04:00,1129.5999755859375,1133.280029296875,1112.4000244140625,1120.0799560546875,8988,0.0,0.0
2013-10-01 00:00:00-04:00,1116.0799560546875,1188.0,1116.0799560546875,1187.760009765625,22738,0.0,0.0
2013-10-02 00:00:00-04:00,1189.0400390625,1194.0,1171.6800537109375,1189.1199951171875,11788,0.0,0.0
2013-10-03 00:00:00-04:00,1186.9599609375,1188.47998046875,1157.6800537109375,1160.239990234375,13650,0.0,0.0
2013-10-04 00:00:00-04:00,1162.9599609375,1192.4000244140625,1158.56005859375,1178.8800048828125,19913,0.0,0.0
2013-10-07 00:00:00-04:00,1166.719970703125,1183.760009765625,1154.56005859375,1175.1199951171875,10525,0.0,0.0
2013-10-08 00:00:00-04:00,1178.8800048828125,1192.8800048828125,1113.5999755859375,1119.9200439453125,7175,0.0,0.0
2013-10-09 00:00:00-04:00,1123.280029296875,1123.280029296875,1054.0,1070.800048828125,20500,0.0,0.0
2013-10-10 00:00:00-04:00,1081.43994140625,1096.0,1076.4000244140625,1088.0,7725,0.0,0.0
2013-10-11 00:00:00-04:00,1082.800048828125,1097.6800537109375,1070.239990234375,1078.719970703125,4413,0.0,0.0
2013-10-14 00:00:00-04:00,1070.239990234375,1089.8399658203125,1061.52001953125,1083.8399658203125,4300,0.0,0.0
2013-10-15 00:00:00-04:00,1079.199951171875,1085.9200439453125,1062.800048828125,1068.6400146484375,4488,0.0,0.0
2013-10-16 00:00:00-04:00,1074.1600341796875,1103.199951171875,1062.3199462890625,1095.199951171875,6413,0.0,0.0
2013-10-17 00:00:00-04:00,1093.760009765625,1102.0799560546875,1088.0,1101.52001953125,5075,0.0,0.0
2013-10-18 00:00:00-04:00,1103.280029296875,1103.6800537109375,1079.0400390625,1086.719970703125,5450,0.0,0.0
2013-10-21 00:00:00-04:00,1082.239990234375,1095.1199951171875,1064.1600341796875,1071.5999755859375,5038,0.0,0.0
2013-10-22 00:00:00-04:00,1086.0799560546875,1092.3199462890625,1057.760009765625,1063.0400390625,6938,0.0,0.0
2013-10-23 00:00:00-04:00,1056.0,1085.280029296875,1040.0,1063.3599853515625,16650,0.0,0.0
2013-10-24 00:00:00-04:00,1141.1199951171875,1235.1199951171875,1111.6800537109375,1175.6800537109375,27375,0.0,0.0
2013-10-25 00:00:00-04:00,1169.5999755859375,1197.52001953125,1148.719970703125,1158.6400146484375,9838,0.0,0.0
2013-10-28 00:00:00-04:00,1166.3199462890625,1168.4000244140625,1127.3599853515625,1153.9200439453125,6525,0.0,0.0
2013-10-29 00:00:00-04:00,1151.3599853515625,1179.1199951171875,1151.3599853515625,1179.0400390625,17650,0.0,0.0
2013-10-30 00:00:00-04:00,1188.4000244140625,1200.0,1184.0,1194.8800048828125,15550,0.0,0.0
2013-10-31 00:00:00-04:00,1192.0,1264.56005859375,1171.6800537109375,1258.239990234375,36488,0.0,0.0
2013-11-01 00:00:00-04:00,1256.0,1264.0,1215.5999755859375,1236.0799560546875,25163,0.0,0.0
2013-11-04 00:00:00-05:00,1236.0799560546875,1253.1199951171875,1224.800048828125,1244.0799560546875,16013,0.0,0.0
2013-11-05 00:00:00-05:00,1245.1199951171875,1247.199951171875,1226.6400146484375,1232.239990234375,13100,0.0,0.0
2013-11-06 00:00:00-05:00,1230.239990234375,1235.3599853515625,1172.0,1198.239990234375,15438,0.0,0.0
2013-11-07 00:00:00-05:00,1190.47998046875,1190.8800048828125,1120.0,1147.52001953125,20950,0.0,0.0
2013-11-08 00:00:00-05:00,1141.52001953125,1149.1199951171875,1118.4000244140625,1123.280029296875,14863,0.0,0.0
2013-11-11 00:00:00-05:00,1127.5999755859375,1186.9599609375,1122.239990234375,1166.4000244140625,18400,0.0,0.0
2013-11-12 00:00:00-05:00,1170.56005859375,1190.3199462890625,1147.52001953125,1159.1199951171875,11963,0.0,0.0
2013-11-13 00:00:00-05:00,1146.0799560546875,1179.6800537109375,1141.52001953125,1156.0,13650,0.0,0.0
2013-11-14 00:00:00-05:00,1155.280029296875,1173.3599853515625,1144.800048828125,1159.8399658203125,15075,0.0,0.0
2013-11-15 00:00:00-05:00,1165.6800537109375,1213.43994140625,1165.6800537109375,1203.52001953125,19413,0.0,0.0
2013-11-18 00:00:00-05:00,1208.0799560546875,1231.6800537109375,1185.199951171875,1205.5999755859375,10138,0.0,0.0
2013-11-19 00:00:00-05:00,1201.760009765625,1228.0799560546875,1197.0400390625,1215.760009765625,10750,0.0,0.0
2013-11-20 00:00:00-05:00,1213.52001953125,1226.0799560546875,1197.3599853515625,1199.9200439453125,9250,0.0,0.0
2013-11-21 00:00:00-05:00,1207.1199951171875,1226.0,1196.56005859375,1216.1600341796875,14150,0.0,0.0
2013-11-22 00:00:00-05:00,1208.0799560546875,1224.8800048828125,1192.1600341796875,1216.3199462890625,12925,0.0,0.0
2013-11-25 00:00:00-05:00,1210.719970703125,1230.9599609375,1208.8800048828125,1214.0799560546875,13888,0.0,0.0
2013-11-26 00:00:00-05:00,1208.0799560546875,1226.0,1208.0,1218.4000244140625,9950,0.0,0.0
2013-11-27 00:00:00-05:00,1221.43994140625,1236.9599609375,1165.3599853515625,1213.8399658203125,14175,0.0,0.0
2013-11-29 00:00:00-05:00,1217.760009765625,1295.199951171875,1205.1199951171875,1287.8399658203125,13688,0.0,0.0
2013-12-02 00:00:00-05:00,1276.56005859375,1314.9599609375,1264.0,1311.43994140625,23000,0.0,0.0
2013-12-03 00:00:00-05:00,1300.9599609375,1368.0,1294.4000244140625,1361.52001953125,28063,0.0,0.0
2013-12-04 00:00:00-05:00,1346.6400146484375,1364.6400146484375,1321.52001953125,1337.3599853515625,38100,0.0,0.0
2013-12-05 00:00:00-05:00,1340.719970703125,1357.8399658203125,1324.9599609375,1328.8800048828125,6388,0.0,0.0
2013-12-06 00:00:00-05:00,1335.760009765625,1359.0400390625,1303.199951171875,1353.52001953125,23563,0.0,0.0
2013-12-09 00:00:00-05:00,1354.1600341796875,1359.9200439453125,1325.43994140625,1337.5999755859375,15238,0.0,0.0
2013-12-10 00:00:00-05:00,1329.43994140625,1336.0,1277.5999755859375,1286.8800048828125,18700,0.0,0.0
2013-12-11 00:00:00-05:00,1281.280029296875,1284.47998046875,1249.52001953125,1269.8399658203125,7338,0.0,0.0
2013-12-12 00:00:00-05:00,1264.1600341796875,1283.280029296875,1242.3199462890625,1273.52001953125,8200,0.0,0.0
2013-12-13 00:00:00-05:00,1260.0799560546875,1282.0,1260.0799560546875,1274.800048828125,3488,0.0,0.0
2013-12-16 00:00:00-05:00,1285.43994140625,1290.239990234375,1272.8800048828125,1282.800048828125,7400,0.0,0.0
2013-12-17 00:00:00-05:00,1282.719970703125,1282.719970703125,1258.1600341796875,1263.5999755859375,5925,0.0,0.0
2013-12-18 00:00:00-05:00,1262.3199462890625,1280.0,1250.1600341796875,1280.0,3813,0.0,0.0
2013-12-19 00:00:00-05:00,1264.3199462890625,1281.760009765625,1259.3599853515625,1275.199951171875,6800,0.0,0.0
2013-12-20 00:00:00-05:00,1272.8800048828125,1281.52001953125,1253.1199951171875,1280.47998046875,14463,0.0,0.0
2013-12-23 00:00:00-05:00,1285.5999755859375,1285.5999755859375,1266.0799560546875,1274.4000244140625,4138,0.0,0.0
2013-12-24 00:00:00-05:00,1268.800048828125,1278.4000244140625,1265.0400390625,1271.43994140625,1838,0.0,0.0
2013-12-26 00:00:00-05:00,1271.52001953125,1312.0799560546875,1265.9200439453125,1288.3199462890625,8938,0.0,0.0
2013-12-27 00:00:00-05:00,1294.8800048828125,1296.0,1274.3199462890625,1287.5999755859375,8675,0.0,0.0
2013-12-30 00:00:00-05:00,1287.199951171875,1287.199951171875,1250.47998046875,1262.800048828125,6563,0.0,0.0
2013-12-31 00:00:00-05:00,1249.280029296875,1287.760009765625,1249.280029296875,1269.0400390625,8138,0.0,0.0
2014-01-02 00:00:00-05:00,1262.56005859375,1305.760009765625,1249.199951171875,1293.1199951171875,13875,0.0,0.0
2014-01-03 00:00:00-05:00,1296.56005859375,1310.56005859375,1276.1600341796875,1303.9200439453125,9763,0.0,0.0
2014-01-06 00:00:00-05:00,1308.0,1308.0,1283.43994140625,1288.0,13200,0.0,0.0
2014-01-07 00:00:00-05:00,1287.52001953125,1287.760009765625,1218.56005859375,1248.9599609375,28425,0.0,0.0
2014-01-08 00:00:00-05:00,1250.56005859375,1290.0799560546875,1178.3199462890625,1283.6800537109375,44950,0.0,0.0
2014-01-09 00:00:00-05:00,1306.4000244140625,1319.3599853515625,1280.0,1315.8399658203125,12675,0.0,0.0
2014-01-10 00:00:00-05:00,1316.8800048828125,1316.8800048828125,1288.239990234375,1303.43994140625,6325,0.0,0.0
2014-01-13 00:00:00-05:00,1297.8399658203125,1297.8399658203125,1259.6800537109375,1270.47998046875,5113,0.0,0.0
2014-01-14 00:00:00-05:00,1270.8800048828125,1286.239990234375,1220.0,1246.0,14363,0.0,0.0
2014-01-15 00:00:00-05:00,1244.0799560546875,1275.280029296875,1225.43994140625,1267.199951171875,11800,0.0,0.0
2014-01-16 00:00:00-05:00,1264.1600341796875,1303.43994140625,1229.3599853515625,1253.0400390625,7375,0.0,0.0
2014-01-17 00:00:00-05:00,1248.239990234375,1253.0400390625,1202.0799560546875,1206.9599609375,8688,0.0,0.0
2014-01-21 00:00:00-05:00,1204.0,1206.9599609375,1156.0,1185.6800537109375,25963,0.0,0.0
2014-01-22 00:00:00-05:00,1216.0,1234.0799560546875,1182.0,1186.8800048828125,17038,0.0,0.0
2014-01-23 00:00:00-05:00,1186.800048828125,1186.800048828125,1100.0,1130.800048828125,24275,0.0,0.0
2014-01-24 00:00:00-05:00,1120.0,1127.6800537109375,1096.0,1099.43994140625,23800,0.0,0.0
2014-01-27 00:00:00-05:00,1110.800048828125,1111.52001953125,1050.0,1079.5999755859375,18700,0.0,0.0
2014-01-28 00:00:00-05:00,1072.8800048828125,1084.0,1056.0799560546875,1067.1199951171875,18313,0.0,0.0
2014-01-29 00:00:00-05:00,1052.0,1076.4000244140625,1032.6400146484375,1038.0,21350,0.0,0.0
2014-01-30 00:00:00-05:00,1048.56005859375,1088.0,1044.0799560546875,1075.52001953125,16750,0.0,0.0
2014-01-31 00:00:00-05:00,1065.280029296875,1066.1600341796875,1040.4000244140625,1045.9200439453125,13750,0.0,0.0
2014-02-03 00:00:00-05:00,1041.8399658203125,1054.9599609375,1030.239990234375,1038.3199462890625,33963,0.0,0.0
2014-02-04 00:00:00-05:00,1041.199951171875,1046.239990234375,1009.760009765625,1025.9200439453125,20875,0.0,0.0
2014-02-05 00:00:00-05:00,1024.1600341796875,1068.239990234375,1011.8400268554688,1067.199951171875,33138,0.0,0.0
2014-02-06 00:00:00-05:00,1057.8399658203125,1078.239990234375,944.0,1004.0800170898438,105438,0.0,0.0
2014-02-07 00:00:00-05:00,1004.0,1020.239990234375,970.1599731445312,988.7999877929688,53475,0.0,0.0
2014-02-10 00:00:00-05:00,969.2000122070312,1000.7999877929688,968.1599731445312,973.4400024414062,27413,0.0,0.0
2014-02-11 00:00:00-05:00,970.1599731445312,1012.0,938.0,941.8400268554688,67363,0.0,0.0
2014-02-12 00:00:00-05:00,938.5599975585938,983.760009765625,925.5999755859375,966.7999877929688,75738,0.0,0.0
2014-02-13 00:00:00-05:00,933.6799926757812,1038.1600341796875,912.0,997.9199829101562,59863,0.0,0.0
2014-02-14 00:00:00-05:00,995.4400024414062,1008.719970703125,938.239990234375,960.9600219726562,50175,0.0,0.0
2014-02-18 00:00:00-05:00,966.6400146484375,967.8400268554688,897.6799926757812,920.0,75063,0.0,0.0
2014-02-19 00:00:00-05:00,914.47998046875,931.3599853515625,896.1599731445312,908.4000244140625,64275,0.0,0.0
2014-02-20 00:00:00-05:00,905.280029296875,916.8800048828125,839.4400024414062,857.1199951171875,101650,0.0,0.0
2014-02-21 00:00:00-05:00,860.5599975585938,924.1599731445312,847.2000122070312,908.4000244140625,76413,0.0,0.0
2014-02-24 00:00:00-05:00,904.8800048828125,938.1599731445312,890.1599731445312,904.239990234375,36463,0.0,0.0
2014-02-25 00:00:00-05:00,901.1199951171875,968.47998046875,901.1199951171875,934.0800170898438,51938,0.0,0.0
2014-02-26 00:00:00-05:00,934.0,962.7999877929688,786.0800170898438,808.0,163775,0.0,0.0
2014-02-27 00:00:00-05:00,799.1199951171875,815.5999755859375,772.0,799.52001953125,82588,0.0,0.0
2014-02-28 00:00:00-05:00,802.6400146484375,807.6799926757812,776.0,787.0399780273438,36250,0.0,0.0
2014-03-03 00:00:00-05:00,779.760009765625,816.0,779.760009765625,807.5999755859375,54125,0.0,0.0
2014-03-04 00:00:00-05:00,813.0399780273438,839.3599853515625,806.9600219726562,826.6400146484375,35788,0.0,0.0
2014-03-05 00:00:00-05:00,829.9199829101562,845.52001953125,822.0,832.7999877929688,37338,0.0,0.0
2014-03-06 00:00:00-05:00,836.9600219726562,879.2000122070312,836.9600219726562,860.0800170898438,41213,0.0,0.0
2014-03-07 00:00:00-05:00,867.5999755859375,878.5599975585938,858.4000244140625,863.760009765625,29688,0.0,0.0
2014-03-10 00:00:00-04:00,863.760009765625,895.5999755859375,862.7999877929688,887.3599853515625,39238,0.0,0.0
2014-03-11 00:00:00-04:00,886.1599731445312,914.0800170898438,884.5599975585938,900.4000244140625,43088,0.0,0.0
2014-03-12 00:00:00-04:00,897.52001953125,901.760009765625,881.2000122070312,898.1599731445312,31225,0.0,0.0
2014-03-13 00:00:00-04:00,895.9199829101562,908.3200073242188,880.47998046875,896.4000244140625,35150,0.0,0.0
2014-03-14 00:00:00-04:00,891.6799926757812,938.9600219726562,880.47998046875,900.7999877929688,40125,0.0,0.0
2014-03-17 00:00:00-04:00,906.3200073242188,919.52001953125,898.239990234375,916.0,22538,0.0,0.0
2014-03-18 00:00:00-04:00,920.47998046875,934.4000244140625,899.2000122070312,924.4000244140625,23475,0.0,0.0
2014-03-19 00:00:00-04:00,921.3599853515625,964.8800048828125,910.239990234375,939.0399780273438,33688,0.0,0.0
2014-03-20 00:00:00-04:00,935.5999755859375,951.3599853515625,923.280029296875,941.760009765625,23688,0.0,0.0
2014-03-21 00:00:00-04:00,942.5599975585938,952.47998046875,920.4000244140625,926.5599975585938,20025,0.0,0.0
2014-03-24 00:00:00-04:00,932.239990234375,955.8400268554688,904.719970703125,923.280029296875,23938,0.0,0.0
2014-03-25 00:00:00-04:00,927.0399780273438,940.9600219726562,908.7999877929688,919.760009765625,22513,0.0,0.0
2014-03-26 00:00:00-04:00,919.9199829101562,930.0800170898438,907.1199951171875,915.6799926757812,23388,0.0,0.0
2014-03-27 00:00:00-04:00,920.1599731445312,970.6400146484375,912.0800170898438,957.5999755859375,33950,0.0,0.0
2014-03-28 00:00:00-04:00,956.239990234375,969.9199829101562,930.47998046875,940.719970703125,28638,0.0,0.0
2014-03-31 00:00:00-04:00,942.239990234375,990.47998046875,942.1599731445312,973.280029296875,31138,0.0,0.0
2014-04-01 00:00:00-04:00,979.760009765625,1007.9199829101562,967.8400268554688,1006.719970703125,36088,0.0,0.0
2014-04-02 00:00:00-04:00,1004.1599731445312,1014.719970703125,984.4000244140625,1002.239990234375,28725,0.0,0.0
2014-04-03 00:00:00-04:00,1000.0,1009.52001953125,984.0800170898438,999.6799926757812,23225,0.0,0.0
2014-04-04 00:00:00-04:00,1007.760009765625,1012.0,976.6400146484375,982.719970703125,19063,0.0,0.0
2014-04-07 00:00:00-04:00,975.3599853515625,1004.9600219726562,938.4000244140625,956.7999877929688,38775,0.0,0.0
2014-04-08 00:00:00-04:00,953.52001953125,958.4000244140625,929.3599853515625,937.3599853515625,38813,0.0,0.0
2014-04-09 00:00:00-04:00,944.0,978.5599975585938,940.0800170898438,976.9600219726562,29863,0.0,0.0
2014-04-10 00:00:00-04:00,969.4400024414062,991.6799926757812,959.2000122070312,978.47998046875,21150,0.0,0.0
2014-04-11 00:00:00-04:00,973.0399780273438,996.3200073242188,950.3200073242188,961.52001953125,39475,0.0,0.0
2014-04-14 00:00:00-04:00,967.280029296875,995.3599853515625,946.8800048828125,992.3200073242188,26138,0.0,0.0
2014-04-15 00:00:00-04:00,1000.239990234375,1009.1199951171875,958.719970703125,961.6799926757812,47650,0.0,0.0
2014-04-16 00:00:00-04:00,960.0800170898438,980.3200073242188,934.4000244140625,949.0399780273438,24750,0.0,0.0
2014-04-17 00:00:00-04:00,937.9199829101562,954.0,932.47998046875,936.239990234375,27700,0.0,0.0
2014-04-21 00:00:00-04:00,928.4000244140625,939.3599853515625,888.3200073242188,913.9199829101562,56325,0.0,0.0
2014-04-22 00:00:00-04:00,915.1199951171875,924.0,906.4000244140625,914.719970703125,43913,0.0,0.0
2014-04-23 00:00:00-04:00,917.9199829101562,917.9199829101562,882.0,894.47998046875,31150,0.0,0.0
2014-04-24 00:00:00-04:00,920.0,936.0,832.0,894.4000244140625,76213,0.0,0.0
2014-04-25 00:00:00-04:00,888.719970703125,890.719970703125,840.4000244140625,844.4000244140625,33038,0.0,0.0
2014-04-28 00:00:00-04:00,841.0399780273438,844.6400146484375,818.3200073242188,819.5999755859375,28113,0.0,0.0
2014-04-29 00:00:00-04:00,822.3200073242188,828.47998046875,800.9600219726562,807.4400024414062,43588,0.0,0.0
2014-04-30 00:00:00-04:00,808.0,831.3599853515625,800.0,829.6799926757812,32488,0.0,0.0
2014-05-01 00:00:00-04:00,820.9600219726562,823.2000122070312,798.5599975585938,817.6799926757812,38538,0.0,0.0
2014-05-02 00:00:00-04:00,820.5599975585938,834.0,813.5999755859375,827.3599853515625,15763,0.0,0.0
2014-05-05 00:00:00-04:00,817.2000122070312,825.9199829101562,805.2000122070312,810.239990234375,18363,0.0,0.0
2014-05-06 00:00:00-04:00,808.0,820.7999877929688,782.1599731445312,784.6400146484375,34050,0.0,0.0
2014-05-07 00:00:00-04:00,783.6799926757812,788.0800170898438,756.47998046875,762.8800048828125,28613,0.0,0.0
2014-05-08 00:00:00-04:00,761.9199829101562,812.0,761.9199829101562,800.239990234375,23813,0.0,0.0
2014-05-09 00:00:00-04:00,801.4400024414062,812.6400146484375,794.3200073242188,806.8800048828125,18250,0.0,0.0
2014-05-12 00:00:00-04:00,806.47998046875,843.4400024414062,806.47998046875,840.719970703125,16825,0.0,0.0
2014-05-13 00:00:00-04:00,840.0,855.9199829101562,808.239990234375,814.8800048828125,20888,0.0,0.0
2014-05-14 00:00:00-04:00,822.8800048828125,845.8400268554688,806.0800170898438,826.4000244140625,26738,0.0,0.0
2014-05-15 00:00:00-04:00,827.760009765625,843.4400024414062,804.0800170898438,840.8800048828125,17538,0.0,0.0
2014-05-16 00:00:00-04:00,847.52001953125,856.0800170898438,823.4400024414062,831.52001953125,15750,0.0,0.0
2014-05-19 00:00:00-04:00,833.4400024414062,846.47998046875,833.4400024414062,843.52001953125,21663,0.0,0.0
2014-05-20 00:00:00-04:00,839.9199829101562,844.7999877929688,792.4000244140625,793.2000122070312,31775,0.0,0.0
2014-05-21 00:00:00-04:00,797.0399780273438,806.0800170898438,783.0399780273438,805.8400268554688,19325,0.0,0.0
2014-05-22 00:00:00-04:00,809.5999755859375,840.0,804.0,819.280029296875,14400,0.0,0.0
2014-05-23 00:00:00-04:00,820.4000244140625,833.6799926757812,817.760009765625,828.0,12575,0.0,0.0
2014-05-27 00:00:00-04:00,833.4400024414062,883.3599853515625,833.4400024414062,881.6799926757812,29738,0.0,0.0
2014-05-28 00:00:00-04:00,882.3200073242188,890.0,868.0,879.6799926757812,22663,0.0,0.0
2014-05-29 00:00:00-04:00,876.47998046875,895.4400024414062,872.4000244140625,883.2000122070312,25275,0.0,0.0
2014-05-30 00:00:00-04:00,883.2000122070312,893.52001953125,877.8400268554688,881.6799926757812,20550,0.0,0.0
2014-06-02 00:00:00-04:00,881.5999755859375,894.4000244140625,872.3200073242188,880.4000244140625,18500,0.0,0.0
2014-06-03 00:00:00-04:00,882.3200073242188,882.719970703125,865.52001953125,871.6799926757812,20338,0.0,0.0
2014-06-04 00:00:00-04:00,868.0,913.280029296875,868.0,898.3200073242188,18113,0.0,0.0
2014-06-05 00:00:00-04:00,896.3200073242188,925.3599853515625,886.719970703125,918.0800170898438,16100,0.0,0.0
2014-06-06 00:00:00-04:00,923.4400024414062,946.0,921.0399780273438,935.6799926757812,10825,0.0,0.0
2014-06-09 00:00:00-04:00,935.760009765625,947.2000122070312,927.52001953125,946.239990234375,10613,0.0,0.0
2014-06-10 00:00:00-04:00,940.4000244140625,951.5999755859375,920.7999877929688,928.3200073242188,14938,0.0,0.0
2014-06-11 00:00:00-04:00,916.719970703125,922.5599975585938,888.4000244140625,901.760009765625,16838,0.0,0.0
2014-06-12 00:00:00-04:00,902.4000244140625,916.5599975585938,894.47998046875,904.719970703125,11863,0.0,0.0
2014-06-13 00:00:00-04:00,910.5599975585938,910.5599975585938,877.52001953125,881.8400268554688,17025,0.0,0.0
2014-06-16 00:00:00-04:00,884.5599975585938,964.0,873.3599853515625,962.8800048828125,32700,0.0,0.0
2014-06-17 00:00:00-04:00,958.47998046875,973.5999755859375,936.47998046875,940.239990234375,29863,0.0,0.0
2014-06-18 00:00:00-04:00,937.280029296875,946.3200073242188,924.0800170898438,936.3200073242188,16263,0.0,0.0
2014-06-19 00:00:00-04:00,937.8400268554688,944.719970703125,908.3200073242188,923.280029296875,13925,0.0,0.0
2014-06-20 00:00:00-04:00,928.719970703125,941.0399780273438,908.239990234375,925.1199951171875,23925,0.0,0.0
2014-06-23 00:00:00-04:00,918.0800170898438,944.9600219726562,912.5599975585938,941.760009765625,17375,0.0,0.0
2014-06-24 00:00:00-04:00,924.7999877929688,941.3599853515625,910.1599731445312,914.7999877929688,21100,0.0,0.0
2014-06-25 00:00:00-04:00,909.4400024414062,924.239990234375,903.4400024414062,913.9199829101562,15488,0.0,0.0
2014-06-26 00:00:00-04:00,910.5599975585938,916.239990234375,885.4400024414062,912.0,19813,0.0,0.0
2014-06-27 00:00:00-04:00,912.4000244140625,938.8800048828125,899.1199951171875,914.3200073242188,276438,0.0,0.0
2014-06-30 00:00:00-04:00,921.6799926757812,921.6799926757812,893.5999755859375,916.6400146484375,29550,0.0,0.0
2014-07-01 00:00:00-04:00,922.0800170898438,944.0,903.6799926757812,908.719970703125,39538,0.0,0.0
2014-07-02 00:00:00-04:00,909.6799926757812,924.7999877929688,899.280029296875,909.9199829101562,20163,0.0,0.0
2014-07-03 00:00:00-04:00,909.2000122070312,928.47998046875,903.2000122070312,910.5599975585938,20800,0.0,0.0
2014-07-07 00:00:00-04:00,911.2000122070312,911.2000122070312,892.0800170898438,896.0,16888,0.0,0.0
2014-07-08 00:00:00-04:00,898.239990234375,898.239990234375,867.760009765625,896.0,25338,0.0,0.0
2014-07-09 00:00:00-04:00,895.6799926757812,895.6799926757812,849.1199951171875,855.9199829101562,48450,0.0,0.0
2014-07-10 00:00:00-04:00,840.0,848.0,827.6799926757812,838.0,20550,0.0,0.0
2014-07-11 00:00:00-04:00,837.6799926757812,849.2000122070312,829.9199829101562,839.6799926757812,10325,0.0,0.0
2014-07-14 00:00:00-04:00,848.0,875.1199951171875,842.8800048828125,870.5599975585938,21550,0.0,0.0
2014-07-15 00:00:00-04:00,872.0,886.239990234375,865.8400268554688,880.9600219726562,35188,0.0,0.0
2014-07-16 00:00:00-04:00,883.3599853515625,892.6400146484375,864.1599731445312,892.239990234375,22488,0.0,0.0
2014-07-17 00:00:00-04:00,885.52001953125,891.6799926757812,876.239990234375,882.3200073242188,21763,0.0,0.0
2014-07-18 00:00:00-04:00,881.0399780273438,892.0800170898438,871.6799926757812,888.0,17863,0.0,0.0
2014-07-21 00:00:00-04:00,883.5999755859375,898.3200073242188,874.4000244140625,885.52001953125,11400,0.0,0.0
2014-07-22 00:00:00-04:00,891.4400024414062,914.1599731445312,882.7999877929688,913.4400024414062,26225,0.0,0.0
2014-07-23 00:00:00-04:00,910.9600219726562,919.4400024414062,894.9600219726562,903.2000122070312,18088,0.0,0.0
2014-07-24 00:00:00-04:00,960.0,978.0,904.239990234375,946.5599975585938,41925,0.0,0.0
2014-07-25 00:00:00-04:00,940.47998046875,959.8400268554688,936.0,951.6799926757812,24988,0.0,0.0
2014-07-28 00:00:00-04:00,955.760009765625,974.9600219726562,951.52001953125,959.5999755859375,21250,0.0,0.0
2014-07-29 00:00:00-04:00,965.1199951171875,973.280029296875,948.719970703125,951.2000122070312,19600,0.0,0.0
2014-07-30 00:00:00-04:00,952.9600219726562,963.8400268554688,939.8400268554688,949.52001953125,19275,0.0,0.0
2014-07-31 00:00:00-04:00,937.760009765625,939.9199829101562,859.4400024414062,867.0399780273438,62575,0.0,0.0
2014-08-01 00:00:00-04:00,856.0,865.2000122070312,818.1599731445312,830.6400146484375,47500,0.0,0.0
2014-08-04 00:00:00-04:00,829.2000122070312,840.5599975585938,667.5999755859375,709.2000122070312,202563,0.0,0.0
2014-08-05 00:00:00-04:00,703.280029296875,724.719970703125,668.5599975585938,672.4000244140625,87313,0.0,0.0
2014-08-06 00:00:00-04:00,672.47998046875,700.3200073242188,672.47998046875,693.52001953125,51600,0.0,0.0
2014-08-07 00:00:00-04:00,692.8800048828125,693.2000122070312,670.719970703125,671.8400268554688,29175,0.0,0.0
2014-08-08 00:00:00-04:00,674.47998046875,705.4400024414062,666.9600219726562,691.3599853515625,31625,0.0,0.0
2014-08-11 00:00:00-04:00,695.2000122070312,717.280029296875,693.5999755859375,694.0800170898438,24038,0.0,0.0
2014-08-12 00:00:00-04:00,688.0,710.5599975585938,679.5999755859375,705.3599853515625,33425,0.0,0.0
2014-08-13 00:00:00-04:00,703.4400024414062,714.4000244140625,697.280029296875,712.719970703125,19925,0.0,0.0
2014-08-14 00:00:00-04:00,712.0,719.52001953125,697.9199829101562,699.0399780273438,30488,0.0,0.0
2014-08-15 00:00:00-04:00,699.5999755859375,702.7999877929688,693.4400024414062,696.0,27538,0.0,0.0
2014-08-18 00:00:00-04:00,703.1199951171875,712.47998046875,679.1199951171875,709.3599853515625,44388,0.0,0.0
2014-08-19 00:00:00-04:00,713.2000122070312,723.52001953125,705.0399780273438,717.1199951171875,10363,0.0,0.0
2014-08-20 00:00:00-04:00,714.3200073242188,719.2000122070312,704.1599731445312,710.0,14638,0.0,0.0
2014-08-21 00:00:00-04:00,709.760009765625,726.7999877929688,702.3200073242188,724.6400146484375,16500,0.0,0.0
2014-08-22 00:00:00-04:00,722.239990234375,727.9199829101562,710.7999877929688,719.6799926757812,21063,0.0,0.0
2014-08-25 00:00:00-04:00,723.0399780273438,752.9600219726562,720.719970703125,734.4000244140625,29338,0.0,0.0
2014-08-26 00:00:00-04:00,738.5599975585938,758.239990234375,733.760009765625,757.1199951171875,22500,0.0,0.0
2014-08-27 00:00:00-04:00,759.2000122070312,766.0800170898438,750.8800048828125,765.2000122070312,23125,0.0,0.0
2014-08-28 00:00:00-04:00,764.0800170898438,769.52001953125,754.9600219726562,765.1199951171875,25788,0.0,0.0
2014-08-29 00:00:00-04:00,764.0,802.0,762.0800170898438,799.4400024414062,37025,0.0,0.0
2014-09-02 00:00:00-04:00,804.9600219726562,818.8800048828125,794.6400146484375,814.8800048828125,33388,0.0,0.0
2014-09-03 00:00:00-04:00,819.4400024414062,830.8800048828125,811.4400024414062,816.1599731445312,31150,0.0,0.0
2014-09-04 00:00:00-04:00,815.52001953125,835.9199829101562,807.4400024414062,810.5599975585938,33000,0.0,0.0
2014-09-05 00:00:00-04:00,810.5599975585938,840.0800170898438,810.5599975585938,836.7999877929688,23750,0.0,0.0
2014-09-08 00:00:00-04:00,838.9600219726562,849.0399780273438,833.52001953125,839.5999755859375,26563,0.0,0.0
2014-09-09 00:00:00-04:00,835.52001953125,835.52001953125,814.9600219726562,815.1199951171875,37238,0.0,0.0
2014-09-10 00:00:00-04:00,818.3200073242188,831.280029296875,808.0800170898438,818.3200073242188,26025,0.0,0.0
2014-09-11 00:00:00-04:00,817.4400024414062,835.5999755859375,817.4400024414062,829.52001953125,29425,0.0,0.0
2014-09-12 00:00:00-04:00,832.0,848.4000244140625,817.5999755859375,819.9199829101562,35963,0.0,0.0
2014-09-15 00:00:00-04:00,817.280029296875,834.0,803.6799926757812,814.3200073242188,38988,0.0,0.0
2014-09-16 00:00:00-04:00,814.1599731445312,826.719970703125,802.1599731445312,818.1599731445312,27013,0.0,0.0
2014-09-17 00:00:00-04:00,815.760009765625,829.2000122070312,810.719970703125,819.6799926757812,32500,0.0,0.0
2014-09-18 00:00:00-04:00,825.280029296875,857.52001953125,821.52001953125,848.7999877929688,39350,0.0,0.0
2014-09-19 00:00:00-04:00,854.5599975585938,863.3599853515625,806.7999877929688,811.4400024414062,49025,0.0,0.0
2014-09-22 00:00:00-04:00,803.9199829101562,818.7999877929688,800.7999877929688,813.52001953125,24550,0.0,0.0
2014-09-23 00:00:00-04:00,808.8800048828125,824.0800170898438,790.1599731445312,806.4000244140625,33388,0.0,0.0
2014-09-24 00:00:00-04:00,806.3200073242188,832.0,797.5999755859375,819.4400024414062,27975,0.0,0.0
2014-09-25 00:00:00-04:00,820.239990234375,821.2000122070312,796.239990234375,809.760009765625,36888,0.0,0.0
2014-09-26 00:00:00-04:00,813.1199951171875,828.239990234375,808.6400146484375,821.6799926757812,24350,0.0,0.0
2014-09-29 00:00:00-04:00,810.8800048828125,822.719970703125,798.239990234375,807.8400268554688,29438,0.0,0.0
2014-09-30 00:00:00-04:00,807.2000122070312,817.9199829101562,805.2000122070312,806.4000244140625,25025,0.0,0.0
2014-10-01 00:00:00-04:00,809.280029296875,809.280029296875,768.9600219726562,774.9600219726562,44050,0.0,0.0
2014-10-02 00:00:00-04:00,773.6799926757812,803.9199829101562,749.6799926757812,803.2000122070312,36263,0.0,0.0
2014-10-03 00:00:00-04:00,812.239990234375,830.6400146484375,812.239990234375,815.9199829101562,25300,0.0,0.0
2014-10-06 00:00:00-04:00,818.0,829.0399780273438,810.5599975585938,814.5599975585938,27600,0.0,0.0
2014-10-07 00:00:00-04:00,806.0800170898438,808.5599975585938,780.239990234375,781.8400268554688,32538,0.0,0.0
2014-10-08 00:00:00-04:00,780.719970703125,793.52001953125,774.719970703125,789.9199829101562,42838,0.0,0.0
2014-10-09 00:00:00-04:00,790.239990234375,797.1199951171875,758.9600219726562,759.280029296875,40925,0.0,0.0
2014-10-10 00:00:00-04:00,755.6799926757812,772.0,745.6799926757812,760.3200073242188,35438,0.0,0.0
2014-10-13 00:00:00-04:00,759.5999755859375,770.5599975585938,734.719970703125,737.4400024414062,28350,0.0,0.0
2014-10-14 00:00:00-04:00,746.0,758.0,729.2000122070312,750.239990234375,33225,0.0,0.0
2014-10-15 00:00:00-04:00,738.8800048828125,760.0,726.719970703125,751.4400024414062,45563,0.0,0.0
2014-10-16 00:00:00-04:00,738.719970703125,764.0,722.0,749.9199829101562,44450,0.0,0.0
2014-10-17 00:00:00-04:00,761.52001953125,770.47998046875,747.52001953125,752.4000244140625,29738,0.0,0.0
2014-10-20 00:00:00-04:00,750.8800048828125,768.0,750.8800048828125,758.6400146484375,30813,0.0,0.0
2014-10-21 00:00:00-04:00,766.239990234375,772.6400146484375,582.47998046875,676.0800170898438,293838,0.0,0.0
2014-10-22 00:00:00-04:00,618.0800170898438,643.760009765625,547.280029296875,552.8800048828125,176225,0.0,0.0
2014-10-23 00:00:00-04:00,556.7999877929688,589.52001953125,529.1199951171875,573.9199829101562,115513,0.0,0.0
2014-10-24 00:00:00-04:00,575.1199951171875,592.0,562.4000244140625,586.6400146484375,76163,0.0,0.0
2014-10-27 00:00:00-04:00,580.8800048828125,588.239990234375,557.1199951171875,572.719970703125,102113,0.0,0.0
2014-10-28 00:00:00-04:00,572.719970703125,580.0,557.760009765625,574.8800048828125,71525,0.0,0.0
2014-10-29 00:00:00-04:00,569.52001953125,619.6799926757812,560.0,583.2000122070312,132238,0.0,0.0
2014-10-30 00:00:00-04:00,584.0,624.5599975585938,580.0800170898438,613.52001953125,119150,0.0,0.0
2014-10-31 00:00:00-04:00,621.0399780273438,621.6799926757812,583.0399780273438,597.280029296875,70925,0.0,0.0
2014-11-03 00:00:00-05:00,597.1199951171875,612.47998046875,576.4000244140625,582.0800170898438,36288,0.0,0.0
2014-11-04 00:00:00-05:00,576.7999877929688,585.2000122070312,554.0800170898438,558.7999877929688,36788,0.0,0.0
2014-11-05 00:00:00-05:00,561.6799926757812,574.719970703125,554.7999877929688,567.5999755859375,35800,0.0,0.0
2014-11-06 00:00:00-05:00,568.47998046875,570.1599731445312,550.239990234375,561.280029296875,37900,0.0,0.0
2014-11-07 00:00:00-05:00,558.47998046875,571.1199951171875,554.3200073242188,560.4000244140625,32538,0.0,0.0
2014-11-10 00:00:00-05:00,559.4400024414062,567.280029296875,543.1199951171875,562.47998046875,45238,0.0,0.0
2014-11-11 00:00:00-05:00,560.4000244140625,596.5599975585938,558.6400146484375,582.239990234375,76375,0.0,0.0
2014-11-12 00:00:00-05:00,479.760009765625,520.0,445.2799987792969,484.0,324888,0.0,0.0
2014-11-13 00:00:00-05:00,482.7200012207031,492.239990234375,438.6400146484375,440.0,136650,0.0,0.0
2014-11-14 00:00:00-05:00,435.6000061035156,438.0,406.8800048828125,414.0799865722656,137000,0.0,0.0
2014-11-17 00:00:00-05:00,408.55999755859375,429.44000244140625,393.8399963378906,418.55999755859375,116413,0.0,0.0
2014-11-18 00:00:00-05:00,418.3999938964844,424.79998779296875,406.6400146484375,420.79998779296875,97638,0.0,0.0
2014-11-19 00:00:00-05:00,418.3999938964844,425.44000244140625,412.9599914550781,424.32000732421875,35875,0.0,0.0
2014-11-20 00:00:00-05:00,419.8399963378906,452.3999938964844,419.8399963378906,447.760009765625,74438,0.0,0.0
2014-11-21 00:00:00-05:00,452.32000732421875,459.9200134277344,445.3599853515625,447.0400085449219,57238,0.0,0.0
2014-11-24 00:00:00-05:00,451.1199951171875,459.8399963378906,442.9599914550781,447.67999267578125,74125,0.0,0.0
2014-11-25 00:00:00-05:00,447.0400085449219,451.760009765625,432.79998779296875,434.3999938964844,22988,0.0,0.0
2014-11-26 00:00:00-05:00,437.2799987792969,437.2799987792969,429.5199890136719,433.0400085449219,22163,0.0,0.0
2014-11-28 00:00:00-05:00,432.79998779296875,435.760009765625,416.0,418.239990234375,19388,0.0,0.0
2014-12-01 00:00:00-05:00,417.1199951171875,422.32000732421875,387.20001220703125,388.1600036621094,39425,0.0,0.0
2014-12-02 00:00:00-05:00,388.1600036621094,395.9200134277344,382.239990234375,388.8800048828125,31975,0.0,0.0
2014-12-03 00:00:00-05:00,387.67999267578125,398.32000732421875,376.3999938964844,381.1199951171875,35350,0.0,0.0
2014-12-04 00:00:00-05:00,381.1199951171875,399.44000244140625,372.8800048828125,396.0,51538,0.0,0.0
2014-12-05 00:00:00-05:00,398.239990234375,404.8800048828125,386.6400146484375,402.8800048828125,28888,0.0,0.0
2014-12-08 00:00:00-05:00,399.9200134277344,410.4800109863281,388.8800048828125,392.4800109863281,26213,0.0,0.0
2014-12-09 00:00:00-05:00,386.4800109863281,408.55999755859375,384.1600036621094,407.44000244140625,29513,0.0,0.0
2014-12-10 00:00:00-05:00,403.6000061035156,409.20001220703125,386.0,391.9200134277344,36513,0.0,0.0
2014-12-11 00:00:00-05:00,395.8399963378906,406.7200012207031,392.55999755859375,397.760009765625,16675,0.0,0.0
2014-12-12 00:00:00-05:00,392.3999938964844,402.3999938964844,384.1600036621094,394.0,18913,0.0,0.0
2014-12-15 00:00:00-05:00,394.9599914550781,398.7200012207031,385.1199951171875,389.2799987792969,17725,0.0,0.0
2014-12-16 00:00:00-05:00,387.1199951171875,390.6400146484375,370.6400146484375,380.4800109863281,22963,0.0,0.0
2014-12-17 00:00:00-05:00,380.6400146484375,412.239990234375,375.760009765625,410.8800048828125,32338,0.0,0.0
2014-12-18 00:00:00-05:00,398.3999938964844,398.3999938964844,378.55999755859375,382.9599914550781,120450,0.0,0.0
2014-12-19 00:00:00-05:00,384.0,387.6000061035156,376.79998779296875,380.32000732421875,61900,0.0,0.0
2014-12-22 00:00:00-05:00,367.2799987792969,367.9200134277344,245.75999450683594,251.9199981689453,333438,0.0,0.0
2014-12-23 00:00:00-05:00,251.36000061035156,255.67999267578125,225.60000610351562,235.52000427246094,197825,0.0,0.0
2014-12-24 00:00:00-05:00,235.9199981689453,274.9599914550781,232.72000122070312,270.4800109863281,88438,0.0,0.0
2014-12-26 00:00:00-05:00,271.44000244140625,278.1600036621094,263.2799987792969,267.20001220703125,55713,0.0,0.0
2014-12-29 00:00:00-05:00,266.0799865722656,275.5199890136719,260.79998779296875,271.1199951171875,33788,0.0,0.0
2014-12-30 00:00:00-05:00,274.7200012207031,277.8399963378906,268.0799865722656,273.3599853515625,34213,0.0,0.0
2014-12-31 00:00:00-05:00,275.20001220703125,280.79998779296875,268.6400146484375,270.32000732421875,38138,0.0,0.0
2015-01-02 00:00:00-05:00,270.6400146484375,282.0,268.4800109863281,273.3599853515625,35738,0.0,0.0
2015-01-05 00:00:00-05:00,266.55999755859375,281.3599853515625,258.0,259.67999267578125,46063,0.0,0.0
2015-01-06 00:00:00-05:00,260.0,263.1199951171875,233.52000427246094,243.83999633789062,50275,0.0,0.0
2015-01-07 00:00:00-05:00,244.8800048828125,251.1199951171875,238.16000366210938,242.72000122070312,64725,0.0,0.0
2015-01-08 00:00:00-05:00,241.9199981689453,253.0399932861328,240.0,251.27999877929688,17113,0.0,0.0
2015-01-09 00:00:00-05:00,250.63999938964844,252.0800018310547,228.72000122070312,231.1999969482422,44050,0.0,0.0
2015-01-12 00:00:00-05:00,229.52000427246094,233.9199981689453,212.72000122070312,215.52000427246094,43450,0.0,0.0
2015-01-13 00:00:00-05:00,212.0,212.0,128.0,131.9199981689453,455925,0.0,0.0
2015-01-14 00:00:00-05:00,136.16000366210938,146.8800048828125,128.0,144.47999572753906,139363,0.0,0.0
2015-01-15 00:00:00-05:00,145.60000610351562,162.0,144.39999389648438,146.9600067138672,142188,0.0,0.0
2015-01-16 00:00:00-05:00,144.0800018310547,263.0400085449219,142.0800018310547,221.27999877929688,620775,0.0,0.0
2015-01-20 00:00:00-05:00,200.0,215.67999267578125,168.63999938964844,170.0800018310547,270025,0.0,0.0
2015-01-21 00:00:00-05:00,169.60000610351562,223.1999969482422,165.27999877929688,197.67999267578125,303050,0.0,0.0
2015-01-22 00:00:00-05:00,193.75999450683594,213.9199981689453,189.60000610351562,190.8800048828125,97500,0.0,0.0
2015-01-23 00:00:00-05:00,189.83999633789062,200.63999938964844,162.63999938964844,170.32000732421875,165525,0.0,0.0
2015-01-26 00:00:00-05:00,202.16000366210938,204.0,174.8000030517578,177.1999969482422,178175,0.0,0.0
2015-01-27 00:00:00-05:00,175.1999969482422,177.9199981689453,171.1999969482422,175.27999877929688,66938,0.0,0.0
2015-01-28 00:00:00-05:00,175.27999877929688,176.24000549316406,167.1999969482422,168.63999938964844,48588,0.0,0.0
2015-01-29 00:00:00-05:00,169.44000244140625,169.44000244140625,159.44000244140625,164.47999572753906,67488,0.0,0.0
2015-01-30 00:00:00-05:00,159.27999877929688,175.75999450683594,148.0,162.24000549316406,145275,0.0,0.0
2015-02-02 00:00:00-05:00,163.1999969482422,171.75999450683594,159.60000610351562,161.52000427246094,40800,0.0,0.0
2015-02-03 00:00:00-05:00,163.83999633789062,182.0800018310547,161.60000610351562,174.0,84638,0.0,0.0
2015-02-04 00:00:00-05:00,173.75999450683594,178.8800048828125,165.75999450683594,166.0,40775,0.0,0.0
2015-02-05 00:00:00-05:00,173.52000427246094,187.36000061035156,170.8800048828125,179.67999267578125,99913,0.0,0.0
2015-02-06 00:00:00-05:00,181.1199951171875,193.83999633789062,172.16000366210938,189.44000244140625,117413,0.0,0.0
2015-02-09 00:00:00-05:00,187.0399932861328,197.60000610351562,175.1999969482422,179.1199951171875,82025,0.0,0.0
2015-02-10 00:00:00-05:00,180.63999938964844,186.24000549316406,172.24000549316406,175.1199951171875,53150,0.0,0.0
2015-02-11 00:00:00-05:00,174.72000122070312,177.27999877929688,168.8000030517578,172.16000366210938,39500,0.0,0.0
2015-02-12 00:00:00-05:00,175.27999877929688,184.39999389648438,171.1999969482422,177.83999633789062,43188,0.0,0.0
2015-02-13 00:00:00-05:00,179.60000610351562,187.1199951171875,175.1999969482422,178.55999755859375,52438,0.0,0.0
2015-02-17 00:00:00-05:00,179.83999633789062,188.0,177.83999633789062,187.1999969482422,68563,0.0,0.0
2015-02-18 00:00:00-05:00,187.27999877929688,205.44000244140625,187.27999877929688,193.27999877929688,76525,0.0,0.0
2015-02-19 00:00:00-05:00,192.0,199.9199981689453,189.1999969482422,190.47999572753906,52213,0.0,0.0
2015-02-20 00:00:00-05:00,189.83999633789062,192.16000366210938,182.0,185.60000610351562,84950,0.0,0.0
2015-02-23 00:00:00-05:00,189.9199981689453,196.0800018310547,176.0,188.47999572753906,125675,0.0,0.0
2015-02-24 00:00:00-05:00,187.60000610351562,191.27999877929688,182.8800048828125,187.9199981689453,60375,0.0,0.0
2015-02-25 00:00:00-05:00,187.52000427246094,189.83999633789062,178.47999572753906,181.52000427246094,71313,0.0,0.0
2015-02-26 00:00:00-05:00,181.9199981689453,187.67999267578125,175.83999633789062,177.60000610351562,52025,0.0,0.0
2015-02-27 00:00:00-05:00,174.24000549316406,175.0399932861328,158.55999755859375,161.1199951171875,88863,0.0,0.0
2015-03-02 00:00:00-05:00,160.24000549316406,165.36000061035156,158.63999938964844,163.75999450683594,23338,0.0,0.0
2015-03-03 00:00:00-05:00,158.39999389648438,167.83999633789062,155.52000427246094,161.75999450683594,55413,0.0,0.0
2015-03-04 00:00:00-05:00,161.0399932861328,165.9199981689453,148.39999389648438,149.9199981689453,109200,0.0,0.0
2015-03-05 00:00:00-05:00,150.0,153.67999267578125,142.55999755859375,150.0800018310547,68950,0.0,0.0
2015-03-06 00:00:00-05:00,148.9600067138672,153.1999969482422,146.39999389648438,148.32000732421875,31263,0.0,0.0
2015-03-09 00:00:00-04:00,148.0,148.72000122070312,133.36000061035156,136.0800018310547,75000,0.0,0.0
2015-03-10 00:00:00-04:00,135.83999633789062,142.16000366210938,132.39999389648438,140.8000030517578,48200,0.0,0.0
2015-03-11 00:00:00-04:00,140.55999755859375,142.24000549316406,137.67999267578125,140.63999938964844,29913,0.0,0.0
2015-03-12 00:00:00-04:00,141.44000244140625,147.1999969482422,140.8800048828125,144.16000366210938,34688,0.0,0.0
2015-03-13 00:00:00-04:00,144.32000732421875,144.63999938964844,139.36000061035156,142.47999572753906,39625,0.0,0.0
2015-03-16 00:00:00-04:00,142.8800048828125,142.9600067138672,124.0,131.1199951171875,120363,0.0,0.0
2015-03-17 00:00:00-04:00,130.8000030517578,131.9199981689453,120.0,121.04000091552734,112088,0.0,0.0
2015-03-18 00:00:00-04:00,122.4000015258789,122.72000122070312,108.80000305175781,110.80000305175781,162825,0.0,0.0
2015-03-19 00:00:00-04:00,108.80000305175781,110.31999969482422,98.23999786376953,99.83999633789062,157738,0.0,0.0
2015-03-20 00:00:00-04:00,100.0,109.44000244140625,99.83999633789062,106.63999938964844,92525,0.0,0.0
2015-03-23 00:00:00-04:00,105.36000061035156,112.80000305175781,104.4000015258789,111.5199966430664,70938,0.0,0.0
2015-03-24 00:00:00-04:00,109.76000213623047,114.80000305175781,107.68000030517578,114.4800033569336,61713,0.0,0.0
2015-03-25 00:00:00-04:00,114.4000015258789,118.80000305175781,112.63999938964844,114.16000366210938,47713,0.0,0.0
2015-03-26 00:00:00-04:00,113.5999984741211,115.5199966430664,109.91999816894531,112.23999786376953,46013,0.0,0.0
2015-03-27 00:00:00-04:00,111.5199966430664,112.80000305175781,105.5199966430664,106.95999908447266,43475,0.0,0.0
2015-03-30 00:00:00-04:00,107.91999816894531,109.68000030517578,103.76000213623047,104.87999725341797,45538,0.0,0.0
2015-03-31 00:00:00-04:00,105.19999694824219,105.19999694824219,99.27999877929688,102.95999908447266,62575,0.0,0.0
2015-04-01 00:00:00-04:00,102.55999755859375,107.5999984741211,100.4800033569336,106.08000183105469,38600,0.0,0.0
2015-04-02 00:00:00-04:00,105.12000274658203,121.91999816894531,105.12000274658203,120.0,77500,0.0,0.0
2015-04-06 00:00:00-04:00,118.80000305175781,132.16000366210938,117.19999694824219,131.67999267578125,63900,0.0,0.0
2015-04-07 00:00:00-04:00,147.67999267578125,161.1199951171875,144.47999572753906,155.0399932861328,207025,0.0,0.0
2015-04-08 00:00:00-04:00,152.9600067138672,153.60000610351562,144.16000366210938,147.36000061035156,74175,0.0,0.0
2015-04-09 00:00:00-04:00,151.75999450683594,156.0,148.55999755859375,151.27999877929688,52675,0.0,0.0
2015-04-10 00:00:00-04:00,156.0,166.72000122070312,146.39999389648438,164.24000549316406,83288,0.0,0.0
2015-04-13 00:00:00-04:00,170.39999389648438,170.9600067138672,149.60000610351562,152.63999938964844,115613,0.0,0.0
2015-04-14 00:00:00-04:00,152.63999938964844,152.8000030517578,144.63999938964844,146.0800018310547,60975,0.0,0.0
2015-04-15 00:00:00-04:00,146.55999755859375,153.1999969482422,142.0,150.32000732421875,38575,0.0,0.0
2015-04-16 00:00:00-04:00,149.36000061035156,150.63999938964844,142.0800018310547,142.39999389648438,51575,0.0,0.0
2015-04-17 00:00:00-04:00,141.27999877929688,142.8000030517578,135.36000061035156,139.1199951171875,48163,0.0,0.0
2015-04-20 00:00:00-04:00,139.1999969482422,147.52000427246094,139.1199951171875,140.16000366210938,45663,0.0,0.0
2015-04-21 00:00:00-04:00,140.47999572753906,140.47999572753906,132.9600067138672,134.0,38200,0.0,0.0
2015-04-22 00:00:00-04:00,134.0800018310547,144.8000030517578,132.8800048828125,144.55999755859375,80625,0.0,0.0
2015-04-23 00:00:00-04:00,145.83999633789062,182.0,144.8000030517578,179.83999633789062,295800,0.0,0.0
2015-04-24 00:00:00-04:00,177.27999877929688,199.1999969482422,176.32000732421875,185.9199981689453,198063,0.0,0.0
2015-04-27 00:00:00-04:00,185.9199981689453,195.9199981689453,182.63999938964844,192.0,81613,0.0,0.0
2015-04-28 00:00:00-04:00,192.0,205.44000244140625,188.16000366210938,201.67999267578125,140613,0.0,0.0
2015-04-29 00:00:00-04:00,200.0,213.1199951171875,195.0399932861328,198.16000366210938,99725,0.0,0.0
2015-04-30 00:00:00-04:00,200.0,200.0,187.52000427246094,194.0,66613,0.0,0.0
2015-05-01 00:00:00-04:00,204.0,219.60000610351562,194.9600067138672,215.52000427246094,106475,0.0,0.0
2015-05-04 00:00:00-04:00,213.9199981689453,245.52000427246094,212.0,242.0,131638,0.0,0.0
2015-05-05 00:00:00-04:00,239.60000610351562,246.8000030517578,226.0,228.63999938964844,117913,0.0,0.0
2015-05-06 00:00:00-04:00,228.55999755859375,231.44000244140625,211.44000244140625,218.47999572753906,87063,0.0,0.0
2015-05-07 00:00:00-04:00,219.0399932861328,240.8800048828125,213.0399932861328,239.36000061035156,79863,0.0,0.0
2015-05-08 00:00:00-04:00,241.67999267578125,247.83999633789062,236.32000732421875,239.67999267578125,79113,0.0,0.0
2015-05-11 00:00:00-04:00,240.55999755859375,261.6000061035156,238.0,244.0800018310547,64838,0.0,0.0
2015-05-12 00:00:00-04:00,245.36000061035156,247.1999969482422,236.9600067138672,243.44000244140625,46000,0.0,0.0
2015-05-13 00:00:00-04:00,242.55999755859375,244.0800018310547,226.0,241.75999450683594,76600,0.0,0.0
2015-05-14 00:00:00-04:00,244.72000122070312,248.32000732421875,236.8800048828125,245.27999877929688,67388,0.0,0.0
2015-05-15 00:00:00-04:00,244.9600067138672,248.0,238.0,242.0800018310547,74725,0.0,0.0
2015-05-18 00:00:00-04:00,240.8800048828125,248.72000122070312,235.60000610351562,242.9600067138672,60250,0.0,0.0
2015-05-19 00:00:00-04:00,243.75999450683594,243.75999450683594,232.16000366210938,236.24000549316406,45263,0.0,0.0
2015-05-20 00:00:00-04:00,236.24000549316406,237.67999267578125,220.8000030517578,231.60000610351562,64300,0.0,0.0
2015-05-21 00:00:00-04:00,231.0399932861328,234.72000122070312,227.44000244140625,229.83999633789062,27300,0.0,0.0
2015-05-22 00:00:00-04:00,229.52000427246094,233.44000244140625,226.63999938964844,231.52000427246094,29925,0.0,0.0
2015-05-26 00:00:00-04:00,234.24000549316406,241.27999877929688,226.8800048828125,232.39999389648438,51088,0.0,0.0
2015-05-27 00:00:00-04:00,229.75999450683594,233.52000427246094,226.39999389648438,232.0,82050,0.0,0.0
2015-05-28 00:00:00-04:00,232.0,232.0,222.0,222.63999938964844,60113,0.0,0.0
2015-05-29 00:00:00-04:00,221.1999969482422,224.0,213.27999877929688,220.16000366210938,55538,0.0,0.0
2015-06-01 00:00:00-04:00,220.39999389648438,224.63999938964844,212.9600067138672,214.55999755859375,46763,0.0,0.0
2015-06-02 00:00:00-04:00,214.24000549316406,225.36000061035156,211.1999969482422,220.55999755859375,49875,0.0,0.0
2015-06-03 00:00:00-04:00,222.0,233.60000610351562,219.83999633789062,228.72000122070312,67825,0.0,0.0
2015-06-04 00:00:00-04:00,227.0399932861328,231.52000427246094,222.0,224.8800048828125,40175,0.0,0.0
2015-06-05 00:00:00-04:00,223.52000427246094,224.63999938964844,214.0,214.9600067138672,44950,0.0,0.0
2015-06-08 00:00:00-04:00,213.60000610351562,219.83999633789062,212.0,216.8000030517578,28825,0.0,0.0
2015-06-09 00:00:00-04:00,216.8000030517578,228.8000030517578,216.8000030517578,223.27999877929688,41688,0.0,0.0
2015-06-10 00:00:00-04:00,223.67999267578125,241.52000427246094,220.47999572753906,239.9199981689453,70425,0.0,0.0
2015-06-11 00:00:00-04:00,241.67999267578125,256.0,235.67999267578125,248.8800048828125,90800,0.0,0.0
2015-06-12 00:00:00-04:00,247.1999969482422,258.3999938964844,243.36000061035156,257.20001220703125,42663,0.0,0.0
2015-06-15 00:00:00-04:00,257.6000061035156,263.44000244140625,252.32000732421875,255.44000244140625,45450,0.0,0.0
2015-06-16 00:00:00-04:00,254.72000122070312,265.6000061035156,249.1999969482422,253.52000427246094,51838,0.0,0.0
2015-06-17 00:00:00-04:00,252.8000030517578,254.32000732421875,244.24000549316406,245.60000610351562,33038,0.0,0.0
2015-06-18 00:00:00-04:00,246.8000030517578,252.8800048828125,242.47999572753906,250.0,54150,0.0,0.0
2015-06-19 00:00:00-04:00,250.32000732421875,252.63999938964844,241.44000244140625,242.8800048828125,48313,0.0,0.0
2015-06-22 00:00:00-04:00,244.8000030517578,259.20001220703125,236.0800018310547,255.60000610351562,60875,0.0,0.0
2015-06-23 00:00:00-04:00,257.1199951171875,268.7200012207031,254.47999572753906,255.44000244140625,67588,0.0,0.0
2015-06-24 00:00:00-04:00,255.1999969482422,259.67999267578125,247.44000244140625,254.55999755859375,44338,0.0,0.0
2015-06-25 00:00:00-04:00,255.1999969482422,255.1999969482422,247.83999633789062,250.47999572753906,27638,0.0,0.0
2015-06-26 00:00:00-04:00,250.8800048828125,252.32000732421875,244.39999389648438,251.1999969482422,54763,0.0,0.0
2015-06-29 00:00:00-04:00,247.9199981689453,251.36000061035156,241.83999633789062,247.75999450683594,37163,0.0,0.0
2015-06-30 00:00:00-04:00,248.72000122070312,251.75999450683594,244.24000549316406,246.32000732421875,40975,0.0,0.0
2015-07-01 00:00:00-04:00,249.9199981689453,251.60000610351562,236.0800018310547,237.1199951171875,61013,0.0,0.0
2015-07-02 00:00:00-04:00,237.27999877929688,244.0,232.0,240.16000366210938,38688,0.0,0.0
2015-07-06 00:00:00-04:00,237.60000610351562,240.47999572753906,232.9600067138672,235.67999267578125,26475,0.0,0.0
2015-07-07 00:00:00-04:00,234.0800018310547,238.16000366210938,227.67999267578125,236.16000366210938,54513,0.0,0.0
2015-07-08 00:00:00-04:00,234.0,238.72000122070312,218.72000122070312,221.83999633789062,68900,0.0,0.0
2015-07-09 00:00:00-04:00,226.16000366210938,234.39999389648438,222.0,228.63999938964844,92688,0.0,0.0
2015-07-10 00:00:00-04:00,232.32000732421875,234.63999938964844,222.47999572753906,224.55999755859375,75213,0.0,0.0
2015-07-13 00:00:00-04:00,226.72000122070312,243.0399932861328,221.60000610351562,238.39999389648438,41325,0.0,0.0
2015-07-14 00:00:00-04:00,240.0,242.0800018310547,231.1999969482422,232.16000366210938,42338,0.0,0.0
2015-07-15 00:00:00-04:00,232.0800018310547,234.16000366210938,222.63999938964844,228.16000366210938,35288,0.0,0.0
2015-07-16 00:00:00-04:00,229.60000610351562,232.8800048828125,226.0,231.0399932861328,42175,0.0,0.0
2015-07-17 00:00:00-04:00,230.39999389648438,236.72000122070312,230.0800018310547,231.9199981689453,38100,0.0,0.0
2015-07-20 00:00:00-04:00,232.8800048828125,253.67999267578125,228.55999755859375,252.32000732421875,54363,0.0,0.0
2015-07-21 00:00:00-04:00,252.39999389648438,263.0400085449219,244.63999938964844,249.9199981689453,57825,0.0,0.0
2015-07-22 00:00:00-04:00,249.44000244140625,249.44000244140625,239.60000610351562,247.52000427246094,39050,0.0,0.0
2015-07-23 00:00:00-04:00,286.7200012207031,329.8399963378906,281.6000061035156,316.32000732421875,243988,0.0,0.0
2015-07-24 00:00:00-04:00,319.20001220703125,320.0,284.1600036621094,301.760009765625,96163,0.0,0.0
2015-07-27 00:00:00-04:00,301.8399963378906,314.6400146484375,292.239990234375,309.1199951171875,42813,0.0,0.0
2015-07-28 00:00:00-04:00,310.6400146484375,313.2799987792969,298.32000732421875,306.1600036621094,48463,0.0,0.0
2015-07-29 00:00:00-04:00,305.3599853515625,317.9200134277344,302.239990234375,311.1199951171875,38713,0.0,0.0
2015-07-30 00:00:00-04:00,309.44000244140625,315.2799987792969,302.9599914550781,311.20001220703125,40763,0.0,0.0
2015-07-31 00:00:00-04:00,309.6000061035156,309.6000061035156,256.0799865722656,261.2799987792969,133038,0.0,0.0
2015-08-03 00:00:00-04:00,268.0799865722656,281.9200134277344,264.32000732421875,272.4800109863281,56838,0.0,0.0
2015-08-04 00:00:00-04:00,271.3599853515625,278.79998779296875,259.6000061035156,260.8800048828125,35413,0.0,0.0
2015-08-05 00:00:00-04:00,262.7200012207031,266.239990234375,250.32000732421875,260.4800109863281,34213,0.0,0.0
2015-08-06 00:00:00-04:00,259.2799987792969,266.7200012207031,255.1999969482422,265.1199951171875,43300,0.0,0.0
2015-08-07 00:00:00-04:00,262.239990234375,271.1199951171875,240.9600067138672,248.39999389648438,65400,0.0,0.0
2015-08-10 00:00:00-04:00,247.1199951171875,262.8800048828125,244.8000030517578,254.24000549316406,42238,0.0,0.0
2015-08-11 00:00:00-04:00,247.1999969482422,250.72000122070312,238.39999389648438,247.52000427246094,37625,0.0,0.0
2015-08-12 00:00:00-04:00,242.32000732421875,249.27999877929688,240.63999938964844,248.0800018310547,20138,0.0,0.0
2015-08-13 00:00:00-04:00,245.67999267578125,248.39999389648438,237.83999633789062,238.39999389648438,21588,0.0,0.0
2015-08-14 00:00:00-04:00,235.60000610351562,240.0800018310547,232.55999755859375,239.27999877929688,17013,0.0,0.0
2015-08-17 00:00:00-04:00,237.83999633789062,247.0399932861328,236.32000732421875,239.60000610351562,15900,0.0,0.0
2015-08-18 00:00:00-04:00,240.55999755859375,252.0800018310547,234.63999938964844,245.27999877929688,32275,0.0,0.0
2015-08-19 00:00:00-04:00,241.9199981689453,246.9600067138672,236.47999572753906,241.1999969482422,16075,0.0,0.0
2015-08-20 00:00:00-04:00,240.16000366210938,240.8800048828125,233.67999267578125,234.39999389648438,18813,0.0,0.0
2015-08-21 00:00:00-04:00,230.8800048828125,236.47999572753906,228.0800018310547,234.0800018310547,45513,0.0,0.0
2015-08-24 00:00:00-04:00,222.8800048828125,227.27999877929688,200.39999389648438,207.60000610351562,76163,0.0,0.0
2015-08-25 00:00:00-04:00,213.60000610351562,222.9600067138672,190.55999755859375,190.8000030517578,63913,0.0,0.0
2015-08-26 00:00:00-04:00,194.24000549316406,204.55999755859375,191.36000061035156,203.44000244140625,47125,0.0,0.0
2015-08-27 00:00:00-04:00,207.27999877929688,212.32000732421875,201.1199951171875,206.0800018310547,43200,0.0,0.0
2015-08-28 00:00:00-04:00,203.60000610351562,216.0,202.63999938964844,203.83999633789062,37350,0.0,0.0
2015-08-31 00:00:00-04:00,202.47999572753906,218.9600067138672,202.47999572753906,215.27999877929688,40763,0.0,0.0
2015-09-01 00:00:00-04:00,208.39999389648438,218.47999572753906,204.8000030517578,205.44000244140625,33513,0.0,0.0
2015-09-02 00:00:00-04:00,209.52000427246094,210.72000122070312,200.8000030517578,206.63999938964844,27663,0.0,0.0
2015-09-03 00:00:00-04:00,206.8000030517578,214.47999572753906,205.75999450683594,209.1999969482422,20463,0.0,0.0
2015-09-04 00:00:00-04:00,205.67999267578125,212.0,203.52000427246094,207.27999877929688,13900,0.0,0.0
2015-09-08 00:00:00-04:00,211.36000061035156,214.72000122070312,208.16000366210938,212.0800018310547,28925,0.0,0.0
2015-09-09 00:00:00-04:00,215.1199951171875,226.39999389648438,214.0,215.52000427246094,26225,0.0,0.0
2015-09-10 00:00:00-04:00,214.63999938964844,251.52000427246094,210.32000732421875,247.44000244140625,90650,0.0,0.0
2015-09-11 00:00:00-04:00,244.0,247.0399932861328,240.0,241.52000427246094,24913,0.0,0.0
2015-09-14 00:00:00-04:00,241.1199951171875,241.1199951171875,229.83999633789062,232.63999938964844,25225,0.0,0.0
2015-09-15 00:00:00-04:00,232.16000366210938,234.72000122070312,216.47999572753906,218.55999755859375,56488,0.0,0.0
2015-09-16 00:00:00-04:00,219.1999969482422,236.72000122070312,218.8800048828125,230.47999572753906,49138,0.0,0.0
2015-09-17 00:00:00-04:00,230.16000366210938,231.9199981689453,216.8800048828125,218.63999938964844,39175,0.0,0.0
2015-09-18 00:00:00-04:00,213.44000244140625,219.0399932861328,205.1999969482422,206.24000549316406,54950,0.0,0.0
2015-09-21 00:00:00-04:00,206.55999755859375,215.0399932861328,204.0800018310547,206.0,50888,0.0,0.0
2015-09-22 00:00:00-04:00,202.63999938964844,211.9199981689453,200.8000030517578,203.9199981689453,47975,0.0,0.0
2015-09-23 00:00:00-04:00,203.44000244140625,206.16000366210938,188.9600067138672,201.75999450683594,66675,0.0,0.0
2015-09-24 00:00:00-04:00,199.44000244140625,201.67999267578125,190.63999938964844,199.67999267578125,46525,0.0,0.0
2015-09-25 00:00:00-04:00,202.0,205.1999969482422,195.44000244140625,198.16000366210938,26225,0.0,0.0
2015-09-28 00:00:00-04:00,196.63999938964844,199.1199951171875,184.9600067138672,186.63999938964844,28238,0.0,0.0
2015-09-29 00:00:00-04:00,187.75999450683594,193.36000061035156,184.32000732421875,187.83999633789062,25050,0.0,0.0
2015-09-30 00:00:00-04:00,188.72000122070312,198.63999938964844,188.39999389648438,190.72000122070312,41100,0.0,0.0
2015-10-01 00:00:00-04:00,192.0,194.16000366210938,176.8000030517578,183.44000244140625,48638,0.0,0.0
2015-10-02 00:00:00-04:00,180.24000549316406,195.1199951171875,179.27999877929688,193.44000244140625,20825,0.0,0.0
2015-10-05 00:00:00-04:00,197.27999877929688,213.75999450683594,197.27999877929688,211.9199981689453,45963,0.0,0.0
2015-10-06 00:00:00-04:00,213.0399932861328,221.60000610351562,211.52000427246094,215.36000061035156,32238,0.0,0.0
2015-10-07 00:00:00-04:00,214.8800048828125,229.36000061035156,214.8800048828125,226.0,42888,0.0,0.0
2015-10-08 00:00:00-04:00,236.8000030517578,244.55999755859375,226.24000549316406,237.60000610351562,47013,0.0,0.0
2015-10-09 00:00:00-04:00,237.0399932861328,241.1199951171875,231.27999877929688,236.16000366210938,34988,0.0,0.0
2015-10-12 00:00:00-04:00,240.32000732421875,242.32000732421875,224.9600067138672,226.63999938964844,20588,0.0,0.0
2015-10-13 00:00:00-04:00,248.0,248.0,225.67999267578125,229.27999877929688,82225,0.0,0.0
2015-10-14 00:00:00-04:00,226.72000122070312,240.0,224.0,226.8000030517578,23450,0.0,0.0
2015-10-15 00:00:00-04:00,227.52000427246094,251.52000427246094,224.39999389648438,250.9600067138672,81538,0.0,0.0
2015-10-16 00:00:00-04:00,251.52000427246094,269.0400085449219,241.27999877929688,255.83999633789062,109525,0.0,0.0
2015-10-19 00:00:00-04:00,258.8800048828125,274.3999938964844,254.0800018310547,264.6400146484375,69713,0.0,0.0
2015-10-20 00:00:00-04:00,266.0,266.8800048828125,254.9600067138672,263.0400085449219,35600,0.0,0.0
2015-10-21 00:00:00-04:00,261.20001220703125,262.3999938964844,250.9600067138672,254.16000366210938,48900,0.0,0.0
2015-10-22 00:00:00-04:00,285.6000061035156,296.0,210.16000366210938,211.36000061035156,248775,0.0,0.0
2015-10-23 00:00:00-04:00,219.36000061035156,236.32000732421875,216.0,228.0800018310547,126963,0.0,0.0
2015-10-26 00:00:00-04:00,228.32000732421875,233.60000610351562,211.83999633789062,218.72000122070312,73125,0.0,0.0
2015-10-27 00:00:00-04:00,216.8800048828125,218.8800048828125,203.52000427246094,205.60000610351562,56188,0.0,0.0
2015-10-28 00:00:00-04:00,205.52000427246094,222.72000122070312,205.44000244140625,222.0800018310547,42275,0.0,0.0
2015-10-29 00:00:00-04:00,219.9199981689453,230.39999389648438,214.63999938964844,223.1199951171875,43150,0.0,0.0
2015-10-30 00:00:00-04:00,222.72000122070312,229.60000610351562,210.47999572753906,214.47999572753906,43513,0.0,0.0
2015-11-02 00:00:00-05:00,215.67999267578125,235.75999450683594,214.55999755859375,231.0399932861328,65713,0.0,0.0
2015-11-03 00:00:00-05:00,228.39999389648438,247.0399932861328,228.39999389648438,233.52000427246094,101113,0.0,0.0
2015-11-04 00:00:00-05:00,233.44000244140625,240.47999572753906,227.1999969482422,232.55999755859375,27663,0.0,0.0
2015-11-05 00:00:00-05:00,233.60000610351562,237.60000610351562,226.9600067138672,236.63999938964844,21050,0.0,0.0
2015-11-06 00:00:00-05:00,238.39999389648438,244.8000030517578,232.0800018310547,239.67999267578125,45425,0.0,0.0
2015-11-09 00:00:00-05:00,237.27999877929688,238.32000732421875,225.60000610351562,231.1999969482422,33613,0.0,0.0
2015-11-10 00:00:00-05:00,228.72000122070312,233.52000427246094,220.8000030517578,228.8800048828125,51713,0.0,0.0
2015-11-11 00:00:00-05:00,230.32000732421875,233.27999877929688,212.47999572753906,220.32000732421875,88525,0.0,0.0
2015-11-12 00:00:00-05:00,220.0,226.16000366210938,216.16000366210938,216.39999389648438,41950,0.0,0.0
2015-11-13 00:00:00-05:00,216.0,221.27999877929688,213.75999450683594,216.32000732421875,30025,0.0,0.0
2015-11-16 00:00:00-05:00,214.24000549316406,225.1999969482422,211.75999450683594,223.1199951171875,48675,0.0,0.0
2015-11-17 00:00:00-05:00,221.67999267578125,228.0,211.44000244140625,225.60000610351562,88875,0.0,0.0
2015-11-18 00:00:00-05:00,226.0,228.16000366210938,211.52000427246094,214.8800048828125,124888,0.0,0.0
2015-11-19 00:00:00-05:00,213.27999877929688,216.0,210.55999755859375,211.75999450683594,26863,0.0,0.0
2015-11-20 00:00:00-05:00,215.44000244140625,224.0,213.75999450683594,214.47999572753906,39875,0.0,0.0
2015-11-23 00:00:00-05:00,213.0399932861328,222.24000549316406,202.8800048828125,204.63999938964844,74850,0.0,0.0
2015-11-24 00:00:00-05:00,204.0,208.8800048828125,200.72000122070312,205.27999877929688,43588,0.0,0.0
2015-11-25 00:00:00-05:00,205.27999877929688,220.9600067138672,202.72000122070312,217.0399932861328,52763,0.0,0.0
2015-11-27 00:00:00-05:00,216.32000732421875,230.63999938964844,214.0,228.8000030517578,30200,0.0,0.0
2015-11-30 00:00:00-05:00,230.0,236.47999572753906,226.39999389648438,230.16000366210938,50425,0.0,0.0
2015-12-01 00:00:00-05:00,232.32000732421875,235.1199951171875,224.72000122070312,226.8000030517578,38388,0.0,0.0
2015-12-02 00:00:00-05:00,227.27999877929688,229.27999877929688,203.67999267578125,205.1999969482422,68013,0.0,0.0
2015-12-03 00:00:00-05:00,206.8000030517578,210.55999755859375,199.36000061035156,200.47999572753906,49700,0.0,0.0
2015-12-04 00:00:00-05:00,200.39999389648438,207.36000061035156,199.60000610351562,203.1999969482422,29113,0.0,0.0
2015-12-07 00:00:00-05:00,207.0399932861328,207.9199981689453,193.60000610351562,194.39999389648438,69725,0.0,0.0
2015-12-08 00:00:00-05:00,191.1999969482422,193.1999969482422,183.60000610351562,188.16000366210938,51763,0.0,0.0
2015-12-09 00:00:00-05:00,188.24000549316406,200.0,188.24000549316406,193.67999267578125,36750,0.0,0.0
2015-12-10 00:00:00-05:00,194.39999389648438,200.9600067138672,192.55999755859375,196.47999572753906,39588,0.0,0.0
2015-12-11 00:00:00-05:00,189.44000244140625,194.8000030517578,186.39999389648438,190.55999755859375,66438,0.0,0.0
2015-12-14 00:00:00-05:00,190.47999572753906,195.83999633789062,184.24000549316406,187.9199981689453,71913,0.0,0.0
2015-12-15 00:00:00-05:00,191.52000427246094,205.44000244140625,189.60000610351562,202.39999389648438,81588,0.0,0.0
2015-12-16 00:00:00-05:00,202.55999755859375,221.52000427246094,202.55999755859375,220.0,81938,0.0,0.0
2015-12-17 00:00:00-05:00,220.9600067138672,229.9199981689453,218.32000732421875,228.16000366210938,55625,0.0,0.0
2015-12-18 00:00:00-05:00,228.8800048828125,237.52000427246094,222.8000030517578,230.8800048828125,105713,0.0,0.0
2015-12-21 00:00:00-05:00,231.83999633789062,244.0,229.36000061035156,239.1199951171875,87613,0.0,0.0
2015-12-22 00:00:00-05:00,241.52000427246094,250.0800018310547,232.16000366210938,247.44000244140625,96200,0.0,0.0
2015-12-23 00:00:00-05:00,248.63999938964844,262.239990234375,244.63999938964844,256.55999755859375,76538,0.0,0.0
2015-12-24 00:00:00-05:00,259.1199951171875,262.0,245.36000061035156,246.8000030517578,63400,0.0,0.0
2015-12-28 00:00:00-05:00,246.0,248.8000030517578,230.16000366210938,230.32000732421875,91313,0.0,0.0
2015-12-29 00:00:00-05:00,230.0800018310547,240.39999389648438,227.9199981689453,233.36000061035156,67775,0.0,0.0
2015-12-30 00:00:00-05:00,234.32000732421875,237.67999267578125,223.36000061035156,223.44000244140625,55000,0.0,0.0
2015-12-31 00:00:00-05:00,222.55999755859375,227.52000427246094,216.32000732421875,222.47999572753906,64963,0.0,0.0
2016-01-04 00:00:00-05:00,216.47999572753906,231.75999450683594,214.72000122070312,229.75999450683594,64363,0.0,0.0
2016-01-05 00:00:00-05:00,229.52000427246094,247.52000427246094,226.8000030517578,231.27999877929688,72088,0.0,0.0
2016-01-06 00:00:00-05:00,225.9199981689453,248.8800048828125,224.47999572753906,245.83999633789062,86825,0.0,0.0
2016-01-07 00:00:00-05:00,238.72000122070312,243.75999450683594,226.24000549316406,231.1999969482422,95550,0.0,0.0
2016-01-08 00:00:00-05:00,233.36000061035156,240.0,225.44000244140625,228.32000732421875,54638,0.0,0.0
2016-01-11 00:00:00-05:00,231.67999267578125,238.24000549316406,227.36000061035156,234.63999938964844,46225,0.0,0.0
2016-01-12 00:00:00-05:00,237.1999969482422,239.60000610351562,220.0,223.60000610351562,55313,0.0,0.0
2016-01-13 00:00:00-05:00,225.1199951171875,232.47999572753906,211.1999969482422,213.52000427246094,65825,0.0,0.0
2016-01-14 00:00:00-05:00,215.1199951171875,234.72000122070312,209.27999877929688,222.39999389648438,100963,0.0,0.0
2016-01-15 00:00:00-05:00,213.67999267578125,218.8800048828125,206.9600067138672,217.75999450683594,73300,0.0,0.0
2016-01-19 00:00:00-05:00,215.1199951171875,223.9199981689453,209.0399932861328,216.24000549316406,80825,0.0,0.0
2016-01-20 00:00:00-05:00,214.0,220.8800048828125,177.75999450683594,204.8800048828125,153088,0.0,0.0
2016-01-21 00:00:00-05:00,206.8800048828125,217.36000061035156,202.8000030517578,211.52000427246094,47925,0.0,0.0
2016-01-22 00:00:00-05:00,219.1199951171875,226.8800048828125,217.1999969482422,225.0399932861328,43188,0.0,0.0
2016-01-25 00:00:00-05:00,224.8000030517578,228.24000549316406,208.39999389648438,210.8800048828125,64338,0.0,0.0
2016-01-26 00:00:00-05:00,213.52000427246094,222.47999572753906,208.24000549316406,220.9600067138672,26750,0.0,0.0
2016-01-27 00:00:00-05:00,220.39999389648438,229.44000244140625,216.8000030517578,222.55999755859375,42950,0.0,0.0
2016-01-28 00:00:00-05:00,224.63999938964844,236.32000732421875,219.36000061035156,228.16000366210938,90450,0.0,0.0
2016-01-29 00:00:00-05:00,228.9600067138672,231.83999633789062,218.0800018310547,231.1999969482422,60438,0.0,0.0
2016-02-01 00:00:00-05:00,230.8800048828125,238.0,223.67999267578125,234.55999755859375,38038,0.0,0.0
2016-02-02 00:00:00-05:00,230.72000122070312,233.0399932861328,217.83999633789062,225.9199981689453,106238,0.0,0.0
2016-02-03 00:00:00-05:00,229.83999633789062,229.83999633789062,217.27999877929688,222.9600067138672,37938,0.0,0.0
2016-02-04 00:00:00-05:00,221.9199981689453,239.9199981689453,220.0800018310547,229.44000244140625,114963,0.0,0.0
2016-02-05 00:00:00-05:00,231.0399932861328,231.83999633789062,211.1999969482422,212.47999572753906,54300,0.0,0.0
2016-02-08 00:00:00-05:00,212.47999572753906,216.0800018310547,205.60000610351562,214.32000732421875,42238,0.0,0.0
2016-02-09 00:00:00-05:00,210.24000549316406,218.63999938964844,205.75999450683594,207.9199981689453,61350,0.0,0.0
2016-02-10 00:00:00-05:00,211.1199951171875,217.67999267578125,205.27999877929688,207.1199951171875,51175,0.0,0.0
2016-02-11 00:00:00-05:00,204.9600067138672,211.9199981689453,197.44000244140625,209.60000610351562,37250,0.0,0.0
2016-02-12 00:00:00-05:00,211.83999633789062,230.0,208.24000549316406,222.9600067138672,60113,0.0,0.0
2016-02-16 00:00:00-05:00,225.83999633789062,237.52000427246094,218.32000732421875,234.47999572753906,61513,0.0,0.0
2016-02-17 00:00:00-05:00,238.72000122070312,256.8800048828125,237.67999267578125,255.75999450683594,83100,0.0,0.0
2016-02-18 00:00:00-05:00,256.9599914550781,261.2799987792969,237.1999969482422,255.36000061035156,70050,0.0,0.0
2016-02-19 00:00:00-05:00,254.24000549316406,264.239990234375,239.83999633789062,258.3999938964844,67788,0.0,0.0
2016-02-22 00:00:00-05:00,258.3999938964844,267.1199951171875,255.9199981689453,258.7200012207031,82313,0.0,0.0
2016-02-23 00:00:00-05:00,259.5199890136719,264.7200012207031,252.47999572753906,253.0399932861328,56275,0.0,0.0
2016-02-24 00:00:00-05:00,248.0,264.6400146484375,247.60000610351562,261.20001220703125,65988,0.0,0.0
2016-02-25 00:00:00-05:00,263.3599853515625,286.4800109863281,260.79998779296875,285.5199890136719,95575,0.0,0.0
2016-02-26 00:00:00-05:00,285.9200134277344,293.8399963378906,266.79998779296875,275.2799987792969,84325,0.0,0.0
2016-02-29 00:00:00-05:00,269.760009765625,269.760009765625,208.0,214.0800018310547,272425,0.0,0.0
2016-03-01 00:00:00-05:00,214.0,216.8000030517578,144.8000030517578,153.27999877929688,905513,0.0,0.0
2016-03-02 00:00:00-05:00,169.9199981689453,170.32000732421875,138.63999938964844,165.9199981689453,828975,0.0,0.0
2016-03-03 00:00:00-05:00,162.0800018310547,170.32000732421875,152.8800048828125,160.0800018310547,285650,0.0,0.0
2016-03-04 00:00:00-05:00,162.47999572753906,170.55999755859375,157.0399932861328,166.32000732421875,139925,0.0,0.0
2016-03-07 00:00:00-05:00,166.16000366210938,178.16000366210938,164.55999755859375,177.1199951171875,73038,0.0,0.0
2016-03-08 00:00:00-05:00,175.1199951171875,178.32000732421875,170.0,170.63999938964844,82063,0.0,0.0
2016-03-09 00:00:00-05:00,172.55999755859375,182.63999938964844,167.0399932861328,178.63999938964844,109563,0.0,0.0
2016-03-10 00:00:00-05:00,188.39999389648438,196.0,183.0399932861328,184.9600067138672,190663,0.0,0.0
2016-03-11 00:00:00-05:00,186.0,197.9199981689453,185.75999450683594,196.55999755859375,84313,0.0,0.0
2016-03-14 00:00:00-04:00,196.8800048828125,200.39999389648438,192.39999389648438,197.1199951171875,65775,0.0,0.0
2016-03-15 00:00:00-04:00,200.47999572753906,202.32000732421875,168.0,168.55999755859375,144738,0.0,0.0
2016-03-16 00:00:00-04:00,170.0,186.8000030517578,168.9600067138672,179.67999267578125,80575,0.0,0.0
2016-03-17 00:00:00-04:00,181.1199951171875,191.0399932861328,176.24000549316406,187.1999969482422,57000,0.0,0.0
2016-03-18 00:00:00-04:00,187.1999969482422,194.8800048828125,187.1999969482422,191.0399932861328,71550,0.0,0.0
2016-03-21 00:00:00-04:00,190.8800048828125,199.60000610351562,190.8800048828125,196.0800018310547,74788,0.0,0.0
2016-03-22 00:00:00-04:00,193.36000061035156,199.1999969482422,189.0399932861328,190.39999389648438,64813,0.0,0.0
2016-03-23 00:00:00-04:00,189.36000061035156,189.36000061035156,179.9199981689453,182.9600067138672,82550,0.0,0.0
2016-03-24 00:00:00-04:00,182.9600067138672,191.75999450683594,177.0399932861328,190.47999572753906,48413,0.0,0.0
2016-03-28 00:00:00-04:00,189.9199981689453,190.72000122070312,166.0,178.9600067138672,142113,0.0,0.0
2016-03-29 00:00:00-04:00,178.9600067138672,190.0,170.63999938964844,186.16000366210938,87263,0.0,0.0
2016-03-30 00:00:00-04:00,188.63999938964844,194.8800048828125,184.32000732421875,188.16000366210938,82738,0.0,0.0
2016-03-31 00:00:00-04:00,188.16000366210938,195.1999969482422,187.60000610351562,193.1999969482422,48913,0.0,0.0
2016-04-01 00:00:00-04:00,191.1199951171875,205.60000610351562,190.9600067138672,202.72000122070312,64888,0.0,0.0
2016-04-04 00:00:00-04:00,201.36000061035156,205.44000244140625,192.0,194.8800048828125,66700,0.0,0.0
2016-04-05 00:00:00-04:00,191.1999969482422,198.24000549316406,188.47999572753906,193.67999267578125,43100,0.0,0.0
2016-04-06 00:00:00-04:00,194.32000732421875,199.60000610351562,190.0,198.63999938964844,52213,0.0,0.0
2016-04-07 00:00:00-04:00,195.83999633789062,204.55999755859375,195.83999633789062,204.32000732421875,63850,0.0,0.0
2016-04-08 00:00:00-04:00,206.9600067138672,211.75999450683594,201.52000427246094,205.1199951171875,57013,0.0,0.0
2016-04-11 00:00:00-04:00,203.67999267578125,212.55999755859375,195.9199981689453,208.47999572753906,57788,0.0,0.0
2016-04-12 00:00:00-04:00,209.0399932861328,216.32000732421875,206.16000366210938,213.52000427246094,34188,0.0,0.0
2016-04-13 00:00:00-04:00,214.8800048828125,218.8000030517578,210.0,217.1199951171875,48175,0.0,0.0
2016-04-14 00:00:00-04:00,216.55999755859375,220.55999755859375,214.55999755859375,217.44000244140625,28400,0.0,0.0
2016-04-15 00:00:00-04:00,218.16000366210938,223.75999450683594,216.55999755859375,222.0,40313,0.0,0.0
2016-04-18 00:00:00-04:00,221.9199981689453,227.9199981689453,219.27999877929688,224.47999572753906,37563,0.0,0.0
2016-04-19 00:00:00-04:00,225.44000244140625,227.1199951171875,219.44000244140625,221.1999969482422,36375,0.0,0.0
2016-04-20 00:00:00-04:00,221.9199981689453,226.8000030517578,220.0,223.83999633789062,40413,0.0,0.0
2016-04-21 00:00:00-04:00,223.1999969482422,226.8000030517578,220.39999389648438,221.83999633789062,26025,0.0,0.0
2016-04-22 00:00:00-04:00,220.32000732421875,230.63999938964844,220.32000732421875,226.24000549316406,27550,0.0,0.0
2016-04-25 00:00:00-04:00,225.9199981689453,229.1999969482422,220.0,226.32000732421875,45738,0.0,0.0
2016-04-26 00:00:00-04:00,225.27999877929688,233.83999633789062,222.63999938964844,232.0800018310547,34913,0.0,0.0
2016-04-27 00:00:00-04:00,232.32000732421875,240.8800048828125,232.0800018310547,235.0399932861328,39163,0.0,0.0
2016-04-28 00:00:00-04:00,227.0399932861328,258.0799865722656,213.9199981689453,240.72000122070312,188975,0.0,0.0
2016-04-29 00:00:00-04:00,238.32000732421875,257.6000061035156,236.39999389648438,250.32000732421875,73700,0.0,0.0
2016-05-02 00:00:00-04:00,230.47999572753906,243.52000427246094,220.63999938964844,236.0800018310547,183663,0.0,0.0
2016-05-03 00:00:00-04:00,248.0,248.0,224.0,238.16000366210938,115488,0.0,0.0
2016-05-04 00:00:00-04:00,235.60000610351562,247.1199951171875,229.27999877929688,242.0,73113,0.0,0.0
2016-05-05 00:00:00-04:00,244.8000030517578,253.1999969482422,242.39999389648438,246.55999755859375,46325,0.0,0.0
2016-05-06 00:00:00-04:00,247.9199981689453,260.3999938964844,243.60000610351562,244.16000366210938,75050,0.0,0.0
2016-05-09 00:00:00-04:00,245.1999969482422,250.8800048828125,245.1999969482422,246.47999572753906,53788,0.0,0.0
2016-05-10 00:00:00-04:00,248.47999572753906,250.63999938964844,228.9600067138672,228.9600067138672,121888,0.0,0.0
2016-05-11 00:00:00-04:00,230.55999755859375,245.52000427246094,230.55999755859375,235.36000061035156,53888,0.0,0.0
2016-05-12 00:00:00-04:00,234.8000030517578,240.9600067138672,225.0399932861328,234.9600067138672,47325,0.0,0.0
2016-05-13 00:00:00-04:00,234.47999572753906,239.9199981689453,231.52000427246094,232.0,38650,0.0,0.0
2016-05-16 00:00:00-04:00,230.16000366210938,238.8800048828125,226.32000732421875,227.67999267578125,45338,0.0,0.0
2016-05-17 00:00:00-04:00,228.32000732421875,231.44000244140625,213.0399932861328,214.16000366210938,72250,0.0,0.0
2016-05-18 00:00:00-04:00,214.16000366210938,222.8800048828125,212.8000030517578,217.0399932861328,42275,0.0,0.0
2016-05-19 00:00:00-04:00,215.1999969482422,219.9199981689453,206.63999938964844,207.27999877929688,44225,0.0,0.0
2016-05-20 00:00:00-04:00,208.55999755859375,216.0800018310547,205.36000061035156,207.67999267578125,50000,0.0,0.0
2016-05-23 00:00:00-04:00,207.60000610351562,214.0800018310547,204.47999572753906,204.47999572753906,53688,0.0,0.0
2016-05-24 00:00:00-04:00,206.9600067138672,218.72000122070312,204.0,213.67999267578125,72263,0.0,0.0
2016-05-25 00:00:00-04:00,214.0800018310547,228.0,214.0800018310547,227.9199981689453,51725,0.0,0.0
2016-05-26 00:00:00-04:00,226.72000122070312,229.9199981689453,215.27999877929688,221.27999877929688,41175,0.0,0.0
2016-05-27 00:00:00-04:00,220.63999938964844,225.67999267578125,219.36000061035156,223.67999267578125,25150,0.0,0.0
2016-05-31 00:00:00-04:00,226.0800018310547,226.8000030517578,221.9199981689453,223.44000244140625,23513,0.0,0.0
2016-06-01 00:00:00-04:00,222.9600067138672,224.0,216.24000549316406,223.1199951171875,26875,0.0,0.0
2016-06-02 00:00:00-04:00,221.27999877929688,224.24000549316406,218.9600067138672,224.16000366210938,17463,0.0,0.0
2016-06-03 00:00:00-04:00,221.83999633789062,232.72000122070312,219.1999969482422,232.0,50850,0.0,0.0
2016-06-06 00:00:00-04:00,234.0800018310547,244.8000030517578,234.0800018310547,241.27999877929688,68788,0.0,0.0
2016-06-07 00:00:00-04:00,243.52000427246094,247.67999267578125,242.72000122070312,245.60000610351562,32075,0.0,0.0
2016-06-08 00:00:00-04:00,247.1999969482422,251.1999969482422,234.8800048828125,234.9600067138672,62600,0.0,0.0
2016-06-09 00:00:00-04:00,234.0,235.36000061035156,226.8800048828125,226.8800048828125,43650,0.0,0.0
2016-06-10 00:00:00-04:00,224.47999572753906,226.8800048828125,210.9600067138672,213.1199951171875,63000,0.0,0.0
2016-06-13 00:00:00-04:00,210.63999938964844,211.75999450683594,201.75999450683594,203.44000244140625,72963,0.0,0.0
2016-06-14 00:00:00-04:00,203.1199951171875,213.44000244140625,202.47999572753906,203.9199981689453,43025,0.0,0.0
2016-06-15 00:00:00-04:00,204.8800048828125,213.60000610351562,204.47999572753906,204.47999572753906,49700,0.0,0.0
2016-06-16 00:00:00-04:00,204.0,214.16000366210938,200.0800018310547,213.52000427246094,54650,0.0,0.0
2016-06-17 00:00:00-04:00,213.60000610351562,219.60000610351562,212.16000366210938,218.16000366210938,68625,0.0,0.0
2016-06-20 00:00:00-04:00,222.39999389648438,229.52000427246094,220.8800048828125,223.75999450683594,72050,0.0,0.0
2016-06-21 00:00:00-04:00,223.52000427246094,225.27999877929688,218.55999755859375,218.55999755859375,69088,0.0,0.0
2016-06-22 00:00:00-04:00,220.9600067138672,229.60000610351562,211.0399932861328,213.60000610351562,80763,0.0,0.0
2016-06-23 00:00:00-04:00,216.8800048828125,226.72000122070312,215.52000427246094,224.16000366210938,52400,0.0,0.0
2016-06-24 00:00:00-04:00,210.55999755859375,217.75999450683594,205.9199981689453,210.63999938964844,108738,0.0,0.0
2016-06-27 00:00:00-04:00,208.16000366210938,215.75999450683594,198.63999938964844,200.0800018310547,76700,0.0,0.0
2016-06-28 00:00:00-04:00,203.75999450683594,216.8000030517578,201.67999267578125,208.9600067138672,48513,0.0,0.0
2016-06-29 00:00:00-04:00,212.8000030517578,215.83999633789062,205.1999969482422,211.44000244140625,93438,0.0,0.0
2016-06-30 00:00:00-04:00,210.32000732421875,223.27999877929688,206.9600067138672,222.72000122070312,61163,0.0,0.0
2016-07-01 00:00:00-04:00,222.16000366210938,229.27999877929688,220.0,223.0399932861328,35413,0.0,0.0
2016-07-05 00:00:00-04:00,220.8000030517578,222.9600067138672,182.55999755859375,198.0800018310547,276013,0.0,0.0
2016-07-06 00:00:00-04:00,196.39999389648438,207.1199951171875,196.24000549316406,204.39999389648438,71025,0.0,0.0
2016-07-07 00:00:00-04:00,205.83999633789062,209.52000427246094,199.27999877929688,204.72000122070312,38500,0.0,0.0
2016-07-08 00:00:00-04:00,208.39999389648438,216.72000122070312,208.39999389648438,212.0800018310547,50100,0.0,0.0
2016-07-11 00:00:00-04:00,212.8800048828125,220.0800018310547,212.8800048828125,217.52000427246094,32725,0.0,0.0
2016-07-12 00:00:00-04:00,221.0399932861328,229.1999969482422,219.44000244140625,225.36000061035156,45025,0.0,0.0
2016-07-13 00:00:00-04:00,225.75999450683594,228.63999938964844,223.60000610351562,225.27999877929688,26500,0.0,0.0
2016-07-14 00:00:00-04:00,228.39999389648438,229.60000610351562,225.1999969482422,225.83999633789062,32463,0.0,0.0
2016-07-15 00:00:00-04:00,226.24000549316406,229.36000061035156,222.8000030517578,224.0800018310547,16425,0.0,0.0
2016-07-18 00:00:00-04:00,223.67999267578125,229.9199981689453,221.9199981689453,227.9199981689453,22263,0.0,0.0
2016-07-19 00:00:00-04:00,228.0,231.0399932861328,222.8000030517578,225.1199951171875,27263,0.0,0.0
2016-07-20 00:00:00-04:00,230.32000732421875,231.44000244140625,223.0399932861328,230.0800018310547,60763,0.0,0.0
2016-07-21 00:00:00-04:00,236.16000366210938,240.0,202.24000549316406,208.16000366210938,139488,0.0,0.0
2016-07-22 00:00:00-04:00,204.8000030517578,206.0800018310547,194.0,199.44000244140625,115200,0.0,0.0
2016-07-25 00:00:00-04:00,199.75999450683594,203.27999877929688,192.24000549316406,194.24000549316406,53813,0.0,0.0
2016-07-26 00:00:00-04:00,194.39999389648438,199.9199981689453,192.16000366210938,193.60000610351562,56275,0.0,0.0
2016-07-27 00:00:00-04:00,194.0800018310547,198.24000549316406,190.0,192.47999572753906,70875,0.0,0.0
2016-07-28 00:00:00-04:00,214.39999389648438,214.39999389648438,184.0,185.60000610351562,143963,0.0,0.0
2016-07-29 00:00:00-04:00,186.39999389648438,188.16000366210938,174.0,186.0800018310547,105013,0.0,0.0
2016-08-01 00:00:00-04:00,187.83999633789062,196.47999572753906,187.83999633789062,195.0399932861328,62925,0.0,0.0
2016-08-02 00:00:00-04:00,198.8800048828125,199.83999633789062,186.8800048828125,192.0800018310547,78988,0.0,0.0
2016-08-03 00:00:00-04:00,191.83999633789062,199.60000610351562,191.1999969482422,197.1999969482422,37363,0.0,0.0
2016-08-04 00:00:00-04:00,196.0,199.1199951171875,192.0800018310547,196.55999755859375,29850,0.0,0.0
2016-08-05 00:00:00-04:00,199.1999969482422,206.24000549316406,197.9199981689453,204.72000122070312,49288,0.0,0.0
2016-08-08 00:00:00-04:00,205.9199981689453,210.39999389648438,202.55999755859375,202.55999755859375,51500,0.0,0.0
2016-08-09 00:00:00-04:00,203.1999969482422,211.0399932861328,197.52000427246094,207.67999267578125,96050,0.0,0.0
2016-08-10 00:00:00-04:00,225.60000610351562,240.0,220.72000122070312,234.32000732421875,239425,0.0,0.0
2016-08-11 00:00:00-04:00,233.1999969482422,241.27999877929688,230.47999572753906,236.0800018310547,65213,0.0,0.0
2016-08-12 00:00:00-04:00,235.44000244140625,240.55999755859375,229.44000244140625,239.60000610351562,50050,0.0,0.0
2016-08-15 00:00:00-04:00,241.44000244140625,256.0799865722656,241.36000061035156,252.55999755859375,73813,0.0,0.0
2016-08-16 00:00:00-04:00,253.27999877929688,258.6400146484375,248.39999389648438,249.52000427246094,70738,0.0,0.0
2016-08-17 00:00:00-04:00,250.47999572753906,252.0,246.63999938964844,249.36000061035156,46525,0.0,0.0
2016-08-18 00:00:00-04:00,253.1999969482422,256.0799865722656,248.47999572753906,251.1199951171875,33850,0.0,0.0
2016-08-19 00:00:00-04:00,250.32000732421875,255.27999877929688,243.9199981689453,252.8800048828125,46663,0.0,0.0
2016-08-22 00:00:00-04:00,250.32000732421875,255.9199981689453,247.44000244140625,250.8800048828125,28400,0.0,0.0
2016-08-23 00:00:00-04:00,250.8800048828125,262.9599914550781,250.8800048828125,261.760009765625,51425,0.0,0.0
2016-08-24 00:00:00-04:00,262.7200012207031,272.1600036621094,261.1199951171875,268.32000732421875,64563,0.0,0.0
2016-08-25 00:00:00-04:00,266.79998779296875,271.67999267578125,253.60000610351562,253.83999633789062,42288,0.0,0.0
2016-08-26 00:00:00-04:00,255.67999267578125,263.760009765625,252.8800048828125,259.67999267578125,45600,0.0,0.0
2016-08-29 00:00:00-04:00,265.0400085449219,269.3599853515625,258.9599914550781,261.1199951171875,36163,0.0,0.0
2016-08-30 00:00:00-04:00,262.6400146484375,267.5199890136719,262.0799865722656,265.1199951171875,19013,0.0,0.0
2016-08-31 00:00:00-04:00,263.8399963378906,267.9200134277344,260.6400146484375,260.6400146484375,54063,0.0,0.0
2016-09-01 00:00:00-04:00,260.79998779296875,265.0400085449219,257.0400085449219,263.0400085449219,35513,0.0,0.0
2016-09-02 00:00:00-04:00,264.79998779296875,273.67999267578125,264.1600036621094,271.20001220703125,37938,0.0,0.0
2016-09-06 00:00:00-04:00,270.6400146484375,277.2799987792969,258.239990234375,264.239990234375,105913,0.0,0.0
2016-09-07 00:00:00-04:00,264.32000732421875,272.79998779296875,263.1199951171875,263.3599853515625,46200,0.0,0.0
2016-09-08 00:00:00-04:00,263.67999267578125,269.3599853515625,262.79998779296875,263.0400085449219,28675,0.0,0.0
2016-09-09 00:00:00-04:00,261.8399963378906,266.79998779296875,257.44000244140625,257.67999267578125,27875,0.0,0.0
2016-09-12 00:00:00-04:00,255.36000061035156,265.760009765625,250.8000030517578,261.8399963378906,32038,0.0,0.0
2016-09-13 00:00:00-04:00,258.239990234375,263.1199951171875,250.8800048828125,253.60000610351562,51250,0.0,0.0
2016-09-14 00:00:00-04:00,254.8000030517578,258.0799865722656,252.8000030517578,254.8800048828125,18100,0.0,0.0
2016-09-15 00:00:00-04:00,254.0,261.9200134277344,253.44000244140625,259.6000061035156,19138,0.0,0.0
2016-09-16 00:00:00-04:00,258.55999755859375,263.3599853515625,254.55999755859375,259.67999267578125,32625,0.0,0.0
2016-09-19 00:00:00-04:00,262.7200012207031,268.0,259.2799987792969,261.2799987792969,22050,0.0,0.0
2016-09-20 00:00:00-04:00,264.4800109863281,266.9599914550781,259.1199951171875,259.67999267578125,37363,0.0,0.0
2016-09-21 00:00:00-04:00,260.1600036621094,264.3999938964844,244.72000122070312,251.1199951171875,143063,0.0,0.0
2016-09-22 00:00:00-04:00,252.9600067138672,255.83999633789062,246.39999389648438,252.8000030517578,35538,0.0,0.0
2016-09-23 00:00:00-04:00,250.24000549316406,257.3599853515625,246.39999389648438,250.47999572753906,27200,0.0,0.0
2016-09-26 00:00:00-04:00,248.0800018310547,253.1199951171875,247.27999877929688,247.52000427246094,35425,0.0,0.0
2016-09-27 00:00:00-04:00,248.0800018310547,254.9600067138672,244.9600067138672,251.83999633789062,31025,0.0,0.0
2016-09-28 00:00:00-04:00,251.60000610351562,260.6400146484375,249.60000610351562,259.0400085449219,32975,0.0,0.0
2016-09-29 00:00:00-04:00,257.760009765625,265.0400085449219,256.32000732421875,256.32000732421875,46400,0.0,0.0
2016-09-30 00:00:00-04:00,257.3599853515625,265.20001220703125,253.9199981689453,259.20001220703125,60200,0.0,0.0
2016-10-03 00:00:00-04:00,259.0400085449219,263.5199890136719,252.47999572753906,261.9200134277344,49075,0.0,0.0
2016-10-04 00:00:00-04:00,263.44000244140625,266.8800048828125,259.20001220703125,262.0799865722656,33750,0.0,0.0
2016-10-05 00:00:00-04:00,262.32000732421875,268.0,262.0799865722656,263.2799987792969,35750,0.0,0.0
2016-10-06 00:00:00-04:00,262.0,264.0,252.72000122070312,252.8800048828125,54688,0.0,0.0
2016-10-07 00:00:00-04:00,253.1199951171875,255.27999877929688,247.1199951171875,248.16000366210938,33213,0.0,0.0
2016-10-10 00:00:00-04:00,248.9600067138672,255.27999877929688,245.44000244140625,245.44000244140625,42338,0.0,0.0
2016-10-11 00:00:00-04:00,245.36000061035156,246.32000732421875,240.72000122070312,242.16000366210938,31438,0.0,0.0
2016-10-12 00:00:00-04:00,241.36000061035156,242.24000549316406,236.32000732421875,240.8000030517578,35375,0.0,0.0
2016-10-13 00:00:00-04:00,239.1199951171875,248.32000732421875,238.47999572753906,245.9199981689453,29863,0.0,0.0
2016-10-14 00:00:00-04:00,248.16000366210938,253.75999450683594,245.60000610351562,246.16000366210938,37250,0.0,0.0
2016-10-17 00:00:00-04:00,245.83999633789062,246.63999938964844,236.8800048828125,237.0399932861328,43500,0.0,0.0
2016-10-18 00:00:00-04:00,239.36000061035156,246.55999755859375,238.0,241.1999969482422,16413,0.0,0.0
2016-10-19 00:00:00-04:00,242.39999389648438,245.36000061035156,240.9600067138672,245.1999969482422,19300,0.0,0.0
2016-10-20 00:00:00-04:00,244.9600067138672,253.1999969482422,242.55999755859375,250.0800018310547,33488,0.0,0.0
2016-10-21 00:00:00-04:00,247.60000610351562,253.9199981689453,244.55999755859375,246.8800048828125,26175,0.0,0.0
2016-10-24 00:00:00-04:00,247.9199981689453,256.79998779296875,245.1199951171875,253.83999633789062,39875,0.0,0.0
2016-10-25 00:00:00-04:00,252.9600067138672,255.52000427246094,244.32000732421875,246.47999572753906,56000,0.0,0.0
2016-10-26 00:00:00-04:00,246.55999755859375,248.72000122070312,237.36000061035156,239.52000427246094,67713,0.0,0.0
2016-10-27 00:00:00-04:00,232.0,236.55999755859375,223.67999267578125,225.27999877929688,113263,0.0,0.0
2016-10-28 00:00:00-04:00,225.67999267578125,228.63999938964844,210.63999938964844,210.63999938964844,93150,0.0,0.0
2016-10-31 00:00:00-04:00,208.8800048828125,215.9199981689453,201.1999969482422,206.0,145700,0.0,0.0
2016-11-01 00:00:00-04:00,202.39999389648438,208.24000549316406,199.36000061035156,203.44000244140625,85088,0.0,0.0
2016-11-02 00:00:00-04:00,202.47999572753906,210.8800048828125,198.24000549316406,198.39999389648438,72638,0.0,0.0
2016-11-03 00:00:00-04:00,197.67999267578125,198.8000030517578,190.8800048828125,195.1199951171875,101188,0.0,0.0
2016-11-04 00:00:00-04:00,195.1999969482422,198.8800048828125,190.8800048828125,192.72000122070312,71050,0.0,0.0
2016-11-07 00:00:00-05:00,195.60000610351562,200.8800048828125,194.0,198.72000122070312,60400,0.0,0.0
2016-11-08 00:00:00-05:00,198.8000030517578,210.8000030517578,196.47999572753906,203.52000427246094,61488,0.0,0.0
2016-11-09 00:00:00-05:00,198.72000122070312,210.47999572753906,196.0,206.39999389648438,49875,0.0,0.0
2016-11-10 00:00:00-05:00,207.1999969482422,213.1999969482422,203.1199951171875,205.1999969482422,58763,0.0,0.0
2016-11-11 00:00:00-05:00,204.63999938964844,211.75999450683594,201.83999633789062,204.72000122070312,41813,0.0,0.0
2016-11-14 00:00:00-05:00,202.8000030517578,209.36000061035156,201.60000610351562,202.55999755859375,26700,0.0,0.0
2016-11-15 00:00:00-05:00,202.8000030517578,209.67999267578125,200.0800018310547,208.0,40650,0.0,0.0
2016-11-16 00:00:00-05:00,206.8000030517578,213.52000427246094,203.75999450683594,210.9600067138672,26825,0.0,0.0
2016-11-17 00:00:00-05:00,212.63999938964844,213.83999633789062,209.75999450683594,212.47999572753906,24475,0.0,0.0
2016-11-18 00:00:00-05:00,213.44000244140625,219.27999877929688,213.44000244140625,217.52000427246094,42525,0.0,0.0
2016-11-21 00:00:00-05:00,219.1999969482422,223.83999633789062,217.9199981689453,223.52000427246094,39488,0.0,0.0
2016-11-22 00:00:00-05:00,223.75999450683594,228.72000122070312,222.8000030517578,224.0800018310547,25450,0.0,0.0
2016-11-23 00:00:00-05:00,222.24000549316406,229.36000061035156,221.44000244140625,227.27999877929688,20675,0.0,0.0
2016-11-25 00:00:00-05:00,227.1199951171875,229.36000061035156,224.0,225.75999450683594,8500,0.0,0.0
2016-11-28 00:00:00-05:00,224.16000366210938,229.44000244140625,218.0800018310547,218.55999755859375,17900,0.0,0.0
2016-11-29 00:00:00-05:00,217.27999877929688,219.44000244140625,212.0800018310547,213.27999877929688,51625,0.0,0.0
2016-11-30 00:00:00-05:00,215.67999267578125,219.0399932861328,212.0,215.52000427246094,28213,0.0,0.0
2016-12-01 00:00:00-05:00,217.0399932861328,220.47999572753906,207.1999969482422,207.9199981689453,48050,0.0,0.0
2016-12-02 00:00:00-05:00,207.27999877929688,211.0399932861328,205.1999969482422,209.75999450683594,32725,0.0,0.0
2016-12-05 00:00:00-05:00,210.39999389648438,215.1199951171875,208.39999389648438,212.63999938964844,44513,0.0,0.0
2016-12-06 00:00:00-05:00,212.39999389648438,218.8000030517578,212.39999389648438,216.8000030517578,19713,0.0,0.0
2016-12-07 00:00:00-05:00,217.27999877929688,223.75999450683594,217.27999877929688,223.27999877929688,21950,0.0,0.0
2016-12-08 00:00:00-05:00,223.27999877929688,232.8800048828125,223.27999877929688,229.52000427246094,33150,0.0,0.0
2016-12-09 00:00:00-05:00,230.72000122070312,231.52000427246094,222.8000030517578,223.36000061035156,30525,0.0,0.0
2016-12-12 00:00:00-05:00,223.9199981689453,227.52000427246094,216.55999755859375,220.0,50113,0.0,0.0
2016-12-13 00:00:00-05:00,221.1199951171875,227.36000061035156,218.63999938964844,219.27999877929688,31050,0.0,0.0
2016-12-14 00:00:00-05:00,218.16000366210938,219.1999969482422,209.60000610351562,210.32000732421875,43288,0.0,0.0
2016-12-15 00:00:00-05:00,209.60000610351562,215.44000244140625,205.83999633789062,206.24000549316406,37513,0.0,0.0
2016-12-16 00:00:00-05:00,207.44000244140625,211.9199981689453,205.83999633789062,206.9600067138672,61675,0.0,0.0
2016-12-19 00:00:00-05:00,207.1999969482422,214.55999755859375,207.1999969482422,214.16000366210938,23988,0.0,0.0
2016-12-20 00:00:00-05:00,213.9199981689453,219.52000427246094,210.0,218.16000366210938,26638,0.0,0.0
2016-12-21 00:00:00-05:00,217.67999267578125,222.39999389648438,214.39999389648438,218.39999389648438,34838,0.0,0.0
2016-12-22 00:00:00-05:00,219.44000244140625,221.67999267578125,210.39999389648438,211.52000427246094,39038,0.0,0.0
2016-12-23 00:00:00-05:00,211.27999877929688,220.39999389648438,211.27999877929688,219.1999969482422,23788,0.0,0.0
2016-12-27 00:00:00-05:00,220.63999938964844,224.55999755859375,218.47999572753906,222.8800048828125,15975,0.0,0.0
2016-12-28 00:00:00-05:00,224.0,224.0,214.47999572753906,214.47999572753906,42688,0.0,0.0
2016-12-29 00:00:00-05:00,214.24000549316406,220.0,213.1199951171875,213.9199981689453,15338,0.0,0.0
2016-12-30 00:00:00-05:00,215.44000244140625,216.9600067138672,211.44000244140625,212.72000122070312,25213,0.0,0.0
2017-01-03 00:00:00-05:00,215.67999267578125,219.60000610351562,213.9199981689453,215.1999969482422,16038,0.0,0.0
2017-01-04 00:00:00-05:00,216.72000122070312,223.1999969482422,215.67999267578125,222.24000549316406,23075,0.0,0.0
2017-01-05 00:00:00-05:00,221.67999267578125,223.75999450683594,217.83999633789062,219.9199981689453,19338,0.0,0.0
2017-01-06 00:00:00-05:00,221.1999969482422,223.60000610351562,214.55999755859375,220.0,24138,0.0,0.0
2017-01-09 00:00:00-05:00,219.44000244140625,220.16000366210938,215.52000427246094,216.32000732421875,12150,0.0,0.0
2017-01-10 00:00:00-05:00,215.9199981689453,220.16000366210938,214.32000732421875,216.9600067138672,13263,0.0,0.0
2017-01-11 00:00:00-05:00,216.63999938964844,219.9199981689453,216.0,219.1999969482422,6863,0.0,0.0
2017-01-12 00:00:00-05:00,218.55999755859375,218.55999755859375,210.47999572753906,210.72000122070312,30563,0.0,0.0
2017-01-13 00:00:00-05:00,213.1199951171875,216.0,210.47999572753906,214.16000366210938,25025,0.0,0.0
2017-01-17 00:00:00-05:00,213.0399932861328,216.32000732421875,210.63999938964844,210.63999938964844,25700,0.0,0.0
2017-01-18 00:00:00-05:00,211.27999877929688,214.32000732421875,205.60000610351562,212.24000549316406,24363,0.0,0.0
2017-01-19 00:00:00-05:00,212.39999389648438,216.24000549316406,206.72000122070312,206.72000122070312,23013,0.0,0.0
2017-01-20 00:00:00-05:00,206.47999572753906,209.75999450683594,206.16000366210938,209.44000244140625,16188,0.0,0.0
2017-01-23 00:00:00-05:00,209.52000427246094,214.0,208.32000732421875,210.0,13375,0.0,0.0
2017-01-24 00:00:00-05:00,210.39999389648438,212.0800018310547,206.39999389648438,207.67999267578125,30388,0.0,0.0
2017-01-25 00:00:00-05:00,209.0399932861328,215.44000244140625,206.47999572753906,214.39999389648438,28338,0.0,0.0
2017-01-26 00:00:00-05:00,215.1199951171875,226.0,214.8800048828125,225.44000244140625,43025,0.0,0.0
2017-01-27 00:00:00-05:00,226.39999389648438,227.75999450683594,224.39999389648438,226.47999572753906,20888,0.0,0.0
2017-01-30 00:00:00-05:00,224.9600067138672,229.1199951171875,219.60000610351562,225.52000427246094,18575,0.0,0.0
2017-01-31 00:00:00-05:00,225.1199951171875,229.75999450683594,223.60000610351562,228.0,27075,0.0,0.0
2017-02-01 00:00:00-05:00,228.47999572753906,231.75999450683594,228.0,228.63999938964844,8725,0.0,0.0
2017-02-02 00:00:00-05:00,227.9199981689453,232.55999755859375,227.75999450683594,229.9199981689453,15575,0.0,0.0
2017-02-03 00:00:00-05:00,232.8800048828125,236.32000732421875,231.67999267578125,233.67999267578125,17063,0.0,0.0
2017-02-06 00:00:00-05:00,233.67999267578125,235.44000244140625,231.44000244140625,231.83999633789062,18475,0.0,0.0
2017-02-07 00:00:00-05:00,232.55999755859375,232.55999755859375,227.60000610351562,231.83999633789062,14513,0.0,0.0
2017-02-08 00:00:00-05:00,231.9199981689453,235.83999633789062,228.24000549316406,229.67999267578125,31000,0.0,0.0
2017-02-09 00:00:00-05:00,230.55999755859375,233.0399932861328,225.27999877929688,230.32000732421875,16175,0.0,0.0
2017-02-10 00:00:00-05:00,231.67999267578125,235.52000427246094,231.67999267578125,233.9199981689453,9963,0.0,0.0
2017-02-13 00:00:00-05:00,235.1999969482422,239.1999969482422,231.27999877929688,238.16000366210938,17688,0.0,0.0
2017-02-14 00:00:00-05:00,239.9199981689453,248.47999572753906,238.8000030517578,248.0,45000,0.0,0.0
2017-02-15 00:00:00-05:00,248.0,250.63999938964844,242.24000549316406,246.32000732421875,42538,0.0,0.0
2017-02-16 00:00:00-05:00,221.67999267578125,223.60000610351562,180.24000549316406,181.83999633789062,350350,0.0,0.0
2017-02-17 00:00:00-05:00,184.24000549316406,191.1199951171875,181.1199951171875,185.27999877929688,105750,0.0,0.0
2017-02-21 00:00:00-05:00,188.63999938964844,201.1999969482422,188.0800018310547,189.9199981689453,93113,0.0,0.0
2017-02-22 00:00:00-05:00,188.16000366210938,192.9600067138672,184.39999389648438,192.24000549316406,57688,0.0,0.0
2017-02-23 00:00:00-05:00,203.1999969482422,203.44000244140625,174.63999938964844,175.67999267578125,137488,0.0,0.0
2017-02-24 00:00:00-05:00,177.52000427246094,178.0800018310547,170.9600067138672,178.0,53438,0.0,0.0
2017-02-27 00:00:00-05:00,176.39999389648438,192.0,174.47999572753906,191.0399932861328,81625,0.0,0.0
2017-02-28 00:00:00-05:00,191.1199951171875,198.39999389648438,189.1199951171875,192.24000549316406,80000,0.0,0.0
2017-03-01 00:00:00-05:00,196.32000732421875,202.72000122070312,194.39999389648438,201.27999877929688,54163,0.0,0.0
2017-03-02 00:00:00-05:00,200.8800048828125,205.75999450683594,196.24000549316406,202.8800048828125,63463,0.0,0.0
2017-03-03 00:00:00-05:00,202.0800018310547,210.0,201.44000244140625,206.47999572753906,60013,0.0,0.0
2017-03-06 00:00:00-05:00,207.27999877929688,209.67999267578125,199.44000244140625,206.0800018310547,54000,0.0,0.0
2017-03-07 00:00:00-05:00,204.32000732421875,210.32000732421875,203.1999969482422,208.24000549316406,202100,0.0,0.0
2017-03-08 00:00:00-05:00,208.0,211.83999633789062,201.9199981689453,209.75999450683594,56275,0.0,0.0
2017-03-09 00:00:00-05:00,209.52000427246094,213.60000610351562,208.0800018310547,212.0800018310547,39825,0.0,0.0
2017-03-10 00:00:00-05:00,214.39999389648438,216.39999389648438,211.0399932861328,211.0399932861328,58663,0.0,0.0
2017-03-13 00:00:00-04:00,210.9600067138672,223.1199951171875,209.75999450683594,222.8800048828125,73875,0.0,0.0
2017-03-14 00:00:00-04:00,221.67999267578125,225.83999633789062,218.0800018310547,224.0,58775,0.0,0.0
2017-03-15 00:00:00-04:00,224.8000030517578,226.9600067138672,221.83999633789062,225.52000427246094,45950,0.0,0.0
2017-03-16 00:00:00-04:00,224.9600067138672,233.0399932861328,223.1999969482422,228.24000549316406,48400,0.0,0.0
2017-03-17 00:00:00-04:00,229.0399932861328,231.83999633789062,224.63999938964844,226.8800048828125,101750,0.0,0.0
2017-03-20 00:00:00-04:00,228.24000549316406,230.0,222.55999755859375,225.60000610351562,68175,0.0,0.0
2017-03-21 00:00:00-04:00,226.47999572753906,227.52000427246094,212.39999389648438,213.44000244140625,68275,0.0,0.0
2017-03-22 00:00:00-04:00,212.39999389648438,218.72000122070312,209.9199981689453,217.27999877929688,26075,0.0,0.0
2017-03-23 00:00:00-04:00,218.16000366210938,233.60000610351562,216.16000366210938,231.67999267578125,61163,0.0,0.0
2017-03-24 00:00:00-04:00,232.32000732421875,253.0399932861328,232.32000732421875,251.9199981689453,78263,0.0,0.0
2017-03-27 00:00:00-04:00,249.1999969482422,268.1600036621094,242.0800018310547,260.239990234375,128463,0.0,0.0
2017-03-28 00:00:00-04:00,271.44000244140625,283.8399963378906,270.0799865722656,279.760009765625,109850,0.0,0.0
2017-03-29 00:00:00-04:00,280.9599914550781,286.7200012207031,271.3599853515625,283.1199951171875,60388,0.0,0.0
2017-03-30 00:00:00-04:00,287.0400085449219,296.79998779296875,280.0,294.79998779296875,91150,0.0,0.0
2017-03-31 00:00:00-04:00,295.9200134277344,310.3999938964844,291.20001220703125,294.3999938964844,74425,0.0,0.0
2017-04-03 00:00:00-04:00,292.8800048828125,299.20001220703125,279.20001220703125,290.239990234375,59813,0.0,0.0
2017-04-04 00:00:00-04:00,293.6000061035156,300.0799865722656,292.3999938964844,299.20001220703125,30775,0.0,0.0
2017-04-05 00:00:00-04:00,302.8800048828125,306.0799865722656,289.6000061035156,290.4800109863281,50038,0.0,0.0
2017-04-06 00:00:00-04:00,288.6400146484375,302.0799865722656,284.6400146484375,298.55999755859375,32663,0.0,0.0
2017-04-07 00:00:00-04:00,299.5199890136719,321.9200134277344,299.5199890136719,313.0400085449219,54450,0.0,0.0
2017-04-10 00:00:00-04:00,313.3599853515625,330.79998779296875,313.3599853515625,329.20001220703125,47625,0.0,0.0
2017-04-11 00:00:00-04:00,328.6400146484375,336.0,324.1600036621094,333.3599853515625,73575,0.0,0.0
2017-04-12 00:00:00-04:00,334.3999938964844,353.5199890136719,325.2799987792969,348.0799865722656,110025,0.0,0.0
2017-04-13 00:00:00-04:00,342.1600036621094,371.6000061035156,336.239990234375,340.8800048828125,107038,0.0,0.0
2017-04-17 00:00:00-04:00,342.239990234375,355.0400085449219,337.2799987792969,352.239990234375,71050,0.0,0.0
2017-04-18 00:00:00-04:00,350.79998779296875,361.5199890136719,350.79998779296875,360.1600036621094,27938,0.0,0.0
2017-04-19 00:00:00-04:00,364.0,375.9200134277344,347.8399963378906,351.0400085449219,87375,0.0,0.0
2017-04-20 00:00:00-04:00,352.55999755859375,362.0799865722656,200.0,203.52000427246094,800238,0.0,0.0
2017-04-21 00:00:00-04:00,214.0,228.72000122070312,190.0,192.39999389648438,508913,0.0,0.0
2017-04-24 00:00:00-04:00,189.60000610351562,193.52000427246094,177.67999267578125,184.8000030517578,115950,0.0,0.0
2017-04-25 00:00:00-04:00,184.8800048828125,192.0,181.27999877929688,187.27999877929688,115200,0.0,0.0
2017-04-26 00:00:00-04:00,186.47999572753906,190.47999572753906,176.0800018310547,177.36000061035156,129988,0.0,0.0
2017-04-27 00:00:00-04:00,181.0399932861328,193.44000244140625,173.36000061035156,174.39999389648438,133650,0.0,0.0
2017-04-28 00:00:00-04:00,173.0399932861328,180.0,167.36000061035156,176.72000122070312,79800,0.0,0.0
2017-05-01 00:00:00-04:00,194.0,202.8000030517578,184.9600067138672,186.55999755859375,385238,0.0,0.0
2017-05-02 00:00:00-04:00,178.47999572753906,180.39999389648438,163.27999877929688,164.72000122070312,183663,0.0,0.0
2017-05-03 00:00:00-04:00,163.75999450683594,166.8800048828125,156.8000030517578,157.1199951171875,97575,0.0,0.0
2017-05-04 00:00:00-04:00,156.0,156.0,129.36000061035156,143.44000244140625,196088,0.0,0.0
2017-05-05 00:00:00-04:00,144.0800018310547,150.8000030517578,142.0,147.0399932861328,40075,0.0,0.0
2017-05-08 00:00:00-04:00,154.0,154.16000366210938,141.75999450683594,143.36000061035156,70725,0.0,0.0
2017-05-09 00:00:00-04:00,142.8000030517578,146.16000366210938,141.44000244140625,144.8800048828125,40863,0.0,0.0
2017-05-10 00:00:00-04:00,145.75999450683594,154.55999755859375,144.16000366210938,154.0800018310547,80350,0.0,0.0
2017-05-11 00:00:00-04:00,152.63999938964844,155.36000061035156,148.8000030517578,152.63999938964844,36075,0.0,0.0
2017-05-12 00:00:00-04:00,151.75999450683594,164.0,150.24000549316406,161.1999969482422,59588,0.0,0.0
2017-05-15 00:00:00-04:00,160.8800048828125,168.16000366210938,157.83999633789062,161.27999877929688,78950,0.0,0.0
2017-05-16 00:00:00-04:00,161.36000061035156,166.8000030517578,158.55999755859375,163.27999877929688,42263,0.0,0.0
2017-05-17 00:00:00-04:00,161.0399932861328,165.1999969482422,149.60000610351562,150.0800018310547,64963,0.0,0.0
2017-05-18 00:00:00-04:00,149.44000244140625,157.1999969482422,148.24000549316406,154.9600067138672,32163,0.0,0.0
2017-05-19 00:00:00-04:00,154.63999938964844,161.60000610351562,154.63999938964844,160.32000732421875,31288,0.0,0.0
2017-05-22 00:00:00-04:00,161.36000061035156,167.0399932861328,158.0,162.72000122070312,33250,0.0,0.0
2017-05-23 00:00:00-04:00,163.44000244140625,166.72000122070312,161.0399932861328,164.72000122070312,23263,0.0,0.0
2017-05-24 00:00:00-04:00,165.1999969482422,167.75999450683594,161.75999450683594,165.83999633789062,35638,0.0,0.0
2017-05-25 00:00:00-04:00,166.32000732421875,171.36000061035156,164.55999755859375,165.36000061035156,37363,0.0,0.0
2017-05-26 00:00:00-04:00,166.0,171.83999633789062,164.9600067138672,169.27999877929688,22613,0.0,0.0
2017-05-30 00:00:00-04:00,170.47999572753906,176.8800048828125,168.47999572753906,170.24000549316406,35238,0.0,0.0
2017-05-31 00:00:00-04:00,170.0,172.39999389648438,164.16000366210938,164.63999938964844,24663,0.0,0.0
2017-06-01 00:00:00-04:00,165.52000427246094,172.55999755859375,164.9600067138672,170.55999755859375,15800,0.0,0.0
2017-06-02 00:00:00-04:00,170.24000549316406,176.55999755859375,169.1999969482422,174.9600067138672,20025,0.0,0.0
2017-06-05 00:00:00-04:00,173.27999877929688,175.60000610351562,170.16000366210938,170.8000030517578,28100,0.0,0.0
2017-06-06 00:00:00-04:00,168.24000549316406,173.83999633789062,166.63999938964844,167.27999877929688,29613,0.0,0.0
2017-06-07 00:00:00-04:00,165.83999633789062,170.55999755859375,165.83999633789062,166.9600067138672,11388,0.0,0.0
2017-06-08 00:00:00-04:00,165.27999877929688,170.32000732421875,165.27999877929688,167.36000061035156,11188,0.0,0.0
2017-06-09 00:00:00-04:00,167.1999969482422,170.63999938964844,165.1999969482422,166.8000030517578,12338,0.0,0.0
2017-06-12 00:00:00-04:00,164.8800048828125,170.63999938964844,164.8800048828125,166.8000030517578,15200,0.0,0.0
2017-06-13 00:00:00-04:00,165.60000610351562,174.32000732421875,165.60000610351562,171.83999633789062,18338,0.0,0.0
2017-06-14 00:00:00-04:00,172.55999755859375,172.55999755859375,168.55999755859375,171.36000061035156,10813,0.0,0.0
2017-06-15 00:00:00-04:00,169.27999877929688,175.1199951171875,168.32000732421875,171.60000610351562,8713,0.0,0.0
2017-06-16 00:00:00-04:00,169.83999633789062,175.1999969482422,169.83999633789062,175.0399932861328,19625,0.0,0.0
2017-06-19 00:00:00-04:00,175.83999633789062,180.24000549316406,175.36000061035156,178.0,27163,0.0,0.0
2017-06-20 00:00:00-04:00,178.47999572753906,180.8000030517578,172.8800048828125,173.1999969482422,13875,0.0,0.0
2017-06-21 00:00:00-04:00,172.9600067138672,173.9199981689453,171.1999969482422,172.24000549316406,8388,0.0,0.0
2017-06-22 00:00:00-04:00,172.63999938964844,179.83999633789062,171.44000244140625,178.0800018310547,13713,0.0,0.0
2017-06-23 00:00:00-04:00,179.27999877929688,182.24000549316406,178.47999572753906,179.52000427246094,19200,0.0,0.0
2017-06-26 00:00:00-04:00,180.9600067138672,181.60000610351562,177.83999633789062,179.1999969482422,13000,0.0,0.0
2017-06-27 00:00:00-04:00,179.1999969482422,182.32000732421875,177.1199951171875,180.39999389648438,25638,0.0,0.0
2017-06-28 00:00:00-04:00,181.1199951171875,183.0399932861328,180.24000549316406,182.24000549316406,9413,0.0,0.0
2017-06-29 00:00:00-04:00,181.0399932861328,182.63999938964844,176.0800018310547,177.60000610351562,13550,0.0,0.0
2017-06-30 00:00:00-04:00,177.67999267578125,180.8000030517578,174.39999389648438,174.55999755859375,10200,0.0,0.0
2017-07-03 00:00:00-04:00,174.47999572753906,181.44000244140625,174.47999572753906,180.24000549316406,9275,0.0,0.0
2017-07-05 00:00:00-04:00,179.52000427246094,180.32000732421875,176.55999755859375,176.9600067138672,8975,0.0,0.0
2017-07-06 00:00:00-04:00,174.9600067138672,176.39999389648438,168.55999755859375,169.83999633789062,12700,0.0,0.0
2017-07-07 00:00:00-04:00,168.24000549316406,172.55999755859375,167.60000610351562,172.32000732421875,15113,0.0,0.0
2017-07-10 00:00:00-04:00,172.24000549316406,176.8000030517578,166.39999389648438,172.39999389648438,23700,0.0,0.0
2017-07-11 00:00:00-04:00,172.63999938964844,177.83999633789062,169.67999267578125,171.1199951171875,11550,0.0,0.0
2017-07-12 00:00:00-04:00,171.9199981689453,175.44000244140625,171.36000061035156,172.9600067138672,12663,0.0,0.0
2017-07-13 00:00:00-04:00,172.24000549316406,174.16000366210938,169.83999633789062,172.55999755859375,12650,0.0,0.0
2017-07-14 00:00:00-04:00,172.32000732421875,178.8000030517578,170.72000122070312,177.1999969482422,12600,0.0,0.0
2017-07-17 00:00:00-04:00,177.52000427246094,181.9199981689453,177.44000244140625,180.16000366210938,10325,0.0,0.0
2017-07-18 00:00:00-04:00,179.0399932861328,181.36000061035156,176.8800048828125,176.9600067138672,16275,0.0,0.0
2017-07-19 00:00:00-04:00,176.39999389648438,181.44000244140625,173.83999633789062,179.9199981689453,28025,0.0,0.0
2017-07-20 00:00:00-04:00,180.55999755859375,185.75999450683594,176.39999389648438,184.0,19888,0.0,0.0
2017-07-21 00:00:00-04:00,185.9199981689453,186.63999938964844,177.27999877929688,179.36000061035156,29113,0.0,0.0
2017-07-24 00:00:00-04:00,179.60000610351562,183.0399932861328,177.1199951171875,182.39999389648438,38450,0.0,0.0
2017-07-25 00:00:00-04:00,187.1999969482422,213.83999633789062,184.0,209.52000427246094,98113,0.0,0.0
2017-07-26 00:00:00-04:00,210.8800048828125,213.9199981689453,207.36000061035156,211.44000244140625,41475,0.0,0.0
2017-07-27 00:00:00-04:00,214.72000122070312,222.47999572753906,213.9199981689453,221.1999969482422,68863,0.0,0.0
2017-07-28 00:00:00-04:00,219.67999267578125,219.67999267578125,203.9199981689453,204.32000732421875,35638,0.0,0.0
2017-07-31 00:00:00-04:00,205.1199951171875,211.1999969482422,200.0,208.72000122070312,23775,0.0,0.0
2017-08-01 00:00:00-04:00,209.60000610351562,210.39999389648438,205.0399932861328,207.44000244140625,16200,0.0,0.0
2017-08-02 00:00:00-04:00,204.0,204.0,183.27999877929688,190.32000732421875,58988,0.0,0.0
2017-08-03 00:00:00-04:00,191.52000427246094,194.9600067138672,189.9199981689453,190.32000732421875,18775,0.0,0.0
2017-08-04 00:00:00-04:00,191.44000244140625,194.16000366210938,186.55999755859375,186.8000030517578,20013,0.0,0.0
2017-08-07 00:00:00-04:00,187.75999450683594,193.1199951171875,187.1199951171875,190.16000366210938,13113,0.0,0.0
2017-08-08 00:00:00-04:00,190.24000549316406,193.36000061035156,187.0399932861328,191.36000061035156,21400,0.0,0.0
2017-08-09 00:00:00-04:00,185.0399932861328,200.32000732421875,185.0399932861328,195.0399932861328,32563,0.0,0.0
2017-08-10 00:00:00-04:00,196.63999938964844,196.63999938964844,186.0,186.72000122070312,24900,0.0,0.0
2017-08-11 00:00:00-04:00,187.67999267578125,188.0800018310547,180.32000732421875,180.8800048828125,26613,0.0,0.0
2017-08-14 00:00:00-04:00,183.83999633789062,190.55999755859375,182.9600067138672,188.8000030517578,17750,0.0,0.0
2017-08-15 00:00:00-04:00,187.67999267578125,187.67999267578125,182.39999389648438,184.0800018310547,9725,0.0,0.0
2017-08-16 00:00:00-04:00,183.52000427246094,186.72000122070312,179.75999450683594,180.72000122070312,56288,0.0,0.0
2017-08-17 00:00:00-04:00,180.9600067138672,187.9199981689453,167.9199981689453,169.60000610351562,60113,0.0,0.0
2017-08-18 00:00:00-04:00,169.52000427246094,173.44000244140625,154.24000549316406,159.44000244140625,97575,0.0,0.0
2017-08-21 00:00:00-04:00,160.16000366210938,168.72000122070312,160.16000366210938,163.83999633789062,27775,0.0,0.0
2017-08-22 00:00:00-04:00,164.0,165.52000427246094,160.39999389648438,160.72000122070312,36600,0.0,0.0
2017-08-23 00:00:00-04:00,160.63999938964844,167.67999267578125,156.0,158.32000732421875,19913,0.0,0.0
2017-08-24 00:00:00-04:00,158.72000122070312,163.83999633789062,156.72000122070312,162.9600067138672,22313,0.0,0.0
2017-08-25 00:00:00-04:00,163.36000061035156,167.36000061035156,162.24000549316406,166.16000366210938,19750,0.0,0.0
2017-08-28 00:00:00-04:00,184.0,191.1999969482422,164.0,168.72000122070312,74913,0.0,0.0
2017-08-29 00:00:00-04:00,165.44000244140625,174.0800018310547,163.60000610351562,171.9199981689453,37900,0.0,0.0
2017-08-30 00:00:00-04:00,171.1199951171875,180.8000030517578,171.1199951171875,177.75999450683594,37288,0.0,0.0
2017-08-31 00:00:00-04:00,179.52000427246094,182.63999938964844,178.32000732421875,182.24000549316406,29300,0.0,0.0
2017-09-01 00:00:00-04:00,181.83999633789062,187.36000061035156,178.9600067138672,185.1999969482422,67400,0.0,0.0
2017-09-05 00:00:00-04:00,185.60000610351562,185.60000610351562,180.0800018310547,181.60000610351562,45875,0.0,0.0
2017-09-06 00:00:00-04:00,182.39999389648438,183.67999267578125,180.8000030517578,182.0,18213,0.0,0.0
2017-09-07 00:00:00-04:00,182.47999572753906,190.32000732421875,180.39999389648438,189.75999450683594,18825,0.0,0.0
2017-09-08 00:00:00-04:00,187.27999877929688,190.16000366210938,182.16000366210938,188.8000030517578,26725,0.0,0.0
2017-09-11 00:00:00-04:00,190.0800018310547,194.39999389648438,188.32000732421875,193.0399932861328,17400,0.0,0.0
2017-09-12 00:00:00-04:00,191.75999450683594,194.63999938964844,190.9600067138672,193.60000610351562,8063,0.0,0.0
2017-09-13 00:00:00-04:00,192.55999755859375,193.60000610351562,190.0,191.52000427246094,13213,0.0,0.0
2017-09-14 00:00:00-04:00,191.52000427246094,194.24000549316406,188.8800048828125,193.52000427246094,21800,0.0,0.0
2017-09-15 00:00:00-04:00,194.24000549316406,195.9199981689453,191.44000244140625,194.47999572753906,27413,0.0,0.0
2017-09-18 00:00:00-04:00,195.1999969482422,196.8800048828125,191.60000610351562,192.72000122070312,19050,0.0,0.0
2017-09-19 00:00:00-04:00,193.36000061035156,200.32000732421875,191.9199981689453,200.0,24575,0.0,0.0
2017-09-20 00:00:00-04:00,199.27999877929688,203.0399932861328,199.27999877929688,200.39999389648438,8513,0.0,0.0
2017-09-21 00:00:00-04:00,200.8000030517578,201.1999969482422,198.32000732421875,200.24000549316406,7100,0.0,0.0
2017-09-22 00:00:00-04:00,200.8000030517578,201.27999877929688,199.1199951171875,200.72000122070312,9813,0.0,0.0
2017-09-25 00:00:00-04:00,200.8000030517578,201.1999969482422,198.24000549316406,200.8800048828125,13663,0.0,0.0
2017-09-26 00:00:00-04:00,201.60000610351562,207.44000244140625,201.1999969482422,203.67999267578125,27275,0.0,0.0
2017-09-27 00:00:00-04:00,205.60000610351562,207.52000427246094,199.9199981689453,207.44000244140625,12025,0.0,0.0
2017-09-28 00:00:00-04:00,207.52000427246094,208.55999755859375,199.36000061035156,207.67999267578125,18275,0.0,0.0
2017-09-29 00:00:00-04:00,208.16000366210938,215.44000244140625,206.24000549316406,206.9600067138672,17525,0.0,0.0
2017-10-02 00:00:00-04:00,206.72000122070312,213.83999633789062,206.39999389648438,208.9600067138672,11525,0.0,0.0
2017-10-03 00:00:00-04:00,210.0,215.1199951171875,209.75999450683594,211.44000244140625,9775,0.0,0.0
2017-10-04 00:00:00-04:00,210.8800048828125,216.72000122070312,210.16000366210938,216.24000549316406,13738,0.0,0.0
2017-10-05 00:00:00-04:00,217.1199951171875,220.32000732421875,213.27999877929688,218.32000732421875,14475,0.0,0.0
2017-10-06 00:00:00-04:00,216.0800018310547,220.0800018310547,215.1999969482422,216.9600067138672,13225,0.0,0.0
2017-10-09 00:00:00-04:00,216.8000030517578,217.1199951171875,213.1999969482422,214.47999572753906,9188,0.0,0.0
2017-10-10 00:00:00-04:00,216.32000732421875,218.16000366210938,214.0,215.44000244140625,4563,0.0,0.0
2017-10-11 00:00:00-04:00,215.75999450683594,216.47999572753906,213.1199951171875,214.0800018310547,5863,0.0,0.0
2017-10-12 00:00:00-04:00,213.52000427246094,214.63999938964844,209.9199981689453,212.39999389648438,8463,0.0,0.0
2017-10-13 00:00:00-04:00,213.67999267578125,217.83999633789062,211.1999969482422,215.27999877929688,9313,0.0,0.0
2017-10-16 00:00:00-04:00,216.72000122070312,216.72000122070312,205.36000061035156,210.39999389648438,8913,0.0,0.0
2017-10-17 00:00:00-04:00,211.1199951171875,214.8800048828125,203.36000061035156,211.9199981689453,7213,0.0,0.0
2017-10-18 00:00:00-04:00,212.16000366210938,215.1199951171875,211.1199951171875,211.83999633789062,8963,0.0,0.0
2017-10-19 00:00:00-04:00,210.16000366210938,213.75999450683594,206.8800048828125,212.16000366210938,9138,0.0,0.0
2017-10-20 00:00:00-04:00,214.0800018310547,214.0800018310547,207.67999267578125,209.75999450683594,7138,0.0,0.0
2017-10-23 00:00:00-04:00,209.75999450683594,210.0,200.16000366210938,201.1199951171875,27363,0.0,0.0
2017-10-24 00:00:00-04:00,200.55999755859375,205.67999267578125,197.67999267578125,199.1999969482422,15313,0.0,0.0
2017-10-25 00:00:00-04:00,198.63999938964844,200.8800048828125,195.0399932861328,200.32000732421875,12325,0.0,0.0
2017-10-26 00:00:00-04:00,206.24000549316406,214.0,198.0,204.8800048828125,26875,0.0,0.0
2017-10-27 00:00:00-04:00,207.1999969482422,207.1999969482422,185.44000244140625,201.0399932861328,26050,0.0,0.0
2017-10-30 00:00:00-04:00,201.67999267578125,211.9199981689453,199.27999877929688,209.1999969482422,29875,0.0,0.0
2017-10-31 00:00:00-04:00,210.63999938964844,213.27999877929688,206.0,206.72000122070312,25350,0.0,0.0
2017-11-01 00:00:00-04:00,208.55999755859375,216.47999572753906,207.0399932861328,213.9199981689453,14213,0.0,0.0
2017-11-02 00:00:00-04:00,214.55999755859375,216.24000549316406,205.52000427246094,211.36000061035156,32488,0.0,0.0
2017-11-03 00:00:00-04:00,211.36000061035156,214.63999938964844,204.8800048828125,205.0399932861328,20213,0.0,0.0
2017-11-06 00:00:00-05:00,204.0800018310547,212.39999389648438,203.9199981689453,205.27999877929688,14063,0.0,0.0
2017-11-07 00:00:00-05:00,206.24000549316406,209.44000244140625,201.52000427246094,202.32000732421875,26375,0.0,0.0
2017-11-08 00:00:00-05:00,201.75999450683594,211.67999267578125,196.16000366210938,208.72000122070312,39400,0.0,0.0
2017-11-09 00:00:00-05:00,205.0399932861328,210.9600067138672,200.47999572753906,202.16000366210938,21263,0.0,0.0
2017-11-10 00:00:00-05:00,201.1999969482422,205.83999633789062,201.1999969482422,203.60000610351562,6938,0.0,0.0
2017-11-13 00:00:00-05:00,201.52000427246094,205.67999267578125,201.27999877929688,203.83999633789062,8713,0.0,0.0
2017-11-14 00:00:00-05:00,201.52000427246094,210.32000732421875,201.52000427246094,206.72000122070312,13850,0.0,0.0
2017-11-15 00:00:00-05:00,204.32000732421875,213.1199951171875,201.9199981689453,210.8800048828125,14063,0.0,0.0
2017-11-16 00:00:00-05:00,209.75999450683594,215.1199951171875,209.36000061035156,211.27999877929688,9013,0.0,0.0
2017-11-17 00:00:00-05:00,209.27999877929688,214.39999389648438,209.27999877929688,213.1199951171875,9288,0.0,0.0
2017-11-20 00:00:00-05:00,213.67999267578125,219.60000610351562,211.1999969482422,218.39999389648438,10213,0.0,0.0
2017-11-21 00:00:00-05:00,219.0399932861328,222.39999389648438,217.44000244140625,218.9600067138672,10400,0.0,0.0
2017-11-22 00:00:00-05:00,219.27999877929688,221.1999969482422,216.63999938964844,217.83999633789062,9813,0.0,0.0
2017-11-24 00:00:00-05:00,218.55999755859375,219.67999267578125,215.1199951171875,218.63999938964844,3625,0.0,0.0
2017-11-27 00:00:00-05:00,219.1999969482422,220.24000549316406,216.24000549316406,216.63999938964844,8675,0.0,0.0
2017-11-28 00:00:00-05:00,218.0,218.9600067138672,214.24000549316406,218.32000732421875,6250,0.0,0.0
2017-11-29 00:00:00-05:00,218.72000122070312,220.39999389648438,215.0399932861328,217.27999877929688,7675,0.0,0.0
2017-11-30 00:00:00-05:00,217.60000610351562,219.75999450683594,211.44000244140625,213.27999877929688,13950,0.0,0.0
2017-12-01 00:00:00-05:00,212.8000030517578,212.8000030517578,203.1999969482422,212.32000732421875,13075,0.0,0.0
2017-12-04 00:00:00-05:00,213.67999267578125,215.67999267578125,209.1999969482422,209.60000610351562,12638,0.0,0.0
2017-12-05 00:00:00-05:00,209.52000427246094,212.9600067138672,206.55999755859375,211.67999267578125,12075,0.0,0.0
2017-12-06 00:00:00-05:00,211.1999969482422,213.67999267578125,209.83999633789062,212.16000366210938,8550,0.0,0.0
2017-12-07 00:00:00-05:00,211.36000061035156,212.0,201.9199981689453,204.16000366210938,13288,0.0,0.0
2017-12-08 00:00:00-05:00,206.16000366210938,209.83999633789062,204.32000732421875,208.0800018310547,8450,0.0,0.0
2017-12-11 00:00:00-05:00,208.63999938964844,211.9199981689453,203.67999267578125,211.60000610351562,11350,0.0,0.0
2017-12-12 00:00:00-05:00,212.63999938964844,220.0,210.8000030517578,214.55999755859375,12375,0.0,0.0
2017-12-13 00:00:00-05:00,215.1999969482422,222.72000122070312,214.0800018310547,218.0800018310547,31063,0.0,0.0
2017-12-14 00:00:00-05:00,217.36000061035156,223.9199981689453,209.83999633789062,219.44000244140625,19575,0.0,0.0
2017-12-15 00:00:00-05:00,219.27999877929688,223.36000061035156,207.1999969482422,222.32000732421875,26488,0.0,0.0
2017-12-18 00:00:00-05:00,222.72000122070312,231.1999969482422,219.75999450683594,228.39999389648438,22200,0.0,0.0
2017-12-19 00:00:00-05:00,230.24000549316406,233.60000610351562,225.0399932861328,228.63999938964844,15725,0.0,0.0
2017-12-20 00:00:00-05:00,230.55999755859375,232.8000030517578,225.67999267578125,230.47999572753906,13300,0.0,0.0
2017-12-21 00:00:00-05:00,230.72000122070312,235.83999633789062,228.8800048828125,230.16000366210938,14863,0.0,0.0
2017-12-22 00:00:00-05:00,230.72000122070312,233.9199981689453,224.24000549316406,232.72000122070312,31600,0.0,0.0
2017-12-26 00:00:00-05:00,233.9199981689453,242.24000549316406,231.0399932861328,235.83999633789062,23750,0.0,0.0
2017-12-27 00:00:00-05:00,234.8800048828125,238.63999938964844,225.52000427246094,230.9600067138672,15350,0.0,0.0
2017-12-28 00:00:00-05:00,231.1199951171875,233.44000244140625,226.63999938964844,227.36000061035156,9825,0.0,0.0
2017-12-29 00:00:00-05:00,228.16000366210938,228.16000366210938,222.55999755859375,224.0,9963,0.0,0.0
2018-01-02 00:00:00-05:00,224.32000732421875,228.0,222.16000366210938,226.0,21013,0.0,0.0
2018-01-03 00:00:00-05:00,226.72000122070312,227.1999969482422,218.0,222.39999389648438,30913,0.0,0.0
2018-01-04 00:00:00-05:00,222.55999755859375,224.0,216.0,220.47999572753906,16750,0.0,0.0
2018-01-05 00:00:00-05:00,219.36000061035156,222.72000122070312,218.63999938964844,221.27999877929688,13813,0.0,0.0
2018-01-08 00:00:00-05:00,219.67999267578125,224.72000122070312,218.39999389648438,222.0,16475,0.0,0.0
2018-01-09 00:00:00-05:00,222.8800048828125,226.16000366210938,220.47999572753906,220.72000122070312,112550,0.0,0.0
2018-01-10 00:00:00-05:00,219.1999969482422,227.75999450683594,214.8000030517578,225.44000244140625,16425,0.0,0.0
2018-01-11 00:00:00-05:00,226.8000030517578,232.0,221.36000061035156,225.67999267578125,30038,0.0,0.0
2018-01-12 00:00:00-05:00,226.8000030517578,236.8800048828125,225.1999969482422,234.32000732421875,21988,0.0,0.0
2018-01-16 00:00:00-05:00,237.9199981689453,239.75999450683594,222.32000732421875,222.47999572753906,19613,0.0,0.0
2018-01-17 00:00:00-05:00,225.1199951171875,230.24000549316406,220.32000732421875,228.9600067138672,18475,0.0,0.0
2018-01-18 00:00:00-05:00,228.55999755859375,233.1199951171875,227.1999969482422,231.83999633789062,18175,0.0,0.0
2018-01-19 00:00:00-05:00,231.0399932861328,240.32000732421875,228.63999938964844,237.83999633789062,12800,0.0,0.0
2018-01-22 00:00:00-05:00,237.9199981689453,248.55999755859375,234.63999938964844,242.55999755859375,30625,0.0,0.0
2018-01-23 00:00:00-05:00,242.39999389648438,248.0,239.67999267578125,246.16000366210938,13375,0.0,0.0
2018-01-24 00:00:00-05:00,248.0800018310547,251.83999633789062,243.27999877929688,245.83999633789062,18788,0.0,0.0
2018-01-25 00:00:00-05:00,247.60000610351562,251.9199981689453,243.27999877929688,244.8800048828125,33100,0.0,0.0
2018-01-26 00:00:00-05:00,246.24000549316406,246.63999938964844,240.0800018310547,246.0800018310547,22638,0.0,0.0
2018-01-29 00:00:00-05:00,244.16000366210938,249.67999267578125,242.9600067138672,245.52000427246094,12338,0.0,0.0
2018-01-30 00:00:00-05:00,243.36000061035156,248.55999755859375,240.39999389648438,241.9199981689453,12738,0.0,0.0
2018-01-31 00:00:00-05:00,242.0,243.9199981689453,219.60000610351562,224.0,25938,0.0,0.0
2018-02-01 00:00:00-05:00,222.32000732421875,227.83999633789062,215.0399932861328,225.1999969482422,21088,0.0,0.0
2018-02-02 00:00:00-05:00,224.24000549316406,224.24000549316406,215.67999267578125,217.27999877929688,11675,0.0,0.0
2018-02-05 00:00:00-05:00,214.8800048828125,222.8000030517578,209.44000244140625,209.75999450683594,17438,0.0,0.0
2018-02-06 00:00:00-05:00,205.1999969482422,217.36000061035156,202.55999755859375,205.44000244140625,24300,0.0,0.0
2018-02-07 00:00:00-05:00,205.75999450683594,211.83999633789062,204.32000732421875,205.36000061035156,25138,0.0,0.0
2018-02-08 00:00:00-05:00,204.72000122070312,207.9199981689453,193.44000244140625,193.52000427246094,19088,0.0,0.0
2018-02-09 00:00:00-05:00,194.8000030517578,196.63999938964844,186.9600067138672,193.83999633789062,17038,0.0,0.0
2018-02-12 00:00:00-05:00,196.0800018310547,200.63999938964844,188.8000030517578,198.55999755859375,63575,0.0,0.0
2018-02-13 00:00:00-05:00,198.0800018310547,206.8800048828125,195.1999969482422,202.55999755859375,72763,0.0,0.0
2018-02-14 00:00:00-05:00,200.32000732421875,211.60000610351562,199.27999877929688,209.1199951171875,29850,0.0,0.0
2018-02-15 00:00:00-05:00,211.83999633789062,223.1999969482422,209.1199951171875,217.1999969482422,16150,0.0,0.0
2018-02-16 00:00:00-05:00,215.9199981689453,221.1999969482422,210.0,213.9199981689453,10463,0.0,0.0
2018-02-20 00:00:00-05:00,211.9199981689453,220.0800018310547,211.9199981689453,214.24000549316406,15625,0.0,0.0
2018-02-21 00:00:00-05:00,214.8800048828125,223.60000610351562,209.83999633789062,216.8000030517578,18538,0.0,0.0
2018-02-22 00:00:00-05:00,224.0,225.36000061035156,214.72000122070312,223.67999267578125,37338,0.0,0.0
2018-02-23 00:00:00-05:00,222.32000732421875,225.75999450683594,204.8000030517578,209.36000061035156,22188,0.0,0.0
2018-02-26 00:00:00-05:00,210.8800048828125,216.72000122070312,209.0399932861328,211.67999267578125,18738,0.0,0.0
2018-02-27 00:00:00-05:00,212.16000366210938,216.24000549316406,205.83999633789062,211.52000427246094,27000,0.0,0.0
2018-02-28 00:00:00-05:00,214.24000549316406,217.1199951171875,212.16000366210938,212.8000030517578,21638,0.0,0.0
2018-03-01 00:00:00-05:00,212.8000030517578,218.39999389648438,210.9600067138672,216.0800018310547,28338,0.0,0.0
2018-03-02 00:00:00-05:00,213.75999450683594,223.9199981689453,211.44000244140625,221.83999633789062,17050,0.0,0.0
2018-03-05 00:00:00-05:00,219.83999633789062,230.47999572753906,218.8800048828125,226.8800048828125,17013,0.0,0.0
2018-03-06 00:00:00-05:00,226.8800048828125,233.52000427246094,224.72000122070312,229.83999633789062,16588,0.0,0.0
2018-03-07 00:00:00-05:00,228.16000366210938,234.24000549316406,227.1199951171875,229.83999633789062,16938,0.0,0.0
2018-03-08 00:00:00-05:00,231.52000427246094,232.8800048828125,225.1199951171875,230.55999755859375,13850,0.0,0.0
2018-03-09 00:00:00-05:00,231.52000427246094,238.24000549316406,228.9600067138672,234.9600067138672,21100,0.0,0.0
2018-03-12 00:00:00-04:00,235.36000061035156,243.75999450683594,235.36000061035156,237.83999633789062,19575,0.0,0.0
2018-03-13 00:00:00-04:00,238.47999572753906,243.1199951171875,233.60000610351562,234.39999389648438,13163,0.0,0.0
2018-03-14 00:00:00-04:00,236.0,239.60000610351562,231.60000610351562,231.9199981689453,12700,0.0,0.0
2018-03-15 00:00:00-04:00,232.72000122070312,236.16000366210938,225.9199981689453,228.39999389648438,13263,0.0,0.0
2018-03-16 00:00:00-04:00,228.39999389648438,236.24000549316406,226.39999389648438,230.9600067138672,25388,0.0,0.0
2018-03-19 00:00:00-04:00,230.0,232.0800018310547,223.0399932861328,228.16000366210938,34913,0.0,0.0
2018-03-20 00:00:00-04:00,229.1999969482422,231.52000427246094,224.9600067138672,227.0399932861328,17863,0.0,0.0
2018-03-21 00:00:00-04:00,226.47999572753906,229.0399932861328,211.44000244140625,211.83999633789062,38100,0.0,0.0
2018-03-22 00:00:00-04:00,209.1199951171875,214.9600067138672,209.1199951171875,210.16000366210938,35988,0.0,0.0
2018-03-23 00:00:00-04:00,210.9600067138672,217.27999877929688,200.8000030517578,201.36000061035156,15450,0.0,0.0
2018-03-26 00:00:00-04:00,203.75999450683594,205.75999450683594,196.24000549316406,203.67999267578125,16438,0.0,0.0
2018-03-27 00:00:00-04:00,203.9199981689453,207.75999450683594,196.72000122070312,198.0800018310547,17288,0.0,0.0
2018-03-28 00:00:00-04:00,198.0800018310547,207.44000244140625,198.0800018310547,203.1999969482422,16425,0.0,0.0
2018-03-29 00:00:00-04:00,204.32000732421875,212.8000030517578,203.1999969482422,212.47999572753906,24000,0.0,0.0
2018-04-02 00:00:00-04:00,211.67999267578125,218.47999572753906,205.1999969482422,210.32000732421875,22763,0.0,0.0
2018-04-03 00:00:00-04:00,214.0800018310547,222.16000366210938,208.8000030517578,219.67999267578125,31325,0.0,0.0
2018-04-04 00:00:00-04:00,215.67999267578125,226.0,215.67999267578125,221.75999450683594,13975,0.0,0.0
2018-04-05 00:00:00-04:00,220.47999572753906,220.47999572753906,201.0399932861328,206.0,55963,0.0,0.0
2018-04-06 00:00:00-04:00,203.52000427246094,210.39999389648438,203.52000427246094,206.55999755859375,14663,0.0,0.0
2018-04-09 00:00:00-04:00,208.72000122070312,214.0800018310547,204.8800048828125,207.9199981689453,15863,0.0,0.0
2018-04-10 00:00:00-04:00,210.55999755859375,213.67999267578125,207.1999969482422,211.60000610351562,16225,0.0,0.0
2018-04-11 00:00:00-04:00,210.32000732421875,212.72000122070312,205.52000427246094,206.24000549316406,11275,0.0,0.0
2018-04-12 00:00:00-04:00,207.36000061035156,210.8000030517578,204.63999938964844,207.9199981689453,11250,0.0,0.0
2018-04-13 00:00:00-04:00,208.63999938964844,208.63999938964844,202.47999572753906,203.1999969482422,11988,0.0,0.0
2018-04-16 00:00:00-04:00,204.39999389648438,207.1999969482422,202.24000549316406,205.60000610351562,10525,0.0,0.0
2018-04-17 00:00:00-04:00,206.0,209.0399932861328,205.1199951171875,207.67999267578125,15900,0.0,0.0
2018-04-18 00:00:00-04:00,208.0,212.47999572753906,205.75999450683594,206.8000030517578,21575,0.0,0.0
2018-04-19 00:00:00-04:00,206.24000549316406,213.0399932861328,202.9600067138672,204.8800048828125,19388,0.0,0.0
2018-04-20 00:00:00-04:00,204.16000366210938,206.32000732421875,200.9600067138672,204.16000366210938,12875,0.0,0.0
2018-04-23 00:00:00-04:00,204.8800048828125,210.8000030517578,201.75999450683594,208.0,11200,0.0,0.0
2018-04-24 00:00:00-04:00,208.39999389648438,209.0399932861328,198.8800048828125,204.9600067138672,10938,0.0,0.0
2018-04-25 00:00:00-04:00,204.39999389648438,204.39999389648438,197.36000061035156,201.1999969482422,18100,0.0,0.0
2018-04-26 00:00:00-04:00,197.27999877929688,212.47999572753906,190.39999389648438,211.27999877929688,53925,0.0,0.0
2018-04-27 00:00:00-04:00,211.75999450683594,211.75999450683594,202.55999755859375,211.36000061035156,17550,0.0,0.0
2018-04-30 00:00:00-04:00,212.0,222.39999389648438,209.75999450683594,219.0399932861328,33550,0.0,0.0
2018-05-01 00:00:00-04:00,219.36000061035156,225.67999267578125,213.83999633789062,222.8800048828125,38650,0.0,0.0
2018-05-02 00:00:00-04:00,223.27999877929688,231.0399932861328,222.55999755859375,223.52000427246094,52663,0.0,0.0
2018-05-03 00:00:00-04:00,222.47999572753906,225.75999450683594,207.60000610351562,214.8800048828125,55763,0.0,0.0
2018-05-04 00:00:00-04:00,214.63999938964844,224.16000366210938,206.16000366210938,223.9199981689453,15063,0.0,0.0
2018-05-07 00:00:00-04:00,223.83999633789062,225.60000610351562,213.1199951171875,225.36000061035156,9238,0.0,0.0
2018-05-08 00:00:00-04:00,222.0,223.52000427246094,218.24000549316406,221.1199951171875,16188,0.0,0.0
2018-05-09 00:00:00-04:00,221.36000061035156,224.72000122070312,218.8000030517578,224.32000732421875,9500,0.0,0.0
2018-05-10 00:00:00-04:00,224.8800048828125,229.0399932861328,221.9199981689453,226.32000732421875,9013,0.0,0.0
2018-05-11 00:00:00-04:00,226.16000366210938,229.1199951171875,222.16000366210938,223.75999450683594,8950,0.0,0.0
2018-05-14 00:00:00-04:00,223.83999633789062,228.55999755859375,222.24000549316406,226.9600067138672,13188,0.0,0.0
2018-05-15 00:00:00-04:00,225.27999877929688,233.60000610351562,225.1999969482422,231.9199981689453,20963,0.0,0.0
2018-05-16 00:00:00-04:00,232.39999389648438,234.0,229.9199981689453,233.27999877929688,9875,0.0,0.0
2018-05-17 00:00:00-04:00,233.36000061035156,234.47999572753906,231.44000244140625,231.9199981689453,9038,0.0,0.0
2018-05-18 00:00:00-04:00,233.44000244140625,234.9600067138672,230.0,234.32000732421875,9550,0.0,0.0
2018-05-21 00:00:00-04:00,235.1199951171875,238.16000366210938,232.72000122070312,236.16000366210938,8950,0.0,0.0
2018-05-22 00:00:00-04:00,236.63999938964844,237.83999633789062,222.0800018310547,225.44000244140625,34000,0.0,0.0
2018-05-23 00:00:00-04:00,224.8800048828125,231.9199981689453,213.1999969482422,222.55999755859375,25250,0.0,0.0
2018-05-24 00:00:00-04:00,221.9199981689453,222.8000030517578,218.39999389648438,220.0800018310547,21238,0.0,0.0
2018-05-25 00:00:00-04:00,219.52000427246094,228.9600067138672,219.52000427246094,221.36000061035156,10538,0.0,0.0
2018-05-29 00:00:00-04:00,219.52000427246094,223.83999633789062,216.39999389648438,222.47999572753906,15050,0.0,0.0
2018-05-30 00:00:00-04:00,222.63999938964844,230.32000732421875,222.32000732421875,228.39999389648438,14350,0.0,0.0
2018-05-31 00:00:00-04:00,228.63999938964844,237.60000610351562,226.39999389648438,235.0399932861328,31713,0.0,0.0
2018-06-01 00:00:00-04:00,236.0800018310547,242.0,234.39999389648438,241.75999450683594,19300,0.0,0.0
2018-06-04 00:00:00-04:00,241.83999633789062,245.67999267578125,241.83999633789062,244.39999389648438,12438,0.0,0.0
2018-06-05 00:00:00-04:00,244.39999389648438,251.60000610351562,242.0,251.36000061035156,29475,0.0,0.0
2018-06-06 00:00:00-04:00,252.0,256.3999938964844,251.83999633789062,255.27999877929688,15238,0.0,0.0
2018-06-07 00:00:00-04:00,255.44000244140625,257.44000244140625,250.24000549316406,254.9600067138672,10875,0.0,0.0
2018-06-08 00:00:00-04:00,254.32000732421875,259.3599853515625,251.36000061035156,251.52000427246094,10900,0.0,0.0
2018-06-11 00:00:00-04:00,251.52000427246094,257.2799987792969,251.36000061035156,255.1999969482422,18488,0.0,0.0
2018-06-12 00:00:00-04:00,254.8800048828125,256.4800109863281,246.47999572753906,249.60000610351562,10625,0.0,0.0
2018-06-13 00:00:00-04:00,249.67999267578125,250.24000549316406,245.0399932861328,247.36000061035156,12225,0.0,0.0
2018-06-14 00:00:00-04:00,248.32000732421875,254.24000549316406,242.0800018310547,243.44000244140625,11575,0.0,0.0
2018-06-15 00:00:00-04:00,241.9199981689453,246.39999389648438,241.9199981689453,244.47999572753906,11400,0.0,0.0
2018-06-18 00:00:00-04:00,244.0,247.27999877929688,240.8800048828125,246.32000732421875,12188,0.0,0.0
2018-06-19 00:00:00-04:00,245.83999633789062,248.0800018310547,242.8000030517578,247.52000427246094,16138,0.0,0.0
2018-06-20 00:00:00-04:00,248.63999938964844,252.9600067138672,246.39999389648438,252.8000030517578,9650,0.0,0.0
2018-06-21 00:00:00-04:00,253.67999267578125,259.0400085449219,249.83999633789062,257.44000244140625,10425,0.0,0.0
2018-06-22 00:00:00-04:00,258.239990234375,262.55999755859375,257.1199951171875,258.9599914550781,53800,0.0,0.0
2018-06-25 00:00:00-04:00,258.0799865722656,264.4800109863281,252.24000549316406,264.0,11488,0.0,0.0
2018-06-26 00:00:00-04:00,264.239990234375,265.3599853515625,252.32000732421875,257.3599853515625,13425,0.0,0.0
2018-06-27 00:00:00-04:00,258.0,262.79998779296875,245.44000244140625,245.52000427246094,12413,0.0,0.0
2018-06-28 00:00:00-04:00,245.0399932861328,246.63999938964844,239.60000610351562,242.8800048828125,11888,0.0,0.0
2018-06-29 00:00:00-04:00,243.75999450683594,248.32000732421875,232.8800048828125,233.36000061035156,11175,0.0,0.0
2018-07-02 00:00:00-04:00,231.83999633789062,240.9600067138672,229.0399932861328,240.16000366210938,10000,0.0,0.0
2018-07-03 00:00:00-04:00,242.0,246.55999755859375,240.8000030517578,241.9199981689453,3963,0.0,0.0
2018-07-05 00:00:00-04:00,242.55999755859375,249.83999633789062,241.60000610351562,249.27999877929688,7875,0.0,0.0
2018-07-06 00:00:00-04:00,249.27999877929688,253.0399932861328,249.0399932861328,251.44000244140625,5563,0.0,0.0
2018-07-09 00:00:00-04:00,252.0,254.72000122070312,250.16000366210938,250.47999572753906,3700,0.0,0.0
2018-07-10 00:00:00-04:00,250.8000030517578,252.63999938964844,247.0399932861328,251.0399932861328,8938,0.0,0.0
2018-07-11 00:00:00-04:00,249.52000427246094,252.47999572753906,248.8000030517578,251.27999877929688,3850,0.0,0.0
2018-07-12 00:00:00-04:00,252.39999389648438,255.52000427246094,244.8800048828125,254.0800018310547,5075,0.0,0.0
2018-07-13 00:00:00-04:00,254.0,256.7200012207031,252.16000366210938,253.44000244140625,4475,0.0,0.0
2018-07-16 00:00:00-04:00,253.36000061035156,259.6000061035156,251.52000427246094,258.0,7313,0.0,0.0
2018-07-17 00:00:00-04:00,257.20001220703125,264.3999938964844,257.20001220703125,264.32000732421875,13850,0.0,0.0
2018-07-18 00:00:00-04:00,264.32000732421875,271.9200134277344,263.3599853515625,271.20001220703125,8350,0.0,0.0
2018-07-19 00:00:00-04:00,269.760009765625,274.32000732421875,269.2799987792969,270.1600036621094,6913,0.0,0.0
2018-07-20 00:00:00-04:00,269.0400085449219,272.9599914550781,266.9599914550781,272.0,5338,0.0,0.0
2018-07-23 00:00:00-04:00,271.67999267578125,278.9599914550781,270.239990234375,274.6400146484375,5863,0.0,0.0
2018-07-24 00:00:00-04:00,275.760009765625,278.6400146484375,271.8399963378906,274.9599914550781,10450,0.0,0.0
2018-07-25 00:00:00-04:00,274.4800109863281,281.6000061035156,268.0,280.0799865722656,7213,0.0,0.0
2018-07-26 00:00:00-04:00,283.6000061035156,290.7200012207031,264.0,270.32000732421875,13075,0.0,0.0
2018-07-27 00:00:00-04:00,270.6400146484375,270.79998779296875,256.0,263.8399963378906,7075,0.0,0.0
2018-07-30 00:00:00-04:00,263.2799987792969,280.4800109863281,263.2799987792969,269.9200134277344,5588,0.0,0.0
2018-07-31 00:00:00-04:00,267.8399963378906,275.67999267578125,265.9200134277344,266.4800109863281,7438,0.0,0.0
2018-08-01 00:00:00-04:00,266.0799865722656,267.3599853515625,249.0399932861328,266.79998779296875,7625,0.0,0.0
2018-08-02 00:00:00-04:00,262.9599914550781,271.8399963378906,262.9599914550781,270.0799865722656,6338,0.0,0.0
2018-08-03 00:00:00-04:00,270.4800109863281,270.4800109863281,262.3999938964844,263.0400085449219,5838,0.0,0.0
2018-08-06 00:00:00-04:00,262.6400146484375,265.6000061035156,260.0,264.9599914550781,5675,0.0,0.0
2018-08-07 00:00:00-04:00,266.0799865722656,267.760009765625,264.79998779296875,267.3599853515625,3225,0.0,0.0
2018-08-08 00:00:00-04:00,264.6400146484375,271.6000061035156,264.6400146484375,270.0,3775,0.0,0.0
2018-08-09 00:00:00-04:00,269.9200134277344,279.2799987792969,269.9200134277344,278.3999938964844,7075,0.0,0.0
2018-08-10 00:00:00-04:00,278.0,287.67999267578125,272.3999938964844,285.0400085449219,5263,0.0,0.0
2018-08-13 00:00:00-04:00,285.1199951171875,288.0,276.55999755859375,277.67999267578125,5725,0.0,0.0
2018-08-14 00:00:00-04:00,278.3999938964844,281.0400085449219,272.79998779296875,273.3599853515625,5288,0.0,0.0
2018-08-15 00:00:00-04:00,273.20001220703125,286.1600036621094,271.20001220703125,277.0400085449219,4938,0.0,0.0
2018-08-16 00:00:00-04:00,277.8399963378906,284.4800109863281,276.239990234375,282.7200012207031,6900,0.0,0.0
2018-08-17 00:00:00-04:00,281.1199951171875,286.0799865722656,280.0,284.6400146484375,6175,0.0,0.0
2018-08-20 00:00:00-04:00,286.1600036621094,289.0400085449219,284.3999938964844,288.9599914550781,4963,0.0,0.0
2018-08-21 00:00:00-04:00,289.0400085449219,300.7200012207031,288.0,300.1600036621094,10200,0.0,0.0
2018-08-22 00:00:00-04:00,300.239990234375,302.8800048828125,296.3999938964844,299.67999267578125,3900,0.0,0.0
2018-08-23 00:00:00-04:00,299.6000061035156,301.0400085449219,295.6000061035156,296.1600036621094,3338,0.0,0.0
2018-08-24 00:00:00-04:00,296.7200012207031,297.9200134277344,293.3599853515625,296.7200012207031,5738,0.0,0.0
2018-08-27 00:00:00-04:00,296.6400146484375,300.79998779296875,295.9200134277344,296.8800048828125,2788,0.0,0.0
2018-08-28 00:00:00-04:00,298.239990234375,298.239990234375,293.0400085449219,294.3999938964844,2113,0.0,0.0
2018-08-29 00:00:00-04:00,294.4800109863281,294.4800109863281,287.8399963378906,289.0400085449219,4238,0.0,0.0
2018-08-30 00:00:00-04:00,288.9599914550781,290.3999938964844,285.6000061035156,289.760009765625,4050,0.0,0.0
2018-08-31 00:00:00-04:00,289.67999267578125,291.5199890136719,287.67999267578125,289.20001220703125,9213,0.0,0.0
2018-09-04 00:00:00-04:00,290.239990234375,290.239990234375,281.1199951171875,282.1600036621094,8125,0.0,0.0
2018-09-05 00:00:00-04:00,280.0,282.0799865722656,270.4800109863281,278.8800048828125,6275,0.0,0.0
2018-09-06 00:00:00-04:00,278.79998779296875,280.79998779296875,274.3999938964844,275.760009765625,3788,0.0,0.0
2018-09-07 00:00:00-04:00,275.6000061035156,278.0,274.1600036621094,275.760009765625,4538,0.0,0.0
2018-09-10 00:00:00-04:00,276.0799865722656,276.0799865722656,267.67999267578125,273.3599853515625,4550,0.0,0.0
2018-09-11 00:00:00-04:00,272.9599914550781,276.0799865722656,269.2799987792969,272.8800048828125,3500,0.0,0.0
2018-09-12 00:00:00-04:00,270.239990234375,273.3599853515625,267.760009765625,271.1199951171875,2450,0.0,0.0
2018-09-13 00:00:00-04:00,271.9200134277344,272.9599914550781,266.0,267.6000061035156,3238,0.0,0.0
2018-09-14 00:00:00-04:00,268.0,274.6400146484375,268.0,272.0799865722656,2725,0.0,0.0
2018-09-17 00:00:00-04:00,272.55999755859375,276.239990234375,271.0400085449219,274.239990234375,5563,0.0,0.0
2018-09-18 00:00:00-04:00,275.0400085449219,280.1600036621094,270.239990234375,270.55999755859375,5038,0.0,0.0
2018-09-19 00:00:00-04:00,270.3999938964844,274.6400146484375,268.9599914550781,272.4800109863281,7538,0.0,0.0
2018-09-20 00:00:00-04:00,272.8800048828125,282.1600036621094,268.6400146484375,273.67999267578125,5650,0.0,0.0
2018-09-21 00:00:00-04:00,273.20001220703125,275.44000244140625,264.8800048828125,273.2799987792969,20375,0.0,0.0
2018-09-24 00:00:00-04:00,271.67999267578125,277.20001220703125,265.760009765625,277.20001220703125,5663,0.0,0.0
2018-09-25 00:00:00-04:00,276.8800048828125,276.8800048828125,265.67999267578125,269.6000061035156,9300,0.0,0.0
2018-09-26 00:00:00-04:00,269.3599853515625,274.8800048828125,262.9599914550781,263.0400085449219,3938,0.0,0.0
2018-09-27 00:00:00-04:00,263.20001220703125,264.55999755859375,256.8800048828125,258.6400146484375,4738,0.0,0.0
2018-09-28 00:00:00-04:00,257.67999267578125,264.4800109863281,254.55999755859375,257.8399963378906,13025,0.0,0.0
2018-10-01 00:00:00-04:00,259.9200134277344,261.5199890136719,254.39999389648438,256.0,5675,0.0,0.0
2018-10-02 00:00:00-04:00,255.36000061035156,259.0400085449219,254.32000732421875,255.83999633789062,4500,0.0,0.0
2018-10-03 00:00:00-04:00,256.8800048828125,259.20001220703125,254.24000549316406,255.52000427246094,4088,0.0,0.0
2018-10-04 00:00:00-04:00,255.52000427246094,260.79998779296875,254.24000549316406,259.5199890136719,3338,0.0,0.0
2018-10-05 00:00:00-04:00,259.6000061035156,260.1600036621094,256.0,257.1199951171875,2838,0.0,0.0
2018-10-08 00:00:00-04:00,257.0400085449219,262.6400146484375,254.0,256.1600036621094,5375,0.0,0.0
2018-10-09 00:00:00-04:00,256.0,260.0,250.16000366210938,251.52000427246094,2825,0.0,0.0
2018-10-10 00:00:00-04:00,247.44000244140625,250.72000122070312,236.8800048828125,241.27999877929688,9538,0.0,0.0
2018-10-11 00:00:00-04:00,241.1199951171875,242.9600067138672,236.55999755859375,237.44000244140625,5650,0.0,0.0
2018-10-12 00:00:00-04:00,240.47999572753906,240.47999572753906,231.27999877929688,233.36000061035156,13800,0.0,0.0
2018-10-15 00:00:00-04:00,234.16000366210938,236.0,230.63999938964844,232.0800018310547,5588,0.0,0.0
2018-10-16 00:00:00-04:00,233.36000061035156,239.1999969482422,232.24000549316406,238.39999389648438,8425,0.0,0.0
2018-10-17 00:00:00-04:00,237.83999633789062,239.36000061035156,232.24000549316406,236.9600067138672,4813,0.0,0.0
2018-10-18 00:00:00-04:00,236.55999755859375,238.8800048828125,230.0800018310547,232.72000122070312,7275,0.0,0.0
2018-10-19 00:00:00-04:00,231.83999633789062,237.67999267578125,231.83999633789062,235.75999450683594,10550,0.0,0.0
2018-10-22 00:00:00-04:00,236.0,241.52000427246094,234.72000122070312,236.24000549316406,12888,0.0,0.0
2018-10-23 00:00:00-04:00,233.27999877929688,236.32000732421875,215.9199981689453,219.44000244140625,35625,0.0,0.0
2018-10-24 00:00:00-04:00,219.44000244140625,223.44000244140625,197.1999969482422,210.32000732421875,24513,0.0,0.0
2018-10-25 00:00:00-04:00,211.36000061035156,213.9199981689453,202.72000122070312,211.27999877929688,11300,0.0,0.0
2018-10-26 00:00:00-04:00,210.8800048828125,214.8000030517578,202.47999572753906,213.67999267578125,14800,0.0,0.0
2018-10-29 00:00:00-04:00,215.36000061035156,215.36000061035156,200.8800048828125,203.27999877929688,9950,0.0,0.0
2018-10-30 00:00:00-04:00,203.1199951171875,211.83999633789062,196.0800018310547,209.52000427246094,35675,0.0,0.0
2018-10-31 00:00:00-04:00,210.16000366210938,210.16000366210938,196.72000122070312,201.83999633789062,11425,0.0,0.0
2018-11-01 00:00:00-04:00,201.9199981689453,205.44000244140625,198.9600067138672,203.60000610351562,8050,0.0,0.0
2018-11-02 00:00:00-04:00,203.52000427246094,204.32000732421875,194.9600067138672,198.47999572753906,8663,0.0,0.0
2018-11-05 00:00:00-05:00,198.55999755859375,205.67999267578125,189.44000244140625,203.44000244140625,16763,0.0,0.0
2018-11-06 00:00:00-05:00,203.36000061035156,203.60000610351562,196.24000549316406,199.44000244140625,5150,0.0,0.0
2018-11-07 00:00:00-05:00,199.60000610351562,201.67999267578125,188.8000030517578,192.72000122070312,15188,0.0,0.0
2018-11-08 00:00:00-05:00,192.55999755859375,192.55999755859375,178.32000732421875,179.44000244140625,22688,0.0,0.0
2018-11-09 00:00:00-05:00,179.44000244140625,182.32000732421875,174.9600067138672,178.63999938964844,15263,0.0,0.0
2018-11-12 00:00:00-05:00,178.55999755859375,182.9600067138672,168.39999389648438,182.72000122070312,34275,0.0,0.0
2018-11-13 00:00:00-05:00,182.72000122070312,187.1199951171875,181.1999969482422,183.75999450683594,12213,0.0,0.0
2018-11-14 00:00:00-05:00,185.1199951171875,186.9600067138672,178.63999938964844,178.9600067138672,32125,0.0,0.0
2018-11-15 00:00:00-05:00,180.16000366210938,182.0,169.75999450683594,180.0,16538,0.0,0.0
2018-11-16 00:00:00-05:00,179.0399932861328,179.0399932861328,175.9199981689453,178.16000366210938,9800,0.0,0.0
2018-11-19 00:00:00-05:00,179.75999450683594,179.75999450683594,170.8000030517578,177.52000427246094,14875,0.0,0.0
2018-11-20 00:00:00-05:00,176.24000549316406,176.9600067138672,168.8000030517578,170.55999755859375,14913,0.0,0.0
2018-11-21 00:00:00-05:00,170.9600067138672,177.36000061035156,168.72000122070312,170.0,12638,0.0,0.0
2018-11-23 00:00:00-05:00,170.24000549316406,179.83999633789062,170.24000549316406,176.47999572753906,7550,0.0,0.0
2018-11-26 00:00:00-05:00,177.36000061035156,185.75999450683594,177.36000061035156,184.47999572753906,14075,0.0,0.0
2018-11-27 00:00:00-05:00,182.9600067138672,184.8000030517578,179.1999969482422,183.1999969482422,17400,0.0,0.0
2018-11-28 00:00:00-05:00,183.44000244140625,191.75999450683594,180.63999938964844,191.44000244140625,14250,0.0,0.0
2018-11-29 00:00:00-05:00,189.52000427246094,193.1199951171875,189.1999969482422,189.52000427246094,9513,0.0,0.0
2018-11-30 00:00:00-05:00,188.16000366210938,192.0,187.1199951171875,189.9199981689453,11500,0.0,0.0
2018-12-03 00:00:00-05:00,190.39999389648438,191.1999969482422,181.1199951171875,185.36000061035156,16563,0.0,0.0
2018-12-04 00:00:00-05:00,185.60000610351562,187.44000244140625,177.60000610351562,182.47999572753906,15350,0.0,0.0
2018-12-06 00:00:00-05:00,181.0399932861328,187.9199981689453,179.60000610351562,186.9600067138672,14050,0.0,0.0
2018-12-07 00:00:00-05:00,186.32000732421875,192.32000732421875,186.32000732421875,191.60000610351562,12313,0.0,0.0
2018-12-10 00:00:00-05:00,191.0399932861328,191.0399932861328,181.60000610351562,189.0399932861328,13638,0.0,0.0
2018-12-11 00:00:00-05:00,189.36000061035156,192.0,186.0800018310547,190.0,9575,0.0,0.0
2018-12-12 00:00:00-05:00,190.32000732421875,194.0,185.1999969482422,190.47999572753906,11338,0.0,0.0
2018-12-13 00:00:00-05:00,190.39999389648438,191.1999969482422,176.8800048828125,177.27999877929688,16663,0.0,0.0
2018-12-14 00:00:00-05:00,176.24000549316406,184.8000030517578,169.1999969482422,171.67999267578125,16263,0.0,0.0
2018-12-17 00:00:00-05:00,171.60000610351562,172.47999572753906,154.8800048828125,157.1199951171875,34488,0.0,0.0
2018-12-18 00:00:00-05:00,158.39999389648438,168.9600067138672,156.32000732421875,168.9600067138672,24438,0.0,0.0
2018-12-19 00:00:00-05:00,170.0800018310547,179.1999969482422,168.32000732421875,172.47999572753906,22175,0.0,0.0
2018-12-20 00:00:00-05:00,172.0800018310547,177.52000427246094,166.47999572753906,174.55999755859375,22325,0.0,0.0
2018-12-21 00:00:00-05:00,175.67999267578125,177.27999877929688,168.0800018310547,169.75999450683594,29450,0.0,0.0
2018-12-24 00:00:00-05:00,169.67999267578125,178.72000122070312,160.32000732421875,171.0399932861328,7913,0.0,0.0
2018-12-26 00:00:00-05:00,172.72000122070312,181.67999267578125,168.0800018310547,181.1199951171875,9875,0.0,0.0
2018-12-27 00:00:00-05:00,177.1999969482422,181.60000610351562,173.27999877929688,181.52000427246094,8313,0.0,0.0
2018-12-28 00:00:00-05:00,181.27999877929688,183.0399932861328,174.32000732421875,179.75999450683594,8625,0.0,0.0
2018-12-31 00:00:00-05:00,179.83999633789062,182.8800048828125,177.83999633789062,179.9199981689453,10625,0.0,0.0
2019-01-02 00:00:00-05:00,177.60000610351562,183.60000610351562,172.9600067138672,177.1199951171875,9400,0.0,0.0
2019-01-03 00:00:00-05:00,177.0399932861328,177.0399932861328,169.75999450683594,173.52000427246094,7713,0.0,0.0
2019-01-04 00:00:00-05:00,175.67999267578125,182.9600067138672,175.67999267578125,178.8000030517578,9925,0.0,0.0
2019-01-07 00:00:00-05:00,180.16000366210938,186.24000549316406,179.1199951171875,184.39999389648438,7038,0.0,0.0
2019-01-08 00:00:00-05:00,185.67999267578125,189.1999969482422,181.36000061035156,187.9199981689453,10450,0.0,0.0
2019-01-09 00:00:00-05:00,188.63999938964844,192.0,186.0,188.55999755859375,9088,0.0,0.0
2019-01-10 00:00:00-05:00,187.75999450683594,191.83999633789062,187.52000427246094,188.47999572753906,5350,0.0,0.0
2019-01-11 00:00:00-05:00,188.39999389648438,189.1999969482422,182.8800048828125,187.1199951171875,7188,0.0,0.0
2019-01-14 00:00:00-05:00,187.0399932861328,196.47999572753906,187.0399932861328,191.52000427246094,16050,0.0,0.0
2019-01-15 00:00:00-05:00,192.0,197.36000061035156,181.36000061035156,183.60000610351562,25913,0.0,0.0
2019-01-16 00:00:00-05:00,180.9600067138672,191.60000610351562,180.0800018310547,187.67999267578125,7825,0.0,0.0
2019-01-17 00:00:00-05:00,186.72000122070312,197.27999877929688,182.39999389648438,190.16000366210938,18250,0.0,0.0
2019-01-18 00:00:00-05:00,191.1999969482422,196.0,189.52000427246094,191.0399932861328,7950,0.0,0.0
2019-01-22 00:00:00-05:00,190.16000366210938,192.0,184.63999938964844,185.83999633789062,6463,0.0,0.0
2019-01-23 00:00:00-05:00,185.9199981689453,191.60000610351562,181.1999969482422,181.1999969482422,4225,0.0,0.0
2019-01-24 00:00:00-05:00,181.1199951171875,187.67999267578125,181.1199951171875,182.63999938964844,6338,0.0,0.0
2019-01-25 00:00:00-05:00,184.39999389648438,188.32000732421875,182.72000122070312,185.67999267578125,11413,0.0,0.0
2019-01-28 00:00:00-05:00,185.27999877929688,190.8800048828125,184.16000366210938,188.24000549316406,4800,0.0,0.0
2019-01-29 00:00:00-05:00,188.72000122070312,188.72000122070312,179.36000061035156,181.60000610351562,7375,0.0,0.0
2019-01-30 00:00:00-05:00,181.67999267578125,186.8800048828125,180.0,186.8800048828125,5625,0.0,0.0
2019-01-31 00:00:00-05:00,190.32000732421875,190.55999755859375,187.75999450683594,189.44000244140625,4600,0.0,0.0
2019-02-01 00:00:00-05:00,189.75999450683594,191.27999877929688,183.27999877929688,186.9600067138672,21000,0.0,0.0
2019-02-04 00:00:00-05:00,186.0,190.9600067138672,186.0,190.24000549316406,2225,0.0,0.0
2019-02-05 00:00:00-05:00,190.8000030517578,190.8000030517578,183.60000610351562,187.75999450683594,7075,0.0,0.0
2019-02-06 00:00:00-05:00,187.83999633789062,190.72000122070312,185.60000610351562,186.9600067138672,2263,0.0,0.0
2019-02-07 00:00:00-05:00,184.9600067138672,193.36000061035156,184.9600067138672,192.32000732421875,18575,0.0,0.0
2019-02-08 00:00:00-05:00,191.1199951171875,191.52000427246094,186.55999755859375,188.72000122070312,2275,0.0,0.0
2019-02-11 00:00:00-05:00,190.32000732421875,194.63999938964844,186.24000549316406,194.0,4150,0.0,0.0
2019-02-12 00:00:00-05:00,195.27999877929688,196.8800048828125,192.39999389648438,193.0399932861328,2313,0.0,0.0
2019-02-13 00:00:00-05:00,193.1199951171875,199.36000061035156,193.1199951171875,197.0399932861328,1950,0.0,0.0
2019-02-14 00:00:00-05:00,196.0,199.75999450683594,195.1199951171875,196.55999755859375,7150,0.0,0.0
2019-02-15 00:00:00-05:00,197.9199981689453,207.44000244140625,197.9199981689453,201.52000427246094,4313,0.0,0.0
2019-02-19 00:00:00-05:00,201.36000061035156,208.55999755859375,196.8800048828125,203.27999877929688,10550,0.0,0.0
2019-02-20 00:00:00-05:00,202.39999389648438,205.67999267578125,191.0399932861328,194.72000122070312,11725,0.0,0.0
2019-02-21 00:00:00-05:00,194.8000030517578,206.8000030517578,191.1199951171875,192.72000122070312,19263,0.0,0.0
2019-02-22 00:00:00-05:00,194.47999572753906,201.52000427246094,189.44000244140625,196.47999572753906,13138,0.0,0.0
2019-02-25 00:00:00-05:00,198.32000732421875,200.55999755859375,190.72000122070312,197.83999633789062,9800,0.0,0.0
2019-02-26 00:00:00-05:00,211.67999267578125,211.67999267578125,191.75999450683594,194.0800018310547,31563,0.0,0.0
2019-02-27 00:00:00-05:00,191.27999877929688,197.36000061035156,189.1999969482422,197.27999877929688,6700,0.0,0.0
2019-02-28 00:00:00-05:00,198.8800048828125,203.1199951171875,194.32000732421875,200.55999755859375,9525,0.0,0.0
2019-03-01 00:00:00-05:00,201.52000427246094,204.8000030517578,198.55999755859375,201.0399932861328,8638,0.0,0.0
2019-03-04 00:00:00-05:00,200.8000030517578,205.0399932861328,200.55999755859375,203.75999450683594,9463,0.0,0.0
2019-03-05 00:00:00-05:00,203.67999267578125,203.67999267578125,200.63999938964844,202.39999389648438,3663,0.0,0.0
2019-03-06 00:00:00-05:00,202.47999572753906,204.24000549316406,194.9600067138672,198.63999938964844,26775,0.0,0.0
2019-03-07 00:00:00-05:00,198.55999755859375,205.0399932861328,195.83999633789062,201.9199981689453,20188,0.0,0.0
2019-03-08 00:00:00-05:00,200.47999572753906,203.36000061035156,199.0399932861328,202.32000732421875,10363,0.0,0.0
2019-03-11 00:00:00-04:00,203.44000244140625,206.47999572753906,201.60000610351562,204.47999572753906,12825,0.0,0.0
2019-03-12 00:00:00-04:00,206.24000549316406,209.36000061035156,203.44000244140625,206.32000732421875,10838,0.0,0.0
2019-03-13 00:00:00-04:00,204.8000030517578,211.67999267578125,204.72000122070312,209.44000244140625,11700,0.0,0.0
2019-03-14 00:00:00-04:00,210.24000549316406,210.72000122070312,205.83999633789062,209.75999450683594,3775,0.0,0.0
2019-03-15 00:00:00-04:00,210.16000366210938,213.44000244140625,208.32000732421875,210.39999389648438,10713,0.0,0.0
2019-03-18 00:00:00-04:00,211.83999633789062,216.63999938964844,209.83999633789062,212.8000030517578,5400,0.0,0.0
2019-03-19 00:00:00-04:00,214.24000549316406,215.67999267578125,209.1999969482422,210.55999755859375,7275,0.0,0.0
2019-03-20 00:00:00-04:00,210.55999755859375,212.24000549316406,206.32000732421875,208.0,4075,0.0,0.0
2019-03-21 00:00:00-04:00,207.0399932861328,212.24000549316406,207.0399932861328,210.0,28488,0.0,0.0
2019-03-22 00:00:00-04:00,210.0,212.0800018310547,194.9600067138672,194.9600067138672,6325,0.0,0.0
2019-03-25 00:00:00-04:00,194.47999572753906,200.39999389648438,192.32000732421875,198.24000549316406,6013,0.0,0.0
2019-03-26 00:00:00-04:00,199.27999877929688,203.52000427246094,195.1999969482422,196.0800018310547,12275,0.0,0.0
2019-03-27 00:00:00-04:00,195.83999633789062,197.1999969482422,188.16000366210938,188.8000030517578,9713,0.0,0.0
2019-03-28 00:00:00-04:00,189.60000610351562,194.24000549316406,185.60000610351562,189.36000061035156,10650,0.0,0.0
2019-03-29 00:00:00-04:00,190.8000030517578,197.0399932861328,187.60000610351562,189.36000061035156,29688,0.0,0.0
2019-04-01 00:00:00-04:00,189.36000061035156,199.60000610351562,187.36000061035156,198.16000366210938,19850,0.0,0.0
2019-04-02 00:00:00-04:00,198.16000366210938,203.27999877929688,196.24000549316406,197.52000427246094,20375,0.0,0.0
2019-04-03 00:00:00-04:00,198.8800048828125,202.16000366210938,195.1999969482422,195.52000427246094,7638,0.0,0.0
2019-04-04 00:00:00-04:00,195.60000610351562,196.72000122070312,192.47999572753906,193.83999633789062,3875,0.0,0.0
2019-04-05 00:00:00-04:00,194.16000366210938,200.8000030517578,194.16000366210938,199.1999969482422,6375,0.0,0.0
2019-04-08 00:00:00-04:00,198.0800018310547,203.1199951171875,197.44000244140625,202.9600067138672,5275,0.0,0.0
2019-04-09 00:00:00-04:00,202.47999572753906,204.47999572753906,197.60000610351562,197.67999267578125,5288,0.0,0.0
2019-04-10 00:00:00-04:00,199.1999969482422,202.8800048828125,199.0399932861328,202.39999389648438,3763,0.0,0.0
2019-04-11 00:00:00-04:00,202.9600067138672,203.75999450683594,199.60000610351562,200.32000732421875,4150,0.0,0.0
2019-04-12 00:00:00-04:00,201.9199981689453,203.1999969482422,198.39999389648438,199.1999969482422,3500,0.0,0.0
2019-04-15 00:00:00-04:00,198.8800048828125,199.67999267578125,193.1199951171875,195.1999969482422,3713,0.0,0.0
2019-04-16 00:00:00-04:00,196.24000549316406,197.1199951171875,192.72000122070312,195.0399932861328,3325,0.0,0.0
2019-04-17 00:00:00-04:00,196.16000366210938,198.8000030517578,194.32000732421875,194.55999755859375,2988,0.0,0.0
2019-04-18 00:00:00-04:00,194.47999572753906,195.52000427246094,188.32000732421875,189.1199951171875,5238,0.0,0.0
2019-04-22 00:00:00-04:00,190.32000732421875,194.24000549316406,188.55999755859375,190.8000030517578,5613,0.0,0.0
2019-04-23 00:00:00-04:00,189.60000610351562,193.1999969482422,188.63999938964844,190.55999755859375,6350,0.0,0.0
2019-04-24 00:00:00-04:00,189.36000061035156,192.8000030517578,187.27999877929688,188.8800048828125,5963,0.0,0.0
2019-04-25 00:00:00-04:00,184.47999572753906,191.83999633789062,179.27999877929688,189.44000244140625,9038,0.0,0.0
2019-04-26 00:00:00-04:00,189.36000061035156,192.63999938964844,181.60000610351562,184.63999938964844,5813,0.0,0.0
2019-04-29 00:00:00-04:00,185.67999267578125,189.36000061035156,185.67999267578125,186.72000122070312,4625,0.0,0.0
2019-04-30 00:00:00-04:00,186.63999938964844,189.75999450683594,185.67999267578125,189.36000061035156,5838,0.0,0.0
2019-05-01 00:00:00-04:00,189.1199951171875,192.0800018310547,189.1199951171875,191.1999969482422,13075,0.0,0.0
2019-05-02 00:00:00-04:00,191.1199951171875,194.39999389648438,190.8000030517578,193.60000610351562,6650,0.0,0.0
2019-05-03 00:00:00-04:00,194.16000366210938,199.44000244140625,191.1999969482422,197.0399932861328,7088,0.0,0.0
2019-05-06 00:00:00-04:00,194.32000732421875,198.55999755859375,194.24000549316406,196.24000549316406,11850,0.0,0.0
2019-05-07 00:00:00-04:00,196.0800018310547,200.8800048828125,195.60000610351562,199.0399932861328,6775,0.0,0.0
2019-05-08 00:00:00-04:00,198.39999389648438,200.8800048828125,196.8000030517578,198.72000122070312,6138,0.0,0.0
2019-05-09 00:00:00-04:00,197.9199981689453,198.72000122070312,194.63999938964844,197.27999877929688,6050,0.0,0.0
2019-05-10 00:00:00-04:00,198.39999389648438,198.8000030517578,194.16000366210938,194.32000732421875,3875,0.0,0.0
2019-05-13 00:00:00-04:00,191.0399932861328,192.47999572753906,188.8800048828125,190.55999755859375,3463,0.0,0.0
2019-05-14 00:00:00-04:00,191.36000061035156,191.83999633789062,185.52000427246094,187.0399932861328,7925,0.0,0.0
2019-05-15 00:00:00-04:00,185.52000427246094,188.0,184.0,186.63999938964844,7250,0.0,0.0
2019-05-16 00:00:00-04:00,187.75999450683594,189.52000427246094,184.0,184.32000732421875,8425,0.0,0.0
2019-05-17 00:00:00-04:00,183.27999877929688,187.9199981689453,175.44000244140625,175.75999450683594,7775,0.0,0.0
2019-05-20 00:00:00-04:00,176.16000366210938,180.8800048828125,174.0,175.9199981689453,7200,0.0,0.0
2019-05-21 00:00:00-04:00,175.75999450683594,186.39999389648438,171.36000061035156,177.44000244140625,13900,0.0,0.0
2019-05-22 00:00:00-04:00,177.52000427246094,183.52000427246094,168.47999572753906,175.27999877929688,14563,0.0,0.0
2019-05-23 00:00:00-04:00,175.44000244140625,175.67999267578125,164.47999572753906,174.32000732421875,24188,0.0,0.0
2019-05-24 00:00:00-04:00,174.9600067138672,184.0,167.9199981689453,178.8000030517578,16950,0.0,0.0
2019-05-28 00:00:00-04:00,178.8000030517578,183.1199951171875,169.60000610351562,171.67999267578125,32975,0.0,0.0
2019-05-29 00:00:00-04:00,171.1999969482422,171.1999969482422,162.16000366210938,164.72000122070312,14250,0.0,0.0
2019-05-30 00:00:00-04:00,165.0399932861328,169.27999877929688,158.0,163.52000427246094,16975,0.0,0.0
2019-05-31 00:00:00-04:00,162.47999572753906,162.9600067138672,159.83999633789062,161.0399932861328,7425,0.0,0.0
2019-06-03 00:00:00-04:00,161.1199951171875,161.27999877929688,150.8800048828125,153.75999450683594,9538,0.0,0.0
2019-06-04 00:00:00-04:00,155.44000244140625,166.16000366210938,152.39999389648438,165.75999450683594,18563,0.0,0.0
2019-06-05 00:00:00-04:00,164.8000030517578,166.55999755859375,155.9199981689453,159.1999969482422,10850,0.0,0.0
2019-06-06 00:00:00-04:00,160.32000732421875,160.32000732421875,152.8000030517578,157.1199951171875,10950,0.0,0.0
2019-06-07 00:00:00-04:00,157.83999633789062,158.72000122070312,151.83999633789062,152.47999572753906,8138,0.0,0.0
2019-06-10 00:00:00-04:00,153.0399932861328,157.67999267578125,150.0,150.32000732421875,16300,0.0,0.0
2019-06-11 00:00:00-04:00,152.47999572753906,159.83999633789062,149.27999877929688,150.0800018310547,14725,0.0,0.0
2019-06-12 00:00:00-04:00,150.0,151.83999633789062,147.1999969482422,149.36000061035156,8913,0.0,0.0
2019-06-13 00:00:00-04:00,151.36000061035156,160.9600067138672,150.47999572753906,156.47999572753906,11625,0.0,0.0
2019-06-14 00:00:00-04:00,154.8000030517578,158.0800018310547,152.39999389648438,153.75999450683594,9200,0.0,0.0
2019-06-17 00:00:00-04:00,154.0800018310547,157.0399932861328,152.9600067138672,154.24000549316406,17963,0.0,0.0
2019-06-18 00:00:00-04:00,155.27999877929688,159.60000610351562,155.1999969482422,156.0,10300,0.0,0.0
2019-06-19 00:00:00-04:00,156.32000732421875,158.39999389648438,153.44000244140625,153.67999267578125,13850,0.0,0.0
2019-06-20 00:00:00-04:00,155.36000061035156,156.9600067138672,152.0,152.0800018310547,14900,0.0,0.0
2019-06-21 00:00:00-04:00,151.1199951171875,153.36000061035156,147.83999633789062,152.0,17750,0.0,0.0
2019-06-24 00:00:00-04:00,152.16000366210938,152.8000030517578,149.1199951171875,150.63999938964844,15425,0.0,0.0
2019-06-25 00:00:00-04:00,151.52000427246094,151.52000427246094,148.0,148.0,12288,0.0,0.0
2019-06-26 00:00:00-04:00,148.72000122070312,148.8000030517578,146.47999572753906,146.8800048828125,12125,0.0,0.0
2019-06-27 00:00:00-04:00,147.1199951171875,153.1199951171875,147.1199951171875,150.8800048828125,8338,0.0,0.0
2019-06-28 00:00:00-04:00,151.27999877929688,158.16000366210938,151.27999877929688,157.27999877929688,68013,0.0,0.0
2019-07-01 00:00:00-04:00,158.39999389648438,163.44000244140625,158.16000366210938,162.72000122070312,11075,0.0,0.0
2019-07-02 00:00:00-04:00,164.0,168.8800048828125,162.9600067138672,166.32000732421875,11875,0.0,0.0
2019-07-03 00:00:00-04:00,167.36000061035156,171.9199981689453,166.32000732421875,171.9199981689453,6563,0.0,0.0
2019-07-05 00:00:00-04:00,171.0399932861328,176.63999938964844,170.32000732421875,175.36000061035156,5975,0.0,0.0
2019-07-08 00:00:00-04:00,175.9199981689453,175.9199981689453,166.24000549316406,166.8000030517578,8775,0.0,0.0
2019-07-09 00:00:00-04:00,165.75999450683594,169.27999877929688,164.8800048828125,167.9199981689453,4638,0.0,0.0
2019-07-10 00:00:00-04:00,169.1999969482422,170.72000122070312,167.36000061035156,168.0,7438,0.0,0.0
2019-07-11 00:00:00-04:00,168.63999938964844,170.8000030517578,166.63999938964844,168.9600067138672,6475,0.0,0.0
2019-07-12 00:00:00-04:00,169.1999969482422,172.55999755859375,168.8000030517578,170.32000732421875,5438,0.0,0.0
2019-07-15 00:00:00-04:00,170.32000732421875,171.9199981689453,167.67999267578125,168.32000732421875,3300,0.0,0.0
2019-07-16 00:00:00-04:00,168.24000549316406,172.63999938964844,167.83999633789062,169.9199981689453,6288,0.0,0.0
2019-07-17 00:00:00-04:00,169.52000427246094,171.1199951171875,167.75999450683594,168.63999938964844,4250,0.0,0.0
2019-07-18 00:00:00-04:00,169.0399932861328,169.0399932861328,164.8000030517578,167.75999450683594,4413,0.0,0.0
2019-07-19 00:00:00-04:00,167.9199981689453,170.0800018310547,166.0800018310547,167.1999969482422,4313,0.0,0.0
2019-07-22 00:00:00-04:00,167.27999877929688,172.32000732421875,166.63999938964844,167.67999267578125,4838,0.0,0.0
2019-07-23 00:00:00-04:00,167.60000610351562,170.72000122070312,165.36000061035156,165.67999267578125,3638,0.0,0.0
2019-07-24 00:00:00-04:00,166.39999389648438,172.55999755859375,166.39999389648438,171.9199981689453,6550,0.0,0.0
2019-07-25 00:00:00-04:00,163.1999969482422,170.8800048828125,161.60000610351562,162.63999938964844,7050,0.0,0.0
2019-07-26 00:00:00-04:00,162.63999938964844,167.44000244140625,161.60000610351562,165.9199981689453,8025,0.0,0.0
2019-07-29 00:00:00-04:00,164.72000122070312,167.60000610351562,161.60000610351562,164.24000549316406,6738,0.0,0.0
2019-07-30 00:00:00-04:00,164.16000366210938,169.67999267578125,163.1199951171875,168.55999755859375,6463,0.0,0.0
2019-07-31 00:00:00-04:00,169.83999633789062,173.36000061035156,167.52000427246094,168.0,7150,0.0,0.0
2019-08-01 00:00:00-04:00,168.0,171.0399932861328,163.75999450683594,166.32000732421875,6350,0.0,0.0
2019-08-02 00:00:00-04:00,164.55999755859375,167.67999267578125,162.9600067138672,163.83999633789062,6288,0.0,0.0
2019-08-05 00:00:00-04:00,160.72000122070312,163.27999877929688,146.63999938964844,152.32000732421875,10688,0.0,0.0
2019-08-06 00:00:00-04:00,153.0399932861328,158.24000549316406,153.0399932861328,155.9199981689453,4000,0.0,0.0
2019-08-07 00:00:00-04:00,153.27999877929688,153.27999877929688,148.0,149.83999633789062,10100,0.0,0.0
2019-08-08 00:00:00-04:00,151.9199981689453,154.72000122070312,150.0,150.55999755859375,6575,0.0,0.0
2019-08-09 00:00:00-04:00,150.32000732421875,153.52000427246094,150.0,151.52000427246094,5600,0.0,0.0
2019-08-12 00:00:00-04:00,150.0800018310547,156.39999389648438,149.0399932861328,155.60000610351562,10213,0.0,0.0
2019-08-13 00:00:00-04:00,155.52000427246094,161.9199981689453,155.1999969482422,157.83999633789062,5213,0.0,0.0
2019-08-14 00:00:00-04:00,155.75999450683594,157.83999633789062,151.27999877929688,151.27999877929688,8475,0.0,0.0
2019-08-15 00:00:00-04:00,152.0800018310547,153.83999633789062,150.0,151.36000061035156,6000,0.0,0.0
2019-08-16 00:00:00-04:00,152.16000366210938,157.60000610351562,152.16000366210938,156.16000366210938,8238,0.0,0.0
2019-08-19 00:00:00-04:00,158.8800048828125,160.0800018310547,155.1199951171875,155.67999267578125,5588,0.0,0.0
2019-08-20 00:00:00-04:00,155.52000427246094,158.8000030517578,153.1999969482422,156.24000549316406,5513,0.0,0.0
2019-08-21 00:00:00-04:00,157.9199981689453,161.27999877929688,157.9199981689453,158.8800048828125,6313,0.0,0.0
2019-08-22 00:00:00-04:00,159.60000610351562,161.1199951171875,155.67999267578125,156.47999572753906,4975,0.0,0.0
2019-08-23 00:00:00-04:00,156.16000366210938,158.8000030517578,151.36000061035156,152.63999938964844,5913,0.0,0.0
2019-08-26 00:00:00-04:00,153.1999969482422,153.1999969482422,148.9600067138672,152.47999572753906,4938,0.0,0.0
2019-08-27 00:00:00-04:00,153.67999267578125,154.0,148.72000122070312,152.24000549316406,10488,0.0,0.0
2019-08-28 00:00:00-04:00,152.9600067138672,159.44000244140625,152.16000366210938,155.75999450683594,8550,0.0,0.0
2019-08-29 00:00:00-04:00,160.0,162.8800048828125,159.60000610351562,160.47999572753906,7588,0.0,0.0
2019-08-30 00:00:00-04:00,161.60000610351562,162.39999389648438,158.0,158.39999389648438,5875,0.0,0.0
2019-09-03 00:00:00-04:00,156.9600067138672,159.44000244140625,155.44000244140625,155.83999633789062,11150,0.0,0.0
2019-09-04 00:00:00-04:00,157.27999877929688,161.0399932861328,157.27999877929688,158.47999572753906,5338,0.0,0.0
2019-09-05 00:00:00-04:00,160.47999572753906,165.44000244140625,159.83999633789062,164.8000030517578,5575,0.0,0.0
2019-09-06 00:00:00-04:00,164.0800018310547,167.67999267578125,160.8000030517578,165.60000610351562,5450,0.0,0.0
2019-09-09 00:00:00-04:00,166.16000366210938,177.1199951171875,165.67999267578125,176.0,6963,0.0,0.0
2019-09-10 00:00:00-04:00,177.1199951171875,180.16000366210938,174.0,175.75999450683594,5363,0.0,0.0
2019-09-11 00:00:00-04:00,176.16000366210938,178.47999572753906,173.1199951171875,176.47999572753906,4963,0.0,0.0
2019-09-12 00:00:00-04:00,177.0399932861328,177.52000427246094,171.36000061035156,175.1999969482422,5088,0.0,0.0
2019-09-13 00:00:00-04:00,176.72000122070312,178.8800048828125,174.32000732421875,177.67999267578125,5700,0.0,0.0
2019-09-16 00:00:00-04:00,176.16000366210938,181.1999969482422,175.27999877929688,176.0,5575,0.0,0.0
2019-09-17 00:00:00-04:00,175.9199981689453,176.8800048828125,170.9600067138672,174.32000732421875,14238,0.0,0.0
2019-09-18 00:00:00-04:00,174.24000549316406,175.0399932861328,169.67999267578125,170.8800048828125,9213,0.0,0.0
2019-09-19 00:00:00-04:00,172.16000366210938,173.9199981689453,169.1199951171875,169.60000610351562,8150,0.0,0.0
2019-09-20 00:00:00-04:00,169.60000610351562,171.1199951171875,167.27999877929688,167.75999450683594,19025,0.0,0.0
2019-09-23 00:00:00-04:00,166.47999572753906,171.27999877929688,166.39999389648438,169.1199951171875,7913,0.0,0.0
2019-09-24 00:00:00-04:00,169.9199981689453,171.1199951171875,161.9199981689453,161.9199981689453,10900,0.0,0.0
2019-09-25 00:00:00-04:00,162.9600067138672,165.1999969482422,161.27999877929688,162.8000030517578,10250,0.0,0.0
2019-09-26 00:00:00-04:00,162.63999938964844,164.32000732421875,161.1199951171875,162.63999938964844,5713,0.0,0.0
2019-09-27 00:00:00-04:00,163.0399932861328,164.72000122070312,162.55999755859375,163.0399932861328,3638,0.0,0.0
2019-09-30 00:00:00-04:00,163.9199981689453,164.63999938964844,161.44000244140625,161.75999450683594,5500,0.0,0.0
2019-10-01 00:00:00-04:00,162.47999572753906,162.72000122070312,158.0,158.63999938964844,10000,0.0,0.0
2019-10-02 00:00:00-04:00,158.8000030517578,161.83999633789062,157.1999969482422,159.27999877929688,8288,0.0,0.0
2019-10-03 00:00:00-04:00,158.0800018310547,160.72000122070312,156.72000122070312,160.16000366210938,6350,0.0,0.0
2019-10-04 00:00:00-04:00,160.8000030517578,163.83999633789062,159.36000061035156,160.47999572753906,5175,0.0,0.0
2019-10-07 00:00:00-04:00,160.8800048828125,162.9600067138672,157.60000610351562,160.55999755859375,12175,0.0,0.0
2019-10-08 00:00:00-04:00,158.39999389648438,159.83999633789062,157.1199951171875,158.8000030517578,7750,0.0,0.0
2019-10-09 00:00:00-04:00,159.0399932861328,168.8000030517578,159.0399932861328,168.0800018310547,9800,0.0,0.0
2019-10-10 00:00:00-04:00,168.32000732421875,172.0800018310547,167.60000610351562,170.47999572753906,15750,0.0,0.0
2019-10-11 00:00:00-04:00,172.16000366210938,176.63999938964844,169.75999450683594,170.63999938964844,9963,0.0,0.0
2019-10-14 00:00:00-04:00,170.16000366210938,171.1999969482422,166.47999572753906,168.0,5525,0.0,0.0
2019-10-15 00:00:00-04:00,168.47999572753906,172.47999572753906,168.47999572753906,169.52000427246094,5763,0.0,0.0
2019-10-16 00:00:00-04:00,169.44000244140625,173.1199951171875,169.44000244140625,170.24000549316406,5725,0.0,0.0
2019-10-17 00:00:00-04:00,171.36000061035156,174.8000030517578,171.0399932861328,173.0399932861328,5625,0.0,0.0
2019-10-18 00:00:00-04:00,174.55999755859375,184.8800048828125,174.55999755859375,181.1199951171875,22325,0.0,0.0
2019-10-21 00:00:00-04:00,182.8000030517578,188.63999938964844,182.8000030517578,185.1999969482422,12850,0.0,0.0
2019-10-22 00:00:00-04:00,185.67999267578125,187.1199951171875,183.27999877929688,183.52000427246094,7625,0.0,0.0
2019-10-23 00:00:00-04:00,183.44000244140625,186.8000030517578,182.47999572753906,185.1199951171875,14963,0.0,0.0
2019-10-24 00:00:00-04:00,181.60000610351562,182.47999572753906,160.39999389648438,169.1999969482422,16013,0.0,0.0
2019-10-25 00:00:00-04:00,166.9600067138672,168.24000549316406,153.60000610351562,154.0800018310547,19550,0.0,0.0
2019-10-28 00:00:00-04:00,155.44000244140625,155.75999450683594,141.0399932861328,142.55999755859375,20750,0.0,0.0
2019-10-29 00:00:00-04:00,141.75999450683594,143.36000061035156,123.68000030517578,127.68000030517578,29038,0.0,0.0
2019-10-30 00:00:00-04:00,128.8000030517578,144.0,122.4000015258789,140.8800048828125,37338,0.0,0.0
2019-10-31 00:00:00-04:00,143.0399932861328,145.60000610351562,139.52000427246094,142.39999389648438,20588,0.0,0.0
2019-11-01 00:00:00-04:00,142.72000122070312,145.36000061035156,142.24000549316406,143.27999877929688,14588,0.0,0.0
2019-11-04 00:00:00-05:00,144.0,144.8000030517578,142.72000122070312,144.47999572753906,14800,0.0,0.0
2019-11-05 00:00:00-05:00,146.0,149.1199951171875,138.8000030517578,142.55999755859375,29088,0.0,0.0
2019-11-06 00:00:00-05:00,142.8800048828125,144.39999389648438,140.39999389648438,142.16000366210938,8975,0.0,0.0
2019-11-07 00:00:00-05:00,143.36000061035156,147.1999969482422,143.1199951171875,145.36000061035156,10163,0.0,0.0
2019-11-08 00:00:00-05:00,146.24000549316406,148.0,142.63999938964844,143.60000610351562,11963,0.0,0.0
2019-11-11 00:00:00-05:00,143.36000061035156,146.8000030517578,143.1199951171875,145.75999450683594,5950,0.0,0.0
2019-11-12 00:00:00-05:00,145.9199981689453,148.24000549316406,145.36000061035156,145.67999267578125,11600,0.0,0.0
2019-11-13 00:00:00-05:00,143.75999450683594,146.8800048828125,142.39999389648438,143.27999877929688,8788,0.0,0.0
2019-11-14 00:00:00-05:00,143.52000427246094,145.60000610351562,142.8800048828125,143.0399932861328,5488,0.0,0.0
2019-11-15 00:00:00-05:00,143.83999633789062,147.1199951171875,142.47999572753906,144.0,8050,0.0,0.0
2019-11-18 00:00:00-05:00,144.24000549316406,144.8800048828125,140.0800018310547,142.63999938964844,7325,0.0,0.0
2019-11-19 00:00:00-05:00,143.0399932861328,144.0800018310547,141.9199981689453,142.8000030517578,7738,0.0,0.0
2019-11-20 00:00:00-05:00,141.36000061035156,143.27999877929688,135.36000061035156,138.63999938964844,18475,0.0,0.0
2019-11-21 00:00:00-05:00,138.9600067138672,141.27999877929688,137.52000427246094,140.32000732421875,9700,0.0,0.0
2019-11-22 00:00:00-05:00,140.8800048828125,144.9600067138672,140.16000366210938,144.0,9350,0.0,0.0
2019-11-25 00:00:00-05:00,144.72000122070312,148.16000366210938,144.0,144.55999755859375,14050,0.0,0.0
2019-11-26 00:00:00-05:00,144.63999938964844,148.0,144.0800018310547,145.1199951171875,10200,0.0,0.0
2019-11-27 00:00:00-05:00,145.67999267578125,146.9600067138672,144.24000549316406,146.24000549316406,6663,0.0,0.0
2019-11-29 00:00:00-05:00,145.9199981689453,147.36000061035156,144.16000366210938,144.16000366210938,2463,0.0,0.0
2019-12-02 00:00:00-05:00,143.52000427246094,146.39999389648438,141.83999633789062,145.60000610351562,6688,0.0,0.0
2019-12-03 00:00:00-05:00,143.75999450683594,147.1199951171875,143.75999450683594,146.72000122070312,4388,0.0,0.0
2019-12-04 00:00:00-05:00,146.72000122070312,148.8000030517578,145.67999267578125,146.8800048828125,6838,0.0,0.0
2019-12-05 00:00:00-05:00,147.36000061035156,149.83999633789062,145.83999633789062,148.72000122070312,11525,0.0,0.0
2019-12-06 00:00:00-05:00,149.60000610351562,153.60000610351562,149.0399932861328,153.36000061035156,17150,0.0,0.0
2019-12-09 00:00:00-05:00,152.9600067138672,155.27999877929688,152.8000030517578,153.67999267578125,14088,0.0,0.0
2019-12-10 00:00:00-05:00,154.0,155.36000061035156,149.0399932861328,150.32000732421875,9400,0.0,0.0
2019-12-11 00:00:00-05:00,151.1199951171875,152.55999755859375,149.60000610351562,150.72000122070312,4388,0.0,0.0
2019-12-12 00:00:00-05:00,151.36000061035156,153.9199981689453,150.47999572753906,152.24000549316406,5438,0.0,0.0
2019-12-13 00:00:00-05:00,152.0,153.9199981689453,150.0800018310547,150.8800048828125,5175,0.0,0.0
2019-12-16 00:00:00-05:00,151.36000061035156,153.36000061035156,150.0,150.0800018310547,5600,0.0,0.0
2019-12-17 00:00:00-05:00,150.0,150.55999755859375,146.55999755859375,148.8000030517578,14488,0.0,0.0
2019-12-18 00:00:00-05:00,148.8800048828125,150.16000366210938,146.63999938964844,148.32000732421875,8300,0.0,0.0
2019-12-19 00:00:00-05:00,148.8800048828125,152.39999389648438,148.8000030517578,151.67999267578125,5763,0.0,0.0
2019-12-20 00:00:00-05:00,151.75999450683594,152.0,149.1999969482422,151.52000427246094,14338,0.0,0.0
2019-12-23 00:00:00-05:00,152.72000122070312,156.8800048828125,151.27999877929688,152.8000030517578,22538,0.0,0.0
2019-12-24 00:00:00-05:00,152.9600067138672,155.1999969482422,151.60000610351562,154.24000549316406,7213,0.0,0.0
2019-12-26 00:00:00-05:00,154.8000030517578,156.0,152.72000122070312,154.16000366210938,9913,0.0,0.0
2019-12-27 00:00:00-05:00,154.39999389648438,154.39999389648438,152.16000366210938,153.52000427246094,5988,0.0,0.0
2019-12-30 00:00:00-05:00,153.52000427246094,156.0,152.8000030517578,154.63999938964844,16313,0.0,0.0
2019-12-31 00:00:00-05:00,154.9600067138672,156.0,153.1999969482422,154.63999938964844,12525,0.0,0.0
2020-01-02 00:00:00-05:00,155.1999969482422,156.24000549316406,154.24000549316406,156.0800018310547,15563,0.0,0.0
2020-01-03 00:00:00-05:00,154.47999572753906,156.0,153.0399932861328,155.52000427246094,5900,0.0,0.0
2020-01-06 00:00:00-05:00,154.63999938964844,156.72000122070312,153.1999969482422,156.0800018310547,6000,0.0,0.0
2020-01-07 00:00:00-05:00,156.0,156.8000030517578,154.39999389648438,156.8000030517578,8588,0.0,0.0
2020-01-08 00:00:00-05:00,156.8000030517578,157.60000610351562,152.55999755859375,154.0800018310547,10850,0.0,0.0
2020-01-09 00:00:00-05:00,154.55999755859375,156.63999938964844,151.9199981689453,155.52000427246094,11138,0.0,0.0
2020-01-10 00:00:00-05:00,156.32000732421875,156.8000030517578,154.8800048828125,155.36000061035156,8325,0.0,0.0
2020-01-13 00:00:00-05:00,154.9600067138672,156.32000732421875,152.8800048828125,155.1199951171875,6900,0.0,0.0
2020-01-14 00:00:00-05:00,154.8800048828125,155.27999877929688,152.24000549316406,152.32000732421875,5100,0.0,0.0
2020-01-15 00:00:00-05:00,152.39999389648438,154.8000030517578,150.72000122070312,153.52000427246094,10100,0.0,0.0
2020-01-16 00:00:00-05:00,153.67999267578125,156.32000732421875,152.55999755859375,155.36000061035156,5913,0.0,0.0
2020-01-17 00:00:00-05:00,156.39999389648438,156.8000030517578,154.72000122070312,155.36000061035156,8113,0.0,0.0
2020-01-21 00:00:00-05:00,155.9199981689453,156.8000030517578,153.1999969482422,155.27999877929688,11975,0.0,0.0
2020-01-22 00:00:00-05:00,155.1199951171875,155.1999969482422,151.1199951171875,153.9199981689453,6913,0.0,0.0
2020-01-23 00:00:00-05:00,153.67999267578125,156.39999389648438,152.32000732421875,155.44000244140625,4375,0.0,0.0
2020-01-24 00:00:00-05:00,155.9199981689453,156.32000732421875,154.0,155.1999969482422,6488,0.0,0.0
2020-01-27 00:00:00-05:00,152.63999938964844,154.32000732421875,152.0,152.8800048828125,6163,0.0,0.0
2020-01-28 00:00:00-05:00,153.44000244140625,153.83999633789062,148.24000549316406,151.1199951171875,6438,0.0,0.0
2020-01-29 00:00:00-05:00,151.52000427246094,152.16000366210938,144.39999389648438,145.1199951171875,8363,0.0,0.0
2020-01-30 00:00:00-05:00,144.0800018310547,144.16000366210938,135.1199951171875,137.67999267578125,22900,0.0,0.0
2020-01-31 00:00:00-05:00,141.27999877929688,150.47999572753906,135.83999633789062,148.8000030517578,21188,0.0,0.0
2020-02-03 00:00:00-05:00,149.52000427246094,156.0,149.52000427246094,155.1999969482422,9975,0.0,0.0
2020-02-04 00:00:00-05:00,156.0,156.0,150.0800018310547,151.0399932861328,8525,0.0,0.0
2020-02-05 00:00:00-05:00,151.44000244140625,155.27999877929688,150.63999938964844,155.0399932861328,6125,0.0,0.0
2020-02-06 00:00:00-05:00,154.63999938964844,156.0800018310547,154.63999938964844,155.0399932861328,8125,0.0,0.0
2020-02-07 00:00:00-05:00,154.8000030517578,157.1999969482422,153.60000610351562,155.52000427246094,10513,0.0,0.0
2020-02-10 00:00:00-05:00,155.9199981689453,156.8000030517578,154.8800048828125,156.39999389648438,6150,0.0,0.0
2020-02-11 00:00:00-05:00,156.55999755859375,156.8000030517578,154.24000549316406,156.63999938964844,5450,0.0,0.0
2020-02-12 00:00:00-05:00,156.8000030517578,157.60000610351562,155.9199981689453,156.8000030517578,7925,0.0,0.0
2020-02-13 00:00:00-05:00,156.63999938964844,157.60000610351562,156.24000549316406,156.9600067138672,3363,0.0,0.0
2020-02-14 00:00:00-05:00,157.27999877929688,158.9600067138672,157.27999877929688,157.60000610351562,8750,0.0,0.0
2020-02-18 00:00:00-05:00,157.75999450683594,158.39999389648438,155.60000610351562,157.9199981689453,5000,0.0,0.0
2020-02-19 00:00:00-05:00,158.0,158.24000549316406,155.44000244140625,157.27999877929688,3925,0.0,0.0
2020-02-20 00:00:00-05:00,157.27999877929688,158.39999389648438,156.0800018310547,157.67999267578125,5200,0.0,0.0
2020-02-21 00:00:00-05:00,157.67999267578125,157.67999267578125,154.32000732421875,155.27999877929688,5663,0.0,0.0
2020-02-24 00:00:00-05:00,151.60000610351562,152.55999755859375,144.0800018310547,151.36000061035156,7925,0.0,0.0
2020-02-25 00:00:00-05:00,151.27999877929688,151.27999877929688,146.0800018310547,146.8800048828125,9313,0.0,0.0
2020-02-26 00:00:00-05:00,148.39999389648438,150.39999389648438,142.32000732421875,142.63999938964844,5375,0.0,0.0
2020-02-27 00:00:00-05:00,140.8000030517578,143.0399932861328,132.0800018310547,132.55999755859375,10138,0.0,0.0
2020-02-28 00:00:00-05:00,128.8800048828125,131.60000610351562,126.16000366210938,127.12000274658203,15488,0.0,0.0
2020-03-02 00:00:00-05:00,127.19999694824219,131.44000244140625,121.91999816894531,129.67999267578125,11925,0.0,0.0
2020-03-03 00:00:00-05:00,129.67999267578125,131.0399932861328,125.83999633789062,127.44000244140625,8988,0.0,0.0
2020-03-04 00:00:00-05:00,129.36000061035156,138.63999938964844,124.16000366210938,125.19999694824219,9213,0.0,0.0
2020-03-05 00:00:00-05:00,124.31999969482422,125.12000274658203,112.63999938964844,116.16000366210938,19850,0.0,0.0
2020-03-06 00:00:00-05:00,112.08000183105469,112.72000122070312,77.27999877929688,84.0,46725,0.0,0.0
2020-03-09 00:00:00-04:00,77.83999633789062,80.23999786376953,64.55999755859375,65.83999633789062,35263,0.0,0.0
2020-03-10 00:00:00-04:00,66.31999969482422,74.87999725341797,64.63999938964844,68.16000366210938,26650,0.0,0.0
2020-03-11 00:00:00-04:00,65.76000213623047,65.76000213623047,59.439998626708984,60.15999984741211,17175,0.0,0.0
2020-03-12 00:00:00-04:00,55.36000061035156,63.68000030517578,50.79999923706055,63.599998474121094,35763,0.0,0.0
2020-03-13 00:00:00-04:00,68.72000122070312,74.95999908447266,65.19999694824219,73.27999877929688,23963,0.0,0.0
2020-03-16 00:00:00-04:00,66.55999755859375,70.63999938964844,59.68000030517578,69.68000030517578,26375,0.0,0.0
2020-03-17 00:00:00-04:00,71.04000091552734,81.5199966430664,69.27999877929688,76.23999786376953,18000,0.0,0.0
2020-03-18 00:00:00-04:00,72.95999908447266,72.95999908447266,61.91999816894531,64.08000183105469,28413,0.0,0.0
2020-03-19 00:00:00-04:00,63.91999816894531,73.27999877929688,62.08000183105469,72.23999786376953,28913,0.0,0.0
2020-03-20 00:00:00-04:00,71.68000030517578,74.72000122070312,60.400001525878906,65.5999984741211,72550,0.0,0.0
2020-03-23 00:00:00-04:00,66.08000183105469,66.08000183105469,58.560001373291016,60.2400016784668,20500,0.0,0.0
2020-03-24 00:00:00-04:00,62.2400016784668,66.55999755859375,56.63999938964844,56.880001068115234,17475,0.0,0.0
2020-03-25 00:00:00-04:00,57.36000061035156,65.36000061035156,54.15999984741211,56.2400016784668,20425,0.0,0.0
2020-03-26 00:00:00-04:00,56.31999969482422,63.68000030517578,56.31999969482422,63.599998474121094,13200,0.0,0.0
2020-03-27 00:00:00-04:00,61.84000015258789,64.31999969482422,60.15999984741211,61.599998474121094,10363,0.0,0.0
2020-03-30 00:00:00-04:00,61.279998779296875,61.91999816894531,55.119998931884766,61.91999816894531,14963,0.0,0.0
2020-03-31 00:00:00-04:00,62.2400016784668,64.4000015258789,60.31999969482422,61.36000061035156,6800,0.0,0.0
2020-04-01 00:00:00-04:00,58.2400016784668,59.84000015258789,52.400001525878906,52.47999954223633,11825,0.0,0.0
2020-04-02 00:00:00-04:00,52.79999923706055,58.720001220703125,52.15999984741211,52.79999923706055,21075,0.0,0.0
2020-04-03 00:00:00-04:00,53.84000015258789,57.91999816894531,51.68000030517578,55.7599983215332,21100,0.0,0.0
2020-04-06 00:00:00-04:00,58.400001525878906,61.279998779296875,53.68000030517578,54.880001068115234,15800,0.0,0.0
2020-04-07 00:00:00-04:00,59.119998931884766,63.599998474121094,54.400001525878906,58.2400016784668,30113,0.0,0.0
2020-04-08 00:00:00-04:00,59.040000915527344,63.36000061035156,59.040000915527344,62.880001068115234,19225,0.0,0.0
2020-04-09 00:00:00-04:00,64.80000305175781,70.87999725341797,62.400001525878906,65.5999984741211,20100,0.0,0.0
2020-04-13 00:00:00-04:00,65.68000030517578,65.68000030517578,58.2400016784668,58.2400016784668,11175,0.0,0.0
2020-04-14 00:00:00-04:00,58.63999938964844,60.47999954223633,54.79999923706055,55.040000915527344,9850,0.0,0.0
2020-04-15 00:00:00-04:00,54.720001220703125,54.720001220703125,49.040000915527344,52.720001220703125,20650,0.0,0.0
2020-04-16 00:00:00-04:00,52.560001373291016,54.08000183105469,48.0,52.560001373291016,16663,0.0,0.0
2020-04-17 00:00:00-04:00,53.599998474121094,57.119998931884766,52.2400016784668,55.36000061035156,10088,0.0,0.0
2020-04-20 00:00:00-04:00,54.15999984741211,55.68000030517578,52.0,52.2400016784668,8838,0.0,0.0
2020-04-21 00:00:00-04:00,50.2400016784668,52.560001373291016,49.279998779296875,50.79999923706055,10525,0.0,0.0
2020-04-22 00:00:00-04:00,51.119998931884766,52.400001525878906,48.0,50.47999954223633,13963,0.0,0.0
2020-04-23 00:00:00-04:00,50.720001220703125,54.2400016784668,49.91999816894531,52.15999984741211,17450,0.0,0.0
2020-04-24 00:00:00-04:00,52.15999984741211,54.880001068115234,50.0,54.0,8713,0.0,0.0
2020-04-27 00:00:00-04:00,53.439998626708984,56.63999938964844,52.720001220703125,55.36000061035156,13888,0.0,0.0
2020-04-28 00:00:00-04:00,55.91999816894531,60.400001525878906,55.91999816894531,59.279998779296875,19925,0.0,0.0
2020-04-29 00:00:00-04:00,62.08000183105469,66.0,60.79999923706055,64.16000366210938,21725,0.0,0.0
2020-04-30 00:00:00-04:00,67.36000061035156,68.0,59.7599983215332,66.80000305175781,17025,0.0,0.0
2020-05-01 00:00:00-04:00,65.5999984741211,66.72000122070312,63.040000915527344,64.0,7050,0.0,0.0
2020-05-04 00:00:00-04:00,62.560001373291016,65.68000030517578,57.68000030517578,59.91999816894531,15475,0.0,0.0
2020-05-05 00:00:00-04:00,61.36000061035156,62.720001220703125,55.439998626708984,56.47999954223633,9900,0.0,0.0
2020-05-06 00:00:00-04:00,56.47999954223633,57.84000015258789,52.2400016784668,55.84000015258789,16850,0.0,0.0
2020-05-07 00:00:00-04:00,57.279998779296875,58.15999984741211,53.68000030517578,56.959999084472656,19875,0.0,0.0
2020-05-08 00:00:00-04:00,58.720001220703125,68.80000305175781,58.720001220703125,68.4000015258789,13263,0.0,0.0
2020-05-11 00:00:00-04:00,68.4800033569336,70.87999725341797,64.80000305175781,69.5999984741211,11663,0.0,0.0
2020-05-12 00:00:00-04:00,70.23999786376953,72.0,64.4800033569336,65.27999877929688,18100,0.0,0.0
2020-05-13 00:00:00-04:00,64.16000366210938,66.55999755859375,60.2400016784668,66.08000183105469,16288,0.0,0.0
2020-05-14 00:00:00-04:00,65.04000091552734,66.16000366210938,60.63999938964844,65.36000061035156,9475,0.0,0.0
2020-05-15 00:00:00-04:00,65.36000061035156,67.19999694824219,63.119998931884766,66.4800033569336,14500,0.0,0.0
2020-05-18 00:00:00-04:00,69.19999694824219,70.87999725341797,67.12000274658203,68.87999725341797,9288,0.0,0.0
2020-05-19 00:00:00-04:00,68.80000305175781,71.19999694824219,67.04000091552734,68.31999969482422,7525,0.0,0.0
2020-05-20 00:00:00-04:00,69.91999816894531,80.4800033569336,69.68000030517578,79.5999984741211,13475,0.0,0.0
2020-05-21 00:00:00-04:00,80.80000305175781,87.36000061035156,79.83999633789062,86.55999755859375,23938,0.0,0.0
2020-05-22 00:00:00-04:00,92.16000366210938,102.0,91.19999694824219,99.36000061035156,31850,0.0,0.0
2020-05-26 00:00:00-04:00,116.31999969482422,125.68000030517578,107.76000213623047,123.27999877929688,86238,0.0,0.0
2020-05-27 00:00:00-04:00,125.76000213623047,134.55999755859375,110.4800033569336,125.36000061035156,50888,0.0,0.0
2020-05-28 00:00:00-04:00,131.60000610351562,134.39999389648438,125.12000274658203,125.36000061035156,38450,0.0,0.0
2020-05-29 00:00:00-04:00,125.36000061035156,125.36000061035156,112.08000183105469,113.83999633789062,53975,0.0,0.0
2020-06-01 00:00:00-04:00,114.16000366210938,122.80000305175781,113.83999633789062,119.04000091552734,20963,0.0,0.0
2020-06-02 00:00:00-04:00,120.0,124.55999755859375,118.95999908447266,120.4800033569336,17750,0.0,0.0
2020-06-03 00:00:00-04:00,122.4800033569336,130.55999755859375,121.12000274658203,127.12000274658203,24413,0.0,0.0
2020-06-04 00:00:00-04:00,127.12000274658203,129.60000610351562,112.08000183105469,116.4800033569336,30075,0.0,0.0
2020-06-05 00:00:00-04:00,118.72000122070312,127.5999984741211,116.55999755859375,125.91999816894531,23225,0.0,0.0
2020-06-08 00:00:00-04:00,125.5999984741211,127.68000030517578,116.23999786376953,119.12000274658203,28963,0.0,0.0
2020-06-09 00:00:00-04:00,116.4000015258789,121.36000061035156,112.87999725341797,119.04000091552734,20200,0.0,0.0
2020-06-10 00:00:00-04:00,118.4800033569336,119.04000091552734,110.72000122070312,111.04000091552734,22013,0.0,0.0
2020-06-11 00:00:00-04:00,105.04000091552734,107.36000061035156,93.5999984741211,93.91999816894531,21050,0.0,0.0
2020-06-12 00:00:00-04:00,104.31999969482422,104.31999969482422,92.31999969482422,97.19999694824219,23400,0.0,0.0
2020-06-15 00:00:00-04:00,95.76000213623047,100.63999938964844,89.36000061035156,97.91999816894531,21088,0.0,0.0
2020-06-16 00:00:00-04:00,103.12000274658203,106.95999908447266,98.55999755859375,102.4800033569336,16275,0.0,0.0
2020-06-17 00:00:00-04:00,102.63999938964844,102.63999938964844,96.55999755859375,99.36000061035156,12563,0.0,0.0
2020-06-18 00:00:00-04:00,98.23999786376953,100.4800033569336,92.16000366210938,93.36000061035156,12900,0.0,0.0
2020-06-19 00:00:00-04:00,94.55999755859375,96.23999786376953,90.95999908447266,93.5999984741211,19150,0.0,0.0
2020-06-22 00:00:00-04:00,93.36000061035156,106.23999786376953,92.0,105.5999984741211,20650,0.0,0.0
2020-06-23 00:00:00-04:00,110.0,113.19999694824219,99.12000274658203,102.0,22063,0.0,0.0
2020-06-24 00:00:00-04:00,99.91999816894531,102.23999786376953,96.4800033569336,100.87999725341797,16350,0.0,0.0
2020-06-25 00:00:00-04:00,99.5999984741211,107.36000061035156,96.4800033569336,107.36000061035156,16838,0.0,0.0
2020-06-26 00:00:00-04:00,105.68000030517578,120.72000122070312,104.31999969482422,120.63999938964844,46675,0.0,0.0
2020-06-29 00:00:00-04:00,121.76000213623047,121.91999816894531,113.68000030517578,118.63999938964844,16150,0.0,0.0
2020-06-30 00:00:00-04:00,118.0,122.16000366210938,116.31999969482422,117.91999816894531,11600,0.0,0.0
2020-07-01 00:00:00-04:00,117.91999816894531,122.4000015258789,113.83999633789062,116.87999725341797,13050,0.0,0.0
2020-07-02 00:00:00-04:00,119.27999877929688,119.91999816894531,112.08000183105469,116.31999969482422,14338,0.0,0.0
2020-07-06 00:00:00-04:00,118.55999755859375,121.5999984741211,115.36000061035156,118.72000122070312,13200,0.0,0.0
2020-07-07 00:00:00-04:00,117.27999877929688,117.27999877929688,111.36000061035156,114.31999969482422,15888,0.0,0.0
2020-07-08 00:00:00-04:00,113.5999984741211,115.91999816894531,108.72000122070312,110.95999908447266,16300,0.0,0.0
2020-07-09 00:00:00-04:00,110.4000015258789,111.19999694824219,97.04000091552734,99.04000091552734,13038,0.0,0.0
2020-07-10 00:00:00-04:00,99.19999694824219,104.16000366210938,94.55999755859375,99.19999694824219,12838,0.0,0.0
2020-07-13 00:00:00-04:00,99.44000244140625,100.4000015258789,88.08000183105469,93.27999877929688,27088,0.0,0.0
2020-07-14 00:00:00-04:00,93.27999877929688,95.91999816894531,89.76000213623047,91.19999694824219,7963,0.0,0.0
2020-07-15 00:00:00-04:00,92.87999725341797,97.5199966430664,92.87999725341797,96.87999725341797,10525,0.0,0.0
2020-07-16 00:00:00-04:00,96.16000366210938,96.16000366210938,92.0,94.55999755859375,8650,0.0,0.0
2020-07-17 00:00:00-04:00,94.31999969482422,100.72000122070312,92.63999938964844,99.5999984741211,7875,0.0,0.0
2020-07-20 00:00:00-04:00,99.12000274658203,100.63999938964844,95.36000061035156,100.16000366210938,7675,0.0,0.0
2020-07-21 00:00:00-04:00,101.76000213623047,104.80000305175781,98.4000015258789,104.4000015258789,10388,0.0,0.0
2020-07-22 00:00:00-04:00,103.27999877929688,112.16000366210938,103.27999877929688,110.16000366210938,10713,0.0,0.0
2020-07-23 00:00:00-04:00,110.16000366210938,112.80000305175781,107.19999694824219,108.4800033569336,9050,0.0,0.0
2020-07-24 00:00:00-04:00,107.5199966430664,108.4000015258789,100.55999755859375,107.12000274658203,7350,0.0,0.0
2020-07-27 00:00:00-04:00,107.76000213623047,111.68000030517578,106.0,110.80000305175781,11075,0.0,0.0
2020-07-28 00:00:00-04:00,110.4000015258789,112.55999755859375,107.83999633789062,112.23999786376953,8263,0.0,0.0
2020-07-29 00:00:00-04:00,112.16000366210938,119.76000213623047,112.16000366210938,118.55999755859375,11650,0.0,0.0
2020-07-30 00:00:00-04:00,117.12000274658203,118.0,110.23999786376953,113.27999877929688,7650,0.0,0.0
2020-07-31 00:00:00-04:00,113.04000091552734,113.76000213623047,106.16000366210938,107.44000244140625,5888,0.0,0.0
2020-08-03 00:00:00-04:00,107.68000030517578,110.23999786376953,106.55999755859375,109.5199966430664,4375,0.0,0.0
2020-08-04 00:00:00-04:00,109.19999694824219,109.36000061035156,103.12000274658203,104.0,11100,0.0,0.0
2020-08-05 00:00:00-04:00,105.68000030517578,112.72000122070312,104.0,112.63999938964844,9900,0.0,0.0
2020-08-06 00:00:00-04:00,104.08000183105469,105.19999694824219,78.0,78.31999969482422,77788,0.0,0.0
2020-08-07 00:00:00-04:00,78.63999938964844,82.16000366210938,73.68000030517578,74.23999786376953,30350,0.0,0.0
2020-08-10 00:00:00-04:00,73.68000030517578,74.72000122070312,68.63999938964844,70.08000183105469,35463,0.0,0.0
2020-08-11 00:00:00-04:00,70.0,75.19999694824219,70.0,72.0,18575,0.0,0.0
2020-08-12 00:00:00-04:00,72.23999786376953,73.04000091552734,68.08000183105469,68.72000122070312,15888,0.0,0.0
2020-08-13 00:00:00-04:00,68.63999938964844,71.91999816894531,67.04000091552734,67.44000244140625,18875,0.0,0.0
2020-08-14 00:00:00-04:00,69.36000061035156,79.12000274658203,65.68000030517578,78.80000305175781,67975,0.0,0.0
2020-08-17 00:00:00-04:00,78.80000305175781,83.12000274658203,78.55999755859375,81.27999877929688,19913,0.0,0.0
2020-08-18 00:00:00-04:00,80.80000305175781,80.80000305175781,74.0,76.31999969482422,14013,0.0,0.0
2020-08-19 00:00:00-04:00,78.23999786376953,81.44000244140625,77.04000091552734,78.95999908447266,10463,0.0,0.0
2020-08-20 00:00:00-04:00,78.0,82.31999969482422,78.0,81.44000244140625,9100,0.0,0.0
2020-08-21 00:00:00-04:00,81.36000061035156,82.16000366210938,78.63999938964844,80.4000015258789,8438,0.0,0.0
2020-08-24 00:00:00-04:00,79.91999816894531,80.95999908447266,77.5999984741211,79.44000244140625,8700,0.0,0.0
2020-08-25 00:00:00-04:00,80.72000122070312,81.83999633789062,79.12000274658203,81.04000091552734,7300,0.0,0.0
2020-08-26 00:00:00-04:00,81.68000030517578,83.5199966430664,80.4000015258789,82.87999725341797,7288,0.0,0.0
2020-08-27 00:00:00-04:00,83.36000061035156,85.12000274658203,82.0,84.16000366210938,6925,0.0,0.0
2020-08-28 00:00:00-04:00,84.63999938964844,86.16000366210938,82.95999908447266,84.80000305175781,9313,0.0,0.0
2020-08-31 00:00:00-04:00,84.87999725341797,94.0,84.31999969482422,90.16000366210938,21975,0.0,0.0
2020-09-01 00:00:00-04:00,90.55999755859375,92.63999938964844,89.19999694824219,92.08000183105469,8375,0.0,0.0
2020-09-02 00:00:00-04:00,93.19999694824219,95.12000274658203,88.08000183105469,91.12000274658203,10913,0.0,0.0
2020-09-03 00:00:00-04:00,91.68000030517578,92.95999908447266,83.68000030517578,84.80000305175781,11988,0.0,0.0
2020-09-04 00:00:00-04:00,86.4800033569336,87.36000061035156,81.5999984741211,85.5999984741211,8613,0.0,0.0
2020-09-08 00:00:00-04:00,87.68000030517578,99.91999816894531,85.76000213623047,96.4000015258789,24075,0.0,0.0
2020-09-09 00:00:00-04:00,101.91999816894531,112.0,97.27999877929688,109.76000213623047,32325,0.0,0.0
2020-09-10 00:00:00-04:00,110.4800033569336,114.0,100.80000305175781,104.55999755859375,24913,0.0,0.0
2020-09-11 00:00:00-04:00,106.31999969482422,109.27999877929688,97.5199966430664,100.72000122070312,10963,0.0,0.0
2020-09-14 00:00:00-04:00,103.27999877929688,109.36000061035156,100.72000122070312,106.80000305175781,12200,0.0,0.0
2020-09-15 00:00:00-04:00,107.91999816894531,114.16000366210938,107.83999633789062,109.76000213623047,10563,0.0,0.0
2020-09-16 00:00:00-04:00,110.0,111.27999877929688,108.31999969482422,110.4800033569336,9688,0.0,0.0
2020-09-17 00:00:00-04:00,110.08000183105469,111.76000213623047,104.72000122070312,106.23999786376953,8050,0.0,0.0
2020-09-18 00:00:00-04:00,105.83999633789062,110.0,105.83999633789062,108.08000183105469,10763,0.0,0.0
2020-09-21 00:00:00-04:00,106.0,106.0,100.80000305175781,105.76000213623047,12025,0.0,0.0
2020-09-22 00:00:00-04:00,107.36000061035156,109.19999694824219,102.23999786376953,104.72000122070312,13650,0.0,0.0
2020-09-23 00:00:00-04:00,104.31999969482422,109.76000213623047,103.44000244140625,106.72000122070312,19313,0.0,0.0
2020-09-24 00:00:00-04:00,106.4000015258789,106.4000015258789,98.4000015258789,98.4000015258789,15988,0.0,0.0
2020-09-25 00:00:00-04:00,98.55999755859375,99.44000244140625,95.04000091552734,96.16000366210938,8463,0.0,0.0
2020-09-28 00:00:00-04:00,97.44000244140625,108.55999755859375,97.44000244140625,100.08000183105469,15138,0.0,0.0
2020-09-29 00:00:00-04:00,99.76000213623047,107.5999984741211,98.31999969482422,104.80000305175781,11988,0.0,0.0
2020-09-30 00:00:00-04:00,104.80000305175781,106.55999755859375,100.16000366210938,101.36000061035156,5725,0.0,0.0
2020-10-01 00:00:00-04:00,101.5199966430664,103.83999633789062,97.5199966430664,103.36000061035156,5750,0.0,0.0
2020-10-02 00:00:00-04:00,100.63999938964844,105.5999984741211,96.95999908447266,105.12000274658203,5250,0.0,0.0
2020-10-05 00:00:00-04:00,107.12000274658203,107.19999694824219,100.0,103.27999877929688,9525,0.0,0.0
2020-10-06 00:00:00-04:00,103.91999816894531,108.4000015258789,102.4800033569336,104.87999725341797,10413,0.0,0.0
2020-10-07 00:00:00-04:00,105.76000213623047,106.95999908447266,103.36000061035156,105.04000091552734,6813,0.0,0.0
2020-10-08 00:00:00-04:00,105.19999694824219,107.83999633789062,103.5999984741211,104.87999725341797,7650,0.0,0.0
2020-10-09 00:00:00-04:00,104.95999908447266,108.95999908447266,103.76000213623047,107.04000091552734,6000,0.0,0.0
2020-10-12 00:00:00-04:00,106.16000366210938,108.72000122070312,104.16000366210938,107.68000030517578,8263,0.0,0.0
2020-10-13 00:00:00-04:00,104.95999908447266,107.12000274658203,104.0,105.44000244140625,6550,0.0,0.0
2020-10-14 00:00:00-04:00,104.63999938964844,107.91999816894531,101.5999984741211,106.72000122070312,7275,0.0,0.0
2020-10-15 00:00:00-04:00,105.91999816894531,109.44000244140625,104.08000183105469,107.19999694824219,7738,0.0,0.0
2020-10-16 00:00:00-04:00,106.4800033569336,107.36000061035156,104.23999786376953,104.23999786376953,7450,0.0,0.0
2020-10-19 00:00:00-04:00,106.63999938964844,110.63999938964844,105.5199966430664,105.91999816894531,10913,0.0,0.0
2020-10-20 00:00:00-04:00,106.31999969482422,110.4000015258789,105.5199966430664,106.55999755859375,8750,0.0,0.0
2020-10-21 00:00:00-04:00,106.87999725341797,108.23999786376953,104.63999938964844,104.95999908447266,5063,0.0,0.0
2020-10-22 00:00:00-04:00,104.80000305175781,107.27999877929688,103.12000274658203,104.87999725341797,3900,0.0,0.0
2020-10-23 00:00:00-04:00,105.44000244140625,106.23999786376953,101.19999694824219,101.27999877929688,4963,0.0,0.0
2020-10-26 00:00:00-04:00,100.31999969482422,101.5999984741211,96.87999725341797,98.31999969482422,6850,0.0,0.0
2020-10-27 00:00:00-04:00,98.31999969482422,101.68000030517578,95.44000244140625,95.5999984741211,9538,0.0,0.0
2020-10-28 00:00:00-04:00,93.19999694824219,94.63999938964844,87.36000061035156,89.12000274658203,7975,0.0,0.0
2020-10-29 00:00:00-04:00,90.63999938964844,94.31999969482422,86.4800033569336,89.12000274658203,8138,0.0,0.0
2020-10-30 00:00:00-04:00,90.4000015258789,91.5199966430664,86.16000366210938,89.04000091552734,6225,0.0,0.0
2020-11-02 00:00:00-05:00,88.95999908447266,91.83999633789062,87.83999633789062,89.5999984741211,5025,0.0,0.0
2020-11-03 00:00:00-05:00,90.63999938964844,94.16000366210938,90.31999969482422,92.0,5550,0.0,0.0
2020-11-04 00:00:00-05:00,89.91999816894531,91.5999984741211,87.04000091552734,88.87999725341797,4788,0.0,0.0
2020-11-05 00:00:00-05:00,89.76000213623047,92.95999908447266,89.5999984741211,90.4800033569336,7113,0.0,0.0
2020-11-06 00:00:00-05:00,90.87999725341797,91.04000091552734,86.87999725341797,88.4000015258789,4163,0.0,0.0
2020-11-09 00:00:00-05:00,92.80000305175781,102.08000183105469,92.55999755859375,95.83999633789062,11938,0.0,0.0
2020-11-10 00:00:00-05:00,98.16000366210938,102.95999908447266,97.36000061035156,99.83999633789062,4838,0.0,0.0
2020-11-11 00:00:00-05:00,101.04000091552734,101.27999877929688,96.4800033569336,98.80000305175781,3825,0.0,0.0
2020-11-12 00:00:00-05:00,98.0,98.0,89.19999694824219,91.36000061035156,6250,0.0,0.0
2020-11-13 00:00:00-05:00,94.08000183105469,94.95999908447266,90.4800033569336,93.27999877929688,4638,0.0,0.0
2020-11-16 00:00:00-05:00,95.83999633789062,101.83999633789062,95.83999633789062,101.44000244140625,4300,0.0,0.0
2020-11-17 00:00:00-05:00,97.76000213623047,102.80000305175781,96.4000015258789,102.31999969482422,4763,0.0,0.0
2020-11-18 00:00:00-05:00,101.68000030517578,105.27999877929688,99.5999984741211,100.4800033569336,4500,0.0,0.0
2020-11-19 00:00:00-05:00,99.36000061035156,102.72000122070312,96.31999969482422,101.91999816894531,3200,0.0,0.0
2020-11-20 00:00:00-05:00,100.55999755859375,104.0,99.44000244140625,102.95999908447266,2700,0.0,0.0
2020-11-23 00:00:00-05:00,104.4000015258789,104.4000015258789,97.76000213623047,101.68000030517578,8375,0.0,0.0
2020-11-24 00:00:00-05:00,101.76000213623047,107.36000061035156,101.5999984741211,106.55999755859375,6813,0.0,0.0
2020-11-25 00:00:00-05:00,105.5999984741211,111.5999984741211,101.83999633789062,108.55999755859375,6800,0.0,0.0
2020-11-27 00:00:00-05:00,107.04000091552734,108.80000305175781,101.27999877929688,104.4000015258789,5050,0.0,0.0
2020-11-30 00:00:00-05:00,104.0,106.80000305175781,101.27999877929688,105.44000244140625,4688,0.0,0.0
2020-12-01 00:00:00-05:00,106.4000015258789,111.19999694824219,103.19999694824219,104.0,8250,0.0,0.0
2020-12-02 00:00:00-05:00,102.31999969482422,106.80000305175781,101.83999633789062,105.44000244140625,2988,0.0,0.0
2020-12-03 00:00:00-05:00,105.44000244140625,105.91999816894531,103.19999694824219,103.5999984741211,3263,0.0,0.0
2020-12-04 00:00:00-05:00,104.87999725341797,105.12000274658203,103.04000091552734,105.04000091552734,3538,0.0,0.0
2020-12-07 00:00:00-05:00,104.31999969482422,106.08000183105469,102.63999938964844,105.5999984741211,3688,0.0,0.0
2020-12-08 00:00:00-05:00,104.08000183105469,109.04000091552734,103.76000213623047,108.63999938964844,3713,0.0,0.0
2020-12-09 00:00:00-05:00,107.04000091552734,111.5999984741211,106.95999908447266,111.5999984741211,6988,0.0,0.0
2020-12-10 00:00:00-05:00,110.80000305175781,115.76000213623047,108.95999908447266,115.04000091552734,10000,0.0,0.0
2020-12-11 00:00:00-05:00,114.72000122070312,115.91999816894531,106.95999908447266,110.16000366210938,9125,0.0,0.0
2020-12-14 00:00:00-05:00,111.27999877929688,113.91999816894531,108.72000122070312,110.0,4038,0.0,0.0
2020-12-15 00:00:00-05:00,109.5999984741211,113.83999633789062,108.80000305175781,112.55999755859375,4738,0.0,0.0
2020-12-16 00:00:00-05:00,112.0,116.08000183105469,110.4800033569336,111.36000061035156,6813,0.0,0.0
2020-12-17 00:00:00-05:00,111.5999984741211,117.91999816894531,111.36000061035156,117.04000091552734,7563,0.0,0.0
2020-12-18 00:00:00-05:00,118.08000183105469,118.08000183105469,110.0,111.19999694824219,11738,0.0,0.0
2020-12-21 00:00:00-05:00,111.27999877929688,111.91999816894531,106.08000183105469,109.04000091552734,5613,0.0,0.0
2020-12-22 00:00:00-05:00,111.91999816894531,111.91999816894531,107.68000030517578,108.63999938964844,5675,0.0,0.0
2020-12-23 00:00:00-05:00,108.31999969482422,108.72000122070312,105.91999816894531,108.31999969482422,5775,0.0,0.0
2020-12-24 00:00:00-05:00,106.72000122070312,109.12000274658203,105.83999633789062,108.08000183105469,2463,0.0,0.0
2020-12-28 00:00:00-05:00,107.12000274658203,108.80000305175781,105.04000091552734,105.27999877929688,6388,0.0,0.0
2020-12-29 00:00:00-05:00,105.5999984741211,108.16000366210938,104.0,106.23999786376953,7513,0.0,0.0
2020-12-30 00:00:00-05:00,105.5199966430664,106.72000122070312,103.36000061035156,104.95999908447266,9050,0.0,0.0
2020-12-31 00:00:00-05:00,104.4000015258789,104.4000015258789,97.76000213623047,103.04000091552734,7538,0.0,0.0
2021-01-04 00:00:00-05:00,103.12000274658203,105.27999877929688,98.4000015258789,98.72000122070312,3763,0.0,0.0
2021-01-05 00:00:00-05:00,99.44000244140625,100.87999725341797,96.72000122070312,96.72000122070312,5125,0.0,0.0
2021-01-06 00:00:00-05:00,98.63999938964844,102.63999938964844,96.80000305175781,100.0,5050,0.0,0.0
2021-01-07 00:00:00-05:00,100.80000305175781,101.27999877929688,97.19999694824219,98.16000366210938,3650,0.0,0.0
2021-01-08 00:00:00-05:00,103.27999877929688,103.27999877929688,96.87999725341797,98.08000183105469,3513,0.0,0.0
2021-01-11 00:00:00-05:00,99.04000091552734,100.0,95.04000091552734,95.68000030517578,4775,0.0,0.0
2021-01-12 00:00:00-05:00,95.5999984741211,98.23999786376953,95.5199966430664,97.19999694824219,3025,0.0,0.0
2021-01-13 00:00:00-05:00,96.55999755859375,98.72000122070312,94.4800033569336,97.44000244140625,3275,0.0,0.0
2021-01-14 00:00:00-05:00,96.87999725341797,100.4000015258789,96.87999725341797,98.55999755859375,5150,0.0,0.0
2021-01-15 00:00:00-05:00,96.72000122070312,97.76000213623047,95.68000030517578,97.76000213623047,3450,0.0,0.0
2021-01-19 00:00:00-05:00,97.83999633789062,98.23999786376953,92.0,92.72000122070312,7188,0.0,0.0
2021-01-20 00:00:00-05:00,92.31999969482422,95.04000091552734,91.19999694824219,93.91999816894531,5163,0.0,0.0
2021-01-21 00:00:00-05:00,93.12000274658203,93.12000274658203,88.0,89.12000274658203,7750,0.0,0.0
2021-01-22 00:00:00-05:00,92.80000305175781,92.80000305175781,84.4800033569336,89.36000061035156,8613,0.0,0.0
2021-01-25 00:00:00-05:00,88.72000122070312,91.19999694824219,86.4000015258789,89.27999877929688,4700,0.0,0.0
2021-01-26 00:00:00-05:00,89.44000244140625,89.91999816894531,86.63999938964844,88.31999969482422,5425,0.0,0.0
2021-01-27 00:00:00-05:00,87.04000091552734,87.83999633789062,84.08000183105469,85.12000274658203,7925,0.0,0.0
2021-01-28 00:00:00-05:00,84.80000305175781,86.23999786376953,82.0,84.31999969482422,7600,0.0,0.0
2021-01-29 00:00:00-05:00,84.55999755859375,85.04000091552734,80.16000366210938,81.04000091552734,7213,0.0,0.0
2021-02-01 00:00:00-05:00,82.87999725341797,84.0,80.4000015258789,83.5999984741211,4588,0.0,0.0
2021-02-02 00:00:00-05:00,85.04000091552734,86.0,82.87999725341797,84.31999969482422,4800,0.0,0.0
2021-02-03 00:00:00-05:00,84.16000366210938,89.04000091552734,83.76000213623047,88.08000183105469,6425,0.0,0.0
2021-02-04 00:00:00-05:00,88.87999725341797,94.55999755859375,88.4000015258789,94.16000366210938,6488,0.0,0.0
2021-02-05 00:00:00-05:00,94.72000122070312,95.76000213623047,90.4000015258789,90.80000305175781,3925,0.0,0.0
2021-02-08 00:00:00-05:00,89.91999816894531,92.0,87.83999633789062,89.44000244140625,6925,0.0,0.0
2021-02-09 00:00:00-05:00,88.55999755859375,88.95999908447266,86.16000366210938,87.68000030517578,3163,0.0,0.0
2021-02-10 00:00:00-05:00,87.91999816894531,89.76000213623047,82.63999938964844,85.12000274658203,10138,0.0,0.0
2021-02-11 00:00:00-05:00,85.83999633789062,89.91999816894531,84.4800033569336,87.44000244140625,4863,0.0,0.0
2021-02-12 00:00:00-05:00,88.08000183105469,88.87999725341797,85.5999984741211,86.55999755859375,3850,0.0,0.0
2021-02-16 00:00:00-05:00,86.55999755859375,88.4000015258789,85.5999984741211,87.5199966430664,4213,0.0,0.0
2021-02-17 00:00:00-05:00,86.80000305175781,88.4000015258789,84.95999908447266,84.95999908447266,4938,0.0,0.0
2021-02-18 00:00:00-05:00,85.5199966430664,85.5199966430664,82.55999755859375,82.95999908447266,4513,0.0,0.0
2021-02-19 00:00:00-05:00,82.95999908447266,86.0,82.55999755859375,84.16000366210938,4263,0.0,0.0
2021-02-22 00:00:00-05:00,83.04000091552734,86.80000305175781,82.80000305175781,85.91999816894531,3050,0.0,0.0
2021-02-23 00:00:00-05:00,83.91999816894531,84.55999755859375,81.44000244140625,83.36000061035156,4400,0.0,0.0
2021-02-24 00:00:00-05:00,83.04000091552734,86.31999969482422,82.80000305175781,84.4800033569336,3588,0.0,0.0
2021-02-25 00:00:00-05:00,84.16000366210938,85.5199966430664,82.0,82.63999938964844,4175,0.0,0.0
2021-02-26 00:00:00-05:00,82.55999755859375,82.55999755859375,80.4800033569336,81.36000061035156,4175,0.0,0.0
2021-03-01 00:00:00-05:00,83.44000244140625,83.76000213623047,80.95999908447266,81.5999984741211,4513,0.0,0.0
2021-03-02 00:00:00-05:00,82.95999908447266,84.16000366210938,81.27999877929688,81.91999816894531,5263,0.0,0.0
2021-03-03 00:00:00-05:00,84.08000183105469,84.72000122070312,80.80000305175781,81.5999984741211,4375,0.0,0.0
2021-03-04 00:00:00-05:00,84.0,84.0,73.91999816894531,75.04000091552734,10638,0.0,0.0
2021-03-05 00:00:00-05:00,75.68000030517578,76.23999786376953,72.4800033569336,75.76000213623047,8200,0.0,0.0
2021-03-08 00:00:00-05:00,77.36000061035156,79.83999633789062,75.19999694824219,76.87999725341797,4113,0.0,0.0
2021-03-09 00:00:00-05:00,77.19999694824219,77.68000030517578,72.23999786376953,72.80000305175781,9375,0.0,0.0
2021-03-10 00:00:00-05:00,73.12000274658203,74.63999938964844,71.5999984741211,72.80000305175781,6738,0.0,0.0
2021-03-11 00:00:00-05:00,72.80000305175781,76.23999786376953,70.31999969482422,73.19999694824219,9413,0.0,0.0
2021-03-12 00:00:00-05:00,73.36000061035156,75.44000244140625,72.0,72.4800033569336,6325,0.0,0.0
2021-03-15 00:00:00-04:00,72.95999908447266,74.08000183105469,70.31999969482422,73.19999694824219,17300,0.0,0.0
2021-03-16 00:00:00-04:00,73.36000061035156,74.87999725341797,70.72000122070312,71.76000213623047,10350,0.0,0.0
2021-03-17 00:00:00-04:00,70.95999908447266,71.5999984741211,70.08000183105469,70.4800033569336,7263,0.0,0.0
2021-03-18 00:00:00-04:00,70.4000015258789,70.80000305175781,68.08000183105469,68.4800033569336,6475,0.0,0.0
2021-03-19 00:00:00-04:00,68.80000305175781,70.87999725341797,68.16000366210938,70.16000366210938,11025,0.0,0.0
2021-03-22 00:00:00-04:00,70.23999786376953,70.55999755859375,67.5999984741211,69.5199966430664,9813,0.0,0.0
2021-03-23 00:00:00-04:00,68.80000305175781,70.4000015258789,67.19999694824219,68.63999938964844,11950,0.0,0.0
2021-03-24 00:00:00-04:00,68.95999908447266,70.08000183105469,67.76000213623047,69.27999877929688,7288,0.0,0.0
2021-03-25 00:00:00-04:00,68.08000183105469,70.0,66.87999725341797,69.12000274658203,6938,0.0,0.0
2021-03-26 00:00:00-04:00,69.68000030517578,71.68000030517578,68.95999908447266,70.80000305175781,5013,0.0,0.0
2021-03-29 00:00:00-04:00,70.87999725341797,72.4000015258789,69.5999984741211,71.44000244140625,10238,0.0,0.0
2021-03-30 00:00:00-04:00,72.23999786376953,73.76000213623047,71.04000091552734,73.5199966430664,7888,0.0,0.0
2021-03-31 00:00:00-04:00,73.5199966430664,74.4000015258789,71.27999877929688,73.5199966430664,14925,0.0,0.0
2021-04-01 00:00:00-04:00,73.27999877929688,74.4000015258789,70.63999938964844,72.4800033569336,5338,0.0,0.0
2021-04-05 00:00:00-04:00,73.04000091552734,74.31999969482422,71.91999816894531,72.16000366210938,5700,0.0,0.0
2021-04-06 00:00:00-04:00,71.76000213623047,72.72000122070312,71.36000061035156,71.76000213623047,3400,0.0,0.0
2021-04-07 00:00:00-04:00,71.5999984741211,72.80000305175781,70.4000015258789,70.95999908447266,6750,0.0,0.0
2021-04-08 00:00:00-04:00,71.68000030517578,72.4000015258789,69.83999633789062,71.5999984741211,9375,0.0,0.0
2021-04-09 00:00:00-04:00,71.5999984741211,72.0,70.0,71.5199966430664,6625,0.0,0.0
2021-04-12 00:00:00-04:00,72.0,72.0,69.19999694824219,69.5999984741211,5850,0.0,0.0
2021-04-13 00:00:00-04:00,69.36000061035156,69.36000061035156,65.76000213623047,66.08000183105469,7675,0.0,0.0
2021-04-14 00:00:00-04:00,65.83999633789062,66.0,61.7599983215332,61.91999816894531,8675,0.0,0.0
2021-04-15 00:00:00-04:00,63.119998931884766,65.68000030517578,61.119998931884766,65.19999694824219,9988,0.0,0.0
2021-04-16 00:00:00-04:00,65.19999694824219,65.19999694824219,60.63999938964844,60.880001068115234,8200,0.0,0.0
2021-04-19 00:00:00-04:00,61.040000915527344,61.040000915527344,56.400001525878906,60.15999984741211,17938,0.0,0.0
2021-04-20 00:00:00-04:00,59.599998474121094,60.400001525878906,54.15999984741211,54.400001525878906,19575,0.0,0.0
2021-04-21 00:00:00-04:00,54.2400016784668,55.68000030517578,51.119998931884766,51.279998779296875,19088,0.0,0.0
2021-04-22 00:00:00-04:00,51.68000030517578,56.0,50.79999923706055,52.31999969482422,19988,0.0,0.0
2021-04-23 00:00:00-04:00,53.040000915527344,53.279998779296875,50.400001525878906,52.2400016784668,9813,0.0,0.0
2021-04-26 00:00:00-04:00,52.880001068115234,53.20000076293945,51.20000076293945,51.52000045776367,7113,0.0,0.0
2021-04-27 00:00:00-04:00,51.91999816894531,52.63999938964844,50.2400016784668,50.79999923706055,8250,0.0,0.0
2021-04-28 00:00:00-04:00,50.560001373291016,54.400001525878906,49.84000015258789,54.2400016784668,19500,0.0,0.0
2021-04-29 00:00:00-04:00,53.91999816894531,57.599998474121094,52.0,53.52000045776367,9963,0.0,0.0
2021-04-30 00:00:00-04:00,52.720001220703125,53.68000030517578,50.400001525878906,50.400001525878906,10113,0.0,0.0
2021-05-03 00:00:00-04:00,50.720001220703125,51.119998931884766,50.08000183105469,51.119998931884766,7338,0.0,0.0
2021-05-04 00:00:00-04:00,50.63999938964844,51.279998779296875,46.720001220703125,46.79999923706055,17538,0.0,0.0
2021-05-05 00:00:00-04:00,47.599998474121094,63.84000015258789,44.880001068115234,57.68000030517578,332088,0.0,0.0
2021-05-06 00:00:00-04:00,57.52000045776367,58.0,53.20000076293945,54.79999923706055,45238,0.0,0.0
2021-05-07 00:00:00-04:00,55.7599983215332,55.91999816894531,50.47999954223633,53.439998626708984,34463,0.0,0.0
2021-05-10 00:00:00-04:00,52.560001373291016,53.119998931884766,47.52000045776367,47.91999816894531,29263,0.0,0.0
2021-05-11 00:00:00-04:00,48.47999954223633,53.119998931884766,46.79999923706055,50.31999969482422,22575,0.0,0.0
2021-05-12 00:00:00-04:00,49.52000045776367,52.400001525878906,49.279998779296875,50.880001068115234,32013,0.0,0.0
2021-05-13 00:00:00-04:00,50.79999923706055,52.79999923706055,49.279998779296875,50.0,16700,0.0,0.0
2021-05-14 00:00:00-04:00,50.2400016784668,51.52000045776367,48.0,48.47999954223633,14075,0.0,0.0
2021-05-17 00:00:00-04:00,48.63999938964844,50.560001373291016,48.560001373291016,50.400001525878906,7600,0.0,0.0
2021-05-18 00:00:00-04:00,50.2400016784668,54.720001220703125,50.15999984741211,53.040000915527344,11350,0.0,0.0
2021-05-19 00:00:00-04:00,52.560001373291016,59.20000076293945,52.560001373291016,57.36000061035156,28000,0.0,0.0
2021-05-20 00:00:00-04:00,56.959999084472656,60.31999969482422,52.400001525878906,53.7599983215332,14575,0.0,0.0
2021-05-21 00:00:00-04:00,54.560001373291016,55.20000076293945,52.79999923706055,54.47999954223633,8613,0.0,0.0
2021-05-24 00:00:00-04:00,54.720001220703125,55.36000061035156,50.959999084472656,51.68000030517578,24088,0.0,0.0
2021-05-25 00:00:00-04:00,51.279998779296875,53.439998626708984,51.279998779296875,52.2400016784668,11700,0.0,0.0
2021-05-26 00:00:00-04:00,52.08000183105469,56.15999984741211,52.08000183105469,55.36000061035156,15363,0.0,0.0
2021-05-27 00:00:00-04:00,54.79999923706055,55.36000061035156,52.08000183105469,52.2400016784668,50488,0.0,0.0
2021-05-28 00:00:00-04:00,52.79999923706055,55.040000915527344,52.47999954223633,54.63999938964844,18950,0.0,0.0
2021-06-01 00:00:00-04:00,55.439998626708984,59.439998626708984,54.720001220703125,58.880001068115234,16800,0.0,0.0
2021-06-02 00:00:00-04:00,59.20000076293945,62.720001220703125,58.79999923706055,60.31999969482422,14825,0.0,0.0
2021-06-03 00:00:00-04:00,61.040000915527344,61.119998931884766,55.52000045776367,56.0,23600,0.0,0.0
2021-06-04 00:00:00-04:00,57.040000915527344,59.91999816894531,56.0,56.400001525878906,10913,0.0,0.0
2021-06-07 00:00:00-04:00,56.880001068115234,57.84000015258789,54.63999938964844,54.79999923706055,8825,0.0,0.0
2021-06-08 00:00:00-04:00,56.560001373291016,56.560001373291016,53.439998626708984,54.560001373291016,11213,0.0,0.0
2021-06-09 00:00:00-04:00,54.400001525878906,54.880001068115234,53.119998931884766,53.52000045776367,12488,0.0,0.0
2021-06-10 00:00:00-04:00,54.63999938964844,59.119998931884766,54.15999984741211,58.0,13013,0.0,0.0
2021-06-11 00:00:00-04:00,57.439998626708984,58.880001068115234,56.560001373291016,57.119998931884766,8175,0.0,0.0
2021-06-14 00:00:00-04:00,56.79999923706055,63.68000030517578,56.79999923706055,59.439998626708984,36113,0.0,0.0
2021-06-15 00:00:00-04:00,60.0,61.040000915527344,56.400001525878906,57.20000076293945,12900,0.0,0.0
2021-06-16 00:00:00-04:00,57.119998931884766,58.2400016784668,55.36000061035156,57.91999816894531,18575,0.0,0.0
2021-06-17 00:00:00-04:00,58.31999969482422,59.20000076293945,55.7599983215332,57.040000915527344,8563,0.0,0.0
2021-06-18 00:00:00-04:00,56.79999923706055,57.7599983215332,55.52000045776367,56.2400016784668,13113,0.0,0.0
2021-06-21 00:00:00-04:00,57.119998931884766,57.279998779296875,54.63999938964844,55.84000015258789,15075,0.0,0.0
2021-06-22 00:00:00-04:00,56.0,56.0,50.880001068115234,52.79999923706055,24800,0.0,0.0
2021-06-23 00:00:00-04:00,55.279998779296875,55.279998779296875,51.36000061035156,51.91999816894531,15175,0.0,0.0
2021-06-24 00:00:00-04:00,55.68000030517578,63.040000915527344,51.040000915527344,62.15999984741211,70913,0.0,0.0
2021-06-25 00:00:00-04:00,63.279998779296875,76.31999969482422,62.79999923706055,72.08000183105469,151863,0.0,0.0
2021-06-28 00:00:00-04:00,78.08000183105469,85.19999694824219,74.16000366210938,84.16000366210938,94450,0.0,0.0
2021-06-29 00:00:00-04:00,83.19999694824219,84.87999725341797,74.4000015258789,74.4800033569336,60863,0.0,0.0
2021-06-30 00:00:00-04:00,74.4800033569336,78.31999969482422,70.4000015258789,71.12000274658203,34275,0.0,0.0
2021-07-01 00:00:00-04:00,70.4000015258789,72.4000015258789,66.4800033569336,67.68000030517578,34175,0.0,0.0
2021-07-02 00:00:00-04:00,68.31999969482422,69.12000274658203,64.87999725341797,68.55999755859375,23825,0.0,0.0
2021-07-06 00:00:00-04:00,68.63999938964844,69.68000030517578,65.5999984741211,65.83999633789062,20488,0.0,0.0
2021-07-07 00:00:00-04:00,65.83999633789062,69.27999877929688,64.72000122070312,68.72000122070312,21088,0.0,0.0
2021-07-08 00:00:00-04:00,68.08000183105469,70.80000305175781,65.5999984741211,69.19999694824219,14613,0.0,0.0
2021-07-09 00:00:00-04:00,69.12000274658203,76.31999969482422,69.12000274658203,76.08000183105469,19225,0.0,0.0
2021-07-12 00:00:00-04:00,76.63999938964844,77.68000030517578,72.23999786376953,72.72000122070312,13213,0.0,0.0
2021-07-13 00:00:00-04:00,72.4000015258789,74.31999969482422,65.5999984741211,66.0,15950,0.0,0.0
2021-07-14 00:00:00-04:00,66.0,66.0,61.599998474121094,62.63999938964844,21450,0.0,0.0
2021-07-15 00:00:00-04:00,62.720001220703125,64.4000015258789,61.84000015258789,63.91999816894531,15813,0.0,0.0
2021-07-16 00:00:00-04:00,64.0,65.19999694824219,61.7599983215332,62.400001525878906,12300,0.0,0.0
2021-07-19 00:00:00-04:00,62.15999984741211,62.15999984741211,56.0,60.08000183105469,22163,0.0,0.0
2021-07-20 00:00:00-04:00,60.560001373291016,66.55999755859375,60.560001373291016,65.91999816894531,11988,0.0,0.0
2021-07-21 00:00:00-04:00,66.63999938964844,67.36000061035156,64.08000183105469,66.0,6250,0.0,0.0
2021-07-22 00:00:00-04:00,65.5199966430664,66.0,63.279998779296875,64.72000122070312,7925,0.0,0.0
2021-07-23 00:00:00-04:00,64.63999938964844,65.27999877929688,63.20000076293945,64.0,16663,0.0,0.0
2021-07-26 00:00:00-04:00,64.0,68.87999725341797,63.84000015258789,68.55999755859375,12600,0.0,0.0
2021-07-27 00:00:00-04:00,67.68000030517578,68.4000015258789,65.83999633789062,66.0,7613,0.0,0.0
2021-07-28 00:00:00-04:00,66.72000122070312,68.80000305175781,66.0,66.80000305175781,8625,0.0,0.0
2021-07-29 00:00:00-04:00,64.08000183105469,71.27999877929688,64.08000183105469,70.63999938964844,16713,0.0,0.0
2021-07-30 00:00:00-04:00,71.19999694824219,74.80000305175781,68.08000183105469,73.91999816894531,18800,0.0,0.0
2021-08-02 00:00:00-04:00,76.0,83.12000274658203,75.27999877929688,76.55999755859375,40775,0.0,0.0
2021-08-03 00:00:00-04:00,75.5999984741211,76.72000122070312,69.5999984741211,72.72000122070312,18888,0.0,0.0
2021-08-04 00:00:00-04:00,70.87999725341797,71.76000213623047,66.0,67.19999694824219,37225,0.0,0.0
2021-08-05 00:00:00-04:00,67.5999984741211,71.27999877929688,66.63999938964844,70.95999908447266,9313,0.0,0.0
2021-08-06 00:00:00-04:00,71.68000030517578,72.80000305175781,69.91999816894531,72.55999755859375,5775,0.0,0.0
2021-08-09 00:00:00-04:00,72.31999969482422,72.87999725341797,70.72000122070312,72.16000366210938,5425,0.0,0.0
2021-08-10 00:00:00-04:00,72.16000366210938,73.19999694824219,68.08000183105469,68.23999786376953,9975,0.0,0.0
2021-08-11 00:00:00-04:00,68.72000122070312,71.91999816894531,68.4800033569336,71.68000030517578,4900,0.0,0.0
2021-08-12 00:00:00-04:00,72.4000015258789,73.04000091552734,69.5999984741211,72.95999908447266,5425,0.0,0.0
2021-08-13 00:00:00-04:00,74.4000015258789,77.19999694824219,72.0,73.12000274658203,16725,0.0,0.0
2021-08-16 00:00:00-04:00,72.95999908447266,74.0,70.08000183105469,71.12000274658203,9113,0.0,0.0
2021-08-17 00:00:00-04:00,69.91999816894531,71.36000061035156,66.80000305175781,68.4000015258789,11088,0.0,0.0
2021-08-18 00:00:00-04:00,68.55999755859375,70.4000015258789,66.95999908447266,69.36000061035156,5975,0.0,0.0
2021-08-19 00:00:00-04:00,69.04000091552734,71.12000274658203,67.19999694824219,68.31999969482422,5875,0.0,0.0
2021-08-20 00:00:00-04:00,68.23999786376953,69.12000274658203,64.55999755859375,64.95999908447266,11188,0.0,0.0
2021-08-23 00:00:00-04:00,66.08000183105469,67.76000213623047,64.63999938964844,67.19999694824219,7300,0.0,0.0
2021-08-24 00:00:00-04:00,68.0,70.80000305175781,67.19999694824219,70.23999786376953,10600,0.0,0.0
2021-08-25 00:00:00-04:00,70.31999969482422,70.31999969482422,68.16000366210938,68.80000305175781,4788,0.0,0.0
2021-08-26 00:00:00-04:00,68.63999938964844,72.08000183105469,68.55999755859375,69.19999694824219,9675,0.0,0.0
2021-08-27 00:00:00-04:00,78.72000122070312,85.5199966430664,76.4000015258789,83.5999984741211,75513,0.0,0.0
2021-08-30 00:00:00-04:00,83.5199966430664,85.83999633789062,77.36000061035156,82.0,27950,0.0,0.0
2021-08-31 00:00:00-04:00,82.16000366210938,89.04000091552734,81.68000030517578,86.80000305175781,22663,0.0,0.0
2021-09-01 00:00:00-04:00,87.76000213623047,89.27999877929688,84.08000183105469,87.36000061035156,11713,0.0,0.0
2021-09-02 00:00:00-04:00,87.76000213623047,90.31999969482422,86.16000366210938,88.87999725341797,10550,0.0,0.0
2021-09-03 00:00:00-04:00,89.5999984741211,92.63999938964844,86.4000015258789,90.72000122070312,13500,0.0,0.0
2021-09-07 00:00:00-04:00,91.5999984741211,93.83999633789062,81.5999984741211,86.4000015258789,36925,0.0,0.0
2021-09-08 00:00:00-04:00,86.0,92.0,85.04000091552734,90.63999938964844,17338,0.0,0.0
2021-09-09 00:00:00-04:00,92.0,93.91999816894531,88.87999725341797,91.5199966430664,13963,0.0,0.0
2021-09-10 00:00:00-04:00,92.31999969482422,92.31999969482422,89.04000091552734,89.5199966430664,10188,0.0,0.0
2021-09-13 00:00:00-04:00,90.55999755859375,90.55999755859375,85.27999877929688,87.27999877929688,9363,0.0,0.0
2021-09-14 00:00:00-04:00,87.12000274658203,87.12000274658203,80.4000015258789,81.5199966430664,12100,0.0,0.0
2021-09-15 00:00:00-04:00,81.5999984741211,83.83999633789062,80.0,80.55999755859375,9263,0.0,0.0
2021-09-16 00:00:00-04:00,80.0,85.5199966430664,80.0,84.31999969482422,7663,0.0,0.0
2021-09-17 00:00:00-04:00,83.5999984741211,83.68000030517578,81.04000091552734,82.4800033569336,11300,0.0,0.0
2021-09-20 00:00:00-04:00,80.4000015258789,83.5199966430664,78.55999755859375,81.83999633789062,10550,0.0,0.0
2021-09-21 00:00:00-04:00,80.31999969482422,84.0,77.68000030517578,78.4800033569336,13750,0.0,0.0
2021-09-22 00:00:00-04:00,78.80000305175781,82.31999969482422,78.23999786376953,80.31999969482422,5725,0.0,0.0
2021-09-23 00:00:00-04:00,80.23999786376953,81.19999694824219,79.19999694824219,80.87999725341797,3463,0.0,0.0
2021-09-24 00:00:00-04:00,80.72000122070312,81.68000030517578,79.36000061035156,81.04000091552734,2775,0.0,0.0
2021-09-27 00:00:00-04:00,81.5199966430664,85.04000091552734,81.19999694824219,82.72000122070312,9313,0.0,0.0
2021-09-28 00:00:00-04:00,82.0,83.12000274658203,80.0,80.4000015258789,3600,0.0,0.0
2021-09-29 00:00:00-04:00,80.4800033569336,81.91999816894531,78.55999755859375,78.87999725341797,5313,0.0,0.0
2021-09-30 00:00:00-04:00,79.12000274658203,80.4800033569336,76.95999908447266,79.04000091552734,4588,0.0,0.0
2021-10-01 00:00:00-04:00,79.12000274658203,81.19999694824219,76.4000015258789,80.31999969482422,5975,0.0,0.0
2021-10-04 00:00:00-04:00,80.0,80.80000305175781,78.0,80.08000183105469,5000,0.0,0.0
2021-10-05 00:00:00-04:00,81.12000274658203,83.83999633789062,79.12000274658203,79.91999816894531,7625,0.0,0.0
2021-10-06 00:00:00-04:00,79.44000244140625,79.5199966430664,77.19999694824219,79.44000244140625,4213,0.0,0.0
2021-10-07 00:00:00-04:00,85.19999694824219,94.16000366210938,84.80000305175781,94.0,41513,0.0,0.0
2021-10-08 00:00:00-04:00,94.4800033569336,114.63999938964844,94.31999969482422,113.91999816894531,57238,0.0,0.0
2021-10-11 00:00:00-04:00,110.4800033569336,114.4000015258789,104.87999725341797,111.44000244140625,22563,0.0,0.0
2021-10-12 00:00:00-04:00,110.0,113.19999694824219,108.0,111.19999694824219,10100,0.0,0.0
2021-10-13 00:00:00-04:00,111.76000213623047,116.63999938964844,108.95999908447266,114.80000305175781,18025,0.0,0.0
2021-10-14 00:00:00-04:00,115.76000213623047,116.55999755859375,112.4000015258789,116.0,6900,0.0,0.0
2021-10-15 00:00:00-04:00,116.0,116.16000366210938,109.68000030517578,109.76000213623047,12125,0.0,0.0
2021-10-18 00:00:00-04:00,110.55999755859375,113.68000030517578,108.80000305175781,110.0,5525,0.0,0.0
2021-10-19 00:00:00-04:00,110.55999755859375,113.44000244140625,110.0,111.5999984741211,6188,0.0,0.0
2021-10-20 00:00:00-04:00,112.16000366210938,114.23999786376953,110.63999938964844,112.80000305175781,5438,0.0,0.0
2021-10-21 00:00:00-04:00,112.23999786376953,116.0,109.36000061035156,110.95999908447266,15838,0.0,0.0
2021-10-22 00:00:00-04:00,111.83999633789062,111.91999816894531,106.63999938964844,107.91999816894531,9488,0.0,0.0
2021-10-25 00:00:00-04:00,107.91999816894531,112.16000366210938,106.63999938964844,109.36000061035156,11725,0.0,0.0
2021-10-26 00:00:00-04:00,110.4800033569336,111.83999633789062,108.4800033569336,109.19999694824219,6150,0.0,0.0
2021-10-27 00:00:00-04:00,107.68000030517578,110.23999786376953,107.19999694824219,108.0,2788,0.0,0.0
2021-10-28 00:00:00-04:00,107.44000244140625,107.83999633789062,102.4000015258789,105.68000030517578,13238,0.0,0.0
2021-10-29 00:00:00-04:00,104.31999969482422,105.5199966430664,98.23999786376953,104.0,15200,0.0,0.0
2021-11-01 00:00:00-04:00,105.5999984741211,109.44000244140625,103.12000274658203,109.44000244140625,9575,0.0,0.0
2021-11-02 00:00:00-04:00,109.19999694824219,110.08000183105469,104.4000015258789,108.72000122070312,7650,0.0,0.0
2021-11-03 00:00:00-04:00,108.4000015258789,110.72000122070312,104.16000366210938,109.5199966430664,7675,0.0,0.0
2021-11-04 00:00:00-04:00,109.19999694824219,110.16000366210938,99.5199966430664,100.80000305175781,21813,0.0,0.0
2021-11-05 00:00:00-04:00,100.80000305175781,104.72000122070312,100.80000305175781,101.27999877929688,5163,0.0,0.0
2021-11-08 00:00:00-05:00,101.12000274658203,102.16000366210938,96.80000305175781,100.0,11075,0.0,0.0
2021-11-09 00:00:00-05:00,99.91999816894531,101.91999816894531,98.16000366210938,101.91999816894531,6750,0.0,0.0
2021-11-10 00:00:00-05:00,101.76000213623047,103.19999694824219,98.08000183105469,98.80000305175781,5525,0.0,0.0
2021-11-11 00:00:00-05:00,98.63999938964844,101.27999877929688,97.5999984741211,100.23999786376953,3463,0.0,0.0
2021-11-12 00:00:00-05:00,99.5999984741211,104.0,99.5999984741211,103.27999877929688,7575,0.0,0.0
2021-11-15 00:00:00-05:00,100.55999755859375,105.5999984741211,100.4800033569336,105.5999984741211,3688,0.0,0.0
2021-11-16 00:00:00-05:00,106.0,108.08000183105469,103.36000061035156,103.91999816894531,3313,0.0,0.0
2021-11-17 00:00:00-05:00,103.91999816894531,104.87999725341797,99.44000244140625,102.72000122070312,7250,0.0,0.0
2021-11-18 00:00:00-05:00,103.83999633789062,106.4800033569336,101.44000244140625,104.55999755859375,6338,0.0,0.0
2021-11-19 00:00:00-05:00,103.83999633789062,104.63999938964844,102.87999725341797,104.0,5300,0.0,0.0
2021-11-22 00:00:00-05:00,103.91999816894531,105.19999694824219,92.63999938964844,94.08000183105469,15950,0.0,0.0
2021-11-23 00:00:00-05:00,93.19999694824219,97.44000244140625,91.76000213623047,96.08000183105469,8538,0.0,0.0
2021-11-24 00:00:00-05:00,95.44000244140625,98.72000122070312,94.4800033569336,98.72000122070312,2800,0.0,0.0
2021-11-26 00:00:00-05:00,93.76000213623047,98.4000015258789,90.0,96.0,6875,0.0,0.0
2021-11-29 00:00:00-05:00,95.36000061035156,95.36000061035156,84.80000305175781,84.95999908447266,36250,0.0,0.0
2021-11-30 00:00:00-05:00,83.36000061035156,86.72000122070312,75.68000030517578,84.55999755859375,19813,0.0,0.0
2021-12-01 00:00:00-05:00,84.72000122070312,90.08000183105469,81.44000244140625,88.4800033569336,16488,0.0,0.0
2021-12-02 00:00:00-05:00,88.0,89.5999984741211,82.80000305175781,87.27999877929688,12825,0.0,0.0
2021-12-03 00:00:00-05:00,87.5199966430664,87.5199966430664,81.36000061035156,83.19999694824219,8850,0.0,0.0
2021-12-06 00:00:00-05:00,82.80000305175781,83.36000061035156,80.0,82.63999938964844,5575,0.0,0.0
2021-12-07 00:00:00-05:00,83.19999694824219,89.44000244140625,83.19999694824219,88.0,8875,0.0,0.0
2021-12-08 00:00:00-05:00,88.0,93.5999984741211,86.0,93.04000091552734,4375,0.0,0.0
2021-12-09 00:00:00-05:00,92.55999755859375,93.5999984741211,87.12000274658203,88.87999725341797,2838,0.0,0.0
2021-12-10 00:00:00-05:00,89.91999816894531,92.55999755859375,85.91999816894531,86.16000366210938,3563,0.0,0.0
2021-12-13 00:00:00-05:00,86.16000366210938,87.91999816894531,84.0,84.63999938964844,4325,0.0,0.0
2021-12-14 00:00:00-05:00,84.4800033569336,88.0,83.19999694824219,83.83999633789062,5238,0.0,0.0
2021-12-15 00:00:00-05:00,83.5999984741211,86.72000122070312,80.0,85.27999877929688,8675,0.0,0.0
2021-12-16 00:00:00-05:00,86.63999938964844,87.12000274658203,85.68000030517578,86.4000015258789,3200,0.0,0.0
2021-12-17 00:00:00-05:00,86.4000015258789,90.08000183105469,84.72000122070312,87.91999816894531,4175,0.0,0.0
2021-12-20 00:00:00-05:00,86.80000305175781,87.44000244140625,83.04000091552734,86.87999725341797,2638,0.0,0.0
2021-12-21 00:00:00-05:00,88.0,89.44000244140625,86.55999755859375,87.83999633789062,2738,0.0,0.0
2021-12-22 00:00:00-05:00,88.0,89.5999984741211,84.4000015258789,86.55999755859375,2413,0.0,0.0
2021-12-23 00:00:00-05:00,86.63999938964844,88.23999786376953,86.63999938964844,87.5199966430664,2313,0.0,0.0
2021-12-27 00:00:00-05:00,86.80000305175781,89.44000244140625,84.80000305175781,88.95999908447266,11163,0.0,0.0
2021-12-28 00:00:00-05:00,88.80000305175781,92.16000366210938,87.91999816894531,91.12000274658203,4388,0.0,0.0
2021-12-29 00:00:00-05:00,90.80000305175781,91.83999633789062,88.08000183105469,90.0,3988,0.0,0.0
2021-12-30 00:00:00-05:00,89.76000213623047,92.4000015258789,88.80000305175781,91.36000061035156,3375,0.0,0.0
2021-12-31 00:00:00-05:00,92.80000305175781,92.80000305175781,87.68000030517578,89.76000213623047,5800,0.0,0.0
2022-01-03 00:00:00-05:00,90.4000015258789,93.12000274658203,87.12000274658203,92.72000122070312,3925,0.0,0.0
2022-01-04 00:00:00-05:00,94.08000183105469,94.08000183105469,89.04000091552734,90.0,3225,0.0,0.0
2022-01-05 00:00:00-05:00,90.23999786376953,93.44000244140625,89.91999816894531,92.4800033569336,5575,0.0,0.0
2022-01-06 00:00:00-05:00,91.68000030517578,97.76000213623047,90.4000015258789,96.4800033569336,6450,0.0,0.0
2022-01-07 00:00:00-05:00,95.36000061035156,99.5199966430664,93.5999984741211,95.91999816894531,3150,0.0,0.0
2022-01-10 00:00:00-05:00,96.80000305175781,96.80000305175781,92.55999755859375,95.27999877929688,4288,0.0,0.0
2022-01-11 00:00:00-05:00,94.31999969482422,96.08000183105469,92.72000122070312,94.4000015258789,3463,0.0,0.0
2022-01-12 00:00:00-05:00,94.80000305175781,96.95999908447266,93.5199966430664,96.95999908447266,2363,0.0,0.0
2022-01-13 00:00:00-05:00,96.23999786376953,97.83999633789062,93.83999633789062,95.19999694824219,2525,0.0,0.0
2022-01-14 00:00:00-05:00,94.63999938964844,94.63999938964844,91.5199966430664,94.0,5750,0.0,0.0
2022-01-18 00:00:00-05:00,92.55999755859375,94.80000305175781,92.0,93.91999816894531,2388,0.0,0.0
2022-01-19 00:00:00-05:00,93.91999816894531,95.5999984741211,90.4000015258789,91.5999984741211,3700,0.0,0.0
2022-01-20 00:00:00-05:00,90.23999786376953,93.68000030517578,90.0,91.19999694824219,4500,0.0,0.0
2022-01-21 00:00:00-05:00,89.36000061035156,90.95999908447266,86.55999755859375,87.36000061035156,6313,0.0,0.0
2022-01-24 00:00:00-05:00,86.80000305175781,88.80000305175781,82.95999908447266,88.80000305175781,11613,0.0,0.0
2022-01-25 00:00:00-05:00,85.68000030517578,90.4000015258789,85.5999984741211,88.31999969482422,4775,0.0,0.0
2022-01-26 00:00:00-05:00,88.80000305175781,91.91999816894531,86.80000305175781,87.04000091552734,2588,0.0,0.0
2022-01-27 00:00:00-05:00,88.23999786376953,91.04000091552734,83.44000244140625,85.5199966430664,3063,0.0,0.0
2022-01-28 00:00:00-05:00,84.31999969482422,88.0,82.0,87.27999877929688,4888,0.0,0.0
2022-01-31 00:00:00-05:00,86.16000366210938,90.08000183105469,81.5999984741211,89.76000213623047,4738,0.0,0.0
2022-02-01 00:00:00-05:00,88.80000305175781,91.19999694824219,87.5999984741211,89.5999984741211,2263,0.0,0.0
2022-02-02 00:00:00-05:00,87.27999877929688,91.04000091552734,85.76000213623047,86.0,4975,0.0,0.0
2022-02-03 00:00:00-05:00,84.80000305175781,86.87999725341797,83.04000091552734,84.87999725341797,3125,0.0,0.0
2022-02-04 00:00:00-05:00,85.5199966430664,87.12000274658203,83.5199966430664,86.08000183105469,3213,0.0,0.0
2022-02-07 00:00:00-05:00,86.4000015258789,87.68000030517578,85.36000061035156,87.44000244140625,2525,0.0,0.0
2022-02-08 00:00:00-05:00,87.44000244140625,89.91999816894531,85.27999877929688,88.55999755859375,1538,0.0,0.0
2022-02-09 00:00:00-05:00,88.80000305175781,93.19999694824219,88.55999755859375,92.4000015258789,4238,0.0,0.0
2022-02-10 00:00:00-05:00,89.91999816894531,92.08000183105469,85.19999694824219,89.5999984741211,3063,0.0,0.0
2022-02-11 00:00:00-05:00,89.5999984741211,91.44000244140625,87.5999984741211,89.04000091552734,2100,0.0,0.0
2022-02-14 00:00:00-05:00,89.19999694824219,98.4000015258789,89.04000091552734,91.04000091552734,9313,0.0,0.0
2022-02-15 00:00:00-05:00,92.23999786376953,97.04000091552734,92.23999786376953,93.5199966430664,2125,0.0,0.0
2022-02-16 00:00:00-05:00,91.76000213623047,93.5999984741211,89.91999816894531,91.5999984741211,1438,0.0,0.0
2022-02-17 00:00:00-05:00,90.63999938964844,99.5999984741211,90.31999969482422,99.5199966430664,5188,0.0,0.0
2022-02-18 00:00:00-05:00,99.5199966430664,109.36000061035156,97.27999877929688,104.55999755859375,6663,0.0,0.0
2022-02-22 00:00:00-05:00,105.19999694824219,105.19999694824219,96.31999969482422,96.63999938964844,7350,0.0,0.0
2022-02-23 00:00:00-05:00,94.80000305175781,102.16000366210938,94.80000305175781,98.87999725341797,2800,0.0,0.0
2022-02-24 00:00:00-05:00,97.36000061035156,100.87999725341797,95.04000091552734,99.5199966430664,5300,0.0,0.0
2022-02-25 00:00:00-05:00,99.5199966430664,105.76000213623047,99.5199966430664,102.55999755859375,3825,0.0,0.0
2022-02-28 00:00:00-05:00,102.23999786376953,102.23999786376953,98.87999725341797,101.04000091552734,2350,0.0,0.0
2022-03-01 00:00:00-05:00,100.4800033569336,101.68000030517578,94.4800033569336,94.87999725341797,4188,0.0,0.0
2022-03-02 00:00:00-05:00,93.44000244140625,99.68000030517578,92.55999755859375,92.55999755859375,3738,0.0,0.0
2022-03-03 00:00:00-05:00,92.55999755859375,92.95999908447266,79.5199966430664,82.16000366210938,18475,0.0,0.0
2022-03-04 00:00:00-05:00,82.31999969482422,86.31999969482422,77.5999984741211,84.72000122070312,8263,0.0,0.0
2022-03-07 00:00:00-05:00,84.55999755859375,84.55999755859375,78.72000122070312,80.16000366210938,6663,0.0,0.0
2022-03-08 00:00:00-05:00,80.0,83.5999984741211,78.16000366210938,81.19999694824219,5075,0.0,0.0
2022-03-09 00:00:00-05:00,84.95999908447266,84.95999908447266,79.91999816894531,81.91999816894531,5700,0.0,0.0
2022-03-10 00:00:00-05:00,81.5999984741211,84.63999938964844,78.95999908447266,83.27999877929688,2213,0.0,0.0
2022-03-11 00:00:00-05:00,83.91999816894531,87.19999694824219,80.08000183105469,80.08000183105469,2825,0.0,0.0
2022-03-14 00:00:00-04:00,80.08000183105469,84.0,74.4800033569336,74.63999938964844,8525,0.0,0.0
2022-03-15 00:00:00-04:00,74.63999938964844,83.5999984741211,73.04000091552734,81.12000274658203,8163,0.0,0.0
2022-03-16 00:00:00-04:00,82.4800033569336,94.63999938964844,82.31999969482422,87.36000061035156,24575,0.0,0.0
2022-03-17 00:00:00-04:00,89.27999877929688,98.0,87.76000213623047,93.76000213623047,18150,0.0,0.0
2022-03-18 00:00:00-04:00,91.91999816894531,95.04000091552734,85.27999877929688,86.4800033569336,18275,0.0,0.0
2022-03-21 00:00:00-04:00,87.5999984741211,102.72000122070312,86.95999908447266,100.0,19963,0.0,0.0
2022-03-22 00:00:00-04:00,100.0,104.31999969482422,96.08000183105469,97.12000274658203,7688,0.0,0.0
2022-03-23 00:00:00-04:00,97.5199966430664,103.36000061035156,95.83999633789062,102.31999969482422,5963,0.0,0.0
2022-03-24 00:00:00-04:00,101.68000030517578,106.0,100.0,106.0,5975,0.0,0.0
2022-03-25 00:00:00-04:00,106.0,107.83999633789062,98.23999786376953,103.5999984741211,10413,0.0,0.0
2022-03-28 00:00:00-04:00,102.4000015258789,102.4000015258789,97.91999816894531,99.44000244140625,3238,0.0,0.0
2022-03-29 00:00:00-04:00,98.0,100.72000122070312,94.80000305175781,97.12000274658203,3550,0.0,0.0
2022-03-30 00:00:00-04:00,98.08000183105469,101.36000061035156,96.0,96.55999755859375,3100,0.0,0.0
2022-03-31 00:00:00-04:00,97.19999694824219,99.91999816894531,93.19999694824219,94.63999938964844,2688,0.0,0.0
2022-04-01 00:00:00-04:00,95.5199966430664,96.95999908447266,90.4000015258789,91.27999877929688,6550,0.0,0.0
2022-04-04 00:00:00-04:00,92.80000305175781,94.55999755859375,89.19999694824219,90.95999908447266,5438,0.0,0.0
2022-04-05 00:00:00-04:00,90.80000305175781,95.5199966430664,89.27999877929688,91.44000244140625,6025,0.0,0.0
2022-04-06 00:00:00-04:00,90.4000015258789,92.80000305175781,88.80000305175781,90.87999725341797,7800,0.0,0.0
2022-04-07 00:00:00-04:00,92.0,98.72000122070312,89.83999633789062,94.23999786376953,9050,0.0,0.0
2022-04-08 00:00:00-04:00,94.87999725341797,94.87999725341797,90.72000122070312,93.27999877929688,5863,0.0,0.0
2022-04-11 00:00:00-04:00,92.95999908447266,92.95999908447266,88.4000015258789,89.44000244140625,5413,0.0,0.0
2022-04-12 00:00:00-04:00,88.72000122070312,91.44000244140625,87.44000244140625,88.80000305175781,5325,0.0,0.0
2022-04-13 00:00:00-04:00,90.0,94.4000015258789,89.36000061035156,92.16000366210938,2475,0.0,0.0
2022-04-14 00:00:00-04:00,91.5199966430664,96.80000305175781,91.5199966430664,93.5999984741211,3700,0.0,0.0
2022-04-18 00:00:00-04:00,93.5999984741211,95.91999816894531,92.4000015258789,94.23999786376953,1675,0.0,0.0
2022-04-19 00:00:00-04:00,94.31999969482422,100.63999938964844,93.5199966430664,94.23999786376953,4588,0.0,0.0
2022-04-20 00:00:00-04:00,95.5999984741211,95.5999984741211,92.4000015258789,92.80000305175781,2313,0.0,0.0
2022-04-21 00:00:00-04:00,94.4000015258789,94.4000015258789,88.95999908447266,91.19999694824219,3950,0.0,0.0
2022-04-22 00:00:00-04:00,90.0,91.12000274658203,86.80000305175781,90.55999755859375,6975,0.0,0.0
2022-04-25 00:00:00-04:00,89.76000213623047,89.76000213623047,82.4800033569336,85.5999984741211,4225,0.0,0.0
2022-04-26 00:00:00-04:00,85.5199966430664,86.72000122070312,81.36000061035156,81.91999816894531,4800,0.0,0.0
2022-04-27 00:00:00-04:00,83.5999984741211,84.0,81.44000244140625,82.63999938964844,3588,0.0,0.0
2022-04-28 00:00:00-04:00,87.68000030517578,89.12000274658203,80.80000305175781,85.68000030517578,5088,0.0,0.0
2022-04-29 00:00:00-04:00,86.16000366210938,88.0,85.44000244140625,86.72000122070312,3763,0.0,0.0
2022-05-02 00:00:00-04:00,85.83999633789062,85.83999633789062,82.08000183105469,84.16000366210938,3563,0.0,0.0
2022-05-03 00:00:00-04:00,84.4800033569336,87.04000091552734,84.4800033569336,84.55999755859375,1713,0.0,0.0
2022-05-04 00:00:00-04:00,83.04000091552734,87.5199966430664,83.04000091552734,85.5199966430664,2338,0.0,0.0
2022-05-05 00:00:00-04:00,85.44000244140625,87.12000274658203,84.31999969482422,86.55999755859375,2738,0.0,0.0
2022-05-06 00:00:00-04:00,86.80000305175781,86.80000305175781,82.0,85.36000061035156,6363,0.0,0.0
2022-05-09 00:00:00-04:00,82.80000305175781,84.80000305175781,78.31999969482422,78.55999755859375,11613,0.0,0.0
2022-05-10 00:00:00-04:00,79.36000061035156,80.4800033569336,73.91999816894531,76.4800033569336,8200,0.0,0.0
2022-05-11 00:00:00-04:00,76.80000305175781,81.12000274658203,74.0,74.72000122070312,8225,0.0,0.0
2022-05-12 00:00:00-04:00,76.4000015258789,78.08000183105469,69.44000244140625,71.76000213623047,11638,0.0,0.0
2022-05-13 00:00:00-04:00,73.12000274658203,77.5999984741211,70.80000305175781,76.80000305175781,5250,0.0,0.0
2022-05-16 00:00:00-04:00,75.36000061035156,80.80000305175781,75.36000061035156,77.83999633789062,3588,0.0,0.0
2022-05-17 00:00:00-04:00,79.76000213623047,81.19999694824219,76.80000305175781,77.91999816894531,3588,0.0,0.0
2022-05-18 00:00:00-04:00,78.63999938964844,79.68000030517578,76.08000183105469,76.80000305175781,3350,0.0,0.0
2022-05-19 00:00:00-04:00,77.91999816894531,81.68000030517578,77.91999816894531,79.19999694824219,5488,0.0,0.0
2022-05-20 00:00:00-04:00,80.80000305175781,90.16000366210938,80.0,85.27999877929688,12325,0.0,0.0
2022-05-23 00:00:00-04:00,87.12000274658203,88.80000305175781,81.68000030517578,85.44000244140625,26200,0.0,0.0
2022-05-24 00:00:00-04:00,83.5199966430664,87.5999984741211,80.95999908447266,86.80000305175781,24425,0.0,0.0
2022-05-25 00:00:00-04:00,87.27999877929688,92.72000122070312,84.63999938964844,90.16000366210938,25938,0.0,0.0
2022-05-26 00:00:00-04:00,90.4000015258789,95.12000274658203,89.12000274658203,93.5199966430664,25775,0.0,0.0
2022-05-27 00:00:00-04:00,92.55999755859375,93.68000030517578,85.5199966430664,86.80000305175781,10100,0.0,0.0
2022-05-31 00:00:00-04:00,87.27999877929688,87.27999877929688,82.63999938964844,84.08000183105469,3488,0.0,0.0
2022-06-01 00:00:00-04:00,83.27999877929688,83.76000213623047,80.95999908447266,82.72000122070312,5638,0.0,0.0
2022-06-02 00:00:00-04:00,83.76000213623047,86.23999786376953,81.19999694824219,83.44000244140625,5525,0.0,0.0
2022-06-03 00:00:00-04:00,81.91999816894531,86.4800033569336,81.91999816894531,86.4800033569336,10175,0.0,0.0
2022-06-06 00:00:00-04:00,86.63999938964844,86.72000122070312,82.95999908447266,84.08000183105469,6988,0.0,0.0
2022-06-07 00:00:00-04:00,84.08000183105469,87.68000030517578,84.08000183105469,86.95999908447266,5650,0.0,0.0
2022-06-08 00:00:00-04:00,87.27999877929688,90.72000122070312,87.27999877929688,88.55999755859375,4063,0.0,0.0
2022-06-09 00:00:00-04:00,88.4000015258789,89.27999877929688,84.63999938964844,84.80000305175781,13088,0.0,0.0
2022-06-10 00:00:00-04:00,86.63999938964844,90.4000015258789,83.44000244140625,89.44000244140625,10675,0.0,0.0
2022-06-13 00:00:00-04:00,92.80000305175781,99.04000091552734,88.0,94.80000305175781,36000,0.0,0.0
2022-06-14 00:00:00-04:00,94.80000305175781,94.80000305175781,85.19999694824219,85.5999984741211,26163,0.0,0.0
2022-06-15 00:00:00-04:00,86.87999725341797,91.5999984741211,86.4800033569336,89.5999984741211,7400,0.0,0.0
2022-06-16 00:00:00-04:00,90.63999938964844,96.0,84.80000305175781,92.63999938964844,30838,0.0,0.0
2022-06-17 00:00:00-04:00,93.5199966430664,93.5199966430664,85.44000244140625,91.68000030517578,34713,0.0,0.0
2022-06-21 00:00:00-04:00,92.63999938964844,98.0,91.5999984741211,97.44000244140625,19350,0.0,0.0
2022-06-22 00:00:00-04:00,95.83999633789062,102.4000015258789,95.19999694824219,97.5999984741211,25425,0.0,0.0
2022-06-23 00:00:00-04:00,97.83999633789062,99.12000274658203,91.36000061035156,93.68000030517578,13275,0.0,0.0
2022-06-24 00:00:00-04:00,93.91999816894531,95.36000061035156,93.12000274658203,93.44000244140625,5313,0.0,0.0
2022-06-27 00:00:00-04:00,95.04000091552734,95.04000091552734,92.23999786376953,92.63999938964844,9450,0.0,0.0
2022-06-28 00:00:00-04:00,93.19999694824219,94.55999755859375,88.23999786376953,88.23999786376953,12763,0.0,0.0
2022-06-29 00:00:00-04:00,89.12000274658203,89.36000061035156,84.4000015258789,86.4000015258789,12538,0.0,0.0
2022-06-30 00:00:00-04:00,84.4800033569336,87.04000091552734,83.91999816894531,85.91999816894531,12263,0.0,0.0
2022-07-01 00:00:00-04:00,84.23999786376953,87.76000213623047,82.4000015258789,86.72000122070312,9025,0.0,0.0
2022-07-05 00:00:00-04:00,85.91999816894531,88.80000305175781,85.19999694824219,88.08000183105469,12163,0.0,0.0
2022-07-06 00:00:00-04:00,89.36000061035156,89.36000061035156,86.80000305175781,88.4000015258789,10200,0.0,0.0
2022-07-07 00:00:00-04:00,89.12000274658203,91.27999877929688,89.12000274658203,90.4800033569336,5850,0.0,0.0
2022-07-08 00:00:00-04:00,89.83999633789062,92.4000015258789,88.87999725341797,91.91999816894531,5488,0.0,0.0
2022-07-11 00:00:00-04:00,90.72000122070312,91.91999816894531,90.4000015258789,90.95999908447266,10200,0.0,0.0
2022-07-12 00:00:00-04:00,89.68000030517578,91.04000091552734,89.68000030517578,90.80000305175781,7338,0.0,0.0
2022-07-13 00:00:00-04:00,89.44000244140625,91.5999984741211,89.44000244140625,90.4000015258789,4700,0.0,0.0
2022-07-14 00:00:00-04:00,90.0,92.72000122070312,86.95999908447266,92.08000183105469,12750,0.0,0.0
2022-07-15 00:00:00-04:00,92.80000305175781,98.87999725341797,92.0,98.4000015258789,17563,0.0,0.0
2022-07-18 00:00:00-04:00,97.83999633789062,99.91999816894531,97.83999633789062,99.5199966430664,10200,0.0,0.0
2022-07-19 00:00:00-04:00,96.0,103.19999694824219,96.0,101.27999877929688,8363,0.0,0.0
2022-07-20 00:00:00-04:00,100.55999755859375,106.4800033569336,100.55999755859375,105.44000244140625,11988,0.0,0.0
2022-07-21 00:00:00-04:00,104.72000122070312,106.55999755859375,99.36000061035156,103.91999816894531,7675,0.0,0.0
2022-07-22 00:00:00-04:00,103.83999633789062,103.83999633789062,97.04000091552734,99.76000213623047,9738,0.0,0.0
2022-07-25 00:00:00-04:00,100.87999725341797,100.87999725341797,97.76000213623047,99.76000213623047,8813,0.0,0.0
2022-07-26 00:00:00-04:00,98.72000122070312,99.91999816894531,96.0,96.31999969482422,4800,0.0,0.0
2022-07-27 00:00:00-04:00,96.4000015258789,97.04000091552734,92.08000183105469,96.0,6888,0.0,0.0
2022-07-28 00:00:00-04:00,92.63999938964844,97.5199966430664,92.4800033569336,95.04000091552734,6463,0.0,0.0
2022-07-29 00:00:00-04:00,94.80000305175781,95.5199966430664,92.4800033569336,92.63999938964844,5388,0.0,0.0
2022-08-01 00:00:00-04:00,92.63999938964844,93.04000091552734,88.08000183105469,89.5999984741211,12700,0.0,0.0
2022-08-02 00:00:00-04:00,90.87999725341797,96.63999938964844,89.76000213623047,95.68000030517578,6638,0.0,0.0
2022-08-03 00:00:00-04:00,95.5199966430664,98.0,93.68000030517578,95.68000030517578,5075,0.0,0.0
2022-08-04 00:00:00-04:00,95.76000213623047,95.76000213623047,92.23999786376953,92.4000015258789,6700,0.0,0.0
2022-08-05 00:00:00-04:00,92.0,95.12000274658203,92.0,93.27999877929688,4825,0.0,0.0
2022-08-08 00:00:00-04:00,94.55999755859375,96.72000122070312,93.12000274658203,94.0,8325,0.0,0.0
2022-08-09 00:00:00-04:00,94.87999725341797,94.87999725341797,89.5199966430664,89.5199966430664,8125,0.0,0.0
2022-08-10 00:00:00-04:00,91.12000274658203,92.23999786376953,88.4800033569336,89.44000244140625,13713,0.0,0.0
2022-08-11 00:00:00-04:00,90.4000015258789,91.5999984741211,88.80000305175781,91.04000091552734,7338,0.0,0.0
2022-08-12 00:00:00-04:00,90.95999908447266,91.76000213623047,89.5999984741211,89.68000030517578,4125,0.0,0.0
2022-08-15 00:00:00-04:00,88.55999755859375,92.08000183105469,87.76000213623047,91.68000030517578,5475,0.0,0.0
2022-08-16 00:00:00-04:00,92.55999755859375,92.55999755859375,89.83999633789062,90.4800033569336,3450,0.0,0.0
2022-08-17 00:00:00-04:00,90.4800033569336,93.83999633789062,89.19999694824219,91.91999816894531,4200,0.0,0.0
2022-08-18 00:00:00-04:00,92.87999725341797,98.80000305175781,92.0,98.63999938964844,11225,0.0,0.0
2022-08-19 00:00:00-04:00,97.36000061035156,97.91999816894531,92.55999755859375,93.44000244140625,8663,0.0,0.0
2022-08-22 00:00:00-04:00,93.36000061035156,94.87999725341797,92.0,94.4000015258789,4013,0.0,0.0
2022-08-23 00:00:00-04:00,95.36000061035156,95.5199966430664,92.55999755859375,93.68000030517578,5013,0.0,0.0
2022-08-24 00:00:00-04:00,94.08000183105469,98.16000366210938,94.08000183105469,96.23999786376953,4388,0.0,0.0
2022-08-25 00:00:00-04:00,96.23999786376953,97.27999877929688,93.44000244140625,94.55999755859375,10288,0.0,0.0
2022-08-26 00:00:00-04:00,94.87999725341797,95.36000061035156,93.19999694824219,94.95999908447266,4238,0.0,0.0
2022-08-29 00:00:00-04:00,94.87999725341797,95.5199966430664,93.19999694824219,95.12000274658203,4313,0.0,0.0
2022-08-30 00:00:00-04:00,95.19999694824219,95.19999694824219,92.08000183105469,94.31999969482422,3525,0.0,0.0
2022-08-31 00:00:00-04:00,94.95999908447266,94.95999908447266,92.87999725341797,93.68000030517578,5138,0.0,0.0
2022-09-01 00:00:00-04:00,93.5999984741211,93.5999984741211,90.4000015258789,91.19999694824219,5525,0.0,0.0
2022-09-02 00:00:00-04:00,91.5999984741211,91.5999984741211,90.08000183105469,90.63999938964844,4063,0.0,0.0
2022-09-06 00:00:00-04:00,93.04000091552734,93.04000091552734,90.80000305175781,91.36000061035156,5350,0.0,0.0
2022-09-07 00:00:00-04:00,90.55999755859375,91.12000274658203,88.16000366210938,89.68000030517578,5963,0.0,0.0
2022-09-08 00:00:00-04:00,88.95999908447266,91.04000091552734,88.95999908447266,89.91999816894531,4850,0.0,0.0
2022-09-09 00:00:00-04:00,90.4000015258789,92.16000366210938,90.4000015258789,90.55999755859375,8763,0.0,0.0
2022-09-12 00:00:00-04:00,90.95999908447266,91.12000274658203,89.27999877929688,89.5999984741211,4613,0.0,0.0
2022-09-13 00:00:00-04:00,88.4800033569336,92.23999786376953,88.23999786376953,90.08000183105469,11600,0.0,0.0
2022-09-14 00:00:00-04:00,90.4000015258789,91.83999633789062,90.0,90.0,8288,0.0,0.0
2022-09-15 00:00:00-04:00,89.19999694824219,89.44000244140625,85.36000061035156,89.19999694824219,9575,0.0,0.0
2022-09-16 00:00:00-04:00,88.31999969482422,88.31999969482422,85.5999984741211,87.04000091552734,10700,0.0,0.0
2022-09-19 00:00:00-04:00,86.08000183105469,87.44000244140625,82.95999908447266,83.5199966430664,5050,0.0,0.0
2022-09-20 00:00:00-04:00,83.36000061035156,83.36000061035156,78.4000015258789,80.80000305175781,9563,0.0,0.0
2022-09-21 00:00:00-04:00,81.19999694824219,82.87999725341797,81.12000274658203,82.55999755859375,9925,0.0,0.0
2022-09-22 00:00:00-04:00,85.5999984741211,90.08000183105469,85.5999984741211,89.5199966430664,17913,0.0,0.0
2022-09-23 00:00:00-04:00,91.91999816894531,92.16000366210938,88.0,89.04000091552734,22850,0.0,0.0
2022-09-26 00:00:00-04:00,91.04000091552734,99.5199966430664,89.68000030517578,91.36000061035156,27888,0.0,0.0
2022-09-27 00:00:00-04:00,92.31999969482422,92.31999969482422,88.95999908447266,90.4800033569336,18025,0.0,0.0
2022-09-28 00:00:00-04:00,90.87999725341797,95.91999816894531,89.5999984741211,94.55999755859375,10238,0.0,0.0
2022-09-29 00:00:00-04:00,94.80000305175781,96.63999938964844,90.72000122070312,95.12000274658203,14175,0.0,0.0
2022-09-30 00:00:00-04:00,94.08000183105469,107.12000274658203,93.5999984741211,104.87999725341797,19788,0.0,0.0
2022-10-03 00:00:00-04:00,106.55999755859375,107.91999816894531,100.23999786376953,100.63999938964844,13638,0.0,0.0
2022-10-04 00:00:00-04:00,101.04000091552734,106.72000122070312,100.72000122070312,101.19999694824219,9075,0.0,0.0
2022-10-05 00:00:00-04:00,100.08000183105469,100.87999725341797,96.95999908447266,100.4000015258789,8263,0.0,0.0
2022-10-06 00:00:00-04:00,100.55999755859375,103.68000030517578,98.87999725341797,100.4800033569336,5425,0.0,0.0
2022-10-07 00:00:00-04:00,101.5199966430664,101.5199966430664,97.5999984741211,98.4800033569336,5625,0.0,0.0
2022-10-10 00:00:00-04:00,97.68000030517578,98.55999755859375,94.95999908447266,95.91999816894531,6988,0.0,0.0
2022-10-11 00:00:00-04:00,95.19999694824219,99.68000030517578,95.12000274658203,99.36000061035156,3938,0.0,0.0
2022-10-12 00:00:00-04:00,99.83999633789062,100.23999786376953,97.44000244140625,100.16000366210938,4088,0.0,0.0
2022-10-13 00:00:00-04:00,100.0,102.4000015258789,97.27999877929688,100.23999786376953,5738,0.0,0.0
2022-10-14 00:00:00-04:00,100.0,100.0,95.36000061035156,96.31999969482422,7175,0.0,0.0
2022-10-17 00:00:00-04:00,97.36000061035156,97.36000061035156,92.4800033569336,94.80000305175781,16825,0.0,0.0
2022-10-18 00:00:00-04:00,95.5199966430664,96.4000015258789,91.36000061035156,91.91999816894531,7475,0.0,0.0
2022-10-19 00:00:00-04:00,91.91999816894531,96.4000015258789,91.5999984741211,92.4000015258789,14038,0.0,0.0
2022-10-20 00:00:00-04:00,91.5199966430664,93.27999877929688,88.87999725341797,90.95999908447266,8825,0.0,0.0
2022-10-21 00:00:00-04:00,91.36000061035156,97.19999694824219,91.36000061035156,96.63999938964844,11088,0.0,0.0
2022-10-24 00:00:00-04:00,95.83999633789062,95.83999633789062,88.72000122070312,88.95999908447266,11500,0.0,0.0
2022-10-25 00:00:00-04:00,88.55999755859375,91.5199966430664,88.0,90.08000183105469,15175,0.0,0.0
2022-10-26 00:00:00-04:00,90.80000305175781,94.0,90.4000015258789,92.16000366210938,5463,0.0,0.0
2022-10-27 00:00:00-04:00,92.31999969482422,94.31999969482422,90.55999755859375,93.5999984741211,4150,0.0,0.0
2022-10-28 00:00:00-04:00,95.04000091552734,95.04000091552734,89.5199966430664,93.5999984741211,12225,0.0,0.0
2022-10-31 00:00:00-04:00,93.5999984741211,94.08000183105469,91.5199966430664,91.5199966430664,6300,0.0,0.0
2022-11-01 00:00:00-04:00,91.5999984741211,92.80000305175781,89.68000030517578,90.08000183105469,6825,0.0,0.0
2022-11-02 00:00:00-04:00,89.83999633789062,90.87999725341797,88.0,89.04000091552734,7975,0.0,0.0
2022-11-03 00:00:00-04:00,88.80000305175781,95.19999694824219,88.80000305175781,92.0,7588,0.0,0.0
2022-11-04 00:00:00-04:00,92.23999786376953,97.91999816894531,92.23999786376953,96.80000305175781,7338,0.0,0.0
2022-11-07 00:00:00-05:00,97.44000244140625,114.08000183105469,97.44000244140625,112.23999786376953,37475,0.0,0.0
2022-11-08 00:00:00-05:00,111.68000030517578,119.68000030517578,108.08000183105469,117.91999816894531,22013,0.0,0.0
2022-11-09 00:00:00-05:00,117.5199966430664,132.9600067138672,116.08000183105469,129.9199981689453,32313,0.0,0.0
2022-11-10 00:00:00-05:00,125.5999984741211,129.9199981689453,123.83999633789062,127.76000213623047,42938,0.0,0.0
2022-11-11 00:00:00-05:00,126.31999969482422,139.1999969482422,126.16000366210938,126.4000015258789,17300,0.0,0.0
2022-11-14 00:00:00-05:00,124.08000183105469,125.83999633789062,118.72000122070312,120.80000305175781,16538,0.0,0.0
2022-11-15 00:00:00-05:00,120.80000305175781,120.80000305175781,116.0,118.63999938964844,11238,0.0,0.0
2022-11-16 00:00:00-05:00,117.12000274658203,124.4800033569336,117.04000091552734,122.23999786376953,9825,0.0,0.0
2022-11-17 00:00:00-05:00,120.72000122070312,140.0,120.72000122070312,139.1199951171875,26625,0.0,0.0
2022-11-18 00:00:00-05:00,141.36000061035156,141.36000061035156,126.95999908447266,128.16000366210938,14988,0.0,0.0
2022-11-21 00:00:00-05:00,128.72000122070312,136.32000732421875,128.32000732421875,130.72000122070312,11088,0.0,0.0
2022-11-22 00:00:00-05:00,130.16000366210938,131.52000427246094,128.16000366210938,130.32000732421875,3725,0.0,0.0
2022-11-23 00:00:00-05:00,130.0800018310547,136.9600067138672,129.27999877929688,131.1999969482422,7538,0.0,0.0
2022-11-25 00:00:00-05:00,131.0399932861328,132.55999755859375,128.24000549316406,128.8800048828125,1500,0.0,0.0
2022-11-28 00:00:00-05:00,128.55999755859375,128.55999755859375,123.27999877929688,125.5199966430664,5925,0.0,0.0
2022-11-29 00:00:00-05:00,124.72000122070312,129.60000610351562,123.12000274658203,125.76000213623047,7950,0.0,0.0
2022-11-30 00:00:00-05:00,120.31999969482422,122.0,116.08000183105469,120.72000122070312,15538,0.0,0.0
2022-12-01 00:00:00-05:00,117.19999694824219,121.5199966430664,114.16000366210938,115.91999816894531,9388,0.0,0.0
2022-12-02 00:00:00-05:00,114.08000183105469,118.55999755859375,113.83999633789062,118.4000015258789,6400,0.0,0.0
2022-12-05 00:00:00-05:00,118.23999786376953,118.63999938964844,112.0,113.12000274658203,8013,0.0,0.0
2022-12-06 00:00:00-05:00,110.31999969482422,116.87999725341797,108.16000366210938,112.87999725341797,9975,0.0,0.0
2022-12-07 00:00:00-05:00,112.95999908447266,113.68000030517578,108.87999725341797,112.55999755859375,9600,0.0,0.0
2022-12-08 00:00:00-05:00,113.27999877929688,118.87999725341797,112.55999755859375,113.68000030517578,7613,0.0,0.0
2022-12-09 00:00:00-05:00,113.5999984741211,113.83999633789062,106.4800033569336,108.55999755859375,14163,0.0,0.0
2022-12-12 00:00:00-05:00,107.76000213623047,109.83999633789062,105.44000244140625,108.0,5525,0.0,0.0
2022-12-13 00:00:00-05:00,108.80000305175781,108.80000305175781,92.55999755859375,94.4000015258789,41200,0.0,0.0
2022-12-14 00:00:00-05:00,94.31999969482422,95.36000061035156,90.55999755859375,92.95999908447266,21875,0.0,0.0
2022-12-15 00:00:00-05:00,93.19999694824219,94.08000183105469,89.76000213623047,91.12000274658203,14838,0.0,0.0
2022-12-16 00:00:00-05:00,91.04000091552734,91.04000091552734,84.4800033569336,84.4800033569336,21350,0.0,0.0
2022-12-19 00:00:00-05:00,86.0,91.12000274658203,85.68000030517578,86.87999725341797,20913,0.0,0.0
2022-12-20 00:00:00-05:00,88.0,88.72000122070312,85.68000030517578,85.68000030517578,13588,0.0,0.0
2022-12-21 00:00:00-05:00,86.4000015258789,89.19999694824219,86.0,88.08000183105469,15463,0.0,0.0
2022-12-22 00:00:00-05:00,88.4800033569336,88.4800033569336,85.83999633789062,87.12000274658203,8925,0.0,0.0
2022-12-23 00:00:00-05:00,87.27999877929688,88.0,81.04000091552734,81.5199966430664,26063,0.0,0.0
2022-12-27 00:00:00-05:00,82.95999908447266,86.80000305175781,81.5999984741211,84.63999938964844,20900,0.0,0.0
2022-12-28 00:00:00-05:00,84.23999786376953,85.36000061035156,78.4000015258789,79.83999633789062,23750,0.0,0.0
2022-12-29 00:00:00-05:00,79.76000213623047,80.87999725341797,77.5999984741211,79.68000030517578,15425,0.0,0.0
2022-12-30 00:00:00-05:00,80.0,80.55999755859375,72.95999908447266,75.68000030517578,38150,0.0,0.0
2023-01-03 00:00:00-05:00,77.5199966430664,78.55999755859375,68.4000015258789,69.83999633789062,36475,0.0,0.0
2023-01-04 00:00:00-05:00,69.5999984741211,72.95999908447266,68.72000122070312,69.19999694824219,25600,0.0,0.0
2023-01-05 00:00:00-05:00,69.19999694824219,71.19999694824219,62.880001068115234,66.0,33650,0.0,0.0
2023-01-06 00:00:00-05:00,64.80000305175781,67.04000091552734,61.279998779296875,64.87999725341797,32950,0.0,0.0
2023-01-09 00:00:00-05:00,64.4000015258789,64.4800033569336,61.36000061035156,62.2400016784668,30913,0.0,0.0
2023-01-10 00:00:00-05:00,61.84000015258789,63.20000076293945,61.20000076293945,62.400001525878906,15275,0.0,0.0
2023-01-11 00:00:00-05:00,62.2400016784668,66.63999938964844,62.2400016784668,65.19999694824219,14875,0.0,0.0
2023-01-12 00:00:00-05:00,65.27999877929688,67.83999633789062,64.95999908447266,66.63999938964844,15713,0.0,0.0
2023-01-13 00:00:00-05:00,66.55999755859375,66.55999755859375,61.91999816894531,61.91999816894531,15713,0.0,0.0
2023-01-17 00:00:00-05:00,63.279998779296875,64.0,59.91999816894531,60.47999954223633,22988,0.0,0.0
2023-01-18 00:00:00-05:00,60.08000183105469,62.0,59.119998931884766,60.31999969482422,16525,0.0,0.0
2023-01-19 00:00:00-05:00,60.0,60.31999969482422,58.2400016784668,59.84000015258789,15075,0.0,0.0
2023-01-20 00:00:00-05:00,59.84000015258789,63.91999816894531,59.7599983215332,61.599998474121094,13225,0.0,0.0
2023-01-23 00:00:00-05:00,61.68000030517578,63.68000030517578,60.880001068115234,62.959999084472656,14250,0.0,0.0
2023-01-24 00:00:00-05:00,64.08000183105469,64.08000183105469,61.599998474121094,61.68000030517578,13975,0.0,0.0
2023-01-25 00:00:00-05:00,61.279998779296875,62.0,59.599998474121094,60.15999984741211,10050,0.0,0.0
2023-01-26 00:00:00-05:00,59.91999816894531,59.91999816894531,45.439998626708984,46.0,153225,0.0,0.0
2023-01-27 00:00:00-05:00,46.79999923706055,50.15999984741211,44.15999984741211,49.36000061035156,82950,0.0,0.0
2023-01-30 00:00:00-05:00,49.119998931884766,50.400001525878906,44.79999923706055,45.119998931884766,41488,0.0,0.0
2023-01-31 00:00:00-05:00,45.119998931884766,47.599998474121094,44.2400016784668,47.599998474121094,19225,0.0,0.0
2023-02-01 00:00:00-05:00,47.040000915527344,48.15999984741211,45.040000915527344,46.79999923706055,20575,0.0,0.0
2023-02-02 00:00:00-05:00,47.68000030517578,48.720001220703125,46.400001525878906,46.47999954223633,12038,0.0,0.0
2023-02-03 00:00:00-05:00,45.68000030517578,58.959999084472656,45.68000030517578,57.84000015258789,91975,0.0,0.0
2023-02-06 00:00:00-05:00,58.15999984741211,60.400001525878906,52.15999984741211,52.63999938964844,42788,0.0,0.0
2023-02-07 00:00:00-05:00,52.47999954223633,52.880001068115234,50.0,51.119998931884766,12750,0.0,0.0
2023-02-08 00:00:00-05:00,53.20000076293945,55.91999816894531,50.880001068115234,55.20000076293945,21513,0.0,0.0
2023-02-09 00:00:00-05:00,54.63999938964844,55.119998931884766,50.2400016784668,50.720001220703125,24138,0.0,0.0
2023-02-10 00:00:00-05:00,35.84000015258789,44.31999969482422,34.0,44.2400016784668,207963,0.0,0.0
2023-02-13 00:00:00-05:00,44.0,44.959999084472656,40.959999084472656,41.279998779296875,31475,0.0,0.0
2023-02-14 00:00:00-05:00,42.0,42.0,38.79999923706055,40.2400016784668,48175,0.0,0.0
2023-02-15 00:00:00-05:00,41.599998474121094,44.0,39.599998474121094,43.439998626708984,77325,0.0,0.0
2023-02-16 00:00:00-05:00,42.880001068115234,44.0,41.040000915527344,42.63999938964844,34075,0.0,0.0
2023-02-17 00:00:00-05:00,42.31999969482422,42.31999969482422,40.15999984741211,42.08000183105469,23900,0.0,0.0
2023-02-21 00:00:00-05:00,42.15999984741211,42.15999984741211,39.68000030517578,40.31999969482422,24200,0.0,0.0
2023-02-22 00:00:00-05:00,40.31999969482422,43.040000915527344,39.68000030517578,42.400001525878906,28300,0.0,0.0
2023-02-23 00:00:00-05:00,42.720001220703125,44.15999984741211,41.119998931884766,42.79999923706055,34475,0.0,0.0
2023-02-24 00:00:00-05:00,42.400001525878906,43.599998474121094,40.959999084472656,42.63999938964844,18263,0.0,0.0
2023-02-27 00:00:00-05:00,42.79999923706055,46.15999984741211,42.79999923706055,45.279998779296875,35163,0.0,0.0
2023-02-28 00:00:00-05:00,45.20000076293945,48.31999969482422,44.400001525878906,46.31999969482422,30375,0.0,0.0
2023-03-01 00:00:00-05:00,46.79999923706055,48.08000183105469,44.720001220703125,45.599998474121094,34763,0.0,0.0
2023-03-02 00:00:00-05:00,46.15999984741211,46.15999984741211,44.15999984741211,44.47999954223633,19625,0.0,0.0
2023-03-03 00:00:00-05:00,45.52000045776367,46.2400016784668,41.68000030517578,45.52000045776367,21175,0.0,0.0
2023-03-06 00:00:00-05:00,45.7599983215332,46.720001220703125,45.20000076293945,46.08000183105469,19838,0.0,0.0
2023-03-07 00:00:00-05:00,45.68000030517578,45.91999816894531,42.959999084472656,43.439998626708984,20675,0.0,0.0
2023-03-08 00:00:00-05:00,43.599998474121094,44.880001068115234,42.400001525878906,44.400001525878906,11963,0.0,0.0
2023-03-09 00:00:00-05:00,44.15999984741211,47.040000915527344,44.15999984741211,45.040000915527344,19513,0.0,0.0
2023-03-10 00:00:00-05:00,45.040000915527344,45.040000915527344,41.119998931884766,41.439998626708984,30938,0.0,0.0
2023-03-13 00:00:00-04:00,40.880001068115234,40.880001068115234,38.08000183105469,39.52000045776367,33213,0.0,0.0
2023-03-14 00:00:00-04:00,39.91999816894531,43.91999816894531,39.84000015258789,41.68000030517578,39013,0.0,0.0
2023-03-15 00:00:00-04:00,41.119998931884766,41.279998779296875,39.20000076293945,39.84000015258789,23400,0.0,0.0
2023-03-16 00:00:00-04:00,40.2400016784668,40.2400016784668,37.52000045776367,38.0,21175,0.0,0.0
2023-03-17 00:00:00-04:00,38.400001525878906,38.400001525878906,35.84000015258789,35.84000015258789,20475,0.0,0.0
2023-03-20 00:00:00-04:00,36.720001220703125,37.68000030517578,35.119998931884766,36.47999954223633,15888,0.0,0.0
2023-03-21 00:00:00-04:00,37.68000030517578,37.91999816894531,36.0,37.91999816894531,12763,0.0,0.0
2023-03-22 00:00:00-04:00,37.7599983215332,40.0,36.880001068115234,37.599998474121094,14663,0.0,0.0
2023-03-23 00:00:00-04:00,38.08000183105469,38.2400016784668,34.0,34.0,21900,0.0,0.0
2023-03-24 00:00:00-04:00,33.599998474121094,34.0,30.239999771118164,32.2400016784668,37863,0.0,0.0
2023-03-27 00:00:00-04:00,32.720001220703125,36.47999954223633,32.2400016784668,36.15999984741211,14100,0.0,0.0
2023-03-28 00:00:00-04:00,35.91999816894531,39.20000076293945,35.68000030517578,37.91999816894531,19088,0.0,0.0
2023-03-29 00:00:00-04:00,38.15999984741211,39.52000045776367,36.31999969482422,36.959999084472656,15075,0.0,0.0
2023-03-30 00:00:00-04:00,38.959999084472656,38.959999084472656,35.52000045776367,37.279998779296875,15188,0.0,0.0
2023-03-31 00:00:00-04:00,37.439998626708984,38.15999984741211,36.0,36.79999923706055,8775,0.0,0.0
2023-04-03 00:00:00-04:00,36.79999923706055,38.15999984741211,35.040000915527344,35.7599983215332,13413,0.0,0.0
2023-04-04 00:00:00-04:00,35.20000076293945,35.36000061035156,32.880001068115234,34.400001525878906,14325,0.0,0.0
2023-04-05 00:00:00-04:00,34.880001068115234,34.880001068115234,32.2400016784668,32.47999954223633,23263,0.0,0.0
2023-04-06 00:00:00-04:00,32.560001373291016,32.880001068115234,31.760000228881836,32.880001068115234,15250,0.0,0.0
2023-04-10 00:00:00-04:00,32.880001068115234,33.119998931884766,31.920000076293945,32.79999923706055,12438,0.0,0.0
2023-04-11 00:00:00-04:00,32.79999923706055,33.599998474121094,32.0,33.20000076293945,11513,0.0,0.0
2023-04-12 00:00:00-04:00,33.279998779296875,34.15999984741211,31.600000381469727,32.2400016784668,10950,0.0,0.0
2023-04-13 00:00:00-04:00,32.15999984741211,32.720001220703125,31.360000610351562,32.08000183105469,14063,0.0,0.0
2023-04-14 00:00:00-04:00,32.31999969482422,32.400001525878906,30.479999542236328,30.719999313354492,9463,0.0,0.0
2023-04-17 00:00:00-04:00,30.799999237060547,31.84000015258789,30.399999618530273,30.719999313354492,14513,0.0,0.0
2023-04-18 00:00:00-04:00,30.639999389648438,33.119998931884766,30.479999542236328,32.560001373291016,14038,0.0,0.0
2023-04-19 00:00:00-04:00,32.79999923706055,32.79999923706055,30.399999618530273,30.959999084472656,12538,0.0,0.0
2023-04-20 00:00:00-04:00,31.280000686645508,32.15999984741211,29.68000030517578,29.920000076293945,15288,0.0,0.0
2023-04-21 00:00:00-04:00,29.600000381469727,30.15999984741211,28.639999389648438,29.520000457763672,13763,0.0,0.0
2023-04-24 00:00:00-04:00,29.600000381469727,31.280000686645508,29.600000381469727,30.719999313354492,12038,0.0,0.0
2023-04-25 00:00:00-04:00,30.719999313354492,31.040000915527344,29.200000762939453,29.200000762939453,9475,0.0,0.0
2023-04-26 00:00:00-04:00,29.1200008392334,29.520000457763672,28.15999984741211,29.040000915527344,16638,0.0,0.0
2023-04-27 00:00:00-04:00,28.719999313354492,31.600000381469727,28.719999313354492,30.639999389648438,23988,0.0,0.0
2023-04-28 00:00:00-04:00,30.799999237060547,30.799999237060547,29.760000228881836,29.920000076293945,8138,0.0,0.0
2023-05-01 00:00:00-04:00,30.15999984741211,31.360000610351562,29.200000762939453,30.079999923706055,19225,0.0,0.0
2023-05-02 00:00:00-04:00,30.15999984741211,34.63999938964844,29.280000686645508,32.959999084472656,36425,0.0,0.0
2023-05-03 00:00:00-04:00,33.119998931884766,34.47999954223633,32.47999954223633,34.08000183105469,15638,0.0,0.0
2023-05-04 00:00:00-04:00,34.08000183105469,37.040000915527344,34.0,36.0,17438,0.0,0.0
2023-05-05 00:00:00-04:00,36.0,37.91999816894531,33.68000030517578,34.79999923706055,22175,0.0,0.0
2023-05-08 00:00:00-04:00,34.880001068115234,36.08000183105469,34.720001220703125,35.040000915527344,7000,0.0,0.0
2023-05-09 00:00:00-04:00,34.63999938964844,34.63999938964844,32.79999923706055,33.20000076293945,7413,0.0,0.0
2023-05-10 00:00:00-04:00,33.279998779296875,34.15999984741211,32.400001525878906,34.08000183105469,20200,0.0,0.0
2023-05-11 00:00:00-04:00,33.7599983215332,35.040000915527344,33.040000915527344,33.439998626708984,8113,0.0,0.0
2023-05-12 00:00:00-04:00,33.52000045776367,33.84000015258789,30.8799991607666,31.520000457763672,11688,0.0,0.0
2023-05-15 00:00:00-04:00,32.31999969482422,34.15999984741211,31.68000030517578,34.15999984741211,8975,0.0,0.0
2023-05-16 00:00:00-04:00,33.599998474121094,33.599998474121094,32.400001525878906,33.279998779296875,6450,0.0,0.0
2023-05-17 00:00:00-04:00,33.040000915527344,35.439998626708984,33.040000915527344,34.0,11175,0.0,0.0
2023-05-18 00:00:00-04:00,33.36000061035156,35.20000076293945,32.63999938964844,35.119998931884766,7400,0.0,0.0
2023-05-19 00:00:00-04:00,35.040000915527344,37.52000045776367,34.959999084472656,37.040000915527344,9875,0.0,0.0
2023-05-22 00:00:00-04:00,37.52000045776367,38.720001220703125,35.439998626708984,37.279998779296875,8850,0.0,0.0
2023-05-23 00:00:00-04:00,36.79999923706055,40.560001373291016,36.400001525878906,38.31999969482422,15613,0.0,0.0
2023-05-24 00:00:00-04:00,37.7599983215332,39.119998931884766,37.119998931884766,38.79999923706055,6825,0.0,0.0
2023-05-25 00:00:00-04:00,39.20000076293945,39.20000076293945,37.20000076293945,38.31999969482422,4863,0.0,0.0
2023-05-26 00:00:00-04:00,37.68000030517578,38.15999984741211,35.36000061035156,37.279998779296875,13713,0.0,0.0
2023-05-30 00:00:00-04:00,37.7599983215332,37.7599983215332,35.91999816894531,36.31999969482422,3925,0.0,0.0
2023-05-31 00:00:00-04:00,36.880001068115234,37.84000015258789,36.08000183105469,37.279998779296875,3400,0.0,0.0
2023-06-01 00:00:00-04:00,37.599998474121094,39.36000061035156,36.880001068115234,39.36000061035156,7413,0.0,0.0
2023-06-02 00:00:00-04:00,39.599998474121094,40.47999954223633,38.47999954223633,40.400001525878906,11263,0.0,0.0
2023-06-05 00:00:00-04:00,40.31999969482422,40.79999923706055,39.040000915527344,39.68000030517578,8425,0.0,0.0
2023-06-06 00:00:00-04:00,39.7599983215332,39.91999816894531,37.52000045776367,38.47999954223633,8638,0.0,0.0
2023-06-07 00:00:00-04:00,37.68000030517578,39.7599983215332,37.599998474121094,39.7599983215332,9550,0.0,0.0
2023-06-08 00:00:00-04:00,39.439998626708984,42.15999984741211,39.119998931884766,41.439998626708984,8238,0.0,0.0
2023-06-09 00:00:00-04:00,41.84000015258789,44.08000183105469,41.84000015258789,42.560001373291016,8488,0.0,0.0
2023-06-12 00:00:00-04:00,42.0,46.400001525878906,42.0,43.279998779296875,19800,0.0,0.0
2023-06-13 00:00:00-04:00,43.84000015258789,43.91999816894531,40.0,41.7599983215332,15125,0.0,0.0
2023-06-14 00:00:00-04:00,41.119998931884766,44.2400016784668,41.119998931884766,44.08000183105469,17663,0.0,0.0
2023-06-15 00:00:00-04:00,44.2400016784668,50.2400016784668,44.08000183105469,49.91999816894531,34038,0.0,0.0
2023-06-16 00:00:00-04:00,49.91999816894531,49.91999816894531,46.15999984741211,46.959999084472656,20113,0.0,0.0
2023-06-20 00:00:00-04:00,47.040000915527344,51.599998474121094,46.47999954223633,50.880001068115234,29213,0.0,0.0
2023-06-21 00:00:00-04:00,50.0,54.31999969482422,48.63999938964844,49.119998931884766,34175,0.0,0.0
2023-06-22 00:00:00-04:00,48.880001068115234,48.880001068115234,44.0,46.31999969482422,18788,0.0,0.0
2023-06-23 00:00:00-04:00,44.79999923706055,46.2400016784668,43.279998779296875,44.0,13775,0.0,0.0
2023-06-26 00:00:00-04:00,44.15999984741211,46.959999084472656,43.68000030517578,46.2400016784668,8725,0.0,0.0
2023-06-27 00:00:00-04:00,46.15999984741211,46.79999923706055,43.599998474121094,44.08000183105469,5700,0.0,0.0
2023-06-28 00:00:00-04:00,44.0,46.79999923706055,42.959999084472656,46.47999954223633,13388,0.0,0.0
2023-06-29 00:00:00-04:00,46.79999923706055,49.439998626708984,45.36000061035156,48.0,9563,0.0,0.0
2023-06-30 00:00:00-04:00,48.08000183105469,48.08000183105469,45.20000076293945,45.599998474121094,5725,0.0,0.0
2023-07-03 00:00:00-04:00,45.7599983215332,45.7599983215332,42.79999923706055,44.08000183105469,6488,0.0,0.0
2023-07-05 00:00:00-04:00,44.720001220703125,45.91999816894531,41.91999816894531,45.36000061035156,12250,0.0,0.0
2023-07-06 00:00:00-04:00,44.79999923706055,45.599998474121094,42.0,42.47999954223633,8825,0.0,0.0
2023-07-07 00:00:00-04:00,42.400001525878906,44.47999954223633,42.08000183105469,42.63999938964844,5188,0.0,0.0
2023-07-10 00:00:00-04:00,42.720001220703125,45.279998779296875,42.15999984741211,45.040000915527344,5988,0.0,0.0
2023-07-11 00:00:00-04:00,43.439998626708984,45.91999816894531,43.439998626708984,45.279998779296875,4750,0.0,0.0
2023-07-12 00:00:00-04:00,45.20000076293945,45.439998626708984,42.47999954223633,42.47999954223633,7963,0.0,0.0
2023-07-13 00:00:00-04:00,42.720001220703125,44.0,41.119998931884766,41.599998474121094,7300,0.0,0.0
2023-07-14 00:00:00-04:00,41.91999816894531,42.880001068115234,40.79999923706055,41.52000045776367,8663,0.0,0.0
2023-07-17 00:00:00-04:00,41.599998474121094,43.91999816894531,41.20000076293945,43.36000061035156,5200,0.0,0.0
2023-07-18 00:00:00-04:00,43.36000061035156,43.599998474121094,42.0,42.31999969482422,2725,0.0,0.0
2023-07-19 00:00:00-04:00,42.47999954223633,42.79999923706055,38.2400016784668,39.279998779296875,9775,0.0,0.0
2023-07-20 00:00:00-04:00,39.52000045776367,44.560001373291016,38.560001373291016,44.2400016784668,31375,0.0,0.0
2023-07-21 00:00:00-04:00,44.2400016784668,51.040000915527344,43.7599983215332,50.15999984741211,42650,0.0,0.0
2023-07-24 00:00:00-04:00,50.880001068115234,51.439998626708984,45.7599983215332,48.79999923706055,27200,0.0,0.0
2023-07-25 00:00:00-04:00,48.08000183105469,49.91999816894531,47.439998626708984,49.20000076293945,6575,0.0,0.0
2023-07-26 00:00:00-04:00,49.84000015258789,49.84000015258789,46.79999923706055,48.400001525878906,8700,0.0,0.0
2023-07-27 00:00:00-04:00,44.2400016784668,44.2400016784668,38.959999084472656,40.15999984741211,57263,0.0,0.0
2023-07-28 00:00:00-04:00,40.31999969482422,41.84000015258789,38.0,39.84000015258789,29175,0.0,0.0
2023-07-31 00:00:00-04:00,39.84000015258789,39.91999816894531,37.279998779296875,39.279998779296875,19750,0.0,0.0
2023-08-01 00:00:00-04:00,39.84000015258789,41.119998931884766,38.560001373291016,40.08000183105469,10350,0.0,0.0
2023-08-02 00:00:00-04:00,40.08000183105469,42.31999969482422,40.08000183105469,42.0,5913,0.0,0.0
2023-08-03 00:00:00-04:00,41.279998779296875,42.560001373291016,40.79999923706055,40.79999923706055,5200,0.0,0.0
2023-08-04 00:00:00-04:00,41.119998931884766,42.0,40.880001068115234,41.20000076293945,4838,0.0,0.0
2023-08-07 00:00:00-04:00,40.31999969482422,41.119998931884766,39.599998474121094,40.2400016784668,5763,0.0,0.0
2023-08-08 00:00:00-04:00,40.2400016784668,40.880001068115234,38.79999923706055,40.08000183105469,9513,0.0,0.0
2023-08-09 00:00:00-04:00,40.0,40.15999984741211,38.400001525878906,38.560001373291016,11513,0.0,0.0
2023-08-10 00:00:00-04:00,39.040000915527344,39.119998931884766,36.400001525878906,36.79999923706055,12100,0.0,0.0
2023-08-11 00:00:00-04:00,36.0,37.439998626708984,34.400001525878906,34.63999938964844,11925,0.0,0.0
2023-08-14 00:00:00-04:00,34.720001220703125,35.52000045776367,33.439998626708984,34.15999984741211,12250,0.0,0.0
2023-08-15 00:00:00-04:00,34.15999984741211,34.63999938964844,32.959999084472656,33.20000076293945,14113,0.0,0.0
2023-08-16 00:00:00-04:00,33.279998779296875,34.0,32.15999984741211,32.720001220703125,9975,0.0,0.0
2023-08-17 00:00:00-04:00,32.720001220703125,36.0,32.31999969482422,35.91999816894531,7275,0.0,0.0
2023-08-18 00:00:00-04:00,36.31999969482422,36.880001068115234,34.79999923706055,35.439998626708984,5763,0.0,0.0
2023-08-21 00:00:00-04:00,34.959999084472656,36.560001373291016,33.7599983215332,34.08000183105469,4525,0.0,0.0
2023-08-22 00:00:00-04:00,34.63999938964844,35.119998931884766,32.400001525878906,33.279998779296875,8988,0.0,0.0
2023-08-23 00:00:00-04:00,35.279998779296875,35.279998779296875,32.79999923706055,33.20000076293945,4663,0.0,0.0
2023-08-24 00:00:00-04:00,32.79999923706055,33.119998931884766,30.799999237060547,31.200000762939453,11800,0.0,0.0
2023-08-25 00:00:00-04:00,31.440000534057617,32.79999923706055,30.8799991607666,32.560001373291016,2825,0.0,0.0
2023-08-28 00:00:00-04:00,32.08000183105469,32.880001068115234,32.08000183105469,32.79999923706055,2800,0.0,0.0
2023-08-29 00:00:00-04:00,32.880001068115234,34.400001525878906,31.84000015258789,33.36000061035156,6125,0.0,0.0
2023-08-30 00:00:00-04:00,32.400001525878906,33.68000030517578,31.68000030517578,31.84000015258789,3825,0.0,0.0
2023-08-31 00:00:00-04:00,31.760000228881836,32.720001220703125,31.760000228881836,32.560001373291016,4375,0.0,0.0
2023-09-01 00:00:00-04:00,32.560001373291016,35.439998626708984,32.560001373291016,34.31999969482422,5138,0.0,0.0
2023-09-05 00:00:00-04:00,34.560001373291016,34.720001220703125,32.79999923706055,33.119998931884766,6613,0.0,0.0
2023-09-06 00:00:00-04:00,33.36000061035156,34.79999923706055,33.279998779296875,33.52000045776367,4288,0.0,0.0
2023-09-07 00:00:00-04:00,32.959999084472656,34.08000183105469,31.360000610351562,32.08000183105469,24363,0.0,0.0
2023-09-08 00:00:00-04:00,32.0,34.31999969482422,30.399999618530273,31.760000228881836,175375,0.0,0.0
2023-09-11 00:00:00-04:00,31.760000228881836,33.599998474121094,31.760000228881836,32.79999923706055,25638,0.0,0.0
2023-09-12 00:00:00-04:00,33.040000915527344,35.36000061035156,32.959999084472656,33.119998931884766,15088,0.0,0.0
2023-09-13 00:00:00-04:00,33.119998931884766,34.47999954223633,32.959999084472656,34.2400016784668,13638,0.0,0.0
2023-09-14 00:00:00-04:00,34.47999954223633,36.560001373291016,34.47999954223633,36.400001525878906,11113,0.0,0.0
2023-09-15 00:00:00-04:00,36.2400016784668,36.47999954223633,35.20000076293945,36.15999984741211,8013,0.0,0.0
2023-09-18 00:00:00-04:00,36.0,36.400001525878906,34.0,34.560001373291016,12313,0.0,0.0
2023-09-19 00:00:00-04:00,34.400001525878906,35.68000030517578,33.91999816894531,35.52000045776367,6100,0.0,0.0
2023-09-20 00:00:00-04:00,34.79999923706055,36.47999954223633,34.63999938964844,36.31999969482422,17000,0.0,0.0
2023-09-21 00:00:00-04:00,35.599998474121094,36.31999969482422,34.720001220703125,35.119998931884766,11638,0.0,0.0
2023-09-22 00:00:00-04:00,35.52000045776367,35.52000045776367,33.20000076293945,33.279998779296875,23713,0.0,0.0
2023-09-25 00:00:00-04:00,33.52000045776367,34.2400016784668,32.0,32.400001525878906,5538,0.0,0.0
2023-09-26 00:00:00-04:00,32.720001220703125,34.08000183105469,32.31999969482422,33.119998931884766,10725,0.0,0.0
2023-09-27 00:00:00-04:00,33.20000076293945,33.279998779296875,32.0,32.400001525878906,13925,0.0,0.0
2023-09-28 00:00:00-04:00,32.720001220703125,34.15999984741211,32.720001220703125,33.040000915527344,6575,0.0,0.0
2023-09-29 00:00:00-04:00,33.599998474121094,34.0,31.920000076293945,31.920000076293945,6775,0.0,0.0
2023-10-02 00:00:00-04:00,32.0,32.959999084472656,31.920000076293945,32.15999984741211,7488,0.0,0.0
2023-10-03 00:00:00-04:00,32.0,32.63999938964844,29.600000381469727,30.31999969482422,15563,0.0,0.0
2023-10-04 00:00:00-04:00,30.559999465942383,32.31999969482422,30.559999465942383,31.360000610351562,18263,0.0,0.0
2023-10-05 00:00:00-04:00,31.520000457763672,32.0,30.8799991607666,31.280000686645508,12638,0.0,0.0
2023-10-06 00:00:00-04:00,31.200000762939453,32.0,30.8799991607666,31.440000534057617,3863,0.0,0.0
2023-10-09 00:00:00-04:00,31.360000610351562,31.600000381469727,30.799999237060547,31.1200008392334,6600,0.0,0.0
2023-10-10 00:00:00-04:00,31.200000762939453,32.47999954223633,30.799999237060547,31.920000076293945,8313,0.0,0.0
2023-10-11 00:00:00-04:00,32.0,32.720001220703125,31.68000030517578,32.400001525878906,5088,0.0,0.0
2023-10-12 00:00:00-04:00,32.47999954223633,32.79999923706055,31.280000686645508,32.0,9263,0.0,0.0
2023-10-13 00:00:00-04:00,31.920000076293945,32.0,30.799999237060547,31.200000762939453,10150,0.0,0.0
2023-10-16 00:00:00-04:00,31.520000457763672,31.760000228881836,30.799999237060547,31.600000381469727,14588,0.0,0.0
2023-10-17 00:00:00-04:00,31.520000457763672,34.560001373291016,31.520000457763672,33.7599983215332,16475,0.0,0.0
2023-10-18 00:00:00-04:00,33.68000030517578,34.0,31.68000030517578,32.0,3875,0.0,0.0
2023-10-19 00:00:00-04:00,32.2400016784668,35.20000076293945,32.2400016784668,34.880001068115234,31400,0.0,0.0
2023-10-20 00:00:00-04:00,35.040000915527344,35.599998474121094,33.7599983215332,34.0,10850,0.0,0.0
2023-10-23 00:00:00-04:00,33.84000015258789,35.7599983215332,33.599998474121094,35.20000076293945,15200,0.0,0.0
2023-10-24 00:00:00-04:00,35.599998474121094,37.599998474121094,35.119998931884766,36.560001373291016,12588,0.0,0.0
2023-10-25 00:00:00-04:00,36.880001068115234,37.20000076293945,34.560001373291016,35.20000076293945,12638,0.0,0.0
2023-10-26 00:00:00-04:00,34.08000183105469,34.400001525878906,31.1200008392334,31.920000076293945,47375,0.0,0.0
2023-10-27 00:00:00-04:00,32.2400016784668,32.2400016784668,28.559999465942383,29.1200008392334,41638,0.0,0.0
2023-10-30 00:00:00-04:00,30.079999923706055,30.239999771118164,28.8799991607666,29.760000228881836,12138,0.0,0.0
2023-10-31 00:00:00-04:00,29.440000534057617,30.559999465942383,28.719999313354492,30.079999923706055,11025,0.0,0.0
2023-11-01 00:00:00-04:00,30.15999984741211,30.799999237060547,29.68000030517578,30.479999542236328,10738,0.0,0.0
2023-11-02 00:00:00-04:00,30.639999389648438,31.600000381469727,30.0,30.479999542236328,22275,0.0,0.0
2023-11-03 00:00:00-04:00,30.559999465942383,33.119998931884766,30.559999465942383,32.47999954223633,14800,0.0,0.0
2023-11-06 00:00:00-05:00,32.720001220703125,34.31999969482422,31.040000915527344,33.040000915527344,9188,0.0,0.0
2023-11-07 00:00:00-05:00,33.439998626708984,33.52000045776367,31.84000015258789,32.63999938964844,13838,0.0,0.0
2023-11-08 00:00:00-05:00,32.63999938964844,32.63999938964844,30.8799991607666,31.200000762939453,9925,0.0,0.0
2023-11-09 00:00:00-05:00,31.600000381469727,31.600000381469727,30.479999542236328,30.959999084472656,4013,0.0,0.0
2023-11-10 00:00:00-05:00,30.959999084472656,31.760000228881836,29.84000015258789,31.440000534057617,6425,0.0,0.0
2023-11-13 00:00:00-05:00,31.360000610351562,32.63999938964844,30.959999084472656,31.280000686645508,2375,0.0,0.0
2023-11-14 00:00:00-05:00,31.600000381469727,31.600000381469727,29.600000381469727,30.399999618530273,14538,0.0,0.0
2023-11-15 00:00:00-05:00,30.31999969482422,32.400001525878906,29.440000534057617,31.440000534057617,12550,0.0,0.0
2023-11-16 00:00:00-05:00,30.959999084472656,32.720001220703125,30.959999084472656,31.440000534057617,7525,0.0,0.0
2023-11-17 00:00:00-05:00,31.440000534057617,32.880001068115234,31.440000534057617,32.560001373291016,1663,0.0,0.0
2023-11-20 00:00:00-05:00,32.47999954223633,36.0,31.920000076293945,33.68000030517578,14875,0.0,0.0
2023-11-21 00:00:00-05:00,32.560001373291016,34.15999984741211,32.400001525878906,33.36000061035156,3050,0.0,0.0
2023-11-22 00:00:00-05:00,32.880001068115234,35.20000076293945,32.560001373291016,34.08000183105469,5775,0.0,0.0
2023-11-24 00:00:00-05:00,35.439998626708984,35.439998626708984,33.52000045776367,34.2400016784668,3163,0.0,0.0
2023-11-27 00:00:00-05:00,34.0,36.79999923706055,33.119998931884766,34.959999084472656,17388,0.0,0.0
2023-11-28 00:00:00-05:00,35.040000915527344,35.7599983215332,34.63999938964844,35.439998626708984,6700,0.0,0.0
2023-11-29 00:00:00-05:00,35.84000015258789,35.84000015258789,34.0,34.15999984741211,4813,0.0,0.0
2023-11-30 00:00:00-05:00,34.31999969482422,34.880001068115234,33.84000015258789,34.15999984741211,3075,0.0,0.0
2023-12-01 00:00:00-05:00,34.0,35.68000030517578,34.0,35.119998931884766,7588,0.0,0.0
2023-12-04 00:00:00-05:00,35.119998931884766,36.0,34.15999984741211,36.0,8813,0.0,0.0
2023-12-05 00:00:00-05:00,35.7599983215332,36.0,35.279998779296875,35.7599983215332,6838,0.0,0.0
2023-12-06 00:00:00-05:00,35.20000076293945,36.720001220703125,34.400001525878906,35.119998931884766,9100,0.0,0.0
2023-12-07 00:00:00-05:00,35.52000045776367,35.91999816894531,34.63999938964844,35.040000915527344,6313,0.0,0.0
2023-12-08 00:00:00-05:00,34.880001068115234,35.52000045776367,32.08000183105469,34.79999923706055,17950,0.0,0.0
2023-12-11 00:00:00-05:00,34.560001373291016,35.119998931884766,32.400001525878906,32.79999923706055,5600,0.0,0.0
2023-12-12 00:00:00-05:00,32.63999938964844,32.63999938964844,30.239999771118164,30.479999542236328,18150,0.0,0.0
2023-12-13 00:00:00-05:00,30.479999542236328,31.280000686645508,30.079999923706055,30.559999465942383,12300,0.0,0.0
2023-12-14 00:00:00-05:00,30.799999237060547,31.520000457763672,29.68000030517578,29.68000030517578,8400,0.0,0.0
2023-12-15 00:00:00-05:00,29.920000076293945,30.399999618530273,27.920000076293945,28.079999923706055,42088,0.0,0.0
2023-12-18 00:00:00-05:00,28.959999084472656,29.1200008392334,26.639999389648438,26.959999084472656,29650,0.0,0.0
2023-12-19 00:00:00-05:00,26.8799991607666,26.959999084472656,24.0,24.0,55150,0.0,0.0
2023-12-20 00:00:00-05:00,24.399999618530273,26.079999923706055,24.0,24.31999969482422,40500,0.0,0.0
2023-12-21 00:00:00-05:00,24.479999542236328,25.68000030517578,24.399999618530273,25.600000381469727,13300,0.0,0.0
2023-12-22 00:00:00-05:00,25.440000534057617,27.920000076293945,25.040000915527344,26.8799991607666,20150,0.0,0.0
2023-12-26 00:00:00-05:00,26.959999084472656,28.799999237060547,26.559999465942383,28.559999465942383,16938,0.0,0.0
2023-12-27 00:00:00-05:00,28.559999465942383,29.68000030517578,28.079999923706055,28.239999771118164,10150,0.0,0.0
2023-12-28 00:00:00-05:00,28.15999984741211,29.600000381469727,28.079999923706055,28.8799991607666,15138,0.0,0.0
2023-12-29 00:00:00-05:00,29.1200008392334,29.600000381469727,28.15999984741211,28.479999542236328,18038,0.0,0.0
2024-01-02 00:00:00-05:00,28.31999969482422,28.399999618530273,26.0,26.15999984741211,22450,0.0,0.0
2024-01-03 00:00:00-05:00,26.0,26.559999465942383,23.600000381469727,24.0,32088,0.0,0.0
2024-01-04 00:00:00-05:00,24.0,24.15999984741211,22.799999237060547,23.200000762939453,18400,0.0,0.0
2024-01-05 00:00:00-05:00,23.440000534057617,24.559999465942383,23.360000610351562,23.440000534057617,13988,0.0,0.0
2024-01-08 00:00:00-05:00,23.920000076293945,24.0,22.639999389648438,23.68000030517578,31125,0.0,0.0
2024-01-09 00:00:00-05:00,23.280000686645508,24.239999771118164,22.8799991607666,24.0,14750,0.0,0.0
2024-01-10 00:00:00-05:00,24.0,24.0,23.280000686645508,23.280000686645508,23950,0.0,0.0
2024-01-11 00:00:00-05:00,23.440000534057617,23.760000228881836,22.399999618530273,22.559999465942383,47313,0.0,0.0
2024-01-12 00:00:00-05:00,22.719999313354492,22.8799991607666,21.600000381469727,21.920000076293945,14763,0.0,0.0
2024-01-16 00:00:00-05:00,22.0,22.0,19.040000915527344,20.399999618530273,32763,0.0,0.0
2024-01-17 00:00:00-05:00,19.84000015258789,21.1200008392334,19.68000030517578,21.1200008392334,16225,0.0,0.0
2024-01-18 00:00:00-05:00,21.200000762939453,21.84000015258789,20.399999618530273,20.639999389648438,11275,0.0,0.0
2024-01-19 00:00:00-05:00,20.479999542236328,24.719999313354492,20.15999984741211,23.84000015258789,101250,0.0,0.0
2024-01-22 00:00:00-05:00,24.0,24.559999465942383,23.68000030517578,24.559999465942383,4913,0.0,0.0
2024-01-23 00:00:00-05:00,24.559999465942383,26.8799991607666,24.559999465942383,25.600000381469727,30175,0.0,0.0
2024-01-24 00:00:00-05:00,25.760000228881836,25.760000228881836,23.84000015258789,24.399999618530273,6300,0.0,0.0
2024-01-25 00:00:00-05:00,24.8799991607666,25.920000076293945,24.559999465942383,25.200000762939453,36463,0.0,0.0
2024-01-26 00:00:00-05:00,24.8799991607666,26.079999923706055,24.8799991607666,25.040000915527344,5388,0.0,0.0
2024-01-29 00:00:00-05:00,25.040000915527344,25.360000610351562,24.079999923706055,24.959999084472656,5525,0.0,0.0
2024-01-30 00:00:00-05:00,24.639999389648438,24.799999237060547,22.399999618530273,23.200000762939453,13350,0.0,0.0
2024-01-31 00:00:00-05:00,23.440000534057617,24.0,22.959999084472656,23.280000686645508,3963,0.0,0.0
2024-02-01 00:00:00-05:00,23.360000610351562,23.68000030517578,22.239999771118164,22.479999542236328,8275,0.0,0.0
2024-02-02 00:00:00-05:00,22.799999237060547,23.440000534057617,22.15999984741211,23.280000686645508,6188,0.0,0.0
2024-02-05 00:00:00-05:00,22.959999084472656,22.959999084472656,22.239999771118164,22.399999618530273,4800,0.0,0.0
2024-02-06 00:00:00-05:00,22.959999084472656,22.959999084472656,22.31999969482422,22.399999618530273,1388,0.0,0.0
2024-02-07 00:00:00-05:00,22.31999969482422,22.639999389648438,21.200000762939453,21.280000686645508,8625,0.0,0.0
2024-02-08 00:00:00-05:00,21.280000686645508,22.559999465942383,21.280000686645508,22.31999969482422,5350,0.0,0.0
2024-02-09 00:00:00-05:00,22.079999923706055,22.799999237060547,22.0,22.079999923706055,15150,0.0,0.0
2024-02-12 00:00:00-05:00,22.0,22.399999618530273,21.200000762939453,21.520000457763672,16250,0.0,0.0
2024-02-13 00:00:00-05:00,21.200000762939453,21.440000534057617,20.15999984741211,20.799999237060547,13575,0.0,0.0
2024-02-14 00:00:00-05:00,20.959999084472656,21.84000015258789,20.959999084472656,21.600000381469727,7275,0.0,0.0
2024-02-15 00:00:00-05:00,21.520000457763672,22.8799991607666,21.520000457763672,22.719999313354492,9588,0.0,0.0
2024-02-16 00:00:00-05:00,22.559999465942383,22.8799991607666,22.15999984741211,22.639999389648438,3363,0.0,0.0
2024-02-20 00:00:00-05:00,22.959999084472656,25.1200008392334,22.719999313354492,25.1200008392334,7688,0.0,0.0
2024-02-21 00:00:00-05:00,24.959999084472656,25.040000915527344,22.479999542236328,23.360000610351562,18938,0.0,0.0
2024-02-22 00:00:00-05:00,23.600000381469727,24.559999465942383,21.280000686645508,22.079999923706055,11113,0.0,0.0
2024-02-23 00:00:00-05:00,22.079999923706055,23.440000534057617,21.760000228881836,22.079999923706055,6638,0.0,0.0
2024-02-26 00:00:00-05:00,22.399999618530273,23.360000610351562,22.399999618530273,22.8799991607666,8863,0.0,0.0
2024-02-27 00:00:00-05:00,22.8799991607666,23.360000610351562,22.559999465942383,22.8799991607666,5425,0.0,0.0
2024-02-28 00:00:00-05:00,22.8799991607666,23.200000762939453,22.639999389648438,22.8799991607666,5650,0.0,0.0
2024-02-29 00:00:00-05:00,23.040000915527344,24.0,22.31999969482422,22.31999969482422,7388,0.0,0.0
2024-03-01 00:00:00-05:00,22.239999771118164,23.520000457763672,21.280000686645508,23.040000915527344,7413,0.0,0.0
2024-03-04 00:00:00-05:00,23.360000610351562,23.360000610351562,22.399999618530273,22.959999084472656,3713,0.0,0.0
2024-03-05 00:00:00-05:00,22.959999084472656,24.079999923706055,22.559999465942383,23.920000076293945,4600,0.0,0.0
2024-03-06 00:00:00-05:00,24.239999771118164,25.360000610351562,22.8799991607666,23.440000534057617,16338,0.0,0.0
2024-03-07 00:00:00-05:00,24.239999771118164,24.8799991607666,22.639999389648438,23.040000915527344,14100,0.0,0.0
2024-03-08 00:00:00-05:00,22.8799991607666,23.440000534057617,21.1200008392334,22.479999542236328,12663,0.0,0.0
2024-03-11 00:00:00-04:00,22.399999618530273,22.959999084472656,20.479999542236328,21.200000762939453,11775,0.0,0.0
2024-03-12 00:00:00-04:00,21.760000228881836,21.920000076293945,21.200000762939453,21.200000762939453,8650,0.0,0.0
2024-03-13 00:00:00-04:00,20.8799991607666,22.0,20.8799991607666,21.280000686645508,6200,0.0,0.0
2024-03-14 00:00:00-04:00,21.760000228881836,21.760000228881836,20.0,20.239999771118164,19138,0.0,0.0
2024-03-15 00:00:00-04:00,20.31999969482422,21.84000015258789,19.920000076293945,21.040000915527344,13175,0.0,0.0
2024-03-18 00:00:00-04:00,20.8799991607666,21.040000915527344,19.760000228881836,19.84000015258789,12263,0.0,0.0
2024-03-19 00:00:00-04:00,19.920000076293945,21.68000030517578,19.68000030517578,20.639999389648438,14088,0.0,0.0
2024-03-20 00:00:00-04:00,20.719999313354492,20.959999084472656,20.15999984741211,20.15999984741211,2488,0.0,0.0
2024-03-21 00:00:00-04:00,20.15999984741211,20.639999389648438,19.360000610351562,19.68000030517578,12575,0.0,0.0
2024-03-22 00:00:00-04:00,19.68000030517578,20.0,19.440000534057617,19.68000030517578,8625,0.0,0.0
2024-03-25 00:00:00-04:00,19.84000015258789,20.0,17.440000534057617,17.600000381469727,39625,0.0,0.0
2024-03-26 00:00:00-04:00,18.0,18.0,14.15999984741211,15.119999885559082,74200,0.0,0.0
2024-03-27 00:00:00-04:00,14.880000114440918,15.920000076293945,14.399999618530273,15.600000381469727,27663,0.0,0.0
2024-03-28 00:00:00-04:00,15.600000381469727,16.559999465942383,15.119999885559082,15.520000457763672,10063,0.0,0.0
2024-04-01 00:00:00-04:00,15.199999809265137,15.359999656677246,14.800000190734863,15.119999885559082,14438,0.0,0.0
2024-04-02 00:00:00-04:00,14.880000114440918,14.960000038146973,14.319999694824219,14.880000114440918,7638,0.0,0.0
2024-04-03 00:00:00-04:00,14.800000190734863,14.880000114440918,13.4399995803833,13.760000228881836,30900,0.0,0.0
2024-04-04 00:00:00-04:00,13.760000228881836,14.720000267028809,13.760000228881836,14.239999771118164,12613,0.0,0.0
2024-04-05 00:00:00-04:00,14.079999923706055,14.319999694824219,13.119999885559082,13.760000228881836,41450,0.0,0.0
2024-04-08 00:00:00-04:00,13.600000381469727,14.0,11.760000228881836,13.119999885559082,30850,0.0,0.0
2024-04-09 00:00:00-04:00,12.960000038146973,13.039999961853027,11.84000015258789,12.079999923706055,22200,0.0,0.0
2024-04-10 00:00:00-04:00,12.079999923706055,13.359999656677246,11.039999961853027,12.479999542236328,45300,0.0,0.0
2024-04-11 00:00:00-04:00,12.880000114440918,12.880000114440918,11.199999809265137,11.680000305175781,22088,0.0,0.0
2024-04-12 00:00:00-04:00,11.600000381469727,12.239999771118164,11.520000457763672,11.84000015258789,12088,0.0,0.0
2024-04-15 00:00:00-04:00,11.84000015258789,11.920000076293945,11.520000457763672,11.84000015258789,13288,0.0,0.0
2024-04-16 00:00:00-04:00,11.84000015258789,12.5600004196167,11.520000457763672,12.239999771118164,5888,0.0,0.0
2024-04-17 00:00:00-04:00,12.319999694824219,12.479999542236328,11.600000381469727,12.0,9050,0.0,0.0
2024-04-18 00:00:00-04:00,11.84000015258789,12.479999542236328,11.760000228881836,12.319999694824219,3675,0.0,0.0
2024-04-19 00:00:00-04:00,12.319999694824219,13.84000015258789,12.15999984741211,13.199999809265137,18088,0.0,0.0
2024-04-22 00:00:00-04:00,13.039999961853027,14.15999984741211,12.960000038146973,13.600000381469727,11325,0.0,0.0
2024-04-23 00:00:00-04:00,13.600000381469727,13.760000228881836,12.960000038146973,13.279999732971191,6550,0.0,0.0
2024-04-24 00:00:00-04:00,13.359999656677246,14.5600004196167,12.960000038146973,13.600000381469727,9063,0.0,0.0
2024-04-25 00:00:00-04:00,14.15999984741211,15.600000381469727,14.15999984741211,14.960000038146973,22188,0.0,0.0
2024-04-26 00:00:00-04:00,14.960000038146973,16.479999542236328,14.720000267028809,15.760000228881836,14938,0.0,0.0
2024-04-29 00:00:00-04:00,15.600000381469727,16.799999237060547,14.720000267028809,15.84000015258789,20113,0.0,0.0
2024-04-30 00:00:00-04:00,15.760000228881836,16.559999465942383,15.039999961853027,15.920000076293945,15725,0.0,0.0
2024-05-01 00:00:00-04:00,15.920000076293945,16.31999969482422,15.760000228881836,15.760000228881836,6950,0.0,0.0
2024-05-02 00:00:00-04:00,16.0,16.799999237060547,15.4399995803833,16.479999542236328,9513,0.0,0.0
2024-05-03 00:00:00-04:00,16.399999618530273,16.8799991607666,16.15999984741211,16.399999618530273,5875,0.0,0.0
2024-05-06 00:00:00-04:00,16.239999771118164,16.239999771118164,15.680000305175781,15.680000305175781,8750,0.0,0.0
2024-05-07 00:00:00-04:00,15.600000381469727,16.0,14.479999542236328,14.5600004196167,12125,0.0,0.0
2024-05-08 00:00:00-04:00,14.239999771118164,15.600000381469727,14.239999771118164,14.800000190734863,5113,0.0,0.0
2024-05-09 00:00:00-04:00,15.199999809265137,15.520000457763672,14.720000267028809,15.199999809265137,6875,0.0,0.0
2024-05-10 00:00:00-04:00,15.039999961853027,15.600000381469727,14.399999618530273,14.720000267028809,9000,0.0,0.0
2024-05-13 00:00:00-04:00,14.960000038146973,15.680000305175781,14.960000038146973,15.199999809265137,11488,0.0,0.0
2024-05-14 00:00:00-04:00,15.279999732971191,16.0,15.199999809265137,15.199999809265137,20088,0.0,0.0
2024-05-15 00:00:00-04:00,15.359999656677246,15.760000228881836,14.720000267028809,14.880000114440918,12688,0.0,0.0
2024-05-16 00:00:00-04:00,15.039999961853027,15.520000457763672,14.880000114440918,15.119999885559082,15575,0.0,0.0
2024-05-17 00:00:00-04:00,15.119999885559082,15.520000457763672,14.399999618530273,14.479999542236328,4588,0.0,0.0
2024-05-20 00:00:00-04:00,14.5600004196167,14.5600004196167,13.680000305175781,13.760000228881836,13625,0.0,0.0
2024-05-21 00:00:00-04:00,13.680000305175781,14.0,13.279999732971191,13.359999656677246,17788,0.0,0.0
2024-05-22 00:00:00-04:00,13.520000457763672,13.600000381469727,13.199999809265137,13.359999656677246,23163,0.0,0.0
2024-05-23 00:00:00-04:00,13.279999732971191,13.520000457763672,12.399999618530273,13.4399995803833,40950,0.0,0.0
2024-05-24 00:00:00-04:00,13.920000076293945,14.720000267028809,13.4399995803833,13.680000305175781,14913,0.0,0.0
2024-05-28 00:00:00-04:00,13.920000076293945,14.399999618530273,13.520000457763672,13.920000076293945,17038,0.0,0.0
2024-05-29 00:00:00-04:00,13.520000457763672,14.0,13.4399995803833,13.520000457763672,7275,0.0,0.0
2024-05-30 00:00:00-04:00,13.760000228881836,14.640000343322754,13.600000381469727,14.239999771118164,15163,0.0,0.0
2024-05-31 00:00:00-04:00,14.479999542236328,15.199999809265137,14.079999923706055,15.039999961853027,10088,0.0,0.0
2024-06-03 00:00:00-04:00,15.4399995803833,15.680000305175781,15.119999885559082,15.520000457763672,9675,0.0,0.0
2024-06-04 00:00:00-04:00,15.600000381469727,16.0,14.399999618530273,14.720000267028809,14950,0.0,0.0
2024-06-05 00:00:00-04:00,15.039999961853027,15.600000381469727,14.720000267028809,15.4399995803833,5200,0.0,0.0
2024-06-06 00:00:00-04:00,15.600000381469727,16.239999771118164,15.279999732971191,15.4399995803833,15813,0.0,0.0
2024-06-07 00:00:00-04:00,15.4399995803833,16.0,15.359999656677246,15.520000457763672,1738,0.0,0.0
2024-06-10 00:00:00-04:00,15.4399995803833,15.600000381469727,14.960000038146973,14.960000038146973,3888,0.0,0.0
2024-06-11 00:00:00-04:00,15.199999809265137,15.199999809265137,14.079999923706055,14.319999694824219,6900,0.0,0.0
2024-06-12 00:00:00-04:00,14.239999771118164,14.720000267028809,13.920000076293945,13.920000076293945,4463,0.0,0.0
2024-06-13 00:00:00-04:00,14.399999618530273,14.399999618530273,13.920000076293945,14.15999984741211,1200,0.0,0.0
2024-06-14 00:00:00-04:00,14.239999771118164,14.399999618530273,13.600000381469727,13.680000305175781,4638,0.0,0.0
2024-06-17 00:00:00-04:00,13.600000381469727,14.479999542236328,13.600000381469727,14.15999984741211,3388,0.0,0.0
2024-06-18 00:00:00-04:00,13.920000076293945,14.640000343322754,12.880000114440918,13.039999961853027,15038,0.0,0.0
2024-06-20 00:00:00-04:00,13.119999885559082,13.199999809265137,12.239999771118164,12.239999771118164,11375,0.0,0.0
2024-06-21 00:00:00-04:00,12.479999542236328,12.479999542236328,11.84000015258789,12.0,6788,0.0,0.0
2024-06-24 00:00:00-04:00,11.84000015258789,12.0,11.199999809265137,11.359999656677246,10700,0.0,0.0
2024-06-25 00:00:00-04:00,11.520000457763672,11.600000381469727,10.319999694824219,10.720000267028809,26513,0.0,0.0
2024-06-26 00:00:00-04:00,10.960000038146973,11.600000381469727,10.079999923706055,11.4399995803833,57663,0.0,0.0
2024-06-27 00:00:00-04:00,11.279999732971191,11.600000381469727,10.960000038146973,11.359999656677246,10775,0.0,0.0
2024-06-28 00:00:00-04:00,11.359999656677246,11.600000381469727,11.119999885559082,11.279999732971191,8088,0.0,0.0
2024-07-01 00:00:00-04:00,11.119999885559082,11.359999656677246,10.880000114440918,11.199999809265137,10950,0.0,0.0
2024-07-02 00:00:00-04:00,11.199999809265137,11.199999809265137,10.15999984741211,10.239999771118164,16838,0.0,0.0
2024-07-03 00:00:00-04:00,10.239999771118164,10.5600004196167,10.0,10.15999984741211,9550,0.0,0.0
2024-07-05 00:00:00-04:00,10.640000343322754,10.800000190734863,10.0,10.319999694824219,18038,0.0,0.0
2024-07-08 00:00:00-04:00,10.239999771118164,10.5600004196167,9.199999809265137,9.359999656677246,22375,0.0,0.0
2024-07-09 00:00:00-04:00,9.279999732971191,9.4399995803833,8.720000267028809,8.960000038146973,50413,0.0,0.0
2024-07-10 00:00:00-04:00,8.960000038146973,9.199999809265137,8.319999694824219,8.319999694824219,27250,0.0,0.0
2024-07-11 00:00:00-04:00,8.399999618530273,9.600000381469727,8.319999694824219,9.279999732971191,17650,0.0,0.0
2024-07-12 00:00:00-04:00,9.760000228881836,11.4399995803833,9.359999656677246,11.359999656677246,64038,0.0,0.0
2024-07-15 00:00:00-04:00,11.199999809265137,11.4399995803833,10.800000190734863,10.960000038146973,11625,0.0,0.0
2024-07-16 00:00:00-04:00,10.880000114440918,11.520000457763672,10.800000190734863,11.119999885559082,12513,0.0,0.0
2024-07-17 00:00:00-04:00,11.119999885559082,11.359999656677246,10.720000267028809,11.199999809265137,4613,0.0,0.0
2024-07-18 00:00:00-04:00,11.359999656677246,11.600000381469727,10.399999618530273,10.800000190734863,6963,0.0,0.0
2024-07-19 00:00:00-04:00,10.960000038146973,11.039999961853027,10.399999618530273,10.800000190734863,4363,0.0,0.0
2024-07-22 00:00:00-04:00,10.880000114440918,10.880000114440918,10.239999771118164,10.399999618530273,7375,0.0,0.0
2024-07-23 00:00:00-04:00,10.319999694824219,10.479999542236328,9.680000305175781,9.84000015258789,6400,0.0,0.0
2024-07-24 00:00:00-04:00,10.0,10.880000114440918,9.920000076293945,10.239999771118164,14500,0.0,0.0
2024-07-25 00:00:00-04:00,10.0,11.199999809265137,9.600000381469727,11.039999961853027,13888,0.0,0.0
2024-07-26 00:00:00-04:00,11.199999809265137,11.84000015258789,10.399999618530273,11.4399995803833,15388,0.0,0.0
2024-07-29 00:00:00-04:00,11.520000457763672,12.0,10.399999618530273,10.800000190734863,11888,0.0,0.0
2024-07-30 00:00:00-04:00,10.800000190734863,11.119999885559082,10.319999694824219,10.479999542236328,7563,0.0,0.0
2024-07-31 00:00:00-04:00,10.720000267028809,11.279999732971191,10.319999694824219,10.640000343322754,15588,0.0,0.0
2024-08-01 00:00:00-04:00,10.880000114440918,11.359999656677246,10.239999771118164,10.800000190734863,16400,0.0,0.0
2024-08-02 00:00:00-04:00,10.5600004196167,11.600000381469727,10.0,11.199999809265137,16250,0.0,0.0
2024-08-05 00:00:00-04:00,11.119999885559082,12.640000343322754,10.880000114440918,12.399999618530273,35875,0.0,0.0
2024-08-06 00:00:00-04:00,12.720000267028809,13.119999885559082,12.15999984741211,12.5600004196167,12800,0.0,0.0
2024-08-07 00:00:00-04:00,12.479999542236328,12.800000190734863,11.84000015258789,12.239999771118164,9850,0.0,0.0
2024-08-08 00:00:00-04:00,11.760000228881836,12.239999771118164,11.279999732971191,11.4399995803833,15213,0.0,0.0
2024-08-09 00:00:00-04:00,11.279999732971191,12.0,8.640000343322754,9.039999961853027,51425,0.0,0.0
2024-08-12 00:00:00-04:00,9.520000457763672,9.84000015258789,8.5600004196167,8.720000267028809,18175,0.0,0.0
2024-08-13 00:00:00-04:00,8.720000267028809,8.960000038146973,8.399999618530273,8.800000190734863,17013,0.0,0.0
2024-08-14 00:00:00-04:00,8.880000114440918,8.960000038146973,8.0,8.0,25400,0.0,0.0
2024-08-15 00:00:00-04:00,8.239999771118164,8.399999618530273,8.0,8.15999984741211,14650,0.0,0.0
2024-08-16 00:00:00-04:00,8.15999984741211,8.640000343322754,8.15999984741211,8.640000343322754,10663,0.0,0.0
2024-08-19 00:00:00-04:00,8.720000267028809,9.520000457763672,8.640000343322754,9.119999885559082,17150,0.0,0.0
2024-08-20 00:00:00-04:00,9.039999961853027,9.520000457763672,8.800000190734863,8.800000190734863,3313,0.0,0.0
2024-08-21 00:00:00-04:00,8.960000038146973,9.600000381469727,8.960000038146973,9.520000457763672,13613,0.0,0.0
2024-08-22 00:00:00-04:00,10.319999694824219,12.0,8.800000190734863,10.0,73450,0.0,0.0
2024-08-23 00:00:00-04:00,9.760000228881836,10.0,9.359999656677246,9.600000381469727,13750,0.0,0.0
2024-08-26 00:00:00-04:00,9.760000228881836,10.239999771118164,9.680000305175781,10.0,12850,0.0,0.0
2024-08-27 00:00:00-04:00,10.0,10.399999618530273,9.359999656677246,9.520000457763672,5663,0.0,0.0
2024-08-28 00:00:00-04:00,9.359999656677246,9.84000015258789,9.199999809265137,9.520000457763672,11063,0.0,0.0
2024-08-29 00:00:00-04:00,9.520000457763672,9.520000457763672,9.039999961853027,9.199999809265137,4700,0.0,0.0
2024-08-30 00:00:00-04:00,9.039999961853027,9.600000381469727,9.039999961853027,9.279999732971191,3938,0.0,0.0
2024-09-03 00:00:00-04:00,9.279999732971191,9.279999732971191,8.960000038146973,8.960000038146973,5338,0.0,0.0
2024-09-04 00:00:00-04:00,8.960000038146973,9.359999656677246,8.479999542236328,8.479999542236328,7463,0.0,0.0
2024-09-05 00:00:00-04:00,8.640000343322754,9.039999961853027,8.399999618530273,8.640000343322754,10488,0.0,0.0
2024-09-06 00:00:00-04:00,8.720000267028809,8.720000267028809,8.399999618530273,8.5600004196167,5038,0.0,0.0
2024-09-09 00:00:00-04:00,8.640000343322754,8.720000267028809,7.920000076293945,8.319999694824219,18300,0.0,0.0
2024-09-10 00:00:00-04:00,8.399999618530273,8.880000114440918,8.239999771118164,8.319999694824219,12713,0.0,0.0
2024-09-11 00:00:00-04:00,8.319999694824219,8.479999542236328,8.239999771118164,8.479999542236328,3713,0.0,0.0
2024-09-12 00:00:00-04:00,8.399999618530273,8.960000038146973,8.399999618530273,8.720000267028809,2200,0.0,0.0
2024-09-13 00:00:00-04:00,8.960000038146973,9.4399995803833,8.800000190734863,9.359999656677246,8088,0.0,0.0
2024-09-16 00:00:00-04:00,9.359999656677246,9.600000381469727,9.119999885559082,9.4399995803833,9125,0.0,0.0
2024-09-17 00:00:00-04:00,9.520000457763672,10.15999984741211,9.119999885559082,9.520000457763672,11950,0.0,0.0
2024-09-18 00:00:00-04:00,9.84000015258789,10.0,9.520000457763672,9.520000457763672,7288,0.0,0.0
2024-09-19 00:00:00-04:00,9.359999656677246,9.600000381469727,9.039999961853027,9.279999732971191,6050,0.0,0.0
2024-09-20 00:00:00-04:00,9.199999809265137,9.4399995803833,9.039999961853027,9.199999809265137,4875,0.0,0.0
2024-09-23 00:00:00-04:00,9.119999885559082,9.119999885559082,8.880000114440918,9.039999961853027,3375,0.0,0.0
2024-09-24 00:00:00-04:00,9.199999809265137,9.279999732971191,8.5600004196167,8.880000114440918,5875,0.0,0.0
2024-09-25 00:00:00-04:00,9.039999961853027,9.119999885559082,8.800000190734863,8.960000038146973,4500,0.0,0.0
2024-09-26 00:00:00-04:00,8.960000038146973,8.960000038146973,8.640000343322754,8.960000038146973,4600,0.0,0.0
2024-09-27 00:00:00-04:00,9.119999885559082,9.680000305175781,8.800000190734863,9.520000457763672,8763,0.0,0.0
2024-09-30 00:00:00-04:00,9.680000305175781,9.84000015258789,9.4399995803833,9.600000381469727,4138,0.0,0.0
2024-10-01 00:00:00-04:00,9.600000381469727,9.680000305175781,9.4399995803833,9.520000457763672,1700,0.0,0.0
2024-10-02 00:00:00-04:00,9.680000305175781,9.680000305175781,8.880000114440918,8.880000114440918,4425,0.0,0.0
2024-10-03 00:00:00-04:00,9.039999961853027,9.520000457763672,8.800000190734863,8.960000038146973,4075,0.0,0.0
2024-10-04 00:00:00-04:00,8.880000114440918,9.520000457763672,8.640000343322754,8.800000190734863,3763,0.0,0.0
2024-10-07 00:00:00-04:00,8.800000190734863,8.800000190734863,8.479999542236328,8.720000267028809,7138,0.0,0.0
2024-10-08 00:00:00-04:00,8.880000114440918,8.880000114440918,8.479999542236328,8.640000343322754,2813,0.0,0.0
2024-10-09 00:00:00-04:00,8.720000267028809,8.880000114440918,8.479999542236328,8.720000267028809,3225,0.0,0.0
2024-10-10 00:00:00-04:00,8.5600004196167,8.720000267028809,8.5600004196167,8.720000267028809,2913,0.0,0.0
2024-10-11 00:00:00-04:00,8.800000190734863,9.359999656677246,8.479999542236328,9.199999809265137,12413,0.0,0.0
2024-10-14 00:00:00-04:00,9.600000381469727,9.680000305175781,9.199999809265137,9.4399995803833,8363,0.0,0.0
2024-10-15 00:00:00-04:00,9.279999732971191,10.079999923706055,9.119999885559082,9.680000305175781,14438,0.0,0.0
2024-10-16 00:00:00-04:00,9.84000015258789,9.84000015258789,9.199999809265137,9.600000381469727,4813,0.0,0.0
2024-10-17 00:00:00-04:00,9.359999656677246,9.760000228881836,9.119999885559082,9.520000457763672,8763,0.0,0.0
2024-10-18 00:00:00-04:00,9.680000305175781,9.680000305175781,9.119999885559082,9.359999656677246,11700,0.0,0.0
2024-10-21 00:00:00-04:00,9.119999885559082,9.4399995803833,8.960000038146973,9.199999809265137,1613,0.0,0.0
2024-10-22 00:00:00-04:00,9.359999656677246,9.4399995803833,8.960000038146973,9.039999961853027,8988,0.0,0.0
2024-10-23 00:00:00-04:00,9.119999885559082,11.84000015258789,9.039999961853027,11.119999885559082,90275,0.0,0.0
2024-10-24 00:00:00-04:00,11.359999656677246,11.359999656677246,9.359999656677246,9.520000457763672,26813,0.0,0.0
2024-10-25 00:00:00-04:00,9.279999732971191,10.399999618530273,9.199999809265137,9.359999656677246,11013,0.0,0.0
2024-10-28 00:00:00-04:00,9.680000305175781,10.319999694824219,9.199999809265137,9.359999656677246,8650,0.0,0.0
2024-10-29 00:00:00-04:00,9.920000076293945,10.079999923706055,9.520000457763672,9.84000015258789,6938,0.0,0.0
2024-10-30 00:00:00-04:00,9.84000015258789,10.0,9.4399995803833,9.4399995803833,7300,0.0,0.0
2024-10-31 00:00:00-04:00,9.760000228881836,10.15999984741211,9.4399995803833,9.680000305175781,2213,0.0,0.0
2024-11-01 00:00:00-04:00,9.520000457763672,9.920000076293945,9.4399995803833,9.760000228881836,7638,0.0,0.0
2024-11-04 00:00:00-05:00,9.600000381469727,9.84000015258789,9.359999656677246,9.520000457763672,17300,0.0,0.0
2024-11-05 00:00:00-05:00,9.84000015258789,9.84000015258789,9.119999885559082,9.119999885559082,13738,0.0,0.0
2024-11-06 00:00:00-05:00,9.520000457763672,9.520000457763672,7.760000228881836,7.760000228881836,43875,0.0,0.0
2024-11-07 00:00:00-05:00,7.920000076293945,8.319999694824219,6.800000190734863,6.880000114440918,44413,0.0,0.0
2024-11-08 00:00:00-05:00,6.880000114440918,7.599999904632568,5.840000152587891,6.880000114440918,48200,0.0,0.0
2024-11-11 00:00:00-05:00,7.039999961853027,7.039999961853027,5.599999904632568,6.159999847412109,25163,0.0,0.0
2024-11-12 00:00:00-05:00,6.159999847412109,7.039999961853027,5.760000228881836,5.840000152587891,17763,0.0,0.0
2024-11-13 00:00:00-05:00,5.920000076293945,6.320000171661377,5.599999904632568,6.320000171661377,24250,0.0,0.0
2024-11-14 00:00:00-05:00,6.239999771118164,7.199999809265137,6.239999771118164,6.960000038146973,12925,0.0,0.0
2024-11-15 00:00:00-05:00,7.199999809265137,7.360000133514404,6.800000190734863,6.960000038146973,6325,0.0,0.0
2024-11-18 00:00:00-05:00,6.71999979019165,7.28000020980835,6.71999979019165,6.960000038146973,10550,0.0,0.0
2024-11-19 00:00:00-05:00,6.800000190734863,7.039999961853027,6.400000095367432,6.559999942779541,8638,0.0,0.0
2024-11-20 00:00:00-05:00,6.559999942779541,6.71999979019165,6.239999771118164,6.71999979019165,14400,0.0,0.0
2024-11-21 00:00:00-05:00,6.480000019073486,6.639999866485596,5.840000152587891,6.0,16600,0.0,0.0
2024-11-22 00:00:00-05:00,5.920000076293945,6.400000095367432,5.599999904632568,6.079999923706055,33288,0.0,0.0
2024-11-25 00:00:00-05:00,6.400000095367432,6.639999866485596,6.0,6.079999923706055,11013,0.0,0.0
2024-11-26 00:00:00-05:00,6.239999771118164,6.800000190734863,6.0,6.71999979019165,12425,0.0,0.0
2024-11-27 00:00:00-05:00,6.71999979019165,7.840000152587891,6.71999979019165,7.519999980926514,24075,0.0,0.0
2024-11-29 00:00:00-05:00,7.440000057220459,7.679999828338623,6.800000190734863,7.119999885559082,22075,0.0,0.0
2024-12-02 00:00:00-05:00,7.039999961853027,7.360000133514404,6.400000095367432,6.480000019073486,21600,0.0,0.0
2024-12-03 00:00:00-05:00,6.800000190734863,6.960000038146973,5.760000228881836,6.400000095367432,43125,0.0,0.0
2024-12-04 00:00:00-05:00,6.159999847412109,6.639999866485596,6.079999923706055,6.480000019073486,12275,0.0,0.0
2024-12-05 00:00:00-05:00,6.400000095367432,6.639999866485596,5.920000076293945,6.079999923706055,6688,0.0,0.0
2024-12-06 00:00:00-05:00,5.920000076293945,6.400000095367432,5.920000076293945,6.239999771118164,4125,0.0,0.0
2024-12-09 00:00:00-05:00,6.480000019073486,6.559999942779541,6.159999847412109,6.320000171661377,9638,0.0,0.0
2024-12-10 00:00:00-05:00,6.400000095367432,6.880000114440918,5.599999904632568,5.920000076293945,17463,0.0,0.0
2024-12-11 00:00:00-05:00,6.159999847412109,6.159999847412109,5.760000228881836,5.760000228881836,5063,0.0,0.0
2024-12-12 00:00:00-05:00,5.760000228881836,6.0,5.679999828338623,5.840000152587891,14263,0.0,0.0
2024-12-13 00:00:00-05:00,6.0,6.0,5.840000152587891,5.920000076293945,2600,0.0,0.0
2024-12-16 00:00:00-05:00,5.840000152587891,6.0,5.599999904632568,5.760000228881836,17800,0.0,0.0
2024-12-17 00:00:00-05:00,5.760000228881836,6.0,5.599999904632568,5.679999828338623,125525,0.0,0.0
2024-12-18 00:00:00-05:00,5.599999904632568,5.840000152587891,4.960000038146973,4.960000038146973,90738,0.0,0.0
2024-12-19 00:00:00-05:00,5.599999904632568,5.599999904632568,3.9200000762939453,4.079999923706055,103375,0.0,0.0
2024-12-20 00:00:00-05:00,4.159999847412109,4.400000095367432,3.440000057220459,4.400000095367432,104613,0.0,0.0
2024-12-23 00:00:00-05:00,4.71999979019165,4.880000114440918,4.400000095367432,4.880000114440918,42238,0.0,0.0
2024-12-24 00:00:00-05:00,4.960000038146973,5.599999904632568,4.800000190734863,5.28000020980835,19438,0.0,0.0
2024-12-26 00:00:00-05:00,5.519999980926514,6.400000095367432,5.199999809265137,6.320000171661377,38175,0.0,0.0
2024-12-27 00:00:00-05:00,6.079999923706055,6.239999771118164,5.599999904632568,5.760000228881836,27563,0.0,0.0
2024-12-30 00:00:00-05:00,5.599999904632568,6.159999847412109,5.440000057220459,5.679999828338623,43650,0.0,0.0
2024-12-31 00:00:00-05:00,5.360000133514404,5.599999904632568,5.039999961853027,5.28000020980835,20138,0.0,0.0
2025-01-02 00:00:00-05:00,5.440000057220459,5.679999828338623,5.119999885559082,5.440000057220459,12063,0.0,0.0
2025-01-03 00:00:00-05:00,5.360000133514404,5.840000152587891,5.119999885559082,5.760000228881836,15613,0.0,0.0
2025-01-06 00:00:00-05:00,5.920000076293945,6.239999771118164,5.679999828338623,5.920000076293945,8850,0.0,0.0
2025-01-07 00:00:00-05:00,6.079999923706055,6.320000171661377,5.840000152587891,6.159999847412109,27338,0.0,0.0
2025-01-08 00:00:00-05:00,6.400000095367432,8.319999694824219,6.079999923706055,7.599999904632568,102113,0.0,0.0
2025-01-10 00:00:00-05:00,7.599999904632568,7.599999904632568,6.0,6.159999847412109,41325,0.0,0.0
2025-01-13 00:00:00-05:00,6.0,7.039999961853027,5.199999809265137,5.519999980926514,21600,0.0,0.0
2025-01-14 00:00:00-05:00,5.440000057220459,5.920000076293945,5.28000020980835,5.599999904632568,17188,0.0,0.0
2025-01-15 00:00:00-05:00,5.679999828338623,5.840000152587891,5.440000057220459,5.519999980926514,3888,0.0,0.0
2025-01-16 00:00:00-05:00,5.360000133514404,5.440000057220459,5.039999961853027,5.28000020980835,13838,0.0,0.0
2025-01-17 00:00:00-05:00,5.28000020980835,5.599999904632568,5.119999885559082,5.199999809265137,10138,0.0,0.0
2025-01-21 00:00:00-05:00,5.679999828338623,5.760000228881836,5.28000020980835,5.519999980926514,7788,0.0,0.0
2025-01-22 00:00:00-05:00,5.360000133514404,5.599999904632568,5.360000133514404,5.440000057220459,7638,0.0,0.0
2025-01-23 00:00:00-05:00,5.679999828338623,5.840000152587891,5.440000057220459,5.679999828338623,8738,0.0,0.0
2025-01-24 00:00:00-05:00,5.519999980926514,6.0,5.519999980926514,5.760000228881836,6250,0.0,0.0
2025-01-27 00:00:00-05:00,5.599999904632568,5.920000076293945,5.519999980926514,5.679999828338623,4100,0.0,0.0
2025-01-28 00:00:00-05:00,5.519999980926514,6.0,5.199999809265137,5.599999904632568,2750,0.0,0.0
2025-01-29 00:00:00-05:00,5.440000057220459,5.519999980926514,5.039999961853027,5.039999961853027,15838,0.0,0.0
2025-01-30 00:00:00-05:00,4.960000038146973,5.599999904632568,4.960000038146973,5.599999904632568,13813,0.0,0.0
2025-01-31 00:00:00-05:00,5.440000057220459,5.760000228881836,5.28000020980835,5.360000133514404,11475,0.0,0.0
2025-02-03 00:00:00-05:00,5.360000133514404,5.440000057220459,5.199999809265137,5.199999809265137,7113,0.0,0.0
2025-02-04 00:00:00-05:00,5.199999809265137,5.679999828338623,5.199999809265137,5.679999828338623,17825,0.0,0.0
2025-02-05 00:00:00-05:00,5.760000228881836,7.039999961853027,5.599999904632568,6.960000038146973,22663,0.0,0.0
2025-02-06 00:00:00-05:00,7.119999885559082,7.920000076293945,6.480000019073486,7.519999980926514,42525,0.0,0.0
2025-02-07 00:00:00-05:00,7.599999904632568,7.920000076293945,6.480000019073486,7.519999980926514,11838,0.0,0.0
2025-02-10 00:00:00-05:00,7.599999904632568,8.479999542236328,7.360000133514404,8.479999542236328,29038,0.0,0.0
2025-02-11 00:00:00-05:00,8.479999542236328,8.479999542236328,7.519999980926514,8.0,26388,0.0,0.0
2025-02-12 00:00:00-05:00,8.079999923706055,8.239999771118164,7.679999828338623,7.679999828338623,15313,0.0,0.0
2025-02-13 00:00:00-05:00,7.760000228881836,9.279999732971191,7.760000228881836,9.199999809265137,31838,0.0,0.0
2025-02-14 00:00:00-05:00,9.279999732971191,9.279999732971191,6.320000171661377,6.71999979019165,56775,0.0,0.0
2025-02-18 00:00:00-05:00,6.239999771118164,6.480000019073486,5.920000076293945,6.0,25313,0.0,0.0
2025-02-19 00:00:00-05:00,6.0,6.480000019073486,6.0,6.239999771118164,22325,0.0,0.0
2025-02-20 00:00:00-05:00,6.480000019073486,6.71999979019165,5.679999828338623,5.840000152587891,17050,0.0,0.0
2025-02-21 00:00:00-05:00,6.079999923706055,6.159999847412109,5.599999904632568,5.679999828338623,11413,0.0,0.0
2025-02-24 00:00:00-05:00,5.679999828338623,6.0,5.519999980926514,5.760000228881836,15250,0.0,0.0
2025-02-25 00:00:00-05:00,5.840000152587891,5.920000076293945,5.440000057220459,5.840000152587891,32288,0.0,0.0
2025-02-26 00:00:00-05:00,5.760000228881836,6.159999847412109,5.599999904632568,5.840000152587891,14738,0.0,0.0
2025-02-27 00:00:00-05:00,6.0,6.159999847412109,5.519999980926514,5.519999980926514,10625,0.0,0.0
2025-02-28 00:00:00-05:00,5.599999904632568,5.760000228881836,5.199999809265137,5.519999980926514,10800,0.0,0.0
2025-03-03 00:00:00-05:00,5.599999904632568,5.840000152587891,5.28000020980835,5.440000057220459,22788,0.0,0.0
2025-03-04 00:00:00-05:00,5.920000076293945,6.0,5.199999809265137,5.679999828338623,18963,0.0,0.0
2025-03-05 00:00:00-05:00,5.519999980926514,5.920000076293945,5.28000020980835,5.440000057220459,5288,0.0,0.0
2025-03-06 00:00:00-05:00,5.519999980926514,5.840000152587891,5.28000020980835,5.840000152587891,18613,0.0,0.0
2025-03-07 00:00:00-05:00,6.0,6.71999979019165,5.28000020980835,6.71999979019165,27188,0.0,0.0
2025-03-10 00:00:00-04:00,6.800000190734863,7.039999961853027,6.239999771118164,6.639999866485596,17550,0.0,0.0
2025-03-11 00:00:00-04:00,6.559999942779541,6.559999942779541,5.760000228881836,6.320000171661377,15888,0.0,0.0
2025-03-12 00:00:00-04:00,6.0,6.0,5.679999828338623,6.0,26475,0.0,0.0
2025-03-13 00:00:00-04:00,5.840000152587891,7.519999980926514,5.679999828338623,7.119999885559082,23900,0.0,0.0
2025-03-14 00:00:00-04:00,7.360000133514404,7.360000133514404,6.559999942779541,6.880000114440918,12163,0.0,0.0
2025-03-17 00:00:00-04:00,6.880000114440918,7.28000020980835,6.800000190734863,7.039999961853027,6238,0.0,0.0
2025-03-18 00:00:00-04:00,7.199999809265137,7.360000133514404,6.800000190734863,7.360000133514404,7038,0.0,0.0
2025-03-19 00:00:00-04:00,7.599999904632568,7.599999904632568,6.960000038146973,7.119999885559082,7688,0.0,0.0
2025-03-20 00:00:00-04:00,7.119999885559082,7.119999885559082,6.400000095367432,6.400000095367432,4638,0.0,0.0
2025-03-21 00:00:00-04:00,6.320000171661377,6.71999979019165,5.760000228881836,5.840000152587891,32438,0.0,0.0
2025-03-24 00:00:00-04:00,5.760000228881836,6.400000095367432,5.360000133514404,5.440000057220459,27813,0.0,0.0
2025-03-25 00:00:00-04:00,5.519999980926514,5.760000228881836,5.360000133514404,5.440000057220459,16038,0.0,0.0
2025-03-26 00:00:00-04:00,5.360000133514404,5.760000228881836,5.360000133514404,5.519999980926514,12200,0.0,0.0
2025-03-27 00:00:00-04:00,5.679999828338623,6.239999771118164,5.360000133514404,5.760000228881836,7163,0.0,0.0
2025-03-28 00:00:00-04:00,5.679999828338623,5.920000076293945,5.599999904632568,5.760000228881836,9113,0.0,0.0
2025-03-31 00:00:00-04:00,5.599999904632568,5.679999828338623,5.440000057220459,5.440000057220459,5363,0.0,0.0
2025-04-01 00:00:00-04:00,5.360000133514404,5.440000057220459,5.199999809265137,5.28000020980835,7650,0.0,0.0
2025-04-02 00:00:00-04:00,5.440000057220459,5.840000152587891,5.28000020980835,5.679999828338623,9813,0.0,0.0
2025-04-03 00:00:00-04:00,5.28000020980835,7.119999885559082,5.28000020980835,6.559999942779541,58688,0.0,0.0
2025-04-04 00:00:00-04:00,6.559999942779541,6.71999979019165,5.440000057220459,6.400000095367432,16638,0.0,0.0
2025-04-07 00:00:00-04:00,6.0,7.679999828338623,5.599999904632568,7.360000133514404,44700,0.0,0.0
2025-04-08 00:00:00-04:00,7.440000057220459,7.519999980926514,6.71999979019165,6.960000038146973,14963,0.0,0.0
2025-04-09 00:00:00-04:00,6.880000114440918,6.880000114440918,6.320000171661377,6.800000190734863,10538,0.0,0.0
2025-04-10 00:00:00-04:00,6.639999866485596,6.71999979019165,6.079999923706055,6.320000171661377,6238,0.0,0.0
2025-04-11 00:00:00-04:00,6.320000171661377,6.880000114440918,6.0,6.079999923706055,15213,0.0,0.0
2025-04-14 00:00:00-04:00,6.400000095367432,6.880000114440918,6.079999923706055,6.320000171661377,9313,0.0,0.0
2025-04-15 00:00:00-04:00,6.320000171661377,6.559999942779541,6.0,6.159999847412109,8850,0.0,0.0
2025-04-16 00:00:00-04:00,6.400000095367432,7.119999885559082,6.079999923706055,6.639999866485596,5363,0.0,0.0
2025-04-17 00:00:00-04:00,6.71999979019165,6.800000190734863,6.239999771118164,6.559999942779541,6763,0.0,0.0
2025-04-21 00:00:00-04:00,6.639999866485596,6.71999979019165,6.079999923706055,6.320000171661377,6925,0.0,0.0
2025-04-22 00:00:00-04:00,6.71999979019165,6.880000114440918,6.239999771118164,6.71999979019165,13650,0.0,0.0
2025-04-23 00:00:00-04:00,6.559999942779541,6.800000190734863,6.320000171661377,6.400000095367432,4263,0.0,0.0
2025-04-24 00:00:00-04:00,6.71999979019165,7.119999885559082,6.239999771118164,7.039999961853027,16175,0.0,0.0
2025-04-25 00:00:00-04:00,7.28000020980835,7.28000020980835,6.639999866485596,6.880000114440918,6050,0.0,0.0
2025-04-28 00:00:00-04:00,6.960000038146973,8.079999923706055,6.71999979019165,8.0,19000,0.0,0.0
2025-04-29 00:00:00-04:00,8.0,9.119999885559082,7.519999980926514,7.679999828338623,34138,0.0,0.0
2025-04-30 00:00:00-04:00,7.760000228881836,9.119999885559082,7.760000228881836,8.15999984741211,63463,0.0,0.0
2025-05-01 00:00:00-04:00,8.479999542236328,8.880000114440918,7.519999980926514,8.15999984741211,29338,0.0,0.0
2025-05-02 00:00:00-04:00,8.15999984741211,8.399999618530273,7.599999904632568,7.599999904632568,35100,0.0,0.0
2025-05-05 00:00:00-04:00,7.679999828338623,8.239999771118164,7.039999961853027,7.519999980926514,34663,0.0,0.0
2025-05-06 00:00:00-04:00,7.760000228881836,7.760000228881836,7.199999809265137,7.599999904632568,7475,0.0,0.0
2025-05-07 00:00:00-04:00,7.440000057220459,8.0,6.800000190734863,7.920000076293945,13763,0.0,0.0
2025-05-08 00:00:00-04:00,7.840000152587891,7.840000152587891,7.199999809265137,7.360000133514404,13213,0.0,0.0
2025-05-09 00:00:00-04:00,7.199999809265137,7.679999828338623,6.960000038146973,7.519999980926514,11575,0.0,0.0
2025-05-12 00:00:00-04:00,7.519999980926514,7.679999828338623,6.800000190734863,7.039999961853027,12588,0.0,0.0
2025-05-13 00:00:00-04:00,7.039999961853027,7.119999885559082,5.920000076293945,6.400000095367432,33538,0.0,0.0
2025-05-14 00:00:00-04:00,6.239999771118164,6.639999866485596,6.0,6.480000019073486,17188,0.0,0.0
2025-05-15 00:00:00-04:00,6.400000095367432,6.800000190734863,6.239999771118164,6.400000095367432,21500,0.0,0.0
2025-05-16 00:00:00-04:00,6.320000171661377,6.71999979019165,6.239999771118164,6.480000019073486,13325,0.0,0.0
2025-05-19 00:00:00-04:00,6.480000019073486,7.119999885559082,6.480000019073486,6.880000114440918,9538,0.0,0.0
2025-05-20 00:00:00-04:00,6.639999866485596,7.119999885559082,6.400000095367432,6.71999979019165,10500,0.0,0.0
2025-05-21 00:00:00-04:00,6.480000019073486,6.71999979019165,6.480000019073486,6.639999866485596,12113,0.0,0.0
2025-05-22 00:00:00-04:00,6.71999979019165,6.960000038146973,6.480000019073486,6.639999866485596,26513,0.0,0.0
2025-05-23 00:00:00-04:00,6.400000095367432,6.800000190734863,6.320000171661377,6.800000190734863,13688,0.0,0.0
2025-05-27 00:00:00-04:00,6.639999866485596,6.639999866485596,6.320000171661377,6.400000095367432,11975,0.0,0.0
2025-05-28 00:00:00-04:00,5.760000228881836,6.5,5.519999980926514,6.010000228881836,25000,0.0,0.125
2025-05-29 00:00:00-04:00,6.070000171661377,6.610000133514404,5.820000171661377,5.840000152587891,20100,0.0,0.0
2025-05-30 00:00:00-04:00,5.949999809265137,6.239999771118164,5.380000114440918,5.619999885559082,54100,0.0,0.0
2025-06-02 00:00:00-04:00,5.579999923706055,6.139999866485596,5.579999923706055,6.130000114440918,20300,0.0,0.0
2025-06-03 00:00:00-04:00,6.210000038146973,6.210000038146973,5.989999771118164,6.090000152587891,2000,0.0,0.0
2025-06-04 00:00:00-04:00,6.090000152587891,6.510000228881836,5.900000095367432,6.340000152587891,24600,0.0,0.0
2025-06-05 00:00:00-04:00,6.28000020980835,6.369999885559082,6.090000152587891,6.269999980926514,17000,0.0,0.0
2025-06-06 00:00:00-04:00,6.239999771118164,6.420000076293945,6.159999847412109,6.289999961853027,10500,0.0,0.0
2025-06-09 00:00:00-04:00,6.400000095367432,7.590000152587891,6.130000114440918,7.170000076293945,75900,0.0,0.0
2025-06-10 00:00:00-04:00,7.260000228881836,8.010000228881836,7.0,7.900000095367432,63000,0.0,0.0
2025-06-11 00:00:00-04:00,7.96999979019165,8.489999771118164,7.590000152587891,8.100000381469727,37800,0.0,0.0
2025-06-12 00:00:00-04:00,8.140000343322754,9.5,8.140000343322754,9.140000343322754,48900,0.0,0.0
2025-06-13 00:00:00-04:00,9.3100004196167,9.489999771118164,8.25,9.300000190734863,59000,0.0,0.0
2025-06-16 00:00:00-04:00,9.239999771118164,9.479999542236328,8.970000267028809,8.970000267028809,33400,0.0,0.0
2025-06-17 00:00:00-04:00,9.180000305175781,9.279999732971191,8.789999961853027,9.0600004196167,52700,0.0,0.0
2025-06-18 00:00:00-04:00,9.119999885559082,10.029999732971191,8.890000343322754,10.029999732971191,73800,0.0,0.0
2025-06-20 00:00:00-04:00,9.989999771118164,11.140000343322754,9.989999771118164,10.800000190734863,592500,0.0,0.0
2025-06-23 00:00:00-04:00,10.800000190734863,10.949999809265137,9.800000190734863,10.210000038146973,68900,0.0,0.0
2025-06-24 00:00:00-04:00,9.880000114440918,11.069999694824219,9.880000114440918,10.6899995803833,36200,0.0,0.0
2025-06-25 00:00:00-04:00,10.510000228881836,10.520000457763672,9.260000228881836,9.5,43700,0.0,0.0
2025-06-26 00:00:00-04:00,9.449999809265137,9.800000190734863,9.010000228881836,9.210000038146973,11100,0.0,0.0
2025-06-27 00:00:00-04:00,9.010000228881836,9.010000228881836,8.510000228881836,8.59000015258789,23200,0.0,0.0
2025-06-30 00:00:00-04:00,8.770000457763672,9.25,8.449999809265137,8.529999732971191,26000,0.0,0.0
2025-07-01 00:00:00-04:00,8.8100004196167,9.380000114440918,8.5600004196167,8.920000076293945,24400,0.0,0.0
2025-07-02 00:00:00-04:00,8.850000381469727,9.739999771118164,8.670000076293945,9.739999771118164,26300,0.0,0.0
2025-07-03 00:00:00-04:00,9.4399995803833,9.890000343322754,9.199999809265137,9.779999732971191,36100,0.0,0.0
2025-07-07 00:00:00-04:00,9.5,10.65999984741211,9.5,10.359999656677246,14100,0.0,0.0
2025-07-08 00:00:00-04:00,10.359999656677246,11.989999771118164,9.850000381469727,11.670000076293945,97100,0.0,0.0
2025-07-09 00:00:00-04:00,11.75,13.680000305175781,11.75,13.5,63000,0.0,0.0
2025-07-10 00:00:00-04:00,13.920000076293945,14.479999542236328,12.739999771118164,13.680000305175781,51100,0.0,0.0
2025-07-11 00:00:00-04:00,13.430000305175781,13.989999771118164,12.550000190734863,12.609999656677246,36100,0.0,0.0
2025-07-14 00:00:00-04:00,12.470000267028809,13.680000305175781,11.649999618530273,13.5600004196167,22500,0.0,0.0
2025-07-15 00:00:00-04:00,13.760000228881836,14.630000114440918,13.239999771118164,13.399999618530273,32100,0.0,0.0
2025-07-16 00:00:00-04:00,13.770000457763672,14.25,13.069999694824219,13.960000038146973,35600,0.0,0.0
2025-07-17 00:00:00-04:00,13.800000190734863,14.300000190734863,13.020000457763672,14.300000190734863,41800,0.0,0.0
2025-07-18 00:00:00-04:00,14.199999809265137,15.199999809265137,13.5,15.039999961853027,26300,0.0,0.0
2025-07-21 00:00:00-04:00,15.279999732971191,15.960000038146973,12.220000267028809,12.350000381469727,63100,0.0,0.0
2025-07-22 00:00:00-04:00,12.3100004196167,12.859999656677246,12.300000190734863,12.319999694824219,37800,0.0,0.0
2025-07-23 00:00:00-04:00,12.319999694824219,13.760000228881836,12.319999694824219,12.579999923706055,22900,0.0,0.0
2025-07-24 00:00:00-04:00,14.210000038146973,14.210000038146973,12.0,12.0,58400,0.0,0.0
2025-07-25 00:00:00-04:00,12.069999694824219,12.390000343322754,11.5,11.5,65700,0.0,0.0
2025-07-28 00:00:00-04:00,11.640000343322754,11.850000381469727,10.449999809265137,10.489999771118164,52000,0.0,0.0
2025-07-29 00:00:00-04:00,10.489999771118164,10.8100004196167,9.890000343322754,9.899999618530273,27200,0.0,0.0
2025-07-30 00:00:00-04:00,9.899999618530273,10.029999732971191,9.300000190734863,9.5,24400,0.0,0.0
2025-07-31 00:00:00-04:00,9.600000381469727,11.550000190734863,9.5,11.119999885559082,41900,0.0,0.0
2025-08-01 00:00:00-04:00,10.899999618530273,11.859999656677246,10.899999618530273,11.319999694824219,21300,0.0,0.0
2025-08-04 00:00:00-04:00,11.5,13.0,11.0600004196167,11.40999984741211,25300,0.0,0.0
2025-08-05 00:00:00-04:00,11.539999961853027,11.670000076293945,10.949999809265137,11.229999542236328,17000,0.0,0.0
2025-08-06 00:00:00-04:00,10.949999809265137,11.739999771118164,10.869999885559082,11.180000305175781,15300,0.0,0.0
2025-08-07 00:00:00-04:00,11.729999542236328,11.960000038146973,10.529999732971191,10.770000457763672,20300,0.0,0.0
2025-08-08 00:00:00-04:00,10.699999809265137,11.239999771118164,10.699999809265137,10.8100004196167,7300,0.0,0.0
2025-08-11 00:00:00-04:00,10.59000015258789,10.960000038146973,10.59000015258789,10.619999885559082,4400,0.0,0.0
2025-08-12 00:00:00-04:00,10.850000381469727,10.850000381469727,10.40999984741211,10.510000228881836,7100,0.0,0.0
2025-08-13 00:00:00-04:00,10.5600004196167,10.8100004196167,10.3100004196167,10.40999984741211,13500,0.0,0.0
2025-08-14 00:00:00-04:00,10.350000381469727,10.350000381469727,9.3100004196167,9.619999885559082,22600,0.0,0.0
2025-08-15 00:00:00-04:00,10.0,10.489999771118164,9.75,10.489999771118164,9600,0.0,0.0
2025-08-18 00:00:00-04:00,10.529999732971191,11.0,10.329999923706055,10.640000343322754,8400,0.0,0.0
2025-08-19 00:00:00-04:00,10.649999618530273,11.25,10.369999885559082,10.779999732971191,20100,0.0,0.0
2025-08-20 00:00:00-04:00,10.880000114440918,11.029999732971191,10.359999656677246,10.960000038146973,7800,0.0,0.0
2025-08-21 00:00:00-04:00,11.119999885559082,12.470000267028809,11.09000015258789,11.960000038146973,20300,0.0,0.0
2025-08-22 00:00:00-04:00,12.0,12.579999923706055,11.039999961853027,11.539999961853027,32800,0.0,0.0
2025-08-25 00:00:00-04:00,12.199999809265137,12.199999809265137,11.5,11.649999618530273,6500,0.0,0.0
2025-08-26 00:00:00-04:00,11.850000381469727,12.5,11.65999984741211,12.0,23400,0.0,0.0
2025-08-27 00:00:00-04:00,12.0,12.59000015258789,11.399999618530273,11.699999809265137,17600,0.0,0.0
2025-08-28 00:00:00-04:00,11.630000114440918,11.869999885559082,11.039999961853027,11.359999656677246,10400,0.0,0.0
2025-08-29 00:00:00-04:00,11.199999809265137,11.489999771118164,10.770000457763672,11.460000038146973,8400,0.0,0.0
2025-09-02 00:00:00-04:00,11.359999656677246,11.949999809265137,11.170000076293945,11.329999923706055,7800,0.0,0.0
2025-09-03 00:00:00-04:00,11.380000114440918,11.710000038146973,11.079999923706055,11.289999961853027,10700,0.0,0.0
2025-09-04 00:00:00-04:00,11.100000381469727,11.479999542236328,10.899999618530273,11.029999732971191,5600,0.0,0.0
2025-09-05 00:00:00-04:00,10.880000114440918,11.539999961853027,10.880000114440918,11.270000457763672,14800,0.0,0.0
2025-09-08 00:00:00-04:00,11.229999542236328,11.789999961853027,11.0,11.5,14000,0.0,0.0
2025-09-09 00:00:00-04:00,11.59000015258789,11.699999809265137,11.359999656677246,11.4399995803833,8300,0.0,0.0
2025-09-10 00:00:00-04:00,11.5,11.880000114440918,10.720000267028809,11.359999656677246,16300,0.0,0.0
2025-09-11 00:00:00-04:00,11.770000457763672,11.779999732971191,11.09000015258789,11.289999961853027,9700,0.0,0.0
2025-09-12 00:00:00-04:00,11.300000190734863,11.350000381469727,10.8100004196167,11.210000038146973,4900,0.0,0.0
2025-09-15 00:00:00-04:00,11.010000228881836,11.40999984741211,11.010000228881836,11.40999984741211,5800,0.0,0.0
2025-09-16 00:00:00-04:00,11.270000457763672,11.670000076293945,10.960000038146973,11.069999694824219,19800,0.0,0.0
2025-09-17 00:00:00-04:00,11.0,11.34000015258789,10.800000190734863,11.0,49200,0.0,0.0
2025-09-18 00:00:00-04:00,10.850000381469727,11.430000305175781,10.5600004196167,11.050000190734863,54900,0.0,0.0
2025-09-19 00:00:00-04:00,11.09000015258789,11.220000267028809,10.819999694824219,11.220000267028809,44800,0.0,0.0
2025-09-22 00:00:00-04:00,11.0,11.5,10.800000190734863,11.210000038146973,27000,0.0,0.0
2025-09-23 00:00:00-04:00,11.0,11.449999809265137,10.989999771118164,11.210000038146973,56000,0.0,0.0
2025-09-24 00:00:00-04:00,11.199999809265137,11.5,11.199999809265137,11.4399995803833,5800,0.0,0.0
2025-09-25 00:00:00-04:00,11.699999809265137,12.270000457763672,11.130000114440918,11.130000114440918,13800,0.0,0.0
2025-09-26 00:00:00-04:00,11.510000228881836,11.510000228881836,10.8100004196167,11.119999885559082,7200,0.0,0.0
2025-09-29 00:00:00-04:00,11.079999923706055,12.0,11.0,11.229999542236328,9800,0.0,0.0
2025-09-30 00:00:00-04:00,11.25,12.539999961853027,11.199999809265137,11.65999984741211,92100,0.0,0.0
2025-10-01 00:00:00-04:00,11.649999618530273,12.489999771118164,11.649999618530273,12.079999923706055,27500,0.0,0.0
2025-10-02 00:00:00-04:00,12.5,12.600000381469727,11.699999809265137,12.010000228881836,18200,0.0,0.0
2025-10-03 00:00:00-04:00,12.300000190734863,13.489999771118164,12.300000190734863,12.859999656677246,55600,0.0,0.0
2025-10-06 00:00:00-04:00,13.069999694824219,13.890000343322754,12.699999809265137,13.470000267028809,61700,0.0,0.0
2025-10-07 00:00:00-04:00,14.359999656677246,14.359999656677246,12.420000076293945,12.989999771118164,37000,0.0,0.0
2025-10-08 00:00:00-04:00,12.979999542236328,13.390000343322754,12.649999618530273,13.279999732971191,30400,0.0,0.0
2025-10-09 00:00:00-04:00,13.270000457763672,13.949999809265137,12.640000343322754,13.9399995803833,26600,0.0,0.0
2025-10-10 00:00:00-04:00,13.859999656677246,14.0,12.0,12.510000228881836,46300,0.0,0.0
2025-10-13 00:00:00-04:00,13.0,13.0,12.229999542236328,12.229999542236328,21600,0.0,0.0
2025-10-14 00:00:00-04:00,12.5,12.779999732971191,12.149999618530273,12.430000305175781,39000,0.0,0.0
2025-10-15 00:00:00-04:00,12.84000015258789,12.84000015258789,11.789999961853027,11.890000343322754,38700,0.0,0.0
2025-10-16 00:00:00-04:00,12.140000343322754,12.140000343322754,11.829999923706055,12.050000190734863,10200,0.0,0.0
2025-10-17 00:00:00-04:00,12.050000190734863,12.199999809265137,11.699999809265137,11.899999618530273,18000,0.0,0.0
2025-10-20 00:00:00-04:00,12.460000038146973,12.460000038146973,11.829999923706055,11.949999809265137,7000,0.0,0.0
2025-10-21 00:00:00-04:00,11.8100004196167,12.180000305175781,11.710000038146973,11.710000038146973,21700,0.0,0.0
2025-10-22 00:00:00-04:00,11.680000305175781,11.829999923706055,11.390000343322754,11.399999618530273,16900,0.0,0.0
2025-10-23 00:00:00-04:00,11.0600004196167,11.819999694824219,11.0600004196167,11.510000228881836,9900,0.0,0.0
2025-10-24 00:00:00-04:00,12.239999771118164,12.239999771118164,11.510000228881836,11.5600004196167,14300,0.0,0.0
2025-10-27 00:00:00-04:00,11.350000381469727,11.350000381469727,10.300000190734863,10.359999656677246,23100,0.0,0.0
2025-10-28 00:00:00-04:00,10.109999656677246,10.40999984741211,9.34000015258789,9.510000228881836,28200,0.0,0.0
2025-10-29 00:00:00-04:00,9.630000114440918,10.020000457763672,9.390000343322754,9.579999923706055,27500,0.0,0.0
2025-10-30 00:00:00-04:00,9.390000343322754,10.0,9.210000038146973,9.279999732971191,10600,0.0,0.0
2025-10-31 00:00:00-04:00,9.130000114440918,9.789999961853027,8.920000076293945,9.050000190734863,20700,0.0,0.0
2025-11-03 00:00:00-05:00,9.050000190734863,9.199999809265137,8.829999923706055,9.0,20100,0.0,0.0
2025-11-04 00:00:00-05:00,9.050000190734863,9.050000190734863,8.699999809265137,9.0,6500,0.0,0.0
2025-11-05 00:00:00-05:00,9.0600004196167,9.0600004196167,8.699999809265137,8.84000015258789,10000,0.0,0.0
2025-11-06 00:00:00-05:00,8.850000381469727,9.920000076293945,8.850000381469727,9.489999771118164,17300,0.0,0.0
2025-11-07 00:00:00-05:00,9.5,10.399999618530273,9.5,9.84000015258789,26400,0.0,0.0
2025-11-10 00:00:00-05:00,9.850000381469727,10.3100004196167,9.829999923706055,9.970000267028809,16900,0.0,0.0
2025-11-11 00:00:00-05:00,9.640000343322754,10.079999923706055,9.210000038146973,9.819999694824219,26800,0.0,0.0
2025-11-12 00:00:00-05:00,9.8100004196167,9.989999771118164,9.600000381469727,9.729999542236328,7600,0.0,0.0
2025-11-13 00:00:00-05:00,9.479999542236328,9.869999885559082,9.399999618530273,9.550000190734863,11500,0.0,0.0
2025-11-14 00:00:00-05:00,9.739999771118164,10.050000190734863,9.25,9.25,19600,0.0,0.0
2025-11-17 00:00:00-05:00,9.399999618530273,9.600000381469727,9.149999618530273,9.270000457763672,13600,0.0,0.0
2025-11-18 00:00:00-05:00,9.270000457763672,10.119999885559082,9.199999809265137,9.729999542236328,17200,0.0,0.0
2025-11-19 00:00:00-05:00,9.430000305175781,9.739999771118164,9.430000305175781,9.739999771118164,4400,0.0,0.0
2025-11-20 00:00:00-05:00,9.75,10.039999961853027,9.1899995803833,9.199999809265137,14800,0.0,0.0
2025-11-21 00:00:00-05:00,9.40999984741211,9.5,9.050000190734863,9.0600004196167,22300,0.0,0.0
2025-11-24 00:00:00-05:00,9.100000381469727,9.359999656677246,9.069999694824219,9.149999618530273,6700,0.0,0.0
2025-11-25 00:00:00-05:00,9.529999732971191,9.640000343322754,9.0600004196167,9.130000114440918,13700,0.0,0.0
2025-11-26 00:00:00-05:00,9.289999961853027,9.420000076293945,9.0,9.300000190734863,17400,0.0,0.0
2025-11-28 00:00:00-05:00,9.300000190734863,9.920000076293945,9.170000076293945,9.65999984741211,7000,0.0,0.0
2025-12-01 00:00:00-05:00,9.020000457763672,9.229999542236328,8.350000381469727,8.510000228881836,49300,0.0,0.0
2025-12-02 00:00:00-05:00,8.630000114440918,8.859999656677246,8.350000381469727,8.350000381469727,5200,0.0,0.0
2025-12-03 00:00:00-05:00,8.4399995803833,9.140000343322754,8.260000228881836,8.539999961853027,5600,0.0,0.0
2025-12-04 00:00:00-05:00,8.489999771118164,8.710000038146973,8.260000228881836,8.609999656677246,8400,0.0,0.0
2025-12-05 00:00:00-05:00,8.789999961853027,8.800000190734863,8.5,8.649999618530273,6000,0.0,0.0
2025-12-08 00:00:00-05:00,8.5600004196167,8.5600004196167,8.239999771118164,8.239999771118164,10900,0.0,0.0
2025-12-09 00:00:00-05:00,8.300000190734863,8.300000190734863,7.409999847412109,7.550000190734863,38700,0.0,0.0
2025-12-10 00:00:00-05:00,7.579999923706055,7.579999923706055,6.909999847412109,6.909999847412109,45200,0.0,0.0
2025-12-11 00:00:00-05:00,6.940000057220459,6.989999771118164,6.139999866485596,6.289999961853027,61300,0.0,0.0
2025-12-12 00:00:00-05:00,6.199999809265137,6.789999961853027,6.199999809265137,6.590000152587891,20900,0.0,0.0
2025-12-15 00:00:00-05:00,6.590000152587891,6.590000152587891,6.210000038146973,6.269999980926514,14700,0.0,0.0
2025-12-16 00:00:00-05:00,6.360000133514404,6.949999809265137,6.349999904632568,6.480000019073486,10800,0.0,0.0
2025-12-17 00:00:00-05:00,6.300000190734863,6.550000190734863,6.300000190734863,6.400000095367432,4700,0.0,0.0
2025-12-18 00:00:00-05:00,6.610000133514404,6.940000057220459,6.519999980926514,6.809999942779541,19300,0.0,0.0
2025-12-19 00:00:00-05:00,7.010000228881836,7.099999904632568,6.519999980926514,6.71999979019165,37600,0.0,0.0
2025-12-22 00:00:00-05:00,6.670000076293945,6.980000019073486,6.670000076293945,6.710000038146973,15300,0.0,0.0
2025-12-23 00:00:00-05:00,6.739999771118164,6.75,6.5,6.5,15100,0.0,0.0
2025-12-24 00:00:00-05:00,6.420000076293945,6.579999923706055,6.269999980926514,6.510000228881836,7000,0.0,0.0
2025-12-26 00:00:00-05:00,6.539999961853027,6.940000057220459,6.349999904632568,6.78000020980835,33600,0.0,0.0
2025-12-29 00:00:00-05:00,6.659999847412109,7.079999923706055,6.510000228881836,6.960000038146973,30200,0.0,0.0
2025-12-30 00:00:00-05:00,6.769999980926514,7.210000038146973,6.519999980926514,6.730000019073486,37100,0.0,0.0
2025-12-31 00:00:00-05:00,6.789999961853027,7.0,6.599999904632568,6.949999809265137,45000,0.0,0.0
2026-01-02 00:00:00-05:00,6.880000114440918,7.28000020980835,6.840000152587891,6.96999979019165,9000,0.0,0.0
2026-01-05 00:00:00-05:00,6.96999979019165,7.210000038146973,6.800000190734863,6.929999828338623,6000,0.0,0.0
2026-01-06 00:00:00-05:00,7.159999847412109,7.53000020980835,6.940000057220459,6.949999809265137,17600,0.0,0.0
2026-01-07 00:00:00-05:00,7.010000228881836,7.03000020980835,6.900000095367432,6.900000095367432,7900,0.0,0.0
2026-01-08 00:00:00-05:00,6.900000095367432,7.449999809265137,6.900000095367432,7.079999923706055,20600,0.0,0.0
2026-01-09 00:00:00-05:00,7.0,7.079999923706055,6.489999771118164,6.539999961853027,33200,0.0,0.0
2026-01-12 00:00:00-05:00,6.619999885559082,6.619999885559082,6.0,6.289999961853027,50700,0.0,0.0
2026-01-13 00:00:00-05:00,6.329999923706055,6.389999866485596,5.829999923706055,5.900000095367432,43300,0.0,0.0
2026-01-14 00:00:00-05:00,5.949999809265137,5.949999809265137,5.510000228881836,5.510000228881836,35100,0.0,0.0
2026-01-15 00:00:00-05:00,5.75,5.75,5.050000190734863,5.590000152587891,42800,0.0,0.0
2026-01-16 00:00:00-05:00,5.670000076293945,6.019999980926514,5.590000152587891,5.699999809265137,17700,0.0,0.0
2026-01-20 00:00:00-05:00,5.960000038146973,6.059999942779541,5.550000190734863,5.869999885559082,25100,0.0,0.0
2026-01-21 00:00:00-05:00,5.849999904632568,5.989999771118164,5.690000057220459,5.75,31800,0.0,0.0
2026-01-22 00:00:00-05:00,5.800000190734863,5.989999771118164,5.760000228881836,5.880000114440918,7000,0.0,0.0
2026-01-23 00:00:00-05:00,6.039999961853027,6.079999923706055,5.800000190734863,5.820000171661377,16700,0.0,0.0
2026-01-26 00:00:00-05:00,5.840000152587891,6.130000114440918,5.820000171661377,5.96999979019165,17000,0.0,0.0
2026-01-27 00:00:00-05:00,6.0,6.21999979019165,5.150000095367432,5.230000019073486,61200,0.0,0.0
2026-01-28 00:00:00-05:00,5.46999979019165,5.559999942779541,5.050000190734863,5.320000171661377,18800,0.0,0.0
2026-01-29 00:00:00-05:00,5.03000020980835,5.730000019073486,5.03000020980835,5.429999828338623,15500,0.0,0.0
2026-01-30 00:00:00-05:00,5.429999828338623,5.659999847412109,5.159999847412109,5.369999885559082,35200,0.0,0.0
2026-02-02 00:00:00-05:00,5.429999828338623,5.429999828338623,4.840000152587891,4.920000076293945,36900,0.0,0.0
2026-02-03 00:00:00-05:00,4.909999847412109,5.059999942779541,4.300000190734863,4.340000152587891,35400,0.0,0.0
2026-02-04 00:00:00-05:00,4.409999847412109,5.440000057220459,4.409999847412109,5.28000020980835,82500,0.0,0.0
2026-02-05 00:00:00-05:00,5.230000019073486,5.71999979019165,5.21999979019165,5.590000152587891,31700,0.0,0.0
2026-02-06 00:00:00-05:00,5.710000038146973,6.079999923706055,5.690000057220459,5.880000114440918,21500,0.0,0.0
2026-02-09 00:00:00-05:00,5.909999847412109,6.070000171661377,5.369999885559082,5.380000114440918,15900,0.0,0.0
2026-02-10 00:00:00-05:00,5.489999771118164,5.71999979019165,5.429999828338623,5.5,15800,0.0,0.0
2026-02-11 00:00:00-05:00,5.590000152587891,5.610000133514404,5.090000152587891,5.260000228881836,51100,0.0,0.0
2026-02-12 00:00:00-05:00,5.650000095367432,5.75,4.949999809265137,5.539999961853027,23200,0.0,0.0
2026-02-13 00:00:00-05:00,5.539999961853027,5.849999904632568,5.269999980926514,5.409999847412109,25700,0.0,0.0
2026-02-17 00:00:00-05:00,5.46999979019165,6.019999980926514,5.46999979019165,5.820000171661377,9600,0.0,0.0
2026-02-18 00:00:00-05:00,5.889999866485596,6.010000228881836,5.28000020980835,5.380000114440918,8700,0.0,0.0
2026-02-19 00:00:00-05:00,5.53000020980835,5.53000020980835,5.260000228881836,5.260000228881836,3700,0.0,0.0
2026-02-20 00:00:00-05:00,5.400000095367432,5.75,5.260000228881836,5.300000190734863,17900,0.0,0.0
2026-02-23 00:00:00-05:00,5.260000228881836,7.0,5.260000228881836,6.71999979019165,148300,0.0,0.0
2026-02-24 00:00:00-05:00,7.309999942779541,7.789999961853027,6.760000228881836,7.079999923706055,59300,0.0,0.0
2026-02-25 00:00:00-05:00,7.199999809265137,9.789999961853027,7.199999809265137,8.550000190734863,134700,0.0,0.0
2026-02-26 00:00:00-05:00,8.550000190734863,8.890000343322754,7.510000228881836,7.940000057220459,34700,0.0,0.0
2026-02-27 00:00:00-05:00,7.820000171661377,8.1899995803833,7.5,7.619999885559082,21200,0.0,0.0
2026-03-02 00:00:00-05:00,7.599999904632568,7.949999809265137,7.579999923706055,7.630000114440918,18500,0.0,0.0
2026-03-03 00:00:00-05:00,7.599999904632568,8.100000381469727,7.010000228881836,7.110000133514404,41700,0.0,0.0
2026-03-04 00:00:00-05:00,7.5,8.630000114440918,6.599999904632568,6.699999809265137,177100,0.0,0.0
2026-03-05 00:00:00-05:00,6.710000038146973,6.710000038146973,5.809999942779541,6.0,45400,0.0,0.0
2026-03-06 00:00:00-05:00,5.96999979019165,7.210000038146973,5.96999979019165,6.559999942779541,70300,0.0,0.0
2026-03-09 00:00:00-04:00,6.369999885559082,7.099999904632568,6.230000019073486,6.539999961853027,54000,0.0,0.0
2026-03-10 00:00:00-04:00,6.429999828338623,6.440000057220459,6.130000114440918,6.369999885559082,34200,0.0,0.0
2026-03-11 00:00:00-04:00,6.590000152587891,6.590000152587891,6.159999847412109,6.349999904632568,18200,0.0,0.0
2026-03-12 00:00:00-04:00,6.190000057220459,6.679999828338623,6.170000076293945,6.420000076293945,22300,0.0,0.0
2026-03-13 00:00:00-04:00,6.710000038146973,6.739999771118164,6.199999809265137,6.570000171661377,25400,0.0,0.0
2026-03-16 00:00:00-04:00,6.599999904632568,6.800000190734863,6.489999771118164,6.559999942779541,29800,0.0,0.0
2026-03-17 00:00:00-04:00,6.559999942779541,7.349999904632568,6.550000190734863,7.079999923706055,21800,0.0,0.0
2026-03-18 00:00:00-04:00,7.079999923706055,7.340000152587891,6.099999904632568,6.349999904632568,58100,0.0,0.0
2026-03-19 00:00:00-04:00,6.369999885559082,6.699999809265137,6.059999942779541,6.210000038146973,62700,0.0,0.0
2026-03-20 00:00:00-04:00,6.21999979019165,6.789999961853027,6.170000076293945,6.449999809265137,42000,0.0,0.0
2026-03-23 00:00:00-04:00,6.5,6.96999979019165,6.320000171661377,6.960000038146973,14100,0.0,0.0
2026-03-24 00:00:00-04:00,6.989999771118164,7.130000114440918,6.570000171661377,6.639999866485596,28400,0.0,0.0
2026-03-25 00:00:00-04:00,6.519999980926514,6.75,6.260000228881836,6.590000152587891,24900,0.0,0.0
2026-03-26 00:00:00-04:00,6.570000171661377,6.599999904632568,6.429999828338623,6.5,10600,0.0,0.0
2026-03-27 00:00:00-04:00,6.559999942779541,6.800000190734863,6.460000038146973,6.800000190734863,14000,0.0,0.0
2026-03-30 00:00:00-04:00,6.75,6.900000095367432,6.349999904632568,6.550000190734863,22200,0.0,0.0
2026-03-31 00:00:00-04:00,6.449999809265137,6.460000038146973,6.099999904632568,6.369999885559082,43700,0.0,0.0
2026-04-01 00:00:00-04:00,6.460000038146973,6.599999904632568,6.289999961853027,6.429999828338623,10500,0.0,0.0
2026-04-02 00:00:00-04:00,6.639999866485596,6.940000057220459,6.599999904632568,6.820000171661377,22800,0.0,0.0
2026-04-06 00:00:00-04:00,6.78000020980835,7.019999980926514,6.400000095367432,6.940000057220459,7500,0.0,0.0
2026-04-07 00:00:00-04:00,7.070000171661377,7.070000171661377,6.519999980926514,6.53000020980835,13700,0.0,0.0
2026-04-08 00:00:00-04:00,6.619999885559082,6.900000095367432,6.519999980926514,6.590000152587891,14300,0.0,0.0
2026-04-09 00:00:00-04:00,6.730000019073486,6.889999866485596,6.599999904632568,6.800000190734863,7100,0.0,0.0
2026-04-10 00:00:00-04:00,6.659999847412109,6.71999979019165,6.5,6.71999979019165,10000,0.0,0.0
2026-04-13 00:00:00-04:00,6.739999771118164,6.869999885559082,6.420000076293945,6.869999885559082,5600,0.0,0.0
2026-04-14 00:00:00-04:00,6.900000095367432,7.300000190734863,6.800000190734863,6.989999771118164,57500,0.0,0.0
2026-04-15 00:00:00-04:00,7.099999904632568,7.28000020980835,6.800000190734863,6.929999828338623,32500,0.0,0.0
2026-04-16 00:00:00-04:00,6.989999771118164,7.03000020980835,6.75,7.0,19100,0.0,0.0
2026-04-17 00:00:00-04:00,7.039999961853027,7.150000095367432,6.909999847412109,7.0,19100,0.0,0.0
2026-04-20 00:00:00-04:00,6.989999771118164,7.489999771118164,6.659999847412109,6.929999828338623,46000,0.0,0.0
2026-04-21 00:00:00-04:00,6.800000190734863,6.909999847412109,6.619999885559082,6.659999847412109,24000,0.0,0.0
2026-04-22 00:00:00-04:00,6.800000190734863,6.800000190734863,6.510000228881836,6.519999980926514,15800,0.0,0.0
2026-04-23 00:00:00-04:00,6.809999942779541,6.809999942779541,6.010000228881836,6.21999979019165,34700,0.0,0.0
2026-04-24 00:00:00-04:00,6.260000228881836,6.349999904632568,5.960000038146973,6.349999904632568,27700,0.0,0.0
2026-04-27 00:00:00-04:00,6.0,6.710000038146973,5.960000038146973,6.269999980926514,27900,0.0,0.0
2026-04-28 00:00:00-04:00,6.340000152587891,6.820000171661377,6.21999979019165,6.739999771118164,14900,0.0,0.0
2026-04-29 00:00:00-04:00,6.190000057220459,6.800000190734863,6.190000057220459,6.690000057220459,6100,0.0,0.0
2026-04-30 00:00:00-04:00,6.550000190734863,6.900000095367432,6.510000228881836,6.650000095367432,16700,0.0,0.0
2026-05-01 00:00:00-04:00,6.75,6.789999961853027,6.610000133514404,6.78000020980835,10100,0.0,0.0
2026-05-04 00:00:00-04:00,6.75,7.199999809265137,6.75,6.889999866485596,18600,0.0,0.0
2026-05-05 00:00:00-04:00,7.170000076293945,7.300000190734863,6.619999885559082,6.900000095367432,40200,0.0,0.0
2026-05-06 00:00:00-04:00,6.900000095367432,7.059999942779541,6.699999809265137,6.929999828338623,18200,0.0,0.0
2026-05-07 00:00:00-04:00,6.960000038146973,7.0,6.659999847412109,6.789999961853027,17000,0.0,0.0
2026-05-08 00:00:00-04:00,6.760000228881836,6.849999904632568,6.699999809265137,6.760000228881836,12300,0.0,0.0
2026-05-11 00:00:00-04:00,6.730000019073486,7.0,6.630000114440918,6.630000114440918,13900,0.0,0.0
2026-05-12 00:00:00-04:00,6.75,6.769999980926514,6.5,6.730000019073486,9700,0.0,0.0
2026-05-13 00:00:00-04:00,6.610000133514404,6.800000190734863,6.519999980926514,6.559999942779541,12500,0.0,0.0
2026-05-14 00:00:00-04:00,6.650000095367432,6.699999809265137,6.460000038146973,6.460000038146973,10100,0.0,0.0
2026-05-15 00:00:00-04:00,6.510000228881836,6.699999809265137,6.309999942779541,6.409999847412109,25300,0.0,0.0
2026-05-18 00:00:00-04:00,6.369999885559082,6.5,6.21999979019165,6.329999923706055,19800,0.0,0.0
2026-05-19 00:00:00-04:00,6.170000076293945,6.329999923706055,6.050000190734863,6.190000057220459,13200,0.0,0.0
2026-05-20 00:00:00-04:00,6.199999809265137,6.630000114440918,6.190000057220459,6.489999771118164,16300,0.0,0.0
2026-05-21 00:00:00-04:00,6.5,6.510000228881836,5.980000019073486,6.0,49700,0.0,0.0
2026-05-22 00:00:00-04:00,6.0,6.130000114440918,5.800000190734863,6.050000190734863,31800,0.0,0.0
2026-05-26 00:00:00-04:00,5.869999885559082,6.71999979019165,5.849999904632568,6.590000152587891,63800,0.0,0.0
2026-05-27 00:00:00-04:00,6.519999980926514,6.679999828338623,6.420000076293945,6.559999942779541,4800,0.0,0.0
2026-05-28 00:00:00-04:00,6.46999979019165,6.789999961853027,6.409999847412109,6.739999771118164,5900,0.0,0.0
2026-05-29 00:00:00-04:00,6.789999961853027,6.789999961853027,6.449999809265137,6.519999980926514,13400,0.0,0.0
2026-06-01 00:00:00-04:00,6.550000190734863,6.550000190734863,6.360000133514404,6.440000057220459,4900,0.0,0.0
2026-06-02 00:00:00-04:00,6.269999980926514,6.380000114440918,6.099999904632568,6.349999904632568,13600,0.0,0.0
2026-06-03 00:00:00-04:00,6.150000095367432,6.150000095367432,6.090000152587891,6.119999885559082,2000,0.0,0.0
2026-06-04 00:00:00-04:00,6.25,6.440000057220459,6.170000076293945,6.170000076293945,900,0.0,0.0
2026-06-05 00:00:00-04:00,6.150000095367432,6.21999979019165,6.050000190734863,6.139999866485596,9000,0.0,0.0
2026-06-08 00:00:00-04:00,6.050000190734863,6.329999923706055,6.050000190734863,6.300000190734863,22500,0.0,0.0
2026-06-09 00:00:00-04:00,6.349999904632568,6.349999904632568,6.159999847412109,6.340000152587891,7300,0.0,0.0
2026-06-10 00:00:00-04:00,6.349999904632568,6.630000114440918,6.300000190734863,6.550000190734863,20400,0.0,0.0
2026-06-11 00:00:00-04:00,6.380000114440918,6.559999942779541,6.269999980926514,6.489999771118164,4800,0.0,0.0
2026-06-12 00:00:00-04:00,6.480000019073486,6.630000114440918,6.260000228881836,6.420000076293945,12900,0.0,0.0
2026-06-15 00:00:00-04:00,6.480000019073486,6.789999961853027,6.480000019073486,6.659999847412109,12100,0.0,0.0
2026-06-16 00:00:00-04:00,6.75,6.920000076293945,6.650000095367432,6.789999961853027,10500,0.0,0.0
2026-06-17 00:00:00-04:00,6.739999771118164,6.880000114440918,6.690000057220459,6.800000190734863,6700,0.0,0.0
2026-06-18 00:00:00-04:00,6.760000228881836,6.940000057220459,6.510000228881836,6.929999828338623,34500,0.0,0.0
2026-06-22 00:00:00-04:00,6.630000114440918,7.03000020980835,6.630000114440918,7.019999980926514,22500,0.0,0.0
2026-06-23 00:00:00-04:00,6.940000057220459,7.25,6.900000095367432,6.960000038146973,16700,0.0,0.0
2026-06-24 00:00:00-04:00,6.869999885559082,7.190000057220459,6.869999885559082,7.190000057220459,14700,0.0,0.0
2026-06-25 00:00:00-04:00,7.099999904632568,7.199999809265137,7.0,7.0,11800,0.0,0.0
2026-06-26 00:00:00-04:00,7.0,7.260000228881836,7.0,7.099999904632568,25700,0.0,0.0
2026-06-29 00:00:00-04:00,7.079999923706055,7.800000190734863,7.0,7.349999904632568,22200,0.0,0.0
2026-06-30 00:00:00-04:00,7.599999904632568,7.800000190734863,7.25,7.5,39300,0.0,0.0
2026-07-01 00:00:00-04:00,7.480000019073486,7.619999885559082,7.050000190734863,7.210000038146973,16400,0.0,0.0
2026-07-02 00:00:00-04:00,7.5,7.880000114440918,7.010000228881836,7.159999847412109,16700,0.0,0.0
2026-07-06 00:00:00-04:00,7.099999904632568,7.380000114440918,6.900000095367432,7.170000076293945,29400,0.0,0.0
2026-07-07 00:00:00-04:00,7.039999961853027,7.130000114440918,7.0,7.090000152587891,5100,0.0,0.0
2026-07-08 00:00:00-04:00,7.119999885559082,7.239999771118164,7.050000190734863,7.050000190734863,13300,0.0,0.0
2026-07-09 00:00:00-04:00,7.039999961853027,7.389999866485596,7.0,7.150000095367432,7500,0.0,0.0
2026-07-10 00:00:00-04:00,7.059999942779541,7.25,7.059999942779541,7.230000019073486,4600,0.0,0.0
2026-07-13 00:00:00-04:00,7.139999866485596,7.320000171661377,7.139999866485596,7.260000228881836,13000,0.0,0.0
2026-07-14 00:00:00-04:00,7.260000228881836,7.260000228881836,6.909999847412109,6.909999847412109,13200,0.0,0.0
2026-07-15 00:00:00-04:00,6.900000095367432,7.010000228881836,6.480000019073486,6.78000020980835,21300,0.0,0.0
2026-07-16 00:00:00-04:00,6.679999828338623,6.800000190734863,6.449999809265137,6.449999809265137,18000,0.0,0.0
2026-07-17 00:00:00-04:00,6.5,6.5,6.329999923706055,6.349999904632568,9600,0.0,0.0
2026-07-20 00:00:00-04:00,6.389999866485596,7.03000020980835,6.309999942779541,6.429999828338623,14100,0.0,0.0
2026-07-21 00:00:00-04:00,6.489999771118164,6.789999961853027,6.320000171661377,6.400000095367432,41700,0.0,0.0
2026-07-22 00:00:00-04:00,6.460000038146973,6.760000228881836,6.400000095367432,6.559999942779541,22500,0.0,0.0
2026-07-23 00:00:00-04:00,6.5,6.5,5.760000228881836,5.800000190734863,88900,0.0,0.0
2026-07-24 00:00:00-04:00,5.989999771118164,6.0,5.800000190734863,5.800000190734863,32400,0.0,0.0
2026-07-27 00:00:00-04:00,5.809999942779541,5.820000171661377,5.559999942779541,5.559999942779541,14500,0.0,0.0
2026-07-28 00:00:00-04:00,5.599999904632568,5.800000190734863,5.099999904632568,5.150000095367432,78800,0.0,0.0
2026-07-29 00:00:00-04:00,5.150000095367432,5.289999961853027,5.0,5.110000133514404,20700,0.0,0.0
2026-07-30 00:00:00-04:00,5.230000019073486,5.230000019073486,5.010000228881836,5.150000095367432,21400,0.0,0.0
2026-07-31 00:00:00-04:00,5.239999771118164,5.760000228881836,5.230000019073486,5.570000171661377,18900,0.0,0.0
2026-08-03 00:00:00-04:00,5.679999828338623,5.980000019073486,5.570000171661377,5.579999923706055,67300,0.0,0.0
2026-08-04 00:00:00-04:00,5.550000190734863,5.670000076293945,5.050000190734863,5.25,32500,0.0,0.0
2026-08-05 00:00:00-04:00,5.400000095367432,5.670000076293945,5.400000095367432,5.590000152587891,20400,0.0,0.0
2026-08-06 00:00:00-04:00,5.650000095367432,5.800000190734863,5.650000095367432,5.78000020980835,7800,0.0,0.0
2026-08-07 00:00:00-04:00,5.78000020980835,5.9899001121521,5.600100040435791,5.760000228881836,4943,0.0,0.0
