Date,Open,High,Low,Close,Volume,Dividends,Stock Splits
1999-11-29 00:00:00-05:00,17.306807225293454,17.306807225293454,16.802725461449956,16.970752716064453,30700,0.0,0.0
1999-11-30 00:00:00-05:00,16.970755906022216,17.432830943067376,16.928749084472656,16.928749084472656,218800,0.0,0.0
1999-12-01 00:00:00-05:00,16.928755536992497,16.928755536992497,15.62654357260846,15.794570922851562,818400,0.0,0.0
1999-12-02 00:00:00-05:00,16.298636739568195,16.382650331009266,15.962582373803901,16.256629943847656,341100,0.0,0.0
1999-12-03 00:00:00-05:00,16.718715706354455,16.718715706354455,16.340654295909253,16.592695236206055,425600,0.0,0.0
1999-12-06 00:00:00-05:00,16.340654295909253,16.592695236206055,16.298647472526454,16.592695236206055,319400,0.0,0.0
1999-12-07 00:00:00-05:00,16.340656791324665,16.340656791324665,15.83657483375167,15.920588493347168,419900,0.0,0.0
1999-12-08 00:00:00-05:00,16.00460041316394,16.04660723839534,15.416504859924318,15.416504859924316,563100,0.0,0.0
1999-12-09 00:00:00-05:00,15.584529621870391,15.626536440258183,15.206468256380274,15.248475074768066,411100,0.0,0.0
1999-12-10 00:00:00-05:00,14.912423000230893,15.290484428405762,14.912423000230893,15.290484428405762,559800,0.0,0.0
1999-12-13 00:00:00-05:00,15.038436562827464,15.206463786993133,14.74438892053754,14.954422950744629,337900,0.0,0.0
1999-12-14 00:00:00-05:00,14.870409618223333,14.870409618223333,14.366327936249661,14.534355163574219,524700,0.0,0.0
1999-12-15 00:00:00-05:00,14.030277850359855,14.618373329117453,13.862250570714826,14.198305130004883,1119200,0.0,0.0
1999-12-16 00:00:00-05:00,14.198304118615406,14.57636547088623,13.73622913250662,14.57636547088623,2292800,0.0,0.0
1999-12-17 00:00:00-05:00,14.57636041722746,14.828401231358194,14.450340010162094,14.74438762664795,681800,0.0,0.0
1999-12-20 00:00:00-05:00,14.61836813221807,14.702381742173346,14.240306887419326,14.492347717285156,639700,0.0,0.0
1999-12-21 00:00:00-05:00,14.450344496506911,14.492351311903734,13.652215003967285,13.652215003967285,423700,0.0,0.0
1999-12-22 00:00:00-05:00,13.694223346480404,14.114291547292686,13.610209706317947,13.946264266967773,313100,0.0,0.0
1999-12-23 00:00:00-05:00,14.030278174742746,14.1983054582726,14.030278174742746,14.156298637390137,323400,0.0,0.0
1999-12-27 00:00:00-05:00,14.240309750268219,14.28231656369084,13.736227989196777,13.736227989196777,248100,0.0,0.0
1999-12-28 00:00:00-05:00,13.694222663430606,14.324324933220359,13.694222663430606,14.282318115234375,235900,0.0,0.0
1999-12-29 00:00:00-05:00,14.19829981435429,14.828401877121493,14.19829981435429,14.786395072937012,160500,0.0,0.0
1999-12-30 00:00:00-05:00,14.702381464568052,15.248469918966293,14.702381464568052,14.786395072937012,307800,0.0,0.0
1999-12-31 00:00:00-05:00,14.954427692551466,15.122454969995864,14.786400415107067,15.080448150634766,100000,0.0,0.0
2000-01-03 00:00:00-05:00,14.996431990072761,15.122452426964129,14.870411553181393,14.912418365478516,401800,0.0,0.0
2000-01-04 00:00:00-05:00,15.08044777802431,15.836570507841685,14.996434141377934,15.374495506286621,572100,0.0,0.0
2000-01-05 00:00:00-05:00,15.374491721864732,15.962587033630049,15.290478105898258,15.878573417663574,452800,0.0,0.0
2000-01-06 00:00:00-05:00,15.794570922851562,15.920591435533888,15.710557247730012,15.794570922851562,506100,0.0,0.0
2000-01-07 00:00:00-05:00,15.752564085290787,15.962598273094663,15.668550410169235,15.794570922851562,197800,0.0,0.0
2000-01-10 00:00:00-05:00,15.752553620223386,15.96258766849303,15.58452638160767,15.668540000915527,334100,0.0,0.0
2000-01-11 00:00:00-05:00,15.458508509805759,15.500515326408491,15.332488059997559,15.332488059997559,393900,0.0,0.0
2000-01-12 00:00:00-05:00,15.416501693203026,15.416501693203026,15.20646761018936,15.332488059997559,391400,0.0,0.0
2000-01-13 00:00:00-05:00,15.458508509805759,15.542522143011224,15.248474426792093,15.332488059997559,373300,0.0,0.0
2000-01-14 00:00:00-05:00,15.1644604288737,15.794562662760418,15.1644604288737,15.752555847167969,521100,0.0,0.0
2000-01-18 00:00:00-05:00,15.500521858745717,15.752562864578982,15.122460349995823,15.710556030273438,345600,0.0,0.0
2000-01-19 00:00:00-05:00,15.626539031227866,15.668545856580629,15.290484428405762,15.290484428405762,236300,0.0,0.0
2000-01-20 00:00:00-05:00,15.290485774146186,15.458513090345594,15.122458457946777,15.122458457946777,384500,0.0,0.0
2000-01-21 00:00:00-05:00,15.374495941248561,15.374495941248561,14.828407287597656,14.828407287597656,358100,0.0,0.0
2000-01-24 00:00:00-05:00,15.2904803697453,15.2904803697453,14.408337271490764,14.45034408569336,207700,0.0,0.0
2000-01-25 00:00:00-05:00,14.366327936249661,14.534355163574219,14.240307515756243,14.534355163574219,375800,0.0,0.0
2000-01-26 00:00:00-05:00,14.45034154991194,14.534355163574219,14.324321129418522,14.534355163574219,188900,0.0,0.0
2000-01-27 00:00:00-05:00,14.366332679726293,14.618373603932017,14.32432585902534,14.408339500427246,255400,0.0,0.0
2000-01-28 00:00:00-05:00,14.324325589738654,14.492352869383682,14.198305130004883,14.198305130004883,172900,0.0,0.0
2000-01-31 00:00:00-05:00,14.156292895357051,14.28231330688842,13.946258876138105,14.030272483825684,302500,0.0,0.0
2000-02-01 00:00:00-05:00,13.988271087049002,13.988271087049002,13.568202886236719,13.946264266967773,380100,0.0,0.0
2000-02-02 00:00:00-05:00,13.862249484428991,13.904256301048473,13.10612678527832,13.10612678527832,594800,0.0,0.0
2000-02-03 00:00:00-05:00,13.148131029495339,13.148131029495339,12.4340152866793,12.686056137084961,651800,0.0,0.0
2000-02-04 00:00:00-05:00,12.812076879027705,12.812076879027705,12.43401559407279,12.51802921295166,395800,0.0,0.0
2000-02-07 00:00:00-05:00,12.47602653503418,12.60204700508503,12.097965124881629,12.47602653503418,315700,0.0,0.0
2000-02-08 00:00:00-05:00,12.770074378993503,12.896094849838832,11.971944730306408,12.22398567199707,453900,0.0,0.0
2000-02-09 00:00:00-05:00,12.223982173021337,12.602043477341585,12.097961738247921,12.307995796203613,617600,0.0,0.0
2000-02-10 00:00:00-05:00,12.223983474544712,12.265990290608439,11.971942578162347,12.013949394226074,259800,0.0,0.0
2000-02-11 00:00:00-05:00,11.76191047640914,12.013951415189336,11.173814952588684,11.635890007019043,377200,0.0,0.0
2000-02-14 00:00:00-05:00,11.467862714498912,11.803917299539172,11.42585589136888,11.635890007019043,331600,0.0,0.0
2000-02-15 00:00:00-05:00,11.677894260866422,11.929935144194474,11.593880633090405,11.845921516418457,315600,0.0,0.0
2000-02-16 00:00:00-05:00,11.761911392211914,11.887931871414184,11.635890913009643,11.761911392211914,211900,0.0,0.0
2000-02-17 00:00:00-05:00,12.013951040247582,12.013951040247582,11.593882822057108,11.803916931152344,258800,0.0,0.0
2000-02-18 00:00:00-05:00,11.635884926473492,11.71989853605092,11.341837292952503,11.677891731262207,332100,0.0,0.0
2000-02-22 00:00:00-05:00,11.593882179934228,12.223984472321959,11.425854901964167,11.887929916381836,297300,0.0,0.0
2000-02-23 00:00:00-05:00,11.929942736709327,12.097970099198191,11.38385380862052,11.971949577331543,437400,0.0,0.0
2000-02-24 00:00:00-05:00,11.980438962744959,11.980438962744959,10.960827136128366,11.428149223327637,545600,0.2,0.0
2000-02-25 00:00:00-05:00,11.258217743720008,11.640572308601065,11.17325006263533,11.343185424804688,296200,0.0,0.0
2000-02-28 00:00:00-05:00,11.343177294209056,11.810499205206433,11.300693484118385,11.64056396484375,242000,0.0,0.0
2000-02-29 00:00:00-05:00,11.555599705319562,11.59808352776559,11.343180593089423,11.513115882873535,412600,0.0,0.0
2000-03-01 00:00:00-05:00,11.343178696684785,11.725533034775284,11.045791989281064,11.598081588745117,314000,0.0,0.0
2000-03-02 00:00:00-05:00,11.598083820748837,12.022922055941102,11.513116173710383,11.980438232421875,305300,0.0,0.0
2000-03-03 00:00:00-05:00,12.065406642548025,12.660180209434195,12.065406642548025,12.405277252197266,478100,0.0,0.0
2000-03-06 00:00:00-05:00,12.362794468800226,12.362794468800226,12.065407660272387,12.235342979431152,717700,0.0,0.0
2000-03-07 00:00:00-05:00,12.192861685062045,12.235345523685956,11.980442491942497,12.022926330566406,452000,0.0,0.0
2000-03-08 00:00:00-05:00,11.937954107333812,11.937954107333812,11.385664415535452,11.513115882873535,424400,0.0,0.0
2000-03-09 00:00:00-05:00,11.513117420942264,11.513117420942264,11.173246795969797,11.300698280334473,441000,0.0,0.0
2000-03-10 00:00:00-05:00,11.258217235336035,12.022926330566406,11.258217235336035,12.022926330566406,201100,0.0,0.0
2000-03-13 00:00:00-05:00,12.192855003552559,12.320306449582725,11.555597773401729,11.598081588745117,520800,0.0,0.0
2000-03-14 00:00:00-05:00,11.555600063406306,11.852986829743969,11.513116239643784,11.810503005981445,312100,0.0,0.0
2000-03-15 00:00:00-05:00,11.725534751440174,12.32030825332482,11.683050929876984,12.192856788635254,544400,0.0,0.0
2000-03-16 00:00:00-05:00,12.362794684725861,12.745149159511197,12.277827023662452,12.702665328979492,580700,0.0,0.0
2000-03-17 00:00:00-05:00,12.447758227381213,12.660177309759732,12.150371512051287,12.320306777954102,501600,0.0,0.0
2000-03-20 00:00:00-05:00,12.490244788611495,12.872599220915928,12.447760962799892,12.66018009185791,296800,0.0,0.0
2000-03-21 00:00:00-05:00,12.320310501825242,12.490245819091797,12.320310501825242,12.490245819091797,473500,0.0,0.0
2000-03-22 00:00:00-05:00,12.490245958169302,12.490245958169302,12.150375319851769,12.235342979431152,300400,0.0,0.0
2000-03-23 00:00:00-05:00,12.405277136988287,12.830115395104325,12.32030948536508,12.66018009185791,327100,0.0,0.0
2000-03-24 00:00:00-05:00,12.490249562907863,12.66018493111069,12.405281878806449,12.575217247009277,408500,0.0,0.0
2000-03-27 00:00:00-05:00,12.575210175299727,12.915080720578098,12.277823448181152,12.277823448181152,323200,0.0,0.0
2000-03-28 00:00:00-05:00,12.362790594429805,12.87259639213825,12.235339145002694,12.320306777954102,243700,0.0,0.0
2000-03-29 00:00:00-05:00,12.235337709810954,12.702659636227345,12.235337709810954,12.44775676727295,173700,0.0,0.0
2000-03-30 00:00:00-05:00,12.575213089967386,13.722276446146843,12.532729261960739,13.25495433807373,300600,0.0,0.0
2000-03-31 00:00:00-05:00,13.08501655364705,13.977176773213895,13.08501655364705,13.637306213378906,455100,0.0,0.0
2000-04-03 00:00:00-04:00,13.637307590908474,13.807242887991446,13.509856118096245,13.764759063720703,367500,0.0,0.0
2000-04-04 00:00:00-04:00,14.019662593973093,14.062146420015436,13.297437551253267,13.552340507507324,252900,0.0,0.0
2000-04-05 00:00:00-04:00,13.807244300842285,13.849728129460262,13.552341329134428,13.807244300842285,294800,0.0,0.0
2000-04-06 00:00:00-04:00,13.892211540885592,13.93469536822775,13.55234092214833,13.679792404174805,362300,0.0,0.0
2000-04-07 00:00:00-04:00,13.722275811676695,13.722275811676695,13.509856681464981,13.552340507507324,168600,0.0,0.0
2000-04-10 00:00:00-04:00,13.764759135246278,13.764759135246278,13.552340012788774,13.594823837280273,246400,0.0,0.0
2000-04-11 00:00:00-04:00,13.594823837280273,13.80724295973778,13.42488853931427,13.594823837280273,251600,0.0,0.0
2000-04-12 00:00:00-04:00,13.679788020119739,14.359529039753017,13.637304206392658,14.232077598571777,338800,0.0,0.0
2000-04-13 00:00:00-04:00,14.69940531218856,14.69940531218856,14.27456700836808,14.48698616027832,245300,0.0,0.0
2000-04-14 00:00:00-04:00,14.571954983699172,14.571954983699172,13.212472303004205,13.424891471862793,236800,0.0,0.0
2000-04-17 00:00:00-04:00,13.467373671898475,13.849728129460262,13.085019214336688,13.807244300842285,260500,0.0,0.0
2000-04-18 00:00:00-04:00,13.722278429744454,14.104632937074795,13.722278429744454,13.977181434631348,533100,0.0,0.0
2000-04-19 00:00:00-04:00,13.977182708100644,14.48698876432316,13.977182708100644,14.18960189819336,320300,0.0,0.0
2000-04-20 00:00:00-04:00,14.104629024013027,14.614434892350847,14.104629024013027,14.147112846374512,202900,0.0,0.0
2000-04-24 00:00:00-04:00,14.019662082195284,14.189597380161286,13.573581925034524,13.594823837280273,185100,0.0,0.0
2000-04-25 00:00:00-04:00,14.104629516601564,14.189597164291934,13.977178045066008,14.104629516601562,229600,0.0,0.0
2000-04-26 00:00:00-04:00,14.44449995914449,15.676530838012697,14.232080842098247,15.676530838012695,743200,0.0,0.0
2000-04-27 00:00:00-04:00,15.71901362101237,16.10136800638835,15.591562159220379,15.931432723999023,702400,0.0,0.0
2000-04-28 00:00:00-04:00,15.931434409562932,16.653659436129786,15.931434409562932,16.441240310668945,526500,0.0,0.0
2000-05-01 00:00:00-04:00,16.48372719156083,16.993533187176116,16.48372719156083,16.908565521240234,244200,0.0,0.0
2000-05-02 00:00:00-04:00,17.078503228667984,17.2909224230544,16.823600195404282,16.951051712036133,554600,0.0,0.0
2000-05-03 00:00:00-04:00,17.03600834383823,17.248427400494567,16.86607309851316,17.16345977783203,192300,0.0,0.0
2000-05-04 00:00:00-04:00,17.12098114613526,17.333400267055055,16.951045849399428,17.290916442871094,305100,0.0,0.0
2000-05-05 00:00:00-04:00,17.33340318467882,17.46085467868381,16.99353253399884,17.205951690673828,409400,0.0,0.0
2000-05-08 00:00:00-04:00,16.99353542280552,17.205954615590592,16.823600068577466,17.120986938476562,176800,0.0,0.0
2000-05-09 00:00:00-04:00,17.078493654275242,17.120977469335628,16.78110694885254,16.78110694885254,233300,0.0,0.0
2000-05-10 00:00:00-04:00,16.86607457897331,16.951042209094084,16.611171688610995,16.78110694885254,317700,0.0,0.0
2000-05-11 00:00:00-04:00,16.73862988541766,17.758241858133456,16.69614605322117,17.418371200561523,337000,0.0,0.0
2000-05-12 00:00:00-04:00,17.503335563790888,17.885689981446514,17.290916442871094,17.290916442871094,270100,0.0,0.0
2000-05-15 00:00:00-04:00,17.375884551627966,17.588303678175983,17.33340072631836,17.33340072631836,192900,0.0,0.0
2000-05-16 00:00:00-04:00,17.33340318467882,17.375887016013817,16.73862954598886,17.205951690673828,348100,0.0,0.0
2000-05-17 00:00:00-04:00,16.526208342338094,16.738627472702337,16.05888625553676,16.65365982055664,1091100,0.0,0.0
2000-05-18 00:00:00-04:00,16.69614867877243,17.588309295195387,16.69614867877243,16.951051712036133,246800,0.0,0.0
2000-05-19 00:00:00-04:00,16.696152060372487,18.225570569719586,16.653668212890626,17.843215942382812,440100,0.0,0.0
2000-05-22 00:00:00-04:00,17.758245332546142,18.18308373763098,17.758245332546142,17.928180694580078,360700,0.0,0.0
2000-05-23 00:00:00-04:00,17.673271646305004,17.758239298450704,16.31378921197385,16.65365982055664,550100,0.0,0.0
2000-05-24 00:00:00-04:00,16.993533187176116,17.078500853111997,16.823597855304353,16.908565521240234,236300,0.0,0.0
2000-05-25 00:00:00-04:00,16.874306247108862,16.9171344355533,16.27471160888672,16.27471160888672,631300,0.2,0.0
2000-05-26 00:00:00-04:00,16.44601677697721,16.61732945173739,15.846422415316583,15.974906921386719,345100,0.0,0.0
2000-05-30 00:00:00-04:00,15.88925156769929,16.189048767089844,15.88925156769929,16.189048767089844,457600,0.0,0.0
2000-05-31 00:00:00-04:00,16.103396863568552,16.360365962455283,15.246833200612778,15.503802299499512,500300,0.0,0.0
2000-06-01 00:00:00-04:00,15.71793798462506,15.846422491311367,15.118343620088954,15.460968971252441,342900,0.0,0.0
2000-06-02 00:00:00-04:00,15.418146306818183,15.67511541193182,15.418146306818183,15.546630859375,272600,0.0,0.0
2000-06-05 00:00:00-04:00,15.803592538435145,15.803592538435145,15.161170077523147,15.375310897827148,213500,0.0,0.0
2000-06-06 00:00:00-04:00,15.33249171619684,15.675117229407943,15.204007148742676,15.204007148742676,178900,0.0,0.0
2000-06-07 00:00:00-04:00,15.161168944588047,15.161168944588047,14.433090209960938,14.433090209960938,286200,0.0,0.0
2000-06-08 00:00:00-04:00,14.518750757860714,14.732891624495828,14.475922584533691,14.475922584533691,153900,0.0,0.0
2000-06-09 00:00:00-04:00,14.475922584533691,14.647235277841782,14.390266237879645,14.475922584533691,136300,0.0,0.0
2000-06-12 00:00:00-04:00,14.561575889587402,14.73288854711196,14.561575889587402,14.561575889587402,147200,0.0,0.0
2000-06-13 00:00:00-04:00,14.690065001883701,14.732893179731759,14.56158046833953,14.647236824035645,203800,0.0,0.0
2000-06-14 00:00:00-04:00,14.56158046833953,14.732893179731759,14.56158046833953,14.647236824035645,135400,0.0,0.0
2000-06-15 00:00:00-04:00,14.818544560168164,14.818544560168164,14.218950271606445,14.218950271606445,173000,0.0,0.0
2000-06-16 00:00:00-04:00,13.876328468322754,14.261782036887276,13.876328468322754,13.876328468322754,303400,0.0,0.0
2000-06-19 00:00:00-04:00,13.876329803466797,13.876329803466797,13.490876197814941,13.490876197814941,196600,0.0,0.0
2000-06-20 00:00:00-04:00,13.319564841152017,13.533705754996905,13.062595744538152,13.105423927307129,231700,0.0,0.0
2000-06-21 00:00:00-04:00,13.019762394180058,13.662184880734994,13.019762394180058,13.576528549194336,211500,0.0,0.0
2000-06-22 00:00:00-04:00,13.61935722252947,13.70501355726236,13.319560050964355,13.319560050964355,172000,0.0,0.0
2000-06-23 00:00:00-04:00,13.405218151380431,13.705015362433668,13.362389978372827,13.619359016418457,125000,0.0,0.0
2000-06-26 00:00:00-04:00,13.53370159442608,13.961983290452222,13.53370159442608,13.91915512084961,233200,0.0,0.0
2000-06-27 00:00:00-04:00,13.747843945467913,13.961984816892647,13.747843945467913,13.876328468322754,206000,0.0,0.0
2000-06-28 00:00:00-04:00,13.919150838921091,13.919150838921091,13.19107217965445,13.287435531616211,227500,0.0,0.0
2000-06-29 00:00:00-04:00,13.448044948088818,13.619357622586763,13.319560442215357,13.362388610839844,231500,0.0,0.0
2000-06-30 00:00:00-04:00,13.276734484566582,13.362390836079914,12.323807573980755,12.334514617919922,447200,0.0,0.0
2000-07-03 00:00:00-04:00,12.420171737670898,13.533704376220703,12.420171737670898,13.490876197814941,247600,0.0,0.0
2000-07-05 00:00:00-04:00,13.74784252971125,13.74784252971125,13.276732661091861,13.405217170715332,184500,0.0,0.0
2000-07-06 00:00:00-04:00,13.36238900084084,13.533701680338801,13.319560830966351,13.405217170715332,81800,0.0,0.0
2000-07-07 00:00:00-04:00,13.576529453962277,13.705013959835737,13.233904104966383,13.362388610839844,229900,0.0,0.0
2000-07-10 00:00:00-04:00,13.362393154993326,14.047644086018625,13.362393154993326,13.662190437316895,142800,0.0,0.0
2000-07-11 00:00:00-04:00,13.705015771182968,14.17612568831738,13.705015771182968,13.876328468322754,98400,0.0,0.0
2000-07-12 00:00:00-04:00,13.876325375565859,14.047638034523462,13.747840881347656,13.747840881347656,80900,0.0,0.0
2000-07-13 00:00:00-04:00,13.833502003020305,14.047642900899875,13.833502003020305,13.961986541748047,62100,0.0,0.0
2000-07-14 00:00:00-04:00,13.919159536451382,14.133300452396787,13.619362254127813,13.662190437316895,150000,0.0,0.0
2000-07-17 00:00:00-04:00,13.705015362433668,13.790671708448878,13.576530843410852,13.619359016418457,70600,0.0,0.0
2000-07-18 00:00:00-04:00,13.36238739869305,13.833497210826458,13.36238739869305,13.747840881347656,133500,0.0,0.0
2000-07-19 00:00:00-04:00,13.747843535441273,13.919156227471694,13.533702670403247,13.619359016418457,115800,0.0,0.0
2000-07-20 00:00:00-04:00,13.533702670403247,13.790671708448878,13.533702670403247,13.619359016418457,135400,0.0,0.0
2000-07-21 00:00:00-04:00,13.619355046749115,13.74783952832222,13.619355046749115,13.705011367797852,120000,0.0,0.0
2000-07-24 00:00:00-04:00,13.705017464292562,14.09047108047579,13.705017464292562,13.961986541748047,145600,0.0,0.0
2000-07-25 00:00:00-04:00,14.047638034523462,14.047638034523462,13.705012716608255,13.747840881347656,87100,0.0,0.0
2000-07-26 00:00:00-04:00,13.74783952832222,13.79066768884659,13.448042404651643,13.705011367797852,312700,0.0,0.0
2000-07-27 00:00:00-04:00,13.876328157955372,14.561578931187736,13.876328157955372,14.475922584533691,312500,0.0,0.0
2000-07-28 00:00:00-04:00,14.518751082596955,14.647235605451796,13.79067211975286,13.876328468322754,283600,0.0,0.0
2000-07-31 00:00:00-04:00,13.790673817752712,14.475924690684524,13.790673817752712,14.176127433776855,487800,0.0,0.0
2000-08-01 00:00:00-04:00,14.261781717898577,14.647235277841782,14.218953544571555,14.475922584533691,385800,0.0,0.0
2000-08-02 00:00:00-04:00,14.518749668287196,14.989859539529553,14.518749668287196,14.775718688964844,391100,0.0,0.0
2000-08-03 00:00:00-04:00,14.775719220659376,14.90420373562163,14.475922019080778,14.518750190734863,278300,0.0,0.0
2000-08-04 00:00:00-04:00,14.690068503220877,14.690068503220877,14.347442998772575,14.390271186828613,247100,0.0,0.0
2000-08-07 00:00:00-04:00,14.347442998772575,14.475927562940688,14.304614810716538,14.390271186828613,403600,0.0,0.0
2000-08-08 00:00:00-04:00,14.390268131178253,14.732893562872974,14.390268131178253,14.690065383911133,82000,0.0,0.0
2000-08-09 00:00:00-04:00,14.604406534043035,14.604406534043035,14.30460933246444,14.518750190734863,153300,0.0,0.0
2000-08-10 00:00:00-04:00,14.433095934795357,14.775721357579817,14.433095934795357,14.647236824035645,103400,0.0,0.0
2000-08-11 00:00:00-04:00,14.64724037913675,15.11835044981074,14.64724037913675,14.947037696838379,129300,0.0,0.0
2000-08-14 00:00:00-04:00,14.775721549987793,15.118346977233886,14.732893371582032,14.989862442016602,88700,0.0,0.0
2000-08-15 00:00:00-04:00,14.90420150756836,15.075514168574891,14.90420150756836,14.90420150756836,78300,0.0,0.0
2000-08-16 00:00:00-04:00,14.818553132109109,15.11835044981074,14.818553132109109,14.947037696838379,61700,0.0,0.0
2000-08-17 00:00:00-04:00,14.861373342316726,15.118342333826526,14.861373342316726,14.90420150756836,123400,0.0,0.0
2000-08-18 00:00:00-04:00,15.075514168574891,15.118342333826526,14.90420150756836,14.90420150756836,108400,0.0,0.0
2000-08-21 00:00:00-04:00,14.904202068229917,14.989858401955376,14.818545734504458,14.861373901367188,79300,0.0,0.0
2000-08-22 00:00:00-04:00,14.818548245376416,15.289658160691852,14.818548245376416,15.246829986572266,184600,0.0,0.0
2000-08-23 00:00:00-04:00,15.161175155639649,15.20400333404541,14.861377906799316,14.989862442016602,172600,0.0,0.0
2000-08-24 00:00:00-04:00,14.95528327876871,15.214623451232908,14.95528327876871,15.21462345123291,94100,0.2,0.0
2000-08-25 00:00:00-04:00,15.21462156819892,15.344291638382435,15.21462156819892,15.257844924926758,53300,0.0,0.0
2000-08-28 00:00:00-04:00,15.257846813310275,15.344293537465008,15.171400089155544,15.21462345123291,61600,0.0,0.0
2000-08-29 00:00:00-04:00,15.214623315783514,15.214623315783514,14.86883642224298,14.912059783935547,114900,0.0,0.0
2000-08-30 00:00:00-04:00,14.955283145628114,15.041729869013247,14.825613060550413,14.912059783935547,47400,0.0,0.0
2000-08-31 00:00:00-04:00,14.955287235038192,15.344297596643232,14.912063861526521,15.052539825439453,138600,0.0,0.0
2000-09-01 00:00:00-04:00,15.04172703855663,15.04172703855663,14.695940210084064,14.998503684997559,110200,0.0,0.0
2000-09-05 00:00:00-04:00,14.998503138153836,15.646853417901122,14.998503138153836,15.603630065917969,126700,0.0,0.0
2000-09-06 00:00:00-04:00,15.646856244228012,15.646856244228012,15.128175926739791,15.517186164855957,101800,0.0,0.0
2000-09-07 00:00:00-04:00,15.387518687554968,15.473965421754714,14.739168181056865,14.782391548156738,275800,0.0,0.0
2000-09-08 00:00:00-04:00,14.739165238374788,14.739165238374788,14.177261578260794,14.609495162963867,248800,0.0,0.0
2000-09-11 00:00:00-04:00,14.263709027592729,14.43660247035143,14.177262306213379,14.177262306213379,163700,0.0,0.0
2000-09-12 00:00:00-04:00,14.09081156602901,14.177258262753115,13.87469482421875,13.87469482421875,194000,0.0,0.0
2000-09-13 00:00:00-04:00,13.701803595186716,14.39337727822453,13.701803595186716,14.350153923034668,226900,0.0,0.0
2000-09-14 00:00:00-04:00,14.350162506103516,14.436609268188477,14.004375457763672,14.134045600891113,683200,0.0,0.0
2000-09-15 00:00:00-04:00,14.047592953790593,14.047592953790593,13.61535932444319,13.65858268737793,470700,0.0,0.0
2000-09-18 00:00:00-04:00,13.572138730581706,13.658585474088595,13.312798500061035,13.312798500061035,455800,0.0,0.0
2000-09-19 00:00:00-04:00,13.269569225881582,13.269569225881582,12.880559053135867,13.010229110717773,467400,0.0,0.0
2000-09-20 00:00:00-04:00,13.01023095086117,13.139901026783374,12.83733751629823,12.880560874938965,439900,0.0,0.0
2000-09-21 00:00:00-04:00,12.794114044501919,12.794114044501919,12.491550536692753,12.664443969726562,287300,0.0,0.0
2000-09-22 00:00:00-04:00,12.707668265251264,12.79411498814413,12.448328096572666,12.621221542358398,303700,0.0,0.0
2000-09-25 00:00:00-04:00,12.707663280207935,12.707663280207935,12.405099868774414,12.405099868774414,204200,0.0,0.0
2000-09-26 00:00:00-04:00,12.448329816545758,12.534776551382881,11.97287277494158,12.102542877197266,209100,0.0,0.0
2000-09-27 00:00:00-04:00,11.929648484199497,12.361882124931363,11.843201756053123,12.14576530456543,233400,0.0,0.0
2000-09-28 00:00:00-04:00,12.059315789293485,12.4051026219614,11.79997566479255,12.232209205627441,251300,0.0,0.0
2000-09-29 00:00:00-04:00,12.145765452549375,12.707669192347034,12.145765452549375,12.534775733947754,269500,0.0,0.0
2000-10-02 00:00:00-04:00,12.62122630745275,12.750896440748496,12.491556174157003,12.5780029296875,233800,0.0,0.0
2000-10-03 00:00:00-04:00,12.491551399230957,12.664444844203013,12.448328037987944,12.491551399230957,112200,0.0,0.0
2000-10-04 00:00:00-04:00,12.361881295839945,12.664444824059803,12.361881295839945,12.448328018188477,147600,0.0,0.0
2000-10-05 00:00:00-04:00,12.491554220099198,12.534777591103001,12.318660736083984,12.318660736083984,195800,0.0,0.0
2000-10-06 00:00:00-04:00,12.318654983816012,12.318654983816012,12.016091528073163,12.275431632995605,230300,0.0,0.0
2000-10-09 00:00:00-04:00,12.361881373679802,12.79411498814413,12.361881373679802,12.621221542358398,85200,0.0,0.0
2000-10-10 00:00:00-04:00,12.707671184797546,12.923788041681858,12.664447813420683,12.79411792755127,152400,0.0,0.0
2000-10-11 00:00:00-04:00,12.79411792755127,12.967011413058719,12.664447813420683,12.79411792755127,102100,0.0,0.0
2000-10-12 00:00:00-04:00,12.794113133317333,12.923783198857713,12.664443067776956,12.750889778137207,121200,0.0,0.0
2000-10-13 00:00:00-04:00,12.923784233579699,12.967007592220435,12.75089079901676,12.880560874938965,166100,0.0,0.0
2000-10-16 00:00:00-04:00,12.837337538550132,13.053454332128418,12.794114179834475,12.923784255981445,139700,0.0,0.0
2000-10-17 00:00:00-04:00,13.05345147450765,13.18312152226766,12.967004776000977,12.967004776000977,165400,0.0,0.0
2000-10-18 00:00:00-04:00,13.01023097341276,13.096677690844073,12.794114179834475,12.923784255981445,112100,0.0,0.0
2000-10-19 00:00:00-04:00,12.92378815428003,13.485691987074816,12.880564782526587,13.312798500061035,156800,0.0,0.0
2000-10-20 00:00:00-04:00,13.442466609942246,13.442466609942246,13.05345632219472,13.0966796875,139000,0.0,0.0
2000-10-23 00:00:00-04:00,13.0966796875,13.356019879331683,12.880562860973598,13.0966796875,141300,0.0,0.0
2000-10-24 00:00:00-04:00,13.18312371161676,13.442463850205943,13.18312371161676,13.399240493774414,159100,0.0,0.0
2000-10-25 00:00:00-04:00,13.485684118772808,13.485684118772808,13.139897346496582,13.139897346496582,126900,0.0,0.0
2000-10-26 00:00:00-04:00,13.226347068048291,13.485687206637474,13.18312371161676,13.399240493774414,70300,0.0,0.0
2000-10-27 00:00:00-04:00,13.442463750153586,13.442463750153586,13.096676901275037,13.226346969604492,147000,0.0,0.0
2000-10-30 00:00:00-05:00,13.312793099880219,14.220483538508416,13.312793099880219,13.831473350524902,151600,0.0,0.0
2000-10-31 00:00:00-05:00,13.701808991255582,14.177266085589373,13.701808991255582,14.004372596740723,201400,0.0,0.0
2000-11-01 00:00:00-05:00,13.831471475856699,14.134034914391064,13.615354734046438,13.87469482421875,122500,0.0,0.0
2000-11-02 00:00:00-05:00,13.831472456085017,14.090812564636611,13.745025753234485,13.917919158935547,90900,0.0,0.0
2000-11-03 00:00:00-05:00,13.961142510360814,13.961142510360814,13.788249104659752,13.917919158935547,73500,0.0,0.0
2000-11-06 00:00:00-05:00,13.831473296543336,13.874696650595036,13.745026588439941,13.745026588439941,122800,0.0,0.0
2000-11-07 00:00:00-05:00,13.572135925292969,13.701806013751181,13.528912562473565,13.572135925292969,64100,0.0,0.0
2000-11-08 00:00:00-05:00,13.528908698986736,13.658578750414724,13.312791946606758,13.485685348510742,119800,0.0,0.0
2000-11-09 00:00:00-05:00,13.485686516761781,13.917920058965684,13.312793099880219,13.831473350524902,141800,0.0,0.0
2000-11-10 00:00:00-05:00,13.874697414521247,13.874697414521247,13.269570424479822,13.399240493774414,114400,0.0,0.0
2000-11-13 00:00:00-05:00,13.44246578216553,13.44246578216553,13.226348968947432,13.442465782165527,149800,0.0,0.0
2000-11-14 00:00:00-05:00,13.269568596130762,14.004365554222693,13.226345245654766,13.485685348510742,305500,0.0,0.0
2000-11-15 00:00:00-05:00,13.442462865588734,13.442462865588734,13.053452686198707,13.356016159057617,198700,0.0,0.0
2000-11-16 00:00:00-05:00,13.399241178627783,13.399241178627783,12.577997364453822,12.880560874938965,201300,0.0,0.0
2000-11-17 00:00:00-05:00,12.707667327985014,13.053454194052634,12.4483271784343,12.664443969726562,223200,0.0,0.0
2000-11-20 00:00:00-05:00,12.66444423237785,13.35601797885582,12.577997514068104,13.183124542236328,303900,0.0,0.0
2000-11-21 00:00:00-05:00,13.528912721403612,14.47982671460131,13.35601926809494,13.961146354675293,400900,0.0,0.0
2000-11-22 00:00:00-05:00,13.92622279820006,14.057190410722317,13.707943443996296,13.838911056518555,121200,0.2,0.0
2000-11-24 00:00:00-05:00,13.75159931483705,14.013534539881563,13.707943443996296,13.838911056518555,32500,0.0,0.0
2000-11-27 00:00:00-05:00,13.926219545259066,14.493745733623856,13.926219545259066,14.231810569763184,128100,0.0,0.0
2000-11-28 00:00:00-05:00,14.144499813638083,14.53740258623914,14.144499813638083,14.319123268127441,102000,0.0,0.0
2000-11-29 00:00:00-05:00,14.188155111474304,14.188155111474304,13.75159649265971,13.926219940185547,125300,0.0,0.0
2000-11-30 00:00:00-05:00,13.969879150390625,13.969879150390625,13.7079439163208,13.882567405700684,151300,0.0,0.0
2000-12-01 00:00:00-05:00,13.882566933319946,14.100846287617431,13.83891106246045,14.013534545898438,274900,0.0,0.0
2000-12-04 00:00:00-05:00,14.10084352980147,14.62471387765787,14.013531805158735,14.537402153015137,168100,0.0,0.0
2000-12-05 00:00:00-05:00,14.4937467226168,14.53740258623914,14.057188086393403,14.319123268127441,221200,0.0,0.0
2000-12-06 00:00:00-05:00,14.4064344208816,14.668369592170357,13.83890821642263,13.926219940185547,172800,0.0,0.0
2000-12-07 00:00:00-05:00,13.92622580480734,13.92622580480734,13.140419960021973,13.140419960021973,211300,0.0,0.0
2000-12-08 00:00:00-05:00,13.533317470550536,13.533317470550536,12.79116780281067,13.096758842468262,390300,0.0,0.0
2000-12-11 00:00:00-05:00,13.096763148452297,13.140419025613804,12.791172008321743,12.965795516967773,295700,0.0,0.0
2000-12-12 00:00:00-05:00,13.096756369380628,13.271379787639036,12.791165387428414,12.878477096557617,179000,0.0,0.0
2000-12-13 00:00:00-05:00,13.184069556158942,13.184069556158942,12.791166821041623,12.922134399414062,243500,0.0,0.0
2000-12-14 00:00:00-05:00,12.92213320901208,12.92213320901208,12.13632781116675,12.310951232910156,155800,0.0,0.0
2000-12-15 00:00:00-05:00,12.04901622903758,12.485574788060681,11.39417839050293,11.39417839050293,634200,0.0,0.0
2000-12-18 00:00:00-05:00,11.65611591113834,11.743427640809788,10.826654479259581,11.088589668273926,491600,0.0,0.0
2000-12-19 00:00:00-05:00,11.088589143561551,11.219556731871334,10.870309829711914,10.870309829711914,632500,0.0,0.0
2000-12-20 00:00:00-05:00,9.080416679382324,9.342351775902968,8.731169884021465,9.080416679382324,1847700,0.0,0.0
2000-12-21 00:00:00-05:00,9.255044026417774,9.953537915204022,9.167732290319494,9.69160270690918,398800,0.0,0.0
2000-12-22 00:00:00-05:00,9.735259080440441,10.782999968021475,9.691603210124564,10.259129524230957,586900,0.0,0.0
2000-12-26 00:00:00-05:00,10.259128594498256,10.608375525374791,10.215472728138689,10.433752059936523,331300,0.0,0.0
2000-12-27 00:00:00-05:00,10.346439830327437,10.695686744431317,10.171816373275497,10.302783966064453,411800,0.0,0.0
2000-12-28 00:00:00-05:00,10.215472299544537,10.87031026746406,10.215472299544537,10.652030944824219,261900,0.0,0.0
2000-12-29 00:00:00-05:00,10.739342749588133,11.306868992452547,10.652031019916684,11.088589668273926,376600,0.0,0.0
2001-01-02 00:00:00-05:00,11.132247948352202,11.306871445581256,10.477409833743248,10.608377456665039,328900,0.0,0.0
2001-01-03 00:00:00-05:00,10.782995561758677,10.870307266712189,10.12815777460734,10.477404594421387,361000,0.0,0.0
2001-01-04 00:00:00-05:00,10.477404554351038,10.739339668209814,10.215469440492262,10.390092849731445,357100,0.0,0.0
2001-01-05 00:00:00-05:00,10.477403913225446,10.652027311779204,9.953533717564174,10.084501266479492,1201300,0.0,0.0
2001-01-08 00:00:00-05:00,10.171818754598165,10.608377499430704,9.34235713941634,9.735260009765625,861600,0.0,0.0
2001-01-09 00:00:00-05:00,9.909880573393533,10.04084815806393,9.429666096268736,9.647945404052734,541300,0.0,0.0
2001-01-10 00:00:00-05:00,9.604290962219238,9.691602698239413,9.3860116221688,9.604290962219238,463500,0.0,0.0
2001-01-11 00:00:00-05:00,9.69160171823764,9.8662251726203,9.473322400259315,9.51697826385498,301900,0.0,0.0
2001-01-12 00:00:00-05:00,9.516979678547212,9.60429141871737,9.21138858795166,9.21138858795166,251000,0.0,0.0
2001-01-16 00:00:00-05:00,9.473319371541342,10.346436364310128,9.386007672264462,10.084501266479492,454500,0.0,0.0
2001-01-17 00:00:00-05:00,10.084506511688232,10.215474128723145,9.866227149963379,10.215474128723145,285600,0.0,0.0
2001-01-18 00:00:00-05:00,9.953536082958353,10.43375054310108,9.473321622815625,10.128159523010254,626200,0.0,0.0
2001-01-19 00:00:00-05:00,10.128161913283328,10.302785394546834,9.997194302335698,10.259129524230957,219400,0.0,0.0
2001-01-22 00:00:00-05:00,10.171817783599204,10.390097135178587,9.997194302335698,10.259129524230957,606500,0.0,0.0
2001-01-23 00:00:00-05:00,10.215471888163004,10.95762155525177,10.215471888163004,10.870309829711914,425400,0.0,0.0
2001-01-24 00:00:00-05:00,11.088589668273926,11.35052485728827,11.001277938602477,11.088589668273926,470700,0.0,0.0
2001-01-25 00:00:00-05:00,10.913969499791563,11.088593011788229,10.913969499791563,11.044937133789062,334900,0.0,0.0
2001-01-26 00:00:00-05:00,11.132244110107422,11.263211687873392,10.95762067308613,11.132244110107422,308700,0.0,0.0
2001-01-29 00:00:00-05:00,11.378463383395976,11.378463383395976,11.231779008833557,11.350522994995117,205300,0.0,0.0
2001-01-30 00:00:00-05:00,11.455298253399018,11.5600720587727,11.357509546019743,11.434344291687012,268500,0.0,0.0
2001-01-31 00:00:00-05:00,11.594994625343377,11.874391813320265,11.594994625343377,11.769618034362793,317000,0.0,0.0
2001-02-01 00:00:00-05:00,11.706756167822434,11.84645412750447,11.706756167822434,11.755650520324707,331100,0.0,0.0
2001-02-02 00:00:00-05:00,11.73470022384507,11.930279049408798,11.73470022384507,11.867414474487305,121400,0.0,0.0
2001-02-05 00:00:00-05:00,11.80454391107855,12.01409283193586,11.727710505808172,12.007107734680176,182600,0.0,0.0
2001-02-06 00:00:00-05:00,12.00710964604814,12.00710964604814,11.6858017824942,11.797560691833496,265000,0.0,0.0
2001-02-07 00:00:00-05:00,11.937262975077104,11.944248075188725,11.741684168766593,11.888368606567383,84300,0.0,0.0
2001-02-08 00:00:00-05:00,11.937256042326204,12.049014914663152,11.69976810554248,11.951226234436035,129100,0.0,0.0
2001-02-09 00:00:00-05:00,11.951230750418617,12.07695986237435,11.951230750418617,12.014095306396484,113900,0.0,0.0
2001-02-12 00:00:00-05:00,12.021078288181679,12.293491790395287,12.014094522214515,12.244597434997559,138500,0.0,0.0
2001-02-13 00:00:00-05:00,12.244599120591088,12.503041129633747,12.153794163262573,12.272538185119629,263500,0.0,0.0
2001-02-14 00:00:00-05:00,12.223642140282278,12.468115249542176,12.08394284005626,12.244597434997559,593400,0.0,0.0
2001-02-15 00:00:00-05:00,12.405248668298425,12.642736640469344,12.251580529005322,12.621781349182129,167400,0.0,0.0
2001-02-16 00:00:00-05:00,12.579875006670779,12.586860105381097,12.230628064782989,12.370326042175293,488200,0.0,0.0
2001-02-20 00:00:00-05:00,12.230630370698059,12.628771746350736,12.230630370698059,12.496057510375977,75400,0.0,0.0
2001-02-21 00:00:00-05:00,12.4960514742099,12.572886205123472,12.021075559964103,12.125850677490234,169900,0.0,0.0
2001-02-22 00:00:00-05:00,12.295441090354567,12.30250759769953,12.012787535548414,12.260109901428223,160400,0.2,0.0
2001-02-23 00:00:00-05:00,12.118778432210437,12.599289989969119,12.012783552774968,12.330769538879395,562900,0.0,0.0
2001-02-26 00:00:00-05:00,12.33077784520089,12.754757648546207,12.295445296389497,12.599298477172852,327200,0.0,0.0
2001-02-27 00:00:00-05:00,12.59929585009144,12.705290778826749,12.295442732664553,12.655826568603516,312600,0.0,0.0
2001-02-28 00:00:00-05:00,12.613430617372122,12.648761815921533,12.36610818412976,12.521567344665527,142900,0.0,0.0
2001-03-01 00:00:00-05:00,12.401439432397392,12.50743572406823,12.083454600781389,12.29544448852539,426800,0.0,0.0
2001-03-02 00:00:00-05:00,12.154118923327749,12.825421164938977,12.154118923327749,12.493303298950195,405600,0.0,0.0
2001-03-05 00:00:00-05:00,12.669962673301473,12.85368789019574,12.260114527244713,12.761824607849121,213800,0.0,0.0
2001-03-06 00:00:00-05:00,12.790092688208885,12.959684912134628,12.634632138760898,12.747694969177246,72200,0.0,0.0
2001-03-07 00:00:00-05:00,12.754756607776189,12.98794601970776,12.556899741772927,12.677027702331543,121300,0.0,0.0
2001-03-08 00:00:00-05:00,12.684097610072207,13.072746284825733,12.436775113502154,12.973817825317383,159100,0.0,0.0
2001-03-09 00:00:00-05:00,13.249400110177309,13.284731304684977,12.754755300277886,13.150471687316895,204500,0.0,0.0
2001-03-12 00:00:00-05:00,12.97381608223562,13.10807573130175,12.719427108764648,12.719427108764648,136400,0.0,0.0
2001-03-13 00:00:00-05:00,12.889020800924659,13.072746042172167,12.238916619510077,12.754759788513184,291900,0.0,0.0
2001-03-14 00:00:00-05:00,12.719422063594461,12.719422063594461,12.330773595215126,12.387304306030273,182900,0.0,0.0
2001-03-15 00:00:00-05:00,12.896085221161849,12.896085221161849,12.366109116182596,12.422639846801758,145400,0.0,0.0
2001-03-16 00:00:00-05:00,12.493299083127644,12.50743209762583,12.083451097269313,12.175312995910645,275000,0.0,0.0
2001-03-19 00:00:00-05:00,12.17531892842887,13.426063017185864,12.104655169304914,13.390731811523438,246100,0.0,0.0
2001-03-20 00:00:00-05:00,13.122205041538747,13.122205041538747,12.719423512620219,12.726490020751953,203700,0.0,0.0
2001-03-21 00:00:00-05:00,12.295444480009099,12.401439423807684,12.012790847279925,12.245980262756348,233600,0.0,0.0
2001-03-22 00:00:00-05:00,12.069322225988984,12.295445144390824,11.73013784838622,11.927994728088379,211900,0.0,0.0
2001-03-23 00:00:00-05:00,11.857332248131014,12.104653346114969,11.730137770425609,12.005724906921387,247700,0.0,0.0
2001-03-26 00:00:00-05:00,12.005724412569272,12.29544455639134,11.885596449438257,12.16825008392334,100900,0.0,0.0
2001-03-27 00:00:00-05:00,12.182384923549451,12.196517944335938,12.019859227901986,12.196517944335938,232500,0.0,0.0
2001-03-28 00:00:00-05:00,12.0198575920383,12.648762105655607,12.012791082606784,12.401439666748047,165400,0.0,0.0
2001-03-29 00:00:00-05:00,12.366109407012575,12.896085524455971,12.1753176812612,12.253047943115234,133600,0.0,0.0
2001-03-30 00:00:00-05:00,12.295445658913646,12.50743691463567,11.977460797029057,12.302512168884277,147200,0.0,0.0
2001-04-02 00:00:00-04:00,12.13291524109126,12.613426949300568,11.977456125764077,12.429701805114746,206100,0.0,0.0
2001-04-03 00:00:00-04:00,12.5427670375929,12.5427670375929,11.60294285713874,11.89266300201416,163700,0.0,0.0
2001-04-04 00:00:00-04:00,11.871461953705573,12.055187130211324,11.624140896677325,12.033988952636719,160000,0.0,0.0
2001-04-05 00:00:00-04:00,12.2106505096217,12.719427108764648,12.083456022886216,12.719427108764648,181000,0.0,0.0
2001-04-06 00:00:00-04:00,12.542763680501537,12.542763680501537,12.132915681754834,12.267176628112793,131900,0.0,0.0
2001-04-09 00:00:00-04:00,12.267176718320492,12.839550349720911,12.224777673180833,12.691156387329102,106500,0.0,0.0
2001-04-10 00:00:00-04:00,12.761823818791777,13.044477462768555,12.70529308999642,13.044477462768555,90700,0.0,0.0
2001-04-11 00:00:00-04:00,12.931417808634745,13.002081566433656,12.719427883037092,12.924352645874023,120800,0.0,0.0
2001-04-12 00:00:00-04:00,13.002075710371843,13.002075710371843,12.87488127318128,12.987942695617676,105400,0.0,0.0
2001-04-16 00:00:00-04:00,12.832485730033238,12.945547171441563,12.68409309360932,12.867816925048828,110900,0.0,0.0
2001-04-17 00:00:00-04:00,12.867816048451237,12.980878829956055,12.457968014316567,12.980878829956055,98000,0.0,0.0
2001-04-18 00:00:00-04:00,13.009149635236847,13.729917625081397,12.825424382072596,13.65218734741211,152000,0.0,0.0
2001-04-19 00:00:00-04:00,12.952612920247025,13.143404596856877,11.588807846981853,12.54983139038086,910600,0.0,0.0
2001-04-20 00:00:00-04:00,12.655830690383661,12.811289879972511,12.274248553102273,12.486238479614258,562600,0.0,0.0
2001-04-23 00:00:00-04:00,12.4862363391285,12.542767066360707,12.012790993134198,12.380241394042969,330700,0.0,0.0
2001-04-24 00:00:00-04:00,12.38024219864508,12.691160544729632,12.16118443705954,12.68409538269043,263600,0.0,0.0
2001-04-25 00:00:00-04:00,12.754755223771754,12.754755223771754,12.436770431714056,12.712357521057129,105400,0.0,0.0
2001-04-26 00:00:00-04:00,12.71942447864661,12.790088217532167,12.563965331337355,12.775955200195312,277300,0.0,0.0
2001-04-27 00:00:00-04:00,12.846622684529498,13.072745636650733,12.719428187011525,12.804224967956543,165900,0.0,0.0
2001-04-30 00:00:00-04:00,12.874888850402288,13.313003131034304,12.874888850402288,12.889021873474121,91800,0.0,0.0
2001-05-01 00:00:00-04:00,12.81835703924498,12.860756104932278,12.50743864433303,12.754759788513184,281200,0.0,0.0
2001-05-02 00:00:00-04:00,12.931416804720989,12.966749354776987,12.507436986440803,12.761824607849121,128400,0.0,0.0
2001-05-03 00:00:00-04:00,12.790085380998395,12.790085380998395,12.401435577220377,12.648757934570312,114100,0.0,0.0
2001-05-04 00:00:00-04:00,12.578098947886016,12.860753947181461,12.415573266750384,12.599298477172852,132700,0.0,0.0
2001-05-07 00:00:00-04:00,12.719426899045494,13.341264954411727,12.648763146713225,12.811288833618164,292500,0.0,0.0
2001-05-08 00:00:00-04:00,12.860753638507582,13.214071031347913,12.56396697460975,12.620497703552246,216700,0.0,0.0
2001-05-09 00:00:00-04:00,12.620497851470384,12.76182400158359,12.359042384672648,12.366108894348145,192600,0.0,0.0
2001-05-10 00:00:00-04:00,12.436769881669614,13.00207705219153,12.401437341137862,12.853684425354004,596400,0.0,0.0
2001-05-11 00:00:00-04:00,12.867817360813643,13.079808581482295,12.761822424378687,12.881950378417969,113800,0.0,0.0
2001-05-14 00:00:00-04:00,12.811284721073465,13.284729957580565,12.811284721073465,13.284729957580566,155600,0.0,0.0
2001-05-15 00:00:00-04:00,13.115143285719917,13.49672677630982,12.917286377531761,13.390731811523438,194900,0.0,0.0
2001-05-16 00:00:00-04:00,13.355398363863854,13.956038254503557,13.284734609471123,13.850043296813965,239700,0.0,0.0
2001-05-17 00:00:00-04:00,13.85004154742569,14.139761690822446,13.78644431128505,14.033766746520996,333200,0.0,0.0
2001-05-18 00:00:00-04:00,14.12563187723853,14.372954368591309,13.828845157175026,14.372954368591309,317300,0.0,0.0
2001-05-21 00:00:00-04:00,14.415349368270833,14.556676864624023,14.330553948698032,14.556676864624023,156400,0.0,0.0
2001-05-22 00:00:00-04:00,14.662673472888152,14.662673472888152,14.196294569044307,14.238692283630371,184900,0.0,0.0
2001-05-23 00:00:00-04:00,14.274025911169856,14.450684641021962,14.026703419817078,14.372954368591309,405900,0.0,0.0
2001-05-24 00:00:00-04:00,14.273040101768366,14.337268891120978,14.123173834067723,14.315858840942383,206300,0.2,0.0
2001-05-25 00:00:00-04:00,13.916211792461654,14.322993150144338,13.844846331545774,14.187398910522461,225100,0.0,0.0
2001-05-29 00:00:00-04:00,14.044673069351829,14.915328111790584,14.03039970115202,14.629867553710938,368500,0.0,0.0
2001-05-30 00:00:00-04:00,14.801140308989897,14.801140308989897,14.00185093967032,14.151717185974121,225300,0.0,0.0
2001-05-31 00:00:00-04:00,14.401496193690155,14.972417194346807,14.294448676214913,14.729775428771973,287500,0.0,0.0
2001-06-01 00:00:00-04:00,14.77259507910587,14.865369228470485,14.479997904947398,14.808277130126953,237300,0.0,0.0
2001-06-04 00:00:00-04:00,14.772596749479481,14.786868754791888,14.451452809245216,14.479999542236328,740000,0.0,0.0
2001-06-05 00:00:00-04:00,14.415774235820024,15.0223774853705,14.17313239152644,14.915329933166504,424000,0.0,0.0
2001-06-06 00:00:00-04:00,14.92246168981752,15.036645889282227,14.38008606176866,15.036645889282227,559000,0.0,0.0
2001-06-07 00:00:00-04:00,15.036648090951752,15.036648090951752,14.736914183174036,14.843961715698242,296400,0.0,0.0
2001-06-08 00:00:00-04:00,14.843961950149527,14.843961950149527,14.629866881719613,14.672685623168945,115000,0.0,0.0
2001-06-11 00:00:00-04:00,14.601317942032997,14.986690640440763,14.387222905928489,14.394359588623047,289200,0.0,0.0
2001-06-12 00:00:00-04:00,14.451456745925585,14.487138810701376,14.10890402381732,14.251633644104004,311700,0.0,0.0
2001-06-13 00:00:00-04:00,14.258767010312525,14.487135438561193,14.258767010312525,14.330132484436035,343400,0.0,0.0
2001-06-14 00:00:00-04:00,14.165991659420499,14.244492449311728,13.809165679894456,14.001852035522461,326700,0.0,0.0
2001-06-15 00:00:00-04:00,13.951900498257407,14.016129307604565,13.359569204087533,13.523710250854492,381500,0.0,0.0
2001-06-18 00:00:00-04:00,13.345297194042077,13.559392317743534,13.345297194042077,13.523710250854492,89300,0.0,0.0
2001-06-19 00:00:00-04:00,13.452337416601772,13.759207924686892,13.452337416601772,13.616477012634277,117500,0.0,0.0
2001-06-20 00:00:00-04:00,13.41666278896271,13.488028291696462,13.131202139211457,13.231114387512207,394900,0.0,0.0
2001-06-21 00:00:00-04:00,13.27392864227295,13.459478341970291,13.031286831990526,13.27392864227295,256700,0.0,0.0
2001-06-22 00:00:00-04:00,13.166873035236783,13.259647147633538,12.61736095690594,12.817182540893555,155400,0.0,0.0
2001-06-25 00:00:00-04:00,12.84573605149455,12.874282784976904,12.488910050064145,12.688733100891113,86100,0.0,0.0
2001-06-26 00:00:00-04:00,12.446092852773832,12.917103124113341,12.331908627066275,12.724416732788086,276700,0.0,0.0
2001-06-27 00:00:00-04:00,12.724410972798475,12.881413871779653,12.631636841851126,12.77436637878418,184500,0.0,0.0
2001-06-28 00:00:00-04:00,12.752964634649025,12.967059737110082,12.688735831674014,12.788646697998047,168600,0.0,0.0
2001-06-29 00:00:00-04:00,12.881420683293992,13.273930180074533,12.845738620488236,12.909967422485352,281300,0.0,0.0
2001-07-02 00:00:00-04:00,12.917104923444027,12.917104923444027,12.710145134780346,12.795783996582031,199300,0.0,0.0
2001-07-03 00:00:00-04:00,12.7957806290836,12.7957806290836,12.560275522586862,12.688733100891113,116100,0.0,0.0
2001-07-05 00:00:00-04:00,12.70300727272669,12.70300727272669,12.410410010551026,12.546004295349121,185700,0.0,0.0
2001-07-06 00:00:00-04:00,12.595952884364621,12.617362926497918,12.146352889026709,12.331902503967285,106000,0.0,0.0
2001-07-09 00:00:00-04:00,12.274816638703054,12.28908864617374,11.982219387212014,12.203451156616211,249100,0.0,0.0
2001-07-10 00:00:00-04:00,12.167766336170262,12.310497283935547,12.060718805937897,12.310497283935547,321400,0.0,0.0
2001-07-11 00:00:00-04:00,12.203450600822837,12.3461801973127,12.13208512198626,12.146358489990234,310300,0.0,0.0
2001-07-12 00:00:00-04:00,12.132082307086868,12.453226206747653,11.875167187358242,12.410406112670898,373300,0.0,0.0
2001-07-13 00:00:00-04:00,12.560277875117203,12.645915369237759,12.453230326874792,12.610233306884766,373200,0.0,0.0
2001-07-16 00:00:00-04:00,12.56027486089595,12.77436990600213,12.331906449800531,12.524591445922852,202800,0.0,0.0
2001-07-17 00:00:00-04:00,12.560275524944853,13.416657111828693,12.560275524944853,13.188288688659668,475700,0.0,0.0
2001-07-18 00:00:00-04:00,13.131200377627081,13.559391975402832,13.045562874782071,13.559391975402832,232100,0.0,0.0
2001-07-19 00:00:00-04:00,13.559384920049803,13.894800793835733,13.530838193166138,13.616477012634277,462300,0.0,0.0
2001-07-20 00:00:00-04:00,13.559387432361062,13.773482478925098,13.488021963112013,13.623616218566895,183400,0.0,0.0
2001-07-23 00:00:00-04:00,13.60221080450701,13.645030917357625,12.845739839532602,12.952787399291992,173600,0.0,0.0
2001-07-24 00:00:00-04:00,13.024151855178594,13.081243973247107,12.788646697998047,12.788646697998047,110700,0.0,0.0
2001-07-25 00:00:00-04:00,12.85287380714309,13.345294111329533,12.84573712317711,12.88141918182373,185900,0.0,0.0
2001-07-26 00:00:00-04:00,13.052693528748414,13.145467674158127,12.845733830336297,12.959918022155762,203400,0.0,0.0
2001-07-27 00:00:00-04:00,13.05983050063484,13.452339900667626,13.031285129662935,13.388111114501953,92700,0.0,0.0
2001-07-30 00:00:00-04:00,13.28106039512613,13.559384160741812,13.28106039512613,13.473745346069336,148000,0.0,0.0
2001-07-31 00:00:00-04:00,13.473748657178415,13.7092537539235,13.416656553760914,13.602206230163574,170100,0.0,0.0
2001-08-01 00:00:00-04:00,13.63075699165675,13.85198878764684,13.573664871363064,13.666439056396484,140900,0.0,0.0
2001-08-02 00:00:00-04:00,13.70211733009836,13.98757782422895,13.566523084942702,13.930485725402832,139700,0.0,0.0
2001-08-03 00:00:00-04:00,14.023260315984956,14.05894372961138,13.57366019375641,13.82343864440918,107400,0.0,0.0
2001-08-06 00:00:00-04:00,13.645029749267632,13.773485993272192,13.57366426180946,13.6593017578125,60000,0.0,0.0
2001-08-07 00:00:00-04:00,13.566531483026266,13.75208125936769,13.566531483026266,13.74494457244873,104800,0.0,0.0
2001-08-08 00:00:00-04:00,13.702121866997478,13.816306102457169,13.630756379539307,13.6593017578125,101000,0.0,0.0
2001-08-09 00:00:00-04:00,13.737805374555949,13.737805374555949,13.288205070309449,13.523710250854492,210400,0.0,0.0
2001-08-10 00:00:00-04:00,13.416652753470432,13.6664311456155,13.20969444764696,13.6521577835083,96800,0.0,0.0
2001-08-13 00:00:00-04:00,13.66643603110672,13.737801505971788,13.452340967694733,13.552251815795898,127300,0.0,0.0
2001-08-14 00:00:00-04:00,13.559391975402832,13.623620783128374,13.466617787123477,13.559391975402832,96100,0.0,0.0
2001-08-15 00:00:00-04:00,13.630755849849383,13.87339768106805,13.630755849849383,13.787758827209473,60600,0.0,0.0
2001-08-16 00:00:00-04:00,13.780620717112365,14.13031005859375,13.702119917144389,14.13031005859375,89100,0.0,0.0
2001-08-17 00:00:00-04:00,13.95189541883192,14.058944302893279,13.587934113282484,13.880531311035156,86300,0.0,0.0
2001-08-20 00:00:00-04:00,13.880531311035156,13.930486730966134,13.694981636160737,13.880531311035156,52800,0.0,0.0
2001-08-21 00:00:00-04:00,13.809171894230875,13.98758496428248,13.55939332392189,13.687850952148438,67700,0.0,0.0
2001-08-22 00:00:00-04:00,13.737807885529769,13.937631035709115,13.666442377524014,13.74494457244873,250800,0.0,0.0
2001-08-23 00:00:00-04:00,13.84589153942682,13.84589153942682,13.50695478595466,13.543012619018555,132600,0.2,0.0
2001-08-24 00:00:00-04:00,13.723305243883525,13.903590382463603,13.665614054556558,13.694458961486816,151300,0.0,0.0
2001-08-27 00:00:00-04:00,13.701667547307279,13.831473038882669,13.528594017028809,13.528594017028809,228000,0.0,0.0
2001-08-28 00:00:00-04:00,13.593500789923613,13.629557270280307,13.305044820670393,13.413215637207031,147300,0.0,0.0
2001-08-29 00:00:00-04:00,13.521385837245631,13.521385837245631,13.3050442140363,13.341100692749023,142300,0.0,0.0
2001-08-30 00:00:00-04:00,13.34109980448896,13.470905319958613,13.110335054972424,13.218505859375,98500,0.0,0.0
2001-08-31 00:00:00-04:00,13.21850673947267,13.557442315958356,13.196872026965139,13.341100692749023,144000,0.0,0.0
2001-09-04 00:00:00-04:00,13.333892267538632,13.384371899831795,13.023801525775692,13.067070960998535,257900,0.0,0.0
2001-09-05 00:00:00-04:00,13.34109627457667,13.54301606471101,13.103120017670431,13.362730979919434,161200,0.0,0.0
2001-09-06 00:00:00-04:00,13.290619742648463,13.391578973316394,12.922837919615688,13.03100872039795,273000,0.0,0.0
2001-09-07 00:00:00-04:00,12.980528787149463,13.204081953353134,12.944472312927246,12.944472312927246,317700,0.0,0.0
2001-09-10 00:00:00-04:00,12.980528541330425,12.980528541330425,12.547843981526151,12.836299896240234,281200,0.0,0.0
2001-09-17 00:00:00-04:00,13.016581961034175,13.016581961034175,11.177674732627079,11.891603469848633,532200,0.0,0.0
2001-09-18 00:00:00-04:00,11.898815657540354,11.970929966921686,11.588725090026855,11.588725090026855,117700,0.0,0.0
2001-09-19 00:00:00-04:00,11.68247782100018,11.71853429942721,10.824320154865358,11.148833274841309,253000,0.0,0.0
2001-09-20 00:00:00-04:00,11.148835204437624,11.148835204437624,10.204140588654088,10.45654010772705,570000,0.0,0.0
2001-09-21 00:00:00-04:00,9.446939829407992,9.836355630855152,9.446939829407992,9.51905345916748,402600,0.0,0.0
2001-09-24 00:00:00-04:00,9.591165261310204,10.124808870057693,9.569531246829339,9.944523811340332,372100,0.0,0.0
2001-09-25 00:00:00-04:00,9.951735496520996,10.088751840165257,9.656068106762648,9.951735496520996,534000,0.0,0.0
2001-09-26 00:00:00-04:00,9.99500680251234,10.02385239419521,9.519054195878393,9.598380088806152,189700,0.0,0.0
2001-09-27 00:00:00-04:00,9.69934185303044,9.720975880518438,9.050315526523818,9.302714347839355,490600,0.0,0.0
2001-09-28 00:00:00-04:00,9.374826203049782,9.670493688647126,9.050313125875459,9.612802505493164,844000,0.0,0.0
2001-10-01 00:00:00-04:00,9.56953507551014,9.583957528356699,9.201753243524779,9.288290023803711,518400,0.0,0.0
2001-10-02 00:00:00-04:00,9.360401747384925,9.389248022639466,9.014254697127111,9.180116653442383,751900,0.0,0.0
2001-10-03 00:00:00-04:00,9.129640493743324,9.58395918451633,9.129640493743324,9.25223445892334,563200,0.0,0.0
2001-10-04 00:00:00-04:00,9.252232264461373,9.699339277652616,9.158483919927752,9.360403060913086,354300,0.0,0.0
2001-10-05 00:00:00-04:00,9.432522001425902,9.54790442418909,9.374830790044308,9.4613676071167,186800,0.0,0.0
2001-10-08 00:00:00-04:00,9.389248217671605,9.547898608468707,9.24501958933523,9.317133903503418,197000,0.0,0.0
2001-10-09 00:00:00-04:00,9.33876949810877,9.511843056030202,9.331557927928747,9.389249801635742,236300,0.0,0.0
2001-10-10 00:00:00-04:00,9.4613629266704,10.095966625669002,9.389249291984083,9.98779582977295,270800,0.0,0.0
2001-10-11 00:00:00-04:00,9.951737018657964,10.420477973472169,9.951737018657964,10.052696228027344,348200,0.0,0.0
2001-10-12 00:00:00-04:00,10.095965273502975,10.449323893019645,10.031062529564595,10.355575561523438,291700,0.0,0.0
2001-10-15 00:00:00-04:00,10.326732479731838,10.442114857960517,10.24019569606033,10.283464431762695,171000,0.0,0.0
2001-10-16 00:00:00-04:00,10.3195220292527,10.925279540332873,10.3195220292527,10.903645515441895,319000,0.0,0.0
2001-10-17 00:00:00-04:00,11.177678892866458,11.37959806094648,10.59355472553984,10.607977867126465,556200,0.0,0.0
2001-10-18 00:00:00-04:00,10.781049099100002,10.788260668327615,10.456536048921471,10.550284385681152,452400,0.0,0.0
2001-10-19 00:00:00-04:00,10.730568887508271,10.75220290624338,10.139233998706247,10.355575561523438,237100,0.0,0.0
2001-10-22 00:00:00-04:00,10.427690702001062,11.192099864559458,10.42047913260591,11.134407997131348,267600,0.0,0.0
2001-10-23 00:00:00-04:00,11.134410210299311,11.307484471519096,11.076719019137132,11.170467376708984,169000,0.0,0.0
2001-10-24 00:00:00-04:00,11.249792823383302,11.46613443758692,11.105564163603265,11.235369682312012,219000,0.0,0.0
2001-10-25 00:00:00-04:00,11.14161990656066,11.408441792726515,11.033449113264522,11.314693450927734,137500,0.0,0.0
2001-10-26 00:00:00-04:00,11.249792195766847,11.509402530967677,11.206523462700119,11.415654182434082,180900,0.0,0.0
2001-10-29 00:00:00-05:00,11.458924451415053,11.610364005847261,10.86758868815281,11.06950855255127,222300,0.0,0.0
2001-10-30 00:00:00-05:00,10.961331428276093,10.961331428276093,10.384419103054633,10.70172119140625,264500,0.0,0.0
2001-10-31 00:00:00-05:00,10.744992854263316,10.86758679062362,10.550285282694873,10.672879219055176,257900,0.0,0.0
2001-11-01 00:00:00-05:00,10.744989205262984,10.997388562109485,10.67287559454464,10.824315071105957,175300,0.0,0.0
2001-11-02 00:00:00-05:00,10.644034608800643,11.177678447021842,10.528652231642893,11.10556411743164,194800,0.0,0.0
2001-11-05 00:00:00-05:00,11.293060659301164,11.75459016119384,11.235369471564578,11.45892333984375,326600,0.0,0.0
2001-11-06 00:00:00-05:00,11.466137516259574,11.682480564018016,11.105567145462311,11.408446311950684,431500,0.0,0.0
2001-11-07 00:00:00-05:00,11.408443248768192,11.531037196941293,11.033450521446467,11.235369682312012,158700,0.0,0.0
2001-11-08 00:00:00-05:00,11.249792776612045,11.466134389916217,11.04066204608032,11.10556411743164,183000,0.0,0.0
2001-11-09 00:00:00-05:00,11.177678947537569,11.177678947537569,10.773839921669067,11.170467376708984,146600,0.0,0.0
2001-11-12 00:00:00-05:00,11.105564339254167,11.249793001315394,10.672880416270178,10.975759506225586,154200,0.0,0.0
2001-11-13 00:00:00-05:00,10.961335393042665,11.487768312330374,10.961335393042665,11.386808395385742,130500,0.0,0.0
2001-11-14 00:00:00-05:00,11.502189555490778,11.754588289720079,11.192099642710032,11.639205932617188,158400,0.0,0.0
2001-11-15 00:00:00-05:00,11.754588123792253,11.776222831243473,11.523823412843946,11.595937728881836,80000,0.0,0.0
2001-11-16 00:00:00-05:00,11.60314909010061,11.718531443507079,11.46613202963062,11.675263404846191,171300,0.0,0.0
2001-11-19 00:00:00-05:00,11.711323434252682,12.050259028473576,11.451713060177113,11.624787330627441,155100,0.0,0.0
2001-11-20 00:00:00-05:00,11.610362370312304,11.71853317064033,11.285848593861877,11.696898460388184,182400,0.0,0.0
2001-11-21 00:00:00-05:00,11.667695884112705,12.222605258109368,11.667695884112705,11.73340892791748,182300,0.2,0.0
2001-11-23 00:00:00-05:00,11.75531331518653,12.076576918549534,11.68960027375686,12.032767295837402,51800,0.0,0.0
2001-11-26 00:00:00-05:00,12.047367542982101,12.156888787572484,11.601980266310363,11.682295799255371,185700,0.0,0.0
2001-11-27 00:00:00-05:00,11.74801177023994,11.996260729631246,11.609284082900437,11.894041061401367,161000,0.0,0.0
2001-11-28 00:00:00-05:00,11.937849183629789,11.937849183629789,11.601983070373535,11.601983070373535,185900,0.0,0.0
2001-11-29 00:00:00-05:00,11.463253269686172,11.463253269686172,10.915645622761808,11.185798645019531,264200,0.0,0.0
2001-11-30 00:00:00-05:00,11.317224482772188,11.521664472007751,11.083578780788686,11.273415565490723,485700,0.0,0.0
2001-12-03 00:00:00-05:00,11.317227286589215,11.390241934707829,10.944853834559005,11.112787246704102,273100,0.0,0.0
2001-12-04 00:00:00-05:00,11.13468882079538,11.361033621237867,10.988660254212709,11.185798645019531,253200,0.0,0.0
2001-12-05 00:00:00-05:00,11.244209700022726,11.67499447944318,11.215003987671462,11.25881290435791,619100,0.0,0.0
2001-12-06 00:00:00-05:00,11.434049968110964,11.674997327874276,11.24421244335221,11.324528694152832,659200,0.0,0.0
2001-12-07 00:00:00-05:00,11.31722134449443,11.565470182171786,10.9886569931116,11.134685516357422,520300,0.0,0.0
2001-12-10 00:00:00-05:00,11.17119613652083,11.463253269686172,11.039770078436861,11.185798645019531,285200,0.0,0.0
2001-12-11 00:00:00-05:00,11.280713424427757,11.324522327171918,11.00325889723177,11.061670303344727,221100,0.0,0.0
2001-12-12 00:00:00-05:00,11.098179479668163,11.222303912690684,10.806122399802817,11.025165557861328,208500,0.0,0.0
2001-12-13 00:00:00-05:00,10.952153311633978,10.952153311633978,10.470258677333147,10.660096168518066,329800,0.0,0.0
2001-12-14 00:00:00-05:00,10.769617061772845,10.791521172691839,10.5213681502938,10.725808143615723,200100,0.0,0.0
2001-12-17 00:00:00-05:00,10.733110106137467,10.769617423106745,10.514066900640957,10.660096168518066,314900,0.0,0.0
2001-12-18 00:00:00-05:00,10.76961670023493,11.28071701454158,10.76961670023493,11.25881290435791,287800,0.0,0.0
2001-12-19 00:00:00-05:00,11.215002069708817,11.404839515686035,10.995959612694014,11.404839515686035,360800,0.0,0.0
2001-12-20 00:00:00-05:00,11.229607054340164,11.755310566537272,11.098181002211112,11.704200744628906,287200,0.0,0.0
2001-12-21 00:00:00-05:00,11.682294298322635,11.696897500428658,11.324524202553064,11.507060050964355,376600,0.0,0.0
2001-12-24 00:00:00-05:00,11.536265895884,12.04736613824261,11.536265895884,11.857528686523438,91000,0.0,0.0
2001-12-26 00:00:00-05:00,11.901341212978059,12.076576918549534,11.777216733904071,12.032767295837402,146400,0.0,0.0
2001-12-27 00:00:00-05:00,12.032766724573312,12.032766724573312,11.828327398843367,11.959752082824707,129800,0.0,0.0
2001-12-28 00:00:00-05:00,11.937847409555507,12.069273472352256,11.850229570144904,11.930545806884766,217700,0.0,0.0
2001-12-31 00:00:00-05:00,11.974351792295034,12.419739723500296,11.974351792295034,12.229902267456055,350900,0.0,0.0
2002-01-02 00:00:00-05:00,12.193391810012747,12.339419612190152,11.813717017603791,11.937841415405273,434900,0.0,0.0
2002-01-03 00:00:00-05:00,11.828322497392817,12.266407381072796,11.755307885900194,11.901335716247559,211600,0.0,0.0
2002-01-04 00:00:00-05:00,12.010856942275534,12.354023766217969,11.937842339217775,12.193392753601074,223400,0.0,0.0
2002-01-07 00:00:00-05:00,12.266408933341662,12.485452795538727,11.996256647061424,12.12768268585205,209300,0.0,0.0
2002-01-08 00:00:00-05:00,12.091176887726172,12.113081695738401,11.755311520701872,11.930545806884766,107900,0.0,0.0
2002-01-09 00:00:00-05:00,12.010859666896454,12.120380900008737,11.66769137246979,11.689596176147461,298400,0.0,0.0
2002-01-10 00:00:00-05:00,11.521659888294197,11.682291592662583,11.390234581373555,11.565468788146973,206800,0.0,0.0
2002-01-11 00:00:00-05:00,11.718805478519243,11.755313498013818,11.35373433572404,11.47055721282959,177300,0.0,0.0
2002-01-14 00:00:00-05:00,11.31722143291223,11.353728738088636,10.806121249399336,10.922944068908691,451200,0.0,0.0
2002-01-15 00:00:00-05:00,11.098180382776516,11.419443893090042,10.981357541323984,11.127386093139648,237500,0.0,0.0
2002-01-16 00:00:00-05:00,11.098173612997392,11.16388659530992,10.835322380065918,10.835322380065918,218500,0.0,0.0
2002-01-17 00:00:00-05:00,10.908341648970685,11.09817909241865,10.908341648970685,11.054370880126953,209200,0.0,0.0
2002-01-18 00:00:00-05:00,10.952152113123914,10.952152113123914,10.747712135314941,10.747712135314941,319200,0.0,0.0
2002-01-22 00:00:00-05:00,10.806127458599804,11.141993605837342,10.806127458599804,10.952156066894531,319100,0.0,0.0
2002-01-23 00:00:00-05:00,10.988664156493918,11.521668787880413,10.959458432805883,11.331831932067871,216700,0.0,0.0
2002-01-24 00:00:00-05:00,11.331828678009252,11.499761366911903,11.207704213898953,11.361034393310547,140500,0.0,0.0
2002-01-25 00:00:00-05:00,11.390239712523448,11.726105078649244,11.368334904569819,11.616583824157715,146300,0.0,0.0
2002-01-28 00:00:00-05:00,11.799120013359667,11.974354303541642,11.704201961750478,11.92324447631836,145000,0.0,0.0
2002-01-29 00:00:00-05:00,11.828324116534718,11.901337345384011,11.455950104004389,11.536266326904297,169300,0.0,0.0
2002-01-30 00:00:00-05:00,11.499762967921338,11.60928424146907,11.353734371084604,11.550872802734375,114700,0.0,0.0
2002-01-31 00:00:00-05:00,11.572773558226709,11.901337263707884,11.499758937240427,11.784514427185059,174400,0.0,0.0
2002-02-01 00:00:00-05:00,11.79181828120342,11.79181828120342,11.609282390185912,11.674995422363281,152800,0.0,0.0
2002-02-04 00:00:00-05:00,11.645789987065598,11.645789987065598,11.163895334628553,11.171196937561035,308200,0.0,0.0
2002-02-05 00:00:00-05:00,11.17119530150914,11.35373117017328,11.083578168108643,11.163893699645996,205500,0.0,0.0
2002-02-06 00:00:00-05:00,10.981357852746221,11.266114059101517,10.974056250868607,11.20770263671875,114300,0.0,0.0
2002-02-07 00:00:00-05:00,11.207704826534803,11.207704826534803,10.871838734051202,10.93025016784668,146400,0.0,0.0
2002-02-08 00:00:00-05:00,10.952153723820784,11.280718196271572,10.871838180521003,11.171196937561035,170000,0.0,0.0
2002-02-11 00:00:00-05:00,11.134686925492327,11.645787169693746,11.134686925492327,11.37563419342041,109800,0.0,0.0
2002-02-12 00:00:00-05:00,11.42674594392517,11.521664686200326,11.163894524307212,11.419445037841797,75900,0.0,0.0
2002-02-13 00:00:00-05:00,11.499762706749715,11.718805248870492,11.499762706749715,11.601983070373535,158000,0.0,0.0
2002-02-14 00:00:00-05:00,11.682297245148689,11.70420205383315,11.273416535188046,11.317225456237793,213600,0.0,0.0
2002-02-15 00:00:00-05:00,11.463251705416932,11.645787562816308,11.455950104004389,11.536266326904297,210700,0.0,0.0
2002-02-19 00:00:00-05:00,11.536264390757397,11.682292912904925,11.295317155134247,11.346426963806152,120500,0.0,0.0
2002-02-20 00:00:00-05:00,11.426745779272947,11.667693084530626,11.382937558127436,11.587377548217773,108900,0.0,0.0
2002-02-21 00:00:00-05:00,11.683508457415519,11.897952569191345,11.565194561981468,11.609561920166016,139600,0.2,0.0
2002-02-22 00:00:00-05:00,11.616956179893414,11.794427014870767,11.543009646049645,11.683507919311523,159100,0.0,0.0
2002-02-25 00:00:00-05:00,11.68350914421125,11.927531038983568,11.498643495426915,11.646535873413086,153900,0.0,0.0
2002-02-26 00:00:00-05:00,11.757451919191519,11.838793234809096,11.46906203351117,11.543007850646973,214600,0.0,0.0
2002-02-27 00:00:00-05:00,11.631744469141777,11.646534057237329,11.395116701263948,11.535614967346191,322800,0.0,0.0
2002-02-28 00:00:00-05:00,11.535613762577803,11.609559579713608,11.47645682678664,11.543007850646973,292700,0.0,0.0
2002-03-01 00:00:00-05:00,11.68350914421125,11.831401522197421,11.284199371045347,11.646535873413086,369500,0.0,0.0
2002-03-04 00:00:00-05:00,11.53561233963355,12.038446937038943,11.53561233963355,11.979290008544922,441000,0.0,0.0
2002-03-05 00:00:00-05:00,11.979293419980378,12.008871187444262,11.64653472093149,11.875767707824707,204100,0.0,0.0
2002-03-06 00:00:00-05:00,11.794427293252982,12.349024899758513,11.787032498652785,12.186342239379883,373100,0.0,0.0
2002-03-07 00:00:00-05:00,12.349024788179916,12.363812966833839,12.127185183416975,12.319445610046387,396700,0.0,0.0
2002-03-08 00:00:00-05:00,12.326839014684548,12.430363305653481,12.090211257948312,12.267682075500488,278400,0.0,0.0
2002-03-11 00:00:00-05:00,12.267684821043998,12.385998725891113,12.164160506906024,12.385998725891113,284900,0.0,0.0
2002-03-12 00:00:00-05:00,12.385997650754241,12.585652876758026,12.238104577326354,12.533890724182129,238500,0.0,0.0
2002-03-13 00:00:00-05:00,12.60783598677343,12.60783598677343,12.282473478375524,12.363813400268555,219900,0.0,0.0
2002-03-14 00:00:00-05:00,12.363815411970744,12.415578983941472,12.23071331528538,12.275080680847168,512100,0.0,0.0
2002-03-15 00:00:00-05:00,12.1050018952488,12.201131400855726,12.1050018952488,12.127184867858887,588700,0.0,0.0
2002-03-18 00:00:00-05:00,12.127190174730812,12.20113674008675,11.942324466547678,12.082822799682617,260600,0.0,0.0
2002-03-19 00:00:00-05:00,12.20113087712679,12.541282939733419,12.149368729374716,12.178946495056152,251800,0.0,0.0
2002-03-20 00:00:00-05:00,12.164155014606463,12.356413965365457,11.979289445450817,12.119786262512207,293700,0.0,0.0
2002-03-21 00:00:00-05:00,12.141971658141482,12.156761243414808,11.890554350144873,12.031052589416504,233300,0.0,0.0
2002-03-22 00:00:00-05:00,12.031051642769185,12.201127628792781,11.942315548523794,11.994077682495117,94800,0.0,0.0
2002-03-25 00:00:00-05:00,11.994083082695717,12.031057059616899,11.838796610865764,11.84619140625,116300,0.0,0.0
2002-03-26 00:00:00-05:00,11.942319761557377,12.164159370225654,11.912741993315993,12.068028450012207,176300,0.0,0.0
2002-03-27 00:00:00-05:00,12.127186765510157,12.385998966291389,11.986688471872398,12.141976356506348,218900,0.0,0.0
2002-03-28 00:00:00-05:00,12.178948370813428,12.378603608961098,12.141975805414067,12.230711936950684,266200,0.0,0.0
2002-04-01 00:00:00-05:00,12.215922483167247,12.215922483167247,11.905348134937132,12.075424194335938,185700,0.0,0.0
2002-04-02 00:00:00-05:00,11.890556693000221,11.905346281187612,11.683507394821397,11.742664337158203,279200,0.0,0.0
2002-04-03 00:00:00-05:00,11.646532832951081,12.164157078580613,11.476456818968915,11.565192222595215,473600,0.0,0.0
2002-04-04 00:00:00-05:00,11.609563167597544,11.824007302415097,11.579984690560865,11.794428825378418,258500,0.0,0.0
2002-04-05 00:00:00-05:00,11.794424678103328,12.03105311639759,11.772241004427896,11.934922218322754,118800,0.0,0.0
2002-04-08 00:00:00-04:00,11.831401700817402,11.979294786242816,11.66132563986727,11.964505195617676,208100,0.0,0.0
2002-04-09 00:00:00-04:00,12.001477219869805,12.053239374307609,11.905347705972877,12.038451194763184,384700,0.0,0.0
2002-04-10 00:00:00-04:00,12.053237615678754,12.511704964573429,12.00887026269305,12.459942817687988,504900,0.0,0.0
2002-04-11 00:00:00-04:00,12.452548774647017,12.726149113371141,12.38599703594919,12.70396614074707,563400,0.0,0.0
2002-04-12 00:00:00-04:00,12.570856955449788,12.92579846039886,12.570856955449788,12.837063789367676,259300,0.0,0.0
2002-04-15 00:00:00-04:00,12.792702372704365,12.792702372704365,12.45994505007404,12.607836723327637,369800,0.0,0.0
2002-04-16 00:00:00-04:00,12.607836188040638,12.755729265428158,12.607836188040638,12.67438793182373,167500,0.0,0.0
2002-04-17 00:00:00-04:00,12.570864816886575,12.652206158210369,12.371209566589833,12.422971725463867,189800,0.0,0.0
2002-04-18 00:00:00-04:00,12.570859906982836,12.644806423812295,12.570859906982836,12.578254699707031,234600,0.0,0.0
2002-04-19 00:00:00-04:00,12.607832453963319,12.681778970756248,12.570859900773103,12.600439071655273,347400,0.0,0.0
2002-04-22 00:00:00-04:00,12.600443027582516,12.607836412211725,12.422970767396816,12.430365562438965,230500,0.0,0.0
2002-04-23 00:00:00-04:00,12.437755520250011,12.6078315088355,12.437755520250011,12.556069374084473,201500,0.0,0.0
2002-04-24 00:00:00-04:00,12.563465268094554,12.563465268094554,12.275075400382168,12.326837539672852,222000,0.0,0.0
2002-04-25 00:00:00-04:00,12.053242138275372,12.186345657588076,11.95711260233467,12.112399101257324,218300,0.0,0.0
2002-04-26 00:00:00-04:00,12.385992676717029,12.385992676717029,11.920132080204013,12.053234100341797,239900,0.0,0.0
2002-04-29 00:00:00-04:00,12.060632601499078,12.252893014713527,11.986686071737715,12.201130867004395,206600,0.0,0.0
2002-04-30 00:00:00-04:00,12.371208089519003,12.585652905436806,12.267683784131307,12.48212718963623,450000,0.0,0.0
2002-05-01 00:00:00-04:00,12.489519284022476,12.519098456545331,12.149367262485104,12.238101959228516,241700,0.0,0.0
2002-05-02 00:00:00-04:00,12.275078034816048,12.65220408683029,12.275078034816048,12.593047142028809,291300,0.0,0.0
2002-05-03 00:00:00-04:00,12.44515314182568,12.593046197948484,12.275077114573351,12.57086181640625,337600,0.0,0.0
2002-05-06 00:00:00-04:00,12.53389149117466,12.615231417165884,12.193737965640489,12.22331714630127,183600,0.0,0.0
2002-05-07 00:00:00-04:00,12.275074892571473,12.585649125879861,12.267680100062647,12.378599166870117,233000,0.0,0.0
2002-05-08 00:00:00-04:00,12.459944624324025,12.60783629252424,12.430365444436228,12.563468933105469,252400,0.0,0.0
2002-05-09 00:00:00-04:00,12.570863315977741,12.71875638974263,12.445154626401447,12.48212718963623,115300,0.0,0.0
2002-05-10 00:00:00-04:00,12.452546564509438,12.54867605311544,12.201129243032135,12.489519119262695,140100,0.0,0.0
2002-05-13 00:00:00-04:00,12.541282641016604,12.607834375230595,12.504310082192259,12.57086181640625,268100,0.0,0.0
2002-05-14 00:00:00-04:00,12.644809203761447,12.763123092534775,12.607835232011777,12.689176559448242,225200,0.0,0.0
2002-05-15 00:00:00-04:00,12.718758878020903,13.073700632001438,12.696574489492185,12.881440162658691,264400,0.0,0.0
2002-05-16 00:00:00-04:00,12.918407358334836,13.310322930137406,12.918407358334836,13.044116020202637,248200,0.0,0.0
2002-05-17 00:00:00-04:00,13.088491838608663,13.236383549134036,12.829679582172597,13.155043601989746,170100,0.0,0.0
2002-05-20 00:00:00-04:00,13.088480492980294,13.118058245280833,12.940587500241264,13.007139205932617,97200,0.0,0.0
2002-05-21 00:00:00-04:00,13.310328201508858,14.123737429239247,13.125462532043457,13.125462532043457,640900,0.0,0.0
2002-05-22 00:00:00-04:00,13.125459981138206,13.473006864439437,13.051513445640774,13.325115203857422,656400,0.0,0.0
2002-05-23 00:00:00-04:00,13.42124322334819,13.487794956869292,13.33250851892852,13.3916654586792,219500,0.0,0.0
2002-05-24 00:00:00-04:00,13.391663161080404,13.511298229791855,13.301937572628074,13.384185791015625,121400,0.2,0.0
2002-05-28 00:00:00-04:00,13.32437368159332,13.384191240303382,12.79349302631191,12.853310585021973,183800,0.0,0.0
2002-05-29 00:00:00-04:00,12.898167435013105,13.02527986678147,12.718714841839372,12.74862289428711,139300,0.0,0.0
2002-05-30 00:00:00-04:00,12.673852052840388,13.047711978574176,12.606557152115311,12.913122177124023,287000,0.0,0.0
2002-05-31 00:00:00-04:00,12.898171055179835,13.26455371401352,12.898171055179835,13.129963874816895,328000,0.0,0.0
2002-06-03 00:00:00-04:00,13.159871755787016,13.24211998268737,12.57664966583252,12.57664966583252,231900,0.0,0.0
2002-06-04 00:00:00-04:00,12.531785478713518,12.82339577830535,12.52430810870315,12.696283340454102,162000,0.0,0.0
2002-06-05 00:00:00-04:00,12.786012825491515,12.995373521593681,12.71124053709955,12.771058082580566,225100,0.0,0.0
2002-06-06 00:00:00-04:00,13.08509901853051,13.08509901853051,12.18783451536623,12.247652053833008,232700,0.0,0.0
2002-06-07 00:00:00-04:00,12.374763655622877,12.531785574718532,12.105585463999995,12.524308204650879,347600,0.0,0.0
2002-06-10 00:00:00-04:00,12.486927261061183,12.741152229932824,12.389722841465128,12.666379928588867,153800,0.0,0.0
2002-06-11 00:00:00-04:00,12.628992529817696,13.085102265146377,12.524312168068674,12.591607093811035,236000,0.0,0.0
2002-06-12 00:00:00-04:00,12.48692708576861,12.64394763283993,12.307472994597092,12.561697959899902,218800,0.0,0.0
2002-06-13 00:00:00-04:00,12.55422177909765,12.55422177909765,12.262609956009006,12.382245063781738,130200,0.0,0.0
2002-06-14 00:00:00-04:00,12.412152744833516,12.50935572092118,12.18783588082981,12.494400978088379,219000,0.0,0.0
2002-06-17 00:00:00-04:00,12.486922484121365,12.748623299465615,12.210265502834254,12.344855308532715,347100,0.0,0.0
2002-06-18 00:00:00-04:00,12.3747635878047,12.449535861908922,12.113062767683685,12.120538711547852,674600,0.0,0.0
2002-06-19 00:00:00-04:00,12.053247708895258,12.62151368599678,12.038292965770797,12.23270034790039,203300,0.0,0.0
2002-06-20 00:00:00-04:00,12.113062767683685,12.554217616119836,11.963518219475242,12.120538711547852,160400,0.0,0.0
2002-06-21 00:00:00-04:00,11.851362109032667,12.270084903481754,11.851362109032667,12.023337364196777,246400,0.0,0.0
2002-06-24 00:00:00-04:00,12.00090368401747,12.404673109847781,11.985950370076077,12.240175247192383,136500,0.0,0.0
2002-06-25 00:00:00-04:00,12.187836322641733,12.434583883676524,11.813977008327228,11.873794555664062,242100,0.0,0.0
2002-06-26 00:00:00-04:00,11.963520054868798,11.963520054868798,11.275617594667333,11.619568824768066,276000,0.0,0.0
2002-06-27 00:00:00-04:00,11.619567672565001,11.80649765488624,11.477501199756627,11.656953811645508,196600,0.0,0.0
2002-06-28 00:00:00-04:00,11.649474864971012,12.038289517869313,11.649474864971012,11.813973426818848,251600,0.0,0.0
2002-07-01 00:00:00-04:00,11.739204407286111,11.858839498797188,11.193369123996469,11.477502822875977,455100,0.0,0.0
2002-07-02 00:00:00-04:00,11.477503764868061,11.507412540200532,11.126075119900456,11.178415298461914,325900,0.0,0.0
2002-07-03 00:00:00-04:00,11.103641580103655,11.245708057326027,10.43069319498995,10.894279479980469,399900,0.0,0.0
2002-07-05 00:00:00-04:00,10.879328150431409,11.402732104411028,10.879328150431409,11.36534595489502,144700,0.0,0.0
2002-07-08 00:00:00-04:00,11.402732507426203,11.492458841586988,11.103644726890254,11.133553504943848,251700,0.0,0.0
2002-07-09 00:00:00-04:00,11.10364289993538,11.440116775946459,11.006439208984375,11.006439208984375,229900,0.0,0.0
2002-07-10 00:00:00-04:00,10.991483363843125,11.096164415852016,10.50546567089888,10.572760581970215,341900,0.0,0.0
2002-07-11 00:00:00-04:00,10.557810297251033,10.655014019489858,10.198904904136871,10.460606575012207,226800,0.0,0.0
2002-07-12 00:00:00-04:00,10.535377593147722,10.557808999189051,10.056836414749581,10.191426277160645,150200,0.0,0.0
2002-07-15 00:00:00-04:00,10.26619422540103,10.281148966176303,9.518474300588208,10.154036521911621,288000,0.0,0.0
2002-07-16 00:00:00-04:00,10.22880634353646,10.281146497519693,9.735311425748494,9.929718017578125,268600,0.0,0.0
2002-07-17 00:00:00-04:00,9.929719745257481,10.266193546557957,9.473610877990723,9.473610877990723,473500,0.0,0.0
2002-07-18 00:00:00-04:00,9.548381080394806,9.570812472129399,9.03993144720347,9.15208911895752,478800,0.0,0.0
2002-07-19 00:00:00-04:00,9.122182236052577,9.122182236052577,8.20996379852295,8.20996379852295,821100,0.0,0.0
2002-07-22 00:00:00-04:00,8.217440951042065,8.22491832065488,7.679083174381311,7.8585357666015625,521300,0.0,0.0
2002-07-23 00:00:00-04:00,7.8510596644724915,7.8510596644724915,7.103339696427493,7.22297477722168,509200,0.0,0.0
2002-07-24 00:00:00-04:00,7.297746723123818,7.327655491944764,6.736956772920106,7.088384628295898,1004800,0.0,0.0
2002-07-25 00:00:00-04:00,7.013614020548068,7.4472915842145,6.736957692904405,6.946319103240967,853100,0.0,0.0
2002-07-26 00:00:00-04:00,7.290270571861155,7.424860410604645,7.088385813745921,7.350088119506836,545900,0.0,0.0
2002-07-29 00:00:00-04:00,7.357563826337415,7.776286565107124,7.357563826337415,7.656651496887207,507200,0.0,0.0
2002-07-30 00:00:00-04:00,7.806196962467844,7.806196962467844,6.953796566838508,7.260361671447754,498700,0.0,0.0
2002-07-31 00:00:00-04:00,7.260362687857629,7.320180242834462,6.729481352627118,7.155681610107422,627500,0.0,0.0
2002-08-01 00:00:00-04:00,7.178113580339818,7.551973647793319,6.841638949166476,7.148204803466797,537600,0.0,0.0
2002-08-02 00:00:00-04:00,7.178111865726549,7.222974663779098,6.901454854383449,7.110816955566406,460000,0.0,0.0
2002-08-05 00:00:00-04:00,7.110816523468271,7.125770550883314,6.482731684248436,6.535071849822998,302700,0.0,0.0
2002-08-06 00:00:00-04:00,6.6621842104943125,6.871545583321395,6.617321415714856,6.766865253448486,404200,0.0,0.0
2002-08-07 00:00:00-04:00,6.789298145881929,6.8715470964768155,6.50516443507947,6.781820774078369,367600,0.0,0.0
2002-08-08 00:00:00-04:00,6.856591953928433,7.103339478776262,6.774343016672926,6.916409492492676,291300,0.0,0.0
2002-08-09 00:00:00-04:00,6.916410343561937,7.2005440432456,6.841638054615196,7.065954208374023,308000,0.0,0.0
2002-08-12 00:00:00-04:00,7.036046002469204,7.230453398933533,6.879024753491316,7.118295669555664,253800,0.0,0.0
2002-08-13 00:00:00-04:00,7.110817788453243,7.118295160031595,6.774343911322818,6.819206714630127,408900,0.0,0.0
2002-08-14 00:00:00-04:00,6.841637970786274,6.908932887397514,6.2808479498011245,6.609845161437988,427800,0.0,0.0
2002-08-15 00:00:00-04:00,6.684617030380296,6.953796708663925,6.579936678231256,6.886501789093018,217100,0.0,0.0
2002-08-16 00:00:00-04:00,6.86407115967057,7.028569078161106,6.6771411234101,6.841639041900635,249600,0.0,0.0
2002-08-19 00:00:00-04:00,6.916410900977756,7.163158476074231,6.879024753491316,7.118295669555664,214100,0.0,0.0
2002-08-20 00:00:00-04:00,7.103340352847394,7.103340352847394,6.953796488035307,7.065954208374023,235300,0.0,0.0
2002-08-21 00:00:00-04:00,7.0659545243434,7.335134206123501,7.0659545243434,7.320179462432861,172900,0.0,0.0
2002-08-22 00:00:00-04:00,7.3278117066329305,7.388876743525484,7.014852482617773,7.274379253387451,271200,0.2,0.0
2002-08-23 00:00:00-04:00,7.2896456851912665,7.2896456851912665,6.7324263282361505,6.793491363525391,293700,0.0,0.0
2002-08-26 00:00:00-04:00,6.839291885671931,6.961421980923659,6.762960212163206,6.869824409484863,187400,0.0,0.0
2002-08-27 00:00:00-04:00,6.946154739960473,7.014852359292353,6.7858588389474574,6.862189769744873,142400,0.0,0.0
2002-08-28 00:00:00-04:00,6.869823021613261,6.869823021613261,6.564497845167062,6.793491363525391,231400,0.0,0.0
2002-08-29 00:00:00-04:00,6.770594873180559,6.770594873180559,6.343139454689946,6.411837100982666,349900,0.0,0.0
2002-08-30 00:00:00-04:00,6.404204646331276,6.663730791781811,6.274441209629534,6.633198261260986,209600,0.0,0.0
2002-09-03 00:00:00-04:00,6.640830940453026,6.640830940453026,5.969114969291399,6.465269088745117,473600,0.0,0.0
2002-09-04 00:00:00-04:00,6.388935936932116,6.411835145378785,6.2057408134533425,6.25153923034668,213900,0.0,0.0
2002-09-05 00:00:00-04:00,6.17521052332025,6.221008956755691,5.801186465158112,5.923316955566406,340000,0.0,0.0
2002-09-06 00:00:00-04:00,5.946214572295553,5.97674709568791,5.709587334016591,5.953847885131836,368700,0.0,0.0
2002-09-09 00:00:00-04:00,5.953846234122994,5.969112491585821,5.785917038055613,5.915680408477783,228200,0.0,0.0
2002-09-10 00:00:00-04:00,5.915682768413579,6.106511244814017,5.862250663989941,6.007280349731445,276800,0.0,0.0
2002-09-11 00:00:00-04:00,6.335506439208984,6.388938187053587,6.1446779363891535,6.335506439208984,194300,0.0,0.0
2002-09-12 00:00:00-04:00,6.366035966520485,6.366035966520485,6.045444174828617,6.106509208679199,249000,0.0,0.0
2002-09-13 00:00:00-04:00,6.030177593231201,6.045443850875785,5.90804716809824,6.030177593231201,161000,0.0,0.0
2002-09-16 00:00:00-04:00,5.95384785071597,5.961480799531743,5.7401198242285245,5.793551921844482,121600,0.0,0.0
2002-09-17 00:00:00-04:00,5.869883493380729,6.022546116313017,5.640889195005894,5.801185131072998,146900,0.0,0.0
2002-09-18 00:00:00-04:00,5.724851591148532,5.75538410384989,5.11420060916885,5.419526100158691,400300,0.0,0.0
2002-09-19 00:00:00-04:00,5.381361265678281,5.579822621264904,5.1294674607000355,5.34319543838501,242900,0.0,0.0
2002-09-20 00:00:00-04:00,5.312662922140914,5.503491330654665,5.1905328571645315,5.34319543838501,351000,0.0,0.0
2002-09-23 00:00:00-04:00,5.190533097569916,5.31266316820289,5.030237197875977,5.030237197875977,302700,0.0,0.0
2002-09-24 00:00:00-04:00,4.999707006093112,5.137103399472331,4.732546806335449,4.732546806335449,312800,0.0,0.0
2002-09-25 00:00:00-04:00,4.808877316343443,5.09130334854126,4.770711478921511,5.09130334854126,400400,0.0,0.0
2002-09-26 00:00:00-04:00,5.167632688384358,5.488224435724877,5.152366432033679,5.419526100158691,299500,0.0,0.0
2002-09-27 00:00:00-04:00,5.450059185297842,5.556923354953155,5.312662863710541,5.320295810699463,328600,0.0,0.0
2002-09-30 00:00:00-04:00,5.243965835464749,5.282131671905518,4.877575188743662,5.282131671905518,421900,0.0,0.0
2002-10-01 00:00:00-04:00,5.305030042576892,5.763018551441477,5.182899967667047,5.740118980407715,367000,0.0,0.0
2002-10-02 00:00:00-04:00,5.663790679831833,5.671423631563495,5.076038837432861,5.076038837432861,294000,0.0,0.0
2002-10-03 00:00:00-04:00,5.083670004675937,5.343196824029833,5.083670004675937,5.274498462677002,282200,0.0,0.0
2002-10-04 00:00:00-04:00,5.305031214817451,5.320297477554533,5.060771011024145,5.221066951751709,731200,0.0,0.0
2002-10-07 00:00:00-04:00,5.221067286460951,5.335564082340952,5.098936812758412,5.1600022315979,278300,0.0,0.0
2002-10-08 00:00:00-04:00,5.182900921582217,5.274498494623174,4.938640362829932,5.09130334854126,303800,0.0,0.0
2002-10-09 00:00:00-04:00,5.091302611177505,5.098935559170585,4.702012436168999,4.709645748138428,307000,0.0,0.0
2002-10-10 00:00:00-04:00,4.633314346727478,4.969172422514398,4.633314346727478,4.8088765144348145,338700,0.0,0.0
2002-10-11 00:00:00-04:00,4.923373380866517,5.068403032299778,4.869941653059132,4.9386396408081055,317800,0.0,0.0
2002-10-14 00:00:00-04:00,5.0149711422502845,5.0226040899859665,4.67147975871251,4.740178108215332,306900,0.0,0.0
2002-10-15 00:00:00-04:00,5.037869911967748,5.34319543838501,4.816508987209902,5.34319543838501,376100,0.0,0.0
2002-10-16 00:00:00-04:00,5.534024962672481,5.595090007472646,5.152368068695068,5.152368068695068,316800,0.0,0.0
2002-10-17 00:00:00-04:00,5.22870151183135,5.4042637693778754,4.961541649645731,5.076038837432861,728100,0.0,0.0
2002-10-18 00:00:00-04:00,5.228699627731658,5.763019523543606,5.091303270282161,5.64852237701416,526800,0.0,0.0
2002-10-21 00:00:00-04:00,5.610356540178881,5.69432116283066,5.3660963491575515,5.64852237701416,250100,0.0,0.0
2002-10-22 00:00:00-04:00,5.648520950784138,5.7248522412049425,5.41189376849149,5.694319725036621,307300,0.0,0.0
2002-10-23 00:00:00-04:00,5.656154947647119,5.778285398964699,5.381362251129399,5.686687469482422,194700,0.0,0.0
2002-10-24 00:00:00-04:00,5.763017267678089,5.846981493486662,5.6332539100041545,5.709585189819336,170700,0.0,0.0
2002-10-25 00:00:00-04:00,5.656154635958816,5.686687156111592,5.3584623824810755,5.564557075500488,254400,0.0,0.0
2002-10-28 00:00:00-05:00,5.5645577374765125,5.625622785046541,5.381362594766428,5.3966288566589355,216700,0.0,0.0
2002-10-29 00:00:00-05:00,5.472959302744771,5.511124769467118,5.160000801330377,5.297397136688232,271300,0.0,0.0
2002-10-30 00:00:00-05:00,5.373727331106654,5.472958179374198,5.243963970137752,5.419526100158691,115500,0.0,0.0
2002-10-31 00:00:00-05:00,5.4729587444377445,5.4729587444377445,5.182899479850994,5.228698253631592,171300,0.0,0.0
2002-11-01 00:00:00-05:00,5.152368068695068,5.3889952992838985,5.083669711306693,5.152368068695068,210700,0.0,0.0
2002-11-04 00:00:00-05:00,5.305030529961743,5.419527667696994,4.854675655368428,4.9997053146362305,574100,0.0,0.0
2002-11-05 00:00:00-05:00,5.152368692251352,5.167634955298966,4.8088775916918305,4.961540222167969,419300,0.0,0.0
2002-11-06 00:00:00-05:00,5.037870305860907,5.152367432716542,4.931006490651271,5.137101173400879,373100,0.0,0.0
2002-11-07 00:00:00-05:00,5.152367268508951,5.152367268508951,4.976805109985889,5.030237197875977,204900,0.0,0.0
2002-11-08 00:00:00-05:00,4.999704941769905,5.0531366684788726,4.778343995179307,4.8088765144348145,332700,0.0,0.0
2002-11-11 00:00:00-05:00,4.885209108555416,4.9615404269438805,4.740179421629114,4.793611526489258,211600,0.0,0.0
2002-11-12 00:00:00-05:00,4.869943280408552,5.037872195881464,4.770712375640869,4.770712375640869,336900,0.0,0.0
2002-11-13 00:00:00-05:00,4.732544796503314,4.831775664901538,4.549349683130902,4.740178108215332,239500,0.0,0.0
2002-11-14 00:00:00-05:00,4.7554447874913315,4.7707110482867945,4.579882606355323,4.763077735900879,326800,0.0,0.0
2002-11-15 00:00:00-05:00,4.7630762862030815,4.915739211669338,4.74017708396771,4.885206699371338,494900,0.0,0.0
2002-11-18 00:00:00-05:00,4.961541455632334,5.03787278984676,4.87757680600821,4.923375606536865,247800,0.0,0.0
2002-11-19 00:00:00-05:00,4.9997054324924415,5.076036738123149,4.793610725301342,4.854675769805908,258200,0.0,0.0
2002-11-20 00:00:00-05:00,4.908107501759216,4.9539062851376405,4.816509935002366,4.854675769805908,188700,0.0,0.0
2002-11-21 00:00:00-05:00,4.931734213563969,5.1937323398943525,4.931734213563969,5.162909030914307,330800,0.06,0.0
2002-11-22 00:00:00-05:00,5.186028266397036,5.247674903020125,5.093558311462402,5.093558311462402,528700,0.0,0.0
2002-11-25 00:00:00-05:00,5.1706152408844215,5.224556217396963,5.11667426437188,5.17832088470459,259700,0.0,0.0
2002-11-26 00:00:00-05:00,5.12438059768526,5.12438059768526,4.924028701569657,5.055027961730957,372500,0.0,0.0
2002-11-27 00:00:00-05:00,5.047321805960551,5.201438350860776,5.016498496980506,5.162909030914307,517800,0.0,0.0
2002-11-29 00:00:00-05:00,5.186026583396909,5.509671688079834,5.170614929242618,5.509671688079834,247800,0.0,0.0
2002-12-02 00:00:00-05:00,5.5559050520165725,5.617551650896985,5.2939066393321035,5.394082546234131,446700,0.0,0.0
2002-12-03 00:00:00-05:00,5.317025121296631,5.3555540678440705,5.0858499722409105,5.170614242553711,353100,0.0,0.0
2002-12-04 00:00:00-05:00,5.247673585623906,5.378672839282881,5.132085987251701,5.286202907562256,459000,0.0,0.0
2002-12-05 00:00:00-05:00,5.2939081525438185,5.340143114919939,5.108968303039338,5.116673946380615,174100,0.0,0.0
2002-12-06 00:00:00-05:00,5.039615377702987,5.155202960528666,4.846969528807787,4.877792835235596,353200,0.0,0.0
2002-12-09 00:00:00-05:00,4.800735341469149,4.854676320116797,4.35379695892334,4.35379695892334,484600,0.0,0.0
2002-12-10 00:00:00-05:00,4.392324616606223,4.515618193164367,4.384618974757885,4.469383239746094,564800,0.0,0.0
2002-12-11 00:00:00-05:00,4.507912807572151,4.507912807572151,4.161150425236907,4.199679374694824,546000,0.0,0.0
2002-12-12 00:00:00-05:00,4.19967935548561,4.19967935548561,4.014739517070803,4.084092140197754,725700,0.0,0.0
2002-12-13 00:00:00-05:00,4.122621336589609,4.153444644839627,4.045563065964561,4.1072096824646,392600,0.0,0.0
2002-12-16 00:00:00-05:00,4.184267142502618,4.477088881594432,4.161149849514855,4.469383239746094,408000,0.0,0.0
2002-12-17 00:00:00-05:00,4.646619483215104,4.669736786509463,4.430855903624591,4.438561916351318,495100,0.0,0.0
2002-12-18 00:00:00-05:00,4.446266725706656,4.623500943228114,4.415443415480563,4.484796047210693,737300,0.0,0.0
2002-12-19 00:00:00-05:00,4.854675594277946,4.854675594277946,4.554147802029078,4.66202974319458,542600,0.0,0.0
2002-12-20 00:00:00-05:00,4.430854642583122,4.561853882111211,4.322973067212909,4.4231486320495605,890700,0.0,0.0
2002-12-23 00:00:00-05:00,4.430853829187827,4.430853829187827,4.315266264503075,4.361501216888428,561700,0.0,0.0
2002-12-24 00:00:00-05:00,4.307560975704196,4.415442540107725,4.307560975704196,4.384619235992432,220300,0.0,0.0
2002-12-26 00:00:00-05:00,4.484793853248657,4.6234986814116485,4.477087845740494,4.538734436035156,333000,0.0,0.0
2002-12-27 00:00:00-05:00,4.461678425154875,4.546442712840346,4.423149103267976,4.492501735687256,265300,0.0,0.0
2002-12-30 00:00:00-05:00,4.492501423500329,4.754499912261963,4.461678115109881,4.754499912261963,509700,0.0,0.0
2002-12-31 00:00:00-05:00,4.662031494695785,4.800736427307129,4.638913822205758,4.800736427307129,417100,0.0,0.0
2003-01-02 00:00:00-05:00,4.7390879527460505,4.816146218757613,4.6620296867344875,4.808440208435059,347000,0.0,0.0
2003-01-03 00:00:00-05:00,4.8161460237108225,4.8623809814453125,4.708264455663679,4.8623809814453125,348400,0.0,0.0
2003-01-06 00:00:00-05:00,4.785323188158056,4.877793112701492,4.731382215119642,4.793028831481934,297700,0.0,0.0
2003-01-07 00:00:00-05:00,4.793029352663353,4.854676343171794,4.677442118136814,4.685147762298584,536700,0.0,0.0
2003-01-08 00:00:00-05:00,4.700559218793347,4.700559218793347,4.47709003593275,4.484796047210693,348600,0.0,0.0
2003-01-09 00:00:00-05:00,4.407738216568823,4.592678479453556,4.353797597453078,4.554149150848389,432500,0.0,0.0
2003-01-10 00:00:00-05:00,4.477089535084292,4.762205306501402,4.477089535084292,4.66202974319458,526500,0.0,0.0
2003-01-13 00:00:00-05:00,4.700559139251709,4.7159707941039635,4.646618530990236,4.700559139251709,278700,0.0,0.0
2003-01-14 00:00:00-05:00,4.739087444322105,5.04732084274292,4.715969783277372,5.04732084274292,584300,0.0,0.0
2003-01-15 00:00:00-05:00,5.078145310385357,5.201438551050777,4.877793426861207,5.17832088470459,715700,0.0,0.0
2003-01-16 00:00:00-05:00,5.255378100429811,5.278495393055499,5.055026271312557,5.1397905349731445,397900,0.0,0.0
2003-01-17 00:00:00-05:00,5.132086375295993,5.139792387243464,4.900911528514973,4.916323184967041,214400,0.0,0.0
2003-01-21 00:00:00-05:00,4.916321251706702,4.916321251706702,4.6003818675128265,4.669734477996826,448600,0.0,0.0
2003-01-22 00:00:00-05:00,4.746794103808473,4.746794103808473,4.561854245581417,4.700559139251709,221800,0.0,0.0
2003-01-23 00:00:00-05:00,4.6928528354598,4.7390877935132485,4.500206993182373,4.507912635803223,487500,0.0,0.0
2003-01-24 00:00:00-05:00,4.492500791213981,4.507912443240129,4.276737662847909,4.3152666091918945,450900,0.0,0.0
2003-01-27 00:00:00-05:00,4.238210450084589,4.307563102304081,4.045564520535289,4.0686821937561035,251300,0.0,0.0
2003-01-28 00:00:00-05:00,4.138033150782289,4.299855709075928,4.084092542979631,4.299855709075928,539000,0.0,0.0
2003-01-29 00:00:00-05:00,4.145738115060006,4.25361967086792,4.10720880426438,4.25361967086792,187600,0.0,0.0
2003-01-30 00:00:00-05:00,4.222797943671894,4.245915612257202,3.9299761012866643,3.9762110710144043,423700,0.0,0.0
2003-01-31 00:00:00-05:00,3.9299759333603537,3.945387589277733,3.4907435559936104,3.521566867828369,909300,0.0,0.0
2003-02-03 00:00:00-05:00,3.5446831008152104,3.6602706691180136,3.1362741582394564,3.213332414627075,852900,0.0,0.0
2003-02-04 00:00:00-05:00,3.13627423892036,3.244155800638288,3.1054509355723807,3.2056264877319336,861200,0.0,0.0
2003-02-05 00:00:00-05:00,3.1979218379842234,3.3212150896360706,3.159392513121584,3.190215826034546,1023300,0.0,0.0
2003-02-06 00:00:00-05:00,3.2210381394059233,3.236449791079913,3.1208625872463704,3.2056264877319336,322900,0.0,0.0
2003-02-07 00:00:00-05:00,3.2672741083169505,3.3366267460925516,3.1516868686147803,3.190215826034546,366800,0.0,0.0
2003-02-10 00:00:00-05:00,3.1825088265883323,3.213332126378407,2.9667453606150906,3.0515096187591553,333000,0.0,0.0
2003-02-11 00:00:00-05:00,3.0746291970329547,3.082335027252226,2.94362989958386,2.9898650646209717,281100,0.0,0.0
2003-02-12 00:00:00-05:00,3.01298043836535,3.01298043836535,2.5737478733062744,2.5737478733062744,765200,0.0,0.0
2003-02-13 00:00:00-05:00,2.619982971122182,2.6970412181522776,2.427337169825591,2.5352187156677246,684700,0.0,0.0
2003-02-14 00:00:00-05:00,2.5429260842724033,2.5429260842724033,2.280927701580107,2.4119269847869873,839700,0.0,0.0
2003-02-18 00:00:00-05:00,2.5275144365779423,2.5891610718998668,2.419632824764575,2.450456142425537,449300,0.0,0.0
2003-02-19 00:00:00-05:00,2.4658671647391825,2.47357299216531,2.3040446050690906,2.3502795696258545,531600,0.0,0.0
2003-02-20 00:00:00-05:00,2.4288838321346757,2.4288838321346757,2.1930698987811907,2.20093035697937,604300,0.06,0.0
2003-02-21 00:00:00-05:00,2.224511998923238,2.3974422874746324,2.2087910806374866,2.358139991760254,678000,0.0,0.0
2003-02-24 00:00:00-05:00,2.421023694384302,2.4446050721000816,2.232372485249932,2.2402329444885254,304300,0.0,0.0
2003-02-25 00:00:00-05:00,2.161628224549516,2.310977128678159,2.161628224549516,2.2795352935791016,395100,0.0,0.0
2003-02-26 00:00:00-05:00,2.310977433259324,2.3188378930700777,2.2323726477436425,2.2559540271759033,195600,0.0,0.0
2003-02-27 00:00:00-05:00,2.2952569708298745,2.31883835495931,2.224512631033387,2.2716755867004395,302100,0.0,0.0
2003-02-28 00:00:00-05:00,2.279535898710221,2.3502800464630127,2.200931102687838,2.3502800464630127,241900,0.0,0.0
2003-03-03 00:00:00-05:00,2.4288839528246515,2.4288839528246515,2.1301863390436035,2.177349090576172,336600,0.0,0.0
2003-03-04 00:00:00-05:00,2.2009295358294714,2.2087899910949753,2.083022706846914,2.169487714767456,205100,0.0,0.0
2003-03-05 00:00:00-05:00,2.161628264022534,2.2087910175323486,2.0673027570029046,2.2087910175323486,205300,0.0,0.0
2003-03-06 00:00:00-05:00,2.287395523087422,2.287395523087422,2.130186175941162,2.161628007888794,257900,0.0,0.0
2003-03-07 00:00:00-05:00,2.169488233263734,2.200930061840181,2.0908836618226165,2.10660457611084,164400,0.0,0.0
2003-03-10 00:00:00-05:00,2.1066048258027497,2.153767574257532,1.9651163930302993,1.9886977672576904,187800,0.0,0.0
2003-03-11 00:00:00-05:00,2.028000485959273,2.0751634317831797,1.9258145093917847,1.9258145093917847,264000,0.0,0.0
2003-03-12 00:00:00-05:00,2.004419604200883,2.004419604200883,1.650698453481153,1.9729777574539185,581600,0.0,0.0
2003-03-13 00:00:00-05:00,2.2009305257991914,2.2009305257991914,1.9179538215512308,2.051581621170044,885000,0.0,0.0
2003-03-14 00:00:00-05:00,2.051581021339865,2.200929882303199,2.051581021339865,2.145906686782837,304600,0.0,0.0
2003-03-17 00:00:00-05:00,2.1694888747015497,2.4131633056226334,2.145907496297071,2.28739595413208,693700,0.0,0.0
2003-03-18 00:00:00-05:00,2.3581404199103577,2.4760475158691406,2.326698577630192,2.4760475158691406,552900,0.0,0.0
2003-03-19 00:00:00-05:00,2.554651346412302,2.554651346412302,2.452465202599919,2.4839072227478027,321300,0.0,0.0
2003-03-20 00:00:00-05:00,2.4996288975792647,2.507489358149306,2.3817218016204817,2.4760475158691406,483500,0.0,0.0
2003-03-21 00:00:00-05:00,2.5310707625001716,2.6175358295440674,2.397442744205987,2.6175358295440674,871800,0.0,0.0
2003-03-24 00:00:00-05:00,2.507488982115934,2.507488982115934,2.3188377693176916,2.342419147491455,346600,0.0,0.0
2003-03-25 00:00:00-05:00,2.318837988354369,2.483907838571292,2.295256607953116,2.4446053504943848,261100,0.0,0.0
2003-03-26 00:00:00-05:00,2.4446050423318866,2.499628443740145,2.326698155188751,2.358139991760254,439200,0.0,0.0
2003-03-27 00:00:00-05:00,2.436744583189011,2.436744583189011,2.2873958594743726,2.358139991760254,269500,0.0,0.0
2003-03-28 00:00:00-05:00,2.3581404375547943,2.4367450438433553,2.303117213152802,2.413163661956787,345600,0.0,0.0
2003-03-31 00:00:00-05:00,2.3581398813267453,2.3660003401015093,2.271674834804337,2.2795352935791016,216400,0.0,0.0
2003-04-01 00:00:00-05:00,2.3109773605121986,2.389581956145346,2.2638146031323103,2.3817214965820312,206600,0.0,0.0
2003-04-02 00:00:00-05:00,2.460326333199574,2.5546518500133906,2.436744766587977,2.5310704708099365,175500,0.0,0.0
2003-04-03 00:00:00-05:00,2.6096757230064855,2.6096757230064855,2.4760478739887137,2.499629259109497,155600,0.0,0.0
2003-04-04 00:00:00-05:00,2.5546521885450875,2.593954492425686,2.4524660110473633,2.4524660110473633,155000,0.0,0.0
2003-04-07 00:00:00-04:00,2.531070806216728,2.617535874754045,2.444605550271244,2.4524660110473633,198200,0.0,0.0
2003-04-08 00:00:00-04:00,2.460326594729058,2.554652121569554,2.42888456504073,2.4760475158691406,155000,0.0,0.0
2003-04-09 00:00:00-04:00,2.4524655014747623,2.633256249169032,2.358139991760254,2.358139991760254,178300,0.0,0.0
2003-04-10 00:00:00-04:00,2.4367451835907676,2.546791826114095,2.3581405727942295,2.4917685985565186,138200,0.0,0.0
2003-04-11 00:00:00-04:00,2.546790888227358,2.5782327209671356,2.405302453490253,2.4839072227478027,109800,0.0,0.0
2003-04-14 00:00:00-04:00,2.531070483393527,2.633256460449861,2.4917681845257067,2.578233242034912,133000,0.0,0.0
2003-04-15 00:00:00-04:00,2.5782326821956207,2.7275815728717583,2.5389303918619275,2.7118606567382812,168100,0.0,0.0
2003-04-16 00:00:00-04:00,2.7197219974650118,2.735442918700565,2.554652137083538,2.570373058319092,168100,0.0,0.0
2003-04-17 00:00:00-04:00,2.5625120260574854,2.790465520529427,2.5625120260574854,2.704000473022461,182700,0.0,0.0
2003-04-21 00:00:00-04:00,2.7826051092237623,2.9240935586069727,2.7747446502251467,2.908372640609741,301500,0.0,0.0
2003-04-22 00:00:00-04:00,2.8690703653557574,2.9476749558827122,2.790465587420676,2.853349447250366,269500,0.0,0.0
2003-04-23 00:00:00-04:00,2.8612103323925218,3.136326627615119,2.837628764314558,3.120605707168579,539900,0.0,0.0
2003-04-24 00:00:00-04:00,3.120605388331458,3.1756286042725383,3.0262796878814697,3.0262796878814697,241700,0.0,0.0
2003-04-25 00:00:00-04:00,3.0341404527085443,3.1363266228644213,2.947675390383548,2.9633963108062744,184400,0.0,0.0
2003-04-28 00:00:00-04:00,3.0420009927516594,3.2778151800973787,2.971256848992839,3.262094259262085,376600,0.0,0.0
2003-04-29 00:00:00-04:00,3.222791328568775,3.3485590528499642,3.1441867351531982,3.1441867351531982,402600,0.0,0.0
2003-04-30 00:00:00-04:00,3.159908086424519,3.380001352934945,3.1520478134150314,3.262094259262085,337700,0.0,0.0
2003-05-01 00:00:00-04:00,3.2227917255227565,3.442884989011711,3.1992105320017017,3.3800013065338135,243600,0.0,0.0
2003-05-02 00:00:00-04:00,3.3878620652116522,3.529350371074542,3.3800017911830085,3.5214900970458984,246000,0.0,0.0
2003-05-05 00:00:00-04:00,3.529349359366757,3.7808844280576572,3.474326332489809,3.757303237915039,382900,0.0,0.0
2003-05-06 00:00:00-04:00,3.7730238678077037,3.820186619303271,3.65511680166067,3.6944189071655273,717200,0.0,0.0
2003-05-07 00:00:00-04:00,3.686558764520882,3.75730308163881,3.5843726119763732,3.615814447402954,197800,0.0,0.0
2003-05-08 00:00:00-04:00,3.6551169290943015,3.694419035969405,3.5214889411232124,3.615814447402954,222800,0.0,0.0
2003-05-09 00:00:00-04:00,3.68655939553759,3.812326758771114,3.5922338731124475,3.804466485977173,226800,0.0,0.0
2003-05-12 00:00:00-04:00,3.812325708117584,3.8516281857046932,3.733721127759571,3.7730236053466797,266200,0.0,0.0
2003-05-13 00:00:00-04:00,3.7730235512161827,3.7730235512161827,3.670837410808699,3.710139513015747,185300,0.0,0.0
2003-05-14 00:00:00-04:00,3.7337207794189453,3.7415814241294836,3.631534647078967,3.7337207794189453,352800,0.0,0.0
2003-05-15 00:00:00-04:00,3.8123274225070376,4.205350875854492,3.773025302062116,4.205350875854492,435600,0.0,0.0
2003-05-16 00:00:00-04:00,4.283955905961994,4.6219563484191895,4.205351282652091,4.6219563484191895,787500,0.0,0.0
2003-05-19 00:00:00-04:00,4.621953542660442,4.621953542660442,4.441162831388535,4.598371982574463,375300,0.0,0.0
2003-05-20 00:00:00-04:00,4.598371982574463,4.676976558167426,4.401860356183962,4.598371982574463,412300,0.0,0.0
2003-05-21 00:00:00-04:00,4.598373565609688,4.6848388159365495,4.441164360302949,4.56693172454834,496500,0.0,0.0
2003-05-22 00:00:00-04:00,4.495447835711565,4.558987675566138,4.3763108253479,4.3763108253479,178000,0.06,0.0
2003-05-23 00:00:00-04:00,4.447792922518302,4.844917297363281,4.447792922518302,4.844917297363281,360100,0.0,0.0
2003-05-27 00:00:00-04:00,4.757549450549407,4.9084567464381355,4.686067326295904,4.7257795333862305,333200,0.0,0.0
2003-05-28 00:00:00-04:00,4.797264602302653,4.9243443389270976,4.725782061087658,4.884632110595703,569100,0.0,0.0
2003-05-29 00:00:00-04:00,4.9243423922150225,5.051422457329122,4.892572470618332,4.987882614135742,455300,0.0,0.0
2003-05-30 00:00:00-04:00,5.003769099970827,5.321468412765362,5.003769099970827,5.226158618927002,390900,0.0,0.0
2003-06-02 00:00:00-04:00,5.361178840909686,5.790073117884276,5.313523963326653,5.559741020202637,1031900,0.0,0.0
2003-06-03 00:00:00-04:00,5.559743401461384,5.559743401461384,5.289698600769043,5.289698600769043,509400,0.0,0.0
2003-06-04 00:00:00-04:00,5.353237883480253,5.623282654849825,5.281755733615161,5.488260269165039,489300,0.0,0.0
2003-06-05 00:00:00-04:00,5.559742995361302,5.829787776328773,5.440605569715215,5.718592643737793,495500,0.0,0.0
2003-06-06 00:00:00-04:00,5.837729636683383,5.988636980819309,5.615340145440108,5.631225109100342,370300,0.0,0.0
2003-06-09 00:00:00-04:00,5.480318422317882,5.599455853423642,5.329411060080913,5.4088358879089355,468800,0.0,0.0
2003-06-10 00:00:00-04:00,5.424718898266834,5.678878634438275,5.424718898266834,5.607396125793457,455600,0.0,0.0
2003-06-11 00:00:00-04:00,5.686821993073005,5.79801711156639,5.607397178954436,5.782132148742676,370900,0.0,0.0
2003-06-12 00:00:00-04:00,5.790075006528609,5.821844935280219,5.662995291522169,5.766247749328613,266900,0.0,0.0
2003-06-13 00:00:00-04:00,5.766246333438608,5.82978617533975,5.599454059084445,5.655051231384277,333500,0.0,0.0
2003-06-16 00:00:00-04:00,5.202329026293496,5.798015538675472,5.19438635767264,5.504143238067627,773300,0.0,0.0
2003-06-17 00:00:00-04:00,5.480317806866601,5.583570260811288,5.456490171830362,5.52797269821167,577500,0.0,0.0
2003-06-18 00:00:00-04:00,5.4485467181536995,5.559741440928619,5.432661757757282,5.480316638946533,412800,0.0,0.0
2003-06-19 00:00:00-04:00,5.472374822885821,5.480317493686476,5.2976402312726805,5.305582523345947,320200,0.0,0.0
2003-06-20 00:00:00-04:00,5.321468809909365,5.400894022762998,5.226159008957984,5.24998664855957,518100,0.0,0.0
2003-06-23 00:00:00-04:00,5.249985068265294,5.249985068265294,4.829033006015953,5.003767967224121,547600,0.0,0.0
2003-06-24 00:00:00-04:00,5.1308474021495165,5.1308474021495165,4.868745352419122,5.051422595977783,472400,0.0,0.0
2003-06-25 00:00:00-04:00,4.97199911002668,5.091136161555203,4.964056437936805,5.0673089027404785,284800,0.0,0.0
2003-06-26 00:00:00-04:00,4.987883964735982,5.2658710433429725,4.805206676726684,5.257928371429443,651000,0.0,0.0
2003-06-27 00:00:00-04:00,5.37706613403182,5.472375930567319,5.083194072016967,5.107021331787109,578700,0.0,0.0
2003-06-30 00:00:00-04:00,5.146731830295507,5.4326614816250665,5.122904201548331,5.24204158782959,1418100,0.0,0.0
2003-07-01 00:00:00-04:00,5.242043406329828,5.30558326672829,5.067308790234059,5.257928371429443,286200,0.0,0.0
2003-07-02 00:00:00-04:00,5.178502620089756,5.472374611256287,5.178502620089756,5.4406046867370605,676200,0.0,0.0
2003-07-03 00:00:00-04:00,5.361178747972714,5.392948665810665,5.202329158782959,5.202329158782959,191300,0.0,0.0
2003-07-07 00:00:00-04:00,5.23410012569229,5.400892417135381,5.202330201486689,5.353237152099609,274800,0.0,0.0
2003-07-08 00:00:00-04:00,5.400893745745034,5.408836039386538,5.289698604944265,5.297641277313232,178400,0.0,0.0
2003-07-09 00:00:00-04:00,5.337352196098672,5.472374563490525,5.281755018038995,5.361179828643799,423100,0.0,0.0
2003-07-10 00:00:00-04:00,5.3214672080983,5.337352170142009,5.003767967224121,5.003767967224121,339100,0.0,0.0
2003-07-11 00:00:00-04:00,5.083194042795901,5.361181137123477,5.075251370433202,5.289698600769043,326100,0.0,0.0
2003-07-14 00:00:00-04:00,5.313524988660155,5.448547357230554,5.2817550641409285,5.4406046867370605,922500,0.0,0.0
2003-07-15 00:00:00-04:00,5.488258737627865,5.790073353320081,5.488258737627865,5.607396125793457,885500,0.0,0.0
2003-07-16 00:00:00-04:00,5.631224070945514,5.718591165606373,5.456489124169121,5.647109031677246,851900,0.0,0.0
2003-07-17 00:00:00-04:00,5.631224886946511,5.631224886946511,5.480317548763933,5.575627326965332,460000,0.0,0.0
2003-07-18 00:00:00-04:00,5.65505243823513,5.972752094268799,5.65505243823513,5.972752094268799,575600,0.0,0.0
2003-07-21 00:00:00-04:00,6.0760035599226425,6.203083250163661,5.790073878153,5.798016548156738,544900,0.0,0.0
2003-07-22 00:00:00-04:00,5.750363273410099,6.115717887878418,5.678881112302807,6.115717887878418,577300,0.0,0.0
2003-07-23 00:00:00-04:00,6.115715563821686,6.115715563821686,5.845671231329485,5.925096035003662,839900,0.0,0.0
2003-07-24 00:00:00-04:00,6.1951414764181525,6.2745662894537935,6.036291471619487,6.147486209869385,548800,0.0,0.0
2003-07-25 00:00:00-04:00,6.1474878214211,6.234855328027215,5.877443386308307,6.115717887878418,363700,0.0,0.0
2003-07-28 00:00:00-04:00,6.036292713504561,6.536669327938472,5.980695522304938,6.4651875495910645,771600,0.0,0.0
2003-07-29 00:00:00-04:00,6.441358621166977,6.504898475676393,6.11571667744251,6.171314239501953,469600,0.0,0.0
2003-07-30 00:00:00-04:00,6.15542781512967,6.234852614418138,5.996578216552734,5.996578216552734,253800,0.0,0.0
2003-07-31 00:00:00-04:00,6.03629042683331,6.211025363995256,5.996578216552734,5.996578216552734,494400,0.0,0.0
2003-08-01 00:00:00-04:00,5.9568686517483735,6.076006100528843,5.7424213954345324,5.964811325073242,498500,0.0,0.0
2003-08-04 00:00:00-04:00,5.885385191783367,6.068062483853452,5.782133105704367,6.036292552947998,320000,0.0,0.0
2003-08-05 00:00:00-04:00,6.115716031854135,6.155428626094076,5.6788793888516205,5.734476566314697,297100,0.0,0.0
2003-08-06 00:00:00-04:00,5.726533736874574,5.726533736874574,5.3532365980062835,5.377064228057861,521900,0.0,0.0
2003-08-07 00:00:00-04:00,5.36912264698998,5.662994643687762,5.234100275878193,5.615339756011963,684400,0.0,0.0
2003-08-08 00:00:00-04:00,5.615341300652841,5.782133642762257,5.59151366089686,5.6788811683654785,467600,0.0,0.0
2003-08-11 00:00:00-04:00,5.758305195820695,5.909212549848115,5.718592594703372,5.821845054626465,290600,0.0,0.0
2003-08-12 00:00:00-04:00,5.861556130582204,5.877441091150422,5.750361027877348,5.837728500366211,177700,0.0,0.0
2003-08-13 00:00:00-04:00,5.837728416278026,5.877441006490205,5.742418654241589,5.853613376617432,126500,0.0,0.0
2003-08-14 00:00:00-04:00,5.853614124190357,6.012464126598694,5.798016945265709,5.988636493682861,195400,0.0,0.0
2003-08-15 00:00:00-04:00,5.99657964946092,6.076004467728286,5.647110070357104,5.813902378082275,265200,0.0,0.0
2003-08-18 00:00:00-04:00,5.813902285950281,6.083946663779973,5.813902285950281,6.00452184677124,560500,0.0,0.0
2003-08-19 00:00:00-04:00,6.060119995144228,6.250739574432373,6.060119995144228,6.250739574432373,217200,0.0,0.0
2003-08-20 00:00:00-04:00,6.274567305082015,6.306337235438688,6.187199807237443,6.242797374725342,160200,0.0,0.0
2003-08-21 00:00:00-04:00,6.322832440388438,6.522921690521812,6.290818129835842,6.450890064239502,249400,0.06,0.0
2003-08-22 00:00:00-04:00,6.530926087135898,6.554936631539375,6.090729083878479,6.0987324714660645,277500,0.0,0.0
2003-08-25 00:00:00-04:00,6.082725314650171,6.106736240694372,5.890639432859455,6.0987324714660645,278700,0.0,0.0
2003-08-26 00:00:00-04:00,6.1067345368987995,6.202777450997923,5.826609179956049,6.082723617553711,360400,0.0,0.0
2003-08-27 00:00:00-04:00,5.938659792609542,6.114738484652662,5.890638331143236,6.002688407897949,278700,0.0,0.0
2003-08-28 00:00:00-04:00,5.802598206603899,5.954666343332461,5.690548141197816,5.938659191131592,431300,0.0,0.0
2003-08-29 00:00:00-04:00,5.962670803070068,6.026699805052013,5.866627872558173,5.962670803070068,184900,0.0,0.0
2003-09-02 00:00:00-04:00,5.882634852109464,5.962670625147829,5.690548996817391,5.906645774841309,621700,0.0,0.0
2003-09-03 00:00:00-04:00,5.9626700145176255,6.042706161000249,5.842616558074951,5.842616558074951,426200,0.0,0.0
2003-09-04 00:00:00-04:00,5.9066464798418545,6.034703731987787,5.882635554244135,5.994685649871826,296100,0.0,0.0
2003-09-05 00:00:00-04:00,5.922652305601504,5.986680917287905,5.6825446301368725,5.762580394744873,386700,0.0,0.0
2003-09-08 00:00:00-04:00,5.722562719991646,5.8826342496756325,5.722562719991646,5.842616558074951,404800,0.0,0.0
2003-09-09 00:00:00-04:00,5.882633395160838,5.922651462589101,5.594504301942834,5.602508068084717,685500,0.0,0.0
2003-09-10 00:00:00-04:00,5.602507835560605,5.602507835560605,5.242346770216503,5.354396820068359,1010900,0.0,0.0
2003-09-11 00:00:00-04:00,5.562489649690575,5.602507714593895,5.378407238088297,5.442436218261719,653600,0.0,0.0
2003-09-12 00:00:00-04:00,5.442436247264472,5.458443396982991,5.266357218720201,5.282364368438721,759000,0.0,0.0
2003-09-15 00:00:00-04:00,5.394416695072635,5.458445702633151,5.258356055813412,5.330388069152832,414400,0.0,0.0
2003-09-16 00:00:00-04:00,5.362401877319592,5.546484350330659,5.266358947480952,5.482455730438232,591100,0.0,0.0
2003-09-17 00:00:00-04:00,5.482456057051434,5.626520842032624,5.418427433344549,5.57049560546875,741400,0.0,0.0
2003-09-18 00:00:00-04:00,5.506465578787981,5.658533712167252,5.506465578787981,5.6105122566223145,635400,0.0,0.0
2003-09-19 00:00:00-04:00,5.602509357174565,5.690548896789551,5.586502202848264,5.690548896789551,400000,0.0,0.0
2003-09-22 00:00:00-04:00,5.522472314868764,5.690547587442552,5.498461398083691,5.602508068084717,518200,0.0,0.0
2003-09-23 00:00:00-04:00,5.602509153200085,5.722562997096788,5.602509153200085,5.7065558433532715,435000,0.0,0.0
2003-09-24 00:00:00-04:00,5.698550612393201,5.722561527663303,5.386411003725182,5.442436218261719,520000,0.0,0.0
2003-09-25 00:00:00-04:00,5.5224718465809435,5.53847899586678,5.202328479223685,5.2183356285095215,652900,0.0,0.0
2003-09-26 00:00:00-04:00,5.322384543751714,5.338391699816683,5.0742734339243425,5.082276821136475,1934200,0.0,0.0
2003-09-29 00:00:00-04:00,4.762132710625326,5.482455404928823,4.762132710625326,5.474452018737793,474200,0.0,0.0
2003-09-30 00:00:00-04:00,5.362400685237625,5.378407836652281,5.146303950319465,5.242347240447998,611700,0.0,0.0
2003-10-01 00:00:00-04:00,5.4424389770412525,5.530478153830849,5.242349314380041,5.522474765777588,332800,0.0,0.0
2003-10-02 00:00:00-04:00,5.538481923524855,5.578499627072651,5.4424389770412525,5.522474765777588,368200,0.0,0.0
2003-10-03 00:00:00-04:00,5.642526542738995,5.7545766053280785,5.602508472422593,5.682544231414795,484400,0.0,0.0
2003-10-06 00:00:00-04:00,5.730565686810117,5.730565686810117,5.642526542738995,5.682544231414795,295900,0.0,0.0
2003-10-07 00:00:00-04:00,5.722563246856011,5.874631404876709,5.602509397719601,5.874631404876709,328600,0.0,0.0
2003-10-08 00:00:00-04:00,5.922650909014901,5.994682889356335,5.7065542047095175,5.794593334197998,502000,0.0,0.0
2003-10-09 00:00:00-04:00,5.962669589100102,5.986680507659912,5.78659091901037,5.986680507659912,547700,0.0,0.0
2003-10-10 00:00:00-04:00,6.002689673853789,6.002689673853789,5.778589091441326,5.866628646850586,315400,0.0,0.0
2003-10-13 00:00:00-04:00,5.922652644951943,6.178767106372145,5.914648877212236,6.042706489562988,205300,0.0,0.0
2003-10-14 00:00:00-04:00,5.962670379085024,6.20277806993221,5.962670379085024,6.186770915985107,250600,0.0,0.0
2003-10-15 00:00:00-04:00,6.202777450997923,6.242795522692865,6.018695008154295,6.082723617553711,303200,0.0,0.0
2003-10-16 00:00:00-04:00,6.042707461742307,6.2588042641526025,6.018696536300847,6.226789951324463,252100,0.0,0.0
2003-10-17 00:00:00-04:00,6.266807692322647,6.274811461402125,5.986682262433063,5.994685649871826,209400,0.0,0.0
2003-10-20 00:00:00-04:00,5.962669784109499,6.146752226953126,5.962669784109499,6.082723617553711,229600,0.0,0.0
2003-10-21 00:00:00-04:00,6.0507096686608195,6.162759741698805,6.026699129544427,6.058713436126709,272600,0.0,0.0
2003-10-22 00:00:00-04:00,6.12274228898553,6.12274228898553,5.714559291620857,5.738570213317871,541600,0.0,0.0
2003-10-23 00:00:00-04:00,5.738569109318549,5.746572493917408,5.530475766780084,5.634522438049316,377300,0.0,0.0
2003-10-24 00:00:00-04:00,5.4824539015244875,5.562489649690575,5.386411003725182,5.442436218261719,275700,0.0,0.0
2003-10-27 00:00:00-05:00,5.466447890856638,5.842616558074951,5.466447890856638,5.842616558074951,289400,0.0,0.0
2003-10-28 00:00:00-05:00,5.8426162779263775,5.954666343332461,5.7785872874822894,5.938659191131592,698600,0.0,0.0
2003-10-29 00:00:00-05:00,5.898644257380972,6.3868632316589355,5.858626546413122,6.3868632316589355,584500,0.0,0.0
2003-10-30 00:00:00-05:00,6.402867685091313,6.4428857607793955,6.146752840297025,6.186770915985107,765900,0.0,0.0
2003-10-31 00:00:00-05:00,6.226788380482534,6.3068241423621325,6.114737932210482,6.12274169921875,182200,0.0,0.0
2003-11-03 00:00:00-05:00,5.642527294656322,6.170763756037701,5.642527294656322,6.146752834320068,449400,0.0,0.0
2003-11-04 00:00:00-05:00,6.074721362311794,6.202778604933795,5.978678048704607,6.178767681121826,229000,0.0,0.0
2003-11-05 00:00:00-05:00,6.202778636462115,6.234792947280342,5.914649457457386,6.066717624664307,228000,0.0,0.0
2003-11-06 00:00:00-05:00,6.066717857893662,6.274811267852783,5.978678308938594,6.274811267852783,261600,0.0,0.0
2003-11-07 00:00:00-05:00,6.402867788707512,6.498910713944366,6.346842558165684,6.362849712371826,378600,0.0,0.0
2003-11-10 00:00:00-05:00,6.442886753734759,6.442886753734759,6.2107827949103935,6.226789951324463,278600,0.0,0.0
2003-11-11 00:00:00-05:00,6.306824824357828,6.306824824357828,6.13874951541535,6.218785285949707,145900,0.0,0.0
2003-11-12 00:00:00-05:00,6.162760240817261,6.3868607866836475,6.162760240817261,6.354846477508545,179100,0.0,0.0
2003-11-13 00:00:00-05:00,6.2748092253496734,6.442884499717295,6.24279492372161,6.43488073348999,169900,0.0,0.0
2003-11-14 00:00:00-05:00,6.434884713804845,6.6429781847445994,6.3868632316589355,6.3868632316589355,449900,0.0,0.0
2003-11-17 00:00:00-05:00,6.242796541135256,6.362850012524232,6.154756998028086,6.306825160980225,402500,0.0,0.0
2003-11-18 00:00:00-05:00,6.3628503737533775,6.490907620713328,6.154757347443459,6.1627607345581055,267300,0.0,0.0
2003-11-19 00:00:00-05:00,6.114739302891403,6.226789776280707,6.0186963671068865,6.090728759765625,249300,0.0,0.0
2003-11-20 00:00:00-05:00,6.098795069921061,6.276273450091962,5.937451437650753,6.122996807098389,219300,0.06,0.0
2003-11-21 00:00:00-05:00,6.122997080212074,6.163332797742028,6.010056147911614,6.155265808105469,254100,0.0,0.0
2003-11-24 00:00:00-05:00,6.219803895141295,6.445685013319773,6.219803895141295,6.429550647735596,271100,0.0,0.0
2003-11-25 00:00:00-05:00,6.373079349696661,6.574758688844696,6.332743251062927,6.518288612365723,364900,0.0,0.0
2003-11-26 00:00:00-05:00,6.59896213644066,6.695768331017517,6.469887210338184,6.655432224273682,190100,0.0,0.0
2003-11-28 00:00:00-05:00,6.566694799838888,6.671568391911633,6.494089946146417,6.615097522735596,114400,0.0,0.0
2003-12-01 00:00:00-05:00,7.0023230991635455,7.599295139312744,6.695769702218642,7.599295139312744,612600,0.0,0.0
2003-12-02 00:00:00-05:00,7.542822808853285,7.599292891547537,7.446015853738601,7.502486705780029,525400,0.0,0.0
2003-12-03 00:00:00-05:00,7.502483867404115,7.550886557302342,7.14752721786499,7.14752721786499,655500,0.0,0.0
2003-12-04 00:00:00-05:00,7.147530349376172,7.300807396351115,7.123328993823842,7.1797990798950195,431600,0.0,0.0
2003-12-05 00:00:00-05:00,7.099127263941981,7.187866075852902,6.970052348672574,7.058791160583496,219300,0.0,0.0
2003-12-08 00:00:00-05:00,7.099127021141249,7.534755229949951,7.058790919162319,7.534755229949951,865600,0.0,0.0
2003-12-09 00:00:00-05:00,7.567025167810294,7.5831591495737785,7.244337069720536,7.260471820831299,432400,0.0,0.0
2003-12-10 00:00:00-05:00,7.139464264889688,7.2846731781501655,7.131396889334306,7.260471820831299,595800,0.0,0.0
2003-12-11 00:00:00-05:00,7.59122378743398,8.656092357597768,7.59122378743398,8.639958381652832,1534600,0.0,0.0
2003-12-12 00:00:00-05:00,8.672229317872977,8.914245173636546,8.107526167322781,8.712565422058105,932500,0.0,0.0
2003-12-15 00:00:00-05:00,8.83357533066425,9.148196104338735,8.551224064456544,8.591559410095215,682400,0.0,0.0
2003-12-16 00:00:00-05:00,8.591555887842237,8.591555887842237,8.29306999027046,8.422144889831543,561300,0.0,0.0
2003-12-17 00:00:00-05:00,8.422144671082584,8.72869793425157,8.34954061897554,8.67222785949707,711200,0.0,0.0
2003-12-18 00:00:00-05:00,8.672228634624846,9.398275375366211,8.672228634624846,9.398275375366211,744800,0.0,0.0
2003-12-19 00:00:00-05:00,9.54348390954892,10.164657791747121,9.228863281888488,10.132389068603516,1391700,0.0,0.0
2003-12-22 00:00:00-05:00,10.051719515605651,10.753565005290692,9.882308482278416,10.697094917297363,1193800,0.0,0.0
2003-12-23 00:00:00-05:00,10.69709422481209,10.753564309149782,10.116256323955847,10.44701099395752,869400,0.0,0.0
2003-12-24 00:00:00-05:00,10.366336986726756,10.632554131721097,10.164657284800919,10.49541187286377,240400,0.0,0.0
2003-12-26 00:00:00-05:00,10.495411011787567,10.721292043995357,10.495411011787567,10.543813705444336,156100,0.0,0.0
2003-12-29 00:00:00-05:00,10.624489644748179,11.213394165039062,10.624489644748179,11.213394165039062,657500,0.0,0.0
2003-12-30 00:00:00-05:00,11.29406497634646,11.29406497634646,10.600286976192999,10.826168060302734,790400,0.0,0.0
2003-12-31 00:00:00-05:00,10.769700928312544,10.890708492714888,10.624491235551865,10.664827346801758,709000,0.0,0.0
2004-01-02 00:00:00-05:00,10.648691640766112,11.076252535285004,10.648691640766112,10.93104362487793,685200,0.0,0.0
2004-01-05 00:00:00-05:00,11.092386339783575,11.245662612511454,10.85037048395522,11.197259902954102,623700,0.0,0.0
2004-01-06 00:00:00-05:00,11.011715563847881,11.1811266080308,10.761633070126184,10.914909362792969,636900,0.0,0.0
2004-01-07 00:00:00-05:00,10.890706164066629,10.890706164066629,10.180793373642848,10.301801681518555,888900,0.0,0.0
2004-01-08 00:00:00-05:00,10.301802627877336,10.624489939828047,10.301802627877336,10.51154899597168,726300,0.0,0.0
2004-01-09 00:00:00-05:00,10.326001378298681,10.48734499356098,10.075918197631836,10.075918197631836,682300,0.0,0.0
2004-01-12 00:00:00-05:00,9.995246731741906,10.116254250332108,9.745163552149235,10.051716804504395,750000,0.0,0.0
2004-01-13 00:00:00-05:00,10.059786311459304,10.406674964028793,9.58382197050771,9.777434349060059,801300,0.0,0.0
2004-01-14 00:00:00-05:00,9.656423532706842,9.720960970355677,9.398273012764564,9.599952697753906,754800,0.0,0.0
2004-01-15 00:00:00-05:00,9.664491131967186,9.680625877716617,9.285333839019808,9.438610076904297,605500,0.0,0.0
2004-01-16 00:00:00-05:00,9.438609158917949,9.656423589268806,9.341803001877661,9.49507999420166,571300,0.0,0.0
2004-01-20 00:00:00-05:00,9.236935946970268,10.051722634831846,9.236935946970268,9.809706687927246,680600,0.0,0.0
2004-01-21 00:00:00-05:00,9.640291081829908,9.640291081829908,8.890042998358306,9.08365535736084,1744600,0.0,0.0
2004-01-22 00:00:00-05:00,9.083657675276067,9.083657675276067,8.08332612915703,8.115594863891602,1659600,0.0,0.0
2004-01-23 00:00:00-05:00,8.131729552710022,8.414081583166263,7.792907423901489,8.067192077636719,1074100,0.0,0.0
2004-01-26 00:00:00-05:00,8.067188948890635,8.276936046205092,7.776770423695524,8.01878547668457,766300,0.0,0.0
2004-01-27 00:00:00-05:00,7.978451887359534,8.155929529009567,7.744503387596072,8.131728172302246,747000,0.0,0.0
2004-01-28 00:00:00-05:00,7.905845844728339,8.067189480468276,7.542822471976695,7.631561279296875,949100,0.0,0.0
2004-01-29 00:00:00-05:00,7.308871777176888,7.550886772251159,7.228199599254194,7.510551452636719,742200,0.0,0.0
2004-01-30 00:00:00-05:00,7.510551121469124,7.671894700853381,7.357274144043926,7.583155155181885,618800,0.0,0.0
2004-02-02 00:00:00-05:00,7.542822232764408,7.631561037270335,7.260470302163642,7.3814778327941895,551800,0.0,0.0
2004-02-03 00:00:00-05:00,7.3169395817828775,7.421813122576033,7.276604255540692,7.341141700744629,411400,0.0,0.0
2004-02-04 00:00:00-05:00,7.28467172828365,7.28467172828365,6.970051837715275,7.0345892906188965,584600,0.0,0.0
2004-02-05 00:00:00-05:00,7.042655218428261,7.284671028232889,7.034588614600846,7.06685733795166,446600,0.0,0.0
2004-02-06 00:00:00-05:00,7.502484771604605,7.7202984410913285,7.3169390530410485,7.663828372955322,613400,0.0,0.0
2004-02-09 00:00:00-05:00,8.059124542577715,8.059124542577715,7.583160096252861,7.817108631134033,680100,0.0,0.0
2004-02-10 00:00:00-05:00,7.78483900423524,8.204333305358887,7.696100180234755,8.204333305358887,747600,0.0,0.0
2004-02-11 00:00:00-05:00,8.188196186972375,8.938444978984265,8.188196186972375,8.833571434020996,1085100,0.0,0.0
2004-02-12 00:00:00-05:00,8.873907255618716,9.107855688856601,8.59155535338294,8.59962272644043,650100,0.0,0.0
2004-02-13 00:00:00-05:00,8.599625011492291,8.712565956266145,8.333407784633506,8.510886192321777,484100,0.0,0.0
2004-02-17 00:00:00-05:00,8.873909864673692,10.689027791538765,8.801305024503526,10.156593322753906,1782800,0.0,0.0
2004-02-18 00:00:00-05:00,10.164659911528352,10.229197371274477,9.954912782679843,10.100122451782227,762400,0.0,0.0
2004-02-19 00:00:00-05:00,10.043650768649789,10.26953185912057,9.96297933529808,10.172725677490234,675300,0.0,0.0
2004-02-20 00:00:00-05:00,10.172727810536148,10.180795186367053,9.696764176722406,9.874241828918457,596600,0.0,0.0
2004-02-23 00:00:00-05:00,10.2049933556603,10.2049933556603,9.591887601693449,9.664491653442383,628700,0.0,0.0
2004-02-24 00:00:00-05:00,9.68062881306231,10.140458435491649,9.59995659854789,9.704830169677734,569200,0.0,0.0
2004-02-25 00:00:00-05:00,9.696762909336849,9.882307913112715,9.640292055248677,9.777434349060059,286800,0.0,0.0
2004-02-26 00:00:00-05:00,9.801636366409788,10.011383508689232,9.704830170591718,9.971047401428223,282600,0.0,0.0
2004-02-27 00:00:00-05:00,9.96298055879554,10.358272707999795,9.874240971059768,10.245331764221191,498000,0.0,0.0
2004-03-01 00:00:00-05:00,10.245333020758613,10.745498799954209,10.245333020758613,10.664827346801758,572600,0.0,0.0
2004-03-02 00:00:00-05:00,10.705162625824785,10.890707646063625,10.438944620010407,10.527684211730957,441900,0.0,0.0
2004-03-03 00:00:00-05:00,10.527682571249857,10.527682571249857,10.075919615592817,10.334070205688477,443100,0.0,0.0
2004-03-04 00:00:00-05:00,10.285666867229935,10.479279235381533,10.10818847841739,10.46314525604248,514600,0.0,0.0
2004-03-05 00:00:00-05:00,10.301804788326455,10.656760905912071,10.285670034671591,10.293737411499023,458200,0.0,0.0
2004-03-08 00:00:00-05:00,10.487346367344404,10.648690003741812,9.761299618882495,9.987180709838867,499300,0.0,0.0
2004-03-09 00:00:00-05:00,9.987179868802427,10.11625476705075,9.487014253416639,9.632223129272461,706500,0.0,0.0
2004-03-10 00:00:00-05:00,9.761300947442695,10.011383425559325,9.091724188250463,9.123992919921875,557800,0.0,0.0
2004-03-11 00:00:00-05:00,9.156260036720079,9.495082044186097,8.873908107382693,8.954580307006836,580400,0.0,0.0
2004-03-12 00:00:00-05:00,9.099791853654374,9.253068923950195,8.760969746981578,9.253068923950195,467400,0.0,0.0
2004-03-15 00:00:00-05:00,9.035252814719584,9.04332018951344,8.236601174460848,8.309206008911133,919600,0.0,0.0
2004-03-16 00:00:00-05:00,8.228532395698638,8.6722279321428,7.591224513319701,8.107524871826172,1388800,0.0,0.0
2004-03-17 00:00:00-05:00,8.470550511622625,9.454748024580779,8.470550511622625,9.26920223236084,1036700,0.0,0.0
2004-03-18 00:00:00-05:00,9.098899419554654,9.366514040125177,8.928599136156537,9.334075927734375,682800,0.06,0.0
2004-03-19 00:00:00-05:00,9.334076420024223,9.780101068960816,9.139447735414468,9.431390762329102,561800,0.0,0.0
2004-03-22 00:00:00-05:00,9.350297839223252,9.3584075634792,8.571782098527153,8.790740013122559,636700,0.0,0.0
2004-03-23 00:00:00-05:00,8.936711942871797,9.220545330934312,8.798849724269537,8.92860221862793,527300,0.0,0.0
2004-03-24 00:00:00-05:00,8.920490367296813,8.952928483151554,8.442027578400092,8.482575416564941,501400,0.0,0.0
2004-03-25 00:00:00-05:00,8.482573505472663,8.93670779850998,8.352821071286433,8.920488357543945,370700,0.0,0.0
2004-03-26 00:00:00-05:00,8.920487620340383,9.196211906892577,8.855611408608743,9.034021377563477,348800,0.0,0.0
2004-03-29 00:00:00-05:00,9.220544945795725,9.585474014282227,9.220544945795725,9.585474014282227,598400,0.0,0.0
2004-03-30 00:00:00-05:00,9.569253020000959,9.893634163708523,9.366514611837319,9.844977378845215,512300,0.0,0.0
2004-03-31 00:00:00-05:00,9.84497721447615,10.153139682546165,9.771991265014089,9.812539100646973,544000,0.0,0.0
2004-04-01 00:00:00-05:00,9.89363304666728,10.007166820839213,9.780100045880907,9.869304656982422,326300,0.0,0.0
2004-04-02 00:00:00-05:00,10.153139608199659,10.380206403341209,9.934181761416797,10.25045394897461,513900,0.0,0.0
2004-04-05 00:00:00-04:00,10.250454281541044,10.469411362042132,10.136920493593955,10.428863525390625,502500,0.0,0.0
2004-04-06 00:00:00-04:00,10.177469253540039,10.234235765970583,9.82875890944218,10.177469253540039,457000,0.0,0.0
2004-04-07 00:00:00-04:00,10.096371801924292,10.161248025718354,9.658456904621582,10.015276908874512,370800,0.0,0.0
2004-04-08 00:00:00-04:00,10.023389217578469,10.096375187164845,9.699007989845516,9.78010368347168,457900,0.0,0.0
2004-04-12 00:00:00-04:00,9.942290698791865,10.5018483074495,9.844976365694258,10.258562088012695,405400,0.0,0.0
2004-04-13 00:00:00-04:00,10.21801701463256,10.21801701463256,9.228653275827455,9.293529510498047,664600,0.0,0.0
2004-04-14 00:00:00-04:00,9.358403620997032,9.544923333378007,8.92048874967565,9.179993629455566,514600,0.0,0.0
2004-04-15 00:00:00-04:00,9.179996504223437,9.301640034752793,8.782629339276276,9.066463470458984,412700,0.0,0.0
2004-04-16 00:00:00-04:00,8.977256817266419,9.463829325252119,8.920490308242837,9.309747695922852,452000,0.0,0.0
2004-04-19 00:00:00-04:00,9.285420264988963,9.48004897900257,9.115119946880617,9.390844345092773,410900,0.0,0.0
2004-04-20 00:00:00-04:00,9.407064283632462,9.642240852053984,8.806957890603579,8.823177337646484,399000,0.0,0.0
2004-04-21 00:00:00-04:00,8.936710000010764,9.04213329871829,8.21496094031975,8.652875900268555,883600,0.0,0.0
2004-04-22 00:00:00-04:00,8.563672777197192,9.715226503220908,8.563672777197192,9.585474014282227,688400,0.0,0.0
2004-04-23 00:00:00-04:00,9.528705890043623,9.561144006818981,8.993476576557354,9.204324722290039,351200,0.0,0.0
2004-04-26 00:00:00-04:00,9.163776739586808,9.447610063583566,9.03402427451564,9.366515159606934,483700,0.0,0.0
2004-04-27 00:00:00-04:00,9.366515159606934,9.536815463359266,9.196214855854599,9.366515159606934,683400,0.0,0.0
2004-04-28 00:00:00-04:00,9.36651478387676,9.36651478387676,8.936709567223378,8.969147682189941,639000,0.0,0.0
2004-04-29 00:00:00-04:00,8.969149096164271,9.228654056807388,8.320385921170693,8.571781158447266,541700,0.0,0.0
2004-04-30 00:00:00-04:00,8.677204090349223,8.766409488769604,8.271727256469486,8.287946701049805,542400,0.0,0.0
2004-05-03 00:00:00-04:00,8.450141035436902,8.750193933054708,8.304169062882174,8.677207946777344,619900,0.0,0.0
2004-05-04 00:00:00-04:00,8.59610822532913,9.090789628867359,8.515012558277014,9.058351516723633,945800,0.0,0.0
2004-05-05 00:00:00-04:00,9.163776538162109,9.244871440356233,8.87994244701848,9.001585960388184,664400,0.0,0.0
2004-05-06 00:00:00-04:00,8.871833649676741,8.879943372757301,8.312275904676087,8.531233787536621,459600,0.0,0.0
2004-05-07 00:00:00-04:00,8.377153304370692,8.725863711339539,7.768937909919464,7.777047634124756,801400,0.0,0.0
2004-05-10 00:00:00-04:00,7.777047774620641,8.036552766791095,7.436447085703979,7.866252422332764,803400,0.0,0.0
2004-05-11 00:00:00-04:00,7.947351178007508,8.287951998021128,7.898693586554343,8.190637588500977,594200,0.0,0.0
2004-05-12 00:00:00-04:00,8.133864888176122,8.190632169545044,7.866250245704108,8.117646217346191,564500,0.0,0.0
2004-05-13 00:00:00-04:00,8.11764780199901,8.279838408888008,7.874361504972603,8.109538078308105,533400,0.0,0.0
2004-05-14 00:00:00-04:00,8.125757211527064,8.271728365390631,7.947347164154053,7.947347164154053,488100,0.0,0.0
2004-05-17 00:00:00-04:00,7.955458516208945,7.955458516208945,7.671624326979775,7.785158157348633,421700,0.0,0.0
2004-05-18 00:00:00-04:00,7.9878965241612585,8.425811615661935,7.86625297056411,8.393373489379883,354100,0.0,0.0
2004-05-19 00:00:00-04:00,8.369041273181274,8.871832434523455,8.182522308190023,8.22307014465332,754200,0.0,0.0
2004-05-20 00:00:00-04:00,8.304169271232587,8.57989377147117,8.239293009221868,8.51501750946045,737200,0.0,0.0
2004-05-21 00:00:00-04:00,8.563674877800137,8.879946453820674,8.515017295819884,8.677207946777344,541600,0.0,0.0
2004-05-24 00:00:00-04:00,8.733974557290141,9.08268423565954,8.733974557290141,8.961041450500488,419100,0.0,0.0
2004-05-25 00:00:00-04:00,8.969147598553683,9.48815743317899,8.920490039864731,9.463829040527344,733000,0.0,0.0
2004-05-26 00:00:00-04:00,9.407060792704847,9.48815567766794,9.17999325868295,9.439498901367188,400600,0.0,0.0
2004-05-27 00:00:00-04:00,9.439501447628405,9.828758856576847,9.439501447628405,9.68278694152832,642500,0.0,0.0
2004-05-28 00:00:00-04:00,9.658459669238688,9.788212153966887,9.163778127865973,9.739555358886719,654500,0.0,0.0
2004-06-01 00:00:00-04:00,9.690898097577408,9.96662252305693,9.642241300955044,9.723336219787598,1019700,0.0,0.0
2004-06-02 00:00:00-04:00,9.804428996287998,10.24234390258789,9.593580877932519,10.24234390258789,939900,0.0,0.0
2004-06-03 00:00:00-04:00,10.242347408588405,10.380209627520475,9.982842419250803,10.096375465393066,1219300,0.0,0.0
2004-06-04 00:00:00-04:00,10.299113105610138,10.477523158163143,10.07204625815183,10.4613037109375,702900,0.0,0.0
2004-06-07 00:00:00-04:00,10.526177401791188,11.312802613703244,10.461301175384587,11.239816665649414,916300,0.0,0.0
2004-06-08 00:00:00-04:00,11.247926254495605,11.377678705776855,11.028969186304899,11.345240592956543,775200,0.0,0.0
2004-06-09 00:00:00-04:00,11.34524200183222,11.353351724390784,10.988422716498222,11.053298950195312,1171400,0.0,0.0
2004-06-10 00:00:00-04:00,11.028969316520774,11.272254778852714,10.972202038375782,11.239816665649414,565900,0.0,0.0
2004-06-14 00:00:00-04:00,11.191160645708573,11.19927036790884,10.882998162569542,10.955984115600586,717200,0.0,0.0
2004-06-15 00:00:00-04:00,11.118173043245845,12.172412797923215,11.118173043245845,11.953454971313477,1018400,0.0,0.0
2004-06-16 00:00:00-04:00,12.115647476383753,12.115647476383753,11.629075738942335,11.97778606414795,432900,0.0,0.0
2004-06-17 00:00:00-04:00,11.863791494612132,11.969645597859,11.529944356355294,11.782365798950195,575200,0.06,0.0
2004-06-18 00:00:00-04:00,11.782364276213492,12.384917607708289,11.72536544242216,12.29534912109375,975800,0.0,0.0
2004-06-21 00:00:00-04:00,12.417486964299135,12.498913418943415,11.863788936414565,12.026641845703125,541600,0.0,0.0
2004-06-22 00:00:00-04:00,12.165064241959321,12.303488733749084,11.896358058259226,12.222063064575195,553800,0.0,0.0
2004-06-23 00:00:00-04:00,12.580339739667881,12.857188767751982,12.352346742174024,12.824618339538574,568900,0.0,0.0
2004-06-24 00:00:00-04:00,12.718762693688062,13.003754488004864,12.718762693688062,12.735048294067383,543000,0.0,0.0
2004-06-25 00:00:00-04:00,12.645482543562094,12.979329678298717,12.474487574972558,12.718766212463379,1010700,0.0,0.0
2004-06-28 00:00:00-04:00,13.060750628757203,14.656701864028575,12.963038599641807,14.200716018676758,2787900,0.0,0.0
2004-06-29 00:00:00-04:00,14.493851407505556,14.982408528079059,14.45313896124121,14.819557189941406,1834200,0.0,0.0
2004-06-30 00:00:00-04:00,14.85212831969128,14.90098357070396,14.412427954416298,14.697418212890625,1164700,0.0,0.0
2004-07-01 00:00:00-04:00,14.705563673163633,14.90098626563815,14.453143018685802,14.493855476379395,1088500,0.0,0.0
2004-07-02 00:00:00-04:00,14.5997096084711,14.5997096084711,14.135580780824148,14.241434097290039,1114800,0.0,0.0
2004-07-06 00:00:00-04:00,14.2414360455875,14.795134215048469,14.168152372977618,14.217007637023926,803200,0.0,0.0
2004-07-07 00:00:00-04:00,14.257720237714262,14.656708219543257,14.249577435667055,14.436857223510742,1059800,0.0,0.0
2004-07-08 00:00:00-04:00,14.477567531091843,14.615992024330753,14.298429038029555,14.371712684631348,947800,0.0,0.0
2004-07-09 00:00:00-04:00,14.469428622995522,14.607853153466728,14.208865166362834,14.493855476379395,523200,0.0,0.0
2004-07-12 00:00:00-04:00,14.412424120860106,14.420565366296374,13.549306115094145,14.200716018676758,915500,0.0,0.0
2004-07-13 00:00:00-04:00,14.208868026929718,14.892848014831543,14.208868026929718,14.892848014831543,1023400,0.0,0.0
2004-07-14 00:00:00-04:00,14.534569549110586,15.22669220441694,14.371716611480602,14.762561798095703,1249900,0.0,0.0
2004-07-15 00:00:00-04:00,14.72184661493718,14.868413921055648,14.42871200270024,14.697418212890625,869500,0.0,0.0
2004-07-16 00:00:00-04:00,14.697422913429582,14.89284708614184,14.453145027160645,14.453145027160645,662900,0.0,0.0
2004-07-19 00:00:00-04:00,14.493854810244168,15.031267303119876,14.40428709681864,14.966126441955566,1430400,0.0,0.0
2004-07-20 00:00:00-04:00,14.966125503446209,15.674533683130125,14.493853901350445,15.593107223510742,2068800,0.0,0.0
2004-07-21 00:00:00-04:00,15.552395564945583,15.552395564945583,14.404286929579229,14.599709510803223,1686000,0.0,0.0
2004-07-22 00:00:00-04:00,14.656705324319958,14.94983992779208,14.575278873013216,14.607850074768066,1557600,0.0,0.0
2004-07-23 00:00:00-04:00,14.298434009573674,14.900987438744002,14.249578745879008,14.843989372253418,6440700,0.0,0.0
2004-07-26 00:00:00-04:00,14.778847339476664,14.860273807944559,14.192579562053114,14.493855476379395,2420000,0.0,0.0
2004-07-27 00:00:00-04:00,14.656704615887563,15.267400641549544,14.534565721371226,14.974266052246094,1603500,0.0,0.0
2004-07-28 00:00:00-04:00,15.088261829155533,15.430251623249575,14.852125316363882,15.308111190795898,1285600,0.0,0.0
2004-07-29 00:00:00-04:00,15.462822830958954,16.032806396484375,15.251114693851806,16.032806396484375,1691000,0.0,0.0
2004-07-30 00:00:00-04:00,15.90252446375325,16.496934866763628,15.90252446375325,16.325939178466797,1974600,0.0,0.0
2004-08-02 00:00:00-04:00,16.081658828367086,16.439934194089307,15.755954656383244,15.983946800231934,1982600,0.0,0.0
2004-08-03 00:00:00-04:00,16.171231413927675,16.171231413927675,15.267400790164247,15.413968086242676,1391000,0.0,0.0
2004-08-04 00:00:00-04:00,15.210408394651797,15.536112755259577,14.941702103015267,15.267406463623047,1048000,0.0,0.0
2004-08-05 00:00:00-04:00,15.259258790162551,15.470966945256766,14.640419925982632,14.664848327636719,1226100,0.0,0.0
2004-08-06 00:00:00-04:00,14.672988338655298,14.681131137658603,13.459739242604547,13.5330228805542,1447000,0.0,0.0
2004-08-09 00:00:00-04:00,13.57374091328179,14.290290436826053,13.5330284545766,13.883159637451172,1320600,0.0,0.0
2004-08-10 00:00:00-04:00,14.127437884575082,14.607852312489301,14.005298965445164,14.599709510803223,865700,0.0,0.0
2004-08-11 00:00:00-04:00,14.330999495472039,14.542707624345217,13.834299594920338,14.428709983825684,982000,0.0,0.0
2004-08-12 00:00:00-04:00,14.217003519244198,14.493852523788782,13.638878661747231,13.728447914123535,885700,0.0,0.0
2004-08-13 00:00:00-04:00,13.801727949019707,14.135574916477909,13.72030151847576,13.785442352294922,958200,0.0,0.0
2004-08-16 00:00:00-04:00,13.801730671076763,14.265859397711436,13.7935878711084,14.208861351013184,612100,0.0,0.0
2004-08-17 00:00:00-04:00,14.265858889827786,14.534565066896313,14.135577201132758,14.298428535461426,548000,0.0,0.0
2004-08-18 00:00:00-04:00,14.298430389417263,14.672991457791795,14.160005883095437,14.656705856323242,555100,0.0,0.0
2004-08-19 00:00:00-04:00,14.65670583793732,15.169689858909734,14.615993387397445,14.99055290222168,687400,0.0,0.0
2004-08-20 00:00:00-04:00,14.990555483748919,15.20226367979154,14.868416558015287,15.120837211608887,749500,0.0,0.0
2004-08-23 00:00:00-04:00,15.12083571049965,15.283688630697863,14.575280446840347,14.615994453430176,564100,0.0,0.0
2004-08-24 00:00:00-04:00,14.900983666029788,15.185975479407716,14.615993405732297,14.656705856323242,569900,0.0,0.0
2004-08-25 00:00:00-04:00,14.664850812282593,14.94984266754445,14.347289302377455,14.835844993591309,489200,0.0,0.0
2004-08-26 00:00:00-04:00,14.762554713655842,14.819554301629159,14.615989003821506,14.624130249023438,311300,0.0,0.0
2004-08-27 00:00:00-04:00,14.713708274049374,15.324404532594295,14.689281417679352,15.267406463623047,612000,0.0,0.0
2004-08-30 00:00:00-04:00,15.063842484994595,15.365120018050147,14.852134242078998,15.04755687713623,695000,0.0,0.0
2004-08-31 00:00:00-04:00,15.039408458888353,15.41396953439917,14.84398589678376,15.31625747680664,1028800,0.0,0.0
2004-09-01 00:00:00-04:00,15.324399406559783,15.690817660351641,14.746274553999715,15.104548454284668,899000,0.0,0.0
2004-09-02 00:00:00-04:00,15.218545388883765,15.511678425001445,15.112690541415468,15.50353717803955,590700,0.0,0.0
2004-09-03 00:00:00-04:00,15.470973943112083,15.67453938973198,15.381404649613376,15.617541313171387,728900,0.0,0.0
2004-09-07 00:00:00-04:00,15.625678651180868,15.959525742603548,15.56053779317353,15.796672821044922,989300,0.0,0.0
2004-09-08 00:00:00-04:00,15.796668236011707,16.20379886865675,15.755955793979247,15.878094673156738,870500,0.0,0.0
2004-09-09 00:00:00-04:00,16.122371921436567,16.692355410338692,16.057231084397472,16.53764533996582,1242200,0.0,0.0
2004-09-10 00:00:00-04:00,16.52950509433786,16.52950509433786,16.04909076456502,16.187515258789062,762400,0.0,0.0
2004-09-13 00:00:00-04:00,16.18751846866609,16.48065311528608,15.796673308559846,15.869956970214844,966100,0.0,0.0
2004-09-14 00:00:00-04:00,15.902530566854606,15.91067336971573,15.503542545144672,15.650108337402344,595300,0.0,0.0
2004-09-15 00:00:00-04:00,15.446544814326291,16.040957071241827,15.446544814326291,15.918816566467285,704800,0.0,0.0
2004-09-16 00:00:00-04:00,16.008658562489703,16.270024162226377,15.902477813933022,15.967819213867188,572100,0.06,0.0
2004-09-17 00:00:00-04:00,16.212842867124238,16.212842867124238,15.837128829048856,16.04132080078125,1062400,0.0,0.0
2004-09-20 00:00:00-04:00,15.894306754722475,16.180175906267735,15.657444811690034,15.706450462341309,612200,0.0,0.0
2004-09-21 00:00:00-04:00,15.76362723281815,16.19651498347538,15.624776562445971,16.16384506225586,658100,0.0,0.0
2004-09-22 00:00:00-04:00,16.000491338698087,16.1475098839505,15.845304923391431,16.05766487121582,677100,0.0,0.0
2004-09-23 00:00:00-04:00,16.016825265665236,16.057663053451567,15.681950420659739,15.730956077575684,477600,0.0,0.0
2004-09-24 00:00:00-04:00,15.641109257010017,15.96781619491201,15.575767869429619,15.583935737609863,507300,0.0,0.0
2004-09-27 00:00:00-04:00,15.592105699190707,15.632943487713263,14.326115560650202,14.407791137695312,1793500,0.0,0.0
2004-09-28 00:00:00-04:00,14.497639656066895,14.832514588282285,14.277111805721496,14.497639656066895,1651900,0.0,0.0
2004-09-29 00:00:00-04:00,14.497636141879063,14.497636141879063,13.999407021022664,14.407791137695312,1221300,0.0,0.0
2004-09-30 00:00:00-04:00,14.42412032532563,15.0040263177162,14.38328255535014,14.906013488769531,643500,0.0,0.0
2004-10-01 00:00:00-04:00,14.89784650945246,14.89784650945246,14.09741433057226,14.25260066986084,1180300,0.0,0.0
2004-10-04 00:00:00-04:00,14.399621980257296,14.759000406981253,14.375119932480374,14.571144104003906,1050000,0.0,0.0
2004-10-05 00:00:00-04:00,14.52213778752151,14.652820562570348,14.30977788860176,14.481298446655273,519000,0.0,0.0
2004-10-06 00:00:00-04:00,14.78350668888346,14.881518013457434,14.46496598936325,14.873350143432617,552300,0.0,0.0
2004-10-07 00:00:00-04:00,14.906022630256238,15.093878979928746,14.489470578028921,14.5139741897583,767800,0.0,0.0
2004-10-08 00:00:00-04:00,14.48130095166193,14.709996626488449,14.350618154007302,14.644655227661133,1183500,0.0,0.0
2004-10-11 00:00:00-04:00,14.660990774381764,14.783505700842023,13.803383173436325,13.88506031036377,2046200,0.0,0.0
2004-10-12 00:00:00-04:00,13.844219316328969,13.909560699174083,13.533846579418588,13.8768892288208,863700,0.0,0.0
2004-10-13 00:00:00-04:00,13.876894547850744,13.876894547850744,12.59456844433487,12.651741981506348,2061600,0.0,0.0
2004-10-14 00:00:00-04:00,12.708912537762732,12.929439529419167,12.521055461455376,12.627235412597656,1208600,0.0,0.0
2004-10-15 00:00:00-04:00,12.676244987200429,13.198976225316084,12.65990924654382,13.11729907989502,1282300,0.0,0.0
2004-10-18 00:00:00-04:00,13.084625394744586,13.15813464870417,12.757917685916519,12.79058837890625,778100,0.0,0.0
2004-10-19 00:00:00-04:00,12.904934921132314,12.94577347807461,11.61444150691215,11.93298053741455,1755900,0.0,0.0
2004-10-20 00:00:00-04:00,12.129011308584987,13.32966032119627,12.047334155281838,13.296990394592285,1715800,0.0,0.0
2004-10-21 00:00:00-04:00,13.778879143845124,13.999405356655393,12.831427451503673,13.607357025146484,1510000,0.0,0.0
2004-10-22 00:00:00-04:00,13.729872479772183,14.105586647465701,13.493010520935059,13.493010520935059,885100,0.0,0.0
2004-10-25 00:00:00-04:00,13.713541524101046,14.277110571330558,13.68903791244941,14.138259887695312,1103400,0.0,0.0
2004-10-26 00:00:00-04:00,14.285276313301777,14.448630584248038,13.852388585797438,14.432294845581055,610800,0.0,0.0
2004-10-27 00:00:00-04:00,14.375117442345969,14.49763233359279,14.015739077875445,14.334278106689453,737300,0.0,0.0
2004-10-28 00:00:00-04:00,14.211762957616477,14.2199308245996,13.272480064615925,13.452168464660645,1449200,0.0,0.0
2004-10-29 00:00:00-04:00,13.509348355094977,14.032079565689548,13.313322593260121,13.729874610900879,715500,0.0,0.0
2004-11-01 00:00:00-05:00,13.787043221662048,13.844218290543914,13.329653575636456,13.452168464660645,848200,0.0,0.0
2004-11-02 00:00:00-05:00,13.599191063708332,13.778881075908762,13.345993342171678,13.4276704788208,690500,0.0,0.0
2004-11-03 00:00:00-05:00,13.925895897566214,14.219932920859387,13.81971672685566,13.974903106689453,690900,0.0,0.0
2004-11-04 00:00:00-05:00,14.072916626868414,14.603815679805102,14.023910967884271,14.587481498718262,715600,0.0,0.0
2004-11-05 00:00:00-05:00,14.603814508731842,14.824342293269181,14.187264103976894,14.358784675598145,438300,0.0,0.0
2004-11-08 00:00:00-05:00,14.358787718973998,14.620153345143398,14.138259887695312,14.138259887695312,722500,0.0,0.0
2004-11-09 00:00:00-05:00,14.293436444994551,14.979521518983166,14.211759353736682,14.922348022460938,860300,0.0,0.0
2004-11-10 00:00:00-05:00,15.86980659380433,16.01682512108683,15.461422488180386,15.951483726501465,1411900,0.0,0.0
2004-11-11 00:00:00-05:00,15.918812119856568,16.359867698090532,15.59210514960644,16.351699829101562,915700,0.0,0.0
2004-11-12 00:00:00-05:00,16.3516982218754,17.364490509033203,16.34353035368926,17.364490509033203,1514400,0.0,0.0
2004-11-15 00:00:00-05:00,17.364491325566384,17.478838369826164,16.93160363851464,16.98877716064453,926700,0.0,0.0
2004-11-16 00:00:00-05:00,16.9806167312636,17.078628072329696,16.825430290403073,16.939777374267578,716600,0.0,0.0
2004-11-17 00:00:00-05:00,17.045950782724827,17.65035898447223,17.045950782724827,17.27464485168457,1128500,0.0,0.0
2004-11-18 00:00:00-05:00,17.31548730724271,17.37266083477194,16.776420393593128,16.898935317993164,878700,0.0,0.0
2004-11-19 00:00:00-05:00,16.98061301226691,17.09496007108778,16.719245858322044,16.792755126953125,822100,0.0,0.0
2004-11-22 00:00:00-05:00,16.65389926324366,17.09495473741976,16.572223708347064,17.0786190032959,1074900,0.0,0.0
2004-11-23 00:00:00-05:00,17.15213339809724,17.15213339809724,16.335365141044992,16.555892944335938,859700,0.0,0.0
2004-11-24 00:00:00-05:00,16.580394596367885,16.996946584392653,16.57222828491211,16.972444534301758,405200,0.0,0.0
2004-11-26 00:00:00-05:00,17.119458586689078,19.17771456758184,17.111292276627026,18.728492736816406,1642500,0.0,0.0
2004-11-29 00:00:00-05:00,18.924516539165307,18.949020142477337,18.00973560104881,18.222095489501953,1276500,0.0,0.0
2004-11-30 00:00:00-05:00,18.230264324272866,18.3364450530624,17.830048129449676,17.96889877319336,888600,0.0,0.0
2004-12-01 00:00:00-05:00,17.97706686622053,17.97706686622053,17.46250206796867,17.77287483215332,969100,0.0,0.0
2004-12-02 00:00:00-05:00,17.723872388958707,17.73203870088165,16.40070708319448,16.621234893798828,1340700,0.0,0.0
2004-12-03 00:00:00-05:00,16.988771067304647,17.67485620250936,16.73557346388848,17.601346969604492,1391200,0.0,0.0
2004-12-06 00:00:00-05:00,17.601352571673118,17.985234589658788,17.12762711876743,17.821880340576172,1599800,0.0,0.0
2004-12-07 00:00:00-05:00,17.830049142889905,17.830049142889905,16.93977171025947,17.037784576416016,1430900,0.0,0.0
2004-12-08 00:00:00-05:00,17.021447496154103,17.217471655139992,16.792751865073132,17.103124618530273,1063100,0.0,0.0
2004-12-09 00:00:00-05:00,17.192969201315076,17.233808544166166,16.76008307212497,16.98877716064453,769600,0.0,0.0
2004-12-10 00:00:00-05:00,16.972442198325435,17.380826260825323,16.907100810639918,17.11945915222168,592600,0.0,0.0
2004-12-13 00:00:00-05:00,17.15212660168656,17.919888895296527,17.15212660168656,17.781038284301758,635400,0.0,0.0
2004-12-14 00:00:00-05:00,17.78920776841049,17.805541944589752,17.18479962966012,17.29914665222168,720300,0.0,0.0
2004-12-15 00:00:00-05:00,17.356323139129085,18.181259155273438,17.356323139129085,18.181259155273438,1061800,0.0,0.0
2004-12-16 00:00:00-05:00,18.21401604097305,18.500657795831117,18.091170020911566,18.30410385131836,1184300,0.06,0.0
2004-12-17 00:00:00-05:00,18.304108969290482,18.353247078640095,17.837293025288304,18.091175079345703,648400,0.0,0.0
2004-12-20 00:00:00-05:00,18.13211838357035,18.631693974621,18.082980287391045,18.312294006347656,761200,0.0,0.0
2004-12-21 00:00:00-05:00,18.345057192009627,18.66445880898334,18.181262972963527,18.64807891845703,1194100,0.0,0.0
2004-12-22 00:00:00-05:00,18.689026567733254,18.689026567733254,18.1894508549527,18.263158798217773,589800,0.0,0.0
2004-12-23 00:00:00-05:00,18.246775812761125,18.443329757273883,18.197636155079014,18.30410385131836,365200,0.0,0.0
2004-12-27 00:00:00-05:00,18.304106181978344,18.33686439586562,17.829100365072097,17.87004852294922,562000,0.0,0.0
2004-12-28 00:00:00-05:00,17.935568918495495,18.443334579467773,17.935568918495495,18.443334579467773,744100,0.0,0.0
2004-12-29 00:00:00-05:00,18.44333368985212,18.467901961859848,18.033845827619555,18.132122039794922,481600,0.0,0.0
2004-12-30 00:00:00-05:00,18.132120554866862,18.140310498889466,17.108400983122852,17.50969886779785,908400,0.0,0.0
2004-12-31 00:00:00-05:00,17.526076241535645,17.95194389718308,17.44417837513085,17.74720001220703,458300,0.0,0.0
2005-01-03 00:00:00-05:00,17.779960312859853,17.94375606493561,16.641584678356736,16.7398624420166,978100,0.0,0.0
2005-01-04 00:00:00-05:00,16.739855141892583,17.21486074127946,16.07648404114174,16.223899841308594,915900,0.0,0.0
2005-01-05 00:00:00-05:00,16.223910560183867,16.62520852461839,15.724336372089516,15.765284538269043,854500,0.0,0.0
2005-01-06 00:00:00-05:00,15.765283431508394,16.19115120299714,15.642437379521489,15.84718132019043,630900,0.0,0.0
2005-01-07 00:00:00-05:00,15.830801764902256,16.05192560039941,15.151051929985787,15.49502182006836,1045200,0.0,0.0
2005-01-10 00:00:00-05:00,15.601486061329618,16.00278551869419,15.495019910363114,15.68338394165039,771000,0.0,0.0
2005-01-11 00:00:00-05:00,15.56054223708607,15.601490407617792,14.659668426734992,14.766136169433594,1188400,0.0,0.0
2005-01-12 00:00:00-05:00,14.766129104155851,15.093718997882585,14.168275790773757,14.93811321258545,1188900,0.0,0.0
2005-01-13 00:00:00-05:00,14.946301300838343,15.519584715288193,14.86440344704956,15.249322891235352,1141800,0.0,0.0
2005-01-14 00:00:00-05:00,15.363985820234268,15.683385874570822,15.331226039239578,15.49502182006836,528800,0.0,0.0
2005-01-18 00:00:00-05:00,16.37951328085542,17.36228470253559,15.904507458193498,17.239437103271484,2143300,0.0,0.0
2005-01-19 00:00:00-05:00,17.19849379121873,17.591601845834887,17.03469798742572,17.280391693115234,1439400,0.0,0.0
2005-01-20 00:00:00-05:00,17.19849565712432,17.419619547613372,17.034699835560712,17.190305709838867,1600400,0.0,0.0
2005-01-21 00:00:00-05:00,17.23124372724366,18.271341331958958,17.206673902097318,17.812715530395508,1363400,0.0,0.0
2005-01-24 00:00:00-05:00,17.902813337965895,18.082987470239296,17.452375664173587,17.5506534576416,1185600,0.0,0.0
2005-01-25 00:00:00-05:00,17.77176726522309,18.214013180402652,17.607971556151167,17.89461326599121,738400,0.0,0.0
2005-01-26 00:00:00-05:00,17.976523139865918,18.107559169907205,17.452377457628078,18.017471313476562,920400,0.0,0.0
2005-01-27 00:00:00-05:00,18.02565274209098,18.418760646440795,18.0174627988247,18.34505271911621,618400,0.0,0.0
2005-01-28 00:00:00-05:00,18.34505000205376,18.476085950762794,17.534264483639713,18.214014053344727,861500,0.0,0.0
2005-01-31 00:00:00-05:00,17.935563752565184,19.942054421193006,17.485127836949232,19.655412673950195,3142100,0.0,0.0
2005-02-01 00:00:00-05:00,19.60628002246084,19.639038240400595,18.795494212030242,18.901960372924805,1720900,0.0,0.0
2005-02-02 00:00:00-05:00,18.910153950359398,19.32783185331052,18.672650185867102,19.262313842773438,1956200,0.0,0.0
2005-02-03 00:00:00-05:00,19.204983229232397,19.24593139460473,18.525233374373936,18.95928955078125,1608300,0.0,0.0
2005-02-04 00:00:00-05:00,19.000229292271367,19.475234946474576,18.68901777554456,18.942899703979492,1043600,0.0,0.0
2005-02-07 00:00:00-05:00,18.942910043309453,19.573521800073603,18.918341768417612,19.164033889770508,791700,0.0,0.0
2005-02-08 00:00:00-05:00,19.139457995425037,19.557134123032835,19.123078110636396,19.524375915527344,977700,0.0,0.0
2005-02-09 00:00:00-05:00,19.61446664709457,19.819210551293587,18.426951377911465,18.476089477539062,1113500,0.0,0.0
2005-02-10 00:00:00-05:00,18.467900797552367,19.057564281718196,18.377814535749803,18.713594436645508,1163800,0.0,0.0
2005-02-11 00:00:00-05:00,18.811869661451837,19.245927307760024,18.623505641422117,18.951095581054688,1842400,0.0,0.0
2005-02-14 00:00:00-05:00,19.123082273061943,19.164030431874735,18.56617856560405,18.713594436645508,1206000,0.0,0.0
2005-02-15 00:00:00-05:00,18.762730394264974,18.85281820783884,18.336862718189185,18.517038345336914,969900,0.0,0.0
2005-02-16 00:00:00-05:00,18.517038831173476,19.368772643600277,18.47608911389642,19.286874771118164,2458000,0.0,0.0
2005-02-17 00:00:00-05:00,19.49162209505869,19.524381874634702,18.55799024615409,18.615318298339844,1390500,0.0,0.0
2005-02-18 00:00:00-05:00,18.75454431848466,19.26230996960246,18.672646431262784,19.172222137451172,1247300,0.0,0.0
2005-02-22 00:00:00-05:00,19.098509793504178,19.37696160864009,18.24677602408461,18.312294006347656,978000,0.0,0.0
2005-02-23 00:00:00-05:00,18.353243796410727,18.836439544473862,18.336863908866064,18.402381896972656,903500,0.0,0.0
2005-02-24 00:00:00-05:00,18.402377288582016,19.098506714182314,18.402377288582016,19.090316772460938,854500,0.0,0.0
2005-02-25 00:00:00-05:00,19.20498377183746,21.416217567938265,19.024808090134908,20.851123809814453,3199600,0.0,0.0
2005-02-28 00:00:00-05:00,20.875691006692602,21.219660873080528,19.942059181670622,20.154993057250977,1452400,0.0,0.0
2005-03-01 00:00:00-05:00,20.294216281675332,20.86749827435668,19.82739886945341,20.023954391479492,1205300,0.0,0.0
2005-03-02 00:00:00-05:00,20.032151379357508,20.793799277699264,19.778269267267817,20.458019256591797,1686000,0.0,0.0
2005-03-03 00:00:00-05:00,20.6791338544965,20.8101698252424,20.073092099278703,20.384302139282227,999200,0.0,0.0
2005-03-04 00:00:00-05:00,20.67094822539559,21.580011828993168,20.67094822539559,21.334318161010742,1797100,0.0,0.0
2005-03-07 00:00:00-05:00,21.334316729676985,21.481732608161746,20.47439285461216,20.523530960083008,1059700,0.0,0.0
2005-03-08 00:00:00-05:00,20.392497002625444,20.433446729658097,19.245931200941286,19.696367263793945,2251400,0.0,0.0
2005-03-09 00:00:00-05:00,19.532567779829968,20.08128147766582,18.926526041664868,18.975664138793945,979300,0.0,0.0
2005-03-10 00:00:00-05:00,18.98385843642281,19.327828319368443,18.33686683385295,18.631698608398438,1426900,0.0,0.0
2005-03-11 00:00:00-05:00,19.4916159294248,19.90929361446456,19.098508071295065,19.15583610534668,1123600,0.0,0.0
2005-03-14 00:00:00-05:00,19.15584261935987,19.19679234480168,18.099364696118116,18.443334579467773,1468300,0.0,0.0
2005-03-15 00:00:00-05:00,18.566180588469564,19.360586515325437,18.508852535056665,18.8200626373291,1730500,0.0,0.0
2005-03-16 00:00:00-05:00,18.738156950118178,18.844624629636428,17.607971556151167,17.89461326599121,1926700,0.0,0.0
2005-03-17 00:00:00-05:00,17.93567631767599,18.65014605806013,17.61539688690883,18.48590087890625,1196000,0.06,0.0
2005-03-18 00:00:00-05:00,18.65014629804929,18.765119647946836,18.12455921179676,18.551599502563477,1756300,0.0,0.0
2005-03-21 00:00:00-05:00,18.551603881840553,19.011492690872508,18.47769298459231,18.871883392333984,1469100,0.0,0.0
2005-03-22 00:00:00-05:00,18.970430471795822,20.218701576770968,18.929367994832166,19.65205192565918,2655200,0.0,0.0
2005-03-23 00:00:00-05:00,19.652053878986244,19.791663181792554,18.93758237253666,19.561717987060547,2639100,0.0,0.0
2005-03-24 00:00:00-05:00,19.627411698086085,20.432217337685135,19.57813829898513,19.610986709594727,1395500,0.0,0.0
2005-03-28 00:00:00-05:00,19.627422190077148,19.824517458212878,19.47138784874613,19.750606536865234,1523600,0.0,0.0
2005-03-29 00:00:00-05:00,19.422101844523148,19.98875135240484,18.280591901815814,18.403776168823242,2001900,0.0,0.0
2005-03-30 00:00:00-05:00,18.40377584018755,19.200368881225586,18.40377584018755,19.200368881225586,1431900,0.0,0.0
2005-03-31 00:00:00-05:00,19.422110144596527,20.013397385116537,19.381049226837575,19.799877166748047,1374000,0.0,0.0
2005-04-01 00:00:00-05:00,19.914847157462884,20.44864687108926,19.709539454808628,20.39116096496582,2061500,0.0,0.0
2005-04-04 00:00:00-04:00,20.391161511887454,20.39937400817871,19.91484769160906,20.39937400817871,1306400,0.0,0.0
2005-04-05 00:00:00-04:00,20.456859367160245,20.695017054098447,20.25155166450599,20.39116096496582,1034500,0.0,0.0
2005-04-06 00:00:00-04:00,20.39116222559052,20.588257444358632,20.07088269088903,20.563621520996094,1304900,0.0,0.0
2005-04-07 00:00:00-04:00,20.56362086979104,21.039934691656885,20.391161579846877,20.990659713745117,1532800,0.0,0.0
2005-04-08 00:00:00-04:00,20.998864641239443,21.06456302173465,20.612886851626712,20.867467880249023,1938400,0.0,0.0
2005-04-11 00:00:00-04:00,20.867474517872726,21.01529631260003,20.448646621603185,20.72786521911621,1281700,0.0,0.0
2005-04-12 00:00:00-04:00,20.727861040733792,21.007079581961136,20.202273935540266,20.966018676757812,1267500,0.0,0.0
2005-04-13 00:00:00-04:00,20.98244566127632,20.990658156985873,19.791661978112206,20.128366470336914,1733600,0.0,0.0
2005-04-14 00:00:00-04:00,20.038034267182315,20.04624676440144,17.755013296970052,18.050655364990234,4575800,0.0,0.0
2005-04-15 00:00:00-04:00,18.214896288828122,18.32986807998497,17.17193297473243,17.336179733276367,2184000,0.0,0.0
2005-04-18 00:00:00-04:00,17.3279713795246,18.477694264958412,16.933780944468474,18.27238655090332,2330500,0.0,0.0
2005-04-19 00:00:00-04:00,18.543389135965224,19.331771422165556,18.518751651080656,19.11003875732422,1978000,0.0,0.0
2005-04-20 00:00:00-04:00,19.381043822975357,19.405679740212246,18.7815458191557,18.88009262084961,1957700,0.0,0.0
2005-04-21 00:00:00-04:00,19.914845282039277,20.095515479466478,18.880094370141716,19.586353302001953,3382100,0.0,0.0
2005-04-22 00:00:00-04:00,20.120153237538034,20.358310905270137,19.684900379117302,19.96411895751953,2338600,0.0,0.0
2005-04-25 00:00:00-04:00,20.267978581944238,21.163120375858004,20.185855179806776,20.98244857788086,2280100,0.0,0.0
2005-04-26 00:00:00-04:00,21.672278701999595,21.680491197354787,20.17763900756836,20.17763900756836,2651000,0.0,0.0
2005-04-27 00:00:00-04:00,20.18585426944049,20.18585426944049,18.85545960065946,19.077192306518555,3025200,0.0,0.0
2005-04-28 00:00:00-04:00,19.381043949114027,19.381043949114027,18.09992455414303,18.231321334838867,3048500,0.0,0.0
2005-04-29 00:00:00-04:00,18.51054030077629,18.847244754661467,17.763218940036154,18.395566940307617,2906600,0.0,0.0
2005-05-02 00:00:00-04:00,18.436628756632633,18.641936419551158,18.132772726309028,18.600873947143555,1020500,0.0,0.0
2005-05-03 00:00:00-04:00,18.871885461722776,19.233227491628845,18.641941815179145,19.02791976928711,1722700,0.0,0.0
2005-05-04 00:00:00-04:00,19.10182953060404,19.496019957961874,18.88830932419183,19.413896560668945,1400700,0.0,0.0
2005-05-05 00:00:00-04:00,19.364621641580868,19.717751125992866,18.658362672756866,18.921157836914062,1979600,0.0,0.0
2005-05-06 00:00:00-04:00,19.25787034279578,19.594574975850925,19.118260990087006,19.17574691772461,1598500,0.0,0.0
2005-05-09 00:00:00-04:00,19.22500143801201,19.594555704180614,18.986845462548644,19.5781307220459,1092400,0.0,0.0
2005-05-10 00:00:00-04:00,19.356403703533406,19.446739564762435,18.346290508669185,18.559810638427734,1698300,0.0,0.0
2005-05-11 00:00:00-04:00,18.64194046308299,18.871884092948857,18.075290751934173,18.666576385498047,1097600,0.0,0.0
2005-05-12 00:00:00-04:00,18.56802815424019,18.658362473530442,16.95841503544114,17.1883602142334,2774700,0.0,0.0
2005-05-13 00:00:00-04:00,17.139083870122242,17.377239937374693,15.90723792995084,16.03042221069336,3483400,0.0,0.0
2005-05-16 00:00:00-04:00,16.202881496391583,16.41640166848225,15.792266142303365,16.087909698486328,2448400,0.0,0.0
2005-05-17 00:00:00-04:00,16.096124712959693,16.47389014599097,15.775843621505441,16.375343322753906,1998900,0.0,0.0
2005-05-18 00:00:00-04:00,16.654562163889587,17.656463234708824,16.646349667443502,17.434730529785156,2184100,0.0,0.0
2005-05-19 00:00:00-04:00,18.436627751421003,18.46126366714919,17.196569347039468,17.41008949279785,2634400,0.0,0.0
2005-05-20 00:00:00-04:00,17.574338912963867,17.672887298763918,17.20478599055395,17.574338912963867,1576600,0.0,0.0
2005-05-23 00:00:00-04:00,17.607186090370718,17.90282806789753,17.508637720279648,17.713945388793945,1377700,0.0,0.0
2005-05-24 00:00:00-04:00,17.705733726959753,17.796069606594834,17.44294014951945,17.755008697509766,1102900,0.0,0.0
2005-05-25 00:00:00-04:00,17.41009274788631,17.426516172651358,16.876291500501342,16.94198989868164,1629200,0.0,0.0
2005-05-26 00:00:00-04:00,16.99948009062613,17.45936895155277,16.974842599972092,17.295122146606445,1809000,0.0,0.0
2005-05-27 00:00:00-04:00,17.53328028968185,17.656464613243703,17.344397555795435,17.4265193939209,1803900,0.0,0.0
2005-05-31 00:00:00-04:00,17.426517766793314,17.566127071494293,16.99126642642295,17.459367752075195,1420900,0.0,0.0
2005-06-01 00:00:00-04:00,17.5332748651924,18.058861985181434,17.352603117916292,17.861766815185547,1644500,0.0,0.0
2005-06-02 00:00:00-04:00,17.656448671072162,18.09170122546237,17.245833585698392,17.689298629760742,1369600,0.0,0.0
2005-06-03 00:00:00-04:00,17.820710372050343,18.321660133863578,17.67288856593794,17.74679946899414,1384700,0.0,0.0
2005-06-06 00:00:00-04:00,17.82071268793498,17.99317043989543,17.5250690372899,17.598979949951172,1361100,0.0,0.0
2005-06-07 00:00:00-04:00,18.108138447843164,18.44484294931338,17.902830748587014,18.190261840820312,1979600,0.0,0.0
2005-06-08 00:00:00-04:00,18.370934934845327,18.46948176037962,17.86998361152975,17.90283203125,1322300,0.0,0.0
2005-06-09 00:00:00-04:00,17.861771056827614,17.90283197293757,17.508641539337233,17.623613357543945,1672500,0.0,0.0
2005-06-10 00:00:00-04:00,17.656451552910546,18.18203844673473,17.656451552910546,18.10812759399414,1131900,0.0,0.0
2005-06-13 00:00:00-04:00,17.89462256063372,18.592667591952317,17.755013241095266,18.1409912109375,1113900,0.0,0.0
2005-06-14 00:00:00-04:00,18.08350617611351,18.231328000031816,17.886410933013686,18.091718673706055,881200,0.0,0.0
2005-06-15 00:00:00-04:00,18.132772726309028,18.650147347659516,18.132772726309028,18.600873947143555,1919600,0.0,0.0
2005-06-16 00:00:00-04:00,18.691457485144625,19.111396323208282,18.65028593300712,18.979650497436523,1752400,0.06,0.0
2005-06-17 00:00:00-04:00,19.267838352408962,19.5477985270523,19.14432688019186,19.15256118774414,2408300,0.0,0.0
2005-06-20 00:00:00-04:00,19.020820281549955,19.14433178541357,18.85613722937582,18.93024444580078,1932600,0.0,0.0
2005-06-21 00:00:00-04:00,18.773793742677785,18.987881059932707,18.55147368715451,18.74085807800293,1353300,0.0,0.0
2005-06-22 00:00:00-04:00,18.938473019233314,19.02081452038016,18.337382730768297,18.444425582885742,1089400,0.0,0.0
2005-06-23 00:00:00-04:00,18.427957327804315,18.43619163513288,17.84333564227812,18.0491886138916,1826300,0.0,0.0
2005-06-24 00:00:00-04:00,18.04095583483526,18.255043131912913,17.382226898083765,17.621015548706055,4444700,0.0,0.0
2005-06-27 00:00:00-04:00,17.662187576158917,17.835103337877026,17.398694423654536,17.415163040161133,1322700,0.0,0.0
2005-06-28 00:00:00-04:00,17.596309143957786,18.098589225095953,17.596309143957786,18.090354919433594,1308000,0.0,0.0
2005-06-29 00:00:00-04:00,18.11505783642067,18.222100668964906,17.80216207391711,18.090354919433594,980300,0.0,0.0
2005-06-30 00:00:00-04:00,18.098595866321272,18.403259005490913,18.032722967383755,18.16446876525879,1557200,0.0,0.0
2005-07-01 00:00:00-04:00,18.19740267097188,18.40325563880972,17.983315395956502,18.205636978149414,868300,0.0,0.0
2005-07-05 00:00:00-04:00,18.180935606123967,18.238574190745567,17.769229635359807,18.115062713623047,1284800,0.0,0.0
2005-07-06 00:00:00-04:00,18.21387113806768,18.856131387387624,18.032719522693547,18.49382972717285,1082100,0.0,0.0
2005-07-07 00:00:00-04:00,18.115063855794013,18.7243885424794,18.057425267538246,18.666749954223633,1641700,0.0,0.0
2005-07-08 00:00:00-04:00,18.938476830279694,19.786591792853958,18.938476830279694,19.605440139770508,2805700,0.0,0.0
2005-07-11 00:00:00-04:00,19.959508610666084,20.28887312822812,19.77835851864044,19.967742919921875,1242900,0.0,0.0
2005-07-12 00:00:00-04:00,19.967735262043,20.288865347191795,19.473687889906408,20.115949630737305,1098700,0.0,0.0
2005-07-13 00:00:00-04:00,20.10771890925753,20.272401919505658,19.811290119024335,19.97597312927246,787600,0.0,0.0
2005-07-14 00:00:00-04:00,20.26416714152822,20.42061427004524,19.696012496948242,19.696012496948242,1533300,0.0,0.0
2005-07-15 00:00:00-04:00,20.379445234440293,20.98053556543713,20.321806650719175,20.832321166992188,1970700,0.0,0.0
2005-07-18 00:00:00-04:00,20.642932702838852,21.186384342242935,20.585294130558616,20.749977111816406,900800,0.0,0.0
2005-07-19 00:00:00-04:00,21.820412936650087,21.828647243203395,21.120512584952746,21.73807144165039,2202400,0.0,0.0
2005-07-20 00:00:00-04:00,21.9356943983673,22.643829195788186,21.902758736214583,22.602659225463867,2736500,0.0,0.0
2005-07-21 00:00:00-04:00,22.643826333179803,23.13787376728315,22.55325052527636,22.767337799072266,3151900,0.0,0.0
2005-07-22 00:00:00-04:00,22.767338570411358,23.3025559877671,22.660295715153634,23.286088943481445,1832100,0.0,0.0
2005-07-25 00:00:00-04:00,23.66486161598411,23.66486161598411,22.86615251017535,23.13787841796875,2046400,0.0,0.0
2005-07-26 00:00:00-04:00,23.302566891164673,23.796614573173546,22.800286468427608,23.681337356567383,1630800,0.0,0.0
2005-07-27 00:00:00-04:00,24.290649535759627,24.290649535759627,22.69323010959081,23.12140464782715,3686900,0.0,0.0
2005-07-28 00:00:00-04:00,23.30255575719754,23.67309173429558,23.162575673686447,23.631921768188477,1811700,0.0,0.0
2005-07-29 00:00:00-04:00,23.706032027156752,24.28241947981082,23.63192482216021,23.936586380004883,2248400,0.0,0.0
2005-08-01 00:00:00-04:00,23.977752881640082,24.010688537752003,23.426066899598087,23.870708465576172,1894700,0.0,0.0
2005-08-02 00:00:00-04:00,24.084793578366657,24.661182428968225,24.01068639555979,24.512968063354492,2095800,0.0,0.0
2005-08-03 00:00:00-04:00,24.5376778263394,24.702360860288177,24.372996362924432,24.63648796081543,1247300,0.0,0.0
2005-08-04 00:00:00-04:00,24.562379048243802,24.562379048243802,24.084800167571423,24.191843032836914,1407900,0.0,0.0
2005-08-05 00:00:00-04:00,23.961291981581553,24.29889081070395,23.508414392625085,23.969526290893555,1629200,0.0,0.0
2005-08-08 00:00:00-04:00,24.208313122962405,24.669423415347595,24.16714315009247,24.49650764465332,1582500,0.0,0.0
2005-08-09 00:00:00-04:00,24.603550516435423,24.784702166344236,24.249484666366133,24.49650764465332,1262400,0.0,0.0
2005-08-10 00:00:00-04:00,24.578844870915177,25.22110513057475,24.554141949184608,24.702356338500977,2358200,0.0,0.0
2005-08-11 00:00:00-04:00,24.702359664538676,25.196407171936194,24.471803742277505,24.908212661743164,1034100,0.0,0.0
2005-08-12 00:00:00-04:00,25.114065508455553,25.245811300234262,24.35652642046112,24.867042541503906,1108700,0.0,0.0
2005-08-15 00:00:00-04:00,24.875276764420477,25.09759839027063,24.74353096477605,24.9246826171875,753700,0.0,0.0
2005-08-16 00:00:00-04:00,24.776465793846562,24.94938155013739,24.49650560415637,24.545909881591797,1246100,0.0,0.0
2005-08-17 00:00:00-04:00,24.455334996518307,24.537674933250685,24.10126761464804,24.46356773376465,1030100,0.0,0.0
2005-08-18 00:00:00-04:00,24.414168975623284,24.537680479171108,24.125974420322372,24.23301887512207,1504300,0.0,0.0
2005-08-19 00:00:00-04:00,24.348287258199584,24.57060882645533,23.79660127615759,23.870708465576172,1516200,0.0,0.0
2005-08-22 00:00:00-04:00,24.035398706651527,24.249486032813248,23.804842762200316,23.837779998779297,1726000,0.0,0.0
2005-08-23 00:00:00-04:00,23.771900133828172,23.804835790227056,22.857912503391155,22.89084815979004,1583300,0.0,0.0
2005-08-24 00:00:00-04:00,22.74264218826159,23.0555380855303,22.108614513981372,22.429744720458984,1675300,0.0,0.0
2005-08-25 00:00:00-04:00,22.479146808645915,22.643829835664242,22.289762426948457,22.437976837158203,1123700,0.0,0.0
2005-08-26 00:00:00-04:00,22.643826680994508,22.676763910022952,21.762776221419358,21.886287689208984,1768600,0.0,0.0
2005-08-29 00:00:00-04:00,21.886288515936336,23.039064876406773,21.771011351049367,22.83321189880371,1599900,0.0,0.0
2005-08-30 00:00:00-04:00,22.60265656538793,22.74263664676372,22.232120593942156,22.330930709838867,770700,0.0,0.0
2005-08-31 00:00:00-04:00,22.248590174408662,22.742637634277344,22.00979996676759,22.742637634277344,1202100,0.0,0.0
2005-09-01 00:00:00-04:00,22.693238902288858,23.689568441893513,22.643834611975905,23.228456497192383,1945100,0.0,0.0
2005-09-02 00:00:00-04:00,23.26138594346364,23.467238916414644,22.981425774607587,23.187278747558594,856500,0.0,0.0
2005-09-06 00:00:00-04:00,23.23668281636324,23.393131514175472,23.08846999639397,23.294322967529297,1104100,0.0,0.0
2005-09-07 00:00:00-04:00,23.47547052585807,23.846004892265775,23.376660419162665,23.788366317749023,1134800,0.0,0.0
2005-09-08 00:00:00-04:00,23.714266532495394,23.878949571547192,23.467243544451552,23.648393630981445,672100,0.0,0.0
2005-09-09 00:00:00-04:00,23.796610448631608,24.414169551470838,23.714268920812906,24.216550827026367,853600,0.0,0.0
2005-09-12 00:00:00-04:00,24.142441095598407,24.208313996888606,23.648393550654998,23.796607971191406,1080900,0.0,0.0
2005-09-13 00:00:00-04:00,23.681328943094083,23.755436147593414,23.26138864110913,23.557817459106445,502900,0.0,0.0
2005-09-14 00:00:00-04:00,23.62368776794728,24.167139494399773,23.34372759728587,23.714262008666992,743800,0.0,0.0
2005-09-15 00:00:00-04:00,23.747272101722142,24.019565284308186,23.598748261436562,23.664758682250977,560500,0.06,0.0
2005-09-16 00:00:00-04:00,23.862789545167168,24.151585721574737,23.862789545167168,23.945302963256836,1079600,0.0,0.0
2005-09-19 00:00:00-04:00,23.871043539201413,24.225850172400257,23.648257759218968,23.88754653930664,555700,0.0,0.0
2005-09-20 00:00:00-04:00,23.887542306200576,24.011311637431227,23.301698496783924,23.441970825195312,1403200,0.0,0.0
2005-09-21 00:00:00-04:00,23.549239677049247,24.58065343500384,23.549239677049247,24.143333435058594,1618600,0.0,0.0
2005-09-22 00:00:00-04:00,24.176342609188143,24.630165696182047,24.027820320850683,24.11858367919922,1508600,0.0,0.0
2005-09-23 00:00:00-04:00,24.03606472070604,24.41562578934819,23.74727013716711,24.300107955932617,794200,0.0,0.0
2005-09-26 00:00:00-04:00,24.663166911930073,25.892612004075225,24.663166911930073,25.323272705078125,1712200,0.0,0.0
2005-09-27 00:00:00-04:00,25.16649568952931,25.331522520297124,24.84469510072582,25.224254608154297,883000,0.0,0.0
2005-09-28 00:00:00-04:00,25.207747353541713,25.818345579984832,25.07572654074651,25.100481033325195,1388800,0.0,0.0
2005-09-29 00:00:00-04:00,25.141740780888327,25.579060773589934,24.935458032714216,25.463542938232422,1087600,0.0,0.0
2005-09-30 00:00:00-04:00,25.44703938761207,25.74408704214692,25.430536390401816,25.562557220458984,864300,0.0,0.0
2005-10-03 00:00:00-04:00,25.480044124593178,25.735835863090863,25.108736125626706,25.199501037597656,801900,0.0,0.0
2005-10-04 00:00:00-04:00,25.471797777825948,25.61207012793457,24.753933027549436,24.844697952270508,802000,0.0,0.0
2005-10-05 00:00:00-04:00,24.75393313355185,24.75393313355185,22.75711579782616,22.9056396484375,2455700,0.0,0.0
2005-10-06 00:00:00-04:00,22.7901175070281,23.13667256860881,22.080504387169412,22.377552032470703,1744900,0.0,0.0
2005-10-07 00:00:00-04:00,22.682853363042444,22.96339805815975,22.509576590429628,22.64984893798828,1072600,0.0,0.0
2005-10-10 00:00:00-04:00,22.798368324408365,22.847877316439074,21.874222506542754,21.948484420776367,1044900,0.0,0.0
2005-10-11 00:00:00-04:00,22.286786725065834,22.50957245504945,22.13001140687599,22.2950382232666,1322500,0.0,0.0
2005-10-12 00:00:00-04:00,23.21918825412695,23.598749372032042,22.575587014350603,22.64984893798828,4047400,0.0,0.0
2005-10-13 00:00:00-04:00,22.649844271042696,22.938638832558638,21.626680550369016,22.12175941467285,1664300,0.0,0.0
2005-10-14 00:00:00-04:00,22.30329156097715,22.979898731120972,21.948484978142588,22.930391311645508,1420800,0.0,0.0
2005-10-17 00:00:00-04:00,23.021160209699854,23.276950441526278,22.76536997787343,23.153181076049805,810400,0.0,0.0
2005-10-18 00:00:00-04:00,23.34296042922889,23.35946185573552,22.418812870909836,22.57558822631836,656500,0.0,0.0
2005-10-19 00:00:00-04:00,22.26203525024173,22.56733442983357,21.55242362065508,22.493072509765625,1655100,0.0,0.0
2005-10-20 00:00:00-04:00,22.897384094192702,23.334704068690293,22.220776960156275,22.319791793823242,1353700,0.0,0.0
2005-10-21 00:00:00-04:00,22.48481855283227,22.616839379898035,21.81646291908528,22.592084884643555,1108100,0.0,0.0
2005-10-24 00:00:00-04:00,22.592084762107522,23.582242533542704,22.592084762107522,23.458473205566406,750500,0.0,0.0
2005-10-25 00:00:00-04:00,23.51623732782743,24.300112534946773,23.51623732782743,24.05257225036621,1233100,0.0,0.0
2005-10-26 00:00:00-04:00,24.01130699271873,24.588897618004285,23.359452894485283,23.367704391479492,1420300,0.0,0.0
2005-10-27 00:00:00-04:00,23.30994764192662,23.334702135198427,22.352795935455145,22.68284797668457,852900,0.0,0.0
2005-10-28 00:00:00-04:00,22.707607862192553,23.00465398293062,22.154769971674643,22.64984893798828,1311100,0.0,0.0
2005-10-31 00:00:00-05:00,22.757111172082027,23.697759936335142,22.60858735166051,23.68950843811035,1484500,0.0,0.0
2005-11-01 00:00:00-05:00,23.631755495541483,24.085578569701305,23.54924364006948,23.598751068115234,792100,0.0,0.0
2005-11-02 00:00:00-05:00,23.474985034281175,24.225854356823515,23.474985034281175,23.87929916381836,950500,0.0,0.0
2005-11-03 00:00:00-05:00,24.044313913854964,24.250596638781822,23.722513366588995,23.895790100097656,1044100,0.0,0.0
2005-11-04 00:00:00-05:00,23.829780468544655,23.862786461039708,22.938639130738704,23.38421058654785,904800,0.0,0.0
2005-11-07 00:00:00-05:00,23.689509508849213,24.00306016031396,23.30995001622734,23.805028915405273,1157900,0.0,0.0
2005-11-08 00:00:00-05:00,23.64825451647789,24.159836432900867,23.36770984840924,24.143333435058594,939500,0.0,0.0
2005-11-09 00:00:00-05:00,24.093831500652666,24.679673893116348,23.904050129885057,24.283611297607422,840100,0.0,0.0
2005-11-10 00:00:00-05:00,24.333119481136325,24.498146354608544,23.507988261401028,23.95355987548828,958100,0.0,0.0
2005-11-11 00:00:00-05:00,24.10207488193245,25.15824309026541,24.10207488193245,25.06747817993164,1161300,0.0,0.0
2005-11-14 00:00:00-05:00,25.183002132246788,25.33152598549246,24.597158219312487,24.737430572509766,982900,0.0,0.0
2005-11-15 00:00:00-05:00,24.564155486159166,25.48005002128633,24.539400984307633,25.372783660888672,1798000,0.0,0.0
2005-11-16 00:00:00-05:00,25.57081139387577,25.752339660739867,25.14999436386969,25.323272705078125,977700,0.0,0.0
2005-11-17 00:00:00-05:00,25.339775444244758,25.595567219587846,25.17475016775949,25.381032943725586,1738900,0.0,0.0
2005-11-18 00:00:00-05:00,25.579056632929806,25.62031254636126,25.199497193161356,25.471790313720703,1283600,0.0,0.0
2005-11-21 00:00:00-05:00,25.372776565103,26.428943167727525,24.9767140891188,26.263917922973633,1287500,0.0,0.0
2005-11-22 00:00:00-05:00,26.18141623266616,26.28043268288882,25.818359587413607,26.255678176879883,861400,0.0,0.0
2005-11-23 00:00:00-05:00,26.48671034309779,26.981790953208712,26.412448408962437,26.651737213134766,1043600,0.0,0.0
2005-11-25 00:00:00-05:00,26.602228411302864,27.1220587450932,26.593975337520256,26.948781967163086,528700,0.0,0.0
2005-11-28 00:00:00-05:00,26.85801669278776,27.13031146682345,26.503210067749023,26.503210067749023,754200,0.0,0.0
2005-11-29 00:00:00-05:00,26.32168150560597,27.221076095110526,26.32168150560597,26.95703125,1210600,0.0,0.0
2005-11-30 00:00:00-05:00,27.02304408855511,27.328341720586877,26.767252309075545,27.21282386779785,978900,0.0,0.0
2005-12-01 00:00:00-05:00,27.57587275174963,28.1369620071076,27.2128162943634,27.889423370361328,1616600,0.0,0.0
2005-12-02 00:00:00-05:00,27.97194542823263,28.219484127638378,27.732656654836088,27.955442428588867,1083600,0.0,0.0
2005-12-05 00:00:00-05:00,28.062700271606445,28.293739061912852,27.56762299510976,28.062700271606445,1194200,0.0,0.0
2005-12-06 00:00:00-05:00,28.136973791626822,28.648557422475207,27.947193985715657,28.285497665405273,839300,0.0,0.0
2005-12-07 00:00:00-05:00,28.120465141194593,28.59903946996939,27.592378673145856,27.641887664794922,951700,0.0,0.0
2005-12-08 00:00:00-05:00,27.46860767345566,28.004940855374105,27.23756888732011,27.57587242126465,1357000,0.0,0.0
2005-12-09 00:00:00-05:00,27.707897870770523,27.93893352168355,27.485112144122393,27.773906707763672,677300,0.0,0.0
2005-12-12 00:00:00-05:00,28.013195998531398,28.43401139231564,27.92243109165398,28.351499557495117,722400,0.0,0.0
2005-12-13 00:00:00-05:00,28.202984243189626,28.920847495046367,27.856427507641957,28.813579559326172,1002100,0.0,0.0
2005-12-14 00:00:00-05:00,28.739313951495486,28.78881979651705,27.922432884765342,28.2607364654541,1100700,0.0,0.0
2005-12-15 00:00:00-05:00,28.393154650308738,28.533836204023014,27.92972693361343,27.96282958984375,594900,0.1,0.0
2005-12-16 00:00:00-05:00,28.169713344242034,28.63313785290195,27.94627517463413,28.219364166259766,949600,0.0,0.0
2005-12-19 00:00:00-05:00,28.22763708680688,28.517277360381904,27.151826297588233,27.317333221435547,915700,0.0,0.0
2005-12-20 00:00:00-05:00,28.004196924772888,28.591754669699792,27.640077299080577,28.18625831604004,1613600,0.0,0.0
2005-12-21 00:00:00-05:00,28.393154273206985,28.964160879802463,28.343500289520982,28.856578826904297,1069200,0.0,0.0
2005-12-22 00:00:00-05:00,28.85657388712918,29.154491424560547,28.55038226558804,29.154491424560547,684200,0.0,0.0
2005-12-23 00:00:00-05:00,29.063463960067942,29.36965877263811,28.765546389374165,29.36138153076172,551100,0.0,0.0
2005-12-27 00:00:00-05:00,29.58481749178987,29.59309157620341,28.60831137517779,28.674516677856445,1014000,0.0,0.0
2005-12-28 00:00:00-05:00,28.906226276538536,29.78342751564793,28.773818840148657,29.708948135375977,787000,0.0,0.0
2005-12-29 00:00:00-05:00,29.62619364146851,30.337884846972248,29.427584051046665,30.230302810668945,1013400,0.0,0.0
2005-12-30 00:00:00-05:00,30.271681900974773,30.271681900974773,29.510336739601637,29.857908248901367,734300,0.0,0.0
2006-01-03 00:00:00-05:00,30.122727599947307,30.197206994637202,29.353108240432693,29.833084106445312,1860600,0.0,0.0
2006-01-04 00:00:00-05:00,31.23990168052045,32.448119636880065,31.115768358126143,31.819185256958008,6653900,0.0,0.0
2006-01-05 00:00:00-05:00,32.43986452758887,32.85363830177535,32.075741585925,32.77088165283203,3241200,0.0,0.0
2006-01-06 00:00:00-05:00,33.30050161004247,33.80530276383259,33.275673046724044,33.49911117553711,3364900,0.0,0.0
2006-01-09 00:00:00-05:00,33.101888818824094,33.557039158714495,32.91982742013108,33.39152908325195,2476800,0.0,0.0
2006-01-10 00:00:00-05:00,33.093622265425196,33.67290292608471,32.431581812940884,33.26740646362305,2113400,0.0,0.0
2006-01-11 00:00:00-05:00,33.639787994822406,34.219068389705015,33.46600071951624,34.045284271240234,2012100,0.0,0.0
2006-01-12 00:00:00-05:00,34.10321646836953,34.42595934396265,33.45773071718329,33.606689453125,1877300,0.0,0.0
2006-01-13 00:00:00-05:00,33.681180168004325,34.02874856440003,33.16810165848754,33.26740646362305,1395800,0.0,0.0
2006-01-17 00:00:00-05:00,33.308777347584716,34.5335469184388,33.300503263962376,34.20252990722656,2087800,0.0,0.0
2006-01-18 00:00:00-05:00,34.01219075613927,34.268731540433414,33.08533871885945,33.30877685546875,1971100,0.0,0.0
2006-01-19 00:00:00-05:00,33.63152575096376,33.995648626477646,33.515669620333995,33.8135871887207,1334500,0.0,0.0
2006-01-20 00:00:00-05:00,33.92943248821181,34.46733938795676,33.55703564660698,33.83012771606445,2186700,0.0,0.0
2006-01-23 00:00:00-05:00,34.33492170554572,34.616287773193704,34.01217576810529,34.5252571105957,2050200,0.0,0.0
2006-01-24 00:00:00-05:00,34.715600073935825,36.908597906238626,34.674223351975684,36.8423957824707,3884600,0.0,0.0
2006-01-25 00:00:00-05:00,39.34987747726394,40.05329464775944,38.44785070244324,38.811973571777344,6028400,0.0,0.0
2006-01-26 00:00:00-05:00,39.43262607003223,40.6242929235482,38.82023974172687,40.46706008911133,3180000,0.0,0.0
2006-01-27 00:00:00-05:00,41.21185877101572,42.949710157992975,41.07117723211538,42.81730270385742,4193600,0.0,0.0
2006-01-30 00:00:00-05:00,42.53593856715763,43.90966715538465,42.2959490581869,43.45451354980469,3034900,0.0,0.0
2006-01-31 00:00:00-05:00,43.032462375753795,43.942763201734614,42.817301452885786,42.908329010009766,3068600,0.0,0.0
2006-02-01 00:00:00-05:00,42.6766156955838,43.446234967556485,42.204913968483446,43.3055534362793,3821100,0.0,0.0
2006-02-02 00:00:00-05:00,43.239345318270814,44.0999952458843,41.37736394092901,42.78419494628906,3721500,0.0,0.0
2006-02-03 00:00:00-05:00,42.32905063538104,43.61174846985018,42.031133067252924,42.1883659362793,2112400,0.0,0.0
2006-02-06 00:00:00-05:00,42.2049041969977,44.57168952568873,42.07249678069255,44.464107513427734,2177900,0.0,0.0
2006-02-07 00:00:00-05:00,44.0668786822531,44.0668786822531,39.680880120833734,41.07115936279297,4279600,0.0,0.0
2006-02-08 00:00:00-05:00,41.37736214064346,41.39391346432079,38.067173169391985,40.632568359375,4008100,0.0,0.0
2006-02-09 00:00:00-05:00,40.96359286066589,42.76764629374363,40.09466879498997,40.30982971191406,2470400,0.0,0.0
2006-02-10 00:00:00-05:00,39.66435495724107,40.218810309307464,38.2409721383286,39.62297821044922,2576400,0.0,0.0
2006-02-13 00:00:00-05:00,39.25884261005302,39.308496584306994,37.653401991283545,38.257511138916016,2931800,0.0,0.0
2006-02-14 00:00:00-05:00,38.48094141234899,41.01323675788273,38.232677905573155,40.68221664428711,3061700,0.0,0.0
2006-02-15 00:00:00-05:00,40.963577831081935,42.28765181137025,40.81461911369433,41.63389205932617,3630000,0.0,0.0
2006-02-16 00:00:00-05:00,41.78287130948369,42.53593934775009,41.70839191418952,42.022857666015625,1869000,0.0,0.0
2006-02-17 00:00:00-05:00,42.18835231346439,42.38696501369777,41.61734593016131,41.78285598754883,1280000,0.0,0.0
2006-02-21 00:00:00-05:00,41.79113458902903,42.527651109364704,41.26150487358954,41.93181610107422,1802700,0.0,0.0
2006-02-22 00:00:00-05:00,42.138705922157776,42.86694841143398,41.79941166411585,42.78419494628906,1137000,0.0,0.0
2006-02-23 00:00:00-05:00,42.94970301884061,44.19929796223306,42.66005959073459,43.719322204589844,1795500,0.0,0.0
2006-02-24 00:00:00-05:00,43.57865029822765,44.37309512371332,43.03246908610087,44.108280181884766,1078200,0.0,0.0
2006-02-27 00:00:00-05:00,44.522045856493904,44.53032309765061,43.164868736308144,43.32210159301758,888000,0.0,0.0
2006-02-28 00:00:00-05:00,43.156595904805386,43.29727744012785,41.17048098644102,41.799415588378906,2731200,0.0,0.0
2006-03-01 00:00:00-05:00,42.15524986327675,43.99240551067504,42.014568365801566,43.89310073852539,1968100,0.0,0.0
2006-03-02 00:00:00-05:00,43.68622781706612,45.72199365472945,42.64351632968739,45.415802001953125,3076500,0.0,0.0
2006-03-03 00:00:00-05:00,45.515093190888706,46.79779064035447,44.52203598081004,46.02817153930664,2308900,0.0,0.0
2006-03-06 00:00:00-05:00,46.34264755241203,46.77297251564836,44.3979127125031,45.11787796020508,2038200,0.0,0.0
2006-03-07 00:00:00-05:00,44.42273368728293,44.8861612530205,42.37041702217431,42.999351501464844,1800600,0.0,0.0
2006-03-08 00:00:00-05:00,42.61868491549937,43.487608928039144,40.71532680306884,42.90005111694336,2393700,0.0,0.0
2006-03-09 00:00:00-05:00,43.24762010564322,44.439290226908334,42.66006228576522,42.92487716674805,1800000,0.0,0.0
2006-03-10 00:00:00-05:00,43.247613889956405,45.26683101329505,42.16352911325437,45.18407440185547,1957000,0.0,0.0
2006-03-13 00:00:00-05:00,45.87095141520022,45.90405406796255,44.34826411340276,44.505496978759766,1707900,0.0,0.0
2006-03-14 00:00:00-05:00,44.52205267525798,46.3012809753418,44.2737890688573,46.3012809753418,1669200,0.0,0.0
2006-03-15 00:00:00-05:00,46.499870235709416,48.81700463237125,46.49159615375121,47.26948928833008,2130100,0.0,0.0
2006-03-16 00:00:00-05:00,46.46537234197108,46.763812353229135,45.51202581976207,45.83533477783203,1971400,0.1,0.0
2006-03-17 00:00:00-05:00,45.802171010187394,46.74722887437177,45.63637066364765,46.58142852783203,1701300,0.0,0.0
2006-03-20 00:00:00-05:00,47.18660212293954,47.89125288007787,46.15035379983515,46.896453857421875,1822300,0.0,0.0
2006-03-21 00:00:00-05:00,46.42391343595832,47.601089723000044,45.90164352433791,46.06744384765625,1671200,0.0,0.0
2006-03-22 00:00:00-05:00,46.10890145082787,47.58452111578339,46.100612856237774,47.087120056152344,1307900,0.0,0.0
2006-03-23 00:00:00-05:00,47.02079586102219,47.50990510177941,46.45707662888238,47.25291442871094,1061700,0.0,0.0
2006-03-24 00:00:00-05:00,47.25291449448158,48.16481157942376,46.91302523601641,48.081912994384766,1293900,0.0,0.0
2006-03-27 00:00:00-05:00,48.181390802098385,49.308829241580064,47.750311212744904,48.96065139770508,1446000,0.0,0.0
2006-03-28 00:00:00-05:00,48.91092262301677,49.698472009592,47.76690354738517,48.231143951416016,1880300,0.0,0.0
2006-03-29 00:00:00-05:00,48.96894362542611,50.146123199562446,48.58760505505766,50.005191802978516,1607700,0.0,0.0
2006-03-30 00:00:00-05:00,50.27876239866028,51.5885784391577,50.27876239866028,50.89221954345703,2235800,0.0,0.0
2006-03-31 00:00:00-05:00,51.60514469724036,51.60514469724036,49.764767440655056,50.718116760253906,1492900,0.0,0.0
2006-04-03 00:00:00-04:00,51.8041277584286,53.213426115722264,51.107768756141084,51.41449737548828,2825900,0.0,0.0
2006-04-04 00:00:00-04:00,51.80411658891846,52.89010257761742,51.630024504098465,52.492183685302734,2422800,0.0,0.0
2006-04-05 00:00:00-04:00,52.49217062648942,54.97087370283606,52.47559028147049,54.71388626098633,3887200,0.0,0.0
2006-04-06 00:00:00-04:00,55.25275377007858,56.25584124113331,54.71390345593991,56.1397819519043,3078600,0.0,0.0
2006-04-07 00:00:00-04:00,56.139783424500166,56.703502697580916,54.10044772843785,54.49836349487305,3149000,0.0,0.0
2006-04-10 00:00:00-04:00,54.46519804779946,55.368809687200944,53.9595084649179,54.70560836791992,1524600,0.0,0.0
2006-04-11 00:00:00-04:00,54.67244702592423,54.871411214220416,53.105640410441325,53.37921142578125,2003200,0.0,0.0
2006-04-12 00:00:00-04:00,53.32948895690423,54.82997461002995,52.23520774160169,54.69733810424805,1877500,0.0,0.0
2006-04-13 00:00:00-04:00,54.672463264653274,55.23618264941462,53.578185203029285,55.103546142578125,1398300,0.0,0.0
2006-04-17 00:00:00-04:00,55.29420464148355,56.86101150512695,55.29420464148355,56.86101150512695,1766700,0.0,0.0
2006-04-18 00:00:00-04:00,58.029923445867595,60.47546768975384,57.20092453949806,60.2848014831543,3387500,0.0,0.0
2006-04-19 00:00:00-04:00,60.28478675638028,60.93140473342677,58.73455690325634,60.044376373291016,2961900,0.0,0.0
2006-04-20 00:00:00-04:00,59.663023449703964,59.68789239290661,57.40814650289976,58.73454284667969,2546400,0.0,0.0
2006-04-21 00:00:00-04:00,58.94181604276382,60.923122757112765,58.73456633352431,59.9117431640625,1899100,0.0,0.0
2006-04-24 00:00:00-04:00,60.516868723115515,63.09505363634092,60.516868723115515,61.77694320678711,3171000,0.0,0.0
2006-04-25 00:00:00-04:00,61.74380286227582,61.934468950088444,59.49721165987515,60.59978103637695,2779200,0.0,0.0
2006-04-26 00:00:00-04:00,62.42358800504864,62.96243195664911,59.68789049416356,59.878562927246094,4351700,0.0,0.0
2006-04-27 00:00:00-04:00,57.200903998772084,57.57395084277414,53.884909564060656,56.12320327758789,4839000,0.0,0.0
2006-04-28 00:00:00-04:00,56.4133662144896,58.02161945293527,56.371913748006826,57.48276901245117,2191100,0.0,0.0
2006-05-01 00:00:00-04:00,58.69309383203597,58.941789576597984,58.02989253035791,58.52729034423828,2250800,0.0,0.0
2006-05-02 00:00:00-04:00,58.73454290605839,60.0194931207185,58.170823668787435,59.563541412353516,2062400,0.0,0.0
2006-05-03 00:00:00-04:00,59.414332358106456,59.68790343345165,57.85581715647915,59.24853515625,2116500,0.0,0.0
2006-05-04 00:00:00-04:00,59.30656191181661,60.93139844470449,59.198794368350924,60.88994598388672,1643500,0.0,0.0
2006-05-05 00:00:00-04:00,61.30444323145775,62.41530463149076,60.80704534215882,62.216346740722656,1761000,0.0,0.0
2006-05-08 00:00:00-04:00,62.58939413925131,63.6670948463864,61.71065764943054,62.8132209777832,1642700,0.0,0.0
2006-05-09 00:00:00-04:00,63.526167051895904,65.3914140960016,63.15312017297798,65.34996795654297,2173500,0.0,0.0
2006-05-10 00:00:00-04:00,65.49088164187359,69.27111278614062,64.09816390586626,68.79029846191406,4631300,0.0,0.0
2006-05-11 00:00:00-04:00,69.61930329565925,72.53737550448955,68.40067437522268,70.07524871826172,6593200,0.0,0.0
2006-05-12 00:00:00-04:00,69.2213640463237,69.47006608776964,64.33027238768024,65.03491973876953,5624400,0.0,0.0
2006-05-15 00:00:00-04:00,60.72414678611503,63.003892911191016,60.53347432730636,62.589393615722656,4674700,0.0,0.0
2006-05-16 00:00:00-04:00,62.38215607628445,64.63703369326235,58.93351823272802,61.32933044433594,4303100,0.0,0.0
2006-05-17 00:00:00-04:00,61.801836262983954,62.96242901976271,59.10759133162896,59.861976623535156,3587000,0.0,0.0
2006-05-18 00:00:00-04:00,60.06923285821985,61.01429067853791,57.151160809032945,57.30866622924805,3729200,0.0,0.0
2006-05-19 00:00:00-04:00,55.21132308093873,56.16467303955089,51.05804016348322,54.19165802001953,10182900,0.0,0.0
2006-05-22 00:00:00-04:00,52.973004552820896,53.04761454310176,48.50470005414433,50.03834915161133,8952300,0.0,0.0
2006-05-23 00:00:00-04:00,52.931562652849514,55.542909670989374,52.43416472671758,52.948143005371094,6867700,0.0,0.0
2006-05-24 00:00:00-04:00,52.624828835980566,54.697328423038805,49.82281278434766,51.555419921875,6933400,0.0,0.0
2006-05-25 00:00:00-04:00,52.72618366770379,54.3038187767181,51.48068326610449,54.287208557128906,4671200,0.1,0.0
2006-05-26 00:00:00-04:00,55.46629714418916,56.34644889375602,53.34894354350447,55.79012680053711,3589800,0.0,0.0
2006-05-30 00:00:00-04:00,54.88506820351251,55.65727896534549,51.92908161776011,52.211395263671875,4329300,0.0,0.0
2006-05-31 00:00:00-04:00,53.141355724081144,53.498399461250045,51.69657372164517,52.83413314819336,4794500,0.0,0.0
2006-06-01 00:00:00-04:00,51.64675335348263,54.7854166855233,51.1153403274679,54.58613204956055,3964300,0.0,0.0
2006-06-02 00:00:00-04:00,55.40817651889742,56.24680908449982,54.38686317120774,55.64896774291992,3366000,0.0,0.0
2006-06-05 00:00:00-04:00,54.92656981130193,55.25039941383807,51.48068404758019,51.646751403808594,4336000,0.0,0.0
2006-06-06 00:00:00-04:00,51.68826772909714,52.35253399011335,48.997985412642265,52.07852554321289,6675200,0.0,0.0
2006-06-07 00:00:00-04:00,52.103445334776545,52.89226306895681,49.072725733573634,49.1972770690918,5897100,0.0,0.0
2006-06-08 00:00:00-04:00,48.0181955588078,52.36084008310245,45.48567544196387,52.10343551635742,10491300,0.0,0.0
2006-06-09 00:00:00-04:00,53.72259529543898,53.96339286197743,49.82833084345747,50.841339111328125,6904200,0.0,0.0
2006-06-12 00:00:00-04:00,50.84133042056598,51.82942635120203,48.375238398025736,48.64925003051758,4343600,0.0,0.0
2006-06-13 00:00:00-04:00,47.66115620473283,49.39655378473981,46.7726993887336,47.32902145385742,6030700,0.0,0.0
2006-06-14 00:00:00-04:00,47.53659417574491,49.74528121948242,47.3290107950648,49.74528121948242,4157800,0.0,0.0
2006-06-15 00:00:00-04:00,50.691875537220525,53.80563031223023,50.28501376761987,53.431976318359375,5174000,0.0,0.0
2006-06-16 00:00:00-04:00,52.3110204733073,53.93016857302768,52.3110204733073,53.822227478027344,4230700,0.0,0.0
2006-06-19 00:00:00-04:00,54.46157455257701,54.46157455257701,50.475977309967476,50.95756912231445,3874400,0.0,0.0
2006-06-20 00:00:00-04:00,51.02400921103159,53.257605842484196,50.55071923026829,51.821128845214844,4136200,0.0,0.0
2006-06-21 00:00:00-04:00,51.84603475532408,55.12585348279142,51.84603475532408,54.453285217285156,3919400,0.0,0.0
2006-06-22 00:00:00-04:00,53.63956059113698,54.92658047619962,53.357250148446255,54.187583923339844,3691600,0.0,0.0
2006-06-23 00:00:00-04:00,53.847130355847355,54.943170406877464,53.556514875449665,54.20417404174805,3737400,0.0,0.0
2006-06-26 00:00:00-04:00,54.43666556151092,54.98468874579353,53.46517682749239,54.46157455444336,3047400,0.0,0.0
2006-06-27 00:00:00-04:00,54.61936009788481,55.89807499781171,53.838844245150895,54.02151870727539,3508400,0.0,0.0
2006-06-28 00:00:00-04:00,54.59443520195609,55.009602009575524,53.88865289599159,54.71898651123047,2674500,0.0,0.0
2006-06-29 00:00:00-04:00,55.30021605251027,58.496999120057346,55.017905671531516,58.131656646728516,4471900,0.0,0.0
2006-06-30 00:00:00-04:00,58.53852803036772,59.194492437993446,57.09374911233861,57.492305755615234,3054200,0.0,0.0
2006-07-03 00:00:00-04:00,58.20640139380227,58.35586173962433,57.50061889100982,57.567047119140625,1394600,0.0,0.0
2006-07-05 00:00:00-04:00,57.293037468655655,57.467406822497324,55.964504533472876,56.969207763671875,2498200,0.0,0.0
2006-07-06 00:00:00-04:00,56.92767091751686,58.438877851390906,56.7449965076624,57.027313232421875,2598100,0.0,0.0
2006-07-07 00:00:00-04:00,56.59554766644709,57.19338260522504,55.29191768433944,55.46629333496094,2545600,0.0,0.0
2006-07-10 00:00:00-04:00,55.71538580671355,56.00600131283668,53.63955171305848,54.04641342163086,3922400,0.0,0.0
2006-07-11 00:00:00-04:00,53.69768188246886,54.09624486828807,52.39405815345617,54.054725646972656,3086100,0.0,0.0
2006-07-12 00:00:00-04:00,54.05473678213758,54.96810282473442,53.14137073954073,53.23270797729492,2196000,0.0,0.0
2006-07-13 00:00:00-04:00,52.23630064241057,52.70959066779824,50.75830745207518,50.87455368041992,3265200,0.0,0.0
2006-07-14 00:00:00-04:00,50.276710168607245,50.73339311795604,46.95537502065668,48.7655029296875,6012600,0.0,0.0
2006-07-17 00:00:00-04:00,47.910250077507044,48.42505603039475,46.357527108934484,47.021793365478516,3759700,0.0,0.0
2006-07-18 00:00:00-04:00,48.12614954168665,48.74889993379172,45.950675725491834,47.42866897583008,3501200,0.0,0.0
2006-07-19 00:00:00-04:00,47.594732234935805,51.356143262031274,47.594732234935805,50.60884475708008,4545600,0.0,0.0
2006-07-20 00:00:00-04:00,51.06552972270121,51.688280085173176,47.95177791034138,48.10123825073242,3579500,0.0,0.0
2006-07-21 00:00:00-04:00,48.57452198421646,48.57452198421646,46.141643963062236,46.3575325012207,4006500,0.0,0.0
2006-07-24 00:00:00-04:00,47.18786621150216,48.90665673604934,45.66835400336733,48.0181999206543,4449700,0.0,0.0
2006-07-25 00:00:00-04:00,48.90666424796399,50.79982438202353,47.75249755428978,49.67887496948242,4276600,0.0,0.0
2006-07-26 00:00:00-04:00,51.646758325850435,51.96228602822639,49.155757150977955,51.364444732666016,4659500,0.0,0.0
2006-07-27 00:00:00-04:00,52.07023697597216,52.2280024407222,49.23879856527152,49.36334991455078,3510100,0.0,0.0
2006-07-28 00:00:00-04:00,49.65396742178258,52.311036579974186,49.48790000549451,52.228004455566406,2820500,0.0,0.0
2006-07-31 00:00:00-04:00,51.812826626814584,54.029816191536035,51.58033102580631,53.05002212524414,2781500,0.0,0.0
2006-08-01 00:00:00-04:00,51.63014383653124,52.510298598534035,50.816417283345864,51.472381591796875,2467700,0.0,0.0
2006-08-02 00:00:00-04:00,51.74640715056062,53.315737677036566,51.60525191134093,52.211395263671875,2003900,0.0,0.0
2006-08-03 00:00:00-04:00,51.35614098387472,53.1330578630935,50.85794200267401,52.75940704345703,2490600,0.0,0.0
2006-08-04 00:00:00-04:00,53.72260296495295,54.59445612913005,51.20669215996982,52.178184509277344,3004600,0.0,0.0
2006-08-07 00:00:00-04:00,51.88754531695719,53.8471298487749,51.48068048076065,52.983585357666016,2130500,0.0,0.0
2006-08-08 00:00:00-04:00,53.365545253619324,54.01321087483147,51.69657587459181,51.97888946533203,2370100,0.0,0.0
2006-08-09 00:00:00-04:00,53.24100638884279,53.481803954890694,50.733394725133124,51.67167282104492,3098200,0.0,0.0
2006-08-10 00:00:00-04:00,50.9824915543034,51.47238857464259,49.46297932991393,50.31822204589844,3461200,0.0,0.0
2006-08-11 00:00:00-04:00,50.23518891569193,50.23518891569193,48.03480334082583,48.49148941040039,3006700,0.0,0.0
2006-08-14 00:00:00-04:00,47.04670835539194,47.74418880551044,46.20807269353924,46.34922790527344,4258900,0.0,0.0
2006-08-15 00:00:00-04:00,47.370530801000285,48.018193156789714,46.34091892046741,47.395442962646484,3536700,0.0,0.0
2006-08-16 00:00:00-04:00,47.47848197455538,49.74529263151299,47.32902165278044,49.6041374206543,3579800,0.0,0.0
2006-08-17 00:00:00-04:00,48.89835400503999,49.95287824708314,48.242389582691025,49.11424255371094,3091200,0.0,0.0
2006-08-18 00:00:00-04:00,49.18066151568228,50.23518562712512,48.83192290444227,50.14384841918945,2291400,0.0,0.0
2006-08-21 00:00:00-04:00,49.82004246940243,50.882869028491655,49.35505426606439,49.59585189819336,2009600,0.0,0.0
2006-08-22 00:00:00-04:00,49.32183001143391,50.08573560291411,49.06442538779751,49.68717575073242,1595100,0.0,0.0
2006-08-23 00:00:00-04:00,49.296912400470454,49.986090913083814,47.91855854271553,48.22578430175781,1475200,0.0,0.0
2006-08-24 00:00:00-04:00,48.250695979806316,48.49979547781946,46.94707221164794,47.586429595947266,2034800,0.0,0.0
2006-08-25 00:00:00-04:00,47.32902049473536,48.89835066750217,47.32902049473536,48.13444519042969,1339700,0.0,0.0
2006-08-28 00:00:00-04:00,47.73588966959635,48.51640227046759,47.32902472998426,47.984989166259766,1142200,0.0,0.0
2006-08-29 00:00:00-04:00,48.167661344787646,48.989693183417415,46.9802869495011,48.840232849121094,1762800,0.0,0.0
2006-08-30 00:00:00-04:00,48.56622055511841,48.89835214180534,47.51169635325711,47.686065673828125,1518100,0.0,0.0
2006-08-31 00:00:00-04:00,47.835528903908234,48.101235456396196,47.38714790878282,47.6196403503418,1128000,0.0,0.0
2006-09-01 00:00:00-04:00,48.15934684140274,50.21027176358429,47.5033825638871,49.79510498046875,1984800,0.0,0.0
2006-09-05 00:00:00-04:00,49.952885521628865,52.10345037288176,49.8283341740673,51.74640655517578,2726200,0.0,0.0
2006-09-06 00:00:00-04:00,51.655057115356016,51.71318021915631,50.110635974441905,50.30991744995117,2122000,0.0,0.0
2006-09-07 00:00:00-04:00,50.02761316586529,50.66697059389085,49.355041624507244,49.96949005126953,1830200,0.0,0.0
2006-09-08 00:00:00-04:00,50.53411328862848,50.53411328862848,48.740592488466376,49.03120803833008,1630500,0.0,0.0
2006-09-11 00:00:00-04:00,48.732286009205914,49.29691320521155,47.511697566566774,47.96007537841797,2810400,0.0,0.0
2006-09-12 00:00:00-04:00,48.01820015512842,49.853236901121946,47.96837899204619,49.6041374206543,2704800,0.0,0.0
2006-09-13 00:00:00-04:00,49.961178027635704,52.020408424768114,49.878145923263226,51.40596008300781,3071100,0.0,0.0
2006-09-14 00:00:00-04:00,51.07382941996775,51.86264714455258,50.235193695759286,50.824729919433594,1798200,0.0,0.0
2006-09-15 00:00:00-04:00,51.547108086213335,52.717878260059216,50.86623166402171,52.302711486816406,3630500,0.0,0.0
2006-09-18 00:00:00-04:00,52.72619291914822,54.80202728604382,52.27781193570552,54.054725646972656,2783500,0.0,0.0
2006-09-19 00:00:00-04:00,53.48179048695081,53.838827855209566,52.19477086647202,52.70127487182617,1981300,0.0,0.0
2006-09-20 00:00:00-04:00,53.61609518073558,54.0069689159169,51.93617374816382,51.994388580322266,1918700,0.1,0.0
2006-09-21 00:00:00-04:00,51.994394547772266,52.95078345190555,51.12948383862242,51.7365837097168,2490500,0.0,0.0
2006-09-22 00:00:00-04:00,51.93617013255419,52.09418135563115,49.857060064577404,50.555641174316406,1656900,0.0,0.0
2006-09-25 00:00:00-04:00,50.048344307429886,50.6637591908611,48.21041153013012,49.08363723754883,3387600,0.0,0.0
2006-09-26 00:00:00-04:00,49.24996509265351,52.93414874501854,49.10026889941069,52.62643814086914,3581500,0.0,0.0
2006-09-27 00:00:00-04:00,52.443478546973466,53.349970750804154,51.786478940831756,52.37694549560547,2461300,0.0,0.0
2006-09-28 00:00:00-04:00,52.14407032105336,52.49335921722101,50.82175646526097,51.57855224609375,1996400,0.0,0.0
2006-09-29 00:00:00-04:00,51.852999276626,52.651379883754295,51.428862255860594,51.71993637084961,1036500,0.0,0.0
2006-10-02 00:00:00-04:00,51.869642357399016,52.29378263094102,51.037998245715656,51.28749084472656,1591700,0.0,0.0
2006-10-03 00:00:00-04:00,50.938183130522816,50.946498172698426,49.87368007376086,50.14812088012695,2244000,0.0,0.0
2006-10-04 00:00:00-04:00,50.23130605927725,51.462138974766674,49.748950947445564,51.312442779541016,2445900,0.0,0.0
2006-10-05 00:00:00-04:00,52.0359622676619,54.4976276252322,51.66172185156879,54.447731018066406,4030900,0.0,0.0
2006-10-06 00:00:00-04:00,54.20655134236695,54.93008384205695,53.2252112560362,54.45604705810547,2241500,0.0,0.0
2006-10-09 00:00:00-04:00,54.88850202216748,57.849152525103605,54.76375415767456,57.084041595458984,3633300,0.0,0.0
2006-10-10 00:00:00-04:00,56.72642856140381,58.273286693106876,56.601680709826596,57.965576171875,2182600,0.0,0.0
2006-10-11 00:00:00-04:00,57.965577527714856,60.202701658191714,57.965577527714856,59.013450622558594,3787800,0.0,0.0
2006-10-12 00:00:00-04:00,59.96153287325098,61.25058364868164,59.52076255563441,61.25058364868164,3055800,0.0,0.0
2006-10-13 00:00:00-04:00,61.250574066878684,62.34834375324697,60.79316738716716,61.757877349853516,2253900,0.0,0.0
2006-10-16 00:00:00-04:00,64.03658421318228,65.05950906446508,62.664370425340415,63.570865631103516,4575800,0.0,0.0
2006-10-17 00:00:00-04:00,63.213242165725404,64.36090823751421,62.614457660465796,64.03656768798828,3447600,0.0,0.0
2006-10-18 00:00:00-04:00,64.39418480603608,65.07613252244172,61.58323082279113,62.6394157409668,2965400,0.0,0.0
2006-10-19 00:00:00-04:00,62.36497898146691,64.36092576078053,62.21528281439489,64.02826690673828,2572700,0.0,0.0
2006-10-20 00:00:00-04:00,64.07818447931385,64.20292602621866,63.254852200093985,63.720577239990234,1871500,0.0,0.0
2006-10-23 00:00:00-04:00,63.48771018330204,64.60211662292156,63.28811736760199,64.18629455566406,1589000,0.0,0.0
2006-10-24 00:00:00-04:00,64.03657961872648,66.05747452802413,63.42116491585681,65.32563018798828,3061600,0.0,0.0
2006-10-25 00:00:00-04:00,66.53150602231507,69.15118534093149,65.90777315335586,68.02014923095703,5661000,0.0,0.0
2006-10-26 00:00:00-04:00,67.74573347080363,68.58569586087262,66.55648205137815,68.02849578857422,2398500,0.0,0.0
2006-10-27 00:00:00-04:00,66.8558571139312,68.25301921378134,66.14896102033306,66.60636138916016,2570300,0.0,0.0
2006-10-30 00:00:00-05:00,65.6499702675221,66.47329593652776,64.45240104355798,65.57511901855469,1903000,0.0,0.0
2006-10-31 00:00:00-05:00,64.91812787165999,66.48162263464863,64.51062409287556,65.47533416748047,2076000,0.0,0.0
2006-11-01 00:00:00-05:00,65.53355566143189,65.99927431314647,62.947142080055585,63.08852005004883,2805000,0.0,0.0
2006-11-02 00:00:00-05:00,62.506369075817176,63.32137668163987,61.7745182600444,62.64774703979492,2167700,0.0,0.0
2006-11-03 00:00:00-05:00,62.73089707383309,63.89519975536301,62.29012683998957,62.6394157409668,1770700,0.0,0.0
2006-11-06 00:00:00-05:00,63.20492469789467,65.69985593596945,62.689303291181446,64.83494567871094,2039600,0.0,0.0
2006-11-07 00:00:00-05:00,64.87654307724512,65.64165395026286,63.91183309783532,64.01995086669922,1844400,0.0,0.0
2006-11-08 00:00:00-05:00,63.545906582228604,64.99296503537727,63.13008467713334,64.36923217773438,1754200,0.0,0.0
2006-11-09 00:00:00-05:00,64.58549398031187,66.53153843393225,64.1946201768218,64.88488006591797,2874200,0.0,0.0
2006-11-10 00:00:00-05:00,64.41082790016004,64.7185384769417,62.81407287754586,63.512657165527344,1744300,0.0,0.0
2006-11-13 00:00:00-05:00,62.80571593376978,64.8099798655755,62.67265626973521,64.6686019897461,1815000,0.0,0.0
2006-11-14 00:00:00-05:00,64.71020350052537,65.15097370923158,64.03657403778108,64.99296569824219,1693500,0.0,0.0
2006-11-15 00:00:00-05:00,64.89320688010051,66.9224211014922,63.81207304431494,65.5834732055664,2894700,0.0,0.0
2006-11-16 00:00:00-05:00,65.77469995400308,66.47328399075418,63.570849132256434,63.687278747558594,2366500,0.0,0.0
2006-11-17 00:00:00-05:00,63.68732520204983,66.29036970705944,63.47109589665142,65.40882873535156,2587400,0.0,0.0
2006-11-20 00:00:00-05:00,67.1552808046341,69.60031720734551,66.26542160999888,66.53154754638672,3646100,0.0,0.0
2006-11-21 00:00:00-05:00,67.11364998735043,68.72704093841391,66.78099755388199,68.56071472167969,2165500,0.0,0.0
2006-11-22 00:00:00-05:00,68.77695447454172,69.3591090663759,67.31326564093928,68.4526138305664,1726600,0.0,0.0
2006-11-24 00:00:00-05:00,68.1781889075291,69.23437416609663,68.09501941816342,68.8351821899414,585900,0.0,0.0
2006-11-27 00:00:00-05:00,69.42565602285906,70.67312224047559,68.26135295076205,68.88508605957031,2935400,0.0,0.0
2006-11-28 00:00:00-05:00,68.8019049468191,69.42563789274301,67.68749878406646,68.79358673095703,2830600,0.0,0.0
2006-11-29 00:00:00-05:00,69.09300453914264,74.76481796579215,69.02647147758299,73.48408508300781,7718900,0.0,0.0
2006-11-30 00:00:00-05:00,73.18467840592038,75.15567714262212,72.78548645920507,74.55689239501953,3026200,0.0,0.0
2006-12-01 00:00:00-05:00,74.84797265685917,74.84797265685917,71.84573680158319,73.23458099365234,3469900,0.0,0.0
2006-12-04 00:00:00-05:00,74.27413693247925,78.47394242379187,74.24087040511927,78.10801696777344,4509700,0.0,0.0
2006-12-05 00:00:00-05:00,78.44899216378795,79.39706596267779,76.6443259277381,78.7650146484375,3442400,0.0,0.0
2006-12-06 00:00:00-05:00,78.59035040265401,80.57797886291432,77.88345433997785,78.9812240600586,3311300,0.0,0.0
2006-12-07 00:00:00-05:00,79.33883974045756,80.54472101572706,78.63194360168094,79.7297134399414,2840900,0.0,0.0
2006-12-08 00:00:00-05:00,79.75464993225108,81.88365624992008,78.76499167758185,81.66742706298828,3161800,0.0,0.0
2006-12-11 00:00:00-05:00,81.71736560551975,82.09992119830245,79.84616604705133,81.22669219970703,2837700,0.0,0.0
2006-12-12 00:00:00-05:00,78.38245307607731,78.73174206036796,74.01632173762208,74.65668487548828,7295800,0.0,0.0
2006-12-13 00:00:00-05:00,75.67958834560413,76.18689158826318,74.93942584630267,75.85423278808594,5276400,0.0,0.0
2006-12-14 00:00:00-05:00,75.92910792146321,76.09543420141345,73.4840722675613,74.12443542480469,4396000,0.0,0.0
2006-12-15 00:00:00-05:00,73.93315344121385,75.02260505926509,72.43619169165163,73.57554626464844,4024400,0.0,0.0
2006-12-18 00:00:00-05:00,73.67534219430085,74.01631929505173,71.23031304001259,71.53801727294922,3417300,0.0,0.0
2006-12-19 00:00:00-05:00,70.31549579980351,73.57553843534285,70.13253312266637,73.2511978149414,3463000,0.0,0.0
2006-12-20 00:00:00-05:00,74.95859797533414,75.40835032570443,73.09296353826849,73.23455047607422,2753100,0.13,0.0
2006-12-21 00:00:00-05:00,73.25121628706944,73.57603641935182,71.56048422562013,72.71817779541016,2156600,0.0,0.0
2006-12-22 00:00:00-05:00,73.35111972779688,74.49215794558008,72.19342684707738,74.23396301269531,2638800,0.0,0.0
2006-12-26 00:00:00-05:00,74.63376594568815,74.63376594568815,73.62599016341015,74.20066833496094,1248300,0.0,0.0
2006-12-27 00:00:00-05:00,74.27564141190352,76.76593080853648,74.15903965783502,76.62434387207031,2206000,0.0,0.0
2006-12-28 00:00:00-05:00,77.45723125185197,77.57383302711129,75.87477041777805,76.2995376586914,1943300,0.0,0.0
2006-12-29 00:00:00-05:00,75.87476103201854,76.58270210975455,75.00024782575149,75.52495574951172,1273400,0.0,0.0
2007-01-03 00:00:00-05:00,75.583259641459,76.13295912528848,72.62655658483108,73.66764831542969,3156400,0.0,0.0
2007-01-04 00:00:00-05:00,73.45112570065173,73.60104320462737,71.56882956280667,72.4183578491211,2619100,0.0,0.0
2007-01-05 00:00:00-05:00,71.54381094511685,72.40166934594023,70.87750982667933,71.60211181640625,2291900,0.0,0.0
2007-01-08 00:00:00-05:00,72.46000166930801,74.60881703695215,71.63545860193615,73.54273986816406,2708900,0.0,0.0
2007-01-09 00:00:00-05:00,72.34337027629729,73.54270977762593,71.46885083085873,72.96802520751953,2193100,0.0,0.0
2007-01-10 00:00:00-05:00,72.45997864113815,74.62544799633133,71.5604739329702,73.83422088623047,2014500,0.0,0.0
2007-01-11 00:00:00-05:00,74.5504996459158,76.31618718318889,73.92584459731755,75.30008697509766,2985900,0.0,0.0
2007-01-12 00:00:00-05:00,75.30006565588796,75.86641330612382,74.55047853893174,75.49162292480469,1696100,0.0,0.0
2007-01-16 00:00:00-05:00,75.6248873842363,76.87419715586365,74.81699938189305,75.3750228881836,1677800,0.0,0.0
2007-01-17 00:00:00-05:00,75.17515686202901,76.58270862451674,74.9586079930617,76.2412338256836,1551500,0.0,0.0
2007-01-18 00:00:00-05:00,76.62433439105763,77.45720759096044,75.04187404037867,75.2584228515625,2473100,0.0,0.0
2007-01-19 00:00:00-05:00,75.25842816641796,76.62433980237567,74.75037497025237,76.25787353515625,2028600,0.0,0.0
2007-01-22 00:00:00-05:00,78.80645087724595,78.80645087724595,76.24953084849373,76.77423858642578,3285500,0.0,0.0
2007-01-23 00:00:00-05:00,77.37394118069031,78.7065373679073,76.6576695386262,78.6065902709961,2504800,0.0,0.0
2007-01-24 00:00:00-05:00,76.45777105059098,83.28732953035228,75.84144023695671,82.97916412353516,6671000,0.0,0.0
2007-01-25 00:00:00-05:00,83.88699276550604,84.7864973791914,80.39725189745837,81.21347045898438,3950100,0.0,0.0
2007-01-26 00:00:00-05:00,82.14627632371818,83.94528537399705,80.93028228980057,83.71208190917969,3591800,0.0,0.0
2007-01-29 00:00:00-05:00,83.55386311947785,86.7604245877342,83.29567438685318,84.88645935058594,6389900,0.0,0.0
2007-01-30 00:00:00-05:00,85.16960906982422,86.02746738727511,83.97860022553239,85.16960906982422,3275300,0.0,0.0
2007-01-31 00:00:00-05:00,85.11964636014905,86.72709203878973,84.37838965203008,86.19405364990234,2860200,0.0,0.0
2007-02-01 00:00:00-05:00,86.78538059596005,87.04357559609664,85.09464910046756,86.5355224609375,2279000,0.0,0.0
2007-02-02 00:00:00-05:00,86.61882397547974,86.61882397547974,84.45335464695656,85.20294189453125,2292700,0.0,0.0
2007-02-05 00:00:00-05:00,85.20294534701418,86.26902220706567,83.97862051875153,84.40338134765625,1868900,0.0,0.0
2007-02-06 00:00:00-05:00,85.16129864140993,85.36118646292364,84.12020697097704,84.97806549072266,1810500,0.0,0.0
2007-02-07 00:00:00-05:00,85.24458361677164,85.75263685380753,83.57050645286127,84.95307922363281,1763000,0.0,0.0
2007-02-08 00:00:00-05:00,84.50330164751908,84.9197381861059,83.72039892159432,84.46998596191406,2523700,0.0,0.0
2007-02-09 00:00:00-05:00,84.50330006826441,85.11962435464578,80.63043906092219,80.90528869628906,2820000,0.0,0.0
2007-02-12 00:00:00-05:00,81.16350387654755,82.28788796117968,80.15572790467785,80.82202911376953,2420500,0.0,0.0
2007-02-13 00:00:00-05:00,82.32118282345928,84.04523642217018,81.7048584437609,83.05411529541016,2611000,0.0,0.0
2007-02-14 00:00:00-05:00,83.70376680982356,84.51165492905719,82.67100569506094,83.86201477050781,2758400,0.0,0.0
2007-02-15 00:00:00-05:00,83.86199498014206,86.09409515582948,83.62879152742087,85.25289154052734,2474700,0.0,0.0
2007-02-16 00:00:00-05:00,84.69488477838158,85.65268395450715,84.53663682385148,85.44446563720703,1132900,0.0,0.0
2007-02-20 00:00:00-05:00,84.95307562982879,86.4106038881837,83.96195438076539,85.77761840820312,1546900,0.0,0.0
2007-02-21 00:00:00-05:00,85.3195432432061,89.8087298406879,85.02803250352832,89.63382720947266,3766200,0.0,0.0
2007-02-22 00:00:00-05:00,90.15852420373034,90.15852420373034,87.74319064472981,88.68434143066406,2543700,0.0,0.0
2007-02-23 00:00:00-05:00,90.1168885602511,91.61606304267706,89.11744314151314,89.79206848144531,2884600,0.0,0.0
2007-02-26 00:00:00-05:00,91.10800968959266,91.34121319667366,89.11744301288404,89.18407440185547,1965900,0.0,0.0
2007-02-27 00:00:00-05:00,84.52829023616215,86.76872093760316,79.7809160463135,82.1795883178711,5223000,0.0,0.0
2007-02-28 00:00:00-05:00,83.32063181306536,85.78593560782049,81.25510357728784,85.2195816040039,4268700,0.0,0.0
2007-03-01 00:00:00-05:00,81.621597642799,85.60273169480757,81.24680713412643,83.85369873046875,3808600,0.0,0.0
2007-03-02 00:00:00-05:00,83.28734158748006,84.51999703887552,79.91420171145916,80.83869171142578,2844500,0.0,0.0
2007-03-05 00:00:00-05:00,79.53939882570018,81.13851401003896,78.59825429992469,78.65655517578125,3810300,0.0,0.0
2007-03-06 00:00:00-05:00,80.95528435085838,83.20404613268839,80.59714856825134,82.73763275146484,3047400,0.0,0.0
2007-03-07 00:00:00-05:00,82.46277805917963,84.27011139453649,81.99636474201267,82.49609375,2714600,0.0,0.0
2007-03-08 00:00:00-05:00,84.12018097571539,86.3439505715224,84.04522544868063,85.21124267578125,2964000,0.0,0.0
2007-03-09 00:00:00-05:00,86.20238540843569,86.7853941689874,84.70321094656141,85.62770080566406,1991400,0.0,0.0
2007-03-12 00:00:00-04:00,85.11964589775855,87.27679097752554,84.56995284221898,86.48555755615234,2692200,0.0,0.0
2007-03-13 00:00:00-04:00,86.13574745229397,87.36007211041478,83.47055567254138,83.57882690429688,3499800,0.0,0.0
2007-03-14 00:00:00-04:00,83.7537107742598,85.04466652652603,81.80479091293698,84.53661346435547,4177000,0.0,0.0
2007-03-15 00:00:00-04:00,84.77012821705785,86.50472752117425,84.51994330037051,85.92930603027344,2016500,0.13,0.0
2007-03-16 00:00:00-04:00,86.38798119366557,86.42968080605661,84.82851494473442,85.31220245361328,1856300,0.0,0.0
2007-03-19 00:00:00-04:00,86.6048342868504,87.63892009412724,85.52904885439351,87.33870697021484,2117400,0.0,0.0
2007-03-20 00:00:00-04:00,87.92243732099033,89.35681746972939,87.3553569450346,88.38944244384766,2527600,0.0,0.0
2007-03-21 00:00:00-04:00,88.37277453684334,90.75784754054595,87.95580382098579,90.54936218261719,2041700,0.0,0.0
2007-03-22 00:00:00-04:00,91.27485773117087,91.27485773117087,89.23170442712502,90.39922332763672,2003300,0.0,0.0
2007-03-23 00:00:00-04:00,90.39925705159571,91.04973038330277,89.05661076949534,90.07402038574219,1851900,0.0,0.0
2007-03-26 00:00:00-04:00,90.01561473949975,90.98298321845536,88.189281484123,90.58269500732422,2257500,0.0,0.0
2007-03-27 00:00:00-04:00,90.065672599633,90.67445263057942,88.64797474258896,89.1483383178711,1860900,0.0,0.0
2007-03-28 00:00:00-04:00,88.48118108332265,88.7563832717421,87.14687611859375,87.6472396850586,2152400,0.0,0.0
2007-03-29 00:00:00-04:00,88.55624721209298,90.50766720841492,88.39779629594995,89.80715942382812,2257000,0.0,0.0
2007-03-30 00:00:00-04:00,89.80716232664068,90.76618996332785,88.19765497435239,88.97322082519531,2189100,0.0,0.0
2007-04-02 00:00:00-04:00,89.81547495019194,90.85790156921676,88.66463825327672,90.79119110107422,1726300,0.0,0.0
2007-04-03 00:00:00-04:00,91.73354470640402,92.42571752527178,90.52433234389744,91.65849304199219,2027100,0.0,0.0
2007-04-04 00:00:00-04:00,92.51745470930045,92.73427487769341,90.79119638227984,92.40070343017578,1859700,0.0,0.0
2007-04-05 00:00:00-04:00,92.85935114634684,92.85935114634684,91.7085145833278,92.45072174072266,1384100,0.0,0.0
2007-04-09 00:00:00-04:00,93.40141225253606,95.35283156168559,93.01780007285195,94.51889038085938,2168800,0.0,0.0
2007-04-10 00:00:00-04:00,94.75240591694237,95.06930129744583,92.64252923665858,93.57654571533203,1840500,0.0,0.0
2007-04-11 00:00:00-04:00,93.8517459640222,94.70236321167157,92.22555676231417,93.0261459350586,2354800,0.0,0.0
2007-04-12 00:00:00-04:00,93.60990504975396,94.40214669004355,93.05116594081427,94.32709503173828,1359500,0.0,0.0
2007-04-13 00:00:00-04:00,95.01093200636015,95.31949257603895,93.77669609011207,94.8691635131836,1274500,0.0,0.0
2007-04-16 00:00:00-04:00,95.88656895365624,97.30426655184299,95.2360894258456,96.84559631347656,2056500,0.0,0.0
2007-04-17 00:00:00-04:00,96.81224924490951,96.89564847072555,94.77743665684447,95.35285186767578,2059900,0.0,0.0
2007-04-18 00:00:00-04:00,94.93586819713971,95.96995992104792,94.23536060591168,95.15269470214844,1494200,0.0,0.0
2007-04-19 00:00:00-04:00,94.2353668225532,95.15270097930586,93.06784773101928,94.76908874511719,1760500,0.0,0.0
2007-04-20 00:00:00-04:00,96.0700518796345,98.2549807551275,95.61138790255349,97.60450744628906,3021000,0.0,0.0
2007-04-23 00:00:00-04:00,98.19660620081328,99.82278949099863,97.51277446308553,99.0555648803711,2756700,0.0,0.0
2007-04-24 00:00:00-04:00,98.48015192327152,99.2390417672414,96.91234414214341,98.2049560546875,2478900,0.0,0.0
2007-04-25 00:00:00-04:00,96.02834006356858,96.48700395199447,92.1755290434689,94.14363098144531,5787900,0.0,0.0
2007-04-26 00:00:00-04:00,94.29373716888446,96.1784461810893,92.94275004930044,95.56132507324219,2942400,0.0,0.0
2007-04-27 00:00:00-04:00,95.56135839406858,95.89493628388695,94.4105213547877,95.0693359375,1582800,0.0,0.0
2007-04-30 00:00:00-04:00,95.38618385754538,95.55297590049794,91.26651901483801,91.38327026367188,2895600,0.0,0.0
2007-05-01 00:00:00-04:00,90.81619283182589,92.00872893508344,87.59717947233251,89.0398941040039,4386100,0.0,0.0
2007-05-02 00:00:00-04:00,90.04900244859395,91.64182734283119,89.74044181516986,91.24153900146484,2917100,0.0,0.0
2007-05-03 00:00:00-04:00,91.96705055883945,92.5174549008245,89.19002435148037,90.38256072998047,2698100,0.0,0.0
2007-05-04 00:00:00-04:00,91.31658315727623,91.7085366326585,89.83216848559118,90.63275146484375,1659500,0.0,0.0
2007-05-07 00:00:00-04:00,92.40071501318766,94.03523948829863,91.5667735649187,93.20963287353516,2607800,0.0,0.0
2007-05-08 00:00:00-04:00,93.12621941826204,94.8608187742693,93.12621941826204,94.61063385009766,2629900,0.0,0.0
2007-05-09 00:00:00-04:00,94.68571296367766,97.15417889132588,94.65235454219302,96.97071075439453,2641300,0.0,0.0
2007-05-10 00:00:00-04:00,95.95332193673862,96.51206766446076,93.15961874800675,93.82677459716797,2159200,0.0,0.0
2007-05-11 00:00:00-04:00,95.78649141343827,96.85393518351329,94.74406486258897,96.05335235595703,1875900,0.0,0.0
2007-05-14 00:00:00-04:00,96.48702761792492,96.94569798131862,94.37715667125121,95.18608093261719,1539700,0.0,0.0
2007-05-15 00:00:00-04:00,95.34450264616571,96.37024679923951,94.62731267716235,95.30280303955078,1739000,0.0,0.0
2007-05-16 00:00:00-04:00,95.67808168372727,96.10338713701394,93.09285873843137,94.69403076171875,1930800,0.0,0.0
2007-05-17 00:00:00-04:00,93.74335659139825,94.55227441151271,92.65923021758232,94.02689361572266,1682900,0.0,0.0
2007-05-18 00:00:00-04:00,94.28539371782664,95.71143246201704,93.90178151434266,95.30280303955078,1777700,0.0,0.0
2007-05-21 00:00:00-04:00,95.90328049315575,96.52873667028503,94.60233368071702,95.54468536376953,1546100,0.0,0.0
2007-05-22 00:00:00-04:00,94.66069447971027,95.86156582485053,93.74336016971743,93.9435043334961,1446000,0.0,0.0
2007-05-23 00:00:00-04:00,94.70235975797058,95.90323711082581,93.75166730778231,94.10192108154297,1636400,0.0,0.0
2007-05-24 00:00:00-04:00,94.2353836362513,94.2353836362513,89.84884983770989,90.83290100097656,2849500,0.0,0.0
2007-05-25 00:00:00-04:00,91.58344525736182,92.7092648867168,91.08308168458937,92.6175308227539,1243000,0.0,0.0
2007-05-29 00:00:00-04:00,93.40233975532045,93.51087687280412,91.02281681038662,91.99132537841797,1335900,0.13,0.0
2007-05-30 00:00:00-04:00,90.7473019151439,93.86154463136482,89.78714428033229,93.8031005859375,1522300,0.0,0.0
2007-05-31 00:00:00-04:00,94.02017097267476,96.70860950976592,93.84483885546305,96.50822448730469,2784000,0.0,0.0
2007-06-01 00:00:00-04:00,97.00919425348646,97.55188624800148,95.61487534917885,97.3014144897461,1542000,0.0,0.0
2007-06-04 00:00:00-04:00,97.32645715367849,97.3515036915145,95.07217956951355,96.1575698852539,1269100,0.0,0.0
2007-06-05 00:00:00-04:00,96.01563861200879,97.1928768908149,95.7150674076295,96.70027160644531,1452900,0.0,0.0
2007-06-06 00:00:00-04:00,95.95719813124053,96.01564218037947,94.3291093552818,94.48773956298828,1921200,0.0,0.0
2007-06-07 00:00:00-04:00,94.95531679137196,95.17239109043042,91.23992435384251,91.55719757080078,3005300,0.0,0.0
2007-06-08 00:00:00-04:00,91.5404959927462,93.41071230625992,90.59704004943937,93.22703552246094,3416400,0.0,0.0
2007-06-11 00:00:00-04:00,92.25013963702476,92.84293098421547,90.64709770913532,91.5905532836914,2521200,0.0,0.0
2007-06-12 00:00:00-04:00,92.46726219205168,92.46726219205168,88.48470209950425,89.0858383178711,3528200,0.0,0.0
2007-06-13 00:00:00-04:00,89.84560361987243,90.03763135756907,88.10897116023493,89.77880859375,2833900,0.0,0.0
2007-06-14 00:00:00-04:00,90.8975948335741,93.3355557390532,90.73060728324585,91.35679626464844,2456400,0.0,0.0
2007-06-15 00:00:00-04:00,92.67597122818162,93.26041174201143,91.47368631981877,92.0080337524414,1802400,0.0,0.0
2007-06-18 00:00:00-04:00,92.18336903979157,92.43384080695675,90.58867139816832,91.1063232421875,1568900,0.0,0.0
2007-06-19 00:00:00-04:00,90.87253504837885,92.80120129672862,90.37158517514222,92.75945281982422,1699400,0.0,0.0
2007-06-20 00:00:00-04:00,91.67406781322427,92.66761664803006,90.22130481557195,90.39663696289062,1631300,0.0,0.0
2007-06-21 00:00:00-04:00,90.25471642235554,91.21487426757812,88.16741952836061,91.21487426757812,2908700,0.0,0.0
2007-06-22 00:00:00-04:00,90.24634889484224,91.82435091753693,88.50137206915517,89.14425659179688,1916900,0.0,0.0
2007-06-25 00:00:00-04:00,88.793606350646,90.07938196921589,88.1256751834168,88.25090789794922,1653000,0.0,0.0
2007-06-26 00:00:00-04:00,89.64523619695439,89.64523619695439,85.46229111582535,86.00498962402344,2321200,0.0,0.0
2007-06-27 00:00:00-04:00,84.7442544142973,86.35564788110999,82.79889216841872,86.32225036621094,3020300,0.0,0.0
2007-06-28 00:00:00-04:00,87.0235894771439,88.86040829234796,86.50593752707643,87.95869445800781,1910900,0.0,0.0
2007-06-29 00:00:00-04:00,88.26761161540462,88.50138784713364,86.83155034058395,87.56627655029297,1629900,0.0,0.0
2007-07-02 00:00:00-04:00,89.33630850384931,90.93100641414543,87.95869125760875,90.46344757080078,2244200,0.0,0.0
2007-07-03 00:00:00-04:00,91.30672132617713,91.64069012326594,90.19627778307495,90.76402282714844,798000,0.0,0.0
2007-07-05 00:00:00-04:00,90.79740584092818,90.86420086366188,89.26950313799563,90.78905487060547,1690600,0.0,0.0
2007-07-06 00:00:00-04:00,90.77234992360611,90.77234992360611,88.993969254081,89.93743133544922,1710600,0.0,0.0
2007-07-09 00:00:00-04:00,90.35491298749238,91.63233772427839,89.62018037135671,89.80386352539062,1733700,0.0,0.0
2007-07-10 00:00:00-04:00,89.3363134847538,93.0516996751684,87.32415607673877,90.32151794433594,5190200,0.0,0.0
2007-07-11 00:00:00-04:00,91.03116483460462,92.44217916586176,90.58865904004824,91.7825927734375,2301500,0.0,0.0
2007-07-12 00:00:00-04:00,93.00158938209272,95.58149136368118,91.78260889823991,95.43120574951172,2835700,0.0,0.0
2007-07-13 00:00:00-04:00,96.01566238964021,97.00921780404813,95.07220643498457,95.99061584472656,1669600,0.0,0.0
2007-07-16 00:00:00-04:00,95.65663471892215,96.22437968683884,94.18717603079817,95.0220947265625,1780800,0.0,0.0
2007-07-17 00:00:00-04:00,96.17428828512801,96.17428828512801,94.2706746446875,94.71318054199219,1864500,0.0,0.0
2007-07-18 00:00:00-04:00,93.76139494555011,95.79024812578008,93.0684107303032,95.35608673095703,1755000,0.0,0.0
2007-07-19 00:00:00-04:00,95.5397374286007,97.05928905404778,95.39780279274417,96.88395690917969,2164500,0.0,0.0
2007-07-20 00:00:00-04:00,96.35795297186226,96.62512665322838,93.92833693231661,94.39588928222656,2172800,0.0,0.0
2007-07-23 00:00:00-04:00,95.63994008930563,95.63994008930563,93.54429235872769,94.95530700683594,1211800,0.0,0.0
2007-07-24 00:00:00-04:00,94.34580854760833,94.75491690728919,91.456990749391,92.0080337524414,2458500,0.0,0.0
2007-07-25 00:00:00-04:00,94.8467598781096,95.6399364385718,88.55982329628272,90.09607696533203,5285100,0.0,0.0
2007-07-26 00:00:00-04:00,87.66644913474516,92.1332621738166,86.0717516214929,88.15070343017578,3582100,0.0,0.0
2007-07-27 00:00:00-04:00,87.20725688659839,90.22966491603859,85.25355015883997,85.5040283203125,3348900,0.0,0.0
2007-07-30 00:00:00-04:00,86.41407941542022,89.57007086183908,85.6042073137884,89.17765808105469,2243700,0.0,0.0
2007-07-31 00:00:00-04:00,90.21295767501627,91.23155302076368,87.44102816561335,87.6080093383789,1792200,0.0,0.0
2007-08-01 00:00:00-04:00,86.06340327680549,88.20079266717428,84.61064045373655,87.27403259277344,3352200,0.0,0.0
2007-08-02 00:00:00-04:00,87.66642825410416,88.66832774332528,86.41405070761695,88.26757049560547,2102700,0.0,0.0
2007-08-03 00:00:00-04:00,87.62470512664261,88.08391290778052,85.49566650390625,85.49566650390625,2390800,0.0,0.0
2007-08-06 00:00:00-04:00,85.17005370179,86.39738514269892,83.31653327020705,85.08656311035156,3045600,0.0,0.0
2007-08-07 00:00:00-04:00,84.01785050540354,85.98825877217357,81.55484335690251,84.94461059570312,3683400,0.0,0.0
2007-08-08 00:00:00-04:00,85.9966393622984,90.52189788539653,85.96324184475698,89.77046966552734,2985400,0.0,0.0
2007-08-09 00:00:00-04:00,85.66265279209784,90.92264287044087,85.57916220052113,87.42433166503906,2948800,0.0,0.0
2007-08-10 00:00:00-04:00,86.0968043405782,86.0968043405782,81.19583009222481,83.2163314819336,6265200,0.0,0.0
2007-08-13 00:00:00-04:00,84.82772963292751,85.36207703455827,81.07059588212923,81.16243743896484,2894500,0.0,0.0
2007-08-14 00:00:00-04:00,82.2478432994696,82.61520319761348,77.25502664770256,77.80607604980469,4593000,0.0,0.0
2007-08-15 00:00:00-04:00,77.93131897530738,79.14195507653884,75.1844416851038,75.27628326416016,3432600,0.0,0.0
2007-08-16 00:00:00-04:00,73.65652531925771,73.99049405776331,66.79349290416675,73.14722442626953,6821200,0.0,0.0
2007-08-17 00:00:00-04:00,76.47855746217687,77.76433312235045,72.95519926103911,76.97950744628906,3873600,0.0,0.0
2007-08-20 00:00:00-04:00,77.77267077051037,79.13358582869952,76.26981470569987,78.5407943725586,1906100,0.0,0.0
2007-08-21 00:00:00-04:00,77.79770605654348,82.0140470279813,77.1381196773923,81.1540756225586,2689200,0.0,0.0
2007-08-22 00:00:00-04:00,82.84061490625439,83.07439106796153,80.68652363922831,81.22087097167969,2225200,0.0,0.0
2007-08-23 00:00:00-04:00,81.84709248209565,81.86379442597544,78.03986462793011,79.46757507324219,2315100,0.0,0.0
2007-08-24 00:00:00-04:00,79.59280272992757,82.26454007332119,79.01670677747657,81.94727325439453,1456200,0.0,0.0
2007-08-27 00:00:00-04:00,81.50474879069326,82.86566369472405,80.69487680139092,81.40455627441406,1368900,0.0,0.0
2007-08-28 00:00:00-04:00,80.34423005149976,80.50286027442765,77.09639041794313,77.22998046875,1457800,0.0,0.0
2007-08-29 00:00:00-04:00,78.2652809990544,80.48616790771484,78.2652809990544,80.48616790771484,2095700,0.0,0.0
2007-08-30 00:00:00-04:00,79.15861996951159,81.18747215426488,79.14192440248364,79.48423767089844,1238600,0.0,0.0
2007-08-31 00:00:00-04:00,81.33777601990352,83.70059740562203,80.76168646407149,82.9825668334961,1919500,0.0,0.0
2007-09-04 00:00:00-04:00,82.40645844569686,84.75258390583825,81.78026953237112,83.76737976074219,1580300,0.0,0.0
2007-09-05 00:00:00-04:00,82.57345564436301,83.45011640369184,80.63644463384877,81.12904357910156,2107700,0.0,0.0
2007-09-06 00:00:00-04:00,81.32110154213002,82.08922539575745,80.51958016835458,81.32945251464844,1583600,0.0,0.0
2007-09-07 00:00:00-04:00,79.60948333407923,80.36091131123382,78.50739109089352,79.03339385986328,1877000,0.0,0.0
2007-09-10 00:00:00-04:00,79.56775693274186,80.03530937973304,76.91271513603958,77.01290130615234,2465300,0.0,0.0
2007-09-11 00:00:00-04:00,77.78936767578125,78.04819678411816,76.49524761379134,77.78936767578125,2231600,0.0,0.0
2007-09-12 00:00:00-04:00,76.87097597231826,77.33018387409426,75.65199525206077,76.16964721679688,2072600,0.0,0.0
2007-09-13 00:00:00-04:00,76.4618437899035,78.24856901124218,76.31155819325244,76.77075958251953,1876000,0.0,0.0
2007-09-14 00:00:00-04:00,76.0861205524283,79.56773553585145,75.94418593632054,79.41744995117188,1678100,0.0,0.0
2007-09-17 00:00:00-04:00,79.05008654757091,80.60303552045751,78.18177051338206,79.09183502197266,1370000,0.0,0.0
2007-09-18 00:00:00-04:00,79.67627197855856,85.4622573852539,79.54268196222174,85.4622573852539,2840500,0.0,0.0
2007-09-19 00:00:00-04:00,86.69115412684835,89.17401662596114,84.83528322763506,86.22300720214844,3029300,0.13,0.0
2007-09-20 00:00:00-04:00,86.59918801129257,88.61390340487324,85.90532927532541,86.26480102539062,2172500,0.0,0.0
2007-09-21 00:00:00-04:00,87.76122261530365,89.33286342495768,86.26481697798361,89.30778503417969,1944800,0.0,0.0
2007-09-24 00:00:00-04:00,90.23571142372951,91.84915358276679,89.55020786475126,90.64533996582031,1876700,0.0,0.0
2007-09-25 00:00:00-04:00,89.52514617650453,91.28071027976213,88.61393051847406,91.12187194824219,1843200,0.0,0.0
2007-09-26 00:00:00-04:00,91.66524788803633,93.2786902403939,90.37783736632923,91.94947814941406,1475700,0.0,0.0
2007-09-27 00:00:00-04:00,92.78548622468851,93.81374518250166,92.0832655729339,93.17839813232422,1232800,0.0,0.0
2007-09-28 00:00:00-04:00,92.92754179997095,93.22013353047033,91.4144136313518,91.91600036621094,1652800,0.0,0.0
2007-10-01 00:00:00-04:00,92.53468087834197,94.69986724853516,92.19192582191918,94.69986724853516,1150900,0.0,0.0
2007-10-02 00:00:00-04:00,94.04781326776686,95.17638575137495,92.54304570427237,94.54940032958984,2009400,0.0,0.0
2007-10-03 00:00:00-04:00,94.34037770287361,94.50757759345119,91.12185475103358,91.78227996826172,1848400,0.0,0.0
2007-10-04 00:00:00-04:00,92.01636708766308,92.81890754742116,90.43636456094801,91.35594177246094,1076000,0.0,0.0
2007-10-05 00:00:00-04:00,92.0079817613474,94.18989066450256,91.02152483816603,92.4677734375,1247900,0.0,0.0
2007-10-08 00:00:00-04:00,92.0079704932132,93.32882062110374,91.30575024984182,92.74363708496094,848100,0.0,0.0
2007-10-09 00:00:00-04:00,93.45427620051647,96.52232360839844,93.01120748327249,96.52232360839844,1478400,0.0,0.0
2007-10-10 00:00:00-04:00,95.48569573856342,96.59755135767193,91.69870501440641,92.89415740966797,3879400,0.0,0.0
2007-10-11 00:00:00-04:00,94.0059929545655,94.72493660518064,88.229371736279,89.15731048583984,2594900,0.0,0.0
2007-10-12 00:00:00-04:00,81.09008885682097,83.6314697265625,77.57897415855977,83.6314697265625,10490000,0.0,0.0
2007-10-15 00:00:00-04:00,82.30227464150387,83.02121835525763,78.88311758392888,79.38470458984375,3632700,0.0,0.0
2007-10-16 00:00:00-04:00,78.2644774347462,80.24574664995514,77.8297641100932,79.51844787597656,3037400,0.0,0.0
2007-10-17 00:00:00-04:00,80.46311423143563,80.69718772507954,78.3731632124373,79.76924896240234,2171300,0.0,0.0
2007-10-18 00:00:00-04:00,78.93323663382054,81.55821354188714,78.58212653534528,80.42964172363281,1864200,0.0,0.0
2007-10-19 00:00:00-04:00,80.1537892094994,81.0232094905674,78.21431516035497,78.36479187011719,1833100,0.0,0.0
2007-10-22 00:00:00-04:00,77.54554500814923,79.34290417430985,76.78479976976463,79.24258422851562,2140700,0.0,0.0
2007-10-23 00:00:00-04:00,79.25092990726556,80.3711403759528,77.64584298693393,78.26447296142578,2292500,0.0,0.0
2007-10-24 00:00:00-04:00,79.08374555800276,82.58650551897918,78.58215858730568,82.34407043457031,2866500,0.0,0.0
2007-10-25 00:00:00-04:00,83.53116674095149,83.59804670904468,81.75053064213778,83.00450134277344,2215800,0.0,0.0
2007-10-26 00:00:00-04:00,83.46427746007558,86.22301524486934,83.3138071156923,85.1864013671875,1944800,0.0,0.0
2007-10-29 00:00:00-04:00,85.22819877410548,87.61074800381422,84.86037173712432,87.0506362915039,2349000,0.0,0.0
2007-10-30 00:00:00-04:00,85.24492441199727,85.93878969103103,83.00449663221947,83.3388900756836,1759600,0.0,0.0
2007-10-31 00:00:00-04:00,84.40059655119879,85.77160415901501,83.33890404659466,85.4121322631836,1864200,0.0,0.0
2007-11-01 00:00:00-04:00,83.94079070963036,84.16650259969468,80.55506771249782,80.64702606201172,2060100,0.0,0.0
2007-11-02 00:00:00-04:00,82.15179083719231,84.68481679857796,80.74734351459277,83.99095153808594,2417300,0.0,0.0
2007-11-05 00:00:00-05:00,82.56143008915049,83.7401591936759,80.6721125077845,81.62512969970703,1814800,0.0,0.0
2007-11-06 00:00:00-05:00,81.70872582398626,83.907358447091,81.52480910804331,83.75688171386719,1193300,0.0,0.0
2007-11-07 00:00:00-05:00,81.92607329419712,83.28036374065917,78.59886873571455,79.21749877929688,2347000,0.0,0.0
2007-11-08 00:00:00-05:00,81.2489382023777,81.2489382023777,76.27485092911397,78.7744369506836,2389600,0.0,0.0
2007-11-09 00:00:00-05:00,76.75970228614328,82.67844367738009,76.31663379729487,80.0367431640625,3268400,0.0,0.0
2007-11-12 00:00:00-05:00,79.91972473894772,79.91972473894772,72.60489625958229,73.1900863647461,3016700,0.0,0.0
2007-11-13 00:00:00-05:00,75.23824757740927,76.7346534890341,74.21835031198701,75.99899291992188,2520500,0.0,0.0
2007-11-14 00:00:00-05:00,77.32818765005821,81.18205783669765,76.1745369844488,80.27083587646484,3516000,0.0,0.0
2007-11-15 00:00:00-05:00,78.58216907450023,80.0033334108077,75.95719074544512,77.03560638427734,2340000,0.0,0.0
2007-11-16 00:00:00-05:00,78.43168560210786,78.76607905787579,74.66977357527425,78.44840240478516,1935100,0.0,0.0
2007-11-19 00:00:00-05:00,77.060683754336,77.47867400981015,74.74502054534025,75.57263946533203,2517300,0.0,0.0
2007-11-20 00:00:00-05:00,77.00213849308491,78.92489554826258,75.65620983006512,77.8548355102539,2637600,0.0,0.0
2007-11-21 00:00:00-05:00,76.36679298030057,76.82658465948731,75.2549377401021,75.67292785644531,2204000,0.0,0.0
2007-11-23 00:00:00-05:00,76.27482439841938,78.19758122652226,76.21630604511306,77.980224609375,495800,0.0,0.0
2007-11-26 00:00:00-05:00,77.96355224012764,78.58217609588634,75.38873047136603,75.53084564208984,2060200,0.0,0.0
2007-11-27 00:00:00-05:00,76.13274064972288,77.95517831752159,75.14628344645523,77.39507293701172,1576700,0.0,0.0
2007-11-28 00:00:00-05:00,77.82140939883577,80.66374392575626,77.82140939883577,80.04512023925781,2443800,0.0,0.0
2007-11-29 00:00:00-05:00,79.62713631551495,81.26565720031903,78.71592070416975,80.638671875,1392000,0.0,0.0
2007-11-30 00:00:00-05:00,81.50808407522528,82.33570283537318,80.72226050573751,81.71707916259766,2007600,0.0,0.0
2007-12-03 00:00:00-05:00,80.67212298947467,81.6418634878988,79.50174894511038,79.93646240234375,1436100,0.0,0.0
2007-12-04 00:00:00-05:00,79.08373728522565,79.08373728522565,77.0773832342933,77.74617004394531,1828100,0.0,0.0
2007-12-05 00:00:00-05:00,78.73265349799777,79.40979574590963,76.87677553761996,78.04714965820312,1646700,0.0,0.0
2007-12-06 00:00:00-05:00,77.61995798538182,79.3035263942244,77.41893689473271,79.12763214111328,1497700,0.18,0.0
2007-12-07 00:00:00-05:00,77.73721670669003,80.88657678179652,77.73721670669003,80.2332534790039,1240800,0.0,0.0
2007-12-10 00:00:00-05:00,80.23325026791005,80.53478507103016,79.3035190233472,79.75582122802734,1043100,0.0,0.0
2007-12-11 00:00:00-05:00,79.72230677012325,80.82793211441654,76.15414963567241,76.55619812011719,1700200,0.0,0.0
2007-12-12 00:00:00-05:00,78.44079649331904,79.17787801329065,76.15415864752968,77.23465728759766,2969500,0.0,0.0
2007-12-13 00:00:00-05:00,75.45896980634407,76.63998243916618,73.85078810195937,76.33844757080078,2939100,0.0,0.0
2007-12-14 00:00:00-05:00,75.38359780484365,75.6600058638113,74.12720450809626,75.13231658935547,2304600,0.0,0.0
2007-12-17 00:00:00-05:00,74.65487769472907,74.92290797427152,72.53576229860491,72.70328521728516,2387900,0.0,0.0
2007-12-18 00:00:00-05:00,73.54087689911154,74.66325164062474,69.78844678603237,71.27936553955078,3975300,0.0,0.0
2007-12-19 00:00:00-05:00,71.19559780825715,72.18396048050322,70.77680017409092,71.74003601074219,1660800,0.0,0.0
2007-12-20 00:00:00-05:00,72.12531549648759,72.87077463381291,69.17697712811335,69.70466613769531,2464100,0.0,0.0
2007-12-21 00:00:00-05:00,70.36639191822142,73.1472084133281,70.36639191822142,72.96293640136719,2729400,0.0,0.0
2007-12-24 00:00:00-05:00,72.56090440243787,74.12721047226383,72.55253304750234,73.9596939086914,779200,0.0,0.0
2007-12-26 00:00:00-05:00,74.0601665161301,75.50920903299553,72.54412123950485,74.87263488769531,1207700,0.0,0.0
2007-12-27 00:00:00-05:00,74.87265144343812,75.05692345179818,72.70328244947075,72.78704071044922,1424600,0.0,0.0
2007-12-28 00:00:00-05:00,73.70838362384579,74.27794866200747,72.88753744901037,73.44035339355469,1241300,0.0,0.0
2007-12-31 00:00:00-05:00,73.06343833599574,73.3063353411984,71.17884897534518,72.36823272705078,1451400,0.0,0.0
2008-01-02 00:00:00-05:00,72.18395711951516,73.138815169727,69.60416227948744,70.56739807128906,2214200,0.0,0.0
2008-01-03 00:00:00-05:00,70.65954084684296,72.66977086845722,70.39988834571213,72.08345031738281,2430200,0.0,0.0
2008-01-04 00:00:00-05:00,69.83869617134876,70.94432174906277,69.06811000301526,69.36126708984375,2555300,0.0,0.0
2008-01-07 00:00:00-05:00,69.77172122557806,70.27427734488742,65.21519877776464,66.37107849121094,3359600,0.0,0.0
2008-01-08 00:00:00-05:00,66.41293546339483,68.60743756092974,63.657246020154595,63.74938201904297,3599900,0.0,0.0
2008-01-09 00:00:00-05:00,63.61534784713987,63.64885241932847,60.35710328833776,63.221683502197266,4489500,0.0,0.0
2008-01-10 00:00:00-05:00,62.35895973091453,66.35429239089397,61.64700509301299,65.41618347167969,2439700,0.0,0.0
2008-01-11 00:00:00-05:00,64.91363055673168,65.32405043160037,63.69912002503385,64.76286315917969,1787300,0.0,0.0
2008-01-14 00:00:00-05:00,66.11138737916251,67.14163225555299,64.72097632212181,67.07462310791016,2440600,0.0,0.0
2008-01-15 00:00:00-05:00,66.1197722236368,66.1197722236368,62.40084720439731,62.8531494140625,2181400,0.0,0.0
2008-01-16 00:00:00-05:00,62.4427322490568,62.4427322490568,57.5679278525876,57.752193450927734,5279700,0.0,0.0
2008-01-17 00:00:00-05:00,60.00532910565181,60.00532910565181,54.65309544250953,54.81224060058594,3935100,0.0,0.0
2008-01-18 00:00:00-05:00,56.39528925932351,58.221247145145185,54.954624418539225,56.58793258666992,3388400,0.0,0.0
2008-01-22 00:00:00-05:00,52.39995910063162,58.28824939053458,52.224061672786995,57.031856536865234,3962000,0.0,0.0
2008-01-23 00:00:00-05:00,52.97790834287436,56.663329331752145,49.41812794038873,56.010005950927734,6178000,0.0,0.0
2008-01-24 00:00:00-05:00,56.51256529893004,58.2212607615476,54.74523841118892,55.725223541259766,3490500,0.0,0.0
2008-01-25 00:00:00-05:00,56.37016845038637,58.41389671686788,54.552581721650895,55.28129196166992,3206300,0.0,0.0
2008-01-28 00:00:00-05:00,55.37342079566769,56.01836630669664,53.999765138895214,55.842472076416016,1900800,0.0,0.0
2008-01-29 00:00:00-05:00,55.41531177274775,60.08908899855244,55.41531177274775,59.17611312866211,3186400,0.0,0.0
2008-01-30 00:00:00-05:00,59.27660667339698,60.97693021642861,58.02859167404172,59.351993560791016,3922300,0.0,0.0
2008-01-31 00:00:00-05:00,58.53115183071875,59.65353275152076,56.68006715637452,58.874568939208984,3654100,0.0,0.0
2008-02-01 00:00:00-05:00,59.52790589602642,62.17471047512993,58.87458249469846,61.998809814453125,2650700,0.0,0.0
2008-02-04 00:00:00-05:00,61.80616312114835,62.962042431261494,61.23659801391604,61.58838653564453,2021500,0.0,0.0
2008-02-05 00:00:00-05:00,60.38224325606,61.42086604882783,59.68704400052305,60.4576301574707,3688600,0.0,0.0
2008-02-06 00:00:00-05:00,60.97695804426748,63.20495886412259,60.82619059101812,61.16960144042969,2558700,0.0,0.0
2008-02-07 00:00:00-05:00,60.424103858358734,63.66559886626084,60.29846332806619,62.9787712097168,3361000,0.0,0.0
2008-02-08 00:00:00-05:00,62.769377887716466,64.93036835630825,62.48459223505344,64.15978240966797,2247700,0.0,0.0
2008-02-11 00:00:00-05:00,66.12814825102654,68.36453262200338,65.1649187410324,67.6023178100586,3499500,0.0,0.0
2008-02-12 00:00:00-05:00,68.15513548465762,68.84196341155565,65.53345796646819,66.27054595947266,2864400,0.0,0.0
2008-02-13 00:00:00-05:00,67.91224008825563,69.57905323141554,66.6725960202038,69.3529052734375,1929500,0.0,0.0
2008-02-14 00:00:00-05:00,69.51202883112985,71.48875415575912,68.50691707536858,69.09323120117188,1968600,0.0,0.0
2008-02-15 00:00:00-05:00,68.9257255514656,69.43665925164235,67.25891251123996,69.068115234375,1791500,0.0,0.0
2008-02-19 00:00:00-05:00,70.56742401716336,72.11697448309106,70.35802513283943,71.48040008544922,2017100,0.0,0.0
2008-02-20 00:00:00-05:00,69.99783363338267,71.82379150390625,69.64604516786255,71.82379150390625,2168300,0.0,0.0
2008-02-21 00:00:00-05:00,72.11696709786501,72.11696709786501,69.34452819824219,69.34452819824219,2287400,0.0,0.0
2008-02-22 00:00:00-05:00,69.79681267022714,70.45013593298148,67.6525645169259,70.05646514892578,2232500,0.0,0.0
2008-02-25 00:00:00-05:00,69.88895329330064,72.10857570748962,68.52366887588069,71.90755462646484,1723600,0.0,0.0
2008-02-26 00:00:00-05:00,71.42175034232959,72.24259657018325,70.33288025721798,71.19560241699219,2020700,0.0,0.0
2008-02-27 00:00:00-05:00,69.99785500296287,71.8238134309316,69.41154071476731,69.94760131835938,2207900,0.0,0.0
2008-02-28 00:00:00-05:00,69.31100825893945,71.50551015630248,69.30263051698323,70.85218048095703,2041400,0.0,0.0
2008-02-29 00:00:00-05:00,69.15185693428573,70.89405646550621,64.09278121305559,64.7879867553711,3262900,0.0,0.0
2008-03-03 00:00:00-05:00,64.5786127947379,64.82151626042662,61.97369023725295,64.08443450927734,2844600,0.0,0.0
2008-03-04 00:00:00-05:00,63.36407555734355,64.83824483813389,61.52974009972215,61.74751663208008,3729600,0.0,0.0
2008-03-05 00:00:00-05:00,62.03231845685561,64.28545231583274,62.03231845685561,63.916908264160156,1985300,0.0,0.0
2008-03-06 00:00:00-05:00,63.65724507331661,64.46133582319077,61.638637260862836,61.73915100097656,2363000,0.0,0.0
2008-03-07 00:00:00-05:00,61.11933548054453,61.31197883802557,57.8359631472176,58.6903076171875,3326200,0.0,0.0
2008-03-10 00:00:00-04:00,58.614919640011166,58.614919640011166,55.21427850802724,55.22265625,2559900,0.0,0.0
2008-03-11 00:00:00-04:00,56.49578190873184,60.96016492792565,56.49578190873184,60.72563934326172,4048600,0.0,0.0
2008-03-12 00:00:00-04:00,60.79282219468664,61.3721969327782,59.58368116519325,59.63405990600586,1943600,0.18,0.0
2008-03-13 00:00:00-04:00,58.920353213880475,62.49739236320838,57.11503965223312,62.136329650878906,2944800,0.0,0.0
2008-03-14 00:00:00-04:00,62.37142716211957,63.16912697756793,59.474533827398666,61.724876403808594,2994300,0.0,0.0
2008-03-17 00:00:00-04:00,59.23943308744804,61.29664675154056,57.33335569000248,59.80201721191406,2572800,0.0,0.0
2008-03-18 00:00:00-04:00,60.818030035722785,64.66376643985262,60.54093406460081,64.48743438720703,3223100,0.0,0.0
2008-03-19 00:00:00-04:00,64.21874887226004,66.28436153567027,60.05392916015834,60.213470458984375,3096900,0.0,0.0
2008-03-20 00:00:00-04:00,60.65848612434514,61.48137540710052,58.02189123176739,61.00275802612305,2046900,0.0,0.0
2008-03-24 00:00:00-04:00,60.65849025387466,64.99124276084831,60.65849025387466,63.25310516357422,1563000,0.0,0.0
2008-03-25 00:00:00-04:00,63.22792397783491,64.47904572869064,62.766097288130574,64.07599639892578,1196300,0.0,0.0
2008-03-26 00:00:00-04:00,63.69813065047544,64.5797972868601,62.8080718258875,63.43783187866211,1170100,0.0,0.0
2008-03-27 00:00:00-04:00,64.51261956327825,64.69735019866059,60.74245153888493,60.90199279785156,1615800,0.0,0.0
2008-03-28 00:00:00-04:00,61.229462450529795,61.758464936602905,59.61727843047329,59.95315170288086,1499600,0.0,0.0
2008-03-31 00:00:00-04:00,60.04552803861065,61.1119189875986,59.054705226509185,59.91957473754883,1717200,0.0,0.0
2008-04-01 00:00:00-04:00,61.0615239433969,63.1859130859375,59.08827744056765,63.1859130859375,1863200,0.0,0.0
2008-04-02 00:00:00-04:00,63.35386297916183,65.05002042211841,62.421817526287406,64.63018035888672,1544500,0.0,0.0
2008-04-03 00:00:00-04:00,64.10956644926902,64.86527972734243,62.488983799831054,63.01798629760742,2284500,0.0,0.0
2008-04-04 00:00:00-04:00,61.195888639910706,70.88579859525115,61.00276578781736,70.53313446044922,6803900,0.0,0.0
2008-04-07 00:00:00-04:00,71.78424991141947,71.78424991141947,66.52785710112948,67.17440795898438,4318200,0.0,0.0
2008-04-08 00:00:00-04:00,66.33472851337838,70.71785970090806,66.33472851337838,69.92855834960938,2550900,0.0,0.0
2008-04-09 00:00:00-04:00,69.86137343749999,71.07891328125,67.45988812499999,68.1064453125,1675000,0.0,0.0
2008-04-10 00:00:00-04:00,67.98050963314631,68.64385777365415,66.23397324342328,68.1904296875,1237800,0.0,0.0
2008-04-11 00:00:00-04:00,66.74616226712253,67.09043414656284,65.5118316262025,65.87289428710938,1860200,0.0,0.0
2008-04-14 00:00:00-04:00,65.27672007541717,65.56221460084663,63.00958668413848,63.2279052734375,2189200,0.0,0.0
2008-04-15 00:00:00-04:00,63.26990445404019,64.47904604297663,61.195893247670725,62.53938674926758,1838200,0.0,0.0
2008-04-16 00:00:00-04:00,63.58896989758295,66.09121273679521,63.21950864363883,65.864501953125,2065500,0.0,0.0
2008-04-17 00:00:00-04:00,64.80651758676264,67.57746478765002,63.454631962807156,63.85768127441406,2163400,0.0,0.0
2008-04-18 00:00:00-04:00,65.46143559127266,65.50342214322816,61.959972408129715,62.43019104003906,2553500,0.0,0.0
2008-04-21 00:00:00-04:00,62.84164699002484,62.84164699002484,60.91038686865509,61.70808029174805,1583400,0.0,0.0
2008-04-22 00:00:00-04:00,61.91798946460844,62.08592927596919,59.83558705372521,60.1546630859375,2470700,0.0,0.0
2008-04-23 00:00:00-04:00,57.467696996288915,64.36146851726768,57.23258763869151,61.926395416259766,4910300,0.0,0.0
2008-04-24 00:00:00-04:00,59.83561590619109,62.01878325660428,58.576095541769796,60.137901306152344,3192800,0.0,0.0
2008-04-25 00:00:00-04:00,59.78522887997711,61.41421055074178,59.61729539910002,60.969181060791016,1859700,0.0,0.0
2008-04-28 00:00:00-04:00,60.47376186820404,61.179096528766536,59.27301899181591,60.524147033691406,1735400,0.0,0.0
2008-04-29 00:00:00-04:00,60.45697889432451,60.45697889432451,57.9631274899333,58.089080810546875,1963500,0.0,0.0
2008-04-30 00:00:00-04:00,58.097458945529205,59.12186952989534,57.417313816257575,57.79517364501953,2112200,0.0,0.0
2008-05-01 00:00:00-04:00,57.93792102944637,59.499726369696674,56.57763709902672,59.2898063659668,2371000,0.0,0.0
2008-05-02 00:00:00-04:00,60.88519301834662,61.80883965251608,59.743227810419114,60.893585205078125,2344100,0.0,0.0
2008-05-05 00:00:00-04:00,60.37298184204988,61.80883360124117,60.37298184204988,61.39739227294922,1285600,0.0,0.0
2008-05-06 00:00:00-04:00,60.6501014505506,62.30426600290946,60.45697219285065,62.161521911621094,1696300,0.0,0.0
2008-05-07 00:00:00-04:00,62.06915105495838,63.62255794870889,61.372215038944404,61.741676330566406,2304000,0.0,0.0
2008-05-08 00:00:00-04:00,62.54773942532383,64.50419467527384,62.11110879751736,64.30267333984375,1821400,0.0,0.0
2008-05-09 00:00:00-04:00,63.530199240569985,64.04239820620336,62.203503149255376,63.11035919189453,1336400,0.0,0.0
2008-05-12 00:00:00-04:00,63.29508056087037,63.731717779186525,61.29664432607852,63.563777923583984,1408000,0.0,0.0
2008-05-13 00:00:00-04:00,63.20271919619155,64.42025920204736,62.37983627413121,64.2523193359375,1290900,0.0,0.0
2008-05-14 00:00:00-04:00,63.76530920332554,64.96605200934191,62.67372250467401,62.9592170715332,1971100,0.0,0.0
2008-05-15 00:00:00-04:00,62.87522478973047,67.95529043891109,62.480580641931546,67.76216125488281,3017900,0.0,0.0
2008-05-16 00:00:00-04:00,67.56066172431545,70.02932332849936,66.99807758110036,68.55988311767578,2794500,0.0,0.0
2008-05-19 00:00:00-04:00,68.3079819860901,71.33082938046888,68.3079819860901,68.97972869873047,2174800,0.0,0.0
2008-05-20 00:00:00-04:00,68.3499588479435,68.85376560772553,66.13320397990213,68.52629089355469,1682500,0.0,0.0
2008-05-21 00:00:00-04:00,68.51788069406246,68.98810580896618,64.58817838334603,64.99962615966797,1909800,0.0,0.0
2008-05-22 00:00:00-04:00,65.66298548627816,66.33473217203979,63.530203532425006,64.21034240722656,1914100,0.0,0.0
2008-05-23 00:00:00-04:00,64.02562097271291,64.02562097271291,61.153915969535674,62.47221374511719,2471900,0.0,0.0
2008-05-27 00:00:00-04:00,63.57482686643776,63.57482686643776,60.51939921330043,61.44528579711914,2616400,0.18,0.0
2008-05-28 00:00:00-04:00,61.69781978441846,64.69432836093236,60.603585805329644,64.58490753173828,5433200,0.0,0.0
2008-05-29 00:00:00-04:00,64.57649560732351,64.57649560732351,61.891417721933266,62.41328430175781,3585300,0.0,0.0
2008-05-30 00:00:00-04:00,63.25499334215769,64.40814078403288,62.009250154022595,63.12873458862305,3106300,0.0,0.0
2008-06-02 00:00:00-04:00,62.640526961680145,62.84254350206442,60.22480523443757,60.91501235961914,2576400,0.0,0.0
2008-06-03 00:00:00-04:00,60.70459021256086,61.88298805711999,58.43195203708265,59.34942626953125,2263700,0.0,0.0
2008-06-04 00:00:00-04:00,59.22316288563051,59.32417115944944,57.750159273481515,57.89324951171875,1894500,0.0,0.0
2008-06-05 00:00:00-04:00,57.16097045787856,57.346142693125095,55.51120047073429,57.0767936706543,3433400,0.0,0.0
2008-06-06 00:00:00-04:00,57.00945900100402,57.60707692054972,55.55328669094302,55.71321487426758,2847500,0.0,0.0
2008-06-09 00:00:00-04:00,56.21823915269294,58.01109277368147,55.83105037912771,57.169376373291016,2213200,0.0,0.0
2008-06-10 00:00:00-04:00,56.63910514564726,56.65593665038479,54.29913425809993,54.61898422241211,3651900,0.0,0.0
2008-06-11 00:00:00-04:00,54.44222980494663,55.09876772377314,52.39685821533203,52.39685821533203,3324200,0.0,0.0
2008-06-12 00:00:00-04:00,52.51469175046913,53.59208783947927,51.85815391009028,52.34634780883789,2341600,0.0,0.0
2008-06-13 00:00:00-04:00,52.62412076576254,55.45228576660156,52.62412076576254,55.45228576660156,2420400,0.0,0.0
2008-06-16 00:00:00-04:00,54.87990317075014,55.75528894088968,54.44221349657342,55.1155891418457,1838600,0.0,0.0
2008-06-17 00:00:00-04:00,55.35967913107267,56.52125175401832,54.62739004803563,54.81256866455078,1100400,0.0,0.0
2008-06-18 00:00:00-04:00,54.24862865150146,54.787326725515456,53.23857136817213,53.844608306884766,1549700,0.0,0.0
2008-06-19 00:00:00-04:00,53.92036283122241,54.198130847825304,52.73354577577329,53.129150390625,1826200,0.0,0.0
2008-06-20 00:00:00-04:00,52.82611033640184,53.49106694324718,52.228492570656485,52.72510528564453,2379500,0.0,0.0
2008-06-23 00:00:00-04:00,53.087043415904965,53.895090242022384,52.573595991738905,53.33955764770508,2217400,0.0,0.0
2008-06-24 00:00:00-04:00,53.263807984623135,53.280642696419584,51.24369073244429,51.72346878051758,1568400,0.0,0.0
2008-06-25 00:00:00-04:00,51.7655677694391,52.1695913276982,50.03163052237839,51.647727966308594,1971500,0.0,0.0
2008-06-26 00:00:00-04:00,50.96593253633388,51.09219129347045,49.15624401970236,49.94745635986328,2424400,0.0,0.0
2008-06-27 00:00:00-04:00,49.61918638369962,51.35312025116261,49.61918638369962,50.83967590332031,1497600,0.0,0.0
2008-06-30 00:00:00-04:00,51.050111413794724,51.46255073627821,49.78753655486388,49.89695739746094,1666900,0.0,0.0
2008-07-01 00:00:00-04:00,49.53501014001669,49.53501014001669,47.338132976205046,48.85322189331055,2494300,0.0,0.0
2008-07-02 00:00:00-04:00,49.257234310178234,49.257234310178234,44.274272544218164,44.29952621459961,3565500,0.0,0.0
2008-07-03 00:00:00-04:00,44.40896606056847,45.83988491170699,43.087471265636005,44.2911262512207,1697900,0.0,0.0
2008-07-07 00:00:00-04:00,44.60256462020724,45.780965948820445,42.85179252847006,43.78609848022461,2303900,0.0,0.0
2008-07-08 00:00:00-04:00,43.32315437979926,43.73559371522559,41.41245731468334,43.43257522583008,2366300,0.0,0.0
2008-07-09 00:00:00-04:00,43.600911103993624,45.03182969923201,42.111072614618365,42.11949157714844,2027600,0.0,0.0
2008-07-10 00:00:00-04:00,42.043734028840184,43.51673770104554,41.328273175804526,43.06221008300781,2382500,0.0,0.0
2008-07-11 00:00:00-04:00,43.045373556164186,43.16321333123215,41.02525624594255,42.38041687011719,1927000,0.0,0.0
2008-07-14 00:00:00-04:00,47.09404015860143,47.93575668257681,44.720399817862344,46.471168518066406,4541200,0.0,0.0
2008-07-15 00:00:00-04:00,46.28599159490856,47.11928912905571,45.48636028037105,46.27757263183594,4208500,0.0,0.0
2008-07-16 00:00:00-04:00,45.97454886888274,46.277567286625214,44.05543650437138,45.96613311767578,2522800,0.0,0.0
2008-07-17 00:00:00-04:00,45.839875979649086,47.15295476558192,44.42579212122707,45.301177978515625,3039700,0.0,0.0
2008-07-18 00:00:00-04:00,45.435843969675595,46.51323977017024,44.762471594366446,45.45267868041992,2321200,0.0,0.0
2008-07-21 00:00:00-04:00,46.168144431125604,46.63109103162725,45.646281148888605,46.42066192626953,2229300,0.0,0.0
2008-07-22 00:00:00-04:00,46.294412990923156,46.294412990923156,44.038612246493926,45.97455978393555,2221000,0.0,0.0
2008-07-23 00:00:00-04:00,44.93081959421105,47.3465446160136,43.85342048443049,44.10593795776367,3254600,0.0,0.0
2008-07-24 00:00:00-04:00,44.11435557760632,44.30794996070955,38.845212424098555,38.91254806518555,3338500,0.0,0.0
2008-07-25 00:00:00-04:00,39.11456645575496,39.922613518390726,37.9024926509077,38.26443099975586,3525500,0.0,0.0
2008-07-28 00:00:00-04:00,38.66004134168444,39.569093544686716,38.35702287038575,38.55903625488281,2853400,0.0,0.0
2008-07-29 00:00:00-04:00,39.2828904143479,40.688558027140466,39.2828904143479,40.52863311767578,3863200,0.0,0.0
2008-07-30 00:00:00-04:00,40.86532649650607,41.976391776669935,40.66331637878151,41.83330154418945,2732000,0.0,0.0
2008-07-31 00:00:00-04:00,41.65654425089864,41.82488495491846,39.72059404573955,39.80476760864258,2810200,0.0,0.0
2008-08-01 00:00:00-04:00,39.62800447880262,40.20878756304531,38.40751521598934,38.69369888305664,2412300,0.0,0.0
2008-08-04 00:00:00-04:00,38.69371127765679,38.88730570108434,36.51366525955512,36.84193420410156,2589900,0.0,0.0
2008-08-05 00:00:00-04:00,37.018680130093486,38.8199523835848,36.49681695639335,38.62635803222656,2831800,0.0,0.0
2008-08-06 00:00:00-04:00,38.06242818301981,40.385564739029384,37.161791618652494,40.20038604736328,2455300,0.0,0.0
2008-08-07 00:00:00-04:00,40.318215528532036,40.61281497456019,39.18189649908099,39.67009353637695,1950000,0.0,0.0
2008-08-08 00:00:00-04:00,39.49333700085182,41.11785011761709,38.752628785904314,40.54548263549805,2299300,0.0,0.0
2008-08-11 00:00:00-04:00,40.10778668355568,41.06734284043368,40.04044783210795,40.2677116394043,2559400,0.0,0.0
2008-08-12 00:00:00-04:00,40.259306709517034,40.595991424571984,39.257661895810536,39.442840576171875,2326800,0.0,0.0
2008-08-13 00:00:00-04:00,39.72901432022166,40.79799452271347,39.139812204004244,40.730655670166016,2386700,0.0,0.0
2008-08-14 00:00:00-04:00,40.705407801734395,41.235690061236056,40.1498750763638,41.14310073852539,1702800,0.0,0.0
2008-08-15 00:00:00-04:00,41.15993024096481,41.513449561940156,40.07411539358109,41.30302047729492,1547600,0.0,0.0
2008-08-18 00:00:00-04:00,41.85855732736394,42.186826218566544,40.52864704878756,41.042091369628906,1716000,0.0,0.0
2008-08-19 00:00:00-04:00,40.58757774393034,41.437710144567184,40.116215265710444,40.696998596191406,1551800,0.0,0.0
2008-08-20 00:00:00-04:00,41.15322149564549,42.327578995874816,40.75613860270198,42.116363525390625,1882300,0.18,0.0
2008-08-21 00:00:00-04:00,42.36136801173018,42.44585612122793,41.60099436360143,42.08256530761719,1289600,0.0,0.0
2008-08-22 00:00:00-04:00,42.22619846653891,42.234648890577034,40.84907263153886,41.11098098754883,1316300,0.0,0.0
2008-08-25 00:00:00-04:00,40.51956357564051,41.00113445373511,38.551037625741635,39.40434646606445,1794100,0.0,0.0
2008-08-26 00:00:00-04:00,39.10019863166182,40.435081671033544,38.93967606813514,40.35059356689453,1310200,0.0,0.0
2008-08-27 00:00:00-04:00,41.04338135320223,41.44046414535196,40.663192958257596,41.3052864074707,1273000,0.0,0.0
2008-08-28 00:00:00-04:00,41.62633830086439,42.89363091038694,41.61788787864818,42.327571868896484,1655600,0.0,0.0
2008-08-29 00:00:00-04:00,42.07411647877241,42.49654737358517,41.28839475658933,41.39822769165039,1009100,0.0,0.0
2008-09-02 00:00:00-04:00,41.40666593428804,41.63477895488803,39.184682228719815,39.49728012084961,1478400,0.0,0.0
2008-09-03 00:00:00-04:00,39.438152839295505,40.350601994325125,38.18775764291133,39.083309173583984,1668500,0.0,0.0
2008-09-04 00:00:00-04:00,39.51417658137835,39.51417658137835,36.514918609515675,37.325984954833984,2195600,0.0,0.0
2008-09-05 00:00:00-04:00,37.047192725844525,38.02723239299272,36.058705857837374,37.875160217285156,3170000,0.0,0.0
2008-09-08 00:00:00-04:00,39.294517726417205,40.76457855776439,34.58019093906028,35.45039749145508,3025500,0.0,0.0
2008-09-09 00:00:00-04:00,35.12089736490598,35.61091865260075,30.81210438232904,32.121639251708984,5413900,0.0,0.0
2008-09-10 00:00:00-04:00,32.11319603510511,35.30677587394903,32.11319603510511,34.4619140625,2940900,0.0,0.0
2008-09-11 00:00:00-04:00,33.777571785488576,35.07865963114975,32.64545693144045,34.56329345703125,2704600,0.0,0.0
2008-09-12 00:00:00-04:00,34.757609255400396,35.67006142350522,33.4818695272815,35.08710479736328,3126000,0.0,0.0
2008-09-15 00:00:00-04:00,33.16081723739101,34.25068945639405,31.631616607094703,31.969562530517578,2243000,0.0,0.0
2008-09-16 00:00:00-04:00,31.9019821273383,33.929651862178076,30.186913598357023,33.802921295166016,3376600,0.0,0.0
2008-09-17 00:00:00-04:00,33.74377117574294,33.74377117574294,29.68843613647737,32.18077850341797,3211200,0.0,0.0
2008-09-18 00:00:00-04:00,32.941158748340996,34.74916225131838,30.068627709943183,34.03947830200195,4348000,0.0,0.0
2008-09-19 00:00:00-04:00,35.509535696579974,38.11171124123503,34.80830217181356,38.018775939941406,2672200,0.0,0.0
2008-09-22 00:00:00-04:00,37.98497082584484,38.33981431828988,34.78294508879472,34.90967559814453,2421000,0.0,0.0
2008-09-23 00:00:00-04:00,33.98878120459676,34.8927828434281,31.927320095812515,31.969562530517578,2786200,0.0,0.0
2008-09-24 00:00:00-04:00,32.763734685184744,32.763734685184744,29.612401028028103,29.806718826293945,3590200,0.0,0.0
2008-09-25 00:00:00-04:00,30.02637790866297,30.127760384312644,28.040951487937846,28.928058624267578,5240600,0.0,0.0
2008-09-26 00:00:00-04:00,28.10010065728777,28.43804664969598,27.187651634412543,27.770605087280273,3128900,0.0,0.0
2008-09-29 00:00:00-04:00,26.97643753759841,27.246793055824845,22.47332420709357,23.50405502319336,3829500,0.0,0.0
2008-09-30 00:00:00-04:00,24.475647902294668,24.99946297305335,23.723721350323686,24.965667724609375,2609400,0.0,0.0
2008-10-01 00:00:00-04:00,24.58547778970172,24.762897987621987,23.33508275886213,24.289775848388672,2481700,0.0,0.0
2008-10-02 00:00:00-04:00,23.926483477910047,24.272876651665776,21.129991656328723,21.358104705810547,3943000,0.0,0.0
2008-10-03 00:00:00-04:00,21.85657547856557,23.571643901517074,21.28206919664144,21.47638702392578,3817900,0.0,0.0
2008-10-06 00:00:00-04:00,20.876533868186833,20.876533868186833,17.87727518544967,20.538589477539062,4957500,0.0,0.0
2008-10-07 00:00:00-04:00,20.62307340840766,21.180681986359403,18.460227966308594,18.460227966308594,3893500,0.0,0.0
2008-10-08 00:00:00-04:00,17.65761068393632,21.053955388627198,16.68601996999779,19.761316299438477,6721400,0.0,0.0
2008-10-09 00:00:00-04:00,21.062403249890643,21.586216621651705,17.32811432763489,17.361907958984375,4492400,0.0,0.0
2008-10-10 00:00:00-04:00,16.677576287158466,21.273626183859637,15.56235866483274,20.014781951904297,6274200,0.0,0.0
2008-10-13 00:00:00-04:00,21.45949396261841,23.520957644342076,20.40341648796744,23.174564361572266,3936900,0.0,0.0
2008-10-14 00:00:00-04:00,24.112353180189814,24.81358831186224,21.467935212855235,21.780534744262695,4740300,0.0,0.0
2008-10-15 00:00:00-04:00,21.053956361280093,21.121545241595356,17.404153601363777,17.60692024230957,3830300,0.0,0.0
2008-10-16 00:00:00-04:00,18.130732249227776,20.166850534402897,16.931030119968632,19.980979919433594,5015300,0.0,0.0
2008-10-17 00:00:00-04:00,19.229056840060103,22.21141989657807,17.65761320652224,20.547040939331055,3926600,0.0,0.0
2008-10-20 00:00:00-04:00,21.569321419488915,22.21141655363485,20.732908466329928,21.966405868530273,3053000,0.0,0.0
2008-10-21 00:00:00-04:00,21.941059087422353,22.09313446039262,20.31892446148272,20.893430709838867,3351100,0.0,0.0
2008-10-22 00:00:00-04:00,20.741356812381447,20.994816322511298,18.75593284598406,19.271297454833984,3919400,0.0,0.0
2008-10-23 00:00:00-04:00,18.722134340447234,19.47406070554872,16.263587027763343,17.640710830688477,4221000,0.0,0.0
2008-10-24 00:00:00-04:00,15.849609008638634,18.544718847940338,15.629944727207052,17.987110137939453,3848600,0.0,0.0
2008-10-27 00:00:00-04:00,17.480187373424688,17.818131699221006,15.663735212254524,15.697528839111328,3381100,0.0,0.0
2008-10-28 00:00:00-04:00,17.04086195494729,19.854251582870702,15.697531612552275,19.735971450805664,3569900,0.0,0.0
2008-10-29 00:00:00-04:00,19.77821572270284,22.1269322390686,18.747484848787778,21.079303741455078,4533800,0.0,0.0
2008-10-30 00:00:00-04:00,21.881916777211423,22.431076536569975,19.609238449649222,21.527074813842773,2658900,0.0,0.0
2008-10-31 00:00:00-04:00,21.256716644339278,22.86195328028484,20.614621667671944,22.422626495361328,1965400,0.0,0.0
2008-11-03 00:00:00-05:00,23.208350038945394,24.54323144438651,22.692985503944758,23.512500762939453,2571300,0.0,0.0
2008-11-04 00:00:00-05:00,24.568575485397115,25.12618401751669,23.22524540035116,23.89268684387207,2691500,0.0,0.0
2008-11-05 00:00:00-05:00,23.630781342350076,24.08700743719316,21.011711342280464,21.197580337524414,2343700,0.0,0.0
2008-11-06 00:00:00-05:00,20.783599049514986,21.46793660518221,19.8120083743932,20.09081268310547,2244900,0.0,0.0
2008-11-07 00:00:00-05:00,20.293578485483394,21.1215425673776,19.558548095102495,20.513242721557617,1637700,0.0,0.0
2008-11-10 00:00:00-05:00,21.586213468520633,21.805877680266153,19.744416514246296,20.124603271484375,1383300,0.0,0.0
2008-11-11 00:00:00-05:00,19.592343606667864,20.318923585214073,18.671444209125433,19.516305923461914,1562500,0.0,0.0
2008-11-12 00:00:00-05:00,19.220606142183954,19.220606142183954,17.252078192958777,17.31121826171875,1863600,0.0,0.0
2008-11-13 00:00:00-05:00,17.530885845524583,18.95025421036714,15.570806336531078,18.857318878173828,4529300,0.0,0.0
2008-11-14 00:00:00-05:00,18.527816592040534,19.330434207822368,17.437944269475445,17.911067962646484,2596300,0.0,0.0
2008-11-17 00:00:00-05:00,17.868825096204045,18.308153578346626,17.057758616660063,17.17603874206543,1734500,0.0,0.0
2008-11-18 00:00:00-05:00,17.10844670162741,17.581568727109637,16.17909865727459,16.888782501220703,1737000,0.0,0.0
2008-11-19 00:00:00-05:00,16.7705063393511,16.812748782976914,14.033154417093346,14.100743293762207,2759800,0.0,0.0
2008-11-20 00:00:00-05:00,13.881080317790204,14.70059572416749,12.672927626255781,12.875694274902344,4057500,0.0,0.0
2008-11-21 00:00:00-05:00,13.20518996006363,14.438688213695634,12.799655879256521,14.311959266662598,3363700,0.0,0.0
2008-11-24 00:00:00-05:00,14.785079096399306,16.45790480170208,14.531621242182185,16.094614028930664,3047600,0.0,0.0
2008-11-25 00:00:00-05:00,16.432562528504786,17.066208873643337,15.427176543013411,16.897235870361328,2369000,0.0,0.0
2008-11-26 00:00:00-05:00,16.576181938714143,19.769757107602388,16.35651777389747,19.710617065429688,2633600,0.0,0.0
2008-11-28 00:00:00-05:00,19.676829054777592,19.7528651224972,18.781274524929067,19.389575958251953,1026800,0.0,0.0
2008-12-01 00:00:00-05:00,18.848866162183185,18.848866162183185,16.85499342526382,16.897235870361328,2756200,0.0,0.0
2008-12-02 00:00:00-05:00,18.105384767695472,18.57850682351467,17.319663203556484,18.1729736328125,2694100,0.0,0.0
2008-12-03 00:00:00-05:00,16.931031680216982,17.59847168140232,16.576189650648182,17.42949867248535,2366100,0.0,0.0
2008-12-04 00:00:00-05:00,17.01551220354245,18.494020011814982,16.778951985544044,17.260522842407227,1619500,0.0,0.0
2008-12-05 00:00:00-05:00,16.60998002226673,18.25746089547196,16.17910038448312,18.206768035888672,2253700,0.0,0.0
2008-12-08 00:00:00-05:00,19.04318538986085,20.94412440436064,18.815072321373844,20.445655822753906,2095800,0.0,0.0
2008-12-09 00:00:00-05:00,20.09081287484437,22.35504099767473,19.668382002373306,20.639972686767578,2035100,0.0,0.0
2008-12-10 00:00:00-05:00,21.33275936686861,21.7044989911991,20.06546673121305,21.417245864868164,2541800,0.0,0.0
2008-12-11 00:00:00-05:00,21.22292410685688,21.3665506433541,18.612301633225215,19.076974868774414,2260200,0.0,0.0
2008-12-12 00:00:00-05:00,18.58695979404124,20.403412360715155,17.978659871811363,20.318925857543945,2130000,0.0,0.0
2008-12-15 00:00:00-05:00,20.716008521443186,20.94412155893927,18.916452263123986,19.389575958251953,2202200,0.0,0.0
2008-12-16 00:00:00-05:00,20.276680798024174,20.97791594449801,19.440267908479175,20.944122314453125,1898100,0.0,0.0
2008-12-17 00:00:00-05:00,20.595195120893322,22.41642254233613,20.21222597935999,21.965370178222656,1988500,0.18,0.0
2008-12-18 00:00:00-05:00,21.795165693694734,22.280258918918157,20.38243742881406,20.569665908813477,1824200,0.0,0.0
2008-12-19 00:00:00-05:00,20.824972078010475,22.118554749842286,20.144139947168387,20.867525100708008,1749100,0.0,0.0
2008-12-22 00:00:00-05:00,21.267513643410588,21.267513643410588,18.705880129175902,19.22501564025879,1247100,0.0,0.0
2008-12-23 00:00:00-05:00,19.905852640763854,20.101593345427,19.037791872564764,19.693092346191406,892300,0.0,0.0
2008-12-24 00:00:00-05:00,19.999464551629043,20.0505265598091,19.403735171011135,19.607986450195312,318400,0.0,0.0
2008-12-26 00:00:00-05:00,19.769686921605167,20.322863383539318,19.225021066560128,20.229249954223633,552700,0.0,0.0
2008-12-29 00:00:00-05:00,20.561154972226042,20.561154972226042,19.67607298078661,19.965425491333008,1078900,0.0,0.0
2008-12-30 00:00:00-05:00,19.965427732857975,20.535625457763672,19.53990709108454,20.535625457763672,1023900,0.0,0.0
2008-12-31 00:00:00-05:00,20.93561643970242,22.118563334899243,20.356908092251974,21.72708511352539,1455800,0.0,0.0
2009-01-02 00:00:00-05:00,22.110046711007517,23.139807254537967,21.914307653580348,23.020660400390625,1177100,0.0,0.0
2009-01-05 00:00:00-05:00,23.029176093971202,24.586581538417796,22.467488990940126,24.39084243774414,2194800,0.0,0.0
2009-01-06 00:00:00-05:00,24.58657716717281,27.088638486981527,24.39934870719391,26.73971176147461,2964900,0.0,0.0
2009-01-07 00:00:00-05:00,26.697162291759692,26.697162291759692,24.561048754299872,24.824871063232422,2435600,0.0,0.0
2009-01-08 00:00:00-05:00,24.663168336710218,25.633356201997433,23.463200629989647,25.573781967163086,2066700,0.0,0.0
2009-01-09 00:00:00-05:00,25.573784523857544,25.829097828976334,24.05042179190032,24.212120056152344,1536200,0.0,0.0
2009-01-12 00:00:00-05:00,23.70149589504931,24.084463431224254,21.78665334447816,22.1270694732666,1618200,0.0,0.0
2009-01-13 00:00:00-05:00,21.91430934561019,22.705777865188207,21.6249552282756,22.44195556640625,1560600,0.0,0.0
2009-01-14 00:00:00-05:00,21.7526089082638,21.99090098799411,20.305840088904603,20.841995239257812,1591300,0.0,0.0
2009-01-15 00:00:00-05:00,20.850508019150826,22.297278612629665,19.693091544367753,21.74410057067871,2172100,0.0,0.0
2009-01-16 00:00:00-05:00,21.98239262064219,22.65471590159779,20.884550392156626,22.416423797607422,2017700,0.0,0.0
2009-01-20 00:00:00-05:00,22.27174460906149,22.3738702505016,20.331370407555383,20.510089874267578,2108300,0.0,0.0
2009-01-21 00:00:00-05:00,20.22924676858541,20.58668408547868,18.059091050579095,19.114381790161133,4770800,0.0,0.0
2009-01-22 00:00:00-05:00,18.00803522469856,18.680358684856827,17.105931828739102,18.07611846923828,3427700,0.0,0.0
2009-01-23 00:00:00-05:00,17.25060464795393,19.67607227089232,17.071885160841155,19.156936645507812,2443700,0.0,0.0
2009-01-26 00:00:00-05:00,19.573945994760795,20.076060391441487,18.586738413579255,18.927154541015625,2375500,0.0,0.0
2009-01-27 00:00:00-05:00,19.07183146821982,20.212226704790798,19.054810256155864,19.897340774536133,2791500,0.0,0.0
2009-01-28 00:00:00-05:00,20.578172371504365,21.497296619260375,20.178182048411767,21.284536361694336,2493600,0.0,0.0
2009-01-29 00:00:00-05:00,21.097309019307136,21.21645425032153,19.659049148672146,19.803726196289062,2595200,0.0,0.0
2009-01-30 00:00:00-05:00,19.973931555125617,20.16967221750287,18.620776244108665,18.799495697021484,2687700,0.0,0.0
2009-02-02 00:00:00-05:00,18.671839177836617,19.14842166248694,17.931432825998456,18.595245361328125,2020200,0.0,0.0
2009-02-03 00:00:00-05:00,18.808010348649375,19.88883303372211,18.391000366434465,19.701602935791016,2031200,0.0,0.0
2009-02-04 00:00:00-05:00,19.880328869424442,20.612223415497375,19.82075622740798,20.203723907470703,2650100,0.0,0.0
2009-02-05 00:00:00-05:00,19.64203142676949,21.13986417898327,19.437781727362925,20.799448013305664,2808600,0.0,0.0
2009-02-06 00:00:00-05:00,20.876045677195393,21.973888215493268,20.561159651748106,21.710065841674805,2349500,0.0,0.0
2009-02-09 00:00:00-05:00,21.863247434586015,22.416423853304806,21.122840925398098,21.74410057067871,1811800,0.0,0.0
2009-02-10 00:00:00-05:00,21.590913127474185,22.356849782407075,19.786705305798613,20.042016983032227,2409900,0.0,0.0
2009-02-11 00:00:00-05:00,20.28882409934806,20.995188291745784,19.57394929942356,20.28031349182129,1890000,0.0,0.0
2009-02-12 00:00:00-05:00,20.09308392833855,20.901572121635876,19.16544885922941,20.765405654907227,2365300,0.0,0.0
2009-02-13 00:00:00-05:00,20.688813003887848,21.693041971169972,20.68030239632398,21.199438095092773,1860800,0.0,0.0
2009-02-17 00:00:00-05:00,20.416478356806582,20.416478356806582,19.148427153433733,19.2675724029541,2454500,0.0,0.0
2009-02-18 00:00:00-05:00,19.64202549033609,19.905847736096874,18.629286283198343,19.242036819458008,2417200,0.0,0.0
2009-02-19 00:00:00-05:00,19.539905485842,20.10159418021291,18.884604985001808,18.952688217163086,1808200,0.0,0.0
2009-02-20 00:00:00-05:00,18.510143248275106,18.867580562136595,17.710164189017103,18.527164459228516,3047100,0.0,0.0
2009-02-23 00:00:00-05:00,19.08034734458418,19.08034734458418,16.825088066595303,16.893171310424805,2236800,0.0,0.0
2009-02-24 00:00:00-05:00,16.901673191449063,18.15270275954596,16.722953754159946,18.067598342895508,2564300,0.0,0.0
2009-02-25 00:00:00-05:00,18.076112634492958,18.28887290790728,16.722957165719304,16.808061599731445,3055400,0.0,0.0
2009-02-26 00:00:00-05:00,17.122946318089046,17.73569527819792,16.714445388117845,16.986778259277344,2882600,0.0,0.0
2009-02-27 00:00:00-05:00,16.433609086892417,17.66761977425003,16.280421374174075,16.7399845123291,2765500,0.0,0.0
2009-03-02 00:00:00-05:00,16.527219133317995,16.722958207477056,14.995345718599552,15.029386520385742,3040700,0.0,0.0
2009-03-03 00:00:00-05:00,15.131508827209473,15.642132103748189,14.740029142200408,15.131508827209473,2499600,0.0,0.0
2009-03-04 00:00:00-05:00,16.033613894454728,16.612322081981056,15.854894425609471,16.229352951049805,2679400,0.0,0.0
2009-03-05 00:00:00-05:00,15.378307978470149,15.897443419060556,14.87619374454242,15.097464561462402,2108100,0.0,0.0
2009-03-06 00:00:00-05:00,15.208105900738273,15.625115864953933,14.399616167663076,14.884709358215332,1864100,0.0,0.0
2009-03-09 00:00:00-04:00,15.114489618959054,15.73574921134536,14.654926661370045,15.08044719696045,2236800,0.0,0.0
2009-03-10 00:00:00-04:00,15.45015460975296,17.16970443725586,15.45015460975296,17.16970443725586,2522900,0.18,0.0
2009-03-11 00:00:00-04:00,17.393246112843904,17.582397643412477,16.507679001147427,17.21269416809082,4742200,0.0,0.0
2009-03-12 00:00:00-04:00,17.109512459022373,17.65117131986365,16.189553993661498,17.53080177307129,2102400,0.0,0.0
2009-03-13 00:00:00-04:00,17.71136603856894,18.175643704452895,17.35026045848554,18.072471618652344,2404100,0.0,0.0
2009-03-16 00:00:00-04:00,18.48515386339929,19.018214835895385,17.97788671921249,18.038070678710938,2040000,0.0,0.0
2009-03-17 00:00:00-04:00,17.470624685094638,17.67697045225437,16.808597657192333,17.36745262145996,3124000,0.0,0.0
2009-03-18 00:00:00-04:00,17.341652166821966,18.476554272987883,16.464681761188388,18.18423080444336,3688200,0.0,0.0
2009-03-19 00:00:00-04:00,18.562532198434322,19.594262288419493,18.562532198434322,18.648509979248047,2477500,0.0,0.0
2009-03-20 00:00:00-04:00,18.648516782894745,18.932242415170474,17.333060684221632,17.69416618347168,2504300,0.0,0.0
2009-03-23 00:00:00-04:00,18.00368529507328,19.465301513671875,17.539406102415498,19.465301513671875,2915700,0.0,0.0
2009-03-24 00:00:00-04:00,19.026818917866006,19.62866203869311,18.442173329499525,19.34493637084961,2808300,0.0,0.0
2009-03-25 00:00:00-04:00,19.250352073457233,20.101528699905813,18.743084946600526,19.645849227905273,2379500,0.0,0.0
2009-03-26 00:00:00-04:00,19.817806128932226,21.28802171495746,19.80061188129218,21.210641860961914,2485600,0.0,0.0
2009-03-27 00:00:00-04:00,20.918320739250383,20.918320739250383,19.972568134851013,20.239099502563477,1602600,0.0,0.0
2009-03-30 00:00:00-04:00,19.405117195130703,19.817808710267986,18.313202793092618,18.657114028930664,1712900,0.0,0.0
2009-03-31 00:00:00-04:00,19.284745724840946,19.344929688155027,18.287407258776152,18.8548583984375,1580100,0.0,0.0
2009-04-01 00:00:00-04:00,18.588333467674655,20.264893485356474,18.24442220671286,20.1445255279541,2162000,0.0,0.0
2009-04-02 00:00:00-04:00,20.823743975937756,22.01883200052447,20.325074683628614,21.76089859008789,2591000,0.0,0.0
2009-04-03 00:00:00-04:00,21.683520601472374,22.758239137943075,21.10747140032846,22.457319259643555,2216800,0.0,0.0
2009-04-06 00:00:00-04:00,22.044623577992986,22.405729030607247,21.55455224370724,22.259567260742188,1441800,0.0,0.0
2009-04-07 00:00:00-04:00,21.588946036768807,21.726509875387244,21.021494792495172,21.047286987304688,1294700,0.0,0.0
2009-04-08 00:00:00-04:00,21.159061734750136,21.63193729437668,20.849542232512803,21.54595947265625,1213500,0.0,0.0
2009-04-09 00:00:00-04:00,22.491704001959263,24.383208828134322,22.41432415471365,24.331621170043945,1872900,0.0,0.0
2009-04-13 00:00:00-04:00,23.703988991517566,25.311768454628645,23.308493403735785,25.14841079711914,2527000,0.0,0.0
2009-04-14 00:00:00-04:00,24.770117469216135,25.01945300815928,23.39447713133113,23.703996658325195,2451400,0.0,0.0
2009-04-15 00:00:00-04:00,23.42886510511048,24.133880233046934,23.12794357394749,24.125282287597656,1809900,0.0,0.0
2009-04-16 00:00:00-04:00,24.36601903053671,25.088230025364147,23.4116684359668,24.80450439453125,1751100,0.0,0.0
2009-04-17 00:00:00-04:00,25.105425750302008,25.543909471517555,24.555168742697756,25.363357543945312,1452300,0.0,0.0
2009-04-20 00:00:00-04:00,24.77010485881679,24.77010485881679,23.076349549266258,23.222511291503906,1675800,0.0,0.0
2009-04-21 00:00:00-04:00,21.932853900172532,23.73838118922897,21.932853900172532,23.712587356567383,2460400,0.0,0.0
2009-04-22 00:00:00-04:00,24.80450663035235,26.790586225203267,23.42886643811779,25.939409255981445,3634000,0.0,0.0
2009-04-23 00:00:00-04:00,25.819035959567323,26.18873771921439,24.907673557022918,25.52671241760254,2149000,0.0,0.0
2009-04-24 00:00:00-04:00,26.188740561956976,28.269397358212224,25.59549710935951,27.98567008972168,2621400,0.0,0.0
2009-04-27 00:00:00-04:00,27.108695178799604,27.108695178799604,25.647077624640414,26.06836700439453,3169100,0.0,0.0
2009-04-28 00:00:00-04:00,25.569699358133242,26.257520101446456,25.30316966054305,25.690067291259766,1642300,0.0,0.0
2009-04-29 00:00:00-04:00,26.094165406960954,27.392425546721896,25.93080773642407,26.97113609313965,1938600,0.0,0.0
2009-04-30 00:00:00-04:00,27.57297918055984,29.034597081698468,27.18608148194577,28.140430450439453,2499000,0.0,0.0
2009-05-01 00:00:00-04:00,27.848105851604075,29.481679318968666,27.779325571597283,28.716480255126953,1795500,0.0,0.0
2009-05-04 00:00:00-04:00,29.352714095294186,31.063667562238372,28.97441432602041,31.020679473876953,2492800,0.0,0.0
2009-05-05 00:00:00-04:00,30.461811383679244,32.23294806848882,30.178084218924234,31.906232833862305,2555500,0.0,0.0
2009-05-06 00:00:00-04:00,32.19856318366296,33.32486594204812,31.949227733417313,32.723026275634766,2819300,0.0,0.0
2009-05-07 00:00:00-04:00,33.70315973293007,33.96109141684901,31.674091467816933,32.052391052246094,2609300,0.0,0.0
2009-05-08 00:00:00-04:00,32.61984615361241,34.580134412388695,31.837451422540994,32.89497375488281,2412400,0.0,0.0
2009-05-11 00:00:00-04:00,32.10399067171518,32.73162587253312,31.18403191218116,32.3447265625,2285100,0.0,0.0
2009-05-12 00:00:00-04:00,33.04114376802965,33.17870759626866,30.95189087180067,32.01801300048828,2299400,0.0,0.0
2009-05-13 00:00:00-04:00,31.149636249543917,31.25280829276149,27.89968901005936,28.235000610351562,3640200,0.0,0.0
2009-05-14 00:00:00-04:00,28.303786816363008,29.378505391342422,27.607371278836066,28.802457809448242,2749500,0.0,0.0
2009-05-15 00:00:00-04:00,29.292525716898776,29.39569776942946,27.57297620241206,28.011463165283203,1927400,0.0,0.0
2009-05-18 00:00:00-04:00,28.716479976327918,28.940019983905525,27.88249736079563,28.905628204345703,2599200,0.0,0.0
2009-05-19 00:00:00-04:00,29.094780497132977,31.33879333735616,29.017400630925945,30.702558517456055,2081500,0.0,0.0
2009-05-20 00:00:00-04:00,31.30440011089056,33.1357213400128,30.874512713992978,31.60531997680664,2870100,0.0,0.0
2009-05-21 00:00:00-04:00,31.1582408356507,31.48495290492519,28.92282434182694,29.326919555664062,2505400,0.0,0.0
2009-05-22 00:00:00-04:00,29.688021974917845,30.246876891402614,29.232342393026887,29.533262252807617,1036500,0.0,0.0
2009-05-26 00:00:00-04:00,29.135679900447936,31.071721836157636,28.876389423474865,30.950719833374023,1297900,0.18,0.0
2009-05-27 00:00:00-04:00,29.481403448531132,30.16420424884254,27.787368774414062,27.787368774414062,4818900,0.0,0.0
2009-05-28 00:00:00-04:00,28.176307153156834,29.10975699187156,27.467579833946612,28.91960906982422,6211700,0.0,0.0
2009-05-29 00:00:00-04:00,29.438192485014092,30.68278893369354,29.04925506447121,30.60500144958496,3591500,0.0,0.0
2009-06-01 00:00:00-04:00,31.123577692652724,33.71648903478196,31.123577692652724,33.37076950073242,3899400,0.0,0.0
2009-06-02 00:00:00-04:00,33.180630042660795,35.1512421082074,32.774406107477446,34.77959442138672,3961900,0.0,0.0
2009-06-03 00:00:00-04:00,33.88070783212939,34.48572111962507,32.428677260962615,33.068260192871094,3997800,0.0,0.0
2009-06-04 00:00:00-04:00,33.77700039507901,35.13395735075171,33.23248797620499,34.88330841064453,2976500,0.0,0.0
2009-06-05 00:00:00-04:00,35.28952288237066,36.274828607149956,34.61536373089767,35.358665466308594,2989400,0.0,0.0
2009-06-08 00:00:00-04:00,34.88330649254671,34.88330649254671,33.42263076793817,34.468441009521484,2598000,0.0,0.0
2009-06-09 00:00:00-04:00,34.935163746405074,36.888492501305834,34.55487119893827,36.274837493896484,2957700,0.0,0.0
2009-06-10 00:00:00-04:00,36.222974629538854,37.07863690138012,35.471031194747034,36.51683807373047,3184000,0.0,0.0
2009-06-11 00:00:00-04:00,36.5254818549671,38.10715959584589,36.30940587705848,37.38978576660156,2370300,0.0,0.0
2009-06-12 00:00:00-04:00,36.77612634085659,36.871200287187875,35.74760599711995,36.197044372558594,1810600,0.0,0.0
2009-06-15 00:00:00-04:00,35.09937701463707,35.60067149230033,33.811562932417694,34.079498291015625,3275000,0.0,0.0
2009-06-16 00:00:00-04:00,34.41658010477785,35.32409851585778,32.739831771001064,33.033695220947266,2699700,0.0,0.0
2009-06-17 00:00:00-04:00,32.51511234778372,32.67068731619408,31.2878023714995,32.12617492675781,2972200,0.0,0.0
2009-06-18 00:00:00-04:00,32.05703129393789,32.85218928722217,31.374230432058337,32.22989273071289,1828700,0.0,0.0
2009-06-19 00:00:00-04:00,32.97318486138017,33.379405326196874,32.49781522639781,33.01639938354492,2082400,0.0,0.0
2009-06-22 00:00:00-04:00,32.229896380565854,32.50647339190357,28.99739802710148,29.031970977783203,3634900,0.0,0.0
2009-06-23 00:00:00-04:00,28.902319853602368,29.861697664474963,28.314592965807577,29.282615661621094,5362200,0.0,0.0
2009-06-24 00:00:00-04:00,29.38632627713334,30.553134972255535,29.023320299826707,29.412254333496094,2162000,0.0,0.0
2009-06-25 00:00:00-04:00,29.083829409828066,30.898866396832833,28.738106508942426,30.717363357543945,2215000,0.0,0.0
2009-06-26 00:00:00-04:00,30.36300179763081,31.09765891157968,29.69748729229609,29.861703872680664,3638100,0.0,0.0
2009-06-29 00:00:00-04:00,30.2074287872442,30.285216287696063,29.083834122873853,30.060495376586914,2895600,0.0,0.0
2009-06-30 00:00:00-04:00,30.008632925308547,30.50992748056042,29.230758084503147,30.190135955810547,3059100,0.0,0.0
2009-07-01 00:00:00-04:00,30.41486045766756,31.728603101106717,30.41486045766756,30.872943878173828,3220100,0.0,0.0
2009-07-02 00:00:00-04:00,30.241991700576882,30.241991700576882,29.403615951538086,29.403615951538086,1801700,0.0,0.0
2009-07-06 00:00:00-04:00,28.867750155219916,28.867750155219916,27.398432938267245,28.729461669921875,2968600,0.0,0.0
2009-07-07 00:00:00-04:00,28.565239961639335,29.222112696705477,28.28866300910328,28.37509536743164,2766800,0.0,0.0
2009-07-08 00:00:00-04:00,28.271377591549896,28.928250351107863,26.89713601346318,27.778724670410156,2336400,0.0,0.0
2009-07-09 00:00:00-04:00,27.441647134692886,27.502148140201623,25.989616408368157,26.127904891967773,4373600,0.0,0.0
2009-07-10 00:00:00-04:00,25.9291125669132,26.715628849560613,25.54017521899807,26.551410675048828,3041100,0.0,0.0
2009-07-13 00:00:00-04:00,26.637847952509762,27.683654959453747,25.62661224695014,27.66636848449707,2377700,0.0,0.0
2009-07-14 00:00:00-04:00,28.314595836472563,28.51338864557738,27.11321552690265,27.657726287841797,2083000,0.0,0.0
2009-07-15 00:00:00-04:00,29.161614144150363,29.161614144150363,28.30595185863438,28.954179763793945,2864500,0.0,0.0
2009-07-16 00:00:00-04:00,28.85046205563136,29.515976383932248,28.21087578653136,28.91096305847168,2590400,0.0,0.0
2009-07-17 00:00:00-04:00,28.772676731618418,29.3949732783556,28.184949834047238,28.81589126586914,2225600,0.0,0.0
2009-07-20 00:00:00-04:00,29.688836149477247,30.388923460124612,29.222114572769897,30.267921447753906,2520200,0.0,0.0
2009-07-21 00:00:00-04:00,30.50992343041758,30.855646268672004,29.17889478931258,30.069129943847656,1968400,0.0,0.0
2009-07-22 00:00:00-04:00,28.176302223464806,28.349163640804413,24.243720640010956,24.632658004760742,9722100,0.0,0.0
2009-07-23 00:00:00-04:00,24.917878115124743,25.661179899529273,24.416581984568555,24.710445404052734,5079800,0.0,0.0
2009-07-24 00:00:00-04:00,24.580801942989172,25.047525164514994,23.889357874226313,24.373369216918945,3511800,0.0,0.0
2009-07-27 00:00:00-04:00,24.624016476055516,25.056168400834018,23.768355862817536,24.373369216918945,2460200,0.0,0.0
2009-07-28 00:00:00-04:00,23.993077451685334,24.252367972971115,23.500424472124987,23.76835823059082,2480300,0.0,0.0
2009-07-29 00:00:00-04:00,23.526352889315287,23.534996126625458,22.70526512719657,23.042343139648438,3021600,0.0,0.0
2009-07-30 00:00:00-04:00,23.65600116850638,24.217798437925516,23.336207963651702,23.785646438598633,2224900,0.0,0.0
2009-07-31 00:00:00-04:00,23.77700067515366,24.088150609147416,23.13741598191117,23.405349731445312,2366600,0.0,0.0
2009-08-03 00:00:00-04:00,24.14865302704326,24.55487529347848,23.768358824266876,24.286941528320312,3484300,0.0,0.0
2009-08-04 00:00:00-04:00,24.01901181159882,24.191871643066406,23.128777992114834,24.191871643066406,3701000,0.0,0.0
2009-08-05 00:00:00-04:00,24.269652566052606,24.693161263872916,23.690568908108755,24.598087310791016,2477600,0.0,0.0
2009-08-06 00:00:00-04:00,24.883311184044604,25.479679714748716,24.883311184044604,25.16853141784668,2744700,0.0,0.0
2009-08-07 00:00:00-04:00,25.43646251515403,27.087282733259965,25.393246333628703,26.542770385742188,3680800,0.0,0.0
2009-08-10 00:00:00-04:00,26.335337317669946,26.352623790055368,25.393246003538128,25.80811309814453,1937400,0.0,0.0
2009-08-11 00:00:00-04:00,25.61796732597163,25.66982674743368,25.012955579007627,25.02159881591797,2967600,0.0,0.0
2009-08-12 00:00:00-04:00,24.77958973475416,25.738967469551643,24.693159026015252,25.263599395751953,2378700,0.0,0.0
2009-08-13 00:00:00-04:00,25.669824915503284,25.713039448442103,24.935166315842043,25.358675003051758,2327700,0.0,0.0
2009-08-14 00:00:00-04:00,25.419178525811777,25.488322774478423,24.200510112731536,24.39929962158203,3481900,0.0,0.0
2009-08-17 00:00:00-04:00,23.483137185536656,23.50906689617996,22.420043777094428,22.575618743896484,3281700,0.0,0.0
2009-08-18 00:00:00-04:00,22.73983447514197,23.396705617545997,22.713906413966964,23.2584171295166,1981200,0.0,0.0
2009-08-19 00:00:00-04:00,22.74847497824207,23.768353691306338,22.299036621886863,23.604135513305664,2770800,0.0,0.0
2009-08-20 00:00:00-04:00,24.00172266351108,24.60673447912914,23.483139929746265,24.24372673034668,2321900,0.0,0.0
2009-08-21 00:00:00-04:00,24.805523017319626,25.488322252863256,24.528944379784257,25.2808895111084,2835000,0.0,0.0
2009-08-24 00:00:00-04:00,25.790825889736666,25.85132689283031,25.427818222646092,25.505605697631836,2477000,0.0,0.0
2009-08-25 00:00:00-04:00,25.76489867761338,25.9291168794379,24.416585061470688,24.54623031616211,2741700,0.0,0.0
2009-08-26 00:00:00-04:00,24.528936159751034,25.20309358093021,24.286932199734153,24.62401008605957,1977900,0.0,0.0
2009-08-27 00:00:00-04:00,25.012950507035036,27.00949166966897,24.65858610821126,26.68105697631836,4885500,0.0,0.0
2009-08-28 00:00:00-04:00,27.199645200369776,27.74415597327312,26.57734693869039,27.66636848449707,4119200,0.0,0.0
2009-08-31 00:00:00-04:00,26.966281135616853,26.966281135616853,25.955045551818003,26.24890899658203,2520600,0.0,0.0
2009-09-01 00:00:00-04:00,26.04147605249885,27.08728463961108,25.1339576074715,25.298175811767578,3679900,0.0,0.0
2009-09-02 00:00:00-04:00,25.08210043315458,25.220388930011108,24.252367803486482,24.753664016723633,2653500,0.0,0.0
2009-09-03 00:00:00-04:00,25.151238898346623,25.643891761184303,24.727730268038293,25.24631118774414,2487200,0.0,0.0
2009-09-04 00:00:00-04:00,25.246313342101633,26.214334328645723,24.97837962425274,25.738967895507812,1961500,0.0,0.0
2009-09-08 00:00:00-04:00,26.79341982009114,27.718224692052264,26.629201624121876,27.631793975830078,4394800,0.0,0.0
2009-09-09 00:00:00-04:00,27.337930334985618,27.752797440190047,26.68970244073163,27.37250328063965,3305000,0.0,0.0
2009-09-10 00:00:00-04:00,27.32064592179567,28.357811227620346,26.819349741970466,28.262737274169922,2578200,0.0,0.0
2009-09-11 00:00:00-04:00,28.547959050203847,29.38633495546236,28.50474451115153,28.945541381835938,2813700,0.0,0.0
2009-09-14 00:00:00-04:00,28.591167608342637,29.62832939726622,28.305945808448808,29.14432144165039,3152500,0.0,0.0
2009-09-15 00:00:00-04:00,29.2998963839146,29.90490632873409,28.9023141811029,29.498685836791992,2701800,0.0,0.0
2009-09-16 00:00:00-04:00,29.88762587948322,30.89885970543734,29.749334111430805,30.829713821411133,2619200,0.0,0.0
2009-09-17 00:00:00-04:00,30.942646419017038,31.385678879644,30.343253264157845,30.621232986450195,2714100,0.18,0.0
2009-09-18 00:00:00-04:00,30.777601380294012,30.803660947416276,29.65699360111443,30.28244972229004,2632300,0.0,0.0
2009-09-21 00:00:00-04:00,29.856782586479106,30.612542949050493,29.19658167413472,30.291126251220703,1704000,0.0,0.0
2009-09-22 00:00:00-04:00,30.71679429905637,31.681038072570743,30.53437069698074,31.072956085205078,2211400,0.0,0.0
2009-09-23 00:00:00-04:00,31.081635338258035,32.09800135953524,30.412745616206106,30.80365562438965,2844100,0.0,0.0
2009-09-24 00:00:00-04:00,30.951340356914738,31.046896523863783,29.37901459570822,29.90891456604004,2906300,0.0,0.0
2009-09-25 00:00:00-04:00,29.787286286179356,30.59516568532982,29.561425747826085,29.90021324157715,2964600,0.0,0.0
2009-09-28 00:00:00-04:00,30.31719112435649,31.133756074975107,29.874158701378974,30.8818359375,1750600,0.0,0.0
2009-09-29 00:00:00-04:00,30.951344982570905,31.489930451398283,30.369322475889426,30.699424743652344,2329000,0.0,0.0
2009-09-30 00:00:00-04:00,30.84708690488694,31.24668561167116,29.683045702035773,30.39537239074707,2380200,0.0,0.0
2009-10-01 00:00:00-04:00,30.34325347699048,30.34325347699048,28.840424557250216,28.9099178314209,3021700,0.0,0.0
2009-10-02 00:00:00-04:00,28.23233665911809,29.570115868426335,27.624254899088974,29.248699188232422,2625300,0.0,0.0
2009-10-05 00:00:00-04:00,29.570123470371527,30.160831238971088,29.361637011074098,30.08264923095703,1955000,0.0,0.0
2009-10-06 00:00:00-04:00,30.421432727644312,31.142441536571894,30.23032044186089,30.612545013427734,1841900,0.0,0.0
2009-10-07 00:00:00-04:00,30.543049519237915,31.177190937449165,30.256384394135623,30.77759552001953,1337900,0.0,0.0
2009-10-08 00:00:00-04:00,31.264063962064295,31.811334690272368,30.66466747815103,31.31618309020996,1729900,0.0,0.0
2009-10-09 00:00:00-04:00,31.055572059991444,31.741835846274483,30.76890365036213,31.394359588623047,1255500,0.0,0.0
2009-10-12 00:00:00-04:00,31.663654651287054,32.141432032253896,30.968705432264446,31.11638069152832,1113500,0.0,0.0
2009-10-13 00:00:00-04:00,30.99477520219218,31.50730104138249,30.725480841336132,31.33356285095215,1282300,0.0,0.0
2009-10-14 00:00:00-04:00,31.82870372805895,32.688705655982105,31.75052173461139,32.65395736694336,1739300,0.0,0.0
2009-10-15 00:00:00-04:00,33.01012475635665,34.417397568111404,32.70608545911266,33.852752685546875,3528600,0.0,0.0
2009-10-16 00:00:00-04:00,32.410727993687615,32.95799866819145,31.43779572256636,32.02850341796875,3353700,0.0,0.0
2009-10-19 00:00:00-04:00,32.26304564007716,33.01011724476868,32.080622103241986,32.74951171875,1594600,0.0,0.0
2009-10-20 00:00:00-04:00,32.87981531196985,33.16648373191995,32.21961437519824,33.001434326171875,2871700,0.0,0.0
2009-10-21 00:00:00-04:00,30.49093053343345,31.811335957457324,29.969719348536085,30.239013671875,5967500,0.0,0.0
2009-10-22 00:00:00-04:00,30.160827171634768,30.39537316404725,29.179209495340917,29.778602600097656,2638600,0.0,0.0
2009-10-23 00:00:00-04:00,29.99576729647507,30.560415289579183,29.3355664970447,29.535364151000977,1964300,0.0,0.0
2009-10-26 00:00:00-04:00,29.78729417897666,30.160830056647654,27.954363084772407,28.03254508972168,3403100,0.0,0.0
2009-10-27 00:00:00-04:00,28.223653210479014,28.301835203840202,27.0682974545614,27.17254066467285,2198700,0.0,0.0
2009-10-28 00:00:00-04:00,26.981432133390257,27.250726439846407,25.730523379791382,25.800018310546875,2627300,0.0,0.0
2009-10-29 00:00:00-04:00,26.529712865231257,27.685066991915697,26.39072136279232,27.485267639160156,3769800,0.0,0.0
2009-10-30 00:00:00-04:00,27.35496775635708,27.57213962008512,26.61658308830378,26.807695388793945,4826200,0.0,0.0
2009-11-02 00:00:00-05:00,27.15516965117931,28.049918313428137,26.581836071684666,27.24203872680664,3230300,0.0,0.0
2009-11-03 00:00:00-05:00,26.599208997696614,27.88486429905225,26.321227637066233,27.3636531829834,2586200,0.0,0.0
2009-11-04 00:00:00-05:00,27.92830499788375,28.30184089530713,27.120423685057638,27.28547477722168,2267500,0.0,0.0
2009-11-05 00:00:00-05:00,27.719812968238905,28.46688461303711,27.47657991584447,28.46688461303711,1687900,0.0,0.0
2009-11-06 00:00:00-05:00,27.8414313321316,29.057595053675946,27.8414313321316,28.301837921142578,1533400,0.0,0.0
2009-11-09 00:00:00-05:00,28.753553117849535,29.457191141599406,28.753553117849535,29.39638328552246,2840600,0.0,0.0
2009-11-10 00:00:00-05:00,29.18789696348671,29.352949699630376,28.188908385315557,28.519010543823242,2248700,0.0,0.0
2009-11-11 00:00:00-05:00,29.205268076896736,29.47456235110279,28.840420976791073,28.988096237182617,1647400,0.0,0.0
2009-11-12 00:00:00-05:00,28.623256181317586,28.996792102656155,27.884869756303623,28.006488800048828,1544100,0.0,0.0
2009-11-13 00:00:00-05:00,28.10203911520525,28.684061459554076,27.841433529670173,28.249717712402344,1378200,0.0,0.0
2009-11-16 00:00:00-05:00,28.484264203885363,30.082649352349453,28.484264203885363,29.839414596557617,2729500,0.0,0.0
2009-11-17 00:00:00-05:00,29.66567124937907,30.41273950927553,29.379002863014787,30.377994537353516,1473100,0.0,0.0
2009-11-18 00:00:00-05:00,30.386685335158187,30.67335377230831,29.856785482568814,30.091331481933594,1946000,0.0,0.0
2009-11-19 00:00:00-05:00,29.656988856392168,29.70911129607796,28.519010423712537,29.39638328552246,2299800,0.0,0.0
2009-11-20 00:00:00-05:00,28.623253144917108,29.596182195208108,28.623253144917108,29.54405975341797,1465400,0.0,0.0
2009-11-23 00:00:00-05:00,30.351935132863964,30.916583241769672,29.934965598164997,30.204259872436523,1637500,0.0,0.0
2009-11-24 00:00:00-05:00,30.16083430473703,30.43012533788492,29.752550075409346,30.343257904052734,1687200,0.0,0.0
2009-11-25 00:00:00-05:00,30.43011965237242,30.794970096615966,30.265070233416747,30.708099365234375,1462300,0.0,0.0
2009-11-27 00:00:00-05:00,29.396390560751282,29.961038865528533,28.76224896630724,29.700429916381836,790000,0.0,0.0
2009-11-30 00:00:00-05:00,29.969714099471346,30.143452235267624,29.292139015023114,29.561429977416992,1596700,0.0,0.0
2009-12-01 00:00:00-05:00,30.16083230946331,30.74285136795221,30.04790200192816,30.247699737548828,2348600,0.0,0.0
2009-12-02 00:00:00-05:00,30.621231519498455,31.44648523029758,30.3606259565565,30.77759552001953,2001500,0.0,0.0
2009-12-03 00:00:00-05:00,30.916582188857937,31.12506860599674,30.18688469954089,30.291126251220703,1788100,0.0,0.0
2009-12-04 00:00:00-05:00,31.0729505335535,31.646284118913805,29.735171063119576,30.5604248046875,2144500,0.0,0.0
2009-12-07 00:00:00-05:00,30.612551300555783,31.04689508379206,30.282449097437794,30.412750244140625,1568800,0.0,0.0
2009-12-08 00:00:00-05:00,30.18688888826232,30.65598090658128,29.80466760321334,29.969717025756836,1774800,0.0,0.0
2009-12-09 00:00:00-05:00,29.917592398519997,30.864461782369485,29.587493577566523,30.768905639648438,1679700,0.0,0.0
2009-12-10 00:00:00-05:00,31.046890039160466,31.29012145784187,30.682039597358813,30.968708038330078,1470400,0.0,0.0
2009-12-11 00:00:00-05:00,31.29012384054044,31.89820574732807,31.046892403337306,31.60285186767578,1501500,0.0,0.0
2009-12-14 00:00:00-05:00,31.872145511779767,32.71477350878242,31.759218514446683,32.66265106201172,1711700,0.0,0.0
2009-12-15 00:00:00-05:00,32.52365802527531,33.48790165730277,32.37598274443926,33.01012420654297,2127500,0.0,0.0
2009-12-16 00:00:00-05:00,33.183864374322596,33.791946309280064,32.914570046529725,33.21861267089844,1696800,0.0,0.0
2009-12-17 00:00:00-05:00,34.25722733289373,35.66242878295516,33.97793300698163,35.08638381958008,4088500,0.18,0.0
2009-12-18 00:00:00-05:00,36.0377403986156,36.22102672272238,35.208583699313515,35.740989685058594,3611700,0.0,0.0
2009-12-21 00:00:00-05:00,36.1686591662985,37.54767822043313,36.13374986235294,37.21601486206055,2005300,0.0,0.0
2009-12-22 00:00:00-05:00,37.47784680310478,37.47784680310478,36.48286022072743,37.14618682861328,1694400,0.0,0.0
2009-12-23 00:00:00-05:00,37.285841710117126,38.76086557447153,37.24219925179339,38.595035552978516,1570900,0.0,0.0
2009-12-24 00:00:00-05:00,38.91795828245341,40.096231081678134,38.85686285312776,39.91294479370117,986900,0.0,0.0
2009-12-28 00:00:00-05:00,39.93913466059067,40.41917501796879,38.769588146113726,39.013973236083984,1425100,0.0,0.0
2009-12-29 00:00:00-05:00,39.27580542286201,39.41545259785413,38.76085584080643,39.11870193481445,1075000,0.0,0.0
2009-12-30 00:00:00-05:00,38.75213672908072,39.782036089329075,38.6299425144217,39.76457977294922,1083900,0.0,0.0
2009-12-31 00:00:00-05:00,39.74712261128906,40.06132964054064,39.05761311148161,39.075069427490234,846300,0.0,0.0
2010-01-04 00:00:00-05:00,39.92168218769872,41.335610480875005,39.86058341733169,41.265785217285156,2352500,0.0,0.0
2010-01-05 00:00:00-05:00,41.571261334578864,42.05129831767624,41.08249452973434,41.719635009765625,2843300,0.0,0.0
2010-01-06 00:00:00-05:00,41.7981985725167,42.87173721870034,41.64109503117739,42.73208999633789,2925800,0.0,0.0
2010-01-07 00:00:00-05:00,42.62734815732082,43.42159222360978,42.339323937399186,43.343040466308594,2970600,0.0,0.0
2010-01-08 00:00:00-05:00,43.020103748605536,44.44275843818768,42.12985167513084,44.3554801940918,1732900,0.0,0.0
2010-01-11 00:00:00-05:00,45.3941098165346,46.5985689985112,43.63979165688659,44.46894836425781,3805200,0.0,0.0
2010-01-12 00:00:00-05:00,43.60489169963775,43.73581244444542,40.82939987711886,41.7283821105957,4514300,0.0,0.0
2010-01-13 00:00:00-05:00,41.88546832844666,41.88546832844666,40.51517597642287,41.719635009765625,2586100,0.0,0.0
2010-01-14 00:00:00-05:00,41.815649719455955,42.28696028517904,40.14860975205939,40.74211120605469,2450900,0.0,0.0
2010-01-15 00:00:00-05:00,40.62864110991098,41.09122511703522,39.371816440475854,39.89549255371094,2181800,0.0,0.0
2010-01-19 00:00:00-05:00,40.026419259702806,41.16105322846324,39.67729957879865,41.12614059448242,2594100,0.0,0.0
2010-01-20 00:00:00-05:00,40.07878088936613,40.55882123516021,39.42418404995787,39.90422439575195,1880800,0.0,0.0
2010-01-21 00:00:00-05:00,39.8082163950593,40.20970165818513,38.31573639770996,38.324462890625,2639700,0.0,0.0
2010-01-22 00:00:00-05:00,38.26336458799393,39.26708100013578,36.70978926816355,36.90180206298828,3184600,0.0,0.0
2010-01-25 00:00:00-05:00,37.66113896201569,38.167358779380706,36.954173186808454,37.42548370361328,1549100,0.0,0.0
2010-01-26 00:00:00-05:00,37.09381918406445,38.40301280232555,36.15992800272765,37.05890655517578,2222800,0.0,0.0
2010-01-27 00:00:00-05:00,38.359374943105585,38.760860200180964,36.02028200182484,37.31201934814453,3845400,0.0,0.0
2010-01-28 00:00:00-05:00,37.600040840772465,38.018982382660425,36.34321288565718,36.4043083190918,2365500,0.0,0.0
2010-01-29 00:00:00-05:00,37.2072843195334,37.66986500863063,35.54897103758045,35.65370559692383,2438800,0.0,0.0
2010-02-01 00:00:00-05:00,36.25593298960947,38.36809691629496,36.04646056351154,38.298274993896484,2216100,0.0,0.0
2010-02-02 00:00:00-05:00,38.525206611472285,39.24089891100267,37.39929921485066,39.109981536865234,2138100,0.0,0.0
2010-02-03 00:00:00-05:00,38.89178031188795,39.54637713269055,37.530217726015955,37.652408599853516,2477500,0.0,0.0
2010-02-04 00:00:00-05:00,36.86690549099625,36.962910256823875,34.65872928790897,34.676185607910156,3345100,0.0,0.0
2010-02-05 00:00:00-05:00,35.16494031066613,35.941727967711216,34.0390330343091,35.77589797973633,2566000,0.0,0.0
2010-02-08 00:00:00-05:00,35.924281977832216,36.59633527400105,34.7023662885339,35.522796630859375,2344500,0.0,0.0
2010-02-09 00:00:00-05:00,36.33448282680226,37.451660162171365,35.959180441429616,36.61377716064453,2624300,0.0,0.0
2010-02-10 00:00:00-05:00,36.26466752376527,36.43050086895954,35.0514818041642,35.33077621459961,2249100,0.0,0.0
2010-02-11 00:00:00-05:00,35.36568383759783,36.666147627663584,35.23476314462005,36.5439567565918,2303300,0.0,0.0
2010-02-12 00:00:00-05:00,35.767168270260825,37.12000097279861,35.348226723443084,37.01526641845703,2137800,0.0,0.0
2010-02-16 00:00:00-05:00,37.949157900102804,38.83068345094875,37.76587159606804,38.464107513427734,2027400,0.0,0.0
2010-02-17 00:00:00-05:00,39.07506959604788,39.10998222821574,37.8007884869879,38.42919921875,2276500,0.0,0.0
2010-02-18 00:00:00-05:00,38.05389639286751,39.109981864691825,38.05389639286751,38.865596771240234,1824300,0.0,0.0
2010-02-19 00:00:00-05:00,38.56011778783419,40.45408303038565,38.53393497988515,40.22715759277344,2915700,0.0,0.0
2010-02-22 00:00:00-05:00,40.558822760687335,40.68101364259387,39.8780397580695,40.02641677856445,1476800,0.0,0.0
2010-02-23 00:00:00-05:00,39.85185847405875,40.218434463258994,38.07135413669061,38.167362213134766,1991800,0.0,0.0
2010-02-24 00:00:00-05:00,38.21973184739321,38.64739995809258,37.21601526771167,37.5214958190918,2054100,0.0,0.0
2010-02-25 00:00:00-05:00,36.84943461736857,37.74841310093758,36.17738154528593,37.63494873046875,1908400,0.0,0.0
2010-02-26 00:00:00-05:00,37.44294265210812,38.22845690591239,36.98908841838811,38.106266021728516,1365700,0.0,0.0
2010-03-01 00:00:00-05:00,38.27209761438598,39.79076389499664,37.94043758058702,39.67729949951172,2426200,0.0,0.0
2010-03-02 00:00:00-05:00,40.035143402509306,40.977764487926244,39.67729724884958,40.54136657714844,2442400,0.0,0.0
2010-03-03 00:00:00-05:00,40.67229022299161,41.53635968450053,40.58501195916145,40.8206672668457,1732800,0.0,0.0
2010-03-04 00:00:00-05:00,40.79447319045402,42.27822324262549,40.79447319045402,41.44906997680664,2326100,0.0,0.0
2010-03-05 00:00:00-05:00,42.12984543303554,42.75825935166315,42.12984543303554,42.49641799926758,1526100,0.0,0.0
2010-03-08 00:00:00-05:00,42.61861995662804,43.29066978395072,42.4964257494813,43.124839782714844,2176300,0.0,0.0
2010-03-09 00:00:00-05:00,42.74817093753244,43.869436727368594,42.57297284459314,43.45772171020508,2681200,0.18,0.0
2010-03-10 00:00:00-05:00,43.49275267514908,44.105940856571145,43.00219878838645,43.32631301879883,2378400,0.0,0.0
2010-03-11 00:00:00-05:00,42.975921304148336,43.562830961231896,42.59048490451132,43.448951721191406,2056100,0.0,0.0
2010-03-12 00:00:00-05:00,43.86942884060257,44.6665768456222,43.86942884060257,44.49137878417969,1710300,0.0,0.0
2010-03-15 00:00:00-04:00,44.14974775679936,44.62277821452284,43.72051264073276,44.20230484008789,1956000,0.0,0.0
2010-03-16 00:00:00-04:00,44.53518105644871,45.244731758793684,44.38626152264158,45.148372650146484,1378400,0.0,0.0
2010-03-17 00:00:00-04:00,45.33232346412537,46.40978698314728,45.10456833346117,46.05063247680664,2012800,0.0,0.0
2010-03-18 00:00:00-04:00,45.99807739779943,46.295913121164666,44.377502731668905,44.570220947265625,4063600,0.0,0.0
2010-03-19 00:00:00-04:00,44.824256896972656,46.19955967512771,44.37750496030163,44.824256896972656,4393000,0.0,0.0
2010-03-22 00:00:00-04:00,44.149747150952145,46.47111074930833,43.79935100625201,45.88420104980469,2201600,0.0,0.0
2010-03-23 00:00:00-04:00,46.11195561253792,47.50477509031472,45.612643284808996,47.39089584350586,2435000,0.0,0.0
2010-03-24 00:00:00-04:00,47.075542716316754,47.78509004565692,46.85654596694012,47.46973419189453,2111300,0.0,0.0
2010-03-25 00:00:00-04:00,48.091693537763994,48.38952928797508,45.805366652559144,45.90172576904297,2908400,0.0,0.0
2010-03-26 00:00:00-04:00,46.02435425310825,47.504770966613364,45.84039779920302,46.620025634765625,2249300,0.0,0.0
2010-03-29 00:00:00-04:00,47.38214163134954,49.055276832507545,47.01422531746046,48.81875991821289,3280100,0.0,0.0
2010-03-30 00:00:00-04:00,48.88882973367083,49.256742624994416,47.171892882619666,47.70624542236328,1861400,0.0,0.0
2010-03-31 00:00:00-04:00,47.46097673512113,48.17928582001681,47.10182219267329,47.29454040527344,1458200,0.0,0.0
2010-04-01 00:00:00-04:00,48.100444642639545,48.398280347674856,47.592373935005845,48.004085540771484,1808700,0.0,0.0
2010-04-05 00:00:00-04:00,48.43331412744058,49.30930098447532,48.030360975194526,49.25674057006836,1726900,0.0,0.0
2010-04-06 00:00:00-04:00,48.89760334174107,49.58963400491304,48.52969033597927,48.739925384521484,2027100,0.0,0.0
2010-04-07 00:00:00-04:00,48.3720024264626,49.01147252511833,47.417176478250596,47.92524719238281,1589700,0.0,0.0
2010-04-08 00:00:00-04:00,47.63617664054709,48.617281199365664,46.9178675279946,48.48588180541992,2006700,0.0,0.0
2010-04-09 00:00:00-04:00,48.68735472528809,49.466982551152824,48.20555924492231,48.78371047973633,1761500,0.0,0.0
2010-04-12 00:00:00-04:00,48.81875197884357,49.177906492150285,48.38075850692684,49.002708435058594,1215600,0.0,0.0
2010-04-13 00:00:00-04:00,48.67860021416737,49.405671071335306,48.00408978310658,48.29316711425781,2202500,0.0,0.0
2010-04-14 00:00:00-04:00,48.99394479341546,49.2830187163036,47.785082004622744,48.39827346801758,2170300,0.0,0.0
2010-04-15 00:00:00-04:00,48.35447547453578,48.555952051900036,47.30329057129322,47.37337112426758,1594200,0.0,0.0
2010-04-16 00:00:00-04:00,46.96165747941556,47.452207996792545,45.2009219677595,45.71775436401367,2624500,0.0,0.0
2010-04-19 00:00:00-04:00,45.28852985837448,45.638922663380335,44.0884285698445,44.762935638427734,2192000,0.0,0.0
2010-04-20 00:00:00-04:00,45.07828871634075,45.63016144361157,44.596496550715486,45.262245178222656,1609100,0.0,0.0
2010-04-21 00:00:00-04:00,46.15576107913318,48.53844716282734,46.041885157210835,48.31945037841797,5005200,0.0,0.0
2010-04-22 00:00:00-04:00,47.86392653084246,49.0202290403511,47.59237271431583,48.91511154174805,2826600,0.0,0.0
2010-04-23 00:00:00-04:00,48.83627528476181,49.62466492197308,48.661077216312066,49.54582595825195,1553400,0.0,0.0
2010-04-26 00:00:00-04:00,50.053892373816524,51.02623839549802,49.75605668556836,50.38676834106445,1564000,0.0,0.0
2010-04-27 00:00:00-04:00,50.22032829071762,50.491882078693706,47.434689808424686,47.6536865234375,2655400,0.0,0.0
2010-04-28 00:00:00-04:00,47.548570734842244,48.17928241026021,46.01559356724305,46.365989685058594,3253700,0.0,0.0
2010-04-29 00:00:00-04:00,47.18066024456564,47.34709657119219,46.0681563561666,47.09305953979492,2687400,0.0,0.0
2010-04-30 00:00:00-04:00,47.21569440299011,47.42592938392369,46.56746263825793,46.839019775390625,2725100,0.0,0.0
2010-05-03 00:00:00-04:00,47.13685544973383,47.460969661287535,45.71775429112075,46.839019775390625,2104200,0.0,0.0
2010-05-04 00:00:00-04:00,45.60389143061633,45.9630460221401,44.34246781814204,44.990699768066406,2174100,0.0,0.0
2010-05-05 00:00:00-04:00,43.58035424086807,45.25348931524442,42.739407503737866,44.28114318847656,3159800,0.0,0.0
2010-05-06 00:00:00-04:00,43.96578931600445,46.51491152564008,41.276509310505276,44.140987396240234,3682700,0.0,0.0
2010-05-07 00:00:00-04:00,44.1322281894898,46.41855490780426,42.975925559339444,44.50014114379883,3819900,0.0,0.0
2010-05-10 00:00:00-04:00,47.23321751621621,48.85379547394288,46.95290194307028,48.70487594604492,2882700,0.0,0.0
2010-05-11 00:00:00-04:00,47.881450132057985,47.9865676382596,46.506150785096295,46.830265045166016,2505700,0.0,0.0
2010-05-12 00:00:00-04:00,47.241981118362574,49.37062988315244,47.241981118362574,49.31806945800781,2360900,0.0,0.0
2010-05-13 00:00:00-04:00,49.16038374127486,50.80724004386902,48.661071477139245,48.845027923583984,1632100,0.0,0.0
2010-05-14 00:00:00-04:00,47.925249890746855,48.328203124923085,46.05063817019841,47.040504455566406,1516200,0.0,0.0
2010-05-17 00:00:00-04:00,47.18941748122518,47.3733772858973,44.63153711421414,45.83163833618164,2797100,0.0,0.0
2010-05-18 00:00:00-04:00,46.6025081526754,47.776330843277044,45.11332961360985,45.2710075378418,2034700,0.0,0.0
2010-05-19 00:00:00-04:00,44.920619544244154,46.40979835303458,43.44896087927781,44.80674362182617,2026900,0.0,0.0
2010-05-20 00:00:00-04:00,42.94088762988374,43.63291823421623,40.75091990095225,41.04875564575195,3937400,0.0,0.0
2010-05-21 00:00:00-04:00,39.68221110077895,43.86943130368716,39.68221110077895,43.79935073852539,3867200,0.0,0.0
2010-05-24 00:00:00-04:00,43.422677995225584,44.57898063906306,42.75692930456554,42.809486389160156,2084100,0.0,0.0
2010-05-25 00:00:00-04:00,40.52349113676296,45.860388034550276,40.52349113676296,45.78125762939453,4188800,0.18,0.0
2010-05-26 00:00:00-04:00,46.35276209200248,47.26715391815855,44.69981747467885,45.12184524536133,3080500,0.0,0.0
2010-05-27 00:00:00-04:00,46.78358053909841,48.48048574998431,46.37913767898534,48.427734375,2038100,0.0,0.0
2010-05-28 00:00:00-04:00,47.838662317039145,49.21904617017607,47.548519627936265,48.076053619384766,2021600,0.0,0.0
2010-06-01 00:00:00-04:00,47.09130765591075,47.9177782196057,44.72618948347951,44.78773498535156,2544800,0.0,0.0
2010-06-02 00:00:00-04:00,44.82290880013074,46.37913810195334,44.26020510197584,46.36155319213867,2874000,0.0,0.0
2010-06-03 00:00:00-04:00,46.74842359838978,46.98581491315321,44.910845311997065,45.693355560302734,1610600,0.0,0.0
2010-06-04 00:00:00-04:00,44.2953705185574,45.28010189244421,42.07092828080589,42.396244049072266,2502900,0.0,0.0
2010-06-07 00:00:00-04:00,42.89740490460218,42.89740490460218,40.78726275876497,40.89276885986328,2587600,0.0,0.0
2010-06-08 00:00:00-04:00,40.98948007572993,42.01817535878113,40.585037267067605,41.93904495239258,2327200,0.0,0.0
2010-06-09 00:00:00-04:00,42.660017113367566,44.260207084410766,42.38745603000001,42.91499328613281,3008700,0.0,0.0
2010-06-10 00:00:00-04:00,43.67991964540655,45.6405919524884,43.67991964540655,45.58783721923828,2175800,0.0,0.0
2010-06-11 00:00:00-04:00,44.83170281675433,45.790058598328535,44.66464785093385,45.675758361816406,1554700,0.0,0.0
2010-06-14 00:00:00-04:00,46.493435126252955,47.37266043236375,45.74609160367175,45.82522201538086,1815200,0.0,0.0
2010-06-15 00:00:00-04:00,46.53740630545328,48.35740283473309,45.798856746181826,48.31344223022461,2043800,0.0,0.0
2010-06-16 00:00:00-04:00,47.90900140337162,48.436535388565964,47.17045181171196,47.63644027709961,1694300,0.0,0.0
2010-06-17 00:00:00-04:00,47.917779020817946,48.29584616948395,45.69334007716131,46.247249603271484,2616800,0.0,0.0
2010-06-18 00:00:00-04:00,46.30000065119818,46.563767550391304,45.596621135357154,45.78125762939453,1785200,0.0,0.0
2010-06-21 00:00:00-04:00,46.76599494228326,48.40135462233909,45.552666379772205,45.992279052734375,1736700,0.0,0.0
2010-06-22 00:00:00-04:00,45.93953118431663,46.67808071933371,44.1019498027848,44.312965393066406,1736600,0.0,0.0
2010-06-23 00:00:00-04:00,44.78773972530431,45.04271589088922,43.284265127923504,44.67344284057617,1446300,0.0,0.0
2010-06-24 00:00:00-04:00,44.268994349786915,44.34812476422856,42.73914414255314,42.88861083984375,1471900,0.0,0.0
2010-06-25 00:00:00-04:00,42.96774242391284,44.225034957611285,42.5896752506201,44.145904541015625,2840000,0.0,0.0
2010-06-28 00:00:00-04:00,44.2250301326325,44.40087585632447,42.79189201241347,43.35459899902344,1401300,0.0,0.0
2010-06-29 00:00:00-04:00,42.28194385427494,42.457789581091035,39.36291619265383,39.688228607177734,3244100,0.0,0.0
2010-06-30 00:00:00-04:00,39.573934699760976,40.813642408469434,38.69470927928749,38.852970123291016,1827600,0.0,0.0
2010-07-01 00:00:00-04:00,38.82659055080847,39.87286748909885,37.38466154207938,39.099151611328125,2536100,0.0,0.0
2010-07-02 00:00:00-04:00,39.143125619044696,39.36293202749352,38.334236291883606,38.75626754760742,1681900,0.0,0.0
2010-07-06 00:00:00-04:00,40.12783891890278,40.40039994735192,38.36059768418789,38.79141616821289,1677900,0.0,0.0
2010-07-07 00:00:00-04:00,38.729875729249734,41.077409141607355,38.59799394004759,40.98069381713867,1597600,0.0,0.0
2010-07-08 00:00:00-04:00,41.569764791299114,42.07971699768588,40.840009647305095,42.02696228027344,1965200,0.0,0.0
2010-07-09 00:00:00-04:00,42.43140740996777,43.319426755550936,41.93024930562005,42.87981414794922,1010300,0.0,0.0
2010-07-12 00:00:00-04:00,42.61606176648228,42.61606176648228,40.76968617341109,41.15654754638672,1090500,0.0,0.0
2010-07-13 00:00:00-04:00,42.361084644267486,43.25789505221339,42.31712404028544,42.71277618408203,2092000,0.0,0.0
2010-07-14 00:00:00-04:00,42.73914931485749,43.038086099594615,41.84233896064612,42.7039794921875,1211000,0.0,0.0
2010-07-15 00:00:00-04:00,42.90619804679546,42.90619804679546,40.66417398952034,41.613739013671875,1628700,0.0,0.0
2010-07-16 00:00:00-04:00,41.270834456891826,41.270834456891826,39.266201842166204,39.3277473449707,2121600,0.0,0.0
2010-07-19 00:00:00-04:00,39.77615015528791,40.549865928708286,39.16948261110977,39.74977111816406,2187200,0.0,0.0
2010-07-20 00:00:00-04:00,38.73867789412312,41.789588189513864,38.73867789412312,41.64012145996094,2406800,0.0,0.0
2010-07-21 00:00:00-04:00,42.14128104931673,42.97654599597215,41.23567980244765,41.58736801147461,2035400,0.0,0.0
2010-07-22 00:00:00-04:00,42.56330663500446,44.084366358754046,42.27316396193203,43.92610549926758,2397100,0.0,0.0
2010-07-23 00:00:00-04:00,43.70630321066667,46.01866744813306,43.24031472191475,45.983497619628906,2179200,0.0,0.0
2010-07-26 00:00:00-04:00,45.95711395159821,46.73083327455056,45.38561607648976,46.69566345214844,1328700,0.0,0.0
2010-07-27 00:00:00-04:00,46.959432211189096,46.959432211189096,45.11306006606976,45.7548942565918,1862600,0.0,0.0
2010-07-28 00:00:00-04:00,44.71740620331945,44.71740620331945,42.26436643237858,42.528133392333984,3201400,0.0,0.0
2010-07-29 00:00:00-04:00,43.13479328337733,43.908509112027694,40.883975367538724,41.464263916015625,2168800,0.0,0.0
2010-07-30 00:00:00-04:00,40.95431944173231,42.07093271278189,40.55866735349734,41.859920501708984,2179000,0.0,0.0
2010-08-02 00:00:00-04:00,42.84465255317124,43.65354165039419,42.46658536979181,43.40735626220703,1732600,0.0,0.0
2010-08-03 00:00:00-04:00,43.10842478969181,43.213934263572774,41.87751111355894,42.24678421020508,1878800,0.0,0.0
2010-08-04 00:00:00-04:00,42.273166756411214,42.37867288505033,41.20930127420748,42.07094192504883,1660200,0.0,0.0
2010-08-05 00:00:00-04:00,41.78078796411499,42.33470085953855,41.43789062303608,41.89508819580078,1339500,0.0,0.0
2010-08-06 00:00:00-04:00,41.314802639875516,42.86223785382184,41.17412671133494,42.56330108642578,1510200,0.0,0.0
2010-08-09 00:00:00-04:00,43.16116662262132,43.71507945596478,42.50174770091942,43.45130920410156,1356600,0.0,0.0
2010-08-10 00:00:00-04:00,43.35460953835083,43.66233711413544,42.22919864552634,42.6951904296875,2279600,0.0,0.0
2010-08-11 00:00:00-04:00,41.40272400728715,41.45547873844826,39.29258171654495,39.45963668823242,2856100,0.0,0.0
2010-08-12 00:00:00-04:00,38.5540256492504,39.749772519012204,38.10562225007879,39.27499008178711,3011900,0.0,0.0
2010-08-13 00:00:00-04:00,38.967265283369365,39.71460545168178,38.75625308821267,38.861759185791016,1773500,0.0,0.0
2010-08-16 00:00:00-04:00,38.510075187923974,39.6354860781996,38.281478039855855,38.993648529052734,1185500,0.0,0.0
2010-08-17 00:00:00-04:00,39.82891881891621,40.848820375884316,39.26621497424132,40.558677673339844,1859500,0.0,0.0
2010-08-18 00:00:00-04:00,40.48833987358892,41.20051384629741,40.0047664445062,40.90157699584961,1501800,0.0,0.0
2010-08-19 00:00:00-04:00,40.99827977219146,41.7719956797182,39.33654436641936,39.55635070800781,2058700,0.0,0.0
2010-08-20 00:00:00-04:00,38.96727232182529,39.58273081782642,37.947370917072746,38.42215347290039,1864500,0.0,0.0
2010-08-23 00:00:00-04:00,38.69470828056138,38.92330876221235,37.40224922652983,37.41983413696289,2110500,0.0,0.0
2010-08-24 00:00:00-04:00,36.10099384948057,36.566982208752144,35.41519580012448,35.63500213623047,3426100,0.0,0.0
2010-08-25 00:00:00-04:00,35.13384137783747,35.98669097256468,34.59751342049265,35.87239074707031,2844400,0.0,0.0
2010-08-26 00:00:00-04:00,36.2944251520173,36.57577702498031,35.42399384315639,35.459163665771484,2197600,0.0,0.0
2010-08-27 00:00:00-04:00,36.07461356098379,36.76041158662501,35.133842743300235,36.70765686035156,2290500,0.0,0.0
2010-08-30 00:00:00-04:00,36.40872086031264,36.82195783958434,35.79326245717861,35.837223052978516,1317300,0.0,0.0
2010-08-31 00:00:00-04:00,35.49433205471864,36.487857796484036,35.28331981556966,35.80206298828125,1753000,0.0,0.0
2010-09-01 00:00:00-04:00,36.76042129260401,38.22872634479001,36.5581998194635,38.158390045166016,1730400,0.0,0.0
2010-09-02 00:00:00-04:00,38.299060609127785,38.72108840942383,37.70118705354702,38.72108840942383,1245000,0.0,0.0
2010-09-03 00:00:00-04:00,39.68823888199394,39.96079999682066,39.046404663833414,39.494808197021484,1310000,0.0,0.0
2010-09-07 00:00:00-04:00,39.1079562514642,39.33655679718438,38.51008254509096,38.68592834472656,1120400,0.0,0.0
2010-09-08 00:00:00-04:00,38.73867707772191,39.837708962376055,38.73867707772191,39.494808197021484,1150600,0.0,0.0
2010-09-09 00:00:00-04:00,40.24214172529866,40.42677823032404,38.58040647211364,38.93209457397461,898600,0.0,0.0
2010-09-10 00:00:00-04:00,39.10794615895557,40.39161446325633,38.756258004423486,40.075096130371094,1301600,0.0,0.0
2010-09-13 00:00:00-04:00,40.822437955065375,42.19403086595084,40.822437955065375,41.947845458984375,2015400,0.0,0.0
2010-09-14 00:00:00-04:00,41.700730866893636,41.72720644407447,40.835827223285676,41.180023193359375,1318200,0.18,0.0
2010-09-15 00:00:00-04:00,40.835833166369746,40.90643583802077,39.926802306270105,40.2974739074707,1067400,0.0,0.0
2010-09-16 00:00:00-04:00,40.06800456957224,40.5798847983979,39.65320257781234,40.20921325683594,1208200,0.0,0.0
2010-09-17 00:00:00-04:00,40.50929038259645,40.57989305725709,39.37961728789403,39.988582611083984,1445600,0.0,0.0
2010-09-20 00:00:00-04:00,40.1827329982742,40.23568751677023,39.32665683267861,40.08565139770508,1204900,0.0,0.0
2010-09-21 00:00:00-04:00,40.068003304221,40.08565144372604,38.938330475105914,38.96480941772461,1728600,0.0,0.0
2010-09-22 00:00:00-04:00,38.911854899167786,39.88266417261238,38.76181877993038,38.96480941772461,1614500,0.0,0.0
2010-09-23 00:00:00-04:00,38.12638236835497,38.885380320396926,37.649801789163874,37.746883392333984,1401200,0.0,0.0
2010-09-24 00:00:00-04:00,38.50588022910661,40.456326205953694,38.50588022910661,40.44750213623047,1690200,0.0,0.0
2010-09-27 00:00:00-04:00,40.42985951721584,41.10060006407865,40.06801197877381,40.63284683227539,1281800,0.0,0.0
2010-09-28 00:00:00-04:00,40.994689022158425,40.994689022158425,39.62672915855865,40.37689971923828,1926600,0.0,0.0
2010-09-29 00:00:00-04:00,40.16507909478118,41.11824017073524,39.89148918224946,40.90642547607422,1197800,0.0,0.0
2010-09-30 00:00:00-04:00,41.51539764697039,41.80663911391662,40.37690062463306,40.99468994140625,1820700,0.0,0.0
2010-10-01 00:00:00-04:00,41.718380040067366,42.053751921212736,41.241799477389286,41.43596267700195,1193000,0.0,0.0
2010-10-04 00:00:00-04:00,41.26828113478251,41.32123566066637,39.88266969095806,40.12978744506836,1206600,0.0,0.0
2010-10-05 00:00:00-04:00,40.85347262565059,41.91253932147911,40.6240064354363,41.85958480834961,1200500,0.0,0.0
2010-10-06 00:00:00-04:00,41.44478653869358,42.11553029761835,41.21532369485964,41.3653564453125,1671800,0.0,0.0
2010-10-07 00:00:00-04:00,41.80663601499265,41.80663601499265,40.544581896186834,40.6240119934082,1358900,0.0,0.0
2010-10-08 00:00:00-04:00,40.9682141004833,43.33346249821491,40.91526293885186,43.18342971801758,1695600,0.0,0.0
2010-10-11 00:00:00-04:00,43.16576477085348,43.46583360451633,42.530324095642705,43.00690460205078,850800,0.0,0.0
2010-10-12 00:00:00-04:00,42.609758689745036,42.89217604935563,41.65660094272938,42.715667724609375,1736700,0.0,0.0
2010-10-13 00:00:00-04:00,43.236376139236505,44.03067371490295,43.05103700823518,43.26285171508789,1344800,0.0,0.0
2010-10-14 00:00:00-04:00,43.19224804724308,43.36875975147113,42.58328620267109,42.86570358276367,1121500,0.0,0.0
2010-10-15 00:00:00-04:00,43.45701054369371,43.50113762123333,40.50044921501606,42.28321075439453,4487400,0.0,0.0
2010-10-18 00:00:00-04:00,42.20378158944217,42.20378158944217,41.32122655266308,42.124351501464844,2022400,0.0,0.0
2010-10-19 00:00:00-04:00,41.18002138937374,41.69190497031706,40.70344082091215,41.21532440185547,2049900,0.0,0.0
2010-10-20 00:00:00-04:00,41.47126989999551,42.71567258444521,41.303582259055766,42.27439498901367,1176000,0.0,0.0
2010-10-21 00:00:00-04:00,42.653887110806885,42.75096533813222,40.58870816261116,41.48008728027344,1180700,0.0,0.0
2010-10-22 00:00:00-04:00,41.621292815498826,41.77132891310902,40.98585215113577,41.33005142211914,1022200,0.0,0.0
2010-10-25 00:00:00-04:00,42.15966167132678,42.94513524879599,42.097883077594204,42.20378875732422,1135800,0.0,0.0
2010-10-26 00:00:00-04:00,41.709551772100326,43.89829134223852,40.16508037570762,43.209896087646484,3589200,0.0,0.0
2010-10-27 00:00:00-04:00,42.85686998748012,44.40134116452052,42.68918239072625,44.31308364868164,1982600,0.0,0.0
2010-10-28 00:00:00-04:00,44.798498982032676,45.82226284534637,44.621990641242675,45.380985260009766,2017500,0.0,0.0
2010-10-29 00:00:00-04:00,45.22212132220367,46.66951103605273,45.14269123465438,46.50182342529297,1298600,0.0,0.0
2010-11-01 00:00:00-04:00,46.92545994997288,47.17257770364689,45.68988464832696,46.24589538574219,1456300,0.0,0.0
2010-11-02 00:00:00-04:00,47.181389361747556,47.181389361747556,46.09584711874592,46.6783332824707,1054800,0.0,0.0
2010-11-03 00:00:00-04:00,46.9166221862642,47.14608499769101,45.2750693993461,46.63420486450195,1535200,0.0,0.0
2010-11-04 00:00:00-04:00,47.64915532324343,49.14949642562459,47.419689092673515,49.11419677734375,1901400,0.0,0.0
2010-11-05 00:00:00-04:00,49.13183925926725,50.19090601937051,48.66408614828282,49.35247802734375,1457200,0.0,0.0
2010-11-08 00:00:00-05:00,49.017109178392964,49.017109178392964,47.45498630741995,47.66679763793945,1863700,0.0,0.0
2010-11-09 00:00:00-05:00,47.49911520678017,47.6138483124365,45.18682178773722,45.592796325683594,2794200,0.0,0.0
2010-11-10 00:00:00-05:00,45.65458533601431,46.025260313265164,44.180719598728714,45.89287567138672,2721300,0.0,0.0
2010-11-11 00:00:00-05:00,45.248598853974315,46.68716456109686,45.07208716659504,46.53712844848633,1206300,0.0,0.0
2010-11-12 00:00:00-05:00,45.87520853415596,46.0340687036225,44.59550310975551,45.2662467956543,1757400,0.0,0.0
2010-11-15 00:00:00-05:00,45.71635232900416,46.13115429265657,44.90440327392673,45.82225799560547,1469500,0.0,0.0
2010-11-16 00:00:00-05:00,44.98383648055568,45.36333545939345,43.72178236333813,44.07480239868164,1421000,0.0,0.0
2010-11-17 00:00:00-05:00,42.19495942014843,44.01302072309218,41.49774010169891,42.724491119384766,5102100,0.0,0.0
2010-11-18 00:00:00-05:00,44.20718377021254,45.142693360210664,43.37758321305373,43.43053436279297,4436700,0.0,0.0
2010-11-19 00:00:00-05:00,43.26285371069443,44.33957206739099,43.15694803572318,44.13658142089844,2056700,0.0,0.0
2010-11-22 00:00:00-05:00,43.73943058605877,45.08973876905805,43.112813926179506,44.91322708129883,1573400,0.0,0.0
2010-11-23 00:00:00-05:00,43.9688948600858,44.586684104088185,43.465838721877695,44.392520904541016,1450100,0.0,0.0
2010-11-24 00:00:00-05:00,44.63963571532283,45.61926898557631,44.48959960725714,45.57514190673828,1292100,0.0,0.0
2010-11-26 00:00:00-05:00,45.239771314877984,45.283901761632585,44.34839217732974,44.780845642089844,776300,0.0,0.0
2010-11-29 00:00:00-05:00,44.36604289047981,45.654572459048204,43.792380759717545,45.49571228027344,2049300,0.0,0.0
2010-11-30 00:00:00-05:00,44.754370280133486,46.17528459225734,44.26896562713408,45.62810134887695,1497600,0.0,0.0
2010-12-01 00:00:00-05:00,46.68716450548315,47.02253300775583,46.04289634231419,46.81954574584961,1488600,0.0,0.0
2010-12-02 00:00:00-05:00,46.99605762705955,48.42579590233902,46.86367301946609,48.09042739868164,1414000,0.0,0.0
2010-12-03 00:00:00-05:00,47.728582208994204,48.1433808234736,47.45498891148945,47.9756965637207,1222700,0.0,0.0
2010-12-06 00:00:00-05:00,47.72858428955078,48.06395282367576,47.39321238874506,47.72858428955078,960400,0.0,0.0
2010-12-07 00:00:00-05:00,48.71703974704087,48.71703974704087,46.95192963567476,47.04901123046875,1495100,0.0,0.0
2010-12-08 00:00:00-05:00,47.04901686063759,47.578548610742246,45.98112255679335,46.237064361572266,1231500,0.0,0.0
2010-12-09 00:00:00-05:00,46.97840831014219,47.499115962024234,46.60773677830103,47.19904708862305,1116400,0.0,0.0
2010-12-10 00:00:00-05:00,47.28730509014635,47.419686338542625,46.298840928714945,47.1196174621582,827400,0.0,0.0
2010-12-13 00:00:00-05:00,47.76387430963076,48.01981606041238,47.41085433959961,47.41085433959961,1091600,0.0,0.0
2010-12-14 00:00:00-05:00,47.4196848159354,47.5608934963657,46.69598990789503,46.86367416381836,949800,0.0,0.0
2010-12-15 00:00:00-05:00,46.74894961597634,47.128448618020165,46.025254627585994,46.06938171386719,914700,0.0,0.0
2010-12-16 00:00:00-05:00,46.4312293583493,47.631504962495626,45.81344004837035,47.613853454589844,1079300,0.0,0.0
2010-12-17 00:00:00-05:00,47.906062210204496,51.129319601535904,47.728963014001664,51.02305603027344,3027500,0.18,0.0
2010-12-20 00:00:00-05:00,51.359552806652914,51.97055316708357,50.16411629078183,50.72198486328125,1668600,0.0,0.0
2010-12-21 00:00:00-05:00,51.28871426495689,52.39560126181404,50.84595946621402,52.218502044677734,1144000,0.0,0.0
2010-12-22 00:00:00-05:00,52.40445562398693,52.60812241585085,51.563220872931,51.76688766479492,966200,0.0,0.0
2010-12-23 00:00:00-05:00,51.55437251360016,52.03254515373673,50.94336869783758,51.040775299072266,883400,0.0,0.0
2010-12-27 00:00:00-05:00,50.88137932610647,51.04962830710394,50.49175632949568,50.6954231262207,473900,0.0,0.0
2010-12-28 00:00:00-05:00,50.86366231507309,50.94335830182416,50.01357404169539,50.040138244628906,833000,0.0,0.0
2010-12-29 00:00:00-05:00,50.11098510547999,50.562593485498724,50.040142720719736,50.11983871459961,577300,0.0,0.0
2010-12-30 00:00:00-05:00,50.013580961695304,50.757409148306294,49.34059516330965,49.411434173583984,1049300,0.0,0.0
2010-12-31 00:00:00-05:00,49.47342338787711,49.56197637998473,48.72074153369431,48.862422943115234,722000,0.0,0.0
2011-01-03 00:00:00-05:00,49.53540017991149,51.306419178694966,49.482271771836416,50.9610710144043,1575000,0.0,0.0
2011-01-04 00:00:00-05:00,50.98763732101847,51.589780657828584,49.145775986938546,49.84532928466797,1550500,0.0,0.0
2011-01-05 00:00:00-05:00,49.42914310792638,50.42976985126827,48.924402931628,49.99586868286133,1669300,0.0,0.0
2011-01-06 00:00:00-05:00,50.066712752864305,50.47404635130696,49.11036077952833,49.411434173583984,865600,0.0,0.0
2011-01-07 00:00:00-05:00,49.42913594633808,49.65937028901698,47.631552890420046,48.84469985961914,1688100,0.0,0.0
2011-01-10 00:00:00-05:00,48.46392979589435,49.11035126240056,47.578420382387165,48.96866989135742,1132600,0.0,0.0
2011-01-11 00:00:00-05:00,49.287466179179816,52.06796589431121,49.26090197105792,51.91743087768555,2057800,0.0,0.0
2011-01-12 00:00:00-05:00,52.457584893770175,52.60811988915448,51.31527681439829,51.92627716064453,1192500,0.0,0.0
2011-01-13 00:00:00-05:00,51.926288794174745,52.4487396575916,51.35070951010796,51.58979415893555,1112100,0.0,0.0
2011-01-14 00:00:00-05:00,51.58093140080841,51.93513657276684,50.279231278504675,51.217872619628906,1082600,0.0,0.0
2011-01-18 00:00:00-05:00,51.30641740957067,54.13119477711606,51.23557840859631,53.9895133972168,2319900,0.0,0.0
2011-01-19 00:00:00-05:00,53.87440215075147,54.069215336288785,52.076818812041985,52.45758819580078,2150300,0.0,0.0
2011-01-20 00:00:00-05:00,51.899716550776354,52.55499174234555,50.6422912021137,52.333614349365234,1963700,0.0,0.0
2011-01-21 00:00:00-05:00,53.0951553209414,53.254547320725464,51.4392532986859,51.616355895996094,1345000,0.0,0.0
2011-01-24 00:00:00-05:00,51.952845072008174,52.84721163317423,51.76688887222349,52.129947662353516,1218300,0.0,0.0
2011-01-25 00:00:00-05:00,51.740320765545746,52.12994373257328,49.588532393245636,51.7137565612793,2171300,0.0,0.0
2011-01-26 00:00:00-05:00,54.19318795005478,58.36394071440096,53.582184166934404,57.81492233276367,6790000,0.0,0.0
2011-01-27 00:00:00-05:00,57.85918901603008,58.01858100047788,56.0350415597175,57.46071243286133,2733400,0.0,0.0
2011-01-28 00:00:00-05:00,57.64667686642417,58.080574703291084,55.884514554497244,56.38039779663086,2069600,0.0,0.0
2011-01-31 00:00:00-05:00,56.929415552842016,57.97431719803095,56.92055856479144,57.726375579833984,1752400,0.0,0.0
2011-02-01 00:00:00-05:00,58.43476350361731,59.69219198802269,58.2488073400413,58.80668258666992,1681500,0.0,0.0
2011-02-02 00:00:00-05:00,58.85982040274686,59.32913937958137,58.27538086154804,58.505615234375,1133600,0.0,0.0
2011-02-03 00:00:00-05:00,58.45247466400862,59.16973508272361,56.93825447122128,59.02805709838867,931500,0.0,0.0
2011-02-04 00:00:00-05:00,59.11662522357091,59.506244869611876,57.69981115637108,59.23173904418945,1162600,0.0,0.0
2011-02-07 00:00:00-05:00,59.50623985543435,60.214650207292635,59.19631285995953,59.55051803588867,1255200,0.0,0.0
2011-02-08 00:00:00-05:00,60.05524344943228,61.00273817742755,58.895228370495126,59.7010383605957,1314600,0.0,0.0
2011-02-09 00:00:00-05:00,59.82503353103342,59.82503353103342,57.02682637522142,58.14257049560547,1645800,0.0,0.0
2011-02-10 00:00:00-05:00,57.63781270905833,59.895864738156156,57.4607135034396,58.91294860839844,1246800,0.0,0.0
2011-02-11 00:00:00-05:00,58.45248766979192,59.84273740215665,58.02744011041273,59.745330810546875,690100,0.0,0.0
2011-02-14 00:00:00-05:00,59.89587074575355,61.47207680392038,59.83388534197965,61.410091400146484,1121300,0.0,0.0
2011-02-15 00:00:00-05:00,60.931900533742116,61.684588939353304,60.365175050014145,60.72823715209961,1158800,0.0,0.0
2011-02-16 00:00:00-05:00,61.06474787085192,61.206432665150615,59.63021973014036,60.6662712097168,1404000,0.0,0.0
2011-02-17 00:00:00-05:00,60.43603100241149,61.764295420046906,60.0021331843032,61.24184799194336,766800,0.0,0.0
2011-02-18 00:00:00-05:00,61.49862239483061,61.5871787356159,59.79844604379734,60.67509841918945,1112400,0.0,0.0
2011-02-22 00:00:00-05:00,59.99326977180442,60.28548953380668,57.59353979164042,57.788352966308594,1604700,0.0,0.0
2011-02-23 00:00:00-05:00,57.90347989331985,57.90347989331985,55.450617570216714,56.24757766723633,2377000,0.0,0.0
2011-02-24 00:00:00-05:00,56.24756195367607,58.31079726275246,55.83137142172888,57.531551361083984,1603800,0.0,0.0
2011-02-25 00:00:00-05:00,58.054010235072425,58.80669883896182,57.55812699515678,58.762420654296875,1416200,0.0,0.0
2011-02-28 00:00:00-05:00,58.97493110684272,59.57707783460813,58.549890331891426,59.39997863769531,1393900,0.0,0.0
2011-03-01 00:00:00-05:00,59.76303543301607,59.89586321179601,56.6903163269333,56.9028434753418,1237200,0.0,0.0
2011-03-02 00:00:00-05:00,56.4955193575904,57.336754265649695,55.787112258469975,56.114749908447266,1663600,0.0,0.0
2011-03-03 00:00:00-05:00,57.49614328629729,59.036928224275634,56.955981845782,58.72700119018555,1254900,0.0,0.0
2011-03-04 00:00:00-05:00,58.75355569221536,59.196310455164834,57.221627995715025,57.93888854980469,615400,0.0,0.0
2011-03-07 00:00:00-05:00,58.080564379573026,58.34621992972622,55.84022982208296,56.33611297607422,1183200,0.0,0.0
2011-03-08 00:00:00-05:00,56.53093992098456,57.443017217669535,55.415199174667414,56.64605712890625,975300,0.0,0.0
2011-03-09 00:00:00-05:00,56.32637454991567,56.98349888603867,54.44379764138271,55.225242614746094,1330700,0.18,0.0
2011-03-10 00:00:00-05:00,53.973145675702575,54.99435661894275,53.59130181953333,54.2217903137207,1361100,0.0,0.0
2011-03-11 00:00:00-05:00,53.62680898886108,57.454121758411844,53.49360980542669,56.98347854614258,1907400,0.0,0.0
2011-03-14 00:00:00-04:00,56.1043611445768,57.019008552190236,55.84683794073992,56.78812789916992,1423600,0.0,0.0
2011-03-15 00:00:00-04:00,54.69242214777259,56.77923994733143,54.41713840150832,56.228675842285156,1337600,0.0,0.0
2011-03-16 00:00:00-04:00,56.24643471583099,56.770359644547774,53.191687988429386,53.848812103271484,2495100,0.0,0.0
2011-03-17 00:00:00-04:00,55.5005170074886,55.900121407439066,53.94650253127892,54.15962600708008,1372400,0.0,0.0
2011-03-18 00:00:00-04:00,55.37619876138333,55.37619876138333,53.90210510207538,54.061946868896484,2145700,0.0,0.0
2011-03-21 00:00:00-04:00,55.11867647886252,56.85917198340694,55.00323444808146,56.77925109863281,2216100,0.0,0.0
2011-03-22 00:00:00-04:00,56.672687408009764,57.41861787631249,56.23756525356301,57.161094665527344,1548100,0.0,0.0
2011-03-23 00:00:00-04:00,56.92133410101762,57.70278578803007,55.96228684078506,57.32094192504883,794100,0.0,0.0
2011-03-24 00:00:00-04:00,57.84485776406906,58.164541281046084,56.619405411484685,57.94253921508789,807600,0.0,0.0
2011-03-25 00:00:00-04:00,58.244460918177666,58.519748097082186,57.64949698548657,57.78269958496094,1144400,0.0,0.0
2011-03-28 00:00:00-04:00,57.85374502913013,58.60855076735284,57.43638002300442,57.48965835571289,627200,0.0,0.0
2011-03-29 00:00:00-04:00,57.400850364525475,58.59078489330463,56.61940218834257,58.573020935058594,924200,0.0,0.0
2011-03-30 00:00:00-04:00,59.42551721616875,60.26912921450243,58.03134437625597,60.17144775390625,1454400,0.0,0.0
2011-03-31 00:00:00-04:00,59.7540738584761,60.80192382770128,59.57646814972985,60.13591766357422,1003400,0.0,0.0
2011-04-01 00:00:00-04:00,60.70422985358249,60.70422985358249,59.443260069063946,59.78070068359375,901400,0.0,0.0
2011-04-04 00:00:00-04:00,60.04711744418678,60.42007926543245,59.65639166480657,59.88727569580078,680300,0.0,0.0
2011-04-05 00:00:00-04:00,59.745182218666095,61.08607630927992,59.2390178867735,60.29574966430664,1333700,0.0,0.0
2011-04-06 00:00:00-04:00,60.90848155398996,61.166004754997616,58.87494865890028,59.15911102294922,1641600,0.0,0.0
2011-04-07 00:00:00-04:00,59.141345314908264,59.96719321958566,57.80045102345034,58.004695892333984,1522200,0.0,0.0
2011-04-08 00:00:00-04:00,58.85719188415067,58.85719188415067,56.16652768912471,56.47732925415039,1288000,0.0,0.0
2011-04-11 00:00:00-04:00,56.77925716625704,57.338703419460266,55.73140695945628,56.21981430053711,1083800,0.0,0.0
2011-04-12 00:00:00-04:00,55.784668957822646,57.12556309511061,54.94106057947649,56.98347854614258,2003900,0.0,0.0
2011-04-13 00:00:00-04:00,57.418613709579226,58.09349506649116,56.388520941190066,56.992366790771484,1793000,0.0,0.0
2011-04-14 00:00:00-04:00,56.50397822246232,57.38310807223879,55.93565336047823,56.82366180419922,1397800,0.0,0.0
2011-04-15 00:00:00-04:00,57.30316599056932,59.91391217218294,57.010121669170914,59.860633850097656,2237600,0.0,0.0
2011-04-18 00:00:00-04:00,58.66182755018782,59.31895858607196,57.72054089738871,58.34214401245117,1145600,0.0,0.0
2011-04-19 00:00:00-04:00,58.66182222050867,60.65984076235122,58.66182222050867,60.633201599121094,1260700,0.0,0.0
2011-04-20 00:00:00-04:00,61.66329126129054,62.35593656976124,61.25480830437101,61.325843811035156,1389000,0.0,0.0
2011-04-21 00:00:00-04:00,61.672169631986236,61.88529648781682,60.97952428794988,61.62777328491211,935800,0.0,0.0
2011-04-25 00:00:00-04:00,61.965201168129646,62.94200867638332,61.76983831148615,62.0362434387207,1392000,0.0,0.0
2011-04-26 00:00:00-04:00,62.77331539934975,64.24740580710791,61.90306419419234,63.12851333618164,1700000,0.0,0.0
2011-04-27 00:00:00-04:00,62.84434211141281,65.2952468267586,61.93857665952709,64.59371948242188,2656300,0.0,0.0
2011-04-28 00:00:00-04:00,64.54932502907916,64.76244512255049,63.110749154474995,63.4659538269043,1681900,0.0,0.0
2011-04-29 00:00:00-04:00,63.70570806691426,64.31843590921441,63.58138745760193,63.93659210205078,1264100,0.0,0.0
2011-05-02 00:00:00-04:00,64.35395944901741,64.54044036993429,62.08066047978459,62.40033721923828,1325800,0.0,0.0
2011-05-03 00:00:00-04:00,62.329326789595825,63.30613491007973,61.82316215057438,62.39148712158203,1605000,0.0,0.0
2011-05-04 00:00:00-04:00,62.40034527699702,62.52467268196135,60.828573440611606,62.125064849853516,1635500,0.0,0.0
2011-05-05 00:00:00-04:00,61.245936697128094,63.35939412125846,60.8463288765169,61.50345993041992,1641600,0.0,0.0
2011-05-06 00:00:00-04:00,62.80883256210946,63.039709851405185,61.61001588899775,62.16058349609375,2250500,0.0,0.0
2011-05-09 00:00:00-04:00,62.249390396825866,63.52812472063005,61.574502084266236,62.64899826049805,2124100,0.0,0.0
2011-05-10 00:00:00-04:00,62.98642126045996,64.13195263987905,62.515778003210656,64.07867431640625,1814700,0.0,0.0
2011-05-11 00:00:00-04:00,63.812282454742466,63.89219995661543,60.30465207879321,60.83745574951172,1873000,0.0,0.0
2011-05-12 00:00:00-04:00,61.84977810449619,63.71459413893534,61.27257136705977,62.5601806640625,2816700,0.0,0.0
2011-05-13 00:00:00-04:00,62.78217476985018,62.995301608152324,60.75751723073241,61.10383987426758,1828500,0.0,0.0
2011-05-16 00:00:00-04:00,60.62432061375586,61.87641550582395,60.180316486066246,60.5,2041900,0.0,0.0
2011-05-17 00:00:00-04:00,59.869513922327634,60.85520361084865,58.78614278539714,59.28343200683594,2019700,0.0,0.0
2011-05-18 00:00:00-04:00,59.540946844745825,59.665267438898816,58.12901041834504,59.38998031616211,2741600,0.0,0.0
2011-05-19 00:00:00-04:00,59.496550191704024,59.58534965789267,57.80933323425972,58.02245330810547,2396100,0.0,0.0
2011-05-20 00:00:00-04:00,58.11125810176301,58.11125810176301,55.82019534635309,56.63716125488281,2803200,0.0,0.0
2011-05-23 00:00:00-04:00,55.598201787507286,57.01013177271199,55.22523652940038,56.77925109863281,2228700,0.0,0.0
2011-05-24 00:00:00-04:00,57.331369397033164,58.54247068157254,57.10874058434713,57.847869873046875,2007000,0.18,0.0
2011-05-25 00:00:00-04:00,57.50055744646303,59.14800895706906,56.93953200462155,58.7116584777832,1655100,0.0,0.0
2011-05-26 00:00:00-04:00,58.355457621550634,59.57546584234788,57.705385356391716,59.42407989501953,1904600,0.0,0.0
2011-05-27 00:00:00-04:00,59.66451859531397,60.44816952800623,58.684953230925686,59.156925201416016,966300,0.0,0.0
2011-05-31 00:00:00-04:00,59.95838425246088,60.43035617579685,58.13282555123833,59.664512634277344,1784200,0.0,0.0
2011-06-01 00:00:00-04:00,59.058967487588795,59.76247530725086,57.83895922400899,57.883487701416016,1837100,0.0,0.0
2011-06-02 00:00:00-04:00,57.88347805396661,59.39735091620334,57.49164925918461,58.364356994628906,958900,0.0,0.0
2011-06-03 00:00:00-04:00,57.3046459934195,58.212975210686785,56.173694792651105,56.23603057861328,1804100,0.0,0.0
2011-06-06 00:00:00-04:00,56.253846367268515,56.79706120996779,55.37223817751566,55.443477630615234,1452100,0.0,0.0
2011-06-07 00:00:00-04:00,56.04901805572742,56.30726824487935,54.65981670148069,54.68653106689453,1400400,0.0,0.0
2011-06-08 00:00:00-04:00,54.61529728019937,54.81120830858938,52.85207424536873,53.012367248535156,2546900,0.0,0.0
2011-06-09 00:00:00-04:00,53.24390263827929,55.968876874578825,52.85207379077787,55.04274368286133,2394300,0.0,0.0
2011-06-10 00:00:00-04:00,54.50842843446098,55.53252215787999,54.38375686403687,54.98930740356445,1281600,0.0,0.0
2011-06-13 00:00:00-04:00,54.62420283559966,55.203039077933134,52.60273291167832,53.582298278808594,1912600,0.0,0.0
2011-06-14 00:00:00-04:00,54.27690366138619,55.44347643241851,54.27690366138619,55.078365325927734,1699500,0.0,0.0
2011-06-15 00:00:00-04:00,54.33923552078171,55.398947339219085,53.80492438606325,53.831642150878906,3096000,0.0,0.0
2011-06-16 00:00:00-04:00,54.321426337693474,54.5529587913179,51.34710548102646,52.03280258178711,3546700,0.0,0.0
2011-06-17 00:00:00-04:00,52.79863889350598,53.074696388890054,51.96155256028879,52.20199203491211,2219000,0.0,0.0
2011-06-20 00:00:00-04:00,51.99718571415288,53.60901956470383,51.99718571415288,53.43091583251953,1813500,0.0,0.0
2011-06-21 00:00:00-04:00,54.06317016245315,55.70171805980835,54.06317016245315,54.73996353149414,2397000,0.0,0.0
2011-06-22 00:00:00-04:00,54.46391311697248,55.34552471828372,53.19938307948638,53.35076904296875,2620700,0.0,0.0
2011-06-23 00:00:00-04:00,52.55820955665347,54.22347209427497,51.64988360966555,54.107704162597656,2468000,0.0,0.0
2011-06-24 00:00:00-04:00,54.116605110853946,54.90916303673352,53.35966520858629,53.43981170654297,1881000,0.0,0.0
2011-06-27 00:00:00-04:00,53.28842709698211,53.57339167527781,52.237618940624564,52.63835144042969,1394000,0.0,0.0
2011-06-28 00:00:00-04:00,52.84316590499392,55.0338322247218,52.77192306676918,54.8824462890625,2921200,0.0,0.0
2011-06-29 00:00:00-04:00,55.29208666311179,58.3465505500442,55.21194016247798,57.251220703125,3488200,0.0,0.0
2011-06-30 00:00:00-04:00,57.35809409927993,57.58072292569708,56.37852522481667,56.5210075378418,2474800,0.0,0.0
2011-07-01 00:00:00-04:00,56.449751485997126,56.645665894498215,55.105075183495984,56.04011535644531,3850900,0.0,0.0
2011-07-05 00:00:00-04:00,55.862014923885276,56.485376207982306,55.16741419428767,55.853111267089844,3552300,0.0,0.0
2011-07-06 00:00:00-04:00,55.73734382217265,55.826393979069785,53.64463456167822,53.7960205078125,4060500,0.0,0.0
2011-07-07 00:00:00-04:00,54.588576340420374,55.62157374683875,54.09879370235957,55.41675567626953,3875200,0.0,0.0
2011-07-08 00:00:00-04:00,54.18784962923834,54.90026452091695,53.72478470551161,54.86464309692383,3622400,0.0,0.0
2011-07-11 00:00:00-04:00,53.87616436304443,54.71324734674045,53.52886401233061,54.11660385131836,2041800,0.0,0.0
2011-07-12 00:00:00-04:00,53.7782242408383,54.57968945635391,53.37749163308049,53.48435592651367,1583600,0.0,0.0
2011-07-13 00:00:00-04:00,53.89397613207703,55.86201375616139,53.8494510549392,55.53252410888672,2255100,0.0,0.0
2011-07-14 00:00:00-04:00,55.47018954095623,56.236033113927625,53.56448766237848,53.698062896728516,2288000,0.0,0.0
2011-07-15 00:00:00-04:00,54.32143080714848,59.058971713975446,54.32143080714848,59.04116439819336,5447700,0.0,0.0
2011-07-18 00:00:00-04:00,58.64042667127126,58.64042667127126,56.99297485080848,57.41151809692383,4186400,0.0,0.0
2011-07-19 00:00:00-04:00,57.90129061552645,58.052683350749696,56.68128923875639,57.72319030761719,3139800,0.0,0.0
2011-07-20 00:00:00-04:00,57.758813851471295,57.79443527318099,56.6367628469362,57.215599060058594,3265100,0.0,0.0
2011-07-21 00:00:00-04:00,57.76771566912709,59.1212956009441,56.67237913163704,58.96990966796875,4161900,0.0,0.0
2011-07-22 00:00:00-04:00,58.88976906829309,58.93429754694164,58.2040753381123,58.41779708862305,3137700,0.0,0.0
2011-07-25 00:00:00-04:00,57.553995720925386,59.04116128886898,57.473852612988274,58.23078918457031,1278100,0.0,0.0
2011-07-26 00:00:00-04:00,57.90129152385707,57.90129152385707,56.236032557098746,56.92172622680664,2205900,0.0,0.0
2011-07-27 00:00:00-04:00,55.75515943135435,55.75515943135435,53.78712157643141,54.080989837646484,3391900,0.0,0.0
2011-07-28 00:00:00-04:00,53.98302334426702,54.48171301335063,52.44243265935044,52.549293518066406,2526000,0.0,0.0
2011-07-29 00:00:00-04:00,51.756748368143825,52.23762744620904,51.03543314809228,51.81908416748047,2626000,0.0,0.0
2011-08-01 00:00:00-04:00,53.04798950531048,53.38638622810139,49.77980039421276,49.87775421142578,2972900,0.0,0.0
2011-08-02 00:00:00-04:00,49.42359638323681,49.85104329566252,47.36650493245739,47.37541198730469,3116300,0.0,0.0
2011-08-03 00:00:00-04:00,47.437740911458135,48.301541666031,46.04853609952326,47.5980339050293,3405600,0.0,0.0
2011-08-04 00:00:00-04:00,46.48488874616839,46.62737102581686,43.83115416456207,43.91130065917969,3828900,0.0,0.0
2011-08-05 00:00:00-04:00,44.84634599747789,45.060067743046176,42.05903247142686,43.18998718261719,3579700,0.0,0.0
2011-08-08 00:00:00-04:00,41.94325772804411,42.210414962157216,37.90032196044922,37.90032196044922,4394100,0.0,0.0
2011-08-09 00:00:00-04:00,38.96003753146181,41.36442909852687,38.10514380891955,41.337711334228516,3388200,0.0,0.0
2011-08-10 00:00:00-04:00,40.90135696272461,41.382235910241036,39.00455893444007,39.12923049926758,3734400,0.0,0.0
2011-08-11 00:00:00-04:00,39.253912498800574,42.98517004487118,39.191573308164934,42.317283630371094,3414700,0.0,0.0
2011-08-12 00:00:00-04:00,43.092033340156014,43.84897335732835,42.433053943185364,43.11874771118164,2700700,0.0,0.0
2011-08-15 00:00:00-04:00,43.74210024110597,44.18735778581565,43.25231762133442,43.88458251953125,2427200,0.0,0.0
2011-08-16 00:00:00-04:00,43.12765017314394,43.733200763572455,42.59334242725799,42.82487487792969,2602200,0.0,0.0
2011-08-17 00:00:00-04:00,43.261241384463126,43.688688384842685,41.54254632626485,41.88984680175781,2189900,0.0,0.0
2011-08-18 00:00:00-04:00,40.43828791105337,40.936977557382846,38.43462906706297,38.90660095214844,2278500,0.0,0.0
2011-08-19 00:00:00-04:00,38.34558384709706,40.180042894673136,37.944851347416844,38.11404800415039,1836200,0.0,0.0
2011-08-22 00:00:00-04:00,39.42310902724303,39.52996990200988,37.66879296434447,37.77565383911133,1587100,0.0,0.0
2011-08-23 00:00:00-04:00,38.05171548253346,40.2156677695823,37.63317223614374,40.1889533996582,1872700,0.0,0.0
2011-08-24 00:00:00-04:00,39.993037590588365,41.03494214351338,39.65464086261617,40.990413665771484,1290300,0.0,0.0
2011-08-25 00:00:00-04:00,41.39114458852042,41.658298459430746,39.24500317016903,39.41419982910156,1486900,0.0,0.0
2011-08-26 00:00:00-04:00,39.01347283011738,41.311000320593145,38.14967198367063,41.19523239135742,1596300,0.0,0.0
2011-08-29 00:00:00-04:00,41.90763633846778,43.483848266608106,41.82748985408624,43.40370178222656,1430700,0.0,0.0
2011-08-30 00:00:00-04:00,43.10983884835336,43.982543299302186,42.611149134791575,43.77772521972656,1336500,0.0,0.0
2011-08-31 00:00:00-04:00,44.17845672287654,45.255979229033116,43.92911357025734,44.63261795043945,2057700,0.0,0.0
2011-09-01 00:00:00-04:00,44.347646343471226,45.17582556566212,43.65304573016731,43.69757080078125,2685900,0.0,0.0
2011-09-02 00:00:00-04:00,41.66720866854678,42.18370573847712,41.07946874922134,41.408958435058594,2280400,0.0,0.0
2011-09-06 00:00:00-04:00,39.64573905502822,40.171143184664686,38.309966189550366,39.27172088623047,3749000,0.0,0.0
2011-09-07 00:00:00-04:00,40.580778168209854,42.32618717829403,40.028659684825264,42.29947280883789,2465600,0.0,0.0
2011-09-08 00:00:00-04:00,41.62267080708449,42.19259983907988,40.7677738620464,41.017120361328125,1724100,0.0,0.0
2011-09-09 00:00:00-04:00,39.93959793515176,40.6698199916168,39.43200463729302,39.850547790527344,2256100,0.0,0.0
2011-09-12 00:00:00-04:00,38.879887856493994,39.761499271314264,38.11404435205415,39.17375946044922,2374600,0.0,0.0
2011-09-13 00:00:00-04:00,38.89770168495177,40.91917146548958,38.89770168495177,40.1800422668457,2680200,0.0,0.0
2011-09-14 00:00:00-04:00,40.44718849905625,41.818582374665034,39.62791635334402,41.20412826538086,2653400,0.0,0.0
2011-09-15 00:00:00-04:00,41.961073680382526,42.98516748033599,41.569248230189025,42.7269172668457,1703300,0.0,0.0
2011-09-16 00:00:00-04:00,42.85204952225335,43.06657943684858,41.88667343116812,42.387237548828125,1539400,0.18,0.0
2011-09-19 00:00:00-04:00,41.207341230186344,42.065457680456305,40.277720474637576,41.752601623535156,1296300,0.0,0.0
2011-09-20 00:00:00-04:00,42.07439414782563,42.27104632825647,40.358168096262865,40.38498306274414,1461800,0.0,0.0
2011-09-21 00:00:00-04:00,40.233026350738896,40.40286357617477,37.81064313274386,37.90003204345703,2036400,0.0,0.0
2011-09-22 00:00:00-04:00,35.9871500339979,35.9871500339979,32.16139333659874,32.95693588256836,6628400,0.0,0.0
2011-09-23 00:00:00-04:00,32.73347006429418,34.413944135264444,32.09882412068039,33.4664421081543,2776400,0.0,0.0
2011-09-26 00:00:00-04:00,33.7882312772056,34.86087424359139,33.17146319120681,34.6552848815918,2342700,0.0,0.0
2011-09-27 00:00:00-04:00,36.20168026328561,39.20507946773972,36.20168026328561,37.20281219482422,5040100,0.0,0.0
2011-09-28 00:00:00-04:00,37.292195460518855,37.79275964559679,34.95919809557622,35.0843391418457,2865000,0.0,0.0
2011-09-29 00:00:00-04:00,36.17486856925096,36.675432875408355,33.56477010633851,34.682106018066406,4499000,0.0,0.0
2011-09-30 00:00:00-04:00,33.93125158722355,33.95806996418976,32.94799748102858,33.06420135498047,2273600,0.0,0.0
2011-10-03 00:00:00-04:00,32.65302176990857,33.27873052750559,30.087619614583026,30.168067932128906,3641100,0.0,0.0
2011-10-04 00:00:00-04:00,29.515538163978572,29.694312545248344,27.52221182593924,29.301008224487305,7700000,0.0,0.0
2011-10-05 00:00:00-04:00,29.39040075871804,31.893232176844617,28.576978757661884,31.6429500579834,5026200,0.0,0.0
2011-10-06 00:00:00-04:00,31.66082377064004,34.25304404144569,31.651886585083023,34.12790298461914,5295600,0.0,0.0
2011-10-07 00:00:00-04:00,34.44970155981424,34.61953539041651,32.58151578383489,33.27873229980469,2898700,0.0,0.0
2011-10-10 00:00:00-04:00,34.36924650392523,35.34356336192951,34.15471655113179,34.85193634033203,1884800,0.0,0.0
2011-10-11 00:00:00-04:00,34.19941375159903,35.42401628235284,33.975946584505934,34.986019134521484,1656500,0.0,0.0
2011-10-12 00:00:00-04:00,35.45976076295145,36.36256983211946,35.09327482463191,35.316741943359375,2698300,0.0,0.0
2011-10-13 00:00:00-04:00,34.97708032675112,36.13016826402122,34.42287932296744,35.79050064086914,1656200,0.0,0.0
2011-10-14 00:00:00-04:00,36.89889162037423,37.15811431098195,35.656414916214366,36.28212356567383,1110700,0.0,0.0
2011-10-17 00:00:00-04:00,36.20168296800057,36.38045739302013,34.35137500020095,34.46757888793945,1650500,0.0,0.0
2011-10-18 00:00:00-04:00,34.29773576480434,36.013965176740854,33.7792937720263,35.683231353759766,2308600,0.0,0.0
2011-10-19 00:00:00-04:00,35.674296929952426,35.71898967953871,34.20835292055767,34.35137176513672,1651200,0.0,0.0
2011-10-20 00:00:00-04:00,34.19047634060201,34.75361455273137,33.13571104606565,34.610595703125,2556900,0.0,0.0
2011-10-21 00:00:00-04:00,35.23629703487722,36.353632736031436,35.07540383096193,36.25531005859375,2340100,0.0,0.0
2011-10-24 00:00:00-04:00,36.63072957239319,39.38384610280112,36.56815905214189,38.35589599609375,2893200,0.0,0.0
2011-10-25 00:00:00-04:00,38.257583454803445,38.293339024694454,35.80838488452923,35.98715591430664,2701600,0.0,0.0
2011-10-26 00:00:00-04:00,38.38271211263654,39.526866109841045,37.21174656145263,39.02629852294922,4198400,0.0,0.0
2011-10-27 00:00:00-04:00,41.663214359038946,43.57609254251046,40.13469993129354,41.940311431884766,4595000,0.0,0.0
2011-10-28 00:00:00-04:00,41.7525980085872,45.1403605386617,41.37717486459177,44.88113784790039,3273300,0.0,0.0
2011-10-31 00:00:00-04:00,43.620788496657354,43.620788496657354,41.47550582885742,41.47550582885742,2547400,0.0,0.0
2011-11-01 00:00:00-04:00,38.93691854879049,41.538076112232446,38.4989214220289,40.402862548828125,2997700,0.0,0.0
2011-11-02 00:00:00-04:00,41.73472628159367,42.0028896060105,40.78722768942706,41.573829650878906,2154200,0.0,0.0
2011-11-03 00:00:00-04:00,42.244238091390535,43.40627026211469,40.41180772885925,42.71799087524414,2367600,0.0,0.0
2011-11-04 00:00:00-04:00,42.09226601818478,44.621911992902525,42.01181772019941,44.35375213623047,2205400,0.0,0.0
2011-11-07 00:00:00-05:00,44.08559227955841,44.91689022212809,43.02189003716298,44.35375213623047,2423000,0.0,0.0
2011-11-08 00:00:00-05:00,44.68448970491704,44.9705273642258,43.4688279479359,44.55934524536133,1191100,0.0,0.0
2011-11-09 00:00:00-05:00,42.94144899872833,43.02189731031405,41.11795620934409,41.51125717163086,2484800,0.0,0.0
2011-11-10 00:00:00-05:00,42.32467878191502,43.1827952686406,41.493380673105975,42.59284210205078,1505600,0.0,0.0
2011-11-11 00:00:00-05:00,43.59397320601748,45.00628385896277,43.59397320601748,44.68449401855469,2266400,0.0,0.0
2011-11-14 00:00:00-05:00,44.55040942852914,45.58729682782739,43.772744731514955,44.40739059448242,1924000,0.0,0.0
2011-11-15 00:00:00-05:00,43.8621300052281,45.06885119836079,42.92356869836512,44.69342803955078,2461100,0.0,0.0
2011-11-16 00:00:00-05:00,43.442008375690506,45.25656377609707,43.004014713750756,43.227481842041016,2287800,0.0,0.0
2011-11-17 00:00:00-05:00,43.2364086571126,43.99619875697564,41.493364792529114,41.96711730957031,2622100,0.0,0.0
2011-11-18 00:00:00-05:00,42.30679717727331,42.86099468512476,41.35035475798327,42.226348876953125,1322600,0.0,0.0
2011-11-21 00:00:00-05:00,41.07326020552898,41.529131661827435,40.16151388309419,41.0643196105957,1656600,0.0,0.0
2011-11-22 00:00:00-05:00,41.01069595023673,41.457630289769014,39.99168620167728,40.5548210144043,1206100,0.0,0.0
2011-11-23 00:00:00-05:00,39.94698501504005,39.9738033907287,37.989414081667555,38.40059280395508,2031000,0.0,0.0
2011-11-25 00:00:00-05:00,38.71344927617401,39.705640531835776,38.53467487890448,38.731327056884766,967400,0.0,0.0
2011-11-28 00:00:00-05:00,40.125766640241515,41.72579248116036,40.125766640241515,41.153717041015625,1556600,0.0,0.0
2011-11-29 00:00:00-05:00,41.16265254727163,41.7883613130714,40.59951431706798,40.80510711669922,1409200,0.0,0.0
2011-11-30 00:00:00-05:00,43.16492026687543,44.979472633595904,43.16492026687543,44.89008712768555,2310300,0.0,0.0
2011-12-01 00:00:00-05:00,44.630857669375,45.676682252440635,44.16604560695539,44.612979888916016,1352000,0.0,0.0
2011-12-02 00:00:00-05:00,45.354894827442294,45.44428032461684,43.8800102551953,44.63979721069336,1749000,0.0,0.0
2011-12-05 00:00:00-05:00,45.75714181318599,45.81077516775362,43.78169261943539,44.52360534667969,2231800,0.0,0.0
2011-12-06 00:00:00-05:00,44.505711106742645,45.265497928088294,43.6922909506592,44.595096588134766,1401800,0.0,0.0
2011-12-07 00:00:00-05:00,44.28224734247229,44.505714472690855,43.2006672505755,44.30012512207031,1310700,0.0,0.0
2011-12-08 00:00:00-05:00,43.46882770028957,44.023025235813236,42.029698817057465,42.208473205566406,1236900,0.0,0.0
2011-12-09 00:00:00-05:00,42.40512219796903,43.9157622088722,42.13696231864543,43.69229507446289,1270800,0.0,0.0
2011-12-12 00:00:00-05:00,42.70010707183134,42.70010707183134,40.894491936702345,41.4576301574707,1689700,0.0,0.0
2011-12-13 00:00:00-05:00,41.859868158480396,42.271046895959714,39.267647855550955,39.60731887817383,1410600,0.0,0.0
2011-12-14 00:00:00-05:00,39.30339923680895,39.41959968731904,38.20394138537627,39.07099151611328,1937700,0.0,0.0
2011-12-15 00:00:00-05:00,40.0721321083774,40.188332574581324,39.276586167607114,39.37491226196289,1421600,0.0,0.0
2011-12-16 00:00:00-05:00,39.85061116652081,40.7750724152851,39.53647142238221,40.12884521484375,1616800,0.18,0.0
2011-12-19 00:00:00-05:00,40.317326640428945,40.41605617557965,38.27094508941096,38.45942687988281,982200,0.0,0.0
2011-12-20 00:00:00-05:00,39.68903685764046,41.60078577586526,39.68903685764046,41.026363372802734,1780300,0.0,0.0
2011-12-21 00:00:00-05:00,41.044333054429295,41.86109091995618,40.16474792415643,41.143062591552734,1467300,0.0,0.0
2011-12-22 00:00:00-05:00,41.25974187733112,43.898497179410384,41.214862326453996,43.476654052734375,1789400,0.0,0.0
2011-12-23 00:00:00-05:00,43.72796546387864,43.75489045468703,42.785549699637606,43.1894416809082,838000,0.0,0.0
2011-12-27 00:00:00-05:00,42.839397748913676,44.338284820040336,42.54321261556629,43.67410659790039,869700,0.0,0.0
2011-12-28 00:00:00-05:00,43.52153349243096,43.674113008770526,42.10342459929629,42.50731658935547,1008800,0.0,0.0
2011-12-29 00:00:00-05:00,42.64194080548776,43.4048485841625,42.44448518149943,43.02788162231445,900900,0.0,0.0
2011-12-30 00:00:00-05:00,43.09968070251295,43.40484309059399,42.68681494917632,42.9022216796875,898700,0.0,0.0
2012-01-03 00:00:00-05:00,44.679347731513054,45.639711122633635,44.51779095320972,45.06528854370117,1425300,0.0,0.0
2012-01-04 00:00:00-05:00,44.64344497641755,45.181965241022915,43.458694231394716,43.844635009765625,1844200,0.0,0.0
2012-01-05 00:00:00-05:00,43.21636410665625,43.377920876776074,42.1123917028946,43.27021408081055,2381800,0.0,0.0
2012-01-06 00:00:00-05:00,43.476651374514404,43.48562865366843,42.40858455171622,43.063785552978516,1408900,0.0,0.0
2012-01-09 00:00:00-05:00,43.440755319431446,43.86259502338582,43.00096105601587,43.297149658203125,1305000,0.0,0.0
2012-01-10 00:00:00-05:00,44.14979537551064,44.948605305423435,44.015167027465345,44.40110778808594,1924200,0.0,0.0
2012-01-11 00:00:00-05:00,44.18570281470775,45.15504346857839,44.13184941488319,44.86783218383789,1426400,0.0,0.0
2012-01-12 00:00:00-05:00,45.164025474842546,45.32558227964663,44.230586919047646,44.840911865234375,1449800,0.0,0.0
2012-01-13 00:00:00-05:00,43.9882447899893,44.15877884813069,43.31509268384045,43.979270935058594,1475800,0.0,0.0
2012-01-17 00:00:00-05:00,44.849881496967235,45.23582230664653,43.961319222075026,44.2305793762207,1132500,0.0,0.0
2012-01-18 00:00:00-05:00,44.4639413062938,45.03836388948905,43.916443711739376,44.54471969604492,1505800,0.0,0.0
2012-01-19 00:00:00-05:00,44.840900821387066,47.5694112707088,44.679344056372734,46.330810546875,2487200,0.0,0.0
2012-01-20 00:00:00-05:00,46.26798571415848,46.59109926107119,45.44225413767357,45.86409378051758,1471600,0.0,0.0
2012-01-23 00:00:00-05:00,45.90897887477404,46.39364582990414,45.07426991895423,45.24480056762695,1404600,0.0,0.0
2012-01-24 00:00:00-05:00,45.056316851085064,45.738442840345456,44.069025000314646,45.5948371887207,1706100,0.0,0.0
2012-01-25 00:00:00-05:00,42.58808720496871,45.18196589937717,41.60977275174536,44.90372848510742,5861400,0.0,0.0
2012-01-26 00:00:00-05:00,45.19094418927649,45.71151680439469,42.23805283133711,42.821449279785156,3381000,0.0,0.0
2012-01-27 00:00:00-05:00,42.50731748502739,42.543219756862264,41.645683503964996,41.91494369506836,2562700,0.0,0.0
2012-01-30 00:00:00-05:00,41.10714839130924,41.76234926485018,40.30834189375697,41.25973129272461,2023100,0.0,0.0
2012-01-31 00:00:00-05:00,41.72645810230559,41.977767134596704,39.89548349148205,40.739166259765625,1684200,0.0,0.0
2012-02-01 00:00:00-05:00,41.27768596063333,42.25600042798486,41.18793029804283,41.73542785644531,2543800,0.0,0.0
2012-02-02 00:00:00-05:00,41.87904169571519,42.76760409834962,41.69953375920196,42.094451904296875,2078800,0.0,0.0
2012-02-03 00:00:00-05:00,42.99198088931569,43.60230571590367,42.65989006461175,43.33304214477539,2024400,0.0,0.0
2012-02-06 00:00:00-05:00,42.9022226216152,43.494596279269004,42.686815886374724,43.44074630737305,1233700,0.0,0.0
2012-02-07 00:00:00-05:00,43.20739090137722,43.97029870415416,42.35473085066359,43.49460220336914,1486600,0.0,0.0
2012-02-08 00:00:00-05:00,43.701034906912646,43.979272352332295,42.480388591108984,42.57014083862305,1353500,0.0,0.0
2012-02-09 00:00:00-05:00,42.77657782520165,43.25227094526962,42.408588097184534,42.79452896118164,1527100,0.0,0.0
2012-02-10 00:00:00-05:00,41.80723461715065,41.80723461715065,40.721213296745645,40.909698486328125,1988500,0.0,0.0
2012-02-13 00:00:00-05:00,41.511051733654476,41.672608533226914,40.68532002368785,41.34949493408203,1257200,0.0,0.0
2012-02-14 00:00:00-05:00,41.09818319763071,41.152033178089226,39.90445841464355,40.416053771972656,1681400,0.0,0.0
2012-02-15 00:00:00-05:00,40.649415759953314,40.67634075061967,39.644172739909706,40.07499313354492,1340200,0.0,0.0
2012-02-16 00:00:00-05:00,39.976257606875514,41.08920042266125,39.742896310004426,40.945594787597656,1690400,0.0,0.0
2012-02-17 00:00:00-05:00,41.26871273768531,41.27769001674073,40.299375453256175,40.739166259765625,1345700,0.0,0.0
2012-02-21 00:00:00-05:00,40.87379225707185,41.22383076634733,40.37117083995704,40.47887420654297,1454200,0.0,0.0
2012-02-22 00:00:00-05:00,40.38912745027649,40.56863536815458,39.159503862129014,39.294132232666016,2123600,0.0,0.0
2012-02-23 00:00:00-05:00,39.40182955909679,39.64416125253328,38.77355370957731,39.55440902709961,1611800,0.0,0.0
2012-02-24 00:00:00-05:00,39.706997380122665,40.317318759903834,39.581339453873774,39.68006896972656,1460800,0.0,0.0
2012-02-27 00:00:00-05:00,39.36593871592084,39.742902280659095,38.81844108004287,39.509544372558594,1405700,0.0,0.0
2012-02-28 00:00:00-05:00,39.59032117906621,39.733926829938966,38.71970999474646,39.339012145996094,2000500,0.0,0.0
2012-02-29 00:00:00-05:00,39.491589101008785,40.04806053421464,38.83638814723784,39.374908447265625,1906000,0.0,0.0
2012-03-01 00:00:00-05:00,39.419792116299405,40.353230677320035,39.419792116299405,39.9852409362793,1438300,0.0,0.0
2012-03-02 00:00:00-05:00,39.958307469085895,40.173714215128605,39.25823040870435,39.31208038330078,960700,0.0,0.0
2012-03-05 00:00:00-05:00,39.060767905232346,39.19539625360445,37.80421611079017,37.92987060546875,2098700,0.0,0.0
2012-03-06 00:00:00-05:00,37.014390835990795,37.014390835990795,35.97324908103736,36.2335319519043,2891100,0.0,0.0
2012-03-07 00:00:00-05:00,36.350207991145346,36.60151697545913,35.85656387603122,36.08094787597656,1815200,0.0,0.0
2012-03-08 00:00:00-05:00,36.592553813819606,37.19390146594168,36.43997086888338,36.67333221435547,1799200,0.0,0.0
2012-03-09 00:00:00-05:00,36.80796239835014,37.64267143674067,36.5835783218759,37.0682487487793,1223800,0.0,0.0
2012-03-12 00:00:00-04:00,36.96907728460068,37.690252019026886,36.53637450723455,36.54539108276367,1289800,0.18,0.0
2012-03-13 00:00:00-04:00,36.58145130680246,37.708282555452364,36.58145130680246,37.681236267089844,1534200,0.0,0.0
2012-03-14 00:00:00-04:00,37.61814322616661,38.222126711883455,37.14938089900609,37.45587921142578,2078700,0.0,0.0
2012-03-15 00:00:00-04:00,37.6632134636215,38.699899778081864,37.32065917713926,38.62778091430664,2121200,0.0,0.0
2012-03-16 00:00:00-04:00,38.99737195085635,39.48416384576358,38.78102229010815,39.2047119140625,1854100,0.0,0.0
2012-03-19 00:00:00-04:00,39.22273834755972,40.205335277759936,39.21372521116487,39.799678802490234,2110000,0.0,0.0
2012-03-20 00:00:00-04:00,39.231756871360865,39.37599113255346,38.18605761801058,38.92525863647461,2012500,0.0,0.0
2012-03-21 00:00:00-04:00,39.53825924811304,39.63742095784873,38.312266180138,38.510589599609375,1220400,0.0,0.0
2012-03-22 00:00:00-04:00,37.87055229506717,37.87055229506717,36.86992879169425,37.48292541503906,1524800,0.0,0.0
2012-03-23 00:00:00-04:00,37.591087702097695,38.26718638940587,37.302619203951465,37.86152648925781,1200200,0.0,0.0
2012-03-26 00:00:00-04:00,38.420452077066,38.48355437616979,37.65420790862429,37.94267654418945,1280800,0.0,0.0
2012-03-27 00:00:00-04:00,37.95167397285978,38.582700141475,37.85251571447416,37.87955856323242,1401700,0.0,0.0
2012-03-28 00:00:00-04:00,37.71729718097997,37.71729718097997,36.356086491965996,36.77075958251953,1767400,0.0,0.0
2012-03-29 00:00:00-04:00,36.33805786395418,36.78879039466592,35.86027904300465,36.66258239746094,2654600,0.0,0.0
2012-03-30 00:00:00-04:00,37.10430244458148,37.25755329590891,36.428203636597985,37.11331558227539,1705800,0.0,0.0
2012-04-02 00:00:00-04:00,37.00514028989826,38.16803105093119,36.84287630283244,37.67222595214844,1463800,0.0,0.0
2012-04-03 00:00:00-04:00,37.59109458727232,37.90660599027882,36.23889696498782,36.72568893432617,1708000,0.0,0.0
2012-04-04 00:00:00-04:00,36.121701397526714,36.25692251976872,35.77013060627666,35.83323287963867,1175500,0.0,0.0
2012-04-05 00:00:00-04:00,35.616892489488215,36.43722577492557,35.265321572703236,35.42758560180664,1299600,0.0,0.0
2012-04-09 00:00:00-04:00,34.92276028386177,35.32841683706389,34.426951716496454,35.28334426879883,1295800,0.0,0.0
2012-04-10 00:00:00-04:00,35.22925658854548,35.4275765655634,34.435966364024814,34.64330291748047,1629300,0.0,0.0
2012-04-11 00:00:00-04:00,35.45461617415561,36.04958287071246,35.184173953053296,35.36446762084961,1636500,0.0,0.0
2012-04-12 00:00:00-04:00,35.60787451462195,37.51897972823423,35.60787451462195,37.29361343383789,2132600,0.0,0.0
2012-04-13 00:00:00-04:00,37.0141648827638,37.05022087973023,35.85127386987394,36.04058074951172,1251900,0.0,0.0
2012-04-16 00:00:00-04:00,36.54540132546738,36.960074506813115,35.81521324967574,36.32904815673828,1687000,0.0,0.0
2012-04-17 00:00:00-04:00,36.8068130228938,37.94265726854748,36.8068130228938,37.437835693359375,1708200,0.0,0.0
2012-04-18 00:00:00-04:00,37.0412029543637,37.44686295747297,36.88795209149281,37.19445037841797,1397400,0.0,0.0
2012-04-19 00:00:00-04:00,37.28459197110832,37.72630788377175,36.58145038999413,36.842872619628906,1437900,0.0,0.0
2012-04-20 00:00:00-04:00,37.0952940533357,37.708290659447364,36.45525115304892,36.46426773071289,1251600,0.0,0.0
2012-04-23 00:00:00-04:00,35.65294397849626,36.094663390095526,35.10304971788314,35.84225082397461,1095100,0.0,0.0
2012-04-24 00:00:00-04:00,35.97746962579425,36.60849584185473,35.914367348069824,36.35608673095703,1643000,0.0,0.0
2012-04-25 00:00:00-04:00,36.91498910459874,38.69087265585399,36.91498910459874,38.57368469238281,2295900,0.0,0.0
2012-04-26 00:00:00-04:00,39.204722135991936,39.32191013327861,38.28522724103062,38.393402099609375,1886000,0.0,0.0
2012-04-27 00:00:00-04:00,38.64581196762056,38.907237699627565,37.89759764355184,38.13197708129883,1260100,0.0,0.0
2012-04-30 00:00:00-04:00,37.95166981994609,38.79003242787294,37.63615848957173,38.708900451660156,1409200,0.0,0.0
2012-05-01 00:00:00-04:00,38.735952914833916,39.817708185128346,38.58270207362532,39.529239654541016,2051800,0.0,0.0
2012-05-02 00:00:00-04:00,39.12358497863919,39.26781925068326,38.276205621415976,38.79905700683594,1305200,0.0,0.0
2012-05-03 00:00:00-04:00,38.74497368933472,39.087531426488155,37.89759764355184,38.13197708129883,1125300,0.0,0.0
2012-05-04 00:00:00-04:00,38.37536888636167,38.37536888636167,37.02317124148968,37.26656723022461,988500,0.0,0.0
2012-05-07 00:00:00-04:00,37.07725915049934,37.50094539338764,36.58145405165436,37.05021286010742,669800,0.0,0.0
2012-05-08 00:00:00-04:00,36.57243595064312,36.7527296442025,35.30137039733293,36.38312911987305,1587400,0.0,0.0
2012-05-09 00:00:00-04:00,35.49970199254112,36.81584041311945,35.328421396684604,36.03156661987305,1437100,0.0,0.0
2012-05-10 00:00:00-04:00,36.635535594452406,36.779769851170094,35.60786608548688,35.97746658325195,814900,0.0,0.0
2012-05-11 00:00:00-04:00,35.5808281429729,36.238897244909886,35.175168165390815,35.689002990722656,928800,0.0,0.0
2012-05-14 00:00:00-04:00,35.076000672481825,35.48166058318294,34.77851903051157,35.04895782470703,779000,0.0,0.0
2012-05-15 00:00:00-04:00,35.03994699607029,35.32841554902931,32.894462563289665,32.9846076965332,2319800,0.0,0.0
2012-05-16 00:00:00-04:00,33.25505233786679,33.73282781729574,31.785663025646812,31.884824752807617,2746300,0.0,0.0
2012-05-17 00:00:00-04:00,31.956930358045074,32.22736913152553,30.280205148124445,30.41542625427246,3040100,0.0,0.0
2012-05-18 00:00:00-04:00,30.56868121255584,30.785034348284025,29.712288685140443,29.910612106323242,1322000,0.0,0.0
2012-05-21 00:00:00-04:00,30.099914740360976,31.677478434835376,29.946667346386548,31.49718475341797,1555300,0.0,0.0
2012-05-22 00:00:00-04:00,32.344564143115726,32.344564143115726,30.90221812530007,31.199703216552734,2315000,0.0,0.0
2012-05-23 00:00:00-04:00,30.785039761856275,32.2544256481252,30.18105625423245,32.110191345214844,1755900,0.0,0.0
2012-05-24 00:00:00-04:00,32.335555888626146,32.335555888626146,30.803064354820364,31.35295867919922,1320200,0.0,0.0
2012-05-25 00:00:00-04:00,31.443572747627446,31.443572747627446,30.836447224557702,30.9089412689209,880200,0.18,0.0
2012-05-29 00:00:00-04:00,31.38919591921039,32.02350485335169,31.19890427597968,31.688228607177734,1372100,0.0,0.0
2012-05-30 00:00:00-04:00,30.972367470879792,30.981427496797096,29.821550603856956,29.884981155395508,1921300,0.0,0.0
2012-05-31 00:00:00-04:00,29.912161307365075,29.975595308436272,28.589176443871057,29.105684280395508,2513700,0.0,0.0
2012-06-01 00:00:00-04:00,28.326399243226007,28.50762916613623,27.39305917742009,27.483675003051758,3359600,0.0,0.0
2012-06-04 00:00:00-04:00,27.76458241409846,27.828012973322473,26.033826890901388,27.0034122467041,3392700,0.0,0.0
2012-06-05 00:00:00-04:00,26.831239799041878,27.85519379533613,26.77686927550733,27.78270149230957,1958200,0.0,0.0
2012-06-06 00:00:00-04:00,28.217657150546785,28.498566355401568,27.791765058537365,28.199535369873047,1701100,0.0,0.0
2012-06-07 00:00:00-04:00,28.888213612319426,29.60407498943868,28.181413990398273,28.290151596069336,1362000,0.0,0.0
2012-06-08 00:00:00-04:00,27.991124918618034,27.991124918618034,27.039662944201016,27.456493377685547,1987100,0.0,0.0
2012-06-11 00:00:00-04:00,27.80082875615597,28.02736744976434,25.843534581647877,25.88884162902832,2148200,0.0,0.0
2012-06-12 00:00:00-04:00,26.042889265471377,26.251304458835058,25.580750100825934,26.196935653686523,2095700,0.0,0.0
2012-06-13 00:00:00-04:00,26.006643313609086,26.296612571536897,25.444826580109115,25.571687698364258,1851100,0.0,0.0
2012-06-14 00:00:00-04:00,26.224117630227333,26.495963350216034,25.752916769117515,26.30567169189453,2784800,0.0,0.0
2012-06-15 00:00:00-04:00,26.49596686331304,26.731567325106187,25.870719550414044,26.722505569458008,2701200,0.0,0.0
2012-06-18 00:00:00-04:00,26.40534688280081,26.523147959349107,25.843531947787497,26.178808212280273,1739500,0.0,0.0
2012-06-19 00:00:00-04:00,26.360040984211143,27.71021131171614,26.341917474978143,27.3568115234375,2805100,0.0,0.0
2012-06-20 00:00:00-04:00,27.356812442386968,28.417013571189333,27.175580800675117,28.072673797607422,3549900,0.0,0.0
2012-06-21 00:00:00-04:00,28.081736056894368,28.190475389545114,26.251303010470423,26.296611785888672,2844300,0.0,0.0
2012-06-22 00:00:00-04:00,26.577515974847866,26.64094652419204,25.96133053261391,25.979454040527344,3417800,0.0,0.0
2012-06-25 00:00:00-04:00,25.49013502684849,25.544505561957408,25.01893582104362,25.435766220092773,2144000,0.0,0.0
2012-06-26 00:00:00-04:00,25.535442106636786,26.14256588145463,25.372333968871832,25.93415069580078,1821300,0.0,0.0
2012-06-27 00:00:00-04:00,25.96133630629971,27.066846337939804,25.83447517939802,26.958106994628906,2317100,0.0,0.0
2012-06-28 00:00:00-04:00,26.668137495981806,27.447431219585685,26.468782322955764,27.3930606842041,1765000,0.0,0.0
2012-06-29 00:00:00-04:00,28.38982222685674,29.2687915257194,28.190468846346878,28.897268295288086,2951100,0.0,0.0
2012-07-02 00:00:00-04:00,28.806657494413756,29.12381024298915,28.09985623683248,28.761348724365234,1597600,0.0,0.0
2012-07-03 00:00:00-04:00,28.861032763306977,30.084342175345256,28.861032763306977,29.875926971435547,1003200,0.0,0.0
2012-07-05 00:00:00-04:00,29.685628436092717,30.147769299750813,29.25067456581256,29.531583786010742,1329600,0.0,0.0
2012-07-06 00:00:00-04:00,28.915395619802858,29.214428322586766,28.516687077777206,28.870088577270508,1121400,0.0,0.0
2012-07-09 00:00:00-04:00,28.76135433125465,29.32317109090987,28.5438773776842,28.74323081970215,1220200,0.0,0.0
2012-07-10 00:00:00-04:00,29.060385180160363,29.62220020801542,27.963938663259032,28.19047737121582,1460600,0.0,0.0
2012-07-11 00:00:00-04:00,28.226723279576525,28.48044726021287,27.583354164597772,27.873323440551758,1879000,0.0,0.0
2012-07-12 00:00:00-04:00,27.519922279124618,28.299214238715685,27.139337190634787,28.018306732177734,1586900,0.0,0.0
2012-07-13 00:00:00-04:00,28.163290130726566,28.81572094172087,28.081736063308146,28.643552780151367,1414600,0.0,0.0
2012-07-16 00:00:00-04:00,28.498568337395103,28.498568337395103,27.94581337210931,28.235782623291016,790800,0.0,0.0
2012-07-17 00:00:00-04:00,28.426076024599677,28.643552962985954,27.49273598504963,28.235782623291016,1355700,0.0,0.0
2012-07-18 00:00:00-04:00,28.027364391853038,29.169117762118116,27.882379782030398,28.88821029663086,1283800,0.0,0.0
2012-07-19 00:00:00-04:00,29.07850634909481,29.576890775109607,29.042259329132182,29.087566375732422,1532900,0.0,0.0
2012-07-20 00:00:00-04:00,28.897274007782283,28.969766317602957,27.764580586613608,27.945812225341797,1459900,0.0,0.0
2012-07-23 00:00:00-04:00,27.094025513806283,27.139334286369017,26.704378711531515,26.849363327026367,1737800,0.0,0.0
2012-07-24 00:00:00-04:00,26.867492902021997,27.20277098127137,25.77104628374937,25.9522762298584,1851100,0.0,0.0
2012-07-25 00:00:00-04:00,25.62605537886666,26.38722546040201,25.082362216576705,25.34514617919922,2996800,0.0,0.0
2012-07-26 00:00:00-04:00,25.8888408224163,26.30567290441217,25.200163007901438,26.14256477355957,2410400,0.0,0.0
2012-07-27 00:00:00-04:00,26.505025601369198,27.59241195840758,26.187871103203587,27.3568115234375,2178800,0.0,0.0
2012-07-30 00:00:00-04:00,27.25713301333545,27.293380030554516,26.43253238348376,27.157455444335938,1059200,0.0,0.0
2012-07-31 00:00:00-04:00,27.039660237698087,28.000183872572727,27.039660237698087,27.211830139160156,1994000,0.0,0.0
2012-08-01 00:00:00-04:00,27.483675349574014,27.483675349574014,26.59564404956393,26.63188934326172,1747600,0.0,0.0
2012-08-02 00:00:00-04:00,26.033824923636676,26.72250272439843,25.508255250470203,26.006641387939453,1304900,0.0,0.0
2012-08-03 00:00:00-04:00,26.813118287328606,27.74645827058779,26.54127256282937,27.347749710083008,1086700,0.0,0.0
2012-08-06 00:00:00-04:00,27.429310233658434,28.49857333101583,27.34775615142925,28.054555892944336,1615900,0.0,0.0
2012-08-07 00:00:00-04:00,28.308275543451412,29.40472374240415,28.308275543451412,28.85196876525879,1298300,0.0,0.0
2012-08-08 00:00:00-04:00,28.824781197312237,29.404721394157825,28.552935472294564,29.250673294067383,1446500,0.0,0.0
2012-08-09 00:00:00-04:00,29.160058007033616,29.903104571361283,29.114750964175744,29.413780212402344,1194800,0.0,0.0
2012-08-10 00:00:00-04:00,29.178185643862236,29.685630126396667,29.123815110716567,29.468154907226562,903600,0.0,0.0
2012-08-13 00:00:00-04:00,29.450031311164167,29.622199480569023,28.797600470477814,28.987892150878906,1159600,0.0,0.0
2012-08-14 00:00:00-04:00,29.169125589119425,29.44097483010019,28.5348181830288,28.87915802001953,1080500,0.0,0.0
2012-08-15 00:00:00-04:00,28.73416635043826,28.78853687996133,28.009243240327624,28.534812927246094,931800,0.0,0.0
2012-08-16 00:00:00-04:00,28.58918352622172,29.54970886796139,28.471384161553416,29.422847747802734,1156700,0.0,0.0
2012-08-17 00:00:00-04:00,29.513461497101176,29.839677777484873,29.232552265280496,29.36847686767578,1084400,0.0,0.0
2012-08-20 00:00:00-04:00,29.359415625912167,29.71281542947066,29.141936962419045,29.531583786010742,1288900,0.0,0.0
2012-08-21 00:00:00-04:00,29.72187805687062,30.899878657379205,29.72187805687062,30.22026252746582,1729900,0.0,0.0
2012-08-22 00:00:00-04:00,30.07527868385086,30.120589192404154,29.223494356328793,29.90311050415039,1566500,0.0,0.0
2012-08-23 00:00:00-04:00,29.74906784051292,29.758127868810003,28.389833724954553,28.462326049804688,1699800,0.0,0.0
2012-08-24 00:00:00-04:00,28.19047418548169,28.20859596652192,27.701149801982808,27.882381439208984,1685900,0.0,0.0
2012-08-27 00:00:00-04:00,27.927693661123268,28.181417654600565,27.266201000830993,27.737401962280273,1394400,0.0,0.0
2012-08-28 00:00:00-04:00,27.619594807720766,27.80082643884229,27.39305613299533,27.683025360107422,1395300,0.0,0.0
2012-08-29 00:00:00-04:00,27.692093652176787,27.755524219538426,27.24807795229199,27.36587905883789,906600,0.0,0.0
2012-08-30 00:00:00-04:00,27.139337110248338,27.25713647446271,26.541275077014795,26.5775203704834,1235400,0.0,0.0
2012-08-31 00:00:00-04:00,26.9490409573519,27.112149082229188,26.34191723050476,26.85842514038086,1442500,0.0,0.0
2012-09-04 00:00:00-04:00,26.858427612453806,26.86748936782026,25.85259696372128,26.042888641357422,2542300,0.0,0.0
2012-09-05 00:00:00-04:00,25.988521296140327,26.514091038420784,25.84353665884594,26.414413452148438,1515400,0.0,0.0
2012-09-06 00:00:00-04:00,26.731564739580737,28.281088510130044,26.65001067498835,27.945812225341797,1901700,0.0,0.0
2012-09-07 00:00:00-04:00,28.23578097957299,29.44096841821189,28.127043380886438,29.196306228637695,2033400,0.0,0.0
2012-09-10 00:00:00-04:00,29.223495849551895,29.658449791577638,28.697926070849128,28.806665420532227,1376900,0.0,0.0
2012-09-11 00:00:00-04:00,28.94258586087917,30.256509332213014,28.870093543345945,30.129648208618164,1565200,0.0,0.0
2012-09-12 00:00:00-04:00,30.383372808261214,30.70958912659484,29.95748235417599,30.700529098510742,1639000,0.0,0.0
2012-09-13 00:00:00-04:00,30.646146497130534,31.996318292852106,30.21119272945852,31.4979305267334,1933500,0.0,0.0
2012-09-14 00:00:00-04:00,32.38597458119538,33.545851637251744,32.38597458119538,33.30118942260742,3000200,0.0,0.0
2012-09-17 00:00:00-04:00,33.3194038998853,33.3194038998853,31.707614888973296,31.880630493164062,1692000,0.18,0.0
2012-09-18 00:00:00-04:00,31.44353018712643,31.999005810753008,30.74235632400108,31.206771850585938,2201300,0.0,0.0
2012-09-19 00:00:00-04:00,31.179455528272737,31.261411007758493,30.651297221871154,30.94269371032715,1656600,0.0,0.0
2012-09-20 00:00:00-04:00,30.53291648478742,30.53291648478742,29.886380739493436,30.441856384277344,1753900,0.0,0.0
2012-09-21 00:00:00-04:00,30.888055706028076,31.161242954698317,30.323475441301902,30.34168815612793,1489500,0.0,0.0
2012-09-24 00:00:00-04:00,29.731572633440905,30.28704470659799,29.649617167939113,30.059391021728516,1103800,0.0,0.0
2012-09-25 00:00:00-04:00,30.186885781251235,30.396326794573902,28.73900619253422,28.81185531616211,1294100,0.0,0.0
2012-09-26 00:00:00-04:00,28.702583403381272,28.93934349684571,28.0469395332151,28.575096130371094,1517700,0.0,0.0
2012-09-27 00:00:00-04:00,28.884700815400752,29.52213013294652,28.52045524296604,29.45838737487793,1461300,0.0,0.0
2012-09-28 00:00:00-04:00,29.20341718445933,29.36732813099503,28.61151789508258,29.048612594604492,1134000,0.0,0.0
2012-10-01 00:00:00-04:00,29.376432157155538,30.20509149290882,29.048612007568906,29.258054733276367,1625000,0.0,0.0
2012-10-02 00:00:00-04:00,28.347440296247733,28.775430399114068,28.010513765118958,28.229061126708984,2015400,0.0,0.0
2012-10-03 00:00:00-04:00,28.57509427069236,28.693475178150383,27.93766489456628,28.10157585144043,1547400,0.0,0.0
2012-10-04 00:00:00-04:00,28.383868349083375,28.647945784096585,28.065152765976233,28.320125579833984,1490800,0.0,0.0
2012-10-05 00:00:00-04:00,28.61152152674768,28.83917526208563,28.11068400374826,28.301912307739258,1005700,0.0,0.0
2012-10-08 00:00:00-04:00,27.99230224113332,28.921129870033997,27.87392306656054,28.81185531616211,1101400,0.0,0.0
2012-10-09 00:00:00-04:00,28.89381223328636,29.50392606217341,28.866494896105884,29.094148635864258,1301600,0.0,0.0
2012-10-10 00:00:00-04:00,29.075933080253538,29.130569486138846,28.0378326841325,28.156211853027344,1324100,0.0,0.0
2012-10-11 00:00:00-04:00,28.493141633847273,29.32180107074188,28.128894276955478,28.88470458984375,1349000,0.0,0.0
2012-10-12 00:00:00-04:00,28.711687049870537,28.975764455080572,28.283696955737717,28.61151885986328,964000,0.0,0.0
2012-10-15 00:00:00-04:00,28.55688391467441,29.112357824455092,28.283698401650707,29.06682777404785,856800,0.0,0.0
2012-10-16 00:00:00-04:00,29.321802983259815,30.19599252835495,29.312694888197314,29.831745147705078,1084900,0.0,0.0
2012-10-17 00:00:00-04:00,30.09582577010306,30.369009581847713,29.59498820295109,30.21420669555664,1094000,0.0,0.0
2012-10-18 00:00:00-04:00,30.032085707426763,30.915383469731385,29.959238305455354,30.75147247314453,1282900,0.0,0.0
2012-10-19 00:00:00-04:00,30.47827531169265,30.51469725989427,29.558552513643008,29.877269744873047,1023400,0.0,0.0
2012-10-22 00:00:00-04:00,29.731579100869215,30.505600408308318,29.549455418612865,29.950124740600586,989100,0.0,0.0
2012-10-23 00:00:00-04:00,29.23073513206602,29.23073513206602,28.68436761460907,28.76632308959961,1423500,0.0,0.0
2012-10-24 00:00:00-04:00,27.782860912301018,27.810179984673777,25.205820805047328,25.469898223876953,5128900,0.0,0.0
2012-10-25 00:00:00-04:00,25.37883563460104,25.52453386591637,24.20414169065375,24.87799644470215,4268800,0.0,0.0
2012-10-26 00:00:00-04:00,24.941741526244044,25.069228793160875,23.912747454657286,24.32252311706543,3571400,0.0,0.0
2012-10-31 00:00:00-04:00,24.295208075746775,24.577498234753236,23.940068787420568,23.994705200195312,1472500,0.0,0.0
2012-11-01 00:00:00-04:00,24.12219050417047,25.29688465682321,23.95827953060402,25.26956558227539,1738600,0.0,0.0
2012-11-02 00:00:00-04:00,25.542747943760407,25.724871623449232,24.623028398226218,24.914424896240234,1566000,0.0,0.0
2012-11-05 00:00:00-05:00,24.796043242293727,25.633809017475397,24.75961954956065,25.22403335571289,1511000,0.0,0.0
2012-11-06 00:00:00-05:00,25.397048304297567,26.28945220168269,25.187607299924135,26.08000946044922,1628700,0.0,0.0
2012-11-07 00:00:00-05:00,25.369730573520897,25.369730573520897,24.595707594595883,24.987272262573242,2353800,0.0,0.0
2012-11-08 00:00:00-05:00,24.987271648096268,25.114757169657075,24.185929617788418,24.295204162597656,1911300,0.0,0.0
2012-11-09 00:00:00-05:00,24.158611770540855,25.278667580934716,23.98559446863012,24.377159118652344,1131200,0.0,0.0
2012-11-12 00:00:00-05:00,25.251351614166285,25.888782760468544,24.86889327375696,25.76129722595215,2210600,0.0,0.0
2012-11-13 00:00:00-05:00,25.324199660292077,25.479004261407045,24.64123849128957,24.650344848632812,1492400,0.0,0.0
2012-11-14 00:00:00-05:00,24.786936058978316,24.877997893066883,23.967383025901274,24.085763931274414,1707400,0.0,0.0
2012-11-15 00:00:00-05:00,24.085766043783018,24.577497212013878,23.493864938723036,23.757944107055664,1968400,0.0,0.0
2012-11-16 00:00:00-05:00,23.812575971342394,24.058442376947948,23.084084847540577,23.66687774658203,1611900,0.0,0.0
2012-11-19 00:00:00-05:00,24.19504001673612,24.422693764333353,23.794368934644123,24.067554473876953,1455500,0.0,0.0
2012-11-20 00:00:00-05:00,23.94007164728493,24.103980905189648,23.584930579673575,23.858116149902344,834700,0.0,0.0
2012-11-21 00:00:00-05:00,23.912746467050845,24.122187468311235,23.685092751717374,24.012914657592773,725400,0.0,0.0
2012-11-23 00:00:00-05:00,24.34984333218385,24.632133477784773,24.11308323892301,24.459117889404297,380000,0.0,0.0
2012-11-26 00:00:00-05:00,24.276998259315157,24.477332954661225,23.60314329839425,23.858116149902344,1507200,0.0,0.0
2012-11-27 00:00:00-05:00,23.839896528755382,24.185929399958162,23.512074634140152,23.548500061035156,1270700,0.0,0.0
2012-11-28 00:00:00-05:00,23.36638087229024,23.858113808324138,23.09319706573382,23.81258201599121,1469200,0.0,0.0
2012-11-29 00:00:00-05:00,24.049337905989844,24.495538971403068,23.767047790495756,23.967382431030273,1320600,0.0,0.0
2012-11-30 00:00:00-05:00,24.049338155336585,24.36805370161051,23.712411631996147,23.83989715576172,1538700,0.0,0.0
2012-12-03 00:00:00-05:00,24.113084438344,24.249676339018723,23.229788526244555,23.320850372314453,1048200,0.0,0.0
2012-12-04 00:00:00-05:00,23.329954281559836,24.04933914258853,23.26620978020027,23.976490020751953,959600,0.0,0.0
2012-12-05 00:00:00-05:00,24.003812009744966,24.504649566126513,23.940069237499344,24.31342124938965,1394000,0.0,0.0
2012-12-06 00:00:00-05:00,24.222355658853164,24.340734826608163,23.812578276508916,24.012914657592773,828400,0.0,0.0
2012-12-07 00:00:00-05:00,24.195035974594184,24.313416876209192,23.903639504249497,24.295204162597656,686000,0.0,0.0
2012-12-10 00:00:00-05:00,24.258780020996962,25.20582033666666,24.16771992183339,25.07833480834961,1218500,0.0,0.0
2012-12-11 00:00:00-05:00,25.24223943552672,25.897883146098675,25.13296664167122,25.588274002075195,2758400,0.0,0.0
2012-12-12 00:00:00-05:00,25.73398222846592,25.806831364993037,25.451692041530883,25.533647537231445,1574900,0.0,0.0
2012-12-13 00:00:00-05:00,25.60696431917936,26.19352270220614,25.48781855507588,25.689449310302734,1401800,0.18,0.0
2012-12-14 00:00:00-05:00,25.634458804021534,26.54179198141644,25.634458804021534,26.065214157104492,1034700,0.0,0.0
2012-12-17 00:00:00-05:00,26.156861881302717,26.523460845522717,25.891076539692126,26.120201110839844,1011300,0.0,0.0
2012-12-18 00:00:00-05:00,26.138531280938956,27.36663911202936,26.12936608839867,27.3024845123291,2401600,0.0,0.0
2012-12-19 00:00:00-05:00,27.339146559655912,27.49495135391806,27.00920658402268,27.146682739257812,1508000,0.0,0.0
2012-12-20 00:00:00-05:00,27.137516348749408,27.815724909129155,27.036700972178817,27.650754928588867,1447000,0.0,0.0
2012-12-21 00:00:00-05:00,27.04586541664196,27.678249741846706,26.945050042862153,27.669084548950195,2619900,0.0,0.0
2012-12-24 00:00:00-05:00,27.577435440732877,27.65992043192804,27.13751665307992,27.33914566040039,520600,0.0,0.0
2012-12-26 00:00:00-05:00,27.485786259350707,28.0173552508509,27.44912723308273,27.577436447143555,1065100,0.0,0.0
2012-12-27 00:00:00-05:00,27.62325674407092,27.80655709362514,26.862563265159768,27.229162216186523,1635300,0.0,0.0
2012-12-28 00:00:00-05:00,26.99087883547921,27.339147461629544,26.697597876306002,26.7342586517334,1384900,0.0,0.0
2012-12-31 00:00:00-05:00,26.81674161401062,28.044849528350767,26.734256623638384,27.82489013671875,1755500,0.0,0.0
2013-01-02 00:00:00-05:00,28.823870904881247,29.1263152600093,28.383950412628145,28.924684524536133,1478100,0.0,0.0
2013-01-03 00:00:00-05:00,28.8422021316954,29.071326716704974,28.457272758956048,28.603912353515625,1619900,0.0,0.0
2013-01-04 00:00:00-05:00,28.61307480618214,29.566232079527875,28.61307480618214,29.538738250732422,1587000,0.0,0.0
2013-01-07 00:00:00-05:00,29.190470651016415,29.8045245702941,29.190470651016415,29.602893829345703,1343100,0.0,0.0
2013-01-08 00:00:00-05:00,29.538740499350013,29.731204307896146,28.71389235914321,28.750553131103516,2154700,0.0,0.0
2013-01-09 00:00:00-05:00,28.787212922066107,29.49291706837025,28.503098924130338,28.732223510742188,1934100,0.0,0.0
2013-01-10 00:00:00-05:00,28.906356671870558,28.915520116384492,27.769897263150845,28.429777145385742,2638600,0.0,0.0
2013-01-11 00:00:00-05:00,28.365624937704478,28.365624937704478,27.467455216473958,28.026519775390625,1672500,0.0,0.0
2013-01-14 00:00:00-05:00,28.04485006088402,28.356459641966875,27.476620310650016,27.54994010925293,1256400,0.0,0.0
2013-01-15 00:00:00-05:00,27.375801684855766,28.484763654882634,27.311645343213183,28.365619659423828,1377300,0.0,0.0
2013-01-16 00:00:00-05:00,27.861546832815595,28.054012376959882,27.064194323296753,27.137514114379883,3028700,0.0,0.0
2013-01-17 00:00:00-05:00,27.357472126311276,27.641586084110582,26.89005782588438,27.559101104736328,2357600,0.0,0.0
2013-01-18 00:00:00-05:00,27.669083142812692,27.925701538546456,27.21999920219689,27.394132614135742,1894500,0.0,0.0
2013-01-22 00:00:00-05:00,26.65176897130616,28.200651499272393,26.55095360468016,28.017351150512695,3055500,0.0,0.0
2013-01-23 00:00:00-05:00,28.19149037826878,29.07132798398006,27.879880789225552,28.273975372314453,4026200,0.0,0.0
2013-01-24 00:00:00-05:00,27.60492994675643,28.383952114059923,27.100854825939212,27.669084548950195,3515000,0.0,0.0
2013-01-25 00:00:00-05:00,27.86155009745504,28.017354890273122,27.384970525531262,27.7607364654541,1827500,0.0,0.0
2013-01-28 00:00:00-05:00,27.577437396380372,27.724077002663606,27.201673186769344,27.467456817626953,2841600,0.0,0.0
2013-01-29 00:00:00-05:00,27.568268852357768,29.080490700938345,27.568268852357768,28.457271575927734,2862600,0.0,0.0
2013-01-30 00:00:00-05:00,28.466436217229127,29.062159752331056,28.438942387475986,28.558086395263672,2577600,0.0,0.0
2013-01-31 00:00:00-05:00,28.53975539881851,29.098819899582463,28.493931184823506,29.007169723510742,2427800,0.0,0.0
2013-02-01 00:00:00-05:00,29.32794690254883,30.464406383334634,29.10798751054954,30.345260620117188,3505900,0.0,0.0
2013-02-04 00:00:00-05:00,29.87784468343741,30.15279698418959,29.25462727649814,29.33711051940918,2104700,0.0,0.0
2013-02-05 00:00:00-05:00,29.630394169369314,29.77703376965866,29.26379342056402,29.492918014526367,1617300,0.0,0.0
2013-02-06 00:00:00-05:00,29.30044795429972,30.858493905517527,29.254623741765712,30.776012420654297,3172900,0.0,0.0
2013-02-07 00:00:00-05:00,30.684358465812753,30.76684344137259,30.198615552050985,30.336088180541992,2108700,0.0,0.0
2013-02-08 00:00:00-05:00,30.418577946683463,30.629372140497836,30.262774910623826,30.491899490356445,1277700,0.0,0.0
2013-02-11 00:00:00-05:00,30.372759470226228,31.124287954090182,30.317771798242806,30.748523712158203,1528900,0.0,0.0
2013-02-12 00:00:00-05:00,30.684362148562762,30.876825949247607,30.290267606495608,30.473567962646484,1280300,0.0,0.0
2013-02-13 00:00:00-05:00,30.491896114770718,31.151775950121447,30.44607190312986,30.6568660736084,939300,0.0,0.0
2013-02-14 00:00:00-05:00,30.528556365470628,31.32590882223876,30.372749853134795,31.188432693481445,1508300,0.0,0.0
2013-02-15 00:00:00-05:00,31.188439864952272,31.225100640539093,30.81267565559733,30.986812591552734,1604300,0.0,0.0
2013-02-19 00:00:00-05:00,31.04179753399669,31.11511907873435,29.859517342493252,29.914505004882812,1777300,0.0,0.0
2013-02-20 00:00:00-05:00,29.795357382920756,29.932833522640674,28.76888029381267,28.86969566345215,2174100,0.0,0.0
2013-02-21 00:00:00-05:00,28.695561897424824,28.970512442155943,27.989859519869796,28.40228271484375,1494400,0.0,0.0
2013-02-22 00:00:00-05:00,28.759719597261867,28.85136978870879,28.154830781026977,28.37479019165039,1529700,0.0,0.0
2013-02-25 00:00:00-05:00,28.57641673464448,28.86969590541915,27.2016693105769,27.210834503173828,2147100,0.0,0.0
2013-02-26 00:00:00-05:00,27.43079779009714,27.623261617813135,26.853402810785173,27.467456817626953,1664700,0.0,0.0
2013-02-27 00:00:00-05:00,27.311647133271432,28.246475767212182,27.311647133271432,28.145660400390625,1198200,0.0,0.0
2013-02-28 00:00:00-05:00,28.1548295506179,28.47560433262278,27.742406329253278,27.925704956054688,1540800,0.0,0.0
2013-03-01 00:00:00-05:00,27.80656068471981,27.90737606480266,27.339146306265555,27.7607364654541,1413400,0.0,0.0
2013-03-04 00:00:00-05:00,27.513276612952406,27.604926783332928,26.807572573528482,27.34830665588379,1778300,0.0,0.0
2013-03-05 00:00:00-05:00,27.733235770710834,28.503094399360748,27.641585600998877,27.83405113220215,1927600,0.0,0.0
2013-03-06 00:00:00-05:00,28.063176624694893,28.90635506780875,28.063176624694893,28.81470489501953,2292700,0.0,0.0
2013-03-07 00:00:00-05:00,28.943014736381127,29.676214387036456,28.787209963574014,29.538738250732422,1610000,0.0,0.0
2013-03-08 00:00:00-05:00,29.832022099362828,30.15279863575576,29.7128763289218,30.08864402770996,1894800,0.0,0.0
2013-03-11 00:00:00-04:00,29.92275494674242,30.355881422775653,29.526487830170975,30.180788040161133,1353200,0.18,0.0
2013-03-12 00:00:00-04:00,30.134718072886933,30.401968703663677,29.729233387449653,29.858253479003906,884600,0.0,0.0
2013-03-13 00:00:00-04:00,29.849033491587846,29.904327811892067,29.139440624872385,29.756879806518555,1153800,0.0,0.0
2013-03-14 00:00:00-04:00,29.830602784011923,29.95040538989409,29.42512163813713,29.738449096679688,1464700,0.0,0.0
2013-03-15 00:00:00-04:00,29.61864794814686,30.254520374515227,29.61864794814686,29.701587677001953,1740000,0.0,0.0
2013-03-18 00:00:00-04:00,29.157874035935595,29.30532206016462,29.038073175394175,29.13944435119629,1543800,0.0,0.0
2013-03-19 00:00:00-04:00,29.148654231674165,29.213164271242253,28.24553477034714,28.365337371826172,2208000,0.0,0.0
2013-03-20 00:00:00-04:00,28.660234757610134,28.872191053230104,28.44827846199016,28.78925132751465,1108800,0.0,0.0
2013-03-21 00:00:00-04:00,28.57729809100532,29.25002993140548,28.568082369637207,28.80768585205078,1112400,0.0,0.0
2013-03-22 00:00:00-04:00,28.85376005839413,29.056502394484767,28.595726914597265,28.826114654541016,912700,0.0,0.0
2013-03-25 00:00:00-04:00,28.918268496650086,29.084147951518272,28.641803910349083,28.890623092651367,1053400,0.0,0.0
2013-03-26 00:00:00-04:00,29.084148263400877,29.1486565503816,28.687881063126177,29.11179542541504,593500,0.0,0.0
2013-03-27 00:00:00-04:00,28.752393137423596,29.43434069577322,28.66023768192357,29.268461227416992,860600,0.0,0.0
2013-03-28 00:00:00-04:00,29.176302840187734,29.296105447615354,28.881406818395043,29.222379684448242,850800,0.0,0.0
2013-04-01 00:00:00-04:00,29.305323392549134,29.415910294608352,28.743178433762374,28.945919036865234,1222800,0.0,0.0
2013-04-02 00:00:00-04:00,29.121011989352354,29.121011989352354,28.134952699307174,28.291616439819336,1322700,0.0,0.0
2013-04-03 00:00:00-04:00,28.171814837304602,28.263970292278387,27.084384335595985,27.351634979248047,2511100,0.0,0.0
2013-04-04 00:00:00-04:00,27.351634684541143,27.69260757923541,26.69733254322441,27.37928009033203,2301300,0.0,0.0
2013-04-05 00:00:00-04:00,26.743406381253077,27.29633724884233,26.559095506150403,27.17653465270996,1493800,0.0,0.0
2013-04-08 00:00:00-04:00,27.16732566155777,27.600455798004262,27.029093349854946,27.5635929107666,798500,0.0,0.0
2013-04-09 00:00:00-04:00,27.646530895698362,28.67866882253417,27.60045404729317,28.33769416809082,1212900,0.0,0.0
2013-04-10 00:00:00-04:00,28.522002738248855,28.835330203323714,28.365339005711423,28.577295303344727,683900,0.0,0.0
2013-04-11 00:00:00-04:00,28.604941184779648,28.752389190250152,27.4714322258617,27.849267959594727,1674900,0.0,0.0
2013-04-12 00:00:00-04:00,27.729469722544405,27.90456490465476,26.863211290635274,27.3977108001709,1382000,0.0,0.0
2013-04-15 00:00:00-04:00,27.065953091861147,27.065953091861147,25.545392566671065,25.784996032714844,2842800,0.0,0.0
2013-04-16 00:00:00-04:00,25.250500124884734,26.24577525583665,24.900311475615407,25.812646865844727,4470400,0.0,0.0
2013-04-17 00:00:00-04:00,25.259713979160033,25.351869435117493,24.550119253322446,25.010894775390625,3008900,0.0,0.0
2013-04-18 00:00:00-04:00,25.13069417858797,25.628330764707517,24.504039267555363,25.204418182373047,1846800,0.0,0.0
2013-04-19 00:00:00-04:00,25.29657554626465,25.536177258460096,24.706781713506295,25.29657554626465,1624000,0.0,0.0
2013-04-22 00:00:00-04:00,25.351867372774176,25.462452504751866,24.476393248975732,25.222850799560547,1293200,0.0,0.0
2013-04-23 00:00:00-04:00,25.361082665157756,25.64676296861508,25.084616324443843,25.370298385620117,2157000,0.0,0.0
2013-04-24 00:00:00-04:00,25.222851210612273,26.061462465605512,24.504040810167066,24.79893684387207,3597400,0.0,0.0
2013-04-25 00:00:00-04:00,24.872659120752253,25.665193474450287,24.798935117458402,25.047754287719727,3398100,0.0,0.0
2013-04-26 00:00:00-04:00,25.020109894075986,25.149128232396297,24.319730906476728,24.384239196777344,2375500,0.0,0.0
2013-04-29 00:00:00-04:00,24.59619421382909,24.817366220707257,24.16306416235534,24.734426498413086,1817400,0.0,0.0
2013-04-30 00:00:00-04:00,24.513256679268437,24.872661002806346,24.190713481307206,24.863445281982422,1459000,0.0,0.0
2013-05-01 00:00:00-04:00,24.513257377249918,24.586981388221474,23.96032641610371,23.978757858276367,2013900,0.0,0.0
2013-05-02 00:00:00-04:00,24.080127426064347,24.273654054654877,23.70229164774659,24.135421752929688,1264800,0.0,0.0
2013-05-03 00:00:00-04:00,24.586983701069013,25.619119951761757,24.47639679534946,25.407163619995117,2169400,0.0,0.0
2013-05-06 00:00:00-04:00,25.490097564715928,25.490097564715928,24.974029556696916,25.066184997558594,1061300,0.0,0.0
2013-05-07 00:00:00-04:00,25.029324199746227,25.794211434389677,25.029324199746227,25.471668243408203,1265200,0.0,0.0
2013-05-08 00:00:00-04:00,25.526960569426013,26.807915754761417,25.47166625000634,26.761838912963867,2114100,0.0,0.0
2013-05-09 00:00:00-04:00,26.67890505782186,27.038309424482843,26.245774915723523,26.457731246948242,1246700,0.0,0.0
2013-05-10 00:00:00-04:00,26.457726456196976,26.872425079345703,26.098322154614024,26.872425079345703,962600,0.0,0.0
2013-05-13 00:00:00-04:00,26.761839069093767,27.029087916972617,26.63282074741401,26.82634735107422,979900,0.0,0.0
2013-05-14 00:00:00-04:00,26.80791664123535,27.084381216600367,26.5130206254543,26.80791664123535,1100900,0.0,0.0
2013-05-15 00:00:00-04:00,26.678901235942018,26.844778933755617,26.393219170205256,26.734193801879883,1143900,0.0,0.0
2013-05-16 00:00:00-04:00,26.5314522986428,27.23182946340808,26.29184884428882,26.319494247436523,1848300,0.0,0.0
2013-05-17 00:00:00-04:00,26.513021269294516,27.51751194601602,26.402434381831682,27.434572219848633,1805800,0.0,0.0
2013-05-20 00:00:00-04:00,27.43456993360068,28.380270296781475,27.314038558938343,28.25973892211914,1574900,0.18,0.0
2013-05-21 00:00:00-04:00,28.35245648761143,29.32597047567741,28.055766577664137,28.686233520507812,1763000,0.0,0.0
2013-05-22 00:00:00-04:00,28.75113704959497,29.223987303309244,27.156427742324276,27.33258628845215,2467600,0.0,0.0
2013-05-23 00:00:00-04:00,26.74847609965535,27.30477057630414,26.54450045611767,27.045166015625,1605200,0.0,0.0
2013-05-24 00:00:00-04:00,26.581588349492016,26.692847955407863,26.10873811906969,26.201454162597656,1843400,0.0,0.0
2013-05-28 00:00:00-04:00,26.674307481271942,26.729936406464653,26.20145719610477,26.238542556762695,2254200,0.0,0.0
2013-05-29 00:00:00-04:00,26.03456688839709,26.60013318951212,25.95112262205515,26.136554718017578,1848800,0.0,0.0
2013-05-30 00:00:00-04:00,26.247812390481947,26.303443079956473,25.941850672018113,26.043838500976562,1739500,0.0,0.0
2013-05-31 00:00:00-04:00,25.867673933154766,26.43324013757577,25.5338986932636,25.56171226501465,5569000,0.0,0.0
2013-06-03 00:00:00-04:00,25.635887004367234,25.821319085026904,24.569656961602607,25.747146606445312,2382600,0.0,0.0
2013-06-04 00:00:00-04:00,25.79350497552004,26.053109547172266,25.21866868113424,25.478271484375,1977400,0.0,0.0
2013-06-05 00:00:00-04:00,25.218668448988335,25.37628519310994,24.931248536029763,25.088865280151367,1498900,0.0,0.0
2013-06-06 00:00:00-04:00,25.033233642578125,25.320651755911832,24.745815529244418,25.033233642578125,1571700,0.0,0.0
2013-06-07 00:00:00-04:00,25.144492773047883,25.598799385231015,25.11667743288561,25.56171226501465,1755400,0.0,0.0
2013-06-10 00:00:00-04:00,25.682247136534418,25.72860427470985,25.06105193556172,25.478271484375,995000,0.0,0.0
2013-06-11 00:00:00-04:00,25.023965345652886,25.061052471715843,24.718003629279508,24.949792861938477,1407600,0.0,0.0
2013-06-12 00:00:00-04:00,25.07959224698922,25.422641061804114,25.02396333078539,25.153764724731445,1380000,0.0,0.0
2013-06-13 00:00:00-04:00,25.125954717455585,26.062383487134017,25.0517822291846,25.969667434692383,1165400,0.0,0.0
2013-06-14 00:00:00-04:00,26.016023257509456,26.182911789759636,25.46900052109455,25.635889053344727,1092500,0.0,0.0
2013-06-17 00:00:00-04:00,25.914038030992707,26.099468364032543,25.812050198353273,25.997482299804688,1020500,0.0,0.0
2013-06-18 00:00:00-04:00,25.97893624527441,26.34052686318482,25.86767664138814,26.22926902770996,927300,0.0,0.0
2013-06-19 00:00:00-04:00,26.12728516395851,26.312715507318977,25.92330948732682,26.01602554321289,1231000,0.0,0.0
2013-06-20 00:00:00-04:00,25.55244167143625,25.83058978074056,25.11667859912753,25.30211067199707,2210400,0.0,0.0
2013-06-21 00:00:00-04:00,25.63588680948054,25.802775327123257,25.116679463356476,25.55244255065918,2004200,0.0,0.0
2013-06-24 00:00:00-04:00,25.033233869340634,25.079591002474903,23.735214689057077,24.217336654663086,2158300,0.0,0.0
2013-06-25 00:00:00-04:00,24.653107335331267,24.755095181829457,24.124628073316675,24.61602020263672,1697000,0.0,0.0
2013-06-26 00:00:00-04:00,24.718004394110853,25.005422556346126,24.078265597021904,24.810720443725586,1960300,0.0,0.0
2013-06-27 00:00:00-04:00,24.977607601069117,25.617344594445406,24.92197691332308,25.079593658447266,1991600,0.0,0.0
2013-06-28 00:00:00-04:00,24.912708550608553,25.005422832836892,24.31932688756003,24.39349937438965,2378700,0.0,0.0
2013-07-01 00:00:00-04:00,24.514027556134955,24.7180014260657,24.19879408634385,24.36568260192871,2061400,0.0,0.0
2013-07-02 00:00:00-04:00,24.337864980632876,24.49548170076771,23.790842350071472,24.180248260498047,2309900,0.0,0.0
2013-07-03 00:00:00-04:00,23.957736036483066,24.161709931468767,23.800119282226802,24.106081008911133,910200,0.0,0.0
2013-07-05 00:00:00-04:00,24.31005191779286,24.44912685972114,23.994818448001755,24.36568260192871,994300,0.0,0.0
2013-07-08 00:00:00-04:00,24.486213190510135,24.71800241175193,24.29151109350451,24.41204071044922,1055400,0.0,0.0
2013-07-09 00:00:00-04:00,24.764359224805464,25.478270441313494,24.74581743134126,25.135223388671875,1417100,0.0,0.0
2013-07-10 00:00:00-04:00,25.135224955430253,25.218669220660402,24.54184331730347,24.949792861938477,941300,0.0,0.0
2013-07-11 00:00:00-04:00,25.49681372604136,26.108737113993445,25.450456590267656,25.951120376586914,1494400,0.0,0.0
2013-07-12 00:00:00-04:00,25.793503488548378,25.867675966399972,25.227937239672865,25.35774040222168,1123100,0.0,0.0
2013-07-15 00:00:00-04:00,25.339197068070384,25.496813805971023,24.912705758698877,24.940519332885742,944500,0.0,0.0
2013-07-16 00:00:00-04:00,25.061055316301456,25.218672083136497,24.36568753939598,24.606748580932617,2084300,0.0,0.0
2013-07-17 00:00:00-04:00,24.77362823486328,25.01468920704971,24.551110822478392,24.77362823486328,1525300,0.0,0.0
2013-07-18 00:00:00-04:00,24.847802956808057,25.061050377023065,24.745816905482297,24.857074737548828,1388200,0.0,0.0
2013-07-19 00:00:00-04:00,24.857075565498207,25.079593005454328,24.70873060552746,25.014692306518555,1629200,0.0,0.0
2013-07-22 00:00:00-04:00,25.10741124452539,25.487545469347047,25.061054102341917,25.367015838623047,1098100,0.0,0.0
2013-07-23 00:00:00-04:00,25.19085557577285,25.997482937951315,25.153768447207575,25.858407974243164,1963100,0.0,0.0
2013-07-24 00:00:00-04:00,24.133895386551846,24.97760804655532,23.735217625985292,24.959064483642578,5058500,0.0,0.0
2013-07-25 00:00:00-04:00,24.61601192043202,25.617341176927972,24.57892656862688,25.56171226501465,2773300,0.0,0.0
2013-07-26 00:00:00-04:00,25.413368824393682,25.941847939862463,25.33919634798423,25.886219024658203,1726000,0.0,0.0
2013-07-29 00:00:00-04:00,25.784236907958984,25.941853676233368,25.469003371410214,25.784236907958984,1519300,0.0,0.0
2013-07-30 00:00:00-04:00,25.802777475420626,26.145826320071393,25.53390288337458,25.941850662231445,1365900,0.0,0.0
2013-07-31 00:00:00-04:00,26.02529065725187,26.145822029543833,25.506083353101324,25.56171226501465,1445600,0.0,0.0
2013-08-01 00:00:00-04:00,25.87695343277984,26.164371626553905,25.5709916733657,25.663707733154297,1122800,0.0,0.0
2013-08-02 00:00:00-04:00,25.6080731137636,25.858404120626464,25.431912816154547,25.765689849853516,709100,0.0,0.0
2013-08-05 00:00:00-04:00,25.72860286747498,25.812047126355914,25.47827009083217,25.654430389404297,656200,0.0,0.0
2013-08-06 00:00:00-04:00,25.524626548857853,25.5802554599771,24.755086499465325,24.977603912353516,1527800,0.0,0.0
2013-08-07 00:00:00-04:00,24.903434788255126,25.274297192910343,24.73654626405742,24.99614906311035,823100,0.0,0.0
2013-08-08 00:00:00-04:00,25.29283921338257,26.173637149693423,25.265023871574776,25.886219024658203,1137600,0.0,0.0
2013-08-09 00:00:00-04:00,25.90476284142166,27.174966733515923,25.90476284142166,26.878276824951172,1355700,0.0,0.0
2013-08-12 00:00:00-04:00,26.85973492348231,27.267684457175616,26.30344219475044,26.386884689331055,1432300,0.0,0.0
2013-08-13 00:00:00-04:00,26.525957477970707,26.655758868307366,26.016020160312824,26.099464416503906,979800,0.0,0.0
2013-08-14 00:00:00-04:00,26.0716511810858,26.470327137771186,25.849131982753086,26.18290901184082,965300,0.0,0.0
2013-08-15 00:00:00-04:00,25.839861647349018,25.839861647349018,25.367011451525865,25.598800659179688,1291000,0.0,0.0
2013-08-16 00:00:00-04:00,25.506086284488976,25.645159464461432,24.996148933374734,25.209396362304688,1586300,0.0,0.0
2013-08-19 00:00:00-04:00,25.16273149571882,25.218732923640445,24.752065038807114,24.892065048217773,1045600,0.18,0.0
2013-08-20 00:00:00-04:00,24.86405852254096,25.39605950206977,24.74272568413114,25.20005989074707,1113500,0.0,0.0
2013-08-21 00:00:00-04:00,25.013395662952885,25.37739779088438,24.78939531202395,25.125396728515625,1329900,0.0,0.0
2013-08-22 00:00:00-04:00,25.396064193209572,26.105399557007917,25.293398474112717,25.517398834228516,932200,0.0,0.0
2013-08-23 00:00:00-04:00,25.629401476128905,25.974736522428287,25.461402519217778,25.69473648071289,826000,0.0,0.0
2013-08-26 00:00:00-04:00,25.778733700846544,25.993400491957022,25.57339870048293,25.629398345947266,796000,0.0,0.0
2013-08-27 00:00:00-04:00,25.29339567235584,25.38672959044795,24.761394653486143,24.854726791381836,1435200,0.0,0.0
2013-08-28 00:00:00-04:00,24.82672833674469,25.38673007580741,24.630726926984334,25.022727966308594,1016900,0.0,0.0
2013-08-29 00:00:00-04:00,24.938727777763948,25.27472917941441,24.82672849734477,25.060062408447266,761200,0.0,0.0
2013-08-30 00:00:00-04:00,25.078732944113394,25.144066163236438,24.86406436388477,24.929397583007812,869900,0.0,0.0
2013-09-03 00:00:00-04:00,25.433394603380197,25.62006243181382,24.6867268500384,24.808059692382812,887200,0.0,0.0
2013-09-04 00:00:00-04:00,24.79872888250389,25.28406386628152,24.71472852838097,25.125396728515625,757900,0.0,0.0
2013-09-05 00:00:00-04:00,25.050729007051093,25.984064657745403,25.04139543692057,25.862730026245117,945200,0.0,0.0
2013-09-06 00:00:00-04:00,25.993402662572734,26.208069471609264,25.545401901053854,25.685401916503906,743900,0.0,0.0
2013-09-09 00:00:00-04:00,25.88140166160885,26.534737442645348,25.78806772428981,26.469404220581055,771100,0.0,0.0
2013-09-10 00:00:00-04:00,26.71206976852141,27.38407086312822,26.684069055339048,27.17873764038086,1110000,0.0,0.0
2013-09-11 00:00:00-04:00,27.150734178475254,27.374734520666536,26.721398854127937,27.262733459472656,803200,0.0,0.0
2013-09-12 00:00:00-04:00,27.085403054889415,27.178736983043287,26.51606769532775,26.590734481811523,851800,0.0,0.0
2013-09-13 00:00:00-04:00,26.55339659219201,26.76806333726217,26.41339483826288,26.72139549255371,557900,0.0,0.0
2013-09-16 00:00:00-04:00,28.1774044072193,29.530740062112592,28.121402985215276,28.88673973083496,4190200,0.0,0.0
2013-09-17 00:00:00-04:00,28.886737578108953,29.400071446848386,28.70006974573295,28.83073616027832,1530700,0.0,0.0
2013-09-18 00:00:00-04:00,28.88674011194548,29.94141043104777,28.70007226319567,29.74540901184082,1497800,0.0,0.0
2013-09-19 00:00:00-04:00,29.894741282916815,30.55741233473481,29.474741286719766,29.60540771484375,1751300,0.0,0.0
2013-09-20 00:00:00-04:00,29.624074019721046,29.624074019721046,28.830738342372893,28.924072265625,1280300,0.0,0.0
2013-09-23 00:00:00-04:00,28.924068533715857,29.129401714220304,28.784068556999358,28.94273567199707,1162600,0.0,0.0
2013-09-24 00:00:00-04:00,28.94273898095728,29.10140611409506,28.485404721959334,28.73740577697754,1006000,0.0,0.0
2013-09-25 00:00:00-04:00,28.858739579861975,29.250740640514685,28.504072801269785,28.765405654907227,1616700,0.0,0.0
2013-09-26 00:00:00-04:00,28.90540233087187,29.064069451004368,28.392068472900085,28.606735229492188,1113300,0.0,0.0
2013-09-27 00:00:00-04:00,28.317403515559278,28.429402795668945,27.67340142424108,28.224069595336914,1306400,0.0,0.0
2013-09-30 00:00:00-04:00,27.832069289646086,28.541404609795585,27.832069289646086,28.48540496826172,1354400,0.0,0.0
2013-10-01 00:00:00-04:00,28.382739440932358,29.260075526639874,28.326739795520236,28.905406951904297,1842700,0.0,0.0
2013-10-02 00:00:00-04:00,28.373404705463727,28.830738981318316,28.298737921246584,28.8214054107666,1220600,0.0,0.0
2013-10-03 00:00:00-04:00,28.709404394284284,29.01740508314203,28.345404065687795,28.49473762512207,1851300,0.0,0.0
2013-10-04 00:00:00-04:00,28.438737063851804,28.933405607036395,28.438737063851804,28.81207275390625,1028800,0.0,0.0
2013-10-07 00:00:00-04:00,28.52273754976405,28.737406106610333,28.242737561107518,28.504072189331055,1338200,0.0,0.0
2013-10-08 00:00:00-04:00,28.56007245458033,28.821405308313082,27.934737471410948,28.05607032775879,1274800,0.0,0.0
2013-10-09 00:00:00-04:00,28.17740692853093,28.280072650998463,27.62673869092657,28.03740692138672,884800,0.0,0.0
2013-10-10 00:00:00-04:00,28.382737861492977,28.896071772964174,28.28007036712012,28.63473892211914,1090300,0.0,0.0
2013-10-11 00:00:00-04:00,28.541405573174632,29.09207377740153,28.541405573174632,28.858739852905273,934700,0.0,0.0
2013-10-14 00:00:00-04:00,27.53340283005486,29.166740286075065,27.524069259539733,28.765405654907227,3085200,0.0,0.0
2013-10-15 00:00:00-04:00,28.718739653674653,30.473411750541946,28.578739655993974,29.89474105834961,2955300,0.0,0.0
2013-10-16 00:00:00-04:00,29.83873899748215,30.05340754207425,29.017404438830802,29.32540512084961,2063200,0.0,0.0
2013-10-17 00:00:00-04:00,29.176077180122853,29.838744740414544,29.157410036966162,29.306743621826172,1510800,0.0,0.0
2013-10-18 00:00:00-04:00,29.446742066591806,29.540075997206955,29.026742049118624,29.418743133544922,996600,0.0,0.0
2013-10-21 00:00:00-04:00,29.605408602078516,30.221411819315477,29.549408956946653,29.904077529907227,1723200,0.0,0.0
2013-10-22 00:00:00-04:00,30.202738012166037,30.846738239551055,29.932069856734703,30.60407257080078,2155500,0.0,0.0
2013-10-23 00:00:00-04:00,29.306733692201743,31.612071685062183,28.746732048616504,31.19207000732422,4162300,0.0,0.0
2013-10-24 00:00:00-04:00,31.304083813535943,31.854752081945556,31.19208095324027,31.332082748413086,2273200,0.0,0.0
2013-10-25 00:00:00-04:00,31.388086522422963,31.705420862836764,30.856085357669507,31.500085830688477,1008300,0.0,0.0
2013-10-28 00:00:00-04:00,31.350751950354105,31.668086287908263,30.94008545015205,31.042749404907227,1273400,0.0,0.0
2013-10-29 00:00:00-04:00,31.173411607291094,31.593409794378285,30.968076628435742,31.25741195678711,1278600,0.0,0.0
2013-10-30 00:00:00-04:00,31.248079803161897,31.378746235657196,30.678744438381006,31.052080154418945,1129500,0.0,0.0
2013-10-31 00:00:00-04:00,31.070741951094128,31.425406903883818,30.89340591430664,30.89340591430664,1504800,0.0,0.0
2013-11-01 00:00:00-04:00,30.94940814270409,31.425407728887954,30.902742075100612,31.136075973510742,1212200,0.0,0.0
2013-11-04 00:00:00-05:00,31.388072268167818,31.733405388723522,31.257405874465235,31.47207260131836,1323900,0.0,0.0
2013-11-05 00:00:00-05:00,31.322739851964133,31.593404434068514,30.95873602564501,31.462738037109375,1410400,0.0,0.0
2013-11-06 00:00:00-05:00,31.686750333700743,31.789417838809303,31.453416389506177,31.66808319091797,993100,0.0,0.0
2013-11-07 00:00:00-05:00,31.742744334297228,32.01341253108065,30.837411162190577,30.921411514282227,1413300,0.0,0.0
2013-11-08 00:00:00-05:00,30.884077899865492,31.574747872014537,30.725408982315233,31.565412521362305,996200,0.0,0.0
2013-11-11 00:00:00-05:00,31.47208521971825,31.658749536767477,31.294749133970402,31.55608558654785,602300,0.0,0.0
2013-11-12 00:00:00-05:00,31.33207477112709,31.453409392024952,30.76273950429016,30.89340591430664,1030400,0.0,0.0
2013-11-13 00:00:00-05:00,30.557412347214807,31.024080196644277,30.212075575153936,31.005413055419922,1138000,0.0,0.0
2013-11-14 00:00:00-05:00,31.09874485151469,31.434746268989247,30.846743788408773,31.29474449157715,684600,0.0,0.0
2013-11-15 00:00:00-05:00,31.44408439635881,31.705420862836764,31.28541900634882,31.500085830688477,834700,0.0,0.0
2013-11-18 00:00:00-05:00,31.52808226182862,32.04141980139966,31.33208259784342,31.67741584777832,1435800,0.0,0.0
2013-11-19 00:00:00-05:00,31.621417541332367,32.09741722734646,31.556084320906773,31.89208221435547,1727500,0.0,0.0
2013-11-20 00:00:00-05:00,31.966751381847676,32.190753542045464,31.12674773159791,31.332082748413086,1603300,0.0,0.0
2013-11-21 00:00:00-05:00,31.341413725375336,31.621413716242408,31.061410174115213,31.453413009643555,1035500,0.0,0.0
2013-11-22 00:00:00-05:00,31.434749246723403,31.696082124895415,31.052081720660052,31.66808319091797,705900,0.0,0.0
2013-11-25 00:00:00-05:00,31.593411707793422,31.6400813406455,31.16407814454191,31.313411712646484,627100,0.0,0.0
2013-11-26 00:00:00-05:00,31.154745749761318,31.257413243415026,30.613409350639234,30.744075775146484,1093700,0.0,0.0
2013-11-27 00:00:00-05:00,30.968078453205788,31.220079516542807,30.706745599549517,30.930744171142578,809100,0.0,0.0
2013-11-29 00:00:00-05:00,31.16407841523724,31.3320791258633,30.874746627242573,31.005413055419922,461300,0.0,0.0
2013-12-02 00:00:00-05:00,31.08941344366502,31.192077379918018,30.594743101678457,30.64141273498535,772000,0.0,0.0
2013-12-03 00:00:00-05:00,30.43607840597695,30.800078767199118,29.810743402222922,30.230743408203125,1753700,0.0,0.0
2013-12-04 00:00:00-05:00,30.16540931360109,30.650744301219085,30.034742886241077,30.277408599853516,1215400,0.0,0.0
2013-12-05 00:00:00-05:00,30.249411986700473,31.00541523772886,30.14674448293686,30.753414154052734,844000,0.0,0.0
2013-12-06 00:00:00-05:00,31.145409120872987,31.22940947037892,30.464074535055058,30.58540916442871,743300,0.0,0.0
2013-12-09 00:00:00-05:00,31.024079676504364,31.621413944096467,30.893409690124646,31.565412521362305,1228100,0.0,0.0
2013-12-10 00:00:00-05:00,31.574747190506933,31.85474717734809,30.90274437377375,30.921411514282227,1047900,0.0,0.0
2013-12-11 00:00:00-05:00,30.89340783515123,30.97740818401219,29.717406511490598,29.801406860351562,1096700,0.0,0.0
2013-12-12 00:00:00-05:00,29.764075171075444,30.184076951932138,29.6987419563192,30.081409454345703,701100,0.0,0.0
2013-12-13 00:00:00-05:00,30.072075277622645,30.604076304362575,30.01607385782106,30.58540916442871,893100,0.0,0.0
2013-12-16 00:00:00-05:00,30.902748029557614,31.014747325464953,30.594745515320653,30.88408088684082,677000,0.0,0.0
2013-12-17 00:00:00-05:00,30.83740645091901,30.89340430349621,30.492069744861464,30.60407257080078,818400,0.0,0.0
2013-12-18 00:00:00-05:00,30.604079241093203,31.101476491497895,30.331916995381036,30.895008087158203,868800,0.18,0.0
2013-12-19 00:00:00-05:00,30.876240056811955,32.09627308585546,30.7542356798939,31.702106475830078,1411600,0.0,0.0
2013-12-20 00:00:00-05:00,31.692722802840546,31.842880657261393,31.007627368292585,31.063934326171875,1373900,0.0,0.0
2013-12-23 00:00:00-05:00,31.401790027525355,32.0681152749965,31.298555832556044,31.974267959594727,775100,0.0,0.0
2013-12-24 00:00:00-05:00,31.98365984582402,32.65936849859126,31.917962418703908,32.52798080444336,395200,0.0,0.0
2013-12-26 00:00:00-05:00,32.54674823019139,33.04414548164152,32.38720348649015,32.87521743774414,674900,0.0,0.0
2013-12-27 00:00:00-05:00,32.87521869076859,33.61662473612701,32.87521869076859,33.447696685791016,784700,0.0,0.0
2013-12-30 00:00:00-05:00,33.522772648375074,33.682313795447904,33.10045258252717,33.288150787353516,769200,0.0,0.0
2013-12-31 00:00:00-05:00,33.2787677848135,33.635394057523285,33.17553358113073,33.43831253051758,588300,0.0,0.0
2014-01-02 00:00:00-05:00,33.28815336718906,33.35384720696274,32.84706308866943,33.091068267822266,730200,0.0,0.0
2014-01-03 00:00:00-05:00,33.1942998949176,33.34445774276958,33.01598856935759,33.288150787353516,701500,0.0,0.0
2014-01-06 00:00:00-05:00,33.38199974609874,33.38199974609874,32.65936394890746,33.04414367675781,1032200,0.0,0.0
2014-01-07 00:00:00-05:00,33.04413892275469,33.372611645155196,32.91275126581255,32.997215270996094,675200,0.0,0.0
2014-01-08 00:00:00-05:00,32.98783871341852,33.35384828398944,32.8470641493316,33.32569122314453,869100,0.0,0.0
2014-01-09 00:00:00-05:00,33.316306212366946,33.457080769226216,32.790751924144146,33.306922912597656,862200,0.0,0.0
2014-01-10 00:00:00-05:00,32.612438524915966,33.128605900668134,32.10565444833945,33.1004524230957,1760600,0.0,0.0
2014-01-13 00:00:00-05:00,33.006602307282655,33.42892238102753,32.67813312772861,32.84706115722656,1108300,0.0,0.0
2014-01-14 00:00:00-05:00,32.93152432147714,33.34445750511564,32.93152432147714,33.17552947998047,683300,0.0,0.0
2014-01-15 00:00:00-05:00,33.31630465912225,34.038940429221356,33.194300287535256,33.92632293701172,1088600,0.0,0.0
2014-01-16 00:00:00-05:00,34.048330364016316,34.44249703363498,33.88878918396449,33.95448303222656,687300,0.0,0.0
2014-01-17 00:00:00-05:00,33.85124500735798,34.30171859330573,33.80432134674702,34.06709671020508,772300,0.0,0.0
2014-01-21 00:00:00-05:00,33.58846866006368,33.59785195989271,32.02119266523444,32.0775032043457,3334400,0.0,0.0
2014-01-22 00:00:00-05:00,32.25581836147287,32.76260253335483,29.75944144596258,30.040987014770508,4324600,0.0,0.0
2014-01-23 00:00:00-05:00,30.406996029404237,31.082704586026214,29.712513713379654,30.98885726928711,3299600,0.0,0.0
2014-01-24 00:00:00-05:00,30.60407792920421,30.679155067534808,29.918980694203288,29.965906143188477,2368200,0.0,0.0
2014-01-27 00:00:00-05:00,30.13483414094795,30.313145476795057,29.393428158135894,29.94713592529297,1642000,0.0,0.0
2014-01-28 00:00:00-05:00,30.14421584003578,30.35068422429725,29.900210678673094,30.32253074645996,1583700,0.0,0.0
2014-01-29 00:00:00-05:00,29.872056997035543,30.679155028297146,29.69374387116559,29.94713592529297,1208700,0.0,0.0
2014-01-30 00:00:00-05:00,29.975294958073267,30.28499579977122,29.67497920733866,30.040987014770508,1268800,0.0,0.0
2014-01-31 00:00:00-05:00,29.496661205746882,29.890826011236566,29.459120848070352,29.506046295166016,1037900,0.0,0.0
2014-02-03 00:00:00-05:00,29.449734858729503,29.552969049162567,27.910616041479518,28.023235321044922,1999400,0.0,0.0
2014-02-04 00:00:00-05:00,28.145237260772134,28.76463880926353,27.920000496777323,28.501863479614258,1508400,0.0,0.0
2014-02-05 00:00:00-05:00,28.351709466538054,28.727105937626316,27.98569987625234,28.46432876586914,1115900,0.0,0.0
2014-02-06 00:00:00-05:00,28.586325951679985,29.036801273660846,28.492478641705723,28.896028518676758,903800,0.0,0.0
2014-02-07 00:00:00-05:00,29.18696119163769,29.374657614946393,28.792796375659737,29.252655029296875,877400,0.0,0.0
2014-02-10 00:00:00-05:00,29.233886787991505,29.421585013766308,29.093114013671876,29.327735900878906,855100,0.0,0.0
2014-02-11 00:00:00-05:00,29.365274681111796,29.98467628678995,29.365274681111796,29.890827178955078,776300,0.0,0.0
2014-02-12 00:00:00-05:00,29.94713389622121,30.172372455755266,29.66558838183773,29.77820587158203,901800,0.0,0.0
2014-02-13 00:00:00-05:00,29.534201610377263,29.956521710391932,29.036804370385422,29.412199020385742,1742200,0.0,0.0
2014-02-14 00:00:00-05:00,29.412194600588197,30.134830312011992,29.38403933481051,30.059749603271484,1083200,0.0,0.0
2014-02-18 00:00:00-05:00,30.08790823523559,30.08790823523559,29.111880450750952,29.45911979675293,1447600,0.0,0.0
2014-02-19 00:00:00-05:00,29.337117135458854,29.862669592524007,29.102495279087645,29.308961868286133,986200,0.0,0.0
2014-02-20 00:00:00-05:00,29.290193744258282,29.656205083080764,29.215114816555207,29.55297088623047,1028800,0.0,0.0
2014-02-21 00:00:00-05:00,29.693742791385052,29.918979567966836,29.308963074304987,29.656204223632812,1061400,0.0,0.0
2014-02-24 00:00:00-05:00,29.571739195149334,29.86266979784356,29.28080859245511,29.515430450439453,861500,0.0,0.0
2014-02-25 00:00:00-05:00,29.402809980076935,29.628046739816273,28.774023354546117,29.13064956665039,1864400,0.0,0.0
2014-02-26 00:00:00-05:00,29.177575287019312,29.6749742854392,28.91479815369928,29.430967330932617,979300,0.0,0.0
2014-02-27 00:00:00-05:00,29.43096759915936,29.984675349043187,29.262039568344253,29.956520080566406,811100,0.0,0.0
2014-02-28 00:00:00-05:00,29.937749863714213,30.01282878953454,29.684357817812067,29.825132369995117,896700,0.0,0.0
2014-03-03 00:00:00-05:00,29.487276974972612,29.78759268503869,29.21511474396096,29.402812957763672,703100,0.0,0.0
2014-03-04 00:00:00-05:00,29.750058474903284,30.669775919232006,29.73128829276847,30.585311889648438,1213200,0.0,0.0
2014-03-05 00:00:00-05:00,30.52899725302371,31.84288118605932,30.491460473829378,31.77718734741211,1722000,0.0,0.0
2014-03-06 00:00:00-05:00,31.936722155202656,32.753208696153024,31.936722155202656,32.199501037597656,1399300,0.0,0.0
2014-03-07 00:00:00-05:00,32.171349510958,32.23704334783207,31.261019094254962,31.880420684814453,1214800,0.0,0.0
2014-03-10 00:00:00-04:00,31.559628683944215,31.625672460513854,30.870883871778084,31.484148025512695,906200,0.18,0.0
2014-03-11 00:00:00-04:00,31.68228945792467,32.34272735919254,31.455851035263812,31.559635162353516,1149500,0.0,0.0
2014-03-12 00:00:00-04:00,31.436977034338035,32.07854828802789,31.436977034338035,31.946460723876953,1084200,0.0,0.0
2014-03-13 00:00:00-04:00,32.078550143915514,32.38990250524115,31.106759923625912,31.333194732666016,912000,0.0,0.0
2014-03-14 00:00:00-04:00,31.314325760399335,32.49368426657895,31.257718855537295,32.323856353759766,1424200,0.0,0.0
2014-03-17 00:00:00-04:00,32.550299502654745,33.39943919019691,32.550299502654745,33.116390228271484,1524400,0.0,0.0
2014-03-18 00:00:00-04:00,33.02203674796652,34.1164812505059,33.02203674796652,34.0410041809082,1485200,0.0,0.0
2014-03-19 00:00:00-04:00,33.92779232119818,34.40897271613502,33.701357452265725,34.003273010253906,1239400,0.0,0.0
2014-03-20 00:00:00-04:00,33.7579618210613,34.333489434745495,33.73909165022216,34.15422821044922,1098100,0.0,0.0
2014-03-21 00:00:00-04:00,34.56935693666007,35.36188601923052,34.342922112563734,35.18262481689453,1460300,0.0,0.0
2014-03-24 00:00:00-04:00,35.26753809668011,35.46566946372881,34.871271763466154,35.173187255859375,1034100,0.0,0.0
2014-03-25 00:00:00-04:00,35.409052427027426,35.899665911437914,35.35244553209431,35.578880310058594,1185600,0.0,0.0
2014-03-26 00:00:00-04:00,35.86193219782619,36.13554423753148,35.022229509662765,35.173187255859375,1419200,0.0,0.0
2014-03-27 00:00:00-04:00,35.10714267673647,35.56001590513413,35.041098889206594,35.286407470703125,899000,0.0,0.0
2014-03-28 00:00:00-04:00,35.427929537867655,35.7770186551575,35.14488421035923,35.37132263183594,998600,0.0,0.0
2014-03-31 00:00:00-04:00,35.61662285198023,35.729840247995604,35.30527051404281,35.55057907104492,1287500,0.0,0.0
2014-04-01 00:00:00-04:00,35.64492811743423,35.81475601966865,35.43736348068263,35.777015686035156,959500,0.0,0.0
2014-04-02 00:00:00-04:00,35.72984495598578,36.12611129292832,35.616627545052175,35.75815200805664,1699200,0.0,0.0
2014-04-03 00:00:00-04:00,35.93740991025267,36.24875866152331,35.63549444272878,35.83362579345703,1718500,0.0,0.0
2014-04-04 00:00:00-04:00,36.39028568846402,36.673331009421574,36.050629863668334,36.588417053222656,3002800,0.0,0.0
2014-04-07 00:00:00-04:00,36.437452377994724,36.852588795611375,35.70153396366097,35.824188232421875,2303600,0.0,0.0
2014-04-08 00:00:00-04:00,35.75815100045977,36.63559400848292,35.64492999359991,35.871368408203125,1605300,0.0,0.0
2014-04-09 00:00:00-04:00,36.03176372594646,37.682865815180556,36.02233044047657,37.17338562011719,2901500,0.0,0.0
2014-04-10 00:00:00-04:00,37.06015903815599,37.314900897017004,36.48463153470514,36.758243560791016,2105500,0.0,0.0
2014-04-11 00:00:00-04:00,36.45632934397713,37.18281461123016,36.33367505233272,36.909202575683594,2196400,0.0,0.0
2014-04-14 00:00:00-04:00,37.333778947906275,38.62635508326934,37.18282117734648,38.315006256103516,4023300,0.0,0.0
2014-04-15 00:00:00-04:00,38.107433107655616,38.40934861023692,37.65455985378367,38.36217498779297,2879800,0.0,0.0
2014-04-16 00:00:00-04:00,38.44708167740645,39.07921601667402,38.39990806388314,38.692386627197266,2128400,0.0,0.0
2014-04-17 00:00:00-04:00,38.616914922241484,39.12639865684617,38.25838893132154,38.90939712524414,1807300,0.0,0.0
2014-04-21 00:00:00-04:00,38.95657704949586,38.9754472203997,38.17348115301345,38.371612548828125,2430800,0.0,0.0
2014-04-22 00:00:00-04:00,38.14517315222572,38.39991503040614,37.333773895602896,37.57908248901367,4824000,0.0,0.0
2014-04-23 00:00:00-04:00,37.67343153401968,38.532004453765055,37.5885175705672,38.32443618774414,2901100,0.0,0.0
2014-04-24 00:00:00-04:00,38.39991190126513,38.59804325733231,38.16404021096143,38.30556106567383,1534500,0.0,0.0
2014-04-25 00:00:00-04:00,38.16404121366451,38.51313031673319,37.814952110595826,38.192344665527344,1193900,0.0,0.0
2014-04-28 00:00:00-04:00,38.1734744979133,38.324432239709196,37.61681715020658,38.192344665527344,1346400,0.0,0.0
2014-04-29 00:00:00-04:00,38.34330637487769,39.05092153760043,38.04139086004533,38.843353271484375,1432600,0.0,0.0
2014-04-30 00:00:00-04:00,38.720700575546886,38.94713540046121,38.42821836098952,38.87165832519531,1191800,0.0,0.0
2014-05-01 00:00:00-04:00,38.66409181940992,39.04148801016747,38.44709026941521,38.57917785644531,889800,0.0,0.0
2014-05-02 00:00:00-04:00,38.635784225550296,39.296225689061224,38.607477174850224,39.154701232910156,918200,0.0,0.0
2014-05-05 00:00:00-04:00,38.94713446193657,39.003744966359314,38.484827939392176,38.598045349121094,975200,0.0,0.0
2014-05-06 00:00:00-04:00,38.61691518597633,39.098091872533736,38.37160660136548,38.720699310302734,1093500,0.0,0.0
2014-05-07 00:00:00-04:00,38.74900522448824,39.10753124063438,38.456523000906294,38.956573486328125,1155900,0.0,0.0
2014-05-08 00:00:00-04:00,39.13583490381522,40.24914969743736,39.1264016187343,39.673622131347656,2518900,0.0,0.0
2014-05-09 00:00:00-04:00,39.46605212155034,39.46605212155034,38.77730363308484,39.25848388671875,1205400,0.0,0.0
2014-05-12 00:00:00-04:00,39.53209507889303,40.05101205600501,39.333960132007626,39.956661224365234,1448100,0.0,0.0
2014-05-13 00:00:00-04:00,39.95666356259563,40.041577516482405,39.579271011300506,39.607574462890625,817100,0.0,0.0
2014-05-14 00:00:00-04:00,39.48491736544383,39.73022592549663,39.39057013411039,39.494354248046875,602100,0.0,0.0
2014-05-15 00:00:00-04:00,39.24904885809865,39.24904885809865,37.92816951716364,38.192344665527344,2809700,0.0,0.0
2014-05-16 00:00:00-04:00,38.13572934974379,38.70182350937153,37.61681240275537,38.692386627197266,1362200,0.0,0.0
2014-05-19 00:00:00-04:00,38.50369553113901,39.183003543174586,38.44708503050425,39.13582992553711,907400,0.0,0.0
2014-05-20 00:00:00-04:00,38.96600483589285,39.06035567709577,38.211216101852415,38.34330368041992,1016200,0.0,0.0
2014-05-21 00:00:00-04:00,38.579175050948876,39.022615002974305,38.12630181444307,38.46595764160156,858900,0.0,0.0
2014-05-22 00:00:00-04:00,38.46595629959267,38.77730506421452,38.23951788968152,38.24895477294922,878300,0.0,0.0
2014-05-23 00:00:00-04:00,38.3244340452841,38.82448451282397,38.24895697038844,38.673526763916016,914500,0.0,0.0
2014-05-27 00:00:00-04:00,38.87165678954383,39.26791951704758,38.60747803875815,38.90939712524414,952300,0.0,0.0
2014-05-28 00:00:00-04:00,38.8905232466481,38.9188266961645,38.399909726705545,38.58860778808594,642900,0.0,0.0
2014-05-29 00:00:00-04:00,38.73013398586595,39.013179317484926,38.022518857260174,39.003746032714844,979500,0.0,0.0
2014-05-30 00:00:00-04:00,38.75843743232514,38.92826173620274,38.41878162633727,38.749000549316406,809100,0.0,0.0
2014-06-02 00:00:00-04:00,38.85278247733309,38.98487003907812,38.182907786131246,38.390472412109375,883600,0.0,0.0
2014-06-03 00:00:00-04:00,38.10617855555124,38.13461138892357,37.08268693187574,37.62286376953125,1610800,0.18,0.0
2014-06-04 00:00:00-04:00,37.53756573696893,38.40942868098642,37.40489125549744,38.00192642211914,1262400,0.0,0.0
2014-06-05 00:00:00-04:00,38.19146932634181,38.72217095601045,38.01141158784612,38.4662971496582,687600,0.0,0.0
2014-06-06 00:00:00-04:00,38.65582639445373,39.30024838893925,38.32413658296677,39.13914108276367,684000,0.0,0.0
2014-06-09 00:00:00-04:00,39.19600765156396,39.31920694521389,38.91170464823311,38.968563079833984,598200,0.0,0.0
2014-06-10 00:00:00-04:00,38.95908787960345,39.082287173253384,38.731643307873476,38.968563079833984,404600,0.0,0.0
2014-06-11 00:00:00-04:00,38.78850870333278,38.82641673774531,38.13461137770768,38.65583419799805,686300,0.0,0.0
2014-06-12 00:00:00-04:00,38.48524473415366,38.627394414962005,38.16303372983619,38.30518341064453,635800,0.0,0.0
2014-06-13 00:00:00-04:00,38.34309584989949,39.62246481502661,38.24832938512366,39.40449905395508,924600,0.0,0.0
2014-06-16 00:00:00-04:00,39.41397185895162,39.54664634761787,38.53263005268731,38.760074615478516,644900,0.0,0.0
2014-06-17 00:00:00-04:00,38.63687527274096,39.745658025140145,38.55158401370189,39.66984558105469,671000,0.0,0.0
2014-06-18 00:00:00-04:00,39.7646162712682,40.31427191358821,39.42345119880876,40.28583908081055,991000,0.0,0.0
2014-06-19 00:00:00-04:00,40.31426846418624,40.38060570980968,39.91624137533685,40.22897720336914,584900,0.0,0.0
2014-06-20 00:00:00-04:00,40.1531597628435,40.36165030770083,39.81199473129828,40.266883850097656,1100600,0.0,0.0
2014-06-23 00:00:00-04:00,40.427983694065176,41.0344976411225,40.01100625924034,40.08681869506836,1428000,0.0,0.0
2014-06-24 00:00:00-04:00,39.78356483475433,40.456416071479936,39.366587367299424,39.6508903503418,1310600,0.0,0.0
2014-06-25 00:00:00-04:00,39.51821280260651,40.77862392193121,39.451875565542494,40.69333267211914,1026100,0.0,0.0
2014-06-26 00:00:00-04:00,41.18613354652663,42.52236095654619,41.081888265266194,41.96323013305664,2544600,0.0,0.0
2014-06-27 00:00:00-04:00,41.697883861383936,42.28544393992741,41.37567279603251,42.24753952026367,1122000,0.0,0.0
2014-06-30 00:00:00-04:00,42.26648260573023,42.89195061077097,41.72630585660907,42.74032211303711,1333000,0.0,0.0
2014-07-01 00:00:00-04:00,43.166777018401596,43.61218729792497,42.958290100097656,42.958290100097656,1018800,0.0,0.0
2014-07-02 00:00:00-04:00,43.24259496462228,43.6311432206421,43.04357962169811,43.233116149902344,903500,0.0,0.0
2014-07-03 00:00:00-04:00,43.35631370773478,43.896490441770005,43.35631370773478,43.81119918823242,578300,0.0,0.0
2014-07-07 00:00:00-04:00,43.63114372911536,43.868063488354544,43.214162639184856,43.72591018676758,1041700,0.0,0.0
2014-07-08 00:00:00-04:00,43.61218467369914,43.839625591819434,43.2615444827839,43.40369415283203,1172500,0.0,0.0
2014-07-09 00:00:00-04:00,43.62166980683739,43.820685174402186,43.28050473685092,43.49847412109375,1062900,0.0,0.0
2014-07-10 00:00:00-04:00,43.15729920136317,43.5837554415166,42.787704998266264,43.10043716430664,1310500,0.0,0.0
2014-07-11 00:00:00-04:00,43.1478255993994,43.37527015999001,42.72137292284354,43.24259567260742,873900,0.0,0.0
2014-07-14 00:00:00-04:00,43.53637281643306,43.66905091573857,42.89195079452622,43.346839904785156,1518200,0.0,0.0
2014-07-15 00:00:00-04:00,43.48898801771689,43.6216624971217,42.66450831348099,42.958290100097656,1009400,0.0,0.0
2014-07-16 00:00:00-04:00,43.365792028481366,43.394224858446144,43.04358100471391,43.37527084350586,963100,0.0,0.0
2014-07-17 00:00:00-04:00,43.005672958420014,43.38474237988992,42.560262682706764,42.711891174316406,706500,0.0,0.0
2014-07-18 00:00:00-04:00,42.844565159648994,43.37526668173109,42.71189068290556,43.308929443359375,917200,0.0,0.0
2014-07-21 00:00:00-04:00,43.223637820172854,43.27102104501543,42.607645051894465,43.062530517578125,888200,0.0,0.0
2014-07-22 00:00:00-04:00,42.96776400892745,43.08148447141523,41.40409228551022,41.54624557495117,1736900,0.0,0.0
2014-07-23 00:00:00-04:00,41.46095569094431,41.55572214362309,39.52768968938626,39.68879699707031,3173300,0.0,0.0
2014-07-24 00:00:00-04:00,39.935194550634186,40.08682305388575,39.11071479014807,39.489784240722656,1392400,0.0,0.0
2014-07-25 00:00:00-04:00,39.3665875535729,39.6982737661737,39.09175976878448,39.47083282470703,792300,0.0,0.0
2014-07-28 00:00:00-04:00,39.33816264664489,39.575082450531255,38.674790087850496,38.807464599609375,1293200,0.0,0.0
2014-07-29 00:00:00-04:00,38.85484056055075,39.24338882155191,37.907161522488536,38.08721923828125,2151000,0.0,0.0
2014-07-30 00:00:00-04:00,38.37152209958032,38.37152209958032,36.713083944711656,36.817325592041016,2266100,0.0,0.0
2014-07-31 00:00:00-04:00,36.51406963867506,36.95000471332936,35.66116073283848,35.68011474609375,2036100,0.0,0.0
2014-08-01 00:00:00-04:00,35.632727383523324,36.28662817837353,35.528485734808676,35.7938346862793,1996500,0.0,0.0
2014-08-04 00:00:00-04:00,36.06866656735157,36.86471712770386,35.69906869477726,36.76994705200195,1902500,0.0,0.0
2014-08-05 00:00:00-04:00,36.4003517792575,36.81732925538931,35.632730455471915,36.5709342956543,1712400,0.0,0.0
2014-08-06 00:00:00-04:00,36.46668798177664,37.14901802788435,36.04971051754888,36.97843551635742,1651800,0.0,0.0
2014-08-07 00:00:00-04:00,36.97843552279749,37.17744724791072,36.44773397405367,36.67517852783203,1325400,0.0,0.0
2014-08-08 00:00:00-04:00,36.997389346333115,38.26727936187669,36.80785282167869,38.24832534790039,1942800,0.0,0.0
2014-08-11 00:00:00-04:00,38.38100575959671,38.64635476603803,38.163039987861474,38.21990203857422,981500,0.0,0.0
2014-08-12 00:00:00-04:00,38.20094488501967,38.731642854327106,37.878733854322114,38.17251205444336,1138200,0.0,0.0
2014-08-13 00:00:00-04:00,38.24832706052982,38.854841074494786,38.09669855703858,38.760074615478516,816400,0.0,0.0
2014-08-14 00:00:00-04:00,38.779021722428205,39.46135173775579,38.7695465233746,39.376060485839844,916800,0.0,0.0
2014-08-15 00:00:00-04:00,39.51821657601396,39.53717059057184,38.94960698460357,39.17705154418945,1050000,0.0,0.0
2014-08-18 00:00:00-04:00,39.3103079879705,39.710075727378424,39.2246437317344,39.6815185546875,571900,0.18,0.0
2014-08-19 00:00:00-04:00,39.71958369181793,39.96705976954003,39.51970168121607,39.671993255615234,448200,0.0,0.0
2014-08-20 00:00:00-04:00,39.59584565295688,39.881395532008156,39.47211124501337,39.671993255615234,554000,0.0,0.0
2014-08-21 00:00:00-04:00,39.614882512723824,40.128867937384435,39.17704469064295,40.06224060058594,959100,0.0,0.0
2014-08-22 00:00:00-04:00,39.98610034776383,39.99562061529496,39.28175304902441,39.767181396484375,564200,0.0,0.0
2014-08-25 00:00:00-04:00,39.976585006771316,40.081286167497886,39.71007560195337,40.0717658996582,375400,0.0,0.0
2014-08-26 00:00:00-04:00,40.18598381893043,41.18539763064092,40.10031957044564,40.98551559448242,723200,0.0,0.0
2014-08-27 00:00:00-04:00,41.04262577629091,41.194917381677364,40.30972129070665,40.490570068359375,513000,0.0,0.0
2014-08-28 00:00:00-04:00,40.119359825351246,40.23357762256738,39.92899440937881,40.0051383972168,578300,0.0,0.0
2014-08-29 00:00:00-04:00,40.024171800179154,40.1764633934494,39.58633392339193,40.138389587402344,547300,0.0,0.0
2014-09-02 00:00:00-04:00,40.11935431833883,40.290682806104655,39.43404036727551,39.72910690307617,609900,0.0,0.0
2014-09-03 00:00:00-04:00,40.1383964874752,40.2811714692367,39.63393117884348,39.805259704589844,707700,0.0,0.0
2014-09-04 00:00:00-04:00,39.90043816789274,40.871298544179,39.8338108153855,40.338279724121094,703400,0.0,0.0
2014-09-05 00:00:00-04:00,40.27164287676268,40.27164287676268,39.54825517592533,40.06224060058594,809600,0.0,0.0
2014-09-08 00:00:00-04:00,39.900438365688565,40.50960844021773,39.61489204911082,40.24309539794922,1000400,0.0,0.0
2014-09-09 00:00:00-04:00,40.071760968914035,40.11935504041946,39.51018505577813,39.605369567871094,809600,0.0,0.0
2014-09-10 00:00:00-04:00,39.59585507939033,39.967069284347026,39.18657069495879,39.94803237915039,724700,0.0,0.0
2014-09-11 00:00:00-04:00,39.62440999155751,40.6618976646021,39.538745738520134,40.61430358886719,839600,0.0,0.0
2014-09-12 00:00:00-04:00,40.490564831525525,40.51911836918056,39.51018434466154,39.72910690307617,1137700,0.0,0.0
2014-09-15 00:00:00-04:00,39.68151923779793,40.014659631525866,39.42452646466554,39.7195930480957,693600,0.0,0.0
2014-09-16 00:00:00-04:00,39.46259500886921,40.44297552315866,39.29126651631058,40.195499420166016,716500,0.0,0.0
2014-09-17 00:00:00-04:00,40.566708668129465,40.9950298860576,40.12887081465528,40.50960159301758,838100,0.0,0.0
2014-09-18 00:00:00-04:00,40.51912130018631,40.73804024351894,39.691035970029326,40.01465606689453,815000,0.0,0.0
2014-09-19 00:00:00-04:00,40.3002006993244,41.17587643663875,40.24308999131428,40.4239387512207,1648300,0.0,0.0
2014-09-22 00:00:00-04:00,40.081281073959275,40.081281073959275,38.96764588792843,39.53874206542969,992900,0.0,0.0
2014-09-23 00:00:00-04:00,39.57681658760472,40.100318703283094,39.21512269838853,39.41500473022461,817800,0.0,0.0
2014-09-24 00:00:00-04:00,39.61487928612716,39.67198998341035,38.65353948282225,38.86294174194336,1142500,0.0,0.0
2014-09-25 00:00:00-04:00,38.56788451367842,38.68210230475472,36.50242585242255,36.987857818603516,2338900,0.0,0.0
2014-09-26 00:00:00-04:00,36.93074844381896,37.37810661885459,36.721349757755725,37.13063049316406,1267900,0.0,0.0
2014-09-29 00:00:00-04:00,36.530984230392725,36.921231691139106,36.254954564496494,36.378692626953125,1143200,0.0,0.0
2014-09-30 00:00:00-04:00,36.45483370875073,36.48339087837671,34.96999160124585,35.312644958496094,2121700,0.0,0.0
2014-10-01 00:00:00-04:00,35.12229500057687,35.207959276419025,33.932515408835364,34.237098693847656,2082000,0.0,0.0
2014-10-02 00:00:00-04:00,34.15142017209015,34.2846748498323,32.82838639891065,33.399478912353516,1901300,0.0,0.0
2014-10-03 00:00:00-04:00,33.428031621952805,33.89442661343235,33.03778423353831,33.066341400146484,1945400,0.0,0.0
2014-10-06 00:00:00-04:00,33.32333137795199,33.70406214166502,32.790312665854934,32.84741973876953,1395200,0.0,0.0
2014-10-07 00:00:00-04:00,31.89560311520148,32.65706480150125,31.581503255883476,31.600540161132812,2585200,0.0,0.0
2014-10-08 00:00:00-04:00,31.591015781765314,32.20018577771088,30.54401154573884,32.152591705322266,1615400,0.0,0.0
2014-10-09 00:00:00-04:00,32.00982039207195,32.06692746948949,31.181731460338213,31.305469512939453,1740800,0.0,0.0
2014-10-10 00:00:00-04:00,31.181733047653516,31.533910320606424,30.210874557495117,30.210874557495117,991100,0.0,0.0
2014-10-13 00:00:00-04:00,30.401236255522125,31.334020824398554,29.887250809791155,29.934843063354492,1340800,0.0,0.0
2014-10-14 00:00:00-04:00,30.087138677637085,31.21980723241927,29.801590564350022,30.458349227905273,1421000,0.0,0.0
2014-10-15 00:00:00-04:00,29.87773751973282,30.762933618859744,29.173388384465806,30.582088470458984,1795500,0.0,0.0
2014-10-16 00:00:00-04:00,29.801590240253457,31.591017439130617,29.64929864100685,31.057998657226562,1040400,0.0,0.0
2014-10-17 00:00:00-04:00,31.419687110858092,32.3715104585849,31.219805079255764,31.400653839111328,1640600,0.0,0.0
2014-10-20 00:00:00-04:00,31.24836600448549,31.55294922189281,30.781970910438954,31.514875411987305,1352900,0.0,0.0
2014-10-21 00:00:00-04:00,32.00982204272032,32.42862303268964,31.153179528103387,31.743309020996094,2108400,0.0,0.0
2014-10-22 00:00:00-04:00,31.676680703687076,31.695717606864534,30.705820427144808,30.724857330322266,2741400,0.0,0.0
2014-10-23 00:00:00-04:00,31.038960220908972,31.3720969431504,30.658229426131953,30.91522216796875,1334900,0.0,0.0
2014-10-24 00:00:00-04:00,30.915223253767472,31.476799198782267,30.772451923900164,31.429208755493164,867600,0.0,0.0
2014-10-27 00:00:00-04:00,31.000888236860995,31.04847868127505,29.706407815656952,30.001474380493164,1383800,0.0,0.0
2014-10-28 00:00:00-04:00,30.248947760297128,31.61957393991873,29.963399656168985,31.59101676940918,1559600,0.0,0.0
2014-10-29 00:00:00-04:00,31.819455692906388,31.98126392369462,29.611225755032702,29.877735137939453,2532300,0.0,0.0
2014-10-30 00:00:00-04:00,29.630260874000115,30.28701951127928,29.516043085622268,30.106172561645508,2006800,0.0,0.0
2014-10-31 00:00:00-04:00,30.582090285802963,31.305474553264194,30.077623173705188,31.26740074157715,1386300,0.0,0.0
2014-11-03 00:00:00-05:00,31.210290595889546,31.343545292814724,30.153766026099674,30.458349227905273,978700,0.0,0.0
2014-11-04 00:00:00-05:00,30.35365150347339,30.35365150347339,29.087726293173006,29.411346435546875,1248100,0.0,0.0
2014-11-05 00:00:00-05:00,29.544601177409426,29.668337428857985,28.897360931778984,29.02109718322754,1457700,0.0,0.0
2014-11-06 00:00:00-05:00,29.163867789845092,29.839663333859708,29.07820354038607,29.83014488220215,1072700,0.0,0.0
2014-11-07 00:00:00-05:00,29.868217407249098,31.143662720274655,29.73496271257945,31.105588912963867,1745100,0.0,0.0
2014-11-10 00:00:00-05:00,31.096069307124434,31.30547162086987,29.944363843360904,30.296539306640625,1243400,0.0,0.0
2014-11-11 00:00:00-05:00,30.18231817266814,30.667750124382888,30.04906348189719,30.54401206970215,660300,0.0,0.0
2014-11-12 00:00:00-05:00,30.39171921409475,30.97233202627897,30.344126958324527,30.81052017211914,743600,0.0,0.0
2014-11-13 00:00:00-05:00,30.896185793226607,31.048477387556847,29.972917775667156,30.153764724731445,972600,0.0,0.0
2014-11-14 00:00:00-05:00,30.049067814939903,31.324511459107715,29.91581310495377,31.26740074157715,925800,0.0,0.0
2014-11-17 00:00:00-05:00,31.029441233309566,31.46728275462976,30.677267593718156,31.33402442932129,913800,0.0,0.0
2014-11-18 00:00:00-05:00,31.153179666005787,31.61005446551784,31.077035681546185,31.23884391784668,623900,0.0,0.0
2014-11-19 00:00:00-05:00,30.953297501947368,31.2198068928994,30.61064049591297,31.057998657226562,849600,0.0,0.0
2014-11-20 00:00:00-05:00,30.686784896210547,31.87656402534387,30.629674190881758,31.828969955444336,606800,0.0,0.0
2014-11-21 00:00:00-05:00,32.599953720251506,33.865880673251,32.36199785368033,33.68503189086914,2059000,0.0,0.0
2014-11-24 00:00:00-05:00,33.561293219927165,33.69455155278154,33.12345530473201,33.418521881103516,946800,0.0,0.0
2014-11-25 00:00:00-05:00,33.47562888653573,33.780215730005885,33.25670992944648,33.64695739746094,733800,0.0,0.0
2014-11-26 00:00:00-05:00,33.77069607925737,33.8468436992458,33.256710537090555,33.38996887207031,877300,0.0,0.0
2014-11-28 00:00:00-05:00,33.0758550996979,33.0758550996979,31.971740369664094,32.06692123413086,742200,0.0,0.0
2014-12-01 00:00:00-05:00,31.92415492658514,32.05740961003075,30.886667365721426,31.229324340820312,925800,0.0,0.0
2014-12-02 00:00:00-05:00,31.438726383397064,31.686202505775004,30.915224228868926,30.98185157775879,742500,0.0,0.0
2014-12-03 00:00:00-05:00,31.12462295095781,32.837904182101276,30.89618375904372,32.628501892089844,1045200,0.0,0.0
2014-12-04 00:00:00-05:00,32.43814129293388,33.161525436470576,32.361993682604805,32.866458892822266,954700,0.0,0.0
2014-12-05 00:00:00-05:00,32.79983301747939,33.04730913120889,32.438142744979466,32.55236053466797,882600,0.0,0.0
2014-12-08 00:00:00-05:00,32.39055201995817,32.69513524456529,31.63861422660097,31.848012924194336,901100,0.0,0.0
2014-12-09 00:00:00-05:00,31.400655705345944,32.86646098846479,31.219806934742,32.818870544433594,860200,0.0,0.0
2014-12-10 00:00:00-05:00,32.50477052283389,32.571397870279405,31.419688798182378,31.562463760375977,792500,0.0,0.0
2014-12-11 00:00:00-05:00,31.34354099222563,31.410168331546405,30.458345048772273,30.553525924682617,894500,0.0,0.0
2014-12-12 00:00:00-05:00,30.12279581690943,30.12279581690943,29.194321336570933,29.223037719726562,1140200,0.18,0.0
2014-12-15 00:00:00-05:00,29.357042473818435,29.567623796618978,28.734868806987954,28.754013061523438,1628300,0.0,0.0
2014-12-16 00:00:00-05:00,29.23261133668785,30.218516807867452,28.91673658297387,29.002883911132812,1656500,0.0,0.0
2014-12-17 00:00:00-05:00,29.242181599093005,30.63967945273835,29.098603327590602,30.51524543762207,1917800,0.0,0.0
2014-12-18 00:00:00-05:00,31.051269334414325,31.31928525082957,29.873925046990685,30.314233779907227,1486800,0.0,0.0
2014-12-19 00:00:00-05:00,30.66839323760902,32.00845812872653,30.505670733201114,31.931884765625,2120000,0.0,0.0
2014-12-22 00:00:00-05:00,31.83616834485671,32.59235004685747,31.616014871754004,32.4200553894043,1175600,0.0,0.0
2014-12-23 00:00:00-05:00,32.55406004817206,33.654831014845364,32.5349194439006,33.22409439086914,765000,0.0,0.0
2014-12-24 00:00:00-05:00,33.224091895522065,33.61653997869311,32.89864687644902,33.281524658203125,372000,0.0,0.0
2014-12-26 00:00:00-05:00,33.57825930794934,33.83669764375164,33.18580752445684,33.50168228149414,462100,0.0,0.0
2014-12-29 00:00:00-05:00,33.51124495034643,34.10470581600488,33.38681278779239,33.67396926879883,624600,0.0,0.0
2014-12-30 00:00:00-05:00,33.55911201807074,33.92284190667616,33.41553193214164,33.42510223388672,624900,0.0,0.0
2014-12-31 00:00:00-05:00,33.57825512163221,33.894126187895175,33.10923002155309,33.281524658203125,511400,0.0,0.0
2015-01-02 00:00:00-05:00,33.358100195635814,33.597397911964315,32.64020704665031,32.91779327392578,729500,0.0,0.0
2015-01-05 00:00:00-05:00,32.295619137783405,32.36262220154575,30.390807842758186,31.012983322143555,1210400,0.0,0.0
2015-01-06 00:00:00-05:00,30.93640834492341,31.1948503156401,29.94093079853951,30.237659454345703,1193500,0.0,0.0
2015-01-07 00:00:00-05:00,30.601390891445025,31.099132398515703,30.26637555369008,30.7736873626709,1054100,0.0,0.0
2015-01-08 00:00:00-05:00,31.223564551225614,31.415003451790092,30.524815667849605,30.945981979370117,1081600,0.0,0.0
2015-01-09 00:00:00-05:00,30.99384022127719,31.146990608631647,29.979216622933112,30.314233779907227,934900,0.0,0.0
2015-01-12 00:00:00-05:00,29.873923340383868,29.998359164061117,28.533856614737992,29.280466079711914,1275200,0.0,0.0
2015-01-13 00:00:00-05:00,29.510191971390817,29.586767161533682,28.677435181102688,28.83058738708496,1233700,0.0,0.0
2015-01-14 00:00:00-05:00,28.17969937214949,28.24670244010143,26.236601273059776,27.299083709716797,2975700,0.0,0.0
2015-01-15 00:00:00-05:00,27.71067468036822,27.930828128505727,26.59076135961653,26.743911743164062,1445600,0.0,0.0
2015-01-16 00:00:00-05:00,26.495041892591246,26.97363729722419,25.959015550597393,26.91620635986328,2697100,0.0,0.0
2015-01-20 00:00:00-05:00,27.58624031349993,28.0935521269261,26.31317654178584,26.86834716796875,1598100,0.0,0.0
2015-01-21 00:00:00-05:00,26.868345399515576,27.480946925824963,26.56204463636088,27.366085052490234,1720100,0.0,0.0
2015-01-22 00:00:00-05:00,27.547953750930134,27.720246573038533,26.983210994545324,27.279939651489258,1198200,0.0,0.0
2015-01-23 00:00:00-05:00,26.992780563878494,27.021495118659956,25.978157028681405,26.15045166015625,1281600,0.0,0.0
2015-01-26 00:00:00-05:00,26.150454819761674,27.088501453689467,26.08345174958065,27.050214767456055,948100,0.0,0.0
2015-01-27 00:00:00-05:00,26.41846710976345,27.03106865295211,26.12173846549352,26.705623626708984,1293100,0.0,0.0
2015-01-28 00:00:00-05:00,27.10764385794181,27.16507479621721,26.418467121547167,26.619476318359375,1669500,0.0,0.0
2015-01-29 00:00:00-05:00,26.753483582975957,26.935348520424785,26.341891246976854,26.849201202392578,1493300,0.0,0.0
2015-01-30 00:00:00-05:00,26.533328905509116,27.691530748483885,26.485470094729386,27.30865478515625,1454900,0.0,0.0
2015-02-02 00:00:00-05:00,27.634099085878336,28.103122356869576,27.337368624594784,27.79682159423828,981500,0.0,0.0
2015-02-03 00:00:00-05:00,28.150981835346045,29.596340190842987,28.103123024683843,29.51019287109375,1434100,0.0,0.0
2015-02-04 00:00:00-05:00,29.01245223188933,29.424044562256345,28.715723599225697,28.916732788085938,976300,0.0,0.0
2015-02-05 00:00:00-05:00,29.01245208611948,30.878973015273104,29.01245208611948,30.79282569885254,1333300,0.0,0.0
2015-02-06 00:00:00-05:00,30.476954639572515,31.5872958004414,30.409951576955752,30.79282569885254,1373800,0.0,0.0
2015-02-09 00:00:00-05:00,30.97469483305197,31.654299423858184,30.78325594301544,30.840688705444336,1001300,0.0,0.0
2015-02-10 00:00:00-05:00,30.639677155847867,30.869404563866425,29.79735002066749,30.467384338378906,818700,0.0,0.0
2015-02-11 00:00:00-05:00,30.170654852918915,30.505672002485998,29.768634638577737,30.37166404724121,767000,0.0,0.0
2015-02-12 00:00:00-05:00,30.926840555440005,32.04675220146798,30.859837481817493,31.864887237548828,1066400,0.0,0.0
2015-02-13 00:00:00-05:00,32.27647439024528,32.802928590927216,32.123324010930666,32.23818588256836,1215100,0.0,0.0
2015-02-17 00:00:00-05:00,32.08503169271547,32.15203474749601,31.367138690301644,31.635150909423828,785600,0.0,0.0
2015-02-18 00:00:00-05:00,31.348001199757842,32.04675010131043,31.127847736369503,31.797882080078125,573700,0.0,0.0
2015-02-19 00:00:00-05:00,31.395857426012732,31.6255848240132,30.754541344391328,31.510719299316406,767100,0.0,0.0
2015-02-20 00:00:00-05:00,31.55858258150073,32.51577340385605,31.415002497590148,32.38176727294922,774900,0.0,0.0
2015-02-23 00:00:00-05:00,31.912742198305942,32.458340675534096,31.625585681563738,32.12332534790039,667800,0.0,0.0
2015-02-24 00:00:00-05:00,32.29561767075958,32.86993066303251,32.24775521190938,32.7454948425293,660300,0.0,0.0
2015-02-25 00:00:00-05:00,32.55405829731709,32.735926890655286,32.07546288561568,32.12332534790039,577400,0.0,0.0
2015-02-26 00:00:00-05:00,32.34347440347777,32.582772076806734,31.90316756088672,32.24775314331055,564100,0.0,0.0
2015-02-27 00:00:00-05:00,32.26689872334916,32.64977647699065,31.989312534528715,32.21903991699219,722700,0.0,0.0
2015-03-02 00:00:00-05:00,32.21904201092998,32.4487694083236,31.778735121601425,32.28604507446289,733900,0.0,0.0
2015-03-03 00:00:00-05:00,32.16160871111219,32.21904147234881,31.673443020476576,31.82659339904785,574400,0.0,0.0
2015-03-04 00:00:00-05:00,31.434144966929445,31.577725042685525,30.926835028339184,31.520292282104492,653400,0.0,0.0
2015-03-05 00:00:00-05:00,31.367145023671146,31.367145023671146,30.6683961317371,30.99384117126465,826600,0.0,0.0
2015-03-06 00:00:00-05:00,30.59181750693807,31.21399299594112,29.98878809805866,30.2855167388916,981900,0.0,0.0
2015-03-09 00:00:00-04:00,30.776482578343785,31.84504604039077,30.757230621770127,31.719898223876953,2019400,0.18,0.0
2015-03-10 00:00:00-04:00,31.123042288682253,31.305947793134628,30.247013167366557,30.352907180786133,1172000,0.0,0.0
2015-03-11 00:00:00-04:00,29.476877963420606,30.49730494064132,29.476877963420606,30.247011184692383,825600,0.0,0.0
2015-03-12 00:00:00-04:00,30.728346215549212,30.901624820607378,30.247012472721778,30.401039123535156,693400,0.0,0.0
2015-03-13 00:00:00-04:00,30.073730360646046,30.08335725530483,28.36018167037261,28.648983001708984,1688500,0.0,0.0
2015-03-16 00:00:00-04:00,28.803011363805894,28.803011363805894,27.830716978921206,28.58159828186035,836300,0.0,0.0
2015-03-17 00:00:00-04:00,28.58159811930602,28.66823833977326,27.926983936283523,28.263917922973633,869600,0.0,0.0
2015-03-18 00:00:00-04:00,27.926982478993075,29.53463716712183,27.917355584316567,29.361356735229492,820100,0.0,0.0
2015-03-19 00:00:00-04:00,28.96666514780693,28.96666514780693,28.177278093608653,28.398691177368164,737300,0.0,0.0
2015-03-20 00:00:00-04:00,28.591223373302768,28.774128862774536,28.39868915306233,28.437196731567383,1438800,0.0,0.0
2015-03-23 00:00:00-04:00,28.91853062678332,30.478050843137595,28.87039615335114,30.324024200439453,1317600,0.0,0.0
2015-03-24 00:00:00-04:00,30.304771502861524,30.583945950398775,29.938958672309845,30.41066551208496,861700,0.0,0.0
2015-03-25 00:00:00-04:00,30.718719135715464,30.978639795954184,29.361358135992145,29.37098503112793,1199500,0.0,0.0
2015-03-26 00:00:00-04:00,29.39986421742828,29.736796349288028,28.78375581315101,29.14957046508789,921900,0.0,0.0
2015-03-27 00:00:00-04:00,28.928155581211392,29.39023734378514,28.677863664834558,28.899276733398438,1026200,0.0,0.0
2015-03-30 00:00:00-04:00,28.97629030377125,29.775304205319923,28.97629030377125,29.67903709411621,752700,0.0,0.0
2015-03-31 00:00:00-04:00,29.130321053408018,29.188080593814973,28.466079912228615,28.8896541595459,1168000,0.0,0.0
2015-04-01 00:00:00-04:00,28.62010242280939,28.918530649900205,28.292795347778593,28.50458335876465,736700,0.0,0.0
2015-04-02 00:00:00-04:00,28.1965302137127,29.630904479726677,27.965488412186385,29.428743362426758,1571100,0.0,0.0
2015-04-06 00:00:00-04:00,29.621279195951196,30.37215866525014,29.23621256603603,30.112239837646484,1179200,0.0,0.0
2015-04-07 00:00:00-04:00,30.324028193913243,30.497308648804147,29.852321309011714,29.92933464050293,1096200,0.0,0.0
2015-04-08 00:00:00-04:00,30.256638932721128,30.574319124972202,28.899277944362666,28.947410583496094,1253600,0.0,0.0
2015-04-09 00:00:00-04:00,28.687494395093523,29.14957624902459,28.59122910182804,29.00517463684082,854800,0.0,0.0
2015-04-10 00:00:00-04:00,28.985918748337838,29.34210469185112,28.91853231773492,29.043678283691406,624300,0.0,0.0
2015-04-13 00:00:00-04:00,29.043680437564802,29.12069376912836,28.6201061958939,28.86077308654785,815600,0.0,0.0
2015-04-14 00:00:00-04:00,29.216956582001025,29.65978271412205,29.024422363426954,29.5827693939209,1462800,0.0,0.0
2015-04-15 00:00:00-04:00,29.746424395655747,30.237385024700643,29.698291756710013,30.05447769165039,1413100,0.0,0.0
2015-04-16 00:00:00-04:00,30.054477459924776,30.22775789662136,29.236211587301412,29.274717330932617,659000,0.0,0.0
2015-04-17 00:00:00-04:00,28.88965147084574,29.04367812169114,28.514211738927894,28.725997924804688,964700,0.0,0.0
2015-04-20 00:00:00-04:00,28.831891100810196,29.486503429873572,28.831891100810196,29.1688232421875,1124400,0.0,0.0
2015-04-21 00:00:00-04:00,30.660956469037387,33.42381266193817,30.420289623654273,33.35642623901367,3336500,0.0,0.0
2015-04-22 00:00:00-04:00,33.21202791036697,33.298668130068016,32.54778867418222,33.00986862182617,1853000,0.0,0.0
2015-04-23 00:00:00-04:00,33.06762768027272,33.57784396051451,32.7788281601517,33.26979064941406,1158900,0.0,0.0
2015-04-24 00:00:00-04:00,33.66448155076806,33.770375556729974,33.14464025183765,33.31792068481445,935600,0.0,0.0
2015-04-27 00:00:00-04:00,33.57784241789584,33.63560011589548,32.74031907405132,32.79808044433594,1072300,0.0,0.0
2015-04-28 00:00:00-04:00,32.97136001656115,33.54895901509061,32.80770831348226,33.38530731201172,1021600,0.0,0.0
2015-04-29 00:00:00-04:00,33.048376003881955,33.21202771106579,32.54778847886706,32.942481994628906,893100,0.0,0.0
2015-04-30 00:00:00-04:00,32.59592153501111,33.21202813605641,32.441894884749786,32.7210693359375,813600,0.0,0.0
2015-05-01 00:00:00-04:00,33.067628352194994,33.32754902727095,32.46115044930297,32.97136306762695,753600,0.0,0.0
2015-05-04 00:00:00-04:00,33.04837182840134,33.68373213136039,32.942477832527416,33.375675201416016,800300,0.0,0.0
2015-05-05 00:00:00-04:00,33.539329339582984,34.59826191521461,33.39492777368577,33.972530364990234,1378400,0.0,0.0
2015-05-06 00:00:00-04:00,34.25170921904369,34.63677399101115,33.91477341225172,34.1746940612793,1262400,0.0,0.0
2015-05-07 00:00:00-04:00,33.866642462346164,33.8762675214039,33.16389563801039,33.50082778930664,718600,0.0,0.0
2015-05-08 00:00:00-04:00,34.059176596134314,34.4538701174972,33.799255934902405,34.357601165771484,798900,0.0,0.0
2015-05-11 00:00:00-04:00,34.4731198784515,35.58018515176026,34.251706823789746,35.1469841003418,1424600,0.0,0.0
2015-05-12 00:00:00-04:00,35.09884879252816,35.281757929351734,34.44423473631437,34.48274230957031,685200,0.0,0.0
2015-05-13 00:00:00-04:00,35.02184532756912,35.58019057833299,34.8100572985112,35.26251220703125,934400,0.0,0.0
2015-05-14 00:00:00-04:00,35.618697842674145,36.33107341533308,35.291390742633844,36.05189895629883,872800,0.0,0.0
2015-05-15 00:00:00-04:00,35.96526241074508,36.350327250448515,35.6475803375114,35.84011459350586,1367500,0.0,0.0
2015-05-18 00:00:00-04:00,35.63794988440195,35.87861674990525,35.34915038025498,35.657203674316406,585000,0.0,0.0
2015-05-19 00:00:00-04:00,35.64757133216468,35.676453850253075,34.04954365399231,34.367225646972656,1069100,0.0,0.0
2015-05-20 00:00:00-04:00,34.51162578295059,34.54050830290916,33.674106149848015,34.3961067199707,749700,0.0,0.0
2015-05-21 00:00:00-04:00,34.19395063010648,34.39610992724286,32.67293419119049,33.125389099121094,1322900,0.0,0.0
2015-05-22 00:00:00-04:00,33.125382828493855,33.4737660652997,32.63184237074914,33.21247863769531,668300,0.18,0.0
2015-05-26 00:00:00-04:00,33.10603026580186,33.20280544524852,31.88669253753893,32.0028190612793,773100,0.0,0.0
2015-05-27 00:00:00-04:00,31.93508105635184,32.55442749224392,31.731858699248992,32.48668670654297,743000,0.0,0.0
2015-05-28 00:00:00-04:00,32.26410663340001,32.718940749572525,31.36411776483497,31.95443344116211,988700,0.0,0.0
2015-05-29 00:00:00-04:00,31.064120497426483,31.57701972566339,30.754449148467838,31.451213836669922,1622400,0.0,0.0
2015-06-01 00:00:00-04:00,31.480244681146242,31.722177096320365,30.899608361366624,31.044769287109375,919600,0.0,0.0
2015-06-02 00:00:00-04:00,31.112512084925612,32.32217423921361,31.112512084925612,31.867340087890625,939700,0.0,0.0
2015-06-03 00:00:00-04:00,31.847982827488277,32.87377759170007,31.82862779137911,32.215721130371094,782400,0.0,0.0
2015-06-04 00:00:00-04:00,32.01250233035606,32.33185123249964,31.72218044819416,31.79960060119629,790200,0.0,0.0
2015-06-05 00:00:00-04:00,31.64476333918275,32.031853021483414,31.451216652234415,31.577022552490234,523900,0.0,0.0
2015-06-08 00:00:00-04:00,31.65443469158177,32.25442970838379,31.199604284671498,31.41250228881836,522600,0.0,0.0
2015-06-09 00:00:00-04:00,31.55766586376734,31.818953323739525,31.189927546962505,31.431859970092773,563000,0.0,0.0
2015-06-10 00:00:00-04:00,31.770566940307617,32.17701163104966,31.693146794492524,31.770566940307617,836700,0.0,0.0
2015-06-11 00:00:00-04:00,31.809273140946942,31.983464776445786,31.393149088543673,31.66411590576172,753000,0.0,0.0
2015-06-12 00:00:00-04:00,31.518952665299924,32.12862334479237,31.28669962941405,32.060882568359375,845700,0.0,0.0
2015-06-15 00:00:00-04:00,31.693148044712707,32.02217629421478,31.344764757993346,31.499601364135742,1203900,0.0,0.0
2015-06-16 00:00:00-04:00,31.480248348752706,32.10927417812836,31.480248348752706,31.964113235473633,472000,0.0,0.0
2015-06-17 00:00:00-04:00,32.002821207458155,32.31249441926358,30.860899854577195,31.344764709472656,682000,0.0,0.0
2015-06-18 00:00:00-04:00,31.45121678709984,31.8383101626564,30.609291094801733,30.96735191345215,1084300,0.0,0.0
2015-06-19 00:00:00-04:00,30.889931038258695,31.228636790800138,30.72541692106987,30.74477195739746,1089600,0.0,0.0
2015-06-22 00:00:00-04:00,30.8996113269406,30.957674595331586,30.289940548542187,30.357683181762695,739500,0.0,0.0
2015-06-23 00:00:00-04:00,30.36735903218849,31.460892847956533,30.251232494728928,31.33509063720703,1038600,0.0,0.0
2015-06-24 00:00:00-04:00,31.141539480589078,31.412502592997374,30.744770483878842,31.064119338989258,1240200,0.0,0.0
2015-06-25 00:00:00-04:00,31.054446236148788,31.460890938385454,30.36735718899126,30.41574478149414,831000,0.0,0.0
2015-06-26 00:00:00-04:00,30.531868782561883,31.015733592718476,30.425419779469916,30.7060604095459,747300,0.0,0.0
2015-06-29 00:00:00-04:00,30.241551744854515,30.44477408659698,29.68026861830193,29.9705867767334,1486800,0.0,0.0
2015-06-30 00:00:00-04:00,30.251232085737005,30.677033690860707,28.91576400242112,29.225439071655273,1585300,0.0,0.0
2015-07-01 00:00:00-04:00,29.389952219089807,30.018976163875234,29.128664753382676,29.148019790649414,17993600,0.0,0.0
2015-07-02 00:00:00-04:00,29.225438457091435,29.39962825726283,27.735133793396184,28.596412658691406,2731400,0.0,0.0
2015-07-06 00:00:00-04:00,27.948033934548167,28.180290695249557,27.202883441407323,27.22223663330078,2499400,0.0,0.0
2015-07-07 00:00:00-04:00,27.08675525254803,27.948034132128434,26.08999295396768,27.686748504638672,2198100,0.0,0.0
2015-07-08 00:00:00-04:00,27.483524389213194,27.67707107653502,26.699663812576002,26.9222412109375,1157800,0.0,0.0
2015-07-09 00:00:00-04:00,27.64803529668279,27.71577607560928,27.009333887093305,27.14481544494629,1228200,0.0,0.0
2015-07-10 00:00:00-04:00,27.706101188672474,27.80287453024151,27.04804652675855,27.212560653686523,1181800,0.0,0.0
2015-07-13 00:00:00-04:00,27.396427792741576,27.899647688964233,27.04804634949339,27.822229385375977,1307100,0.0,0.0
2015-07-14 00:00:00-04:00,27.677069974515877,27.735133240081318,27.077076744346574,27.25126838684082,1463000,0.0,0.0
2015-07-15 00:00:00-04:00,24.996458089059438,25.45129038378856,23.84485922868818,25.35451889038086,6218100,0.0,0.0
2015-07-16 00:00:00-04:00,25.044845243816113,25.819030155188813,25.044845243816113,25.75128936767578,2025600,0.0,0.0
2015-07-17 00:00:00-04:00,25.693222918861125,25.76096554865352,24.70614002297362,24.744848251342773,2049700,0.0,0.0
2015-07-20 00:00:00-04:00,24.793234939008386,24.91903898386324,24.193241731906056,24.260982513427734,1451800,0.0,0.0
2015-07-21 00:00:00-04:00,23.25454585689931,23.25454585689931,20.912639858571463,20.970703125,7950900,0.0,0.0
2015-07-22 00:00:00-04:00,20.63199535265186,20.94166853796931,19.770716575262977,19.896520614624023,4250800,0.0,0.0
2015-07-23 00:00:00-04:00,20.08039170797128,21.27069882164506,19.983618366725082,20.970703125,3515100,0.0,0.0
2015-07-24 00:00:00-04:00,21.328763326105264,21.396504109307934,20.564255982422786,20.699737548828125,2886000,0.0,0.0
2015-07-27 00:00:00-04:00,20.438450720239267,20.719091354806306,20.08038994284237,20.564254760742188,2031500,0.0,0.0
2015-07-28 00:00:00-04:00,20.990056860508318,21.483599209033997,20.835220262437264,21.241666793823242,1911100,0.0,0.0
2015-07-29 00:00:00-04:00,21.164250328901122,22.006174173149645,21.11586273418695,21.80295181274414,2189800,0.0,0.0
2015-07-30 00:00:00-04:00,21.69650242280648,21.928757355804635,21.10618664781234,21.12554168701172,1794400,0.0,0.0
2015-07-31 00:00:00-04:00,21.386825957691144,21.39650347583328,20.6029654461566,20.631996154785156,1572800,0.0,0.0
2015-08-03 00:00:00-04:00,20.457804100706237,20.583609988178793,19.90619849849008,20.10942268371582,2111100,0.0,0.0
2015-08-04 00:00:00-04:00,20.30296556299265,20.506189728777713,19.761037530561886,19.90619659423828,1606200,0.0,0.0
2015-08-05 00:00:00-04:00,20.361032485961914,21.531984462905516,20.273936670807686,20.361032485961914,1471600,0.0,0.0
2015-08-06 00:00:00-04:00,20.361033682998787,20.893284277301234,20.206195233556606,20.85457420349121,1415200,0.0,0.0
2015-08-07 00:00:00-04:00,20.757800420476162,21.193277628007827,20.157807263199885,20.283611297607422,1170800,0.0,0.0
2015-08-10 00:00:00-04:00,20.796508999668244,21.938430229429272,20.331999232042733,21.822301864624023,1790700,0.0,0.0
2015-08-11 00:00:00-04:00,20.96102344822425,20.96102344822425,19.944908084249615,20.351354598999023,2024000,0.0,0.0
2015-08-12 00:00:00-04:00,20.17716328023236,20.215871505858413,19.52878435026526,19.799747467041016,3546700,0.0,0.0
2015-08-13 00:00:00-04:00,19.625558814479763,19.72233030702286,19.05459814864554,19.267498016357422,1715300,0.0,0.0
2015-08-14 00:00:00-04:00,19.25782036068449,19.780395276522544,19.015887939455293,19.519107818603516,1509500,0.0,0.0
2015-08-17 00:00:00-04:00,19.353110320518315,19.480049021414278,19.187114847174673,19.32381820678711,748900,0.18,0.0
2015-08-18 00:00:00-04:00,19.323819896261874,19.392170650834867,18.952770282267945,19.030885696411133,723300,0.0,0.0
2015-08-19 00:00:00-04:00,18.82583305526781,18.962534561673177,18.249731189104722,18.425491333007812,1483500,0.0,0.0
2015-08-20 00:00:00-04:00,18.708660674956278,18.708660674956278,17.986092578523596,17.99585723876953,1167700,0.0,0.0
2015-08-21 00:00:00-04:00,17.61504433081885,17.69315974828157,17.195173263549805,17.195173263549805,1386100,0.0,0.0
2015-08-24 00:00:00-04:00,16.990118944356798,17.566220840300613,16.189435458446667,16.88271141052246,2463200,0.0,0.0
2015-08-25 00:00:00-04:00,17.654100693371404,17.917740919517996,16.52142623557688,16.55072021484375,1723000,0.0,0.0
2015-08-26 00:00:00-04:00,16.931532080447262,17.28305237049976,16.5116610367553,17.185407638549805,1747000,0.0,0.0
2015-08-27 00:00:00-04:00,17.341639349139204,18.72818939877229,17.263523932078964,18.591487884521484,1795200,0.0,0.0
2015-08-28 00:00:00-04:00,18.36690087826435,19.235936820188176,18.152083988503968,18.884416580200195,1657900,0.0,0.0
2015-08-31 00:00:00-04:00,18.65007316485104,19.030885573538068,18.308317531774247,18.855125427246094,1065100,0.0,0.0
2015-09-01 00:00:00-04:00,18.07397178428551,18.493842842463813,17.917740952742665,18.142322540283203,1228500,0.0,0.0
2015-09-02 00:00:00-04:00,18.620778860542742,18.620778860542742,17.868916853411957,18.36690330505371,919100,0.0,0.0
2015-09-03 00:00:00-04:00,18.142320289884832,18.503605207024897,17.47833840697976,17.673627853393555,1580600,0.0,0.0
2015-09-04 00:00:00-04:00,17.361168940104427,17.722452051242573,17.292816319493244,17.50763511657715,1120600,0.0,0.0
2015-09-08 00:00:00-04:00,18.28878959585384,18.28878959585384,17.761510979520725,18.034914016723633,1070500,0.0,0.0
2015-09-09 00:00:00-04:00,18.171616176323322,18.36690378085348,17.429518809304607,17.59551429748535,853500,0.0,0.0
2015-09-10 00:00:00-04:00,17.57598694497815,18.015387363570042,17.30258203314113,17.693161010742188,931000,0.0,0.0
2015-09-11 00:00:00-04:00,17.673630680939937,17.761510759643972,17.214700967170312,17.60527992248535,787800,0.0,0.0
2015-09-14 00:00:00-04:00,17.45881050111071,17.595513869617847,16.687421036500346,16.9901180267334,1117800,0.0,0.0
2015-09-15 00:00:00-04:00,16.96082729645336,17.751746144369463,16.872947217527294,17.683395385742188,1155100,0.0,0.0
2015-09-16 00:00:00-04:00,17.781038437593427,18.12279409651557,17.595515480182456,18.034914016723633,1079600,0.0,0.0
2015-09-17 00:00:00-04:00,17.956796614395945,18.396196964837245,17.79080113338682,17.859153747558594,1054900,0.0,0.0
2015-09-18 00:00:00-04:00,17.468574078328423,17.497868054569192,16.63859857144037,16.843650817871094,2464500,0.0,0.0
2015-09-21 00:00:00-04:00,17.126820070874828,17.126820070874828,16.287078055736462,16.47260284423828,1079800,0.0,0.0
2015-09-22 00:00:00-04:00,16.00390994078065,16.00390994078065,15.486395095693725,15.828149795532227,1387200,0.0,0.0
2015-09-23 00:00:00-04:00,15.955088000752799,16.013674093174423,15.017702141124447,15.066524505615234,1447700,0.0,0.0
2015-09-24 00:00:00-04:00,14.968880140790475,15.730506810473344,14.851707021887535,15.62309741973877,1138600,0.0,0.0
2015-09-25 00:00:00-04:00,15.75003471652599,15.925794865503523,14.783356690777152,14.82241439819336,1510100,0.0,0.0
2015-09-28 00:00:00-04:00,14.3927790844599,14.490423821312316,13.709268720120669,13.95337963104248,1743600,0.0,0.0
2015-09-29 00:00:00-04:00,14.080316322101718,14.226782484787318,13.338218987087263,13.758090019226074,1643000,0.0,0.0
2015-09-30 00:00:00-04:00,14.041259649160615,14.109610405945507,13.41633538458274,13.84597110748291,1815700,0.0,0.0
2015-10-01 00:00:00-04:00,13.758090223897602,14.373249792504987,13.62138778713735,14.070551872253418,1813700,0.0,0.0
2015-10-02 00:00:00-04:00,14.051023272763842,15.14463995671242,13.963143202687851,15.134875297546387,1748200,0.0,0.0
2015-10-05 00:00:00-04:00,15.525452109020723,16.326135523916413,15.525452109020723,16.130847930908203,2121000,0.0,0.0
2015-10-06 00:00:00-04:00,16.130847243024885,16.667890428918653,16.072259291444396,16.47260284423828,2233000,0.0,0.0
2015-10-07 00:00:00-04:00,16.443311141169108,17.488105543991416,16.306609626756757,17.136585235595703,2987500,0.0,0.0
2015-10-08 00:00:00-04:00,17.126822879561914,17.90797707122398,17.02917813999953,17.83962631225586,1697000,0.0,0.0
2015-10-09 00:00:00-04:00,18.08373548143182,18.65007268123216,18.034912185162113,18.132556915283203,2196300,0.0,0.0
2015-10-12 00:00:00-04:00,18.210671871535993,18.298551940205687,17.312343729237757,17.48810386657715,949100,0.0,0.0
2015-10-13 00:00:00-04:00,17.195172520437783,17.947032682616918,16.93153229948774,17.556455612182617,1217200,0.0,0.0
2015-10-14 00:00:00-04:00,17.693159678028398,17.829861192440752,16.980354401290597,17.136585235595703,2293300,0.0,0.0
2015-10-15 00:00:00-04:00,17.136583794562142,17.800565715733114,16.853416129602927,17.76150894165039,1366500,0.0,0.0
2015-10-16 00:00:00-04:00,17.683392010477288,17.722448781201532,16.72647598508846,17.0291748046875,1182300,0.0,0.0
2015-10-19 00:00:00-04:00,16.804594875049972,16.912004276055345,16.34566701493173,16.580013275146484,1404500,0.0,0.0
2015-10-20 00:00:00-04:00,16.306609008618885,16.335901124929176,14.109609958055444,14.64665412902832,6333600,0.0,0.0
2015-10-21 00:00:00-04:00,14.402543293907087,14.44160100118457,13.250339532407578,13.289397239685059,4205700,0.0,0.0
2015-10-22 00:00:00-04:00,13.328454378328711,13.98267164572246,13.240575239110473,13.83620548248291,3071600,0.0,0.0
2015-10-23 00:00:00-04:00,14.031494277525749,14.256076787470057,13.631152554591516,14.217019081115723,4447800,0.0,0.0
2015-10-26 00:00:00-04:00,14.168197126559821,14.30489863716276,13.35774899777966,13.387042045593262,2407300,0.0,0.0
2015-10-27 00:00:00-04:00,13.269868778056573,13.504215020421785,12.986700169062974,13.172224044799805,2067400,0.0,0.0
2015-10-28 00:00:00-04:00,13.13316611246386,14.6271245459275,13.13316611246386,14.246312141418457,3265000,0.0,0.0
2015-10-29 00:00:00-04:00,14.011965727551988,14.519715904273435,13.953378703094932,13.992436408996582,1132600,0.0,0.0
2015-10-30 00:00:00-04:00,14.295135520517706,14.461131017247915,13.845971399578769,14.353721618652344,1707200,0.0,0.0
2015-11-02 00:00:00-05:00,14.265840881008957,14.978645204242417,14.265840881008957,14.802885055541992,1430000,0.0,0.0
2015-11-03 00:00:00-05:00,14.82241379372177,15.662155865738582,14.82241379372177,15.359457015991211,2235900,0.0,0.0
2015-11-04 00:00:00-05:00,15.408279020278835,15.544981453064343,14.636888649922401,14.841941833496094,1900600,0.0,0.0
2015-11-05 00:00:00-05:00,14.646653679546645,14.754062137961355,13.836205583775131,13.972908020019531,1974000,0.0,0.0
2015-11-06 00:00:00-05:00,13.865499554117152,13.992437339541603,13.455393149271767,13.95337963104248,2967200,0.0,0.0
2015-11-09 00:00:00-05:00,13.96314410217453,13.992437150350495,13.465157627137069,13.660446166992188,1520800,0.0,0.0
2015-11-10 00:00:00-05:00,13.5530366897583,13.845969943248253,13.328454187305985,13.5530366897583,1608500,0.0,0.0
2015-11-11 00:00:00-05:00,13.699503605513355,13.73856131271617,12.898820142251076,13.23081111907959,1664400,0.0,0.0
2015-11-12 00:00:00-05:00,12.918348106729269,13.416334555645918,12.586358071993999,12.605886459350586,2094700,0.0,0.0
2015-11-13 00:00:00-05:00,12.752353630754152,12.908584455371983,12.410598003495773,12.703531265258789,1889800,0.0,0.0
2015-11-16 00:00:00-05:00,12.674237184309382,12.99646442147833,12.264131738622602,12.547300338745117,2137900,0.0,0.0
2015-11-17 00:00:00-05:00,12.527770813019771,12.713295611085211,12.146957488997929,12.273895263671875,1687000,0.0,0.0
2015-11-18 00:00:00-05:00,12.498478270834537,13.055050825052117,12.322718124783014,13.015993118286133,1988600,0.0,0.0
2015-11-19 00:00:00-05:00,13.015993092107216,13.211281625544359,12.81093989919592,12.957406997680664,1676100,0.0,0.0
2015-11-20 00:00:00-05:00,13.055051148250673,13.094108855983594,11.971199060255223,12.02978515625,2668600,0.0,0.0
2015-11-23 00:00:00-05:00,11.961434303349966,12.205545207499965,11.746616446959392,11.854025840759277,1936100,0.0,0.0
2015-11-24 00:00:00-05:00,11.756380669845887,12.69376654420476,11.756380669845887,12.63517951965332,1900500,0.0,0.0
2015-11-25 00:00:00-05:00,12.537536481334735,12.596122578232999,11.9614345849829,12.303190231323242,1732400,0.0,0.0
2015-11-27 00:00:00-05:00,12.21530907728885,12.2738951690194,11.697793323483875,12.127429008483887,1056600,0.0,0.0
2015-11-30 00:00:00-05:00,12.176251542403072,12.723059418498691,12.010256061500328,12.371540069580078,2275900,0.0,0.0
2015-12-01 00:00:00-05:00,12.430126379232556,12.742588959382374,12.332482579543187,12.693766593933105,2373600,0.0,0.0
2015-12-02 00:00:00-05:00,12.508242532441823,12.791411130289932,12.322717732798042,12.430126190185547,2458000,0.0,0.0
2015-12-03 00:00:00-05:00,12.54730027642224,12.869526580781518,12.352010816996728,12.478948593139648,1864400,0.0,0.0
2015-12-04 00:00:00-05:00,12.449656309860572,12.469185629483913,12.059079229485887,12.166487693786621,2606900,0.0,0.0
2015-12-07 00:00:00-05:00,11.941904972271871,12.049314365965934,11.77591041432588,11.844261169433594,2280800,0.0,0.0
2015-12-08 00:00:00-05:00,11.619678254979624,11.629442914291221,11.180278829258558,11.258394241333008,2797400,0.0,0.0
2015-12-09 00:00:00-05:00,11.482976046483099,11.795437675652453,11.258393552110793,11.619677543640137,3093400,0.0,0.0
2015-12-10 00:00:00-05:00,11.658735481611473,13.455391747863896,11.639207095000447,13.260103225708008,4264700,0.0,0.0
2015-12-11 00:00:00-05:00,12.93787743928562,13.08434360385047,12.264131778594477,12.63517951965332,3930500,0.0,0.0
2015-12-14 00:00:00-05:00,12.32271841721575,12.713296425353661,11.990727436221746,12.000492095947266,2867500,0.0,0.0
2015-12-15 00:00:00-05:00,12.010255691253528,12.17625116703904,10.418652614210135,10.516297340393066,6021000,0.0,0.0
2015-12-16 00:00:00-05:00,10.55535490731045,10.643234042280927,9.910901399063182,10.340537071228027,3519300,0.0,0.0
2015-12-17 00:00:00-05:00,10.251988755578436,10.59634575644249,10.183117730724561,10.301182746887207,2713900,0.08,0.0
2015-12-18 00:00:00-05:00,10.301183629403301,10.606184712712315,10.242150647115874,10.29134464263916,3938700,0.0,0.0
2015-12-21 00:00:00-05:00,10.389732006801554,10.556990080213017,10.114246023812091,10.478280067443848,2660100,0.0,0.0
2015-12-22 00:00:00-05:00,10.497958164875767,11.875384343046672,10.478280192300314,11.737642288208008,3082200,0.0,0.0
2015-12-23 00:00:00-05:00,12.072159490417372,12.44603156082113,11.944255492311955,12.170546531677246,3863800,0.0,0.0
2015-12-24 00:00:00-05:00,12.160707815310628,12.229579777844467,11.649092749858672,11.934416770935059,1055300,0.0,0.0
2015-12-28 00:00:00-05:00,11.708125708640159,11.708125708640159,10.85215357812287,10.960380554199219,2594600,0.0,0.0
2015-12-29 00:00:00-05:00,11.12763894785176,11.12763894785176,10.616022932641403,10.871830940246582,2154000,0.0,0.0
2015-12-30 00:00:00-05:00,10.665217059352408,11.373608113094292,10.645539086996932,11.166994094848633,1987100,0.0,0.0
2015-12-31 00:00:00-05:00,11.08828434947807,11.363769401018038,10.861992353418625,11.06860637664795,1883900,0.0,0.0
2016-01-04 00:00:00-05:00,10.842315047044892,11.471995149063051,10.438925058817802,11.304736137390137,2979500,0.0,0.0
2016-01-05 00:00:00-05:00,11.304736771766775,11.442479770961516,10.645539674251983,10.980057716369629,2251600,0.0,0.0
2016-01-06 00:00:00-05:00,10.684894434054375,10.783282422373714,10.458603374536247,10.527474403381348,1859800,0.0,0.0
2016-01-07 00:00:00-05:00,10.153600978149212,10.163439964269264,9.297628889949177,9.366500854492188,3564600,0.0,0.0
2016-01-08 00:00:00-05:00,9.327144622802734,9.553436605108976,9.287789617831736,9.327144622802734,2681600,0.0,0.0
2016-01-11 00:00:00-05:00,9.425532102878682,9.661662120141008,8.943433083060446,8.9827880859375,2496200,0.0,0.0
2016-01-12 00:00:00-05:00,9.07133818374374,9.23859720095216,8.225204111207637,8.589238166809082,4066100,0.0,0.0
2016-01-13 00:00:00-05:00,8.726981328137057,9.209080415906111,8.28423724879206,8.333431243896484,3406700,0.0,0.0
2016-01-14 00:00:00-05:00,8.412140252129133,8.874562249390475,8.205526248101494,8.73681926727295,2806600,0.0,0.0
2016-01-15 00:00:00-05:00,8.323591706787932,8.323591706787932,7.851331167780507,8.11697769165039,2965500,0.0,0.0
2016-01-19 00:00:00-05:00,8.30391372692303,8.30391372692303,7.418425627621534,7.497135639190674,2403800,0.0,0.0
2016-01-20 00:00:00-05:00,7.270844063075975,7.8513310974685275,6.965842536115946,7.693911075592041,4898300,0.0,0.0
2016-01-21 00:00:00-05:00,7.713588904823334,8.40230199883312,7.585684897060499,8.156332969665527,4148900,0.0,0.0
2016-01-22 00:00:00-05:00,8.441656873427652,8.894239917522025,8.028428835850296,8.136655807495117,4473300,0.0,0.0
2016-01-25 00:00:00-05:00,8.067783695852375,8.09729971562977,7.477458139669048,7.566007137298584,3878700,0.0,0.0
2016-01-26 00:00:00-05:00,7.083907552737444,8.254720607499557,7.015036527738735,7.831653594970703,6375700,0.0,0.0
2016-01-27 00:00:00-05:00,7.634878641951116,8.412140711280072,7.4774581493885774,8.254720687866211,4095800,0.0,0.0
2016-01-28 00:00:00-05:00,8.540044930805378,8.677786985626513,7.939879903493717,8.00875186920166,4136100,0.0,0.0
2016-01-29 00:00:00-05:00,8.01859060546387,9.228758811950684,7.989074582368326,9.228758811950684,3954700,0.0,0.0
2016-02-01 00:00:00-05:00,9.218919437578618,9.238597411014045,8.510528344959344,8.756497383117676,3103000,0.0,0.0
2016-02-02 00:00:00-05:00,8.500689985819113,8.667949000716867,8.126816948888683,8.156332969665527,2539900,0.0,0.0
2016-02-03 00:00:00-05:00,8.254721071047221,8.874563145735149,7.910364050121462,8.864724159240723,3090600,0.0,0.0
2016-02-04 00:00:00-05:00,9.031982947792846,10.606184153448442,8.982788954863558,10.212634086608887,5261700,0.0,0.0
2016-02-05 00:00:00-05:00,10.025696770877026,10.842314774689003,9.917470740635604,10.301182746887207,4251200,0.0,0.0
2016-02-08 00:00:00-05:00,9.97650341983636,10.015858424048252,9.38617741836067,9.710856437683105,3527800,0.0,0.0
2016-02-09 00:00:00-05:00,9.523920077861344,9.946986124155007,9.199241069597642,9.799405097961426,4249000,0.0,0.0
2016-02-10 00:00:00-05:00,9.779726978378026,9.956824957749971,9.46488696020325,9.641984939575195,1914200,0.0,0.0
2016-02-11 00:00:00-05:00,9.48456558098406,9.799405620752053,9.00246559721766,9.327144622802734,2693100,0.0,0.0
2016-02-12 00:00:00-05:00,9.573113675487729,10.625861704555753,9.455048660117894,10.566828727722168,3208300,0.0,0.0
2016-02-16 00:00:00-05:00,10.80295923927126,11.344091287523604,10.38973213623393,11.324414253234863,2718700,0.0,0.0
2016-02-17 00:00:00-05:00,11.442478869674812,12.534580975598674,11.422800897783782,12.091836929321289,4306900,0.0,0.0
2016-02-18 00:00:00-05:00,12.081997781461297,12.091836767274955,11.098121719231283,11.383445739746094,3198800,0.0,0.0
2016-02-19 00:00:00-05:00,11.16699306852542,11.294896123891377,10.704571081942529,11.157154083251953,2340800,0.0,0.0
2016-02-22 00:00:00-05:00,11.54086552676534,12.308289515397844,11.54086552676534,12.170546531677246,2608000,0.0,0.0
2016-02-23 00:00:00-05:00,12.062321387089414,12.249257435964555,11.570383329915757,11.747480392456055,1953000,0.0,0.0
2016-02-24 00:00:00-05:00,11.462156440226146,11.70812547060265,10.635701286330896,11.619577407836914,2403500,0.0,0.0
2016-02-25 00:00:00-05:00,11.619577192742724,11.914739273092767,11.22602618844705,11.590060234069824,2164700,0.0,0.0
2016-02-26 00:00:00-05:00,11.786835128110548,12.396839130662462,11.757319108082992,12.121353149414062,2181100,0.0,0.0
2016-02-29 00:00:00-05:00,12.36732198349404,13.370876032080757,12.327966977959111,13.193778038024902,3308600,0.0,0.0
2016-03-01 00:00:00-05:00,13.439747057205338,13.64636107083825,13.16426201846057,13.469263076782227,2739200,0.0,0.0
2016-03-02 00:00:00-05:00,13.567650971977388,15.11233610210147,13.469262989627929,15.102498054504395,3816000,0.0,0.0
2016-03-03 00:00:00-05:00,15.02378762769821,15.240239681594309,14.561365624743248,15.043464660644531,3953200,0.0,0.0
2016-03-04 00:00:00-05:00,15.259917734198927,16.12572783099417,14.787656743104204,15.328788757324219,3518200,0.0,0.0
2016-03-07 00:00:00-05:00,15.62395295498032,16.60782814025879,15.250079915425808,16.60782814025879,3139700,0.0,0.0
2016-03-08 00:00:00-05:00,16.214276719711968,16.489762687010945,15.653467676098543,16.13556671142578,3096800,0.0,0.0
2016-03-09 00:00:00-05:00,16.26409962782584,16.550821362916288,15.265512448770908,15.660992622375488,2122900,0.08,0.0
2016-03-10 00:00:00-05:00,15.710428191318016,16.224551205289487,15.16664352706014,16.125680923461914,2560400,0.0,0.0
2016-03-11 00:00:00-05:00,16.28387264420225,16.56070905657099,15.838959204009447,15.88839340209961,2343500,0.0,0.0
2016-03-14 00:00:00-04:00,15.621444229245926,16.313533333607484,14.879919986809222,15.59178352355957,2797900,0.0,0.0
2016-03-15 00:00:00-04:00,15.028223988881152,15.60166930969461,14.603084077662292,15.265511512756348,1742000,0.0,0.0
2016-03-16 00:00:00-04:00,15.265512865990825,16.13556814022405,14.771163342646737,16.125680923461914,2353100,0.0,0.0
2016-03-17 00:00:00-04:00,16.30364696333228,17.65816547954544,15.591784332543577,17.1934757232666,3893000,0.0,0.0
2016-03-18 00:00:00-04:00,17.480198391768877,18.172286551188005,16.797995562721262,17.055057525634766,4462900,0.0,0.0
2016-03-21 00:00:00-04:00,16.98584936760468,17.40110302904741,16.77822159398646,17.341781616210938,1649900,0.0,0.0
2016-03-22 00:00:00-04:00,17.084719162038738,17.430762298606563,16.916640258937083,17.371440887451172,1652500,0.0,0.0
2016-03-23 00:00:00-04:00,17.064945305733186,17.12426671889091,15.492913713600492,15.660992622375488,2591200,0.0,0.0
2016-03-24 00:00:00-04:00,15.384156230651099,16.016923904418945,15.186415684357092,16.016923904418945,1500300,0.0,0.0
2016-03-28 00:00:00-04:00,16.076245313989702,16.244324212601526,15.453364856115918,16.016923904418945,1129300,0.0,0.0
2016-03-29 00:00:00-04:00,15.542349299845837,16.007038116455078,14.850260154768453,16.007038116455078,2061700,0.0,0.0
2016-03-30 00:00:00-04:00,16.234436979541375,16.847431163769734,16.026809217572854,16.61014175415039,1773300,0.0,0.0
2016-03-31 00:00:00-04:00,16.65957881915674,16.80788329459738,15.878505690285639,16.115793228149414,1784700,0.0,0.0
2016-04-01 00:00:00-04:00,15.967488747285515,16.22455071799906,15.512687161752652,16.194889068603516,1462700,0.0,0.0
2016-04-04 00:00:00-04:00,15.364382273565065,15.700540081174731,14.89969348405189,15.01833724975586,2550800,0.0,0.0
2016-04-05 00:00:00-04:00,14.474554045987214,14.998564264521754,14.276813486935508,14.612971305847168,2580900,0.0,0.0
2016-04-06 00:00:00-04:00,14.504214762547216,14.870033288406594,14.098848313429981,14.55364990234375,2792500,0.0,0.0
2016-04-07 00:00:00-04:00,14.425118455186858,14.682180419598897,14.088960646786015,14.227378845214844,1754400,0.0,0.0
2016-04-08 00:00:00-04:00,14.672292706356833,15.156754970101474,14.583309649159489,14.949128150939941,2240700,0.0,0.0
2016-04-11 00:00:00-04:00,15.235851290722785,15.532461176412852,15.166642663123941,15.295173645019531,1421700,0.0,0.0
2016-04-12 00:00:00-04:00,15.225964547242825,15.542348875153504,14.701954330089476,15.285286903381348,2232200,0.0,0.0
2016-04-13 00:00:00-04:00,15.730200758825225,16.570595276350733,15.552234639138216,16.34319496154785,2323400,0.0,0.0
2016-04-14 00:00:00-04:00,16.432178008736503,16.778221145868454,16.076245769636596,16.659578323364258,1970800,0.0,0.0
2016-04-15 00:00:00-04:00,16.42229078041618,16.87709140933532,16.323420504540035,16.699125289916992,1630600,0.0,0.0
2016-04-18 00:00:00-04:00,16.41240496876184,17.0056247889906,15.96748963214182,16.689239501953125,1826100,0.0,0.0
2016-04-19 00:00:00-04:00,17.104493575129442,17.816358129852652,17.02539772302618,17.450538635253906,2031000,0.0,0.0
2016-04-20 00:00:00-04:00,17.5098581483364,17.71748591614496,17.163815011644896,17.49008560180664,1759500,0.0,0.0
2016-04-21 00:00:00-04:00,17.57906914507226,17.786695032798992,17.114379401656542,17.30223274230957,2164500,0.0,0.0
2016-04-22 00:00:00-04:00,17.272570620858062,17.826243411248647,17.153927798484123,17.41098976135254,1607600,0.0,0.0
2016-04-25 00:00:00-04:00,17.213249720584166,17.361554195850303,16.244325137332112,16.55082130432129,2129500,0.0,0.0
2016-04-26 00:00:00-04:00,15.651105803028123,16.629917631039582,14.632746050942368,16.56070899963379,5229400,0.0,0.0
2016-04-27 00:00:00-04:00,16.461837768554688,16.906753067350895,16.115792745690268,16.461837768554688,2768100,0.0,0.0
2016-04-28 00:00:00-04:00,16.46183825024543,16.99573662442331,16.13556765017908,16.273984909057617,2678500,0.0,0.0
2016-04-29 00:00:00-04:00,16.52115968259989,16.936413345516257,15.947714327695737,16.15534210205078,2040300,0.0,0.0
2016-05-02 00:00:00-04:00,16.11579275502506,16.372854718279136,15.670879341764804,16.224550247192383,2384600,0.0,0.0
2016-05-03 00:00:00-04:00,15.898280176190422,15.898280176190422,15.018337708392842,15.305060386657715,2389800,0.0,0.0
2016-05-04 00:00:00-04:00,15.00845050000662,15.680765150986343,14.781049249120288,15.265511512756348,2165900,0.0,0.0
2016-05-05 00:00:00-04:00,15.581896825517985,15.70054059510556,14.810710908853451,14.92935562133789,1710900,0.0,0.0
2016-05-06 00:00:00-04:00,14.870033237303995,15.71042778226639,14.65251918868487,15.384157180786133,1404600,0.0,0.0
2016-05-09 00:00:00-04:00,14.909580735157746,14.909580735157746,13.792350760208658,13.990090370178223,2193400,0.0,0.0
2016-05-10 00:00:00-04:00,14.18783090878752,14.682180404663086,14.019752004758079,14.682180404663086,1583700,0.0,0.0
2016-05-11 00:00:00-04:00,14.731614597754747,14.86014557981101,14.336135378271509,14.484439849853516,1747900,0.0,0.0
2016-05-12 00:00:00-04:00,14.622858552492394,14.781050245742033,13.990090836596966,14.158169746398926,1921000,0.0,0.0
2016-05-13 00:00:00-04:00,14.039525988837994,14.563536208913575,13.891221512009938,13.999978065490723,1351100,0.0,0.0
2016-05-16 00:00:00-04:00,14.415231243421083,14.840372112164992,13.970316885122276,14.009864807128906,2638800,0.0,0.0
2016-05-17 00:00:00-04:00,14.227378849613794,14.415231243421083,13.69348143107586,14.009864807128906,1744800,0.0,0.0
2016-05-18 00:00:00-04:00,12.309301860442632,12.912408829350676,11.37003803724923,11.429360389709473,17637400,0.0,0.0
2016-05-19 00:00:00-04:00,11.221734046863599,11.35026408734007,10.806480390702685,11.12286376953125,10723300,0.0,0.0
2016-05-20 00:00:00-04:00,11.271168238241973,11.310716160580137,10.935011369816003,11.103089332580566,4188800,0.0,0.0
2016-05-23 00:00:00-04:00,11.389813401054624,11.666648868429778,11.28105590312744,11.627100944519043,6309700,0.0,0.0
2016-05-24 00:00:00-04:00,11.567778594760345,11.755631940631705,11.399699682305709,11.488682746887207,3912800,0.0,0.0
2016-05-25 00:00:00-04:00,11.647970792302377,12.016325316268656,11.647970792302377,11.926725387573242,4073100,0.08,0.0
2016-05-26 00:00:00-04:00,12.225391210806036,12.334902654146264,11.976502947844972,12.095969200134277,4211300,0.0,0.0
2016-05-27 00:00:00-04:00,12.09596958931963,12.275169448235994,11.946637006511597,12.165658950805664,2497100,0.0,0.0
2016-05-31 00:00:00-04:00,12.205481100415925,12.583791388211695,12.175613824150414,12.324947357177734,3138500,0.0,0.0
2016-06-01 00:00:00-04:00,12.125836969209882,12.305035880226557,11.727615162591173,12.135791778564453,2640800,0.0,0.0
2016-06-02 00:00:00-04:00,11.996415213597567,12.51410233917265,11.956593127014868,12.50414752960205,1892800,0.0,0.0
2016-06-03 00:00:00-04:00,12.703257793661885,13.061656568142281,12.543969449448376,12.991968154907227,2856100,0.0,0.0
2016-06-06 00:00:00-04:00,13.071612301398416,13.599255177930035,13.071612301398416,13.529566764831543,2773300,0.0,0.0
2016-06-07 00:00:00-04:00,13.380232881834724,13.818276765587187,13.290633902799053,13.539522171020508,2287200,0.0,0.0
2016-06-08 00:00:00-04:00,13.878009020575124,14.106986714482408,13.788410044107094,14.007431030273438,4384600,0.0,0.0
2016-06-09 00:00:00-04:00,13.728677226217796,13.788410830034614,13.250812193416929,13.609210968017578,2738900,0.0,0.0
2016-06-10 00:00:00-04:00,13.340410726246919,13.668943162604688,13.07161189169665,13.380232810974121,3324800,0.0,0.0
2016-06-13 00:00:00-04:00,13.390189109801343,13.708766749906795,13.210990196015047,13.230900764465332,2130600,0.0,0.0
2016-06-14 00:00:00-04:00,13.061656459195342,13.459878265840981,12.743079773425563,13.021834373474121,2342300,0.0,0.0
2016-06-15 00:00:00-04:00,13.19107870837545,13.599255331593191,13.081568208064217,13.310544967651367,2037400,0.0,0.0
2016-06-16 00:00:00-04:00,13.181122738885342,13.38023316783173,12.713213468219683,13.370278358459473,2066200,0.0,0.0
2016-06-17 00:00:00-04:00,13.489744430874353,13.927787368550561,13.41010026038777,13.509654998779297,4024800,0.0,0.0
2016-06-20 00:00:00-04:00,13.748588728644986,14.087075985118307,13.698810883758684,13.878009796142578,1986200,0.0,0.0
2016-06-21 00:00:00-04:00,13.848142837018345,13.868054353837564,13.250811573942455,13.519610404968262,2045300,0.0,0.0
2016-06-22 00:00:00-04:00,13.668943745479117,13.957655058854373,13.220945035836072,13.310544967651367,2313000,0.0,0.0
2016-06-23 00:00:00-04:00,13.738632959169646,14.17667590507724,13.489744684363796,14.146809577941895,2348400,0.0,0.0
2016-06-24 00:00:00-04:00,13.220944907477245,13.499700459181447,12.19552547990609,12.374725341796875,13268000,0.0,0.0
2016-06-27 00:00:00-04:00,12.195524739061598,12.245302580944442,11.279615866377405,11.508593559265137,3692100,0.0,0.0
2016-06-28 00:00:00-04:00,11.777392912807214,12.026281183913762,11.498638315009233,11.896859169006348,2864700,0.0,0.0
2016-06-29 00:00:00-04:00,12.235347545524034,12.305035958617065,11.876948771774053,12.026281356811523,1982100,0.0,0.0
2016-06-30 00:00:00-04:00,12.255259203821291,12.713213672472264,12.046193012710336,12.693302154541016,2501700,0.0,0.0
2016-07-01 00:00:00-04:00,12.673390561225569,13.509655320695092,12.653479992846183,13.420055389404297,3165600,0.0,0.0
2016-07-05 00:00:00-04:00,13.310544189126313,13.38023259893621,12.414546822246523,12.633567810058594,1906200,0.0,0.0
2016-07-06 00:00:00-04:00,12.374724981946102,12.74307950445071,12.215436642423395,12.65347957611084,2448800,0.0,0.0
2016-07-07 00:00:00-04:00,12.703257929730299,13.410100676824019,12.68334641177362,13.041746139526367,2531800,0.0,0.0
2016-07-08 00:00:00-04:00,13.310544259570984,13.848142872430717,13.201033765085375,13.599254608154297,3086800,0.0,0.0
2016-07-11 00:00:00-04:00,13.83818711180291,14.515163494346185,13.81827654436931,14.40565299987793,3158100,0.0,0.0
2016-07-12 00:00:00-04:00,14.783963760200889,15.291695114322945,14.306097783491795,14.983074188232422,5665100,0.0,0.0
2016-07-13 00:00:00-04:00,15.132406272835587,15.182184115560165,14.405652997130238,14.943251609802246,2990300,0.0,0.0
2016-07-14 00:00:00-04:00,14.943251883353945,15.50076107366154,14.943251883353945,15.311606407165527,3285800,0.0,0.0
2016-07-15 00:00:00-04:00,15.231961989464606,15.580404990383157,15.032851567592095,15.560494422912598,4135600,0.0,0.0
2016-07-18 00:00:00-04:00,15.371339428946468,15.441028791482749,14.883518638359607,15.032852172851562,2628500,0.0,0.0
2016-07-19 00:00:00-04:00,14.863607479539434,14.953207406788016,14.29614159010954,14.485297203063965,2110400,0.0,0.0
2016-07-20 00:00:00-04:00,14.256319709992791,14.8735625016867,14.047253526561517,14.694363594055176,2274300,0.0,0.0
2016-07-21 00:00:00-04:00,14.893473869993647,15.381294643311987,14.714274014720221,14.913384437561035,2004200,0.0,0.0
2016-07-22 00:00:00-04:00,14.833740094284783,15.082628357272336,14.624673915397905,15.052762031555176,1753100,0.0,0.0
2016-07-25 00:00:00-04:00,14.943252134345949,15.301650905563477,14.883518531092987,15.062718391418457,2141800,0.0,0.0
2016-07-26 00:00:00-04:00,15.520672291825143,18.059331824567426,14.783963258397447,17.900043487548828,6297900,0.0,0.0
2016-07-27 00:00:00-04:00,18.208667019440906,18.58697636004853,17.64120016022921,17.8801326751709,7211900,0.0,0.0
2016-07-28 00:00:00-04:00,18.00955586007648,18.23853261899069,17.551600443381197,17.82040023803711,3619100,0.0,0.0
2016-07-29 00:00:00-04:00,17.790535183360067,17.989644669085916,17.452046968872544,17.73080062866211,1925300,0.0,0.0
2016-08-01 00:00:00-04:00,17.66111098860332,17.710889780731907,17.203157494220864,17.362445831298828,1490900,0.0,0.0
2016-08-02 00:00:00-04:00,17.322622980486482,17.531690111900346,16.755158036296656,16.954269409179688,1389800,0.0,0.0
2016-08-03 00:00:00-04:00,16.884579359046338,17.84031130516476,16.466448887523864,17.59142303466797,4366800,0.0,0.0
2016-08-04 00:00:00-04:00,17.581467469963986,17.581467469963986,16.914446821718535,17.183246612548828,1238000,0.0,0.0
2016-08-05 00:00:00-04:00,17.26289017982629,17.601378371498708,17.09364608399008,17.173290252685547,2001100,0.0,0.0
2016-08-08 00:00:00-04:00,17.332577982728015,17.531689346923027,17.143422376629424,17.163333892822266,1291200,0.0,0.0
2016-08-09 00:00:00-04:00,17.073734601392978,17.233022939103847,16.90449050521683,16.984134674072266,2051600,0.0,0.0
2016-08-10 00:00:00-04:00,17.12351361103741,17.382355738952516,16.75515813861442,16.924402236938477,1725500,0.0,0.0
2016-08-11 00:00:00-04:00,16.914446944274626,17.591423356218943,16.74520284128855,17.50182342529297,2443900,0.0,0.0
2016-08-12 00:00:00-04:00,17.43213470585897,17.571511529798936,16.934358164511313,17.053823471069336,1739600,0.0,0.0
2016-08-15 00:00:00-04:00,17.22306768415961,17.989644018595964,17.17329078924476,17.90999984741211,2649500,0.0,0.0
2016-08-16 00:00:00-04:00,18.030000686645508,18.049999237060547,17.59000015258789,17.690000534057617,1416600,0.08,0.0
2016-08-17 00:00:00-04:00,17.540000915527344,17.959999084472656,17.270000457763672,17.770000457763672,1585400,0.0,0.0
2016-08-18 00:00:00-04:00,17.950000762939453,17.969999313354492,17.610000610351562,17.829999923706055,1420200,0.0,0.0
2016-08-19 00:00:00-04:00,17.579999923706055,17.59000015258789,17.15999984741211,17.360000610351562,1276500,0.0,0.0
2016-08-22 00:00:00-04:00,17.100000381469727,17.6299991607666,17.06999969482422,17.600000381469727,1440800,0.0,0.0
2016-08-23 00:00:00-04:00,17.799999237060547,18.020000457763672,17.639999389648438,17.65999984741211,1546000,0.0,0.0
2016-08-24 00:00:00-04:00,17.510000228881836,17.56999969482422,16.56999969482422,16.59000015258789,2257900,0.0,0.0
2016-08-25 00:00:00-04:00,16.540000915527344,17.1200008392334,16.540000915527344,16.809999465942383,2925300,0.0,0.0
2016-08-26 00:00:00-04:00,17.0,17.270000457763672,16.549999237060547,16.649999618530273,2438700,0.0,0.0
2016-08-29 00:00:00-04:00,17.110000610351562,18.540000915527344,16.920000076293945,18.5,4246700,0.0,0.0
2016-08-30 00:00:00-04:00,18.299999237060547,18.469999313354492,17.520000457763672,17.600000381469727,2672200,0.0,0.0
2016-08-31 00:00:00-04:00,17.31999969482422,17.56999969482422,16.959999084472656,17.059999465942383,2915400,0.0,0.0
2016-09-01 00:00:00-04:00,17.100000381469727,17.139999389648438,16.610000610351562,16.899999618530273,2972400,0.0,0.0
2016-09-02 00:00:00-04:00,17.170000076293945,17.420000076293945,16.790000915527344,17.040000915527344,2287600,0.0,0.0
2016-09-06 00:00:00-04:00,17.139999389648438,18.059999465942383,17.09000015258789,18.040000915527344,3069600,0.0,0.0
2016-09-07 00:00:00-04:00,17.950000762939453,18.06999969482422,17.739999771118164,18.0,2460500,0.0,0.0
2016-09-08 00:00:00-04:00,18.010000228881836,18.09000015258789,17.690000534057617,17.950000762939453,2377600,0.0,0.0
2016-09-09 00:00:00-04:00,17.68000030517578,17.709999084472656,16.15999984741211,16.15999984741211,4880200,0.0,0.0
2016-09-12 00:00:00-04:00,15.850000381469727,16.84000015258789,15.699999809265137,16.700000762939453,3638300,0.0,0.0
2016-09-13 00:00:00-04:00,16.229999542236328,16.229999542236328,15.3100004196167,15.65999984741211,4579700,0.0,0.0
2016-09-14 00:00:00-04:00,15.699999809265137,16.139999389648438,15.489999771118164,15.930000305175781,2871500,0.0,0.0
2016-09-15 00:00:00-04:00,15.930000305175781,16.1299991607666,15.739999771118164,15.9399995803833,2263000,0.0,0.0
2016-09-16 00:00:00-04:00,15.779999732971191,15.890000343322754,15.619999885559082,15.770000457763672,2548400,0.0,0.0
2016-09-19 00:00:00-04:00,16.0,16.639999389648438,16.0,16.31999969482422,2521500,0.0,0.0
2016-09-20 00:00:00-04:00,16.489999771118164,16.739999771118164,16.1299991607666,16.600000381469727,2830900,0.0,0.0
2016-09-21 00:00:00-04:00,16.75,17.459999084472656,16.75,17.43000030517578,2918500,0.0,0.0
2016-09-22 00:00:00-04:00,17.75,18.06999969482422,17.649999618530273,17.670000076293945,2534300,0.0,0.0
2016-09-23 00:00:00-04:00,17.549999237060547,17.93000030517578,17.479999542236328,17.549999237060547,1540600,0.0,0.0
2016-09-26 00:00:00-04:00,17.43000030517578,17.649999618530273,17.25,17.479999542236328,2911100,0.0,0.0
2016-09-27 00:00:00-04:00,17.18000030517578,17.440000534057617,16.850000381469727,17.3799991607666,1977900,0.0,0.0
2016-09-28 00:00:00-04:00,17.5,18.06999969482422,17.489999771118164,18.06999969482422,2396900,0.0,0.0
2016-09-29 00:00:00-04:00,18.030000686645508,18.239999771118164,17.690000534057617,17.84000015258789,1877100,0.0,0.0
2016-09-30 00:00:00-04:00,18.110000610351562,18.209999084472656,17.700000762939453,18.06999969482422,1776000,0.0,0.0
2016-10-03 00:00:00-04:00,18.280000686645508,18.350000381469727,17.549999237060547,17.770000457763672,1871000,0.0,0.0
2016-10-04 00:00:00-04:00,17.739999771118164,17.760000228881836,17.190000534057617,17.200000762939453,1849400,0.0,0.0
2016-10-05 00:00:00-04:00,17.43000030517578,18.1200008392334,17.290000915527344,17.889999389648438,1657000,0.0,0.0
2016-10-06 00:00:00-04:00,17.799999237060547,18.209999084472656,17.709999084472656,18.149999618530273,1032300,0.0,0.0
2016-10-07 00:00:00-04:00,18.31999969482422,18.420000076293945,17.290000915527344,17.610000610351562,2215100,0.0,0.0
2016-10-10 00:00:00-04:00,17.8700008392334,18.260000228881836,17.780000686645508,17.829999923706055,1595400,0.0,0.0
2016-10-11 00:00:00-04:00,17.670000076293945,17.670000076293945,17.010000228881836,17.170000076293945,2345300,0.0,0.0
2016-10-12 00:00:00-04:00,17.110000610351562,17.469999313354492,17.059999465942383,17.170000076293945,1178700,0.0,0.0
2016-10-13 00:00:00-04:00,16.719999313354492,16.739999771118164,16.139999389648438,16.649999618530273,2022700,0.0,0.0
2016-10-14 00:00:00-04:00,16.889999389648438,17.09000015258789,16.43000030517578,16.440000534057617,931900,0.0,0.0
2016-10-17 00:00:00-04:00,16.510000228881836,16.950000762939453,16.5,16.790000915527344,1015300,0.0,0.0
2016-10-18 00:00:00-04:00,17.25,17.3700008392334,16.670000076293945,16.920000076293945,703600,0.0,0.0
2016-10-19 00:00:00-04:00,17.0,17.790000915527344,16.899999618530273,17.739999771118164,1506100,0.0,0.0
2016-10-20 00:00:00-04:00,17.530000686645508,18.079999923706055,17.06999969482422,17.790000915527344,1966800,0.0,0.0
2016-10-21 00:00:00-04:00,17.540000915527344,17.829999923706055,17.209999084472656,17.770000457763672,1388800,0.0,0.0
2016-10-24 00:00:00-04:00,18.049999237060547,18.549999237060547,17.719999313354492,17.799999237060547,2203700,0.0,0.0
2016-10-25 00:00:00-04:00,16.770000457763672,17.299999237060547,14.899999618530273,15.119999885559082,8849700,0.0,0.0
2016-10-26 00:00:00-04:00,15.010000228881836,15.010000228881836,13.890000343322754,14.270000457763672,5790300,0.0,0.0
2016-10-27 00:00:00-04:00,14.270000457763672,14.270000457763672,13.430000305175781,13.470000267028809,3543100,0.0,0.0
2016-10-28 00:00:00-04:00,13.369999885559082,14.0,13.350000381469727,13.609999656677246,2036500,0.0,0.0
2016-10-31 00:00:00-04:00,13.640000343322754,13.869999885559082,13.420000076293945,13.640000343322754,1826100,0.0,0.0
2016-11-01 00:00:00-04:00,13.770000457763672,13.859999656677246,13.149999618530273,13.369999885559082,2384300,0.0,0.0
2016-11-02 00:00:00-04:00,13.220000267028809,13.550000190734863,13.149999618530273,13.15999984741211,1441100,0.0,0.0
2016-11-03 00:00:00-04:00,13.270000457763672,13.5600004196167,13.15999984741211,13.399999618530273,2060600,0.0,0.0
2016-11-04 00:00:00-04:00,13.3100004196167,14.34000015258789,13.289999961853027,14.149999618530273,2311100,0.0,0.0
2016-11-07 00:00:00-05:00,14.550000190734863,14.619999885559082,14.140000343322754,14.359999656677246,1664600,0.0,0.0
2016-11-08 00:00:00-05:00,14.229999542236328,14.869999885559082,14.109999656677246,14.619999885559082,1398100,0.0,0.0
2016-11-09 00:00:00-05:00,15.15999984741211,16.1299991607666,15.039999961853027,15.84000015258789,4431400,0.0,0.0
2016-11-10 00:00:00-05:00,16.25,17.170000076293945,16.25,16.65999984741211,5407600,0.0,0.0
2016-11-11 00:00:00-05:00,16.780000686645508,17.09000015258789,16.020000457763672,16.989999771118164,3108300,0.0,0.0
2016-11-14 00:00:00-05:00,17.25,18.0,17.079999923706055,17.770000457763672,3273100,0.0,0.0
2016-11-15 00:00:00-05:00,17.459999084472656,17.600000381469727,16.940000534057617,17.469999313354492,2510300,0.0,0.0
2016-11-16 00:00:00-05:00,16.799999237060547,16.920000076293945,16.270000457763672,16.440000534057617,3203500,0.0,0.0
2016-11-17 00:00:00-05:00,16.540000915527344,16.540000915527344,15.979999542236328,16.010000228881836,2043900,0.0,0.0
2016-11-18 00:00:00-05:00,15.960000038146973,16.329999923706055,15.960000038146973,16.15999984741211,1479700,0.0,0.0
2016-11-21 00:00:00-05:00,16.399999618530273,16.579999923706055,16.190000534057617,16.530000686645508,1328100,0.0,0.0
2016-11-22 00:00:00-05:00,16.829999923706055,17.829999923706055,16.75,17.770000457763672,2486900,0.0,0.0
2016-11-23 00:00:00-05:00,17.469999313354492,18.049999237060547,17.350000381469727,17.989999771118164,2347000,0.0,0.0
2016-11-25 00:00:00-05:00,18.06999969482422,18.110000610351562,17.729999542236328,17.959999084472656,681400,0.0,0.0
2016-11-28 00:00:00-05:00,17.979999542236328,18.1200008392334,17.209999084472656,17.670000076293945,2835400,0.0,0.0
2016-11-29 00:00:00-05:00,17.149999618530273,17.350000381469727,16.3799991607666,16.5,2980200,0.0,0.0
2016-11-30 00:00:00-05:00,16.979999542236328,17.639999389648438,16.8799991607666,17.540000915527344,2400300,0.0,0.0
2016-12-01 00:00:00-05:00,17.6200008392334,17.93000030517578,17.40999984741211,17.760000228881836,2133300,0.0,0.0
2016-12-02 00:00:00-05:00,17.1299991607666,17.459999084472656,15.949999809265137,16.93000030517578,5474800,0.0,0.0
2016-12-05 00:00:00-05:00,17.15999984741211,17.770000457763672,17.09000015258789,17.700000762939453,2457100,0.0,0.0
2016-12-06 00:00:00-05:00,17.510000228881836,18.110000610351562,17.190000534057617,18.09000015258789,2973500,0.0,0.0
2016-12-07 00:00:00-05:00,18.239999771118164,18.709999084472656,18.079999923706055,18.290000915527344,3327800,0.0,0.0
2016-12-08 00:00:00-05:00,18.5,18.600000381469727,18.010000228881836,18.389999389648438,2841600,0.0,0.0
2016-12-09 00:00:00-05:00,18.43000030517578,19.1200008392334,18.25,18.940000534057617,2427700,0.0,0.0
2016-12-12 00:00:00-05:00,19.110000610351562,19.200000762939453,17.450000762939453,17.5,2646800,0.0,0.0
2016-12-13 00:00:00-05:00,17.639999389648438,17.799999237060547,16.469999313354492,16.989999771118164,2212800,0.0,0.0
2016-12-14 00:00:00-05:00,16.920000076293945,17.350000381469727,16.729999542236328,16.760000228881836,1682900,0.0,0.0
2016-12-15 00:00:00-05:00,16.5,17.18000030517578,16.3799991607666,16.84000015258789,2735600,0.0,0.0
2016-12-16 00:00:00-05:00,16.860000610351562,17.170000076293945,16.200000762939453,16.299999237060547,3830800,0.0,0.0
2016-12-19 00:00:00-05:00,16.030000686645508,16.530000686645508,16.030000686645508,16.3799991607666,1385900,0.0,0.0
2016-12-20 00:00:00-05:00,16.350000381469727,17.459999084472656,16.350000381469727,17.280000686645508,2139200,0.0,0.0
2016-12-21 00:00:00-05:00,17.34000015258789,17.600000381469727,17.059999465942383,17.399999618530273,1709700,0.0,0.0
2016-12-22 00:00:00-05:00,17.309999465942383,17.68000030517578,16.6299991607666,16.690000534057617,1852800,0.0,0.0
2016-12-23 00:00:00-05:00,16.639999389648438,16.729999542236328,16.309999465942383,16.43000030517578,1079600,0.0,0.0
2016-12-27 00:00:00-05:00,16.610000610351562,16.770000457763672,16.420000076293945,16.670000076293945,810700,0.0,0.0
2016-12-28 00:00:00-05:00,16.81999969482422,16.899999618530273,16.1299991607666,16.170000076293945,1006800,0.0,0.0
2016-12-29 00:00:00-05:00,16.190000534057617,16.40999984741211,15.829999923706055,16.15999984741211,1690200,0.0,0.0
2016-12-30 00:00:00-05:00,16.239999771118164,16.360000610351562,15.850000381469727,15.930000305175781,1284100,0.0,0.0
2017-01-03 00:00:00-05:00,16.25,16.459999084472656,15.9399995803833,16.299999237060547,1165000,0.0,0.0
2017-01-04 00:00:00-05:00,16.3700008392334,17.3799991607666,16.31999969482422,17.31999969482422,1653500,0.0,0.0
2017-01-05 00:00:00-05:00,16.899999618530273,17.149999618530273,16.399999618530273,16.6299991607666,1762200,0.0,0.0
2017-01-06 00:00:00-05:00,16.469999313354492,16.700000762939453,16.020000457763672,16.079999923706055,1965200,0.0,0.0
2017-01-09 00:00:00-05:00,16.1200008392334,16.469999313354492,16.010000228881836,16.149999618530273,1331700,0.0,0.0
2017-01-10 00:00:00-05:00,16.520000457763672,16.799999237060547,16.219999313354492,16.510000228881836,1885000,0.0,0.0
2017-01-11 00:00:00-05:00,16.469999313354492,16.59000015258789,16.0,16.18000030517578,2150200,0.0,0.0
2017-01-12 00:00:00-05:00,15.829999923706055,16.40999984741211,15.609999656677246,16.3700008392334,3204900,0.0,0.0
2017-01-13 00:00:00-05:00,16.350000381469727,16.700000762939453,16.290000915527344,16.40999984741211,1069700,0.0,0.0
2017-01-17 00:00:00-05:00,16.530000686645508,16.719999313354492,16.3700008392334,16.559999465942383,921800,0.0,0.0
2017-01-18 00:00:00-05:00,16.610000610351562,17.299999237060547,16.520000457763672,17.079999923706055,1841500,0.0,0.0
2017-01-19 00:00:00-05:00,16.90999984741211,16.969999313354492,16.3799991607666,16.700000762939453,3132900,0.0,0.0
2017-01-20 00:00:00-05:00,16.209999084472656,17.059999465942383,15.970000267028809,17.059999465942383,4446500,0.0,0.0
2017-01-23 00:00:00-05:00,17.1200008392334,17.3700008392334,16.59000015258789,16.989999771118164,3616600,0.0,0.0
2017-01-24 00:00:00-05:00,19.450000762939453,22.889999389648438,19.100000381469727,22.280000686645508,20764200,0.0,0.0
2017-01-25 00:00:00-05:00,22.0,23.690000534057617,21.270000457763672,21.8799991607666,10934700,0.0,0.0
2017-01-26 00:00:00-05:00,21.690000534057617,22.68000030517578,21.270000457763672,21.5,6150900,0.0,0.0
2017-01-27 00:00:00-05:00,21.610000610351562,22.489999771118164,21.010000228881836,21.829999923706055,4200800,0.0,0.0
2017-01-30 00:00:00-05:00,21.600000381469727,21.6200008392334,20.81999969482422,21.469999313354492,3413700,0.0,0.0
2017-01-31 00:00:00-05:00,21.559999465942383,21.770000457763672,20.940000534057617,21.729999542236328,3186200,0.0,0.0
2017-02-01 00:00:00-05:00,21.920000076293945,22.389999389648438,21.1299991607666,21.6200008392334,3254400,0.0,0.0
2017-02-02 00:00:00-05:00,21.3700008392334,22.030000686645508,21.149999618530273,21.600000381469727,3188800,0.0,0.0
2017-02-03 00:00:00-05:00,21.520000457763672,21.799999237060547,21.260000228881836,21.649999618530273,1709400,0.0,0.0
2017-02-06 00:00:00-05:00,21.579999923706055,21.829999923706055,21.170000076293945,21.209999084472656,2288400,0.0,0.0
2017-02-07 00:00:00-05:00,21.260000228881836,21.540000915527344,20.549999237060547,20.579999923706055,2904900,0.0,0.0
2017-02-08 00:00:00-05:00,20.559999465942383,20.829999923706055,19.989999771118164,20.399999618530273,2667200,0.0,0.0
2017-02-09 00:00:00-05:00,20.399999618530273,21.34000015258789,20.399999618530273,21.110000610351562,2710100,0.0,0.0
2017-02-10 00:00:00-05:00,21.309999465942383,21.469999313354492,20.940000534057617,21.030000686645508,1640200,0.0,0.0
2017-02-13 00:00:00-05:00,21.389999389648438,21.979999542236328,21.329999923706055,21.799999237060547,3155900,0.0,0.0
2017-02-14 00:00:00-05:00,21.690000534057617,21.75,21.290000915527344,21.540000915527344,2340400,0.0,0.0
2017-02-15 00:00:00-05:00,21.25,21.56999969482422,21.100000381469727,21.200000762939453,3057300,0.0,0.0
2017-02-16 00:00:00-05:00,21.200000762939453,21.34000015258789,20.479999542236328,20.59000015258789,1933900,0.0,0.0
2017-02-17 00:00:00-05:00,20.510000228881836,20.56999969482422,20.030000686645508,20.139999389648438,1831000,0.0,0.0
2017-02-21 00:00:00-05:00,20.299999237060547,20.68000030517578,20.25,20.59000015258789,1836000,0.0,0.0
2017-02-22 00:00:00-05:00,20.43000030517578,20.510000228881836,19.530000686645508,19.719999313354492,2158800,0.0,0.0
2017-02-23 00:00:00-05:00,19.920000076293945,20.049999237060547,18.829999923706055,19.280000686645508,2665800,0.0,0.0
2017-02-24 00:00:00-05:00,18.989999771118164,19.700000762939453,18.760000228881836,19.260000228881836,2207800,0.0,0.0
2017-02-27 00:00:00-05:00,19.229999542236328,20.09000015258789,19.219999313354492,19.6299991607666,2122900,0.0,0.0
2017-02-28 00:00:00-05:00,19.579999923706055,19.899999618530273,19.010000228881836,19.209999084472656,1620000,0.0,0.0
2017-03-01 00:00:00-05:00,19.850000381469727,20.280000686645508,19.850000381469727,19.940000534057617,1936900,0.0,0.0
2017-03-02 00:00:00-05:00,19.709999084472656,19.850000381469727,18.959999084472656,18.979999542236328,2245900,0.0,0.0
2017-03-03 00:00:00-05:00,18.979999542236328,19.239999771118164,18.389999389648438,19.059999465942383,2743600,0.0,0.0
2017-03-06 00:00:00-05:00,18.739999771118164,18.920000076293945,18.010000228881836,18.610000610351562,2265500,0.0,0.0
2017-03-07 00:00:00-05:00,18.559999465942383,18.84000015258789,17.700000762939453,17.719999313354492,2066200,0.0,0.0
2017-03-08 00:00:00-05:00,17.81999969482422,18.110000610351562,17.649999618530273,17.75,2350700,0.0,0.0
2017-03-09 00:00:00-05:00,17.610000610351562,17.81999969482422,16.799999237060547,17.31999969482422,2897300,0.0,0.0
2017-03-10 00:00:00-05:00,17.549999237060547,17.729999542236328,17.020000457763672,17.3700008392334,2357800,0.0,0.0
2017-03-13 00:00:00-04:00,17.3700008392334,17.889999389648438,17.260000228881836,17.459999084472656,1674800,0.0,0.0
2017-03-14 00:00:00-04:00,17.25,17.510000228881836,16.959999084472656,17.420000076293945,1724600,0.0,0.0
2017-03-15 00:00:00-04:00,17.690000534057617,17.809999465942383,17.229999542236328,17.75,3320600,0.0,0.0
2017-03-16 00:00:00-04:00,18.200000762939453,18.850000381469727,17.860000610351562,18.1299991607666,3731500,0.0,0.0
2017-03-17 00:00:00-04:00,18.280000686645508,18.530000686645508,17.799999237060547,18.020000457763672,4594800,0.0,0.0
2017-03-20 00:00:00-04:00,17.959999084472656,18.0,17.360000610351562,17.559999465942383,2067500,0.0,0.0
2017-03-21 00:00:00-04:00,17.770000457763672,18.020000457763672,16.81999969482422,17.079999923706055,3272700,0.0,0.0
2017-03-22 00:00:00-04:00,17.020000457763672,17.420000076293945,16.68000030517578,17.3799991607666,3120700,0.0,0.0
2017-03-23 00:00:00-04:00,17.450000762939453,17.549999237060547,16.8799991607666,17.299999237060547,3252100,0.0,0.0
2017-03-24 00:00:00-04:00,17.360000610351562,17.530000686645508,17.059999465942383,17.270000457763672,2646200,0.0,0.0
2017-03-27 00:00:00-04:00,16.56999969482422,17.049999237060547,16.399999618530273,17.020000457763672,3074400,0.0,0.0
2017-03-28 00:00:00-04:00,17.030000686645508,17.75,16.809999465942383,17.549999237060547,2193100,0.0,0.0
2017-03-29 00:00:00-04:00,17.459999084472656,17.899999618530273,17.299999237060547,17.579999923706055,1634300,0.0,0.0
2017-03-30 00:00:00-04:00,17.600000381469727,18.010000228881836,17.559999465942383,17.950000762939453,2452800,0.0,0.0
2017-03-31 00:00:00-04:00,17.940000534057617,18.100000381469727,17.770000457763672,17.959999084472656,1406000,0.0,0.0
2017-04-03 00:00:00-04:00,18.1299991607666,18.34000015258789,17.270000457763672,17.520000457763672,1890000,0.0,0.0
2017-04-04 00:00:00-04:00,17.520000457763672,18.059999465942383,17.399999618530273,18.049999237060547,2348300,0.0,0.0
2017-04-05 00:00:00-04:00,18.329999923706055,18.469999313354492,17.31999969482422,17.510000228881836,2651800,0.0,0.0
2017-04-06 00:00:00-04:00,17.520000457763672,17.940000534057617,17.3799991607666,17.739999771118164,1326500,0.0,0.0
2017-04-07 00:00:00-04:00,17.579999923706055,18.290000915527344,17.520000457763672,18.209999084472656,2022600,0.0,0.0
2017-04-10 00:00:00-04:00,18.270000457763672,18.3799991607666,17.75,18.229999542236328,1654900,0.0,0.0
2017-04-11 00:00:00-04:00,18.239999771118164,18.649999618530273,17.729999542236328,18.510000228881836,1687800,0.0,0.0
2017-04-12 00:00:00-04:00,18.360000610351562,18.360000610351562,17.729999542236328,17.790000915527344,2550200,0.0,0.0
2017-04-13 00:00:00-04:00,17.75,17.899999618530273,17.06999969482422,17.139999389648438,2922600,0.0,0.0
2017-04-17 00:00:00-04:00,17.25,17.3700008392334,16.760000228881836,16.940000534057617,1739900,0.0,0.0
2017-04-18 00:00:00-04:00,16.600000381469727,17.18000030517578,16.600000381469727,16.920000076293945,2228900,0.0,0.0
2017-04-19 00:00:00-04:00,17.079999923706055,17.309999465942383,16.760000228881836,16.81999969482422,2656200,0.0,0.0
2017-04-20 00:00:00-04:00,17.290000915527344,17.479999542236328,16.899999618530273,17.110000610351562,2601900,0.0,0.0
2017-04-21 00:00:00-04:00,17.110000610351562,17.229999542236328,16.770000457763672,17.100000381469727,2274800,0.0,0.0
2017-04-24 00:00:00-04:00,17.489999771118164,18.139999389648438,17.389999389648438,18.100000381469727,4256900,0.0,0.0
2017-04-25 00:00:00-04:00,18.600000381469727,20.110000610351562,17.93000030517578,19.889999389648438,7739900,0.0,0.0
2017-04-26 00:00:00-04:00,19.25,19.25,18.100000381469727,18.950000762939453,5176100,0.0,0.0
2017-04-27 00:00:00-04:00,18.850000381469727,19.049999237060547,18.43000030517578,18.559999465942383,2210200,0.0,0.0
2017-04-28 00:00:00-04:00,18.649999618530273,18.700000762939453,18.31999969482422,18.350000381469727,2443400,0.0,0.0
2017-05-01 00:00:00-04:00,18.440000534057617,18.520000457763672,17.979999542236328,18.420000076293945,1536100,0.0,0.0
2017-05-02 00:00:00-04:00,18.309999465942383,18.59000015258789,17.950000762939453,18.15999984741211,1538400,0.0,0.0
2017-05-03 00:00:00-04:00,17.950000762939453,17.950000762939453,16.739999771118164,16.950000762939453,3168700,0.0,0.0
2017-05-04 00:00:00-04:00,16.440000534057617,17.100000381469727,16.100000381469727,16.6200008392334,2838800,0.0,0.0
2017-05-05 00:00:00-04:00,16.809999465942383,16.93000030517578,16.540000915527344,16.920000076293945,1617500,0.0,0.0
2017-05-08 00:00:00-04:00,16.780000686645508,16.850000381469727,16.40999984741211,16.56999969482422,1637000,0.0,0.0
2017-05-09 00:00:00-04:00,16.610000610351562,16.799999237060547,16.040000915527344,16.110000610351562,1702900,0.0,0.0
2017-05-10 00:00:00-04:00,16.209999084472656,16.40999984741211,15.960000038146973,16.09000015258789,1977600,0.0,0.0
2017-05-11 00:00:00-04:00,16.040000915527344,16.200000762939453,15.569999694824219,15.59000015258789,1855200,0.0,0.0
2017-05-12 00:00:00-04:00,15.34000015258789,15.640000343322754,15.119999885559082,15.329999923706055,2347400,0.0,0.0
2017-05-15 00:00:00-04:00,15.550000190734863,15.9399995803833,15.399999618530273,15.460000038146973,2101000,0.0,0.0
2017-05-16 00:00:00-04:00,15.59000015258789,15.699999809265137,15.199999809265137,15.529999732971191,1668900,0.0,0.0
2017-05-17 00:00:00-04:00,15.529999732971191,15.529999732971191,14.8100004196167,15.09000015258789,2288300,0.0,0.0
2017-05-18 00:00:00-04:00,14.899999618530273,14.989999771118164,14.539999961853027,14.890000343322754,2132100,0.0,0.0
2017-05-19 00:00:00-04:00,15.109999656677246,16.149999618530273,15.050000190734863,15.760000228881836,3437200,0.0,0.0
2017-05-22 00:00:00-04:00,15.90999984741211,16.020000457763672,15.510000228881836,15.8100004196167,1980200,0.0,0.0
2017-05-23 00:00:00-04:00,15.920000076293945,16.530000686645508,15.680000305175781,16.489999771118164,2297900,0.0,0.0
2017-05-24 00:00:00-04:00,16.469999313354492,16.649999618530273,16.0,16.149999618530273,2057600,0.0,0.0
2017-05-25 00:00:00-04:00,16.239999771118164,16.540000915527344,15.859999656677246,16.079999923706055,1395100,0.0,0.0
2017-05-26 00:00:00-04:00,16.09000015258789,16.15999984741211,15.829999923706055,15.930000305175781,1559700,0.0,0.0
2017-05-30 00:00:00-04:00,15.850000381469727,16.09000015258789,15.5,15.880000114440918,1469200,0.0,0.0
2017-05-31 00:00:00-04:00,15.699999809265137,15.850000381469727,14.949999809265137,15.430000305175781,1818900,0.0,0.0
2017-06-01 00:00:00-04:00,15.510000228881836,15.90999984741211,15.25,15.90999984741211,1337800,0.0,0.0
2017-06-02 00:00:00-04:00,15.859999656677246,16.149999618530273,15.789999961853027,15.84000015258789,1197400,0.0,0.0
2017-06-05 00:00:00-04:00,15.789999961853027,16.6299991607666,15.789999961853027,16.3799991607666,2219800,0.0,0.0
2017-06-06 00:00:00-04:00,16.280000686645508,16.68000030517578,15.859999656677246,16.579999923706055,1941600,0.0,0.0
2017-06-07 00:00:00-04:00,16.600000381469727,16.850000381469727,15.9399995803833,16.31999969482422,2117000,0.0,0.0
2017-06-08 00:00:00-04:00,16.270000457763672,17.06999969482422,16.149999618530273,16.940000534057617,1718400,0.0,0.0
2017-06-09 00:00:00-04:00,16.90999984741211,17.190000534057617,16.739999771118164,16.93000030517578,1792900,0.0,0.0
2017-06-12 00:00:00-04:00,16.899999618530273,17.34000015258789,16.899999618530273,17.34000015258789,1981600,0.0,0.0
2017-06-13 00:00:00-04:00,17.459999084472656,17.600000381469727,17.280000686645508,17.520000457763672,1823200,0.0,0.0
2017-06-14 00:00:00-04:00,17.56999969482422,17.56999969482422,17.0,17.239999771118164,2365900,0.0,0.0
2017-06-15 00:00:00-04:00,16.81999969482422,16.969999313354492,16.18000030517578,16.260000228881836,1363300,0.0,0.0
2017-06-16 00:00:00-04:00,16.1299991607666,16.40999984741211,15.890000343322754,16.280000686645508,2372700,0.0,0.0
2017-06-19 00:00:00-04:00,16.420000076293945,16.59000015258789,16.190000534057617,16.270000457763672,1156600,0.0,0.0
2017-06-20 00:00:00-04:00,16.049999237060547,16.299999237060547,15.819999694824219,16.1299991607666,1137300,0.0,0.0
2017-06-21 00:00:00-04:00,16.239999771118164,16.440000534057617,15.869999885559082,15.930000305175781,1214400,0.0,0.0
2017-06-22 00:00:00-04:00,16.020000457763672,16.760000228881836,15.979999542236328,16.540000915527344,1684200,0.0,0.0
2017-06-23 00:00:00-04:00,16.59000015258789,16.940000534057617,16.329999923706055,16.81999969482422,2001400,0.0,0.0
2017-06-26 00:00:00-04:00,16.81999969482422,16.829999923706055,16.34000015258789,16.639999389648438,1255800,0.0,0.0
2017-06-27 00:00:00-04:00,16.790000915527344,17.149999618530273,16.219999313354492,16.229999542236328,2575700,0.0,0.0
2017-06-28 00:00:00-04:00,16.520000457763672,17.3799991607666,16.510000228881836,16.81999969482422,2717500,0.0,0.0
2017-06-29 00:00:00-04:00,17.049999237060547,17.579999923706055,16.899999618530273,17.149999618530273,4286600,0.0,0.0
2017-06-30 00:00:00-04:00,17.209999084472656,17.459999084472656,16.90999984741211,17.010000228881836,2080200,0.0,0.0
2017-07-03 00:00:00-04:00,17.139999389648438,17.799999237060547,17.100000381469727,17.5,1286200,0.0,0.0
2017-07-05 00:00:00-04:00,17.790000915527344,17.940000534057617,17.100000381469727,17.6299991607666,1983100,0.0,0.0
2017-07-06 00:00:00-04:00,17.559999465942383,17.780000686645508,17.190000534057617,17.219999313354492,1658500,0.0,0.0
2017-07-07 00:00:00-04:00,17.200000762939453,17.219999313354492,16.549999237060547,16.93000030517578,1560100,0.0,0.0
2017-07-10 00:00:00-04:00,16.75,17.209999084472656,16.510000228881836,17.09000015258789,1103100,0.0,0.0
2017-07-11 00:00:00-04:00,17.139999389648438,17.700000762939453,16.950000762939453,17.6299991607666,1310100,0.0,0.0
2017-07-12 00:00:00-04:00,17.850000381469727,18.09000015258789,17.68000030517578,17.790000915527344,1274600,0.0,0.0
2017-07-13 00:00:00-04:00,17.809999465942383,18.06999969482422,17.360000610351562,17.75,2151500,0.0,0.0
2017-07-14 00:00:00-04:00,17.829999923706055,17.93000030517578,17.530000686645508,17.540000915527344,1036100,0.0,0.0
2017-07-17 00:00:00-04:00,17.579999923706055,18.170000076293945,17.5,17.93000030517578,1725800,0.0,0.0
2017-07-18 00:00:00-04:00,17.8700008392334,17.920000076293945,17.31999969482422,17.559999465942383,2023100,0.0,0.0
2017-07-19 00:00:00-04:00,17.639999389648438,17.8700008392334,17.1200008392334,17.81999969482422,2570800,0.0,0.0
2017-07-20 00:00:00-04:00,17.850000381469727,18.09000015258789,17.68000030517578,17.93000030517578,1553500,0.0,0.0
2017-07-21 00:00:00-04:00,18.110000610351562,18.1299991607666,17.280000686645508,17.309999465942383,1532100,0.0,0.0
2017-07-24 00:00:00-04:00,17.329999923706055,17.399999618530273,16.81999969482422,17.139999389648438,2791000,0.0,0.0
2017-07-25 00:00:00-04:00,18.040000915527344,19.229999542236328,18.010000228881836,19.110000610351562,5973800,0.0,0.0
2017-07-26 00:00:00-04:00,19.549999237060547,19.639999389648438,18.56999969482422,18.739999771118164,4209500,0.0,0.0
2017-07-27 00:00:00-04:00,18.760000228881836,19.649999618530273,18.5,19.149999618530273,2895700,0.0,0.0
2017-07-28 00:00:00-04:00,19.010000228881836,19.270000457763672,18.670000076293945,18.93000030517578,2138500,0.0,0.0
2017-07-31 00:00:00-04:00,19.06999969482422,19.299999237060547,18.770000457763672,18.940000534057617,1598500,0.0,0.0
2017-08-01 00:00:00-04:00,19.030000686645508,19.139999389648438,18.329999923706055,18.3799991607666,1871200,0.0,0.0
2017-08-02 00:00:00-04:00,18.360000610351562,18.65999984741211,18.100000381469727,18.469999313354492,1326100,0.0,0.0
2017-08-03 00:00:00-04:00,18.469999313354492,18.739999771118164,18.34000015258789,18.450000762939453,781900,0.0,0.0
2017-08-04 00:00:00-04:00,18.549999237060547,18.739999771118164,18.43000030517578,18.549999237060547,863500,0.0,0.0
2017-08-07 00:00:00-04:00,18.75,19.219999313354492,18.670000076293945,18.959999084472656,1175300,0.0,0.0
2017-08-08 00:00:00-04:00,18.790000915527344,19.260000228881836,18.399999618530273,18.59000015258789,1360200,0.0,0.0
2017-08-09 00:00:00-04:00,18.459999084472656,18.520000457763672,18.280000686645508,18.420000076293945,1144800,0.0,0.0
2017-08-10 00:00:00-04:00,18.299999237060547,18.65999984741211,18.010000228881836,18.030000686645508,1493800,0.0,0.0
2017-08-11 00:00:00-04:00,17.670000076293945,18.15999984741211,17.649999618530273,17.889999389648438,1218600,0.0,0.0
2017-08-14 00:00:00-04:00,18.0,18.239999771118164,17.90999984741211,18.079999923706055,786900,0.0,0.0
2017-08-15 00:00:00-04:00,18.030000686645508,18.200000762939453,17.770000457763672,18.049999237060547,893400,0.0,0.0
2017-08-16 00:00:00-04:00,18.18000030517578,18.780000686645508,18.18000030517578,18.479999542236328,983900,0.0,0.0
2017-08-17 00:00:00-04:00,18.299999237060547,18.6299991607666,18.100000381469727,18.110000610351562,1335000,0.0,0.0
2017-08-18 00:00:00-04:00,17.93000030517578,18.6299991607666,17.81999969482422,18.56999969482422,1651100,0.0,0.0
2017-08-21 00:00:00-04:00,18.540000915527344,18.989999771118164,18.489999771118164,18.540000915527344,1258800,0.0,0.0
2017-08-22 00:00:00-04:00,18.829999923706055,20.600000381469727,18.75,20.34000015258789,4843300,0.0,0.0
2017-08-23 00:00:00-04:00,20.139999389648438,20.950000762939453,19.940000534057617,20.540000915527344,1896300,0.0,0.0
2017-08-24 00:00:00-04:00,20.540000915527344,21.06999969482422,20.100000381469727,20.770000457763672,2017200,0.0,0.0
2017-08-25 00:00:00-04:00,20.950000762939453,21.100000381469727,20.200000762939453,20.5,1504100,0.0,0.0
2017-08-28 00:00:00-04:00,20.510000228881836,20.549999237060547,19.8799991607666,19.989999771118164,1707300,0.0,0.0
2017-08-29 00:00:00-04:00,19.639999389648438,20.610000610351562,19.420000076293945,20.399999618530273,2099800,0.0,0.0
2017-08-30 00:00:00-04:00,20.3700008392334,20.84000015258789,20.15999984741211,20.81999969482422,1698600,0.0,0.0
2017-08-31 00:00:00-04:00,21.110000610351562,21.209999084472656,20.780000686645508,20.829999923706055,1205600,0.0,0.0
2017-09-01 00:00:00-04:00,21.1200008392334,21.850000381469727,21.1200008392334,21.59000015258789,1793500,0.0,0.0
2017-09-05 00:00:00-04:00,21.700000762939453,21.84000015258789,20.600000381469727,20.969999313354492,2076100,0.0,0.0
2017-09-06 00:00:00-04:00,21.06999969482422,21.3700008392334,20.979999542236328,21.049999237060547,1474100,0.0,0.0
2017-09-07 00:00:00-04:00,21.059999465942383,21.270000457763672,20.739999771118164,21.149999618530273,1248000,0.0,0.0
2017-09-08 00:00:00-04:00,21.040000915527344,21.059999465942383,20.270000457763672,20.510000228881836,1766700,0.0,0.0
2017-09-11 00:00:00-04:00,22.100000381469727,22.760000228881836,21.780000686645508,22.15999984741211,3755700,0.0,0.0
2017-09-12 00:00:00-04:00,22.299999237060547,22.850000381469727,21.850000381469727,22.309999465942383,2956100,0.0,0.0
2017-09-13 00:00:00-04:00,21.84000015258789,22.770000457763672,21.59000015258789,22.540000915527344,1846800,0.0,0.0
2017-09-14 00:00:00-04:00,22.350000381469727,22.530000686645508,21.8799991607666,22.3799991607666,2760100,0.0,0.0
2017-09-15 00:00:00-04:00,22.239999771118164,23.309999465942383,22.209999084472656,23.260000228881836,3039200,0.0,0.0
2017-09-18 00:00:00-04:00,23.309999465942383,24.0,22.6299991607666,22.799999237060547,3183200,0.0,0.0
2017-09-19 00:00:00-04:00,22.75,22.75,22.139999389648438,22.56999969482422,1966000,0.0,0.0
2017-09-20 00:00:00-04:00,22.709999084472656,22.969999313354492,22.350000381469727,22.719999313354492,1394900,0.0,0.0
2017-09-21 00:00:00-04:00,22.540000915527344,22.760000228881836,22.299999237060547,22.739999771118164,1731100,0.0,0.0
2017-09-22 00:00:00-04:00,22.510000228881836,23.209999084472656,22.510000228881836,22.899999618530273,1472900,0.0,0.0
2017-09-25 00:00:00-04:00,22.899999618530273,23.270000457763672,22.790000915527344,23.15999984741211,2014700,0.0,0.0
2017-09-26 00:00:00-04:00,23.170000076293945,23.40999984741211,23.049999237060547,23.1299991607666,2020200,0.0,0.0
2017-09-27 00:00:00-04:00,23.3799991607666,23.600000381469727,22.75,23.459999084472656,1576900,0.0,0.0
2017-09-28 00:00:00-04:00,23.389999389648438,23.799999237060547,23.09000015258789,23.59000015258789,1729000,0.0,0.0
2017-09-29 00:00:00-04:00,23.690000534057617,24.0,23.459999084472656,23.899999618530273,1178200,0.0,0.0
2017-10-02 00:00:00-04:00,23.899999618530273,24.709999084472656,23.700000762939453,24.709999084472656,2022000,0.0,0.0
2017-10-03 00:00:00-04:00,24.899999618530273,25.1200008392334,24.59000015258789,25.06999969482422,2534800,0.0,0.0
2017-10-04 00:00:00-04:00,24.940000534057617,25.31999969482422,24.940000534057617,25.15999984741211,2007400,0.0,0.0
2017-10-05 00:00:00-04:00,25.43000030517578,25.510000228881836,25.09000015258789,25.190000534057617,2935400,0.0,0.0
2017-10-06 00:00:00-04:00,25.06999969482422,25.200000762939453,24.420000076293945,24.670000076293945,2882500,0.0,0.0
2017-10-09 00:00:00-04:00,24.68000030517578,24.860000610351562,23.709999084472656,23.940000534057617,1361900,0.0,0.0
2017-10-10 00:00:00-04:00,24.100000381469727,24.280000686645508,23.8799991607666,24.010000228881836,1360900,0.0,0.0
2017-10-11 00:00:00-04:00,23.959999084472656,24.450000762939453,23.959999084472656,24.040000915527344,934400,0.0,0.0
2017-10-12 00:00:00-04:00,23.600000381469727,24.899999618530273,23.34000015258789,24.309999465942383,2982400,0.0,0.0
2017-10-13 00:00:00-04:00,24.84000015258789,25.0,24.31999969482422,24.850000381469727,2313800,0.0,0.0
2017-10-16 00:00:00-04:00,25.040000915527344,25.25,24.309999465942383,24.950000762939453,2181800,0.0,0.0
2017-10-17 00:00:00-04:00,24.899999618530273,25.170000076293945,24.459999084472656,24.479999542236328,1695000,0.0,0.0
2017-10-18 00:00:00-04:00,24.40999984741211,24.84000015258789,24.31999969482422,24.459999084472656,1308300,0.0,0.0
2017-10-19 00:00:00-04:00,24.06999969482422,24.239999771118164,23.75,24.059999465942383,1670000,0.0,0.0
2017-10-20 00:00:00-04:00,24.350000381469727,24.690000534057617,24.260000228881836,24.6200008392334,1105900,0.0,0.0
2017-10-23 00:00:00-04:00,24.600000381469727,24.770000457763672,23.8799991607666,23.920000076293945,2093500,0.0,0.0
2017-10-24 00:00:00-04:00,23.700000762939453,25.219999313354492,22.719999313354492,24.719999313354492,3738600,0.0,0.0
2017-10-25 00:00:00-04:00,24.530000686645508,24.889999389648438,24.299999237060547,24.59000015258789,1683800,0.0,0.0
2017-10-26 00:00:00-04:00,24.68000030517578,25.170000076293945,24.639999389648438,24.809999465942383,1481200,0.0,0.0
2017-10-27 00:00:00-04:00,24.59000015258789,25.020000457763672,24.3700008392334,24.84000015258789,1503600,0.0,0.0
2017-10-30 00:00:00-04:00,24.700000762939453,25.3700008392334,24.34000015258789,24.489999771118164,1426700,0.0,0.0
2017-10-31 00:00:00-04:00,24.59000015258789,25.6200008392334,24.420000076293945,25.18000030517578,2559400,0.0,0.0
2017-11-01 00:00:00-04:00,25.899999618530273,26.299999237060547,24.649999618530273,25.1200008392334,2413400,0.0,0.0
2017-11-02 00:00:00-04:00,26.0,26.59000015258789,25.559999465942383,25.670000076293945,2058000,0.0,0.0
2017-11-03 00:00:00-04:00,25.65999984741211,26.209999084472656,25.649999618530273,25.780000686645508,1800600,0.0,0.0
2017-11-06 00:00:00-05:00,26.0,26.190000534057617,25.729999542236328,25.84000015258789,734100,0.0,0.0
2017-11-07 00:00:00-05:00,25.84000015258789,25.950000762939453,25.149999618530273,25.469999313354492,1176900,0.0,0.0
2017-11-08 00:00:00-05:00,24.15999984741211,24.190000534057617,23.170000076293945,23.799999237060547,14981500,0.0,0.0
2017-11-09 00:00:00-05:00,23.229999542236328,24.239999771118164,23.049999237060547,23.889999389648438,4795000,0.0,0.0
2017-11-10 00:00:00-05:00,24.020000457763672,24.020000457763672,21.959999084472656,22.020000457763672,6803200,0.0,0.0
2017-11-13 00:00:00-05:00,21.799999237060547,22.700000762939453,21.6299991607666,22.440000534057617,3855400,0.0,0.0
2017-11-14 00:00:00-05:00,21.979999542236328,22.280000686645508,21.18000030517578,21.6299991607666,3657500,0.0,0.0
2017-11-15 00:00:00-05:00,21.079999923706055,21.719999313354492,21.010000228881836,21.360000610351562,2792700,0.0,0.0
2017-11-16 00:00:00-05:00,21.479999542236328,22.1200008392334,21.43000030517578,21.889999389648438,2297700,0.0,0.0
2017-11-17 00:00:00-05:00,21.600000381469727,21.969999313354492,21.18000030517578,21.93000030517578,3232600,0.0,0.0
2017-11-20 00:00:00-05:00,21.90999984741211,22.110000610351562,21.770000457763672,21.8799991607666,1489900,0.0,0.0
2017-11-21 00:00:00-05:00,22.110000610351562,22.600000381469727,21.920000076293945,22.1299991607666,2037400,0.0,0.0
2017-11-22 00:00:00-05:00,22.389999389648438,22.6299991607666,22.270000457763672,22.469999313354492,2387900,0.0,0.0
2017-11-24 00:00:00-05:00,22.75,22.780000686645508,22.299999237060547,22.31999969482422,728800,0.0,0.0
2017-11-27 00:00:00-05:00,22.31999969482422,22.479999542236328,21.93000030517578,22.360000610351562,1236800,0.0,0.0
2017-11-28 00:00:00-05:00,22.389999389648438,22.479999542236328,21.989999771118164,22.389999389648438,1805400,0.0,0.0
2017-11-29 00:00:00-05:00,22.5,22.790000915527344,22.360000610351562,22.639999389648438,1909300,0.0,0.0
2017-11-30 00:00:00-05:00,22.760000228881836,22.950000762939453,22.579999923706055,22.770000457763672,2748400,0.0,0.0
2017-12-01 00:00:00-05:00,22.899999618530273,23.31999969482422,22.239999771118164,22.690000534057617,2838900,0.0,0.0
2017-12-04 00:00:00-05:00,23.110000610351562,23.489999771118164,22.850000381469727,22.850000381469727,1596100,0.0,0.0
2017-12-05 00:00:00-05:00,22.719999313354492,22.8799991607666,22.110000610351562,22.1200008392334,2357400,0.0,0.0
2017-12-06 00:00:00-05:00,22.059999465942383,22.399999618530273,21.530000686645508,21.790000915527344,2300200,0.0,0.0
2017-12-07 00:00:00-05:00,21.719999313354492,22.3700008392334,21.690000534057617,22.219999313354492,1876800,0.0,0.0
2017-12-08 00:00:00-05:00,22.459999084472656,22.93000030517578,22.229999542236328,22.600000381469727,1295900,0.0,0.0
2017-12-11 00:00:00-05:00,22.889999389648438,23.799999237060547,22.889999389648438,23.420000076293945,1668800,0.0,0.0
2017-12-12 00:00:00-05:00,23.540000915527344,23.850000381469727,23.149999618530273,23.260000228881836,1776700,0.0,0.0
2017-12-13 00:00:00-05:00,23.299999237060547,23.709999084472656,23.149999618530273,23.540000915527344,1821500,0.0,0.0
2017-12-14 00:00:00-05:00,23.5,23.809999465942383,23.139999389648438,23.15999984741211,1555200,0.0,0.0
2017-12-15 00:00:00-05:00,23.299999237060547,23.75,23.299999237060547,23.489999771118164,2781400,0.0,0.0
2017-12-18 00:00:00-05:00,23.75,24.6200008392334,23.729999542236328,24.540000915527344,1611900,0.0,0.0
2017-12-19 00:00:00-05:00,24.600000381469727,24.780000686645508,24.479999542236328,24.739999771118164,2320600,0.0,0.0
2017-12-20 00:00:00-05:00,24.899999618530273,24.90999984741211,24.299999237060547,24.739999771118164,2541500,0.0,0.0
2017-12-21 00:00:00-05:00,24.760000228881836,24.799999237060547,24.3799991607666,24.559999465942383,1159800,0.0,0.0
2017-12-22 00:00:00-05:00,24.540000915527344,24.639999389648438,24.280000686645508,24.6200008392334,736700,0.0,0.0
2017-12-26 00:00:00-05:00,24.579999923706055,25.110000610351562,24.579999923706055,24.90999984741211,820300,0.0,0.0
2017-12-27 00:00:00-05:00,24.920000076293945,25.049999237060547,24.469999313354492,24.579999923706055,650300,0.0,0.0
2017-12-28 00:00:00-05:00,24.600000381469727,24.84000015258789,24.420000076293945,24.510000228881836,864600,0.0,0.0
2017-12-29 00:00:00-05:00,24.6299991607666,24.739999771118164,24.1299991607666,24.139999389648438,1329200,0.0,0.0
2018-01-02 00:00:00-05:00,24.469999313354492,25.649999618530273,24.3700008392334,25.6200008392334,2551300,0.0,0.0
2018-01-03 00:00:00-05:00,25.780000686645508,26.209999084472656,25.43000030517578,26.110000610351562,2195300,0.0,0.0
2018-01-04 00:00:00-05:00,26.229999542236328,27.190000534057617,25.959999084472656,26.639999389648438,2419800,0.0,0.0
2018-01-05 00:00:00-05:00,26.68000030517578,26.8799991607666,26.219999313354492,26.670000076293945,1316800,0.0,0.0
2018-01-08 00:00:00-05:00,27.200000762939453,27.709999084472656,27.059999465942383,27.260000228881836,3890800,0.0,0.0
2018-01-09 00:00:00-05:00,27.209999084472656,27.350000381469727,26.420000076293945,27.25,1856400,0.0,0.0
2018-01-10 00:00:00-05:00,27.25,27.489999771118164,27.15999984741211,27.389999389648438,1542800,0.0,0.0
2018-01-11 00:00:00-05:00,27.649999618530273,29.170000076293945,27.520000457763672,29.139999389648438,3223700,0.0,0.0
2018-01-12 00:00:00-05:00,29.31999969482422,29.389999389648438,28.610000610351562,28.700000762939453,3446300,0.0,0.0
2018-01-16 00:00:00-05:00,28.75,28.899999618530273,27.420000076293945,27.729999542236328,2761900,0.0,0.0
2018-01-17 00:00:00-05:00,27.860000610351562,28.15999984741211,27.559999465942383,27.969999313354492,2329000,0.0,0.0
2018-01-18 00:00:00-05:00,27.93000030517578,28.6299991607666,27.739999771118164,28.229999542236328,1700300,0.0,0.0
2018-01-19 00:00:00-05:00,28.18000030517578,28.530000686645508,27.899999618530273,28.170000076293945,1544500,0.0,0.0
2018-01-22 00:00:00-05:00,28.18000030517578,28.670000076293945,27.81999969482422,28.190000534057617,4078500,0.0,0.0
2018-01-23 00:00:00-05:00,30.059999465942383,30.25,28.649999618530273,29.770000457763672,6676000,0.0,0.0
2018-01-24 00:00:00-05:00,29.559999465942383,29.81999969482422,28.149999618530273,28.739999771118164,2935500,0.0,0.0
2018-01-25 00:00:00-05:00,28.8799991607666,29.110000610351562,27.559999465942383,28.170000076293945,2386700,0.0,0.0
2018-01-26 00:00:00-05:00,28.260000228881836,28.799999237060547,27.899999618530273,28.510000228881836,1244600,0.0,0.0
2018-01-29 00:00:00-05:00,28.5,29.040000915527344,28.40999984741211,28.549999237060547,1248900,0.0,0.0
2018-01-30 00:00:00-05:00,28.260000228881836,28.549999237060547,27.579999923706055,27.579999923706055,1630100,0.0,0.0
2018-01-31 00:00:00-05:00,27.65999984741211,28.100000381469727,26.700000762939453,26.959999084472656,2212200,0.0,0.0
2018-02-01 00:00:00-05:00,26.790000915527344,27.68000030517578,26.790000915527344,27.40999984741211,1782700,0.0,0.0
2018-02-02 00:00:00-05:00,27.1200008392334,27.170000076293945,26.110000610351562,26.34000015258789,1754700,0.0,0.0
2018-02-05 00:00:00-05:00,25.90999984741211,26.780000686645508,25.1200008392334,25.15999984741211,1649200,0.0,0.0
2018-02-06 00:00:00-05:00,24.469999313354492,26.149999618530273,24.229999542236328,25.860000610351562,1989000,0.0,0.0
2018-02-07 00:00:00-05:00,25.799999237060547,26.209999084472656,25.549999237060547,25.8700008392334,2031500,0.0,0.0
2018-02-08 00:00:00-05:00,25.979999542236328,26.770000457763672,25.290000915527344,25.399999618530273,2342800,0.0,0.0
2018-02-09 00:00:00-05:00,25.860000610351562,26.440000534057617,24.950000762939453,26.25,2221600,0.0,0.0
2018-02-12 00:00:00-05:00,26.459999084472656,26.90999984741211,25.8799991607666,26.6299991607666,1093400,0.0,0.0
2018-02-13 00:00:00-05:00,26.479999542236328,27.15999984741211,26.3799991607666,26.920000076293945,1162000,0.0,0.0
2018-02-14 00:00:00-05:00,26.68000030517578,28.239999771118164,26.299999237060547,27.989999771118164,1993300,0.0,0.0
2018-02-15 00:00:00-05:00,28.25,28.3700008392334,27.639999389648438,28.110000610351562,1233900,0.0,0.0
2018-02-16 00:00:00-05:00,27.90999984741211,28.979999542236328,27.770000457763672,27.81999969482422,2292900,0.0,0.0
2018-02-20 00:00:00-05:00,27.389999389648438,27.719999313354492,25.75,25.790000915527344,4286700,0.0,0.0
2018-02-21 00:00:00-05:00,26.040000915527344,26.639999389648438,25.8799991607666,25.899999618530273,1724100,0.0,0.0
2018-02-22 00:00:00-05:00,26.329999923706055,27.030000686645508,26.200000762939453,26.6299991607666,1529600,0.0,0.0
2018-02-23 00:00:00-05:00,26.809999465942383,27.299999237060547,26.700000762939453,27.260000228881836,1276400,0.0,0.0
2018-02-26 00:00:00-05:00,27.6200008392334,27.6200008392334,26.6200008392334,26.989999771118164,1631900,0.0,0.0
2018-02-27 00:00:00-05:00,26.8700008392334,27.43000030517578,26.809999465942383,27.030000686645508,920200,0.0,0.0
2018-02-28 00:00:00-05:00,27.030000686645508,27.170000076293945,25.809999465942383,25.90999984741211,1114700,0.0,0.0
2018-03-01 00:00:00-05:00,26.079999923706055,26.809999465942383,25.3799991607666,25.610000610351562,2132800,0.0,0.0
2018-03-02 00:00:00-05:00,26.700000762939453,26.850000381469727,25.290000915527344,26.59000015258789,2357700,0.0,0.0
2018-03-05 00:00:00-05:00,26.239999771118164,27.18000030517578,26.139999389648438,27.0,1688300,0.0,0.0
2018-03-06 00:00:00-05:00,27.149999618530273,27.850000381469727,26.850000381469727,27.709999084472656,1321200,0.0,0.0
2018-03-07 00:00:00-05:00,27.31999969482422,28.100000381469727,27.270000457763672,27.780000686645508,1185100,0.0,0.0
2018-03-08 00:00:00-05:00,27.700000762939453,27.75,26.940000534057617,27.579999923706055,1037700,0.0,0.0
2018-03-09 00:00:00-05:00,27.93000030517578,28.290000915527344,27.709999084472656,28.239999771118164,1585200,0.0,0.0
2018-03-12 00:00:00-04:00,28.260000228881836,28.770000457763672,28.06999969482422,28.600000381469727,1332900,0.0,0.0
2018-03-13 00:00:00-04:00,28.559999465942383,28.809999465942383,27.969999313354492,28.049999237060547,908000,0.0,0.0
2018-03-14 00:00:00-04:00,28.280000686645508,28.420000076293945,27.450000762939453,27.549999237060547,813900,0.0,0.0
2018-03-15 00:00:00-04:00,27.540000915527344,27.59000015258789,26.84000015258789,27.020000457763672,872700,0.0,0.0
2018-03-16 00:00:00-04:00,27.06999969482422,27.790000915527344,26.829999923706055,27.079999923706055,2008900,0.0,0.0
2018-03-19 00:00:00-04:00,26.860000610351562,26.950000762939453,26.079999923706055,26.600000381469727,1546500,0.0,0.0
2018-03-20 00:00:00-04:00,26.260000228881836,26.389999389648438,25.559999465942383,25.84000015258789,2305400,0.0,0.0
2018-03-21 00:00:00-04:00,25.940000534057617,26.329999923706055,25.639999389648438,25.75,1703100,0.0,0.0
2018-03-22 00:00:00-04:00,25.299999237060547,25.489999771118164,24.1200008392334,24.139999389648438,2204400,0.0,0.0
2018-03-23 00:00:00-04:00,24.290000915527344,24.299999237060547,23.299999237060547,23.350000381469727,2213900,0.0,0.0
2018-03-26 00:00:00-04:00,23.760000228881836,24.0,22.989999771118164,23.6200008392334,1699300,0.0,0.0
2018-03-27 00:00:00-04:00,23.770000457763672,23.920000076293945,22.940000534057617,23.360000610351562,2355500,0.0,0.0
2018-03-28 00:00:00-04:00,23.360000610351562,23.360000610351562,22.700000762939453,22.790000915527344,2019600,0.0,0.0
2018-03-29 00:00:00-04:00,23.149999618530273,23.93000030517578,23.09000015258789,23.68000030517578,2920700,0.0,0.0
2018-04-02 00:00:00-04:00,23.5,23.899999618530273,22.93000030517578,23.3700008392334,2164200,0.0,0.0
2018-04-03 00:00:00-04:00,23.610000610351562,24.149999618530273,23.450000762939453,23.68000030517578,1876200,0.0,0.0
2018-04-04 00:00:00-04:00,23.030000686645508,23.979999542236328,23.0,23.93000030517578,1266100,0.0,0.0
2018-04-05 00:00:00-04:00,24.270000457763672,24.940000534057617,24.270000457763672,24.75,905000,0.0,0.0
2018-04-06 00:00:00-04:00,24.360000610351562,24.670000076293945,23.690000534057617,23.850000381469727,1841900,0.0,0.0
2018-04-09 00:00:00-04:00,24.010000228881836,24.8799991607666,24.010000228881836,24.350000381469727,1550400,0.0,0.0
2018-04-10 00:00:00-04:00,24.920000076293945,25.40999984741211,24.540000915527344,25.200000762939453,1683300,0.0,0.0
2018-04-11 00:00:00-04:00,24.8799991607666,25.260000228881836,24.799999237060547,24.959999084472656,838700,0.0,0.0
2018-04-12 00:00:00-04:00,25.1200008392334,25.420000076293945,25.010000228881836,25.110000610351562,838800,0.0,0.0
2018-04-13 00:00:00-04:00,25.729999542236328,26.670000076293945,25.510000228881836,25.75,2626500,0.0,0.0
2018-04-16 00:00:00-04:00,25.93000030517578,26.0,25.420000076293945,25.8799991607666,1371200,0.0,0.0
2018-04-17 00:00:00-04:00,26.18000030517578,26.18000030517578,25.639999389648438,25.850000381469727,1467100,0.0,0.0
2018-04-18 00:00:00-04:00,26.489999771118164,26.989999771118164,26.209999084472656,26.290000915527344,1640200,0.0,0.0
2018-04-19 00:00:00-04:00,26.43000030517578,26.5,25.709999084472656,26.309999465942383,1557000,0.0,0.0
2018-04-20 00:00:00-04:00,26.350000381469727,26.510000228881836,25.770000457763672,25.940000534057617,1101500,0.0,0.0
2018-04-23 00:00:00-04:00,25.780000686645508,26.030000686645508,25.110000610351562,25.899999618530273,2486700,0.0,0.0
2018-04-24 00:00:00-04:00,27.25,27.770000457763672,26.139999389648438,27.6200008392334,5825300,0.0,0.0
2018-04-25 00:00:00-04:00,27.479999542236328,27.6299991607666,26.510000228881836,27.06999969482422,2213100,0.0,0.0
2018-04-26 00:00:00-04:00,27.1200008392334,27.600000381469727,27.079999923706055,27.40999984741211,1330100,0.0,0.0
2018-04-27 00:00:00-04:00,27.389999389648438,27.84000015258789,26.889999389648438,26.989999771118164,1796100,0.0,0.0
2018-04-30 00:00:00-04:00,27.0,27.389999389648438,26.5,26.56999969482422,1444400,0.0,0.0
2018-05-01 00:00:00-04:00,26.350000381469727,26.3799991607666,25.229999542236328,26.15999984741211,1706000,0.0,0.0
2018-05-02 00:00:00-04:00,26.329999923706055,26.729999542236328,26.1200008392334,26.34000015258789,1642000,0.0,0.0
2018-05-03 00:00:00-04:00,26.299999237060547,27.020000457763672,26.1200008392334,26.920000076293945,1472300,0.0,0.0
2018-05-04 00:00:00-04:00,26.8700008392334,28.079999923706055,26.700000762939453,27.829999923706055,2949400,0.0,0.0
2018-05-07 00:00:00-04:00,27.860000610351562,28.579999923706055,27.860000610351562,28.5,1833800,0.0,0.0
2018-05-08 00:00:00-04:00,28.3799991607666,28.690000534057617,28.290000915527344,28.420000076293945,1842600,0.0,0.0
2018-05-09 00:00:00-04:00,28.579999923706055,28.6200008392334,28.149999618530273,28.229999542236328,1358900,0.0,0.0
2018-05-10 00:00:00-04:00,28.25,28.950000762939453,27.200000762939453,28.329999923706055,1250200,0.0,0.0
2018-05-11 00:00:00-04:00,28.459999084472656,28.770000457763672,28.25,28.399999618530273,685300,0.0,0.0
2018-05-14 00:00:00-04:00,28.559999465942383,28.709999084472656,28.020000457763672,28.1299991607666,683900,0.0,0.0
2018-05-15 00:00:00-04:00,27.790000915527344,28.489999771118164,27.6200008392334,28.15999984741211,1047700,0.0,0.0
2018-05-16 00:00:00-04:00,28.389999389648438,29.040000915527344,28.270000457763672,28.829999923706055,1215700,0.0,0.0
2018-05-17 00:00:00-04:00,28.829999923706055,29.0,28.479999542236328,28.739999771118164,997900,0.0,0.0
2018-05-18 00:00:00-04:00,28.719999313354492,28.93000030517578,28.5,28.549999237060547,784200,0.0,0.0
2018-05-21 00:00:00-04:00,28.610000610351562,28.719999313354492,28.219999313354492,28.450000762939453,738000,0.0,0.0
2018-05-22 00:00:00-04:00,28.6200008392334,28.780000686645508,28.270000457763672,28.280000686645508,801700,0.0,0.0
2018-05-23 00:00:00-04:00,28.079999923706055,28.479999542236328,27.780000686645508,28.309999465942383,1079500,0.0,0.0
2018-05-24 00:00:00-04:00,28.190000534057617,28.290000915527344,27.719999313354492,28.139999389648438,823300,0.0,0.0
2018-05-25 00:00:00-04:00,27.8799991607666,27.969999313354492,27.09000015258789,27.350000381469727,1231300,0.0,0.0
2018-05-29 00:00:00-04:00,26.969999313354492,27.540000915527344,26.75,26.969999313354492,1159900,0.0,0.0
2018-05-30 00:00:00-04:00,27.84000015258789,28.440000534057617,27.809999465942383,28.170000076293945,2037300,0.0,0.0
2018-05-31 00:00:00-04:00,28.5,29.059999465942383,28.139999389648438,28.520000457763672,2437100,0.0,0.0
2018-06-01 00:00:00-04:00,28.940000534057617,29.84000015258789,28.700000762939453,28.760000228881836,3551000,0.0,0.0
2018-06-04 00:00:00-04:00,28.790000915527344,29.0,27.940000534057617,28.229999542236328,1108700,0.0,0.0
2018-06-05 00:00:00-04:00,28.309999465942383,28.809999465942383,28.1200008392334,28.760000228881836,1087600,0.0,0.0
2018-06-06 00:00:00-04:00,28.979999542236328,29.549999237060547,28.799999237060547,29.520000457763672,1403900,0.0,0.0
2018-06-07 00:00:00-04:00,29.389999389648438,29.8700008392334,28.649999618530273,29.010000228881836,1048300,0.0,0.0
2018-06-08 00:00:00-04:00,28.90999984741211,29.170000076293945,28.59000015258789,28.719999313354492,1315500,0.0,0.0
2018-06-11 00:00:00-04:00,28.860000610351562,29.219999313354492,28.610000610351562,29.15999984741211,1554700,0.0,0.0
2018-06-12 00:00:00-04:00,29.209999084472656,29.299999237060547,28.75,28.8799991607666,1615100,0.0,0.0
2018-06-13 00:00:00-04:00,28.989999771118164,29.110000610351562,28.25,28.479999542236328,9786800,0.0,0.0
2018-06-14 00:00:00-04:00,28.649999618530273,28.649999618530273,27.90999984741211,28.170000076293945,1130800,0.0,0.0
2018-06-15 00:00:00-04:00,27.350000381469727,27.780000686645508,26.829999923706055,27.780000686645508,2587000,0.0,0.0
2018-06-18 00:00:00-04:00,27.5,28.479999542236328,27.5,28.200000762939453,2306100,0.0,0.0
2018-06-19 00:00:00-04:00,27.600000381469727,27.600000381469727,26.799999237060547,27.239999771118164,2357800,0.0,0.0
2018-06-20 00:00:00-04:00,27.489999771118164,28.100000381469727,27.280000686645508,27.959999084472656,1306900,0.0,0.0
2018-06-21 00:00:00-04:00,27.790000915527344,27.8700008392334,27.209999084472656,27.34000015258789,1175700,0.0,0.0
2018-06-22 00:00:00-04:00,27.700000762939453,28.010000228881836,27.299999237060547,27.309999465942383,2079100,0.0,0.0
2018-06-25 00:00:00-04:00,26.309999465942383,26.6299991607666,24.440000534057617,24.829999923706055,3410500,0.0,0.0
2018-06-26 00:00:00-04:00,24.889999389648438,25.260000228881836,24.520000457763672,25.15999984741211,1498900,0.0,0.0
2018-06-27 00:00:00-04:00,25.399999618530273,25.780000686645508,25.190000534057617,25.229999542236328,1709700,0.0,0.0
2018-06-28 00:00:00-04:00,25.229999542236328,25.350000381469727,24.729999542236328,25.110000610351562,1052500,0.0,0.0
2018-06-29 00:00:00-04:00,25.219999313354492,25.649999618530273,25.079999923706055,25.1200008392334,1895400,0.0,0.0
2018-07-02 00:00:00-04:00,24.709999084472656,25.260000228881836,24.56999969482422,25.25,1167000,0.0,0.0
2018-07-03 00:00:00-04:00,25.5,25.649999618530273,24.889999389648438,24.969999313354492,527600,0.0,0.0
2018-07-05 00:00:00-04:00,25.25,25.479999542236328,25.030000686645508,25.40999984741211,794800,0.0,0.0
2018-07-06 00:00:00-04:00,25.299999237060547,26.110000610351562,25.059999465942383,25.8799991607666,1096600,0.0,0.0
2018-07-09 00:00:00-04:00,26.190000534057617,26.549999237060547,25.969999313354492,26.350000381469727,598800,0.0,0.0
2018-07-10 00:00:00-04:00,26.34000015258789,26.600000381469727,25.899999618530273,26.31999969482422,949600,0.0,0.0
2018-07-11 00:00:00-04:00,26.020000457763672,26.440000534057617,25.75,26.15999984741211,1262400,0.0,0.0
2018-07-12 00:00:00-04:00,26.479999542236328,26.540000915527344,26.06999969482422,26.479999542236328,1020000,0.0,0.0
2018-07-13 00:00:00-04:00,26.549999237060547,27.049999237060547,26.43000030517578,26.760000228881836,1776100,0.0,0.0
2018-07-16 00:00:00-04:00,26.649999618530273,26.979999542236328,26.110000610351562,26.270000457763672,1930900,0.0,0.0
2018-07-17 00:00:00-04:00,26.260000228881836,26.860000610351562,26.260000228881836,26.709999084472656,915100,0.0,0.0
2018-07-18 00:00:00-04:00,26.68000030517578,27.040000915527344,26.56999969482422,26.940000534057617,2077500,0.0,0.0
2018-07-19 00:00:00-04:00,26.600000381469727,26.639999389648438,26.299999237060547,26.559999465942383,1382600,0.0,0.0
2018-07-20 00:00:00-04:00,26.530000686645508,27.049999237060547,26.260000228881836,26.649999618530273,1582500,0.0,0.0
2018-07-23 00:00:00-04:00,26.709999084472656,26.940000534057617,26.440000534057617,26.799999237060547,1820400,0.0,0.0
2018-07-24 00:00:00-04:00,28.93000030517578,29.75,28.15999984741211,28.670000076293945,6382200,0.0,0.0
2018-07-25 00:00:00-04:00,28.739999771118164,29.200000762939453,28.510000228881836,28.579999923706055,3435500,0.0,0.0
2018-07-26 00:00:00-04:00,28.420000076293945,29.309999465942383,28.270000457763672,28.8799991607666,2685400,0.0,0.0
2018-07-27 00:00:00-04:00,28.989999771118164,29.190000534057617,28.020000457763672,28.15999984741211,1388000,0.0,0.0
2018-07-30 00:00:00-04:00,28.34000015258789,28.530000686645508,27.829999923706055,27.8700008392334,1673500,0.0,0.0
2018-07-31 00:00:00-04:00,27.979999542236328,28.149999618530273,27.700000762939453,27.799999237060547,1359400,0.0,0.0
2018-08-01 00:00:00-04:00,27.670000076293945,28.030000686645508,27.559999465942383,27.770000457763672,1181400,0.0,0.0
2018-08-02 00:00:00-04:00,27.3799991607666,28.010000228881836,27.190000534057617,27.75,988400,0.0,0.0
2018-08-03 00:00:00-04:00,27.770000457763672,27.950000762939453,27.040000915527344,27.280000686645508,921900,0.0,0.0
2018-08-06 00:00:00-04:00,27.190000534057617,27.530000686645508,27.040000915527344,27.3700008392334,877300,0.0,0.0
2018-08-07 00:00:00-04:00,27.709999084472656,27.729999542236328,27.030000686645508,27.1200008392334,678500,0.0,0.0
2018-08-08 00:00:00-04:00,27.799999237060547,28.040000915527344,27.020000457763672,27.1299991607666,1560100,0.0,0.0
2018-08-09 00:00:00-04:00,27.079999923706055,27.25,26.610000610351562,26.81999969482422,1010100,0.0,0.0
2018-08-10 00:00:00-04:00,26.399999618530273,26.979999542236328,26.0,26.579999923706055,965800,0.0,0.0
2018-08-13 00:00:00-04:00,26.6200008392334,26.649999618530273,25.8799991607666,25.969999313354492,1071600,0.0,0.0
2018-08-14 00:00:00-04:00,26.020000457763672,26.700000762939453,25.899999618530273,26.389999389648438,714800,0.0,0.0
2018-08-15 00:00:00-04:00,25.899999618530273,25.940000534057617,24.309999465942383,24.43000030517578,2813700,0.0,0.0
2018-08-16 00:00:00-04:00,24.90999984741211,25.43000030517578,24.829999923706055,25.399999618530273,1731800,0.0,0.0
2018-08-17 00:00:00-04:00,25.280000686645508,25.770000457763672,25.059999465942383,25.709999084472656,1172300,0.0,0.0
2018-08-20 00:00:00-04:00,25.809999465942383,26.219999313354492,25.739999771118164,25.920000076293945,1167200,0.0,0.0
2018-08-21 00:00:00-04:00,26.0,26.350000381469727,25.940000534057617,26.25,1237800,0.0,0.0
2018-08-22 00:00:00-04:00,26.31999969482422,26.649999618530273,26.25,26.469999313354492,634900,0.0,0.0
2018-08-23 00:00:00-04:00,26.360000610351562,26.360000610351562,25.670000076293945,25.739999771118164,884300,0.0,0.0
2018-08-24 00:00:00-04:00,26.059999465942383,26.309999465942383,25.920000076293945,26.139999389648438,929900,0.0,0.0
2018-08-27 00:00:00-04:00,26.209999084472656,26.850000381469727,26.18000030517578,26.6299991607666,1142000,0.0,0.0
2018-08-28 00:00:00-04:00,27.0,27.290000915527344,26.719999313354492,26.770000457763672,2107500,0.0,0.0
2018-08-29 00:00:00-04:00,26.770000457763672,27.389999389648438,26.399999618530273,27.31999969482422,975800,0.0,0.0
2018-08-30 00:00:00-04:00,27.09000015258789,27.280000686645508,26.729999542236328,27.09000015258789,795500,0.0,0.0
2018-08-31 00:00:00-04:00,26.8700008392334,27.139999389648438,26.809999465942383,27.030000686645508,828600,0.0,0.0
2018-09-04 00:00:00-04:00,26.5,26.950000762939453,26.290000915527344,26.40999984741211,1483600,0.0,0.0
2018-09-05 00:00:00-04:00,26.360000610351562,26.489999771118164,25.780000686645508,25.799999237060547,2021300,0.0,0.0
2018-09-06 00:00:00-04:00,25.950000762939453,26.190000534057617,25.59000015258789,25.860000610351562,893200,0.0,0.0
2018-09-07 00:00:00-04:00,25.709999084472656,25.959999084472656,25.1299991607666,25.450000762939453,847000,0.0,0.0
2018-09-10 00:00:00-04:00,25.600000381469727,25.719999313354492,25.110000610351562,25.18000030517578,872800,0.0,0.0
2018-09-11 00:00:00-04:00,24.8799991607666,25.25,24.709999084472656,25.030000686645508,1891300,0.0,0.0
2018-09-12 00:00:00-04:00,25.09000015258789,25.510000228881836,24.829999923706055,25.360000610351562,1269500,0.0,0.0
2018-09-13 00:00:00-04:00,25.700000762939453,25.829999923706055,25.399999618530273,25.790000915527344,1526600,0.0,0.0
2018-09-14 00:00:00-04:00,25.940000534057617,27.299999237060547,25.93000030517578,26.739999771118164,2595800,0.0,0.0
2018-09-17 00:00:00-04:00,26.790000915527344,27.68000030517578,26.790000915527344,27.1200008392334,1432500,0.0,0.0
2018-09-18 00:00:00-04:00,27.579999923706055,28.100000381469727,27.479999542236328,27.780000686645508,2032800,0.0,0.0
2018-09-19 00:00:00-04:00,28.110000610351562,28.8799991607666,27.920000076293945,28.190000534057617,1694700,0.0,0.0
2018-09-20 00:00:00-04:00,28.739999771118164,28.809999465942383,28.100000381469727,28.510000228881836,1532200,0.0,0.0
2018-09-21 00:00:00-04:00,28.459999084472656,28.709999084472656,28.25,28.65999984741211,2340500,0.0,0.0
2018-09-24 00:00:00-04:00,28.649999618530273,29.729999542236328,28.520000457763672,29.06999969482422,2757900,0.0,0.0
2018-09-25 00:00:00-04:00,29.350000381469727,29.760000228881836,29.25,29.709999084472656,1841600,0.0,0.0
2018-09-26 00:00:00-04:00,29.459999084472656,29.739999771118164,29.270000457763672,29.459999084472656,1387500,0.0,0.0
2018-09-27 00:00:00-04:00,29.40999984741211,30.0,29.239999771118164,29.75,1010600,0.0,0.0
2018-09-28 00:00:00-04:00,29.59000015258789,30.18000030517578,29.459999084472656,29.549999237060547,1789000,0.0,0.0
2018-10-01 00:00:00-04:00,29.68000030517578,29.84000015258789,29.239999771118164,29.469999313354492,1188100,0.0,0.0
2018-10-02 00:00:00-04:00,29.5,29.59000015258789,29.100000381469727,29.290000915527344,1560800,0.0,0.0
2018-10-03 00:00:00-04:00,29.5,29.549999237060547,28.139999389648438,28.530000686645508,2336000,0.0,0.0
2018-10-04 00:00:00-04:00,28.510000228881836,28.860000610351562,28.030000686645508,28.25,1135300,0.0,0.0
2018-10-05 00:00:00-04:00,28.06999969482422,28.459999084472656,27.850000381469727,28.299999237060547,921700,0.0,0.0
2018-10-08 00:00:00-04:00,28.270000457763672,28.6299991607666,27.8799991607666,28.56999969482422,1015100,0.0,0.0
2018-10-09 00:00:00-04:00,28.469999313354492,29.190000534057617,28.329999923706055,28.6200008392334,1205200,0.0,0.0
2018-10-10 00:00:00-04:00,28.329999923706055,28.75,27.610000610351562,27.639999389648438,1863200,0.0,0.0
2018-10-11 00:00:00-04:00,27.520000457763672,27.889999389648438,26.8700008392334,26.989999771118164,1662100,0.0,0.0
2018-10-12 00:00:00-04:00,27.399999618530273,27.610000610351562,26.709999084472656,27.09000015258789,1388700,0.0,0.0
2018-10-15 00:00:00-04:00,27.110000610351562,27.420000076293945,26.90999984741211,27.170000076293945,888300,0.0,0.0
2018-10-16 00:00:00-04:00,27.440000534057617,27.81999969482422,26.959999084472656,27.799999237060547,848700,0.0,0.0
2018-10-17 00:00:00-04:00,27.719999313354492,28.079999923706055,27.40999984741211,27.90999984741211,818100,0.0,0.0
2018-10-18 00:00:00-04:00,27.760000228881836,27.989999771118164,26.790000915527344,27.020000457763672,2153400,0.0,0.0
2018-10-19 00:00:00-04:00,27.139999389648438,27.190000534057617,26.520000457763672,26.75,1942800,0.0,0.0
2018-10-22 00:00:00-04:00,26.809999465942383,27.0,26.450000762939453,26.81999969482422,1769800,0.0,0.0
2018-10-23 00:00:00-04:00,23.079999923706055,27.329999923706055,22.3799991607666,26.75,5881500,0.0,0.0
2018-10-24 00:00:00-04:00,26.8799991607666,27.040000915527344,24.989999771118164,25.020000457763672,3269900,0.0,0.0
2018-10-25 00:00:00-04:00,25.290000915527344,26.149999618530273,25.09000015258789,25.770000457763672,2066000,0.0,0.0
2018-10-26 00:00:00-04:00,25.110000610351562,25.799999237060547,24.729999542236328,25.260000228881836,1709300,0.0,0.0
2018-10-29 00:00:00-04:00,25.75,26.079999923706055,24.8700008392334,25.209999084472656,1415300,0.0,0.0
2018-10-30 00:00:00-04:00,25.209999084472656,25.940000534057617,24.829999923706055,25.0,1520200,0.0,0.0
2018-10-31 00:00:00-04:00,25.459999084472656,26.100000381469727,25.3799991607666,25.889999389648438,1559100,0.0,0.0
2018-11-01 00:00:00-04:00,26.25,26.989999771118164,25.90999984741211,26.940000534057617,1530600,0.0,0.0
2018-11-02 00:00:00-04:00,27.25,27.540000915527344,26.829999923706055,27.510000228881836,1260900,0.0,0.0
2018-11-05 00:00:00-05:00,27.510000228881836,28.239999771118164,27.34000015258789,27.739999771118164,1398700,0.0,0.0
2018-11-06 00:00:00-05:00,28.5,28.739999771118164,27.829999923706055,28.280000686645508,1612600,0.0,0.0
2018-11-07 00:00:00-05:00,28.520000457763672,28.610000610351562,28.110000610351562,28.229999542236328,1569500,0.0,0.0
2018-11-08 00:00:00-05:00,28.200000762939453,28.25,26.40999984741211,27.079999923706055,2528700,0.0,0.0
2018-11-09 00:00:00-05:00,26.68000030517578,27.270000457763672,26.139999389648438,27.1200008392334,1320700,0.0,0.0
2018-11-12 00:00:00-05:00,27.06999969482422,27.459999084472656,26.610000610351562,26.920000076293945,1023300,0.0,0.0
2018-11-13 00:00:00-05:00,26.969999313354492,27.75,26.790000915527344,27.1200008392334,784300,0.0,0.0
2018-11-14 00:00:00-05:00,27.34000015258789,27.639999389648438,26.649999618530273,26.860000610351562,855400,0.0,0.0
2018-11-15 00:00:00-05:00,26.649999618530273,27.389999389648438,26.56999969482422,27.3700008392334,820600,0.0,0.0
2018-11-16 00:00:00-05:00,27.149999618530273,27.510000228881836,26.829999923706055,26.969999313354492,1154700,0.0,0.0
2018-11-19 00:00:00-05:00,26.850000381469727,26.8799991607666,25.6299991607666,25.989999771118164,1253700,0.0,0.0
2018-11-20 00:00:00-05:00,25.43000030517578,25.549999237060547,24.56999969482422,25.18000030517578,1671800,0.0,0.0
2018-11-21 00:00:00-05:00,25.3700008392334,26.479999542236328,25.3700008392334,26.059999465942383,686000,0.0,0.0
2018-11-23 00:00:00-05:00,25.219999313354492,25.959999084472656,25.059999465942383,25.579999923706055,475600,0.0,0.0
2018-11-26 00:00:00-05:00,25.639999389648438,26.31999969482422,25.329999923706055,25.979999542236328,907800,0.0,0.0
2018-11-27 00:00:00-05:00,25.6200008392334,25.809999465942383,24.940000534057617,25.25,826700,0.0,0.0
2018-11-28 00:00:00-05:00,25.440000534057617,26.489999771118164,25.0,26.469999313354492,820700,0.0,0.0
2018-11-29 00:00:00-05:00,26.290000915527344,26.479999542236328,25.8799991607666,26.209999084472656,778900,0.0,0.0
2018-11-30 00:00:00-05:00,26.049999237060547,26.3700008392334,25.969999313354492,26.260000228881836,825000,0.0,0.0
2018-12-03 00:00:00-05:00,27.190000534057617,27.350000381469727,26.600000381469727,26.920000076293945,839600,0.0,0.0
2018-12-04 00:00:00-05:00,26.8700008392334,27.030000686645508,25.6200008392334,25.739999771118164,1196900,0.0,0.0
2018-12-06 00:00:00-05:00,25.09000015258789,25.899999618530273,24.610000610351562,25.899999618530273,1370300,0.0,0.0
2018-12-07 00:00:00-05:00,26.079999923706055,26.219999313354492,24.790000915527344,24.90999984741211,1353400,0.0,0.0
2018-12-10 00:00:00-05:00,24.84000015258789,25.09000015258789,24.200000762939453,24.59000015258789,1015200,0.0,0.0
2018-12-11 00:00:00-05:00,25.200000762939453,25.479999542236328,24.489999771118164,24.68000030517578,1052500,0.0,0.0
2018-12-12 00:00:00-05:00,25.15999984741211,25.649999618530273,25.030000686645508,25.1299991607666,683400,0.0,0.0
2018-12-13 00:00:00-05:00,25.329999923706055,25.350000381469727,24.540000915527344,24.610000610351562,1119400,0.0,0.0
2018-12-14 00:00:00-05:00,24.209999084472656,24.59000015258789,23.219999313354492,23.3799991607666,1550100,0.0,0.0
2018-12-17 00:00:00-05:00,23.40999984741211,24.229999542236328,22.6200008392334,22.81999969482422,1639300,0.0,0.0
2018-12-18 00:00:00-05:00,23.020000457763672,23.450000762939453,22.90999984741211,23.06999969482422,866100,0.0,0.0
2018-12-19 00:00:00-05:00,23.239999771118164,23.90999984741211,22.190000534057617,22.34000015258789,1075900,0.0,0.0
2018-12-20 00:00:00-05:00,22.459999084472656,22.670000076293945,21.59000015258789,22.0,1219200,0.0,0.0
2018-12-21 00:00:00-05:00,21.920000076293945,22.3700008392334,21.40999984741211,21.739999771118164,3734600,0.0,0.0
2018-12-24 00:00:00-05:00,21.520000457763672,21.760000228881836,21.049999237060547,21.209999084472656,649600,0.0,0.0
2018-12-26 00:00:00-05:00,21.309999465942383,22.18000030517578,20.84000015258789,22.170000076293945,1072200,0.0,0.0
2018-12-27 00:00:00-05:00,21.75,22.309999465942383,21.34000015258789,22.299999237060547,948500,0.0,0.0
2018-12-28 00:00:00-05:00,22.34000015258789,22.489999771118164,21.809999465942383,21.940000534057617,1101900,0.0,0.0
2018-12-31 00:00:00-05:00,22.059999465942383,22.360000610351562,21.149999618530273,21.770000457763672,1132000,0.0,0.0
2019-01-02 00:00:00-05:00,21.239999771118164,22.420000076293945,21.0,22.350000381469727,1434600,0.0,0.0
2019-01-03 00:00:00-05:00,22.31999969482422,22.329999923706055,21.34000015258789,21.43000030517578,1155300,0.0,0.0
2019-01-04 00:00:00-05:00,21.850000381469727,23.09000015258789,21.850000381469727,22.610000610351562,1746500,0.0,0.0
2019-01-07 00:00:00-05:00,22.739999771118164,23.09000015258789,22.100000381469727,22.600000381469727,2013500,0.0,0.0
2019-01-08 00:00:00-05:00,22.700000762939453,23.31999969482422,22.399999618530273,23.299999237060547,2153800,0.0,0.0
2019-01-09 00:00:00-05:00,23.6200008392334,24.770000457763672,23.43000030517578,24.760000228881836,3708000,0.0,0.0
2019-01-10 00:00:00-05:00,24.420000076293945,24.6299991607666,24.100000381469727,24.34000015258789,5538000,0.0,0.0
2019-01-11 00:00:00-05:00,24.059999465942383,24.829999923706055,23.940000534057617,24.790000915527344,1041600,0.0,0.0
2019-01-14 00:00:00-05:00,24.290000915527344,24.809999465942383,24.25,24.5,1117700,0.0,0.0
2019-01-15 00:00:00-05:00,24.479999542236328,24.729999542236328,23.860000610351562,24.40999984741211,1303900,0.0,0.0
2019-01-16 00:00:00-05:00,24.479999542236328,24.860000610351562,24.350000381469727,24.639999389648438,1057900,0.0,0.0
2019-01-17 00:00:00-05:00,24.3700008392334,25.200000762939453,24.360000610351562,24.979999542236328,1156700,0.0,0.0
2019-01-18 00:00:00-05:00,25.25,25.670000076293945,24.8799991607666,25.469999313354492,1945900,0.0,0.0
2019-01-22 00:00:00-05:00,23.56999969482422,25.780000686645508,22.8700008392334,25.600000381469727,5797400,0.0,0.0
2019-01-23 00:00:00-05:00,25.90999984741211,27.0,25.719999313354492,26.440000534057617,3721600,0.0,0.0
2019-01-24 00:00:00-05:00,26.280000686645508,26.34000015258789,25.489999771118164,25.639999389648438,1405700,0.0,0.0
2019-01-25 00:00:00-05:00,26.229999542236328,26.84000015258789,25.899999618530273,26.6299991607666,1495600,0.0,0.0
2019-01-28 00:00:00-05:00,26.1200008392334,26.65999984741211,26.09000015258789,26.540000915527344,1231800,0.0,0.0
2019-01-29 00:00:00-05:00,26.809999465942383,26.959999084472656,25.979999542236328,26.040000915527344,1209900,0.0,0.0
2019-01-30 00:00:00-05:00,26.5,27.329999923706055,26.329999923706055,27.270000457763672,1764300,0.0,0.0
2019-01-31 00:00:00-05:00,26.940000534057617,27.6299991607666,26.860000610351562,27.389999389648438,1415700,0.0,0.0
2019-02-01 00:00:00-05:00,27.489999771118164,27.920000076293945,27.420000076293945,27.559999465942383,897300,0.0,0.0
2019-02-04 00:00:00-05:00,27.690000534057617,28.059999465942383,27.389999389648438,27.729999542236328,839300,0.0,0.0
2019-02-05 00:00:00-05:00,27.700000762939453,27.84000015258789,27.43000030517578,27.5,773500,0.0,0.0
2019-02-06 00:00:00-05:00,27.459999084472656,27.799999237060547,27.43000030517578,27.56999969482422,815200,0.0,0.0
2019-02-07 00:00:00-05:00,27.260000228881836,27.40999984741211,26.520000457763672,27.290000915527344,1117400,0.0,0.0
2019-02-08 00:00:00-05:00,27.149999618530273,27.520000457763672,26.649999618530273,26.790000915527344,1425300,0.0,0.0
2019-02-11 00:00:00-05:00,26.780000686645508,27.229999542236328,26.600000381469727,27.229999542236328,1557200,0.0,0.0
2019-02-12 00:00:00-05:00,27.479999542236328,28.09000015258789,27.239999771118164,27.780000686645508,1166000,0.0,0.0
2019-02-13 00:00:00-05:00,28.010000228881836,28.170000076293945,27.520000457763672,27.84000015258789,1074000,0.0,0.0
2019-02-14 00:00:00-05:00,27.709999084472656,28.06999969482422,27.600000381469727,27.639999389648438,1156000,0.0,0.0
2019-02-15 00:00:00-05:00,27.989999771118164,28.15999984741211,27.639999389648438,27.920000076293945,1237300,0.0,0.0
2019-02-19 00:00:00-05:00,27.690000534057617,28.600000381469727,27.690000534057617,28.469999313354492,1440800,0.0,0.0
2019-02-20 00:00:00-05:00,28.65999984741211,29.280000686645508,28.309999465942383,29.15999984741211,1885700,0.0,0.0
2019-02-21 00:00:00-05:00,28.989999771118164,29.3700008392334,28.479999542236328,28.690000534057617,917000,0.0,0.0
2019-02-22 00:00:00-05:00,28.899999618530273,29.010000228881836,28.549999237060547,28.889999389648438,866500,0.0,0.0
2019-02-25 00:00:00-05:00,29.0,29.40999984741211,28.860000610351562,29.260000228881836,1398300,0.0,0.0
2019-02-26 00:00:00-05:00,29.139999389648438,29.389999389648438,28.8700008392334,29.139999389648438,718700,0.0,0.0
2019-02-27 00:00:00-05:00,29.100000381469727,29.5,29.010000228881836,29.239999771118164,644500,0.0,0.0
2019-02-28 00:00:00-05:00,29.1299991607666,29.209999084472656,28.6299991607666,28.6299991607666,752900,0.0,0.0
2019-03-01 00:00:00-05:00,28.809999465942383,29.1200008392334,28.610000610351562,28.989999771118164,927500,0.0,0.0
2019-03-04 00:00:00-05:00,29.049999237060547,29.389999389648438,28.829999923706055,29.170000076293945,861900,0.0,0.0
2019-03-05 00:00:00-05:00,29.09000015258789,29.139999389648438,28.6200008392334,28.700000762939453,949600,0.0,0.0
2019-03-06 00:00:00-05:00,28.760000228881836,28.829999923706055,27.979999542236328,27.989999771118164,799200,0.0,0.0
2019-03-07 00:00:00-05:00,27.940000534057617,27.979999542236328,26.360000610351562,26.489999771118164,1840900,0.0,0.0
2019-03-08 00:00:00-05:00,26.18000030517578,26.43000030517578,25.559999465942383,25.709999084472656,1697500,0.0,0.0
2019-03-11 00:00:00-04:00,25.229999542236328,25.68000030517578,24.68000030517578,25.670000076293945,2312900,0.0,0.0
2019-03-12 00:00:00-04:00,25.920000076293945,26.690000534057617,25.850000381469727,25.899999618530273,1801800,0.0,0.0
2019-03-13 00:00:00-04:00,25.950000762939453,26.219999313354492,25.219999313354492,25.290000915527344,1902400,0.0,0.0
2019-03-14 00:00:00-04:00,25.25,25.530000686645508,25.0,25.200000762939453,1098900,0.0,0.0
2019-03-15 00:00:00-04:00,25.260000228881836,25.8799991607666,25.219999313354492,25.469999313354492,6071700,0.0,0.0
2019-03-18 00:00:00-04:00,25.559999465942383,26.18000030517578,25.540000915527344,26.010000228881836,2031000,0.0,0.0
2019-03-19 00:00:00-04:00,26.260000228881836,26.5,25.75,25.950000762939453,844300,0.0,0.0
2019-03-20 00:00:00-04:00,25.950000762939453,26.170000076293945,25.290000915527344,26.0,723700,0.0,0.0
2019-03-21 00:00:00-04:00,25.899999618530273,26.559999465942383,25.639999389648438,26.149999618530273,2698100,0.0,0.0
2019-03-22 00:00:00-04:00,25.700000762939453,25.790000915527344,24.6299991607666,24.8799991607666,2167300,0.0,0.0
2019-03-25 00:00:00-04:00,24.8799991607666,25.399999618530273,24.709999084472656,25.049999237060547,577400,0.0,0.0
2019-03-26 00:00:00-04:00,25.3700008392334,25.729999542236328,24.979999542236328,25.31999969482422,711100,0.0,0.0
2019-03-27 00:00:00-04:00,25.329999923706055,25.520000457763672,25.020000457763672,25.469999313354492,572400,0.0,0.0
2019-03-28 00:00:00-04:00,25.579999923706055,25.770000457763672,25.18000030517578,25.31999969482422,908200,0.0,0.0
2019-03-29 00:00:00-04:00,25.65999984741211,25.950000762939453,25.440000534057617,25.56999969482422,2111500,0.0,0.0
2019-04-01 00:00:00-04:00,26.06999969482422,26.639999389648438,26.0,26.5,2271800,0.0,0.0
2019-04-02 00:00:00-04:00,26.59000015258789,26.59000015258789,26.0,26.219999313354492,928600,0.0,0.0
2019-04-03 00:00:00-04:00,26.639999389648438,26.719999313354492,25.860000610351562,25.920000076293945,1175500,0.0,0.0
2019-04-04 00:00:00-04:00,25.969999313354492,26.600000381469727,25.8700008392334,26.59000015258789,958300,0.0,0.0
2019-04-05 00:00:00-04:00,26.790000915527344,27.489999771118164,26.780000686645508,27.450000762939453,1550900,0.0,0.0
2019-04-08 00:00:00-04:00,26.84000015258789,27.010000228881836,25.440000534057617,26.969999313354492,4094700,0.0,0.0
2019-04-09 00:00:00-04:00,26.829999923706055,27.079999923706055,26.479999542236328,26.760000228881836,1140000,0.0,0.0
2019-04-10 00:00:00-04:00,26.829999923706055,27.040000915527344,26.540000915527344,27.010000228881836,818400,0.0,0.0
2019-04-11 00:00:00-04:00,26.989999771118164,27.360000610351562,26.760000228881836,27.200000762939453,1182100,0.0,0.0
2019-04-12 00:00:00-04:00,25.780000686645508,25.8700008392334,24.479999542236328,25.65999984741211,5350300,0.0,0.0
2019-04-15 00:00:00-04:00,25.65999984741211,26.399999618530273,25.479999542236328,26.139999389648438,1458600,0.0,0.0
2019-04-16 00:00:00-04:00,26.139999389648438,26.239999771118164,25.780000686645508,26.010000228881836,1863400,0.0,0.0
2019-04-17 00:00:00-04:00,26.360000610351562,26.6299991607666,25.829999923706055,26.049999237060547,1218500,0.0,0.0
2019-04-18 00:00:00-04:00,25.979999542236328,26.229999542236328,25.479999542236328,25.719999313354492,1699400,0.0,0.0
2019-04-22 00:00:00-04:00,25.579999923706055,25.670000076293945,25.170000076293945,25.489999771118164,1068600,0.0,0.0
2019-04-23 00:00:00-04:00,25.200000762939453,25.729999542236328,23.969999313354492,24.979999542236328,4124700,0.0,0.0
2019-04-24 00:00:00-04:00,24.649999618530273,25.6299991607666,23.479999542236328,24.25,4474200,0.0,0.0
2019-04-25 00:00:00-04:00,23.8700008392334,24.25,23.350000381469727,24.079999923706055,2049800,0.0,0.0
2019-04-26 00:00:00-04:00,24.079999923706055,25.030000686645508,23.90999984741211,24.90999984741211,2105500,0.0,0.0
2019-04-29 00:00:00-04:00,25.0,25.34000015258789,24.75,25.25,971300,0.0,0.0
2019-04-30 00:00:00-04:00,25.229999542236328,25.3799991607666,24.860000610351562,24.920000076293945,1378000,0.0,0.0
2019-05-01 00:00:00-04:00,24.989999771118164,25.09000015258789,24.15999984741211,24.239999771118164,997900,0.0,0.0
2019-05-02 00:00:00-04:00,24.15999984741211,24.65999984741211,23.950000762939453,24.5,1146700,0.0,0.0
2019-05-03 00:00:00-04:00,24.829999923706055,25.68000030517578,24.739999771118164,25.639999389648438,1227500,0.0,0.0
2019-05-06 00:00:00-04:00,24.760000228881836,25.34000015258789,24.440000534057617,25.170000076293945,1322100,0.0,0.0
2019-05-07 00:00:00-04:00,24.799999237060547,24.84000015258789,23.799999237060547,23.969999313354492,1939800,0.0,0.0
2019-05-08 00:00:00-04:00,23.850000381469727,24.31999969482422,23.68000030517578,23.780000686645508,1086100,0.0,0.0
2019-05-09 00:00:00-04:00,23.450000762939453,23.860000610351562,23.209999084472656,23.809999465942383,977700,0.0,0.0
2019-05-10 00:00:00-04:00,23.68000030517578,24.010000228881836,23.440000534057617,23.860000610351562,742800,0.0,0.0
2019-05-13 00:00:00-04:00,23.139999389648438,23.139999389648438,22.34000015258789,22.5,1443200,0.0,0.0
2019-05-14 00:00:00-04:00,22.549999237060547,22.969999313354492,22.520000457763672,22.690000534057617,1383400,0.0,0.0
2019-05-15 00:00:00-04:00,22.31999969482422,23.030000686645508,22.31999969482422,23.010000228881836,1616200,0.0,0.0
2019-05-16 00:00:00-04:00,23.200000762939453,23.530000686645508,23.09000015258789,23.34000015258789,1102100,0.0,0.0
2019-05-17 00:00:00-04:00,23.0,23.84000015258789,22.950000762939453,23.649999618530273,5293400,0.0,0.0
2019-05-20 00:00:00-04:00,23.34000015258789,23.389999389648438,22.520000457763672,22.540000915527344,2236500,0.0,0.0
2019-05-21 00:00:00-04:00,22.700000762939453,23.270000457763672,22.59000015258789,23.0,1563400,0.0,0.0
2019-05-22 00:00:00-04:00,22.860000610351562,23.020000457763672,22.34000015258789,22.56999969482422,1386600,0.0,0.0
2019-05-23 00:00:00-04:00,22.079999923706055,22.270000457763672,21.360000610351562,21.790000915527344,1467300,0.0,0.0
2019-05-24 00:00:00-04:00,22.170000076293945,22.489999771118164,21.81999969482422,22.0,1240600,0.0,0.0
2019-05-28 00:00:00-04:00,22.1299991607666,22.209999084472656,21.8700008392334,21.979999542236328,1074400,0.0,0.0
2019-05-29 00:00:00-04:00,21.639999389648438,21.790000915527344,21.399999618530273,21.639999389648438,3154900,0.0,0.0
2019-05-30 00:00:00-04:00,21.6299991607666,22.5,21.56999969482422,21.799999237060547,2699300,0.0,0.0
2019-05-31 00:00:00-04:00,21.399999618530273,21.93000030517578,21.149999618530273,21.40999984741211,2124800,0.0,0.0
2019-06-03 00:00:00-04:00,21.450000762939453,22.219999313354492,21.170000076293945,21.959999084472656,1823900,0.0,0.0
2019-06-04 00:00:00-04:00,22.6200008392334,23.719999313354492,22.559999465942383,23.6200008392334,1872500,0.0,0.0
2019-06-05 00:00:00-04:00,23.540000915527344,23.81999969482422,23.209999084472656,23.770000457763672,886800,0.0,0.0
2019-06-06 00:00:00-04:00,23.68000030517578,23.989999771118164,23.3700008392334,23.770000457763672,856900,0.0,0.0
2019-06-07 00:00:00-04:00,23.8799991607666,24.200000762939453,23.489999771118164,24.030000686645508,969200,0.0,0.0
2019-06-10 00:00:00-04:00,24.190000534057617,24.489999771118164,23.760000228881836,23.850000381469727,993400,0.0,0.0
2019-06-11 00:00:00-04:00,24.649999618530273,24.8700008392334,23.889999389648438,24.06999969482422,1010000,0.0,0.0
2019-06-12 00:00:00-04:00,23.920000076293945,24.139999389648438,23.6200008392334,23.979999542236328,751400,0.0,0.0
2019-06-13 00:00:00-04:00,24.18000030517578,24.31999969482422,23.84000015258789,24.31999969482422,628600,0.0,0.0
2019-06-14 00:00:00-04:00,24.1200008392334,24.209999084472656,23.670000076293945,23.719999313354492,764400,0.0,0.0
2019-06-17 00:00:00-04:00,23.649999618530273,24.0,23.43000030517578,23.549999237060547,1077600,0.0,0.0
2019-06-18 00:00:00-04:00,23.690000534057617,24.979999542236328,23.559999465942383,24.709999084472656,1071700,0.0,0.0
2019-06-19 00:00:00-04:00,24.889999389648438,25.040000915527344,24.559999465942383,24.850000381469727,1526000,0.0,0.0
2019-06-20 00:00:00-04:00,25.350000381469727,25.469999313354492,24.709999084472656,24.790000915527344,1322800,0.0,0.0
2019-06-21 00:00:00-04:00,24.600000381469727,24.889999389648438,24.489999771118164,24.690000534057617,1191400,0.0,0.0
2019-06-24 00:00:00-04:00,24.6200008392334,24.690000534057617,23.979999542236328,24.15999984741211,1587600,0.0,0.0
2019-06-25 00:00:00-04:00,24.190000534057617,24.610000610351562,24.09000015258789,24.1200008392334,995900,0.0,0.0
2019-06-26 00:00:00-04:00,24.360000610351562,24.719999313354492,24.1299991607666,24.6200008392334,887200,0.0,0.0
2019-06-27 00:00:00-04:00,24.719999313354492,24.81999969482422,24.280000686645508,24.809999465942383,926500,0.0,0.0
2019-06-28 00:00:00-04:00,24.8799991607666,25.34000015258789,24.780000686645508,25.200000762939453,1377300,0.0,0.0
2019-07-01 00:00:00-04:00,25.559999465942383,25.65999984741211,25.1299991607666,25.309999465942383,1039500,0.0,0.0
2019-07-02 00:00:00-04:00,25.15999984741211,25.3700008392334,25.010000228881836,25.100000381469727,854400,0.0,0.0
2019-07-03 00:00:00-04:00,25.1299991607666,25.290000915527344,25.030000686645508,25.270000457763672,319800,0.0,0.0
2019-07-05 00:00:00-04:00,25.100000381469727,25.299999237060547,24.829999923706055,25.25,505700,0.0,0.0
2019-07-08 00:00:00-04:00,25.170000076293945,25.469999313354492,24.40999984741211,24.5,1040500,0.0,0.0
2019-07-09 00:00:00-04:00,24.239999771118164,24.770000457763672,23.8799991607666,24.719999313354492,958700,0.0,0.0
2019-07-10 00:00:00-04:00,24.479999542236328,25.030000686645508,24.1200008392334,24.209999084472656,997900,0.0,0.0
2019-07-11 00:00:00-04:00,24.149999618530273,24.309999465942383,23.860000610351562,23.959999084472656,1060700,0.0,0.0
2019-07-12 00:00:00-04:00,24.1200008392334,25.010000228881836,24.079999923706055,24.84000015258789,1237600,0.0,0.0
2019-07-15 00:00:00-04:00,25.010000228881836,25.149999618530273,24.1299991607666,24.5,1269200,0.0,0.0
2019-07-16 00:00:00-04:00,24.530000686645508,25.329999923706055,24.459999084472656,24.8799991607666,945500,0.0,0.0
2019-07-17 00:00:00-04:00,24.809999465942383,24.899999618530273,24.299999237060547,24.450000762939453,1274300,0.0,0.0
2019-07-18 00:00:00-04:00,23.770000457763672,24.65999984741211,23.770000457763672,24.450000762939453,1217500,0.0,0.0
2019-07-19 00:00:00-04:00,24.920000076293945,25.610000610351562,24.920000076293945,25.260000228881836,1800500,0.0,0.0
2019-07-22 00:00:00-04:00,25.34000015258789,25.610000610351562,24.8799991607666,25.1200008392334,2063900,0.0,0.0
2019-07-23 00:00:00-04:00,25.200000762939453,25.3799991607666,23.559999465942383,23.649999618530273,2901300,0.0,0.0
2019-07-24 00:00:00-04:00,23.299999237060547,23.549999237060547,22.3799991607666,23.43000030517578,2609100,0.0,0.0
2019-07-25 00:00:00-04:00,23.360000610351562,23.59000015258789,22.6200008392334,22.81999969482422,1466100,0.0,0.0
2019-07-26 00:00:00-04:00,22.809999465942383,23.010000228881836,22.649999618530273,22.8700008392334,1067100,0.0,0.0
2019-07-29 00:00:00-04:00,22.760000228881836,22.920000076293945,22.549999237060547,22.729999542236328,943000,0.0,0.0
2019-07-30 00:00:00-04:00,22.479999542236328,22.479999542236328,22.100000381469727,22.100000381469727,5204300,0.0,0.0
2019-07-31 00:00:00-04:00,22.100000381469727,22.450000762939453,21.469999313354492,21.770000457763672,2119800,0.0,0.0
2019-08-01 00:00:00-04:00,21.700000762939453,21.950000762939453,20.829999923706055,20.940000534057617,1556300,0.0,0.0
2019-08-02 00:00:00-04:00,20.790000915527344,20.969999313354492,20.399999618530273,20.559999465942383,1703300,0.0,0.0
2019-08-05 00:00:00-04:00,20.040000915527344,20.219999313354492,19.3799991607666,19.579999923706055,2488200,0.0,0.0
2019-08-06 00:00:00-04:00,19.59000015258789,19.850000381469727,18.940000534057617,19.75,5213200,0.0,0.0
2019-08-07 00:00:00-04:00,19.34000015258789,19.639999389648438,19.059999465942383,19.579999923706055,1290900,0.0,0.0
2019-08-08 00:00:00-04:00,19.8700008392334,20.079999923706055,19.65999984741211,19.799999237060547,1251500,0.0,0.0
2019-08-09 00:00:00-04:00,19.489999771118164,19.59000015258789,18.299999237060547,18.3700008392334,1508500,0.0,0.0
2019-08-12 00:00:00-04:00,18.299999237060547,18.299999237060547,17.65999984741211,17.770000457763672,1425100,0.0,0.0
2019-08-13 00:00:00-04:00,17.729999542236328,18.559999465942383,17.600000381469727,18.239999771118164,1487300,0.0,0.0
2019-08-14 00:00:00-04:00,17.899999618530273,17.899999618530273,17.270000457763672,17.450000762939453,2483900,0.0,0.0
2019-08-15 00:00:00-04:00,17.600000381469727,17.600000381469727,17.030000686645508,17.25,1289700,0.0,0.0
2019-08-16 00:00:00-04:00,17.389999389648438,17.809999465942383,17.309999465942383,17.549999237060547,1427200,0.0,0.0
2019-08-19 00:00:00-04:00,17.920000076293945,18.079999923706055,17.030000686645508,17.850000381469727,1177300,0.0,0.0
2019-08-20 00:00:00-04:00,17.690000534057617,17.979999542236328,17.6299991607666,17.8700008392334,1964000,0.0,0.0
2019-08-21 00:00:00-04:00,18.059999465942383,18.149999618530273,17.790000915527344,17.969999313354492,1363800,0.0,0.0
2019-08-22 00:00:00-04:00,18.030000686645508,18.469999313354492,17.809999465942383,18.360000610351562,3035700,0.0,0.0
2019-08-23 00:00:00-04:00,18.059999465942383,18.690000534057617,17.81999969482422,18.18000030517578,2769800,0.0,0.0
2019-08-26 00:00:00-04:00,18.43000030517578,18.5,18.139999389648438,18.440000534057617,1399200,0.0,0.0
2019-08-27 00:00:00-04:00,18.579999923706055,18.670000076293945,18.020000457763672,18.06999969482422,1302300,0.0,0.0
2019-08-28 00:00:00-04:00,18.049999237060547,18.860000610351562,18.0,18.579999923706055,949000,0.0,0.0
2019-08-29 00:00:00-04:00,18.93000030517578,19.3799991607666,18.93000030517578,19.190000534057617,1148000,0.0,0.0
2019-08-30 00:00:00-04:00,19.5,20.06999969482422,19.420000076293945,19.81999969482422,1561300,0.0,0.0
2019-09-03 00:00:00-04:00,19.450000762939453,19.6200008392334,19.010000228881836,19.280000686645508,1820400,0.0,0.0
2019-09-04 00:00:00-04:00,19.690000534057617,19.959999084472656,19.540000915527344,19.8799991607666,1526800,0.0,0.0
2019-09-05 00:00:00-04:00,20.139999389648438,20.600000381469727,19.920000076293945,20.040000915527344,3101300,0.0,0.0
2019-09-06 00:00:00-04:00,20.079999923706055,20.079999923706055,19.3700008392334,19.399999618530273,1954100,0.0,0.0
2019-09-09 00:00:00-04:00,19.610000610351562,20.100000381469727,19.579999923706055,19.8799991607666,1538000,0.0,0.0
2019-09-10 00:00:00-04:00,20.049999237060547,20.940000534057617,19.889999389648438,20.93000030517578,1460600,0.0,0.0
2019-09-11 00:00:00-04:00,21.110000610351562,21.40999984741211,20.530000686645508,21.3700008392334,1900000,0.0,0.0
2019-09-12 00:00:00-04:00,21.530000686645508,21.559999465942383,20.59000015258789,21.450000762939453,1595900,0.0,0.0
2019-09-13 00:00:00-04:00,21.979999542236328,21.989999771118164,21.3799991607666,21.899999618530273,1569800,0.0,0.0
2019-09-16 00:00:00-04:00,21.549999237060547,22.049999237060547,21.489999771118164,21.709999084472656,1202900,0.0,0.0
2019-09-17 00:00:00-04:00,20.989999771118164,21.399999618530273,20.75,21.389999389648438,1677100,0.0,0.0
2019-09-18 00:00:00-04:00,21.209999084472656,21.309999465942383,20.530000686645508,20.829999923706055,1456700,0.0,0.0
2019-09-19 00:00:00-04:00,20.549999237060547,20.860000610351562,20.329999923706055,20.40999984741211,1497300,0.0,0.0
2019-09-20 00:00:00-04:00,20.420000076293945,21.010000228881836,20.290000915527344,20.420000076293945,1893900,0.0,0.0
2019-09-23 00:00:00-04:00,20.040000915527344,20.93000030517578,20.020000457763672,20.739999771118164,772500,0.0,0.0
2019-09-24 00:00:00-04:00,20.59000015258789,20.780000686645508,19.760000228881836,19.8700008392334,1812500,0.0,0.0
2019-09-25 00:00:00-04:00,19.65999984741211,20.829999923706055,19.559999465942383,20.780000686645508,1152800,0.0,0.0
2019-09-26 00:00:00-04:00,20.520000457763672,20.520000457763672,19.950000762939453,20.18000030517578,720700,0.0,0.0
2019-09-27 00:00:00-04:00,20.420000076293945,20.68000030517578,20.229999542236328,20.549999237060547,860700,0.0,0.0
2019-09-30 00:00:00-04:00,20.5,20.5,20.040000915527344,20.25,1011500,0.0,0.0
2019-10-01 00:00:00-04:00,20.399999618530273,20.829999923706055,20.030000686645508,20.06999969482422,902500,0.0,0.0
2019-10-02 00:00:00-04:00,19.670000076293945,19.989999771118164,19.540000915527344,19.920000076293945,756000,0.0,0.0
2019-10-03 00:00:00-04:00,19.719999313354492,20.219999313354492,19.440000534057617,20.110000610351562,639100,0.0,0.0
2019-10-04 00:00:00-04:00,20.15999984741211,20.3799991607666,19.8799991607666,20.329999923706055,653600,0.0,0.0
2019-10-07 00:00:00-04:00,20.190000534057617,20.25,19.75,19.760000228881836,1534600,0.0,0.0
2019-10-08 00:00:00-04:00,19.5,19.709999084472656,19.190000534057617,19.219999313354492,1077500,0.0,0.0
2019-10-09 00:00:00-04:00,19.399999618530273,19.43000030517578,18.979999542236328,19.190000534057617,1281200,0.0,0.0
2019-10-10 00:00:00-04:00,19.81999969482422,20.40999984741211,19.59000015258789,20.219999313354492,2121700,0.0,0.0
2019-10-11 00:00:00-04:00,20.799999237060547,21.479999542236328,20.639999389648438,21.31999969482422,1567700,0.0,0.0
2019-10-14 00:00:00-04:00,20.739999771118164,21.030000686645508,20.579999923706055,20.68000030517578,938600,0.0,0.0
2019-10-15 00:00:00-04:00,20.06999969482422,20.84000015258789,19.81999969482422,20.479999542236328,1571100,0.0,0.0
2019-10-16 00:00:00-04:00,20.020000457763672,20.770000457763672,19.940000534057617,20.100000381469727,1011500,0.0,0.0
2019-10-17 00:00:00-04:00,20.350000381469727,20.68000030517578,20.18000030517578,20.489999771118164,715700,0.0,0.0
2019-10-18 00:00:00-04:00,20.469999313354492,20.75,20.18000030517578,20.200000762939453,1214000,0.0,0.0
2019-10-21 00:00:00-04:00,20.59000015258789,20.6299991607666,20.030000686645508,20.149999618530273,2518100,0.0,0.0
2019-10-22 00:00:00-04:00,20.1299991607666,20.399999618530273,19.579999923706055,19.75,2124500,0.0,0.0
2019-10-23 00:00:00-04:00,19.8700008392334,19.959999084472656,19.440000534057617,19.829999923706055,1691100,0.0,0.0
2019-10-24 00:00:00-04:00,19.920000076293945,20.0,19.079999923706055,19.229999542236328,1159800,0.0,0.0
2019-10-25 00:00:00-04:00,19.229999542236328,19.84000015258789,19.229999542236328,19.780000686645508,1546900,0.0,0.0
2019-10-28 00:00:00-04:00,19.829999923706055,20.399999618530273,19.829999923706055,20.350000381469727,921700,0.0,0.0
2019-10-29 00:00:00-04:00,20.1200008392334,20.270000457763672,19.959999084472656,19.969999313354492,960700,0.0,0.0
2019-10-30 00:00:00-04:00,20.0,20.110000610351562,18.979999542236328,19.18000030517578,2495200,0.0,0.0
2019-10-31 00:00:00-04:00,20.3799991607666,21.020000457763672,19.760000228881836,21.010000228881836,4084900,0.0,0.0
2019-11-01 00:00:00-04:00,21.360000610351562,22.389999389648438,21.34000015258789,22.239999771118164,2869300,0.0,0.0
2019-11-04 00:00:00-05:00,22.5,22.719999313354492,21.979999542236328,22.649999618530273,1874400,0.0,0.0
2019-11-05 00:00:00-05:00,22.90999984741211,23.239999771118164,22.600000381469727,22.809999465942383,1577200,0.0,0.0
2019-11-06 00:00:00-05:00,22.690000534057617,23.3799991607666,22.489999771118164,23.350000381469727,1777400,0.0,0.0
2019-11-07 00:00:00-05:00,23.719999313354492,23.950000762939453,23.280000686645508,23.790000915527344,1708300,0.0,0.0
2019-11-08 00:00:00-05:00,23.520000457763672,23.969999313354492,23.3700008392334,23.700000762939453,1190600,0.0,0.0
2019-11-11 00:00:00-05:00,23.43000030517578,23.690000534057617,23.020000457763672,23.530000686645508,1143600,0.0,0.0
2019-11-12 00:00:00-05:00,23.56999969482422,23.790000915527344,23.360000610351562,23.40999984741211,1054500,0.0,0.0
2019-11-13 00:00:00-05:00,23.15999984741211,23.489999771118164,23.010000228881836,23.010000228881836,652300,0.0,0.0
2019-11-14 00:00:00-05:00,23.010000228881836,23.59000015258789,22.93000030517578,23.229999542236328,785800,0.0,0.0
2019-11-15 00:00:00-05:00,23.399999618530273,23.700000762939453,23.299999237060547,23.489999771118164,595600,0.0,0.0
2019-11-18 00:00:00-05:00,23.239999771118164,23.670000076293945,23.079999923706055,23.579999923706055,1052000,0.0,0.0
2019-11-19 00:00:00-05:00,23.8700008392334,23.90999984741211,22.979999542236328,23.079999923706055,740000,0.0,0.0
2019-11-20 00:00:00-05:00,22.690000534057617,23.56999969482422,22.65999984741211,22.989999771118164,841600,0.0,0.0
2019-11-21 00:00:00-05:00,23.059999465942383,23.170000076293945,22.479999542236328,22.729999542236328,695700,0.0,0.0
2019-11-22 00:00:00-05:00,23.020000457763672,23.190000534057617,22.690000534057617,22.700000762939453,529200,0.0,0.0
2019-11-25 00:00:00-05:00,22.799999237060547,23.510000228881836,22.56999969482422,23.3799991607666,690200,0.0,0.0
2019-11-26 00:00:00-05:00,23.350000381469727,23.450000762939453,23.09000015258789,23.239999771118164,449300,0.0,0.0
2019-11-27 00:00:00-05:00,23.389999389648438,23.510000228881836,23.139999389648438,23.399999618530273,485200,0.0,0.0
2019-11-29 00:00:00-05:00,23.15999984741211,23.290000915527344,22.920000076293945,23.059999465942383,239000,0.0,0.0
2019-12-02 00:00:00-05:00,23.3799991607666,24.020000457763672,23.309999465942383,23.559999465942383,1251000,0.0,0.0
2019-12-03 00:00:00-05:00,23.040000915527344,23.149999618530273,22.68000030517578,23.06999969482422,637000,0.0,0.0
2019-12-04 00:00:00-05:00,23.270000457763672,23.6200008392334,22.969999313354492,23.040000915527344,818600,0.0,0.0
2019-12-05 00:00:00-05:00,23.010000228881836,23.139999389648438,22.690000534057617,22.959999084472656,830300,0.0,0.0
2019-12-06 00:00:00-05:00,23.350000381469727,23.969999313354492,23.350000381469727,23.649999618530273,909400,0.0,0.0
2019-12-09 00:00:00-05:00,23.65999984741211,24.170000076293945,23.59000015258789,23.729999542236328,635500,0.0,0.0
2019-12-10 00:00:00-05:00,23.690000534057617,24.100000381469727,23.56999969482422,23.790000915527344,578600,0.0,0.0
2019-12-11 00:00:00-05:00,23.969999313354492,24.049999237060547,23.1200008392334,23.25,1165300,0.0,0.0
2019-12-12 00:00:00-05:00,23.1299991607666,23.950000762939453,23.040000915527344,23.329999923706055,1391100,0.0,0.0
2019-12-13 00:00:00-05:00,23.299999237060547,23.31999969482422,22.030000686645508,22.290000915527344,1088700,0.0,0.0
2019-12-16 00:00:00-05:00,22.0,22.0,21.239999771118164,21.399999618530273,1834600,0.0,0.0
2019-12-17 00:00:00-05:00,21.440000534057617,21.530000686645508,20.90999984741211,21.170000076293945,1778400,0.0,0.0
2019-12-18 00:00:00-05:00,21.290000915527344,21.530000686645508,21.020000457763672,21.020000457763672,1650500,0.0,0.0
2019-12-19 00:00:00-05:00,21.0,21.200000762939453,20.489999771118164,20.559999465942383,1959800,0.0,0.0
2019-12-20 00:00:00-05:00,20.6299991607666,21.049999237060547,20.329999923706055,20.559999465942383,3657400,0.0,0.0
2019-12-23 00:00:00-05:00,20.639999389648438,21.260000228881836,20.559999465942383,21.139999389648438,1313000,0.0,0.0
2019-12-24 00:00:00-05:00,21.219999313354492,21.299999237060547,20.90999984741211,21.0,405700,0.0,0.0
2019-12-26 00:00:00-05:00,21.110000610351562,21.260000228881836,20.739999771118164,20.829999923706055,423200,0.0,0.0
2019-12-27 00:00:00-05:00,20.850000381469727,21.25,20.780000686645508,20.989999771118164,747100,0.0,0.0
2019-12-30 00:00:00-05:00,21.010000228881836,21.100000381469727,20.5,20.520000457763672,865300,0.0,0.0
2019-12-31 00:00:00-05:00,20.530000686645508,20.8700008392334,20.530000686645508,20.65999984741211,861300,0.0,0.0
2020-01-02 00:00:00-05:00,20.899999618530273,20.90999984741211,20.059999465942383,20.600000381469727,1531500,0.0,0.0
2020-01-03 00:00:00-05:00,20.149999618530273,20.850000381469727,20.149999618530273,20.510000228881836,1445500,0.0,0.0
2020-01-06 00:00:00-05:00,20.309999465942383,20.510000228881836,20.030000686645508,20.100000381469727,1176200,0.0,0.0
2020-01-07 00:00:00-05:00,19.989999771118164,20.34000015258789,19.81999969482422,20.31999969482422,1072400,0.0,0.0
2020-01-08 00:00:00-05:00,19.969999313354492,20.229999542236328,19.56999969482422,19.68000030517578,1875100,0.0,0.0
2020-01-09 00:00:00-05:00,19.68000030517578,19.760000228881836,18.940000534057617,19.110000610351562,2179400,0.0,0.0
2020-01-10 00:00:00-05:00,18.739999771118164,18.959999084472656,18.049999237060547,18.18000030517578,3000900,0.0,0.0
2020-01-13 00:00:00-05:00,18.239999771118164,18.489999771118164,17.959999084472656,18.479999542236328,2782900,0.0,0.0
2020-01-14 00:00:00-05:00,18.3700008392334,19.270000457763672,18.299999237060547,19.059999465942383,1587200,0.0,0.0
2020-01-15 00:00:00-05:00,18.920000076293945,19.25,18.739999771118164,18.8799991607666,2410100,0.0,0.0
2020-01-16 00:00:00-05:00,19.030000686645508,19.1200008392334,18.649999618530273,18.780000686645508,1417800,0.0,0.0
2020-01-17 00:00:00-05:00,18.959999084472656,19.110000610351562,18.479999542236328,18.670000076293945,1471500,0.0,0.0
2020-01-21 00:00:00-05:00,18.549999237060547,18.639999389648438,17.860000610351562,17.889999389648438,1540600,0.0,0.0
2020-01-22 00:00:00-05:00,17.979999542236328,18.0,17.6299991607666,17.68000030517578,3106200,0.0,0.0
2020-01-23 00:00:00-05:00,17.479999542236328,18.610000610351562,17.15999984741211,18.549999237060547,3129000,0.0,0.0
2020-01-24 00:00:00-05:00,18.489999771118164,18.489999771118164,17.65999984741211,18.15999984741211,2284000,0.0,0.0
2020-01-27 00:00:00-05:00,17.559999465942383,17.850000381469727,17.260000228881836,17.350000381469727,1909300,0.0,0.0
2020-01-28 00:00:00-05:00,17.59000015258789,17.84000015258789,17.25,17.43000030517578,1682200,0.0,0.0
2020-01-29 00:00:00-05:00,17.5,17.8799991607666,17.309999465942383,17.530000686645508,1293200,0.0,0.0
2020-01-30 00:00:00-05:00,17.329999923706055,17.889999389648438,17.309999465942383,17.809999465942383,903200,0.0,0.0
2020-01-31 00:00:00-05:00,17.5,17.690000534057617,17.1299991607666,17.25,1273500,0.0,0.0
2020-02-03 00:00:00-05:00,17.309999465942383,17.399999618530273,17.0,17.09000015258789,1871700,0.0,0.0
2020-02-04 00:00:00-05:00,17.799999237060547,20.09000015258789,16.649999618530273,19.780000686645508,4362900,0.0,0.0
2020-02-05 00:00:00-05:00,20.09000015258789,20.190000534057617,19.030000686645508,19.399999618530273,2410000,0.0,0.0
2020-02-06 00:00:00-05:00,19.68000030517578,19.920000076293945,19.450000762939453,19.6200008392334,1509000,0.0,0.0
2020-02-07 00:00:00-05:00,19.360000610351562,19.719999313354492,19.190000534057617,19.5,1386300,0.0,0.0
2020-02-10 00:00:00-05:00,19.329999923706055,19.81999969482422,19.329999923706055,19.56999969482422,739600,0.0,0.0
2020-02-11 00:00:00-05:00,19.829999923706055,20.079999923706055,19.56999969482422,19.56999969482422,888200,0.0,0.0
2020-02-12 00:00:00-05:00,19.860000610351562,20.40999984741211,19.770000457763672,20.149999618530273,1127600,0.0,0.0
2020-02-13 00:00:00-05:00,19.969999313354492,20.100000381469727,19.8700008392334,20.030000686645508,1707000,0.0,0.0
2020-02-14 00:00:00-05:00,19.920000076293945,20.030000686645508,19.729999542236328,20.010000228881836,1168900,0.0,0.0
2020-02-18 00:00:00-05:00,19.93000030517578,20.25,19.559999465942383,19.8700008392334,1511500,0.0,0.0
2020-02-19 00:00:00-05:00,19.969999313354492,20.450000762939453,19.81999969482422,20.360000610351562,1195700,0.0,0.0
2020-02-20 00:00:00-05:00,20.1200008392334,20.780000686645508,20.020000457763672,20.260000228881836,1098100,0.0,0.0
2020-02-21 00:00:00-05:00,20.139999389648438,20.469999313354492,19.8700008392334,20.40999984741211,1210900,0.0,0.0
2020-02-24 00:00:00-05:00,19.299999237060547,19.75,19.1299991607666,19.450000762939453,1128300,0.0,0.0
2020-02-25 00:00:00-05:00,19.549999237060547,19.68000030517578,18.350000381469727,18.59000015258789,1491500,0.0,0.0
2020-02-26 00:00:00-05:00,18.860000610351562,19.09000015258789,18.139999389648438,18.200000762939453,2049800,0.0,0.0
2020-02-27 00:00:00-05:00,17.6299991607666,18.780000686645508,17.469999313354492,17.719999313354492,2066500,0.0,0.0
2020-02-28 00:00:00-05:00,16.93000030517578,17.989999771118164,16.899999618530273,17.09000015258789,2731600,0.0,0.0
2020-03-02 00:00:00-05:00,17.350000381469727,17.389999389648438,16.489999771118164,16.93000030517578,2268400,0.0,0.0
2020-03-03 00:00:00-05:00,17.030000686645508,17.600000381469727,16.530000686645508,16.899999618530273,1796500,0.0,0.0
2020-03-04 00:00:00-05:00,17.299999237060547,17.329999923706055,16.8799991607666,17.06999969482422,2117100,0.0,0.0
2020-03-05 00:00:00-05:00,16.459999084472656,16.709999084472656,15.899999618530273,16.270000457763672,1569300,0.0,0.0
2020-03-06 00:00:00-05:00,15.6899995803833,16.0,15.279999732971191,15.489999771118164,2229500,0.0,0.0
2020-03-09 00:00:00-04:00,14.100000381469727,14.350000381469727,13.260000228881836,13.270000457763672,3083300,0.0,0.0
2020-03-10 00:00:00-04:00,14.300000190734863,14.649999618530273,12.9399995803833,13.65999984741211,3173200,0.0,0.0
2020-03-11 00:00:00-04:00,13.15999984741211,13.279999732971191,11.479999542236328,11.59000015258789,3510300,0.0,0.0
2020-03-12 00:00:00-04:00,10.399999618530273,11.140000343322754,9.890000343322754,10.0,2864000,0.0,0.0
2020-03-13 00:00:00-04:00,10.859999656677246,10.859999656677246,9.369999885559082,10.0,3341800,0.0,0.0
2020-03-16 00:00:00-04:00,8.90999984741211,9.119999885559082,8.0,8.010000228881836,3946900,0.0,0.0
2020-03-17 00:00:00-04:00,8.15999984741211,8.880000114440918,7.5,8.579999923706055,4043400,0.0,0.0
2020-03-18 00:00:00-04:00,7.989999771118164,8.0600004196167,6.980000019073486,7.0,3122000,0.0,0.0
2020-03-19 00:00:00-04:00,7.010000228881836,7.71999979019165,6.349999904632568,7.53000020980835,3253000,0.0,0.0
2020-03-20 00:00:00-04:00,7.25,7.539999961853027,6.21999979019165,6.25,4015400,0.0,0.0
2020-03-23 00:00:00-04:00,6.460000038146973,6.579999923706055,4.949999809265137,5.230000019073486,5940400,0.0,0.0
2020-03-24 00:00:00-04:00,5.699999809265137,6.130000114440918,5.400000095367432,5.599999904632568,6815800,0.0,0.0
2020-03-25 00:00:00-04:00,6.03000020980835,7.519999980926514,5.900000095367432,7.309999942779541,6310200,0.0,0.0
2020-03-26 00:00:00-04:00,7.53000020980835,8.630000114440918,7.360000133514404,8.539999961853027,5508800,0.0,0.0
2020-03-27 00:00:00-04:00,8.010000228881836,9.350000381469727,7.880000114440918,9.010000228881836,3765100,0.0,0.0
2020-03-30 00:00:00-04:00,8.800000190734863,9.239999771118164,8.130000114440918,8.75,3546900,0.0,0.0
2020-03-31 00:00:00-04:00,8.75,8.949999809265137,8.180000305175781,8.5,3503100,0.0,0.0
2020-04-01 00:00:00-04:00,7.96999979019165,8.430000305175781,7.5,7.800000190734863,2800700,0.0,0.0
2020-04-02 00:00:00-04:00,7.75,8.59000015258789,7.610000133514404,7.929999828338623,1796900,0.0,0.0
2020-04-03 00:00:00-04:00,7.900000095367432,8.050000190734863,7.599999904632568,7.980000019073486,3441000,0.0,0.0
2020-04-06 00:00:00-04:00,8.510000228881836,9.170000076293945,8.479999542236328,8.869999885559082,3045900,0.0,0.0
2020-04-07 00:00:00-04:00,9.770000457763672,10.430000305175781,8.789999961853027,8.930000305175781,2605200,0.0,0.0
2020-04-08 00:00:00-04:00,9.029999732971191,9.8100004196167,8.930000305175781,9.510000228881836,2119700,0.0,0.0
2020-04-09 00:00:00-04:00,9.760000228881836,10.260000228881836,9.630000114440918,9.829999923706055,2382400,0.0,0.0
2020-04-13 00:00:00-04:00,9.649999618530273,9.649999618530273,8.600000381469727,8.65999984741211,2888300,0.0,0.0
2020-04-14 00:00:00-04:00,8.9399995803833,9.329999923706055,8.390000343322754,8.460000038146973,2811300,0.0,0.0
2020-04-15 00:00:00-04:00,7.909999847412109,8.069999694824219,7.179999828338623,7.489999771118164,4209200,0.0,0.0
2020-04-16 00:00:00-04:00,7.449999809265137,7.679999828338623,7.110000133514404,7.590000152587891,2235000,0.0,0.0
2020-04-17 00:00:00-04:00,8.100000381469727,8.4399995803833,7.679999828338623,7.960000038146973,3729900,0.0,0.0
2020-04-20 00:00:00-04:00,7.559999942779541,7.630000114440918,7.03000020980835,7.190000057220459,3534700,0.0,0.0
2020-04-21 00:00:00-04:00,7.010000228881836,7.139999866485596,6.860000133514404,6.989999771118164,2726700,0.0,0.0
2020-04-22 00:00:00-04:00,7.179999828338623,7.320000171661377,6.710000038146973,6.71999979019165,2540800,0.0,0.0
2020-04-23 00:00:00-04:00,6.829999923706055,7.400000095367432,6.829999923706055,7.0,2271100,0.0,0.0
2020-04-24 00:00:00-04:00,7.059999942779541,7.119999885559082,6.460000038146973,6.489999771118164,4050600,0.0,0.0
2020-04-27 00:00:00-04:00,6.539999961853027,7.639999866485596,6.5,7.46999979019165,3500800,0.0,0.0
2020-04-28 00:00:00-04:00,8.029999732971191,8.239999771118164,7.440000057220459,7.510000228881836,3149900,0.0,0.0
2020-04-29 00:00:00-04:00,7.920000076293945,8.489999771118164,7.889999866485596,8.319999694824219,3750400,0.0,0.0
2020-04-30 00:00:00-04:00,7.900000095367432,8.020000457763672,7.400000095367432,7.510000228881836,3402300,0.0,0.0
2020-05-01 00:00:00-04:00,7.139999866485596,7.400000095367432,7.070000171661377,7.179999828338623,2523400,0.0,0.0
2020-05-04 00:00:00-04:00,7.010000228881836,7.380000114440918,6.860000133514404,7.199999809265137,2596800,0.0,0.0
2020-05-05 00:00:00-04:00,7.75,8.479999542236328,7.699999809265137,7.789999961853027,6073700,0.0,0.0
2020-05-06 00:00:00-04:00,7.789999961853027,7.909999847412109,7.320000171661377,7.480000019073486,2298500,0.0,0.0
2020-05-07 00:00:00-04:00,7.739999771118164,8.1899995803833,7.599999904632568,7.96999979019165,2107300,0.0,0.0
2020-05-08 00:00:00-04:00,8.149999618530273,8.420000076293945,7.96999979019165,8.289999961853027,3055900,0.0,0.0
2020-05-11 00:00:00-04:00,7.960000038146973,8.09000015258789,7.460000038146973,7.5,3408700,0.0,0.0
2020-05-12 00:00:00-04:00,7.630000114440918,7.769999980926514,6.960000038146973,6.96999979019165,2814200,0.0,0.0
2020-05-13 00:00:00-04:00,6.980000019073486,6.980000019073486,6.480000019073486,6.599999904632568,3397700,0.0,0.0
2020-05-14 00:00:00-04:00,6.400000095367432,6.889999866485596,6.210000038146973,6.869999885559082,2518400,0.0,0.0
2020-05-15 00:00:00-04:00,6.869999885559082,7.090000152587891,6.710000038146973,6.900000095367432,1339200,0.0,0.0
2020-05-18 00:00:00-04:00,7.400000095367432,7.860000133514404,7.349999904632568,7.659999847412109,3012800,0.0,0.0
2020-05-19 00:00:00-04:00,7.5,7.840000152587891,7.239999771118164,7.690000057220459,3822700,0.0,0.0
2020-05-20 00:00:00-04:00,7.840000152587891,8.289999961853027,7.71999979019165,7.840000152587891,2645500,0.0,0.0
2020-05-21 00:00:00-04:00,7.800000190734863,8.130000114440918,7.710000038146973,7.809999942779541,2457500,0.0,0.0
2020-05-22 00:00:00-04:00,7.869999885559082,7.909999847412109,7.659999847412109,7.849999904632568,1118700,0.0,0.0
2020-05-26 00:00:00-04:00,8.350000381469727,8.789999961853027,8.260000228881836,8.619999885559082,2443600,0.0,0.0
2020-05-27 00:00:00-04:00,9.050000190734863,9.199999809265137,8.59000015258789,9.180000305175781,2574300,0.0,0.0
2020-05-28 00:00:00-04:00,9.489999771118164,9.520000457763672,8.720000267028809,8.75,2393000,0.0,0.0
2020-05-29 00:00:00-04:00,8.550000190734863,8.8100004196167,8.390000343322754,8.680000305175781,2038100,0.0,0.0
2020-06-01 00:00:00-04:00,8.819999694824219,9.300000190734863,8.699999809265137,9.109999656677246,2239400,0.0,0.0
2020-06-02 00:00:00-04:00,9.3100004196167,9.619999885559082,9.239999771118164,9.319999694824219,2308200,0.0,0.0
2020-06-03 00:00:00-04:00,9.75,10.710000038146973,9.649999618530273,10.479999542236328,3838100,0.0,0.0
2020-06-04 00:00:00-04:00,10.550000190734863,11.630000114440918,10.510000228881836,11.09000015258789,4448100,0.0,0.0
2020-06-05 00:00:00-04:00,12.130000114440918,12.600000381469727,11.8100004196167,12.130000114440918,3992500,0.0,0.0
2020-06-08 00:00:00-04:00,12.199999809265137,12.270000457763672,11.5600004196167,11.84000015258789,3563500,0.0,0.0
2020-06-09 00:00:00-04:00,11.3100004196167,11.579999923706055,10.869999885559082,11.270000457763672,2943800,0.0,0.0
2020-06-10 00:00:00-04:00,11.180000305175781,11.220000267028809,10.180000305175781,10.4399995803833,3140800,0.0,0.0
2020-06-11 00:00:00-04:00,9.4399995803833,10.199999809265137,9.079999923706055,9.100000381469727,3341400,0.0,0.0
2020-06-12 00:00:00-04:00,9.930000305175781,10.069999694824219,9.289999961853027,9.75,2038900,0.0,0.0
2020-06-15 00:00:00-04:00,9.199999809265137,9.9399995803833,9.0,9.920000076293945,2846200,0.0,0.0
2020-06-16 00:00:00-04:00,10.800000190734863,10.920000076293945,10.140000343322754,10.720000267028809,2491000,0.0,0.0
2020-06-17 00:00:00-04:00,10.229999542236328,11.0600004196167,10.229999542236328,10.680000305175781,5560100,0.0,0.0
2020-06-18 00:00:00-04:00,10.489999771118164,10.739999771118164,10.380000114440918,10.479999542236328,9382000,0.0,0.0
2020-06-19 00:00:00-04:00,10.539999961853027,10.65999984741211,9.649999618530273,9.90999984741211,6077700,0.0,0.0
2020-06-22 00:00:00-04:00,9.760000228881836,10.279999732971191,9.380000114440918,10.25,3543200,0.0,0.0
2020-06-23 00:00:00-04:00,10.550000190734863,10.640000343322754,9.979999542236328,10.09000015258789,2273800,0.0,0.0
2020-06-24 00:00:00-04:00,9.819999694824219,10.010000228881836,9.210000038146973,9.25,2544900,0.0,0.0
2020-06-25 00:00:00-04:00,9.100000381469727,9.4399995803833,8.90999984741211,9.430000305175781,2929100,0.0,0.0
2020-06-26 00:00:00-04:00,9.199999809265137,9.40999984741211,9.130000114440918,9.390000343322754,3490600,0.0,0.0
2020-06-29 00:00:00-04:00,9.680000305175781,10.380000114440918,9.59000015258789,10.279999732971191,2603200,0.0,0.0
2020-06-30 00:00:00-04:00,10.119999885559082,10.319999694824219,9.819999694824219,10.1899995803833,3463800,0.0,0.0
2020-07-01 00:00:00-04:00,10.270000457763672,10.449999809265137,9.829999923706055,10.010000228881836,1810900,0.0,0.0
2020-07-02 00:00:00-04:00,10.420000076293945,10.819999694824219,9.960000038146973,10.1899995803833,1702300,0.0,0.0
2020-07-06 00:00:00-04:00,10.619999885559082,10.699999809265137,10.199999809265137,10.40999984741211,1371300,0.0,0.0
2020-07-07 00:00:00-04:00,10.199999809265137,10.289999961853027,9.800000190734863,9.84000015258789,1458000,0.0,0.0
2020-07-08 00:00:00-04:00,9.84000015258789,9.899999618530273,9.489999771118164,9.609999656677246,1533700,0.0,0.0
2020-07-09 00:00:00-04:00,9.579999923706055,9.619999885559082,8.970000267028809,9.149999618530273,1641000,0.0,0.0
2020-07-10 00:00:00-04:00,9.170000076293945,9.670000076293945,9.15999984741211,9.670000076293945,1579000,0.0,0.0
2020-07-13 00:00:00-04:00,9.890000343322754,10.369999885559082,9.829999923706055,10.149999618530273,2938000,0.0,0.0
2020-07-14 00:00:00-04:00,10.100000381469727,10.4399995803833,9.779999732971191,10.390000343322754,1842800,0.0,0.0
2020-07-15 00:00:00-04:00,10.710000038146973,11.0600004196167,10.550000190734863,10.8100004196167,3380600,0.0,0.0
2020-07-16 00:00:00-04:00,10.65999984741211,10.65999984741211,9.960000038146973,10.029999732971191,3014100,0.0,0.0
2020-07-17 00:00:00-04:00,10.079999923706055,10.289999961853027,9.739999771118164,9.779999732971191,5386400,0.0,0.0
2020-07-20 00:00:00-04:00,9.779999732971191,9.880000114440918,9.399999618530273,9.470000267028809,4795700,0.0,0.0
2020-07-21 00:00:00-04:00,9.779999732971191,9.899999618530273,9.569999694824219,9.640000343322754,2656900,0.0,0.0
2020-07-22 00:00:00-04:00,9.529999732971191,9.739999771118164,9.479999542236328,9.600000381469727,2003000,0.0,0.0
2020-07-23 00:00:00-04:00,9.5,9.819999694824219,9.260000228881836,9.460000038146973,3086200,0.0,0.0
2020-07-24 00:00:00-04:00,9.470000267028809,9.579999923706055,9.3100004196167,9.380000114440918,1361800,0.0,0.0
2020-07-27 00:00:00-04:00,9.380000114440918,9.449999809265137,9.100000381469727,9.25,1514000,0.0,0.0
2020-07-28 00:00:00-04:00,9.15999984741211,9.289999961853027,9.039999961853027,9.0600004196167,908300,0.0,0.0
2020-07-29 00:00:00-04:00,9.100000381469727,9.239999771118164,8.989999771118164,9.170000076293945,2281500,0.0,0.0
2020-07-30 00:00:00-04:00,8.899999618530273,9.100000381469727,8.65999984741211,9.0600004196167,1884400,0.0,0.0
2020-07-31 00:00:00-04:00,8.970000267028809,9.109999656677246,8.569999694824219,8.6899995803833,2083000,0.0,0.0
2020-08-03 00:00:00-04:00,8.789999961853027,9.09000015258789,8.649999618530273,8.880000114440918,2642200,0.0,0.0
2020-08-04 00:00:00-04:00,8.65999984741211,9.329999923706055,8.289999961853027,9.140000343322754,5989100,0.0,0.0
2020-08-05 00:00:00-04:00,9.329999923706055,9.600000381469727,9.15999984741211,9.199999809265137,3569200,0.0,0.0
2020-08-06 00:00:00-04:00,9.119999885559082,9.34000015258789,9.0600004196167,9.149999618530273,2375700,0.0,0.0
2020-08-07 00:00:00-04:00,9.010000228881836,9.220000267028809,8.819999694824219,9.140000343322754,2594700,0.0,0.0
2020-08-10 00:00:00-04:00,9.220000267028809,9.770000457763672,9.220000267028809,9.640000343322754,4253800,0.0,0.0
2020-08-11 00:00:00-04:00,9.949999809265137,10.180000305175781,9.59000015258789,9.600000381469727,3108500,0.0,0.0
2020-08-12 00:00:00-04:00,9.829999923706055,9.890000343322754,9.210000038146973,9.319999694824219,1839900,0.0,0.0
2020-08-13 00:00:00-04:00,8.899999618530273,9.140000343322754,8.720000267028809,8.890000343322754,3877900,0.0,0.0
2020-08-14 00:00:00-04:00,8.800000190734863,9.319999694824219,8.710000038146973,9.1899995803833,2643300,0.0,0.0
2020-08-17 00:00:00-04:00,9.199999809265137,9.239999771118164,9.020000457763672,9.079999923706055,1784900,0.0,0.0
2020-08-18 00:00:00-04:00,9.100000381469727,9.140000343322754,8.729999542236328,8.760000228881836,1953500,0.0,0.0
2020-08-19 00:00:00-04:00,8.739999771118164,9.0,8.600000381469727,8.649999618530273,1405800,0.0,0.0
2020-08-20 00:00:00-04:00,8.5,8.720000267028809,8.40999984741211,8.630000114440918,980600,0.0,0.0
2020-08-21 00:00:00-04:00,8.489999771118164,8.539999961853027,8.229999542236328,8.279999732971191,2048000,0.0,0.0
2020-08-24 00:00:00-04:00,8.420000076293945,8.680000305175781,8.289999961853027,8.640000343322754,1997500,0.0,0.0
2020-08-25 00:00:00-04:00,8.729999542236328,8.890000343322754,8.449999809265137,8.640000343322754,1143100,0.0,0.0
2020-08-26 00:00:00-04:00,8.59000015258789,8.649999618530273,8.279999732971191,8.289999961853027,1256200,0.0,0.0
2020-08-27 00:00:00-04:00,8.399999618530273,8.65999984741211,8.319999694824219,8.470000267028809,1862100,0.0,0.0
2020-08-28 00:00:00-04:00,8.510000228881836,8.720000267028809,8.470000267028809,8.649999618530273,1111500,0.0,0.0
2020-08-31 00:00:00-04:00,8.6899995803833,8.789999961853027,8.289999961853027,8.329999923706055,2051700,0.0,0.0
2020-09-01 00:00:00-04:00,8.180000305175781,8.59000015258789,8.039999961853027,8.430000305175781,1419400,0.0,0.0
2020-09-02 00:00:00-04:00,8.430000305175781,8.739999771118164,8.34000015258789,8.720000267028809,1500500,0.0,0.0
2020-09-03 00:00:00-04:00,8.760000228881836,9.0,8.569999694824219,8.789999961853027,2294100,0.0,0.0
2020-09-04 00:00:00-04:00,9.020000457763672,9.350000381469727,8.720000267028809,8.989999771118164,2215500,0.0,0.0
2020-09-08 00:00:00-04:00,9.420000076293945,9.420000076293945,8.930000305175781,9.020000457763672,3124300,0.0,0.0
2020-09-09 00:00:00-04:00,9.09000015258789,9.140000343322754,8.609999656677246,8.770000457763672,2307400,0.0,0.0
2020-09-10 00:00:00-04:00,8.850000381469727,8.880000114440918,8.520000457763672,8.520000457763672,1688600,0.0,0.0
2020-09-11 00:00:00-04:00,8.489999771118164,8.760000228881836,8.34000015258789,8.6899995803833,1725300,0.0,0.0
2020-09-14 00:00:00-04:00,8.720000267028809,8.930000305175781,8.600000381469727,8.880000114440918,1584100,0.0,0.0
2020-09-15 00:00:00-04:00,8.949999809265137,9.15999984741211,8.829999923706055,9.100000381469727,2385100,0.0,0.0
2020-09-16 00:00:00-04:00,9.140000343322754,9.710000038146973,8.930000305175781,9.649999618530273,3243000,0.0,0.0
2020-09-17 00:00:00-04:00,9.470000267028809,9.899999618530273,9.350000381469727,9.739999771118164,2601300,0.0,0.0
2020-09-18 00:00:00-04:00,9.770000457763672,10.09000015258789,9.529999732971191,9.59000015258789,24623700,0.0,0.0
2020-09-21 00:00:00-04:00,9.220000267028809,9.4399995803833,9.029999732971191,9.380000114440918,3163100,0.0,0.0
2020-09-22 00:00:00-04:00,9.399999618530273,9.399999618530273,9.130000114440918,9.220000267028809,2784800,0.0,0.0
2020-09-23 00:00:00-04:00,9.199999809265137,9.329999923706055,8.90999984741211,8.970000267028809,3276900,0.0,0.0
2020-09-24 00:00:00-04:00,8.90999984741211,9.210000038146973,8.699999809265137,9.079999923706055,3143800,0.0,0.0
2020-09-25 00:00:00-04:00,8.9399995803833,9.369999885559082,8.869999885559082,9.359999656677246,3288900,0.0,0.0
2020-09-28 00:00:00-04:00,9.609999656677246,9.770000457763672,9.289999961853027,9.289999961853027,2006300,0.0,0.0
2020-09-29 00:00:00-04:00,9.210000038146973,9.300000190734863,8.649999618530273,8.739999771118164,3655200,0.0,0.0
2020-09-30 00:00:00-04:00,8.739999771118164,9.319999694824219,8.6899995803833,8.720000267028809,2591100,0.0,0.0
2020-10-01 00:00:00-04:00,8.739999771118164,9.229999542236328,8.739999771118164,9.220000267028809,1937800,0.0,0.0
2020-10-02 00:00:00-04:00,8.899999618530273,9.649999618530273,8.850000381469727,9.59000015258789,2382200,0.0,0.0
2020-10-05 00:00:00-04:00,9.770000457763672,9.979999542236328,9.630000114440918,9.75,1505400,0.0,0.0
2020-10-06 00:00:00-04:00,9.9399995803833,9.979999542236328,9.109999656677246,9.140000343322754,2561800,0.0,0.0
2020-10-07 00:00:00-04:00,9.319999694824219,9.710000038146973,9.25,9.59000015258789,1914800,0.0,0.0
2020-10-08 00:00:00-04:00,9.6899995803833,9.890000343322754,9.520000457763672,9.779999732971191,2346900,0.0,0.0
2020-10-09 00:00:00-04:00,9.90999984741211,9.920000076293945,9.399999618530273,9.399999618530273,1200500,0.0,0.0
2020-10-12 00:00:00-04:00,9.319999694824219,9.449999809265137,9.149999618530273,9.210000038146973,1091900,0.0,0.0
2020-10-13 00:00:00-04:00,9.0600004196167,9.1899995803833,8.930000305175781,8.930000305175781,1793400,0.0,0.0
2020-10-14 00:00:00-04:00,8.989999771118164,9.199999809265137,8.899999618530273,9.119999885559082,1304400,0.0,0.0
2020-10-15 00:00:00-04:00,8.899999618530273,9.350000381469727,8.800000190734863,9.279999732971191,1140400,0.0,0.0
2020-10-16 00:00:00-04:00,9.3100004196167,9.739999771118164,9.3100004196167,9.460000038146973,2112600,0.0,0.0
2020-10-19 00:00:00-04:00,9.59000015258789,9.84000015258789,9.380000114440918,9.40999984741211,1403800,0.0,0.0
2020-10-20 00:00:00-04:00,9.579999923706055,9.670000076293945,9.079999923706055,9.140000343322754,1488700,0.0,0.0
2020-10-21 00:00:00-04:00,9.09000015258789,9.270000457763672,8.949999809265137,9.010000228881836,1300900,0.0,0.0
2020-10-22 00:00:00-04:00,9.050000190734863,9.5,8.829999923706055,9.449999809265137,2051400,0.0,0.0
2020-10-23 00:00:00-04:00,9.649999618530273,9.850000381469727,9.5,9.649999618530273,1415000,0.0,0.0
2020-10-26 00:00:00-04:00,9.460000038146973,9.460000038146973,9.079999923706055,9.199999809265137,1121100,0.0,0.0
2020-10-27 00:00:00-04:00,9.100000381469727,9.170000076293945,8.869999885559082,8.869999885559082,1715500,0.0,0.0
2020-10-28 00:00:00-04:00,8.680000305175781,8.720000267028809,8.239999771118164,8.270000457763672,2608400,0.0,0.0
2020-10-29 00:00:00-04:00,8.5,9.539999961853027,8.34000015258789,9.4399995803833,3863100,0.0,0.0
2020-10-30 00:00:00-04:00,9.380000114440918,9.600000381469727,8.899999618530273,9.210000038146973,3044800,0.0,0.0
2020-11-02 00:00:00-05:00,9.34000015258789,9.699999809265137,8.989999771118164,9.680000305175781,2539600,0.0,0.0
2020-11-03 00:00:00-05:00,9.890000343322754,10.09000015258789,9.649999618530273,10.020000457763672,1979400,0.0,0.0
2020-11-04 00:00:00-05:00,9.65999984741211,9.729999542236328,9.220000267028809,9.420000076293945,2259200,0.0,0.0
2020-11-05 00:00:00-05:00,9.5,10.369999885559082,9.4399995803833,10.149999618530273,2484200,0.0,0.0
2020-11-06 00:00:00-05:00,10.260000228881836,10.359999656677246,9.880000114440918,10.079999923706055,1478200,0.0,0.0
2020-11-09 00:00:00-05:00,11.210000038146973,11.960000038146973,11.210000038146973,11.630000114440918,2991400,0.0,0.0
2020-11-10 00:00:00-05:00,11.850000381469727,12.369999885559082,11.75,12.239999771118164,2181500,0.0,0.0
2020-11-11 00:00:00-05:00,12.239999771118164,12.319999694824219,11.65999984741211,11.880000114440918,1456300,0.0,0.0
2020-11-12 00:00:00-05:00,11.600000381469727,11.880000114440918,11.399999618530273,11.619999885559082,1430100,0.0,0.0
2020-11-13 00:00:00-05:00,11.75,12.720000267028809,11.699999809265137,12.579999923706055,2219100,0.0,0.0
2020-11-16 00:00:00-05:00,13.069999694824219,13.300000190734863,12.649999618530273,13.300000190734863,2074800,0.0,0.0
2020-11-17 00:00:00-05:00,13.0,13.65999984741211,12.729999542236328,13.5600004196167,2440000,0.0,0.0
2020-11-18 00:00:00-05:00,13.789999961853027,13.949999809265137,13.4399995803833,13.539999961853027,2071300,0.0,0.0
2020-11-19 00:00:00-05:00,13.5,13.779999732971191,13.029999732971191,13.399999618530273,2402700,0.0,0.0
2020-11-20 00:00:00-05:00,13.300000190734863,14.0,13.279999732971191,13.979999542236328,1758200,0.0,0.0
2020-11-23 00:00:00-05:00,14.34000015258789,14.510000228881836,14.149999618530273,14.359999656677246,4127400,0.0,0.0
2020-11-24 00:00:00-05:00,14.899999618530273,15.079999923706055,14.40999984741211,14.510000228881836,2864100,0.0,0.0
2020-11-25 00:00:00-05:00,14.300000190734863,14.619999885559082,13.970000267028809,14.369999885559082,999500,0.0,0.0
2020-11-27 00:00:00-05:00,14.460000038146973,14.649999618530273,14.170000076293945,14.289999961853027,485700,0.0,0.0
2020-11-30 00:00:00-05:00,14.130000114440918,14.279999732971191,13.479999542236328,13.489999771118164,1491700,0.0,0.0
2020-12-01 00:00:00-05:00,13.9399995803833,14.210000038146973,13.84000015258789,14.050000190734863,1874500,0.0,0.0
2020-12-02 00:00:00-05:00,14.520000457763672,15.319999694824219,14.510000228881836,15.199999809265137,2935500,0.0,0.0
2020-12-03 00:00:00-05:00,15.130000114440918,15.510000228881836,14.670000076293945,15.489999771118164,2432700,0.0,0.0
2020-12-04 00:00:00-05:00,16.299999237060547,16.920000076293945,15.75,16.90999984741211,4239300,0.0,0.0
2020-12-07 00:00:00-05:00,17.149999618530273,17.600000381469727,17.010000228881836,17.31999969482422,4165700,0.0,0.0
2020-12-08 00:00:00-05:00,17.0,17.469999313354492,16.950000762939453,17.139999389648438,1693400,0.0,0.0
2020-12-09 00:00:00-05:00,17.34000015258789,17.479999542236328,16.229999542236328,16.6200008392334,1867700,0.0,0.0
2020-12-10 00:00:00-05:00,16.489999771118164,16.889999389648438,16.43000030517578,16.700000762939453,1620500,0.0,0.0
2020-12-11 00:00:00-05:00,16.459999084472656,16.6299991607666,16.059999465942383,16.540000915527344,1160800,0.0,0.0
2020-12-14 00:00:00-05:00,17.020000457763672,17.110000610351562,16.260000228881836,16.299999237060547,2347500,0.0,0.0
2020-12-15 00:00:00-05:00,16.799999237060547,17.059999465942383,16.239999771118164,17.0,2411500,0.0,0.0
2020-12-16 00:00:00-05:00,16.829999923706055,17.079999923706055,16.389999389648438,16.459999084472656,1217000,0.0,0.0
2020-12-17 00:00:00-05:00,16.600000381469727,16.75,16.31999969482422,16.690000534057617,1297800,0.0,0.0
2020-12-18 00:00:00-05:00,16.65999984741211,16.700000762939453,15.9399995803833,16.040000915527344,4316700,0.0,0.0
2020-12-21 00:00:00-05:00,15.84000015258789,16.219999313354492,15.350000381469727,16.15999984741211,1546600,0.0,0.0
2020-12-22 00:00:00-05:00,16.1299991607666,16.3799991607666,15.930000305175781,16.270000457763672,1011800,0.0,0.0
2020-12-23 00:00:00-05:00,16.440000534057617,17.010000228881836,16.34000015258789,16.780000686645508,1345600,0.0,0.0
2020-12-24 00:00:00-05:00,16.950000762939453,16.950000762939453,16.510000228881836,16.690000534057617,609700,0.0,0.0
2020-12-28 00:00:00-05:00,16.850000381469727,17.18000030517578,16.3799991607666,16.420000076293945,1059800,0.0,0.0
2020-12-29 00:00:00-05:00,16.440000534057617,16.540000915527344,15.970000267028809,16.31999969482422,1300600,0.0,0.0
2020-12-30 00:00:00-05:00,16.420000076293945,17.0,16.31999969482422,16.829999923706055,1250700,0.0,0.0
2020-12-31 00:00:00-05:00,16.75,17.020000457763672,16.56999969482422,16.770000457763672,929600,0.0,0.0
2021-01-04 00:00:00-05:00,17.190000534057617,17.440000534057617,15.970000267028809,15.979999542236328,1944900,0.0,0.0
2021-01-05 00:00:00-05:00,16.049999237060547,17.329999923706055,16.049999237060547,17.229999542236328,1454000,0.0,0.0
2021-01-06 00:00:00-05:00,17.8700008392334,18.690000534057617,17.459999084472656,18.68000030517578,2651500,0.0,0.0
2021-01-07 00:00:00-05:00,18.940000534057617,19.200000762939453,18.510000228881836,18.670000076293945,1777800,0.0,0.0
2021-01-08 00:00:00-05:00,18.709999084472656,18.850000381469727,18.239999771118164,18.709999084472656,1404300,0.0,0.0
2021-01-11 00:00:00-05:00,18.079999923706055,18.610000610351562,17.93000030517578,18.40999984741211,1253700,0.0,0.0
2021-01-12 00:00:00-05:00,18.5,19.0,18.360000610351562,18.770000457763672,1242500,0.0,0.0
2021-01-13 00:00:00-05:00,18.719999313354492,18.829999923706055,18.079999923706055,18.260000228881836,923200,0.0,0.0
2021-01-14 00:00:00-05:00,18.639999389648438,18.8799991607666,18.350000381469727,18.59000015258789,987300,0.0,0.0
2021-01-15 00:00:00-05:00,18.219999313354492,18.540000915527344,18.059999465942383,18.450000762939453,1436900,0.0,0.0
2021-01-19 00:00:00-05:00,18.68000030517578,18.969999313354492,18.43000030517578,18.510000228881836,1366600,0.0,0.0
2021-01-20 00:00:00-05:00,18.530000686645508,18.920000076293945,18.170000076293945,18.510000228881836,2952600,0.0,0.0
2021-01-21 00:00:00-05:00,18.34000015258789,18.5,17.68000030517578,17.959999084472656,1485000,0.0,0.0
2021-01-22 00:00:00-05:00,17.56999969482422,18.170000076293945,17.209999084472656,18.1200008392334,964500,0.0,0.0
2021-01-25 00:00:00-05:00,18.09000015258789,18.389999389648438,17.719999313354492,18.34000015258789,936400,0.0,0.0
2021-01-26 00:00:00-05:00,18.700000762939453,18.850000381469727,17.780000686645508,18.010000228881836,2679100,0.0,0.0
2021-01-27 00:00:00-05:00,17.329999923706055,18.75,17.170000076293945,18.200000762939453,1941700,0.0,0.0
2021-01-28 00:00:00-05:00,18.700000762939453,19.280000686645508,17.65999984741211,18.25,2722100,0.0,0.0
2021-01-29 00:00:00-05:00,18.3799991607666,18.530000686645508,16.8700008392334,17.010000228881836,1848800,0.0,0.0
2021-02-01 00:00:00-05:00,17.31999969482422,17.770000457763672,17.049999237060547,17.719999313354492,1245900,0.0,0.0
2021-02-02 00:00:00-05:00,18.09000015258789,18.510000228881836,17.790000915527344,18.219999313354492,1286700,0.0,0.0
2021-02-03 00:00:00-05:00,18.020000457763672,18.270000457763672,17.719999313354492,18.1299991607666,856100,0.0,0.0
2021-02-04 00:00:00-05:00,18.270000457763672,18.729999542236328,18.110000610351562,18.459999084472656,744700,0.0,0.0
2021-02-05 00:00:00-05:00,18.649999618530273,18.809999465942383,18.280000686645508,18.350000381469727,965100,0.0,0.0
2021-02-08 00:00:00-05:00,18.639999389648438,19.030000686645508,18.639999389648438,19.010000228881836,982400,0.0,0.0
2021-02-09 00:00:00-05:00,18.799999237060547,19.0,18.079999923706055,18.549999237060547,1059900,0.0,0.0
2021-02-10 00:00:00-05:00,18.799999237060547,18.959999084472656,18.5,18.600000381469727,742000,0.0,0.0
2021-02-11 00:00:00-05:00,18.709999084472656,19.010000228881836,18.200000762939453,18.889999389648438,1133000,0.0,0.0
2021-02-12 00:00:00-05:00,18.530000686645508,18.809999465942383,18.299999237060547,18.690000534057617,972200,0.0,0.0
2021-02-16 00:00:00-05:00,19.09000015258789,19.209999084472656,18.790000915527344,19.059999465942383,2067900,0.0,0.0
2021-02-17 00:00:00-05:00,18.979999542236328,19.1299991607666,18.43000030517578,18.68000030517578,1436600,0.0,0.0
2021-02-18 00:00:00-05:00,18.639999389648438,18.790000915527344,18.09000015258789,18.40999984741211,1129300,0.0,0.0
2021-02-19 00:00:00-05:00,18.6200008392334,19.729999542236328,18.489999771118164,19.3799991607666,2051300,0.0,0.0
2021-02-22 00:00:00-05:00,19.209999084472656,20.559999465942383,19.209999084472656,20.459999084472656,1989800,0.0,0.0
2021-02-23 00:00:00-05:00,20.079999923706055,20.8700008392334,19.8799991607666,20.690000534057617,1387700,0.0,0.0
2021-02-24 00:00:00-05:00,20.860000610351562,21.780000686645508,20.790000915527344,21.639999389648438,1251000,0.0,0.0
2021-02-25 00:00:00-05:00,21.799999237060547,22.049999237060547,20.469999313354492,20.56999969482422,1295000,0.0,0.0
2021-02-26 00:00:00-05:00,20.389999389648438,20.709999084472656,19.43000030517578,19.65999984741211,1348500,0.0,0.0
2021-03-01 00:00:00-05:00,20.360000610351562,21.1299991607666,20.25,20.829999923706055,1104000,0.0,0.0
2021-03-02 00:00:00-05:00,20.799999237060547,21.030000686645508,20.049999237060547,20.190000534057617,1069700,0.0,0.0
2021-03-03 00:00:00-05:00,20.309999465942383,21.43000030517578,20.290000915527344,21.010000228881836,1609800,0.0,0.0
2021-03-04 00:00:00-05:00,20.75,20.8700008392334,19.1299991607666,19.760000228881836,2201300,0.0,0.0
2021-03-05 00:00:00-05:00,20.34000015258789,20.75,19.309999465942383,20.260000228881836,1173000,0.0,0.0
2021-03-08 00:00:00-05:00,20.18000030517578,21.0,19.90999984741211,20.8700008392334,1105800,0.0,0.0
2021-03-09 00:00:00-05:00,20.75,21.440000534057617,19.989999771118164,21.190000534057617,1256600,0.0,0.0
2021-03-10 00:00:00-05:00,21.15999984741211,21.979999542236328,21.149999618530273,21.75,1154200,0.0,0.0
2021-03-11 00:00:00-05:00,22.0,22.579999923706055,21.739999771118164,21.950000762939453,1693200,0.0,0.0
2021-03-12 00:00:00-05:00,21.90999984741211,22.43000030517578,21.3700008392334,22.229999542236328,959600,0.0,0.0
2021-03-15 00:00:00-04:00,21.920000076293945,22.100000381469727,21.079999923706055,21.420000076293945,1322400,0.0,0.0
2021-03-16 00:00:00-04:00,22.530000686645508,22.8700008392334,21.329999923706055,21.34000015258789,1507800,0.0,0.0
2021-03-17 00:00:00-04:00,21.100000381469727,22.049999237060547,20.8700008392334,22.020000457763672,2221300,0.0,0.0
2021-03-18 00:00:00-04:00,22.1200008392334,22.719999313354492,21.350000381469727,21.459999084472656,1200800,0.0,0.0
2021-03-19 00:00:00-04:00,21.489999771118164,21.899999618530273,20.290000915527344,21.3700008392334,2575400,0.0,0.0
2021-03-22 00:00:00-04:00,21.43000030517578,21.649999618530273,20.559999465942383,20.93000030517578,1178200,0.0,0.0
2021-03-23 00:00:00-04:00,20.280000686645508,20.780000686645508,20.0,20.15999984741211,1890600,0.0,0.0
2021-03-24 00:00:00-04:00,20.649999618530273,21.219999313354492,19.93000030517578,19.950000762939453,1030000,0.0,0.0
2021-03-25 00:00:00-04:00,19.75,21.110000610351562,19.530000686645508,20.979999542236328,1410400,0.0,0.0
2021-03-26 00:00:00-04:00,21.239999771118164,22.290000915527344,21.030000686645508,22.229999542236328,1655200,0.0,0.0
2021-03-29 00:00:00-04:00,22.0,22.209999084472656,20.610000610351562,20.639999389648438,1492700,0.0,0.0
2021-03-30 00:00:00-04:00,20.59000015258789,21.440000534057617,20.450000762939453,21.290000915527344,1230000,0.0,0.0
2021-03-31 00:00:00-04:00,21.510000228881836,21.799999237060547,20.809999465942383,21.059999465942383,1494500,0.0,0.0
2021-04-01 00:00:00-04:00,21.200000762939453,22.0,20.860000610351562,22.0,994200,0.0,0.0
2021-04-05 00:00:00-04:00,22.459999084472656,22.920000076293945,21.989999771118164,22.469999313354492,1954800,0.0,0.0
2021-04-06 00:00:00-04:00,22.56999969482422,22.860000610351562,21.969999313354492,22.34000015258789,858100,0.0,0.0
2021-04-07 00:00:00-04:00,22.459999084472656,22.81999969482422,22.100000381469727,22.399999618530273,828100,0.0,0.0
2021-04-08 00:00:00-04:00,22.329999923706055,22.65999984741211,21.700000762939453,22.200000762939453,2043100,0.0,0.0
2021-04-09 00:00:00-04:00,22.06999969482422,22.219999313354492,21.770000457763672,22.09000015258789,759300,0.0,0.0
2021-04-12 00:00:00-04:00,22.040000915527344,22.059999465942383,21.549999237060547,21.969999313354492,869400,0.0,0.0
2021-04-13 00:00:00-04:00,22.079999923706055,22.170000076293945,21.18000030517578,21.610000610351562,832400,0.0,0.0
2021-04-14 00:00:00-04:00,21.850000381469727,22.600000381469727,21.81999969482422,22.110000610351562,675500,0.0,0.0
2021-04-15 00:00:00-04:00,22.40999984741211,22.40999984741211,21.6200008392334,22.170000076293945,1141200,0.0,0.0
2021-04-16 00:00:00-04:00,22.59000015258789,22.59000015258789,21.920000076293945,22.049999237060547,800200,0.0,0.0
2021-04-19 00:00:00-04:00,21.780000686645508,22.329999923706055,21.649999618530273,22.139999389648438,980200,0.0,0.0
2021-04-20 00:00:00-04:00,22.1299991607666,22.15999984741211,21.170000076293945,21.5,1303600,0.0,0.0
2021-04-21 00:00:00-04:00,21.25,22.700000762939453,21.139999389648438,22.6299991607666,1092300,0.0,0.0
2021-04-22 00:00:00-04:00,22.729999542236328,22.90999984741211,22.360000610351562,22.43000030517578,1176100,0.0,0.0
2021-04-23 00:00:00-04:00,22.780000686645508,23.43000030517578,22.579999923706055,23.3700008392334,2169700,0.0,0.0
2021-04-26 00:00:00-04:00,23.450000762939453,24.5,23.420000076293945,24.5,1839700,0.0,0.0
2021-04-27 00:00:00-04:00,24.219999313354492,24.549999237060547,23.790000915527344,24.229999542236328,855800,0.0,0.0
2021-04-28 00:00:00-04:00,24.25,24.639999389648438,23.899999618530273,24.040000915527344,1539700,0.0,0.0
2021-04-29 00:00:00-04:00,24.25,24.290000915527344,22.690000534057617,23.600000381469727,1690000,0.0,0.0
2021-04-30 00:00:00-04:00,23.18000030517578,23.790000915527344,23.010000228881836,23.260000228881836,1683600,0.0,0.0
2021-05-03 00:00:00-04:00,23.65999984741211,23.780000686645508,22.989999771118164,23.639999389648438,1430700,0.0,0.0
2021-05-04 00:00:00-04:00,23.6299991607666,24.149999618530273,23.3799991607666,23.549999237060547,1230100,0.0,0.0
2021-05-05 00:00:00-04:00,23.739999771118164,24.06999969482422,23.219999313354492,23.90999984741211,1699800,0.0,0.0
2021-05-06 00:00:00-04:00,24.110000610351562,24.770000457763672,23.469999313354492,24.739999771118164,1321600,0.0,0.0
2021-05-07 00:00:00-04:00,24.670000076293945,24.670000076293945,24.09000015258789,24.170000076293945,1052400,0.0,0.0
2021-05-10 00:00:00-04:00,24.559999465942383,24.860000610351562,23.790000915527344,23.799999237060547,1034900,0.0,0.0
2021-05-11 00:00:00-04:00,23.079999923706055,24.020000457763672,22.899999618530273,23.739999771118164,836500,0.0,0.0
2021-05-12 00:00:00-04:00,23.510000228881836,23.780000686645508,22.229999542236328,22.520000457763672,1070800,0.0,0.0
2021-05-13 00:00:00-04:00,22.600000381469727,23.510000228881836,22.389999389648438,22.579999923706055,1507100,0.0,0.0
2021-05-14 00:00:00-04:00,22.520000457763672,23.049999237060547,22.299999237060547,22.950000762939453,991500,0.0,0.0
2021-05-17 00:00:00-04:00,23.0,23.959999084472656,22.600000381469727,23.850000381469727,763900,0.0,0.0
2021-05-18 00:00:00-04:00,23.81999969482422,23.899999618530273,23.049999237060547,23.06999969482422,581400,0.0,0.0
2021-05-19 00:00:00-04:00,22.350000381469727,22.8700008392334,22.229999542236328,22.860000610351562,612900,0.0,0.0
2021-05-20 00:00:00-04:00,22.729999542236328,22.770000457763672,22.1200008392334,22.6299991607666,613100,0.0,0.0
2021-05-21 00:00:00-04:00,22.979999542236328,23.479999542236328,22.1299991607666,22.690000534057617,1582600,0.0,0.0
2021-05-24 00:00:00-04:00,22.56999969482422,23.510000228881836,22.309999465942383,23.280000686645508,706900,0.0,0.0
2021-05-25 00:00:00-04:00,23.329999923706055,23.59000015258789,22.40999984741211,22.440000534057617,1089500,0.0,0.0
2021-05-26 00:00:00-04:00,22.440000534057617,23.1200008392334,22.440000534057617,23.040000915527344,839900,0.0,0.0
2021-05-27 00:00:00-04:00,23.549999237060547,24.979999542236328,23.420000076293945,24.799999237060547,1865100,0.0,0.0
2021-05-28 00:00:00-04:00,24.56999969482422,24.56999969482422,24.049999237060547,24.489999771118164,1126100,0.0,0.0
2021-06-01 00:00:00-04:00,25.0,25.040000915527344,24.420000076293945,24.559999465942383,1049700,0.0,0.0
2021-06-02 00:00:00-04:00,24.600000381469727,24.709999084472656,24.190000534057617,24.450000762939453,1887100,0.0,0.0
2021-06-03 00:00:00-04:00,24.06999969482422,24.549999237060547,23.65999984741211,23.799999237060547,1432400,0.0,0.0
2021-06-04 00:00:00-04:00,24.079999923706055,24.1299991607666,23.59000015258789,23.860000610351562,669400,0.0,0.0
2021-06-07 00:00:00-04:00,23.829999923706055,24.440000534057617,23.729999542236328,24.290000915527344,786200,0.0,0.0
2021-06-08 00:00:00-04:00,24.389999389648438,24.969999313354492,24.200000762939453,24.700000762939453,784300,0.0,0.0
2021-06-09 00:00:00-04:00,24.68000030517578,24.790000915527344,24.399999618530273,24.6200008392334,903100,0.0,0.0
2021-06-10 00:00:00-04:00,25.0,25.0,23.639999389648438,23.690000534057617,780100,0.0,0.0
2021-06-11 00:00:00-04:00,24.110000610351562,24.270000457763672,23.549999237060547,23.809999465942383,746400,0.0,0.0
2021-06-14 00:00:00-04:00,23.56999969482422,23.809999465942383,23.389999389648438,23.540000915527344,1217600,0.0,0.0
2021-06-15 00:00:00-04:00,23.389999389648438,23.700000762939453,22.920000076293945,23.59000015258789,963800,0.0,0.0
2021-06-16 00:00:00-04:00,23.3799991607666,23.450000762939453,22.68000030517578,23.059999465942383,1713900,0.0,0.0
2021-06-17 00:00:00-04:00,22.799999237060547,22.8799991607666,21.299999237060547,21.850000381469727,1631800,0.0,0.0
2021-06-18 00:00:00-04:00,21.280000686645508,21.770000457763672,21.030000686645508,21.040000915527344,2077500,0.0,0.0
2021-06-21 00:00:00-04:00,21.40999984741211,21.690000534057617,21.18000030517578,21.610000610351562,983900,0.0,0.0
2021-06-22 00:00:00-04:00,21.6299991607666,21.75,21.260000228881836,21.600000381469727,813100,0.0,0.0
2021-06-23 00:00:00-04:00,21.860000610351562,22.200000762939453,21.31999969482422,21.329999923706055,1330000,0.0,0.0
2021-06-24 00:00:00-04:00,21.559999465942383,22.610000610351562,21.459999084472656,22.440000534057617,1210300,0.0,0.0
2021-06-25 00:00:00-04:00,22.670000076293945,22.670000076293945,20.899999618530273,21.020000457763672,8024200,0.0,0.0
2021-06-28 00:00:00-04:00,21.209999084472656,21.290000915527344,20.540000915527344,20.709999084472656,1684100,0.0,0.0
2021-06-29 00:00:00-04:00,20.700000762939453,21.15999984741211,20.34000015258789,20.34000015258789,769500,0.0,0.0
2021-06-30 00:00:00-04:00,20.149999618530273,20.959999084472656,20.149999618530273,20.850000381469727,876800,0.0,0.0
2021-07-01 00:00:00-04:00,21.149999618530273,21.459999084472656,20.889999389648438,21.18000030517578,1209700,0.0,0.0
2021-07-02 00:00:00-04:00,21.389999389648438,21.43000030517578,20.799999237060547,20.899999618530273,518300,0.0,0.0
2021-07-06 00:00:00-04:00,20.719999313354492,21.049999237060547,20.110000610351562,20.3700008392334,1261500,0.0,0.0
2021-07-07 00:00:00-04:00,21.09000015258789,21.59000015258789,20.65999984741211,21.479999542236328,1622100,0.0,0.0
2021-07-08 00:00:00-04:00,20.729999542236328,21.479999542236328,20.43000030517578,21.09000015258789,1502800,0.0,0.0
2021-07-09 00:00:00-04:00,21.68000030517578,22.229999542236328,21.420000076293945,22.010000228881836,790100,0.0,0.0
2021-07-12 00:00:00-04:00,21.6299991607666,22.329999923706055,21.399999618530273,22.06999969482422,732300,0.0,0.0
2021-07-13 00:00:00-04:00,21.809999465942383,21.809999465942383,21.209999084472656,21.229999542236328,650200,0.0,0.0
2021-07-14 00:00:00-04:00,21.639999389648438,21.860000610351562,20.790000915527344,20.93000030517578,755900,0.0,0.0
2021-07-15 00:00:00-04:00,20.709999084472656,21.389999389648438,20.510000228881836,21.0,620300,0.0,0.0
2021-07-16 00:00:00-04:00,21.260000228881836,21.260000228881836,20.059999465942383,20.1200008392334,1459500,0.0,0.0
2021-07-19 00:00:00-04:00,19.510000228881836,20.0,18.90999984741211,19.06999969482422,2223900,0.0,0.0
2021-07-20 00:00:00-04:00,18.979999542236328,20.049999237060547,18.780000686645508,19.790000915527344,1524300,0.0,0.0
2021-07-21 00:00:00-04:00,20.25,20.6200008392334,20.059999465942383,20.309999465942383,896000,0.0,0.0
2021-07-22 00:00:00-04:00,20.1299991607666,20.18000030517578,19.6200008392334,19.850000381469727,1189100,0.0,0.0
2021-07-23 00:00:00-04:00,19.969999313354492,20.020000457763672,19.530000686645508,19.850000381469727,643300,0.0,0.0
2021-07-26 00:00:00-04:00,20.110000610351562,20.530000686645508,20.010000228881836,20.5,553400,0.0,0.0
2021-07-27 00:00:00-04:00,20.239999771118164,20.639999389648438,20.049999237060547,20.489999771118164,904800,0.0,0.0
2021-07-28 00:00:00-04:00,20.799999237060547,21.059999465942383,20.040000915527344,20.18000030517578,1201900,0.0,0.0
2021-07-29 00:00:00-04:00,20.700000762939453,21.40999984741211,20.65999984741211,21.290000915527344,1111600,0.0,0.0
2021-07-30 00:00:00-04:00,20.979999542236328,21.469999313354492,20.31999969482422,20.530000686645508,993500,0.0,0.0
2021-08-02 00:00:00-04:00,20.68000030517578,21.09000015258789,19.729999542236328,19.75,1456600,0.0,0.0
2021-08-03 00:00:00-04:00,19.979999542236328,20.0,18.65999984741211,19.889999389648438,2342900,0.0,0.0
2021-08-04 00:00:00-04:00,19.56999969482422,19.8700008392334,18.420000076293945,18.5,1529100,0.0,0.0
2021-08-05 00:00:00-04:00,18.5,19.59000015258789,18.5,19.25,1927600,0.0,0.0
2021-08-06 00:00:00-04:00,19.809999465942383,20.1200008392334,19.450000762939453,19.489999771118164,751200,0.0,0.0
2021-08-09 00:00:00-04:00,19.200000762939453,19.719999313354492,18.969999313354492,19.6200008392334,1027700,0.0,0.0
2021-08-10 00:00:00-04:00,19.799999237060547,20.219999313354492,19.510000228881836,20.049999237060547,1036300,0.0,0.0
2021-08-11 00:00:00-04:00,20.219999313354492,20.3700008392334,19.649999618530273,20.3700008392334,661900,0.0,0.0
2021-08-12 00:00:00-04:00,20.25,20.350000381469727,19.59000015258789,20.010000228881836,702700,0.0,0.0
2021-08-13 00:00:00-04:00,20.040000915527344,20.040000915527344,19.31999969482422,19.479999542236328,850300,0.0,0.0
2021-08-16 00:00:00-04:00,18.950000762939453,19.559999465942383,18.670000076293945,19.239999771118164,953900,0.0,0.0
2021-08-17 00:00:00-04:00,18.739999771118164,19.100000381469727,18.43000030517578,18.989999771118164,1250300,0.0,0.0
2021-08-18 00:00:00-04:00,18.780000686645508,19.31999969482422,18.6299991607666,18.81999969482422,958100,0.0,0.0
2021-08-19 00:00:00-04:00,18.25,18.56999969482422,17.84000015258789,18.15999984741211,1919700,0.0,0.0
2021-08-20 00:00:00-04:00,18.09000015258789,18.299999237060547,17.530000686645508,17.75,1388800,0.0,0.0
2021-08-23 00:00:00-04:00,18.059999465942383,18.459999084472656,17.979999542236328,18.010000228881836,2460900,0.0,0.0
2021-08-24 00:00:00-04:00,18.360000610351562,18.729999542236328,18.110000610351562,18.1200008392334,1166200,0.0,0.0
2021-08-25 00:00:00-04:00,18.010000228881836,18.389999389648438,17.899999618530273,17.979999542236328,2278900,0.0,0.0
2021-08-26 00:00:00-04:00,17.90999984741211,17.979999542236328,17.540000915527344,17.729999542236328,1072200,0.0,0.0
2021-08-27 00:00:00-04:00,17.81999969482422,18.540000915527344,17.81999969482422,18.350000381469727,2293100,0.0,0.0
2021-08-30 00:00:00-04:00,18.559999465942383,18.65999984741211,17.8700008392334,17.940000534057617,1090000,0.0,0.0
2021-08-31 00:00:00-04:00,17.940000534057617,18.020000457763672,17.68000030517578,17.860000610351562,1745900,0.0,0.0
2021-09-01 00:00:00-04:00,17.719999313354492,17.989999771118164,17.34000015258789,17.649999618530273,1831800,0.0,0.0
2021-09-02 00:00:00-04:00,17.899999618530273,18.34000015258789,17.68000030517578,18.030000686645508,923800,0.0,0.0
2021-09-03 00:00:00-04:00,18.049999237060547,18.139999389648438,17.68000030517578,17.940000534057617,786700,0.0,0.0
2021-09-07 00:00:00-04:00,17.93000030517578,18.139999389648438,17.530000686645508,17.56999969482422,853900,0.0,0.0
2021-09-08 00:00:00-04:00,17.25,17.489999771118164,16.989999771118164,17.440000534057617,1297500,0.0,0.0
2021-09-09 00:00:00-04:00,17.40999984741211,18.049999237060547,17.389999389648438,17.549999237060547,1424900,0.0,0.0
2021-09-10 00:00:00-04:00,17.739999771118164,18.059999465942383,17.309999465942383,17.31999969482422,823000,0.0,0.0
2021-09-13 00:00:00-04:00,17.600000381469727,17.780000686645508,17.290000915527344,17.65999984741211,789700,0.0,0.0
2021-09-14 00:00:00-04:00,17.65999984741211,17.719999313354492,17.110000610351562,17.329999923706055,1079900,0.0,0.0
2021-09-15 00:00:00-04:00,17.440000534057617,17.989999771118164,17.34000015258789,17.950000762939453,1811800,0.0,0.0
2021-09-16 00:00:00-04:00,17.760000228881836,17.93000030517578,17.1299991607666,17.209999084472656,1696000,0.0,0.0
2021-09-17 00:00:00-04:00,17.15999984741211,17.329999923706055,16.549999237060547,16.760000228881836,3918300,0.0,0.0
2021-09-20 00:00:00-04:00,15.970000267028809,16.639999389648438,15.75,16.6299991607666,1458300,0.0,0.0
2021-09-21 00:00:00-04:00,16.809999465942383,16.809999465942383,15.989999771118164,16.290000915527344,1713500,0.0,0.0
2021-09-22 00:00:00-04:00,16.639999389648438,16.969999313354492,16.399999618530273,16.40999984741211,1370800,0.0,0.0
2021-09-23 00:00:00-04:00,16.559999465942383,17.139999389648438,16.5,16.780000686645508,1804700,0.0,0.0
2021-09-24 00:00:00-04:00,16.670000076293945,17.1299991607666,16.479999542236328,16.799999237060547,1123000,0.0,0.0
2021-09-27 00:00:00-04:00,16.989999771118164,17.420000076293945,16.989999771118164,17.18000030517578,1230100,0.0,0.0
2021-09-28 00:00:00-04:00,16.940000534057617,17.200000762939453,16.559999465942383,16.75,1112400,0.0,0.0
2021-09-29 00:00:00-04:00,17.110000610351562,17.1299991607666,16.549999237060547,16.899999618530273,1364400,0.0,0.0
2021-09-30 00:00:00-04:00,17.100000381469727,17.209999084472656,16.6299991607666,16.6299991607666,2163900,0.0,0.0
2021-10-01 00:00:00-04:00,16.6299991607666,17.530000686645508,16.56999969482422,17.309999465942383,2182900,0.0,0.0
2021-10-04 00:00:00-04:00,17.31999969482422,17.809999465942383,16.780000686645508,16.8799991607666,1555500,0.0,0.0
2021-10-05 00:00:00-04:00,16.979999542236328,17.280000686645508,16.799999237060547,17.020000457763672,1416300,0.0,0.0
2021-10-06 00:00:00-04:00,16.6299991607666,16.809999465942383,16.299999237060547,16.799999237060547,912600,0.0,0.0
2021-10-07 00:00:00-04:00,17.030000686645508,17.299999237060547,16.93000030517578,16.979999542236328,725500,0.0,0.0
2021-10-08 00:00:00-04:00,16.93000030517578,17.149999618530273,16.860000610351562,16.950000762939453,788700,0.0,0.0
2021-10-11 00:00:00-04:00,17.219999313354492,17.579999923706055,16.8799991607666,16.889999389648438,1128200,0.0,0.0
2021-10-12 00:00:00-04:00,16.8700008392334,16.899999618530273,16.40999984741211,16.459999084472656,1162700,0.0,0.0
2021-10-13 00:00:00-04:00,16.459999084472656,16.920000076293945,16.059999465942383,16.81999969482422,1723700,0.0,0.0
2021-10-14 00:00:00-04:00,17.09000015258789,17.420000076293945,16.899999618530273,17.100000381469727,1400800,0.0,0.0
2021-10-15 00:00:00-04:00,18.149999618530273,18.260000228881836,17.18000030517578,17.190000534057617,2449900,0.0,0.0
2021-10-18 00:00:00-04:00,16.850000381469727,16.989999771118164,16.610000610351562,16.68000030517578,1363000,0.0,0.0
2021-10-19 00:00:00-04:00,16.65999984741211,16.719999313354492,16.389999389648438,16.43000030517578,958300,0.0,0.0
2021-10-20 00:00:00-04:00,16.280000686645508,16.649999618530273,16.100000381469727,16.520000457763672,864500,0.0,0.0
2021-10-21 00:00:00-04:00,16.31999969482422,16.43000030517578,16.059999465942383,16.31999969482422,1301300,0.0,0.0
2021-10-22 00:00:00-04:00,16.360000610351562,16.469999313354492,15.869999885559082,15.970000267028809,985400,0.0,0.0
2021-10-25 00:00:00-04:00,16.020000457763672,16.079999923706055,15.170000076293945,15.1899995803833,2115300,0.0,0.0
2021-10-26 00:00:00-04:00,15.270000457763672,15.6899995803833,15.0600004196167,15.130000114440918,1906700,0.0,0.0
2021-10-27 00:00:00-04:00,14.890000343322754,15.229999542236328,14.859999656677246,14.9399995803833,1945500,0.0,0.0
2021-10-28 00:00:00-04:00,15.710000038146973,17.239999771118164,15.6899995803833,16.739999771118164,5214200,0.0,0.0
2021-10-29 00:00:00-04:00,16.75,16.860000610351562,16.010000228881836,16.100000381469727,1915700,0.0,0.0
2021-11-01 00:00:00-04:00,16.149999618530273,16.799999237060547,15.890000343322754,16.6200008392334,2584000,0.0,0.0
2021-11-02 00:00:00-04:00,16.59000015258789,16.729999542236328,16.190000534057617,16.219999313354492,1799400,0.0,0.0
2021-11-03 00:00:00-04:00,16.1200008392334,16.56999969482422,16.0,16.440000534057617,1193300,0.0,0.0
2021-11-04 00:00:00-04:00,16.65999984741211,16.950000762939453,16.139999389648438,16.59000015258789,1897500,0.0,0.0
2021-11-05 00:00:00-04:00,16.93000030517578,17.799999237060547,16.93000030517578,17.739999771118164,1720600,0.0,0.0
2021-11-08 00:00:00-05:00,18.09000015258789,18.329999923706055,17.40999984741211,17.559999465942383,1840100,0.0,0.0
2021-11-09 00:00:00-05:00,17.469999313354492,17.59000015258789,17.010000228881836,17.530000686645508,1393000,0.0,0.0
2021-11-10 00:00:00-05:00,17.3700008392334,17.709999084472656,17.1200008392334,17.260000228881836,1315500,0.0,0.0
2021-11-11 00:00:00-05:00,17.450000762939453,17.600000381469727,17.049999237060547,17.579999923706055,852300,0.0,0.0
2021-11-12 00:00:00-05:00,17.3799991607666,17.600000381469727,17.209999084472656,17.219999313354492,805000,0.0,0.0
2021-11-15 00:00:00-05:00,17.280000686645508,17.610000610351562,17.110000610351562,17.450000762939453,970600,0.0,0.0
2021-11-16 00:00:00-05:00,17.280000686645508,17.440000534057617,16.84000015258789,16.899999618530273,1263800,0.0,0.0
2021-11-17 00:00:00-05:00,16.709999084472656,16.889999389648438,16.260000228881836,16.329999923706055,1654600,0.0,0.0
2021-11-18 00:00:00-05:00,16.350000381469727,16.510000228881836,15.90999984741211,16.350000381469727,1185900,0.0,0.0
2021-11-19 00:00:00-05:00,16.06999969482422,16.219999313354492,15.779999732971191,16.030000686645508,1650500,0.0,0.0
2021-11-22 00:00:00-05:00,16.229999542236328,16.510000228881836,16.059999465942383,16.1299991607666,1423900,0.0,0.0
2021-11-23 00:00:00-05:00,16.239999771118164,16.489999771118164,15.890000343322754,16.079999923706055,1511500,0.0,0.0
2021-11-24 00:00:00-05:00,16.010000228881836,16.149999618530273,15.770000457763672,16.059999465942383,871200,0.0,0.0
2021-11-26 00:00:00-05:00,15.260000228881836,15.5,14.569999694824219,15.15999984741211,1563000,0.0,0.0
2021-11-29 00:00:00-05:00,15.380000114440918,15.4399995803833,14.4399995803833,14.510000228881836,2411500,0.0,0.0
2021-11-30 00:00:00-05:00,14.270000457763672,14.539999961853027,13.850000381469727,14.239999771118164,2201700,0.0,0.0
2021-12-01 00:00:00-05:00,14.729999542236328,15.130000114440918,14.0600004196167,14.0600004196167,2992200,0.0,0.0
2021-12-02 00:00:00-05:00,14.270000457763672,14.920000076293945,14.119999885559082,14.579999923706055,1609000,0.0,0.0
2021-12-03 00:00:00-05:00,14.550000190734863,14.729999542236328,14.229999542236328,14.539999961853027,1170300,0.0,0.0
2021-12-06 00:00:00-05:00,14.819999694824219,15.180000305175781,14.59000015258789,14.770000457763672,1383700,0.0,0.0
2021-12-07 00:00:00-05:00,15.050000190734863,15.430000305175781,14.859999656677246,15.0,1410600,0.0,0.0
2021-12-08 00:00:00-05:00,15.109999656677246,15.5,14.930000305175781,15.25,1279900,0.0,0.0
2021-12-09 00:00:00-05:00,14.930000305175781,15.020000457763672,14.59000015258789,14.859999656677246,962300,0.0,0.0
2021-12-10 00:00:00-05:00,15.0600004196167,15.319999694824219,14.65999984741211,15.289999961853027,1707300,0.0,0.0
2021-12-13 00:00:00-05:00,15.180000305175781,15.289999961853027,14.649999618530273,14.850000381469727,1183500,0.0,0.0
2021-12-14 00:00:00-05:00,14.760000228881836,15.529999732971191,14.710000038146973,15.079999923706055,1359200,0.0,0.0
2021-12-15 00:00:00-05:00,14.899999618530273,15.399999618530273,14.520000457763672,15.3100004196167,1673600,0.0,0.0
2021-12-16 00:00:00-05:00,15.600000381469727,15.829999923706055,14.970000267028809,15.020000457763672,1423400,0.0,0.0
2021-12-17 00:00:00-05:00,14.720000267028809,15.470000267028809,14.65999984741211,15.289999961853027,4683400,0.0,0.0
2021-12-20 00:00:00-05:00,14.960000038146973,15.1899995803833,14.699999809265137,15.100000381469727,2304200,0.0,0.0
2021-12-21 00:00:00-05:00,15.239999771118164,15.75,15.1899995803833,15.550000190734863,1254700,0.0,0.0
2021-12-22 00:00:00-05:00,15.569999694824219,15.6899995803833,15.34000015258789,15.479999542236328,1210200,0.0,0.0
2021-12-23 00:00:00-05:00,15.539999961853027,15.670000076293945,15.359999656677246,15.579999923706055,720100,0.0,0.0
2021-12-27 00:00:00-05:00,15.569999694824219,15.970000267028809,15.390000343322754,15.899999618530273,942000,0.0,0.0
2021-12-28 00:00:00-05:00,15.699999809265137,16.079999923706055,15.619999885559082,15.960000038146973,845900,0.0,0.0
2021-12-29 00:00:00-05:00,15.949999809265137,16.139999389648438,15.829999923706055,15.890000343322754,817200,0.0,0.0
2021-12-30 00:00:00-05:00,15.84000015258789,16.049999237060547,15.670000076293945,15.670000076293945,698700,0.0,0.0
2021-12-31 00:00:00-05:00,15.729999542236328,16.010000228881836,15.65999984741211,15.930000305175781,1392100,0.0,0.0
2022-01-03 00:00:00-05:00,16.020000457763672,16.520000457763672,16.020000457763672,16.280000686645508,1367900,0.0,0.0
2022-01-04 00:00:00-05:00,16.450000762939453,17.020000457763672,16.450000762939453,16.780000686645508,1506400,0.0,0.0
2022-01-05 00:00:00-05:00,16.860000610351562,17.520000457763672,16.780000686645508,17.25,5495800,0.0,0.0
2022-01-06 00:00:00-05:00,17.43000030517578,17.809999465942383,17.190000534057617,17.75,1846700,0.0,0.0
2022-01-07 00:00:00-05:00,18.469999313354492,18.809999465942383,18.110000610351562,18.260000228881836,2741100,0.0,0.0
2022-01-10 00:00:00-05:00,18.270000457763672,18.8799991607666,18.239999771118164,18.3700008392334,2098800,0.0,0.0
2022-01-11 00:00:00-05:00,19.030000686645508,19.40999984741211,18.760000228881836,19.329999923706055,2487500,0.0,0.0
2022-01-12 00:00:00-05:00,19.670000076293945,19.790000915527344,19.1200008392334,19.260000228881836,1557000,0.0,0.0
2022-01-13 00:00:00-05:00,19.399999618530273,20.3799991607666,19.399999618530273,20.09000015258789,3301600,0.0,0.0
2022-01-14 00:00:00-05:00,19.790000915527344,20.579999923706055,19.65999984741211,20.40999984741211,1839200,0.0,0.0
2022-01-18 00:00:00-05:00,20.1200008392334,20.59000015258789,20.06999969482422,20.3799991607666,1876400,0.0,0.0
2022-01-19 00:00:00-05:00,20.549999237060547,20.700000762939453,19.670000076293945,20.510000228881836,2359000,0.0,0.0
2022-01-20 00:00:00-05:00,20.579999923706055,21.520000457763672,20.170000076293945,20.239999771118164,4005900,0.0,0.0
2022-01-21 00:00:00-05:00,20.06999969482422,20.31999969482422,19.68000030517578,20.0,2563500,0.0,0.0
2022-01-24 00:00:00-05:00,19.540000915527344,19.950000762939453,19.170000076293945,19.829999923706055,2553100,0.0,0.0
2022-01-25 00:00:00-05:00,19.450000762939453,19.5,18.799999237060547,19.219999313354492,5331400,0.0,0.0
2022-01-26 00:00:00-05:00,19.389999389648438,19.979999542236328,18.889999389648438,19.149999618530273,3806900,0.0,0.0
2022-01-27 00:00:00-05:00,19.399999618530273,19.639999389648438,18.309999465942383,18.6299991607666,2286300,0.0,0.0
2022-01-28 00:00:00-05:00,18.31999969482422,18.540000915527344,17.709999084472656,18.40999984741211,2119700,0.0,0.0
2022-01-31 00:00:00-05:00,18.25,18.639999389648438,18.0,18.290000915527344,2234900,0.0,0.0
2022-02-01 00:00:00-05:00,18.600000381469727,18.920000076293945,18.31999969482422,18.809999465942383,2636400,0.0,0.0
2022-02-02 00:00:00-05:00,21.219999313354492,22.68000030517578,20.65999984741211,22.020000457763672,10506300,0.0,0.0
2022-02-03 00:00:00-05:00,22.18000030517578,23.06999969482422,21.780000686645508,22.459999084472656,5075400,0.0,0.0
2022-02-04 00:00:00-05:00,22.389999389648438,23.010000228881836,22.1299991607666,22.709999084472656,3445100,0.0,0.0
2022-02-07 00:00:00-05:00,23.100000381469727,23.260000228881836,22.520000457763672,22.940000534057617,2047400,0.0,0.0
2022-02-08 00:00:00-05:00,23.18000030517578,23.6200008392334,22.860000610351562,23.540000915527344,2016600,0.0,0.0
2022-02-09 00:00:00-05:00,23.739999771118164,24.399999618530273,23.440000534057617,23.860000610351562,2015900,0.0,0.0
2022-02-10 00:00:00-05:00,23.399999618530273,24.600000381469727,23.31999969482422,23.56999969482422,2580000,0.0,0.0
2022-02-11 00:00:00-05:00,23.309999465942383,24.399999618530273,22.969999313354492,23.989999771118164,2120800,0.0,0.0
2022-02-14 00:00:00-05:00,23.889999389648438,24.280000686645508,23.530000686645508,23.889999389648438,1754900,0.0,0.0
2022-02-15 00:00:00-05:00,23.920000076293945,24.389999389648438,23.639999389648438,23.93000030517578,1381100,0.0,0.0
2022-02-16 00:00:00-05:00,24.110000610351562,24.6200008392334,24.049999237060547,24.200000762939453,2476800,0.0,0.0
2022-02-17 00:00:00-05:00,23.799999237060547,25.290000915527344,23.709999084472656,24.700000762939453,3171400,0.0,0.0
2022-02-18 00:00:00-05:00,24.489999771118164,24.690000534057617,23.540000915527344,23.969999313354492,1646800,0.0,0.0
2022-02-22 00:00:00-05:00,23.8700008392334,24.290000915527344,23.739999771118164,23.8799991607666,1627600,0.0,0.0
2022-02-23 00:00:00-05:00,24.06999969482422,24.1299991607666,23.59000015258789,23.68000030517578,1463900,0.0,0.0
2022-02-24 00:00:00-05:00,23.25,23.959999084472656,23.1200008392334,23.770000457763672,3047700,0.0,0.0
2022-02-25 00:00:00-05:00,23.969999313354492,25.790000915527344,23.920000076293945,25.459999084472656,2526800,0.0,0.0
2022-02-28 00:00:00-05:00,25.110000610351562,26.34000015258789,25.049999237060547,25.739999771118164,3197300,0.0,0.0
2022-03-01 00:00:00-05:00,25.709999084472656,26.399999618530273,25.15999984741211,25.459999084472656,2191700,0.0,0.0
2022-03-02 00:00:00-05:00,25.649999618530273,26.950000762939453,25.299999237060547,26.489999771118164,2359900,0.0,0.0
2022-03-03 00:00:00-05:00,26.56999969482422,26.790000915527344,25.729999542236328,26.15999984741211,2161000,0.0,0.0
2022-03-04 00:00:00-05:00,25.84000015258789,26.229999542236328,25.450000762939453,26.049999237060547,1892200,0.0,0.0
2022-03-07 00:00:00-05:00,26.270000457763672,28.399999618530273,25.959999084472656,26.479999542236328,4181400,0.0,0.0
2022-03-08 00:00:00-05:00,26.260000228881836,26.649999618530273,25.780000686645508,26.0,3209200,0.0,0.0
2022-03-09 00:00:00-05:00,25.989999771118164,26.600000381469727,24.639999389648438,25.670000076293945,2956200,0.0,0.0
2022-03-10 00:00:00-05:00,25.75,26.989999771118164,25.75,26.979999542236328,2196100,0.0,0.0
2022-03-11 00:00:00-05:00,26.700000762939453,27.489999771118164,26.399999618530273,26.5,1653600,0.0,0.0
2022-03-14 00:00:00-04:00,26.170000076293945,26.559999465942383,25.329999923706055,25.739999771118164,3317000,0.0,0.0
2022-03-15 00:00:00-04:00,25.280000686645508,26.399999618530273,25.1299991607666,26.3700008392334,1972900,0.0,0.0
2022-03-16 00:00:00-04:00,26.600000381469727,27.0,25.719999313354492,26.34000015258789,2110800,0.0,0.0
2022-03-17 00:00:00-04:00,26.15999984741211,26.309999465942383,25.479999542236328,25.850000381469727,1723700,0.0,0.0
2022-03-18 00:00:00-04:00,26.049999237060547,26.190000534057617,25.299999237060547,26.079999923706055,3589700,0.0,0.0
2022-03-21 00:00:00-04:00,26.469999313354492,27.239999771118164,26.1299991607666,26.440000534057617,1335700,0.0,0.0
2022-03-22 00:00:00-04:00,26.65999984741211,27.440000534057617,26.260000228881836,27.06999969482422,1745900,0.0,0.0
2022-03-23 00:00:00-04:00,27.059999465942383,28.450000762939453,26.979999542236328,27.969999313354492,2689600,0.0,0.0
2022-03-24 00:00:00-04:00,27.959999084472656,28.15999984741211,27.510000228881836,27.90999984741211,1737300,0.0,0.0
2022-03-25 00:00:00-04:00,27.940000534057617,28.3799991607666,27.639999389648438,27.90999984741211,1159500,0.0,0.0
2022-03-28 00:00:00-04:00,27.549999237060547,27.649999618530273,26.770000457763672,27.09000015258789,1152500,0.0,0.0
2022-03-29 00:00:00-04:00,26.31999969482422,26.700000762939453,25.56999969482422,26.489999771118164,3234600,0.0,0.0
2022-03-30 00:00:00-04:00,26.459999084472656,27.549999237060547,26.459999084472656,27.540000915527344,2760100,0.0,0.0
2022-03-31 00:00:00-04:00,27.530000686645508,27.75,26.829999923706055,26.84000015258789,1496700,0.0,0.0
2022-04-01 00:00:00-04:00,26.959999084472656,27.299999237060547,26.690000534057617,27.0,1547800,0.0,0.0
2022-04-04 00:00:00-04:00,27.079999923706055,27.969999313354492,26.940000534057617,27.850000381469727,1951500,0.0,0.0
2022-04-05 00:00:00-04:00,27.780000686645508,28.1200008392334,27.09000015258789,27.719999313354492,2432100,0.0,0.0
2022-04-06 00:00:00-04:00,27.56999969482422,27.829999923706055,27.170000076293945,27.729999542236328,1207200,0.0,0.0
2022-04-07 00:00:00-04:00,27.860000610351562,28.170000076293945,27.270000457763672,27.670000076293945,1259600,0.0,0.0
2022-04-08 00:00:00-04:00,27.829999923706055,28.1299991607666,27.260000228881836,27.420000076293945,1259400,0.0,0.0
2022-04-11 00:00:00-04:00,27.549999237060547,28.139999389648438,27.110000610351562,27.209999084472656,1159100,0.0,0.0
2022-04-12 00:00:00-04:00,27.399999618530273,28.06999969482422,26.799999237060547,26.979999542236328,1196800,0.0,0.0
2022-04-13 00:00:00-04:00,27.399999618530273,28.639999389648438,26.979999542236328,28.43000030517578,1639100,0.0,0.0
2022-04-14 00:00:00-04:00,28.420000076293945,30.739999771118164,28.389999389648438,30.329999923706055,3471400,0.0,0.0
2022-04-18 00:00:00-04:00,30.399999618530273,30.649999618530273,29.25,29.399999618530273,1694800,0.0,0.0
2022-04-19 00:00:00-04:00,29.3700008392334,30.06999969482422,28.889999389648438,29.729999542236328,1225500,0.0,0.0
2022-04-20 00:00:00-04:00,29.68000030517578,30.34000015258789,29.110000610351562,29.959999084472656,1196800,0.0,0.0
2022-04-21 00:00:00-04:00,30.139999389648438,30.600000381469727,29.010000228881836,29.110000610351562,2662900,0.0,0.0
2022-04-22 00:00:00-04:00,29.030000686645508,29.290000915527344,28.110000610351562,28.559999465942383,1313400,0.0,0.0
2022-04-25 00:00:00-04:00,27.729999542236328,28.219999313354492,26.59000015258789,27.6299991607666,1949600,0.0,0.0
2022-04-26 00:00:00-04:00,27.559999465942383,27.729999542236328,26.770000457763672,26.940000534057617,1483900,0.0,0.0
2022-04-27 00:00:00-04:00,27.65999984741211,27.829999923706055,26.920000076293945,27.219999313354492,1120900,0.0,0.0
2022-04-28 00:00:00-04:00,27.489999771118164,28.469999313354492,27.049999237060547,28.030000686645508,1201900,0.0,0.0
2022-04-29 00:00:00-04:00,28.200000762939453,28.489999771118164,26.959999084472656,27.18000030517578,1738300,0.0,0.0
2022-05-02 00:00:00-04:00,27.219999313354492,27.93000030517578,26.450000762939453,27.170000076293945,1936300,0.0,0.0
2022-05-03 00:00:00-04:00,27.049999237060547,28.43000030517578,26.829999923706055,27.920000076293945,2018700,0.0,0.0
2022-05-04 00:00:00-04:00,28.299999237060547,29.700000762939453,27.90999984741211,29.040000915527344,2330100,0.0,0.0
2022-05-05 00:00:00-04:00,28.739999771118164,29.030000686645508,26.059999465942383,26.6200008392334,2458800,0.0,0.0
2022-05-06 00:00:00-04:00,26.690000534057617,26.860000610351562,25.90999984741211,26.690000534057617,2681300,0.0,0.0
2022-05-09 00:00:00-04:00,25.959999084472656,26.389999389648438,25.329999923706055,25.610000610351562,1815600,0.0,0.0
2022-05-10 00:00:00-04:00,25.549999237060547,26.260000228881836,25.3700008392334,25.68000030517578,2443500,0.0,0.0
2022-05-11 00:00:00-04:00,25.84000015258789,26.739999771118164,25.59000015258789,25.760000228881836,1668000,0.0,0.0
2022-05-12 00:00:00-04:00,25.889999389648438,26.780000686645508,25.149999618530273,25.770000457763672,2881400,0.0,0.0
2022-05-13 00:00:00-04:00,26.09000015258789,26.739999771118164,25.649999618530273,25.729999542236328,1562200,0.0,0.0
2022-05-16 00:00:00-04:00,25.959999084472656,26.5,25.239999771118164,25.6299991607666,2800400,0.0,0.0
2022-05-17 00:00:00-04:00,26.1200008392334,27.280000686645508,26.09000015258789,26.959999084472656,1810700,0.0,0.0
2022-05-18 00:00:00-04:00,26.920000076293945,27.8799991607666,26.719999313354492,27.040000915527344,2661000,0.0,0.0
2022-05-19 00:00:00-04:00,26.5,27.719999313354492,25.809999465942383,26.139999389648438,2059200,0.0,0.0
2022-05-20 00:00:00-04:00,26.190000534057617,26.559999465942383,24.219999313354492,24.729999542236328,1790700,0.0,0.0
2022-05-23 00:00:00-04:00,25.1200008392334,26.440000534057617,24.610000610351562,26.18000030517578,1480300,0.0,0.0
2022-05-24 00:00:00-04:00,26.0,26.290000915527344,25.25,26.18000030517578,941600,0.0,0.0
2022-05-25 00:00:00-04:00,26.06999969482422,26.84000015258789,25.889999389648438,26.420000076293945,1187100,0.0,0.0
2022-05-26 00:00:00-04:00,26.68000030517578,27.469999313354492,26.6200008392334,27.049999237060547,953700,0.0,0.0
2022-05-27 00:00:00-04:00,27.559999465942383,27.709999084472656,26.68000030517578,27.260000228881836,966400,0.0,0.0
2022-05-31 00:00:00-04:00,27.260000228881836,28.040000915527344,27.020000457763672,27.5,1234400,0.0,0.0
2022-06-01 00:00:00-04:00,27.610000610351562,27.799999237060547,25.790000915527344,26.579999923706055,1492700,0.0,0.0
2022-06-02 00:00:00-04:00,26.959999084472656,28.170000076293945,26.959999084472656,28.0,1201400,0.0,0.0
2022-06-03 00:00:00-04:00,27.899999618530273,28.010000228881836,26.829999923706055,27.34000015258789,1215700,0.0,0.0
2022-06-06 00:00:00-04:00,27.31999969482422,28.809999465942383,27.1299991607666,28.56999969482422,2332600,0.0,0.0
2022-06-07 00:00:00-04:00,28.600000381469727,28.6200008392334,28.010000228881836,28.479999542236328,1136600,0.0,0.0
2022-06-08 00:00:00-04:00,28.059999465942383,28.440000534057617,26.3700008392334,26.93000030517578,1522000,0.0,0.0
2022-06-09 00:00:00-04:00,26.649999618530273,26.700000762939453,25.56999969482422,25.649999618530273,1106500,0.0,0.0
2022-06-10 00:00:00-04:00,25.149999618530273,26.15999984741211,24.770000457763672,25.549999237060547,1209800,0.0,0.0
2022-06-13 00:00:00-04:00,24.450000762939453,24.780000686645508,23.93000030517578,24.110000610351562,1612200,0.0,0.0
2022-06-14 00:00:00-04:00,24.0,24.940000534057617,23.56999969482422,23.649999618530273,1817100,0.0,0.0
2022-06-15 00:00:00-04:00,24.040000915527344,24.239999771118164,23.239999771118164,23.530000686645508,1593000,0.0,0.0
2022-06-16 00:00:00-04:00,23.020000457763672,23.329999923706055,21.93000030517578,22.06999969482422,1779200,0.0,0.0
2022-06-17 00:00:00-04:00,22.110000610351562,22.65999984741211,21.700000762939453,22.420000076293945,3868700,0.0,0.0
2022-06-21 00:00:00-04:00,23.110000610351562,23.31999969482422,22.489999771118164,22.889999389648438,1661800,0.0,0.0
2022-06-22 00:00:00-04:00,22.149999618530273,22.709999084472656,21.709999084472656,22.649999618530273,1480700,0.0,0.0
2022-06-23 00:00:00-04:00,22.690000534057617,22.690000534057617,20.8700008392334,21.56999969482422,1702700,0.0,0.0
2022-06-24 00:00:00-04:00,21.780000686645508,23.170000076293945,21.59000015258789,23.170000076293945,4275700,0.0,0.0
2022-06-27 00:00:00-04:00,23.670000076293945,23.790000915527344,22.920000076293945,23.389999389648438,1139700,0.0,0.0
2022-06-28 00:00:00-04:00,23.6299991607666,24.280000686645508,23.049999237060547,23.110000610351562,1270200,0.0,0.0
2022-06-29 00:00:00-04:00,23.15999984741211,23.25,21.649999618530273,22.40999984741211,1359900,0.0,0.0
2022-06-30 00:00:00-04:00,21.950000762939453,22.989999771118164,21.729999542236328,22.709999084472656,1043300,0.0,0.0
2022-07-01 00:00:00-04:00,22.40999984741211,22.729999542236328,21.75,22.329999923706055,953200,0.0,0.0
2022-07-05 00:00:00-04:00,21.579999923706055,21.829999923706055,21.190000534057617,21.6200008392334,1568800,0.0,0.0
2022-07-06 00:00:00-04:00,21.350000381469727,21.850000381469727,20.520000457763672,20.959999084472656,1979500,0.0,0.0
2022-07-07 00:00:00-04:00,21.579999923706055,22.15999984741211,21.399999618530273,21.579999923706055,1225600,0.0,0.0
2022-07-08 00:00:00-04:00,21.940000534057617,22.170000076293945,21.079999923706055,21.90999984741211,1543800,0.0,0.0
2022-07-11 00:00:00-04:00,21.510000228881836,21.969999313354492,21.399999618530273,21.790000915527344,1856600,0.0,0.0
2022-07-12 00:00:00-04:00,21.760000228881836,22.989999771118164,21.700000762939453,22.530000686645508,1038900,0.0,0.0
2022-07-13 00:00:00-04:00,22.299999237060547,23.0,21.989999771118164,22.81999969482422,939500,0.0,0.0
2022-07-14 00:00:00-04:00,22.1200008392334,22.6200008392334,21.8799991607666,22.600000381469727,1001600,0.0,0.0
2022-07-15 00:00:00-04:00,23.079999923706055,23.209999084472656,22.079999923706055,22.84000015258789,968500,0.0,0.0
2022-07-18 00:00:00-04:00,23.06999969482422,23.860000610351562,22.719999313354492,22.899999618530273,718700,0.0,0.0
2022-07-19 00:00:00-04:00,23.100000381469727,24.219999313354492,22.75,24.040000915527344,1851900,0.0,0.0
2022-07-20 00:00:00-04:00,23.90999984741211,24.450000762939453,23.75,24.25,1653100,0.0,0.0
2022-07-21 00:00:00-04:00,23.829999923706055,24.209999084472656,22.950000762939453,23.68000030517578,1951400,0.0,0.0
2022-07-22 00:00:00-04:00,23.799999237060547,23.969999313354492,22.8700008392334,23.110000610351562,1061200,0.0,0.0
2022-07-25 00:00:00-04:00,23.43000030517578,24.020000457763672,22.860000610351562,23.639999389648438,869100,0.0,0.0
2022-07-26 00:00:00-04:00,23.5,24.0,23.270000457763672,23.459999084472656,881600,0.0,0.0
2022-07-27 00:00:00-04:00,23.479999542236328,24.280000686645508,23.329999923706055,24.100000381469727,1154000,0.0,0.0
2022-07-28 00:00:00-04:00,24.5,25.18000030517578,24.1200008392334,24.729999542236328,1221800,0.0,0.0
2022-07-29 00:00:00-04:00,24.899999618530273,25.049999237060547,24.40999984741211,24.889999389648438,1317600,0.0,0.0
2022-08-01 00:00:00-04:00,24.639999389648438,25.389999389648438,24.559999465942383,25.059999465942383,1433500,0.0,0.0
2022-08-02 00:00:00-04:00,25.059999465942383,25.399999618530273,24.549999237060547,25.040000915527344,1648400,0.0,0.0
2022-08-03 00:00:00-04:00,25.1200008392334,25.510000228881836,24.670000076293945,25.350000381469727,1194600,0.0,0.0
2022-08-04 00:00:00-04:00,27.5,28.459999084472656,26.170000076293945,27.399999618530273,2796700,0.0,0.0
2022-08-05 00:00:00-04:00,27.790000915527344,29.6200008392334,27.31999969482422,29.020000457763672,3075700,0.0,0.0
2022-08-08 00:00:00-04:00,29.530000686645508,29.90999984741211,28.09000015258789,28.90999984741211,1825400,0.0,0.0
2022-08-09 00:00:00-04:00,29.190000534057617,30.059999465942383,28.809999465942383,29.739999771118164,1678600,0.0,0.0
2022-08-10 00:00:00-04:00,30.200000762939453,30.84000015258789,29.889999389648438,30.790000915527344,1727000,0.0,0.0
2022-08-11 00:00:00-04:00,31.219999313354492,32.09000015258789,30.739999771118164,31.290000915527344,2638300,0.0,0.0
2022-08-12 00:00:00-04:00,31.270000457763672,31.719999313354492,30.8700008392334,31.40999984741211,2654900,0.0,0.0
2022-08-15 00:00:00-04:00,30.729999542236328,32.08000183105469,29.690000534057617,32.04999923706055,1551300,0.0,0.0
2022-08-16 00:00:00-04:00,32.790000915527344,32.9900016784668,32.22999954223633,32.459999084472656,1371400,0.0,0.0
2022-08-17 00:00:00-04:00,31.75,32.540000915527344,31.520000457763672,32.52000045776367,1742900,0.0,0.0
2022-08-18 00:00:00-04:00,32.560001373291016,32.880001068115234,32.439998626708984,32.849998474121094,869300,0.0,0.0
2022-08-19 00:00:00-04:00,32.540000915527344,32.56999969482422,32.060001373291016,32.560001373291016,636500,0.0,0.0
2022-08-22 00:00:00-04:00,31.8700008392334,32.2400016784668,30.959999084472656,31.40999984741211,2458000,0.0,0.0
2022-08-23 00:00:00-04:00,31.649999618530273,32.40999984741211,31.520000457763672,31.530000686645508,1480800,0.0,0.0
2022-08-24 00:00:00-04:00,31.420000076293945,32.599998474121094,31.1299991607666,32.43000030517578,963600,0.0,0.0
2022-08-25 00:00:00-04:00,32.529998779296875,33.189998626708984,32.25,33.09000015258789,1927000,0.0,0.0
2022-08-26 00:00:00-04:00,33.189998626708984,33.310001373291016,32.189998626708984,32.34000015258789,730700,0.0,0.0
2022-08-29 00:00:00-04:00,31.690000534057617,32.59000015258789,31.399999618530273,32.11000061035156,836200,0.0,0.0
2022-08-30 00:00:00-04:00,32.099998474121094,32.099998474121094,30.920000076293945,31.510000228881836,853700,0.0,0.0
2022-08-31 00:00:00-04:00,31.510000228881836,31.799999237060547,29.809999465942383,29.93000030517578,2357800,0.0,0.0
2022-09-01 00:00:00-04:00,29.09000015258789,29.799999237060547,28.450000762939453,29.790000915527344,1674500,0.0,0.0
2022-09-02 00:00:00-04:00,30.360000610351562,30.700000762939453,29.5,29.729999542236328,882000,0.0,0.0
2022-09-06 00:00:00-04:00,30.0,30.5,29.219999313354492,29.700000762939453,810300,0.0,0.0
2022-09-07 00:00:00-04:00,29.329999923706055,30.25,29.09000015258789,30.15999984741211,894700,0.0,0.0
2022-09-08 00:00:00-04:00,29.899999618530273,30.709999084472656,29.68000030517578,29.940000534057617,891700,0.0,0.0
2022-09-09 00:00:00-04:00,30.290000915527344,31.25,30.18000030517578,31.1200008392334,1090000,0.0,0.0
2022-09-12 00:00:00-04:00,31.31999969482422,32.0,31.15999984741211,31.670000076293945,1115800,0.0,0.0
2022-09-13 00:00:00-04:00,30.75,31.459999084472656,30.59000015258789,30.989999771118164,979500,0.0,0.0
2022-09-14 00:00:00-04:00,30.479999542236328,30.6200008392334,29.729999542236328,30.31999969482422,1890200,0.0,0.0
2022-09-15 00:00:00-04:00,30.030000686645508,31.079999923706055,30.0,30.59000015258789,1625500,0.0,0.0
2022-09-16 00:00:00-04:00,29.889999389648438,30.389999389648438,29.43000030517578,30.100000381469727,3491200,0.0,0.0
2022-09-19 00:00:00-04:00,29.65999984741211,31.350000381469727,29.65999984741211,31.290000915527344,1698200,0.0,0.0
2022-09-20 00:00:00-04:00,30.90999984741211,31.15999984741211,29.8799991607666,30.290000915527344,1260900,0.0,0.0
2022-09-21 00:00:00-04:00,30.75,31.020000457763672,29.670000076293945,29.670000076293945,858700,0.0,0.0
2022-09-22 00:00:00-04:00,29.920000076293945,29.959999084472656,28.6299991607666,29.040000915527344,1162300,0.0,0.0
2022-09-23 00:00:00-04:00,28.1299991607666,28.149999618530273,27.3700008392334,27.860000610351562,997800,0.0,0.0
2022-09-26 00:00:00-04:00,27.510000228881836,28.84000015258789,27.31999969482422,28.0,1214300,0.0,0.0
2022-09-27 00:00:00-04:00,28.540000915527344,28.90999984741211,27.68000030517578,28.229999542236328,1037500,0.0,0.0
2022-09-28 00:00:00-04:00,28.229999542236328,28.899999618530273,27.860000610351562,28.600000381469727,1083700,0.0,0.0
2022-09-29 00:00:00-04:00,28.600000381469727,28.809999465942383,27.18000030517578,27.579999923706055,1332800,0.0,0.0
2022-09-30 00:00:00-04:00,27.309999465942383,27.68000030517578,26.459999084472656,26.610000610351562,1110800,0.0,0.0
2022-10-03 00:00:00-04:00,27.1299991607666,28.709999084472656,26.850000381469727,28.309999465942383,1173300,0.0,0.0
2022-10-04 00:00:00-04:00,29.09000015258789,29.579999923706055,28.93000030517578,29.440000534057617,1074200,0.0,0.0
2022-10-05 00:00:00-04:00,28.93000030517578,29.479999542236328,28.56999969482422,28.899999618530273,792500,0.0,0.0
2022-10-06 00:00:00-04:00,28.469999313354492,29.06999969482422,28.270000457763672,28.350000381469727,720100,0.0,0.0
2022-10-07 00:00:00-04:00,28.260000228881836,28.450000762939453,27.649999618530273,27.959999084472656,1282900,0.0,0.0
2022-10-10 00:00:00-04:00,28.270000457763672,28.790000915527344,28.09000015258789,28.200000762939453,706400,0.0,0.0
2022-10-11 00:00:00-04:00,27.770000457763672,28.1299991607666,27.200000762939453,27.770000457763672,827000,0.0,0.0
2022-10-12 00:00:00-04:00,27.700000762939453,27.770000457763672,27.100000381469727,27.270000457763672,587200,0.0,0.0
2022-10-13 00:00:00-04:00,26.360000610351562,27.950000762939453,25.989999771118164,27.75,754300,0.0,0.0
2022-10-14 00:00:00-04:00,28.049999237060547,28.690000534057617,26.739999771118164,27.0,850800,0.0,0.0
2022-10-17 00:00:00-04:00,27.809999465942383,28.290000915527344,27.6200008392334,27.770000457763672,775500,0.0,0.0
2022-10-18 00:00:00-04:00,28.3700008392334,28.920000076293945,28.100000381469727,28.479999542236328,809200,0.0,0.0
2022-10-19 00:00:00-04:00,28.190000534057617,28.6200008392334,27.90999984741211,28.489999771118164,778900,0.0,0.0
2022-10-20 00:00:00-04:00,28.389999389648438,28.860000610351562,27.809999465942383,28.079999923706055,657100,0.0,0.0
2022-10-21 00:00:00-04:00,28.350000381469727,29.540000915527344,28.25,29.260000228881836,764600,0.0,0.0
2022-10-24 00:00:00-04:00,29.170000076293945,29.280000686645508,28.549999237060547,29.229999542236328,704900,0.0,0.0
2022-10-25 00:00:00-04:00,28.969999313354492,30.139999389648438,28.790000915527344,30.079999923706055,733400,0.0,0.0
2022-10-26 00:00:00-04:00,30.59000015258789,30.65999984741211,29.719999313354492,29.860000610351562,1442200,0.0,0.0
2022-10-27 00:00:00-04:00,30.059999465942383,30.549999237060547,29.719999313354492,30.030000686645508,736400,0.0,0.0
2022-10-28 00:00:00-04:00,29.829999923706055,30.3799991607666,29.290000915527344,29.8700008392334,991900,0.0,0.0
2022-10-31 00:00:00-04:00,29.65999984741211,30.049999237060547,29.06999969482422,29.760000228881836,911900,0.0,0.0
2022-11-01 00:00:00-04:00,30.229999542236328,31.190000534057617,30.100000381469727,31.09000015258789,1881100,0.0,0.0
2022-11-02 00:00:00-04:00,28.600000381469727,29.139999389648438,26.18000030517578,26.329999923706055,3425400,0.0,0.0
2022-11-03 00:00:00-04:00,25.850000381469727,27.850000381469727,25.389999389648438,27.329999923706055,1938500,0.0,0.0
2022-11-04 00:00:00-04:00,28.25,29.31999969482422,27.90999984741211,28.8799991607666,1858100,0.0,0.0
2022-11-07 00:00:00-05:00,29.149999618530273,29.43000030517578,28.389999389648438,29.06999969482422,1080100,0.0,0.0
2022-11-08 00:00:00-05:00,29.280000686645508,29.709999084472656,28.889999389648438,29.59000015258789,1721000,0.0,0.0
2022-11-09 00:00:00-05:00,29.5,30.260000228881836,29.3799991607666,29.540000915527344,1099600,0.0,0.0
2022-11-10 00:00:00-05:00,30.31999969482422,30.31999969482422,29.31999969482422,29.969999313354492,1238900,0.0,0.0
2022-11-11 00:00:00-05:00,30.40999984741211,30.90999984741211,28.989999771118164,29.170000076293945,1459200,0.0,0.0
2022-11-14 00:00:00-05:00,28.719999313354492,29.540000915527344,28.559999465942383,28.8700008392334,776000,0.0,0.0
2022-11-15 00:00:00-05:00,29.0,29.579999923706055,28.760000228881836,29.020000457763672,992400,0.0,0.0
2022-11-16 00:00:00-05:00,28.799999237060547,29.09000015258789,28.239999771118164,28.530000686645508,618800,0.0,0.0
2022-11-17 00:00:00-05:00,27.950000762939453,28.760000228881836,27.760000228881836,28.760000228881836,600900,0.0,0.0
2022-11-18 00:00:00-05:00,29.18000030517578,29.3700008392334,28.34000015258789,28.90999984741211,652500,0.0,0.0
2022-11-21 00:00:00-05:00,28.639999389648438,29.030000686645508,28.280000686645508,28.670000076293945,768300,0.0,0.0
2022-11-22 00:00:00-05:00,29.010000228881836,29.6299991607666,28.920000076293945,29.450000762939453,677400,0.0,0.0
2022-11-23 00:00:00-05:00,29.09000015258789,29.350000381469727,28.489999771118164,29.239999771118164,896600,0.0,0.0
2022-11-25 00:00:00-05:00,29.309999465942383,29.81999969482422,29.170000076293945,29.510000228881836,290400,0.0,0.0
2022-11-28 00:00:00-05:00,28.93000030517578,29.200000762939453,27.969999313354492,27.979999542236328,2173400,0.0,0.0
2022-11-29 00:00:00-05:00,28.469999313354492,29.100000381469727,28.139999389648438,28.6299991607666,1216100,0.0,0.0
2022-11-30 00:00:00-05:00,28.719999313354492,30.540000915527344,28.649999618530273,30.510000228881836,2150400,0.0,0.0
2022-12-01 00:00:00-05:00,30.3799991607666,30.899999618530273,29.399999618530273,30.020000457763672,1808500,0.0,0.0
2022-12-02 00:00:00-05:00,29.670000076293945,31.440000534057617,29.579999923706055,31.1200008392334,1296300,0.0,0.0
2022-12-05 00:00:00-05:00,31.200000762939453,31.739999771118164,30.350000381469727,30.389999389648438,1001700,0.0,0.0
2022-12-06 00:00:00-05:00,30.420000076293945,31.18000030517578,30.329999923706055,31.149999618530273,1117900,0.0,0.0
2022-12-07 00:00:00-05:00,30.889999389648438,31.420000076293945,30.09000015258789,30.200000762939453,997800,0.0,0.0
2022-12-08 00:00:00-05:00,31.010000228881836,31.610000610351562,30.25,30.270000457763672,1142200,0.0,0.0
2022-12-09 00:00:00-05:00,30.1200008392334,30.68000030517578,29.43000030517578,29.520000457763672,978300,0.0,0.0
2022-12-12 00:00:00-05:00,29.649999618530273,30.290000915527344,29.350000381469727,29.979999542236328,1527300,0.0,0.0
2022-12-13 00:00:00-05:00,30.670000076293945,30.920000076293945,30.059999465942383,30.06999969482422,1523100,0.0,0.0
2022-12-14 00:00:00-05:00,29.719999313354492,30.610000610351562,29.670000076293945,30.270000457763672,2559300,0.0,0.0
2022-12-15 00:00:00-05:00,29.649999618530273,29.780000686645508,28.90999984741211,29.1200008392334,2279600,0.0,0.0
2022-12-16 00:00:00-05:00,28.75,29.3700008392334,28.600000381469727,29.34000015258789,2930000,0.0,0.0
2022-12-19 00:00:00-05:00,29.459999084472656,29.520000457763672,28.450000762939453,28.719999313354492,1116300,0.0,0.0
2022-12-20 00:00:00-05:00,28.940000534057617,29.809999465942383,28.8700008392334,29.420000076293945,913600,0.0,0.0
2022-12-21 00:00:00-05:00,29.850000381469727,30.979999542236328,29.68000030517578,30.969999313354492,1590600,0.0,0.0
2022-12-22 00:00:00-05:00,31.040000915527344,31.06999969482422,29.40999984741211,29.989999771118164,959500,0.0,0.0
2022-12-23 00:00:00-05:00,30.149999618530273,30.3799991607666,29.84000015258789,30.290000915527344,457700,0.0,0.0
2022-12-27 00:00:00-05:00,30.540000915527344,31.579999923706055,30.40999984741211,31.450000762939453,1048300,0.0,0.0
2022-12-28 00:00:00-05:00,31.670000076293945,31.690000534057617,30.139999389648438,30.549999237060547,1104300,0.0,0.0
2022-12-29 00:00:00-05:00,30.670000076293945,30.829999923706055,29.899999618530273,30.5,712600,0.0,0.0
2022-12-30 00:00:00-05:00,30.3700008392334,30.600000381469727,29.6299991607666,29.860000610351562,697500,0.0,0.0
2023-01-03 00:00:00-05:00,30.110000610351562,30.670000076293945,29.3700008392334,29.559999465942383,710400,0.0,0.0
2023-01-04 00:00:00-05:00,29.559999465942383,31.229999542236328,29.540000915527344,31.030000686645508,1302400,0.0,0.0
2023-01-05 00:00:00-05:00,30.899999618530273,32.349998474121094,30.450000762939453,31.950000762939453,1710600,0.0,0.0
2023-01-06 00:00:00-05:00,32.4900016784668,33.08000183105469,32.209999084472656,32.52000045776367,1056600,0.0,0.0
2023-01-09 00:00:00-05:00,32.939998626708984,33.7400016784668,32.369998931884766,32.459999084472656,1691400,0.0,0.0
2023-01-10 00:00:00-05:00,32.439998626708984,33.31999969482422,31.600000381469727,33.2400016784668,1414000,0.0,0.0
2023-01-11 00:00:00-05:00,33.58000183105469,34.34000015258789,33.20000076293945,33.9900016784668,1638300,0.0,0.0
2023-01-12 00:00:00-05:00,34.09000015258789,34.369998931884766,33.2599983215332,33.88999938964844,2429800,0.0,0.0
2023-01-13 00:00:00-05:00,33.66999816894531,35.459999084472656,33.2599983215332,35.439998626708984,1609500,0.0,0.0
2023-01-17 00:00:00-05:00,35.20000076293945,35.439998626708984,34.599998474121094,34.790000915527344,1136400,0.0,0.0
2023-01-18 00:00:00-05:00,35.209999084472656,35.630001068115234,34.47999954223633,34.900001525878906,1453800,0.0,0.0
2023-01-19 00:00:00-05:00,34.65999984741211,34.790000915527344,33.63999938964844,34.369998931884766,1871400,0.0,0.0
2023-01-20 00:00:00-05:00,34.540000915527344,35.22999954223633,33.90999984741211,35.20000076293945,858100,0.0,0.0
2023-01-23 00:00:00-05:00,35.630001068115234,35.91999816894531,35.130001068115234,35.5099983215332,1013900,0.0,0.0
2023-01-24 00:00:00-05:00,35.130001068115234,36.25,34.93000030517578,35.560001373291016,956800,0.0,0.0
2023-01-25 00:00:00-05:00,35.119998931884766,35.279998779296875,34.54999923706055,34.83000183105469,1674800,0.0,0.0
2023-01-26 00:00:00-05:00,35.2599983215332,36.63999938964844,34.58000183105469,36.29999923706055,1328500,0.0,0.0
2023-01-27 00:00:00-05:00,36.0,36.45000076293945,35.72999954223633,36.20000076293945,889300,0.0,0.0
2023-01-30 00:00:00-05:00,35.779998779296875,36.470001220703125,35.779998779296875,36.13999938964844,776100,0.0,0.0
2023-01-31 00:00:00-05:00,36.13999938964844,36.41999816894531,35.59000015258789,36.38999938964844,1488900,0.0,0.0
2023-02-01 00:00:00-05:00,36.27000045776367,37.11000061035156,35.790000915527344,36.7400016784668,1692900,0.0,0.0
2023-02-02 00:00:00-05:00,37.0,39.43000030517578,36.2400016784668,38.81999969482422,3040000,0.0,0.0
2023-02-03 00:00:00-05:00,39.02000045776367,40.93000030517578,38.5,40.099998474121094,3047800,0.0,0.0
2023-02-06 00:00:00-05:00,40.27000045776367,40.439998626708984,38.77000045776367,39.25,1869400,0.0,0.0
2023-02-07 00:00:00-05:00,39.04999923706055,39.900001525878906,38.2400016784668,39.810001373291016,2070900,0.0,0.0
2023-02-08 00:00:00-05:00,39.439998626708984,39.720001220703125,38.970001220703125,39.18000030517578,1030900,0.0,0.0
2023-02-09 00:00:00-05:00,39.470001220703125,39.86000061035156,38.459999084472656,38.540000915527344,805400,0.0,0.0
2023-02-10 00:00:00-05:00,38.0,38.90999984741211,37.900001525878906,38.61000061035156,698200,0.0,0.0
2023-02-13 00:00:00-05:00,38.5,39.439998626708984,37.91999816894531,39.33000183105469,621200,0.0,0.0
2023-02-14 00:00:00-05:00,39.0,40.25,38.59000015258789,39.970001220703125,1005000,0.0,0.0
2023-02-15 00:00:00-05:00,39.529998779296875,40.349998474121094,39.20000076293945,40.2599983215332,2002000,0.0,0.0
2023-02-16 00:00:00-05:00,40.27000045776367,40.790000915527344,40.06999969482422,40.34000015258789,1262900,0.0,0.0
2023-02-17 00:00:00-05:00,40.540000915527344,41.400001525878906,40.06999969482422,41.2400016784668,1926200,0.0,0.0
2023-02-21 00:00:00-05:00,40.939998626708984,41.2400016784668,40.529998779296875,40.599998474121094,1316700,0.0,0.0
2023-02-22 00:00:00-05:00,40.29999923706055,40.779998779296875,39.900001525878906,40.36000061035156,886200,0.0,0.0
2023-02-23 00:00:00-05:00,40.38999938964844,41.060001373291016,39.959999084472656,40.439998626708984,946000,0.0,0.0
2023-02-24 00:00:00-05:00,39.689998626708984,39.88999938964844,39.0099983215332,39.5099983215332,1002200,0.0,0.0
2023-02-27 00:00:00-05:00,39.869998931884766,40.400001525878906,39.5,40.290000915527344,1231200,0.0,0.0
2023-02-28 00:00:00-05:00,40.59000015258789,41.34000015258789,40.349998474121094,40.650001525878906,2015000,0.0,0.0
2023-03-01 00:00:00-05:00,41.220001220703125,41.810001373291016,40.84000015258789,41.77000045776367,1500500,0.0,0.0
2023-03-02 00:00:00-05:00,41.40999984741211,42.20000076293945,41.16999816894531,41.70000076293945,1245800,0.0,0.0
2023-03-03 00:00:00-05:00,41.79999923706055,43.0,41.22999954223633,42.77000045776367,2146500,0.0,0.0
2023-03-06 00:00:00-05:00,42.400001525878906,43.31999969482422,42.220001220703125,42.5099983215332,1391600,0.0,0.0
2023-03-07 00:00:00-05:00,42.380001068115234,42.72999954223633,41.880001068115234,42.099998474121094,1004400,0.0,0.0
2023-03-08 00:00:00-05:00,42.209999084472656,42.349998474121094,41.400001525878906,41.970001220703125,897700,0.0,0.0
2023-03-09 00:00:00-05:00,41.95000076293945,42.310001373291016,40.15999984741211,40.40999984741211,1117400,0.0,0.0
2023-03-10 00:00:00-05:00,40.369998931884766,40.529998779296875,38.709999084472656,39.08000183105469,1239300,0.0,0.0
2023-03-13 00:00:00-04:00,38.08000183105469,39.15999984741211,37.65999984741211,38.29999923706055,1661800,0.0,0.0
2023-03-14 00:00:00-04:00,39.540000915527344,40.130001068115234,38.59000015258789,39.08000183105469,2102900,0.0,0.0
2023-03-15 00:00:00-04:00,37.459999084472656,37.70000076293945,35.56999969482422,36.36000061035156,2540700,0.0,0.0
2023-03-16 00:00:00-04:00,35.779998779296875,37.709999084472656,35.66999816894531,37.58000183105469,2415800,0.0,0.0
2023-03-17 00:00:00-04:00,37.56999969482422,37.56999969482422,35.93000030517578,36.15999984741211,4042100,0.0,0.0
2023-03-20 00:00:00-04:00,36.810001373291016,37.7599983215332,36.65999984741211,37.5,1340300,0.0,0.0
2023-03-21 00:00:00-04:00,38.70000076293945,39.099998474121094,38.43000030517578,38.79999923706055,1595500,0.0,0.0
2023-03-22 00:00:00-04:00,38.779998779296875,39.06999969482422,37.93000030517578,37.95000076293945,1058500,0.0,0.0
2023-03-23 00:00:00-04:00,38.150001525878906,39.06999969482422,37.290000915527344,37.7599983215332,961500,0.0,0.0
2023-03-24 00:00:00-04:00,37.06999969482422,37.93000030517578,36.459999084472656,37.72999954223633,1171200,0.0,0.0
2023-03-27 00:00:00-04:00,38.349998474121094,38.65999984741211,37.84000015258789,38.119998931884766,979800,0.0,0.0
2023-03-28 00:00:00-04:00,38.06999969482422,38.65999984741211,37.869998931884766,38.08000183105469,901600,0.0,0.0
2023-03-29 00:00:00-04:00,38.709999084472656,39.34000015258789,38.2400016784668,38.56999969482422,666900,0.0,0.0
2023-03-30 00:00:00-04:00,39.099998474121094,39.4900016784668,38.68000030517578,38.959999084472656,990500,0.0,0.0
2023-03-31 00:00:00-04:00,39.27000045776367,39.470001220703125,38.83000183105469,39.459999084472656,1320500,0.0,0.0
2023-04-03 00:00:00-04:00,39.43000030517578,39.70000076293945,38.560001373291016,39.33000183105469,747500,0.0,0.0
2023-04-04 00:00:00-04:00,39.09000015258789,39.599998474121094,37.400001525878906,38.439998626708984,1246100,0.0,0.0
2023-04-05 00:00:00-04:00,37.849998474121094,38.13999938964844,36.58000183105469,37.63999938964844,924100,0.0,0.0
2023-04-06 00:00:00-04:00,37.540000915527344,37.86000061035156,37.18000030517578,37.630001068115234,742400,0.0,0.0
2023-04-10 00:00:00-04:00,37.7599983215332,38.56999969482422,37.70000076293945,38.209999084472656,845100,0.0,0.0
2023-04-11 00:00:00-04:00,38.869998931884766,39.20000076293945,38.459999084472656,38.56999969482422,564800,0.0,0.0
2023-04-12 00:00:00-04:00,38.900001525878906,39.16999816894531,38.439998626708984,38.709999084472656,474500,0.0,0.0
2023-04-13 00:00:00-04:00,38.970001220703125,39.22999954223633,38.66999816894531,39.04999923706055,505500,0.0,0.0
2023-04-14 00:00:00-04:00,38.11000061035156,38.25,37.0,37.7400016784668,1308300,0.0,0.0
2023-04-17 00:00:00-04:00,37.970001220703125,38.66999816894531,37.66999816894531,38.560001373291016,1397100,0.0,0.0
2023-04-18 00:00:00-04:00,38.88999938964844,39.83000183105469,38.560001373291016,39.689998626708984,946200,0.0,0.0
2023-04-19 00:00:00-04:00,39.13999938964844,39.41999816894531,38.7599983215332,39.20000076293945,1013900,0.0,0.0
2023-04-20 00:00:00-04:00,38.45000076293945,39.220001220703125,38.45000076293945,38.83000183105469,737100,0.0,0.0
2023-04-21 00:00:00-04:00,38.470001220703125,38.63999938964844,37.849998474121094,38.47999954223633,815000,0.0,0.0
2023-04-24 00:00:00-04:00,38.45000076293945,38.790000915527344,38.09000015258789,38.43000030517578,665500,0.0,0.0
2023-04-25 00:00:00-04:00,37.47999954223633,38.0099983215332,37.150001525878906,37.9900016784668,876300,0.0,0.0
2023-04-26 00:00:00-04:00,37.93000030517578,38.15999984741211,37.459999084472656,37.59000015258789,991300,0.0,0.0
2023-04-27 00:00:00-04:00,37.93000030517578,38.599998474121094,37.560001373291016,38.36000061035156,767500,0.0,0.0
2023-04-28 00:00:00-04:00,38.08000183105469,38.66999816894531,37.70000076293945,38.619998931884766,1189400,0.0,0.0
2023-05-01 00:00:00-04:00,38.7599983215332,38.97999954223633,37.29999923706055,37.91999816894531,976900,0.0,0.0
2023-05-02 00:00:00-04:00,37.529998779296875,38.41999816894531,37.08000183105469,38.310001373291016,1068400,0.0,0.0
2023-05-03 00:00:00-04:00,38.279998779296875,38.72999954223633,37.72999954223633,38.0,1294800,0.0,0.0
2023-05-04 00:00:00-04:00,36.91999816894531,37.099998474121094,35.08000183105469,35.36000061035156,3053200,0.0,0.0
2023-05-05 00:00:00-04:00,36.0,37.099998474121094,35.849998474121094,36.84000015258789,1656900,0.0,0.0
2023-05-08 00:00:00-04:00,37.88999938964844,38.720001220703125,37.060001373291016,37.72999954223633,1021600,0.0,0.0
2023-05-09 00:00:00-04:00,37.59000015258789,38.209999084472656,37.20000076293945,37.75,1939800,0.0,0.0
2023-05-10 00:00:00-04:00,38.459999084472656,38.63999938964844,37.029998779296875,37.709999084472656,1487600,0.0,0.0
2023-05-11 00:00:00-04:00,36.9900016784668,37.099998474121094,36.130001068115234,36.27000045776367,797000,0.0,0.0
2023-05-12 00:00:00-04:00,36.29999923706055,36.439998626708984,34.91999816894531,35.130001068115234,1217400,0.0,0.0
2023-05-15 00:00:00-04:00,35.599998474121094,36.650001525878906,35.13999938964844,36.380001068115234,1283100,0.0,0.0
2023-05-16 00:00:00-04:00,36.02000045776367,36.189998626708984,34.900001525878906,34.970001220703125,1100400,0.0,0.0
2023-05-17 00:00:00-04:00,35.5,36.689998626708984,35.290000915527344,36.34000015258789,1388100,0.0,0.0
2023-05-18 00:00:00-04:00,36.15999984741211,36.83000183105469,35.65999984741211,36.52000045776367,1429600,0.0,0.0
2023-05-19 00:00:00-04:00,36.93000030517578,36.93000030517578,36.27000045776367,36.61000061035156,1215900,0.0,0.0
2023-05-22 00:00:00-04:00,36.93000030517578,37.529998779296875,36.72999954223633,37.41999816894531,1021000,0.0,0.0
2023-05-23 00:00:00-04:00,37.08000183105469,37.31999969482422,36.619998931884766,37.040000915527344,762800,0.0,0.0
2023-05-24 00:00:00-04:00,36.61000061035156,36.61000061035156,35.41999816894531,35.790000915527344,793300,0.0,0.0
2023-05-25 00:00:00-04:00,35.68000030517578,35.959999084472656,35.02000045776367,35.310001373291016,828600,0.0,0.0
2023-05-26 00:00:00-04:00,35.68000030517578,35.77000045776367,34.77000045776367,35.0,756600,0.0,0.0
2023-05-30 00:00:00-04:00,34.900001525878906,34.939998626708984,34.349998474121094,34.599998474121094,678800,0.0,0.0
2023-05-31 00:00:00-04:00,34.47999954223633,34.66999816894531,34.099998474121094,34.58000183105469,1137500,0.0,0.0
2023-06-01 00:00:00-04:00,34.70000076293945,36.33000183105469,34.5099983215332,36.290000915527344,1396800,0.0,0.0
2023-06-02 00:00:00-04:00,37.619998931884766,38.970001220703125,37.099998474121094,38.779998779296875,1558600,0.0,0.0
2023-06-05 00:00:00-04:00,38.880001068115234,38.880001068115234,37.2400016784668,37.4900016784668,845600,0.0,0.0
2023-06-06 00:00:00-04:00,37.119998931884766,38.810001373291016,37.119998931884766,38.47999954223633,1091800,0.0,0.0
2023-06-07 00:00:00-04:00,38.869998931884766,39.709999084472656,38.41999816894531,39.20000076293945,1181400,0.0,0.0
2023-06-08 00:00:00-04:00,39.189998626708984,39.93000030517578,38.779998779296875,39.5,795100,0.0,0.0
2023-06-09 00:00:00-04:00,39.59000015258789,39.650001525878906,39.0099983215332,39.380001068115234,429700,0.0,0.0
2023-06-12 00:00:00-04:00,39.209999084472656,40.13999938964844,39.119998931884766,39.619998931884766,787000,0.0,0.0
2023-06-13 00:00:00-04:00,40.0,40.9900016784668,39.619998931884766,40.7400016784668,1368400,0.0,0.0
2023-06-14 00:00:00-04:00,41.0,41.0,39.220001220703125,39.66999816894531,1061100,0.0,0.0
2023-06-15 00:00:00-04:00,39.040000915527344,39.650001525878906,38.81999969482422,39.540000915527344,812200,0.0,0.0
2023-06-16 00:00:00-04:00,39.650001525878906,39.650001525878906,38.56999969482422,39.290000915527344,3098400,0.0,0.0
2023-06-20 00:00:00-04:00,38.959999084472656,40.81999969482422,38.72999954223633,40.36000061035156,1523000,0.0,0.0
2023-06-21 00:00:00-04:00,40.130001068115234,41.5099983215332,40.02000045776367,41.290000915527344,1019900,0.0,0.0
2023-06-22 00:00:00-04:00,41.0,41.0,39.81999969482422,40.34000015258789,963700,0.0,0.0
2023-06-23 00:00:00-04:00,39.40999984741211,39.90999984741211,39.099998474121094,39.25,1783100,0.0,0.0
2023-06-26 00:00:00-04:00,39.470001220703125,40.369998931884766,38.93000030517578,40.0099983215332,761400,0.0,0.0
2023-06-27 00:00:00-04:00,40.0,40.93000030517578,39.54999923706055,40.83000183105469,680600,0.0,0.0
2023-06-28 00:00:00-04:00,40.52000045776367,41.7599983215332,40.220001220703125,41.59000015258789,1078900,0.0,0.0
2023-06-29 00:00:00-04:00,41.5099983215332,43.25,41.380001068115234,43.189998626708984,1981400,0.0,0.0
2023-06-30 00:00:00-04:00,43.77000045776367,44.38999938964844,43.06999969482422,44.22999954223633,1681100,0.0,0.0
2023-07-03 00:00:00-04:00,44.040000915527344,44.79999923706055,43.880001068115234,44.61000061035156,1120700,0.0,0.0
2023-07-05 00:00:00-04:00,43.849998474121094,44.15999984741211,43.38999938964844,43.90999984741211,1141700,0.0,0.0
2023-07-06 00:00:00-04:00,43.540000915527344,43.88999938964844,42.63999938964844,43.41999816894531,1091000,0.0,0.0
2023-07-07 00:00:00-04:00,43.72999954223633,44.97999954223633,43.34000015258789,44.2400016784668,1117900,0.0,0.0
2023-07-10 00:00:00-04:00,44.0099983215332,46.11000061035156,43.900001525878906,46.04999923706055,1483100,0.0,0.0
2023-07-11 00:00:00-04:00,46.5,46.540000915527344,44.97999954223633,45.5099983215332,1531400,0.0,0.0
2023-07-12 00:00:00-04:00,46.43000030517578,47.27000045776367,45.540000915527344,45.619998931884766,1698400,0.0,0.0
2023-07-13 00:00:00-04:00,45.88999938964844,46.599998474121094,45.20000076293945,46.529998779296875,1425600,0.0,0.0
2023-07-14 00:00:00-04:00,46.45000076293945,46.63999938964844,45.540000915527344,45.650001525878906,843900,0.0,0.0
2023-07-17 00:00:00-04:00,45.540000915527344,45.720001220703125,44.66999816894531,44.84000015258789,1104900,0.0,0.0
2023-07-18 00:00:00-04:00,44.869998931884766,45.7599983215332,44.65999984741211,45.560001373291016,1311100,0.0,0.0
2023-07-19 00:00:00-04:00,45.61000061035156,45.9900016784668,44.83000183105469,45.459999084472656,902100,0.0,0.0
2023-07-20 00:00:00-04:00,46.2599983215332,46.2599983215332,45.33000183105469,45.779998779296875,574900,0.0,0.0
2023-07-21 00:00:00-04:00,45.95000076293945,46.20000076293945,45.0099983215332,45.349998474121094,704200,0.0,0.0
2023-07-24 00:00:00-04:00,45.41999816894531,46.119998931884766,45.33000183105469,45.72999954223633,668800,0.0,0.0
2023-07-25 00:00:00-04:00,45.7599983215332,46.72999954223633,45.7400016784668,46.279998779296875,945400,0.0,0.0
2023-07-26 00:00:00-04:00,45.9900016784668,47.099998474121094,45.83000183105469,46.959999084472656,1093000,0.0,0.0
2023-07-27 00:00:00-04:00,47.2599983215332,47.36000061035156,46.119998931884766,46.45000076293945,820000,0.0,0.0
2023-07-28 00:00:00-04:00,46.54999923706055,47.220001220703125,46.2400016784668,47.0099983215332,697800,0.0,0.0
2023-07-31 00:00:00-04:00,47.29999923706055,47.84000015258789,47.290000915527344,47.68000030517578,902300,0.0,0.0
2023-08-01 00:00:00-04:00,47.209999084472656,47.91999816894531,46.810001373291016,46.91999816894531,1743600,0.0,0.0
2023-08-02 00:00:00-04:00,45.81999969482422,45.93000030517578,44.2599983215332,45.06999969482422,1351500,0.0,0.0
2023-08-03 00:00:00-04:00,44.529998779296875,44.91999816894531,43.77000045776367,44.15999984741211,1232400,0.0,0.0
2023-08-04 00:00:00-04:00,44.06999969482422,44.63999938964844,43.56999969482422,43.63999938964844,1072700,0.0,0.0
2023-08-07 00:00:00-04:00,43.91999816894531,44.900001525878906,43.90999984741211,44.540000915527344,836400,0.0,0.0
2023-08-08 00:00:00-04:00,44.2400016784668,44.2400016784668,43.040000915527344,43.880001068115234,971300,0.0,0.0
2023-08-09 00:00:00-04:00,43.97999954223633,43.97999954223633,42.68000030517578,43.279998779296875,1069500,0.0,0.0
2023-08-10 00:00:00-04:00,43.56999969482422,44.369998931884766,43.43000030517578,44.15999984741211,848500,0.0,0.0
2023-08-11 00:00:00-04:00,43.9900016784668,44.02000045776367,43.150001525878906,43.2599983215332,834000,0.0,0.0
2023-08-14 00:00:00-04:00,43.2400016784668,43.38999938964844,42.56999969482422,43.36000061035156,609500,0.0,0.0
2023-08-15 00:00:00-04:00,43.040000915527344,43.31999969482422,42.720001220703125,43.029998779296875,1007100,0.0,0.0
2023-08-16 00:00:00-04:00,43.0099983215332,44.349998474121094,43.0099983215332,43.900001525878906,1334600,0.0,0.0
2023-08-17 00:00:00-04:00,44.439998626708984,44.75,43.61000061035156,43.63999938964844,969800,0.0,0.0
2023-08-18 00:00:00-04:00,43.040000915527344,44.77000045776367,43.0,44.5099983215332,1116500,0.0,0.0
2023-08-21 00:00:00-04:00,44.54999923706055,44.72999954223633,43.540000915527344,43.97999954223633,907900,0.0,0.0
2023-08-22 00:00:00-04:00,44.43000030517578,44.720001220703125,44.02000045776367,44.56999969482422,638100,0.0,0.0
2023-08-23 00:00:00-04:00,44.560001373291016,44.66999816894531,43.93000030517578,44.15999984741211,1242500,0.0,0.0
2023-08-24 00:00:00-04:00,43.58000183105469,44.2400016784668,43.29999923706055,43.70000076293945,895200,0.0,0.0
2023-08-25 00:00:00-04:00,44.06999969482422,44.279998779296875,43.029998779296875,43.7400016784668,738100,0.0,0.0
2023-08-28 00:00:00-04:00,43.810001373291016,44.790000915527344,43.810001373291016,43.88999938964844,573500,0.0,0.0
2023-08-29 00:00:00-04:00,43.849998474121094,44.79999923706055,43.470001220703125,44.779998779296875,567200,0.0,0.0
2023-08-30 00:00:00-04:00,44.72999954223633,45.689998626708984,44.529998779296875,45.27000045776367,599600,0.0,0.0
2023-08-31 00:00:00-04:00,45.27000045776367,45.77000045776367,45.25,45.33000183105469,591700,0.0,0.0
2023-09-01 00:00:00-04:00,45.880001068115234,46.43000030517578,45.779998779296875,46.130001068115234,609500,0.0,0.0
2023-09-05 00:00:00-04:00,45.41999816894531,45.41999816894531,44.15999984741211,45.09000015258789,744700,0.0,0.0
2023-09-06 00:00:00-04:00,45.36000061035156,45.779998779296875,44.439998626708984,44.93000030517578,563700,0.0,0.0
2023-09-07 00:00:00-04:00,44.4900016784668,44.91999816894531,43.91999816894531,44.88999938964844,566100,0.0,0.0
2023-09-08 00:00:00-04:00,44.900001525878906,45.34000015258789,44.38999938964844,44.4900016784668,470000,0.0,0.0
2023-09-11 00:00:00-04:00,45.06999969482422,45.36000061035156,44.4900016784668,44.54999923706055,538400,0.0,0.0
2023-09-12 00:00:00-04:00,44.209999084472656,44.88999938964844,44.130001068115234,44.65999984741211,514000,0.0,0.0
2023-09-13 00:00:00-04:00,44.380001068115234,44.619998931884766,43.20000076293945,43.72999954223633,1061200,0.0,0.0
2023-09-14 00:00:00-04:00,44.54999923706055,45.22999954223633,43.93000030517578,45.099998474121094,1084900,0.0,0.0
2023-09-15 00:00:00-04:00,44.79999923706055,45.27000045776367,44.04999923706055,44.54999923706055,2680400,0.0,0.0
2023-09-18 00:00:00-04:00,44.380001068115234,44.83000183105469,43.84000015258789,43.849998474121094,974300,0.0,0.0
2023-09-19 00:00:00-04:00,44.040000915527344,44.41999816894531,43.2599983215332,43.540000915527344,984800,0.0,0.0
2023-09-20 00:00:00-04:00,43.77000045776367,44.54999923706055,42.720001220703125,42.810001373291016,684400,0.0,0.0
2023-09-21 00:00:00-04:00,42.33000183105469,42.33000183105469,41.34000015258789,41.709999084472656,751500,0.0,0.0
2023-09-22 00:00:00-04:00,41.91999816894531,42.77000045776367,41.70000076293945,42.20000076293945,798900,0.0,0.0
2023-09-25 00:00:00-04:00,41.779998779296875,42.599998474121094,41.650001525878906,42.31999969482422,459700,0.0,0.0
2023-09-26 00:00:00-04:00,42.09000015258789,42.25,41.189998626708984,41.27000045776367,773400,0.0,0.0
2023-09-27 00:00:00-04:00,41.61000061035156,42.040000915527344,41.060001373291016,41.33000183105469,613400,0.0,0.0
2023-09-28 00:00:00-04:00,41.45000076293945,42.599998474121094,41.45000076293945,42.09000015258789,711600,0.0,0.0
2023-09-29 00:00:00-04:00,42.529998779296875,42.650001525878906,41.040000915527344,41.150001525878906,1309200,0.0,0.0
2023-10-02 00:00:00-04:00,40.970001220703125,41.27000045776367,40.459999084472656,40.880001068115234,1042100,0.0,0.0
2023-10-03 00:00:00-04:00,40.58000183105469,41.31999969482422,40.38999938964844,40.65999984741211,800000,0.0,0.0
2023-10-04 00:00:00-04:00,40.689998626708984,40.779998779296875,39.810001373291016,40.150001525878906,759800,0.0,0.0
2023-10-05 00:00:00-04:00,39.970001220703125,40.43000030517578,39.43000030517578,39.630001068115234,954700,0.0,0.0
2023-10-06 00:00:00-04:00,39.93000030517578,40.11000061035156,39.150001525878906,39.54999923706055,1627900,0.0,0.0
2023-10-09 00:00:00-04:00,39.29999923706055,40.13999938964844,39.209999084472656,39.970001220703125,841100,0.0,0.0
2023-10-10 00:00:00-04:00,39.9900016784668,41.130001068115234,39.9900016784668,40.779998779296875,893500,0.0,0.0
2023-10-11 00:00:00-04:00,40.939998626708984,41.279998779296875,40.61000061035156,41.220001220703125,668500,0.0,0.0
2023-10-12 00:00:00-04:00,40.779998779296875,41.220001220703125,39.09000015258789,39.599998474121094,1347100,0.0,0.0
2023-10-13 00:00:00-04:00,39.810001373291016,39.900001525878906,37.400001525878906,37.47999954223633,1424300,0.0,0.0
2023-10-16 00:00:00-04:00,37.790000915527344,38.38999938964844,37.599998474121094,37.630001068115234,1243300,0.0,0.0
2023-10-17 00:00:00-04:00,37.150001525878906,38.959999084472656,37.02000045776367,38.61000061035156,1274300,0.0,0.0
2023-10-18 00:00:00-04:00,37.849998474121094,38.150001525878906,37.119998931884766,38.060001373291016,1831400,0.0,0.0
2023-10-19 00:00:00-04:00,37.880001068115234,38.029998779296875,36.18000030517578,36.45000076293945,1607300,0.0,0.0
2023-10-20 00:00:00-04:00,36.36000061035156,36.56999969482422,35.349998474121094,35.58000183105469,1237700,0.0,0.0
2023-10-23 00:00:00-04:00,35.58000183105469,36.81999969482422,35.029998779296875,36.18000030517578,1576400,0.0,0.0
2023-10-24 00:00:00-04:00,36.720001220703125,36.810001373291016,36.04999923706055,36.56999969482422,1542200,0.0,0.0
2023-10-25 00:00:00-04:00,36.59000015258789,37.04999923706055,36.209999084472656,36.4900016784668,1059700,0.0,0.0
2023-10-26 00:00:00-04:00,36.650001525878906,38.470001220703125,36.650001525878906,37.709999084472656,1808900,0.0,0.0
2023-10-27 00:00:00-04:00,37.810001373291016,38.0,36.779998779296875,37.59000015258789,1505900,0.0,0.0
2023-10-30 00:00:00-04:00,38.029998779296875,38.22999954223633,37.040000915527344,37.66999816894531,894200,0.0,0.0
2023-10-31 00:00:00-04:00,37.849998474121094,38.11000061035156,37.650001525878906,37.77000045776367,1047200,0.0,0.0
2023-11-01 00:00:00-04:00,37.810001373291016,37.95000076293945,36.70000076293945,37.33000183105469,2205200,0.0,0.0
2023-11-02 00:00:00-04:00,38.810001373291016,41.2400016784668,37.939998626708984,40.650001525878906,2450700,0.0,0.0
2023-11-03 00:00:00-04:00,41.83000183105469,42.119998931884766,40.54999923706055,41.70000076293945,2047300,0.0,0.0
2023-11-06 00:00:00-05:00,41.77000045776367,42.7599983215332,41.77000045776367,42.43000030517578,1689000,0.0,0.0
2023-11-07 00:00:00-05:00,41.900001525878906,42.65999984741211,41.900001525878906,42.52000045776367,1275100,0.0,0.0
2023-11-08 00:00:00-05:00,42.540000915527344,43.54999923706055,42.400001525878906,43.349998474121094,1383900,0.0,0.0
2023-11-09 00:00:00-05:00,43.66999816894531,43.720001220703125,42.459999084472656,42.65999984741211,1291900,0.0,0.0
2023-11-10 00:00:00-05:00,42.93000030517578,43.81999969482422,42.79999923706055,43.689998626708984,1176000,0.0,0.0
2023-11-13 00:00:00-05:00,43.72999954223633,44.720001220703125,43.439998626708984,44.45000076293945,1056500,0.0,0.0
2023-11-14 00:00:00-05:00,45.650001525878906,45.7400016784668,44.619998931884766,45.369998931884766,1611400,0.0,0.0
2023-11-15 00:00:00-05:00,45.38999938964844,45.77000045776367,44.79999923706055,44.900001525878906,770100,0.0,0.0
2023-11-16 00:00:00-05:00,44.7599983215332,45.0,44.04999923706055,44.27000045776367,1465200,0.0,0.0
2023-11-17 00:00:00-05:00,44.779998779296875,45.56999969482422,44.2599983215332,44.38999938964844,842800,0.0,0.0
2023-11-20 00:00:00-05:00,44.279998779296875,44.95000076293945,43.959999084472656,44.59000015258789,845000,0.0,0.0
2023-11-21 00:00:00-05:00,44.36000061035156,44.83000183105469,43.970001220703125,43.9900016784668,620500,0.0,0.0
2023-11-22 00:00:00-05:00,44.29999923706055,44.45000076293945,43.689998626708984,43.720001220703125,681900,0.0,0.0
2023-11-24 00:00:00-05:00,43.61000061035156,44.25,43.599998474121094,44.13999938964844,344400,0.0,0.0
2023-11-27 00:00:00-05:00,44.0,44.709999084472656,43.38999938964844,44.650001525878906,1127700,0.0,0.0
2023-11-28 00:00:00-05:00,44.650001525878906,44.790000915527344,43.54999923706055,44.2400016784668,1285400,0.0,0.0
2023-11-29 00:00:00-05:00,44.369998931884766,45.459999084472656,42.04999923706055,42.470001220703125,2154600,0.0,0.0
2023-11-30 00:00:00-05:00,43.279998779296875,44.18000030517578,43.0099983215332,43.95000076293945,2003600,0.0,0.0
2023-12-01 00:00:00-05:00,43.959999084472656,44.02000045776367,43.0099983215332,43.060001373291016,3701600,0.0,0.0
2023-12-04 00:00:00-05:00,42.0,42.810001373291016,41.40999984741211,42.33000183105469,2271000,0.0,0.0
2023-12-05 00:00:00-05:00,42.22999954223633,42.380001068115234,40.189998626708984,40.27000045776367,2513700,0.0,0.0
2023-12-06 00:00:00-05:00,40.540000915527344,41.13999938964844,39.84000015258789,39.849998474121094,1568500,0.0,0.0
2023-12-07 00:00:00-05:00,39.849998474121094,40.02000045776367,39.33000183105469,39.90999984741211,1227000,0.0,0.0
2023-12-08 00:00:00-05:00,39.029998779296875,40.34000015258789,39.029998779296875,39.75,1473000,0.0,0.0
2023-12-11 00:00:00-05:00,39.90999984741211,41.060001373291016,39.619998931884766,40.90999984741211,1838700,0.0,0.0
2023-12-12 00:00:00-05:00,40.84000015258789,40.970001220703125,40.099998474121094,40.56999969482422,1158000,0.0,0.0
2023-12-13 00:00:00-05:00,40.529998779296875,41.75,40.099998474121094,41.45000076293945,1327400,0.0,0.0
2023-12-14 00:00:00-05:00,42.52000045776367,43.15999984741211,42.099998474121094,42.97999954223633,1917700,0.0,0.0
2023-12-15 00:00:00-05:00,43.18000030517578,43.43000030517578,42.380001068115234,42.720001220703125,3824300,0.0,0.0
2023-12-18 00:00:00-05:00,43.529998779296875,43.790000915527344,42.65999984741211,42.66999816894531,977700,0.0,0.0
2023-12-19 00:00:00-05:00,43.13999938964844,44.470001220703125,42.75,44.209999084472656,1600900,0.0,0.0
2023-12-20 00:00:00-05:00,43.88999938964844,45.439998626708984,43.79999923706055,44.56999969482422,1566600,0.0,0.0
2023-12-21 00:00:00-05:00,45.209999084472656,45.369998931884766,44.63999938964844,45.31999969482422,902500,0.0,0.0
2023-12-22 00:00:00-05:00,45.52000045776367,45.959999084472656,45.08000183105469,45.61000061035156,672800,0.0,0.0
2023-12-26 00:00:00-05:00,45.810001373291016,46.34000015258789,45.63999938964844,46.25,574500,0.0,0.0
2023-12-27 00:00:00-05:00,46.29999923706055,46.439998626708984,45.90999984741211,46.18000030517578,706000,0.0,0.0
2023-12-28 00:00:00-05:00,46.0,46.56999969482422,45.900001525878906,46.279998779296875,776300,0.0,0.0
2023-12-29 00:00:00-05:00,46.13999938964844,46.349998474121094,45.33000183105469,45.470001220703125,782700,0.0,0.0
2024-01-02 00:00:00-05:00,44.88999938964844,45.63999938964844,43.93000030517578,44.29999923706055,1381900,0.0,0.0
2024-01-03 00:00:00-05:00,43.84000015258789,43.84000015258789,42.529998779296875,42.7400016784668,1236600,0.0,0.0
2024-01-04 00:00:00-05:00,43.060001373291016,44.11000061035156,43.0,43.68000030517578,1506200,0.0,0.0
2024-01-05 00:00:00-05:00,43.369998931884766,43.9900016784668,42.939998626708984,43.20000076293945,855500,0.0,0.0
2024-01-08 00:00:00-05:00,42.83000183105469,43.529998779296875,42.34000015258789,43.5099983215332,551400,0.0,0.0
2024-01-09 00:00:00-05:00,43.0,43.0,41.880001068115234,42.06999969482422,805500,0.0,0.0
2024-01-10 00:00:00-05:00,41.900001525878906,42.91999816894531,41.52000045776367,42.70000076293945,1007700,0.0,0.0
2024-01-11 00:00:00-05:00,42.5099983215332,42.810001373291016,41.619998931884766,42.65999984741211,1578300,0.0,0.0
2024-01-12 00:00:00-05:00,43.15999984741211,43.70000076293945,42.47999954223633,42.90999984741211,993300,0.0,0.0
2024-01-16 00:00:00-05:00,42.599998474121094,42.900001525878906,42.150001525878906,42.36000061035156,914700,0.0,0.0
2024-01-17 00:00:00-05:00,41.43000030517578,42.47999954223633,41.31999969482422,41.7400016784668,959300,0.0,0.0
2024-01-18 00:00:00-05:00,41.9900016784668,42.560001373291016,41.33000183105469,42.560001373291016,839400,0.0,0.0
2024-01-19 00:00:00-05:00,42.790000915527344,42.91999816894531,41.09000015258789,42.0099983215332,1066500,0.0,0.0
2024-01-22 00:00:00-05:00,42.130001068115234,43.11000061035156,41.7599983215332,42.91999816894531,977300,0.0,0.0
2024-01-23 00:00:00-05:00,43.630001068115234,43.97999954223633,43.0099983215332,43.060001373291016,1328700,0.0,0.0
2024-01-24 00:00:00-05:00,43.59000015258789,43.619998931884766,42.689998626708984,42.95000076293945,1008900,0.0,0.0
2024-01-25 00:00:00-05:00,42.7400016784668,42.849998474121094,39.7400016784668,40.72999954223633,3010300,0.0,0.0
2024-01-26 00:00:00-05:00,41.2400016784668,41.40999984741211,40.75,41.130001068115234,941200,0.0,0.0
2024-01-29 00:00:00-05:00,41.099998474121094,41.68000030517578,40.54999923706055,41.65999984741211,1112800,0.0,0.0
2024-01-30 00:00:00-05:00,41.220001220703125,41.45000076293945,40.470001220703125,41.349998474121094,2191200,0.0,0.0
2024-01-31 00:00:00-05:00,41.810001373291016,41.959999084472656,40.61000061035156,40.869998931884766,2148300,0.0,0.0
2024-02-01 00:00:00-05:00,40.0099983215332,41.0,38.040000915527344,38.54999923706055,3979400,0.0,0.0
2024-02-02 00:00:00-05:00,38.529998779296875,39.75,38.33000183105469,39.150001525878906,1790900,0.0,0.0
2024-02-05 00:00:00-05:00,38.5099983215332,38.88999938964844,38.08000183105469,38.619998931884766,1505900,0.0,0.0
2024-02-06 00:00:00-05:00,38.61000061035156,39.54999923706055,38.41999816894531,39.04999923706055,1406700,0.0,0.0
2024-02-07 00:00:00-05:00,39.209999084472656,40.310001373291016,39.040000915527344,40.13999938964844,1392300,0.0,0.0
2024-02-08 00:00:00-05:00,40.0,40.869998931884766,39.709999084472656,40.75,1276900,0.0,0.0
2024-02-09 00:00:00-05:00,40.75,42.4900016784668,40.75,42.25,1941300,0.0,0.0
2024-02-12 00:00:00-05:00,42.439998626708984,43.790000915527344,42.439998626708984,43.08000183105469,1920200,0.0,0.0
2024-02-13 00:00:00-05:00,41.880001068115234,43.209999084472656,41.369998931884766,41.68000030517578,1808000,0.0,0.0
2024-02-14 00:00:00-05:00,41.90999984741211,44.75,41.90999984741211,44.439998626708984,2267200,0.0,0.0
2024-02-15 00:00:00-05:00,44.5,46.91999816894531,44.5,46.61000061035156,2621100,0.0,0.0
2024-02-16 00:00:00-05:00,46.4900016784668,47.41999816894531,45.529998779296875,45.689998626708984,2096800,0.0,0.0
2024-02-20 00:00:00-05:00,45.0,45.18000030517578,44.150001525878906,44.650001525878906,1307600,0.0,0.0
2024-02-21 00:00:00-05:00,44.93000030517578,46.06999969482422,44.47999954223633,45.86000061035156,1321100,0.0,0.0
2024-02-22 00:00:00-05:00,45.7400016784668,46.5099983215332,45.61000061035156,46.459999084472656,972600,0.0,0.0
2024-02-23 00:00:00-05:00,46.310001373291016,46.880001068115234,45.7599983215332,46.72999954223633,881000,0.0,0.0
2024-02-26 00:00:00-05:00,45.90999984741211,47.279998779296875,45.90999984741211,47.13999938964844,1191600,0.0,0.0
2024-02-27 00:00:00-05:00,47.650001525878906,48.95000076293945,47.540000915527344,48.880001068115234,1442000,0.0,0.0
2024-02-28 00:00:00-05:00,48.27000045776367,49.47999954223633,48.27000045776367,48.61000061035156,1309700,0.0,0.0
2024-02-29 00:00:00-05:00,49.0,49.849998474121094,48.630001068115234,49.18000030517578,2304900,0.0,0.0
2024-03-01 00:00:00-05:00,49.36000061035156,50.47999954223633,48.900001525878906,49.2400016784668,1162500,0.0,0.0
2024-03-04 00:00:00-05:00,49.27000045776367,50.08000183105469,49.220001220703125,49.810001373291016,1271300,0.0,0.0
2024-03-05 00:00:00-05:00,49.4900016784668,50.75,49.290000915527344,49.72999954223633,1467100,0.0,0.0
2024-03-06 00:00:00-05:00,50.43000030517578,50.58000183105469,49.400001525878906,49.650001525878906,699600,0.0,0.0
2024-03-07 00:00:00-05:00,50.25,51.25,50.189998626708984,51.0,930000,0.0,0.0
2024-03-08 00:00:00-05:00,51.61000061035156,51.95000076293945,50.599998474121094,50.630001068115234,792700,0.0,0.0
2024-03-11 00:00:00-04:00,50.22999954223633,50.40999984741211,48.29999923706055,49.41999816894531,992500,0.0,0.0
2024-03-12 00:00:00-04:00,49.31999969482422,49.54999923706055,47.79999923706055,48.29999923706055,2021900,0.0,0.0
2024-03-13 00:00:00-04:00,48.150001525878906,49.959999084472656,48.060001373291016,49.0,1885800,0.0,0.0
2024-03-14 00:00:00-04:00,48.5099983215332,49.06999969482422,47.68000030517578,48.25,1352000,0.0,0.0
2024-03-15 00:00:00-04:00,47.93000030517578,49.63999938964844,47.810001373291016,49.369998931884766,2414200,0.0,0.0
2024-03-18 00:00:00-04:00,49.369998931884766,49.52000045776367,47.84000015258789,47.869998931884766,1865000,0.0,0.0
2024-03-19 00:00:00-04:00,48.0,48.66999816894531,47.650001525878906,48.13999938964844,1236400,0.0,0.0
2024-03-20 00:00:00-04:00,48.15999984741211,48.9900016784668,47.58000183105469,48.599998474121094,996500,0.0,0.0
2024-03-21 00:00:00-04:00,49.08000183105469,49.43000030517578,48.56999969482422,48.810001373291016,1283800,0.0,0.0
2024-03-22 00:00:00-04:00,48.7400016784668,49.84000015258789,48.720001220703125,49.54999923706055,693400,0.0,0.0
2024-03-25 00:00:00-04:00,50.15999984741211,50.900001525878906,49.95000076293945,49.95000076293945,873400,0.0,0.0
2024-03-26 00:00:00-04:00,50.130001068115234,50.540000915527344,49.68000030517578,50.209999084472656,631000,0.0,0.0
2024-03-27 00:00:00-04:00,50.650001525878906,50.939998626708984,50.13999938964844,50.91999816894531,728100,0.0,0.0
2024-03-28 00:00:00-04:00,50.959999084472656,51.47999954223633,50.63999938964844,51.16999816894531,1033900,0.0,0.0
2024-04-01 00:00:00-04:00,51.290000915527344,51.439998626708984,50.52000045776367,51.0099983215332,481100,0.0,0.0
2024-04-02 00:00:00-04:00,50.7599983215332,50.86000061035156,49.77000045776367,50.650001525878906,1014300,0.0,0.0
2024-04-03 00:00:00-04:00,50.5099983215332,51.439998626708984,50.20000076293945,50.75,940900,0.0,0.0
2024-04-04 00:00:00-04:00,51.0,51.599998474121094,50.22999954223633,50.5,846800,0.0,0.0
2024-04-05 00:00:00-04:00,50.369998931884766,51.86000061035156,50.2400016784668,51.72999954223633,707500,0.0,0.0
2024-04-08 00:00:00-04:00,52.0,52.47999954223633,51.47999954223633,51.790000915527344,760300,0.0,0.0
2024-04-09 00:00:00-04:00,52.27000045776367,52.459999084472656,50.970001220703125,51.7400016784668,863600,0.0,0.0
2024-04-10 00:00:00-04:00,50.43000030517578,51.08000183105469,49.630001068115234,50.06999969482422,989200,0.0,0.0
2024-04-11 00:00:00-04:00,51.040000915527344,52.20000076293945,50.939998626708984,52.09000015258789,1034000,0.0,0.0
2024-04-12 00:00:00-04:00,52.5,52.5,50.95000076293945,51.63999938964844,809800,0.0,0.0
2024-04-15 00:00:00-04:00,52.119998931884766,52.97999954223633,50.689998626708984,51.09000015258789,875100,0.0,0.0
2024-04-16 00:00:00-04:00,50.18000030517578,51.529998779296875,49.79999923706055,51.16999816894531,692400,0.0,0.0
2024-04-17 00:00:00-04:00,51.91999816894531,51.91999816894531,50.63999938964844,50.72999954223633,756600,0.0,0.0
2024-04-18 00:00:00-04:00,50.84000015258789,51.970001220703125,50.38999938964844,51.099998474121094,999000,0.0,0.0
2024-04-19 00:00:00-04:00,50.939998626708984,51.619998931884766,50.09000015258789,50.560001373291016,906500,0.0,0.0
2024-04-22 00:00:00-04:00,50.61000061035156,50.88999938964844,49.400001525878906,49.7599983215332,1331600,0.0,0.0
2024-04-23 00:00:00-04:00,49.27000045776367,49.400001525878906,48.40999984741211,49.099998474121094,1272200,0.0,0.0
2024-04-24 00:00:00-04:00,48.95000076293945,49.45000076293945,48.150001525878906,49.220001220703125,1124300,0.0,0.0
2024-04-25 00:00:00-04:00,48.90999984741211,50.18000030517578,47.900001525878906,49.84000015258789,1274400,0.0,0.0
2024-04-26 00:00:00-04:00,50.2599983215332,51.81999969482422,49.459999084472656,51.75,1188700,0.0,0.0
2024-04-29 00:00:00-04:00,51.689998626708984,52.290000915527344,51.22999954223633,51.900001525878906,1437800,0.0,0.0
2024-04-30 00:00:00-04:00,54.72999954223633,61.58000183105469,53.70000076293945,59.70000076293945,5627500,0.0,0.0
2024-05-01 00:00:00-04:00,61.25,61.25,58.290000915527344,58.849998474121094,2452500,0.0,0.0
2024-05-02 00:00:00-04:00,59.47999954223633,59.630001068115234,57.75,58.04999923706055,2156900,0.0,0.0
2024-05-03 00:00:00-04:00,58.880001068115234,59.130001068115234,57.5,58.15999984741211,1831100,0.0,0.0
2024-05-06 00:00:00-04:00,59.150001525878906,59.689998626708984,58.52000045776367,59.08000183105469,1422500,0.0,0.0
2024-05-07 00:00:00-04:00,59.33000183105469,60.380001068115234,58.970001220703125,59.810001373291016,1103900,0.0,0.0
2024-05-08 00:00:00-04:00,59.470001220703125,60.779998779296875,59.220001220703125,60.20000076293945,1142000,0.0,0.0
2024-05-09 00:00:00-04:00,60.119998931884766,61.470001220703125,59.61000061035156,61.18000030517578,1121100,0.0,0.0
2024-05-10 00:00:00-04:00,61.459999084472656,61.970001220703125,60.619998931884766,60.72999954223633,950300,0.0,0.0
2024-05-13 00:00:00-04:00,60.959999084472656,61.04999923706055,59.75,59.91999816894531,1040900,0.0,0.0
2024-05-14 00:00:00-04:00,60.75,61.0,59.849998474121094,60.36000061035156,1093100,0.0,0.0
2024-05-15 00:00:00-04:00,60.58000183105469,62.439998626708984,60.529998779296875,61.61000061035156,1279000,0.0,0.0
2024-05-16 00:00:00-04:00,61.72999954223633,62.209999084472656,60.54999923706055,60.599998474121094,897000,0.0,0.0
2024-05-17 00:00:00-04:00,60.88999938964844,61.310001373291016,60.18000030517578,60.27000045776367,1678800,0.0,0.0
2024-05-20 00:00:00-04:00,60.43000030517578,61.70000076293945,60.11000061035156,60.72999954223633,1053600,0.0,0.0
2024-05-21 00:00:00-04:00,60.439998626708984,61.369998931884766,60.33000183105469,60.4900016784668,1428000,0.0,0.0
2024-05-22 00:00:00-04:00,60.279998779296875,60.9900016784668,59.18000030517578,59.349998474121094,1541900,0.0,0.0
2024-05-23 00:00:00-04:00,59.29999923706055,59.77000045776367,58.689998626708984,59.25,946500,0.0,0.0
2024-05-24 00:00:00-04:00,59.560001373291016,60.65999984741211,59.18000030517578,60.529998779296875,1190700,0.0,0.0
2024-05-28 00:00:00-04:00,61.0,61.43000030517578,60.33000183105469,61.31999969482422,1654400,0.0,0.0
2024-05-29 00:00:00-04:00,60.68000030517578,61.18000030517578,60.0099983215332,60.43000030517578,953600,0.0,0.0
2024-05-30 00:00:00-04:00,60.45000076293945,61.279998779296875,60.13999938964844,61.189998626708984,924700,0.0,0.0
2024-05-31 00:00:00-04:00,61.31999969482422,61.75,59.790000915527344,61.34000015258789,1445100,0.0,0.0
2024-06-03 00:00:00-04:00,61.540000915527344,61.900001525878906,59.849998474121094,60.75,826300,0.0,0.0
2024-06-04 00:00:00-04:00,60.310001373291016,60.310001373291016,58.54999923706055,58.63999938964844,960200,0.0,0.0
2024-06-05 00:00:00-04:00,58.689998626708984,60.400001525878906,58.25,60.279998779296875,756900,0.0,0.0
2024-06-06 00:00:00-04:00,60.040000915527344,60.41999816894531,58.880001068115234,59.369998931884766,788500,0.0,0.0
2024-06-07 00:00:00-04:00,59.060001373291016,59.77000045776367,58.130001068115234,58.34000015258789,939600,0.0,0.0
2024-06-10 00:00:00-04:00,57.72999954223633,58.68000030517578,57.5,57.959999084472656,1837800,0.0,0.0
2024-06-11 00:00:00-04:00,57.38999938964844,58.439998626708984,56.290000915527344,58.09000015258789,2231700,0.0,0.0
2024-06-12 00:00:00-04:00,59.29999923706055,59.72999954223633,57.939998626708984,58.38999938964844,1282000,0.0,0.0
2024-06-13 00:00:00-04:00,58.099998474121094,58.459999084472656,56.22999954223633,57.11000061035156,2067900,0.0,0.0
2024-06-14 00:00:00-04:00,55.619998931884766,55.939998626708984,50.380001068115234,53.349998474121094,5024300,0.0,0.0
2024-06-17 00:00:00-04:00,53.31999969482422,55.189998626708984,52.5099983215332,54.869998931884766,2500500,0.0,0.0
2024-06-18 00:00:00-04:00,55.209999084472656,55.5,54.040000915527344,55.20000076293945,1501100,0.0,0.0
2024-06-20 00:00:00-04:00,55.06999969482422,55.619998931884766,54.16999816894531,54.470001220703125,1581300,0.0,0.0
2024-06-21 00:00:00-04:00,54.13999938964844,54.470001220703125,53.36000061035156,54.06999969482422,4536000,0.0,0.0
2024-06-24 00:00:00-04:00,54.290000915527344,55.66999816894531,53.83000183105469,53.95000076293945,1629800,0.0,0.0
2024-06-25 00:00:00-04:00,53.880001068115234,55.25,53.47999954223633,55.15999984741211,1396000,0.0,0.0
2024-06-26 00:00:00-04:00,55.040000915527344,57.529998779296875,54.77000045776367,56.27000045776367,2035000,0.0,0.0
2024-06-27 00:00:00-04:00,56.31999969482422,56.880001068115234,55.93000030517578,56.52000045776367,1478100,0.0,0.0
2024-06-28 00:00:00-04:00,57.15999984741211,57.5099983215332,55.22999954223633,55.45000076293945,16824100,0.0,0.0
2024-07-01 00:00:00-04:00,55.79999923706055,56.150001525878906,54.2400016784668,54.2599983215332,1158200,0.0,0.0
2024-07-02 00:00:00-04:00,54.290000915527344,56.02000045776367,53.900001525878906,55.90999984741211,1209100,0.0,0.0
2024-07-03 00:00:00-04:00,56.310001373291016,57.7400016784668,55.650001525878906,57.43000030517578,1156400,0.0,0.0
2024-07-05 00:00:00-04:00,57.13999938964844,57.599998474121094,56.06999969482422,56.36000061035156,1040100,0.0,0.0
2024-07-08 00:00:00-04:00,56.84000015258789,58.470001220703125,56.439998626708984,58.20000076293945,1111100,0.0,0.0
2024-07-09 00:00:00-04:00,57.90999984741211,58.470001220703125,57.27000045776367,57.529998779296875,738000,0.0,0.0
2024-07-10 00:00:00-04:00,57.9900016784668,58.540000915527344,57.380001068115234,57.88999938964844,890600,0.0,0.0
2024-07-11 00:00:00-04:00,58.790000915527344,58.95000076293945,57.56999969482422,57.869998931884766,1089700,0.0,0.0
2024-07-12 00:00:00-04:00,59.0,59.63999938964844,58.38999938964844,58.529998779296875,1086900,0.0,0.0
2024-07-15 00:00:00-04:00,58.97999954223633,60.59000015258789,58.869998931884766,59.310001373291016,976500,0.0,0.0
2024-07-16 00:00:00-04:00,59.040000915527344,62.29999923706055,59.040000915527344,62.060001373291016,1071500,0.0,0.0
2024-07-17 00:00:00-04:00,61.77000045776367,62.41999816894531,59.34000015258789,59.779998779296875,1050500,0.0,0.0
2024-07-18 00:00:00-04:00,59.88999938964844,60.369998931884766,58.40999984741211,59.060001373291016,947100,0.0,0.0
2024-07-19 00:00:00-04:00,59.279998779296875,59.279998779296875,58.11000061035156,58.52000045776367,675600,0.0,0.0
2024-07-22 00:00:00-04:00,58.849998474121094,59.54999923706055,58.47999954223633,59.279998779296875,534500,0.0,0.0
2024-07-23 00:00:00-04:00,59.060001373291016,63.119998931884766,58.81999969482422,63.0,1541500,0.0,0.0
2024-07-24 00:00:00-04:00,62.66999816894531,63.060001373291016,60.2599983215332,60.29999923706055,1032200,0.0,0.0
2024-07-25 00:00:00-04:00,62.22999954223633,65.62000274658203,61.540000915527344,64.27999877929688,1902000,0.0,0.0
2024-07-26 00:00:00-04:00,64.23999786376953,66.43000030517578,64.18000030517578,65.54000091552734,1257000,0.0,0.0
2024-07-29 00:00:00-04:00,65.61000061035156,65.7699966430664,63.810001373291016,64.86000061035156,1127100,0.0,0.0
2024-07-30 00:00:00-04:00,65.2300033569336,66.37999725341797,65.11000061035156,65.56999969482422,1288500,0.0,0.0
2024-07-31 00:00:00-04:00,66.13999938964844,68.91999816894531,65.91000366210938,67.70999908447266,1500100,0.0,0.0
2024-08-01 00:00:00-04:00,67.4800033569336,68.22000122070312,65.36000061035156,66.41000366210938,1552900,0.0,0.0
2024-08-02 00:00:00-04:00,63.86000061035156,64.30999755859375,61.619998931884766,62.220001220703125,1169600,0.0,0.0
2024-08-05 00:00:00-04:00,57.20000076293945,61.65999984741211,56.33000183105469,60.970001220703125,2649300,0.0,0.0
2024-08-06 00:00:00-04:00,58.11000061035156,62.52000045776367,57.31999969482422,59.86000061035156,2582800,0.0,0.0
2024-08-07 00:00:00-04:00,61.75,62.61000061035156,59.310001373291016,59.380001068115234,1195200,0.0,0.0
2024-08-08 00:00:00-04:00,60.0099983215332,62.4900016784668,59.72999954223633,62.04999923706055,1002100,0.0,0.0
2024-08-09 00:00:00-04:00,62.13999938964844,62.810001373291016,61.16999816894531,62.310001373291016,1119100,0.0,0.0
2024-08-12 00:00:00-04:00,62.41999816894531,62.529998779296875,61.470001220703125,62.04999923706055,1504800,0.0,0.0
2024-08-13 00:00:00-04:00,62.45000076293945,63.060001373291016,61.16999816894531,62.970001220703125,721000,0.0,0.0
2024-08-14 00:00:00-04:00,63.22999954223633,63.75,62.5099983215332,63.459999084472656,779100,0.0,0.0
2024-08-15 00:00:00-04:00,64.86000061035156,65.37000274658203,63.70000076293945,64.27999877929688,841800,0.0,0.0
2024-08-16 00:00:00-04:00,64.04000091552734,64.45999908447266,63.66999816894531,64.02999877929688,511600,0.0,0.0
2024-08-19 00:00:00-04:00,63.939998626708984,64.41000366210938,63.560001373291016,64.30999755859375,345300,0.0,0.0
2024-08-20 00:00:00-04:00,64.19000244140625,64.31999969482422,63.04999923706055,63.40999984741211,665800,0.0,0.0
2024-08-21 00:00:00-04:00,63.970001220703125,65.4000015258789,63.61000061035156,65.33000183105469,639900,0.0,0.0
2024-08-22 00:00:00-04:00,65.33999633789062,65.75,64.88999938964844,65.13999938964844,657900,0.0,0.0
2024-08-23 00:00:00-04:00,65.4800033569336,67.25,65.19999694824219,67.16999816894531,586100,0.0,0.0
2024-08-26 00:00:00-04:00,67.45999908447266,67.45999908447266,66.0199966430664,66.1500015258789,502000,0.0,0.0
2024-08-27 00:00:00-04:00,65.75,66.04000091552734,64.98999786376953,65.37999725341797,660000,0.0,0.0
2024-08-28 00:00:00-04:00,65.37000274658203,65.77999877929688,64.58000183105469,64.93000030517578,460300,0.0,0.0
2024-08-29 00:00:00-04:00,65.25,65.76000213623047,64.41999816894531,64.51000213623047,717600,0.0,0.0
2024-08-30 00:00:00-04:00,64.77999877929688,65.05000305175781,63.5,63.880001068115234,1249400,0.0,0.0
2024-09-03 00:00:00-04:00,64.70999908447266,65.19000244140625,60.09000015258789,60.27000045776367,1937600,0.0,0.0
2024-09-04 00:00:00-04:00,59.81999969482422,61.099998474121094,59.15999984741211,59.790000915527344,6472200,0.0,0.0
2024-09-05 00:00:00-04:00,60.029998779296875,60.220001220703125,57.97999954223633,59.939998626708984,3058700,0.0,0.0
2024-09-06 00:00:00-04:00,59.79999923706055,60.08000183105469,57.29999923706055,58.130001068115234,2498700,0.0,0.0
2024-09-09 00:00:00-04:00,58.79999923706055,60.5099983215332,58.45000076293945,59.220001220703125,2083200,0.0,0.0
2024-09-10 00:00:00-04:00,59.220001220703125,60.16999816894531,58.709999084472656,59.529998779296875,1256400,0.0,0.0
2024-09-11 00:00:00-04:00,58.970001220703125,61.58000183105469,58.7400016784668,61.380001068115234,1487900,0.0,0.0
2024-09-12 00:00:00-04:00,61.689998626708984,63.369998931884766,61.41999816894531,62.20000076293945,1191200,0.0,0.0
2024-09-13 00:00:00-04:00,62.119998931884766,62.77000045776367,60.84000015258789,61.77000045776367,1850100,0.0,0.0
2024-09-16 00:00:00-04:00,61.61000061035156,63.09000015258789,61.16999816894531,61.61000061035156,1456800,0.0,0.0
2024-09-17 00:00:00-04:00,61.61000061035156,61.959999084472656,60.65999984741211,61.84000015258789,778000,0.0,0.0
2024-09-18 00:00:00-04:00,62.16999816894531,63.349998474121094,61.349998474121094,62.279998779296875,635200,0.0,0.0
2024-09-19 00:00:00-04:00,64.2300033569336,64.80000305175781,62.7599983215332,64.68000030517578,760700,0.0,0.0
2024-09-20 00:00:00-04:00,64.44999694824219,64.87999725341797,63.5,63.84000015258789,2188100,0.0,0.0
2024-09-23 00:00:00-04:00,65.44000244140625,65.81999969482422,64.43000030517578,65.0199966430664,719100,0.0,0.0
2024-09-24 00:00:00-04:00,65.7699966430664,66.0,64.36000061035156,64.63999938964844,1031000,0.0,0.0
2024-09-25 00:00:00-04:00,64.70999908447266,65.72000122070312,64.2699966430664,65.41999816894531,1080600,0.0,0.0
2024-09-26 00:00:00-04:00,66.45999908447266,67.47000122070312,65.13999938964844,65.31999969482422,1462800,0.0,0.0
2024-09-27 00:00:00-04:00,66.19999694824219,67.38999938964844,65.62000274658203,66.2699966430664,1601900,0.0,0.0
2024-09-30 00:00:00-04:00,65.66000366210938,67.02999877929688,65.66000366210938,66.91000366210938,1022900,0.0,0.0
2024-10-01 00:00:00-04:00,66.56999969482422,67.08999633789062,65.80999755859375,65.95999908447266,1115700,0.0,0.0
2024-10-02 00:00:00-04:00,65.72000122070312,67.06999969482422,64.79000091552734,65.58999633789062,1351100,0.0,0.0
2024-10-03 00:00:00-04:00,65.58999633789062,66.0999984741211,63.77000045776367,63.90999984741211,1476100,0.0,0.0
2024-10-04 00:00:00-04:00,64.95999908447266,65.44999694824219,64.0,65.08999633789062,918200,0.0,0.0
2024-10-07 00:00:00-04:00,64.4800033569336,65.0199966430664,64.0199966430664,64.63999938964844,626300,0.0,0.0
2024-10-08 00:00:00-04:00,64.41999816894531,64.93000030517578,63.619998931884766,64.0,1445000,0.0,0.0
2024-10-09 00:00:00-04:00,63.689998626708984,63.7599983215332,62.02000045776367,62.83000183105469,1661200,0.0,0.0
2024-10-10 00:00:00-04:00,61.279998779296875,62.970001220703125,60.560001373291016,62.939998626708984,1244700,0.0,0.0
2024-10-11 00:00:00-04:00,63.0,64.37999725341797,63.0,63.560001373291016,672900,0.0,0.0
2024-10-14 00:00:00-04:00,63.400001525878906,63.45000076293945,62.40999984741211,62.79999923706055,1010400,0.0,0.0
2024-10-15 00:00:00-04:00,62.22999954223633,63.15999984741211,61.70000076293945,62.54999923706055,905300,0.0,0.0
2024-10-16 00:00:00-04:00,63.040000915527344,63.43000030517578,62.290000915527344,63.02000045776367,720400,0.0,0.0
2024-10-17 00:00:00-04:00,63.41999816894531,64.08000183105469,62.79999923706055,63.33000183105469,711200,0.0,0.0
2024-10-18 00:00:00-04:00,63.56999969482422,63.66999816894531,62.86000061035156,63.119998931884766,735700,0.0,0.0
2024-10-21 00:00:00-04:00,63.66999816894531,64.63999938964844,63.25,63.380001068115234,958000,0.0,0.0
2024-10-22 00:00:00-04:00,63.209999084472656,63.650001525878906,62.56999969482422,63.13999938964844,731400,0.0,0.0
2024-10-23 00:00:00-04:00,62.68000030517578,64.11000061035156,62.68000030517578,62.86000061035156,974800,0.0,0.0
2024-10-24 00:00:00-04:00,61.97999954223633,62.2599983215332,60.40999984741211,61.4900016784668,1684700,0.0,0.0
2024-10-25 00:00:00-04:00,61.54999923706055,62.459999084472656,61.209999084472656,61.380001068115234,1183500,0.0,0.0
2024-10-28 00:00:00-04:00,61.75,63.29999923706055,61.29999923706055,63.220001220703125,1734500,0.0,0.0
2024-10-29 00:00:00-04:00,58.15999984741211,60.2400016784668,56.5,56.81999969482422,5878300,0.0,0.0
2024-10-30 00:00:00-04:00,56.15999984741211,56.77000045776367,54.130001068115234,54.209999084472656,3070000,0.0,0.0
2024-10-31 00:00:00-04:00,54.0,54.41999816894531,52.619998931884766,52.709999084472656,2539600,0.0,0.0
2024-11-01 00:00:00-04:00,53.38999938964844,54.209999084472656,52.45000076293945,53.41999816894531,1961000,0.0,0.0
2024-11-04 00:00:00-05:00,53.0,54.08000183105469,52.91999816894531,53.5099983215332,1534300,0.0,0.0
2024-11-05 00:00:00-05:00,53.79999923706055,54.83000183105469,53.189998626708984,54.0099983215332,2645200,0.0,0.0
2024-11-06 00:00:00-05:00,57.099998474121094,58.13999938964844,54.90999984741211,58.11000061035156,3330900,0.0,0.0
2024-11-07 00:00:00-05:00,58.119998931884766,58.20000076293945,56.720001220703125,57.33000183105469,2106500,0.0,0.0
2024-11-08 00:00:00-05:00,57.380001068115234,58.59000015258789,57.04999923706055,58.290000915527344,1651700,0.0,0.0
2024-11-11 00:00:00-05:00,58.70000076293945,60.08000183105469,58.70000076293945,59.5,1453800,0.0,0.0
2024-11-12 00:00:00-05:00,59.0,59.619998931884766,57.9900016784668,58.7599983215332,1422600,0.0,0.0
2024-11-13 00:00:00-05:00,58.810001373291016,58.93000030517578,57.95000076293945,58.369998931884766,1296600,0.0,0.0
2024-11-14 00:00:00-05:00,58.439998626708984,58.88999938964844,55.869998931884766,56.189998626708984,1494300,0.0,0.0
2024-11-15 00:00:00-05:00,56.349998474121094,56.97999954223633,55.7599983215332,56.16999816894531,1256200,0.0,0.0
2024-11-18 00:00:00-05:00,56.16999816894531,57.209999084472656,55.9900016784668,56.790000915527344,766000,0.0,0.0
2024-11-19 00:00:00-05:00,55.970001220703125,58.38999938964844,55.970001220703125,58.22999954223633,1175800,0.0,0.0
2024-11-20 00:00:00-05:00,58.29999923706055,58.70000076293945,57.75,58.02000045776367,741400,0.0,0.0
2024-11-21 00:00:00-05:00,58.099998474121094,59.209999084472656,57.7400016784668,58.15999984741211,1152400,0.0,0.0
2024-11-22 00:00:00-05:00,58.2400016784668,60.150001525878906,58.189998626708984,59.29999923706055,1062800,0.0,0.0
2024-11-25 00:00:00-05:00,59.689998626708984,60.54999923706055,59.2599983215332,60.150001525878906,1465200,0.0,0.0
2024-11-26 00:00:00-05:00,60.08000183105469,60.83000183105469,59.16999816894531,60.630001068115234,881300,0.0,0.0
2024-11-27 00:00:00-05:00,60.810001373291016,61.20000076293945,59.77000045776367,60.119998931884766,734400,0.0,0.0
2024-11-29 00:00:00-05:00,60.209999084472656,60.88999938964844,60.06999969482422,60.16999816894531,643200,0.0,0.0
2024-12-02 00:00:00-05:00,60.439998626708984,60.439998626708984,59.41999816894531,59.70000076293945,1346100,0.0,0.0
2024-12-03 00:00:00-05:00,59.77000045776367,60.849998474121094,59.45000076293945,59.7400016784668,1044900,0.0,0.0
2024-12-04 00:00:00-05:00,58.9900016784668,60.369998931884766,58.9900016784668,59.900001525878906,1344000,0.0,0.0
2024-12-05 00:00:00-05:00,60.0,60.11000061035156,58.25,58.47999954223633,877400,0.0,0.0
2024-12-06 00:00:00-05:00,58.939998626708984,58.970001220703125,56.90999984741211,57.54999923706055,1216900,0.0,0.0
2024-12-09 00:00:00-05:00,58.65999984741211,58.939998626708984,56.56999969482422,56.689998626708984,1455000,0.0,0.0
2024-12-10 00:00:00-05:00,57.04999923706055,58.290000915527344,56.22999954223633,57.09000015258789,1565400,0.0,0.0
2024-12-11 00:00:00-05:00,57.290000915527344,58.11000061035156,57.02000045776367,57.279998779296875,1261200,0.0,0.0
2024-12-12 00:00:00-05:00,56.900001525878906,57.529998779296875,55.970001220703125,56.0099983215332,850100,0.0,0.0
2024-12-13 00:00:00-05:00,55.91999816894531,56.939998626708984,55.459999084472656,56.5,1214500,0.0,0.0
2024-12-16 00:00:00-05:00,56.5099983215332,57.20000076293945,56.34000015258789,56.529998779296875,1589600,0.0,0.0
2024-12-17 00:00:00-05:00,55.9900016784668,56.41999816894531,55.02000045776367,55.25,1714800,0.0,0.0
2024-12-18 00:00:00-05:00,55.54999923706055,56.779998779296875,53.779998779296875,54.209999084472656,2066900,0.0,0.0
2024-12-19 00:00:00-05:00,54.25,55.290000915527344,53.84000015258789,54.22999954223633,2142900,0.0,0.0
2024-12-20 00:00:00-05:00,53.689998626708984,55.25,53.369998931884766,54.459999084472656,6678400,0.0,0.0
2024-12-23 00:00:00-05:00,54.33000183105469,55.400001525878906,53.970001220703125,55.22999954223633,1118700,0.0,0.0
2024-12-24 00:00:00-05:00,55.22999954223633,55.81999969482422,54.93000030517578,55.81999969482422,433200,0.0,0.0
2024-12-26 00:00:00-05:00,55.4900016784668,56.22999954223633,55.25,56.13999938964844,735500,0.0,0.0
2024-12-27 00:00:00-05:00,55.58000183105469,56.310001373291016,55.0,55.45000076293945,749700,0.0,0.0
2024-12-30 00:00:00-05:00,54.86000061035156,55.220001220703125,54.0,54.869998931884766,917100,0.0,0.0
2024-12-31 00:00:00-05:00,55.13999938964844,55.459999084472656,54.91999816894531,55.040000915527344,988300,0.0,0.0
2025-01-02 00:00:00-05:00,55.4900016784668,56.2400016784668,55.0,55.029998779296875,1394500,0.0,0.0
2025-01-03 00:00:00-05:00,55.13999938964844,56.470001220703125,55.13999938964844,56.11000061035156,1578500,0.0,0.0
2025-01-06 00:00:00-05:00,57.06999969482422,57.41999816894531,55.83000183105469,56.31999969482422,1509300,0.0,0.0
2025-01-07 00:00:00-05:00,56.38999938964844,56.81999969482422,54.84000015258789,55.52000045776367,904000,0.0,0.0
2025-01-08 00:00:00-05:00,55.45000076293945,55.689998626708984,54.810001373291016,55.58000183105469,1438400,0.0,0.0
2025-01-10 00:00:00-05:00,55.130001068115234,55.540000915527344,54.650001525878906,55.09000015258789,1166700,0.0,0.0
2025-01-13 00:00:00-05:00,54.61000061035156,55.380001068115234,54.4900016784668,55.0,1424800,0.0,0.0
2025-01-14 00:00:00-05:00,55.81999969482422,56.70000076293945,55.560001373291016,56.4900016784668,1316100,0.0,0.0
2025-01-15 00:00:00-05:00,57.68000030517578,58.150001525878906,57.060001373291016,57.099998474121094,849900,0.0,0.0
2025-01-16 00:00:00-05:00,57.16999816894531,57.7400016784668,56.77000045776367,57.470001220703125,560400,0.0,0.0
2025-01-17 00:00:00-05:00,58.08000183105469,58.2400016784668,57.060001373291016,57.18000030517578,954100,0.0,0.0
2025-01-21 00:00:00-05:00,58.27000045776367,59.16999816894531,57.959999084472656,58.470001220703125,1005600,0.0,0.0
2025-01-22 00:00:00-05:00,58.66999816894531,58.75,57.400001525878906,57.459999084472656,603500,0.0,0.0
2025-01-23 00:00:00-05:00,57.66999816894531,59.27000045776367,57.56999969482422,58.97999954223633,890000,0.0,0.0
2025-01-24 00:00:00-05:00,59.369998931884766,59.45000076293945,58.02000045776367,58.560001373291016,914800,0.0,0.0
2025-01-27 00:00:00-05:00,57.68000030517578,57.689998626708984,55.93000030517578,56.290000915527344,1105100,0.0,0.0
2025-01-28 00:00:00-05:00,57.220001220703125,58.060001373291016,56.2400016784668,57.93000030517578,2724600,0.0,0.0
2025-01-29 00:00:00-05:00,58.099998474121094,60.470001220703125,58.099998474121094,60.220001220703125,2010400,0.0,0.0
2025-01-30 00:00:00-05:00,60.16999816894531,60.20000076293945,57.5,57.790000915527344,1872900,0.0,0.0
2025-01-31 00:00:00-05:00,58.0,58.560001373291016,57.040000915527344,57.09000015258789,1539600,0.0,0.0
2025-02-03 00:00:00-05:00,56.2400016784668,58.2599983215332,55.13999938964844,57.959999084472656,2400700,0.0,0.0
2025-02-04 00:00:00-05:00,64.01000213623047,66.0,61.65999984741211,63.720001220703125,4645900,0.0,0.0
2025-02-05 00:00:00-05:00,64.16999816894531,65.86000061035156,62.66999816894531,65.86000061035156,2070200,0.0,0.0
2025-02-06 00:00:00-05:00,66.5199966430664,66.80000305175781,62.7400016784668,63.5099983215332,2335100,0.0,0.0
2025-02-07 00:00:00-05:00,64.0,64.55000305175781,62.41999816894531,62.7599983215332,1654700,0.0,0.0
2025-02-10 00:00:00-05:00,63.959999084472656,64.18000030517578,62.75,63.209999084472656,1413200,0.0,0.0
2025-02-11 00:00:00-05:00,63.459999084472656,63.720001220703125,61.599998474121094,61.86000061035156,1291000,0.0,0.0
2025-02-12 00:00:00-05:00,61.209999084472656,61.93000030517578,60.27000045776367,60.779998779296875,2045800,0.0,0.0
2025-02-13 00:00:00-05:00,60.779998779296875,61.58000183105469,59.279998779296875,61.22999954223633,1511300,0.0,0.0
2025-02-14 00:00:00-05:00,61.84000015258789,62.08000183105469,60.81999969482422,61.040000915527344,1293700,0.0,0.0
2025-02-18 00:00:00-05:00,61.59000015258789,62.7599983215332,61.060001373291016,62.15999984741211,1387700,0.0,0.0
2025-02-19 00:00:00-05:00,61.779998779296875,62.88999938964844,61.349998474121094,61.41999816894531,1194400,0.0,0.0
2025-02-20 00:00:00-05:00,61.310001373291016,62.40999984741211,60.599998474121094,60.90999984741211,1149900,0.0,0.0
2025-02-21 00:00:00-05:00,61.29999923706055,61.40999984741211,57.47999954223633,58.029998779296875,1150700,0.0,0.0
2025-02-24 00:00:00-05:00,58.47999954223633,58.59000015258789,56.900001525878906,57.150001525878906,1545200,0.0,0.0
2025-02-25 00:00:00-05:00,56.83000183105469,58.150001525878906,55.77000045776367,56.31999969482422,1644100,0.0,0.0
2025-02-26 00:00:00-05:00,56.849998474121094,57.7599983215332,56.45000076293945,56.72999954223633,1596100,0.0,0.0
2025-02-27 00:00:00-05:00,56.54999923706055,57.869998931884766,56.220001220703125,56.90999984741211,1869900,0.0,0.0
2025-02-28 00:00:00-05:00,56.7400016784668,58.27000045776367,56.68000030517578,58.15999984741211,1604500,0.0,0.0
2025-03-03 00:00:00-05:00,59.70000076293945,60.720001220703125,57.459999084472656,57.810001373291016,2617300,0.0,0.0
2025-03-04 00:00:00-05:00,56.540000915527344,57.369998931884766,53.79999923706055,56.220001220703125,2089200,0.0,0.0
2025-03-05 00:00:00-05:00,56.36000061035156,58.0099983215332,56.31999969482422,57.849998474121094,1159600,0.0,0.0
2025-03-06 00:00:00-05:00,57.20000076293945,58.40999984741211,56.59000015258789,57.2400016784668,1341400,0.0,0.0
2025-03-07 00:00:00-05:00,56.65999984741211,57.2400016784668,52.36000061035156,55.2599983215332,2230300,0.0,0.0
2025-03-10 00:00:00-04:00,53.060001373291016,53.97999954223633,49.68000030517578,51.04999923706055,3341000,0.0,0.0
2025-03-11 00:00:00-04:00,50.93000030517578,52.849998474121094,49.61000061035156,51.88999938964844,3553100,0.0,0.0
2025-03-12 00:00:00-04:00,52.599998474121094,53.90999984741211,50.810001373291016,50.959999084472656,2743000,0.0,0.0
2025-03-13 00:00:00-04:00,50.900001525878906,51.099998474121094,49.54999923706055,50.0,1956100,0.0,0.0
2025-03-14 00:00:00-04:00,50.58000183105469,51.779998779296875,50.150001525878906,51.47999954223633,1272400,0.0,0.0
2025-03-17 00:00:00-04:00,51.2400016784668,51.93000030517578,50.959999084472656,51.380001068115234,1162400,0.0,0.0
2025-03-18 00:00:00-04:00,50.86000061035156,51.29999923706055,49.900001525878906,50.66999816894531,1409700,0.0,0.0
2025-03-19 00:00:00-04:00,50.900001525878906,52.63999938964844,50.7400016784668,52.34000015258789,2552300,0.0,0.0
2025-03-20 00:00:00-04:00,51.56999969482422,52.79999923706055,51.56999969482422,52.27000045776367,1578800,0.0,0.0
2025-03-21 00:00:00-04:00,51.689998626708984,52.75,51.08000183105469,52.040000915527344,25961500,0.0,0.0
2025-03-24 00:00:00-04:00,53.18000030517578,54.38999938964844,53.0099983215332,54.189998626708984,2061700,0.0,0.0
2025-03-25 00:00:00-04:00,54.0,55.439998626708984,54.0,54.2400016784668,1731400,0.0,0.0
2025-03-26 00:00:00-04:00,54.47999954223633,54.9900016784668,53.869998931884766,54.0,1736200,0.0,0.0
2025-03-27 00:00:00-04:00,53.58000183105469,53.959999084472656,52.2599983215332,52.7400016784668,975900,0.0,0.0
2025-03-28 00:00:00-04:00,52.18000030517578,52.439998626708984,50.630001068115234,50.959999084472656,1275600,0.0,0.0
2025-03-31 00:00:00-04:00,49.810001373291016,52.13999938964844,49.06999969482422,52.029998779296875,1998900,0.0,0.0
2025-04-01 00:00:00-04:00,51.900001525878906,52.66999816894531,50.52000045776367,52.599998474121094,1659700,0.0,0.0
2025-04-02 00:00:00-04:00,51.599998474121094,54.060001373291016,51.599998474121094,53.959999084472656,1488100,0.0,0.0
2025-04-03 00:00:00-04:00,50.5099983215332,51.310001373291016,48.83000183105469,48.880001068115234,3025500,0.0,0.0
2025-04-04 00:00:00-04:00,46.59000015258789,47.36000061035156,42.45000076293945,43.0,3384700,0.0,0.0
2025-04-07 00:00:00-04:00,41.0,44.689998626708984,39.22999954223633,42.529998779296875,3337200,0.0,0.0
2025-04-08 00:00:00-04:00,44.130001068115234,45.959999084472656,41.290000915527344,41.970001220703125,2362900,0.0,0.0
2025-04-09 00:00:00-04:00,42.06999969482422,49.31999969482422,41.43000030517578,48.65999984741211,2953900,0.0,0.0
2025-04-10 00:00:00-04:00,46.689998626708984,48.16999816894531,45.08000183105469,46.380001068115234,1748500,0.0,0.0
2025-04-11 00:00:00-04:00,46.18000030517578,47.380001068115234,44.970001220703125,46.72999954223633,1507000,0.0,0.0
2025-04-14 00:00:00-04:00,47.72999954223633,48.93000030517578,46.84000015258789,47.630001068115234,1037200,0.0,0.0
2025-04-15 00:00:00-04:00,45.68000030517578,48.25,45.68000030517578,47.22999954223633,1199800,0.0,0.0
2025-04-16 00:00:00-04:00,46.900001525878906,47.58000183105469,44.90999984741211,45.720001220703125,2460500,0.0,0.0
2025-04-17 00:00:00-04:00,45.810001373291016,46.40999984741211,45.349998474121094,45.5,2070700,0.0,0.0
2025-04-21 00:00:00-04:00,45.20000076293945,45.45000076293945,43.959999084472656,44.29999923706055,1893700,0.0,0.0
2025-04-22 00:00:00-04:00,45.060001373291016,46.150001525878906,44.4900016784668,45.61000061035156,1364800,0.0,0.0
2025-04-23 00:00:00-04:00,48.560001373291016,51.45000076293945,48.400001525878906,50.40999984741211,2661600,0.0,0.0
2025-04-24 00:00:00-04:00,50.63999938964844,52.58000183105469,50.369998931884766,52.45000076293945,1428900,0.0,0.0
2025-04-25 00:00:00-04:00,52.11000061035156,53.20000076293945,52.11000061035156,53.09000015258789,1178100,0.0,0.0
2025-04-28 00:00:00-04:00,53.439998626708984,54.79999923706055,53.189998626708984,53.849998474121094,1948900,0.0,0.0
2025-04-29 00:00:00-04:00,53.400001525878906,54.369998931884766,53.31999969482422,53.77000045776367,1895200,0.0,0.0
2025-04-30 00:00:00-04:00,52.25,54.709999084472656,51.79999923706055,54.380001068115234,3141700,0.0,0.0
2025-05-01 00:00:00-04:00,58.5,62.66999816894531,57.27000045776367,62.2400016784668,5171900,0.0,0.0
2025-05-02 00:00:00-04:00,62.810001373291016,66.9000015258789,62.40999984741211,66.56999969482422,4011900,0.0,0.0
2025-05-05 00:00:00-04:00,66.0,68.08000183105469,64.97000122070312,67.37999725341797,2830500,0.0,0.0
2025-05-06 00:00:00-04:00,66.55999755859375,68.87000274658203,66.20999908447266,68.80000305175781,1935400,0.0,0.0
2025-05-07 00:00:00-04:00,68.7699966430664,70.37000274658203,68.62999725341797,69.76000213623047,2154200,0.0,0.0
2025-05-08 00:00:00-04:00,70.4000015258789,72.33000183105469,69.7300033569336,71.05999755859375,2989900,0.0,0.0
2025-05-09 00:00:00-04:00,71.48999786376953,71.55000305175781,69.80000305175781,71.45999908447266,1926200,0.0,0.0
2025-05-12 00:00:00-04:00,75.26000213623047,75.26000213623047,72.33000183105469,73.4000015258789,2197900,0.0,0.0
2025-05-13 00:00:00-04:00,73.61000061035156,75.16999816894531,73.19999694824219,73.93000030517578,1917000,0.0,0.0
2025-05-14 00:00:00-04:00,74.33000183105469,75.62999725341797,73.95999908447266,75.06999969482422,2069700,0.0,0.0
2025-05-15 00:00:00-04:00,74.06999969482422,75.48999786376953,74.01000213623047,75.0199966430664,1509000,0.0,0.0
2025-05-16 00:00:00-04:00,75.0,76.31999969482422,74.52999877929688,76.27999877929688,1431200,0.0,0.0
2025-05-19 00:00:00-04:00,75.25,76.73999786376953,75.23999786376953,76.58000183105469,1264700,0.0,0.0
2025-05-20 00:00:00-04:00,75.79000091552734,76.16999816894531,74.83000183105469,76.16000366210938,1817800,0.0,0.0
2025-05-21 00:00:00-04:00,75.25,76.44999694824219,74.5999984741211,75.16999816894531,1939400,0.0,0.0
2025-05-22 00:00:00-04:00,74.7300033569336,75.55000305175781,74.38999938964844,75.1500015258789,2002600,0.0,0.0
2025-05-23 00:00:00-04:00,74.05999755859375,76.23999786376953,73.8499984741211,75.63999938964844,1775800,0.0,0.0
2025-05-27 00:00:00-04:00,76.37000274658203,79.54000091552734,76.16999816894531,79.47000122070312,1813600,0.0,0.0
2025-05-28 00:00:00-04:00,80.0,80.68000030517578,79.22000122070312,79.93000030517578,2133400,0.0,0.0
2025-05-29 00:00:00-04:00,80.01000213623047,80.06999969482422,77.9000015258789,79.76000213623047,1933100,0.0,0.0
2025-05-30 00:00:00-04:00,79.47000122070312,79.80999755859375,78.41000366210938,79.63999938964844,1669300,0.0,0.0
2025-06-02 00:00:00-04:00,80.05999755859375,80.81999969482422,79.36000061035156,80.7699966430664,1762800,0.0,0.0
2025-06-03 00:00:00-04:00,81.20999908447266,82.05999755859375,80.80999755859375,81.91999816894531,2306000,0.0,0.0
2025-06-04 00:00:00-04:00,81.86000061035156,83.48999786376953,81.4000015258789,82.9800033569336,2340800,0.0,0.0
2025-06-05 00:00:00-04:00,83.01000213623047,84.13999938964844,82.33999633789062,82.76000213623047,1710100,0.0,0.0
2025-06-06 00:00:00-04:00,83.6500015258789,84.27999877929688,83.19999694824219,84.0,1287300,0.0,0.0
2025-06-09 00:00:00-04:00,84.76000213623047,85.66999816894531,84.20999908447266,84.58000183105469,1365800,0.0,0.0
2025-06-10 00:00:00-04:00,84.80999755859375,85.12999725341797,82.30999755859375,82.66000366210938,3096700,0.0,0.0
2025-06-11 00:00:00-04:00,82.62000274658203,84.55999755859375,81.66999816894531,83.88999938964844,1901200,0.0,0.0
2025-06-12 00:00:00-04:00,82.12000274658203,84.52999877929688,81.5199966430664,84.12999725341797,2117200,0.0,0.0
2025-06-13 00:00:00-04:00,83.11000061035156,85.6500015258789,82.55000305175781,84.97000122070312,1975600,0.0,0.0
2025-06-16 00:00:00-04:00,85.66999816894531,86.4000015258789,85.04000091552734,85.16000366210938,1829800,0.0,0.0
2025-06-17 00:00:00-04:00,85.16000366210938,85.94000244140625,84.41000366210938,84.69999694824219,1444700,0.0,0.0
2025-06-18 00:00:00-04:00,84.76000213623047,84.77999877929688,81.7300033569336,82.18000030517578,2636100,0.0,0.0
2025-06-20 00:00:00-04:00,82.63999938964844,82.80000305175781,81.2699966430664,82.5,6229200,0.0,0.0
2025-06-23 00:00:00-04:00,82.04000091552734,83.55000305175781,81.37999725341797,83.44999694824219,1868100,0.0,0.0
2025-06-24 00:00:00-04:00,84.01000213623047,84.36000061035156,82.18000030517578,84.12000274658203,1620300,0.0,0.0
2025-06-25 00:00:00-04:00,84.47000122070312,84.7699966430664,82.8499984741211,82.98999786376953,1151300,0.0,0.0
2025-06-26 00:00:00-04:00,84.94000244140625,85.93000030517578,84.16000366210938,85.68000030517578,1569900,0.0,0.0
2025-06-27 00:00:00-04:00,86.0,87.27999877929688,85.6500015258789,86.80000305175781,2590800,0.0,0.0
2025-06-30 00:00:00-04:00,87.0,87.75,86.20999908447266,86.33999633789062,1665600,0.0,0.0
2025-07-01 00:00:00-04:00,85.83000183105469,86.27999877929688,83.05000305175781,83.88999938964844,1839000,0.0,0.0
2025-07-02 00:00:00-04:00,84.80999755859375,85.69000244140625,84.19000244140625,85.62000274658203,1328300,0.0,0.0
2025-07-03 00:00:00-04:00,85.94000244140625,87.43000030517578,85.86000061035156,86.8499984741211,1115400,0.0,0.0
2025-07-07 00:00:00-04:00,86.83999633789062,88.43000030517578,86.31999969482422,87.56999969482422,1229600,0.0,0.0
2025-07-08 00:00:00-04:00,87.91000366210938,88.5,85.63999938964844,87.83000183105469,1379300,0.0,0.0
2025-07-09 00:00:00-04:00,88.66999816894531,88.76000213623047,87.19999694824219,87.80000305175781,1789500,0.0,0.0
2025-07-10 00:00:00-04:00,88.30999755859375,88.66999816894531,87.04000091552734,88.05000305175781,1161600,0.0,0.0
2025-07-11 00:00:00-04:00,87.95999908447266,89.4800033569336,87.47000122070312,89.30999755859375,1222400,0.0,0.0
2025-07-14 00:00:00-04:00,89.01000213623047,91.73999786376953,89.01000213623047,90.58999633789062,2153900,0.0,0.0
2025-07-15 00:00:00-04:00,91.20999908447266,91.22000122070312,89.45999908447266,89.88999938964844,1561100,0.0,0.0
2025-07-16 00:00:00-04:00,90.2699966430664,90.33000183105469,88.58999633789062,89.77999877929688,1294200,0.0,0.0
2025-07-17 00:00:00-04:00,90.0999984741211,93.02999877929688,89.83000183105469,92.56999969482422,1511800,0.0,0.0
2025-07-18 00:00:00-04:00,92.5999984741211,93.75,92.58000183105469,93.41000366210938,1230200,0.0,0.0
2025-07-21 00:00:00-04:00,93.5,93.98999786376953,92.45999908447266,92.83000183105469,1227700,0.0,0.0
2025-07-22 00:00:00-04:00,92.33000183105469,92.69999694824219,89.62000274658203,92.45999908447266,1736800,0.0,0.0
2025-07-23 00:00:00-04:00,93.0199966430664,94.87000274658203,93.0199966430664,94.08999633789062,1067600,0.0,0.0
2025-07-24 00:00:00-04:00,94.0,94.80999755859375,92.94000244140625,93.2699966430664,1766600,0.0,0.0
2025-07-25 00:00:00-04:00,93.77999877929688,95.16999816894531,93.30999755859375,94.98999786376953,858200,0.0,0.0
2025-07-28 00:00:00-04:00,96.0,96.19999694824219,94.69999694824219,95.5199966430664,1791600,0.0,0.0
2025-07-29 00:00:00-04:00,95.9000015258789,96.13999938964844,93.94000244140625,94.11000061035156,1667600,0.0,0.0
2025-07-30 00:00:00-04:00,94.41999816894531,95.41000366210938,93.91999816894531,94.23999786376953,3268900,0.0,0.0
2025-07-31 00:00:00-04:00,85.25,86.93000030517578,76.19999694824219,76.94000244140625,8394600,0.0,0.0
2025-08-01 00:00:00-04:00,75.48999786376953,77.05000305175781,74.0,76.72000122070312,3713000,0.0,0.0
2025-08-04 00:00:00-04:00,77.62000274658203,78.73999786376953,75.01000213623047,75.63999938964844,2963200,0.0,0.0
2025-08-05 00:00:00-04:00,76.58000183105469,77.0,73.7699966430664,74.47000122070312,3036300,0.0,0.0
2025-08-06 00:00:00-04:00,74.3499984741211,75.16000366210938,73.43000030517578,74.47000122070312,2390100,0.0,0.0
2025-08-07 00:00:00-04:00,74.94000244140625,75.41000366210938,72.58000183105469,73.73999786376953,1901100,0.0,0.0
2025-08-08 00:00:00-04:00,75.69999694824219,75.69999694824219,72.52999877929688,73.04000091552734,1725600,0.0,0.0
2025-08-11 00:00:00-04:00,73.08999633789062,73.43000030517578,72.19000244140625,72.91999816894531,1986400,0.0,0.0
2025-08-12 00:00:00-04:00,74.01000213623047,75.6500015258789,73.08999633789062,75.4800033569336,1804700,0.0,0.0
2025-08-13 00:00:00-04:00,76.08000183105469,76.58999633789062,72.91000366210938,75.31999969482422,2446700,0.0,0.0
2025-08-14 00:00:00-04:00,75.05000305175781,75.19999694824219,73.83999633789062,74.0199966430664,1648300,0.0,0.0
2025-08-15 00:00:00-04:00,73.7699966430664,73.91999816894531,71.80999755859375,72.45999908447266,1936900,0.0,0.0
2025-08-18 00:00:00-04:00,72.62000274658203,73.0,71.4800033569336,72.55999755859375,1840400,0.0,0.0
2025-08-19 00:00:00-04:00,72.25,72.77999877929688,71.5,72.05000305175781,2005300,0.0,0.0
2025-08-20 00:00:00-04:00,71.86000061035156,71.93000030517578,70.41999816894531,71.33999633789062,1286200,0.0,0.0
2025-08-21 00:00:00-04:00,70.93000030517578,72.72000122070312,70.8499984741211,71.80000305175781,1058400,0.0,0.0
2025-08-22 00:00:00-04:00,71.94000244140625,74.0,71.94000244140625,73.70999908447266,1756800,0.0,0.0
2025-08-25 00:00:00-04:00,73.48999786376953,74.44000244140625,73.0,73.16999816894531,1002500,0.0,0.0
2025-08-26 00:00:00-04:00,73.56999969482422,76.87999725341797,73.0999984741211,76.4800033569336,3047600,0.0,0.0
2025-08-27 00:00:00-04:00,76.4000015258789,77.33999633789062,76.26000213623047,76.76000213623047,1837100,0.0,0.0
2025-08-28 00:00:00-04:00,76.86000061035156,78.58000183105469,76.76000213623047,78.47000122070312,1369800,0.0,0.0
2025-08-29 00:00:00-04:00,78.54000091552734,78.95999908447266,76.58999633789062,77.54000091552734,2165300,0.0,0.0
2025-09-02 00:00:00-04:00,76.25,78.7699966430664,75.5199966430664,78.36000061035156,1799400,0.0,0.0
2025-09-03 00:00:00-04:00,78.38999938964844,79.13999938964844,74.58000183105469,76.51000213623047,1786600,0.0,0.0
2025-09-04 00:00:00-04:00,76.26000213623047,77.69000244140625,75.79000091552734,77.16000366210938,1359700,0.0,0.0
2025-09-05 00:00:00-04:00,77.51000213623047,77.93000030517578,75.02999877929688,77.62999725341797,1820800,0.0,0.0
2025-09-08 00:00:00-04:00,77.93000030517578,78.22000122070312,76.68000030517578,77.5,1714100,0.0,0.0
2025-09-09 00:00:00-04:00,77.5199966430664,77.93000030517578,74.44999694824219,74.87999725341797,1424000,0.0,0.0
2025-09-10 00:00:00-04:00,75.4800033569336,77.23999786376953,75.36000061035156,76.38999938964844,2156500,0.0,0.0
2025-09-11 00:00:00-04:00,76.4800033569336,76.68000030517578,75.25,75.9800033569336,1531500,0.0,0.0
2025-09-12 00:00:00-04:00,76.43000030517578,76.91999816894531,75.56999969482422,76.13999938964844,1374500,0.0,0.0
2025-09-15 00:00:00-04:00,76.26000213623047,77.48999786376953,75.61000061035156,77.44999694824219,1452200,0.0,0.0
2025-09-16 00:00:00-04:00,78.5,79.5,77.43000030517578,79.47000122070312,1681900,0.0,0.0
2025-09-17 00:00:00-04:00,79.93000030517578,80.51000213623047,77.26000213623047,78.44000244140625,1271200,0.0,0.0
2025-09-18 00:00:00-04:00,78.69999694824219,81.0199966430664,78.31999969482422,80.4800033569336,1389400,0.0,0.0
2025-09-19 00:00:00-04:00,80.4800033569336,80.87000274658203,78.81999969482422,80.7300033569336,3266600,0.0,0.0
2025-09-22 00:00:00-04:00,80.33000183105469,80.55999755859375,79.08000183105469,79.87000274658203,1099900,0.0,0.0
2025-09-23 00:00:00-04:00,79.7699966430664,80.30999755859375,77.72000122070312,78.08999633789062,1615100,0.0,0.0
2025-09-24 00:00:00-04:00,78.69000244140625,78.98999786376953,76.9800033569336,77.01000213623047,1013100,0.0,0.0
2025-09-25 00:00:00-04:00,76.23999786376953,77.80000305175781,75.0199966430664,77.41000366210938,1509700,0.0,0.0
2025-09-26 00:00:00-04:00,78.62999725341797,83.48999786376953,77.63999938964844,82.80999755859375,2604400,0.0,0.0
2025-09-29 00:00:00-04:00,83.38999938964844,84.61000061035156,76.77999877929688,79.26000213623047,4271200,0.0,0.0
2025-09-30 00:00:00-04:00,79.36000061035156,81.63999938964844,79.30000305175781,81.33999633789062,1972900,0.0,0.0
2025-10-01 00:00:00-04:00,80.33000183105469,83.0999984741211,80.33000183105469,83.01000213623047,1143000,0.0,0.0
2025-10-02 00:00:00-04:00,83.12999725341797,83.86000061035156,80.6500015258789,82.5199966430664,1117700,0.0,0.0
2025-10-03 00:00:00-04:00,83.0999984741211,83.0999984741211,80.91000366210938,81.27999877929688,1121800,0.0,0.0
2025-10-06 00:00:00-04:00,82.0,84.91000366210938,81.9000015258789,83.66999816894531,1780400,0.0,0.0
2025-10-07 00:00:00-04:00,83.93000030517578,83.93000030517578,81.56999969482422,83.51000213623047,1207700,0.0,0.0
2025-10-08 00:00:00-04:00,83.08000183105469,84.18000030517578,82.79000091552734,83.93000030517578,795800,0.0,0.0
2025-10-09 00:00:00-04:00,84.3499984741211,84.5999984741211,82.05999755859375,82.27999877929688,734600,0.0,0.0
2025-10-10 00:00:00-04:00,82.2699966430664,82.69999694824219,79.72000122070312,80.04000091552734,1049100,0.0,0.0
2025-10-13 00:00:00-04:00,81.69999694824219,83.2300033569336,81.04000091552734,82.9800033569336,1048500,0.0,0.0
2025-10-14 00:00:00-04:00,81.80000305175781,84.87999725341797,80.87999725341797,84.77999877929688,1138900,0.0,0.0
2025-10-15 00:00:00-04:00,85.87000274658203,86.31999969482422,82.51000213623047,83.31999969482422,1515100,0.0,0.0
2025-10-16 00:00:00-04:00,83.81999969482422,83.97000122070312,80.02999877929688,81.22000122070312,1098700,0.0,0.0
2025-10-17 00:00:00-04:00,80.26000213623047,81.0199966430664,79.29000091552734,80.33000183105469,1347000,0.0,0.0
2025-10-20 00:00:00-04:00,81.80000305175781,82.12000274658203,79.76000213623047,81.41000366210938,927400,0.0,0.0
2025-10-21 00:00:00-04:00,81.47000122070312,84.45999908447266,81.47000122070312,84.31999969482422,1525800,0.0,0.0
2025-10-22 00:00:00-04:00,84.41999816894531,84.80000305175781,81.33999633789062,82.16000366210938,1194300,0.0,0.0
2025-10-23 00:00:00-04:00,83.16000366210938,89.75,83.1500015258789,89.55000305175781,2890400,0.0,0.0
2025-10-24 00:00:00-04:00,90.0,91.08000183105469,89.19999694824219,89.25,1666900,0.0,0.0
2025-10-27 00:00:00-04:00,91.37000274658203,91.98999786376953,90.0,91.70999908447266,2362800,0.0,0.0
2025-10-28 00:00:00-04:00,99.4000015258789,103.63999938964844,97.44000244140625,98.52999877929688,3802700,0.0,0.0
2025-10-29 00:00:00-04:00,100.0,103.61000061035156,98.12999725341797,103.0,2414400,0.0,0.0
2025-10-30 00:00:00-04:00,103.27999877929688,103.43000030517578,100.69999694824219,101.18000030517578,2261000,0.0,0.0
2025-10-31 00:00:00-04:00,101.51000213623047,101.51000213623047,97.73999786376953,98.97000122070312,1880400,0.0,0.0
2025-11-03 00:00:00-05:00,99.06999969482422,99.91999816894531,97.58000183105469,98.61000061035156,1530600,0.0,0.0
2025-11-04 00:00:00-05:00,96.06999969482422,98.29000091552734,94.97000122070312,96.0199966430664,1211300,0.0,0.0
2025-11-05 00:00:00-05:00,95.80000305175781,97.56999969482422,95.0199966430664,96.48999786376953,1171200,0.0,0.0
2025-11-06 00:00:00-05:00,96.72000122070312,97.08999633789062,95.5199966430664,96.20999908447266,1198300,0.0,0.0
2025-11-07 00:00:00-05:00,95.05999755859375,97.72000122070312,93.87000274658203,97.6500015258789,1216900,0.0,0.0
2025-11-10 00:00:00-05:00,98.79000091552734,99.0,95.9800033569336,98.0999984741211,948200,0.0,0.0
2025-11-11 00:00:00-05:00,97.98999786376953,98.3499984741211,96.04000091552734,97.91000366210938,863200,0.0,0.0
2025-11-12 00:00:00-05:00,98.08999633789062,99.80000305175781,97.4000015258789,99.08000183105469,1312400,0.0,0.0
2025-11-13 00:00:00-05:00,100.9800033569336,101.11000061035156,97.51000213623047,98.55999755859375,1085100,0.0,0.0
2025-11-14 00:00:00-05:00,96.04000091552734,100.41000366210938,95.19999694824219,99.37000274658203,1170300,0.0,0.0
2025-11-17 00:00:00-05:00,99.63999938964844,101.51000213623047,98.22000122070312,98.75,1366500,0.0,0.0
2025-11-18 00:00:00-05:00,97.7699966430664,99.30000305175781,96.51000213623047,98.18000030517578,1068100,0.0,0.0
2025-11-19 00:00:00-05:00,97.61000061035156,100.6500015258789,97.36000061035156,98.12000274658203,1456000,0.0,0.0
2025-11-20 00:00:00-05:00,100.0,100.5,93.91999816894531,94.80000305175781,1347300,0.0,0.0
2025-11-21 00:00:00-05:00,94.80000305175781,97.16000366210938,93.11000061035156,96.47000122070312,1264000,0.0,0.0
2025-11-24 00:00:00-05:00,96.41999816894531,97.69000244140625,95.31999969482422,97.62999725341797,1150700,0.0,0.0
2025-11-25 00:00:00-05:00,97.87999725341797,99.37000274658203,95.13999938964844,99.29000091552734,1373400,0.0,0.0
2025-11-26 00:00:00-05:00,99.37000274658203,101.23999786376953,98.69000244140625,100.30000305175781,1425200,0.0,0.0
2025-11-28 00:00:00-05:00,101.80999755859375,101.80999755859375,99.94000244140625,100.80000305175781,402300,0.0,0.0
2025-12-01 00:00:00-05:00,99.51000213623047,100.18000030517578,98.2300033569336,99.13999938964844,1112400,0.0,0.0
2025-12-02 00:00:00-05:00,99.91999816894531,100.02999877929688,98.22000122070312,98.66000366210938,602400,0.0,0.0
2025-12-03 00:00:00-05:00,99.16000366210938,100.6500015258789,97.13999938964844,98.37000274658203,1248100,0.0,0.0
2025-12-04 00:00:00-05:00,98.08000183105469,100.45999908447266,97.5999984741211,100.4000015258789,1141700,0.0,0.0
2025-12-05 00:00:00-05:00,101.26000213623047,101.26000213623047,99.0,100.41000366210938,906500,0.0,0.0
2025-12-08 00:00:00-05:00,99.5,102.66999816894531,99.16000366210938,99.63999938964844,1925900,0.0,0.0
2025-12-09 00:00:00-05:00,99.5999984741211,101.08000183105469,98.0999984741211,99.41999816894531,1756600,0.0,0.0
2025-12-10 00:00:00-05:00,100.0999984741211,105.72000122070312,99.43000030517578,104.7300033569336,3188500,0.0,0.0
2025-12-11 00:00:00-05:00,105.62999725341797,111.22000122070312,105.01000213623047,110.6500015258789,3033600,0.0,0.0
2025-12-12 00:00:00-05:00,110.72000122070312,110.79000091552734,107.9000015258789,108.95999908447266,1834200,0.0,0.0
2025-12-15 00:00:00-05:00,109.0,110.8499984741211,107.75,108.72000122070312,1696600,0.0,0.0
2025-12-16 00:00:00-05:00,107.8499984741211,109.2699966430664,107.0999984741211,108.66000366210938,1416800,0.0,0.0
2025-12-17 00:00:00-05:00,108.62000274658203,110.41000366210938,107.33000183105469,107.88999938964844,1155500,0.0,0.0
2025-12-18 00:00:00-05:00,109.22000122070312,110.70999908447266,108.1500015258789,109.76000213623047,1335700,0.0,0.0
2025-12-19 00:00:00-05:00,111.2699966430664,113.56999969482422,110.86000061035156,113.27999877929688,3276800,0.0,0.0
2025-12-22 00:00:00-05:00,114.80000305175781,116.72000122070312,114.0,115.76000213623047,1751500,0.0,0.0
2025-12-23 00:00:00-05:00,115.12000274658203,116.94999694824219,114.0,116.20999908447266,822600,0.0,0.0
2025-12-24 00:00:00-05:00,116.83999633789062,117.4800033569336,116.0199966430664,116.63999938964844,455300,0.0,0.0
2025-12-26 00:00:00-05:00,116.63999938964844,117.36000061035156,115.0,116.94999694824219,479600,0.0,0.0
2025-12-29 00:00:00-05:00,116.16000366210938,117.08999633789062,115.79000091552734,116.62999725341797,580900,0.0,0.0
2025-12-30 00:00:00-05:00,116.94000244140625,117.47000122070312,115.91000366210938,116.16999816894531,735700,0.0,0.0
2025-12-31 00:00:00-05:00,116.72000122070312,116.72000122070312,114.62000274658203,114.76000213623047,969100,0.0,0.0
2026-01-02 00:00:00-05:00,115.33999633789062,119.43000030517578,114.75,119.19999694824219,843000,0.0,0.0
2026-01-05 00:00:00-05:00,120.0,122.56999969482422,119.5999984741211,119.9000015258789,1343300,0.0,0.0
2026-01-06 00:00:00-05:00,119.91999816894531,121.41999816894531,116.23999786376953,120.86000061035156,2053700,0.0,0.0
2026-01-07 00:00:00-05:00,121.91000366210938,122.5,120.25,120.83999633789062,1328200,0.0,0.0
2026-01-08 00:00:00-05:00,123.0,123.95999908447266,115.80000305175781,118.58999633789062,1914800,0.0,0.0
2026-01-09 00:00:00-05:00,120.5,124.91999816894531,119.5,122.30000305175781,1103500,0.0,0.0
2026-01-12 00:00:00-05:00,123.9000015258789,124.8499984741211,122.58999633789062,123.45999908447266,1232200,0.0,0.0
2026-01-13 00:00:00-05:00,124.68000030517578,125.44999694824219,123.19999694824219,124.41999816894531,1176800,0.0,0.0
2026-01-14 00:00:00-05:00,124.58999633789062,124.77999877929688,120.68000030517578,123.23999786376953,1549500,0.0,0.0
2026-01-15 00:00:00-05:00,125.5199966430664,127.11000061035156,124.79000091552734,125.38999938964844,1336500,0.0,0.0
2026-01-16 00:00:00-05:00,125.63999938964844,126.4800033569336,124.0,124.3499984741211,1163500,0.0,0.0
2026-01-20 00:00:00-05:00,124.04000091552734,125.91999816894531,122.02999877929688,123.27999877929688,1662200,0.0,0.0
2026-01-21 00:00:00-05:00,123.94999694824219,124.83000183105469,122.11000061035156,124.66999816894531,1399100,0.0,0.0
2026-01-22 00:00:00-05:00,125.62999725341797,126.01000213623047,122.13999938964844,123.11000061035156,1061600,0.0,0.0
2026-01-23 00:00:00-05:00,123.56999969482422,124.37999725341797,122.5999984741211,123.55000305175781,1428600,0.0,0.0
2026-01-26 00:00:00-05:00,123.55999755859375,124.19000244140625,121.0,123.36000061035156,1195600,0.0,0.0
2026-01-27 00:00:00-05:00,123.36000061035156,125.9000015258789,122.44999694824219,124.1500015258789,886200,0.0,0.0
2026-01-28 00:00:00-05:00,124.25,124.76000213623047,121.44000244140625,121.72000122070312,1959000,0.0,0.0
2026-01-29 00:00:00-05:00,121.69999694824219,123.11000061035156,117.19000244140625,121.72000122070312,2713600,0.0,0.0
2026-01-30 00:00:00-05:00,120.22000122070312,124.5,119.62000274658203,120.30000305175781,1955200,0.0,0.0
2026-02-02 00:00:00-05:00,119.44000244140625,121.80999755859375,119.12000274658203,121.7699966430664,2543300,0.0,0.0
2026-02-03 00:00:00-05:00,128.0,137.0,122.5999984741211,128.33999633789062,5326100,0.0,0.0
2026-02-04 00:00:00-05:00,129.0500030517578,129.27999877929688,123.30999755859375,127.5,4149000,0.0,0.0
2026-02-05 00:00:00-05:00,125.88999938964844,132.9199981689453,125.5,128.6699981689453,2853900,0.0,0.0
2026-02-06 00:00:00-05:00,130.58999633789062,135.67999267578125,130.58999633789062,133.57000732421875,2442700,0.0,0.0
2026-02-09 00:00:00-05:00,134.91000366210938,136.75999450683594,133.1999969482422,135.66000366210938,1697000,0.0,0.0
2026-02-10 00:00:00-05:00,135.89999389648438,137.74000549316406,133.72999572753906,137.0399932861328,1969600,0.0,0.0
2026-02-11 00:00:00-05:00,138.77999877929688,139.75,134.8300018310547,138.72000122070312,1870900,0.0,0.0
2026-02-12 00:00:00-05:00,140.0,144.5,137.75999450683594,139.80999755859375,2482500,0.0,0.0
2026-02-13 00:00:00-05:00,139.13999938964844,143.97999572753906,139.13999938964844,143.92999267578125,2251700,0.0,0.0
2026-02-17 00:00:00-05:00,143.4600067138672,146.94000244140625,143.1199951171875,146.75,2010800,0.0,0.0
2026-02-18 00:00:00-05:00,147.83999633789062,149.0800018310547,146.85000610351562,148.57000732421875,1909500,0.0,0.0
2026-02-19 00:00:00-05:00,150.5399932861328,153.75,149.63999938964844,152.83999633789062,2563200,0.0,0.0
2026-02-20 00:00:00-05:00,152.47000122070312,158.99000549316406,151.9499969482422,158.8699951171875,3259800,0.0,0.0
2026-02-23 00:00:00-05:00,157.3000030517578,159.8300018310547,156.5,159.27000427246094,2618900,0.0,0.0
2026-02-24 00:00:00-05:00,158.11000061035156,162.0,157.07000732421875,161.0399932861328,2792500,0.0,0.0
2026-02-25 00:00:00-05:00,161.6999969482422,164.25999450683594,159.1999969482422,160.02000427246094,2575600,0.0,0.0
2026-02-26 00:00:00-05:00,160.9600067138672,163.58999633789062,157.82000732421875,163.5500030517578,1750600,0.0,0.0
2026-02-27 00:00:00-05:00,161.97000122070312,163.88999938964844,158.9199981689453,163.58999633789062,2107400,0.0,0.0
2026-03-02 00:00:00-05:00,163.3000030517578,168.13999938964844,159.86000061035156,166.4199981689453,2090100,0.0,0.0
2026-03-03 00:00:00-05:00,162.30999755859375,162.50999450683594,154.5,156.9600067138672,3011500,0.0,0.0
2026-03-04 00:00:00-05:00,159.57000732421875,161.9600067138672,157.60000610351562,161.82000732421875,1663000,0.0,0.0
2026-03-05 00:00:00-05:00,159.89999389648438,161.0,151.39999389648438,154.17999267578125,2391300,0.0,0.0
2026-03-06 00:00:00-05:00,150.80999755859375,152.3300018310547,148.10000610351562,150.08999633789062,3059300,0.0,0.0
2026-03-09 00:00:00-04:00,150.1699981689453,156.9199981689453,148.0,156.6999969482422,2520300,0.0,0.0
2026-03-10 00:00:00-04:00,156.2899932861328,162.5399932861328,156.2899932861328,158.97000122070312,1876100,0.0,0.0
2026-03-11 00:00:00-04:00,157.02999877929688,159.6999969482422,154.94000244140625,157.47000122070312,872900,0.0,0.0
2026-03-12 00:00:00-04:00,156.1300048828125,156.1300048828125,143.22000122070312,146.10000610351562,3360900,0.0,0.0
2026-03-13 00:00:00-04:00,148.05999755859375,149.22000122070312,139.88999938964844,141.97000122070312,2033900,0.0,0.0
2026-03-16 00:00:00-04:00,144.89999389648438,148.4600067138672,144.89999389648438,147.47999572753906,1652700,0.0,0.0
2026-03-17 00:00:00-04:00,148.25999450683594,149.60000610351562,147.07000732421875,148.8300018310547,1697700,0.0,0.0
2026-03-18 00:00:00-04:00,149.02000427246094,152.0,148.6999969482422,149.63999938964844,1266100,0.0,0.0
2026-03-19 00:00:00-04:00,144.75999450683594,149.05999755859375,141.8800048828125,147.5399932861328,1705600,0.0,0.0
2026-03-20 00:00:00-04:00,145.7899932861328,148.07000732421875,139.8300018310547,141.8000030517578,3402200,0.0,0.0
2026-03-23 00:00:00-04:00,146.0,151.82000732421875,145.69000244140625,146.3800048828125,1645800,0.0,0.0
2026-03-24 00:00:00-04:00,145.82000732421875,151.50999450683594,144.47999572753906,149.58999633789062,2957300,0.0,0.0
2026-03-25 00:00:00-04:00,152.0,152.1199951171875,148.4600067138672,149.0,2240100,0.0,0.0
2026-03-26 00:00:00-04:00,146.39999389648438,147.7899932861328,142.47000122070312,143.94000244140625,1840200,0.0,0.0
2026-03-27 00:00:00-04:00,141.89999389648438,143.5,139.94000244140625,140.42999267578125,1499800,0.0,0.0
2026-03-30 00:00:00-04:00,142.41000366210938,142.5399932861328,135.47999572753906,135.5,2015100,0.0,0.0
2026-03-31 00:00:00-04:00,139.72999572753906,146.17999267578125,137.22000122070312,145.4600067138672,2756400,0.0,0.0
2026-04-01 00:00:00-04:00,150.3000030517578,155.41000366210938,149.89999389648438,151.25,3420300,0.0,0.0
2026-04-02 00:00:00-04:00,147.16000366210938,152.30999755859375,146.0,146.6300048828125,2211900,0.0,0.0
2026-04-06 00:00:00-04:00,147.47000122070312,149.0500030517578,145.4499969482422,147.9600067138672,977500,0.0,0.0
2026-04-07 00:00:00-04:00,147.25999450683594,149.61000061035156,145.88999938964844,147.27999877929688,1067000,0.0,0.0
2026-04-08 00:00:00-04:00,157.52000427246094,159.4600067138672,155.24000549316406,156.38999938964844,2657600,0.0,0.0
2026-04-09 00:00:00-04:00,156.8000030517578,163.3000030517578,156.02000427246094,159.6300048828125,1879800,0.0,0.0
2026-04-10 00:00:00-04:00,159.1999969482422,162.25999450683594,158.00999450683594,162.2100067138672,1270900,0.0,0.0
2026-04-13 00:00:00-04:00,162.10000610351562,164.22999572753906,160.6699981689453,163.77999877929688,968600,0.0,0.0
2026-04-14 00:00:00-04:00,165.0,165.27999877929688,162.57000732421875,163.02999877929688,895200,0.0,0.0
2026-04-15 00:00:00-04:00,162.89999389648438,163.85000610351562,156.6699981689453,156.8300018310547,2291500,0.0,0.0
2026-04-16 00:00:00-04:00,156.80999755859375,158.52000427246094,154.38999938964844,155.8300018310547,1609700,0.0,0.0
2026-04-17 00:00:00-04:00,160.07000732421875,165.02999877929688,160.07000732421875,164.66000366210938,1782000,0.0,0.0
2026-04-20 00:00:00-04:00,162.88999938964844,164.6999969482422,160.0,164.05999755859375,1046500,0.0,0.0
2026-04-21 00:00:00-04:00,164.1199951171875,166.61000061035156,157.52000427246094,158.9499969482422,1798900,0.0,0.0
2026-04-22 00:00:00-04:00,160.9600067138672,161.38999938964844,148.0399932861328,153.3000030517578,2297000,0.0,0.0
2026-04-23 00:00:00-04:00,154.9199981689453,157.5,149.8000030517578,154.0500030517578,2729300,0.0,0.0
2026-04-24 00:00:00-04:00,153.75,155.3699951171875,149.72000122070312,154.25999450683594,2011300,0.0,0.0
2026-04-27 00:00:00-04:00,154.8000030517578,154.99000549316406,149.50999450683594,153.4499969482422,1227200,0.0,0.0
2026-04-28 00:00:00-04:00,152.39999389648438,154.85000610351562,149.69000244140625,151.6999969482422,1233700,0.0,0.0
2026-04-29 00:00:00-04:00,155.0,155.0500030517578,142.35000610351562,146.22999572753906,2908700,0.0,0.0
2026-04-30 00:00:00-04:00,146.42999267578125,155.72000122070312,146.38999938964844,155.4600067138672,2241200,0.0,0.0
2026-05-01 00:00:00-04:00,157.13999938964844,158.30999755859375,151.82000732421875,155.25999450683594,1465400,0.0,0.0
2026-05-04 00:00:00-04:00,154.85000610351562,155.61000061035156,152.3699951171875,153.88999938964844,1353400,0.0,0.0
2026-05-05 00:00:00-04:00,156.75999450683594,157.0,153.0,155.35000610351562,1268600,0.0,0.0
2026-05-06 00:00:00-04:00,160.17999267578125,165.22999572753906,159.0,165.0800018310547,2704100,0.0,0.0
2026-05-07 00:00:00-04:00,169.72999572753906,171.11000061035156,161.4600067138672,162.66000366210938,3406500,0.0,0.0
2026-05-08 00:00:00-04:00,164.5800018310547,164.5800018310547,156.61000061035156,158.38999938964844,2594300,0.0,0.0
2026-05-11 00:00:00-04:00,156.0,161.44000244140625,153.02999877929688,161.16000366210938,1397600,0.0,0.0
2026-05-12 00:00:00-04:00,159.92999267578125,162.39999389648438,156.8000030517578,161.00999450683594,1268700,0.0,0.0
2026-05-13 00:00:00-04:00,161.32000732421875,166.9600067138672,159.02000427246094,164.8300018310547,1987200,0.0,0.0
2026-05-14 00:00:00-04:00,166.0,167.39999389648438,162.38999938964844,162.57000732421875,1101500,0.0,0.0
2026-05-15 00:00:00-04:00,159.3000030517578,160.69000244140625,154.02000427246094,154.22000122070312,1369900,0.0,0.0
2026-05-18 00:00:00-04:00,156.52999877929688,157.02999877929688,148.86000061035156,149.6199951171875,1686000,0.0,0.0
2026-05-19 00:00:00-04:00,149.1300048828125,151.92999267578125,146.33999633789062,150.44000244140625,1749100,0.0,0.0
2026-05-20 00:00:00-04:00,152.44000244140625,155.07000732421875,151.11000061035156,153.72999572753906,1673700,0.0,0.0
2026-05-21 00:00:00-04:00,153.0,161.42999267578125,150.82000732421875,160.41000366210938,1561400,0.0,0.0
2026-05-22 00:00:00-04:00,161.05999755859375,164.3699951171875,159.11000061035156,162.2899932861328,1681700,0.0,0.0
2026-05-26 00:00:00-04:00,165.0,169.6999969482422,164.0,168.75999450683594,1910900,0.0,0.0
2026-05-27 00:00:00-04:00,169.33999633789062,171.41000366210938,165.0,169.83999633789062,1550400,0.0,0.0
2026-05-28 00:00:00-04:00,169.24000549316406,170.9499969482422,167.25999450683594,170.52999877929688,1030100,0.0,0.0
2026-05-29 00:00:00-04:00,171.0,177.27000427246094,170.86000061035156,175.16000366210938,3088800,0.0,0.0
2026-06-01 00:00:00-04:00,172.14999389648438,181.02000427246094,170.7899932861328,178.97999572753906,1788400,0.0,0.0
2026-06-02 00:00:00-04:00,177.39999389648438,183.3000030517578,176.52999877929688,178.47999572753906,1414400,0.0,0.0
2026-06-03 00:00:00-04:00,176.50999450683594,181.86000061035156,174.9499969482422,179.94000244140625,1724500,0.0,0.0
2026-06-04 00:00:00-04:00,177.24000549316406,182.33999633789062,176.47000122070312,181.10000610351562,1181100,0.0,0.0
2026-06-05 00:00:00-04:00,178.1999969482422,182.5,175.66000366210938,177.47000122070312,1274400,0.0,0.0
2026-06-08 00:00:00-04:00,178.6999969482422,180.97000122070312,176.5399932861328,180.13999938964844,957700,0.0,0.0
2026-06-09 00:00:00-04:00,183.25999450683594,189.6999969482422,177.33999633789062,187.1300048828125,2210300,0.0,0.0
2026-06-10 00:00:00-04:00,184.67999267578125,190.3300018310547,182.63999938964844,183.3699951171875,2222300,0.0,0.0
2026-06-11 00:00:00-04:00,186.9600067138672,199.57000732421875,185.88999938964844,199.5,2594800,0.0,0.0
2026-06-12 00:00:00-04:00,200.47000122070312,203.60000610351562,194.5,198.47999572753906,2787900,0.0,0.0
2026-06-15 00:00:00-04:00,202.80999755859375,202.80999755859375,195.0,195.80999755859375,1963100,0.0,0.0
2026-06-16 00:00:00-04:00,197.22000122070312,199.0500030517578,194.7100067138672,196.30999755859375,1551700,0.0,0.0
2026-06-17 00:00:00-04:00,196.7899932861328,201.5399932861328,195.0,196.86000061035156,1504100,0.0,0.0
2026-06-18 00:00:00-04:00,200.0399932861328,202.85000610351562,196.3699951171875,201.33999633789062,3100700,0.0,0.0
2026-06-22 00:00:00-04:00,202.47999572753906,205.30999755859375,200.0,204.08999633789062,1584200,0.0,0.0
2026-06-23 00:00:00-04:00,197.47999572753906,204.5800018310547,194.64999389648438,199.60000610351562,1646500,0.0,0.0
2026-06-24 00:00:00-04:00,197.2100067138672,202.5,195.5,197.58999633789062,1873400,0.0,0.0
2026-06-25 00:00:00-04:00,200.5500030517578,204.5,197.19000244140625,199.5,1639500,0.0,0.0
2026-06-26 00:00:00-04:00,197.69000244140625,198.9499969482422,193.2899932861328,197.39999389648438,5621600,0.0,0.0
2026-06-29 00:00:00-04:00,195.05999755859375,199.9499969482422,194.57000732421875,197.7100067138672,1479600,0.0,0.0
2026-06-30 00:00:00-04:00,199.1999969482422,200.72999572753906,194.6699981689453,197.10000610351562,1435500,0.0,0.0
2026-07-01 00:00:00-04:00,195.13999938964844,196.5500030517578,191.08999633789062,192.1699981689453,1260800,0.0,0.0
2026-07-02 00:00:00-04:00,193.5,195.63999938964844,184.5,188.10000610351562,1307600,0.0,0.0
2026-07-06 00:00:00-04:00,189.39999389648438,194.39999389648438,189.25999450683594,192.05999755859375,1219300,0.0,0.0
2026-07-07 00:00:00-04:00,188.1300048828125,191.39999389648438,178.7100067138672,183.25999450683594,1658100,0.0,0.0
2026-07-08 00:00:00-04:00,180.77999877929688,185.88999938964844,179.05999755859375,185.60000610351562,1352700,0.0,0.0
2026-07-09 00:00:00-04:00,189.47000122070312,191.72000122070312,188.0399932861328,188.36000061035156,821000,0.0,0.0
2026-07-10 00:00:00-04:00,187.97000122070312,188.49000549316406,183.27999877929688,187.0399932861328,644800,0.0,0.0
2026-07-13 00:00:00-04:00,185.0500030517578,187.52000427246094,183.0500030517578,183.75,1164200,0.0,0.0
2026-07-14 00:00:00-04:00,188.25999450683594,195.0,186.4600067138672,189.44000244140625,1699300,0.0,0.0
2026-07-15 00:00:00-04:00,189.35000610351562,194.00999450683594,188.1199951171875,193.58999633789062,2015800,0.0,0.0
2026-07-16 00:00:00-04:00,189.47000122070312,191.88999938964844,182.58999633789062,185.50999450683594,1694700,0.0,0.0
2026-07-17 00:00:00-04:00,180.8000030517578,188.33999633789062,177.0,186.1699981689453,1224900,0.0,0.0
2026-07-20 00:00:00-04:00,188.9600067138672,190.42999267578125,184.1199951171875,186.24000549316406,1448700,0.0,0.0
2026-07-21 00:00:00-04:00,189.35000610351562,197.5399932861328,186.63999938964844,197.2100067138672,1396500,0.0,0.0
2026-07-22 00:00:00-04:00,195.00999450683594,198.8800048828125,194.0,195.58999633789062,938800,0.0,0.0
2026-07-23 00:00:00-04:00,194.0,199.97999572753906,191.25,199.83999633789062,1486100,0.0,0.0
2026-07-24 00:00:00-04:00,200.0,204.3000030517578,196.6699981689453,197.8000030517578,1255300,0.0,0.0
2026-07-27 00:00:00-04:00,199.36000061035156,200.88999938964844,187.22999572753906,192.63999938964844,1349200,0.0,0.0
2026-07-28 00:00:00-04:00,190.99000549316406,191.1300048828125,183.0500030517578,186.99000549316406,1567200,0.0,0.0
2026-07-29 00:00:00-04:00,184.72999572753906,188.1300048828125,174.77000427246094,177.9199981689453,2386500,0.0,0.0
2026-07-30 00:00:00-04:00,179.4199981689453,184.58999633789062,175.0,181.89999389648438,1719900,0.0,0.0
2026-07-31 00:00:00-04:00,185.42999267578125,190.47999572753906,183.22000122070312,187.44000244140625,1156900,0.0,0.0
2026-08-03 00:00:00-04:00,184.8800048828125,193.5399932861328,183.5399932861328,193.1199951171875,975200,0.0,0.0
2026-08-04 00:00:00-04:00,198.02000427246094,201.38999938964844,194.77999877929688,200.14999389648438,1461400,0.0,0.0
2026-08-05 00:00:00-04:00,204.14999389648438,208.7100067138672,202.69000244140625,205.11000061035156,3012100,0.0,0.0
2026-08-06 00:00:00-04:00,219.99000549316406,236.97999572753906,219.99000549316406,223.42999267578125,3138000,0.0,0.0
2026-08-07 00:00:00-04:00,223.25,230.35000610351562,221.8300018310547,227.83999633789062,1810234,0.0,0.0
