Date,Open,High,Low,Close,Volume,Dividends,Stock Splits
2007-02-12 00:00:00-05:00,5.885271490148491,6.005379149500853,5.885271490148491,5.909293174743652,744900,0.0,0.0
2007-02-13 00:00:00-05:00,6.013387978948658,6.013387978948658,5.973351955413818,5.973351955413818,518100,0.0,0.0
2007-02-14 00:00:00-05:00,5.98135819542039,5.98135819542039,5.9253082275390625,5.9253082275390625,33100,0.0,0.0
2007-02-15 00:00:00-05:00,5.9253082275390625,5.9253082275390625,5.9253082275390625,5.9253082275390625,7300,0.0,0.0
2007-02-16 00:00:00-05:00,5.933315277099609,5.933315277099609,5.933315277099609,5.933315277099609,25700,0.0,0.0
2007-02-20 00:00:00-05:00,5.941321849822998,5.941321849822998,5.925307520651443,5.941321849822998,4500,0.0,0.0
2007-02-21 00:00:00-05:00,5.949329853057861,5.949329853057861,5.949329853057861,5.949329853057861,6000,0.0,0.0
2007-02-22 00:00:00-05:00,5.957336889703184,5.957336889703184,5.909293896457001,5.9253082275390625,14000,0.0,0.0
2007-02-23 00:00:00-05:00,5.957336889703184,5.957336889703184,5.917300871092147,5.9253082275390625,27100,0.0,0.0
2007-02-26 00:00:00-05:00,5.9253082275390625,5.941322558621123,5.89327956537494,5.9253082275390625,123100,0.0,0.0
2007-02-27 00:00:00-05:00,5.9253082275390625,5.9253082275390625,5.9253082275390625,5.9253082275390625,0,0.0,0.0
2007-02-28 00:00:00-05:00,5.917300224304199,5.917300224304199,5.917300224304199,5.917300224304199,100,0.0,0.0
2007-03-01 00:00:00-05:00,5.917301091630018,5.941322780054284,5.877265453338623,5.877265453338623,500,0.0,0.0
2007-03-02 00:00:00-05:00,5.853243741309875,5.861251098022934,5.813208103179932,5.813208103179932,11600,0.0,0.0
2007-03-05 00:00:00-05:00,5.8852722581569346,5.8852722581569346,5.861250952238796,5.869257926940918,29000,0.0,0.0
2007-03-06 00:00:00-05:00,5.909293971079064,5.933315277099609,5.909293971079064,5.933315277099609,70300,0.0,0.0
2007-03-07 00:00:00-05:00,5.917300165159802,5.941321849822998,5.869257177645136,5.941321849822998,112900,0.0,0.0
2007-03-08 00:00:00-05:00,5.9253082275390625,5.941322558621123,5.917300871092147,5.9253082275390625,466200,0.0,0.0
2007-03-09 00:00:00-05:00,5.925307367516303,5.965342998504639,5.925307367516303,5.965342998504639,4700,0.0,0.0
2007-03-12 00:00:00-04:00,5.965343152674469,5.965343152674469,5.941321849822998,5.941321849822998,16000,0.0,0.0
2007-03-13 00:00:00-04:00,5.941321849822998,5.941321849822998,5.941321849822998,5.941321849822998,50000,0.0,0.0
2007-03-14 00:00:00-04:00,5.925307520651443,5.965343152674469,5.885271506816691,5.941321849822998,188000,0.0,0.0
2007-03-15 00:00:00-04:00,5.965343939668187,5.965343939668187,5.933315277099609,5.933315277099609,5600,0.0,0.0
2007-03-16 00:00:00-04:00,5.957337209935206,5.957337209935206,5.941322877992307,5.949329853057861,1800,0.0,0.0
2007-03-19 00:00:00-04:00,5.957336178994554,5.957336178994554,5.925307520651443,5.941321849822998,67900,0.0,0.0
2007-03-20 00:00:00-04:00,5.941322558621123,5.957336889703184,5.9253082275390625,5.9253082275390625,152100,0.0,0.0
2007-03-21 00:00:00-04:00,5.965342998504639,5.965342998504639,5.925307367516303,5.965342998504639,47600,0.0,0.0
2007-03-22 00:00:00-04:00,5.965342998504639,5.997371656019993,5.94132169627398,5.965342998504639,55500,0.0,0.0
2007-03-23 00:00:00-04:00,5.96534246529109,5.997371119943556,5.925306837881348,5.989364147186279,36000,0.0,0.0
2007-03-26 00:00:00-04:00,5.965342998504639,5.965342998504639,5.965342998504639,5.965342998504639,900,0.0,0.0
2007-03-27 00:00:00-04:00,5.9413226336476415,5.95733696493193,5.933315277099609,5.933315277099609,66400,0.0,0.0
2007-03-28 00:00:00-04:00,5.965342998504639,5.965342998504639,5.965342998504639,5.965342998504639,5100,0.0,0.0
2007-03-29 00:00:00-04:00,5.933314543674394,6.101465192279975,5.909293240623155,6.037407875061035,274800,0.0,0.0
2007-03-30 00:00:00-04:00,6.037409287620108,6.085452286774826,5.949330264930551,5.973351955413818,626100,0.0,0.0
2007-04-02 00:00:00-04:00,5.981356792617323,6.021392801838745,5.925306837881348,5.989364147186279,179400,0.0,0.0
2007-04-03 00:00:00-04:00,5.949328669746961,5.965342998504639,5.949328669746961,5.965342998504639,58500,0.0,0.0
2007-04-04 00:00:00-04:00,5.965343864338329,5.965343864338329,5.9253082275390625,5.9253082275390625,119600,0.0,0.0
2007-04-05 00:00:00-04:00,5.933315521114962,5.949329853057861,5.917301189172064,5.949329853057861,73700,0.0,0.0
2007-04-09 00:00:00-04:00,5.941321849822998,6.045415180343972,5.933314494331358,5.941321849822998,83600,0.0,0.0
2007-04-10 00:00:00-04:00,5.933314340989284,6.013386366589385,5.933314340989284,5.965342998504639,310100,0.0,0.0
2007-04-11 00:00:00-04:00,5.973351955413818,6.005380621516963,5.957337622362246,5.973351955413818,638200,0.0,0.0
2007-04-12 00:00:00-04:00,5.957336685221708,6.005379676818848,5.933314998517259,6.005379676818848,149900,0.0,0.0
2007-04-13 00:00:00-04:00,5.997371656019993,5.997371656019993,5.925307367516303,5.965342998504639,164800,0.0,0.0
2007-04-16 00:00:00-04:00,5.997371656019993,6.005379011304689,5.957336025031657,5.965342998504639,37800,0.0,0.0
2007-04-17 00:00:00-04:00,5.957335492533814,6.005378474512512,5.949328137964857,5.989364147186279,53500,0.0,0.0
2007-04-18 00:00:00-04:00,5.965343152674469,5.973350508166109,5.941321849822998,5.941321849822998,36700,0.0,0.0
2007-04-19 00:00:00-04:00,5.933314265208525,5.965342922314807,5.933314265208525,5.957335948944092,54200,0.0,0.0
2007-04-20 00:00:00-04:00,5.957335492533814,6.045414483733935,5.933313810638625,5.989364147186279,95000,0.0,0.0
2007-04-23 00:00:00-04:00,5.981358270952475,5.981358270952475,5.925308302363352,5.933315277099609,12500,0.0,0.0
2007-04-24 00:00:00-04:00,5.925307612400416,5.989364930078518,5.925307612400416,5.981357574462891,35400,0.0,0.0
2007-04-25 00:00:00-04:00,6.085450684084287,6.165522328254136,6.061429381739191,6.149507999420166,524700,0.0,0.0
2007-04-26 00:00:00-04:00,6.109472827065525,6.125487157102178,6.069436811068017,6.1174798011779785,338600,0.0,0.0
2007-04-27 00:00:00-04:00,6.109472504851236,6.125486834043292,6.0854508201572886,6.09345817565918,238600,0.0,0.0
2007-04-30 00:00:00-04:00,6.093458897365803,6.10947322845459,6.045415904099443,6.10947322845459,124000,0.0,0.0
2007-05-01 00:00:00-04:00,6.109472827065525,6.1174798011779785,6.045415506918909,6.1174798011779785,44100,0.0,0.0
2007-05-02 00:00:00-04:00,6.101465859051545,6.165523183270705,6.045415891265664,6.077444553375244,308300,0.0,0.0
2007-05-03 00:00:00-04:00,6.069438384116131,6.085452718303303,6.045417073741294,6.061431407928467,57000,0.0,0.0
2007-05-04 00:00:00-04:00,6.077444553375244,6.085451527996755,6.037408534832384,6.077444553375244,102600,0.0,0.0
2007-05-07 00:00:00-04:00,6.0534223754315155,6.0534223754315155,6.02940107170145,6.04541540145874,54200,0.0,0.0
2007-05-08 00:00:00-04:00,6.037408583962208,6.045415940460647,6.005379921591992,6.0213942527771,61200,0.0,0.0
2007-05-09 00:00:00-04:00,6.0133867263793945,6.061429715526911,6.005379370615607,6.0133867263793945,40400,0.0,0.0
2007-05-10 00:00:00-04:00,6.005379370615607,6.061429715526911,6.005379370615607,6.0133867263793945,91800,0.0,0.0
2007-05-11 00:00:00-04:00,6.045416110811171,6.06943741735983,6.021394422450729,6.029401779174805,39900,0.0,0.0
2007-05-14 00:00:00-04:00,6.021394422450729,6.037408754087096,6.013387447538437,6.029401779174805,102200,0.0,0.0
2007-05-15 00:00:00-04:00,6.013387447538437,6.037408754087096,6.005380090814362,6.029401779174805,80000,0.0,0.0
2007-05-16 00:00:00-04:00,6.037409715741785,6.061431407928467,6.00538104736744,6.061431407928467,112700,0.0,0.0
2007-05-17 00:00:00-04:00,6.0534223754315155,6.0614297312160295,6.02940107170145,6.04541540145874,151800,0.0,0.0
2007-05-18 00:00:00-04:00,6.0454154769465305,6.077444136861044,6.013386817032016,6.053422451019287,382300,0.0,0.0
2007-05-21 00:00:00-04:00,6.037408045674226,6.077444060973319,6.037408045674226,6.04541540145874,19600,0.0,0.0
2007-05-22 00:00:00-04:00,6.03740784903629,6.133493824450514,6.03740784903629,6.125486850738525,69200,0.0,0.0
2007-05-23 00:00:00-04:00,6.15751510665087,6.293637087160988,6.085450438895702,6.133493423461914,73300,0.0,0.0
2007-05-24 00:00:00-04:00,6.125487126732815,6.221573106476357,6.03740812106203,6.053422451019287,40200,0.0,0.0
2007-05-25 00:00:00-04:00,6.085450927999165,6.181536904854268,6.077443954167107,6.165522575378418,32200,0.0,0.0
2007-05-29 00:00:00-04:00,6.189544012410949,6.205558341244919,6.12548669707507,6.149507999420166,15900,0.0,0.0
2007-05-30 00:00:00-04:00,6.12548734161694,6.1815373075277185,6.093458680578849,6.157516002655029,19200,0.0,0.0
2007-05-31 00:00:00-04:00,6.2055585899739105,6.2055585899739105,6.085450927999165,6.165522575378418,21700,0.0,0.0
2007-06-01 00:00:00-04:00,6.173530615727667,6.2135666347635485,6.085451602935791,6.085451602935791,18500,0.0,0.0
2007-06-04 00:00:00-04:00,6.085450438895702,6.165522079839389,6.045414809329709,6.133493423461914,17900,0.0,0.0
2007-06-05 00:00:00-04:00,6.093458884430034,6.101465859051545,6.045415891265664,6.077444553375244,36200,0.0,0.0
2007-06-06 00:00:00-04:00,6.0534214814590515,6.189543455199317,6.04541450866875,6.141500473022461,68700,0.0,0.0
2007-06-07 00:00:00-04:00,6.101465192279975,6.101465192279975,6.029400901314531,6.037407875061035,36400,0.0,0.0
2007-06-08 00:00:00-04:00,6.029402739554121,6.077445742115639,6.013388405366949,6.061431407928467,48100,0.0,0.0
2007-06-11 00:00:00-04:00,6.037407875061035,6.109472547838207,6.037407875061035,6.037407875061035,17100,0.0,0.0
2007-06-12 00:00:00-04:00,6.029400901314531,6.08545086297524,6.005379216451566,6.037407875061035,171800,0.0,0.0
2007-06-13 00:00:00-04:00,6.03740783258112,6.1655224661175705,6.03740783258112,6.09345817565918,26700,0.0,0.0
2007-06-14 00:00:00-04:00,6.125487050245187,6.165522683732542,6.02940107170145,6.04541540145874,120500,0.0,0.0
2007-06-15 00:00:00-04:00,6.141501163235349,6.141501163235349,6.045415188083011,6.09345817565918,234200,0.0,0.0
2007-06-18 00:00:00-04:00,6.045417073741294,6.085452718303303,6.045417073741294,6.061431407928467,21800,0.0,0.0
2007-06-19 00:00:00-04:00,6.045415965711684,6.085451602935791,6.037408609179797,6.085451602935791,58900,0.0,0.0
2007-06-20 00:00:00-04:00,6.093458218533472,6.093458218533472,6.005379216451566,6.037407875061035,338600,0.0,0.0
2007-06-21 00:00:00-04:00,6.045415965711684,6.085451602935791,6.037408609179797,6.085451602935791,38600,0.0,0.0
2007-06-22 00:00:00-04:00,6.093457805305138,6.6459527015686035,6.053421793852482,6.6459527015686035,766000,0.0,0.0
2007-06-25 00:00:00-04:00,6.525845081631124,6.53385243715484,6.085450836743402,6.125486850738525,314100,0.0,0.0
2007-06-26 00:00:00-04:00,6.149508890973812,6.1815375532852554,6.101465897506646,6.173530578613281,73300,0.0,0.0
2007-06-27 00:00:00-04:00,6.133493798761141,6.213565826416016,6.133493798761141,6.213565826416016,29700,0.0,0.0
2007-06-28 00:00:00-04:00,6.213565885785547,6.2375871888621495,6.1655225160088865,6.189544200897217,61800,0.0,0.0
2007-06-29 00:00:00-04:00,6.19755114139333,6.205558496917045,6.093458192267117,6.125486850738525,45500,0.0,0.0
2007-07-02 00:00:00-04:00,6.165522821222265,6.197551481451075,6.1254871868421255,6.18153715133667,18600,0.0,0.0
2007-07-03 00:00:00-04:00,6.205558837414152,6.205558837414152,6.141501516956531,6.18153715133667,5000,0.0,0.0
2007-07-05 00:00:00-04:00,6.173529434839607,6.205558091217083,6.125486450273396,6.133493423461914,15900,0.0,0.0
2007-07-06 00:00:00-04:00,6.141501890632163,6.149508865270671,6.093458897365803,6.10947322845459,7500,0.0,0.0
2007-07-09 00:00:00-04:00,6.109473290719675,6.181537590447778,6.061430296963682,6.085451602935791,37700,0.0,0.0
2007-07-10 00:00:00-04:00,6.053422451019287,6.125487126732815,6.0454154769465305,6.053422451019287,63200,0.0,0.0
2007-07-11 00:00:00-04:00,6.045415891265664,6.117480190106335,6.045415891265664,6.077444553375244,29400,0.0,0.0
2007-07-12 00:00:00-04:00,6.109473099077672,6.197551727294922,6.0534227505479805,6.197551727294922,21600,0.0,0.0
2007-07-13 00:00:00-04:00,6.181535905985966,6.181535905985966,6.10146427154541,6.10146427154541,6000,0.0,0.0
2007-07-16 00:00:00-04:00,6.09345729900719,6.1575146065596345,6.069435617769187,6.10146427154541,33500,0.0,0.0
2007-07-17 00:00:00-04:00,6.1174794785414015,6.1815367953096265,6.09345817565918,6.09345817565918,17400,0.0,0.0
2007-07-18 00:00:00-04:00,6.085450836743402,6.125486850738525,6.069436507507699,6.125486850738525,37500,0.0,0.0
2007-07-19 00:00:00-04:00,6.1415019532236705,6.1415019532236705,6.069437271683793,6.085451602935791,89400,0.0,0.0
2007-07-20 00:00:00-04:00,6.069435617769187,6.117478598433521,6.053421290881077,6.10146427154541,108300,0.0,0.0
2007-07-23 00:00:00-04:00,6.109474410489985,6.117481386677649,6.053424049928958,6.061431407928467,13500,0.0,0.0
2007-07-24 00:00:00-04:00,6.053424049928958,6.125488744677158,6.045417073741294,6.061431407928467,79500,0.0,0.0
2007-07-25 00:00:00-04:00,6.085451527996755,6.109473215484824,6.053422865887174,6.077444553375244,30400,0.0,0.0
2007-07-26 00:00:00-04:00,6.053424049928958,6.117481386677649,6.045417073741294,6.061431407928467,88900,0.0,0.0
2007-07-27 00:00:00-04:00,6.061431407928467,6.125488744677158,6.061431407928467,6.061431407928467,107400,0.0,0.0
2007-07-30 00:00:00-04:00,6.061431407928467,6.093460076302812,6.053424049928958,6.061431407928467,118300,0.0,0.0
2007-07-31 00:00:00-04:00,6.10947322845459,6.125487559543377,6.061430235188229,6.10947322845459,55900,0.0,0.0
2007-08-01 00:00:00-04:00,6.093458897365803,6.1174802030930975,6.061430235188229,6.10947322845459,60500,0.0,0.0
2007-08-02 00:00:00-04:00,6.133494349402881,6.149508680009216,6.06143005258025,6.069437026977539,12200,0.0,0.0
2007-08-03 00:00:00-04:00,6.061430296963682,6.109473290719675,6.061430296963682,6.085451602935791,62100,0.0,0.0
2007-08-06 00:00:00-04:00,6.069437026977539,6.109473044399257,6.06143005258025,6.069437026977539,75700,0.0,0.0
2007-08-07 00:00:00-04:00,6.069437209826737,6.157516221720949,6.069437209826737,6.10947322845459,29100,0.0,0.0
2007-08-08 00:00:00-04:00,6.157516198675711,6.261609541269128,6.093458874560306,6.229580879211426,70800,0.0,0.0
2007-08-09 00:00:00-04:00,6.189543763028345,6.245594102594776,6.125486450273396,6.133493423461914,41800,0.0,0.0
2007-08-10 00:00:00-04:00,6.109473290719675,6.173530615727667,6.061430296963682,6.085451602935791,123600,0.0,0.0
2007-08-13 00:00:00-04:00,6.125486834043292,6.1495081369255145,6.077443846467123,6.09345817565918,51100,0.0,0.0
2007-08-14 00:00:00-04:00,6.077444355120436,6.141501677249956,6.005379676818848,6.005379676818848,84500,0.0,0.0
2007-08-15 00:00:00-04:00,6.04541540145874,6.173530039517056,6.04541540145874,6.04541540145874,45200,0.0,0.0
2007-08-16 00:00:00-04:00,6.085450684084287,6.2215726700788885,6.013386395237281,6.149507999420166,135900,0.0,0.0
2007-08-17 00:00:00-04:00,6.165522079839389,6.325665743538463,6.093457793895921,6.133493423461914,129200,0.0,0.0
2007-08-20 00:00:00-04:00,6.149507252209744,6.1575146065596345,6.069435617769187,6.10146427154541,35800,0.0,0.0
2007-08-21 00:00:00-04:00,6.085451602935791,6.125487621971673,6.085451602935791,6.085451602935791,21200,0.0,0.0
2007-08-22 00:00:00-04:00,6.141500279671523,6.1575146065596345,6.085449944657299,6.10146427154541,10500,0.0,0.0
2007-08-23 00:00:00-04:00,6.141501487138832,6.149508461251286,6.061429836955562,6.1174798011779785,12300,0.0,0.0
2007-08-24 00:00:00-04:00,6.133493916426717,6.18954426049806,6.037407939571614,6.165522575378418,15000,0.0,0.0
2007-08-27 00:00:00-04:00,6.133494521161125,6.133494521161125,6.061430222320454,6.077444553375244,6100,0.0,0.0
2007-08-28 00:00:00-04:00,6.069437271683793,6.117480265439787,6.045415965711684,6.085451602935791,119200,0.0,0.0
2007-08-29 00:00:00-04:00,6.1094730110978945,6.157516002655029,6.06143001954076,6.157516002655029,15100,0.0,0.0
2007-08-30 00:00:00-04:00,6.125486850738525,6.157515509209933,6.069436507507699,6.125486850738525,13600,0.0,0.0
2007-08-31 00:00:00-04:00,6.141501705611928,6.141501705611928,6.045415721973915,6.069437026977539,17200,0.0,0.0
2007-09-04 00:00:00-04:00,6.061430296963682,6.125487621971673,6.005379946675802,6.085451602935791,10900,0.0,0.0
2007-09-05 00:00:00-04:00,6.0454154769465305,6.109472796775558,6.0454154769465305,6.053422451019287,25900,0.0,0.0
2007-09-06 00:00:00-04:00,6.085451324413449,6.157516002655029,6.0454156890217146,6.157516002655029,23300,0.0,0.0
2007-09-07 00:00:00-04:00,6.117478791028192,6.141500473022461,6.0534214814590515,6.141500473022461,60500,0.0,0.0
2007-09-10 00:00:00-04:00,6.149508927943782,6.149508927943782,6.061430296963682,6.085451602935791,38200,0.0,0.0
2007-09-11 00:00:00-04:00,6.1094730110978945,6.157516002655029,6.0454156890217146,6.157516002655029,22600,0.0,0.0
2007-09-12 00:00:00-04:00,6.149507252209744,6.149507252209744,6.069435617769187,6.10146427154541,11600,0.0,0.0
2007-09-13 00:00:00-04:00,6.117480190106335,6.141501877594404,6.069437196941964,6.077444553375244,42300,0.0,0.0
2007-09-14 00:00:00-04:00,6.077442972119078,6.109471625895301,6.061428645230968,6.10146427154541,15200,0.0,0.0
2007-09-17 00:00:00-04:00,6.093460076302812,6.093460076302812,6.061431407928467,6.061431407928467,59900,0.0,0.0
2007-09-18 00:00:00-04:00,6.085451518139996,6.2696165158776695,6.061430212502604,6.229580879211426,124400,0.0,0.0
2007-09-19 00:00:00-04:00,6.229580275093552,6.229580275093552,6.165522575378418,6.165522575378418,109900,0.0,0.0
2007-09-20 00:00:00-04:00,6.149508852215915,6.165523183270705,6.053422865887174,6.077444553375244,2822400,0.0,0.0
2007-09-21 00:00:00-04:00,6.0854508201572886,6.221572809195631,6.061429517275067,6.09345817565918,482500,0.0,0.0
2007-09-24 00:00:00-04:00,6.0614297312160295,6.101465364703384,6.04541540145874,6.04541540145874,858300,0.0,0.0
2007-09-25 00:00:00-04:00,6.045415179239539,6.245594484753275,6.045415179239539,6.213565826416016,77600,0.0,0.0
2007-09-26 00:00:00-04:00,6.245595297876866,6.277623960383986,6.19755192230441,6.269616603851318,66100,0.0,0.0
2007-09-27 00:00:00-04:00,6.285630150295868,6.309651835082804,6.213565859558512,6.277623176574707,185000,0.0,0.0
2007-09-28 00:00:00-04:00,6.277623169383576,6.285630143095565,6.085450836743402,6.125486850738525,98600,0.0,0.0
2007-10-01 00:00:00-04:00,6.101465412139688,6.325666412296547,6.093458438104661,6.293637752532959,6868400,0.0,0.0
2007-10-02 00:00:00-04:00,6.309651203150114,6.325665530800274,6.285629520769029,6.3016438484191895,7279200,0.0,0.0
2007-10-03 00:00:00-04:00,6.253601766729844,6.301644756604219,6.0534224513474095,6.205558776855469,716900,0.0,0.0
2007-10-04 00:00:00-04:00,6.2055585236666175,6.245594537834319,5.933314543674394,6.037407875061035,75700,0.0,0.0
2007-10-05 00:00:00-04:00,6.125487157102178,6.1575158171754865,6.045415506918909,6.1174798011779785,159900,0.0,0.0
2007-10-08 00:00:00-04:00,6.101467052490476,6.125488744677158,6.045417073741294,6.061431407928467,27400,0.0,0.0
2007-10-09 00:00:00-04:00,6.061430450209727,6.269616761749098,6.037408761818522,6.245595455169678,86100,0.0,0.0
2007-10-10 00:00:00-04:00,6.205558091217083,6.2215724194058195,6.069436110706964,6.133493423461914,175100,0.0,0.0
2007-10-11 00:00:00-04:00,6.149508646489629,6.2295806808966105,6.093458680578849,6.157516002655029,192100,0.0,0.0
2007-10-12 00:00:00-04:00,6.15751510665087,6.173529434839607,6.085450438895702,6.133493423461914,126600,0.0,0.0
2007-10-15 00:00:00-04:00,6.133493670586196,6.157515354743009,6.085450684084287,6.149507999420166,85500,0.0,0.0
2007-10-16 00:00:00-04:00,6.149508927943782,6.149508927943782,6.069437271683793,6.085451602935791,48600,0.0,0.0
2007-10-17 00:00:00-04:00,6.045415188083011,6.125486834043292,6.029400858890954,6.09345817565918,113200,0.0,0.0
2007-10-18 00:00:00-04:00,6.0694364909652325,6.1174794785414015,6.045415188083011,6.09345817565918,119100,0.0,0.0
2007-10-19 00:00:00-04:00,6.0854510191948,6.117479678626478,5.98135768513598,6.0133867263793945,108300,0.0,0.0
2007-10-22 00:00:00-04:00,5.989365131190259,6.093458466818301,5.989365131190259,6.053422451019287,46100,0.0,0.0
2007-10-23 00:00:00-04:00,6.085451034946095,6.085451034946095,5.941322067130489,6.04541540145874,33100,0.0,0.0
2007-10-24 00:00:00-04:00,6.005379174197007,6.109472504851236,5.80519986839044,6.09345817565918,84500,0.0,0.0
2007-10-25 00:00:00-04:00,6.1174802030930975,6.2455952336151626,6.013387241921869,6.10947322845459,123600,0.0,0.0
2007-10-26 00:00:00-04:00,6.085450836743402,6.205558496917045,6.029400875324302,6.125486850738525,169600,0.0,0.0
2007-10-29 00:00:00-04:00,6.1254873750055925,6.1254873750055925,6.037408365764867,6.069437026977539,57200,0.0,0.0
2007-10-30 00:00:00-04:00,6.053422940431796,6.085451602935791,5.893279627911817,6.085451602935791,88100,0.0,0.0
2007-10-31 00:00:00-04:00,6.045415230619267,6.061429559924002,5.98936488714683,6.037407875061035,77900,0.0,0.0
2007-11-01 00:00:00-04:00,6.005379011304689,6.077443681620094,5.957336025031657,5.965342998504639,244400,0.0,0.0
2007-11-02 00:00:00-04:00,5.989364930078518,6.013386615113673,5.925307612400416,5.981357574462891,98000,0.0,0.0
2007-11-05 00:00:00-05:00,6.005379011304689,6.069436326335398,5.94132169627398,5.965342998504639,370000,0.0,0.0
2007-11-06 00:00:00-05:00,5.94132169627398,6.005379011304689,5.933314340989284,5.965342998504639,151500,0.0,0.0
2007-11-07 00:00:00-05:00,5.9413216203909505,5.973350277497232,5.933314265208525,5.957335948944092,120300,0.0,0.0
2007-11-08 00:00:00-05:00,6.021394422450729,6.029401779174805,5.829222442814325,6.029401779174805,120600,0.0,0.0
2007-11-09 00:00:00-05:00,5.989365373945861,6.069437026977539,5.773171719854452,6.069437026977539,287000,0.0,0.0
2007-11-12 00:00:00-05:00,6.061430271645755,6.061430271645755,5.9893655904068845,6.0213942527771,73100,0.0,0.0
2007-11-13 00:00:00-05:00,6.0454161063118415,6.0454161063118415,5.468899404208139,5.629043102264404,655900,0.0,0.0
2007-11-14 00:00:00-05:00,5.645056815419287,5.725128464768919,5.613028155679435,5.685092449188232,501200,0.0,0.0
2007-11-15 00:00:00-05:00,5.645057031134613,5.693100022580265,5.58099932739532,5.637049674987793,220700,0.0,0.0
2007-11-16 00:00:00-05:00,5.6450570864206275,5.797193036582623,5.6450570864206275,5.765164375305176,182900,0.0,0.0
2007-11-19 00:00:00-05:00,5.765164129302306,5.829221830935582,5.685092479525391,5.749149799346924,229800,0.0,0.0
2007-11-20 00:00:00-05:00,5.749149940903983,5.805200288033782,5.605020967756754,5.6930999755859375,230400,0.0,0.0
2007-11-21 00:00:00-05:00,5.72512940485677,5.765165045199718,5.524950057706616,5.621036052703857,287100,0.0,0.0
2007-11-23 00:00:00-05:00,5.653064717702938,5.67708640735815,5.572993055205236,5.621036052703857,115600,0.0,0.0
2007-11-26 00:00:00-05:00,5.597013937834365,5.637049956947516,5.532956612702744,5.564985275268555,79300,0.0,0.0
2007-11-27 00:00:00-05:00,5.580998401284923,5.637048739576406,5.500926762162583,5.548969745635986,139000,0.0,0.0
2007-11-28 00:00:00-05:00,5.621035035524937,5.629042391231603,5.484913043005492,5.492920398712158,211100,0.0,0.0
2007-11-29 00:00:00-05:00,5.492919923648311,5.500926896850747,5.244697645385582,5.372812271118164,264300,0.0,0.0
2007-11-30 00:00:00-05:00,5.4128485314114805,5.484912820793234,5.3648051627413516,5.388826847076416,85600,0.0,0.0
2007-12-03 00:00:00-05:00,5.388827312776602,5.428863329524365,5.204662322998047,5.204662322998047,89600,0.0,0.0
2007-12-04 00:00:00-05:00,5.164626041275551,5.196654700305808,5.004482746124268,5.004482746124268,362200,0.0,0.0
2007-12-05 00:00:00-05:00,5.044519278360664,5.0605336095187825,4.860354279136404,4.9164042472839355,139400,0.0,0.0
2007-12-06 00:00:00-05:00,4.916403940858612,4.996475591658574,4.852346620218643,4.924411296844482,56800,0.0,0.0
2007-12-07 00:00:00-05:00,4.916403940858612,4.924411296844482,4.796296273752795,4.924411296844482,95700,0.0,0.0
2007-12-10 00:00:00-05:00,4.90839658435897,4.99647520247242,4.764267242333833,4.964446544647217,86100,0.0,0.0
2007-12-11 00:00:00-05:00,5.004483020279096,5.172633680305414,4.9244113683169815,5.084554672241211,368200,0.0,0.0
2007-12-12 00:00:00-05:00,5.204661811048302,5.204661811048302,5.052525496907946,5.140604496002197,112500,0.0,0.0
2007-12-13 00:00:00-05:00,5.124590671314274,5.300748305018575,5.11658331524002,5.204662322998047,113600,0.0,0.0
2007-12-14 00:00:00-05:00,5.148611294274443,6.165522090556073,5.148611294274443,5.372812271118164,364900,0.0,0.0
2007-12-17 00:00:00-05:00,5.324770048966409,5.428863388185971,5.284734031786036,5.33277702331543,253500,0.0,0.0
2007-12-18 00:00:00-05:00,5.372813040495802,5.39683434535462,5.204662379237049,5.33277702331543,107500,0.0,0.0
2007-12-19 00:00:00-05:00,5.324770927429199,5.3567995937327755,5.244699261670257,5.324770927429199,159400,0.0,0.0
2007-12-20 00:00:00-05:00,5.388827818291186,5.388827818291186,5.180641122572068,5.236691474914551,98700,0.0,0.0
2007-12-21 00:00:00-05:00,5.364805348710004,5.428863048553467,5.204662053630676,5.428863048553467,295600,0.0,0.0
2007-12-24 00:00:00-05:00,5.444878643417494,5.564985951733318,5.396835261916978,5.420856952667236,183000,0.0,0.0
2007-12-26 00:00:00-05:00,5.364805591536039,5.51694191965338,5.348791261303253,5.444877624511719,265300,0.0,0.0
2007-12-27 00:00:00-05:00,5.404840196474014,5.524947832757989,5.284732560190039,5.356797218322754,125200,0.0,0.0
2007-12-28 00:00:00-05:00,5.4368694102987165,5.516941048823619,5.348790417015478,5.364804744720459,177900,0.0,0.0
2007-12-31 00:00:00-05:00,5.260712264869237,5.564984517830601,4.804303312709604,5.484912872314453,934500,0.0,0.0
2008-01-02 00:00:00-05:00,5.284733691672622,5.324769706276368,5.036511393839903,5.1245903968811035,296800,0.0,0.0
2008-01-03 00:00:00-05:00,5.124589861645155,5.148611162449121,4.9244105731575445,5.028503894805908,148300,0.0,0.0
2008-01-04 00:00:00-05:00,5.084554393699909,5.1726333969389815,4.9484324019154515,5.004482746124268,101100,0.0,0.0
2008-01-07 00:00:00-05:00,5.084554672241211,5.108576358735722,4.964447003392162,5.084554672241211,80200,0.0,0.0
2008-01-08 00:00:00-05:00,5.100568531310192,5.100568531310192,4.924410913271571,4.964446544647217,48400,0.0,0.0
2008-01-09 00:00:00-05:00,4.940425702513283,4.956440032918036,4.844339720084764,4.932418346405029,128100,0.0,0.0
2008-01-10 00:00:00-05:00,4.884375295083394,5.0124903185565834,4.868360964875714,4.956439971923828,528500,0.0,0.0
2008-01-11 00:00:00-05:00,4.996474834196356,4.996474834196356,4.74024559048066,4.756259918212891,188200,0.0,0.0
2008-01-14 00:00:00-05:00,4.796296054804124,4.796296054804124,4.644160116135006,4.668181419372559,117700,0.0,0.0
2008-01-15 00:00:00-05:00,4.628144990343234,4.72423095038344,4.60412330942735,4.644159317016602,78200,0.0,0.0
2008-01-16 00:00:00-05:00,4.604124358162193,4.740246356797738,4.564088341453473,4.716224670410156,267900,0.0,0.0
2008-01-17 00:00:00-05:00,4.740246824730832,4.740246824730832,4.604124812658013,4.684196472167969,56600,0.0,0.0
2008-01-18 00:00:00-05:00,4.748253461368839,4.748253461368839,4.612131840809171,4.628146171569824,151800,0.0,0.0
2008-01-22 00:00:00-05:00,4.636153270606328,4.724232283062267,4.53205992695947,4.580102920532227,73600,0.0,0.0
2008-01-23 00:00:00-05:00,4.524052422633363,4.724231729990488,4.443980776052859,4.604124069213867,120700,0.0,0.0
2008-01-24 00:00:00-05:00,4.636152460133065,4.644159815234597,4.4840161495093005,4.5560808181762695,48400,0.0,0.0
2008-01-25 00:00:00-05:00,4.636151930228964,4.64415928441527,4.347893670320213,4.49202299118042,90600,0.0,0.0
2008-01-28 00:00:00-05:00,4.484016846899328,4.5720958576564055,4.484016846899328,4.540067195892334,281000,0.0,0.0
2008-01-29 00:00:00-05:00,4.540066489784911,4.604123803350347,4.4840161495093005,4.5560808181762695,75700,0.0,0.0
2008-01-30 00:00:00-05:00,4.684194909911812,4.732237889594661,4.459994338058521,4.49202299118042,49300,0.0,0.0
2008-01-31 00:00:00-05:00,4.419958652251792,4.676188277676421,4.419958652251792,4.636152267456055,56900,0.0,0.0
2008-02-01 00:00:00-05:00,4.6521661962989524,4.908395799754115,4.636151869946233,4.8523454666137695,50700,0.0,0.0
2008-02-04 00:00:00-05:00,4.844339646044521,4.964446931338589,4.612131667818758,4.924411296844482,73600,0.0,0.0
2008-02-05 00:00:00-05:00,4.804304782402532,4.964448122424548,4.804304782402532,4.876369476318359,126700,0.0,0.0
2008-02-06 00:00:00-05:00,4.924412041657866,4.964447682207331,4.443981682381642,4.788290023803711,59300,0.0,0.0
2008-02-07 00:00:00-05:00,4.748253781967644,4.900390125371868,4.748253781967644,4.83633279800415,28000,0.0,0.0
2008-02-08 00:00:00-05:00,4.804304356385859,4.900390351878742,4.740247026057269,4.788290023803711,28800,0.0,0.0
2008-02-11 00:00:00-05:00,4.78028225264309,4.8283256280408695,4.5881102782990615,4.764267921447754,62400,0.0,0.0
2008-02-12 00:00:00-05:00,4.796296322015844,4.796296322015844,4.636153018804468,4.716224670410156,42700,0.0,0.0
2008-02-13 00:00:00-05:00,4.76426687139205,4.76426687139205,4.676188260136326,4.724231243133545,29400,0.0,0.0
2008-02-14 00:00:00-05:00,4.724231729990488,4.804303376570992,4.596116713649953,4.604124069213867,63200,0.0,0.0
2008-02-15 00:00:00-05:00,4.580102797476103,4.7162247998475335,4.45198815139088,4.628146171569824,48000,0.0,0.0
2008-02-19 00:00:00-05:00,4.700210720891384,4.788289735699515,4.339888068567239,4.459995746612549,33400,0.0,0.0
2008-02-20 00:00:00-05:00,4.4359736878077305,4.564088330056928,4.419959357526581,4.532059669494629,40500,0.0,0.0
2008-02-21 00:00:00-05:00,4.572096067942672,4.740246740843748,4.419959726660185,4.459995746612549,48400,0.0,0.0
2008-02-22 00:00:00-05:00,4.468001517026279,4.484015844327705,4.3719155532177245,4.4439802169799805,56600,0.0,0.0
2008-02-25 00:00:00-05:00,4.4439817215961765,4.660175404268801,4.331881010720141,4.451988697052002,33500,0.0,0.0
2008-02-26 00:00:00-05:00,4.427967548370361,4.484017524015518,4.363909833357317,4.427967548370361,41000,0.0,0.0
2008-02-27 00:00:00-05:00,4.371916517811865,4.516045495324473,4.371916517811865,4.508038520812988,61200,0.0,0.0
2008-02-28 00:00:00-05:00,4.459994544281407,4.500030171629131,4.355901225916298,4.4439802169799805,93900,0.0,0.0
2008-02-29 00:00:00-05:00,4.371916325033514,4.39593762932052,4.219779997906062,4.28383731842041,104500,0.0,0.0
2008-03-03 00:00:00-05:00,4.379922986494075,4.379922986494075,4.235794025626656,4.291844367980957,56100,0.0,0.0
2008-03-04 00:00:00-05:00,4.235794544219971,4.371916548166193,4.227787569652893,4.235794544219971,88600,0.0,0.0
2008-03-05 00:00:00-05:00,4.267822700484221,4.403944688303476,4.203765384289682,4.323873043060303,27900,0.0,0.0
2008-03-06 00:00:00-05:00,4.291843078709007,4.347893022414155,4.003584861755371,4.003584861755371,133900,0.0,0.0
2008-03-07 00:00:00-05:00,3.923514657305556,4.003586307084905,3.7633709759351137,3.8834786415100098,114700,0.0,0.0
2008-03-10 00:00:00-04:00,3.9075000197658385,4.035614649328091,3.8274283762894306,3.8914856910705566,56400,0.0,0.0
2008-03-11 00:00:00-04:00,3.931521639023712,4.003586314871151,3.739349679179534,3.8994929790496826,132700,0.0,0.0
2008-03-12 00:00:00-04:00,3.9715570710008072,3.9715570710008072,3.755363457054911,3.859456777572632,379300,0.0,0.0
2008-03-13 00:00:00-04:00,3.8114140706950965,3.883478359354788,3.6993133873369706,3.8034067153930664,120500,0.0,0.0
2008-03-14 00:00:00-04:00,3.8434430075262065,3.995578951201099,3.6512706662440246,3.8834786415100098,79400,0.0,0.0
2008-03-17 00:00:00-04:00,3.8834786563246135,4.628145956642661,3.8834786563246135,4.067643642425537,68300,0.0,0.0
2008-03-18 00:00:00-04:00,4.17173722968757,4.3238735649170925,3.9955792070800085,4.083658218383789,53000,0.0,0.0
2008-03-19 00:00:00-04:00,4.083657492561371,4.371915780804438,4.003585851885991,4.187750816345215,84500,0.0,0.0
2008-03-20 00:00:00-04:00,4.532058770252075,4.988467665422675,4.115685883746354,4.139707565307617,389100,0.0,0.0
2008-03-24 00:00:00-04:00,4.163728434108028,4.211771792258029,4.091664160506298,4.20376443862915,46800,0.0,0.0
2008-03-25 00:00:00-04:00,4.19575903513033,4.403945744503818,4.0276087306979615,4.363909721374512,51800,0.0,0.0
2008-03-26 00:00:00-04:00,4.331879845076845,4.331879845076845,4.195757862649889,4.315865516662598,61300,0.0,0.0
2008-03-27 00:00:00-04:00,4.323872070380881,4.323872070380881,4.179742759554149,4.20376443862915,30400,0.0,0.0
2008-03-28 00:00:00-04:00,4.211772285530585,4.243800940173947,4.091664639712137,4.115685939788818,16700,0.0,0.0
2008-03-31 00:00:00-04:00,4.139709304079464,4.387931669350392,4.035615943278541,4.131701946258545,16200,0.0,0.0
2008-04-01 00:00:00-04:00,4.179743178025062,4.307858176232393,4.107678897208341,4.227786540985107,26700,0.0,0.0
2008-04-02 00:00:00-04:00,4.2197791865545415,4.235793513603999,4.1557218783567125,4.227786540985107,30600,0.0,0.0
2008-04-03 00:00:00-04:00,4.187750113183029,4.243800443150272,4.139707136844663,4.20376443862915,68700,0.0,0.0
2008-04-04 00:00:00-04:00,4.219779669234228,4.243801353461972,4.10767936706543,4.10767936706543,31500,0.0,0.0
2008-04-07 00:00:00-04:00,4.147716430173911,4.147716430173911,4.043623447418213,4.043623447418213,17000,0.0,0.0
2008-04-08 00:00:00-04:00,4.043623338141002,4.091666340071101,3.8354366146320653,3.9795656204223633,47600,0.0,0.0
2008-04-09 00:00:00-04:00,3.9955791540830834,4.027608197432893,3.9235148565283593,3.9555435180664062,25700,0.0,0.0
2008-04-10 00:00:00-04:00,3.9715580764663065,4.003586739840085,3.8834790612825247,3.9235150814056396,58500,0.0,0.0
2008-04-11 00:00:00-04:00,3.9155075744098,3.987572255141415,3.9155075744098,3.963550567626953,28000,0.0,0.0
2008-04-14 00:00:00-04:00,3.955544310363233,4.011594670187602,3.827429638549635,3.9795656204223633,26400,0.0,0.0
2008-04-15 00:00:00-04:00,3.99557863134181,4.043621999175133,3.9235143432152517,4.011593341827393,140900,0.0,0.0
2008-04-16 00:00:00-04:00,4.059636005070791,4.179743269669332,3.9074997038593993,4.147714614868164,291100,0.0,0.0
2008-04-17 00:00:00-04:00,4.123694236743263,4.203765891650441,3.9475362141357015,4.083658218383789,80300,0.0,0.0
2008-04-18 00:00:00-04:00,4.163729561050775,4.1957582206118005,3.9555432739041057,4.091665267944336,107000,0.0,0.0
2008-04-21 00:00:00-04:00,4.051629066467285,4.131700711691595,4.003586079332699,4.051629066467285,44400,0.0,0.0
2008-04-22 00:00:00-04:00,4.027609420946663,4.075652427848317,4.011595085312779,4.035616397857666,28900,0.0,0.0
2008-04-23 00:00:00-04:00,4.059636886323285,4.155722871584818,3.9475361883730655,4.019600868225098,63200,0.0,0.0
2008-04-24 00:00:00-04:00,4.027607275582297,4.147714537953588,3.9795639124597706,4.139707565307617,33600,0.0,0.0
2008-04-25 00:00:00-04:00,4.115686587197422,4.155722602705238,4.0836579275158655,4.123693943023682,71600,0.0,0.0
2008-04-28 00:00:00-04:00,4.10768041304867,4.203766410803632,4.027608748252869,4.179744720458984,79100,0.0,0.0
2008-04-29 00:00:00-04:00,4.19575919022463,4.203766547871204,4.043623213057985,4.059637546539307,18600,0.0,0.0
2008-04-30 00:00:00-04:00,4.0836573052658265,4.187750624275466,4.067642977865242,4.147714614868164,21100,0.0,0.0
2008-05-01 00:00:00-04:00,4.139708567724698,4.147715542309532,4.0516295564209175,4.083658218383789,56200,0.0,0.0
2008-05-02 00:00:00-04:00,4.163730514870963,4.163730514870963,4.019601513829524,4.027608871459961,124100,0.0,0.0
2008-05-05 00:00:00-04:00,4.027607670501262,4.14771494464943,4.003585986584602,4.011593341827393,47400,0.0,0.0
2008-05-06 00:00:00-04:00,3.9875715789040966,4.195757847539565,3.9875715789040966,4.163729190826416,61200,0.0,0.0
2008-05-07 00:00:00-04:00,4.1797424276755,4.1797424276755,4.003584861755371,4.003584861755371,237000,0.0,0.0
2008-05-08 00:00:00-04:00,4.035615248358568,4.035615248358568,3.8994932433374156,3.963550567626953,51000,0.0,0.0
2008-05-09 00:00:00-04:00,3.923514612335834,3.9955789054054054,3.9075002825635137,3.9395289421081543,16500,0.0,0.0
2008-05-12 00:00:00-04:00,3.9635513935589617,4.043623447418213,3.9635513935589617,4.043623447418213,46700,0.0,0.0
2008-05-13 00:00:00-04:00,4.043623447418213,4.339888824899525,3.9955800623779223,4.043623447418213,224800,0.0,0.0
2008-05-14 00:00:00-04:00,4.043623447418213,4.123695119465615,3.979565727968442,4.043623447418213,100000,0.0,0.0
2008-05-15 00:00:00-04:00,4.035615241746979,4.115686896977718,3.923514924423943,3.9475362300872803,21200,0.0,0.0
2008-05-16 00:00:00-04:00,4.03561497484518,4.03561497484518,3.8834786490626674,3.8994929790496826,162300,0.0,0.0
2008-05-19 00:00:00-04:00,3.891485259377686,3.939528240133994,3.795398916053398,3.8514492511749268,69300,0.0,0.0
2008-05-20 00:00:00-04:00,3.8274276375913034,3.9315205631147174,3.7873916326742396,3.843441963195801,48600,0.0,0.0
2008-05-21 00:00:00-04:00,3.9315208857687742,3.963549539606313,3.8514492511749268,3.8514492511749268,95300,0.0,0.0
2008-05-22 00:00:00-04:00,3.8754713571936423,4.011593341827393,3.8114140424981624,4.011593341827393,45500,0.0,0.0
2008-05-23 00:00:00-04:00,3.9875713986334036,4.011593080988143,3.8194207675852967,3.859456777572632,46700,0.0,0.0
2008-05-27 00:00:00-04:00,3.867464507930896,4.003586510373476,3.827428871914219,3.9555435180664062,92600,0.0,0.0
2008-05-28 00:00:00-04:00,4.003586838070681,4.003586838070681,3.8834791565662017,3.995579481124878,659000,0.0,0.0
2008-05-29 00:00:00-04:00,3.9955798308021913,4.123694880464595,3.9475368303582257,4.059637546539307,327600,0.0,0.0
2008-05-30 00:00:00-04:00,4.051629304832195,4.051629304832195,3.891486004962047,3.8994929790496826,214900,0.0,0.0
2008-06-02 00:00:00-04:00,3.891486194990313,3.9955791540830834,3.811414541145196,3.9555435180664062,127400,0.0,0.0
2008-06-03 00:00:00-04:00,3.979564621245229,3.979564621245229,3.8354356516424,3.8834786415100098,67900,0.0,0.0
2008-06-04 00:00:00-04:00,3.859456873418878,3.8834781745584768,3.6913062381948962,3.7793848514556885,309000,0.0,0.0
2008-06-05 00:00:00-04:00,3.7793850654911476,3.8994927234262127,3.723335105116711,3.867464065551758,67000,0.0,0.0
2008-06-06 00:00:00-04:00,3.82742844144616,3.899492730895866,3.7313420858270185,3.747356414794922,58900,0.0,0.0
2008-06-09 00:00:00-04:00,3.7153277330761227,3.859457074676357,3.5551844444222147,3.835435390472412,113900,0.0,0.0
2008-06-10 00:00:00-04:00,3.8034069991275934,3.931521639023712,3.5792059974976413,3.8994929790496826,89200,0.0,0.0
2008-06-11 00:00:00-04:00,3.883477861451045,3.923513869204715,3.7793845467408347,3.7873919010162354,36900,0.0,0.0
2008-06-12 00:00:00-04:00,3.811413311986806,3.947534888719215,3.7633699533616736,3.843441963195801,37900,0.0,0.0
2008-06-13 00:00:00-04:00,3.867464007121778,3.9955786366840305,3.707320720168962,3.8914856910705566,76900,0.0,0.0
2008-06-16 00:00:00-04:00,3.883478596999164,3.955543271880474,3.7233352992759623,3.9395289421081543,38700,0.0,0.0
2008-06-17 00:00:00-04:00,3.9235150814056396,3.9475363880300804,3.8994933929694136,3.9235150814056396,43800,0.0,0.0
2008-06-18 00:00:00-04:00,3.891486262331647,3.9475362300872803,3.843443269193203,3.9475362300872803,25200,0.0,0.0
2008-06-19 00:00:00-04:00,3.9235150814056396,4.003586739840085,3.8834790612825247,3.9235150814056396,221300,0.0,0.0
2008-06-20 00:00:00-04:00,3.899492749127998,3.9235144335980268,3.827428459341354,3.9155070781707764,100900,0.0,0.0
2008-06-23 00:00:00-04:00,3.87547144646969,3.9235144335980268,3.8354354329568827,3.9155070781707764,46100,0.0,0.0
2008-06-24 00:00:00-04:00,3.8594562888002986,3.9955778655327077,3.8194202838832347,3.843441963195801,286300,0.0,0.0
2008-06-25 00:00:00-04:00,3.8514497619996613,3.9875717497691423,3.8434427883841327,3.9155070781707764,121600,0.0,0.0
2008-06-26 00:00:00-04:00,3.8594571174269117,3.9235144335980268,3.7793850904012958,3.9155070781707764,102300,0.0,0.0
2008-06-27 00:00:00-04:00,3.8034066798043638,3.931521308944342,3.739349365234375,3.739349365234375,2778100,0.0,0.0
2008-06-30 00:00:00-04:00,3.7713773070697423,3.947534888719215,3.7473556277571762,3.843441963195801,149900,0.0,0.0
2008-07-01 00:00:00-04:00,3.7713780664456773,3.867464039419801,3.6832990669802053,3.8194210529327393,53600,0.0,0.0
2008-07-02 00:00:00-04:00,3.8354352000772662,3.8354352000772662,3.7153275486432498,3.7953991889953613,62400,0.0,0.0
2008-07-03 00:00:00-04:00,3.8274284501638323,3.8274284501638323,3.7633707523345947,3.7633707523345947,13800,0.0,0.0
2008-07-07 00:00:00-04:00,3.7954000798558387,3.7954000798558387,3.563192077424749,3.6192424297332764,154900,0.0,0.0
2008-07-08 00:00:00-04:00,3.651271399642815,3.675293090307518,3.483120710425359,3.5952210426330566,249400,0.0,0.0
2008-07-09 00:00:00-04:00,3.5631918907165527,3.8274289247722844,3.4831202357656195,3.5631918907165527,83600,0.0,0.0
2008-07-10 00:00:00-04:00,3.531162977218628,3.5471773070681465,3.499134317519591,3.531162977218628,24500,0.0,0.0
2008-07-11 00:00:00-04:00,3.4831202162961903,3.7073212307173655,3.4671058853955183,3.515148878097534,128700,0.0,0.0
2008-07-14 00:00:00-04:00,3.4991352724132767,3.635257304186966,3.4991352724132767,3.579206943511963,48800,0.0,0.0
2008-07-15 00:00:00-04:00,3.5231566570679056,3.7073216754227136,3.4751136586029747,3.571199655532837,40300,0.0,0.0
2008-07-16 00:00:00-04:00,3.5231558781054972,3.5551845366673147,3.1708402521137744,3.427069902420044,369100,0.0,0.0
2008-07-17 00:00:00-04:00,3.4030489875214083,3.4110563448793645,3.3229773230009143,3.3870346546173096,54100,0.0,0.0
2008-07-18 00:00:00-04:00,3.3710193634033203,3.4430840318912024,3.3069620499970718,3.3710193634033203,140300,0.0,0.0
2008-07-21 00:00:00-04:00,3.371020321713211,3.4430850106875623,3.355005988809112,3.3870346546173096,25600,0.0,0.0
2008-07-22 00:00:00-04:00,3.3630117908680726,3.419062127380157,3.314968808919864,3.403047800064087,31500,0.0,0.0
2008-07-23 00:00:00-04:00,3.4110558175218073,3.4510914526865406,3.4110558175218073,3.443084478378296,7200,0.0,0.0
2008-07-24 00:00:00-04:00,3.4510914526865406,3.4510914526865406,3.403048461401808,3.443084478378296,14600,0.0,0.0
2008-07-25 00:00:00-04:00,3.467105534716452,3.4751128902627704,3.427069902420044,3.427069902420044,8200,0.0,0.0
2008-07-28 00:00:00-04:00,3.4751131247448313,3.4751131247448313,3.3790267607642566,3.41105580329895,31100,0.0,0.0
2008-07-29 00:00:00-04:00,3.3950406923954812,3.459098388129865,3.3950406923954812,3.419062376022339,21500,0.0,0.0
2008-07-30 00:00:00-04:00,3.4590985609818614,3.5231558781054972,3.4030482175928167,3.427069902420044,9200,0.0,0.0
2008-07-31 00:00:00-04:00,3.4030484472123383,3.4270701336604206,3.4030484472123383,3.41105580329895,7000,0.0,0.0
2008-08-01 00:00:00-04:00,3.4510914526865406,3.4671057831147847,3.403048461401808,3.443084478378296,20000,0.0,0.0
2008-08-04 00:00:00-04:00,3.4110563586888376,3.4751136905645654,3.4110563586888376,3.435077667236328,16500,0.0,0.0
2008-08-05 00:00:00-04:00,3.475113459502713,3.675292799210256,3.475113459502713,3.667285442352295,168100,0.0,0.0
2008-08-06 00:00:00-04:00,3.6832992111486496,3.6993135406044892,3.5952202082356672,3.643263578414917,55600,0.0,0.0
2008-08-07 00:00:00-04:00,3.6832992875515145,3.6832992875515145,3.619241968399413,3.651270627975464,7700,0.0,0.0
2008-08-08 00:00:00-04:00,3.6832999490517135,3.723335971617894,3.5711996204029393,3.691307306289673,64000,0.0,0.0
2008-08-11 00:00:00-04:00,3.715327962765672,3.7233353185992577,3.6592779991775335,3.6832993030548096,54300,0.0,0.0
2008-08-12 00:00:00-04:00,3.523155825716835,3.963550065299113,3.523155825716835,3.9155070781707764,229000,0.0,0.0
2008-08-13 00:00:00-04:00,3.8674640910424403,3.9555430916835843,3.8674640910424403,3.9155070781707764,44700,0.0,0.0
2008-08-14 00:00:00-04:00,3.86746457485654,3.963550561133428,3.86746457485654,3.9475362300872803,162900,0.0,0.0
2008-08-15 00:00:00-04:00,3.955541889231699,4.051627834279043,3.955541889231699,4.003584861755371,233800,0.0,0.0
2008-08-18 00:00:00-04:00,4.035615199102019,4.043622555446364,3.9955791810038317,4.019600868225098,26000,0.0,0.0
2008-08-19 00:00:00-04:00,3.971558513482377,4.051630180727621,3.955544180033328,4.027608871459961,29300,0.0,0.0
2008-08-20 00:00:00-04:00,4.003587180380475,4.027608871459961,3.8514508217085974,4.027608871459961,27200,0.0,0.0
2008-08-21 00:00:00-04:00,4.035615980246732,4.043623338141002,3.955544310363233,3.9795656204223633,62000,0.0,0.0
2008-08-22 00:00:00-04:00,3.971558173911059,3.9955794811248784,3.9635508169652565,3.995579481124878,4700,0.0,0.0
2008-08-25 00:00:00-04:00,4.019601816126908,4.035616150780327,3.9635514539340106,3.9875731468200684,7800,0.0,0.0
2008-08-26 00:00:00-04:00,4.0356159055834855,4.0356159055834855,3.9635512131156916,3.9715585708618164,14200,0.0,0.0
2008-08-27 00:00:00-04:00,3.9715562134062563,4.003584861755371,3.9635488604131752,4.003584861755371,23400,0.0,0.0
2008-08-28 00:00:00-04:00,4.003586579654683,4.003586579654683,3.9475362300872803,3.9475362300872803,63700,0.0,0.0
2008-08-29 00:00:00-04:00,3.9875722486085348,4.139708584452825,3.9475362300872803,3.9475362300872803,19100,0.0,0.0
2008-09-02 00:00:00-04:00,3.9955794811248784,4.107680187495349,3.9155078207258236,3.995579481124878,67100,0.0,0.0
2008-09-03 00:00:00-04:00,3.9475345362386176,4.107678159795796,3.9475345362386176,4.003584861755371,158600,0.0,0.0
2008-09-04 00:00:00-04:00,4.035613510104485,4.035613510104485,3.9715562134062563,4.003584861755371,8400,0.0,0.0
2008-09-05 00:00:00-04:00,3.995579229771722,4.0035865862138,3.963550567626953,3.963550567626953,5900,0.0,0.0
2008-09-08 00:00:00-04:00,4.011593942655876,4.0196009172861835,3.9475362365545688,3.963550567626953,16700,0.0,0.0
2008-09-09 00:00:00-04:00,3.9315216541290283,3.979564644274659,3.891486019913542,3.9315216541290283,60400,0.0,0.0
2008-09-10 00:00:00-04:00,3.979565546796109,4.027608929649193,3.955544237181399,3.9715585708618164,19200,0.0,0.0
2008-09-11 00:00:00-04:00,3.99557863134181,4.027607670501262,3.9475356453202,4.011593341827393,34400,0.0,0.0
2008-09-12 00:00:00-04:00,3.9955789054054054,4.051629250514395,3.9315215863161246,3.9395289421081543,25300,0.0,0.0
2008-09-15 00:00:00-04:00,4.011592214748452,4.035613510104485,3.987570537580814,4.003584861755371,31900,0.0,0.0
2008-09-16 00:00:00-04:00,3.8114143476144666,3.907500327349686,3.78739266177479,3.8834786415100098,64800,0.0,0.0
2008-09-17 00:00:00-04:00,3.8434425453885797,3.8834781745584768,3.723334894255493,3.7793848514556885,166100,0.0,0.0
2008-09-18 00:00:00-04:00,3.8274288977020325,4.019600868225098,3.763371192382579,4.019600868225098,88900,0.0,0.0
2008-09-19 00:00:00-04:00,4.059635187272124,4.195756751850058,3.835434267016717,4.003584861755371,418400,0.0,0.0
2008-09-22 00:00:00-04:00,4.003587481473488,4.315867198121101,3.9795657885874305,3.9875731468200684,33900,0.0,0.0
2008-09-23 00:00:00-04:00,4.043622604800645,4.195758559082412,3.8834789122650313,3.963550567626953,44700,0.0,0.0
2008-09-24 00:00:00-04:00,4.0035865862138,4.0035865862138,3.963550567626953,3.963550567626953,2000,0.0,0.0
2008-09-25 00:00:00-04:00,3.931522545754857,4.0356159055834855,3.8114152340576433,3.9715585708618164,19800,0.0,0.0
2008-09-26 00:00:00-04:00,3.8834790612825247,3.9795650514038585,3.8834790612825247,3.9235150814056396,10800,0.0,0.0
2008-09-29 00:00:00-04:00,3.8194210616070214,3.99557867912632,3.8194210616070214,3.835435390472412,23200,0.0,0.0
2008-09-30 00:00:00-04:00,3.9235150814056396,4.06764406658764,3.835436066221858,3.9235150814056396,12500,0.0,0.0
2008-10-01 00:00:00-04:00,3.923513240882585,4.051627834279043,3.8434416200097985,4.003584861755371,29700,0.0,0.0
2008-10-02 00:00:00-04:00,4.043623447418213,4.123695119465615,3.747357688125052,4.043623447418213,24500,0.0,0.0
2008-10-03 00:00:00-04:00,4.04362204753421,4.04362204753421,3.8034067327416308,3.835435390472412,43700,0.0,0.0
2008-10-06 00:00:00-04:00,3.8674647280758006,3.8674647280758006,3.571199401078889,3.7233357429504395,219200,0.0,0.0
2008-10-07 00:00:00-04:00,3.7073209731394225,3.7713782922915247,3.5952202828115047,3.651270627975464,76600,0.0,0.0
2008-10-08 00:00:00-04:00,3.5231558996762087,3.571198887813081,2.962653798695103,3.186854600906372,280100,0.0,0.0
2008-10-09 00:00:00-04:00,3.0827612026324567,3.0827612026324567,2.9226179122924805,2.9226179122924805,58200,0.0,0.0
2008-10-10 00:00:00-04:00,2.8345390285816037,3.4831199539202684,2.6183453868020488,3.314969301223755,260300,0.0,0.0
2008-10-13 00:00:00-04:00,3.7633706539737775,3.7633706539737775,3.2669260860015568,3.3309834003448486,20600,0.0,0.0
2008-10-14 00:00:00-04:00,3.2669259641629522,3.595219878834596,3.2429046630859375,3.2429046630859375,11700,0.0,0.0
2008-10-15 00:00:00-04:00,3.202868698238035,3.363011980425256,3.050732389254324,3.3229763507843018,57100,0.0,0.0
2008-10-16 00:00:00-04:00,3.250912167580178,3.4350771604589156,3.0347185134887695,3.0347185134887695,204800,0.0,0.0
2008-10-17 00:00:00-04:00,3.0587403301395613,3.066747496282365,2.842546653377958,2.914611339569092,167600,0.0,0.0
2008-10-20 00:00:00-04:00,2.842546691351009,3.0827618697500134,2.6423673442008546,2.8105180263519287,174900,0.0,0.0
2008-10-21 00:00:00-04:00,2.722439216948624,2.722439216948624,2.482223845936878,2.642367362976074,197500,0.0,0.0
2008-10-22 00:00:00-04:00,2.6423669873409104,2.7864961512775785,2.5542881704887597,2.6023311614990234,40100,0.0,0.0
2008-10-23 00:00:00-04:00,2.562295480208088,2.6183456395487785,2.3621161487997355,2.4902307987213135,267100,0.0,0.0
2008-10-24 00:00:00-04:00,2.538273559360859,2.538273559360859,2.3781300828029694,2.3861372470855713,202000,0.0,0.0
2008-10-27 00:00:00-04:00,2.0098004325090004,2.2660299172412,2.0098004325090004,2.1779510974884033,465100,0.0,0.0
2008-10-28 00:00:00-04:00,2.2740364428184128,2.2740364428184128,2.1058860160580597,2.1539289951324463,304100,0.0,0.0
2008-10-29 00:00:00-04:00,2.009800071644688,2.2340008543928227,2.001792907650321,2.1219005584716797,68100,0.0,0.0
2008-10-30 00:00:00-04:00,2.1058860160580597,2.201971974206833,2.1058860160580597,2.1539289951324463,77900,0.0,0.0
2008-10-31 00:00:00-04:00,2.1939653195536266,2.201972484588623,2.041828992982821,2.201972484588623,106500,0.0,0.0
2008-11-03 00:00:00-05:00,2.2259941355024386,2.2980586258615725,2.105886651570549,2.2900514602661133,80900,0.0,0.0
2008-11-04 00:00:00-05:00,2.2660299588386486,2.5863169638128096,2.2660299588386486,2.4582021236419678,22800,0.0,0.0
2008-11-05 00:00:00-05:00,2.5062449565983704,2.626352423442885,2.4582017789547055,2.4822232723236084,45300,0.0,0.0
2008-11-06 00:00:00-05:00,2.546281008717437,2.546281008717437,2.434180505304722,2.450194835662842,43800,0.0,0.0
2008-11-07 00:00:00-05:00,2.42617306849858,2.4421873970637833,2.314072768542156,2.3861372470855713,143900,0.0,0.0
2008-11-10 00:00:00-05:00,2.3380945231560033,2.4662091660209615,2.3380945231560033,2.450194835662842,27300,0.0,0.0
2008-11-11 00:00:00-05:00,2.618345502953547,2.618345502953547,2.4421876775953852,2.4662091732025146,24900,0.0,0.0
2008-11-12 00:00:00-05:00,2.394144463304298,2.5142521210546716,2.394144463304298,2.4822232723236084,18200,0.0,0.0
2008-11-13 00:00:00-05:00,2.4341805123930085,2.562295346536911,2.4181661819882554,2.4662091732025146,20900,0.0,0.0
2008-11-14 00:00:00-05:00,2.546281016132158,2.546281016132158,2.4421876775953852,2.4662091732025146,11800,0.0,0.0
2008-11-17 00:00:00-05:00,2.418166365771269,2.5222597122192383,2.4021520341494114,2.5222597122192383,7000,0.0,0.0
2008-11-18 00:00:00-05:00,2.482222909210874,2.482222909210874,2.20197200333107,2.4742157459259033,15800,0.0,0.0
2008-11-19 00:00:00-05:00,2.450195062685934,2.474216560448828,2.418166399002075,2.418166399002075,3500,0.0,0.0
2008-11-20 00:00:00-05:00,2.362116025571619,2.522259520525028,2.362116025571619,2.4662091732025146,161100,0.0,0.0
2008-11-21 00:00:00-05:00,2.4341805123930085,2.5142523553226512,2.4341805123930085,2.4662091732025146,9900,0.0,0.0
2008-11-24 00:00:00-05:00,2.3861377353182163,2.586317074248228,2.3861377353182163,2.418166399002075,70300,0.0,0.0
2008-11-25 00:00:00-05:00,2.418166761574846,2.46620976430406,2.418166761574846,2.442188262939453,51500,0.0,0.0
2008-11-26 00:00:00-05:00,2.4421876775953852,2.482223503607268,2.4341805123930085,2.4662091732025146,12500,0.0,0.0
2008-11-28 00:00:00-05:00,2.4261733471906317,2.482223503607268,2.4181661819882554,2.4662091732025146,1500,0.0,0.0
2008-12-01 00:00:00-05:00,2.450194790142997,2.5062451362609863,2.450194790142997,2.5062451362609863,8000,0.0,0.0
2008-12-02 00:00:00-05:00,2.5302666535780896,2.554288148880005,2.482223472068385,2.554288148880005,23000,0.0,0.0
2008-12-03 00:00:00-05:00,2.4101589861626396,2.562295313980643,2.4021518210620014,2.554288148880005,2800,0.0,0.0
2008-12-04 00:00:00-05:00,2.5703022722487785,2.5703022722487785,2.4822232723236084,2.4822232723236084,115800,0.0,0.0
2008-12-05 00:00:00-05:00,2.4982379091017086,2.618345581653318,2.4982379091017086,2.530266761779785,20200,0.0,0.0
2008-12-08 00:00:00-05:00,2.594323765617681,2.642366752355487,2.402151627760599,2.4822232723236084,28600,0.0,0.0
2008-12-09 00:00:00-05:00,2.6023309143566515,2.6023309143566515,2.4822232573316936,2.5863165855407715,12000,0.0,0.0
2008-12-10 00:00:00-05:00,2.6023310139004776,2.6423668374716196,2.4822233522811863,2.546280860900879,15400,0.0,0.0
2008-12-11 00:00:00-05:00,2.666388220570256,2.666388220570256,2.4822232489068474,2.5703022480010986,2800,0.0,0.0
2008-12-12 00:00:00-05:00,2.7624745078358157,2.7624745078358157,2.538273704221824,2.5622951984405518,23200,0.0,0.0
2008-12-15 00:00:00-05:00,2.8025103315336954,2.8025103315336954,2.538273704221824,2.5622951984405518,9300,0.0,0.0
2008-12-16 00:00:00-05:00,2.7064243546587843,2.7064243546587843,2.4341803717014714,2.5622951984405518,30200,0.0,0.0
2008-12-17 00:00:00-05:00,2.6423669873409104,2.6423669873409104,2.562295335657137,2.6023311614990234,40500,0.0,0.0
2008-12-18 00:00:00-05:00,2.674395662639189,2.674395662639189,2.634359836578369,2.634359836578369,3500,0.0,0.0
2008-12-19 00:00:00-05:00,2.70642438788386,2.70642438788386,2.626352548599243,2.626352548599243,4400,0.0,0.0
2008-12-22 00:00:00-05:00,2.794503316445956,2.794503316445956,2.5142523446468727,2.6023311614990234,8600,0.0,0.0
2008-12-23 00:00:00-05:00,2.554287901572514,2.5622950658978945,2.482223231738233,2.538273572921753,56600,0.0,0.0
2008-12-24 00:00:00-05:00,2.5863164615858243,2.5863164615858243,2.5783092975616455,2.5783092975616455,700,0.0,0.0
2008-12-26 00:00:00-05:00,2.6183457374572754,2.6904102307328897,2.6183457374572754,2.6183457374572754,1300,0.0,0.0
2008-12-29 00:00:00-05:00,2.7945030415683227,2.7945030415683227,2.5462807548588096,2.5703022480010986,2900,0.0,0.0
2008-12-30 00:00:00-05:00,2.5142519244461186,2.7864956855773926,2.5142519244461186,2.7864956855773926,4000,0.0,0.0
2008-12-31 00:00:00-05:00,2.546280988789339,2.770481802954217,2.4982378071851064,2.7224388122558594,45000,0.0,0.0
2009-01-02 00:00:00-05:00,2.7384535495619535,2.786496547401941,2.642367362976074,2.642367362976074,2000,0.0,0.0
2009-01-05 00:00:00-05:00,2.634360033572245,2.642367199383174,2.290051521890513,2.5222597122192383,30000,0.0,0.0
2009-01-06 00:00:00-05:00,2.418166365771269,2.5622955412738837,2.418166365771269,2.5222597122192383,3200,0.0,0.0
2009-01-07 00:00:00-05:00,2.5222597122192383,2.5302668780301674,2.4902308580696304,2.5222597122192383,17400,0.0,0.0
2009-01-08 00:00:00-05:00,2.458202136240919,2.522259652107595,2.458202136240919,2.4902307987213135,3400,0.0,0.0
2009-01-09 00:00:00-05:00,2.5222597122192383,2.5222597122192383,2.4902308580696304,2.5222597122192383,31900,0.0,0.0
2009-01-12 00:00:00-05:00,2.4742164674811162,2.522259652107595,2.4501949706208204,2.4902307987213135,5400,0.0,0.0
2009-01-13 00:00:00-05:00,2.4902308580696304,2.5222597122192383,2.4902308580696304,2.5222597122192383,2900,0.0,0.0
2009-01-14 00:00:00-05:00,2.4822238411036657,2.522259863464937,2.3941450119018555,2.3941450119018555,13700,0.0,0.0
2009-01-15 00:00:00-05:00,2.402151566555029,2.418165895059594,2.2740367476126533,2.3701229095458984,6700,0.0,0.0
2009-01-16 00:00:00-05:00,2.4582023213100284,2.506245509553504,2.314073329297306,2.330087661743164,8000,0.0,0.0
2009-01-20 00:00:00-05:00,2.330087661743164,2.330087661743164,2.330087661743164,2.330087661743164,0,0.0,0.0
2009-01-21 00:00:00-05:00,2.1379152089991975,2.4662091732025146,2.1379152089991975,2.4662091732025146,3800,0.0,0.0
2009-01-22 00:00:00-05:00,2.4742165264477727,2.5222597122192383,2.4742165264477727,2.5222597122192383,4000,0.0,0.0
2009-01-23 00:00:00-05:00,2.4822236922587018,2.5302668780301674,2.4822236922587018,2.5222597122192383,10400,0.0,0.0
2009-01-26 00:00:00-05:00,2.4822236922587018,2.5302668780301674,2.4822236922587018,2.5222597122192383,1900,0.0,0.0
2009-01-27 00:00:00-05:00,2.5222597122192383,2.5222597122192383,2.5222597122192383,2.5222597122192383,0,0.0,0.0
2009-01-28 00:00:00-05:00,2.482223100884026,2.5302662752094953,2.482223100884026,2.514251947402954,35900,0.0,0.0
2009-01-29 00:00:00-05:00,2.5222592855109727,2.5542879433361763,2.4822232723236084,2.4822232723236084,14500,0.0,0.0
2009-01-30 00:00:00-05:00,2.4902305248785024,2.6023310221384315,2.4902305248785024,2.5622951984405518,5200,0.0,0.0
2009-02-02 00:00:00-05:00,2.650374365194103,2.682403028437819,2.4021520341494114,2.5222597122192383,20400,0.0,0.0
2009-02-03 00:00:00-05:00,2.3621160186931833,2.4742163312000214,2.266029845638588,2.450194835662842,108100,0.0,0.0
2009-02-04 00:00:00-05:00,2.394144295206659,2.394144295206659,2.2740366458892822,2.2740366458892822,15500,0.0,0.0
2009-02-05 00:00:00-05:00,2.298058495309614,2.298058495309614,2.2660298347473145,2.2660298347473145,19400,0.0,0.0
2009-02-06 00:00:00-05:00,2.322079658508301,2.36211547519172,2.2660293242456815,2.322079658508301,69300,0.0,0.0
2009-02-09 00:00:00-05:00,2.282044165028464,2.282044165028464,2.201972513622716,2.2660298347473145,69000,0.0,0.0
2009-02-10 00:00:00-05:00,2.39414489556043,2.4021520614624023,2.3461019001485965,2.4021520614624023,1900,0.0,0.0
2009-02-11 00:00:00-05:00,2.3461019001485965,2.4021520614624023,2.3461019001485965,2.4021520614624023,2100,0.0,0.0
2009-02-12 00:00:00-05:00,2.442187281367673,2.5302662752094953,2.426172953561132,2.514251947402954,10300,0.0,0.0
2009-02-13 00:00:00-05:00,2.50624538059738,2.5302668780301674,2.362116205094766,2.5222597122192383,7500,0.0,0.0
2009-02-17 00:00:00-05:00,2.426173928696382,2.5222601250607326,2.402152427331775,2.442188262939453,7000,0.0,0.0
2009-02-18 00:00:00-05:00,2.4902305169954144,2.546280860900879,2.4902305169954144,2.546280860900879,103600,0.0,0.0
2009-02-19 00:00:00-05:00,2.522259746423123,2.6183457374572754,2.522259746423123,2.6183457374572754,3600,0.0,0.0
2009-02-20 00:00:00-05:00,2.6023307265778755,2.7864956855773926,2.5943235627477157,2.7864956855773926,11200,0.0,0.0
2009-02-23 00:00:00-05:00,2.842546289001754,2.842546289001754,2.6423669701860546,2.7224388122558594,5400,0.0,0.0
2009-02-24 00:00:00-05:00,2.6663884828460422,2.6663884828460422,2.6023311614990234,2.6023311614990234,9900,0.0,0.0
2009-02-25 00:00:00-05:00,2.5863166926592798,2.6103381868780073,2.5622951984405518,2.5622951984405518,22800,0.0,0.0
2009-02-26 00:00:00-05:00,2.730445746936325,2.738452911376953,2.698416898267952,2.738452911376953,3000,0.0,0.0
2009-02-27 00:00:00-05:00,2.8425461462331945,3.2429049546622104,2.546280860900879,2.546280860900879,4300,0.0,0.0
2009-03-02 00:00:00-05:00,2.5462804228412805,2.5462804228412805,2.2740364875823653,2.322079658508301,29200,0.0,0.0
2009-03-03 00:00:00-05:00,2.3300868218449846,2.410158455211823,2.322079658508301,2.322079658508301,23400,0.0,0.0
2009-03-04 00:00:00-05:00,2.266029703256344,2.322080046893809,2.1699437271450295,2.2420082092285156,31500,0.0,0.0
2009-03-05 00:00:00-05:00,2.3220801816372143,2.3220801816372143,2.2660298347473145,2.2660298347473145,7200,0.0,0.0
2009-03-06 00:00:00-05:00,2.282044175996708,2.450194835662842,2.266029845638588,2.450194835662842,10700,0.0,0.0
2009-03-09 00:00:00-04:00,2.5222595765792803,2.570302568861239,2.314073085784912,2.314073085784912,44900,0.0,0.0
2009-03-10 00:00:00-04:00,2.2740369998878895,2.386137502761813,2.2660298347473145,2.2660298347473145,36500,0.0,0.0
2009-03-11 00:00:00-04:00,2.3300866362726556,2.394143937864486,2.2740363064739864,2.298057794570923,46400,0.0,0.0
2009-03-12 00:00:00-04:00,2.394144667902388,2.4021518330429625,2.2660298347473145,2.2660298347473145,3800,0.0,0.0
2009-03-13 00:00:00-04:00,2.2740366458892822,2.3220798201597406,2.2660294819951803,2.2740366458892822,5800,0.0,0.0
2009-03-16 00:00:00-04:00,2.2660298347473145,2.3220801816372143,2.2660298347473145,2.2660298347473145,7300,0.0,0.0
2009-03-17 00:00:00-04:00,2.2660294819951803,2.3140726562656386,2.2660294819951803,2.2740366458892822,11900,0.0,0.0
2009-03-18 00:00:00-04:00,2.2660298347473145,2.3220801816372143,2.2660298347473145,2.2660298347473145,20300,0.0,0.0
2009-03-19 00:00:00-04:00,2.3220801816372143,2.3220801816372143,2.2660298347473145,2.2660298347473145,13200,0.0,0.0
2009-03-20 00:00:00-04:00,2.394144667902388,2.394144667902388,2.2660298347473145,2.2660298347473145,4400,0.0,0.0
2009-03-23 00:00:00-04:00,2.3701227853996425,2.3701227853996425,2.3140726385695527,2.3621156215667725,2900,0.0,0.0
2009-03-24 00:00:00-04:00,2.3461016770589387,2.3461016770589387,2.2660298347473145,2.2660298347473145,24400,0.0,0.0
2009-03-25 00:00:00-04:00,2.266029963479735,2.3861376383175115,2.266029963479735,2.2900514602661133,29700,0.0,0.0
2009-03-26 00:00:00-04:00,2.26602954784738,2.314072723514002,2.26602954784738,2.306065559387207,1500,0.0,0.0
2009-03-27 00:00:00-04:00,2.394144276898252,2.394144276898252,2.3461012939010324,2.3621156215667725,1900,0.0,0.0
2009-03-30 00:00:00-04:00,2.209979996301259,2.3941450119018555,2.209979996301259,2.3941450119018555,18200,0.0,0.0
2009-03-31 00:00:00-04:00,2.39414479900949,2.4582021236419678,2.274037124417708,2.4582021236419678,7900,0.0,0.0
2009-04-01 00:00:00-04:00,2.386136917425087,2.4662085491886825,2.3621154278960086,2.4261727333068848,3700,0.0,0.0
2009-04-02 00:00:00-04:00,2.3861372988479967,2.4822232723236084,2.378130134391696,2.4822232723236084,9300,0.0,0.0
2009-04-03 00:00:00-04:00,2.4582017789547055,2.4822232723236084,2.394144463304298,2.4822232723236084,4400,0.0,0.0
2009-04-06 00:00:00-04:00,2.4582022286068987,2.4662093945278634,2.3861377353182163,2.418166399002075,7200,0.0,0.0
2009-04-07 00:00:00-04:00,2.402152072782919,2.4822237321799916,2.402152072782919,2.434180736541748,7900,0.0,0.0
2009-04-08 00:00:00-04:00,2.4101592273643746,2.4662093886781804,2.386137729658458,2.4021520614624023,30000,0.0,0.0
2009-04-09 00:00:00-04:00,2.4021521577495255,2.4021521577495255,2.330087661743164,2.330087661743164,33400,0.0,0.0
2009-04-13 00:00:00-04:00,2.39414489556043,2.4021520614624023,2.386137729658458,2.4021520614624023,5800,0.0,0.0
2009-04-14 00:00:00-04:00,2.4021520614624023,2.4421878909722636,2.4021520614624023,2.4021520614624023,2100,0.0,0.0
2009-04-15 00:00:00-04:00,2.386137729658458,2.482223720482125,2.386137729658458,2.4021520614624023,76900,0.0,0.0
2009-04-16 00:00:00-04:00,2.3941443931139803,2.4181658857786332,2.3541085720062256,2.3541085720062256,48500,0.0,0.0
2009-04-17 00:00:00-04:00,2.3621157362277767,2.3861372288924296,2.2660295746633117,2.3541085720062256,41100,0.0,0.0
2009-04-20 00:00:00-04:00,2.3781299492325125,2.402151440731122,2.3621156215667725,2.3621156215667725,41300,0.0,0.0
2009-04-21 00:00:00-04:00,2.2820438761009703,2.3541085441479774,2.26602954784738,2.306065559387207,12300,0.0,0.0
2009-04-22 00:00:00-04:00,2.2820437923322285,2.402151440731122,2.242007973167879,2.3621156215667725,36000,0.0,0.0
2009-04-23 00:00:00-04:00,2.3461013800211825,2.3461013800211825,2.26602954784738,2.306065559387207,16200,0.0,0.0
2009-04-24 00:00:00-04:00,2.306065559387207,2.306065559387207,2.306065559387207,2.306065559387207,0,0.0,0.0
2009-04-27 00:00:00-04:00,2.3861373455101043,2.394144510122989,2.3140728639941384,2.3461015224456787,80700,0.0,0.0
2009-04-28 00:00:00-04:00,2.3621156215667725,2.402151440731122,2.3541084577339024,2.3621156215667725,27000,0.0,0.0
2009-04-29 00:00:00-04:00,2.354109066050569,2.4101592273643746,2.354109066050569,2.4021520614624023,69100,0.0,0.0
2009-04-30 00:00:00-04:00,2.3781299591064453,2.3781299591064453,2.274036637941099,2.3781299591064453,9100,0.0,0.0
2009-05-01 00:00:00-04:00,2.402152427331775,2.442188262939453,2.2980590638458884,2.442188262939453,11900,0.0,0.0
2009-05-04 00:00:00-04:00,2.4021520614624023,2.4101592273643746,2.3781305637564856,2.4021520614624023,6500,0.0,0.0
2009-05-05 00:00:00-04:00,2.4021521781929294,2.4421880096482975,2.378130679319708,2.3941450119018555,9400,0.0,0.0
2009-05-06 00:00:00-04:00,2.394144411368173,2.402151575650775,2.3861372470855713,2.3861372470855713,11200,0.0,0.0
2009-05-07 00:00:00-04:00,2.3861371130653826,2.394144276898252,2.3621156215667725,2.3621156215667725,9600,0.0,0.0
2009-05-08 00:00:00-04:00,2.3781299492325125,2.3781299492325125,2.3220798024024227,2.3621156215667725,8400,0.0,0.0
2009-05-11 00:00:00-04:00,2.2900513301690393,2.378130337621238,2.2660298347473145,2.2660298347473145,24600,0.0,0.0
2009-05-12 00:00:00-04:00,2.2980588457815747,2.3621163675813226,2.225994348526001,2.225994348526001,22400,0.0,0.0
2009-05-13 00:00:00-04:00,2.234000818610521,2.3781299591064453,2.234000818610521,2.3781299591064453,58200,0.0,0.0
2009-05-14 00:00:00-04:00,2.386137729658458,2.4021520614624023,2.362116231952541,2.4021520614624023,6300,0.0,0.0
2009-05-15 00:00:00-04:00,2.4021520614624023,2.4021520614624023,2.39414489556043,2.4021520614624023,37200,0.0,0.0
2009-05-18 00:00:00-04:00,2.4021520614624023,2.4021520614624023,2.4021520614624023,2.4021520614624023,0,0.0,0.0
2009-05-19 00:00:00-04:00,2.4101592273643746,2.4101592273643746,2.3781305637564856,2.4021520614624023,8600,0.0,0.0
2009-05-20 00:00:00-04:00,2.4341807250702914,2.5142525749959077,2.39414489556043,2.4021520614624023,45400,0.0,0.0
2009-05-21 00:00:00-04:00,2.402152072782919,2.5142525868447154,2.402152072782919,2.434180736541748,10900,0.0,0.0
2009-05-22 00:00:00-04:00,2.402151440731122,2.546280580628626,2.3621156215667725,2.3621156215667725,56000,0.0,0.0
2009-05-26 00:00:00-04:00,2.386137845610782,2.4021521781929294,2.362116346737561,2.3941450119018555,7600,0.0,0.0
2009-05-27 00:00:00-04:00,2.4021521577495255,2.4662094875329577,2.306066163074377,2.330087661743164,15900,0.0,0.0
2009-05-28 00:00:00-04:00,2.3060660766022365,2.3060660766022365,2.217987060546875,2.217987060546875,8100,0.0,0.0
2009-05-29 00:00:00-04:00,2.2259939796936123,2.354108811159428,2.161936659413641,2.201972484588623,39600,0.0,0.0
2009-06-01 00:00:00-04:00,2.2580228959158135,2.2740372278019905,2.1699440705418396,2.234001398086548,8800,0.0,0.0
2009-06-02 00:00:00-04:00,2.201972437725614,2.201972437725614,2.08186477385096,2.105886459350586,11700,0.0,0.0
2009-06-03 00:00:00-04:00,2.089871849905434,2.201972344151738,2.033821698235213,2.1619365215301514,30100,0.0,0.0
2009-06-04 00:00:00-04:00,2.1859578704266185,2.1859578704266185,2.089871711588362,2.1219005584716797,6700,0.0,0.0
2009-06-05 00:00:00-04:00,2.1619363784435164,2.177950706432251,2.113893394477312,2.1219005584716797,13600,0.0,0.0
2009-06-08 00:00:00-04:00,2.129908027357542,2.2660298347473145,2.0818648456082176,2.2660298347473145,8400,0.0,0.0
2009-06-09 00:00:00-04:00,2.1939653195536266,2.2820441349385874,2.081864818157803,2.201972484588623,44500,0.0,0.0
2009-06-10 00:00:00-04:00,2.250015237466318,2.3380942344665527,2.2259937448951232,2.3380942344665527,32900,0.0,0.0
2009-06-11 00:00:00-04:00,2.34610157068372,2.7384530265939264,2.34610157068372,2.7304458618164062,35400,0.0,0.0
2009-06-12 00:00:00-04:00,2.650374015339136,2.7224386890307,2.6183453563232706,2.7144315242767334,40000,0.0,0.0
2009-06-15 00:00:00-04:00,2.746460715868618,2.762475048481947,2.5462813672960984,2.642367362976074,16000,0.0,0.0
2009-06-16 00:00:00-04:00,2.626353030362745,2.6583816955894037,2.6183458640560806,2.642367362976074,17800,0.0,0.0
2009-06-17 00:00:00-04:00,2.570302484138518,2.77848896807061,2.570302484138518,2.7224388122558594,53400,0.0,0.0
2009-06-18 00:00:00-04:00,2.7864958093706313,2.8025101377424053,2.706424167511761,2.7945029735565186,44200,0.0,0.0
2009-06-19 00:00:00-04:00,2.80251016948164,3.0747539457908917,2.642366693044375,2.978667974472046,64200,0.0,0.0
2009-06-22 00:00:00-04:00,2.9226179122924805,2.9546465703604756,2.618345278834804,2.9226179122924805,66700,0.0,0.0
2009-06-23 00:00:00-04:00,2.890589329700759,3.018704164685018,2.666388511657715,2.666388511657715,175200,0.0,0.0
2009-06-24 00:00:00-04:00,2.7464602283221846,2.9226180467035068,2.602331069481854,2.658381223678589,52200,0.0,0.0
2009-06-25 00:00:00-04:00,2.866567331873351,2.9226176697466277,2.6023307338353265,2.6824023723602295,162400,0.0,0.0
2009-06-26 00:00:00-04:00,2.7144314678042734,2.938632267156807,2.6824026185488865,2.8345389366149902,3651500,0.0,0.0
2009-06-29 00:00:00-04:00,2.6663887271333806,2.7384534111570247,2.3461019001485965,2.4021520614624023,227500,0.0,0.0
2009-06-30 00:00:00-04:00,2.410159111022949,2.5542882812070467,2.2179869477461143,2.410159111022949,159200,0.0,0.0
2009-07-01 00:00:00-04:00,2.4582017256289865,2.5462807236434606,2.2980582490710972,2.3861372470855713,91800,0.0,0.0
2009-07-02 00:00:00-04:00,2.3861369426421333,2.4101584324250744,2.185957670211792,2.185957670211792,106000,0.0,0.0
2009-07-06 00:00:00-04:00,2.1939657153699414,2.3781307353061925,1.8256356754974399,2.089872360229492,161500,0.0,0.0
2009-07-07 00:00:00-04:00,2.081864595413208,2.1459220997453583,2.0738574312349205,2.081864595413208,51900,0.0,0.0
2009-07-08 00:00:00-04:00,2.089871849905434,2.2340010022490073,2.089871849905434,2.1619365215301514,37800,0.0,0.0
2009-07-09 00:00:00-04:00,2.1699437782672715,2.2740369215068847,2.08186477385096,2.105886459350586,135200,0.0,0.0
2009-07-10 00:00:00-04:00,2.0738580945675453,2.1699442863464355,2.0418294276098865,2.1699442863464355,50600,0.0,0.0
2009-07-13 00:00:00-04:00,2.1619365215301514,2.1619365215301514,2.1379150279571992,2.1619365215301514,39200,0.0,0.0
2009-07-14 00:00:00-04:00,2.1459221924815166,2.1619365215301514,2.1459221924815166,2.1619365215301514,23500,0.0,0.0
2009-07-15 00:00:00-04:00,2.153929357005834,2.1619365215301514,1.9057070658461355,2.1619365215301514,67600,0.0,0.0
2009-07-16 00:00:00-04:00,2.1539294943786444,2.2259939796936123,2.1379151643086516,2.201972484588623,189700,0.0,0.0
2009-07-17 00:00:00-04:00,2.2099796787632906,2.282044165028464,2.185958183341566,2.2660298347473145,56100,0.0,0.0
2009-07-20 00:00:00-04:00,2.2740363064739864,2.3220794735736767,2.2500148183770494,2.298057794570923,34700,0.0,0.0
2009-07-21 00:00:00-04:00,2.3060660706387353,2.4101592273643746,2.2820443820269247,2.4021520614624023,33700,0.0,0.0
2009-07-22 00:00:00-04:00,2.362116237555322,2.418166399002075,2.362116237555322,2.418166399002075,56900,0.0,0.0
2009-07-23 00:00:00-04:00,2.4021519769002286,2.5302668177276937,2.4021519769002286,2.4902307987213135,120500,0.0,0.0
2009-07-24 00:00:00-04:00,2.4261730814605693,2.5943237231994165,2.402151588484428,2.538273572921753,85900,0.0,0.0
2009-07-27 00:00:00-04:00,2.5062456508186135,2.6663889843037096,2.5062456508186135,2.6503746509552,49100,0.0,0.0
2009-07-28 00:00:00-04:00,2.642366893908093,2.698417048104828,2.634359729022845,2.658381223678589,77600,0.0,0.0
2009-07-29 00:00:00-04:00,2.666388257171637,2.79450307992833,2.666388257171637,2.770481586456299,41800,0.0,0.0
2009-07-30 00:00:00-04:00,2.8025103999193006,2.842546224594116,2.7624745752444846,2.842546224594116,126200,0.0,0.0
2009-07-31 00:00:00-04:00,2.8265316303000665,2.842545958671841,2.7704814809988574,2.7945029735565186,88900,0.0,0.0
2009-08-03 00:00:00-04:00,2.762475028853308,2.834539525101239,2.6583816767003947,2.8105180263519287,55200,0.0,0.0
2009-08-04 00:00:00-04:00,2.7945033347334465,2.826531995616554,2.7864961695126693,2.8025104999542236,46700,0.0,0.0
2009-08-05 00:00:00-04:00,2.794503188160871,2.8105175177624684,2.7224387049536833,2.746460199356079,44100,0.0,0.0
2009-08-06 00:00:00-04:00,2.754466920925301,2.818524229023989,2.68240225840844,2.6904094219207764,42100,0.0,0.0
2009-08-07 00:00:00-04:00,2.730446119652189,2.8345392715894544,2.698417266611761,2.778489112854004,63400,0.0,0.0
2009-08-10 00:00:00-04:00,2.738453285185825,2.8025106094549113,2.6824029355444896,2.778489112854004,18300,0.0,0.0
2009-08-11 00:00:00-04:00,2.770481586456299,2.818524573400361,2.770481586456299,2.770481586456299,34200,0.0,0.0
2009-08-12 00:00:00-04:00,2.7784884637831566,3.08276087388742,2.7784884637831566,2.9946820735931396,82200,0.0,0.0
2009-08-13 00:00:00-04:00,2.8345396228110613,3.010697477284268,2.8345396228110613,2.986675977706909,45100,0.0,0.0
2009-08-14 00:00:00-04:00,2.99468280707111,2.99468280707111,2.8505536349280822,2.858560800552368,33300,0.0,0.0
2009-08-17 00:00:00-04:00,2.802510422227428,3.018704068098217,2.802510422227428,2.8905892372131348,35600,0.0,0.0
2009-08-18 00:00:00-04:00,2.8905897884915652,3.106783666499612,2.8025109567079163,2.986675977706909,57100,0.0,0.0
2009-08-19 00:00:00-04:00,2.9066037508302163,3.066747050402786,2.9066037508302163,3.0267112255096436,23600,0.0,0.0
2009-08-20 00:00:00-04:00,3.034718055353482,3.0827610399196943,3.034718055353482,3.066746711730957,47600,0.0,0.0
2009-08-21 00:00:00-04:00,3.074754230625643,3.0987757256806243,3.0026897454607004,3.0587399005889893,88700,0.0,0.0
2009-08-24 00:00:00-04:00,3.0827615328978006,3.114790385303002,3.0507328713984805,3.098775863647461,23400,0.0,0.0
2009-08-25 00:00:00-04:00,3.1147908222235827,3.2268913441017446,3.074754798827584,3.2028696537017822,41200,0.0,0.0
2009-08-26 00:00:00-04:00,3.1948614692074417,3.2589189716864997,3.066746655155173,3.210875988006592,41400,0.0,0.0
2009-08-27 00:00:00-04:00,3.194861488214363,3.2429046630859375,3.1468185042486367,3.2429046630859375,27700,0.0,0.0
2009-08-28 00:00:00-04:00,3.234897948824585,3.234897948824585,3.0747544463181833,3.1788477897644043,24000,0.0,0.0
2009-08-31 00:00:00-04:00,3.162833106837936,3.210876285880673,3.162833106837936,3.186854600906372,48500,0.0,0.0
2009-09-01 00:00:00-04:00,3.170840542926813,3.2429052222061645,3.03471854064882,3.098775863647461,75500,0.0,0.0
2009-09-02 00:00:00-04:00,3.1067829540115848,3.2348975890432445,3.1067829540115848,3.186854600906372,14400,0.0,0.0
2009-09-03 00:00:00-04:00,3.1388113215808824,3.210875988006592,3.1388113215808824,3.210875988006592,23700,0.0,0.0
2009-09-04 00:00:00-04:00,3.1147900064575658,3.218883143669725,3.018703842740484,3.194861650466919,14400,0.0,0.0
2009-09-08 00:00:00-04:00,3.1067832740912875,3.194862094749969,3.082761586642126,3.114790439605713,19100,0.0,0.0
2009-09-09 00:00:00-04:00,3.090768795223889,3.090768795223889,3.0187043045898987,3.0427258014678955,15700,0.0,0.0
2009-09-10 00:00:00-04:00,3.0427256665444005,3.1788476670562154,3.0427256665444005,3.1708405017852783,19000,0.0,0.0
2009-09-11 00:00:00-04:00,3.1788478883839004,3.1868550542123377,3.0427258783945734,3.122797727584839,9600,0.0,0.0
2009-09-14 00:00:00-04:00,3.106782929779256,3.1948617406765236,3.0507325864842225,3.1388115882873535,20400,0.0,0.0
2009-09-15 00:00:00-04:00,3.130804335259436,3.202868814867854,3.0106966783395483,3.194861650466919,33200,0.0,0.0
2009-09-16 00:00:00-04:00,3.090768646753299,3.306962490081787,3.090768646753299,3.306962490081787,57900,0.0,0.0
2009-09-17 00:00:00-04:00,3.2989551197171205,3.3229768062435543,3.210876493347624,3.2749338150024414,7600,0.0,0.0
2009-09-18 00:00:00-04:00,3.258919565974459,3.298955202102661,3.2348978788481264,3.298955202102661,82700,0.0,0.0
2009-09-21 00:00:00-04:00,3.2829417377934895,3.43507811158399,3.1628342249898833,3.2268917560577393,18000,0.0,0.0
2009-09-22 00:00:00-04:00,3.242904909837091,3.338990885079681,3.1788474021028343,3.2589192390441895,19900,0.0,0.0
2009-09-23 00:00:00-04:00,3.266926485036527,3.395041129371526,3.162833336514341,3.1708405017852783,52300,0.0,0.0
2009-09-24 00:00:00-04:00,3.1868548864072253,3.3469981945435623,3.1628333901867745,3.298955202102661,37600,0.0,0.0
2009-09-25 00:00:00-04:00,3.3550052502912906,3.4190625678071203,3.1548259421484572,3.186854600906372,28200,0.0,0.0
2009-09-28 00:00:00-04:00,3.202869162869028,3.250912154494652,3.1548261712434034,3.1708405017852783,31700,0.0,0.0
2009-09-29 00:00:00-04:00,3.2829406802617296,3.2829406802617296,3.0106968813653583,3.1468188762664795,41600,0.0,0.0
2009-09-30 00:00:00-04:00,3.170840157264113,3.3469977740846897,3.026711007141419,3.194861650466919,96400,0.0,0.0
2009-10-01 00:00:00-04:00,3.2509122986497547,3.2509122986497547,3.0187043045898987,3.0427258014678955,46900,0.0,0.0
2009-10-02 00:00:00-04:00,3.034718499474184,3.050732830006564,2.994682673143234,3.002689838409424,102300,0.0,0.0
2009-10-05 00:00:00-04:00,3.0187037774422767,3.1227971033086295,2.9466392993927,2.9466392993927,76800,0.0,0.0
2009-10-06 00:00:00-04:00,2.970660924911499,2.9866752540830546,2.9226179373968324,2.970660924911499,63900,0.0,0.0
2009-10-07 00:00:00-04:00,2.9866752540830546,3.058739735355055,2.834538936047414,2.970660924911499,30900,0.0,0.0
2009-10-08 00:00:00-04:00,2.9706613780473012,2.9706613780473012,2.818525036805238,2.906604051589966,30000,0.0,0.0
2009-10-09 00:00:00-04:00,3.08276170753676,3.130804893413276,3.0026900492523865,3.122797727584839,14500,0.0,0.0
2009-10-12 00:00:00-04:00,3.1227967976750404,3.130803961119096,2.9626533378880935,3.050732135772705,102800,0.0,0.0
2009-10-13 00:00:00-04:00,3.0267118103358404,3.0587404764389854,2.882582621965779,2.986675977706909,16300,0.0,0.0
2009-10-14 00:00:00-04:00,3.0026894973478497,3.1868544684576534,3.0026894973478497,3.1628329753875732,11400,0.0,0.0
2009-10-15 00:00:00-04:00,3.0267110684397265,3.178847386044488,2.9466394228087265,2.954646587371826,32700,0.0,0.0
2009-10-16 00:00:00-04:00,2.962653905680616,3.138811726116314,2.962653905680616,3.0267112255096436,49300,0.0,0.0
2009-10-19 00:00:00-04:00,3.0347178919087217,3.1067825557826096,2.978667746266907,2.9946820735931396,31200,0.0,0.0
2009-10-20 00:00:00-04:00,2.9546469482285005,3.0106971070157136,2.94663978268747,2.9626541137695312,15000,0.0,0.0
2009-10-21 00:00:00-04:00,2.970660924911499,3.018703912426166,2.9626537603257215,2.970660924911499,33700,0.0,0.0
2009-10-22 00:00:00-04:00,2.9626538166203304,3.082761287689209,2.9626538166203304,3.082761287689209,20100,0.0,0.0
2009-10-23 00:00:00-04:00,3.074754463971891,3.13881197988577,3.0347186358418967,3.0427258014678955,14200,0.0,0.0
2009-10-26 00:00:00-04:00,3.026711670994675,3.0427260033089936,2.890589655417069,2.9306256771087646,26800,0.0,0.0
2009-10-27 00:00:00-04:00,2.954646463620431,2.978667956303623,2.9466392993927,2.9466392993927,74200,0.0,0.0
2009-10-28 00:00:00-04:00,2.9626535218182206,3.0427251612298565,2.81852437997143,2.850553035736084,21100,0.0,0.0
2009-10-29 00:00:00-04:00,2.866567719399006,2.9466395596545083,2.8025103999193006,2.842546224594116,105200,0.0,0.0
2009-10-30 00:00:00-04:00,2.8345391957364168,2.9626540317520864,2.8345391957364168,2.882582187652588,47500,0.0,0.0
2009-11-02 00:00:00-05:00,2.8825825277399377,3.0187045451346575,2.8025108650994572,2.8265323638916016,186100,0.0,0.0
2009-11-03 00:00:00-05:00,2.8025104999542236,2.842546326058108,2.746460343408785,2.8025104999542236,64500,0.0,0.0
2009-11-04 00:00:00-05:00,2.7945033466419735,2.946639677390929,2.666388511657715,2.666388511657715,114600,0.0,0.0
2009-11-05 00:00:00-05:00,2.674395662639189,2.7224388448180505,2.514252358395909,2.634359836578369,211000,0.0,0.0
2009-11-06 00:00:00-05:00,2.6183453433289343,2.634359672757391,2.530266531472422,2.546280860900879,50000,0.0,0.0
2009-11-09 00:00:00-05:00,2.5622950836203358,2.706424233379929,2.5622950836203358,2.5703022480010986,105800,0.0,0.0
2009-11-10 00:00:00-05:00,2.562295319022125,2.7945032983033964,2.562295319022125,2.7224388122558594,43100,0.0,0.0
2009-11-11 00:00:00-05:00,2.7384535349870727,2.9146113837020327,2.7384535349870727,2.8265323638916016,31600,0.0,0.0
2009-11-12 00:00:00-05:00,2.8185247936525752,2.8825821145837187,2.6503741353024477,2.7224388122558594,47400,0.0,0.0
2009-11-13 00:00:00-05:00,2.7144316893616494,2.8265320027348384,2.7144316893616494,2.8185248374938965,28200,0.0,0.0
2009-11-16 00:00:00-05:00,2.866567331873351,2.8825816595783316,2.6263522253927976,2.6824023723602295,142400,0.0,0.0
2009-11-17 00:00:00-05:00,2.6343600692963007,2.7304462512363474,2.5542884101011736,2.6183457374572754,61100,0.0,0.0
2009-11-18 00:00:00-05:00,2.6263527470963663,2.6263527470963663,2.5062452654506395,2.530266761779785,81600,0.0,0.0
2009-11-19 00:00:00-05:00,2.546280961412498,2.6263526117155216,2.5062451362609863,2.5062451362609863,71400,0.0,0.0
2009-11-20 00:00:00-05:00,2.5142519314579337,2.6824023723602295,2.5062447676054433,2.6824023723602295,79700,0.0,0.0
2009-11-23 00:00:00-05:00,2.7064244820230736,2.7304459773722525,2.626352639953269,2.7224388122558594,25000,0.0,0.0
2009-11-24 00:00:00-05:00,2.730446116772613,2.730446116772613,2.5622954498377117,2.5943241119384766,40100,0.0,0.0
2009-11-25 00:00:00-05:00,2.6023310221384315,2.738453013617088,2.5622951984405518,2.5622951984405518,17800,0.0,0.0
2009-11-27 00:00:00-05:00,2.626352423442885,2.626352423442885,2.4822232723236084,2.4822232723236084,27300,0.0,0.0
2009-11-30 00:00:00-05:00,2.506244821344035,2.634359445730898,2.506244821344035,2.5783092975616455,75600,0.0,0.0
2009-12-01 00:00:00-05:00,2.5943244842354165,2.690410484326474,2.5943244842354165,2.6503746509552,20600,0.0,0.0
2009-12-02 00:00:00-05:00,2.6423665530977782,2.7224383825285257,2.6023307338353265,2.6824023723602295,12500,0.0,0.0
2009-12-03 00:00:00-05:00,2.6904096951039826,2.6904096951039826,2.522259244270992,2.538273572921753,10600,0.0,0.0
2009-12-04 00:00:00-05:00,2.6183449503097522,2.714431103363621,2.578309132748072,2.6904094219207764,31200,0.0,0.0
2009-12-07 00:00:00-05:00,2.706424542939559,2.7544675347192733,2.6904100214404414,2.6984171867370605,28700,0.0,0.0
2009-12-08 00:00:00-05:00,2.642366569855283,2.6743952254683654,2.5062447834996835,2.514251947402954,37600,0.0,0.0
2009-12-09 00:00:00-05:00,2.5302668780301674,2.5783098728957414,2.514252546408309,2.5222597122192383,32800,0.0,0.0
2009-12-10 00:00:00-05:00,2.514251753256588,2.5382732431115,2.4501942560709913,2.4742157459259033,26000,0.0,0.0
2009-12-11 00:00:00-05:00,2.4822236006620555,2.5622954467225028,2.3781304489611244,2.410159111022949,95900,0.0,0.0
2009-12-14 00:00:00-05:00,2.626352218957326,2.6423665466230655,2.338094130068163,2.3621156215667725,48500,0.0,0.0
2009-12-15 00:00:00-05:00,2.3701233071265926,2.40215196950843,2.2820442946706536,2.2900514602661133,66500,0.0,0.0
2009-12-16 00:00:00-05:00,2.2980582490710972,2.4662088899115884,2.2980582490710972,2.3861372470855713,81200,0.0,0.0
2009-12-17 00:00:00-05:00,2.3781300828029694,2.418165904215978,2.3541085899551644,2.3861372470855713,18800,0.0,0.0
2009-12-18 00:00:00-05:00,2.3941443340996815,2.626352281706719,2.3941443340996815,2.5783092975616455,239600,0.0,0.0
2009-12-21 00:00:00-05:00,2.5783094211328317,2.6503739008042912,2.5622950923169516,2.5863165855407715,30500,0.0,0.0
2009-12-22 00:00:00-05:00,2.578309914362374,2.6343600759403247,2.4101592387226263,2.434180736541748,28800,0.0,0.0
2009-12-23 00:00:00-05:00,2.474216116411426,2.5222592942209965,2.426173129507715,2.4982376098632812,13200,0.0,0.0
2009-12-24 00:00:00-05:00,2.506245037329737,2.5783095197577923,2.4822233522811863,2.546280860900879,6600,0.0,0.0
2009-12-28 00:00:00-05:00,2.618345506154041,2.642367001790533,2.578309680093221,2.634359836578369,21200,0.0,0.0
2009-12-29 00:00:00-05:00,2.6423669417761264,2.7304459480153254,2.498237780324811,2.5062451362609863,21900,0.0,0.0
2009-12-30 00:00:00-05:00,2.4982372018941206,2.6183448404453427,2.378129754248728,2.4261727333068848,50500,0.0,0.0
2009-12-31 00:00:00-05:00,2.43418024578595,2.602330887524797,2.43418024578595,2.538273572921753,30500,0.0,0.0
2010-01-04 00:00:00-05:00,2.5542885336027634,2.722439216948624,2.5542885336027634,2.642367362976074,28300,0.0,0.0
2010-01-05 00:00:00-05:00,2.634359776745824,2.634359776745824,2.5062451362609863,2.5062451362609863,16800,0.0,0.0
2010-01-06 00:00:00-05:00,2.514251753256588,2.6423663658161183,2.4582014193559623,2.4742157459259033,27800,0.0,0.0
2010-01-07 00:00:00-05:00,2.7224390853168345,2.7704820808339106,2.546281244181661,2.6183457374572754,114700,0.0,0.0
2010-01-08 00:00:00-05:00,2.610338191569304,2.802510336570364,2.610338191569304,2.7144315242767334,36500,0.0,0.0
2010-01-11 00:00:00-05:00,2.7224385433113607,2.7224385433113607,2.522259244270992,2.538273572921753,34900,0.0,0.0
2010-01-12 00:00:00-05:00,2.530266313416572,2.5943236256100035,2.466208810317292,2.5783092975616455,46700,0.0,0.0
2010-01-13 00:00:00-05:00,2.5703023631801276,2.6023310221384315,2.554288033700976,2.5622951984405518,25400,0.0,0.0
2010-01-14 00:00:00-05:00,2.6503739008042912,2.6503739008042912,2.5703022567248914,2.5863165855407715,11600,0.0,0.0
2010-01-15 00:00:00-05:00,2.61834511768254,2.634359445730898,2.506244821344035,2.5783092975616455,41700,0.0,0.0
2010-01-19 00:00:00-05:00,2.586316831162269,2.6263526570041558,2.5703025008255143,2.6023311614990234,16400,0.0,0.0
2010-01-20 00:00:00-05:00,2.586316845305385,2.674395662639189,2.5622953496688927,2.634359836578369,64300,0.0,0.0
2010-01-21 00:00:00-05:00,2.634359822172533,2.6503741525092877,2.6023311614990234,2.6023311614990234,33700,0.0,0.0
2010-01-22 00:00:00-05:00,2.6663881018276134,2.6663881018276134,2.522259149392393,2.5783092975616455,58300,0.0,0.0
2010-01-25 00:00:00-05:00,2.578310150886907,2.706425008580896,2.538274317515633,2.6503746509552,69100,0.0,0.0
2010-01-26 00:00:00-05:00,2.6423672352158136,2.7224390853168345,2.5863170737792247,2.6183457374572754,35800,0.0,0.0
2010-01-27 00:00:00-05:00,2.6183453563232706,2.762474512800532,2.6183453563232706,2.7144315242767334,193800,0.0,0.0
2010-01-28 00:00:00-05:00,2.7544672574749445,2.8025102444190066,2.626352434718252,2.770481586456299,152700,0.0,0.0
2010-01-29 00:00:00-05:00,2.778489207769404,2.9466398806258005,2.6423671981416743,2.906604051589966,196500,0.0,0.0
2010-02-01 00:00:00-05:00,2.914610660259482,3.0347181244080392,2.7864958409284992,2.978667974472046,84200,0.0,0.0
2010-02-02 00:00:00-05:00,2.9706606445769097,3.0907681020293047,2.7624741940869133,2.7864956855773926,230500,0.0,0.0
2010-02-03 00:00:00-05:00,2.7784890306091303,2.7945033612023686,2.6984171867370605,2.6984171867370605,65600,0.0,0.0
2010-02-04 00:00:00-05:00,2.690409867302242,2.7784888714247336,2.610338218923493,2.626352548599243,41600,0.0,0.0
2010-02-05 00:00:00-05:00,2.6183452538616674,2.770481569139467,2.610338089421039,2.738452911376953,28800,0.0,0.0
2010-02-08 00:00:00-05:00,2.690409722843991,2.690409722843991,2.4421874352919937,2.5863165855407715,37800,0.0,0.0
2010-02-09 00:00:00-05:00,2.666388344847069,2.7784888423084646,2.64236685058517,2.7144315242767334,47500,0.0,0.0
2010-02-10 00:00:00-05:00,2.7064245143937224,2.7064245143937224,2.610338340941877,2.634359836578369,20200,0.0,0.0
2010-02-11 00:00:00-05:00,2.642367001790533,2.7144316796058865,2.602331175729713,2.634359836578369,69600,0.0,0.0
2010-02-12 00:00:00-05:00,2.618345383761368,2.690409867302242,2.610338218923493,2.626352548599243,47400,0.0,0.0
2010-02-16 00:00:00-05:00,2.6343598643641077,2.714431708236178,2.6023312031776316,2.6984171867370605,15400,0.0,0.0
2010-02-17 00:00:00-05:00,2.7144316940929856,2.7144316940929856,2.586316859108727,2.666388511657715,48100,0.0,0.0
2010-02-18 00:00:00-05:00,2.6183454696851114,2.6183454696851114,2.554288148880005,2.554288148880005,31300,0.0,0.0
2010-02-19 00:00:00-05:00,2.5622951166407555,2.5703022811247074,2.474216116411426,2.4982376098632812,72300,0.0,0.0
2010-02-22 00:00:00-05:00,2.506244965253093,2.5622951166407555,2.474216116411426,2.4982376098632812,33000,0.0,0.0
2010-02-23 00:00:00-05:00,2.49823760123621,2.602330930073982,2.4742161078673073,2.4822232723236084,33100,0.0,0.0
2010-02-24 00:00:00-05:00,2.482222909210874,2.5382732431115,2.43417992950105,2.4742157459259033,36300,0.0,0.0
2010-02-25 00:00:00-05:00,2.458201386012323,2.506244555976309,2.386136917425087,2.4261727333068848,169900,0.0,0.0
2010-02-26 00:00:00-05:00,2.4261729423031384,2.5863164105312935,2.354108467508099,2.3781299591064453,88000,0.0,0.0
2010-03-01 00:00:00-05:00,2.370123082881379,2.6423668782749927,2.370123082881379,2.626352548599243,71100,0.0,0.0
2010-03-02 00:00:00-05:00,2.6183452702275747,2.7864959154376527,2.5622951187928353,2.770481586456299,53300,0.0,0.0
2010-03-03 00:00:00-05:00,2.77848896807061,2.85856061923454,2.7144316471394667,2.7224388122558594,31000,0.0,0.0
2010-03-04 00:00:00-05:00,2.762475130717391,2.770482297262419,2.626353108546006,2.7544679641723633,27600,0.0,0.0
2010-03-05 00:00:00-05:00,2.73044611325483,2.9066039454879693,2.73044611325483,2.762474775314331,57900,0.0,0.0
2010-03-08 00:00:00-05:00,2.6824027957680197,2.7384531424886456,2.538273823672946,2.7224388122558594,27500,0.0,0.0
2010-03-09 00:00:00-05:00,2.7224384126774672,2.8985960193830653,2.682402402065802,2.850553035736084,50900,0.0,0.0
2010-03-10 00:00:00-05:00,2.8425465456899284,2.9386327266693115,2.810517882332098,2.9386327266693115,60400,0.0,0.0
2010-03-11 00:00:00-05:00,2.8825824892599097,2.9626543417374016,2.866568156945591,2.9306256771087646,68800,0.0,0.0
2010-03-12 00:00:00-05:00,2.890589088726658,2.890589088726658,2.7624744553285603,2.8345389366149902,34200,0.0,0.0
2010-03-15 00:00:00-04:00,2.786496176530128,2.8585606636986065,2.7624746808073017,2.8185248374938965,22600,0.0,0.0
2010-03-16 00:00:00-04:00,2.7945028494075523,2.8665673238789893,2.7384527025964345,2.7864956855773926,15500,0.0,0.0
2010-03-17 00:00:00-04:00,2.7945031136780845,2.946639431744188,2.746460126153798,2.8345389366149902,21900,0.0,0.0
2010-03-18 00:00:00-04:00,2.842546326058108,2.882582152161993,2.7624746738503387,2.8025104999542236,19600,0.0,0.0
2010-03-19 00:00:00-04:00,2.874574899673462,2.874574899673462,2.7945032498965463,2.874574899673462,62300,0.0,0.0
2010-03-22 00:00:00-04:00,2.8585604470602237,2.930625119673099,2.7384529775485373,2.866567611694336,28700,0.0,0.0
2010-03-23 00:00:00-04:00,2.810517699778331,2.882582187652588,2.7945033691396075,2.882582187652588,19900,0.0,0.0
2010-03-24 00:00:00-04:00,2.7945028494075523,2.8665673238789893,2.7864956855773926,2.7864956855773926,28900,0.0,0.0
2010-03-25 00:00:00-04:00,2.8025101377424053,2.8345387944859537,2.7864958093706313,2.7945029735565186,18200,0.0,0.0
2010-03-26 00:00:00-04:00,2.7864962783876397,2.8505536026567255,2.770481947320368,2.778489112854004,38900,0.0,0.0
2010-03-29 00:00:00-04:00,2.778489361352848,2.834539525101239,2.778489361352848,2.8105180263519287,16100,0.0,0.0
2010-03-30 00:00:00-04:00,2.8025100132377117,2.826531504728191,2.778488521747233,2.7864956855773926,28000,0.0,0.0
2010-03-31 00:00:00-04:00,2.802510344814085,2.810517509591605,2.7064243674838466,2.7304458618164062,57600,0.0,0.0
2010-04-01 00:00:00-04:00,2.754467356148966,2.7864960152590452,2.7304458618164062,2.7304458618164062,59100,0.0,0.0
2010-04-05 00:00:00-04:00,2.7544675086295616,2.8025104999542236,2.746460343408785,2.8025104999542236,55700,0.0,0.0
2010-04-06 00:00:00-04:00,2.8025102269019806,2.8025102269019806,2.722438582495696,2.738452911376953,58800,0.0,0.0
2010-04-07 00:00:00-04:00,2.7464604442845806,2.802510602888707,2.7384532787697053,2.762474775314331,21900,0.0,0.0
2010-04-08 00:00:00-04:00,2.7624745209264856,2.7624745209264856,2.7304458618164062,2.7304458618164062,9500,0.0,0.0
2010-04-09 00:00:00-04:00,2.7464604442845806,2.7704819408292063,2.73044611325483,2.762474775314331,14200,0.0,0.0
2010-04-12 00:00:00-04:00,2.770481569139467,2.770481569139467,2.730445746936325,2.738452911376953,25400,0.0,0.0
2010-04-13 00:00:00-04:00,2.7464603076050382,2.77848896807061,2.7064244820230736,2.7224388122558594,53800,0.0,0.0
2010-04-14 00:00:00-04:00,2.746460343408785,2.8025104999542236,2.7144316825256767,2.8025104999542236,49800,0.0,0.0
2010-04-15 00:00:00-04:00,2.8025104999542236,2.8025104999542236,2.7784890042918926,2.8025104999542236,13100,0.0,0.0
2010-04-16 00:00:00-04:00,2.810517509591605,2.810517509591605,2.7304458618164062,2.7304458618164062,39600,0.0,0.0
2010-04-19 00:00:00-04:00,2.738452824255309,2.8105173019282925,2.738452824255309,2.7945029735565186,10800,0.0,0.0
2010-04-20 00:00:00-04:00,2.8105176651750003,2.8105176651750003,2.7784890042918926,2.8025104999542236,17500,0.0,0.0
2010-04-21 00:00:00-04:00,2.7945029735565186,2.8025101377424053,2.746459988441196,2.7945029735565186,16200,0.0,0.0
2010-04-22 00:00:00-04:00,2.7704818390711154,2.8025104999542236,2.7704818390711154,2.8025104999542236,35900,0.0,0.0
2010-04-23 00:00:00-04:00,2.7945033347334465,2.8025104999542236,2.7704818390711154,2.8025104999542236,60200,0.0,0.0
2010-04-26 00:00:00-04:00,2.79450307992833,2.8025102444190066,2.7624744219656217,2.770481586456299,16900,0.0,0.0
2010-04-27 00:00:00-04:00,2.7544676162530966,2.8025106094549113,2.730446119652189,2.778489112854004,36300,0.0,0.0
2010-04-28 00:00:00-04:00,2.7945033347334465,2.8025104999542236,2.7864961695126693,2.8025104999542236,16600,0.0,0.0
2010-04-29 00:00:00-04:00,2.8105175648542637,2.842546224594116,2.5703024258994978,2.842546224594116,58000,0.0,0.0
2010-04-30 00:00:00-04:00,2.8345396296226433,2.8425467961676714,2.730446464537279,2.7544679641723633,38100,0.0,0.0
2010-05-03 00:00:00-04:00,2.738453285185825,2.8265321060558186,2.730446119652189,2.778489112854004,35400,0.0,0.0
2010-05-04 00:00:00-04:00,2.7464600758175814,2.826531720223866,2.730445746936325,2.738452911376953,65800,0.0,0.0
2010-05-05 00:00:00-04:00,2.7384527102335063,2.7945028572009383,2.6423665530977782,2.6824023723602295,40400,0.0,0.0
2010-05-06 00:00:00-04:00,2.6023310540856186,2.7945032011004836,2.570302394734119,2.626352548599243,65200,0.0,0.0
2010-05-07 00:00:00-04:00,2.602331277463668,2.7624747788733783,2.402151948428001,2.5943241119384766,118200,0.0,0.0
2010-05-10 00:00:00-04:00,2.6743950948961044,2.786495574974645,2.634359277334424,2.6904094219207764,65000,0.0,0.0
2010-05-11 00:00:00-04:00,2.60233140561825,2.6663887329743514,2.5622955760206865,2.6183457374572754,67900,0.0,0.0
2010-05-12 00:00:00-04:00,2.6343603176066903,2.6824033176522195,2.5863173175611616,2.6503746509552,67500,0.0,0.0
2010-05-13 00:00:00-04:00,2.642366893908093,2.6743955534490844,2.6103382343671018,2.658381223678589,100300,0.0,0.0
2010-05-14 00:00:00-04:00,2.6423667363963514,2.6423667363963514,2.5462807635010716,2.5863165855407715,92200,0.0,0.0
2010-05-17 00:00:00-04:00,2.6023310139004776,2.6103381786147057,2.458201858138501,2.546280860900879,42400,0.0,0.0
2010-05-18 00:00:00-04:00,2.578309412381862,2.594323741143388,2.450194591383795,2.5703022480010986,47600,0.0,0.0
2010-05-19 00:00:00-04:00,2.5703022722487785,2.578309436705079,2.4742161078673073,2.4822232723236084,36000,0.0,0.0
2010-05-20 00:00:00-04:00,2.4501949386002306,2.5142524536297652,2.3941447799920366,2.410159111022949,92200,0.0,0.0
2010-05-21 00:00:00-04:00,2.3781299492325125,2.394144276898252,2.338094130068163,2.3621156215667725,82000,0.0,0.0
2010-05-24 00:00:00-04:00,2.370123258764024,2.394144755060241,2.153929601192186,2.1779510974884033,81900,0.0,0.0
2010-05-25 00:00:00-04:00,2.0658509731292725,2.1138941655251924,2.0418294723842716,2.0658509731292725,132700,0.0,0.0
2010-05-26 00:00:00-04:00,2.033821943701177,2.121900955004957,2.0258147782104587,2.0418291091918945,62000,0.0,0.0
2010-05-27 00:00:00-04:00,2.0818643679276145,2.1539290285635375,2.033821388107554,2.0978786945343018,70100,0.0,0.0
2010-05-28 00:00:00-04:00,2.089872227016959,2.137915413737981,2.025814899263457,2.0498363971710205,57500,0.0,0.0
2010-06-01 00:00:00-04:00,2.049835938700059,2.153929263923646,2.0098001178086227,2.081864595413208,68500,0.0,0.0
2010-06-02 00:00:00-04:00,2.0818650489554407,2.2420085583149114,2.073857883032762,2.217987060546875,30800,0.0,0.0
2010-06-03 00:00:00-04:00,2.2019726993768614,2.2580228600891683,2.089872187046356,2.1379153728485107,45400,0.0,0.0
2010-06-04 00:00:00-04:00,2.0898718085231116,2.153929314355085,1.9217213568420568,1.9537500143051147,58600,0.0,0.0
2010-06-07 00:00:00-04:00,2.065850315425818,2.1299078212577913,1.9537500143051147,1.9537500143051147,104600,0.0,0.0
2010-06-08 00:00:00-04:00,1.95374990364355,1.985778559292486,1.8416494179664282,1.849656581878662,277000,0.0,0.0
2010-06-09 00:00:00-04:00,1.8656710429135093,1.9617572076267906,1.8176280560097984,1.873678207397461,58300,0.0,0.0
2010-06-10 00:00:00-04:00,1.9057073797987085,1.9697647065462642,1.8656713596755936,1.9617575407028198,43600,0.0,0.0
2010-06-11 00:00:00-04:00,1.9137141086791405,1.9697642567851847,1.873678097697546,1.8896924257278442,20700,0.0,0.0
2010-06-14 00:00:00-04:00,1.9137148259233316,1.953750661004171,1.8416501318719,1.8576644659042358,51400,0.0,0.0
2010-06-15 00:00:00-04:00,1.8816855770445162,1.9217215947353243,1.777592427403705,1.7936067581176758,88700,0.0,0.0
2010-06-16 00:00:00-04:00,1.8096207055025135,2.2420079249995806,1.8096207055025135,2.057842969894409,130600,0.0,0.0
2010-06-17 00:00:00-04:00,2.105886459350586,2.1539294485381,2.0738576089863745,2.105886459350586,473900,0.0,0.0
2010-06-18 00:00:00-04:00,2.1219008272119266,2.1699438172628094,2.0258146562042882,2.0338218212127686,212100,0.0,0.0
2010-06-21 00:00:00-04:00,2.097879877098255,2.1619374105397324,2.0017938632949486,2.017808198928833,50600,0.0,0.0
2010-06-22 00:00:00-04:00,2.033821773838337,2.121900777785844,1.9297286311527642,1.9377357959747314,123700,0.0,0.0
2010-06-23 00:00:00-04:00,1.929728436709439,1.9537499287548865,1.873678097697546,1.8896924257278442,65700,0.0,0.0
2010-06-24 00:00:00-04:00,1.8736785421839335,1.8816857080985954,1.8016140489519763,1.8096212148666382,142500,0.0,0.0
2010-06-25 00:00:00-04:00,1.817627881526656,1.865670863818482,1.745563408088917,1.7775920629501343,3841700,0.0,0.0
2010-06-28 00:00:00-04:00,1.7775926613555966,1.8496571590529929,1.7775926613555966,1.7855998277664185,84800,0.0,0.0
2010-06-29 00:00:00-04:00,1.7295494424819067,1.7535709386531424,1.6414704322814941,1.6414704322814941,161000,0.0,0.0
2010-06-30 00:00:00-04:00,1.6094419933489093,1.713535348729053,1.6014348268508911,1.6014348268508911,125000,0.0,0.0
2010-07-01 00:00:00-04:00,1.6654919284527299,1.7215422770914948,1.6254561015006703,1.6414704322814941,104200,0.0,0.0
2010-07-02 00:00:00-04:00,1.625456077247326,1.625456077247326,1.5694059203507642,1.5854202508926392,99600,0.0,0.0
2010-07-06 00:00:00-04:00,1.6574847942403772,1.6654919597814077,1.473319891343735,1.4813270568847656,127400,0.0,0.0
2010-07-07 00:00:00-04:00,1.5774128897312256,1.5774128897312256,1.489333987236023,1.489333987236023,97500,0.0,0.0
2010-07-08 00:00:00-04:00,1.5373771867531985,1.8336425925572615,1.5373771867531985,1.6414704322814941,195900,0.0,0.0
2010-07-09 00:00:00-04:00,1.6815060103238506,1.7295491864604762,1.5854200398623064,1.6334630250930786,86600,0.0,0.0
2010-07-12 00:00:00-04:00,1.649477353503336,1.673498846118722,1.6094415324776925,1.6334630250930786,35100,0.0,0.0
2010-07-13 00:00:00-04:00,1.681506234143888,1.6895133994148255,1.5854202508926392,1.5854202508926392,76500,0.0,0.0
2010-07-14 00:00:00-04:00,1.6094418587630435,1.6254561904199183,1.5453844366825986,1.5613988637924194,94100,0.0,0.0
2010-07-15 00:00:00-04:00,1.5934273658940468,1.5934273658940468,1.5213627852761678,1.5293699502944946,46100,0.0,0.0
2010-07-16 00:00:00-04:00,1.5453842726693356,1.5453842726693356,1.4973412827975647,1.5133556127548218,26100,0.0,0.0
2010-07-19 00:00:00-04:00,1.5533916586908871,1.6014346524468805,1.5213629007339478,1.5213629007339478,30400,0.0,0.0
2010-07-20 00:00:00-04:00,1.5293700599719366,1.6174489769429723,1.505348563194275,1.505348563194275,24600,0.0,0.0
2010-07-21 00:00:00-04:00,1.5613988177950953,1.5613988177950953,1.505348563194275,1.505348563194275,30200,0.0,0.0
2010-07-22 00:00:00-04:00,1.5053483066072728,1.5133554708350037,1.4653124854686195,1.47331964969635,31300,0.0,0.0
2010-07-23 00:00:00-04:00,1.4973411339480365,1.6815060056017395,1.4973411339480365,1.6254558563232422,122000,0.0,0.0
2010-07-26 00:00:00-04:00,1.649477733852394,1.873678574199777,1.6254562356979492,1.6895135641098022,160000,0.0,0.0
2010-07-27 00:00:00-04:00,1.7295495370954959,1.77759253206612,1.5613988637924194,1.5613988637924194,96200,0.0,0.0
2010-07-28 00:00:00-04:00,1.5694058446503076,1.6895133179209723,1.5694058446503076,1.6734989881515503,40200,0.0,0.0
2010-07-29 00:00:00-04:00,1.7055277865695675,1.7615779390527486,1.7055277865695675,1.713534951210022,69300,0.0,0.0
2010-07-30 00:00:00-04:00,1.7135350739750257,1.745563734831514,1.697520552640904,1.721542239189148,30700,0.0,0.0
2010-08-02 00:00:00-04:00,1.761577840040313,1.761577840040313,1.7215420190883213,1.7535706758499146,27000,0.0,0.0
2010-08-03 00:00:00-04:00,1.777592408301016,1.777592408301016,1.513355668001263,1.5854202508926392,107200,0.0,0.0
2010-08-04 00:00:00-04:00,1.569405863058157,1.601434522972671,1.5133556127548218,1.5133556127548218,70000,0.0,0.0
2010-08-05 00:00:00-04:00,1.5293699427120788,1.6094416879512994,1.5133556127548218,1.5133556127548218,202300,0.0,0.0
2010-08-06 00:00:00-04:00,1.489334013353132,1.5373769998550415,1.489334013353132,1.5373769998550415,35100,0.0,0.0
2010-08-09 00:00:00-04:00,1.561398824316886,1.561398824316886,1.50534856948195,1.5213629007339478,17700,0.0,0.0
2010-08-10 00:00:00-04:00,1.5213628943793827,1.5533916522025413,1.505348563194275,1.505348563194275,3900,0.0,0.0
2010-08-11 00:00:00-04:00,1.5053484736759406,1.5053484736759406,1.3532122410115368,1.3612194061279297,83600,0.0,0.0
2010-08-12 00:00:00-04:00,1.3612195429052614,1.3612195429052614,1.2010760335800728,1.2090831995010376,962200,0.0,0.0
2010-08-13 00:00:00-04:00,1.2010757832775145,1.209082947529797,1.1290112095540439,1.1850614547729492,105200,0.0,0.0
2010-08-16 00:00:00-04:00,1.1690473671233121,1.2170903625351457,1.1210042762585317,1.2010760307312012,198500,0.0,0.0
2010-08-17 00:00:00-04:00,1.1930684826008857,1.2411114626209887,1.1610398292541504,1.1610398292541504,236500,0.0,0.0
2010-08-18 00:00:00-04:00,1.1690473671233121,1.2331046943390902,1.1690473671233121,1.2010760307312012,79700,0.0,0.0
2010-08-19 00:00:00-04:00,1.225097531342967,1.3612195429052614,1.1930688676591081,1.2090831995010376,210300,0.0,0.0
2010-08-20 00:00:00-04:00,1.2090830874733012,1.225097417831421,1.1690472615780017,1.225097417831421,43600,0.0,0.0
2010-08-23 00:00:00-04:00,1.2731406193018984,1.2811477852038706,1.1690473671233121,1.2010760307312012,113500,0.0,0.0
2010-08-24 00:00:00-04:00,1.1770542378680744,1.1850614017621763,1.121003995156437,1.1370183229446411,109100,0.0,0.0
2010-08-25 00:00:00-04:00,1.1530328587709615,1.1690471881228472,1.1210041046142578,1.1210041046142578,38200,0.0,0.0
2010-08-26 00:00:00-04:00,1.1210040366379599,1.1770542814236749,1.1210040366379599,1.1690471172332764,39100,0.0,0.0
2010-08-27 00:00:00-04:00,1.2010757786677657,1.2250972713324186,1.1049897125562274,1.1770542860031128,87800,0.0,0.0
2010-08-30 00:00:00-04:00,1.145025533663982,1.2250972713324186,1.1290112052208803,1.1770542860031128,143900,0.0,0.0
2010-08-31 00:00:00-04:00,1.1450257739644485,1.2170903625351457,1.1450257739644485,1.2010760307312012,277700,0.0,0.0
2010-09-01 00:00:00-04:00,1.2411117481895406,1.2651333391796586,1.1850615919361216,1.225097417831421,399500,0.0,0.0
2010-09-02 00:00:00-04:00,1.2331047001502886,1.2331047001502886,1.1850617045120448,1.217090368270874,316700,0.0,0.0
2010-09-03 00:00:00-04:00,1.2010759222942413,1.2651333391796586,1.153032931219882,1.225097417831421,61100,0.0,0.0
2010-09-07 00:00:00-04:00,1.1930688676591081,1.2731406223217023,1.1930688676591081,1.2090831995010376,221000,0.0,0.0
2010-09-08 00:00:00-04:00,1.2010760363914594,1.2411118660899958,1.1930688704517523,1.217090368270874,140700,0.0,0.0
2010-09-09 00:00:00-04:00,1.225097528437118,1.2411118602410625,1.1610402012213399,1.2010760307312012,164100,0.0,0.0
2010-09-10 00:00:00-04:00,1.1850617045120448,1.2811477912414795,1.1770545385723377,1.217090368270874,164100,0.0,0.0
2010-09-13 00:00:00-04:00,1.2250974707895743,1.2971620559692383,1.2250974707895743,1.2971620559692383,126100,0.0,0.0
2010-09-14 00:00:00-04:00,1.3211833761777434,1.3211833761777434,1.2170901427929013,1.2411116361618042,141400,0.0,0.0
2010-09-15 00:00:00-04:00,1.2651334533999261,1.2651334533999261,1.193068864829229,1.2010760307312012,291900,0.0,0.0
2010-09-16 00:00:00-04:00,1.2010757878253875,1.2331044449557942,1.185061459260184,1.1930686235427856,104600,0.0,0.0
2010-09-17 00:00:00-04:00,1.161040010448045,1.2010758333795233,1.0969825983047485,1.0969825983047485,311300,0.0,0.0
2010-09-20 00:00:00-04:00,1.072961347031458,1.15303310644329,1.072961347031458,1.1290115118026733,162100,0.0,0.0
2010-09-21 00:00:00-04:00,1.112996914458411,1.1610399968671477,1.048939503064406,1.0729610919952393,781200,0.0,0.0
2010-09-22 00:00:00-04:00,1.1049896673682331,1.1690470739739722,1.072961011791825,1.1370183229446411,516200,0.0,0.0
2010-09-23 00:00:00-04:00,1.153032981062853,1.361219475623711,1.153032981062853,1.2971620559692383,324600,0.0,0.0
2010-09-24 00:00:00-04:00,1.289154890444047,1.393248137724476,1.257126228343282,1.2971620559692383,164500,0.0,0.0
2010-09-27 00:00:00-04:00,1.3211835525448121,1.3371978835951948,1.2731405593936644,1.2971620559692383,93200,0.0,0.0
2010-09-28 00:00:00-04:00,1.2811478546745643,1.3532124471529894,1.2811478546745643,1.33719801902771,75300,0.0,0.0
2010-09-29 00:00:00-04:00,1.353211944617272,1.4733194905089257,1.3051688689888603,1.4492979049682617,365400,0.0,0.0
2010-09-30 00:00:00-04:00,1.433283805847168,1.4412909704812804,1.377233653408381,1.433283805847168,116500,0.0,0.0
2010-10-01 00:00:00-04:00,1.457305669784546,1.5053486666413691,1.4012554113319693,1.457305669784546,110500,0.0,0.0
2010-10-04 00:00:00-04:00,1.4412912446299548,1.4733200047115416,1.3932482476869996,1.4653128385543823,52800,0.0,0.0
2010-10-05 00:00:00-04:00,1.489334181195405,1.489334181195405,1.4092624325488465,1.441291093826294,80700,0.0,0.0
2010-10-06 00:00:00-04:00,1.4172693539268784,1.4573052690856196,1.3932478621033877,1.425276517868042,54400,0.0,0.0
2010-10-07 00:00:00-04:00,1.4012552499771118,1.4412910760809965,1.3932480847563347,1.4012552499771118,60800,0.0,0.0
2010-10-08 00:00:00-04:00,1.4332836818092056,1.441290845750369,1.409262189985715,1.425276517868042,41200,0.0,0.0
2010-10-11 00:00:00-04:00,1.4412912446299548,1.4653128385543823,1.4332840784727956,1.4653128385543823,66500,0.0,0.0
2010-10-12 00:00:00-04:00,1.473319596967947,1.4813267609091103,1.409262189985715,1.425276517868042,14000,0.0,0.0
2010-10-13 00:00:00-04:00,1.4012552672294847,1.4653126852373195,1.3612194406326754,1.441291093826294,42200,0.0,0.0
2010-10-14 00:00:00-04:00,1.4492980958152784,1.5774129173928952,1.4172694381473387,1.5373769998550415,141100,0.0,0.0
2010-10-15 00:00:00-04:00,1.5293700213627865,1.6895134246239656,1.5293700213627865,1.6414704322814941,152500,0.0,0.0
2010-10-18 00:00:00-04:00,1.5934274161635764,1.625456077247326,1.5854202508926392,1.5854202508926392,61900,0.0,0.0
2010-10-19 00:00:00-04:00,1.5613984415544213,1.5934270962068868,1.4573052184809878,1.4973410367965698,230100,0.0,0.0
2010-10-20 00:00:00-04:00,1.393247974011842,1.585420114941264,1.393247974011842,1.553391456604004,21400,0.0,0.0
2010-10-21 00:00:00-04:00,1.5453842803311486,1.5613987058207388,1.465312630147879,1.5293699502944946,60300,0.0,0.0
2010-10-22 00:00:00-04:00,1.5213625806149282,1.5213625806149282,1.425276517868042,1.425276517868042,100000,0.0,0.0
2010-10-25 00:00:00-04:00,1.4252767025369726,1.5133556127548218,1.4252767025369726,1.5133556127548218,78900,0.0,0.0
2010-10-26 00:00:00-04:00,1.50534856948195,1.5373772319859456,1.4813270726039531,1.5213629007339478,76100,0.0,0.0
2010-10-27 00:00:00-04:00,1.489334222425796,1.513355719048887,1.4653127258027048,1.4813270568847656,17500,0.0,0.0
2010-10-28 00:00:00-04:00,1.4573051637837608,1.4733194905089257,1.3692262713424368,1.4492979049682617,26500,0.0,0.0
2010-10-29 00:00:00-04:00,1.42527680264461,1.489334222425796,1.42527680264461,1.4813270568847656,31300,0.0,0.0
2010-11-01 00:00:00-04:00,1.489334222425796,1.5373772156719785,1.4653127258027048,1.4813270568847656,42400,0.0,0.0
2010-11-02 00:00:00-04:00,1.5133558354973375,1.529370167811656,1.4653128385543823,1.4653128385543823,26000,0.0,0.0
2010-11-03 00:00:00-04:00,1.4653124854686195,1.481326813924081,1.4412908973325005,1.47331964969635,37800,0.0,0.0
2010-11-04 00:00:00-04:00,1.4573053556851925,1.5453841642720265,1.4573053556851925,1.5373769998550415,68400,0.0,0.0
2010-11-05 00:00:00-04:00,1.5694059469831618,1.697520593492232,1.5213628590893198,1.6494776010513306,84400,0.0,0.0
2010-11-08 00:00:00-05:00,1.6574846583821283,1.6975204828056834,1.5854201744197296,1.6734989881515503,116900,0.0,0.0
2010-11-09 00:00:00-05:00,1.6414703961420494,1.7775923956880026,1.6334632309279273,1.721542239189148,58900,0.0,0.0
2010-11-10 00:00:00-05:00,1.561398883668706,1.6975207044849439,1.537377290424658,1.6174490451812744,109400,0.0,0.0
2010-11-11 00:00:00-05:00,1.5854201669873154,1.6574846506118774,1.5694058372929682,1.6574846506118774,76300,0.0,0.0
2010-11-12 00:00:00-05:00,1.6975204748477453,1.6975204748477453,1.5774130021401418,1.6574846506118774,71600,0.0,0.0
2010-11-15 00:00:00-05:00,1.673499050020658,1.7775923882760913,1.6014345633940417,1.705527901649475,109600,0.0,0.0
2010-11-16 00:00:00-05:00,1.6975204828056834,1.7295493332503966,1.6094416690738624,1.6734989881515503,127300,0.0,0.0
2010-11-17 00:00:00-05:00,1.673499050020658,1.7135350668302103,1.5934273982133065,1.705527901649475,127700,0.0,0.0
2010-11-18 00:00:00-05:00,1.7215422391891477,1.7775923956880026,1.6654918917844157,1.721542239189148,90200,0.0,0.0
2010-11-19 00:00:00-05:00,1.7215422565636616,1.76157808303833,1.6654919085932463,1.76157808303833,86100,0.0,0.0
2010-11-22 00:00:00-05:00,1.761577983466547,1.8016138076782227,1.673498979294992,1.8016138076782227,92000,0.0,0.0
2010-11-23 00:00:00-05:00,1.8016138172127956,1.8016138172127956,1.6494774934974175,1.6734989881515503,105700,0.0,0.0
2010-11-24 00:00:00-05:00,1.6254560723664317,1.777592402963289,1.6254560723664317,1.7375565767288208,65300,0.0,0.0
2010-11-26 00:00:00-05:00,1.7455639957123092,1.7855998277664182,1.7215424964798438,1.7855998277664185,24800,0.0,0.0
2010-11-29 00:00:00-05:00,1.7615783238372724,1.8016141557846388,1.7295496582793792,1.7695854902267456,111800,0.0,0.0
2010-11-30 00:00:00-05:00,1.7375568246688524,1.7695854902267456,1.7215424918899058,1.7695854902267456,64600,0.0,0.0
2010-12-01 00:00:00-05:00,1.7855995534568265,1.7936067186375617,1.681506215201393,1.705527901649475,87600,0.0,0.0
2010-12-02 00:00:00-05:00,1.7295492804909307,1.7375564451313852,1.6815061017423405,1.713534951210022,89400,0.0,0.0
2010-12-03 00:00:00-05:00,1.7055279498049307,1.7055279498049307,1.6174489394240632,1.6494776010513306,71500,0.0,0.0
2010-12-06 00:00:00-05:00,1.6174489119763886,1.641470407789201,1.5613987550798267,1.5854202508926392,44900,0.0,0.0
2010-12-07 00:00:00-05:00,1.5774128929503983,1.6654917001724243,1.5613985643645754,1.6654917001724243,66500,0.0,0.0
2010-12-08 00:00:00-05:00,1.641470296913176,1.6654917911034137,1.5854201438026212,1.6094416379928589,83000,0.0,0.0
2010-12-09 00:00:00-05:00,1.6334631111598714,1.6334631111598714,1.5694057941436768,1.5694057941436768,52500,0.0,0.0
2010-12-10 00:00:00-05:00,1.5934275271061689,1.6094418587630435,1.5613988637924194,1.5613988637924194,40600,0.0,0.0
2010-12-13 00:00:00-05:00,1.593427469912134,1.6254561320762555,1.4492982992677013,1.4813270568847656,194300,0.0,0.0
2010-12-14 00:00:00-05:00,1.4733197878616793,1.569405863058157,1.449298197472858,1.5133556127548218,84100,0.0,0.0
2010-12-15 00:00:00-05:00,1.5373772255644904,1.577413148980203,1.4092624806306853,1.505348563194275,79800,0.0,0.0
2010-12-16 00:00:00-05:00,1.4973413976017211,1.513355728786829,1.4492983085934548,1.505348563194275,58100,0.0,0.0
2010-12-17 00:00:00-05:00,1.4653124944063114,1.5694057254546552,1.433283741847102,1.489333987236023,91700,0.0,0.0
2010-12-20 00:00:00-05:00,1.4733198505566814,1.4733198505566814,1.4012552672294847,1.441291093826294,62600,0.0,0.0
2010-12-21 00:00:00-05:00,1.4733199008240594,1.5213628943793827,1.4172696462232393,1.505348563194275,174900,0.0,0.0
2010-12-22 00:00:00-05:00,1.4813268798922379,1.577412950356949,1.449298126102047,1.553391456604004,210200,0.0,0.0
2010-12-23 00:00:00-05:00,1.5213626710210717,1.5613985885589254,1.4733196845191623,1.5373769998550415,60700,0.0,0.0
2010-12-27 00:00:00-05:00,1.4973413976017211,1.5213628943793827,1.4813270664166134,1.505348563194275,49300,0.0,0.0
2010-12-28 00:00:00-05:00,1.481326848936147,1.5373769998550415,1.481326848936147,1.5373769998550415,45600,0.0,0.0
2010-12-29 00:00:00-05:00,1.5133555879098188,1.6815061451533981,1.4092623494436283,1.6574846506118774,132500,0.0,0.0
2010-12-30 00:00:00-05:00,1.6334632668910822,1.7215422770914948,1.5774131091581989,1.6414704322814941,74600,0.0,0.0
2010-12-31 00:00:00-05:00,1.6414703209175303,1.713534995447961,1.5613986724457947,1.6574846506118774,2289300,0.0,0.0
2011-01-03 00:00:00-05:00,1.6574847265702937,1.7775923956880026,1.6334632309279273,1.721542239189148,175600,0.0,0.0
2011-01-04 00:00:00-05:00,1.6975204847776584,1.8736783033518083,1.6815061549896329,1.825635313987732,289700,0.0,0.0
2011-01-05 00:00:00-05:00,1.825635256176384,1.8656710793786562,1.6975204310232495,1.713534951210022,112100,0.0,0.0
2011-01-06 00:00:00-05:00,1.7375563880445357,1.8016137030635888,1.64947738898748,1.69752037525177,644000,0.0,0.0
2011-01-07 00:00:00-05:00,1.6654917724614315,1.7375564451313852,1.6494774431805228,1.713534951210022,99600,0.0,0.0
2011-01-10 00:00:00-05:00,1.7375564981351077,1.7375564981351077,1.6494774934974175,1.6734989881515503,55100,0.0,0.0
2011-01-11 00:00:00-05:00,1.6895133100005717,1.6895133100005717,1.609441661528836,1.6574846506118774,81900,0.0,0.0
2011-01-12 00:00:00-05:00,1.68150622221266,1.737556569617392,1.6494775613561716,1.721542239189148,97600,0.0,0.0
2011-01-13 00:00:00-05:00,1.713534995447961,1.713534995447961,1.6494774857647039,1.6574846506118774,84200,0.0,0.0
2011-01-14 00:00:00-05:00,1.6334632342861017,1.7455637384201517,1.6334632342861017,1.7295494079589844,81200,0.0,0.0
2011-01-18 00:00:00-05:00,1.6574846078209773,1.7775922683336574,1.6494774431805228,1.713534951210022,90200,0.0,0.0
2011-01-19 00:00:00-05:00,1.6895130822706936,1.7135347644801946,1.6494772634312636,1.6815059185028076,140500,0.0,0.0
2011-01-20 00:00:00-05:00,1.657484734654568,1.689513395667274,1.5373771604039808,1.5774130821228027,87300,0.0,0.0
2011-01-21 00:00:00-05:00,1.6094416172787984,1.6094416172787984,1.5293698755556233,1.5694057941436768,44300,0.0,0.0
2011-01-24 00:00:00-05:00,1.5774129173928952,1.5854200818098803,1.4653125201021773,1.5373769998550415,76100,0.0,0.0
2011-01-25 00:00:00-05:00,1.4813271100551,1.577413195449294,1.4573056125697879,1.5613988637924194,133300,0.0,0.0
2011-01-26 00:00:00-05:00,1.5774130821228027,1.6414704041482149,1.5774130821228027,1.5774130821228027,68600,0.0,0.0
2011-01-27 00:00:00-05:00,1.577413043515915,1.577413043515915,1.5133556276053568,1.5453842878341675,63300,0.0,0.0
2011-01-28 00:00:00-05:00,1.5694060296208567,1.577413195449294,1.4893342758835373,1.5613988637924194,52300,0.0,0.0
2011-01-31 00:00:00-05:00,1.5213627852761678,1.5453842803311486,1.4893341252028598,1.5293699502944946,56000,0.0,0.0
2011-02-01 00:00:00-05:00,1.521362730509054,1.6094416379928589,1.5133555657789748,1.6094416379928589,65200,0.0,0.0
2011-02-02 00:00:00-05:00,1.6334632425182636,1.6334632425182636,1.497341337459388,1.5854202508926392,77200,0.0,0.0
2011-02-03 00:00:00-05:00,1.5533916979639821,1.6014346929346062,1.4893342758835373,1.5613988637924194,16000,0.0,0.0
2011-02-04 00:00:00-05:00,1.585420247375979,1.5934274126291557,1.5133556646444513,1.5774130821228027,49500,0.0,0.0
2011-02-07 00:00:00-05:00,1.601434452651774,1.601434452651774,1.4653125585394287,1.5694057941436768,111800,0.0,0.0
2011-02-08 00:00:00-05:00,1.5053484625481541,1.5613987134015097,1.4653126372621408,1.5453842878341675,16400,0.0,0.0
2011-02-09 00:00:00-05:00,1.5533916586908871,1.5533916586908871,1.4813270726039531,1.5213629007339478,42600,0.0,0.0
2011-02-10 00:00:00-05:00,1.4893341252028598,1.553391540802412,1.481326960184533,1.5293699502944946,21500,0.0,0.0
2011-02-11 00:00:00-05:00,1.7936065001015056,1.7936065001015056,1.5213626307683503,1.6334630250930786,64700,0.0,0.0
2011-02-14 00:00:00-05:00,1.6654918917844157,1.72954940440327,1.609441735285561,1.721542239189148,57200,0.0,0.0
2011-02-15 00:00:00-05:00,1.6895136399306507,1.809621326998884,1.6654921406981853,1.7855998277664185,126800,0.0,0.0
2011-02-16 00:00:00-05:00,1.7695852620467194,1.8416497502595888,1.7695852620467194,1.7936067581176758,52400,0.0,0.0
2011-02-17 00:00:00-05:00,1.7936066428358874,1.8176281373628929,1.7375564889395416,1.8016138076782227,69200,0.0,0.0
2011-02-18 00:00:00-05:00,1.8016138268888273,1.8416496515274048,1.7775923321056806,1.8416496515274048,59400,0.0,0.0
2011-02-22 00:00:00-05:00,1.8096212148666382,1.8096212148666382,1.753571053464005,1.8096212148666382,74000,0.0,0.0
2011-02-23 00:00:00-05:00,1.7855995927606902,1.8016139234746613,1.7615780966897339,1.7936067581176758,60400,0.0,0.0
2011-02-24 00:00:00-05:00,1.7936066428358874,1.8096209725205579,1.7775923131512172,1.8016138076782227,26500,0.0,0.0
2011-02-25 00:00:00-05:00,1.8016138193056936,1.8576639735637828,1.7855994895176681,1.825635313987732,49700,0.0,0.0
2011-02-28 00:00:00-05:00,1.8016139234746613,1.8176282541886324,1.7936067581176758,1.7936067581176758,20700,0.0,0.0
2011-03-01 00:00:00-05:00,1.833642712610624,1.833642712610624,1.8016140489519763,1.8096212148666382,12400,0.0,0.0
2011-03-02 00:00:00-05:00,1.8176283836364746,1.8176283836364746,1.7936068858547554,1.8176283836364746,21800,0.0,0.0
2011-03-03 00:00:00-05:00,1.8096209918165427,1.8496568164551204,1.7936066619611117,1.8416496515274048,82800,0.0,0.0
2011-03-04 00:00:00-05:00,1.8416498871282134,1.8576642190323451,1.8016140573678838,1.8336427211761475,58000,0.0,0.0
2011-03-07 00:00:00-05:00,1.8416501318719,1.8656716329204037,1.8256357978395643,1.8576644659042358,42900,0.0,0.0
2011-03-08 00:00:00-05:00,1.8816849766808368,1.9617567956091442,1.8336419998673443,1.9217209815979004,184900,0.0,0.0
2011-03-09 00:00:00-05:00,1.9217209815979004,1.9217209815979004,1.8976993022853343,1.9217209815979004,16500,0.0,0.0
2011-03-10 00:00:00-05:00,1.9377356055795856,1.9377356055795856,1.8576637743216249,1.8976995944976807,27000,0.0,0.0
2011-03-11 00:00:00-05:00,1.8256355495637144,1.913714565669246,1.705528060655118,1.8176283836364746,198200,0.0,0.0
2011-03-14 00:00:00-04:00,1.8176282541886324,1.8336425849026032,1.777592427403705,1.7936067581176758,24100,0.0,0.0
2011-03-15 00:00:00-04:00,1.7215422427284006,1.7455637384201517,1.6254560690555182,1.7295494079589844,229100,0.0,0.0
2011-03-16 00:00:00-04:00,1.6975205697729812,1.8256354053978,1.6975205697729812,1.76157808303833,136000,0.0,0.0
2011-03-17 00:00:00-04:00,1.7615780724695016,1.7615780724695016,1.7215422462350336,1.7375565767288208,72600,0.0,0.0
2011-03-18 00:00:00-04:00,1.7535709000456363,1.7615780652597584,1.673499056998538,1.721542239189148,31400,0.0,0.0
2011-03-21 00:00:00-04:00,1.737556587153529,1.7775924136281975,1.737556587153529,1.76157808303833,51700,0.0,0.0
2011-03-22 00:00:00-04:00,1.76157808303833,1.769585248333264,1.737556587153529,1.76157808303833,64900,0.0,0.0
2011-03-23 00:00:00-04:00,1.7455635116595163,1.7695850042307113,1.7135348548979228,1.7535706758499146,120800,0.0,0.0
2011-03-24 00:00:00-04:00,1.7295494218585954,1.8016139095129988,1.7295494218585954,1.76157808303833,81700,0.0,0.0
2011-03-25 00:00:00-04:00,1.7855998157008164,1.8336428138411127,1.7375568175605203,1.7455639839172363,149200,0.0,0.0
2011-03-28 00:00:00-04:00,1.7615780652597584,1.7855995609021247,1.7135350739750257,1.721542239189148,36200,0.0,0.0
2011-03-29 00:00:00-04:00,1.713535318490372,1.7615783166306684,1.713535318490372,1.7455639839172363,34100,0.0,0.0
2011-03-30 00:00:00-04:00,1.7455639910583258,1.7855998230056922,1.6975208018155807,1.7695854902267456,95100,0.0,0.0
2011-03-31 00:00:00-04:00,1.761577840040313,1.761577840040313,1.6734988430400781,1.7535706758499146,164700,0.0,0.0
2011-04-01 00:00:00-04:00,1.7615783285339528,1.7855998277664182,1.7455639957123092,1.7855998277664185,20300,0.0,0.0
2011-04-04 00:00:00-04:00,1.7695854949447747,1.7855998277664182,1.7295496628906657,1.7855998277664185,36000,0.0,0.0
2011-04-05 00:00:00-04:00,1.7615780022502496,1.8416496515274048,1.7615780022502496,1.8416496515274048,24400,0.0,0.0
2011-04-06 00:00:00-04:00,1.8176279541455693,1.8976995944976807,1.8176279541455693,1.8976995944976807,10000,0.0,0.0
2011-04-07 00:00:00-04:00,1.8576642190323451,1.8816857168885428,1.8256355552240815,1.8336427211761475,31800,0.0,0.0
2011-04-08 00:00:00-04:00,1.8496566056520984,1.8896924257278442,1.8496566056520984,1.8896924257278442,26400,0.0,0.0
2011-04-11 00:00:00-04:00,1.8576637457908962,1.881685237527598,1.8336422540541943,1.849656581878662,54300,0.0,0.0
2011-04-12 00:00:00-04:00,1.8576642132726733,1.8816857110543928,1.7855997199275155,1.8176283836364746,20200,0.0,0.0
2011-04-13 00:00:00-04:00,1.833642712610624,1.841649878525286,1.8096212148666382,1.8096212148666382,14300,0.0,0.0
2011-04-14 00:00:00-04:00,1.7936068858547554,1.8416498814181939,1.7936068858547554,1.8176283836364746,3700,0.0,0.0
2011-04-15 00:00:00-04:00,1.8256355552240815,1.873678550936477,1.8256355552240815,1.8336427211761475,13600,0.0,0.0
2011-04-18 00:00:00-04:00,1.833642715490954,1.8416498814181939,1.8096212177092348,1.8176283836364746,5300,0.0,0.0
2011-04-19 00:00:00-04:00,1.841649878525286,1.841649878525286,1.8096212148666382,1.8096212148666382,23000,0.0,0.0
2011-04-20 00:00:00-04:00,1.8176281373628929,1.8176281373628929,1.7375564889395416,1.8016138076782227,20500,0.0,0.0
2011-04-21 00:00:00-04:00,1.8016139234746613,1.8256354195456177,1.777592427403705,1.7936067581176758,8400,0.0,0.0
2011-04-25 00:00:00-04:00,1.7775920629501345,1.7775920629501345,1.7135347532276999,1.7775920629501343,71500,0.0,0.0
2011-04-26 00:00:00-04:00,1.7775926613555966,1.809621326998884,1.7775926613555966,1.7855998277664185,11400,0.0,0.0
2011-04-27 00:00:00-04:00,1.7855995927606902,1.8496569156165743,1.777592427403705,1.7936067581176758,40000,0.0,0.0
2011-04-28 00:00:00-04:00,1.8256356829044478,1.9137147054430927,1.8256356829044478,1.8656715154647827,64900,0.0,0.0
2011-04-29 00:00:00-04:00,1.8576643489527156,1.8896930150009836,1.8256356829044478,1.8656715154647827,58000,0.0,0.0
2011-05-02 00:00:00-04:00,1.8416495536563495,1.8816853761672974,1.83364238915416,1.8816853761672974,3300,0.0,0.0
2011-05-03 00:00:00-04:00,1.8256354195456177,1.8416497502595888,1.745563765975763,1.7936067581176758,33500,0.0,0.0
2011-05-04 00:00:00-04:00,1.7775925540002757,1.8977000429088722,1.7775925540002757,1.8176283836364746,27000,0.0,0.0
2011-05-05 00:00:00-04:00,1.7936068858547554,1.8576642132726733,1.7936068858547554,1.8176283836364746,17700,0.0,0.0
2011-05-06 00:00:00-04:00,1.8496568164551204,1.8656711463105513,1.8096209918165427,1.8416496515274048,16000,0.0,0.0
2011-05-09 00:00:00-04:00,1.8416494179664282,1.9217212479946142,1.8416494179664282,1.849656581878662,15700,0.0,0.0
2011-05-10 00:00:00-04:00,1.8416497359876673,1.8416497359876673,1.7295494218585954,1.76157808303833,216000,0.0,0.0
2011-05-11 00:00:00-04:00,1.7375566006187775,1.7936067581176758,1.7375566006187775,1.7936067581176758,3500,0.0,0.0
2011-05-12 00:00:00-04:00,1.7535711502739524,1.8176284811276806,1.7455639839172363,1.7455639839172363,35700,0.0,0.0
2011-05-13 00:00:00-04:00,1.7375565767288208,1.7936067334570762,1.6815062290946872,1.7375565767288208,164100,0.0,0.0
2011-05-16 00:00:00-04:00,1.7615783166306684,1.7775926493441003,1.6815064621576035,1.7455639839172363,49000,0.0,0.0
2011-05-17 00:00:00-04:00,1.69752037525177,1.7135348949123907,1.6815060464970066,1.69752037525177,20600,0.0,0.0
2011-05-18 00:00:00-04:00,1.801613565926941,1.801613565926941,1.6815059185028076,1.6815059185028076,10400,0.0,0.0
2011-05-19 00:00:00-04:00,1.697520593492232,1.697520593492232,1.633463270237697,1.6494776010513306,82200,0.0,0.0
2011-05-20 00:00:00-04:00,1.6654919284527299,1.6975205900143775,1.6014346053294346,1.6414704322814941,177800,0.0,0.0
2011-05-23 00:00:00-04:00,1.6254557721276055,1.6815059185028076,1.6014342808239475,1.6815059185028076,16900,0.0,0.0
2011-05-24 00:00:00-04:00,1.6654916772364545,1.6654916772364545,1.6254558563232422,1.6254558563232422,11000,0.0,0.0
2011-05-25 00:00:00-04:00,1.641470296913176,1.6654917911034137,1.6094416379928589,1.6094416379928589,41800,0.0,0.0
2011-05-26 00:00:00-04:00,1.6254557721276055,1.6895130822706936,1.6254557721276055,1.6815059185028076,32000,0.0,0.0
2011-05-27 00:00:00-04:00,1.6815061451533981,1.6975204748477453,1.6574846506118774,1.6574846506118774,18600,0.0,0.0
2011-05-31 00:00:00-04:00,1.673498955833493,1.6895132852936516,1.6094416379928589,1.6094416379928589,15300,0.0,0.0
2011-06-01 00:00:00-04:00,1.6094415279579573,1.6254558563232422,1.5934271995926723,1.6254558563232422,22400,0.0,0.0
2011-06-02 00:00:00-04:00,1.6174489083886854,1.6174489083886854,1.5774130821228027,1.5774130821228027,10800,0.0,0.0
2011-06-03 00:00:00-04:00,1.5934275271061689,1.6014346929346062,1.5453844366825986,1.5613988637924194,29900,0.0,0.0
2011-06-06 00:00:00-04:00,1.5613989943608004,1.6014348268508911,1.5613989943608004,1.6014348268508911,7200,0.0,0.0
2011-06-07 00:00:00-04:00,1.561398824316886,1.5854203211948827,1.5213629007339478,1.5213629007339478,28200,0.0,0.0
2011-06-08 00:00:00-04:00,1.5213629007339478,1.561398824316886,1.4973414038559512,1.5213629007339478,23100,0.0,0.0
2011-06-09 00:00:00-04:00,1.5213627777334502,1.5373771076907072,1.5053484477761934,1.5133556127548218,15700,0.0,0.0
2011-06-10 00:00:00-04:00,1.505348563194275,1.5293700599719366,1.4893342320091671,1.505348563194275,14600,0.0,0.0
2011-06-13 00:00:00-04:00,1.4893341628585972,1.505348493300151,1.4012552499771118,1.4012552499771118,49500,0.0,0.0
2011-06-14 00:00:00-04:00,1.4813270158760432,1.5133556771534906,1.4172695978682084,1.441291093826294,121600,0.0,0.0
2011-06-15 00:00:00-04:00,1.433283805847168,1.457305395202437,1.3692264887742687,1.433283805847168,52300,0.0,0.0
2011-06-16 00:00:00-04:00,1.4573051637837608,1.4653123271463433,1.3692262713424368,1.4492979049682617,17700,0.0,0.0
2011-06-17 00:00:00-04:00,1.449298061560231,1.4893339781518116,1.3852407477383857,1.47331964969635,112400,0.0,0.0
2011-06-20 00:00:00-04:00,1.4332837801722116,1.4412909446628888,1.3772336287374722,1.3852407932281494,49600,0.0,0.0
2011-06-21 00:00:00-04:00,1.4412912420459885,1.457305669784546,1.4092625774747731,1.457305669784546,69700,0.0,0.0
2011-06-22 00:00:00-04:00,1.4332839144697744,1.4412910797107163,1.4092624187469482,1.4092624187469482,21200,0.0,0.0
2011-06-23 00:00:00-04:00,1.4172692780243306,1.4412907685613385,1.313176056911044,1.3452047109603882,32200,0.0,0.0
2011-06-24 00:00:00-04:00,1.3291903590766079,1.4492979049682617,1.2971617056262779,1.4492979049682617,39900,0.0,0.0
2011-06-27 00:00:00-04:00,1.3692264887742687,1.497341218372999,1.3692264887742687,1.433283805847168,47700,0.0,0.0
2011-06-28 00:00:00-04:00,1.409262189985715,1.4573052690856196,1.4012550260445513,1.425276517868042,51400,0.0,0.0
2011-06-29 00:00:00-04:00,1.4252767492288323,1.4573055056455395,1.4092624187469482,1.4092624187469482,4900,0.0,0.0
2011-06-30 00:00:00-04:00,1.409262303720114,1.4172694683074951,1.3452048915681338,1.4172694683074951,17000,0.0,0.0
2011-07-01 00:00:00-04:00,1.4172694683074951,1.4332837974822572,1.3932479745453517,1.4172694683074951,7200,0.0,0.0
2011-07-05 00:00:00-04:00,1.4412911803690844,1.4412911803690844,1.3532123565673828,1.3532123565673828,13000,0.0,0.0
2011-07-06 00:00:00-04:00,1.3452048669136618,1.4092622778916188,1.3452048669136618,1.3692264556884766,16100,0.0,0.0
2011-07-07 00:00:00-04:00,1.3612191874680575,1.3932478427886963,1.3291904366944964,1.3932478427886963,15200,0.0,0.0
2011-07-08 00:00:00-04:00,1.3532124824510976,1.3772339820861816,1.329190887363059,1.3772339820861816,6500,0.0,0.0
2011-07-11 00:00:00-04:00,1.3612193420689682,1.4012551657668477,1.2651332697411242,1.2811475992202759,20800,0.0,0.0
2011-07-12 00:00:00-04:00,1.2651332249836367,1.3131762117214425,1.2411116361618042,1.2411116361618042,23900,0.0,0.0
2011-07-13 00:00:00-04:00,1.2491190261430347,1.2891549511058429,1.1850616989272567,1.2010760307312012,159700,0.0,0.0
2011-07-14 00:00:00-04:00,1.2331044355539695,1.2651331878931003,1.145025533663982,1.1770542860031128,32800,0.0,0.0
2011-07-15 00:00:00-04:00,1.1370186781985614,1.2250976040062809,1.1290115118026733,1.1290115118026733,267800,0.0,0.0
2011-07-18 00:00:00-04:00,1.2010759222942413,1.2651333391796586,1.1850615919361216,1.225097417831421,25900,0.0,0.0
2011-07-19 00:00:00-04:00,1.2331045153298874,1.2811475992202759,1.177054362152856,1.2811475992202759,3315700,0.0,0.0
2011-07-20 00:00:00-04:00,1.2891549541636318,1.3532123769842967,1.2090831995010376,1.2090831995010376,323400,0.0,0.0
2011-07-21 00:00:00-04:00,1.2170901819979079,1.3131762540215812,1.1370184394026912,1.2731404304504395,113500,0.0,0.0
2011-07-22 00:00:00-04:00,1.3051693536830553,1.3532124471529894,1.265133522002237,1.33719801902771,126100,0.0,0.0
2011-07-25 00:00:00-04:00,1.3452049804422064,1.3852409014771085,1.3371978153258133,1.3612194061279297,21300,0.0,0.0
2011-07-26 00:00:00-04:00,1.3612196134891532,1.385241112497644,1.33719801902771,1.33719801902771,25200,0.0,0.0
2011-07-27 00:00:00-04:00,1.3452049128784949,1.3612193377598845,1.2331045114263648,1.2731404304504395,10900,0.0,0.0
2011-07-28 00:00:00-04:00,1.2891546293145593,1.3532120359936468,1.2331043865387423,1.257125973701477,8400,0.0,0.0
2011-07-29 00:00:00-04:00,1.257126001826049,1.3532120662678675,1.217090085961085,1.3051689863204956,20400,0.0,0.0
2011-08-01 00:00:00-04:00,1.2971617932178299,1.3532120359936468,1.2491187143452835,1.257125973701477,3200,0.0,0.0
2011-08-02 00:00:00-04:00,1.2731403015080183,1.2811474654112887,1.257125973701477,1.257125973701477,5400,0.0,0.0
2011-08-03 00:00:00-04:00,1.2811477117759893,1.2891548772190378,1.2651333808898926,1.2651333808898926,13200,0.0,0.0
2011-08-04 00:00:00-04:00,1.225097528437118,1.2331046943390902,1.1610402012213399,1.2010760307312012,32400,0.0,0.0
2011-08-05 00:00:00-04:00,1.2010757786677657,1.2331044355539695,1.161039957560011,1.1770542860031128,19200,0.0,0.0
2011-08-08 00:00:00-04:00,1.2010757786677657,1.2090829428893166,1.0569467272269217,1.1770542860031128,390800,0.0,0.0
2011-08-09 00:00:00-04:00,1.048939503064406,1.209082983822954,0.9608606936454277,1.0729610919952393,82100,0.0,0.0
2011-08-10 00:00:00-04:00,1.000896304810194,1.0409321188214378,0.9608604907989502,0.9608604907989502,189500,0.0,0.0
2011-08-11 00:00:00-04:00,0.9608606784210284,0.9768750071525574,0.8968032680419836,0.9768750071525574,144000,0.0,0.0
2011-08-12 00:00:00-04:00,1.040932025875236,1.112996580113645,1.0008962154388428,1.0008962154388428,635100,0.0,0.0
2011-08-15 00:00:00-04:00,0.9848823687395714,1.0649541238843967,0.9848823687395714,1.0249181985855103,47100,0.0,0.0
2011-08-16 00:00:00-04:00,1.0409325305238857,1.0489396964930735,1.0089038666471346,1.0249181985855103,10800,0.0,0.0
2011-08-17 00:00:00-04:00,1.0409327707321854,1.0409327707321854,1.0089040994644165,1.0089040994644165,26500,0.0,0.0
2011-08-18 00:00:00-04:00,0.9448462411353833,1.016910814880949,0.9128175841164329,0.9528535008430481,50000,0.0,0.0
2011-08-19 00:00:00-04:00,0.9368390813469887,0.9608606696786507,0.680609633067967,0.8327458500862122,242000,0.0,0.0
2011-08-22 00:00:00-04:00,0.8407531543534349,0.8487603199794338,0.7606814503669739,0.7606814503669739,131000,0.0,0.0
2011-08-23 00:00:00-04:00,0.7927101214512997,1.121004182264049,0.7927101214512997,0.8647747039794922,189500,0.0,0.0
2011-08-24 00:00:00-04:00,0.8567675522739104,0.9608607973676622,0.8167316300360427,0.8968033790588379,121800,0.0,0.0
2011-08-25 00:00:00-04:00,0.8807891096893334,0.9528536983742376,0.8807891096893334,0.9048106074333191,46400,0.0,0.0
2011-08-26 00:00:00-04:00,0.8807888677597628,0.8887960314750672,0.8407529537303204,0.8887960314750671,178500,0.0,0.0
2011-08-29 00:00:00-04:00,0.9448462542365708,1.0409323220786737,0.9448462542365708,0.9768750071525574,121800,0.0,0.0
2011-08-30 00:00:00-04:00,1.040932297706604,1.064953885694392,1.0008964768151678,1.040932297706604,478900,0.0,0.0
2011-08-31 00:00:00-04:00,1.0169108051717421,1.0729610498726792,1.0169108051717421,1.040932297706604,107600,0.0,0.0
2011-09-01 00:00:00-04:00,1.040932297706604,1.040932297706604,1.040932297706604,1.040932297706604,0,0.0,0.0
2011-09-02 00:00:00-04:00,1.0249183100762889,1.1210044076117507,0.9448465462212441,0.9928896427154541,50800,0.0,0.0
2011-09-06 00:00:00-04:00,0.9768749045460724,1.1049896163946482,0.9768749045460724,1.0569466352462769,55800,0.0,0.0
2011-09-07 00:00:00-04:00,1.0889755487442017,1.1210042104724913,1.0489396261308983,1.0889755487442017,46300,0.0,0.0
2011-09-08 00:00:00-04:00,1.064953931716441,1.153032836936862,1.008903684593289,1.0809682607650757,37400,0.0,0.0
2011-09-09 00:00:00-04:00,1.0489395072148757,1.1370184124352969,1.0409323426905586,1.0809682607650757,41400,0.0,0.0
2011-09-12 00:00:00-04:00,1.0008962154388428,1.1290109042882022,0.9848818912642855,1.0008962154388428,47400,0.0,0.0
2011-09-13 00:00:00-04:00,1.0329252406233453,1.1370184811865278,0.9288320000601628,1.0169109106063843,41300,0.0,0.0
2011-09-14 00:00:00-04:00,1.0569470097308877,1.121004340624731,1.0569470097308877,1.1129971742630005,35700,0.0,0.0
2011-09-15 00:00:00-04:00,1.0969829574943386,1.1370187935349134,1.0969829574943386,1.1049901247024536,30800,0.0,0.0
2011-09-16 00:00:00-04:00,1.096982503474131,1.1770542378680744,1.088975339580029,1.1370183229446411,56700,0.0,0.0
2011-09-19 00:00:00-04:00,1.096982542407541,1.1210040349424026,1.040932297706604,1.040932297706604,14800,0.0,0.0
2011-09-20 00:00:00-04:00,1.0649536075899733,1.1530324860029395,0.9768747291770069,1.0008962154388428,348000,0.0,0.0
2011-09-21 00:00:00-04:00,0.9688677640810313,0.9848820915116399,0.8807888677597628,0.8887960314750671,60400,0.0,0.0
2011-09-22 00:00:00-04:00,0.8807888735437553,0.9288318561510716,0.8327457954835178,0.8407529592514038,579500,0.0,0.0
2011-09-23 00:00:00-04:00,0.848760178672035,0.9048104241753429,0.8247386857933007,0.8327458500862122,35900,0.0,0.0
2011-09-26 00:00:00-04:00,0.8087244559881943,0.8087244559881943,0.7847029601753821,0.7927101254463196,97500,0.0,0.0
2011-09-27 00:00:00-04:00,0.8007174134254456,0.8647748408625446,0.7366600337148235,0.8007174134254456,626000,0.0,0.0
2011-09-28 00:00:00-04:00,0.7526741511790465,0.8407530051619253,0.736659822768789,0.8167315125465393,411700,0.0,0.0
2011-09-29 00:00:00-04:00,0.872781767003697,0.88879609558952,0.776695700035832,0.8327458500862122,69500,0.0,0.0
2011-09-30 00:00:00-04:00,0.8407530232485033,0.9128175980978669,0.7686884961256041,0.848760187625885,19000,0.0,0.0
2011-10-03 00:00:00-04:00,0.9048104619301351,0.9048104619301351,0.7526741908372752,0.7847028970718384,68100,0.0,0.0
2011-10-04 00:00:00-04:00,0.7766958573457815,0.9128177733479811,0.7686886437046461,0.9048106074333191,23600,0.0,0.0
2011-10-05 00:00:00-04:00,0.8407530774948164,0.912817656993866,0.8407530774948164,0.912817656993866,10800,0.0,0.0
2011-10-06 00:00:00-04:00,1.0008966163961104,1.0008966163961104,0.8007172931168883,0.880789041519165,51300,0.0,0.0
2011-10-07 00:00:00-04:00,0.8727818692100758,0.8807890344406596,0.7927101214512997,0.8647747039794922,19500,0.0,0.0
2011-10-10 00:00:00-04:00,0.896803364901827,0.896803364901827,0.7927101214512997,0.8647747039794922,46300,0.0,0.0
2011-10-11 00:00:00-04:00,0.8407532459155362,0.8407532459155362,0.8007174134254456,0.8007174134254456,600,0.0,0.0
2011-10-12 00:00:00-04:00,0.7847028557260245,0.8647745932302381,0.7847028557260245,0.8167315125465393,35700,0.0,0.0
2011-10-13 00:00:00-04:00,0.8007172276688981,0.856767475605011,0.8007172276688981,0.856767475605011,131600,0.0,0.0
2011-10-14 00:00:00-04:00,0.8407530508711702,0.856767475605011,0.8087243923093526,0.856767475605011,48400,0.0,0.0
2011-10-17 00:00:00-04:00,0.8407530508711702,0.856767475605011,0.8167315569498069,0.856767475605011,4700,0.0,0.0
2011-10-18 00:00:00-04:00,0.8007172866818835,0.8647747039794922,0.8007172866818835,0.8647747039794922,31300,0.0,0.0
2011-10-19 00:00:00-04:00,0.8407529592514038,0.8407529592514038,0.8087243041798597,0.8407529592514038,4600,0.0,0.0
2011-10-20 00:00:00-04:00,0.8407531543534349,0.8407531543534349,0.7606814503669739,0.7606814503669739,63500,0.0,0.0
2011-10-21 00:00:00-04:00,0.8087243041798597,0.8407529592514038,0.8087243041798597,0.8407529592514038,5200,0.0,0.0
2011-10-24 00:00:00-04:00,0.8247386317156318,0.8407529592514038,0.8007171404119737,0.8407529592514038,26700,0.0,0.0
2011-10-25 00:00:00-04:00,0.8407529592514038,0.8407529592514038,0.8407529592514038,0.8407529592514038,9400,0.0,0.0
2011-10-26 00:00:00-04:00,0.8407532459155362,0.8407532459155362,0.768688699706896,0.8007174134254456,11800,0.0,0.0
2011-10-27 00:00:00-04:00,0.8407529592514038,0.8407529592514038,0.7766956491083157,0.8407529592514038,5800,0.0,0.0
2011-10-28 00:00:00-04:00,0.8167314679477458,0.8647745460079833,0.8087243041798597,0.8407529592514038,6000,0.0,0.0
2011-10-31 00:00:00-04:00,0.7847028128762017,0.8407529592514038,0.7847028128762017,0.8407529592514038,8800,0.0,0.0
2011-11-01 00:00:00-04:00,0.7927099766440877,0.8407529592514038,0.7847028128762017,0.8407529592514038,4900,0.0,0.0
2011-11-02 00:00:00-04:00,0.7847029949714425,0.8007173262234403,0.7446671191149761,0.7606814503669739,46900,0.0,0.0
2011-11-03 00:00:00-04:00,0.8247388005256653,0.8247388005256653,0.7446670987310261,0.8247388005256653,128800,0.0,0.0
2011-11-04 00:00:00-04:00,0.8567673822400973,0.9208246923831855,0.7686884376139689,0.8407529592514038,245300,0.0,0.0
2011-11-07 00:00:00-05:00,0.8247386857933007,0.8647746027107857,0.7847028643287435,0.8327458500862122,210700,0.0,0.0
2011-11-08 00:00:00-05:00,0.7606814189157499,0.8887962068140988,0.7606814189157499,0.880789041519165,197300,0.0,0.0
2011-11-09 00:00:00-05:00,0.9688678427867929,0.9928893358840865,0.9288319255050417,0.9768750071525574,141600,0.0,0.0
2011-11-10 00:00:00-05:00,0.9768753090350368,1.0249183100762889,0.9608609753546195,0.9928896427154541,98200,0.0,0.0
2011-11-11 00:00:00-05:00,0.9768750855639818,1.0169109106063843,0.9288320000601628,1.0169109106063843,81500,0.0,0.0
2011-11-14 00:00:00-05:00,1.0169107221697153,1.0569466352462769,1.0169107221697153,1.0569466352462769,57700,0.0,0.0
2011-11-15 00:00:00-05:00,1.1049894180263664,1.1049894180263664,0.9768747291770069,1.0008962154388428,63100,0.0,0.0
2011-11-16 00:00:00-05:00,1.0249177017006785,1.0729607696772518,0.9928890533515641,1.0008962154388428,216500,0.0,0.0
2011-11-17 00:00:00-05:00,1.0729612898535845,1.0729612898535845,0.9768752027703836,1.0249181985855103,17200,0.0,0.0
2011-11-18 00:00:00-05:00,1.0169108051717421,1.040932297706604,0.9848821484585933,1.040932297706604,5500,0.0,0.0
2011-11-21 00:00:00-05:00,1.072960932630097,1.072960932630097,0.9848820408404032,1.0489393472671509,13300,0.0,0.0
2011-11-22 00:00:00-05:00,1.0649541238843967,1.0649541238843967,0.9768752027703836,1.0249181985855103,31400,0.0,0.0
2011-11-23 00:00:00-05:00,0.9608608708320081,1.0249181985855103,0.9368392774714972,1.0249181985855103,28000,0.0,0.0
2011-11-25 00:00:00-05:00,0.9768752027703836,1.0249181985855103,0.9768752027703836,1.0249181985855103,5100,0.0,0.0
2011-11-28 00:00:00-05:00,1.0729610498726792,1.0729610498726792,1.0008964768151678,1.040932297706604,40300,0.0,0.0
2011-11-29 00:00:00-05:00,1.0809682140509664,1.0809682140509664,1.0008964768151678,1.040932297706604,13100,0.0,0.0
2011-11-30 00:00:00-05:00,1.0809679317645304,1.0809679317645304,1.0008962154388428,1.0008962154388428,23500,0.0,0.0
2011-12-01 00:00:00-05:00,1.0329254769164975,1.06495423973029,0.9768753090350368,0.9928896427154541,47500,0.0,0.0
2011-12-02 00:00:00-05:00,1.040932450937517,1.040932450937517,0.8968033790588379,0.8968033790588379,68300,0.0,0.0
2011-12-05 00:00:00-05:00,0.952853528119564,0.9768750215714195,0.9368391036987305,0.9368391036987305,37000,0.0,0.0
2011-12-06 00:00:00-05:00,0.9608609964697498,0.9768753305020855,0.9048107319036143,0.9288322329521179,16900,0.0,0.0
2011-12-07 00:00:00-05:00,0.9528532429151709,1.0008962154388428,0.8887958507640406,1.0008962154388428,20100,0.0,0.0
2011-12-08 00:00:00-05:00,0.9368390199189576,0.9448461836868436,0.7766956491083157,0.8407529592514038,354000,0.0,0.0
2011-12-09 00:00:00-05:00,0.8407530143791235,0.8647746027107857,0.8247386857933007,0.8327458500862122,286500,0.0,0.0
2011-12-12 00:00:00-05:00,0.8327459476042184,0.8647747039794922,0.8007172866818835,0.8647747039794922,3055800,0.0,0.0
2011-12-13 00:00:00-05:00,0.8727819919586182,0.9048106573854823,0.856767659245186,0.8727819919586182,28600,0.0,0.0
2011-12-14 00:00:00-05:00,0.8647746027107857,0.872781767003697,0.8087243572074778,0.8327458500862122,78400,0.0,0.0
2011-12-15 00:00:00-05:00,0.8167314679477458,0.8567673822400973,0.8007171404119737,0.8407529592514038,33700,0.0,0.0
2011-12-16 00:00:00-05:00,0.8327458588711217,0.848760187625885,0.8167315301163584,0.848760187625885,27000,0.0,0.0
2011-12-19 00:00:00-05:00,0.8247388544513711,0.8327460203817381,0.8087245225906372,0.8087245225906372,166800,0.0,0.0
2011-12-20 00:00:00-05:00,0.8407530143791235,0.848760178672035,0.7606813237235452,0.8327458500862122,159400,0.0,0.0
2011-12-21 00:00:00-05:00,0.8807889216404954,0.8807889216404954,0.8087243483414106,0.8167315125465393,19200,0.0,0.0
2011-12-22 00:00:00-05:00,0.8247386857933007,0.8647746027107857,0.8007171929145663,0.8327458500862122,134900,0.0,0.0
2011-12-23 00:00:00-05:00,0.8887961996712433,0.8887961996712433,0.8247387823736346,0.8647747039794922,29200,0.0,0.0
2011-12-27 00:00:00-05:00,0.8887963246720502,0.8887963246720502,0.8167317320086537,0.8727819919586182,36000,0.0,0.0
2011-12-28 00:00:00-05:00,0.8407532459155362,0.8647748408625446,0.8007174134254456,0.8007174134254456,97700,0.0,0.0
2011-12-29 00:00:00-05:00,0.8007171404119737,0.8407529592514038,0.8007171404119737,0.8407529592514038,27700,0.0,0.0
2011-12-30 00:00:00-05:00,0.8167316351188485,0.8247388005256653,0.7847029734915809,0.8247388005256653,241300,0.0,0.0
2012-01-03 00:00:00-05:00,0.8327457954835178,0.8407529592514038,0.8007171404119737,0.8407529592514038,18400,0.0,0.0
2012-01-04 00:00:00-05:00,0.8407530232485033,0.848760187625885,0.82473869449374,0.848760187625885,28800,0.0,0.0
2012-01-05 00:00:00-05:00,0.848760296746116,0.8647747230126906,0.8007173043052147,0.8247388005256653,46800,0.0,0.0
2012-01-06 00:00:00-05:00,0.8407531128348021,0.8647747039794922,0.8007172866818835,0.8647747039794922,146000,0.0,0.0
2012-01-09 00:00:00-05:00,0.8327459476042184,0.8647747039794922,0.8327459476042184,0.8647747039794922,13000,0.0,0.0
2012-01-10 00:00:00-05:00,0.8727820638389426,0.9288322329521179,0.8647748968227748,0.9288322329521179,99700,0.0,0.0
2012-01-11 00:00:00-05:00,0.9208248136026288,0.9688678979873657,0.8968033191367273,0.9688678979873657,104800,0.0,0.0
2012-01-12 00:00:00-05:00,0.9608607408685583,0.9848822355270386,0.9128176560986629,0.9848822355270386,100200,0.0,0.0
2012-01-13 00:00:00-05:00,1.0008968095556627,1.0409326437567061,0.9288322125408268,0.9928896427154541,87900,0.0,0.0
2012-01-17 00:00:00-05:00,1.0089038666471346,1.0329253645546979,0.9688680368011959,1.0249181985855103,195100,0.0,0.0
2012-01-18 00:00:00-05:00,1.040932297706604,1.040932297706604,1.0008964768151678,1.040932297706604,38700,0.0,0.0
2012-01-19 00:00:00-05:00,1.1049896163946482,1.1049896163946482,1.0249178856944439,1.0569466352462769,23900,0.0,0.0
2012-01-20 00:00:00-05:00,1.040932297706604,1.0569467215161048,1.0249179693500294,1.040932297706604,48000,0.0,0.0
2012-01-23 00:00:00-05:00,1.0249179693500294,1.096982542407541,1.0249179693500294,1.040932297706604,23700,0.0,0.0
2012-01-24 00:00:00-05:00,1.0409322127439011,1.0809681258204626,1.0249178856944439,1.0569466352462769,56600,0.0,0.0
2012-01-25 00:00:00-05:00,1.0809683833121293,1.0889755487442017,1.0489396261308983,1.0889755487442017,129800,0.0,0.0
2012-01-26 00:00:00-05:00,1.0569467671921235,1.1210040833866624,1.0569467671921235,1.0809682607650757,132500,0.0,0.0
2012-01-27 00:00:00-05:00,1.0809682607650757,1.1049897543380276,1.0809682607650757,1.0809682607650757,22200,0.0,0.0
2012-01-30 00:00:00-05:00,1.0969824528699197,1.0969824528699197,1.0409322127439011,1.0569466352462769,104600,0.0,0.0
2012-01-31 00:00:00-05:00,1.0569467215161048,1.096982542407541,1.040932297706604,1.040932297706604,24700,0.0,0.0
2012-02-01 00:00:00-05:00,1.040932297706604,1.0729610498726792,1.040932297706604,1.040932297706604,59900,0.0,0.0
2012-02-02 00:00:00-05:00,1.0489393472671509,1.088975259236784,1.0409321839638073,1.0489393472671509,39900,0.0,0.0
2012-02-03 00:00:00-05:00,1.0489395072148757,1.0969825898137102,1.0409323426905586,1.0809682607650757,9700,0.0,0.0
2012-02-06 00:00:00-05:00,1.0809682564878735,1.1290112434436799,1.0729610919952393,1.0729610919952393,20200,0.0,0.0
2012-02-07 00:00:00-05:00,1.064953939959566,1.11299692747734,1.064953939959566,1.0969825983047485,13000,0.0,0.0
2012-02-08 00:00:00-05:00,1.0969829574943386,1.1210044591186836,1.0969829574943386,1.1049901247024536,11000,0.0,0.0
2012-02-09 00:00:00-05:00,1.1129972919105686,1.1370187935349134,1.1049901247024536,1.1049901247024536,32600,0.0,0.0
2012-02-10 00:00:00-05:00,1.1210040833866624,1.1290112479109797,1.064953931716441,1.0809682607650757,29200,0.0,0.0
2012-02-13 00:00:00-05:00,1.0329250543065325,1.0809681311444441,1.024917890742367,1.0649538040161133,43600,0.0,0.0
2012-02-14 00:00:00-05:00,1.024917890742367,1.0809681311444441,1.024917890742367,1.0649538040161133,33100,0.0,0.0
2012-02-15 00:00:00-05:00,1.0569464455026945,1.0569464455026945,0.9768747291770069,1.0008962154388428,42900,0.0,0.0
2012-02-16 00:00:00-05:00,1.000896700677947,1.0329253645546979,0.9768752027703836,1.0249181985855103,52400,0.0,0.0
2012-02-17 00:00:00-05:00,1.024918435098301,1.0489399385491276,0.9928897638305321,1.0089040994644165,43100,0.0,0.0
2012-02-21 00:00:00-05:00,1.0089037301855188,1.032925224843999,0.9448463156433033,0.9848822355270386,64600,0.0,0.0
2012-02-22 00:00:00-05:00,0.9848819792056965,1.1049895166923378,0.9208245813347965,0.9608604907989502,71500,0.0,0.0
2012-02-23 00:00:00-05:00,0.9608610925627632,1.0169112672813587,0.9608610925627632,1.0089040994644165,17300,0.0,0.0
2012-02-24 00:00:00-05:00,1.0089037220972015,1.0969826305917743,0.9688678979873657,0.9688678979873657,28900,0.0,0.0
2012-02-27 00:00:00-05:00,0.9688681421948282,1.0409326437567061,0.9688681421948282,0.9928896427154541,28400,0.0,0.0
2012-02-28 00:00:00-05:00,0.9848822355270386,1.0409323897301592,0.9608607408685583,0.9848822355270386,11900,0.0,0.0
2012-02-29 00:00:00-05:00,0.9768748775370598,1.072960932630097,0.9768748775370598,1.0489393472671509,63300,0.0,0.0
2012-03-01 00:00:00-05:00,1.040932025875236,1.0809679317645304,1.0008962154388428,1.0008962154388428,34400,0.0,0.0
2012-03-02 00:00:00-05:00,1.000896700677947,1.0569469579152089,1.000896700677947,1.0249181985855103,14900,0.0,0.0
2012-03-05 00:00:00-05:00,1.040932025875236,1.040932025875236,1.0008962154388428,1.0008962154388428,7800,0.0,0.0
2012-03-06 00:00:00-05:00,1.000896700677947,1.0249181985855103,1.000896700677947,1.0249181985855103,9700,0.0,0.0
2012-03-07 00:00:00-05:00,1.0008969316474743,1.0569472018190396,1.0008969316474743,1.0089040994644165,9200,0.0,0.0
2012-03-08 00:00:00-05:00,1.0809686230781086,1.1370187935349134,1.0809686230781086,1.1049901247024536,166800,0.0,0.0
2012-03-09 00:00:00-05:00,1.11299692747734,1.1210040920636355,1.0969825983047485,1.0969825983047485,23700,0.0,0.0
2012-03-12 00:00:00-04:00,1.1049895858434708,1.1049895858434708,1.0089035307504335,1.0489393472671509,319200,0.0,0.0
2012-03-13 00:00:00-04:00,1.0489393814348633,1.0809681311444441,1.0489393814348633,1.0649538040161133,8600,0.0,0.0
2012-03-14 00:00:00-04:00,1.0409327707321854,1.0809687052698662,1.0008969316474743,1.0089040994644165,20200,0.0,0.0
2012-03-15 00:00:00-04:00,1.0409327707321854,1.0809687052698662,1.0008969316474743,1.0089040994644165,28400,0.0,0.0
2012-03-16 00:00:00-04:00,1.0169108450938684,1.0809682564878735,1.0169108450938684,1.0729610919952393,57600,0.0,0.0
2012-03-19 00:00:00-04:00,1.1049896218369406,1.1049896218369406,1.0489393814348633,1.0649538040161133,13300,0.0,0.0
2012-03-20 00:00:00-04:00,1.0969822559390876,1.1049894180263664,1.0008962154388428,1.0008962154388428,122100,0.0,0.0
2012-03-21 00:00:00-04:00,1.0329252165631029,1.0409323813850702,0.9688678979873657,0.9688678979873657,43400,0.0,0.0
2012-03-22 00:00:00-04:00,0.9688678293525234,0.9848821578619986,0.9528535008430481,0.9528535008430481,102600,0.0,0.0
2012-03-23 00:00:00-04:00,0.9608607408685583,0.9848822355270386,0.9528535759823982,0.9848822355270386,89000,0.0,0.0
2012-03-26 00:00:00-04:00,0.9928894004131986,1.016910895071679,0.9768750706408784,0.9848822355270386,8900,0.0,0.0
2012-03-27 00:00:00-04:00,1.0008965002498509,1.0249179933471446,0.9768750071525574,0.9768750071525574,13600,0.0,0.0
2012-03-28 00:00:00-04:00,1.0329252406233453,1.056946831101723,1.0008965805894234,1.0169109106063843,349300,0.0,0.0
2012-03-29 00:00:00-04:00,1.0249178573571205,1.05694660602341,1.0249178573571205,1.0489393472671509,43700,0.0,0.0
2012-03-30 00:00:00-04:00,1.05694660602341,1.05694660602341,1.016910694053777,1.0489393472671509,40700,0.0,0.0
2012-04-02 00:00:00-04:00,1.0489393814348633,1.0649538040161133,1.0329250543065325,1.0649538040161133,65600,0.0,0.0
2012-04-03 00:00:00-04:00,1.0809680959334405,1.1049895858434708,1.0489393472671509,1.0489393472671509,27300,0.0,0.0
2012-04-04 00:00:00-04:00,1.0489394618848913,1.064953885694392,1.040932297706604,1.040932297706604,37100,0.0,0.0
2012-04-05 00:00:00-04:00,1.0489393472671509,1.0809680959334405,1.0489393472671509,1.0489393472671509,8400,0.0,0.0
2012-04-09 00:00:00-04:00,1.0329254865646362,1.0649542496775966,1.0169111527346355,1.0329254865646362,11200,0.0,0.0
2012-04-10 00:00:00-04:00,1.056946831101723,1.056946831101723,1.0169109106063843,1.0169109106063843,343600,0.0,0.0
2012-04-11 00:00:00-04:00,1.0409323385717715,1.1049897499657768,1.0409323385717715,1.0729610919952393,48300,0.0,0.0
2012-04-12 00:00:00-04:00,1.048939503064406,1.0969825854731423,1.0008965161085996,1.0729610919952393,37000,0.0,0.0
2012-04-13 00:00:00-04:00,1.0329251781662412,1.0969825898137102,1.0329251781662412,1.0809682607650757,14200,0.0,0.0
2012-04-16 00:00:00-04:00,1.104989775262372,1.1450255986420863,1.096982610586429,1.1210041046142578,26800,0.0,0.0
2012-04-17 00:00:00-04:00,1.1370187935349134,1.1370187935349134,1.0809686230781086,1.1049901247024536,10000,0.0,0.0
2012-04-18 00:00:00-04:00,1.1049901247024536,1.1049901247024536,1.1049901247024536,1.1049901247024536,0,0.0,0.0
2012-04-19 00:00:00-04:00,1.0809681311444441,1.0809681311444441,1.0569466404519479,1.0649538040161133,9300,0.0,0.0
2012-04-20 00:00:00-04:00,1.072960962295734,1.0889752893451912,1.0489393762686297,1.0569466352462769,12900,0.0,0.0
2012-04-23 00:00:00-04:00,1.0649539518826576,1.1370184339661435,1.0489395270778397,1.1210041046142578,95500,0.0,0.0
2012-04-24 00:00:00-04:00,1.1370182437911827,1.1930684826008857,1.1370182437911827,1.1610398292541504,51800,0.0,0.0
2012-04-25 00:00:00-04:00,1.1610400014611795,1.1610400014611795,1.0409323426905586,1.0809682607650757,59700,0.0,0.0
2012-04-26 00:00:00-04:00,1.0649540524479846,1.0889755487442017,1.0649540524479846,1.0889755487442017,5600,0.0,0.0
2012-04-27 00:00:00-04:00,1.0889757902862236,1.1049901247024536,1.0809686230781086,1.1049901247024536,45800,0.0,0.0
2012-04-30 00:00:00-04:00,1.1210040920636355,1.1370184212362269,1.088975433718453,1.0969825983047485,14000,0.0,0.0
2012-05-01 00:00:00-04:00,1.0889757902862236,1.1290116263267986,1.0889757902862236,1.1049901247024536,7600,0.0,0.0
2012-05-02 00:00:00-04:00,1.0889754459104863,1.1290112692902006,1.0889754459104863,1.1210041046142578,24300,0.0,0.0
2012-05-03 00:00:00-04:00,1.1450254868387433,1.1450254868387433,1.096982503474131,1.1370183229446411,6000,0.0,0.0
2012-05-04 00:00:00-04:00,1.1450255858225225,1.1770543396206363,1.088975433718453,1.0969825983047485,26800,0.0,0.0
2012-05-07 00:00:00-04:00,1.0969828415395397,1.153033101524605,1.0649541760926182,1.1129971742630005,43000,0.0,0.0
2012-05-08 00:00:00-04:00,1.088975679823234,1.1770546056309534,1.088975679823234,1.1290115118026733,73900,0.0,0.0
2012-05-09 00:00:00-04:00,1.1210040833866624,1.1210040833866624,1.0409323426905586,1.0809682607650757,47000,0.0,0.0
2012-05-10 00:00:00-04:00,1.008903640993455,1.0809682140509664,1.008903640993455,1.040932297706604,28000,0.0,0.0
2012-05-11 00:00:00-04:00,1.0409322127439011,1.072960962295734,1.0409322127439011,1.0569466352462769,25400,0.0,0.0
2012-05-14 00:00:00-04:00,1.0569467671921235,1.0809682607650757,1.000896520068972,1.0809682607650757,60400,0.0,0.0
2012-05-15 00:00:00-04:00,1.0489396261308983,1.1049898796083466,1.0489396261308983,1.0889755487442017,23000,0.0,0.0
2012-05-16 00:00:00-04:00,1.0649538040161133,1.0809681311444441,1.0649538040161133,1.0649538040161133,18600,0.0,0.0
2012-05-17 00:00:00-04:00,1.05694660602341,1.0649537693267537,1.0489393472671509,1.0489393472671509,17000,0.0,0.0
2012-05-18 00:00:00-04:00,1.05694660602341,1.072960932630097,1.0409321839638073,1.0489393472671509,42900,0.0,0.0
2012-05-21 00:00:00-04:00,1.0249179693500294,1.0489394618848913,1.0008964768151678,1.040932297706604,16100,0.0,0.0
2012-05-22 00:00:00-04:00,1.0169107221697153,1.0969824528699197,1.0169107221697153,1.0569466352462769,83000,0.0,0.0
2012-05-23 00:00:00-04:00,1.0409324056318259,1.0489395706403062,1.0169109106063843,1.0169109106063843,45000,0.0,0.0
2012-05-24 00:00:00-04:00,1.0409324056318259,1.0809683261271645,1.0169109106063843,1.0169109106063843,22600,0.0,0.0
2012-05-25 00:00:00-04:00,1.0409324056318259,1.1129969861610864,1.0169109106063843,1.0169109106063843,11900,0.0,0.0
2012-05-29 00:00:00-04:00,1.0409325305238857,1.0489396964930735,1.0249181985855103,1.0249181985855103,24600,0.0,0.0
2012-05-30 00:00:00-04:00,1.0249181985855103,1.0249181985855103,1.000896700677947,1.0249181985855103,24400,0.0,0.0
2012-05-31 00:00:00-04:00,1.0409322127439011,1.072960962295734,1.0008963951202583,1.0569466352462769,82000,0.0,0.0
2012-06-01 00:00:00-04:00,1.0489399385491276,1.0489399385491276,1.0008969316474743,1.0089040994644165,10200,0.0,0.0
2012-06-04 00:00:00-04:00,1.0249177017006785,1.040932025875236,1.0008962154388428,1.0008962154388428,15000,0.0,0.0
2012-06-05 00:00:00-04:00,1.0089033775261214,1.040932025875236,1.0008962154388428,1.0008962154388428,64100,0.0,0.0
2012-06-06 00:00:00-04:00,1.0008964768151678,1.0489394618848913,1.0008964768151678,1.040932297706604,27700,0.0,0.0
2012-06-07 00:00:00-04:00,1.040932297706604,1.040932297706604,1.0329251335283167,1.040932297706604,1500,0.0,0.0
2012-06-08 00:00:00-04:00,1.0169105396134,1.0329248637879573,1.0008962154388428,1.0008962154388428,2100,0.0,0.0
2012-06-11 00:00:00-04:00,1.0169112672813587,1.0329256029152432,1.0089040994644165,1.0089040994644165,22100,0.0,0.0
2012-06-12 00:00:00-04:00,1.0089040994644165,1.0329256029152432,1.0008969316474743,1.0089040994644165,25200,0.0,0.0
2012-06-13 00:00:00-04:00,1.0008962154388428,1.0329248637879573,1.0008962154388428,1.0008962154388428,3800,0.0,0.0
2012-06-14 00:00:00-04:00,1.0089038666471346,1.0249181985855103,1.000896700677947,1.0249181985855103,2300,0.0,0.0
2012-06-15 00:00:00-04:00,1.0008965572752344,1.0089037220972015,0.9448463080685302,0.9688678979873657,55800,0.0,0.0
2012-06-18 00:00:00-04:00,0.9688679057547184,1.0089037301855188,0.9608607408685583,0.9848822355270386,106700,0.0,0.0
2012-06-19 00:00:00-04:00,1.0008969316474743,1.0409327707321854,1.0008969316474743,1.0089040994644165,60200,0.0,0.0
2012-06-20 00:00:00-04:00,1.0008964768151678,1.0489394618848913,1.0008964768151678,1.040932297706604,145400,0.0,0.0
2012-06-21 00:00:00-04:00,1.0569467215161048,1.0889753782292537,1.0249179693500294,1.040932297706604,12200,0.0,0.0
2012-06-22 00:00:00-04:00,1.0169108051717421,1.040932297706604,1.0169108051717421,1.040932297706604,33400,0.0,0.0
2012-06-25 00:00:00-04:00,1.0329254865646362,1.0649542496775966,1.0329254865646362,1.0329254865646362,64700,0.0,0.0
2012-06-26 00:00:00-04:00,1.0649537693267537,1.0649537693267537,1.00089636744709,1.0489393472671509,50100,0.0,0.0
2012-06-27 00:00:00-04:00,1.0569467671921235,1.1049897543380276,1.0409323426905586,1.0809682607650757,15600,0.0,0.0
2012-06-28 00:00:00-04:00,1.0969827877611478,1.1049899537303356,1.0089038666471346,1.0249181985855103,45600,0.0,0.0
2012-06-29 00:00:00-04:00,1.0249181985855103,1.08897562179196,0.9368392774714972,1.0249181985855103,41000,0.0,0.0
2012-07-02 00:00:00-04:00,1.0329252406233453,1.072961161118684,1.0169109106063843,1.0169109106063843,61400,0.0,0.0
2012-07-03 00:00:00-04:00,1.0489393762686297,1.072960962295734,1.0249178856944439,1.0569466352462769,16400,0.0,0.0
2012-07-05 00:00:00-04:00,1.0089038666471346,1.0569469579152089,1.0089038666471346,1.0249181985855103,40000,0.0,0.0
2012-07-06 00:00:00-04:00,1.0089035636140362,1.0649538040161133,1.0089035636140362,1.0649538040161133,55800,0.0,0.0
2012-07-09 00:00:00-04:00,1.0729609675802787,1.0729609675802787,1.0569466404519479,1.0649538040161133,15200,0.0,0.0
2012-07-10 00:00:00-04:00,1.0729610919952393,1.0809682564878735,1.0329251740791372,1.0729610919952393,77200,0.0,0.0
2012-07-11 00:00:00-04:00,1.0649539275026048,1.0809682564878735,1.0569467630099705,1.0729610919952393,55300,0.0,0.0
2012-07-12 00:00:00-04:00,1.016910694053777,1.0969824225401275,1.0089035307504335,1.0489393472671509,42000,0.0,0.0
2012-07-13 00:00:00-04:00,1.064953931716441,1.0969825898137102,1.0569467671921235,1.0809682607650757,18300,0.0,0.0
2012-07-16 00:00:00-04:00,1.0809683833121293,1.1049898796083466,1.0809683833121293,1.0889755487442017,6500,0.0,0.0
2012-07-17 00:00:00-04:00,1.1049895858434708,1.1049895858434708,1.00089636744709,1.0489393472671509,41900,0.0,0.0
2012-07-18 00:00:00-04:00,1.048939503064406,1.0729610919952393,1.048939503064406,1.0729610919952393,38100,0.0,0.0
2012-07-19 00:00:00-04:00,1.0729610919952393,1.0729610919952393,1.0729610919952393,1.0729610919952393,0,0.0,0.0
2012-07-20 00:00:00-04:00,1.0169109106063843,1.0649539961102035,1.0169109106063843,1.0169109106063843,19000,0.0,0.0
2012-07-23 00:00:00-04:00,1.0249183196496359,1.072961416592597,1.0089039858196351,1.0329254865646362,31900,0.0,0.0
2012-07-24 00:00:00-04:00,1.024918435098301,1.0569472018190396,1.0089040994644165,1.0089040994644165,15300,0.0,0.0
2012-07-25 00:00:00-04:00,1.0169109106063843,1.0409324056318259,1.0169109106063843,1.0169109106063843,8800,0.0,0.0
2012-07-26 00:00:00-04:00,1.0008964768151678,1.040932297706604,1.0008964768151678,1.040932297706604,5700,0.0,0.0
2012-07-27 00:00:00-04:00,1.0249179693500294,1.040932297706604,1.0249179693500294,1.040932297706604,7300,0.0,0.0
2012-07-30 00:00:00-04:00,1.008903640993455,1.040932297706604,1.008903640993455,1.040932297706604,6800,0.0,0.0
2012-07-31 00:00:00-04:00,1.0249179693500294,1.040932297706604,1.0249179693500294,1.040932297706604,5800,0.0,0.0
2012-08-01 00:00:00-04:00,1.0089038666471346,1.0409325305238857,0.9928895347087592,1.0249181985855103,127800,0.0,0.0
2012-08-02 00:00:00-04:00,1.0169106304146915,1.0249177932169402,0.9608604907989502,0.9608604907989502,55600,0.0,0.0
2012-08-03 00:00:00-04:00,0.9688679057547184,0.9928894004131986,0.9608607408685583,0.9848822355270386,14700,0.0,0.0
2012-08-06 00:00:00-04:00,0.9848822355270386,0.9848822355270386,0.9688679057547184,0.9848822355270386,26300,0.0,0.0
2012-08-07 00:00:00-04:00,0.9848819792056965,1.000896304810194,0.9608604907989502,0.9608604907989502,38800,0.0,0.0
2012-08-08 00:00:00-04:00,0.9688681421948282,1.0008968095556627,0.9608609753546195,0.9928896427154541,8500,0.0,0.0
2012-08-09 00:00:00-04:00,0.9768753090350368,1.0008968095556627,0.9768753090350368,0.9928896427154541,3100,0.0,0.0
2012-08-10 00:00:00-04:00,0.9928890533515641,1.040932025875236,0.9848818912642855,1.0008962154388428,110400,0.0,0.0
2012-08-13 00:00:00-04:00,0.9688678201020189,1.0569467215161048,0.9688678201020189,1.040932297706604,5500,0.0,0.0
2012-08-14 00:00:00-04:00,1.0329256029152432,1.072961537452924,1.0089040994644165,1.0089040994644165,6800,0.0,0.0
2012-08-15 00:00:00-04:00,1.0249181985855103,1.0329253645546979,1.0169110326163224,1.0249181985855103,2800,0.0,0.0
2012-08-16 00:00:00-04:00,0.9688678979873657,1.0569468064819383,0.9688678979873657,0.9688678979873657,13700,0.0,0.0
2012-08-17 00:00:00-04:00,0.9608608708320081,1.0329253645546979,0.9608608708320081,1.0249181985855103,2100,0.0,0.0
2012-08-20 00:00:00-04:00,1.0409326437567061,1.0569470728900814,0.9688681421948282,0.9928896427154541,16800,0.0,0.0
2012-08-21 00:00:00-04:00,0.9928896427154541,0.9928896427154541,0.9928896427154541,0.9928896427154541,0,0.0,0.0
2012-08-22 00:00:00-04:00,0.9688678427867929,1.032925157712909,0.9688678427867929,0.9768750071525574,5100,0.0,0.0
2012-08-23 00:00:00-04:00,0.9688678979873657,1.08096830094784,0.9688678979873657,0.9688678979873657,28500,0.0,0.0
2012-08-24 00:00:00-04:00,1.0569468149554142,1.0649539798415741,0.9688679057547184,0.9848822355270386,19400,0.0,0.0
2012-08-27 00:00:00-04:00,0.9928894004131986,1.032925224843999,0.9768750706408784,0.9848822355270386,13300,0.0,0.0
2012-08-28 00:00:00-04:00,0.9928890533515641,1.0489391879625145,0.9928890533515641,1.0008962154388428,10800,0.0,0.0
2012-08-29 00:00:00-04:00,1.0008968095556627,1.0089039763958714,0.9928896427154541,0.9928896427154541,44600,0.0,0.0
2012-08-30 00:00:00-04:00,1.0008962154388428,1.0489391879625145,0.9928890533515641,1.0008962154388428,101000,0.0,0.0
2012-08-31 00:00:00-04:00,1.0008968095556627,1.0008968095556627,0.9848824758752455,0.9928896427154541,46500,0.0,0.0
2012-09-04 00:00:00-04:00,0.9848824758752455,1.0008968095556627,0.9848824758752455,0.9928896427154541,3300,0.0,0.0
2012-09-05 00:00:00-04:00,0.9848824758752455,0.9928896427154541,0.9848824758752455,0.9928896427154541,2100,0.0,0.0
2012-09-06 00:00:00-04:00,0.9928893924532671,1.0008965572752344,0.9608607331653986,0.9688678979873657,162300,0.0,0.0
2012-09-07 00:00:00-04:00,1.0008965002498509,1.0008965002498509,0.9688678427867929,0.9768750071525574,27200,0.0,0.0
2012-09-10 00:00:00-04:00,0.9688679057547184,1.0008965652993587,0.9688679057547184,0.9848822355270386,9000,0.0,0.0
2012-09-11 00:00:00-04:00,0.9768750706408784,1.0008965652993587,0.9768750706408784,0.9848822355270386,5400,0.0,0.0
2012-09-12 00:00:00-04:00,1.0008962154388428,1.0008962154388428,0.9928890533515641,1.0008962154388428,121500,0.0,0.0
2012-09-13 00:00:00-04:00,0.9608604050024496,1.0008962154388428,0.9608604050024496,1.0008962154388428,81800,0.0,0.0
2012-09-14 00:00:00-04:00,0.9928890533515641,1.0008962154388428,0.9848818912642855,1.0008962154388428,83400,0.0,0.0
2012-09-17 00:00:00-04:00,1.0089033775261214,1.0089033775261214,0.9928890533515641,1.0008962154388428,34500,0.0,0.0
2012-09-18 00:00:00-04:00,0.9848818912642855,1.0008962154388428,0.9848818912642855,1.0008962154388428,23100,0.0,0.0
2012-09-19 00:00:00-04:00,1.0008962154388428,1.0008962154388428,0.9928890533515641,1.0008962154388428,56600,0.0,0.0
2012-09-20 00:00:00-04:00,1.0008962154388428,1.0008962154388428,0.9928890533515641,1.0008962154388428,81600,0.0,0.0
2012-09-21 00:00:00-04:00,1.0008962154388428,1.0008962154388428,0.9928890533515641,1.0008962154388428,73400,0.0,0.0
2012-09-24 00:00:00-04:00,0.9928890533515641,1.0008962154388428,0.9848818912642855,1.0008962154388428,19700,0.0,0.0
2012-09-25 00:00:00-04:00,0.9848822355270386,1.0008965652993587,0.9688679057547184,0.9848822355270386,17000,0.0,0.0
2012-09-26 00:00:00-04:00,0.9688679057547184,1.0008965652993587,0.9688679057547184,0.9848822355270386,9400,0.0,0.0
2012-09-27 00:00:00-04:00,1.0008968095556627,1.01691114323608,0.9768753090350368,0.9928896427154541,26400,0.0,0.0
2012-09-28 00:00:00-04:00,1.0089039763958714,1.0089039763958714,0.9928896427154541,0.9928896427154541,49500,0.0,0.0
2012-10-01 00:00:00-04:00,1.01691114323608,1.01691114323608,0.9928896427154541,0.9928896427154541,28800,0.0,0.0
2012-10-02 00:00:00-04:00,1.0089037455979037,1.0169109106063843,1.0089037455979037,1.0169109106063843,7700,0.0,0.0
2012-10-03 00:00:00-04:00,1.0008962154388428,1.0169105396134,1.0008962154388428,1.0008962154388428,13700,0.0,0.0
2012-10-04 00:00:00-04:00,1.000896700677947,1.0249181985855103,0.9928895347087592,1.0249181985855103,60200,0.0,0.0
2012-10-05 00:00:00-04:00,1.0008962154388428,1.0249177017006785,0.9688675670897282,1.0008962154388428,18300,0.0,0.0
2012-10-08 00:00:00-04:00,0.9448462542365708,0.9928893358840865,0.9448462542365708,0.9768750071525574,42900,0.0,0.0
2012-10-09 00:00:00-04:00,0.9768753090350368,1.01691114323608,0.9768753090350368,0.9928896427154541,7300,0.0,0.0
2012-10-10 00:00:00-04:00,0.9848821715183219,1.0008965002498509,0.9768750071525574,0.9768750071525574,7400,0.0,0.0
2012-10-11 00:00:00-04:00,0.9848818912642855,1.0249177017006785,0.9768747291770069,1.0008962154388428,20400,0.0,0.0
2012-10-12 00:00:00-04:00,0.9768747291770069,1.0008962154388428,0.9768747291770069,1.0008962154388428,10000,0.0,0.0
2012-10-15 00:00:00-04:00,0.9928896427154541,1.0008968095556627,0.9768753090350368,0.9928896427154541,25000,0.0,0.0
2012-10-16 00:00:00-04:00,0.9768750855639818,1.0249180756148648,0.9768750855639818,1.0169109106063843,8600,0.0,0.0
2012-10-17 00:00:00-04:00,1.0089037301855188,1.024918059957839,0.9848822355270386,0.9848822355270386,9100,0.0,0.0
2012-10-18 00:00:00-04:00,1.0249183100762889,1.0249183100762889,0.9848824758752455,0.9928896427154541,4400,0.0,0.0
2012-10-19 00:00:00-04:00,1.0089036646156155,1.0089036646156155,0.9688678427867929,0.9768750071525574,23400,0.0,0.0
2012-10-22 00:00:00-04:00,1.0008962154388428,1.0008962154388428,1.0008962154388428,1.0008962154388428,8100,0.0,0.0
2012-10-23 00:00:00-04:00,0.9848821715183219,1.0008965002498509,0.9688678427867929,0.9768750071525574,41300,0.0,0.0
2012-10-24 00:00:00-04:00,0.9768750706408784,1.0008965652993587,0.9768750706408784,0.9848822355270386,5900,0.0,0.0
2012-10-25 00:00:00-04:00,0.9688679057547184,1.024918059957839,0.9688679057547184,0.9848822355270386,11000,0.0,0.0
2012-10-26 00:00:00-04:00,0.9848822505724624,1.0249180756148648,0.9848822505724624,1.0169109106063843,6800,0.0,0.0
2012-10-31 00:00:00-04:00,0.9928893924532671,0.9928893924532671,0.9688678979873657,0.9688678979873657,21800,0.0,0.0
2012-11-01 00:00:00-04:00,0.9768750071525574,1.0089036646156155,0.9768750071525574,0.9768750071525574,10900,0.0,0.0
2012-11-02 00:00:00-04:00,0.9768754281966476,1.0169112672813587,0.9768754281966476,1.0089040994644165,8000,0.0,0.0
2012-11-05 00:00:00-05:00,0.9768750855639818,1.0169109106063843,0.9768750855639818,1.0169109106063843,5700,0.0,0.0
2012-11-06 00:00:00-05:00,0.9928894004131986,1.016910895071679,0.9768750706408784,0.9848822355270386,11100,0.0,0.0
2012-11-07 00:00:00-05:00,0.9848825960135899,1.0089040994644165,0.9768754281966476,1.0089040994644165,7900,0.0,0.0
2012-11-08 00:00:00-05:00,0.9848822505724624,1.0249180756148648,0.9688679205555014,1.0169109106063843,25600,0.0,0.0
2012-11-09 00:00:00-05:00,1.000896491143208,1.0169108197290309,0.8247386857933007,0.8327458500862122,652800,0.0,0.0
2012-11-12 00:00:00-05:00,0.8407530232485033,0.8567674474561954,0.8407530232485033,0.848760187625885,18900,0.0,0.0
2012-11-13 00:00:00-05:00,0.848760187625885,0.8807889405883403,0.8407530232485033,0.848760187625885,111300,0.0,0.0
2012-11-14 00:00:00-05:00,0.9288321728466897,0.9288321728466897,0.8007174134254456,0.8007174134254456,59200,0.0,0.0
2012-11-15 00:00:00-05:00,0.8007171929145663,0.8327458500862122,0.8007171929145663,0.8327458500862122,22900,0.0,0.0
2012-11-16 00:00:00-05:00,0.8247386317156318,0.8487601230192898,0.8247386317156318,0.8407529592514038,5200,0.0,0.0
2012-11-19 00:00:00-05:00,0.8247386857933007,0.8327458500862122,0.7847028643287435,0.8327458500862122,3900,0.0,0.0
2012-11-20 00:00:00-05:00,0.8407530232485033,0.848760187625885,0.8327458588711217,0.848760187625885,54400,0.0,0.0
2012-11-21 00:00:00-05:00,0.8407529592514038,0.8407529592514038,0.8327457954835178,0.8407529592514038,90700,0.0,0.0
2012-11-23 00:00:00-05:00,0.8407529592514038,0.8407529592514038,0.8407529592514038,0.8407529592514038,0,0.0,0.0
2012-11-26 00:00:00-05:00,0.8407531313392991,0.848760296746116,0.8247388005256653,0.8247388005256653,9100,0.0,0.0
2012-11-27 00:00:00-05:00,0.800717290717257,0.8087244559881943,0.7927101254463196,0.7927101254463196,35100,0.0,0.0
2012-11-28 00:00:00-05:00,0.8167317464214818,0.8167317464214818,0.8007174134254456,0.8007174134254456,14000,0.0,0.0
2012-11-29 00:00:00-05:00,0.7927102469274274,0.8327460794175181,0.7927102469274274,0.8007174134254456,11900,0.0,0.0
2012-11-30 00:00:00-05:00,0.8167317464214818,0.8167317464214818,0.7847030804294093,0.8007174134254456,36900,0.0,0.0
2012-12-03 00:00:00-05:00,0.7766957949044447,0.7927101254463196,0.7606814166361001,0.7927101254463196,13800,0.0,0.0
2012-12-04 00:00:00-05:00,0.8007172276688981,0.8887961341668287,0.7847028983879892,0.856767475605011,56700,0.0,0.0
2012-12-05 00:00:00-05:00,0.8567675576058738,0.8567675576058738,0.8167316351188485,0.8247388005256653,53000,0.0,0.0
2012-12-06 00:00:00-05:00,0.840753117071944,0.8567675430667583,0.7927101254463196,0.7927101254463196,77200,0.0,0.0
2012-12-07 00:00:00-05:00,0.7847029734915809,0.8407531313392991,0.7847029734915809,0.8247388005256653,81700,0.0,0.0
2012-12-10 00:00:00-05:00,0.8407531313392991,0.8407531313392991,0.8007173043052147,0.8247388005256653,57100,0.0,0.0
2012-12-11 00:00:00-05:00,0.8407531128348021,0.8807890344406596,0.8407531128348021,0.8647747039794922,44100,0.0,0.0
2012-12-12 00:00:00-05:00,0.8807890483448669,0.9128177097728088,0.864774717630896,0.8968033790588379,54700,0.0,0.0
2012-12-13 00:00:00-05:00,0.8647745460079833,0.8968032010795274,0.8407529592514038,0.8407529592514038,80100,0.0,0.0
2012-12-14 00:00:00-05:00,0.8567675522739104,0.8968033790588379,0.8407531261069991,0.8968033790588379,19000,0.0,0.0
2012-12-17 00:00:00-05:00,0.8487602155116247,0.912817628088192,0.8487602155116247,0.856767475605011,104100,0.0,0.0
2012-12-18 00:00:00-05:00,0.880789041519165,1.0089037816910442,0.856767545634364,0.880789041519165,99500,0.0,0.0
2012-12-19 00:00:00-05:00,0.8647745403291542,0.9208246863362844,0.8647745403291542,0.8887960314750671,24000,0.0,0.0
2012-12-20 00:00:00-05:00,0.8567673766138499,0.9448461774821975,0.8487601174456247,0.8887960314750671,33300,0.0,0.0
2012-12-21 00:00:00-05:00,0.8407531195915569,0.9368391985837011,0.8407531195915569,0.880789041519165,52200,0.0,0.0
2012-12-24 00:00:00-05:00,0.864774717630896,0.9128177097728088,0.864774717630896,0.8968033790588379,7000,0.0,0.0
2012-12-26 00:00:00-05:00,0.8887961660528403,0.9208248257637024,0.8807890011251248,0.9208248257637024,5400,0.0,0.0
2012-12-27 00:00:00-05:00,0.864774717630896,0.8968033790588379,0.864774717630896,0.8968033790588379,34100,0.0,0.0
2012-12-28 00:00:00-05:00,0.8807888677597628,0.9208246863362844,0.8807888677597628,0.8887960314750671,33500,0.0,0.0
2012-12-31 00:00:00-05:00,0.8807890011251248,0.9208248257637024,0.8327459161058964,0.9208248257637024,23100,0.0,0.0
2013-01-02 00:00:00-05:00,0.928831912625908,0.9608606650977858,0.8968032556069576,0.9528535008430481,15000,0.0,0.0
2013-01-03 00:00:00-05:00,0.9368389069392941,1.0089034676124429,0.9368389069392941,0.9608604907989502,26400,0.0,0.0
2013-01-04 00:00:00-05:00,0.9048101749385978,1.0008962154388428,0.9048101749385978,1.0008962154388428,31200,0.0,0.0
2013-01-07 00:00:00-05:00,0.9928893221167362,0.9928893221167362,0.9368390768806457,0.9528535008430481,52600,0.0,0.0
2013-01-08 00:00:00-05:00,0.9608606363471449,0.9608606363471449,0.936839048848773,0.9448462128639221,78600,0.0,0.0
2013-01-09 00:00:00-05:00,0.9368391036987305,0.9608606926035158,0.9368391036987305,0.9368391036987305,24200,0.0,0.0
2013-01-10 00:00:00-05:00,0.9368390768806457,0.9608606650977858,0.9368390768806457,0.9528535008430481,21500,0.0,0.0
2013-01-11 00:00:00-05:00,0.9448462411353833,0.9608606650977858,0.9448462411353833,0.9528535008430481,109800,0.0,0.0
2013-01-14 00:00:00-05:00,0.9208247208184746,0.968867800362294,0.9208247208184746,0.9448462128639221,42800,0.0,0.0
2013-01-15 00:00:00-05:00,0.9448462411353833,0.9528535008430481,0.9368390768806457,0.9528535008430481,48600,0.0,0.0
2013-01-16 00:00:00-05:00,0.9528535008430481,0.9528535008430481,0.9448462411353833,0.9528535008430481,210800,0.0,0.0
2013-01-17 00:00:00-05:00,0.9448462128639221,0.9448462128639221,0.9288318848336238,0.9448462128639221,63700,0.0,0.0
2013-01-18 00:00:00-05:00,0.9448462681826822,0.9448462681826822,0.9288319392147787,0.9368391036987305,21500,0.0,0.0
2013-01-22 00:00:00-05:00,0.936839048848773,0.9528534723319957,0.936839048848773,0.9448462128639221,116800,0.0,0.0
2013-01-23 00:00:00-05:00,0.944846320546849,0.9528535809274997,0.9208248257637024,0.9208248257637024,44800,0.0,0.0
2013-01-24 00:00:00-05:00,0.92082506593595,0.9448465669844538,0.8807892308551105,0.9288322329521179,35600,0.0,0.0
2013-01-25 00:00:00-05:00,0.8807890011251248,0.9208248257637024,0.8807890011251248,0.9208248257637024,131800,0.0,0.0
2013-01-28 00:00:00-05:00,0.9208248257637024,0.928831990691418,0.8968033309805559,0.9208248257637024,147300,0.0,0.0
2013-01-29 00:00:00-05:00,0.9128178989197822,0.9288322329521179,0.9048107319036143,0.9288322329521179,256100,0.0,0.0
2013-01-30 00:00:00-05:00,0.920824939262643,0.920824939262643,0.9048106074333191,0.9048106074333191,90100,0.0,0.0
2013-01-31 00:00:00-05:00,0.912817656993866,0.9208248218878786,0.9048104920998532,0.912817656993866,163600,0.0,0.0
2013-02-01 00:00:00-05:00,0.912817656993866,0.9208248218878786,0.9048104920998532,0.912817656993866,162600,0.0,0.0
2013-02-04 00:00:00-05:00,0.912817656993866,0.9288319867818914,0.9048104920998532,0.912817656993866,183700,0.0,0.0
2013-02-05 00:00:00-05:00,0.9128175841164329,0.9608606650977858,0.9128175841164329,0.9528535008430481,840500,0.0,0.0
2013-02-06 00:00:00-05:00,0.9528535759823982,1.0008965652993587,0.9528535759823982,0.9848822355270386,37800,0.0,0.0
2013-02-07 00:00:00-05:00,1.0008962154388428,1.0008962154388428,0.9608604050024496,1.0008962154388428,30800,0.0,0.0
2013-02-08 00:00:00-05:00,1.0008969316474743,1.0409327707321854,0.9848825960135899,1.0089040994644165,502800,0.0,0.0
2013-02-11 00:00:00-05:00,1.0329251335283167,1.0489394618848913,1.0249179693500294,1.040932297706604,83000,0.0,0.0
2013-02-12 00:00:00-05:00,1.0569467753732702,1.0969825983047485,1.0489395153340435,1.0969825983047485,150100,0.0,0.0
2013-02-13 00:00:00-05:00,1.0809680959334405,1.1610398244197908,1.0409321839638073,1.0489393472671509,388700,0.0,0.0
2013-02-14 00:00:00-05:00,1.0329250492191726,1.0809681258204626,1.0329250492191726,1.0569466352462769,396800,0.0,0.0
2013-02-15 00:00:00-05:00,1.0729610498726792,1.0889753782292537,1.0249179693500294,1.040932297706604,2436100,0.0,0.0
2013-02-19 00:00:00-05:00,1.0489396261308983,1.112997045040419,1.040932460698826,1.0889755487442017,410200,0.0,0.0
2013-02-20 00:00:00-05:00,1.1049897628910441,1.1210040920636355,1.088975433718453,1.0969825983047485,59400,0.0,0.0
2013-02-21 00:00:00-05:00,1.1049898796083466,1.1450257067687086,1.0889755487442017,1.0889755487442017,93600,0.0,0.0
2013-02-22 00:00:00-05:00,1.0969827365603007,1.1610401567769184,1.0969827365603007,1.1450257301330566,106100,0.0,0.0
2013-02-25 00:00:00-05:00,1.1370185645375972,1.1930688191587557,1.10498990215576,1.1450257301330566,42300,0.0,0.0
2013-02-26 00:00:00-05:00,1.1290112052208803,1.1850614502246637,1.1290112052208803,1.1770542860031128,57200,0.0,0.0
2013-02-27 00:00:00-05:00,1.1610400014611795,1.1610400014611795,1.064953931716441,1.0809682607650757,184900,0.0,0.0
2013-02-28 00:00:00-05:00,1.0569467630099705,1.1450255724289486,1.0008965161085996,1.0729610919952393,500500,0.0,0.0
2013-03-01 00:00:00-05:00,1.064953939959566,1.1370184212362269,1.064953939959566,1.0969825983047485,20400,0.0,0.0
2013-03-04 00:00:00-05:00,1.0889757902862236,1.1690475578203359,1.0889757902862236,1.1049901247024536,33800,0.0,0.0
2013-03-05 00:00:00-05:00,1.11299692747734,1.1530328458617494,1.0969825983047485,1.0969825983047485,146900,0.0,0.0
2013-03-06 00:00:00-05:00,1.080968207099522,1.1530327796936035,1.080968207099522,1.1530327796936035,122100,0.0,0.0
2013-03-07 00:00:00-05:00,1.1530327796936035,1.1530327796936035,1.1210040277334974,1.1530327796936035,33000,0.0,0.0
2013-03-08 00:00:00-05:00,1.2411118975699929,1.513355832784173,1.2411118975699929,1.457305669784546,710300,0.0,0.0
2013-03-11 00:00:00-04:00,1.4813266538715082,1.601434199763162,1.4412907416056793,1.4492979049682617,388200,0.0,0.0
2013-03-12 00:00:00-04:00,1.4252767456394426,1.505348493300151,1.361219423873227,1.4012552499771118,149200,0.0,0.0
2013-03-13 00:00:00-04:00,1.4092624151978888,1.4332839108602196,1.361219423873227,1.4012552499771118,68700,0.0,0.0
2013-03-14 00:00:00-04:00,1.409262303720114,1.4412909620696384,1.3852408099579705,1.4172694683074951,56900,0.0,0.0
2013-03-15 00:00:00-04:00,1.4252767631875702,1.5213628424728525,1.4172695978682084,1.441291093826294,223600,0.0,0.0
2013-03-18 00:00:00-04:00,1.3692265925422378,1.4653126708864816,1.3612194273012959,1.4092624187469482,179800,0.0,0.0
2013-03-19 00:00:00-04:00,1.4012552672294847,1.4492982591456558,1.4012552672294847,1.441291093826294,51200,0.0,0.0
2013-03-20 00:00:00-04:00,1.4412912446299548,1.4733200047115416,1.4412912446299548,1.4653128385543823,111300,0.0,0.0
2013-03-21 00:00:00-04:00,1.4653123821441043,1.521362527785919,1.4573052184809878,1.4973410367965698,70500,0.0,0.0
2013-03-22 00:00:00-04:00,1.5293700599719366,1.5293700599719366,1.4893342320091671,1.505348563194275,162800,0.0,0.0
2013-03-25 00:00:00-04:00,1.5293699951508044,1.6014345778823322,1.5293699951508044,1.5774130821228027,224900,0.0,0.0
2013-03-26 00:00:00-04:00,1.593427300453186,1.6334631239005797,1.5854201357637074,1.593427300453186,189400,0.0,0.0
2013-03-27 00:00:00-04:00,1.5613986416952712,1.6014344651426649,1.521362722794945,1.593427300453186,117400,0.0,0.0
2013-03-28 00:00:00-04:00,1.6174490451812744,1.6174490451812744,1.569406049599073,1.6174490451812744,122200,0.0,0.0
2013-04-01 00:00:00-04:00,1.6174487394778199,1.6334630683117897,1.5213626710210717,1.5373769998550415,182200,0.0,0.0
2013-04-02 00:00:00-04:00,1.5694058784587124,1.5694058784587124,1.5213627926625595,1.5453842878341675,93400,0.0,0.0
2013-04-03 00:00:00-04:00,1.5613985885589254,1.5854200818098803,1.5373769998550415,1.5373769998550415,98100,0.0,0.0
2013-04-04 00:00:00-04:00,1.5373772255644904,1.577413148980203,1.4813270664166134,1.505348563194275,141700,0.0,0.0
2013-04-05 00:00:00-04:00,1.4813271100551,1.5854203612777316,1.4813271100551,1.5613988637924194,34000,0.0,0.0
2013-04-08 00:00:00-04:00,1.5373772319859456,1.5453843976119446,1.4893342382299521,1.5213629007339478,109300,0.0,0.0
2013-04-09 00:00:00-04:00,1.4973411423795422,1.5613985516543147,1.449298061560231,1.47331964969635,135300,0.0,0.0
2013-04-10 00:00:00-04:00,1.4733199069779543,1.5293700663599468,1.441291149021015,1.5213629007339478,50800,0.0,0.0
2013-04-11 00:00:00-04:00,1.5293698755556233,1.5854201233977254,1.4813268877934773,1.5694057941436768,131900,0.0,0.0
2013-04-12 00:00:00-04:00,1.5373770401826476,1.625455946532847,1.5373770401826476,1.5694057941436768,132300,0.0,0.0
2013-04-15 00:00:00-04:00,1.6254560259673545,1.6414703560040085,1.5293699502944946,1.5293699502944946,140000,0.0,0.0
2013-04-16 00:00:00-04:00,1.5613985885589254,1.6174487394778199,1.5373769998550415,1.5373769998550415,56600,0.0,0.0
2013-04-17 00:00:00-04:00,1.553391548344307,1.577413043515915,1.5213627926625595,1.5453842878341675,50500,0.0,0.0
2013-04-18 00:00:00-04:00,1.5453843812130088,1.5453843812130088,1.4813270568847656,1.4813270568847656,33900,0.0,0.0
2013-04-19 00:00:00-04:00,1.5133555657789748,1.6174488027229381,1.42527665829517,1.6094416379928589,144800,0.0,0.0
2013-04-22 00:00:00-04:00,1.4573053556851925,1.5613985885589254,1.369226451645429,1.5373769998550415,196500,0.0,0.0
2013-04-23 00:00:00-04:00,1.5533915331009,1.617448852929928,1.4973412827975647,1.5133556127548218,102900,0.0,0.0
2013-04-24 00:00:00-04:00,1.4893341252028598,1.5854202008757197,1.4893341252028598,1.5293699502944946,24700,0.0,0.0
2013-04-25 00:00:00-04:00,1.5613985611780847,1.5854200540077963,1.489333987236023,1.489333987236023,67900,0.0,0.0
2013-04-26 00:00:00-04:00,1.4973412827975647,1.5613986980795285,1.4973412827975647,1.5133556127548218,35000,0.0,0.0
2013-04-29 00:00:00-04:00,1.5854202008757197,1.5854202008757197,1.5213627852761678,1.5293699502944946,43100,0.0,0.0
2013-04-30 00:00:00-04:00,1.5694059203507642,1.5934274161635764,1.5533915898088895,1.5854202508926392,94600,0.0,0.0
2013-05-01 00:00:00-04:00,1.601434452651774,1.6094416172787984,1.5694057941436768,1.5694057941436768,90200,0.0,0.0
2013-05-02 00:00:00-04:00,1.569405989942885,1.569405989942885,1.4653127413519553,1.5213629007339478,95300,0.0,0.0
2013-05-03 00:00:00-04:00,1.5613986295166524,1.5854201233977254,1.4813268877934773,1.5694057941436768,58900,0.0,0.0
2013-05-06 00:00:00-04:00,1.5694059168696262,1.6094417431355088,1.5373771604039808,1.5774130821228027,81100,0.0,0.0
2013-05-07 00:00:00-04:00,1.5934275473901738,1.6815063726242099,1.5533917177383392,1.6174490451812744,304900,0.0,0.0
2013-05-08 00:00:00-04:00,1.6414702885900585,1.6414702885900585,1.5453842168633813,1.593427300453186,84800,0.0,0.0
2013-05-09 00:00:00-04:00,1.569405989942885,1.5934274868208815,1.4573055757259565,1.5213629007339478,100100,0.0,0.0
2013-05-10 00:00:00-04:00,1.5453841371720163,1.5533913969015143,1.489333987236023,1.489333987236023,56900,0.0,0.0
2013-05-13 00:00:00-04:00,1.4893342382299521,1.5453843976119446,1.441291149021015,1.5213629007339478,105300,0.0,0.0
2013-05-14 00:00:00-04:00,1.64147020729369,1.7215420411286597,1.5854200572433097,1.6654917001724243,608700,0.0,0.0
2013-05-15 00:00:00-04:00,1.6734989473479733,1.6734989473479733,1.5613986416952712,1.593427300453186,234600,0.0,0.0
2013-05-16 00:00:00-04:00,1.6174488688019284,1.6174488688019284,1.5453842878341675,1.5453842878341675,102200,0.0,0.0
2013-05-17 00:00:00-04:00,1.545384204809672,1.6334631111598714,1.545384204809672,1.5694057941436768,85100,0.0,0.0
2013-05-20 00:00:00-04:00,1.6094417740172462,1.6815062626785982,1.561398781576345,1.6494776010513306,403500,0.0,0.0
2013-05-21 00:00:00-04:00,1.6494774616432553,1.6574846263733345,1.6014344732627797,1.6094416379928589,123300,0.0,0.0
2013-05-22 00:00:00-04:00,1.577413195449294,1.6174490245914808,1.5373772708541613,1.5613988637924194,182000,0.0,0.0
2013-05-23 00:00:00-04:00,1.5774130358573928,1.5774130358573928,1.465312630147879,1.5293699502944946,108600,0.0,0.0
2013-05-24 00:00:00-04:00,1.5293698354380567,1.5694057529759105,1.5293698354380567,1.5373769998550415,37700,0.0,0.0
2013-05-28 00:00:00-04:00,1.5854201357637074,1.625455959211101,1.5774129710742286,1.593427300453186,121100,0.0,0.0
2013-05-29 00:00:00-04:00,1.6174489119763886,1.6174489119763886,1.5854202508926392,1.5854202508926392,51400,0.0,0.0
2013-05-30 00:00:00-04:00,1.5854201233977254,1.601434452651774,1.5694057941436768,1.5694057941436768,47200,0.0,0.0
2013-05-31 00:00:00-04:00,1.5854201233977254,1.601434452651774,1.5613986295166524,1.5694057941436768,63000,0.0,0.0
2013-06-03 00:00:00-04:00,1.5453841965667579,1.6014344441098938,1.5453841965667579,1.553391456604004,63800,0.0,0.0
2013-06-04 00:00:00-04:00,1.577413195449294,1.6174490245914808,1.5613988637924194,1.5613988637924194,39200,0.0,0.0
2013-06-05 00:00:00-04:00,1.5854201233977254,1.601434452651774,1.545384204809672,1.5694057941436768,55400,0.0,0.0
2013-06-06 00:00:00-04:00,1.5213629391972867,1.5854203612777316,1.5213629391972867,1.5613988637924194,64100,0.0,0.0
2013-06-07 00:00:00-04:00,1.5934273085327004,1.6094416379928589,1.545384224699292,1.6094416379928589,62200,0.0,0.0
2013-06-10 00:00:00-04:00,1.6334632668910822,1.649477597671906,1.6254561015006703,1.6414704322814941,79700,0.0,0.0
2013-06-11 00:00:00-04:00,1.6414704322814941,1.6414704322814941,1.6254561015006703,1.6414704322814941,59800,0.0,0.0
2013-06-12 00:00:00-04:00,1.6414701892982073,1.6414701892982073,1.6174486966828212,1.6334630250930786,75600,0.0,0.0
2013-06-13 00:00:00-04:00,1.6414701892982073,1.6414701892982073,1.6174486966828212,1.6334630250930786,36400,0.0,0.0
2013-06-14 00:00:00-04:00,1.6414706593409818,1.6414706593409818,1.6014348268508911,1.6014348268508911,24900,0.0,0.0
2013-06-17 00:00:00-04:00,1.601434581434514,1.625456077247326,1.5694059203507642,1.5854202508926392,113300,0.0,0.0
2013-06-18 00:00:00-04:00,1.5854204938548548,1.6014348268508911,1.5213630664177558,1.6014348268508911,103800,0.0,0.0
2013-06-19 00:00:00-04:00,1.6254560736418617,1.6254560736418617,1.5613987516164496,1.5774130821228027,32600,0.0,0.0
2013-06-20 00:00:00-04:00,1.5533916979639821,1.6014346929346062,1.5533916979639821,1.5613988637924194,23300,0.0,0.0
2013-06-21 00:00:00-04:00,1.569405863058157,1.569405863058157,1.5133556127548218,1.5133556127548218,189300,0.0,0.0
2013-06-24 00:00:00-04:00,1.5053485027303255,1.5854202508926392,1.4573055111047009,1.5854202508926392,93400,0.0,0.0
2013-06-25 00:00:00-04:00,1.4573053556851925,1.5774129173928952,1.4573053556851925,1.5373769998550415,41900,0.0,0.0
2013-06-26 00:00:00-04:00,1.5373769998550415,1.5774129173928952,1.505348342187102,1.5373769998550415,27700,0.0,0.0
2013-06-27 00:00:00-04:00,1.553391456604004,1.585420114941264,1.5213627028138128,1.553391456604004,54200,0.0,0.0
2013-06-28 00:00:00-04:00,1.5373771227769648,1.577413043515915,1.5293699577197621,1.5453842878341675,51200,0.0,0.0
2013-07-01 00:00:00-04:00,1.5293700663599468,1.5854203211948827,1.513355735107949,1.5213629007339478,65300,0.0,0.0
2013-07-02 00:00:00-04:00,1.5213626710210717,1.5613985885589254,1.5213626710210717,1.5373769998550415,20900,0.0,0.0
2013-07-03 00:00:00-04:00,1.5373771604039808,1.657484734654568,1.5373771604039808,1.5774130821228027,134100,0.0,0.0
2013-07-05 00:00:00-04:00,1.62545586088795,1.649477353503336,1.5774128756571777,1.6334630250930786,66600,0.0,0.0
2013-07-08 00:00:00-04:00,1.6574846506118774,1.7215421602951346,1.6494774857647039,1.6574846506118774,181200,0.0,0.0
2013-07-09 00:00:00-04:00,1.6815061530362614,1.6815061530362614,1.6574846583821283,1.6734989881515503,155400,0.0,0.0
2013-07-10 00:00:00-04:00,1.6734987547349216,1.7215419282480806,1.6414700996633775,1.6815059185028076,87100,0.0,0.0
2013-07-11 00:00:00-04:00,1.6815064621576035,1.7615783166306684,1.6574849630874553,1.7455639839172363,315500,0.0,0.0
2013-07-12 00:00:00-04:00,1.7455641276778853,1.8576644659042358,1.7375569606617174,1.8576644659042358,454700,0.0,0.0
2013-07-15 00:00:00-04:00,1.9137145280838013,1.9617575227036732,1.8896928398679746,1.9137145280838013,260100,0.0,0.0
2013-07-16 00:00:00-04:00,1.921721950709239,1.9857792854309082,1.8977002592826968,1.9857792854309082,661800,0.0,0.0
2013-07-17 00:00:00-04:00,2.033821943701177,2.073857771154766,2.0017932817383053,2.0418291091918945,689100,0.0,0.0
2013-07-18 00:00:00-04:00,2.0418294723842716,2.145922833185194,2.0418294723842716,2.0658509731292725,373000,0.0,0.0
2013-07-19 00:00:00-04:00,2.1058868840945597,2.1058868840945597,2.0418293613520113,2.089872360229492,174000,0.0,0.0
2013-07-22 00:00:00-04:00,2.1299076080322266,2.1939649165455504,2.065850108613065,2.1299076080322266,529500,0.0,0.0
2013-07-23 00:00:00-04:00,2.1539294485381,2.1539294485381,2.08186477385096,2.105886459350586,166600,0.0,0.0
2013-07-24 00:00:00-04:00,2.129907992220407,2.161936652254329,1.9857788311618858,2.0338218212127686,247100,0.0,0.0
2013-07-25 00:00:00-04:00,2.0498358163332053,2.113893316841384,2.017807161532037,2.073857307434082,174400,0.0,0.0
2013-07-26 00:00:00-04:00,2.0418289862212493,2.1219008272119266,2.0338218212127686,2.0338218212127686,143500,0.0,0.0
2013-07-29 00:00:00-04:00,2.0498363579661367,2.161936870296642,2.0178076947019616,2.1379153728485107,289300,0.0,0.0
2013-07-30 00:00:00-04:00,2.1138932704925537,2.1539290881161963,2.089871589012531,2.1138932704925537,148900,0.0,0.0
2013-07-31 00:00:00-04:00,2.0978787525372593,2.1379147610667393,2.065850098438345,2.1138932704925537,58300,0.0,0.0
2013-08-01 00:00:00-04:00,2.1219009394638966,2.2019725937846206,2.0498362596693624,2.1779510974884033,176100,0.0,0.0
2013-08-02 00:00:00-04:00,2.1939653195536266,2.314072985984446,2.161936659413641,2.201972484588623,159500,0.0,0.0
2013-08-05 00:00:00-04:00,2.201972484588623,2.217986814658616,2.161936659413641,2.201972484588623,214900,0.0,0.0
2013-08-06 00:00:00-04:00,2.1859581079964427,2.1859581079964427,2.0017931252051033,2.105886459350586,244200,0.0,0.0
2013-08-07 00:00:00-04:00,2.306066076108569,2.570302742406299,2.306066076108569,2.418166399002075,702100,0.0,0.0
2013-08-08 00:00:00-04:00,2.5462816264253396,2.5462816264253396,2.370123758845632,2.442188262939453,371600,0.0,0.0
2013-08-09 00:00:00-04:00,2.40215196458855,2.482223620379147,2.40215196458855,2.4582021236419678,168400,0.0,0.0
2013-08-12 00:00:00-04:00,2.4982378370657035,2.802510496939691,2.4742163414292113,2.634359836578369,654600,0.0,0.0
2013-08-13 00:00:00-04:00,2.6583816955894037,2.7784893810952767,2.626353030362745,2.642367362976074,513700,0.0,0.0
2013-08-14 00:00:00-04:00,2.6583814327150685,2.802510602888707,2.6583814327150685,2.762474775314331,468200,0.0,0.0
2013-08-15 00:00:00-04:00,2.802510336570364,2.802510336570364,2.690409839108968,2.7144315242767334,284300,0.0,0.0
2013-08-16 00:00:00-04:00,2.7304457640029134,2.79450307992833,2.698416915134345,2.770481586456299,348000,0.0,0.0
2013-08-19 00:00:00-04:00,2.7544674103095215,2.9066037349796923,2.7544674103095215,2.842546224594116,727000,0.0,0.0
2013-08-20 00:00:00-04:00,2.8345390747850043,2.9066037504900994,2.8345390747850043,2.874574899673462,278900,0.0,0.0
2013-08-21 00:00:00-04:00,2.882582072214434,2.8905892372131348,2.818524752224829,2.8905892372131348,200700,0.0,0.0
2013-08-22 00:00:00-04:00,2.8905892296288447,2.8905892296288447,2.8345390747850043,2.874574899673462,208100,0.0,0.0
2013-08-23 00:00:00-04:00,2.866567611694336,2.890589105596673,2.7304458129144247,2.866567611694336,374600,0.0,0.0
2013-08-26 00:00:00-04:00,2.8985968163775846,2.922618505711896,2.8505538195207616,2.914611339569092,444800,0.0,0.0
2013-08-27 00:00:00-04:00,2.9146114859788326,2.9146114859788326,2.674396107816174,2.7544679641723633,332300,0.0,0.0
2013-08-28 00:00:00-04:00,2.7544673343766823,2.7544673343766823,2.4021517051389023,2.546280860900879,892900,0.0,0.0
2013-08-29 00:00:00-04:00,2.5622953496688927,2.6663884974270253,2.5302666888202365,2.634359836578369,201700,0.0,0.0
2013-08-30 00:00:00-04:00,2.6343597012390307,2.786496023360072,2.6343597012390307,2.746460199356079,327000,0.0,0.0
2013-09-03 00:00:00-04:00,2.8265320027348384,2.922618176532021,2.75446751556636,2.8185248374938965,483500,0.0,0.0
2013-09-04 00:00:00-04:00,2.8585601996772474,2.8665673636184112,2.778488560265612,2.850553035736084,293500,0.0,0.0
2013-09-05 00:00:00-04:00,2.8745745275595747,2.8745745275595747,2.81852437997143,2.850553035736084,276600,0.0,0.0
2013-09-06 00:00:00-04:00,2.8745748278117635,2.8745748278117635,2.6663883526903804,2.7304458618164062,437800,0.0,0.0
2013-09-09 00:00:00-04:00,2.666388240505438,2.738452911376953,2.642366747183553,2.738452911376953,316200,0.0,0.0
2013-09-10 00:00:00-04:00,2.754467867515169,2.8345395301556495,2.754467867515169,2.8265323638916016,185600,0.0,0.0
2013-09-11 00:00:00-04:00,2.8425464693037967,2.914611150828254,2.8025106411823693,2.858560800552368,519300,0.0,0.0
2013-09-12 00:00:00-04:00,2.9146107477754817,3.002689557462469,2.8425460762166312,2.9226179122924805,650100,0.0,0.0
2013-09-13 00:00:00-04:00,2.946639892508769,3.04272588258226,2.9226183949903963,2.9386327266693115,646900,0.0,0.0
2013-09-16 00:00:00-04:00,2.9866754299247003,3.1628332520890328,2.9786682648674976,3.090768575668335,1104600,0.0,0.0
2013-09-17 00:00:00-04:00,3.0827612285492005,3.1227972423766377,3.0667468993805707,3.106782913208008,396800,0.0,0.0
2013-09-18 00:00:00-04:00,3.122797381443788,3.2028690308527588,3.082761365833432,3.1468188762664795,443900,0.0,0.0
2013-09-19 00:00:00-04:00,3.1468190468023227,3.1628333775519826,3.01069704452433,3.098775863647461,361400,0.0,0.0
2013-09-20 00:00:00-04:00,3.114790208884183,3.1468188685694303,2.9946825441586373,3.1308045387268066,360400,0.0,0.0
2013-09-23 00:00:00-04:00,3.1628342249898833,3.2829417377934895,3.1308055549089215,3.2268917560577393,479600,0.0,0.0
2013-09-24 00:00:00-04:00,3.2429050085050615,3.3630122903067963,3.2348976527520192,3.314969301223755,528600,0.0,0.0
2013-09-25 00:00:00-04:00,3.3149691067297233,3.4430841185795447,3.3149691067297233,3.39504075050354,525900,0.0,0.0
2013-09-26 00:00:00-04:00,3.451091011461188,3.6032273219846096,3.451091011461188,3.507141351699829,623200,0.0,0.0
2013-09-27 00:00:00-04:00,3.50714213586306,3.50714213586306,3.322977127400521,3.4991347789764404,555500,0.0,0.0
2013-09-30 00:00:00-04:00,3.4030483054485328,3.4671056242259213,3.0987756594442,3.314969301223755,780700,0.0,0.0
2013-10-01 00:00:00-04:00,3.298955646094499,3.435077667236328,3.2028696482809074,3.435077667236328,488600,0.0,0.0
2013-10-02 00:00:00-04:00,3.4430849696941763,3.5631922741390123,3.3710202815778274,3.4911279678344727,330200,0.0,0.0
2013-10-03 00:00:00-04:00,3.5391704461907127,3.5551847765521827,3.322976795404987,3.41105580329895,366100,0.0,0.0
2013-10-04 00:00:00-04:00,3.4190628250359056,3.427070181233672,3.3229768415332557,3.3550055027008057,184500,0.0,0.0
2013-10-07 00:00:00-04:00,3.2429047096906913,3.3229763507843018,3.218883026456757,3.3229763507843018,352400,0.0,0.0
2013-10-08 00:00:00-04:00,3.314969235938032,3.3550052502912906,3.1227972833905424,3.186854600906372,362900,0.0,0.0
2013-10-09 00:00:00-04:00,3.1308047160526624,3.2268908914565047,2.930625390776029,3.098775863647461,485600,0.0,0.0
2013-10-10 00:00:00-04:00,3.074754798827584,3.2348983196938548,3.074754798827584,3.2028696537017822,231400,0.0,0.0
2013-10-11 00:00:00-04:00,3.2268909043471914,3.30696255841536,3.1868548864072253,3.298955202102661,138200,0.0,0.0
2013-10-14 00:00:00-04:00,3.2989551197171205,3.2989551197171205,3.1468189807869296,3.2749338150024414,280200,0.0,0.0
2013-10-15 00:00:00-04:00,3.2749334412003237,3.3550050841294383,3.2108761268570323,3.3309834003448486,195800,0.0,0.0
2013-10-16 00:00:00-04:00,3.3630127663982434,3.523156467824507,3.330984102475349,3.4991347789764404,291200,0.0,0.0
2013-10-17 00:00:00-04:00,3.483120610571852,3.515149275998716,3.395041589742071,3.4911279678344727,242500,0.0,0.0
2013-10-18 00:00:00-04:00,3.5151488371166013,3.6032278469493226,3.491127531951526,3.5872135162353516,258500,0.0,0.0
2013-10-21 00:00:00-04:00,3.5952202828115047,3.7393496327154736,3.4831199742953265,3.651270627975464,501300,0.0,0.0
2013-10-22 00:00:00-04:00,3.6592779078707562,3.723335225694114,3.611234919503238,3.643263578414917,209200,0.0,0.0
2013-10-23 00:00:00-04:00,3.595220746730856,3.6832997628363877,3.5872137717095107,3.635256767272949,154000,0.0,0.0
2013-10-24 00:00:00-04:00,3.6272492489590773,3.7153278700603285,3.611234919503238,3.643263578414917,146100,0.0,0.0
2013-10-25 00:00:00-04:00,3.651271319641055,3.7153286509276295,3.563192298216109,3.571199655532837,183300,0.0,0.0
2013-10-28 00:00:00-04:00,3.5551841492465655,3.5872128043181095,3.186854234112123,3.3630118370056152,543200,0.0,0.0
2013-10-29 00:00:00-04:00,3.3309834003448486,3.4270697536714967,3.3069620983719696,3.3309834003448486,136500,0.0,0.0
2013-10-30 00:00:00-04:00,3.330984298547057,3.4030489875214083,3.2429056584804203,3.3870346546173096,173100,0.0,0.0
2013-10-31 00:00:00-04:00,3.3790267607642566,3.443084464021891,3.2669264482339644,3.41105580329895,255000,0.0,0.0
2013-11-01 00:00:00-04:00,3.411055824534466,3.515148781626177,3.403048468398005,3.4590988159179688,153400,0.0,0.0
2013-11-04 00:00:00-05:00,3.515148522559179,3.515148522559179,3.363012203484681,3.427069902420044,150800,0.0,0.0
2013-11-05 00:00:00-05:00,3.419062376022339,3.459098388129865,3.3630120354341435,3.419062376022339,77700,0.0,0.0
2013-11-06 00:00:00-05:00,3.379026336673249,3.4751126885943266,3.3069620499970718,3.3710193634033203,143300,0.0,0.0
2013-11-07 00:00:00-05:00,3.427071134969682,3.427071134969682,3.1628342249898833,3.2268917560577393,267100,0.0,0.0
2013-11-08 00:00:00-05:00,3.2348975465570473,3.3550052062276343,2.810517441776629,3.106782913208008,490700,0.0,0.0
2013-11-11 00:00:00-05:00,2.7945036565211345,3.0427259978539536,2.7945036565211345,2.914611339569092,489900,0.0,0.0
2013-11-12 00:00:00-05:00,2.8505532657897525,2.930625102569426,2.7624744553285603,2.8345389366149902,394800,0.0,0.0
2013-11-13 00:00:00-05:00,2.810517418148636,2.9946823929454696,2.722438608461649,2.9226179122924805,346100,0.0,0.0
2013-11-14 00:00:00-05:00,2.8665675949645144,2.9226179379820447,2.818524607440228,2.8345389366149902,172000,0.0,0.0
2013-11-15 00:00:00-05:00,2.834539274207159,2.9706612793105616,2.834539274207159,2.9626541137695312,212900,0.0,0.0
2013-11-18 00:00:00-05:00,2.8745747508349644,3.090768384944526,2.8665675862718647,2.954646587371826,241100,0.0,0.0
2013-11-19 00:00:00-05:00,2.9546468604570917,3.050732844095105,2.8105176940941927,3.0347185134887695,297100,0.0,0.0
2013-11-20 00:00:00-05:00,3.0507332993335297,3.2669269856859273,3.0427261328355115,3.2028696537017822,261300,0.0,0.0
2013-11-21 00:00:00-05:00,3.202869171249064,3.363012477086814,3.1227975183301893,3.3550055027008057,271100,0.0,0.0
2013-11-22 00:00:00-05:00,3.3790266200011434,3.3870339757541856,3.2509119824463664,3.314969301223755,83300,0.0,0.0
2013-11-25 00:00:00-05:00,3.2989548711560723,3.314969200363171,3.242904909837091,3.2589192390441895,41600,0.0,0.0
2013-11-26 00:00:00-05:00,3.226890596970759,3.3229765726999227,3.138811594979829,3.290947914123535,184600,0.0,0.0
2013-11-27 00:00:00-05:00,3.290947997588103,3.322976656976797,3.2509119824463664,3.314969301223755,75700,0.0,0.0
2013-11-29 00:00:00-05:00,3.298955195343812,3.314969526124636,3.2429052285168103,3.2829408645629883,14600,0.0,0.0
2013-12-02 00:00:00-05:00,3.2829410859447505,3.2829410859447505,3.1868550947803476,3.234898090362549,140200,0.0,0.0
2013-12-03 00:00:00-05:00,3.2429047393696946,3.298954697742339,3.1708400708200597,3.2509117126464844,189200,0.0,0.0
2013-12-04 00:00:00-05:00,3.234898090362549,3.2829410859447505,3.2028694266410813,3.234898090362549,78100,0.0,0.0
2013-12-05 00:00:00-05:00,3.226890335097362,3.322976303028814,3.1708399962315,3.2429046630859375,179100,0.0,0.0
2013-12-06 00:00:00-05:00,3.2669259641629522,3.322976303028814,3.1788471602257875,3.2429046630859375,80200,0.0,0.0
2013-12-09 00:00:00-05:00,3.1628328134208363,3.242904643793197,3.1388113215808824,3.210875988006592,322600,0.0,0.0
2013-12-10 00:00:00-05:00,3.202869204426133,3.202869204426133,3.0507328713984805,3.098775863647461,237700,0.0,0.0
2013-12-11 00:00:00-05:00,3.170840271527415,3.2028689302853297,3.0106967868319754,3.186854600906372,141900,0.0,0.0
2013-12-12 00:00:00-05:00,3.1788471602257875,3.2909476470516634,3.1548256682429243,3.2429046630859375,139000,0.0,0.0
2013-12-13 00:00:00-05:00,3.202869217220859,3.314969532916295,3.202869217220859,3.298955202102661,65600,0.0,0.0
2013-12-16 00:00:00-05:00,3.2989548711560723,3.3870338727009766,3.0907684005579306,3.2589192390441895,138700,0.0,0.0
2013-12-17 00:00:00-05:00,3.2348976054458762,3.314969252746669,3.19486178179548,3.2188832759857178,72800,0.0,0.0
2013-12-18 00:00:00-05:00,3.2429048277783887,3.2429048277783887,3.018703842740484,3.194861650466919,237600,0.0,0.0
2013-12-19 00:00:00-05:00,3.162833106837936,3.242904944638588,3.074754104347805,3.186854600906372,68800,0.0,0.0
2013-12-20 00:00:00-05:00,3.170840157264113,3.2108761701746475,3.10678284205663,3.194861650466919,248900,0.0,0.0
2013-12-23 00:00:00-05:00,3.1628333294987816,3.2108765119237193,3.1548261642456055,3.1548261642456055,132900,0.0,0.0
2013-12-24 00:00:00-05:00,3.138811170000388,3.3469974225595243,3.138811170000388,3.3389904499053955,63500,0.0,0.0
2013-12-26 00:00:00-05:00,3.3389912200426277,3.3389912200426277,3.2188835480344924,3.298955202102661,103700,0.0,0.0
2013-12-27 00:00:00-05:00,3.2829408034518277,3.3149694644172696,3.2829408034518277,3.306962490081787,79100,0.0,0.0
2013-12-30 00:00:00-05:00,3.298955202102661,3.3469981945435623,3.298955202102661,3.298955202102661,53600,0.0,0.0
2013-12-31 00:00:00-05:00,3.330983435484487,3.4751127760890714,3.29895477797496,3.39504075050354,209900,0.0,0.0
2014-01-02 00:00:00-05:00,3.379026849247931,3.4030485363250484,3.2268908977359865,3.2829408645629883,162700,0.0,0.0
2014-01-03 00:00:00-05:00,3.3149697496662185,3.3630127452484198,3.2028694266410813,3.234898090362549,226400,0.0,0.0
2014-01-06 00:00:00-05:00,3.226890489484383,3.403048105786779,3.2188831342011435,3.39504075050354,146300,0.0,0.0
2014-01-07 00:00:00-05:00,3.4270704637903178,3.6913071311143875,3.411056131886186,3.667285442352295,360300,0.0,0.0
2014-01-08 00:00:00-05:00,3.6913064138466565,3.843442728279785,3.5711987569982164,3.8034067153930664,506500,0.0,0.0
2014-01-09 00:00:00-05:00,3.803407367951776,3.867464694111605,3.7954000112759068,3.8274290561676025,174800,0.0,0.0
2014-01-10 00:00:00-05:00,3.8114140562210554,3.955543014804817,3.7953993456778123,3.9075000286102295,229700,0.0,0.0
2014-01-13 00:00:00-05:00,3.8034079466786657,4.003587312293332,3.8034079466786657,3.9795656204223633,277600,0.0,0.0
2014-01-14 00:00:00-05:00,3.9875719771290354,3.9875719771290354,3.85144998159827,3.8834786415100098,187800,0.0,0.0
2014-01-15 00:00:00-05:00,3.86746457485654,3.9715579175623867,3.8514502438103926,3.9475362300872803,132500,0.0,0.0
2014-01-16 00:00:00-05:00,3.9235149308518773,3.9795648986993375,3.8434432754899555,3.963550567626953,92800,0.0,0.0
2014-01-17 00:00:00-05:00,3.939529903500982,4.003587238222651,3.8514508773527707,3.9715585708618164,173600,0.0,0.0
2014-01-21 00:00:00-05:00,3.9795641687775274,4.203765144480291,3.9795641687775274,4.187750816345215,367700,0.0,0.0
2014-01-22 00:00:00-05:00,4.187751589628396,4.363909231642365,4.1317012398998845,4.331880569458008,305700,0.0,0.0
2014-01-23 00:00:00-05:00,4.323872316623022,4.355900969339279,4.267821983463742,4.307857990264893,136900,0.0,0.0
2014-01-24 00:00:00-05:00,4.307858506378434,4.315865479610965,4.243801193271375,4.251808166503906,161200,0.0,0.0
2014-01-27 00:00:00-05:00,4.2438019005988155,4.291844893436582,4.203765882328127,4.235794544219971,263600,0.0,0.0
2014-01-28 00:00:00-05:00,4.2117737498315035,4.403945744503818,4.2117737498315035,4.363909721374512,392800,0.0,0.0
2014-01-29 00:00:00-05:00,4.3478943457273935,4.363908674776028,3.7953994208319144,4.323873043060303,244100,0.0,0.0
2014-01-30 00:00:00-05:00,4.323873533248517,4.363909169502997,4.003586534153856,4.355902194976807,134200,0.0,0.0
2014-01-31 00:00:00-05:00,4.307859905735213,4.379924215484031,4.267823881132225,4.339888572692871,246400,0.0,0.0
2014-02-03 00:00:00-05:00,4.363908674776028,4.363908674776028,4.259815726865764,4.323873043060303,212800,0.0,0.0
2014-02-04 00:00:00-05:00,4.307859747167661,4.403945744503818,4.187752059591557,4.363909721374512,223100,0.0,0.0
2014-02-05 00:00:00-05:00,4.355902906171701,4.37191723965053,4.251809547653396,4.339888572692871,162700,0.0,0.0
2014-02-06 00:00:00-05:00,4.331879333212851,4.387929666945545,4.331879333212851,4.371915340423584,201700,0.0,0.0
2014-02-07 00:00:00-05:00,4.363908520223413,4.387930203851472,4.339887218407062,4.347894191741943,155000,0.0,0.0
2014-02-10 00:00:00-05:00,4.347894167276896,4.596116448248814,4.339887193987069,4.5560808181762695,586000,0.0,0.0
2014-02-11 00:00:00-05:00,4.56408806521646,4.56408806521646,4.403944771697602,4.484016418457031,183400,0.0,0.0
2014-02-12 00:00:00-05:00,4.508038534128263,4.5720958576564055,4.459995541482157,4.540067195892334,146800,0.0,0.0
2014-02-13 00:00:00-05:00,4.5080383504359025,4.564088315333234,4.267823015181837,4.500030994415283,243700,0.0,0.0
2014-02-14 00:00:00-05:00,4.516045324644771,4.580102645562722,4.476009689976927,4.500030994415283,107600,0.0,0.0
2014-02-18 00:00:00-05:00,4.532059406512688,4.572095420798267,4.419959101049488,4.484016418457031,186800,0.0,0.0
2014-02-19 00:00:00-05:00,4.484017116629823,4.484017116629823,4.331880773193031,4.43597412109375,108300,0.0,0.0
2014-02-20 00:00:00-05:00,4.419958274771795,4.468001253846181,4.251807657105613,4.307857990264893,233500,0.0,0.0
2014-02-21 00:00:00-05:00,4.307858057127075,4.323872383733762,4.163728735855229,4.1957573890686035,195400,0.0,0.0
2014-02-24 00:00:00-05:00,4.179744350046663,4.203766038262489,3.635256695876334,3.8274290561676025,748100,0.0,0.0
2014-02-25 00:00:00-05:00,3.77137799119265,3.8994926192684516,3.7233350056642243,3.8114140033721924,319600,0.0,0.0
2014-02-26 00:00:00-05:00,3.7953993456778123,3.931521330801666,3.7873923722179046,3.9075000286102295,350200,0.0,0.0
2014-02-27 00:00:00-05:00,3.8754712804080755,4.203765202623704,3.8754712804080755,4.163729190826416,291200,0.0,0.0
2014-02-28 00:00:00-05:00,4.155722160075063,4.203765144480291,4.0916648475347595,4.187750816345215,189100,0.0,0.0
2014-03-03 00:00:00-05:00,4.171738441651623,4.187752777285508,3.9875733909560127,4.035616397857666,271200,0.0,0.0
2014-03-04 00:00:00-05:00,4.059636327849002,4.171736628566092,3.987571657910731,4.011593341827393,153300,0.0,0.0
2014-03-05 00:00:00-05:00,4.01159367077053,4.083657964806225,3.763370983254184,3.8994929790496826,155500,0.0,0.0
2014-03-06 00:00:00-05:00,3.899492502588775,3.899492502588775,3.6913062381948962,3.7793848514556885,276400,0.0,0.0
2014-03-07 00:00:00-05:00,3.787393542631101,4.043623263329611,3.6432645395073453,3.9715585708618164,506100,0.0,0.0
2014-03-10 00:00:00-04:00,3.987571709550144,4.123693695946686,3.987571709550144,4.10767936706543,237300,0.0,0.0
2014-03-11 00:00:00-04:00,4.075651243798955,4.123694236743263,4.019600894458046,4.083658218383789,262900,0.0,0.0
2014-03-12 00:00:00-04:00,4.051629066467285,4.083657724557009,3.9635500658146836,4.051629066467285,307900,0.0,0.0
2014-03-13 00:00:00-04:00,4.04362320490901,4.075651871807108,3.9795654893009877,4.027608871459961,143800,0.0,0.0
2014-03-14 00:00:00-04:00,4.027608273728261,4.027608273728261,3.9235149308518773,3.963550567626953,313800,0.0,0.0
2014-03-17 00:00:00-04:00,3.955543271880474,4.035614920742075,3.827428633701913,3.9395289421081543,251200,0.0,0.0
2014-03-18 00:00:00-04:00,3.9475369524689636,3.995579954399063,3.907501308433134,3.9795656204223633,212400,0.0,0.0
2014-03-19 00:00:00-04:00,3.9555429599574694,3.971557288466945,3.779384964541533,3.8114140033721924,225800,0.0,0.0
2014-03-20 00:00:00-04:00,3.771377784687507,3.939528415735614,3.563191143652065,3.859456777572632,278700,0.0,0.0
2014-03-21 00:00:00-04:00,3.811414088080185,3.9075000612725295,3.747356390806904,3.835435390472412,138400,0.0,0.0
2014-03-24 00:00:00-04:00,3.835435415024252,3.835435415024252,3.667284769955404,3.747356414794922,157400,0.0,0.0
2014-03-25 00:00:00-04:00,3.787392351161867,3.8354353370893586,3.7313420100072703,3.739349365234375,162100,0.0,0.0
2014-03-26 00:00:00-04:00,3.7793842789661714,3.8594562888002986,3.7793842789661714,3.843441963195801,312600,0.0,0.0
2014-03-27 00:00:00-04:00,3.8434430297679114,3.979564644274659,3.8434430297679114,3.9315216541290283,284500,0.0,0.0
2014-03-28 00:00:00-04:00,3.9315208857687742,3.9555425670527637,3.835434924256157,3.8514492511749268,121300,0.0,0.0
2014-03-31 00:00:00-04:00,3.8754716898649986,4.003586330253347,3.85145000388631,3.9315216541290283,92200,0.0,0.0
2014-04-01 00:00:00-04:00,3.9155082120744398,4.0356159055834855,3.9155082120744398,3.9715585708618164,361000,0.0,0.0
2014-04-02 00:00:00-04:00,3.9635505451171373,4.099672549365224,3.9635505451171373,4.083658218383789,201900,0.0,0.0
2014-04-03 00:00:00-04:00,4.091665767989643,4.187751758415456,4.0756514362520075,4.1557230949401855,244200,0.0,0.0
2014-04-04 00:00:00-04:00,4.139708020726555,4.171736678457337,3.811414088080185,3.835435390472412,189700,0.0,0.0
2014-04-07 00:00:00-04:00,3.835435576933759,3.9235145808812657,3.7953995619180554,3.875471591949463,118100,0.0,0.0
2014-04-08 00:00:00-04:00,3.899493822055744,4.075651871807108,3.8514508217085974,4.027608871459961,143100,0.0,0.0
2014-04-09 00:00:00-04:00,4.011593341827393,4.123693642544482,3.899492659298591,4.011593341827393,67800,0.0,0.0
2014-04-10 00:00:00-04:00,4.035615847278573,4.06764451417667,3.971558513482377,4.027608871459961,91600,0.0,0.0
2014-04-11 00:00:00-04:00,4.035614710298506,4.035614710298506,3.8434427630517765,3.867464065551758,45700,0.0,0.0
2014-04-14 00:00:00-04:00,3.859457091989004,4.051629039235733,3.7873924208656207,3.867464065551758,150800,0.0,0.0
2014-04-15 00:00:00-04:00,3.8914855392295933,3.8914855392295933,3.6913062474434657,3.7953991889953613,139400,0.0,0.0
2014-04-16 00:00:00-04:00,3.819422442053233,3.987573146820068,3.7954007491671757,3.9875731468200684,150700,0.0,0.0
2014-04-17 00:00:00-04:00,3.963549895463382,4.163729190826416,3.963549895463382,4.163729190826416,191700,0.0,0.0
2014-04-21 00:00:00-04:00,4.171737426677821,4.171737426677821,4.003586752526754,4.1557230949401855,120600,0.0,0.0
2014-04-22 00:00:00-04:00,4.131701406427839,4.16373006990311,4.123694431464914,4.1557230949401855,89400,0.0,0.0
2014-04-23 00:00:00-04:00,4.139708067119886,4.155722396164749,4.035614737422423,4.051629066467285,81000,0.0,0.0
2014-04-24 00:00:00-04:00,4.067643887402354,4.155722898706133,3.987572232495175,4.083658218383789,98000,0.0,0.0
2014-04-25 00:00:00-04:00,4.067643394983036,4.123693737538623,3.8514497619996613,3.9155070781707764,62300,0.0,0.0
2014-04-28 00:00:00-04:00,3.8994926645123407,4.035614649328091,3.867464007121778,3.8914856910705566,100900,0.0,0.0
2014-04-29 00:00:00-04:00,3.875471403541748,3.963550021395539,3.779385048537686,3.835435390472412,102400,0.0,0.0
2014-04-30 00:00:00-04:00,3.8114146133451867,3.963550567626953,3.8114146133451867,3.963550567626953,88300,0.0,0.0
2014-05-01 00:00:00-04:00,3.9795651490450674,4.0115941950164835,3.9635508169652565,3.995579481124878,99600,0.0,0.0
2014-05-02 00:00:00-04:00,3.979564577669006,4.131700901489749,3.9635502478884925,4.091665267944336,117100,0.0,0.0
2014-05-05 00:00:00-04:00,4.123692811398541,4.20376443862915,4.115685457769662,4.20376443862915,204800,0.0,0.0
2014-05-06 00:00:00-04:00,4.203765375252536,4.3238730337649525,4.131700703782742,4.171736717224121,161100,0.0,0.0
2014-05-07 00:00:00-04:00,4.147715826788979,4.203766179974215,3.82742918519276,3.995579481124878,143700,0.0,0.0
2014-05-08 00:00:00-04:00,3.7313428109021003,4.051629834310114,3.7233358357680917,3.995579481124878,179400,0.0,0.0
2014-05-09 00:00:00-04:00,3.9715562134062563,4.02760653892301,3.851448591191274,4.003584861755371,65000,0.0,0.0
2014-05-12 00:00:00-04:00,3.9715578488354297,4.05963685897094,3.9315218310069895,3.9555435180664062,169600,0.0,0.0
2014-05-13 00:00:00-04:00,3.9315205631147174,3.9635492143237125,3.8194202838832347,3.843441963195801,125700,0.0,0.0
2014-05-14 00:00:00-04:00,3.835435372977755,3.843442728279785,3.763370702506348,3.8034067153930664,83400,0.0,0.0
2014-05-15 00:00:00-04:00,3.7793848514556885,3.819420862437283,3.723334894255493,3.7793848514556885,59200,0.0,0.0
2014-05-16 00:00:00-04:00,3.755363917360159,3.755363917360159,3.6993135728699826,3.7073209285736084,71300,0.0,0.0
2014-05-19 00:00:00-04:00,3.707321153043135,3.707321153043135,3.587213482898657,3.675292491912842,99400,0.0,0.0
2014-05-20 00:00:00-04:00,3.675292237326596,3.6993135406044892,3.5792058787798275,3.643263578414917,65400,0.0,0.0
2014-05-21 00:00:00-04:00,3.659277535102001,3.8274281681647606,3.611234551628597,3.699313163757324,75900,0.0,0.0
2014-05-22 00:00:00-04:00,3.7553647213716745,3.763371696977833,3.6112357241544686,3.7313430309295654,70700,0.0,0.0
2014-05-23 00:00:00-04:00,3.699313436317078,3.8274284501638323,3.683299107312699,3.7633707523345947,52100,0.0,0.0
2014-05-27 00:00:00-04:00,3.8114140794240874,3.8194210529327393,3.7633707111253085,3.8194210529327393,92900,0.0,0.0
2014-05-28 00:00:00-04:00,3.8194212779098833,3.9955789054054054,3.8114143039295927,3.9395289421081543,102300,0.0,0.0
2014-05-29 00:00:00-04:00,3.923515808206389,4.003587481473488,3.923515808206389,3.9875731468200684,81200,0.0,0.0
2014-05-30 00:00:00-04:00,4.003586038431401,4.16372932724397,3.9955786830849136,4.10767936706543,193300,0.0,0.0
2014-06-02 00:00:00-04:00,4.139709304079464,4.1797449477485475,4.107680636419462,4.131701946258545,204500,0.0,0.0
2014-06-03 00:00:00-04:00,4.0916638356212385,4.115685130977272,3.9074989167080276,4.003584861755371,126000,0.0,0.0
2014-06-04 00:00:00-04:00,3.9795656204223633,4.011594670187602,3.923515642409834,3.9795656204223633,74400,0.0,0.0
2014-06-05 00:00:00-04:00,3.9635499882647243,4.059636342465613,3.899492673338608,3.9075000286102295,99900,0.0,0.0
2014-06-06 00:00:00-04:00,3.9155084499737516,4.0276091743595455,3.9155084499737516,3.9875731468200684,119600,0.0,0.0
2014-06-09 00:00:00-04:00,3.963551155851939,4.035615847278573,3.9155081555047926,4.027608871459961,96700,0.0,0.0
2014-06-10 00:00:00-04:00,4.003587238222651,4.019601571903069,3.931522545754857,3.9715585708618164,271300,0.0,0.0
2014-06-11 00:00:00-04:00,3.9795648986993375,4.179744228010027,3.9395292619242617,3.963550567626953,106500,0.0,0.0
2014-06-12 00:00:00-04:00,3.963550291289359,3.963550291289359,3.80340699173066,3.8834786415100098,79000,0.0,0.0
2014-06-13 00:00:00-04:00,3.867465211033188,4.003587238222651,3.843443901418478,3.9715585708618164,64100,0.0,0.0
2014-06-16 00:00:00-04:00,3.9715573292368616,4.083657629953951,3.939528671889122,4.011593341827393,132000,0.0,0.0
2014-06-17 00:00:00-04:00,3.987570537580814,4.083656482628157,3.9635488604131752,4.003584861755371,141100,0.0,0.0
2014-06-18 00:00:00-04:00,3.995579223225724,3.995579223225724,3.883478905902688,3.9475362300872803,112800,0.0,0.0
2014-06-19 00:00:00-04:00,3.931521321902904,3.9955786366840305,3.8834783358170593,3.8914856910705566,105300,0.0,0.0
2014-06-20 00:00:00-04:00,3.891486019913542,3.979564644274659,3.8834786639833974,3.9315216541290283,155300,0.0,0.0
2014-06-23 00:00:00-04:00,3.94753682240289,4.083658847625719,3.883479488606695,4.027608871459961,153300,0.0,0.0
2014-06-24 00:00:00-04:00,4.043622278602797,4.091665267944336,4.027607948822284,4.091665267944336,117900,0.0,0.0
2014-06-25 00:00:00-04:00,4.1076794011672915,4.243801388693915,4.083657716740119,4.171736717224121,207600,0.0,0.0
2014-06-26 00:00:00-04:00,4.163728921753862,4.211772285530585,4.099671612467137,4.115685939788818,107300,0.0,0.0
2014-06-27 00:00:00-04:00,4.123692852180327,4.123692852180327,3.811413311986806,3.843441963195801,3882300,0.0,0.0
2014-06-30 00:00:00-04:00,3.835434924256157,3.939528240133994,3.707320308906002,3.8514492511749268,372200,0.0,0.0
2014-07-01 00:00:00-04:00,3.8834779050124655,3.963549539606313,3.835434924256157,3.8514492511749268,147400,0.0,0.0
2014-07-02 00:00:00-04:00,3.8514499273845457,3.8914859426165376,3.7553639490018504,3.7713782787323,134800,0.0,0.0
2014-07-03 00:00:00-04:00,3.7873919010162354,3.8034062277553704,3.7553632475379657,3.7873919010162354,44100,0.0,0.0
2014-07-07 00:00:00-04:00,3.7873922158659994,3.8514495281476884,3.7233349035843104,3.7953991889953613,184700,0.0,0.0
2014-07-08 00:00:00-04:00,3.803406906146709,3.867464224528776,3.675292269382575,3.7073209285736084,118600,0.0,0.0
2014-07-09 00:00:00-04:00,3.6993143648812974,3.7713790543958083,3.6913073892751385,3.7313430309295654,58300,0.0,0.0
2014-07-10 00:00:00-04:00,3.6672848816928103,3.7153278700603285,3.5631915493239883,3.643263578414917,166900,0.0,0.0
2014-07-11 00:00:00-04:00,3.6432638307825487,3.6993137968546828,3.6432638307825487,3.675292491912842,54500,0.0,0.0
2014-07-14 00:00:00-04:00,3.7233351207295073,3.8034067657514035,3.7073207917251283,3.7633707523345947,87900,0.0,0.0
2014-07-15 00:00:00-04:00,3.747356147230728,3.747356147230728,3.643263207277533,3.699313163757324,93100,0.0,0.0
2014-07-16 00:00:00-04:00,3.7313432658408074,3.739350623762896,3.643264619568881,3.7153289318084717,113000,0.0,0.0
2014-07-17 00:00:00-04:00,3.67529247071213,3.7633710974064805,3.6112351488210543,3.6272494792938232,105600,0.0,0.0
2014-07-18 00:00:00-04:00,3.611235460397124,3.667285430981908,3.595220746730856,3.635256767272949,68300,0.0,0.0
2014-07-21 00:00:00-04:00,3.6032278469493226,3.6192421776632937,3.5792061599724856,3.5872135162353516,84900,0.0,0.0
2014-07-22 00:00:00-04:00,3.587213285671775,3.6032276153564453,3.48311995181555,3.6032276153564453,173100,0.0,0.0
2014-07-23 00:00:00-04:00,3.587213285671775,3.6032276153564453,3.5471772705542306,3.6032276153564453,110700,0.0,0.0
2014-07-24 00:00:00-04:00,3.603228321176124,3.603228321176124,3.5391709898895494,3.571199655532837,68800,0.0,0.0
2014-07-25 00:00:00-04:00,3.5391703330492574,3.555184662898776,3.3710196787234428,3.531162977218628,169900,0.0,0.0
2014-07-28 00:00:00-04:00,3.523156689471361,3.5311636650499194,3.42707069165777,3.435077667236328,162000,0.0,0.0
2014-07-29 00:00:00-04:00,3.435077612431556,3.5071423005479048,3.411056304267312,3.4911279678344727,105600,0.0,0.0
2014-07-30 00:00:00-04:00,3.467106292042326,3.587213978790331,3.467106292042326,3.539170980453491,91800,0.0,0.0
2014-07-31 00:00:00-04:00,3.4911278039016125,3.5471777748607822,3.4430848080172707,3.4991347789764404,156900,0.0,0.0
2014-08-01 00:00:00-04:00,3.5151481164179055,3.6112344628132407,3.491126816177834,3.5551841259002686,150000,0.0,0.0
2014-08-04 00:00:00-04:00,3.5391712988685424,3.6592789964224943,3.467106603973802,3.579206943511963,159400,0.0,0.0
2014-08-05 00:00:00-04:00,3.5792059667671836,3.6272493381274797,3.459098683801665,3.531162977218628,91400,0.0,0.0
2014-08-06 00:00:00-04:00,3.531163140465715,3.6032278190259976,3.49913447928598,3.52315616607666,88800,0.0,0.0
2014-08-07 00:00:00-04:00,3.5151490996268437,3.523156456487697,3.4350774400772623,3.4671061038970947,60400,0.0,0.0
2014-08-08 00:00:00-04:00,3.4590991114400382,3.7153284207092194,3.4590991114400382,3.6192424297332764,241300,0.0,0.0
2014-08-11 00:00:00-04:00,3.6512707840970986,3.6672851145698675,3.5711991317332545,3.6272494792938232,139000,0.0,0.0
2014-08-12 00:00:00-04:00,3.6032283115692776,3.6032283115692776,3.4590993165587585,3.539170980453491,93300,0.0,0.0
2014-08-13 00:00:00-04:00,3.555184827256395,3.555184827256395,3.459098843717191,3.52315616607666,63800,0.0,0.0
2014-08-14 00:00:00-04:00,3.507141807301471,3.515148781626177,3.3870341379368374,3.4590988159179688,81800,0.0,0.0
2014-08-15 00:00:00-04:00,3.4991339902158174,3.5151483185673795,3.355005035051758,3.3710193634033203,118000,0.0,0.0
2014-08-18 00:00:00-04:00,3.3710198332845804,3.4350771556196804,3.330983815919264,3.3550055027008057,101200,0.0,0.0
2014-08-19 00:00:00-04:00,3.355005119522489,3.4190624345415426,3.306962133258199,3.39504075050354,133100,0.0,0.0
2014-08-20 00:00:00-04:00,3.363012057516494,3.387033741301084,3.3229764269577924,3.3309834003448486,37800,0.0,0.0
2014-08-21 00:00:00-04:00,3.322976390527911,3.3790263490579586,3.2348973933656424,3.2669260501861572,89200,0.0,0.0
2014-08-22 00:00:00-04:00,3.242905046463115,3.242905046463115,3.114790216502891,3.1468188762664795,257400,0.0,0.0
2014-08-25 00:00:00-04:00,3.13881141408949,3.298954697742339,3.08276107390514,3.2509117126464844,238200,0.0,0.0
2014-08-26 00:00:00-04:00,3.258919112614501,3.371019412715261,3.258919112614501,3.3309834003448486,92300,0.0,0.0
2014-08-27 00:00:00-04:00,3.3149694644172696,3.3870341424953914,3.2989551339345486,3.306962490081787,59800,0.0,0.0
2014-08-28 00:00:00-04:00,3.2829408645629883,3.3069625516401056,3.2829408645629883,3.2829408645629883,49900,0.0,0.0
2014-08-29 00:00:00-04:00,3.2829401542877243,3.419062127380157,3.27493318153553,3.403047800064087,61600,0.0,0.0
2014-09-02 00:00:00-04:00,3.395041186984464,3.4991345281789648,3.266926540475394,3.298955202102661,119700,0.0,0.0
2014-09-03 00:00:00-04:00,3.306962243411729,3.3389909019881165,3.2669262292853802,3.290947914123535,52500,0.0,0.0
2014-09-04 00:00:00-04:00,3.3069624758298497,3.3469981109582334,3.2509121284760076,3.2749338150024414,64500,0.0,0.0
2014-09-05 00:00:00-04:00,3.2589192390441895,3.282940541948974,3.234897554327679,3.2589192390441895,38800,0.0,0.0
2014-09-08 00:00:00-04:00,3.2589189910745127,3.2909476470516634,3.2188829801972263,3.2429046630859375,71800,0.0,0.0
2014-09-09 00:00:00-04:00,3.2509123808398366,3.2509123808398366,3.1147905617564016,3.122797727584839,64600,0.0,0.0
2014-09-10 00:00:00-04:00,3.0827611163587383,3.363012057516494,3.0827611163587383,3.3309834003448486,141200,0.0,0.0
2014-09-11 00:00:00-04:00,3.2989547431732027,3.3550050841294383,3.2348974288299113,3.3309834003448486,113900,0.0,0.0
2014-09-12 00:00:00-04:00,3.3309834003448486,3.4190623984727297,3.3229764269577924,3.3309834003448486,111200,0.0,0.0
2014-09-15 00:00:00-04:00,3.306962824662167,3.4030488172799465,3.282941135601825,3.3790271282196045,95100,0.0,0.0
2014-09-16 00:00:00-04:00,3.3469981253827115,3.3630124558654324,3.306962490081787,3.306962490081787,83300,0.0,0.0
2014-09-17 00:00:00-04:00,3.3149689957690898,3.363011980425256,3.3149689957690898,3.3229763507843018,51400,0.0,0.0
2014-09-18 00:00:00-04:00,3.3229763507843018,3.363011980425256,3.2989546675503676,3.3229763507843018,131000,0.0,0.0
2014-09-19 00:00:00-04:00,3.3229768062435543,3.4030484583120755,3.2749338150024414,3.2749338150024414,108200,0.0,0.0
2014-09-22 00:00:00-04:00,3.250911918422202,3.2749336033965033,3.1548259421484572,3.186854600906372,99700,0.0,0.0
2014-09-23 00:00:00-04:00,3.186854873676473,3.2108765607068444,3.098775863647461,3.098775863647461,86000,0.0,0.0
2014-09-24 00:00:00-04:00,3.082761492899088,3.226890849587719,3.0747543276281504,3.1708405017852783,124100,0.0,0.0
2014-09-25 00:00:00-04:00,3.1708405982066923,3.194862094749969,3.042725759069998,3.114790439605713,93300,0.0,0.0
2014-09-26 00:00:00-04:00,3.1147904651241984,3.18685495534443,3.1147904651241984,3.1788477897644043,56800,0.0,0.0
2014-09-29 00:00:00-04:00,3.1388114823174935,3.1948616328143467,3.1388114823174935,3.1628329753875732,60200,0.0,0.0
2014-09-30 00:00:00-04:00,3.1468191455117687,3.1468191455117687,2.9946828077119023,3.0427258014678955,137400,0.0,0.0
2014-10-01 00:00:00-04:00,3.04272564748341,3.04272564748341,2.8025104999542236,2.8025104999542236,118500,0.0,0.0
2014-10-02 00:00:00-04:00,2.8025102536316373,3.0106967219794676,2.7544672665296446,2.9226179122924805,112200,0.0,0.0
2014-10-03 00:00:00-04:00,2.9546469672406728,3.01069712638855,2.946639801648119,3.01069712638855,70700,0.0,0.0
2014-10-06 00:00:00-04:00,3.002689730222398,3.018704060177781,2.8665677346957703,2.874574899673462,50100,0.0,0.0
2014-10-07 00:00:00-04:00,2.8425466964196975,2.8825825277399377,2.7224392024589767,2.8265323638916016,71600,0.0,0.0
2014-10-08 00:00:00-04:00,2.826532030417055,2.8905893529719497,2.770481873181522,2.882582187652588,70000,0.0,0.0
2014-10-09 00:00:00-04:00,2.8905894235523344,2.8985965890672096,2.73044611325483,2.762474775314331,100200,0.0,0.0
2014-10-10 00:00:00-04:00,2.73044611325483,2.8345392649482077,2.7144317822250796,2.762474775314331,127800,0.0,0.0
2014-10-13 00:00:00-04:00,2.7464601421826496,2.914610790404874,2.7464601421826496,2.866567611694336,83600,0.0,0.0
2014-10-14 00:00:00-04:00,2.914611229150939,3.0347187167428022,2.914611229150939,2.9386327266693115,81900,0.0,0.0
2014-10-15 00:00:00-04:00,2.890589258332395,3.1147902617458167,2.842546267989179,3.090768575668335,132900,0.0,0.0
2014-10-16 00:00:00-04:00,3.0347183687651955,3.1948618580973003,2.9786682143160137,3.1308045387268066,97000,0.0,0.0
2014-10-17 00:00:00-04:00,3.18685449245373,3.18685449245373,3.074753999710083,3.074753999710083,51700,0.0,0.0
2014-10-20 00:00:00-04:00,3.058739871010741,3.1788475360300676,3.058739871010741,3.1468188762664795,52900,0.0,0.0
2014-10-21 00:00:00-04:00,3.1548261712434034,3.2589195106714683,3.082761492899088,3.1708405017852783,67600,0.0,0.0
2014-10-22 00:00:00-04:00,3.1628328717692313,3.1788471999579686,3.0267108912591136,3.066746711730957,62800,0.0,0.0
2014-10-23 00:00:00-04:00,3.082761287689209,3.1628331259743274,3.018703969785807,3.082761287689209,56600,0.0,0.0
2014-10-24 00:00:00-04:00,3.098775960849888,3.098775960849888,2.986675642085903,3.0427258014678955,43800,0.0,0.0
2014-10-27 00:00:00-04:00,3.00268993149787,3.130804770634564,2.8985965889044527,3.114790439605713,35400,0.0,0.0
2014-10-28 00:00:00-04:00,3.138811579085089,3.2589192390441895,3.114790085274441,3.2589192390441895,110200,0.0,0.0
2014-10-29 00:00:00-04:00,3.258919146993909,3.403048105786779,3.2509117917106702,3.39504075050354,82400,0.0,0.0
2014-10-30 00:00:00-04:00,3.4030489470046916,3.5071423005479048,3.338991616150963,3.4911279678344727,100600,0.0,0.0
2014-10-31 00:00:00-04:00,3.5551853410162537,3.5551853410162537,3.330984298547057,3.3870346546173096,209000,0.0,0.0
2014-11-03 00:00:00-05:00,3.371019814342146,3.5711991364203652,3.371019814342146,3.4751131534576416,94900,0.0,0.0
2014-11-04 00:00:00-05:00,3.475113704245267,3.5311636789512764,3.411056372117361,3.4831206798553467,33100,0.0,0.0
2014-11-05 00:00:00-05:00,3.5391707761460722,3.6432641241060835,3.507142112437113,3.635256767272949,43800,0.0,0.0
2014-11-06 00:00:00-05:00,3.6272492489590773,3.6592779078707562,3.491127257678577,3.643263578414917,49100,0.0,0.0
2014-11-07 00:00:00-05:00,3.627249300789319,3.627249300789319,3.5071416372484236,3.6032276153564453,30400,0.0,0.0
2014-11-10 00:00:00-05:00,3.579206631037753,3.603228321176124,3.4350776356429598,3.571199655532837,74600,0.0,0.0
2014-11-11 00:00:00-05:00,3.555185313232438,3.6032283115692776,3.539170980453491,3.539170980453491,28500,0.0,0.0
2014-11-12 00:00:00-05:00,3.5311626533651714,3.5311626533651714,3.4671053398419844,3.507141351699829,38600,0.0,0.0
2014-11-13 00:00:00-05:00,3.4991340184256834,3.4991340184256834,3.4110554026878583,3.419062376022339,19000,0.0,0.0
2014-11-14 00:00:00-05:00,3.4430849696941763,3.523156633261337,3.4430849696941763,3.4911279678344727,45200,0.0,0.0
2014-11-17 00:00:00-05:00,3.4991342147019076,3.4991342147019076,3.162833106837936,3.186854600906372,106400,0.0,0.0
2014-11-18 00:00:00-05:00,3.2108774210172584,3.2829417377934895,3.1468198899494024,3.2268917560577393,66700,0.0,0.0
2014-11-19 00:00:00-05:00,3.210876519045844,3.2188834934109027,3.146819005972466,3.1708405017852783,55300,0.0,0.0
2014-11-20 00:00:00-05:00,3.1628334586043527,3.2108766429903937,3.154826293024327,3.1788477897644043,25200,0.0,0.0
2014-11-21 00:00:00-05:00,3.2429051801295934,3.2429051801295934,3.1548261712434034,3.1708405017852783,42200,0.0,0.0
2014-11-24 00:00:00-05:00,3.194862487203764,3.242905677097781,3.194862487203764,3.2028696537017822,37800,0.0,0.0
2014-11-25 00:00:00-05:00,3.2028689302853297,3.2188832596642873,3.1788474362168935,3.186854600906372,24900,0.0,0.0
2014-11-26 00:00:00-05:00,3.20286879717104,3.20286879717104,3.1468186466741868,3.1628329753875732,24800,0.0,0.0
2014-11-28 00:00:00-05:00,3.1788476670562154,3.250912154494652,3.162833336514341,3.1708405017852783,43600,0.0,0.0
2014-12-01 00:00:00-05:00,3.154826293024327,3.2108766429903937,3.0427257839980806,3.1788477897644043,85800,0.0,0.0
2014-12-02 00:00:00-05:00,3.1708403633333653,3.2188833528612357,3.050732698607819,3.1308045387268066,53800,0.0,0.0
2014-12-03 00:00:00-05:00,3.1468192250701508,3.2028693858692123,3.122797727584839,3.122797727584839,63500,0.0,0.0
2014-12-04 00:00:00-05:00,3.122797051297388,3.1388113794861257,3.058739547636588,3.066746711730957,44800,0.0,0.0
2014-12-05 00:00:00-05:00,3.0587397511112466,3.1628330821684263,3.0587397511112466,3.1388115882873535,41700,0.0,0.0
2014-12-08 00:00:00-05:00,3.1388115715452676,3.1788473944668425,3.0907683931335157,3.106782913208008,70000,0.0,0.0
2014-12-09 00:00:00-05:00,3.082762358881547,3.2749347611791815,3.0747551913613065,3.2268917560577393,47000,0.0,0.0
2014-12-10 00:00:00-05:00,3.202869023018612,3.2749336982162878,3.1308045387268066,3.1308045387268066,30100,0.0,0.0
2014-12-11 00:00:00-05:00,3.1388113794861257,3.1868543640523375,3.0507323835422193,3.066746711730957,42300,0.0,0.0
2014-12-12 00:00:00-05:00,3.01870420989916,3.1628333775519826,3.01870420989916,3.098775863647461,30100,0.0,0.0
2014-12-15 00:00:00-05:00,3.0907683223489015,3.2829404588772073,3.0907683223489015,3.194861650466919,38500,0.0,0.0
2014-12-16 00:00:00-05:00,3.2028687365451276,3.3309833638271864,3.1788472439297415,3.2669260501861572,38700,0.0,0.0
2014-12-17 00:00:00-05:00,3.258920010093817,3.314969984674036,3.138812321717637,3.2028696537017822,82000,0.0,0.0
2014-12-18 00:00:00-05:00,3.2028696537017822,3.250912652689891,3.1628338212116915,3.2028696537017822,53600,0.0,0.0
2014-12-19 00:00:00-05:00,3.186854832327153,3.210876519045844,3.0347185012734634,3.1708405017852783,189300,0.0,0.0
2014-12-22 00:00:00-05:00,3.1868550947803476,3.2429054471988104,3.130804933267779,3.234898090362549,51200,0.0,0.0
2014-12-23 00:00:00-05:00,3.2589193381994086,3.346997960612449,3.0907684945970266,3.314969301223755,35600,0.0,0.0
2014-12-24 00:00:00-05:00,3.3389905366078003,3.4030478467508884,3.274933226464712,3.3630118370056152,19800,0.0,0.0
2014-12-26 00:00:00-05:00,3.3950406712225467,3.5151483249843745,3.363012014460953,3.507141351699829,34100,0.0,0.0
2014-12-29 00:00:00-05:00,3.5311636789512764,3.579206678047206,3.4190633477274406,3.4831206798553467,69200,0.0,0.0
2014-12-30 00:00:00-05:00,3.4671058167872304,3.491127503568772,3.3389911721170304,3.3550055027008057,93400,0.0,0.0
2014-12-31 00:00:00-05:00,3.3550058209710567,3.427070506340289,3.3389914888680936,3.3790271282196045,130700,0.0,0.0
2015-01-02 00:00:00-05:00,3.363012477086814,3.4190628250359056,3.1948620059571766,3.3550055027008057,100500,0.0,0.0
2015-01-05 00:00:00-05:00,3.355006436381586,3.371020771422067,3.2028700625910855,3.2268917560577393,38500,0.0,0.0
2015-01-06 00:00:00-05:00,3.242905046463115,3.242905046463115,3.090768530774329,3.1468188762664795,34300,0.0,0.0
2015-01-07 00:00:00-05:00,3.1788474523353214,3.2429049610818215,3.0827612846685044,3.2188832759857178,40400,0.0,0.0
2015-01-08 00:00:00-05:00,3.2589189716864997,3.266925944727304,3.170839977367488,3.210875988006592,34000,0.0,0.0
2015-01-09 00:00:00-05:00,3.2028696537017822,3.2348983196938548,3.1548266547136734,3.2028696537017822,43500,0.0,0.0
2015-01-12 00:00:00-05:00,3.1388115882873535,3.202868905303548,3.122797259033305,3.1388115882873535,72200,0.0,0.0
2015-01-13 00:00:00-05:00,3.180330738770325,3.346405691857662,3.180330738770325,3.2550644874572754,33300,0.14,0.0
2015-01-14 00:00:00-05:00,3.221849623839739,3.2965831756591797,3.1969382419234345,3.2965831756591797,43400,0.0,0.0
2015-01-15 00:00:00-05:00,3.2799754401509658,3.2799754401509658,3.1222044240022884,3.180330514907837,43500,0.0,0.0
2015-01-16 00:00:00-05:00,3.163723085095967,3.3630129371401836,3.163723085095967,3.3214941024780273,62400,0.0,0.0
2015-01-20 00:00:00-05:00,3.3048862709108326,3.3879235348125305,3.2135450826425114,3.288278818130493,49000,0.0,0.0
2015-01-21 00:00:00-05:00,3.246759874145792,3.263367325330052,3.163722420248057,3.196937322616577,41200,0.0,0.0
2015-01-22 00:00:00-05:00,3.2218495580225595,3.3214942917462325,3.1305083541327052,3.279975652694702,47300,0.0,0.0
2015-01-23 00:00:00-05:00,3.2965823094812814,3.4045307448569924,3.230152503096228,3.3630123138427734,141000,0.0,0.0
2015-01-26 00:00:00-05:00,3.338101187496045,3.678554168593852,3.313190008243263,3.5539984703063965,88500,0.0,0.0
2015-01-27 00:00:00-05:00,3.545694563310333,3.5623020162270103,3.454353374292153,3.5207831859588623,22300,0.0,0.0
2015-01-28 00:00:00-05:00,3.55399820517624,3.5623017329979323,3.2716711320868863,3.3630123138427734,79800,0.0,0.0
2015-01-29 00:00:00-05:00,3.346404717204394,3.421138048171997,3.313189617475059,3.421138048171997,31600,0.0,0.0
2015-01-30 00:00:00-05:00,3.3796197368020584,3.4543530703755554,3.2633673786368327,3.3381009101867676,110900,0.0,0.0
2015-02-02 00:00:00-05:00,3.321493652682481,3.387923462383667,3.2716712954065916,3.346405029296875,25600,0.0,0.0
2015-02-03 00:00:00-05:00,3.338101446138003,3.6453395453707813,3.338101446138003,3.6204285621643066,49500,0.0,0.0
2015-02-04 00:00:00-05:00,3.628731767031947,3.645339219670081,3.404530958440687,3.412834882736206,43500,0.0,0.0
2015-02-05 00:00:00-05:00,3.421138888305102,3.5456949984423134,3.379620448894671,3.529087543487549,21700,0.0,0.0
2015-02-06 00:00:00-05:00,3.5373914349509183,3.6204287089268417,3.4958725999864795,3.5789098739624023,53700,0.0,0.0
2015-02-09 00:00:00-05:00,3.5539986585098204,3.6038210196537475,3.462657465102823,3.504175901412964,53800,0.0,0.0
2015-02-10 00:00:00-05:00,3.5539977843295634,3.5539977843295634,3.4377452409688876,3.4709601402282715,18100,0.0,0.0
2015-02-11 00:00:00-05:00,3.4543532448251213,3.5041756017078423,3.346405002889008,3.3962273597717285,36500,0.0,0.0
2015-02-12 00:00:00-05:00,3.41283536981234,3.4543538093566895,3.396227914804008,3.4543538093566895,11900,0.0,0.0
2015-02-13 00:00:00-05:00,3.4377461732094257,3.4792650065190585,3.3713163566763646,3.4294426441192627,17400,0.0,0.0
2015-02-17 00:00:00-05:00,3.4460498289012205,3.5706059231415845,3.4460498289012205,3.5539984703063965,43100,0.0,0.0
2015-02-18 00:00:00-05:00,3.537391155781754,3.595517045001156,3.5290872310630257,3.5872135162353516,17200,0.0,0.0
2015-02-19 00:00:00-05:00,3.5539991184616038,3.578910104281035,3.4709614431888856,3.5373916625976562,74200,0.0,0.0
2015-02-20 00:00:00-05:00,3.5456947336760347,3.587213565939105,3.462657465102823,3.504175901412964,52800,0.0,0.0
2015-02-23 00:00:00-05:00,3.4792649188174654,3.520783355127606,3.4294425576735383,3.504175901412964,35800,0.0,0.0
2015-02-24 00:00:00-05:00,3.4792646212429297,3.4792646212429297,3.3630124551832483,3.3962273597717285,49500,0.0,0.0
2015-02-25 00:00:00-05:00,3.3713161989094473,3.3879236522655365,3.221849118704646,3.2301528453826904,53100,0.0,0.0
2015-02-26 00:00:00-05:00,3.2301528271989213,3.346405198013576,3.196937722697263,3.3297977447509766,137900,0.0,0.0
2015-02-27 00:00:00-05:00,3.3131899398990314,3.3297975903680923,3.2301526774359783,3.246760129928589,72200,0.0,0.0
2015-03-02 00:00:00-05:00,3.2633681658543696,3.3879240818173697,3.2633681658543696,3.3796205520629883,69900,0.0,0.0
2015-03-03 00:00:00-05:00,3.3547087455533586,3.3796201235639525,3.2301528453826904,3.2301528453826904,40000,0.0,0.0
2015-03-04 00:00:00-05:00,3.2052413858591366,3.2218490367693344,3.1222041211904243,3.1637227535247803,43400,0.0,0.0
2015-03-05 00:00:00-05:00,3.155419107303829,3.238456572060735,3.155419107303829,3.2301528453826904,27500,0.0,0.0
2015-03-06 00:00:00-05:00,3.1969373580620624,3.2218487330910874,3.122203826904297,3.122203826904297,94900,0.0,0.0
2015-03-09 00:00:00-04:00,3.1388112434716673,3.221848697369402,3.1388112434716673,3.196937322616577,43100,0.0,0.0
2015-03-10 00:00:00-04:00,3.1554189433047926,3.1886338482906664,3.05577422834717,3.1720263957977295,93300,0.0,0.0
2015-03-11 00:00:00-04:00,3.163722120802278,3.279974466065267,3.0806848727404392,3.1554183959960938,209300,0.0,0.0
2015-03-12 00:00:00-04:00,3.196938194483761,3.3214943103110195,3.1886344666270428,3.2550644874572754,78800,0.0,0.0
2015-03-13 00:00:00-04:00,3.271671050922182,3.3630122304120467,3.130507517879537,3.196937322616577,305200,0.0,0.0
2015-03-16 00:00:00-04:00,3.2633682823943473,3.3464057606448976,3.1969382601986087,3.271672010421753,84300,0.0,0.0
2015-03-17 00:00:00-04:00,3.2550639125698138,3.288278818130493,3.1305078187408135,3.288278818130493,125600,0.0,0.0
2015-03-18 00:00:00-04:00,3.271671991719366,3.3131906316190554,3.1969382419234345,3.2965831756591797,147200,0.0,0.0
2015-03-19 00:00:00-04:00,3.2965828946954083,3.3214940765120717,3.155419333091173,3.180330514907837,73800,0.0,0.0
2015-03-20 00:00:00-04:00,3.3214936264712,3.520783054002082,3.2716712695884795,3.3962273597717285,300700,0.0,0.0
2015-03-23 00:00:00-04:00,3.4294419941231316,3.5207827765674296,3.3214933647403817,3.3713157176971436,110900,0.0,0.0
2015-03-24 00:00:00-04:00,3.387923505802553,3.4709607689932227,3.3381011478881515,3.412834882736206,90400,0.0,0.0
2015-03-25 00:00:00-04:00,3.4045315698492935,3.470961392331742,3.2716719248843957,3.279975652694702,101000,0.0,0.0
2015-03-26 00:00:00-04:00,3.288278818130493,3.4626572703005123,3.2135450826425114,3.288278818130493,50200,0.0,0.0
2015-03-27 00:00:00-04:00,3.29658276788092,3.462657504913178,3.230152952258604,3.313190221786499,85200,0.0,0.0
2015-03-30 00:00:00-04:00,3.2799751869867193,3.354708726668416,3.2467602804615203,3.3297977447509766,85500,0.0,0.0
2015-03-31 00:00:00-04:00,3.279975313975341,3.329797873668545,3.230152952258604,3.313190221786499,87200,0.0,0.0
2015-04-01 00:00:00-04:00,3.279975738449159,3.329798304590086,3.246760826339536,3.271672010421753,44800,0.0,0.0
2015-04-02 00:00:00-04:00,3.2716718752299165,3.304886785967035,3.2135455834634747,3.238456964492798,40100,0.0,0.0
2015-04-06 00:00:00-04:00,3.1886335970244475,3.255063599737922,3.155418694655927,3.196937322616577,59900,0.0,0.0
2015-04-07 00:00:00-04:00,3.1886332952208294,3.246759566840532,3.14711467118991,3.1554183959960938,49700,0.0,0.0
2015-04-08 00:00:00-04:00,3.1388112782726894,3.2882785385646565,3.0806851984833163,3.122203826904297,98100,0.0,0.0
2015-04-09 00:00:00-04:00,3.1055964587247216,3.172026265977729,3.1055964587247216,3.1139001846313477,75100,0.0,0.0
2015-04-10 00:00:00-04:00,3.22184858374011,3.246759759637924,3.0723813303767993,3.088988780975342,73100,0.0,0.0
2015-04-13 00:00:00-04:00,3.122204175610628,3.246760272761172,3.0972929957758106,3.2052414417266846,49100,0.0,0.0
2015-04-14 00:00:00-04:00,3.205241300783604,3.205241300783604,3.1222040383189182,3.1720263957977295,131300,0.0,0.0
2015-04-15 00:00:00-04:00,3.1886341500446083,3.2716716183439307,3.1886341500446083,3.2633678913116455,62700,0.0,0.0
2015-04-16 00:00:00-04:00,3.2716716183439307,3.2716716183439307,3.230152983182504,3.2633678913116455,43200,0.0,0.0
2015-04-17 00:00:00-04:00,3.2301533702847243,3.279975738449159,3.2301533702847243,3.271672010421753,68900,0.0,0.0
2015-04-20 00:00:00-04:00,3.2965824740445364,3.354708557533074,3.2633675691939437,3.346405029296875,40700,0.0,0.0
2015-04-21 00:00:00-04:00,3.3464048841184866,3.512479401166576,3.304886056880024,3.479264497756958,90400,0.0,0.0
2015-04-22 00:00:00-04:00,3.49587227737697,3.512479730639569,3.3214938201432176,3.3297977447509766,78900,0.0,0.0
2015-04-23 00:00:00-04:00,3.3214941024780273,3.3464054824659115,3.238456829106667,3.3214941024780273,54100,0.0,0.0
2015-04-24 00:00:00-04:00,3.3131903751408913,3.3381015571522994,3.196937994444511,3.3214941024780273,54300,0.0,0.0
2015-04-27 00:00:00-04:00,3.329798217533026,3.354709202987457,3.2716719248843957,3.279975652694702,58800,0.0,0.0
2015-04-28 00:00:00-04:00,3.2965823094812814,3.387923293260729,3.279974857885018,3.3630123138427734,80000,0.0,0.0
2015-04-29 00:00:00-04:00,3.329797453413369,3.421138240389427,3.3214935295321544,3.354708433151245,65900,0.0,0.0
2015-04-30 00:00:00-04:00,3.321493980537643,3.3630128136755384,3.2135453311414643,3.2633678913116455,126100,0.0,0.0
2015-05-01 00:00:00-04:00,3.2633675691939437,3.363012481722172,3.2550638429812953,3.346405029296875,48600,0.0,0.0
2015-05-04 00:00:00-04:00,3.363012096871938,3.421137975732323,3.346404646347134,3.4045305252075195,123200,0.0,0.0
2015-05-05 00:00:00-04:00,3.36301235703246,3.3962272606515507,3.3464049052229146,3.354708433151245,150000,0.0,0.0
2015-05-06 00:00:00-04:00,3.3796198088420053,3.3796198088420053,3.3381009813416997,3.354708433151245,72000,0.0,0.0
2015-05-07 00:00:00-04:00,3.3547091708939027,3.396228007524722,3.3547091708939027,3.3796205520629883,70500,0.0,0.0
2015-05-08 00:00:00-04:00,3.421138992740836,3.421138992740836,3.3464056411395218,3.3796205520629883,84600,0.0,0.0
2015-05-11 00:00:00-04:00,3.346404739195195,3.396227092151957,3.346404739195195,3.3713157176971436,70700,0.0,0.0
2015-05-12 00:00:00-04:00,3.3630124982959373,3.4377458366016267,3.3630124982959373,3.3879234790802,101500,0.0,0.0
2015-05-13 00:00:00-04:00,3.4045307448569924,3.412834668631563,3.3547083900682027,3.3630123138427734,60900,0.0,0.0
2015-05-14 00:00:00-04:00,3.3713166263556364,3.396228007524722,3.3547091708939027,3.3796205520629883,70500,0.0,0.0
2015-05-15 00:00:00-04:00,3.363013096601255,3.404531537279103,3.3547091708939027,3.3796205520629883,77400,0.0,0.0
2015-05-18 00:00:00-04:00,3.221848912705759,3.4045308879424008,3.221848912705759,3.3962273597717285,167800,0.0,0.0
2015-05-19 00:00:00-04:00,3.421137975732323,3.421137975732323,3.371315624157913,3.4045305252075195,100500,0.0,0.0
2015-05-20 00:00:00-04:00,3.4294419715866535,3.4460494224631057,3.379619618957298,3.421138048171997,55600,0.0,0.0
2015-05-21 00:00:00-04:00,3.3962269979215445,3.45435287678193,3.3879230746827163,3.4045305252075195,54500,0.0,0.0
2015-05-22 00:00:00-04:00,3.387923293260729,3.3962272170353,3.3547083900682027,3.3630123138427734,131800,0.0,0.0
2015-05-26 00:00:00-04:00,3.3214935295321544,3.3962272606515507,3.3214935295321544,3.354708433151245,155800,0.0,0.0
2015-05-27 00:00:00-04:00,3.3796198343600703,3.3796198343600703,3.28827865074145,3.3048861026763916,80600,0.0,0.0
2015-05-28 00:00:00-04:00,3.2965822276985723,3.313189678882832,3.1803298714323174,3.196937322616577,121900,0.0,0.0
2015-05-29 00:00:00-04:00,3.180330122044198,3.238456403745928,3.1222040383189182,3.1720263957977295,79900,0.0,0.0
2015-06-01 00:00:00-04:00,3.196937645192195,3.2384564753185896,3.122204107322303,3.188633918762207,92700,0.0,0.0
2015-06-02 00:00:00-04:00,3.188634400410636,3.238456964492798,3.130508306620679,3.238456964492798,149600,0.0,0.0
2015-06-03 00:00:00-04:00,3.230152983182504,3.2633678913116455,3.205241604109179,3.2633678913116455,71100,0.0,0.0
2015-06-04 00:00:00-04:00,3.221848697369402,3.255063599737922,3.196937322616577,3.196937322616577,60900,0.0,0.0
2015-06-05 00:00:00-04:00,3.213545650197197,3.2550644874572754,3.180330738770325,3.2550644874572754,80500,0.0,0.0
2015-06-08 00:00:00-04:00,3.2716713653501532,3.321493723691172,3.2301527333993043,3.288278818130493,92200,0.0,0.0
2015-06-09 00:00:00-04:00,3.2716713653501532,3.346405100838135,3.2467601861796442,3.288278818130493,73100,0.0,0.0
2015-06-10 00:00:00-04:00,3.329797873668545,3.354708856550447,3.2716715870225515,3.313190221786499,210900,0.0,0.0
2015-06-11 00:00:00-04:00,3.304886785967035,3.3547091520727124,3.238456964492798,3.238456964492798,34900,0.0,0.0
2015-06-12 00:00:00-04:00,3.2716709902839294,3.470960400801353,3.255063539407477,3.421138048171997,147300,0.0,0.0
2015-06-15 00:00:00-04:00,3.4211387190761604,3.4875685356092214,3.3630128275862017,3.4294426441192627,223100,0.0,0.0
2015-06-16 00:00:00-04:00,3.404531140917109,3.470960955030157,3.404531140917109,3.437746047973633,73400,0.0,0.0
2015-06-17 00:00:00-04:00,3.4626566133898415,3.5290864119086094,3.412834264500766,3.4709601402282715,194100,0.0,0.0
2015-06-18 00:00:00-04:00,3.4709613909468104,3.5456951391862335,3.4211390241048534,3.4460504055023193,139200,0.0,0.0
2015-06-19 00:00:00-04:00,3.4626578250947317,3.5041762657212976,3.3796205478886288,3.495872735977173,268400,0.0,0.0
2015-06-22 00:00:00-04:00,3.5041757846724764,3.6121244281978417,3.454353425188365,3.570605993270874,213200,0.0,0.0
2015-06-23 00:00:00-04:00,3.5955160408159124,3.7366795539855957,3.553997616676649,3.7366795539855957,189400,0.0,0.0
2015-06-24 00:00:00-04:00,3.7532880650733187,3.9691853571300535,3.720073157980425,3.89445161819458,252100,0.0,0.0
2015-06-25 00:00:00-04:00,3.9359699946332314,4.126955905509079,3.8446291994838964,3.994096279144287,286400,0.0,0.0
2015-06-26 00:00:00-04:00,3.985791682632428,3.985791682632428,3.61212348966218,3.7366795539855957,4559300,0.0,0.0
2015-06-29 00:00:00-04:00,3.736680616227038,3.902755151900403,3.720073162659702,3.8197178840637207,315000,0.0,0.0
2015-06-30 00:00:00-04:00,3.8197171863140436,3.994095614893743,3.8197171863140436,3.969184637069702,310700,0.0,0.0
2015-07-01 00:00:00-04:00,3.9774899735121516,4.102046107144983,3.8529338398793196,3.9027562141418457,219700,0.0,0.0
2015-07-02 00:00:00-04:00,3.911058805132323,3.911058805132323,3.8280215430605655,3.869539976119995,85700,0.0,0.0
2015-07-06 00:00:00-04:00,3.8363247697910023,3.9442733999769546,3.803109867572689,3.927665948867798,69700,0.0,0.0
2015-07-07 00:00:00-04:00,3.9027562768781854,3.9359711935871284,3.8446303706140545,3.877845287322998,55700,0.0,0.0
2015-07-08 00:00:00-04:00,3.8446302876771368,3.8778452036695628,3.8363263607025146,3.8363263607025146,70800,0.0,0.0
2015-07-09 00:00:00-04:00,3.861236715958525,3.86954024476573,3.803110430496384,3.8197178840637207,80300,0.0,0.0
2015-07-10 00:00:00-04:00,3.8197172630320098,3.836324713899211,3.7698949104304065,3.7865023612976074,43000,0.0,0.0
2015-07-13 00:00:00-04:00,3.8197175314127843,3.8778438115084843,3.8031100793787114,3.8114140033721924,55100,0.0,0.0
2015-07-14 00:00:00-04:00,3.8363253937945783,3.844629318676278,3.794806957244873,3.794806957244873,50300,0.0,0.0
2015-07-15 00:00:00-04:00,3.819716858205881,3.819716858205881,3.6370349180279007,3.678553342819214,93800,0.0,0.0
2015-07-16 00:00:00-04:00,3.7117681827397875,3.753287002831864,3.661945836200984,3.7366795539855957,84200,0.0,0.0
2015-07-17 00:00:00-04:00,3.7532878633036972,3.7532878633036972,3.678554128385767,3.6951615810394287,50700,0.0,0.0
2015-07-20 00:00:00-04:00,3.670250486625982,3.695161466860282,3.6121242061577945,3.6868579387664795,90300,0.0,0.0
2015-07-21 00:00:00-04:00,3.65364401857959,3.6868589318068867,3.637036561965942,3.6370365619659424,59800,0.0,0.0
2015-07-22 00:00:00-04:00,3.6536436080932617,3.6951620469862925,3.6536436080932617,3.6536436080932617,42200,0.0,0.0
2015-07-23 00:00:00-04:00,3.6785550055235636,3.8114150543857477,3.637036561965942,3.6370365619659424,85100,0.0,0.0
2015-07-24 00:00:00-04:00,3.6287317276930864,3.711768989983554,3.6287317276930864,3.703465461730957,99900,0.0,0.0
2015-07-27 00:00:00-04:00,3.6702508544186943,3.6702508544186943,3.603821039199829,3.603821039199829,85100,0.0,0.0
2015-07-28 00:00:00-04:00,3.62873222799508,3.6868585175888677,3.62873222799508,3.6536436080932617,77600,0.0,0.0
2015-07-29 00:00:00-04:00,3.6785545922384895,3.6785545922384895,3.6536436080932617,3.6536436080932617,70200,0.0,0.0
2015-07-30 00:00:00-04:00,3.6536436080932617,3.661947137490686,3.6536436080932617,3.6536436080932617,46900,0.0,0.0
2015-07-31 00:00:00-04:00,3.6536436080932617,3.6702510628410647,3.6370361533454587,3.6536436080932617,46600,0.0,0.0
2015-08-03 00:00:00-04:00,3.6536436528538427,3.670251107805103,3.6370361979025825,3.6453397274017334,61600,0.0,0.0
2015-08-04 00:00:00-04:00,3.628732614828141,3.6453400713463453,3.5789102452735277,3.6121251583099365,91900,0.0,0.0
2015-08-05 00:00:00-04:00,3.612124637126856,3.670250924530195,3.612124637126856,3.6204285621643066,46900,0.0,0.0
2015-08-06 00:00:00-04:00,3.6287320912488186,3.661946999492744,3.5872136539203816,3.6204285621643066,60700,0.0,0.0
2015-08-07 00:00:00-04:00,3.6370355823449865,3.695161466860282,3.6370355823449865,3.6868579387664795,55700,0.0,0.0
2015-08-10 00:00:00-04:00,3.65364401857959,3.8114150543857477,3.628732635682619,3.6370365619659424,57000,0.0,0.0
2015-08-11 00:00:00-04:00,3.670250297366626,3.761591477405728,3.670250297366626,3.7532875537872314,43000,0.0,0.0
2015-08-12 00:00:00-04:00,3.769896193209377,3.769896193209377,3.5706067149909235,3.6121251583099365,41800,0.0,0.0
2015-08-13 00:00:00-04:00,3.7366801025031102,3.761591477405728,3.6121240198957656,3.7532875537872314,55300,0.0,0.0
2015-08-14 00:00:00-04:00,3.728376744758736,3.728376744758736,3.545694752906856,3.603821039199829,55300,0.0,0.0
2015-08-17 00:00:00-04:00,3.5623025577420546,3.5789100131832754,3.4294429142122906,3.495872735977173,215600,0.0,0.0
2015-08-18 00:00:00-04:00,3.520782803839789,3.520782803839789,3.387923194925946,3.487567901611328,104500,0.0,0.0
2015-08-19 00:00:00-04:00,3.5124800885327847,3.5456949984423134,3.4709612531693947,3.529087543487549,43100,0.0,0.0
2015-08-20 00:00:00-04:00,3.4294421426425314,3.5706056801098476,3.4294421426425314,3.479264497756958,172100,0.0,0.0
2015-08-21 00:00:00-04:00,3.4294425191859643,3.4958723332990123,3.404531140917109,3.437746047973633,237700,0.0,0.0
2015-08-24 00:00:00-04:00,3.3214935546113327,3.3796198343600703,3.3048861026763916,3.3048861026763916,59600,0.0,0.0
2015-08-25 00:00:00-04:00,3.4045316393983716,3.4045316393983716,3.180330785963559,3.2965831756591797,118000,0.0,0.0
2015-08-26 00:00:00-04:00,3.354708629251851,3.354708629251851,3.279975091740323,3.288278818130493,28600,0.0,0.0
2015-08-27 00:00:00-04:00,3.3381011764715116,3.3381011764715116,3.2716713653501532,3.288278818130493,190600,0.0,0.0
2015-08-28 00:00:00-04:00,3.2467602987387796,3.288278932129002,3.1139004739136067,3.2301528453826904,130300,0.0,0.0
2015-08-31 00:00:00-04:00,3.2467606009540666,3.2716717833069855,3.064078399056184,3.08068585395813,140400,0.0,0.0
2015-09-01 00:00:00-04:00,3.072381763187339,3.138811574939566,2.972736847582543,3.022559404373169,117500,0.0,0.0
2015-09-02 00:00:00-04:00,3.0640779946651953,3.1471152582158295,2.9312181750077277,3.097292900085449,259400,0.0,0.0
2015-09-03 00:00:00-04:00,3.122203935976464,3.138811387925027,3.022559224285087,3.064077854156494,158900,0.0,0.0
2015-09-04 00:00:00-04:00,3.0557744201706134,3.113900507544705,3.047470693402886,3.1055967807769775,33500,0.0,0.0
2015-09-08 00:00:00-04:00,3.122204234312432,3.138811687847887,3.0806856004737955,3.1055967807769775,61000,0.0,0.0
2015-09-09 00:00:00-04:00,3.1305076619507455,3.1305076619507455,3.0391666762336498,3.064077854156494,68900,0.0,0.0
2015-09-10 00:00:00-04:00,3.064077665473675,3.1471149201031388,3.0557739400107287,3.130507469177246,102100,0.0,0.0
2015-09-11 00:00:00-04:00,3.0972928622287625,3.404530931587342,3.0972928622287625,3.3879234790802,83500,0.0,0.0
2015-09-14 00:00:00-04:00,3.404530958440687,3.421138411078821,3.3297976195455363,3.412834882736206,42600,0.0,0.0
2015-09-15 00:00:00-04:00,3.3547086567920896,3.553998487745127,3.3547086567920896,3.5207831859588623,55000,0.0,0.0
2015-09-16 00:00:00-04:00,3.4709609458907,3.620428423204417,3.4045311319525693,3.5872135162353516,54400,0.0,0.0
2015-09-17 00:00:00-04:00,3.587213294524302,3.7532878191052377,3.5456944654026183,3.703465461730957,83600,0.0,0.0
2015-09-18 00:00:00-04:00,3.67025128016019,3.7117697215115677,3.5623026199312484,3.628732442855835,95300,0.0,0.0
2015-09-21 00:00:00-04:00,3.637036541063741,3.6453400713463453,3.5706067149909235,3.6121251583099365,60200,0.0,0.0
2015-09-22 00:00:00-04:00,3.553998540109504,3.5955169750364715,3.487568331511106,3.570605993270874,62700,0.0,0.0
2015-09-23 00:00:00-04:00,3.5706063445412877,3.603821254131657,3.5290875095768484,3.5789098739624023,40400,0.0,0.0
2015-09-24 00:00:00-04:00,3.5623020142745716,3.7200730148729892,3.5290871084594215,3.5955169200897217,57200,0.0,0.0
2015-09-25 00:00:00-04:00,3.603820979209178,3.6121245079968465,3.404531140917109,3.437746047973633,90700,0.0,0.0
2015-09-28 00:00:00-04:00,3.429442364739833,3.429442364739833,3.2135450826425114,3.288278818130493,29100,0.0,0.0
2015-09-29 00:00:00-04:00,3.3131905136513145,3.3131905136513145,3.172026945042077,3.238456964492798,37500,0.0,0.0
2015-09-30 00:00:00-04:00,3.2633675824211994,3.371316023623169,3.246760129928589,3.246760129928589,25900,0.0,0.0
2015-10-01 00:00:00-04:00,3.2716707412590833,3.3131893652900026,3.1222034967713586,3.1554183959960938,29700,0.0,0.0
2015-10-02 00:00:00-04:00,3.130508306620679,3.2467606921770775,3.1222045789363992,3.238456964492798,38600,0.0,0.0
2015-10-05 00:00:00-04:00,3.221849623839739,3.321494359598993,3.21354569788331,3.2965831756591797,30800,0.0,0.0
2015-10-06 00:00:00-04:00,3.263368147545637,3.263368147545637,3.147115761989238,3.238456964492798,22800,0.0,0.0
2015-10-07 00:00:00-04:00,3.2218488430016854,3.3796198343600703,3.1969374671228303,3.3048861026763916,54400,0.0,0.0
2015-10-08 00:00:00-04:00,3.3214943103110195,3.3214943103110195,3.213545650197197,3.2550644874572754,12500,0.0,0.0
2015-10-09 00:00:00-04:00,3.2882793490469697,3.3796205520629883,3.2467607103926364,3.3796205520629883,15600,0.0,0.0
2015-10-12 00:00:00-04:00,3.354708306843482,3.354708306843482,3.163722420248057,3.196937322616577,27300,0.0,0.0
2015-10-13 00:00:00-04:00,3.288278761224739,3.288278761224739,3.1554189433047926,3.1720263957977295,58700,0.0,0.0
2015-10-14 00:00:00-04:00,3.155419107303829,3.2467602987387796,3.155419107303829,3.2301528453826904,15200,0.0,0.0
2015-10-15 00:00:00-04:00,3.230152690972265,3.2799750486588826,3.1388115039036815,3.221848964691162,28500,0.0,0.0
2015-10-16 00:00:00-04:00,3.2135447738008374,3.230152422961532,3.1471149690637974,3.196937322616577,18600,0.0,0.0
2015-10-19 00:00:00-04:00,3.180330192332219,3.196937645192195,3.1388115601822792,3.188633918762207,16500,0.0,0.0
2015-10-20 00:00:00-04:00,3.172026395735391,3.246760129928589,3.1637226694890854,3.246760129928589,7700,0.0,0.0
2015-10-21 00:00:00-04:00,3.2218495760304036,3.3048868545975836,3.1886344666270428,3.2550644874572754,14000,0.0,0.0
2015-10-22 00:00:00-04:00,3.271671050922182,3.271671050922182,3.1803298714323174,3.196937322616577,21500,0.0,0.0
2015-10-23 00:00:00-04:00,3.172026465902231,3.205241371622183,3.163722739472243,3.188633918762207,20700,0.0,0.0
2015-10-26 00:00:00-04:00,3.2135454931736964,3.2135454931736964,3.055774671605211,3.08068585395813,53500,0.0,0.0
2015-10-27 00:00:00-04:00,3.0723814727991203,3.1388112782726894,3.047470295746532,3.122203826904297,8900,0.0,0.0
2015-10-28 00:00:00-04:00,3.097293107511886,3.147115468978882,3.0474707460448904,3.147115468978882,9200,0.0,0.0
2015-10-29 00:00:00-04:00,3.113899956873156,3.1305074074716983,3.064077605077528,3.088988780975342,8300,0.0,0.0
2015-10-30 00:00:00-04:00,3.113900624669657,3.113900624669657,3.022559626788994,3.047470808029175,38800,0.0,0.0
2015-11-02 00:00:00-05:00,3.039166489084836,3.1637223710290314,3.039166489084836,3.130507469177246,11700,0.0,0.0
2015-11-03 00:00:00-05:00,3.1388112782726894,3.1554187296410814,3.097292649851709,3.122203826904297,18600,0.0,0.0
2015-11-04 00:00:00-05:00,3.122204038257559,3.271671308667505,3.1139003120112534,3.246760129928589,22500,0.0,0.0
2015-11-05 00:00:00-05:00,3.2218490367693344,3.2882788485043046,3.1637227535247803,3.1637227535247803,8600,0.0,0.0
2015-11-06 00:00:00-05:00,3.1055964587247216,3.172026265977729,3.005951549868769,3.1139001846313477,47700,0.0,0.0
2015-11-09 00:00:00-05:00,3.1222040513414755,3.2965825012210885,3.072381693654858,3.221848964691162,81600,0.0,0.0
2015-11-10 00:00:00-05:00,3.4875680484059557,3.4875680484059557,3.0806852810048437,3.1139001846313477,31000,0.0,0.0
2015-11-11 00:00:00-05:00,3.163722565847871,3.1720262918221525,3.0391666762336498,3.064077854156494,41600,0.0,0.0
2015-11-12 00:00:00-05:00,3.030863130842197,3.0557743102492823,2.972736847582543,3.022559404373169,25200,0.0,0.0
2015-11-13 00:00:00-05:00,2.989344452630455,3.0640781926309186,2.989344452630455,3.0308632850646973,28200,0.0,0.0
2015-11-16 00:00:00-05:00,3.005952108922895,3.088989581409103,3.005952108922895,3.08068585395813,33400,0.0,0.0
2015-11-17 00:00:00-05:00,3.0806850556760703,3.097292506274613,3.0723813303767993,3.088988780975342,28800,0.0,0.0
2015-11-18 00:00:00-05:00,3.072381873706068,3.147115414615614,3.022559513099704,3.1055967807769775,38200,0.0,0.0
2015-11-19 00:00:00-05:00,3.09729325693864,3.1222044388739603,3.0225597111326787,3.0391671657562256,77500,0.0,0.0
2015-11-20 00:00:00-05:00,3.0308627636218897,3.1637223710290314,3.0308627636218897,3.130507469177246,33400,0.0,0.0
2015-11-23 00:00:00-05:00,3.113900394723553,3.1637227535247803,3.113900394723553,3.1637227535247803,7300,0.0,0.0
2015-11-24 00:00:00-05:00,3.1388113623512255,3.163722540071103,3.097292732818096,3.1139001846313477,13000,0.0,0.0
2015-11-25 00:00:00-05:00,3.1139001846313477,3.1222039105379733,3.064077829191592,3.1139001846313477,11200,0.0,0.0
2015-11-27 00:00:00-05:00,3.1055962927884067,3.130507469177246,3.0557739400107287,3.130507469177246,4700,0.0,0.0
2015-11-30 00:00:00-05:00,3.1305078055057027,3.1305078055057027,3.097292900085449,3.097292900085449,10700,0.0,0.0
2015-12-01 00:00:00-05:00,3.0806850556760703,3.113899956873156,3.064077605077528,3.088988780975342,35600,0.0,0.0
2015-12-02 00:00:00-05:00,3.0640782621892955,3.080685716349416,2.989344520492283,3.047470808029175,60300,0.0,0.0
2015-12-03 00:00:00-05:00,3.047470365039406,3.047470365039406,2.8813956496028674,2.898003101348877,64300,0.0,0.0
2015-12-04 00:00:00-05:00,3.0391666999977534,3.0391666999977534,2.906306885393939,2.9395217895507812,36100,0.0,0.0
2015-12-07 00:00:00-05:00,2.9229143635288666,2.9395218157553358,2.881395732962693,2.8896994590759277,65700,0.0,0.0
2015-12-08 00:00:00-05:00,2.9146104350407573,3.0142553394572142,2.881395532894083,2.9810402393341064,24900,0.0,0.0
2015-12-09 00:00:00-05:00,2.9810404197468343,2.9893441457860446,2.9312180635115705,2.9395217895507812,20700,0.0,0.0
2015-12-10 00:00:00-05:00,2.9312179924241337,2.9727366216132833,2.9229142665863037,2.9229142665863037,22700,0.0,0.0
2015-12-11 00:00:00-05:00,2.9395216344603554,2.9727365368647654,2.906306732055946,2.931217908859253,29600,0.0,0.0
2015-12-14 00:00:00-05:00,2.939521901286922,2.939521901286922,2.873092090448129,2.8813958168029785,18100,0.0,0.0
2015-12-15 00:00:00-05:00,2.9063065247817397,2.9312176998084127,2.8564841747283936,2.8564841747283936,22600,0.0,0.0
2015-12-16 00:00:00-05:00,2.864788788190579,2.906307426111156,2.831573877854117,2.8398776054382324,28800,0.0,0.0
2015-12-17 00:00:00-05:00,2.8398776054382324,2.906307426111156,2.814966422685886,2.8398776054382324,28900,0.0,0.0
2015-12-18 00:00:00-05:00,2.8066622946088247,2.881395832201861,2.773447191035466,2.7817509174346924,60800,0.0,0.0
2015-12-21 00:00:00-05:00,2.7900546701590927,2.823269774045848,2.7900546701590927,2.8066623210906982,26600,0.0,0.0
2015-12-22 00:00:00-05:00,2.8149666777210367,2.8149666777210367,2.7568403813895213,2.765144109725952,28100,0.0,0.0
2015-12-23 00:00:00-05:00,2.7485357512205666,2.848180656539367,2.549246138559401,2.6654984951019287,107000,0.0,0.0
2015-12-24 00:00:00-05:00,2.665498772995469,2.814966047568273,2.665498772995469,2.8066623210906982,93900,0.0,0.0
2015-12-28 00:00:00-05:00,2.7817509297359915,2.8647883920719113,2.7817509297359915,2.831573486328125,60000,0.0,0.0
2015-12-29 00:00:00-05:00,2.9063069113023974,2.914610637415632,2.856484554622989,2.8896994590759277,43600,0.0,0.0
2015-12-30 00:00:00-05:00,2.9478254440997933,2.9810403474511133,2.8896993632349837,2.9229142665863037,53600,0.0,0.0
2015-12-31 00:00:00-05:00,2.922914845016316,3.113900775057991,2.922914845016316,3.0059521198272705,40600,0.0,0.0
2016-01-04 00:00:00-05:00,2.9893441327976027,2.9976478588007343,2.914610598769418,2.964432954788208,47500,0.0,0.0
2016-01-05 00:00:00-05:00,2.981040877722173,2.9893446050370795,2.7651437695581222,2.798358678817749,27500,0.0,0.0
2016-01-06 00:00:00-05:00,2.7817505558098046,2.7817505558098046,2.6821058519728047,2.6987133026123047,30800,0.0,0.0
2016-01-07 00:00:00-05:00,2.6571944761093684,2.6738019254994683,2.5990684032440186,2.5990684032440186,30000,0.0,0.0
2016-01-08 00:00:00-05:00,2.6073721279390685,2.6904093748895686,2.5990684032440186,2.5990684032440186,52600,0.0,0.0
2016-01-11 00:00:00-05:00,2.615676491861727,2.6239802185860692,2.5243352999175035,2.5326390266418457,27000,0.0,0.0
2016-01-12 00:00:00-05:00,2.6156764616063315,2.6654988213760906,2.55755017723182,2.582461357116699,30100,0.0,0.0
2016-01-13 00:00:00-05:00,2.6073728204218436,2.6073728204218436,2.5658539879433433,2.57415771484375,11200,0.0,0.0
2016-01-14 00:00:00-05:00,2.5824621819844555,2.5990698385221753,2.5326398063008635,2.5492472648620605,15400,0.0,0.0
2016-01-15 00:00:00-05:00,2.516031141863098,2.516031141863098,2.3914752623509217,2.4329938888549805,67900,0.0,0.0
2016-01-19 00:00:00-05:00,2.4080835057684546,2.466209602011054,2.374868395653334,2.4246909618377686,26000,0.0,0.0
2016-01-20 00:00:00-05:00,2.41638620971443,2.4246899342298853,2.374867389160744,2.4080824851989746,11900,0.0,0.0
2016-01-21 00:00:00-05:00,2.4246905479851604,2.673802544482269,2.4163868213678055,2.6571950912475586,32300,0.0,0.0
2016-01-22 00:00:00-05:00,2.6571948051009158,2.7817506909481295,2.6571948051009158,2.7568395137786865,21300,0.0,0.0
2016-01-25 00:00:00-05:00,2.7153210196309447,2.7153210196309447,2.6322837582873015,2.6488912105560303,16900,0.0,0.0
2016-01-26 00:00:00-05:00,2.7817512409452507,2.8398775304762274,2.6987139672959657,2.7734475135803223,26700,0.0,0.0
2016-01-27 00:00:00-05:00,2.790054739344777,2.889699657523052,2.432994293978483,2.823269844055176,22000,0.0,0.0
2016-01-28 00:00:00-05:00,2.8232696127349706,3.0640778648022318,2.7153209767178152,2.964432954788208,53900,0.0,0.0
2016-01-29 00:00:00-05:00,2.989344589670275,3.3214940765120717,2.989344589670275,3.180330514907837,44500,0.0,0.0
2016-02-01 00:00:00-05:00,2.9063068274314325,3.1803299792367925,2.9063068274314325,3.1388113498687744,25300,0.0,0.0
2016-02-02 00:00:00-05:00,3.1055965987792695,3.2799750486588826,2.906306970056348,3.221848964691162,32700,0.0,0.0
2016-02-03 00:00:00-05:00,3.2467599466679276,3.3214934786664037,3.2052411198034463,3.2135448455810547,46800,0.0,0.0
2016-02-04 00:00:00-05:00,3.163722669551261,3.2135450270300723,3.080685407086576,3.1720263957977295,38900,0.0,0.0
2016-02-05 00:00:00-05:00,3.147115558152197,3.1886341938844542,2.931218454367986,2.9478259086608887,34200,0.0,0.0
2016-02-08 00:00:00-05:00,2.8647890684102086,2.8980039819955907,2.391476153865514,2.7402329444885254,44700,0.0,0.0
2016-02-09 00:00:00-05:00,2.6987135540738887,2.6987135540738887,2.590764916882239,2.673802375793457,21600,0.0,0.0
2016-02-10 00:00:00-05:00,2.6987137243343335,2.7402323574211085,2.516031540776065,2.6571950912475586,35100,0.0,0.0
2016-02-11 00:00:00-05:00,2.6821064424407726,2.6821064424407726,2.64058780670166,2.64058780670166,15900,0.0,0.0
2016-02-12 00:00:00-05:00,2.6571950912475586,2.673802544482269,2.6156764581607836,2.6571950912475586,15800,0.0,0.0
2016-02-16 00:00:00-05:00,2.6571952609973053,2.6904101695885947,2.64058780670166,2.64058780670166,12400,0.0,0.0
2016-02-17 00:00:00-05:00,2.6821060180664062,2.7319283730702333,2.6488911147305214,2.6821060180664062,7500,0.0,0.0
2016-02-18 00:00:00-05:00,2.6987130995846185,2.7651428971450183,2.5326384077072053,2.5990684032440186,19200,0.0,0.0
2016-02-19 00:00:00-05:00,2.57415771484375,2.6405877280234717,2.57415771484375,2.57415771484375,27800,0.0,0.0
2016-02-22 00:00:00-05:00,2.6239802742226574,2.6488914549238785,2.557550261042936,2.57415771484375,14100,0.0,0.0
2016-02-23 00:00:00-05:00,2.590765245838254,2.67380271529295,2.5243354286556747,2.64058780670166,68700,0.0,0.0
2016-02-24 00:00:00-05:00,2.582461353714905,2.6571950912475586,2.582461353714905,2.6571950912475586,8300,0.0,0.0
2016-02-25 00:00:00-05:00,2.6405874714195483,2.673802375793457,2.6405874714195483,2.673802375793457,10200,0.0,0.0
2016-02-26 00:00:00-05:00,2.6571952609973053,2.6821064424407726,2.632284079553838,2.64058780670166,18800,0.0,0.0
2016-02-29 00:00:00-05:00,2.6571955358215065,2.682106719841448,2.540943145751953,2.540943145751953,30400,0.0,0.0
2016-03-01 00:00:00-05:00,2.6073726641421833,2.665498748961094,2.540942654944117,2.5658538341522217,34800,0.0,0.0
2016-03-02 00:00:00-05:00,2.5741575837656896,2.8066623210906982,2.5492464043329646,2.8066623210906982,45100,0.0,0.0
2016-03-03 00:00:00-05:00,2.77344710740994,2.8066622099817904,2.7402322028145374,2.7900545597076416,17900,0.0,0.0
2016-03-04 00:00:00-05:00,2.7651431051703046,2.8232693803849824,2.6987133026123047,2.6987133026123047,12000,0.0,0.0
2016-03-07 00:00:00-05:00,2.665498857501066,2.7485361249093856,2.665498857501066,2.7236249446868896,17200,0.0,0.0
2016-03-08 00:00:00-05:00,2.6987137644643937,2.7485361249093856,2.690410037723562,2.7236249446868896,30100,0.0,0.0
2016-03-09 00:00:00-05:00,2.7402319078321926,2.7651430835970894,2.6987132815573647,2.748535633087158,29100,0.0,0.0
2016-03-10 00:00:00-05:00,2.91461097677174,3.2384567288470314,2.91461097677174,3.047470808029175,164700,0.0,0.0
2016-03-11 00:00:00-05:00,3.0723819732666016,3.1803304247451267,3.0557745191929824,3.0723819732666016,76800,0.0,0.0
2016-03-14 00:00:00-04:00,3.039166651471714,3.172026265977729,3.0308629255650885,3.1139001846313477,254800,0.0,0.0
2016-03-15 00:00:00-04:00,3.014255636534815,3.1222040791506394,3.014255636534815,3.097292900085449,215900,0.0,0.0
2016-03-16 00:00:00-04:00,3.047470295746532,3.1554187296410814,3.047470295746532,3.122203826904297,66300,0.0,0.0
2016-03-17 00:00:00-04:00,3.0889885975466234,3.1554183959960938,3.0723811479342555,3.1554183959960938,51100,0.0,0.0
2016-03-18 00:00:00-04:00,3.0972931230375043,3.3214939487392887,3.0972931230375043,3.313190221786499,93900,0.0,0.0
2016-03-21 00:00:00-04:00,3.271672010421753,3.2882794664765647,3.1886345321712026,3.271672010421753,32500,0.0,0.0
2016-03-22 00:00:00-04:00,3.2716718752299165,3.279975602914196,3.2135455834634747,3.238456964492798,42600,0.0,0.0
2016-03-23 00:00:00-04:00,3.1720265606599183,3.255064025416824,3.1720265606599183,3.2301528453826904,27600,0.0,0.0
2016-03-24 00:00:00-04:00,3.213545650197197,3.2716719431707113,3.1637232830568887,3.2550644874572754,52700,0.0,0.0
2016-03-28 00:00:00-04:00,3.2716715870225515,3.313190221786499,3.2633678600697618,3.313190221786499,37500,0.0,0.0
2016-03-29 00:00:00-04:00,3.304886366880618,3.363012651276175,3.2965826402493184,3.3297977447509766,68700,0.0,0.0
2016-03-30 00:00:00-04:00,3.3297974785552467,3.3547084584812152,3.3048861026763916,3.3048861026763916,47100,0.0,0.0
2016-03-31 00:00:00-04:00,3.2882790724085016,3.3381014346022138,3.2633678913116455,3.2633678913116455,42500,0.0,0.0
2016-04-01 00:00:00-04:00,3.2633675960966766,3.2799750486588826,3.221848964691162,3.221848964691162,87500,0.0,0.0
2016-04-04 00:00:00-04:00,3.246760741453478,3.3214942917462325,3.2218495580225595,3.279975652694702,33300,0.0,0.0
2016-04-05 00:00:00-04:00,3.230152690972265,3.3131899537832945,3.2052413141525053,3.221848964691162,44000,0.0,0.0
2016-04-06 00:00:00-04:00,3.2467604372470746,3.296582799440787,3.2218492561502186,3.2633678913116455,40400,0.0,0.0
2016-04-07 00:00:00-04:00,3.2467604372470746,3.2882790724085016,3.2384567102147894,3.2633678913116455,29000,0.0,0.0
2016-04-08 00:00:00-04:00,3.238456406515921,3.5124795708602163,3.180330124764473,3.3879234790802,100200,0.0,0.0
2016-04-11 00:00:00-04:00,3.3713160531644193,3.537390975498662,3.34640507218367,3.412834882736206,39200,0.0,0.0
2016-04-12 00:00:00-04:00,3.446049743848654,3.5290870059751365,3.313189926469833,3.346405029296875,48600,0.0,0.0
2016-04-13 00:00:00-04:00,3.255063701765597,3.5207829290425394,3.2384562500607883,3.479264497756958,95500,0.0,0.0
2016-04-14 00:00:00-04:00,3.4377457925308814,3.4792646212429297,3.3962273597717285,3.3962273597717285,32100,0.0,0.0
2016-04-15 00:00:00-04:00,3.396227735852732,3.4875685356092214,3.396227735852732,3.4294426441192627,50400,0.0,0.0
2016-04-18 00:00:00-04:00,3.4460502798290036,3.512480099862331,3.4294428248206716,3.4543538093566895,44800,0.0,0.0
2016-04-19 00:00:00-04:00,3.487567901611328,3.495871825144877,3.4460494718021857,3.487567901611328,40100,0.0,0.0
2016-04-20 00:00:00-04:00,3.487567901611328,3.495871825144877,3.4460494718021857,3.487567901611328,24100,0.0,0.0
2016-04-21 00:00:00-04:00,3.4626578250947317,3.5207837211625184,3.4294429142122906,3.495872735977173,26700,0.0,0.0
2016-04-22 00:00:00-04:00,3.5290875548706624,3.5290875548706624,3.4543538093566895,3.4543538093566895,21000,0.0,0.0
2016-04-25 00:00:00-04:00,3.479264497756958,3.487568025632922,3.454353122223304,3.479264497756958,18800,0.0,0.0
2016-04-26 00:00:00-04:00,3.487568434128209,3.487568434128209,3.4543535268281635,3.4626574516296387,29100,0.0,0.0
2016-04-27 00:00:00-04:00,3.437746479718839,3.4792653167302907,3.346405671818405,3.4460504055023193,30800,0.0,0.0
2016-04-28 00:00:00-04:00,3.4045305252075195,3.4377454262571265,3.3547081736331092,3.4045305252075195,19200,0.0,0.0
2016-04-29 00:00:00-04:00,3.363012096871938,3.4045305252075195,3.3214932725835027,3.4045305252075195,29500,0.0,0.0
2016-05-02 00:00:00-04:00,3.396228007524722,3.404531537279103,3.3547091708939027,3.3796205520629883,33700,0.0,0.0
2016-05-03 00:00:00-04:00,3.3381010787654404,3.3962273597717285,3.3214936264712,3.3962273597717285,22400,0.0,0.0
2016-05-04 00:00:00-04:00,3.3962273865727646,3.4045309148089635,3.3381011051077776,3.346405029296875,25300,0.0,0.0
2016-05-05 00:00:00-04:00,3.3214936264712,3.4045308879424008,3.3214936264712,3.3962273597717285,27400,0.0,0.0
2016-05-06 00:00:00-04:00,3.363013127432391,3.4543539353328248,3.338101746034925,3.4460504055023193,46400,0.0,0.0
2016-05-09 00:00:00-04:00,3.31318990032408,3.4045308879424008,3.11390027481675,3.3962273597717285,47800,0.0,0.0
2016-05-10 00:00:00-04:00,3.230152294697084,3.4460493494959548,3.230152294697084,3.4045305252075195,41000,0.0,0.0
2016-05-11 00:00:00-04:00,3.4045307448569924,3.4377456480495185,3.3547083900682027,3.3630123138427734,20100,0.0,0.0
2016-05-12 00:00:00-04:00,3.3713158416644657,3.4045307448569924,3.3464048622465103,3.3630123138427734,20400,0.0,0.0
2016-05-13 00:00:00-04:00,3.371316026573058,3.404530931587342,3.3464050457887953,3.3879234790802,18000,0.0,0.0
2016-05-16 00:00:00-04:00,3.338100938471939,3.3713158416644657,3.338100938471939,3.3630123138427734,17600,0.0,0.0
2016-05-17 00:00:00-04:00,3.3214935170644946,3.3214935170644946,3.10559644637436,3.1388113498687744,35800,0.0,0.0
2016-05-18 00:00:00-04:00,3.1055965858259813,3.1886338482906664,2.981040494152503,3.1720263957977295,12700,0.0,0.0
2016-05-19 00:00:00-04:00,3.105596410472145,3.2218487693351023,3.105596410472145,3.2135448455810547,29700,0.0,0.0
2016-05-20 00:00:00-04:00,3.196937740694052,3.2716714787729133,3.1720265606599183,3.2301528453826904,26800,0.0,0.0
2016-05-23 00:00:00-04:00,3.2052410482087073,3.255063599737922,3.105596341103147,3.196937322616577,40300,0.0,0.0
2016-05-24 00:00:00-04:00,3.2301528453826904,3.255064025416824,3.1222042005916513,3.2301528453826904,57100,0.0,0.0
2016-05-25 00:00:00-04:00,3.2135447738008374,3.238456148553662,3.113900066695277,3.196937322616577,16900,0.0,0.0
2016-05-26 00:00:00-04:00,3.180330206458523,3.2218490367693344,3.1471153005910377,3.1637227535247803,23300,0.0,0.0
2016-05-27 00:00:00-04:00,3.1720264799916515,3.1969376593922654,3.155419027057909,3.1637227535247803,5400,0.0,0.0
2016-05-31 00:00:00-04:00,3.1388113498687744,3.1803299792367925,3.1388113498687744,3.1388113498687744,71800,0.0,0.0
2016-06-01 00:00:00-04:00,3.1055969694578462,3.180330514907837,3.072382060368961,3.180330514907837,53700,0.0,0.0
2016-06-02 00:00:00-04:00,3.147115468978882,3.1720266497123797,3.122204288245384,3.147115468978882,19200,0.0,0.0
2016-06-03 00:00:00-04:00,3.1305079610801596,3.1554191413833417,3.0889893272415225,3.1055967807769775,88600,0.0,0.0
2016-06-06 00:00:00-04:00,3.138811531860766,3.155418984570893,3.080685447375322,3.097292900085449,22000,0.0,0.0
2016-06-07 00:00:00-04:00,3.072381555098218,3.2052411696042324,3.005951549868769,3.1139001846313477,58200,0.0,0.0
2016-06-08 00:00:00-04:00,3.105596668256682,3.1969376593922654,3.105596668256682,3.1637227535247803,254300,0.0,0.0
2016-06-09 00:00:00-04:00,3.130508306620679,3.238456964492798,3.10559712356784,3.238456964492798,24000,0.0,0.0
2016-06-10 00:00:00-04:00,3.196937574474307,3.2882787611601154,3.196937574474307,3.246760129928589,27300,0.0,0.0
2016-06-13 00:00:00-04:00,3.196937969452279,3.221849349245417,3.0806857876411824,3.180330514907837,33400,0.0,0.0
2016-06-14 00:00:00-04:00,3.1969373580620624,3.1969373580620624,3.0806851984833163,3.122203826904297,18900,0.0,0.0
2016-06-15 00:00:00-04:00,3.1222040791506394,3.1222040791506394,3.0640779946651953,3.097292900085449,21000,0.0,0.0
2016-06-16 00:00:00-04:00,3.0640777471149243,3.122203826904297,3.0225591186939433,3.122203826904297,37900,0.0,0.0
2016-06-17 00:00:00-04:00,3.0889889946271527,3.1388113498687744,3.0557740911327387,3.1388113498687744,123600,0.0,0.0
2016-06-20 00:00:00-04:00,3.130507764503864,3.2799750349138104,3.122204038257559,3.246760129928589,65700,0.0,0.0
2016-06-21 00:00:00-04:00,3.2550639125698138,3.371316082032191,3.2052413562523414,3.288278818130493,87500,0.0,0.0
2016-06-22 00:00:00-04:00,3.3214942917462325,3.329798217533026,3.0889897150811745,3.279975652694702,109200,0.0,0.0
2016-06-23 00:00:00-04:00,3.28827865074145,3.3962272862950114,3.28827865074145,3.3048861026763916,189200,0.0,0.0
2016-06-24 00:00:00-04:00,3.18032990669367,3.313189715617245,3.0723814727991203,3.122203826904297,2698200,0.0,0.0
2016-06-27 00:00:00-04:00,3.1388117895610788,3.2135453328923655,3.014255884008934,3.0723819732666016,119900,0.0,0.0
2016-06-28 00:00:00-04:00,3.072382126507157,3.1720268559188316,3.072382126507157,3.08068585395813,85600,0.0,0.0
2016-06-29 00:00:00-04:00,3.113900507544705,3.1554191413833417,3.0640781469383405,3.1055967807769775,68400,0.0,0.0
2016-06-30 00:00:00-04:00,3.1139001846313477,3.172026265977729,3.0806852810048437,3.1139001846313477,71900,0.0,0.0
2016-07-01 00:00:00-04:00,3.08898900691147,3.196937443697607,3.072381555098218,3.1139001846313477,61400,0.0,0.0
2016-07-05 00:00:00-04:00,3.080685447375322,3.19693761634621,2.989344259493172,3.097292900085449,62900,0.0,0.0
2016-07-06 00:00:00-04:00,3.1139001846313477,3.1554188141644772,3.0806852810048437,3.1139001846313477,101400,0.0,0.0
2016-07-07 00:00:00-04:00,3.122203935976464,3.122203935976464,3.0308629502593685,3.064077854156494,57200,0.0,0.0
2016-07-08 00:00:00-04:00,3.0640781469383405,3.113900507544705,2.9893444080523315,3.1055967807769775,162900,0.0,0.0
2016-07-11 00:00:00-04:00,3.1554189564658874,3.238456417253368,3.1139003250603725,3.221848964691162,112900,0.0,0.0
2016-07-12 00:00:00-04:00,3.2218492561502186,3.3962277218046797,2.947825868131864,3.2633678913116455,100200,0.0,0.0
2016-07-13 00:00:00-04:00,3.28827857555597,3.28827857555597,3.180329942470621,3.2135448455810547,40400,0.0,0.0
2016-07-14 00:00:00-04:00,3.180330206458523,3.2550639426368195,3.1471153005910377,3.1637227535247803,51100,0.0,0.0
2016-07-15 00:00:00-04:00,3.1969372728808167,3.221848647246087,3.088988841862514,3.130507469177246,93100,0.0,0.0
2016-07-18 00:00:00-04:00,3.0806850556760703,3.097292506274613,2.773446823650177,3.088988780975342,58600,0.0,0.0
2016-07-19 00:00:00-04:00,3.080685447375322,3.113900352795576,3.039166815600005,3.097292900085449,26200,0.0,0.0
2016-07-20 00:00:00-04:00,3.080685407086576,3.180330122044198,3.0640779545936385,3.1720263957977295,20000,0.0,0.0
2016-07-21 00:00:00-04:00,3.1388114780277707,3.387923462383667,3.1388114780277707,3.346405029296875,83300,0.0,0.0
2016-07-22 00:00:00-04:00,3.2716719248843957,3.3214942917462325,3.1720269931842355,3.279975652694702,28500,0.0,0.0
2016-07-25 00:00:00-04:00,3.255063710075666,3.255063710075666,3.072381542879946,3.1388113498687744,33900,0.0,0.0
2016-07-26 00:00:00-04:00,3.1554189564658874,3.246760143534471,3.1139003250603725,3.221848964691162,36600,0.0,0.0
2016-07-27 00:00:00-04:00,3.1969373580620624,3.2052410837462584,3.113900101220101,3.122203826904297,43600,0.0,0.0
2016-07-28 00:00:00-04:00,3.1305077776225785,3.230152690972265,3.1139003250603725,3.221848964691162,58700,0.0,0.0
2016-07-29 00:00:00-04:00,3.1969378304458775,3.238456662978173,3.1055968344230522,3.147115468978882,72000,0.0,0.0
2016-08-01 00:00:00-04:00,3.155419401016886,3.155419401016886,3.0308634892522925,3.08068585395813,19500,0.0,0.0
2016-08-02 00:00:00-04:00,3.064078340469072,3.1305081588066748,2.972737142278392,2.989344596862793,25300,0.0,0.0
2016-08-03 00:00:00-04:00,3.005952550708076,3.0391676633700757,2.914611535322975,3.014256477355957,34100,0.0,0.0
2016-08-04 00:00:00-04:00,2.9893442594160167,3.0225593628118657,2.7983583552780344,2.8813958168029785,87900,0.0,0.0
2016-08-05 00:00:00-04:00,2.9063072204589844,2.914610947455523,2.8647885854762927,2.9063072204589844,33800,0.0,0.0
2016-08-08 00:00:00-04:00,3.155419195890048,3.2301529360670074,2.889699736756272,3.147115468978882,109600,0.0,0.0
2016-08-09 00:00:00-04:00,3.155418645566085,3.155418645566085,3.0557739400107287,3.130507469177246,71300,0.0,0.0
2016-08-10 00:00:00-04:00,3.1139007637620213,3.1222044912129943,3.064078399056184,3.08068585395813,117100,0.0,0.0
2016-08-11 00:00:00-04:00,3.0640777471149243,3.1388112782726894,3.0640777471149243,3.122203826904297,127400,0.0,0.0
2016-08-12 00:00:00-04:00,3.113899771965175,3.1554183959960938,3.0806848727404392,3.1554183959960938,76600,0.0,0.0
2016-08-15 00:00:00-04:00,3.155419195890048,3.1637229228012136,3.138811742067716,3.147115468978882,136600,0.0,0.0
2016-08-16 00:00:00-04:00,3.1554188016159816,3.1637225274895853,3.122203898121567,3.1388113498687744,31500,0.0,0.0
2016-08-17 00:00:00-04:00,3.1554188141644772,3.1554188141644772,3.08898900691147,3.1139001846313477,15000,0.0,0.0
2016-08-18 00:00:00-04:00,3.0889885975466234,3.1554183959960938,3.0889885975466234,3.1554183959960938,43400,0.0,0.0
2016-08-19 00:00:00-04:00,3.1554188016159816,3.1554188016159816,3.130507623995171,3.1388113498687744,67900,0.0,0.0
2016-08-22 00:00:00-04:00,3.1055968344230522,3.155419195890048,3.1055968344230522,3.147115468978882,76900,0.0,0.0
2016-08-23 00:00:00-04:00,3.155419027057909,3.1637227535247803,3.1471153005910377,3.1637227535247803,55200,0.0,0.0
2016-08-24 00:00:00-04:00,3.155419195890048,3.155419195890048,3.13050801515655,3.147115468978882,55200,0.0,0.0
2016-08-25 00:00:00-04:00,3.1554183959960938,3.1554183959960938,3.1388109463837264,3.1554183959960938,29400,0.0,0.0
2016-08-26 00:00:00-04:00,3.1554183959960938,3.1554183959960938,3.1305072215775422,3.1554183959960938,37300,0.0,0.0
2016-08-29 00:00:00-04:00,3.155419027057909,3.213545112326008,3.080685488856068,3.1637227535247803,26100,0.0,0.0
2016-08-30 00:00:00-04:00,3.155419013042255,3.213545098052171,3.0723817487423752,3.188633918762207,42900,0.0,0.0
2016-08-31 00:00:00-04:00,3.1554183959960938,3.1554183959960938,3.1305072215775422,3.1554183959960938,48700,0.0,0.0
2016-09-01 00:00:00-04:00,3.1554187296410814,3.1886336323778663,3.105596375535905,3.122203826904297,30700,0.0,0.0
2016-09-02 00:00:00-04:00,3.1554188016159816,3.1969374309839997,3.10559644637436,3.1388113498687744,96000,0.0,0.0
2016-09-06 00:00:00-04:00,3.1222037437142998,3.1886335474178704,3.1222037437142998,3.130507469177246,31600,0.0,0.0
2016-09-07 00:00:00-04:00,3.155419013042255,3.2633676546085533,3.155419013042255,3.188633918762207,74400,0.0,0.0
2016-09-08 00:00:00-04:00,3.180330738770325,3.2716719431707113,3.180330738770325,3.2550644874572754,29500,0.0,0.0
2016-09-09 00:00:00-04:00,3.246760129928589,3.3048862136527264,3.172026395735391,3.246760129928589,55600,0.0,0.0
2016-09-12 00:00:00-04:00,3.255064059162751,3.4377460479736333,3.1969377738373717,3.437746047973633,65900,0.0,0.0
2016-09-13 00:00:00-04:00,3.279975621316103,3.396228007524722,3.279975621316103,3.3796205520629883,54800,0.0,0.0
2016-09-14 00:00:00-04:00,3.4211390241048534,3.4460504055023193,3.263368195771989,3.4460504055023193,39000,0.0,0.0
2016-09-15 00:00:00-04:00,3.462656922916416,3.537390650906887,3.437745548268637,3.487567901611328,46600,0.0,0.0
2016-09-16 00:00:00-04:00,3.5207836293900163,3.5207836293900163,3.41283536981234,3.4543538093566895,136800,0.0,0.0
2016-09-19 00:00:00-04:00,3.4460500113881807,3.51247982624675,3.4460500113881807,3.504175901412964,32900,0.0,0.0
2016-09-20 00:00:00-04:00,3.487567901611328,3.529086727373338,3.4294420206879557,3.487567901611328,26400,0.0,0.0
2016-09-21 00:00:00-04:00,3.5290876468596135,3.5290876468596135,3.4626578250947317,3.495872735977173,51300,0.0,0.0
2016-09-22 00:00:00-04:00,3.5041762657212976,3.5290876468596135,3.479265280535952,3.495872735977173,22500,0.0,0.0
2016-09-23 00:00:00-04:00,3.5041750394876554,3.5872126835889473,3.44604916376015,3.4709601402282715,40000,0.0,0.0
2016-09-26 00:00:00-04:00,3.470960980478186,3.52908726622973,3.4626574516296387,3.4626574516296387,24900,0.0,0.0
2016-09-27 00:00:00-04:00,3.4709601402282715,3.5290864119086094,3.4377452409688876,3.4709601402282715,35600,0.0,0.0
2016-09-28 00:00:00-04:00,3.379619618957298,3.470960400801353,3.379619618957298,3.421138048171997,34900,0.0,0.0
2016-09-29 00:00:00-04:00,3.437745521639493,3.4709604236106677,3.346404739195195,3.3713157176971436,8700,0.0,0.0
2016-09-30 00:00:00-04:00,3.3381014026448677,3.354708856550447,3.3048864948337098,3.313190221786499,52600,0.0,0.0
2016-10-03 00:00:00-04:00,3.27997492477398,3.3297974785552467,3.1969374671228303,3.3048861026763916,22100,0.0,0.0
2016-10-04 00:00:00-04:00,3.3131905639359265,3.346405673153638,3.155419537563623,3.279975652694702,26800,0.0,0.0
2016-10-05 00:00:00-04:00,3.304886027111187,3.304886027111187,3.196937394025838,3.2135448455810547,21100,0.0,0.0
2016-10-06 00:00:00-04:00,3.1886332952208294,3.238455842034348,3.14711467118991,3.1554183959960938,16200,0.0,0.0
2016-10-07 00:00:00-04:00,3.155419027057909,3.1720264799916515,3.1388115741241664,3.1637227535247803,14600,0.0,0.0
2016-10-10 00:00:00-04:00,3.1388115039036815,3.2716713223777796,3.1222040513414755,3.221848964691162,34300,0.0,0.0
2016-10-11 00:00:00-04:00,3.2301524587752835,3.2301524587752835,3.0723814727991203,3.122203826904297,44200,0.0,0.0
2016-10-12 00:00:00-04:00,3.147115271521153,3.313189997301002,3.1305078187408135,3.288278818130493,49600,0.0,0.0
2016-10-13 00:00:00-04:00,3.27997502161924,3.4294422914233573,3.27997502161924,3.346405029296875,27200,0.0,0.0
2016-10-14 00:00:00-04:00,3.3381011764715116,3.354708629251851,3.279975091740323,3.288278818130493,14100,0.0,0.0
2016-10-17 00:00:00-04:00,3.279975719699304,3.3048869036391175,3.279975719699304,3.2965831756591797,13600,0.0,0.0
2016-10-18 00:00:00-04:00,3.296582376708921,3.3796198343600703,3.28827865074145,3.3048861026763916,23600,0.0,0.0
2016-10-19 00:00:00-04:00,3.3048869036391175,3.3048869036391175,3.288279447679242,3.2965831756591797,14200,0.0,0.0
2016-10-20 00:00:00-04:00,3.279975091740323,3.3297976480577955,3.279975091740323,3.288278818130493,20200,0.0,0.0
2016-10-21 00:00:00-04:00,3.2799754657923472,3.3464054824659115,3.1305081757474227,3.3214941024780273,16000,0.0,0.0
2016-10-24 00:00:00-04:00,3.3464053734529364,3.4377461732094257,3.3464053734529364,3.4294426441192627,10900,0.0,0.0
2016-10-25 00:00:00-04:00,3.404530767108877,3.487568025632922,3.3796197875281044,3.479264497756958,29000,0.0,0.0
2016-10-26 00:00:00-04:00,3.437745521639493,3.495871798065481,3.3713157176971436,3.3713157176971436,18600,0.0,0.0
2016-10-27 00:00:00-04:00,3.396228109394925,3.396228109394925,3.279975719699304,3.2965831756591797,17400,0.0,0.0
2016-10-28 00:00:00-04:00,3.321494359598993,3.321494359598993,3.279975719699304,3.2965831756591797,9400,0.0,0.0
2016-10-31 00:00:00-04:00,3.296583108315314,3.3796205843948623,3.2633681970740898,3.279975652694702,35400,0.0,0.0
2016-11-01 00:00:00-04:00,3.25506416427936,3.3131902535053577,3.0723819715926135,3.2633678913116455,29100,0.0,0.0
2016-11-02 00:00:00-04:00,3.2799751869867193,3.387923633193615,3.2301528271989213,3.3297977447509766,34900,0.0,0.0
2016-11-03 00:00:00-04:00,3.354709202987457,3.354709202987457,3.279975652694702,3.279975652694702,11300,0.0,0.0
2016-11-04 00:00:00-04:00,3.3131905639359265,3.45435393671113,3.279975652694702,3.279975652694702,27400,0.0,0.0
2016-11-07 00:00:00-05:00,3.346405198013576,3.346405198013576,3.2799751869867193,3.3297977447509766,16900,0.0,0.0
2016-11-08 00:00:00-05:00,3.2135453405861574,3.255064173846078,2.939522149738911,2.997648239135742,73100,0.0,0.0
2016-11-09 00:00:00-05:00,3.005952550708076,3.014256477355957,2.873092891966111,3.014256477355957,129000,0.0,0.0
2016-11-10 00:00:00-05:00,3.0972929425944242,3.113900395532481,2.9644331211135144,3.022559404373169,76200,0.0,0.0
2016-11-11 00:00:00-05:00,3.05577480383995,3.279975652694702,3.047471076029644,3.279975652694702,132500,0.0,0.0
2016-11-14 00:00:00-05:00,3.3381011186379475,3.3381011186379475,3.172026395735391,3.246760129928589,54200,0.0,0.0
2016-11-15 00:00:00-05:00,3.2301525324548552,3.2799748876964765,3.122203898121567,3.1388113498687744,29700,0.0,0.0
2016-11-16 00:00:00-05:00,3.138811742067716,3.1886341035347114,2.9063071905786035,3.147115468978882,199400,0.0,0.0
2016-11-17 00:00:00-05:00,3.1637233480889857,3.2882794664765647,3.147115892034174,3.271672010421753,58600,0.0,0.0
2016-11-18 00:00:00-05:00,3.271672010421753,3.3713167467506224,3.1886345321712026,3.271672010421753,44500,0.0,0.0
2016-11-21 00:00:00-05:00,3.2550639426368195,3.2550639426368195,3.113900394723553,3.1637227535247803,28100,0.0,0.0
2016-11-22 00:00:00-05:00,3.1803303216865237,3.1803303216865237,3.0059518615877865,3.1055967807769775,102300,0.0,0.0
2016-11-23 00:00:00-05:00,3.0972926846945366,3.238456220890319,3.0972926846945366,3.2135448455810547,573300,0.0,0.0
2016-11-25 00:00:00-05:00,3.1886340140160074,3.2301528453826904,3.180330287337963,3.2301528453826904,15800,0.0,0.0
2016-11-28 00:00:00-05:00,3.255064183007152,3.255064183007152,3.022559626788994,3.047470808029175,70600,0.0,0.0
2016-11-29 00:00:00-05:00,3.0806857950534727,3.1222044315144744,2.9561296876939918,2.989344596862793,61400,0.0,0.0
2016-11-30 00:00:00-05:00,3.0225597557743917,3.0225597557743917,2.8896999188472665,2.9146111011505127,74700,0.0,0.0
2016-12-01 00:00:00-05:00,2.8980036985270408,3.072382175769947,2.8398776054382324,2.8398776054382324,59300,0.0,0.0
2016-12-02 00:00:00-05:00,3.0723811479342555,3.2716707412590833,2.8813952794156115,3.1554183959960938,182700,0.0,0.0
2016-12-05 00:00:00-05:00,3.080685542552599,3.271671452595989,3.080685542552599,3.2052414417266846,105700,0.0,0.0
2016-12-06 00:00:00-05:00,3.2301532368085186,3.263368147545637,3.10559712356784,3.238456964492798,72600,0.0,0.0
2016-12-07 00:00:00-05:00,3.246760826339536,3.313190650558782,3.1969382601986087,3.271672010421753,148100,0.0,0.0
2016-12-08 00:00:00-05:00,3.2882790409281304,3.3214939487392887,3.279975313975341,3.313190221786499,132500,0.0,0.0
2016-12-09 00:00:00-05:00,3.3214938201432176,3.387923633193615,3.288278913618019,3.3297977447509766,265500,0.0,0.0
2016-12-12 00:00:00-05:00,3.354708726668416,3.354708726668416,3.3214938201432176,3.3297977447509766,101300,0.0,0.0
2016-12-13 00:00:00-05:00,3.3630125697448636,3.3630125697448636,3.163722739472243,3.188633918762207,115400,0.0,0.0
2016-12-14 00:00:00-05:00,3.155419027057909,3.271671395570562,3.1471153005910377,3.1637227535247803,50900,0.0,0.0
2016-12-15 00:00:00-05:00,3.1886340140160074,3.238456572060735,3.1471153806257846,3.2301528453826904,125400,0.0,0.0
2016-12-16 00:00:00-05:00,3.2550644874572754,3.3214943103110195,3.2301533038871213,3.2550644874572754,141300,0.0,0.0
2016-12-19 00:00:00-05:00,3.288278190871451,3.288278190871451,3.1388109463837264,3.1554183959960938,91700,0.0,0.0
2016-12-20 00:00:00-05:00,3.1886338615902994,3.2633675960966766,3.1554189564658874,3.221848964691162,92100,0.0,0.0
2016-12-21 00:00:00-05:00,3.1720264799916515,3.2550639426368195,3.155419027057909,3.1637227535247803,87600,0.0,0.0
2016-12-22 00:00:00-05:00,3.155419195890048,3.1969378304458775,3.0889893806007205,3.147115468978882,144900,0.0,0.0
2016-12-23 00:00:00-05:00,3.122204950083804,3.1388124074265495,2.9893450933653307,3.014256477355957,1278500,0.0,0.0
2016-12-27 00:00:00-05:00,3.1055962315738843,3.13881113277097,3.0723813303767993,3.088988780975342,122800,0.0,0.0
2016-12-28 00:00:00-05:00,3.122204265098975,3.1305079919485816,3.039166996602911,3.055774450302124,83300,0.0,0.0
2016-12-29 00:00:00-05:00,3.0806856464140298,3.0972931001971404,3.0225595581731417,3.0308632850646973,68400,0.0,0.0
2016-12-30 00:00:00-05:00,3.030863130842197,3.0557743102492823,2.972736847582543,3.022559404373169,151700,0.0,0.0
2017-01-03 00:00:00-05:00,3.055774450302124,3.1139005382493687,3.022559542903698,3.055774450302124,75300,0.0,0.0
2017-01-04 00:00:00-05:00,3.0640782621892955,3.072381989269356,3.030863353869054,3.047470808029175,80200,0.0,0.0
2017-01-05 00:00:00-05:00,3.0723819040013365,3.0889893577005494,3.039166996602911,3.055774450302124,99200,0.0,0.0
2017-01-06 00:00:00-05:00,3.080685630850943,3.080685630850943,3.055774450302124,3.055774450302124,93000,0.0,0.0
2017-01-09 00:00:00-05:00,2.989344452630455,3.088989373305585,2.906307183714901,3.0308632850646973,104900,0.0,0.0
2017-01-10 00:00:00-05:00,3.005951574360081,3.0889890320793385,3.005951574360081,3.064077854156494,44200,0.0,0.0
2017-01-11 00:00:00-05:00,3.030863130842197,3.072381763187339,2.972736847582543,3.022559404373169,71300,0.0,0.0
2017-01-12 00:00:00-05:00,2.9810403474511133,3.030862900454533,2.8980030890728137,2.9229142665863037,62100,0.0,0.0
2017-01-13 00:00:00-05:00,2.9561296358073403,2.981040817246695,2.922914727221534,2.9478259086608887,54800,0.0,0.0
2017-01-17 00:00:00-05:00,2.914610553094887,2.9395217307139014,2.8813956496028674,2.898003101348877,56900,0.0,0.0
2017-01-18 00:00:00-05:00,2.922914448577224,2.931218174932073,2.873092090448129,2.8813958168029785,30100,0.0,0.0
2017-01-19 00:00:00-05:00,2.889699280853741,2.997647713668073,2.8647881040504335,2.931217908859253,504200,0.0,0.0
2017-01-20 00:00:00-05:00,2.9229143635288666,2.997647898547979,2.8730920068494585,2.8896994590759277,66200,0.0,0.0
2017-01-23 00:00:00-05:00,2.9312176998084127,2.9644325998439767,2.8481804497195027,2.8564841747283936,117100,0.0,0.0
2017-01-24 00:00:00-05:00,2.8481804497195027,2.956128874835086,2.8232692746928296,2.8564841747283936,143300,0.0,0.0
2017-01-25 00:00:00-05:00,2.88969950260863,2.989344217468573,2.8149659664636735,2.956129312515259,166700,0.0,0.0
2017-01-26 00:00:00-05:00,2.939522283453759,2.9976483754946672,2.898003646281682,2.9146111011505127,82500,0.0,0.0
2017-01-27 00:00:00-05:00,2.93121803032603,2.9395217562712306,2.80666214114802,2.8481807708740234,75100,0.0,0.0
2017-01-30 00:00:00-05:00,2.8149659361306414,2.8315733884283425,2.7900545597076416,2.7900545597076416,56300,0.0,0.0
2017-01-31 00:00:00-05:00,2.7900553148665983,2.8066629696357905,2.715321759299489,2.7402329444885254,92800,0.0,0.0
2017-02-01 00:00:00-05:00,2.773446928056158,2.773446928056158,2.6488910438782014,2.6654984951019287,47600,0.0,0.0
2017-02-02 00:00:00-05:00,2.6654988178649135,2.6654988178649135,2.6073727315434287,2.6571950912475586,80900,0.0,0.0
2017-02-03 00:00:00-05:00,2.690410037723562,2.7568398516502177,2.690410037723562,2.7236249446868896,47600,0.0,0.0
2017-02-06 00:00:00-05:00,2.723624647236262,2.723624647236262,2.665498566398464,2.6821060180664062,41600,0.0,0.0
2017-02-07 00:00:00-05:00,2.690410012654337,2.690410012654337,2.6156764726832162,2.632283926010132,88100,0.0,0.0
2017-02-08 00:00:00-05:00,2.6156763905448845,2.6571950225583922,2.5160314757360123,2.5658538341522217,164000,0.0,0.0
2017-02-09 00:00:00-05:00,2.5575500125083304,2.6904098279804116,2.507727655947467,2.673802375793457,119000,0.0,0.0
2017-02-10 00:00:00-05:00,2.6987133026123047,2.7153207532518047,2.6488909506938048,2.6987133026123047,45200,0.0,0.0
2017-02-13 00:00:00-05:00,2.7319285165354317,2.7402322428054666,2.6821061589152206,2.7153210639953613,41800,0.0,0.0
2017-02-14 00:00:00-05:00,2.7153210062608433,2.748535910634752,2.648891197513026,2.673802375793457,44600,0.0,0.0
2017-02-15 00:00:00-05:00,2.66549864969998,2.7402321845412745,2.615676293139117,2.673802375793457,33600,0.0,0.0
2017-02-16 00:00:00-05:00,2.6571950225583922,2.682106201766497,2.540942654944117,2.5658538341522217,75600,0.0,0.0
2017-02-17 00:00:00-05:00,2.5907650133603264,2.6073726641421833,2.5326389285414157,2.5658538341522217,119600,0.0,0.0
2017-02-21 00:00:00-05:00,2.590765245838254,2.6488915338494827,2.5658540643947867,2.64058780670166,42900,0.0,0.0
2017-02-22 00:00:00-05:00,2.6322835926544736,2.69040967193752,2.5990686902070186,2.6654984951019287,36900,0.0,0.0
2017-02-23 00:00:00-05:00,2.632284114809637,2.7153213874000306,2.6156766602915584,2.707017660140991,39900,0.0,0.0
2017-02-24 00:00:00-05:00,2.698713932881952,2.7153213874000306,2.632284114809637,2.707017660140991,80300,0.0,0.0
2017-02-27 00:00:00-05:00,2.6987131467609844,2.7153205964414,2.6571945225599447,2.6904094219207764,42600,0.0,0.0
2017-02-28 00:00:00-05:00,2.6654988326639635,2.698713739317795,2.6156764726832162,2.632283926010132,160900,0.0,0.0
2017-03-01 00:00:00-05:00,2.6654982474001527,2.6987131467609844,2.623979623199113,2.6904094219207764,86400,0.0,0.0
2017-03-02 00:00:00-05:00,2.6821060180664062,2.7070171955683198,2.6405873888965505,2.6821060180664062,64300,0.0,0.0
2017-03-03 00:00:00-05:00,2.6738025593274215,2.698713739317795,2.607372746019758,2.632283926010132,41100,0.0,0.0
2017-03-06 00:00:00-05:00,2.6073728981103708,2.6571952609973053,2.6073728981103708,2.64058780670166,125100,0.0,0.0
2017-03-07 00:00:00-05:00,2.632284079553838,2.6488915338494827,2.582461518690432,2.64058780670166,155900,0.0,0.0
2017-03-08 00:00:00-05:00,2.657194676013555,2.7568393798505544,2.623979774734555,2.6987133026123047,81300,0.0,0.0
2017-03-09 00:00:00-05:00,2.64058780670166,2.6821064424407726,2.582461518690432,2.64058780670166,72100,0.0,0.0
2017-03-10 00:00:00-05:00,2.6322833020242187,2.6571944761093684,2.5741570311824553,2.5990684032440186,100700,0.0,0.0
2017-03-13 00:00:00-04:00,2.5907651686445643,2.6322840011230646,2.5658539879433433,2.57415771484375,99700,0.0,0.0
2017-03-14 00:00:00-04:00,2.5741567886110968,2.673801673538241,2.5575493407859717,2.623979330062866,79700,0.0,0.0
2017-03-15 00:00:00-04:00,2.6322838559304276,2.6322838559304276,2.5907650257420403,2.6156764030456543,60500,0.0,0.0
2017-03-16 00:00:00-04:00,2.6322835926544736,2.6987133975493838,2.615676141430746,2.6654984951019287,151900,0.0,0.0
2017-03-17 00:00:00-04:00,2.640587072879529,2.7402317709620236,2.640587072879529,2.6904094219207764,164800,0.0,0.0
2017-03-20 00:00:00-04:00,2.6821064424407726,2.748536259623352,2.599069170962548,2.64058780670166,116700,0.0,0.0
2017-03-21 00:00:00-04:00,2.6239806237949175,2.8149665659242955,2.540943145751953,2.540943145751953,115900,0.0,0.0
2017-03-22 00:00:00-04:00,2.5409426401354156,2.6073726489463254,2.449601650238037,2.449601650238037,189000,0.0,0.0
2017-03-23 00:00:00-04:00,2.4579053909171016,2.6239801169475863,2.4579053909171016,2.5658538341522217,598800,0.0,0.0
2017-03-24 00:00:00-04:00,2.5824612869576247,2.5824612869576247,2.4911202965279076,2.5658538341522217,244000,0.0,0.0
2017-03-27 00:00:00-04:00,2.557549820586803,2.557549820586803,2.4911200168239556,2.4994237422943115,153800,0.0,0.0
2017-03-28 00:00:00-04:00,2.4911197842319552,2.6073721279390685,2.4745123348418554,2.5990684032440186,294100,0.0,0.0
2017-03-29 00:00:00-04:00,2.6156758526341184,2.6239795773291683,2.5575495817923555,2.5990684032440186,136700,0.0,0.0
2017-03-30 00:00:00-04:00,2.6073727349780382,2.6156764616063315,2.53263899734694,2.582461357116699,125200,0.0,0.0
2017-03-31 00:00:00-04:00,2.582461299299654,2.6488913088152004,2.5492463935301077,2.6156764030456543,154800,0.0,0.0
2017-04-03 00:00:00-04:00,2.6156768957882703,2.6156768957882703,2.532639417745306,2.540943145751953,104000,0.0,0.0
2017-04-04 00:00:00-04:00,2.5326390118517232,2.5741576452309722,2.5077278318241736,2.5575501918792725,151200,0.0,0.0
2017-04-05 00:00:00-04:00,2.549246168091021,2.6073724460238634,2.482816362426558,2.516031265258789,140100,0.0,0.0
2017-04-06 00:00:00-04:00,2.482816666295794,2.5492464800905297,2.482816666295794,2.5326390266418457,270400,0.0,0.0
2017-04-07 00:00:00-04:00,2.5077275050334458,2.5990686845412663,2.491120053845921,2.5907647609710693,95500,0.0,0.0
2017-04-10 00:00:00-04:00,2.5492464800905297,2.657195125483437,2.4994241197444778,2.5326390266418457,188700,0.0,0.0
2017-04-11 00:00:00-04:00,2.53263899734694,2.6156764616063315,2.53263899734694,2.582461357116699,72800,0.0,0.0
2017-04-12 00:00:00-04:00,2.5658539879433433,2.5907651686445643,2.532639080341715,2.57415771484375,91200,0.0,0.0
2017-04-13 00:00:00-04:00,2.5575502068148714,2.5741576602635554,2.5160315731931617,2.5326390266418457,106700,0.0,0.0
2017-04-17 00:00:00-04:00,2.5160316265409013,2.582461441744157,2.5160316265409013,2.57415771484375,66500,0.0,0.0
2017-04-18 00:00:00-04:00,2.549246708926654,2.607372999191284,2.5160317990477106,2.607372999191284,42000,0.0,0.0
2017-04-19 00:00:00-04:00,2.5824613680529245,2.6488913793370474,2.5824613680529245,2.632283926010132,230800,0.0,0.0
2017-04-20 00:00:00-04:00,2.623979861322553,2.6488910381038404,2.55754985859602,2.5907647609710693,147100,0.0,0.0
2017-04-21 00:00:00-04:00,2.5907650837449925,2.6239801882346248,2.5409427239752334,2.582461357116699,227200,0.0,0.0
2017-04-24 00:00:00-04:00,2.6322835926544736,2.69040967193752,2.6073724158188822,2.6654984951019287,88900,0.0,0.0
2017-04-25 00:00:00-04:00,2.6821061150934877,2.698713567362216,2.6239800321529376,2.6488912105560303,166600,0.0,0.0
2017-04-26 00:00:00-04:00,2.6322835926544736,2.69040967193752,2.6322835926544736,2.6654984951019287,73400,0.0,0.0
2017-04-27 00:00:00-04:00,2.640587225374055,2.7900542811295543,2.640587225374055,2.6987133026123047,79400,0.0,0.0
2017-04-28 00:00:00-04:00,2.6987136674695194,2.6987136674695194,2.607372676603268,2.6156764030456543,99900,0.0,0.0
2017-05-01 00:00:00-04:00,2.5990686902070186,2.6738022207137924,2.5990686902070186,2.6654984951019287,133500,0.0,0.0
2017-05-02 00:00:00-04:00,2.6654988326639635,2.7070174659812527,2.632283926010132,2.632283926010132,102300,0.0,0.0
2017-05-03 00:00:00-04:00,2.632283926010132,2.6488913793370474,2.5824613680529245,2.632283926010132,73200,0.0,0.0
2017-05-04 00:00:00-04:00,2.648891197513026,2.6904098279804116,2.615676293139117,2.673802375793457,83800,0.0,0.0
2017-05-05 00:00:00-04:00,2.6738025842418978,2.7319286714277218,2.64058767727857,2.7236249446868896,59400,0.0,0.0
2017-05-08 00:00:00-04:00,2.6904105741104525,2.748536672884871,2.682106845714107,2.7402329444885254,74200,0.0,0.0
2017-05-09 00:00:00-04:00,2.8149658306945144,3.022559174616703,2.8149658306945144,2.9229142665863037,168400,0.0,0.0
2017-05-10 00:00:00-04:00,2.9146104576570484,2.9727365368647654,2.8813955552526385,2.931217908859253,81300,0.0,0.0
2017-05-11 00:00:00-04:00,2.91461097677174,3.072381989269356,2.9063072496916798,3.047470808029175,141200,0.0,0.0
2017-05-12 00:00:00-04:00,2.881396053443511,3.1139006084506495,2.881396053443511,3.0723819732666016,215700,0.0,0.0
2017-05-15 00:00:00-04:00,3.1222044240022884,3.288279167423187,3.1222044240022884,3.180330514907837,213200,0.0,0.0
2017-05-16 00:00:00-04:00,3.2301525324548552,3.238456258328459,3.130507623995171,3.1388113498687744,92500,0.0,0.0
2017-05-17 00:00:00-04:00,3.105596669063453,3.155419027877623,2.997648026989628,3.022559404373169,96700,0.0,0.0
2017-05-18 00:00:00-04:00,3.0889900353983126,3.122204950083804,2.9561301786798393,3.014256477355957,81800,0.0,0.0
2017-05-19 00:00:00-04:00,2.989344512079052,3.0308633453389726,2.8481811521153184,2.997648239135742,130600,0.0,0.0
2017-05-22 00:00:00-04:00,2.956129603852291,3.0640782535657336,2.956129603852291,2.997648239135742,61100,0.0,0.0
2017-05-23 00:00:00-04:00,2.997647848385799,3.1305076619507455,2.997647848385799,3.064077854156494,80200,0.0,0.0
2017-05-24 00:00:00-04:00,3.0391669666351584,3.113900507544705,3.0391669666351584,3.1055967807769775,92900,0.0,0.0
2017-05-25 00:00:00-04:00,3.0889894347358045,3.0889894347358045,2.956129603852291,2.997648239135742,60000,0.0,0.0
2017-05-26 00:00:00-04:00,2.9893450933653307,3.0474713920414485,2.964433907351212,3.014256477355957,101800,0.0,0.0
2017-05-30 00:00:00-04:00,3.005952051447194,3.0308634313002702,2.9146110512329897,2.989344596862793,123600,0.0,0.0
2017-05-31 00:00:00-04:00,3.0142558312815866,3.0640781926309186,2.9644332719557887,3.0308632850646973,34200,0.0,0.0
2017-06-01 00:00:00-04:00,3.04747066048925,3.2716714787729133,3.04747066048925,3.2301528453826904,76900,0.0,0.0
2017-06-02 00:00:00-04:00,3.230152294697084,3.462656800020758,3.230152294697084,3.4045305252075195,137400,0.0,0.0
2017-06-05 00:00:00-04:00,3.3796197368020584,3.446049542624223,3.2301524757257503,3.3381009101867676,116800,0.0,0.0
2017-06-06 00:00:00-04:00,3.2799751869867193,3.363012651276175,3.25506400709282,3.3297977447509766,72700,0.0,0.0
2017-06-07 00:00:00-04:00,3.3297974785552467,3.454353170090862,3.255063746871568,3.3048861026763916,53900,0.0,0.0
2017-06-08 00:00:00-04:00,3.2965821882620006,3.437745521639493,3.288278462769207,3.3713157176971436,85400,0.0,0.0
2017-06-09 00:00:00-04:00,3.3713158416644657,3.4543530996457816,3.3131897610775445,3.3630123138427734,112000,0.0,0.0
2017-06-12 00:00:00-04:00,3.363012096871938,3.4875677778315364,3.363012096871938,3.4045305252075195,90500,0.0,0.0
2017-06-13 00:00:00-04:00,3.4294419715866535,3.4792643242160097,3.404530597295545,3.421138048171997,58200,0.0,0.0
2017-06-14 00:00:00-04:00,3.4294429184481885,3.462657829371655,3.3547091708939027,3.3796205520629883,64800,0.0,0.0
2017-06-15 00:00:00-04:00,3.363012096871938,3.495871701070365,3.313189547321101,3.4045305252075195,82700,0.0,0.0
2017-06-16 00:00:00-04:00,3.3464056223649172,3.396227988470595,3.2301532368085186,3.238456964492798,253400,0.0,0.0
2017-06-19 00:00:00-04:00,3.238456679211393,3.346405327574124,3.238456679211393,3.313190221786499,91800,0.0,0.0
2017-06-20 00:00:00-04:00,3.2965831756591797,3.3547092715187445,3.2633682637394283,3.2965831756591797,76200,0.0,0.0
2017-06-21 00:00:00-04:00,3.304886922531376,3.329798304590086,3.2550645543669416,3.271672010421753,86300,0.0,0.0
2017-06-22 00:00:00-04:00,3.2467599963892,3.3962272606515507,3.2467599963892,3.354708433151245,48300,0.0,0.0
2017-06-23 00:00:00-04:00,3.3630128275862017,3.446050098252528,3.2799753589434055,3.4294426441192627,522200,0.0,0.0
2017-06-26 00:00:00-04:00,3.404531140917109,3.520783315614943,3.371316233860585,3.437746047973633,77800,0.0,0.0
2017-06-27 00:00:00-04:00,3.4460504055023193,3.4875688465607966,3.3962280386603623,3.4460504055023193,85300,0.0,0.0
2017-06-28 00:00:00-04:00,3.4792647516436244,3.5623020162270103,3.454353374292153,3.5207831859588623,78100,0.0,0.0
2017-06-29 00:00:00-04:00,3.5207836293900163,3.570606390367972,3.4294428248206716,3.4543538093566895,45700,0.0,0.0
2017-06-30 00:00:00-04:00,3.4709607689932227,3.4709607689932227,3.387923505802553,3.412834882736206,28500,0.0,0.0
2017-07-03 00:00:00-04:00,3.454353903664303,3.4709613591260364,3.3547091708939027,3.3796205520629883,8000,0.0,0.0
2017-07-05 00:00:00-04:00,3.27167101178362,3.412834543137544,3.238456109812445,3.3713157176971436,48500,0.0,0.0
2017-07-06 00:00:00-04:00,3.338100815725969,3.412834543137544,3.313189639247588,3.3713157176971436,37700,0.0,0.0
2017-07-07 00:00:00-04:00,3.363012096871938,3.4045305252075195,3.363012096871938,3.4045305252075195,27800,0.0,0.0
2017-07-10 00:00:00-04:00,3.3962273865727646,3.4294422914233573,3.346405029296875,3.346405029296875,19500,0.0,0.0
2017-07-11 00:00:00-04:00,3.3713160099583708,3.412834838998061,3.3381011051077776,3.346405029296875,27400,0.0,0.0
2017-07-12 00:00:00-04:00,3.338101746034925,3.462657861116305,3.338101746034925,3.4460504055023193,20900,0.0,0.0
2017-07-13 00:00:00-04:00,3.4377457925308814,3.4626571689486894,3.3381010787654404,3.3962273597717285,21100,0.0,0.0
2017-07-14 00:00:00-04:00,3.387924112876882,3.4875688465607966,3.363013127432391,3.4460504055023193,35200,0.0,0.0
2017-07-17 00:00:00-04:00,3.4626566133898415,3.4875675898579637,3.44604916376015,3.4709601402282715,23300,0.0,0.0
2017-07-18 00:00:00-04:00,3.4709613909468104,3.520783757788768,3.412835494274348,3.4460504055023193,15300,0.0,0.0
2017-07-19 00:00:00-04:00,3.4377461732094257,3.4875685356092214,3.4294426441192627,3.4294426441192627,9900,0.0,0.0
2017-07-20 00:00:00-04:00,3.4211381964532555,3.4211381964532555,3.338100938471939,3.3630123138427734,75100,0.0,0.0
2017-07-21 00:00:00-04:00,3.387923462383667,3.387923462383667,3.313189926469833,3.346405029296875,84900,0.0,0.0
2017-07-24 00:00:00-04:00,3.3381009101867676,3.37131581309785,3.288278555820144,3.3381009101867676,25100,0.0,0.0
2017-07-25 00:00:00-04:00,3.346405002889008,3.553998354543458,3.3214936264712,3.3962273597717285,27900,0.0,0.0
2017-07-26 00:00:00-04:00,3.396227914804008,3.495872644853999,3.3796204597956767,3.4543538093566895,46000,0.0,0.0
2017-07-27 00:00:00-04:00,3.462657023420353,3.462657023420353,3.3464048622465103,3.3630123138427734,32400,0.0,0.0
2017-07-28 00:00:00-04:00,3.3464056411395218,3.404531537279103,3.3381017154321695,3.3796205520629883,29700,0.0,0.0
2017-07-31 00:00:00-04:00,3.4045309148089635,3.4626571962739505,3.3381011051077776,3.346405029296875,19400,0.0,0.0
2017-08-01 00:00:00-04:00,3.387923336770336,3.387923336770336,3.3214935295321544,3.354708433151245,38300,0.0,0.0
2017-08-02 00:00:00-04:00,3.3630131974751736,3.3796206534350492,3.271671991719366,3.2965831756591797,40600,0.0,0.0
2017-08-03 00:00:00-04:00,3.271671991719366,3.3131906316190554,3.2467608077795527,3.2965831756591797,24800,0.0,0.0
2017-08-04 00:00:00-04:00,3.321493390469024,3.487567901611328,3.321493390469024,3.487567901611328,40800,0.0,0.0
2017-08-07 00:00:00-04:00,3.553998925485489,3.553998925485489,2.922914845016316,3.0059521198272705,426400,0.0,0.0
2017-08-08 00:00:00-04:00,2.972737209902889,3.039167227728132,2.972737209902889,3.0059521198272705,72300,0.0,0.0
2017-08-09 00:00:00-04:00,2.989344512079052,3.0225596182822825,2.9644333309089816,2.997648239135742,53700,0.0,0.0
2017-08-10 00:00:00-04:00,2.9976479437069012,3.014255594160008,2.931218133800273,2.956129312515259,141900,0.0,0.0
2017-08-11 00:00:00-04:00,2.9727370901002432,3.0308633781018752,2.922914727221534,2.9478259086608887,108000,0.0,0.0
2017-08-14 00:00:00-04:00,2.9644334716680305,3.097293308860076,2.9312185618641386,3.08068585395813,42300,0.0,0.0
2017-08-15 00:00:00-04:00,3.130508062524269,3.1886341517819363,3.0723819732666016,3.0723819732666016,38900,0.0,0.0
2017-08-16 00:00:00-04:00,3.0723817210202586,3.17202643728102,3.0640779946651953,3.097292900085449,50000,0.0,0.0
2017-08-17 00:00:00-04:00,3.072381763187339,3.105596669063453,2.9893443005206,3.022559404373169,70100,0.0,0.0
2017-08-18 00:00:00-04:00,2.9976481795220105,3.0557744657393635,2.9976481795220105,3.0308632850646973,46900,0.0,0.0
2017-08-21 00:00:00-04:00,3.030863130842197,3.039166857311226,2.9893443005206,3.022559404373169,100500,0.0,0.0
2017-08-22 00:00:00-04:00,3.0557744201706134,3.113900507544705,3.0557744201706134,3.1055967807769775,39400,0.0,0.0
2017-08-23 00:00:00-04:00,3.0723819732666016,3.10559688141384,3.047470792156173,3.0723819732666016,39600,0.0,0.0
2017-08-24 00:00:00-04:00,3.1055966264405126,3.155418984570893,3.0640779946651953,3.097292900085449,33000,0.0,0.0
2017-08-25 00:00:00-04:00,3.130507623995171,3.1554188016159816,3.122203898121567,3.1388113498687744,14000,0.0,0.0
2017-08-28 00:00:00-04:00,3.1388113623512255,3.1388113623512255,3.1055964587247216,3.1139001846313477,14700,0.0,0.0
2017-08-29 00:00:00-04:00,3.113900101220101,3.172026181009474,3.113900101220101,3.122203826904297,24100,0.0,0.0
2017-08-30 00:00:00-04:00,3.1222039105379733,3.1305076364445994,3.1055964587247216,3.1139001846313477,13600,0.0,0.0
2017-08-31 00:00:00-04:00,3.147115088257851,3.180329991884355,3.08898900691147,3.1139001846313477,74300,0.0,0.0
2017-09-01 00:00:00-04:00,3.1139000182513534,3.1969372728808167,3.088988841862514,3.130507469177246,44400,0.0,0.0
2017-09-05 00:00:00-04:00,3.1305075525884933,3.1886336323778663,3.122203826904297,3.122203826904297,19600,0.0,0.0
2017-09-06 00:00:00-04:00,3.1305076364445994,3.163722540071103,3.1139001846313477,3.1139001846313477,30800,0.0,0.0
2017-09-07 00:00:00-04:00,3.1139006084506495,3.1471155165978884,3.047470792156173,3.0723819732666016,53500,0.0,0.0
2017-09-08 00:00:00-04:00,3.0723819732666016,3.0889894273402208,3.030863338082553,3.0723819732666016,99100,0.0,0.0
2017-09-11 00:00:00-04:00,3.080685630850943,3.138811718798188,3.0308632697533047,3.055774450302124,98600,0.0,0.0
2017-09-12 00:00:00-04:00,3.064077854156494,3.122203935976464,3.064077854156494,3.064077854156494,29800,0.0,0.0
2017-09-13 00:00:00-04:00,3.0474704022079315,3.0889890320793385,3.0474704022079315,3.064077854156494,42300,0.0,0.0
2017-09-14 00:00:00-04:00,3.047470241603889,3.047470241603889,2.9810402393341064,2.9810402393341064,73400,0.0,0.0
2017-09-15 00:00:00-04:00,2.989343964870775,3.0308627905305516,2.964432788260769,2.9810402393341064,248300,0.0,0.0
2017-09-18 00:00:00-04:00,2.989344520492283,3.0640782621892955,2.9727370663321624,3.047470808029175,15800,0.0,0.0
2017-09-19 00:00:00-04:00,3.039166996602911,3.0889893577005494,3.0308632697533047,3.055774450302124,29300,0.0,0.0
2017-09-20 00:00:00-04:00,3.0308629502593685,3.0806853061050568,3.0308629502593685,3.064077854156494,17000,0.0,0.0
2017-09-21 00:00:00-04:00,3.0557738797782563,3.1055962315738843,3.0474701544789853,3.088988780975342,37800,0.0,0.0
2017-09-22 00:00:00-04:00,3.1055964587247216,3.1388113623512255,3.08898900691147,3.1139001846313477,23300,0.0,0.0
2017-09-25 00:00:00-04:00,3.10559688141384,3.130508062524269,3.0557745191929824,3.0723819732666016,28100,0.0,0.0
2017-09-26 00:00:00-04:00,3.0723817210202586,3.1222040791506394,3.0723817210202586,3.097292900085449,31900,0.0,0.0
2017-09-27 00:00:00-04:00,3.0972930205575175,3.238456572060735,3.0972930205575175,3.2301528453826904,49300,0.0,0.0
2017-09-28 00:00:00-04:00,3.2384562288943597,3.3630123138427734,3.205241127725394,3.3630123138427734,54400,0.0,0.0
2017-09-29 00:00:00-04:00,3.313189733003456,3.3796197368020584,3.313189733003456,3.3381009101867676,61000,0.0,0.0
2017-10-02 00:00:00-04:00,3.3630123138427734,3.3796197654390365,3.2965823094812814,3.3630123138427734,44800,0.0,0.0
2017-10-03 00:00:00-04:00,3.346404465981998,3.4875675898579637,3.338100543190736,3.4709601402282715,71200,0.0,0.0
2017-10-04 00:00:00-04:00,3.4792653167302907,3.4875688465607966,3.4045315684908677,3.4460504055023193,20600,0.0,0.0
2017-10-05 00:00:00-04:00,3.4626570460521493,3.487568025632922,3.4294421426425314,3.479264497756958,27400,0.0,0.0
2017-10-06 00:00:00-04:00,3.470960573928113,3.487568025632922,3.20524114867473,3.479264497756958,51400,0.0,0.0
2017-10-09 00:00:00-04:00,3.470961081475956,3.512479914785589,3.379620281719467,3.4294426441192627,33900,0.0,0.0
2017-10-10 00:00:00-04:00,3.4543539353328248,3.4543539353328248,3.387924112876882,3.4460504055023193,20300,0.0,0.0
2017-10-11 00:00:00-04:00,3.454353501501895,3.487568408558419,3.421138594445371,3.437746047973633,34800,0.0,0.0
2017-10-12 00:00:00-04:00,3.4626571689486894,3.4792646212429297,3.3630124551832483,3.3962273597717285,87500,0.0,0.0
2017-10-13 00:00:00-04:00,3.404531140917109,3.4958723332990123,3.321493873275799,3.437746047973633,46700,0.0,0.0
2017-10-16 00:00:00-04:00,3.421138594445371,3.4792648797707506,3.371316233860585,3.437746047973633,21600,0.0,0.0
2017-10-17 00:00:00-04:00,3.4626574516296387,3.512479812579707,3.4543535268281635,3.4626574516296387,37300,0.0,0.0
2017-10-18 00:00:00-04:00,3.4875675898579637,3.537390334699871,3.4543526905985797,3.4709601402282715,53100,0.0,0.0
2017-10-19 00:00:00-04:00,3.462656800020758,3.4792642505455613,3.371315624157913,3.4045305252075195,42100,0.0,0.0
2017-10-20 00:00:00-04:00,3.4377454262571265,3.45435287678193,3.3879230746827163,3.4045305252075195,16700,0.0,0.0
2017-10-23 00:00:00-04:00,3.4128346397131404,3.479264445535305,3.3381009101867676,3.3381009101867676,7100,0.0,0.0
2017-10-24 00:00:00-04:00,3.3464048622465103,3.4377456480495185,3.3297974106502473,3.3630123138427734,13500,0.0,0.0
2017-10-25 00:00:00-04:00,3.329797593281653,3.3962274033102218,3.3214936690516317,3.3879234790802,15300,0.0,0.0
2017-10-26 00:00:00-04:00,3.42113826622098,3.429442190164894,3.3048861026763916,3.3048861026763916,14400,0.0,0.0
2017-10-27 00:00:00-04:00,3.3048866478037553,3.4128353011629997,3.196937994444511,3.3214941024780273,55900,0.0,0.0
2017-10-30 00:00:00-04:00,3.321493980537643,3.321493980537643,3.25506416427936,3.2633678913116455,21200,0.0,0.0
2017-10-31 00:00:00-04:00,3.271671311530205,3.404530931587342,3.2633675852766344,3.3879234790802,36200,0.0,0.0
2017-11-01 00:00:00-04:00,3.4377456480495185,3.4377456480495185,3.3131897610775445,3.3630123138427734,11800,0.0,0.0
2017-11-02 00:00:00-04:00,3.4377458196595563,3.454353272084853,3.304886200257185,3.346405029296875,57800,0.0,0.0
2017-11-03 00:00:00-04:00,3.3297981856777885,3.404531537279103,3.304886804508703,3.3796205520629883,34300,0.0,0.0
2017-11-06 00:00:00-05:00,3.387923336770336,3.421138240389427,3.3214935295321544,3.354708433151245,13200,0.0,0.0
2017-11-07 00:00:00-05:00,3.3879232848872713,3.3879232848872713,3.2052411198034463,3.2135448455810547,45100,0.0,0.0
2017-11-08 00:00:00-05:00,3.238456417253368,3.255063869815574,3.1803301353091964,3.221848964691162,20100,0.0,0.0
2017-11-09 00:00:00-05:00,3.2716714603554196,3.3796201045387746,3.238456553830221,3.3297977447509766,26400,0.0,0.0
2017-11-10 00:00:00-05:00,3.3214935546113327,3.3796198343600703,3.296582376708921,3.3048861026763916,16600,0.0,0.0
2017-11-13 00:00:00-05:00,3.3131905824543013,3.3131905824543013,3.2301533038871213,3.2550644874572754,31300,0.0,0.0
2017-11-14 00:00:00-05:00,3.2301533702847243,3.304886922531376,3.180330804143797,3.271672010421753,27700,0.0,0.0
2017-11-15 00:00:00-05:00,3.2384567102147894,3.3131902535053577,3.2135453311414643,3.2633678913116455,30300,0.0,0.0
2017-11-16 00:00:00-05:00,3.2882790409281304,3.4128351431964408,3.2550641331169725,3.313190221786499,37700,0.0,0.0
2017-11-17 00:00:00-05:00,3.2799754657923472,3.3547090118265714,3.271671738455211,3.3214941024780273,40000,0.0,0.0
2017-11-20 00:00:00-05:00,3.3381017154321695,3.404531537279103,3.3297981856777885,3.3796205520629883,40300,0.0,0.0
2017-11-21 00:00:00-05:00,3.404531140917109,3.4460499727142264,3.3796201586011785,3.437746047973633,28200,0.0,0.0
2017-11-22 00:00:00-05:00,3.4460495718240898,3.4460495718240898,3.3630123138427734,3.3630123138427734,39700,0.0,0.0
2017-11-24 00:00:00-05:00,3.363012190180782,3.4045306196683183,3.3547082667115564,3.3713157176971436,7900,0.0,0.0
2017-11-27 00:00:00-05:00,3.3796205830463766,3.462657861116305,3.363013127432391,3.4460504055023193,35300,0.0,0.0
2017-11-28 00:00:00-05:00,3.454353278906654,3.736680366647144,3.3796199408216827,3.703465461730957,119800,0.0,0.0
2017-11-29 00:00:00-05:00,3.7283756315860552,3.8031093493706676,3.628730938508448,3.7366795539855957,84700,0.0,0.0
2017-11-30 00:00:00-05:00,3.7366801025031102,3.8446287338263336,3.5706055896618984,3.7532875537872314,91700,0.0,0.0
2017-12-01 00:00:00-05:00,3.7781997173593216,3.8197181562598366,3.570606334997885,3.7698957920074463,34400,0.0,0.0
2017-12-04 00:00:00-05:00,3.786503470278216,3.786503470278216,3.5955175313935417,3.628732442855835,27900,0.0,0.0
2017-12-05 00:00:00-05:00,3.637036198669996,3.6536436536247603,3.5041761630789234,3.529087543487549,35000,0.0,0.0
2017-12-06 00:00:00-05:00,3.52908716239099,3.620428352754985,3.4709608783497354,3.570605993270874,33600,0.0,0.0
2017-12-07 00:00:00-05:00,3.5290866021199716,3.6536426790324237,3.346404646347134,3.4045305252075195,124900,0.0,0.0
2017-12-08 00:00:00-05:00,3.4294423353743397,3.4626572406506075,3.404530958440687,3.412834882736206,15000,0.0,0.0
2017-12-11 00:00:00-05:00,3.429442780805741,3.6287322383479563,3.404531400636486,3.5789098739624023,83800,0.0,0.0
2017-12-12 00:00:00-05:00,3.5872140301894992,3.645339927736825,3.5290877366891924,3.5373916625976562,22200,0.0,0.0
2017-12-13 00:00:00-05:00,3.537391155781754,3.603820969719884,3.537391155781754,3.5872135162353516,18800,0.0,0.0
2017-12-14 00:00:00-05:00,3.5872133759767726,3.720072998658276,3.5290870930771603,3.5539984703063965,37000,0.0,0.0
2017-12-15 00:00:00-05:00,3.5373907774835067,3.728376274154658,3.5373907774835067,3.7200727462768555,128100,0.0,0.0
2017-12-18 00:00:00-05:00,3.7366804677805643,3.7366804677805643,3.5706059387048144,3.5955169200897217,43200,0.0,0.0
2017-12-19 00:00:00-05:00,3.5706060372387425,3.63703585070223,3.5373911305069985,3.5623021125793457,33300,0.0,0.0
2017-12-20 00:00:00-05:00,3.5789095915166236,3.612124498485689,3.5456946845475583,3.5872135162353516,26600,0.0,0.0
2017-12-21 00:00:00-05:00,3.5789102452735277,3.6536439975819457,3.5706067149909235,3.6121251583099365,31000,0.0,0.0
2017-12-22 00:00:00-05:00,3.6121248182613703,3.6121248182613703,3.5041761630789234,3.529087543487549,23900,0.0,0.0
2017-12-26 00:00:00-05:00,3.512478962278917,3.545693861538301,3.387922892079812,3.4709601402282715,32300,0.0,0.0
2017-12-27 00:00:00-05:00,3.5041759014129643,3.5290872799613924,3.462657465102823,3.504175901412964,21400,0.0,0.0
2017-12-28 00:00:00-05:00,3.5041762657212976,3.512480191418393,3.479265280535952,3.495872735977173,9900,0.0,0.0
2017-12-29 00:00:00-05:00,3.504175887778232,3.52908726622973,3.4128350906795704,3.4626574516296387,39500,0.0,0.0
2018-01-02 00:00:00-05:00,3.462656800020758,3.50417522835634,3.4045305252075195,3.4045305252075195,29200,0.0,0.0
2018-01-03 00:00:00-05:00,3.396227430098072,3.4294423353743397,3.387923505802553,3.412834882736206,15400,0.0,0.0
2018-01-04 00:00:00-05:00,3.44604959434734,3.487568025632922,3.4211382188136863,3.479264497756958,22400,0.0,0.0
2018-01-05 00:00:00-05:00,3.4792640630195333,3.5041750394876554,3.4377452409688876,3.4709601402282715,107900,0.0,0.0
2018-01-08 00:00:00-05:00,3.446049788012474,3.446049788012474,3.3713160531644193,3.412834882736206,32600,0.0,0.0
2018-01-09 00:00:00-05:00,3.4128344484463478,3.4792642505455613,3.3547081736331092,3.4045305252075195,34100,0.0,0.0
2018-01-10 00:00:00-05:00,3.38792381080963,3.4294426441192627,3.3630128275862017,3.4294426441192627,30700,0.0,0.0
2018-01-11 00:00:00-05:00,3.421138594445371,3.4460499727142264,3.404531140917109,3.437746047973633,6500,0.0,0.0
2018-01-12 00:00:00-05:00,3.4377463543483575,3.4709612643650214,3.41283536981234,3.4543538093566895,13400,0.0,0.0
2018-01-16 00:00:00-05:00,3.454353627342691,3.54569482305212,3.4294426441192627,3.4294426441192627,29500,0.0,0.0
2018-01-17 00:00:00-05:00,3.437745670518495,3.495871949461767,3.3879233154040684,3.479264497756958,29900,0.0,0.0
2018-01-18 00:00:00-05:00,3.4377454262571265,3.4875677778315364,3.3879230746827163,3.4045305252075195,25800,0.0,0.0
2018-01-19 00:00:00-05:00,3.3879233154040684,3.487568025632922,3.3879233154040684,3.479264497756958,82100,0.0,0.0
2018-01-22 00:00:00-05:00,3.4792643740306466,3.5124792762591075,3.4460494718021857,3.487567901611328,16600,0.0,0.0
2018-01-23 00:00:00-05:00,3.4626574516296387,3.4958723589296845,3.4294425443295933,3.4626574516296387,2700,0.0,0.0
2018-01-24 00:00:00-05:00,3.479265280535952,3.5290876468596135,3.4377464439564154,3.495872735977173,12600,0.0,0.0
2018-01-25 00:00:00-05:00,3.529087543487549,3.5373914689414105,3.4792651786232565,3.529087543487549,16200,0.0,0.0
2018-01-26 00:00:00-05:00,3.5207833742233157,3.6868583082234108,3.479264937687991,3.603821039199829,38500,0.0,0.0
2018-01-29 00:00:00-05:00,3.595516904417912,3.595516904417912,3.504175715847924,3.5539984703063965,19000,0.0,0.0
2018-01-30 00:00:00-05:00,3.5539985838728705,3.620428397336358,3.545694659213474,3.5623021125793457,6300,0.0,0.0
2018-01-31 00:00:00-05:00,3.578910104281035,3.6038214860534468,3.5041763549167806,3.5373916625976562,57800,0.0,0.0
2018-02-01 00:00:00-05:00,3.5373916625976562,3.5955175601449825,3.5290877366891924,3.5373916625976562,13300,0.0,0.0
2018-02-02 00:00:00-05:00,3.5041762657212976,3.5456951023008343,3.4875688102800773,3.495872735977173,24000,0.0,0.0
2018-02-05 00:00:00-05:00,3.446050098252528,3.5041759897424867,3.4128351899859974,3.4294426441192627,45600,0.0,0.0
2018-02-06 00:00:00-05:00,3.363012168080846,3.553998051136474,3.279974715722155,3.421138048171997,98000,0.0,0.0
2018-02-07 00:00:00-05:00,3.4045311658780952,3.4792649052796616,3.4045311658780952,3.4626574516296387,24200,0.0,0.0
2018-02-08 00:00:00-05:00,3.4709607416159107,3.4709607416159107,3.3879234790802,3.3879234790802,49300,0.0,0.0
2018-02-09 00:00:00-05:00,3.4128351899859974,3.470961081475956,3.2301529965436098,3.4294426441192627,33300,0.0,0.0
2018-02-12 00:00:00-05:00,3.3962272392329136,3.487568025632922,3.3962272392329136,3.479264497756958,25000,0.0,0.0
2018-02-13 00:00:00-05:00,3.437745921375476,3.53739103482845,3.437745921375476,3.5207831859588623,10000,0.0,0.0
2018-02-14 00:00:00-05:00,3.479264638928596,3.5456944484432302,3.479264638928596,3.512479543685913,22000,0.0,0.0
2018-02-15 00:00:00-05:00,3.5539991184616038,3.5539991184616038,3.4958728249612974,3.5373916625976562,21000,0.0,0.0
2018-02-16 00:00:00-05:00,3.5124796574769785,3.570605940661804,3.5041757330421848,3.5207831859588623,12500,0.0,0.0
2018-02-20 00:00:00-05:00,3.5041756195201352,3.5456944484432302,3.479264638928596,3.512479543685913,15300,0.0,0.0
2018-02-21 00:00:00-05:00,3.53739177465209,3.553999231042114,3.487569009529024,3.5456953048706055,16300,0.0,0.0
2018-02-22 00:00:00-05:00,3.570605940661804,3.570605940661804,3.3131900245003965,3.5207831859588623,76800,0.0,0.0
2018-02-23 00:00:00-05:00,3.5456946845475583,3.595517045001156,3.537391155781754,3.5872135162353516,12900,0.0,0.0
2018-02-26 00:00:00-05:00,3.595517045001156,3.595517045001156,3.5456946845475583,3.5872135162353516,6600,0.0,0.0
2018-02-27 00:00:00-05:00,3.5623020687137306,3.5872134464322443,3.5456946155523603,3.570605993270874,11000,0.0,0.0
2018-02-28 00:00:00-05:00,3.562302187390677,3.6038210196537475,3.4792649188174654,3.504175901412964,36000,0.0,0.0
2018-03-01 00:00:00-05:00,3.51247982624675,3.7200731956562434,3.338101364266541,3.504175901412964,52900,0.0,0.0
2018-03-02 00:00:00-05:00,3.4709613548388565,3.5207837211625184,3.454353899397636,3.495872735977173,71800,0.0,0.0
2018-03-05 00:00:00-05:00,3.4709612531693947,3.5706063788509392,3.4709612531693947,3.529087543487549,30100,0.0,0.0
2018-03-06 00:00:00-05:00,3.529087205847602,3.5955170193110897,3.4958722991158586,3.5623021125793457,16300,0.0,0.0
2018-03-07 00:00:00-05:00,3.5373907774835067,3.736680197985342,3.520782929822139,3.7200727462768555,58000,0.0,0.0
2018-03-08 00:00:00-05:00,3.661947147938325,3.67855460273351,3.5623024191672177,3.5789098739624023,29000,0.0,0.0
2018-03-09 00:00:00-05:00,3.620428493004545,3.653643400613978,3.5789096605162887,3.603821039199829,25800,0.0,0.0
2018-03-12 00:00:00-04:00,3.5623028092280262,3.65364401857959,3.5623028092280262,3.6370365619659424,23600,0.0,0.0
2018-03-13 00:00:00-04:00,3.6121251583099365,3.6702514541001503,3.6038216280273323,3.6121251583099365,19100,0.0,0.0
2018-03-14 00:00:00-04:00,3.67025128016019,3.67025128016019,3.6038214572356035,3.628732442855835,36700,0.0,0.0
2018-03-15 00:00:00-04:00,3.6536436536247603,3.6619471831256627,3.404531433350338,3.529087543487549,139200,0.0,0.0
2018-03-16 00:00:00-04:00,3.4958722045603015,3.545694563310333,3.4875682801255077,3.5207831859588623,215000,0.0,0.0
2018-03-19 00:00:00-04:00,3.512480191418393,3.55399902799793,3.454353899397636,3.495872735977173,113600,0.0,0.0
2018-03-20 00:00:00-04:00,3.5207827534307086,3.5456941277218172,3.3962270698337496,3.421138048171997,127100,0.0,0.0
2018-03-21 00:00:00-04:00,3.4211383840944847,3.6038207576259484,3.371316026573058,3.3879234790802,106400,0.0,0.0
2018-03-22 00:00:00-04:00,3.354708574065916,3.4626572133387903,3.354708574065916,3.3879234790802,47200,0.0,0.0
2018-03-23 00:00:00-04:00,3.3796202353852824,3.4211386721727632,3.3048864948337098,3.313190221786499,197600,0.0,0.0
2018-03-26 00:00:00-04:00,3.3297976480577955,3.379620006398814,3.2301527333993043,3.288278818130493,132400,0.0,0.0
2018-03-27 00:00:00-04:00,3.2965821882620006,3.4045306196683183,3.288278462769207,3.3713157176971436,85000,0.0,0.0
2018-03-28 00:00:00-04:00,3.3630124982959373,3.404530931587342,3.3131899427980605,3.3879234790802,53300,0.0,0.0
2018-03-29 00:00:00-04:00,3.379619365241382,3.5290864119086094,3.379619365241382,3.4709601402282715,71000,0.0,0.0
2018-04-02 00:00:00-04:00,3.4709612643650214,3.612124829912321,3.404531444331694,3.4543538093566895,101000,0.0,0.0
2018-04-03 00:00:00-04:00,3.479264638928596,3.520783071898794,3.446049734171279,3.512479543685913,116600,0.0,0.0
2018-04-04 00:00:00-04:00,3.4626577236684923,3.5623024533970775,3.4626577236684923,3.529087543487549,96100,0.0,0.0
2018-04-05 00:00:00-04:00,3.5789090807160293,3.5789090807160293,3.4792643740306466,3.487567901611328,53400,0.0,0.0
2018-04-06 00:00:00-04:00,3.487568025632922,3.5290868528713846,3.454353122223304,3.479264497756958,73900,0.0,0.0
2018-04-09 00:00:00-04:00,3.4709612643650214,3.504176174381685,3.4460502798290036,3.4543538093566895,77500,0.0,0.0
2018-04-10 00:00:00-04:00,3.4709604504970977,3.529086727373338,3.4709604504970977,3.487567901611328,104100,0.0,0.0
2018-04-11 00:00:00-04:00,3.4709604504970977,3.529086727373338,3.462656922916416,3.487567901611328,85800,0.0,0.0
2018-04-12 00:00:00-04:00,3.4792643740306466,3.5124792762591075,3.4543529993828677,3.487567901611328,79200,0.0,0.0
2018-04-13 00:00:00-04:00,3.4792648797707506,3.5456946938837985,3.4294425191859643,3.437746047973633,72200,0.0,0.0
2018-04-16 00:00:00-04:00,3.4792649052796616,3.5207833414282548,3.4543535268281635,3.4626574516296387,88100,0.0,0.0
2018-04-17 00:00:00-04:00,3.462656922916416,3.537390650906887,3.4460494718021857,3.487567901611328,150900,0.0,0.0
2018-04-18 00:00:00-04:00,3.5041759014129643,3.51247982624675,3.4709609939836796,3.504175901412964,45700,0.0,0.0
2018-04-19 00:00:00-04:00,3.4958720913072545,3.5290869960645717,3.4958720913072545,3.512479543685913,127000,0.0,0.0
2018-04-20 00:00:00-04:00,3.4875682801255077,3.553998487745127,3.4709608272088306,3.5207831859588623,157300,0.0,0.0
2018-04-23 00:00:00-04:00,3.5207831840291792,3.645339278812447,3.504175731121604,3.5955169200897217,104500,0.0,0.0
2018-04-24 00:00:00-04:00,3.6121248174992133,3.6785546373042535,3.6121248174992133,3.6453397274017334,52600,0.0,0.0
2018-04-25 00:00:00-04:00,3.61212464941229,3.6951619203045265,3.562302286876948,3.661947011947632,63600,0.0,0.0
2018-04-26 00:00:00-04:00,3.678554128385767,3.711769033693091,3.628731770424782,3.6951615810394287,49100,0.0,0.0
2018-04-27 00:00:00-04:00,3.6868587653731844,3.695162295328668,3.5290877366891924,3.5373916625976562,79100,0.0,0.0
2018-04-30 00:00:00-04:00,3.545694752906856,3.8197179386611415,3.5124798452974235,3.603821039199829,44800,0.0,0.0
2018-05-01 00:00:00-04:00,3.5623019987475364,3.5789094515827244,3.5290870930771603,3.5539984703063965,190500,0.0,0.0
2018-05-02 00:00:00-04:00,3.5539984857972393,3.637035750335114,3.5290871084594215,3.5955169200897217,37500,0.0,0.0
2018-05-03 00:00:00-04:00,3.587213525680916,3.6287319615251086,3.238456605634489,3.437746047973633,81000,0.0,0.0
2018-05-04 00:00:00-04:00,3.4211386328397526,3.5456947336760347,3.4211386328397526,3.504175901412964,32200,0.0,0.0
2018-05-07 00:00:00-04:00,3.4875685356092214,3.4875685356092214,3.4294426441192627,3.4294426441192627,47700,0.0,0.0
2018-05-08 00:00:00-04:00,3.4460498458102697,3.5207831859588623,3.429442392893592,3.5207831859588623,43300,0.0,0.0
2018-05-09 00:00:00-04:00,3.529087110393656,3.529087110393656,3.4875682801255077,3.5207831859588623,50500,0.0,0.0
2018-05-10 00:00:00-04:00,3.5207827534307086,3.5207827534307086,3.363012168080846,3.421138048171997,81700,0.0,0.0
2018-05-11 00:00:00-04:00,3.4294426441192627,3.462657552385793,3.404531264942895,3.4294426441192627,49900,0.0,0.0
2018-05-14 00:00:00-04:00,3.421138340236641,3.487568149413602,3.346405002889008,3.3962273597717285,90100,0.0,0.0
2018-05-15 00:00:00-04:00,3.3879239211751155,3.3879239211751155,3.3214941024780273,3.3214941024780273,52400,0.0,0.0
2018-05-16 00:00:00-04:00,3.3464049052229146,3.454353144008518,3.3381009813416997,3.354708433151245,34900,0.0,0.0
2018-05-17 00:00:00-04:00,3.363012096871938,3.421137975732323,3.346404646347134,3.4045305252075195,50500,0.0,0.0
2018-05-18 00:00:00-04:00,3.4294425191859643,3.4460499727142264,3.404531140917109,3.437746047973633,60800,0.0,0.0
2018-05-21 00:00:00-04:00,3.4460499979796158,3.512479812579707,3.3879237122280723,3.4626574516296387,50700,0.0,0.0
2018-05-22 00:00:00-04:00,3.4377457925308814,3.4709606971193616,3.387923435648161,3.3962273597717285,32400,0.0,0.0
2018-05-23 00:00:00-04:00,3.387923168682731,3.4460494451087187,3.338100815725969,3.3713157176971436,78500,0.0,0.0
2018-05-24 00:00:00-04:00,3.363012168080846,3.4626568733395575,3.338100793789737,3.421138048171997,56000,0.0,0.0
2018-05-25 00:00:00-04:00,3.412834882736206,3.446049788012474,3.387923505802553,3.412834882736206,34500,0.0,0.0
2018-05-29 00:00:00-04:00,3.3796198088420053,3.421138240389427,3.3381009813416997,3.354708433151245,33700,0.0,0.0
2018-05-30 00:00:00-04:00,3.363012651276175,3.404531086456214,3.3297977447509766,3.3297977447509766,38200,0.0,0.0
2018-05-31 00:00:00-04:00,3.3297975768715786,3.387923462383667,3.3297975768715786,3.346405029296875,23500,0.0,0.0
2018-06-01 00:00:00-04:00,3.363012495353314,3.363012495353314,3.1886338482280014,3.246760129928589,82200,0.0,0.0
2018-06-04 00:00:00-04:00,3.246760406164183,3.3214939487392887,3.238456679211393,3.313190221786499,30000,0.0,0.0
2018-06-05 00:00:00-04:00,3.30488683612562,3.3214942917462325,3.2633681970740898,3.279975652694702,36100,0.0,0.0
2018-06-06 00:00:00-04:00,3.246760020904097,3.3297974785552467,3.246760020904097,3.3048861026763916,212000,0.0,0.0
2018-06-07 00:00:00-04:00,3.2882785836831494,3.3713158416644657,3.180329950330999,3.3630123138427734,237200,0.0,0.0
2018-06-08 00:00:00-04:00,3.3547082667115564,3.4045306196683183,3.3214933647403817,3.3713157176971436,71800,0.0,0.0
2018-06-11 00:00:00-04:00,3.3630128275862017,3.470961081475956,3.338101448409834,3.4294426441192627,75500,0.0,0.0
2018-06-12 00:00:00-04:00,3.421138340236641,3.429442264360209,3.387923435648161,3.3962273597717285,47100,0.0,0.0
2018-06-13 00:00:00-04:00,3.4377464482025695,3.4377464482025695,3.3713166263556364,3.3796205520629883,44500,0.0,0.0
2018-06-14 00:00:00-04:00,3.3713157176971436,3.421138070653906,3.346404739195195,3.3713157176971436,66600,0.0,0.0
2018-06-15 00:00:00-04:00,3.3214939487392887,3.4128351431964408,3.29658276788092,3.313190221786499,190800,0.0,0.0
2018-06-18 00:00:00-04:00,3.3214936690516317,3.4211383840944847,3.3214936690516317,3.3879234790802,56000,0.0,0.0
2018-06-19 00:00:00-04:00,3.387923168682731,3.437745521639493,3.3547082667115564,3.3713157176971436,76200,0.0,0.0
2018-06-20 00:00:00-04:00,3.36301235703246,3.4294421642706414,3.3464049052229146,3.354708433151245,46500,0.0,0.0
2018-06-21 00:00:00-04:00,3.3713157176971436,3.396227092151957,3.346404739195195,3.3713157176971436,131800,0.0,0.0
2018-06-22 00:00:00-04:00,3.3713165343150306,3.504176174381685,3.3630130047873448,3.4543538093566895,448700,0.0,0.0
2018-06-25 00:00:00-04:00,3.396227914804008,3.4626577348373355,3.3547090793066987,3.4543538093566895,58000,0.0,0.0
2018-06-26 00:00:00-04:00,3.470960400801353,3.4875678516778046,3.363012168080846,3.421138048171997,78700,0.0,0.0
2018-06-27 00:00:00-04:00,3.4128345207102018,3.4626568733395575,3.387923146419093,3.421138048171997,21700,0.0,0.0
2018-06-28 00:00:00-04:00,3.3962269979215445,3.4460493494959548,3.363012096871938,3.4045305252075195,82700,0.0,0.0
2018-06-29 00:00:00-04:00,3.3962269979215445,3.421137975732323,3.3962269979215445,3.4045305252075195,34900,0.0,0.0
2018-07-02 00:00:00-04:00,3.354708244666189,3.421138048171997,3.354708244666189,3.421138048171997,133000,0.0,0.0
2018-07-03 00:00:00-04:00,3.4211382188136863,3.479264497756958,3.404530767108877,3.479264497756958,79100,0.0,0.0
2018-07-05 00:00:00-04:00,3.470960980478186,3.52908726622973,3.346405276079479,3.4626574516296387,147100,0.0,0.0
2018-07-06 00:00:00-04:00,3.5041759014129643,3.520783355127606,3.4709609939836796,3.504175901412964,132100,0.0,0.0
2018-07-09 00:00:00-04:00,3.5290869960645717,3.5789093532005474,3.470960714762818,3.512479543685913,52200,0.0,0.0
2018-07-10 00:00:00-04:00,3.537390650906887,3.5706055531353478,3.4709604504970977,3.487567901611328,38100,0.0,0.0
2018-07-11 00:00:00-04:00,3.4958727723442764,3.512480227958262,3.4460504055023193,3.4460504055023193,27000,0.0,0.0
2018-07-12 00:00:00-04:00,3.454353899397636,3.537391572556709,3.446050369653511,3.495872735977173,39200,0.0,0.0
2018-07-13 00:00:00-04:00,3.4875688145877697,3.4875688145877697,3.363013096601255,3.3796205520629883,70100,0.0,0.0
2018-07-16 00:00:00-04:00,3.3630124551832483,3.421138340236641,3.3630124551832483,3.3962273597717285,69000,0.0,0.0
2018-07-17 00:00:00-04:00,3.387923435648161,3.4543532448251213,3.3630124551832483,3.3962273597717285,47300,0.0,0.0
2018-07-18 00:00:00-04:00,3.379619547396741,3.45435287678193,3.363012096871938,3.4045305252075195,40100,0.0,0.0
2018-07-19 00:00:00-04:00,3.4128344484463478,3.5124791515951683,3.3879230746827163,3.4045305252075195,30000,0.0,0.0
2018-07-20 00:00:00-04:00,3.396227092151957,3.421138070653906,3.3214933647403817,3.3713157176971436,61200,0.0,0.0
2018-07-23 00:00:00-04:00,3.3713166263556364,3.421138992740836,3.363013096601255,3.3796205520629883,27000,0.0,0.0
2018-07-24 00:00:00-04:00,3.3879240818173697,3.404531537279103,3.3713166263556364,3.3796205520629883,20800,0.0,0.0
2018-07-25 00:00:00-04:00,3.4045306196683183,3.437745521639493,3.3713157176971436,3.3713157176971436,28400,0.0,0.0
2018-07-26 00:00:00-04:00,3.346404646347134,3.4128344484463478,3.346404646347134,3.4045305252075195,22000,0.0,0.0
2018-07-27 00:00:00-04:00,3.412834543137544,3.412834543137544,3.363012190180782,3.3713157176971436,30900,0.0,0.0
2018-07-30 00:00:00-04:00,3.363012190180782,3.396227092151957,3.363012190180782,3.3713157176971436,55100,0.0,0.0
2018-07-31 00:00:00-04:00,3.3962269979215445,3.4294418989711515,3.363012096871938,3.4045305252075195,48200,0.0,0.0
2018-08-01 00:00:00-04:00,3.404531537279103,3.4294429184481885,3.363013096601255,3.3796205520629883,12300,0.0,0.0
2018-08-02 00:00:00-04:00,3.379619547396741,3.421137975732323,3.3214932725835027,3.4045305252075195,48500,0.0,0.0
2018-08-03 00:00:00-04:00,3.3962272606515507,3.479264519699278,3.3464049052229146,3.354708433151245,37400,0.0,0.0
2018-08-06 00:00:00-04:00,3.446049788012474,3.57060588077493,3.34640507218367,3.412834882736206,107600,0.0,0.0
2018-08-07 00:00:00-04:00,3.4377460731781406,3.553998644681228,3.379620183379525,3.4626574516296387,33700,0.0,0.0
2018-08-08 00:00:00-04:00,3.470960955030157,3.4792648797707506,3.421138594445371,3.437746047973633,133100,0.0,0.0
2018-08-09 00:00:00-04:00,3.487568719373353,3.5207836293900163,3.421138899340026,3.4543538093566895,140600,0.0,0.0
2018-08-10 00:00:00-04:00,3.4460505665304604,3.595517674040678,3.4377466403589514,3.5456953048706055,71400,0.0,0.0
2018-08-13 00:00:00-04:00,3.5539991184616038,3.5955175601449825,3.5290877366891924,3.5373916625976562,53500,0.0,0.0
2018-08-14 00:00:00-04:00,3.553998487745127,3.578909469143688,3.5041757330421848,3.5207831859588623,25400,0.0,0.0
2018-08-15 00:00:00-04:00,3.5290864119086094,3.5290864119086094,3.4377452409688876,3.4709601402282715,44500,0.0,0.0
2018-08-16 00:00:00-04:00,3.4460494718021857,3.5456941784875684,3.4045306460401763,3.487567901611328,58300,0.0,0.0
2018-08-17 00:00:00-04:00,3.4792647516436244,3.53739103482845,3.4792647516436244,3.5207831859588623,27900,0.0,0.0
2018-08-20 00:00:00-04:00,3.512479543685913,3.5290869960645717,3.446049734171279,3.512479543685913,42700,0.0,0.0
2018-08-21 00:00:00-04:00,3.529087110393656,3.53739103482845,3.4958722045603015,3.5207831859588623,15100,0.0,0.0
2018-08-22 00:00:00-04:00,3.529087205847602,3.5789095659452177,3.51247975248173,3.5623021125793457,65000,0.0,0.0
2018-08-23 00:00:00-04:00,3.5373916625976562,3.5623026484170874,3.520783810780728,3.5373916625976562,46900,0.0,0.0
2018-08-24 00:00:00-04:00,3.537391086948133,3.6121244281978417,3.52908716239099,3.570605993270874,145800,0.0,0.0
2018-08-27 00:00:00-04:00,3.570606062750819,3.6370358766889495,3.570606062750819,3.5872135162353516,88000,0.0,0.0
2018-08-28 00:00:00-04:00,3.6038214572356035,3.637036368697897,3.553999090042164,3.628732442855835,209400,0.0,0.0
2018-08-29 00:00:00-04:00,3.628731538691947,3.944273514913737,3.628731538691947,3.935969591140747,207100,0.0,0.0
2018-08-30 00:00:00-04:00,3.9691852652903727,4.193386080956271,3.9442738875706436,4.11865234375,162100,0.0,0.0
2018-08-31 00:00:00-04:00,4.093741722084872,4.1186531044053725,4.077134265855536,4.110349178314209,108400,0.0,0.0
2018-09-04 00:00:00-04:00,4.110347876163759,4.301333760273657,4.085436897688,4.268118858337402,288200,0.0,0.0
2018-09-05 00:00:00-04:00,4.226600761991666,4.392675284761264,4.226600761991666,4.309638023376465,96100,0.0,0.0
2018-09-06 00:00:00-04:00,4.035614968499822,4.425890305203901,3.985792610364381,4.392675399780273,131000,0.0,0.0
2018-09-07 00:00:00-04:00,4.392675843919354,4.4840170410462,4.367764860309361,4.442498207092285,162500,0.0,0.0
2018-09-10 00:00:00-04:00,4.484016093583719,4.525534522811938,4.243207857820316,4.317941188812256,191500,0.0,0.0
2018-09-11 00:00:00-04:00,4.31794223427937,4.31794223427937,4.243208885192871,4.243208885192871,120000,0.0,0.0
2018-09-12 00:00:00-04:00,4.251511623721307,4.367764182366955,4.110348085332225,4.151866912841797,137700,0.0,0.0
2018-09-13 00:00:00-04:00,4.151868038285237,4.218297863545321,4.0937417432061665,4.135260581970215,83700,0.0,0.0
2018-09-14 00:00:00-04:00,4.151868150601809,4.160172076960453,4.135260693837521,4.143564224243164,84700,0.0,0.0
2018-09-17 00:00:00-04:00,4.151866912841797,4.160170836724864,4.027310826265966,4.151866912841797,76100,0.0,0.0
2018-09-18 00:00:00-04:00,4.151866909792118,4.168474361593171,4.0771331787109375,4.0771331787109375,72100,0.0,0.0
2018-09-19 00:00:00-04:00,4.060526809626199,4.151868016864046,4.035615823258689,4.110349178314209,73000,0.0,0.0
2018-09-20 00:00:00-04:00,4.1103484191924515,4.193386080956271,4.102044890587819,4.11865234375,52000,0.0,0.0
2018-09-21 00:00:00-04:00,4.102045097576282,4.226601200554174,3.9359701616214458,3.9774889945983887,235600,0.0,0.0
2018-09-24 00:00:00-04:00,3.927667552724158,3.9608824685057256,3.794807889597887,3.911060094833374,61600,0.0,0.0
2018-09-25 00:00:00-04:00,3.894452661665776,4.010704867639268,3.819718902706301,3.8363263607025146,92200,0.0,0.0
2018-09-26 00:00:00-04:00,3.819717879259106,3.9442739788339205,3.7532880650733187,3.89445161819458,77600,0.0,0.0
2018-09-27 00:00:00-04:00,3.8944510466494844,3.977488302195268,3.803109867572689,3.927665948867798,44100,0.0,0.0
2018-09-28 00:00:00-04:00,3.9027544389822686,4.027310515961033,3.877843461158228,3.969184637069702,54000,0.0,0.0
2018-10-01 00:00:00-04:00,3.944274264867289,4.010704083870476,3.720073427755056,3.7698957920074463,113000,0.0,0.0
2018-10-02 00:00:00-04:00,3.7615909252314044,3.8031093493706676,3.6702497586005243,3.7366795539855957,42700,0.0,0.0
2018-10-03 00:00:00-04:00,3.736680008696004,3.7948062847076387,3.736680008696004,3.7865023612976074,40200,0.0,0.0
2018-10-04 00:00:00-04:00,3.7698950050713527,3.803109907639595,3.7366801025031102,3.7532875537872314,36800,0.0,0.0
2018-10-05 00:00:00-04:00,3.744983903695303,3.7532874310894795,3.6287313525539653,3.670250177383423,39900,0.0,0.0
2018-10-08 00:00:00-04:00,3.670250924530195,3.695161907736669,3.553998745676456,3.6204285621643066,41900,0.0,0.0
2018-10-09 00:00:00-04:00,3.5955175313935417,3.6868587358913367,3.5955175313935417,3.628732442855835,46600,0.0,0.0
2018-10-10 00:00:00-04:00,3.6370357523285133,3.6785541866437512,3.5124796574769785,3.5207831859588623,66200,0.0,0.0
2018-10-11 00:00:00-04:00,3.4958715126492255,3.6951609082055286,3.4626566133898415,3.4709601402282715,64400,0.0,0.0
2018-10-12 00:00:00-04:00,3.5041750394876554,3.612123660057069,3.4709601402282715,3.4709601402282715,57700,0.0,0.0
2018-10-15 00:00:00-04:00,3.462657550029192,3.6453395453707813,3.379620279419379,3.6204285621643066,77000,0.0,0.0
2018-10-16 00:00:00-04:00,3.6370358059163554,3.736680524884578,3.5623020687137306,3.570605993270874,59000,0.0,0.0
2018-10-17 00:00:00-04:00,3.5623020687137306,3.620428352754985,3.51247970922962,3.570605993270874,19900,0.0,0.0
2018-10-18 00:00:00-04:00,3.545693861538301,3.612123660057069,3.4626566133898415,3.4709601402282715,23900,0.0,0.0
2018-10-19 00:00:00-04:00,3.446049788012474,3.5290870512031436,3.412834882736206,3.412834882736206,30600,0.0,0.0
2018-10-22 00:00:00-04:00,3.4460499727142264,3.4958723332990123,3.4128350656577027,3.437746047973633,30300,0.0,0.0
2018-10-23 00:00:00-04:00,3.4128345207102018,3.437745499048449,3.371315695542641,3.421138048171997,88600,0.0,0.0
2018-10-24 00:00:00-04:00,3.3962269979215445,3.50417522835634,3.3962269979215445,3.4045305252075195,35900,0.0,0.0
2018-10-25 00:00:00-04:00,3.512480099862331,3.512480099862331,3.41283536981234,3.4543538093566895,61900,0.0,0.0
2018-10-26 00:00:00-04:00,3.4294418989711515,3.4294418989711515,3.379619547396741,3.4045305252075195,38100,0.0,0.0
2018-10-29 00:00:00-04:00,3.4294419715866535,3.470960400801353,3.371315695542641,3.421138048171997,38300,0.0,0.0
2018-10-30 00:00:00-04:00,3.4045303417095036,3.4792640630195333,3.3713154424501197,3.4709601402282715,29400,0.0,0.0
2018-10-31 00:00:00-04:00,3.5041756742694905,3.5041756742694905,3.387923505802553,3.412834882736206,26500,0.0,0.0
2018-11-01 00:00:00-04:00,3.404530958440687,3.4294423353743397,3.3713160531644193,3.412834882736206,38700,0.0,0.0
2018-11-02 00:00:00-04:00,3.404530958440687,3.454353316355089,3.404530958440687,3.412834882736206,41000,0.0,0.0
2018-11-05 00:00:00-05:00,3.4128345207102018,3.4460494224631057,3.404530597295545,3.421138048171997,39500,0.0,0.0
2018-11-06 00:00:00-05:00,3.4294426441192627,3.446050098252528,3.404531264942895,3.4294426441192627,29300,0.0,0.0
2018-11-07 00:00:00-05:00,3.4543539353328248,3.4543539353328248,3.412835494274348,3.4460504055023193,32300,0.0,0.0
2018-11-08 00:00:00-05:00,3.412834882736206,3.446049788012474,3.404530958440687,3.412834882736206,22100,0.0,0.0
2018-11-09 00:00:00-05:00,3.470960327306733,3.470960327306733,3.3879230746827163,3.4045305252075195,32600,0.0,0.0
2018-11-12 00:00:00-05:00,3.3630124982959373,3.446049760831648,3.3381011215587737,3.3879234790802,41600,0.0,0.0
2018-11-13 00:00:00-05:00,3.421138411078821,3.421138411078821,3.379619977459938,3.412834882736206,29000,0.0,0.0
2018-11-14 00:00:00-05:00,3.4294418989711515,3.4377454262571265,3.3962269979215445,3.4045305252075195,29400,0.0,0.0
2018-11-15 00:00:00-05:00,3.4045311658780952,3.470960980478186,3.4045311658780952,3.4626574516296387,22900,0.0,0.0
2018-11-16 00:00:00-05:00,3.4626580229204844,3.5789102176506535,3.429443110140436,3.5456953048706055,100300,0.0,0.0
2018-11-19 00:00:00-05:00,3.5623022067115726,4.209993697001373,3.5290872991021396,3.603821039199829,170800,0.0,0.0
2018-11-20 00:00:00-05:00,3.54569519255314,3.8612372499211243,3.4045316197330955,3.5373916625976562,102700,0.0,0.0
2018-11-21 00:00:00-05:00,3.5290864119086094,3.537390334699871,3.4626566133898415,3.4709601402282715,25200,0.0,0.0
2018-11-23 00:00:00-05:00,3.4626574262424885,3.4958723332990123,3.404531140917109,3.437746047973633,16400,0.0,0.0
2018-11-26 00:00:00-05:00,3.4543538093566895,3.512480099862331,3.3796204597956767,3.4543538093566895,39500,0.0,0.0
2018-11-27 00:00:00-05:00,3.4377461732094257,3.4875685356092214,3.4294426441192627,3.4294426441192627,32000,0.0,0.0
2018-11-28 00:00:00-05:00,3.4377452409688876,3.5041750394876554,3.412834264500766,3.4709601402282715,39100,0.0,0.0
2018-11-29 00:00:00-05:00,3.4626571865499374,3.562301900821889,3.446049734171279,3.512479543685913,78800,0.0,0.0
2018-11-30 00:00:00-05:00,3.537391609355728,3.562302594800219,3.4460504055023193,3.4460504055023193,61400,0.0,0.0
2018-12-03 00:00:00-05:00,3.512479812579707,3.512479812579707,3.4460499979796158,3.4626574516296387,42500,0.0,0.0
2018-12-04 00:00:00-05:00,3.4709607689932227,3.537390975498662,3.396227430098072,3.412834882736206,65000,0.0,0.0
2018-12-06 00:00:00-05:00,3.4211390241048534,3.4543539353328248,3.363013127432391,3.4460504055023193,55400,0.0,0.0
2018-12-07 00:00:00-05:00,3.421138594445371,3.4792648797707506,3.421138594445371,3.437746047973633,125800,0.0,0.0
2018-12-10 00:00:00-05:00,3.4460494718021857,3.529086727373338,3.4211380971544068,3.487567901611328,41200,0.0,0.0
2018-12-11 00:00:00-05:00,3.4875688465607966,3.562302594800219,3.4294429498883336,3.4460504055023193,43100,0.0,0.0
2018-12-12 00:00:00-05:00,3.5456946845475583,3.6619468589392863,3.4377460389216346,3.5872135162353516,128700,0.0,0.0
2018-12-13 00:00:00-05:00,3.612125130430702,3.6453400432107506,3.53739177465209,3.5456953048706055,33800,0.0,0.0
2018-12-14 00:00:00-05:00,3.4626574516296387,3.578909627179798,3.4294425443295933,3.4626574516296387,63300,0.0,0.0
2018-12-17 00:00:00-05:00,3.41283536981234,3.487568719373353,3.41283536981234,3.4543538093566895,50100,0.0,0.0
2018-12-18 00:00:00-05:00,3.4958728249612974,3.5623026484170874,3.429443001505507,3.5373916625976562,68100,0.0,0.0
2018-12-19 00:00:00-05:00,3.5623027612606295,3.628732586820726,3.512480392090557,3.5456953048706055,35300,0.0,0.0
2018-12-20 00:00:00-05:00,3.5290869960645717,3.553998372609008,3.470960714762818,3.512479543685913,80800,0.0,0.0
2018-12-21 00:00:00-05:00,3.5041763021747823,3.5539990649697137,3.3796205830463766,3.4460504055023193,141700,0.0,0.0
2018-12-24 00:00:00-05:00,3.4460499727142264,3.4958723332990123,3.3962276121294406,3.437746047973633,44400,0.0,0.0
2018-12-26 00:00:00-05:00,3.4792647516436244,3.545694563310333,3.4211384684587984,3.5207831859588623,49900,0.0,0.0
2018-12-27 00:00:00-05:00,3.470961081475956,3.4958724606523237,3.404531264942895,3.4294426441192627,62400,0.0,0.0
2018-12-28 00:00:00-05:00,3.4211380971544068,3.487567901611328,3.4045306460401763,3.487567901611328,39500,0.0,0.0
2018-12-31 00:00:00-05:00,3.4958722045603015,3.578909469143688,3.4709608272088306,3.5207831859588623,53300,0.0,0.0
2019-01-02 00:00:00-05:00,3.495872644853999,3.5373914803513085,3.396227914804008,3.4543538093566895,23900,0.0,0.0
2019-01-03 00:00:00-05:00,3.446049760831648,3.504175646630195,3.354708574065916,3.3879234790802,53000,0.0,0.0
2019-01-04 00:00:00-05:00,3.4294429498883336,3.4958727723442764,3.412835494274348,3.4460504055023193,56000,0.0,0.0
2019-01-07 00:00:00-05:00,3.4460499979796158,3.5207833414282548,3.4377460731781406,3.4626574516296387,61800,0.0,0.0
2019-01-08 00:00:00-05:00,3.487568025632922,3.5373907767002297,3.454353122223304,3.479264497756958,30300,0.0,0.0
2019-01-09 00:00:00-05:00,3.520782803839789,3.5706055531353478,3.4709604504970977,3.487567901611328,51700,0.0,0.0
2019-01-10 00:00:00-05:00,3.4875688102800773,3.5290876468596135,3.479265280535952,3.495872735977173,48400,0.0,0.0
2019-01-11 00:00:00-05:00,3.4875688102800773,3.5041762657212976,3.4709613548388565,3.495872735977173,27700,0.0,0.0
2019-01-14 00:00:00-05:00,3.4626577348373355,3.5207836293900163,3.4543538093566895,3.4543538093566895,72200,0.0,0.0
2019-01-15 00:00:00-05:00,3.462656922916416,3.5955165318302598,3.4294420206879557,3.487567901611328,52800,0.0,0.0
2019-01-16 00:00:00-05:00,3.4626570460521493,3.479264497756958,3.437745670518495,3.479264497756958,40200,0.0,0.0
2019-01-17 00:00:00-05:00,3.4543538093566895,3.495872644853999,3.421138899340026,3.4543538093566895,66900,0.0,0.0
2019-01-18 00:00:00-05:00,3.446049788012474,3.495872145926876,3.404530958440687,3.412834882736206,79600,0.0,0.0
2019-01-22 00:00:00-05:00,3.421138340236641,3.446049716654449,3.3381010787654404,3.3962273597717285,76200,0.0,0.0
2019-01-23 00:00:00-05:00,3.404531444331694,3.4626577348373355,3.404531444331694,3.4543538093566895,38500,0.0,0.0
2019-01-24 00:00:00-05:00,3.4460499727142264,3.487568408558419,3.421138594445371,3.437746047973633,29600,0.0,0.0
2019-01-25 00:00:00-05:00,3.487568025632922,3.487568025632922,3.437745670518495,3.479264497756958,27000,0.0,0.0
2019-01-28 00:00:00-05:00,3.479265189845667,3.504176174381685,3.421138899340026,3.4543538093566895,50000,0.0,0.0
2019-01-29 00:00:00-05:00,3.4294428248206716,3.479265189845667,3.4294428248206716,3.4543538093566895,47100,0.0,0.0
2019-01-30 00:00:00-05:00,3.487568719373353,3.487568719373353,3.421138899340026,3.4543538093566895,48500,0.0,0.0
2019-01-31 00:00:00-05:00,3.454353627342691,3.4958724606523237,3.4294426441192627,3.4294426441192627,62000,0.0,0.0
2019-02-01 00:00:00-05:00,3.4377463543483575,3.487568719373353,3.421138899340026,3.4543538093566895,37900,0.0,0.0
2019-02-04 00:00:00-05:00,3.421138594445371,3.470960955030157,3.4128350656577027,3.437746047973633,71800,0.0,0.0
2019-02-05 00:00:00-05:00,3.4294428248206716,3.487568719373353,3.4294428248206716,3.4543538093566895,42700,0.0,0.0
2019-02-06 00:00:00-05:00,3.4460504055023193,3.4792653167302907,3.4294429498883336,3.4460504055023193,33500,0.0,0.0
2019-02-07 00:00:00-05:00,3.4460504055023193,3.4709613909468104,3.4045315684908677,3.4460504055023193,24500,0.0,0.0
2019-02-08 00:00:00-05:00,3.4294425191859643,3.470960955030157,3.404531140917109,3.437746047973633,36500,0.0,0.0
2019-02-11 00:00:00-05:00,3.45435287678193,3.462656800020758,3.3962269979215445,3.4045305252075195,154700,0.0,0.0
2019-02-12 00:00:00-05:00,3.4128350656577027,3.4460499727142264,3.3962276121294406,3.437746047973633,78900,0.0,0.0
2019-02-13 00:00:00-05:00,3.4294423353743397,3.446049788012474,3.3713160531644193,3.412834882736206,54100,0.0,0.0
2019-02-14 00:00:00-05:00,3.4128345207102018,3.4460494224631057,3.363012168080846,3.421138048171997,53300,0.0,0.0
2019-02-15 00:00:00-05:00,3.4460502798290036,3.512480099862331,3.404531444331694,3.4543538093566895,115500,0.0,0.0
2019-02-19 00:00:00-05:00,3.4709613909468104,3.4709613909468104,3.387924112876882,3.4460504055023193,278800,0.0,0.0
2019-02-20 00:00:00-05:00,3.4460499727142264,3.4792648797707506,3.421138594445371,3.437746047973633,264400,0.0,0.0
2019-02-21 00:00:00-05:00,3.429442780805741,3.5789098739624023,3.429442780805741,3.5789098739624023,68100,0.0,0.0
2019-02-22 00:00:00-05:00,3.603821648738646,3.6868589318068867,3.504176513103758,3.6370365619659424,98100,0.0,0.0
2019-02-25 00:00:00-05:00,3.6287315639037403,3.736680197985342,3.612124112195254,3.7200727462768555,50400,0.0,0.0
2019-02-26 00:00:00-05:00,3.7283764424416477,3.736680366647144,3.678554085067367,3.703465461730957,47800,0.0,0.0
2019-02-27 00:00:00-05:00,3.7117690904427465,3.7200730148729892,3.5789094671821466,3.5955169200897217,26400,0.0,0.0
2019-02-28 00:00:00-05:00,3.520783584202779,3.6204287089268417,3.520783584202779,3.5789098739624023,23100,0.0,0.0
2019-03-01 00:00:00-05:00,3.6038212880000624,3.6951620922555133,3.595517362547953,3.6453397274017334,23700,0.0,0.0
2019-03-04 00:00:00-05:00,3.6702507836580147,3.6702507836580147,3.5872135162353516,3.5872135162353516,23000,0.0,0.0
2019-03-05 00:00:00-05:00,3.6121247835527717,3.637036163722026,3.5789098739624023,3.5789098739624023,43400,0.0,0.0
2019-03-06 00:00:00-05:00,3.578909469143688,3.578909469143688,3.4709608272088306,3.5207831859588623,65100,0.0,0.0
2019-03-07 00:00:00-05:00,3.5290872799613924,3.5290872799613924,3.487568447698322,3.504175901412964,119900,0.0,0.0
2019-03-08 00:00:00-05:00,3.504175731121604,3.6287318259048718,3.470960825306454,3.5955169200897217,40700,0.0,0.0
2019-03-11 00:00:00-04:00,3.6038212880000624,3.6453397274017334,3.529087542742913,3.6453397274017334,37900,0.0,0.0
2019-03-12 00:00:00-04:00,3.6453395577691845,3.736680753727115,3.61212464941229,3.661947011947632,32900,0.0,0.0
2019-03-13 00:00:00-04:00,3.678554240843323,3.678554240843323,3.570605993270874,3.570605993270874,65200,0.0,0.0
2019-03-14 00:00:00-04:00,3.5955174686244957,3.6370363052040324,3.495872735977173,3.495872735977173,53400,0.0,0.0
2019-03-15 00:00:00-04:00,3.2301530842895545,3.2467605388739553,2.9146110512329897,2.989344596862793,497800,0.0,0.0
2019-03-18 00:00:00-04:00,2.9395220912811224,3.1055968270886956,2.9395220912811224,3.0308632850646973,204400,0.0,0.0
2019-03-19 00:00:00-04:00,3.0308629502593685,3.163722565847871,3.0308629502593685,3.064077854156494,197300,0.0,0.0
2019-03-20 00:00:00-04:00,3.0474704022079315,3.147115113899308,3.0308629502593685,3.064077854156494,173800,0.0,0.0
2019-03-21 00:00:00-04:00,3.064078410171418,3.130508230020182,2.9893446648650794,3.0059521198272705,131400,0.0,0.0
2019-03-22 00:00:00-04:00,2.997647985848235,3.138811531860766,2.997647985848235,3.097292900085449,168700,0.0,0.0
2019-03-25 00:00:00-04:00,3.088989146217064,3.587213317012594,3.064077967373755,3.221848964691162,603600,0.0,0.0
2019-03-26 00:00:00-04:00,3.279974466065267,3.3214930900961863,3.1305072215775422,3.1554183959960938,150300,0.0,0.0
2019-03-27 00:00:00-04:00,3.1388113498687744,3.2633674359492693,3.1139001722479636,3.1388113498687744,74600,0.0,0.0
2019-03-28 00:00:00-04:00,3.163722540071103,3.196937443697607,3.0806852810048437,3.1139001846313477,161000,0.0,0.0
2019-03-29 00:00:00-04:00,3.1305078055057027,3.213545069056337,3.0723817210202586,3.097292900085449,162000,0.0,0.0
2019-04-01 00:00:00-04:00,3.0723811479342555,3.1803295704146453,3.0723811479342555,3.1554183959960938,79100,0.0,0.0
2019-04-02 00:00:00-04:00,3.1388115601822792,3.188633918762207,3.1055966544623272,3.188633918762207,81100,0.0,0.0
2019-04-03 00:00:00-04:00,3.1471150039568854,3.1886336323778663,3.105596375535905,3.122203826904297,41100,0.0,0.0
2019-04-04 00:00:00-04:00,3.1139005613342183,3.155419195890048,3.0889893806007205,3.147115468978882,44300,0.0,0.0
2019-04-05 00:00:00-04:00,3.1637227109259567,3.188633889991147,3.0474705419550685,3.097292900085449,100200,0.0,0.0
2019-04-08 00:00:00-04:00,3.0889891333330444,3.205241300783604,3.0889891333330444,3.1720263957977295,61700,0.0,0.0
2019-04-09 00:00:00-04:00,3.1471156133910756,3.1471156133910756,2.989344596862793,2.989344596862793,139000,0.0,0.0
2019-04-10 00:00:00-04:00,2.9893439383307263,3.130507469177246,2.9893439383307263,3.130507469177246,74800,0.0,0.0
2019-04-11 00:00:00-04:00,3.1055970363110483,3.1305082186639672,3.047470944154238,3.08068585395813,80700,0.0,0.0
2019-04-12 00:00:00-04:00,3.080685700303411,3.1139006084506495,3.064078246229792,3.0723819732666016,40700,0.0,0.0
2019-04-15 00:00:00-04:00,3.055774225351651,3.072381677828308,2.956129312515259,2.956129312515259,152700,0.0,0.0
2019-04-16 00:00:00-04:00,2.956129619695926,3.0142559073807598,2.947825892594731,2.9727370738983154,34200,0.0,0.0
2019-04-17 00:00:00-04:00,2.972737057965672,3.0308633453389726,2.972737057965672,2.997648239135742,36300,0.0,0.0
2019-04-18 00:00:00-04:00,2.989343964870775,2.997647690407444,2.881395532894083,2.9810402393341064,81500,0.0,0.0
2019-04-22 00:00:00-04:00,2.956129312515259,2.989344217468573,2.931218133800273,2.956129312515259,25900,0.0,0.0
2019-04-23 00:00:00-04:00,2.972736670462955,3.064077854156494,2.9229143146172665,3.064077854156494,70200,0.0,0.0
2019-04-24 00:00:00-04:00,3.072381919522474,3.072381919522474,2.9395220912811224,3.0308632850646973,159800,0.0,0.0
2019-04-25 00:00:00-04:00,3.0391670809491145,3.113900624669657,2.9561296121720417,3.047470808029175,78600,0.0,0.0
2019-04-26 00:00:00-04:00,3.030863353869054,3.047470808029175,2.9727370663321624,3.047470808029175,29900,0.0,0.0
2019-04-29 00:00:00-04:00,3.005952051447194,3.02255970400807,2.9561296876939918,2.989344596862793,31100,0.0,0.0
2019-04-30 00:00:00-04:00,2.989344217468573,3.014255594160008,2.931218133800273,2.956129312515259,94900,0.0,0.0
2019-05-01 00:00:00-04:00,2.939522283453759,2.95612973832259,2.9146111011505127,2.9146111011505127,32900,0.0,0.0
2019-05-02 00:00:00-04:00,2.8896999188472665,2.931218556019344,2.881396191412851,2.9146111011505127,24700,0.0,0.0
2019-05-03 00:00:00-04:00,2.906306885393939,2.9395217895507812,2.8813957072763072,2.9395217895507812,81600,0.0,0.0
2019-05-06 00:00:00-04:00,2.906306885393939,2.964432967668413,2.906306885393939,2.9395217895507812,18500,0.0,0.0
2019-05-07 00:00:00-04:00,2.939522283453759,2.9727371931914206,2.881396191412851,2.9146111011505127,29900,0.0,0.0
2019-05-08 00:00:00-04:00,2.92291453411719,2.964433167106491,2.806662361747148,2.8730921745300293,123500,0.0,0.0
2019-05-09 00:00:00-04:00,2.8813957763703018,2.9976479437069012,2.7817508635339094,2.956129312515259,49600,0.0,0.0
2019-05-10 00:00:00-04:00,2.9146111536952715,2.9561297916158487,2.8066626951017706,2.8398776054382324,34300,0.0,0.0
2019-05-13 00:00:00-04:00,2.7402319789110647,2.7402319789110647,2.3416527603811175,2.4994237422943115,207600,0.0,0.0
2019-05-14 00:00:00-04:00,2.5077279303646116,2.673802668383927,2.4579055683517574,2.5243353843688965,210600,0.0,0.0
2019-05-15 00:00:00-04:00,2.5243355265174463,2.673802818949171,2.45790570675956,2.607372999191284,118600,0.0,0.0
2019-05-16 00:00:00-04:00,2.61567672666102,2.71532145629785,2.607372999191284,2.607372999191284,95600,0.0,0.0
2019-05-17 00:00:00-04:00,2.5990681583251787,2.6322830539754287,2.491119549485472,2.623979330062866,113800,0.0,0.0
2019-05-20 00:00:00-04:00,2.582461041006856,2.6821059463256565,2.5575498641712646,2.6654984951019287,58900,0.0,0.0
2019-05-21 00:00:00-04:00,2.6654982474001527,2.731928046121816,2.640587072879529,2.6904094219207764,50200,0.0,0.0
2019-05-22 00:00:00-04:00,2.6904094219207764,2.723624321281608,2.5990684486784894,2.6904094219207764,74600,0.0,0.0
2019-05-23 00:00:00-04:00,2.673802292232435,2.6987134697343484,2.6073724855606657,2.6821060180664062,57700,0.0,0.0
2019-05-24 00:00:00-04:00,2.6904102056229124,2.7402325691771487,2.607372933032519,2.707017660140991,112900,0.0,0.0
2019-05-28 00:00:00-04:00,2.690409121363366,2.707016569188491,2.6156756061503037,2.623979330062866,71800,0.0,0.0
2019-05-29 00:00:00-04:00,2.5990690193563,2.690410012654337,2.5907650947163825,2.632283926010132,57700,0.0,0.0
2019-05-30 00:00:00-04:00,2.6488905018005533,2.657194225713116,2.5658530646985342,2.623979330062866,53000,0.0,0.0
2019-05-31 00:00:00-04:00,2.582461357116699,2.640587641491211,2.53263899734694,2.582461357116699,59300,0.0,0.0
2019-06-03 00:00:00-04:00,2.5658539038601127,2.6156764616063315,2.5160315440903536,2.582461357116699,57900,0.0,0.0
2019-06-04 00:00:00-04:00,2.607372749910832,2.607372749910832,2.474512925120774,2.5575501918792725,74400,0.0,0.0
2019-06-05 00:00:00-04:00,2.54924635224668,2.607372634378522,2.258615733493277,2.474512815475464,175200,0.0,0.0
2019-06-06 00:00:00-04:00,2.432994197529423,2.474512829300959,2.2004896616323704,2.449601650238037,191500,0.0,0.0
2019-06-07 00:00:00-04:00,2.4163865920584553,2.4745126728639133,2.3665640391059086,2.441297769546509,95800,0.0,0.0
2019-06-10 00:00:00-04:00,2.3831716954121775,2.5409426976943905,2.3831716954121775,2.4911203384399414,63500,0.0,0.0
2019-06-11 00:00:00-04:00,2.4911203930201355,2.648891398759095,2.4745129395714516,2.5326390266418457,48000,0.0,0.0
2019-06-12 00:00:00-04:00,2.5160319617320117,2.6405880798082118,2.4745133216987756,2.540943145751953,29400,0.0,0.0
2019-06-13 00:00:00-04:00,2.5575498641712646,2.6821059463256565,2.507727510500082,2.6654984951019287,60900,0.0,0.0
2019-06-14 00:00:00-04:00,2.6987134337166534,2.814965791817157,2.6322836279314727,2.7568395137786865,62200,0.0,0.0
2019-06-17 00:00:00-04:00,2.7568398516502177,2.7734473051318815,2.657195130760234,2.7236249446868896,87100,0.0,0.0
2019-06-18 00:00:00-04:00,2.7319282038913046,2.7485356545308046,2.6654984013333047,2.6987133026123047,58200,0.0,0.0
2019-06-19 00:00:00-04:00,2.6821058519728047,2.740231929211055,2.673802126653055,2.6987133026123047,58700,0.0,0.0
2019-06-20 00:00:00-04:00,2.665498566398464,2.723624647236262,2.5409424809124563,2.6821060180664062,53100,0.0,0.0
2019-06-21 00:00:00-04:00,2.6571950912475586,2.6987137243343335,2.6156764581607836,2.6571950912475586,64300,0.0,0.0
2019-06-24 00:00:00-04:00,2.6571950912475586,2.7070174509516884,2.632283911395494,2.6571950912475586,63800,0.0,0.0
2019-06-25 00:00:00-04:00,2.6571951060005055,2.698713739317795,2.5990690193563,2.632283926010132,85100,0.0,0.0
2019-06-26 00:00:00-04:00,2.6488913088152004,2.682106214584746,2.5990689501608815,2.6156764030456543,33400,0.0,0.0
2019-06-27 00:00:00-04:00,2.615676497056074,2.7236249446868896,2.5990690435744104,2.7236249446868896,104300,0.0,0.0
2019-06-28 00:00:00-04:00,2.657194225713116,2.7402314648387405,2.623979330062866,2.623979330062866,880900,0.0,0.0
2019-07-01 00:00:00-04:00,2.657195035257587,2.715321120354292,2.5741575728572674,2.6156764030456543,91700,0.0,0.0
2019-07-02 00:00:00-04:00,2.6073728981103708,2.6488915338494827,2.590765245838254,2.64058780670166,59500,0.0,0.0
2019-07-03 00:00:00-04:00,2.6488907514143185,2.6488907514143185,2.5575495817923555,2.5990684032440186,32300,0.0,0.0
2019-07-05 00:00:00-04:00,2.6239804541307556,2.632284181600492,2.5575504363963897,2.607372999191284,36300,0.0,0.0
2019-07-08 00:00:00-04:00,2.5907647224682266,2.60737237138537,2.4828162913535996,2.4994237422943115,29800,0.0,0.0
2019-07-09 00:00:00-04:00,2.491120282009573,2.5326389137811085,2.424690471175116,2.449601650238037,31900,0.0,0.0
2019-07-10 00:00:00-04:00,2.507727806156808,2.532638985929384,2.4579054466116563,2.4662091732025146,22700,0.0,0.0
2019-07-11 00:00:00-04:00,2.4828163986932643,2.4828163986932643,2.4329940437171578,2.441297769546509,33000,0.0,0.0
2019-07-12 00:00:00-04:00,2.4329938888549805,2.4662087900582277,2.4329938888549805,2.4329938888549805,26700,0.0,0.0
2019-07-15 00:00:00-04:00,2.4163866874534063,2.4163866874534063,2.3167417755909363,2.3333492279052734,43400,0.0,0.0
2019-07-16 00:00:00-04:00,2.349956647781623,2.349956647781623,2.2170970311008755,2.2420082092285156,154900,0.0,0.0
2019-07-17 00:00:00-04:00,2.23370538754634,2.358261328613509,2.23370538754634,2.2918314933776855,59400,0.0,0.0
2019-07-18 00:00:00-04:00,2.3001340365353733,2.3582601123893916,2.208793060193345,2.2669191360473633,120800,0.0,0.0
2019-07-19 00:00:00-04:00,2.2503124623181066,2.358260926153889,2.2503124623181066,2.283527374267578,69500,0.0,0.0
2019-07-22 00:00:00-04:00,2.2752236935110246,2.3665647032681973,2.2752236935110246,2.3250460624694824,111800,0.0,0.0
2019-07-23 00:00:00-04:00,2.316741466522217,2.3582600917691985,2.2835265663246314,2.316741466522217,57000,0.0,0.0
2019-07-24 00:00:00-04:00,2.291830597119431,2.3499566802196106,2.2669194186479253,2.3333492279052734,77300,0.0,0.0
2019-07-25 00:00:00-04:00,2.291830565483796,2.35826037382417,2.233704483185969,2.2420082092285156,40400,0.0,0.0
2019-07-26 00:00:00-04:00,2.2586161903054744,2.3416534701791534,2.167274984467936,2.283527374267578,69100,0.0,0.0
2019-07-29 00:00:00-04:00,2.2503119352710623,2.291830565483796,2.233704483185969,2.2420082092285156,35700,0.0,0.0
2019-07-30 00:00:00-04:00,2.225401128995726,2.333349585586428,2.217097401565672,2.27522349357605,41600,0.0,0.0
2019-07-31 00:00:00-04:00,2.2835269111023906,2.333349268921185,2.2503120058898607,2.258615732192993,65000,0.0,0.0
2019-08-01 00:00:00-04:00,2.242007888229224,2.3250451367658402,2.242007888229224,2.2503116130828857,29000,0.0,0.0
2019-08-02 00:00:00-04:00,2.2420078849475984,2.250311609789106,2.142362988873092,2.1506667137145996,40700,0.0,0.0
2019-08-05 00:00:00-04:00,2.117451730739794,2.1340591797670543,1.8600360728408483,1.9264658689498901,51300,0.0,0.0
2019-08-06 00:00:00-04:00,1.95137771500691,2.084237550989761,1.8185180770005362,1.8849478960037231,67800,0.0,0.0
2019-08-07 00:00:00-04:00,1.8600363718481183,1.9596810820299122,1.8434289201511527,1.9430736303329468,54400,0.0,0.0
2019-08-08 00:00:00-04:00,1.9596813354789802,2.1008448911365623,1.9098589739444687,2.051022529602051,111600,0.0,0.0
2019-08-09 00:00:00-04:00,2.0593259219735747,2.1257557265609694,2.0344147452533017,2.0842370986938477,32700,0.0,0.0
2019-08-12 00:00:00-04:00,2.075933831146328,2.1423636503905374,2.075933831146328,2.1091487407684326,35200,0.0,0.0
2019-08-13 00:00:00-04:00,2.0842372400760056,2.125755870759502,2.051022335529208,2.1174521446228027,33000,0.0,0.0
2019-08-14 00:00:00-04:00,2.067629522871809,2.0925406980899726,1.934769723731847,2.001199722290039,101200,0.0,0.0
2019-08-15 00:00:00-04:00,2.0012006793099655,2.0427193245287376,1.9264669199396598,1.9513781070709229,63900,0.0,0.0
2019-08-16 00:00:00-04:00,2.0011997632952574,2.100844466209664,2.0011997632952574,2.092540740966797,48700,0.0,0.0
2019-08-19 00:00:00-04:00,2.1340597520547595,2.1589709322760453,2.0344150311696167,2.125756025314331,19500,0.0,0.0
2019-08-20 00:00:00-04:00,2.1091489317726606,2.125756388087682,2.0178079220400438,2.0676302909851074,50600,0.0,0.0
2019-08-21 00:00:00-04:00,2.092540824267272,2.117452000987545,2.026111019679877,2.0842370986938477,20800,0.0,0.0
2019-08-22 00:00:00-04:00,2.1008448600769043,2.1423634940751706,2.0842374064775977,2.1008448600769043,21800,0.0,0.0
2019-08-23 00:00:00-04:00,2.0759333731204235,2.1091482754141206,2.067629647546999,2.0842370986938477,62300,0.0,0.0
2019-08-26 00:00:00-04:00,2.084237320995222,2.242008321694317,2.0759335945361355,2.183882236480713,73800,0.0,0.0
2019-08-27 00:00:00-04:00,2.217097186895884,2.217097186895884,2.1755783557891846,2.1755783557891846,24700,0.0,0.0
2019-08-28 00:00:00-04:00,2.1838823059983667,2.2254009396154255,2.167274654575082,2.2004897594451904,41600,0.0,0.0
2019-08-29 00:00:00-04:00,2.2420082092285156,2.2503119352710623,2.2254007571434222,2.2420082092285156,21600,0.0,0.0
2019-08-30 00:00:00-04:00,2.2503122766479122,2.2503122766479122,2.20048991283448,2.2087936401367188,37000,0.0,0.0
2019-09-03 00:00:00-04:00,2.200490061362183,2.208793789224903,2.1340600404839343,2.1672749519348145,49100,0.0,0.0
2019-09-04 00:00:00-04:00,2.1921859629397993,2.208793415857972,2.1755783120451713,2.183882236480713,15800,0.0,0.0
2019-09-05 00:00:00-04:00,2.217097100677331,2.291830637405523,2.175578271185217,2.258615732192993,33300,0.0,0.0
2019-09-06 00:00:00-04:00,2.275223184799258,2.291830637405523,2.217097100677331,2.258615732192993,20700,0.0,0.0
2019-09-09 00:00:00-04:00,2.258616003950151,2.308438367763583,2.20048991283448,2.2087936401367188,78400,0.0,0.0
2019-09-10 00:00:00-04:00,2.1838824582300025,2.225401094741196,2.1589710783468115,2.2087936401367188,92700,0.0,0.0
2019-09-11 00:00:00-04:00,2.208793060193345,2.275222861169366,2.158970511484906,2.2669191360473633,50100,0.0,0.0
2019-09-12 00:00:00-04:00,2.2669191360473633,2.275222861169366,2.2420079606813554,2.2669191360473633,55100,0.0,0.0
2019-09-13 00:00:00-04:00,2.2669191162258384,2.3333489166210093,2.2420079410776497,2.316741466522217,230700,0.0,0.0
2019-09-16 00:00:00-04:00,2.300134016423424,2.3582600917691985,2.300134016423424,2.316741466522217,46600,0.0,0.0
2019-09-17 00:00:00-04:00,2.300134016423424,2.325045191571613,2.2918302913740276,2.316741466522217,35400,0.0,0.0
2019-09-18 00:00:00-04:00,2.3167422862170497,2.3167422862170497,2.2586161903054744,2.283527374267578,36800,0.0,0.0
2019-09-19 00:00:00-04:00,2.3001352227821634,2.341653869804553,2.27522403456873,2.2918314933776855,42300,0.0,0.0
2019-09-20 00:00:00-04:00,2.275222861169366,2.308437761657376,2.2420079606813554,2.2669191360473633,130200,0.0,0.0
2019-09-23 00:00:00-04:00,2.258615509406089,2.258615509406089,2.1091482527165097,2.134059429168701,37900,0.0,0.0
2019-09-24 00:00:00-04:00,2.1257558118606537,2.3250454315961178,2.0593260046076467,2.0759334564208984,45900,0.0,0.0
2019-09-25 00:00:00-04:00,2.0759333731204235,2.1091482754141206,2.0759333731204235,2.0842370986938477,24100,0.0,0.0
2019-09-26 00:00:00-04:00,2.0759333731204235,2.1008445498406965,2.0593259219735747,2.0842370986938477,46100,0.0,0.0
2019-09-27 00:00:00-04:00,2.09254090823415,2.117452085954028,2.0593260046076467,2.0759334564208984,24700,0.0,0.0
2019-09-30 00:00:00-04:00,2.10084520361515,2.1174526599301715,2.051022834670086,2.0676302909851074,40200,0.0,0.0
2019-10-01 00:00:00-04:00,2.067629647546999,2.1589706288546666,2.067629647546999,2.0842370986938477,35000,0.0,0.0
2019-10-02 00:00:00-04:00,2.059326562827597,2.1174526599301715,2.059326562827597,2.0676302909851074,48900,0.0,0.0
2019-10-03 00:00:00-04:00,2.05102219640015,2.1091482754141206,2.042718470826726,2.0842370986938477,182300,0.0,0.0
2019-10-04 00:00:00-04:00,2.092540824267272,2.1091482754141206,2.0759333731204235,2.0842370986938477,26700,0.0,0.0
2019-10-07 00:00:00-04:00,2.067629647546999,2.1340594521343936,2.067629647546999,2.0842370986938477,26700,0.0,0.0
2019-10-08 00:00:00-04:00,2.0510224452939094,2.0759336250371807,2.0344149921317287,2.059326171875,61800,0.0,0.0
2019-10-09 00:00:00-04:00,2.0427187187128193,2.100844804780452,2.0427187187128193,2.059326171875,34100,0.0,0.0
2019-10-10 00:00:00-04:00,2.0759333731204235,2.117452000987545,2.0759333731204235,2.0842370986938477,21600,0.0,0.0
2019-10-11 00:00:00-04:00,2.125756195579485,2.1340599229850112,2.0676301037408016,2.1091487407684326,49400,0.0,0.0
2019-10-14 00:00:00-04:00,2.1340593671811328,2.142363092424,2.0759332904810623,2.092540740966797,30600,0.0,0.0
2019-10-15 00:00:00-04:00,2.084237437291725,2.1174523449813996,2.0344150757572135,2.051022529602051,56500,0.0,0.0
2019-10-16 00:00:00-04:00,2.034415584301265,2.084237958289904,1.901555722355044,1.9181631803512573,42200,0.0,0.0
2019-10-17 00:00:00-04:00,1.9181621444362598,1.959680767004411,1.9181621444362598,1.9264658689498901,74300,0.0,0.0
2019-10-18 00:00:00-04:00,1.9015546954089995,1.9513770424907808,1.9015546954089995,1.9264658689498901,51300,0.0,0.0
2019-10-21 00:00:00-04:00,1.9513770212241375,1.9513770212241375,1.843428603723396,1.8683397769927979,135900,0.0,0.0
2019-10-22 00:00:00-04:00,1.8683408166333793,1.9679855651584315,1.8683408166333793,1.9513781070709229,35100,0.0,0.0
2019-10-23 00:00:00-04:00,1.959681836114677,1.9679855651584315,1.9098594618521512,1.9513781070709229,43800,0.0,0.0
2019-10-24 00:00:00-04:00,1.9347697689574892,2.001199769068496,1.9347697689574892,1.984592318534851,43800,0.0,0.0
2019-10-25 00:00:00-04:00,2.001199995693853,2.0095037219010288,1.9347699880599976,1.9347699880599976,50200,0.0,0.0
2019-10-28 00:00:00-04:00,1.9596811718430864,1.9845925485066767,1.7769991948040575,1.8517327308654785,139000,0.0,0.0
2019-10-29 00:00:00-04:00,1.8683401784025913,1.9845925432795013,1.8683401784025913,1.9347699880599976,45800,0.0,0.0
2019-10-30 00:00:00-04:00,1.9181628055053166,1.9181628055053166,1.8683404412529263,1.8849478960037231,37000,0.0,0.0
2019-10-31 00:00:00-04:00,1.860036572055806,1.8932514790248713,1.7936067581176758,1.7936067581176758,98800,0.0,0.0
2019-11-01 00:00:00-04:00,1.8102139125798944,1.868339990174134,1.8102139125798944,1.8351250886917114,78000,0.0,0.0
2019-11-04 00:00:00-05:00,1.8517328545461826,1.9430738491665331,1.8517328545461826,1.9098589420318604,62700,0.0,0.0
2019-11-05 00:00:00-05:00,1.9181631803512573,1.9347706383474703,1.901555722355044,1.9181631803512573,54700,0.0,0.0
2019-11-06 00:00:00-05:00,1.901555564051212,1.901555564051212,1.818518280982971,1.8185182809829712,68200,0.0,0.0
2019-11-07 00:00:00-05:00,1.901555215248192,1.9596813027338698,1.8849477616808556,1.9098589420318604,79100,0.0,0.0
2019-11-08 00:00:00-05:00,1.9679847955703735,1.9928961709364639,1.9264661665876222,1.9679847955703735,108800,0.0,0.0
2019-11-11 00:00:00-05:00,1.9762885932680287,2.026110944868964,1.8932511426233767,1.984592318534851,60600,0.0,0.0
2019-11-12 00:00:00-05:00,1.9928960438016736,2.009503494335319,1.9762885932680287,1.984592318534851,49100,0.0,0.0
2019-11-13 00:00:00-05:00,1.976288934596253,2.034415021503066,1.976288934596253,2.0095038414001465,36300,0.0,0.0
2019-11-14 00:00:00-05:00,2.0261112948020927,2.0261112948020927,2.001200114699173,2.0095038414001465,33300,0.0,0.0
2019-11-15 00:00:00-05:00,2.0261119282258027,2.0344156575227723,2.0095044696318634,2.017808198928833,54500,0.0,0.0
2019-11-18 00:00:00-05:00,2.001199722290039,2.034414622580924,1.926465998659126,2.001199722290039,62400,0.0,0.0
2019-11-19 00:00:00-05:00,1.9762895524439852,2.0261119282258027,1.926466978685645,2.017808198928833,47200,0.0,0.0
2019-11-20 00:00:00-05:00,1.984593221222457,2.034415595484983,1.9264669199396598,1.9513781070709229,116500,0.0,0.0
2019-11-21 00:00:00-05:00,1.9513771738772896,2.017807172435482,1.926465998659126,2.001199722290039,51300,0.0,0.0
2019-11-22 00:00:00-05:00,1.9845924451399135,2.026111074122665,1.9596810697738234,1.9679847955703735,33100,0.0,0.0
2019-11-25 00:00:00-05:00,1.9845926467957862,2.0344150066375732,1.9264663623372416,2.0344150066375732,43100,0.0,0.0
2019-11-26 00:00:00-05:00,2.009503651055229,2.0344148287985035,1.9928961992263794,1.9928961992263794,27500,0.0,0.0
2019-11-27 00:00:00-05:00,2.0095038949899577,2.067629983446888,1.9596813354789802,2.051022529602051,91000,0.0,0.0
2019-11-29 00:00:00-05:00,2.051022375207864,2.0759335540998887,2.034414922613181,2.0427186489105225,19300,0.0,0.0
2019-12-02 00:00:00-05:00,2.034414851954986,2.0427185779639268,1.9513773938891317,2.026111125946045,65000,0.0,0.0
2019-12-03 00:00:00-05:00,2.01780756810112,2.0261112948020927,2.001200114699173,2.0095038414001465,31100,0.0,0.0
2019-12-04 00:00:00-05:00,2.009503494335319,2.0178072196021413,1.9845923185348513,1.984592318534851,29700,0.0,0.0
2019-12-05 00:00:00-05:00,1.967984999162301,1.9845926504499352,1.9513775458511267,1.9596812725067139,23200,0.0,0.0
2019-12-06 00:00:00-05:00,1.9596809841176082,1.9596809841176082,1.8932511806488037,1.8932511806488037,93100,0.0,0.0
2019-12-09 00:00:00-05:00,1.868340098992671,1.9098587282638866,1.8517326472841846,1.8600363731384277,86100,0.0,0.0
2019-12-10 00:00:00-05:00,1.868340098992671,1.8932512765554004,1.8185177438672122,1.8600363731384277,75200,0.0,0.0
2019-12-11 00:00:00-05:00,1.851732820756744,1.9015551805496214,1.8351253674924517,1.9015551805496216,132700,0.0,0.0
2019-12-12 00:00:00-05:00,1.8932509708953693,1.9347695934635203,1.8683397973544786,1.9264658689498901,53400,0.0,0.0
2019-12-13 00:00:00-05:00,1.9264663955991967,1.9513775759502014,1.8849477616808556,1.9098589420318604,27900,0.0,0.0
2019-12-16 00:00:00-05:00,1.9098594618521512,1.9928969502662113,1.8517333585458706,1.9513781070709229,90500,0.0,0.0
2019-12-17 00:00:00-05:00,1.9596812725067139,1.9928963771055224,1.9430738191955395,1.9596812725067139,66000,0.0,0.0
2019-12-18 00:00:00-05:00,1.967985009918819,2.01780756810112,1.9430738298158992,2.0095038414001465,37300,0.0,0.0
2019-12-19 00:00:00-05:00,2.017807791194317,2.0261115188133685,1.951377772265423,1.97628915309906,76600,0.0,0.0
2019-12-20 00:00:00-05:00,1.9762887473975297,2.026111102884079,1.9762887473975297,1.9928961992263794,154300,0.0,0.0
2019-12-23 00:00:00-05:00,1.9762885932680287,2.001199769068496,1.9098585931570218,1.984592318534851,104500,0.0,0.0
2019-12-24 00:00:00-05:00,1.9928961834002843,2.0178073609457328,1.8932512752420496,1.9430736303329468,120800,0.0,0.0
2019-12-26 00:00:00-05:00,1.9430739876315117,1.95137771500691,1.8766441686283248,1.8849478960037231,128400,0.0,0.0
2019-12-27 00:00:00-05:00,1.8932519933569376,2.017808126305052,1.8932519933569376,1.9181631803512573,130700,0.0,0.0
2019-12-30 00:00:00-05:00,1.918162452787498,1.9845924575518015,1.9098587269390153,1.9430736303329468,75200,0.0,0.0
2019-12-31 00:00:00-05:00,1.934770126107376,2.117452313676211,1.934770126107376,2.1008448600769043,105500,0.0,0.0
2020-01-02 00:00:00-05:00,2.1008448450930453,2.1423634787951884,2.051022484650474,2.125756025314331,78800,0.0,0.0
2020-01-03 00:00:00-05:00,2.1257561691378566,2.2170973674389574,2.117452441835618,2.2087936401367188,37000,0.0,0.0
2020-01-06 00:00:00-05:00,2.175578381298494,2.2669195732324843,2.175578381298494,2.2004897594451904,59900,0.0,0.0
2020-01-07 00:00:00-05:00,2.208793460269836,2.2254009135219324,2.1423634492849923,2.1755783557891846,52100,0.0,0.0
2020-01-08 00:00:00-05:00,2.217097100677331,2.325045542618053,2.217097100677331,2.258615732192993,250800,0.0,0.0
2020-01-09 00:00:00-05:00,2.3001344801261316,2.316741933572955,2.1838823059983667,2.2004897594451904,112300,0.0,0.0
2020-01-10 00:00:00-05:00,2.192186212800172,2.192186212800172,2.09254128595738,2.1091487407684326,123000,0.0,0.0
2020-01-13 00:00:00-05:00,2.125755870759502,2.142363323032901,2.067629787802607,2.1174521446228027,83600,0.0,0.0
2020-01-14 00:00:00-05:00,2.0842370654377573,2.167274319847058,2.0842370654377573,2.158970594406128,55200,0.0,0.0
2020-01-15 00:00:00-05:00,2.1672741633976145,2.175577888239122,2.11745181434857,2.1506667137145996,53200,0.0,0.0
2020-01-16 00:00:00-05:00,2.16727447686915,2.2503119352710623,2.158970750826603,2.2420082092285156,101400,0.0,0.0
2020-01-17 00:00:00-05:00,2.2669199653512817,2.4496021828421224,2.250312509031796,2.3250460624694824,149200,0.0,0.0
2020-01-21 00:00:00-05:00,2.3001344299880957,2.557550150779207,2.3001344299880957,2.4911203384399414,137100,0.0,0.0
2020-01-22 00:00:00-05:00,2.416387540886088,2.416387540886088,2.242009032021167,2.3001351356506348,175200,0.0,0.0
2020-01-23 00:00:00-05:00,2.250311685803358,2.325045211901381,2.2420079606813554,2.2669191360473633,83400,0.0,0.0
2020-01-24 00:00:00-05:00,2.27522403456873,2.358261328613509,2.266920305164252,2.2918314933776855,88100,0.0,0.0
2020-01-27 00:00:00-05:00,2.3748683255590026,2.424690890272923,2.333349686611142,2.3582608699798584,120800,0.0,0.0
2020-01-28 00:00:00-05:00,2.3582609751084544,2.3665647032681973,2.3084386061499966,2.3250460624694824,83400,0.0,0.0
2020-01-29 00:00:00-05:00,2.3250460142044176,2.3416534701791534,2.2420087343307387,2.283527374267578,66500,0.0,0.0
2020-01-30 00:00:00-05:00,2.2669191162258384,2.3333489166210093,2.2337042160282534,2.316741466522217,87200,0.0,0.0
2020-01-31 00:00:00-05:00,2.316741743611436,2.3333491956965298,2.233704483185969,2.2420082092285156,118900,0.0,0.0
2020-02-03 00:00:00-05:00,2.258615692490757,2.374867858691116,2.24200824017642,2.3333492279052734,89200,0.0,0.0
2020-02-04 00:00:00-05:00,2.333349686611142,2.4080834346937783,2.333349686611142,2.3582608699798584,75900,0.0,0.0
2020-02-05 00:00:00-05:00,2.3831721236879906,2.4496021459417396,2.3831721236879906,2.4246909618377686,54500,0.0,0.0
2020-02-06 00:00:00-05:00,2.449601650238037,2.482816555655266,2.4163867448208087,2.449601650238037,92200,0.0,0.0
2020-02-07 00:00:00-05:00,2.466209089167551,2.4911202680912896,2.4329941839358993,2.474512815475464,79200,0.0,0.0
2020-02-10 00:00:00-05:00,2.4828165304579257,2.8398771560223395,2.4828165304579257,2.7153210639953613,158400,0.0,0.0
2020-02-11 00:00:00-05:00,2.740232203593869,2.906306924594562,2.7153210251402324,2.864788293838501,92500,0.0,0.0
2020-02-12 00:00:00-05:00,2.90630723455394,3.1222043354874596,2.89800350751713,3.0723819732666016,157700,0.0,0.0
2020-02-13 00:00:00-05:00,3.072382013834133,3.072382013834133,2.9063072729286312,2.9478259086608887,100700,0.0,0.0
2020-02-14 00:00:00-05:00,2.9395219447318968,2.9478256712094715,2.798358396636668,2.8066623210906982,46100,0.0,0.0
2020-02-18 00:00:00-05:00,2.790054739344777,2.9063071108900207,2.790054739344777,2.823269844055176,41700,0.0,0.0
2020-02-19 00:00:00-05:00,2.848180994736449,2.881395901127889,2.823269814942868,2.8730921745300293,31000,0.0,0.0
2020-02-20 00:00:00-05:00,2.8564849679985715,2.8980036045731055,2.748536314928309,2.798358678817749,35600,0.0,0.0
2020-02-21 00:00:00-05:00,2.8564849852060843,2.8813961673008697,2.707017694660894,2.7734475135803223,76600,0.0,0.0
2020-02-24 00:00:00-05:00,2.6738019722403608,2.7485354958022317,2.6571945225599447,2.6904094219207764,76100,0.0,0.0
2020-02-25 00:00:00-05:00,2.682106478363873,2.748536296436188,2.6571952965867554,2.707017660140991,108900,0.0,0.0
2020-02-26 00:00:00-05:00,2.7070180113709363,2.8149666777210367,2.632284456343059,2.765144109725952,70600,0.0,0.0
2020-02-27 00:00:00-05:00,2.748536296436188,2.8481812215211346,2.682106478363873,2.707017660140991,103600,0.0,0.0
2020-02-28 00:00:00-05:00,2.6738025593274215,2.765143552625458,2.516031554745261,2.632283926010132,75400,0.0,0.0
2020-03-02 00:00:00-05:00,2.632283843350288,2.665498748961094,2.4994240229306093,2.5658538341522217,128400,0.0,0.0
2020-03-03 00:00:00-05:00,2.5658537582824392,2.6239800393590667,2.2669194186479253,2.3333492279052734,170200,0.0,0.0
2020-03-04 00:00:00-05:00,2.3416534144007137,2.4662095292207837,2.2254012253467033,2.3582608699798584,202600,0.0,0.0
2020-03-05 00:00:00-05:00,2.3333489166210093,2.557549690931132,2.2254004909788567,2.316741466522217,162000,0.0,0.0
2020-03-06 00:00:00-05:00,2.27522349357605,2.3748682227366977,2.266919766145996,2.27522349357605,59200,0.0,0.0
2020-03-09 00:00:00-04:00,2.001200138481065,2.242008413647473,1.9181626725080696,2.1008448600769043,71000,0.0,0.0
2020-03-10 00:00:00-04:00,2.100844435630888,2.325045211901381,1.9679846357024233,2.2669191360473633,102200,0.0,0.0
2020-03-11 00:00:00-04:00,2.2337044466232325,2.2586156243431104,2.009503649167891,2.0759334564208984,138800,0.0,0.0
2020-03-12 00:00:00-04:00,1.9596808440768145,2.0427182904553103,1.3369009861201804,1.3452047109603882,272000,0.0,0.0
2020-03-13 00:00:00-04:00,1.4365459619685093,1.627531855037833,1.419938510221302,1.5694056749343872,572400,0.0,0.0
2020-03-16 00:00:00-04:00,1.3452048166793833,1.8268213902024963,1.3369010911865895,1.6856578588485718,163300,0.0,0.0
2020-03-17 00:00:00-04:00,1.8019104938441732,1.9181626688155284,1.6607469405453503,1.9098589420318604,176900,0.0,0.0
2020-03-18 00:00:00-04:00,1.8019106501923177,1.8932516527381424,1.6192284471241882,1.7271769046783447,80300,0.0,0.0
2020-03-19 00:00:00-04:00,1.8268215473667124,2.0593260791440833,1.727176634904154,1.9347699880599976,141300,0.0,0.0
2020-03-20 00:00:00-04:00,1.926466532880715,1.9430739876315117,1.8019106222497394,1.8849478960037231,188800,0.0,0.0
2020-03-23 00:00:00-04:00,1.8849477886234962,2.2586158951825452,1.7520879602092998,1.8019105195999146,93300,0.0,0.0
2020-03-24 00:00:00-04:00,1.85173272598824,2.0759335315584346,1.776999190123658,1.9347699880599976,323400,0.0,0.0
2020-03-25 00:00:00-04:00,1.9181628124648522,2.2087936676112245,1.826821811004064,2.1091487407684326,70400,0.0,0.0
2020-03-26 00:00:00-04:00,2.1340594867352514,2.516031265258789,1.9596810488895984,2.516031265258789,114600,0.0,0.0
2020-03-27 00:00:00-04:00,2.524335475598264,2.524335475598264,2.1838824582300025,2.2087936401367188,65000,0.0,0.0
2020-03-30 00:00:00-04:00,2.192185817090103,2.192185817090103,1.9181624662185641,2.0759334564208984,76900,0.0,0.0
2020-03-31 00:00:00-04:00,2.075933350780255,2.158970605620892,1.9845923704555537,2.134059429168701,118600,0.0,0.0
2020-04-01 00:00:00-04:00,2.059326171774506,2.0759336249358764,1.785302996635437,1.785302996635437,57600,0.0,0.0
2020-04-02 00:00:00-04:00,1.7271767190256573,1.8766439960110188,1.527887181358891,1.6026207208633423,156900,0.0,0.0
2020-04-03 00:00:00-04:00,1.5444945281165086,1.6690505176928898,1.419938538540127,1.4697608947753906,205600,0.0,0.0
2020-04-06 00:00:00-04:00,1.4697608620361193,1.8849475507011573,1.453153410327633,1.8600363731384277,143900,0.0,0.0
2020-04-07 00:00:00-04:00,1.6441397143427312,1.967985301666199,1.6441397143427312,1.7686958312988281,132400,0.0,0.0
2020-04-08 00:00:00-04:00,1.8102140311325912,2.001199925140804,1.710569122183051,1.9928961992263794,113200,0.0,0.0
2020-04-09 00:00:00-04:00,2.026110939023859,2.1755779933954686,1.9928960380523904,2.092540740966797,112700,0.0,0.0
2020-04-13 00:00:00-04:00,2.051022375207864,2.1589708170733037,1.9596811879606562,2.0427186489105225,34700,0.0,0.0
2020-04-14 00:00:00-04:00,2.08423803330459,2.1257566797894376,1.9762895524439852,2.017808198928833,87100,0.0,0.0
2020-04-15 00:00:00-04:00,1.9430736181807227,2.0011998967330142,1.86834008601177,1.9679847955703735,94000,0.0,0.0
2020-04-16 00:00:00-04:00,1.9181631908959054,1.9679855651584315,1.835125900458362,1.9513781070709229,91400,0.0,0.0
2020-04-17 00:00:00-04:00,1.951377722086957,2.1423636503905374,1.8932516302482736,2.1091487407684326,90500,0.0,0.0
2020-04-20 00:00:00-04:00,2.0344156575227723,2.1091492211954983,1.9845932817409548,2.017808198928833,45500,0.0,0.0
2020-04-21 00:00:00-04:00,1.9845932817409548,2.017808198928833,1.926466978685645,2.017808198928833,32000,0.0,0.0
2020-04-22 00:00:00-04:00,2.017807791194317,2.017807791194317,1.9596814998844745,1.97628915309906,30600,0.0,0.0
2020-04-23 00:00:00-04:00,1.967984624022732,2.0842369730172514,1.934769723731847,2.001199722290039,50500,0.0,0.0
2020-04-24 00:00:00-04:00,1.9762887473975297,2.0344148287985035,1.951377371677813,1.9928961992263794,37200,0.0,0.0
2020-04-27 00:00:00-04:00,1.9928960438016736,2.075933296469899,1.9513772194911343,1.984592318534851,70800,0.0,0.0
2020-04-28 00:00:00-04:00,2.05932619035022,2.05932619035022,1.9181626392287778,1.9596812725067139,82300,0.0,0.0
2020-04-29 00:00:00-04:00,2.0095038652807187,2.125756040475864,1.926466399307723,2.1008448600769043,110000,0.0,0.0
2020-04-30 00:00:00-04:00,2.009503649167891,2.109148360047402,2.001199923261265,2.0759334564208984,68100,0.0,0.0
2020-05-01 00:00:00-04:00,2.0261119282258027,2.059326845413681,1.9347707079826146,2.017808198928833,54600,0.0,0.0
2020-05-04 00:00:00-04:00,1.9845926467957862,2.051022459918169,1.9264663623372416,2.0344150066375732,27600,0.0,0.0
2020-05-05 00:00:00-04:00,2.059326368863566,2.059326368863566,1.8683404412529263,1.8849478960037231,78100,0.0,0.0
2020-05-06 00:00:00-04:00,1.8932515516919666,1.9264664599358918,1.8019105540211722,1.8102142810821533,32400,0.0,0.0
2020-05-07 00:00:00-04:00,1.82682133521862,2.109148191452531,1.82682133521862,2.092540740966797,179600,0.0,0.0
2020-05-08 00:00:00-04:00,2.1091485003724806,2.233704595235231,2.0925410474543082,2.183882236480713,70700,0.0,0.0
2020-05-11 00:00:00-04:00,2.1838826750332165,2.2669199562990636,2.1340601082972137,2.2337050437927246,107500,0.0,0.0
2020-05-12 00:00:00-04:00,2.1755781535761076,2.1838820774067913,1.8517326472841846,1.8600363731384277,121200,0.0,0.0
2020-05-13 00:00:00-04:00,1.868340005388723,1.884947456265175,1.6275317697037386,1.7105690240859985,95200,0.0,0.0
2020-05-14 00:00:00-04:00,1.6773542165756226,1.7603914756233496,1.6441393129565318,1.6773542165756226,100000,0.0,0.0
2020-05-15 00:00:00-04:00,1.7022653098341591,1.7936064882313216,1.6607466823701909,1.6856578588485718,136100,0.0,0.0
2020-05-18 00:00:00-04:00,1.7769992292844166,1.8351253140156052,1.5694057725654915,1.6441394090652466,244200,0.0,0.0
2020-05-19 00:00:00-04:00,1.627532046334571,1.6441395000337837,1.4946722187644041,1.527887225151062,192500,0.0,0.0
2020-05-20 00:00:00-04:00,1.5195835325596814,1.610924628952822,1.5112798055228718,1.5361909866333008,189800,0.0,0.0
2020-05-21 00:00:00-04:00,1.5278873065884357,1.577709670341638,1.461457389262595,1.4946722984313965,223200,0.0,0.0
2020-05-22 00:00:00-04:00,1.511279637432065,1.5278870896585341,1.4116348250850252,1.4448497295379639,269500,0.0,0.0
2020-05-26 00:00:00-04:00,1.502975834972615,1.536190838914154,1.444849751304315,1.4780646562576294,267600,0.0,0.0
2020-05-27 00:00:00-04:00,1.5361909985445616,1.5361909985445616,1.4697610827467682,1.4863685369491577,250400,0.0,0.0
2020-05-28 00:00:00-04:00,1.5195835251900334,1.5278872521865716,1.4365461562364155,1.4531536102294922,167000,0.0,0.0
2020-05-29 00:00:00-04:00,1.4365458123730879,1.4531532623908698,1.4116346373464148,1.4282420873641968,167500,0.0,0.0
2020-06-01 00:00:00-04:00,1.4531536285443787,1.5361909985445616,1.4199387201395994,1.4863685369491577,664100,0.0,0.0
2020-06-02 00:00:00-04:00,1.4946722040261657,1.6026207509948531,1.4863684772584385,1.5527983903884888,331800,0.0,0.0
2020-06-03 00:00:00-04:00,1.5943169255090222,1.7105691920472423,1.57770947300188,1.6939617395401,287400,0.0,0.0
2020-06-04 00:00:00-04:00,1.6939617451566105,1.7603915554054341,1.5611020256707377,1.610924482345581,268800,0.0,0.0
2020-06-05 00:00:00-04:00,1.6607468754793675,1.8185178761642566,1.6441394225626902,1.7603915929794312,268100,0.0,0.0
2020-06-08 00:00:00-04:00,1.7354804775150785,1.785303036076327,1.6939618436944235,1.7188730239868164,133300,0.0,0.0
2020-06-09 00:00:00-04:00,1.7188730432771975,1.7853030561122314,1.7188730432771975,1.752087950706482,108800,0.0,0.0
2020-06-10 00:00:00-04:00,1.760391779284646,1.760391779284646,1.6441395965647416,1.6607470512390137,162600,0.0,0.0
2020-06-11 00:00:00-04:00,1.619228549156065,1.6773546453479053,1.5029761587958916,1.6358360052108765,275800,0.0,0.0
2020-06-12 00:00:00-04:00,1.7105691201947135,1.7105691201947135,1.5694056808253565,1.6773542165756226,153400,0.0,0.0
2020-06-15 00:00:00-04:00,1.6358354951419647,1.7354802004006764,1.6358354951419647,1.7105690240859985,100100,0.0,0.0
2020-06-16 00:00:00-04:00,1.8102138889914083,1.8102138889914083,1.6275317352421446,1.7022652626037598,88000,0.0,0.0
2020-06-17 00:00:00-04:00,1.7188731425989658,1.735480597273238,1.6358358692276056,1.6607470512390137,57300,0.0,0.0
2020-06-18 00:00:00-04:00,1.6607466823701909,1.7022653098341591,1.5943167794396254,1.6856578588485718,107700,0.0,0.0
2020-06-19 00:00:00-04:00,1.6939616322766955,1.76039143809886,1.627531826454531,1.6690504550933838,172200,0.0,0.0
2020-06-22 00:00:00-04:00,1.6607468345258158,1.702265465793671,1.569405746748309,1.6939617395401,119600,0.0,0.0
2020-06-23 00:00:00-04:00,1.6939617674062653,1.6939617674062653,1.5777094989556615,1.6441394090652466,154400,0.0,0.0
2020-06-24 00:00:00-04:00,1.652443461265688,1.6690509173204997,1.5943172660856013,1.6358360052108765,102400,0.0,0.0
2020-06-25 00:00:00-04:00,1.6109243294134288,1.6939615843413656,1.6109243294134288,1.6856578588485718,81500,0.0,0.0
2020-06-26 00:00:00-04:00,1.6856578120789565,1.8268213395162118,1.6607466362917513,1.7022652626037598,344600,0.0,0.0
2020-06-29 00:00:00-04:00,1.7105690240859985,1.7437839258389023,1.6856578477713204,1.7105690240859985,84600,0.0,0.0
2020-06-30 00:00:00-04:00,1.6939618436944235,1.7354804775150785,1.6607469366378995,1.7188730239868164,53000,0.0,0.0
2020-07-01 00:00:00-04:00,1.718872960687738,1.7769992438725635,1.6939617813127221,1.7603915929794312,76900,0.0,0.0
2020-07-02 00:00:00-04:00,1.785302996635437,1.8102141763774926,1.7603916189169233,1.785302996635437,68200,0.0,0.0
2020-07-06 00:00:00-04:00,1.793606762840458,1.793606762840458,1.7022655704585545,1.7188730239868164,54900,0.0,0.0
2020-07-07 00:00:00-04:00,1.7188728460994862,1.7437840238138043,1.6690504906708499,1.6773542165756226,50300,0.0,0.0
2020-07-08 00:00:00-04:00,1.6773545396533494,1.7437843596866764,1.6607470846450176,1.7271769046783447,101200,0.0,0.0
2020-07-09 00:00:00-04:00,1.7271764863125403,1.7769990372457343,1.6524429568773973,1.6856578588485718,95500,0.0,0.0
2020-07-10 00:00:00-04:00,1.7022655704585545,1.7271767507509475,1.6607469366378995,1.7188730239868164,58700,0.0,0.0
2020-07-13 00:00:00-04:00,1.7105692342293992,1.7769992438725635,1.6773543283960448,1.7603915929794312,67200,0.0,0.0
2020-07-14 00:00:00-04:00,1.7520876512771284,1.776999025568237,1.6607466714566426,1.7105690240859985,47300,0.0,0.0
2020-07-15 00:00:00-04:00,1.7437842333069415,1.826821700306989,1.7271767795022253,1.8019105195999146,124500,0.0,0.0
2020-07-16 00:00:00-04:00,1.7769990510105587,1.8102139532390196,1.7271764996914338,1.743783950805664,56700,0.0,0.0
2020-07-17 00:00:00-04:00,1.7354804775150785,1.768695582548065,1.6939618436944235,1.7188730239868164,65900,0.0,0.0
2020-07-20 00:00:00-04:00,1.7022655704585545,1.7603916578074714,1.6856581169302924,1.7188730239868164,43400,0.0,0.0
2020-07-21 00:00:00-04:00,1.7105693164198763,1.760391677563803,1.7022655895625551,1.752087950706482,28700,0.0,0.0
2020-07-22 00:00:00-04:00,1.7437840970615266,1.7437840970615266,1.6275319295115316,1.6939617395401,249000,0.0,0.0
2020-07-23 00:00:00-04:00,1.6773541333557782,1.7271764863125403,1.6690504078629844,1.6856578588485718,52600,0.0,0.0
2020-07-24 00:00:00-04:00,1.6856578588485718,1.710569035326953,1.6441392313846035,1.6856578588485718,86400,0.0,0.0
2020-07-27 00:00:00-04:00,1.7105689878661614,1.727176438390965,1.644139185766948,1.7022652626037598,69900,0.0,0.0
2020-07-28 00:00:00-04:00,1.7105694152618298,1.7105694152618298,1.6607470512390137,1.6607470512390137,43200,0.0,0.0
2020-07-29 00:00:00-04:00,1.6773541223330946,1.7188727495242244,1.6690503968948684,1.7105690240859985,40400,0.0,0.0
2020-07-30 00:00:00-04:00,1.693961862705234,1.7769993292549102,1.693961862705234,1.752087950706482,65100,0.0,0.0
2020-07-31 00:00:00-04:00,1.7354801636533665,1.7437838889157682,1.6939615373413581,1.7022652626037598,76100,0.0,0.0
2020-08-03 00:00:00-04:00,1.702265722165847,1.7437843596866764,1.6856582671575153,1.7271769046783447,68000,0.0,0.0
2020-08-04 00:00:00-04:00,1.7188727741343186,1.7520876763627793,1.6856578719058577,1.743783950805664,25100,0.0,0.0
2020-08-05 00:00:00-04:00,1.7354802252485488,1.743783950805664,1.7271764996914338,1.743783950805664,26200,0.0,0.0
2020-08-06 00:00:00-04:00,1.7271763452992899,1.7437837949289818,1.7188726204844438,1.7354800701141357,28500,0.0,0.0
2020-08-07 00:00:00-04:00,1.7354804136044153,1.768695517414225,1.7022655077710607,1.7603915929794312,50600,0.0,0.0
2020-08-10 00:00:00-04:00,1.7853030998992094,1.8600366434480413,1.7437842666178334,1.8102142810821533,112500,0.0,0.0
2020-08-11 00:00:00-04:00,1.8351254272093471,1.926466423135287,1.7936067926975563,1.8019105195999146,103400,0.0,0.0
2020-08-12 00:00:00-04:00,1.8351255317513329,1.8932516233791215,1.7603917873962704,1.8849478960037231,66800,0.0,0.0
2020-08-13 00:00:00-04:00,1.8932511806488037,1.926466082383206,1.868340004348002,1.8932511806488037,36800,0.0,0.0
2020-08-14 00:00:00-04:00,1.8849476308169428,1.9347699880599976,1.8600364521954156,1.9347699880599976,57200,0.0,0.0
2020-08-17 00:00:00-04:00,1.9430736303329466,1.9845924575518015,1.9347699044844637,1.9430736303329468,75000,0.0,0.0
2020-08-18 00:00:00-04:00,1.9430738137103527,1.9430738137103527,1.8434290941245979,1.9015551805496216,84700,0.0,0.0
2020-08-19 00:00:00-04:00,1.9098584199226296,1.959680767004411,1.9015546954089995,1.9264658689498901,36800,0.0,0.0
2020-08-20 00:00:00-04:00,1.8932509708953693,1.9347695934635203,1.884947246381739,1.9264658689498901,12500,0.0,0.0
2020-08-21 00:00:00-04:00,1.9181624541181297,1.9181624541181297,1.8434289214299415,1.8600363731384277,75000,0.0,0.0
2020-08-24 00:00:00-04:00,1.860036713877528,1.9347702602561134,1.8102143496251377,1.8849478960037231,23300,0.0,0.0
2020-08-25 00:00:00-04:00,1.8849476357816655,1.8849476357816655,1.8434290046364317,1.8517327308654785,7900,0.0,0.0
2020-08-26 00:00:00-04:00,1.8434291185712737,1.8517328453135398,1.7936067581176758,1.7936067581176758,26600,0.0,0.0
2020-08-27 00:00:00-04:00,1.818518198890671,1.818518198890671,1.760391905390364,1.7686958312988281,47900,0.0,0.0
2020-08-28 00:00:00-04:00,1.785303195183986,1.793606922688152,1.6607470846450176,1.7271769046783447,56800,0.0,0.0
2020-08-31 00:00:00-04:00,1.7520876512771284,1.7520876512771284,1.6939615732095465,1.7105690240859985,43900,0.0,0.0
2020-09-01 00:00:00-04:00,1.6939615373413581,1.7022652626037598,1.6607466362917513,1.7022652626037598,45100,0.0,0.0
2020-09-02 00:00:00-04:00,1.702265722165847,1.7520880871908424,1.6856582671575153,1.7271769046783447,71500,0.0,0.0
2020-09-03 00:00:00-04:00,1.7354800701141357,1.7437837949289818,1.7022651708547518,1.7354800701141357,22200,0.0,0.0
2020-09-04 00:00:00-04:00,1.7437844495264165,1.7936070150947496,1.6690508981386525,1.7686958312988281,68800,0.0,0.0
2020-09-08 00:00:00-04:00,1.7769994676798202,1.785303195183986,1.710569449670013,1.7271769046783447,34600,0.0,0.0
2020-09-09 00:00:00-04:00,1.7271764749624503,1.7271764749624503,1.6856578477713204,1.7105690240859985,89200,0.0,0.0
2020-09-10 00:00:00-04:00,1.6939615373413581,1.727176438390965,1.6856578120789565,1.7022652626037598,58400,0.0,0.0
2020-09-11 00:00:00-04:00,1.6939615732095465,1.7188727495242244,1.6856578477713204,1.7105690240859985,42800,0.0,0.0
2020-09-14 00:00:00-04:00,1.7354804969918398,1.7853030561122314,1.693961862705234,1.752087950706482,87100,0.0,0.0
2020-09-15 00:00:00-04:00,1.7437839258389023,1.7437839258389023,1.7022652986477724,1.7105690240859985,18100,0.0,0.0
2020-09-16 00:00:00-04:00,1.727176438390965,1.7437838889157682,1.6856578120789565,1.7022652626037598,41700,0.0,0.0
2020-09-17 00:00:00-04:00,1.6939618062714419,1.785302996635437,1.6939618062714419,1.785302996635437,63100,0.0,0.0
2020-09-18 00:00:00-04:00,1.8185179734046308,1.826821700306989,1.718873052599867,1.8019105195999146,147500,0.0,0.0
2020-09-21 00:00:00-04:00,1.793606438466605,1.8019101637290067,1.669050361554153,1.7022652626037598,93300,0.0,0.0
2020-09-22 00:00:00-04:00,1.6939618436944235,1.7437842042792095,1.6773543901661616,1.7188730239868164,30900,0.0,0.0
2020-09-23 00:00:00-04:00,1.7354802004006764,1.7437839258389023,1.6773541223330946,1.7105690240859985,72500,0.0,0.0
2020-09-24 00:00:00-04:00,1.7188727131285633,1.7188727131285633,1.6773540868165546,1.7022652626037598,23700,0.0,0.0
2020-09-25 00:00:00-04:00,1.6856578477713204,1.7188727495242244,1.6856578477713204,1.7105690240859985,19400,0.0,0.0
2020-09-28 00:00:00-04:00,1.7105692972226856,1.7437842042792095,1.7105692972226856,1.7188730239868164,23800,0.0,0.0
2020-09-29 00:00:00-04:00,1.7271764996914338,1.743783950805664,1.7022653230200882,1.743783950805664,31800,0.0,0.0
2020-09-30 00:00:00-04:00,1.768695602397589,1.7936067829695526,1.7188730432771975,1.752087950706482,28700,0.0,0.0
2020-10-01 00:00:00-04:00,1.7520875197438277,1.7520875197438277,1.710568895669598,1.7354800701141357,28900,0.0,0.0
2020-10-02 00:00:00-04:00,1.7188726204844438,1.7437837949289818,1.7022651708547518,1.7354800701141357,40400,0.0,0.0
2020-10-05 00:00:00-04:00,1.743784165755553,1.785302996635437,1.7354804391748677,1.785302996635437,50700,0.0,0.0
2020-10-06 00:00:00-04:00,1.7853032871627756,1.8268219268226447,1.760391905390364,1.7686958312988281,33400,0.0,0.0
2020-10-07 00:00:00-04:00,1.776999270054752,1.8185179029581777,1.7603916189169233,1.785302996635437,46400,0.0,0.0
2020-10-08 00:00:00-04:00,1.818518198890671,1.818518198890671,1.7686958312988281,1.7686958312988281,27000,0.0,0.0
2020-10-09 00:00:00-04:00,1.8019104497968073,1.8185179029581777,1.7686955434740665,1.785302996635437,18800,0.0,0.0
2020-10-12 00:00:00-04:00,1.785302970330902,1.810214149705918,1.7437841400627538,1.7603915929794312,45300,0.0,0.0
2020-10-13 00:00:00-04:00,1.7271767507509475,1.7437842042792095,1.7022655704585545,1.7188730239868164,92000,0.0,0.0
2020-10-14 00:00:00-04:00,1.6939620819345738,1.7853032871627756,1.6939620819345738,1.7686958312988281,24300,0.0,0.0
2020-10-15 00:00:00-04:00,1.7686955087356042,1.7853029615707923,1.6939617730008043,1.7769992351531982,51100,0.0,0.0
2020-10-16 00:00:00-04:00,1.743783950805664,1.7769990510105587,1.7022653230200882,1.743783950805664,59000,0.0,0.0
2020-10-19 00:00:00-04:00,1.7354804775150785,1.768695582548065,1.7022655704585545,1.7188730239868164,34500,0.0,0.0
2020-10-20 00:00:00-04:00,1.7437841400627538,2.0261112355991777,1.718872960687738,1.7603915929794312,272700,0.0,0.0
2020-10-21 00:00:00-04:00,1.7603914019198945,1.8019102276819043,1.7271764996914338,1.743783950805664,23200,0.0,0.0
2020-10-22 00:00:00-04:00,1.7686953254534434,1.7769990510105587,1.7022653230200882,1.743783950805664,42100,0.0,0.0
2020-10-23 00:00:00-04:00,1.7769990510105587,1.7853027765676739,1.7188727741343186,1.743783950805664,68100,0.0,0.0
2020-10-26 00:00:00-04:00,1.7271767701345186,1.760391677563803,1.7188730432771975,1.752087950706482,32000,0.0,0.0
2020-10-27 00:00:00-04:00,1.7354802004006764,1.7520876512771284,1.6856578477713204,1.7105690240859985,60800,0.0,0.0
2020-10-28 00:00:00-04:00,1.6607466823701909,1.7022653098341591,1.6607466823701909,1.6856578588485718,85000,0.0,0.0
2020-10-29 00:00:00-04:00,1.6773541333557782,1.7022653098341591,1.6607466823701909,1.6856578588485718,42200,0.0,0.0
2020-10-30 00:00:00-04:00,1.669050361554153,1.7354801636533665,1.669050361554153,1.7022652626037598,38600,0.0,0.0
2020-11-02 00:00:00-05:00,1.693961446039906,1.7520875197438277,1.693961446039906,1.7354800701141357,33600,0.0,0.0
2020-11-03 00:00:00-05:00,1.7354807215944428,1.7936070150947496,1.6773546260706262,1.7686958312988281,72200,0.0,0.0
2020-11-04 00:00:00-05:00,1.7686953887417534,1.868340098992671,1.7603914649110695,1.8600363731384277,41700,0.0,0.0
2020-11-05 00:00:00-05:00,1.843428999781064,1.9430737142671732,1.8185178211595368,1.9347699880599976,80600,0.0,0.0
2020-11-06 00:00:00-05:00,1.9430734488045684,2.0759332479445303,1.826821297786471,2.001199722290039,114500,0.0,0.0
2020-11-09 00:00:00-05:00,2.0759333731204235,2.1506669032812424,2.026111019679877,2.0842370986938477,230600,0.0,0.0
2020-11-10 00:00:00-05:00,2.1340601082972137,2.2420087719193096,2.0842377395377056,2.2337050437927246,152900,0.0,0.0
2020-11-11 00:00:00-05:00,2.1921862528719442,2.2420086182158223,2.1589711446662103,2.2254011631011963,87900,0.0,0.0
2020-11-12 00:00:00-05:00,2.2420080467918595,2.2420080467918595,2.1423631435242676,2.158970594406128,112300,0.0,0.0
2020-11-13 00:00:00-05:00,2.1672748722235236,2.275223528445075,2.1672748722235236,2.2254011631011963,87600,0.0,0.0
2020-11-16 00:00:00-05:00,2.2420082092285156,2.316741743611436,2.2170970311008755,2.2420082092285156,162800,0.0,0.0
2020-11-17 00:00:00-05:00,2.258615732192993,2.2835269111023906,2.242008279586728,2.258615732192993,79600,0.0,0.0
2020-11-18 00:00:00-05:00,2.2669199562990636,2.2918311406788177,2.22540131566614,2.2337050437927246,47100,0.0,0.0
2020-11-19 00:00:00-05:00,2.2337050437927246,2.2586162281724786,2.2170975875395555,2.2337050437927246,31200,0.0,0.0
2020-11-20 00:00:00-05:00,2.208793080374638,2.283526607155486,2.200489355176766,2.2170968055725098,30400,0.0,0.0
2020-11-23 00:00:00-05:00,2.2170968055725098,2.2752228819576144,2.200489355176766,2.2170968055725098,90000,0.0,0.0
2020-11-24 00:00:00-05:00,2.2420082092285156,2.291830565483796,2.2004895790157817,2.2420082092285156,154500,0.0,0.0
2020-11-25 00:00:00-05:00,2.325045261968,2.449601339456604,2.2918303607647528,2.4329938888549805,445800,0.0,0.0
2020-11-27 00:00:00-05:00,2.491120216026661,2.6571949366903946,2.457905311489204,2.6488912105560303,140900,0.0,0.0
2020-11-30 00:00:00-05:00,2.582461402368597,2.6488914145354405,2.491120407856824,2.507727861404419,233200,0.0,0.0
2020-12-01 00:00:00-05:00,2.540942077446261,2.6239795205772243,2.4080824851989746,2.4080824851989746,116500,0.0,0.0
2020-12-02 00:00:00-05:00,2.4329938888549805,2.5492460430663453,2.349956437870435,2.4329938888549805,108300,0.0,0.0
2020-12-03 00:00:00-05:00,2.441297614155792,2.4828162406598513,2.424690163554169,2.4329938888549805,49600,0.0,0.0
2020-12-04 00:00:00-05:00,2.441297700283347,2.5990686845412663,2.441297700283347,2.5907647609710693,100100,0.0,0.0
2020-12-07 00:00:00-05:00,2.61567672666102,2.61567672666102,2.549246708926654,2.607372999191284,145500,0.0,0.0
2020-12-08 00:00:00-05:00,2.6156764030456543,2.6322838559304276,2.582461299299654,2.6156764030456543,161700,0.0,0.0
2020-12-09 00:00:00-05:00,2.640587582372814,2.657195035257587,2.607372676603268,2.6156764030456543,83800,0.0,0.0
2020-12-10 00:00:00-05:00,2.6156765473222507,2.6156765473222507,2.4911204458396803,2.57415771484375,136200,0.0,0.0
2020-12-11 00:00:00-05:00,2.5658530646985342,2.6322830539754287,2.540941892960847,2.623979330062866,52600,0.0,0.0
2020-12-14 00:00:00-05:00,2.6239801882346248,2.640587641491211,2.5409427239752334,2.582461357116699,148600,0.0,0.0
2020-12-15 00:00:00-05:00,2.5907652805379664,2.7402325691771487,2.5907652805379664,2.707017660140991,95600,0.0,0.0
2020-12-16 00:00:00-05:00,2.7319286714277218,2.7983584853543775,2.715321217946058,2.7236249446868896,140500,0.0,0.0
2020-12-17 00:00:00-05:00,2.748535924168402,2.748535924168402,2.6322837582873015,2.6488912105560303,313500,0.0,0.0
2020-12-18 00:00:00-05:00,2.6738024326451852,2.7734471478856073,2.6738024326451852,2.7153210639953613,519100,0.0,0.0
2020-12-21 00:00:00-05:00,2.7153212701271343,2.773447358429983,2.549246534142529,2.57415771484375,163300,0.0,0.0
2020-12-22 00:00:00-05:00,2.557550237585202,2.582461418057939,2.466209242518501,2.482816696166992,271200,0.0,0.0
2020-12-23 00:00:00-05:00,2.4911200881346156,2.549246168091021,2.4911200881346156,2.516031265258789,148200,0.0,0.0
2020-12-24 00:00:00-05:00,2.532638716674905,2.540942442382963,2.4662089110104417,2.516031265258789,49500,0.0,0.0
2020-12-28 00:00:00-05:00,2.55755017723182,2.673802548004384,2.55755017723182,2.582461357116699,235100,0.0,0.0
2020-12-29 00:00:00-05:00,2.6156756061503037,2.657194225713116,2.5824605125236593,2.623979330062866,115500,0.0,0.0
2020-12-30 00:00:00-05:00,2.6156764581607836,2.6821062710996237,2.6156764581607836,2.6571950912475586,197200,0.0,0.0
2020-12-31 00:00:00-05:00,2.6738025842418978,2.740232398168554,2.5824613921162842,2.7236249446868896,140500,0.0,0.0
2021-01-04 00:00:00-05:00,2.7651435783910494,2.7900547586135453,2.632283950537738,2.7236249446868896,251200,0.0,0.0
2021-01-05 00:00:00-05:00,2.7402325525871847,2.7900549158397854,2.698713916543351,2.731928825378418,394700,0.0,0.0
2021-01-06 00:00:00-05:00,2.7900548445309794,2.9312184014485996,2.7734473905379025,2.9063072204589844,297300,0.0,0.0
2021-01-07 00:00:00-05:00,2.95612973832259,3.1055970301185463,2.8647887365440203,2.9146111011505127,241000,0.0,0.0
2021-01-08 00:00:00-05:00,2.9478258554416765,2.98104076342783,2.8647885854762927,2.9063072204589844,101500,0.0,0.0
2021-01-11 00:00:00-05:00,3.113900898512093,3.371316658608069,3.0723822594605625,3.279975652694702,826700,0.0,0.0
2021-01-12 00:00:00-05:00,3.412835002969745,3.412835002969745,3.1305079022222335,3.2052414417266846,492500,0.0,0.0
2021-01-13 00:00:00-05:00,3.238456572060735,3.3131901121631357,3.155419107303829,3.2301528453826904,384300,0.0,0.0
2021-01-14 00:00:00-05:00,3.2550645357594905,3.2965831756591797,3.1969382419234345,3.2965831756591797,219200,0.0,0.0
2021-01-15 00:00:00-05:00,3.279975652694702,3.3214942917462325,3.138812081943011,3.279975652694702,247400,0.0,0.0
2021-01-19 00:00:00-05:00,3.2135450270300723,3.2218489512529906,3.072381680840107,3.1720263957977295,284200,0.0,0.0
2021-01-20 00:00:00-05:00,3.196937209865869,3.246759759637924,3.0723813303767993,3.088988780975342,170900,0.0,0.0
2021-01-21 00:00:00-05:00,3.0806853301938064,3.105596508311438,2.9312180635115705,2.9395217895507812,200900,0.0,0.0
2021-01-22 00:00:00-05:00,2.939522233109591,3.0308634313002702,2.839877505603186,2.989344596862793,165400,0.0,0.0
2021-01-25 00:00:00-05:00,3.0059519823030945,3.0225596344819543,2.9063072570887574,2.9727370738983154,151300,0.0,0.0
2021-01-26 00:00:00-05:00,2.989343964870775,3.0308627905305516,2.922914160577426,2.9810402393341064,161000,0.0,0.0
2021-01-27 00:00:00-05:00,2.906307390054125,3.0723821376525136,2.8066626602809794,3.0059521198272705,309800,0.0,0.0
2021-01-28 00:00:00-05:00,3.0059519661924328,3.0640782535657336,2.9312184226822207,2.997648239135742,153800,0.0,0.0
2021-01-29 00:00:00-05:00,2.981040262465868,2.981040262465868,2.8481806528482285,2.931217908859253,120400,0.0,0.0
2021-02-01 00:00:00-05:00,3.0059514159441125,3.0059514159441125,2.9146104350407573,2.9810402393341064,99800,0.0,0.0
2021-02-02 00:00:00-05:00,3.0059517122032986,3.1222040791506394,2.972736806783045,3.097292900085449,106700,0.0,0.0
2021-02-03 00:00:00-05:00,3.122204950083804,3.1388124074265495,2.981041364693958,3.014256477355957,173000,0.0,0.0
2021-02-04 00:00:00-05:00,3.0142552532819,3.097292506274613,2.947825252911302,3.088988780975342,154900,0.0,0.0
2021-02-05 00:00:00-05:00,3.0806850556760703,3.113899956873156,3.005951330006201,3.088988780975342,104300,0.0,0.0
2021-02-08 00:00:00-05:00,3.0640781138453392,3.238456572060735,3.0557743871672947,3.2301528453826904,157400,0.0,0.0
2021-02-09 00:00:00-05:00,3.2301532858328654,3.3630131287742504,3.2301532858328654,3.279975652694702,263600,0.0,0.0
2021-02-10 00:00:00-05:00,3.3214938388411803,3.3214938388411803,3.213545194050141,3.2301528453826904,104400,0.0,0.0
2021-02-11 00:00:00-05:00,3.2799754401509658,3.2965828946954083,3.113900696730067,3.180330514907837,110200,0.0,0.0
2021-02-12 00:00:00-05:00,3.1803297592673263,3.1886334845665973,3.039166429179714,3.088988780975342,152800,0.0,0.0
2021-02-16 00:00:00-05:00,3.1139005382493687,3.122204265098975,3.0308632697533047,3.055774450302124,120000,0.0,0.0
2021-02-17 00:00:00-05:00,3.0557738797782563,3.113899956873156,3.0142552532819,3.088988780975342,106600,0.0,0.0
2021-02-18 00:00:00-05:00,3.097292900085449,3.097292900085449,2.939521901362791,3.097292900085449,133500,0.0,0.0
2021-02-19 00:00:00-05:00,3.0889892153229392,3.1720264799916515,3.080685488856068,3.1637227535247803,95900,0.0,0.0
2021-02-22 00:00:00-05:00,3.17202643728102,3.17202643728102,3.055774268310132,3.097292900085449,105300,0.0,0.0
2021-02-23 00:00:00-05:00,3.09729325693864,3.09729325693864,2.9395222400384684,3.0391671657562256,100000,0.0,0.0
2021-02-24 00:00:00-05:00,3.064077854156494,3.1305076619507455,2.997647848385799,3.064077854156494,88300,0.0,0.0
2021-02-25 00:00:00-05:00,3.0723820750033197,3.130508166185734,3.0225597111326787,3.0391671657562256,75200,0.0,0.0
2021-02-26 00:00:00-05:00,3.064078036718311,3.072381763187339,2.9644331211135144,3.022559404373169,87700,0.0,0.0
2021-03-01 00:00:00-05:00,3.08898900691147,3.1139001846313477,2.9976478239621427,3.1139001846313477,111400,0.0,0.0
2021-03-02 00:00:00-05:00,3.088988780975342,3.172026033968055,3.0806850556760703,3.088988780975342,96600,0.0,0.0
2021-03-03 00:00:00-05:00,3.0723815801307754,3.138811387925027,3.022559224285087,3.064077854156494,58100,0.0,0.0
2021-03-04 00:00:00-05:00,3.047470738847808,3.130508007763362,3.0225595581731417,3.0308632850646973,128200,0.0,0.0
2021-03-05 00:00:00-05:00,3.0889889241675124,3.1305075525884933,2.9893440179807222,3.122203826904297,97100,0.0,0.0
2021-03-08 00:00:00-05:00,3.080685164326757,3.271671050922182,3.080685164326757,3.196937322616577,124700,0.0,0.0
2021-03-09 00:00:00-05:00,3.2384564753185896,3.2633676546085533,3.155419013042255,3.188633918762207,179300,0.0,0.0
2021-03-10 00:00:00-05:00,3.180330261891868,3.2384565461495662,3.1637228086686564,3.2052414417266846,107300,0.0,0.0
2021-03-11 00:00:00-05:00,3.2052414673720966,3.238456572060735,3.1720265606599183,3.2301528453826904,127200,0.0,0.0
2021-03-12 00:00:00-05:00,3.321493315865127,3.6868576281246344,3.2633672382708876,3.670250177383423,1168300,0.0,0.0
2021-03-15 00:00:00-04:00,3.6785541808366897,3.778199294132361,3.5706059350251524,3.7449843883514404,477100,0.0,0.0
2021-03-16 00:00:00-04:00,3.778199574299421,3.778199574299421,3.570606199798419,3.6204285621643066,239100,0.0,0.0
2021-03-17 00:00:00-04:00,3.6121244281978417,3.6868581654004666,3.51247970922962,3.570605993270874,228500,0.0,0.0
2021-03-18 00:00:00-04:00,3.5789092079858116,3.6121241113954294,3.479264497756958,3.479264497756958,273600,0.0,0.0
2021-03-19 00:00:00-04:00,3.5290876512185885,3.5872139433111405,3.363013096601255,3.3796205520629883,618500,0.0,0.0
2021-03-22 00:00:00-04:00,3.238456109812445,3.512479249051068,3.238456109812445,3.3713157176971436,290400,0.0,0.0
2021-03-23 00:00:00-04:00,3.3630123138427734,3.570605656772503,3.3297974106502473,3.3630123138427734,599400,0.0,0.0
2021-03-24 00:00:00-04:00,3.421138899340026,3.6868585754262946,3.421138899340026,3.4543538093566895,329600,0.0,0.0
2021-03-25 00:00:00-04:00,3.462657913233402,3.5623026484170874,3.363013178049717,3.5373916625976562,269900,0.0,0.0
2021-03-26 00:00:00-04:00,3.553999090042164,3.6536438244290435,3.4875688711646005,3.628732442855835,217300,0.0,0.0
2021-03-29 00:00:00-04:00,3.5706063780975423,3.6785546373042535,3.5041761623395433,3.6453397274017334,310300,0.0,0.0
2021-03-30 00:00:00-04:00,3.6536438244290435,3.7117697215115677,3.578910075662395,3.628732442855835,216100,0.0,0.0
2021-03-31 00:00:00-04:00,3.6370361533454587,3.6868585175888677,3.595517318499474,3.6536436080932617,314200,0.0,0.0
2021-04-01 00:00:00-04:00,3.653643034485484,3.695161466860282,3.628731658298292,3.6868579387664795,429700,0.0,0.0
2021-04-05 00:00:00-04:00,3.6785538250322505,3.803109907639595,3.6619463737481293,3.7532875537872314,425400,0.0,0.0
2021-04-06 00:00:00-04:00,3.7615909252314044,3.778198374077672,3.720072105139328,3.7366795539855957,212900,0.0,0.0
2021-04-07 00:00:00-04:00,3.736680597596145,3.736680597596145,3.5789095915166236,3.5872135162353516,210100,0.0,0.0
2021-04-08 00:00:00-04:00,3.6204287429513227,3.6785546373042535,3.5789099075966933,3.6453397274017334,241900,0.0,0.0
2021-04-09 00:00:00-04:00,3.6453394054547537,3.6453394054547537,3.570606062750819,3.5872135162353516,172800,0.0,0.0
2021-04-12 00:00:00-04:00,3.479264870609428,3.6370358766889495,3.479264870609428,3.5872135162353516,160100,0.0,0.0
2021-04-13 00:00:00-04:00,3.5706065457733107,3.7034661916224834,3.5706065457733107,3.628732442855835,190300,0.0,0.0
2021-04-14 00:00:00-04:00,3.661947011947632,3.728376828661421,3.637036028656431,3.661947011947632,266800,0.0,0.0
2021-04-15 00:00:00-04:00,3.6951611555188104,3.720072529607057,3.645338803295177,3.670250177383423,175100,0.0,0.0
2021-04-16 00:00:00-04:00,3.678554984382754,3.678554984382754,3.562302788755323,3.6121251583099365,147900,0.0,0.0
2021-04-19 00:00:00-04:00,3.5789095218751013,3.628731881359212,3.52908716239099,3.570605993270874,171800,0.0,0.0
2021-04-20 00:00:00-04:00,3.553998889746103,3.6121247835527717,3.5124800547816637,3.5789098739624023,137800,0.0,0.0
2021-04-21 00:00:00-04:00,3.5539987577641945,3.678554466126079,3.512479924341606,3.661947011947632,140000,0.0,0.0
2021-04-22 00:00:00-04:00,3.6702514751932385,3.6951624621372114,3.6121251790689706,3.6370365619659424,177600,0.0,0.0
2021-04-23 00:00:00-04:00,3.6536436528538427,3.6951620922555133,3.6370361979025825,3.6453397274017334,178500,0.0,0.0
2021-04-26 00:00:00-04:00,3.670250391151397,3.736680197985342,3.6370354877344244,3.7200727462768555,216100,0.0,0.0
2021-04-27 00:00:00-04:00,3.7366795539855957,3.778198374077672,3.6951607338935197,3.7366795539855957,497000,0.0,0.0
2021-04-28 00:00:00-04:00,3.7781986579476294,3.852931985394418,3.6702500343599045,3.7283759117126465,293600,0.0,0.0
2021-04-29 00:00:00-04:00,3.7366795539855957,3.778198374077672,3.6702497586005243,3.7366795539855957,248300,0.0,0.0
2021-04-30 00:00:00-04:00,3.695161071259224,3.894450871562276,3.695161071259224,3.778198719024658,830400,0.0,0.0
2021-05-03 00:00:00-04:00,3.811413619749692,3.8363245973170423,3.7449838182996245,3.778198719024658,218200,0.0,0.0
2021-05-04 00:00:00-04:00,3.7865025504840992,3.9276660878847482,3.753287647090168,3.8861472606658936,442000,0.0,0.0
2021-05-05 00:00:00-04:00,3.8944520148882775,3.9940967463168944,3.836325723578435,3.95257830619812,618600,0.0,0.0
2021-05-06 00:00:00-04:00,3.9525774947950594,4.027310830048441,3.9442735709041927,3.985792398452759,445400,0.0,0.0
2021-05-07 00:00:00-04:00,3.985792443820562,4.077133231942469,3.96918499180268,4.05222225189209,382100,0.0,0.0
2021-05-10 00:00:00-04:00,4.068830735717363,4.193386855413881,3.9857934545706795,4.110349178314209,570600,0.0,0.0
2021-05-11 00:00:00-04:00,4.317940877112214,4.359459699296168,4.060525209049066,4.301333427429199,850800,0.0,0.0
2021-05-12 00:00:00-04:00,4.3594598863877465,4.699912817476925,4.3594598863877465,4.4341936111450195,942600,0.0,0.0
2021-05-13 00:00:00-04:00,4.3594610582843805,4.608573277138956,4.284727313437416,4.5504469871521,592100,0.0,0.0
2021-05-14 00:00:00-04:00,4.741433070520904,4.849381728605625,4.459105932746394,4.508928298950195,357000,0.0,0.0
2021-05-17 00:00:00-04:00,4.5255352455198965,4.849381183362226,4.492320338451902,4.558750152587891,575200,0.0,0.0
2021-05-18 00:00:00-04:00,4.56705439822559,4.766343854636198,4.525535563496903,4.6750030517578125,250300,0.0,0.0
2021-05-19 00:00:00-04:00,4.650090383143226,4.691609206366629,4.442497058931896,4.633482933044434,325800,0.0,0.0
2021-05-20 00:00:00-04:00,4.616876011085587,4.616876011085587,4.492319923119831,4.608572483062744,455600,0.0,0.0
2021-05-21 00:00:00-04:00,4.625181068763305,4.882596835814166,4.60026968668284,4.849381923675537,354000,0.0,0.0
2021-05-24 00:00:00-04:00,4.982240176269231,5.140011162698769,4.899202919188652,5.032062530517578,554000,0.0,0.0
2021-05-25 00:00:00-04:00,5.131707313973551,5.247959871537347,4.8659880874343155,4.882595539093018,316000,0.0,0.0
2021-05-26 00:00:00-04:00,4.949025131766487,4.998847484588623,4.849380426122216,4.998847484588623,303100,0.0,0.0
2021-05-27 00:00:00-04:00,5.065278083451624,5.148315351189599,4.957329437415792,5.015455722808838,469600,0.0,0.0
2021-05-28 00:00:00-04:00,5.032062283726196,5.065277184929443,4.741431700221357,4.865987777709961,464500,0.0,0.0
2021-06-01 00:00:00-04:00,4.8327734896416175,5.098492732979445,4.758039754476401,4.899203300476074,508900,0.0,0.0
2021-06-02 00:00:00-04:00,4.924114282618264,4.940721735330439,4.791254660920865,4.824469566345215,281300,0.0,0.0
2021-06-03 00:00:00-04:00,4.816123244412293,4.816123244412293,4.549024410781654,4.607452392578125,338300,0.03,0.0
2021-06-04 00:00:00-04:00,4.766043014794318,4.766043014794318,4.5657187595097986,4.674227714538574,347700,0.0,0.0
2021-06-07 00:00:00-04:00,4.791081926271999,5.024793424191419,4.674226376316295,4.807775974273682,489900,0.0,0.0
2021-06-08 00:00:00-04:00,4.8662032290091615,4.924631199133945,4.690919716642795,4.749347686767578,227300,0.0,0.0
2021-06-09 00:00:00-04:00,4.74100095199242,4.774388251808648,4.640839052543737,4.665879726409912,199700,0.0,0.0
2021-06-10 00:00:00-04:00,4.674225696203607,4.766040956813436,4.624144753509506,4.707612991333008,217900,0.0,0.0
2021-06-11 00:00:00-04:00,4.70761315449702,4.841162737651352,4.690919506353724,4.824469089508057,179200,0.0,0.0
2021-06-14 00:00:00-04:00,4.766043052522757,4.832817672143482,4.707615061350557,4.791083335876465,331900,0.0,0.0
2021-06-15 00:00:00-04:00,4.799430362333119,4.799430362333119,4.724308716255739,4.791083335876465,186600,0.0,0.0
2021-06-16 00:00:00-04:00,4.766040802001953,4.807775118562058,4.69091919139694,4.766040802001953,206800,0.0,0.0
2021-06-17 00:00:00-04:00,4.766041335659233,4.774387961101068,4.682573091200959,4.749347686767578,172400,0.0,0.0
2021-06-18 00:00:00-04:00,4.715961756009594,4.74100203760156,4.590759154025461,4.624146461486816,308100,0.0,0.0
2021-06-21 00:00:00-04:00,4.649187468186486,4.8077773887897735,4.54902514074727,4.791083335876465,517700,0.0,0.0
2021-06-22 00:00:00-04:00,4.8161223713550525,4.9663652141570225,4.6992668269535205,4.8745503425598145,403900,0.0,0.0
2021-06-23 00:00:00-04:00,4.882896808291307,4.916284105598655,4.690919649770071,4.757694244384766,456400,0.0,0.0
2021-06-24 00:00:00-04:00,4.791082121649466,4.791082121649466,4.4822493851685135,4.582411289215088,425300,0.0,0.0
2021-06-25 00:00:00-04:00,4.590758398093867,4.757694907912248,4.523983794166514,4.71596097946167,4889900,0.0,0.0
2021-06-28 00:00:00-04:00,4.715961340570597,5.05818141090665,4.7076143154365155,4.891244888305664,842400,0.0,0.0
2021-06-29 00:00:00-04:00,4.874550033937943,4.907937330224535,4.757694098926907,4.824469089508057,427400,0.0,0.0
2021-06-30 00:00:00-04:00,4.82446979892509,4.899591027612184,4.7660418228279955,4.88289737701416,146400,0.0,0.0
2021-07-01 00:00:00-04:00,4.9246320724487305,4.983059654926846,4.86620409196256,4.9246320724487305,451700,0.0,0.0
2021-07-02 00:00:00-04:00,4.9079376709550155,5.041486865372949,4.8161224007886885,5.016446590423584,838600,0.0,0.0
2021-07-06 00:00:00-04:00,4.958018769208526,5.149995941009813,4.907937819783148,4.949671745300293,950300,0.0,0.0
2021-07-07 00:00:00-04:00,4.983059594846445,5.099915554409862,4.899591336592612,5.0748748779296875,320100,0.0,0.0
2021-07-08 00:00:00-04:00,4.857857514868702,5.008100383078146,4.849510489853038,4.899591445922852,230800,0.0,0.0
2021-07-09 00:00:00-04:00,4.958018136101714,5.066527045004818,4.899590170228976,5.00809907913208,301900,0.0,0.0
2021-07-12 00:00:00-04:00,4.9997534243441875,5.091568710693404,4.924632188247613,5.024794101715088,226900,0.0,0.0
2021-07-13 00:00:00-04:00,5.033140125642793,5.083221072414365,4.949671483015521,5.04983377456665,208900,0.0,0.0
2021-07-14 00:00:00-04:00,5.0414879277402305,5.066528605974286,4.924632358000154,4.966366291046143,142800,0.0,0.0
2021-07-15 00:00:00-04:00,4.958019497346059,4.999753428992273,4.882897863171583,4.891244888305664,137900,0.0,0.0
2021-07-16 00:00:00-04:00,4.924631683009412,4.924631683009412,4.732654502888448,4.741001129150391,252800,0.0,0.0
2021-07-19 00:00:00-04:00,4.624145460160694,4.6825734345699495,4.515636535404083,4.649186134338379,330900,0.0,0.0
2021-07-20 00:00:00-04:00,4.674226830533411,4.882897674735867,4.615799248881874,4.799429416656494,229100,0.0,0.0
2021-07-21 00:00:00-04:00,4.8411632308468615,5.083221352588404,4.7827352573889685,4.958018779754639,322500,0.0,0.0
2021-07-22 00:00:00-04:00,4.924632012870184,4.983059594641438,4.866204033090879,4.941325664520264,139200,0.0,0.0
2021-07-23 00:00:00-04:00,4.96636529070741,4.999752589622472,4.899590692877286,4.991405963897705,146500,0.0,0.0
2021-07-26 00:00:00-04:00,4.966365824034198,5.066528129543584,4.941325546162882,4.97471284866333,403500,0.0,0.0
2021-07-27 00:00:00-04:00,4.974713028004853,5.016447356638983,4.857857465040567,4.9246320724487305,217500,0.0,0.0
2021-07-28 00:00:00-04:00,4.966366003074805,4.991406679856894,4.849510440110519,4.9246320724487305,161900,0.0,0.0
2021-07-29 00:00:00-04:00,4.907937716610051,5.041486912270297,4.907937716610051,4.991405963897705,181300,0.0,0.0
2021-07-30 00:00:00-04:00,4.991405953158164,5.008099602579778,4.932977981178522,4.983058929443359,174800,0.0,0.0
2021-08-02 00:00:00-04:00,4.97471284866333,5.133302734544482,4.932978521533749,4.97471284866333,371100,0.0,0.0
2021-08-03 00:00:00-04:00,4.958019663640176,5.049834953154275,4.8995916797660986,4.966366291046143,306400,0.0,0.0
2021-08-04 00:00:00-04:00,4.949671251578791,4.983058547865382,4.749347473859243,4.824469089508057,253000,0.0,0.0
2021-08-05 00:00:00-04:00,4.807775374263765,4.89959023876647,4.757694032524885,4.832815647125244,81200,0.0,0.0
2021-08-06 00:00:00-04:00,4.86620350660881,4.958018779754639,4.7827352573889685,4.958018779754639,181800,0.0,0.0
2021-08-09 00:00:00-04:00,5.300238740648694,5.508909560343588,5.091567920953801,5.400400638580322,1244300,0.0,0.0
2021-08-10 00:00:00-04:00,5.4421347542242176,5.759314483588914,5.283544889541869,5.4838690757751465,1127200,0.0,0.0
2021-08-11 00:00:00-04:00,5.525604257087842,5.634113199413296,5.36701435630635,5.533951282501221,740500,0.0,0.0
2021-08-12 00:00:00-04:00,5.575683987596953,5.759314526169087,5.558990338454758,5.750967502593994,511900,0.0,0.0
2021-08-13 00:00:00-04:00,5.7593137478177425,5.784354019142933,5.6508048440540835,5.709232807159424,385400,0.0,0.0
2021-08-16 00:00:00-04:00,5.675846984542525,5.784355518423196,5.625765632895397,5.6841936111450195,323600,0.0,0.0
2021-08-17 00:00:00-04:00,5.684193911259462,5.684193911259462,5.475523061075159,5.6007256507873535,282100,0.0,0.0
2021-08-18 00:00:00-04:00,5.6007245032890225,5.700886395333994,5.508909236577143,5.517256259918213,234500,0.0,0.0
2021-08-19 00:00:00-04:00,5.433788717641181,5.483869670125354,5.308586137426733,5.450482368469238,199500,0.0,0.0
2021-08-20 00:00:00-04:00,5.425442340175767,5.592378868362559,5.425442340175767,5.533951282501221,139800,0.0,0.0
2021-08-23 00:00:00-04:00,5.60072466031424,5.809395473595671,5.5506437128876565,5.750967502593994,787800,0.0,0.0
2021-08-24 00:00:00-04:00,5.801048450020579,5.809395473595671,5.6591526313159175,5.750967502593994,215300,0.0,0.0
2021-08-25 00:00:00-04:00,5.75096769133845,5.834435939788818,5.667499442888081,5.834435939788818,255700,0.0,0.0
2021-08-26 00:00:00-04:00,5.826089440151787,5.8427830902034765,5.74262118989334,5.809395790100098,135000,0.0,0.0
2021-08-27 00:00:00-04:00,5.834436723365821,5.942945659928278,5.792702792539684,5.89286470413208,391600,0.0,0.0
2021-08-30 00:00:00-04:00,5.926252496381235,5.993027109612423,5.792703269918857,5.901212215423584,300800,0.0,0.0
2021-08-31 00:00:00-04:00,5.926252015299667,6.068148255901128,5.859477407489111,6.03476095199585,641700,0.0,0.0
2021-09-01 00:00:00-04:00,6.03476144188596,6.043108069535815,5.801049897568711,5.901212215423584,211200,0.0,0.0
2021-09-02 00:00:00-04:00,5.959638629699872,6.176656477984186,5.884517403608234,6.10988187789917,432000,0.0,0.0
2021-09-03 00:00:00-04:00,6.126644807344728,6.269124984202086,6.051214031444725,6.176931858062744,266900,0.03,0.0
2021-09-07 00:00:00-04:00,6.2104551630078575,6.428366066799084,6.2104551630078575,6.361316680908203,597500,0.0,0.0
2021-09-08 00:00:00-04:00,6.36131743324389,6.56246561470578,6.168550226186623,6.311030387878418,652500,0.0,0.0
2021-09-09 00:00:00-04:00,6.369698084589655,6.595989977080147,6.327792415400093,6.545702934265137,505100,0.0,0.0
2021-09-10 00:00:00-04:00,6.5959899547014675,6.788757550973827,6.411604131672009,6.461891174316406,431600,0.0,0.0
2021-09-13 00:00:00-04:00,6.503797823625695,6.528941147369579,6.21883749022218,6.436748027801514,480800,0.0,0.0
2021-09-14 00:00:00-04:00,6.47027322979546,6.889332787837769,6.419986178745413,6.872570037841797,540300,0.0,0.0
2021-09-15 00:00:00-04:00,6.956381573408694,7.015049594617055,6.604371847574848,6.629515171051025,1457600,0.0,0.0
2021-09-16 00:00:00-04:00,6.58760846531073,6.805518966386305,6.369697564589297,6.378078937530518,836000,0.0,0.0
2021-09-17 00:00:00-04:00,6.403222444464809,6.621133351563816,6.28588601737466,6.336173057556152,706400,0.0,0.0
2021-09-20 00:00:00-04:00,6.227218979772477,6.227218979772477,5.850065895264742,5.908734321594238,880500,0.0,0.0
2021-09-21 00:00:00-04:00,5.984163937247308,6.176931142491418,5.959020614624023,5.959020614624023,673500,0.0,0.0
2021-09-22 00:00:00-04:00,6.017688690444294,6.336173710738199,5.975783019129357,6.311030387878418,286900,0.0,0.0
2021-09-23 00:00:00-04:00,6.369698117212004,6.394841838571229,6.143406223562561,6.2691240310668945,548600,0.0,0.0
2021-09-24 00:00:00-04:00,6.243980309707671,6.31941107413945,6.2104556143259675,6.2691240310668945,271900,0.0,0.0
2021-09-27 00:00:00-04:00,6.227218796229529,6.243981146165904,5.933877472519994,6.1182637214660645,489700,0.0,0.0
2021-09-28 00:00:00-04:00,6.051214108302837,6.07635783380418,5.9171153046849,5.992546081542969,344300,0.0,0.0
2021-09-29 00:00:00-04:00,6.0176887341565655,6.0428324568449,5.891971319652633,5.933876991271973,289100,0.0,0.0
2021-09-30 00:00:00-04:00,5.967403123904701,6.126645673514715,5.967403123904701,6.017690181732178,614100,0.0,0.0
2021-10-01 00:00:00-04:00,6.026070697252966,6.160169498975061,5.967402271676573,6.093120098114014,227400,0.0,0.0
2021-10-04 00:00:00-04:00,6.059594907909399,6.076357256769824,5.900352393912404,6.009307861328125,254500,0.0,0.0
2021-10-05 00:00:00-04:00,6.017688670108208,6.143406482919996,5.959020650536374,6.126644134521484,393400,0.0,0.0
2021-10-06 00:00:00-04:00,6.067975407959206,6.109881476655885,5.950638975112749,6.0009260177612305,135200,0.0,0.0
2021-10-07 00:00:00-04:00,6.06797590583551,6.243980769369306,6.0344512079858275,6.185312747955322,225100,0.0,0.0
2021-10-08 00:00:00-04:00,6.1936931989834925,6.378079421214765,6.17693085147573,6.3696980476379395,223300,0.0,0.0
2021-10-11 00:00:00-04:00,6.369698124271393,6.40322281969025,6.2104556212088715,6.260742664337158,195300,0.0,0.0
2021-10-12 00:00:00-04:00,6.302649021148682,6.352936066572564,6.260742950139156,6.302649021148682,108000,0.0,0.0
2021-10-13 00:00:00-04:00,6.319410989447931,6.344554710470184,6.193693183628443,6.277504920959473,101800,0.0,0.0
2021-10-14 00:00:00-04:00,6.36969879836111,6.394842522409099,6.21045627844634,6.2272186279296875,126500,0.0,0.0
2021-10-15 00:00:00-04:00,6.302649278111011,6.302649278111011,6.076357364654541,6.076357364654541,188400,0.0,0.0
2021-10-18 00:00:00-04:00,6.21045627844634,6.2272186279296875,6.084738857144202,6.2272186279296875,262100,0.0,0.0
2021-10-19 00:00:00-04:00,6.311030387878418,6.453510149924301,6.227218245956719,6.311030387878418,225600,0.0,0.0
2021-10-20 00:00:00-04:00,6.277505200219151,6.352935966995617,6.1853124848766985,6.327792644500732,135200,0.0,0.0
2021-10-21 00:00:00-04:00,6.369697654321631,6.487034079630672,6.294267295017322,6.361316680908203,155200,0.0,0.0
2021-10-22 00:00:00-04:00,6.344554726199241,6.411604116230289,6.311030031183716,6.3696980476379395,100900,0.0,0.0
2021-10-25 00:00:00-04:00,6.445129108243146,6.5540845718873095,6.352935992879168,6.403223037719727,210300,0.0,0.0
2021-10-26 00:00:00-04:00,6.445129200743021,6.445129200743021,6.2942680640562,6.386460781097412,162100,0.0,0.0
2021-10-27 00:00:00-04:00,6.386460534448006,6.721708291207494,6.352935838701238,6.621133804321289,302100,0.0,0.0
2021-10-28 00:00:00-04:00,6.62113427414845,6.771995415713824,6.5289411544799805,6.5289411544799805,331500,0.0,0.0
2021-10-29 00:00:00-04:00,6.487035766022911,6.830664157867432,6.4199863627016365,6.830664157867432,362400,0.0,0.0
2021-11-01 00:00:00-04:00,6.872570491708035,6.897713819070551,6.671422274223967,6.721709728240967,300400,0.0,0.0
2021-11-02 00:00:00-04:00,6.721708863586079,6.763614137369085,6.512178897857666,6.512178897857666,261100,0.0,0.0
2021-11-03 00:00:00-04:00,6.554083845693728,6.91447449360934,6.512177779813507,6.906093120574951,276900,0.0,0.0
2021-11-04 00:00:00-04:00,6.8725690136269275,7.056955239644088,6.81390099596811,6.973143100738525,782800,0.0,0.0
2021-11-05 00:00:00-04:00,7.023431072595506,7.626876439978365,6.914475603533889,7.517920970916748,635600,0.0,0.0
2021-11-08 00:00:00-05:00,7.6268751090257965,7.6352556826512465,7.383820889470032,7.5849690437316895,359800,0.0,0.0
2021-11-09 00:00:00-05:00,7.626875621919314,7.945359821271898,7.626875621919314,7.769355773925781,348800,0.0,0.0
2021-11-10 00:00:00-05:00,7.727450966984321,8.05431659316432,7.584970791724154,7.777737617492676,572400,0.0,0.0
2021-11-11 00:00:00-05:00,7.828025539191386,8.129747858305993,7.735832008881851,7.962124347686768,549500,0.0,0.0
2021-11-12 00:00:00-05:00,7.878309645770491,8.079458592776527,7.802879689846376,8.012409210205078,301300,0.0,0.0
2021-11-15 00:00:00-05:00,8.029171424106142,8.045934169954162,7.509538292193312,7.576587677001953,646900,0.0,0.0
2021-11-16 00:00:00-05:00,7.5514452288860525,7.752593406522549,7.434108392285525,7.685544013977051,289100,0.0,0.0
2021-11-17 00:00:00-05:00,7.652017367264145,7.794497489929199,7.61849267953658,7.794497489929199,258600,0.0,0.0
2021-11-18 00:00:00-05:00,7.861548133196008,7.962122212598027,7.660399974391968,7.819642066955566,278200,0.0,0.0
2021-11-19 00:00:00-05:00,7.836406906066219,8.104604522766788,7.81964415537646,7.970505714416504,313800,0.0,0.0
2021-11-22 00:00:00-05:00,8.004029052837522,8.112984515882099,7.819642823124253,7.869930267333984,292100,0.0,0.0
2021-11-23 00:00:00-05:00,7.635257890699572,7.811262776400491,7.149149311009787,7.266486167907715,470500,0.0,0.0
2021-11-24 00:00:00-05:00,7.1994345906872255,7.30839003935707,7.048573077253333,7.216196537017822,224700,0.0,0.0
2021-11-26 00:00:00-05:00,7.157529009421356,7.157529009421356,6.855806761463639,6.956380844116211,172800,0.0,0.0
2021-11-29 00:00:00-05:00,7.082098547375524,7.16591068611276,6.94799976482938,6.989905834197998,283000,0.0,0.0
2021-11-30 00:00:00-05:00,7.040192856552797,7.107242251431065,6.755233327966076,6.914475440979004,277900,0.0,0.0
2021-12-01 00:00:00-05:00,6.981524978822029,7.17429259251334,6.3277929657261485,6.5289411544799805,804100,0.0,0.0
2021-12-02 00:00:00-05:00,6.41115094381959,6.865484449999501,6.377496639746333,6.815003395080566,572500,0.03,0.0
2021-12-03 00:00:00-05:00,6.873898126426974,6.949620510083631,6.537354689408544,6.646731376647949,244500,0.0,0.0
2021-12-06 00:00:00-05:00,6.68038573397779,6.714040037831304,6.4111509019587265,6.436391830444336,195400,0.0,0.0
2021-12-07 00:00:00-05:00,6.596249714348347,6.924378963391202,6.571008786857625,6.739280700683594,307000,0.0,0.0
2021-12-08 00:00:00-05:00,6.722453059321458,7.033755554174615,6.714039684396442,6.772934913635254,357500,0.0,0.0
2021-12-09 00:00:00-05:00,6.781349045935113,6.958034341740846,6.764521492819378,6.789762020111084,192400,0.0,0.0
2021-12-10 00:00:00-05:00,6.899138708217671,6.932793012067244,6.688799108562365,6.789762020111084,159700,0.0,0.0
2021-12-13 00:00:00-05:00,6.958033469813528,6.966446442935251,6.730866345509327,6.764520645141602,316700,0.0,0.0
2021-12-14 00:00:00-05:00,6.730866854088285,7.294577017308727,6.730866854088285,7.1683735847473145,1147900,0.0,0.0
2021-12-15 00:00:00-05:00,7.26933677229144,7.353472129790942,6.7729351942313984,6.831830024719238,616400,0.0,0.0
2021-12-16 00:00:00-05:00,7.084237551209641,7.084237551209641,6.503700226814571,6.5289411544799805,348400,0.0,0.0
2021-12-17 00:00:00-05:00,6.436391932990879,6.486873389575436,6.074607559015118,6.209225177764893,591600,0.0,0.0
2021-12-20 00:00:00-05:00,6.04095277124021,6.175570379218148,5.788545508514558,6.007298469543457,840100,0.0,0.0
2021-12-21 00:00:00-05:00,6.141916888020552,6.2933612656408355,6.083021651683843,6.251293182373047,268900,0.0,0.0
2021-12-22 00:00:00-05:00,6.268119692797281,6.4111506798142095,6.268119692797281,6.327014923095703,161400,0.0,0.0
2021-12-23 00:00:00-05:00,6.343842190184482,6.562595562834747,6.310187886883048,6.461632251739502,245300,0.0,0.0
2021-12-27 00:00:00-05:00,6.427977948438068,6.520527483112483,6.369083118256029,6.461632251739502,319500,0.0,0.0
2021-12-28 00:00:00-05:00,6.638318130414217,6.638318130414217,6.352256527110746,6.427978515625,185900,0.0,0.0
2021-12-29 00:00:00-05:00,6.3943236899576705,6.495286600569673,6.284947002865862,6.444805145263672,180500,0.0,0.0
2021-12-30 00:00:00-05:00,6.486873752194732,6.528941835628967,6.301774666513274,6.427978515625,201600,0.0,0.0
2021-12-31 00:00:00-05:00,6.4363909034881575,6.478458576651074,6.360668530127661,6.411149978637695,201400,0.0,0.0
2022-01-03 00:00:00-05:00,6.3943234983841375,6.629904017278444,6.377496347119611,6.5457682609558105,256400,0.0,0.0
2022-01-04 00:00:00-05:00,6.55418095001157,6.6130761738687225,6.3690823054747785,6.411149978637695,444600,0.0,0.0
2022-01-05 00:00:00-05:00,6.377497030985437,6.478459949398959,6.167157417028445,6.251293182373047,332400,0.0,0.0
2022-01-06 00:00:00-05:00,6.268119909985816,6.528941366636975,6.200811302278787,6.436391830444336,269100,0.0,0.0
2022-01-07 00:00:00-05:00,6.453218886816171,6.453218886816171,6.066193997040611,6.0746073722839355,242700,0.0,0.0
2022-01-10 00:00:00-05:00,6.0325400141199585,6.0325400141199585,5.813786629500647,5.956817626953125,339000,0.0,0.0
2022-01-11 00:00:00-05:00,5.796958687357581,6.150329244417536,5.763304386798624,6.099847793579102,301400,0.0,0.0
2022-01-12 00:00:00-05:00,6.167157326847408,6.310188326437207,6.116675868378827,6.125089645385742,341700,0.0,0.0
2022-01-13 00:00:00-05:00,6.183983528813294,6.234464979519785,6.040952551216116,6.091434001922607,205200,0.0,0.0
2022-01-14 00:00:00-05:00,5.965230804555472,6.032539408079163,5.805372670591245,5.822199821472168,234900,0.0,0.0
2022-01-18 00:00:00-05:00,5.839026847518903,5.906335449603583,5.628687265408816,5.687582492828369,372800,0.0,0.0
2022-01-19 00:00:00-05:00,5.679168376752293,5.738063600643629,5.409933583351612,5.418347358703613,221000,0.0,0.0
2022-01-20 00:00:00-05:00,5.460416425808462,5.729651287938551,5.409934964382381,5.435175895690918,215400,0.0,0.0
2022-01-21 00:00:00-05:00,5.300557510051187,5.460415235799891,5.107045082828596,5.325798034667969,354900,0.0,0.0
2022-01-24 00:00:00-05:00,5.182767655040219,5.308971496238343,4.9892552055206805,5.275317192077637,364500,0.0,0.0
2022-01-25 00:00:00-05:00,5.208008128558305,5.3342119587257795,5.090218074291091,5.283730506896973,283400,0.0,0.0
2022-01-26 00:00:00-05:00,5.40152066900696,5.5866193294081254,5.342625440102036,5.409934043884277,300100,0.0,0.0
2022-01-27 00:00:00-05:00,5.409935044110808,5.5866203623014705,5.132286801580053,5.224836349487305,239400,0.0,0.0
2022-01-28 00:00:00-05:00,5.174353927414332,5.351039212827816,5.064977245741047,5.216421604156494,178500,0.0,0.0
2022-01-31 00:00:00-05:00,5.216422494986909,5.460416425808462,5.216422494986909,5.435175895690918,160000,0.0,0.0
2022-02-01 00:00:00-05:00,5.485656908271228,5.670755585021769,5.435175450975626,5.611860752105713,284700,0.0,0.0
2022-02-02 00:00:00-05:00,5.637101008076641,5.813786300678802,5.578206178003215,5.712823390960693,307200,0.0,0.0
2022-02-03 00:00:00-05:00,5.595033599673846,5.746477971560652,5.561379294810111,5.611860752105713,279600,0.0,0.0
2022-02-04 00:00:00-05:00,5.6455147995312815,5.780132012847611,5.569792416445376,5.7212371826171875,624100,0.0,0.0
2022-02-07 00:00:00-05:00,5.721237475256687,5.813786613550052,5.687583170206198,5.788546085357666,221500,0.0,0.0
2022-02-08 00:00:00-05:00,5.754892623700823,6.007299948570408,5.738065468709517,5.990472793579102,383500,0.0,0.0
2022-02-09 00:00:00-05:00,6.057779893232654,6.12508889749646,5.990471290159768,6.032539367675781,364000,0.0,0.0
2022-02-10 00:00:00-05:00,5.982058479207023,6.167157155103842,5.965231326852766,5.998885631561279,168900,0.0,0.0
2022-02-11 00:00:00-05:00,6.015712861548547,6.133502929548427,5.923163321810303,5.956817626953125,232300,0.0,0.0
2022-02-14 00:00:00-05:00,5.931576491321222,6.083020848956614,5.906335564453196,6.007298469543457,261000,0.0,0.0
2022-02-15 00:00:00-05:00,6.0914343171555485,6.4027372144085914,6.032539488878944,6.360669136047363,336100,0.0,0.0
2022-02-16 00:00:00-05:00,6.293360779345668,6.486873225280812,6.150329788716525,6.444805145263672,310300,0.0,0.0
2022-02-17 00:00:00-05:00,6.335429348908623,6.402737961184305,6.209225500296234,6.251293182373047,275100,0.0,0.0
2022-02-18 00:00:00-05:00,6.2176384621984955,6.352256078976556,6.150329854404939,6.242879390716553,255700,0.0,0.0
2022-02-22 00:00:00-05:00,6.175570349801125,6.3270147067151195,5.948403613834674,6.032539367675781,909500,0.0,0.0
2022-02-23 00:00:00-05:00,6.083021200958594,6.150329808247003,5.830613522436118,5.864267826080322,153900,0.0,0.0
2022-02-24 00:00:00-05:00,5.4940705001673305,5.906335921467839,5.46882957177359,5.872681617736816,219400,0.0,0.0
2022-02-25 00:00:00-05:00,5.906335564453196,6.0157122455631065,5.906335564453196,6.007298469543457,110200,0.0,0.0
2022-02-28 00:00:00-05:00,5.914750796713737,6.040954258553019,5.881096085540105,5.990472793579102,173800,0.0,0.0
2022-03-01 00:00:00-05:00,6.015712026458325,6.116674927871307,6.015712026458325,6.091434001922607,243600,0.0,0.0
2022-03-02 00:00:00-05:00,6.099849511709894,6.369084393207236,6.05778142356652,6.343843460083008,314700,0.0,0.0
2022-03-03 00:00:00-05:00,6.369083964806173,6.528942127331088,6.293361571717793,6.4952874183654785,207500,0.0,0.0
2022-03-04 00:00:00-05:00,6.427977876863315,6.427977876863315,6.158743453449733,6.310187816619873,396900,0.0,0.0
2022-03-07 00:00:00-05:00,6.276533874950912,6.301774403003233,5.611860752105713,5.611860752105713,357900,0.0,0.0
2022-03-08 00:00:00-05:00,5.611862121560436,6.007300500803063,5.60344834269582,5.805374622344971,569700,0.0,0.0
2022-03-09 00:00:00-05:00,5.956817714750413,6.293361172329904,5.931577186116758,6.284947395324707,415900,0.0,0.0
2022-03-10 00:00:00-05:00,6.242880427233805,6.242880427233805,5.99047270490929,6.200812339782715,218700,0.0,0.0
2022-03-11 00:00:00-05:00,6.18398393740989,6.28494684549383,6.007298647667527,6.13350248336792,393300,0.0,0.0
2022-03-14 00:00:00-04:00,6.116675503046014,6.116675503046014,5.502483859909192,5.510897636413574,664000,0.0,0.0
2022-03-15 00:00:00-04:00,5.4856563659222,6.057779893232654,5.4856563659222,6.032539367675781,313800,0.0,0.0
2022-03-16 00:00:00-04:00,6.116675150653368,6.259706133460032,5.931576491321222,6.007298469543457,296000,0.0,0.0
2022-03-17 00:00:00-04:00,6.032539351976963,6.150329407047982,5.939989822397131,6.024125576019287,211900,0.0,0.0
2022-03-18 00:00:00-04:00,6.11706457809208,6.488819944040948,6.100166625225266,6.142411708831787,575000,0.03,0.0
2022-03-21 00:00:00-04:00,6.142412360790579,6.345188219594047,6.057922587488724,6.133963584899902,207000,0.0,0.0
2022-03-22 00:00:00-04:00,6.133963755054714,6.294494127341806,6.04102480040506,6.2691473960876465,203300,0.0,0.0
2022-03-23 00:00:00-04:00,6.210003667801946,6.269146705680073,6.057922088388313,6.074820041656494,269400,0.0,0.0
2022-03-24 00:00:00-04:00,6.066371531659219,6.336739216604112,5.981881756013637,6.2691473960876465,276200,0.0,0.0
2022-03-25 00:00:00-04:00,6.176207953642208,6.176207953642208,5.677717712385397,5.736860752105713,880000,0.0,0.0
2022-03-28 00:00:00-04:00,5.7960033702475915,5.888941907917965,5.736860334829107,5.82135009765625,483100,0.0,0.0
2022-03-29 00:00:00-04:00,5.922738560331495,6.100166871146362,5.888942250356434,6.066370964050293,328100,0.0,0.0
2022-03-30 00:00:00-04:00,6.04102450932144,6.04102450932144,5.779106016001027,5.872044563293457,271900,0.0,0.0
2022-03-31 00:00:00-04:00,5.914289185284147,5.939636316202115,5.74530965542762,5.753758430480957,447500,0.0,0.0
2022-04-01 00:00:00-04:00,5.8044514656066895,5.855145317368621,5.753757613844757,5.8044514656066895,290800,0.0,0.0
2022-04-04 00:00:00-04:00,5.7875546923243375,5.9818813650478235,5.770656738299643,5.880493640899658,199600,0.0,0.0
2022-04-05 00:00:00-04:00,5.838248474872827,5.846697653209586,5.703064844516675,5.736860752105713,168200,0.0,0.0
2022-04-06 00:00:00-04:00,5.652370312892899,5.753758023637779,5.584778505729645,5.719962120056152,210700,0.0,0.0
2022-04-07 00:00:00-04:00,5.703064064418579,5.7706558703510575,5.593227178338831,5.694614887237549,158400,0.0,0.0
2022-04-08 00:00:00-04:00,5.660819575850063,5.7030646604121165,5.584778987668944,5.601676940917969,139600,0.0,0.0
2022-04-11 00:00:00-04:00,5.627024505269497,5.770657330662942,5.500290038514382,5.550983905792236,282500,0.0,0.0
2022-04-12 00:00:00-04:00,5.719962716395181,5.736860669947703,5.542534002654201,5.593227863311768,205500,0.0,0.0
2022-04-13 00:00:00-04:00,5.584778541752214,5.719962156950673,5.5763293643628336,5.627023220062256,148800,0.0,0.0
2022-04-14 00:00:00-04:00,5.627023898175635,5.719962846264136,5.601677168710862,5.643921852111816,198200,0.0,0.0
2022-04-18 00:00:00-04:00,5.59322824595669,5.610126200665238,5.204574884781064,5.246819972991943,351900,0.0,0.0
2022-04-19 00:00:00-04:00,5.28906460437152,5.6185748941669935,5.280615426307516,5.601676940917969,300200,0.0,0.0
2022-04-20 00:00:00-04:00,5.525636272487809,5.770656810344378,5.525636272487809,5.66926908493042,176000,0.0,0.0
2022-04-21 00:00:00-04:00,5.736860359447035,5.753758312084976,5.567880833067625,5.584778785705566,143100,0.0,0.0
2022-04-22 00:00:00-04:00,5.500289179982787,5.567880992469626,5.3313092458867075,5.365105152130127,195500,0.0,0.0
2022-04-25 00:00:00-04:00,5.263716936009762,5.365104645159482,5.238369807282861,5.339757919311523,201400,0.0,0.0
2022-04-26 00:00:00-04:00,5.322860532207516,5.322860532207516,5.128533867625236,5.153880596160889,155400,0.0,0.0
2022-04-27 00:00:00-04:00,5.145431415151743,5.221471997640809,5.103186333751963,5.120084285736084,151900,0.0,0.0
2022-04-28 00:00:00-04:00,5.179229300044469,5.339760106732076,5.060943188035215,5.322862148284912,367300,0.0,0.0
2022-04-29 00:00:00-04:00,5.246819624199165,5.3989012064661726,5.196125763443495,5.297513484954834,296900,0.0,0.0
2022-05-02 00:00:00-04:00,5.280615116950865,5.382002830505371,5.213023307914528,5.382002830505371,1011100,0.0,0.0
2022-05-03 00:00:00-04:00,5.432696875325365,5.432696875325365,5.18767635764823,5.221472263336182,264900,0.0,0.0
2022-05-04 00:00:00-04:00,5.2214720923638795,5.280615126820697,5.052492569457201,5.263717174530029,194600,0.0,0.0
2022-05-05 00:00:00-04:00,5.1961271954959685,5.246821070222867,4.984902516027669,5.060943126678467,1123100,0.0,0.0
2022-05-06 00:00:00-04:00,5.018697538667784,5.035595493900509,4.832819628228774,5.001799583435059,562800,0.0,0.0
2022-05-09 00:00:00-04:00,4.8666155974369545,4.968003321663807,4.815921332444525,4.875064373016357,424700,0.0,0.0
2022-05-10 00:00:00-04:00,5.120085111238323,5.534085605916282,5.120085111238323,5.246819972991943,509600,0.0,0.0
2022-05-11 00:00:00-04:00,5.25526839955228,5.550983191612173,5.246819624199165,5.297513484954834,579500,0.0,0.0
2022-05-12 00:00:00-04:00,5.229921485364368,5.4749420051107025,5.153880495484824,5.458044052124023,374400,0.0,0.0
2022-05-13 00:00:00-04:00,5.407350793704295,5.7199631601160705,5.305963064524102,5.331309795379639,505700,0.0,0.0
2022-05-16 00:00:00-04:00,5.297513885652907,5.432697524559832,5.204574932464885,5.331309795379639,223600,0.0,0.0
2022-05-17 00:00:00-04:00,5.44114660002655,5.52563637273772,5.390452736399848,5.483391284942627,208000,0.0,0.0
2022-05-18 00:00:00-04:00,5.45804581586222,5.474943774309383,5.263719092280286,5.322862148284912,141500,0.0,0.0
2022-05-19 00:00:00-04:00,5.255269147989566,5.365106063375606,5.255269147989566,5.280616283416748,157900,0.0,0.0
2022-05-20 00:00:00-04:00,5.382003149775482,5.382003149775482,5.153880579305722,5.2721662521362305,151100,0.0,0.0
2022-05-23 00:00:00-04:00,5.272166325542137,5.35665649590501,5.204574511555031,5.238370418548584,1364200,0.0,0.0
2022-05-24 00:00:00-04:00,5.162330336970948,5.196126247288349,4.891962651552706,4.942656517028809,244600,0.0,0.0
2022-05-25 00:00:00-04:00,4.9426552596933755,5.128533122033646,4.908859357973132,5.052492141723633,189300,0.0,0.0
2022-05-26 00:00:00-04:00,5.077840472429155,5.348207750243004,5.052493338694594,5.331309795379639,250300,0.0,0.0
2022-05-27 00:00:00-04:00,5.322861207449003,5.5425346284340185,5.322861207449003,5.525636672973633,158100,0.0,0.0
2022-05-31 00:00:00-04:00,5.491840235267306,5.5594320506253405,5.415799241550017,5.441146373748779,239300,0.0,0.0
2022-06-01 00:00:00-04:00,5.483390963780877,5.652370902185091,5.483390963780877,5.593227863311768,413300,0.0,0.0
2022-06-02 00:00:00-04:00,5.618728165042307,5.763234095063261,5.618728165042307,5.669730186462402,162000,0.04,0.0
2022-06-03 00:00:00-04:00,5.61872905204716,5.635729728537683,5.474223099213666,5.4997239112854,193700,0.0,0.0
2022-06-06 00:00:00-04:00,5.542226337931275,5.576227694180757,5.321217522309646,5.40622091293335,299300,0.0,0.0
2022-06-07 00:00:00-04:00,5.338218216530071,5.491224320114078,5.091707774985849,5.10870885848999,745500,0.0,0.0
2022-06-08 00:00:00-04:00,5.108708327027675,5.210712385472131,4.87069845199585,4.87069845199585,368700,0.0,0.0
2022-06-09 00:00:00-04:00,4.879199028015137,4.887699569650294,4.734693468170674,4.879199028015137,403800,0.0,0.0
2022-06-10 00:00:00-04:00,4.8451982120527655,4.913201336727511,4.768695355451968,4.896200656890869,215300,0.0,0.0
2022-06-13 00:00:00-04:00,4.72619247660989,4.768694370083298,4.6326885541652505,4.692191123962402,315800,0.0,0.0
2022-06-14 00:00:00-04:00,4.743193665363894,4.955702345033088,4.7261929872034845,4.930201530456543,253900,0.0,0.0
2022-06-15 00:00:00-04:00,4.930201530456543,5.108708853804917,4.930201530456543,4.930201530456543,351700,0.0,0.0
2022-06-16 00:00:00-04:00,4.879199028015137,4.938701603476834,4.675190892708977,4.879199028015137,410500,0.0,0.0
2022-06-17 00:00:00-04:00,4.921700508800188,5.032205108731684,4.870698479292136,4.981203079223633,393400,0.0,0.0
2022-06-21 00:00:00-04:00,5.023705507038199,5.287216244759291,4.981204010499544,5.066207408905029,661300,0.0,0.0
2022-06-22 00:00:00-04:00,5.00670478559217,5.219213482497266,5.00670478559217,5.091708183288574,569100,0.0,0.0
2022-06-23 00:00:00-04:00,5.074705123901367,5.1767095586289384,4.998202304515666,5.074705123901367,383400,0.0,0.0
2022-06-24 00:00:00-04:00,5.0577059256857435,5.465722567470658,5.0577059256857435,5.380719184875488,7714400,0.0,0.0
2022-06-27 00:00:00-04:00,5.44872190707255,5.720733137509982,5.380719200795218,5.6272292137146,504100,0.0,0.0
2022-06-28 00:00:00-04:00,5.618729548636009,5.780236192234143,5.601728870642949,5.66123104095459,700400,0.0,0.0
2022-06-29 00:00:00-04:00,5.6442298972494,5.661230573839714,5.499723943567685,5.5422258377075195,364600,0.0,0.0
2022-06-30 00:00:00-04:00,5.508224080011111,5.746233940124512,5.406220027960256,5.746233940124512,517200,0.0,0.0
2022-07-01 00:00:00-04:00,5.703732049105953,5.78023529080813,5.448721513650742,5.746233940124512,226000,0.0,0.0
2022-07-05 00:00:00-04:00,5.618729549457684,5.8907403973864145,5.525225617818115,5.873739719390869,347100,0.0,0.0
2022-07-06 00:00:00-04:00,5.899239981476467,5.899239981476467,5.712232148552666,5.754734039306641,393300,0.0,0.0
2022-07-07 00:00:00-04:00,5.822738673536415,6.094749972954228,5.822738673536415,5.958744525909424,562500,0.0,0.0
2022-07-08 00:00:00-04:00,5.941741537557858,6.018244779693512,5.882239376188417,5.975743293762207,228400,0.0,0.0
2022-07-11 00:00:00-04:00,5.916241666363967,5.967243700775778,5.771735699533101,5.797236919403076,209000,0.0,0.0
2022-07-12 00:00:00-04:00,5.822737232822221,6.0947484649365595,5.805736556148082,6.052246570587158,480600,0.0,0.0
2022-07-13 00:00:00-04:00,5.924741805777783,5.933242347514805,5.720733668026923,5.78023624420166,350000,0.0,0.0
2022-07-14 00:00:00-04:00,5.771735639324132,5.797236858928086,5.71223306380033,5.729233741760254,221500,0.0,0.0
2022-07-15 00:00:00-04:00,5.839737895011992,5.8822397892559755,5.754734511852129,5.805736541748047,210300,0.0,0.0
2022-07-18 00:00:00-04:00,5.831237756503109,5.9162411396213255,5.814237079879465,5.839737892150879,178000,0.0,0.0
2022-07-19 00:00:00-04:00,5.916241626072469,6.10324908430886,5.890740406376166,6.0352463722229,204600,0.0,0.0
2022-07-20 00:00:00-04:00,6.035246394998374,6.128750327133498,5.992744902448328,6.111749649047852,148600,0.0,0.0
2022-07-21 00:00:00-04:00,6.103248597655902,6.1372499509877265,6.035245890992254,6.08624792098999,122200,0.0,0.0
2022-07-22 00:00:00-04:00,6.111749176923547,6.179751884013015,6.035245928783841,6.060747146606445,155600,0.0,0.0
2022-07-25 00:00:00-04:00,6.052246605556208,6.145750530468281,6.035245928783841,6.060747146606445,83800,0.0,0.0
2022-07-26 00:00:00-04:00,6.043746469834078,6.094748500151179,5.984243898466739,6.060747146606445,110900,0.0,0.0
2022-07-27 00:00:00-04:00,6.162751688664002,6.307257655181729,6.145751010563572,6.290256977081299,145500,0.0,0.0
2022-07-28 00:00:00-04:00,6.3072576068377275,6.375260318718221,6.222254216987112,6.366759777069092,106500,0.0,0.0
2022-07-29 00:00:00-04:00,6.35825872453158,6.366758859627716,6.230753455464925,6.3412580490112305,137900,0.0,0.0
2022-08-01 00:00:00-04:00,6.3327584496174305,6.451763601271786,6.239254923025185,6.409261703491211,105300,0.0,0.0
2022-08-02 00:00:00-04:00,6.451763153076172,6.519765860538522,6.32425787392021,6.451763153076172,160200,0.0,0.0
2022-08-03 00:00:00-04:00,6.519765855532955,6.596269104033418,6.400761117565208,6.50276517868042,146100,0.0,0.0
2022-08-04 00:00:00-04:00,6.494264585852618,6.536766480309414,6.273255788530358,6.2817559242248535,218800,0.0,0.0
2022-08-05 00:00:00-04:00,6.24775550054374,6.596270033100205,6.2137541420496705,6.511266231536865,253600,0.0,0.0
2022-08-08 00:00:00-04:00,6.392259927119972,6.392259927119972,5.3212165835555005,5.389219284057617,1006200,0.0,0.0
2022-08-09 00:00:00-04:00,5.431721231022891,5.431721231022891,5.125709052745617,5.176711082458496,305900,0.0,0.0
2022-08-10 00:00:00-04:00,5.236213216111653,5.27871510994595,5.108708345264961,5.117208480834961,326400,0.0,0.0
2022-08-11 00:00:00-04:00,5.14271063605613,5.210713354329901,5.049206695765607,5.057706832885742,221100,0.0,0.0
2022-08-12 00:00:00-04:00,5.066206446480218,5.2192125345435985,5.023704552687453,5.185211181640625,203800,0.0,0.0
2022-08-15 00:00:00-04:00,5.134209181685266,5.2872152706247775,5.100207828587597,5.261714458465576,229300,0.0,0.0
2022-08-16 00:00:00-04:00,5.2617154277381974,5.380720185502177,5.2192135258726875,5.338218688964844,234800,0.0,0.0
2022-08-17 00:00:00-04:00,5.25321392297853,5.3552183877054915,5.151209863579669,5.193711757659912,197600,0.0,0.0
2022-08-18 00:00:00-04:00,5.20221188261987,5.32971715927124,5.20221188261987,5.32971715927124,222400,0.0,0.0
2022-08-19 00:00:00-04:00,5.3297166456005725,5.346717320493713,5.244713271134866,5.270214080810547,177100,0.0,0.0
2022-08-22 00:00:00-04:00,5.202211891916266,5.261714462547397,5.151209862230197,5.210712432861328,129500,0.0,0.0
2022-08-23 00:00:00-04:00,5.185211218079925,5.236213247792804,5.134209188367046,5.176711082458496,146900,0.0,0.0
2022-08-24 00:00:00-04:00,5.168210983276367,5.210712881000787,5.134209627228086,5.168210983276367,205800,0.0,0.0
2022-08-25 00:00:00-04:00,5.236213202356776,5.406220371919277,5.176711037538785,5.304215908050537,228600,0.0,0.0
2022-08-26 00:00:00-04:00,5.261714468115766,5.278715144695781,5.134209191101606,5.142709732055664,110400,0.0,0.0
2022-08-29 00:00:00-04:00,5.1512108274860005,5.202212866729048,5.057706886209656,5.1257100105285645,128300,0.0,0.0
2022-08-30 00:00:00-04:00,5.117207964887554,5.151209314395533,4.955701352060625,4.9897027015686035,210100,0.0,0.0
2022-08-31 00:00:00-04:00,4.9897026992927,4.998203239329847,4.887698650815288,4.904699325561523,148900,0.0,0.0
2022-09-01 00:00:00-04:00,4.845196281786584,4.887698167110052,4.760192916467665,4.836696147918701,295900,0.0,0.0
2022-09-02 00:00:00-04:00,4.870940121536209,4.913742513458966,4.759653167781081,4.793895244598389,238100,0.04,0.0
2022-09-06 00:00:00-04:00,4.836697727527829,4.836697727527829,4.588442482784071,4.65692663192749,325600,0.0,0.0
2022-09-07 00:00:00-04:00,4.579881528097542,4.776773651012278,4.537079141149464,4.759652614593506,363000,0.0,0.0
2022-09-08 00:00:00-04:00,4.725410445026444,4.725410445026444,4.631244542551926,4.682607650756836,132300,0.0,0.0
2022-09-09 00:00:00-04:00,4.682607408169289,4.7596522705841116,4.665486372987959,4.751091957092285,105200,0.0,0.0
2022-09-12 00:00:00-04:00,4.7425319440267595,4.853818893432617,4.7425319440267595,4.853818893432617,104900,0.0,0.0
2022-09-13 00:00:00-04:00,4.742531929748299,4.751092652691163,4.554200515180411,4.562760829925537,141800,0.0,0.0
2022-09-14 00:00:00-04:00,4.56276073823545,4.56276073823545,4.451473791400993,4.485715866088867,127000,0.0,0.0
2022-09-15 00:00:00-04:00,4.425791731937212,4.5884417648007885,4.382988941321342,4.554199695587158,209700,0.0,0.0
2022-09-16 00:00:00-04:00,4.50283590236685,4.545638278231864,4.434351366227147,4.528517246246338,456500,0.0,0.0
2022-09-19 00:00:00-04:00,4.468594177173367,4.5456390380859375,4.3401866199159755,4.5456390380859375,124300,0.0,0.0
2022-09-20 00:00:00-04:00,4.50283708553262,4.52851843616014,4.4172314949136595,4.425792217254639,107900,0.0,0.0
2022-09-21 00:00:00-04:00,4.519958077636837,4.519958077636837,4.280263161013113,4.305944919586182,204600,0.0,0.0
2022-09-22 00:00:00-04:00,4.288824472528385,4.29738478776374,4.203218870988271,4.211779594421387,102000,0.0,0.0
2022-09-23 00:00:00-04:00,4.117612447964771,4.2117783366185995,4.091931101730406,4.151854515075684,158200,0.0,0.0
2022-09-26 00:00:00-04:00,4.143294511592154,4.25458103390861,4.040567894395753,4.083370685577393,100200,0.0,0.0
2022-09-27 00:00:00-04:00,4.057688909658996,4.1860968743869424,4.00632580540735,4.040567874908447,121100,0.0,0.0
2022-09-28 00:00:00-04:00,4.040569181739185,4.168977187997799,4.0148878254061415,4.134735107421875,90900,0.0,0.0
2022-09-29 00:00:00-04:00,4.074810372259666,4.126173476759032,3.997765511411784,4.083370685577393,107100,0.0,0.0
2022-09-30 00:00:00-04:00,4.066249307283868,4.168975507605712,4.066249307283868,4.074810028076172,105200,0.0,0.0
2022-10-03 00:00:00-04:00,4.074810254364662,4.280262666417843,4.0491284987591865,4.263141632080078,95300,0.0,0.0
2022-10-04 00:00:00-04:00,4.331625679012637,4.468593950855677,4.305944332140891,4.357307434082031,141300,0.0,0.0
2022-10-05 00:00:00-04:00,4.305945118528063,4.357308229849558,4.263142321661289,4.288824081420898,96100,0.0,0.0
2022-10-06 00:00:00-04:00,4.2973836148951206,4.3145046488908125,4.2117784449166615,4.2288994789123535,73000,0.0,0.0
2022-10-07 00:00:00-04:00,4.194658039278249,4.3316263317615515,4.066250060976297,4.0919318199157715,63600,0.0,0.0
2022-10-10 00:00:00-04:00,4.109052072692946,4.211778272460862,4.091931039398293,4.160415172576904,98600,0.0,0.0
2022-10-11 00:00:00-04:00,4.143294290876756,4.168975637659545,4.032007366290941,4.0576887130737305,54400,0.0,0.0
2022-10-12 00:00:00-04:00,4.066249631133103,4.09193138735776,3.9635234226298124,4.040567874908447,84700,0.0,0.0
2022-10-13 00:00:00-04:00,3.954962692088106,4.203217899500714,3.8779182399861125,4.168975830078125,191200,0.0,0.0
2022-10-14 00:00:00-04:00,4.237460221985464,4.254581257719232,4.083370900381558,4.109052658081055,97600,0.0,0.0
2022-10-17 00:00:00-04:00,4.151855439562541,4.348747573390756,4.151855439562541,4.280263423919678,115600,0.0,0.0
2022-10-18 00:00:00-04:00,4.391550773425286,4.391550773425286,4.168976859046102,4.203218936920166,86400,0.0,0.0
2022-10-19 00:00:00-04:00,4.271702038345894,4.271702038345894,4.109052412687426,4.168975830078125,109900,0.0,0.0
2022-10-20 00:00:00-04:00,4.16897636121603,4.280263305116511,4.100492213645801,4.126173973083496,75700,0.0,0.0
2022-10-21 00:00:00-04:00,4.143294453814281,4.271702009173228,4.023446803456025,4.254580974578857,97300,0.0,0.0
2022-10-24 00:00:00-04:00,4.280262864172359,4.280262864172359,4.160415618270883,4.246020793914795,73100,0.0,0.0
2022-10-25 00:00:00-04:00,4.271702444792912,4.537079120364733,4.271702444792912,4.511397361755371,116400,0.0,0.0
2022-10-26 00:00:00-04:00,4.485715231036752,4.631244231956239,4.485715231036752,4.588441848754883,110500,0.0,0.0
2022-10-27 00:00:00-04:00,4.622683952241499,4.733970884130841,4.571320847107421,4.6654863357543945,109500,0.0,0.0
2022-10-28 00:00:00-04:00,4.665486905224163,4.785334573363305,4.605563479352316,4.742531776428223,104600,0.0,0.0
2022-10-31 00:00:00-04:00,4.733971570254759,4.733971570254759,4.605563584709758,4.6483659744262695,141700,0.0,0.0
2022-11-01 00:00:00-04:00,4.648365987064595,4.742531897813318,4.614123911919192,4.691168785095215,136600,0.0,0.0
2022-11-02 00:00:00-04:00,4.6911687224138445,4.708289759757782,4.4771555515157635,4.485715866088867,126400,0.0,0.0
2022-11-03 00:00:00-04:00,4.4685945604907005,4.4685945604907005,4.271702438756189,4.305944919586182,145500,0.0,0.0
2022-11-04 00:00:00-04:00,4.460034598832384,4.528518749508103,3.85223714928878,4.066250324249268,289600,0.0,0.0
2022-11-07 00:00:00-05:00,4.049128841456015,4.348747171823842,4.049128841456015,4.314505100250244,205600,0.0,0.0
2022-11-08 00:00:00-05:00,4.3145045989267095,4.511396691695881,4.280262531331866,4.400109767913818,161600,0.0,0.0
2022-11-09 00:00:00-05:00,4.365868449546717,4.511397465897893,4.3230660618066565,4.417231559753418,353500,0.0,0.0
2022-11-10 00:00:00-05:00,4.528518199188295,4.8623785972595215,4.528518199188295,4.8623785972595215,275400,0.0,0.0
2022-11-11 00:00:00-05:00,4.8623783660360225,4.8623783660360225,4.69972833158266,4.802454948425293,170800,0.0,0.0
2022-11-14 00:00:00-05:00,4.828134925294307,4.896619044941417,4.691166686000088,4.708287715911865,363000,0.0,0.0
2022-11-15 00:00:00-05:00,4.802455931808214,4.930863923006931,4.7682138552482565,4.922303199768066,173900,0.0,0.0
2022-11-16 00:00:00-05:00,4.913741470358505,4.95654426139274,4.785333913651132,4.802454948425293,87300,0.0,0.0
2022-11-17 00:00:00-05:00,4.751091565879739,4.870938802280633,4.682607022595871,4.785333633422852,106000,0.0,0.0
2022-11-18 00:00:00-05:00,4.888061503041796,4.95654566148337,4.759653501864955,4.768214225769043,162800,0.0,0.0
2022-11-21 00:00:00-05:00,4.793894589299658,4.828136661436265,4.682607650756836,4.682607650756836,135800,0.0,0.0
2022-11-22 00:00:00-05:00,4.631244212323422,4.708289073235992,4.537078724761024,4.5456390380859375,165500,0.0,0.0
2022-11-23 00:00:00-05:00,4.545639152589242,4.5713209096062375,4.417231183899622,4.49427604675293,207200,0.0,0.0
2022-11-25 00:00:00-05:00,4.494275952595626,4.656925988435189,4.442912847835397,4.588441848754883,44900,0.0,0.0
2022-11-28 00:00:00-05:00,4.588441931465214,4.656926072380001,4.562760174523329,4.622684001922607,114500,0.0,0.0
2022-11-29 00:00:00-05:00,4.6226839298197095,4.6226839298197095,4.451473172005544,4.460033893585205,118300,0.0,0.0
2022-11-30 00:00:00-05:00,4.494275952595626,4.597002162116086,4.382989021516294,4.588441848754883,125400,0.0,0.0
2022-12-01 00:00:00-05:00,4.614123344421387,4.691168208121549,4.554199924385869,4.614123344421387,84200,0.0,0.0
2022-12-02 00:00:00-05:00,4.571000310462964,4.588249351167559,4.467505654985824,4.519252777099609,89800,0.04,0.0
2022-12-05 00:00:00-05:00,4.48475469569042,4.614122706599667,4.48475469569042,4.519252777099609,138300,0.0,0.0
2022-12-06 00:00:00-05:00,4.5451267834849185,4.5451267834849185,4.433007807367267,4.510628700256348,164700,0.0,0.0
2022-12-07 00:00:00-05:00,4.510628851247756,4.553751662351783,4.415758913568659,4.424383640289307,118100,0.0,0.0
2022-12-08 00:00:00-05:00,4.441633209179103,4.52787843036469,4.355387987993516,4.381261348724365,105900,0.0,0.0
2022-12-09 00:00:00-05:00,4.381261754315277,4.458882666192811,4.251893704935952,4.303640842437744,208900,0.0,0.0
2022-12-12 00:00:00-05:00,4.3122652446323535,4.3122652446323535,4.122525754818381,4.139774799346924,201400,0.0,0.0
2022-12-13 00:00:00-05:00,4.226020341809903,4.346763662647416,4.15702415847418,4.303640842437744,551000,0.0,0.0
2022-12-14 00:00:00-05:00,4.32089006170903,4.4588824207856765,4.243269154103581,4.295016288757324,249000,0.0,0.0
2022-12-15 00:00:00-05:00,4.251893287292965,4.2777670591272505,3.967283853364078,3.9931576251983643,145200,0.0,0.0
2022-12-16 00:00:00-05:00,3.932785381207101,3.9500344236630687,3.7947930415593607,3.898287296295166,305100,0.0,0.0
2022-12-19 00:00:00-05:00,3.906911911045517,3.906911911045517,3.7344210801855717,3.7516701221466064,115300,0.0,0.0
2022-12-20 00:00:00-05:00,3.751670828938813,3.7861689193601147,3.5791803768323045,3.6740503311157227,980500,0.0,0.0
2022-12-21 00:00:00-05:00,3.768920246199206,3.9586601734962588,3.743046881453974,3.7775449752807617,754100,0.0,0.0
2022-12-22 00:00:00-05:00,3.7430456349598766,3.837915155765616,3.7085475526215017,3.768918991088867,214400,0.0,0.0
2022-12-23 00:00:00-05:00,3.7516708085038473,3.975908806270584,3.743046491570336,3.932785987854004,355400,0.0,0.0
2022-12-27 00:00:00-05:00,3.9759085798832206,4.036280028729285,3.9327857639220443,4.001781940460205,209100,0.0,0.0
2022-12-28 00:00:00-05:00,4.0190312024552926,4.053529292594419,3.751670798252226,3.8637897968292236,385400,0.0,0.0
2022-12-29 00:00:00-05:00,3.91553678138566,4.036280092226943,3.889663420401643,4.019031047821045,132900,0.0,0.0
2022-12-30 00:00:00-05:00,3.9672837257385254,3.993157496740465,3.8896632352319838,3.9672837257385254,116700,0.0,0.0
2023-01-03 00:00:00-05:00,4.019031288071449,4.036280333508463,3.8810389245753356,4.010406970977783,234500,0.0,0.0
2023-01-04 00:00:00-05:00,4.053528849880729,4.13114974984109,4.019030763509376,4.070777893066406,338800,0.0,0.0
2023-01-05 00:00:00-05:00,4.053528849880729,4.13114974984109,4.010406447541352,4.070777893066406,150900,0.0,0.0
2023-01-06 00:00:00-05:00,4.088026043164168,4.251892123254018,4.019029885494661,4.191520690917969,147700,0.0,0.0
2023-01-09 00:00:00-05:00,4.226019777706621,4.251893137379008,4.088027018205221,4.1483988761901855,175000,0.0,0.0
2023-01-10 00:00:00-05:00,4.122525596126597,4.260517947043088,4.122525596126597,4.226019859313965,82400,0.0,0.0
2023-01-11 00:00:00-05:00,4.226020341809903,4.372637437023158,4.226020341809903,4.303640842437744,353500,0.0,0.0
2023-01-12 00:00:00-05:00,4.3295139977575445,4.4675063446981405,4.2950159110223955,4.450257301330566,99700,0.0,0.0
2023-01-13 00:00:00-05:00,4.381261252893266,4.519253603771906,4.381261252893266,4.484755516052246,143900,0.0,0.0
2023-01-17 00:00:00-05:00,4.50200410406995,4.588249725886104,4.4847550619566405,4.545126914978027,99600,0.0,0.0
2023-01-18 00:00:00-05:00,4.571001262336383,4.622748395226083,4.441633224487305,4.441633224487305,227500,0.0,0.0
2023-01-19 00:00:00-05:00,4.441632616801717,4.48475501601848,4.389885490991841,4.407134532928467,143000,0.0,0.0
2023-01-20 00:00:00-05:00,4.441633398918706,4.484755805728794,4.398510580858946,4.433008670806885,120500,0.0,0.0
2023-01-23 00:00:00-05:00,4.4243830904906645,4.571000136525376,4.407134050442437,4.527877330780029,153900,0.0,0.0
2023-01-24 00:00:00-05:00,4.510629578814584,4.614123848658401,4.415759625832916,4.433008670806885,105700,0.0,0.0
2023-01-25 00:00:00-05:00,4.3985101712278425,4.476131072006745,4.277766867654821,4.450257301330566,156800,0.0,0.0
2023-01-26 00:00:00-05:00,4.441632468809809,4.510628634257407,4.441632468809809,4.493379592895508,109500,0.0,0.0
2023-01-27 00:00:00-05:00,4.4588821558873235,4.5710011466010405,4.4588821558873235,4.484755516052246,92800,0.0,0.0
2023-01-30 00:00:00-05:00,4.493380588158486,4.493380588158486,4.329514453300057,4.3726372718811035,138500,0.0,0.0
2023-01-31 00:00:00-05:00,4.355387096030741,4.545126543781287,4.355387096030741,4.519252777099609,121400,0.0,0.0
2023-02-01 00:00:00-05:00,4.510628554930653,4.67449465061164,4.484754787718043,4.596873760223389,170700,0.0,0.0
2023-02-02 00:00:00-05:00,4.614122158945874,4.864233425101385,4.614122158945874,4.846984386444092,307100,0.0,0.0
2023-02-03 00:00:00-05:00,4.795238299871016,4.812487342231179,4.674495003349875,4.743491172790527,104300,0.0,0.0
2023-02-06 00:00:00-05:00,4.726242378137639,4.726242378137639,4.519253447717568,4.5537519454956055,163000,0.0,0.0
2023-02-07 00:00:00-05:00,4.5192538209024065,4.6572465896606445,4.5192538209024065,4.6572465896606445,79700,0.0,0.0
2023-02-08 00:00:00-05:00,4.588250032024012,4.683119564352315,4.527878174974485,4.5537519454956055,101500,0.0,0.0
2023-02-09 00:00:00-05:00,4.562375678106294,4.665869924457577,4.562375678106294,4.596873760223389,135200,0.0,0.0
2023-02-10 00:00:00-05:00,4.5796250647441745,4.777989257510853,4.5796250647441745,4.743491172790527,238700,0.0,0.0
2023-02-13 00:00:00-05:00,4.795239201517981,4.846986338328464,4.54512783464247,4.726243019104004,180500,0.0,0.0
2023-02-14 00:00:00-05:00,4.726242768414931,4.743491813103502,4.588250410906358,4.6572465896606445,165800,0.0,0.0
2023-02-15 00:00:00-05:00,4.5968749610827375,4.700369234470228,4.5968749610827375,4.6658711433410645,57300,0.0,0.0
2023-02-16 00:00:00-05:00,4.614123344421387,4.717617602955225,4.614123344421387,4.614123344421387,116800,0.0,0.0
2023-02-17 00:00:00-05:00,4.639997607181816,4.683120013856566,4.596874789257394,4.674495697021484,123500,0.0,0.0
2023-02-21 00:00:00-05:00,4.614122841106219,4.657245649749568,4.484754826425757,4.536502361297607,89700,0.0,0.0
2023-02-22 00:00:00-05:00,4.545127593415708,4.571001366072576,4.329514329190579,4.338139057159424,172000,0.0,0.0
2023-02-23 00:00:00-05:00,4.372636513714237,4.450256997952039,4.31226466041852,4.424383640289307,206700,0.0,0.0
2023-02-24 00:00:00-05:00,4.36401178699359,4.441632682480996,4.320889387139167,4.424383640289307,148100,0.0,0.0
2023-02-27 00:00:00-05:00,4.4588814702394135,4.55375140250503,4.4588814702394135,4.536502361297607,79800,0.0,0.0
2023-02-28 00:00:00-05:00,4.510628830751408,4.622747810112724,4.510628830751408,4.545126914978027,139800,0.0,0.0
2023-03-01 00:00:00-05:00,4.545127218238688,4.588250032024012,4.484755361189162,4.5537519454956055,94700,0.0,0.0
2023-03-02 00:00:00-05:00,4.50200382877659,4.614122801281936,4.50200382877659,4.596873760223389,104500,0.0,0.0
2023-03-03 00:00:00-05:00,4.596874301332414,4.6744952008576055,4.579625258243441,4.614123344421387,92500,0.0,0.0
2023-03-06 00:00:00-05:00,4.62274824770955,4.62274824770955,4.571001116471153,4.588250160217285,205000,0.0,0.0
2023-03-07 00:00:00-05:00,4.674495571210984,4.708993660122163,4.596874665536001,4.639997482299805,105600,0.0,0.0
2023-03-08 00:00:00-05:00,4.639997179071216,4.683119581767267,4.596874365125533,4.631372451782227,137500,0.0,0.0
2023-03-09 00:00:00-05:00,4.639997291455683,4.6572463352018145,4.571001116471153,4.588250160217285,123600,0.0,0.0
2023-03-10 00:00:00-05:00,4.657246195073412,4.657246195073412,4.277766832826728,4.312264919281006,192900,0.0,0.0
2023-03-13 00:00:00-04:00,4.226019340907224,4.329513591398929,4.113900363916414,4.286390781402588,109100,0.0,0.0
2023-03-14 00:00:00-04:00,4.3985097583933985,4.3985097583933985,4.208770299158607,4.286390781402588,237100,0.0,0.0
2023-03-15 00:00:00-04:00,4.174272727720281,4.243268903178526,4.113900868569494,4.226019859313965,372700,0.0,0.0
2023-03-16 00:00:00-04:00,4.148399018375261,4.277767054920156,4.070778114198394,4.243268966674805,112700,0.0,0.0
2023-03-17 00:00:00-04:00,4.199792060351328,4.199792060351328,4.017192369499488,4.043278217315674,251900,0.04,0.0
2023-03-20 00:00:00-04:00,4.043278393919553,4.095449677210195,3.999802117200433,4.025887966156006,129900,0.0,0.0
2023-03-21 00:00:00-04:00,4.078059791503746,4.269354522329728,4.060669361428657,4.251964092254639,116600,0.0,0.0
2023-03-22 00:00:00-04:00,4.2345734772255375,4.260659328509096,4.060669184070285,4.104145050048828,121000,0.0,0.0
2023-03-23 00:00:00-04:00,4.138926387278879,4.251963972266829,4.0606692468390655,4.2171831130981445,91800,0.0,0.0
2023-03-24 00:00:00-04:00,4.173706843745749,4.338915701546481,4.165011422482286,4.304134845733643,114500,0.0,0.0
2023-03-27 00:00:00-04:00,4.356306851749125,4.3910877100184535,4.251963862320601,4.373697280883789,113300,0.0,0.0
2023-03-28 00:00:00-04:00,4.356307087662874,4.4519542457729875,4.347611665314377,4.417173385620117,147800,0.0,0.0
2023-03-29 00:00:00-04:00,4.4867348629488415,4.4867348629488415,4.330221000736859,4.373697280883789,128000,0.0,0.0
2023-03-30 00:00:00-04:00,4.373696622197694,4.4258679017446045,4.347610775114001,4.365001201629639,82400,0.0,0.0
2023-03-31 00:00:00-04:00,4.373697695685191,4.443259418821082,4.373697695685191,4.425868988037109,115000,0.0,0.0
2023-04-03 00:00:00-04:00,4.425868629402655,4.486734924904189,4.391087770653052,4.434563636779785,63700,0.0,0.0
2023-04-04 00:00:00-04:00,4.451953513772332,4.451953513772332,4.33022052325291,4.347610950469971,67200,0.0,0.0
2023-04-05 00:00:00-04:00,4.321524809353216,4.391086928125932,4.286743957277088,4.356306076049805,98000,0.0,0.0
2023-04-06 00:00:00-04:00,4.347611665314377,4.443259238045049,4.321525812889445,4.417173385620117,66100,0.0,0.0
2023-04-10 00:00:00-04:00,4.38239270376689,4.451954426902781,4.365002272982918,4.425868988037109,103900,0.0,0.0
2023-04-11 00:00:00-04:00,4.417173207404984,4.582382493775868,4.4084782000278535,4.434563636779785,134100,0.0,0.0
2023-04-12 00:00:00-04:00,4.478040515933089,4.56499267442662,4.434564229376026,4.4693450927734375,58200,0.0,0.0
2023-04-13 00:00:00-04:00,4.504124999367772,4.564991704693738,4.478039564671292,4.495429992675781,59400,0.0,0.0
2023-04-14 00:00:00-04:00,4.486735288470727,4.538906580822645,4.391088126469164,4.425868988037109,83800,0.0,0.0
2023-04-17 00:00:00-04:00,4.434563638971082,4.469344497737872,4.3736973434394715,4.460649490356445,94400,0.0,0.0
2023-04-18 00:00:00-04:00,4.49542961445441,4.49542961445441,4.365001208084034,4.391087055206299,98100,0.0,0.0
2023-04-19 00:00:00-04:00,4.3215255788592595,4.4258685682877825,4.3215255788592595,4.373697280883789,89400,0.0,0.0
2023-04-20 00:00:00-04:00,4.347610950469971,4.391087225822866,4.29543966881879,4.347610950469971,91800,0.0,0.0
2023-04-21 00:00:00-04:00,4.347611429871524,4.3910877100184535,4.312830571602195,4.373697280883789,131800,0.0,0.0
2023-04-24 00:00:00-04:00,4.3736970310822,4.399782465984072,4.243268612711303,4.278049468994141,89100,0.0,0.0
2023-04-25 00:00:00-04:00,4.225878537082718,4.304135262936837,4.2171831149764,4.243268966674805,55900,0.0,0.0
2023-04-26 00:00:00-04:00,4.225878771768862,4.321525932526879,4.225878771768862,4.286745071411133,89400,0.0,0.0
2023-04-27 00:00:00-04:00,4.312830566483723,4.321525573730469,4.24326885002762,4.321525573730469,126200,0.0,0.0
2023-04-28 00:00:00-04:00,4.330221411414972,4.469344857686754,4.330221411414972,4.425868988037109,86100,0.0,0.0
2023-05-01 00:00:00-04:00,4.425868631589656,4.495430349123235,4.425868631589656,4.460649490356445,68700,0.0,0.0
2023-05-02 00:00:00-04:00,4.44325893718077,4.451953944319947,4.321525520268042,4.399782657623291,75800,0.0,0.0
2023-05-03 00:00:00-04:00,4.417173385620117,4.564992248580095,4.408478377892179,4.417173385620117,131100,0.0,0.0
2023-05-04 00:00:00-04:00,4.399782531603134,4.425868381514567,4.338915824890137,4.338915824890137,115800,0.0,0.0
2023-05-05 00:00:00-04:00,4.382391804904091,4.4171726593382115,4.31283009603585,4.347610950469971,96800,0.0,0.0
2023-05-08 00:00:00-04:00,4.338915529551195,4.3563063713887455,4.304134675117075,4.347610950469971,176000,0.0,0.0
2023-05-09 00:00:00-04:00,4.278050059363685,4.530211509522713,4.278050059363685,4.451954364776611,117100,0.0,0.0
2023-05-10 00:00:00-04:00,4.47803962874215,4.608468047952216,4.47803962874215,4.556296348571777,102200,0.0,0.0
2023-05-11 00:00:00-04:00,4.538906580822645,4.538906580822645,4.373697695685191,4.425868988037109,128200,0.0,0.0
2023-05-12 00:00:00-04:00,4.434563934235319,4.591078223727522,4.417173503694026,4.451954364776611,65100,0.0,0.0
2023-05-15 00:00:00-04:00,4.486734869621547,4.547601578993663,4.443259004030496,4.512820720672607,94100,0.0,0.0
2023-05-16 00:00:00-04:00,4.52151542737226,4.564991704693738,4.486734571363282,4.495429992675781,55000,0.0,0.0
2023-05-17 00:00:00-04:00,4.521515204518345,4.5910773277282715,4.469343923076266,4.5910773277282715,142600,0.0,0.0
2023-05-18 00:00:00-04:00,4.591078159428718,4.738896609649199,4.564992306671831,4.669334888458252,122300,0.0,0.0
2023-05-19 00:00:00-04:00,4.695419964622398,4.756286253287296,4.651943688758474,4.678029537200928,94500,0.0,0.0
2023-05-22 00:00:00-04:00,4.678030310917402,4.712811171512875,4.634554027862778,4.669334888458252,180800,0.0,0.0
2023-05-23 00:00:00-04:00,4.65194415395683,4.704115441438414,4.434563582139964,4.512820720672607,151500,0.0,0.0
2023-05-24 00:00:00-04:00,4.495430346901861,4.495430346901861,4.399782778030182,4.434563636779785,97300,0.0,0.0
2023-05-25 00:00:00-04:00,4.42586868965182,4.451954126758851,4.365001978701168,4.408478260040283,104500,0.0,0.0
2023-05-26 00:00:00-04:00,4.391087772822867,4.478039919739841,4.382392350820898,4.460649490356445,80900,0.0,0.0
2023-05-30 00:00:00-04:00,4.478040098197919,4.521515966078728,4.408478377892179,4.417173385620117,67400,0.0,0.0
2023-05-31 00:00:00-04:00,4.417173207404984,4.486734924904189,4.417173207404984,4.434563636779785,67300,0.0,0.0
2023-06-01 00:00:00-04:00,4.451953944319947,4.460649366079655,4.365001799825521,4.399782657623291,115700,0.0,0.0
2023-06-02 00:00:00-04:00,4.4171728027258155,4.608467922943676,4.4171728027258155,4.521515369415283,171900,0.0,0.0
2023-06-05 00:00:00-04:00,4.521516087400631,4.521516087400631,4.451954365228401,4.4780402183532715,152100,0.0,0.0
2023-06-06 00:00:00-04:00,4.464882010275761,4.578916003572262,4.464882010275761,4.56137228012085,79200,0.045,0.0
2023-06-07 00:00:00-04:00,4.561372849691739,4.692951001144953,4.561372849691739,4.64031982421875,218000,0.0,0.0
2023-06-08 00:00:00-04:00,4.640318320941271,4.649090390058211,4.535056001189644,4.622774600982666,139300,0.0,0.0
2023-06-09 00:00:00-04:00,4.578915933764137,4.6315475215913375,4.54382848739624,4.54382848739624,65400,0.0,0.0
2023-06-12 00:00:00-04:00,4.535057067871094,4.561372444860948,4.499969619701038,4.535057067871094,78500,0.0,0.0
2023-06-13 00:00:00-04:00,4.543829124049671,4.666635621819558,4.543829124049671,4.64031982421875,122100,0.0,0.0
2023-06-14 00:00:00-04:00,4.649091487194521,4.763125484698625,4.622775691908727,4.657863140106201,174700,0.0,0.0
2023-06-15 00:00:00-04:00,4.631547116333582,4.6929499329670135,4.587687603073716,4.666634559631348,168000,0.0,0.0
2023-06-16 00:00:00-04:00,4.70172266325803,5.149087837271974,4.6841789391452355,5.13154411315918,721200,0.0,0.0
2023-06-20 00:00:00-04:00,5.087684868120483,5.087684868120483,4.912247213679046,4.9736504554748535,197800,0.0,0.0
2023-06-21 00:00:00-04:00,4.964878521534569,5.06136921322625,4.929791073333117,5.008738040924072,175500,0.0,0.0
2023-06-22 00:00:00-04:00,4.815756825925507,5.017509869275917,4.745581927068911,4.999966144561768,318600,0.0,0.0
2023-06-23 00:00:00-04:00,4.973649763996464,4.982421415447577,4.833299994576205,4.921018600463867,514100,0.0,0.0
2023-06-26 00:00:00-04:00,4.587688447968664,4.622775897728335,4.385935402712857,4.4648823738098145,290300,0.0,0.0
2023-06-27 00:00:00-04:00,4.4736536189200455,4.543828512036383,4.429794519860013,4.482425689697266,212300,0.0,0.0
2023-06-28 00:00:00-04:00,4.4824256987312765,4.614003832727273,4.4824256987312765,4.605231761932373,121700,0.0,0.0
2023-06-29 00:00:00-04:00,4.596460031052675,4.710494450167247,4.587688377884455,4.69295072555542,93600,0.0,0.0
2023-06-30 00:00:00-04:00,4.701723098754883,4.745582203961628,4.684179373017102,4.701723098754883,114000,0.0,0.0
2023-07-03 00:00:00-04:00,4.701722248981806,4.719265971548795,4.578915772737543,4.675406455993652,96200,0.0,0.0
2023-07-05 00:00:00-04:00,4.666634860919315,4.666634860919315,4.56137210595471,4.570144176483154,92000,0.0,0.0
2023-07-06 00:00:00-04:00,4.605231387980762,4.675406275540227,4.570143944201029,4.578915596008301,135000,0.0,0.0
2023-07-07 00:00:00-04:00,4.587688647292547,4.675407275502885,4.561372849691739,4.64031982421875,201300,0.0,0.0
2023-07-10 00:00:00-04:00,4.4034787346786075,4.631547556041715,4.394707082159065,4.605231761932373,210100,0.0,0.0
2023-07-11 00:00:00-04:00,4.605231967809989,4.684178935391995,4.596459896622933,4.657863140106201,90900,0.0,0.0
2023-07-12 00:00:00-04:00,4.7280378341674805,4.771897351675069,4.684178734935251,4.7280378341674805,108000,0.0,0.0
2023-07-13 00:00:00-04:00,4.719266181631178,4.780669004211371,4.701722458283214,4.7280378341674805,94500,0.0,0.0
2023-07-14 00:00:00-04:00,4.701722796999028,4.719266521610855,4.657863276331765,4.69295072555542,96200,0.0,0.0
2023-07-17 00:00:00-04:00,4.403479060322573,4.728038174779075,4.403479060322573,4.69295072555542,198100,0.0,0.0
2023-07-18 00:00:00-04:00,4.692951419134625,4.806985855102539,4.684179764670028,4.806985855102539,144500,0.0,0.0
2023-07-19 00:00:00-04:00,4.798213033866962,4.81575675833488,4.701722758431108,4.736810207366943,83700,0.0,0.0
2023-07-20 00:00:00-04:00,4.710494312402413,4.745581760599888,4.649091487194521,4.657863140106201,138100,0.0,0.0
2023-07-21 00:00:00-04:00,4.692950369046277,4.692950369046277,4.4736536189200455,4.482425689697266,93600,0.0,0.0
2023-07-24 00:00:00-04:00,4.385935729518121,4.578916717575732,4.368392003331066,4.552601337432861,165500,0.0,0.0
2023-07-25 00:00:00-04:00,4.535056500421297,4.614003458063356,4.535056500421297,4.578915596008301,78700,0.0,0.0
2023-07-26 00:00:00-04:00,4.570143441106853,4.649090390058211,4.570143441106853,4.622774600982666,78100,0.0,0.0
2023-07-27 00:00:00-04:00,4.631547583775543,4.631547583775543,4.41225083189418,4.438566207885742,218500,0.0,0.0
2023-07-28 00:00:00-04:00,4.456110503000028,4.526285405681065,4.456110503000028,4.517513751983643,107900,0.0,0.0
2023-07-31 00:00:00-04:00,4.38593560031899,4.543829131351325,4.377163528346154,4.517513751983643,235100,0.0,0.0
2023-08-01 00:00:00-04:00,4.526284694671631,4.570144211095333,4.491197248842808,4.526284694671631,61300,0.0,0.0
2023-08-02 00:00:00-04:00,4.464882237045499,4.473653890079034,4.377163197057858,4.429794788360596,101300,0.0,0.0
2023-08-03 00:00:00-04:00,4.421021612321077,4.631546670099607,4.421021612321077,4.622774600982666,225900,0.0,0.0
2023-08-04 00:00:00-04:00,4.517513042352099,4.684178619176682,4.456109803013986,4.526284694671631,126700,0.0,0.0
2023-08-07 00:00:00-04:00,4.385935402712857,4.561372651511213,4.377163331135241,4.4648823738098145,225700,0.0,0.0
2023-08-08 00:00:00-04:00,4.412251527936418,4.5613729913886765,4.412251527936418,4.552601337432861,151300,0.0,0.0
2023-08-09 00:00:00-04:00,4.578915967823031,4.614003832727273,4.4999694220457185,4.605231761932373,76100,0.0,0.0
2023-08-10 00:00:00-04:00,4.614003832727273,4.640319208561258,4.570144315303488,4.605231761932373,181900,0.0,0.0
2023-08-11 00:00:00-04:00,4.570144614833472,4.622775788226278,4.570144614833472,4.614004135131836,105200,0.0,0.0
2023-08-14 00:00:00-04:00,4.40347860092082,4.596459551517797,4.40347860092082,4.570144176483154,146400,0.0,0.0
2023-08-15 00:00:00-04:00,4.570144211095333,4.614003727519036,4.526284694671631,4.526284694671631,81000,0.0,0.0
2023-08-16 00:00:00-04:00,4.517512779324851,4.552600223110746,4.394706726074219,4.394706726074219,68800,0.0,0.0
2023-08-17 00:00:00-04:00,4.3947067584558965,4.4561095763959875,4.333303522240479,4.350847244262695,108500,0.0,0.0
2023-08-18 00:00:00-04:00,4.333303554820011,4.368390999128243,4.289444040297055,4.306987762451172,78600,0.0,0.0
2023-08-21 00:00:00-04:00,4.342076134942452,4.342076134942452,4.157866803809095,4.228042125701904,205500,0.0,0.0
2023-08-22 00:00:00-04:00,4.2543567342784785,4.359619070624773,4.245585082053959,4.342075347900391,114200,0.0,0.0
2023-08-23 00:00:00-04:00,4.34207588137557,4.473654027112035,4.324532156495734,4.4648823738098145,148300,0.0,0.0
2023-08-24 00:00:00-04:00,4.447338173930715,4.491197272308224,4.359619140625,4.359619140625,54000,0.0,0.0
2023-08-25 00:00:00-04:00,4.3683909662849105,4.385934688307126,4.298216078196049,4.350847244262695,75400,0.0,0.0
2023-08-28 00:00:00-04:00,4.350847488259638,4.385934934271784,4.30698797160678,4.359619140625,118600,0.0,0.0
2023-08-29 00:00:00-04:00,4.368391649739659,4.429794895561894,4.342075853451447,4.403479099273682,288200,0.0,0.0
2023-08-30 00:00:00-04:00,4.394706706558217,4.464881593818374,4.394706706558217,4.456109523773193,128700,0.0,0.0
2023-08-31 00:00:00-04:00,4.456109939412374,4.70172248600751,4.456109939412374,4.56137228012085,275600,0.0,0.0
2023-09-01 00:00:00-04:00,4.587688447968664,4.622775897728335,4.447338648929978,4.4648823738098145,126900,0.0,0.0
2023-09-05 00:00:00-04:00,4.425056485014142,4.425056485014142,4.318855230655308,4.389656066894531,195300,0.045,0.0
2023-09-06 00:00:00-04:00,4.398505960421298,4.398505960421298,4.327705124182075,4.389656066894531,155000,0.0,0.0
2023-09-07 00:00:00-04:00,4.389656360008365,4.398506254126072,4.292304992675781,4.292304992675781,227600,0.0,0.0
2023-09-08 00:00:00-04:00,4.301154857174694,4.33655527394105,4.248054232025162,4.256904125213623,57900,0.0,0.0
2023-09-11 00:00:00-04:00,4.274604636497369,4.292304846134792,4.203803797947677,4.212654113769531,82200,0.0,0.0
2023-09-12 00:00:00-04:00,4.212653410899235,4.230353617583424,4.150702476501465,4.150702476501465,82300,0.0,0.0
2023-09-13 00:00:00-04:00,4.203803341662569,4.203803341662569,4.088751780503991,4.106451988220215,97100,0.0,0.0
2023-09-14 00:00:00-04:00,4.1418519123120365,4.1507022261233715,4.097601609273932,4.124151706695557,141900,0.0,0.0
2023-09-15 00:00:00-04:00,4.115302328158543,4.133002535982626,4.062201704686295,4.071051597595215,293000,0.0,0.0
2023-09-18 00:00:00-04:00,4.11530314847381,4.11530314847381,3.9560008242966305,3.964851140975952,114500,0.0,0.0
2023-09-19 00:00:00-04:00,3.964850858224765,4.03565169858491,3.9294504380446926,4.017951488494873,126900,0.0,0.0
2023-09-20 00:00:00-04:00,4.026801593358818,4.106452323583578,3.9737005438672797,3.982550859451294,85500,0.0,0.0
2023-09-21 00:00:00-04:00,3.9383003861907446,3.9648509126936973,3.8851997551911426,3.920600175857544,99900,0.0,0.0
2023-09-22 00:00:00-04:00,3.8763496734122835,3.9471505113183247,3.8586494639357736,3.894049882888794,103200,0.0,0.0
2023-09-25 00:00:00-04:00,3.8763498658244577,3.9560006014192735,3.8674995496437545,3.947150707244873,73800,0.0,0.0
2023-09-26 00:00:00-04:00,3.9471509262604036,4.000251560272109,3.9294507149231683,3.938300609588623,66800,0.0,0.0
2023-09-27 00:00:00-04:00,3.9471500183642227,3.9559999109940858,3.858648982034443,3.8674988746643066,67200,0.0,0.0
2023-09-28 00:00:00-04:00,3.8674993800341837,3.885199589613043,3.8143987512976056,3.832098960876465,60700,0.0,0.0
2023-09-29 00:00:00-04:00,3.849799635832501,3.9029002709880687,3.8232495292578847,3.876350164413452,98300,0.0,0.0
2023-10-02 00:00:00-04:00,3.867499444441991,3.8763497603819523,3.761298185200201,3.787848711013794,87700,0.0,0.0
2023-10-03 00:00:00-04:00,3.778998380614291,3.8586495357440107,3.778998380614291,3.805548906326294,96400,0.0,0.0
2023-10-04 00:00:00-04:00,3.7789985269324515,3.920600210862338,3.7789985269324515,3.911750316619873,75100,0.0,0.0
2023-10-05 00:00:00-04:00,3.911750022804275,3.9914011750353087,3.849799079734996,3.982550859451294,111800,0.0,0.0
2023-10-06 00:00:00-04:00,3.9648504046811546,4.000250820811734,3.920599673514806,3.9560000896453857,66200,0.0,0.0
2023-10-09 00:00:00-04:00,3.9294507149231683,3.9825513489348743,3.9294507149231683,3.938300609588623,52000,0.0,0.0
2023-10-10 00:00:00-04:00,3.9383006129443134,4.017951775032904,3.9383006129443134,3.964851140975952,69500,0.0,0.0
2023-10-11 00:00:00-04:00,3.9648509480935807,4.000251369076052,3.902900000371102,3.911750316619873,52300,0.0,0.0
2023-10-12 00:00:00-04:00,3.911749885111425,3.911749885111425,3.796698318606675,3.8143985271453857,47600,0.0,0.0
2023-10-13 00:00:00-04:00,3.849799012552992,3.849799012552992,3.708197341730014,3.7258975505828857,109000,0.0,0.0
2023-10-16 00:00:00-04:00,3.7612981225610276,3.876349695826755,3.7347475971895965,3.832098960876465,46500,0.0,0.0
2023-10-17 00:00:00-04:00,3.8232486248016357,3.8851991401578205,3.8143983100329035,3.8232486248016357,56700,0.0,0.0
2023-10-18 00:00:00-04:00,3.796698108868282,3.796698108868282,3.7170469638410673,3.7347471714019775,47100,0.0,0.0
2023-10-19 00:00:00-04:00,3.725897550582886,3.823248910276817,3.7170472351533164,3.7258975505828857,51600,0.0,0.0
2023-10-20 00:00:00-04:00,3.7435984760573446,3.7789989005396465,3.681647522210143,3.699347734451294,73300,0.0,0.0
2023-10-23 00:00:00-04:00,3.6993473021954646,3.725897828458028,3.6285464615036926,3.6462466716766357,46100,0.0,0.0
2023-10-24 00:00:00-04:00,3.68164664465402,3.68164664465402,3.593145604543346,3.6373963356018066,50900,0.0,0.0
2023-10-25 00:00:00-04:00,3.619696179175112,3.619696179175112,3.5488953460773716,3.5665955543518066,42900,0.0,0.0
2023-10-26 00:00:00-04:00,3.575445830984864,3.663946881849579,3.575445830984864,3.6462466716766357,66200,0.0,0.0
2023-10-27 00:00:00-04:00,3.6462465252300524,3.6462465252300524,3.5134949542647687,3.5311951637268066,46000,0.0,0.0
2023-10-30 00:00:00-04:00,3.5400450309370277,3.5842957626262417,3.5134947185253753,3.5665955543518066,62800,0.0,0.0
2023-10-31 00:00:00-04:00,3.5754458753465803,3.5931460857391357,3.5223452441689145,3.5931460857391357,71100,0.0,0.0
2023-11-01 00:00:00-04:00,3.5754456584142957,3.628546286370198,3.5400452397770277,3.6019961833953857,54700,0.0,0.0
2023-11-02 00:00:00-04:00,3.6285464615036926,3.6727971979391993,3.593146041157807,3.6462466716766357,53000,0.0,0.0
2023-11-03 00:00:00-04:00,3.663946543563214,3.832098735684097,3.6462463350245033,3.8143985271453857,78600,0.0,0.0
2023-11-06 00:00:00-05:00,3.7966983859943753,3.8320988037001196,3.708197341730014,3.7258975505828857,65900,0.0,0.0
2023-11-07 00:00:00-05:00,3.743598043854527,3.7612982540521678,3.655096992866324,3.672797203063965,68300,0.0,0.0
2023-11-08 00:00:00-05:00,3.6727974097203955,3.71704772670117,3.619696776139673,3.708197832107544,36300,0.0,0.0
2023-11-09 00:00:00-05:00,3.71704750256269,3.7435980287552124,3.6639468721839425,3.690497398376465,57500,0.0,0.0
2023-11-10 00:00:00-05:00,3.71704772670117,3.734747937894744,3.637396987333247,3.708197832107544,47100,0.0,0.0
2023-11-13 00:00:00-05:00,3.6816465487192467,3.761297693746461,3.6285459260365154,3.7347471714019775,59800,0.0,0.0
2023-11-14 00:00:00-05:00,3.7966988882688626,3.9825513168140225,3.7966988882688626,3.973701000213623,86900,0.0,0.0
2023-11-15 00:00:00-05:00,3.9648509480935807,4.026801895816059,3.902900000371102,3.911750316619873,80400,0.0,0.0
2023-11-16 00:00:00-05:00,3.9559994332860176,3.9559994332860176,3.814397792257525,3.8497982025146484,49400,0.0,0.0
2023-11-17 00:00:00-05:00,3.876349189300399,3.9471500183642227,3.840948774768487,3.8674988746643066,86600,0.0,0.0
2023-11-20 00:00:00-05:00,3.894050260841642,4.009101844608898,3.840949627258214,3.973701000213623,60000,0.0,0.0
2023-11-21 00:00:00-05:00,3.8940494302648974,3.9737001526478704,3.849798700713954,3.8586490154266357,53200,0.0,0.0
2023-11-22 00:00:00-05:00,3.858649027589058,3.9028993352732453,3.832098505373558,3.8409488201141357,29500,0.0,0.0
2023-11-24 00:00:00-05:00,3.8674988746643066,3.920599496462174,3.8497986673983506,3.8674988746643066,20100,0.0,0.0
2023-11-27 00:00:00-05:00,3.876349695826755,3.911750114984474,3.823249067090177,3.832098960876465,34800,0.0,0.0
2023-11-28 00:00:00-05:00,3.840949050956582,3.8674991527615186,3.80554863387916,3.8143985271453857,40800,0.0,0.0
2023-11-29 00:00:00-05:00,3.8497992345683594,3.867499444441991,3.7524478692602394,3.787848711013794,47100,0.0,0.0
2023-11-30 00:00:00-05:00,3.7612977312866627,3.8055484616337076,3.672796692598813,3.6816465854644775,74200,0.0,0.0
2023-12-01 00:00:00-05:00,3.7524473489056174,3.885199115552216,3.672796626522645,3.8586490154266357,71900,0.0,0.0
2023-12-04 00:00:00-05:00,3.872063516896491,4.0419693604841065,3.836293910499872,4.033027172088623,43200,0.045,0.0
2023-12-05 00:00:00-05:00,3.979371855864842,4.033026685392172,3.9346600664684557,3.961487054824829,45400,0.0,0.0
2023-12-06 00:00:00-05:00,3.8899476842883325,4.1045657139963785,3.8899476842883325,3.9436020851135254,99100,0.0,0.0
2023-12-07 00:00:00-05:00,3.943602137243699,4.077738354283455,3.916775149680115,4.059853553771973,106800,0.0,0.0
2023-12-08 00:00:00-05:00,4.01514085946992,4.140334874496566,3.997256061095717,4.068795680999756,66200,0.0,0.0
2023-12-11 00:00:00-05:00,4.041968516243578,4.0687959286413085,3.9078323070694325,3.934659719467163,72500,0.0,0.0
2023-12-12 00:00:00-05:00,3.9525439643242324,3.9525439643242324,3.800522977018347,3.8184077739715576,93800,0.0,0.0
2023-12-13 00:00:00-05:00,3.809466885190063,4.095623733830364,3.809466885190063,3.916775703430176,377000,0.0,0.0
2023-12-14 00:00:00-05:00,4.015141339289627,4.1313927558179016,3.9257173367322165,4.059853553771973,134700,0.0,0.0
2023-12-15 00:00:00-05:00,4.086680292747061,4.283413065879071,4.050910697632149,4.24764347076416,200900,0.0,0.0
2023-12-18 00:00:00-05:00,4.256586968295727,4.310241372130467,4.2118747518964605,4.265529155731201,160900,0.0,0.0
2023-12-19 00:00:00-05:00,4.301298145199638,4.372837340115744,4.149277142799294,4.16716194152832,162300,0.0,0.0
2023-12-20 00:00:00-05:00,4.140334758187064,4.363894944788,4.140334758187064,4.220816135406494,99600,0.0,0.0
2023-12-21 00:00:00-05:00,4.247643478698254,4.283413073879979,4.167161676335771,4.238700866699219,82600,0.0,0.0
2023-12-22 00:00:00-05:00,4.211873875649249,4.34601007053377,4.211873875649249,4.24764347076416,89400,0.0,0.0
2023-12-26 00:00:00-05:00,4.25658694619914,4.426492344256832,4.25658694619914,4.399665355682373,77600,0.0,0.0
2023-12-27 00:00:00-05:00,4.417549408977351,4.4533190052923715,4.30129800774992,4.337067604064941,77400,0.0,0.0
2023-12-28 00:00:00-05:00,4.337068350923168,4.354953152160504,4.256586958558807,4.274471759796143,58700,0.0,0.0
2023-12-29 00:00:00-05:00,4.301298972701934,4.310241586990484,4.202932347564477,4.211874961853027,94100,0.0,0.0
2024-01-02 00:00:00-05:00,4.211874623899895,4.283413826838845,4.167162408859409,4.17610502243042,66300,0.0,0.0
2024-01-03 00:00:00-05:00,4.149277556329384,4.193989770811728,4.0509113667198715,4.059853553771973,106700,0.0,0.0
2024-01-04 00:00:00-05:00,4.068796167231353,4.104565768254318,4.024083952749009,4.059853553771973,61900,0.0,0.0
2024-01-05 00:00:00-05:00,4.0330259603374365,4.167161730819047,4.0330259603374365,4.095622539520264,122000,0.0,0.0
2024-01-08 00:00:00-05:00,4.1135073962098145,4.158219604614999,4.068795614211851,4.0866804122924805,35900,0.0,0.0
2024-01-09 00:00:00-05:00,4.068796378132263,4.068796378132263,3.9883145584552806,4.006199359893799,63800,0.0,0.0
2024-01-10 00:00:00-05:00,4.006199775515428,4.041969382103368,3.9614875540768297,4.01514196395874,62100,0.0,0.0
2024-01-11 00:00:00-05:00,4.015141547409407,4.015141547409407,3.9346601541397255,4.006199359893799,63100,0.0,0.0
2024-01-12 00:00:00-05:00,4.059853623297007,4.068796236909531,4.015141408048965,4.041968822479248,59000,0.0,0.0
2024-01-16 00:00:00-05:00,4.041968279897482,4.041968279897482,3.9167746909787784,3.9257168769836426,49700,0.0,0.0
2024-01-17 00:00:00-05:00,3.8899469956841886,3.9257165899023314,3.854177401466046,3.881004810333252,34900,0.0,0.0
2024-01-18 00:00:00-05:00,3.9167752654284427,3.9883144695884942,3.863120862308404,3.961487054824829,63900,0.0,0.0
2024-01-19 00:00:00-05:00,3.988314530220859,3.9972567176731633,3.8810057223494194,3.952544927597046,36400,0.0,0.0
2024-01-22 00:00:00-05:00,3.99725647092555,4.095623085272589,3.99725647092555,4.077738285064697,53500,0.0,0.0
2024-01-23 00:00:00-05:00,4.113508168524908,4.113508168524908,3.9793719445323705,4.006199359893799,80700,0.0,0.0
2024-01-24 00:00:00-05:00,4.024083952749009,4.077738354283455,4.015141339289627,4.059853553771973,62300,0.0,0.0
2024-01-25 00:00:00-05:00,4.122450736075143,4.283413947211162,4.104565934837807,4.274471759796143,116300,0.0,0.0
2024-01-26 00:00:00-05:00,4.310241241144594,4.310241241144594,4.17610502243042,4.17610502243042,50800,0.0,0.0
2024-01-29 00:00:00-05:00,4.193990159683246,4.25658718048114,4.1135083367155705,4.211874961853027,59400,0.0,0.0
2024-01-30 00:00:00-05:00,4.1761041420485885,4.193988939012958,4.131391936434068,4.1492767333984375,32500,0.0,0.0
2024-01-31 00:00:00-05:00,4.140335554575715,4.140335554575715,3.9436023137374434,3.952544927597046,84000,0.0,0.0
2024-02-01 00:00:00-05:00,3.9704289547473937,4.122449949460915,3.9704289547473937,4.095622539520264,89300,0.0,0.0
2024-02-02 00:00:00-05:00,4.095623132901238,4.095623132901238,3.970429529990102,3.9972565174102783,76700,0.0,0.0
2024-02-05 00:00:00-05:00,3.9614868073062843,4.024083820238838,3.881005420858448,3.9704294204711914,68000,0.0,0.0
2024-02-06 00:00:00-05:00,3.9704293521491243,4.0777381498378755,3.9704293521491243,3.988314151763916,95500,0.0,0.0
2024-02-07 00:00:00-05:00,3.9972566569048547,4.033026685392172,3.943602253784816,3.961487054824829,53000,0.0,0.0
2024-02-08 00:00:00-05:00,3.9525442878126937,3.961486473817558,3.9167746909787784,3.9257168769836426,59800,0.0,0.0
2024-02-09 00:00:00-05:00,3.925716763692183,3.952544173747027,3.8988897800445557,3.8988897800445557,89600,0.0,0.0
2024-02-12 00:00:00-05:00,3.8988901536899565,4.0240837509935,3.8899475406789317,3.988314151763916,146500,0.0,0.0
2024-02-13 00:00:00-05:00,3.934660090628929,3.9436022780001982,3.6842724481239713,3.711099863052368,133600,0.0,0.0
2024-02-14 00:00:00-05:00,3.737926540800382,3.872062751475626,3.737926540800382,3.854177951812744,126800,0.0,0.0
2024-02-15 00:00:00-05:00,3.9078324075386384,4.01514120707393,3.881005420858448,3.9704294204711914,110900,0.0,0.0
2024-02-16 00:00:00-05:00,3.9704294204711914,3.9972564071513816,3.9436020073837357,3.9704294204711914,103200,0.0,0.0
2024-02-20 00:00:00-05:00,3.916774404551395,3.961486184120474,3.8184078072479037,3.881004810333252,112400,0.0,0.0
2024-02-21 00:00:00-05:00,3.863120972371497,3.8810057739210606,3.8094665677228057,3.872063159942627,50500,0.0,0.0
2024-02-22 00:00:00-05:00,3.8810048435623363,3.8810048435623363,3.764753448154432,3.800523042678833,161200,0.0,0.0
2024-02-23 00:00:00-05:00,3.782638879438754,3.8631206938121125,3.782638879438754,3.8273510932922363,47100,0.0,0.0
2024-02-26 00:00:00-05:00,3.827350218950959,3.8810046074736655,3.7558106078468416,3.7915802001953125,79400,0.0,0.0
2024-02-27 00:00:00-05:00,3.8184087552939356,3.8810057739210606,3.800523953744372,3.872063159942627,103100,0.0,0.0
2024-02-28 00:00:00-05:00,3.8094660981300312,3.9167748941994613,3.7379264743431597,3.7468690872192383,84700,0.0,0.0
2024-02-29 00:00:00-05:00,3.7826391521948084,3.925717564591318,3.7736965382163743,3.872063159942627,132600,0.0,0.0
2024-03-01 00:00:00-05:00,3.889947061957589,3.9346592686956328,3.764753480061155,3.8631200790405273,93800,0.0,0.0
2024-03-04 00:00:00-05:00,3.8810049795754162,3.9078319632052905,3.764753580093384,3.764753580093384,50400,0.0,0.0
2024-03-05 00:00:00-05:00,3.773696141901119,3.818408354282984,3.7110995562552196,3.7289843559265137,54600,0.0,0.0
2024-03-06 00:00:00-05:00,3.7736968040287078,3.7736968040287078,3.702157592791361,3.737927198410034,55700,0.0,0.0
2024-03-07 00:00:00-05:00,3.7379272466226485,3.916775703430176,3.7289850583063084,3.916775703430176,151800,0.0,0.0
2024-03-08 00:00:00-05:00,3.5501357922219157,3.8005231758713602,3.5411933932774216,3.764753580093384,124200,0.0,0.0
2024-03-11 00:00:00-04:00,3.7558106078468416,3.8362924038344888,3.737925811672606,3.7915802001953125,81500,0.0,0.0
2024-03-12 00:00:00-04:00,3.755811490791034,3.773696291169762,3.6574453019116695,3.684272289276123,156000,0.0,0.0
2024-03-13 00:00:00-04:00,3.711099497000126,3.737926482875091,3.5411936896320872,3.550136089324951,110600,0.0,0.0
2024-03-14 00:00:00-04:00,3.568020610575898,3.693214409720495,3.496481418609619,3.496481418609619,147300,0.0,0.0
2024-03-15 00:00:00-04:00,3.487539053471816,3.639560051079629,3.487539053471816,3.6216752529144287,293900,0.0,0.0
2024-03-18 00:00:00-04:00,3.6442830750616304,3.671411490305182,3.5448112130390412,3.562896966934204,110000,0.045,0.0
2024-03-19 00:00:00-04:00,3.571939973439626,3.644283207243433,3.5628970961640505,3.617154359817505,83300,0.0,0.0
2024-03-20 00:00:00-04:00,3.617154051687732,3.671411310719244,3.499596441520273,3.6533255577087402,210500,0.0,0.0
2024-03-21 00:00:00-04:00,3.635239591095904,3.7256683508349386,3.6261969307211706,3.716625690460205,71200,0.0,0.0
2024-03-22 00:00:00-04:00,3.7166259088446867,3.734711661855191,3.617154051687732,3.6533255577087402,72100,0.0,0.0
2024-03-25 00:00:00-04:00,3.6352397701860437,3.680454367882229,3.6352397701860437,3.6714112758636475,80700,0.0,0.0
2024-03-26 00:00:00-04:00,3.6894973780221108,3.6894973780221108,3.571939973439626,3.617154359817505,99700,0.0,0.0
2024-03-27 00:00:00-04:00,3.6623688100610057,3.698540317664707,3.599068456155337,3.6442830562591553,52200,0.0,0.0
2024-03-28 00:00:00-04:00,3.6533255577087402,3.734711661855191,3.590025422171976,3.6533255577087402,107900,0.0,0.0
2024-04-01 00:00:00-04:00,3.6623683752567837,3.671411035484953,3.553853649729589,3.6081109046936035,150000,0.0,0.0
2024-04-02 00:00:00-04:00,3.5900246583683497,3.6985393689432695,3.5900246583683497,3.6894962787628174,111100,0.0,0.0
2024-04-03 00:00:00-04:00,3.6894962787628174,3.7799250245759706,3.662367870618008,3.6894962787628174,153400,0.0,0.0
2024-04-04 00:00:00-04:00,3.7166259994719946,3.7527975063750194,3.671411400244026,3.6804544925689697,75400,0.0,0.0
2024-04-05 00:00:00-04:00,3.6714116234709593,3.707583132573262,3.617154359817505,3.617154359817505,48900,0.0,0.0
2024-04-08 00:00:00-04:00,3.6171536736979006,3.635239424818457,3.5357677936553955,3.5357677936553955,66100,0.0,0.0
2024-04-09 00:00:00-04:00,3.535767898074918,3.626196871947441,3.535767898074918,3.6081109046936035,103700,0.0,0.0
2024-04-10 00:00:00-04:00,3.5267256682399504,3.5538543006911247,3.481511065222121,3.5176827907562256,123900,0.0,0.0
2024-04-11 00:00:00-04:00,3.5448107466764345,3.5448107466764345,3.4543817734984485,3.4815104007720947,68900,0.0,0.0
2024-04-12 00:00:00-04:00,3.4905533063098,3.50863927357903,3.318738665444194,3.336824417114258,102100,0.0,0.0
2024-04-15 00:00:00-04:00,3.3458677640531747,3.4182107809194497,3.3458677640531747,3.400125026702881,121100,0.0,0.0
2024-04-16 00:00:00-04:00,3.4001246868821475,3.4272533154956673,3.3277816772460938,3.3277816772460938,66600,0.0,0.0
2024-04-17 00:00:00-04:00,3.363953355926164,3.363953355926164,3.1740527302175536,3.3006532192230225,123600,0.0,0.0
2024-04-18 00:00:00-04:00,3.309695993721711,3.3549103756852907,3.2825673645435636,3.2916102409362793,110500,0.0,0.0
2024-04-19 00:00:00-04:00,3.2283094637792056,3.3639528073359655,3.2283094637792056,3.2554380893707275,305400,0.0,0.0
2024-04-22 00:00:00-04:00,3.2825675495483955,3.318739057157878,3.2283100725349803,3.2463958263397217,86700,0.0,0.0
2024-04-23 00:00:00-04:00,3.2373526435755093,3.291610115462733,3.219266891479492,3.219266891479492,72300,0.0,0.0
2024-04-24 00:00:00-04:00,3.2192672375541145,3.228310114574242,3.1469242213930944,3.1650099754333496,111400,0.0,0.0
2024-04-25 00:00:00-04:00,3.1650093956731196,3.183095146400462,3.146923644945777,3.1559665203094482,198400,0.0,0.0
2024-04-26 00:00:00-04:00,3.165009461762118,3.1830952128671117,3.1017093328946403,3.119795083999634,152500,0.0,0.0
2024-04-29 00:00:00-04:00,3.119795083999634,3.165009461762118,3.0926664573421436,3.119795083999634,133800,0.0,0.0
2024-04-30 00:00:00-04:00,3.1107528064335797,3.128838561015235,3.0293666952169285,3.047452449798584,188600,0.0,0.0
2024-05-01 00:00:00-04:00,3.0474521440893936,3.0655381124559327,3.0022377621709952,3.0203235149383545,120800,0.0,0.0
2024-05-02 00:00:00-04:00,3.0384087562561035,3.0745804713012856,3.020323006533084,3.0384087562561035,98200,0.0,0.0
2024-05-03 00:00:00-04:00,3.0655381124559327,3.083623865223292,3.0112806385546746,3.0203235149383545,118000,0.0,0.0
2024-05-06 00:00:00-04:00,3.020323006533084,3.0655375964397757,3.0022372568100653,3.0384087562561035,143600,0.0,0.0
2024-05-07 00:00:00-04:00,3.0384095725077565,3.0745812972702686,3.0384095725077565,3.047452449798584,116700,0.0,0.0
2024-05-08 00:00:00-04:00,3.038409405451098,3.056495374637559,3.002237898276555,3.0112807750701904,75100,0.0,0.0
2024-05-09 00:00:00-04:00,3.0112807084088957,3.038409338189252,2.98415207862854,2.98415207862854,183300,0.0,0.0
2024-05-10 00:00:00-04:00,3.002237596543447,3.011280472428249,2.667650973206605,2.7128653526306152,256700,0.0,0.0
2024-05-13 00:00:00-04:00,2.7038226827477208,2.7219084358952625,2.649565423305095,2.6676511764526367,157000,0.0,0.0
2024-05-14 00:00:00-04:00,2.7219083842581493,2.839465993086179,2.667651125844834,2.83042311668396,174200,0.0,0.0
2024-05-15 00:00:00-04:00,2.839466245748882,2.8665948773695122,2.776165889701546,2.8123373985290527,123300,0.0,0.0
2024-05-16 00:00:00-04:00,2.8213802265109376,2.8575519503065507,2.812337349461833,2.8485090732574463,112500,0.0,0.0
2024-05-17 00:00:00-04:00,2.8575517458906177,2.866594622292837,2.8123371482803416,2.83042311668396,114100,0.0,0.0
2024-05-20 00:00:00-04:00,2.8304233191592374,2.8756377044047596,2.8304233191592374,2.8485090732574463,102300,0.0,0.0
2024-05-21 00:00:00-04:00,2.8756374291773845,2.902766057728216,2.8485088006265533,2.8665945529937744,114700,0.0,0.0
2024-05-22 00:00:00-04:00,2.875637086500474,2.8846799616064853,2.848508461182441,2.857551336288452,79600,0.0,0.0
2024-05-23 00:00:00-04:00,2.866594827355655,2.8937234585029685,2.8304233191592374,2.8485090732574463,97700,0.0,0.0
2024-05-24 00:00:00-04:00,2.8394655860764297,2.8937228367124965,2.8394655860764297,2.857551336288452,72100,0.0,0.0
2024-05-28 00:00:00-04:00,2.8575519503065507,2.947980720797595,2.839466196208342,2.8485090732574463,96500,0.0,0.0
2024-05-29 00:00:00-04:00,2.839466196208342,2.8756377044047596,2.8213802265109376,2.8485090732574463,97300,0.0,0.0
2024-05-30 00:00:00-04:00,2.884680203995099,2.920851707458496,2.857551576397551,2.920851707458496,128200,0.0,0.0
2024-05-31 00:00:00-04:00,2.920851775454129,2.9660661558359385,2.866594518995958,2.8846802711486816,88100,0.0,0.0
2024-06-03 00:00:00-04:00,2.9118092126011774,2.9118092126011774,2.8485090732574463,2.8485090732574463,67400,0.0,0.0
2024-06-04 00:00:00-04:00,2.8575516429195957,2.920851775454129,2.8575516429195957,2.8846802711486816,72300,0.0,0.0
2024-06-05 00:00:00-04:00,2.8937231815446056,2.902766057728216,2.8485088006265533,2.8665945529937744,60600,0.0,0.0
2024-06-06 00:00:00-04:00,2.8575517458906177,2.866594622292837,2.83042311668396,2.83042311668396,125100,0.0,0.0
2024-06-07 00:00:00-04:00,2.8304233191592374,2.866594827355655,2.8032944724127287,2.8485090732574463,88400,0.0,0.0
2024-06-10 00:00:00-04:00,2.857551336288452,2.857551336288452,2.8123367451592474,2.857551336288452,86900,0.0,0.0
2024-06-11 00:00:00-04:00,2.8304227109704185,2.8846799616064853,2.8213796202652586,2.857551336288452,97000,0.0,0.0
2024-06-12 00:00:00-04:00,2.8756373281292493,2.9931947143852904,2.8756373281292493,2.920851707458496,101200,0.0,0.0
2024-06-13 00:00:00-04:00,2.9118089339118263,2.9118089339118263,2.8485088006265533,2.8665945529937744,60300,0.0,0.0
2024-06-14 00:00:00-04:00,2.8253155969923136,2.8803543800963847,2.8069694088588943,2.8436617851257324,128800,0.045,0.0
2024-06-17 00:00:00-04:00,2.843661432094638,2.8711809295821267,2.8344883391667373,2.8620076179504395,83800,0.0,0.0
2024-06-18 00:00:00-04:00,2.862007725436442,2.871181037412644,2.806969165802002,2.806969165802002,75600,0.0,0.0
2024-06-20 00:00:00-04:00,2.816142375513779,2.816142375513779,2.751930719951965,2.788623094558716,95100,0.0,0.0
2024-06-21 00:00:00-04:00,2.770276962318513,2.788623149986545,2.751930774650481,2.761103868484497,193400,0.0,0.0
2024-06-24 00:00:00-04:00,2.770276962318513,2.8161424314885926,2.761103868484497,2.761103868484497,83900,0.0,0.0
2024-06-25 00:00:00-04:00,2.77027690725534,2.7977961882104037,2.7611038136036528,2.788623094558716,67400,0.0,0.0
2024-06-26 00:00:00-04:00,2.797796254814553,2.8528348180349234,2.797796254814553,2.8344886302948,86500,0.0,0.0
2024-06-27 00:00:00-04:00,2.8436616010517035,2.8895272871201176,2.797796133687089,2.8161423206329346,81100,0.0,0.0
2024-06-28 00:00:00-04:00,2.8436615141690527,2.862007700554366,2.6785458367012347,2.696892023086548,1542400,0.0,0.0
2024-07-01 00:00:00-04:00,2.7060651398055278,2.8161422590744087,2.696892046533121,2.806969165802002,183700,0.0,0.0
2024-07-02 00:00:00-04:00,2.825315352346815,2.825315352346815,2.7794498859847816,2.806969165802002,64400,0.0,0.0
2024-07-03 00:00:00-04:00,2.8161422590744087,2.8528346321640354,2.797796072529595,2.806969165802002,32400,0.0,0.0
2024-07-05 00:00:00-04:00,2.8069692128047032,2.8069692128047032,2.715238278544601,2.742757558822632,193400,0.0,0.0
2024-07-08 00:00:00-04:00,2.770276962318513,2.806969337654577,2.742757680816465,2.761103868484497,59600,0.0,0.0
2024-07-09 00:00:00-04:00,2.761103745674652,2.761103745674652,2.715238278544601,2.742757558822632,102000,0.0,0.0
2024-07-10 00:00:00-04:00,2.7519306593784547,2.7977961266273357,2.7519306593784547,2.779449939727783,74000,0.0,0.0
2024-07-11 00:00:00-04:00,2.7886230134773564,2.880354166030884,2.7886230134773564,2.880354166030884,172600,0.0,0.0
2024-07-12 00:00:00-04:00,2.8895273208618164,2.944565882342052,2.862007821417896,2.8895273208618164,136300,0.0,0.0
2024-07-15 00:00:00-04:00,2.8986998640841626,3.027123149821801,2.8986998640841626,3.0179500579833984,137800,0.0,0.0
2024-07-16 00:00:00-04:00,3.0271237988168465,3.219758987426758,3.0271237988168465,3.219758987426758,121500,0.0,0.0
2024-07-17 00:00:00-04:00,3.183066253801939,3.265624088751624,3.183066253801939,3.2014124393463135,78400,0.0,0.0
2024-07-18 00:00:00-04:00,3.1830663851619243,3.2747973166693836,3.0821621417999268,3.0821621417999268,84000,0.0,0.0
2024-07-19 00:00:00-04:00,3.0821621417999268,3.100508546805211,2.9812581171417216,3.0821621417999268,109400,0.0,0.0
2024-07-22 00:00:00-04:00,3.0913354990352886,3.137201187410995,3.0729893111665305,3.1188549995422363,76600,0.0,0.0
2024-07-23 00:00:00-04:00,3.100508418852254,3.210585532118501,3.0913351073762834,3.2014124393463135,106600,0.0,0.0
2024-07-24 00:00:00-04:00,3.1830663681030273,3.2656242060172915,3.164720181899858,3.1830663681030273,103300,0.0,0.0
2024-07-25 00:00:00-04:00,3.1830663847176064,3.311489688810123,3.1830663847176064,3.25645112991333,86200,0.0,0.0
2024-07-26 00:00:00-04:00,3.311489988063483,3.3298363947241376,3.1647204844087407,3.2289321422576904,86800,0.0,0.0
2024-07-29 00:00:00-04:00,3.2289321422576904,3.265624518171376,3.2014128603224266,3.2289321422576904,55700,0.0,0.0
2024-07-30 00:00:00-04:00,3.247277861019657,3.2656240463256836,3.2105854904076034,3.2656240463256836,63500,0.0,0.0
2024-07-31 00:00:00-04:00,3.2656242060172915,3.339009169533761,3.164720181899858,3.1830663681030273,106400,0.0,0.0
2024-08-01 00:00:00-04:00,3.173893218857416,3.183066311796735,2.9996042343065663,3.0362966060638428,86700,0.0,0.0
2024-08-02 00:00:00-04:00,2.9812586906680556,3.017951070329818,2.9445663110062927,2.990431785583496,88100,0.0,0.0
2024-08-05 00:00:00-04:00,2.8711809582160224,2.9904311674679964,2.8711809582160224,2.89870023727417,154600,0.0,0.0
2024-08-06 00:00:00-04:00,2.9537388581769606,2.981258137820075,2.880354112461988,2.9078733921051025,64200,0.0,0.0
2024-08-07 00:00:00-04:00,2.981258137820075,2.981258137820075,2.862007707329451,2.9078733921051025,72900,0.0,0.0
2024-08-08 00:00:00-04:00,2.917046908648077,2.9904316650128155,2.8895276250113002,2.972085475921631,59900,0.0,0.0
2024-08-09 00:00:00-04:00,2.972084990367197,2.999604269508104,2.8987002459914457,2.9353926181793213,64000,0.0,0.0
2024-08-12 00:00:00-04:00,2.9262196951819734,2.9262196951819734,2.8895273208618164,2.8895273208618164,41400,0.0,0.0
2024-08-13 00:00:00-04:00,2.917046680138121,3.017950712235211,2.917046680138121,3.008777618408203,37700,0.0,0.0
2024-08-14 00:00:00-04:00,3.008777362555073,3.008777362555073,2.9170464320853835,2.9353926181793213,30700,0.0,0.0
2024-08-15 00:00:00-04:00,2.999603874306593,3.0821617008522177,2.9812576906297874,3.0179500579833984,43200,0.0,0.0
2024-08-16 00:00:00-04:00,3.0179500579833984,3.0821617008522177,2.9812576906297874,3.0179500579833984,168300,0.0,0.0
2024-08-19 00:00:00-04:00,3.0362968506742822,3.0821623190658958,3.0271237569959597,3.0729892253875732,87900,0.0,0.0
2024-08-20 00:00:00-04:00,3.072989639822462,3.0913358296533433,2.990431785583496,2.990431785583496,67000,0.0,0.0
2024-08-21 00:00:00-04:00,3.017950712235211,3.0729892751972607,2.9904314307541866,3.008777618408203,89500,0.0,0.0
2024-08-22 00:00:00-04:00,3.02712345123291,3.0821620077435234,3.0087772657293725,3.02712345123291,42600,0.0,0.0
2024-08-23 00:00:00-04:00,3.0546431232977724,3.18306665708289,3.0546431232977724,3.1188549995422363,97100,0.0,0.0
2024-08-26 00:00:00-04:00,3.1647205308250137,3.2105860013898195,3.118855060260208,3.128028154373169,62800,0.0,0.0
2024-08-27 00:00:00-04:00,3.1280280322207905,3.1463742197302773,3.10050875095656,3.1096818447113037,29300,0.0,0.0
2024-08-28 00:00:00-04:00,3.1005088720342853,3.183066719050936,3.1005088720342853,3.128028154373169,38000,0.0,0.0
2024-08-29 00:00:00-04:00,3.1280278094935183,3.238104926712537,3.1280278094935183,3.1830663681030273,76200,0.0,0.0
2024-08-30 00:00:00-04:00,3.210585832595825,3.2197589262265183,3.1188548962888945,3.210585832595825,59800,0.0,0.0
2024-09-03 00:00:00-04:00,3.2105861528108557,3.2381054364476323,2.972085475921631,2.972085475921631,77000,0.0,0.0
2024-09-04 00:00:00-04:00,2.9537389278411865,2.9720851147026264,2.9353927409797467,2.9537389278411865,54200,0.0,0.0
2024-09-05 00:00:00-04:00,2.944565834410467,2.9720851147026264,2.871181086964708,2.9537389278411865,82600,0.0,0.0
2024-09-06 00:00:00-04:00,2.8746620934823937,2.9769964698174394,2.8746620934823937,2.939784049987793,111000,0.045,0.0
2024-09-09 00:00:00-04:00,2.9676932474282127,3.079330502499658,2.9490870382496386,3.0328149795532227,93800,0.0,0.0
2024-09-10 00:00:00-04:00,3.042118843586303,3.070028164321532,2.986300202115845,3.004906415939331,40900,0.0,0.0
2024-09-11 00:00:00-04:00,3.00490621754367,3.00490621754367,2.9304813671635452,2.976996898651123,81500,0.0,0.0
2024-09-12 00:00:00-04:00,2.958390259902616,2.958390259902616,2.9118747351155583,2.939784049987793,97400,0.0,0.0
2024-09-13 00:00:00-04:00,2.9769966728679447,3.070027728787383,2.9583904616840573,2.967693567276001,102800,0.0,0.0
2024-09-16 00:00:00-04:00,2.9956026667379265,3.1444525672143477,2.9956026667379265,3.1351492404937744,103300,0.0,0.0
2024-09-17 00:00:00-04:00,3.190968091799631,3.190968091799631,3.116543030659661,3.1351492404937744,64800,0.0,0.0
2024-09-18 00:00:00-04:00,3.1537562479802044,3.1909686744431,3.070028066635132,3.070028066635132,59400,0.0,0.0
2024-09-19 00:00:00-04:00,3.1165429208568067,3.1165429208568067,2.986299456606787,3.0328149795532227,100300,0.0,0.0
2024-09-20 00:00:00-04:00,2.9862998040495645,3.004906015392889,2.9304811700195903,2.949087381362915,337100,0.0,0.0
2024-09-23 00:00:00-04:00,2.9583904616840573,3.0328153064196077,2.9583904616840573,2.967693567276001,71200,0.0,0.0
2024-09-24 00:00:00-04:00,2.9956029357165814,3.0049060414689746,2.930481195449829,2.930481195449829,102500,0.0,0.0
2024-09-25 00:00:00-04:00,2.9676936184594016,2.9676936184594016,2.911874983945043,2.930481195449829,129800,0.0,0.0
2024-09-26 00:00:00-04:00,2.967693765920252,3.060724828066776,2.9211782348469897,2.995603084564209,93100,0.0,0.0
2024-09-27 00:00:00-04:00,3.05142159086839,3.1351495432061993,3.0328153792377655,3.0886340141296387,60500,0.0,0.0
2024-09-30 00:00:00-04:00,3.116543599713751,3.135149812945199,3.032815640172236,3.070028066635132,40400,0.0,0.0
2024-10-01 00:00:00-04:00,3.0607245214939867,3.070027626776808,3.014208995079881,3.0421183109283447,39300,0.0,0.0
2024-10-02 00:00:00-04:00,3.01420909523572,3.0421184120115514,2.9583904616840573,2.967693567276001,289200,0.0,0.0
2024-10-03 00:00:00-04:00,2.9676937398132335,3.0235123766101073,2.9676937398132335,3.014209270477295,63300,0.0,0.0
2024-10-04 00:00:00-04:00,3.060724787802918,3.060724787802918,2.967693726880218,3.023512363433838,171000,0.0,0.0
2024-10-07 00:00:00-04:00,2.9956029097212267,3.004906015392889,2.939784275691253,2.949087381362915,89600,0.0,0.0
2024-10-08 00:00:00-04:00,2.939784275691253,2.976996698377902,2.9118749586762656,2.949087381362915,69800,0.0,0.0
2024-10-09 00:00:00-04:00,2.958390259902616,2.9676933648600277,2.9304809450303813,2.939784049987793,48000,0.0,0.0
2024-10-10 00:00:00-04:00,2.9118749967001416,2.949087419872719,2.9118749967001416,2.921178102493286,55600,0.0,0.0
2024-10-11 00:00:00-04:00,2.939784275691253,2.958390487034577,2.9118749586762656,2.949087381362915,68800,0.0,0.0
2024-10-14 00:00:00-04:00,2.9304809450303813,2.958390259902616,2.9211778400729695,2.939784049987793,45000,0.0,0.0
2024-10-15 00:00:00-04:00,2.911874983945043,3.0142091472213677,2.911874983945043,2.930481195449829,82500,0.0,0.0
2024-10-16 00:00:00-04:00,2.967693765920252,3.023512403208166,2.949087553490947,2.995603084564209,80900,0.0,0.0
2024-10-17 00:00:00-04:00,2.995602655428617,2.995602655428617,2.9490871310189446,2.958390235900879,69500,0.0,0.0
2024-10-18 00:00:00-04:00,2.9583905127070085,2.9862998299641883,2.921178089697436,2.930481195449829,84600,0.0,0.0
2024-10-21 00:00:00-04:00,2.911874828294498,2.930481038804713,2.856055974960327,2.856055974960327,96900,0.0,0.0
2024-10-22 00:00:00-04:00,2.88396529072565,2.911874828294498,2.856055974960327,2.856055974960327,83200,0.0,0.0
2024-10-23 00:00:00-04:00,2.856055974960327,2.88396529072565,2.8281466591950046,2.856055974960327,60100,0.0,0.0
2024-10-24 00:00:00-04:00,2.856055974960327,2.8932683959807575,2.84675286970522,2.856055974960327,58400,0.0,0.0
2024-10-25 00:00:00-04:00,2.8746621854705423,2.8932683959807575,2.818843553939897,2.856055974960327,102100,0.0,0.0
2024-10-28 00:00:00-04:00,2.8560558835675707,2.958390259902616,2.8560558835675707,2.939784049987793,68000,0.0,0.0
2024-10-29 00:00:00-04:00,2.930481471947871,2.9397845785780348,2.8746626103633295,2.8932688236236572,57200,0.0,0.0
2024-10-30 00:00:00-04:00,2.8932685633103152,2.9397843140795743,2.8932685633103152,2.921178102493286,68100,0.0,0.0
2024-10-31 00:00:00-04:00,2.9397841440598205,2.9676934598251434,2.84675286970522,2.856055974960327,64100,0.0,0.0
2024-11-01 00:00:00-04:00,2.865358829498291,2.9211776779483465,2.837449516175016,2.865358829498291,67900,0.0,0.0
2024-11-04 00:00:00-05:00,2.8839652660489183,2.902571476399929,2.837449740171392,2.874662160873413,58200,0.0,0.0
2024-11-05 00:00:00-05:00,2.874662364396581,2.9397843270392103,2.8653592585624255,2.911875009536743,58900,0.0,0.0
2024-11-06 00:00:00-05:00,3.004905794719138,3.1630588013265197,2.9956026897306756,3.1165430545806885,214700,0.0,0.0
2024-11-07 00:00:00-05:00,3.116543318639576,3.116543318639576,3.0607246839793922,3.0979371070861816,109700,0.0,0.0
2024-11-08 00:00:00-05:00,3.1165430545806885,3.2467867462226825,3.070027529638376,3.1165430545806885,226000,0.0,0.0
2024-11-11 00:00:00-05:00,3.051421839868302,3.107240479315047,3.0235125201449295,3.079331159591675,149400,0.0,0.0
2024-11-12 00:00:00-05:00,3.0793306109914353,3.1723618819655175,3.060724401157322,3.1351492404937744,149900,0.0,0.0
2024-11-13 00:00:00-05:00,3.144452591349595,3.2095743262688323,3.1165430545806885,3.1165430545806885,134900,0.0,0.0
2024-11-14 00:00:00-05:00,3.125846411519352,3.1351495172576653,3.088633988566097,3.1072402000427246,90100,0.0,0.0
2024-11-15 00:00:00-05:00,3.107239949592226,3.1351492645576133,3.0886337396153007,3.1165430545806885,100100,0.0,0.0
2024-11-18 00:00:00-05:00,3.116543599713751,3.125846706329475,3.060724960019408,3.070028066635132,101400,0.0,0.0
2024-11-19 00:00:00-05:00,3.0421180841425097,3.088633607088945,3.0328149795532227,3.0328149795532227,72500,0.0,0.0
2024-11-20 00:00:00-05:00,3.051421681710648,3.060724787802918,3.004906151249298,3.023512363433838,76000,0.0,0.0
2024-11-21 00:00:00-05:00,3.0142091426595883,3.1351495172576653,3.0142091426595883,3.1072402000427246,80700,0.0,0.0
2024-11-22 00:00:00-05:00,3.1258464231127596,3.283999443054199,3.1258464231127596,3.283999443054199,146200,0.0,0.0
2024-11-25 00:00:00-05:00,3.2933024979927166,3.414243092976087,3.2933024979927166,3.321211814880371,119900,0.0,0.0
2024-11-26 00:00:00-05:00,3.3305151197968073,3.4049401910874417,3.3305151197968073,3.349121332168579,62100,0.0,0.0
2024-11-27 00:00:00-05:00,3.339817930563368,3.4235461006338204,3.339817930563368,3.404939889907837,62400,0.0,0.0
2024-11-29 00:00:00-05:00,3.4235463012877987,3.5072742544620166,3.4235463012877987,3.432849407196045,72800,0.0,0.0
2024-12-02 00:00:00-05:00,3.41424305778474,3.5537896407846756,3.41424305778474,3.5351834297180176,105500,0.0,0.0
2024-12-03 00:00:00-05:00,3.521061907169977,3.5493056922521578,3.4080865423796025,3.4645743370056152,103100,0.045,0.0
2024-12-04 00:00:00-05:00,3.4834033660307773,3.5398909335838504,3.455159582254241,3.4739887714385986,104800,0.0,0.0
2024-12-05 00:00:00-05:00,3.4645741016141582,3.4928178847773887,3.398671716438318,3.4363303184509277,89000,0.0,0.0
2024-12-06 00:00:00-05:00,3.4457449913024902,3.492817964313117,3.4457449913024902,3.4457449913024902,82700,0.0,0.0
2024-12-09 00:00:00-05:00,3.473988932033009,3.5493056922521578,3.4645743370056152,3.4645743370056152,95900,0.0,0.0
2024-12-10 00:00:00-05:00,3.4645741732451363,3.549305524486671,3.4645741732451363,3.502232551574707,63800,0.0,0.0
2024-12-11 00:00:00-05:00,3.521061655928485,3.5775492220622382,3.521061655928485,3.5493054389953613,159000,0.0,0.0
2024-12-12 00:00:00-05:00,3.5398909373237437,3.5587201265279944,3.436330396700365,3.4457449913024902,104800,0.0,0.0
2024-12-13 00:00:00-05:00,3.445744754614112,3.4834031304358577,3.4175009727478027,3.4175009727478027,68800,0.0,0.0
2024-12-16 00:00:00-05:00,3.4175010444579703,3.43633023276394,3.3327694726194763,3.342184066772461,52400,0.0,0.0
2024-12-17 00:00:00-05:00,3.3233552812097473,3.3610136623853455,3.2951114953280487,3.3045260906219482,92600,0.0,0.0
2024-12-18 00:00:00-05:00,3.323354975213192,3.3892571362025747,3.182136058807373,3.182136058807373,122600,0.0,0.0
2024-12-19 00:00:00-05:00,3.229208865622429,3.313940211128077,3.229208865622429,3.2480380535125732,107000,0.0,0.0
2024-12-20 00:00:00-05:00,3.210379831083004,3.295111180636027,3.135062851463125,3.1538920402526855,245100,0.0,0.0
2024-12-23 00:00:00-05:00,3.1350631713867188,3.200965563336954,3.1256485760312076,3.1350631713867188,80500,0.0,0.0
2024-12-24 00:00:00-05:00,3.135062851463125,3.1727212290422466,3.125648257068345,3.1538920402526855,46000,0.0,0.0
2024-12-26 00:00:00-05:00,3.1256482677834088,3.2103798420885368,3.1256482677834088,3.182136058807373,78600,0.0,0.0
2024-12-27 00:00:00-05:00,3.144477367401123,3.210379750981913,3.135062773241243,3.144477367401123,93800,0.0,0.0
2024-12-30 00:00:00-05:00,3.144477367401123,3.2480381276214336,3.1256481790813626,3.144477367401123,71400,0.0,0.0
2024-12-31 00:00:00-05:00,3.172721149880763,3.210379750981913,3.135062773241243,3.144477367401123,228400,0.0,0.0
2025-01-02 00:00:00-05:00,3.1727214043926675,3.200965413599638,3.0503316704962695,3.059746265411377,85100,0.0,0.0
2025-01-03 00:00:00-05:00,3.0879902005036466,3.1162339866240925,3.031502628262755,3.1068193912506104,134100,0.0,0.0
2025-01-06 00:00:00-05:00,3.1068191606071935,3.12564834995632,3.0503315925598145,3.0503315925598145,101400,0.0,0.0
2025-01-07 00:00:00-05:00,3.059745951513909,3.0879897333617192,2.9750146059704785,2.9938437938690186,251700,0.0,0.0
2025-01-08 00:00:00-05:00,2.9656000948729466,3.0032584717221114,2.9373560877744413,2.9467709064483643,102300,0.0,0.0
2025-01-10 00:00:00-05:00,2.8996981091329155,2.9185273001432592,2.8337959405967115,2.8526251316070557,142900,0.0,0.0
2025-01-13 00:00:00-05:00,2.84321013449099,2.9656000832319864,2.84321013449099,2.9185268878936768,160000,0.0,0.0
2025-01-14 00:00:00-05:00,2.9185268878936768,2.984429271582658,2.9091122937183407,2.9185268878936768,116000,0.0,0.0
2025-01-15 00:00:00-05:00,2.9844294298378724,3.069160781908941,2.956185645814183,3.0503315925598145,93200,0.0,0.0
2025-01-16 00:00:00-05:00,3.022087885750947,3.1068192399869146,3.022087885750947,3.059746265411377,91700,0.0,0.0
2025-01-17 00:00:00-05:00,3.059746353928054,3.1068193298653854,2.99384418761579,3.0126733779907227,65900,0.0,0.0
2025-01-21 00:00:00-05:00,3.0315020866598337,3.0785750551172684,3.0220874929683466,3.0691604614257812,60000,0.0,0.0
2025-01-22 00:00:00-05:00,3.069161027989337,3.0879902188481574,3.012673455412875,3.022088050842285,95900,0.0,0.0
2025-01-23 00:00:00-05:00,3.0126733726148314,3.0597463484681646,3.0126733726148314,3.040917158126831,78500,0.0,0.0
2025-01-24 00:00:00-05:00,3.031502403210688,3.09740456593263,3.022087808536125,3.0503315925598145,66300,0.0,0.0
2025-01-27 00:00:00-05:00,3.0409166803513203,3.1256480235747026,3.0409166803513203,3.0691604614257812,77100,0.0,0.0
2025-01-28 00:00:00-05:00,3.059746432559926,3.116234005136388,3.022088050842285,3.022088050842285,69100,0.0,0.0
2025-01-29 00:00:00-05:00,3.0126733726148314,3.0597463484681646,3.003258777444165,3.040917158126831,49500,0.0,0.0
2025-01-30 00:00:00-05:00,3.040916671618946,3.040916671618946,2.8996975421905518,2.8996975421905518,79600,0.0,0.0
2025-01-31 00:00:00-05:00,2.8996981027118127,2.95618590007942,2.880868911743164,2.880868911743164,93100,0.0,0.0
2025-02-03 00:00:00-05:00,2.8432102063594455,3.1068190743937794,2.8432102063594455,3.0974044799804688,181600,0.0,0.0
2025-02-04 00:00:00-05:00,3.0785752911538475,3.1256482632204006,3.0315023190872945,3.0974044799804688,119000,0.0,0.0
2025-02-05 00:00:00-05:00,3.0879901339801643,3.125648514662831,3.0126733726148314,3.040917158126831,88300,0.0,0.0
2025-02-06 00:00:00-05:00,3.0409171635531216,3.0691609491155205,2.99384418761579,3.0126733779907227,72200,0.0,0.0
2025-02-07 00:00:00-05:00,3.012673295416425,3.069160864992956,3.012673295416425,3.0315024852752686,66200,0.0,0.0
2025-02-10 00:00:00-05:00,3.0220878812401,3.1068192353495956,3.0220878812401,3.0879900455474854,61000,0.0,0.0
2025-02-11 00:00:00-05:00,3.0503316751341125,3.125648434569487,3.022087890345847,3.0315024852752686,75700,0.0,0.0
2025-02-12 00:00:00-05:00,2.984429441574665,3.012673225709428,2.9656002521514893,2.9656002521514893,43300,0.0,0.0
2025-02-13 00:00:00-05:00,2.9750149156987375,3.0409170802046903,2.9373563115194012,3.0315024852752686,68500,0.0,0.0
2025-02-14 00:00:00-05:00,3.0691606260968682,3.097404408686706,3.003258466720581,3.003258466720581,52100,0.0,0.0
2025-02-18 00:00:00-05:00,2.9750146865844727,3.02208765760636,2.9467709039713403,2.9750146865844727,66000,0.0,0.0
2025-02-19 00:00:00-05:00,2.9656000923800954,2.9938438749932277,2.9467709039713403,2.9750146865844727,41800,0.0,0.0
2025-02-20 00:00:00-05:00,2.9750146774073225,2.984429271582658,2.9185268878936768,2.9185268878936768,40300,0.0,0.0
2025-02-21 00:00:00-05:00,2.946771304595096,2.9750150910480686,2.880868911743164,2.880868911743164,64200,0.0,0.0
2025-02-24 00:00:00-05:00,2.8808685949219845,2.9750147638732405,2.8714540004730225,2.8714540004730225,96500,0.0,0.0
2025-02-25 00:00:00-05:00,2.880868513574448,2.9279414844900504,2.8526247310250863,2.8902831077575684,174800,0.0,0.0
2025-02-26 00:00:00-05:00,2.8714542279942243,2.965600404405203,2.8714542279942243,2.9279417991638184,63700,0.0,0.0
2025-02-27 00:00:00-05:00,2.9844292740504046,2.9844292740504046,2.8714539193913273,2.8902831077575684,71300,0.0,0.0
2025-02-28 00:00:00-05:00,2.880868522500694,2.956185500660655,2.880868522500694,2.9467709064483643,91500,0.0,0.0
2025-03-03 00:00:00-05:00,2.965600340242982,2.965600340242982,2.8055520009302017,2.8337957859039307,99700,0.0,0.0
2025-03-04 00:00:00-05:00,2.805551608109174,2.852624576474438,2.786722420763068,2.8149662017822266,89600,0.0,0.0
2025-03-05 00:00:00-05:00,2.843210144178903,2.843210144178903,2.777307984726998,2.805551767349243,111500,0.0,0.0
2025-03-06 00:00:00-05:00,2.786722569438975,2.9185268878936768,2.786722569438975,2.9185268878936768,68100,0.0,0.0
2025-03-07 00:00:00-05:00,2.9373564500662765,3.200965569447089,2.9373564500662765,3.1068193912506104,110200,0.0,0.0
2025-03-10 00:00:00-04:00,3.1162337552817565,3.1538921339800092,3.022087808536125,3.0503315925598145,144000,0.0,0.0
2025-03-11 00:00:00-04:00,3.0597461721931407,3.200965316079019,2.984429415166881,3.163306713104248,87800,0.0,0.0
2025-03-12 00:00:00-04:00,3.1538920464603324,3.1727212352869536,3.087989885567158,3.0974044799804688,110700,0.0,0.0
2025-03-13 00:00:00-04:00,3.106818916078043,3.1444772918123087,3.0691605403437774,3.0785751342773438,157200,0.0,0.0
2025-03-14 00:00:00-04:00,3.1162337399628357,3.182136126822454,3.1162337399628357,3.163306713104248,130000,0.0,0.0
2025-03-17 00:00:00-04:00,3.182136507146944,3.398672209477484,3.182136507146944,3.295111656188965,143400,0.0,0.0
2025-03-18 00:00:00-04:00,3.304525847808969,3.4457449913024902,3.266867469400468,3.4457449913024902,125800,0.0,0.0
2025-03-19 00:00:00-04:00,3.4363300779318386,3.5304760152197163,3.4363300779318386,3.4928176403045654,114000,0.0,0.0
2025-03-20 00:00:00-04:00,3.4645741732451363,3.586963902816242,3.4645741732451363,3.502232551574707,113700,0.0,0.0
2025-03-21 00:00:00-04:00,3.478407731553893,3.5641766052816086,3.4212282551919433,3.5546467304229736,256300,0.045,0.0
2025-03-24 00:00:00-04:00,3.564176457343091,3.611825829658481,3.4402878621129487,3.5355868339538574,189800,0.0,0.0
2025-03-25 00:00:00-04:00,3.545116939330389,3.5546468144142014,3.4879376888275146,3.4879376888275146,81400,0.0,0.0
2025-03-26 00:00:00-04:00,3.4879377424261415,3.545116993807681,3.4879377424261415,3.526057243347168,148500,0.0,0.0
2025-03-27 00:00:00-04:00,3.526057159909382,3.6308857849616243,3.5165272849046323,3.592766284942627,286100,0.0,0.0
2025-03-28 00:00:00-04:00,3.621356048441484,3.8119537830352783,3.611826173072302,3.8119537830352783,160600,0.0,0.0
2025-03-31 00:00:00-04:00,3.7643043458362615,3.8596033252103052,3.688065116894997,3.726184844970703,242900,0.0,0.0
2025-04-01 00:00:00-04:00,3.7166551146758704,3.802423994967717,3.678535385113782,3.7452447414398193,110700,0.0,0.0
2025-04-02 00:00:00-04:00,3.7166549394224275,3.8405435434345767,3.630885835964741,3.8310134410858154,125100,0.0,0.0
2025-04-03 00:00:00-04:00,3.6785353023496414,3.7643044079219075,3.5546469224932533,3.5641767978668213,157300,0.0,0.0
2025-04-04 00:00:00-04:00,3.4593481238924144,3.611826127891982,3.430758270932347,3.57370662689209,122900,0.0,0.0
2025-04-07 00:00:00-04:00,3.497467517852783,3.688065017019032,3.4021685410595173,3.497467517852783,142800,0.0,0.0
2025-04-08 00:00:00-04:00,3.5832364195279798,3.6118260446187445,3.402168566742994,3.4402880668640137,139600,0.0,0.0
2025-04-09 00:00:00-04:00,3.402168566742994,3.5832364195279798,3.344989316561465,3.4402880668640137,134400,0.0,0.0
2025-04-10 00:00:00-04:00,3.3831089005350137,3.4498180274002266,3.335459524202719,3.3735790252685547,112800,0.0,0.0
2025-04-11 00:00:00-04:00,3.3545194560943328,3.3640493318760147,3.2592206982775123,3.2878103256225586,95500,0.0,0.0
2025-04-14 00:00:00-04:00,3.3354596161596324,3.4021687448639817,3.297340114042861,3.3545193672180176,102400,0.0,0.0
2025-04-15 00:00:00-04:00,3.3259294589365167,3.411698331434945,3.316399584214469,3.364048957824707,94200,0.0,0.0
2025-04-16 00:00:00-04:00,3.354519261992401,3.5355871185774244,3.354519261992401,3.526057243347168,102000,0.0,0.0
2025-04-17 00:00:00-04:00,3.5165270399563258,3.6118257833656595,3.4974672912744587,3.545116662979126,115800,0.0,0.0
2025-04-21 00:00:00-04:00,3.526057208547002,3.5546468339556085,3.3449893537490145,3.3831088542938232,106900,0.0,0.0
2025-04-22 00:00:00-04:00,3.430758302219303,3.5165274074613833,3.430758302219303,3.4688780307769775,77000,0.0,0.0
2025-04-23 00:00:00-04:00,3.5069973928110953,3.611826017352532,3.4879376428944706,3.497467517852783,80000,0.0,0.0
2025-04-24 00:00:00-04:00,3.5069973928110953,3.5737065175192826,3.4879376428944706,3.497467517852783,79000,0.0,0.0
2025-04-25 00:00:00-04:00,3.4784077129484525,3.516527212179098,3.402168487277024,3.45934796333313,56000,0.0,0.0
2025-04-28 00:00:00-04:00,3.459348063576077,3.5355870642465765,3.440288086198308,3.4879376888275146,66900,0.0,0.0
2025-04-29 00:00:00-04:00,3.4593481813814253,3.7166550446168856,3.4593481813814253,3.659475564956665,142200,0.0,0.0
2025-04-30 00:00:00-04:00,3.659475628390593,3.7452447357625833,3.573706748228759,3.6975953578948975,125100,0.0,0.0
2025-05-01 00:00:00-04:00,3.688064894510709,3.70712487100435,3.6213557720184326,3.6213557720184326,79600,0.0,0.0
2025-05-02 00:00:00-04:00,3.6499454272522254,3.7452444016973527,3.6499454272522254,3.7166547775268555,79300,0.0,0.0
2025-05-05 00:00:00-04:00,3.754774161853048,3.754774161853048,3.6499453158830186,3.6880648136138916,92600,0.0,0.0
2025-05-06 00:00:00-04:00,3.6785352040235333,3.840543535464065,3.659475453785858,3.7833640575408936,111700,0.0,0.0
2025-05-07 00:00:00-04:00,3.7833641501948017,3.831013526955915,3.726184898081466,3.7643043994903564,85900,0.0,0.0
2025-05-08 00:00:00-04:00,3.7738342815585497,3.8214838856146116,3.7071251539742747,3.8119537830352783,142900,0.0,0.0
2025-05-09 00:00:00-04:00,3.9453721772577857,4.459985919751396,3.878663274532518,4.421866416931152,568700,0.0,0.0
2025-05-12 00:00:00-04:00,4.545754782232076,4.63152388614485,4.450456030340267,4.574344635009766,572700,0.0,0.0
2025-05-13 00:00:00-04:00,4.660113674595716,4.660113674595716,4.5076356588050395,4.593404769897461,214600,0.0,0.0
2025-05-14 00:00:00-04:00,4.621994495906169,4.745883119664527,4.583874989275961,4.7172932624816895,271900,0.0,0.0
2025-05-15 00:00:00-04:00,4.717292535637332,4.726822638036659,4.5362251342530415,4.574344635009766,362100,0.0,0.0
2025-05-16 00:00:00-04:00,4.6029340483480805,4.812591757612716,4.6029340483480805,4.669643402099609,488700,0.0,0.0
2025-05-19 00:00:00-04:00,4.679172804638327,4.707762656009231,4.459985458862301,4.517164707183838,246000,0.0,0.0
2025-05-20 00:00:00-04:00,4.526695318602087,4.650583931119443,4.498105464013342,4.612464427947998,174100,0.0,0.0
2025-05-21 00:00:00-04:00,4.574344821217141,4.612464323525592,4.517165113334154,4.536225318908691,139200,0.0,0.0
2025-05-22 00:00:00-04:00,4.5076357823053,4.6029345447854695,4.469516277313232,4.469516277313232,184200,0.0,0.0
2025-05-23 00:00:00-04:00,4.488575928605395,4.526695432737983,4.32656780883173,4.393277168273926,182600,0.0,0.0
2025-05-27 00:00:00-04:00,4.440925783509723,4.612463985756374,4.431396135840619,4.602933883666992,294400,0.0,0.0
2025-05-28 00:00:00-04:00,4.612464192349946,4.641053591058062,4.440925982420048,4.459985733032227,145500,0.0,0.0
2025-05-29 00:00:00-04:00,4.479045483644404,4.50763533677282,4.402806481195694,4.459985733032227,106500,0.0,0.0
2025-05-30 00:00:00-04:00,4.498105525970459,4.564814884649506,4.383747014880947,4.498105525970459,116000,0.0,0.0
2025-06-02 00:00:00-04:00,4.498105032785181,4.63152373551486,4.459985533268209,4.602933883666992,200300,0.0,0.0
2025-06-03 00:00:00-04:00,4.60293379233722,4.660113040478148,4.5362248967162735,4.621993541717529,295600,0.0,0.0
2025-06-04 00:00:00-04:00,4.621994297281504,4.621994297281504,4.421866668862975,4.469516277313232,272700,0.0,0.0
2025-06-05 00:00:00-04:00,4.4885759353637695,4.51716533629609,4.4313966790787935,4.4885759353637695,191600,0.0,0.0
2025-06-06 00:00:00-04:00,4.531873840468803,4.666579090459589,4.493386626185722,4.63771390914917,192900,0.045,0.0
2025-06-09 00:00:00-04:00,4.666579374575243,4.666579374575243,4.512630508070038,4.522252082824707,180500,0.0,0.0
2025-06-10 00:00:00-04:00,4.5222518522671376,4.656957562395315,4.5222518522671376,4.647335529327393,109100,0.0,0.0
2025-06-11 00:00:00-04:00,4.618470302007629,4.68582269760113,4.589604661893426,4.63771390914917,255900,0.0,0.0
2025-06-12 00:00:00-04:00,4.637714168030594,4.637714168030594,4.579983343383384,4.599226951599121,116600,0.0,0.0
2025-06-13 00:00:00-04:00,4.589604634247785,4.618470274188116,4.531873813170907,4.551117420196533,107200,0.0,0.0
2025-06-16 00:00:00-04:00,4.570361246634274,4.637714103859307,4.570361246634274,4.58960485458374,94400,0.0,0.0
2025-06-17 00:00:00-04:00,4.570361137390137,4.647335567348101,4.570361137390137,4.570361137390137,96900,0.0,0.0
2025-06-18 00:00:00-04:00,4.599226232757403,4.63771344317347,4.541494958329564,4.560738563537598,150400,0.0,0.0
2025-06-20 00:00:00-04:00,4.589604594580804,4.608848201440112,4.339437705409802,4.377924919128418,229400,0.0,0.0
2025-06-23 00:00:00-04:00,4.35868153617413,4.5030083656311035,4.35868153617413,4.5030083656311035,155600,0.0,0.0
2025-06-24 00:00:00-04:00,4.541495496754004,4.579983170536779,4.454899492453191,4.570361137390137,131500,0.0,0.0
2025-06-25 00:00:00-04:00,4.599226863674155,4.608848438196179,4.483764757783254,4.5030083656311035,203600,0.0,0.0
2025-06-26 00:00:00-04:00,4.503008033333622,4.579982917848496,4.435655640238289,4.445277214050293,205300,0.0,0.0
2025-06-27 00:00:00-04:00,4.464520995266797,4.493386635440453,4.435655813896926,4.474143028259277,457400,0.0,0.0
2025-06-30 00:00:00-04:00,4.5318737324802205,4.637713798638558,4.445277273004875,4.618470191955566,332700,0.0,0.0
2025-07-01 00:00:00-04:00,4.637713798638558,4.685822585944148,4.541495306419829,4.618470191955566,280800,0.0,0.0
2025-07-02 00:00:00-04:00,4.618470275796674,4.8109063461199595,4.58960463584629,4.801284313201904,396100,0.0,0.0
2025-07-03 00:00:00-04:00,4.82052810973993,4.955233351440942,4.810906077359408,4.916746139526367,231100,0.0,0.0
2025-07-07 00:00:00-04:00,4.955234185426844,4.984099369819023,4.791663277858379,4.810906887054443,453500,0.0,0.0
2025-07-08 00:00:00-04:00,4.801284120972869,5.0803170999756615,4.801284120972869,5.012964248657227,324100,0.0,0.0
2025-07-09 00:00:00-04:00,5.022586318053292,5.032208351535686,4.801284594800143,4.849393844604492,247900,0.0,0.0
2025-07-10 00:00:00-04:00,4.839772269925907,4.916746702569819,4.810906628282536,4.849393844604492,188800,0.0,0.0
2025-07-11 00:00:00-04:00,4.810905811177836,4.810905811177836,4.618469762252215,4.628091335296631,211100,0.0,0.0
2025-07-14 00:00:00-04:00,4.637714127441741,4.695444951583696,4.608848485968861,4.676201343536377,197300,0.0,0.0
2025-07-15 00:00:00-04:00,4.71468860089354,4.733932209109277,4.579983343383384,4.599226951599121,221400,0.0,0.0
2025-07-16 00:00:00-04:00,4.647335016375618,4.647335016375618,4.522251353121531,4.560738563537598,202800,0.0,0.0
2025-07-17 00:00:00-04:00,4.560739189174654,4.599226863674155,4.49338679110908,4.5030083656311035,147900,0.0,0.0
2025-07-18 00:00:00-04:00,4.541495470573166,4.570361111042894,4.474143074150117,4.4837646484375,117200,0.0,0.0
2025-07-21 00:00:00-04:00,4.503007842018945,4.608847902276882,4.474142663005529,4.493386268615723,178300,0.0,0.0
2025-07-22 00:00:00-04:00,4.512630052912264,4.541495233068653,4.32981556297466,4.3586812019348145,308800,0.0,0.0
2025-07-23 00:00:00-04:00,4.397168349293158,4.512629985809326,4.358681137121101,4.512629985809326,148700,0.0,0.0
2025-07-24 00:00:00-04:00,4.464520920593414,4.483764527452721,4.349059279437567,4.377924919128418,195100,0.0,0.0
2025-07-25 00:00:00-04:00,4.445277201207746,4.464520807579928,4.32981556297466,4.3586812019348145,133000,0.0,0.0
2025-07-28 00:00:00-04:00,4.377924919128418,4.397168525987726,4.32981567257826,4.377924919128418,157300,0.0,0.0
2025-07-29 00:00:00-04:00,4.4067903775430874,4.426033985614305,4.0507833988236595,4.175867080688477,324400,0.0,0.0
2025-07-30 00:00:00-04:00,4.185487999756585,4.262462419985089,4.127757184585208,4.147000789642334,127100,0.0,0.0
2025-07-31 00:00:00-04:00,4.108513579528083,4.2335972418012675,4.108513579528083,4.147000789642334,187000,0.0,0.0
2025-08-01 00:00:00-04:00,4.118135945611368,4.1277575195187755,4.012295879807259,4.041161060333252,248000,0.0,0.0
2025-08-04 00:00:00-04:00,4.04116108947588,4.147001156043249,4.002673875961158,4.127757549285889,203900,0.0,0.0
2025-08-05 00:00:00-04:00,4.166244471641494,4.18548807705401,4.060404412470785,4.079648017883301,370500,0.0,0.0
2025-08-06 00:00:00-04:00,4.060404841417622,4.089270481987674,4.00267401908131,4.070026874542236,280700,0.0,0.0
2025-08-07 00:00:00-04:00,3.9545650599515008,4.3201935857046365,3.8487249941473913,4.041161060333252,564400,0.0,0.0
2025-08-08 00:00:00-04:00,4.060405038824372,4.368303231724403,3.9738090305117186,4.272085189819336,467000,0.0,0.0
2025-08-11 00:00:00-04:00,4.426033327081363,4.685822226791685,4.416411753879215,4.560738563537598,688400,0.0,0.0
2025-08-12 00:00:00-04:00,4.570360803608036,4.859015353673205,4.570360803608036,4.839771747589111,439800,0.0,0.0
2025-08-13 00:00:00-04:00,4.878259486247863,4.926368277248403,4.762797378478187,4.849393844604492,349700,0.0,0.0
2025-08-14 00:00:00-04:00,4.820528748665044,4.8397723571729285,4.733932280977657,4.782041072845459,167200,0.0,0.0
2025-08-15 00:00:00-04:00,4.791662991820286,4.801284566442042,4.666579310110815,4.676201343536377,193100,0.0,0.0
2025-08-18 00:00:00-04:00,4.685822597341248,4.849393483946404,4.685822597341248,4.705066204071045,174700,0.0,0.0
2025-08-19 00:00:00-04:00,4.695444887600535,4.78204089323155,4.628092030950811,4.666579246520996,186000,0.0,0.0
2025-08-20 00:00:00-04:00,4.666579246520996,4.685822854306088,4.589604815380627,4.666579246520996,160500,0.0,0.0
2025-08-21 00:00:00-04:00,4.647334940189193,4.714687786715026,4.628091335296631,4.628091335296631,130500,0.0,0.0
2025-08-22 00:00:00-04:00,4.637713654304244,4.878258959757299,4.637713654304244,4.839771747589111,195200,0.0,0.0
2025-08-25 00:00:00-04:00,4.849393478253731,4.955233544545253,4.810906264839319,4.8686370849609375,225800,0.0,0.0
2025-08-26 00:00:00-04:00,4.849394105446573,4.935990576230779,4.810906887054443,4.810906887054443,177000,0.0,0.0
2025-08-27 00:00:00-04:00,4.8301497950372445,4.849393401439634,4.762796943227,4.772418975830078,99000,0.0,0.0
2025-08-28 00:00:00-04:00,4.810906122868645,4.935989792176132,4.801284090397102,4.92636775970459,168300,0.0,0.0
2025-08-29 00:00:00-04:00,4.926367571359147,4.99372041967362,4.887880360551946,4.9744768142700195,161700,0.0,0.0
2025-09-02 00:00:00-04:00,4.89750232862449,5.003341927558648,4.887880296646619,4.964854717254639,218500,0.0,0.0
2025-09-03 00:00:00-04:00,4.935989603462819,5.0418292037807495,4.935989603462819,4.9744768142700195,186700,0.0,0.0
2025-09-04 00:00:00-04:00,4.9840990443626145,5.089939117431641,4.955233861855301,5.089939117431641,167600,0.0,0.0
2025-09-05 00:00:00-04:00,5.09479093146685,5.14331293495782,4.988042801430787,5.085086345672607,192700,0.045,0.0
2025-09-08 00:00:00-04:00,5.09479093146685,5.123904226109456,4.958929969528301,5.085086345672607,250500,0.0,0.0
2025-09-09 00:00:00-04:00,5.055973548206318,5.133608384128546,4.9880428354043085,4.997747421264648,126600,0.0,0.0
2025-09-10 00:00:00-04:00,5.007451526170715,5.065677652900593,4.949225399440837,5.055973529815674,217400,0.0,0.0
2025-09-11 00:00:00-04:00,5.036564804921757,5.09479093146685,4.997747387225029,5.085086345672607,282900,0.0,0.0
2025-09-12 00:00:00-04:00,5.065677636824243,5.14331293495782,5.036564804921757,5.085086345672607,149800,0.0,0.0
2025-09-15 00:00:00-04:00,5.04626890673825,5.220947748378498,5.026860197971569,5.201539039611816,204300,0.0,0.0
2025-09-16 00:00:00-04:00,5.191834455691257,5.220947750221615,5.123904206353951,5.172425746917725,122100,0.0,0.0
2025-09-17 00:00:00-04:00,5.153017030485694,5.376217412419656,5.153017030485694,5.220947742462158,278700,0.0,0.0
2025-09-18 00:00:00-04:00,5.279173822392624,5.424739368071083,5.250060528160888,5.376217365264893,215700,0.0,0.0
2025-09-19 00:00:00-04:00,5.366513289417371,5.434443538653718,5.143312907483409,5.220947742462158,443800,0.0,0.0
2025-09-22 00:00:00-04:00,5.2209476747506,5.512078302145175,5.162721549271685,5.45385217666626,339400,0.0,0.0
2025-09-23 00:00:00-04:00,5.492669587989564,5.521782882069063,5.385921922758326,5.473260879516602,276800,0.0,0.0
2025-09-24 00:00:00-04:00,5.531486516324914,5.5800085145913005,5.4053301537644325,5.541191101074219,282000,0.0,0.0
2025-09-25 00:00:00-04:00,5.531486985501384,5.609122281860583,5.473260860287065,5.5897135734558105,236000,0.0,0.0
2025-09-26 00:00:00-04:00,5.589713970449234,5.7935051918029785,5.512078668576208,5.7935051918029785,310800,0.0,0.0
2025-09-29 00:00:00-04:00,5.8226180888096595,5.832322674406262,5.4732608739138495,5.492669582366943,368700,0.0,0.0
2025-09-30 00:00:00-04:00,5.502374620255305,5.609122756892011,5.473261323812514,5.580009460449219,193500,0.0,0.0
2025-10-01 00:00:00-04:00,5.531486980023831,5.706165818233918,5.521782857201109,5.609122276306152,214100,0.0,0.0
2025-10-02 00:00:00-04:00,5.774096598835692,5.774096598835692,5.376217808860101,5.48296594619751,182900,0.0,0.0
2025-10-03 00:00:00-04:00,5.531486975794847,5.638235103203831,5.531486975794847,5.599417686462402,160000,0.0,0.0
2025-10-06 00:00:00-04:00,5.6091223015674485,5.7061658439322605,5.463556756650176,5.473260879516602,210000,0.0,0.0
2025-10-07 00:00:00-04:00,5.482965480715984,5.550895729194481,5.385921938075193,5.444148063659668,139600,0.0,0.0
2025-10-08 00:00:00-04:00,5.531487003542751,5.541191589146845,5.434443461202373,5.502374172210693,203800,0.0,0.0
2025-10-09 00:00:00-04:00,5.502374208248556,5.512078331176096,5.250060533770932,5.356808662414551,345000,0.0,0.0
2025-10-10 00:00:00-04:00,5.3859220354779715,5.434443576305808,5.085086353740828,5.104495525360107,312700,0.0,0.0
2025-10-13 00:00:00-04:00,5.211243168574675,5.36651330162551,5.02686020371064,5.182130336761475,295900,0.0,0.0
2025-10-14 00:00:00-04:00,5.094790881581073,5.356808679838495,5.046268878565207,5.298582553863525,233300,0.0,0.0
2025-10-15 00:00:00-04:00,5.317991228298474,5.415034770965576,5.308286642661707,5.415034770965576,189100,0.0,0.0
2025-10-16 00:00:00-04:00,5.405330678618574,5.4441480959048025,5.269469255376661,5.288877964019775,261100,0.0,0.0
2025-10-17 00:00:00-04:00,5.259765148162842,5.3471045686882395,5.230651853741004,5.259765148162842,201700,0.0,0.0
2025-10-20 00:00:00-04:00,5.327695344213979,5.4732608893939485,5.327695344213979,5.46355676651001,163400,0.0,0.0
2025-10-21 00:00:00-04:00,5.44414805378983,5.5217828877617166,5.395626051187345,5.45385217666626,186300,0.0,0.0
2025-10-22 00:00:00-04:00,5.415034794028543,5.463556796938809,5.250060539421776,5.337399959564209,178100,0.0,0.0
2025-10-23 00:00:00-04:00,5.376217359561371,5.434443485222961,5.2985825253459184,5.395626068115234,167100,0.0,0.0
2025-10-24 00:00:00-04:00,5.434443451483819,5.550895702084018,5.434443451483819,5.512078285217285,128400,0.0,0.0
2025-10-27 00:00:00-04:00,5.55089573069952,5.55089573069952,5.3956260624321555,5.415034770965576,268500,0.0,0.0
2025-10-28 00:00:00-04:00,5.434443461202373,5.580009006082996,5.38592192140224,5.502374172210693,170500,0.0,0.0
2025-10-29 00:00:00-04:00,5.48296550392008,5.502374212530377,5.22094770631102,5.366513252258301,338700,0.0,0.0
2025-10-30 00:00:00-04:00,5.356808669795009,5.453852212904678,5.308286666870117,5.308286666870117,171900,0.0,0.0
2025-10-31 00:00:00-04:00,5.327695853142953,5.376217860418052,5.240356887883993,5.347105026245117,212300,0.0,0.0
2025-11-03 00:00:00-05:00,5.715869870015637,6.239905452652582,5.647939622880542,5.8905487060546875,589200,0.0,0.0
2025-11-04 00:00:00-05:00,5.880844149584431,6.2593141916334005,5.667348358945042,5.735278606414795,608100,0.0,0.0
2025-11-05 00:00:00-05:00,5.725574499971879,5.7838006248575455,5.618826372978102,5.6770524978637695,285000,0.0,0.0
2025-11-06 00:00:00-05:00,5.696461706144904,5.715870416143654,5.463557186159901,5.618826866149902,247200,0.0,0.0
2025-11-07 00:00:00-05:00,5.570304534049293,5.570304534049293,5.075382226652566,5.094790935516357,565400,0.0,0.0
2025-11-10 00:00:00-05:00,5.143312947184559,5.143312947184559,4.890999268815902,5.046268939971924,403800,0.0,0.0
2025-11-11 00:00:00-05:00,5.026860231077421,5.143312947184559,4.9977473991057275,5.046268939971924,289100,0.0,0.0
2025-11-12 00:00:00-05:00,5.143312891916457,5.269469267005036,5.055973471459651,5.250060558319092,301100,0.0,0.0
2025-11-13 00:00:00-05:00,5.269469315290475,5.269469315290475,5.036564808924985,5.094790935516357,298400,0.0,0.0
2025-11-14 00:00:00-05:00,5.036564808924985,5.104495521318313,4.958929973469822,5.094790935516357,188700,0.0,0.0
2025-11-17 00:00:00-05:00,5.065677183022386,5.153016596385901,4.939520818179626,4.98804235458374,298400,0.0,0.0
2025-11-18 00:00:00-05:00,4.920112111069965,5.075381767947255,4.920112111069965,4.98804235458374,203400,0.0,0.0
2025-11-19 00:00:00-05:00,4.978338724592508,5.065677683850888,4.949225429679632,4.958930015563965,142200,0.0,0.0
2025-11-20 00:00:00-05:00,5.026859804715779,5.094790511454941,4.832772732232576,4.861886024475098,258100,0.0,0.0
2025-11-21 00:00:00-05:00,4.861886464387569,5.065677677564298,4.861886464387569,4.978338718414307,217600,0.0,0.0
2025-11-24 00:00:00-05:00,5.026860219127515,5.123904226109456,4.949225383734059,5.085086345672607,159600,0.0,0.0
2025-11-25 00:00:00-05:00,5.12390421817794,5.1918344676720025,5.08508633780118,5.133608341217041,147100,0.0,0.0
2025-11-26 00:00:00-05:00,5.133608323513896,5.22094774426521,5.114199614762507,5.191834449768066,194500,0.0,0.0
2025-11-28 00:00:00-05:00,5.191834447975069,5.230651865464443,5.153017030485694,5.220947742462158,122700,0.0,0.0
2025-12-01 00:00:00-05:00,5.220947760344627,5.250060592191315,5.123904216288803,5.162721633911133,218700,0.0,0.0
2025-12-02 00:00:00-05:00,5.230651826715919,5.376217372592786,5.191834409514103,5.327695369720459,216400,0.0,0.0
2025-12-03 00:00:00-05:00,5.3665136851422375,5.5217833665492675,5.337400388508343,5.48296594619751,403900,0.0,0.0
2025-12-04 00:00:00-05:00,5.492669559053418,5.657643811574546,5.434443433941274,5.599417686462402,296300,0.0,0.0
2025-12-05 00:00:00-05:00,5.574966277099152,5.848824484028371,5.574966277099152,5.839043617248535,342000,0.045,0.0
2025-12-08 00:00:00-05:00,5.917289121689304,5.917289121689304,5.731456851232069,5.809701919555664,432200,0.0,0.0
2025-12-09 00:00:00-05:00,5.819482436445,5.917289240185511,5.780359901499757,5.907508373260498,416800,0.0,0.0
2025-12-10 00:00:00-05:00,5.897727570351607,5.985753034784331,5.819482039421871,5.96619176864624,794500,0.0,0.0
2025-12-11 00:00:00-05:00,5.94663037785358,5.985752909309667,5.839043183160659,5.868385314941406,553600,0.0,0.0
2025-12-12 00:00:00-05:00,5.89772798952119,6.044437262795264,5.8781667219928195,5.9172892570495605,397100,0.0,0.0
2025-12-15 00:00:00-05:00,5.819481892545177,5.878166155855703,5.721675564323235,5.8488240242004395,557300,0.0,0.0
2025-12-16 00:00:00-05:00,5.848824066861187,5.946630395796518,5.839043200778971,5.878166198730469,255500,0.0,0.0
2025-12-17 00:00:00-05:00,5.868385606234064,5.917289006170302,5.721675872802734,5.721675872802734,158100,0.0,0.0
2025-12-18 00:00:00-05:00,5.770579415299279,5.868385751210644,5.74123728133717,5.839043617248535,220900,0.0,0.0
2025-12-19 00:00:00-05:00,5.83904308226394,5.858604347653972,5.760798020703815,5.790140151977539,387600,0.0,0.0
2025-12-22 00:00:00-05:00,5.8390430566122316,5.8683851877570525,5.751017595932476,5.770578861236572,253600,0.0,0.0
2025-12-23 00:00:00-05:00,5.751018118312968,5.848824453717461,5.74123725158382,5.809701919555664,185000,0.0,0.0
2025-12-24 00:00:00-05:00,5.839043569813324,5.839043569813324,5.721675967673157,5.799921035766602,126200,0.0,0.0
2025-12-26 00:00:00-05:00,5.819481816873909,5.83904308226394,5.751017621197477,5.790140151977539,135900,0.0,0.0
2025-12-29 00:00:00-05:00,5.819482459290982,5.936850530964875,5.770579523606148,5.927069664001465,403500,0.0,0.0
2025-12-30 00:00:00-05:00,5.917288898027725,5.917288898027725,5.614088570168063,5.633650302886963,290700,0.0,0.0
2025-12-31 00:00:00-05:00,5.6336503272019804,5.692334126479828,5.604308194374367,5.65321159362793,191200,0.0,0.0
2026-01-02 00:00:00-05:00,5.6629917304978,5.6923338619619095,5.3989144128302415,5.4575982093811035,289500,0.0,0.0
2026-01-05 00:00:00-05:00,5.467379428610643,5.819482230667432,5.44781816182971,5.741237163543701,405800,0.0,0.0
2026-01-06 00:00:00-05:00,5.731456763341929,5.751018030122861,5.623869562858105,5.741237163543701,193300,0.0,0.0
2026-01-07 00:00:00-05:00,5.741236627470155,5.741236627470155,5.55540437721422,5.692333698272705,317700,0.0,0.0
2026-01-08 00:00:00-05:00,5.692334323526219,5.8977278612973,5.662992189682895,5.819482326507568,300500,0.0,0.0
2026-01-09 00:00:00-05:00,5.819481791308136,5.858604321916328,5.6923338000201875,5.770578861236572,204300,0.0,0.0
2026-01-12 00:00:00-05:00,5.751017745004373,5.91728873758777,5.662991815665548,5.887946605682373,249500,0.0,0.0
2026-01-13 00:00:00-05:00,5.8879465628442595,5.985752891188378,5.809701500168965,5.858604431152344,225600,0.0,0.0
2026-01-14 00:00:00-05:00,5.858604547459365,5.99553387623686,5.858604547459365,5.946630477905273,146400,0.0,0.0
2026-01-15 00:00:00-05:00,5.927069211848113,6.005314276076755,5.858604547459365,5.946630477905273,296800,0.0,0.0
2026-01-16 00:00:00-05:00,5.9759728561472585,6.01509538987184,5.751018054042217,5.760798454284668,255700,0.0,0.0
2026-01-20 00:00:00-05:00,5.721675527048662,5.721675527048662,5.428256544294352,5.4575982093811035,452700,0.0,0.0
2026-01-21 00:00:00-05:00,5.516282552027286,5.555405086934207,5.31088901057725,5.506502151489258,438000,0.0,0.0
2026-01-22 00:00:00-05:00,5.545624256134033,5.5847467880055985,5.4771595921701115,5.545624256134033,383200,0.0,0.0
2026-01-23 00:00:00-05:00,5.574966337273843,5.604308471552662,5.477160000306783,5.496721267700195,230300,0.0,0.0
2026-01-26 00:00:00-05:00,5.5065022494866,5.653211991187198,5.486940981685014,5.594527721405029,320500,0.0,0.0
2026-01-27 00:00:00-05:00,5.565185620255208,5.653211551707935,5.5456243539743095,5.6238694190979,194900,0.0,0.0
2026-01-28 00:00:00-05:00,5.653211551707935,5.770579149393321,5.6238694190979,5.6238694190979,243000,0.0,0.0
2026-01-29 00:00:00-05:00,5.633650083795552,5.633650083795552,5.369572298888862,5.467379093170166,232000,0.0,0.0
2026-01-30 00:00:00-05:00,5.4086952714483045,5.516281998457086,5.4086952714483045,5.447817802429199,218500,0.0,0.0
2026-02-02 00:00:00-05:00,5.438037578992344,5.711895794591955,5.4282571782802576,5.594527721405029,195200,0.0,0.0
2026-02-03 00:00:00-05:00,5.584746939895794,5.584746939895794,5.26198580998846,5.291327476501465,394900,0.0,0.0
2026-02-04 00:00:00-05:00,5.340230725540352,5.41847578920906,5.16417933228576,5.173959732055664,426200,0.0,0.0
2026-02-05 00:00:00-05:00,5.144618309546916,5.173959976620933,4.949005174751441,4.988127708435059,318900,0.0,0.0
2026-02-06 00:00:00-05:00,5.066372469803625,5.1543983984638695,5.037030804501785,5.125056266784668,330100,0.0,0.0
2026-02-09 00:00:00-05:00,5.095715052373953,5.14461845404069,4.968566581142362,5.105495452880859,447600,0.0,0.0
2026-02-10 00:00:00-05:00,5.105495375346879,5.1446183759125725,4.968566505687835,5.037031173706055,382800,0.0,0.0
2026-02-11 00:00:00-05:00,5.076153674751017,5.125056608978395,4.596901934507412,4.626244068145752,507300,0.0,0.0
2026-02-12 00:00:00-05:00,4.626243853103506,4.626243853103506,4.381727794200312,4.459972858428955,481300,0.0,0.0
2026-02-13 00:00:00-05:00,4.459973072146981,4.665366608778132,4.401289271163423,4.636024475097656,645700,0.0,0.0
2026-02-17 00:00:00-05:00,4.636024296579902,4.64580516288923,4.479534166649657,4.489315032958984,321200,0.0,0.0
2026-02-18 00:00:00-05:00,4.508876395939926,4.6458052625667525,4.469753862617976,4.567560195922852,280200,0.0,0.0
2026-02-19 00:00:00-05:00,4.528437645442198,4.567560178615908,4.450192579094775,4.557779312133789,254000,0.0,0.0
2026-02-20 00:00:00-05:00,4.567559839543676,4.694708296108078,4.53821770865291,4.655585765838623,256800,0.0,0.0
2026-02-23 00:00:00-05:00,4.6066824378178435,4.6164628373409125,4.332824255511564,4.352385520935059,423400,0.0,0.0
2026-02-24 00:00:00-05:00,4.3817278660077505,4.606682662540326,4.313263200497009,4.5186567306518555,281100,0.0,0.0
2026-02-25 00:00:00-05:00,4.557779353329632,4.636024420384278,4.459973019511325,4.587121486663818,237400,0.0,0.0
2026-02-26 00:00:00-05:00,4.606682864898552,4.684927933846549,4.567560330424555,4.675147533416748,291800,0.0,0.0
2026-02-27 00:00:00-05:00,4.606682894300382,4.733831365341091,4.508876557491145,4.704489231109619,597200,0.0,0.0
2026-03-02 00:00:00-05:00,4.704488797276855,4.802295125066708,4.655585866570608,4.73383092880249,329800,0.0,0.0
2026-03-03 00:00:00-05:00,4.645804907624046,4.70448870312349,4.577340246352689,4.665366172790527,280500,0.0,0.0
2026-03-04 00:00:00-05:00,4.704488804577739,4.802295132519378,4.6751471393839275,4.7436113357543945,157100,0.0,0.0
2026-03-05 00:00:00-05:00,4.724049960621495,4.821856286295132,4.577340238922365,4.655585765838623,244100,0.0,0.0
2026-03-06 00:00:00-05:00,4.6751472178845415,4.733831015634887,4.342605230921882,4.430631160736084,335700,0.0,0.0
2026-03-09 00:00:00-04:00,4.323044113714775,4.381727913483802,4.137211847924164,4.176334381103516,555200,0.0,0.0
2026-03-10 00:00:00-04:00,4.176334264740191,4.215456796829489,4.039405402427649,4.088308334350586,324300,0.0,0.0
2026-03-11 00:00:00-04:00,4.088308782590163,4.29370233176688,3.9709411734541598,4.058967113494873,335200,0.0,0.0
2026-03-12 00:00:00-04:00,4.000282904741034,4.088308369510294,3.9220378398895264,3.9220378398895264,233500,0.0,0.0
2026-03-13 00:00:00-04:00,3.9513797526940437,4.010063554996145,3.8046702469387905,3.9318184852600098,338400,0.0,0.0
2026-03-16 00:00:00-04:00,3.951379463364631,4.039405393561016,3.882915032358641,3.892695665359497,282500,0.0,0.0
2026-03-17 00:00:00-04:00,3.892695707381524,4.0394054371667885,3.892695707381524,3.9220378398895264,267400,0.0,0.0
2026-03-18 00:00:00-04:00,3.902476453298055,4.010063420578929,3.775327986050147,3.8242313861846924,261600,0.0,0.0
2026-03-19 00:00:00-04:00,3.785108541920942,3.8437925742428187,3.7166441095988896,3.765547275543213,263900,0.0,0.0
2026-03-20 00:00:00-04:00,3.7803916931152344,3.8001843012509293,3.7111175646403023,3.7803916931152344,414200,0.045,0.0
2026-03-23 00:00:00-04:00,3.8100807216920614,3.9981107406707626,3.8100807216920614,3.918940305709839,319100,0.0,0.0
2026-03-24 00:00:00-04:00,3.8694585988378187,3.9486290300131413,3.839769687147073,3.8991475105285645,268300,0.0,0.0
2026-03-25 00:00:00-04:00,3.9486290819555454,3.968421925956238,3.8397697376574826,3.879354953765869,197500,0.0,0.0
2026-03-26 00:00:00-04:00,3.8694587767952546,3.968422056262251,3.8100807147364537,3.8298733234405518,183900,0.0,0.0
2026-03-27 00:00:00-04:00,3.810080519001389,3.839769666478824,3.7111174805649227,3.7210137844085693,198500,0.0,0.0
2026-03-30 00:00:00-04:00,3.7408064514926775,3.800184275497363,3.7210138434911157,3.790287971496582,208400,0.0,0.0
2026-03-31 00:00:00-04:00,3.8001842498779297,3.879354917296937,3.72101381840542,3.8001842498779297,235100,0.0,0.0
2026-04-01 00:00:00-04:00,3.819976857746057,3.869458613362873,3.7704953380757384,3.8001842498779297,178200,0.0,0.0
2026-04-02 00:00:00-04:00,3.7408065911012534,3.9585255231903007,3.7012213736207915,3.918940305709839,292400,0.0,0.0
2026-04-06 00:00:00-04:00,3.918940092742231,3.9981105234007828,3.889251181245274,3.909043788909912,206000,0.0,0.0
2026-04-07 00:00:00-04:00,3.90904381442548,3.9387327261162257,3.8595622949409036,3.8991475105285645,198600,0.0,0.0
2026-04-08 00:00:00-04:00,4.00800699897566,4.047592213670824,3.978317852007797,4.027799606323242,172700,0.0,0.0
2026-04-09 00:00:00-04:00,3.9783180274556855,4.027799783953327,3.8496660740227213,3.9585254192352295,237700,0.0,0.0
2026-04-10 00:00:00-04:00,3.968421873753468,3.968421873753468,3.849665991043988,3.8991475105285645,174400,0.0,0.0
2026-04-13 00:00:00-04:00,3.8892513218530995,4.047592424841192,3.8892513218530995,4.03769588470459,226900,0.0,0.0
2026-04-14 00:00:00-04:00,4.01790306670296,4.0772808887457055,3.958525244660215,4.027799606323242,191100,0.0,0.0
2026-04-15 00:00:00-04:00,4.027799765221176,4.1168662658525035,4.027799765221176,4.057488441467285,194600,0.0,0.0
2026-04-16 00:00:00-04:00,4.057488501552114,4.136658935238124,4.037695893130611,4.126762866973877,153900,0.0,0.0
2026-04-17 00:00:00-04:00,4.166348041291176,4.245518474169098,4.166348041291176,4.235622406005859,269200,0.0,0.0
2026-04-20 00:00:00-04:00,4.21582990335621,4.304896406627711,4.186140754337033,4.285103797912598,216900,0.0,0.0
2026-04-21 00:00:00-04:00,4.295000115496607,4.3246887910832434,4.17624399747109,4.186140537261963,158500,0.0,0.0
2026-04-22 00:00:00-04:00,4.205933309066129,4.255415066165287,4.166348092144006,4.215829849243164,158400,0.0,0.0
2026-04-23 00:00:00-04:00,4.176244085185509,4.196036693289971,3.918940179827501,3.9684219360351562,217600,0.0,0.0
2026-04-24 00:00:00-04:00,3.9684218908416566,4.0772809982299805,3.95852535095563,4.0772809982299805,200000,0.0,0.0
2026-04-27 00:00:00-04:00,4.047592213670824,4.087177428365988,4.00800699897566,4.027799606323242,133600,0.0,0.0
2026-04-28 00:00:00-04:00,4.027799714478832,4.0772809982299805,3.9684218908416566,4.0772809982299805,149100,0.0,0.0
2026-04-29 00:00:00-04:00,4.077280963604515,4.077280963604515,3.928836405772212,3.99811053276062,176000,0.0,0.0
2026-04-30 00:00:00-04:00,3.978318059563994,4.067385033221392,3.938732842803596,4.03769588470459,136300,0.0,0.0
2026-05-01 00:00:00-04:00,4.03769604697581,4.106970415037082,4.03769604697581,4.067385196685791,124000,0.0,0.0
2026-05-04 00:00:00-04:00,4.0673849302369485,4.205933185390357,4.0475923223578905,4.0772809982299805,200300,0.0,0.0
2026-05-05 00:00:00-04:00,4.116866111755371,4.12676265139564,4.0376956822051495,4.116866111755371,106200,0.0,0.0
2026-05-06 00:00:00-04:00,4.136658770256915,4.146555310019469,4.047592271858871,4.097073554992676,172200,0.0,0.0
2026-05-07 00:00:00-04:00,4.106970258552374,4.186140692238385,4.0970737183951185,4.126762866973877,149300,0.0,0.0
2026-05-08 00:00:00-04:00,4.255414904896269,4.324688795938182,3.928836405772212,3.99811053276062,399700,0.0,0.0
2026-05-11 00:00:00-04:00,4.008007056594631,4.116866162624795,3.8892511748554193,4.097073554992676,314200,0.0,0.0
2026-05-12 00:00:00-04:00,4.11686638091691,4.245518573293817,4.067385095159417,4.1960368156433105,561300,0.0,0.0
2026-05-13 00:00:00-04:00,4.235622457704225,4.245518525988252,4.077281118122725,4.215829849243164,385000,0.0,0.0
2026-05-14 00:00:00-04:00,4.225725701473761,4.304896131270171,4.126762664228248,4.205933094024658,342500,0.0,0.0
2026-05-15 00:00:00-04:00,4.126762753874123,4.205933185390357,4.037695782471864,4.0772809982299805,456500,0.0,0.0
2026-05-18 00:00:00-04:00,4.097073566716073,4.205933144950717,4.087177498818191,4.186140537261963,239800,0.0,0.0
2026-05-19 00:00:00-04:00,4.166348196368945,4.285103850106093,4.156451655944339,4.265311241149902,258600,0.0,0.0
2026-05-20 00:00:00-04:00,4.2752074761895145,4.443444404353194,4.225725721387088,4.384066581726074,233400,0.0,0.0
2026-05-21 00:00:00-04:00,4.265311086719259,4.354378059743855,4.245518478479682,4.324688911437988,176200,0.0,0.0
2026-05-22 00:00:00-04:00,4.225725928636752,4.413755945457677,4.225725928636752,4.39396333694458,373700,0.0,0.0
2026-05-26 00:00:00-04:00,4.4236517891500835,4.4434443966581805,4.24551832157721,4.295000076293945,236200,0.0,0.0
2026-05-27 00:00:00-04:00,4.304896420333145,4.502822980007425,4.304896420333145,4.463237762451172,234600,0.0,0.0
2026-05-28 00:00:00-04:00,4.433548561896167,4.5622007534077795,4.393963344799211,4.483030319213867,278500,0.0,0.0
2026-05-29 00:00:00-04:00,4.473133830893727,4.532511657228107,4.433548613337474,4.463237762451172,212300,0.0,0.0
2026-06-01 00:00:00-04:00,4.453341222115601,4.522615588785552,4.433548613337474,4.463237762451172,148200,0.0,0.0
2026-06-02 00:00:00-04:00,4.453341170444645,4.4929263875416,4.384066804578467,4.483030319213867,236700,0.0,0.0
2026-06-03 00:00:00-04:00,4.483030356956743,4.483030356956743,4.275207729501549,4.285103797912598,311700,0.0,0.0
2026-06-04 00:00:00-04:00,4.285103536593404,4.393963113834431,4.265310929085307,4.295000076293945,185000,0.0,0.0
2026-06-05 00:00:00-04:00,4.260000228881836,4.289999961853027,4.210000038146973,4.239999771118164,179400,0.045,0.0
2026-06-08 00:00:00-04:00,4.260000228881836,4.320000171661377,4.239999771118164,4.25,193200,0.0,0.0
2026-06-09 00:00:00-04:00,4.289999961853027,4.289999961853027,4.079999923706055,4.21999979019165,267900,0.0,0.0
2026-06-10 00:00:00-04:00,4.21999979019165,4.320000171661377,4.199999809265137,4.289999961853027,193000,0.0,0.0
2026-06-11 00:00:00-04:00,4.289999961853027,4.320000171661377,4.239999771118164,4.28000020980835,167100,0.0,0.0
2026-06-12 00:00:00-04:00,4.269999980926514,4.309999942779541,4.210000038146973,4.210000038146973,146800,0.0,0.0
2026-06-15 00:00:00-04:00,4.269999980926514,4.289999961853027,4.079999923706055,4.090000152587891,161600,0.0,0.0
2026-06-16 00:00:00-04:00,4.090000152587891,4.190000057220459,4.079999923706055,4.119999885559082,222300,0.0,0.0
2026-06-17 00:00:00-04:00,4.099999904632568,4.179999828338623,4.090000152587891,4.159999847412109,146900,0.0,0.0
2026-06-18 00:00:00-04:00,4.159999847412109,4.159999847412109,3.990000009536743,4.010000228881836,359100,0.0,0.0
2026-06-22 00:00:00-04:00,3.990000009536743,4.039999961853027,3.869999885559082,3.990000009536743,335200,0.0,0.0
2026-06-23 00:00:00-04:00,3.9700000286102295,4.090000152587891,3.9700000286102295,4.050000190734863,161100,0.0,0.0
2026-06-24 00:00:00-04:00,4.059999942779541,4.159999847412109,4.039999961853027,4.099999904632568,241600,0.0,0.0
2026-06-25 00:00:00-04:00,4.119999885559082,4.179999828338623,4.039999961853027,4.059999942779541,176800,0.0,0.0
2026-06-26 00:00:00-04:00,4.070000171661377,4.230000019073486,4.050000190734863,4.199999809265137,1428100,0.0,0.0
2026-06-29 00:00:00-04:00,4.21999979019165,4.21999979019165,4.03000020980835,4.090000152587891,491700,0.0,0.0
2026-06-30 00:00:00-04:00,4.099999904632568,4.119999885559082,4.019999980926514,4.110000133514404,248300,0.0,0.0
2026-07-01 00:00:00-04:00,4.110000133514404,4.25,4.110000133514404,4.190000057220459,149300,0.0,0.0
2026-07-02 00:00:00-04:00,4.190000057220459,4.21999979019165,4.050000190734863,4.110000133514404,154300,0.0,0.0
2026-07-06 00:00:00-04:00,4.119999885559082,4.150000095367432,4.079999923706055,4.099999904632568,171800,0.0,0.0
2026-07-07 00:00:00-04:00,4.230000019073486,4.230000019073486,4.050000190734863,4.059999942779541,136700,0.0,0.0
2026-07-08 00:00:00-04:00,4.070000171661377,4.110000133514404,4.039999961853027,4.050000190734863,236300,0.0,0.0
2026-07-09 00:00:00-04:00,4.03000020980835,4.230000019073486,4.0,4.070000171661377,109400,0.0,0.0
2026-07-10 00:00:00-04:00,4.070000171661377,4.099999904632568,3.9100000858306885,3.9100000858306885,147800,0.0,0.0
2026-07-13 00:00:00-04:00,3.950000047683716,4.150000095367432,3.940000057220459,4.070000171661377,316200,0.0,0.0
2026-07-14 00:00:00-04:00,4.039999961853027,4.090000152587891,3.930000066757202,3.930000066757202,131100,0.0,0.0
2026-07-15 00:00:00-04:00,3.950000047683716,4.050000190734863,3.930000066757202,3.9700000286102295,210000,0.0,0.0
2026-07-16 00:00:00-04:00,3.9700000286102295,4.119999885559082,3.9700000286102295,4.099999904632568,166800,0.0,0.0
2026-07-17 00:00:00-04:00,4.050000190734863,4.059999942779541,3.950000047683716,3.990000009536743,196700,0.0,0.0
2026-07-20 00:00:00-04:00,3.9700000286102295,4.090000152587891,3.9100000858306885,4.039999961853027,218200,0.0,0.0
2026-07-21 00:00:00-04:00,4.039999961853027,4.090000152587891,3.9100000858306885,3.990000009536743,200800,0.0,0.0
2026-07-22 00:00:00-04:00,3.9700000286102295,3.9800000190734863,3.880000114440918,3.940000057220459,263500,0.0,0.0
2026-07-23 00:00:00-04:00,3.890000104904175,3.9200000762939453,3.7699999809265137,3.8399999141693115,297400,0.0,0.0
2026-07-24 00:00:00-04:00,3.8399999141693115,3.9200000762939453,3.8399999141693115,3.859999895095825,136000,0.0,0.0
2026-07-27 00:00:00-04:00,3.9000000953674316,4.039999961853027,3.9000000953674316,4.019999980926514,161900,0.0,0.0
2026-07-28 00:00:00-04:00,4.019999980926514,4.199999809265137,4.019999980926514,4.150000095367432,185600,0.0,0.0
2026-07-29 00:00:00-04:00,4.179999828338623,4.309999942779541,4.179999828338623,4.260000228881836,180900,0.0,0.0
2026-07-30 00:00:00-04:00,4.260000228881836,4.260000228881836,4.059999942779541,4.119999885559082,169300,0.0,0.0
2026-07-31 00:00:00-04:00,4.099999904632568,4.179999828338623,4.090000152587891,4.159999847412109,123500,0.0,0.0
2026-08-03 00:00:00-04:00,4.210000038146973,4.300000190734863,4.190000057220459,4.289999961853027,147400,0.0,0.0
2026-08-04 00:00:00-04:00,4.260000228881836,4.389999866485596,4.260000228881836,4.380000114440918,181000,0.0,0.0
2026-08-05 00:00:00-04:00,4.409999847412109,4.409999847412109,4.210000038146973,4.260000228881836,206500,0.0,0.0
2026-08-06 00:00:00-04:00,4.449999809265137,5.010000228881836,4.440000057220459,5.0,743500,0.0,0.0
2026-08-07 00:00:00-04:00,4.989999771118164,5.25,4.840000152587891,5.190000057220459,455326,0.0,0.0
