Date,Open,High,Low,Close,Volume,Dividends,Stock Splits
2006-02-08 00:00:00+09:00,3303.272955907534,3352.8220502461472,2948.1711131474744,3014.236572265625,4169000,0.0,0.0
2006-02-09 00:00:00+09:00,3096.818613451581,3105.076796420785,2807.782209529433,2840.81494140625,823300,0.0,0.0
2006-02-10 00:00:00+09:00,2799.5242281572537,2890.364247359996,2650.876924007311,2700.426025390625,403000,0.0,0.0
2006-02-13 00:00:00+09:00,2617.84419921875,2650.87693359375,2477.455078125,2477.455078125,359900,0.0,0.0
2006-02-14 00:00:00+09:00,2477.4552778764205,2626.1025945490055,2229.7097500887785,2543.520751953125,309500,0.0,0.0
2006-02-15 00:00:00+09:00,2551.7786001414556,2609.5858823453073,2411.3894862178154,2485.713134765625,164700,0.0,0.0
2006-02-16 00:00:00+09:00,2518.7457396652526,2692.16757747827,2436.163912135244,2493.97119140625,258800,0.0,0.0
2006-02-17 00:00:00+09:00,2502.229533965575,2551.7786336480613,2316.42041015625,2316.42041015625,117100,0.0,0.0
2006-02-20 00:00:00+09:00,2349.452857247234,2353.5819483847513,2229.709214259238,2262.741943359375,115600,0.0,0.0
2006-02-21 00:00:00+09:00,2312.2913310781787,2411.389530981529,2291.6458727649806,2403.13134765625,70400,0.0,0.0
2006-02-22 00:00:00+09:00,2399.0026393466524,2399.0026393466524,2320.5498852199976,2378.357177734375,40500,0.0,0.0
2006-02-23 00:00:00+09:00,2357.6031138746043,2631.5499545713014,2357.6031138746043,2623.24853515625,128700,15.0,0.0
2006-02-24 00:00:00+09:00,2540.2343780613246,2648.15283203125,2482.1244413082877,2648.15283203125,95500,0.0,0.0
2006-02-27 00:00:00+09:00,2639.851369121287,2639.851369121287,2507.0286587252476,2515.330078125,67600,0.0,0.0
2006-02-28 00:00:00+09:00,2548.536180489794,2548.536180489794,2457.2205518728956,2465.52197265625,32000,0.0,0.0
2006-03-01 00:00:00+09:00,2374.206223412958,2419.864035401669,2324.3977012434557,2378.35693359375,71900,0.0,0.0
2006-03-02 00:00:00+09:00,2411.562308237062,2428.1651468479886,2336.8495344878934,2341.000244140625,55600,0.0,0.0
2006-03-03 00:00:00+09:00,2349.3018698349933,2382.5075499740037,2341.000449800241,2370.055419921875,40700,0.0,0.0
2006-03-06 00:00:00+09:00,2386.658447265625,2386.658447265625,2349.3020541779892,2386.658447265625,35100,0.0,0.0
2006-03-07 00:00:00+09:00,2394.959661349444,2394.959661349444,2349.3018515143594,2357.603271484375,19500,0.0,0.0
2006-03-08 00:00:00+09:00,2349.3015684080297,2349.3015684080297,2328.54802098393,2332.69873046875,23800,0.0,0.0
2006-03-09 00:00:00+09:00,2349.301962328207,2382.507643774542,2345.151252147415,2378.35693359375,32200,0.0,0.0
2006-03-10 00:00:00+09:00,2374.2060546875,2390.808894230769,2365.9046349158652,2374.2060546875,25600,0.0,0.0
2006-03-13 00:00:00+09:00,2390.808628075571,2399.1100469230555,2361.753662109375,2361.753662109375,36400,0.0,0.0
2006-03-14 00:00:00+09:00,2365.90469145439,2370.055401439398,2349.3018515143594,2357.603271484375,27100,0.0,0.0
2006-03-15 00:00:00+09:00,2365.9045970903267,2365.9045970903267,2349.3017578125,2349.3017578125,23100,0.0,0.0
2006-03-16 00:00:00+09:00,2349.3017578125,2370.0553069097837,2341.0003381735864,2349.3017578125,31600,0.0,0.0
2006-03-17 00:00:00+09:00,2357.6029526856328,2361.753662109375,2341.0001149906634,2361.753662109375,14700,0.0,0.0
2006-03-20 00:00:00+09:00,2349.3014391809966,2378.356403976521,2345.150729924493,2353.4521484375,37000,0.0,0.0
2006-03-21 00:00:00+09:00,2353.4521484375,2353.4521484375,2353.4521484375,2353.4521484375,0,0.0,0.0
2006-03-22 00:00:00+09:00,2365.904900759261,2523.631894143212,2357.6034800548427,2507.029052734375,98600,0.0,0.0
2006-03-23 00:00:00+09:00,2465.521415308902,2531.932766563014,2457.219996402138,2523.63134765625,40300,0.0,0.0
2006-03-24 00:00:00+09:00,2490.4257112683226,2548.53564453125,2473.8228731932004,2548.53564453125,58900,0.0,0.0
2006-03-27 00:00:00+09:00,2573.4398610968337,2573.4398610968337,2415.712901868318,2523.63134765625,66900,0.0,0.0
2006-03-28 00:00:00+09:00,2540.2342768530148,2540.2342768530148,2448.918665593593,2477.9736328125,24200,0.0,0.0
2006-03-29 00:00:00+09:00,2477.973988073609,2498.7275390625,2415.713335106935,2498.7275390625,31500,0.0,0.0
2006-03-30 00:00:00+09:00,2523.631387418567,2590.0427397190556,2498.7271303058837,2548.53564453125,91400,0.0,0.0
2006-03-31 00:00:00+09:00,2573.440300436581,2573.440300436581,2507.028937844669,2540.234619140625,59400,0.0,0.0
2006-04-03 00:00:00+09:00,2531.9328776041666,2531.9328776041666,2482.1243619791667,2490.42578125,37400,0.0,0.0
2006-04-04 00:00:00+09:00,2507.0286758730076,2515.3300953295407,2473.822998046875,2473.822998046875,28700,0.0,0.0
2006-04-05 00:00:00+09:00,2473.8230731355043,2498.7273322610295,2453.069523864233,2469.67236328125,32100,0.0,0.0
2006-04-06 00:00:00+09:00,2473.8229699060553,2664.755615234375,2473.8229699060553,2664.755615234375,134700,0.0,0.0
2006-04-07 00:00:00+09:00,2648.15283203125,2656.454251567398,2581.741475742065,2648.15283203125,75800,0.0,0.0
2006-04-10 00:00:00+09:00,2648.152925141939,2780.9756423904373,2648.152925141939,2764.372802734375,129400,0.0,0.0
2006-04-11 00:00:00+09:00,2756.071044921875,2839.0852330219313,2714.563950871847,2756.071044921875,109000,0.0,0.0
2006-04-12 00:00:00+09:00,2764.3731496710525,2855.688779239766,2739.468887061403,2839.0859375,113900,0.0,0.0
2006-04-13 00:00:00+09:00,2789.2772078804346,2888.894251019022,2681.358744480299,2863.989990234375,220800,0.0,0.0
2006-04-14 00:00:00+09:00,2830.784323543732,2955.305628098442,2780.9758017218483,2930.4013671875,143500,0.0,0.0
2006-04-17 00:00:00+09:00,2947.003884439166,2955.3053038319526,2863.9896905113023,2880.592529296875,95500,0.0,0.0
2006-04-18 00:00:00+09:00,2797.5783353690113,2922.099626260807,2772.674077190652,2880.592529296875,74900,0.0,0.0
2006-04-19 00:00:00+09:00,2863.9896905113023,2905.496787475234,2805.8797547617974,2880.592529296875,40900,0.0,0.0
2006-04-20 00:00:00+09:00,2839.0852330219313,2872.290908261954,2756.071044921875,2756.071044921875,38400,0.0,0.0
2006-04-21 00:00:00+09:00,2756.0711877211083,2764.372606961232,2639.851318359375,2639.851318359375,54500,0.0,0.0
2006-04-24 00:00:00+09:00,2565.138467641977,2623.2484005659053,2531.932791685447,2590.042724609375,31400,0.0,0.0
2006-04-25 00:00:00+09:00,2590.0432367092226,2739.4688080578317,2590.0432367092226,2722.865966796875,31700,0.0,0.0
2006-04-26 00:00:00+09:00,2764.3729893015393,2822.4829320195895,2722.865887360075,2780.975830078125,41800,0.0,0.0
2006-04-27 00:00:00+09:00,2814.1813025841343,2938.702599158654,2772.6742037259614,2913.79833984375,100600,0.0,0.0
2006-04-28 00:00:00+09:00,2930.400893638874,2930.400893638874,2839.0852850552264,2888.893798828125,41500,0.0,0.0
2006-05-01 00:00:00+09:00,2888.8938137755104,2905.496651785714,2839.085299744898,2847.38671875,12900,0.0,0.0
2006-05-02 00:00:00+09:00,2839.085636582485,2872.2913165425143,2814.1813766124637,2855.6884765625,15900,0.0,0.0
2006-05-03 00:00:00+09:00,2855.6884765625,2855.6884765625,2855.6884765625,2855.6884765625,0,0.0,0.0
2006-05-04 00:00:00+09:00,2855.6884765625,2855.6884765625,2855.6884765625,2855.6884765625,0,0.0,0.0
2006-05-05 00:00:00+09:00,2855.6884765625,2855.6884765625,2855.6884765625,2855.6884765625,0,0.0,0.0
2006-05-08 00:00:00+09:00,2888.893798828125,2905.496636752425,2855.688122979526,2888.893798828125,27100,0.0,0.0
2006-05-09 00:00:00+09:00,2888.894251019022,2897.1956712805704,2855.688569972826,2863.989990234375,21000,0.0,0.0
2006-05-10 00:00:00+09:00,2839.0851773016466,2839.0851773016466,2747.7695721837576,2772.673828125,25800,0.0,0.0
2006-05-11 00:00:00+09:00,2780.975327435662,2855.688097426471,2756.071070772059,2822.482421875,54600,0.0,0.0
2006-05-12 00:00:00+09:00,2814.1813399239372,2855.6884393328446,2747.769980869685,2830.7841796875,25300,0.0,0.0
2006-05-15 00:00:00+09:00,2814.1810577212,2814.1810577212,2756.0711243759247,2805.879638671875,8700,0.0,0.0
2006-05-16 00:00:00+09:00,2789.276905665888,2789.276905665888,2631.5499377859715,2664.755615234375,33500,0.0,0.0
2006-05-17 00:00:00+09:00,2697.9615764853393,2697.9615764853393,2556.8374324845677,2689.66015625,11800,0.0,0.0
2006-05-18 00:00:00+09:00,2614.9470606390037,2639.851318359375,2573.4399644383843,2639.851318359375,16000,0.0,0.0
2006-05-19 00:00:00+09:00,2590.042895278213,2656.454251567398,2565.138636669769,2648.15283203125,11700,0.0,0.0
2006-05-22 00:00:00+09:00,2664.756118576248,2714.5646441571125,2556.837646484375,2556.837646484375,21600,0.0,0.0
2006-05-23 00:00:00+09:00,2531.932698829381,2581.7412109375,2531.932698829381,2581.7412109375,16700,0.0,0.0
2006-05-24 00:00:00+09:00,2581.741305620242,2606.64556258764,2556.8370486528443,2590.042724609375,9200,0.0,0.0
2006-05-25 00:00:00+09:00,2614.947509765625,2623.2489304315477,2573.440406436012,2614.947509765625,15400,0.0,0.0
2006-05-26 00:00:00+09:00,2689.6596538384247,2697.961072523111,2565.138373568127,2581.7412109375,25100,0.0,0.0
2006-05-29 00:00:00+09:00,2614.946966803036,2631.5498046875,2581.7412910341086,2631.5498046875,15400,0.0,0.0
2006-05-30 00:00:00+09:00,2614.946940894266,2614.946940894266,2556.837008874393,2565.138427734375,7000,0.0,0.0
2006-05-31 00:00:00+09:00,2531.932766563014,2540.234185469778,2486.274962575812,2523.63134765625,24300,0.0,0.0
2006-06-01 00:00:00+09:00,2482.12440052599,2573.4400139232675,2482.12440052599,2515.330078125,13600,0.0,0.0
2006-06-02 00:00:00+09:00,2477.973988073609,2498.7275390625,2291.192029173588,2498.7275390625,23400,0.0,0.0
2006-06-05 00:00:00+09:00,2490.4259314903843,2490.4259314903843,2448.9188326322114,2482.12451171875,5700,0.0,0.0
2006-06-06 00:00:00+09:00,2473.8232638518557,2473.8232638518557,2428.165451935127,2432.316162109375,8200,0.0,0.0
2006-06-07 00:00:00+09:00,2436.466872283623,2477.973974026104,2411.5626112381347,2432.316162109375,16700,0.0,0.0
2006-06-08 00:00:00+09:00,2341.0003204345703,2390.808837890625,2274.5889638264975,2390.808837890625,18400,0.0,0.0
2006-06-09 00:00:00+09:00,2357.6030074668142,2440.617197870575,2324.3973313053098,2345.15087890625,17300,0.0,0.0
2006-06-12 00:00:00+09:00,2345.1510302225747,2390.808837890625,2345.1510302225747,2390.808837890625,27700,0.0,0.0
2006-06-13 00:00:00+09:00,2390.808692893401,2473.8228836188664,2386.6579833571277,2453.0693359375,19700,0.0,0.0
2006-06-14 00:00:00+09:00,2477.973988073609,2540.2346410402824,2436.4668860958263,2498.7275390625,25600,0.0,0.0
2006-06-15 00:00:00+09:00,2498.7271303058837,2598.3441587566167,2498.7271303058837,2548.53564453125,17300,0.0,0.0
2006-06-16 00:00:00+09:00,2548.5364092426917,2590.043516885081,2548.5364092426917,2573.440673828125,39000,0.0,0.0
2006-06-19 00:00:00+09:00,2573.439846594357,2573.439846594357,2490.425657994539,2565.138427734375,10500,0.0,0.0
2006-06-20 00:00:00+09:00,2565.138290855533,2565.138290855533,2490.4255251024592,2531.9326171875,3000,0.0,0.0
2006-06-21 00:00:00+09:00,2531.9333148476303,2531.9333148476303,2482.1247906211197,2507.029052734375,7400,0.0,0.0
2006-06-22 00:00:00+09:00,2515.330358168658,2556.837459788603,2507.028937844669,2540.234619140625,15600,0.0,0.0
2006-06-23 00:00:00+09:00,2556.8370486528443,2598.3441435985073,2540.234210674579,2590.042724609375,21900,0.0,0.0
2006-06-26 00:00:00+09:00,2614.946940894266,2639.8511974742114,2556.837008874393,2565.138427734375,10900,0.0,0.0
2006-06-27 00:00:00+09:00,2573.440406436012,2639.8517717633927,2573.440406436012,2614.947509765625,19300,0.0,0.0
2006-06-28 00:00:00+09:00,2614.9474164634753,2648.1530979423765,2407.4119072203425,2606.64599609375,35600,0.0,0.0
2006-06-29 00:00:00+09:00,2648.1529627938758,2681.358642578125,2639.8515428478136,2681.358642578125,18200,0.0,0.0
2006-06-30 00:00:00+09:00,2697.961647727273,2739.46875,2689.6602272727273,2739.46875,26300,0.0,0.0
2006-07-03 00:00:00+09:00,2764.3729893015393,2780.975830078125,2739.4687281366605,2780.975830078125,17700,0.0,0.0
2006-07-04 00:00:00+09:00,2780.9756423904373,2780.9756423904373,2739.4685432502815,2764.372802734375,8800,0.0,0.0
2006-07-05 00:00:00+09:00,2731.1669921875,2739.4684116166413,2706.262733900076,2731.1669921875,4900,0.0,0.0
2006-07-06 00:00:00+09:00,2739.4684116166413,2739.4684116166413,2656.454217325228,2731.1669921875,10500,0.0,0.0
2006-07-07 00:00:00+09:00,2739.46875,2772.674431818182,2714.564488636364,2739.46875,9800,0.0,0.0
2006-07-10 00:00:00+09:00,2697.9612760017258,2756.0712111771472,2697.9612760017258,2706.2626953125,9800,0.0,0.0
2006-07-11 00:00:00+09:00,2673.057110987672,2756.0713069810777,2673.057110987672,2714.564208984375,16600,0.0,0.0
2006-07-12 00:00:00+09:00,2739.4688080578317,2739.4688080578317,2697.9617049054405,2722.865966796875,9400,0.0,0.0
2006-07-13 00:00:00+09:00,2706.262733900076,2731.1669921875,2681.358475612652,2731.1669921875,7400,0.0,0.0
2006-07-14 00:00:00+09:00,2714.5641146232747,2722.8655339340494,2697.9612760017258,2706.2626953125,9100,0.0,0.0
2006-07-17 00:00:00+09:00,2706.2626953125,2706.2626953125,2706.2626953125,2706.2626953125,0,0.0,0.0
2006-07-18 00:00:00+09:00,2739.4683894932828,2739.4683894932828,2631.5499377859715,2664.755615234375,19600,0.0,0.0
2006-07-19 00:00:00+09:00,2623.2483745374175,2623.2483745374175,2515.329928749486,2523.63134765625,14200,0.0,0.0
2006-07-20 00:00:00+09:00,2531.933303106399,2656.454613095238,2531.933303106399,2614.947509765625,10100,0.0,0.0
2006-07-21 00:00:00+09:00,2614.9474986006576,2731.1673874273533,2590.0432367092226,2722.865966796875,14200,0.0,0.0
2006-07-24 00:00:00+09:00,2697.961634286442,2706.263054699631,2673.057373046875,2673.057373046875,3700,0.0,0.0
2006-07-25 00:00:00+09:00,2689.659833800118,2697.961253040242,2639.851318359375,2639.851318359375,5900,0.0,0.0
2006-07-26 00:00:00+09:00,2606.646172065239,2606.646172065239,2556.837646484375,2556.837646484375,7900,0.0,0.0
2006-07-27 00:00:00+09:00,2548.5364092426917,2573.440673828125,2523.632144657258,2573.440673828125,4700,0.0,0.0
2006-07-28 00:00:00+09:00,2706.2626890724837,2706.2626890724837,2565.138561114716,2598.34423828125,9100,0.0,0.0
2006-07-31 00:00:00+09:00,2614.9470606390037,2639.851318359375,2598.3442221587557,2639.851318359375,3000,0.0,0.0
2006-08-01 00:00:00+09:00,2631.550257202926,2631.550257202926,2581.741734984574,2606.64599609375,3800,0.0,0.0
2006-08-02 00:00:00+09:00,2590.042802918632,2648.152737599499,2590.042802918632,2639.851318359375,2900,0.0,0.0
2006-08-03 00:00:00+09:00,2639.8513571480726,2664.755615234375,2606.645679699669,2664.755615234375,9600,0.0,0.0
2006-08-04 00:00:00+09:00,2664.755764798001,2764.372802734375,2664.755764798001,2764.372802734375,25100,0.0,0.0
2006-08-07 00:00:00+09:00,2772.674409689832,2789.277250466418,2756.071568913246,2780.975830078125,14500,0.0,0.0
2006-08-08 00:00:00+09:00,2780.9756796700613,2797.5785195486883,2772.6742597307475,2789.277099609375,10400,0.0,0.0
2006-08-09 00:00:00+09:00,2789.277099609375,2789.277099609375,2747.7699999128067,2789.277099609375,5300,0.0,0.0
2006-08-10 00:00:00+09:00,2756.071382906344,2797.5784820464996,2756.071382906344,2764.372802734375,3800,0.0,0.0
2006-08-11 00:00:00+09:00,2747.7695721837576,2780.975246772081,2747.7695721837576,2772.673828125,5600,0.0,0.0
2006-08-14 00:00:00+09:00,2764.372839791434,2797.5785195486883,2764.372839791434,2789.277099609375,3300,0.0,0.0
2006-08-15 00:00:00+09:00,2789.277099609375,2797.5785195486883,2780.9756796700613,2789.277099609375,2400,0.0,0.0
2006-08-16 00:00:00+09:00,2789.277250466418,2797.5786708547107,2764.3729893015393,2780.975830078125,2800,0.0,0.0
2006-08-17 00:00:00+09:00,2789.277193063798,2797.57861328125,2772.6743526288947,2797.57861328125,10000,0.0,0.0
2006-08-18 00:00:00+09:00,2814.1813209842394,2872.291259765625,2814.1813209842394,2872.291259765625,30700,0.0,0.0
2006-08-21 00:00:00+09:00,2863.990200109649,2863.990200109649,2830.7845166301167,2839.0859375,3700,0.0,0.0
2006-08-22 00:00:00+09:00,2830.7842365816277,2888.8941769220132,2814.181396484375,2814.181396484375,14200,0.0,0.0
2006-08-23 00:00:00+09:00,2839.085599569282,2839.085599569282,2814.1813399239372,2830.7841796875,2900,0.0,0.0
2006-08-24 00:00:00+09:00,2830.7838958198504,2830.7838958198504,2772.6739624745746,2805.879638671875,11700,0.0,0.0
2006-08-25 00:00:00+09:00,2814.1816748903507,2847.387358369883,2764.3731496710525,2839.0859375,11900,0.0,0.0
2006-08-28 00:00:00+09:00,2739.46875,2789.2772727272727,2689.6602272727273,2739.46875,11200,0.0,0.0
2006-08-29 00:00:00+09:00,2739.4687281366605,2780.975830078125,2739.4687281366605,2780.975830078125,4300,0.0,0.0
2006-08-30 00:00:00+09:00,2739.4688080578317,2739.4688080578317,2714.5645461663967,2722.865966796875,1100,0.0,0.0
2006-08-31 00:00:00+09:00,2714.5644169560187,2722.865837191358,2681.3587360146603,2689.66015625,5700,0.0,0.0
2006-09-01 00:00:00+09:00,2631.549602508545,2681.358112335205,2631.549602508545,2656.453857421875,9000,0.0,0.0
2006-09-04 00:00:00+09:00,2631.5499929589537,2648.15283203125,2623.2485734228057,2648.15283203125,8100,0.0,0.0
2006-09-05 00:00:00+09:00,2648.1530550733023,2689.66015625,2648.1530550733023,2689.66015625,3800,0.0,0.0
2006-09-06 00:00:00+09:00,2681.358453958577,2681.358453958577,2656.4541958722743,2664.755615234375,3700,0.0,0.0
2006-09-07 00:00:00+09:00,2673.0570516465586,2673.0570516465586,2623.24853515625,2623.24853515625,9400,0.0,0.0
2006-09-08 00:00:00+09:00,2614.9470768645165,2614.9470768645165,2573.4399804063496,2598.34423828125,3100,0.0,0.0
2006-09-11 00:00:00+09:00,2614.946765899658,2664.7552757263184,2598.3439292907715,2656.453857421875,4000,0.0,0.0
2006-09-12 00:00:00+09:00,2656.4545183121018,2656.4545183121018,2598.3445757240247,2606.64599609375,1400,0.0,0.0
2006-09-13 00:00:00+09:00,2606.6457343505094,2648.15283203125,2573.440056205917,2648.15283203125,5100,0.0,0.0
2006-09-14 00:00:00+09:00,2606.6456575728835,2623.24849615615,2598.34423828125,2598.34423828125,2200,0.0,0.0
2006-09-15 00:00:00+09:00,2606.6454669915597,2623.2483043609327,2573.4397922528137,2581.7412109375,8800,0.0,0.0
2006-09-18 00:00:00+09:00,2581.7412109375,2581.7412109375,2581.7412109375,2581.7412109375,0,0.0,0.0
2006-09-19 00:00:00+09:00,2573.439973958333,2581.7413932291665,2477.97365234375,2490.42578125,8400,0.0,0.0
2006-09-20 00:00:00+09:00,2573.440488344663,2573.440488344663,2507.0291209035104,2556.837646484375,6300,0.0,0.0
2006-09-21 00:00:00+09:00,2573.4397922528137,2581.7412109375,2573.4397922528137,2581.7412109375,4700,0.0,0.0
2006-09-22 00:00:00+09:00,2614.947509765625,2614.947509765625,2598.3446684337796,2614.947509765625,4500,0.0,0.0
2006-09-25 00:00:00+09:00,2606.64556258764,2606.64556258764,2581.741305620242,2590.042724609375,1400,0.0,0.0
2006-09-26 00:00:00+09:00,2581.741305620242,2598.3441435985073,2573.43988663111,2590.042724609375,4300,0.0,0.0
2006-09-27 00:00:00+09:00,2606.6458630635643,2681.358642578125,2598.3444431175017,2681.358642578125,14300,0.0,0.0
2006-09-28 00:00:00+09:00,2656.4540615141955,2656.4540615141955,2614.946966803036,2631.5498046875,3900,0.0,0.0
2006-09-29 00:00:00+09:00,2656.453857421875,2673.0566940307617,2614.946765899658,2656.453857421875,10100,0.0,0.0
2006-10-02 00:00:00+09:00,2656.4541958722743,2664.755615234375,2614.94709906177,2664.755615234375,4300,0.0,0.0
2006-10-03 00:00:00+09:00,2656.453857421875,2656.453857421875,2614.946765899658,2656.453857421875,4300,0.0,0.0
2006-10-04 00:00:00+09:00,2614.947509765625,2623.2489304315477,2614.947509765625,2614.947509765625,3000,0.0,0.0
2006-10-05 00:00:00+09:00,2639.8513571480726,2681.358453958577,2639.8513571480726,2664.755615234375,11300,0.0,0.0
2006-10-06 00:00:00+09:00,2656.454601753049,2722.865966796875,2648.1531811225705,2722.865966796875,7300,0.0,0.0
2006-10-09 00:00:00+09:00,2722.865966796875,2722.865966796875,2722.865966796875,2722.865966796875,0,0.0,0.0
2006-10-10 00:00:00+09:00,2681.3584373801764,2706.2626953125,2664.7555987586275,2706.2626953125,12200,0.0,0.0
2006-10-11 00:00:00+09:00,2664.755965909091,2747.7701704545457,2664.755965909091,2739.46875,13100,0.0,0.0
2006-10-12 00:00:00+09:00,2731.167329545455,2739.46875,2681.358806818182,2739.46875,6300,0.0,0.0
2006-10-13 00:00:00+09:00,2656.4545322204967,2689.660213873253,2614.9474301545515,2673.057373046875,13700,0.0,0.0
2006-10-16 00:00:00+09:00,2656.4541958722743,2689.6598733206774,2656.4541958722743,2664.755615234375,9100,0.0,0.0
2006-10-17 00:00:00+09:00,2639.8510208129883,2656.453857421875,2623.2481842041016,2656.453857421875,7000,0.0,0.0
2006-10-18 00:00:00+09:00,2648.1530550733023,2689.66015625,2606.645953896605,2689.66015625,8300,0.0,0.0
2006-10-19 00:00:00+09:00,2689.6602493990385,2706.263090444712,2681.358828876202,2697.961669921875,6400,0.0,0.0
2006-10-20 00:00:00+09:00,2714.5645109675484,2714.5645109675484,2656.4545673076923,2697.961669921875,5400,0.0,0.0
2006-10-23 00:00:00+09:00,2656.454382739938,2681.358642578125,2656.454382739938,2681.358642578125,5500,0.0,0.0
2006-10-24 00:00:00+09:00,2681.3587360146603,2689.66015625,2656.454475308642,2689.66015625,1800,0.0,0.0
2006-10-25 00:00:00+09:00,2681.358112335205,2689.6595306396484,2656.453857421875,2656.453857421875,4600,0.0,0.0
2006-10-26 00:00:00+09:00,2689.6598733206774,2689.6598733206774,2656.4541958722743,2664.755615234375,4100,0.0,0.0
2006-10-27 00:00:00+09:00,2697.960948944092,2697.960948944092,2648.1524391174316,2656.453857421875,6700,0.0,0.0
2006-10-30 00:00:00+09:00,2664.7552757263184,2664.7552757263184,2639.8510208129883,2656.453857421875,3600,0.0,0.0
2006-10-31 00:00:00+09:00,2639.8515428478136,2681.358642578125,2631.550122901751,2681.358642578125,4100,0.0,0.0
2006-11-01 00:00:00+09:00,2656.454251567398,2664.7556711035463,2623.2485734228057,2648.15283203125,3300,0.0,0.0
2006-11-02 00:00:00+09:00,2631.549899119251,2639.851318359375,2614.9470606390037,2639.851318359375,3000,0.0,0.0
2006-11-03 00:00:00+09:00,2639.851318359375,2639.851318359375,2639.851318359375,2639.851318359375,0,0.0,0.0
2006-11-06 00:00:00+09:00,2631.549819555038,2639.8512385441704,2590.042724609375,2590.042724609375,2200,0.0,0.0
2006-11-07 00:00:00+09:00,2548.536039464614,2590.043141084559,2490.426097196691,2540.234619140625,5500,0.0,0.0
2006-11-08 00:00:00+09:00,2531.9326171875,2548.5354540215167,2507.0283619364754,2531.9326171875,4300,0.0,0.0
2006-11-09 00:00:00+09:00,2498.7272393254952,2531.932916924505,2473.8229811262377,2515.330078125,4400,0.0,0.0
2006-11-10 00:00:00+09:00,2498.7276320299566,2507.029052734375,2482.1247906211197,2507.029052734375,1200,0.0,0.0
2006-11-13 00:00:00+09:00,2448.918531641288,2457.2199503926145,2440.617112889962,2444.767822265625,2200,0.0,0.0
2006-11-14 00:00:00+09:00,2477.9741476480062,2573.440488344663,2477.9741476480062,2556.837646484375,9900,0.0,0.0
2006-11-15 00:00:00+09:00,2656.453857421875,2664.7552757263184,2614.946765899658,2656.453857421875,12400,0.0,0.0
2006-11-16 00:00:00+09:00,2573.4396743774414,2697.960948944092,2573.4396743774414,2656.453857421875,9800,0.0,0.0
2006-11-17 00:00:00+09:00,2656.4540501644738,2656.4540501644738,2523.63134765625,2523.63134765625,11700,0.0,0.0
2006-11-20 00:00:00+09:00,2639.8520460559475,2639.8520460559475,2556.837830771169,2573.440673828125,6200,0.0,0.0
2006-11-21 00:00:00+09:00,2573.440673828125,2614.947781470514,2573.440673828125,2573.440673828125,16500,0.0,0.0
2006-11-22 00:00:00+09:00,2507.0286758730076,2507.0286758730076,2440.6173202207424,2473.822998046875,16000,0.0,0.0
2006-11-23 00:00:00+09:00,2473.822998046875,2473.822998046875,2473.822998046875,2473.822998046875,0,0.0,0.0
2006-11-24 00:00:00+09:00,2473.8228731932004,2548.53564453125,2473.8228731932004,2548.53564453125,9300,0.0,0.0
2006-11-27 00:00:00+09:00,2531.9328776041666,2540.234296875,2486.2750716145833,2490.42578125,4300,0.0,0.0
2006-11-28 00:00:00+09:00,2515.3300953295407,2515.3300953295407,2457.220159133809,2473.822998046875,7900,0.0,0.0
2006-11-29 00:00:00+09:00,2498.727275765599,2498.727275765599,2486.275146484375,2486.275146484375,10400,0.0,0.0
2006-11-30 00:00:00+09:00,2523.6315343280467,2523.6315343280467,2482.124436723967,2486.275146484375,23100,0.0,0.0
2006-12-01 00:00:00+09:00,2490.4259314903843,2490.4259314903843,2482.12451171875,2482.12451171875,11100,0.0,0.0
2006-12-04 00:00:00+09:00,2482.12451171875,2498.727351262019,2473.8230919471152,2482.12451171875,3900,0.0,0.0
2006-12-05 00:00:00+09:00,2482.124417503408,2482.124417503408,2465.521578590342,2473.822998046875,9000,0.0,0.0
2006-12-06 00:00:00+09:00,2490.426211325538,2515.3304734387934,2473.8233699167013,2507.029052734375,10000,0.0,0.0
2006-12-07 00:00:00+09:00,2498.7276999733663,2556.837646484375,2482.124858113078,2556.837646484375,15600,0.0,0.0
2006-12-08 00:00:00+09:00,2515.330078125,2548.53575572401,2498.7272393254952,2515.330078125,6100,0.0,0.0
2006-12-11 00:00:00+09:00,2498.727313067462,2498.727313067462,2457.22021484375,2457.22021484375,7600,0.0,0.0
2006-12-12 00:00:00+09:00,2457.2204231548635,2477.973974026104,2432.316162109375,2432.316162109375,9900,0.0,0.0
2006-12-13 00:00:00+09:00,2415.7133964342947,2436.4669479500535,2407.4119758279917,2428.16552734375,10500,0.0,0.0
2006-12-14 00:00:00+09:00,2411.5626150400853,2411.5626150400853,2374.206223412958,2378.35693359375,11900,0.0,0.0
2006-12-15 00:00:00+09:00,2407.4111328125,2415.7125505118534,2386.6575885641164,2407.4111328125,10500,0.0,0.0
2006-12-18 00:00:00+09:00,2407.4118470401863,2407.4118470401863,2382.5075865535637,2394.959716796875,4000,0.0,0.0
2006-12-19 00:00:00+09:00,2407.411677042643,2407.411677042643,2382.5074183146157,2390.808837890625,13000,0.0,0.0
2006-12-20 00:00:00+09:00,2415.7130966186523,2415.7130966186523,2378.3567085266113,2390.808837890625,7200,0.0,0.0
2006-12-21 00:00:00+09:00,2390.8089700087567,2390.8089700087567,2370.055419921875,2370.055419921875,6500,0.0,0.0
2006-12-22 00:00:00+09:00,2374.2058455475662,2382.5072645879422,2332.6987503456858,2345.15087890625,6200,0.0,0.0
2006-12-25 00:00:00+09:00,2311.9451430066883,2324.3972712455034,2299.4930147678733,2307.79443359375,4700,0.0,0.0
2006-12-26 00:00:00+09:00,2303.643929776278,2303.643929776278,2266.287541725852,2282.890380859375,8000,0.0,0.0
2006-12-27 00:00:00+09:00,2282.8902510909347,2303.643798828125,2278.7395415434967,2303.643798828125,4800,0.0,0.0
2006-12-28 00:00:00+09:00,2403.260888931599,2403.260888931599,2336.8495344878934,2341.000244140625,10000,0.0,0.0
2006-12-29 00:00:00+09:00,2370.055095420114,2370.055095420114,2320.24658203125,2320.24658203125,1200,0.0,0.0
2007-01-04 00:00:00+09:00,2345.151159817617,2374.2061299392512,2345.151159817617,2370.055419921875,1100,0.0,0.0
2007-01-05 00:00:00+09:00,2353.45237309882,2357.6030827515515,2324.3974055296985,2341.000244140625,3100,0.0,0.0
2007-01-09 00:00:00+09:00,2345.151159817617,2394.959680026133,2345.151159817617,2370.055419921875,14700,0.0,0.0
2007-01-10 00:00:00+09:00,2370.0551158321286,2370.0551158321286,2332.69873046875,2332.69873046875,3900,0.0,0.0
2007-01-11 00:00:00+09:00,2336.8497215593366,2390.8089513644363,2336.8497215593366,2357.603271484375,3800,0.0,0.0
2007-01-12 00:00:00+09:00,2349.3014597039473,2365.904296875,2349.3014597039473,2365.904296875,3700,0.0,0.0
2007-01-15 00:00:00+09:00,2374.2063915505228,2382.5078125,2365.904970601045,2382.5078125,11900,0.0,0.0
2007-01-16 00:00:00+09:00,2382.507308332887,2424.014404296875,2382.507308332887,2424.014404296875,7100,0.0,0.0
2007-01-17 00:00:00+09:00,2428.165451935127,2432.316162109375,2428.165451935127,2432.316162109375,3500,0.0,0.0
2007-01-18 00:00:00+09:00,2444.767822265625,2465.521369143941,2444.767822265625,2444.767822265625,9100,0.0,0.0
2007-01-19 00:00:00+09:00,2490.425912552521,2490.425912552521,2444.768104155725,2469.67236328125,25400,0.0,0.0
2007-01-22 00:00:00+09:00,2673.0566940307617,2706.262367248535,2614.946765899658,2656.453857421875,44500,0.0,0.0
2007-01-23 00:00:00+09:00,2639.851412495102,2664.7556711035463,2623.2485734228057,2648.15283203125,30200,0.0,0.0
2007-01-24 00:00:00+09:00,2648.152657533303,2656.4540765224356,2590.042724609375,2590.042724609375,24000,0.0,0.0
2007-01-25 00:00:00+09:00,2565.139252299647,2581.742095356603,2556.837830771169,2573.440673828125,7400,0.0,0.0
2007-01-26 00:00:00+09:00,2573.4399804063496,2598.34423828125,2556.837141823083,2598.34423828125,4900,0.0,0.0
2007-01-29 00:00:00+09:00,2623.2484798791274,2656.4541568396226,2590.042802918632,2639.851318359375,16200,0.0,0.0
2007-01-30 00:00:00+09:00,2631.5499929589537,2664.7556711035463,2623.2485734228057,2648.15283203125,5900,0.0,0.0
2007-01-31 00:00:00+09:00,2656.4541958722743,2664.755615234375,2648.152776510173,2664.755615234375,8100,0.0,0.0
2007-02-01 00:00:00+09:00,2673.0570516465586,2673.0570516465586,2623.24853515625,2623.24853515625,22800,0.0,0.0
2007-02-02 00:00:00+09:00,2606.6454669915597,2614.946885676246,2573.4397922528137,2581.7412109375,7600,0.0,0.0
2007-02-05 00:00:00+09:00,2565.139067414519,2573.440488344663,2540.234804624087,2556.837646484375,3700,0.0,0.0
2007-02-06 00:00:00+09:00,2540.2346331359477,2614.9474164634753,2540.2346331359477,2606.64599609375,2600,0.0,0.0
2007-02-07 00:00:00+09:00,2631.549602508545,2664.7552757263184,2631.549602508545,2656.453857421875,29500,0.0,0.0
2007-02-08 00:00:00+09:00,2648.15283203125,2656.454251567398,2639.851412495102,2648.15283203125,22700,0.0,0.0
2007-02-09 00:00:00+09:00,2639.8512236297315,2648.1526425719635,2614.946966803036,2631.5498046875,5600,0.0,0.0
2007-02-13 00:00:00+09:00,2631.5498046875,2656.4540615141955,2631.5498046875,2631.5498046875,7700,0.0,0.0
2007-02-14 00:00:00+09:00,2631.549899119251,2648.152737599499,2623.2484798791274,2639.851318359375,4900,0.0,0.0
2007-02-15 00:00:00+09:00,2631.549899119251,2639.851318359375,2631.549899119251,2639.851318359375,2300,0.0,0.0
2007-02-16 00:00:00+09:00,2648.1524391174316,2664.7552757263184,2648.1524391174316,2656.453857421875,6100,0.0,0.0
2007-02-19 00:00:00+09:00,2656.454251567398,2664.7556711035463,2648.15283203125,2648.15283203125,10500,0.0,0.0
2007-02-20 00:00:00+09:00,2673.057034596476,2673.057034596476,2656.4541958722743,2664.755615234375,6300,0.0,0.0
2007-02-21 00:00:00+09:00,2656.453857421875,2673.0566940307617,2648.1524391174316,2656.453857421875,6500,0.0,0.0
2007-02-22 00:00:00+09:00,2648.1524391174316,2664.7552757263184,2648.1524391174316,2656.453857421875,12900,0.0,0.0
2007-02-23 00:00:00+09:00,2639.69384765625,2689.97373046875,2639.69384765625,2681.59375,14400,30.0,0.0
2007-02-26 00:00:00+09:00,2648.07421875,2656.454200454905,2639.6942370450947,2648.07421875,4300,0.0,0.0
2007-02-27 00:00:00+09:00,2606.1740746591604,2631.314017501532,2539.1342270795035,2564.274169921875,8700,0.0,0.0
2007-02-28 00:00:00+09:00,2497.2348837575605,2597.794677734375,2472.0949352633565,2597.794677734375,6700,0.0,0.0
2007-03-01 00:00:00+09:00,2555.89404296875,2564.2740234375,2497.2341796875,2513.994140625,4500,0.0,0.0
2007-03-02 00:00:00+09:00,2513.994235436893,2589.4140625,2513.994235436893,2589.4140625,1400,0.0,0.0
2007-03-05 00:00:00+09:00,2530.7541507982055,2530.7541507982055,2497.234228271077,2509.80419921875,2700,0.0,0.0
2007-03-06 00:00:00+09:00,2476.284569159728,2555.8943945641863,2459.5246059166843,2484.66455078125,25800,0.0,0.0
2007-03-07 00:00:00+09:00,2522.3742162216827,2589.4140625,2522.3742162216827,2589.4140625,23600,0.0,0.0
2007-03-08 00:00:00+09:00,2589.4140625,2597.7940432847895,2581.03408171521,2589.4140625,8300,0.0,0.0
2007-03-09 00:00:00+09:00,2555.894630833676,2589.41456041838,2530.754683645148,2547.5146484375,8800,0.0,0.0
2007-03-12 00:00:00+09:00,2547.5146484375,2555.894630833676,2539.134666041324,2547.5146484375,18300,0.0,0.0
2007-03-13 00:00:00+09:00,2555.89453125,2555.89453125,2530.754585040984,2555.89453125,6500,0.0,0.0
2007-03-14 00:00:00+09:00,2501.424169921875,2522.37412109375,2480.47421875,2513.994140625,5000,0.0,0.0
2007-03-15 00:00:00+09:00,2530.754683645148,2547.5146484375,2530.754683645148,2547.5146484375,5400,0.0,0.0
2007-03-16 00:00:00+09:00,2539.134666041324,2547.5146484375,2530.754683645148,2547.5146484375,6700,0.0,0.0
2007-03-19 00:00:00+09:00,2530.75439453125,2539.1343759700953,2522.3744130924047,2530.75439453125,16900,0.0,0.0
2007-03-20 00:00:00+09:00,2572.654296875,2581.0342782980456,2564.2743154519544,2572.654296875,18000,0.0,0.0
2007-03-22 00:00:00+09:00,2614.554405737705,2631.3143698770496,2539.134567110656,2555.89453125,40600,0.0,0.0
2007-03-23 00:00:00+09:00,2547.5145491803282,2555.89453125,2513.9946209016393,2555.89453125,19200,0.0,0.0
2007-03-26 00:00:00+09:00,2547.5146484375,2547.5146484375,2497.234754060444,2547.5146484375,19800,0.0,0.0
2007-03-27 00:00:00+09:00,2547.5140625,2555.89404296875,2505.61416015625,2513.994140625,54900,0.0,0.0
2007-03-28 00:00:00+09:00,2530.7541015625,2530.7541015625,2497.2341796875,2513.994140625,33600,0.0,0.0
2007-03-29 00:00:00+09:00,2476.284835128097,2932.9938825544295,2455.3348788241365,2790.5341796875,100600,0.0,0.0
2007-03-30 00:00:00+09:00,2765.393760608027,2765.393760608027,2622.93408203125,2622.93408203125,47000,0.0,0.0
2007-04-02 00:00:00+09:00,2639.6942970969462,2664.8342427835837,2564.2744600370334,2581.034423828125,19900,0.0,0.0
2007-04-03 00:00:00+09:00,2581.034423828125,2631.3143152014004,2547.5144962459417,2581.034423828125,16100,0.0,0.0
2007-04-04 00:00:00+09:00,2631.31460905998,2631.31460905998,2572.654729240171,2597.794677734375,27600,0.0,0.0
2007-04-05 00:00:00+09:00,2664.833987495008,2664.833987495008,2589.4141576602437,2622.93408203125,6900,0.0,0.0
2007-04-06 00:00:00+09:00,2589.414060944964,2648.0739264032645,2572.65409938545,2631.31396484375,19100,0.0,0.0
2007-04-09 00:00:00+09:00,2681.594246031746,2681.594246031746,2639.6943359375,2639.6943359375,11000,0.0,0.0
2007-04-10 00:00:00+09:00,2681.59414556962,2681.59414556962,2606.1743102254745,2648.07421875,9600,0.0,0.0
2007-04-11 00:00:00+09:00,2648.0741248497598,2648.0741248497598,2606.1742178109976,2614.55419921875,9400,0.0,0.0
2007-04-12 00:00:00+09:00,2597.794542814556,2597.794542814556,2530.754683645148,2547.5146484375,11700,0.0,0.0
2007-04-13 00:00:00+09:00,2539.13408203125,2547.5140625,2513.994140625,2513.994140625,13300,0.0,0.0
2007-04-16 00:00:00+09:00,2547.5141120617695,2547.5141120617695,2509.80419921875,2509.80419921875,17200,0.0,0.0
2007-04-17 00:00:00+09:00,2505.614663591056,2509.804654667295,2430.19482421875,2430.19482421875,12900,0.0,0.0
2007-04-18 00:00:00+09:00,2446.954445136482,2455.3344261129764,2388.294578301018,2417.62451171875,11100,0.0,0.0
2007-04-19 00:00:00+09:00,2388.2946285641965,2396.6746097170535,2363.154685105626,2392.484619140625,15700,0.0,0.0
2007-04-20 00:00:00+09:00,2426.004841694079,2426.004841694079,2371.534957510965,2388.294921875,9100,0.0,0.0
2007-04-23 00:00:00+09:00,2405.0547899787807,2413.434771825397,2375.724853515625,2375.724853515625,4700,0.0,0.0
2007-04-24 00:00:00+09:00,2392.485164027931,2405.0551386200223,2363.1552233130533,2367.34521484375,4500,0.0,0.0
2007-04-25 00:00:00+09:00,2358.9646979619265,2379.9146508745544,2346.3947262143492,2350.584716796875,7600,0.0,0.0
2007-04-26 00:00:00+09:00,2358.964931488037,2413.434814453125,2350.584949493408,2413.434814453125,6100,0.0,0.0
2007-04-27 00:00:00+09:00,2446.954944957386,2446.954944957386,2379.9150834517045,2396.675048828125,6800,0.0,0.0
2007-05-01 00:00:00+09:00,2396.6748997961954,2426.004837381114,2396.6748997961954,2409.244873046875,4000,0.0,0.0
2007-05-02 00:00:00+09:00,2413.434814453125,2426.0047874450684,2409.2448234558105,2413.434814453125,3600,0.0,0.0
2007-05-07 00:00:00+09:00,2426.0045873397435,2455.334521901709,2417.6246060363246,2451.14453125,11700,0.0,0.0
2007-05-08 00:00:00+09:00,2413.4348641304346,2417.6248552139946,2392.484908712636,2409.244873046875,8800,0.0,0.0
2007-05-09 00:00:00+09:00,2388.294776594135,2388.294776594135,2371.5348132496147,2379.914794921875,9700,0.0,0.0
2007-05-10 00:00:00+09:00,2384.1045420563664,2388.2945324641987,2354.774609201543,2358.964599609375,5600,0.0,0.0
2007-05-11 00:00:00+09:00,2346.3948682328346,2379.914794921875,2346.3948682328346,2379.914794921875,6100,0.0,0.0
2007-05-14 00:00:00+09:00,2329.635119269876,2329.635119269876,2279.355224609375,2279.355224609375,22600,0.0,0.0
2007-05-15 00:00:00+09:00,2333.824805567286,2342.2047869158223,2325.44482421875,2325.44482421875,24000,0.0,0.0
2007-05-16 00:00:00+09:00,2304.4948221110612,2329.634765625,2291.924850354092,2329.634765625,19300,0.0,0.0
2007-05-17 00:00:00+09:00,2291.925429581735,2321.25537109375,2287.7354379371614,2321.25537109375,16300,0.0,0.0
2007-05-18 00:00:00+09:00,2291.9250524316767,2291.9250524316767,2266.7851067011648,2270.97509765625,17100,0.0,0.0
2007-05-21 00:00:00+09:00,2266.78515625,2287.735111483364,2229.0752368299445,2266.78515625,17900,0.0,0.0
2007-05-22 00:00:00+09:00,2262.594972984813,2262.594972984813,2233.2650381498247,2241.64501953125,13300,0.0,0.0
2007-05-23 00:00:00+09:00,2262.5952597225414,2296.1151894962086,2258.4052685008332,2279.355224609375,9400,0.0,0.0
2007-05-24 00:00:00+09:00,2279.355224609375,2279.355224609375,2279.355224609375,2279.355224609375,3700,0.0,0.0
2007-05-25 00:00:00+09:00,2245.835201016636,2266.78515625,2241.645209969963,2266.78515625,7900,0.0,0.0
2007-05-28 00:00:00+09:00,2241.644873413315,2254.2148446661,2233.264892578125,2233.264892578125,16300,0.0,0.0
2007-05-29 00:00:00+09:00,2191.365378999256,2212.3153348214287,2191.365378999256,2199.745361328125,20300,0.0,0.0
2007-05-30 00:00:00+09:00,2182.985545658974,2187.175537109375,2153.655605506166,2187.175537109375,28300,0.0,0.0
2007-05-31 00:00:00+09:00,2174.6051753117486,2191.3651381272534,2170.4151846078726,2178.795166015625,20400,0.0,0.0
2007-06-01 00:00:00+09:00,2162.0357452273834,2166.2257369817,2136.8957947014833,2153.65576171875,35500,0.0,0.0
2007-06-04 00:00:00+09:00,2166.225341796875,2170.4153327868107,2153.6553688270674,2166.225341796875,29300,0.0,0.0
2007-06-05 00:00:00+09:00,2203.9352037834396,2237.4551308371806,2187.1752402565694,2212.315185546875,28200,0.0,0.0
2007-06-06 00:00:00+09:00,2187.17558724958,2203.935553435401,2178.79560415667,2182.985595703125,15000,0.0,0.0
2007-06-07 00:00:00+09:00,2166.2251939039966,2178.795166015625,2162.03520320012,2178.795166015625,25400,0.0,0.0
2007-06-08 00:00:00+09:00,2111.755272665514,2128.515235146986,2094.9953101840415,2120.13525390625,53300,0.0,0.0
2007-06-11 00:00:00+09:00,2157.845068740101,2157.845068740101,2132.7051261916727,2149.465087890625,15900,0.0,0.0
2007-06-12 00:00:00+09:00,2136.895266089109,2136.895266089109,2111.7553217821783,2115.9453125,16400,0.0,0.0
2007-06-13 00:00:00+09:00,2120.13525390625,2128.515235146986,2086.6153289433055,2120.13525390625,26500,0.0,0.0
2007-06-14 00:00:00+09:00,2099.1854015648482,2107.565383207822,2074.045456635928,2090.805419921875,19700,0.0,0.0
2007-06-15 00:00:00+09:00,2094.99521236903,2153.655078315363,2090.805221944292,2149.465087890625,33600,0.0,0.0
2007-06-18 00:00:00+09:00,2191.3654338270712,2191.3654338270712,2174.60546875,2174.60546875,14300,0.0,0.0
2007-06-19 00:00:00+09:00,2182.985595703125,2187.17558724958,2166.2256295173047,2182.985595703125,14000,0.0,0.0
2007-06-20 00:00:00+09:00,2216.5052224066026,2229.0751953125,2216.5052224066026,2229.0751953125,22100,0.0,0.0
2007-06-21 00:00:00+09:00,2233.2651335421992,2254.215087890625,2233.2651335421992,2254.215087890625,13800,0.0,0.0
2007-06-22 00:00:00+09:00,2229.0751953125,2237.455177249765,2229.0751953125,2229.0751953125,6000,0.0,0.0
2007-06-25 00:00:00+09:00,2212.315185546875,2212.315185546875,2203.9352037834396,2212.315185546875,14400,0.0,0.0
2007-06-26 00:00:00+09:00,2178.7951131414784,2224.885009765625,2178.7951131414784,2224.885009765625,16500,0.0,0.0
2007-06-27 00:00:00+09:00,2216.505077664357,2229.0750497494105,2216.505077664357,2220.695068359375,3800,0.0,0.0
2007-06-28 00:00:00+09:00,2212.315185546875,2220.6951673103104,2203.9352037834396,2212.315185546875,10300,0.0,0.0
2007-06-29 00:00:00+09:00,2216.505749602816,2245.835693359375,2216.505749602816,2245.835693359375,6000,0.0,0.0
2007-07-02 00:00:00+09:00,2258.40507876031,2258.40507876031,2254.215087890625,2254.215087890625,2900,0.0,0.0
2007-07-03 00:00:00+09:00,2266.784959145642,2283.544921875,2266.784959145642,2283.544921875,6800,0.0,0.0
2007-07-04 00:00:00+09:00,2300.3047356217508,2317.064697265625,2296.114745210782,2317.064697265625,12900,0.0,0.0
2007-07-05 00:00:00+09:00,2312.875099431818,2325.4450727982953,2296.1151349431816,2304.4951171875,26600,0.0,0.0
2007-07-06 00:00:00+09:00,2308.685117368345,2308.685117368345,2262.59521484375,2262.59521484375,9700,0.0,0.0
2007-07-09 00:00:00+09:00,2266.7852059823495,2275.1651882595484,2262.59521484375,2262.59521484375,5200,0.0,0.0
2007-07-10 00:00:00+09:00,2275.1650390625,2275.1650390625,2275.1650390625,2275.1650390625,1900,0.0,0.0
2007-07-11 00:00:00+09:00,2266.7850573348296,2283.5450207901704,2266.7850573348296,2275.1650390625,5300,0.0,0.0
2007-07-12 00:00:00+09:00,2283.5456210463794,2283.5456210463794,2229.075725498484,2245.835693359375,7100,0.0,0.0
2007-07-13 00:00:00+09:00,2250.024953378796,2258.4049345831863,2220.6950191634296,2224.885009765625,6900,0.0,0.0
2007-07-17 00:00:00+09:00,2149.465564968481,2199.7454612250535,2149.465564968481,2191.365478515625,10000,0.0,0.0
2007-07-18 00:00:00+09:00,2174.604931640625,2174.604931640625,2157.844970703125,2157.844970703125,6700,0.0,0.0
2007-07-19 00:00:00+09:00,2191.3652877364907,2191.3652877364907,2162.035350806939,2166.225341796875,8900,0.0,0.0
2007-07-20 00:00:00+09:00,2195.5554698703395,2195.5554698703395,2182.985495806196,2191.365478515625,5000,0.0,0.0
2007-07-23 00:00:00+09:00,2195.555563807034,2208.1255384089827,2191.3655722730514,2203.935546875,5500,0.0,0.0
2007-07-24 00:00:00+09:00,2203.93495965496,2233.264892578125,2203.93495965496,2233.264892578125,10500,0.0,0.0
2007-07-25 00:00:00+09:00,2182.9855892050855,2203.935546875,2182.9855892050855,2203.935546875,6500,0.0,0.0
2007-07-26 00:00:00+09:00,2178.7951187015506,2187.1750999273254,2162.03515625,2162.03515625,5700,0.0,0.0
2007-07-27 00:00:00+09:00,2132.705516620711,2153.655472579657,2132.705516620711,2136.8955078125,10900,0.0,0.0
2007-07-30 00:00:00+09:00,2124.3251453421967,2149.465087890625,2103.3751932185064,2149.465087890625,4100,0.0,0.0
2007-07-31 00:00:00+09:00,2145.2754901960784,2145.2754901960784,2128.5155254289216,2136.8955078125,6900,0.0,0.0
2007-08-01 00:00:00+09:00,2128.515675080128,2141.0856495392627,2111.7557091346152,2124.32568359375,5500,0.0,0.0
2007-08-02 00:00:00+09:00,2111.755272665514,2124.325244526618,2103.3752914247775,2120.13525390625,2900,0.0,0.0
2007-08-03 00:00:00+09:00,2128.5151357669347,2174.6050304390533,2128.5151357669347,2149.465087890625,9600,0.0,0.0
2007-08-06 00:00:00+09:00,2149.465632512019,2149.465632512019,2115.9457006209936,2124.32568359375,3100,0.0,0.0
2007-08-07 00:00:00+09:00,2107.5651865273594,2107.5651865273594,2086.615234375,2086.615234375,8500,0.0,0.0
2007-08-08 00:00:00+09:00,2086.61513671875,2086.61513671875,2069.85517578125,2074.045166015625,4600,0.0,0.0
2007-08-09 00:00:00+09:00,2082.425146484375,2094.9951171875,2065.665185546875,2074.045166015625,9900,0.0,0.0
2007-08-10 00:00:00+09:00,2057.285303334721,2065.6652842037015,2044.7153320312502,2044.71533203125,11700,0.0,0.0
2007-08-13 00:00:00+09:00,2015.3850580851238,2019.5750478108723,2011.195068359375,2011.195068359375,5800,0.0,0.0
2007-08-14 00:00:00+09:00,2011.1953370676101,2011.1953370676101,1998.6253662109375,1998.6253662109375,4600,0.0,0.0
2007-08-15 00:00:00+09:00,1969.295826080257,1969.295826080257,1952.5358616029782,1965.1058349609375,5600,0.0,0.0
2007-08-16 00:00:00+09:00,1898.0657485927932,1898.0657485927932,1860.355833057837,1881.3057861328125,7700,0.0,0.0
2007-08-17 00:00:00+09:00,1889.6858459472655,1889.6858459472655,1805.8860301624645,1843.595947265625,10000,0.0,0.0
2007-08-20 00:00:00+09:00,1923.2061020208864,1927.3960935285572,1847.7862548828125,1847.7862548828125,7800,0.0,0.0
2007-08-21 00:00:00+09:00,1868.7358838427199,1914.8257823231456,1851.9759207589286,1906.44580078125,5100,0.0,0.0
2007-08-22 00:00:00+09:00,1856.166015625,1868.7359886427766,1851.9760246190745,1856.166015625,7100,0.0,0.0
2007-08-23 00:00:00+09:00,1847.7862548828125,1851.9762463904833,1843.5962633751417,1847.7862548828125,13200,0.0,0.0
2007-08-24 00:00:00+09:00,1843.5957279911747,1847.7857182820637,1793.3158445005063,1810.0758056640625,14300,0.0,0.0
2007-08-27 00:00:00+09:00,1822.6458258750542,1822.6458258750542,1801.695873853502,1805.8858642578125,10200,0.0,0.0
2007-08-28 00:00:00+09:00,1738.8462210990288,1738.8462210990288,1692.756321262669,1705.3262939453125,25600,0.0,0.0
2007-08-29 00:00:00+09:00,1675.996504679765,1692.7564697265625,1675.158506427425,1692.7564697265625,8200,0.0,0.0
2007-08-30 00:00:00+09:00,1701.136303051098,1709.516284839527,1701.136303051098,1705.3262939453125,5000,0.0,0.0
2007-08-31 00:00:00+09:00,1722.0862737031996,1755.606201171875,1705.3263099688618,1755.606201171875,6300,0.0,0.0
2007-09-03 00:00:00+09:00,1763.986156590177,1780.7461200732191,1759.7961657194164,1768.1761474609375,4200,0.0,0.0
2007-09-04 00:00:00+09:00,1784.936037475876,1784.936037475876,1763.986083984375,1763.986083984375,5300,0.0,0.0
2007-09-05 00:00:00+09:00,1747.2260998712068,1759.7960718127263,1734.6561279296875,1734.6561279296875,7600,0.0,0.0
2007-09-06 00:00:00+09:00,1675.9962012256128,1680.186191728677,1660.9122354145823,1675.158203125,6100,0.0,0.0
2007-09-07 00:00:00+09:00,1674.320292286861,1684.3762700183136,1670.9682997097102,1680.186279296875,5400,0.0,0.0
2007-09-10 00:00:00+09:00,1633.258528485686,1633.258528485686,1592.1966157633674,1618.174560546875,10300,0.0,0.0
2007-09-11 00:00:00+09:00,1595.548477023947,1650.0183567542815,1595.548477023947,1631.5823974609375,13500,0.0,0.0
2007-09-12 00:00:00+09:00,1608.9563466494847,1655.0462419962146,1608.9563466494847,1625.71630859375,19300,0.0,0.0
2007-09-13 00:00:00+09:00,1608.956347911227,1617.3363288899313,1592.1963859538184,1604.766357421875,15700,0.0,0.0
2007-09-14 00:00:00+09:00,1579.626494902536,1621.5264019291285,1579.626494902536,1616.4984130859375,16400,0.0,0.0
2007-09-18 00:00:00+09:00,1593.0346100545269,1600.5765940053375,1580.464636803176,1589.6826171875,7500,0.0,0.0
2007-09-19 00:00:00+09:00,1531.8606422061011,1550.2966017950148,1531.8606422061011,1548.62060546875,16400,0.0,0.0
2007-09-20 00:00:00+09:00,1441.3569992426428,1465.6589486484781,1422.921037624423,1452.2509765625,31400,0.0,0.0
2007-09-21 00:00:00+09:00,1425.4348256096996,1435.4908032154117,1406.998866665894,1412.02685546875,13500,0.0,0.0
2007-09-25 00:00:00+09:00,1386.8871915840807,1399.45716613016,1340.7972849151233,1357.5572509765625,8600,0.0,0.0
2007-09-26 00:00:00+09:00,1349.1770370989614,1424.596871470953,1349.1770370989614,1414.5408935546875,10600,0.0,0.0
2007-09-27 00:00:00+09:00,1441.3568290824583,1466.496773775757,1432.9768475180254,1456.4407958984375,15500,0.0,0.0
2007-09-28 00:00:00+09:00,1500.0167501100352,1508.3967319542253,1463.9828281800176,1487.44677734375,17100,0.0,0.0
2007-10-01 00:00:00+09:00,1505.044849627914,1541.916772447306,1491.6368776935894,1500.8548583984375,4600,0.0,0.0
2007-10-02 00:00:00+09:00,1747.226356128655,1755.6063386520536,1621.5266182776725,1692.7564697265625,60600,0.0,0.0
2007-10-03 00:00:00+09:00,1692.7563043908226,1734.656212915348,1592.196523931962,1655.04638671875,98600,0.0,0.0
2007-10-04 00:00:00+09:00,1654.2084878936068,1655.0464861144244,1636.610525256441,1646.66650390625,5800,0.0,0.0
2007-10-05 00:00:00+09:00,1663.4263743491238,1663.4263743491238,1639.1244273183306,1648.3424072265625,15900,0.0,0.0
2007-10-09 00:00:00+09:00,1639.124583927604,1655.0465507448964,1629.9066031386449,1643.3145751953125,25100,0.0,0.0
2007-10-10 00:00:00+09:00,1652.5323486328125,1659.2363338199639,1642.4763708520854,1652.5323486328125,21400,0.0,0.0
2007-10-11 00:00:00+09:00,1655.0464612935027,1684.3763985822484,1650.8564702522533,1673.482421875,32700,0.0,0.0
2007-10-12 00:00:00+09:00,1684.3764872031638,1709.5164347733603,1684.3764872031638,1692.7564697265625,23900,0.0,0.0
2007-10-15 00:00:00+09:00,1747.2261180752391,1747.2261180752391,1652.5323284625283,1658.3983154296875,22400,0.0,0.0
2007-10-16 00:00:00+09:00,1648.342357890843,1652.5323486328125,1648.342357890843,1652.5323486328125,22400,0.0,0.0
2007-10-17 00:00:00+09:00,1651.694226170337,1674.3201744740404,1593.0343601977731,1596.3863525390625,19600,0.0,0.0
2007-10-18 00:00:00+09:00,1599.7384677724344,1632.420395610635,1599.7384677724344,1631.5823974609375,18900,0.0,0.0
2007-10-19 00:00:00+09:00,1636.6102838575225,1636.6102838575225,1625.71630859375,1625.71630859375,18900,0.0,0.0
2007-10-22 00:00:00+09:00,1550.2966179905168,1673.4823492578714,1550.2966179905168,1669.2923583984375,15000,0.0,0.0
2007-10-23 00:00:00+09:00,1714.5441983633668,1722.086181640625,1714.5441983633668,1722.086181640625,15000,0.0,0.0
2007-10-24 00:00:00+09:00,1726.276461314006,1751.4164097797438,1726.276461314006,1738.846435546875,15200,0.0,0.0
2007-10-25 00:00:00+09:00,1813.4280622686504,1839.406005859375,1813.4280622686504,1839.406005859375,15200,0.0,0.0
2007-10-26 00:00:00+09:00,1890.523765485802,1890.523765485802,1881.3057861328125,1881.3057861328125,15200,0.0,0.0
2007-10-29 00:00:00+09:00,1902.2559855485163,1994.435791015625,1902.2559855485163,1994.435791015625,23000,0.0,0.0
2007-10-30 00:00:00+09:00,1977.6758263852416,1994.435791015625,1977.6758263852416,1994.435791015625,23000,0.0,0.0
2007-10-31 00:00:00+09:00,1994.435791015625,1998.6257821732208,1906.445976706112,1994.435791015625,18100,0.0,0.0
2007-11-01 00:00:00+09:00,1994.4356426963727,2036.3355511563805,1990.2456518503718,2007.005615234375,32000,0.0,0.0
2007-11-02 00:00:00+09:00,1940.8036686405253,1973.485595703125,1940.8036686405253,1973.485595703125,32000,0.0,0.0
2007-11-05 00:00:00+09:00,1973.4858542994448,2040.5257134688527,1889.686030337685,1910.635986328125,21800,0.0,0.0
2007-11-06 00:00:00+09:00,1963.4297697590443,1963.4297697590443,1939.9658203125,1939.9658203125,21800,0.0,0.0
2007-11-07 00:00:00+09:00,1919.0155023847308,1919.0155023847308,1860.3556398664202,1877.1156005859375,22400,0.0,0.0
2007-11-08 00:00:00+09:00,1877.115697754989,1889.6856689453125,1877.115697754989,1889.6856689453125,22400,0.0,0.0
2007-11-09 00:00:00+09:00,1990.2455796756506,2002.8155517578125,1990.2455796756506,2002.8155517578125,22400,0.0,0.0
2007-11-12 00:00:00+09:00,1948.3460253800333,1948.3460253800333,1931.5860595703125,1931.5860595703125,22400,0.0,0.0
2007-11-13 00:00:00+09:00,1960.0773327583875,1960.0773327583875,1935.775390625,1935.775390625,22400,0.0,0.0
2007-11-14 00:00:00+09:00,1978.5138021348398,1986.0557861328125,1978.5138021348398,1986.0557861328125,22400,0.0,0.0
2007-11-15 00:00:00+09:00,1994.4356014784946,2011.195564516129,1948.345703125,1948.345703125,9700,0.0,0.0
2007-11-16 00:00:00+09:00,1948.3458022576945,1948.3458022576945,1939.9658203125,1939.9658203125,9700,0.0,0.0
2007-11-19 00:00:00+09:00,1910.6357862903226,1973.4856476814516,1910.6357862903226,1948.345703125,7900,0.0,0.0
2007-11-20 00:00:00+09:00,1946.6697068212366,1948.345703125,1946.6697068212366,1948.345703125,7900,0.0,0.0
2007-11-21 00:00:00+09:00,1970.9719792231563,1970.9719792231563,1931.5860595703125,1931.5860595703125,7900,0.0,0.0
2007-11-22 00:00:00+09:00,1931.5854006020022,1935.775390625,1931.5854006020022,1935.775390625,7900,0.0,0.0
2007-11-26 00:00:00+09:00,1935.7758971256994,1969.295826080257,1931.58590600638,1965.1058349609375,5100,0.0,0.0
2007-11-27 00:00:00+09:00,1965.105686769647,1977.6756591796873,1956.7257051629533,1977.6756591796875,13000,0.0,0.0
2007-11-28 00:00:00+09:00,1948.3458704836587,1965.1058349609375,1948.3458704836587,1965.1058349609375,13000,0.0,0.0
2007-11-29 00:00:00+09:00,1953.3738598268421,1965.1058349609375,1953.3738598268421,1965.1058349609375,13000,0.0,0.0
2007-11-30 00:00:00+09:00,1964.1225387661407,2011.195068359375,1964.1225387661407,2011.195068359375,13000,0.0,0.0
2007-12-03 00:00:00+09:00,2053.9331175298807,2103.375,2053.9331175298807,2103.375,13000,0.0,0.0
2007-12-04 00:00:00+09:00,2103.3751960968875,2103.3751960968875,2086.615234375,2086.615234375,13000,0.0,0.0
2007-12-05 00:00:00+09:00,2036.335151176948,2036.335151176948,1935.775390625,1935.775390625,14100,0.0,0.0
2007-12-06 00:00:00+09:00,1935.7757361778847,1935.7757361778847,1906.44580078125,1906.44580078125,14100,0.0,0.0
2007-12-07 00:00:00+09:00,1914.825977526213,1914.825977526213,1872.9260655453331,1910.635986328125,6200,0.0,0.0
2007-12-10 00:00:00+09:00,1841.9201893872892,1864.546142578125,1841.9201893872892,1864.546142578125,6200,0.0,0.0
2007-12-11 00:00:00+09:00,1843.5959967611047,1856.1659694662942,1835.2160149576453,1839.406005859375,23400,0.0,0.0
2007-12-12 00:00:00+09:00,1831.0259776849857,1835.2159684806036,1822.64599609375,1822.64599609375,7600,0.0,0.0
2007-12-13 00:00:00+09:00,1744.7122050164974,1744.7122050164974,1726.2762451171875,1726.2762451171875,7600,0.0,0.0
2007-12-14 00:00:00+09:00,1755.606128455349,1759.7961192153857,1730.4661838951292,1751.4161376953125,12700,0.0,0.0
2007-12-17 00:00:00+09:00,1746.3882746292372,1746.3882746292372,1730.46630859375,1730.46630859375,12700,0.0,0.0
2007-12-18 00:00:00+09:00,1730.4664709472656,1730.4664709472656,1670.968592285156,1675.99658203125,8000,0.0,0.0
2007-12-19 00:00:00+09:00,1676.834286719724,1680.186279296875,1676.834286719724,1680.186279296875,12700,0.0,0.0
2007-12-20 00:00:00+09:00,1688.5663896234978,1692.7563806647472,1659.2364523347521,1673.482421875,6700,0.0,0.0
2007-12-21 00:00:00+09:00,1610.6323428439111,1625.71630859375,1610.6323428439111,1625.71630859375,6700,0.0,0.0
2007-12-25 00:00:00+09:00,1660.912463122302,1674.3204345703125,1660.912463122302,1674.3204345703125,6700,0.0,0.0
2007-12-26 00:00:00+09:00,1675.996504679765,1692.7564697265625,1675.996504679765,1692.7564697265625,6700,0.0,0.0
2007-12-27 00:00:00+09:00,1696.108462735922,1696.108462735922,1692.7564697265625,1692.7564697265625,6700,0.0,0.0
2007-12-28 00:00:00+09:00,1717.8964965820312,1717.8964965820312,1675.99658203125,1675.99658203125,2900,0.0,0.0
2008-01-04 00:00:00+09:00,1675.9961186623086,1680.1861089589645,1625.7162351024394,1642.4761962890625,5200,0.0,0.0
2008-01-07 00:00:00+09:00,1608.9564174986863,1608.9564174986863,1594.71044921875,1594.71044921875,8200,0.0,0.0
2008-01-08 00:00:00+09:00,1574.59846346054,1613.984375,1574.59846346054,1613.984375,8200,0.0,0.0
2008-01-09 00:00:00+09:00,1606.4424353995553,1616.4984130859375,1593.0344651510457,1616.4984130859375,5900,0.0,0.0
2008-01-10 00:00:00+09:00,1592.1964548164083,1607.2804212304586,1592.1964548164083,1594.71044921875,3900,0.0,0.0
2008-01-11 00:00:00+09:00,1577.112571925996,1585.4925537109375,1577.112571925996,1585.4925537109375,3900,0.0,0.0
2008-01-15 00:00:00+09:00,1587.1685178218465,1587.1685178218465,1463.9827880859375,1463.9827880859375,3900,0.0,0.0
2008-01-16 00:00:00+09:00,1388.5628188821872,1405.322780486076,1350.8529052734375,1350.8529052734375,15000,0.0,0.0
2008-01-17 00:00:00+09:00,1324.8750559552116,1381.0209311917702,1313.9810801630435,1349.177001953125,16800,0.0,0.0
2008-01-18 00:00:00+09:00,1285.4890801427323,1340.7969545165395,1285.4890801427323,1317.3330078125,13900,0.0,0.0
2008-01-21 00:00:00+09:00,1308.9530239928001,1308.9530239928001,1280.461088771446,1282.1370849609375,8800,0.0,0.0
2008-01-22 00:00:00+09:00,1280.4611663510102,1280.4611663510102,1240.2372553661617,1244.42724609375,6800,0.0,0.0
2008-01-23 00:00:00+09:00,1172.359543834013,1172.359543834013,1127.1076386395623,1139.6776123046875,26800,0.0,0.0
2008-01-24 00:00:00+09:00,1173.197448429803,1213.4213609473961,1173.197448429803,1190.79541015625,38800,0.0,0.0
2008-01-25 00:00:00+09:00,1148.057518115942,1172.35946557971,1148.057518115942,1156.4375,60900,0.0,0.0
2008-01-28 00:00:00+09:00,1144.705587672855,1202.5274658203125,1144.705587672855,1202.5274658203125,60900,0.0,0.0
2008-01-29 00:00:00+09:00,1232.695336834796,1290.5172119140625,1232.695336834796,1290.5172119140625,60900,0.0,0.0
2008-01-30 00:00:00+09:00,1329.9032735296164,1329.9032735296164,1270.4053955078125,1270.4053955078125,60900,0.0,0.0
2008-01-31 00:00:00+09:00,1350.8532521870322,1407.8371362743262,1316.4953220755754,1399.4571533203125,40500,0.0,0.0
2008-02-01 00:00:00+09:00,1350.8530815619927,1351.6910797515472,1283.8132263976258,1290.5172119140625,22200,0.0,0.0
2008-02-04 00:00:00+09:00,1375.9929275085942,1375.9929275085942,1348.3389892578125,1348.3389892578125,25700,0.0,0.0
2008-02-05 00:00:00+09:00,1370.9650816534559,1387.7250459768477,1365.9370923564384,1377.6690673828125,15000,0.0,0.0
2008-02-06 00:00:00+09:00,1353.3672594612026,1366.7752323103539,1349.177267945843,1357.5572509765625,17400,0.0,0.0
2008-02-07 00:00:00+09:00,1353.367079933091,1354.205078125,1353.367079933091,1354.205078125,17400,0.0,0.0
2008-02-08 00:00:00+09:00,1372.6409770336231,1406.9989013671875,1372.6409770336231,1406.9989013671875,17400,0.0,0.0
2008-02-12 00:00:00+09:00,1386.0490142637311,1396.9429907966382,1382.697021484375,1382.697021484375,9100,0.0,0.0
2008-02-13 00:00:00+09:00,1382.6971754916879,1441.3570556640625,1382.6971754916879,1441.3570556640625,20600,0.0,0.0
2008-02-14 00:00:00+09:00,1443.0327876477002,1457.2787559345823,1425.4348268227282,1447.2227783203125,8200,0.0,0.0
2008-02-15 00:00:00+09:00,1390.238889644378,1414.540835274087,1387.724895268891,1411.1888427734375,10400,0.0,0.0
2008-02-18 00:00:00+09:00,1400.2948435574876,1402.808837890625,1400.2948435574876,1402.808837890625,10400,0.0,0.0
2008-02-19 00:00:00+09:00,1401.9707035563438,1422.920654296875,1401.1327055267227,1422.920654296875,6600,0.0,0.0
2008-02-20 00:00:00+09:00,1468.1726134749483,1468.1726134749483,1419.5687255859375,1419.5687255859375,6600,0.0,0.0
2008-02-21 00:00:00+09:00,1395.2668748476867,1400.2948635858766,1390.238886109497,1396.94287109375,4800,0.0,0.0
2008-02-22 00:00:00+09:00,1413.7030942421259,1413.7030942421259,1383.53515625,1383.53515625,1000,0.0,0.0
2008-02-25 00:00:00+09:00,1390.2390302681965,1413.7029801461408,1390.2390302681965,1405.322998046875,3700,0.0,0.0
2008-02-26 00:00:00+09:00,1408.7359619140625,1423.2414200318935,1407.8826996718371,1408.7359619140625,4900,30.0,0.0
2008-02-27 00:00:00+09:00,1408.736123319755,1435.187255859375,1408.736123319755,1435.187255859375,3700,0.0,0.0
2008-02-28 00:00:00+09:00,1408.7360748106062,1418.1219602272727,1407.029550189394,1407.8828125,16000,0.0,0.0
2008-02-29 00:00:00+09:00,1383.138296546465,1405.3231180826822,1382.2850341796875,1382.2850341796875,10000,0.0,0.0
2008-03-03 00:00:00+09:00,1366.0728759765625,1369.4859250108575,1366.0728759765625,1366.0728759765625,7300,0.0,0.0
2008-03-04 00:00:00+09:00,1366.0728482471986,1366.0728482471986,1363.5130615234375,1363.5130615234375,7300,0.0,0.0
2008-03-05 00:00:00+09:00,1377.1652902514109,1389.1109619140625,1377.1652902514109,1389.1109619140625,7300,0.0,0.0
2008-03-06 00:00:00+09:00,1387.4043432781843,1397.6434897230417,1382.2847700557556,1391.670654296875,3200,0.0,0.0
2008-03-07 00:00:00+09:00,1391.6709202142408,1391.6709202142408,1382.2850341796875,1382.2850341796875,3200,0.0,0.0
2008-03-10 00:00:00+09:00,1376.3120230794473,1378.0185475965948,1352.4206798393825,1366.0728759765625,6400,0.0,0.0
2008-03-11 00:00:00+09:00,1373.7521494333764,1380.5782470703125,1373.7521494333764,1380.5782470703125,6900,0.0,0.0
2008-03-12 00:00:00+09:00,1381.4315294171981,1381.4315294171981,1371.1923828125,1371.1923828125,6900,0.0,0.0
2008-03-13 00:00:00+09:00,1371.192470334611,1371.192470334611,1356.68701171875,1356.68701171875,6900,0.0,0.0
2008-03-14 00:00:00+09:00,1356.6869144545726,1385.6978296064315,1356.6869144545726,1381.4315185546875,14700,0.0,0.0
2008-03-17 00:00:00+09:00,1372.8990202603275,1390.8175282935574,1366.0729219619543,1370.3392333984375,5500,0.0,0.0
2008-03-18 00:00:00+09:00,1388.2575922760868,1424.0946044921875,1388.2575922760868,1424.0946044921875,4900,0.0,0.0
2008-03-19 00:00:00+09:00,1470.170721492857,1470.170721492857,1453.958740234375,1453.958740234375,4900,0.0,0.0
2008-03-21 00:00:00+09:00,1431.7739833984374,1493.2088623046875,1431.7739833984374,1493.2088623046875,4900,0.0,0.0
2008-03-24 00:00:00+09:00,1494.062449325315,1500.8885484655789,1467.6113151567913,1477.8504638671875,3600,0.0,0.0
2008-03-25 00:00:00+09:00,1505.1546880486305,1518.806884765625,1499.1818519849455,1518.806884765625,3200,0.0,0.0
2008-03-26 00:00:00+09:00,1531.6057326858108,1578.53515625,1527.3394214527027,1578.53515625,5300,0.0,0.0
2008-03-27 00:00:00+09:00,1578.5351341027715,1621.1982458352788,1578.5351341027715,1599.013427734375,3200,0.0,0.0
2008-03-28 00:00:00+09:00,1646.7960668756057,1654.4754267729531,1638.2634447674418,1651.0623779296875,4000,0.0,0.0
2008-03-31 00:00:00+09:00,1606.6928894852454,1608.3994140625,1606.6928894852454,1608.3994140625,4000,0.0,0.0
2008-04-01 00:00:00+09:00,1611.8125,1611.8125,1611.8125,1611.8125,4000,0.0,0.0
2008-04-02 00:00:00+09:00,1628.0243325096933,1628.0243325096933,1607.5460390190053,1609.2525634765625,3400,0.0,0.0
2008-04-03 00:00:00+09:00,1580.2415904725399,1580.2415904725399,1547.817626953125,1547.817626953125,3400,0.0,0.0
2008-04-04 00:00:00+09:00,1534.1654608952763,1539.2850341796875,1534.1654608952763,1539.2850341796875,3400,0.0,0.0
2008-04-07 00:00:00+09:00,1540.1382792575723,1544.4045902804464,1526.486083984375,1526.486083984375,1900,0.0,0.0
2008-04-08 00:00:00+09:00,1551.2306677246092,1551.2306677246092,1527.3393263075086,1535.8719482421875,1300,0.0,0.0
2008-04-09 00:00:00+09:00,1565.736328125,1565.736328125,1565.736328125,1565.736328125,1300,0.0,0.0
2008-04-10 00:00:00+09:00,1565.7359525962297,1565.7359525962297,1553.790283203125,1553.790283203125,1300,0.0,0.0
2008-04-11 00:00:00+09:00,1572.5622225613063,1574.268746948242,1535.8719482421875,1535.8719482421875,5200,0.0,0.0
2008-04-14 00:00:00+09:00,1537.5785154971777,1629.7308349609375,1537.5785154971777,1629.7308349609375,5200,0.0,0.0
2008-04-15 00:00:00+09:00,1680.073311950967,1697.9918185791898,1652.7689208984375,1652.7689208984375,5200,0.0,0.0
2008-04-16 00:00:00+09:00,1666.4214049512468,1668.1279296875,1666.4214049512468,1668.1279296875,5200,0.0,0.0
2008-04-17 00:00:00+09:00,1706.5244603335411,1710.790771484375,1706.5244603335411,1710.790771484375,5200,0.0,0.0
2008-04-18 00:00:00+09:00,1647.6494534463407,1647.6494534463407,1594.7471923828125,1594.7471923828125,5200,0.0,0.0
2008-04-21 00:00:00+09:00,1593.8938654357714,1593.8938654357714,1588.7742919921875,1588.7742919921875,5200,0.0,0.0
2008-04-22 00:00:00+09:00,1594.7471147546328,1610.1058349609375,1594.7471147546328,1610.1058349609375,5200,0.0,0.0
2008-04-23 00:00:00+09:00,1595.6004431652048,1606.6928526631445,1591.3341318198432,1604.986328125,6700,0.0,0.0
2008-04-24 00:00:00+09:00,1663.0081010765305,1663.0081010765305,1622.051513671875,1622.051513671875,5800,0.0,0.0
2008-04-25 00:00:00+09:00,1687.7529114016638,1701.4051088649735,1672.3941892554403,1686.04638671875,19200,0.0,0.0
2008-04-28 00:00:00+09:00,1747.481125,1747.481125,1706.5245361328125,1706.5245361328125,19200,0.0,0.0
2008-04-30 00:00:00+09:00,1700.5515879704403,1774.785400390625,1700.5515879704403,1774.785400390625,19200,0.0,0.0
2008-05-01 00:00:00+09:00,1757.7202183314732,1791.8507080078125,1757.7202183314732,1791.8507080078125,11300,0.0,0.0
2008-05-02 00:00:00+09:00,1790.997491846515,1796.1170654296875,1790.997491846515,1796.1170654296875,11300,0.0,0.0
2008-05-07 00:00:00+09:00,1834.5138236072576,1847.3127572603314,1791.8507114303445,1825.981201171875,7800,0.0,0.0
2008-05-08 00:00:00+09:00,1877.1771394576149,1877.1771394576149,1855.8455810546875,1855.8455810546875,6700,0.0,0.0
2008-05-09 00:00:00+09:00,1902.77490234375,1902.77490234375,1902.77490234375,1902.77490234375,6700,0.0,0.0
2008-05-12 00:00:00+09:00,1843.0465087890625,1843.0465087890625,1843.0465087890625,1843.0465087890625,6700,0.0,0.0
2008-05-13 00:00:00+09:00,1872.0574599740753,1902.77490234375,1872.0574599740753,1902.77490234375,6700,0.0,0.0
2008-05-14 00:00:00+09:00,1917.2801791992188,1919.8399658203125,1917.2801791992188,1919.8399658203125,6700,0.0,0.0
2008-05-15 00:00:00+09:00,1930.9324777103504,1930.9324777103504,1872.9106445312502,1872.91064453125,6700,0.0,0.0
2008-05-16 00:00:00+09:00,1948.376122949838,1949.704345703125,1948.376122949838,1949.704345703125,6700,0.0,0.0
2008-05-19 00:00:00+09:00,1903.628241195847,1932.63916015625,1903.628241195847,1932.63916015625,6700,0.0,0.0
2008-05-20 00:00:00+09:00,1872.910475918147,1898.5083411926548,1868.6441650390625,1868.6441650390625,8200,0.0,0.0
2008-05-21 00:00:00+09:00,1791.8507982336957,1791.8507982336957,1766.2529296875,1766.2529296875,8200,0.0,0.0
2008-05-22 00:00:00+09:00,1766.2529296875,1774.785552536232,1753.4539954144022,1766.2529296875,5300,0.0,0.0
2008-05-23 00:00:00+09:00,1772.2257656816123,1772.2257656816123,1766.2529296875,1766.2529296875,5300,0.0,0.0
2008-05-26 00:00:00+09:00,1750.8940415500151,1761.9864501953125,1750.8940415500151,1761.9864501953125,5300,0.0,0.0
2008-05-27 00:00:00+09:00,1761.9864210749247,1770.51904296875,1761.9864210749247,1770.51904296875,5300,0.0,0.0
2008-05-28 00:00:00+09:00,1791.850615140924,1791.850615140924,1783.3179931640625,1783.3179931640625,5300,0.0,0.0
2008-05-29 00:00:00+09:00,1810.6226623535156,1810.6226623535156,1808.9161376953125,1808.9161376953125,5300,0.0,0.0
2008-05-30 00:00:00+09:00,1884.8566985117366,1885.7099609375,1884.8566985117366,1885.7099609375,5300,0.0,0.0
2008-06-02 00:00:00+09:00,1914.7202241961302,1915.573486328125,1914.7202241961302,1915.573486328125,5300,0.0,0.0
2008-06-03 00:00:00+09:00,1855.845379695714,1864.3780021310965,1825.981201171875,1825.981201171875,3800,0.0,0.0
2008-06-04 00:00:00+09:00,1866.937708984375,1919.8399658203125,1866.937708984375,1919.8399658203125,3800,0.0,0.0
2008-06-05 00:00:00+09:00,1919.8401133219402,1919.8401133219402,1830.2475747002495,1843.0465087890625,2300,0.0,0.0
2008-06-06 00:00:00+09:00,1895.9488040393778,1902.77490234375,1895.9488040393778,1902.77490234375,2300,0.0,0.0
2008-06-09 00:00:00+09:00,1877.1768675386236,1919.8399781645014,1877.1768675386236,1898.5084228515625,6800,0.0,0.0
2008-06-10 00:00:00+09:00,1851.5790684780227,1851.5790684780227,1825.981201171875,1825.981201171875,6800,0.0,0.0
2008-06-11 00:00:00+09:00,1832.8074527019728,1851.5792236328125,1832.8074527019728,1851.5792236328125,6800,0.0,0.0
2008-06-12 00:00:00+09:00,1855.8453994785737,1872.9106445312502,1855.8453994785737,1872.91064453125,6800,0.0,0.0
2008-06-13 00:00:00+09:00,1872.0573822786164,1872.9106445312502,1872.0573822786164,1872.91064453125,6800,0.0,0.0
2008-06-16 00:00:00+09:00,1895.948653084891,1911.307373046875,1895.948653084891,1911.307373046875,6800,0.0,0.0
2008-06-17 00:00:00+09:00,1910.454166797323,1910.454166797323,1860.1116943359375,1860.1116943359375,6800,0.0,0.0
2008-06-18 00:00:00+09:00,1895.095490739729,1895.095490739729,1830.24755859375,1830.24755859375,6800,0.0,0.0
2008-06-19 00:00:00+09:00,1740.6548663403614,1783.3179758094877,1740.6548663403614,1770.51904296875,8500,0.0,0.0
2008-06-20 00:00:00+09:00,1766.2528861945145,1796.1170654296875,1766.2528861945145,1796.1170654296875,8500,0.0,0.0
2008-06-23 00:00:00+09:00,1790.9976287841798,1808.9161376953125,1790.9976287841798,1808.9161376953125,8500,0.0,0.0
2008-06-24 00:00:00+09:00,1808.915952845982,1808.915952845982,1774.7854631696428,1791.8507080078125,1900,0.0,0.0
2008-06-25 00:00:00+09:00,1785.0246742531106,1843.0465087890625,1785.0246742531106,1843.0465087890625,1900,0.0,0.0
2008-06-26 00:00:00+09:00,1784.1715301513673,1808.9161376953125,1784.1715301513673,1808.9161376953125,1900,0.0,0.0
2008-06-27 00:00:00+09:00,1824.274696131122,1872.9106445312502,1824.274696131122,1872.91064453125,1900,0.0,0.0
2008-06-30 00:00:00+09:00,1871.2040443559129,1877.1768798828125,1871.2040443559129,1877.1768798828125,1900,0.0,0.0
2008-07-01 00:00:00+09:00,1864.8047271870457,1864.8047271870457,1834.513916015625,1834.513916015625,1900,0.0,0.0
2008-07-02 00:00:00+09:00,1834.5140075683594,1834.5140075683594,1808.9161376953125,1808.9161376953125,1900,0.0,0.0
2008-07-03 00:00:00+09:00,1773.9322936727835,1834.513916015625,1773.9322936727835,1834.513916015625,1900,0.0,0.0
2008-07-04 00:00:00+09:00,1836.2202023580194,1868.6441650390625,1836.2202023580194,1868.6441650390625,1900,0.0,0.0
2008-07-07 00:00:00+09:00,1868.6443578579647,1868.6443578579647,1796.1170654296875,1796.1170654296875,1900,0.0,0.0
2008-07-08 00:00:00+09:00,1779.0516113882584,1779.0516113882584,1732.1221923828125,1732.1221923828125,1900,0.0,0.0
2008-07-09 00:00:00+09:00,1785.0246999547103,1785.0246999547103,1766.2529296875,1766.2529296875,1900,0.0,0.0
2008-07-10 00:00:00+09:00,1767.9594505731784,1767.9594505731784,1697.991943359375,1697.991943359375,1900,0.0,0.0
2008-07-11 00:00:00+09:00,1761.9865392736488,1766.2528505067569,1719.3234269425677,1736.388671875,14200,0.0,0.0
2008-07-14 00:00:00+09:00,1728.7094941018534,1728.7094941018534,1719.3236083984375,1719.3236083984375,14200,0.0,0.0
2008-07-15 00:00:00+09:00,1732.1223904079861,1744.921324327257,1723.5897677951389,1727.8560791015625,4600,0.0,0.0
2008-07-16 00:00:00+09:00,1719.3236083984375,1723.5899200818083,1715.0572967150667,1719.3236083984375,10500,0.0,0.0
2008-07-17 00:00:00+09:00,1742.3616013048936,1779.0518798828125,1742.3616013048936,1779.0518798828125,10500,0.0,0.0
2008-07-18 00:00:00+09:00,1726.1494701522436,1726.1494701522436,1663.861328125,1663.861328125,10500,0.0,0.0
2008-07-22 00:00:00+09:00,1638.2634982162458,1638.2634982162458,1535.8720295777305,1554.643798828125,22900,0.0,0.0
2008-07-23 00:00:00+09:00,1575.1220197961686,1637.410160340654,1575.1220197961686,1604.1329345703125,12800,0.0,0.0
2008-07-24 00:00:00+09:00,1631.437405658453,1633.9971923828125,1624.5629784201828,1633.9971923828125,12800,0.0,0.0
2008-07-25 00:00:00+09:00,1658.741737827035,1658.741737827035,1651.0623779296875,1651.0623779296875,12800,0.0,0.0
2008-07-28 00:00:00+09:00,1699.6985746549317,1719.3236083984375,1699.6985746549317,1719.3236083984375,4500,0.0,0.0
2008-07-29 00:00:00+09:00,1719.3236083984375,1744.9214784986623,1719.3236083984375,1719.3236083984375,6600,0.0,0.0
2008-07-30 00:00:00+09:00,1808.915969451832,1808.915969451832,1804.649658203125,1804.649658203125,6600,0.0,0.0
2008-07-31 00:00:00+09:00,1792.7039573184743,1813.1822509765625,1792.7039573184743,1813.1822509765625,6600,0.0,0.0
2008-08-01 00:00:00+09:00,1809.7692801581488,1843.0465087890625,1809.7692801581488,1843.0465087890625,6600,0.0,0.0
2008-08-04 00:00:00+09:00,1868.644516096444,1868.644516096444,1843.046646012931,1855.8455810546875,3900,0.0,0.0
2008-08-05 00:00:00+09:00,1869.592379291454,1872.9106445312502,1869.592379291454,1872.91064453125,3900,0.0,0.0
2008-08-06 00:00:00+09:00,1857.5519674230507,1857.5519674230507,1843.0465087890625,1843.0465087890625,3900,0.0,0.0
2008-08-07 00:00:00+09:00,1690.3124817939142,1744.9212646484375,1690.3124817939142,1744.9212646484375,3900,0.0,0.0
2008-08-08 00:00:00+09:00,1814.0354375275087,1817.448486328125,1814.0354375275087,1817.448486328125,3900,0.0,0.0
2008-08-11 00:00:00+09:00,1804.6496686237613,1817.448602443788,1749.1876220703125,1749.1876220703125,6000,0.0,0.0
2008-08-12 00:00:00+09:00,1783.3182058982477,1783.3182058982477,1757.7203369140625,1757.7203369140625,6000,0.0,0.0
2008-08-13 00:00:00+09:00,1756.867044553895,1766.2529296875,1756.867044553895,1766.2529296875,6000,0.0,0.0
2008-08-14 00:00:00+09:00,1762.8398015202704,1762.8398015202704,1736.388671875,1736.388671875,6000,0.0,0.0
2008-08-15 00:00:00+09:00,1707.377715037493,1707.377715037493,1698.8450927734375,1698.8450927734375,6000,0.0,0.0
2008-08-18 00:00:00+09:00,1749.1875171430463,1770.5190722301566,1732.122273073358,1761.9864501953125,10700,0.0,0.0
2008-08-19 00:00:00+09:00,1720.1766796875,1791.8507080078125,1720.1766796875,1791.8507080078125,10700,0.0,0.0
2008-08-20 00:00:00+09:00,1744.921324327257,1744.921324327257,1710.7908338758682,1727.8560791015625,7200,0.0,0.0
2008-08-21 00:00:00+09:00,1736.3887155151367,1766.252894897461,1706.5245361328125,1706.5245361328125,15400,0.0,0.0
2008-08-22 00:00:00+09:00,1707.3777264359528,1744.9212646484375,1707.3777264359528,1744.9212646484375,15400,0.0,0.0
2008-08-25 00:00:00+09:00,1745.7747408353366,1745.7747408353366,1719.3236083984375,1719.3236083984375,15400,0.0,0.0
2008-08-26 00:00:00+09:00,1701.404754488339,1732.1221923828125,1672.3938409213363,1732.1221923828125,12800,0.0,0.0
2008-08-27 00:00:00+09:00,1707.3777848307293,1727.8560791015625,1707.3777848307293,1727.8560791015625,12800,0.0,0.0
2008-08-28 00:00:00+09:00,1703.1115078242835,1703.1115078242835,1697.138671875,1697.138671875,12800,0.0,0.0
2008-08-29 00:00:00+09:00,1697.9918867902056,1749.1876220703125,1697.9918867902056,1749.1876220703125,12800,0.0,0.0
2008-09-01 00:00:00+09:00,1736.3887155151367,1736.3887155151367,1706.5245361328125,1706.5245361328125,8400,0.0,0.0
2008-09-02 00:00:00+09:00,1663.8613633141274,1668.1276745021123,1622.051513671875,1622.051513671875,5400,0.0,0.0
2008-09-03 00:00:00+09:00,1661.301448483811,1661.301448483811,1655.32861328125,1655.32861328125,5400,0.0,0.0
2008-09-04 00:00:00+09:00,1656.1820206925677,1736.388671875,1656.1820206925677,1736.388671875,5400,0.0,0.0
2008-09-05 00:00:00+09:00,1683.4864524374204,1683.4864524374204,1672.39404296875,1672.39404296875,5400,0.0,0.0
2008-09-08 00:00:00+09:00,1719.3234142735826,1719.3234142735826,1680.9266134585396,1701.4049072265625,8100,0.0,0.0
2008-09-09 00:00:00+09:00,1668.1276536885664,1670.6874403694185,1621.1982312062794,1631.4373779296875,7400,0.0,0.0
2008-09-10 00:00:00+09:00,1698.8451460956935,1727.8560627040579,1696.285359336132,1715.05712890625,6800,0.0,0.0
2008-09-11 00:00:00+09:00,1722.7364921755907,1749.1876220703125,1722.7364921755907,1749.1876220703125,6800,0.0,0.0
2008-09-12 00:00:00+09:00,1715.0572034530057,1715.0572034530057,1676.660400390625,1676.660400390625,6800,0.0,0.0
2008-09-16 00:00:00+09:00,1613.5190643310548,1638.263671875,1613.5190643310548,1638.263671875,6800,0.0,0.0
2008-09-17 00:00:00+09:00,1614.3722645749328,1614.3722645749328,1580.2417727234542,1587.06787109375,9200,0.0,0.0
2008-09-18 00:00:00+09:00,1587.06787109375,1666.4212646484375,1587.06787109375,1666.4212646484375,9200,0.0,0.0
2008-09-19 00:00:00+09:00,1776.492107502465,1776.492107502465,1757.7203369140625,1757.7203369140625,9200,0.0,0.0
2008-09-22 00:00:00+09:00,1791.8509070157413,1791.8509070157413,1719.3236083984375,1719.3236083984375,9200,0.0,0.0
2008-09-24 00:00:00+09:00,1692.0190059590545,1692.0190059590545,1688.60595703125,1688.60595703125,9200,0.0,0.0
2008-09-25 00:00:00+09:00,1700.5517302086605,1700.5517302086605,1697.991943359375,1697.991943359375,9200,0.0,0.0
2008-09-26 00:00:00+09:00,1757.7204135487748,1757.7204135487748,1719.3236083984375,1719.3236083984375,9200,0.0,0.0
2008-09-29 00:00:00+09:00,1796.970260806655,1796.970260806655,1744.9212646484375,1744.9212646484375,9200,0.0,0.0
2008-09-30 00:00:00+09:00,1678.3668105444874,1744.9212646484375,1678.3668105444874,1744.9212646484375,9200,0.0,0.0
2008-10-01 00:00:00+09:00,1744.9212229802058,1774.785400390625,1744.9212229802058,1774.785400390625,9200,0.0,0.0
2008-10-02 00:00:00+09:00,1740.654999523628,1749.1876220703125,1706.52450933689,1749.1876220703125,3200,0.0,0.0
2008-10-03 00:00:00+09:00,1682.6330473506468,1682.6330473506468,1681.77978515625,1681.77978515625,3200,0.0,0.0
2008-10-06 00:00:00+09:00,1673.2471188889335,1673.2471188889335,1655.32861328125,1655.32861328125,3200,0.0,0.0
2008-10-07 00:00:00+09:00,1588.7741577148438,1621.1981201171875,1588.7741577148438,1621.1981201171875,3200,0.0,0.0
2008-10-08 00:00:00+09:00,1564.02976744301,1564.02976744301,1517.100341796875,1517.100341796875,3200,0.0,0.0
2008-10-09 00:00:00+09:00,1468.4644373064211,1494.9155689487795,1442.0133056640625,1442.0133056640625,8200,0.0,0.0
2008-10-10 00:00:00+09:00,1328.5293438588972,1328.5293438588972,1186.0345458984375,1186.0345458984375,8200,0.0,0.0
2008-10-14 00:00:00+09:00,1355.833749447229,1356.68701171875,1355.833749447229,1356.68701171875,8200,0.0,0.0
2008-10-15 00:00:00+09:00,1440.3066500845798,1497.4752197265625,1440.3066500845798,1497.4752197265625,8200,0.0,0.0
2008-10-16 00:00:00+09:00,1407.029679361979,1523.0733642578125,1407.029679361979,1523.0733642578125,8200,0.0,0.0
2008-10-17 00:00:00+09:00,1584.5080585067499,1618.6385498046875,1584.5080585067499,1618.6385498046875,8200,0.0,0.0
2008-10-20 00:00:00+09:00,1750.0407674543026,1783.3179931640625,1750.0407674543026,1783.3179931640625,8200,0.0,0.0
2008-10-21 00:00:00+09:00,1808.9160474200582,1834.513916015625,1808.9160474200582,1834.513916015625,8200,0.0,0.0
2008-10-22 00:00:00+09:00,1808.9161376953125,1808.9161376953125,1808.9161376953125,1808.9161376953125,8200,0.0,0.0
2008-10-23 00:00:00+09:00,1794.41052156774,1794.41052156774,1749.1876220703125,1749.1876220703125,8200,0.0,0.0
2008-10-24 00:00:00+09:00,1771.3724070331837,1771.3724070331837,1723.5897216796875,1723.5897216796875,8200,0.0,0.0
2008-10-27 00:00:00+09:00,1723.5897677951389,1727.8560791015625,1723.5897677951389,1727.8560791015625,8200,0.0,0.0
2008-10-28 00:00:00+09:00,1665.56806640625,1665.56806640625,1638.263671875,1638.263671875,8200,0.0,0.0
2008-10-29 00:00:00+09:00,1638.2634036144577,1770.51904296875,1638.2634036144577,1770.51904296875,8200,0.0,0.0
2008-10-30 00:00:00+09:00,1803.7962683546687,1803.7962683546687,1770.51904296875,1770.51904296875,8200,0.0,0.0
2008-10-31 00:00:00+09:00,1773.9324633351982,1773.9324633351982,1668.1279296875,1668.1279296875,8200,0.0,0.0
2008-11-04 00:00:00+09:00,1669.8342134021577,1702.2581787109375,1669.8342134021577,1702.2581787109375,7400,0.0,0.0
2008-11-05 00:00:00+09:00,1703.1114348493302,1791.8507080078125,1703.1114348493302,1791.8507080078125,7400,0.0,0.0
2008-11-06 00:00:00+09:00,1792.7040765629683,1792.7040765629683,1779.0518798828125,1779.0518798828125,7400,0.0,0.0
2008-11-07 00:00:00+09:00,1786.7311140214317,1786.7311140214317,1744.9212646484375,1744.9212646484375,7400,0.0,0.0
2008-11-10 00:00:00+09:00,1773.0790242717492,1773.0790242717492,1697.991943359375,1697.991943359375,7400,0.0,0.0
2008-11-11 00:00:00+09:00,1657.888632539843,1665.5679931640625,1657.888632539843,1665.5679931640625,7400,0.0,0.0
2008-11-12 00:00:00+09:00,1664.7147241991986,1667.2745110636772,1646.796216147849,1653.622314453125,8200,0.0,0.0
2008-11-13 00:00:00+09:00,1652.768961694782,1652.768961694782,1633.9971923828125,1633.9971923828125,8200,0.0,0.0
2008-11-14 00:00:00+09:00,1635.703576981394,1635.703576981394,1621.1981201171875,1621.1981201171875,8200,0.0,0.0
2008-11-17 00:00:00+09:00,1666.421238884854,1744.921368929609,1666.421238884854,1697.991943359375,6600,0.0,0.0
2008-11-18 00:00:00+09:00,1732.1224225640585,1753.4539794921875,1732.1224225640585,1753.4539794921875,6600,0.0,0.0
2008-11-19 00:00:00+09:00,1750.0409462749094,1766.2529296875,1750.0409462749094,1766.2529296875,6600,0.0,0.0
2008-11-20 00:00:00+09:00,1768.8126985975728,1768.8126985975728,1674.1005859375,1674.1005859375,6600,0.0,0.0
2008-11-21 00:00:00+09:00,1674.9539033222975,1679.22021484375,1674.9539033222975,1679.22021484375,6600,0.0,0.0
2008-11-25 00:00:00+09:00,1651.0624887084962,1706.5245361328125,1651.0624887084962,1706.5245361328125,7300,0.0,0.0
2008-11-26 00:00:00+09:00,1707.37773548473,1707.37773548473,1689.459228515625,1689.459228515625,7300,0.0,0.0
2008-11-27 00:00:00+09:00,1721.883229920922,1749.1876220703125,1721.883229920922,1749.1876220703125,7300,0.0,0.0
2008-11-28 00:00:00+09:00,1750.894143540112,1750.894143540112,1715.05712890625,1715.05712890625,7300,0.0,0.0
2008-12-01 00:00:00+09:00,1715.0571588134767,1715.0571588134767,1706.5245361328125,1706.5245361328125,7300,0.0,0.0
2008-12-02 00:00:00+09:00,1706.5243164573521,1706.5243164573521,1630.583984375,1630.583984375,7300,0.0,0.0
2008-12-03 00:00:00+09:00,1684.3395112136316,1732.1221923828125,1684.3395112136316,1732.1221923828125,7300,0.0,0.0
2008-12-04 00:00:00+09:00,1717.6167878281647,1717.6167878281647,1680.926513671875,1680.926513671875,7300,0.0,0.0
2008-12-05 00:00:00+09:00,1733.8290681218982,1733.8290681218982,1719.3236083984375,1719.3236083984375,7300,0.0,0.0
2008-12-08 00:00:00+09:00,1708.2310606689452,1708.2310606689452,1706.5245361328125,1706.5245361328125,7300,0.0,0.0
2008-12-09 00:00:00+09:00,1700.5517002563477,1706.5245361328125,1700.5517002563477,1706.5245361328125,7300,0.0,0.0
2008-12-10 00:00:00+09:00,1708.2309772638985,1708.2309772638985,1698.8450927734375,1698.8450927734375,7300,0.0,0.0
2008-12-11 00:00:00+09:00,1666.4212048816246,1683.4864501953125,1666.4212048816246,1683.4864501953125,7300,0.0,0.0
2008-12-12 00:00:00+09:00,1666.4211481267755,1689.459228515625,1666.4211481267755,1689.459228515625,7300,0.0,0.0
2008-12-15 00:00:00+09:00,1666.4406115164716,1667.2742919921875,1666.4406115164716,1667.2742919921875,7300,0.0,0.0
2008-12-16 00:00:00+09:00,1658.7417059075342,1681.77978515625,1658.7417059075342,1681.77978515625,10200,0.0,0.0
2008-12-17 00:00:00+09:00,1683.486321601201,1683.486321601201,1660.4482421875,1660.4482421875,21600,0.0,0.0
2008-12-18 00:00:00+09:00,1686.8994857284042,1704.8179931640625,1686.8994857284042,1704.8179931640625,29000,0.0,0.0
2008-12-19 00:00:00+09:00,1706.5245336415817,1706.5245336415817,1672.39404296875,1672.39404296875,59400,0.0,0.0
2008-12-22 00:00:00+09:00,1672.3941650390625,1672.3941650390625,1638.263671875,1638.263671875,39500,0.0,0.0
2008-12-24 00:00:00+09:00,1650.209218493432,1650.209218493432,1558.91015625,1558.91015625,102300,0.0,0.0
2008-12-25 00:00:00+09:00,1647.7843074101395,1647.7843074101395,1646.7962646484375,1646.7962646484375,101700,0.0,0.0
2008-12-26 00:00:00+09:00,1633.9972934742707,1658.7419000073014,1597.307014821846,1643.3831787109375,29000,0.0,0.0
2008-12-29 00:00:00+09:00,1649.3559385721453,1659.5950856300167,1633.9972179853378,1647.6494140625,27000,0.0,0.0
2008-12-30 00:00:00+09:00,1668.9810140567974,1753.4539794921875,1668.9810140567974,1753.4539794921875,10900,0.0,0.0
2009-01-05 00:00:00+09:00,1757.720272216797,1757.720272216797,1706.5245361328125,1706.5245361328125,3300,0.0,0.0
2009-01-06 00:00:00+09:00,1705.6713424438917,1705.6713424438917,1656.18212890625,1656.18212890625,60000,0.0,0.0
2009-01-07 00:00:00+09:00,1708.2308517982221,1732.1221923828125,1708.2308517982221,1732.1221923828125,37600,0.0,0.0
2009-01-08 00:00:00+09:00,1703.1113962917298,1703.1113962917298,1686.8994140625,1686.8994140625,20300,0.0,0.0
2009-01-09 00:00:00+09:00,1692.872173782795,1692.872173782795,1691.1656494140625,1691.1656494140625,23300,0.0,0.0
2009-01-13 00:00:00+09:00,1697.9919353547643,1697.9919353547643,1561.469970703125,1561.469970703125,51100,0.0,0.0
2009-01-14 00:00:00+09:00,1591.3339646589527,1600.7198486328125,1591.3339646589527,1600.7198486328125,19400,0.0,0.0
2009-01-15 00:00:00+09:00,1598.1602322498786,1598.1602322498786,1593.8939208984375,1593.8939208984375,15300,0.0,0.0
2009-01-16 00:00:00+09:00,1564.8830474503886,1564.8830474503886,1564.02978515625,1564.02978515625,14200,0.0,0.0
2009-01-19 00:00:00+09:00,1541.8448208218933,1548.6709185344419,1535.8719853234134,1539.2850341796875,35000,0.0,0.0
2009-01-20 00:00:00+09:00,1551.2308613489613,1551.2308613489613,1519.66015625,1519.66015625,27100,0.0,0.0
2009-01-21 00:00:00+09:00,1494.9157618546983,1494.9157618546983,1471.0244140625,1471.0244140625,25500,0.0,0.0
2009-01-22 00:00:00+09:00,1471.8773830188925,1534.16552734375,1471.8773830188925,1534.16552734375,8200,0.0,0.0
2009-01-23 00:00:00+09:00,1487.235933922077,1487.235933922077,1484.6761474609375,1484.6761474609375,7700,0.0,0.0
2009-01-26 00:00:00+09:00,1485.5294096146506,1485.5294096146506,1484.6761474609375,1484.6761474609375,4300,0.0,0.0
2009-01-27 00:00:00+09:00,1503.447998046875,1503.447998046875,1503.447998046875,1503.447998046875,4800,0.0,0.0
2009-01-28 00:00:00+09:00,1504.3014558091675,1510.2742919921875,1504.3014558091675,1510.2742919921875,4500,0.0,0.0
2009-01-29 00:00:00+09:00,1547.8178148916943,1547.8178148916943,1508.5677490234375,1508.5677490234375,4200,0.0,0.0
2009-01-30 00:00:00+09:00,1509.4208123184665,1523.92626953125,1509.4208123184665,1523.92626953125,6000,0.0,0.0
2009-02-02 00:00:00+09:00,1482.1164785587086,1482.1164785587086,1450.5457763671875,1450.5457763671875,6000,0.0,0.0
2009-02-03 00:00:00+09:00,1372.045654296875,1372.045654296875,1372.045654296875,1372.045654296875,6700,0.0,0.0
2009-02-04 00:00:00+09:00,1373.7520357322921,1414.7086181640625,1373.7520357322921,1414.7086181640625,5500,0.0,0.0
2009-02-05 00:00:00+09:00,1413.8556486742425,1413.8556486742425,1407.8828125,1407.8828125,12300,0.0,0.0
2009-02-06 00:00:00+09:00,1385.697905775635,1385.697905775635,1377.165283203125,1377.165283203125,19000,0.0,0.0
2009-02-09 00:00:00+09:00,1308.0509682395243,1314.0238037109375,1308.0509682395243,1314.0238037109375,16900,0.0,0.0
2009-02-10 00:00:00+09:00,1356.6870025000983,1356.6870025000983,1355.833740234375,1355.833740234375,9300,0.0,0.0
2009-02-12 00:00:00+09:00,1333.6487664399506,1333.6487664399506,1330.2357177734375,1330.2357177734375,11200,0.0,0.0
2009-02-13 00:00:00+09:00,1360.100060804835,1360.100060804835,1356.68701171875,1356.68701171875,8900,0.0,0.0
2009-02-16 00:00:00+09:00,1369.4033093663124,1369.4033093663124,1360.9534912109375,1360.9534912109375,5900,0.0,0.0
2009-02-17 00:00:00+09:00,1333.64906832441,1358.3936767578125,1333.64906832441,1358.3936767578125,3700,0.0,0.0
2009-02-18 00:00:00+09:00,1343.0349812953075,1360.9534912109375,1343.0349812953075,1360.9534912109375,3900,0.0,0.0
2009-02-19 00:00:00+09:00,1351.567544642857,1351.567544642857,1343.88818359375,1343.88818359375,12000,0.0,0.0
2009-02-20 00:00:00+09:00,1359.2467595256069,1365.2195952548468,1341.3282523378869,1364.3663330078125,11500,0.0,0.0
2009-02-23 00:00:00+09:00,1367.7792658959463,1367.7792658959463,1297.811767578125,1297.811767578125,8400,0.0,0.0
2009-02-24 00:00:00+09:00,1347.4264608036724,1347.4264608036724,1346.5560302734375,1346.5560302734375,5700,30.0,0.0
2009-02-25 00:00:00+09:00,1351.7787659962971,1351.7787659962971,1336.9814453125,1336.9814453125,4600,0.0,0.0
2009-02-26 00:00:00+09:00,1337.8516968732106,1337.8516968732106,1330.017822265625,1330.017822265625,5000,0.0,0.0
2009-02-27 00:00:00+09:00,1323.9248288149004,1334.3699951171875,1323.9248288149004,1334.3699951171875,5400,0.0,0.0
2009-03-02 00:00:00+09:00,1334.3701441949372,1334.3701441949372,1286.4964599609375,1286.4964599609375,3200,0.0,0.0
2009-03-03 00:00:00+09:00,1234.270454918236,1234.270454918236,1233.4000244140625,1233.4000244140625,6000,0.0,0.0
2009-03-04 00:00:00+09:00,1247.3269533131952,1247.3269533131952,1242.1043701171875,1242.1043701171875,2800,0.0,0.0
2009-03-05 00:00:00+09:00,1284.7554398748962,1309.9979248046875,1284.7554398748962,1309.9979248046875,11800,0.0,0.0
2009-03-06 00:00:00+09:00,1295.2006421481267,1312.6092529296875,1295.2006421481267,1312.6092529296875,5400,0.0,0.0
2009-03-09 00:00:00+09:00,1289.9781460209215,1289.9781460209215,1283.8851318359375,1283.8851318359375,4000,0.0,0.0
2009-03-10 00:00:00+09:00,1331.7586629044752,1331.7586629044752,1325.6656494140625,1325.6656494140625,1100,0.0,0.0
2009-03-11 00:00:00+09:00,1323.054581995224,1323.054581995224,1321.313720703125,1321.313720703125,2400,0.0,0.0
2009-03-12 00:00:00+09:00,1316.09091796875,1331.7586669921875,1316.09091796875,1331.7586669921875,2600,0.0,0.0
2009-03-13 00:00:00+09:00,1374.4097208916387,1375.2801513671875,1374.4097208916387,1375.2801513671875,14300,0.0,0.0
2009-03-16 00:00:00+09:00,1449.2667192889353,1451.0075802130061,1424.0242358899088,1443.1737060546875,2700,0.0,0.0
2009-03-17 00:00:00+09:00,1393.559273300171,1401.3931480407716,1391.8184122467042,1392.6888427734375,6200,0.0,0.0
2009-03-18 00:00:00+09:00,1428.3764608096026,1428.3764608096026,1422.283447265625,1422.283447265625,6300,0.0,0.0
2009-03-19 00:00:00+09:00,1422.2833813840048,1422.2833813840048,1403.1339111328125,1403.1339111328125,5700,0.0,0.0
2009-03-23 00:00:00+09:00,1430.9879150390625,1430.9879150390625,1430.9879150390625,1430.9879150390625,2200,0.0,0.0
2009-03-24 00:00:00+09:00,1429.2468347226938,1441.432861328125,1429.2468347226938,1441.432861328125,6800,0.0,0.0
2009-03-25 00:00:00+09:00,1441.4331283020458,1451.8782958984375,1441.4331283020458,1451.8782958984375,10300,0.0,0.0
2009-03-26 00:00:00+09:00,1479.7317378777118,1479.7317378777118,1474.5091552734375,1474.5091552734375,2500,0.0,0.0
2009-03-27 00:00:00+09:00,1517.1602346674526,1517.1602346674526,1482.343017578125,1482.343017578125,6000,0.0,0.0
2009-03-30 00:00:00+09:00,1482.3433375503078,1493.658935546875,1482.3433375503078,1493.658935546875,4000,0.0,0.0
2009-03-31 00:00:00+09:00,1495.399490275711,1495.399490275711,1480.6021728515625,1480.6021728515625,3200,0.0,0.0
2009-04-01 00:00:00+09:00,1437.0810005626668,1468.41650390625,1437.0810005626668,1468.41650390625,2300,0.0,0.0
2009-04-02 00:00:00+09:00,1469.2868182842549,1469.2868182842549,1448.396484375,1448.396484375,7100,0.0,0.0
2009-04-03 00:00:00+09:00,1431.8584046182752,1444.04443359375,1431.8584046182752,1444.04443359375,4400,0.0,0.0
2009-04-06 00:00:00+09:00,1419.6722682883524,1436.21044921875,1419.6722682883524,1436.21044921875,5600,0.0,0.0
2009-04-07 00:00:00+09:00,1437.0806752210747,1437.0806752210747,1418.8016357421875,1418.8016357421875,4200,0.0,0.0
2009-04-08 00:00:00+09:00,1377.8914045275355,1439.6919665752014,1377.8914045275355,1418.8016357421875,5600,0.0,0.0
2009-04-09 00:00:00+09:00,1424.894702043656,1427.5059934951717,1418.8016886567864,1419.672119140625,5400,0.0,0.0
2009-04-10 00:00:00+09:00,1421.4130167593426,1422.283447265625,1420.54258625306,1422.283447265625,14600,0.0,0.0
2009-04-13 00:00:00+09:00,1429.2469116732286,1429.2469116732286,1426.6356201171875,1426.6356201171875,7300,0.0,0.0
2009-04-14 00:00:00+09:00,1383.9845382787619,1383.9845382787619,1366.575927734375,1366.575927734375,21300,0.0,0.0
2009-04-15 00:00:00+09:00,1382.2437778580525,1388.3367919921875,1382.2437778580525,1388.3367919921875,6600,0.0,0.0
2009-04-16 00:00:00+09:00,1405.745214508685,1417.931241136005,1394.4296183547451,1395.300048828125,4700,0.0,0.0
2009-04-17 00:00:00+09:00,1397.0412674407046,1453.6192626953125,1397.0412674407046,1453.6192626953125,5600,0.0,0.0
2009-04-20 00:00:00+09:00,1471.0275886259883,1471.0275886259883,1444.9146728515625,1444.9146728515625,9600,0.0,0.0
2009-04-21 00:00:00+09:00,1451.0077105800501,1475.3797657067696,1444.9146967983702,1455.35986328125,9800,0.0,0.0
2009-04-22 00:00:00+09:00,1464.0641686836498,1464.0641686836498,1455.35986328125,1455.35986328125,10100,0.0,0.0
2009-04-23 00:00:00+09:00,1463.1937381434097,1463.1937381434097,1455.35986328125,1455.35986328125,5900,0.0,0.0
2009-04-24 00:00:00+09:00,1407.486112411708,1407.486112411708,1397.911376953125,1397.911376953125,5800,0.0,0.0
2009-04-27 00:00:00+09:00,1439.6923193271607,1452.748779296875,1432.7288740099798,1452.748779296875,9400,0.0,0.0
2009-04-28 00:00:00+09:00,1433.5990775299074,1433.5990775299074,1392.6888427734375,1392.6888427734375,5200,0.0,0.0
2009-04-30 00:00:00+09:00,1481.472793279218,1505.8448486328125,1481.472793279218,1505.8448486328125,7000,0.0,0.0
2009-05-01 00:00:00+09:00,1466.6753827284213,1496.27001953125,1466.6753827284213,1496.27001953125,3000,0.0,0.0
2009-05-07 00:00:00+09:00,1492.7884521484375,1492.7884521484375,1492.7884521484375,1492.7884521484375,200,0.0,0.0
2009-05-08 00:00:00+09:00,1490.1769510045988,1490.1769510045988,1443.1737060546875,1443.1737060546875,12500,0.0,0.0
2009-05-11 00:00:00+09:00,1444.0441188320792,1444.0441188320792,1418.8016357421875,1418.8016357421875,3500,0.0,0.0
2009-05-12 00:00:00+09:00,1418.802034846323,1453.6192626953125,1418.802034846323,1453.6192626953125,3000,0.0,0.0
2009-05-13 00:00:00+09:00,1455.3599069345767,1470.1572265625,1455.3599069345767,1470.1572265625,1400,0.0,0.0
2009-05-14 00:00:00+09:00,1419.672066193563,1424.024218450441,1418.8016357421875,1418.8016357421875,5000,0.0,0.0
2009-05-15 00:00:00+09:00,1426.635669229371,1426.635669229371,1421.4130859375,1421.4130859375,3100,0.0,0.0
2009-05-18 00:00:00+09:00,1413.579345703125,1413.579345703125,1413.579345703125,1413.579345703125,3300,0.0,0.0
2009-05-19 00:00:00+09:00,1420.5425140417672,1443.1737060546875,1420.5425140417672,1443.1737060546875,7600,0.0,0.0
2009-05-20 00:00:00+09:00,1444.0443042511636,1444.0443042511636,1431.8582763671875,1431.8582763671875,5800,0.0,0.0
2009-05-21 00:00:00+09:00,1430.1176230724486,1430.1176230724486,1429.2471923828125,1429.2471923828125,1500,0.0,0.0
2009-05-22 00:00:00+09:00,1422.2833575476898,1422.2833575476898,1418.8016357421875,1418.8016357421875,3000,0.0,0.0
2009-05-25 00:00:00+09:00,1417.06103515625,1417.06103515625,1417.06103515625,1417.06103515625,3800,0.0,0.0
2009-05-26 00:00:00+09:00,1415.3198610871318,1425.765026113605,1412.7085698305134,1417.93115234375,6900,0.0,0.0
2009-05-27 00:00:00+09:00,1425.7653046875,1425.7653046875,1414.44970703125,1414.44970703125,3200,0.0,0.0
2009-05-28 00:00:00+09:00,1435.33984375,1436.2102742192237,1431.858121873105,1435.33984375,2700,0.0,0.0
2009-05-29 00:00:00+09:00,1417.0607748394364,1418.8016357421875,1417.0607748394364,1418.8016357421875,2600,0.0,0.0
2009-06-01 00:00:00+09:00,1431.858150123531,1431.858150123531,1423.1538452595582,1425.76513671875,5400,0.0,0.0
2009-06-02 00:00:00+09:00,1426.6357352764423,1426.6357352764423,1414.44970703125,1414.44970703125,7500,0.0,0.0
2009-06-03 00:00:00+09:00,1417.859601862834,1417.859601862834,1414.44970703125,1414.44970703125,3100,0.0,0.0
2009-06-04 00:00:00+09:00,1429.246858664339,1429.246858664339,1425.76513671875,1425.76513671875,6400,0.0,0.0
2009-06-05 00:00:00+09:00,1418.801790544761,1418.801790544761,1415.320068359375,1415.320068359375,4500,0.0,0.0
2009-06-08 00:00:00+09:00,1420.542724609375,1420.542724609375,1420.542724609375,1420.542724609375,4100,0.0,0.0
2009-06-09 00:00:00+09:00,1419.672029332288,1419.672029332288,1416.1903076171875,1416.1903076171875,2400,0.0,0.0
2009-06-10 00:00:00+09:00,1422.2835857914943,1422.2835857914943,1420.542724609375,1420.542724609375,4600,0.0,0.0
2009-06-11 00:00:00+09:00,1417.93115234375,1419.6720131814957,1417.93115234375,1417.93115234375,2800,0.0,0.0
2009-06-12 00:00:00+09:00,1401.3932645166647,1412.7088623046875,1397.0411115212712,1412.7088623046875,11700,0.0,0.0
2009-06-15 00:00:00+09:00,1416.1906045449746,1424.8949106577281,1413.5793127111485,1417.06103515625,3700,0.0,0.0
2009-06-16 00:00:00+09:00,1397.911568310699,1418.8019030799749,1393.5594152337667,1397.0411376953125,8600,0.0,0.0
2009-06-17 00:00:00+09:00,1413.5792791193182,1413.5792791193182,1388.3367919921875,1388.3367919921875,4700,0.0,0.0
2009-06-18 00:00:00+09:00,1404.8747485201784,1418.8016357421875,1404.8747485201784,1418.8016357421875,6300,0.0,0.0
2009-06-19 00:00:00+09:00,1405.7453976927052,1417.931425907998,1405.7453976927052,1408.356689453125,10200,0.0,0.0
2009-06-22 00:00:00+09:00,1414.4495563815865,1417.931278366526,1397.911376953125,1397.911376953125,8300,0.0,0.0
2009-06-23 00:00:00+09:00,1387.4663414529284,1394.4297860775353,1382.2437579844732,1383.984619140625,12400,0.0,0.0
2009-06-24 00:00:00+09:00,1397.0409254903327,1397.0409254903327,1367.4462890625,1367.4462890625,9500,0.0,0.0
2009-06-25 00:00:00+09:00,1371.7984862051323,1383.984513366853,1357.8715980203085,1382.24365234375,9700,0.0,0.0
2009-06-26 00:00:00+09:00,1444.914804723141,1444.914804723141,1427.5061926180429,1430.9879150390625,10900,0.0,0.0
2009-06-29 00:00:00+09:00,1435.3398678497183,1440.5624507527493,1410.9678143022397,1419.672119140625,10200,0.0,0.0
2009-06-30 00:00:00+09:00,1431.858150123531,1436.2103025555175,1410.097387963599,1425.76513671875,13400,0.0,0.0
2009-07-01 00:00:00+09:00,1422.2833985863663,1444.9145909751335,1420.5425376333842,1427.5059814453125,9200,0.0,0.0
2009-07-02 00:00:00+09:00,1429.2467822118108,1449.2666823280542,1427.5059213321376,1440.5623779296875,5800,0.0,0.0
2009-07-03 00:00:00+09:00,1444.9145205158834,1474.5091552734375,1425.7650509668777,1474.5091552734375,12800,0.0,0.0
2009-07-06 00:00:00+09:00,1448.3965116279069,1505.8449309593022,1435.3400526889534,1497.140625,18800,0.0,0.0
2009-07-07 00:00:00+09:00,1497.1402636662203,1504.10370675304,1477.9907951774665,1503.2332763671875,20600,0.0,0.0
2009-07-08 00:00:00+09:00,1501.492692147032,1501.492692147032,1489.306664500621,1499.7518310546875,11400,0.0,0.0
2009-07-09 00:00:00+09:00,1497.1405230978262,1503.2335368546196,1489.3066482676631,1501.49267578125,10300,0.0,0.0
2009-07-10 00:00:00+09:00,1526.7352989214562,1526.7352989214562,1471.898170168861,1493.658935546875,11600,0.0,0.0
2009-07-13 00:00:00+09:00,1459.711925688244,1459.711925688244,1425.76513671875,1425.76513671875,6000,0.0,0.0
2009-07-14 00:00:00+09:00,1450.1373818986203,1451.0078125,1424.0244638572285,1451.0078125,3900,0.0,0.0
2009-07-15 00:00:00+09:00,1466.6755120386995,1466.6755120386995,1424.0244140625,1424.0244140625,5000,0.0,0.0
2009-07-16 00:00:00+09:00,1449.2668532643593,1469.2867557418851,1440.562547839348,1461.452880859375,7700,0.0,0.0
2009-07-17 00:00:00+09:00,1446.6559196403434,1464.9349655563767,1436.2107505454674,1449.2672119140625,8300,0.0,0.0
2009-07-21 00:00:00+09:00,1450.1373620061954,1458.8416679005902,1443.1739172906794,1446.6556396484375,4900,0.0,0.0
2009-07-22 00:00:00+09:00,1464.0642848912241,1475.3798828125,1446.6556727046461,1475.3798828125,4100,0.0,0.0
2009-07-23 00:00:00+09:00,1479.7318938841302,1479.7318938841302,1444.9146728515625,1444.9146728515625,8100,0.0,0.0
2009-07-24 00:00:00+09:00,1460.582275390625,1466.6752884584048,1444.9145275020487,1460.582275390625,3800,0.0,0.0
2009-07-27 00:00:00+09:00,1476.2500045874926,1482.343017578125,1451.8779526249632,1482.343017578125,4200,0.0,0.0
2009-07-28 00:00:00+09:00,1484.084074964404,1484.084074964404,1456.2302976043684,1461.452880859375,5500,0.0,0.0
2009-07-29 00:00:00+09:00,1486.69508059554,1486.69508059554,1453.6187263434144,1458.84130859375,4500,0.0,0.0
2009-07-30 00:00:00+09:00,1484.9542198454283,1485.824650220484,1456.2300174685822,1458.84130859375,5300,0.0,0.0
2009-07-31 00:00:00+09:00,1471.0278766198073,1471.0278766198073,1444.9149557330652,1453.6192626953125,6400,0.0,0.0
2009-08-03 00:00:00+09:00,1477.120581199578,1477.9910117129543,1449.2668047715365,1466.6754150390625,6700,0.0,0.0
2009-08-04 00:00:00+09:00,1466.6754641143816,1471.0276168268872,1451.0077143493615,1461.452880859375,4800,0.0,0.0
2009-08-05 00:00:00+09:00,1461.4528770629297,1467.5458908446096,1453.61900220077,1455.35986328125,4500,0.0,0.0
2009-08-06 00:00:00+09:00,1453.6189781097044,1455.3598391613327,1437.0807981192347,1444.9146728515625,13100,0.0,0.0
2009-08-07 00:00:00+09:00,1445.7849767999944,1445.7849767999944,1418.8016328621259,1438.821533203125,11300,0.0,0.0
2009-08-10 00:00:00+09:00,1441.4330856535812,1441.4330856535812,1431.8583489735151,1437.0809326171875,7400,0.0,0.0
2009-08-11 00:00:00+09:00,1441.433180656456,1452.748779296875,1440.5627499918082,1452.748779296875,3100,0.0,0.0
2009-08-12 00:00:00+09:00,1444.9146649904123,1446.6555260325695,1430.1173461320768,1432.7286376953125,10100,0.0,0.0
2009-08-13 00:00:00+09:00,1436.2103597796267,1444.9146649904123,1428.3764850899197,1432.7286376953125,4900,0.0,0.0
2009-08-14 00:00:00+09:00,1437.0807863413522,1444.914661009476,1421.413037005105,1426.6356201171875,15000,0.0,0.0
2009-08-17 00:00:00+09:00,1444.0441732113795,1445.7850341796875,1429.2468549807627,1445.7850341796875,5900,0.0,0.0
2009-08-18 00:00:00+09:00,1447.5260676390735,1475.3798464511303,1444.9147758754434,1472.7685546875,17300,0.0,0.0
2009-08-19 00:00:00+09:00,1478.8612958691922,1488.4360305687574,1467.5457003151607,1482.343017578125,8500,0.0,0.0
2009-08-20 00:00:00+09:00,1497.140534391108,1519.771728515625,1482.3432151558472,1519.771728515625,9600,0.0,0.0
2009-08-21 00:00:00+09:00,1518.9013435905267,1518.9013435905267,1491.9179959393484,1508.4561767578125,6800,0.0,0.0
2009-08-24 00:00:00+09:00,1512.8083331930225,1514.5491943359375,1497.1405829067887,1514.5491943359375,7100,0.0,0.0
2009-08-25 00:00:00+09:00,1498.881391739146,1513.6787109375,1498.881391739146,1513.6787109375,7000,0.0,0.0
2009-08-26 00:00:00+09:00,1461.4529733872273,1488.4363219131378,1445.7852226302468,1471.0277099609375,14700,0.0,0.0
2009-08-27 00:00:00+09:00,1471.0273853975184,1479.731689453125,1460.5822205307904,1479.731689453125,6200,0.0,0.0
2009-08-28 00:00:00+09:00,1483.2137582964601,1487.5659113431047,1472.7685909845134,1475.3798828125,4300,0.0,0.0
2009-08-31 00:00:00+09:00,1466.675398687186,1494.5291748046875,1465.8049681835141,1494.5291748046875,4100,0.0,0.0
2009-09-02 00:00:00+09:00,1471.8982264999815,1479.7321023358772,1453.6191828828912,1468.41650390625,6900,0.0,0.0
2009-09-03 00:00:00+09:00,1457.9711385382832,1471.0275964953423,1457.1007080078125,1457.1007080078125,3400,0.0,0.0
2009-09-04 00:00:00+09:00,1457.9709679739815,1479.731728690011,1457.9709679739815,1462.3231201171875,2600,0.0,0.0
2009-09-07 00:00:00+09:00,1462.3234103179364,1464.064271520696,1451.0078125,1451.0078125,3800,0.0,0.0
2009-09-08 00:00:00+09:00,1474.509055344757,1474.509055344757,1458.84130859375,1458.84130859375,2800,0.0,0.0
2009-09-09 00:00:00+09:00,1457.971198633622,1475.3798099605906,1453.6190458018798,1470.1572265625,1800,0.0,0.0
2009-09-10 00:00:00+09:00,1479.731985238882,1479.731985238882,1448.396484375,1448.396484375,9500,0.0,0.0
2009-09-11 00:00:00+09:00,1444.9149557330652,1471.0278766198073,1444.9149557330652,1453.6192626953125,14600,0.0,0.0
2009-09-14 00:00:00+09:00,1455.3597117456898,1464.9344466913851,1438.821533203125,1438.821533203125,5800,0.0,0.0
2009-09-15 00:00:00+09:00,1441.4330696421966,1471.0277099609375,1441.4330696421966,1471.0277099609375,4600,0.0,0.0
2009-09-16 00:00:00+09:00,1477.9908125952466,1498.8811421018931,1471.0273694263642,1481.4725341796875,6000,0.0,0.0
2009-09-17 00:00:00+09:00,1486.6955070718168,1492.7885214450619,1478.861631449073,1491.9180908203125,4000,0.0,0.0
2009-09-18 00:00:00+09:00,1490.177384868421,1491.0478155838816,1466.6757555509869,1488.4365234375,10300,0.0,0.0
2009-09-21 00:00:00+09:00,1488.4365234375,1488.4365234375,1488.4365234375,1488.4365234375,0,0.0,0.0
2009-09-24 00:00:00+09:00,1488.4359584263393,1523.253173828125,1477.9907938058036,1523.253173828125,6600,0.0,0.0
2009-09-25 00:00:00+09:00,1522.3829999175448,1522.3829999175448,1464.9345848263167,1515.4195556640625,3800,0.0,0.0
2009-09-28 00:00:00+09:00,1514.5490925523818,1522.382967169032,1470.1571363913636,1518.9012451171875,4700,0.0,0.0
2009-09-29 00:00:00+09:00,1483.2137582964601,1508.4562459669985,1464.9347155005532,1475.3798828125,6200,0.0,0.0
2009-09-30 00:00:00+09:00,1463.1938190625679,1504.9744873046875,1463.1938190625679,1504.9744873046875,2600,0.0,0.0
2009-10-01 00:00:00+09:00,1496.2700358120314,1497.1404663157034,1462.3232461688265,1494.5291748046875,2100,0.0,0.0
2009-10-02 00:00:00+09:00,1455.3599787979351,1479.7320358591446,1454.4895481886062,1475.3798828125,2500,0.0,0.0
2009-10-05 00:00:00+09:00,1455.3598176710243,1518.9012451171875,1439.6920684377237,1518.9012451171875,5200,0.0,0.0
2009-10-06 00:00:00+09:00,1502.3633531326366,1515.4198133278796,1452.7488043907128,1469.2869873046875,6300,0.0,0.0
2009-10-07 00:00:00+09:00,1446.6557121002415,1460.5826022287638,1436.2105445038499,1451.8782958984375,5300,0.0,0.0
2009-10-08 00:00:00+09:00,1410.9678467408373,1411.8382772446873,1383.1140706176377,1390.0775146484375,13000,0.0,0.0
2009-10-09 00:00:00+09:00,1404.004586123512,1404.004586123512,1370.92822265625,1370.92822265625,6400,0.0,0.0
2009-10-13 00:00:00+09:00,1369.1871870033335,1369.1871870033335,1306.5161905225705,1317.831787109375,21000,0.0,0.0
2009-10-14 00:00:00+09:00,1296.0708377623366,1298.68212890625,1288.2369643305965,1298.68212890625,21200,0.0,0.0
2009-10-15 00:00:00+09:00,1300.4231811769052,1321.3135134046468,1296.9414591389484,1297.8118896484375,6200,0.0,0.0
2009-10-16 00:00:00+09:00,1305.6458286000495,1320.44314799085,1305.6458286000495,1316.96142578125,5000,0.0,0.0
2009-10-19 00:00:00+09:00,1316.9614082410499,1346.5560466284892,1309.9979639145936,1344.815185546875,7500,0.0,0.0
2009-10-20 00:00:00+09:00,1370.92822265625,1379.632528831845,1345.6857347470238,1370.92822265625,16100,0.0,0.0
2009-10-21 00:00:00+09:00,1370.9280600258337,1388.3366703118759,1362.2237548828125,1362.2237548828125,3400,0.0,0.0
2009-10-22 00:00:00+09:00,1382.2436234720192,1382.2436234720192,1331.7586548565423,1339.592529296875,6400,0.0,0.0
2009-10-23 00:00:00+09:00,1339.5924916058423,1361.3532533278344,1309.9978556639328,1310.8682861328125,4500,0.0,0.0
2009-10-26 00:00:00+09:00,1313.4797072561164,1336.1109016820003,1313.4797072561164,1323.054443359375,5500,0.0,0.0
2009-10-27 00:00:00+09:00,1323.0543007425742,1323.0543007425742,1307.386552444307,1318.7021484375,10100,0.0,0.0
2009-10-28 00:00:00+09:00,1305.6457600158933,1322.1839396427613,1303.9048990025387,1317.831787109375,4900,0.0,0.0
2009-10-29 00:00:00+09:00,1296.9416534892703,1326.5362952467435,1292.5895002896418,1303.03466796875,6200,0.0,0.0
2009-10-30 00:00:00+09:00,1303.0344686585295,1327.4065228485354,1291.7188720703125,1291.7188720703125,4700,0.0,0.0
2009-11-02 00:00:00+09:00,1296.941479361631,1304.7753540691845,1292.5893267463236,1302.1640625,4100,0.0,0.0
2009-11-04 00:00:00+09:00,1313.4797072561164,1323.054443359375,1303.9049711528578,1323.054443359375,2300,0.0,0.0
2009-11-05 00:00:00+09:00,1322.1838702815594,1322.1838702815594,1297.8118173731434,1318.7021484375,4000,0.0,0.0
2009-11-06 00:00:00+09:00,1298.6825147691216,1316.0911275676353,1296.9416534892703,1303.03466796875,5400,0.0,0.0
2009-11-09 00:00:00+09:00,1303.0345422117502,1303.0345422117502,1296.9415283203125,1296.9415283203125,12300,0.0,0.0
2009-11-10 00:00:00+09:00,1320.4432640152029,1320.4432640152029,1296.9416370353674,1304.7755126953125,5700,0.0,0.0
2009-11-11 00:00:00+09:00,1316.0908558238636,1316.9612862840647,1275.1806241944182,1292.5892333984375,10200,0.0,0.0
2009-11-12 00:00:00+09:00,1283.8848855833694,1292.5891898924092,1252.5493900708261,1257.77197265625,6600,0.0,0.0
2009-11-13 00:00:00+09:00,1262.1244029482564,1270.8287091754858,1253.420096721027,1254.29052734375,12600,0.0,0.0
2009-11-16 00:00:00+09:00,1253.4200167135818,1253.4200167135818,1236.0114053703378,1236.8818359375,2400,0.0,0.0
2009-11-17 00:00:00+09:00,1236.0111040074191,1236.881534362354,1192.4895862606788,1209.898193359375,5900,0.0,0.0
2009-11-18 00:00:00+09:00,1192.4897660606412,1218.6026806459108,1170.72900390625,1170.72900390625,8900,0.0,0.0
2009-11-19 00:00:00+09:00,1170.7290542041817,1170.7290542041817,1102.835473365575,1113.2806396484375,11400,0.0,0.0
2009-11-20 00:00:00+09:00,1168.9884059374401,1186.3970195776105,1136.782470703125,1136.782470703125,8400,0.0,0.0
2009-11-24 00:00:00+09:00,1137.652690287656,1183.785507873919,1106.317191549817,1107.1876220703125,7000,0.0,0.0
2009-11-25 00:00:00+09:00,1114.1512088880188,1114.1512088880188,1107.1877638324686,1111.5399169921875,4300,0.0,0.0
2009-11-26 00:00:00+09:00,1111.539784068968,1115.0215061803822,1066.2773966205839,1067.1478271484375,9100,0.0,0.0
2009-11-27 00:00:00+09:00,1118.5031145060645,1118.5031145060645,1078.4633142980654,1085.4267578125,7900,0.0,0.0
2009-11-30 00:00:00+09:00,1088.9085332306338,1112.41015625,1085.4268113018388,1112.41015625,5200,0.0,0.0
2009-12-01 00:00:00+09:00,1082.8156641400049,1105.4468596927704,1082.8156641400049,1096.7425537109375,4600,0.0,0.0
2009-12-02 00:00:00+09:00,1079.3338056222763,1129.8187739497698,1079.3338056222763,1098.4832763671875,6900,0.0,0.0
2009-12-03 00:00:00+09:00,1091.519832835478,1124.59619140625,1091.519832835478,1124.59619140625,3300,0.0,0.0
2009-12-04 00:00:00+09:00,1133.3005765248495,1133.3005765248495,1077.5930213039658,1083.68603515625,12900,0.0,0.0
2009-12-07 00:00:00+09:00,1098.4833545117972,1108.9285211157128,1083.68603515625,1083.68603515625,12000,0.0,0.0
2009-12-08 00:00:00+09:00,1090.6494140625,1107.1875935255387,1090.6494140625,1090.6494140625,4300,0.0,0.0
2009-12-09 00:00:00+09:00,1097.612878456783,1101.0946005137434,1092.3902953713423,1095.0015869140625,9100,0.0,0.0
2009-12-10 00:00:00+09:00,1105.4466996538138,1105.4466996538138,1092.3902425712884,1094.131103515625,6900,0.0,0.0
2009-12-11 00:00:00+09:00,1098.4832763671875,1101.0945678324026,1093.2606934367573,1098.4832763671875,11000,0.0,0.0
2009-12-14 00:00:00+09:00,1097.612878456783,1098.483308971023,1088.0381428001417,1095.0015869140625,7500,0.0,0.0
2009-12-15 00:00:00+09:00,1096.74263671875,1102.8356513671874,1088.038330078125,1088.038330078125,8900,0.0,0.0
2009-12-16 00:00:00+09:00,1089.7789100090217,1105.4466579164996,1078.4633142980654,1085.4267578125,9400,0.0,0.0
2009-12-17 00:00:00+09:00,1096.7424153903773,1104.576289786023,1092.390262948352,1098.4832763671875,8600,0.0,0.0
2009-12-18 00:00:00+09:00,1148.9682119864003,1148.9682119864003,1106.3171192687234,1128.077880859375,13100,0.0,0.0
2009-12-21 00:00:00+09:00,1128.9483643541585,1128.9483643541585,1099.3537272006954,1102.83544921875,6600,0.0,0.0
2009-12-22 00:00:00+09:00,1104.5762041054224,1120.2439516813859,1101.094482421875,1101.094482421875,5200,0.0,0.0
2009-12-24 00:00:00+09:00,1101.9651043083095,1110.6694100295442,1098.4833820198155,1100.2242431640625,8200,0.0,0.0
2009-12-25 00:00:00+09:00,1101.965051356517,1110.6693566594913,1096.7424681747327,1099.353759765625,6500,0.0,0.0
2009-12-28 00:00:00+09:00,1121.9850410582528,1121.9850410582528,1096.7425537109375,1096.7425537109375,5900,0.0,0.0
2009-12-29 00:00:00+09:00,1107.187581251238,1114.1510251584787,1088.0381105063268,1098.4832763671875,7200,0.0,0.0
2009-12-30 00:00:00+09:00,1094.1309974943974,1096.7422886578686,1088.9084151674551,1092.39013671875,2600,0.0,0.0
2010-01-04 00:00:00+09:00,1118.503272213153,1118.503272213153,1088.0382025419776,1108.05810546875,5100,0.0,0.0
2010-01-05 00:00:00+09:00,1114.1510953608247,1114.1510953608247,1097.6129150390625,1097.6129150390625,5900,0.0,0.0
2010-01-06 00:00:00+09:00,1109.7989702224731,1127.2075815200806,1099.3538034439086,1114.151123046875,11500,0.0,0.0
2010-01-07 00:00:00+09:00,1110.6695273437501,1110.6695273437501,1084.556607421875,1088.038330078125,18500,0.0,0.0
2010-01-08 00:00:00+09:00,1114.1511103568657,1133.3005825661244,1114.1511103568657,1121.9849853515625,14500,0.0,0.0
2010-01-12 00:00:00+09:00,1115.0216519059807,1135.9119873046875,1115.0216519059807,1135.9119873046875,7300,0.0,0.0
2010-01-13 00:00:00+09:00,1137.652802204546,1137.652802204546,1114.1511758391882,1115.0216064453125,4500,0.0,0.0
2010-01-14 00:00:00+09:00,1119.373779296875,1131.559807998396,1115.021626189189,1119.373779296875,13300,0.0,0.0
2010-01-15 00:00:00+09:00,1119.3737594759343,1121.114620688183,1114.1511758391882,1115.0216064453125,5500,0.0,0.0
2010-01-18 00:00:00+09:00,1115.0215536117553,1115.0215536117553,1110.6694007873534,1114.151123046875,3200,0.0,0.0
2010-01-19 00:00:00+09:00,1121.985015892348,1144.6162109375,1121.1145853136882,1144.6162109375,4900,0.0,0.0
2010-01-20 00:00:00+09:00,1142.005001795977,1146.357155004041,1131.5598340966235,1135.9119873046875,6600,0.0,0.0
2010-01-21 00:00:00+09:00,1144.616129871501,1144.616129871501,1127.20751953125,1127.20751953125,7500,0.0,0.0
2010-01-22 00:00:00+09:00,1124.5962732942912,1124.5962732942912,1114.1511066692667,1115.8919677734375,4600,0.0,0.0
2010-01-25 00:00:00+09:00,1103.7062003751457,1125.466969309987,1102.835769617752,1120.244384765625,5700,0.0,0.0
2010-01-26 00:00:00+09:00,1120.244096410556,1120.244096410556,1105.44677734375,1105.44677734375,4600,0.0,0.0
2010-01-27 00:00:00+09:00,1100.2241659797162,1101.965027001836,1088.9085693359375,1088.9085693359375,5800,0.0,0.0
2010-01-28 00:00:00+09:00,1092.3902220314685,1092.3902220314685,1080.204195650241,1089.7789306640625,6100,0.0,0.0
2010-01-29 00:00:00+09:00,1088.0382740555178,1097.6130108672064,1081.0748291015625,1081.0748291015625,2000,0.0,0.0
2010-02-01 00:00:00+09:00,1087.1678934930599,1087.1678934930599,1074.1114336032313,1075.852294921875,3600,0.0,0.0
2010-02-02 00:00:00+09:00,1074.9816365296103,1074.9816365296103,1067.1477622553055,1074.1112060546875,2900,0.0,0.0
2010-02-03 00:00:00+09:00,1083.6860680099844,1089.7790820469884,1080.204345703125,1080.204345703125,3300,0.0,0.0
2010-02-04 00:00:00+09:00,1079.333842042004,1079.333842042004,1074.981689453125,1074.981689453125,2500,0.0,0.0
2010-02-05 00:00:00+09:00,1079.333842042004,1088.038147219762,1072.3703978997976,1074.981689453125,2600,0.0,0.0
2010-02-08 00:00:00+09:00,1079.3339681664938,1080.204398785983,1048.868896484375,1048.868896484375,10700,0.0,0.0
2010-02-09 00:00:00+09:00,1053.221007055166,1074.9817716637438,1053.221007055166,1066.2774658203125,4900,0.0,0.0
2010-02-10 00:00:00+09:00,1079.3337593235597,1079.3337593235597,1047.9982630851337,1057.572998046875,4700,0.0,0.0
2010-02-12 00:00:00+09:00,1083.6860237869562,1086.297315410539,1054.9618159275428,1065.406982421875,3600,0.0,0.0
2010-02-15 00:00:00+09:00,1064.536647635179,1064.536647635179,1047.998465864886,1048.868896484375,4300,0.0,0.0
2010-02-16 00:00:00+09:00,1045.387101352364,1057.5731291782865,1042.7758096753805,1043.646240234375,7400,0.0,0.0
2010-02-17 00:00:00+09:00,1055.832140109683,1055.832140109683,1037.5531005859375,1037.5531005859375,4800,0.0,0.0
2010-02-18 00:00:00+09:00,1064.536420837907,1064.536420837907,1045.3869512889012,1053.2208251953125,5900,0.0,0.0
2010-02-19 00:00:00+09:00,1048.868896484375,1053.2210495818206,1047.998465864886,1048.868896484375,7500,0.0,0.0
2010-02-22 00:00:00+09:00,1053.2208781159682,1057.5730305048771,1043.6461428603686,1054.09130859375,8200,0.0,0.0
2010-02-23 00:00:00+09:00,1045.3870158013012,1061.9251950687656,1044.51658531354,1046.2574462890625,6800,0.0,0.0
2010-02-24 00:00:00+09:00,1053.3992688409214,1053.3992688409214,1026.6179314975082,1035.5450439453125,5500,30.0,0.0
2010-02-25 00:00:00+09:00,1035.5448241352117,1048.0427789092573,1035.5448241352117,1043.5792236328125,3100,0.0,0.0
2010-02-26 00:00:00+09:00,1035.5451757316364,1057.86295969137,1035.5451757316364,1054.2921142578125,5600,0.0,0.0
2010-03-01 00:00:00+09:00,1036.4378885395884,1062.326517969087,1031.9743317413988,1034.6524658203125,5400,0.0,0.0
2010-03-02 00:00:00+09:00,1031.0814208984375,1036.437688019988,1026.6178649638123,1031.0814208984375,8500,0.0,0.0
2010-03-03 00:00:00+09:00,1031.0814877214102,1035.5450439453125,1027.5106427422886,1035.5450439453125,5900,0.0,0.0
2010-03-04 00:00:00+09:00,1033.7595994328879,1044.4721341420368,1033.7595994328879,1037.3304443359375,4000,0.0,0.0
2010-03-05 00:00:00+09:00,1043.5793128941245,1050.7210019472923,1040.0084683675407,1046.2574462890625,2600,0.0,0.0
2010-03-08 00:00:00+09:00,1040.901123046875,1048.0428117127196,1038.2229897971831,1040.901123046875,6400,0.0,0.0
2010-03-09 00:00:00+09:00,1045.3646457433904,1057.8626005174362,1035.5448241352117,1043.5792236328125,4900,0.0,0.0
2010-03-10 00:00:00+09:00,1044.4719783144449,1044.4719783144449,1038.2230006664097,1040.0084228515625,7100,0.0,0.0
2010-03-11 00:00:00+09:00,1040.008535069131,1050.7210693359375,1036.437690313529,1050.7210693359375,4400,0.0,0.0
2010-03-12 00:00:00+09:00,1050.7210813681418,1061.4336157576217,1049.8283701690186,1059.648193359375,13400,0.0,0.0
2010-03-15 00:00:00+09:00,1059.6480386685926,1065.8970161502102,1059.6480386685926,1062.326171875,2600,0.0,0.0
2010-03-16 00:00:00+09:00,1075.716973876953,1075.716973876953,1064.111728515625,1071.25341796875,9700,0.0,0.0
2010-03-17 00:00:00+09:00,1078.3949569515305,1101.6054444355866,1069.4678463807397,1093.571044921875,17200,0.0,0.0
2010-03-18 00:00:00+09:00,1094.4638766394023,1115.888944371332,1080.1804981514492,1083.7513427734375,15100,0.0,0.0
2010-03-19 00:00:00+09:00,1106.0689940819373,1114.9961046072153,1097.1418835566594,1114.1033935546875,7200,0.0,0.0
2010-03-23 00:00:00+09:00,1123.030556815011,1123.030556815011,1098.0346461704798,1099.820068359375,5900,0.0,0.0
2010-03-24 00:00:00+09:00,1103.391021753716,1103.391021753716,1081.0732421875,1081.0732421875,7200,0.0,0.0
2010-03-25 00:00:00+09:00,1093.5711560397124,1102.4982675175877,1093.5711560397124,1094.4638671875,10700,0.0,0.0
2010-03-26 00:00:00+09:00,1126.6017068529886,1126.6017068529886,1094.4640987335688,1124.8162841796875,9400,0.0,0.0
2010-03-29 00:00:00+09:00,1124.8159724383715,1127.4941057060819,1120.3524169921875,1120.3524169921875,3800,0.0,0.0
2010-03-30 00:00:00+09:00,1120.3526500531823,1121.245361328125,1113.2109598536401,1121.245361328125,6600,0.0,0.0
2010-03-31 00:00:00+09:00,1123.9232999452822,1147.1337890625,1122.137877705496,1147.1337890625,6000,0.0,0.0
2010-04-01 00:00:00+09:00,1160.524468734918,1164.9880243838984,1148.0265129177726,1156.0609130859375,5600,0.0,0.0
2010-04-02 00:00:00+09:00,1160.5244705176829,1165.8807373046875,1148.0265146813385,1165.8807373046875,3200,0.0,0.0
2010-04-05 00:00:00+09:00,1166.7734813441336,1169.4516148131715,1163.20263671875,1163.20263671875,3800,0.0,0.0
2010-04-06 00:00:00+09:00,1169.451759801655,1173.9153161367758,1160.5246471314133,1161.4173583984375,8000,0.0,0.0
2010-04-07 00:00:00+09:00,1177.486083984375,1178.3787951928543,1171.237105525019,1177.486083984375,5400,0.0,0.0
2010-04-08 00:00:00+09:00,1177.4860729795514,1187.3058961810489,1173.9152281790068,1178.3787841796875,3400,0.0,0.0
2010-04-09 00:00:00+09:00,1174.80805029369,1208.7310791015625,1174.80805029369,1208.7310791015625,9200,0.0,0.0
2010-04-12 00:00:00+09:00,1208.7307780913854,1214.9797555261268,1203.37451171875,1203.37451171875,19200,0.0,0.0
2010-04-13 00:00:00+09:00,1214.087044464021,1214.9797555261268,1201.5890895945383,1203.37451171875,5800,0.0,0.0
2010-04-14 00:00:00+09:00,1203.3745443918447,1205.1599665645329,1196.232855701092,1200.6964111328125,6400,0.0,0.0
2010-04-15 00:00:00+09:00,1205.1601333106123,1205.1601333106123,1197.125732421875,1197.125732421875,2900,0.0,0.0
2010-04-16 00:00:00+09:00,1198.0181668599448,1200.696299870809,1196.232744852702,1199.8035888671875,4400,0.0,0.0
2010-04-19 00:00:00+09:00,1205.1600341796875,1208.730878725405,1199.803767361111,1205.1600341796875,11800,0.0,0.0
2010-04-20 00:00:00+09:00,1214.087112550813,1214.087112550813,1206.0527125412855,1207.838134765625,8600,0.0,0.0
2010-04-21 00:00:00+09:00,1218.550561630049,1231.048516108306,1207.8380292201145,1226.5849609375,6000,0.0,0.0
2010-04-22 00:00:00+09:00,1225.6925598459377,1225.6925598459377,1211.4091796875,1211.4091796875,5900,0.0,0.0
2010-04-23 00:00:00+09:00,1217.6579790433013,1217.6579790433013,1205.1600232466692,1206.052734375,3000,0.0,0.0
2010-04-26 00:00:00+09:00,1212.301513671875,1217.657779564387,1208.7306697435338,1212.301513671875,5300,0.0,0.0
2010-04-27 00:00:00+09:00,1218.5507373795883,1222.12158203125,1205.1600699358564,1222.12158203125,4600,0.0,0.0
2010-04-28 00:00:00+09:00,1223.0143014530902,1231.9414131425287,1200.6965222294937,1201.5892333984375,4800,0.0,0.0
2010-04-30 00:00:00+09:00,1206.9454040080527,1231.9413147419473,1197.1255819340226,1219.443359375,7000,0.0,0.0
2010-05-06 00:00:00+09:00,1205.1599752965585,1206.0526863893708,1189.98388671875,1189.98388671875,9400,0.0,0.0
2010-05-07 00:00:00+09:00,1182.8421935336814,1182.8421935336814,1151.597305402603,1170.34423828125,7500,0.0,0.0
2010-05-10 00:00:00+09:00,1173.9150826390876,1178.3786380863844,1167.6661050128719,1170.34423828125,5600,0.0,0.0
2010-05-11 00:00:00+09:00,1176.5932159074657,1180.1640602653033,1161.4171273866561,1170.34423828125,12300,0.0,0.0
2010-05-12 00:00:00+09:00,1170.3444716265412,1181.949718103387,1160.5246476845946,1181.0570068359375,10900,0.0,0.0
2010-05-13 00:00:00+09:00,1181.0567757906274,1190.8765978115623,1181.0567757906274,1189.98388671875,2500,0.0,0.0
2010-05-14 00:00:00+09:00,1195.3403081539636,1195.3403081539636,1173.9152391504572,1177.486083984375,5300,0.0,0.0
2010-05-17 00:00:00+09:00,1184.6275030936904,1184.6275030936904,1167.665994006441,1169.451416015625,16500,0.0,0.0
2010-05-18 00:00:00+09:00,1176.5933837890625,1181.0569398732396,1160.524581886025,1176.5933837890625,13300,0.0,0.0
2010-05-19 00:00:00+09:00,1167.6661939925798,1173.0224609375,1160.5245047326864,1173.0224609375,21000,0.0,0.0
2010-05-20 00:00:00+09:00,1195.340251053914,1203.3746515464347,1171.2370495763519,1172.1297607421875,7000,0.0,0.0
2010-05-21 00:00:00+09:00,1160.5244986466537,1167.6661878690945,1133.7431640625,1133.7431640625,6000,0.0,0.0
2010-05-24 00:00:00+09:00,1126.6014404296875,1135.5285516850734,1108.747217918916,1126.6014404296875,4300,0.0,0.0
2010-05-25 00:00:00+09:00,1107.8546363270216,1111.4254812466897,1081.073299429511,1106.0692138671875,4600,0.0,0.0
2010-05-26 00:00:00+09:00,1083.7512901740345,1105.1763568661077,1083.7512901740345,1098.03466796875,9300,0.0,0.0
2010-05-27 00:00:00+09:00,1108.7471328922193,1108.7471328922193,1093.571044921875,1093.571044921875,5200,0.0,0.0
2010-05-28 00:00:00+09:00,1131.957745170279,1132.8504563257761,1083.7513427734375,1083.7513427734375,9500,0.0,0.0
2010-05-31 00:00:00+09:00,1115.8888349648912,1115.8888349648912,1093.5710582655934,1102.4981689453125,5400,0.0,0.0
2010-06-01 00:00:00+09:00,1102.4984352625393,1114.1036819495134,1096.2494562772456,1100.7130126953125,1600,0.0,0.0
2010-06-02 00:00:00+09:00,1114.1033935546875,1114.1033935546875,1091.7856172414927,1114.1033935546875,2600,0.0,0.0
2010-06-03 00:00:00+09:00,1114.9963268554689,1116.7817493164061,1100.7129471679687,1115.8890380859375,3500,0.0,0.0
2010-06-04 00:00:00+09:00,1117.674320238913,1137.31396484375,1117.674320238913,1137.31396484375,4500,0.0,0.0
2010-06-07 00:00:00+09:00,1138.2066720590803,1144.4556498664635,1117.67431640625,1117.67431640625,1900,0.0,0.0
2010-06-08 00:00:00+09:00,1117.6743291743016,1132.8504183084576,1117.6743291743016,1126.6014404296875,2200,0.0,0.0
2010-06-09 00:00:00+09:00,1127.494127667816,1127.494127667816,1116.7815943883118,1118.5670166015625,2800,0.0,0.0
2010-06-10 00:00:00+09:00,1122.137691785589,1141.7773331692665,1109.6397381777938,1112.31787109375,5100,0.0,0.0
2010-06-11 00:00:00+09:00,1112.3178603257193,1120.3522589958086,1106.9615945456596,1113.2105712890625,12700,0.0,0.0
2010-06-14 00:00:00+09:00,1115.8888156597432,1117.6742377647986,1113.2106825021597,1114.1033935546875,4800,0.0,0.0
2010-06-15 00:00:00+09:00,1127.4941057060819,1134.6357944199763,1120.3524169921875,1120.3524169921875,2600,0.0,0.0
2010-06-16 00:00:00+09:00,1125.708995516338,1131.9579748728918,1124.8162841796875,1124.8162841796875,3200,0.0,0.0
2010-06-17 00:00:00+09:00,1131.0651101006401,1156.9537353515625,1128.386976453993,1156.9537353515625,4700,0.0,0.0
2010-06-18 00:00:00+09:00,1183.7348497384949,1183.7348497384949,1156.9535182964476,1174.8077392578125,14300,0.0,0.0
2010-06-21 00:00:00+09:00,1179.2714528287395,1192.6621203476125,1179.2714528287395,1191.7694091796875,2500,0.0,0.0
2010-06-22 00:00:00+09:00,1191.7695423223447,1191.7695423223447,1184.627852181087,1190.8768310546875,1100,0.0,0.0
2010-06-23 00:00:00+09:00,1191.7694035063964,1191.7694035063964,1152.4901123046875,1152.4901123046875,3800,0.0,0.0
2010-06-24 00:00:00+09:00,1152.4901123046875,1153.3828234683626,1142.6702895042602,1152.4901123046875,3300,0.0,0.0
2010-06-25 00:00:00+09:00,1152.4902005987249,1152.4902005987249,1129.2797085649784,1145.3485107421875,5600,0.0,0.0
2010-06-28 00:00:00+09:00,1172.129713422267,1172.129713422267,1147.1338017879766,1156.0609130859375,7200,0.0,0.0
2010-06-29 00:00:00+09:00,1156.0609333675104,1156.0609333675104,1144.4556884765625,1144.4556884765625,4000,0.0,0.0
2010-06-30 00:00:00+09:00,1144.455655702821,1147.1337890625,1142.670233463035,1147.1337890625,3100,0.0,0.0
2010-07-01 00:00:00+09:00,1148.0266103707108,1148.0266103707108,1138.206787109375,1138.206787109375,1600,0.0,0.0
2010-07-02 00:00:00+09:00,1131.957705320119,1131.957705320119,1116.7816162109375,1116.7816162109375,3300,0.0,0.0
2010-07-05 00:00:00+09:00,1115.8890380859375,1120.3525942382812,1115.8890380859375,1115.8890380859375,3000,0.0,0.0
2010-07-06 00:00:00+09:00,1117.674226881505,1127.494048363691,1114.99609375,1114.99609375,5700,0.0,0.0
2010-07-07 00:00:00+09:00,1115.8888658278306,1115.8888658278306,1090.000244140625,1090.000244140625,13500,0.0,0.0
2010-07-08 00:00:00+09:00,1115.8890262726813,1115.8890262726813,1098.0348018523184,1106.9619140625,6000,0.0,0.0
2010-07-09 00:00:00+09:00,1114.1037043327294,1114.1037043327294,1098.0349009048534,1108.7474365234375,7200,0.0,0.0
2010-07-12 00:00:00+09:00,1113.2109259541419,1114.1036372018998,1104.2838134765625,1104.2838134765625,5000,0.0,0.0
2010-07-13 00:00:00+09:00,1104.2837329363645,1114.1035559454995,1081.0732421875,1081.0732421875,11300,0.0,0.0
2010-07-14 00:00:00+09:00,1102.4983340404074,1102.4983340404074,1089.107666015625,1089.107666015625,6400,0.0,0.0
2010-07-15 00:00:00+09:00,1142.670443025142,1142.670443025142,1100.7130126953125,1100.7130126953125,7300,0.0,0.0
2010-07-16 00:00:00+09:00,1102.4982800529997,1108.7472581585635,1100.7128577371245,1103.3909912109375,6400,0.0,0.0
2010-07-21 00:00:00+09:00,1121.2453271839634,1121.2453271839634,1104.2838134765625,1104.2838134765625,10800,0.0,0.0
2010-07-22 00:00:00+09:00,1108.747281508848,1113.210837392539,1108.747281508848,1111.4254150390625,4700,0.0,0.0
2010-07-23 00:00:00+09:00,1112.31806059059,1118.5670384590765,1112.31806059059,1116.7816162109375,5700,0.0,0.0
2010-07-26 00:00:00+09:00,1123.9232286413826,1124.8159397046404,1123.030517578125,1123.030517578125,2400,0.0,0.0
2010-07-27 00:00:00+09:00,1129.279707228731,1134.635974614796,1125.7088623046875,1125.7088623046875,4500,0.0,0.0
2010-07-28 00:00:00+09:00,1115.889170813182,1132.8506862095423,1108.7474801199776,1124.8162841796875,14600,0.0,0.0
2010-07-29 00:00:00+09:00,1129.27984086294,1129.27984086294,1124.8162841796875,1124.8162841796875,5100,0.0,0.0
2010-07-30 00:00:00+09:00,1124.816138482863,1126.601560924899,1106.069202841482,1106.9619140625,7100,0.0,0.0
2010-08-02 00:00:00+09:00,1108.747016472346,1119.4595480324654,1108.747016472346,1113.2105712890625,2100,0.0,0.0
2010-08-03 00:00:00+09:00,1113.2108815306142,1116.7817263791487,1107.8546142578125,1107.8546142578125,6400,0.0,0.0
2010-08-04 00:00:00+09:00,1109.639992685586,1111.4254150390625,1107.8545703321097,1111.4254150390625,4800,0.0,0.0
2010-08-05 00:00:00+09:00,1111.4254819335938,1115.8890380859375,1111.4254819335938,1115.8890380859375,3100,0.0,0.0
2010-08-06 00:00:00+09:00,1115.8887149816915,1115.8887149816915,1111.4251601217645,1112.31787109375,5100,0.0,0.0
2010-08-09 00:00:00+09:00,1116.7815726352403,1122.137839170661,1114.1034393675297,1120.3524169921875,2100,0.0,0.0
2010-08-10 00:00:00+09:00,1124.8159724383715,1126.601394616845,1120.3524169921875,1120.3524169921875,5800,0.0,0.0
2010-08-11 00:00:00+09:00,1120.3524607072154,1123.030594079424,1116.7816162109375,1116.7816162109375,5500,0.0,0.0
2010-08-12 00:00:00+09:00,1117.6743273350069,1119.459749583146,1116.7816162109375,1116.7816162109375,5300,0.0,0.0
2010-08-13 00:00:00+09:00,1125.708884411146,1128.3870181567713,1116.7817719257284,1123.9234619140625,5500,0.0,0.0
2010-08-16 00:00:00+09:00,1128.3871295262895,1130.1725521995907,1124.8162841796875,1124.8162841796875,2000,0.0,0.0
2010-08-17 00:00:00+09:00,1124.81599434794,1125.7087054545652,1114.1034610684358,1118.5670166015625,7800,0.0,0.0
2010-08-18 00:00:00+09:00,1118.5668869078866,1130.1721299484313,1118.5668869078866,1129.2794189453125,4100,0.0,0.0
2010-08-19 00:00:00+09:00,1131.0651638031006,1142.67041015625,1131.0651638031006,1142.67041015625,7300,0.0,0.0
2010-08-20 00:00:00+09:00,1142.670083992095,1146.2409280045702,1129.2794189453125,1129.2794189453125,10200,0.0,0.0
2010-08-23 00:00:00+09:00,1141.7775644377462,1141.7775644377462,1133.7431640625,1133.7431640625,2600,0.0,0.0
2010-08-24 00:00:00+09:00,1133.7433085616815,1141.7777099609375,1133.7433085616815,1141.7777099609375,3100,0.0,0.0
2010-08-25 00:00:00+09:00,1134.6360198282655,1146.2412662938575,1134.6360198282655,1141.7777099609375,3400,0.0,0.0
2010-08-26 00:00:00+09:00,1138.2067565917969,1160.5245361328125,1138.2067565917969,1160.5245361328125,10000,0.0,0.0
2010-08-27 00:00:00+09:00,1106.961890048668,1106.961890048668,1080.1805539991035,1089.107666015625,16500,0.0,0.0
2010-08-30 00:00:00+09:00,1090.8929682343496,1103.3909236805696,1089.1075460277468,1098.9273681640625,6100,0.0,0.0
2010-08-31 00:00:00+09:00,1099.8199396306818,1100.7126506206419,1080.1802978515625,1080.1802978515625,4200,0.0,0.0
2010-09-01 00:00:00+09:00,1080.1804599246464,1081.0731710485509,1055.1845484553155,1056.969970703125,5000,0.0,0.0
2010-09-02 00:00:00+09:00,1057.8626599882746,1073.9314598868307,1057.8626599882746,1058.75537109375,1500,0.0,0.0
2010-09-03 00:00:00+09:00,1067.6825941514849,1085.536818133951,1059.648193359375,1059.648193359375,1700,0.0,0.0
2010-09-06 00:00:00+09:00,1071.25341796875,1074.8242626953124,1064.111728515625,1071.25341796875,2200,0.0,0.0
2010-09-07 00:00:00+09:00,1073.0389293692851,1073.931640625,1071.2535068578552,1073.931640625,600,0.0,0.0
2010-09-08 00:00:00+09:00,1059.6479708514637,1059.6479708514637,1057.862548828125,1057.862548828125,1100,0.0,0.0
2010-09-09 00:00:00+09:00,1057.862562618495,1068.575094898176,1057.862562618495,1066.7896728515625,600,0.0,0.0
2010-09-10 00:00:00+09:00,1114.9962089316973,1114.9962089316973,1075.7169189453125,1075.7169189453125,8900,0.0,0.0
2010-09-13 00:00:00+09:00,1102.4983105710673,1102.4983105710673,1081.0732421875,1081.0732421875,1200,0.0,0.0
2010-09-14 00:00:00+09:00,1099.820097284072,1099.820097284072,1077.5023193359375,1077.5023193359375,1900,0.0,0.0
2010-09-16 00:00:00+09:00,1088.2149244438692,1111.4254150390625,1088.2149244438692,1111.4254150390625,4100,0.0,0.0
2010-09-17 00:00:00+09:00,1115.8889709227535,1115.8889709227535,1111.4254150390625,1111.4254150390625,9000,0.0,0.0
2010-09-21 00:00:00+09:00,1111.4256723656788,1112.3183837491051,1089.1078877800226,1090.893310546875,5800,0.0,0.0
2010-09-22 00:00:00+09:00,1094.46415608058,1106.0694040651213,1090.893310546875,1090.893310546875,1900,0.0,0.0
2010-09-24 00:00:00+09:00,1093.5712882507273,1093.5712882507273,1073.931640625,1073.931640625,1300,0.0,0.0
2010-09-27 00:00:00+09:00,1075.716890164507,1098.03466796875,1074.8241790523373,1098.03466796875,3000,0.0,0.0
2010-09-28 00:00:00+09:00,1098.03466796875,1108.7472013147865,1081.9658679496952,1098.03466796875,3200,0.0,0.0
2010-09-29 00:00:00+09:00,1099.8199068389133,1116.7814151424357,1098.0344849122268,1113.2105712890625,4300,0.0,0.0
2010-09-30 00:00:00+09:00,1115.8890262726813,1115.8890262726813,1106.9619140625,1106.9619140625,2400,0.0,0.0
2010-10-01 00:00:00+09:00,1094.4639332255379,1095.35664442719,1089.107666015625,1089.107666015625,1700,0.0,0.0
2010-10-04 00:00:00+09:00,1089.1076416015626,1098.0347534179687,1071.25341796875,1071.25341796875,2200,0.0,0.0
2010-10-05 00:00:00+09:00,1072.1461266613169,1073.931549020453,1040.0085241968643,1051.61376953125,3500,0.0,0.0
2010-10-06 00:00:00+09:00,1053.3991918903862,1072.1461266613169,1051.61376953125,1051.61376953125,3000,0.0,0.0
2010-10-07 00:00:00+09:00,1052.506547632806,1057.8628150507845,1051.6138363964762,1056.077392578125,2600,0.0,0.0
2010-10-08 00:00:00+09:00,1056.0773744644657,1106.9619140625,1056.0773744644657,1106.9619140625,7100,0.0,0.0
2010-10-12 00:00:00+09:00,1106.0690825178815,1106.0690825178815,1056.969970703125,1056.969970703125,6800,0.0,0.0
2010-10-13 00:00:00+09:00,1057.8626165309875,1091.7856371454832,1057.8626165309875,1062.326171875,4200,0.0,0.0
2010-10-14 00:00:00+09:00,1063.2188829438026,1076.6095489758404,1062.326171875,1062.326171875,3400,0.0,0.0
2010-10-15 00:00:00+09:00,1062.3263812887258,1068.575360002189,1035.5450439453125,1035.5450439453125,5000,0.0,0.0
2010-10-18 00:00:00+09:00,1036.43774537887,1062.3263712324335,1035.54503414254,1056.077392578125,6000,0.0,0.0
2010-10-19 00:00:00+09:00,1053.3992805154915,1053.3992805154915,1028.4033653846154,1044.47216796875,9900,0.0,0.0
2010-10-20 00:00:00+09:00,1044.4720762827512,1045.3647874590613,1022.154296875,1022.154296875,12000,0.0,0.0
2010-10-21 00:00:00+09:00,1013.2270303453718,1030.1885401044574,990.909254346575,999.8363647460938,6300,0.0,0.0
2010-10-22 00:00:00+09:00,997.1582179164027,997.1582179164027,986.4456855842659,990.9092407226562,6800,0.0,0.0
2010-10-25 00:00:00+09:00,973.0551506826811,995.3729293680638,955.200927734375,955.200927734375,5100,0.0,0.0
2010-10-26 00:00:00+09:00,928.4196228319378,933.7758898867374,910.565399315939,932.8831787109375,9600,0.0,0.0
2010-10-27 00:00:00+09:00,942.7029585730901,948.9519365181769,911.4580688476562,911.4580688476562,4700,0.0,0.0
2010-10-28 00:00:00+09:00,906.1019033374209,944.4884864344742,905.2091921026057,942.7030639648438,11000,0.0,0.0
2010-10-29 00:00:00+09:00,906.1018238310959,944.488403559901,906.1018238310959,909.6726684570312,11800,0.0,0.0
2010-11-01 00:00:00+09:00,906.1018079392453,906.9945190800721,874.8569180103058,881.1058959960938,19000,0.0,0.0
2010-11-02 00:00:00+09:00,871.2860827323717,915.9216402493989,864.1443935296473,870.3933715820312,7700,0.0,0.0
2010-11-04 00:00:00+09:00,874.8569459240846,886.4621911251184,874.8569459240846,883.7840576171875,5100,0.0,0.0
2010-11-05 00:00:00+09:00,892.711215549045,923.9561080932617,892.711215549045,899.8529052734375,5500,0.0,0.0
2010-11-08 00:00:00+09:00,909.6727346135974,910.5654458350043,898.0674887353082,904.3164672851562,4000,0.0,0.0
2010-11-09 00:00:00+09:00,904.3162923502279,905.2090033989448,890.0329155707574,893.603759765625,7400,0.0,0.0
2010-11-10 00:00:00+09:00,920.3851672737582,920.3851672737582,898.0673892118339,902.5309448242188,4700,0.0,0.0
2010-11-11 00:00:00+09:00,895.3893711704384,907.8873284948512,895.3893711704384,898.0675048828125,3000,0.0,0.0
2010-11-12 00:00:00+09:00,898.0675048828125,906.9946172573932,898.0675048828125,898.0675048828125,1700,0.0,0.0
2010-11-15 00:00:00+09:00,898.9601048711521,901.638238252099,895.389260363223,897.1746826171875,2300,0.0,0.0
2010-11-16 00:00:00+09:00,897.1746889624264,916.8143338949374,890.9257110293548,901.6382446289062,7400,0.0,0.0
2010-11-17 00:00:00+09:00,897.1746672377756,906.1017783545693,897.1746672377756,903.4236450195312,1700,0.0,0.0
2010-11-18 00:00:00+09:00,905.209064806168,918.5997314453125,903.4236425876154,918.5997314453125,5200,0.0,0.0
2010-11-19 00:00:00+09:00,923.9560754705082,928.4196313906556,912.350830078125,912.350830078125,7600,0.0,0.0
2010-11-22 00:00:00+09:00,937.3466912437888,971.2697143554688,937.3466912437888,971.2697143554688,6100,0.0,0.0
2010-11-24 00:00:00+09:00,972.162535998286,972.162535998286,953.4156000423962,962.3427124023438,2300,0.0,0.0
2010-11-25 00:00:00+09:00,971.2698807374185,971.2698807374185,951.6302324136839,957.8792114257812,3100,0.0,0.0
2010-11-26 00:00:00+09:00,963.2353453680568,963.2353453680568,958.7717895507812,958.7717895507812,2000,0.0,0.0
2010-11-29 00:00:00+09:00,967.6988109371352,967.6988109371352,956.0935668945312,956.0935668945312,2000,0.0,0.0
2010-11-30 00:00:00+09:00,954.3083270378833,965.0208620467275,946.27392578125,946.27392578125,3600,0.0,0.0
2010-12-01 00:00:00+09:00,946.2736277692195,955.2007374651555,946.2736277692195,950.7371826171875,2500,0.0,0.0
2010-12-02 00:00:00+09:00,950.7373673676558,964.1280345136792,950.7373673676558,960.5571899414062,3000,0.0,0.0
2010-12-03 00:00:00+09:00,964.1280408042321,966.8061742509105,955.200929315304,965.020751953125,2000,0.0,0.0
2010-12-06 00:00:00+09:00,964.1279907226562,969.4842573377821,954.3081685949254,964.1279907226562,2400,0.0,0.0
2010-12-07 00:00:00+09:00,962.3425620003634,962.3425620003634,942.702917877907,959.6644287109375,5300,0.0,0.0
2010-12-08 00:00:00+09:00,952.5228712453331,954.3082936844058,945.381181489042,948.9520263671875,3100,0.0,0.0
2010-12-09 00:00:00+09:00,946.2738927085784,948.9520263671875,945.381181489042,948.9520263671875,3000,0.0,0.0
2010-12-10 00:00:00+09:00,948.9520263671875,948.9520263671875,942.7030478304328,948.9520263671875,13200,0.0,0.0
2010-12-13 00:00:00+09:00,947.1666039281147,948.9520263671875,947.1666039281147,948.9520263671875,1900,0.0,0.0
2010-12-14 00:00:00+09:00,946.2738927085784,948.9520263671875,944.4884702695056,948.9520263671875,2700,0.0,0.0
2010-12-15 00:00:00+09:00,948.9520263671875,949.8447375867239,946.2738927085784,948.9520263671875,5600,0.0,0.0
2010-12-16 00:00:00+09:00,967.6989798183123,967.6989798183123,954.308311278391,962.3427124023438,10000,0.0,0.0
2010-12-17 00:00:00+09:00,957.8790130050094,964.1279907226562,953.4154574924045,964.1279907226562,11600,0.0,0.0
2010-12-20 00:00:00+09:00,946.27392578125,950.7374820349352,946.27392578125,946.27392578125,15100,0.0,0.0
2010-12-21 00:00:00+09:00,945.381181489042,948.9520263671875,943.5957590499692,948.9520263671875,4700,0.0,0.0
2010-12-22 00:00:00+09:00,942.703035968661,943.5957471769647,937.346768718839,940.02490234375,8000,0.0,0.0
2010-12-24 00:00:00+09:00,940.0248522740353,948.951963881576,937.3467187917731,939.1321411132812,1900,0.0,0.0
2010-12-27 00:00:00+09:00,938.2394299525272,941.8102745955434,931.9904518272488,939.1321411132812,3700,0.0,0.0
2010-12-28 00:00:00+09:00,938.2392794569977,938.2392794569977,936.453857421875,936.453857421875,2100,0.0,0.0
2010-12-29 00:00:00+09:00,936.4540455014456,936.4540455014456,929.3123559266014,931.0977783203125,3500,0.0,0.0
2010-12-30 00:00:00+09:00,929.3123043441402,929.3123043441402,919.4924817237891,920.3851928710938,4500,0.0,0.0
2011-01-04 00:00:00+09:00,920.3851882213567,931.0977219348932,920.3851882213567,925.741455078125,3300,0.0,0.0
2011-01-05 00:00:00+09:00,923.9560827354475,926.6342163085938,917.7071043981063,926.6342163085938,4100,0.0,0.0
2011-01-06 00:00:00+09:00,919.4924770785619,925.741455078125,919.4924770785619,925.741455078125,4600,0.0,0.0
2011-01-07 00:00:00+09:00,928.4196598704269,929.3123710818408,915.0289916992188,915.0289916992188,10000,0.0,0.0
2011-01-11 00:00:00+09:00,915.0289916992188,919.4925477562881,910.5654356421494,915.0289916992188,10400,0.0,0.0
2011-01-12 00:00:00+09:00,910.565329441153,914.136173870334,903.423640582791,908.7799072265625,11000,0.0,0.0
2011-01-13 00:00:00+09:00,915.0289636302134,917.7070971823018,908.7799853420071,912.350830078125,7400,0.0,0.0
2011-01-14 00:00:00+09:00,904.3164076805115,915.0289416313171,904.3164076805115,914.13623046875,8800,0.0,0.0
2011-01-17 00:00:00+09:00,915.0289916992188,915.9217029106327,914.1362804878049,915.0289916992188,6100,0.0,0.0
2011-01-18 00:00:00+09:00,915.0289708249601,926.6342163085938,915.0289708249601,926.6342163085938,4700,0.0,0.0
2011-01-19 00:00:00+09:00,928.4194582638227,936.453857421875,924.8486141935772,936.453857421875,6200,0.0,0.0
2011-01-20 00:00:00+09:00,938.2392755734412,944.4882526705051,937.346564559575,941.8101196289062,8500,0.0,0.0
2011-01-21 00:00:00+09:00,941.8102223322941,941.8102223322941,926.6341334416315,928.4195556640625,5600,0.0,0.0
2011-01-24 00:00:00+09:00,927.526844552847,928.4195556640625,927.526844552847,928.4195556640625,2400,0.0,0.0
2011-01-25 00:00:00+09:00,927.5268773637144,928.4195885065092,923.9560327925356,925.741455078125,4800,0.0,0.0
2011-01-26 00:00:00+09:00,923.9560827354475,928.4196386906912,923.9560827354475,926.6342163085938,2700,0.0,0.0
2011-01-27 00:00:00+09:00,926.6340900289601,935.5612007228808,904.3163132941586,931.9903564453125,6200,0.0,0.0
2011-01-28 00:00:00+09:00,928.4195581699047,935.561247078904,911.4580470110315,913.2434692382812,7500,0.0,0.0
2011-01-31 00:00:00+09:00,931.9904026244044,931.9904026244044,911.4580470110315,913.2434692382812,4300,0.0,0.0
2011-02-01 00:00:00+09:00,914.1362524461839,917.7070971823018,906.1018517899187,912.350830078125,2900,0.0,0.0
2011-02-02 00:00:00+09:00,912.3508580649772,915.9217029106327,900.7456123165969,915.0289916992188,5400,0.0,0.0
2011-02-03 00:00:00+09:00,915.0289416313171,915.0289416313171,906.1018300056458,914.13623046875,3000,0.0,0.0
2011-02-04 00:00:00+09:00,915.0289416313171,915.0289416313171,906.9945411682129,914.13623046875,3000,0.0,0.0
2011-02-07 00:00:00+09:00,917.7070922851562,918.5998034644219,910.5654028510305,917.7070922851562,4300,0.0,0.0
2011-02-08 00:00:00+09:00,926.6342040778134,937.346738229002,908.7799804924991,917.7070922851562,5500,0.0,0.0
2011-02-09 00:00:00+09:00,932.8831615319742,932.8831615319742,925.7414722570883,929.3123168945312,1800,0.0,0.0
2011-02-10 00:00:00+09:00,942.7030350287907,942.7030350287907,927.5269445027591,930.205078125,3100,0.0,0.0
2011-02-14 00:00:00+09:00,1071.2531759267551,1073.931308866572,930.2048410963989,934.6683959960938,3100,0.0,0.0
2011-02-15 00:00:00+09:00,934.6686628515071,942.7030639648438,934.6686628515071,942.7030639648438,4500,0.0,0.0
2011-02-16 00:00:00+09:00,942.703035968661,942.703035968661,938.2394799271427,940.02490234375,2900,0.0,0.0
2011-02-17 00:00:00+09:00,940.024877828244,966.8062133789062,934.6686107181116,966.8062133789062,10000,0.0,0.0
2011-02-18 00:00:00+09:00,966.8061174827398,971.2696729651162,959.6644287109375,959.6644287109375,9400,0.0,0.0
2011-02-21 00:00:00+09:00,959.6644834714516,965.0207503559434,950.7373719972985,955.200927734375,5700,0.0,0.0
2011-02-22 00:00:00+09:00,953.4155321713895,956.9863768611699,945.3811316193834,948.0592651367188,4400,0.0,0.0
2011-02-23 00:00:00+09:00,946.2737142081066,948.0591363103861,943.5955810546875,943.5955810546875,6300,0.0,0.0
2011-02-24 00:00:00+09:00,946.3521217690939,946.3521217690939,931.651506285302,935.32666015625,4500,30.0,0.0
2011-02-25 00:00:00+09:00,938.0829807708622,961.0526913676022,937.1641923469925,951.8648071289062,3100,0.0,0.0
2011-02-28 00:00:00+09:00,951.8648161864998,951.8648161864998,947.2708740234375,947.2708740234375,3400,0.0,0.0
2011-03-01 00:00:00+09:00,964.7278272612263,964.7278272612263,953.7023663782409,954.6211547851562,2300,0.0,0.0
2011-03-02 00:00:00+09:00,948.1897253525996,948.1897253525996,934.4078979492188,934.4078979492188,5000,0.0,0.0
2011-03-03 00:00:00+09:00,935.3266163208247,941.7581352935612,934.407827896148,939.0017700195312,2200,0.0,0.0
2011-03-04 00:00:00+09:00,953.7024022152549,953.7024022152549,941.7581524765282,942.6769409179688,1600,0.0,0.0
2011-03-07 00:00:00+09:00,942.6769678981459,942.6769678981459,935.32666015625,935.32666015625,4100,0.0,0.0
2011-03-08 00:00:00+09:00,935.3265816056179,949.1084074642469,935.3265816056179,938.0829467773438,1900,0.0,0.0
2011-03-09 00:00:00+09:00,950.9459842453974,950.9459842453974,938.0829467773438,938.0829467773438,4000,0.0,0.0
2011-03-10 00:00:00+09:00,950.9459842453974,950.9459842453974,938.0829467773438,938.0829467773438,3600,0.0,0.0
2011-03-11 00:00:00+09:00,942.6768887302201,942.6768887302201,938.0829467773438,938.0829467773438,12900,0.0,0.0
2011-03-14 00:00:00+09:00,831.5035732103431,868.2551123577616,818.6405345087467,845.285400390625,8700,0.0,0.0
2011-03-15 00:00:00+09:00,837.9351630456669,837.9351630456669,712.9799194335938,712.9799194335938,13700,0.0,0.0
2011-03-16 00:00:00+09:00,754.3252890551531,802.1022866566976,753.4065006397389,793.8331909179688,10000,0.0,0.0
2011-03-17 00:00:00+09:00,763.5132850790923,779.1326904296875,762.5944965290573,779.1326904296875,11200,0.0,0.0
2011-03-18 00:00:00+09:00,854.473343409849,854.473343409849,811.2902819687062,817.7218017578125,10300,0.0,0.0
2011-03-22 00:00:00+09:00,900.4126888507203,900.4126888507203,860.90478515625,860.90478515625,7900,0.0,0.0
2011-03-23 00:00:00+09:00,863.6610456379517,887.5495426449588,859.9858922522583,864.579833984375,4000,0.0,0.0
2011-03-24 00:00:00+09:00,863.6611511886761,871.9302473170783,854.4732666015625,854.4732666015625,4100,0.0,0.0
2011-03-25 00:00:00+09:00,840.6914397208922,854.4732666015625,840.6914397208922,854.4732666015625,8500,0.0,0.0
2011-03-28 00:00:00+09:00,868.2550677816376,868.2550677816376,839.7726264046739,842.5289916992188,5200,0.0,0.0
2011-03-29 00:00:00+09:00,838.8538684209187,882.0369262695312,836.0975030263265,882.0369262695312,6300,0.0,0.0
2011-03-30 00:00:00+09:00,882.0369347713097,883.87451171875,866.4175307180678,883.87451171875,5400,0.0,0.0
2011-03-31 00:00:00+09:00,899.4938702641701,900.4126586914062,881.1181017194476,900.4126586914062,5400,0.0,0.0
2011-04-01 00:00:00+09:00,886.6308587470663,897.6563202029884,886.6308587470663,893.0623779296875,2000,0.0,0.0
2011-04-04 00:00:00+09:00,879.2804917804266,906.8441435603772,860.9047239271262,867.3362426757812,4100,0.0,0.0
2011-04-05 00:00:00+09:00,881.1179979362528,881.1179979362528,869.173749789046,871.9301147460938,3900,0.0,0.0
2011-04-06 00:00:00+09:00,871.0113610800424,873.7677261467514,853.5543823242188,853.5543823242188,3900,0.0,0.0
2011-04-07 00:00:00+09:00,867.3363222698073,871.930264654711,858.1484375,858.1484375,2300,0.0,0.0
2011-04-08 00:00:00+09:00,885.7121634198049,885.7121634198049,859.986083984375,859.986083984375,5500,0.0,0.0
2011-04-11 00:00:00+09:00,860.9047154390876,869.1738108915441,859.067138671875,859.067138671875,9400,0.0,0.0
2011-04-12 00:00:00+09:00,859.067138671875,873.7677528095755,859.067138671875,859.067138671875,5400,0.0,0.0
2011-04-13 00:00:00+09:00,859.06718253065,867.3362784052766,855.3920288085938,855.3920288085938,3200,0.0,0.0
2011-04-14 00:00:00+09:00,854.4731967538436,865.498657357119,854.4731967538436,859.067138671875,3500,0.0,0.0
2011-04-15 00:00:00+09:00,865.498815291967,865.498815291967,850.7981984717213,859.986083984375,9100,0.0,0.0
2011-04-18 00:00:00+09:00,870.0925816127232,870.0925816127232,859.0671212332588,861.823486328125,4300,0.0,0.0
2011-04-19 00:00:00+09:00,857.2295619046624,859.067138671875,847.1228896849933,859.067138671875,12000,0.0,0.0
2011-04-20 00:00:00+09:00,874.6865494315957,882.0368565696764,874.6865494315957,880.1992797851562,8900,0.0,0.0
2011-04-21 00:00:00+09:00,883.8744687633355,883.8744687633355,872.8490076145205,874.6865844726562,1200,0.0,0.0
2011-04-22 00:00:00+09:00,870.0925903320312,879.2804740736577,869.1738019578686,870.0925903320312,1700,0.0,0.0
2011-04-25 00:00:00+09:00,883.8744692201967,886.6308345088252,868.2550659179688,868.2550659179688,1900,0.0,0.0
2011-04-26 00:00:00+09:00,876.5242329049618,876.5242329049618,863.6611938476562,863.6611938476562,1200,0.0,0.0
2011-04-27 00:00:00+09:00,863.6611148231908,872.8489990234375,861.8235379831415,872.8489990234375,1900,0.0,0.0
2011-04-28 00:00:00+09:00,866.4175857690196,871.9303169616114,861.8236431085264,862.742431640625,2900,0.0,0.0
2011-05-02 00:00:00+09:00,864.5798341131411,878.361659311544,864.5798341131411,871.0113525390625,1300,0.0,0.0
2011-05-06 00:00:00+09:00,871.0113264270778,874.6864797031415,871.0113264270778,871.9301147460938,700,0.0,0.0
2011-05-09 00:00:00+09:00,871.9301842548156,880.1992797851562,871.9301842548156,880.1992797851562,1700,0.0,0.0
2011-05-10 00:00:00+09:00,891.2247404922772,891.2247404922772,880.1992797851562,880.1992797851562,1600,0.0,0.0
2011-05-11 00:00:00+09:00,890.3060046044466,891.2247930508908,884.7932739257812,884.7932739257812,1300,0.0,0.0
2011-05-12 00:00:00+09:00,883.8744854793371,889.3872161580024,882.9556970328929,884.7932739257812,1400,0.0,0.0
2011-05-13 00:00:00+09:00,884.7932567417436,884.7932567417436,881.1181030273438,881.1181030273438,3500,0.0,0.0
2011-05-16 00:00:00+09:00,877.4429669240528,891.2247936296662,877.4429669240528,878.3617553710938,1400,0.0,0.0
2011-05-17 00:00:00+09:00,879.2805179636102,890.3059790039063,872.8489990234375,872.8489990234375,1900,0.0,0.0
2011-05-18 00:00:00+09:00,872.8489553270925,886.6307809375203,872.8489553270925,882.9556274414062,1300,0.0,0.0
2011-05-19 00:00:00+09:00,882.9556785739198,900.4126586914062,882.9556785739198,900.4126586914062,4400,0.0,0.0
2011-05-20 00:00:00+09:00,900.4126775153329,901.3314659617772,883.8744854793371,884.7932739257812,6900,0.0,0.0
2011-05-23 00:00:00+09:00,886.6308685938517,889.387233988444,882.0369262695312,882.0369262695312,1400,0.0,0.0
2011-05-24 00:00:00+09:00,882.9557325468791,882.9557325468791,878.3617901298818,879.2805786132812,1400,0.0,0.0
2011-05-25 00:00:00+09:00,877.4429669240528,878.3617553710938,877.4429669240528,878.3617553710938,1000,0.0,0.0
2011-05-26 00:00:00+09:00,891.2247228076628,891.2247228076628,882.9556274414062,882.9556274414062,1600,0.0,0.0
2011-05-27 00:00:00+09:00,896.7374708458377,896.7374708458377,880.1992797851562,880.1992797851562,3000,0.0,0.0
2011-05-30 00:00:00+09:00,882.0369347713097,886.6308771399102,882.0369347713097,883.87451171875,1600,0.0,0.0
2011-05-31 00:00:00+09:00,885.7119750976562,897.656223724492,885.7119750976562,885.7119750976562,3200,0.0,0.0
2011-06-01 00:00:00+09:00,896.7374529246795,896.7374529246795,885.7119924379007,895.8186645507812,600,0.0,0.0
2011-06-02 00:00:00+09:00,895.8187525373456,895.8187525373456,888.4684448242188,888.4684448242188,1500,0.0,0.0
2011-06-03 00:00:00+09:00,889.3872418005031,895.818761111044,889.3872418005031,890.3060302734375,2500,0.0,0.0
2011-06-06 00:00:00+09:00,904.0878659846486,904.0878659846486,891.2248272409645,892.1436157226562,1400,0.0,0.0
2011-06-07 00:00:00+09:00,900.4126586914062,902.2502355458786,899.4938702641701,900.4126586914062,900,0.0,0.0
2011-06-08 00:00:00+09:00,900.4126586914062,902.2502355458786,900.4126586914062,900.4126586914062,1000,0.0,0.0
2011-06-09 00:00:00+09:00,900.4127711572017,905.0067138671875,900.4127711572017,905.0067138671875,1600,0.0,0.0
2011-06-10 00:00:00+09:00,905.9253624077419,914.1944580078125,905.006574007734,914.1944580078125,7700,0.0,0.0
2011-06-13 00:00:00+09:00,914.1945111195407,915.1132995729272,905.9254150390625,905.9254150390625,1900,0.0,0.0
2011-06-14 00:00:00+09:00,905.9253624077419,914.1944580078125,905.9253624077419,914.1944580078125,1500,0.0,0.0
2011-06-15 00:00:00+09:00,914.1944231305803,916.9507882254463,913.275634765625,913.275634765625,2700,0.0,0.0
2011-06-16 00:00:00+09:00,914.194431841134,916.9507969622631,913.2756434674244,915.1132202148438,3800,0.0,0.0
2011-06-17 00:00:00+09:00,916.9508830922092,927.0575561523438,916.032094632197,927.0575561523438,6500,0.0,0.0
2011-06-20 00:00:00+09:00,950.9460379860618,953.7024033135576,928.8951153660952,929.8139038085938,10500,0.0,0.0
2011-06-21 00:00:00+09:00,937.1641409397125,942.6768711805344,937.1641409397125,940.8392944335938,1100,0.0,0.0
2011-06-22 00:00:00+09:00,942.6768796480618,956.4587053739107,942.6768796480618,955.5399169921875,3900,0.0,0.0
2011-06-23 00:00:00+09:00,949.1084594726562,954.6211901181896,949.1084594726562,949.1084594726562,3700,0.0,0.0
2011-06-24 00:00:00+09:00,949.1084927274981,962.8903198242188,944.5145503619245,962.8903198242188,3300,0.0,0.0
2011-06-27 00:00:00+09:00,960.1338762889877,961.971453085713,956.4587226955371,959.215087890625,4100,0.0,0.0
2011-06-28 00:00:00+09:00,1018.9364047769728,1018.9364047769728,973.9157701204609,986.77880859375,9000,0.0,0.0
2011-06-29 00:00:00+09:00,986.7788442547402,992.2915752282303,978.5097477945048,981.26611328125,2500,0.0,0.0
2011-06-30 00:00:00+09:00,983.1036987304688,983.1036987304688,974.8346021990909,983.1036987304688,2300,0.0,0.0
2011-07-01 00:00:00+09:00,983.1036360169855,1004.2357702491264,983.1036360169855,1002.398193359375,3000,0.0,0.0
2011-07-04 00:00:00+09:00,1002.3981321574561,1009.7484392676848,1002.3981321574561,1008.8296508789062,3100,0.0,0.0
2011-07-05 00:00:00+09:00,1008.8296770845202,1010.6672539098108,1003.3169466086485,1007.910888671875,3000,0.0,0.0
2011-07-06 00:00:00+09:00,1006.0732943448153,1010.667236328125,1002.3981407581676,1010.667236328125,3200,0.0,0.0
2011-07-07 00:00:00+09:00,1007.910897280109,1009.7484741210938,1002.398166757155,1009.7484741210938,3800,0.0,0.0
2011-07-08 00:00:00+09:00,1002.3982124541725,1002.3982124541725,984.9412316689944,986.77880859375,9300,0.0,0.0
2011-07-11 00:00:00+09:00,1036.3933457971257,1037.3121342242507,1022.611519390249,1030.880615234375,14900,0.0,0.0
2011-07-12 00:00:00+09:00,1015.2613663439865,1039.1498690814922,1015.2613663439865,1031.799560546875,8200,0.0,0.0
2011-07-13 00:00:00+09:00,1015.2613333800448,1036.3934697309417,1015.2613333800448,1024.44921875,9200,0.0,0.0
2011-07-14 00:00:00+09:00,1025.3677120461705,1040.0683244052552,1025.3677120461705,1039.1495361328125,3600,0.0,0.0
2011-07-15 00:00:00+09:00,1055.6877780910927,1055.6877780910927,1029.9617051698128,1037.31201171875,11000,0.0,0.0
2011-07-19 00:00:00+09:00,1041.906157073067,1081.4140625,1041.906157073067,1081.4140625,12300,0.0,0.0
2011-07-20 00:00:00+09:00,1083.2515997688138,1130.109811463648,1082.3328113042091,1125.515869140625,18500,0.0,0.0
2011-07-21 00:00:00+09:00,1125.515869140625,1132.8661768574618,1104.3837344547194,1125.515869140625,6500,0.0,0.0
2011-07-22 00:00:00+09:00,1102.5461960799748,1103.464984576708,1074.9825411779755,1094.277099609375,9400,0.0,0.0
2011-07-25 00:00:00+09:00,1094.2770826408816,1098.8710250533118,1090.6019287109375,1090.6019287109375,3600,0.0,0.0
2011-07-26 00:00:00+09:00,1093.3582235277445,1102.54610775907,1088.7642814120816,1101.6273193359375,5000,0.0,0.0
2011-07-27 00:00:00+09:00,1101.6273380285995,1101.6273380285995,1085.0891461315898,1086.0079345703125,4600,0.0,0.0
2011-07-28 00:00:00+09:00,1085.0891277195515,1101.6273193359375,1074.0636666419607,1101.6273193359375,6700,0.0,0.0
2011-07-29 00:00:00+09:00,1093.3582785600674,1100.708586315093,1074.063720703125,1074.063720703125,3900,0.0,0.0
2011-08-01 00:00:00+09:00,1057.5252188688278,1079.5761356827736,1056.6064306682465,1072.225830078125,4000,0.0,0.0
2011-08-02 00:00:00+09:00,1080.495223445596,1080.495223445596,1061.2006658840673,1063.95703125,1200,0.0,0.0
2011-08-03 00:00:00+09:00,1058.444336790393,1063.9570677111763,1052.0128173828125,1052.0128173828125,5000,0.0,0.0
2011-08-04 00:00:00+09:00,1024.4489919538978,1050.175065294444,1020.773838619534,1021.692626953125,9300,0.0,0.0
2011-08-05 00:00:00+09:00,961.9714009965147,991.3726281520911,961.9714009965147,980.34716796875,9600,0.0,0.0
2011-08-08 00:00:00+09:00,984.0224255745126,999.6418291550603,984.0224255745126,989.53515625,5600,0.0,0.0
2011-08-09 00:00:00+09:00,974.8345938121781,981.26611328125,961.9715548740344,981.26611328125,8100,0.0,0.0
2011-08-10 00:00:00+09:00,1004.2357443813904,1004.2357443813904,992.291494905674,996.8854370117188,4700,0.0,0.0
2011-08-11 00:00:00+09:00,995.9667789069687,1006.0734528626667,995.0479903655416,998.72314453125,3400,0.0,0.0
2011-08-12 00:00:00+09:00,1020.7739264489089,1020.7739264489089,1002.3981581960032,1007.910888671875,3700,0.0,0.0
2011-08-15 00:00:00+09:00,1035.474451956989,1035.474451956989,1019.8550502859431,1021.692626953125,3600,0.0,0.0
2011-08-16 00:00:00+09:00,1018.9363751385663,1037.3121438516152,1018.0175867029138,1019.8551635742188,5500,0.0,0.0
2011-08-17 00:00:00+09:00,1026.2865686210796,1026.2865686210796,1018.0174736187612,1021.692626953125,4200,0.0,0.0
2011-08-18 00:00:00+09:00,1045.5811767578125,1045.5811767578125,1024.4490440113893,1045.5811767578125,5900,0.0,0.0
2011-08-19 00:00:00+09:00,1042.824829537139,1042.824829537139,1026.2866384079157,1029.9617919921875,9700,0.0,0.0
2011-08-22 00:00:00+09:00,1045.5812825809671,1045.5812825809671,1030.8806670086512,1035.474609375,4000,0.0,0.0
2011-08-23 00:00:00+09:00,1042.824847335679,1044.662424159178,1027.2054443359375,1027.2054443359375,5700,0.0,0.0
2011-08-24 00:00:00+09:00,1029.0433510342527,1034.5560832719361,1026.2869849154108,1032.718505859375,3300,0.0,0.0
2011-08-25 00:00:00+09:00,1032.7181748064345,1035.474540041683,1027.2054443359375,1027.2054443359375,5100,0.0,0.0
2011-08-26 00:00:00+09:00,1028.1241628995506,1031.799316296868,1023.5302211529038,1025.3677978515625,10700,0.0,0.0
2011-08-29 00:00:00+09:00,980.3472914301772,980.3472914301772,948.1896951789529,967.4842529296875,16100,0.0,0.0
2011-08-30 00:00:00+09:00,977.5908116339745,982.1847534179688,964.7277746387906,982.1847534179688,6400,0.0,0.0
2011-08-31 00:00:00+09:00,983.1036987304688,986.7788527444144,977.5909677095502,983.1036987304688,3600,0.0,0.0
2011-09-01 00:00:00+09:00,987.6976412479008,987.6976412479008,971.1594481851453,983.1036987304688,3100,0.0,0.0
2011-09-02 00:00:00+09:00,978.5094604492188,978.5094604492188,968.4027899657057,978.5094604492188,1800,0.0,0.0
2011-09-05 00:00:00+09:00,972.9968523050752,972.9968523050752,968.402910603918,972.0780639648438,1000,0.0,0.0
2011-09-06 00:00:00+09:00,969.3219506605616,974.8346821335126,951.8649676628833,973.9158935546875,2700,0.0,0.0
2011-09-07 00:00:00+09:00,946.3521019028074,956.45877483575,946.3521019028074,947.6646728515625,2600,0.0,0.0
2011-09-08 00:00:00+09:00,954.6212421042383,964.7279155047643,953.7024536132812,953.7024536132812,2500,0.0,0.0
2011-09-09 00:00:00+09:00,950.9461122870332,976.6721906870689,950.9461122870332,965.646728515625,9300,0.0,0.0
2011-09-12 00:00:00+09:00,950.9460097431106,957.3775286495857,946.3520676670569,956.458740234375,3000,0.0,0.0
2011-09-13 00:00:00+09:00,946.3520591229172,955.5399431920717,944.5144823090864,954.6211547851562,1700,0.0,0.0
2011-09-14 00:00:00+09:00,954.6211286104642,955.5399169921875,927.9762655404897,955.5399169921875,3100,0.0,0.0
2011-09-15 00:00:00+09:00,938.0829807708622,953.7023839766454,938.0829807708622,951.8648071289062,2700,0.0,0.0
2011-09-16 00:00:00+09:00,951.8646513699804,986.7786057638599,951.8646513699804,963.8088989257812,5000,0.0,0.0
2011-09-20 00:00:00+09:00,1000.5606716884656,1000.5606716884656,978.5097477945048,981.26611328125,7100,0.0,0.0
2011-09-21 00:00:00+09:00,979.4282283691872,979.4282283691872,957.3773114077796,961.9712524414062,2200,0.0,0.0
2011-09-22 00:00:00+09:00,937.1642363757622,941.7581787109375,932.5702940405869,941.7581787109375,1400,0.0,0.0
2011-09-26 00:00:00+09:00,964.7278629683341,987.6975739913896,941.7581519452784,949.1084594726562,4600,0.0,0.0
2011-09-27 00:00:00+09:00,947.2709341765828,953.7024536132812,942.6769917217982,953.7024536132812,5900,0.0,0.0
2011-09-28 00:00:00+09:00,983.1034986707899,992.2913818359375,959.2150024414062,992.2913818359375,7000,0.0,0.0
2011-09-29 00:00:00+09:00,992.2916199551569,1024.44921875,975.7534262892376,1024.44921875,6100,0.0,0.0
2011-09-30 00:00:00+09:00,1029.0430130586435,1029.0430130586435,986.7787464508777,1012.5048217773438,2400,0.0,0.0
2011-10-03 00:00:00+09:00,1011.5859364827473,1011.5859364827473,977.5907687717014,992.2913818359375,1900,0.0,0.0
2011-10-04 00:00:00+09:00,974.8344465635779,992.291425342756,974.8344465635779,982.1847534179688,2000,0.0,0.0
2011-10-05 00:00:00+09:00,969.3218145110727,969.3218145110727,942.6769494676404,944.5145263671875,4300,0.0,0.0
2011-10-06 00:00:00+09:00,947.2709067146322,967.4842529296875,947.2709067146322,967.4842529296875,1700,0.0,0.0
2011-10-07 00:00:00+09:00,972.0782131231399,972.0782131231399,946.3521356491816,964.7279052734375,3300,0.0,0.0
2011-10-11 00:00:00+09:00,951.8649676628833,979.4286250276385,942.6770818746314,973.9158935546875,4900,0.0,0.0
2011-10-12 00:00:00+09:00,953.7021585808784,962.8900406481315,946.3518529270758,961.9712524414062,2600,0.0,0.0
2011-10-13 00:00:00+09:00,959.2151659317599,975.7533584478248,955.540012039301,962.8903198242188,3500,0.0,0.0
2011-10-14 00:00:00+09:00,962.8903127271076,969.3218319915062,948.189697265625,948.189697265625,1700,0.0,0.0
2011-10-17 00:00:00+09:00,975.753261390099,975.753261390099,952.7835518470176,955.5399169921875,1800,0.0,0.0
2011-10-18 00:00:00+09:00,961.0527513485863,981.2660979352679,961.0527513485863,964.7279052734375,2700,0.0,0.0
2011-10-19 00:00:00+09:00,971.1593608367137,1003.3169555664062,971.1593608367137,1003.3169555664062,2700,0.0,0.0
2011-10-20 00:00:00+09:00,1010.6673657156874,1010.6673657156874,964.7279400013381,965.646728515625,7800,0.0,0.0
2011-10-21 00:00:00+09:00,965.646659514268,986.7787938328485,955.5399865792947,957.3775634765625,2100,0.0,0.0
2011-10-24 00:00:00+09:00,953.702357500449,960.1338762889877,953.702357500449,959.215087890625,2000,0.0,0.0
2011-10-25 00:00:00+09:00,973.9156406453066,978.5095823464637,959.2150272016038,972.0780639648438,2100,0.0,0.0
2011-10-26 00:00:00+09:00,957.3775110938997,977.5908558578784,951.8647807037237,959.215087890625,2800,0.0,0.0
2011-10-27 00:00:00+09:00,955.5400135623187,967.4842637318477,942.6769749182106,950.0272827148438,5000,0.0,0.0
2011-10-28 00:00:00+09:00,950.9460277538873,955.5399699169495,947.2708740234375,947.2708740234375,8900,0.0,0.0
2011-10-31 00:00:00+09:00,948.1896014213562,950.9459665417671,940.8392944335938,940.8392944335938,2600,0.0,0.0
2011-11-01 00:00:00+09:00,949.1084600080524,949.1084600080524,940.8393640350877,942.6769409179688,2100,0.0,0.0
2011-11-02 00:00:00+09:00,939.0016913560213,944.5144214422602,928.89501953125,928.89501953125,3300,0.0,0.0
2011-11-04 00:00:00+09:00,930.7327099923928,944.5145368925762,923.3824023122949,927.0575561523438,2100,0.0,0.0
2011-11-07 00:00:00+09:00,945.4333333013568,945.4333333013568,928.8951408820911,935.32666015625,2700,0.0,0.0
2011-11-08 00:00:00+09:00,926.1387854513544,935.3266702276575,923.3824200184634,924.3012084960938,3400,0.0,0.0
2011-11-09 00:00:00+09:00,925.2199870111432,943.5957563658828,918.7884677369843,935.32666015625,4000,0.0,0.0
2011-11-10 00:00:00+09:00,919.7072745429144,927.0575824313693,919.7072745429144,926.1387939453125,3800,0.0,0.0
2011-11-11 00:00:00+09:00,926.1386980589002,926.1386980589002,924.3011212770373,925.2199096679688,1300,0.0,0.0
2011-11-14 00:00:00+09:00,924.301252719171,927.9764068055296,920.6260986328125,920.6260986328125,2100,0.0,0.0
2011-11-15 00:00:00+09:00,920.6260553766657,927.0575747256045,917.8696899414062,917.8696899414062,4400,0.0,0.0
2011-11-16 00:00:00+09:00,918.7884272361289,922.4635809450733,900.4126586914062,900.4126586914062,4500,0.0,0.0
2011-11-17 00:00:00+09:00,900.4127272556717,908.6818237304688,900.4127272556717,908.6818237304688,6600,0.0,0.0
2011-11-18 00:00:00+09:00,898.5750122070312,900.412588919111,893.0622820707919,898.5750122070312,7200,0.0,0.0
2011-11-21 00:00:00+09:00,896.7375054197713,898.5750822751397,893.9811401367188,893.9811401367188,2500,0.0,0.0
2011-11-22 00:00:00+09:00,893.9811834116451,896.737548828125,893.9811834116451,896.737548828125,1400,0.0,0.0
2011-11-24 00:00:00+09:00,894.8998586567607,894.8998586567607,885.7119750976562,885.7119750976562,4000,0.0,0.0
2011-11-25 00:00:00+09:00,885.7120623722254,900.4126775153329,884.7932739257812,884.7932739257812,2200,0.0,0.0
2011-11-28 00:00:00+09:00,907.7630032857259,907.7630032857259,882.0369262695312,882.0369262695312,3300,0.0,0.0
2011-11-29 00:00:00+09:00,891.2248081716931,907.7630004882812,891.2248081716931,907.7630004882812,1000,0.0,0.0
2011-11-30 00:00:00+09:00,907.7629045758928,913.275634765625,902.2501743861607,913.275634765625,1300,0.0,0.0
2011-12-01 00:00:00+09:00,913.2756173794822,916.031982421875,901.3313688624468,916.031982421875,2600,0.0,0.0
2011-12-02 00:00:00+09:00,918.7883912976775,918.7883912976775,912.3568725585938,912.3568725585938,1600,0.0,0.0
2011-12-05 00:00:00+09:00,916.9508057872414,916.9508057872414,910.519287109375,910.519287109375,2600,0.0,0.0
2011-12-06 00:00:00+09:00,910.519349843448,910.519349843448,886.630850251188,891.2247924804688,3900,0.0,0.0
2011-12-07 00:00:00+09:00,892.1435966337258,907.7630004882812,892.1435966337258,907.7630004882812,1600,0.0,0.0
2011-12-08 00:00:00+09:00,907.7629397019941,909.6005165030102,892.1435368933566,901.3314208984375,4600,0.0,0.0
2011-12-09 00:00:00+09:00,890.3059864259819,895.818716992087,890.3059864259819,893.9811401367188,9900,0.0,0.0
2011-12-12 00:00:00+09:00,900.4126941594745,904.0878480131867,882.0369248909138,894.8999633789062,5100,0.0,0.0
2011-12-13 00:00:00+09:00,894.8998586567607,897.656223724492,884.7931867417459,885.7119750976562,6100,0.0,0.0
2011-12-14 00:00:00+09:00,886.6308763816999,891.2248187463719,886.6308763816999,890.3060302734375,5400,0.0,0.0
2011-12-15 00:00:00+09:00,888.4684617958894,893.9811926860397,888.4684617958894,892.1436157226562,3700,0.0,0.0
2011-12-16 00:00:00+09:00,895.8187518423343,898.5751172326185,891.2248095251941,894.8999633789062,8900,0.0,0.0
2011-12-19 00:00:00+09:00,896.737478895897,907.7629397019941,891.2247484928484,901.3314208984375,8100,0.0,0.0
2011-12-20 00:00:00+09:00,887.5496386970442,894.8999462638934,885.7120618053318,891.2247924804688,15100,0.0,0.0
2011-12-21 00:00:00+09:00,895.8187347097495,899.4938884931742,891.2247924804688,891.2247924804688,2200,0.0,0.0
2011-12-22 00:00:00+09:00,891.2247924804688,891.2247924804688,890.3060040346127,891.2247924804688,3300,0.0,0.0
2011-12-26 00:00:00+09:00,891.2247839052815,892.1435723422973,889.38720703125,889.38720703125,3900,0.0,0.0
2011-12-27 00:00:00+09:00,889.3872155887565,892.143580926325,887.5496386970442,891.2247924804688,3400,0.0,0.0
2011-12-28 00:00:00+09:00,889.38720703125,891.2247839052815,888.4684185942342,889.38720703125,3700,0.0,0.0
2011-12-29 00:00:00+09:00,889.3872155887565,891.2247924804688,889.3872155887565,891.2247924804688,2500,0.0,0.0
2011-12-30 00:00:00+09:00,891.2247839052815,892.1435723422973,889.38720703125,889.38720703125,6500,0.0,0.0
2012-01-04 00:00:00+09:00,893.0623941974504,905.9254327970021,893.0623941974504,903.1690673828125,4900,0.0,0.0
2012-01-05 00:00:00+09:00,903.168962751116,912.3568464006696,902.2501743861607,906.8441162109375,6300,0.0,0.0
2012-01-06 00:00:00+09:00,918.7884852216749,932.5703125,918.7884852216749,932.5703125,7600,0.0,0.0
2012-01-10 00:00:00+09:00,954.6212319800968,964.7279052734375,933.4890969122024,964.7279052734375,6800,0.0,0.0
2012-01-11 00:00:00+09:00,941.7580563991407,946.3519981376731,925.2198661404241,928.89501953125,13200,0.0,0.0
2012-01-12 00:00:00+09:00,930.7326927982159,935.3266350134095,920.6260199247901,923.3823852539062,1300,0.0,0.0
2012-01-13 00:00:00+09:00,920.625950217247,940.8392944335938,920.625950217247,940.8392944335938,2000,0.0,0.0
2012-01-16 00:00:00+09:00,940.8394088669951,940.8394088669951,932.5703125,932.5703125,3000,0.0,0.0
2012-01-17 00:00:00+09:00,934.407870974657,941.7581787109375,930.7327171065168,941.7581787109375,1900,0.0,0.0
2012-01-18 00:00:00+09:00,941.7581780012264,949.1084857319677,937.1642356695131,948.189697265625,5600,0.0,0.0
2012-01-19 00:00:00+09:00,948.1896710317341,949.1084594726562,943.5957288271229,949.1084594726562,3100,0.0,0.0
2012-01-20 00:00:00+09:00,957.3775634765625,958.2963519251964,950.027255887491,957.3775634765625,8000,0.0,0.0
2012-01-23 00:00:00+09:00,960.1339176621549,987.6975708007812,960.1339176621549,987.6975708007812,4800,0.0,0.0
2012-01-24 00:00:00+09:00,988.6163678040854,989.53515625,982.1848486826834,989.53515625,3700,0.0,0.0
2012-01-25 00:00:00+09:00,984.0223301315664,990.4538486291583,974.8344465635779,982.1847534179688,4800,0.0,0.0
2012-01-26 00:00:00+09:00,993.2103965808591,1000.560704788673,987.6976654249986,995.0479736328125,15400,0.0,0.0
2012-01-27 00:00:00+09:00,1001.4792917152118,1009.74838678442,995.966561669073,1004.2356567382812,6700,0.0,0.0
2012-01-30 00:00:00+09:00,1010.6672633298532,1010.6672633298532,996.8854370117189,996.8854370117188,4800,0.0,0.0
2012-01-31 00:00:00+09:00,997.8043307746373,997.8043307746373,983.1037144832982,993.2103881835938,2800,0.0,0.0
2012-02-01 00:00:00+09:00,993.210319234364,995.9666845976416,984.9412231445312,984.9412231445312,2800,0.0,0.0
2012-02-02 00:00:00+09:00,986.7788685561329,995.0479652200112,986.7788685561329,993.2103881835938,3300,0.0,0.0
2012-02-03 00:00:00+09:00,984.9413798564188,990.4541114600928,984.9413798564188,985.8601684570312,1200,0.0,0.0
2012-02-06 00:00:00+09:00,984.9411097118088,986.7786864090324,979.4283796201382,980.34716796875,4300,0.0,0.0
2012-02-07 00:00:00+09:00,991.3728290621557,991.3728290621557,985.8600978532837,990.4540405273438,2700,0.0,0.0
2012-02-08 00:00:00+09:00,992.2914602131862,995.9666137695312,982.184787933237,995.9666137695312,3400,0.0,0.0
2012-02-09 00:00:00+09:00,995.9665005791034,1001.4792302871058,993.2101357251022,997.8040771484375,5900,0.0,0.0
2012-02-10 00:00:00+09:00,1010.6672893632561,1010.6672893632561,1002.398193359375,1002.398193359375,8200,0.0,0.0
2012-02-13 00:00:00+09:00,1001.4792917152118,1005.1544450793043,999.6417150331656,1004.2356567382812,2900,0.0,0.0
2012-02-14 00:00:00+09:00,1004.2357435981396,1009.7484741210938,1004.2357435981396,1009.7484741210938,2800,0.0,0.0
2012-02-15 00:00:00+09:00,1010.6673824176634,1023.5304218302518,1001.4794971229574,1022.6116333007812,5800,0.0,0.0
2012-02-16 00:00:00+09:00,1016.1800630242038,1018.9364284754448,1011.5861206054688,1011.5861206054688,6300,0.0,0.0
2012-02-17 00:00:00+09:00,1022.611641676009,1025.3680072869954,1018.9364875280269,1024.44921875,12000,0.0,0.0
2012-02-20 00:00:00+09:00,1024.4490534881425,1024.4490534881425,1006.0732857125704,1008.8296508789062,9700,0.0,0.0
2012-02-21 00:00:00+09:00,1020.7740054429389,1020.7740054429389,1011.5861206054688,1011.5861206054688,2800,0.0,0.0
2012-02-22 00:00:00+09:00,1011.585860203452,1020.7737426757812,1008.8294954617531,1020.7737426757812,4300,0.0,0.0
2012-02-23 00:00:00+09:00,1020.7737426757812,1023.53010741748,1014.3422249451507,1020.7737426757812,4800,0.0,0.0
2012-02-24 00:00:00+09:00,1019.8549641200475,1033.6367879595075,1019.8549641200475,1029.0428466796875,8300,0.0,0.0
2012-02-27 00:00:00+09:00,1019.6021452002763,1028.098829743612,1005.4410042947169,1025.2666015625,9400,30.0,0.0
2012-02-28 00:00:00+09:00,1031.8754126555727,1036.5957942322223,1012.9938863489749,1034.7076416015625,9100,0.0,0.0
2012-02-29 00:00:00+09:00,1038.483868816596,1038.483868816596,1027.1549538840513,1029.9871826171875,3200,0.0,0.0
2012-03-01 00:00:00+09:00,1029.9870097972728,1036.5955423990886,1014.8817924216942,1019.6021728515625,2300,0.0,0.0
2012-03-02 00:00:00+09:00,1036.5956249463918,1036.5956249463918,1017.7141017233246,1031.875244140625,3700,0.0,0.0
2012-03-05 00:00:00+09:00,1037.5398999695385,1043.2043580221473,1022.4346784959146,1029.043212890625,4300,0.0,0.0
2012-03-06 00:00:00+09:00,1043.2040701318847,1046.9803744581538,1034.7073853977788,1041.31591796875,2500,0.0,0.0
2012-03-07 00:00:00+09:00,1038.4838711683917,1038.4838711683917,1029.0431087032246,1037.539794921875,2100,0.0,0.0
2012-03-08 00:00:00+09:00,1043.2045145815378,1062.0860442572216,1040.3722851301852,1061.1419677734375,11000,0.0,0.0
2012-03-09 00:00:00+09:00,1063.0297067524812,1069.6382395653295,1058.309326171875,1058.309326171875,13100,0.0,0.0
2012-03-12 00:00:00+09:00,1052.6449414502392,1052.6449414502392,1040.3719511014922,1047.924560546875,2900,0.0,0.0
2012-03-13 00:00:00+09:00,1047.9248499805572,1047.9248499805572,1038.4840855663178,1043.2044677734375,1800,0.0,0.0
2012-03-14 00:00:00+09:00,1047.9247081980986,1047.9247081980986,1026.210952983183,1027.155029296875,7700,0.0,0.0
2012-03-15 00:00:00+09:00,1033.763427734375,1033.763427734375,1026.210818216681,1033.763427734375,2900,0.0,0.0
2012-03-16 00:00:00+09:00,1033.763417836782,1047.924560546875,1031.8752654754364,1047.924560546875,8500,0.0,0.0
2012-03-19 00:00:00+09:00,1057.3654007847533,1058.3094770354542,1052.64501953125,1052.64501953125,6400,0.0,0.0
2012-03-21 00:00:00+09:00,1052.6450484802963,1053.5891247569602,1043.2042857136569,1046.9805908203125,6700,0.0,0.0
2012-03-22 00:00:00+09:00,1040.3717986289344,1047.9244069674385,1038.4836465443084,1046.0362548828125,1800,0.0,0.0
2012-03-23 00:00:00+09:00,1046.0361551288277,1046.0361551288277,1031.8750158445926,1032.819091796875,2100,0.0,0.0
2012-03-26 00:00:00+09:00,1022.4345036687077,1055.4771699922578,1022.4345036687077,1047.924560546875,3900,0.0,0.0
2012-03-27 00:00:00+09:00,1053.588945591269,1058.309326171875,1037.5396516172084,1058.309326171875,7100,0.0,0.0
2012-03-28 00:00:00+09:00,1062.085693359375,1062.085693359375,1039.427865234375,1062.085693359375,3400,0.0,0.0
2012-03-29 00:00:00+09:00,1062.0858174767625,1081.9114194029953,1047.9246732437389,1069.638427734375,3800,0.0,0.0
2012-03-30 00:00:00+09:00,1069.6382429530074,1078.1349280250083,1062.0856340001176,1065.8619384765625,3700,0.0,0.0
2012-04-02 00:00:00+09:00,1065.8622454176025,1080.967467673299,1064.9181690266214,1077.191162109375,5700,0.0,0.0
2012-04-03 00:00:00+09:00,1082.855404203515,1131.0032905281698,1082.855404203515,1115.8980712890625,10500,0.0,0.0
2012-04-04 00:00:00+09:00,1131.003258863546,1131.003258863546,1113.0658115192996,1114.0098876953125,5400,0.0,0.0
2012-04-05 00:00:00+09:00,1109.2896728515625,1109.2896728515625,1070.5825438414229,1109.2896728515625,5200,0.0,0.0
2012-04-06 00:00:00+09:00,1114.009793491136,1114.009793491136,1069.6382169707265,1108.3453369140625,2700,0.0,0.0
2012-04-09 00:00:00+09:00,1098.9047913214174,1129.1152323199442,1087.5758759469697,1121.5626220703125,8500,0.0,0.0
2012-04-10 00:00:00+09:00,1131.9473876953125,1131.9473876953125,1109.2895584170076,1131.9473876953125,6700,0.0,0.0
2012-04-11 00:00:00+09:00,1086.6317534050056,1092.2962108510785,1040.3720175954093,1066.80615234375,14900,0.0,0.0
2012-04-12 00:00:00+09:00,1067.750503159927,1069.6386561274953,1054.533432386948,1061.1419677734375,7900,0.0,0.0
2012-04-13 00:00:00+09:00,1062.0855437665782,1076.2466843501327,1055.4770114942528,1067.75,3600,0.0,0.0
2012-04-16 00:00:00+09:00,1067.7501465688529,1091.35205078125,1066.806070400357,1091.35205078125,5300,0.0,0.0
2012-04-17 00:00:00+09:00,1092.296311056203,1095.1285400390625,1086.6318530904837,1095.1285400390625,4900,0.0,0.0
2012-04-18 00:00:00+09:00,1114.0097740075107,1114.0097740075107,1092.296024175161,1099.8486328125,5700,0.0,0.0
2012-04-19 00:00:00+09:00,1103.62501565004,1104.569091796875,1096.0724064753606,1104.569091796875,7900,0.0,0.0
2012-04-20 00:00:00+09:00,1104.5692115560455,1104.5692115560455,1096.0725253133066,1097.0166015625,6000,0.0,0.0
2012-04-23 00:00:00+09:00,1097.0165652828616,1105.513251244605,1080.023193359375,1080.023193359375,3000,0.0,0.0
2012-04-24 00:00:00+09:00,1089.4639370956086,1090.4080132975978,1071.5264892578125,1071.5264892578125,3300,0.0,0.0
2012-04-25 00:00:00+09:00,1071.5263723469466,1074.3586006438989,1049.8126220703125,1049.8126220703125,6200,0.0,0.0
2012-04-26 00:00:00+09:00,1070.5825214553006,1084.743665918995,1059.253605884345,1078.1351318359375,5600,0.0,0.0
2012-04-27 00:00:00+09:00,1076.2468675479702,1076.2468675479702,1056.421267356297,1063.973876953125,7100,0.0,0.0
2012-05-01 00:00:00+09:00,1075.3028385128596,1078.135067235896,1060.1976186566649,1066.80615234375,4300,0.0,0.0
2012-05-02 00:00:00+09:00,1066.8059758856746,1071.5263563099475,1048.8685302734375,1048.8685302734375,5000,0.0,0.0
2012-05-07 00:00:00+09:00,1048.8684830097516,1048.8684830097516,1040.3717986289344,1046.0362548828125,3200,0.0,0.0
2012-05-08 00:00:00+09:00,1047.9246203679504,1047.9246203679504,1040.3720104914246,1044.1483154296875,2000,0.0,0.0
2012-05-09 00:00:00+09:00,1044.1485442148614,1046.9807735391332,1041.3163148905896,1043.2044677734375,3100,0.0,0.0
2012-05-10 00:00:00+09:00,1038.4836945710358,1038.4836945710358,998.8324989601418,1019.6021728515625,8600,0.0,0.0
2012-05-11 00:00:00+09:00,1019.6022591939786,1029.043020853182,1006.3851928710938,1006.3851928710938,2200,0.0,0.0
2012-05-14 00:00:00+09:00,1006.385212784108,1010.1615175225099,978.0629272460938,978.0629272460938,4100,0.0,0.0
2012-05-15 00:00:00+09:00,971.4544391134511,981.8392776268116,961.0696006000906,977.118896484375,6200,0.0,0.0
2012-05-16 00:00:00+09:00,987.5036511380603,1010.1614786976334,987.5036511380603,997.8884887695312,3100,0.0,0.0
2012-05-17 00:00:00+09:00,1015.825937056108,1040.3719169477984,1014.8818609064276,1038.4837646484375,6200,0.0,0.0
2012-05-18 00:00:00+09:00,1066.8061142614943,1066.8061142614943,1000.7207797497202,1001.6648559570312,8000,0.0,0.0
2012-05-21 00:00:00+09:00,1001.6647478475011,1011.1055089016718,981.8391496337429,998.83251953125,3200,0.0,0.0
2012-05-22 00:00:00+09:00,998.8326497395834,998.8326497395834,967.6781341995019,977.118896484375,3100,0.0,0.0
2012-05-23 00:00:00+09:00,991.2798823142538,991.2798823142538,971.4542846679688,971.4542846679688,3700,0.0,0.0
2012-05-24 00:00:00+09:00,971.4544249077063,980.8951870545256,971.4544249077063,979.9511108398438,1900,0.0,0.0
2012-05-25 00:00:00+09:00,978.0627348133804,988.4475708007812,978.0627348133804,988.4475708007812,4300,0.0,0.0
2012-05-28 00:00:00+09:00,1016.7701550635222,1016.7701550635222,985.6156377774533,1010.16162109375,2400,0.0,0.0
2012-05-29 00:00:00+09:00,1010.16139079615,1010.16139079615,991.2798694728575,1007.3291625976562,1000,0.0,0.0
2012-05-30 00:00:00+09:00,1007.3294818230395,1007.3294818230395,990.3361072468308,1000.720947265625,1800,0.0,0.0
2012-05-31 00:00:00+09:00,999.7768709002801,1000.720947265625,999.7768709002801,1000.720947265625,900,0.0,0.0
2012-06-01 00:00:00+09:00,988.4478112262228,988.4478112262228,962.9577530570652,977.118896484375,6200,0.0,0.0
2012-06-04 00:00:00+09:00,962.957735117416,976.1748020700079,962.957735117416,968.6221923828125,2600,0.0,0.0
2012-06-05 00:00:00+09:00,963.9017788157744,967.6780835319968,949.7406361299402,962.9577026367188,4000,0.0,0.0
2012-06-06 00:00:00+09:00,962.9577026367188,962.9577026367188,960.1254740995519,962.9577026367188,3000,0.0,0.0
2012-06-07 00:00:00+09:00,962.9577182392416,965.7899468222981,959.1814134618328,963.9017944335938,6400,0.0,0.0
2012-06-08 00:00:00+09:00,962.9577026367188,968.6221597110524,959.1813979204964,962.9577026367188,10800,0.0,0.0
2012-06-11 00:00:00+09:00,962.9578237458477,962.9578237458477,959.1815185546875,959.1815185546875,3800,0.0,0.0
2012-06-12 00:00:00+09:00,961.0695502786075,962.9577026367188,961.0695502786075,962.9577026367188,2800,0.0,0.0
2012-06-13 00:00:00+09:00,963.9018543284669,970.5103880995729,960.1255493164062,960.1255493164062,3400,0.0,0.0
2012-06-14 00:00:00+09:00,960.1254740995519,962.9577026367188,960.1254740995519,962.9577026367188,3000,0.0,0.0
2012-06-15 00:00:00+09:00,962.9577026367188,962.9577026367188,959.1813979204964,962.9577026367188,5200,0.0,0.0
2012-06-18 00:00:00+09:00,962.9577026367188,965.7899311738855,962.9577026367188,962.9577026367188,10900,0.0,0.0
2012-06-19 00:00:00+09:00,969.5663359723773,1019.6023786272322,969.5663359723773,991.2800903320312,8800,0.0,0.0
2012-06-20 00:00:00+09:00,1019.6022778888081,1019.6022778888081,1003.5529827738917,1014.8818969726562,11300,0.0,0.0
2012-06-21 00:00:00+09:00,1019.6024494696101,1029.043212890625,1015.8261441012041,1029.043212890625,1700,0.0,0.0
2012-06-22 00:00:00+09:00,1029.0430467858162,1033.763427734375,1020.5463610784104,1033.763427734375,1800,0.0,0.0
2012-06-25 00:00:00+09:00,1033.7634875947024,1038.483868816596,1029.0431063728088,1029.9871826171875,2900,0.0,0.0
2012-06-26 00:00:00+09:00,1027.154884572072,1048.868636727548,1027.154884572072,1047.924560546875,2000,0.0,0.0
2012-06-27 00:00:00+09:00,1050.7570231619056,1077.191162109375,1050.7570231619056,1077.191162109375,7400,0.0,0.0
2012-06-28 00:00:00+09:00,1073.4146006514386,1083.7994384765625,1056.4212296648723,1083.7994384765625,10400,0.0,0.0
2012-06-29 00:00:00+09:00,1084.7436482496,1084.7436482496,1067.7502751699717,1069.638427734375,2800,0.0,0.0
2012-07-02 00:00:00+09:00,1085.687484276409,1094.1841689359633,1080.9671039099896,1084.743408203125,2700,0.0,0.0
2012-07-03 00:00:00+09:00,1092.296126949746,1093.2402031182419,1086.6316699387705,1091.35205078125,1700,0.0,0.0
2012-07-04 00:00:00+09:00,1094.1843704937648,1096.072522988146,1089.4639892578125,1089.4639892578125,2800,0.0,0.0
2012-07-05 00:00:00+09:00,1085.6875937702746,1094.1842792867378,1085.6875937702746,1091.35205078125,2600,0.0,0.0
2012-07-06 00:00:00+09:00,1094.1843704937648,1097.0165992353363,1085.6876842690506,1089.4639892578125,2600,0.0,0.0
2012-07-09 00:00:00+09:00,1038.4839538141346,1073.4147777151554,1020.5465037027994,1064.9180908203125,10400,0.0,0.0
2012-07-10 00:00:00+09:00,1052.6448346128557,1052.6448346128557,1033.7633129157641,1048.8685302734375,6700,0.0,0.0
2012-07-11 00:00:00+09:00,1024.3228740994327,1025.2669504810913,1012.9939575195312,1012.9939575195312,6700,0.0,0.0
2012-07-12 00:00:00+09:00,1013.9377163357204,1031.8751619692202,1012.9936402497468,1019.6021728515625,4100,0.0,0.0
2012-07-13 00:00:00+09:00,1012.0497930082796,1026.2109375,1012.0497930082796,1026.2109375,3500,0.0,0.0
2012-07-17 00:00:00+09:00,1019.6023415858726,1027.1549515235458,1018.6582653436635,1022.4345703125,2900,0.0,0.0
2012-07-18 00:00:00+09:00,1007.3293942821268,1021.4905385316413,1007.3293942821268,1017.7142333984375,5300,0.0,0.0
2012-07-19 00:00:00+09:00,1023.3785798493807,1047.924560546875,1023.3785798493807,1047.924560546875,3900,0.0,0.0
2012-07-20 00:00:00+09:00,1076.2467367342203,1076.2467367342203,1047.9244541885828,1048.8685302734375,14100,0.0,0.0
2012-07-23 00:00:00+09:00,1057.365368629355,1065.8620546272696,1002.6089477539062,1002.6089477539062,5300,0.0,0.0
2012-07-24 00:00:00+09:00,1011.1055257828509,1047.9244945088371,1011.1055257828509,1036.5955810546875,1500,0.0,0.0
2012-07-25 00:00:00+09:00,1020.5463084394604,1026.210765285563,1011.1055470292896,1015.825927734375,7300,0.0,0.0
2012-07-26 00:00:00+09:00,1016.770010141226,1033.7633807842549,1016.770010141226,1030.93115234375,3300,0.0,0.0
2012-07-27 00:00:00+09:00,1029.9871229755279,1035.6515801137984,1022.4345134578339,1033.763427734375,8700,0.0,0.0
2012-07-30 00:00:00+09:00,1038.4838711683917,1038.4838711683917,1020.546422484574,1037.539794921875,4400,0.0,0.0
2012-07-31 00:00:00+09:00,1037.5398705475523,1038.483946862882,1032.8194889709027,1034.7076416015625,2300,0.0,0.0
2012-08-01 00:00:00+09:00,1034.7076416015625,1038.483946862882,1032.8194889709027,1034.7076416015625,1700,0.0,0.0
2012-08-02 00:00:00+09:00,1035.6515330779248,1043.2041422526042,1030.93115234375,1030.93115234375,3100,0.0,0.0
2012-08-03 00:00:00+09:00,1038.4838161183827,1038.4838161183827,1012.0496826171875,1012.0496826171875,5400,0.0,0.0
2012-08-06 00:00:00+09:00,1013.9378557862001,1029.0430752392533,1012.9937795703843,1028.0989990234375,3600,0.0,0.0
2012-08-07 00:00:00+09:00,1028.098917567597,1029.0429937086142,1013.9377754523408,1015.825927734375,4700,0.0,0.0
2012-08-08 00:00:00+09:00,1019.6022510440669,1025.2667079943117,1019.6022510440669,1024.3226318359375,3900,0.0,0.0
2012-08-09 00:00:00+09:00,1026.2107747025923,1038.4837646484375,1024.3226224032317,1038.4837646484375,5700,0.0,0.0
2012-08-10 00:00:00+09:00,1040.3721475023995,1046.03660565577,1033.7636129901339,1045.092529296875,4200,0.0,0.0
2012-08-13 00:00:00+09:00,1039.427916200789,1041.3160686371211,1035.651611328125,1035.651611328125,5500,0.0,0.0
2012-08-14 00:00:00+09:00,1033.76341499564,1045.0923291325785,1033.76341499564,1040.3719482421875,6400,0.0,0.0
2012-08-15 00:00:00+09:00,1042.2600377817623,1043.2041139029413,1034.7074288123292,1036.5955810546875,8300,0.0,0.0
2012-08-16 00:00:00+09:00,1042.2600692471592,1042.2600692471592,1036.5956123490766,1038.4837646484375,7200,0.0,0.0
2012-08-17 00:00:00+09:00,1044.1484529379798,1046.03660565577,1027.155078477868,1045.092529296875,16200,0.0,0.0
2012-08-20 00:00:00+09:00,1018.6579525126399,1035.6513196537219,1014.8816487035106,1032.819091796875,13100,0.0,0.0
2012-08-21 00:00:00+09:00,1032.819091796875,1035.6513196537219,1027.154636083181,1032.819091796875,4800,0.0,0.0
2012-08-22 00:00:00+09:00,1026.2109547635935,1037.5398705475523,1026.2109547635935,1034.7076416015625,5200,0.0,0.0
2012-08-23 00:00:00+09:00,1037.5396136424806,1043.2040701318847,1036.5955375609133,1041.31591796875,5600,0.0,0.0
2012-08-24 00:00:00+09:00,1042.260144855287,1042.260144855287,1031.875306455461,1035.651611328125,7400,0.0,0.0
2012-08-27 00:00:00+09:00,1038.4837332970458,1039.427809418225,1033.7633526911502,1036.5955810546875,8200,0.0,0.0
2012-08-28 00:00:00+09:00,1037.5396136424806,1041.31591796875,1032.8192332346441,1041.31591796875,17500,0.0,0.0
2012-08-29 00:00:00+09:00,991.2802907468214,1030.9315023766942,991.2802907468214,1018.6585083007812,23200,0.0,0.0
2012-08-30 00:00:00+09:00,1001.6649147895893,1006.3852961033951,991.2800758992165,994.1123046875,3300,0.0,0.0
2012-08-31 00:00:00+09:00,989.3919356743341,989.3919356743341,972.3985627333628,983.7274780273438,2800,0.0,0.0
2012-09-03 00:00:00+09:00,981.8392788663979,983.7274313257564,967.6781354212095,980.8952026367188,6200,0.0,0.0
2012-09-04 00:00:00+09:00,971.4544353764777,971.4544353764777,964.845901802488,965.7899780273438,4900,0.0,0.0
2012-09-05 00:00:00+09:00,967.6781616210938,972.3985428972942,967.6781616210938,967.6781616210938,3000,0.0,0.0
2012-09-06 00:00:00+09:00,967.6780849695206,968.6221611499786,963.9017802476883,966.7340087890625,3900,0.0,0.0
2012-09-07 00:00:00+09:00,968.6221597110524,969.5662358901079,962.9577026367188,962.9577026367188,3900,0.0,0.0
2012-09-10 00:00:00+09:00,962.957735117416,968.6221923828125,961.0695826956171,968.6221923828125,3500,0.0,0.0
2012-09-11 00:00:00+09:00,971.4543911232558,971.4543911232558,963.9017816684589,970.5103149414062,3700,0.0,0.0
2012-09-12 00:00:00+09:00,964.8459055140398,980.8952013983243,964.8459055140398,977.118896484375,2500,0.0,0.0
2012-09-13 00:00:00+09:00,981.8392333984375,981.8392333984375,968.622166794997,981.8392333984375,3200,0.0,0.0
2012-09-14 00:00:00+09:00,985.6156305763405,988.4478593998358,973.3426390078612,983.7274780273438,9200,0.0,0.0
2012-09-18 00:00:00+09:00,984.6712982206826,1000.7205907132536,969.5660817570863,990.3357543945312,4500,0.0,0.0
2012-09-19 00:00:00+09:00,996.0003364729002,997.8884887695312,981.839194248167,997.8884887695312,7500,0.0,0.0
2012-09-20 00:00:00+09:00,969.5662246245303,978.0629101373061,969.5662246245303,973.342529296875,8400,0.0,0.0
2012-09-21 00:00:00+09:00,978.0629428433131,979.0070190429688,976.1747904440016,979.0070190429688,900,0.0,0.0
2012-09-24 00:00:00+09:00,979.0070501773603,980.8952026367188,974.2866690289641,980.8952026367188,1900,0.0,0.0
2012-09-25 00:00:00+09:00,985.6156326729911,991.2800903320312,969.5663359723773,991.2800903320312,4700,0.0,0.0
2012-09-26 00:00:00+09:00,991.2800424050965,999.7767284828544,976.1748227113045,984.6715087890625,4200,0.0,0.0
2012-09-27 00:00:00+09:00,985.6155668218084,991.2800241023936,976.1748046875,976.1748046875,2700,0.0,0.0
2012-09-28 00:00:00+09:00,985.6155179774981,985.6155179774981,969.5662231445312,969.5662231445312,3000,0.0,0.0
2012-10-01 00:00:00+09:00,969.5662583819269,986.559629999137,967.6781059800147,982.7833251953125,3500,0.0,0.0
2012-10-02 00:00:00+09:00,997.8885416509106,997.8885416509106,971.4544080972441,975.230712890625,4200,0.0,0.0
2012-10-03 00:00:00+09:00,999.7766620032887,999.7766620032887,973.342529296875,973.342529296875,3900,0.0,0.0
2012-10-04 00:00:00+09:00,1001.6648304074309,1001.6648304074309,972.3984687272892,974.28662109375,2900,0.0,0.0
2012-10-05 00:00:00+09:00,996.0004223115864,996.0004223115864,975.2307452586433,980.8952026367188,2800,0.0,0.0
2012-10-09 00:00:00+09:00,979.0070034306942,979.9510796152947,973.3425463230914,978.0629272460938,1200,0.0,0.0
2012-10-10 00:00:00+09:00,979.0070034306942,979.0070034306942,962.9577082924861,978.0629272460938,3000,0.0,0.0
2012-10-11 00:00:00+09:00,970.5103474069149,979.9511095412233,970.5103474069149,976.1748046875,2500,0.0,0.0
2012-10-12 00:00:00+09:00,976.1748033838365,976.1748033838365,969.5662698986462,972.3984985351562,2000,0.0,0.0
2012-10-15 00:00:00+09:00,972.3984673051054,985.6155338510001,970.5103149414062,970.5103149414062,21800,0.0,0.0
2012-10-16 00:00:00+09:00,972.3984687272892,979.0070020099018,972.3984687272892,974.28662109375,3500,0.0,0.0
2012-10-17 00:00:00+09:00,986.5596587692482,986.5596587692482,974.2866677989131,977.118896484375,2400,0.0,0.0
2012-10-18 00:00:00+09:00,986.5596313476562,986.5596313476562,980.8951741341768,986.5596313476562,6000,0.0,0.0
2012-10-19 00:00:00+09:00,972.3984842955894,976.1747890889703,968.6221795022084,975.230712890625,9100,0.0,0.0
2012-10-22 00:00:00+09:00,975.2306816330474,976.1747578011336,969.5662246245303,973.342529296875,3000,0.0,0.0
2012-10-23 00:00:00+09:00,972.3984516444666,973.3425278111117,968.6221469778861,969.5662231445312,2400,0.0,0.0
2012-10-24 00:00:00+09:00,969.5662231445312,969.5662231445312,966.7339946445959,969.5662231445312,2200,0.0,0.0
2012-10-25 00:00:00+09:00,968.6221469778861,973.3425278111117,962.9576899780154,969.5662231445312,3000,0.0,0.0
2012-10-26 00:00:00+09:00,972.3984959074196,974.2866483266573,961.0695813919933,964.8458862304688,5900,0.0,0.0
2012-10-29 00:00:00+09:00,945.9643581277072,960.1255012134513,945.9643581277072,953.5169677734375,5100,0.0,0.0
2012-10-30 00:00:00+09:00,947.8524922343281,952.5728731717501,945.020263671875,945.020263671875,4000,0.0,0.0
2012-10-31 00:00:00+09:00,945.0203721788195,954.4611351376489,945.0203721788195,951.62890625,4100,0.0,0.0
2012-11-01 00:00:00+09:00,951.628709198813,954.4609375,950.6846330984174,954.4609375,2000,0.0,0.0
2012-11-02 00:00:00+09:00,954.4610439791537,955.40512018487,950.6847391562886,953.5169677734375,3800,0.0,0.0
2012-11-05 00:00:00+09:00,953.5170588417659,953.5170588417659,948.7966773623511,951.62890625,1800,0.0,0.0
2012-11-06 00:00:00+09:00,956.3492565117109,958.2374090418426,948.7966463911841,949.74072265625,1200,0.0,0.0
2012-11-07 00:00:00+09:00,949.7407071089864,951.6288596082089,946.9084783601523,948.796630859375,3100,0.0,0.0
2012-11-08 00:00:00+09:00,948.796630859375,949.7407071089864,945.9644021105411,948.796630859375,2900,0.0,0.0
2012-11-09 00:00:00+09:00,953.5169952392579,953.5169952392579,944.0762329101562,944.0762329101562,2800,0.0,0.0
2012-11-12 00:00:00+09:00,944.0761704042734,944.0761704042734,940.2998657226562,940.2998657226562,4300,0.0,0.0
2012-11-13 00:00:00+09:00,943.1320033254987,944.0760794049036,942.1879272460938,942.1879272460938,2600,0.0,0.0
2012-11-14 00:00:00+09:00,944.0760794049036,944.0760794049036,942.1879272460938,942.1879272460938,1400,0.0,0.0
2012-11-15 00:00:00+09:00,943.1321566772461,944.0762329101562,941.2440042114258,944.0762329101562,3100,0.0,0.0
2012-11-16 00:00:00+09:00,944.0762329101562,944.0762329101562,940.2999279785157,944.0762329101562,4100,0.0,0.0
2012-11-19 00:00:00+09:00,944.0762496113184,948.796630859375,943.1321733617071,948.796630859375,7300,0.0,0.0
2012-11-20 00:00:00+09:00,948.7965542006777,950.6847065473457,942.1880209873398,947.8524780273438,6900,0.0,0.0
2012-11-21 00:00:00+09:00,947.8526010664683,951.62890625,945.9644484747024,951.62890625,2200,0.0,0.0
2012-11-22 00:00:00+09:00,948.7965542006777,948.7965542006777,945.9643256806758,947.8524780273438,4300,0.0,0.0
2012-11-26 00:00:00+09:00,948.7965542006777,949.7406303740117,945.9643256806758,947.8524780273438,6100,0.0,0.0
2012-11-27 00:00:00+09:00,948.7966773623511,961.0696692088294,947.8526010664683,951.62890625,17500,0.0,0.0
2012-11-28 00:00:00+09:00,962.957737699468,976.1748046875,956.3492042054521,976.1748046875,51400,0.0,0.0
2012-11-29 00:00:00+09:00,991.2799952580378,991.2799952580378,953.5169478196365,981.8392333984375,8500,0.0,0.0
2012-11-30 00:00:00+09:00,981.8392769466266,1029.0430883382915,981.8392769466266,1021.490478515625,10400,0.0,0.0
2012-12-03 00:00:00+09:00,1021.4901803694869,1032.819091796875,1016.7698006080752,1032.819091796875,5200,0.0,0.0
2012-12-04 00:00:00+09:00,1031.875335105945,1031.875335105945,1018.6582676846427,1029.9871826171875,2100,0.0,0.0
2012-12-05 00:00:00+09:00,1019.6023439290215,1029.9871826171875,993.1682090864173,1029.9871826171875,2600,0.0,0.0
2012-12-06 00:00:00+09:00,1029.987242697792,1029.987242697792,1008.2734878104876,1026.2109375,2400,0.0,0.0
2012-12-07 00:00:00+09:00,1012.0495659522024,1027.1547833544741,1011.1054898645605,1023.3784790039062,1500,0.0,0.0
2012-12-10 00:00:00+09:00,1024.322784901104,1027.155013799448,1022.4346323022079,1026.2109375,3000,0.0,0.0
2012-12-11 00:00:00+09:00,1007.3293184441554,1029.0430713253322,1007.3293184441554,1016.7700805664062,1500,0.0,0.0
2012-12-12 00:00:00+09:00,1019.6022510440669,1028.098936469434,1019.6022510440669,1024.3226318359375,2000,0.0,0.0
2012-12-13 00:00:00+09:00,1028.098829743612,1028.098829743612,1025.2666015625,1025.2666015625,2000,0.0,0.0
2012-12-14 00:00:00+09:00,1029.9870887861823,1029.9870887861823,1015.8259464105703,1024.3226318359375,9800,0.0,0.0
2012-12-17 00:00:00+09:00,1013.9378662109375,1023.3786284661604,1004.4971039557147,1013.9378662109375,3600,0.0,0.0
2012-12-18 00:00:00+09:00,1019.6023260599584,1032.8193932496245,1016.7700973764585,1021.490478515625,4500,0.0,0.0
2012-12-19 00:00:00+09:00,1027.1547340365523,1046.0362548828125,1026.2106579942395,1046.0362548828125,8100,0.0,0.0
2012-12-20 00:00:00+09:00,1031.8755788440722,1036.595961180962,1016.7703553660255,1018.6585083007812,8700,0.0,0.0
2012-12-21 00:00:00+09:00,1018.6580967655889,1023.3784771954572,1011.1054880777995,1019.6021728515625,4200,0.0,0.0
2012-12-25 00:00:00+09:00,1024.322727470641,1037.539794921875,1019.6023462380573,1037.539794921875,3400,0.0,0.0
2012-12-26 00:00:00+09:00,1022.4346784959146,1033.7635946011324,1022.4346784959146,1029.043212890625,2500,0.0,0.0
2012-12-27 00:00:00+09:00,1038.4837332970458,1038.4837332970458,1032.819276569971,1036.5955810546875,5100,0.0,0.0
2012-12-28 00:00:00+09:00,1026.2107841526858,1030.9311649445565,1021.4904033608151,1024.3226318359375,4000,0.0,0.0
2013-01-04 00:00:00+09:00,1029.043212890625,1032.819518259031,1021.490602153813,1029.043212890625,4800,0.0,0.0
2013-01-07 00:00:00+09:00,1029.0431063728088,1037.5397925722173,1027.1549538840513,1029.9871826171875,4400,0.0,0.0
2013-01-08 00:00:00+09:00,1023.3787240421071,1031.875410865335,1021.4905714147231,1027.155029296875,2600,0.0,0.0
2013-01-09 00:00:00+09:00,1023.3786179443584,1037.5397611815958,1023.3786179443584,1028.0989990234375,2300,0.0,0.0
2013-01-10 00:00:00+09:00,990.3357227984905,990.3357227984905,961.0693668339974,988.4475708007812,18000,0.0,0.0
2013-01-11 00:00:00+09:00,979.0070090058185,996.9444566153754,978.0629328158418,993.1681518554688,8300,0.0,0.0
2013-01-15 00:00:00+09:00,997.8886097385447,997.8886097385447,991.2800758992165,994.1123046875,10100,0.0,0.0
2013-01-16 00:00:00+09:00,991.279830423506,991.279830423506,983.7272221917078,990.3357543945312,7400,0.0,0.0
2013-01-17 00:00:00+09:00,990.3359829851689,990.3359829851689,982.7833730100676,989.3919067382812,6400,0.0,0.0
2013-01-18 00:00:00+09:00,989.3919377790179,994.1123191615513,982.783403843471,991.2800903320312,11500,0.0,0.0
2013-01-21 00:00:00+09:00,996.0003804253988,1002.6089137552356,993.1681518554688,993.1681518554688,20600,0.0,0.0
2013-01-22 00:00:00+09:00,992.2241521619777,1002.6089910523505,991.2800758992165,994.1123046875,19500,0.0,0.0
2013-01-23 00:00:00+09:00,994.1121841762691,999.7766410661624,985.6154988414291,997.8884887695312,14600,0.0,0.0
2013-01-24 00:00:00+09:00,986.559683696161,1008.2734375,986.559683696161,1008.2734375,4900,0.0,0.0
2013-01-25 00:00:00+09:00,1006.3851283745864,1006.3851283745864,997.8884434258329,998.83251953125,5800,0.0,0.0
2013-01-28 00:00:00+09:00,995.0564890735554,1002.6090999963149,994.1124127082105,1000.720947265625,7800,0.0,0.0
2013-01-29 00:00:00+09:00,1000.7207953099253,1005.4411764198778,998.8326428659443,1002.6089477539062,2100,0.0,0.0
2013-01-30 00:00:00+09:00,1009.217544812354,1012.9938499379381,1006.385315968166,1010.16162109375,12200,0.0,0.0
2013-01-31 00:00:00+09:00,1012.049483725782,1017.7139397914113,1009.2172556929673,1011.1054077148438,4400,0.0,0.0
2013-02-01 00:00:00+09:00,1022.4345207783713,1022.4345207783713,1012.0496826171875,1012.0496826171875,3600,0.0,0.0
2013-02-04 00:00:00+09:00,1026.2107747025923,1039.427840798118,1014.8818609064276,1038.4837646484375,9700,0.0,0.0
2013-02-05 00:00:00+09:00,1032.8192982726823,1032.8192982726823,1014.881851593358,1015.825927734375,4000,0.0,0.0
2013-02-06 00:00:00+09:00,1016.7702204433057,1034.707670943234,1016.7702204433057,1029.043212890625,5500,0.0,0.0
2013-02-07 00:00:00+09:00,1035.651884713584,1035.651884713584,1016.7703553660255,1018.6585083007812,4500,0.0,0.0
2013-02-08 00:00:00+09:00,1024.3226224032317,1041.3159930974787,1019.6022416548296,1038.4837646484375,12500,0.0,0.0
2013-02-12 00:00:00+09:00,1029.04300005008,1037.5396853715945,1020.5463147285657,1030.93115234375,4400,0.0,0.0
2013-02-13 00:00:00+09:00,1021.490478515625,1024.3227071991248,1019.6023260599584,1021.490478515625,2300,0.0,0.0
2013-02-14 00:00:00+09:00,1022.4344607214946,1024.3226130035287,1015.825927734375,1015.825927734375,3300,0.0,0.0
2013-02-15 00:00:00+09:00,1010.1615637816254,1024.3227071991248,1010.1615637816254,1021.490478515625,5700,0.0,0.0
2013-02-18 00:00:00+09:00,1020.5463918374686,1035.651611328125,1020.5463918374686,1035.651611328125,3400,0.0,0.0
2013-02-19 00:00:00+09:00,1033.7637033591982,1043.2044677734375,1030.9314740349264,1043.2044677734375,5800,0.0,0.0
2013-02-20 00:00:00+09:00,1038.4837646484375,1043.2041453968395,1029.0430031516335,1038.4837646484375,8500,0.0,0.0
2013-02-21 00:00:00+09:00,1037.5396884987572,1049.8126784446024,1037.5396884987572,1038.4837646484375,5200,0.0,0.0
2013-02-22 00:00:00+09:00,1039.4280526537414,1048.8688160747563,1029.043212890625,1029.043212890625,5100,0.0,0.0
2013-02-25 00:00:00+09:00,1029.0429444243941,1042.260009765625,1029.0429444243941,1042.260009765625,4300,0.0,0.0
2013-02-26 00:00:00+09:00,1001.1055070422286,1056.6161374518358,1001.1055070422286,1055.6590576171875,9800,15.0,0.0
2013-02-27 00:00:00+09:00,1055.6592256916103,1055.6592256916103,1016.4189462234725,1025.98974609375,4600,0.0,0.0
2013-02-28 00:00:00+09:00,1033.6461889443278,1033.6461889443278,1025.032470703125,1025.032470703125,3200,0.0,0.0
2013-03-01 00:00:00+09:00,1025.0326678936297,1048.0025876223385,1025.0326678936297,1045.13134765625,4400,0.0,0.0
2013-03-04 00:00:00+09:00,1044.1742441628196,1055.6592037686435,1043.2171641956677,1052.7879638671875,6200,0.0,0.0
2013-03-05 00:00:00+09:00,1052.787891332654,1061.4016104435575,1052.787891332654,1056.6162109375,5700,0.0,0.0
2013-03-06 00:00:00+09:00,1053.7452395919465,1053.7452395919465,1037.4748771277657,1048.9598388671875,1800,0.0,0.0
2013-03-07 00:00:00+09:00,1055.659227531908,1055.659227531908,1045.13134765625,1045.13134765625,3100,0.0,0.0
2013-03-08 00:00:00+09:00,1056.616306608133,1057.5733865960028,1035.560546875,1035.560546875,16700,0.0,0.0
2013-03-11 00:00:00+09:00,1053.7450438343394,1067.1441633744673,1052.7879638671875,1052.7879638671875,5900,0.0,0.0
2013-03-12 00:00:00+09:00,1066.1870828428225,1067.1441628094676,1048.0025634765625,1048.0025634765625,4100,0.0,0.0
2013-03-13 00:00:00+09:00,1048.0025634765625,1052.7879633097887,1045.1313235766268,1048.0025634765625,3600,0.0,0.0
2013-03-14 00:00:00+09:00,1068.1013172404903,1068.1013172404903,1044.17431640625,1044.17431640625,5000,0.0,0.0
2013-03-15 00:00:00+09:00,1054.7021238014916,1055.6592037686435,1044.1742441628196,1052.7879638671875,5200,0.0,0.0
2013-03-18 00:00:00+09:00,1052.7879174892194,1068.1011962890625,1048.9595977892584,1068.1011962890625,6200,0.0,0.0
2013-03-19 00:00:00+09:00,1048.9596685004537,1064.272948332577,1048.9596685004537,1054.7021484375,10800,0.0,0.0
2013-03-21 00:00:00+09:00,1049.9167725942264,1067.1442128008773,1047.0455325597845,1051.8309326171875,5900,0.0,0.0
2013-03-22 00:00:00+09:00,1052.7880126286682,1060.444652720513,1051.8309326171875,1051.8309326171875,3900,0.0,0.0
2013-03-25 00:00:00+09:00,1061.4017079161208,1063.3158678943282,1049.916748046875,1049.916748046875,7500,0.0,0.0
2013-03-26 00:00:00+09:00,1049.916723409853,1061.4016830095961,1045.1313235766268,1048.0025634765625,6800,0.0,0.0
2013-03-27 00:00:00+09:00,1055.65939988185,1055.65939988185,1045.1315182873802,1048.9598388671875,4600,0.0,0.0
2013-03-28 00:00:00+09:00,1048.9597170186194,1058.5305173563806,1048.9597170186194,1053.7451171875,4900,0.0,0.0
2013-03-29 00:00:00+09:00,1051.8309084689768,1076.7149881961773,1048.9596685004537,1054.7021484375,4800,0.0,0.0
2013-04-01 00:00:00+09:00,1050.873727946264,1052.7878877421588,1037.474609375,1037.474609375,8700,0.0,0.0
2013-04-02 00:00:00+09:00,1061.401806640625,1071.9296875,1024.07568359375,1024.07568359375,15800,0.0,0.0
2013-04-03 00:00:00+09:00,1028.8609865094736,1045.131346296135,1026.9468265345722,1030.775146484375,8500,0.0,0.0
2013-04-04 00:00:00+09:00,1030.775219973396,1045.1314208086799,1019.2902593051685,1041.3031005859375,8000,0.0,0.0
2013-04-05 00:00:00+09:00,1052.7880132897035,1063.3158934226005,1042.2601331568064,1061.4017333984375,10800,0.0,0.0
2013-04-08 00:00:00+09:00,1061.4016147880452,1081.500292795754,1061.4016147880452,1080.543212890625,10100,0.0,0.0
2013-04-09 00:00:00+09:00,1082.4574201716932,1095.856539431113,1067.1441410180707,1070.015380859375,7100,0.0,0.0
2013-04-10 00:00:00+09:00,1073.84375,1075.7579099821746,1061.4017101158645,1073.84375,5600,0.0,0.0
2013-04-11 00:00:00+09:00,1073.8437994298802,1087.242919921875,1073.8437994298802,1087.242919921875,3900,0.0,0.0
2013-04-12 00:00:00+09:00,1087.242944271293,1092.985424610754,1075.757983592371,1084.3717041015625,5600,0.0,0.0
2013-04-15 00:00:00+09:00,1080.543212890625,1088.1998521316568,1076.714893270109,1080.543212890625,5800,0.0,0.0
2013-04-16 00:00:00+09:00,1080.5432137517912,1094.8994123401676,1080.5432137517912,1085.32861328125,3700,0.0,0.0
2013-04-17 00:00:00+09:00,1091.071192002234,1101.5990719250626,1085.3287120443276,1097.770751953125,6500,0.0,0.0
2013-04-18 00:00:00+09:00,1102.5562259203766,1130.3115475798306,1100.6420658059315,1117.8695068359375,6300,0.0,0.0
2013-04-19 00:00:00+09:00,1145.6247791552362,1148.4960192032443,1118.8265387071604,1128.3973388671875,9800,0.0,0.0
2013-04-22 00:00:00+09:00,1128.39729065714,1148.4959701344937,1128.39729065714,1134.1397705078125,6000,0.0,0.0
2013-04-23 00:00:00+09:00,1134.139675054335,1146.581713683623,1129.354275581532,1145.6246337890625,4500,0.0,0.0
2013-04-24 00:00:00+09:00,1148.4959482357203,1156.152587890625,1134.1397488827738,1156.152587890625,6200,0.0,0.0
2013-04-25 00:00:00+09:00,1167.637719786745,1167.637719786745,1148.4961178230278,1164.7664794921875,6400,0.0,0.0
2013-04-26 00:00:00+09:00,1171.465990784757,1171.465990784757,1140.839428934175,1151.3673095703125,7500,0.0,0.0
2013-04-30 00:00:00+09:00,1136.0539299399165,1145.6247296866723,1129.3543701171875,1129.3543701171875,6400,0.0,0.0
2013-05-01 00:00:00+09:00,1129.3545164575874,1139.882397543209,1127.4403562602017,1136.0540771484375,3000,0.0,0.0
2013-05-02 00:00:00+09:00,1142.7535887438842,1142.7535887438842,1134.1398682257143,1137.0111083984375,3100,0.0,0.0
2013-05-07 00:00:00+09:00,1145.6246337890625,1158.0666724183504,1143.7104739999413,1145.6246337890625,4300,0.0,0.0
2013-05-08 00:00:00+09:00,1149.4530029296875,1162.8521220312825,1147.538843058031,1149.4530029296875,7000,0.0,0.0
2013-05-09 00:00:00+09:00,1155.1956050196618,1160.9380852434547,1144.667724609375,1144.667724609375,5600,0.0,0.0
2013-05-10 00:00:00+09:00,1153.2813468003312,1153.2813468003312,1144.6676271976733,1146.581787109375,4500,0.0,0.0
2013-05-13 00:00:00+09:00,1158.0667465795857,1158.0667465795857,1145.624707153524,1146.581787109375,8800,0.0,0.0
2013-05-14 00:00:00+09:00,1146.5816888402196,1147.538768714043,1143.71044921875,1143.71044921875,5900,0.0,0.0
2013-05-15 00:00:00+09:00,1143.710570776162,1162.85217028706,1134.139771020713,1138.9251708984375,12900,0.0,0.0
2013-05-16 00:00:00+09:00,1137.0109857090026,1137.0109857090026,1120.740626485894,1132.2255859375,5800,0.0,0.0
2013-05-17 00:00:00+09:00,1129.3543479040588,1148.4959470210767,1125.5260280806554,1146.581787109375,7200,0.0,0.0
2013-05-20 00:00:00+09:00,1153.2814205319212,1158.0668206171158,1146.5818604126487,1147.5389404296875,17400,0.0,0.0
2013-05-21 00:00:00+09:00,1151.3672116088867,1156.1526114908854,1146.581811726888,1148.4959716796875,3200,0.0,0.0
2013-05-22 00:00:00+09:00,1148.4960198302144,1148.4960198302144,1137.9681396484375,1137.9681396484375,2800,0.0,0.0
2013-05-23 00:00:00+09:00,1137.9680866805368,1142.7534865404211,1100.6419677734375,1100.6419677734375,13100,0.0,0.0
2013-05-24 00:00:00+09:00,1089.1571534497157,1114.9983161414048,1081.500512652178,1083.4146728515625,12200,0.0,0.0
2013-05-27 00:00:00+09:00,1111.169970703125,1111.169970703125,1081.50048828125,1081.50048828125,4400,0.0,0.0
2013-05-28 00:00:00+09:00,1103.5132310476445,1103.5132310476445,1081.5003912262257,1088.199951171875,4200,0.0,0.0
2013-05-29 00:00:00+09:00,1091.070988446501,1091.070988446501,1052.7877958694307,1063.315673828125,7800,0.0,0.0
2013-05-30 00:00:00+09:00,1062.358837491485,1066.1871576265894,1052.788037153724,1053.7451171875,5800,0.0,0.0
2013-05-31 00:00:00+09:00,1053.7451902973621,1076.715112701664,1052.7881101971827,1059.4876708984375,3800,0.0,0.0
2013-06-03 00:00:00+09:00,1053.7450926401486,1074.800852892722,1045.1313725368232,1051.8309326171875,6400,0.0,0.0
2013-06-04 00:00:00+09:00,1051.8309080250826,1075.7579077526777,1033.6463882321104,1049.916748046875,7000,0.0,0.0
2013-06-05 00:00:00+09:00,1048.9598388671875,1076.7151630707901,1045.1315182873802,1048.9598388671875,2700,0.0,0.0
2013-06-06 00:00:00+09:00,1043.2170606933137,1070.9723769869888,1019.2900638884211,1021.2042236328125,6400,0.0,0.0
2013-06-07 00:00:00+09:00,1019.2902334880647,1023.1185536138414,1001.105712890625,1001.105712890625,6700,0.0,0.0
2013-06-10 00:00:00+09:00,1045.131255785323,1045.131255785323,1003.9768198890143,1009.7192993164062,4700,0.0,0.0
2013-06-11 00:00:00+09:00,1012.5907226562499,1037.4748046875,1011.633642578125,1024.07568359375,3800,0.0,0.0
2013-06-12 00:00:00+09:00,1011.6337387781774,1039.3890636831604,1010.67665860904,1026.947021484375,4100,0.0,0.0
2013-06-13 00:00:00+09:00,1024.075780976963,1037.474903344886,1016.4191396238641,1026.947021484375,2800,0.0,0.0
2013-06-14 00:00:00+09:00,1022.1616206386882,1037.474903344886,1019.2903801312762,1026.947021484375,14500,0.0,0.0
2013-06-17 00:00:00+09:00,1025.032715295444,1043.2172359216004,1019.2902350977104,1034.603515625,5700,0.0,0.0
2013-06-18 00:00:00+09:00,1057.5731949415645,1068.1010729002587,1048.0023967972968,1063.315673828125,3300,0.0,0.0
2013-06-19 00:00:00+09:00,1071.9297363717606,1077.6722171023237,1056.6164544235926,1070.97265625,8000,0.0,0.0
2013-06-20 00:00:00+09:00,1030.7752198618205,1048.9597409178787,1025.0327395283284,1036.5177001953125,15200,0.0,0.0
2013-06-21 00:00:00+09:00,1031.7320334081492,1041.3028314917128,1030.774953599793,1039.388671875,3900,0.0,0.0
2013-06-24 00:00:00+09:00,1060.444652720513,1060.444652720513,1043.217212513862,1051.8309326171875,3200,0.0,0.0
2013-06-25 00:00:00+09:00,1051.8309326171875,1056.6163326745905,1044.1742925253427,1051.8309326171875,2200,0.0,0.0
2013-06-26 00:00:00+09:00,1059.4875236372513,1062.3587635387073,1051.8308839000356,1052.7879638671875,5500,0.0,0.0
2013-06-27 00:00:00+09:00,1062.358717497282,1072.8865966796875,1050.8737583892034,1072.8865966796875,6300,0.0,0.0
2013-06-28 00:00:00+09:00,1064.2728773486285,1074.800756531034,1056.6162379432426,1072.8865966796875,9800,0.0,0.0
2013-07-01 00:00:00+09:00,1072.8865959140135,1072.8865959140135,1067.1441163640723,1068.1011962890625,4800,0.0,0.0
2013-07-02 00:00:00+09:00,1070.9724608064764,1071.9295407535778,1063.315821229665,1070.015380859375,3400,0.0,0.0
2013-07-03 00:00:00+09:00,1071.9296875,1073.8438476562499,1063.315966796875,1067.144287109375,7500,0.0,0.0
2013-07-04 00:00:00+09:00,1079.5861561594002,1079.5861561594002,1072.8865966796875,1072.8865966796875,2400,0.0,0.0
2013-07-05 00:00:00+09:00,1081.500292795754,1081.500292795754,1073.843653554722,1080.543212890625,3000,0.0,0.0
2013-07-08 00:00:00+09:00,1111.1697707403273,1137.9680081052966,1085.32861328125,1085.32861328125,10300,0.0,0.0
2013-07-09 00:00:00+09:00,1135.096798077829,1135.096798077829,1100.6419205645054,1111.1697998046875,7900,0.0,0.0
2013-07-10 00:00:00+09:00,1134.1398679143022,1134.1398679143022,1112.1270265961343,1122.6549072265625,5500,0.0,0.0
2013-07-11 00:00:00+09:00,1122.6546858234979,1127.440085166309,1113.0838871378755,1114.998046875,5000,0.0,0.0
2013-07-12 00:00:00+09:00,1124.5689702438096,1129.3543701171875,1119.7835703704316,1129.3543701171875,3700,0.0,0.0
2013-07-16 00:00:00+09:00,1133.182738947201,1137.0110590112117,1125.5260988191794,1128.3973388671875,6900,0.0,0.0
2013-07-17 00:00:00+09:00,1128.397239305552,1129.3543192371087,1091.0711219748339,1115.9552001953125,11900,0.0,0.0
2013-07-18 00:00:00+09:00,1115.955346825381,1125.5261473984974,1110.2128664815111,1122.6549072265625,19600,0.0,0.0
2013-07-19 00:00:00+09:00,1123.6119381632939,1128.3973382406502,1103.5132578383968,1118.8265380859375,13000,0.0,0.0
2013-07-22 00:00:00+09:00,1118.8265147459285,1131.2685546875,1118.8265147459285,1131.2685546875,3100,0.0,0.0
2013-07-23 00:00:00+09:00,1134.1398437911705,1135.096923828125,1126.4832034955339,1135.096923828125,3900,0.0,0.0
2013-07-24 00:00:00+09:00,1137.9681396484375,1138.9252196649627,1130.3114995162362,1137.9681396484375,2200,0.0,0.0
2013-07-25 00:00:00+09:00,1140.8394776419018,1143.7107179379805,1136.0540771484375,1136.0540771484375,6000,0.0,0.0
2013-07-26 00:00:00+09:00,1140.8394531249999,1140.8394531249999,1121.6978515624999,1124.569091796875,5600,0.0,0.0
2013-07-29 00:00:00+09:00,1120.7405991139442,1128.3972385613495,1111.1697998046875,1111.1697998046875,6000,0.0,0.0
2013-07-30 00:00:00+09:00,1111.1698244706579,1128.3972636097378,1110.2127445184867,1113.083984375,6400,0.0,0.0
2013-07-31 00:00:00+09:00,1113.084130859375,1114.998291015625,1106.3845703125,1110.212890625,4000,0.0,0.0
2013-08-01 00:00:00+09:00,1105.427490234375,1110.212890625,1105.427490234375,1110.212890625,3700,0.0,0.0
2013-08-02 00:00:00+09:00,1110.2125508783204,1116.912109375,1101.5988328111612,1116.912109375,5400,0.0,0.0
2013-08-05 00:00:00+09:00,1111.169897649706,1115.9552977257167,1111.169897649706,1114.0411376953125,3000,0.0,0.0
2013-08-06 00:00:00+09:00,1112.1268072693133,1117.8692864806867,1111.169727400751,1114.998046875,5200,0.0,0.0
2013-08-07 00:00:00+09:00,1114.0410388563744,1114.0410388563744,1106.3843994140625,1106.3843994140625,7300,0.0,0.0
2013-08-08 00:00:00+09:00,1105.4275149263558,1114.041235821886,1089.1571532347991,1092.9854736328125,10400,0.0,0.0
2013-08-09 00:00:00+09:00,1100.6420162174252,1100.6420162174252,1091.0712160764042,1094.8995361328125,4700,0.0,0.0
2013-08-12 00:00:00+09:00,1092.028393533309,1100.6421144288392,1092.028393533309,1092.9854736328125,3500,0.0,0.0
2013-08-13 00:00:00+09:00,1092.9853524102105,1105.4273923238118,1092.9853524102105,1102.55615234375,3800,0.0,0.0
2013-08-14 00:00:00+09:00,1102.5561772001727,1110.2128173196184,1102.5561772001727,1109.2557373046875,3500,0.0,0.0
2013-08-15 00:00:00+09:00,1105.4273434959073,1108.2985833491434,1101.5990236915925,1103.51318359375,4200,0.0,0.0
2013-08-16 00:00:00+09:00,1102.55615234375,1109.2557122972278,1098.7278323703342,1102.55615234375,7800,0.0,0.0
2013-08-19 00:00:00+09:00,1105.4274172449648,1109.2557373046875,1102.5561772001727,1109.2557373046875,5300,0.0,0.0
2013-08-20 00:00:00+09:00,1113.0840074091373,1113.0840074091373,1100.6419677734375,1100.6419677734375,10700,0.0,0.0
2013-08-21 00:00:00+09:00,1101.59912109375,1107.341601307966,1099.6849610223446,1101.59912109375,6900,0.0,0.0
2013-08-22 00:00:00+09:00,1102.5562011294526,1103.5132811651554,1098.727880986642,1101.59912109375,3600,0.0,0.0
2013-08-23 00:00:00+09:00,1101.5990477454145,1104.470287661345,1096.81364788553,1100.6419677734375,8100,0.0,0.0
2013-08-26 00:00:00+09:00,1101.5990477454145,1105.427367633322,1099.6848878014607,1100.6419677734375,9400,0.0,0.0
2013-08-27 00:00:00+09:00,1100.6419923570422,1105.4273923238118,1097.7707523769802,1102.55615234375,18200,0.0,0.0
2013-08-28 00:00:00+09:00,1042.2601318359375,1050.873851933755,1042.2601318359375,1042.2601318359375,25700,0.0,0.0
2013-08-29 00:00:00+09:00,1048.0026119011493,1048.0026119011493,1042.2601318359375,1042.2601318359375,6300,0.0,0.0
2013-08-30 00:00:00+09:00,1048.0025623514905,1048.0025623514905,1036.5176027640769,1038.4317626953125,7900,0.0,0.0
2013-09-02 00:00:00+09:00,1034.603514469031,1035.5605945009174,1002.0627933848988,1010.676513671875,5700,0.0,0.0
2013-09-03 00:00:00+09:00,1010.6764898085056,1018.3331298828125,1008.7623297899289,1018.3331298828125,5000,0.0,0.0
2013-09-04 00:00:00+09:00,1024.0754632493997,1024.0754632493997,1010.6763450386597,1021.2042236328125,2000,0.0,0.0
2013-09-05 00:00:00+09:00,1028.8609630391345,1040.3459226265481,1012.5906036236319,1038.4317626953125,5200,0.0,0.0
2013-09-06 00:00:00+09:00,1016.4189223746366,1033.6463617369186,1016.4189223746366,1028.8609619140625,4000,0.0,0.0
2013-09-09 00:00:00+09:00,1028.8608409740307,1033.646240234375,1023.1183618616175,1033.646240234375,5800,0.0,0.0
2013-09-10 00:00:00+09:00,1038.4318604188807,1042.260180641623,1028.8610598620246,1041.3031005859375,5400,0.0,0.0
2013-09-11 00:00:00+09:00,1031.7322998046875,1040.3460203039845,1027.9039795827778,1031.7322998046875,4300,0.0,0.0
2013-09-12 00:00:00+09:00,1030.77513314367,1032.6892930937977,1016.4189335177136,1020.2472534179688,5600,0.0,0.0
2013-09-13 00:00:00+09:00,1017.3760750317992,1039.388915789778,1014.5048349329325,1034.603515625,12300,0.0,0.0
2013-09-17 00:00:00+09:00,1033.6461749009684,1033.6461749009684,1019.2899780273438,1019.2899780273438,4500,0.0,0.0
2013-09-18 00:00:00+09:00,1020.2470716802346,1028.8607899214373,1019.2899918756566,1025.032470703125,3500,0.0,0.0
2013-09-19 00:00:00+09:00,1025.032644277076,1048.0025634765625,1025.032644277076,1048.0025634765625,6000,0.0,0.0
2013-09-20 00:00:00+09:00,1048.959447661963,1052.787766814014,1032.6890912657464,1047.0452880859375,9500,0.0,0.0
2013-09-24 00:00:00+09:00,1033.646193024862,1052.787789191989,1033.646193024862,1039.388671875,4400,0.0,0.0
2013-09-25 00:00:00+09:00,1045.131128509912,1051.8306870260012,1029.8178519017083,1047.0452880859375,4400,0.0,0.0
2013-09-26 00:00:00+09:00,1048.0024918265965,1061.4016104435575,1041.302932518116,1056.6162109375,6500,0.0,0.0
2013-09-27 00:00:00+09:00,1070.972533519253,1070.972533519253,1046.0884532051327,1061.4017333984375,5000,0.0,0.0
2013-09-30 00:00:00+09:00,1061.401831098796,1067.1443116998717,1051.8310300970036,1059.4876708984375,3300,0.0,0.0
2013-10-01 00:00:00+09:00,1059.4873253301032,1059.4873253301032,1035.5603306297846,1047.0452880859375,5000,0.0,0.0
2013-10-02 00:00:00+09:00,981.9640513534251,1011.6335304878853,981.9640513534251,991.5348510742188,30600,0.0,0.0
2013-10-03 00:00:00+09:00,988.6636582780592,996.3202984196124,966.6508178710938,966.6508178710938,20800,0.0,0.0
2013-10-04 00:00:00+09:00,966.6507424675003,976.2215418978717,934.110024404238,951.3374633789062,27100,0.0,0.0
2013-10-07 00:00:00+09:00,947.5092025142706,947.5092025142706,927.4105224609375,927.4105224609375,26500,0.0,0.0
2013-10-08 00:00:00+09:00,923.5821906439692,936.0242305179294,918.796790692446,931.2388305664062,16600,0.0,0.0
2013-10-09 00:00:00+09:00,928.3675304951113,938.8954097069114,921.6679709966929,936.024169921875,10700,0.0,0.0
2013-10-10 00:00:00+09:00,936.0242068789421,940.8096067096114,933.1529669805403,938.8954467773438,10800,0.0,0.0
2013-10-11 00:00:00+09:00,939.852516243326,956.1228754858276,939.852516243326,952.2945556640625,14400,0.0,0.0
2013-10-15 00:00:00+09:00,953.2516479492188,955.1658078848598,947.5091681422957,953.2516479492188,11900,0.0,0.0
2013-10-16 00:00:00+09:00,947.5091681422957,953.2516479492188,947.5091681422957,953.2516479492188,5600,0.0,0.0
2013-10-17 00:00:00+09:00,952.2945685296149,960.9082882449582,951.3374885612434,958.0370483398438,13100,0.0,0.0
2013-10-18 00:00:00+09:00,946.5520267120885,953.25158605181,946.5520267120885,948.4661865234375,8900,0.0,0.0
2013-10-21 00:00:00+09:00,948.4662235497949,954.2087032080177,947.5091436067578,951.3374633789062,8100,0.0,0.0
2013-10-22 00:00:00+09:00,951.3375369873047,958.9941771240235,951.3375369873047,957.0800170898438,5800,0.0,0.0
2013-10-23 00:00:00+09:00,960.9083861693724,960.9083861693724,953.2517456421265,956.1229858398438,6700,0.0,0.0
2013-10-24 00:00:00+09:00,956.1228630940919,957.079943037129,947.5091436067578,951.3374633789062,9400,0.0,0.0
2013-10-25 00:00:00+09:00,957.0800040681876,957.0800040681876,945.5950440193693,946.5521240234375,10100,0.0,0.0
2013-10-28 00:00:00+09:00,936.0242191477851,942.7237789985361,936.0242191477851,939.8525390625,20900,0.0,0.0
2013-10-29 00:00:00+09:00,939.8525390625,939.8525390625,939.8525390625,939.8525390625,0,0.0,0.0
2013-10-30 00:00:00+09:00,940.8096067096114,941.7666866757454,935.0671269128081,938.8954467773438,8600,0.0,0.0
2013-10-31 00:00:00+09:00,939.852467372367,950.3803463347865,938.8953874666925,948.4661865234375,10700,0.0,0.0
2013-11-01 00:00:00+09:00,957.0799786787169,957.0799786787169,934.1100591904277,939.8525390625,8300,0.0,0.0
2013-11-05 00:00:00+09:00,940.8097167968749,944.638037109375,934.1101562499999,942.723876953125,6000,0.0,0.0
2013-11-06 00:00:00+09:00,946.5520636637207,952.2945433219434,942.7237438915721,951.3374633789062,8200,0.0,0.0
2013-11-07 00:00:00+09:00,951.3374633789062,954.2087032080177,943.6808238346092,951.3374633789062,5600,0.0,0.0
2013-11-08 00:00:00+09:00,951.337473842076,952.2945537956393,935.0671146314971,937.9383544921875,8500,0.0,0.0
2013-11-11 00:00:00+09:00,951.3375116881089,954.2087516630227,940.8096317800915,945.5950317382812,5000,0.0,0.0
2013-11-12 00:00:00+09:00,947.5091436067578,951.3374633789062,946.5520636637207,951.3374633789062,4300,0.0,0.0
2013-11-13 00:00:00+09:00,952.2945556640625,956.1228754858276,947.5091558868562,952.2945556640625,5200,0.0,0.0
2013-11-14 00:00:00+09:00,956.1228630940919,956.1228630940919,943.6808238346092,951.3374633789062,5800,0.0,0.0
2013-11-15 00:00:00+09:00,947.5091558868562,956.1228754858276,942.7237561096499,952.2945556640625,9100,0.0,0.0
2013-11-18 00:00:00+09:00,955.1657591181748,956.1228390371309,950.3803595233944,954.2086791992188,7300,0.0,0.0
2013-11-19 00:00:00+09:00,949.4234253785035,956.1229858398438,949.4234253785035,956.1229858398438,7000,0.0,0.0
2013-11-20 00:00:00+09:00,956.1229858398438,957.0800659057495,952.2946655762207,956.1229858398438,9300,0.0,0.0
2013-11-21 00:00:00+09:00,952.2946655762207,957.0800659057495,952.2946655762207,956.1229858398438,4200,0.0,0.0
2013-11-22 00:00:00+09:00,953.2515507088395,958.0369500597875,953.2515507088395,955.1657104492188,5300,0.0,0.0
2013-11-25 00:00:00+09:00,954.2087770385742,959.9512571411134,953.2516970214845,957.0800170898438,9200,0.0,0.0
2013-11-26 00:00:00+09:00,957.079918956087,957.079918956087,952.2945193613066,954.2086791992188,3100,0.0,0.0
2013-11-27 00:00:00+09:00,954.2086305790292,956.1227903194083,953.2515507088395,955.1657104492188,3300,0.0,0.0
2013-11-28 00:00:00+09:00,957.079870189598,958.0369500597875,953.2515507088395,955.1657104492188,4400,0.0,0.0
2013-11-29 00:00:00+09:00,962.8225341066644,962.8225341066644,955.1658936763928,959.9512939453125,5300,0.0,0.0
2013-12-02 00:00:00+09:00,957.079870189598,958.9940299299772,955.1657104492188,955.1657104492188,4900,0.0,0.0
2013-12-03 00:00:00+09:00,958.0369500597875,960.9081896703564,953.2515507088395,955.1657104492188,4700,0.0,0.0
2013-12-04 00:00:00+09:00,961.865417175293,961.865417175293,957.0800170898438,957.0800170898438,5100,0.0,0.0
2013-12-05 00:00:00+09:00,957.0799678205008,958.0370477883213,953.2516479492188,953.2516479492188,5500,0.0,0.0
2013-12-06 00:00:00+09:00,953.2516479492188,957.0799678205008,951.3374880135777,953.2516479492188,4000,0.0,0.0
2013-12-09 00:00:00+09:00,953.2515507088395,957.079870189598,953.2515507088395,955.1657104492188,3300,0.0,0.0
2013-12-10 00:00:00+09:00,957.0800659057495,958.0371459716551,954.2088257080322,956.1229858398438,6600,0.0,0.0
2013-12-11 00:00:00+09:00,953.2516479492188,957.0799678205008,952.2945679813982,953.2516479492188,5600,0.0,0.0
2013-12-12 00:00:00+09:00,953.2517820803705,958.9942626953125,952.2947019778802,958.9942626953125,7700,0.0,0.0
2013-12-13 00:00:00+09:00,951.3374394423505,959.9511587129552,948.4661996854823,954.2086791992188,20100,0.0,0.0
2013-12-16 00:00:00+09:00,949.423266429112,956.1228257688335,947.509106617763,948.4661865234375,5500,0.0,0.0
2013-12-17 00:00:00+09:00,958.9942260375609,958.9942260375609,951.337585510315,956.1229858398438,5700,0.0,0.0
2013-12-18 00:00:00+09:00,953.2515507088395,957.079870189598,953.2515507088395,955.1657104492188,7700,0.0,0.0
2013-12-19 00:00:00+09:00,950.38039575318,953.2516356195039,945.5949959759737,952.2945556640625,13500,0.0,0.0
2013-12-20 00:00:00+09:00,944.638037109375,947.50927734375,938.8955566406249,942.723876953125,15300,0.0,0.0
2013-12-24 00:00:00+09:00,937.9383538661859,942.7237536308094,930.2817142427884,933.1529541015625,12800,0.0,0.0
2013-12-25 00:00:00+09:00,933.1529541015625,956.1228729717549,932.1958741486378,933.1529541015625,12900,0.0,0.0
2013-12-26 00:00:00+09:00,935.0670792445344,950.3803579220294,935.0670792445344,944.6378784179688,7700,0.0,0.0
2013-12-27 00:00:00+09:00,952.2945193613066,955.1657591181748,941.7666402527897,954.2086791992188,10800,0.0,0.0
2013-12-30 00:00:00+09:00,956.1229373761078,962.8224974978623,949.4233772543532,961.8654174804688,14800,0.0,0.0
2014-01-06 00:00:00+09:00,963.7795787085556,983.8782590987042,963.7795787085556,981.0070190429688,13400,0.0,0.0
2014-01-07 00:00:00+09:00,983.8782593958587,989.620739509064,981.007019339256,985.7924194335938,9200,0.0,0.0
2014-01-08 00:00:00+09:00,985.7924078609992,994.4061279296875,981.964087830471,994.4061279296875,6400,0.0,0.0
2014-01-09 00:00:00+09:00,994.4059225554224,1002.0625610351562,991.5346831255223,1002.0625610351562,10800,0.0,0.0
2014-01-10 00:00:00+09:00,985.7923956780994,1001.1056756109631,974.3074357284515,993.4490356445312,16500,0.0,0.0
2014-01-14 00:00:00+09:00,985.7924194335938,996.320299641137,957.0800188675668,985.7924194335938,17500,0.0,0.0
2014-01-15 00:00:00+09:00,986.7494634556563,995.3631833112343,985.7923834717031,992.491943359375,5300,0.0,0.0
2014-01-16 00:00:00+09:00,994.4061293129205,1019.2902095459676,993.4490493039572,1013.5477294921875,13900,0.0,0.0
2014-01-17 00:00:00+09:00,1014.5048105250523,1034.6034907335675,1012.5906505051937,1027.9039306640625,10400,0.0,0.0
2014-01-20 00:00:00+09:00,1043.2171120342268,1043.2171120342268,1021.2042738903854,1029.8179931640625,9000,0.0,0.0
2014-01-21 00:00:00+09:00,1024.0755632110454,1041.303002592166,1024.0755632110454,1038.4317626953125,7900,0.0,0.0
2014-01-22 00:00:00+09:00,1024.0755136482778,1042.2600321149293,1023.1184337289803,1029.8179931640625,4000,0.0,0.0
2014-01-23 00:00:00+09:00,1028.861009635601,1028.861009635601,1005.8910894204807,1013.5477294921875,4500,0.0,0.0
2014-01-24 00:00:00+09:00,1004.9338760808645,1018.3329944286094,990.5776778511379,1012.5905151367188,18400,0.0,0.0
2014-01-27 00:00:00+09:00,985.7924057021959,985.7924057021959,961.865405563793,965.6937255859375,11400,0.0,0.0
2014-01-28 00:00:00+09:00,978.1357536353576,981.0069936166747,967.6078737038615,969.5220336914062,10000,0.0,0.0
2014-01-29 00:00:00+09:00,970.4790425360958,988.6635610846025,970.4790425360958,982.9210815429688,7400,0.0,0.0
2014-01-30 00:00:00+09:00,967.6079344976515,970.4791746593656,958.0371339586046,964.7366943359375,8500,0.0,0.0
2014-01-31 00:00:00+09:00,958.9942626953125,961.8655030027835,948.4663815679188,958.9942626953125,10300,0.0,0.0
2014-02-03 00:00:00+09:00,957.0800901397946,978.13585212287,957.0800901397946,972.3933715820312,9800,0.0,0.0
2014-02-04 00:00:00+09:00,956.1228878526803,956.1228878526803,943.6808482710137,953.2516479492188,11800,0.0,0.0
2014-02-05 00:00:00+09:00,952.2946163909603,957.080016473327,940.8096561932804,947.5092163085938,10700,0.0,0.0
2014-02-06 00:00:00+09:00,947.5091912860424,947.5091912860424,940.8096313476562,940.8096313476562,4400,0.0,0.0
2014-02-07 00:00:00+09:00,941.7666386659384,946.5520382526556,940.809558748595,944.6378784179688,6100,0.0,0.0
2014-02-10 00:00:00+09:00,946.5521117299191,955.1658316546606,942.7237917633674,945.5950317382812,5800,0.0,0.0
2014-02-12 00:00:00+09:00,945.594946806414,956.1228257688335,945.594946806414,948.4661865234375,4100,0.0,0.0
2014-02-13 00:00:00+09:00,967.6079589843749,967.6079589843749,942.723876953125,942.723876953125,8300,0.0,0.0
2014-02-14 00:00:00+09:00,942.7237169623008,942.7237169623008,934.1099977210209,935.0670776367188,7900,0.0,0.0
2014-02-17 00:00:00+09:00,937.9383791051425,945.5950189345723,935.0671391691063,939.8525390625,3100,0.0,0.0
2014-02-18 00:00:00+09:00,937.9383800875756,956.1228997015185,937.9383800875756,949.42333984375,10900,0.0,0.0
2014-02-19 00:00:00+09:00,956.1230223878415,958.9942626953125,945.5951412604478,958.9942626953125,8900,0.0,0.0
2014-02-20 00:00:00+09:00,958.994152057567,958.994152057567,937.9383922319518,950.3804321289062,12300,0.0,0.0
2014-02-21 00:00:00+09:00,950.380408592872,964.736608118444,950.380408592872,958.0370483398438,9600,0.0,0.0
2014-02-24 00:00:00+09:00,957.0799920734202,958.0370720654936,943.6808721843923,950.3804321289062,2600,0.0,0.0
2014-02-25 00:00:00+09:00,948.4663815679188,961.8655030027835,946.5522213629382,958.9942626953125,9800,0.0,0.0
2014-02-26 00:00:00+09:00,953.2228885635315,964.765446245431,953.2228885635315,958.0322875976562,6800,5.0,0.0
2014-02-27 00:00:00+09:00,954.1847458964646,958.032265033144,952.260986328125,952.260986328125,4900,0.0,0.0
2014-02-28 00:00:00+09:00,962.8416715437367,962.8416715437367,952.2609938344648,954.1847534179688,7100,0.0,0.0
2014-03-03 00:00:00+09:00,954.1848098098098,961.8798485985986,949.3754105668169,960.91796875,8300,0.0,0.0
2014-03-04 00:00:00+09:00,958.0323069592617,958.0323069592617,950.3372683491472,955.1466674804688,4000,0.0,0.0
2014-03-05 00:00:00+09:00,955.1466822954214,961.8798411837074,953.222922613054,958.9942016601562,5700,0.0,0.0
2014-03-06 00:00:00+09:00,958.9941138991851,961.8797531586611,955.1465948865504,959.9559936523438,5900,0.0,0.0
2014-03-07 00:00:00+09:00,959.9560889014015,960.91796875,952.2610501126127,960.91796875,5800,0.0,0.0
2014-03-10 00:00:00+09:00,959.95608150134,961.8798411837074,957.0704419777888,958.9942016601562,5000,0.0,0.0
2014-03-11 00:00:00+09:00,959.9560889014015,964.7654881443945,956.108569507007,960.91796875,10600,0.0,0.0
2014-03-12 00:00:00+09:00,957.0704587365166,961.8798580266498,946.4897802982234,947.45166015625,9900,0.0,0.0
2014-03-13 00:00:00+09:00,947.45166015625,954.1848191624366,947.45166015625,947.45166015625,3800,0.0,0.0
2014-03-14 00:00:00+09:00,942.6422193725338,956.1085367921413,942.6422193725338,944.5659790039062,20800,0.0,0.0
2014-03-17 00:00:00+09:00,942.6422012061404,944.5659608004387,928.2140042489035,932.0615234375,14900,0.0,0.0
2014-03-18 00:00:00+09:00,925.3284234216371,951.2991795883567,925.3284234216371,947.45166015625,10700,0.0,0.0
2014-03-19 00:00:00+09:00,949.3753885228829,959.9560666117903,943.604109565297,955.1466674804688,5800,0.0,0.0
2014-03-20 00:00:00+09:00,960.9178967804079,960.9178967804079,946.4897001320535,950.3372192382812,6400,0.0,0.0
2014-03-24 00:00:00+09:00,943.604109565297,961.879826264319,943.604109565297,955.1466674804688,5700,0.0,0.0
2014-03-25 00:00:00+09:00,961.879826264319,961.879826264319,944.5659893915613,955.1466674804688,6200,0.0,0.0
2014-03-26 00:00:00+09:00,961.8798337390075,961.8798337390075,951.2991555678784,957.0704345703125,5600,0.0,0.0
2014-03-27 00:00:00+09:00,961.8798337390075,961.8798337390075,953.2229152353565,957.0704345703125,5900,0.0,0.0
2014-03-28 00:00:00+09:00,961.8798828125,961.8798828125,957.0704833984375,961.8798828125,6600,0.0,0.0
2014-03-31 00:00:00+09:00,952.2610427718703,961.8798411837074,952.2610427718703,958.9942016601562,5600,0.0,0.0
2014-04-01 00:00:00+09:00,989.7743231374534,989.7743231374534,964.7654481116285,982.0792846679688,6500,0.0,0.0
2014-04-02 00:00:00+09:00,994.5837342269778,994.5837342269778,971.4986185389241,977.2698974609375,6400,0.0,0.0
2014-04-03 00:00:00+09:00,971.4986645845556,976.3080639141822,964.7655055230786,973.4224243164062,3000,0.0,0.0
2014-04-04 00:00:00+09:00,973.4223676539178,976.308007083722,965.7273291744402,966.689208984375,3200,0.0,0.0
2014-04-07 00:00:00+09:00,964.7655055230786,980.1555833778833,964.7655055230786,973.4224243164062,2500,0.0,0.0
2014-04-08 00:00:00+09:00,963.8036377195568,980.1555956449386,959.9561182077024,968.613037109375,6100,0.0,0.0
2014-04-09 00:00:00+09:00,953.2228661122948,965.7273033065026,952.260986328125,952.260986328125,6200,0.0,0.0
2014-04-10 00:00:00+09:00,979.1936707463096,979.1936707463096,956.1085547365735,957.0704345703125,3500,0.0,0.0
2014-04-11 00:00:00+09:00,957.0703927932248,961.8797917519847,953.2228736262168,954.1847534179688,6600,0.0,0.0
2014-04-14 00:00:00+09:00,954.1847876542045,962.8417060905833,954.1847876542045,955.1466674804688,6100,0.0,0.0
2014-04-15 00:00:00+09:00,958.9942772071679,967.6511964597902,958.9942772071679,962.841796875,5400,0.0,0.0
2014-04-16 00:00:00+09:00,968.6129835145797,971.4986229888038,961.87982474139,970.5367431640625,3000,0.0,0.0
2014-04-17 00:00:00+09:00,971.4986719135231,978.2318310257951,962.8417530548878,975.34619140625,5100,0.0,0.0
2014-04-18 00:00:00+09:00,987.8505484281857,987.8505484281857,971.4985919303481,978.2317504882812,11000,0.0,0.0
2014-04-21 00:00:00+09:00,984.9649630541871,984.9649630541871,976.3080444335938,976.3080444335938,900,0.0,0.0
2014-04-22 00:00:00+09:00,984.9649630541871,984.9649630541871,976.3080444335938,976.3080444335938,900,0.0,0.0
2014-04-23 00:00:00+09:00,976.308017640602,981.1174167422797,976.308017640602,977.2698974609375,800,0.0,0.0
2014-04-24 00:00:00+09:00,977.2699242803263,977.2699242803263,976.3080444335938,976.3080444335938,700,0.0,0.0
2014-04-25 00:00:00+09:00,977.2698706942907,981.1173898702525,975.3461111063099,978.2317504882812,1100,0.0,0.0
2014-04-28 00:00:00+09:00,985.92680199558,985.92680199558,957.0704077908314,958.0322875976562,7000,0.0,0.0
2014-04-30 00:00:00+09:00,962.8416897446361,968.6129686042443,962.8416897446361,966.689208984375,2300,0.0,0.0
2014-05-01 00:00:00+09:00,985.9267995515222,988.8124389648438,973.4223620937955,988.8124389648438,3900,0.0,0.0
2014-05-02 00:00:00+09:00,981.1173589939025,988.8123971036586,965.7272827743902,985.9267578125,1700,0.0,0.0
2014-05-07 00:00:00+09:00,968.6130000719934,978.2317984838304,958.9942016601562,958.9942016601562,5800,0.0,0.0
2014-05-08 00:00:00+09:00,960.917966885872,976.3080444335938,960.917966885872,976.3080444335938,3800,0.0,0.0
2014-05-09 00:00:00+09:00,981.117436219768,981.117436219768,963.8035991100073,974.38427734375,2400,0.0,0.0
2014-05-12 00:00:00+09:00,976.3080612897635,976.3080612897635,962.8417432030081,964.7655029296875,1700,0.0,0.0
2014-05-13 00:00:00+09:00,966.689223865097,972.4605028135453,962.8417045661314,970.5367431640625,3700,0.0,0.0
2014-05-14 00:00:00+09:00,965.7273707314143,969.5748901367188,965.7273707314143,969.5748901367188,1200,0.0,0.0
2014-05-15 00:00:00+09:00,966.6892773534478,969.5749169873386,966.6892773534478,968.613037109375,1400,0.0,0.0
2014-05-16 00:00:00+09:00,966.689240389626,969.574879913177,958.9942016601562,958.9942016601562,4800,0.0,0.0
2014-05-19 00:00:00+09:00,958.9942117721315,971.498649839371,958.0323319208054,969.5748901367188,4800,0.0,0.0
2014-05-20 00:00:00+09:00,972.4604617956912,972.4604617956912,951.2991065439552,952.260986328125,10400,0.0,0.0
2014-05-21 00:00:00+09:00,953.2229515231386,954.184831393495,942.6422729492188,942.6422729492188,6400,0.0,0.0
2014-05-22 00:00:00+09:00,960.9180029296875,964.7655224609375,942.6422851562501,961.8798828125,3400,0.0,0.0
2014-05-23 00:00:00+09:00,962.8417432030081,966.6892626563669,962.8417432030081,964.7655029296875,2000,0.0,0.0
2014-05-26 00:00:00+09:00,964.7654862728025,976.3080444335938,964.7654862728025,976.3080444335938,3500,0.0,0.0
2014-05-27 00:00:00+09:00,981.1174242060873,981.1174242060873,969.574866274251,979.1936645507812,2500,0.0,0.0
2014-05-28 00:00:00+09:00,983.0411987304688,986.888718099277,975.3461599928526,983.0411987304688,5300,0.0,0.0
2014-05-29 00:00:00+09:00,973.4223855848632,983.0411838613934,972.4605057572102,979.1936645507812,1900,0.0,0.0
2014-05-30 00:00:00+09:00,979.1936645507812,985.9268233443524,973.4223855848632,979.1936645507812,1800,0.0,0.0
2014-06-02 00:00:00+09:00,976.3080324659161,985.9268308153339,976.3080324659161,981.117431640625,4100,0.0,0.0
2014-06-03 00:00:00+09:00,981.1174123098424,986.8886912057826,981.1174123098424,984.0030517578125,2500,0.0,0.0
2014-06-04 00:00:00+09:00,985.9268113897926,987.8505710217727,981.1174123098424,984.0030517578125,1600,0.0,0.0
2014-06-05 00:00:00+09:00,984.003024995327,988.8124239444733,982.0792654156685,984.9649047851562,2000,0.0,0.0
2014-06-06 00:00:00+09:00,984.9649080348499,993.621826171875,984.9649080348499,993.621826171875,3500,0.0,0.0
2014-06-09 00:00:00+09:00,985.9267878278528,994.5837059648778,985.9267878278528,993.621826171875,3800,0.0,0.0
2014-06-10 00:00:00+09:00,993.6217994321016,997.4693185005705,992.6599196649844,994.5836791992188,2400,0.0,0.0
2014-06-11 00:00:00+09:00,997.4693185005705,1000.3549578019222,992.6599196649844,994.5836791992188,3100,0.0,0.0
2014-06-12 00:00:00+09:00,990.7362356902547,1002.2787937759664,990.7362356902547,998.4312744140625,2000,0.0,0.0
2014-06-13 00:00:00+09:00,990.7362238444166,1005.1644212790441,990.7362238444166,1003.2406616210938,8300,0.0,0.0
2014-06-16 00:00:00+09:00,1005.1644241855172,1015.7451023348384,1005.1644241855172,1011.8975830078125,12700,0.0,0.0
2014-06-17 00:00:00+09:00,1013.8212623343084,1019.5925408675208,1013.8212623343084,1014.7831420898438,3600,0.0,0.0
2014-06-18 00:00:00+09:00,1019.5924724296949,1030.1731490303803,1019.5924724296949,1028.2493896484375,3700,0.0,0.0
2014-06-19 00:00:00+09:00,1032.0970808867437,1057.10595703125,1030.17332118332,1057.10595703125,8200,0.0,0.0
2014-06-20 00:00:00+09:00,1057.1057924623842,1057.1057924623842,1029.211281105324,1038.830078125,7200,0.0,0.0
2014-06-23 00:00:00+09:00,1043.6395690690226,1043.6395690690226,1029.2113722616168,1031.1351318359375,3100,0.0,0.0
2014-06-24 00:00:00+09:00,1031.1350935615724,1043.6395303305094,1027.2875745557456,1036.9063720703125,3500,0.0,0.0
2014-06-25 00:00:00+09:00,1026.3257137990554,1043.6395496457123,1026.3257137990554,1034.020751953125,2800,0.0,0.0
2014-06-26 00:00:00+09:00,1029.2112589144924,1048.4488525390625,1029.2112589144924,1048.4488525390625,4100,0.0,0.0
2014-06-27 00:00:00+09:00,1058.0677266023597,1058.0677266023597,1034.982612567399,1036.9063720703125,10000,0.0,0.0
2014-06-30 00:00:00+09:00,1038.8301086425781,1052.2964248657227,1038.8301086425781,1046.525146484375,2300,0.0,0.0
2014-07-01 00:00:00+09:00,1043.63945413292,1053.258250945205,1039.7919354080059,1048.4488525390625,3900,0.0,0.0
2014-07-02 00:00:00+09:00,1045.5632134953769,1053.258250945205,1043.63945413292,1048.4488525390625,4200,0.0,0.0
2014-07-03 00:00:00+09:00,1046.525108546618,1052.29638671875,1045.5632288512625,1052.29638671875,2600,0.0,0.0
2014-07-04 00:00:00+09:00,1052.2963178585737,1053.2581974909856,1050.37255859375,1050.37255859375,2600,0.0,0.0
2014-07-07 00:00:00+09:00,1052.296543013342,1053.2584228515625,1050.3727833369007,1053.2584228515625,3700,0.0,0.0
2014-07-08 00:00:00+09:00,1053.2584228515625,1053.2584228515625,1049.4109034986802,1053.2584228515625,3700,0.0,0.0
2014-07-09 00:00:00+09:00,1038.8302491359448,1047.4871678787442,1038.8302491359448,1043.6396484375,9300,0.0,0.0
2014-07-10 00:00:00+09:00,1043.6395072937012,1053.2583045959473,1043.6395072937012,1046.525146484375,3300,0.0,0.0
2014-07-11 00:00:00+09:00,1046.5251311692805,1046.5251311692805,1039.7919731562429,1042.6776123046875,7500,0.0,0.0
2014-07-14 00:00:00+09:00,1042.6776850490905,1048.4489637486242,1029.2113680835118,1037.8682861328125,7300,0.0,0.0
2014-07-15 00:00:00+09:00,1038.8300861296107,1056.1439208984375,1038.8300861296107,1056.1439208984375,9000,0.0,0.0
2014-07-16 00:00:00+09:00,1047.4871972477556,1055.1822363459944,1047.4871972477556,1051.334716796875,1600,0.0,0.0
2014-07-17 00:00:00+09:00,1052.2963334800554,1055.1819724201287,1051.3344538333643,1054.2200927734375,5500,0.0,0.0
2014-07-18 00:00:00+09:00,1047.487079767891,1054.2202382236994,1043.6395606502863,1044.6014404296875,9100,0.0,0.0
2014-07-22 00:00:00+09:00,1048.4488679373287,1052.29638671875,1047.4869882419732,1052.29638671875,2800,0.0,0.0
2014-07-23 00:00:00+09:00,1043.6396484375,1053.2584470406105,1040.7540088565668,1043.6396484375,5200,0.0,0.0
2014-07-24 00:00:00+09:00,1043.6395799067984,1049.410858689693,1038.8301809210527,1041.7158203125,5100,0.0,0.0
2014-07-25 00:00:00+09:00,1040.7540088565668,1045.563408158122,1040.7540088565668,1043.6396484375,2900,0.0,0.0
2014-07-28 00:00:00+09:00,1040.7539941044895,1052.2965522646132,1035.9445948711045,1039.7921142578125,11200,0.0,0.0
2014-07-29 00:00:00+09:00,1039.7921289962558,1051.3346873199885,1038.8302491359448,1043.6396484375,5000,0.0,0.0
2014-07-30 00:00:00+09:00,1332.2034912109375,1332.2034912109375,1332.2034912109375,1332.2034912109375,37800,0.0,0.0
2014-07-31 00:00:00+09:00,1620.767578125,1620.767578125,1620.767578125,1620.767578125,124400,0.0,0.0
2014-08-01 00:00:00+09:00,1697.717970304211,2005.5195286596486,1664.052174859085,1813.1435546875,1707100,0.0,0.0
2014-08-04 00:00:00+09:00,1885.2843672572933,2067.079645528532,1697.717810310777,1722.7266845703125,593300,0.0,0.0
2014-08-05 00:00:00+09:00,1693.8703983006103,1773.7064250234669,1487.0662326932104,1537.083984375,456000,0.0,0.0
2014-08-06 00:00:00+09:00,1534.1981207717201,1586.1396245470635,1413.9631583287953,1435.12451171875,143100,0.0,0.0
2014-08-07 00:00:00+09:00,1421.658378787157,1659.2426951338605,1365.8693490377286,1419.734619140625,469700,0.0,0.0
2014-08-08 00:00:00+09:00,1390.878238552952,1421.6583932097255,1298.5377745826315,1320.6610107421875,102300,0.0,0.0
2014-08-11 00:00:00+09:00,1365.8693338298112,1392.801968581385,1337.012939453125,1337.012939453125,63000,0.0,0.0
2014-08-12 00:00:00+09:00,1332.203588332573,1332.203588332573,1266.7957587249089,1317.775390625,70400,0.0,0.0
2014-08-13 00:00:00+09:00,1332.20351272724,1438.0102899113529,1323.5465945939943,1353.3648681640625,114900,0.0,0.0
2014-08-14 00:00:00+09:00,1295.6522167211444,1321.6229738491852,1291.80469714662,1302.3853759765625,51000,0.0,0.0
2014-08-15 00:00:00+09:00,1347.5936246768888,1348.5555044946452,1298.537753971306,1299.4996337890625,51500,0.0,0.0
2014-08-18 00:00:00+09:00,1299.4996544156559,1331.2416889054534,1293.7283754175107,1320.6610107421875,30400,0.0,0.0
2014-08-19 00:00:00+09:00,1364.9075685158755,1367.793208195613,1326.432372786041,1350.4793701171875,45000,0.0,0.0
2014-08-20 00:00:00+09:00,1394.7258102459734,1439.9341640953257,1370.6788135175946,1373.564453125,99400,0.0,0.0
2014-08-21 00:00:00+09:00,1361.0599499213986,1362.0218297446645,1337.9748341630145,1340.8604736328125,40200,0.0,0.0
2014-08-22 00:00:00+09:00,1337.013066554535,1338.9368263625272,1319.6992282826059,1330.2799072265625,34600,0.0,0.0
2014-08-25 00:00:00+09:00,1337.012924480576,1337.9748042823605,1317.7753284448843,1333.1654052734375,25000,0.0,0.0
2014-08-26 00:00:00+09:00,1337.0130521472836,1344.7080912963327,1275.4527389548907,1302.3853759765625,59200,0.0,0.0
2014-08-27 00:00:00+09:00,1276.4143009215088,1296.613773656514,1247.557911300073,1252.3673095703125,70200,0.0,0.0
2014-08-28 00:00:00+09:00,1425.5059915229047,1495.7232232241004,1309.118525278457,1339.898681640625,316100,0.0,0.0
2014-08-29 00:00:00+09:00,1309.1183246084893,1326.432159908234,1250.4436605371316,1272.56689453125,77800,0.0,0.0
2014-09-01 00:00:00+09:00,1267.7575575252845,1272.5669564536809,1240.8249235262647,1257.1768798828125,34500,0.0,0.0
2014-09-02 00:00:00+09:00,1269.6811902468608,1291.8044231072226,1257.1767542823081,1263.909912109375,29100,0.0,0.0
2014-09-03 00:00:00+09:00,1257.1768715661372,1273.5288278145108,1255.253112007505,1270.6431884765625,19900,0.0,0.0
2014-09-04 00:00:00+09:00,1278.3381768780278,1279.300056619847,1257.1768225580001,1265.833740234375,16700,0.0,0.0
2014-09-05 00:00:00+09:00,1264.8719812418306,1265.8338610754745,1240.824985400731,1241.786865234375,20100,0.0,0.0
2014-09-08 00:00:00+09:00,1236.015639678742,1245.6344384311058,1221.5874415501964,1239.8631591796875,17700,0.0,0.0
2014-09-09 00:00:00+09:00,1250.4437687421087,1251.405648564218,1230.2442924778131,1237.9393310546875,12700,0.0,0.0
2014-09-10 00:00:00+09:00,1240.8248717526355,1240.8248717526355,1193.6927642209462,1197.540283203125,29700,0.0,0.0
2014-09-11 00:00:00+09:00,1193.6927526874754,1220.625385302503,1188.8833540062203,1217.73974609375,15100,0.0,0.0
2014-09-12 00:00:00+09:00,1203.311561676393,1216.7778781140184,1196.5784034575804,1197.540283203125,18500,0.0,0.0
2014-09-16 00:00:00+09:00,1183.1122066310195,1187.9216058449667,1162.9127299324412,1173.493408203125,15700,0.0,0.0
2014-09-17 00:00:00+09:00,1178.302615812455,1179.2644954988327,1164.83630020317,1171.5694580078125,10600,0.0,0.0
2014-09-18 00:00:00+09:00,1165.798403720029,1216.778036886004,1164.836523848973,1198.5023193359375,26000,0.0,0.0
2014-09-19 00:00:00+09:00,1227.358579121331,1227.358579121331,1173.4933123260375,1187.9215087890625,16200,0.0,0.0
2014-09-22 00:00:00+09:00,1198.5023045931462,1201.3879441708182,1168.6840289572012,1194.65478515625,19700,0.0,0.0
2014-09-24 00:00:00+09:00,1136.941864169639,1154.2556996646083,1124.4374274232725,1129.246826171875,51400,0.0,0.0
2014-09-25 00:00:00+09:00,1130.208709182294,1153.2938232421875,1111.932993884878,1153.2938232421875,27800,0.0,0.0
2014-09-26 00:00:00+09:00,1153.293811939381,1153.293811939381,1131.1705778488006,1142.713134765625,15600,0.0,0.0
2014-09-29 00:00:00+09:00,1153.293896136771,1153.293896136771,1135.0181796842285,1148.4844970703125,14100,0.0,0.0
2014-09-30 00:00:00+09:00,1133.0943603515625,1147.5225567906741,1127.323081775918,1133.0943603515625,12600,0.0,0.0
2014-10-01 00:00:00+09:00,1135.0180510436596,1148.4843669034997,1117.7042163667224,1131.1705322265625,19100,0.0,0.0
2014-10-02 00:00:00+09:00,1109.0474256584282,1110.97118528663,1092.6954688187116,1093.6573486328125,22700,0.0,0.0
2014-10-03 00:00:00+09:00,1085.000425965636,1107.12366160146,1085.000425965636,1100.3905029296875,10100,0.0,0.0
2014-10-06 00:00:00+09:00,1097.5048130729278,1152.3319597382713,1097.5048130729278,1126.3612060546875,28300,0.0,0.0
2014-10-07 00:00:00+09:00,1119.6279521128954,1140.7893051597027,1104.2378771697627,1110.0091552734375,12300,0.0,0.0
2014-10-08 00:00:00+09:00,1093.6572385626325,1139.8274649927173,1087.8859602588718,1135.01806640625,26000,0.0,0.0
2014-10-09 00:00:00+09:00,1152.3319524812987,1152.3319524812987,1107.1236037612478,1109.04736328125,25500,0.0,0.0
2014-10-10 00:00:00+09:00,1085.0003589527028,1106.1617134712837,1067.6865234375,1067.6865234375,33500,0.0,0.0
2014-10-14 00:00:00+09:00,1015.7450636519376,1036.9064191446864,1015.7450636519376,1017.6688232421875,20200,0.0,0.0
2014-10-15 00:00:00+09:00,1020.5543788332782,1045.5632514531324,1015.744980252537,1042.6776123046875,11400,0.0,0.0
2014-10-16 00:00:00+09:00,1008.0500350536539,1019.5925927069401,987.8505591604032,988.8124389648438,22500,0.0,0.0
2014-10-17 00:00:00+09:00,1009.9738592215677,1013.821378685269,965.7273853890039,973.4224243164062,26900,0.0,0.0
2014-10-20 00:00:00+09:00,1059.9915636632445,1059.9915636632445,995.5456156002341,1001.31689453125,23500,0.0,0.0
2014-10-21 00:00:00+09:00,1000.355014709414,1009.0119331059377,1000.355014709414,1001.31689453125,10100,0.0,0.0
2014-10-22 00:00:00+09:00,1002.2787443089001,1010.9356624459251,961.8797930027831,993.621826171875,35700,0.0,0.0
2014-10-23 00:00:00+09:00,980.1555090698361,1017.6688209969445,976.3079898978249,993.621826171875,13200,0.0,0.0
2014-10-24 00:00:00+09:00,1029.211474609375,1029.211474609375,1001.3169580078126,1009.973876953125,13300,0.0,0.0
2014-10-27 00:00:00+09:00,1037.8683054190142,1038.8301852201441,1026.3257478054572,1034.982666015625,8200,0.0,0.0
2014-10-28 00:00:00+09:00,1033.0588914102582,1045.5633286433433,1016.7069350285317,1031.1351318359375,8500,0.0,0.0
2014-10-29 00:00:00+09:00,1022.478277017627,1043.6396336445205,1022.478277017627,1039.7921142578125,8200,0.0,0.0
2014-10-30 00:00:00+09:00,1038.8302734375,1045.5634326171876,1009.973876953125,1009.973876953125,33400,0.0,0.0
2014-10-31 00:00:00+09:00,1020.5544194543999,1077.3053249660018,1000.3549446112874,1060.953369140625,27300,0.0,0.0
2014-11-04 00:00:00+09:00,1055.1821110757548,1055.1821110757548,1009.9737617406952,1027.28759765625,28700,0.0,0.0
2014-11-05 00:00:00+09:00,1027.2874474158652,1058.067595653045,1014.7830121945111,1050.37255859375,17900,0.0,0.0
2014-11-06 00:00:00+09:00,1055.1819724201287,1084.0383618208614,1048.448814893291,1054.2200927734375,19400,0.0,0.0
2014-11-07 00:00:00+09:00,1056.1440385499152,1065.762836715215,1032.0970431366657,1062.877197265625,15400,0.0,0.0
2014-11-10 00:00:00+09:00,1063.8390919553792,1077.3054095750676,1032.0970575661138,1066.7247314453125,15400,0.0,0.0
2014-11-11 00:00:00+09:00,1055.1820714109183,1098.4666595727153,1055.1820714109183,1094.619140625,22900,0.0,0.0
2014-11-12 00:00:00+09:00,1098.4667717460627,1100.390531416371,1077.305415372671,1084.03857421875,27000,0.0,0.0
2014-11-13 00:00:00+09:00,1068.648342640743,1090.771575656708,1068.648342640743,1083.0765380859375,4900,0.0,0.0
2014-11-14 00:00:00+09:00,1099.4285973007431,1099.4285973007431,1076.3434823967905,1085.9622802734375,11700,0.0,0.0
2014-11-17 00:00:00+09:00,1071.5340726849006,1082.1147502428303,1059.991515348977,1075.381591796875,7700,0.0,0.0
2014-11-18 00:00:00+09:00,1078.2671312683326,1078.2671312683326,1059.0295374901286,1065.7626953125,9900,0.0,0.0
2014-11-19 00:00:00+09:00,1067.686538559316,1073.457817146123,1063.8390195014447,1071.5340576171875,12800,0.0,0.0
2014-11-20 00:00:00+09:00,1077.30529009755,1077.30529009755,1049.4107781218097,1059.991455078125,17400,0.0,0.0
2014-11-21 00:00:00+09:00,1058.0677032470703,1058.0677032470703,1043.6395072937012,1046.525146484375,9100,0.0,0.0
2014-11-25 00:00:00+09:00,1045.5632667541504,1059.029582977295,1043.6395072937012,1046.525146484375,8700,0.0,0.0
2014-11-26 00:00:00+09:00,1069.6101828835226,1069.6101828835226,1048.4488303444602,1058.067626953125,16000,0.0,0.0
2014-11-27 00:00:00+09:00,1061.91538575542,1072.4960644178382,1054.2203467282068,1064.801025390625,8000,0.0,0.0
2014-11-28 00:00:00+09:00,1076.343505859375,1077.3053856680071,1048.4489914090427,1076.343505859375,13100,0.0,0.0
2014-12-01 00:00:00+09:00,1076.343418121338,1085.962215423584,1066.7246208190918,1077.3052978515625,13100,0.0,0.0
2014-12-02 00:00:00+09:00,1070.5721397399902,1085.0003356933594,1066.7246208190918,1077.3052978515625,11300,0.0,0.0
2014-12-03 00:00:00+09:00,1066.7246845201437,1095.5810781500843,1065.762804732479,1085.9622802734375,16600,0.0,0.0
2014-12-04 00:00:00+09:00,1099.4286275174184,1114.818704543034,1088.8479495623076,1093.6573486328125,23800,0.0,0.0
2014-12-05 00:00:00+09:00,1106.1617473291913,1106.1617473291913,1088.8479112840387,1099.4285888671875,8100,0.0,0.0
2014-12-08 00:00:00+09:00,1020.5544541771732,1058.0677658764284,1009.973776518409,1031.1351318359375,35200,0.0,0.0
2014-12-09 00:00:00+09:00,1019.59267578125,1021.5164355468751,1009.973876953125,1009.973876953125,16300,0.0,0.0
2014-12-10 00:00:00+09:00,1009.9737902655118,1015.745069067029,991.6980740607073,995.5455932617188,12400,0.0,0.0
2014-12-11 00:00:00+09:00,985.9268233443524,994.5837417932297,977.2699048954753,979.1936645507812,9700,0.0,0.0
2014-12-12 00:00:00+09:00,972.4605102539062,982.0793085749143,972.4605102539062,972.4605102539062,14900,0.0,0.0
2014-12-15 00:00:00+09:00,972.4605296906971,977.2699289473276,969.5748901367188,969.5748901367188,7700,0.0,0.0
2014-12-16 00:00:00+09:00,966.6892822265626,970.5368017578126,961.8798828125,961.8798828125,18100,0.0,0.0
2014-12-17 00:00:00+09:00,961.8798411837074,966.689240389626,958.9942016601562,958.9942016601562,14800,0.0,0.0
2014-12-18 00:00:00+09:00,957.0704077908314,963.803566438606,952.2610087567066,958.0322875976562,24600,0.0,0.0
2014-12-19 00:00:00+09:00,980.1555807431222,980.1555807431222,957.0704640229701,964.7655029296875,16800,0.0,0.0
2014-12-22 00:00:00+09:00,961.8798901220995,965.7274096825879,959.9561303418553,963.8036499023438,21100,0.0,0.0
2014-12-24 00:00:00+09:00,961.8798828125,976.3080810546875,958.9942431640625,961.8798828125,20100,0.0,0.0
2014-12-25 00:00:00+09:00,961.879826264319,961.879826264319,955.1466674804688,955.1466674804688,26700,0.0,0.0
2014-12-26 00:00:00+09:00,960.9179714747837,971.498649839371,943.6041341509138,969.5748901367188,13700,0.0,0.0
2014-12-29 00:00:00+09:00,976.3080398350546,986.888718099277,971.4986406240445,983.0411987304688,8200,0.0,0.0
2014-12-30 00:00:00+09:00,971.498633291207,990.7362299900428,971.498633291207,981.117431640625,9200,0.0,0.0
2015-01-05 00:00:00+09:00,979.1935768015135,985.9267349917006,975.3460578356921,980.1554565429688,8000,0.0,0.0
2015-01-06 00:00:00+09:00,980.1556228425347,980.1556228425347,961.8799046541067,967.6511840820312,10400,0.0,0.0
2015-01-07 00:00:00+09:00,967.651162109375,973.4224414062501,961.8798828125,961.8798828125,6800,0.0,0.0
2015-01-08 00:00:00+09:00,964.7654282789964,1015.7450570913462,959.9560293344351,1000.35498046875,15600,0.0,0.0
2015-01-09 00:00:00+09:00,1000.3548779899692,1024.4018702493433,984.9648029439696,1012.8593139648438,10200,0.0,0.0
2015-01-13 00:00:00+09:00,995.5456308919595,1000.3550300750125,961.8798366105889,965.7273559570312,10700,0.0,0.0
2015-01-14 00:00:00+09:00,967.651031677613,978.2317089623583,958.9941138991851,959.9559936523438,12700,0.0,0.0
2015-01-15 00:00:00+09:00,959.9561448447985,974.38434341461,959.9561448447985,967.6511840820312,6100,0.0,0.0
2015-01-16 00:00:00+09:00,960.9178734055024,964.765392418137,954.1847151333917,959.9559936523438,7400,0.0,0.0
2015-01-19 00:00:00+09:00,961.8798513261098,969.5748901367188,958.9942117721315,969.5748901367188,6800,0.0,0.0
2015-01-20 00:00:00+09:00,970.5367699880449,970.5367699880449,961.8798513261098,969.5748901367188,8500,0.0,0.0
2015-01-21 00:00:00+09:00,973.4224488035647,973.4224488035647,961.8798901220995,963.8036499023438,5300,0.0,0.0
2015-01-22 00:00:00+09:00,963.8036082957958,963.8036082957958,958.9942090528028,960.91796875,7000,0.0,0.0
2015-01-23 00:00:00+09:00,959.9561303418553,966.68928957271,958.9942504517333,963.8036499023438,3400,0.0,0.0
2015-01-26 00:00:00+09:00,960.91796875,960.91796875,958.9942090528028,960.91796875,6100,0.0,0.0
2015-01-27 00:00:00+09:00,961.8798901220995,964.7655297924658,958.9942504517333,963.8036499023438,6100,0.0,0.0
2015-01-28 00:00:00+09:00,971.4986572265625,972.4605370852026,966.6892579333617,971.4986572265625,7400,0.0,0.0
2015-01-29 00:00:00+09:00,966.6892478415916,966.6892478415916,959.9560889014015,960.91796875,9700,0.0,0.0
2015-01-30 00:00:00+09:00,957.0705173732517,968.6130763767483,957.0705173732517,962.841796875,9600,0.0,0.0
2015-02-02 00:00:00+09:00,968.6129502942485,968.6129502942485,954.1847534179688,954.1847534179688,7900,0.0,0.0
2015-02-03 00:00:00+09:00,955.1466256806344,957.0703852489742,950.3372267597854,952.260986328125,12000,0.0,0.0
2015-02-04 00:00:00+09:00,944.5659405789395,962.8416563335219,944.5659405789395,950.3372192382812,9100,0.0,0.0
2015-02-05 00:00:00+09:00,945.527866270484,950.337265386814,945.527866270484,946.48974609375,9300,0.0,0.0
2015-02-06 00:00:00+09:00,943.6041407241435,955.1466990204632,943.6041407241435,947.45166015625,13000,0.0,0.0
2015-02-09 00:00:00+09:00,958.0323144040515,958.0323144040515,952.2610354016175,957.0704345703125,3700,0.0,0.0
2015-02-10 00:00:00+09:00,959.95608150134,961.8798411837074,956.1085621366052,958.9942016601562,9800,0.0,0.0
2015-02-12 00:00:00+09:00,958.9942016601562,968.6130000719934,958.9942016601562,958.9942016601562,9700,0.0,0.0
2015-02-13 00:00:00+09:00,968.6130493529542,968.6130493529542,960.9180102319774,963.8036499023438,7400,0.0,0.0
2015-02-16 00:00:00+09:00,964.765446245431,968.6129654727308,957.0704077908314,958.0322875976562,6100,0.0,0.0
2015-02-17 00:00:00+09:00,961.8798633396684,968.6130223830461,958.0323438863098,964.7655029296875,6200,0.0,0.0
2015-02-18 00:00:00+09:00,973.4224343336266,1015.7451488698712,969.5749148303316,1008.0501098632812,26400,0.0,0.0
2015-02-19 00:00:00+09:00,1008.049983801096,1015.7450218453791,990.7361482014588,1014.7831420898438,12500,0.0,0.0
2015-02-20 00:00:00+09:00,1001.3169157323073,1001.3169157323073,976.3080398350546,983.0411987304688,13800,0.0,0.0
2015-02-23 00:00:00+09:00,988.8124703201593,993.6218694948682,981.117431640625,981.117431640625,6900,0.0,0.0
2015-02-24 00:00:00+09:00,981.1173589939025,998.4311947408537,971.4985613567073,985.9267578125,6400,0.0,0.0
2015-02-25 00:00:00+09:00,967.651057088572,998.43120999795,967.651057088572,989.7742919921875,4400,0.0,0.0
2015-02-26 00:00:00+09:00,997.4693945735866,1000.3550340950144,990.7362356902547,998.4312744140625,6800,0.0,0.0
2015-02-27 00:00:00+09:00,991.6980665858695,999.3931049298917,990.7361867928666,993.621826171875,7900,0.0,0.0
2015-03-02 00:00:00+09:00,993.6218706778933,1009.9738278913726,993.6218706778933,1005.1644287109375,7400,0.0,0.0
2015-03-03 00:00:00+09:00,1005.1644702358101,1011.8976293665762,1005.1644702358101,1008.0501098632812,7000,0.0,0.0
2015-03-04 00:00:00+09:00,1008.0500607659695,1014.7832195687956,988.8124641864663,1003.2406616210938,3300,0.0,0.0
2015-03-05 00:00:00+09:00,1003.2406467000834,1008.0500457734299,999.3931274414062,999.3931274414062,1500,0.0,0.0
2015-03-06 00:00:00+09:00,1013.8213018249335,1013.8213018249335,986.8886676208555,993.621826171875,3800,0.0,0.0
2015-03-09 00:00:00+09:00,1001.3168612122536,1001.3168612122536,982.0792654156685,984.9649047851562,4100,0.0,0.0
2015-03-10 00:00:00+09:00,978.2318310257951,984.0031102648853,973.4224316598866,975.34619140625,7800,0.0,0.0
2015-03-11 00:00:00+09:00,975.3461766611232,976.3080565197633,971.4986572265625,971.4986572265625,3200,0.0,0.0
2015-03-12 00:00:00+09:00,976.3080250678222,981.1174242060873,969.574866274251,979.1936645507812,4800,0.0,0.0
2015-03-13 00:00:00+09:00,978.2317728618723,1000.3550086296433,978.2317728618723,984.0030517578125,12700,0.0,0.0
2015-03-16 00:00:00+09:00,985.9268325258536,990.7362317089065,943.6041197149876,965.7273559570312,21300,0.0,0.0
2015-03-17 00:00:00+09:00,968.6129909255031,976.3080295823095,965.7273514292007,972.4605102539062,4700,0.0,0.0
2015-03-18 00:00:00+09:00,967.6510887943097,971.4986080340485,962.8416897446361,966.689208984375,7200,0.0,0.0
2015-03-19 00:00:00+09:00,972.4605566212296,972.4605566212296,962.8417578415932,968.613037109375,7300,0.0,0.0
2015-03-20 00:00:00+09:00,964.7654761204207,969.5748753034735,961.8798366105889,965.7273559570312,11500,0.0,0.0
2015-03-23 00:00:00+09:00,967.6511572314114,972.4605566212296,964.7655175975206,968.613037109375,4200,0.0,0.0
2015-03-24 00:00:00+09:00,964.765556708916,971.4987161276224,960.918037041084,962.841796875,7600,0.0,0.0
2015-03-25 00:00:00+09:00,962.8417432030081,969.5749022463858,961.8798633396684,964.7655029296875,4400,0.0,0.0
2015-03-26 00:00:00+09:00,970.5367282241137,970.5367282241137,962.8416897446361,966.689208984375,3600,0.0,0.0
2015-03-27 00:00:00+09:00,975.346164586861,995.5456413682458,972.4605250466633,976.3080444335938,10200,0.0,0.0
2015-03-30 00:00:00+09:00,976.3080398350546,988.812477783681,974.3842801506506,983.0411987304688,8400,0.0,0.0
2015-03-31 00:00:00+09:00,990.7361878101569,991.6980676041474,975.3461111063099,978.2317504882812,6800,0.0,0.0
2015-04-01 00:00:00+09:00,983.0411719418225,990.7362104697428,978.2317728618723,984.0030517578125,5100,0.0,0.0
2015-04-02 00:00:00+09:00,1057.105690301913,1076.3432824821116,1008.0498302424065,1029.211181640625,75500,0.0,0.0
2015-04-03 00:00:00+09:00,1069.610309027778,1097.504822482639,1067.6865494791666,1082.11474609375,50900,0.0,0.0
2015-04-06 00:00:00+09:00,1081.1528964698537,1081.1528964698537,1009.9737911862512,1034.982666015625,15000,0.0,0.0
2015-04-07 00:00:00+09:00,1034.9826426356756,1045.5633202090887,1025.3638448416639,1044.6014404296875,7900,0.0,0.0
2015-04-08 00:00:00+09:00,1044.6014807515553,1072.4959954309247,1022.4782449713659,1062.877197265625,10400,0.0,0.0
2015-04-09 00:00:00+09:00,1075.381619736674,1075.381619736674,1051.3346246620615,1059.0296630859375,20400,0.0,0.0
2015-04-10 00:00:00+09:00,1018.6306946028525,1048.4489680048246,1018.6306946028525,1031.1351318359375,24600,0.0,0.0
2015-04-13 00:00:00+09:00,1025.3638871647106,1036.9064449939567,1025.3638871647106,1032.0970458984375,3100,0.0,0.0
2015-04-14 00:00:00+09:00,1038.8300030048076,1056.1438363882212,1032.0968455779246,1050.37255859375,8800,0.0,0.0
2015-04-15 00:00:00+09:00,1051.334567673142,1076.3434411951014,1051.334567673142,1067.6865234375,8600,0.0,0.0
2015-04-16 00:00:00+09:00,1062.8771095206896,1074.4196663661633,1058.0677108350756,1063.8389892578125,8400,0.0,0.0
2015-04-17 00:00:00+09:00,1077.3053555355534,1077.3053555355534,1059.9915194644464,1068.6484375,8500,0.0,0.0
2015-04-20 00:00:00+09:00,1072.495837557143,1077.3052359318388,1048.4488456836646,1061.9151611328125,10400,0.0,0.0
2015-04-21 00:00:00+09:00,1061.9152749049642,1077.3053513528623,1031.135122009168,1075.381591796875,7800,0.0,0.0
2015-04-22 00:00:00+09:00,1077.3053321532113,1078.2672119140625,1059.991496457892,1078.2672119140625,3800,0.0,0.0
2015-04-23 00:00:00+09:00,1076.3433562568996,1076.3433562568996,1029.2112521848817,1061.9151611328125,5800,0.0,0.0
2015-04-24 00:00:00+09:00,1061.9152774360236,1099.4285888671875,1058.0677583148786,1099.4285888671875,25900,0.0,0.0
2015-04-27 00:00:00+09:00,1106.1616400375299,1111.9329181594649,1100.3903619155951,1103.2760009765625,5200,0.0,0.0
2015-04-28 00:00:00+09:00,1101.352248701077,1103.2760080874546,1081.152775144114,1089.8096923828125,8600,0.0,0.0
2015-04-30 00:00:00+09:00,1087.8860398487668,1094.6191983624196,1071.5340834584672,1085.9622802734375,4000,0.0,0.0
2015-05-01 00:00:00+09:00,1077.3052825380823,1086.9240797036011,1061.9152070732528,1073.457763671875,4500,0.0,0.0
2015-05-07 00:00:00+09:00,1077.3052978515625,1077.3052978515625,1067.6865005493164,1077.3052978515625,8000,0.0,0.0
2015-05-08 00:00:00+09:00,1077.3053513528623,1091.7335480227666,1067.686553572926,1075.381591796875,13000,0.0,0.0
2015-05-11 00:00:00+09:00,1075.381500515167,1088.8478162640154,1075.381500515167,1083.0765380859375,4600,0.0,0.0
2015-05-12 00:00:00+09:00,1086.9241600611022,1089.8097994240961,1084.0385206981082,1085.9622802734375,2300,0.0,0.0
2015-05-13 00:00:00+09:00,1085.962269354805,1088.8479086887858,1067.686553572926,1075.381591796875,7700,0.0,0.0
2015-05-14 00:00:00+09:00,1077.3052820860241,1077.3052820860241,1042.6776123046875,1042.6776123046875,6700,0.0,0.0
2015-05-15 00:00:00+09:00,1048.4487993289263,1057.105716020633,1042.677521534455,1050.37255859375,6100,0.0,0.0
2015-05-18 00:00:00+09:00,1052.2965192837953,1077.3053945135746,1049.4108798342054,1062.877197265625,5400,0.0,0.0
2015-05-19 00:00:00+09:00,1063.8389441590116,1083.0765380859375,1057.1057862845873,1083.0765380859375,6500,0.0,0.0
2015-05-20 00:00:00+09:00,1085.0003743197374,1085.0003743197374,1063.8390195014447,1071.5340576171875,6700,0.0,0.0
2015-05-21 00:00:00+09:00,1072.4959182397745,1081.1528359654767,1072.4959182397745,1074.419677734375,4300,0.0,0.0
2015-05-22 00:00:00+09:00,1074.419643388427,1074.419643388427,1069.6102448056677,1073.457763671875,1900,0.0,0.0
2015-05-25 00:00:00+09:00,1073.457763671875,1081.15280140429,1069.6102448056677,1073.457763671875,4700,0.0,0.0
2015-05-26 00:00:00+09:00,1078.2672353172818,1078.2672353172818,1064.8009183730874,1068.6484375,2800,0.0,0.0
2015-05-27 00:00:00+09:00,1068.6484292534724,1083.0766258680555,1067.6865494791666,1082.11474609375,7300,0.0,0.0
2015-05-28 00:00:00+09:00,1090.7716899671054,1099.4286081414475,1086.9241707785088,1096.54296875,7100,0.0,0.0
2015-05-29 00:00:00+09:00,1095.5811471846334,1096.543027032908,1079.2291897639673,1087.8861083984375,7100,0.0,0.0
2015-06-01 00:00:00+09:00,1103.2762157517216,1103.2762157517216,1089.8098975123805,1095.5811767578125,5900,0.0,0.0
2015-06-02 00:00:00+09:00,1100.3904879385966,1100.3904879385966,1077.3053728070176,1096.54296875,4500,0.0,0.0
2015-06-03 00:00:00+09:00,1096.5430418846365,1099.4286814685433,1080.1910842424973,1091.733642578125,3500,0.0,0.0
2015-06-04 00:00:00+09:00,1091.7336128999834,1091.7336128999834,1080.1910548781334,1084.03857421875,3100,0.0,0.0
2015-06-05 00:00:00+09:00,1084.038417782284,1094.6190944420932,1083.0765380859375,1083.0765380859375,1900,0.0,0.0
2015-06-08 00:00:00+09:00,1085.9622709439384,1089.8097900615433,1034.9826426356756,1044.6014404296875,8600,0.0,0.0
2015-06-09 00:00:00+09:00,1058.0676424330559,1068.6483188573864,1058.0676424330559,1061.9151611328125,4700,0.0,0.0
2015-06-10 00:00:00+09:00,1082.1147003585115,1082.1147003585115,1070.5721435546875,1070.5721435546875,5400,0.0,0.0
2015-06-11 00:00:00+09:00,1073.4577411224745,1083.0765380859375,1073.4577411224745,1083.0765380859375,2100,0.0,0.0
2015-06-12 00:00:00+09:00,1093.6573635037796,1106.161801257121,1091.7336038494193,1097.5048828125,16900,0.0,0.0
2015-06-15 00:00:00+09:00,1105.1998138560998,1105.1998138560998,1099.4285354547626,1101.352294921875,2200,0.0,0.0
2015-06-16 00:00:00+09:00,1110.9711471557616,1173.4933329264322,1110.9711471557616,1154.2557373046875,21500,0.0,0.0
2015-06-17 00:00:00+09:00,1169.645806895093,1169.645806895093,1136.94189453125,1136.94189453125,8000,0.0,0.0
2015-06-18 00:00:00+09:00,1154.2556459540563,1163.8744430036734,1145.598728609401,1161.95068359375,12800,0.0,0.0
2015-06-19 00:00:00+09:00,1177.340812424273,1201.3878061420892,1175.4170529268476,1190.80712890625,18800,0.0,0.0
2015-06-22 00:00:00+09:00,1207.1591621809237,1247.5581142220383,1207.1591621809237,1234.091796875,36400,0.0,0.0
2015-06-23 00:00:00+09:00,1241.7867856689836,1242.7486654409968,1227.3585890887862,1229.2823486328125,13000,0.0,0.0
2015-06-24 00:00:00+09:00,1240.8250390549238,1250.4438378072875,1228.320600676851,1239.8631591796875,17700,0.0,0.0
2015-06-25 00:00:00+09:00,1221.5871804858011,1225.4346991644964,1202.3495870923239,1211.9683837890625,11300,0.0,0.0
2015-06-26 00:00:00+09:00,1211.9684450155514,1236.0154379722092,1211.9684450155514,1227.3585205078125,13500,0.0,0.0
2015-06-29 00:00:00+09:00,1202.3496858908018,1226.3966796086177,1173.4932934294225,1190.80712890625,14300,0.0,0.0
2015-06-30 00:00:00+09:00,1180.2264066614293,1221.587234278741,1180.2264066614293,1210.044677734375,9400,0.0,0.0
2015-07-01 00:00:00+09:00,1221.5873063974343,1240.824901773772,1216.77790755335,1236.0155029296875,10000,0.0,0.0
2015-07-02 00:00:00+09:00,1231.206142494136,1231.206142494136,1224.4729839023712,1230.2442626953125,4900,0.0,0.0
2015-07-03 00:00:00+09:00,1238.9011505150963,1240.8249100655858,1222.5491943359375,1222.5491943359375,4300,0.0,0.0
2015-07-06 00:00:00+09:00,1211.9684408723022,1218.7015988771484,1197.5402451476318,1203.3115234375,10000,0.0,0.0
2015-07-07 00:00:00+09:00,1206.1972983755716,1222.5492553710938,1161.9508265053353,1183.1121826171875,20100,0.0,0.0
2015-07-08 00:00:00+09:00,1163.8744535900298,1181.1882884368235,1107.1235504810945,1110.9710693359375,18100,0.0,0.0
2015-07-09 00:00:00+09:00,1115.7806732276497,1235.0537796761225,1107.1237542112283,1188.883544921875,61400,0.0,0.0
2015-07-10 00:00:00+09:00,1226.3966599555865,1226.3966599555865,1162.9125975578854,1193.6927490234375,25100,0.0,0.0
2015-07-13 00:00:00+09:00,1196.578372890562,1202.3496512164006,1181.1882973549918,1189.84521484375,14300,0.0,0.0
2015-07-14 00:00:00+09:00,1192.73093359375,1211.968529296875,1192.73093359375,1202.3497314453125,13100,0.0,0.0
2015-07-15 00:00:00+09:00,1202.3498927665294,1209.0830521660218,1183.1122944822648,1196.57861328125,11300,0.0,0.0
2015-07-16 00:00:00+09:00,1198.5020988777233,1219.6634521484375,1198.5020988777233,1219.6634521484375,8000,0.0,0.0
2015-07-17 00:00:00+09:00,1207.1592675898064,1211.9686670622757,1202.3498681173369,1206.1973876953125,8700,0.0,0.0
2015-07-21 00:00:00+09:00,1202.3497122530925,1208.1209908719075,1196.5784336342776,1205.2353515625,7800,0.0,0.0
2015-07-22 00:00:00+09:00,1205.2353515625,1214.8541492605248,1200.4259527134875,1205.2353515625,3200,0.0,0.0
2015-07-23 00:00:00+09:00,1212.9303625392163,1221.5872802734375,1203.3115650567483,1221.5872802734375,9300,0.0,0.0
2015-07-24 00:00:00+09:00,1240.8248365635409,1240.8248365635409,1214.8540841703505,1227.3585205078125,8000,0.0,0.0
2015-07-27 00:00:00+09:00,1241.7867355886071,1241.7867355886071,1221.5872611909613,1224.472900390625,8000,0.0,0.0
2015-07-28 00:00:00+09:00,1227.358458503844,1227.358458503844,1202.3495870923239,1211.9683837890625,8900,0.0,0.0
2015-07-29 00:00:00+09:00,1211.9684145954504,1226.396610007301,1207.1590161248337,1219.6634521484375,9700,0.0,0.0
2015-07-30 00:00:00+09:00,1225.4347686042122,1227.3585280525704,1211.9684524657043,1213.8922119140625,20100,0.0,0.0
2015-07-31 00:00:00+09:00,1213.8922763587357,1222.5491943359375,1200.4259595053109,1222.5491943359375,14100,0.0,0.0
2015-08-03 00:00:00+09:00,1216.777998551598,1229.2824364813773,1216.777998551598,1228.320556640625,18100,0.0,0.0
2015-08-04 00:00:00+09:00,1228.3204660377594,1228.3204660377594,1202.3497122530925,1205.2353515625,8400,0.0,0.0
2015-08-05 00:00:00+09:00,1205.2352519814083,1210.04465043305,1167.7219440586032,1195.616455078125,11100,0.0,0.0
2015-08-06 00:00:00+09:00,1195.616546902676,1210.044743365701,1179.2645909112475,1187.9215087890625,16900,0.0,0.0
2015-08-07 00:00:00+09:00,1175.4170529268476,1196.5784073985258,1175.4170529268476,1190.80712890625,9000,0.0,0.0
2015-08-10 00:00:00+09:00,1189.84538586013,1197.5404247339222,1187.9216261416818,1194.65478515625,7700,0.0,0.0
2015-08-11 00:00:00+09:00,1194.6548534528235,1200.426132938103,1190.8073337959706,1196.57861328125,9200,0.0,0.0
2015-08-12 00:00:00+09:00,1191.7691845940155,1192.731064484729,1185.036025359021,1188.883544921875,5000,0.0,0.0
2015-08-13 00:00:00+09:00,1188.8833694088248,1190.80712890625,1181.1883314191236,1190.80712890625,6000,0.0,0.0
2015-08-14 00:00:00+09:00,1191.7690086549626,1191.7690086549626,1187.921489660112,1190.80712890625,3900,0.0,0.0
2015-08-17 00:00:00+09:00,1190.8072212033155,1204.2735387290395,1175.4171440310595,1183.1121826171875,20600,0.0,0.0
2015-08-18 00:00:00+09:00,1190.8072017722272,1201.3878796555023,1184.0740431192341,1185.997802734375,5200,0.0,0.0
2015-08-19 00:00:00+09:00,1181.1884080597472,1190.807206170983,1177.3408888152528,1179.2646484375,10200,0.0,0.0
2015-08-20 00:00:00+09:00,1173.4932281060724,1173.4932281060724,1144.636837251005,1151.3699951171875,25000,0.0,0.0
2015-08-21 00:00:00+09:00,1144.6369299727878,1149.4463288382199,1107.1236188224193,1112.8948974609375,24300,0.0,0.0
2015-08-24 00:00:00+09:00,1051.3346315085776,1076.3435065490378,1021.516357421875,1021.516357421875,24200,0.0,0.0
2015-08-25 00:00:00+09:00,966.6892352674566,1053.2584205152887,966.6892352674566,1005.1644287109375,24400,0.0,0.0
2015-08-26 00:00:00+09:00,1013.8212058738426,1054.2201533564814,1013.8212058738426,1038.830078125,41400,0.0,0.0
2015-08-27 00:00:00+09:00,1021.5163487998083,1048.4489832314416,1021.5163487998083,1034.982666015625,42100,0.0,0.0
2015-08-28 00:00:00+09:00,1034.9824998396157,1054.2200927734375,1034.9824998396157,1054.2200927734375,17400,0.0,0.0
2015-08-31 00:00:00+09:00,1056.1440151608044,1077.3053706558296,1055.182135365576,1072.4959716796875,9300,0.0,0.0
2015-09-01 00:00:00+09:00,1062.877149260446,1066.7246683527915,1027.28759765625,1027.28759765625,11100,0.0,0.0
2015-09-02 00:00:00+09:00,1014.7832763671876,1045.5634326171876,987.8506396484376,1009.973876953125,15400,0.0,0.0
2015-09-03 00:00:00+09:00,1016.7069138429151,1029.2113508154391,990.7361601307499,994.5836791992188,14600,0.0,0.0
2015-09-04 00:00:00+09:00,1000.3549857500614,1006.1262645140041,961.8797939904437,978.2317504882812,14900,0.0,0.0
2015-09-07 00:00:00+09:00,964.7654908800882,984.0030879066104,945.527893853566,969.5748901367188,16200,0.0,0.0
2015-09-08 00:00:00+09:00,971.4985996174962,982.0792774351124,923.4046095374221,925.328369140625,11800,0.0,0.0
2015-09-09 00:00:00+09:00,955.1466923668271,980.155568501306,952.2610528128488,969.5748901367188,10300,0.0,0.0
2015-09-10 00:00:00+09:00,961.8798901220995,967.6511694628321,945.5279319900238,963.8036499023438,10500,0.0,0.0
2015-09-11 00:00:00+09:00,961.8798828125,971.498681640625,955.1467236328125,961.8798828125,17100,0.0,0.0
2015-09-14 00:00:00+09:00,979.1936433478053,979.1936433478053,958.0322875976562,958.0322875976562,5700,0.0,0.0
2015-09-15 00:00:00+09:00,959.9561303418553,979.1937281442973,952.2610912208785,963.8036499023438,8300,0.0,0.0
2015-09-16 00:00:00+09:00,966.6893165428322,974.3843558784965,957.0705173732517,962.841796875,3900,0.0,0.0
2015-09-17 00:00:00+09:00,981.1174483526321,981.1174483526321,962.841731177436,969.5748901367188,7100,0.0,0.0
2015-09-18 00:00:00+09:00,994.583798828125,994.583798828125,961.8798828125,961.8798828125,10100,0.0,0.0
2015-09-24 00:00:00+09:00,959.9560983105964,976.3080558970495,947.45166015625,947.45166015625,7600,0.0,0.0
2015-09-25 00:00:00+09:00,952.2610118353545,970.5367282241137,951.2991320254198,966.689208984375,6400,0.0,0.0
2015-09-28 00:00:00+09:00,966.689240389626,971.4986395955444,957.0704419777888,958.9942016601562,8400,0.0,0.0
2015-09-29 00:00:00+09:00,958.9942307452767,958.9942307452767,942.6422729492188,942.6422729492188,16500,0.0,0.0
2015-09-30 00:00:00+09:00,959.9560472113062,971.4986048932057,954.1847683703564,958.0322875976562,4900,0.0,0.0
2015-10-01 00:00:00+09:00,970.5368017578126,975.346201171875,928.2140869140625,961.8798828125,8200,0.0,0.0
2015-10-02 00:00:00+09:00,952.2610131120055,968.6129699028177,933.0234168875205,951.2991333007812,6300,0.0,0.0
2015-10-05 00:00:00+09:00,1095.5811767578125,1095.5811767578125,1095.5811767578125,1095.5811767578125,9800,0.0,0.0
2015-10-06 00:00:00+09:00,1066.724545060858,1067.6864247227704,1016.7068026414129,1020.5543212890625,65800,0.0,0.0
2015-10-07 00:00:00+09:00,1028.2493507450092,1028.2493507450092,1004.2023593805329,1018.6305541992188,12300,0.0,0.0
2015-10-08 00:00:00+09:00,1011.8975379356972,1011.8975379356972,992.659942157452,1000.35498046875,10600,0.0,0.0
2015-10-09 00:00:00+09:00,1003.2407088309029,1106.1618553744374,1000.3550692081869,1095.5811767578125,56600,0.0,0.0
2015-10-13 00:00:00+09:00,1085.0002767484482,1129.2467419349982,1058.0676457653306,1123.4754638671875,27500,0.0,0.0
2015-10-14 00:00:00+09:00,1125.399307812158,1125.399307812158,1068.6484025464165,1098.4666748046875,13200,0.0,0.0
2015-10-15 00:00:00+09:00,1076.343264572912,1096.5427360260228,1068.6482278288697,1069.610107421875,11700,0.0,0.0
2015-10-16 00:00:00+09:00,1076.3434823967905,1088.8479196364315,1070.5722036708023,1085.9622802734375,7200,0.0,0.0
2015-10-19 00:00:00+09:00,1085.9622802734375,1085.9622802734375,1067.6865643078083,1085.9622802734375,5100,0.0,0.0
2015-10-20 00:00:00+09:00,1078.2672894050454,1078.2672894050454,1060.953452465446,1066.7247314453125,6700,0.0,0.0
2015-10-21 00:00:00+09:00,1066.7246737949324,1075.381591796875,1058.0677557929896,1075.381591796875,5300,0.0,0.0
2015-10-22 00:00:00+09:00,1071.5340726849006,1077.3053513528623,1048.4489580130535,1075.381591796875,5200,0.0,0.0
2015-10-23 00:00:00+09:00,1058.0677557929896,1082.1147502428303,1058.0677557929896,1075.381591796875,7500,0.0,0.0
2015-10-26 00:00:00+09:00,1078.267250451058,1081.1528898367433,1067.6865727035454,1072.4959716796875,4300,0.0,0.0
2015-10-27 00:00:00+09:00,1072.4959373816553,1078.2672159684623,1068.648418323784,1071.5340576171875,2800,0.0,0.0
2015-10-28 00:00:00+09:00,1084.0385097988176,1084.0385097988176,1038.830160233117,1075.381591796875,7100,0.0,0.0
2015-10-29 00:00:00+09:00,1070.5722902987866,1086.9242480122452,1043.639654064855,1085.00048828125,14500,0.0,0.0
2015-10-30 00:00:00+09:00,1093.6574217426744,1100.390580891486,1063.8391455122232,1064.801025390625,12200,0.0,0.0
2015-11-02 00:00:00+09:00,1064.800842005435,1071.5339999946293,1049.4107666015625,1049.4107666015625,9500,0.0,0.0
2015-11-04 00:00:00+09:00,1085.9622540842051,1085.9622540842051,1060.9533802080412,1071.5340576171875,5100,0.0,0.0
2015-11-05 00:00:00+09:00,1059.0296166970409,1086.9241297617223,1056.1439774144876,1078.2672119140625,6300,0.0,0.0
2015-11-06 00:00:00+09:00,1091.7335285659776,1102.3142059353395,1066.7246547838495,1078.2672119140625,5900,0.0,0.0
2015-11-09 00:00:00+09:00,1078.267139604206,1089.8096959603618,1068.648342640743,1083.0765380859375,6900,0.0,0.0
2015-11-10 00:00:00+09:00,1083.0767379494519,1083.0767379494519,1022.478305897218,1047.4871826171875,20200,0.0,0.0
2015-11-11 00:00:00+09:00,1047.4870337267248,1091.7335016343736,1042.677635041111,1063.8389892578125,10700,0.0,0.0
2015-11-12 00:00:00+09:00,1049.4109286808232,1102.3143210524504,1049.4109286808232,1091.733642578125,5300,0.0,0.0
2015-11-13 00:00:00+09:00,1068.6485449042316,1075.381704053043,1052.2965869714035,1064.801025390625,5100,0.0,0.0
2015-11-16 00:00:00+09:00,1067.6866354000797,1067.6866354000797,1051.3346779209794,1057.10595703125,4500,0.0,0.0
2015-11-17 00:00:00+09:00,1060.9534057941555,1085.9622802734375,1059.9915260064909,1085.9622802734375,8500,0.0,0.0
2015-11-18 00:00:00+09:00,1091.733619624733,1129.2469334268162,1078.2673018496262,1125.3994140625,12300,0.0,0.0
2015-11-19 00:00:00+09:00,1123.475562725488,1134.05624011417,1111.933005574199,1133.0943603515625,8100,0.0,0.0
2015-11-20 00:00:00+09:00,1134.0563280337326,1134.0563280337326,1109.0474522670854,1132.132568359375,9700,0.0,0.0
2015-11-24 00:00:00+09:00,1130.2087658793987,1144.636962890625,1099.428612255449,1144.636962890625,10700,0.0,0.0
2015-11-25 00:00:00+09:00,1144.6369257661486,1144.6369257661486,1113.8567731405042,1119.6280517578125,7400,0.0,0.0
2015-11-26 00:00:00+09:00,1120.5900148571047,1130.2088132678953,1111.9330962873933,1125.3994140625,5800,0.0,0.0
2015-11-27 00:00:00+09:00,1139.8275269183916,1139.8275269183916,1119.6280517578125,1119.6280517578125,6000,0.0,0.0
2015-11-30 00:00:00+09:00,1115.7804163490853,1144.636806427079,1111.9328976720194,1143.6749267578125,4300,0.0,0.0
2015-12-01 00:00:00+09:00,1115.7803922651565,1130.208586992723,1112.894753319643,1122.5135498046875,7700,0.0,0.0
2015-12-02 00:00:00+09:00,1110.9709785441746,1124.437293435619,1102.314061828246,1118.666015625,4900,0.0,0.0
2015-12-03 00:00:00+09:00,1101.352397639577,1121.551873928163,1101.352397639577,1104.238037109375,5200,0.0,0.0
2015-12-04 00:00:00+09:00,1086.924155866596,1103.2761121937926,1072.495959107305,1092.6954345703125,6300,0.0,0.0
2015-12-07 00:00:00+09:00,1092.695473243916,1106.1617906958656,1085.9623145179412,1086.9241943359375,6700,0.0,0.0
2015-12-08 00:00:00+09:00,1086.9240484685245,1101.3522438021773,1065.7626953125,1065.7626953125,6500,0.0,0.0
2015-12-09 00:00:00+09:00,1058.0677032470703,1061.9152221679688,1041.715747833252,1046.525146484375,6100,0.0,0.0
2015-12-10 00:00:00+09:00,1038.8301315732258,1051.3345683421628,1034.0207328159424,1036.9063720703125,6400,0.0,0.0
2015-12-11 00:00:00+09:00,1008.0500504208411,1035.9445651748529,1008.0500504208411,1032.0970458984375,14700,0.0,0.0
2015-12-14 00:00:00+09:00,1028.2494086575105,1033.0588072012781,1011.8974536087007,1025.36376953125,10300,0.0,0.0
2015-12-15 00:00:00+09:00,1106.1616935896561,1313.9277160378,1063.8389853131823,1101.352294921875,182000,0.0,0.0
2015-12-16 00:00:00+09:00,1183.112154920562,1187.9215539243041,1135.0181648831408,1144.636962890625,48500,0.0,0.0
2015-12-17 00:00:00+09:00,1173.4932035405584,1173.4932035405584,1111.932904338431,1130.2086181640625,25800,0.0,0.0
2015-12-18 00:00:00+09:00,1127.323122258772,1127.323122258772,1082.1147717927631,1096.54296875,27100,0.0,0.0
2015-12-21 00:00:00+09:00,1096.5430613778794,1096.5430613778794,1011.8976320785343,1064.801025390625,22000,0.0,0.0
2015-12-22 00:00:00+09:00,1051.3344693270597,1068.6483032226563,1039.7919133966618,1058.067626953125,9900,0.0,0.0
2015-12-24 00:00:00+09:00,1066.7247650849654,1067.6866449452764,1039.7921289962558,1043.6396484375,9000,0.0,0.0
2015-12-25 00:00:00+09:00,1043.6396484375,1043.6396484375,1043.6396484375,1043.6396484375,0,0.0,0.0
2015-12-28 00:00:00+09:00,1050.3726273280392,1059.9914242815928,1050.3726273280392,1052.29638671875,6800,0.0,0.0
2015-12-29 00:00:00+09:00,1048.4490236604595,1058.0678220426655,1048.4490236604595,1053.2584228515625,10400,0.0,0.0
2015-12-30 00:00:00+09:00,1067.6865345447006,1090.7716488051265,1054.2202178927855,1078.2672119140625,6500,0.0,0.0
2016-01-04 00:00:00+09:00,1078.2672862688978,1110.9712003930215,1077.3054064417177,1097.5048828125,11400,0.0,0.0
2016-01-05 00:00:00+09:00,1096.5429495263288,1103.2761079883326,1087.8860315037525,1099.4285888671875,6900,0.0,0.0
2016-01-06 00:00:00+09:00,1100.3905029296875,1110.971180842473,1098.466743309181,1100.3905029296875,10500,0.0,0.0
2016-01-07 00:00:00+09:00,1118.6662786945897,1135.9801161980313,1090.7717627168226,1091.733642578125,27600,0.0,0.0
2016-01-08 00:00:00+09:00,1082.1148212139424,1143.6751310430022,1063.8391042334401,1125.3994140625,21200,0.0,0.0
2016-01-12 00:00:00+09:00,1041.7158740114107,1054.2203120189347,963.8036064260698,976.3080444335938,63200,0.0,0.0
2016-01-13 00:00:00+09:00,990.7362299900428,1014.7832258635876,979.1936719707414,981.117431640625,15600,0.0,0.0
2016-01-14 00:00:00+09:00,979.193715766975,979.193715766975,962.8417578415932,968.613037109375,18100,0.0,0.0
2016-01-15 00:00:00+09:00,986.8887123624642,999.3931502384019,960.9179567739783,965.7273559570312,14900,0.0,0.0
2016-01-18 00:00:00+09:00,952.2610501126127,984.964964964965,949.3754105668169,960.91796875,11300,0.0,0.0
2016-01-19 00:00:00+09:00,975.3462085838089,975.3462085838089,958.0323705616111,963.8036499023438,6900,0.0,0.0
2016-01-20 00:00:00+09:00,966.6892223823361,975.3461407917301,946.48974609375,946.48974609375,14700,0.0,0.0
2016-01-21 00:00:00+09:00,947.451659520467,957.0704580942789,923.4046630859375,923.4046630859375,13600,0.0,0.0
2016-01-22 00:00:00+09:00,950.3372624915415,977.2698974609375,932.0615459051658,977.2698974609375,9200,0.0,0.0
2016-01-25 00:00:00+09:00,976.3080295823095,981.1174287428134,961.8798321007976,972.4605102539062,9200,0.0,0.0
2016-01-26 00:00:00+09:00,967.651031677613,972.4604304434063,959.9559936523438,959.9559936523438,5200,0.0,0.0
2016-01-27 00:00:00+09:00,962.8417265793372,977.2699242803263,961.8798467326046,976.3080444335938,3900,0.0,0.0
2016-01-28 00:00:00+09:00,985.9268599231601,985.9268599231601,963.8036230663478,964.7655029296875,6500,0.0,0.0
2016-01-29 00:00:00+09:00,968.6130223830461,971.4986619730652,960.9179834763288,964.7655029296875,3700,0.0,0.0
2016-02-01 00:00:00+09:00,984.9649080348499,993.621826171875,979.1936292768332,993.621826171875,9300,0.0,0.0
2016-02-02 00:00:00+09:00,1009.0118952250734,1009.0118952250734,987.8505399391329,991.6980590820312,4000,0.0,0.0
2016-02-03 00:00:00+09:00,988.8123971036586,990.7361566310976,973.4223208841464,985.9267578125,8100,0.0,0.0
2016-02-04 00:00:00+09:00,985.9268279033174,985.9268279033174,965.7273514292007,972.4605102539062,3200,0.0,0.0
2016-02-05 00:00:00+09:00,968.6130763767483,971.4987161276224,958.9942772071679,962.841796875,7700,0.0,0.0
2016-02-08 00:00:00+09:00,960.917998085666,972.4605566212296,960.917998085666,968.613037109375,5100,0.0,0.0
2016-02-09 00:00:00+09:00,961.8798048685312,966.6892038928738,924.3664924786585,933.9852905273438,15700,0.0,0.0
2016-02-10 00:00:00+09:00,948.4134620179522,948.4134620179522,904.1669921875,904.1669921875,16800,0.0,0.0
2016-02-12 00:00:00+09:00,894.5482632957738,927.2521782979849,866.6537475585938,866.6537475585938,25000,0.0,0.0
2016-02-15 00:00:00+09:00,913.7858618446455,921.480900681232,889.7388654803127,914.7477416992188,6800,0.0,0.0
2016-02-16 00:00:00+09:00,908.0144996279762,922.4426961263022,901.2813412620908,908.9763793945312,7500,0.0,0.0
2016-02-17 00:00:00+09:00,908.0144805264372,928.2139551991652,899.3575628095539,911.8619995117188,7500,0.0,0.0
2016-02-18 00:00:00+09:00,937.8327593296945,967.651031677613,923.4045630323146,959.9559936523438,17400,0.0,0.0
2016-02-19 00:00:00+09:00,959.9560711533738,959.9560711533738,928.2140367364786,948.4135131835938,10200,0.0,0.0
2016-02-22 00:00:00+09:00,941.6803128775114,949.3753511849885,935.9090341469035,945.52783203125,3600,0.0,0.0
2016-02-23 00:00:00+09:00,960.9178967804079,961.8797765569649,945.5278203554965,950.3372192382812,4900,0.0,0.0
2016-02-24 00:00:00+09:00,950.337265386814,972.4605013219322,946.48974609375,946.48974609375,5200,0.0,0.0
2016-02-25 00:00:00+09:00,962.9251799497432,986.1281963340743,959.0580105523547,964.8587646484375,4200,5.0,0.0
2016-02-26 00:00:00+09:00,984.1946491557073,984.1946491557073,946.48974609375,946.48974609375,5400,0.0,0.0
2016-02-29 00:00:00+09:00,968.7259644314462,968.7259644314462,931.9878540039062,931.9878540039062,8200,0.0,0.0
2016-03-01 00:00:00+09:00,932.9546463835784,952.2904939770204,931.9878540039062,931.9878540039062,5000,0.0,0.0
2016-03-02 00:00:00+09:00,934.8882196514423,952.2904822716347,934.8882196514423,942.62255859375,3100,0.0,0.0
2016-03-03 00:00:00+09:00,942.6225739140664,960.9916292005969,942.6225739140664,959.0580444335938,2900,0.0,0.0
2016-03-04 00:00:00+09:00,947.4565224796985,963.8919927676117,947.4565224796985,956.1576538085938,2700,0.0,0.0
2016-03-07 00:00:00+09:00,993.8625623257154,998.6965242047315,976.4602995612573,996.762939453125,20200,0.0,0.0
2016-03-08 00:00:00+09:00,1003.5305023940607,1003.5305023940607,978.3939002146334,987.0950317382812,6500,0.0,0.0
2016-03-09 00:00:00+09:00,987.0949864599754,987.0949864599754,969.6927242109259,977.4270629882812,4900,0.0,0.0
2016-03-10 00:00:00+09:00,988.0617970433728,990.9621741384121,967.759157378098,981.2942504882812,5400,0.0,0.0
2016-03-11 00:00:00+09:00,981.2942257281738,994.8293184968384,975.4934716844606,989.028564453125,9000,0.0,0.0
2016-03-14 00:00:00+09:00,986.1282164298448,1014.1651951322619,985.161424060796,1008.3644409179688,9400,0.0,0.0
2016-03-15 00:00:00+09:00,1008.3644409179688,1014.1651951322619,1003.5304790727245,1008.3644409179688,4300,0.0,0.0
2016-03-16 00:00:00+09:00,1015.1319398022974,1019.9659014204036,1011.2647705078125,1011.2647705078125,5500,0.0,0.0
2016-03-17 00:00:00+09:00,1034.4678505951504,1034.4678505951504,1008.3644562343381,1024.7999267578125,9000,0.0,0.0
2016-03-18 00:00:00+09:00,1024.7999367829107,1024.7999367829107,964.8588084050422,1000.630126953125,17100,0.0,0.0
2016-03-22 00:00:00+09:00,1005.4641816110321,1028.6672011866715,1002.5638041640773,1020.932861328125,7200,0.0,0.0
2016-03-23 00:00:00+09:00,1015.1320100740622,1018.0323872457025,1007.3976709496884,1013.1984252929688,3600,0.0,0.0
2016-03-24 00:00:00+09:00,1019.9658550719037,1019.9658550719037,1000.6300094781235,1001.5968017578125,5100,0.0,0.0
2016-03-25 00:00:00+09:00,1019.9659748169535,1019.9659748169535,995.7961649871678,1000.630126953125,2900,0.0,0.0
2016-03-28 00:00:00+09:00,1024.7999267578125,1024.7999267578125,1002.5637019319355,1024.7999267578125,10900,0.0,0.0
2016-03-29 00:00:00+09:00,1024.7999222623052,1029.633884159769,1001.5969051544795,1023.8331298828125,3800,0.0,0.0
2016-03-30 00:00:00+09:00,1024.8000575638537,1029.634020099532,1021.8996800424464,1026.733642578125,4700,0.0,0.0
2016-03-31 00:00:00+09:00,1032.5342612982472,1034.4678460572327,1023.8331298828125,1023.8331298828125,8000,0.0,0.0
2016-04-01 00:00:00+09:00,1025.7666686892276,1029.633838033956,988.061767578125,988.061767578125,9200,0.0,0.0
2016-04-04 00:00:00+09:00,971.6263046926795,1011.2647907547688,971.6263046926795,1002.5636596679688,13000,0.0,0.0
2016-04-05 00:00:00+09:00,1002.5636825185691,1005.4640596136084,978.393873393242,981.2942504882812,4500,0.0,0.0
2016-04-06 00:00:00+09:00,981.2943371618397,981.2943371618397,970.6596202073765,973.5599975585938,4500,0.0,0.0
2016-04-07 00:00:00+09:00,973.5599753252285,976.4603526102093,966.7924283269399,968.7260131835938,4900,0.0,0.0
2016-04-08 00:00:00+09:00,965.8256579553477,1002.5637710707663,965.8256579553477,973.5599975585938,8900,0.0,0.0
2016-04-11 00:00:00+09:00,1060.5711837812275,1061.5379761091958,992.8957208234465,1012.2315673828125,34100,0.0,0.0
2016-04-12 00:00:00+09:00,1001.5968491442552,1009.3311877476857,992.8957182153958,998.6964721679688,8900,0.0,0.0
2016-04-13 00:00:00+09:00,1006.4308219655852,1006.4308219655852,981.2942212248502,988.061767578125,10400,0.0,0.0
2016-04-14 00:00:00+09:00,988.0618036066444,999.6633120638653,987.0950112352093,995.796142578125,8300,0.0,0.0
2016-04-15 00:00:00+09:00,988.0617721125061,997.729695518695,983.2278104094116,989.028564453125,7600,0.0,0.0
2016-04-18 00:00:00+09:00,982.2611083984375,994.8294099822758,977.4271462508074,982.2611083984375,6100,0.0,0.0
2016-04-19 00:00:00+09:00,994.8293502066899,995.796142578125,985.1614264923392,995.796142578125,5400,0.0,0.0
2016-04-20 00:00:00+09:00,1000.6300094781235,1011.2647245547025,996.7628403593674,1001.5968017578125,11300,0.0,0.0
2016-04-21 00:00:00+09:00,1001.5968491442552,1007.3976030968281,995.7960951916823,998.6964721679688,8600,0.0,0.0
2016-04-22 00:00:00+09:00,986.1282571932164,1001.5969357374237,986.1282571932164,990.9622192382812,6400,0.0,0.0
2016-04-25 00:00:00+09:00,992.8957995772362,1004.4973084330559,986.1282527446747,989.9954223632812,3600,0.0,0.0
2016-04-26 00:00:00+09:00,989.9953703703703,992.8957474320023,988.0617856626156,991.928955078125,1800,0.0,0.0
2016-04-27 00:00:00+09:00,995.796178328968,1006.430894796559,991.9290087043895,1003.530517578125,6300,0.0,0.0
2016-04-28 00:00:00+09:00,1009.3312266308974,1009.3312266308974,991.9289641027785,993.862548828125,3900,0.0,0.0
2016-05-02 00:00:00+09:00,983.2278467915448,993.8625629318664,969.6927535220447,970.6595458984375,9500,0.0,0.0
2016-05-06 00:00:00+09:00,970.6595935802479,972.5931784280174,965.8256314608244,967.7592163085938,8900,0.0,0.0
2016-05-09 00:00:00+09:00,967.759168769259,973.5599230276162,967.759168769259,970.6595458984375,4500,0.0,0.0
2016-05-10 00:00:00+09:00,975.493505247223,992.8957679771041,970.6595433778116,983.2278442382812,7200,0.0,0.0
2016-05-11 00:00:00+09:00,991.9289277918198,991.9289277918198,980.3274198644301,986.128173828125,5300,0.0,0.0
2016-05-12 00:00:00+09:00,986.128287024957,989.9954567779961,979.3607399571387,984.1947021484375,2600,0.0,0.0
2016-05-13 00:00:00+09:00,977.4270493643625,980.3274263654437,966.7923336937314,974.5266723632812,9000,0.0,0.0
2016-05-16 00:00:00+09:00,984.1946094184672,984.1946094184672,970.6595165580953,977.4270629882812,6000,0.0,0.0
2016-05-17 00:00:00+09:00,981.2942369182119,981.2942369182119,967.7591439952022,978.3938598632812,8800,0.0,0.0
2016-05-18 00:00:00+09:00,978.3938352098652,990.9621354645374,973.5598735734528,986.128173828125,5500,0.0,0.0
2016-05-19 00:00:00+09:00,1000.6300862630208,1000.6300862630208,979.3606544777199,991.928955078125,5900,0.0,0.0
2016-05-20 00:00:00+09:00,996.7629237428924,996.7629237428924,976.4602841710198,980.3274536132812,9000,0.0,0.0
2016-05-23 00:00:00+09:00,979.3607311098594,990.9622402641717,971.6263916736513,982.2611083984375,7200,0.0,0.0
2016-05-24 00:00:00+09:00,982.261004518995,990.9621354645374,976.4602505553001,986.128173828125,3900,0.0,0.0
2016-05-25 00:00:00+09:00,989.0286075191478,993.8625694327312,984.1946456055646,985.1614379882812,4000,0.0,0.0
2016-05-26 00:00:00+09:00,987.0949752419428,991.9289369228534,985.1613905695785,988.061767578125,4100,0.0,0.0
2016-05-27 00:00:00+09:00,990.9621627242476,997.7297092013888,986.1282009548611,991.928955078125,5800,0.0,0.0
2016-05-30 00:00:00+09:00,992.895700052482,1003.5304154376594,990.9621154369951,994.8292846679688,6000,0.0,0.0
2016-05-31 00:00:00+09:00,997.7297389635978,997.7297389635978,981.2942684574145,985.1614379882812,9400,0.0,0.0
2016-06-01 00:00:00+09:00,1015.1321411132812,1031.5676138741628,1002.5638384137834,1015.1321411132812,26200,0.0,0.0
2016-06-02 00:00:00+09:00,1019.9659884825837,1019.9659884825837,995.796178328968,1003.530517578125,7700,0.0,0.0
2016-06-03 00:00:00+09:00,1005.464120231526,1007.397705078125,995.7961959985305,1007.397705078125,3000,0.0,0.0
2016-06-06 00:00:00+09:00,1011.2648747713232,1011.2648747713232,1000.6301581150283,1007.397705078125,4200,0.0,0.0
2016-06-07 00:00:00+09:00,1007.3975554359465,1007.3975554359465,998.6964249187454,1001.5968017578125,2200,0.0,0.0
2016-06-08 00:00:00+09:00,1001.5969416691706,1009.3312809870793,1000.630149254432,1005.464111328125,3800,0.0,0.0
2016-06-09 00:00:00+09:00,1005.4641291008141,1011.2648836917804,1001.5969593735033,1009.331298828125,3500,0.0,0.0
2016-06-10 00:00:00+09:00,1015.1319784114959,1024.799902015415,1000.6300930056174,1006.4308471679688,13200,0.0,0.0
2016-06-13 00:00:00+09:00,1018.9991527237916,1018.9991527237916,981.2942504882812,981.2942504882812,10600,0.0,0.0
2016-06-14 00:00:00+09:00,991.9289781790806,991.9289781790806,967.759168769259,970.6595458984375,8500,0.0,0.0
2016-06-15 00:00:00+09:00,970.6595935802479,980.3275178190951,967.7592163085938,967.7592163085938,4100,0.0,0.0
2016-06-16 00:00:00+09:00,981.2942161022777,981.2942161022777,958.0912001550317,960.9915771484375,11800,0.0,0.0
2016-06-17 00:00:00+09:00,1003.53047026685,1003.53047026685,972.5931147287583,980.3274536132812,8800,0.0,0.0
2016-06-20 00:00:00+09:00,1003.5304495624083,1003.5304495624083,989.028564453125,989.028564453125,6700,0.0,0.0
2016-06-21 00:00:00+09:00,989.0285489136805,999.6632644933976,989.0285489136805,998.6964721679688,3400,0.0,0.0
2016-06-22 00:00:00+09:00,998.696554005146,998.696554005146,975.4935362935066,989.9954223632812,5700,0.0,0.0
2016-06-23 00:00:00+09:00,989.9954089128306,989.9954089128306,981.2942773891826,987.0950317382812,2100,0.0,0.0
2016-06-24 00:00:00+09:00,984.1945930956834,987.0949700890892,955.190823161626,960.9915771484375,10600,0.0,0.0
2016-06-27 00:00:00+09:00,957.1244369597124,985.1614154161081,957.1244369597124,980.3274536132812,6200,0.0,0.0
2016-06-28 00:00:00+09:00,958.0912026904879,995.7961037045434,958.0912026904879,974.5266723632812,8900,0.0,0.0
2016-06-29 00:00:00+09:00,992.8957654638198,995.796142578125,982.2610493780339,995.796142578125,3700,0.0,0.0
2016-06-30 00:00:00+09:00,995.7961313823271,995.7961313823271,978.3938688921505,980.3274536132812,7000,0.0,0.0
2016-07-01 00:00:00+09:00,980.3274000518176,994.8292846679688,976.460230820844,994.8292846679688,6200,0.0,0.0
2016-07-04 00:00:00+09:00,992.8957182153958,998.6964721679688,986.1281719373941,998.6964721679688,5500,0.0,0.0
2016-07-05 00:00:00+09:00,998.696537689268,999.663330078125,992.895783356126,999.663330078125,3400,0.0,0.0
2016-07-06 00:00:00+09:00,999.6633030041647,999.6633030041647,990.9621717401052,993.862548828125,3300,0.0,0.0
2016-07-07 00:00:00+09:00,993.8625397858796,993.8625397858796,987.0949933087384,991.928955078125,2300,0.0,0.0
2016-07-08 00:00:00+09:00,997.729695518695,998.696487859314,989.028564453125,989.028564453125,7100,0.0,0.0
2016-07-11 00:00:00+09:00,989.028564453125,989.028564453125,989.028564453125,989.028564453125,0,0.0,0.0
2016-07-12 00:00:00+09:00,989.0286643397363,993.8626265310352,983.2279097101778,984.1947021484375,14000,0.0,0.0
2016-07-13 00:00:00+09:00,984.1946679353714,991.9290071725845,984.1946679353714,989.9954223632812,5300,0.0,0.0
2016-07-14 00:00:00+09:00,989.9953431372548,992.8957201191023,986.128173828125,986.128173828125,7900,0.0,0.0
2016-07-15 00:00:00+09:00,995.796237454556,995.796237454556,976.4603881835938,976.4603881835938,15300,0.0,0.0
2016-07-19 00:00:00+09:00,981.2942459738466,988.0617924978042,974.5266994498891,980.3274536132812,10900,0.0,0.0
2016-07-20 00:00:00+09:00,974.5266994498891,980.3274536132812,974.5266994498891,980.3274536132812,8900,0.0,0.0
2016-07-21 00:00:00+09:00,977.4270629882812,981.2942323769589,972.5931012524342,977.4270629882812,7000,0.0,0.0
2016-07-22 00:00:00+09:00,982.2610770642344,982.2610770642344,972.5931530773818,975.4935302734375,4200,0.0,0.0
2016-07-25 00:00:00+09:00,978.3938688921505,980.3274536132812,975.4934918104544,980.3274536132812,2800,0.0,0.0
2016-07-26 00:00:00+09:00,974.5266723632812,982.2610110328311,973.5598800295875,974.5266723632812,6800,0.0,0.0
2016-07-27 00:00:00+09:00,974.5267039331897,981.2942504882812,974.5267039331897,981.2942504882812,5600,0.0,0.0
2016-07-28 00:00:00+09:00,984.1947021484375,984.1947021484375,976.4603626423594,984.1947021484375,8000,0.0,0.0
2016-07-29 00:00:00+09:00,974.526685946773,981.2942323769589,973.5598935996036,977.4270629882812,6100,0.0,0.0
2016-08-01 00:00:00+09:00,976.4603091897832,980.3274787311288,971.626347263101,972.5931396484375,9900,0.0,0.0
2016-08-02 00:00:00+09:00,982.2610635018017,983.227855887138,970.6595548777647,972.5931396484375,12500,0.0,0.0
2016-08-03 00:00:00+09:00,970.6595891113282,971.6263815307617,965.8256270141601,966.7924194335938,27700,0.0,0.0
2016-08-04 00:00:00+09:00,966.7924194335938,968.726004272461,952.2905331420898,966.7924194335938,35100,0.0,0.0
2016-08-05 00:00:00+09:00,965.8256270141601,968.726004272461,964.8588345947265,966.7924194335938,12500,0.0,0.0
2016-08-08 00:00:00+09:00,966.7924283269399,970.6595980402477,965.825635898613,968.7260131835938,6400,0.0,0.0
2016-08-09 00:00:00+09:00,968.7260087324785,970.6595935802479,966.7924238847091,967.7592163085938,2900,0.0,0.0
2016-08-10 00:00:00+09:00,968.7259611456518,982.261054415152,965.8255840164733,970.6595458984375,14000,0.0,0.0
2016-08-12 00:00:00+09:00,971.6263089052648,977.4270629882812,971.6263089052648,977.4270629882812,3200,0.0,0.0
2016-08-15 00:00:00+09:00,971.6263089052648,980.3274400297895,971.6263089052648,977.4270629882812,10100,0.0,0.0
2016-08-16 00:00:00+09:00,979.3606340317499,986.1281803676061,973.5598800295875,974.5266723632812,13200,0.0,0.0
2016-08-17 00:00:00+09:00,973.5599320337739,977.4271015751195,972.5931396484375,972.5931396484375,6500,0.0,0.0
2016-08-18 00:00:00+09:00,972.5931873568746,976.4603570879159,969.6928100585938,969.6928100585938,12700,0.0,0.0
2016-08-19 00:00:00+09:00,967.7591777217553,974.5267244191103,966.792385336419,972.5931396484375,23100,0.0,0.0
2016-08-22 00:00:00+09:00,975.4935824594053,977.4271673602168,970.6596202073765,973.5599975585938,9100,0.0,0.0
2016-08-23 00:00:00+09:00,973.5599975585938,979.3607522610282,971.6264126577822,973.5599975585938,13300,0.0,0.0
2016-08-24 00:00:00+09:00,982.2610670786992,1005.4640844112669,976.4603127455573,999.663330078125,19400,0.0,0.0
2016-08-25 00:00:00+09:00,996.7630038458144,997.7297962840742,981.2943248336583,984.1947021484375,20700,0.0,0.0
2016-08-26 00:00:00+09:00,977.4271495206763,978.3939419534365,969.6928100585938,969.6928100585938,41400,0.0,0.0
2016-08-29 00:00:00+09:00,970.6595980402477,970.6595980402477,960.9916737569782,968.7260131835938,49200,0.0,0.0
2016-08-30 00:00:00+09:00,968.7259385850693,969.6927309389467,965.8255615234375,965.8255615234375,7700,0.0,0.0
2016-08-31 00:00:00+09:00,963.8919067382812,963.8919067382812,959.057945320336,963.8919067382812,7500,0.0,0.0
2016-09-01 00:00:00+09:00,962.9252274556376,962.9252274556376,958.0912654704185,961.9584350585938,4300,0.0,0.0
2016-09-02 00:00:00+09:00,961.9584260846433,961.9584260846433,959.0580489205689,960.0248413085938,3200,0.0,0.0
2016-09-05 00:00:00+09:00,964.8587646484375,965.8255569977846,959.0580105523547,964.8587646484375,4200,0.0,0.0
2016-09-06 00:00:00+09:00,964.8586990218703,964.8586990218703,961.9583221711031,963.8919067382812,3000,0.0,0.0
2016-09-07 00:00:00+09:00,960.0248074001736,965.8255615234375,960.0248074001736,965.8255615234375,6000,0.0,0.0
2016-09-08 00:00:00+09:00,965.8255569977846,965.8255569977846,960.9915952510489,964.8587646484375,2600,0.0,0.0
2016-09-09 00:00:00+09:00,960.0248502645061,966.7923970438128,960.0248502645061,961.9584350585938,8400,0.0,0.0
2016-09-12 00:00:00+09:00,960.991529887514,964.8586990218703,959.057945320336,963.8919067382812,4800,0.0,0.0
2016-09-13 00:00:00+09:00,963.8919632386969,971.6263019607727,961.958378558178,962.9251708984375,8300,0.0,0.0
2016-09-14 00:00:00+09:00,969.6927966918945,969.6927966918945,965.8256270141601,966.7924194335938,3500,0.0,0.0
2016-09-15 00:00:00+09:00,966.7923493471318,966.7923493471318,962.9251799497432,964.8587646484375,1700,0.0,0.0
2016-09-16 00:00:00+09:00,968.7260176258334,969.6928100585938,965.8256403275525,969.6928100585938,3600,0.0,0.0
2016-09-20 00:00:00+09:00,969.6926604398155,969.6926604398155,961.9583221711031,963.8919067382812,8100,0.0,0.0
2016-09-21 00:00:00+09:00,963.8920510419591,968.7260131835938,961.9584661853052,968.7260131835938,3500,0.0,0.0
2016-09-23 00:00:00+09:00,968.7260087324785,968.7260087324785,962.9252541891702,967.7592163085938,3800,0.0,0.0
2016-09-26 00:00:00+09:00,968.726004272461,968.726004272461,962.9252497558593,966.7924194335938,3300,0.0,0.0
2016-09-27 00:00:00+09:00,964.8588005657462,972.5931396484375,960.024838639064,972.5931396484375,8600,0.0,0.0
2016-09-28 00:00:00+09:00,970.6595891113282,970.6595891113282,965.8256270141601,966.7924194335938,3400,0.0,0.0
2016-09-29 00:00:00+09:00,970.6595458984375,970.6595458984375,964.8587916400803,970.6595458984375,2500,0.0,0.0
2016-09-30 00:00:00+09:00,965.8255569977846,966.7923493471318,963.8919722990904,964.8587646484375,2100,0.0,0.0
2016-10-03 00:00:00+09:00,968.7259340458261,968.7259340458261,964.8587646484375,964.8587646484375,1700,0.0,0.0
2016-10-04 00:00:00+09:00,969.6927624924282,975.4935168044467,966.792385336419,972.5931396484375,7900,0.0,0.0
2016-10-05 00:00:00+09:00,945.5229510645712,969.6927606521114,945.5229510645712,959.0580444335938,16300,0.0,0.0
2016-10-06 00:00:00+09:00,959.0580150462963,965.8255615234375,959.0580150462963,965.8255615234375,4800,0.0,0.0
2016-10-07 00:00:00+09:00,967.7591325997348,967.7591325997348,960.024793877659,962.9251708984375,3700,0.0,0.0
2016-10-11 00:00:00+09:00,957.1244526289374,970.6595458984375,957.1244526289374,970.6595458984375,6200,0.0,0.0
2016-10-12 00:00:00+09:00,959.0580015373996,966.7923402594754,958.0912091971401,962.9251708984375,4100,0.0,0.0
2016-10-13 00:00:00+09:00,966.7923493471318,967.7591416964789,963.8919722990904,964.8587646484375,1700,0.0,0.0
2016-10-14 00:00:00+09:00,960.9915862179186,965.8255479192159,960.9915862179186,962.9251708984375,1400,0.0,0.0
2016-10-17 00:00:00+09:00,968.7260176258334,969.6928100585938,961.9584705965112,969.6928100585938,3100,0.0,0.0
2016-10-18 00:00:00+09:00,966.7923493471318,970.6595187445203,963.8919722990904,964.8587646484375,4000,0.0,0.0
2016-10-19 00:00:00+09:00,966.7923986852701,975.4935302734375,965.8256062865848,975.4935302734375,8100,0.0,0.0
2016-10-20 00:00:00+09:00,975.4935168044467,976.4603091897832,970.6595548777647,972.5931396484375,8000,0.0,0.0
2016-10-21 00:00:00+09:00,976.4603526102093,976.4603526102093,966.7924283269399,968.7260131835938,900,0.0,0.0
2016-10-24 00:00:00+09:00,966.7924327603127,970.659602491354,966.7924327603127,969.6928100585938,2200,0.0,0.0
2016-10-25 00:00:00+09:00,972.5932051081879,973.5599975585938,967.7592428561592,973.5599975585938,3400,0.0,0.0
2016-10-26 00:00:00+09:00,967.7592560116608,976.4603881835938,967.7592560116608,976.4603881835938,5500,0.0,0.0
2016-10-27 00:00:00+09:00,976.4602751599941,978.3938598632812,974.526690456707,978.3938598632812,3300,0.0,0.0
2016-10-28 00:00:00+09:00,978.3938487063172,989.028564453125,969.6927176407472,989.028564453125,13400,0.0,0.0
2016-10-31 00:00:00+09:00,989.0285984815749,989.0285984815749,983.2278442382812,983.2278442382812,7600,0.0,0.0
2016-11-01 00:00:00+09:00,951.3237841313429,983.2279354284306,951.3237841313429,976.4603881835938,24600,0.0,0.0
2016-11-02 00:00:00+09:00,966.7924283269399,977.4271450385362,957.1245040436705,968.7260131835938,8900,0.0,0.0
2016-11-04 00:00:00+09:00,966.7924295260211,990.9622402641717,966.7924295260211,982.2611083984375,4200,0.0,0.0
2016-11-07 00:00:00+09:00,982.261038334412,982.261038334412,974.5266994498891,980.3274536132812,3600,0.0,0.0
2016-11-08 00:00:00+09:00,980.3274671166344,983.2278442382812,974.5267128733407,983.2278442382812,3300,0.0,0.0
2016-11-09 00:00:00+09:00,989.0286221758205,989.0286221758205,960.9916426615499,961.9584350585938,12100,0.0,0.0
2016-11-10 00:00:00+09:00,983.2278216214991,983.2278216214991,967.7591439952022,978.3938598632812,3400,0.0,0.0
2016-11-11 00:00:00+09:00,978.3939386803335,982.2611083984375,971.6263916736513,982.2611083984375,15400,0.0,0.0
2016-11-14 00:00:00+09:00,982.261051864399,986.1282213599281,982.261051864399,983.2278442382812,4500,0.0,0.0
2016-11-15 00:00:00+09:00,983.2277968462776,987.0949661554074,982.261004518995,986.128173828125,15200,0.0,0.0
2016-11-16 00:00:00+09:00,988.061837553978,989.9954223632812,983.2278755307198,989.9954223632812,14400,0.0,0.0
2016-11-17 00:00:00+09:00,989.9954223632812,989.9954223632812,984.1946679353714,989.9954223632812,18400,0.0,0.0
2016-11-18 00:00:00+09:00,979.360641046936,993.8625261562195,979.360641046936,989.028564453125,28200,0.0,0.0
2016-11-21 00:00:00+09:00,986.1282009548611,993.8625397858796,986.1282009548611,991.928955078125,1900,0.0,0.0
2016-11-22 00:00:00+09:00,993.8625668074733,999.6633210884509,989.0286049066588,997.729736328125,7200,0.0,0.0
2016-11-24 00:00:00+09:00,1000.630126953125,1000.630126953125,996.7629573803592,1000.630126953125,4000,0.0,0.0
2016-11-25 00:00:00+09:00,996.7628403593674,1004.4971785968795,980.3273716046543,1001.5968017578125,9000,0.0,0.0
2016-11-28 00:00:00+09:00,1003.5305264986478,1005.464111328125,999.6633568396935,1005.464111328125,5600,0.0,0.0
2016-11-29 00:00:00+09:00,996.7629546536745,1014.1652176835155,996.7629546536745,1013.1984252929688,6400,0.0,0.0
2016-11-30 00:00:00+09:00,1013.1983215564104,1018.0322830142177,1010.297944681726,1017.0654907226562,4500,0.0,0.0
2016-12-01 00:00:00+09:00,1024.799842870631,1024.799842870631,1009.331165997112,1019.9658813476562,8200,0.0,0.0
2016-12-02 00:00:00+09:00,1006.4310084751673,1019.9661036900111,1006.4310084751673,1015.1321411132812,4500,0.0,0.0
2016-12-05 00:00:00+09:00,1015.1319443667174,1018.0323213506223,997.729682463288,1012.2315673828125,4800,0.0,0.0
2016-12-06 00:00:00+09:00,1001.596876362864,1012.2315922315817,1001.596876362864,1004.4972534179688,5700,0.0,0.0
2016-12-07 00:00:00+09:00,1001.597011681759,1022.8664462927616,1001.597011681759,1020.932861328125,11900,0.0,0.0
2016-12-08 00:00:00+09:00,1023.833100452001,1023.833100452001,997.7297069560575,1004.4972534179688,10600,0.0,0.0
2016-12-09 00:00:00+09:00,997.7297069560575,1004.4972534179688,997.7297069560575,1004.4972534179688,12600,0.0,0.0
2016-12-12 00:00:00+09:00,1004.4973366689865,1009.331298828125,1000.6301669416756,1009.331298828125,4100,0.0,0.0
2016-12-13 00:00:00+09:00,1009.3313860212053,1017.0657261439732,1005.4642159598213,1015.1321411132812,3900,0.0,0.0
2016-12-14 00:00:00+09:00,1015.1321411132812,1018.0325186593192,1011.2649710518973,1015.1321411132812,2700,0.0,0.0
2016-12-15 00:00:00+09:00,1018.9990981579278,1021.8994750976562,1013.1983442784709,1021.8994750976562,8900,0.0,0.0
2016-12-16 00:00:00+09:00,1023.8330597241419,1023.8330597241419,1012.2315519652282,1021.8994750976562,6700,0.0,0.0
2016-12-19 00:00:00+09:00,1020.9327325738473,1022.8663172946311,992.8957541224822,1006.4308471679688,26200,0.0,0.0
2016-12-20 00:00:00+09:00,992.8957182153958,1003.5304337951128,992.8957182153958,998.6964721679688,9300,0.0,0.0
2016-12-21 00:00:00+09:00,998.6964538989424,998.6964538989424,994.8292846679688,994.8292846679688,3200,0.0,0.0
2016-12-22 00:00:00+09:00,994.8292846679688,995.7960769757121,986.128153898278,994.8292846679688,4800,0.0,0.0
2016-12-26 00:00:00+09:00,990.9622013043471,994.8293708704128,987.0950317382812,987.0950317382812,8900,0.0,0.0
2016-12-27 00:00:00+09:00,992.8958040563072,992.8958040563072,985.1614647842034,990.9622192382812,5800,0.0,0.0
2016-12-28 00:00:00+09:00,992.8957292590355,993.8625215952177,983.2278058972144,988.061767578125,2500,0.0,0.0
2016-12-29 00:00:00+09:00,988.0617946520854,993.862548828125,984.1946252013923,993.862548828125,3800,0.0,0.0
2016-12-30 00:00:00+09:00,989.9954223632812,992.8957995772362,987.0950451493263,989.9954223632812,3500,0.0,0.0
2017-01-04 00:00:00+09:00,992.8957744273105,998.6965287082879,979.3606811050297,997.729736328125,5200,0.0,0.0
2017-01-05 00:00:00+09:00,988.0617946520854,994.8293411907983,988.0617946520854,993.862548828125,1700,0.0,0.0
2017-01-06 00:00:00+09:00,992.895783356126,999.663330078125,988.061821411841,999.663330078125,6300,0.0,0.0
2017-01-10 00:00:00+09:00,999.6634608677455,1015.1321411132812,995.7962908063615,1015.1321411132812,8200,0.0,0.0
2017-01-11 00:00:00+09:00,983.2278033665249,995.7961037045434,947.4564870198568,974.5266723632812,39100,0.0,0.0
2017-01-12 00:00:00+09:00,978.3938279792444,981.2942049396572,967.7591124577309,971.6262817382812,8300,0.0,0.0
2017-01-13 00:00:00+09:00,971.6262953622,978.3938416980562,971.6262953622,974.5266723632812,3100,0.0,0.0
2017-01-16 00:00:00+09:00,982.261038334412,982.261038334412,973.5599070893237,980.3274536132812,3800,0.0,0.0
2017-01-17 00:00:00+09:00,979.3606612527159,980.3274536132812,974.5266994498891,980.3274536132812,5500,0.0,0.0
2017-01-18 00:00:00+09:00,974.5267556916338,981.294302606159,974.5267556916338,979.3607177734375,2600,0.0,0.0
2017-01-19 00:00:00+09:00,981.2942459738466,982.261038334412,976.4602841710198,980.3274536132812,4200,0.0,0.0
2017-01-20 00:00:00+09:00,979.3606275371476,986.128173828125,977.4270428825827,986.128173828125,6300,0.0,0.0
2017-01-23 00:00:00+09:00,977.4271150708081,982.2610770642344,971.6263606786964,975.4935302734375,1800,0.0,0.0
2017-01-24 00:00:00+09:00,971.6263268381504,982.2610428532943,971.6263268381504,981.2942504882812,2000,0.0,0.0
2017-01-25 00:00:00+09:00,976.4602841710198,981.2942459738466,971.626322368193,980.3274536132812,2300,0.0,0.0
2017-01-26 00:00:00+09:00,980.3275235393854,982.2611083984375,980.3275235393854,982.2611083984375,3000,0.0,0.0
2017-01-27 00:00:00+09:00,982.261051864399,983.2278442382812,980.3274671166344,983.2278442382812,3600,0.0,0.0
2017-01-30 00:00:00+09:00,986.1281986764297,986.1281986764297,976.4602751599941,978.3938598632812,3300,0.0,0.0
2017-01-31 00:00:00+09:00,983.2278216214991,983.2278216214991,977.4270675116377,978.3938598632812,2600,0.0,0.0
2017-02-01 00:00:00+09:00,979.3607311098594,985.1614856870156,977.4271462508074,982.2611083984375,3200,0.0,0.0
2017-02-02 00:00:00+09:00,977.4270629882812,980.3274400297895,977.4270629882812,977.4270629882812,5500,0.0,0.0
2017-02-03 00:00:00+09:00,981.294302606159,984.1946798552412,977.427132940716,979.3607177734375,1300,0.0,0.0
2017-02-06 00:00:00+09:00,979.3606747427522,983.2278442382812,977.4270899949876,983.2278442382812,5300,0.0,0.0
2017-02-07 00:00:00+09:00,983.2278442382812,985.1614289860458,979.3606747427522,983.2278442382812,5500,0.0,0.0
2017-02-08 00:00:00+09:00,983.2279008279636,983.2279008279636,981.2943159689115,982.2611083984375,3000,0.0,0.0
2017-02-09 00:00:00+09:00,982.261051864399,983.2278442382812,980.3274671166344,983.2278442382812,6900,0.0,0.0
2017-02-10 00:00:00+09:00,983.2278442382812,987.0950137338103,983.2278442382812,983.2278442382812,6000,0.0,0.0
2017-02-13 00:00:00+09:00,983.2277968462776,989.0285508099723,982.261004518995,986.128173828125,5000,0.0,0.0
2017-02-14 00:00:00+09:00,989.9953431372548,989.9953431372548,985.1613815008425,986.128173828125,3200,0.0,0.0
2017-02-15 00:00:00+09:00,986.1281874312683,989.028564453125,986.1281874312683,989.028564453125,3100,0.0,0.0
2017-02-16 00:00:00+09:00,997.7297273209952,997.7297273209952,976.4602951494235,995.796142578125,5400,0.0,0.0
2017-02-17 00:00:00+09:00,994.8293028662534,998.6964721679688,989.0285489136805,998.6964721679688,4700,0.0,0.0
2017-02-20 00:00:00+09:00,998.696537689268,1004.4972920224099,990.9621985784121,999.663330078125,6900,0.0,0.0
2017-02-21 00:00:00+09:00,999.6633345599336,1005.4640889190821,999.6633345599336,1000.630126953125,3800,0.0,0.0
2017-02-22 00:00:00+09:00,1000.6300749820132,1006.4308290398799,998.6964902960576,1002.5636596679688,2700,0.0,0.0
2017-02-23 00:00:00+09:00,1002.5636596679688,1003.5304520109465,999.6632826390354,1002.5636596679688,3400,0.0,0.0
2017-02-24 00:00:00+09:00,988.0618080708961,1001.5969013321412,982.2610538160767,996.762939453125,3300,0.0,0.0
2017-02-27 00:00:00+09:00,991.928925889967,1000.6300568188263,989.0285489136805,998.6964721679688,4800,0.0,0.0
2017-02-28 00:00:00+09:00,1003.5304724548578,1003.5304724548578,989.995379377432,993.862548828125,5400,0.0,0.0
2017-03-01 00:00:00+09:00,1002.5637072446959,1005.4640844112669,952.2905030241326,999.663330078125,10300,0.0,0.0
2017-03-02 00:00:00+09:00,999.6632171984344,1003.5303863171905,996.7628403593674,1001.5968017578125,3200,0.0,0.0
2017-03-03 00:00:00+09:00,1001.5968017578125,1005.4639708765685,990.9620866812334,1001.5968017578125,4700,0.0,0.0
2017-03-06 00:00:00+09:00,1002.5635940375015,1003.5303863171905,999.6632171984344,1001.5968017578125,2800,0.0,0.0
2017-03-07 00:00:00+09:00,995.7961515677991,1000.6301134686137,992.8957744273105,997.729736328125,5100,0.0,0.0
2017-03-08 00:00:00+09:00,986.1282009548611,998.6965015552662,986.1282009548611,991.928955078125,4200,0.0,0.0
2017-03-09 00:00:00+09:00,991.9289820471475,1001.5969058487766,991.9289820471475,997.729736328125,2700,0.0,0.0
2017-03-10 00:00:00+09:00,1005.4640366969021,1005.4640366969021,997.7296979530798,1002.5636596679688,9500,0.0,0.0
2017-03-13 00:00:00+09:00,1002.5637340839093,1006.4309037428635,1001.5969416691706,1005.464111328125,5100,0.0,0.0
2017-03-14 00:00:00+09:00,1010.2979736328125,1010.2979736328125,1000.630050440154,1010.2979736328125,6000,0.0,0.0
2017-03-15 00:00:00+09:00,1010.2980075281785,1010.2980075281785,998.6964993077592,1004.4972534179688,4200,0.0,0.0
2017-03-16 00:00:00+09:00,998.6964658016224,1010.2979736328125,989.9953349282297,1010.2979736328125,5700,0.0,0.0
2017-03-17 00:00:00+09:00,1001.5968308221726,1008.3643769763764,989.0285308215083,994.8292846679688,6400,0.0,0.0
2017-03-21 00:00:00+09:00,995.7960769757121,998.6964538989424,993.8624923602254,994.8292846679688,1400,0.0,0.0
2017-03-22 00:00:00+09:00,988.0618241297977,988.0618241297977,984.194654563732,987.0950317382812,2200,0.0,0.0
2017-03-23 00:00:00+09:00,987.0950496022293,990.9622192382812,987.0950496022293,990.9622192382812,2500,0.0,0.0
2017-03-24 00:00:00+09:00,986.1282781165417,988.0618629755936,974.5267689622293,982.2611083984375,4600,0.0,0.0
2017-03-27 00:00:00+09:00,980.3274760746979,986.1282303709978,980.3274760746979,985.1614379882812,4100,0.0,0.0
2017-03-28 00:00:00+09:00,985.1614486620622,1000.630126953125,985.1614486620622,1000.630126953125,6700,0.0,0.0
2017-03-29 00:00:00+09:00,988.0618258416364,1000.630126953125,987.095033448445,1000.630126953125,3200,0.0,0.0
2017-03-30 00:00:00+09:00,999.6633599122521,999.6633599122521,992.8958129882812,992.8958129882812,2600,0.0,0.0
2017-03-31 00:00:00+09:00,992.8958251232237,992.8958251232237,981.2943159689115,982.2611083984375,6100,0.0,0.0
2017-04-03 00:00:00+09:00,982.2610831260681,992.8957995772362,975.4935362935066,989.9954223632812,6100,0.0,0.0
2017-04-04 00:00:00+09:00,989.9954223632812,991.9290071725845,986.1282527446747,989.9954223632812,4200,0.0,0.0
2017-04-05 00:00:00+09:00,989.9954223632812,991.9290071725845,989.9954223632812,989.9954223632812,1900,0.0,0.0
2017-04-06 00:00:00+09:00,989.9953908554572,991.9289756032218,982.261051864399,983.2278442382812,3500,0.0,0.0
2017-04-07 00:00:00+09:00,985.1614945866972,988.0618719014766,982.261117271918,984.1947021484375,2100,0.0,0.0
2017-04-10 00:00:00+09:00,991.9290071725845,995.7961767911911,984.1946679353714,989.9954223632812,3600,0.0,0.0
2017-04-11 00:00:00+09:00,995.796142578125,998.6965196924302,990.9621807209496,995.796142578125,7100,0.0,0.0
2017-04-12 00:00:00+09:00,995.7961767911911,995.7961767911911,988.061837553978,989.9954223632812,5300,0.0,0.0
2017-04-13 00:00:00+09:00,984.1945982333965,990.9621445866713,979.3606365524859,988.061767578125,5200,0.0,0.0
2017-04-14 00:00:00+09:00,977.4270356591069,980.3274126195196,970.6594894181437,971.6262817382812,5200,0.0,0.0
2017-04-17 00:00:00+09:00,989.0286643397363,990.9622492162558,975.4935702040997,984.1947021484375,5600,0.0,0.0
2017-04-18 00:00:00+09:00,966.7924238847091,973.5599708519021,966.7924238847091,967.7592163085938,17800,0.0,0.0
2017-04-19 00:00:00+09:00,970.659602491354,973.559979789635,968.7260176258334,969.6928100585938,5900,0.0,0.0
2017-04-20 00:00:00+09:00,973.5598663785564,973.5598663785564,967.7591124577309,971.6262817382812,9100,0.0,0.0
2017-04-21 00:00:00+09:00,971.6263904685746,971.6263904685746,967.7592207552668,968.7260131835938,4300,0.0,0.0
2017-04-24 00:00:00+09:00,971.6263904685746,971.6263904685746,967.7592207552668,968.7260131835938,5400,0.0,0.0
2017-04-25 00:00:00+09:00,968.7260176258334,970.659602491354,967.7592251930731,969.6928100585938,3700,0.0,0.0
2017-04-26 00:00:00+09:00,980.327544711434,980.327544711434,971.6264126577822,973.5599975585938,3300,0.0,0.0
2017-04-27 00:00:00+09:00,976.4602706411118,981.2942323769589,976.4602706411118,977.4270629882812,3900,0.0,0.0
2017-04-28 00:00:00+09:00,983.2277968462776,990.9621354645374,983.2277968462776,986.128173828125,4100,0.0,0.0
2017-05-01 00:00:00+09:00,992.8957995772362,993.8625919818878,987.0950451493263,989.9954223632812,5800,0.0,0.0
2017-05-02 00:00:00+09:00,990.9621851983057,1001.5969013321412,990.9621851983057,996.762939453125,4300,0.0,0.0
2017-05-08 00:00:00+09:00,997.7297896461926,1009.331298828125,997.7297896461926,1009.331298828125,7200,0.0,0.0
2017-05-09 00:00:00+09:00,1020.9327527443343,1203.6565124684623,1006.4308670519431,1023.8331298828125,134400,0.0,0.0
2017-05-10 00:00:00+09:00,1034.4677505134975,1034.4677505134975,1011.2647355487089,1029.6337890625,11200,0.0,0.0
2017-05-11 00:00:00+09:00,1015.1319715711805,1021.8995180483217,1015.1319715711805,1018.0323486328125,8200,0.0,0.0
2017-05-12 00:00:00+09:00,1010.2981785365513,1018.0325186593192,1007.3978009905134,1015.1321411132812,5700,0.0,0.0
2017-05-15 00:00:00+09:00,1019.9659493465551,1019.9659493465551,1005.4640638108222,1008.3644409179688,7400,0.0,0.0
2017-05-16 00:00:00+09:00,1019.9659855313578,1019.9659855313578,1010.2980614978852,1016.0988159179688,4900,0.0,0.0
2017-05-17 00:00:00+09:00,1017.0657261439732,1017.0657261439732,1010.2981785365513,1015.1321411132812,3800,0.0,0.0
2017-05-18 00:00:00+09:00,1017.0654907226562,1019.9658675973407,1012.231529264849,1017.0654907226562,4000,0.0,0.0
2017-05-19 00:00:00+09:00,1011.2649710518973,1015.1321411132812,1007.3978009905134,1015.1321411132812,10000,0.0,0.0
2017-05-22 00:00:00+09:00,1016.098768433312,1021.8995225823129,1013.1983913588116,1018.9991455078125,3900,0.0,0.0
2017-05-23 00:00:00+09:00,1018.9991409866898,1023.8331027560763,1017.0655562789351,1018.0323486328125,3800,0.0,0.0
2017-05-24 00:00:00+09:00,1024.799842870631,1024.799842870631,1018.0322967384664,1019.9658813476562,2900,0.0,0.0
2017-05-25 00:00:00+09:00,1017.0655180673292,1022.8662719726562,1017.0655180673292,1022.8662719726562,2700,0.0,0.0
2017-05-26 00:00:00+09:00,1022.8662719726562,1023.8330642902107,1019.9658950199927,1022.8662719726562,3500,0.0,0.0
2017-05-29 00:00:00+09:00,1023.8330353213028,1031.5673736428992,1023.8330353213028,1029.6337890625,6900,0.0,0.0
2017-05-30 00:00:00+09:00,1030.600576759281,1033.5009536169525,1026.733407615719,1028.6669921875,7700,0.0,0.0
2017-05-31 00:00:00+09:00,1030.6005813526995,1033.500958223298,1029.6337890625,1029.6337890625,2900,0.0,0.0
2017-06-01 00:00:00+09:00,1029.6338027782654,1038.334933505969,1029.6338027782654,1032.5341796875,4700,0.0,0.0
2017-06-02 00:00:00+09:00,1033.5010441290935,1055.7372686519834,1015.1319890884455,1048.0029296875,10300,0.0,0.0
2017-06-05 00:00:00+09:00,1039.3017804181134,1051.8700810185185,989.9953703703703,1018.0323486328125,25500,0.0,0.0
2017-06-06 00:00:00+09:00,1041.2353972812869,1041.2353972812869,1018.032380071676,1024.7999267578125,7400,0.0,0.0
2017-06-07 00:00:00+09:00,1029.6338385190136,1029.6338385190136,1010.2979917862622,1014.1651611328125,8400,0.0,0.0
2017-06-08 00:00:00+09:00,1015.1319352291417,1015.1319352291417,1009.3311813135467,1010.2979736328125,5800,0.0,0.0
2017-06-09 00:00:00+09:00,1010.2981785365513,1015.1321411132812,1008.3645935058594,1015.1321411132812,8100,0.0,0.0
2017-06-12 00:00:00+09:00,1011.2649365049419,1020.932861328125,1011.2649365049419,1020.932861328125,4200,0.0,0.0
2017-06-13 00:00:00+09:00,1023.8331388568788,1029.63389318468,1023.8331388568788,1025.7667236328125,4500,0.0,0.0
2017-06-14 00:00:00+09:00,1037.3682548709032,1038.3350472799161,1030.6007080078125,1030.6007080078125,4300,0.0,0.0
2017-06-15 00:00:00+09:00,1046.069281176986,1046.069281176986,1034.4677734375,1034.4677734375,3100,0.0,0.0
2017-06-16 00:00:00+09:00,1052.836891540302,1052.836891540302,1043.168967834698,1048.0029296875,5600,0.0,0.0
2017-06-19 00:00:00+09:00,1048.9695338785214,1059.604248046875,1048.9695338785214,1059.604248046875,5800,0.0,0.0
2017-06-20 00:00:00+09:00,1062.5046246382442,1063.471416835367,1058.6374558497519,1059.604248046875,10300,0.0,0.0
2017-06-21 00:00:00+09:00,1059.604248046875,1063.471416835367,1059.604248046875,1059.604248046875,3200,0.0,0.0
2017-06-22 00:00:00+09:00,1063.471416835367,1063.471416835367,1058.6374558497519,1059.604248046875,4100,0.0,0.0
2017-06-23 00:00:00+09:00,1059.6043792335497,1064.4383408176443,1054.770417649455,1061.5379638671875,6300,0.0,0.0
2017-06-26 00:00:00+09:00,1072.1727068251457,1073.1394991667376,1065.4051604340043,1067.3387451171875,5000,0.0,0.0
2017-06-27 00:00:00+09:00,1067.3388804200542,1074.1064276690945,1067.3388804200542,1070.2392578125,5000,0.0,0.0
2017-06-28 00:00:00+09:00,1072.172791886096,1085.7078857421875,1072.172791886096,1085.7078857421875,6700,0.0,0.0
2017-06-29 00:00:00+09:00,1086.6747267519565,1100.2098212132798,1086.6747267519565,1096.3426513671875,9600,0.0,0.0
2017-06-30 00:00:00+09:00,1092.4753778387246,1100.209716796875,1091.508585468956,1100.209716796875,7900,0.0,0.0
2017-07-03 00:00:00+09:00,1105.043597406788,1111.8111434976433,1104.0768051080945,1108.9107666015625,9900,0.0,0.0
2017-07-04 00:00:00+09:00,1111.811279296875,1116.6452413807745,1110.844486880095,1111.811279296875,11400,0.0,0.0
2017-07-05 00:00:00+09:00,1111.8111746651784,1111.8111746651784,1082.8074048913043,1089.574951171875,12400,0.0,0.0
2017-07-06 00:00:00+09:00,1090.5417616462203,1103.1100620907246,1090.5417616462203,1093.442138671875,5500,0.0,0.0
2017-07-07 00:00:00+09:00,1102.1433240034448,1110.844455508735,1102.1433240034448,1105.043701171875,6600,0.0,0.0
2017-07-10 00:00:00+09:00,1155.3169227093206,1158.217299921143,1125.346358187154,1135.0142822265625,41200,0.0,0.0
2017-07-11 00:00:00+09:00,1123.4126840667336,1144.6821152624893,1113.7447607959357,1141.78173828125,16000,0.0,0.0
2017-07-12 00:00:00+09:00,1141.7816669028878,1156.283550902501,1140.8148746362467,1152.4163818359375,14700,0.0,0.0
2017-07-13 00:00:00+09:00,1152.4165860431635,1153.3833784811193,1141.7818692256512,1143.7154541015625,8800,0.0,0.0
2017-07-14 00:00:00+09:00,1150.4827973026556,1155.3167586358602,1145.6488359694513,1152.4163818359375,9000,0.0,0.0
2017-07-17 00:00:00+09:00,1152.4163818359375,1152.4163818359375,1152.4163818359375,1152.4163818359375,0,0.0,0.0
2017-07-18 00:00:00+09:00,1152.4165263418963,1157.25048828125,1143.71539485106,1157.25048828125,16800,0.0,0.0
2017-07-19 00:00:00+09:00,1158.2172941080728,1160.15087890625,1152.4165397135416,1160.15087890625,10900,0.0,0.0
2017-07-20 00:00:00+09:00,1159.1840865071615,1160.15087890625,1152.4165397135416,1160.15087890625,11600,0.0,0.0
2017-07-21 00:00:00+09:00,1160.15087890625,1160.15087890625,1150.4829549153646,1160.15087890625,11300,0.0,0.0
2017-07-24 00:00:00+09:00,1161.1176713053385,1163.0512561035157,1154.3501245117188,1160.15087890625,13100,0.0,0.0
2017-07-25 00:00:00+09:00,1160.150752254483,1160.150752254483,1156.2835830803012,1159.1839599609375,8400,0.0,0.0
2017-07-26 00:00:00+09:00,1160.150901192946,1164.98486328125,1158.2173163576244,1164.98486328125,18000,0.0,0.0
2017-07-27 00:00:00+09:00,1161.117603566387,1173.6859040213103,1161.117603566387,1171.7523193359375,18000,0.0,0.0
2017-07-28 00:00:00+09:00,1177.5531005859375,1178.5198929509506,1172.719138760872,1177.5531005859375,11700,0.0,0.0
2017-07-31 00:00:00+09:00,1174.6528627985629,1185.2875800749284,1170.7856928798844,1181.42041015625,12200,0.0,0.0
2017-08-01 00:00:00+09:00,1187.2212001397359,1192.0551626810213,1174.6528975323934,1189.15478515625,23600,0.0,0.0
2017-08-02 00:00:00+09:00,1189.1545727914056,1195.922119140625,1186.2541957845972,1195.922119140625,17700,0.0,0.0
2017-08-03 00:00:00+09:00,1195.922119140625,1195.922119140625,1192.054949798214,1195.922119140625,15500,0.0,0.0
2017-08-04 00:00:00+09:00,1195.922110047128,1195.922110047128,1192.0549407341218,1193.988525390625,22200,0.0,0.0
2017-08-07 00:00:00+09:00,1196.8890202798952,1196.8890202798952,1193.0218505859375,1193.0218505859375,12400,0.0,0.0
2017-08-08 00:00:00+09:00,1193.0217421338166,1195.922119140625,1192.054949798214,1195.922119140625,10200,0.0,0.0
2017-08-09 00:00:00+09:00,1193.9886430094268,1196.8890202798952,1179.4867566570856,1193.0218505859375,16000,0.0,0.0
2017-08-10 00:00:00+09:00,1193.021746658547,1196.888916015625,1191.088161980008,1196.888916015625,14400,0.0,0.0
2017-08-11 00:00:00+09:00,1196.888916015625,1196.888916015625,1196.888916015625,1196.888916015625,0,0.0,0.0
2017-08-14 00:00:00+09:00,1196.8891252223068,1196.8891252223068,1187.2212001397359,1189.15478515625,10200,0.0,0.0
2017-08-15 00:00:00+09:00,1193.0217148310571,1197.8556763984438,1183.3537916962835,1190.121337890625,19300,0.0,0.0
2017-08-16 00:00:00+09:00,1198.8224877117175,1225.8926729181112,1195.9221107253181,1220.0919189453125,27500,0.0,0.0
2017-08-17 00:00:00+09:00,1222.02545027408,1238.460919146437,1220.0918657008615,1234.59375,20600,0.0,0.0
2017-08-18 00:00:00+09:00,1223.9591335080704,1234.5938495180142,1222.0255487789898,1229.7598876953125,14100,0.0,0.0
2017-08-21 00:00:00+09:00,1236.527398213594,1251.0292832591015,1229.759851859024,1248.12890625,14500,0.0,0.0
2017-08-22 00:00:00+09:00,1250.0625522773523,1313.870849609375,1250.0625522773523,1313.870849609375,45200,0.0,0.0
2017-08-23 00:00:00+09:00,1319.6714441801992,1330.3061591149847,1254.8963623046875,1254.8963623046875,53900,0.0,0.0
2017-08-24 00:00:00+09:00,1266.4979790991986,1284.8670337578892,1260.6972249964542,1278.0994873046875,29300,0.0,0.0
2017-08-25 00:00:00+09:00,1276.1658708115494,1276.1658708115494,1266.4979475478256,1271.3319091796875,18800,0.0,0.0
2017-08-28 00:00:00+09:00,1259.7304279970056,1263.5975973845634,1240.3945810592156,1251.029296875,67600,0.0,0.0
2017-08-29 00:00:00+09:00,1227.8262939453125,1240.3945945919968,1189.1545996478224,1227.8262939453125,86700,0.0,0.0
2017-08-30 00:00:00+09:00,1234.5936790134595,1248.1287702477496,1221.0585877791696,1245.2283935546875,20600,0.0,0.0
2017-08-31 00:00:00+09:00,1242.3282426020066,1248.1289970421717,1237.494280568536,1241.3614501953125,11700,0.0,0.0
2017-09-01 00:00:00+09:00,1243.2950439453125,1244.2618363589559,1224.9259880860893,1243.2950439453125,12100,0.0,0.0
2017-09-04 00:00:00+09:00,1242.3281341054778,1244.26171875,1211.3907797931236,1244.26171875,18500,0.0,0.0
2017-09-05 00:00:00+09:00,1236.527466795315,1236.527466795315,1205.5901103156823,1210.424072265625,10500,0.0,0.0
2017-09-06 00:00:00+09:00,1194.9554017399737,1240.394644362772,1181.4203081927571,1238.4610595703125,14300,0.0,0.0
2017-09-07 00:00:00+09:00,1238.4610595703125,1246.1953987401505,1231.6935127967042,1238.4610595703125,8000,0.0,0.0
2017-09-08 00:00:00+09:00,1245.2286198220893,1247.1622046354776,1237.494280568536,1241.3614501953125,13100,0.0,0.0
2017-09-11 00:00:00+09:00,1242.3281567458398,1251.02928780476,1239.4277797261998,1249.095703125,6500,0.0,0.0
2017-09-12 00:00:00+09:00,1247.1621499711316,1260.6972430715937,1247.1621499711316,1255.86328125,15900,0.0,0.0
2017-09-13 00:00:00+09:00,1255.8632586094475,1260.697220343895,1249.0957121812212,1251.029296875,7700,0.0,0.0
2017-09-14 00:00:00+09:00,1256.830078125,1261.6640399639423,1251.0293239182693,1256.830078125,12300,0.0,0.0
2017-09-15 00:00:00+09:00,1256.8301869247543,1263.5977340851184,1253.9298095703125,1253.9298095703125,20900,0.0,0.0
2017-09-18 00:00:00+09:00,1253.9298095703125,1253.9298095703125,1253.9298095703125,1253.9298095703125,0,0.0,0.0
2017-09-19 00:00:00+09:00,1262.6307912955074,1262.6307912955074,1223.959097840821,1248.12890625,17700,0.0,0.0
2017-09-20 00:00:00+09:00,1266.4979202352106,1272.2986740683489,1261.6639587075952,1265.5311279296875,18300,0.0,0.0
2017-09-21 00:00:00+09:00,1276.1660067336875,1276.1660067336875,1267.464874869594,1274.232421875,8500,0.0,0.0
2017-09-22 00:00:00+09:00,1274.2321684585154,1279.0661296438664,1271.3317917473048,1272.298583984375,8700,0.0,0.0
2017-09-25 00:00:00+09:00,1285.833984375,1289.7011542528194,1277.132852149906,1285.833984375,14300,0.0,0.0
2017-09-26 00:00:00+09:00,1295.5018621386646,1302.2694091796875,1283.9003529254826,1302.2694091796875,17800,0.0,0.0
2017-09-27 00:00:00+09:00,1303.2361289292617,1312.904052734375,1296.4685822656825,1312.904052734375,14900,0.0,0.0
2017-09-28 00:00:00+09:00,1324.5055658313788,1329.3395277504712,1306.1365105388268,1313.870849609375,19700,0.0,0.0
2017-09-29 00:00:00+09:00,1324.505383134996,1353.509150648901,1314.837460630361,1352.5423583984375,14100,0.0,0.0
2017-10-02 00:00:00+09:00,1353.509359884165,1425.0519974780423,1348.6753978845786,1424.085205078125,76800,0.0,0.0
2017-10-03 00:00:00+09:00,1395.0814127834378,1417.317637658018,1330.3063229314002,1367.04443359375,110800,0.0,0.0
2017-10-04 00:00:00+09:00,1360.276904710089,1404.749355041762,1351.5757731234573,1370.91162109375,28700,0.0,0.0
2017-10-05 00:00:00+09:00,1345.7750710227274,1351.5758256392046,1327.4060147372159,1329.339599609375,17600,0.0,0.0
2017-10-06 00:00:00+09:00,1345.7748944182251,1369.9447021484375,1340.9409328721827,1369.9447021484375,14300,0.0,0.0
2017-10-09 00:00:00+09:00,1369.9447021484375,1369.9447021484375,1369.9447021484375,1369.9447021484375,0,0.0,0.0
2017-10-10 00:00:00+09:00,1340.9410363562936,1340.9410363562936,1309.0368876902824,1313.870849609375,25400,0.0,0.0
2017-10-11 00:00:00+09:00,1313.870758444093,1314.8375507608291,1273.265481141185,1294.534912109375,23700,0.0,0.0
2017-10-12 00:00:00+09:00,1285.8338127873096,1305.1696595961412,1280.9998510851017,1301.302490234375,8900,0.0,0.0
2017-10-13 00:00:00+09:00,1288.7341627434118,1301.3024629052006,1285.833785782999,1295.501708984375,12500,0.0,0.0
2017-10-16 00:00:00+09:00,1286.800734613345,1312.9041304319478,1283.900357300167,1303.2362060546875,23600,0.0,0.0
2017-10-17 00:00:00+09:00,1305.1696822521512,1316.7711905388371,1287.7674198221225,1306.136474609375,16300,0.0,0.0
2017-10-18 00:00:00+09:00,1306.136447381796,1306.136447381796,1292.6013546628137,1300.335693359375,12800,0.0,0.0
2017-10-19 00:00:00+09:00,1300.335766107425,1300.335766107425,1282.933503066582,1289.7010498046875,13200,0.0,0.0
2017-10-20 00:00:00+09:00,1278.0993374067962,1280.9997141180068,1268.4314150360942,1272.298583984375,14000,0.0,0.0
2017-10-23 00:00:00+09:00,1267.464771449656,1282.9334490569745,1267.464771449656,1278.0994873046875,12900,0.0,0.0
2017-10-24 00:00:00+09:00,1278.0995188096665,1287.7674425525536,1278.0995188096665,1284.8670654296875,3800,0.0,0.0
2017-10-25 00:00:00+09:00,1280.9998914419887,1284.867060925587,1275.199137216591,1283.9002685546875,10000,0.0,0.0
2017-10-26 00:00:00+09:00,1272.2987377025463,1283.900245949074,1272.2987377025463,1279.0662841796875,5400,0.0,0.0
2017-10-27 00:00:00+09:00,1282.9333952602026,1292.601318359375,1278.0994337106163,1292.601318359375,9600,0.0,0.0
2017-10-30 00:00:00+09:00,1295.5016491910794,1295.5016491910794,1273.2654268542178,1282.933349609375,34000,0.0,0.0
2017-10-31 00:00:00+09:00,1280.0331875492627,1303.2362060546875,1280.0331875492627,1303.2362060546875,12800,0.0,0.0
2017-11-01 00:00:00+09:00,1303.2362060546875,1303.2362060546875,1296.4686589906053,1303.2362060546875,8500,0.0,0.0
2017-11-02 00:00:00+09:00,1290.6676396237144,1300.3355620178995,1279.0661327506923,1298.4019775390625,8400,0.0,0.0
2017-11-03 00:00:00+09:00,1298.4019775390625,1298.4019775390625,1298.4019775390625,1298.4019775390625,0,0.0,0.0
2017-11-06 00:00:00+09:00,1298.4020859447878,1301.3024629052006,1290.6677473836871,1295.501708984375,8200,0.0,0.0
2017-11-07 00:00:00+09:00,1288.7342663610766,1296.4686055440388,1288.7342663610766,1291.6346435546875,5500,0.0,0.0
2017-11-08 00:00:00+09:00,1291.6347055844908,1305.1697998046875,1289.7011206958912,1305.1697998046875,11800,0.0,0.0
2017-11-09 00:00:00+09:00,1305.1696406027208,1305.1696406027208,1220.091915881951,1271.3319091796875,29600,0.0,0.0
2017-11-10 00:00:00+09:00,1267.464789343096,1286.800636625218,1261.6640351584595,1281.9666748046875,5000,0.0,0.0
2017-11-13 00:00:00+09:00,1281.9665938816713,1293.5681015186096,1281.9665938816713,1290.667724609375,3200,0.0,0.0
2017-11-14 00:00:00+09:00,1283.9001213282988,1310.970304609317,1283.9001213282988,1304.2027587890625,14400,0.0,0.0
2017-11-15 00:00:00+09:00,1305.1696183882993,1317.737918417224,1290.6677337395406,1292.601318359375,11000,0.0,0.0
2017-11-16 00:00:00+09:00,1292.6014715830486,1306.1365655263266,1290.6678867340088,1299.3690185546875,6300,0.0,0.0
2017-11-17 00:00:00+09:00,1299.368864528796,1303.236033768465,1286.8005644998716,1292.601318359375,7500,0.0,0.0
2017-11-20 00:00:00+09:00,1293.568277269801,1308.0701637862785,1293.568277269801,1302.2694091796875,7700,0.0,0.0
2017-11-21 00:00:00+09:00,1316.7713091362848,1316.7713091362848,1301.3026300274885,1305.1697998046875,3700,0.0,0.0
2017-11-22 00:00:00+09:00,1299.3690096404619,1311.9373110729962,1297.4354248046875,1297.4354248046875,3300,0.0,0.0
2017-11-23 00:00:00+09:00,1297.4354248046875,1297.4354248046875,1297.4354248046875,1297.4354248046875,0,0.0,0.0
2017-11-24 00:00:00+09:00,1295.501758679913,1315.8043981816131,1292.6013816082416,1306.136474609375,7200,0.0,0.0
2017-11-27 00:00:00+09:00,1300.3356978939335,1313.8707906601155,1296.468528532167,1301.302490234375,6700,0.0,0.0
2017-11-28 00:00:00+09:00,1306.1363982817954,1324.505451995603,1306.1363982817954,1315.8043212890625,9000,0.0,0.0
2017-11-29 00:00:00+09:00,1320.6382276505105,1356.4095412837967,1320.6382276505105,1355.4427490234375,11000,0.0,0.0
2017-11-30 00:00:00+09:00,1355.443017931952,1356.4098103841145,1334.173583984375,1334.173583984375,8500,0.0,0.0
2017-12-01 00:00:00+09:00,1334.1734896695639,1334.1734896695639,1296.4685867006415,1313.870849609375,20600,0.0,0.0
2017-12-04 00:00:00+09:00,1327.4059655869112,1338.0406819900109,1313.870871982966,1318.704833984375,5300,0.0,0.0
2017-12-05 00:00:00+09:00,1302.2693141759632,1318.7047843622968,1302.2693141759632,1308.070068359375,10600,0.0,0.0
2017-12-06 00:00:00+09:00,1308.070005536952,1324.5054749339427,1303.236043949602,1320.6383056640625,9400,0.0,0.0
2017-12-07 00:00:00+09:00,1318.7047255766506,1329.3394411054944,1308.0700100478066,1321.6051025390625,7100,0.0,0.0
2017-12-08 00:00:00+09:00,1307.103190582522,1326.4390365970564,1304.202813680342,1315.8043212890625,15600,0.0,0.0
2017-12-11 00:00:00+09:00,1315.804331651866,1343.84130859375,1307.1032008767986,1343.84130859375,6600,0.0,0.0
2017-12-12 00:00:00+09:00,1343.84143960887,1345.7750244140625,1331.273138375118,1345.7750244140625,5200,0.0,0.0
2017-12-13 00:00:00+09:00,1345.7749520235284,1353.5092908282613,1310.0036350516386,1330.3062744140625,16300,0.0,0.0
2017-12-14 00:00:00+09:00,1353.5093636348329,1353.5093636348329,1339.0074775958883,1345.7750244140625,6600,0.0,0.0
2017-12-15 00:00:00+09:00,1347.7084824036215,1347.7084824036215,1332.2398054176401,1344.80810546875,5400,0.0,0.0
2017-12-18 00:00:00+09:00,1345.7748656520955,1348.6752425177249,1331.2729813239478,1338.04052734375,5700,0.0,0.0
2017-12-19 00:00:00+09:00,1339.007437286046,1348.6753610209632,1335.1402677920792,1337.0738525390625,4500,0.0,0.0
2017-12-20 00:00:00+09:00,1334.173430174003,1339.007391877532,1325.472299107651,1327.4058837890625,5200,0.0,0.0
2017-12-21 00:00:00+09:00,1324.5055203105128,1335.1402361670205,1324.5055203105128,1330.3062744140625,3600,0.0,0.0
2017-12-22 00:00:00+09:00,1330.3063920454545,1340.9411088423296,1325.4724298650567,1329.339599609375,4500,0.0,0.0
2017-12-25 00:00:00+09:00,1329.3394411054944,1329.3394411054944,1314.8375562934345,1321.6051025390625,6600,0.0,0.0
2017-12-26 00:00:00+09:00,1314.8375562934345,1321.6051025390625,1310.9703870102187,1321.6051025390625,5500,0.0,0.0
2017-12-27 00:00:00+09:00,1321.6051567138495,1333.2066650390625,1321.6051567138495,1333.2066650390625,2900,0.0,0.0
2017-12-28 00:00:00+09:00,1333.2066423840918,1334.1734347280976,1307.1032490959333,1328.3726806640625,4000,0.0,0.0
2017-12-29 00:00:00+09:00,1328.3727624914147,1334.1735169127746,1319.671630859375,1319.671630859375,1700,0.0,0.0
2018-01-01 00:00:00+09:00,1319.671630859375,1319.671630859375,1319.671630859375,1319.671630859375,0,0.0,0.0
2018-01-02 00:00:00+09:00,1319.671630859375,1319.671630859375,1319.671630859375,1319.671630859375,0,0.0,0.0
2018-01-03 00:00:00+09:00,1319.671630859375,1319.671630859375,1319.671630859375,1319.671630859375,0,0.0,0.0
2018-01-04 00:00:00+09:00,1319.6716752485795,1333.2067693536933,1319.6716752485795,1329.339599609375,5300,0.0,0.0
2018-01-05 00:00:00+09:00,1342.8744358938025,1362.2102809030725,1332.239721138704,1352.5423583984375,16800,0.0,0.0
2018-01-08 00:00:00+09:00,1352.5423583984375,1352.5423583984375,1352.5423583984375,1352.5423583984375,0,0.0,0.0
2018-01-09 00:00:00+09:00,1362.2104761346068,1372.8451924138692,1352.5425522443684,1368.01123046875,12600,0.0,0.0
2018-01-10 00:00:00+09:00,1372.8452162458498,1372.8452162458498,1345.7750288832556,1346.7418212890625,9900,0.0,0.0
2018-01-11 00:00:00+09:00,1322.5720259427503,1339.974289441997,1295.5018382772553,1323.538818359375,18700,0.0,0.0
2018-01-12 00:00:00+09:00,1318.7046659348457,1323.5386273202375,1305.169574055749,1309.0367431640625,8700,0.0,0.0
2018-01-15 00:00:00+09:00,1304.2027726032325,1310.0035262248925,1299.3688112518491,1307.1031494140625,6500,0.0,0.0
2018-01-16 00:00:00+09:00,1307.1032214182512,1307.1032214182512,1292.6013365652382,1296.468505859375,7700,0.0,0.0
2018-01-17 00:00:00+09:00,1293.56821036124,1296.4685875145165,1282.9334941325603,1287.7674560546875,5600,0.0,0.0
2018-01-18 00:00:00+09:00,1287.7674605418933,1294.5350072564527,1286.800668154099,1288.7342529296875,6400,0.0,0.0
2018-01-19 00:00:00+09:00,1284.8671341116174,1290.667888667426,1273.265625,1273.265625,11500,0.0,0.0
2018-01-22 00:00:00+09:00,1267.464798249394,1284.867060925587,1267.464798249394,1283.9002685546875,3400,0.0,0.0
2018-01-23 00:00:00+09:00,1270.3651077491313,1277.1326539852378,1269.3983154296875,1269.3983154296875,6500,0.0,0.0
2018-01-24 00:00:00+09:00,1267.464771449656,1279.0662796551449,1267.464771449656,1278.0994873046875,3100,0.0,0.0
2018-01-25 00:00:00+09:00,1272.2988370163125,1278.0995915923747,1270.3652521576253,1274.232421875,2900,0.0,0.0
2018-01-26 00:00:00+09:00,1280.0330363592934,1300.3356751535118,1279.0662440357592,1296.468505859375,10600,0.0,0.0
2018-01-29 00:00:00+09:00,1296.4685693763824,1302.2693236017801,1282.933476183788,1283.9002685546875,5300,0.0,0.0
2018-01-30 00:00:00+09:00,1284.8670337578892,1288.7342031597188,1277.1326949542301,1278.0994873046875,4100,0.0,0.0
2018-01-31 00:00:00+09:00,1279.0663840217185,1286.8007234564682,1273.2656294456563,1274.232421875,4400,0.0,0.0
2018-02-01 00:00:00+09:00,1276.1659295874906,1283.9002685546875,1276.1659295874906,1283.9002685546875,1500,0.0,0.0
2018-02-02 00:00:00+09:00,1283.9002550117925,1285.8338397331959,1280.9998779296875,1280.9998779296875,3300,0.0,0.0
2018-02-05 00:00:00+09:00,1276.165988869863,1276.165988869863,1267.4648571275684,1270.365234375,7000,0.0,0.0
2018-02-06 00:00:00+09:00,1256.8301069850738,1256.8301069850738,1201.7229407557284,1210.424072265625,18200,0.0,0.0
2018-02-07 00:00:00+09:00,1212.3575803149142,1241.3613501789075,1212.3575803149142,1220.0919189453125,10400,0.0,0.0
2018-02-08 00:00:00+09:00,1223.9591736268662,1255.863322702448,1223.9591736268662,1238.4610595703125,6200,0.0,0.0
2018-02-09 00:00:00+09:00,1209.457172935355,1243.2949035930187,1209.457172935355,1239.427734375,6300,0.0,0.0
2018-02-12 00:00:00+09:00,1239.427734375,1239.427734375,1239.427734375,1239.427734375,0,0.0,0.0
2018-02-13 00:00:00+09:00,1247.162104151706,1251.996065795705,1218.158334287713,1220.0919189453125,4700,0.0,0.0
2018-02-14 00:00:00+09:00,1222.025502909919,1222.9922952381705,1184.3206021081098,1193.988525390625,7200,0.0,0.0
2018-02-15 00:00:00+09:00,1191.088220048961,1225.8927459594825,1189.154635276154,1209.457275390625,7700,0.0,0.0
2018-02-16 00:00:00+09:00,1205.5900833840162,1213.3244223311472,1192.0549902265375,1204.623291015625,8900,0.0,0.0
2018-02-19 00:00:00+09:00,1217.1915914171432,1230.7266845703125,1217.1915914171432,1230.7266845703125,4800,0.0,0.0
2018-02-20 00:00:00+09:00,1215.2579798529066,1231.6934497474965,1210.4240181192038,1224.9259033203125,7400,0.0,0.0
2018-02-21 00:00:00+09:00,1224.9260005610881,1225.8927929845777,1193.0218505859375,1193.0218505859375,6200,0.0,0.0
2018-02-22 00:00:00+09:00,1193.0217602847126,1225.8927001953125,1193.0217602847126,1225.8927001953125,4200,0.0,0.0
2018-02-23 00:00:00+09:00,1225.892619420517,1236.5273345732185,1215.2579042678153,1234.59375,4200,0.0,0.0
2018-02-26 00:00:00+09:00,1228.7701530848567,1230.71133816082,1221.005412781003,1227.799560546875,3600,5.0,0.0
2018-02-27 00:00:00+09:00,1247.2114534198113,1252.0644162735848,1230.7113797169811,1234.59375,4300,0.0,0.0
2018-02-28 00:00:00+09:00,1247.21145811391,1252.0644209859488,1223.917236328125,1223.917236328125,4300,0.0,0.0
2018-03-01 00:00:00+09:00,1237.5056615197823,1237.5056615197823,1192.8583984375,1192.8583984375,5700,0.0,0.0
2018-03-02 00:00:00+09:00,1194.7995721584414,1205.4760914872334,1193.8289794921875,1193.8289794921875,3900,0.0,0.0
2018-03-05 00:00:00+09:00,1195.770251989558,1204.5055866225985,1192.8584737785445,1196.7408447265625,5200,0.0,0.0
2018-03-06 00:00:00+09:00,1198.6818616739085,1217.1231210842764,1197.711269073363,1200.623046875,5000,0.0,0.0
2018-03-07 00:00:00+09:00,1196.740717357378,1212.2701994966465,1196.740717357378,1207.417236328125,4500,0.0,0.0
2018-03-08 00:00:00+09:00,1208.3878813476563,1222.946771484375,1206.4466959960937,1213.2408447265625,10500,0.0,0.0
2018-03-09 00:00:00+09:00,1210.3289728804566,1210.3289728804566,1196.7406764728173,1200.623046875,7500,0.0,0.0
2018-03-12 00:00:00+09:00,1200.6231399414062,1226.8291421874999,1195.7701765625,1213.2408447265625,6500,0.0,0.0
2018-03-13 00:00:00+09:00,1229.7408732485733,1229.7408732485733,1204.5054646420517,1217.1231689453125,5000,0.0,0.0
2018-03-14 00:00:00+09:00,1230.7114322763841,1242.3585436228482,1214.2113578688932,1240.4173583984375,6400,0.0,0.0
2018-03-15 00:00:00+09:00,1240.4174810514246,1240.4174810514246,1219.0644414715096,1220.0350341796875,4500,0.0,0.0
2018-03-16 00:00:00+09:00,1220.034889033335,1227.799629774995,1220.034889033335,1221.97607421875,900,0.0,0.0
2018-03-19 00:00:00+09:00,1234.5938895089287,1234.5938895089287,1219.0644066220239,1222.94677734375,4700,0.0,0.0
2018-03-20 00:00:00+09:00,1222.9466600624248,1222.9466600624248,1210.3289564268603,1212.2701416015625,4400,0.0,0.0
2018-03-21 00:00:00+09:00,1212.2701416015625,1212.2701416015625,1212.2701416015625,1212.2701416015625,0,0.0,0.0
2018-03-22 00:00:00+09:00,1212.270279843188,1303.505993458288,1212.270279843188,1282.1529541015625,25900,0.0,0.0
2018-03-23 00:00:00+09:00,1274.3881722553838,1300.5941742743446,1262.741060246957,1295.7412109375,17300,0.0,0.0
2018-03-26 00:00:00+09:00,1283.123500693606,1306.417724609375,1279.2411300409779,1306.417724609375,12900,0.0,0.0
2018-03-27 00:00:00+09:00,1310.300101485907,1336.506103515625,1294.7706188016296,1336.506103515625,12200,0.0,0.0
2018-03-28 00:00:00+09:00,1335.5354350646394,1337.4766202900241,1295.7411379442542,1332.6236572265625,7700,0.0,0.0
2018-03-29 00:00:00+09:00,1355.9180387802728,1381.153449666663,1327.7708497146837,1350.094482421875,12800,0.0,0.0
2018-03-30 00:00:00+09:00,1379.21216321249,1381.153348523134,1341.3590496549339,1348.1531982421875,6900,0.0,0.0
2018-04-02 00:00:00+09:00,1348.1531921342457,1348.1531921342457,1320.9765979083575,1338.447265625,7600,0.0,0.0
2018-04-03 00:00:00+09:00,1309.329480078553,1338.4472594724423,1281.1822933311269,1328.7413330078125,9700,0.0,0.0
2018-04-04 00:00:00+09:00,1347.18254133456,1355.917874815836,1329.7118743720082,1343.3001708984375,8800,0.0,0.0
2018-04-05 00:00:00+09:00,1357.8591253185948,1368.53564453125,1353.9767546958112,1368.53564453125,13200,0.0,0.0
2018-04-06 00:00:00+09:00,1369.5063369498675,1369.5063369498675,1347.1827042426762,1350.094482421875,7500,0.0,0.0
2018-04-09 00:00:00+09:00,1350.0943719438512,1363.6826690015175,1336.506074886185,1349.123779296875,9700,0.0,0.0
2018-04-10 00:00:00+09:00,1308.3589454650878,1310.3001308441162,1199.652564239502,1242.358642578125,38100,0.0,0.0
2018-04-11 00:00:00+09:00,1242.3587244697565,1279.2412491024525,1228.7704259208685,1235.5645751953125,10600,0.0,0.0
2018-04-12 00:00:00+09:00,1258.8585981637375,1283.1234130859375,1246.2408944041936,1283.1234130859375,8900,0.0,0.0
2018-04-13 00:00:00+09:00,1307.3883405412946,1307.3883405412946,1285.064708891369,1304.4765625,8100,0.0,0.0
2018-04-16 00:00:00+09:00,1294.7706299729014,1318.0648542002998,1294.7706299729014,1315.153076171875,7300,0.0,0.0
2018-04-17 00:00:00+09:00,1314.1825417751736,1316.1237272135418,1303.5060218641493,1310.3001708984375,8500,0.0,0.0
2018-04-18 00:00:00+09:00,1310.3000541157114,1318.064795177138,1299.62353515625,1299.62353515625,9000,0.0,0.0
2018-04-19 00:00:00+09:00,1296.7116045430575,1328.7411576492857,1296.7116045430575,1322.9176025390625,6500,0.0,0.0
2018-04-20 00:00:00+09:00,1335.5355048692393,1336.5060975326617,1322.917800244748,1326.8001708984375,6400,0.0,0.0
2018-04-23 00:00:00+09:00,1334.5648592487141,1334.5648592487141,1314.182414125643,1320.9765625,1900,0.0,0.0
2018-04-24 00:00:00+09:00,1318.06481389672,1328.7413330078125,1311.270665371479,1328.7413330078125,2800,0.0,0.0
2018-04-25 00:00:00+09:00,1328.7411576492857,1331.6529352043974,1322.9176025390625,1322.9176025390625,1600,0.0,0.0
2018-04-26 00:00:00+09:00,1329.712099609375,1334.5650634765625,1327.7709140625,1334.5650634765625,3700,0.0,0.0
2018-04-27 00:00:00+09:00,1342.329718053167,1342.329718053167,1324.8590492715641,1331.6531982421875,3500,0.0,0.0
2018-04-30 00:00:00+09:00,1331.6531982421875,1331.6531982421875,1331.6531982421875,1331.6531982421875,0,0.0,0.0
2018-05-01 00:00:00+09:00,1329.7119194519178,1329.7119194519178,1316.1236224648178,1319.035400390625,3300,0.0,0.0
2018-05-02 00:00:00+09:00,1320.0060802129221,1321.947265625,1310.300153152533,1321.947265625,4000,0.0,0.0
2018-05-03 00:00:00+09:00,1321.947265625,1321.947265625,1321.947265625,1321.947265625,0,0.0,0.0
2018-05-04 00:00:00+09:00,1321.947265625,1321.947265625,1321.947265625,1321.947265625,0,0.0,0.0
2018-05-07 00:00:00+09:00,1321.9470100206918,1322.9176025390625,1319.0352324655803,1322.9176025390625,1900,0.0,0.0
2018-05-08 00:00:00+09:00,1334.5650634765625,1339.4180273437498,1329.712099609375,1334.5650634765625,5200,0.0,0.0
2018-05-09 00:00:00+09:00,1334.5649005376806,1338.4472711574265,1322.9177886784425,1327.770751953125,5900,0.0,0.0
2018-05-10 00:00:00+09:00,1327.77076356186,1334.5649122058169,1320.9766149179031,1326.8001708984375,3900,0.0,0.0
2018-05-11 00:00:00+09:00,1320.0058939181097,1320.9764864871672,1308.3587830894205,1317.0941162109375,6600,0.0,0.0
2018-05-14 00:00:00+09:00,1323.8883873395546,1338.4472772296524,1323.8883873395546,1337.4766845703125,5800,0.0,0.0
2018-05-15 00:00:00+09:00,1337.4766961833923,1337.4766961833923,1330.682547509021,1336.506103515625,1300,0.0,0.0
2018-05-16 00:00:00+09:00,1335.5355048692393,1335.5355048692393,1318.0648369276357,1326.8001708984375,4600,0.0,0.0
2018-05-17 00:00:00+09:00,1324.8589678892156,1325.8295605396838,1314.1824487340643,1318.0648193359375,5600,0.0,0.0
2018-05-18 00:00:00+09:00,1318.0648542002998,1320.9766322287246,1310.300112791167,1315.153076171875,5500,0.0,0.0
2018-05-21 00:00:00+09:00,1315.1529493653059,1325.8294677734375,1311.2705790350763,1325.8294677734375,2400,0.0,0.0
2018-05-22 00:00:00+09:00,1325.8296419816531,1331.6531982421875,1325.8296419816531,1331.6531982421875,1800,0.0,0.0
2018-05-23 00:00:00+09:00,1338.4473472128109,1338.4473472128109,1320.0060857211188,1331.6531982421875,1800,0.0,0.0
2018-05-24 00:00:00+09:00,1338.4472478045163,1338.4472478045163,1327.7707287864964,1329.7119140625,2800,0.0,0.0
2018-05-25 00:00:00+09:00,1330.682437453159,1335.535400390625,1326.8000671031864,1335.535400390625,2300,0.0,0.0
2018-05-28 00:00:00+09:00,1339.4177707405977,1339.4177707405977,1334.5648078031318,1335.535400390625,1300,0.0,0.0
2018-05-29 00:00:00+09:00,1339.4179399229,1339.4179399229,1329.7120128220092,1331.6531982421875,2700,0.0,0.0
2018-05-30 00:00:00+09:00,1327.770751953125,1338.4472711574265,1325.829566643252,1327.770751953125,2900,0.0,0.0
2018-05-31 00:00:00+09:00,1328.7413619049883,1328.7413619049883,1315.1530645589914,1316.1236572265625,4200,0.0,0.0
2018-06-01 00:00:00+09:00,1329.711931141557,1329.711931141557,1316.123634035001,1318.0648193359375,3200,0.0,0.0
2018-06-04 00:00:00+09:00,1320.9764175023213,1322.9176025390625,1319.0352324655803,1322.9176025390625,1700,0.0,0.0
2018-06-05 00:00:00+09:00,1322.917800244748,1326.8001708984375,1321.9472075813255,1326.8001708984375,2100,0.0,0.0
2018-06-06 00:00:00+09:00,1319.035400390625,1325.829548884175,1314.1824371809464,1319.035400390625,4200,0.0,0.0
2018-06-07 00:00:00+09:00,1325.829573090712,1357.859130859375,1324.8589804310557,1357.859130859375,5500,0.0,0.0
2018-06-08 00:00:00+09:00,1344.270717389989,1350.094272844386,1340.3883470870576,1347.1824951171875,5400,0.0,0.0
2018-06-11 00:00:00+09:00,1347.1826288048621,1347.1826288048621,1337.476702084366,1346.2120361328125,2200,0.0,0.0
2018-06-12 00:00:00+09:00,1340.3885032681353,1346.2120594010887,1339.4179105793096,1344.2708740234375,2800,0.0,0.0
2018-06-13 00:00:00+09:00,1335.535400390625,1342.3295485030774,1335.535400390625,1335.535400390625,2500,0.0,0.0
2018-06-14 00:00:00+09:00,1339.4178119915944,1342.32958984375,1336.5060341394387,1342.32958984375,2300,0.0,0.0
2018-06-15 00:00:00+09:00,1358.829676052596,1358.829676052596,1338.447230911807,1341.3590087890625,4200,0.0,0.0
2018-06-18 00:00:00+09:00,1334.5649934695477,1340.3885498046875,1331.6532153019778,1340.3885498046875,2300,0.0,0.0
2018-06-19 00:00:00+09:00,1340.3885498046875,1341.359142527211,1331.6532153019778,1340.3885498046875,4500,0.0,0.0
2018-06-20 00:00:00+09:00,1348.1531273454557,1348.1531273454557,1324.8589048427266,1333.59423828125,7100,0.0,0.0
2018-06-21 00:00:00+09:00,1346.2120301932985,1347.1826228610657,1334.5649181800904,1336.506103515625,2000,0.0,0.0
2018-06-22 00:00:00+09:00,1336.5059767841262,1347.1824951171875,1336.5059767841262,1347.1824951171875,2500,0.0,0.0
2018-06-25 00:00:00+09:00,1349.1237199497361,1349.1237199497361,1333.59423828125,1333.59423828125,2700,0.0,0.0
2018-06-26 00:00:00+09:00,1347.1826759820117,1347.1826759820117,1318.0648948008443,1321.947265625,5600,0.0,0.0
2018-06-27 00:00:00+09:00,1351.0650751482747,1351.0650751482747,1327.7708497146837,1350.094482421875,1900,0.0,0.0
2018-06-28 00:00:00+09:00,1337.4767136346727,1349.1238257998514,1337.4767136346727,1345.241455078125,4000,0.0,0.0
2018-06-29 00:00:00+09:00,1345.2413676959056,1345.2413676959056,1339.4178119915944,1342.32958984375,5000,0.0,0.0
2018-07-02 00:00:00+09:00,1342.3297298105854,1342.3297298105854,1329.7120244689095,1330.6826171875,2700,0.0,0.0
2018-07-03 00:00:00+09:00,1328.7413259828393,1337.476659754823,1298.6529541015625,1298.6529541015625,7900,0.0,0.0
2018-07-04 00:00:00+09:00,1298.6528963840283,1320.0059335443038,1298.6528963840283,1303.505859375,3200,0.0,0.0
2018-07-05 00:00:00+09:00,1303.5058824964462,1309.3294381889098,1301.564697265625,1301.564697265625,3000,0.0,0.0
2018-07-06 00:00:00+09:00,1301.564808062222,1301.564808062222,1266.623470933035,1282.1529541015625,6500,0.0,0.0
2018-07-09 00:00:00+09:00,1282.1528069983979,1314.182362358691,1263.7115478515625,1263.7115478515625,6300,0.0,0.0
2018-07-10 00:00:00+09:00,1264.6822393686493,1288.9470559336655,1264.6822393686493,1265.65283203125,4800,0.0,0.0
2018-07-11 00:00:00+09:00,1267.5940523140252,1279.2411645864358,1262.7410888671875,1262.7410888671875,3600,0.0,0.0
2018-07-12 00:00:00+09:00,1263.7115941216655,1264.682186743879,1258.8586310105993,1259.8292236328125,3600,0.0,0.0
2018-07-13 00:00:00+09:00,1272.4470564815977,1272.4470564815977,1266.6235001590273,1269.5352783203125,1100,0.0,0.0
2018-07-16 00:00:00+09:00,1269.5352783203125,1269.5352783203125,1269.5352783203125,1269.5352783203125,0,0.0,0.0
2018-07-17 00:00:00+09:00,1269.5352836921472,1280.2118036620354,1267.5940982430768,1279.2412109375,2800,0.0,0.0
2018-07-18 00:00:00+09:00,1279.2411876331676,1296.711856356534,1279.2411876331676,1281.182373046875,3700,0.0,0.0
2018-07-19 00:00:00+09:00,1280.2116868267922,1287.9764279144451,1266.6233899233994,1268.5645751953125,4400,0.0,0.0
2018-07-20 00:00:00+09:00,1281.1822561055671,1281.1822561055671,1267.593959449902,1270.5057373046875,4300,0.0,0.0
2018-07-23 00:00:00+09:00,1270.505719181941,1284.09401564378,1261.7703857421875,1261.7703857421875,5500,0.0,0.0
2018-07-24 00:00:00+09:00,1264.6821908092047,1266.6233760598711,1228.770263671875,1228.770263671875,14000,0.0,0.0
2018-07-25 00:00:00+09:00,1228.770263671875,1242.3585604265404,1226.8290784212086,1228.770263671875,4800,0.0,0.0
2018-07-26 00:00:00+09:00,1232.652675622766,1255.9468994140625,1232.652675622766,1255.9468994140625,2800,0.0,0.0
2018-07-27 00:00:00+09:00,1255.9468090838766,1285.0645867287888,1255.9468090838766,1284.093994140625,4900,0.0,0.0
2018-07-30 00:00:00+09:00,1291.8587547240218,1320.0059402138766,1291.8587547240218,1313.2117919921875,6000,0.0,0.0
2018-07-31 00:00:00+09:00,1320.9766205644187,1320.9766205644187,1301.5647672129944,1316.1236572265625,4500,0.0,0.0
2018-08-01 00:00:00+09:00,1298.6528809718823,1306.4176216652866,1258.8585849181848,1263.7115478515625,11000,0.0,0.0
2018-08-02 00:00:00+09:00,1254.0057431175596,1257.8881138392858,1222.94677734375,1222.94677734375,12400,0.0,0.0
2018-08-03 00:00:00+09:00,1233.6231620722021,1233.6231620722021,1221.0054586049018,1223.917236328125,5600,0.0,0.0
2018-08-06 00:00:00+09:00,1223.91737579586,1232.6527099609375,1223.91737579586,1232.6527099609375,2200,0.0,0.0
2018-08-07 00:00:00+09:00,1244.2997637101716,1244.2997637101716,1230.7114667585784,1237.505615234375,4700,0.0,0.0
2018-08-08 00:00:00+09:00,1237.505615234375,1245.270356349571,1237.505615234375,1237.505615234375,4500,0.0,0.0
2018-08-09 00:00:00+09:00,1235.5644996829442,1237.5056850712913,1230.7115362120765,1231.68212890625,14900,0.0,0.0
2018-08-10 00:00:00+09:00,1231.6821056639087,1236.5350690431992,1225.8585496087603,1233.623291015625,5400,0.0,0.0
2018-08-13 00:00:00+09:00,1227.7995854369224,1227.7995854369224,1193.8288459189048,1194.7994384765625,16900,0.0,0.0
2018-08-14 00:00:00+09:00,1194.799475029242,1213.2407341889136,1194.799475029242,1212.2701416015625,3500,0.0,0.0
2018-08-15 00:00:00+09:00,1209.3584215955334,1211.299606862942,1202.5642731596035,1207.417236328125,8000,0.0,0.0
2018-08-16 00:00:00+09:00,1203.5349178702197,1203.5349178702197,1188.976027734693,1192.8583984375,9300,0.0,0.0
2018-08-17 00:00:00+09:00,1196.740715344218,1196.740715344218,1166.65234375,1166.65234375,33800,0.0,0.0
2018-08-20 00:00:00+09:00,1164.7111141885696,1198.6818550190696,1162.7699289982554,1190.9171142578125,35800,0.0,0.0
2018-08-21 00:00:00+09:00,1193.8290781789012,1203.5350056437703,1191.8878926859275,1195.770263671875,14500,0.0,0.0
2018-08-22 00:00:00+09:00,1204.505504780431,1212.2702461488786,1203.534912109375,1203.534912109375,14300,0.0,0.0
2018-08-23 00:00:00+09:00,1214.2113794820716,1220.0349352589642,1209.3584163346613,1218.09375,11800,0.0,0.0
2018-08-24 00:00:00+09:00,1218.093738434421,1221.976108915487,1217.1231458141547,1219.0643310546875,15200,0.0,0.0
2018-08-27 00:00:00+09:00,1219.0643310546875,1226.8290720168193,1217.1231458141547,1219.0643310546875,22600,0.0,0.0
2018-08-28 00:00:00+09:00,1220.0350704146708,1230.7115905217204,1196.7408447265625,1196.7408447265625,32400,0.0,0.0
2018-08-29 00:00:00+09:00,1196.740632989705,1244.299668688404,1194.7994478591459,1224.8878173828125,32600,0.0,0.0
2018-08-30 00:00:00+09:00,1226.8289680088933,1227.799560546875,1221.005412781003,1227.799560546875,3800,0.0,0.0
2018-08-31 00:00:00+09:00,1219.0642277050397,1240.4172635406374,1219.0642277050397,1227.799560546875,4900,0.0,0.0
2018-09-03 00:00:00+09:00,1229.7408447265625,1234.5938078075671,1222.9466964131561,1229.7408447265625,2600,0.0,0.0
2018-09-04 00:00:00+09:00,1219.0644066220239,1229.740926106771,1217.1232212611608,1222.94677734375,9700,0.0,0.0
2018-09-05 00:00:00+09:00,1227.799560546875,1229.7407456228384,1222.9465978569665,1227.799560546875,2700,0.0,0.0
2018-09-06 00:00:00+09:00,1221.9761152945425,1228.770263671875,1221.005522669209,1228.770263671875,2500,0.0,0.0
2018-09-07 00:00:00+09:00,1260.799754155618,1260.799754155618,1222.9466437537174,1223.917236328125,7100,0.0,0.0
2018-09-10 00:00:00+09:00,1243.3292177742057,1243.3292177742057,1228.7703276363345,1233.623291015625,3300,0.0,0.0
2018-09-11 00:00:00+09:00,1237.5056850712913,1237.5056850712913,1224.8879800470352,1231.68212890625,2700,0.0,0.0
2018-09-12 00:00:00+09:00,1231.682000145825,1239.446740887485,1219.0642964406275,1221.97607421875,4400,0.0,0.0
2018-09-13 00:00:00+09:00,1233.6232267985413,1238.4761899252073,1228.770263671875,1228.770263671875,5900,0.0,0.0
2018-09-14 00:00:00+09:00,1217.1232384936466,1237.5056850712913,1217.1232384936466,1231.68212890625,10700,0.0,0.0
2018-09-17 00:00:00+09:00,1231.68212890625,1231.68212890625,1231.68212890625,1231.68212890625,0,0.0,0.0
2018-09-18 00:00:00+09:00,1220.0350221539961,1244.2998396192704,1219.0644294553852,1241.3880615234375,7100,0.0,0.0
2018-09-19 00:00:00+09:00,1247.2116983388619,1255.9470331910406,1230.7116213958575,1254.9764404296875,10200,0.0,0.0
2018-09-20 00:00:00+09:00,1251.0938306501987,1255.946793530921,1232.652571703454,1244.2996826171875,7900,0.0,0.0
2018-09-21 00:00:00+09:00,1246.2410074554607,1254.9763416198682,1246.2410074554607,1253.03515625,5500,0.0,0.0
2018-09-24 00:00:00+09:00,1253.03515625,1253.03515625,1253.03515625,1253.03515625,0,0.0,0.0
2018-09-25 00:00:00+09:00,1253.0351676097087,1272.447021484375,1253.0351676097087,1272.447021484375,14800,0.0,0.0
2018-09-26 00:00:00+09:00,1272.446986920646,1296.711803604869,1262.741060246957,1295.7412109375,7400,0.0,0.0
2018-09-27 00:00:00+09:00,1295.741251874024,1295.741251874024,1282.1529541015625,1282.1529541015625,7400,0.0,0.0
2018-09-28 00:00:00+09:00,1292.8294855291192,1292.8294855291192,1263.7117043235085,1281.182373046875,5800,0.0,0.0
2018-10-01 00:00:00+09:00,1281.1822625450152,1281.1822625450152,1266.6233731979128,1280.211669921875,3600,0.0,0.0
2018-10-02 00:00:00+09:00,1561.6836549108293,1563.6248403115885,1396.6828958462918,1414.153564453125,123600,0.0,0.0
2018-10-03 00:00:00+09:00,1412.2122792519285,1412.2122792519285,1343.3002023949616,1391.829833984375,34200,0.0,0.0
2018-10-04 00:00:00+09:00,1381.1533960204038,1381.1533960204038,1353.9768007367977,1364.6533203125,14100,0.0,0.0
2018-10-05 00:00:00+09:00,1343.3003333370777,1369.5063369498675,1324.8590715354849,1350.094482421875,13600,0.0,0.0
2018-10-08 00:00:00+09:00,1350.094482421875,1350.094482421875,1350.094482421875,1350.094482421875,0,0.0,0.0
2018-10-09 00:00:00+09:00,1291.85881838062,1350.0943774360949,1291.85881838062,1338.447265625,13100,0.0,0.0
2018-10-10 00:00:00+09:00,1320.0058939181097,1357.8590041113496,1314.182338503765,1317.0941162109375,9100,0.0,0.0
2018-10-11 00:00:00+09:00,1245.2702906140755,1304.4764384920636,1222.9466610863096,1284.093994140625,12500,0.0,0.0
2018-10-12 00:00:00+09:00,1272.4469109688096,1283.1234296725906,1269.5351331405056,1271.476318359375,10800,0.0,0.0
2018-10-15 00:00:00+09:00,1271.4763751902094,1271.4763751902094,1225.8585205078125,1225.8585205078125,9800,0.0,0.0
2018-10-16 00:00:00+09:00,1225.8585496087603,1250.1233665052125,1225.8585496087603,1233.623291015625,6200,0.0,0.0
2018-10-17 00:00:00+09:00,1257.888165675172,1271.4764637611693,1243.3292748687466,1269.5352783203125,8300,0.0,0.0
2018-10-18 00:00:00+09:00,1256.9175327309822,1277.2999792077007,1248.1821985266743,1262.7410888671875,9100,0.0,0.0
2018-10-19 00:00:00+09:00,1286.0352599390685,1286.0352599390685,1250.1233319256758,1256.91748046875,8400,0.0,0.0
2018-10-22 00:00:00+09:00,1249.1527571307488,1287.0058709831958,1244.2997938163326,1286.0352783203125,5800,0.0,0.0
2018-10-23 00:00:00+09:00,1260.7998331642448,1269.535166881318,1232.652646742564,1248.18212890625,8200,0.0,0.0
2018-10-24 00:00:00+09:00,1238.4762315705902,1256.9174920720332,1236.5350462546487,1255.9468994140625,7700,0.0,0.0
2018-10-25 00:00:00+09:00,1215.182041929888,1228.7703395233534,1141.416997851077,1171.50537109375,18500,0.0,0.0
2018-10-26 00:00:00+09:00,1196.7407568729284,1210.3290541934646,1153.0640869140625,1153.0640869140625,8600,0.0,0.0
2018-10-29 00:00:00+09:00,1152.0934314410947,1210.3289882114955,1152.0934314410947,1168.593505859375,9900,0.0,0.0
2018-10-30 00:00:00+09:00,1168.5935539916122,1241.3880029528839,1168.5935539916122,1225.8585205078125,27400,0.0,0.0
2018-10-31 00:00:00+09:00,1254.0056783741918,1254.0056783741918,1225.858492094895,1238.4761962890625,5100,0.0,0.0
2018-11-01 00:00:00+09:00,1238.476078464674,1252.064373996418,1202.5641545593503,1227.799560546875,12200,0.0,0.0
2018-11-02 00:00:00+09:00,1214.2114714274026,1255.9469576555227,1204.505544397607,1251.093994140625,10200,0.0,0.0
2018-11-05 00:00:00+09:00,1225.8584692153572,1247.211506683875,1225.8584692153572,1240.4173583984375,6000,0.0,0.0
2018-11-06 00:00:00+09:00,1233.6231642795985,1251.0938306501987,1232.652571703454,1244.2996826171875,4300,0.0,0.0
2018-11-07 00:00:00+09:00,1239.4468817048705,1254.976364952543,1232.6527327840138,1251.093994140625,5300,0.0,0.0
2018-11-08 00:00:00+09:00,1261.770346730026,1261.770346730026,1218.093680881679,1223.917236328125,6000,0.0,0.0
2018-11-09 00:00:00+09:00,1226.8291131606295,1228.7702984662635,1211.2996307155584,1225.8585205078125,4300,0.0,0.0
2018-11-12 00:00:00+09:00,1219.064364419901,1219.064364419901,1164.7111761973576,1175.3876953125,13700,0.0,0.0
2018-11-13 00:00:00+09:00,1175.3876906968082,1211.2996184885358,1175.3876906968082,1206.4466552734375,3300,0.0,0.0
2018-11-14 00:00:00+09:00,1193.8289203675222,1197.711290840262,1169.5641049128976,1178.2994384765625,3200,0.0,0.0
2018-11-15 00:00:00+09:00,1179.270118330969,1198.6819721306556,1179.270118330969,1181.2113037109375,2700,0.0,0.0
2018-11-16 00:00:00+09:00,1183.1523277846707,1210.3289193990847,1183.1523277846707,1194.7994384765625,2900,0.0,0.0
2018-11-19 00:00:00+09:00,1207.4172132072633,1218.0937319735654,1198.6818796711977,1209.3583984375,4400,0.0,0.0
2018-11-20 00:00:00+09:00,1221.9762678270215,1221.9762678270215,1178.2995942351106,1195.770263671875,4500,0.0,0.0
2018-11-21 00:00:00+09:00,1195.7701648246953,1201.593720822218,1176.358311499619,1193.8289794921875,3500,0.0,0.0
2018-11-22 00:00:00+09:00,1189.9466321134528,1189.9466321134528,1164.7112222970175,1171.50537109375,4100,0.0,0.0
2018-11-23 00:00:00+09:00,1171.50537109375,1171.50537109375,1171.50537109375,1171.50537109375,0,0.0,0.0
2018-11-26 00:00:00+09:00,1174.4170910926541,1186.064202739854,1172.475905818121,1176.3582763671875,2200,0.0,0.0
2018-11-27 00:00:00+09:00,1176.3583055840165,1186.064232197746,1174.4171202612706,1184.123046875,4300,0.0,0.0
2018-11-28 00:00:00+09:00,1186.0642144276426,1186.0642144276426,1175.3876953125,1175.3876953125,1800,0.0,0.0
2018-11-29 00:00:00+09:00,1177.3288343139145,1187.0347604005915,1173.4464638792438,1179.27001953125,3200,0.0,0.0
2018-11-30 00:00:00+09:00,1179.2700542789873,1182.1818321907874,1169.564127906321,1176.3582763671875,1200,0.0,0.0
2018-12-03 00:00:00+09:00,1176.3582879593312,1179.2700658998247,1170.5347320783444,1175.3876953125,3300,0.0,0.0
2018-12-04 00:00:00+09:00,1179.2700891991703,1181.2112745311854,1173.446533203125,1173.446533203125,2200,0.0,0.0
2018-12-05 00:00:00+09:00,1175.3876837299208,1185.0936101025875,1175.3876837299208,1176.3582763671875,2400,0.0,0.0
2018-12-06 00:00:00+09:00,1175.387812199144,1182.1819614026072,1165.681884765625,1165.681884765625,3200,0.0,0.0
2018-12-07 00:00:00+09:00,1165.6818795384327,1165.6818795384327,1155.9759521484375,1155.9759521484375,6200,0.0,0.0
2018-12-10 00:00:00+09:00,1161.799351064404,1162.7699436718094,1155.0052028125654,1158.8875732421875,3300,0.0,0.0
2018-12-11 00:00:00+09:00,1158.887489861957,1158.887489861957,1145.2991943359375,1145.2991943359375,5100,0.0,0.0
2018-12-12 00:00:00+09:00,1151.1228951575329,1154.0346731385384,1122.0051153474774,1122.9757080078125,8000,0.0,0.0
2018-12-13 00:00:00+09:00,1122.9757939014871,1153.0641686732642,1122.9757939014871,1146.27001953125,4900,0.0,0.0
2018-12-14 00:00:00+09:00,1173.4466160993068,1173.4466160993068,1145.2994267966767,1146.27001953125,7900,0.0,0.0
2018-12-17 00:00:00+09:00,1146.2699267208527,1154.03466796875,1138.5051854729552,1154.03466796875,3800,0.0,0.0
2018-12-18 00:00:00+09:00,1154.03466796875,1165.6817798405962,1154.03466796875,1154.03466796875,4200,0.0,0.0
2018-12-19 00:00:00+09:00,1153.0641274679656,1161.7994617669654,1153.0641274679656,1159.8582763671875,4800,0.0,0.0
2018-12-20 00:00:00+09:00,1186.0641714242788,1186.0641714242788,1147.2404669586724,1148.2110595703125,7100,0.0,0.0
2018-12-21 00:00:00+09:00,1145.2992451549087,1152.093393219387,1129.7697638646728,1130.7403564453125,7500,0.0,0.0
2018-12-24 00:00:00+09:00,1130.7403564453125,1130.7403564453125,1130.7403564453125,1130.7403564453125,0,0.0,0.0
2018-12-25 00:00:00+09:00,1111.328589539333,1116.1815528124305,1092.8873291015625,1092.8873291015625,6100,0.0,0.0
2018-12-26 00:00:00+09:00,1079.2989913217716,1101.6226215379595,1078.3283987036766,1086.0931396484375,3100,0.0,0.0
2018-12-27 00:00:00+09:00,1091.9168263951367,1154.0347614078378,1091.9168263951367,1146.27001953125,8000,0.0,0.0
2018-12-28 00:00:00+09:00,1146.2698596151251,1180.2406005859375,1134.6227484251324,1180.2406005859375,4600,0.0,0.0
2018-12-31 00:00:00+09:00,1180.2406005859375,1180.2406005859375,1180.2406005859375,1180.2406005859375,0,0.0,0.0
2019-01-04 00:00:00+09:00,1179.2700949336133,1181.2112802750678,1156.9464635068864,1162.77001953125,5100,0.0,0.0
2019-01-07 00:00:00+09:00,1162.7700135715884,1162.7700135715884,1153.0640869140625,1153.0640869140625,2500,0.0,0.0
2019-01-08 00:00:00+09:00,1153.0640869140625,1163.740606237341,1153.0640869140625,1153.0640869140625,3400,0.0,0.0
2019-01-09 00:00:00+09:00,1153.0641622863359,1163.7406823075057,1153.0641622863359,1156.946533203125,2800,0.0,0.0
2019-01-10 00:00:00+09:00,1155.005214336232,1168.5935109754819,1155.005214336232,1157.9169921875,3400,0.0,0.0
2019-01-11 00:00:00+09:00,1165.6818325665208,1169.564203366076,1156.946498267521,1159.8582763671875,1900,0.0,0.0
2019-01-15 00:00:00+09:00,1156.9463679257947,1157.9169605163365,1122.9756272568325,1129.769775390625,3700,0.0,0.0
2019-01-16 00:00:00+09:00,1129.7697852246606,1129.7697852246606,1106.4755628488945,1108.416748046875,3100,0.0,0.0
2019-01-17 00:00:00+09:00,1120.064011548913,1120.064011548913,1108.4168987771739,1116.181640625,3200,0.0,0.0
2019-01-18 00:00:00+09:00,1144.3287340632214,1144.3287340632214,1096.76969422514,1103.5638427734375,4800,0.0,0.0
2019-01-21 00:00:00+09:00,1106.4757261884972,1110.3580971575798,1092.8874277967086,1094.82861328125,4400,0.0,0.0
2019-01-22 00:00:00+09:00,1093.8579039270578,1100.6520523986544,1078.3284217062655,1084.1519775390625,3700,0.0,0.0
2019-01-23 00:00:00+09:00,1078.3284270853935,1087.0637608781644,1072.5048712235462,1073.4754638671875,4700,0.0,0.0
2019-01-24 00:00:00+09:00,1073.4755220751022,1077.357892860184,1068.62255859375,1068.62255859375,4100,0.0,0.0
2019-01-25 00:00:00+09:00,1072.5049405263856,1089.9756092408425,1069.5931624073094,1088.034423828125,6900,0.0,0.0
2019-01-28 00:00:00+09:00,1092.8873581659227,1092.8873581659227,1077.357875279018,1080.2696533203125,5200,0.0,0.0
2019-01-29 00:00:00+09:00,1069.5929413119734,1074.4459038406121,1065.7105712890625,1065.7105712890625,6900,0.0,0.0
2019-01-30 00:00:00+09:00,1084.1520359448398,1085.1226286359274,1058.9166259765625,1058.9166259765625,6100,0.0,0.0
2019-01-31 00:00:00+09:00,1068.6224870708627,1068.6224870708627,1004.5633734044894,1033.68115234375,8200,0.0,0.0
2019-02-01 00:00:00+09:00,1034.6517627225908,1049.2106524419517,1034.6517627225908,1042.41650390625,4600,0.0,0.0
2019-02-04 00:00:00+09:00,1044.3577816848263,1060.8578581612594,1044.3577816848263,1055.0343017578125,3900,0.0,0.0
2019-02-05 00:00:00+09:00,1055.034191265071,1060.8577470586226,1052.1224133682954,1054.0635986328125,2300,0.0,0.0
2019-02-06 00:00:00+09:00,1056.004818790397,1058.9165967833853,1051.15185546875,1051.15185546875,1200,0.0,0.0
2019-02-07 00:00:00+09:00,1049.2107802950588,1055.0343368924412,1049.2107802950588,1052.12255859375,1500,0.0,0.0
2019-02-08 00:00:00+09:00,1062.799008430691,1070.5637500447965,1057.946044921875,1057.946044921875,2400,0.0,0.0
2019-02-12 00:00:00+09:00,1057.9458312432405,1069.5929413119734,1057.9458312432405,1065.7105712890625,2100,0.0,0.0
2019-02-13 00:00:00+09:00,1069.5929413119734,1069.5929413119734,1063.769386277607,1065.7105712890625,2100,0.0,0.0
2019-02-14 00:00:00+09:00,1068.6224090192648,1081.2401123046875,1068.6224090192648,1081.2401123046875,1600,0.0,0.0
2019-02-15 00:00:00+09:00,1081.240246000744,1086.093209402902,1073.4755045572917,1080.2696533203125,1900,0.0,0.0
2019-02-18 00:00:00+09:00,1085.1224325229045,1097.7401352266593,1085.1224325229045,1095.7989501953125,2300,0.0,0.0
2019-02-19 00:00:00+09:00,1081.2402345901019,1101.6226806640625,1081.2402345901019,1101.6226806640625,3300,0.0,0.0
2019-02-20 00:00:00+09:00,1130.7404607697206,1131.7110534399092,1088.0343832814222,1101.6226806640625,6900,0.0,0.0
2019-02-21 00:00:00+09:00,1101.6225816502786,1101.6225816502786,1091.9166558207608,1099.681396484375,1900,0.0,0.0
2019-02-22 00:00:00+09:00,1099.6815302009718,1100.6521229019434,1091.916788593198,1098.7109375,2900,0.0,0.0
2019-02-25 00:00:00+09:00,1115.2109839826692,1115.2109839826692,1100.6520938523472,1111.32861328125,5000,0.0,0.0
2019-02-26 00:00:00+09:00,1095.7309016047298,1099.630299831081,1082.0830078125,1082.0830078125,3100,5.0,0.0
2019-02-27 00:00:00+09:00,1080.13330078125,1090.856645825107,1080.13330078125,1080.13330078125,4900,0.0,0.0
2019-02-28 00:00:00+09:00,1080.1334135314828,1082.0831128338862,1046.988525390625,1046.988525390625,5900,0.0,0.0
2019-03-01 00:00:00+09:00,1068.4351489192359,1091.831539041555,1054.7872546812166,1090.856689453125,5600,0.0,0.0
2019-03-04 00:00:00+09:00,1081.1082686481975,1091.831614865628,1056.7370272449468,1079.1585693359375,3200,0.0,0.0
2019-03-05 00:00:00+09:00,1071.3597644098204,1079.1585616029765,1067.4603658132423,1077.2088623046875,3700,0.0,0.0
2019-03-06 00:00:00+09:00,1077.208931116092,1085.9825785188473,1060.636486021998,1063.56103515625,3300,0.0,0.0
2019-03-07 00:00:00+09:00,1063.5609325770913,1075.259127985822,1059.6615341075146,1068.4351806640625,3100,0.0,0.0
2019-03-08 00:00:00+09:00,1068.4351571459288,1081.1082018930977,1058.6866611865682,1062.5860595703125,4500,0.0,0.0
2019-03-11 00:00:00+09:00,1062.5860751917419,1087.932165058701,1059.661526360939,1066.4854736328125,2000,0.0,0.0
2019-03-12 00:00:00+09:00,1064.5358015263114,1084.0327942282584,1063.560951891214,1073.3094482421875,2900,0.0,0.0
2019-03-13 00:00:00+09:00,1064.5357001582279,1079.1584432922693,1064.5357001582279,1078.18359375,1200,0.0,0.0
2019-03-14 00:00:00+09:00,1079.158467025208,1086.9572635348752,1079.158467025208,1084.03271484375,1300,0.0,0.0
2019-03-15 00:00:00+09:00,1071.3597873581302,1088.9070814185911,1067.460388678028,1083.0579833984375,3200,0.0,0.0
2019-03-18 00:00:00+09:00,1084.0327942282584,1094.7561402143292,1073.3094482421875,1073.3094482421875,4600,0.0,0.0
2019-03-19 00:00:00+09:00,1091.831527217742,1091.831527217742,1087.93212890625,1087.93212890625,4200,0.0,0.0
2019-03-20 00:00:00+09:00,1091.8314873417721,1091.8314873417721,1072.3344964963833,1078.18359375,5700,0.0,0.0
2019-03-22 00:00:00+09:00,1074.2841955809222,1090.8566377995028,1073.3093460386528,1078.18359375,3500,0.0,0.0
2019-03-25 00:00:00+09:00,1074.2843665550254,1092.806510805974,1059.66162109375,1059.66162109375,3200,0.0,0.0
2019-03-26 00:00:00+09:00,1105.479460965253,1105.479460965253,1087.9321679340585,1097.6806640625,1000,0.0,0.0
2019-03-27 00:00:00+09:00,1097.6806640625,1097.6806640625,1097.6806640625,1097.6806640625,0,0.0,0.0
2019-03-28 00:00:00+09:00,1095.7309764933016,1106.454322348663,1095.7309764933016,1100.605224609375,3200,0.0,0.0
2019-03-29 00:00:00+09:00,1080.1334845776828,1095.731080022848,1033.3406982421875,1033.3406982421875,5700,0.0,0.0
2019-04-01 00:00:00+09:00,1057.7118271404038,1072.3345712944185,1057.7118271404038,1066.4854736328125,3100,0.0,0.0
2019-04-02 00:00:00+09:00,1071.3598328475882,1078.183780827509,1063.56103515625,1063.56103515625,4300,0.0,0.0
2019-04-03 00:00:00+09:00,1056.7370082626758,1083.0579485053809,1056.7370082626758,1074.2843017578125,2100,0.0,0.0
2019-04-04 00:00:00+09:00,1074.2843017578125,1082.0830988667622,1073.3094521191938,1074.2843017578125,3000,0.0,0.0
2019-04-05 00:00:00+09:00,1068.4351650140225,1090.856705885667,1064.5357666015625,1064.5357666015625,3300,0.0,0.0
2019-04-08 00:00:00+09:00,1091.8315833996814,1091.8315833996814,1069.4100419548668,1071.3597412109375,2600,0.0,0.0
2019-04-09 00:00:00+09:00,1051.8627384096244,1051.8627384096244,1038.21484375,1038.21484375,8100,0.0,0.0
2019-04-10 00:00:00+09:00,1033.340548581434,1041.1393451745014,1025.5417519883665,1026.5166015625,6400,0.0,0.0
2019-04-11 00:00:00+09:00,1027.4914432311489,1030.4159919310478,1024.56689453125,1024.56689453125,5400,0.0,0.0
2019-04-12 00:00:00+09:00,1024.5669264737735,1026.5166256678244,1002.1453857421875,1002.1453857421875,5900,0.0,0.0
2019-04-15 00:00:00+09:00,1004.0951005802598,1015.793295926826,1002.1454013558321,1006.0447998046875,4900,0.0,0.0
2019-04-16 00:00:00+09:00,1009.944208716036,1024.5669530507275,991.4220658920932,993.3717651367188,7100,0.0,0.0
2019-04-17 00:00:00+09:00,994.3466225380295,1008.9693669871182,994.3466225380295,995.3214721679688,4700,0.0,0.0
2019-04-18 00:00:00+09:00,996.2963363904546,1001.170584611543,975.8244938618836,983.623291015625,7000,0.0,0.0
2019-04-19 00:00:00+09:00,1007.9945671401339,1007.9945671401339,974.8496780852358,976.7993774414062,8900,0.0,0.0
2019-04-22 00:00:00+09:00,975.8244511483905,981.6735487576716,972.89990234375,972.89990234375,9500,0.0,0.0
2019-04-23 00:00:00+09:00,973.8747519452968,988.4974959684995,969.9753535391094,972.89990234375,6300,0.0,0.0
2019-04-24 00:00:00+09:00,973.8747243255708,979.7238217689676,966.075927734375,966.075927734375,5700,0.0,0.0
2019-04-25 00:00:00+09:00,990.4471670818617,990.4471670818617,965.1010781604756,966.075927734375,6700,0.0,0.0
2019-04-26 00:00:00+09:00,967.0507930276382,972.8998905661118,967.0507930276382,969.975341796875,4100,0.0,0.0
2019-05-07 00:00:00+09:00,965.101184471751,967.0508838343203,946.5790405273438,946.5790405273438,16500,0.0,0.0
2019-05-08 00:00:00+09:00,951.4532850757088,951.4532850757088,945.6041870117188,945.6041870117188,9100,0.0,0.0
2019-05-09 00:00:00+09:00,945.6041006096304,949.5034989626599,924.1574096679688,924.1574096679688,11500,0.0,0.0
2019-05-10 00:00:00+09:00,926.1071427088868,935.8556389479277,917.33349609375,917.33349609375,7600,0.0,0.0
2019-05-13 00:00:00+09:00,945.604131171044,945.604131171044,916.358642578125,916.358642578125,7900,0.0,0.0
2019-05-14 00:00:00+09:00,906.610172324995,923.1826163352368,906.610172324995,907.5850219726562,4300,0.0,0.0
2019-05-15 00:00:00+09:00,907.5850445709063,914.408992274447,897.8365478515625,897.8365478515625,9500,0.0,0.0
2019-05-16 00:00:00+09:00,897.8365246381916,899.7862239316513,891.9874267578125,891.9874267578125,6900,0.0,0.0
2019-05-17 00:00:00+09:00,906.6101793062466,906.6101793062466,892.9622841338944,893.9371337890625,5900,0.0,0.0
2019-05-20 00:00:00+09:00,922.207749736296,926.1071482552655,888.0880126953125,888.0880126953125,10400,0.0,0.0
2019-05-21 00:00:00+09:00,889.0629042063329,896.8617016116515,883.2138061523438,883.2138061523438,5800,0.0,0.0
2019-05-22 00:00:00+09:00,885.1634939200062,890.0377422345438,880.2892456054688,880.2892456054688,4900,0.0,0.0
2019-05-23 00:00:00+09:00,886.1383390060665,889.062887979684,863.716796875,863.716796875,11200,0.0,0.0
2019-05-24 00:00:00+09:00,863.7167930128885,869.565890933969,857.867695091808,862.741943359375,7100,0.0,0.0
2019-05-27 00:00:00+09:00,863.7168045731278,873.4653012387387,863.7168045731278,865.66650390625,4400,0.0,0.0
2019-05-28 00:00:00+09:00,877.3646240234375,884.1885710991753,875.4149248589409,877.3646240234375,4000,0.0,0.0
2019-05-29 00:00:00+09:00,879.3143997867551,893.9371447942954,879.3143997867551,881.2640991210938,3600,0.0,0.0
2019-05-30 00:00:00+09:00,887.1131641836486,903.6856079101562,887.1131641836486,903.6856079101562,3800,0.0,0.0
2019-05-31 00:00:00+09:00,906.6101308969351,912.459228515625,906.6101308969351,912.459228515625,3300,0.0,0.0
2019-06-03 00:00:00+09:00,916.358638678115,925.1322852186502,915.3837890625,915.3837890625,7600,0.0,0.0
2019-06-04 00:00:00+09:00,928.0568809148265,929.031730579653,924.1574822555204,927.08203125,3000,0.0,0.0
2019-06-05 00:00:00+09:00,930.9814380689056,949.5035818629467,922.2077910085704,944.6293334960938,7300,0.0,0.0
2019-06-06 00:00:00+09:00,951.4532812096878,954.3778302297995,944.6293334960938,944.6293334960938,3200,0.0,0.0
2019-06-07 00:00:00+09:00,945.6041793192713,946.5790289886727,936.8305322946595,943.6544799804688,4900,0.0,0.0
2019-06-10 00:00:00+09:00,945.6041908460592,946.5790405273438,941.7047921209207,946.5790405273438,3400,0.0,0.0
2019-06-11 00:00:00+09:00,946.578998878354,954.3777959854876,945.6041492399622,951.4532470703125,4800,0.0,0.0
2019-06-12 00:00:00+09:00,951.4532470703125,955.3526456238794,951.4532470703125,951.4532470703125,2900,0.0,0.0
2019-06-13 00:00:00+09:00,955.3526721153535,955.3526721153535,942.6796264648438,942.6796264648438,4700,0.0,0.0
2019-06-14 00:00:00+09:00,957.3023831396988,957.3023831396988,945.6041870117188,945.6041870117188,5900,0.0,0.0
2019-06-17 00:00:00+09:00,945.6041376441258,954.3777842820609,945.6041376441258,948.5286865234375,3400,0.0,0.0
2019-06-18 00:00:00+09:00,948.5286723335382,961.2017172876348,948.5286723335382,960.2268676757812,3800,0.0,0.0
2019-06-19 00:00:00+09:00,960.2269253540039,974.8496704101562,960.2269253540039,974.8496704101562,6200,0.0,0.0
2019-06-20 00:00:00+09:00,984.59814453125,985.5729941793007,977.7741969948949,984.59814453125,7200,0.0,0.0
2019-06-21 00:00:00+09:00,984.5981787304104,984.5981787304104,977.7742309570312,977.7742309570312,900,0.0,0.0
2019-06-24 00:00:00+09:00,979.7239456252521,991.4221419909268,979.7239456252521,981.6736450195312,2600,0.0,0.0
2019-06-25 00:00:00+09:00,986.5478515625,986.5478515625,982.6484529397233,986.5478515625,1500,0.0,0.0
2019-06-26 00:00:00+09:00,986.5478742222587,986.5478742222587,976.7993774414062,976.7993774414062,4600,0.0,0.0
2019-06-27 00:00:00+09:00,976.7993740205567,991.422119140625,976.7993740205567,991.422119140625,3700,0.0,0.0
2019-06-28 00:00:00+09:00,992.3968975178245,1008.9693407966095,992.3968975178245,1004.0950927734375,5800,0.0,0.0
2019-07-01 00:00:00+09:00,1020.667652173974,1021.6425018895175,1014.8185538807135,1017.7431030273438,6000,0.0,0.0
2019-07-02 00:00:00+09:00,1015.7933183584194,1021.6424161608671,996.2963256835938,996.2963256835938,8100,0.0,0.0
2019-07-03 00:00:00+09:00,1000.1957428250186,1000.1957428250186,981.67359943937,985.572998046875,7600,0.0,0.0
2019-07-04 00:00:00+09:00,983.6232766086978,996.296321797908,974.8496299392447,995.3214721679688,6500,0.0,0.0
2019-07-05 00:00:00+09:00,984.5981483949988,999.2208931731423,984.5981483949988,985.572998046875,6200,0.0,0.0
2019-07-08 00:00:00+09:00,985.5730284123217,988.4975774580555,977.7742309570312,977.7742309570312,6400,0.0,0.0
2019-07-09 00:00:00+09:00,976.7993736000327,988.4975696910511,973.8748245772781,975.8245239257812,5300,0.0,0.0
2019-07-10 00:00:00+09:00,972.899970062508,977.7742184095146,943.6544799804688,943.6544799804688,13200,0.0,0.0
2019-07-11 00:00:00+09:00,940.7299265575709,941.7047762223974,909.534737283123,927.08203125,14700,0.0,0.0
2019-07-12 00:00:00+09:00,926.1071009565358,930.0064992763528,922.2077026367188,922.2077026367188,5000,0.0,0.0
2019-07-16 00:00:00+09:00,922.2077415817453,933.9059370352135,916.3586438550111,931.9562377929688,10700,0.0,0.0
2019-07-17 00:00:00+09:00,931.9562990792986,949.5035934134276,929.0317500236104,947.5538940429688,5800,0.0,0.0
2019-07-18 00:00:00+09:00,954.3777881912138,956.3274874520743,946.5789911477717,949.5035400390625,7100,0.0,0.0
2019-07-19 00:00:00+09:00,946.5790443577393,951.4532927838864,946.5790443577393,947.5538940429688,7400,0.0,0.0
2019-07-22 00:00:00+09:00,947.5538368970002,955.3526339084982,944.6292880176885,948.5286865234375,7100,0.0,0.0
2019-07-23 00:00:00+09:00,948.5286876960037,964.1262817382812,947.5538380683613,964.1262817382812,3800,0.0,0.0
2019-07-24 00:00:00+09:00,964.1263240356445,974.8496704101562,963.1514743652343,974.8496704101562,4400,0.0,0.0
2019-07-25 00:00:00+09:00,977.7741673437692,992.3969116210938,977.7741673437692,992.3969116210938,3200,0.0,0.0
2019-07-26 00:00:00+09:00,994.3466604448892,994.3466604448892,987.5227127751693,989.472412109375,5400,0.0,0.0
2019-07-29 00:00:00+09:00,989.472412109375,989.472412109375,985.5730134409637,989.472412109375,5300,0.0,0.0
2019-07-30 00:00:00+09:00,989.472370521695,994.3466186523438,989.472370521695,994.3466186523438,6000,0.0,0.0
2019-07-31 00:00:00+09:00,984.5981522511116,991.4220998409708,982.6484529397233,986.5478515625,4500,0.0,0.0
2019-08-01 00:00:00+09:00,986.5478438273515,986.5478438273515,979.7238962909963,984.59814453125,5300,0.0,0.0
2019-08-02 00:00:00+09:00,974.8496197639628,977.7741686232547,962.1765747070312,962.1765747070312,11100,0.0,0.0
2019-08-05 00:00:00+09:00,962.1766393214097,962.1766393214097,947.5538940429688,947.5538940429688,10200,0.0,0.0
2019-08-06 00:00:00+09:00,942.6796418022053,946.5790405273438,935.8556940332131,946.5790405273438,8000,0.0,0.0
2019-08-07 00:00:00+09:00,961.2017473671796,961.2017473671796,952.4281005859375,952.4281005859375,4500,0.0,0.0
2019-08-08 00:00:00+09:00,951.4531918743706,969.975333929302,951.4531918743706,968.025634765625,10300,0.0,0.0
2019-08-09 00:00:00+09:00,968.025658226586,973.874755859375,968.025658226586,973.874755859375,10800,0.0,0.0
2019-08-13 00:00:00+09:00,961.2016876927555,973.874732256656,961.2016876927555,968.025634765625,12200,0.0,0.0
2019-08-14 00:00:00+09:00,973.874820739746,974.8496704101562,969.0005723876953,974.8496704101562,3700,0.0,0.0
2019-08-15 00:00:00+09:00,973.8748245772781,981.6736219712903,971.9251252287751,975.8245239257812,5600,0.0,0.0
2019-08-16 00:00:00+09:00,981.6736335298455,983.6233329013049,978.7490844726562,978.7490844726562,5200,0.0,0.0
2019-08-19 00:00:00+09:00,980.6987953223917,983.6233444138104,978.7490959281126,981.6736450195312,15300,0.0,0.0
2019-08-20 00:00:00+09:00,990.4472501852766,991.4220998409708,980.698753628335,986.5478515625,10500,0.0,0.0
2019-08-21 00:00:00+09:00,990.4472768218782,990.4472768218782,977.7742309570312,977.7742309570312,4800,0.0,0.0
2019-08-22 00:00:00+09:00,977.774146413851,977.774146413851,969.9753496328831,971.925048828125,14800,0.0,0.0
2019-08-23 00:00:00+09:00,969.000591403335,984.5981864359842,969.000591403335,979.7239379882812,21300,0.0,0.0
2019-08-26 00:00:00+09:00,973.8748360440076,984.5981825870347,973.8748360440076,978.7490844726562,16000,0.0,0.0
2019-08-27 00:00:00+09:00,974.8495857960262,978.7489841392103,969.00048828125,969.00048828125,42400,0.0,0.0
2019-08-28 00:00:00+09:00,972.8999863582778,978.7490844726562,969.9754373010886,978.7490844726562,31900,0.0,0.0
2019-08-29 00:00:00+09:00,973.874748023367,979.7238456090929,969.0005000352621,971.925048828125,26200,0.0,0.0
2019-08-30 00:00:00+09:00,972.89990234375,973.8747519452968,970.9502031406563,972.89990234375,4200,0.0,0.0
2019-09-02 00:00:00+09:00,969.0005000352621,973.874748023367,966.0759512423991,971.925048828125,12200,0.0,0.0
2019-09-03 00:00:00+09:00,975.8244511483905,975.8244511483905,968.0256543360157,972.89990234375,4500,0.0,0.0
2019-09-04 00:00:00+09:00,966.0759574758195,967.0508070797305,958.2771606445312,958.2771606445312,2700,0.0,0.0
2019-09-05 00:00:00+09:00,959.2520832358721,976.7993774414062,959.2520832358721,976.7993774414062,4200,0.0,0.0
2019-09-06 00:00:00+09:00,976.7993046757695,977.7741542812344,972.8999062539101,973.874755859375,4100,0.0,0.0
2019-09-09 00:00:00+09:00,971.925048828125,973.874748023367,966.0759512423991,971.925048828125,3300,0.0,0.0
2019-09-10 00:00:00+09:00,971.9250826748935,971.9250826748935,963.151435990767,965.1011352539062,8000,0.0,0.0
2019-09-11 00:00:00+09:00,965.1011515702352,984.59814453125,964.1263019221844,984.59814453125,8900,0.0,0.0
2019-09-12 00:00:00+09:00,982.6484793665878,984.5981787304104,973.8748322293861,977.7742309570312,6400,0.0,0.0
2019-09-13 00:00:00+09:00,978.7490466429456,984.59814453125,975.8244976987934,984.59814453125,9200,0.0,0.0
2019-09-17 00:00:00+09:00,984.5981599405202,988.49755859375,977.7742122973681,988.49755859375,4500,0.0,0.0
2019-09-18 00:00:00+09:00,989.4724159541092,990.447265625,985.5730172705463,990.447265625,8800,0.0,0.0
2019-09-19 00:00:00+09:00,990.4472317364674,999.2208784742904,990.4472317364674,997.2711791992188,9300,0.0,0.0
2019-09-20 00:00:00+09:00,1007.994491191975,1007.994491191975,996.2962959363622,1004.0950927734375,6200,0.0,0.0
2019-09-24 00:00:00+09:00,1005.0699841010861,1005.0699841010861,996.29633729516,999.2208862304688,3100,0.0,0.0
2019-09-25 00:00:00+09:00,995.3214463317278,1004.0950927734375,980.6987022622117,1004.0950927734375,7200,0.0,0.0
2019-09-26 00:00:00+09:00,1004.0951096307664,1023.5921020507812,999.2208615257626,1023.5921020507812,8500,0.0,0.0
2019-09-27 00:00:00+09:00,1023.5921360502307,1023.5921360502307,1007.994541596132,1016.7681884765625,5800,0.0,0.0
2019-09-30 00:00:00+09:00,1007.0196098381527,1014.8184064293486,960.2268302909782,966.075927734375,6000,0.0,0.0
2019-10-01 00:00:00+09:00,1009.9443050744399,1035.290397672833,1009.9443050744399,1033.3406982421875,14800,0.0,0.0
2019-10-02 00:00:00+09:00,1022.6173592270218,1024.5670586726405,1005.0700642164533,1019.6928100585938,5100,0.0,0.0
2019-10-03 00:00:00+09:00,1019.692702273105,1021.642401512633,1002.1454091173538,1007.9945068359375,1900,0.0,0.0
2019-10-04 00:00:00+09:00,999.2208615257626,1023.5921020507812,993.3717637997581,1023.5921020507812,1700,0.0,0.0
2019-10-07 00:00:00+09:00,1015.7932934546994,1022.617240723589,1005.0699477464445,1020.6675415039062,2400,0.0,0.0
2019-10-08 00:00:00+09:00,1019.6926996832922,1024.5669477697325,1019.6926996832922,1022.6172485351562,4600,0.0,0.0
2019-10-09 00:00:00+09:00,994.3467024146023,1015.7933959960938,994.3467024146023,1015.7933959960938,6100,0.0,0.0
2019-10-10 00:00:00+09:00,1011.8939895629883,1019.6927871704102,1007.0197410583496,1013.8436889648438,1300,0.0,0.0
2019-10-11 00:00:00+09:00,1006.0447998046875,1010.9190478657567,999.2208525191905,1006.0447998046875,4800,0.0,0.0
2019-10-15 00:00:00+09:00,1006.0448141659008,1006.0448141659008,986.5478216433057,994.3466186523438,4400,0.0,0.0
2019-10-16 00:00:00+09:00,997.2711869402629,1011.8939316168063,997.2711869402629,999.2208862304688,3300,0.0,0.0
2019-10-17 00:00:00+09:00,1012.8687230221145,1030.416015625,1011.8938734330653,1030.416015625,5000,0.0,0.0
2019-10-18 00:00:00+09:00,1030.4160116947057,1030.4160116947057,1013.8435687440814,1029.441162109375,6300,0.0,0.0
2019-10-21 00:00:00+09:00,1018.7179678997011,1025.541916010034,1018.7179678997011,1021.6425170898438,1300,0.0,0.0
2019-10-23 00:00:00+09:00,1022.617232882121,1023.5920824844872,1017.7429848702901,1018.7178344726562,1300,0.0,0.0
2019-10-24 00:00:00+09:00,1018.7178539457775,1028.466350155785,1018.7178539457775,1023.5921020507812,4500,0.0,0.0
2019-10-25 00:00:00+09:00,1026.5166509137835,1026.5166509137835,1021.6424028087797,1023.5921020507812,1500,0.0,0.0
2019-10-28 00:00:00+09:00,1023.5922089498312,1024.5670586726405,1001.1706653252159,1019.6928100585938,6500,0.0,0.0
2019-10-29 00:00:00+09:00,1023.5920903334304,1023.5920903334304,1010.9190454054926,1020.6675415039062,2700,0.0,0.0
2019-10-30 00:00:00+09:00,1016.768150831428,1022.6172485351562,1016.768150831428,1022.6172485351562,6600,0.0,0.0
2019-10-31 00:00:00+09:00,1019.6928176297486,1027.491615470129,1019.6928176297486,1021.6425170898438,3700,0.0,0.0
2019-11-01 00:00:00+09:00,1020.6675336773886,1020.6675336773886,1018.7178344726562,1018.7178344726562,3500,0.0,0.0
2019-11-05 00:00:00+09:00,1020.6675336773886,1020.6675336773886,1017.7429848702901,1018.7178344726562,3100,0.0,0.0
2019-11-06 00:00:00+09:00,1017.7430004487161,1022.6172485351562,1012.8687523622758,1022.6172485351562,4800,0.0,0.0
2019-11-07 00:00:00+09:00,1022.6172485351562,1023.5920981524444,1018.7178500660041,1022.6172485351562,4600,0.0,0.0
2019-11-08 00:00:00+09:00,1018.7179374694824,1022.6173362731934,1007.0197410583496,1013.8436889648438,5800,0.0,0.0
2019-11-11 00:00:00+09:00,1013.8436965795945,1022.6173439538411,1007.9945983300969,1015.7933959960938,2100,0.0,0.0
2019-11-12 00:00:00+09:00,1014.8184027726206,1025.541748046875,1014.8184027726206,1025.541748046875,3600,0.0,0.0
2019-11-13 00:00:00+09:00,1024.5670586726405,1026.5167581182593,1013.8437117217375,1019.6928100585938,4900,0.0,0.0
2019-11-14 00:00:00+09:00,1016.7682457043434,1019.6927948290922,1014.8185462878441,1015.7933959960938,1500,0.0,0.0
2019-11-15 00:00:00+09:00,1020.6675336773886,1020.6675336773886,1016.7681352679239,1018.7178344726562,1800,0.0,0.0
2019-11-18 00:00:00+09:00,1020.6675531877789,1023.5921020507812,1020.6675531877789,1023.5921020507812,1900,0.0,0.0
2019-11-19 00:00:00+09:00,1022.6172485351562,1022.6172485351562,1018.7178500660041,1022.6172485351562,3700,0.0,0.0
2019-11-20 00:00:00+09:00,1024.5669258845314,1041.1393690244333,1024.5669258845314,1032.36572265625,5900,0.0,0.0
2019-11-21 00:00:00+09:00,1031.3908494331672,1031.3908494331672,1018.7178049694326,1026.5166015625,2600,0.0,0.0
2019-11-22 00:00:00+09:00,1026.5166211768224,1035.290267511667,1020.6675236202593,1031.390869140625,4500,0.0,0.0
2019-11-25 00:00:00+09:00,1031.390869140625,1037.239966697188,1028.4663203623434,1031.390869140625,1500,0.0,0.0
2019-11-26 00:00:00+09:00,1036.265147123791,1040.1645456077938,1023.5921020507812,1023.5921020507812,5700,0.0,0.0
2019-11-27 00:00:00+09:00,1023.592056766633,1029.441154233871,1023.592056766633,1027.491455078125,3800,0.0,0.0
2019-11-28 00:00:00+09:00,1023.5922013206043,1023.5922013206043,1013.84370416517,1017.7431030273438,4700,0.0,0.0
2019-11-29 00:00:00+09:00,1008.9693603515625,1013.8436084692029,1008.9693603515625,1008.9693603515625,1900,0.0,0.0
2019-12-02 00:00:00+09:00,1008.9693719941068,1016.7681690723222,1007.019672724553,1011.8939208984375,3800,0.0,0.0
2019-12-03 00:00:00+09:00,1011.8939053149934,1019.692702273105,1007.0196572161735,1007.9945068359375,3400,0.0,0.0
2019-12-04 00:00:00+09:00,1004.0951383415951,1004.0951383415951,999.2208900972183,1000.1957397460938,4100,0.0,0.0
2019-12-05 00:00:00+09:00,1004.0951492897027,1004.0951492897027,987.522705078125,987.522705078125,4900,0.0,0.0
2019-12-06 00:00:00+09:00,982.6484413714073,987.5226895924956,979.7238924387543,983.623291015625,2600,0.0,0.0
2019-12-09 00:00:00+09:00,974.8496518762364,989.47239665438,974.8496518762364,985.572998046875,5200,0.0,0.0
2019-12-10 00:00:00+09:00,987.5226789799221,1001.1705738523001,987.5226789799221,996.2963256835938,4200,0.0,0.0
2019-12-11 00:00:00+09:00,996.2963256835938,998.2460249510763,996.2963256835938,996.2963256835938,1900,0.0,0.0
2019-12-12 00:00:00+09:00,996.296303682549,1006.0447998046875,996.296303682549,1006.0447998046875,3100,0.0,0.0
2019-12-13 00:00:00+09:00,1016.7681640266321,1021.6424121763283,995.3214721679688,995.3214721679688,11400,0.0,0.0
2019-12-16 00:00:00+09:00,994.3466225380295,1008.9693669871182,994.3466225380295,995.3214721679688,3400,0.0,0.0
2019-12-17 00:00:00+09:00,1005.0699657307628,1014.8184620036121,1005.0699657307628,1009.9442138671875,3900,0.0,0.0
2019-12-18 00:00:00+09:00,1009.9441825183914,1009.9441825183914,996.2962881600347,1002.1453857421875,3300,0.0,0.0
2019-12-19 00:00:00+09:00,1001.1705517436183,1008.969348641329,997.2711532947629,1006.0447998046875,5100,0.0,0.0
2019-12-20 00:00:00+09:00,1010.9191398620605,1013.8436889648438,1007.9945907592773,1013.8436889648438,6200,0.0,0.0
2019-12-23 00:00:00+09:00,1015.7934035962569,1023.5922013206043,1015.7934035962569,1017.7431030273438,2800,0.0,0.0
2019-12-24 00:00:00+09:00,1013.8435864608253,1022.617232882121,1013.8435864608253,1018.7178344726562,2000,0.0,0.0
2019-12-25 00:00:00+09:00,1018.7178029250731,1018.7178029250731,1005.0699089145936,1010.9190063476562,3000,0.0,0.0
2019-12-26 00:00:00+09:00,1006.0448075964096,1008.9693564557015,1003.1202587371178,1007.9945068359375,3400,0.0,0.0
2019-12-27 00:00:00+09:00,1031.390913593976,1031.390913593976,1009.9442216288837,1011.8939208984375,6100,0.0,0.0
2019-12-30 00:00:00+09:00,1016.7681136144846,1028.46630859375,1016.7681136144846,1028.46630859375,3900,0.0,0.0
2020-01-06 00:00:00+09:00,1021.6423576108871,1037.2399508568549,1020.6675080330141,1027.491455078125,4500,0.0,0.0
2020-01-07 00:00:00+09:00,1027.491474673926,1037.239970638574,1027.491474673926,1032.36572265625,3000,0.0,0.0
2020-01-08 00:00:00+09:00,1030.416015625,1036.2651131592952,1029.4411660359508,1030.416015625,3800,0.0,0.0
2020-01-09 00:00:00+09:00,1041.1393913770244,1071.3597295162451,1040.16454175963,1068.4351806640625,12000,0.0,0.0
2020-01-10 00:00:00+09:00,981.6736708690286,1023.5922089498312,981.6736708690286,1019.6928100585938,15600,0.0,0.0
2020-01-14 00:00:00+09:00,1022.617232882121,1023.5920824844872,1018.7178344726562,1018.7178344726562,2700,0.0,0.0
2020-01-15 00:00:00+09:00,1018.7178877833248,1021.6424367434684,1014.8184891698002,1016.7681884765625,2400,0.0,0.0
2020-01-16 00:00:00+09:00,1016.7681336694834,1018.7178328711507,1003.1202392578125,1003.1202392578125,4800,0.0,0.0
2020-01-17 00:00:00+09:00,1003.1202848108803,1004.0951344559832,999.2208862304688,999.2208862304688,2500,0.0,0.0
2020-01-20 00:00:00+09:00,1020.6675823724757,1020.6675823724757,999.2208900972183,1000.1957397460938,3600,0.0,0.0
2020-01-21 00:00:00+09:00,996.296321797908,1006.0448180973004,995.3214721679688,995.3214721679688,4200,0.0,0.0
2020-01-22 00:00:00+09:00,995.3214682784735,1013.8436111749387,994.3466186523438,994.3466186523438,2600,0.0,0.0
2020-01-23 00:00:00+09:00,995.3215369040639,1011.8939816909092,980.6987915039062,980.6987915039062,6400,0.0,0.0
2020-01-24 00:00:00+09:00,980.6987915039062,986.5478896639693,980.6987915039062,980.6987915039062,2300,0.0,0.0
2020-01-27 00:00:00+09:00,974.8496704101562,1005.0700101928711,974.8496704101562,974.8496704101562,12600,0.0,0.0
2020-01-28 00:00:00+09:00,974.8496819112974,987.5227277761443,974.8496819112974,977.7742309570312,6000,0.0,0.0
2020-01-29 00:00:00+09:00,979.7239303208539,983.623329048499,975.8245315932087,977.7742309570312,1600,0.0,0.0
2020-01-30 00:00:00+09:00,981.6736181030274,994.3466638183594,974.8496704101562,974.8496704101562,3900,0.0,0.0
2020-01-31 00:00:00+09:00,975.8244550703047,980.6987030976288,973.874755859375,973.874755859375,2800,0.0,0.0
2020-02-03 00:00:00+09:00,973.8747362102301,974.8495857960262,968.0256386954541,969.00048828125,5300,0.0,0.0
2020-02-04 00:00:00+09:00,969.0004961251256,973.8747440935617,969.0004961251256,970.9501953125,2700,0.0,0.0
2020-02-05 00:00:00+09:00,970.9501953125,976.7992928746235,970.9501953125,970.9501953125,3300,0.0,0.0
2020-02-06 00:00:00+09:00,969.0004922071294,972.8998905661118,969.0004922071294,969.975341796875,5700,0.0,0.0
2020-02-07 00:00:00+09:00,969.975341796875,972.8998905661118,969.0004922071294,969.975341796875,5600,0.0,0.0
2020-02-10 00:00:00+09:00,969.0005337801846,974.8496315696023,962.1765863591975,965.1011352539062,8400,0.0,0.0
2020-02-12 00:00:00+09:00,965.1011274700704,967.0508267174847,963.1514282226562,963.1514282226562,2900,0.0,0.0
2020-02-13 00:00:00+09:00,966.0759848854758,969.9753834117543,962.1765863591975,965.1011352539062,5800,0.0,0.0
2020-02-14 00:00:00+09:00,961.2017250872673,972.8999205244348,957.3023266082115,962.1765747070312,5100,0.0,0.0
2020-02-17 00:00:00+09:00,958.2771801041205,966.0759770937776,958.2771801041205,963.1514282226562,3500,0.0,0.0
2020-02-18 00:00:00+09:00,963.1514772901348,970.9502746770995,944.6293334960938,944.6293334960938,15400,0.0,0.0
2020-02-19 00:00:00+09:00,944.6293640454279,949.5036125699141,926.1072196523803,936.83056640625,16800,0.0,0.0
2020-02-20 00:00:00+09:00,940.7298910541899,947.5538384504379,918.308349609375,918.308349609375,13400,0.0,0.0
2020-02-21 00:00:00+09:00,918.308337909345,932.9310821435703,910.5095409844249,915.3837890625,11900,0.0,0.0
2020-02-25 00:00:00+09:00,911.4844587996199,914.4090078652872,899.7862625369511,901.7359619140625,11500,0.0,0.0
2020-02-26 00:00:00+09:00,930.9813881718464,945.6041324886817,916.3586438550111,931.9562377929688,10000,0.0,0.0
2020-02-27 00:00:00+09:00,946.6559304630056,952.5357809627758,932.936279296875,932.936279296875,8900,5.0,0.0
2020-02-28 00:00:00+09:00,930.9762638173204,942.735963991855,921.176513671875,921.176513671875,8100,0.0,0.0
2020-03-02 00:00:00+09:00,926.0763887445977,932.9362138464095,918.2365886282413,921.176513671875,5500,0.0,0.0
2020-03-03 00:00:00+09:00,945.6759238829587,954.4956993388619,916.2766723632812,916.2766723632812,6400,0.0,0.0
2020-03-04 00:00:00+09:00,913.3367255156585,928.0363509263183,912.3567504882812,912.3567504882812,2700,0.0,0.0
2020-03-05 00:00:00+09:00,913.3367243481289,930.9762748183717,913.3367243481289,923.136474609375,2500,0.0,0.0
2020-03-06 00:00:00+09:00,914.316705990247,927.056381422051,911.3767808905999,913.3367309570312,5500,0.0,0.0
2020-03-09 00:00:00+09:00,907.4568916037595,919.216592142901,865.3179646718355,871.1978149414062,7900,0.0,0.0
2020-03-10 00:00:00+09:00,862.3780179643362,867.2778930664062,818.2791420457054,867.2778930664062,12400,0.0,0.0
2020-03-11 00:00:00+09:00,846.6984755655453,872.1778278395085,844.738525390625,844.738525390625,5900,0.0,0.0
2020-03-12 00:00:00+09:00,874.1377474192522,874.1377474192522,817.2991943359375,817.2991943359375,17000,0.0,0.0
2020-03-13 00:00:00+09:00,783.9800555889423,810.4393824650691,764.3805541992188,764.3805541992188,14600,0.0,0.0
2020-03-16 00:00:00+09:00,764.3805105575008,779.0801357605296,754.5807604221482,756.5407104492188,10500,0.0,0.0
2020-03-17 00:00:00+09:00,744.7809866573034,803.5794856039325,736.9411867977528,784.9599609375,7600,0.0,0.0
2020-03-18 00:00:00+09:00,843.7584848920037,843.7584848920037,799.6596093750001,832.978759765625,8300,0.0,0.0
2020-03-19 00:00:00+09:00,891.7772629681756,892.7572379824263,843.7584872698892,866.2979125976562,10500,0.0,0.0
2020-03-23 00:00:00+09:00,866.2979580238217,896.6771850585938,856.4982073674436,896.6771850585938,9200,0.0,0.0
2020-03-24 00:00:00+09:00,896.6771493054943,911.376774703945,857.478148242959,868.2578735351562,7200,0.0,0.0
2020-03-25 00:00:00+09:00,905.4969323199729,946.6558837890625,869.2378560257748,946.6558837890625,11000,0.0,0.0
2020-03-26 00:00:00+09:00,931.9562582643877,946.6558837890625,904.5169572849945,946.6558837890625,6600,0.0,0.0
2020-03-27 00:00:00+09:00,956.4556144499875,976.0551147460938,939.7960391982971,976.0551147460938,14800,0.0,0.0
2020-03-30 00:00:00+09:00,960.375581629136,960.375581629136,915.2967277975644,932.936279296875,8900,0.0,0.0
2020-03-31 00:00:00+09:00,932.936284676679,933.916259765625,916.2767081645953,933.916259765625,4500,0.0,0.0
2020-04-01 00:00:00+09:00,948.6158037089725,979.9750038315832,936.8561036629935,974.0951538085938,24700,0.0,0.0
2020-04-02 00:00:00+09:00,975.0751554541118,977.0351055153261,930.9762790767901,934.8961791992188,6400,0.0,0.0
2020-04-03 00:00:00+09:00,949.5958502255028,953.5157505360312,924.1164982070682,931.956298828125,4000,0.0,0.0
2020-04-06 00:00:00+09:00,918.2366143390225,947.6358655985429,917.2566392970384,936.8561401367188,5500,0.0,0.0
2020-04-07 00:00:00+09:00,945.6758839976249,975.0751342773438,937.8360839230331,975.0751342773438,6900,0.0,0.0
2020-04-08 00:00:00+09:00,975.0751883283776,987.8148641557835,958.4156122463853,984.8749389648438,9500,0.0,0.0
2020-04-09 00:00:00+09:00,914.3166794490717,972.1352047304171,913.3367044443031,963.3154296875,10500,0.0,0.0
2020-04-10 00:00:00+09:00,953.5157308362194,953.5157308362194,928.0363793441929,950.5758056640625,3200,0.0,0.0
2020-04-13 00:00:00+09:00,950.5757350800657,982.9149095724803,923.1364355107441,927.0563354492188,5200,0.0,0.0
2020-04-14 00:00:00+09:00,941.756009885778,944.6959349946826,917.2566339782395,935.8761596679688,5200,0.0,0.0
2020-04-15 00:00:00+09:00,933.9162108857753,940.7760361493644,921.1765353962527,925.096435546875,3200,0.0,0.0
2020-04-16 00:00:00+09:00,922.1565289998791,950.5758056640625,922.1565289998791,950.5758056640625,3800,0.0,0.0
2020-04-17 00:00:00+09:00,936.8561375155771,962.3354885358751,936.8561375155771,958.4155883789062,4200,0.0,0.0
2020-04-20 00:00:00+09:00,963.315453848567,963.315453848567,936.8561280561852,945.6759033203125,6800,0.0,0.0
2020-04-21 00:00:00+09:00,942.7359663005727,955.4756415208508,940.7760162666839,954.4956665039062,2300,0.0,0.0
2020-04-22 00:00:00+09:00,960.3755355755071,979.9750363015379,932.9362345590641,935.8761596679688,10300,0.0,0.0
2020-04-23 00:00:00+09:00,935.8761530268378,945.6759033203125,930.9762778801004,945.6759033203125,2600,0.0,0.0
2020-04-24 00:00:00+09:00,944.6959174008632,944.6959174008632,930.9762671481536,943.7159423828125,4100,0.0,0.0
2020-04-27 00:00:00+09:00,936.8561280561852,945.6759033203125,933.9162029681428,945.6759033203125,4000,0.0,0.0
2020-04-28 00:00:00+09:00,945.6759009704281,967.2353515625,941.7560008627786,967.2353515625,4700,0.0,0.0
2020-04-30 00:00:00+09:00,968.2153374620829,974.0951876895854,962.3354872345803,969.1953125,4600,0.0,0.0
2020-05-01 00:00:00+09:00,969.1953125,978.0150878412538,966.2553873862487,969.1953125,6200,0.0,0.0
2020-05-07 00:00:00+09:00,970.1752667750177,976.0551168766845,946.6558663683506,954.4956665039062,5300,0.0,0.0
2020-05-08 00:00:00+09:00,954.495699014469,960.3755493164062,947.635873662209,960.3755493164062,5500,0.0,0.0
2020-05-11 00:00:00+09:00,958.4155992157605,960.3755493164062,950.5757988131776,960.3755493164062,3100,0.0,0.0
2020-05-12 00:00:00+09:00,960.3755438924444,962.3354939820209,951.5557684893506,959.3955688476562,2400,0.0,0.0
2020-05-13 00:00:00+09:00,951.5557457728511,966.25537109375,950.5757707514579,966.25537109375,4600,0.0,0.0
2020-05-14 00:00:00+09:00,966.2553819664093,970.1752820960905,959.3955567394673,968.21533203125,1900,0.0,0.0
2020-05-15 00:00:00+09:00,958.4155546636572,970.1752547208799,956.45560465412,963.3154296875,3900,0.0,0.0
2020-05-18 00:00:00+09:00,974.0951701540167,977.0350952148438,965.2753949715357,977.0350952148438,3000,0.0,0.0
2020-05-19 00:00:00+09:00,977.0351048837794,989.7747802734375,977.0351048837794,989.7747802734375,5200,0.0,0.0
2020-05-20 00:00:00+09:00,1009.3742851361836,1009.3742851361836,985.8548843174764,1001.5344848632812,7300,0.0,0.0
2020-05-21 00:00:00+09:00,1008.3943264696074,1008.3943264696074,996.6346258693787,1004.4744262695312,1700,0.0,0.0
2020-05-22 00:00:00+09:00,1004.4744262695312,1005.4544013195502,999.574551019436,1004.4744262695312,1500,0.0,0.0
2020-05-25 00:00:00+09:00,1008.3943250501478,1018.1940755365438,1007.4143500015082,1015.254150390625,2400,0.0,0.0
2020-05-26 00:00:00+09:00,1015.2541476215441,1040.7334988166795,1014.2741725755774,1036.8135986328125,5800,0.0,0.0
2020-05-27 00:00:00+09:00,1036.813582318202,1037.7935573487484,1016.2341066767253,1033.8736572265625,3400,0.0,0.0
2020-05-28 00:00:00+09:00,1043.6734425449722,1063.2729438134224,1038.7735672278598,1062.29296875,6000,0.0,0.0
2020-05-29 00:00:00+09:00,1067.1928082651436,1067.1928082651436,1015.2541316461788,1033.8736572265625,6500,0.0,0.0
2020-06-01 00:00:00+09:00,1024.0739584426733,1027.993858762071,1019.1740830434261,1021.134033203125,1800,0.0,0.0
2020-06-02 00:00:00+09:00,1041.7135317858956,1042.6935068863527,1009.3743534708115,1025.053955078125,5000,0.0,0.0
2020-06-03 00:00:00+09:00,1042.6934434499171,1042.6934434499171,1016.2341173473346,1035.8336181640625,3100,0.0,0.0
2020-06-04 00:00:00+09:00,1030.9337375525272,1042.693437980883,1022.1139622312603,1034.8536376953125,2100,0.0,0.0
2020-06-05 00:00:00+09:00,1034.8536701094633,1040.7335205078125,1027.9938446447225,1040.7335205078125,1500,0.0,0.0
2020-06-08 00:00:00+09:00,1040.7335420361603,1047.5933676428017,1037.7936167761711,1044.6534423828125,2600,0.0,0.0
2020-06-09 00:00:00+09:00,1048.5732748605947,1054.453125,1038.7735246282527,1054.453125,2100,0.0,0.0
2020-06-10 00:00:00+09:00,1062.292947048611,1063.272922092014,1040.7334960937499,1058.373046875,2700,0.0,0.0
2020-06-11 00:00:00+09:00,1058.3730846078656,1071.1127606262937,1058.3730846078656,1065.23291015625,3900,0.0,0.0
2020-06-12 00:00:00+09:00,1077.9726079141842,1077.9726079141842,1064.252956540731,1069.15283203125,7500,0.0,0.0
2020-06-15 00:00:00+09:00,1074.0526123046875,1081.8924123945028,1073.0726372934605,1074.0526123046875,3200,0.0,0.0
2020-06-16 00:00:00+09:00,1081.8924722645665,1087.7723226573087,1077.9725720027384,1084.8323974609375,2800,0.0,0.0
2020-06-17 00:00:00+09:00,1090.712236434273,1126.9713134765625,1090.712236434273,1126.9713134765625,8200,0.0,0.0
2020-06-18 00:00:00+09:00,1126.971371186429,1126.971371186429,1069.1528399690383,1115.211669921875,9000,0.0,0.0
2020-06-19 00:00:00+09:00,1115.211659176249,1117.1716093681227,1083.8524561062666,1113.251708984375,7800,0.0,0.0
2020-06-22 00:00:00+09:00,1125.9911995554094,1146.5706731765265,1117.171425146359,1145.5906982421875,11800,0.0,0.0
2020-06-23 00:00:00+09:00,1145.5907985179722,1145.5907985179722,1129.9111981960837,1141.6708984375,4500,0.0,0.0
2020-06-24 00:00:00+09:00,1134.8111087964928,1140.6909591011379,1072.0927055469458,1081.8924560546875,10100,0.0,0.0
2020-06-25 00:00:00+09:00,1059.353038164387,1076.0126141577216,1059.353038164387,1061.31298828125,2800,0.0,0.0
2020-06-26 00:00:00+09:00,1090.7121874955449,1090.7121874955449,1066.2128122148722,1074.0526123046875,4500,0.0,0.0
2020-06-29 00:00:00+09:00,1058.3730218349358,1085.812322401027,1031.9136962890625,1031.9136962890625,6200,0.0,0.0
2020-06-30 00:00:00+09:00,1072.0927248343894,1072.0927248343894,1035.8336473034274,1063.27294921875,4100,0.0,0.0
2020-07-01 00:00:00+09:00,1092.67212825035,1118.1514783261428,1085.812303229944,1116.1915283203125,9600,0.0,0.0
2020-07-02 00:00:00+09:00,1125.0112579954466,1132.851057702732,1118.151433251572,1129.9111328125,8000,0.0,0.0
2020-07-03 00:00:00+09:00,1144.6107960668103,1144.6107960668103,1127.9512211240572,1136.77099609375,6600,0.0,0.0
2020-07-06 00:00:00+09:00,1136.7709238331372,1146.5706731765265,1136.7709238331372,1145.5906982421875,11700,0.0,0.0
2020-07-07 00:00:00+09:00,1146.5707874458376,1174.9900633739824,1129.911211901753,1166.1702880859375,12900,0.0,0.0
2020-07-08 00:00:00+09:00,1094.6320875404524,1103.4518626414947,1055.4330870913764,1074.0526123046875,23200,0.0,0.0
2020-07-09 00:00:00+09:00,1095.612053259095,1095.612053259095,1049.5532281220849,1050.533203125,7400,0.0,0.0
2020-07-10 00:00:00+09:00,1048.5732605386982,1052.4931605780953,1029.9537353515625,1029.9537353515625,7900,0.0,0.0
2020-07-13 00:00:00+09:00,1076.9924887213908,1076.9924887213908,1040.7334149427818,1043.67333984375,7300,0.0,0.0
2020-07-14 00:00:00+09:00,1052.4931421582944,1052.4931421582944,1045.6333172094041,1048.5732421875,3100,0.0,0.0
2020-07-15 00:00:00+09:00,1049.5532281220849,1053.4731281337454,1046.6133031133395,1050.533203125,5300,0.0,0.0
2020-07-16 00:00:00+09:00,1050.5331866814781,1054.453086631782,1044.653336756022,1047.59326171875,3700,0.0,0.0
2020-07-17 00:00:00+09:00,1050.5332357374768,1056.4130859375,1047.5933106374653,1056.4130859375,7400,0.0,0.0
2020-07-20 00:00:00+09:00,1047.59326171875,1054.453086631782,1046.613286731174,1047.59326171875,7200,0.0,0.0
2020-07-21 00:00:00+09:00,1047.5932671948015,1048.5732421875,1044.6533422167056,1048.5732421875,3100,0.0,0.0
2020-07-22 00:00:00+09:00,1048.573225713156,1048.573225713156,1045.63330078125,1045.63330078125,7000,0.0,0.0
2020-07-27 00:00:00+09:00,1057.3930500697027,1057.3930500697027,1048.5732748605947,1054.453125,7500,0.0,0.0
2020-07-28 00:00:00+09:00,1054.453125,1054.453125,1048.5732748605947,1054.453125,3700,0.0,0.0
2020-07-29 00:00:00+09:00,1053.473067216217,1053.473067216217,1039.75341796875,1039.75341796875,3300,0.0,0.0
2020-07-30 00:00:00+09:00,1040.7335205078125,1047.5933459725532,1029.9537947775057,1040.7335205078125,5600,0.0,0.0
2020-07-31 00:00:00+09:00,1040.7334568602566,1040.7334568602566,1007.414306640625,1007.414306640625,13700,0.0,0.0
2020-08-03 00:00:00+09:00,1036.8135568344176,1036.8135568344176,1000.5544815954067,1007.414306640625,9200,0.0,0.0
2020-08-04 00:00:00+09:00,1021.134043960279,1023.093994140625,1020.1540688701059,1023.093994140625,2500,0.0,0.0
2020-08-05 00:00:00+09:00,1026.0338134765625,1031.9136634105257,1021.1339385315932,1026.0338134765625,4200,0.0,0.0
2020-08-06 00:00:00+09:00,1001.5345150468361,1009.374315556009,969.195337946498,984.8749389648438,20500,0.0,0.0
2020-08-07 00:00:00+09:00,995.6546413738266,995.6546413738266,984.8749159258816,991.7347412109375,28400,0.0,0.0
2020-08-11 00:00:00+09:00,991.7347412109375,1001.5344916181602,989.774791129493,991.7347412109375,23100,0.0,0.0
2020-08-12 00:00:00+09:00,1001.5345631373747,1027.9938911263268,995.6547124731632,1027.013916015625,6400,0.0,0.0
2020-08-13 00:00:00+09:00,1027.0138588959317,1038.7735595703125,1023.0939586711379,1038.7735595703125,4200,0.0,0.0
2020-08-14 00:00:00+09:00,1038.7735595703125,1048.5733101322965,1038.7735595703125,1038.7735595703125,34600,0.0,0.0
2020-08-17 00:00:00+09:00,1038.773526910134,1047.5933021386163,1032.8936767578125,1032.8936767578125,8500,0.0,0.0
2020-08-18 00:00:00+09:00,1047.5932562324438,1047.5932562324438,1043.6733563026685,1046.61328125,5500,0.0,0.0
2020-08-19 00:00:00+09:00,1043.673350826646,1045.63330078125,1036.813525985532,1045.63330078125,9300,0.0,0.0
2020-08-20 00:00:00+09:00,1049.5533554205135,1055.4332061511607,1049.5533554205135,1051.5133056640625,12100,0.0,0.0
2020-08-21 00:00:00+09:00,1056.4131237399195,1066.212874423963,1056.4131237399195,1063.27294921875,17600,0.0,0.0
2020-08-24 00:00:00+09:00,1033.8736430047786,1063.2728935167627,1009.374267578125,1009.374267578125,31500,0.0,0.0
2020-08-25 00:00:00+09:00,1038.7735515579755,1038.7735515579755,1015.254150390625,1015.254150390625,14800,0.0,0.0
2020-08-26 00:00:00+09:00,1024.0738525390625,1028.973727431594,1018.1940026680248,1024.0738525390625,16800,0.0,0.0
2020-08-27 00:00:00+09:00,1040.733473739846,1040.733473739846,1010.354248046875,1010.354248046875,42700,0.0,0.0
2020-08-28 00:00:00+09:00,1004.474405723043,1010.3542559028851,989.7747802734375,989.7747802734375,38300,0.0,0.0
2020-08-31 00:00:00+09:00,985.8548758894743,999.5745262497652,978.0150756835938,978.0150756835938,12600,0.0,0.0
2020-09-01 00:00:00+09:00,978.015076858536,978.9950518854483,963.3154514548506,967.2353515625,9800,0.0,0.0
2020-09-02 00:00:00+09:00,981.934948324797,981.934948324797,969.1952733465312,973.1151733398438,3800,0.0,0.0
2020-09-03 00:00:00+09:00,979.975014805315,979.975014805315,973.1151897016778,976.0551147460938,3500,0.0,0.0
2020-09-04 00:00:00+09:00,976.0550928423481,976.0550928423481,970.1752428854666,972.1351928710938,4200,0.0,0.0
2020-09-07 00:00:00+09:00,970.1752374150558,976.0550873387834,970.1752374150558,971.1552124023438,2200,0.0,0.0
2020-09-08 00:00:00+09:00,974.0951626820743,998.5945380010398,973.1151876693156,997.6145629882812,8200,0.0,0.0
2020-09-09 00:00:00+09:00,993.6946737850415,999.5745239257812,977.0350983862784,999.5745239257812,6000,0.0,0.0
2020-09-10 00:00:00+09:00,999.5745347950556,1003.4944349315068,987.814834385702,1001.5344848632812,5700,0.0,0.0
2020-09-11 00:00:00+09:00,1030.9337456597223,1030.9337456597223,1004.4744194878472,1014.274169921875,11800,0.0,0.0
2020-09-14 00:00:00+09:00,1018.1940026680248,1024.0738525390625,1014.2741027539997,1024.0738525390625,3500,0.0,0.0
2020-09-15 00:00:00+09:00,1021.1340546762966,1025.053955078125,1016.234179174011,1025.053955078125,5000,0.0,0.0
2020-09-16 00:00:00+09:00,1025.0538494157381,1029.9537244129453,1024.0738744162968,1027.9937744140625,4500,0.0,0.0
2020-09-17 00:00:00+09:00,1028.9737820738299,1033.8736572265625,1014.2741566156324,1033.8736572265625,9400,0.0,0.0
2020-09-18 00:00:00+09:00,1040.7334769609079,1040.7334769609079,1020.1540014277825,1032.8936767578125,8300,0.0,0.0
2020-09-23 00:00:00+09:00,1029.953749419145,1057.3930500697027,1028.9737743959108,1054.453125,10900,0.0,0.0
2020-09-24 00:00:00+09:00,1053.473104774405,1068.1727294921875,1052.4931297932196,1068.1727294921875,5700,0.0,0.0
2020-09-25 00:00:00+09:00,1073.0726590243253,1077.9725341796875,1069.1527589000355,1077.9725341796875,5800,0.0,0.0
2020-09-28 00:00:00+09:00,1099.5319567892104,1138.73095703125,1092.6721317468534,1138.73095703125,30000,0.0,0.0
2020-09-29 00:00:00+09:00,1115.2115728943133,1144.610823497854,1112.2716478339592,1141.6708984375,12500,0.0,0.0
2020-09-30 00:00:00+09:00,1139.7109045821628,1142.6508295294943,1124.0313048630617,1133.8310546875,13000,0.0,0.0
2020-10-02 00:00:00+09:00,1427.8236083984375,1427.8236083984375,1427.8236083984375,1427.8236083984375,25400,0.0,0.0
2020-10-05 00:00:00+09:00,1486.622109773802,1518.9612855302526,1339.6258563353906,1427.8236083984375,232800,0.0,0.0
2020-10-06 00:00:00+09:00,1414.1039526803152,1427.8236029488698,1366.0851767403738,1426.8436279296875,67600,0.0,0.0
2020-10-07 00:00:00+09:00,1496.4218912760416,1639.498247612847,1469.9625651041665,1499.36181640625,232800,0.0,0.0
2020-10-08 00:00:00+09:00,1518.961289702869,1559.140265753074,1494.4619140625,1494.4619140625,83200,0.0,0.0
2020-10-09 00:00:00+09:00,1489.5621024612833,1494.4619777983269,1416.0639724056277,1439.5833740234375,57300,0.0,0.0
2020-10-12 00:00:00+09:00,1430.763544934861,1480.7422715045036,1412.1440193500925,1473.8824462890625,22300,0.0,0.0
2020-10-13 00:00:00+09:00,1477.8023190590602,1477.8023190590602,1451.342993717817,1468.9825439453125,13300,0.0,0.0
2020-10-14 00:00:00+09:00,1466.0426342924245,1466.0426342924245,1401.3642827795234,1427.8236083984375,15700,0.0,0.0
2020-10-15 00:00:00+09:00,1407.244187786515,1424.883738886903,1349.4256591796875,1349.4256591796875,45300,0.0,0.0
2020-10-16 00:00:00+09:00,1344.5258069066945,1368.0452087767824,1308.2667290236423,1309.2467041015625,35500,0.0,0.0
2020-10-19 00:00:00+09:00,1308.2667344931606,1381.7648656444617,1308.2667344931606,1376.864990234375,18200,0.0,0.0
2020-10-20 00:00:00+09:00,1372.9449940440418,1372.9449940440418,1318.0663932828238,1337.6658935546875,12900,0.0,0.0
2020-10-21 00:00:00+09:00,1343.5456807541746,1371.9649548182672,1334.7259060446286,1370.0050048828125,8300,0.0,0.0
2020-10-22 00:00:00+09:00,1370.9851340105433,1370.9851340105433,1308.2667290236423,1309.2467041015625,13200,0.0,0.0
2020-10-23 00:00:00+09:00,1309.2466447593522,1350.4055961664576,1304.3467695918396,1342.5657958984375,9800,0.0,0.0
2020-10-26 00:00:00+09:00,1327.8660998418213,1355.3053993219476,1327.8660998418213,1329.8260498046875,5500,0.0,0.0
2020-10-27 00:00:00+09:00,1311.206683961281,1359.2254638671875,1311.206683961281,1359.2254638671875,5800,0.0,0.0
2020-10-28 00:00:00+09:00,1358.2454780220555,1358.2454780220555,1326.8862750662793,1357.2655029296875,5300,0.0,0.0
2020-10-29 00:00:00+09:00,1344.52579248479,1352.3655930240598,1327.8662163388412,1328.84619140625,4000,0.0,0.0
2020-10-30 00:00:00+09:00,1329.8261104510848,1329.8261104510848,1196.5495068981388,1230.8486328125,10200,0.0,0.0
2020-11-02 00:00:00+09:00,1260.247930211065,1271.0276558971627,1246.5282793378497,1261.2279052734375,7900,0.0,0.0
2020-11-04 00:00:00+09:00,1269.0675884744396,1273.9674633334141,1218.108889941103,1262.207763671875,10100,0.0,0.0
2020-11-05 00:00:00+09:00,1275.9275065104166,1322.96630859375,1275.9275065104166,1322.96630859375,8200,0.0,0.0
2020-11-06 00:00:00+09:00,1321.9863418108364,1321.9863418108364,1279.84741468121,1302.3868408203125,7600,0.0,0.0
2020-11-09 00:00:00+09:00,1316.1065155299364,1334.7260418107026,1303.3668396536227,1328.84619140625,13300,0.0,0.0
2020-11-10 00:00:00+09:00,1313.1665948197488,1322.9663455273587,1244.5683398664783,1263.1878662109375,13000,0.0,0.0
2020-11-11 00:00:00+09:00,1269.0677610455136,1312.1866656679094,1252.408184259588,1293.567138671875,12000,0.0,0.0
2020-11-12 00:00:00+09:00,1303.3668217640443,1308.266697033834,1249.4681937963583,1259.2679443359375,10800,0.0,0.0
2020-11-13 00:00:00+09:00,1253.388077805827,1268.0877034251291,1253.388077805827,1256.3280029296875,4000,0.0,0.0
2020-11-16 00:00:00+09:00,1245.5482093195574,1299.4468336410173,1245.5482093195574,1287.6871337890625,12900,0.0,0.0
2020-11-17 00:00:00+09:00,1283.767368367673,1283.767368367673,1242.608414572679,1245.54833984375,9100,0.0,0.0
2020-11-18 00:00:00+09:00,1245.5482612949875,1268.087686951781,1234.7685359808688,1253.3880615234375,5700,0.0,0.0
2020-11-19 00:00:00+09:00,1249.4682471080175,1269.0677490234375,1245.5483467249337,1269.0677490234375,4500,0.0,0.0
2020-11-20 00:00:00+09:00,1269.0675655440934,1283.767189855415,1249.4680664623313,1279.8472900390625,7900,0.0,0.0
2020-11-24 00:00:00+09:00,1283.7672644898007,1320.0263398990546,1283.7672644898007,1315.12646484375,10600,0.0,0.0
2020-11-25 00:00:00+09:00,1315.12646484375,1315.12646484375,1306.3066897442018,1315.12646484375,4100,0.0,0.0
2020-11-26 00:00:00+09:00,1315.126475742885,1321.9863008771624,1311.206575666155,1317.08642578125,4100,0.0,0.0
2020-11-27 00:00:00+09:00,1321.0064494559253,1339.6259765625,1313.1666485689466,1339.6259765625,9100,0.0,0.0
2020-11-30 00:00:00+09:00,1342.5658532481132,1342.5658532481132,1328.846202193023,1330.80615234375,6100,0.0,0.0
2020-12-01 00:00:00+09:00,1337.665986953681,1376.864990234375,1336.6860118716636,1376.864990234375,19400,0.0,0.0
2020-12-02 00:00:00+09:00,1377.8448975472063,1395.4844481559187,1361.1853219723112,1386.6646728515625,15900,0.0,0.0
2020-12-03 00:00:00+09:00,1386.6647226003047,1386.6647226003047,1351.3856201171875,1351.3856201171875,5500,0.0,0.0
2020-12-04 00:00:00+09:00,1359.225345173288,1381.7647705078125,1352.365520071476,1381.7647705078125,3300,0.0,0.0
2020-12-07 00:00:00+09:00,1380.7847458443991,1380.7847458443991,1282.7872479136397,1285.7271728515625,15100,0.0,0.0
2020-12-08 00:00:00+09:00,1282.7872697546127,1303.3667446704621,1282.7872697546127,1289.6470947265625,2800,0.0,0.0
2020-12-09 00:00:00+09:00,1312.1865014922753,1312.1865014922753,1296.5069017731741,1308.2666015625,3100,0.0,0.0
2020-12-10 00:00:00+09:00,1304.3468756278958,1306.3068258542337,1293.567149383037,1295.527099609375,3900,0.0,0.0
2020-12-11 00:00:00+09:00,1316.106434388982,1328.8461094798658,1306.3066843190716,1314.146484375,9700,0.0,0.0
2020-12-14 00:00:00+09:00,1321.0064122817096,1343.5458391974955,1315.1265617819395,1332.76611328125,5900,0.0,0.0
2020-12-15 00:00:00+09:00,1323.946243364383,1344.5257186498397,1313.1665182148581,1337.6658935546875,4300,0.0,0.0
2020-12-16 00:00:00+09:00,1337.6659342447915,1370.0051106770834,1337.6659342447915,1367.065185546875,8300,0.0,0.0
2020-12-17 00:00:00+09:00,1371.9650848002373,1395.4844862539558,1371.9650848002373,1393.5245361328125,18600,0.0,0.0
2020-12-18 00:00:00+09:00,1409.2041480246553,1409.2041480246553,1383.7247962523043,1395.4844970703125,13300,0.0,0.0
2020-12-21 00:00:00+09:00,1378.8248126690203,1394.5044125287961,1364.1251878004807,1375.8848876953125,10800,0.0,0.0
2020-12-22 00:00:00+09:00,1371.9651184302693,1377.8449689378276,1332.7661150465474,1355.3055419921875,9000,0.0,0.0
2020-12-23 00:00:00+09:00,1359.225478779947,1362.1654041125641,1335.7060761190107,1339.6259765625,6100,0.0,0.0
2020-12-24 00:00:00+09:00,1338.6458826298337,1362.165283203125,1329.8261074148495,1362.165283203125,6300,0.0,0.0
2020-12-25 00:00:00+09:00,1351.385613769188,1394.5045166015625,1351.385613769188,1394.5045166015625,7600,0.0,0.0
2020-12-28 00:00:00+09:00,1410.1840874565971,1455.262939453125,1410.1840874565971,1455.262939453125,18800,0.0,0.0
2020-12-29 00:00:00+09:00,1470.942570657756,1470.942570657756,1429.7836179811234,1438.6033935546875,23400,0.0,0.0
2020-12-30 00:00:00+09:00,1438.6032701735528,1460.1627197265625,1409.204020783085,1460.1627197265625,10500,0.0,0.0
2021-01-04 00:00:00+09:00,1460.1628016318043,1518.9613037109375,1438.6033508694557,1518.9613037109375,41200,0.0,0.0
2021-01-05 00:00:00+09:00,1480.7422720587124,1519.9412733044758,1472.9024718095595,1517.9813232421875,34200,0.0,0.0
2021-01-06 00:00:00+09:00,1523.8612838304575,1546.4007111797182,1475.8425038255107,1493.4820556640625,21500,0.0,0.0
2021-01-07 00:00:00+09:00,1519.9412787455897,1519.9412787455897,1498.3818279832408,1518.9613037109375,16900,0.0,0.0
2021-01-08 00:00:00+09:00,1517.0013588225224,1530.721009354509,1453.3029813525845,1475.8424072265625,69100,0.0,0.0
2021-01-12 00:00:00+09:00,1371.9650848002373,1410.1841121625296,1362.1653341945214,1393.5245361328125,80800,0.0,0.0
2021-01-13 00:00:00+09:00,1391.5646164646353,1391.5646164646353,1353.3455882659587,1376.864990234375,37000,0.0,0.0
2021-01-14 00:00:00+09:00,1373.9250685994555,1373.9250685994555,1355.3055419921875,1355.3055419921875,10800,0.0,0.0
2021-01-15 00:00:00+09:00,1356.2854330598022,1371.9650334419964,1343.5457577492693,1362.165283203125,20400,0.0,0.0
2021-01-18 00:00:00+09:00,1362.1652393920722,1362.1652393920722,1329.826064643915,1354.325439453125,22500,0.0,0.0
2021-01-19 00:00:00+09:00,1346.4856286090353,1352.365478515625,1341.5857536868773,1352.365478515625,11100,0.0,0.0
2021-01-20 00:00:00+09:00,1349.4256711671019,1351.3856213067781,1293.5670921863286,1307.2867431640625,30800,0.0,0.0
2021-01-21 00:00:00+09:00,1297.4869709674576,1323.9462974146793,1297.4869709674576,1303.3668212890625,13800,0.0,0.0
2021-01-22 00:00:00+09:00,1302.386751667837,1321.0062763342696,1301.4067766853932,1308.2666015625,8000,0.0,0.0
2021-01-25 00:00:00+09:00,1309.2466552550395,1317.086455585908,1296.5069797173783,1300.4268798828125,8800,0.0,0.0
2021-01-26 00:00:00+09:00,1308.2667149906665,1331.7861166084763,1298.4669643165792,1328.84619140625,11000,0.0,0.0
2021-01-27 00:00:00+09:00,1344.5257374280275,1356.2854377553863,1312.1865615277907,1319.04638671875,24600,0.0,0.0
2021-01-28 00:00:00+09:00,1311.206655867242,1311.206655867242,1226.928799062621,1265.1478271484375,46200,0.0,0.0
2021-01-29 00:00:00+09:00,1292.5870214164534,1293.5669964137364,1263.1877714979594,1268.087646484375,22700,0.0,0.0
2021-02-01 00:00:00+09:00,1264.167744830749,1309.246594646419,1255.3479698668136,1289.6470947265625,19700,0.0,0.0
2021-02-02 00:00:00+09:00,1290.6270145340316,1290.6270145340316,1270.0475404981814,1279.8472900390625,9100,0.0,0.0
2021-02-03 00:00:00+09:00,1287.6872417672998,1315.1265437227676,1284.7473165577856,1307.2867431640625,13400,0.0,0.0
2021-02-04 00:00:00+09:00,1318.0665053510884,1318.0665053510884,1288.667252443629,1291.607177734375,7700,0.0,0.0
2021-02-05 00:00:00+09:00,1295.5269938458136,1311.206594376474,1294.5470188126474,1298.4669189453125,8000,0.0,0.0
2021-02-08 00:00:00+09:00,1299.4469210746593,1309.2466716106674,1283.7673202170465,1303.3668212890625,17700,0.0,0.0
2021-02-09 00:00:00+09:00,1303.3667113325978,1303.3667113325978,1283.7672119140625,1283.7672119140625,10200,0.0,0.0
2021-02-10 00:00:00+09:00,1285.727161855916,1306.306636245378,1281.8072619722088,1283.7672119140625,15400,0.0,0.0
2021-02-12 00:00:00+09:00,1299.4468965098572,1308.2666718255348,1276.907470703125,1276.907470703125,19100,0.0,0.0
2021-02-15 00:00:00+09:00,1288.6671929917632,1298.4669435088108,1280.827392578125,1280.827392578125,11900,0.0,0.0
2021-02-16 00:00:00+09:00,1436.6433991146785,1436.6433991146785,1322.9662952283873,1342.5657958984375,138600,0.0,0.0
2021-02-17 00:00:00+09:00,1352.3655077121928,1353.3454827177814,1323.946232550125,1335.7059326171875,31600,0.0,0.0
2021-02-18 00:00:00+09:00,1335.705923409494,1341.5857734024926,1310.2265734398338,1312.1865234375,22000,0.0,0.0
2021-02-19 00:00:00+09:00,1370.9850529340465,1401.3642785530283,1316.106451815886,1361.185302734375,173800,0.0,0.0
2021-02-22 00:00:00+09:00,1370.0051330836873,1370.0051330836873,1323.946305290459,1326.88623046875,43800,0.0,0.0
2021-02-24 00:00:00+09:00,1326.8862520422956,1333.7460775698407,1307.2867505350239,1330.80615234375,30500,0.0,0.0
2021-02-25 00:00:00+09:00,1311.0611854243543,1339.691286612085,1294.2780226591328,1337.716796875,35100,10.0,0.0
2021-02-26 00:00:00+09:00,1296.252553496552,1325.8699004919038,1296.252553496552,1304.1505126953125,21300,0.0,0.0
2021-03-01 00:00:00+09:00,1308.0995548132694,1313.0357795484138,1286.380165978634,1303.163330078125,13100,0.0,0.0
2021-03-02 00:00:00+09:00,1303.1632727968395,1312.0484769295451,1289.3418441459637,1300.2015380859375,9100,0.0,0.0
2021-03-03 00:00:00+09:00,1300.2015712746902,1305.1377959188612,1274.533203125,1274.533203125,14400,0.0,0.0
2021-03-04 00:00:00+09:00,1273.5459083402397,1273.5459083402397,1235.0433576229768,1265.64794921875,16600,0.0,0.0
2021-03-05 00:00:00+09:00,1249.852095066336,1263.6735242376856,1200.4898480258014,1262.686279296875,24300,0.0,0.0
2021-03-08 00:00:00+09:00,1262.6862096237728,1303.1632499635498,1258.7372300784289,1269.596923828125,16100,0.0,0.0
2021-03-09 00:00:00+09:00,1272.55864865334,1296.2525257423083,1258.7372203514417,1277.494873046875,19100,0.0,0.0
2021-03-10 00:00:00+09:00,1277.494863296251,1294.2780261061707,1265.64792484219,1285.392822265625,18300,0.0,0.0
2021-03-11 00:00:00+09:00,1281.4439387011275,1305.1378173828125,1280.4566937560573,1305.1378173828125,11000,0.0,0.0
2021-03-12 00:00:00+09:00,1326.8571278089887,1327.8443726957514,1303.1632505266855,1317.971923828125,11400,0.0,0.0
2021-03-15 00:00:00+09:00,1318.9591443726938,1340.6785314806273,1318.9591443726938,1337.716796875,17000,0.0,0.0
2021-03-16 00:00:00+09:00,1341.6658363004701,1347.5893057764104,1322.9081829599925,1338.7041015625,14700,0.0,0.0
2021-03-17 00:00:00+09:00,1338.7040296617445,1349.5637231177027,1327.8443362057865,1347.5892333984375,13100,0.0,0.0
2021-03-18 00:00:00+09:00,1349.5638324751421,1362.398016690341,1327.844443803267,1357.4617919921875,27100,0.0,0.0
2021-03-19 00:00:00+09:00,1336.7296482599431,1357.4617919921875,1330.806178622159,1357.4617919921875,18700,0.0,0.0
2021-03-22 00:00:00+09:00,1347.5892588808342,1377.2066052298635,1342.6530344893292,1376.2193603515625,17800,0.0,0.0
2021-03-23 00:00:00+09:00,1377.2067012940347,1377.2067012940347,1338.7041483546316,1349.5638427734375,14300,0.0,0.0
2021-03-24 00:00:00+09:00,1344.6276045949835,1344.6276045949835,1310.0740317896793,1313.0357666015625,13500,0.0,0.0
2021-03-25 00:00:00+09:00,1314.0229837090308,1334.755126953125,1291.3163506321653,1334.755126953125,9600,0.0,0.0
2021-03-26 00:00:00+09:00,1334.7551244287758,1349.5637981465507,1327.8444100271474,1336.7296142578125,6600,0.0,0.0
2021-03-29 00:00:00+09:00,1359.4362145465352,1362.39794921875,1329.8188678243887,1362.39794921875,17600,0.0,0.0
2021-03-30 00:00:00+09:00,1369.3087364769956,1370.295981420382,1352.525572439426,1353.5128173828125,11200,0.0,0.0
2021-03-31 00:00:00+09:00,1353.5127944451942,1375.2321828316235,1352.5255495185384,1371.283203125,18800,0.0,0.0
2021-04-01 00:00:00+09:00,1368.3214111328125,1380.168349757339,1352.5254929667772,1368.3214111328125,18700,0.0,0.0
2021-04-02 00:00:00+09:00,1370.2959405487127,1391.0280837414525,1353.5127770117326,1385.1046142578125,22100,0.0,0.0
2021-04-05 00:00:00+09:00,1387.0790466308595,1409.7856787109376,1376.2193530273437,1382.142822265625,28600,0.0,0.0
2021-04-06 00:00:00+09:00,1389.0535512259096,1389.0535512259096,1362.397939368696,1370.2958984375,17400,0.0,0.0
2021-04-07 00:00:00+09:00,1370.2959736122457,1402.8750565583582,1358.449034359114,1359.436279296875,58600,0.0,0.0
2021-04-08 00:00:00+09:00,1271.5714607327004,1293.290849037141,1250.839317351189,1280.4566650390625,89700,0.0,0.0
2021-04-09 00:00:00+09:00,1272.5586913093687,1283.4183853391617,1243.9285888671875,1243.9285888671875,49500,0.0,0.0
2021-04-12 00:00:00+09:00,1245.9030563044064,1268.609688867799,1216.28570948259,1261.698974609375,35300,0.0,0.0
2021-04-13 00:00:00+09:00,1265.6479794937402,1265.6479794937402,1236.0306320796901,1241.9541015625,28000,0.0,0.0
2021-04-14 00:00:00+09:00,1245.9030187726494,1254.7882225515352,1227.1453663505572,1242.9412841796875,30000,0.0,0.0
2021-04-15 00:00:00+09:00,1242.9413063116942,1242.9413063116942,1225.1708984375,1225.1708984375,11400,0.0,0.0
2021-04-16 00:00:00+09:00,1226.1582290974068,1256.7628225772937,1226.1582290974068,1252.8138427734375,12100,0.0,0.0
2021-04-19 00:00:00+09:00,1262.686279296875,1262.686279296875,1238.9924007174184,1262.686279296875,11700,0.0,0.0
2021-04-20 00:00:00+09:00,1262.686279296875,1277.4949534090354,1255.7755647112,1262.686279296875,15800,0.0,0.0
2021-04-21 00:00:00+09:00,1253.8010430791576,1264.6607371530715,1239.9796142578125,1239.9796142578125,13600,0.0,0.0
2021-04-22 00:00:00+09:00,1239.979547172383,1251.8264855211637,1236.0305677227896,1244.915771484375,5800,0.0,0.0
2021-04-23 00:00:00+09:00,1236.0306270738413,1254.7882803601055,1236.0306270738413,1245.903076171875,6300,0.0,0.0
2021-04-26 00:00:00+09:00,1251.8265558026815,1257.750025309634,1238.005126953125,1238.005126953125,6800,0.0,0.0
2021-04-27 00:00:00+09:00,1238.9923744079786,1243.9285990072135,1236.0306396484375,1236.0306396484375,6400,0.0,0.0
2021-04-28 00:00:00+09:00,1247.8775864014847,1247.8775864014847,1216.2857487710673,1230.107177734375,18500,0.0,0.0
2021-04-30 00:00:00+09:00,1232.0816675862761,1247.8775864014847,1219.247483548919,1230.107177734375,16600,0.0,0.0
2021-05-06 00:00:00+09:00,1238.9924007174184,1288.354647757953,1230.1071962501221,1262.686279296875,29600,0.0,0.0
2021-05-07 00:00:00+09:00,1281.4439048913696,1320.9337016522747,1263.6734963489623,1284.4056396484375,31800,0.0,0.0
2021-05-10 00:00:00+09:00,1287.367385727612,1338.7041219682835,1274.533201667444,1322.908203125,28600,0.0,0.0
2021-05-11 00:00:00+09:00,1322.908114921756,1322.908114921756,1295.2652587890625,1295.2652587890625,8900,0.0,0.0
2021-05-12 00:00:00+09:00,1302.1760462446668,1381.1556396484375,1286.3801275639128,1381.1556396484375,43500,0.0,0.0
2021-05-13 00:00:00+09:00,1351.5383197947872,1372.2704634877678,1328.8316862262845,1359.436279296875,26100,0.0,0.0
2021-05-14 00:00:00+09:00,1358.4489366479365,1362.3979161149364,1339.6912841796875,1339.6912841796875,13300,0.0,0.0
2021-05-17 00:00:00+09:00,1362.3979335850242,1362.3979335850242,1311.0611998557335,1325.869873046875,6300,0.0,0.0
2021-05-18 00:00:00+09:00,1330.8061273585984,1350.551025390625,1316.9846987361796,1350.551025390625,4700,0.0,0.0
2021-05-19 00:00:00+09:00,1342.6531052572202,1368.3214734459611,1327.8444313021773,1367.334228515625,12500,0.0,0.0
2021-05-20 00:00:00+09:00,1371.2832082369698,1378.193922749323,1357.461779212263,1367.334228515625,12700,0.0,0.0
2021-05-21 00:00:00+09:00,1360.4234545051709,1372.2703931510794,1349.5637607464212,1366.346923828125,3800,0.0,0.0
2021-05-24 00:00:00+09:00,1370.2959581983441,1372.2704480516559,1360.4235089317854,1371.283203125,3100,0.0,0.0
2021-05-25 00:00:00+09:00,1371.283112490256,1371.283112490256,1345.61474609375,1345.61474609375,2500,0.0,0.0
2021-05-26 00:00:00+09:00,1335.7423047126877,1342.6530187799374,1335.7423047126877,1339.6912841796875,1200,0.0,0.0
2021-05-27 00:00:00+09:00,1341.6657739131874,1348.5764879804372,1333.7678149791877,1339.6912841796875,2800,0.0,0.0
2021-05-28 00:00:00+09:00,1339.691274521377,1360.4234165736607,1334.7550502232143,1347.5892333984375,10800,0.0,0.0
2021-05-31 00:00:00+09:00,1335.7423342957322,1342.6530485160354,1315.9974365234375,1315.9974365234375,3900,0.0,0.0
2021-06-01 00:00:00+09:00,1315.9975045276988,1357.4617919921875,1303.1633203125,1357.4617919921875,7400,0.0,0.0
2021-06-02 00:00:00+09:00,1357.4617272364555,1369.308665946883,1354.4999925588488,1360.4234619140625,6700,0.0,0.0
2021-06-03 00:00:00+09:00,1360.4235165500158,1371.2832108040436,1345.614842567251,1365.3597412109375,13300,0.0,0.0
2021-06-04 00:00:00+09:00,1354.4999827375316,1372.2703906743213,1354.4999827375316,1368.3214111328125,5800,0.0,0.0
2021-06-07 00:00:00+09:00,1370.2958984375,1380.168347273505,1368.321408670299,1370.2958984375,4700,0.0,0.0
2021-06-08 00:00:00+09:00,1372.2704404331878,1377.2066650390625,1351.5382970885137,1377.2066650390625,6300,0.0,0.0
2021-06-09 00:00:00+09:00,1368.3214037665005,1374.244873046875,1364.3724242462508,1374.244873046875,3000,0.0,0.0
2021-06-10 00:00:00+09:00,1374.244873046875,1374.244873046875,1361.4106896060637,1374.244873046875,4900,0.0,0.0
2021-06-11 00:00:00+09:00,1377.2066225798233,1377.2066225798233,1357.4617247650588,1362.39794921875,11200,0.0,0.0
2021-06-14 00:00:00+09:00,1371.2831904729662,1381.1556396484375,1362.397986215042,1381.1556396484375,5700,0.0,0.0
2021-06-15 00:00:00+09:00,1381.1555676893754,1390.040771484375,1380.1683228232644,1390.040771484375,18700,0.0,0.0
2021-06-16 00:00:00+09:00,1388.066281752153,1392.015261216597,1378.1938330910423,1390.040771484375,9900,0.0,0.0
2021-06-17 00:00:00+09:00,1390.0407690602838,1392.0152587890625,1379.1810755520003,1392.0152587890625,6500,0.0,0.0
2021-06-18 00:00:00+09:00,1396.9514831110096,1396.9514831110096,1375.2320960944426,1392.0152587890625,10500,0.0,0.0
2021-06-21 00:00:00+09:00,1386.0918091345723,1386.0918091345723,1357.461707663844,1376.2193603515625,7700,0.0,0.0
2021-06-22 00:00:00+09:00,1391.0280139246731,1392.0152587890625,1371.283116636885,1392.0152587890625,5800,0.0,0.0
2021-06-23 00:00:00+09:00,1373.257705832323,1381.1556653194966,1357.4617868579758,1361.4107666015625,4600,0.0,0.0
2021-06-24 00:00:00+09:00,1372.2703857421875,1372.2703857421875,1350.5509983419515,1372.2703857421875,3600,0.0,0.0
2021-06-25 00:00:00+09:00,1372.2703687010328,1392.0152660924145,1372.2703687010328,1386.091796875,6700,0.0,0.0
2021-06-28 00:00:00+09:00,1386.0919034278998,1400.9005776098218,1378.1939438642082,1397.9388427734375,13200,0.0,0.0
2021-06-29 00:00:00+09:00,1393.9898604162993,1405.8367997399505,1383.1301660362856,1399.913330078125,9100,0.0,0.0
2021-06-30 00:00:00+09:00,1398.9260179274365,1420.6454056440234,1398.9260179274365,1404.8494873046875,14300,0.0,0.0
2021-07-01 00:00:00+09:00,1404.8495142443426,1440.3903311893857,1397.938799838362,1431.505126953125,24600,0.0,0.0
2021-07-02 00:00:00+09:00,1438.4158262573744,1458.1607243528772,1421.632662876197,1443.35205078125,19300,0.0,0.0
2021-07-05 00:00:00+09:00,1460.1352192443094,1461.1224641525205,1436.4413414472415,1439.403076171875,11300,0.0,0.0
2021-07-06 00:00:00+09:00,1441.3776206318353,1454.2118049251326,1431.505171175453,1444.33935546875,16000,0.0,0.0
2021-07-07 00:00:00+09:00,1740.5128173828125,1740.5128173828125,1740.5128173828125,1740.5128173828125,31600,0.0,0.0
2021-07-08 00:00:00+09:00,1874.7780320871316,1894.5229297394446,1660.5458925595342,1763.2193603515625,357400,0.0,0.0
2021-07-09 00:00:00+09:00,1727.6785455706,1729.6530353369662,1629.941302135463,1664.494873046875,95400,0.0,0.0
2021-07-12 00:00:00+09:00,1680.2908438757474,1727.6785997547345,1648.6990066230894,1671.4056396484375,79500,0.0,0.0
2021-07-13 00:00:00+09:00,1691.1505361304394,1699.0484954351934,1601.3112490388633,1625.005126953125,40800,0.0,0.0
2021-07-14 00:00:00+09:00,1625.0050736721205,1625.0050736721205,1563.7958910672169,1569.7193603515625,32800,0.0,0.0
2021-07-15 00:00:00+09:00,1564.7831335019825,1602.2984389108628,1563.7958886228014,1571.69384765625,19900,0.0,0.0
2021-07-16 00:00:00+09:00,1563.7959281774392,1594.4005202061644,1563.7959281774392,1588.47705078125,15900,0.0,0.0
2021-07-19 00:00:00+09:00,1569.7193799628587,1569.7193799628587,1489.752543625128,1505.5484619140625,39500,0.0,0.0
2021-07-20 00:00:00+09:00,1514.4337390104508,1547.0128220530487,1487.778125611962,1496.663330078125,18100,0.0,0.0
2021-07-21 00:00:00+09:00,1501.5995125157447,1523.31890059947,1481.8546142578125,1481.8546142578125,13800,0.0,0.0
2021-07-26 00:00:00+09:00,1521.3443928230713,1521.3443928230713,1493.7015355881292,1495.676025390625,9800,0.0,0.0
2021-07-27 00:00:00+09:00,1497.650483227333,1523.3188501119148,1495.6759934669806,1521.3443603515625,7600,0.0,0.0
2021-07-28 00:00:00+09:00,1495.6760076574376,1509.4974361110378,1456.1862120757232,1461.1224365234375,17500,0.0,0.0
2021-07-29 00:00:00+09:00,1472.9693409239264,1489.7525036556335,1456.1861781922196,1488.7652587890625,18700,0.0,0.0
2021-07-30 00:00:00+09:00,1479.8801499494905,1479.8801499494905,1458.160761491259,1462.1097412109375,16500,0.0,0.0
2021-08-02 00:00:00+09:00,1462.1096963908433,1472.9693902870615,1436.4413289997817,1449.2755126953125,25600,0.0,0.0
2021-08-03 00:00:00+09:00,1435.454114242934,1441.377583765257,1421.6326853575138,1425.5816650390625,7600,0.0,0.0
2021-08-04 00:00:00+09:00,1431.5051148412583,1431.5051148412583,1393.0025634765625,1393.0025634765625,11300,0.0,0.0
2021-08-05 00:00:00+09:00,1400.9004784447618,1433.479559338826,1393.0025194401403,1428.5433349609375,13700,0.0,0.0
2021-08-06 00:00:00+09:00,1423.607117927546,1432.4923218535848,1417.6836486435202,1422.619873046875,17000,0.0,0.0
2021-08-10 00:00:00+09:00,1417.6836990040597,1417.6836990040597,1383.130126953125,1383.130126953125,28400,0.0,0.0
2021-08-11 00:00:00+09:00,1390.0408755274261,1403.8623046875,1386.091895767405,1403.8623046875,16400,0.0,0.0
2021-08-12 00:00:00+09:00,1406.8239268690052,1409.7856614518873,1392.0152539545945,1395.9642333984375,17800,0.0,0.0
2021-08-13 00:00:00+09:00,1405.8367868631826,1421.6327058167017,1393.9898476480435,1409.7857666015625,53600,0.0,0.0
2021-08-16 00:00:00+09:00,1411.7601720761165,1433.479559338826,1407.8111925738058,1428.5433349609375,19300,0.0,0.0
2021-08-17 00:00:00+09:00,1432.4923193833106,1457.1734413575234,1424.5943603515625,1424.5943603515625,16700,0.0,0.0
2021-08-18 00:00:00+09:00,1437.4285763770465,1461.1224540096352,1422.6199028566784,1447.301025390625,13500,0.0,0.0
2021-08-19 00:00:00+09:00,1447.3010688653872,1447.3010688653872,1409.7857614868847,1413.7347412109375,14000,0.0,0.0
2021-08-20 00:00:00+09:00,1443.351996778594,1443.351996778594,1388.0662841796875,1388.0662841796875,43700,0.0,0.0
2021-08-23 00:00:00+09:00,1388.066370497189,1420.6454531617744,1386.0918806387292,1415.709228515625,17700,0.0,0.0
2021-08-24 00:00:00+09:00,1421.6326111469073,1459.147916163284,1421.6326111469073,1436.4412841796875,19500,0.0,0.0
2021-08-25 00:00:00+09:00,1428.5433846777612,1450.2627726963588,1428.5433846777612,1437.4285888671875,17400,0.0,0.0
2021-08-26 00:00:00+09:00,1435.454081632653,1454.2117346938776,1432.4923469387754,1451.25,16600,0.0,0.0
2021-08-27 00:00:00+09:00,1440.3903603350107,1459.1480141022246,1437.428625529661,1456.186279296875,36700,0.0,0.0
2021-08-30 00:00:00+09:00,1471.9821179281143,1506.5356887714975,1450.262730540845,1470.994873046875,31500,0.0,0.0
2021-08-31 00:00:00+09:00,1470.9949353527431,1475.9311599680207,1458.1607513530212,1470.0076904296875,13000,0.0,0.0
2021-09-01 00:00:00+09:00,1466.0586734693877,1500.6122448979593,1457.1734693877552,1499.625,19000,0.0,0.0
2021-09-02 00:00:00+09:00,1509.4974361110378,1512.4591707796665,1456.1862120757232,1461.1224365234375,35000,0.0,0.0
2021-09-03 00:00:00+09:00,1446.3138427734375,1468.0332315386358,1440.3903731102016,1446.3138427734375,17300,0.0,0.0
2021-09-06 00:00:00+09:00,1446.3138048050794,1478.892887097617,1446.3138048050794,1475.93115234375,8200,0.0,0.0
2021-09-07 00:00:00+09:00,1471.9821057128906,1480.8673095703125,1462.109656982422,1480.8673095703125,12800,0.0,0.0
2021-09-08 00:00:00+09:00,1475.9311102698098,1509.4974365234375,1456.186212473558,1509.4974365234375,21800,0.0,0.0
2021-09-09 00:00:00+09:00,1487.7780612244899,1523.3188775510205,1476.9183673469388,1499.625,24800,0.0,0.0
2021-09-10 00:00:00+09:00,1495.6760756640128,1550.9617919921875,1481.854646581969,1550.9617919921875,43300,0.0,0.0
2021-09-13 00:00:00+09:00,1548.9872473182322,1599.3367371928211,1528.2551044286956,1594.4005126953125,36800,0.0,0.0
2021-09-14 00:00:00+09:00,1591.4387485580955,1618.0943603515625,1573.6683406957843,1618.0943603515625,21900,0.0,0.0
2021-09-15 00:00:00+09:00,1591.4387854937072,1626.9796020431945,1569.7193976023539,1588.47705078125,27300,0.0,0.0
2021-09-16 00:00:00+09:00,1586.5025914333596,1586.5025914333596,1541.0893249704259,1564.783203125,26600,0.0,0.0
2021-09-17 00:00:00+09:00,1563.795918367347,1646.7244897959183,1558.859693877551,1644.75,41300,0.0,0.0
2021-09-21 00:00:00+09:00,1628.9541182249166,1672.3928947109143,1620.0689139436897,1663.5076904296875,23700,0.0,0.0
2021-09-22 00:00:00+09:00,1662.5203956476544,1674.36733433398,1629.9413142602598,1654.6224365234375,19100,0.0,0.0
2021-09-24 00:00:00+09:00,1669.4311102383379,1706.9464160863904,1664.4948857846468,1702.9974365234375,38100,0.0,0.0
2021-09-27 00:00:00+09:00,1707.9337132830542,1731.627591386403,1694.1122843894343,1709.908203125,33400,0.0,0.0
2021-09-28 00:00:00+09:00,1714.8444167809357,1766.18115234375,1704.9719676342406,1766.18115234375,26400,0.0,0.0
2021-09-29 00:00:00+09:00,1732.6148251721459,1799.74747936685,1608.2219659290174,1623.0306396484375,137900,0.0,0.0
2021-09-30 00:00:00+09:00,1619.0816466449057,1740.5127701432737,1600.3239934215806,1729.653076171875,43200,0.0,0.0
2021-10-01 00:00:00+09:00,1721.7550860382137,1721.7550860382137,1608.221923828125,1608.221923828125,29200,0.0,0.0
2021-10-04 00:00:00+09:00,1619.0816951481834,1619.0816951481834,1540.1021002629063,1548.9873046875,16600,0.0,0.0
2021-10-05 00:00:00+09:00,1518.3826159581283,1539.114758308662,1492.71424923842,1529.2423095703125,33400,0.0,0.0
2021-10-06 00:00:00+09:00,1522.331679279227,1525.293414063817,1451.2500444490686,1464.084228515625,30500,0.0,0.0
2021-10-07 00:00:00+09:00,1462.1097335764123,1504.5612653412911,1454.2117741782952,1468.033203125,12000,0.0,0.0
2021-10-08 00:00:00+09:00,1486.7908312639972,1504.561239605798,1470.0076678300743,1487.778076171875,9300,0.0,0.0
2021-10-11 00:00:00+09:00,1488.7653756923776,1497.6505801892154,1477.9056813073537,1492.71435546875,4600,0.0,0.0
2021-10-12 00:00:00+09:00,1481.8545582421336,1481.8545582421336,1428.5433349609375,1428.5433349609375,10100,0.0,0.0
2021-10-13 00:00:00+09:00,1421.6326980910042,1444.339331463291,1395.9643299310278,1415.709228515625,17000,0.0,0.0
2021-10-14 00:00:00+09:00,1415.7091836734694,1415.7091836734694,1393.0025510204082,1402.875,4800,0.0,0.0
2021-10-15 00:00:00+09:00,1432.4924000972458,1432.4924000972458,1401.887807124803,1409.7857666015625,8000,0.0,0.0
2021-10-18 00:00:00+09:00,1416.6964915100957,1422.6199611610089,1401.8878173828125,1401.8878173828125,4500,0.0,0.0
2021-10-19 00:00:00+09:00,1404.8494823431752,1417.683665948559,1404.8494823431752,1408.7984619140625,6500,0.0,0.0
2021-10-20 00:00:00+09:00,1415.7091404791406,1418.6708750826535,1388.0662841796875,1388.0662841796875,14700,0.0,0.0
2021-10-21 00:00:00+09:00,1403.8622169439898,1403.8622169439898,1374.2448705949605,1376.2193603515625,8500,0.0,0.0
2021-10-22 00:00:00+09:00,1378.1938903181212,1381.1556250394353,1344.6275634765625,1344.6275634765625,10300,0.0,0.0
2021-10-25 00:00:00+09:00,1340.678581719344,1344.6275613414923,1298.22705078125,1298.22705078125,11100,0.0,0.0
2021-10-26 00:00:00+09:00,1318.9592026245552,1393.989815947509,1318.9592026245552,1387.0791015625,25100,0.0,0.0
2021-10-27 00:00:00+09:00,1391.0280561225359,1396.9515254885653,1354.4999950320223,1358.448974609375,10200,0.0,0.0
2021-10-28 00:00:00+09:00,1358.4489598342939,1386.0918165751082,1358.4489598342939,1370.2958984375,6400,0.0,0.0
2021-10-29 00:00:00+09:00,1360.423479454958,1360.423479454958,1343.6403160654556,1346.60205078125,4100,0.0,0.0
2021-11-01 00:00:00+09:00,1375.2321477552157,1398.926025390625,1357.4617395286587,1398.926025390625,9900,0.0,0.0
2021-11-02 00:00:00+09:00,1397.9388187466204,1397.9388187466204,1369.3087158203125,1369.3087158203125,8600,0.0,0.0
2021-11-04 00:00:00+09:00,1365.3597598176907,1444.33935546875,1365.3597598176907,1444.33935546875,16600,0.0,0.0
2021-11-05 00:00:00+09:00,1462.1097323099773,1462.1097323099773,1406.824016571045,1421.6326904296875,22500,0.0,0.0
2021-11-08 00:00:00+09:00,1442.364844210321,1442.364844210321,1390.04086286662,1413.7347412109375,7400,0.0,0.0
2021-11-09 00:00:00+09:00,1426.5688340253546,1430.517813496705,1388.0662841796875,1388.0662841796875,6800,0.0,0.0
2021-11-10 00:00:00+09:00,1388.066286614138,1388.066286614138,1367.3341443531872,1386.091796875,6900,0.0,0.0
2021-11-11 00:00:00+09:00,1388.0663013677488,1396.9515052883105,1374.244873046875,1374.244873046875,5100,0.0,0.0
2021-11-12 00:00:00+09:00,1394.977008082836,1394.977008082836,1362.3979272146594,1380.1683349609375,12600,0.0,0.0
2021-11-15 00:00:00+09:00,1369.3087312677558,1373.2577110262785,1351.5383223544034,1357.4617919921875,11400,0.0,0.0
2021-11-16 00:00:00+09:00,1370.2959430484923,1390.040841363312,1357.4617591438594,1383.130126953125,8800,0.0,0.0
2021-11-17 00:00:00+09:00,1383.1300844134705,1384.1173292988478,1360.4234520497948,1368.3214111328125,5600,0.0,0.0
2021-11-18 00:00:00+09:00,1378.1938849243595,1401.8877626021422,1355.4872521498178,1396.9515380859375,6600,0.0,0.0
2021-11-19 00:00:00+09:00,1430.5178353094284,1505.548446409164,1429.5305904265372,1469.0203857421875,56000,0.0,0.0
2021-11-22 00:00:00+09:00,1493.7014993106618,1499.6249685742864,1409.7856847426472,1426.56884765625,28300,0.0,0.0
2021-11-24 00:00:00+09:00,1414.7220070996027,1446.3138453600266,1404.8495576432204,1444.33935546875,11600,0.0,0.0
2021-11-25 00:00:00+09:00,1444.3393288615023,1459.1480027732744,1413.7347361105067,1417.6837158203125,16400,0.0,0.0
2021-11-26 00:00:00+09:00,1417.6836286529337,1418.6708735196837,1339.6912841796875,1339.6912841796875,24600,0.0,0.0
2021-11-29 00:00:00+09:00,1363.3852504341903,1363.3852504341903,1312.0485139949594,1318.959228515625,19600,0.0,0.0
2021-11-30 00:00:00+09:00,1356.4744923871003,1364.3724515858607,1304.1505126953125,1304.1505126953125,13000,0.0,0.0
2021-12-01 00:00:00+09:00,1304.1505003140262,1322.9081532330015,1288.3545820664679,1314.02294921875,11900,0.0,0.0
2021-12-02 00:00:00+09:00,1296.2525685123126,1312.048487092813,1284.4056295769374,1292.3035888671875,10400,0.0,0.0
2021-12-03 00:00:00+09:00,1292.3035543551619,1323.8953906724769,1262.6862078076792,1319.9464111328125,13400,0.0,0.0
2021-12-06 00:00:00+09:00,1313.0357691753343,1315.0102590537933,1300.2015849653496,1311.061279296875,3700,0.0,0.0
2021-12-07 00:00:00+09:00,1316.984715967446,1336.7296142578125,1303.1632871641893,1336.7296142578125,8200,0.0,0.0
2021-12-08 00:00:00+09:00,1340.67863824896,1351.5383326677659,1331.7934337244822,1349.5638427734375,4300,0.0,0.0
2021-12-09 00:00:00+09:00,1347.5892588808342,1390.0407886477763,1347.5892588808342,1376.2193603515625,5100,0.0,0.0
2021-12-10 00:00:00+09:00,1387.0791075215539,1387.0791075215539,1324.8826777892707,1334.755126953125,7200,0.0,0.0
2021-12-13 00:00:00+09:00,1346.6020787973873,1346.6020787973873,1317.9719759490558,1324.8826904296875,3600,0.0,0.0
2021-12-14 00:00:00+09:00,1329.8188314423305,1331.7933211697875,1293.290771484375,1293.290771484375,2900,0.0,0.0
2021-12-15 00:00:00+09:00,1293.290862808342,1326.8571905453523,1293.290862808342,1316.9847412109375,7300,0.0,0.0
2021-12-16 00:00:00+09:00,1316.9847036233048,1350.5510304023094,1313.0357240022454,1346.60205078125,10100,0.0,0.0
2021-12-17 00:00:00+09:00,1357.4616956574964,1387.0790417445692,1356.4744507879273,1386.091796875,10100,0.0,0.0
2021-12-20 00:00:00+09:00,1380.1683801323306,1380.1683801323306,1313.035726449213,1344.6275634765625,9200,0.0,0.0
2021-12-21 00:00:00+09:00,1362.3980028639994,1365.3597376528342,1308.0995317353618,1320.9337158203125,11800,0.0,0.0
2021-12-22 00:00:00+09:00,1334.7551069650037,1375.2321479306584,1330.8061273585984,1350.551025390625,3800,0.0,0.0
2021-12-23 00:00:00+09:00,1352.525490532691,1372.270388204701,1352.525490532691,1370.2958984375,2500,0.0,0.0
2021-12-24 00:00:00+09:00,1362.3979111894976,1362.3979111894976,1338.7040344731586,1343.6402587890625,3700,0.0,0.0
2021-12-27 00:00:00+09:00,1338.7040564791978,1338.7040564791978,1322.9081384086467,1325.869873046875,4800,0.0,0.0
2021-12-28 00:00:00+09:00,1325.869865717227,1350.5509875660211,1317.9719067256128,1331.7933349609375,9700,0.0,0.0
2021-12-29 00:00:00+09:00,1332.7805857063195,1376.2193603515625,1332.7805857063195,1376.2193603515625,8000,0.0,0.0
2021-12-30 00:00:00+09:00,1354.5000571732955,1369.3087312677558,1334.755158380682,1357.4617919921875,6000,0.0,0.0
2022-01-04 00:00:00+09:00,1357.4617223008152,1372.270395635006,1324.8826409655958,1364.3724365234375,16600,0.0,0.0
2022-01-05 00:00:00+09:00,1355.487259988224,1379.1811378030216,1322.908177992877,1342.653076171875,14700,0.0,0.0
2022-01-06 00:00:00+09:00,1328.831620075429,1336.729579184347,1303.163252971446,1315.9974365234375,10800,0.0,0.0
2022-01-07 00:00:00+09:00,1329.8188510714165,1391.0280335260773,1322.9081369233097,1376.2193603515625,30500,0.0,0.0
2022-01-11 00:00:00+09:00,1304.150499936013,1322.9081528495515,1265.64794921875,1265.64794921875,38900,0.0,0.0
2022-01-12 00:00:00+09:00,1265.6480271359708,1265.6480271359708,1239.9796584109042,1252.8138427734375,20600,0.0,0.0
2022-01-13 00:00:00+09:00,1245.9030070187423,1251.826476148784,1197.5280091234029,1202.4642333984375,23300,0.0,0.0
2022-01-14 00:00:00+09:00,1196.54087522861,1196.54087522861,1161.0000571525127,1163.9617919921875,18800,0.0,0.0
2022-01-17 00:00:00+09:00,1154.0892729075624,1157.051007568574,1115.58672231441,1122.4974365234375,17100,0.0,0.0
2022-01-18 00:00:00+09:00,1116.5740089416504,1151.1275812784831,1115.586764017741,1137.30615234375,14100,0.0,0.0
2022-01-19 00:00:00+09:00,1137.3060760771994,1141.255055508023,1099.790771484375,1099.790771484375,12800,0.0,0.0
2022-01-20 00:00:00+09:00,1099.7908805222698,1119.5357796339802,1099.7908805222698,1109.663330078125,11600,0.0,0.0
2022-01-21 00:00:00+09:00,1109.6633044689686,1129.408203125,1109.6633044689686,1129.408203125,10200,0.0,0.0
2022-01-24 00:00:00+09:00,1129.4081441380033,1178.770388199979,1128.4208992567637,1176.7958984375,7400,0.0,0.0
2022-01-25 00:00:00+09:00,1181.7321957921135,1181.7321957921135,1148.1658677579182,1167.9107666015625,9800,0.0,0.0
2022-01-26 00:00:00+09:00,1174.8214632447002,1183.7066675885678,1165.9362589008329,1181.732177734375,7300,0.0,0.0
2022-01-27 00:00:00+09:00,1181.7321634226832,1181.7321634226832,1135.3316524110992,1145.2041015625,26200,0.0,0.0
2022-01-28 00:00:00+09:00,1145.2040865641,1157.051025390625,1133.3571477375747,1157.051025390625,18500,0.0,0.0
2022-01-31 00:00:00+09:00,1164.9490396337571,1209.3750623316546,1162.9745497360727,1208.3878173828125,13300,0.0,0.0
2022-02-01 00:00:00+09:00,1206.4133009117847,1222.209219745327,1180.7449328072787,1181.732177734375,6000,0.0,0.0
2022-02-02 00:00:00+09:00,1194.5663703585672,1222.209228515625,1194.5663703585672,1222.209228515625,7800,0.0,0.0
2022-02-03 00:00:00+09:00,1222.2092183267707,1230.107177734375,1207.4005444375125,1230.107177734375,3900,0.0,0.0
2022-02-04 00:00:00+09:00,1234.0561498087436,1241.9541091675194,1230.1071701293556,1236.0306396484375,3400,0.0,0.0
2022-02-07 00:00:00+09:00,1242.9413118970524,1274.533148259805,1233.0688630336922,1269.596923828125,8600,0.0,0.0
2022-02-08 00:00:00+09:00,1270.584132982337,1270.584132982337,1242.9412769423172,1248.86474609375,3900,0.0,0.0
2022-02-09 00:00:00+09:00,1272.5587132673315,1274.533203125,1249.852079904144,1274.533203125,5500,0.0,0.0
2022-02-10 00:00:00+09:00,1274.5332185866032,1274.5332185866032,1255.7755647112,1262.686279296875,5300,0.0,0.0
2022-02-14 00:00:00+09:00,1262.686216724684,1262.686216724684,1209.3749925627349,1215.2984619140625,12300,0.0,0.0
2022-02-15 00:00:00+09:00,1214.3112682275269,1214.3112682275269,1175.8087158203125,1175.8087158203125,9800,0.0,0.0
2022-02-16 00:00:00+09:00,1175.8086437988281,1232.0816015625,1172.8469091796876,1184.69384765625,32300,0.0,0.0
2022-02-17 00:00:00+09:00,1184.69384765625,1188.6428271484376,1153.10201171875,1184.69384765625,22500,0.0,0.0
2022-02-18 00:00:00+09:00,1155.0765597353768,1185.68115234375,1145.2041105068693,1185.68115234375,31300,0.0,0.0
2022-02-21 00:00:00+09:00,1157.0510105442356,1181.7321327828072,1157.0510105442356,1168.89794921875,11500,0.0,0.0
2022-02-22 00:00:00+09:00,1164.9489820957997,1168.8979616961244,1148.1658187944195,1159.0255126953125,14800,0.0,0.0
2022-02-24 00:00:00+09:00,1172.8469387755101,1172.8469387755101,1136.3188775510205,1161.0,19500,0.0,0.0
2022-02-25 00:00:00+09:00,1161.0,1181.0,1140.0,1181.0,17300,15.0,0.0
2022-02-28 00:00:00+09:00,1166.0,1193.0,1166.0,1184.0,14700,0.0,0.0
2022-03-01 00:00:00+09:00,1198.0,1206.0,1193.0,1199.0,12000,0.0,0.0
2022-03-02 00:00:00+09:00,1216.0,1216.0,1180.0,1184.0,6600,0.0,0.0
2022-03-03 00:00:00+09:00,1180.0,1190.0,1178.0,1178.0,3200,0.0,0.0
2022-03-04 00:00:00+09:00,1180.0,1180.0,1141.0,1155.0,16400,0.0,0.0
2022-03-07 00:00:00+09:00,1166.0,1175.0,1125.0,1156.0,11600,0.0,0.0
2022-03-08 00:00:00+09:00,1161.0,1190.0,1133.0,1150.0,13800,0.0,0.0
2022-03-09 00:00:00+09:00,1150.0,1158.0,1113.0,1117.0,13400,0.0,0.0
2022-03-10 00:00:00+09:00,1120.0,1163.0,1120.0,1163.0,10300,0.0,0.0
2022-03-11 00:00:00+09:00,1136.0,1176.0,1136.0,1174.0,5500,0.0,0.0
2022-03-14 00:00:00+09:00,1174.0,1191.0,1150.0,1191.0,8800,0.0,0.0
2022-03-15 00:00:00+09:00,1189.0,1208.0,1170.0,1203.0,4200,0.0,0.0
2022-03-16 00:00:00+09:00,1205.0,1233.0,1205.0,1233.0,8400,0.0,0.0
2022-03-17 00:00:00+09:00,1233.0,1253.0,1227.0,1253.0,9400,0.0,0.0
2022-03-18 00:00:00+09:00,1255.0,1285.0,1253.0,1278.0,12300,0.0,0.0
2022-03-22 00:00:00+09:00,1276.0,1276.0,1245.0,1256.0,9800,0.0,0.0
2022-03-23 00:00:00+09:00,1279.0,1288.0,1252.0,1287.0,7500,0.0,0.0
2022-03-24 00:00:00+09:00,1286.0,1291.0,1244.0,1291.0,6200,0.0,0.0
2022-03-25 00:00:00+09:00,1293.0,1350.0,1280.0,1309.0,43200,0.0,0.0
2022-03-28 00:00:00+09:00,1339.0,1339.0,1258.0,1300.0,21600,0.0,0.0
2022-03-29 00:00:00+09:00,1300.0,1303.0,1253.0,1303.0,19000,0.0,0.0
2022-03-30 00:00:00+09:00,1295.0,1300.0,1279.0,1291.0,8400,0.0,0.0
2022-03-31 00:00:00+09:00,1291.0,1314.0,1268.0,1313.0,10600,0.0,0.0
2022-04-01 00:00:00+09:00,1292.0,1315.0,1281.0,1301.0,7700,0.0,0.0
2022-04-04 00:00:00+09:00,1312.0,1319.0,1300.0,1315.0,6100,0.0,0.0
2022-04-05 00:00:00+09:00,1339.0,1341.0,1311.0,1321.0,12300,0.0,0.0
2022-04-06 00:00:00+09:00,1306.0,1319.0,1276.0,1289.0,12700,0.0,0.0
2022-04-07 00:00:00+09:00,1255.0,1255.0,1194.0,1226.0,37000,0.0,0.0
2022-04-08 00:00:00+09:00,1136.0,1214.0,1136.0,1203.0,61800,0.0,0.0
2022-04-11 00:00:00+09:00,1200.0,1200.0,1150.0,1150.0,19700,0.0,0.0
2022-04-12 00:00:00+09:00,1150.0,1150.0,1108.0,1111.0,19300,0.0,0.0
2022-04-13 00:00:00+09:00,1107.0,1135.0,1107.0,1126.0,11900,0.0,0.0
2022-04-14 00:00:00+09:00,1131.0,1145.0,1124.0,1140.0,5000,0.0,0.0
2022-04-15 00:00:00+09:00,1140.0,1143.0,1113.0,1117.0,9400,0.0,0.0
2022-04-18 00:00:00+09:00,1118.0,1121.0,1109.0,1117.0,5600,0.0,0.0
2022-04-19 00:00:00+09:00,1114.0,1142.0,1114.0,1138.0,6100,0.0,0.0
2022-04-20 00:00:00+09:00,1130.0,1148.0,1117.0,1123.0,13300,0.0,0.0
2022-04-21 00:00:00+09:00,1120.0,1127.0,1117.0,1122.0,8900,0.0,0.0
2022-04-22 00:00:00+09:00,1123.0,1129.0,1105.0,1120.0,7000,0.0,0.0
2022-04-25 00:00:00+09:00,1139.0,1139.0,1105.0,1105.0,6200,0.0,0.0
2022-04-26 00:00:00+09:00,1113.0,1124.0,1107.0,1108.0,5300,0.0,0.0
2022-04-27 00:00:00+09:00,1108.0,1128.0,1085.0,1128.0,22600,0.0,0.0
2022-04-28 00:00:00+09:00,1128.0,1130.0,1109.0,1130.0,6400,0.0,0.0
2022-05-02 00:00:00+09:00,1141.0,1163.0,1128.0,1160.0,23200,0.0,0.0
2022-05-06 00:00:00+09:00,1169.0,1225.0,1154.0,1225.0,24600,0.0,0.0
2022-05-09 00:00:00+09:00,1222.0,1225.0,1162.0,1163.0,32200,0.0,0.0
2022-05-10 00:00:00+09:00,1159.0,1206.0,1142.0,1184.0,14200,0.0,0.0
2022-05-11 00:00:00+09:00,1181.0,1182.0,1155.0,1158.0,5600,0.0,0.0
2022-05-12 00:00:00+09:00,1175.0,1175.0,1124.0,1128.0,8400,0.0,0.0
2022-05-13 00:00:00+09:00,1131.0,1176.0,1130.0,1176.0,12900,0.0,0.0
2022-05-16 00:00:00+09:00,1180.0,1180.0,1151.0,1155.0,7600,0.0,0.0
2022-05-17 00:00:00+09:00,1155.0,1162.0,1128.0,1138.0,6900,0.0,0.0
2022-05-18 00:00:00+09:00,1140.0,1144.0,1127.0,1134.0,5300,0.0,0.0
2022-05-19 00:00:00+09:00,1132.0,1132.0,1104.0,1119.0,24500,0.0,0.0
2022-05-20 00:00:00+09:00,1143.0,1143.0,1110.0,1125.0,11100,0.0,0.0
2022-05-23 00:00:00+09:00,1125.0,1172.0,1125.0,1172.0,8400,0.0,0.0
2022-05-24 00:00:00+09:00,1175.0,1175.0,1157.0,1162.0,2700,0.0,0.0
2022-05-25 00:00:00+09:00,1176.0,1199.0,1162.0,1199.0,5900,0.0,0.0
2022-05-26 00:00:00+09:00,1190.0,1197.0,1155.0,1176.0,12600,0.0,0.0
2022-05-27 00:00:00+09:00,1191.0,1191.0,1168.0,1189.0,6800,0.0,0.0
2022-05-30 00:00:00+09:00,1189.0,1200.0,1177.0,1200.0,19300,0.0,0.0
2022-05-31 00:00:00+09:00,1194.0,1211.0,1173.0,1199.0,23400,0.0,0.0
2022-06-01 00:00:00+09:00,1201.0,1212.0,1181.0,1193.0,8900,0.0,0.0
2022-06-02 00:00:00+09:00,1200.0,1200.0,1180.0,1190.0,6000,0.0,0.0
2022-06-03 00:00:00+09:00,1190.0,1197.0,1180.0,1185.0,5600,0.0,0.0
2022-06-06 00:00:00+09:00,1185.0,1185.0,1169.0,1181.0,6100,0.0,0.0
2022-06-07 00:00:00+09:00,1177.0,1180.0,1172.0,1172.0,2400,0.0,0.0
2022-06-08 00:00:00+09:00,1172.0,1189.0,1172.0,1189.0,9200,0.0,0.0
2022-06-09 00:00:00+09:00,1189.0,1217.0,1188.0,1196.0,15400,0.0,0.0
2022-06-10 00:00:00+09:00,1212.0,1212.0,1170.0,1172.0,14300,0.0,0.0
2022-06-13 00:00:00+09:00,1172.0,1172.0,1148.0,1152.0,7600,0.0,0.0
2022-06-14 00:00:00+09:00,1152.0,1164.0,1138.0,1161.0,6700,0.0,0.0
2022-06-15 00:00:00+09:00,1150.0,1153.0,1130.0,1133.0,8900,0.0,0.0
2022-06-16 00:00:00+09:00,1133.0,1146.0,1125.0,1136.0,8900,0.0,0.0
2022-06-17 00:00:00+09:00,1130.0,1149.0,1120.0,1149.0,5600,0.0,0.0
2022-06-20 00:00:00+09:00,1198.0,1198.0,1139.0,1146.0,12000,0.0,0.0
2022-06-21 00:00:00+09:00,1146.0,1163.0,1146.0,1156.0,3400,0.0,0.0
2022-06-22 00:00:00+09:00,1157.0,1160.0,1144.0,1160.0,3500,0.0,0.0
2022-06-23 00:00:00+09:00,1165.0,1165.0,1150.0,1156.0,8400,0.0,0.0
2022-06-24 00:00:00+09:00,1160.0,1176.0,1160.0,1175.0,4200,0.0,0.0
2022-06-27 00:00:00+09:00,1175.0,1182.0,1173.0,1180.0,4700,0.0,0.0
2022-06-28 00:00:00+09:00,1195.0,1195.0,1175.0,1194.0,11300,0.0,0.0
2022-06-29 00:00:00+09:00,1175.0,1217.0,1175.0,1217.0,14100,0.0,0.0
2022-06-30 00:00:00+09:00,1211.0,1214.0,1200.0,1201.0,6900,0.0,0.0
2022-07-01 00:00:00+09:00,1195.0,1195.0,1158.0,1165.0,14700,0.0,0.0
2022-07-04 00:00:00+09:00,1159.0,1180.0,1153.0,1170.0,11200,0.0,0.0
2022-07-05 00:00:00+09:00,1179.0,1179.0,1150.0,1150.0,20500,0.0,0.0
2022-07-06 00:00:00+09:00,1140.0,1150.0,1133.0,1144.0,18100,0.0,0.0
2022-07-07 00:00:00+09:00,1148.0,1148.0,1134.0,1148.0,5700,0.0,0.0
2022-07-08 00:00:00+09:00,1142.0,1147.0,1124.0,1124.0,21100,0.0,0.0
2022-07-11 00:00:00+09:00,1122.0,1143.0,1106.0,1115.0,23900,0.0,0.0
2022-07-12 00:00:00+09:00,1119.0,1119.0,1077.0,1085.0,25900,0.0,0.0
2022-07-13 00:00:00+09:00,1095.0,1102.0,1085.0,1094.0,9400,0.0,0.0
2022-07-14 00:00:00+09:00,1094.0,1094.0,1078.0,1080.0,14800,0.0,0.0
2022-07-15 00:00:00+09:00,1077.0,1077.0,1026.0,1026.0,80300,0.0,0.0
2022-07-19 00:00:00+09:00,1032.0,1060.0,1030.0,1060.0,22100,0.0,0.0
2022-07-20 00:00:00+09:00,1068.0,1093.0,1061.0,1082.0,25700,0.0,0.0
2022-07-21 00:00:00+09:00,1082.0,1106.0,1082.0,1100.0,11700,0.0,0.0
2022-07-22 00:00:00+09:00,1100.0,1109.0,1095.0,1099.0,35200,0.0,0.0
2022-07-25 00:00:00+09:00,1098.0,1104.0,1092.0,1104.0,7100,0.0,0.0
2022-07-26 00:00:00+09:00,1104.0,1104.0,1090.0,1091.0,9500,0.0,0.0
2022-07-27 00:00:00+09:00,1097.0,1097.0,1090.0,1090.0,4800,0.0,0.0
2022-07-28 00:00:00+09:00,1096.0,1106.0,1086.0,1092.0,12600,0.0,0.0
2022-07-29 00:00:00+09:00,1092.0,1104.0,1090.0,1093.0,11600,0.0,0.0
2022-08-01 00:00:00+09:00,1100.0,1106.0,1093.0,1096.0,8500,0.0,0.0
2022-08-02 00:00:00+09:00,1102.0,1102.0,1084.0,1084.0,10300,0.0,0.0
2022-08-03 00:00:00+09:00,1085.0,1093.0,1061.0,1069.0,15600,0.0,0.0
2022-08-04 00:00:00+09:00,1076.0,1095.0,1070.0,1089.0,9000,0.0,0.0
2022-08-05 00:00:00+09:00,1089.0,1090.0,1081.0,1081.0,4800,0.0,0.0
2022-08-08 00:00:00+09:00,1094.0,1094.0,1076.0,1086.0,5700,0.0,0.0
2022-08-09 00:00:00+09:00,1081.0,1087.0,1081.0,1081.0,9000,0.0,0.0
2022-08-10 00:00:00+09:00,1087.0,1092.0,1074.0,1087.0,7800,0.0,0.0
2022-08-12 00:00:00+09:00,1087.0,1099.0,1087.0,1099.0,11500,0.0,0.0
2022-08-15 00:00:00+09:00,1095.0,1101.0,1085.0,1093.0,24600,0.0,0.0
2022-08-16 00:00:00+09:00,1090.0,1096.0,1088.0,1096.0,10300,0.0,0.0
2022-08-17 00:00:00+09:00,1092.0,1103.0,1092.0,1100.0,11200,0.0,0.0
2022-08-18 00:00:00+09:00,1083.0,1088.0,1062.0,1070.0,41200,0.0,0.0
2022-08-19 00:00:00+09:00,1070.0,1080.0,1066.0,1071.0,32700,0.0,0.0
2022-08-22 00:00:00+09:00,1070.0,1076.0,1063.0,1072.0,24500,0.0,0.0
2022-08-23 00:00:00+09:00,1069.0,1076.0,1069.0,1074.0,9400,0.0,0.0
2022-08-24 00:00:00+09:00,1070.0,1077.0,1066.0,1073.0,15300,0.0,0.0
2022-08-25 00:00:00+09:00,1070.0,1075.0,1068.0,1073.0,24400,0.0,0.0
2022-08-26 00:00:00+09:00,1073.0,1073.0,1069.0,1073.0,33000,0.0,0.0
2022-08-29 00:00:00+09:00,1073.0,1073.0,1065.0,1073.0,36100,0.0,0.0
2022-08-30 00:00:00+09:00,1056.0,1056.0,1044.0,1044.0,32600,0.0,0.0
2022-08-31 00:00:00+09:00,1058.0,1058.0,1033.0,1035.0,15400,0.0,0.0
2022-09-01 00:00:00+09:00,1035.0,1035.0,1021.0,1024.0,18300,0.0,0.0
2022-09-02 00:00:00+09:00,1024.0,1035.0,1023.0,1035.0,8000,0.0,0.0
2022-09-05 00:00:00+09:00,1026.0,1028.0,1023.0,1025.0,5200,0.0,0.0
2022-09-06 00:00:00+09:00,1023.0,1030.0,1020.0,1023.0,6300,0.0,0.0
2022-09-07 00:00:00+09:00,1023.0,1025.0,1020.0,1020.0,6300,0.0,0.0
2022-09-08 00:00:00+09:00,1022.0,1025.0,1020.0,1025.0,10900,0.0,0.0
2022-09-09 00:00:00+09:00,1020.0,1033.0,1020.0,1030.0,8700,0.0,0.0
2022-09-12 00:00:00+09:00,1030.0,1040.0,1030.0,1040.0,3900,0.0,0.0
2022-09-13 00:00:00+09:00,1040.0,1040.0,1036.0,1037.0,5000,0.0,0.0
2022-09-14 00:00:00+09:00,1032.0,1034.0,1021.0,1033.0,7400,0.0,0.0
2022-09-15 00:00:00+09:00,1033.0,1039.0,1026.0,1036.0,2900,0.0,0.0
2022-09-16 00:00:00+09:00,1027.0,1034.0,1023.0,1031.0,9700,0.0,0.0
2022-09-20 00:00:00+09:00,1031.0,1032.0,1022.0,1023.0,6300,0.0,0.0
2022-09-21 00:00:00+09:00,1021.0,1022.0,1013.0,1016.0,10100,0.0,0.0
2022-09-22 00:00:00+09:00,1011.0,1012.0,1002.0,1002.0,10800,0.0,0.0
2022-09-26 00:00:00+09:00,1000.0,1003.0,995.0,995.0,14000,0.0,0.0
2022-09-27 00:00:00+09:00,1000.0,1003.0,995.0,1000.0,8100,0.0,0.0
2022-09-28 00:00:00+09:00,995.0,1005.0,991.0,1005.0,13200,0.0,0.0
2022-09-29 00:00:00+09:00,1000.0,1015.0,1000.0,1015.0,6500,0.0,0.0
2022-09-30 00:00:00+09:00,1005.0,1025.0,999.0,1015.0,36600,0.0,0.0
2022-10-03 00:00:00+09:00,1015.0,1015.0,1000.0,1001.0,9900,0.0,0.0
2022-10-04 00:00:00+09:00,1001.0,1005.0,997.0,1001.0,13000,0.0,0.0
2022-10-05 00:00:00+09:00,999.0,1010.0,998.0,998.0,15500,0.0,0.0
2022-10-06 00:00:00+09:00,991.0,1008.0,991.0,996.0,17900,0.0,0.0
2022-10-07 00:00:00+09:00,996.0,1002.0,993.0,996.0,8200,0.0,0.0
2022-10-11 00:00:00+09:00,995.0,995.0,985.0,989.0,16400,0.0,0.0
2022-10-12 00:00:00+09:00,994.0,994.0,978.0,981.0,13700,0.0,0.0
2022-10-13 00:00:00+09:00,978.0,979.0,962.0,967.0,13500,0.0,0.0
2022-10-14 00:00:00+09:00,971.0,992.0,970.0,986.0,11100,0.0,0.0
2022-10-17 00:00:00+09:00,984.0,994.0,980.0,988.0,7300,0.0,0.0
2022-10-18 00:00:00+09:00,993.0,996.0,985.0,988.0,11100,0.0,0.0
2022-10-19 00:00:00+09:00,991.0,1000.0,985.0,992.0,20900,0.0,0.0
2022-10-20 00:00:00+09:00,985.0,996.0,985.0,996.0,7000,0.0,0.0
2022-10-21 00:00:00+09:00,995.0,999.0,988.0,996.0,4300,0.0,0.0
2022-10-24 00:00:00+09:00,999.0,1000.0,992.0,993.0,6300,0.0,0.0
2022-10-25 00:00:00+09:00,1006.0,1018.0,997.0,1011.0,14900,0.0,0.0
2022-10-26 00:00:00+09:00,1012.0,1018.0,1010.0,1013.0,11000,0.0,0.0
2022-10-27 00:00:00+09:00,1013.0,1013.0,1003.0,1004.0,2900,0.0,0.0
2022-10-28 00:00:00+09:00,1007.0,1007.0,979.0,979.0,27200,0.0,0.0
2022-10-31 00:00:00+09:00,993.0,1001.0,976.0,978.0,7500,0.0,0.0
2022-11-01 00:00:00+09:00,978.0,979.0,973.0,977.0,9400,0.0,0.0
2022-11-02 00:00:00+09:00,977.0,980.0,975.0,977.0,4000,0.0,0.0
2022-11-04 00:00:00+09:00,986.0,986.0,973.0,973.0,4800,0.0,0.0
2022-11-07 00:00:00+09:00,981.0,981.0,973.0,973.0,3000,0.0,0.0
2022-11-08 00:00:00+09:00,981.0,981.0,973.0,978.0,3500,0.0,0.0
2022-11-09 00:00:00+09:00,979.0,982.0,975.0,978.0,2700,0.0,0.0
2022-11-10 00:00:00+09:00,977.0,1011.0,975.0,988.0,15600,0.0,0.0
2022-11-11 00:00:00+09:00,995.0,997.0,986.0,989.0,6200,0.0,0.0
2022-11-14 00:00:00+09:00,990.0,992.0,988.0,991.0,2700,0.0,0.0
2022-11-15 00:00:00+09:00,996.0,1010.0,996.0,1008.0,8500,0.0,0.0
2022-11-16 00:00:00+09:00,1008.0,1011.0,1003.0,1005.0,5500,0.0,0.0
2022-11-17 00:00:00+09:00,1015.0,1015.0,1009.0,1015.0,4100,0.0,0.0
2022-11-18 00:00:00+09:00,1015.0,1017.0,1009.0,1013.0,5600,0.0,0.0
2022-11-21 00:00:00+09:00,1008.0,1012.0,1000.0,1002.0,9400,0.0,0.0
2022-11-22 00:00:00+09:00,1009.0,1017.0,1008.0,1016.0,7400,0.0,0.0
2022-11-24 00:00:00+09:00,1016.0,1034.0,1016.0,1034.0,15500,0.0,0.0
2022-11-25 00:00:00+09:00,1041.0,1041.0,1030.0,1035.0,5800,0.0,0.0
2022-11-28 00:00:00+09:00,1035.0,1042.0,1031.0,1038.0,8100,0.0,0.0
2022-11-29 00:00:00+09:00,1037.0,1042.0,1031.0,1032.0,7900,0.0,0.0
2022-11-30 00:00:00+09:00,1037.0,1039.0,1027.0,1027.0,4300,0.0,0.0
2022-12-01 00:00:00+09:00,1027.0,1034.0,1020.0,1024.0,5200,0.0,0.0
2022-12-02 00:00:00+09:00,1020.0,1025.0,1006.0,1012.0,5500,0.0,0.0
2022-12-05 00:00:00+09:00,1020.0,1020.0,1009.0,1012.0,4900,0.0,0.0
2022-12-06 00:00:00+09:00,1008.0,1018.0,1007.0,1007.0,3700,0.0,0.0
2022-12-07 00:00:00+09:00,1005.0,1009.0,1002.0,1006.0,2900,0.0,0.0
2022-12-08 00:00:00+09:00,1006.0,1007.0,1001.0,1006.0,5400,0.0,0.0
2022-12-09 00:00:00+09:00,1010.0,1013.0,1005.0,1007.0,4000,0.0,0.0
2022-12-12 00:00:00+09:00,1008.0,1018.0,1006.0,1006.0,3400,0.0,0.0
2022-12-13 00:00:00+09:00,1010.0,1015.0,1009.0,1009.0,3900,0.0,0.0
2022-12-14 00:00:00+09:00,1010.0,1018.0,1010.0,1015.0,3000,0.0,0.0
2022-12-15 00:00:00+09:00,1023.0,1032.0,1021.0,1031.0,8100,0.0,0.0
2022-12-16 00:00:00+09:00,1030.0,1030.0,1020.0,1020.0,3700,0.0,0.0
2022-12-19 00:00:00+09:00,1020.0,1020.0,1010.0,1015.0,6700,0.0,0.0
2022-12-20 00:00:00+09:00,1029.0,1033.0,1001.0,1001.0,11700,0.0,0.0
2022-12-21 00:00:00+09:00,1001.0,1012.0,1000.0,1000.0,14200,0.0,0.0
2022-12-22 00:00:00+09:00,1006.0,1006.0,1001.0,1001.0,2700,0.0,0.0
2022-12-23 00:00:00+09:00,1001.0,1003.0,1000.0,1000.0,3600,0.0,0.0
2022-12-26 00:00:00+09:00,1021.0,1021.0,1003.0,1003.0,2700,0.0,0.0
2022-12-27 00:00:00+09:00,1002.0,1017.0,1002.0,1015.0,6000,0.0,0.0
2022-12-28 00:00:00+09:00,1014.0,1014.0,1004.0,1014.0,6700,0.0,0.0
2022-12-29 00:00:00+09:00,1013.0,1014.0,1009.0,1011.0,4700,0.0,0.0
2022-12-30 00:00:00+09:00,1018.0,1018.0,1013.0,1015.0,3100,0.0,0.0
2023-01-04 00:00:00+09:00,1015.0,1021.0,1011.0,1014.0,4000,0.0,0.0
2023-01-05 00:00:00+09:00,1014.0,1014.0,1003.0,1004.0,3600,0.0,0.0
2023-01-06 00:00:00+09:00,1000.0,1015.0,1000.0,1006.0,5800,0.0,0.0
2023-01-10 00:00:00+09:00,1019.0,1019.0,1006.0,1006.0,6000,0.0,0.0
2023-01-11 00:00:00+09:00,1000.0,1003.0,999.0,1003.0,6900,0.0,0.0
2023-01-12 00:00:00+09:00,1000.0,1000.0,994.0,995.0,8300,0.0,0.0
2023-01-13 00:00:00+09:00,993.0,1001.0,990.0,990.0,6400,0.0,0.0
2023-01-16 00:00:00+09:00,990.0,996.0,982.0,982.0,9400,0.0,0.0
2023-01-17 00:00:00+09:00,995.0,995.0,981.0,983.0,8300,0.0,0.0
2023-01-18 00:00:00+09:00,985.0,996.0,982.0,986.0,6200,0.0,0.0
2023-01-19 00:00:00+09:00,980.0,988.0,980.0,984.0,6800,0.0,0.0
2023-01-20 00:00:00+09:00,981.0,993.0,981.0,993.0,10000,0.0,0.0
2023-01-23 00:00:00+09:00,997.0,999.0,990.0,994.0,5900,0.0,0.0
2023-01-24 00:00:00+09:00,990.0,999.0,989.0,997.0,7600,0.0,0.0
2023-01-25 00:00:00+09:00,997.0,998.0,987.0,997.0,7000,0.0,0.0
2023-01-26 00:00:00+09:00,998.0,999.0,995.0,998.0,3600,0.0,0.0
2023-01-27 00:00:00+09:00,995.0,1000.0,995.0,996.0,4300,0.0,0.0
2023-01-30 00:00:00+09:00,996.0,1000.0,980.0,980.0,36500,0.0,0.0
2023-01-31 00:00:00+09:00,981.0,993.0,981.0,993.0,3900,0.0,0.0
2023-02-01 00:00:00+09:00,996.0,1001.0,996.0,1001.0,4500,0.0,0.0
2023-02-02 00:00:00+09:00,999.0,1002.0,996.0,1000.0,3200,0.0,0.0
2023-02-03 00:00:00+09:00,995.0,1000.0,993.0,997.0,4900,0.0,0.0
2023-02-06 00:00:00+09:00,996.0,1003.0,995.0,1001.0,3600,0.0,0.0
2023-02-07 00:00:00+09:00,1003.0,1003.0,997.0,998.0,2200,0.0,0.0
2023-02-08 00:00:00+09:00,998.0,1000.0,995.0,995.0,2700,0.0,0.0
2023-02-09 00:00:00+09:00,998.0,1002.0,998.0,1000.0,2000,0.0,0.0
2023-02-10 00:00:00+09:00,1000.0,1000.0,998.0,1000.0,4000,0.0,0.0
2023-02-13 00:00:00+09:00,1002.0,1002.0,989.0,989.0,7100,0.0,0.0
2023-02-14 00:00:00+09:00,993.0,1000.0,993.0,998.0,4800,0.0,0.0
2023-02-15 00:00:00+09:00,998.0,1001.0,996.0,1000.0,4100,0.0,0.0
2023-02-16 00:00:00+09:00,1000.0,1002.0,992.0,1000.0,7500,0.0,0.0
2023-02-17 00:00:00+09:00,999.0,1003.0,996.0,1003.0,4800,0.0,0.0
2023-02-20 00:00:00+09:00,1000.0,1001.0,998.0,1000.0,10300,0.0,0.0
2023-02-21 00:00:00+09:00,1000.0,1000.0,996.0,996.0,4800,0.0,0.0
2023-02-22 00:00:00+09:00,996.0,996.0,990.0,994.0,10700,0.0,0.0
2023-02-24 00:00:00+09:00,999.0,1004.0,995.0,1004.0,13000,0.0,0.0
2023-02-27 00:00:00+09:00,993.0,999.0,990.0,999.0,11000,0.0,0.0
2023-02-28 00:00:00+09:00,999.0,999.0,995.0,999.0,3100,0.0,0.0
2023-03-01 00:00:00+09:00,999.0,1000.0,995.0,1000.0,2700,0.0,0.0
2023-03-02 00:00:00+09:00,1000.0,1000.0,997.0,1000.0,3100,0.0,0.0
2023-03-03 00:00:00+09:00,999.0,1003.0,997.0,1003.0,5700,0.0,0.0
2023-03-06 00:00:00+09:00,1000.0,1004.0,1000.0,1004.0,4300,0.0,0.0
2023-03-07 00:00:00+09:00,1003.0,1008.0,1003.0,1008.0,4100,0.0,0.0
2023-03-08 00:00:00+09:00,1003.0,1010.0,1002.0,1008.0,4700,0.0,0.0
2023-03-09 00:00:00+09:00,1005.0,1011.0,1003.0,1011.0,5900,0.0,0.0
2023-03-10 00:00:00+09:00,1013.0,1013.0,1001.0,1005.0,9100,0.0,0.0
2023-03-13 00:00:00+09:00,1005.0,1005.0,992.0,999.0,4900,0.0,0.0
2023-03-14 00:00:00+09:00,999.0,999.0,987.0,990.0,10700,0.0,0.0
2023-03-15 00:00:00+09:00,1001.0,1001.0,990.0,995.0,4100,0.0,0.0
2023-03-16 00:00:00+09:00,988.0,990.0,985.0,990.0,6000,0.0,0.0
2023-03-17 00:00:00+09:00,990.0,992.0,987.0,992.0,3700,0.0,0.0
2023-03-20 00:00:00+09:00,999.0,999.0,990.0,992.0,5200,0.0,0.0
2023-03-22 00:00:00+09:00,993.0,999.0,992.0,999.0,4300,0.0,0.0
2023-03-23 00:00:00+09:00,996.0,1000.0,995.0,995.0,3300,0.0,0.0
2023-03-24 00:00:00+09:00,995.0,999.0,994.0,995.0,4900,0.0,0.0
2023-03-27 00:00:00+09:00,992.0,998.0,992.0,998.0,2600,0.0,0.0
2023-03-28 00:00:00+09:00,998.0,998.0,991.0,998.0,4000,0.0,0.0
2023-03-29 00:00:00+09:00,998.0,1011.0,997.0,1011.0,7900,0.0,0.0
2023-03-30 00:00:00+09:00,1002.0,1005.0,996.0,1005.0,4900,0.0,0.0
2023-03-31 00:00:00+09:00,1008.0,1030.0,1005.0,1030.0,9500,0.0,0.0
2023-04-03 00:00:00+09:00,1024.0,1024.0,1001.0,1024.0,6900,0.0,0.0
2023-04-04 00:00:00+09:00,1020.0,1020.0,1002.0,1011.0,6100,0.0,0.0
2023-04-05 00:00:00+09:00,1005.0,1012.0,1003.0,1009.0,4500,0.0,0.0
2023-04-06 00:00:00+09:00,1009.0,1014.0,1003.0,1005.0,5800,0.0,0.0
2023-04-07 00:00:00+09:00,1010.0,1013.0,999.0,1013.0,9100,0.0,0.0
2023-04-10 00:00:00+09:00,1000.0,1007.0,994.0,999.0,10500,0.0,0.0
2023-04-11 00:00:00+09:00,1000.0,1004.0,994.0,1004.0,5300,0.0,0.0
2023-04-12 00:00:00+09:00,1000.0,1000.0,996.0,1000.0,2300,0.0,0.0
2023-04-13 00:00:00+09:00,1000.0,1000.0,994.0,996.0,5900,0.0,0.0
2023-04-14 00:00:00+09:00,997.0,1004.0,996.0,1004.0,3600,0.0,0.0
2023-04-17 00:00:00+09:00,1005.0,1006.0,998.0,1006.0,6000,0.0,0.0
2023-04-18 00:00:00+09:00,1007.0,1011.0,1001.0,1011.0,8300,0.0,0.0
2023-04-19 00:00:00+09:00,1011.0,1011.0,1001.0,1011.0,7300,0.0,0.0
2023-04-20 00:00:00+09:00,1011.0,1011.0,1003.0,1003.0,5400,0.0,0.0
2023-04-21 00:00:00+09:00,1009.0,1009.0,1000.0,1000.0,5100,0.0,0.0
2023-04-24 00:00:00+09:00,1011.0,1011.0,1001.0,1006.0,2200,0.0,0.0
2023-04-25 00:00:00+09:00,1008.0,1008.0,1002.0,1002.0,5900,0.0,0.0
2023-04-26 00:00:00+09:00,1003.0,1007.0,995.0,995.0,9000,0.0,0.0
2023-04-27 00:00:00+09:00,997.0,997.0,990.0,990.0,40700,0.0,0.0
2023-04-28 00:00:00+09:00,995.0,998.0,992.0,996.0,4600,0.0,0.0
2023-05-01 00:00:00+09:00,999.0,1003.0,995.0,1003.0,4600,0.0,0.0
2023-05-02 00:00:00+09:00,1001.0,1003.0,1000.0,1000.0,3000,0.0,0.0
2023-05-08 00:00:00+09:00,1005.0,1009.0,1001.0,1009.0,4800,0.0,0.0
2023-05-09 00:00:00+09:00,1005.0,1009.0,1005.0,1009.0,2300,0.0,0.0
2023-05-10 00:00:00+09:00,1003.0,1010.0,1002.0,1004.0,2900,0.0,0.0
2023-05-11 00:00:00+09:00,1004.0,1010.0,1004.0,1010.0,2700,0.0,0.0
2023-05-12 00:00:00+09:00,1010.0,1015.0,1008.0,1015.0,3900,0.0,0.0
2023-05-15 00:00:00+09:00,1012.0,1020.0,1010.0,1020.0,3600,0.0,0.0
2023-05-16 00:00:00+09:00,1020.0,1025.0,1015.0,1015.0,4800,0.0,0.0
2023-05-17 00:00:00+09:00,1018.0,1025.0,1012.0,1017.0,4100,0.0,0.0
2023-05-18 00:00:00+09:00,1018.0,1026.0,1017.0,1026.0,5400,0.0,0.0
2023-05-19 00:00:00+09:00,1030.0,1030.0,1020.0,1020.0,4000,0.0,0.0
2023-05-22 00:00:00+09:00,1020.0,1020.0,1017.0,1020.0,2300,0.0,0.0
2023-05-23 00:00:00+09:00,1017.0,1017.0,1007.0,1010.0,3000,0.0,0.0
2023-05-24 00:00:00+09:00,1010.0,1017.0,1010.0,1014.0,2000,0.0,0.0
2023-05-25 00:00:00+09:00,1014.0,1017.0,1010.0,1011.0,2100,0.0,0.0
2023-05-26 00:00:00+09:00,1011.0,1011.0,1000.0,1000.0,4700,0.0,0.0
2023-05-29 00:00:00+09:00,1000.0,1002.0,1000.0,1002.0,3000,0.0,0.0
2023-05-30 00:00:00+09:00,1002.0,1002.0,997.0,998.0,6000,0.0,0.0
2023-05-31 00:00:00+09:00,1002.0,1002.0,996.0,996.0,4500,0.0,0.0
2023-06-01 00:00:00+09:00,996.0,1002.0,996.0,1001.0,3900,0.0,0.0
2023-06-02 00:00:00+09:00,1000.0,1003.0,997.0,997.0,2800,0.0,0.0
2023-06-05 00:00:00+09:00,1004.0,1010.0,1004.0,1005.0,3700,0.0,0.0
2023-06-06 00:00:00+09:00,1004.0,1006.0,1003.0,1006.0,1300,0.0,0.0
2023-06-07 00:00:00+09:00,1006.0,1006.0,998.0,999.0,7300,0.0,0.0
2023-06-08 00:00:00+09:00,1004.0,1004.0,999.0,999.0,2700,0.0,0.0
2023-06-09 00:00:00+09:00,1013.0,1013.0,1000.0,1002.0,6400,0.0,0.0
2023-06-12 00:00:00+09:00,1010.0,1013.0,1006.0,1011.0,4300,0.0,0.0
2023-06-13 00:00:00+09:00,1011.0,1013.0,1009.0,1009.0,3100,0.0,0.0
2023-06-14 00:00:00+09:00,1009.0,1014.0,1008.0,1014.0,2200,0.0,0.0
2023-06-15 00:00:00+09:00,1014.0,1014.0,1009.0,1010.0,3400,0.0,0.0
2023-06-16 00:00:00+09:00,1010.0,1019.0,1010.0,1013.0,5200,0.0,0.0
2023-06-19 00:00:00+09:00,1014.0,1021.0,1014.0,1021.0,5900,0.0,0.0
2023-06-20 00:00:00+09:00,1022.0,1034.0,1020.0,1034.0,12700,0.0,0.0
2023-06-21 00:00:00+09:00,1033.0,1033.0,1018.0,1023.0,5300,0.0,0.0
2023-06-22 00:00:00+09:00,1028.0,1028.0,1022.0,1024.0,2300,0.0,0.0
2023-06-23 00:00:00+09:00,1028.0,1028.0,1021.0,1021.0,2900,0.0,0.0
2023-06-26 00:00:00+09:00,1029.0,1029.0,1015.0,1016.0,4000,0.0,0.0
2023-06-27 00:00:00+09:00,1016.0,1021.0,1015.0,1021.0,2000,0.0,0.0
2023-06-28 00:00:00+09:00,1036.0,1036.0,1022.0,1033.0,4400,0.0,0.0
2023-06-29 00:00:00+09:00,1033.0,1033.0,1028.0,1033.0,2600,0.0,0.0
2023-06-30 00:00:00+09:00,1033.0,1043.0,1030.0,1038.0,6500,0.0,0.0
2023-07-03 00:00:00+09:00,1043.0,1044.0,1036.0,1037.0,4700,0.0,0.0
2023-07-04 00:00:00+09:00,1037.0,1042.0,1037.0,1038.0,4000,0.0,0.0
2023-07-05 00:00:00+09:00,1038.0,1040.0,1035.0,1040.0,4600,0.0,0.0
2023-07-06 00:00:00+09:00,1040.0,1049.0,1036.0,1045.0,12700,0.0,0.0
2023-07-07 00:00:00+09:00,1020.0,1021.0,1003.0,1006.0,21800,0.0,0.0
2023-07-10 00:00:00+09:00,1012.0,1015.0,1008.0,1009.0,8100,0.0,0.0
2023-07-11 00:00:00+09:00,1010.0,1015.0,1010.0,1014.0,3900,0.0,0.0
2023-07-12 00:00:00+09:00,1017.0,1017.0,1010.0,1010.0,3300,0.0,0.0
2023-07-13 00:00:00+09:00,1010.0,1015.0,1007.0,1013.0,5700,0.0,0.0
2023-07-14 00:00:00+09:00,1010.0,1015.0,1003.0,1006.0,7400,0.0,0.0
2023-07-18 00:00:00+09:00,1009.0,1010.0,1006.0,1008.0,2900,0.0,0.0
2023-07-19 00:00:00+09:00,1012.0,1012.0,1003.0,1010.0,6900,0.0,0.0
2023-07-20 00:00:00+09:00,1010.0,1010.0,1005.0,1010.0,8000,0.0,0.0
2023-07-21 00:00:00+09:00,1010.0,1010.0,1003.0,1003.0,4900,0.0,0.0
2023-07-24 00:00:00+09:00,1009.0,1010.0,1003.0,1006.0,2800,0.0,0.0
2023-07-25 00:00:00+09:00,1006.0,1009.0,1004.0,1006.0,2400,0.0,0.0
2023-07-26 00:00:00+09:00,1008.0,1010.0,1007.0,1010.0,2200,0.0,0.0
2023-07-27 00:00:00+09:00,1010.0,1011.0,1007.0,1011.0,5000,0.0,0.0
2023-07-28 00:00:00+09:00,1011.0,1012.0,1004.0,1004.0,35900,0.0,0.0
2023-07-31 00:00:00+09:00,1011.0,1011.0,1004.0,1008.0,7800,0.0,0.0
2023-08-01 00:00:00+09:00,1009.0,1009.0,1006.0,1007.0,3500,0.0,0.0
2023-08-02 00:00:00+09:00,1009.0,1009.0,1005.0,1005.0,4500,0.0,0.0
2023-08-03 00:00:00+09:00,1005.0,1007.0,1002.0,1004.0,5700,0.0,0.0
2023-08-04 00:00:00+09:00,1005.0,1005.0,1000.0,1001.0,10300,0.0,0.0
2023-08-07 00:00:00+09:00,1002.0,1005.0,1000.0,1000.0,7000,0.0,0.0
2023-08-08 00:00:00+09:00,1003.0,1004.0,999.0,999.0,9100,0.0,0.0
2023-08-09 00:00:00+09:00,1004.0,1004.0,999.0,999.0,20500,0.0,0.0
2023-08-10 00:00:00+09:00,999.0,1000.0,998.0,1000.0,13200,0.0,0.0
2023-08-14 00:00:00+09:00,1000.0,1003.0,1000.0,1003.0,10400,0.0,0.0
2023-08-15 00:00:00+09:00,1005.0,1005.0,1002.0,1005.0,5100,0.0,0.0
2023-08-16 00:00:00+09:00,1004.0,1008.0,1004.0,1007.0,6200,0.0,0.0
2023-08-17 00:00:00+09:00,1005.0,1006.0,1000.0,1006.0,15100,0.0,0.0
2023-08-18 00:00:00+09:00,1007.0,1007.0,1002.0,1002.0,8700,0.0,0.0
2023-08-21 00:00:00+09:00,1003.0,1009.0,1001.0,1003.0,6300,0.0,0.0
2023-08-22 00:00:00+09:00,1003.0,1012.0,1001.0,1008.0,29400,0.0,0.0
2023-08-23 00:00:00+09:00,1011.0,1011.0,1008.0,1009.0,2700,0.0,0.0
2023-08-24 00:00:00+09:00,1009.0,1009.0,1006.0,1008.0,2500,0.0,0.0
2023-08-25 00:00:00+09:00,1007.0,1010.0,1007.0,1010.0,8600,0.0,0.0
2023-08-28 00:00:00+09:00,1010.0,1014.0,1010.0,1014.0,9600,0.0,0.0
2023-08-29 00:00:00+09:00,1015.0,1022.0,1014.0,1018.0,41700,0.0,0.0
2023-08-30 00:00:00+09:00,1002.0,1002.0,994.0,998.0,26700,0.0,0.0
2023-08-31 00:00:00+09:00,998.0,1002.0,998.0,999.0,5700,0.0,0.0
2023-09-01 00:00:00+09:00,999.0,1003.0,998.0,1002.0,4500,0.0,0.0
2023-09-04 00:00:00+09:00,1003.0,1003.0,1000.0,1003.0,5100,0.0,0.0
2023-09-05 00:00:00+09:00,1002.0,1005.0,1001.0,1005.0,3000,0.0,0.0
2023-09-06 00:00:00+09:00,1004.0,1004.0,1001.0,1002.0,2700,0.0,0.0
2023-09-07 00:00:00+09:00,1001.0,1004.0,1001.0,1001.0,3300,0.0,0.0
2023-09-08 00:00:00+09:00,1000.0,1004.0,1000.0,1003.0,5600,0.0,0.0
2023-09-11 00:00:00+09:00,1004.0,1004.0,1000.0,1004.0,2300,0.0,0.0
2023-09-12 00:00:00+09:00,1004.0,1004.0,1000.0,1004.0,3400,0.0,0.0
2023-09-13 00:00:00+09:00,1000.0,1004.0,1000.0,1003.0,3000,0.0,0.0
2023-09-14 00:00:00+09:00,1003.0,1003.0,1000.0,1001.0,2700,0.0,0.0
2023-09-15 00:00:00+09:00,1002.0,1004.0,1001.0,1003.0,3400,0.0,0.0
2023-09-19 00:00:00+09:00,1005.0,1008.0,1003.0,1008.0,5800,0.0,0.0
2023-09-20 00:00:00+09:00,1004.0,1007.0,1003.0,1003.0,5500,0.0,0.0
2023-09-21 00:00:00+09:00,1003.0,1005.0,999.0,999.0,7400,0.0,0.0
2023-09-22 00:00:00+09:00,999.0,1001.0,996.0,999.0,13100,0.0,0.0
2023-09-25 00:00:00+09:00,999.0,999.0,993.0,993.0,8800,0.0,0.0
2023-09-26 00:00:00+09:00,993.0,995.0,992.0,994.0,4400,0.0,0.0
2023-09-27 00:00:00+09:00,993.0,995.0,987.0,995.0,16300,0.0,0.0
2023-09-28 00:00:00+09:00,995.0,995.0,987.0,987.0,12100,0.0,0.0
2023-09-29 00:00:00+09:00,987.0,990.0,987.0,988.0,2400,0.0,0.0
2023-10-02 00:00:00+09:00,982.0,988.0,982.0,985.0,8500,0.0,0.0
2023-10-03 00:00:00+09:00,983.0,985.0,981.0,983.0,4000,0.0,0.0
2023-10-04 00:00:00+09:00,981.0,981.0,968.0,968.0,16500,0.0,0.0
2023-10-05 00:00:00+09:00,977.0,977.0,968.0,968.0,6900,0.0,0.0
2023-10-06 00:00:00+09:00,965.0,970.0,965.0,967.0,9100,0.0,0.0
2023-10-10 00:00:00+09:00,967.0,967.0,964.0,966.0,8800,0.0,0.0
2023-10-11 00:00:00+09:00,967.0,967.0,962.0,963.0,9300,0.0,0.0
2023-10-12 00:00:00+09:00,963.0,963.0,955.0,956.0,15700,0.0,0.0
2023-10-13 00:00:00+09:00,956.0,957.0,952.0,952.0,9400,0.0,0.0
2023-10-16 00:00:00+09:00,952.0,952.0,940.0,940.0,14300,0.0,0.0
2023-10-17 00:00:00+09:00,940.0,948.0,939.0,943.0,7000,0.0,0.0
2023-10-18 00:00:00+09:00,943.0,945.0,939.0,941.0,5100,0.0,0.0
2023-10-19 00:00:00+09:00,939.0,944.0,938.0,942.0,7500,0.0,0.0
2023-10-20 00:00:00+09:00,944.0,944.0,936.0,936.0,9500,0.0,0.0
2023-10-23 00:00:00+09:00,936.0,938.0,933.0,933.0,4800,0.0,0.0
2023-10-24 00:00:00+09:00,932.0,933.0,922.0,925.0,11900,0.0,0.0
2023-10-25 00:00:00+09:00,920.0,930.0,920.0,924.0,10800,0.0,0.0
2023-10-26 00:00:00+09:00,924.0,930.0,923.0,929.0,5100,0.0,0.0
2023-10-27 00:00:00+09:00,930.0,931.0,928.0,931.0,8700,0.0,0.0
2023-10-30 00:00:00+09:00,931.0,935.0,905.0,905.0,64600,0.0,0.0
2023-10-31 00:00:00+09:00,912.0,912.0,902.0,905.0,16400,0.0,0.0
2023-11-01 00:00:00+09:00,907.0,915.0,905.0,905.0,9500,0.0,0.0
2023-11-02 00:00:00+09:00,911.0,915.0,910.0,912.0,5800,0.0,0.0
2023-11-06 00:00:00+09:00,913.0,920.0,913.0,915.0,7100,0.0,0.0
2023-11-07 00:00:00+09:00,915.0,918.0,910.0,910.0,6000,0.0,0.0
2023-11-08 00:00:00+09:00,912.0,913.0,905.0,905.0,7000,0.0,0.0
2023-11-09 00:00:00+09:00,910.0,912.0,907.0,907.0,4400,0.0,0.0
2023-11-10 00:00:00+09:00,905.0,910.0,905.0,908.0,4800,0.0,0.0
2023-11-13 00:00:00+09:00,910.0,911.0,904.0,904.0,4900,0.0,0.0
2023-11-14 00:00:00+09:00,907.0,907.0,901.0,903.0,8300,0.0,0.0
2023-11-15 00:00:00+09:00,903.0,907.0,903.0,904.0,4300,0.0,0.0
2023-11-16 00:00:00+09:00,904.0,907.0,902.0,902.0,6100,0.0,0.0
2023-11-17 00:00:00+09:00,901.0,906.0,900.0,905.0,10900,0.0,0.0
2023-11-20 00:00:00+09:00,905.0,908.0,903.0,903.0,10200,0.0,0.0
2023-11-21 00:00:00+09:00,908.0,908.0,902.0,906.0,4900,0.0,0.0
2023-11-22 00:00:00+09:00,904.0,910.0,904.0,910.0,4300,0.0,0.0
2023-11-24 00:00:00+09:00,912.0,912.0,907.0,908.0,4200,0.0,0.0
2023-11-27 00:00:00+09:00,908.0,914.0,908.0,914.0,2900,0.0,0.0
2023-11-28 00:00:00+09:00,915.0,915.0,911.0,914.0,3700,0.0,0.0
2023-11-29 00:00:00+09:00,914.0,914.0,911.0,911.0,2500,0.0,0.0
2023-11-30 00:00:00+09:00,911.0,914.0,910.0,913.0,3800,0.0,0.0
2023-12-01 00:00:00+09:00,915.0,915.0,911.0,911.0,3200,0.0,0.0
2023-12-04 00:00:00+09:00,915.0,915.0,910.0,911.0,6500,0.0,0.0
2023-12-05 00:00:00+09:00,910.0,912.0,909.0,909.0,4400,0.0,0.0
2023-12-06 00:00:00+09:00,909.0,911.0,908.0,909.0,3000,0.0,0.0
2023-12-07 00:00:00+09:00,908.0,911.0,908.0,909.0,3900,0.0,0.0
2023-12-08 00:00:00+09:00,911.0,911.0,907.0,907.0,6600,0.0,0.0
2023-12-11 00:00:00+09:00,907.0,910.0,907.0,909.0,2800,0.0,0.0
2023-12-12 00:00:00+09:00,910.0,911.0,906.0,906.0,4400,0.0,0.0
2023-12-13 00:00:00+09:00,906.0,908.0,905.0,906.0,3400,0.0,0.0
2023-12-14 00:00:00+09:00,906.0,906.0,905.0,906.0,3100,0.0,0.0
2023-12-15 00:00:00+09:00,905.0,908.0,905.0,906.0,2500,0.0,0.0
2023-12-18 00:00:00+09:00,906.0,914.0,905.0,914.0,5600,0.0,0.0
2023-12-19 00:00:00+09:00,916.0,917.0,914.0,917.0,6400,0.0,0.0
2023-12-20 00:00:00+09:00,920.0,923.0,919.0,923.0,9200,0.0,0.0
2023-12-21 00:00:00+09:00,923.0,935.0,923.0,932.0,9400,0.0,0.0
2023-12-22 00:00:00+09:00,940.0,952.0,937.0,952.0,12800,0.0,0.0
2023-12-25 00:00:00+09:00,955.0,975.0,955.0,962.0,15400,0.0,0.0
2023-12-26 00:00:00+09:00,962.0,965.0,937.0,945.0,16800,0.0,0.0
2023-12-27 00:00:00+09:00,949.0,951.0,946.0,951.0,7300,0.0,0.0
2023-12-28 00:00:00+09:00,951.0,951.0,944.0,945.0,6400,0.0,0.0
2023-12-29 00:00:00+09:00,942.0,946.0,933.0,938.0,9600,0.0,0.0
2024-01-04 00:00:00+09:00,946.0,947.0,940.0,946.0,5600,0.0,0.0
2024-01-05 00:00:00+09:00,955.0,955.0,947.0,952.0,4400,0.0,0.0
2024-01-09 00:00:00+09:00,952.0,960.0,951.0,960.0,5400,0.0,0.0
2024-01-10 00:00:00+09:00,960.0,970.0,955.0,962.0,10600,0.0,0.0
2024-01-11 00:00:00+09:00,955.0,962.0,948.0,962.0,9900,0.0,0.0
2024-01-12 00:00:00+09:00,960.0,960.0,930.0,931.0,18100,0.0,0.0
2024-01-15 00:00:00+09:00,931.0,933.0,931.0,933.0,2200,0.0,0.0
2024-01-16 00:00:00+09:00,931.0,933.0,921.0,921.0,12100,0.0,0.0
2024-01-17 00:00:00+09:00,929.0,929.0,920.0,921.0,9300,0.0,0.0
2024-01-18 00:00:00+09:00,922.0,925.0,919.0,925.0,8100,0.0,0.0
2024-01-19 00:00:00+09:00,921.0,924.0,920.0,920.0,10200,0.0,0.0
2024-01-22 00:00:00+09:00,920.0,923.0,919.0,919.0,6100,0.0,0.0
2024-01-23 00:00:00+09:00,919.0,923.0,918.0,920.0,7200,0.0,0.0
2024-01-24 00:00:00+09:00,919.0,921.0,919.0,920.0,5400,0.0,0.0
2024-01-25 00:00:00+09:00,921.0,922.0,919.0,920.0,5300,0.0,0.0
2024-01-26 00:00:00+09:00,920.0,925.0,919.0,922.0,6800,0.0,0.0
2024-01-29 00:00:00+09:00,926.0,929.0,924.0,925.0,7000,0.0,0.0
2024-01-30 00:00:00+09:00,925.0,930.0,910.0,910.0,47700,0.0,0.0
2024-01-31 00:00:00+09:00,911.0,915.0,911.0,912.0,8400,0.0,0.0
2024-02-01 00:00:00+09:00,913.0,917.0,912.0,912.0,7100,0.0,0.0
2024-02-02 00:00:00+09:00,917.0,921.0,915.0,918.0,5100,0.0,0.0
2024-02-05 00:00:00+09:00,922.0,923.0,918.0,921.0,8700,0.0,0.0
2024-02-06 00:00:00+09:00,921.0,922.0,919.0,921.0,3800,0.0,0.0
2024-02-07 00:00:00+09:00,921.0,923.0,917.0,917.0,7400,0.0,0.0
2024-02-08 00:00:00+09:00,917.0,920.0,917.0,920.0,3600,0.0,0.0
2024-02-09 00:00:00+09:00,921.0,922.0,918.0,920.0,3700,0.0,0.0
2024-02-13 00:00:00+09:00,920.0,923.0,919.0,919.0,4200,0.0,0.0
2024-02-14 00:00:00+09:00,922.0,923.0,919.0,919.0,3600,0.0,0.0
2024-02-15 00:00:00+09:00,919.0,922.0,918.0,918.0,4000,0.0,0.0
2024-02-16 00:00:00+09:00,920.0,922.0,918.0,921.0,3500,0.0,0.0
2024-02-19 00:00:00+09:00,923.0,925.0,921.0,925.0,4400,0.0,0.0
2024-02-20 00:00:00+09:00,926.0,926.0,923.0,925.0,5500,0.0,0.0
2024-02-21 00:00:00+09:00,925.0,925.0,922.0,922.0,3500,0.0,0.0
2024-02-22 00:00:00+09:00,922.0,925.0,922.0,925.0,1900,0.0,0.0
2024-02-26 00:00:00+09:00,925.0,928.0,923.0,924.0,6800,0.0,0.0
2024-02-27 00:00:00+09:00,930.0,930.0,922.0,926.0,9100,0.0,0.0
2024-02-28 00:00:00+09:00,921.0,921.0,914.0,920.0,10200,0.0,0.0
2024-02-29 00:00:00+09:00,919.0,921.0,917.0,918.0,6000,0.0,0.0
2024-03-01 00:00:00+09:00,917.0,918.0,916.0,916.0,3100,0.0,0.0
2024-03-04 00:00:00+09:00,916.0,918.0,914.0,914.0,6400,0.0,0.0
2024-03-05 00:00:00+09:00,914.0,916.0,913.0,913.0,2700,0.0,0.0
2024-03-06 00:00:00+09:00,916.0,919.0,914.0,915.0,3000,0.0,0.0
2024-03-07 00:00:00+09:00,915.0,919.0,915.0,915.0,2200,0.0,0.0
2024-03-08 00:00:00+09:00,915.0,918.0,915.0,916.0,4100,0.0,0.0
2024-03-11 00:00:00+09:00,917.0,919.0,915.0,918.0,4000,0.0,0.0
2024-03-12 00:00:00+09:00,921.0,921.0,916.0,920.0,2300,0.0,0.0
2024-03-13 00:00:00+09:00,920.0,921.0,918.0,918.0,2400,0.0,0.0
2024-03-14 00:00:00+09:00,921.0,921.0,920.0,921.0,3200,0.0,0.0
2024-03-15 00:00:00+09:00,922.0,922.0,918.0,920.0,2600,0.0,0.0
2024-03-18 00:00:00+09:00,919.0,925.0,917.0,925.0,5900,0.0,0.0
2024-03-19 00:00:00+09:00,925.0,926.0,920.0,924.0,7900,0.0,0.0
2024-03-21 00:00:00+09:00,927.0,927.0,923.0,927.0,7200,0.0,0.0
2024-03-22 00:00:00+09:00,926.0,926.0,924.0,926.0,2900,0.0,0.0
2024-03-25 00:00:00+09:00,927.0,928.0,924.0,926.0,4100,0.0,0.0
2024-03-26 00:00:00+09:00,926.0,926.0,923.0,923.0,2900,0.0,0.0
2024-03-27 00:00:00+09:00,927.0,927.0,922.0,924.0,3800,0.0,0.0
2024-03-28 00:00:00+09:00,924.0,925.0,920.0,920.0,7600,0.0,0.0
2024-03-29 00:00:00+09:00,921.0,927.0,921.0,927.0,1900,0.0,0.0
2024-04-01 00:00:00+09:00,928.0,928.0,923.0,924.0,3000,0.0,0.0
2024-04-02 00:00:00+09:00,929.0,929.0,925.0,929.0,3300,0.0,0.0
2024-04-03 00:00:00+09:00,926.0,927.0,925.0,927.0,1700,0.0,0.0
2024-04-04 00:00:00+09:00,927.0,929.0,923.0,929.0,3800,0.0,0.0
2024-04-05 00:00:00+09:00,928.0,930.0,925.0,930.0,6400,0.0,0.0
2024-04-08 00:00:00+09:00,959.0,960.0,940.0,942.0,27300,0.0,0.0
2024-04-09 00:00:00+09:00,949.0,949.0,930.0,933.0,8300,0.0,0.0
2024-04-10 00:00:00+09:00,938.0,938.0,926.0,928.0,5400,0.0,0.0
2024-04-11 00:00:00+09:00,926.0,930.0,922.0,923.0,5600,0.0,0.0
2024-04-12 00:00:00+09:00,920.0,922.0,915.0,915.0,15800,0.0,0.0
2024-04-15 00:00:00+09:00,915.0,916.0,911.0,914.0,8600,0.0,0.0
2024-04-16 00:00:00+09:00,910.0,910.0,905.0,906.0,13200,0.0,0.0
2024-04-17 00:00:00+09:00,909.0,912.0,904.0,904.0,6500,0.0,0.0
2024-04-18 00:00:00+09:00,906.0,910.0,903.0,910.0,7000,0.0,0.0
2024-04-19 00:00:00+09:00,910.0,910.0,904.0,907.0,8600,0.0,0.0
2024-04-22 00:00:00+09:00,909.0,911.0,905.0,906.0,4100,0.0,0.0
2024-04-23 00:00:00+09:00,906.0,910.0,906.0,907.0,2300,0.0,0.0
2024-04-24 00:00:00+09:00,907.0,910.0,907.0,907.0,4200,0.0,0.0
2024-04-25 00:00:00+09:00,909.0,911.0,908.0,911.0,4100,0.0,0.0
2024-04-26 00:00:00+09:00,911.0,911.0,900.0,900.0,31300,0.0,0.0
2024-04-30 00:00:00+09:00,906.0,908.0,903.0,908.0,4800,0.0,0.0
2024-05-01 00:00:00+09:00,909.0,910.0,905.0,907.0,3800,0.0,0.0
2024-05-02 00:00:00+09:00,909.0,911.0,903.0,908.0,4900,0.0,0.0
2024-05-07 00:00:00+09:00,911.0,911.0,902.0,908.0,10800,0.0,0.0
2024-05-08 00:00:00+09:00,904.0,909.0,904.0,905.0,4200,0.0,0.0
2024-05-09 00:00:00+09:00,905.0,906.0,903.0,906.0,3400,0.0,0.0
2024-05-10 00:00:00+09:00,907.0,907.0,902.0,904.0,5100,0.0,0.0
2024-05-13 00:00:00+09:00,904.0,905.0,902.0,903.0,3600,0.0,0.0
2024-05-14 00:00:00+09:00,902.0,904.0,901.0,903.0,7400,0.0,0.0
2024-05-15 00:00:00+09:00,903.0,905.0,903.0,904.0,2400,0.0,0.0
2024-05-16 00:00:00+09:00,906.0,907.0,903.0,905.0,4400,0.0,0.0
2024-05-17 00:00:00+09:00,905.0,905.0,902.0,905.0,3700,0.0,0.0
2024-05-20 00:00:00+09:00,906.0,911.0,906.0,910.0,9500,0.0,0.0
2024-05-21 00:00:00+09:00,913.0,914.0,911.0,914.0,5800,0.0,0.0
2024-05-22 00:00:00+09:00,915.0,919.0,914.0,916.0,4100,0.0,0.0
2024-05-23 00:00:00+09:00,918.0,921.0,918.0,921.0,5600,0.0,0.0
2024-05-24 00:00:00+09:00,923.0,923.0,920.0,920.0,4500,0.0,0.0
2024-05-27 00:00:00+09:00,925.0,928.0,924.0,928.0,5400,0.0,0.0
2024-05-28 00:00:00+09:00,927.0,928.0,916.0,916.0,14200,0.0,0.0
2024-05-29 00:00:00+09:00,917.0,919.0,915.0,915.0,4800,0.0,0.0
2024-05-30 00:00:00+09:00,916.0,916.0,910.0,910.0,9000,0.0,0.0
2024-05-31 00:00:00+09:00,917.0,917.0,913.0,916.0,2300,0.0,0.0
2024-06-03 00:00:00+09:00,917.0,920.0,916.0,919.0,2000,0.0,0.0
2024-06-04 00:00:00+09:00,920.0,920.0,919.0,920.0,1000,0.0,0.0
2024-06-05 00:00:00+09:00,921.0,926.0,921.0,926.0,2100,0.0,0.0
2024-06-06 00:00:00+09:00,922.0,924.0,921.0,921.0,3600,0.0,0.0
2024-06-07 00:00:00+09:00,922.0,925.0,921.0,924.0,2400,0.0,0.0
2024-06-10 00:00:00+09:00,925.0,927.0,923.0,923.0,2900,0.0,0.0
2024-06-11 00:00:00+09:00,928.0,929.0,923.0,923.0,2100,0.0,0.0
2024-06-12 00:00:00+09:00,928.0,929.0,925.0,926.0,2700,0.0,0.0
2024-06-13 00:00:00+09:00,926.0,926.0,923.0,924.0,3000,0.0,0.0
2024-06-14 00:00:00+09:00,929.0,930.0,925.0,928.0,5900,0.0,0.0
2024-06-17 00:00:00+09:00,931.0,931.0,925.0,927.0,3100,0.0,0.0
2024-06-18 00:00:00+09:00,932.0,935.0,929.0,934.0,4000,0.0,0.0
2024-06-19 00:00:00+09:00,931.0,945.0,931.0,945.0,6800,0.0,0.0
2024-06-20 00:00:00+09:00,950.0,950.0,934.0,934.0,9600,0.0,0.0
2024-06-21 00:00:00+09:00,936.0,937.0,933.0,933.0,1500,0.0,0.0
2024-06-24 00:00:00+09:00,933.0,940.0,933.0,936.0,2500,0.0,0.0
2024-06-25 00:00:00+09:00,936.0,942.0,935.0,937.0,3000,0.0,0.0
2024-06-26 00:00:00+09:00,937.0,943.0,937.0,943.0,1800,0.0,0.0
2024-06-27 00:00:00+09:00,941.0,944.0,941.0,941.0,4100,0.0,0.0
2024-06-28 00:00:00+09:00,949.0,949.0,942.0,944.0,4500,0.0,0.0
2024-07-01 00:00:00+09:00,952.0,952.0,942.0,942.0,5800,0.0,0.0
2024-07-02 00:00:00+09:00,948.0,948.0,941.0,943.0,3200,0.0,0.0
2024-07-03 00:00:00+09:00,949.0,949.0,944.0,945.0,2200,0.0,0.0
2024-07-04 00:00:00+09:00,948.0,948.0,940.0,945.0,8000,0.0,0.0
2024-07-05 00:00:00+09:00,945.0,947.0,941.0,942.0,6900,0.0,0.0
2024-07-08 00:00:00+09:00,940.0,946.0,938.0,946.0,6900,0.0,0.0
2024-07-09 00:00:00+09:00,946.0,946.0,940.0,942.0,4700,0.0,0.0
2024-07-10 00:00:00+09:00,942.0,944.0,940.0,941.0,4200,0.0,0.0
2024-07-11 00:00:00+09:00,944.0,944.0,941.0,944.0,4000,0.0,0.0
2024-07-12 00:00:00+09:00,940.0,945.0,938.0,940.0,6800,0.0,0.0
2024-07-16 00:00:00+09:00,940.0,940.0,935.0,935.0,5300,0.0,0.0
2024-07-17 00:00:00+09:00,938.0,941.0,935.0,939.0,4100,0.0,0.0
2024-07-18 00:00:00+09:00,939.0,942.0,937.0,941.0,7200,0.0,0.0
2024-07-19 00:00:00+09:00,936.0,940.0,936.0,937.0,8300,0.0,0.0
2024-07-22 00:00:00+09:00,937.0,940.0,937.0,939.0,3400,0.0,0.0
2024-07-23 00:00:00+09:00,938.0,940.0,936.0,939.0,3800,0.0,0.0
2024-07-24 00:00:00+09:00,939.0,939.0,935.0,937.0,4200,0.0,0.0
2024-07-25 00:00:00+09:00,935.0,940.0,934.0,934.0,4100,0.0,0.0
2024-07-26 00:00:00+09:00,940.0,940.0,935.0,936.0,2300,0.0,0.0
2024-07-29 00:00:00+09:00,936.0,938.0,936.0,938.0,2600,0.0,0.0
2024-07-30 00:00:00+09:00,938.0,940.0,908.0,908.0,39800,0.0,0.0
2024-07-31 00:00:00+09:00,913.0,925.0,913.0,925.0,10600,0.0,0.0
2024-08-01 00:00:00+09:00,927.0,928.0,923.0,926.0,4500,0.0,0.0
2024-08-02 00:00:00+09:00,926.0,926.0,912.0,913.0,11100,0.0,0.0
2024-08-05 00:00:00+09:00,908.0,910.0,887.0,887.0,34800,0.0,0.0
2024-08-06 00:00:00+09:00,897.0,909.0,897.0,906.0,11300,0.0,0.0
2024-08-07 00:00:00+09:00,908.0,908.0,904.0,905.0,5200,0.0,0.0
2024-08-08 00:00:00+09:00,909.0,911.0,906.0,910.0,22100,0.0,0.0
2024-08-09 00:00:00+09:00,918.0,918.0,910.0,913.0,9200,0.0,0.0
2024-08-13 00:00:00+09:00,913.0,919.0,913.0,918.0,6900,0.0,0.0
2024-08-14 00:00:00+09:00,920.0,921.0,916.0,920.0,5400,0.0,0.0
2024-08-15 00:00:00+09:00,924.0,925.0,919.0,919.0,8400,0.0,0.0
2024-08-16 00:00:00+09:00,920.0,922.0,917.0,917.0,6500,0.0,0.0
2024-08-19 00:00:00+09:00,917.0,920.0,914.0,920.0,7600,0.0,0.0
2024-08-20 00:00:00+09:00,922.0,922.0,918.0,922.0,5600,0.0,0.0
2024-08-21 00:00:00+09:00,921.0,925.0,920.0,925.0,3200,0.0,0.0
2024-08-22 00:00:00+09:00,928.0,930.0,925.0,930.0,4400,0.0,0.0
2024-08-23 00:00:00+09:00,930.0,930.0,926.0,926.0,5000,0.0,0.0
2024-08-26 00:00:00+09:00,930.0,931.0,929.0,931.0,5300,0.0,0.0
2024-08-27 00:00:00+09:00,932.0,934.0,931.0,931.0,7400,0.0,0.0
2024-08-28 00:00:00+09:00,933.0,939.0,932.0,939.0,18300,0.0,0.0
2024-08-29 00:00:00+09:00,915.0,915.0,908.0,913.0,17500,0.0,0.0
2024-08-30 00:00:00+09:00,914.0,914.0,910.0,910.0,5300,0.0,0.0
2024-09-02 00:00:00+09:00,912.0,912.0,909.0,909.0,3800,0.0,0.0
2024-09-03 00:00:00+09:00,909.0,912.0,907.0,910.0,4100,0.0,0.0
2024-09-04 00:00:00+09:00,906.0,909.0,906.0,907.0,2500,0.0,0.0
2024-09-05 00:00:00+09:00,907.0,908.0,905.0,907.0,2000,0.0,0.0
2024-09-06 00:00:00+09:00,908.0,908.0,905.0,907.0,800,0.0,0.0
2024-09-09 00:00:00+09:00,906.0,906.0,904.0,905.0,3600,0.0,0.0
2024-09-10 00:00:00+09:00,906.0,907.0,905.0,906.0,2000,0.0,0.0
2024-09-11 00:00:00+09:00,905.0,906.0,903.0,903.0,2800,0.0,0.0
2024-09-12 00:00:00+09:00,904.0,906.0,904.0,906.0,2700,0.0,0.0
2024-09-13 00:00:00+09:00,906.0,907.0,904.0,907.0,1900,0.0,0.0
2024-09-17 00:00:00+09:00,907.0,908.0,902.0,908.0,2400,0.0,0.0
2024-09-18 00:00:00+09:00,909.0,909.0,901.0,909.0,3300,0.0,0.0
2024-09-19 00:00:00+09:00,905.0,909.0,903.0,909.0,4200,0.0,0.0
2024-09-20 00:00:00+09:00,910.0,910.0,906.0,910.0,4600,0.0,0.0
2024-09-24 00:00:00+09:00,910.0,910.0,905.0,907.0,1900,0.0,0.0
2024-09-25 00:00:00+09:00,907.0,908.0,905.0,908.0,2300,0.0,0.0
2024-09-26 00:00:00+09:00,909.0,909.0,904.0,909.0,4600,0.0,0.0
2024-09-27 00:00:00+09:00,908.0,908.0,905.0,905.0,2800,0.0,0.0
2024-09-30 00:00:00+09:00,905.0,906.0,904.0,904.0,3500,0.0,0.0
2024-10-01 00:00:00+09:00,904.0,906.0,903.0,903.0,2000,0.0,0.0
2024-10-02 00:00:00+09:00,902.0,903.0,901.0,902.0,3500,0.0,0.0
2024-10-03 00:00:00+09:00,902.0,904.0,901.0,901.0,2900,0.0,0.0
2024-10-04 00:00:00+09:00,901.0,909.0,901.0,909.0,3100,0.0,0.0
2024-10-07 00:00:00+09:00,906.0,909.0,902.0,904.0,4700,0.0,0.0
2024-10-08 00:00:00+09:00,906.0,907.0,901.0,902.0,4500,0.0,0.0
2024-10-09 00:00:00+09:00,903.0,903.0,900.0,903.0,5600,0.0,0.0
2024-10-10 00:00:00+09:00,901.0,902.0,900.0,900.0,8900,0.0,0.0
2024-10-11 00:00:00+09:00,900.0,900.0,897.0,897.0,12800,0.0,0.0
2024-10-15 00:00:00+09:00,897.0,898.0,895.0,895.0,8600,0.0,0.0
2024-10-16 00:00:00+09:00,895.0,895.0,891.0,894.0,9000,0.0,0.0
2024-10-17 00:00:00+09:00,891.0,893.0,890.0,893.0,10100,0.0,0.0
2024-10-18 00:00:00+09:00,893.0,893.0,890.0,891.0,9800,0.0,0.0
2024-10-21 00:00:00+09:00,890.0,890.0,888.0,890.0,7800,0.0,0.0
2024-10-22 00:00:00+09:00,890.0,890.0,886.0,888.0,6400,0.0,0.0
2024-10-23 00:00:00+09:00,888.0,890.0,886.0,886.0,4600,0.0,0.0
2024-10-24 00:00:00+09:00,886.0,886.0,880.0,880.0,10500,0.0,0.0
2024-10-25 00:00:00+09:00,880.0,880.0,870.0,870.0,10500,0.0,0.0
