Date,Open,High,Low,Close,Volume,Dividends,Stock Splits
2000-04-04 00:00:00+09:00,590.8701782226562,590.8701782226562,590.8701782226562,590.8701782226562,600,0.0,0.0
2000-04-05 00:00:00+09:00,590.8701782226562,590.8701782226562,590.8701782226562,590.8701782226562,200,0.0,0.0
2000-04-06 00:00:00+09:00,590.8701782226562,590.8701782226562,590.8701782226562,590.8701782226562,0,0.0,0.0
2000-04-07 00:00:00+09:00,590.8701782226562,590.8701782226562,590.8701782226562,590.8701782226562,0,0.0,0.0
2000-04-10 00:00:00+09:00,559.771728515625,559.771728515625,559.771728515625,559.771728515625,300,0.0,0.0
2000-04-11 00:00:00+09:00,559.771728515625,559.771728515625,559.771728515625,559.771728515625,400,0.0,0.0
2000-04-12 00:00:00+09:00,559.771728515625,559.771728515625,559.771728515625,559.771728515625,400,0.0,0.0
2000-04-13 00:00:00+09:00,559.771728515625,559.771728515625,559.771728515625,559.771728515625,1000,0.0,0.0
2000-04-14 00:00:00+09:00,584.6505126953125,584.6505126953125,584.6505126953125,584.6505126953125,100,0.0,0.0
2000-04-17 00:00:00+09:00,584.6505126953125,584.6505126953125,584.6505126953125,584.6505126953125,0,0.0,0.0
2000-04-18 00:00:00+09:00,559.771728515625,559.771728515625,559.771728515625,559.771728515625,100,0.0,0.0
2000-04-19 00:00:00+09:00,559.771728515625,559.771728515625,559.771728515625,559.771728515625,300,0.0,0.0
2000-04-20 00:00:00+09:00,559.771728515625,559.771728515625,559.771728515625,559.771728515625,0,0.0,0.0
2000-04-21 00:00:00+09:00,590.8701782226562,590.8701782226562,590.8701782226562,590.8701782226562,800,0.0,0.0
2000-04-24 00:00:00+09:00,590.8701782226562,590.8701782226562,590.8701782226562,590.8701782226562,1000,0.0,0.0
2000-04-25 00:00:00+09:00,584.6505126953125,584.6505126953125,584.6505126953125,584.6505126953125,500,0.0,0.0
2000-04-26 00:00:00+09:00,584.6505126953125,584.6505126953125,584.6505126953125,584.6505126953125,300,0.0,0.0
2000-04-27 00:00:00+09:00,584.6505126953125,584.6505126953125,584.6505126953125,584.6505126953125,200,0.0,0.0
2000-04-28 00:00:00+09:00,584.6505126953125,584.6505126953125,584.6505126953125,584.6505126953125,300,0.0,0.0
2000-05-01 00:00:00+09:00,590.8701578776042,590.8701578776042,559.771728515625,559.771728515625,800,0.0,0.0
2000-05-02 00:00:00+09:00,559.771728515625,559.771728515625,559.771728515625,559.771728515625,0,0.0,0.0
2000-05-03 00:00:00+09:00,559.771728515625,559.771728515625,559.771728515625,559.771728515625,0,0.0,0.0
2000-05-04 00:00:00+09:00,559.771728515625,559.771728515625,559.771728515625,559.771728515625,0,0.0,0.0
2000-05-05 00:00:00+09:00,559.771728515625,559.771728515625,559.771728515625,559.771728515625,0,0.0,0.0
2000-05-08 00:00:00+09:00,590.8701782226562,590.8701782226562,590.8701782226562,590.8701782226562,200,0.0,0.0
2000-05-09 00:00:00+09:00,590.8701782226562,590.8701782226562,590.8701782226562,590.8701782226562,0,0.0,0.0
2000-05-10 00:00:00+09:00,578.4307250976562,578.4307250976562,578.4307250976562,578.4307250976562,500,0.0,0.0
2000-05-11 00:00:00+09:00,578.4307250976562,578.4307250976562,578.4307250976562,578.4307250976562,0,0.0,0.0
2000-05-12 00:00:00+09:00,578.4307250976562,578.4307250976562,578.4307250976562,578.4307250976562,1100,0.0,0.0
2000-05-15 00:00:00+09:00,578.4307250976562,578.4307250976562,578.4307250976562,578.4307250976562,0,0.0,0.0
2000-05-16 00:00:00+09:00,578.4307250976562,578.4307250976562,578.4307250976562,578.4307250976562,300,0.0,0.0
2000-05-17 00:00:00+09:00,578.4307250976562,578.4307250976562,578.4307250976562,578.4307250976562,500,0.0,0.0
2000-05-18 00:00:00+09:00,578.4307861328125,578.4307861328125,559.771728515625,559.771728515625,900,0.0,0.0
2000-05-19 00:00:00+09:00,559.771728515625,559.771728515625,559.771728515625,559.771728515625,1100,0.0,0.0
2000-05-22 00:00:00+09:00,590.8701782226562,590.8701782226562,590.8701782226562,590.8701782226562,1200,0.0,0.0
2000-05-23 00:00:00+09:00,590.8701782226562,590.8701782226562,590.8701782226562,590.8701782226562,0,0.0,0.0
2000-05-24 00:00:00+09:00,559.771728515625,559.771728515625,559.771728515625,559.771728515625,400,0.0,0.0
2000-05-25 00:00:00+09:00,559.771728515625,559.771728515625,559.771728515625,559.771728515625,0,0.0,0.0
2000-05-26 00:00:00+09:00,559.771728515625,559.771728515625,559.771728515625,559.771728515625,0,0.0,0.0
2000-05-29 00:00:00+09:00,559.7717477898848,590.8701782226562,559.7717477898848,590.8701782226562,1200,0.0,0.0
2000-05-30 00:00:00+09:00,590.8701782226562,590.8701782226562,590.8701782226562,590.8701782226562,0,0.0,0.0
2000-05-31 00:00:00+09:00,590.8701782226562,590.8701782226562,590.8701782226562,590.8701782226562,600,0.0,0.0
2000-06-01 00:00:00+09:00,603.3095703125,603.3095703125,603.3095703125,603.3095703125,100,0.0,0.0
2000-06-02 00:00:00+09:00,603.3095703125,603.3095703125,603.3095703125,603.3095703125,0,0.0,0.0
2000-06-05 00:00:00+09:00,603.3095703125,603.3095703125,603.3095703125,603.3095703125,0,0.0,0.0
2000-06-06 00:00:00+09:00,559.771728515625,559.771728515625,559.771728515625,559.771728515625,300,0.0,0.0
2000-06-07 00:00:00+09:00,559.771728515625,559.771728515625,559.771728515625,559.771728515625,0,0.0,0.0
2000-06-08 00:00:00+09:00,559.771728515625,559.771728515625,559.771728515625,559.771728515625,0,0.0,0.0
2000-06-09 00:00:00+09:00,559.771728515625,559.771728515625,559.771728515625,559.771728515625,100,0.0,0.0
2000-06-12 00:00:00+09:00,559.771728515625,559.771728515625,559.771728515625,559.771728515625,300,0.0,0.0
2000-06-13 00:00:00+09:00,559.771728515625,559.771728515625,559.771728515625,559.771728515625,0,0.0,0.0
2000-06-14 00:00:00+09:00,590.8701782226562,590.8701782226562,590.8701782226562,590.8701782226562,500,0.0,0.0
2000-06-15 00:00:00+09:00,590.8701782226562,590.8701782226562,590.8701782226562,590.8701782226562,0,0.0,0.0
2000-06-16 00:00:00+09:00,590.8701782226562,590.8701782226562,590.8701782226562,590.8701782226562,0,0.0,0.0
2000-06-19 00:00:00+09:00,559.771728515625,559.771728515625,559.771728515625,559.771728515625,300,0.0,0.0
2000-06-20 00:00:00+09:00,559.771728515625,559.771728515625,559.771728515625,559.771728515625,0,0.0,0.0
2000-06-21 00:00:00+09:00,590.8701782226562,590.8701782226562,590.8701782226562,590.8701782226562,1500,0.0,0.0
2000-06-22 00:00:00+09:00,590.8701782226562,590.8701782226562,590.8701782226562,590.8701782226562,200,0.0,0.0
2000-06-23 00:00:00+09:00,590.8701782226562,590.8701782226562,590.8701782226562,590.8701782226562,0,0.0,0.0
2000-06-26 00:00:00+09:00,578.4307250976562,578.4307250976562,578.4307250976562,578.4307250976562,400,0.0,0.0
2000-06-27 00:00:00+09:00,578.4307250976562,578.4307250976562,578.4307250976562,578.4307250976562,100,0.0,0.0
2000-06-28 00:00:00+09:00,578.4307250976562,578.4307250976562,578.4307250976562,578.4307250976562,0,0.0,0.0
2000-06-29 00:00:00+09:00,578.4307250976562,578.4307250976562,559.7716694493448,578.4307250976562,800,0.0,0.0
2000-06-30 00:00:00+09:00,590.8701782226562,590.8701782226562,590.8701782226562,590.8701782226562,1000,0.0,0.0
2000-07-03 00:00:00+09:00,497.5748697916667,559.771728515625,497.5748697916667,559.771728515625,1200,0.0,0.0
2000-07-04 00:00:00+09:00,559.771728515625,590.8701578776042,559.771728515625,559.771728515625,700,0.0,0.0
2000-07-05 00:00:00+09:00,590.8701782226562,590.8701782226562,590.8701782226562,590.8701782226562,1100,0.0,0.0
2000-07-06 00:00:00+09:00,590.8700729202438,590.8700729202438,565.9913330078125,565.9913330078125,400,0.0,0.0
2000-07-07 00:00:00+09:00,578.4307250976562,578.4307250976562,578.4307250976562,578.4307250976562,400,0.0,0.0
2000-07-10 00:00:00+09:00,578.4307250976562,578.4307250976562,578.4307250976562,578.4307250976562,100,0.0,0.0
2000-07-11 00:00:00+09:00,578.4307250976562,578.4307250976562,578.4307250976562,578.4307250976562,100,0.0,0.0
2000-07-12 00:00:00+09:00,578.4307250976562,578.4307250976562,578.4307250976562,578.4307250976562,0,0.0,0.0
2000-07-13 00:00:00+09:00,584.6505126953125,584.6505126953125,584.6505126953125,584.6505126953125,300,0.0,0.0
2000-07-14 00:00:00+09:00,584.6505126953125,584.6505126953125,584.6505126953125,584.6505126953125,100,0.0,0.0
2000-07-17 00:00:00+09:00,584.6505126953125,584.6505126953125,584.6505126953125,584.6505126953125,1000,0.0,0.0
2000-07-18 00:00:00+09:00,578.4307250976562,578.4307250976562,578.4307250976562,578.4307250976562,300,0.0,0.0
2000-07-19 00:00:00+09:00,578.4307250976562,578.4307250976562,578.4307250976562,578.4307250976562,300,0.0,0.0
2000-07-20 00:00:00+09:00,578.4307250976562,578.4307250976562,578.4307250976562,578.4307250976562,0,0.0,0.0
2000-07-21 00:00:00+09:00,578.4307250976562,578.4307250976562,578.4307250976562,578.4307250976562,0,0.0,0.0
2000-07-24 00:00:00+09:00,590.8701782226562,590.8701782226562,590.8701782226562,590.8701782226562,100,0.0,0.0
2000-07-25 00:00:00+09:00,590.8701782226562,590.8701782226562,590.8701782226562,590.8701782226562,900,0.0,0.0
2000-07-26 00:00:00+09:00,590.8701782226562,590.8701782226562,590.8701782226562,590.8701782226562,200,0.0,0.0
2000-07-27 00:00:00+09:00,590.8701782226562,590.8701782226562,590.8701782226562,590.8701782226562,0,0.0,0.0
2000-07-28 00:00:00+09:00,590.8700955298639,590.8700955298639,578.4307250976562,578.4307250976562,900,0.0,0.0
2000-07-31 00:00:00+09:00,590.8701578776042,590.8701578776042,559.771728515625,559.771728515625,2200,0.0,0.0
2000-08-01 00:00:00+09:00,578.4307250976562,578.4307250976562,578.4307250976562,578.4307250976562,100,0.0,0.0
2000-08-02 00:00:00+09:00,578.4307250976562,578.4307250976562,578.4307250976562,578.4307250976562,0,0.0,0.0
2000-08-03 00:00:00+09:00,578.4307250976562,578.4307250976562,578.4307250976562,578.4307250976562,400,0.0,0.0
2000-08-04 00:00:00+09:00,578.4307250976562,578.4307250976562,578.4307250976562,578.4307250976562,700,0.0,0.0
2000-08-07 00:00:00+09:00,578.4307250976562,578.4307250976562,578.4307250976562,578.4307250976562,500,0.0,0.0
2000-08-08 00:00:00+09:00,578.4308066990064,578.4308066990064,572.2111206054688,572.2111206054688,1400,0.0,0.0
2000-08-09 00:00:00+09:00,578.4307250976562,578.4307250976562,578.4307250976562,578.4307250976562,300,0.0,0.0
2000-08-10 00:00:00+09:00,578.4307250976562,578.4307250976562,578.4307250976562,578.4307250976562,100,0.0,0.0
2000-08-11 00:00:00+09:00,578.4307250976562,578.4307250976562,578.4307250976562,578.4307250976562,0,0.0,0.0
2000-08-14 00:00:00+09:00,559.771728515625,559.771728515625,559.771728515625,559.771728515625,200,0.0,0.0
2000-08-15 00:00:00+09:00,559.771577722886,559.771577722886,528.6731567382812,528.6731567382812,1200,0.0,0.0
2000-08-16 00:00:00+09:00,528.6731567382812,528.6731567382812,528.6731567382812,528.6731567382812,0,0.0,0.0
2000-08-17 00:00:00+09:00,528.6731567382812,528.6731567382812,528.6731567382812,528.6731567382812,0,0.0,0.0
2000-08-18 00:00:00+09:00,528.6731567382812,528.6731567382812,528.6731567382812,528.6731567382812,0,0.0,0.0
2000-08-21 00:00:00+09:00,559.7717477898848,590.8701782226562,559.7717477898848,590.8701782226562,300,0.0,0.0
2000-08-22 00:00:00+09:00,590.8701965332032,621.9686279296875,590.8701965332032,621.9686279296875,900,0.0,0.0
2000-08-23 00:00:00+09:00,621.9686279296875,621.9686279296875,621.9686279296875,621.9686279296875,0,0.0,0.0
2000-08-24 00:00:00+09:00,621.9686279296875,621.9686279296875,621.9686279296875,621.9686279296875,0,0.0,0.0
2000-08-25 00:00:00+09:00,621.9686279296875,621.9686279296875,621.9686279296875,621.9686279296875,0,0.0,0.0
2000-08-28 00:00:00+09:00,621.9686279296875,621.9686279296875,621.9686279296875,621.9686279296875,0,0.0,0.0
2000-08-29 00:00:00+09:00,578.4307250976562,578.4307250976562,578.4307250976562,578.4307250976562,400,0.0,0.0
2000-08-30 00:00:00+09:00,578.4307250976562,578.4307250976562,578.4307250976562,578.4307250976562,100,0.0,0.0
2000-08-31 00:00:00+09:00,578.4308060495476,615.7489225688734,578.4308060495476,590.8701782226562,900,0.0,0.0
2000-09-01 00:00:00+09:00,590.8701782226562,590.8701782226562,590.8701782226562,590.8701782226562,800,0.0,0.0
2000-09-04 00:00:00+09:00,590.8701782226562,590.8701782226562,590.8701782226562,590.8701782226562,100,0.0,0.0
2000-09-05 00:00:00+09:00,590.8701782226562,590.8701782226562,590.8701782226562,590.8701782226562,300,0.0,0.0
2000-09-06 00:00:00+09:00,590.8701782226562,590.8701782226562,590.8701782226562,590.8701782226562,200,0.0,0.0
2000-09-07 00:00:00+09:00,590.8701782226562,590.8701782226562,590.8701782226562,590.8701782226562,0,0.0,0.0
2000-09-08 00:00:00+09:00,590.8701782226562,590.8701782226562,590.8701782226562,590.8701782226562,300,0.0,0.0
2000-09-11 00:00:00+09:00,590.8701782226562,590.8701782226562,590.8701782226562,590.8701782226562,0,0.0,0.0
2000-09-12 00:00:00+09:00,578.4307250976562,578.4307250976562,578.4307250976562,578.4307250976562,100,0.0,0.0
2000-09-13 00:00:00+09:00,578.4307250976562,578.4307250976562,578.4307250976562,578.4307250976562,400,0.0,0.0
2000-09-14 00:00:00+09:00,578.4307250976562,578.4307250976562,578.4307250976562,578.4307250976562,0,0.0,0.0
2000-09-15 00:00:00+09:00,578.4307250976562,578.4307250976562,578.4307250976562,578.4307250976562,0,0.0,0.0
2000-09-18 00:00:00+09:00,578.4307250976562,578.4307250976562,578.4307250976562,578.4307250976562,400,0.0,0.0
2000-09-19 00:00:00+09:00,578.4307250976562,578.4307250976562,578.4307250976562,578.4307250976562,600,0.0,0.0
2000-09-20 00:00:00+09:00,578.4307250976562,578.4307250976562,578.4307250976562,578.4307250976562,100,0.0,0.0
2000-09-21 00:00:00+09:00,590.8701965332032,621.9686279296875,590.8701965332032,621.9686279296875,1200,0.0,0.0
2000-09-22 00:00:00+09:00,621.9686279296875,621.9686279296875,621.9686279296875,621.9686279296875,0,0.0,0.0
2000-09-25 00:00:00+09:00,578.4307250976562,578.4307250976562,578.4307250976562,578.4307250976562,1100,0.0,0.0
2000-09-26 00:00:00+09:00,578.4307250976562,578.4307250976562,578.4307250976562,578.4307250976562,200,0.0,0.0
2000-09-27 00:00:00+09:00,578.4307250976562,578.4307250976562,578.4307250976562,578.4307250976562,100,0.0,0.0
2000-09-28 00:00:00+09:00,578.4307250976562,578.4307250976562,578.4307250976562,578.4307250976562,100,0.0,0.0
2000-09-29 00:00:00+09:00,578.4307250976562,578.4307250976562,578.4307250976562,578.4307250976562,300,0.0,0.0
2000-10-02 00:00:00+09:00,590.8701965332032,621.9686279296875,590.8701965332032,621.9686279296875,500,0.0,0.0
2000-10-03 00:00:00+09:00,621.9686279296875,621.9686279296875,621.9686279296875,621.9686279296875,500,0.0,0.0
2000-10-04 00:00:00+09:00,621.9686279296875,621.9686279296875,621.9686279296875,621.9686279296875,0,0.0,0.0
2000-10-05 00:00:00+09:00,621.9686279296875,621.9686279296875,621.9686279296875,621.9686279296875,0,0.0,0.0
2000-10-06 00:00:00+09:00,572.2111206054688,572.2111206054688,572.2111206054688,572.2111206054688,500,0.0,0.0
2000-10-09 00:00:00+09:00,572.2111206054688,572.2111206054688,572.2111206054688,572.2111206054688,0,0.0,0.0
2000-10-10 00:00:00+09:00,572.2110179859204,572.2110179859204,559.7716480297047,565.9913330078125,1100,0.0,0.0
2000-10-11 00:00:00+09:00,565.9914143880209,565.9914143880209,559.771728515625,559.771728515625,800,0.0,0.0
2000-10-12 00:00:00+09:00,559.771728515625,559.771728515625,559.771728515625,559.771728515625,0,0.0,0.0
2000-10-13 00:00:00+09:00,565.9913330078125,565.9913330078125,565.9913330078125,565.9913330078125,500,0.0,0.0
2000-10-16 00:00:00+09:00,565.9913330078125,565.9913330078125,565.9913330078125,565.9913330078125,0,0.0,0.0
2000-10-17 00:00:00+09:00,559.771728515625,559.771728515625,559.771728515625,559.771728515625,600,0.0,0.0
2000-10-18 00:00:00+09:00,559.771728515625,559.771728515625,559.771728515625,559.771728515625,200,0.0,0.0
2000-10-19 00:00:00+09:00,559.771577722886,559.771577722886,528.6731567382812,528.6731567382812,1000,0.0,0.0
2000-10-20 00:00:00+09:00,528.6731567382812,528.6731567382812,528.6731567382812,528.6731567382812,100,0.0,0.0
2000-10-23 00:00:00+09:00,559.771691147162,609.5291748046875,559.771691147162,609.5291748046875,300,0.0,0.0
2000-10-24 00:00:00+09:00,609.5292553710938,621.9686279296875,609.5292553710938,621.9686279296875,800,0.0,0.0
2000-10-25 00:00:00+09:00,621.9686279296875,621.9686279296875,621.9686279296875,621.9686279296875,0,0.0,0.0
2000-10-26 00:00:00+09:00,559.771728515625,559.771728515625,559.771728515625,559.771728515625,100,0.0,0.0
2000-10-27 00:00:00+09:00,559.771728515625,559.771728515625,559.771728515625,559.771728515625,0,0.0,0.0
2000-10-30 00:00:00+09:00,559.771577722886,559.771577722886,528.6731567382812,528.6731567382812,700,0.0,0.0
2000-10-31 00:00:00+09:00,559.771728515625,559.771728515625,559.771728515625,559.771728515625,600,0.0,0.0
2000-11-01 00:00:00+09:00,559.771728515625,559.771728515625,559.771728515625,559.771728515625,0,0.0,0.0
2000-11-02 00:00:00+09:00,497.57485961914057,497.57485961914057,497.57485961914057,497.5748596191406,200,0.0,0.0
2000-11-03 00:00:00+09:00,497.57485961914057,497.57485961914057,497.57485961914057,497.5748596191406,0,0.0,0.0
2000-11-06 00:00:00+09:00,559.7717170715332,559.7717170715332,497.57485961914057,497.5748596191406,500,0.0,0.0
2000-11-07 00:00:00+09:00,497.57485961914057,497.57485961914057,497.57485961914057,497.5748596191406,400,0.0,0.0
2000-11-08 00:00:00+09:00,497.57485961914057,497.57485961914057,497.57485961914057,497.5748596191406,300,0.0,0.0
2000-11-09 00:00:00+09:00,497.57485961914057,497.57485961914057,497.57485961914057,497.5748596191406,200,0.0,0.0
2000-11-10 00:00:00+09:00,497.57485961914057,497.57485961914057,497.57485961914057,497.5748596191406,300,0.0,0.0
2000-11-13 00:00:00+09:00,503.79443359375,503.79443359375,503.79443359375,503.79443359375,400,0.0,0.0
2000-11-14 00:00:00+09:00,503.79443359375,503.79443359375,503.79443359375,503.79443359375,200,0.0,0.0
2000-11-15 00:00:00+09:00,497.57485961914057,497.57485961914057,497.57485961914057,497.5748596191406,900,0.0,0.0
2000-11-16 00:00:00+09:00,497.57485961914057,497.57485961914057,497.57485961914057,497.5748596191406,500,0.0,0.0
2000-11-17 00:00:00+09:00,497.57490442154256,584.6505126953125,497.57490442154256,584.6505126953125,2900,0.0,0.0
2000-11-20 00:00:00+09:00,497.57485961914057,497.57485961914057,497.57485961914057,497.5748596191406,200,0.0,0.0
2000-11-21 00:00:00+09:00,559.7717477898848,590.8701782226562,559.7717477898848,590.8701782226562,700,0.0,0.0
2000-11-22 00:00:00+09:00,590.8701782226562,590.8701782226562,590.8701782226562,590.8701782226562,500,0.0,0.0
2000-11-23 00:00:00+09:00,590.8701782226562,590.8701782226562,590.8701782226562,590.8701782226562,0,0.0,0.0
2000-11-24 00:00:00+09:00,590.8701782226562,590.8701782226562,590.8701782226562,590.8701782226562,0,0.0,0.0
2000-11-27 00:00:00+09:00,590.8701782226562,590.8701782226562,590.8701782226562,590.8701782226562,0,0.0,0.0
2000-11-28 00:00:00+09:00,497.57485961914057,497.57485961914057,497.57485961914057,497.5748596191406,200,0.0,0.0
2000-11-29 00:00:00+09:00,497.57485961914057,497.57485961914057,497.57485961914057,497.5748596191406,400,0.0,0.0
2000-11-30 00:00:00+09:00,497.57485961914057,559.7717170715332,497.57485961914057,497.5748596191406,1000,0.0,0.0
2000-12-01 00:00:00+09:00,497.57485961914057,497.57485961914057,497.57485961914057,497.5748596191406,300,0.0,0.0
2000-12-04 00:00:00+09:00,497.57485961914057,497.57485961914057,497.57485961914057,497.5748596191406,200,0.0,0.0
2000-12-05 00:00:00+09:00,497.57485961914057,497.57485961914057,497.57485961914057,497.5748596191406,15600,0.0,0.0
2000-12-06 00:00:00+09:00,466.4764404296875,466.4764404296875,466.4764404296875,466.4764404296875,200,0.0,0.0
2000-12-07 00:00:00+09:00,472.69610595703125,472.69610595703125,472.69610595703125,472.69610595703125,300,0.0,0.0
2000-12-08 00:00:00+09:00,478.9158630371094,478.9158630371094,478.9158630371094,478.9158630371094,200,0.0,0.0
2000-12-11 00:00:00+09:00,478.9158121744792,478.9158121744792,466.4764404296875,466.4764404296875,200,0.0,0.0
2000-12-12 00:00:00+09:00,472.69610595703125,472.69610595703125,472.69610595703125,472.69610595703125,200,0.0,0.0
2000-12-13 00:00:00+09:00,472.69610595703125,472.69610595703125,472.69610595703125,472.69610595703125,200,0.0,0.0
2000-12-14 00:00:00+09:00,472.69610595703125,472.69610595703125,472.69610595703125,472.69610595703125,300,0.0,0.0
2000-12-15 00:00:00+09:00,472.69610595703125,472.69610595703125,472.69610595703125,472.69610595703125,400,0.0,0.0
2000-12-18 00:00:00+09:00,472.69610595703125,478.91579156172907,472.69610595703125,472.69610595703125,1000,0.0,0.0
2000-12-19 00:00:00+09:00,472.69610595703125,472.69610595703125,472.69610595703125,472.69610595703125,200,0.0,0.0
2000-12-20 00:00:00+09:00,466.47651140079944,534.89306640625,466.47651140079944,534.89306640625,700,0.0,0.0
2000-12-21 00:00:00+09:00,534.89306640625,534.89306640625,534.89306640625,534.89306640625,1300,0.0,0.0
2000-12-22 00:00:00+09:00,534.89306640625,534.89306640625,534.89306640625,534.89306640625,0,0.0,0.0
2000-12-25 00:00:00+09:00,435.3780212402344,435.3780212402344,435.3780212402344,435.3780212402344,700,0.0,0.0
2000-12-26 00:00:00+09:00,435.3780010384573,447.8173724966989,435.3780010384573,441.5976867675781,500,0.0,0.0
2000-12-27 00:00:00+09:00,441.5976867675781,441.5976867675781,441.5976867675781,441.5976867675781,0,0.0,0.0
2000-12-28 00:00:00+09:00,441.5976867675781,441.5976867675781,441.5976867675781,441.5976867675781,0,0.0,0.0
2000-12-29 00:00:00+09:00,472.6961166381836,497.57485961914057,472.6961166381836,497.5748596191406,800,0.0,0.0
2001-01-01 00:00:00+09:00,497.57485961914057,497.57485961914057,497.57485961914057,497.5748596191406,0,0.0,0.0
2001-01-02 00:00:00+09:00,497.57485961914057,497.57485961914057,497.57485961914057,497.5748596191406,0,0.0,0.0
2001-01-03 00:00:00+09:00,497.57485961914057,497.57485961914057,497.57485961914057,497.5748596191406,0,0.0,0.0
2001-01-04 00:00:00+09:00,497.57485961914057,497.57485961914057,497.57485961914057,497.5748596191406,200,0.0,0.0
2001-01-05 00:00:00+09:00,497.57485961914057,497.57485961914057,497.57485961914057,497.5748596191406,200,0.0,0.0
2001-01-08 00:00:00+09:00,497.57485961914057,497.57485961914057,497.57485961914057,497.5748596191406,0,0.0,0.0
2001-01-09 00:00:00+09:00,503.79443359375,503.79443359375,503.79443359375,503.79443359375,200,0.0,0.0
2001-01-10 00:00:00+09:00,472.69610595703125,472.69610595703125,472.69610595703125,472.69610595703125,200,0.0,0.0
2001-01-11 00:00:00+09:00,441.5976867675781,441.5976867675781,441.5976867675781,441.5976867675781,200,0.0,0.0
2001-01-12 00:00:00+09:00,441.5976867675781,441.5976867675781,441.5976867675781,441.5976867675781,200,0.0,0.0
2001-01-15 00:00:00+09:00,441.5976867675781,441.5976867675781,441.5976867675781,441.5976867675781,500,0.0,0.0
2001-01-16 00:00:00+09:00,441.5976867675781,441.5976867675781,441.5976867675781,441.5976867675781,300,0.0,0.0
2001-01-17 00:00:00+09:00,441.5976867675781,441.5976867675781,441.5976867675781,441.5976867675781,300,0.0,0.0
2001-01-18 00:00:00+09:00,441.5976867675781,441.5976867675781,441.5976867675781,441.5976867675781,200,0.0,0.0
2001-01-19 00:00:00+09:00,441.5976969401042,466.4764404296875,441.5976969401042,466.4764404296875,300,0.0,0.0
2001-01-22 00:00:00+09:00,466.4765055586652,510.0143127441407,466.4765055586652,510.0143127441406,1900,0.0,0.0
2001-01-23 00:00:00+09:00,435.3779813978407,447.8173522949219,435.3779813978407,447.8173522949219,200,0.0,0.0
2001-01-24 00:00:00+09:00,441.5976867675781,441.5976867675781,441.5976867675781,441.5976867675781,200,0.0,0.0
2001-01-25 00:00:00+09:00,435.3780010384573,441.5976867675781,435.3780010384573,441.5976867675781,400,0.0,0.0
2001-01-26 00:00:00+09:00,435.3780212402344,435.3780212402344,435.3780212402344,435.3780212402344,200,0.0,0.0
2001-01-29 00:00:00+09:00,404.2795911516462,435.3780212402344,404.2795911516462,435.3780212402344,600,0.0,0.0
2001-01-30 00:00:00+09:00,435.3780212402344,435.3780212402344,435.3780212402344,435.3780212402344,300,0.0,0.0
2001-01-31 00:00:00+09:00,435.37801106770837,466.4764404296875,435.37801106770837,466.4764404296875,600,0.0,0.0
2001-02-01 00:00:00+09:00,466.4764500871489,491.3551940917969,466.4764500871489,491.3551940917969,600,0.0,0.0
2001-02-02 00:00:00+09:00,491.3551940917969,491.3551940917969,491.3551940917969,491.3551940917969,200,0.0,0.0
2001-02-05 00:00:00+09:00,441.59766411058825,441.59766411058825,410.4992370605468,410.4992370605469,300,0.0,0.0
2001-02-06 00:00:00+09:00,435.3780212402344,435.3780212402344,435.3780212402344,435.3780212402344,200,0.0,0.0
2001-02-07 00:00:00+09:00,429.1583251953125,435.37801106770837,429.1583251953125,429.1583251953125,400,0.0,0.0
2001-02-08 00:00:00+09:00,416.7189331054687,429.1583042429454,410.49924753673037,416.71893310546875,500,0.0,0.0
2001-02-09 00:00:00+09:00,422.9386291503906,422.9386291503906,422.9386291503906,422.9386291503906,200,0.0,0.0
2001-02-12 00:00:00+09:00,422.9386291503906,422.9386291503906,422.9386291503906,422.9386291503906,0,0.0,0.0
2001-02-13 00:00:00+09:00,416.71893551475125,472.69610595703125,416.71893551475125,472.69610595703125,900,0.0,0.0
2001-02-14 00:00:00+09:00,454.03703774346246,454.03703774346246,447.8173522949219,447.8173522949219,300,0.0,0.0
2001-02-15 00:00:00+09:00,429.1583042429454,454.0370465178988,416.7189331054687,416.71893310546875,600,0.0,0.0
2001-02-16 00:00:00+09:00,429.1583352225167,435.3780212402344,429.1583352225167,435.3780212402344,300,0.0,0.0
2001-02-19 00:00:00+09:00,435.3780212402344,435.3780212402344,435.3780212402344,435.3780212402344,0,0.0,0.0
2001-02-20 00:00:00+09:00,429.1582959493001,447.8173522949219,416.718925052219,447.8173522949219,1000,0.0,0.0
2001-02-21 00:00:00+09:00,447.817392083663,491.3551940917969,447.817392083663,491.3551940917969,1100,0.0,0.0
2001-02-22 00:00:00+09:00,497.57485961914057,497.57485961914057,497.57485961914057,497.5748596191406,300,0.0,0.0
2001-02-23 00:00:00+09:00,491.3551940917969,491.3551940917969,491.3551940917969,491.3551940917969,100,0.0,0.0
2001-02-26 00:00:00+09:00,491.3551940917969,491.3551940917969,491.3551940917969,491.3551940917969,0,0.0,0.0
2001-02-27 00:00:00+09:00,454.0371398925781,454.0371398925781,454.0371398925781,454.0371398925781,200,0.0,0.0
2001-02-28 00:00:00+09:00,491.35526097963935,491.35526097963935,454.0371398925781,454.0371398925781,1300,0.0,0.0
2001-03-01 00:00:00+09:00,391.840229679988,410.4992882361779,391.840229679988,404.27960205078125,1200,0.0,0.0
2001-03-02 00:00:00+09:00,422.9386186742071,422.9386186742071,416.7189331054687,416.71893310546875,400,0.0,0.0
2001-03-05 00:00:00+09:00,416.7189331054687,416.7189331054687,416.7189331054687,416.71893310546875,300,0.0,0.0
2001-03-06 00:00:00+09:00,416.7189331054687,416.7189331054687,416.7189331054687,416.71893310546875,0,0.0,0.0
2001-03-07 00:00:00+09:00,416.7189331054687,416.7189331054687,416.7189331054687,416.71893310546875,100,0.0,0.0
2001-03-08 00:00:00+09:00,416.7189331054687,416.7189331054687,416.7189331054687,416.71893310546875,0,0.0,0.0
2001-03-09 00:00:00+09:00,416.7189331054687,416.7189331054687,416.7189331054687,416.71893310546875,0,0.0,0.0
2001-03-12 00:00:00+09:00,416.7189331054687,416.7189331054687,416.7189331054687,416.71893310546875,0,0.0,0.0
2001-03-13 00:00:00+09:00,416.7189331054687,416.7189331054687,416.7189331054687,416.71893310546875,100,0.0,0.0
2001-03-14 00:00:00+09:00,416.7189331054687,416.7189331054687,416.7189331054687,416.71893310546875,0,0.0,0.0
2001-03-15 00:00:00+09:00,404.27960205078125,404.27960205078125,404.27960205078125,404.27960205078125,100,0.0,0.0
2001-03-16 00:00:00+09:00,404.27960205078125,404.27960205078125,404.27960205078125,404.27960205078125,100,0.0,0.0
2001-03-19 00:00:00+09:00,410.49927716936384,435.3780212402344,410.49927716936384,435.3780212402344,1100,0.0,0.0
2001-03-20 00:00:00+09:00,435.3780212402344,435.3780212402344,435.3780212402344,435.3780212402344,0,0.0,0.0
2001-03-21 00:00:00+09:00,435.37801106770837,466.4764404296875,435.37801106770837,466.4764404296875,1000,0.0,0.0
2001-03-22 00:00:00+09:00,497.57485961914057,497.57485961914057,497.57485961914057,497.5748596191406,400,0.0,0.0
2001-03-23 00:00:00+09:00,497.57485961914057,497.57485961914057,497.57485961914057,497.5748596191406,0,0.0,0.0
2001-03-26 00:00:00+09:00,497.57485961914057,497.57485961914057,497.57485961914057,497.5748596191406,0,0.0,0.0
2001-03-27 00:00:00+09:00,485.13537597656256,485.13537597656256,485.13537597656256,485.1353759765625,400,0.0,0.0
2001-03-28 00:00:00+09:00,485.13537597656256,485.13537597656256,485.13537597656256,485.1353759765625,0,0.0,0.0
2001-03-29 00:00:00+09:00,466.4764404296875,466.4764404296875,466.4764404296875,466.4764404296875,100,0.0,0.0
2001-03-30 00:00:00+09:00,466.476323054387,485.13537597656256,466.476323054387,485.1353759765625,400,0.0,0.0
2001-04-02 00:00:00+09:00,497.57485961914057,497.57485961914057,497.57485961914057,497.5748596191406,900,0.0,0.0
2001-04-03 00:00:00+09:00,510.0143127441407,510.0143127441407,510.0143127441407,510.0143127441406,400,0.0,0.0
2001-04-04 00:00:00+09:00,528.6731567382812,528.6731567382812,528.6731567382812,528.6731567382812,300,0.0,0.0
2001-04-05 00:00:00+09:00,528.6731567382812,528.6731567382812,528.6731567382812,528.6731567382812,600,0.0,0.0
2001-04-06 00:00:00+09:00,528.6731567382812,528.6731567382812,528.6731567382812,528.6731567382812,100,0.0,0.0
2001-04-09 00:00:00+09:00,528.6731567382812,528.6731567382812,528.6731567382812,528.6731567382812,0,0.0,0.0
2001-04-10 00:00:00+09:00,528.6731567382812,528.6731567382812,528.6731567382812,528.6731567382812,0,0.0,0.0
2001-04-11 00:00:00+09:00,528.6731567382812,528.6731567382812,528.6731567382812,528.6731567382812,0,0.0,0.0
2001-04-12 00:00:00+09:00,485.13537597656256,485.13537597656256,485.13537597656256,485.1353759765625,200,0.0,0.0
2001-04-13 00:00:00+09:00,435.37801106770837,472.69612630208337,435.37801106770837,466.4764404296875,1200,0.0,0.0
2001-04-16 00:00:00+09:00,497.57485961914057,497.57485961914057,497.57485961914057,497.5748596191406,100,0.0,0.0
2001-04-17 00:00:00+09:00,478.9158630371094,478.9158630371094,472.6961765041599,478.9158630371094,400,0.0,0.0
2001-04-18 00:00:00+09:00,478.9158630371094,478.9158630371094,478.9158630371094,478.9158630371094,100,0.0,0.0
2001-04-19 00:00:00+09:00,472.69610595703125,485.1354771664268,472.69610595703125,472.69610595703125,1600,0.0,0.0
2001-04-20 00:00:00+09:00,472.69610595703125,472.69610595703125,472.69610595703125,472.69610595703125,500,0.0,0.0
2001-04-23 00:00:00+09:00,503.79443359375,503.79443359375,503.79443359375,503.79443359375,1100,0.0,0.0
2001-04-24 00:00:00+09:00,510.01411795910496,510.01411795910496,503.79443359375,503.79443359375,400,0.0,0.0
2001-04-25 00:00:00+09:00,503.79443359375,503.79443359375,503.79443359375,503.79443359375,0,0.0,0.0
2001-04-26 00:00:00+09:00,503.79443359375,503.79443359375,503.79443359375,503.79443359375,0,0.0,0.0
2001-04-27 00:00:00+09:00,528.6733795875726,534.89306640625,528.6733795875726,534.89306640625,500,0.0,0.0
2001-04-30 00:00:00+09:00,534.89306640625,534.89306640625,534.89306640625,534.89306640625,0,0.0,0.0
2001-05-01 00:00:00+09:00,541.1125251321232,541.1125251321232,528.6731567382812,528.6731567382812,1200,0.0,0.0
2001-05-02 00:00:00+09:00,528.6731567382812,528.6731567382812,528.6731567382812,528.6731567382812,200,0.0,0.0
2001-05-03 00:00:00+09:00,528.6731567382812,528.6731567382812,528.6731567382812,528.6731567382812,0,0.0,0.0
2001-05-04 00:00:00+09:00,528.6731567382812,528.6731567382812,528.6731567382812,528.6731567382812,0,0.0,0.0
2001-05-07 00:00:00+09:00,478.9156916691707,485.13537597656256,478.9156916691707,485.1353759765625,10,0.0,0.0
2001-05-08 00:00:00+09:00,478.9156916691707,485.13537597656256,478.9156916691707,485.1353759765625,2,0.0,0.0
2001-05-09 00:00:00+09:00,478.91579156172907,478.91579156172907,472.69610595703125,472.69610595703125,8,0.0,0.0
2001-05-10 00:00:00+09:00,472.69610595703125,472.69610595703125,472.69610595703125,472.69610595703125,0,0.0,0.0
2001-05-11 00:00:00+09:00,472.69610595703125,472.69610595703125,472.69610595703125,472.69610595703125,0,0.0,0.0
2001-05-14 00:00:00+09:00,472.69610595703125,472.69610595703125,472.69610595703125,472.69610595703125,0,0.0,0.0
2001-05-15 00:00:00+09:00,472.69610595703125,472.69610595703125,472.69610595703125,472.69610595703125,0,0.0,0.0
2001-05-16 00:00:00+09:00,472.69610595703125,472.69610595703125,472.69610595703125,472.69610595703125,0,0.0,0.0
2001-05-17 00:00:00+09:00,472.69610595703125,472.69610595703125,472.69610595703125,472.69610595703125,0,0.0,0.0
2001-05-18 00:00:00+09:00,491.3551940917969,491.3551940917969,485.1355080906349,491.3551940917969,600,0.0,0.0
2001-05-21 00:00:00+09:00,497.5748800929589,503.79456609412085,491.3551940917969,491.3551940917969,2000,0.0,0.0
2001-05-22 00:00:00+09:00,478.9158630371094,478.9158630371094,478.9158630371094,478.9158630371094,300,0.0,0.0
2001-05-23 00:00:00+09:00,478.9158630371094,478.9158630371094,478.9158630371094,478.9158630371094,200,0.0,0.0
2001-05-24 00:00:00+09:00,472.6961785393793,472.6961785393793,460.2568054199219,460.2568054199219,200,0.0,0.0
2001-05-25 00:00:00+09:00,460.2568054199219,460.2568054199219,460.2568054199219,460.2568054199219,500,0.0,0.0
2001-05-28 00:00:00+09:00,460.2568054199219,460.2568054199219,460.2568054199219,460.2568054199219,600,0.0,0.0
2001-05-29 00:00:00+09:00,454.0371398925781,454.0371398925781,454.0371398925781,454.0371398925781,500,0.0,0.0
2001-05-30 00:00:00+09:00,460.2568267404217,460.2568267404217,454.0371398925781,454.0371398925781,400,0.0,0.0
2001-05-31 00:00:00+09:00,466.4764404296875,466.4764404296875,466.4764404296875,466.4764404296875,900,0.0,0.0
2001-06-01 00:00:00+09:00,466.4764404296875,466.4764404296875,466.4764404296875,466.4764404296875,700,0.0,0.0
2001-06-04 00:00:00+09:00,466.4764404296875,466.4764404296875,466.4764404296875,466.4764404296875,0,0.0,0.0
2001-06-05 00:00:00+09:00,441.5976867675781,441.5976867675781,441.5976867675781,441.5976867675781,400,0.0,0.0
2001-06-06 00:00:00+09:00,441.5976867675781,441.5976867675781,441.5976867675781,441.5976867675781,0,0.0,0.0
2001-06-07 00:00:00+09:00,441.5976867675781,441.5976867675781,441.5976867675781,441.5976867675781,0,0.0,0.0
2001-06-08 00:00:00+09:00,441.5976867675781,441.5976867675781,441.5976867675781,441.5976867675781,0,0.0,0.0
2001-06-11 00:00:00+09:00,441.5976668463813,447.8173522949219,441.5976668463813,447.8173522949219,200,0.0,0.0
2001-06-12 00:00:00+09:00,447.8173522949219,447.8173522949219,447.8173522949219,447.8173522949219,0,0.0,0.0
2001-06-13 00:00:00+09:00,447.8173522949219,447.8173522949219,447.8173522949219,447.8173522949219,0,0.0,0.0
2001-06-14 00:00:00+09:00,447.8173522949219,447.8173522949219,447.8173522949219,447.8173522949219,0,0.0,0.0
2001-06-15 00:00:00+09:00,441.5976867675781,441.5976867675781,441.5976867675781,441.5976867675781,800,0.0,0.0
2001-06-18 00:00:00+09:00,441.5976867675781,441.5976867675781,441.5976867675781,441.5976867675781,400,0.0,0.0
2001-06-19 00:00:00+09:00,441.5976668463813,447.8173522949219,441.5976668463813,447.8173522949219,300,0.0,0.0
2001-06-20 00:00:00+09:00,447.8173724966989,447.8173724966989,441.5976867675781,441.5976867675781,400,0.0,0.0
2001-06-21 00:00:00+09:00,447.8173522949219,447.8173522949219,447.8173522949219,447.8173522949219,1200,0.0,0.0
2001-06-22 00:00:00+09:00,447.8173522949219,447.8173522949219,447.8173522949219,447.8173522949219,200,0.0,0.0
2001-06-25 00:00:00+09:00,447.8173522949219,447.8173522949219,447.8173522949219,447.8173522949219,300,0.0,0.0
2001-06-26 00:00:00+09:00,435.3780212402344,435.3780212402344,435.3780212402344,435.3780212402344,500,0.0,0.0
2001-06-27 00:00:00+09:00,435.3780212402344,435.3780212402344,435.3780212402344,435.3780212402344,0,0.0,0.0
2001-06-28 00:00:00+09:00,435.3780212402344,435.3780212402344,435.3780212402344,435.3780212402344,0,0.0,0.0
2001-06-29 00:00:00+09:00,447.8173522949219,447.8173522949219,447.8173522949219,447.8173522949219,500,0.0,0.0
2001-07-02 00:00:00+09:00,454.0371398925781,454.0371398925781,454.0371398925781,454.0371398925781,300,0.0,0.0
2001-07-03 00:00:00+09:00,460.2568054199219,460.2568054199219,460.2568054199219,460.2568054199219,300,0.0,0.0
2001-07-04 00:00:00+09:00,460.2568054199219,460.2568054199219,460.2568054199219,460.2568054199219,200,0.0,0.0
2001-07-05 00:00:00+09:00,472.69610595703125,472.69610595703125,472.69610595703125,472.69610595703125,1000,0.0,0.0
2001-07-06 00:00:00+09:00,472.69610595703125,472.69610595703125,472.69610595703125,472.69610595703125,200,0.0,0.0
2001-07-09 00:00:00+09:00,472.69610595703125,472.69610595703125,472.69610595703125,472.69610595703125,600,0.0,0.0
2001-07-10 00:00:00+09:00,472.69610595703125,472.69610595703125,472.69610595703125,472.69610595703125,0,0.0,0.0
2001-07-11 00:00:00+09:00,472.69610595703125,472.69610595703125,472.69610595703125,472.69610595703125,0,0.0,0.0
2001-07-12 00:00:00+09:00,510.0143127441407,510.0143127441407,510.0143127441407,510.0143127441406,100,0.0,0.0
2001-07-13 00:00:00+09:00,503.79443359375,503.79443359375,503.79443359375,503.79443359375,600,0.0,0.0
2001-07-16 00:00:00+09:00,503.79443359375,503.79443359375,503.79443359375,503.79443359375,0,0.0,0.0
2001-07-17 00:00:00+09:00,503.79443359375,503.79443359375,503.79443359375,503.79443359375,0,0.0,0.0
2001-07-18 00:00:00+09:00,503.79443359375,503.79443359375,503.79443359375,503.79443359375,0,0.0,0.0
2001-07-19 00:00:00+09:00,491.3551738739013,497.57485961914057,491.3551738739013,497.5748596191406,1400,0.0,0.0
2001-07-20 00:00:00+09:00,497.57485961914057,497.57485961914057,497.57485961914057,497.5748596191406,0,0.0,0.0
2001-07-23 00:00:00+09:00,497.57485961914057,497.57485961914057,497.57485961914057,497.5748596191406,1400,0.0,0.0
2001-07-24 00:00:00+09:00,422.9386492047991,435.3780212402344,422.9386492047991,435.3780212402344,400,0.0,0.0
2001-07-25 00:00:00+09:00,435.3780212402344,435.3780212402344,435.3780212402344,435.3780212402344,500,0.0,0.0
2001-07-26 00:00:00+09:00,435.3780212402344,435.3780212402344,435.3780212402344,435.3780212402344,0,0.0,0.0
2001-07-27 00:00:00+09:00,435.3780212402344,435.3780212402344,435.3780212402344,435.3780212402344,0,0.0,0.0
2001-07-30 00:00:00+09:00,435.3780212402344,435.3780212402344,435.3780212402344,435.3780212402344,0,0.0,0.0
2001-07-31 00:00:00+09:00,472.69610595703125,472.69610595703125,472.69610595703125,472.69610595703125,500,0.0,0.0
2001-08-01 00:00:00+09:00,472.69610595703125,472.69610595703125,472.69610595703125,472.69610595703125,0,0.0,0.0
2001-08-02 00:00:00+09:00,497.57485961914057,497.57485961914057,497.57485961914057,497.5748596191406,1000,0.0,0.0
2001-08-03 00:00:00+09:00,497.57485961914057,497.57485961914057,497.57485961914057,497.5748596191406,0,0.0,0.0
2001-08-06 00:00:00+09:00,497.57485961914057,497.57485961914057,497.57485961914057,497.5748596191406,0,0.0,0.0
2001-08-07 00:00:00+09:00,497.57485961914057,497.57485961914057,497.57485961914057,497.5748596191406,0,0.0,0.0
2001-08-08 00:00:00+09:00,497.57485961914057,497.57485961914057,497.57485961914057,497.5748596191406,0,0.0,0.0
2001-08-09 00:00:00+09:00,497.57485961914057,497.57485961914057,497.57485961914057,497.5748596191406,0,0.0,0.0
2001-08-10 00:00:00+09:00,497.57485961914057,497.57485961914057,497.57485961914057,497.5748596191406,0,0.0,0.0
2001-08-13 00:00:00+09:00,497.57485961914057,497.57485961914057,497.57485961914057,497.5748596191406,0,0.0,0.0
2001-08-14 00:00:00+09:00,497.57485961914057,497.57485961914057,497.57485961914057,497.5748596191406,0,0.0,0.0
2001-08-15 00:00:00+09:00,497.57485961914057,497.57485961914057,497.57485961914057,497.5748596191406,0,0.0,0.0
2001-08-16 00:00:00+09:00,497.57485961914057,497.57485961914057,497.57485961914057,497.5748596191406,0,0.0,0.0
2001-08-17 00:00:00+09:00,497.57485961914057,497.57485961914057,497.57485961914057,497.5748596191406,0,0.0,0.0
2001-08-20 00:00:00+09:00,497.57485961914057,497.57485961914057,497.57485961914057,497.5748596191406,0,0.0,0.0
2001-08-21 00:00:00+09:00,485.13537597656256,485.13537597656256,485.13537597656256,485.1353759765625,500,0.0,0.0
2001-08-22 00:00:00+09:00,491.3551940917969,491.3551940917969,491.3551940917969,491.3551940917969,700,0.0,0.0
2001-08-23 00:00:00+09:00,416.7189331054687,416.7189331054687,416.7189331054687,416.71893310546875,500,0.0,0.0
2001-08-24 00:00:00+09:00,416.7189331054687,416.7189331054687,416.7189331054687,416.71893310546875,0,0.0,0.0
2001-08-27 00:00:00+09:00,416.7189331054687,416.7189331054687,416.7189331054687,416.71893310546875,0,0.0,0.0
2001-08-28 00:00:00+09:00,416.7189331054687,416.7189331054687,416.7189331054687,416.71893310546875,0,0.0,0.0
2001-08-29 00:00:00+09:00,454.0371398925781,454.0371398925781,454.0371398925781,454.0371398925781,300,0.0,0.0
2001-08-30 00:00:00+09:00,454.0371398925781,454.0371398925781,454.0371398925781,454.0371398925781,200,0.0,0.0
2001-08-31 00:00:00+09:00,460.2567545572917,466.4764404296875,460.2567545572917,466.4764404296875,800,0.0,0.0
2001-09-03 00:00:00+09:00,485.13537597656256,485.13537597656256,485.13537597656256,485.1353759765625,200,0.0,0.0
2001-09-04 00:00:00+09:00,485.13537597656256,485.13537597656256,485.13537597656256,485.1353759765625,400,0.0,0.0
2001-09-05 00:00:00+09:00,485.13537597656256,485.13537597656256,485.13537597656256,485.1353759765625,0,0.0,0.0
2001-09-06 00:00:00+09:00,485.13537597656256,485.13537597656256,485.13537597656256,485.1353759765625,0,0.0,0.0
2001-09-07 00:00:00+09:00,485.13537597656256,485.13537597656256,485.13537597656256,485.1353759765625,0,0.0,0.0
2001-09-10 00:00:00+09:00,485.13537597656256,485.13537597656256,485.13537597656256,485.1353759765625,0,0.0,0.0
2001-09-11 00:00:00+09:00,485.13537597656256,485.13537597656256,485.13537597656256,485.1353759765625,0,0.0,0.0
2001-09-12 00:00:00+09:00,485.13537597656256,485.13537597656256,485.13537597656256,485.1353759765625,0,0.0,0.0
2001-09-13 00:00:00+09:00,366.96142578125,366.96142578125,366.96142578125,366.96142578125,200,0.0,0.0
2001-09-14 00:00:00+09:00,373.1811218261719,373.1811218261719,373.1811218261719,373.1811218261719,500,0.0,0.0
2001-09-17 00:00:00+09:00,385.6204833984375,385.6204833984375,385.6204833984375,385.6204833984375,100,0.0,0.0
2001-09-18 00:00:00+09:00,385.6204833984375,385.6204833984375,385.6204833984375,385.6204833984375,300,0.0,0.0
2001-09-19 00:00:00+09:00,385.6204833984375,385.6204833984375,385.6204833984375,385.6204833984375,0,0.0,0.0
2001-09-20 00:00:00+09:00,385.6204833984375,385.6204833984375,385.6204833984375,385.6204833984375,0,0.0,0.0
2001-09-21 00:00:00+09:00,429.1583251953125,466.4764404296875,429.1583251953125,466.4764404296875,1400,0.0,0.0
2001-09-24 00:00:00+09:00,466.4764404296875,466.4764404296875,466.4764404296875,466.4764404296875,0,0.0,0.0
2001-09-25 00:00:00+09:00,466.4764404296875,466.4764404296875,466.4764404296875,466.4764404296875,0,0.0,0.0
2001-09-26 00:00:00+09:00,466.4764404296875,466.4764404296875,466.4764404296875,466.4764404296875,0,0.0,0.0
2001-09-27 00:00:00+09:00,466.4764404296875,466.4764404296875,466.4764404296875,466.4764404296875,0,0.0,0.0
2001-09-28 00:00:00+09:00,466.4764404296875,466.4764404296875,466.4764404296875,466.4764404296875,0,0.0,0.0
2001-10-01 00:00:00+09:00,441.5976867675781,441.5976867675781,441.5976867675781,441.5976867675781,100,0.0,0.0
2001-10-02 00:00:00+09:00,454.03705822581975,454.03705822581975,441.5976867675781,441.5976867675781,300,0.0,0.0
2001-10-03 00:00:00+09:00,441.5976867675781,441.5976867675781,441.5976867675781,441.5976867675781,0,0.0,0.0
2001-10-04 00:00:00+09:00,454.0371398925781,454.0371398925781,454.0371398925781,454.0371398925781,100,0.0,0.0
2001-10-05 00:00:00+09:00,466.4764404296875,466.4764404296875,466.4764404296875,466.4764404296875,500,0.0,0.0
2001-10-08 00:00:00+09:00,466.4764404296875,466.4764404296875,466.4764404296875,466.4764404296875,0,0.0,0.0
2001-10-09 00:00:00+09:00,466.4764404296875,466.4764404296875,466.4764404296875,466.4764404296875,0,0.0,0.0
2001-10-10 00:00:00+09:00,466.4764404296875,466.4764404296875,466.4764404296875,466.4764404296875,0,0.0,0.0
2001-10-11 00:00:00+09:00,466.4764404296875,466.4764404296875,466.4764404296875,466.4764404296875,0,0.0,0.0
2001-10-12 00:00:00+09:00,466.4764404296875,466.4764404296875,466.4764404296875,466.4764404296875,0,0.0,0.0
2001-10-15 00:00:00+09:00,404.27960205078125,404.27960205078125,404.27960205078125,404.27960205078125,100,0.0,0.0
2001-10-16 00:00:00+09:00,404.27960205078125,404.27960205078125,404.27960205078125,404.27960205078125,0,0.0,0.0
2001-10-17 00:00:00+09:00,416.7189224705551,416.7189224705551,404.27955165053856,410.4992370605469,700,0.0,0.0
2001-10-18 00:00:00+09:00,410.4992370605468,410.4992370605468,410.4992370605468,410.4992370605469,300,0.0,0.0
2001-10-19 00:00:00+09:00,410.4992370605468,410.4992370605468,410.4992370605468,410.4992370605469,200,0.0,0.0
2001-10-22 00:00:00+09:00,410.4992370605468,410.4992370605468,410.4992370605468,410.4992370605469,1700,0.0,0.0
2001-10-23 00:00:00+09:00,410.4992370605468,410.4992370605468,410.4992370605468,410.4992370605469,0,0.0,0.0
2001-10-24 00:00:00+09:00,410.4992370605468,410.4992370605468,410.4992370605468,410.4992370605469,0,0.0,0.0
2001-10-25 00:00:00+09:00,410.4992370605468,410.4992370605468,410.4992370605468,410.4992370605469,0,0.0,0.0
2001-10-26 00:00:00+09:00,410.4992370605468,410.4992370605468,410.4992370605468,410.4992370605469,0,0.0,0.0
2001-10-29 00:00:00+09:00,410.4992370605468,410.4992370605468,410.4992370605468,410.4992370605469,0,0.0,0.0
2001-10-30 00:00:00+09:00,391.840229679988,404.27960205078125,391.840229679988,404.27960205078125,400,0.0,0.0
2001-10-31 00:00:00+09:00,422.9386291503906,422.9386291503906,404.27957198199107,422.9386291503906,1200,0.0,0.0
2001-11-01 00:00:00+09:00,422.9386291503906,422.9386291503906,422.9386291503906,422.9386291503906,100,0.0,0.0
2001-11-02 00:00:00+09:00,422.9386291503906,422.9386291503906,422.9386291503906,422.9386291503906,200,0.0,0.0
2001-11-05 00:00:00+09:00,422.9386291503906,422.9386291503906,422.9386291503906,422.9386291503906,0,0.0,0.0
2001-11-06 00:00:00+09:00,422.9386291503906,422.9386291503906,422.9386291503906,422.9386291503906,0,0.0,0.0
2001-11-07 00:00:00+09:00,422.9386291503906,422.9386291503906,422.9386291503906,422.9386291503906,0,0.0,0.0
2001-11-08 00:00:00+09:00,422.9386291503906,422.9386291503906,422.9386291503906,422.9386291503906,300,0.0,0.0
2001-11-09 00:00:00+09:00,422.9386291503906,422.9386291503906,422.9386291503906,422.9386291503906,0,0.0,0.0
2001-11-12 00:00:00+09:00,422.9386291503906,422.9386291503906,422.9386291503906,422.9386291503906,0,0.0,0.0
2001-11-13 00:00:00+09:00,422.9386291503906,422.9386291503906,422.9386291503906,422.9386291503906,0,0.0,0.0
2001-11-14 00:00:00+09:00,422.9386291503906,422.9386291503906,422.9386291503906,422.9386291503906,0,0.0,0.0
2001-11-15 00:00:00+09:00,422.9386291503906,422.9386291503906,422.9386291503906,422.9386291503906,0,0.0,0.0
2001-11-16 00:00:00+09:00,422.9386291503906,422.9386291503906,422.9386291503906,422.9386291503906,0,0.0,0.0
2001-11-19 00:00:00+09:00,404.27960205078125,404.27960205078125,404.27960205078125,404.27960205078125,300,0.0,0.0
2001-11-20 00:00:00+09:00,404.27960205078125,404.27960205078125,404.27960205078125,404.27960205078125,0,0.0,0.0
2001-11-21 00:00:00+09:00,404.27960205078125,404.27960205078125,404.27960205078125,404.27960205078125,400,0.0,0.0
2001-11-22 00:00:00+09:00,404.27960205078125,404.27960205078125,404.27960205078125,404.27960205078125,100,0.0,0.0
2001-11-23 00:00:00+09:00,404.27960205078125,404.27960205078125,404.27960205078125,404.27960205078125,0,0.0,0.0
2001-11-26 00:00:00+09:00,404.27960205078125,404.27960205078125,404.27960205078125,404.27960205078125,0,0.0,0.0
2001-11-27 00:00:00+09:00,429.1583251953125,429.1583251953125,429.1583251953125,429.1583251953125,900,0.0,0.0
2001-11-28 00:00:00+09:00,429.1583251953125,429.1583251953125,429.1583251953125,429.1583251953125,0,0.0,0.0
2001-11-29 00:00:00+09:00,398.0599158653846,404.27960205078125,398.0599158653846,404.27960205078125,400,0.0,0.0
2001-11-30 00:00:00+09:00,404.27960205078125,404.27960205078125,404.27960205078125,404.27960205078125,0,0.0,0.0
2001-12-03 00:00:00+09:00,416.7189331054687,416.7189331054687,416.7189331054687,416.71893310546875,500,0.0,0.0
2001-12-04 00:00:00+09:00,404.27960205078125,404.27960205078125,404.27960205078125,404.27960205078125,800,0.0,0.0
2001-12-05 00:00:00+09:00,404.27956196799204,416.7189331054687,404.27956196799204,416.71893310546875,300,0.0,0.0
2001-12-06 00:00:00+09:00,422.9386291503906,422.9386291503906,422.9386291503906,422.9386291503906,400,0.0,0.0
2001-12-07 00:00:00+09:00,422.9386492047991,435.3780212402344,422.9386492047991,435.3780212402344,500,0.0,0.0
2001-12-10 00:00:00+09:00,435.3780212402344,435.3780212402344,435.3780212402344,435.3780212402344,600,0.0,0.0
2001-12-11 00:00:00+09:00,435.3780212402344,435.3780212402344,435.3780212402344,435.3780212402344,100,0.0,0.0
2001-12-12 00:00:00+09:00,379.40087890625,379.40087890625,379.40087890625,379.40087890625,100,0.0,0.0
2001-12-13 00:00:00+09:00,317.2038996769832,317.2038996769832,242.56768798828128,242.56768798828125,600,0.0,0.0
2001-12-14 00:00:00+09:00,273.6661727905273,273.6661727905273,217.689001083374,248.7874298095703,2200,0.0,0.0
2001-12-17 00:00:00+09:00,236.34807861328127,342.08274536132814,236.34807861328127,310.98431396484375,1400,0.0,0.0
2001-12-18 00:00:00+09:00,286.10555013020837,286.10555013020837,230.12837727864584,279.8858642578125,1300,0.0,0.0
2001-12-19 00:00:00+09:00,273.6661727905273,273.6661727905273,248.78742980957028,248.7874298095703,800,0.0,0.0
2001-12-20 00:00:00+09:00,255.00711555480956,255.00711555480956,248.78742980957028,248.7874298095703,500,0.0,0.0
2001-12-21 00:00:00+09:00,267.44645274769175,273.6661376953125,267.44645274769175,273.6661376953125,200,0.0,0.0
2001-12-24 00:00:00+09:00,273.6661376953125,273.6661376953125,273.6661376953125,273.6661376953125,0,0.0,0.0
2001-12-25 00:00:00+09:00,273.6661376953125,273.6661376953125,273.6661376953125,273.6661376953125,0,0.0,0.0
2001-12-26 00:00:00+09:00,310.98431396484375,310.98431396484375,310.98431396484375,310.98431396484375,700,0.0,0.0
2001-12-27 00:00:00+09:00,310.98431396484375,310.98431396484375,310.98431396484375,310.98431396484375,300,0.0,0.0
2001-12-28 00:00:00+09:00,342.08270263671875,342.08270263671875,342.08270263671875,342.08270263671875,1700,0.0,0.0
2001-12-31 00:00:00+09:00,342.08270263671875,342.08270263671875,342.08270263671875,342.08270263671875,0,0.0,0.0
2002-01-01 00:00:00+09:00,342.08270263671875,342.08270263671875,342.08270263671875,342.08270263671875,0,0.0,0.0
2002-01-02 00:00:00+09:00,342.08270263671875,342.08270263671875,342.08270263671875,342.08270263671875,0,0.0,0.0
2002-01-03 00:00:00+09:00,342.08270263671875,342.08270263671875,342.08270263671875,342.08270263671875,0,0.0,0.0
2002-01-04 00:00:00+09:00,342.08270263671875,342.08270263671875,342.08270263671875,342.08270263671875,0,0.0,0.0
2002-01-07 00:00:00+09:00,360.74178059895837,391.8402099609375,360.74178059895837,391.8402099609375,600,0.0,0.0
2002-01-08 00:00:00+09:00,391.8402099609375,391.8402099609375,391.8402099609375,391.8402099609375,100,0.0,0.0
2002-01-09 00:00:00+09:00,578.4307250976562,578.4307250976562,578.4307250976562,578.4307250976562,500,0.0,0.0
2002-01-10 00:00:00+09:00,491.355143737793,491.355143737793,373.1811218261719,373.1811218261719,200,0.0,0.0
2002-01-11 00:00:00+09:00,373.1811218261719,373.1811218261719,373.1811218261719,373.1811218261719,200,0.0,0.0
2002-01-14 00:00:00+09:00,373.1811218261719,373.1811218261719,373.1811218261719,373.1811218261719,0,0.0,0.0
2002-01-15 00:00:00+09:00,342.08270263671875,342.08270263671875,342.08270263671875,342.08270263671875,200,0.0,0.0
2002-01-16 00:00:00+09:00,342.08270263671875,342.08270263671875,342.08270263671875,342.08270263671875,100,0.0,0.0
2002-01-17 00:00:00+09:00,342.08270263671875,342.08270263671875,342.08270263671875,342.08270263671875,0,0.0,0.0
2002-01-18 00:00:00+09:00,342.08270263671875,342.08270263671875,342.08270263671875,342.08270263671875,500,0.0,0.0
2002-01-21 00:00:00+09:00,342.08269353498497,354.5220642089844,342.08269353498497,354.5220642089844,3800,0.0,0.0
2002-01-22 00:00:00+09:00,354.5220642089844,354.5220642089844,354.5220642089844,354.5220642089844,0,0.0,0.0
2002-01-23 00:00:00+09:00,354.5220642089844,354.5220642089844,354.5220642089844,354.5220642089844,0,0.0,0.0
2002-01-24 00:00:00+09:00,354.5220642089844,354.5220642089844,354.5220642089844,354.5220642089844,0,0.0,0.0
2002-01-25 00:00:00+09:00,354.5220642089844,354.5220642089844,354.5220642089844,354.5220642089844,0,0.0,0.0
2002-01-28 00:00:00+09:00,342.08270263671875,342.08270263671875,342.08270263671875,342.08270263671875,200,0.0,0.0
2002-01-29 00:00:00+09:00,342.08270146296576,342.08270146296576,323.42364501953125,323.42364501953125,900,0.0,0.0
2002-01-30 00:00:00+09:00,342.08270263671875,342.08270263671875,342.08270263671875,342.08270263671875,1000,0.0,0.0
2002-01-31 00:00:00+09:00,342.08270263671875,342.08270263671875,342.08270263671875,342.08270263671875,0,0.0,0.0
2002-02-01 00:00:00+09:00,342.08270146296576,342.08270146296576,323.42364501953125,323.42364501953125,1600,0.0,0.0
2002-02-04 00:00:00+09:00,323.42364501953125,323.42364501953125,323.42364501953125,323.42364501953125,0,0.0,0.0
2002-02-05 00:00:00+09:00,323.42368652343754,323.42368652343754,310.98431396484375,310.98431396484375,500,0.0,0.0
2002-02-06 00:00:00+09:00,310.98431396484375,310.98431396484375,310.98431396484375,310.98431396484375,0,0.0,0.0
2002-02-07 00:00:00+09:00,310.98431396484375,310.98431396484375,310.98431396484375,310.98431396484375,0,0.0,0.0
2002-02-08 00:00:00+09:00,310.98431396484375,310.98431396484375,310.98431396484375,310.98431396484375,1300,0.0,0.0
2002-02-11 00:00:00+09:00,310.98431396484375,310.98431396484375,310.98431396484375,310.98431396484375,0,0.0,0.0
2002-02-12 00:00:00+09:00,310.98431396484375,310.98431396484375,310.98431396484375,310.98431396484375,0,0.0,0.0
2002-02-13 00:00:00+09:00,310.98431396484375,310.98431396484375,310.98431396484375,310.98431396484375,0,0.0,0.0
2002-02-14 00:00:00+09:00,310.98431396484375,310.98431396484375,310.98431396484375,310.98431396484375,0,0.0,0.0
2002-02-15 00:00:00+09:00,310.98431396484375,310.98431396484375,310.98431396484375,310.98431396484375,0,0.0,0.0
2002-02-18 00:00:00+09:00,310.98431396484375,310.98431396484375,310.98431396484375,310.98431396484375,100,0.0,0.0
2002-02-19 00:00:00+09:00,310.98431396484375,310.98431396484375,310.98431396484375,310.98431396484375,0,0.0,0.0
2002-02-20 00:00:00+09:00,310.9842337814032,317.20391845703125,310.9842337814032,317.20391845703125,400,0.0,0.0
2002-02-21 00:00:00+09:00,317.20391845703125,317.20391845703125,317.20391845703125,317.20391845703125,0,0.0,0.0
2002-02-22 00:00:00+09:00,323.42364501953125,323.42364501953125,323.42364501953125,323.42364501953125,1300,0.0,0.0
2002-02-25 00:00:00+09:00,323.42364501953125,323.42364501953125,323.42364501953125,323.42364501953125,0,0.0,0.0
2002-02-26 00:00:00+09:00,323.42364501953125,323.42364501953125,323.42364501953125,323.42364501953125,0,0.0,0.0
2002-02-27 00:00:00+09:00,323.42364501953125,323.42364501953125,323.42364501953125,323.42364501953125,100,0.0,0.0
2002-02-28 00:00:00+09:00,323.42364501953125,323.42364501953125,323.42364501953125,323.42364501953125,0,0.0,0.0
2002-03-01 00:00:00+09:00,323.42364501953125,323.42364501953125,323.42364501953125,323.42364501953125,0,0.0,0.0
2002-03-04 00:00:00+09:00,323.42364501953125,323.42364501953125,323.42364501953125,323.42364501953125,0,0.0,0.0
2002-03-05 00:00:00+09:00,348.30242919921875,348.30242919921875,348.30242919921875,348.30242919921875,100,0.0,0.0
2002-03-06 00:00:00+09:00,348.30242919921875,348.30242919921875,348.30242919921875,348.30242919921875,500,0.0,0.0
2002-03-07 00:00:00+09:00,354.5220642089844,354.5220642089844,354.5220642089844,354.5220642089844,400,0.0,0.0
2002-03-08 00:00:00+09:00,354.5220642089844,354.5220642089844,354.5220642089844,354.5220642089844,0,0.0,0.0
2002-03-11 00:00:00+09:00,354.5220642089844,354.5220642089844,354.5220642089844,354.5220642089844,0,0.0,0.0
2002-03-12 00:00:00+09:00,354.5220642089844,354.5220642089844,354.5220642089844,354.5220642089844,0,0.0,0.0
2002-03-13 00:00:00+09:00,354.5220642089844,354.5220642089844,354.5220642089844,354.5220642089844,0,0.0,0.0
2002-03-14 00:00:00+09:00,354.5220642089844,354.5220642089844,354.5220642089844,354.5220642089844,100,0.0,0.0
2002-03-15 00:00:00+09:00,354.5220642089844,354.5220642089844,354.5220642089844,354.5220642089844,100,0.0,0.0
2002-03-18 00:00:00+09:00,354.5220642089844,354.5220642089844,354.5220642089844,354.5220642089844,0,0.0,0.0
2002-03-19 00:00:00+09:00,354.5220642089844,354.5220642089844,354.5220642089844,354.5220642089844,0,0.0,0.0
2002-03-20 00:00:00+09:00,335.863037109375,335.863037109375,335.863037109375,335.863037109375,400,0.0,0.0
2002-03-21 00:00:00+09:00,335.863037109375,335.863037109375,335.863037109375,335.863037109375,0,0.0,0.0
2002-03-22 00:00:00+09:00,342.08269353498497,354.5220642089844,342.08269353498497,354.5220642089844,1700,0.0,0.0
2002-03-25 00:00:00+09:00,373.181099727236,373.181099727236,360.7417297363281,360.7417297363281,400,0.0,0.0
2002-03-26 00:00:00+09:00,329.643310546875,329.643310546875,329.643310546875,329.643310546875,300,0.0,0.0
2002-03-27 00:00:00+09:00,329.643310546875,329.643310546875,329.643310546875,329.643310546875,0,0.0,0.0
2002-03-28 00:00:00+09:00,329.643310546875,329.643310546875,329.643310546875,329.643310546875,0,0.0,0.0
2002-03-29 00:00:00+09:00,335.863037109375,335.863037109375,335.863037109375,335.863037109375,100,0.0,0.0
2002-04-01 00:00:00+09:00,335.863037109375,335.863037109375,335.863037109375,335.863037109375,0,0.0,0.0
2002-04-02 00:00:00+09:00,335.86305908203127,335.86305908203127,310.98431396484375,310.98431396484375,1300,0.0,0.0
2002-04-03 00:00:00+09:00,310.98431396484375,310.98431396484375,310.98431396484375,310.98431396484375,0,0.0,0.0
2002-04-04 00:00:00+09:00,310.98431396484375,310.98431396484375,310.98431396484375,310.98431396484375,0,0.0,0.0
2002-04-05 00:00:00+09:00,310.98431396484375,310.98431396484375,310.98431396484375,310.98431396484375,0,0.0,0.0
2002-04-08 00:00:00+09:00,310.98431396484375,310.98431396484375,310.98431396484375,310.98431396484375,0,0.0,0.0
2002-04-09 00:00:00+09:00,310.98431396484375,310.98431396484375,310.98431396484375,310.98431396484375,100,0.0,0.0
2002-04-10 00:00:00+09:00,329.643310546875,329.643310546875,329.643310546875,329.643310546875,100,0.0,0.0
2002-04-11 00:00:00+09:00,342.08270263671875,342.08270263671875,342.08270263671875,342.08270263671875,100,0.0,0.0
2002-04-12 00:00:00+09:00,342.08270263671875,342.08270263671875,342.08270263671875,342.08270263671875,0,0.0,0.0
2002-04-15 00:00:00+09:00,360.7417297363281,360.7417297363281,360.7417297363281,360.7417297363281,100,0.0,0.0
2002-04-16 00:00:00+09:00,360.7417297363281,360.7417297363281,360.7417297363281,360.7417297363281,500,0.0,0.0
2002-04-17 00:00:00+09:00,360.7417297363281,360.7417297363281,360.7417297363281,360.7417297363281,600,0.0,0.0
2002-04-18 00:00:00+09:00,366.9614147317821,366.9614147317821,360.7417297363281,360.7417297363281,700,0.0,0.0
2002-04-19 00:00:00+09:00,360.7417297363281,360.7417297363281,360.7417297363281,360.7417297363281,0,0.0,0.0
2002-04-22 00:00:00+09:00,360.7417297363281,360.7417297363281,360.7417297363281,360.7417297363281,600,0.0,0.0
2002-04-23 00:00:00+09:00,360.7418041992188,360.7418041992188,310.98431396484375,310.98431396484375,1300,0.0,0.0
2002-04-24 00:00:00+09:00,310.98431396484375,310.98431396484375,310.98431396484375,310.98431396484375,0,0.0,0.0
2002-04-25 00:00:00+09:00,310.98431396484375,310.98431396484375,310.98431396484375,310.98431396484375,0,0.0,0.0
2002-04-26 00:00:00+09:00,329.643310546875,329.643310546875,329.643310546875,329.643310546875,100,0.0,0.0
2002-04-29 00:00:00+09:00,329.643310546875,329.643310546875,329.643310546875,329.643310546875,0,0.0,0.0
2002-04-30 00:00:00+09:00,335.863037109375,335.863037109375,335.863037109375,335.863037109375,1100,0.0,0.0
2002-05-01 00:00:00+09:00,335.863037109375,335.863037109375,335.863037109375,335.863037109375,200,0.0,0.0
2002-05-02 00:00:00+09:00,335.863037109375,335.863037109375,335.863037109375,335.863037109375,0,0.0,0.0
2002-05-03 00:00:00+09:00,335.863037109375,335.863037109375,335.863037109375,335.863037109375,0,0.0,0.0
2002-05-06 00:00:00+09:00,335.863037109375,335.863037109375,335.863037109375,335.863037109375,0,0.0,0.0
2002-05-07 00:00:00+09:00,329.64334330839273,435.3780005959904,329.64334330839273,422.9386291503906,6800,0.0,0.0
2002-05-08 00:00:00+09:00,447.81735992431646,460.25673103332525,385.62050437927246,398.05987548828125,6100,0.0,0.0
2002-05-09 00:00:00+09:00,385.6204833984375,385.6204833984375,385.6204833984375,385.6204833984375,500,0.0,0.0
2002-05-10 00:00:00+09:00,379.4008055569833,385.620490893983,354.5220642089844,354.5220642089844,1500,0.0,0.0
2002-05-13 00:00:00+09:00,360.74174954598413,360.74174954598413,354.5220642089844,354.5220642089844,400,0.0,0.0
2002-05-14 00:00:00+09:00,354.5220642089844,354.5220642089844,354.5220642089844,354.5220642089844,0,0.0,0.0
2002-05-15 00:00:00+09:00,342.08270146296576,342.08270146296576,323.42364501953125,323.42364501953125,600,0.0,0.0
2002-05-16 00:00:00+09:00,323.42364501953125,323.42364501953125,317.2039595383864,323.42364501953125,900,0.0,0.0
2002-05-17 00:00:00+09:00,323.42364501953125,323.42364501953125,323.42364501953125,323.42364501953125,400,0.0,0.0
2002-05-20 00:00:00+09:00,323.42364501953125,323.42364501953125,323.42364501953125,323.42364501953125,300,0.0,0.0
2002-05-21 00:00:00+09:00,335.86301713423296,342.08270263671875,335.86301713423296,342.08270263671875,1000,0.0,0.0
2002-05-22 00:00:00+09:00,342.08270263671875,342.08270263671875,342.08270263671875,342.08270263671875,0,0.0,0.0
2002-05-23 00:00:00+09:00,354.5220642089844,354.5220642089844,354.5220642089844,354.5220642089844,300,0.0,0.0
2002-05-24 00:00:00+09:00,366.9614147317821,366.9614147317821,360.7417297363281,360.7417297363281,500,0.0,0.0
2002-05-27 00:00:00+09:00,360.7417297363281,360.7417297363281,360.7417297363281,360.7417297363281,0,0.0,0.0
2002-05-28 00:00:00+09:00,348.3023597454203,360.7417297363281,348.3023597454203,360.7417297363281,500,0.0,0.0
2002-05-29 00:00:00+09:00,360.7417297363281,360.7417297363281,360.7417297363281,360.7417297363281,0,0.0,0.0
2002-05-30 00:00:00+09:00,354.5220657348633,373.1811218261719,354.5220657348633,373.1811218261719,900,0.0,0.0
2002-05-31 00:00:00+09:00,373.1811218261719,373.1811218261719,373.1811218261719,373.1811218261719,0,0.0,0.0
2002-06-03 00:00:00+09:00,373.1811218261719,373.1811218261719,373.1811218261719,373.1811218261719,0,0.0,0.0
2002-06-04 00:00:00+09:00,385.6204833984375,385.6204833984375,385.6204833984375,385.6204833984375,100,0.0,0.0
2002-06-05 00:00:00+09:00,385.62054349459135,404.27960205078125,385.62054349459135,404.27960205078125,700,0.0,0.0
2002-06-06 00:00:00+09:00,422.9386492047991,435.3780212402344,422.9386492047991,435.3780212402344,600,0.0,0.0
2002-06-07 00:00:00+09:00,435.3780212402344,435.3780212402344,435.3780212402344,435.3780212402344,400,0.0,0.0
2002-06-10 00:00:00+09:00,435.3780212402344,435.3780212402344,435.3780212402344,435.3780212402344,0,0.0,0.0
2002-06-11 00:00:00+09:00,435.3780212402344,435.3780212402344,435.3780212402344,435.3780212402344,0,0.0,0.0
2002-06-12 00:00:00+09:00,435.3780212402344,435.3780212402344,435.3780212402344,435.3780212402344,0,0.0,0.0
2002-06-13 00:00:00+09:00,360.7417297363281,360.7417297363281,360.7417297363281,360.7417297363281,100,0.0,0.0
2002-06-14 00:00:00+09:00,354.5220642089844,354.5220642089844,354.5220642089844,354.5220642089844,100,0.0,0.0
2002-06-17 00:00:00+09:00,323.42366536458337,323.42366536458337,261.226806640625,261.226806640625,400,0.0,0.0
2002-06-18 00:00:00+09:00,261.226806640625,261.226806640625,261.226806640625,261.226806640625,0,0.0,0.0
2002-06-19 00:00:00+09:00,441.5976867675781,441.5976867675781,441.5976867675781,441.5976867675781,200,0.0,0.0
2002-06-20 00:00:00+09:00,441.5976867675781,441.5976867675781,441.5976867675781,441.5976867675781,0,0.0,0.0
2002-06-21 00:00:00+09:00,404.2795911516462,435.3780212402344,404.2795911516462,435.3780212402344,1200,0.0,0.0
2002-06-24 00:00:00+09:00,435.3780212402344,435.3780212402344,435.3780212402344,435.3780212402344,0,0.0,0.0
2002-06-25 00:00:00+09:00,435.3780212402344,435.3780212402344,435.3780212402344,435.3780212402344,0,0.0,0.0
2002-06-26 00:00:00+09:00,435.3780212402344,435.3780212402344,435.3780212402344,435.3780212402344,0,0.0,0.0
2002-06-27 00:00:00+09:00,435.3780212402344,435.3780212402344,435.3780212402344,435.3780212402344,0,0.0,0.0
2002-06-28 00:00:00+09:00,422.9386186742071,429.1583042429454,416.7189331054687,416.71893310546875,1000,0.0,0.0
2002-07-01 00:00:00+09:00,416.7189331054687,416.7189331054687,416.7189331054687,416.71893310546875,0,0.0,0.0
2002-07-02 00:00:00+09:00,342.08270263671875,342.08270263671875,342.08270263671875,342.08270263671875,100,0.0,0.0
2002-07-03 00:00:00+09:00,342.0826571595435,342.0826571595435,317.20391845703125,317.20391845703125,300,0.0,0.0
2002-07-04 00:00:00+09:00,323.4236031326593,323.4236031326593,317.20391845703125,317.20391845703125,400,0.0,0.0
2002-07-05 00:00:00+09:00,317.20391845703125,317.20391845703125,317.20391845703125,317.20391845703125,0,0.0,0.0
2002-07-08 00:00:00+09:00,329.643310546875,329.643310546875,329.643310546875,329.643310546875,200,0.0,0.0
2002-07-09 00:00:00+09:00,329.643310546875,329.643310546875,329.643310546875,329.643310546875,0,0.0,0.0
2002-07-10 00:00:00+09:00,329.643310546875,329.643310546875,329.643310546875,329.643310546875,200,0.0,0.0
2002-07-11 00:00:00+09:00,342.08270263671875,342.08270263671875,342.08270263671875,342.08270263671875,100,0.0,0.0
2002-07-12 00:00:00+09:00,348.30242919921875,348.30242919921875,348.30242919921875,348.30242919921875,200,0.0,0.0
2002-07-15 00:00:00+09:00,354.5220642089844,354.5220642089844,354.5220642089844,354.5220642089844,300,0.0,0.0
2002-07-16 00:00:00+09:00,366.96142578125,366.96142578125,366.96142578125,366.96142578125,300,0.0,0.0
2002-07-17 00:00:00+09:00,366.96142578125,366.96142578125,366.96142578125,366.96142578125,0,0.0,0.0
2002-07-18 00:00:00+09:00,385.6205240885417,429.1583251953125,385.6205240885417,429.1583251953125,2100,0.0,0.0
2002-07-19 00:00:00+09:00,422.9386291503906,422.9386291503906,422.9386291503906,422.9386291503906,100,0.0,0.0
2002-07-22 00:00:00+09:00,391.8402099609375,391.8402099609375,391.8402099609375,391.8402099609375,400,0.0,0.0
2002-07-23 00:00:00+09:00,391.8402099609375,391.8402099609375,391.8402099609375,391.8402099609375,300,0.0,0.0
2002-07-24 00:00:00+09:00,398.05987548828125,398.05987548828125,398.05987548828125,398.05987548828125,100,0.0,0.0
2002-07-25 00:00:00+09:00,416.7189331054687,416.7189331054687,416.7189331054687,416.71893310546875,100,0.0,0.0
2002-07-26 00:00:00+09:00,416.7189331054687,416.7189331054687,416.7189331054687,416.71893310546875,400,0.0,0.0
2002-07-29 00:00:00+09:00,416.7189331054687,416.7189331054687,416.7189331054687,416.71893310546875,0,0.0,0.0
2002-07-30 00:00:00+09:00,416.7189331054687,416.7189331054687,416.7189331054687,416.71893310546875,0,0.0,0.0
2002-07-31 00:00:00+09:00,404.27960205078125,404.27960205078125,404.27960205078125,404.27960205078125,800,0.0,0.0
2002-08-01 00:00:00+09:00,404.27960205078125,404.27960205078125,404.27960205078125,404.27960205078125,300,0.0,0.0
2002-08-02 00:00:00+09:00,373.1811218261719,373.1811218261719,373.1811218261719,373.1811218261719,200,0.0,0.0
2002-08-05 00:00:00+09:00,373.1811218261719,373.1811218261719,373.1811218261719,373.1811218261719,600,0.0,0.0
2002-08-06 00:00:00+09:00,373.1811218261719,373.1811218261719,373.1811218261719,373.1811218261719,0,0.0,0.0
2002-08-07 00:00:00+09:00,373.1811218261719,373.1811218261719,373.1811218261719,373.1811218261719,0,0.0,0.0
2002-08-08 00:00:00+09:00,373.1811218261719,373.1811218261719,373.1811218261719,373.1811218261719,0,0.0,0.0
2002-08-09 00:00:00+09:00,373.1811218261719,373.1811218261719,373.1811218261719,373.1811218261719,0,0.0,0.0
2002-08-12 00:00:00+09:00,373.1811218261719,373.1811218261719,373.1811218261719,373.1811218261719,0,0.0,0.0
2002-08-13 00:00:00+09:00,366.96142578125,366.96142578125,366.96142578125,366.96142578125,0,0.0,0.0
2002-08-14 00:00:00+09:00,366.96142578125,366.96142578125,366.96142578125,366.96142578125,0,0.0,0.0
2002-08-15 00:00:00+09:00,360.7417297363281,360.7417297363281,360.7417297363281,360.7417297363281,0,0.0,0.0
2002-08-16 00:00:00+09:00,360.7417297363281,360.7417297363281,360.7417297363281,360.7417297363281,0,0.0,0.0
2002-08-19 00:00:00+09:00,342.08270263671875,342.08270263671875,342.08270263671875,342.08270263671875,400,0.0,0.0
2002-08-20 00:00:00+09:00,310.9842740572416,323.42364501953125,310.9842740572416,323.42364501953125,1700,0.0,0.0
2002-08-21 00:00:00+09:00,335.8629724839154,335.8629724839154,317.20391845703125,317.20391845703125,1600,0.0,0.0
2002-08-22 00:00:00+09:00,317.20391845703125,317.20391845703125,317.20391845703125,317.20391845703125,300,0.0,0.0
2002-08-23 00:00:00+09:00,317.20391845703125,317.20391845703125,317.20391845703125,317.20391845703125,0,0.0,0.0
2002-08-26 00:00:00+09:00,310.98431396484375,310.98431396484375,310.98431396484375,310.98431396484375,3000,0.0,0.0
2002-08-27 00:00:00+09:00,342.08270146296576,342.08270146296576,317.2039595383864,323.42364501953125,1300,0.0,0.0
2002-08-28 00:00:00+09:00,317.20391845703125,317.20391845703125,317.20391845703125,317.20391845703125,500,0.0,0.0
2002-08-29 00:00:00+09:00,317.20391845703125,317.20391845703125,317.20391845703125,317.20391845703125,500,0.0,0.0
2002-08-30 00:00:00+09:00,317.2040002441407,317.2040002441407,310.98431396484375,310.98431396484375,3700,0.0,0.0
2002-09-02 00:00:00+09:00,310.98431396484375,310.98431396484375,310.98431396484375,310.98431396484375,600,0.0,0.0
2002-09-03 00:00:00+09:00,310.98431396484375,310.98431396484375,310.98431396484375,310.98431396484375,900,0.0,0.0
2002-09-04 00:00:00+09:00,310.98431396484375,310.98431396484375,310.98431396484375,310.98431396484375,300,0.0,0.0
2002-09-05 00:00:00+09:00,317.2040002441407,317.2040002441407,310.98431396484375,310.98431396484375,1000,0.0,0.0
2002-09-06 00:00:00+09:00,310.98431396484375,310.98431396484375,310.98431396484375,310.98431396484375,300,0.0,0.0
2002-09-09 00:00:00+09:00,317.20391845703125,317.20391845703125,317.20391845703125,317.20391845703125,100,0.0,0.0
2002-09-10 00:00:00+09:00,317.20391845703125,317.20391845703125,317.20391845703125,317.20391845703125,100,0.0,0.0
2002-09-11 00:00:00+09:00,317.2040002441407,317.2040002441407,310.98431396484375,310.98431396484375,2700,0.0,0.0
2002-09-12 00:00:00+09:00,310.98431396484375,310.98431396484375,310.98431396484375,310.98431396484375,200,0.0,0.0
2002-09-13 00:00:00+09:00,310.98431396484375,310.98431396484375,310.98431396484375,310.98431396484375,0,0.0,0.0
2002-09-16 00:00:00+09:00,310.98431396484375,310.98431396484375,310.98431396484375,310.98431396484375,0,0.0,0.0
2002-09-17 00:00:00+09:00,323.42364501953125,323.42364501953125,323.42364501953125,323.42364501953125,300,0.0,0.0
2002-09-18 00:00:00+09:00,310.98431396484375,310.98431396484375,310.98431396484375,310.98431396484375,200,0.0,0.0
2002-09-19 00:00:00+09:00,310.98431396484375,310.98431396484375,310.98431396484375,310.98431396484375,200,0.0,0.0
2002-09-20 00:00:00+09:00,310.98431396484375,310.98431396484375,310.98431396484375,310.98431396484375,1500,0.0,0.0
2002-09-23 00:00:00+09:00,310.98431396484375,310.98431396484375,310.98431396484375,310.98431396484375,0,0.0,0.0
2002-09-24 00:00:00+09:00,310.98431396484375,310.98431396484375,310.98431396484375,310.98431396484375,1400,0.0,0.0
2002-09-25 00:00:00+09:00,317.20391845703125,317.20391845703125,317.20391845703125,317.20391845703125,1000,0.0,0.0
2002-09-26 00:00:00+09:00,317.2040002441407,317.2040002441407,310.98431396484375,310.98431396484375,1500,0.0,0.0
2002-09-27 00:00:00+09:00,310.98431396484375,310.98431396484375,310.98431396484375,310.98431396484375,0,0.0,0.0
2002-09-30 00:00:00+09:00,317.20391845703125,317.20391845703125,317.20391845703125,317.20391845703125,0,0.0,0.0
2002-10-01 00:00:00+09:00,317.20391845703125,317.20391845703125,317.20391845703125,317.20391845703125,700,0.0,0.0
2002-10-02 00:00:00+09:00,317.2040002441407,317.2040002441407,310.98431396484375,310.98431396484375,600,0.0,0.0
2002-10-03 00:00:00+09:00,310.98431396484375,310.98431396484375,310.98431396484375,310.98431396484375,200,0.0,0.0
2002-10-04 00:00:00+09:00,310.98431396484375,310.98431396484375,310.98431396484375,310.98431396484375,500,0.0,0.0
2002-10-07 00:00:00+09:00,317.2040002441407,317.2040002441407,310.98431396484375,310.98431396484375,1000,0.0,0.0
2002-10-08 00:00:00+09:00,310.98431396484375,310.98431396484375,310.98431396484375,310.98431396484375,900,0.0,0.0
2002-10-09 00:00:00+09:00,310.98431396484375,310.98431396484375,310.98431396484375,310.98431396484375,600,0.0,0.0
2002-10-10 00:00:00+09:00,310.98431396484375,310.98431396484375,310.98431396484375,310.98431396484375,200,0.0,0.0
2002-10-11 00:00:00+09:00,310.98431396484375,310.98431396484375,310.98431396484375,310.98431396484375,500,0.0,0.0
2002-10-14 00:00:00+09:00,310.98431396484375,310.98431396484375,310.98431396484375,310.98431396484375,0,0.0,0.0
2002-10-15 00:00:00+09:00,310.9842740572416,323.42364501953125,310.9842740572416,323.42364501953125,2700,0.0,0.0
2002-10-16 00:00:00+09:00,310.98431396484375,310.98431396484375,310.98431396484375,310.98431396484375,300,0.0,0.0
2002-10-17 00:00:00+09:00,310.9842740572416,323.42364501953125,310.9842740572416,323.42364501953125,1400,0.0,0.0
2002-10-18 00:00:00+09:00,317.2040002441407,317.2040002441407,310.98431396484375,310.98431396484375,400,0.0,0.0
2002-10-21 00:00:00+09:00,317.20391845703125,317.20391845703125,317.20391845703125,317.20391845703125,500,0.0,0.0
2002-10-22 00:00:00+09:00,317.20391845703125,317.20391845703125,317.20391845703125,317.20391845703125,100,0.0,0.0
2002-10-23 00:00:00+09:00,323.42364501953125,323.42364501953125,323.42364501953125,323.42364501953125,0,0.0,0.0
2002-10-24 00:00:00+09:00,323.42364501953125,323.42364501953125,323.42364501953125,323.42364501953125,0,0.0,0.0
2002-10-25 00:00:00+09:00,323.42364501953125,323.42364501953125,323.42364501953125,323.42364501953125,200,0.0,0.0
2002-10-28 00:00:00+09:00,323.42368652343754,323.42368652343754,310.98431396484375,310.98431396484375,1000,0.0,0.0
2002-10-29 00:00:00+09:00,310.98431396484375,310.98431396484375,310.98431396484375,310.98431396484375,0,0.0,0.0
2002-10-30 00:00:00+09:00,310.98431396484375,310.98431396484375,310.98431396484375,310.98431396484375,100,0.0,0.0
2002-10-31 00:00:00+09:00,323.42364501953125,323.42364501953125,323.42364501953125,323.42364501953125,100,0.0,0.0
2002-11-01 00:00:00+09:00,323.4236031326593,323.4236031326593,317.20391845703125,317.20391845703125,1100,0.0,0.0
2002-11-04 00:00:00+09:00,317.20391845703125,317.20391845703125,317.20391845703125,317.20391845703125,0,0.0,0.0
2002-11-05 00:00:00+09:00,317.20391845703125,317.20391845703125,317.20391845703125,317.20391845703125,500,0.0,0.0
2002-11-06 00:00:00+09:00,317.20391845703125,317.20391845703125,317.20391845703125,317.20391845703125,0,0.0,0.0
2002-11-07 00:00:00+09:00,317.20391845703125,317.20391845703125,317.20391845703125,317.20391845703125,100,0.0,0.0
2002-11-08 00:00:00+09:00,317.2040002441407,317.2040002441407,310.98431396484375,310.98431396484375,800,0.0,0.0
2002-11-11 00:00:00+09:00,310.98431396484375,310.98431396484375,310.98431396484375,310.98431396484375,0,0.0,0.0
2002-11-12 00:00:00+09:00,310.98431396484375,310.98431396484375,310.98431396484375,310.98431396484375,500,0.0,0.0
2002-11-13 00:00:00+09:00,310.98431396484375,310.98431396484375,310.98431396484375,310.98431396484375,100,0.0,0.0
2002-11-14 00:00:00+09:00,310.98431396484375,310.98431396484375,310.98431396484375,310.98431396484375,100,0.0,0.0
2002-11-15 00:00:00+09:00,310.98431396484375,310.98431396484375,310.98431396484375,310.98431396484375,0,0.0,0.0
2002-11-18 00:00:00+09:00,310.98431396484375,310.98431396484375,310.98431396484375,310.98431396484375,700,0.0,0.0
2002-11-19 00:00:00+09:00,317.2040002441407,317.2040002441407,310.98431396484375,310.98431396484375,500,0.0,0.0
2002-11-20 00:00:00+09:00,310.98431396484375,310.98431396484375,310.98431396484375,310.98431396484375,300,0.0,0.0
2002-11-21 00:00:00+09:00,317.20391845703125,317.20391845703125,317.20391845703125,317.20391845703125,400,0.0,0.0
2002-11-22 00:00:00+09:00,317.20391845703125,317.20391845703125,317.20391845703125,317.20391845703125,300,0.0,0.0
2002-11-25 00:00:00+09:00,317.20391845703125,317.20391845703125,317.20391845703125,317.20391845703125,600,0.0,0.0
2002-11-26 00:00:00+09:00,317.20391845703125,317.20391845703125,317.20391845703125,317.20391845703125,0,0.0,0.0
2002-11-27 00:00:00+09:00,335.86305908203127,335.86305908203127,310.98431396484375,310.98431396484375,500,0.0,0.0
2002-11-28 00:00:00+09:00,310.98431396484375,310.98431396484375,310.98431396484375,310.98431396484375,700,0.0,0.0
2002-11-29 00:00:00+09:00,317.2039794921875,317.2039794921875,279.8858642578125,279.8858642578125,5400,0.0,0.0
2002-12-02 00:00:00+09:00,279.8858642578125,279.8858642578125,279.8858642578125,279.8858642578125,0,0.0,0.0
2002-12-03 00:00:00+09:00,310.98431396484375,310.98431396484375,310.98431396484375,310.98431396484375,1100,0.0,0.0
2002-12-04 00:00:00+09:00,310.98424977269667,360.7417297363281,310.98424977269667,360.7417297363281,700,0.0,0.0
2002-12-05 00:00:00+09:00,335.8630159818209,335.8630159818209,310.9842740572416,323.42364501953125,18500,0.0,0.0
2002-12-06 00:00:00+09:00,310.98431396484375,310.98431396484375,310.98431396484375,310.98431396484375,200,0.0,0.0
2002-12-09 00:00:00+09:00,310.98431396484375,310.98431396484375,310.98431396484375,310.98431396484375,600,0.0,0.0
2002-12-10 00:00:00+09:00,310.98431396484375,310.98431396484375,310.98431396484375,310.98431396484375,800,0.0,0.0
2002-12-11 00:00:00+09:00,310.98431396484375,310.98431396484375,310.98431396484375,310.98431396484375,2500,0.0,0.0
2002-12-12 00:00:00+09:00,310.98431396484375,310.98431396484375,310.98431396484375,310.98431396484375,300,0.0,0.0
2002-12-13 00:00:00+09:00,310.98431396484375,323.42368652343754,310.98431396484375,310.98431396484375,1800,0.0,0.0
2002-12-16 00:00:00+09:00,310.98431396484375,310.98431396484375,310.98431396484375,310.98431396484375,2400,0.0,0.0
2002-12-17 00:00:00+09:00,310.98431396484375,317.2040002441407,310.98431396484375,310.98431396484375,1900,0.0,0.0
2002-12-18 00:00:00+09:00,310.98431396484375,310.98431396484375,310.98431396484375,310.98431396484375,1300,0.0,0.0
2002-12-19 00:00:00+09:00,310.98431396484375,310.98431396484375,310.98431396484375,310.98431396484375,1900,0.0,0.0
2002-12-20 00:00:00+09:00,310.98431396484375,317.2040002441407,310.98431396484375,310.98431396484375,700,0.0,0.0
2002-12-23 00:00:00+09:00,310.98431396484375,310.98431396484375,310.98431396484375,310.98431396484375,0,0.0,0.0
2002-12-24 00:00:00+09:00,310.98431396484375,317.2040002441407,310.98431396484375,310.98431396484375,1400,0.0,0.0
2002-12-25 00:00:00+09:00,310.98431396484375,310.98431396484375,310.98431396484375,310.98431396484375,1200,0.0,0.0
2002-12-26 00:00:00+09:00,317.20391845703125,317.20391845703125,317.20391845703125,317.20391845703125,200,0.0,0.0
2002-12-27 00:00:00+09:00,317.20391845703125,317.20391845703125,317.20391845703125,317.20391845703125,0,0.0,0.0
2002-12-30 00:00:00+09:00,317.20391845703125,317.20391845703125,317.20391845703125,317.20391845703125,0,0.0,0.0
2002-12-31 00:00:00+09:00,317.20391845703125,317.20391845703125,317.20391845703125,317.20391845703125,0,0.0,0.0
2003-01-01 00:00:00+09:00,317.20391845703125,317.20391845703125,317.20391845703125,317.20391845703125,0,0.0,0.0
2003-01-02 00:00:00+09:00,317.20391845703125,317.20391845703125,317.20391845703125,317.20391845703125,0,0.0,0.0
2003-01-03 00:00:00+09:00,317.20391845703125,317.20391845703125,317.20391845703125,317.20391845703125,0,0.0,0.0
2003-01-06 00:00:00+09:00,323.42364501953125,323.42364501953125,323.42364501953125,323.42364501953125,0,0.0,0.0
2003-01-07 00:00:00+09:00,329.643310546875,329.643310546875,329.643310546875,329.643310546875,0,0.0,0.0
2003-01-08 00:00:00+09:00,342.08268075619105,342.08268075619105,304.76457012824295,329.643310546875,3400,0.0,0.0
2003-01-09 00:00:00+09:00,310.98431396484375,310.98431396484375,310.98431396484375,310.98431396484375,1600,0.0,0.0
2003-01-10 00:00:00+09:00,310.98431396484375,310.98431396484375,310.98431396484375,310.98431396484375,900,0.0,0.0
2003-01-13 00:00:00+09:00,310.98431396484375,310.98431396484375,310.98431396484375,310.98431396484375,0,0.0,0.0
2003-01-14 00:00:00+09:00,310.98431396484375,310.98431396484375,310.98431396484375,310.98431396484375,0,0.0,0.0
2003-01-15 00:00:00+09:00,310.98431396484375,310.98431396484375,310.98431396484375,310.98431396484375,0,0.0,0.0
2003-01-16 00:00:00+09:00,310.98431396484375,310.98431396484375,310.98431396484375,310.98431396484375,0,0.0,0.0
2003-01-17 00:00:00+09:00,304.76458740234375,304.76458740234375,304.76458740234375,304.76458740234375,300,0.0,0.0
2003-01-20 00:00:00+09:00,304.76458740234375,304.76458740234375,304.76458740234375,304.76458740234375,100,0.0,0.0
2003-01-21 00:00:00+09:00,310.98431396484375,310.98431396484375,310.98431396484375,310.98431396484375,2000,0.0,0.0
2003-01-22 00:00:00+09:00,310.98431396484375,310.98431396484375,310.98431396484375,310.98431396484375,0,0.0,0.0
2003-01-23 00:00:00+09:00,310.98431396484375,310.98431396484375,310.98431396484375,310.98431396484375,0,0.0,0.0
2003-01-24 00:00:00+09:00,304.76457659403485,304.76457659403485,298.5448913574219,298.5448913574219,600,0.0,0.0
2003-01-27 00:00:00+09:00,304.76458740234375,304.76458740234375,304.76458740234375,304.76458740234375,0,0.0,0.0
2003-01-28 00:00:00+09:00,298.5448913574219,298.5448913574219,298.5448913574219,298.5448913574219,500,0.0,0.0
2003-01-29 00:00:00+09:00,298.5448913574219,298.5448913574219,298.5448913574219,298.5448913574219,0,0.0,0.0
2003-01-30 00:00:00+09:00,298.5448913574219,298.5448913574219,298.5448913574219,298.5448913574219,200,0.0,0.0
2003-01-31 00:00:00+09:00,310.98431396484375,310.98431396484375,310.98431396484375,310.98431396484375,1000,0.0,0.0
2003-02-03 00:00:00+09:00,310.98431396484375,310.98431396484375,310.98431396484375,310.98431396484375,0,0.0,0.0
2003-02-04 00:00:00+09:00,298.5448913574219,298.5448913574219,298.5448913574219,298.5448913574219,200,0.0,0.0
2003-02-05 00:00:00+09:00,310.98431396484375,310.98431396484375,310.98431396484375,310.98431396484375,800,0.0,0.0
2003-02-06 00:00:00+09:00,298.5448913574219,298.5448913574219,298.5448913574219,298.5448913574219,100,0.0,0.0
2003-02-07 00:00:00+09:00,279.8858642578125,279.8858642578125,279.8858642578125,279.8858642578125,200,0.0,0.0
2003-02-10 00:00:00+09:00,292.32520612080896,298.5448913574219,292.32520612080896,298.5448913574219,700,0.0,0.0
2003-02-11 00:00:00+09:00,298.5448913574219,298.5448913574219,298.5448913574219,298.5448913574219,0,0.0,0.0
2003-02-12 00:00:00+09:00,304.76458740234375,304.76458740234375,304.76458740234375,304.76458740234375,300,0.0,0.0
2003-02-13 00:00:00+09:00,304.76457659403485,304.76457659403485,298.5448913574219,298.5448913574219,500,0.0,0.0
2003-02-14 00:00:00+09:00,298.5448913574219,298.5448913574219,298.5448913574219,298.5448913574219,0,0.0,0.0
2003-02-17 00:00:00+09:00,304.76458740234375,304.76458740234375,304.76458740234375,304.76458740234375,300,0.0,0.0
2003-02-18 00:00:00+09:00,298.5448913574219,298.5448913574219,298.5448913574219,298.5448913574219,100,0.0,0.0
2003-02-19 00:00:00+09:00,298.5448913574219,298.5448913574219,298.5448913574219,298.5448913574219,300,0.0,0.0
2003-02-20 00:00:00+09:00,298.5448913574219,298.5448913574219,292.32520612080896,298.5448913574219,1300,0.0,0.0
2003-02-21 00:00:00+09:00,310.9843152634641,310.9843152634641,292.32525634765625,292.32525634765625,3600,0.0,0.0
2003-02-24 00:00:00+09:00,292.32525634765625,292.32525634765625,292.32525634765625,292.32525634765625,100,0.0,0.0
2003-02-25 00:00:00+09:00,292.32525634765625,292.32525634765625,292.32525634765625,292.32525634765625,0,0.0,0.0
2003-02-26 00:00:00+09:00,286.1055603027344,286.1055603027344,286.1055603027344,286.1055603027344,900,0.0,0.0
2003-02-27 00:00:00+09:00,286.1055603027344,286.1055603027344,286.1055603027344,286.1055603027344,0,0.0,0.0
2003-02-28 00:00:00+09:00,298.54494140625,310.98431396484375,298.54494140625,310.98431396484375,1100,0.0,0.0
2003-03-03 00:00:00+09:00,310.98431396484375,310.98431396484375,310.98431396484375,310.98431396484375,0,0.0,0.0
2003-03-04 00:00:00+09:00,310.98431396484375,310.98431396484375,310.98431396484375,310.98431396484375,0,0.0,0.0
2003-03-05 00:00:00+09:00,310.98431396484375,310.98431396484375,310.98431396484375,310.98431396484375,900,0.0,0.0
2003-03-06 00:00:00+09:00,304.76458740234375,304.76458740234375,304.76458740234375,304.76458740234375,0,0.0,0.0
2003-03-07 00:00:00+09:00,279.8858642578125,279.8858642578125,279.8858642578125,279.8858642578125,100,0.0,0.0
2003-03-10 00:00:00+09:00,286.1055603027344,286.1055603027344,286.1055603027344,286.1055603027344,0,0.0,0.0
2003-03-11 00:00:00+09:00,286.1055603027344,286.1055603027344,286.1055603027344,286.1055603027344,0,0.0,0.0
2003-03-12 00:00:00+09:00,279.8858642578125,279.8858642578125,279.8858642578125,279.8858642578125,800,0.0,0.0
2003-03-13 00:00:00+09:00,261.22681592858356,286.1055603027344,261.22681592858356,286.1055603027344,200,0.0,0.0
2003-03-14 00:00:00+09:00,286.1055603027344,286.1055603027344,286.1055603027344,286.1055603027344,100,0.0,0.0
2003-03-17 00:00:00+09:00,286.1055603027344,286.1055603027344,286.1055603027344,286.1055603027344,100,0.0,0.0
2003-03-18 00:00:00+09:00,286.1055603027344,286.1055603027344,286.1055603027344,286.1055603027344,0,0.0,0.0
2003-03-19 00:00:00+09:00,286.1055603027344,286.1055603027344,286.1055603027344,286.1055603027344,0,0.0,0.0
2003-03-20 00:00:00+09:00,286.1055603027344,286.1055603027344,286.1055603027344,286.1055603027344,0,0.0,0.0
2003-03-21 00:00:00+09:00,286.1055603027344,286.1055603027344,286.1055603027344,286.1055603027344,0,0.0,0.0
2003-03-24 00:00:00+09:00,310.98431396484375,310.98431396484375,310.98431396484375,310.98431396484375,1200,0.0,0.0
2003-03-25 00:00:00+09:00,310.98431396484375,310.98431396484375,310.98431396484375,310.98431396484375,200,0.0,0.0
2003-03-26 00:00:00+09:00,310.98431396484375,310.98431396484375,310.98431396484375,310.98431396484375,0,0.0,0.0
2003-03-27 00:00:00+09:00,310.98431396484375,310.98431396484375,310.98431396484375,310.98431396484375,0,0.0,0.0
2003-03-28 00:00:00+09:00,310.98431396484375,310.98431396484375,310.98431396484375,310.98431396484375,0,0.0,0.0
2003-03-31 00:00:00+09:00,310.98431396484375,310.98431396484375,310.98431396484375,310.98431396484375,1000,0.0,0.0
2003-04-01 00:00:00+09:00,310.98431396484375,310.98431396484375,310.98431396484375,310.98431396484375,0,0.0,0.0
2003-04-02 00:00:00+09:00,310.98431396484375,310.98431396484375,310.98431396484375,310.98431396484375,0,0.0,0.0
2003-04-03 00:00:00+09:00,286.1055603027344,286.1055603027344,286.1055603027344,286.1055603027344,500,0.0,0.0
2003-04-04 00:00:00+09:00,286.1055603027344,286.1055603027344,286.1055603027344,286.1055603027344,0,0.0,0.0
2003-04-07 00:00:00+09:00,310.9842936197917,310.9842936197917,279.8858642578125,279.8858642578125,1900,0.0,0.0
2003-04-08 00:00:00+09:00,279.8858642578125,279.8858642578125,279.8858642578125,279.8858642578125,0,0.0,0.0
2003-04-09 00:00:00+09:00,279.8858642578125,279.8858642578125,279.8858642578125,279.8858642578125,0,0.0,0.0
2003-04-10 00:00:00+09:00,279.8858642578125,279.8858642578125,279.8858642578125,279.8858642578125,700,0.0,0.0
2003-04-11 00:00:00+09:00,279.8858642578125,279.8858642578125,279.8858642578125,279.8858642578125,100,0.0,0.0
2003-04-14 00:00:00+09:00,279.8858642578125,279.8858642578125,273.6661783854167,279.8858642578125,1000,0.0,0.0
2003-04-15 00:00:00+09:00,279.8858642578125,279.8858642578125,279.8858642578125,279.8858642578125,0,0.0,0.0
2003-04-16 00:00:00+09:00,279.8858642578125,279.8858642578125,279.8858642578125,279.8858642578125,0,0.0,0.0
2003-04-17 00:00:00+09:00,217.689001083374,248.78742980957028,217.689001083374,248.7874298095703,3500,0.0,0.0
2003-04-18 00:00:00+09:00,248.78746963128813,255.00715637207034,248.78746963128813,255.0071563720703,1400,0.0,0.0
2003-04-21 00:00:00+09:00,279.8858642578125,279.8858642578125,279.8858642578125,279.8858642578125,2200,0.0,0.0
2003-04-22 00:00:00+09:00,286.1055603027344,286.1055603027344,279.8858742091967,286.1055603027344,1000,0.0,0.0
2003-04-23 00:00:00+09:00,279.8858642578125,279.8858642578125,279.8858642578125,279.8858642578125,0,0.0,0.0
2003-04-24 00:00:00+09:00,279.8858642578125,279.8858642578125,279.8858642578125,279.8858642578125,0,0.0,0.0
2003-04-25 00:00:00+09:00,279.8858642578125,279.8858642578125,279.8858642578125,279.8858642578125,500,0.0,0.0
2003-04-28 00:00:00+09:00,279.8858642578125,279.8858642578125,279.8858642578125,279.8858642578125,200,0.0,0.0
2003-04-29 00:00:00+09:00,279.8858642578125,279.8858642578125,279.8858642578125,279.8858642578125,0,0.0,0.0
2003-04-30 00:00:00+09:00,279.8858825683594,310.98431396484375,279.8858825683594,310.98431396484375,1100,0.0,0.0
2003-05-01 00:00:00+09:00,310.98431396484375,310.98431396484375,310.98431396484375,310.98431396484375,0,0.0,0.0
2003-05-02 00:00:00+09:00,310.98431396484375,310.98431396484375,310.98431396484375,310.98431396484375,0,0.0,0.0
2003-05-05 00:00:00+09:00,310.98431396484375,310.98431396484375,310.98431396484375,310.98431396484375,0,0.0,0.0
2003-05-06 00:00:00+09:00,310.98431396484375,310.98431396484375,310.98431396484375,310.98431396484375,800,0.0,0.0
2003-05-07 00:00:00+09:00,292.32525634765625,292.32525634765625,292.32525634765625,292.32525634765625,0,0.0,0.0
2003-05-08 00:00:00+09:00,292.32525634765625,292.32525634765625,292.32525634765625,292.32525634765625,0,0.0,0.0
2003-05-09 00:00:00+09:00,273.6661376953125,273.6661376953125,273.6661376953125,273.6661376953125,100,0.0,0.0
2003-05-12 00:00:00+09:00,273.6661974318484,292.32525634765625,267.44651112657914,292.32525634765625,500,0.0,0.0
2003-05-13 00:00:00+09:00,292.32525634765625,292.32525634765625,292.32525634765625,292.32525634765625,0,0.0,0.0
2003-05-14 00:00:00+09:00,292.32525634765625,292.32525634765625,292.32525634765625,292.32525634765625,0,0.0,0.0
2003-05-15 00:00:00+09:00,292.32525634765625,292.32525634765625,292.32525634765625,292.32525634765625,0,0.0,0.0
2003-05-16 00:00:00+09:00,292.32525634765625,292.32525634765625,292.32525634765625,292.32525634765625,0,0.0,0.0
2003-05-19 00:00:00+09:00,310.98431396484375,310.98431396484375,310.98431396484375,310.98431396484375,2200,0.0,0.0
2003-05-20 00:00:00+09:00,304.76458740234375,304.76458740234375,304.76458740234375,304.76458740234375,0,0.0,0.0
2003-05-21 00:00:00+09:00,310.98431396484375,310.98431396484375,310.98431396484375,310.98431396484375,1500,0.0,0.0
2003-05-22 00:00:00+09:00,310.98431396484375,310.98431396484375,310.98431396484375,310.98431396484375,0,0.0,0.0
2003-05-23 00:00:00+09:00,304.76458740234375,304.76458740234375,304.76458740234375,304.76458740234375,0,0.0,0.0
2003-05-26 00:00:00+09:00,304.76458740234375,304.76458740234375,304.76458740234375,304.76458740234375,0,0.0,0.0
2003-05-27 00:00:00+09:00,292.32525634765625,292.32525634765625,292.32525634765625,292.32525634765625,200,0.0,0.0
2003-05-28 00:00:00+09:00,292.32525634765625,292.32525634765625,292.32525634765625,292.32525634765625,900,0.0,0.0
2003-05-29 00:00:00+09:00,292.32525634765625,292.32525634765625,292.32525634765625,292.32525634765625,0,0.0,0.0
2003-05-30 00:00:00+09:00,310.98431396484375,310.98431396484375,310.98431396484375,310.98431396484375,900,0.0,0.0
2003-06-02 00:00:00+09:00,310.98431396484375,310.98431396484375,310.98431396484375,310.98431396484375,0,0.0,0.0
2003-06-03 00:00:00+09:00,292.32525634765625,292.32525634765625,292.32525634765625,292.32525634765625,0,0.0,0.0
2003-06-04 00:00:00+09:00,292.32525634765625,292.32525634765625,292.32525634765625,292.32525634765625,0,0.0,0.0
2003-06-05 00:00:00+09:00,310.98431396484375,310.98431396484375,310.98431396484375,310.98431396484375,900,0.0,0.0
2003-06-06 00:00:00+09:00,286.1055603027344,286.1055603027344,286.1055603027344,286.1055603027344,200,0.0,0.0
2003-06-09 00:00:00+09:00,286.1055603027344,286.1055603027344,286.1055603027344,286.1055603027344,0,0.0,0.0
2003-06-10 00:00:00+09:00,292.32525634765625,292.32525634765625,292.32525634765625,292.32525634765625,0,0.0,0.0
2003-06-11 00:00:00+09:00,298.5448913574219,298.5448913574219,298.5448913574219,298.5448913574219,0,0.0,0.0
2003-06-12 00:00:00+09:00,304.76457659403485,304.76457659403485,298.5448913574219,298.5448913574219,200,0.0,0.0
2003-06-13 00:00:00+09:00,298.5448913574219,298.5448913574219,298.5448913574219,298.5448913574219,0,0.0,0.0
2003-06-16 00:00:00+09:00,298.5448913574219,298.5448913574219,298.5448913574219,298.5448913574219,0,0.0,0.0
2003-06-17 00:00:00+09:00,298.5448913574219,298.5448913574219,298.5448913574219,298.5448913574219,200,0.0,0.0
2003-06-18 00:00:00+09:00,310.98431396484375,310.98431396484375,310.98431396484375,310.98431396484375,200,0.0,0.0
2003-06-19 00:00:00+09:00,310.98431396484375,310.98431396484375,310.98431396484375,310.98431396484375,0,0.0,0.0
2003-06-20 00:00:00+09:00,310.98431396484375,310.98431396484375,310.98431396484375,310.98431396484375,0,0.0,0.0
2003-06-23 00:00:00+09:00,310.98431396484375,310.98431396484375,310.98431396484375,310.98431396484375,2100,0.0,0.0
2003-06-24 00:00:00+09:00,310.98431396484375,310.98431396484375,310.98431396484375,310.98431396484375,200,0.0,0.0
2003-06-25 00:00:00+09:00,310.98431396484375,310.98431396484375,310.98431396484375,310.98431396484375,100,0.0,0.0
2003-06-26 00:00:00+09:00,310.98431396484375,310.98431396484375,310.98431396484375,310.98431396484375,900,0.0,0.0
2003-06-27 00:00:00+09:00,335.862995651533,342.08268075619105,329.643310546875,329.643310546875,2900,0.0,0.0
2003-06-30 00:00:00+09:00,360.74175109863285,373.1811218261719,348.30238037109376,373.1811218261719,2100,0.0,0.0
2003-07-01 00:00:00+09:00,379.4008470807757,454.03707929338725,379.4008470807757,435.3780212402344,3000,0.0,0.0
2003-07-02 00:00:00+09:00,416.7189331054687,422.9386186742071,416.7189331054687,416.71893310546875,1000,0.0,0.0
2003-07-03 00:00:00+09:00,435.3780212402344,435.3780212402344,435.3780212402344,435.3780212402344,200,0.0,0.0
2003-07-04 00:00:00+09:00,398.05987548828125,398.05987548828125,398.05987548828125,398.05987548828125,400,0.0,0.0
2003-07-07 00:00:00+09:00,404.2795911516462,435.3780212402344,398.05990513392857,435.3780212402344,1000,0.0,0.0
2003-07-08 00:00:00+09:00,447.8173609491604,447.8173609491604,416.7189331054687,416.71893310546875,800,0.0,0.0
2003-07-09 00:00:00+09:00,416.7189331054687,416.7189331054687,416.7189331054687,416.71893310546875,0,0.0,0.0
2003-07-10 00:00:00+09:00,435.37801106770837,435.37801106770837,429.1583251953125,429.1583251953125,700,0.0,0.0
2003-07-11 00:00:00+09:00,416.7189331054687,416.7189331054687,416.7189331054687,416.71893310546875,200,0.0,0.0
2003-07-14 00:00:00+09:00,435.37798981168373,435.37798981168373,416.7189331054687,416.71893310546875,1100,0.0,0.0
2003-07-15 00:00:00+09:00,422.9386291503906,422.9386291503906,422.9386291503906,422.9386291503906,0,0.0,0.0
2003-07-16 00:00:00+09:00,429.1583352225167,435.3780212402344,422.9386492047991,435.3780212402344,600,0.0,0.0
2003-07-17 00:00:00+09:00,416.7189331054687,416.7189331054687,416.7189331054687,416.71893310546875,100,0.0,0.0
2003-07-18 00:00:00+09:00,416.71891757898163,416.71891757898163,354.5220642089844,354.5220642089844,1100,0.0,0.0
2003-07-21 00:00:00+09:00,354.5220642089844,354.5220642089844,354.5220642089844,354.5220642089844,0,0.0,0.0
2003-07-22 00:00:00+09:00,416.71895345052087,429.1583251953125,416.71895345052087,429.1583251953125,1100,0.0,0.0
2003-07-23 00:00:00+09:00,422.9386291503906,422.9386291503906,422.9386291503906,422.9386291503906,0,0.0,0.0
2003-07-24 00:00:00+09:00,422.9386291503906,422.9386291503906,422.9386291503906,422.9386291503906,200,0.0,0.0
2003-07-25 00:00:00+09:00,422.9386291503906,422.9386291503906,422.9386291503906,422.9386291503906,0,0.0,0.0
2003-07-28 00:00:00+09:00,422.9386291503906,422.9386291503906,422.9386291503906,422.9386291503906,0,0.0,0.0
2003-07-29 00:00:00+09:00,329.643310546875,329.643310546875,329.643310546875,329.643310546875,1600,0.0,0.0
2003-07-30 00:00:00+09:00,335.86301713423296,342.08270263671875,335.86301713423296,342.08270263671875,600,0.0,0.0
2003-07-31 00:00:00+09:00,342.08272298177087,342.08272298177087,335.863037109375,335.863037109375,900,0.0,0.0
2003-08-01 00:00:00+09:00,335.862995651533,335.862995651533,329.643310546875,329.643310546875,300,0.0,0.0
2003-08-04 00:00:00+09:00,342.0826571595435,342.0826571595435,317.20391845703125,317.20391845703125,2700,0.0,0.0
2003-08-05 00:00:00+09:00,373.1811218261719,404.27954864501953,373.1811218261719,373.1811218261719,2100,0.0,0.0
2003-08-06 00:00:00+09:00,323.4236031326593,323.4236031326593,317.20391845703125,317.20391845703125,300,0.0,0.0
2003-08-07 00:00:00+09:00,317.20391845703125,317.20391845703125,317.20391845703125,317.20391845703125,800,0.0,0.0
2003-08-08 00:00:00+09:00,329.643310546875,329.643310546875,329.643310546875,329.643310546875,0,0.0,0.0
2003-08-11 00:00:00+09:00,329.643310546875,329.643310546875,329.643310546875,329.643310546875,100,0.0,0.0
2003-08-12 00:00:00+09:00,335.863037109375,335.863037109375,335.863037109375,335.863037109375,100,0.0,0.0
2003-08-13 00:00:00+09:00,317.2040002441407,317.2040002441407,286.1055688476563,310.98431396484375,2700,0.0,0.0
2003-08-14 00:00:00+09:00,323.42364501953125,323.42364501953125,310.9842740572416,323.42364501953125,500,0.0,0.0
2003-08-15 00:00:00+09:00,323.42364501953125,323.42364501953125,323.42364501953125,323.42364501953125,0,0.0,0.0
2003-08-18 00:00:00+09:00,317.2039794921875,342.08272298177087,317.2039794921875,335.863037109375,900,0.0,0.0
2003-08-19 00:00:00+09:00,335.863037109375,335.863037109375,335.863037109375,335.863037109375,300,0.0,0.0
2003-08-20 00:00:00+09:00,329.643310546875,329.643310546875,329.643310546875,329.643310546875,100,0.0,0.0
2003-08-21 00:00:00+09:00,348.30242919921875,348.30242919921875,348.30242919921875,348.30242919921875,200,0.0,0.0
2003-08-22 00:00:00+09:00,354.52205541578394,366.96142578125,354.52205541578394,366.96142578125,200,0.0,0.0
2003-08-25 00:00:00+09:00,379.40083821614587,391.8402099609375,379.40083821614587,391.8402099609375,900,0.0,0.0
2003-08-26 00:00:00+09:00,391.84018993377686,404.2795610427857,391.84018993377686,398.05987548828125,600,0.0,0.0
2003-08-27 00:00:00+09:00,398.05987548828125,398.05987548828125,398.05987548828125,398.05987548828125,400,0.0,0.0
2003-08-28 00:00:00+09:00,385.6204833984375,385.6204833984375,385.6204833984375,385.6204833984375,0,0.0,0.0
2003-08-29 00:00:00+09:00,385.6205011541193,385.6205011541193,342.08270263671875,342.08270263671875,700,0.0,0.0
2003-09-01 00:00:00+09:00,354.5220642089844,354.5220642089844,354.5220642089844,354.5220642089844,200,0.0,0.0
2003-09-02 00:00:00+09:00,354.5220642089844,354.5220642089844,354.5220642089844,354.5220642089844,300,0.0,0.0
2003-09-03 00:00:00+09:00,348.30242919921875,348.30242919921875,348.30242919921875,348.30242919921875,200,0.0,0.0
2003-09-04 00:00:00+09:00,348.3023788719847,354.5220642089844,348.3023788719847,354.5220642089844,500,0.0,0.0
2003-09-05 00:00:00+09:00,354.5220447408742,360.7417297363281,354.5220447408742,360.7417297363281,1100,0.0,0.0
2003-09-08 00:00:00+09:00,335.8630199432373,398.05987548828125,335.8630199432373,398.05987548828125,7900,0.0,0.0
2003-09-09 00:00:00+09:00,404.27960205078125,422.93866060697115,404.27960205078125,404.27960205078125,9700,0.0,0.0
2003-09-10 00:00:00+09:00,410.4992882361779,410.4992882361779,404.27960205078125,404.27960205078125,900,0.0,0.0
2003-09-11 00:00:00+09:00,404.27960205078125,404.27960205078125,404.27960205078125,404.27960205078125,0,0.0,0.0
2003-09-12 00:00:00+09:00,398.05986328125005,404.27954864501953,366.96143646240233,373.1811218261719,2900,0.0,0.0
2003-09-15 00:00:00+09:00,373.1811218261719,373.1811218261719,373.1811218261719,373.1811218261719,0,0.0,0.0
2003-09-16 00:00:00+09:00,335.8629897545124,373.181099727236,329.6433047590585,360.7417297363281,3400,0.0,0.0
2003-09-17 00:00:00+09:00,360.74175378048056,410.4992370605468,354.52206837047225,410.4992370605469,6900,0.0,0.0
2003-09-18 00:00:00+09:00,410.4992465972901,429.1583032608033,391.84018993377686,398.05987548828125,2600,0.0,0.0
2003-09-19 00:00:00+09:00,410.4992465972901,410.4992465972901,398.05987548828125,398.05987548828125,400,0.0,0.0
2003-09-22 00:00:00+09:00,398.05987548828125,398.05987548828125,398.05987548828125,398.05987548828125,1900,0.0,0.0
2003-09-23 00:00:00+09:00,398.05987548828125,398.05987548828125,398.05987548828125,398.05987548828125,0,0.0,0.0
2003-09-24 00:00:00+09:00,391.8402328491211,398.05991908482144,335.86305672781805,348.30242919921875,1100,0.0,0.0
2003-09-25 00:00:00+09:00,354.5220642089844,360.74174954598413,354.5220642089844,354.5220642089844,500,0.0,0.0
2003-09-26 00:00:00+09:00,360.7417297363281,360.7417297363281,360.7417297363281,360.7417297363281,100,0.0,0.0
2003-09-29 00:00:00+09:00,335.862995651533,342.08268075619105,310.984255232901,329.643310546875,1800,0.0,0.0
2003-09-30 00:00:00+09:00,335.863037109375,342.08272298177087,335.863037109375,335.863037109375,1500,0.0,0.0
2003-10-01 00:00:00+09:00,335.86301713423296,342.08270263671875,335.86301713423296,342.08270263671875,600,0.0,0.0
2003-10-02 00:00:00+09:00,342.08270263671875,342.08270263671875,342.08270263671875,342.08270263671875,600,0.0,0.0
2003-10-03 00:00:00+09:00,323.42364501953125,323.42364501953125,323.42364501953125,323.42364501953125,200,0.0,0.0
2003-10-06 00:00:00+09:00,342.0826850503178,366.96142578125,342.0826850503178,366.96142578125,4200,0.0,0.0
2003-10-07 00:00:00+09:00,354.5220447408742,360.7417297363281,348.3023597454203,360.7417297363281,3500,0.0,0.0
2003-10-08 00:00:00+09:00,360.74174954598413,360.74174954598413,348.3023788719847,354.5220642089844,2300,0.0,0.0
2003-10-09 00:00:00+09:00,335.862995651533,354.5220509655071,323.42362544221703,329.643310546875,2300,0.0,0.0
2003-10-10 00:00:00+09:00,329.643310546875,335.862995651533,317.203940337559,329.643310546875,4000,0.0,0.0
2003-10-13 00:00:00+09:00,329.643310546875,329.643310546875,329.643310546875,329.643310546875,0,0.0,0.0
2003-10-14 00:00:00+09:00,335.863037109375,335.863037109375,335.863037109375,335.863037109375,100,0.0,0.0
2003-10-15 00:00:00+09:00,335.8630159818209,335.8630159818209,317.2039595383864,323.42364501953125,1500,0.0,0.0
2003-10-16 00:00:00+09:00,323.42366536458337,335.863037109375,292.3252360026042,335.863037109375,1600,0.0,0.0
2003-10-17 00:00:00+09:00,329.6433305006761,329.6433305006761,323.42364501953125,323.42364501953125,500,0.0,0.0
2003-10-20 00:00:00+09:00,323.42364501953125,323.42364501953125,310.9842740572416,323.42364501953125,1900,0.0,0.0
2003-10-21 00:00:00+09:00,329.643310546875,329.643310546875,329.643310546875,329.643310546875,600,0.0,0.0
2003-10-22 00:00:00+09:00,342.08268075619105,342.08268075619105,323.42362544221703,329.643310546875,2500,0.0,0.0
2003-10-23 00:00:00+09:00,317.20391845703125,317.20391845703125,317.20391845703125,317.20391845703125,200,0.0,0.0
2003-10-24 00:00:00+09:00,317.20391845703125,317.20391845703125,317.20391845703125,317.20391845703125,0,0.0,0.0
2003-10-27 00:00:00+09:00,317.20391845703125,317.20391845703125,317.20391845703125,317.20391845703125,0,0.0,0.0
2003-10-28 00:00:00+09:00,298.5448913574219,298.5448913574219,298.5448913574219,298.5448913574219,1000,0.0,0.0
2003-10-29 00:00:00+09:00,335.863037109375,342.08272298177087,310.9842936197917,335.863037109375,1000,0.0,0.0
2003-10-30 00:00:00+09:00,354.52200552133417,491.35506028395434,329.64326829176684,485.1353759765625,29400,0.0,0.0
2003-10-31 00:00:00+09:00,447.8173828125,466.4764404296875,373.18115234375,466.4764404296875,24300,0.0,0.0
2003-11-03 00:00:00+09:00,466.4764404296875,466.4764404296875,466.4764404296875,466.4764404296875,0,0.0,0.0
2003-11-04 00:00:00+09:00,454.03706868489587,454.03706868489587,391.8402099609375,391.8402099609375,4200,0.0,0.0
2003-11-05 00:00:00+09:00,398.0598862591912,422.9386291503906,385.62051481359146,422.9386291503906,3200,0.0,0.0
2003-11-06 00:00:00+09:00,435.37797870058,447.81734952059657,404.27955165053856,410.4992370605469,2300,0.0,0.0
2003-11-07 00:00:00+09:00,416.71895345052087,429.1583251953125,416.71895345052087,429.1583251953125,1100,0.0,0.0
2003-11-10 00:00:00+09:00,404.279539046749,404.279539046749,385.6204833984375,385.6204833984375,1100,0.0,0.0
2003-11-11 00:00:00+09:00,379.4008603777204,379.4008603777204,348.30242919921875,348.30242919921875,2000,0.0,0.0
2003-11-12 00:00:00+09:00,360.74174059851697,366.96142578125,360.74174059851697,366.96142578125,500,0.0,0.0
2003-11-13 00:00:00+09:00,354.5220573179183,385.6204833984375,354.5220573179183,385.6204833984375,5600,0.0,0.0
2003-11-14 00:00:00+09:00,391.8401779174805,391.8401779174805,373.1811218261719,373.1811218261719,400,0.0,0.0
2003-11-17 00:00:00+09:00,354.5221154349191,354.5221154349191,348.30242919921875,348.30242919921875,400,0.0,0.0
2003-11-18 00:00:00+09:00,342.08268075619105,342.08268075619105,317.203940337559,329.643310546875,1200,0.0,0.0
2003-11-19 00:00:00+09:00,342.08270263671875,342.08270263671875,342.08270263671875,342.08270263671875,100,0.0,0.0
2003-11-20 00:00:00+09:00,342.08270263671875,342.08270263671875,342.08270263671875,342.08270263671875,0,0.0,0.0
2003-11-21 00:00:00+09:00,348.30242919921875,354.5221154349191,342.0827429635184,348.30242919921875,1800,0.0,0.0
2003-11-24 00:00:00+09:00,348.30242919921875,348.30242919921875,348.30242919921875,348.30242919921875,0,0.0,0.0
2003-11-25 00:00:00+09:00,360.7418016706194,366.96148790631975,348.30242919921875,348.30242919921875,1800,0.0,0.0
2003-11-26 00:00:00+09:00,360.74174059851697,366.96142578125,348.30237023305085,366.96142578125,1000,0.0,0.0
2003-11-27 00:00:00+09:00,391.840229679988,404.27960205078125,391.840229679988,404.27960205078125,2300,0.0,0.0
2003-11-28 00:00:00+09:00,404.27954864501953,404.27954864501953,373.1811218261719,373.1811218261719,3200,0.0,0.0
2003-12-01 00:00:00+09:00,373.18115234375,391.8402099609375,373.18115234375,391.8402099609375,400,0.0,0.0
2003-12-02 00:00:00+09:00,398.05989583333337,398.05989583333337,391.8402099609375,391.8402099609375,200,0.0,0.0
2003-12-03 00:00:00+09:00,391.8402519851435,391.8402519851435,379.40087890625,379.40087890625,800,0.0,0.0
2003-12-04 00:00:00+09:00,360.7417297363281,360.7417297363281,354.5220447408742,360.7417297363281,1700,0.0,0.0
2003-12-05 00:00:00+09:00,360.7417297363281,360.7417297363281,360.7417297363281,360.7417297363281,1900,0.0,0.0
2003-12-08 00:00:00+09:00,360.7417297363281,360.7417297363281,360.7417297363281,360.7417297363281,0,0.0,0.0
2003-12-09 00:00:00+09:00,342.08270263671875,342.08270263671875,342.08270263671875,342.08270263671875,100,0.0,0.0
2003-12-10 00:00:00+09:00,342.08270263671875,342.08270263671875,342.08270263671875,342.08270263671875,0,0.0,0.0
2003-12-11 00:00:00+09:00,329.643310546875,335.862995651533,310.984255232901,329.643310546875,4800,0.0,0.0
2003-12-12 00:00:00+09:00,354.52207242525543,354.52207242525543,317.2039595383864,323.42364501953125,1500,0.0,0.0
2003-12-15 00:00:00+09:00,329.643310546875,329.643310546875,329.643310546875,329.643310546875,100,0.0,0.0
2003-12-16 00:00:00+09:00,360.74181928790983,466.47649045850414,360.74181928790983,379.40087890625,10600,0.0,0.0
2003-12-17 00:00:00+09:00,410.4992242628528,416.7189094789567,379.4007981823337,385.6204833984375,3700,0.0,0.0
2003-12-18 00:00:00+09:00,391.8401686145413,398.0598538306452,385.6204833984375,385.6204833984375,1800,0.0,0.0
2003-12-19 00:00:00+09:00,391.8402099609375,435.37801106770837,391.8402099609375,391.8402099609375,5500,0.0,0.0
2003-12-22 00:00:00+09:00,416.7189094789567,416.7189094789567,385.6204833984375,385.6204833984375,5000,0.0,0.0
2003-12-23 00:00:00+09:00,385.6204833984375,385.6204833984375,385.6204833984375,385.6204833984375,0,0.0,0.0
2003-12-24 00:00:00+09:00,385.6204833984375,385.6204833984375,385.6204833984375,385.6204833984375,800,0.0,0.0
2003-12-25 00:00:00+09:00,373.181099727236,373.181099727236,360.7417297363281,360.7417297363281,700,0.0,0.0
2003-12-26 00:00:00+09:00,373.181099727236,379.40078472268993,360.7417297363281,360.7417297363281,1300,0.0,0.0
2003-12-29 00:00:00+09:00,385.62054349459135,404.27960205078125,373.1811711237981,404.27960205078125,600,0.0,0.0
2003-12-30 00:00:00+09:00,404.27960205078125,404.27960205078125,373.1811711237981,404.27960205078125,2000,0.0,0.0
2003-12-31 00:00:00+09:00,404.27960205078125,404.27960205078125,404.27960205078125,404.27960205078125,0,0.0,0.0
2004-01-01 00:00:00+09:00,404.27960205078125,404.27960205078125,404.27960205078125,404.27960205078125,0,0.0,0.0
2004-01-02 00:00:00+09:00,404.27960205078125,404.27960205078125,404.27960205078125,404.27960205078125,0,0.0,0.0
2004-01-05 00:00:00+09:00,410.4992577047909,422.9386291503906,410.4992577047909,422.9386291503906,1700,0.0,0.0
2004-01-06 00:00:00+09:00,441.5976969401042,441.5976969401042,429.1583251953125,429.1583251953125,2100,0.0,0.0
2004-01-07 00:00:00+09:00,429.1583042429454,429.1583042429454,416.7189331054687,416.71893310546875,400,0.0,0.0
2004-01-08 00:00:00+09:00,410.4992465972901,410.4992465972901,398.05987548828125,398.05987548828125,200,0.0,0.0
2004-01-09 00:00:00+09:00,429.1583042429454,429.1583042429454,416.7189331054687,416.71893310546875,700,0.0,0.0
2004-01-12 00:00:00+09:00,416.7189331054687,416.7189331054687,416.7189331054687,416.71893310546875,0,0.0,0.0
2004-01-13 00:00:00+09:00,466.4764919796506,485.1355516588366,447.81743230046453,460.2568054199219,4100,0.0,0.0
2004-01-14 00:00:00+09:00,447.8173828125,466.4764404296875,435.37801106770837,466.4764404296875,2600,0.0,0.0
2004-01-15 00:00:00+09:00,460.2567439549406,460.2567439549406,441.5976867675781,441.5976867675781,2000,0.0,0.0
2004-01-16 00:00:00+09:00,435.3780212402344,441.597707257952,435.3780212402344,435.3780212402344,1200,0.0,0.0
2004-01-19 00:00:00+09:00,491.3552361030083,491.3552361030083,478.9158630371094,478.9158630371094,700,0.0,0.0
2004-01-20 00:00:00+09:00,491.3552361030083,491.3552361030083,478.9158630371094,478.9158630371094,700,0.0,0.0
2004-01-21 00:00:00+09:00,478.9158121744792,478.9158121744792,466.4764404296875,466.4764404296875,1000,0.0,0.0
2004-01-22 00:00:00+09:00,454.0371398925781,454.0371398925781,454.0371398925781,454.0371398925781,700,0.0,0.0
2004-01-23 00:00:00+09:00,460.25673474763573,472.69610595703125,460.25673474763573,472.69610595703125,1600,0.0,0.0
2004-01-26 00:00:00+09:00,491.35514519013554,528.6732574830572,491.35514519013554,516.23388671875,6100,0.0,0.0
2004-01-27 00:00:00+09:00,528.6733729664872,528.6733729664872,497.57493926257627,510.0143127441406,4200,0.0,0.0
2004-01-28 00:00:00+09:00,491.35514519013554,516.23388671875,491.35514519013554,516.23388671875,2600,0.0,0.0
2004-01-29 00:00:00+09:00,485.1355080906349,497.5748800929589,485.1355080906349,491.3551940917969,800,0.0,0.0
2004-01-30 00:00:00+09:00,491.3551940917969,491.3551940917969,491.3551940917969,491.3551940917969,1100,0.0,0.0
2004-02-02 00:00:00+09:00,491.3551940917969,491.3551940917969,491.3551940917969,491.3551940917969,0,0.0,0.0
2004-02-03 00:00:00+09:00,478.9156916691707,485.13537597656256,478.9156916691707,485.1353759765625,300,0.0,0.0
2004-02-04 00:00:00+09:00,472.69612630208337,472.69612630208337,466.4764404296875,466.4764404296875,400,0.0,0.0
2004-02-05 00:00:00+09:00,466.4764296840614,466.4764296840614,422.93862958021566,441.5976867675781,1800,0.0,0.0
2004-02-06 00:00:00+09:00,429.1583251953125,435.37801106770837,429.1583251953125,429.1583251953125,2300,0.0,0.0
2004-02-09 00:00:00+09:00,447.8173522949219,447.8173522949219,447.8173522949219,447.8173522949219,100,0.0,0.0
2004-02-10 00:00:00+09:00,441.5976867675781,441.5976867675781,441.5976867675781,441.5976867675781,0,0.0,0.0
2004-02-11 00:00:00+09:00,441.5976867675781,441.5976867675781,441.5976867675781,441.5976867675781,0,0.0,0.0
2004-02-12 00:00:00+09:00,447.8173522949219,447.8173522949219,447.8173522949219,447.8173522949219,100,0.0,0.0
2004-02-13 00:00:00+09:00,416.7189331054687,422.9386186742071,416.7189331054687,416.71893310546875,600,0.0,0.0
2004-02-16 00:00:00+09:00,441.5976867675781,441.5976867675781,441.5976867675781,441.5976867675781,0,0.0,0.0
2004-02-17 00:00:00+09:00,435.37801106770837,466.4764404296875,435.37801106770837,466.4764404296875,900,0.0,0.0
2004-02-18 00:00:00+09:00,466.4764203523335,472.69610595703125,466.4764203523335,472.69610595703125,600,0.0,0.0
2004-02-19 00:00:00+09:00,466.4764404296875,466.4764404296875,441.5976969401042,466.4764404296875,1200,0.0,0.0
2004-02-20 00:00:00+09:00,466.4764899712104,478.9158630371094,466.4764899712104,478.9158630371094,1200,0.0,0.0
2004-02-23 00:00:00+09:00,485.13537597656256,485.13537597656256,478.9156916691707,485.1353759765625,1100,0.0,0.0
2004-02-24 00:00:00+09:00,485.13554957005886,485.13554957005886,478.9158630371094,478.9158630371094,400,0.0,0.0
2004-02-25 00:00:00+09:00,472.69610595703125,472.69610595703125,472.69610595703125,472.69610595703125,200,0.0,0.0
2004-02-26 00:00:00+09:00,472.6961765041599,478.9158630371094,472.6961765041599,478.9158630371094,300,0.0,0.0
2004-02-27 00:00:00+09:00,485.1355741317958,485.1355741317958,454.0371398925781,454.0371398925781,2300,0.0,0.0
2004-03-01 00:00:00+09:00,472.69612630208337,485.13549804687506,460.2567545572917,466.4764404296875,1200,0.0,0.0
2004-03-02 00:00:00+09:00,478.9158630371094,478.9158630371094,478.9158630371094,478.9158630371094,100,0.0,0.0
2004-03-03 00:00:00+09:00,491.35523821856526,491.35523821856526,460.2568054199219,460.2568054199219,1300,0.0,0.0
2004-03-04 00:00:00+09:00,497.57492263595776,497.57492263595776,472.6961765041599,478.9158630371094,600,0.0,0.0
2004-03-05 00:00:00+09:00,497.5747445913462,503.79442889873803,485.13537597656256,485.1353759765625,2300,0.0,0.0
2004-03-08 00:00:00+09:00,634.4079166334503,634.4079166334503,578.430747518734,609.5291748046875,9900,0.0,0.0
2004-03-09 00:00:00+09:00,640.6276121139526,796.1197509765625,640.6276121139526,796.1197509765625,23600,0.0,0.0
2004-03-10 00:00:00+09:00,1107.10400390625,1107.10400390625,1107.10400390625,1107.10400390625,23000,0.0,0.0
2004-03-11 00:00:00+09:00,1418.0882568359375,1418.0882568359375,1418.0882568359375,1418.0882568359375,22600,0.0,0.0
2004-03-12 00:00:00+09:00,1884.5648761520738,1884.5648761520738,1094.6647465437788,1349.671875,105500,0.0,0.0
2004-03-15 00:00:00+09:00,1386.9901028194943,1841.0272216796875,1380.7704162597656,1841.0272216796875,61500,0.0,0.0
2004-03-16 00:00:00+09:00,1897.003843934386,2145.7912333028303,1710.413301908053,1778.829833984375,55800,0.0,0.0
2004-03-17 00:00:00+09:00,1785.0497530609252,1785.0497530609252,1511.3835888285882,1573.5804443359375,29500,0.0,0.0
2004-03-18 00:00:00+09:00,1517.6034506811884,1517.6034506811884,1262.5963134765625,1262.5963134765625,40800,0.0,0.0
2004-03-19 00:00:00+09:00,1306.1339940062358,1399.4292792923954,1243.937137148796,1355.8914794921875,23900,0.0,0.0
2004-03-22 00:00:00+09:00,1337.2323237020503,1337.2323237020503,1175.5205078125,1175.5205078125,21700,0.0,0.0
2004-03-23 00:00:00+09:00,1231.4976507222877,1331.0126123968162,1231.4976507222877,1318.5732421875,29800,0.0,0.0
2004-03-24 00:00:00+09:00,1337.2322014196595,1337.2322014196595,1212.8385082643424,1250.1566162109375,14000,0.0,0.0
2004-03-25 00:00:00+09:00,1219.0581855969551,1243.9369240785256,1206.6188163561699,1212.8385009765625,6600,0.0,0.0
2004-03-26 00:00:00+09:00,1247.491256791323,1247.491256791323,1203.3880305411249,1241.1907958984375,3100,25.0,0.0
2004-03-29 00:00:00+09:00,1215.9891639122595,1215.9891639122595,1096.2803861177883,1146.68408203125,13500,0.0,0.0
2004-03-30 00:00:00+09:00,1127.7825166509392,1146.6838996115696,1077.3788287559253,1121.4820556640625,10500,0.0,0.0
2004-03-31 00:00:00+09:00,1102.5806727034324,1171.8857435590767,1071.0783677690486,1121.4820556640625,9500,0.0,0.0
2004-04-01 00:00:00+09:00,1197.08759863772,1278.9935922287218,1197.08759863772,1253.791748046875,16900,0.0,0.0
2004-04-02 00:00:00+09:00,1260.092178577094,1297.894943934407,1197.0875696482392,1241.1907958984375,12200,0.0,0.0
2004-04-05 00:00:00+09:00,1228.5897216796875,1272.6929424579328,1222.2892615685096,1228.5897216796875,8300,0.0,0.0
2004-04-06 00:00:00+09:00,1234.8902883429278,1241.1907489977386,1178.1861424496299,1197.0875244140625,3600,0.0,0.0
2004-04-07 00:00:00+09:00,1184.4866172747904,1184.4866172747904,1108.8810885125697,1127.782470703125,7300,0.0,0.0
2004-04-08 00:00:00+09:00,1108.8808809564916,1178.1859360162723,1108.8808809564916,1140.3831787109375,9100,0.0,0.0
2004-04-09 00:00:00+09:00,1134.0829776378162,1159.284821585323,1108.881133690309,1121.4820556640625,3700,0.0,0.0
2004-04-12 00:00:00+09:00,1083.679462139423,1146.68408203125,1083.679462139423,1146.68408203125,3000,0.0,0.0
2004-04-13 00:00:00+09:00,1203.388239933894,1234.8905498798076,1102.580848106971,1146.68408203125,6300,0.0,0.0
2004-04-14 00:00:00+09:00,1165.585016914494,1165.585016914494,1134.0827191600483,1140.3831787109375,1800,0.0,0.0
2004-04-15 00:00:00+09:00,1152.9840978127156,1159.2845573636048,1134.0827191600483,1140.3831787109375,5300,0.0,0.0
2004-04-16 00:00:00+09:00,1146.68404296875,1146.68404296875,1102.580810546875,1102.580810546875,4600,0.0,0.0
2004-04-19 00:00:00+09:00,1178.1864206065302,1178.1864206065302,1108.8813370414402,1159.2850341796875,6000,0.0,0.0
2004-04-20 00:00:00+09:00,1178.1864206065302,1178.1864206065302,1146.6841098951256,1159.2850341796875,3500,0.0,0.0
2004-04-21 00:00:00+09:00,1171.8856201171875,1184.486540763609,1159.284699470766,1171.8856201171875,3000,0.0,0.0
2004-04-22 00:00:00+09:00,1184.4865009014422,1228.5897216796875,1184.4865009014422,1228.5897216796875,14400,0.0,0.0
2004-04-23 00:00:00+09:00,1291.594479930644,1543.6129150390623,1266.392636419802,1543.6129150390625,50500,0.0,0.0
2004-04-26 00:00:00+09:00,2016.1474247685185,2016.1474247685185,1650.7207040292244,1701.1243896484375,54400,0.0,0.0
2004-04-27 00:00:00+09:00,1764.1290457589284,1764.1290457589284,1480.6083062619578,1543.6129150390625,29700,0.0,0.0
2004-04-28 00:00:00+09:00,1499.509431966146,1663.32138671875,1449.1057535807292,1512.1103515625,21500,0.0,0.0
2004-04-29 00:00:00+09:00,1512.1103515625,1512.1103515625,1512.1103515625,1512.1103515625,0,0.0,0.0
2004-04-30 00:00:00+09:00,1594.0162698714457,1600.3167294361551,1512.1102955302254,1537.3121337890625,9100,0.0,0.0
2004-05-03 00:00:00+09:00,1537.3121337890623,1537.3121337890623,1537.3121337890623,1537.3121337890625,0,0.0,0.0
2004-05-04 00:00:00+09:00,1537.3121337890623,1537.3121337890623,1537.3121337890623,1537.3121337890625,0,0.0,0.0
2004-05-05 00:00:00+09:00,1537.3121337890623,1537.3121337890623,1537.3121337890623,1537.3121337890625,0,0.0,0.0
2004-05-06 00:00:00+09:00,1594.016619299212,1594.016619299212,1442.8055565988914,1474.307861328125,6400,0.0,0.0
2004-05-07 00:00:00+09:00,1449.1061358384684,1449.1061358384684,1341.998291015625,1341.998291015625,4300,0.0,0.0
2004-05-10 00:00:00+09:00,1341.9982415276604,1341.9982415276604,1165.5853271484375,1165.5853271484375,4300,0.0,0.0
2004-05-11 00:00:00+09:00,1134.0828907246491,1260.0921008051657,1134.0828907246491,1234.8902587890625,4000,0.0,0.0
2004-05-12 00:00:00+09:00,1178.18611425283,1260.0921008051657,1134.0828907246491,1234.8902587890625,6400,0.0,0.0
2004-05-13 00:00:00+09:00,1260.0922280169548,1260.0922280169548,1127.7825440751747,1184.4866943359375,6800,0.0,0.0
2004-05-14 00:00:00+09:00,1171.8856958144204,1171.8856958144204,1089.9797063220146,1127.782470703125,3500,0.0,0.0
2004-05-17 00:00:00+09:00,1165.5854169060203,1165.5854169060203,1071.0784912109375,1071.0784912109375,2800,0.0,0.0
2004-05-18 00:00:00+09:00,945.0693201135706,1071.07856279538,945.0693201135706,1020.6748657226562,2900,0.0,0.0
2004-05-19 00:00:00+09:00,1058.477639903193,1165.5854963219683,1058.477639903193,1159.2850341796875,1200,0.0,0.0
2004-05-20 00:00:00+09:00,1285.2940063476562,1310.495849609375,1260.0921630859375,1310.495849609375,5400,0.0,0.0
2004-05-21 00:00:00+09:00,1329.3967804369343,1417.603201887726,1310.4954044117646,1392.4013671875,6900,0.0,0.0
2004-05-24 00:00:00+09:00,1549.9136287144252,1549.9136287144252,1392.4020810808454,1411.303466796875,10200,0.0,0.0
2004-05-25 00:00:00+09:00,1411.3027432126696,1417.603201887726,1386.1009085124433,1392.4013671875,4700,0.0,0.0
2004-05-26 00:00:00+09:00,1392.4021549479166,1430.2049283854167,1373.5007682291666,1417.60400390625,3000,0.0,0.0
2004-05-27 00:00:00+09:00,1291.5945449753187,1310.4959285603234,1228.589933025303,1266.3927001953125,7300,0.0,0.0
2004-05-28 00:00:00+09:00,1247.491288909113,1253.7917499642097,1197.087600468341,1203.3880615234375,3700,0.0,0.0
2004-05-31 00:00:00+09:00,1165.5852951928582,1228.5899057438237,1165.5852951928582,1203.3880615234375,3400,0.0,0.0
2004-06-01 00:00:00+09:00,1228.5897087328362,1253.7915489119714,1228.5897087328362,1247.4910888671875,2100,0.0,0.0
2004-06-02 00:00:00+09:00,1260.0922090923368,1260.0922090923368,1203.3880596831816,1253.791748046875,1400,0.0,0.0
2004-06-03 00:00:00+09:00,1247.491102013221,1247.491102013221,1228.5897216796875,1228.5897216796875,1100,0.0,0.0
2004-06-04 00:00:00+09:00,1203.3881371816,1222.2895215352378,1203.3881371816,1209.6885986328125,700,0.0,0.0
2004-06-07 00:00:00+09:00,1241.1907489977386,1241.1907489977386,1197.0875244140625,1197.0875244140625,1900,0.0,0.0
2004-06-08 00:00:00+09:00,1215.9887886432687,1253.7915489119714,1215.9887886432687,1247.4910888671875,2000,0.0,0.0
2004-06-09 00:00:00+09:00,1228.5897669841333,1228.5897669841333,1222.289306640625,1222.289306640625,1100,0.0,0.0
2004-06-10 00:00:00+09:00,1228.5899057438237,1228.5899057438237,1197.087600468341,1203.3880615234375,1200,0.0,0.0
2004-06-11 00:00:00+09:00,1222.2892615685096,1241.1906419020434,1222.2892615685096,1228.5897216796875,1900,0.0,0.0
2004-06-14 00:00:00+09:00,1266.3926394699795,1272.693100362865,1222.2894132197812,1241.1907958984375,1900,0.0,0.0
2004-06-15 00:00:00+09:00,1241.1908554153063,1272.693161390314,1241.1908554153063,1266.3927001953125,3000,0.0,0.0
2004-06-16 00:00:00+09:00,1278.9935302734375,1291.5944517539638,1278.9935302734375,1278.9935302734375,3100,0.0,0.0
2004-06-17 00:00:00+09:00,1291.5944517539638,1304.1953732344903,1278.9935302734375,1278.9935302734375,2800,0.0,0.0
2004-06-18 00:00:00+09:00,1291.594309180674,1291.594309180674,1247.4910888671875,1247.4910888671875,1700,0.0,0.0
2004-06-21 00:00:00+09:00,1253.7915985851753,1291.5943603515625,1247.4911382907774,1291.5943603515625,4100,0.0,0.0
2004-06-22 00:00:00+09:00,1310.4958810334158,1310.4958810334158,1272.693115234375,1272.693115234375,2400,0.0,0.0
2004-06-23 00:00:00+09:00,1266.3925012207033,1272.6929614257813,1260.092041015625,1260.092041015625,5500,0.0,0.0
2004-06-24 00:00:00+09:00,1291.5943420410158,1291.5943420410158,1247.491120605469,1260.092041015625,2100,0.0,0.0
2004-06-25 00:00:00+09:00,1285.2939000571646,1291.5943603515625,1278.993439762767,1291.5943603515625,1400,0.0,0.0
2004-06-28 00:00:00+09:00,1291.5943603515625,1310.4957412347562,1285.2939000571646,1291.5943603515625,3300,0.0,0.0
2004-06-29 00:00:00+09:00,1310.495911841299,1310.495911841299,1278.9936062681907,1285.2940673828125,2300,0.0,0.0
2004-06-30 00:00:00+09:00,1291.5944517539638,1291.5944517539638,1278.9935302734375,1278.9935302734375,1300,0.0,0.0
2004-07-01 00:00:00+09:00,1291.5943603515625,1304.1952809403583,1278.993439762767,1291.5943603515625,1900,0.0,0.0
2004-07-02 00:00:00+09:00,1291.5943420410158,1291.5943420410158,1247.491120605469,1260.092041015625,2100,0.0,0.0
2004-07-05 00:00:00+09:00,1266.3924823467548,1266.3924823467548,1228.5897216796875,1228.5897216796875,2600,0.0,0.0
2004-07-06 00:00:00+09:00,1203.3878991699219,1260.092041015625,1203.3878991699219,1260.092041015625,1700,0.0,0.0
2004-07-07 00:00:00+09:00,1222.289352179809,1241.1907339145482,1209.688431023316,1215.9888916015625,1800,0.0,0.0
2004-07-08 00:00:00+09:00,1209.6885986328125,1234.8904444376628,1197.0876757303874,1209.6885986328125,3000,0.0,0.0
2004-07-09 00:00:00+09:00,1215.9890106353,1297.8950061703201,1215.9890106353,1266.3927001953125,5600,0.0,0.0
2004-07-12 00:00:00+09:00,1304.1955222546214,1341.998291015625,1278.9936764139525,1341.998291015625,7300,0.0,0.0
2004-07-13 00:00:00+09:00,1386.1014771692962,1405.0028609488775,1297.89501953125,1297.89501953125,8900,0.0,0.0
2004-07-14 00:00:00+09:00,1297.8950061703201,1329.397312145328,1266.3927001953125,1266.3927001953125,2800,0.0,0.0
2004-07-15 00:00:00+09:00,1266.392469001539,1266.392469001539,1247.4910888671875,1247.4910888671875,1700,0.0,0.0
2004-07-16 00:00:00+09:00,1234.89016877762,1247.4910888671875,1222.2892486880523,1247.4910888671875,2300,0.0,0.0
2004-07-19 00:00:00+09:00,1247.4910888671875,1247.4910888671875,1247.4910888671875,1247.4910888671875,0,0.0,0.0
2004-07-20 00:00:00+09:00,1165.5853852771577,1247.4913853236606,1165.5853852771577,1190.7872314453125,6000,0.0,0.0
2004-07-21 00:00:00+09:00,1197.0874652665914,1241.19068767115,1197.0874652665914,1222.289306640625,2100,0.0,0.0
2004-07-22 00:00:00+09:00,1222.289352179809,1222.289352179809,1184.4865887103301,1215.9888916015625,1900,0.0,0.0
2004-07-23 00:00:00+09:00,1190.7873159555288,1190.7873159555288,1146.68408203125,1146.68408203125,2600,0.0,0.0
2004-07-26 00:00:00+09:00,1033.2757039152816,1089.9798583984375,1033.2757039152816,1089.9798583984375,8900,0.0,0.0
2004-07-27 00:00:00+09:00,1045.8766335227272,1089.9798650568182,1039.576171875,1039.576171875,3500,0.0,0.0
2004-07-28 00:00:00+09:00,1026.9750384484937,1064.777800599972,1026.9750384484937,1052.1768798828125,1200,0.0,0.0
2004-07-29 00:00:00+09:00,1058.4775390625,1058.4775390625,1052.1770775204611,1058.4775390625,800,0.0,0.0
2004-07-30 00:00:00+09:00,1058.4772625658886,1064.777722462114,1045.8763427734375,1045.8763427734375,2300,0.0,0.0
2004-08-02 00:00:00+09:00,1071.0784912109375,1071.0784912109375,1058.4775677849266,1071.0784912109375,1000,0.0,0.0
2004-08-03 00:00:00+09:00,1064.777722462114,1064.777722462114,1045.8763427734375,1045.8763427734375,1200,0.0,0.0
2004-08-04 00:00:00+09:00,1045.8764953613281,1045.8764953613281,1008.0737304687499,1008.07373046875,3300,0.0,0.0
2004-08-05 00:00:00+09:00,1008.0737304687499,1008.0737304687499,1008.0737304687499,1008.07373046875,1000,0.0,0.0
2004-08-06 00:00:00+09:00,1008.0736806441327,1234.8902587890625,1008.0736806441327,1234.8902587890625,8300,0.0,0.0
2004-08-09 00:00:00+09:00,1228.589922316531,1234.8903834566158,1102.5806995148355,1184.4866943359375,13700,0.0,0.0
2004-08-10 00:00:00+09:00,1134.082763671875,1152.9841430664064,1127.782303873698,1134.082763671875,2100,0.0,0.0
2004-08-11 00:00:00+09:00,1071.0781895429238,1102.5804892353626,1071.0781895429238,1096.280029296875,1800,0.0,0.0
2004-08-12 00:00:00+09:00,1077.3789529239432,1077.3789529239432,1071.0784912109375,1071.0784912109375,600,0.0,0.0
2004-08-13 00:00:00+09:00,1071.0784153684356,1096.2802604359283,1064.7779541015625,1064.7779541015625,400,0.0,0.0
2004-08-16 00:00:00+09:00,1064.7779541015625,1064.7779541015625,1064.7779541015625,1064.7779541015625,100,0.0,0.0
2004-08-17 00:00:00+09:00,1083.6794034090908,1083.6794034090908,1039.576171875,1039.576171875,1100,0.0,0.0
2004-08-18 00:00:00+09:00,1089.9798650568182,1089.9798650568182,1026.9752485795455,1039.576171875,1400,0.0,0.0
2004-08-19 00:00:00+09:00,1045.8766335227272,1045.8766335227272,1014.3743252840909,1039.576171875,500,0.0,0.0
2004-08-20 00:00:00+09:00,1039.576171875,1039.576171875,1039.576171875,1039.576171875,0,0.0,0.0
2004-08-23 00:00:00+09:00,1045.8766545758929,1171.8858900669643,1045.8766545758929,1102.580810546875,7300,0.0,0.0
2004-08-24 00:00:00+09:00,1134.0829776378162,1134.0829776378162,1108.881133690309,1121.4820556640625,3800,0.0,0.0
2004-08-25 00:00:00+09:00,1121.4821664446351,1121.4821664446351,1045.8766271337608,1089.9798583984375,2300,0.0,0.0
2004-08-26 00:00:00+09:00,1045.8765542673511,1083.6793212890625,1045.8765542673511,1083.6793212890625,600,0.0,0.0
2004-08-27 00:00:00+09:00,1058.4774928346894,1071.0784153684356,1058.4774928346894,1064.7779541015625,1300,0.0,0.0
2004-08-30 00:00:00+09:00,1058.4773402413923,1064.777800599972,1052.1768798828125,1052.1768798828125,300,0.0,0.0
2004-08-31 00:00:00+09:00,1052.1770951704545,1052.1770951704545,1033.2757102272726,1039.576171875,700,0.0,0.0
2004-09-01 00:00:00+09:00,1052.1770154376363,1108.8811659702035,1045.8765542673511,1083.6793212890625,2100,0.0,0.0
2004-09-02 00:00:00+09:00,1064.777800599972,1064.777800599972,1045.876419524233,1052.1768798828125,700,0.0,0.0
2004-09-03 00:00:00+09:00,1071.0784912109375,1071.0784912109375,1058.4775677849266,1071.0784912109375,1300,0.0,0.0
2004-09-06 00:00:00+09:00,1071.0784621465773,1071.0784621465773,1058.4775390625,1058.4775390625,600,0.0,0.0
2004-09-07 00:00:00+09:00,1064.7780006045386,1064.7780006045386,1058.4775390625,1058.4775390625,900,0.0,0.0
2004-09-08 00:00:00+09:00,1058.477639903193,1190.787344891092,1058.477639903193,1159.2850341796875,21800,0.0,0.0
2004-09-09 00:00:00+09:00,1159.2849361000722,1159.2849361000722,1077.3789351799585,1089.9798583984375,3500,0.0,0.0
2004-09-10 00:00:00+09:00,1089.979782459348,1089.979782459348,1064.777937778207,1083.6793212890625,1900,0.0,0.0
2004-09-13 00:00:00+09:00,1071.0784912109375,1083.6794146369486,1064.778029497932,1071.0784912109375,1800,0.0,0.0
2004-09-14 00:00:00+09:00,1071.0784153684356,1077.3788766353089,1064.7779541015625,1064.7779541015625,800,0.0,0.0
2004-09-15 00:00:00+09:00,1071.0783234534904,1077.3787841796875,1071.0783234534904,1077.3787841796875,1900,0.0,0.0
2004-09-16 00:00:00+09:00,1071.0781823583397,1077.3786422545652,1045.8763427734375,1045.8763427734375,1500,0.0,0.0
2004-09-17 00:00:00+09:00,1033.275634765625,1045.8765571408155,1033.275634765625,1033.275634765625,2200,0.0,0.0
2004-09-20 00:00:00+09:00,1033.275634765625,1033.275634765625,1033.275634765625,1033.275634765625,0,0.0,0.0
2004-09-21 00:00:00+09:00,1039.575882877212,1045.8763427734375,1033.2754229809866,1045.8763427734375,1200,0.0,0.0
2004-09-22 00:00:00+09:00,1052.176836461829,1052.176836461829,919.8671743917786,938.7685546875,6400,0.0,0.0
2004-09-23 00:00:00+09:00,938.7685546875,938.7685546875,938.7685546875,938.7685546875,0,0.0,0.0
2004-09-24 00:00:00+09:00,976.5713317871094,976.5713317871094,938.7685705566407,945.0690307617188,4700,0.0,0.0
2004-09-27 00:00:00+09:00,945.0690736161902,963.970455088514,888.3649291992188,888.3649291992188,4600,0.0,0.0
2004-09-28 00:00:00+09:00,894.6656834193639,894.6656834193639,882.0647583007812,882.0647583007812,1200,0.0,0.0
2004-09-29 00:00:00+09:00,850.5621205205503,913.566722040591,850.5621205205503,869.4635009765625,1100,0.0,0.0
2004-09-30 00:00:00+09:00,863.1631461307921,913.5668334960939,856.8626852101294,913.5668334960938,2300,0.0,0.0
2004-10-01 00:00:00+09:00,919.8672316530917,919.8672316530917,888.3649291992188,888.3649291992188,1000,0.0,0.0
2004-10-04 00:00:00+09:00,907.2661576704546,970.270751953125,907.2661576704546,970.270751953125,6600,0.0,0.0
2004-10-05 00:00:00+09:00,989.1722521972657,989.1722521972657,945.0690307617189,945.0690307617188,1200,0.0,0.0
2004-10-06 00:00:00+09:00,951.369490966797,951.369490966797,945.0690307617189,945.0690307617188,1400,0.0,0.0
2004-10-07 00:00:00+09:00,945.0690307617189,945.0690307617189,945.0690307617189,945.0690307617188,0,0.0,0.0
2004-10-08 00:00:00+09:00,982.8719332787298,982.8719332787298,976.5714721679688,976.5714721679688,200,0.0,0.0
2004-10-11 00:00:00+09:00,976.5714721679688,976.5714721679688,976.5714721679688,976.5714721679688,0,0.0,0.0
2004-10-12 00:00:00+09:00,976.571285424643,976.571285424643,945.0689858948158,951.3694458007812,400,0.0,0.0
2004-10-13 00:00:00+09:00,989.1723943894909,989.1723943894909,951.3696277249244,976.5714721679688,1200,0.0,0.0
2004-10-14 00:00:00+09:00,932.468293490475,932.468293490475,919.8673706054686,919.8673706054688,600,0.0,0.0
2004-10-15 00:00:00+09:00,913.5669091629654,926.1678320479718,882.0646019504494,919.8673706054688,2700,0.0,0.0
2004-10-18 00:00:00+09:00,919.8672638977466,926.167724609375,919.8672638977466,926.167724609375,1200,0.0,0.0
2004-10-19 00:00:00+09:00,913.5666338602701,919.867093404134,907.2661743164062,907.2661743164062,400,0.0,0.0
2004-10-20 00:00:00+09:00,907.2661743164062,907.2661743164062,907.2661743164062,907.2661743164062,0,0.0,0.0
2004-10-21 00:00:00+09:00,907.266326474472,907.266326474472,894.6654052734376,894.6654052734375,900,0.0,0.0
2004-10-22 00:00:00+09:00,888.3652208600726,913.5670710972377,882.0647583007812,882.0647583007812,1100,0.0,0.0
2004-10-25 00:00:00+09:00,850.5621948242188,850.5621948242188,850.5621948242188,850.5621948242188,700,0.0,0.0
2004-10-26 00:00:00+09:00,806.4590718283582,844.2618408203126,806.4590718283582,844.2618408203125,1600,0.0,0.0
2004-10-27 00:00:00+09:00,844.2617336593512,844.2617336593512,825.3603515625,825.3603515625,600,0.0,0.0
2004-10-28 00:00:00+09:00,819.0599948256764,844.2618408203126,819.0599948256764,844.2618408203125,1100,0.0,0.0
2004-10-29 00:00:00+09:00,844.2616273993688,989.1722052365739,819.0597877755071,951.3694458007812,6400,0.0,0.0
2004-11-01 00:00:00+09:00,945.0693838936942,945.0693838936942,825.3605952671595,882.0647583007812,2900,0.0,0.0
2004-11-02 00:00:00+09:00,882.0647583007812,882.0647583007812,882.0647583007812,882.0647583007812,400,0.0,0.0
2004-11-03 00:00:00+09:00,882.0647583007812,882.0647583007812,882.0647583007812,882.0647583007812,0,0.0,0.0
2004-11-04 00:00:00+09:00,894.6653896899933,894.6653896899933,856.8626267453458,888.3649291992188,1300,0.0,0.0
2004-11-05 00:00:00+09:00,894.6654507341057,913.5668334960939,894.6654507341057,913.5668334960938,300,0.0,0.0
2004-11-08 00:00:00+09:00,900.9659116547684,913.5668334960939,900.9659116547684,913.5668334960938,900,0.0,0.0
2004-11-09 00:00:00+09:00,856.8625806725544,869.4635009765625,856.8625806725544,869.4635009765625,600,0.0,0.0
2004-11-10 00:00:00+09:00,907.2665521162975,1039.5762576332575,907.2665521162975,995.4730224609375,22500,0.0,0.0
2004-11-11 00:00:00+09:00,970.2710290857262,970.2710290857262,894.6654943517735,932.46826171875,7100,0.0,0.0
2004-11-12 00:00:00+09:00,926.1678004909205,932.4682617187499,913.5668780352618,932.46826171875,1400,0.0,0.0
2004-11-15 00:00:00+09:00,919.8672944167565,919.8672944167565,900.9659116547684,913.5668334960938,700,0.0,0.0
2004-11-16 00:00:00+09:00,913.5668334960939,926.1677553374193,913.5668334960939,913.5668334960938,1100,0.0,0.0
2004-11-17 00:00:00+09:00,919.8672944167565,919.8672944167565,907.2663725754311,913.5668334960938,700,0.0,0.0
2004-11-18 00:00:00+09:00,913.5667870749891,913.5667870749891,888.3649446729204,894.6654052734375,1200,0.0,0.0
2004-11-19 00:00:00+09:00,894.6653896899933,913.5667711623171,888.3649291992188,888.3649291992188,1800,0.0,0.0
2004-11-22 00:00:00+09:00,888.3647956848145,907.2661743164062,888.3647956848145,907.2661743164062,1000,0.0,0.0
2004-11-23 00:00:00+09:00,907.2661743164062,907.2661743164062,907.2661743164062,907.2661743164062,0,0.0,0.0
2004-11-24 00:00:00+09:00,913.566722040591,932.4681024966033,869.4635009765625,869.4635009765625,2800,0.0,0.0
2004-11-25 00:00:00+09:00,976.571315278943,976.571315278943,900.965794096057,938.7685546875,2500,0.0,0.0
2004-11-26 00:00:00+09:00,913.5668334960939,938.7686771787447,913.5668334960939,913.5668334960938,900,0.0,0.0
2004-11-29 00:00:00+09:00,926.1678320479718,926.1678320479718,919.8673706054686,919.8673706054688,200,0.0,0.0
2004-11-30 00:00:00+09:00,945.0690307617189,945.0690307617189,945.0690307617189,945.0690307617188,1100,0.0,0.0
2004-12-01 00:00:00+09:00,945.0690307617189,945.0690307617189,945.0690307617189,945.0690307617188,100,0.0,0.0
2004-12-02 00:00:00+09:00,919.8673706054686,919.8673706054686,919.8673706054686,919.8673706054688,1200,0.0,0.0
2004-12-03 00:00:00+09:00,913.5668780352618,932.4682617187499,913.5668780352618,932.46826171875,1500,0.0,0.0
2004-12-06 00:00:00+09:00,932.468216258082,932.468216258082,913.5668334960939,913.5668334960938,1400,0.0,0.0
2004-12-07 00:00:00+09:00,913.5666863649886,951.3694458007812,907.2662264590232,951.3694458007812,4500,0.0,0.0
2004-12-08 00:00:00+09:00,945.0691067442602,945.0691067442602,919.8672638977466,926.167724609375,1400,0.0,0.0
2004-12-09 00:00:00+09:00,938.7687549329784,938.7687549329784,919.8673706054686,919.8673706054688,800,0.0,0.0
2004-12-10 00:00:00+09:00,919.8673706054686,919.8673706054686,919.8673706054686,919.8673706054688,500,0.0,0.0
2004-12-13 00:00:00+09:00,926.167724609375,926.167724609375,926.167724609375,926.167724609375,300,0.0,0.0
2004-12-14 00:00:00+09:00,913.5670503202853,926.1679751522892,900.9661254882814,900.9661254882812,800,0.0,0.0
2004-12-15 00:00:00+09:00,894.6653896899933,894.6653896899933,882.0644687084441,888.3649291992188,1900,0.0,0.0
2004-12-16 00:00:00+09:00,888.3652208600726,888.3652208600726,882.0647583007812,882.0647583007812,1200,0.0,0.0
2004-12-17 00:00:00+09:00,882.0647583007812,882.0647583007812,882.0647583007812,882.0647583007812,400,0.0,0.0
2004-12-20 00:00:00+09:00,882.0644673813867,882.0644673813867,863.1630859374999,863.1630859375,2200,0.0,0.0
2004-12-21 00:00:00+09:00,869.4635009765625,869.4635009765625,869.4635009765625,869.4635009765625,400,0.0,0.0
2004-12-22 00:00:00+09:00,888.3649291992188,888.3649291992188,888.3649291992188,888.3649291992188,600,0.0,0.0
2004-12-23 00:00:00+09:00,888.3649291992188,888.3649291992188,888.3649291992188,888.3649291992188,0,0.0,0.0
2004-12-24 00:00:00+09:00,869.4635773802833,888.3649594972459,869.4635773802833,875.7640380859375,1300,0.0,0.0
2004-12-27 00:00:00+09:00,875.7642758242735,913.5670503202853,875.7642758242735,900.9661254882812,2300,0.0,0.0
2004-12-28 00:00:00+09:00,900.9661254882814,900.9661254882814,888.3652006562774,900.9661254882812,700,0.0,0.0
2004-12-29 00:00:00+09:00,907.2661743164062,907.2661743164062,900.9657147725422,907.2661743164062,300,0.0,0.0
2004-12-30 00:00:00+09:00,907.2661743164062,907.2661743164062,907.2661743164062,907.2661743164062,100,0.0,0.0
2004-12-31 00:00:00+09:00,907.2661743164062,907.2661743164062,907.2661743164062,907.2661743164062,0,0.0,0.0
2005-01-03 00:00:00+09:00,907.2661743164062,907.2661743164062,907.2661743164062,907.2661743164062,0,0.0,0.0
2005-01-04 00:00:00+09:00,945.0689315795898,945.0689315795898,907.2661743164062,907.2661743164062,200,0.0,0.0
2005-01-05 00:00:00+09:00,913.5666338602701,913.5666338602701,907.2661743164062,907.2661743164062,300,0.0,0.0
2005-01-06 00:00:00+09:00,913.5668780352618,932.4682617187499,907.2664168074324,932.46826171875,600,0.0,0.0
2005-01-07 00:00:00+09:00,945.0694837068256,957.6704101562499,945.0694837068256,957.67041015625,4100,0.0,0.0
2005-01-10 00:00:00+09:00,957.6704101562499,957.6704101562499,957.6704101562499,957.67041015625,0,0.0,0.0
2005-01-11 00:00:00+09:00,976.5714721679688,976.5714721679688,963.9705499464466,976.5714721679688,1600,0.0,0.0
2005-01-12 00:00:00+09:00,976.5714721679688,989.1723943894909,976.5714721679688,976.5714721679688,2200,0.0,0.0
2005-01-13 00:00:00+09:00,951.3699469315378,970.2713366056743,951.3699469315378,957.67041015625,1600,0.0,0.0
2005-01-14 00:00:00+09:00,957.669951171875,976.5713317871094,945.0690307617189,945.0690307617188,700,0.0,0.0
2005-01-17 00:00:00+09:00,976.5714721679688,976.5714721679688,951.3696277249244,976.5714721679688,1100,0.0,0.0
2005-01-18 00:00:00+09:00,982.8717651367186,995.4726852025741,976.571305103791,982.8717651367188,1500,0.0,0.0
2005-01-19 00:00:00+09:00,982.8720981259889,995.4730224609375,982.8720981259889,995.4730224609375,200,0.0,0.0
2005-01-20 00:00:00+09:00,995.472855500252,995.472855500252,976.5714721679688,976.5714721679688,2200,0.0,0.0
2005-01-21 00:00:00+09:00,976.5715586028484,1014.3743286132812,976.5715586028484,1014.3743286132812,2800,0.0,0.0
2005-01-24 00:00:00+09:00,1045.8764805487024,1108.8810878106724,1039.5760198225055,1077.3787841796875,8600,0.0,0.0
2005-01-25 00:00:00+09:00,1077.3788766353089,1096.2802604359283,1039.57610903407,1064.7779541015625,4200,0.0,0.0
2005-01-26 00:00:00+09:00,1064.7779541015625,1064.7779541015625,1045.876570300943,1064.7779541015625,1200,0.0,0.0
2005-01-27 00:00:00+09:00,1052.1770315678161,1064.7779541015625,1039.57610903407,1064.7779541015625,1800,0.0,0.0
2005-01-28 00:00:00+09:00,1045.8763427734375,1045.8763427734375,1014.3740432923099,1045.8763427734375,2200,0.0,0.0
2005-01-31 00:00:00+09:00,1045.8766335227272,1045.8766335227272,1026.9752485795455,1039.576171875,900,0.0,0.0
2005-02-01 00:00:00+09:00,1039.5761752869032,1039.5761752869032,1014.3743286132812,1014.3743286132812,600,0.0,0.0
2005-02-02 00:00:00+09:00,1026.974963084761,1045.8763427734375,1026.974963084761,1045.8763427734375,300,0.0,0.0
2005-02-03 00:00:00+09:00,1045.8763427734375,1045.8763427734375,1045.8763427734375,1045.8763427734375,600,0.0,0.0
2005-02-04 00:00:00+09:00,1026.974963084761,1045.8763427734375,1020.6745031885355,1045.8763427734375,1100,0.0,0.0
2005-02-07 00:00:00+09:00,1058.4774928346894,1064.7779541015625,1052.1770315678161,1064.7779541015625,1300,0.0,0.0
2005-02-08 00:00:00+09:00,1071.0783234534904,1077.3787841796875,1071.0783234534904,1077.3787841796875,1800,0.0,0.0
2005-02-09 00:00:00+09:00,1077.3788601187773,1083.6793212890625,1077.3788601187773,1083.6793212890625,2100,0.0,0.0
2005-02-10 00:00:00+09:00,1071.0784621465773,1071.0784621465773,1058.4775390625,1058.4775390625,1100,0.0,0.0
2005-02-11 00:00:00+09:00,1058.4775390625,1058.4775390625,1058.4775390625,1058.4775390625,0,0.0,0.0
2005-02-14 00:00:00+09:00,1071.0785016741072,1102.580810546875,1071.0785016741072,1102.580810546875,1600,0.0,0.0
2005-02-15 00:00:00+09:00,1121.4818690508262,1121.4818690508262,1089.9795693583872,1096.280029296875,2100,0.0,0.0
2005-02-16 00:00:00+09:00,1108.881300759181,1121.4822246314443,1102.5808388230491,1115.1817626953125,2300,0.0,0.0
2005-02-17 00:00:00+09:00,1108.8812723214287,1108.8812723214287,1096.2803487723215,1102.580810546875,500,0.0,0.0
2005-02-18 00:00:00+09:00,1089.9797056320815,1089.9797056320815,1077.3787841796875,1077.3787841796875,1900,0.0,0.0
2005-02-21 00:00:00+09:00,1102.580810546875,1115.1817340959822,1083.6794252232144,1102.580810546875,3200,0.0,0.0
2005-02-22 00:00:00+09:00,1115.1817048353955,1115.1817048353955,1089.9798583984375,1089.9798583984375,1200,0.0,0.0
2005-02-23 00:00:00+09:00,1089.9795693583872,1096.280029296875,1077.3786494814115,1096.280029296875,1500,0.0,0.0
2005-02-24 00:00:00+09:00,1077.3787841796875,1077.3787841796875,1071.0783234534904,1077.3787841796875,1600,0.0,0.0
2005-02-25 00:00:00+09:00,1083.6791094198993,1096.280029296875,1083.6791094198993,1096.280029296875,2000,0.0,0.0
2005-02-28 00:00:00+09:00,1108.8809814453125,1108.8809814453125,1096.2800612016158,1108.8809814453125,3400,0.0,0.0
2005-03-01 00:00:00+09:00,1108.881176097973,1165.5853271484375,1102.5807148701435,1165.5853271484375,6400,0.0,0.0
2005-03-02 00:00:00+09:00,1165.5853852771577,1197.0876929873511,1159.284923735119,1190.7872314453125,4100,0.0,0.0
2005-03-03 00:00:00+09:00,1165.5853852771577,1190.7872314453125,1165.5853852771577,1190.7872314453125,2900,0.0,0.0
2005-03-04 00:00:00+09:00,1184.4866179603944,1184.4866179603944,1171.8856964927306,1178.1861572265625,2000,0.0,0.0
2005-03-07 00:00:00+09:00,1178.186308361235,1190.7872314453125,1178.186308361235,1190.7872314453125,2700,0.0,0.0
2005-03-08 00:00:00+09:00,1190.7872142791748,1228.5899829864502,1190.7872142791748,1209.6885986328125,4400,0.0,0.0
2005-03-09 00:00:00+09:00,1209.6883859536083,1222.289306640625,1197.0874652665914,1222.289306640625,4300,0.0,0.0
2005-03-10 00:00:00+09:00,1222.2895215352378,1222.2895215352378,1203.3881371816,1209.6885986328125,1100,0.0,0.0
2005-03-11 00:00:00+09:00,1222.2894275023205,1297.8949591004023,1222.2894275023205,1272.693115234375,5500,0.0,0.0
2005-03-14 00:00:00+09:00,1323.0967554552801,1354.5990591565962,1278.9935302734375,1278.9935302734375,5500,0.0,0.0
2005-03-15 00:00:00+09:00,1272.6929424579328,1272.6929424579328,1222.2892615685096,1228.5897216796875,3600,0.0,0.0
2005-03-16 00:00:00+09:00,1234.8901817908654,1234.8901817908654,1171.8855806790866,1228.5897216796875,2600,0.0,0.0
2005-03-17 00:00:00+09:00,1209.688431023316,1222.289352179809,1184.4865887103301,1215.9888916015625,1200,0.0,0.0
2005-03-18 00:00:00+09:00,1222.289367033306,1222.289367033306,1184.4866031044407,1197.0875244140625,4100,0.0,0.0
2005-03-21 00:00:00+09:00,1197.0875244140625,1197.0875244140625,1197.0875244140625,1197.0875244140625,0,0.0,0.0
2005-03-22 00:00:00+09:00,1215.9888916015625,1215.9888916015625,1197.087509866823,1215.9888916015625,1500,0.0,0.0
2005-03-23 00:00:00+09:00,1215.9888916015625,1222.289352179809,1184.4865887103301,1215.9888916015625,4400,0.0,0.0
2005-03-24 00:00:00+09:00,1228.5898127580554,1228.5898127580554,1209.688431023316,1215.9888916015625,2200,0.0,0.0
2005-03-25 00:00:00+09:00,1260.0921933013612,1285.2940371673885,1222.2894275023205,1272.693115234375,6600,0.0,0.0
2005-03-28 00:00:00+09:00,1165.5852211400083,1197.0875244140625,1165.5852211400083,1197.0875244140625,2500,0.0,0.0
2005-03-29 00:00:00+09:00,1178.1860804403982,1190.7870010868196,1171.8856201171875,1171.8856201171875,2400,0.0,0.0
2005-03-30 00:00:00+09:00,1171.8859584642494,1184.4868827488112,1159.2850341796875,1159.2850341796875,2200,0.0,0.0
2005-03-31 00:00:00+09:00,1134.0828581779235,1171.8856201171875,1134.0828581779235,1171.8856201171875,1500,0.0,0.0
2005-04-01 00:00:00+09:00,1165.585467998798,1165.585467998798,1146.68408203125,1146.68408203125,500,0.0,0.0
2005-04-04 00:00:00+09:00,1127.782470703125,1134.08293143331,1121.48200997294,1127.782470703125,2000,0.0,0.0
2005-04-05 00:00:00+09:00,1127.782696063702,1159.2850060096152,1127.782696063702,1146.68408203125,1100,0.0,0.0
2005-04-06 00:00:00+09:00,1178.1859360162723,1178.1859360162723,1134.0827191600483,1140.3831787109375,800,0.0,0.0
2005-04-07 00:00:00+09:00,1140.383392163495,1152.984313623865,1121.48200997294,1127.782470703125,2000,0.0,0.0
2005-04-08 00:00:00+09:00,1102.580848106971,1146.68408203125,1102.580848106971,1146.68408203125,3300,0.0,0.0
2005-04-11 00:00:00+09:00,1146.6836832682293,1146.6836832682293,1134.082763671875,1134.082763671875,500,0.0,0.0
2005-04-12 00:00:00+09:00,1134.082763671875,1134.082763671875,1134.082763671875,1134.082763671875,0,0.0,0.0
2005-04-13 00:00:00+09:00,1134.08293143331,1134.08293143331,1071.0783241314596,1127.782470703125,3300,0.0,0.0
2005-04-14 00:00:00+09:00,1083.6793212890625,1096.280243629633,1083.6793212890625,1083.6793212890625,800,0.0,0.0
2005-04-15 00:00:00+09:00,1071.0784912109375,1071.0784912109375,1071.0784912109375,1071.0784912109375,300,0.0,0.0
2005-04-18 00:00:00+09:00,1058.4774928346894,1064.7779541015625,1026.9751865003236,1064.7779541015625,1200,0.0,0.0
2005-04-19 00:00:00+09:00,1039.5758898504848,1096.280029296875,1039.5758898504848,1096.280029296875,1300,0.0,0.0
2005-04-20 00:00:00+09:00,1096.2800612016158,1197.0874231511898,1096.2800612016158,1108.8809814453125,2400,0.0,0.0
2005-04-21 00:00:00+09:00,1108.8809814453125,1108.8809814453125,1108.8809814453125,1108.8809814453125,400,0.0,0.0
2005-04-22 00:00:00+09:00,1115.1814091123383,1115.1814091123383,1096.280029296875,1096.280029296875,300,0.0,0.0
2005-04-25 00:00:00+09:00,1121.4821958705359,1127.7826576450893,1102.580810546875,1102.580810546875,300,0.0,0.0
2005-04-26 00:00:00+09:00,1102.580810546875,1102.580810546875,1102.580810546875,1102.580810546875,0,0.0,0.0
2005-04-27 00:00:00+09:00,1102.580810546875,1102.580810546875,1102.580810546875,1102.580810546875,700,0.0,0.0
2005-04-28 00:00:00+09:00,1102.5804214056025,1215.9886933216073,1102.5804214056025,1140.3831787109375,14500,0.0,0.0
2005-04-29 00:00:00+09:00,1140.3831787109375,1140.3831787109375,1140.3831787109375,1140.3831787109375,0,0.0,0.0
2005-05-02 00:00:00+09:00,1171.8856817948192,1247.4912096525493,1134.082917865954,1197.0875244140625,12400,0.0,0.0
2005-05-03 00:00:00+09:00,1197.0875244140625,1197.0875244140625,1197.0875244140625,1197.0875244140625,0,0.0,0.0
2005-05-04 00:00:00+09:00,1197.0875244140625,1197.0875244140625,1197.0875244140625,1197.0875244140625,0,0.0,0.0
2005-05-05 00:00:00+09:00,1197.0875244140625,1197.0875244140625,1197.0875244140625,1197.0875244140625,0,0.0,0.0
2005-05-06 00:00:00+09:00,1222.289367033306,1222.289367033306,1190.7870637592516,1197.0875244140625,3000,0.0,0.0
2005-05-09 00:00:00+09:00,1165.5853684743247,1209.6885986328125,1165.5853684743247,1209.6885986328125,1700,0.0,0.0
2005-05-10 00:00:00+09:00,1209.688328598485,1247.4910888671875,1209.688328598485,1247.4910888671875,21000,0.0,0.0
2005-05-11 00:00:00+09:00,1247.4911944927946,1260.0921156492875,1215.9888916015625,1215.9888916015625,16200,0.0,0.0
2005-05-12 00:00:00+09:00,1253.79176687687,1253.79176687687,1178.1862331958528,1184.4866943359375,4500,0.0,0.0
2005-05-13 00:00:00+09:00,1152.9842998303866,1222.289367033306,1152.9842998303866,1197.0875244140625,4700,0.0,0.0
2005-05-16 00:00:00+09:00,1165.5854282924108,1165.5854282924108,1102.580810546875,1102.580810546875,4200,0.0,0.0
2005-05-17 00:00:00+09:00,1127.7826865675759,1127.7826865675759,1108.881300759181,1115.1817626953125,1400,0.0,0.0
2005-05-18 00:00:00+09:00,1115.1813842773438,1134.082763671875,1115.1813842773438,1134.082763671875,400,0.0,0.0
2005-05-19 00:00:00+09:00,1134.083119419643,1134.083119419643,1102.580810546875,1102.580810546875,500,0.0,0.0
2005-05-20 00:00:00+09:00,1127.7824713559075,1228.5898430972177,1127.7824713559075,1178.1861572265625,7700,0.0,0.0
2005-05-23 00:00:00+09:00,1197.0874652665914,1228.5897669841333,1178.1860842360663,1222.289306640625,3400,0.0,0.0
2005-05-24 00:00:00+09:00,1165.5854963219683,1197.0878070333729,1152.9845720374067,1159.2850341796875,1200,0.0,0.0
2005-05-25 00:00:00+09:00,1165.5853271484375,1197.0876332875844,1165.5853271484375,1165.5853271484375,1800,0.0,0.0
2005-05-26 00:00:00+09:00,1178.1859360162723,1184.4863955671615,1140.3831787109375,1140.3831787109375,700,0.0,0.0
2005-05-27 00:00:00+09:00,1165.5853271484375,1165.5853271484375,1165.5853271484375,1165.5853271484375,100,0.0,0.0
2005-05-30 00:00:00+09:00,1134.0827191600483,1152.9840978127156,1127.7822596091592,1140.3831787109375,1200,0.0,0.0
2005-05-31 00:00:00+09:00,1152.984313623865,1152.984313623865,1127.782470703125,1127.782470703125,900,0.0,0.0
2005-06-01 00:00:00+09:00,1127.782470703125,1127.782470703125,1115.181549242755,1127.782470703125,1200,0.0,0.0
2005-06-02 00:00:00+09:00,1127.7826501398138,1152.9844970703125,1121.4821884071891,1152.9844970703125,11900,0.0,0.0
2005-06-03 00:00:00+09:00,1184.4866031044407,1228.5898276881169,1178.1861424496299,1197.0875244140625,20800,0.0,0.0
2005-06-06 00:00:00+09:00,1209.6883820564517,1209.6883820564517,1159.284699470766,1171.8856201171875,2900,0.0,0.0
2005-06-07 00:00:00+09:00,1171.885772055768,1184.4866943359375,1159.2848497755986,1184.4866943359375,2700,0.0,0.0
2005-06-08 00:00:00+09:00,1165.5851597939768,1178.1860804403982,1165.5851597939768,1171.8856201171875,1200,0.0,0.0
2005-06-09 00:00:00+09:00,1152.9844970703125,1159.2849588029371,1152.9844970703125,1152.9844970703125,1300,0.0,0.0
2005-06-10 00:00:00+09:00,1152.9841430664064,1152.9841430664064,1134.082763671875,1134.082763671875,1300,0.0,0.0
2005-06-13 00:00:00+09:00,1146.68408203125,1159.2850060096152,1140.3836200420672,1146.68408203125,800,0.0,0.0
2005-06-14 00:00:00+09:00,1146.6836382618267,1146.6836382618267,1140.3831787109375,1140.3831787109375,800,0.0,0.0
2005-06-15 00:00:00+09:00,1115.1813842773438,1134.082763671875,1108.8809244791667,1134.082763671875,900,0.0,0.0
2005-06-16 00:00:00+09:00,1121.4822246314443,1121.4822246314443,1115.1817626953125,1115.1817626953125,1000,0.0,0.0
2005-06-17 00:00:00+09:00,1134.0831580528845,1146.68408203125,1134.0831580528845,1146.68408203125,1200,0.0,0.0
2005-06-20 00:00:00+09:00,1134.0829776378162,1140.3834386246929,1115.1815946771858,1121.4820556640625,1900,0.0,0.0
2005-06-21 00:00:00+09:00,1134.0831118724384,1159.2849588029371,1127.7826501398138,1152.9844970703125,2000,0.0,0.0
2005-06-22 00:00:00+09:00,1171.8859299879807,1171.8859299879807,1146.68408203125,1146.68408203125,900,0.0,0.0
2005-06-23 00:00:00+09:00,1134.082763671875,1152.9841430664064,1134.082763671875,1134.082763671875,1100,0.0,0.0
2005-06-24 00:00:00+09:00,1108.881133690309,1127.7825166509392,1108.881133690309,1121.4820556640625,3000,0.0,0.0
2005-06-27 00:00:00+09:00,1127.782303873698,1134.082763671875,1127.782303873698,1134.082763671875,500,0.0,0.0
2005-06-28 00:00:00+09:00,1115.1815946771858,1121.4820556640625,1108.881133690309,1121.4820556640625,3000,0.0,0.0
2005-06-29 00:00:00+09:00,1127.782303873698,1134.082763671875,1127.782303873698,1134.082763671875,2200,0.0,0.0
2005-06-30 00:00:00+09:00,1134.0829776378162,1134.0829776378162,1121.4820556640625,1121.4820556640625,1700,0.0,0.0
2005-07-01 00:00:00+09:00,1121.4819016890094,1121.4819016890094,1108.8809814453125,1108.8809814453125,2200,0.0,0.0
2005-07-04 00:00:00+09:00,1115.1813405073808,1146.6836382618267,1115.1813405073808,1140.3831787109375,1300,0.0,0.0
2005-07-05 00:00:00+09:00,1171.885623892558,1247.4911480146584,1152.984242862033,1222.289306640625,34000,0.0,0.0
2005-07-06 00:00:00+09:00,1304.1953243333467,1411.3031529017856,1228.5897982850365,1234.8902587890625,70600,0.0,0.0
2005-07-07 00:00:00+09:00,1234.8902273276417,1247.4911480146584,1159.2847032055413,1222.289306640625,7600,0.0,0.0
2005-07-08 00:00:00+09:00,1215.9889523268957,1241.1907958984375,1203.3880305411249,1241.1907958984375,7300,0.0,0.0
2005-07-11 00:00:00+09:00,1241.1907339145482,1241.1907339145482,1178.1861281320837,1215.9888916015625,5200,0.0,0.0
2005-07-12 00:00:00+09:00,1197.0876757303874,1209.6885986328125,1184.4867528279624,1209.6885986328125,3000,0.0,0.0
2005-07-13 00:00:00+09:00,1209.6885986328125,1222.2895215352378,1184.4867528279624,1209.6885986328125,1000,0.0,0.0
2005-07-14 00:00:00+09:00,1178.1861572265625,1197.087539428058,1165.5852357588988,1178.1861572265625,5800,0.0,0.0
2005-07-15 00:00:00+09:00,1209.688460895722,1209.688460895722,1165.5852357588988,1178.1861572265625,2900,0.0,0.0
2005-07-18 00:00:00+09:00,1178.1861572265625,1178.1861572265625,1178.1861572265625,1178.1861572265625,0,0.0,0.0
2005-07-19 00:00:00+09:00,1178.186308361235,1222.289539155506,1159.284923735119,1190.7872314453125,6200,0.0,0.0
2005-07-20 00:00:00+09:00,1209.688341346154,1228.5897216796875,1184.4865009014422,1228.5897216796875,6500,0.0,0.0
2005-07-21 00:00:00+09:00,1241.1906419020434,1241.1906419020434,1197.087421123798,1228.5897216796875,5700,0.0,0.0
2005-07-22 00:00:00+09:00,1197.087509866823,1215.9888916015625,1178.1861281320837,1215.9888916015625,3000,0.0,0.0
2005-07-25 00:00:00+09:00,1222.2894446887271,1222.2894446887271,1165.5852951928582,1203.3880615234375,6500,0.0,0.0
2005-07-26 00:00:00+09:00,1184.4865445795747,1228.5897669841333,1184.4865445795747,1222.289306640625,5300,0.0,0.0
2005-07-27 00:00:00+09:00,1197.0875696482392,1247.491256791323,1197.0875696482392,1241.1907958984375,5500,0.0,0.0
2005-07-28 00:00:00+09:00,1234.8904444376628,1234.8904444376628,1209.6885986328125,1209.6885986328125,1800,0.0,0.0
2005-07-29 00:00:00+09:00,1209.688341346154,1228.5897216796875,1197.087421123798,1228.5897216796875,2300,0.0,0.0
2005-08-01 00:00:00+09:00,1228.5898459010186,1430.20458984375,1203.3880029081774,1430.20458984375,36400,0.0,0.0
2005-08-02 00:00:00+09:00,1367.1999969482422,1367.1999969482422,1266.3926239013672,1310.495849609375,25200,0.0,0.0
2005-08-03 00:00:00+09:00,1272.6930218132175,1304.1953243333467,1228.5897982850365,1234.8902587890625,9800,0.0,0.0
2005-08-04 00:00:00+09:00,1234.89036679892,1247.491288909113,1190.7871394132444,1203.3880615234375,10000,0.0,0.0
2005-08-05 00:00:00+09:00,1190.7870637592516,1215.9889063784951,1184.4866031044407,1197.0875244140625,3900,0.0,0.0
2005-08-08 00:00:00+09:00,1178.1862331958528,1184.4866943359375,1152.9843886355136,1184.4866943359375,1900,0.0,0.0
2005-08-09 00:00:00+09:00,1178.1860407902643,1228.5897216796875,1178.1860407902643,1228.5897216796875,2600,0.0,0.0
2005-08-10 00:00:00+09:00,1228.5897982850365,1241.1907192930883,1190.7870352608816,1234.8902587890625,2200,0.0,0.0
2005-08-11 00:00:00+09:00,1234.8902587890625,1234.8902587890625,1222.2893377810108,1234.8902587890625,800,0.0,0.0
2005-08-12 00:00:00+09:00,1247.491120605469,1278.9934216308595,1228.5897399902344,1260.092041015625,7200,0.0,0.0
2005-08-15 00:00:00+09:00,1247.4912265721211,1285.2939910137006,1247.4912265721211,1278.9935302734375,3900,0.0,0.0
2005-08-16 00:00:00+09:00,1291.5944517539638,1297.8949124942271,1260.0921480526476,1278.9935302734375,6000,0.0,0.0
2005-08-17 00:00:00+09:00,1278.993439762767,1304.1952809403583,1253.7915985851753,1291.5943603515625,5900,0.0,0.0
2005-08-18 00:00:00+09:00,1285.2940673828125,1285.2940673828125,1266.3926840389474,1285.2940673828125,4300,0.0,0.0
2005-08-19 00:00:00+09:00,1278.9934216308595,1278.9934216308595,1247.491120605469,1260.092041015625,4200,0.0,0.0
2005-08-22 00:00:00+09:00,1272.6930695331741,1285.2939910137006,1266.392608792911,1278.9935302734375,2900,0.0,0.0
2005-08-23 00:00:00+09:00,1291.5944517539638,1291.5944517539638,1266.392608792911,1278.9935302734375,1600,0.0,0.0
2005-08-24 00:00:00+09:00,1266.3926542678682,1272.693115234375,1260.0921933013612,1272.693115234375,1100,0.0,0.0
2005-08-25 00:00:00+09:00,1253.7917176842086,1253.7917176842086,1228.5898741126666,1241.1907958984375,2900,0.0,0.0
2005-08-26 00:00:00+09:00,1234.8906019678655,1335.697998046875,1234.8906019678655,1335.697998046875,56600,0.0,0.0
2005-08-29 00:00:00+09:00,1367.2002029053901,1417.603897021718,1310.4960470245214,1316.7965087890625,57800,0.0,0.0
2005-08-30 00:00:00+09:00,1285.2940673828125,1354.5991396436502,1285.2940673828125,1285.2940673828125,10700,0.0,0.0
2005-08-31 00:00:00+09:00,1291.5947622623084,1335.697998046875,1291.5947622623084,1335.697998046875,8300,0.0,0.0
2005-09-01 00:00:00+09:00,1335.697998046875,1335.697998046875,1323.0970735369988,1335.697998046875,2600,0.0,0.0
2005-09-02 00:00:00+09:00,1323.0969705536036,1335.6978940826855,1285.2941999663576,1316.7965087890625,8100,0.0,0.0
2005-09-05 00:00:00+09:00,1323.0967129794035,1405.0026999733664,1323.0967129794035,1386.101318359375,22900,0.0,0.0
2005-09-06 00:00:00+09:00,1379.8009185791016,1386.1013793945312,1335.6976928710938,1360.8995361328125,8600,0.0,0.0
2005-09-07 00:00:00+09:00,1354.5992139359596,1543.6130577409772,1316.796445174956,1341.998291015625,94800,0.0,0.0
2005-09-08 00:00:00+09:00,1360.89962854118,1373.5005510276724,1304.1954773519642,1348.2987060546875,17300,0.0,0.0
2005-09-09 00:00:00+09:00,1329.397322324949,1354.5991672979337,1329.397322324949,1348.2987060546875,3500,0.0,0.0
2005-09-12 00:00:00+09:00,1348.298958951411,1493.2095947265625,1348.298958951411,1493.2095947265625,71400,0.0,0.0
2005-09-13 00:00:00+09:00,1493.2093379579742,1587.7162580818965,1442.8056472252156,1461.70703125,69000,0.0,0.0
2005-09-14 00:00:00+09:00,1468.0077450265362,1556.2142189766284,1461.7072826015296,1493.2095947265625,18700,0.0,0.0
2005-09-15 00:00:00+09:00,1499.509521484375,1512.1104418329833,1480.6081409614628,1499.509521484375,11700,0.0,0.0
2005-09-16 00:00:00+09:00,1493.2092602221996,1499.5097212357955,1417.6037280590504,1455.406494140625,12800,0.0,0.0
2005-09-19 00:00:00+09:00,1455.406494140625,1455.406494140625,1455.406494140625,1455.406494140625,0,0.0,0.0
2005-09-20 00:00:00+09:00,1455.4066629161007,1461.7071246603261,1430.2048159391984,1449.106201171875,4600,0.0,0.0
2005-09-21 00:00:00+09:00,1442.8053230319856,1442.8053230319856,1405.0025634765625,1405.0025634765625,6900,0.0,0.0
2005-09-22 00:00:00+09:00,1386.1013646062775,1430.20458984375,1386.1013646062775,1430.20458984375,5900,0.0,0.0
2005-09-23 00:00:00+09:00,1430.20458984375,1430.20458984375,1430.20458984375,1430.20458984375,0,0.0,0.0
2005-09-26 00:00:00+09:00,1430.20458984375,1455.4064328365914,1423.9041290955397,1430.20458984375,2100,0.0,0.0
2005-09-27 00:00:00+09:00,1442.8057055096292,1442.8057055096292,1354.5992431640625,1354.5992431640625,6000,0.0,0.0
2005-09-28 00:00:00+09:00,1379.8008578213778,1386.101318359375,1379.8008578213778,1386.101318359375,5400,0.0,0.0
2005-09-29 00:00:00+09:00,1386.1014735141648,1386.1014735141648,1335.6977835681953,1348.2987060546875,3400,0.0,0.0
2005-09-30 00:00:00+09:00,1348.2987524757923,1354.5992139359596,1323.0969066351233,1341.998291015625,5600,0.0,0.0
2005-10-03 00:00:00+09:00,1386.1013793945312,1392.401840209961,1341.9981536865234,1360.8995361328125,4600,0.0,0.0
2005-10-04 00:00:00+09:00,1386.1013793945312,1405.0027618408203,1354.5990753173828,1360.8995361328125,9800,0.0,0.0
2005-10-05 00:00:00+09:00,1392.4016313130876,1423.9039306640625,1392.4016313130876,1423.9039306640625,7700,0.0,0.0
2005-10-06 00:00:00+09:00,1417.603201887726,1417.603201887726,1386.1009085124433,1392.4013671875,4800,0.0,0.0
2005-10-07 00:00:00+09:00,1367.2003059895833,1442.8058528645834,1354.5993815104166,1417.60400390625,13800,0.0,0.0
2005-10-10 00:00:00+09:00,1417.60400390625,1417.60400390625,1417.60400390625,1417.60400390625,0,0.0,0.0
2005-10-11 00:00:00+09:00,1430.204634707198,1499.5097051115117,1398.7023299779646,1474.307861328125,19300,0.0,0.0
2005-10-12 00:00:00+09:00,1493.2093379579742,1549.9134900323274,1449.1061085668102,1461.70703125,43900,0.0,0.0
2005-10-13 00:00:00+09:00,1461.7068935848017,1474.3078150812225,1423.9041290955397,1430.20458984375,4900,0.0,0.0
2005-10-14 00:00:00+09:00,1430.2045443350808,1461.706847073739,1430.2045443350808,1436.5050048828125,4500,0.0,0.0
2005-10-17 00:00:00+09:00,1468.0071497554272,1468.0071497554272,1423.9039306640625,1423.9039306640625,5600,0.0,0.0
2005-10-18 00:00:00+09:00,1449.1059259782758,1468.0073076214705,1436.5050048828125,1436.5050048828125,3800,0.0,0.0
2005-10-19 00:00:00+09:00,1436.5050048828125,1449.1059259782758,1430.2045443350808,1436.5050048828125,5200,0.0,0.0
2005-10-20 00:00:00+09:00,1442.8055721134335,1499.5097212357955,1442.8055721134335,1455.406494140625,12800,0.0,0.0
2005-10-21 00:00:00+09:00,1455.406494140625,1505.8101822493913,1436.5051110998377,1455.406494140625,8900,0.0,0.0
2005-10-24 00:00:00+09:00,1474.3078771814123,1474.3078771814123,1455.406494140625,1455.406494140625,1400,0.0,0.0
2005-10-25 00:00:00+09:00,1455.40677734375,1455.40677734375,1417.60400390625,1417.60400390625,5500,0.0,0.0
2005-10-26 00:00:00+09:00,1423.9041593460017,1480.6083072845593,1423.9041593460017,1442.8055419921875,4700,0.0,0.0
2005-10-27 00:00:00+09:00,1423.9039306640625,1436.5048504044523,1417.6034707938675,1423.9039306640625,2100,0.0,0.0
2005-10-28 00:00:00+09:00,1411.3030109236724,1449.1057701448424,1405.0025510534776,1423.9039306640625,4500,0.0,0.0
2005-10-31 00:00:00+09:00,1423.9041179627864,1732.626692211355,1423.9041179627864,1650.720703125,256400,0.0,0.0
2005-11-01 00:00:00+09:00,1713.7256889204543,1852.3358549360794,1663.3219921875,1732.6270751953125,286200,0.0,0.0
2005-11-02 00:00:00+09:00,1751.5280571726043,1751.5280571726043,1606.6174625144392,1619.2183837890625,38600,0.0,0.0
2005-11-03 00:00:00+09:00,1619.2183837890625,1619.2183837890625,1619.2183837890625,1619.2183837890625,0,0.0,0.0
2005-11-04 00:00:00+09:00,1644.4200030930965,1644.4200030930965,1575.1149454914716,1581.4154052734375,21100,0.0,0.0
2005-11-07 00:00:00+09:00,1581.4156199651932,1657.0211476129316,1581.4156199651932,1619.2183837890625,15100,0.0,0.0
2005-11-08 00:00:00+09:00,1625.518844426374,1631.8193050636855,1581.4156199651932,1619.2183837890625,5800,0.0,0.0
2005-11-09 00:00:00+09:00,1612.9180307539682,1612.9180307539682,1568.8148033505393,1587.7161865234375,6800,0.0,0.0
2005-11-10 00:00:00+09:00,1612.9175,1612.9175,1575.11474609375,1575.11474609375,5800,0.0,0.0
2005-11-11 00:00:00+09:00,1562.5138281250001,1575.11474609375,1556.213369140625,1575.11474609375,3600,0.0,0.0
2005-11-14 00:00:00+09:00,1575.11474609375,1581.4152050781252,1543.6124511718751,1575.11474609375,3900,0.0,0.0
2005-11-15 00:00:00+09:00,1575.1152194276146,1575.1152194276146,1531.0119932836415,1543.6129150390625,4600,0.0,0.0
2005-11-16 00:00:00+09:00,1531.011674224353,1537.3121337890623,1518.4107550949345,1537.3121337890625,4800,0.0,0.0
2005-11-17 00:00:00+09:00,1549.91291015625,1587.7156640625,1549.91291015625,1575.11474609375,5100,0.0,0.0
2005-11-18 00:00:00+09:00,1581.4158646303968,1581.4158646303968,1549.9135565700303,1568.81494140625,1600,0.0,0.0
2005-11-21 00:00:00+09:00,1581.4156646728516,1581.4156646728516,1562.5142822265625,1562.5142822265625,2000,0.0,0.0
2005-11-22 00:00:00+09:00,1568.814543071546,1575.1150030838814,1549.9131630345394,1556.213623046875,2800,0.0,0.0
2005-11-23 00:00:00+09:00,1556.213623046875,1556.213623046875,1556.213623046875,1556.213623046875,0,0.0,0.0
2005-11-24 00:00:00+09:00,1556.214035902566,1562.514497586382,1537.3126508511177,1549.91357421875,3400,0.0,0.0
2005-11-25 00:00:00+09:00,1625.5187814584363,1688.5233853909338,1581.415558705688,1594.0164794921875,51000,0.0,0.0
2005-11-28 00:00:00+09:00,1594.0164794921875,1619.2183210651865,1562.5141775259387,1594.0164794921875,8800,0.0,0.0
2005-11-29 00:00:00+09:00,1587.7158650554036,1600.3167846193353,1581.4154052734377,1581.4154052734375,3600,0.0,0.0
2005-11-30 00:00:00+09:00,1581.4154052734377,1594.0163248373694,1562.51402592754,1581.4154052734375,10000,0.0,0.0
2005-12-01 00:00:00+09:00,1581.415558705688,1594.0164794921875,1562.5141775259387,1594.0164794921875,7100,0.0,0.0
2005-12-02 00:00:00+09:00,1594.0164794921875,1600.3169398854373,1581.415558705688,1594.0164794921875,4100,0.0,0.0
2005-12-05 00:00:00+09:00,1612.917923151751,1663.3216082502431,1612.917923151751,1619.2183837890625,7900,0.0,0.0
2005-12-06 00:00:00+09:00,1657.0211476129316,1657.0211476129316,1606.6174625144392,1619.2183837890625,6000,0.0,0.0
2005-12-07 00:00:00+09:00,1625.5192594528198,1631.819721698761,1612.9183349609375,1612.9183349609375,3600,0.0,0.0
2005-12-08 00:00:00+09:00,1612.9178606719368,1625.5187814584363,1594.0164794921875,1594.0164794921875,4900,0.0,0.0
2005-12-09 00:00:00+09:00,1587.7163374292568,1612.918184055118,1587.7163374292568,1600.3172607421875,2700,0.0,0.0
2005-12-12 00:00:00+09:00,1612.918184055118,1631.819569024514,1594.0167990857221,1600.3172607421875,9600,0.0,0.0
2005-12-13 00:00:00+09:00,1600.3172607421875,1612.918184055118,1587.7163374292568,1600.3172607421875,4800,0.0,0.0
2005-12-14 00:00:00+09:00,1638.119765700997,1638.119765700997,1612.917923151751,1619.2183837890625,5000,0.0,0.0
2005-12-15 00:00:00+09:00,1631.8197696461395,1631.8197696461395,1606.617919921875,1606.617919921875,3400,0.0,0.0
2005-12-16 00:00:00+09:00,1619.2186457115833,1619.2186457115833,1587.7163374292568,1600.3172607421875,5200,0.0,0.0
2005-12-19 00:00:00+09:00,1612.918362403101,1625.5192871093752,1594.0169753436896,1625.519287109375,6000,0.0,0.0
2005-12-20 00:00:00+09:00,1606.617919921875,1625.5193072150735,1600.3174574908087,1606.617919921875,5800,0.0,0.0
2005-12-21 00:00:00+09:00,1606.617400278687,1612.9178606719368,1587.7160190989377,1594.0164794921875,5500,0.0,0.0
2005-12-22 00:00:00+09:00,1594.0163248373694,1594.0163248373694,1562.51402592754,1581.4154052734375,5200,0.0,0.0
2005-12-23 00:00:00+09:00,1581.4154052734377,1581.4154052734377,1581.4154052734377,1581.4154052734375,0,0.0,0.0
2005-12-26 00:00:00+09:00,1594.0164794921875,1600.3169398854373,1587.7160190989377,1594.0164794921875,4300,0.0,0.0
2005-12-27 00:00:00+09:00,1612.9178606719368,1619.2183210651865,1594.0164794921875,1594.0164794921875,8000,0.0,0.0
2005-12-28 00:00:00+09:00,1606.6177223986526,1606.6177223986526,1594.0167990857221,1600.3172607421875,2200,0.0,0.0
2005-12-29 00:00:00+09:00,1619.2183837890625,1619.2183837890625,1600.3170018771277,1619.2183837890625,4100,0.0,0.0
2005-12-30 00:00:00+09:00,1625.518996779983,1694.8240702861062,1619.2185355521535,1631.8194580078125,13400,0.0,0.0
2006-01-02 00:00:00+09:00,1631.8194580078123,1631.8194580078123,1631.8194580078123,1631.8194580078125,0,0.0,0.0
2006-01-03 00:00:00+09:00,1631.8194580078123,1631.8194580078123,1631.8194580078123,1631.8194580078125,0,0.0,0.0
2006-01-04 00:00:00+09:00,1669.621826171875,1669.621826171875,1638.1195275648586,1669.621826171875,8600,0.0,0.0
2006-01-05 00:00:00+09:00,1694.8240669621957,1694.8240669621957,1669.6222221003045,1682.22314453125,8400,0.0,0.0
2006-01-06 00:00:00+09:00,1688.523605746723,1694.8240669621957,1675.9226833157772,1682.22314453125,6000,0.0,0.0
2006-01-09 00:00:00+09:00,1682.22314453125,1682.22314453125,1682.22314453125,1682.22314453125,0,0.0,0.0
2006-01-10 00:00:00+09:00,1701.1244956215658,1726.3263400011447,1688.5235734317764,1720.02587890625,10900,0.0,0.0
2006-01-11 00:00:00+09:00,1732.6267706951971,1738.9272316795432,1701.1244657734662,1707.4249267578125,9900,0.0,0.0
2006-01-12 00:00:00+09:00,1707.4247764835288,1745.2275390624998,1707.4247764835288,1745.2275390625,9200,0.0,0.0
2006-01-13 00:00:00+09:00,1757.829054042271,1783.0309042794363,1745.2281289236885,1764.1295166015625,14300,0.0,0.0
2006-01-16 00:00:00+09:00,1783.0304571992606,1783.0304571992606,1738.9272303427417,1757.82861328125,8100,0.0,0.0
2006-01-17 00:00:00+09:00,1751.5283829846144,1751.5283829846144,1644.4205322265625,1644.4205322265625,5200,0.0,0.0
2006-01-18 00:00:00+09:00,1644.4203068659854,1663.3216897035256,1379.8009471404246,1474.307861328125,14400,0.0,0.0
2006-01-19 00:00:00+09:00,1411.3029911603587,1606.6172444013011,1411.3029911603587,1581.4154052734375,8600,0.0,0.0
2006-01-20 00:00:00+09:00,1606.617400278687,1638.1197022449358,1594.0164794921875,1594.0164794921875,11000,0.0,0.0
2006-01-23 00:00:00+09:00,1562.5140299479167,1562.5140299479167,1430.204374186198,1512.1103515625,5900,0.0,0.0
2006-01-24 00:00:00+09:00,1486.9087524414062,1562.5142822265625,1486.9087524414062,1562.5142822265625,3900,0.0,0.0
2006-01-25 00:00:00+09:00,1600.3169398854373,1625.5187814584363,1594.0164794921875,1594.0164794921875,6700,0.0,0.0
2006-01-26 00:00:00+09:00,1587.7163374292568,1612.918184055118,1587.7163374292568,1600.3172607421875,1300,0.0,0.0
2006-01-27 00:00:00+09:00,1612.917923151751,1638.119765700997,1612.917923151751,1619.2183837890625,1700,0.0,0.0
2006-01-30 00:00:00+09:00,1663.321624522901,1663.321624522901,1644.4202424260498,1650.720703125,2300,0.0,0.0
2006-01-31 00:00:00+09:00,1619.2182485727164,1682.2228496844953,1619.2182485727164,1638.11962890625,2400,0.0,0.0
2006-02-01 00:00:00+09:00,1638.1197365880464,1657.0211181640625,1625.5188155373692,1657.0211181640625,2900,0.0,0.0
2006-02-02 00:00:00+09:00,1663.321917654454,1663.321917654454,1644.4205322265625,1644.4205322265625,2900,0.0,0.0
2006-02-03 00:00:00+09:00,1650.7204470076651,1669.621826171875,1644.4199872862619,1669.621826171875,2900,0.0,0.0
2006-02-06 00:00:00+09:00,1720.0257717556424,1726.326232458044,1669.6220861364293,1701.1243896484375,12800,0.0,0.0
2006-02-07 00:00:00+09:00,1720.0258487265048,1720.0258487265048,1694.82400478912,1707.4249267578125,3100,0.0,0.0
2006-02-08 00:00:00+09:00,1694.8242371064377,1694.8242371064377,1675.9228515624998,1675.9228515625,4500,0.0,0.0
2006-02-09 00:00:00+09:00,1675.9225459208017,1675.9225459208017,1650.720703125,1650.720703125,3600,0.0,0.0
2006-02-10 00:00:00+09:00,1669.6220392147397,1669.6220392147397,1606.6174339613533,1657.0211181640625,6000,0.0,0.0
2006-02-13 00:00:00+09:00,1650.7207970997642,1650.7207970997642,1587.7161865234375,1587.7161865234375,3900,0.0,0.0
2006-02-14 00:00:00+09:00,1537.3122430098683,1575.1150030838814,1512.1104029605262,1556.213623046875,3900,0.0,0.0
2006-02-15 00:00:00+09:00,1612.918382352941,1694.8243939568013,1606.617919921875,1606.617919921875,9500,0.0,0.0
2006-02-16 00:00:00+09:00,1638.1201839447021,1657.0215706825256,1606.6178727149963,1612.9183349609375,6700,0.0,0.0
2006-02-17 00:00:00+09:00,1619.2179589843752,1619.2179589843752,1512.11015625,1575.11474609375,3600,0.0,0.0
2006-02-20 00:00:00+09:00,1549.9132923473012,1549.9132923473012,1386.101318359375,1386.101318359375,4600,0.0,0.0
2006-02-21 00:00:00+09:00,1360.8995789366884,1455.406494140625,1360.8995789366884,1455.406494140625,6700,0.0,0.0
2006-02-22 00:00:00+09:00,1423.9039993927258,1512.1104418329833,1423.9039993927258,1499.509521484375,3600,0.0,0.0
2006-02-23 00:00:00+09:00,1499.5096591274432,1531.011962890625,1499.5096591274432,1531.011962890625,1100,0.0,0.0
2006-02-24 00:00:00+09:00,1512.1106106505101,1543.6129150390623,1499.509688895089,1543.6129150390625,3100,0.0,0.0
2006-02-27 00:00:00+09:00,1543.6129150390623,1568.8147585499041,1543.6129150390623,1543.6129150390625,1300,0.0,0.0
2006-02-28 00:00:00+09:00,1556.2139771516659,1556.2139771516659,1524.711669921875,1524.711669921875,1200,0.0,0.0
2006-03-01 00:00:00+09:00,1468.0077450265362,1499.5100571515693,1468.0077450265362,1493.2095947265625,2100,0.0,0.0
2006-03-02 00:00:00+09:00,1474.307861328125,1480.6083222739717,1455.4064784905847,1474.307861328125,900,0.0,0.0
2006-03-03 00:00:00+09:00,1455.4062300150372,1455.4062300150372,1417.6034707938675,1423.9039306640625,1800,0.0,0.0
2006-03-06 00:00:00+09:00,1392.401854935692,1442.8055419921875,1392.401854935692,1442.8055419921875,2100,0.0,0.0
2006-03-07 00:00:00+09:00,1430.2048159391984,1449.106201171875,1417.6038924507475,1449.106201171875,1300,0.0,0.0
2006-03-08 00:00:00+09:00,1436.5051110998377,1474.3078771814123,1436.5051110998377,1455.406494140625,1000,0.0,0.0
2006-03-09 00:00:00+09:00,1480.6086698765494,1499.5100571515693,1480.6086698765494,1493.2095947265625,1500,0.0,0.0
2006-03-10 00:00:00+09:00,1461.7067604385504,1524.7113621815913,1455.4063002642463,1499.509521484375,1800,0.0,0.0
2006-03-13 00:00:00+09:00,1512.1103515625,1531.0117309570314,1512.1103515625,1512.1103515625,1400,0.0,0.0
2006-03-14 00:00:00+09:00,1512.1104285529045,1537.3122690287862,1512.1104285529045,1518.410888671875,1200,0.0,0.0
2006-03-15 00:00:00+09:00,1518.410615234375,1581.4152050781252,1518.410615234375,1575.11474609375,4700,0.0,0.0
2006-03-16 00:00:00+09:00,1543.612946705838,1562.514329726726,1499.5097196570998,1505.8101806640625,3800,0.0,0.0
2006-03-17 00:00:00+09:00,1505.8102855840004,1524.711669921875,1505.8102855840004,1524.711669921875,600,0.0,0.0
2006-03-20 00:00:00+09:00,1549.9131630345394,1556.213623046875,1524.7113229851973,1556.213623046875,1200,0.0,0.0
2006-03-21 00:00:00+09:00,1556.213623046875,1556.213623046875,1556.213623046875,1556.213623046875,0,0.0,0.0
2006-03-22 00:00:00+09:00,1568.8147585499041,1568.8147585499041,1543.6129150390623,1543.6129150390625,1400,0.0,0.0
2006-03-23 00:00:00+09:00,1562.5142666538065,1562.5142666538065,1531.011962890625,1531.011962890625,700,0.0,0.0
2006-03-24 00:00:00+09:00,1518.4112657996695,1549.91357421875,1512.1108041158536,1549.91357421875,3400,0.0,0.0
2006-03-27 00:00:00+09:00,1512.1103515625,1512.1103515625,1499.509431966146,1512.1103515625,1100,0.0,0.0
2006-03-28 00:00:00+09:00,1512.110641671025,1512.110641671025,1499.5097196570998,1505.8101806640625,900,0.0,0.0
2006-03-29 00:00:00+09:00,1480.6083062619578,1543.6129150390623,1480.6083062619578,1543.6129150390625,2300,0.0,0.0
2006-03-30 00:00:00+09:00,1568.814287109375,1575.11474609375,1556.213369140625,1575.11474609375,3000,0.0,0.0
2006-03-31 00:00:00+09:00,1575.114891177318,1575.114891177318,1537.3121337890623,1537.3121337890625,1300,0.0,0.0
2006-04-03 00:00:00+09:00,1575.1152038574219,1575.1152038574219,1543.6128997802734,1562.5142822265625,2000,0.0,0.0
2006-04-04 00:00:00+09:00,1575.1152038574219,1575.1152038574219,1562.5142822265625,1562.5142822265625,800,0.0,0.0
2006-04-05 00:00:00+09:00,1562.5142976721938,1562.5142976721938,1543.6129150390623,1543.6129150390625,1700,0.0,0.0
2006-04-06 00:00:00+09:00,1537.3121907552083,1543.6126505533855,1512.1103515625,1512.1103515625,3500,0.0,0.0
2006-04-07 00:00:00+09:00,1531.012131367833,1531.012131367833,1524.711669921875,1524.711669921875,600,0.0,0.0
2006-04-10 00:00:00+09:00,1524.711532405931,1543.6129150390623,1524.711532405931,1543.6129150390625,700,0.0,0.0
2006-04-11 00:00:00+09:00,1543.6129150390623,1543.6129150390623,1543.6129150390623,1543.6129150390625,100,0.0,0.0
2006-04-12 00:00:00+09:00,1512.1106106505101,1543.6129150390623,1505.8101497727996,1543.6129150390625,1400,0.0,0.0
2006-04-13 00:00:00+09:00,1505.8099429481906,1556.213623046875,1505.8099429481906,1556.213623046875,300,0.0,0.0
2006-04-14 00:00:00+09:00,1518.4108113606771,1518.4108113606771,1512.1103515625,1512.1103515625,300,0.0,0.0
2006-04-17 00:00:00+09:00,1518.410888671875,1524.7113487908455,1512.1104285529045,1518.410888671875,600,0.0,0.0
2006-04-18 00:00:00+09:00,1499.5098241380424,1524.711669921875,1499.5098241380424,1524.711669921875,700,0.0,0.0
2006-04-19 00:00:00+09:00,1537.3124236432611,1543.6128843958975,1486.9087376221707,1531.011962890625,1100,0.0,0.0
2006-04-20 00:00:00+09:00,1512.1103515625,1512.1103515625,1512.1103515625,1512.1103515625,800,0.0,0.0
2006-04-21 00:00:00+09:00,1512.1109820015824,1512.1109820015824,1486.909132301556,1493.2095947265625,1500,0.0,0.0
2006-04-24 00:00:00+09:00,1455.40677734375,1455.40677734375,1417.60400390625,1417.60400390625,2800,0.0,0.0
2006-04-25 00:00:00+09:00,1449.1059720883811,1449.1059720883811,1430.20458984375,1430.20458984375,500,0.0,0.0
2006-04-26 00:00:00+09:00,1442.8055419921875,1442.8055419921875,1442.8055419921875,1442.8055419921875,100,0.0,0.0
2006-04-27 00:00:00+09:00,1442.8057394276495,1449.106201171875,1442.8057394276495,1449.106201171875,400,0.0,0.0
2006-04-28 00:00:00+09:00,1442.8053102746474,1442.8053102746474,1423.9039306640625,1423.9039306640625,1800,0.0,0.0
2006-05-01 00:00:00+09:00,1392.4020528707417,1411.3034382038288,1392.4020528707417,1398.7025146484375,6400,0.0,0.0
2006-05-02 00:00:00+09:00,1411.3034382038288,1411.3034382038288,1398.7025146484375,1398.7025146484375,1800,0.0,0.0
2006-05-03 00:00:00+09:00,1398.7025146484375,1398.7025146484375,1398.7025146484375,1398.7025146484375,0,0.0,0.0
2006-05-04 00:00:00+09:00,1398.7025146484375,1398.7025146484375,1398.7025146484375,1398.7025146484375,0,0.0,0.0
2006-05-05 00:00:00+09:00,1398.7025146484375,1398.7025146484375,1398.7025146484375,1398.7025146484375,0,0.0,0.0
2006-05-08 00:00:00+09:00,1398.7025146484375,1411.3034382038288,1386.1015910930462,1398.7025146484375,3200,0.0,0.0
2006-05-09 00:00:00+09:00,1398.7025146484375,1398.7025146484375,1379.8011293153504,1398.7025146484375,1800,0.0,0.0
2006-05-10 00:00:00+09:00,1405.0026999733664,1411.3031605113636,1386.101318359375,1386.101318359375,1600,0.0,0.0
2006-05-11 00:00:00+09:00,1360.8997618792807,1379.8011474609375,1360.8997618792807,1379.8011474609375,2200,0.0,0.0
2006-05-12 00:00:00+09:00,1367.2000732421875,1373.5005344092024,1367.2000732421875,1367.2000732421875,500,0.0,0.0
2006-05-15 00:00:00+09:00,1354.5992431640625,1354.5992431640625,1335.6978583757266,1354.5992431640625,1000,0.0,0.0
2006-05-16 00:00:00+09:00,1360.8995361328125,1360.8995361328125,1278.9935455322266,1310.495849609375,2400,0.0,0.0
2006-05-17 00:00:00+09:00,1310.495849609375,1310.495849609375,1310.495849609375,1310.495849609375,1300,0.0,0.0
2006-05-18 00:00:00+09:00,1272.693161390314,1285.2940837803171,1266.3927001953125,1266.3927001953125,2800,0.0,0.0
2006-05-19 00:00:00+09:00,1348.2987096101335,1354.599170869994,1291.5945582713896,1297.89501953125,1700,0.0,0.0
2006-05-22 00:00:00+09:00,1367.200136856294,1367.200136856294,1341.998291015625,1341.998291015625,1700,0.0,0.0
2006-05-23 00:00:00+09:00,1367.200172903457,1367.200172903457,1304.195556640625,1304.195556640625,3600,0.0,0.0
2006-05-24 00:00:00+09:00,1323.096923828125,1323.096923828125,1323.096923828125,1323.096923828125,800,0.0,0.0
2006-05-25 00:00:00+09:00,1329.397044365716,1405.0025634765625,1329.397044365716,1405.0025634765625,600,0.0,0.0
2006-05-26 00:00:00+09:00,1405.0025634765625,1405.0025634765625,1405.0025634765625,1405.0025634765625,100,0.0,0.0
2006-05-29 00:00:00+09:00,1430.2049283854167,1449.1063151041667,1417.60400390625,1417.60400390625,5900,0.0,0.0
2006-05-30 00:00:00+09:00,1442.805776323591,1449.1062382289342,1411.303466796875,1411.303466796875,1000,0.0,0.0
2006-05-31 00:00:00+09:00,1373.5006279523982,1386.101551144622,1323.0969351835029,1354.5992431640625,3400,0.0,0.0
2006-06-01 00:00:00+09:00,1354.5989632955411,1354.5989632955411,1278.993439762767,1291.5943603515625,1800,0.0,0.0
2006-06-02 00:00:00+09:00,1291.5943603515625,1291.5943603515625,1247.4911382907774,1291.5943603515625,3000,0.0,0.0
2006-06-05 00:00:00+09:00,1323.0969415194745,1348.2987880246076,1291.5946333880586,1304.195556640625,1900,0.0,0.0
2006-06-06 00:00:00+09:00,1304.1955852599806,1323.0969705536036,1304.1955852599806,1316.7965087890625,1700,0.0,0.0
2006-06-07 00:00:00+09:00,1316.7963419999226,1316.7963419999226,1266.3926542678682,1272.693115234375,2100,0.0,0.0
2006-06-08 00:00:00+09:00,1215.9890600840251,1215.9890600840251,1171.885829925537,1209.6885986328125,5900,0.0,0.0
2006-06-09 00:00:00+09:00,1228.589922316531,1228.589922316531,1184.4866943359375,1184.4866943359375,600,0.0,0.0
2006-06-12 00:00:00+09:00,1184.4864884193498,1247.4910888671875,1184.4864884193498,1247.4910888671875,400,0.0,0.0
2006-06-13 00:00:00+09:00,1247.4911944927946,1247.4911944927946,1215.9888916015625,1215.9888916015625,1000,0.0,0.0
2006-06-14 00:00:00+09:00,1215.9888916015625,1215.9888916015625,1215.9888916015625,1215.9888916015625,100,0.0,0.0
2006-06-15 00:00:00+09:00,1253.7915985851753,1291.5943603515625,1253.7915985851753,1291.5943603515625,600,0.0,0.0
2006-06-16 00:00:00+09:00,1323.0969351835029,1360.8997047601742,1323.0969351835029,1354.5992431640625,900,0.0,0.0
2006-06-19 00:00:00+09:00,1373.5005344092024,1386.1014567432317,1367.2000732421875,1367.2000732421875,1100,0.0,0.0
2006-06-20 00:00:00+09:00,1379.8010597766286,1379.8010597766286,1341.998291015625,1341.998291015625,600,0.0,0.0
2006-06-21 00:00:00+09:00,1341.998291015625,1341.998291015625,1341.998291015625,1341.998291015625,100,0.0,0.0
2006-06-22 00:00:00+09:00,1354.5992431640625,1354.5992431640625,1354.5992431640625,1354.5992431640625,100,0.0,0.0
2006-06-23 00:00:00+09:00,1354.5992431640625,1354.5992431640625,1354.5992431640625,1354.5992431640625,200,0.0,0.0
2006-06-26 00:00:00+09:00,1323.0969705536036,1341.9983558472263,1316.7965087890625,1316.7965087890625,1200,0.0,0.0
2006-06-27 00:00:00+09:00,1354.5993848116893,1360.8998470666274,1335.697998046875,1335.697998046875,700,0.0,0.0
2006-06-28 00:00:00+09:00,1310.495849609375,1310.495849609375,1310.495849609375,1310.495849609375,600,0.0,0.0
2006-06-29 00:00:00+09:00,1316.7966112820607,1335.697998046875,1316.7966112820607,1335.697998046875,200,0.0,0.0
2006-06-30 00:00:00+09:00,1341.998291015625,1341.998291015625,1341.998291015625,1341.998291015625,700,0.0,0.0
2006-07-03 00:00:00+09:00,1348.2986897411436,1367.2000732421875,1348.2986897411436,1367.2000732421875,1100,0.0,0.0
2006-07-04 00:00:00+09:00,1367.1998039211392,1405.0025634765625,1367.1998039211392,1405.0025634765625,2700,0.0,0.0
2006-07-05 00:00:00+09:00,1405.002284537613,1405.002284537613,1392.4013671874998,1392.4013671875,2000,0.0,0.0
2006-07-06 00:00:00+09:00,1386.101318359375,1386.101318359375,1386.101318359375,1386.101318359375,100,0.0,0.0
2006-07-07 00:00:00+09:00,1386.1015392485117,1386.1015392485117,1316.7964622860861,1323.096923828125,1500,0.0,0.0
2006-07-10 00:00:00+09:00,1316.7966112820607,1335.697998046875,1316.7966112820607,1335.697998046875,1400,0.0,0.0
2006-07-11 00:00:00+09:00,1354.5989353848859,1354.5989353848859,1323.0966345619815,1329.3970947265625,1500,0.0,0.0
2006-07-12 00:00:00+09:00,1329.397232055664,1329.397232055664,1297.8949279785156,1310.495849609375,500,0.0,0.0
2006-07-13 00:00:00+09:00,1291.5943603515625,1291.5943603515625,1285.2939000571646,1291.5943603515625,1200,0.0,0.0
2006-07-14 00:00:00+09:00,1272.693161390314,1272.693161390314,1266.3927001953125,1266.3927001953125,1500,0.0,0.0
2006-07-17 00:00:00+09:00,1266.3927001953125,1266.3927001953125,1266.3927001953125,1266.3927001953125,0,0.0,0.0
2006-07-18 00:00:00+09:00,1266.3925290451837,1266.3925290451837,1222.289306640625,1222.289306640625,1200,0.0,0.0
2006-07-19 00:00:00+09:00,1209.6885986328125,1209.6885986328125,1178.1862913767498,1209.6885986328125,1400,0.0,0.0
2006-07-20 00:00:00+09:00,1215.9889523268957,1241.1907958984375,1215.9889523268957,1241.1907958984375,900,0.0,0.0
2006-07-21 00:00:00+09:00,1241.1907339145482,1241.1907339145482,1215.9888916015625,1215.9888916015625,2000,0.0,0.0
2006-07-24 00:00:00+09:00,1215.9888916015625,1215.9888916015625,1215.9888916015625,1215.9888916015625,100,0.0,0.0
2006-07-25 00:00:00+09:00,1222.2892615685096,1247.491102013221,1222.2892615685096,1228.5897216796875,800,0.0,0.0
2006-07-26 00:00:00+09:00,1228.5897216796875,1228.5897216796875,1228.5897216796875,1228.5897216796875,300,0.0,0.0
2006-07-27 00:00:00+09:00,1228.5897216796875,1228.5897216796875,1228.5897216796875,1228.5897216796875,100,0.0,0.0
2006-07-28 00:00:00+09:00,1228.5897216796875,1228.5897216796875,1228.5897216796875,1228.5897216796875,100,0.0,0.0
2006-07-31 00:00:00+09:00,1253.791748046875,1253.791748046875,1253.791748046875,1253.791748046875,100,0.0,0.0
2006-08-01 00:00:00+09:00,1310.4960470245214,1341.9983558472263,1310.4960470245214,1316.7965087890625,2300,0.0,0.0
2006-08-02 00:00:00+09:00,1304.1954807911104,1304.1954807911104,1297.89501953125,1297.89501953125,200,0.0,0.0
2006-08-03 00:00:00+09:00,1285.2940673828125,1285.2940673828125,1285.2940673828125,1285.2940673828125,100,0.0,0.0
2006-08-04 00:00:00+09:00,1272.6930847167969,1310.495849609375,1272.6930847167969,1310.495849609375,200,0.0,0.0
2006-08-07 00:00:00+09:00,1310.495849609375,1310.495849609375,1310.495849609375,1310.495849609375,300,0.0,0.0
2006-08-08 00:00:00+09:00,1272.6932485092088,1304.195556640625,1272.6932485092088,1304.195556640625,400,0.0,0.0
2006-08-09 00:00:00+09:00,1304.195556640625,1304.195556640625,1304.195556640625,1304.195556640625,100,0.0,0.0
2006-08-10 00:00:00+09:00,1266.3926542678682,1272.693115234375,1203.3880446028002,1272.693115234375,2700,0.0,0.0
2006-08-11 00:00:00+09:00,1209.6883859536083,1234.8902273276417,1209.6883859536083,1222.289306640625,3400,0.0,0.0
2006-08-14 00:00:00+09:00,1222.2895215352378,1222.2895215352378,1209.6885986328125,1209.6885986328125,800,0.0,0.0
2006-08-15 00:00:00+09:00,1209.688416772959,1234.8902587890625,1197.0874957649075,1234.8902587890625,3100,0.0,0.0
2006-08-16 00:00:00+09:00,1241.1907958984375,1241.1907958984375,1209.6884914340103,1241.1907958984375,2400,0.0,0.0
2006-08-17 00:00:00+09:00,1247.491256791323,1253.7917176842086,1241.1907958984375,1241.1907958984375,2000,0.0,0.0
2006-08-18 00:00:00+09:00,1272.6932149537852,1373.5005983164613,1272.6932149537852,1341.998291015625,11000,0.0,0.0
2006-08-21 00:00:00+09:00,1354.5992431640625,1386.101551144622,1341.9983199718386,1354.5992431640625,3800,0.0,0.0
2006-08-22 00:00:00+09:00,1367.2000732421875,1367.2000732421875,1335.697767407114,1367.2000732421875,2400,0.0,0.0
2006-08-23 00:00:00+09:00,1367.200172903457,1367.200172903457,1253.7918636303593,1304.195556640625,5100,0.0,0.0
2006-08-24 00:00:00+09:00,1304.1955852599806,1316.7965087890625,1304.1955852599806,1316.7965087890625,400,0.0,0.0
2006-08-25 00:00:00+09:00,1310.495849609375,1310.495849609375,1310.495849609375,1310.495849609375,100,0.0,0.0
2006-08-28 00:00:00+09:00,1297.8949124942271,1297.8949124942271,1278.9935302734375,1278.9935302734375,500,0.0,0.0
2006-08-29 00:00:00+09:00,1278.9935922287218,1278.9935922287218,1253.791748046875,1253.791748046875,700,0.0,0.0
2006-08-30 00:00:00+09:00,1241.1907958984375,1241.1907958984375,1241.1907958984375,1241.1907958984375,100,0.0,0.0
2006-08-31 00:00:00+09:00,1260.0922090923368,1260.0922090923368,1241.1908259559518,1253.791748046875,1200,0.0,0.0
2006-09-01 00:00:00+09:00,1278.9935302734375,1278.9935302734375,1278.9935302734375,1278.9935302734375,100,0.0,0.0
2006-09-04 00:00:00+09:00,1260.0922390003109,1278.9936225853155,1260.0922390003109,1266.3927001953125,900,0.0,0.0
2006-09-05 00:00:00+09:00,1266.3927001953125,1266.3927001953125,1260.0922390003109,1266.3927001953125,800,0.0,0.0
2006-09-06 00:00:00+09:00,1285.2940673828125,1285.2940673828125,1285.2940673828125,1285.2940673828125,100,0.0,0.0
2006-09-07 00:00:00+09:00,1266.3925012207033,1266.3925012207033,1260.092041015625,1260.092041015625,1300,0.0,0.0
2006-09-08 00:00:00+09:00,1253.791580810547,1266.3925012207033,1253.791580810547,1260.092041015625,600,0.0,0.0
2006-09-11 00:00:00+09:00,1253.791748046875,1253.791748046875,1253.791748046875,1253.791748046875,100,0.0,0.0
2006-09-12 00:00:00+09:00,1253.791748046875,1253.791748046875,1253.791748046875,1253.791748046875,100,0.0,0.0
2006-09-13 00:00:00+09:00,1247.4910888671875,1266.392469001539,1247.4910888671875,1247.4910888671875,400,0.0,0.0
2006-09-14 00:00:00+09:00,1241.1907339145482,1241.1907339145482,1215.9888916015625,1215.9888916015625,800,0.0,0.0
2006-09-15 00:00:00+09:00,1215.988877276985,1234.8902587890625,1215.988877276985,1234.8902587890625,900,0.0,0.0
2006-09-18 00:00:00+09:00,1234.8902587890625,1234.8902587890625,1234.8902587890625,1234.8902587890625,0,0.0,0.0
2006-09-19 00:00:00+09:00,1228.5899829864502,1228.5899829864502,1209.6885986328125,1209.6885986328125,500,0.0,0.0
2006-09-20 00:00:00+09:00,1209.6886160714284,1209.6886160714284,1190.7872314453125,1190.7872314453125,1100,0.0,0.0
2006-09-21 00:00:00+09:00,1197.0876166161072,1197.0876166161072,1184.4866943359375,1184.4866943359375,1100,0.0,0.0
2006-09-22 00:00:00+09:00,1184.4866179603944,1184.4866179603944,1178.1861572265625,1178.1861572265625,200,0.0,0.0
2006-09-25 00:00:00+09:00,1184.486540763609,1184.486540763609,1171.8856201171875,1171.8856201171875,800,0.0,0.0
2006-09-26 00:00:00+09:00,1171.8857883762669,1171.8857883762669,1159.2848659206081,1165.5853271484375,500,0.0,0.0
2006-09-27 00:00:00+09:00,1190.7870492885766,1222.289352179809,1190.7870492885766,1215.9888916015625,1000,0.0,0.0
2006-09-28 00:00:00+09:00,1197.0874652665914,1222.289306640625,1190.787004923083,1222.289306640625,1600,0.0,0.0
2006-09-29 00:00:00+09:00,1228.5899829864502,1228.5899829864502,1171.885829925537,1209.6885986328125,2100,0.0,0.0
2006-10-02 00:00:00+09:00,1197.0875244140625,1197.0875244140625,1197.0875244140625,1197.0875244140625,100,0.0,0.0
2006-10-03 00:00:00+09:00,1197.0876929873511,1197.0876929873511,1190.7872314453125,1190.7872314453125,500,0.0,0.0
2006-10-04 00:00:00+09:00,1190.7871394132444,1209.688522578534,1184.4866783581479,1203.3880615234375,1200,0.0,0.0
2006-10-05 00:00:00+09:00,1203.388077756192,1203.388077756192,1184.4866943359375,1184.4866943359375,1100,0.0,0.0
2006-10-06 00:00:00+09:00,1190.7872314453125,1190.7872314453125,1190.7872314453125,1190.7872314453125,300,0.0,0.0
2006-10-09 00:00:00+09:00,1190.7872314453125,1190.7872314453125,1190.7872314453125,1190.7872314453125,0,0.0,0.0
2006-10-10 00:00:00+09:00,1184.4866179603944,1184.4866179603944,1178.1861572265625,1178.1861572265625,200,0.0,0.0
2006-10-11 00:00:00+09:00,1121.4820556640625,1121.4820556640625,1121.4820556640625,1121.4820556640625,100,0.0,0.0
2006-10-12 00:00:00+09:00,1121.4820556640625,1121.4820556640625,1121.4820556640625,1121.4820556640625,100,0.0,0.0
2006-10-13 00:00:00+09:00,1134.082763671875,1134.082763671875,1134.082763671875,1134.082763671875,100,0.0,0.0
2006-10-16 00:00:00+09:00,1127.782470703125,1127.782470703125,1127.782470703125,1127.782470703125,200,0.0,0.0
2006-10-17 00:00:00+09:00,1159.2850341796875,1171.8859584642494,1159.2850341796875,1159.2850341796875,300,0.0,0.0
2006-10-18 00:00:00+09:00,1140.3831787109375,1140.3831787109375,1140.3831787109375,1140.3831787109375,300,0.0,0.0
2006-10-19 00:00:00+09:00,1140.3831787109375,1140.3831787109375,1140.3831787109375,1140.3831787109375,100,0.0,0.0
2006-10-20 00:00:00+09:00,1146.6840353376879,1152.9844970703125,1146.6840353376879,1152.9844970703125,400,0.0,0.0
2006-10-23 00:00:00+09:00,1184.4866031044407,1197.0875244140625,1184.4866031044407,1197.0875244140625,1000,0.0,0.0
2006-10-24 00:00:00+09:00,1222.2894611764461,1222.2894611764461,1184.4866943359375,1184.4866943359375,1100,0.0,0.0
2006-10-25 00:00:00+09:00,1184.4866943359375,1184.4866943359375,1184.4866943359375,1184.4866943359375,100,0.0,0.0
2006-10-26 00:00:00+09:00,1178.1861572265625,1178.1861572265625,1178.1861572265625,1178.1861572265625,100,0.0,0.0
2006-10-27 00:00:00+09:00,1178.1862331958528,1184.4866943359375,1178.1862331958528,1184.4866943359375,600,0.0,0.0
2006-10-30 00:00:00+09:00,1171.8856201171875,1171.8856201171875,1171.8856201171875,1171.8856201171875,200,0.0,0.0
2006-10-31 00:00:00+09:00,1171.885920120498,1171.885920120498,1102.5808388230491,1115.1817626953125,2400,0.0,0.0
2006-11-01 00:00:00+09:00,1001.7731234998589,1045.8763427734375,995.4726636036334,1045.8763427734375,15000,0.0,0.0
2006-11-02 00:00:00+09:00,1045.8765571408155,1045.8765571408155,1020.6747123904345,1033.275634765625,4600,0.0,0.0
2006-11-03 00:00:00+09:00,1033.275634765625,1033.275634765625,1033.275634765625,1033.275634765625,0,0.0,0.0
2006-11-06 00:00:00+09:00,1039.575959165653,1052.1768798828125,1033.2754988070733,1052.1768798828125,1300,0.0,0.0
2006-11-07 00:00:00+09:00,1045.8763427734375,1052.1768026696632,1039.575882877212,1045.8763427734375,2100,0.0,0.0
2006-11-08 00:00:00+09:00,1052.1768798828125,1058.4773402413923,1052.1768798828125,1052.1768798828125,1800,0.0,0.0
2006-11-09 00:00:00+09:00,1071.0784912109375,1071.0784912109375,1071.0784912109375,1071.0784912109375,100,0.0,0.0
2006-11-10 00:00:00+09:00,1039.576171875,1039.576171875,1039.576171875,1039.576171875,100,0.0,0.0
2006-11-13 00:00:00+09:00,1033.2757899908372,1033.2757899908372,1008.0739414544754,1020.6748657226562,800,0.0,0.0
2006-11-14 00:00:00+09:00,1045.8767142590182,1045.8767142590182,1020.6748657226562,1020.6748657226562,200,0.0,0.0
2006-11-15 00:00:00+09:00,1039.5761426679928,1039.5761426679928,1020.6747582558475,1026.9752197265625,600,0.0,0.0
2006-11-16 00:00:00+09:00,1045.8766041387078,1045.8766041387078,1026.9752197265625,1026.9752197265625,500,0.0,0.0
2006-11-17 00:00:00+09:00,1026.9752197265625,1026.9752197265625,1026.9752197265625,1026.9752197265625,100,0.0,0.0
2006-11-20 00:00:00+09:00,945.0692163754816,951.3696778179848,919.8673706054686,919.8673706054688,700,0.0,0.0
2006-11-21 00:00:00+09:00,932.4681103515626,945.0690307617189,932.4681103515626,945.0690307617188,600,0.0,0.0
2006-11-22 00:00:00+09:00,1033.275634765625,1033.275634765625,1033.275634765625,1033.275634765625,100,0.0,0.0
2006-11-23 00:00:00+09:00,1033.275634765625,1033.275634765625,1033.275634765625,1033.275634765625,0,0.0,0.0
2006-11-24 00:00:00+09:00,1020.6748711308346,1020.6748711308346,995.4730224609375,995.4730224609375,500,0.0,0.0
2006-11-27 00:00:00+09:00,963.9705791108927,989.1724243164062,963.9705791108927,989.1724243164062,1200,0.0,0.0
2006-11-28 00:00:00+09:00,976.5715036828533,995.4728876251021,951.3696584265216,963.9705810546875,1200,0.0,0.0
2006-11-29 00:00:00+09:00,970.2710423687704,970.2710423687704,957.6701197406045,963.9705810546875,700,0.0,0.0
2006-11-30 00:00:00+09:00,970.27109375,1039.576171875,970.27109375,1039.576171875,2500,0.0,0.0
2006-12-01 00:00:00+09:00,1045.8763427734375,1045.8763427734375,1039.575882877212,1045.8763427734375,600,0.0,0.0
2006-12-04 00:00:00+09:00,1045.8765760288118,1045.8765760288118,989.1724243164062,989.1724243164062,500,0.0,0.0
2006-12-05 00:00:00+09:00,995.4730224609375,995.4730224609375,995.4730224609375,995.4730224609375,800,0.0,0.0
2006-12-06 00:00:00+09:00,1039.576171875,1039.576171875,1039.576171875,1039.576171875,1000,0.0,0.0
2006-12-07 00:00:00+09:00,1039.576171875,1039.576171875,1039.576171875,1039.576171875,200,0.0,0.0
2006-12-08 00:00:00+09:00,1033.2756811972777,1033.2756811972777,1014.3742967851323,1026.9752197265625,400,0.0,0.0
2006-12-11 00:00:00+09:00,989.1725602934632,1008.0739467958861,982.8720981259889,995.4730224609375,1000,0.0,0.0
2006-12-12 00:00:00+09:00,989.1724243164062,989.1724243164062,951.369656508136,989.1724243164062,2200,0.0,0.0
2006-12-13 00:00:00+09:00,963.9705047607421,1008.0737304687499,963.9705047607421,1008.07373046875,1300,0.0,0.0
2006-12-14 00:00:00+09:00,1008.073776533019,1008.073776533019,1001.7733154296876,1001.7733154296875,1400,0.0,0.0
2006-12-15 00:00:00+09:00,1001.7734019886364,1039.576171875,995.4729403409091,1039.576171875,3500,0.0,0.0
2006-12-18 00:00:00+09:00,1039.576171875,1039.576171875,1039.576171875,1039.576171875,300,0.0,0.0
2006-12-19 00:00:00+09:00,1026.9751921246766,1026.9751921246766,989.1724243164062,989.1724243164062,1000,0.0,0.0
2006-12-20 00:00:00+09:00,982.8719630150279,989.1724243164062,976.5715017136495,989.1724243164062,1300,0.0,0.0
2006-12-21 00:00:00+09:00,989.1723932230249,1026.975159843013,989.1723932230249,1001.7733154296875,1000,0.0,0.0
2006-12-22 00:00:00+09:00,1026.975333298309,1026.975333298309,976.5716359585147,995.4730224609375,1300,0.0,0.0
2006-12-25 00:00:00+09:00,957.6701197406045,963.9705810546875,957.6701197406045,963.9705810546875,600,0.0,0.0
2006-12-26 00:00:00+09:00,963.9703656127122,963.9703656127122,945.0689858948158,951.3694458007812,1700,0.0,0.0
2006-12-27 00:00:00+09:00,957.6699250050079,982.8717651367186,957.6699250050079,982.8717651367188,1100,0.0,0.0
2006-12-28 00:00:00+09:00,976.5712113813921,976.5712113813921,957.669833096591,970.270751953125,1300,0.0,0.0
2006-12-29 00:00:00+09:00,970.270751953125,970.270751953125,963.970292524858,970.270751953125,500,0.0,0.0
2007-01-04 00:00:00+09:00,963.970292524858,970.270751953125,963.970292524858,970.270751953125,200,0.0,0.0
2007-01-05 00:00:00+09:00,970.270751953125,970.270751953125,970.270751953125,970.270751953125,200,0.0,0.0
2007-01-09 00:00:00+09:00,1026.975112915039,1026.975112915039,1008.0737304687499,1008.07373046875,200,0.0,0.0
2007-01-10 00:00:00+09:00,1008.0737304687499,1008.0737304687499,1008.0737304687499,1008.07373046875,100,0.0,0.0
2007-01-11 00:00:00+09:00,976.571305103791,982.8717651367186,970.2708450708633,982.8717651367188,800,0.0,0.0
2007-01-12 00:00:00+09:00,982.8717651367186,1001.7731452355017,982.8717651367186,982.8717651367188,0,0.0,0.0
2007-01-15 00:00:00+09:00,995.4730224609375,995.4730224609375,995.4730224609375,995.4730224609375,100,0.0,0.0
2007-01-16 00:00:00+09:00,995.4728856177846,995.4728856177846,989.1724243164062,989.1724243164062,400,0.0,0.0
2007-01-17 00:00:00+09:00,989.1721302379261,989.1721302379261,970.270751953125,970.270751953125,1000,0.0,0.0
2007-01-18 00:00:00+09:00,963.9703850379357,982.8717651367186,963.9703850379357,982.8717651367188,400,0.0,0.0
2007-01-19 00:00:00+09:00,989.1724819396594,1014.3743286132812,989.1724819396594,1014.3743286132812,1100,0.0,0.0
2007-01-22 00:00:00+09:00,1026.9751865003236,1064.7779541015625,1026.9751865003236,1064.7779541015625,1500,0.0,0.0
2007-01-23 00:00:00+09:00,1096.2801663582784,1096.2801663582784,1071.0783234534904,1077.3787841796875,1000,0.0,0.0
2007-01-24 00:00:00+09:00,1071.0784621465773,1077.378923688616,1052.1770775204611,1058.4775390625,1100,0.0,0.0
2007-01-25 00:00:00+09:00,1052.1768798828125,1052.1768798828125,1052.1768798828125,1052.1768798828125,200,0.0,0.0
2007-01-26 00:00:00+09:00,1045.8763427734375,1045.8763427734375,1045.8763427734375,1045.8763427734375,100,0.0,0.0
2007-01-29 00:00:00+09:00,1033.2756928943452,1058.4775390625,1033.2756928943452,1058.4775390625,900,0.0,0.0
2007-01-30 00:00:00+09:00,1033.2757102272726,1039.576171875,1033.2757102272726,1039.576171875,1400,0.0,0.0
2007-01-31 00:00:00+09:00,1039.5762521249278,1039.5762521249278,1014.3744035885658,1020.6748657226562,900,0.0,0.0
2007-02-01 00:00:00+09:00,1033.2757102272726,1039.576171875,1033.2757102272726,1039.576171875,200,0.0,0.0
2007-02-02 00:00:00+09:00,1058.4772625658886,1058.4772625658886,1045.8763427734375,1045.8763427734375,400,0.0,0.0
2007-02-05 00:00:00+09:00,1058.4775390625,1058.4775390625,1058.4775390625,1058.4775390625,400,0.0,0.0
2007-02-06 00:00:00+09:00,1058.4775390625,1058.4775390625,1058.4775390625,1058.4775390625,300,0.0,0.0
2007-02-07 00:00:00+09:00,1058.4775390625,1058.4775390625,1058.4775390625,1058.4775390625,100,0.0,0.0
2007-02-08 00:00:00+09:00,1039.5760959532201,1039.5760959532201,1020.6747123904345,1033.275634765625,700,0.0,0.0
2007-02-09 00:00:00+09:00,1052.1768798828125,1052.1768798828125,1052.1768798828125,1052.1768798828125,100,0.0,0.0
2007-02-13 00:00:00+09:00,1026.9751735780296,1033.275634765625,1020.6747123904345,1033.275634765625,1200,0.0,0.0
2007-02-14 00:00:00+09:00,1020.6747582558475,1026.9752197265625,1020.6747582558475,1026.9752197265625,800,0.0,0.0
2007-02-15 00:00:00+09:00,1020.6748657226562,1020.6748657226562,1020.6748657226562,1020.6748657226562,300,0.0,0.0
2007-02-16 00:00:00+09:00,1014.3743286132812,1014.3743286132812,1014.3743286132812,1014.3743286132812,300,0.0,0.0
2007-02-19 00:00:00+09:00,1014.3743286132812,1014.3743286132812,1014.3743286132812,1014.3743286132812,200,0.0,0.0
2007-02-20 00:00:00+09:00,1020.6748657226562,1020.6748657226562,1020.6748657226562,1020.6748657226562,200,0.0,0.0
2007-02-21 00:00:00+09:00,1020.6747582558475,1026.9752197265625,1020.6747582558475,1026.9752197265625,1300,0.0,0.0
2007-02-22 00:00:00+09:00,1045.8763427734375,1045.8763427734375,1045.8763427734375,1045.8763427734375,100,0.0,0.0
2007-02-23 00:00:00+09:00,1045.8766041387078,1045.8766041387078,1026.9752197265625,1026.9752197265625,600,0.0,0.0
2007-02-26 00:00:00+09:00,1033.2756811972777,1045.8766041387078,1026.9752197265625,1026.9752197265625,400,0.0,0.0
2007-02-27 00:00:00+09:00,1039.576171875,1039.576171875,1026.9752485795455,1039.576171875,1200,0.0,0.0
2007-02-28 00:00:00+09:00,1026.9749853672124,1026.9749853672124,976.571305103791,982.8717651367188,800,0.0,0.0
2007-03-01 00:00:00+09:00,982.8719321196935,1001.7733154296876,982.8719321196935,1001.7733154296875,400,0.0,0.0
2007-03-02 00:00:00+09:00,1001.7733154296876,1001.7733154296876,1001.7733154296876,1001.7733154296875,100,0.0,0.0
2007-03-05 00:00:00+09:00,995.4727124023439,995.4727124023439,926.1676501464844,945.0690307617188,1100,0.0,0.0
2007-03-06 00:00:00+09:00,951.3696266030366,1001.7733154296876,951.3696266030366,1001.7733154296875,300,0.0,0.0
2007-03-07 00:00:00+09:00,963.9705810546875,963.9705810546875,963.9705810546875,963.9705810546875,900,0.0,0.0
2007-03-08 00:00:00+09:00,970.2710423687704,976.5715036828533,963.9705810546875,963.9705810546875,700,0.0,0.0
2007-03-09 00:00:00+09:00,963.970292524858,970.270751953125,963.970292524858,970.270751953125,400,0.0,0.0
2007-03-12 00:00:00+09:00,1159.2846624200995,1159.2846624200995,1083.6791409579191,1108.8809814453125,8900,0.0,0.0
2007-03-13 00:00:00+09:00,1115.1817232019762,1115.1817232019762,1058.4775677849266,1071.0784912109375,3100,0.0,0.0
2007-03-14 00:00:00+09:00,1058.477527080138,1058.477527080138,1026.9752197265625,1026.9752197265625,1100,0.0,0.0
2007-03-15 00:00:00+09:00,1026.9752313523065,1089.9798467726935,1026.9752313523065,1058.4775390625,700,0.0,0.0
2007-03-16 00:00:00+09:00,1039.5761426679928,1058.477527080138,1026.9752197265625,1026.9752197265625,1100,0.0,0.0
2007-03-19 00:00:00+09:00,1026.9752197265625,1026.9752197265625,1026.9752197265625,1026.9752197265625,100,0.0,0.0
2007-03-20 00:00:00+09:00,995.472912372987,1026.9752197265625,995.472912372987,1026.9752197265625,200,0.0,0.0
2007-03-22 00:00:00+09:00,1008.0738669448758,1014.3743286132812,1008.0738669448758,1014.3743286132812,3200,0.0,0.0
2007-03-23 00:00:00+09:00,1008.0738669448758,1014.3743286132812,1001.7734052764703,1014.3743286132812,600,0.0,0.0
2007-03-26 00:00:00+09:00,1020.6748657226562,1026.9753278567468,1008.0739414544754,1020.6748657226562,1000,0.0,0.0
2007-03-27 00:00:00+09:00,1020.6746826171875,1020.6746826171875,1020.6746826171875,1020.6746826171875,100,30.0,0.0
2007-03-28 00:00:00+09:00,1001.4167216112659,1007.8360595703124,988.5780456931727,1007.8360595703125,600,0.0,0.0
2007-03-29 00:00:00+09:00,988.5777587890626,988.5777587890626,988.5777587890626,988.5777587890625,900,0.0,0.0
2007-03-30 00:00:00+09:00,988.5780292585785,988.5780292585785,982.15869140625,982.15869140625,1100,0.0,0.0
2007-04-02 00:00:00+09:00,988.5778597005209,994.997196451823,962.9005126953126,962.9005126953125,800,0.0,0.0
2007-04-03 00:00:00+09:00,975.7393633868244,982.158701303843,950.0620117187501,950.06201171875,700,0.0,0.0
2007-04-04 00:00:00+09:00,982.15869140625,982.15869140625,982.15869140625,982.15869140625,100,0.0,0.0
2007-04-05 00:00:00+09:00,982.1584226930297,988.5777587890626,982.1584226930297,988.5777587890625,400,0.0,0.0
2007-04-06 00:00:00+09:00,982.1589636551707,982.1589636551707,975.7396240234376,975.7396240234375,300,0.0,0.0
2007-04-09 00:00:00+09:00,950.0618036257341,956.4811401367189,937.2231306037647,956.4811401367188,1400,0.0,0.0
2007-04-10 00:00:00+09:00,956.4811401367189,956.4811401367189,956.4811401367189,956.4811401367188,100,0.0,0.0
2007-04-11 00:00:00+09:00,962.9005126953126,962.9005126953126,962.9005126953126,962.9005126953125,100,0.0,0.0
2007-04-12 00:00:00+09:00,962.9005126953126,962.9005126953126,962.9005126953126,962.9005126953125,100,0.0,0.0
2007-04-13 00:00:00+09:00,950.0620117187501,950.0620117187501,950.0620117187501,950.06201171875,600,0.0,0.0
2007-04-16 00:00:00+09:00,950.0620117187501,950.0620117187501,950.0620117187501,950.06201171875,300,0.0,0.0
2007-04-17 00:00:00+09:00,937.2233358847129,950.0620117187501,937.2233358847129,950.06201171875,1000,0.0,0.0
2007-04-18 00:00:00+09:00,950.0620117187501,950.0620117187501,950.0620117187501,950.06201171875,100,0.0,0.0
2007-04-19 00:00:00+09:00,917.9654541015624,917.9654541015624,917.9654541015624,917.9654541015625,200,0.0,0.0
2007-04-20 00:00:00+09:00,911.5461364746094,911.5461364746094,898.7074584960938,898.7074584960938,1000,0.0,0.0
2007-04-23 00:00:00+09:00,911.5458423029768,911.5458423029768,873.0298207972172,879.4491577148438,1200,0.0,0.0
2007-04-24 00:00:00+09:00,853.7718600802951,866.6105346679688,834.5138481987847,866.6105346679688,1100,0.0,0.0
2007-04-25 00:00:00+09:00,860.1912321202896,873.0299072265625,853.7718945671531,873.0299072265625,700,0.0,0.0
2007-04-26 00:00:00+09:00,873.0300494889568,873.0300494889568,853.7720336914064,853.7720336914062,400,0.0,0.0
2007-04-27 00:00:00+09:00,892.2878059718919,892.2878059718919,860.1911223038383,885.8684692382812,700,0.0,0.0
2007-05-01 00:00:00+09:00,885.8687019994703,1181.1582693326272,885.8687019994703,1136.222900390625,28400,0.0,0.0
2007-05-02 00:00:00+09:00,1097.7068677629745,1110.5455445789157,1046.3521604992095,1078.4488525390625,9400,0.0,0.0
2007-05-07 00:00:00+09:00,1078.4488103693182,1078.4488103693182,1052.7714577414772,1059.1907958984375,2900,0.0,0.0
2007-05-08 00:00:00+09:00,1046.3520247296588,1078.4487126048018,1046.3520247296588,1052.7713623046875,2500,0.0,0.0
2007-05-09 00:00:00+09:00,1065.60986328125,1065.60986328125,1059.1905267554594,1065.60986328125,1000,0.0,0.0
2007-05-10 00:00:00+09:00,1039.932861328125,1059.190877278646,1039.932861328125,1039.932861328125,900,0.0,0.0
2007-05-11 00:00:00+09:00,1052.7713623046875,1052.7713623046875,1020.6746744295446,1052.7713623046875,1000,0.0,0.0
2007-05-14 00:00:00+09:00,1052.7712855538923,1072.029296875,1014.2552629116767,1072.029296875,2000,0.0,0.0
2007-05-15 00:00:00+09:00,1014.2552629116767,1072.029296875,1014.2552629116767,1072.029296875,900,0.0,0.0
2007-05-16 00:00:00+09:00,1033.513427734375,1033.513427734375,1027.094089673913,1033.513427734375,700,0.0,0.0
2007-05-17 00:00:00+09:00,1033.5135226779514,1039.932861328125,1014.2555067274307,1039.932861328125,500,0.0,0.0
2007-05-18 00:00:00+09:00,1014.2554931640625,1014.2554931640625,1014.2554931640625,1014.2554931640625,300,0.0,0.0
2007-05-21 00:00:00+09:00,1059.1907083763267,1059.1907083763267,1020.6746826171875,1020.6746826171875,700,0.0,0.0
2007-05-22 00:00:00+09:00,1014.255103173194,1039.9324475573255,988.5777587890626,988.5777587890625,1000,0.0,0.0
2007-05-23 00:00:00+09:00,994.9973836522192,1007.8360595703124,994.9973836522192,1007.8360595703125,500,0.0,0.0
2007-05-24 00:00:00+09:00,988.5777587890626,994.9970948850954,988.5777587890626,988.5777587890625,500,0.0,0.0
2007-05-25 00:00:00+09:00,982.1587077341261,1007.8360595703124,982.1587077341261,1007.8360595703125,700,0.0,0.0
2007-05-28 00:00:00+09:00,1078.4488103693182,1116.9648393110795,1052.7714577414772,1059.1907958984375,6500,0.0,0.0
2007-05-29 00:00:00+09:00,1091.287308196108,1091.287308196108,1065.609959767964,1072.029296875,1400,0.0,0.0
2007-05-30 00:00:00+09:00,1091.2872093844128,1091.2872093844128,1059.1905267554594,1065.60986328125,1200,0.0,0.0
2007-05-31 00:00:00+09:00,1072.0294560971467,1072.0294560971467,1027.094089673913,1033.513427734375,4000,0.0,0.0
2007-06-01 00:00:00+09:00,1039.9327208053232,1142.6421253293058,1039.9327208053232,1104.1260986328125,14400,0.0,0.0
2007-06-04 00:00:00+09:00,1136.2225809733072,1155.4805908203125,1110.5452345106337,1155.4805908203125,6500,0.0,0.0
2007-06-05 00:00:00+09:00,1155.4808454241072,1155.4808454241072,1116.9648172433035,1123.3841552734375,3600,0.0,0.0
2007-06-06 00:00:00+09:00,1104.1261411830358,1123.3841552734375,1104.1261411830358,1123.3841552734375,300,0.0,0.0
2007-06-07 00:00:00+09:00,1104.1258766867898,1129.80322265625,1104.1258766867898,1129.80322265625,2200,0.0,0.0
2007-06-08 00:00:00+09:00,1116.964599609375,1129.8032731681035,1110.5452628300109,1116.964599609375,900,0.0,0.0
2007-06-11 00:00:00+09:00,1123.3839363887391,1123.3839363887391,1116.964599609375,1116.964599609375,700,0.0,0.0
2007-06-12 00:00:00+09:00,1116.964599609375,1116.964599609375,1116.964599609375,1116.964599609375,300,0.0,0.0
2007-06-13 00:00:00+09:00,1097.7066650390625,1097.7066650390625,1097.7066650390625,1097.7066650390625,600,0.0,0.0
2007-06-14 00:00:00+09:00,1123.3841552734375,1123.3841552734375,1123.3841552734375,1123.3841552734375,100,0.0,0.0
2007-06-15 00:00:00+09:00,1104.1258978949652,1155.4805908203125,1104.1258978949652,1155.4805908203125,3400,0.0,0.0
2007-06-18 00:00:00+09:00,1168.319580078125,1187.577595134358,1161.9002417260474,1168.319580078125,4400,0.0,0.0
2007-06-19 00:00:00+09:00,1187.577288126208,1245.351318359375,1187.577288126208,1245.351318359375,5800,0.0,0.0
2007-06-20 00:00:00+09:00,1264.6095868468917,1271.0289248511906,1213.2548828125,1213.2548828125,4100,0.0,0.0
2007-06-21 00:00:00+09:00,1251.7707583778783,1251.7707583778783,1219.674072265625,1219.674072265625,1700,0.0,0.0
2007-06-22 00:00:00+09:00,1219.674220816799,1219.674220816799,1213.2548828125,1213.2548828125,500,0.0,0.0
2007-06-25 00:00:00+09:00,1213.2548828125,1219.674220816799,1213.2548828125,1213.2548828125,1000,0.0,0.0
2007-06-26 00:00:00+09:00,1213.2549485426684,1213.2549485426684,1161.9002417260474,1168.319580078125,900,0.0,0.0
2007-06-27 00:00:00+09:00,1181.1583251953125,1181.1583251953125,1181.1583251953125,1181.1583251953125,500,0.0,0.0
2007-06-28 00:00:00+09:00,1181.1583251953125,1206.8356800908628,1181.1583251953125,1181.1583251953125,700,0.0,0.0
2007-06-29 00:00:00+09:00,1187.5772738986545,1187.5772738986545,1142.6419175889757,1155.4805908203125,2000,0.0,0.0
2007-07-02 00:00:00+09:00,1219.6740265708556,1219.6740265708556,1200.416015625,1200.416015625,700,0.0,0.0
2007-07-03 00:00:00+09:00,1200.416341366975,1200.416341366975,1181.1583251953125,1181.1583251953125,700,0.0,0.0
2007-07-04 00:00:00+09:00,1181.1583251953125,1181.1583251953125,1181.1583251953125,1181.1583251953125,100,0.0,0.0
2007-07-05 00:00:00+09:00,1238.9320639333416,1238.9320639333416,1187.5773669827367,1193.9967041015625,5500,0.0,0.0
2007-07-06 00:00:00+09:00,1206.8353227210168,1251.7706804819056,1206.8353227210168,1238.9320068359375,1300,0.0,0.0
2007-07-09 00:00:00+09:00,1238.9320639333416,1238.9320639333416,1193.9967041015625,1193.9967041015625,1100,0.0,0.0
2007-07-10 00:00:00+09:00,1232.512939453125,1232.512939453125,1232.512939453125,1232.512939453125,200,0.0,0.0
2007-07-11 00:00:00+09:00,1206.83544921875,1206.83544921875,1206.83544921875,1206.83544921875,500,0.0,0.0
2007-07-12 00:00:00+09:00,1206.835352606952,1206.835352606952,1200.416015625,1200.416015625,700,0.0,0.0
2007-07-13 00:00:00+09:00,1200.416015625,1200.416015625,1200.416015625,1200.416015625,100,0.0,0.0
2007-07-17 00:00:00+09:00,1200.4161117229055,1213.2547867145945,1200.4161117229055,1206.83544921875,1800,0.0,0.0
2007-07-18 00:00:00+09:00,1193.9969062179814,1193.9969062179814,1174.7388916015625,1174.7388916015625,500,0.0,0.0
2007-07-19 00:00:00+09:00,1187.5774794973004,1251.7708567674247,1181.1581417702878,1226.093505859375,3900,0.0,0.0
2007-07-20 00:00:00+09:00,1213.2550188147502,1232.513034986413,1181.1583251953125,1181.1583251953125,2400,0.0,0.0
2007-07-23 00:00:00+09:00,1238.9322179845863,1238.9322179845863,1187.5775146484375,1187.5775146484375,2400,0.0,0.0
2007-07-24 00:00:00+09:00,1187.5776639192,1187.5776639192,1181.1583251953125,1181.1583251953125,300,0.0,0.0
2007-07-25 00:00:00+09:00,1168.3194401773176,1168.3194401773176,1142.64208984375,1142.64208984375,1000,0.0,0.0
2007-07-26 00:00:00+09:00,1155.4805686257102,1155.4805686257102,1129.80322265625,1129.80322265625,500,0.0,0.0
2007-07-27 00:00:00+09:00,1065.609959767964,1091.287308196108,1059.1906226609283,1072.029296875,2000,0.0,0.0
2007-07-30 00:00:00+09:00,1078.4487890625,1123.3841552734375,1078.4487890625,1123.3841552734375,800,0.0,0.0
2007-07-31 00:00:00+09:00,1181.158176731419,1187.5775146484375,1174.7388388144004,1187.5775146484375,1900,0.0,0.0
2007-08-01 00:00:00+09:00,1136.222787546557,1136.222787546557,1104.1260986328125,1104.1260986328125,200,0.0,0.0
2007-08-02 00:00:00+09:00,1123.3839077419705,1155.4805908203125,1123.3839077419705,1155.4805908203125,200,0.0,0.0
2007-08-03 00:00:00+09:00,1155.4805908203125,1155.4805908203125,1155.4805908203125,1155.4805908203125,100,0.0,0.0
2007-08-06 00:00:00+09:00,1200.4159471299913,1200.4159471299913,1155.4805908203125,1155.4805908203125,700,0.0,0.0
2007-08-07 00:00:00+09:00,1149.061427427142,1149.061427427142,1142.64208984375,1142.64208984375,400,0.0,0.0
2007-08-08 00:00:00+09:00,1123.3841552734375,1123.3841552734375,1123.3841552734375,1123.3841552734375,100,0.0,0.0
2007-08-09 00:00:00+09:00,1129.8034046782545,1129.8034046782545,1084.8680419921875,1084.8680419921875,1300,0.0,0.0
2007-08-10 00:00:00+09:00,1072.029514131092,1091.2875293550037,1072.029514131092,1078.4488525390625,900,0.0,0.0
2007-08-13 00:00:00+09:00,1065.60986328125,1065.60986328125,1065.60986328125,1065.60986328125,300,0.0,0.0
2007-08-14 00:00:00+09:00,1065.60986328125,1065.60986328125,1065.60986328125,1065.60986328125,100,0.0,0.0
2007-08-15 00:00:00+09:00,1065.60986328125,1065.60986328125,1065.60986328125,1065.60986328125,100,0.0,0.0
2007-08-16 00:00:00+09:00,1059.190699879716,1059.190699879716,1052.7713623046875,1052.7713623046875,200,0.0,0.0
2007-08-17 00:00:00+09:00,1059.190933227539,1059.190933227539,866.6107635498047,898.7074584960938,1500,0.0,0.0
2007-08-20 00:00:00+09:00,982.15869140625,982.15869140625,975.7393535539217,982.15869140625,1100,0.0,0.0
2007-08-21 00:00:00+09:00,1027.094002016129,1027.094002016129,937.2232768397178,994.997314453125,2100,0.0,0.0
2007-08-22 00:00:00+09:00,962.9004766477035,975.7391496696729,956.4811401367189,956.4811401367188,1100,0.0,0.0
2007-08-23 00:00:00+09:00,956.4811401367189,956.4811401367189,956.4811401367189,956.4811401367188,100,0.0,0.0
2007-08-24 00:00:00+09:00,975.7396240234376,975.7396240234376,975.7396240234376,975.7396240234375,300,0.0,0.0
2007-08-27 00:00:00+09:00,988.5780292585785,988.5780292585785,982.15869140625,982.15869140625,200,0.0,0.0
2007-08-28 00:00:00+09:00,982.15869140625,982.15869140625,982.15869140625,982.15869140625,600,0.0,0.0
2007-08-29 00:00:00+09:00,975.7396240234376,975.7396240234376,975.7396240234376,975.7396240234375,100,0.0,0.0
2007-08-30 00:00:00+09:00,975.7396240234376,975.7396240234376,975.7396240234376,975.7396240234375,200,0.0,0.0
2007-08-31 00:00:00+09:00,1007.8360595703124,1007.8360595703124,1007.8360595703124,1007.8360595703125,400,0.0,0.0
2007-09-03 00:00:00+09:00,1007.8359894783266,1007.8359894783266,994.997314453125,994.997314453125,200,0.0,0.0
2007-09-04 00:00:00+09:00,988.5777587890626,988.5777587890626,988.5777587890626,988.5777587890625,200,0.0,0.0
2007-09-05 00:00:00+09:00,1020.6746826171875,1020.6746826171875,1020.6746826171875,1020.6746826171875,400,0.0,0.0
2007-09-06 00:00:00+09:00,962.9005126953126,962.9005126953126,962.9005126953126,962.9005126953125,100,0.0,0.0
2007-09-07 00:00:00+09:00,969.3198242187499,969.3198242187499,969.3198242187499,969.31982421875,200,0.0,0.0
2007-09-10 00:00:00+09:00,937.2232408588436,943.642578125,937.2232408588436,943.642578125,400,0.0,0.0
2007-09-11 00:00:00+09:00,943.642578125,943.642578125,943.642578125,943.642578125,200,0.0,0.0
2007-09-12 00:00:00+09:00,943.642578125,943.642578125,943.642578125,943.642578125,100,0.0,0.0
2007-09-13 00:00:00+09:00,943.642578125,943.642578125,943.642578125,943.642578125,100,0.0,0.0
2007-09-14 00:00:00+09:00,943.642578125,943.642578125,943.642578125,943.642578125,300,0.0,0.0
2007-09-18 00:00:00+09:00,943.6428094610467,943.6428094610467,917.9654541015624,917.9654541015625,300,0.0,0.0
2007-09-19 00:00:00+09:00,930.8038741307902,950.061885319703,905.1265258789064,905.1265258789062,900,0.0,0.0
2007-09-20 00:00:00+09:00,840.9331665039062,866.6105150994454,840.9331665039062,840.9331665039062,1400,0.0,0.0
2007-09-21 00:00:00+09:00,879.4491577148438,879.4491577148438,879.4491577148438,879.4491577148438,100,0.0,0.0
2007-09-25 00:00:00+09:00,917.9654541015624,917.9654541015624,917.9654541015624,917.9654541015625,100,0.0,0.0
2007-09-26 00:00:00+09:00,962.9005126953126,962.9005126953126,962.9005126953126,962.9005126953125,300,0.0,0.0
2007-09-27 00:00:00+09:00,1007.8360595703124,1007.8360595703124,1007.8360595703124,1007.8360595703125,500,0.0,0.0
2007-09-28 00:00:00+09:00,1052.7713623046875,1052.7713623046875,1052.7713623046875,1052.7713623046875,300,0.0,0.0
2007-10-01 00:00:00+09:00,1052.7713623046875,1052.7713623046875,1052.7713623046875,1052.7713623046875,100,0.0,0.0
2007-10-02 00:00:00+09:00,1027.093994140625,1027.093994140625,1027.093994140625,1027.093994140625,100,0.0,0.0
2007-10-03 00:00:00+09:00,962.9005126953126,975.7391861979168,962.9005126953126,962.9005126953125,700,0.0,0.0
2007-10-04 00:00:00+09:00,994.9970965915256,994.9970965915256,924.3843994140625,924.3843994140625,800,0.0,0.0
2007-10-05 00:00:00+09:00,956.4811401367189,956.4811401367189,956.4811401367189,956.4811401367188,300,0.0,0.0
2007-10-09 00:00:00+09:00,982.15869140625,982.15869140625,982.15869140625,982.15869140625,300,0.0,0.0
2007-10-10 00:00:00+09:00,962.9005126953126,962.9005126953126,962.9005126953126,962.9005126953125,100,0.0,0.0
2007-10-11 00:00:00+09:00,988.5778226916423,988.5778226916423,956.4811401367189,956.4811401367188,500,0.0,0.0
2007-10-12 00:00:00+09:00,950.0619153911565,950.0619153911565,943.642578125,943.642578125,600,0.0,0.0
2007-10-15 00:00:00+09:00,1014.2554931640625,1014.2554931640625,1014.2554931640625,1014.2554931640625,100,0.0,0.0
2007-10-16 00:00:00+09:00,1007.8360595703124,1007.8360595703124,1007.8360595703124,1007.8360595703125,1100,0.0,0.0
2007-10-17 00:00:00+09:00,950.0620117187501,950.0620117187501,950.0620117187501,950.06201171875,200,0.0,0.0
2007-10-18 00:00:00+09:00,994.9973836522192,1007.8360595703124,994.9973836522192,1007.8360595703125,500,0.0,0.0
2007-10-19 00:00:00+09:00,969.3198242187499,969.3198242187499,969.3198242187499,969.31982421875,100,0.0,0.0
2007-10-22 00:00:00+09:00,1001.4165039062501,1001.4165039062501,1001.4165039062501,1001.41650390625,600,0.0,0.0
2007-10-23 00:00:00+09:00,1001.4164957136117,1001.4164957136117,937.2231306037647,956.4811401367188,800,0.0,0.0
2007-10-24 00:00:00+09:00,956.4811401367189,956.4811401367189,956.4811401367189,956.4811401367188,100,0.0,0.0
2007-10-25 00:00:00+09:00,930.8038741307902,930.8038741307902,905.1265258789064,905.1265258789062,500,0.0,0.0
2007-10-26 00:00:00+09:00,905.1266045932111,994.9973312904094,905.1266045932111,930.803955078125,800,0.0,0.0
2007-10-29 00:00:00+09:00,982.15869140625,982.15869140625,982.15869140625,982.15869140625,100,0.0,0.0
2007-10-30 00:00:00+09:00,950.0620117187501,950.0620117187501,950.0620117187501,950.06201171875,100,0.0,0.0
2007-10-31 00:00:00+09:00,988.5778226916423,988.5778226916423,956.4811401367189,956.4811401367188,900,0.0,0.0
2007-11-01 00:00:00+09:00,950.0620117187501,950.0620117187501,950.0620117187501,950.06201171875,100,0.0,0.0
2007-11-02 00:00:00+09:00,924.3846174568965,930.803955078125,924.3846174568965,930.803955078125,200,0.0,0.0
2007-11-05 00:00:00+09:00,975.7391861979168,975.7391861979168,962.9005126953126,962.9005126953125,400,0.0,0.0
2007-11-06 00:00:00+09:00,898.7072238116198,911.5458984375,898.7072238116198,911.5458984375,1100,0.0,0.0
2007-11-07 00:00:00+09:00,911.546028137207,1232.512939453125,898.7073516845703,1232.512939453125,3100,0.0,0.0
2007-11-08 00:00:00+09:00,1296.706118935033,1412.2541889391448,1110.545339483964,1219.674072265625,69400,0.0,0.0
2007-11-09 00:00:00+09:00,1187.5774259940206,1187.5774259940206,1129.8033890537708,1149.0614013671875,5200,0.0,0.0
2007-11-12 00:00:00+09:00,1091.2873278166119,1129.8033511513158,1065.6099789268094,1097.7066650390625,3000,0.0,0.0
2007-11-13 00:00:00+09:00,1129.8032731681035,1149.061283506196,1110.5452628300109,1116.964599609375,1200,0.0,0.0
2007-11-14 00:00:00+09:00,1155.4807000411186,1219.674072265625,1155.4807000411186,1219.674072265625,5500,0.0,0.0
2007-11-15 00:00:00+09:00,1219.6740265708556,1245.351374498663,1187.5773416610964,1200.416015625,2800,0.0,0.0
2007-11-16 00:00:00+09:00,1168.3193862378298,1277.4481201171875,1168.3193862378298,1277.4481201171875,2900,0.0,0.0
2007-11-19 00:00:00+09:00,1290.2869083180149,1354.4802868412992,1290.2869083180149,1309.544921875,14700,0.0,0.0
2007-11-20 00:00:00+09:00,1277.447973022461,1283.8673095703125,1219.673944091797,1283.8673095703125,5500,0.0,0.0
2007-11-21 00:00:00+09:00,1328.8028643013226,1328.8028643013226,1290.2868392491105,1296.7061767578125,4700,0.0,0.0
2007-11-22 00:00:00+09:00,1251.7707963423295,1604.834354285038,1251.7707963423295,1482.866943359375,55600,0.0,0.0
2007-11-26 00:00:00+09:00,1604.834702435662,1694.705445772059,1521.3832979090075,1636.931396484375,49400,0.0,0.0
2007-11-27 00:00:00+09:00,1617.6731776350637,2131.2202181541315,1547.0604595636917,1893.7047119140625,129000,0.0,0.0
2007-11-28 00:00:00+09:00,2118.3811807224893,2317.380624972178,2099.123169988649,2253.187255859375,109800,0.0,0.0
2007-11-29 00:00:00+09:00,2343.0582732218177,2432.9290015097777,1977.1560223351228,2092.7041015625,87900,0.0,0.0
2007-11-30 00:00:00+09:00,2028.510523623512,2118.3812430245534,1989.9945010230656,2022.0911865234375,41600,0.0,0.0
2007-12-03 00:00:00+09:00,2034.9296972009518,2073.4457167063324,1900.1236289321191,1938.6396484375,24800,0.0,0.0
2007-12-04 00:00:00+09:00,1957.897683584017,2086.2844169337886,1932.2203369140625,1932.2203369140625,30000,0.0,0.0
2007-12-05 00:00:00+09:00,2028.5105274108676,2028.5105274108676,1868.027099609375,1868.027099609375,22000,0.0,0.0
2007-12-06 00:00:00+09:00,1938.6398685079225,1938.6398685079225,1771.7370983714789,1823.091796875,22300,0.0,0.0
2007-12-07 00:00:00+09:00,1790.995443564967,1887.2855211759868,1720.3827199835525,1829.511474609375,21800,0.0,0.0
2007-12-10 00:00:00+09:00,1861.608194247159,1887.285548650568,1765.318115234375,1765.318115234375,13300,0.0,0.0
2007-12-11 00:00:00+09:00,1746.059646549721,1765.3176573572548,1713.9629618704982,1726.8016357421875,8400,0.0,0.0
2007-12-12 00:00:00+09:00,1604.8342294066492,1765.3176523473142,1585.5762186537695,1758.8983154296875,40600,0.0,0.0
2007-12-13 00:00:00+09:00,1765.3177678371417,1989.9945746527778,1726.801743811604,1790.9951171875,36700,0.0,0.0
2007-12-14 00:00:00+09:00,1816.6726305162586,1925.8013751055744,1803.8339546822215,1900.1240234375,19200,0.0,0.0
2007-12-17 00:00:00+09:00,1925.8014068060497,1964.3174349421706,1675.4472239212632,1803.833984375,25200,0.0,0.0
2007-12-18 00:00:00+09:00,1784.5756631001939,1784.5756631001939,1688.285609335795,1758.8983154296875,8500,0.0,0.0
2007-12-19 00:00:00+09:00,1790.9950645388537,1790.9950645388537,1681.8663330078125,1681.8663330078125,8500,0.0,0.0
2007-12-20 00:00:00+09:00,1681.8661488850912,1681.8661488850912,1502.1247283935547,1540.6407470703125,17900,0.0,0.0
2007-12-21 00:00:00+09:00,1508.5440648396811,1547.060083516439,1437.9313639322918,1540.6407470703125,15700,0.0,0.0
2007-12-25 00:00:00+09:00,1604.834217136189,1617.6728908732784,1508.5441641080176,1514.9635009765625,12900,0.0,0.0
2007-12-26 00:00:00+09:00,1514.9634964179202,1547.0601806640625,1482.8668121717778,1547.0601806640625,7500,0.0,0.0
2007-12-27 00:00:00+09:00,1547.0605349657012,1598.4152415205795,1547.0605349657012,1579.1572265625,5300,0.0,0.0
2007-12-28 00:00:00+09:00,1540.6411966463415,1585.57656488186,1540.6411966463415,1579.1572265625,3700,0.0,0.0
2008-01-04 00:00:00+09:00,1495.7057147848193,1534.2217417749864,1476.447701289736,1489.286376953125,4200,0.0,0.0
2008-01-07 00:00:00+09:00,1444.351024359045,1444.351024359045,1354.480293954482,1367.3189697265625,8000,0.0,0.0
2008-01-08 00:00:00+09:00,1367.3190384265988,1412.2544058866279,1328.8030091751452,1380.15771484375,5100,0.0,0.0
2008-01-09 00:00:00+09:00,1315.9642666382408,1367.3189697265625,1290.28691509408,1367.3189697265625,6000,0.0,0.0
2008-01-10 00:00:00+09:00,1386.576787433353,1386.576787433353,1354.4801025390625,1354.4801025390625,1700,0.0,0.0
2008-01-11 00:00:00+09:00,1360.8995602990165,1360.8995602990165,1264.6094970703125,1264.6094970703125,7600,0.0,0.0
2008-01-15 00:00:00+09:00,1309.5447933799344,1309.5447933799344,1052.771304481908,1097.7066650390625,18700,0.0,0.0
2008-01-16 00:00:00+09:00,1097.70662391377,1219.6740265708556,1027.0939171122996,1200.416015625,16100,0.0,0.0
2008-01-17 00:00:00+09:00,1136.2225717397837,1251.7706298828125,1136.2225717397837,1251.7706298828125,8300,0.0,0.0
2008-01-18 00:00:00+09:00,1123.3842183528336,1341.6417236328125,1123.3842183528336,1341.6417236328125,12500,0.0,0.0
2008-01-21 00:00:00+09:00,1309.5446589543271,1309.5446589543271,1251.7706298828125,1251.7706298828125,5900,0.0,0.0
2008-01-22 00:00:00+09:00,1123.3841660443475,1193.9968850528492,1091.2874755859375,1091.2874755859375,10400,0.0,0.0
2008-01-23 00:00:00+09:00,1168.3192640516493,1206.8352837456598,1123.3839077419705,1155.4805908203125,7700,0.0,0.0
2008-01-24 00:00:00+09:00,1219.6740525768648,1226.0933896956903,1181.1580298639112,1193.9967041015625,3300,0.0,0.0
2008-01-25 00:00:00+09:00,1283.8673127003206,1283.8673127003206,1238.9319567558093,1251.7706298828125,4600,0.0,0.0
2008-01-28 00:00:00+09:00,1219.6739715890785,1245.351318359375,1161.8999413559118,1245.351318359375,2700,0.0,0.0
2008-01-29 00:00:00+09:00,1264.609303009816,1290.2866492638223,1238.9319567558093,1251.7706298828125,4400,0.0,0.0
2008-01-30 00:00:00+09:00,1232.5127005347595,1251.770711480615,1200.416015625,1200.416015625,3700,0.0,0.0
2008-01-31 00:00:00+09:00,1206.8352982039305,1245.351318359375,1187.577288126208,1245.351318359375,3500,0.0,0.0
2008-02-01 00:00:00+09:00,1283.8673601246844,1290.2866969253078,1219.67399211845,1271.0286865234375,6400,0.0,0.0
2008-02-04 00:00:00+09:00,1315.9642597273285,1399.4156518075981,1283.8675704656864,1309.544921875,5800,0.0,0.0
2008-02-05 00:00:00+09:00,1303.1256705506207,1425.093097843536,1271.0289791577484,1405.8350830078125,7300,0.0,0.0
2008-02-06 00:00:00+09:00,1341.641654636549,1399.4156971807065,1322.383640455163,1328.802978515625,7500,0.0,0.0
2008-02-07 00:00:00+09:00,1341.6415577119994,1360.8995705021239,1238.9321561646693,1322.383544921875,5200,0.0,0.0
2008-02-08 00:00:00+09:00,1341.6413913302952,1341.6413913302952,1271.0286865234375,1271.0286865234375,2900,0.0,0.0
2008-02-12 00:00:00+09:00,1245.3514518549878,1457.1895854179495,1245.3514518549878,1303.12548828125,20800,0.0,0.0
2008-02-13 00:00:00+09:00,1354.4801873268166,1354.4801873268166,1296.7061509005543,1303.12548828125,5100,0.0,0.0
2008-02-14 00:00:00+09:00,1309.5448256619459,1309.5448256619459,1264.6094639970752,1303.12548828125,4900,0.0,0.0
2008-02-15 00:00:00+09:00,1290.286646118164,1315.9639923095704,1277.447973022461,1283.8673095703125,3500,0.0,0.0
2008-02-18 00:00:00+09:00,1277.448232613358,1328.8029354319854,1277.448232613358,1309.544921875,3700,0.0,0.0
2008-02-19 00:00:00+09:00,1309.5448256619459,1322.3835004233374,1296.7061509005543,1303.12548828125,3200,0.0,0.0
2008-02-20 00:00:00+09:00,1303.1253192138672,1309.5446557617188,1283.8673095703125,1283.8673095703125,2900,0.0,0.0
2008-02-21 00:00:00+09:00,1309.5448256619459,1309.5448256619459,1277.4481387584667,1303.12548828125,3300,0.0,0.0
2008-02-22 00:00:00+09:00,1303.1255142665145,1303.1255142665145,1283.8675017404084,1296.7061767578125,1000,0.0,0.0
2008-02-25 00:00:00+09:00,1290.2869083180149,1315.9642597273285,1290.2869083180149,1309.544921875,1800,0.0,0.0
2008-02-26 00:00:00+09:00,1328.8028050472863,1482.866898386102,1322.3834678248356,1463.60888671875,17500,0.0,0.0
2008-02-27 00:00:00+09:00,1527.8025551185954,1604.8346167212135,1373.7384319133587,1425.0931396484375,18800,0.0,0.0
2008-02-28 00:00:00+09:00,1521.3831203294837,1540.6411345108695,1444.3510636039402,1476.44775390625,11700,0.0,0.0
2008-02-29 00:00:00+09:00,1508.5444831848145,1508.5444831848145,1431.5124244689941,1437.9317626953125,4800,0.0,0.0
2008-03-03 00:00:00+09:00,1341.641764514851,1373.7384574458283,1296.706394411483,1360.8997802734375,5300,0.0,0.0
2008-03-04 00:00:00+09:00,1341.6414598418446,1348.0607969702744,1309.5447741996952,1315.964111328125,3200,0.0,0.0
2008-03-05 00:00:00+09:00,1335.2222018100247,1335.2222018100247,1283.8675017404084,1296.7061767578125,4400,0.0,0.0
2008-03-06 00:00:00+09:00,1303.125540510339,1315.964215786303,1283.867527596393,1290.286865234375,2600,0.0,0.0
2008-03-07 00:00:00+09:00,1277.4483070373535,1277.4483070373535,1213.25492477417,1232.512939453125,8700,0.0,0.0
2008-03-10 00:00:00+09:00,1219.6742042335304,1232.5128800675677,1187.5775146484375,1187.5775146484375,8500,0.0,0.0
2008-03-11 00:00:00+09:00,1161.8999051180751,1168.3192416104403,1110.5452131791549,1129.80322265625,2500,0.0,0.0
2008-03-12 00:00:00+09:00,1226.0933635528077,1271.0287224264707,1200.416015625,1200.416015625,2300,0.0,0.0
2008-03-13 00:00:00+09:00,1219.674220816799,1277.4482628554895,1213.2548828125,1213.2548828125,1800,0.0,0.0
2008-03-14 00:00:00+09:00,1213.2547350431744,1219.674072265625,1200.4160605982731,1219.674072265625,600,0.0,0.0
2008-03-17 00:00:00+09:00,1155.4808008948037,1155.4808008948037,1078.4487475018168,1104.1260986328125,5000,0.0,0.0
2008-03-18 00:00:00+09:00,1065.609959767964,1104.1259824101796,1052.7712855538923,1072.029296875,3500,0.0,0.0
2008-03-19 00:00:00+09:00,1116.9648279526655,1116.9648279526655,1072.0294613108915,1091.2874755859375,2700,0.0,0.0
2008-03-21 00:00:00+09:00,1084.867971089072,1084.867971089072,1039.9326113398204,1072.029296875,3200,0.0,0.0
2008-03-24 00:00:00+09:00,1091.2874230673146,1116.9647741983104,1091.2874230673146,1104.1260986328125,2000,0.0,0.0
2008-03-25 00:00:00+09:00,1097.7067170453495,1097.7067170453495,1084.8680419921875,1084.8680419921875,800,0.0,0.0
2008-03-26 00:00:00+09:00,1078.293349443856,1216.3674978482522,1078.293349443856,1163.767822265625,1900,40.0,0.0
2008-03-27 00:00:00+09:00,1124.3180010627298,1124.3180010627298,1117.7430419921875,1117.7430419921875,400,0.0,0.0
2008-03-28 00:00:00+09:00,1117.742934454055,1117.742934454055,1051.9933500744048,1104.593017578125,2700,0.0,0.0
2008-03-31 00:00:00+09:00,1157.1925048828125,1157.1925048828125,1157.1925048828125,1157.1925048828125,4000,0.0,0.0
2008-04-01 00:00:00+09:00,1157.192796415441,1157.192796415441,1117.7430419921875,1117.7430419921875,800,0.0,0.0
2008-04-02 00:00:00+09:00,1111.1681790214054,1137.468017578125,1104.5932193822255,1137.468017578125,600,0.0,0.0
2008-04-03 00:00:00+09:00,1098.0178107086724,1117.7426815597264,1098.0178107086724,1111.167724609375,1900,0.0,0.0
2008-04-04 00:00:00+09:00,1111.1681790214054,1137.468017578125,1098.0182597430455,1137.468017578125,1000,0.0,0.0
2008-04-07 00:00:00+09:00,1137.4679192038143,1137.4679192038143,1111.1680829216452,1117.7430419921875,600,0.0,0.0
2008-04-08 00:00:00+09:00,1104.5930248877246,1104.5930248877246,1098.01806640625,1098.01806640625,500,0.0,0.0
2008-04-09 00:00:00+09:00,1091.44287109375,1091.44287109375,1091.44287109375,1091.44287109375,500,0.0,0.0
2008-04-10 00:00:00+09:00,1091.44287109375,1091.44287109375,1091.44287109375,1091.44287109375,500,0.0,0.0
2008-04-11 00:00:00+09:00,1078.2931043836804,1117.7428521050347,1065.1431884765625,1065.1431884765625,1100,0.0,0.0
2008-04-14 00:00:00+09:00,1071.7181464301216,1104.5929361979165,1065.1431884765625,1065.1431884765625,1200,0.0,0.0
2008-04-15 00:00:00+09:00,1058.5682373046875,1058.5682373046875,1058.5682373046875,1058.5682373046875,600,0.0,0.0
2008-04-16 00:00:00+09:00,1051.9932659125766,1071.7181396484375,1051.9932659125766,1071.7181396484375,600,0.0,0.0
2008-04-17 00:00:00+09:00,1058.5682172077459,1078.2930908203125,1058.5682172077459,1078.2930908203125,700,0.0,0.0
2008-04-18 00:00:00+09:00,1071.7182253882997,1104.593017578125,1071.7182253882997,1104.593017578125,600,0.0,0.0
2008-04-21 00:00:00+09:00,1157.192530432413,1170.342445550963,1130.8927001953125,1130.8927001953125,1300,0.0,0.0
2008-04-22 00:00:00+09:00,1130.8927001953125,1130.8927001953125,1130.8927001953125,1130.8927001953125,1300,0.0,0.0
2008-04-23 00:00:00+09:00,1084.8681494433008,1111.1679833691992,1078.2931909618264,1098.01806640625,1000,0.0,0.0
2008-04-24 00:00:00+09:00,1111.167998342803,1111.167998342803,1065.1432883522727,1084.8681640625,1700,0.0,0.0
2008-04-25 00:00:00+09:00,1098.01805914016,1104.593017578125,1098.01805914016,1104.593017578125,300,0.0,0.0
2008-04-28 00:00:00+09:00,1111.1678338301808,1130.8927066200658,1111.1678338301808,1124.3177490234375,1000,0.0,0.0
2008-04-30 00:00:00+09:00,1137.467664216694,1137.467664216694,1098.0179186369244,1124.3177490234375,1900,0.0,0.0
2008-05-01 00:00:00+09:00,1117.742934454055,1124.31789289202,1104.593017578125,1104.593017578125,500,0.0,0.0
2008-05-02 00:00:00+09:00,1111.167998342803,1111.167998342803,1084.8681640625,1084.8681640625,2000,0.0,0.0
2008-05-07 00:00:00+09:00,1111.167742258095,1137.4675704772212,1091.44287109375,1091.44287109375,3700,0.0,0.0
2008-05-08 00:00:00+09:00,1104.592739762931,1144.04248046875,1098.0177829786278,1144.04248046875,2400,0.0,0.0
2008-05-09 00:00:00+09:00,1144.0426218133223,1144.0426218133223,1124.3177490234375,1124.3177490234375,2700,0.0,0.0
2008-05-12 00:00:00+09:00,1130.8926752263849,1157.1925048828125,1130.8926752263849,1157.1925048828125,2500,0.0,0.0
2008-05-13 00:00:00+09:00,1170.3423076059626,1170.3423076059626,1137.4675236844469,1144.04248046875,2400,0.0,0.0
2008-05-14 00:00:00+09:00,1144.0427737028701,1222.9422753375509,1137.4678152333136,1209.7923583984375,7600,0.0,0.0
2008-05-15 00:00:00+09:00,1216.3675201254546,1275.542156239666,1216.3675201254546,1242.6673583984375,4900,0.0,0.0
2008-05-16 00:00:00+09:00,1216.3669649408666,1216.3669649408666,1183.492182104627,1190.067138671875,2200,0.0,0.0
2008-05-19 00:00:00+09:00,1183.492531698258,1203.2174072265625,1183.492531698258,1203.2174072265625,1500,0.0,0.0
2008-05-20 00:00:00+09:00,1203.2170518063708,1203.2170518063708,1190.067138671875,1190.067138671875,1800,0.0,0.0
2008-05-21 00:00:00+09:00,1203.2173999288807,1209.7923583984375,1183.4925245202105,1209.7923583984375,2400,0.0,0.0
2008-05-22 00:00:00+09:00,1209.7924194335938,1262.39208984375,1183.4925842285156,1262.39208984375,3700,0.0,0.0
2008-05-23 00:00:00+09:00,1236.0919307585687,1255.8168019940777,1222.9420166015625,1222.9420166015625,1200,0.0,0.0
2008-05-26 00:00:00+09:00,1157.1928964956649,1157.1928964956649,1124.3180982997653,1137.468017578125,5600,0.0,0.0
2008-05-27 00:00:00+09:00,1137.4677116580126,1137.4677116580126,1078.2930908203125,1078.2930908203125,3300,0.0,0.0
2008-05-28 00:00:00+09:00,1078.2931043836804,1098.0179782443577,1058.5682305230034,1065.1431884765625,3700,0.0,0.0
2008-05-29 00:00:00+09:00,1058.5682172077459,1084.868048691168,1058.5682172077459,1078.2930908203125,2400,0.0,0.0
2008-05-30 00:00:00+09:00,1065.143181736484,1078.293097560391,1065.143181736484,1071.7181396484375,1000,0.0,0.0
2008-06-02 00:00:00+09:00,1071.717999929405,1091.44287109375,1065.1430428746235,1091.44287109375,1800,0.0,0.0
2008-06-03 00:00:00+09:00,1071.7182469223485,1084.8681640625,1065.1432883522727,1084.8681640625,800,0.0,0.0
2008-06-04 00:00:00+09:00,1071.7182469223485,1084.8681640625,1058.568329782197,1084.8681640625,3500,0.0,0.0
2008-06-05 00:00:00+09:00,1098.0178281485316,1104.5927852033133,1091.44287109375,1091.44287109375,1000,0.0,0.0
2008-06-06 00:00:00+09:00,1104.593017578125,1137.46780976795,1104.593017578125,1104.593017578125,1200,0.0,0.0
2008-06-09 00:00:00+09:00,1104.5927852033133,1104.5927852033133,1091.44287109375,1091.44287109375,700,0.0,0.0
2008-06-10 00:00:00+09:00,1111.167742258095,1111.167742258095,1091.44287109375,1091.44287109375,200,0.0,0.0
2008-06-11 00:00:00+09:00,1084.8680554723446,1084.8680554723446,1071.7181396484375,1071.7181396484375,700,0.0,0.0
2008-06-12 00:00:00+09:00,1071.7181602478026,1071.7181602478026,1051.9932861328125,1051.9932861328125,2800,0.0,0.0
2008-06-13 00:00:00+09:00,1051.9932659125766,1071.7181396484375,1045.418308000623,1071.7181396484375,1500,0.0,0.0
2008-06-16 00:00:00+09:00,1051.9932861328125,1058.5682441711424,1051.9932861328125,1051.9932861328125,800,0.0,0.0
2008-06-17 00:00:00+09:00,1045.4185876001286,1045.4185876001286,1038.8436279296875,1038.8436279296875,1400,0.0,0.0
2008-06-18 00:00:00+09:00,1038.8436279296875,1038.8436279296875,986.2439505661591,1038.8436279296875,6500,0.0,0.0
2008-06-19 00:00:00+09:00,999.3934382760762,1012.5433519376035,992.8184814453124,992.8184814453125,1400,0.0,0.0
2008-06-20 00:00:00+09:00,999.3934215198863,1032.268205122514,999.3934215198863,1012.5433349609375,1300,0.0,0.0
2008-06-23 00:00:00+09:00,1032.268594842208,1032.268594842208,999.393798828125,999.393798828125,900,0.0,0.0
2008-06-24 00:00:00+09:00,999.3938699070412,1038.8436279296875,999.3938699070412,1038.8436279296875,400,0.0,0.0
2008-06-25 00:00:00+09:00,1005.9687580309416,1005.9687580309416,999.393798828125,999.393798828125,1000,0.0,0.0
2008-06-26 00:00:00+09:00,992.8184814453124,992.8184814453124,992.8184814453124,992.8184814453125,100,0.0,0.0
2008-06-27 00:00:00+09:00,992.8188396253083,999.393798828125,966.5190028140419,999.393798828125,1200,0.0,0.0
2008-06-30 00:00:00+09:00,1025.6934407552083,1025.6934407552083,1005.9685668945312,1005.9685668945312,400,0.0,0.0
2008-07-01 00:00:00+09:00,999.3934382760762,1005.9683951068398,992.8184814453124,992.8184814453125,600,0.0,0.0
2008-07-02 00:00:00+09:00,992.818671468099,992.818671468099,986.2437133789062,986.2437133789062,1100,0.0,0.0
2008-07-03 00:00:00+09:00,986.2437133789062,986.2437133789062,986.2437133789062,986.2437133789062,1100,0.0,0.0
2008-07-04 00:00:00+09:00,1032.268310546875,1032.268310546875,1032.268310546875,1032.268310546875,7400,0.0,0.0
2008-07-07 00:00:00+09:00,1058.5682373046875,1058.5682373046875,1058.5682373046875,1058.5682373046875,400,0.0,0.0
2008-07-08 00:00:00+09:00,1051.9932861328125,1051.9932861328125,1051.9932861328125,1051.9932861328125,200,0.0,0.0
2008-07-09 00:00:00+09:00,992.8184814453124,999.3934382760762,992.8184814453124,992.8184814453125,900,0.0,0.0
2008-07-10 00:00:00+09:00,973.0936889648438,973.0936889648438,973.0936889648438,973.0936889648438,200,0.0,0.0
2008-07-11 00:00:00+09:00,979.6685791015625,979.6685791015625,979.6685791015625,979.6685791015625,300,0.0,0.0
2008-07-14 00:00:00+09:00,966.5186652881188,979.6685791015625,966.5186652881188,979.6685791015625,700,0.0,0.0
2008-07-15 00:00:00+09:00,959.9441174060314,959.9441174060314,940.21923828125,940.21923828125,500,0.0,0.0
2008-07-16 00:00:00+09:00,940.2189460916721,940.2189460916721,927.0690307617186,927.0690307617188,1200,0.0,0.0
2008-07-17 00:00:00+09:00,933.6439819335936,933.6439819335936,933.6439819335936,933.6439819335938,600,0.0,0.0
2008-07-18 00:00:00+09:00,953.3688614216256,953.3688614216256,927.0690307617186,927.0690307617188,800,0.0,0.0
2008-07-22 00:00:00+09:00,973.093832502694,986.2437491581359,953.3689575195314,953.3689575195312,3400,0.0,0.0
2008-07-23 00:00:00+09:00,953.3689575195314,953.3689575195314,953.3689575195314,953.3689575195312,100,0.0,0.0
2008-07-24 00:00:00+09:00,940.21923828125,940.21923828125,940.21923828125,940.21923828125,100,0.0,0.0
2008-07-25 00:00:00+09:00,946.7940987723215,946.7940987723215,920.4942626953125,920.4942626953125,600,0.0,0.0
2008-07-28 00:00:00+09:00,927.069318864729,940.21923828125,907.3444397399476,940.21923828125,2500,0.0,0.0
2008-07-29 00:00:00+09:00,933.6439819335936,933.6439819335936,933.6439819335936,933.6439819335938,200,0.0,0.0
2008-07-30 00:00:00+09:00,894.194141332654,907.3440551757814,887.6191844110904,907.3440551757812,1100,0.0,0.0
2008-07-31 00:00:00+09:00,920.4942626953125,920.4942626953125,900.7693856375558,920.4942626953125,1000,0.0,0.0
2008-08-01 00:00:00+09:00,907.3441839287751,907.3441839287751,900.7692260742188,900.7692260742188,300,0.0,0.0
2008-08-04 00:00:00+09:00,894.1942816840277,894.1942816840277,887.6193237304688,887.6193237304688,400,0.0,0.0
2008-08-05 00:00:00+09:00,907.3441975911458,907.3441975911458,887.6193237304688,887.6193237304688,900,0.0,0.0
2008-08-06 00:00:00+09:00,927.0690574924441,927.0690574924441,900.7692260742188,900.7692260742188,600,0.0,0.0
2008-08-07 00:00:00+09:00,894.1942816840277,894.1942816840277,887.6193237304688,887.6193237304688,1000,0.0,0.0
2008-08-08 00:00:00+09:00,887.6193237304688,887.6193237304688,887.6193237304688,887.6193237304688,300,0.0,0.0
2008-08-11 00:00:00+09:00,874.4692705679631,966.518667469854,874.4692705679631,907.3440551757812,4500,0.0,0.0
2008-08-12 00:00:00+09:00,900.7692396375868,900.7692396375868,874.4694078233507,887.6193237304688,500,0.0,0.0
2008-08-13 00:00:00+09:00,874.4695434570312,874.4695434570312,874.4695434570312,874.4695434570312,200,0.0,0.0
2008-08-14 00:00:00+09:00,867.8943481445312,867.8943481445312,867.8943481445312,867.8943481445312,200,0.0,0.0
2008-08-15 00:00:00+09:00,861.3193415715143,861.3193415715143,854.7443847656249,854.744384765625,600,0.0,0.0
2008-08-18 00:00:00+09:00,854.7443847656249,854.7443847656249,854.7443847656249,854.744384765625,600,0.0,0.0
2008-08-19 00:00:00+09:00,854.7443847656249,854.7443847656249,854.7443847656249,854.744384765625,500,0.0,0.0
2008-08-20 00:00:00+09:00,828.444462890625,828.444462890625,808.7195947265625,821.8695068359375,700,0.0,0.0
2008-08-21 00:00:00+09:00,841.5945690524194,841.5945690524194,815.2947387695312,815.2947387695312,1900,0.0,0.0
2008-08-22 00:00:00+09:00,815.2948666779891,815.2948666779891,756.1202392578125,756.1202392578125,1500,0.0,0.0
2008-08-25 00:00:00+09:00,808.7197875976561,808.7197875976561,808.7197875976561,808.7197875976562,100,0.0,0.0
2008-08-26 00:00:00+09:00,795.5699908712636,795.5699908712636,756.1202392578125,756.1202392578125,400,0.0,0.0
2008-08-27 00:00:00+09:00,788.9950322690217,788.9950322690217,742.9703220533288,756.1202392578125,800,0.0,0.0
2008-08-28 00:00:00+09:00,756.1201266156949,821.8697028431466,756.1201266156949,808.7197875976562,1500,0.0,0.0
2008-08-29 00:00:00+09:00,821.8697441948784,828.4447021484375,782.4199964735243,828.4447021484375,1400,0.0,0.0
2008-09-01 00:00:00+09:00,808.7197875976561,808.7197875976561,808.7197875976561,808.7197875976562,700,0.0,0.0
2008-09-02 00:00:00+09:00,788.9948120117188,788.9948120117188,788.9948120117188,788.9948120117188,100,0.0,0.0
2008-09-03 00:00:00+09:00,788.9950322690217,788.9950322690217,742.9703220533288,756.1202392578125,1800,0.0,0.0
2008-09-04 00:00:00+09:00,742.9700317382814,749.5449877713635,723.2451636390349,742.9700317382812,1000,0.0,0.0
2008-09-05 00:00:00+09:00,716.6704380580356,716.6704380580356,664.0707728794642,690.37060546875,1500,0.0,0.0
2008-09-08 00:00:00+09:00,723.2453962053571,742.9702706473214,690.3706054687499,690.37060546875,400,0.0,0.0
2008-09-09 00:00:00+09:00,716.6704568948832,729.8203735351562,716.6704568948832,729.8203735351562,300,0.0,0.0
2008-09-10 00:00:00+09:00,729.8203735351562,729.8203735351562,729.8203735351562,729.8203735351562,300,0.0,0.0
2008-09-11 00:00:00+09:00,729.8203735351562,729.8203735351562,729.8203735351562,729.8203735351562,300,0.0,0.0
2008-09-12 00:00:00+09:00,729.8203735351562,729.8203735351562,729.8203735351562,729.8203735351562,300,0.0,0.0
2008-09-16 00:00:00+09:00,650.9209059111927,723.2454510124362,631.1960299744899,644.345947265625,3000,0.0,0.0
2008-09-17 00:00:00+09:00,710.095430540807,710.095430540807,677.2206420898438,677.2206420898438,800,0.0,0.0
2008-09-18 00:00:00+09:00,650.9208113290731,677.2206420898438,650.9208113290731,677.2206420898438,2200,0.0,0.0
2008-09-19 00:00:00+09:00,670.645751953125,670.645751953125,670.645751953125,670.645751953125,200,0.0,0.0
2008-09-22 00:00:00+09:00,703.5205078125,703.5205078125,703.5205078125,703.5205078125,500,0.0,0.0
2008-09-24 00:00:00+09:00,736.3953247070312,736.3953247070312,736.3953247070312,736.3953247070312,300,0.0,0.0
2008-09-25 00:00:00+09:00,703.5203745430762,716.6702880859375,703.5203745430762,716.6702880859375,200,0.0,0.0
2008-09-26 00:00:00+09:00,710.0955200195312,710.0955200195312,710.0955200195312,710.0955200195312,200,0.0,0.0
2008-09-29 00:00:00+09:00,710.0955200195312,710.0955200195312,710.0955200195312,710.0955200195312,200,0.0,0.0
2008-09-30 00:00:00+09:00,696.9456176757812,696.9456176757812,696.9456176757812,696.9456176757812,400,0.0,0.0
2008-10-01 00:00:00+09:00,683.7956686580883,683.7956686580883,670.645751953125,670.645751953125,300,0.0,0.0
2008-10-02 00:00:00+09:00,650.9207098388672,657.4956665039062,650.9207098388672,657.4956665039062,1500,0.0,0.0
2008-10-03 00:00:00+09:00,650.9207702636719,650.9207702636719,591.7461547851562,591.7461547851562,1400,0.0,0.0
2008-10-06 00:00:00+09:00,611.4710530125818,611.4710530125818,565.4463500976562,565.4463500976562,1100,0.0,0.0
2008-10-07 00:00:00+09:00,433.94733824911,519.4218139648438,433.94733824911,519.4218139648438,2700,0.0,0.0
2008-10-08 00:00:00+09:00,447.0972309112548,460.2471494674682,420.7973937988281,420.7973937988281,2500,0.0,0.0
2008-10-09 00:00:00+09:00,387.9225821358817,460.24713134765625,387.9225821358817,460.24713134765625,3100,0.0,0.0
2008-10-10 00:00:00+09:00,433.94731235504145,433.94731235504145,420.7973937988281,420.7973937988281,600,0.0,0.0
2008-10-14 00:00:00+09:00,506.2716674804687,506.2716674804687,506.2716674804687,506.27166748046875,1200,0.0,0.0
2008-10-15 00:00:00+09:00,506.2716674804687,506.2716674804687,506.2716674804687,506.27166748046875,1200,0.0,0.0
2008-10-16 00:00:00+09:00,512.8466186523438,512.8466186523438,512.8466186523438,512.8466186523438,400,0.0,0.0
2008-10-17 00:00:00+09:00,539.1464563128592,572.021240234375,532.571499528556,572.021240234375,700,0.0,0.0
2008-10-20 00:00:00+09:00,578.5962652162065,585.1712227754815,558.8713925383812,565.4463500976562,1300,0.0,0.0
2008-10-21 00:00:00+09:00,591.7461547851562,598.3211120605469,591.7461547851562,591.7461547851562,1200,0.0,0.0
2008-10-22 00:00:00+09:00,545.7214130971623,572.021240234375,506.2716723913434,572.021240234375,1200,0.0,0.0
2008-10-23 00:00:00+09:00,506.2716674804687,512.8466242009943,473.3968838778409,506.27166748046875,2700,0.0,0.0
2008-10-24 00:00:00+09:00,506.2718196503103,506.2718196503103,473.397026166524,479.97198486328125,500,0.0,0.0
2008-10-27 00:00:00+09:00,466.82209036690847,466.82209036690847,460.24713134765625,460.24713134765625,2300,0.0,0.0
2008-10-28 00:00:00+09:00,420.7972429800725,453.6720275878907,420.7972429800725,453.6720275878906,1800,0.0,0.0
2008-10-29 00:00:00+09:00,453.67217232840403,493.1219264439174,453.67217232840403,460.24713134765625,1200,0.0,0.0
2008-10-30 00:00:00+09:00,493.12184031416734,552.2964611518674,493.12184031416734,539.1465454101562,1700,0.0,0.0
2008-10-31 00:00:00+09:00,565.4463500976562,578.5962652162065,565.4463500976562,565.4463500976562,1200,0.0,0.0
2008-11-04 00:00:00+09:00,585.1712098555131,591.7461672696201,578.5962524414062,578.5962524414062,400,0.0,0.0
2008-11-05 00:00:00+09:00,611.4710266113282,611.4710266113282,591.7461547851562,591.7461547851562,900,0.0,0.0
2008-11-06 00:00:00+09:00,578.5962173786569,624.6209164883228,578.5962173786569,618.0459594726562,2400,0.0,0.0
2008-11-07 00:00:00+09:00,572.0212391144638,775.8448990288131,572.0212391144638,716.6702880859375,4900,0.0,0.0
2008-11-10 00:00:00+09:00,808.7197875976561,815.2947452204014,775.8449994839303,808.7197875976562,7300,0.0,0.0
2008-11-11 00:00:00+09:00,808.7196880949646,808.7196880949646,775.8449040260635,782.4198608398438,3200,0.0,0.0
2008-11-12 00:00:00+09:00,782.4198608398438,782.4198608398438,769.2699472122833,782.4198608398438,1500,0.0,0.0
2008-11-13 00:00:00+09:00,775.8449096679688,775.8449096679688,775.8449096679688,775.8449096679688,1100,0.0,0.0
2008-11-14 00:00:00+09:00,775.8449096679688,775.8449096679688,775.8449096679688,775.8449096679688,1200,0.0,0.0
2008-11-17 00:00:00+09:00,775.8449096679688,775.8449096679688,775.8449096679688,775.8449096679688,300,0.0,0.0
2008-11-18 00:00:00+09:00,775.8449040260635,782.4198608398438,775.8449040260635,782.4198608398438,1200,0.0,0.0
2008-11-19 00:00:00+09:00,782.4199964735243,782.4199964735243,762.6951226128472,769.2700805664062,2100,0.0,0.0
2008-11-20 00:00:00+09:00,756.1201236122532,756.1201236122532,729.8202932257401,749.545166015625,2800,0.0,0.0
2008-11-21 00:00:00+09:00,775.8451075060615,775.8451075060615,762.6951904296875,762.6951904296875,2200,0.0,0.0
2008-11-25 00:00:00+09:00,762.6951904296875,762.6951904296875,762.6951904296875,762.6951904296875,800,0.0,0.0
2008-11-26 00:00:00+09:00,762.6951904296875,762.6951904296875,749.5452733533136,762.6951904296875,2000,0.0,0.0
2008-11-27 00:00:00+09:00,762.6951904296875,762.6951904296875,762.6951904296875,762.6951904296875,1300,0.0,0.0
2008-11-28 00:00:00+09:00,775.8449096679688,775.8449096679688,775.8449096679688,775.8449096679688,1800,0.0,0.0
2008-12-01 00:00:00+09:00,775.8450385199652,775.8450385199652,769.2700805664062,769.2700805664062,2000,0.0,0.0
2008-12-02 00:00:00+09:00,769.2700805664062,769.2700805664062,749.5452067057291,769.2700805664062,2000,0.0,0.0
2008-12-03 00:00:00+09:00,769.2701564622962,769.2701564622962,756.1202392578125,756.1202392578125,1700,0.0,0.0
2008-12-04 00:00:00+09:00,769.2701564622962,769.2701564622962,756.1202392578125,756.1202392578125,600,0.0,0.0
2008-12-05 00:00:00+09:00,788.9947265625,821.8695068359375,788.9947265625,821.8695068359375,8400,0.0,0.0
2008-12-08 00:00:00+09:00,861.3196255103089,874.4695434570312,861.3196255103089,874.4695434570312,1400,0.0,0.0
2008-12-09 00:00:00+09:00,913.919012097345,913.919012097345,907.3440551757814,907.3440551757812,3300,0.0,0.0
2008-12-10 00:00:00+09:00,907.3440551757814,907.3440551757814,881.0442274895267,907.3440551757812,1600,0.0,0.0
2008-12-11 00:00:00+09:00,907.3443446568081,920.4942626953125,900.7693856375558,920.4942626953125,1800,0.0,0.0
2008-12-12 00:00:00+09:00,920.4942626953125,920.4942626953125,900.7693856375558,920.4942626953125,2200,0.0,0.0
2008-12-15 00:00:00+09:00,920.4940941220239,966.518798828125,920.4940941220239,966.518798828125,1700,0.0,0.0
2008-12-16 00:00:00+09:00,966.5189284233197,966.5189284233197,959.9439697265625,959.9439697265625,900,0.0,0.0
2008-12-17 00:00:00+09:00,959.9439697265625,959.9439697265625,959.9439697265625,959.9439697265625,1100,0.0,0.0
2008-12-18 00:00:00+09:00,959.9439697265625,959.9439697265625,959.9439697265625,959.9439697265625,2000,0.0,0.0
2008-12-19 00:00:00+09:00,959.9439158472522,959.9439158472522,940.2190408640895,953.3689575195312,1300,0.0,0.0
2008-12-22 00:00:00+09:00,986.2435246145487,992.8184814453124,986.2435246145487,992.8184814453125,2100,0.0,0.0
2008-12-24 00:00:00+09:00,986.2437491581359,986.2437491581359,953.3689575195314,953.3689575195312,600,0.0,0.0
2008-12-25 00:00:00+09:00,953.3689575195314,953.3689575195314,953.3689575195314,953.3689575195312,600,0.0,0.0
2008-12-26 00:00:00+09:00,953.3689766499533,953.3689766499533,867.8945166744403,881.04443359375,800,0.0,0.0
2008-12-29 00:00:00+09:00,986.2437133789062,986.2437133789062,986.2437133789062,986.2437133789062,200,0.0,0.0
2008-12-30 00:00:00+09:00,1005.9685876464844,1005.9685876464844,986.2437133789062,986.2437133789062,400,0.0,0.0
2009-01-05 00:00:00+09:00,1005.9685227414394,1005.9685227414394,927.0690307617186,927.0690307617188,1200,0.0,0.0
2009-01-06 00:00:00+09:00,953.3689229329427,999.3936295572917,920.4941324869792,986.2437133789062,600,0.0,0.0
2009-01-07 00:00:00+09:00,940.2188771565756,979.6686202540543,867.8943481445312,867.8943481445312,2700,0.0,0.0
2009-01-08 00:00:00+09:00,913.9191284179688,913.9191284179688,913.9191284179688,913.9191284179688,500,0.0,0.0
2009-01-09 00:00:00+09:00,874.4694078233507,913.9191555447048,874.4694078233507,887.6193237304688,600,0.0,0.0
2009-01-13 00:00:00+09:00,874.4694497751635,874.4694497751635,828.4447418922601,848.1696166992188,300,0.0,0.0
2009-01-14 00:00:00+09:00,848.1694756179559,848.1694756179559,802.144775390625,802.144775390625,100,0.0,0.0
2009-01-15 00:00:00+09:00,854.7446725027902,927.0692217145647,854.7446725027902,920.4942626953125,2400,0.0,0.0
2009-01-16 00:00:00+09:00,973.0936221948406,986.2435360082844,973.0936221948406,979.6685791015625,2400,0.0,0.0
2009-01-19 00:00:00+09:00,986.2437133789062,1005.9685876464844,966.5188391113281,986.2437133789062,1700,0.0,0.0
2009-01-20 00:00:00+09:00,986.2437133789062,986.2437133789062,986.2437133789062,986.2437133789062,1100,0.0,0.0
2009-01-21 00:00:00+09:00,1005.9685668945312,1005.9685668945312,999.3936089409722,1005.9685668945312,1500,0.0,0.0
2009-01-22 00:00:00+09:00,1005.9685668945312,1005.9685668945312,1005.9685668945312,1005.9685668945312,1000,0.0,0.0
2009-01-23 00:00:00+09:00,1005.9683782404119,1012.5433349609374,1005.9683782404119,1012.5433349609375,800,0.0,0.0
2009-01-26 00:00:00+09:00,999.393798828125,999.393798828125,986.2438804224918,999.393798828125,1300,0.0,0.0
2009-01-27 00:00:00+09:00,999.3936658135776,999.3936658135776,953.3689575195314,953.3689575195312,1100,0.0,0.0
2009-01-28 00:00:00+09:00,953.3689575195314,953.3689575195314,953.3689575195314,953.3689575195312,200,0.0,0.0
2009-01-29 00:00:00+09:00,953.3689575195314,953.3689575195314,953.3689575195314,953.3689575195312,300,0.0,0.0
2009-01-30 00:00:00+09:00,999.393798828125,999.393798828125,999.393798828125,999.393798828125,1400,0.0,0.0
2009-02-02 00:00:00+09:00,999.3934215198863,1012.5433349609374,999.3934215198863,1012.5433349609375,1200,0.0,0.0
2009-02-03 00:00:00+09:00,1012.5434733646016,1012.5434733646016,933.6439819335936,933.6439819335938,1500,0.0,0.0
2009-02-04 00:00:00+09:00,959.9437742491026,973.0936889648438,959.9437742491026,973.0936889648438,800,0.0,0.0
2009-02-05 00:00:00+09:00,999.393798828125,999.393798828125,999.393798828125,999.393798828125,1500,0.0,0.0
2009-02-06 00:00:00+09:00,999.393798828125,999.393798828125,999.393798828125,999.393798828125,300,0.0,0.0
2009-02-09 00:00:00+09:00,999.393798828125,999.393798828125,979.6689212196751,999.393798828125,1400,0.0,0.0
2009-02-10 00:00:00+09:00,999.393798828125,999.393798828125,973.0939620168585,999.393798828125,1400,0.0,0.0
2009-02-12 00:00:00+09:00,999.3938756555943,999.3938756555943,940.21923828125,940.21923828125,300,0.0,0.0
2009-02-13 00:00:00+09:00,940.21923828125,940.21923828125,940.21923828125,940.21923828125,300,0.0,0.0
2009-02-16 00:00:00+09:00,940.21923828125,940.21923828125,940.21923828125,940.21923828125,300,0.0,0.0
2009-02-17 00:00:00+09:00,940.21923828125,940.21923828125,940.21923828125,940.21923828125,400,0.0,0.0
2009-02-18 00:00:00+09:00,940.21923828125,940.21923828125,940.21923828125,940.21923828125,400,0.0,0.0
2009-02-19 00:00:00+09:00,959.9438410129677,966.518798828125,959.9438410129677,966.518798828125,300,0.0,0.0
2009-02-20 00:00:00+09:00,966.5187316069731,973.0936889648438,966.5187316069731,973.0936889648438,1100,0.0,0.0
2009-02-23 00:00:00+09:00,986.2436036805848,986.2436036805848,973.0936889648438,973.0936889648438,1300,0.0,0.0
2009-02-24 00:00:00+09:00,973.093887120077,973.093887120077,959.9439697265625,959.9439697265625,500,0.0,0.0
2009-02-25 00:00:00+09:00,959.9438810221354,986.2437133789062,959.9438810221354,986.2437133789062,800,0.0,0.0
2009-02-26 00:00:00+09:00,992.8186509874131,1012.5435248480902,992.8186509874131,1005.9685668945312,2400,0.0,0.0
2009-02-27 00:00:00+09:00,1012.5435457356771,1012.5435457356771,986.2437133789062,986.2437133789062,1000,0.0,0.0
2009-03-02 00:00:00+09:00,986.2437133789062,986.2437133789062,986.2437133789062,986.2437133789062,1000,0.0,0.0
2009-03-03 00:00:00+09:00,986.2437133789062,986.2437133789062,986.2437133789062,986.2437133789062,1000,0.0,0.0
2009-03-04 00:00:00+09:00,966.5186652881188,979.6685791015625,946.793794567953,979.6685791015625,600,0.0,0.0
2009-03-05 00:00:00+09:00,979.6685791015625,979.6685791015625,979.6685791015625,979.6685791015625,300,0.0,0.0
2009-03-06 00:00:00+09:00,979.6685791015625,979.6685791015625,979.6685791015625,979.6685791015625,300,0.0,0.0
2009-03-09 00:00:00+09:00,979.6685791015625,979.6685791015625,979.6685791015625,979.6685791015625,300,0.0,0.0
2009-03-10 00:00:00+09:00,979.6685456169976,979.6685456169976,946.7937622070312,946.7937622070312,200,0.0,0.0
2009-03-11 00:00:00+09:00,946.7937622070312,946.7937622070312,946.7937622070312,946.7937622070312,200,0.0,0.0
2009-03-12 00:00:00+09:00,946.7937622070312,946.7937622070312,946.7937622070312,946.7937622070312,200,0.0,0.0
2009-03-13 00:00:00+09:00,854.7443847656249,854.7443847656249,854.7443847656249,854.744384765625,300,0.0,0.0
2009-03-16 00:00:00+09:00,854.7443847656249,854.7443847656249,854.7443847656249,854.744384765625,300,0.0,0.0
2009-03-17 00:00:00+09:00,854.7443847656249,854.7443847656249,854.7443847656249,854.744384765625,200,0.0,0.0
2009-03-18 00:00:00+09:00,854.7445339626736,854.7445339626736,828.4447021484375,828.4447021484375,100,0.0,0.0
2009-03-19 00:00:00+09:00,828.4447021484375,828.4447021484375,828.4447021484375,828.4447021484375,100,0.0,0.0
2009-03-23 00:00:00+09:00,867.8943481445312,867.8943481445312,867.8943481445312,867.8943481445312,200,0.0,0.0
2009-03-24 00:00:00+09:00,907.3440551757814,907.3440551757814,907.3440551757814,907.3440551757812,500,0.0,0.0
2009-03-25 00:00:00+09:00,946.7939991918104,953.3689575195314,946.7939991918104,953.3689575195312,700,0.0,0.0
2009-03-26 00:00:00+09:00,927.0690307617186,927.0690307617186,927.0690307617186,927.0690307617188,700,0.0,0.0
2009-03-27 00:00:00+09:00,986.2437133789062,986.2437133789062,986.2437133789062,986.2437133789062,500,0.0,0.0
2009-03-30 00:00:00+09:00,887.6192785988391,933.6439819335936,887.6192785988391,933.6439819335938,300,0.0,0.0
2009-03-31 00:00:00+09:00,973.0936889648438,973.0936889648438,973.0936889648438,973.0936889648438,300,0.0,0.0
2009-04-01 00:00:00+09:00,973.0940368225524,973.0940368225524,940.21923828125,940.21923828125,100,0.0,0.0
2009-04-02 00:00:00+09:00,940.21923828125,940.21923828125,940.21923828125,940.21923828125,100,0.0,0.0
2009-04-03 00:00:00+09:00,940.21923828125,940.21923828125,940.21923828125,940.21923828125,100,0.0,0.0
2009-04-06 00:00:00+09:00,986.2436855540557,986.2436855540557,894.1942749023439,894.1942749023438,800,0.0,0.0
2009-04-07 00:00:00+09:00,894.1942749023439,894.1942749023439,894.1942749023439,894.1942749023438,200,0.0,0.0
2009-04-08 00:00:00+09:00,887.6192196932707,887.6192196932707,867.8943481445312,867.8943481445312,300,0.0,0.0
2009-04-09 00:00:00+09:00,867.8943481445312,867.8943481445312,867.8943481445312,867.8943481445312,200,0.0,0.0
2009-04-10 00:00:00+09:00,867.8943481445312,867.8943481445312,867.8943481445312,867.8943481445312,200,0.0,0.0
2009-04-13 00:00:00+09:00,835.0196180886369,854.7444909568724,808.7197875976561,808.7197875976562,1200,0.0,0.0
2009-04-14 00:00:00+09:00,808.7197811988093,815.2947387695312,808.7197811988093,815.2947387695312,300,0.0,0.0
2009-04-15 00:00:00+09:00,815.2948988065945,835.019775390625,802.1449810839075,835.019775390625,1000,0.0,0.0
2009-04-16 00:00:00+09:00,835.019775390625,835.019775390625,835.019775390625,835.019775390625,100,0.0,0.0
2009-04-17 00:00:00+09:00,854.7443847656249,854.7443847656249,854.7443847656249,854.744384765625,1500,0.0,0.0
2009-04-20 00:00:00+09:00,854.7443847656249,854.7443847656249,854.7443847656249,854.744384765625,1500,0.0,0.0
2009-04-21 00:00:00+09:00,867.8943481445312,867.8943481445312,867.8943481445312,867.8943481445312,700,0.0,0.0
2009-04-22 00:00:00+09:00,867.8943471439549,867.8943471439549,802.144775390625,802.144775390625,300,0.0,0.0
2009-04-23 00:00:00+09:00,802.1448236280872,815.2947387695312,788.9949084866432,815.2947387695312,700,0.0,0.0
2009-04-24 00:00:00+09:00,762.6950812088816,788.9949115953947,749.545166015625,749.545166015625,1200,0.0,0.0
2009-04-27 00:00:00+09:00,762.6951978600543,762.6951978600543,756.1202392578125,756.1202392578125,800,0.0,0.0
2009-04-28 00:00:00+09:00,756.1202392578125,756.1202392578125,756.1202392578125,756.1202392578125,200,0.0,0.0
2009-04-30 00:00:00+09:00,788.9949084866432,815.2947387695312,756.120120633033,815.2947387695312,1000,0.0,0.0
2009-05-01 00:00:00+09:00,795.5699462890625,795.5699462890625,795.5699462890625,795.5699462890625,100,0.0,0.0
2009-05-07 00:00:00+09:00,808.7197875976561,808.7197875976561,808.7197875976561,808.7197875976562,500,0.0,0.0
2009-05-08 00:00:00+09:00,795.5697687784831,808.7196823120117,788.9948120117188,788.9948120117188,1400,0.0,0.0
2009-05-11 00:00:00+09:00,756.1200335847229,782.4198608398438,756.1200335847229,782.4198608398438,500,0.0,0.0
2009-05-12 00:00:00+09:00,756.1202392578125,756.1202392578125,756.1202392578125,756.1202392578125,300,0.0,0.0
2009-05-13 00:00:00+09:00,788.9948120117188,788.9948120117188,788.9948120117188,788.9948120117188,800,0.0,0.0
2009-05-14 00:00:00+09:00,756.1202392578125,756.1202392578125,756.1202392578125,756.1202392578125,100,0.0,0.0
2009-05-15 00:00:00+09:00,756.1202318915006,762.6951904296875,749.5452733533136,762.6951904296875,400,0.0,0.0
2009-05-18 00:00:00+09:00,762.6949849446614,795.5697687784831,762.6949849446614,788.9948120117188,1500,0.0,0.0
2009-05-19 00:00:00+09:00,788.994817653624,788.994817653624,749.5450767709427,782.4198608398438,1100,0.0,0.0
2009-05-20 00:00:00+09:00,782.4198552449544,788.9948120117188,782.4198552449544,788.9948120117188,600,0.0,0.0
2009-05-21 00:00:00+09:00,808.7197811988093,815.2947387695312,808.7197811988093,815.2947387695312,1300,0.0,0.0
2009-05-22 00:00:00+09:00,815.2947387695312,815.2947387695312,815.2947387695312,815.2947387695312,200,0.0,0.0
2009-05-25 00:00:00+09:00,815.2947387695312,815.2947387695312,815.2947387695312,815.2947387695312,300,0.0,0.0
2009-05-26 00:00:00+09:00,815.2947387695312,815.2947387695312,815.2947387695312,815.2947387695312,300,0.0,0.0
2009-05-27 00:00:00+09:00,815.2947387695312,815.2947387695312,815.2947387695312,815.2947387695312,100,0.0,0.0
2009-05-28 00:00:00+09:00,815.2949504852295,841.5947875976562,815.2949504852295,841.5947875976562,200,0.0,0.0
2009-05-29 00:00:00+09:00,867.8944915061774,867.8944915061774,848.1696166992188,848.1696166992188,1100,0.0,0.0
2009-06-01 00:00:00+09:00,848.1696166992188,848.1696166992188,848.1696166992188,848.1696166992188,500,0.0,0.0
2009-06-02 00:00:00+09:00,848.1696166992188,848.1696166992188,848.1696166992188,848.1696166992188,200,0.0,0.0
2009-06-03 00:00:00+09:00,848.1693310546874,848.1693310546874,821.8695068359375,821.8695068359375,700,0.0,0.0
2009-06-04 00:00:00+09:00,821.8695958455403,821.8695958455403,788.9948120117188,788.9948120117188,1100,0.0,0.0
2009-06-05 00:00:00+09:00,788.9948120117188,788.9948120117188,788.9948120117188,788.9948120117188,1700,0.0,0.0
2009-06-08 00:00:00+09:00,788.9948120117188,795.5697687784831,788.9948120117188,788.9948120117188,2000,0.0,0.0
2009-06-09 00:00:00+09:00,788.9949880552685,795.5699462890625,775.8450715876808,795.5699462890625,1300,0.0,0.0
2009-06-10 00:00:00+09:00,788.994861039959,808.719732565958,788.994861039959,802.144775390625,1500,0.0,0.0
2009-06-11 00:00:00+09:00,802.144775390625,802.144775390625,802.144775390625,802.144775390625,100,0.0,0.0
2009-06-12 00:00:00+09:00,802.144775390625,802.144775390625,802.144775390625,802.144775390625,300,0.0,0.0
2009-06-15 00:00:00+09:00,802.1447255452474,802.1447255452474,788.9948120117188,788.9948120117188,1900,0.0,0.0
2009-06-16 00:00:00+09:00,782.4198608398438,788.994817653624,782.4198608398438,782.4198608398438,800,0.0,0.0
2009-06-17 00:00:00+09:00,782.4198552449544,788.9948120117188,782.4198552449544,788.9948120117188,200,0.0,0.0
2009-06-18 00:00:00+09:00,788.9949880552685,795.5699462890625,788.9949880552685,795.5699462890625,400,0.0,0.0
2009-06-19 00:00:00+09:00,795.5699462890625,795.5699462890625,795.5699462890625,795.5699462890625,300,0.0,0.0
2009-06-22 00:00:00+09:00,828.4446539109754,828.4446539109754,815.2947387695312,815.2947387695312,1200,0.0,0.0
2009-06-23 00:00:00+09:00,815.2947387695312,815.2947387695312,815.2947387695312,815.2947387695312,300,0.0,0.0
2009-06-24 00:00:00+09:00,828.444462890625,828.444462890625,821.8695068359375,821.8695068359375,800,0.0,0.0
2009-06-25 00:00:00+09:00,821.8695068359375,821.8695068359375,808.7195947265625,821.8695068359375,800,0.0,0.0
2009-06-26 00:00:00+09:00,821.8695068359375,821.8695068359375,821.8695068359375,821.8695068359375,700,0.0,0.0
2009-06-29 00:00:00+09:00,815.2947387695312,815.2947387695312,815.2947387695312,815.2947387695312,1200,0.0,0.0
2009-06-30 00:00:00+09:00,815.2947387695312,815.2947387695312,815.2947387695312,815.2947387695312,900,0.0,0.0
2009-07-01 00:00:00+09:00,815.29455078125,835.0194189453125,815.29455078125,821.8695068359375,2100,0.0,0.0
2009-07-02 00:00:00+09:00,821.8696007361779,854.7443847656249,821.8696007361779,854.744384765625,1200,0.0,0.0
2009-07-03 00:00:00+09:00,894.1942749023439,920.4941065171187,894.1942749023439,894.1942749023438,4900,0.0,0.0
2009-07-06 00:00:00+09:00,933.6438699684395,1005.9683951068398,933.6438699684395,992.8184814453125,3500,0.0,0.0
2009-07-07 00:00:00+09:00,1038.84353314568,1117.7430419921875,1038.84353314568,1117.7430419921875,5100,0.0,0.0
2009-07-08 00:00:00+09:00,920.4939408735795,1012.5433349609374,854.7443736683238,1012.5433349609375,4700,0.0,0.0
2009-07-09 00:00:00+09:00,1012.5433349609374,1012.5433349609374,1012.5433349609374,1012.5433349609375,4700,0.0,0.0
2009-07-10 00:00:00+09:00,1012.5434804064162,1012.5434804064162,920.494073096742,927.0690307617188,1100,0.0,0.0
2009-07-13 00:00:00+09:00,927.0690307617186,927.0690307617186,927.0690307617186,927.0690307617188,1100,0.0,0.0
2009-07-14 00:00:00+09:00,927.0692217145647,927.0692217145647,920.4942626953125,920.4942626953125,100,0.0,0.0
2009-07-15 00:00:00+09:00,920.4942626953125,920.4942626953125,920.4942626953125,920.4942626953125,300,0.0,0.0
2009-07-16 00:00:00+09:00,920.4942626953125,920.4942626953125,920.4942626953125,920.4942626953125,200,0.0,0.0
2009-07-17 00:00:00+09:00,920.4941658809267,953.3689575195314,920.4941658809267,953.3689575195312,100,0.0,0.0
2009-07-21 00:00:00+09:00,1038.8433428364415,1038.8433428364415,999.3935956401209,1019.1184692382812,1900,0.0,0.0
2009-07-22 00:00:00+09:00,1065.1431884765625,1065.1431884765625,1065.1431884765625,1065.1431884765625,1800,0.0,0.0
2009-07-23 00:00:00+09:00,1065.1431884765625,1065.1431884765625,1065.1431884765625,1065.1431884765625,1800,0.0,0.0
2009-07-24 00:00:00+09:00,1065.1431884765625,1065.1431884765625,1065.1431884765625,1065.1431884765625,1800,0.0,0.0
2009-07-27 00:00:00+09:00,1025.6932373046875,1025.6932373046875,1025.6932373046875,1025.6932373046875,1800,0.0,0.0
2009-07-28 00:00:00+09:00,1025.6937144886363,1025.6937144886363,940.21923828125,940.21923828125,800,0.0,0.0
2009-07-29 00:00:00+09:00,940.2190408640895,973.093832502694,940.2190408640895,953.3689575195312,300,0.0,0.0
2009-07-30 00:00:00+09:00,953.3690577915737,953.3690577915737,920.4942626953125,920.4942626953125,1000,0.0,0.0
2009-07-31 00:00:00+09:00,966.518798828125,966.518798828125,927.0690519371811,966.518798828125,400,0.0,0.0
2009-08-03 00:00:00+09:00,966.518798828125,966.518798828125,966.518798828125,966.518798828125,100,0.0,0.0
2009-08-04 00:00:00+09:00,966.5188741749731,966.5188741749731,953.3689575195314,953.3689575195312,400,0.0,0.0
2009-08-05 00:00:00+09:00,966.518798828125,966.518798828125,966.518798828125,966.518798828125,200,0.0,0.0
2009-08-06 00:00:00+09:00,966.518798828125,966.518798828125,966.518798828125,966.518798828125,200,0.0,0.0
2009-08-07 00:00:00+09:00,920.4942626953125,920.4942626953125,920.4942626953125,920.4942626953125,100,0.0,0.0
2009-08-10 00:00:00+09:00,927.0690307617186,927.0690307617186,927.0690307617186,927.0690307617188,200,0.0,0.0
2009-08-11 00:00:00+09:00,927.0690307617186,927.0690307617186,927.0690307617186,927.0690307617188,200,0.0,0.0
2009-08-12 00:00:00+09:00,861.3193969726561,861.3193969726561,861.3193969726561,861.3193969726562,100,0.0,0.0
2009-08-13 00:00:00+09:00,861.3193969726561,861.3193969726561,861.3193969726561,861.3193969726562,100,0.0,0.0
2009-08-14 00:00:00+09:00,861.3194789468807,900.7692260742188,861.3194789468807,900.7692260742188,100,0.0,0.0
2009-08-17 00:00:00+09:00,900.7692260742188,900.7692260742188,900.7692260742188,900.7692260742188,100,0.0,0.0
2009-08-18 00:00:00+09:00,887.6193237304688,887.6193237304688,887.6193237304688,887.6193237304688,200,0.0,0.0
2009-08-19 00:00:00+09:00,887.6193920534048,887.6193920534048,881.04443359375,881.04443359375,600,0.0,0.0
2009-08-20 00:00:00+09:00,894.1942682196624,907.3441839287751,894.1942682196624,900.7692260742188,900,0.0,0.0
2009-08-21 00:00:00+09:00,940.21923828125,940.21923828125,940.21923828125,940.21923828125,800,0.0,0.0
2009-08-24 00:00:00+09:00,940.21923828125,940.21923828125,940.21923828125,940.21923828125,400,0.0,0.0
2009-08-25 00:00:00+09:00,953.3689229329427,1045.4183361816406,953.3689229329427,986.2437133789062,700,0.0,0.0
2009-08-26 00:00:00+09:00,999.3936295572917,999.3936295572917,986.2437133789062,986.2437133789062,500,0.0,0.0
2009-08-27 00:00:00+09:00,973.0936889648438,973.0936889648438,973.0936889648438,973.0936889648438,300,0.0,0.0
2009-08-28 00:00:00+09:00,966.518798828125,966.518798828125,966.518798828125,966.518798828125,400,0.0,0.0
2009-08-31 00:00:00+09:00,1012.5435457356771,1012.5435457356771,986.2437133789062,986.2437133789062,700,0.0,0.0
2009-09-02 00:00:00+09:00,986.2437133789062,986.2437133789062,986.2437133789062,986.2437133789062,300,0.0,0.0
2009-09-03 00:00:00+09:00,966.518770029847,966.518770029847,933.6439819335936,933.6439819335938,900,0.0,0.0
2009-09-04 00:00:00+09:00,933.6439819335936,933.6439819335936,933.6439819335936,933.6439819335938,900,0.0,0.0
2009-09-07 00:00:00+09:00,979.6686463227143,979.6686463227143,973.0936889648438,973.0936889648438,600,0.0,0.0
2009-09-08 00:00:00+09:00,973.0936889648438,973.0936889648438,973.0936889648438,973.0936889648438,300,0.0,0.0
2009-09-09 00:00:00+09:00,973.0936889648438,973.0936889648438,973.0936889648438,973.0936889648438,300,0.0,0.0
2009-09-10 00:00:00+09:00,973.0936889648438,973.0936889648438,973.0936889648438,973.0936889648438,300,0.0,0.0
2009-09-11 00:00:00+09:00,973.0936889648438,973.0936889648438,973.0936889648438,973.0936889648438,300,0.0,0.0
2009-09-14 00:00:00+09:00,973.0936889648438,973.0936889648438,973.0936889648438,973.0936889648438,400,0.0,0.0
2009-09-15 00:00:00+09:00,973.0936889648438,973.0936889648438,973.0936889648438,973.0936889648438,400,0.0,0.0
2009-09-16 00:00:00+09:00,973.0936889648438,973.0936889648438,973.0936889648438,973.0936889648438,400,0.0,0.0
2009-09-17 00:00:00+09:00,907.3441907097313,907.3441907097313,894.1942749023439,894.1942749023438,600,0.0,0.0
2009-09-18 00:00:00+09:00,894.1942749023439,894.1942749023439,894.1942749023439,894.1942749023438,100,0.0,0.0
2009-09-21 00:00:00+09:00,894.1942749023439,894.1942749023439,894.1942749023439,894.1942749023438,0,0.0,0.0
2009-09-24 00:00:00+09:00,933.6439819335936,933.6439819335936,933.6439819335936,933.6439819335938,600,0.0,0.0
2009-09-25 00:00:00+09:00,933.6439819335936,933.6439819335936,933.6439819335936,933.6439819335938,600,0.0,0.0
2009-09-28 00:00:00+09:00,933.6439819335936,933.6439819335936,933.6439819335936,933.6439819335938,600,0.0,0.0
2009-09-29 00:00:00+09:00,933.6442785729895,940.21923828125,933.6442785729895,940.21923828125,100,0.0,0.0
2009-09-30 00:00:00+09:00,940.21923828125,940.21923828125,940.21923828125,940.21923828125,300,0.0,0.0
2009-10-01 00:00:00+09:00,940.21923828125,940.21923828125,940.21923828125,940.21923828125,300,0.0,0.0
2009-10-02 00:00:00+09:00,940.21923828125,940.21923828125,940.21923828125,940.21923828125,300,0.0,0.0
2009-10-05 00:00:00+09:00,940.21923828125,940.21923828125,940.21923828125,940.21923828125,300,0.0,0.0
2009-10-06 00:00:00+09:00,940.21923828125,940.21923828125,940.21923828125,940.21923828125,300,0.0,0.0
2009-10-07 00:00:00+09:00,940.21923828125,940.21923828125,940.21923828125,940.21923828125,300,0.0,0.0
2009-10-08 00:00:00+09:00,874.4692551832932,874.4692551832932,841.5944711538461,854.744384765625,600,0.0,0.0
2009-10-09 00:00:00+09:00,854.7443847656249,854.7443847656249,854.7443847656249,854.744384765625,600,0.0,0.0
2009-10-13 00:00:00+09:00,854.7443847656249,854.7443847656249,854.7443847656249,854.744384765625,600,0.0,0.0
2009-10-14 00:00:00+09:00,835.019775390625,835.019775390625,835.019775390625,835.019775390625,100,0.0,0.0
2009-10-15 00:00:00+09:00,835.019775390625,835.019775390625,835.019775390625,835.019775390625,100,0.0,0.0
2009-10-16 00:00:00+09:00,835.019775390625,835.019775390625,835.019775390625,835.019775390625,100,0.0,0.0
2009-10-19 00:00:00+09:00,835.019775390625,835.019775390625,835.019775390625,835.019775390625,100,0.0,0.0
2009-10-20 00:00:00+09:00,835.0195622299657,867.8943481445312,835.0195622299657,867.8943481445312,100,0.0,0.0
2009-10-21 00:00:00+09:00,907.3440551757814,907.3440551757814,907.3440551757814,907.3440551757812,600,0.0,0.0
2009-10-22 00:00:00+09:00,907.3440551757814,907.3440551757814,907.3440551757814,907.3440551757812,600,0.0,0.0
2009-10-23 00:00:00+09:00,907.3440551757814,907.3440551757814,907.3440551757814,907.3440551757812,600,0.0,0.0
2009-10-26 00:00:00+09:00,815.2947941004672,815.2947941004672,696.9455497955607,703.5205078125,4600,0.0,0.0
2009-10-27 00:00:00+09:00,710.0952515728707,742.9700317382814,710.0952515728707,742.9700317382812,1200,0.0,0.0
2009-10-28 00:00:00+09:00,736.3953318552927,736.3953318552927,723.2454152150196,729.8203735351562,300,0.0,0.0
2009-10-29 00:00:00+09:00,736.3950757051991,742.9700317382814,716.6702076059528,742.9700317382812,500,0.0,0.0
2009-10-30 00:00:00+09:00,716.6704785382306,742.970312613028,710.0955200195312,710.0955200195312,1100,0.0,0.0
2009-11-02 00:00:00+09:00,716.6704936477373,716.6704936477373,696.9456176757812,696.9456176757812,600,0.0,0.0
2009-11-04 00:00:00+09:00,696.9456176757812,696.9456176757812,696.9456176757812,696.9456176757812,600,0.0,0.0
2009-11-05 00:00:00+09:00,677.2207223643427,677.2207223643427,604.8961791992188,604.8961791992188,1200,0.0,0.0
2009-11-06 00:00:00+09:00,664.0707397460938,664.0707397460938,664.0707397460938,664.0707397460938,200,0.0,0.0
2009-11-09 00:00:00+09:00,670.6456613442332,670.6456613442332,637.7708740234375,637.7708740234375,300,0.0,0.0
2009-11-10 00:00:00+09:00,637.7708740234375,637.7708740234375,637.7708740234375,637.7708740234375,300,0.0,0.0
2009-11-11 00:00:00+09:00,637.7710037231445,637.7710037231445,631.196044921875,631.196044921875,300,0.0,0.0
2009-11-12 00:00:00+09:00,631.196044921875,631.196044921875,631.196044921875,631.196044921875,200,0.0,0.0
2009-11-13 00:00:00+09:00,631.196044921875,631.196044921875,631.196044921875,631.196044921875,200,0.0,0.0
2009-11-16 00:00:00+09:00,650.9208374023438,650.9208374023438,650.9208374023438,650.9208374023438,300,0.0,0.0
2009-11-17 00:00:00+09:00,650.9208374023438,650.9208374023438,650.9208374023438,650.9208374023438,700,0.0,0.0
2009-11-18 00:00:00+09:00,650.9208374023438,650.9208374023438,650.9208374023438,650.9208374023438,700,0.0,0.0
2009-11-19 00:00:00+09:00,624.6210327148438,624.6210327148438,624.6210327148438,624.6210327148438,300,0.0,0.0
2009-11-20 00:00:00+09:00,657.4957953559027,657.4957953559027,650.9208374023438,650.9208374023438,200,0.0,0.0
2009-11-24 00:00:00+09:00,677.2206420898438,677.2206420898438,677.2206420898438,677.2206420898438,900,0.0,0.0
2009-11-25 00:00:00+09:00,677.2206420898438,677.2206420898438,677.2206420898438,677.2206420898438,900,0.0,0.0
2009-11-26 00:00:00+09:00,611.4711685180664,631.196044921875,611.4711685180664,631.196044921875,500,0.0,0.0
2009-11-27 00:00:00+09:00,631.1958795362904,631.1958795362904,598.3210941437752,611.4710083007812,300,0.0,0.0
2009-11-30 00:00:00+09:00,637.7708740234375,637.7708740234375,637.7708740234375,637.7708740234375,500,0.0,0.0
2009-12-01 00:00:00+09:00,637.7708740234375,637.7708740234375,637.7708740234375,637.7708740234375,200,0.0,0.0
2009-12-02 00:00:00+09:00,637.7708740234375,637.7708740234375,637.7708740234375,637.7708740234375,200,0.0,0.0
2009-12-03 00:00:00+09:00,637.7709467961238,683.795654296875,637.7709467961238,683.795654296875,600,0.0,0.0
2009-12-04 00:00:00+09:00,716.6703808792238,808.7197875976561,716.6703808792238,808.7197875976562,2200,0.0,0.0
2009-12-07 00:00:00+09:00,775.8449040260635,788.994817653624,742.9701199571625,782.4198608398438,2200,0.0,0.0
2009-12-08 00:00:00+09:00,815.2946439302884,854.7443847656249,815.2946439302884,854.744384765625,2500,0.0,0.0
2009-12-09 00:00:00+09:00,894.1942749023439,894.1942749023439,848.1695695764879,894.1942749023438,4000,0.0,0.0
2009-12-10 00:00:00+09:00,848.1694351454912,848.1694351454912,775.8449096679688,775.8449096679688,500,0.0,0.0
2009-12-11 00:00:00+09:00,775.8449096679688,775.8449096679688,775.8449096679688,775.8449096679688,100,0.0,0.0
2009-12-14 00:00:00+09:00,742.9702901754293,742.9702901754293,729.8203735351562,729.8203735351562,600,0.0,0.0
2009-12-15 00:00:00+09:00,729.8203735351562,729.8203735351562,729.8203735351562,729.8203735351562,600,0.0,0.0
2009-12-16 00:00:00+09:00,729.8203735351562,729.8203735351562,729.8203735351562,729.8203735351562,600,0.0,0.0
2009-12-17 00:00:00+09:00,729.8203735351562,729.8203735351562,729.8203735351562,729.8203735351562,600,0.0,0.0
2009-12-18 00:00:00+09:00,723.2452495158219,782.4198608398438,723.2452495158219,782.4198608398438,300,0.0,0.0
2009-12-21 00:00:00+09:00,815.2947452204014,815.2947452204014,808.7197875976561,808.7197875976562,800,0.0,0.0
2009-12-22 00:00:00+09:00,742.9702829633441,742.9702829633441,736.3953247070312,736.3953247070312,300,0.0,0.0
2009-12-24 00:00:00+09:00,729.8203735351562,729.8203735351562,729.8203735351562,729.8203735351562,100,0.0,0.0
2009-12-25 00:00:00+09:00,729.8204109623747,729.8204109623747,696.9456176757812,696.9456176757812,100,0.0,0.0
2009-12-28 00:00:00+09:00,696.9454177716456,716.6702880859375,696.9454177716456,716.6702880859375,200,0.0,0.0
2009-12-29 00:00:00+09:00,716.6702880859375,716.6702880859375,716.6702880859375,716.6702880859375,100,0.0,0.0
2009-12-30 00:00:00+09:00,742.9701146443684,788.9948120117188,742.9701146443684,788.9948120117188,500,0.0,0.0
2010-01-04 00:00:00+09:00,802.1449045228565,802.1449045228565,795.5699462890625,795.5699462890625,200,0.0,0.0
2010-01-05 00:00:00+09:00,828.4447021484375,828.4447021484375,828.4447021484375,828.4447021484375,300,0.0,0.0
2010-01-06 00:00:00+09:00,828.4447021484375,828.4447021484375,828.4447021484375,828.4447021484375,300,0.0,0.0
2010-01-07 00:00:00+09:00,828.4445526123046,828.4445526123046,788.9948120117188,788.9948120117188,300,0.0,0.0
2010-01-08 00:00:00+09:00,769.2700805664062,769.2700805664062,769.2700805664062,769.2700805664062,400,0.0,0.0
2010-01-12 00:00:00+09:00,769.2700805664062,769.2700805664062,769.2700805664062,769.2700805664062,100,0.0,0.0
2010-01-13 00:00:00+09:00,769.2700805664062,769.2700805664062,769.2700805664062,769.2700805664062,100,0.0,0.0
2010-01-14 00:00:00+09:00,769.2700805664062,769.2700805664062,769.2700805664062,769.2700805664062,100,0.0,0.0
2010-01-15 00:00:00+09:00,769.2700805664062,769.2700805664062,769.2700805664062,769.2700805664062,100,0.0,0.0
2010-01-18 00:00:00+09:00,769.2700805664062,769.2700805664062,769.2700805664062,769.2700805664062,2000,0.0,0.0
2010-01-19 00:00:00+09:00,769.2700805664062,769.2700805664062,769.2700805664062,769.2700805664062,2000,0.0,0.0
2010-01-20 00:00:00+09:00,775.8449096679688,775.8449096679688,769.2699528063758,775.8449096679688,400,0.0,0.0
2010-01-21 00:00:00+09:00,788.9949544270833,788.9949544270833,769.2700805664062,769.2700805664062,800,0.0,0.0
2010-01-22 00:00:00+09:00,769.2700805664062,769.2700805664062,769.2700805664062,769.2700805664062,800,0.0,0.0
2010-01-25 00:00:00+09:00,769.2700805664062,769.2700805664062,769.2700805664062,769.2700805664062,800,0.0,0.0
2010-01-26 00:00:00+09:00,769.2700805664062,769.2700805664062,769.2700805664062,769.2700805664062,800,0.0,0.0
2010-01-27 00:00:00+09:00,769.2701159885952,769.2701159885952,736.3953247070312,736.3953247070312,200,0.0,0.0
2010-01-28 00:00:00+09:00,736.3950757051991,742.9700317382814,736.3950757051991,742.9700317382812,500,0.0,0.0
2010-01-29 00:00:00+09:00,742.9700317382814,742.9700317382814,742.9700317382814,742.9700317382812,400,0.0,0.0
2010-02-01 00:00:00+09:00,742.9700317382814,742.9700317382814,742.9700317382814,742.9700317382812,400,0.0,0.0
2010-02-02 00:00:00+09:00,710.0955200195312,710.0955200195312,710.0955200195312,710.0955200195312,100,0.0,0.0
2010-02-03 00:00:00+09:00,696.9456176757812,696.9456176757812,696.9456176757812,696.9456176757812,100,0.0,0.0
2010-02-04 00:00:00+09:00,696.9455819344735,729.8203735351562,696.9455819344735,729.8203735351562,200,0.0,0.0
2010-02-05 00:00:00+09:00,762.6951904296875,762.6951904296875,762.6951904296875,762.6951904296875,400,0.0,0.0
2010-02-08 00:00:00+09:00,710.0955200195312,710.0955200195312,710.0955200195312,710.0955200195312,100,0.0,0.0
2010-02-09 00:00:00+09:00,710.0955200195312,710.0955200195312,710.0955200195312,710.0955200195312,100,0.0,0.0
2010-02-10 00:00:00+09:00,710.0955200195312,710.0955200195312,710.0955200195312,710.0955200195312,100,0.0,0.0
2010-02-12 00:00:00+09:00,710.0955200195312,710.0955200195312,710.0955200195312,710.0955200195312,100,0.0,0.0
2010-02-15 00:00:00+09:00,710.0952515728707,742.9700317382814,710.0952515728707,742.9700317382812,100,0.0,0.0
2010-02-16 00:00:00+09:00,742.9700317382814,742.9700317382814,742.9700317382814,742.9700317382812,100,0.0,0.0
2010-02-17 00:00:00+09:00,742.9700317382814,742.9700317382814,742.9700317382814,742.9700317382812,100,0.0,0.0
2010-02-18 00:00:00+09:00,729.820303611385,729.820303611385,677.2206420898438,677.2206420898438,500,0.0,0.0
2010-02-19 00:00:00+09:00,683.7956473214285,690.3706054687499,683.7956473214285,690.37060546875,200,0.0,0.0
2010-02-22 00:00:00+09:00,710.0954456676137,723.245361328125,710.0954456676137,723.245361328125,700,0.0,0.0
2010-02-23 00:00:00+09:00,723.245361328125,723.245361328125,723.245361328125,723.245361328125,700,0.0,0.0
2010-02-24 00:00:00+09:00,690.370612511268,690.370612511268,683.795654296875,683.795654296875,200,0.0,0.0
2010-02-25 00:00:00+09:00,683.7955042287844,716.6702880859375,683.7955042287844,716.6702880859375,200,0.0,0.0
2010-02-26 00:00:00+09:00,723.245361328125,723.245361328125,723.245361328125,723.245361328125,400,0.0,0.0
2010-03-01 00:00:00+09:00,723.2454081944057,736.3953247070312,723.2454081944057,736.3953247070312,300,0.0,0.0
2010-03-02 00:00:00+09:00,736.3953247070312,736.3953247070312,736.3953247070312,736.3953247070312,300,0.0,0.0
2010-03-03 00:00:00+09:00,736.3953247070312,736.3953247070312,736.3953247070312,736.3953247070312,300,0.0,0.0
2010-03-04 00:00:00+09:00,736.3950757051991,742.9700317382814,736.3950757051991,742.9700317382812,200,0.0,0.0
2010-03-05 00:00:00+09:00,742.9700317382814,742.9700317382814,742.9700317382814,742.9700317382812,300,0.0,0.0
2010-03-08 00:00:00+09:00,742.9700317382814,742.9700317382814,742.9700317382814,742.9700317382812,300,0.0,0.0
2010-03-09 00:00:00+09:00,723.245361328125,723.245361328125,723.245361328125,723.245361328125,100,0.0,0.0
2010-03-10 00:00:00+09:00,710.0954658294391,710.0954658294391,703.5205078125,703.5205078125,300,0.0,0.0
2010-03-11 00:00:00+09:00,703.5205078125,703.5205078125,703.5205078125,703.5205078125,300,0.0,0.0
2010-03-12 00:00:00+09:00,690.3706169128418,736.3953247070312,690.3706169128418,736.3953247070312,700,0.0,0.0
2010-03-15 00:00:00+09:00,749.545166015625,749.545166015625,749.545166015625,749.545166015625,100,0.0,0.0
2010-03-16 00:00:00+09:00,749.5452412196569,749.5452412196569,736.3953247070312,736.3953247070312,100,0.0,0.0
2010-03-17 00:00:00+09:00,749.545166015625,749.545166015625,749.545166015625,749.545166015625,300,0.0,0.0
2010-03-18 00:00:00+09:00,716.6704499380929,736.3953247070312,716.6704499380929,736.3953247070312,300,0.0,0.0
2010-03-19 00:00:00+09:00,749.5449877713635,749.5449877713635,742.9700317382814,742.9700317382812,200,0.0,0.0
2010-03-23 00:00:00+09:00,775.8449096679688,775.8449096679688,775.8449096679688,775.8449096679688,700,0.0,0.0
2010-03-24 00:00:00+09:00,775.8449096679688,775.8449096679688,775.8449096679688,775.8449096679688,700,0.0,0.0
2010-03-25 00:00:00+09:00,775.8448990288131,775.8448990288131,716.6702880859375,716.6702880859375,800,0.0,0.0
2010-03-26 00:00:00+09:00,710.0954985747466,729.8203735351562,710.0954985747466,729.8203735351562,400,0.0,0.0
2010-03-29 00:00:00+09:00,736.3953247070312,736.3953247070312,736.3953247070312,736.3953247070312,400,0.0,0.0
2010-03-30 00:00:00+09:00,736.3953247070312,736.3953247070312,736.3953247070312,736.3953247070312,100,0.0,0.0
2010-03-31 00:00:00+09:00,762.6951226128472,769.2700805664062,762.6951226128472,769.2700805664062,1700,0.0,0.0
2010-04-01 00:00:00+09:00,769.2700805664062,769.2700805664062,769.2700805664062,769.2700805664062,1700,0.0,0.0
2010-04-02 00:00:00+09:00,756.1202318915006,762.6951904296875,749.5452733533136,762.6951904296875,500,0.0,0.0
2010-04-05 00:00:00+09:00,762.6951226128472,769.2700805664062,762.6951226128472,769.2700805664062,500,0.0,0.0
2010-04-06 00:00:00+09:00,769.2700805664062,769.2700805664062,769.2700805664062,769.2700805664062,500,0.0,0.0
2010-04-07 00:00:00+09:00,769.2701159885952,769.2701159885952,736.3953247070312,736.3953247070312,200,0.0,0.0
2010-04-08 00:00:00+09:00,736.3953318552927,736.3953318552927,729.8203735351562,729.8203735351562,100,0.0,0.0
2010-04-09 00:00:00+09:00,729.8203664507186,736.3953247070312,729.8203664507186,736.3953247070312,300,0.0,0.0
2010-04-12 00:00:00+09:00,736.3953247070312,736.3953247070312,736.3953247070312,736.3953247070312,300,0.0,0.0
2010-04-13 00:00:00+09:00,736.3953247070312,736.3953247070312,736.3953247070312,736.3953247070312,300,0.0,0.0
2010-04-14 00:00:00+09:00,736.3953247070312,736.3953247070312,736.3953247070312,736.3953247070312,300,0.0,0.0
2010-04-15 00:00:00+09:00,736.3953247070312,736.3953247070312,736.3953247070312,736.3953247070312,300,0.0,0.0
2010-04-16 00:00:00+09:00,736.3953247070312,736.3953247070312,736.3953247070312,736.3953247070312,300,0.0,0.0
2010-04-19 00:00:00+09:00,736.3953247070312,736.3953247070312,729.8203664507186,736.3953247070312,900,0.0,0.0
2010-04-20 00:00:00+09:00,762.6951904296875,762.6951904296875,762.6951904296875,762.6951904296875,200,0.0,0.0
2010-04-21 00:00:00+09:00,762.6951904296875,762.6951904296875,762.6951904296875,762.6951904296875,700,0.0,0.0
2010-04-22 00:00:00+09:00,762.6951904296875,762.6951904296875,762.6951904296875,762.6951904296875,700,0.0,0.0
2010-04-23 00:00:00+09:00,729.8203735351562,729.8203735351562,729.8203735351562,729.8203735351562,1300,0.0,0.0
2010-04-26 00:00:00+09:00,723.245361328125,723.245361328125,723.245361328125,723.245361328125,200,0.0,0.0
2010-04-27 00:00:00+09:00,729.8203735351562,729.8203735351562,729.8203735351562,729.8203735351562,100,0.0,0.0
2010-04-28 00:00:00+09:00,729.8202932257401,749.545166015625,729.8202932257401,749.545166015625,300,0.0,0.0
2010-04-30 00:00:00+09:00,756.1201236122532,762.6950812088816,749.545166015625,749.545166015625,900,0.0,0.0
2010-05-06 00:00:00+09:00,769.2700805664062,769.2700805664062,769.2700805664062,769.2700805664062,300,0.0,0.0
2010-05-07 00:00:00+09:00,769.2700805664062,769.2700805664062,769.2700805664062,769.2700805664062,300,0.0,0.0
2010-05-10 00:00:00+09:00,769.2700805664062,769.2700805664062,769.2700805664062,769.2700805664062,300,0.0,0.0
2010-05-11 00:00:00+09:00,769.2700805664062,769.2700805664062,769.2700805664062,769.2700805664062,300,0.0,0.0
2010-05-12 00:00:00+09:00,769.2701466878254,769.2701466878254,710.0955200195312,710.0955200195312,100,0.0,0.0
2010-05-13 00:00:00+09:00,710.0954456676137,723.245361328125,710.0954456676137,723.245361328125,200,0.0,0.0
2010-05-14 00:00:00+09:00,723.245361328125,723.245361328125,723.245361328125,723.245361328125,200,0.0,0.0
2010-05-17 00:00:00+09:00,723.245361328125,723.245361328125,723.245361328125,723.245361328125,200,0.0,0.0
2010-05-18 00:00:00+09:00,723.245361328125,723.245361328125,723.245361328125,723.245361328125,200,0.0,0.0
2010-05-19 00:00:00+09:00,723.2453962053571,723.2453962053571,690.3706054687499,690.37060546875,100,0.0,0.0
2010-05-20 00:00:00+09:00,690.3706590184626,696.9456176757812,690.3706590184626,696.9456176757812,300,0.0,0.0
2010-05-21 00:00:00+09:00,729.8203543526785,729.8203543526785,690.3706054687499,690.37060546875,800,0.0,0.0
2010-05-24 00:00:00+09:00,631.1959635416666,650.9208374023438,631.1959635416666,650.9208374023438,1300,0.0,0.0
2010-05-25 00:00:00+09:00,650.9208656712583,650.9208656712583,624.6210327148438,624.6210327148438,300,0.0,0.0
2010-05-26 00:00:00+09:00,624.6210327148438,624.6210327148438,624.6210327148438,624.6210327148438,300,0.0,0.0
2010-05-27 00:00:00+09:00,624.6210327148438,624.6210327148438,624.6210327148438,624.6210327148438,300,0.0,0.0
2010-05-28 00:00:00+09:00,650.9208374023438,650.9208374023438,650.9208374023438,650.9208374023438,300,0.0,0.0
2010-05-31 00:00:00+09:00,657.4956665039062,657.4956665039062,657.4956665039062,657.4956665039062,500,0.0,0.0
2010-06-01 00:00:00+09:00,657.4956665039062,657.4956665039062,657.4956665039062,657.4956665039062,100,0.0,0.0
2010-06-02 00:00:00+09:00,637.7708740234375,637.7708740234375,637.7708740234375,637.7708740234375,200,0.0,0.0
2010-06-03 00:00:00+09:00,637.7707965087891,657.4956665039062,637.7707965087891,657.4956665039062,100,0.0,0.0
2010-06-04 00:00:00+09:00,657.4957690192657,677.2206420898438,657.4957690192657,677.2206420898438,200,0.0,0.0
2010-06-07 00:00:00+09:00,677.2206420898438,677.2206420898438,677.2206420898438,677.2206420898438,600,0.0,0.0
2010-06-08 00:00:00+09:00,677.2206420898438,677.2206420898438,677.2206420898438,677.2206420898438,600,0.0,0.0
2010-06-09 00:00:00+09:00,677.2206420898438,677.2206420898438,677.2206420898438,677.2206420898438,600,0.0,0.0
2010-06-10 00:00:00+09:00,677.2206420898438,677.2206420898438,677.2206420898438,677.2206420898438,600,0.0,0.0
2010-06-11 00:00:00+09:00,677.2206420898438,677.2206420898438,677.2206420898438,677.2206420898438,600,0.0,0.0
2010-06-14 00:00:00+09:00,677.2206420898438,677.2206420898438,677.2206420898438,677.2206420898438,600,0.0,0.0
2010-06-15 00:00:00+09:00,677.2206420898438,677.2206420898438,677.2206420898438,677.2206420898438,600,0.0,0.0
2010-06-16 00:00:00+09:00,677.220675744743,703.5205078125,677.220675744743,703.5205078125,300,0.0,0.0
2010-06-17 00:00:00+09:00,703.5205078125,703.5205078125,703.5205078125,703.5205078125,300,0.0,0.0
2010-06-18 00:00:00+09:00,696.9454177716456,716.6702880859375,696.9454177716456,716.6702880859375,400,0.0,0.0
2010-06-21 00:00:00+09:00,736.3953247070312,736.3953247070312,736.3953247070312,736.3953247070312,800,0.0,0.0
2010-06-22 00:00:00+09:00,736.3952978971962,736.3952978971962,703.5205078125,703.5205078125,200,0.0,0.0
2010-06-23 00:00:00+09:00,703.5205437155331,703.5205437155331,664.0707936006435,670.645751953125,2900,0.0,0.0
2010-06-24 00:00:00+09:00,670.645751953125,670.645751953125,670.645751953125,670.645751953125,2900,0.0,0.0
2010-06-25 00:00:00+09:00,670.645751953125,670.645751953125,670.645751953125,670.645751953125,2900,0.0,0.0
2010-06-28 00:00:00+09:00,657.4957819268254,664.0707397460938,657.4957819268254,664.0707397460938,300,0.0,0.0
2010-06-29 00:00:00+09:00,650.9207098388672,657.4956665039062,650.9207098388672,657.4956665039062,500,0.0,0.0
2010-06-30 00:00:00+09:00,670.645751953125,670.645751953125,670.645751953125,670.645751953125,400,0.0,0.0
2010-07-01 00:00:00+09:00,670.6455902099609,788.9948120117188,670.6455902099609,788.9948120117188,2300,0.0,0.0
2010-07-02 00:00:00+09:00,782.4198665295617,782.4198665295617,742.970125360004,775.8449096679688,900,0.0,0.0
2010-07-05 00:00:00+09:00,808.7195920691026,815.2945481021848,742.9700317382814,742.9700317382812,8400,0.0,0.0
2010-07-06 00:00:00+09:00,742.9700317382814,742.9700317382814,742.9700317382814,742.9700317382812,300,0.0,0.0
2010-07-07 00:00:00+09:00,742.9700317382814,742.9700317382814,742.9700317382814,742.9700317382812,300,0.0,0.0
2010-07-08 00:00:00+09:00,742.9700317382814,742.9700317382814,742.9700317382814,742.9700317382812,300,0.0,0.0
2010-07-09 00:00:00+09:00,742.9700317382814,742.9700317382814,742.9700317382814,742.9700317382812,300,0.0,0.0
2010-07-12 00:00:00+09:00,742.9702348188921,742.9702348188921,723.245361328125,723.245361328125,200,0.0,0.0
2010-07-13 00:00:00+09:00,723.245361328125,723.245361328125,723.245361328125,723.245361328125,100,0.0,0.0
2010-07-14 00:00:00+09:00,723.245361328125,723.245361328125,723.245361328125,723.245361328125,100,0.0,0.0
2010-07-15 00:00:00+09:00,723.245361328125,723.245361328125,723.245361328125,723.245361328125,100,0.0,0.0
2010-07-16 00:00:00+09:00,723.245361328125,723.245361328125,723.245361328125,723.245361328125,100,0.0,0.0
2010-07-21 00:00:00+09:00,782.4198608398438,782.4198608398438,782.4198608398438,782.4198608398438,2300,0.0,0.0
2010-07-22 00:00:00+09:00,782.4198608398438,782.4198608398438,782.4198608398438,782.4198608398438,2300,0.0,0.0
2010-07-23 00:00:00+09:00,723.245361328125,723.245361328125,723.245361328125,723.245361328125,100,0.0,0.0
2010-07-26 00:00:00+09:00,723.245361328125,723.245361328125,723.245361328125,723.245361328125,100,0.0,0.0
2010-07-27 00:00:00+09:00,723.24543705693,723.24543705693,710.0955200195312,710.0955200195312,100,0.0,0.0
2010-07-28 00:00:00+09:00,710.0955200195312,710.0955200195312,710.0955200195312,710.0955200195312,100,0.0,0.0
2010-07-29 00:00:00+09:00,710.0952515728707,742.9700317382814,710.0952515728707,742.9700317382812,100,0.0,0.0
2010-07-30 00:00:00+09:00,775.8451215636056,775.8451215636056,696.9456176757812,696.9456176757812,1800,0.0,0.0
2010-08-02 00:00:00+09:00,696.9456176757812,696.9456176757812,696.9456176757812,696.9456176757812,1800,0.0,0.0
2010-08-03 00:00:00+09:00,696.9456176757812,696.9456176757812,696.9456176757812,696.9456176757812,1800,0.0,0.0
2010-08-04 00:00:00+09:00,696.9456176757812,696.9456176757812,696.9456176757812,696.9456176757812,100,0.0,0.0
2010-08-05 00:00:00+09:00,729.8203735351562,729.8203735351562,729.8203735351562,729.8203735351562,300,0.0,0.0
2010-08-06 00:00:00+09:00,729.8203735351562,729.8203735351562,729.8203735351562,729.8203735351562,300,0.0,0.0
2010-08-09 00:00:00+09:00,729.8203735351562,729.8203735351562,729.8203735351562,729.8203735351562,300,0.0,0.0
2010-08-10 00:00:00+09:00,729.8203617976262,729.8203617976262,683.795654296875,683.795654296875,400,0.0,0.0
2010-08-11 00:00:00+09:00,683.795654296875,683.795654296875,683.795654296875,683.795654296875,400,0.0,0.0
2010-08-12 00:00:00+09:00,683.795654296875,683.795654296875,683.795654296875,683.795654296875,400,0.0,0.0
2010-08-13 00:00:00+09:00,683.795654296875,683.795654296875,683.795654296875,683.795654296875,400,0.0,0.0
2010-08-16 00:00:00+09:00,664.0707397460938,664.0707397460938,664.0707397460938,664.0707397460938,100,0.0,0.0
2010-08-17 00:00:00+09:00,664.0707397460938,664.0707397460938,664.0707397460938,664.0707397460938,100,0.0,0.0
2010-08-18 00:00:00+09:00,664.0707397460938,664.0707397460938,664.0707397460938,664.0707397460938,100,0.0,0.0
2010-08-19 00:00:00+09:00,664.0708243891878,696.9456176757812,664.0708243891878,696.9456176757812,300,0.0,0.0
2010-08-20 00:00:00+09:00,710.0955200195312,710.0955200195312,710.0955200195312,710.0955200195312,100,0.0,0.0
2010-08-23 00:00:00+09:00,736.395363451087,756.1202392578125,736.395363451087,756.1202392578125,1500,0.0,0.0
2010-08-24 00:00:00+09:00,756.1202392578125,756.1202392578125,756.1202392578125,756.1202392578125,1500,0.0,0.0
2010-08-25 00:00:00+09:00,756.1200287145211,756.1200287145211,716.6702880859375,716.6702880859375,1500,0.0,0.0
2010-08-26 00:00:00+09:00,716.6702880859375,716.6702880859375,716.6702880859375,716.6702880859375,1500,0.0,0.0
2010-08-27 00:00:00+09:00,716.6702880859375,716.6702880859375,716.6702880859375,716.6702880859375,1500,0.0,0.0
2010-08-30 00:00:00+09:00,716.6704034978693,723.245361328125,716.6704034978693,723.245361328125,200,0.0,0.0
2010-08-31 00:00:00+09:00,742.9700317382814,742.9700317382814,742.9700317382814,742.9700317382812,300,0.0,0.0
2010-09-01 00:00:00+09:00,742.9700317382814,742.9700317382814,742.9700317382814,742.9700317382812,300,0.0,0.0
2010-09-02 00:00:00+09:00,742.9700317382814,742.9700317382814,742.9700317382814,742.9700317382812,300,0.0,0.0
2010-09-03 00:00:00+09:00,742.9700317382814,742.9700317382814,742.9700317382814,742.9700317382812,300,0.0,0.0
2010-09-06 00:00:00+09:00,756.1202392578125,756.1202392578125,756.1202392578125,756.1202392578125,300,0.0,0.0
2010-09-07 00:00:00+09:00,756.1202392578125,756.1202392578125,756.1202392578125,756.1202392578125,300,0.0,0.0
2010-09-08 00:00:00+09:00,690.3706054687499,690.3706054687499,690.3706054687499,690.37060546875,400,0.0,0.0
2010-09-09 00:00:00+09:00,664.0707821494655,664.0707821494655,624.6210327148438,624.6210327148438,400,0.0,0.0
2010-09-10 00:00:00+09:00,624.6210327148438,624.6210327148438,624.6210327148438,624.6210327148438,400,0.0,0.0
2010-09-13 00:00:00+09:00,631.1959165592783,650.9207889517558,631.1959165592783,637.7708740234375,400,0.0,0.0
2010-09-14 00:00:00+09:00,637.7708740234375,637.7708740234375,637.7708740234375,637.7708740234375,400,0.0,0.0
2010-09-16 00:00:00+09:00,670.645751953125,670.645751953125,670.645751953125,670.645751953125,100,0.0,0.0
2010-09-17 00:00:00+09:00,710.0954456676137,723.245361328125,710.0954456676137,723.245361328125,100,0.0,0.0
2010-09-21 00:00:00+09:00,756.1202392578125,756.1202392578125,756.1202392578125,756.1202392578125,700,0.0,0.0
2010-09-22 00:00:00+09:00,756.1202392578125,756.1202392578125,756.1202392578125,756.1202392578125,700,0.0,0.0
2010-09-24 00:00:00+09:00,756.1202392578125,756.1202392578125,756.1202392578125,756.1202392578125,700,0.0,0.0
2010-09-27 00:00:00+09:00,756.1202392578125,756.1202392578125,756.1202392578125,756.1202392578125,700,0.0,0.0
2010-09-28 00:00:00+09:00,690.3706054687499,690.3706054687499,690.3706054687499,690.37060546875,300,0.0,0.0
2010-09-29 00:00:00+09:00,690.3706054687499,690.3706054687499,690.3706054687499,690.37060546875,300,0.0,0.0
2010-09-30 00:00:00+09:00,690.3706054687499,690.3706054687499,690.3706054687499,690.37060546875,400,0.0,0.0
2010-10-01 00:00:00+09:00,690.3706054687499,690.3706054687499,690.3706054687499,690.37060546875,400,0.0,0.0
2010-10-04 00:00:00+09:00,690.3706054687499,690.3706054687499,690.3706054687499,690.37060546875,100,0.0,0.0
2010-10-05 00:00:00+09:00,690.3706054687499,690.3706054687499,690.3706054687499,690.37060546875,300,0.0,0.0
2010-10-06 00:00:00+09:00,657.4956665039062,657.4956665039062,657.4956665039062,657.4956665039062,100,0.0,0.0
2010-10-07 00:00:00+09:00,657.4956665039062,657.4956665039062,657.4956665039062,657.4956665039062,100,0.0,0.0
2010-10-08 00:00:00+09:00,657.4956665039062,657.4956665039062,657.4956665039062,657.4956665039062,100,0.0,0.0
2010-10-12 00:00:00+09:00,657.4956665039062,657.4956665039062,657.4956665039062,657.4956665039062,100,0.0,0.0
2010-10-13 00:00:00+09:00,657.4956665039062,657.4956665039062,657.4956665039062,657.4956665039062,100,0.0,0.0
2010-10-14 00:00:00+09:00,657.4956665039062,657.4956665039062,657.4956665039062,657.4956665039062,100,0.0,0.0
2010-10-15 00:00:00+09:00,644.3458314875966,644.3458314875966,637.7708740234375,637.7708740234375,300,0.0,0.0
2010-10-18 00:00:00+09:00,637.7708740234375,637.7708740234375,637.7708740234375,637.7708740234375,300,0.0,0.0
2010-10-19 00:00:00+09:00,637.7708740234375,637.7708740234375,637.7708740234375,637.7708740234375,300,0.0,0.0
2010-10-20 00:00:00+09:00,670.6457818478955,670.6457818478955,631.1960299744899,644.345947265625,1100,0.0,0.0
2010-10-21 00:00:00+09:00,644.345947265625,644.345947265625,644.345947265625,644.345947265625,800,0.0,0.0
2010-10-22 00:00:00+09:00,644.345947265625,644.345947265625,644.345947265625,644.345947265625,800,0.0,0.0
2010-10-25 00:00:00+09:00,644.345947265625,644.345947265625,644.345947265625,644.345947265625,800,0.0,0.0
2010-10-26 00:00:00+09:00,644.345947265625,644.345947265625,644.345947265625,644.345947265625,800,0.0,0.0
2010-10-27 00:00:00+09:00,644.345947265625,644.345947265625,644.345947265625,644.345947265625,800,0.0,0.0
2010-10-28 00:00:00+09:00,644.3458314875966,644.3458314875966,637.7708740234375,637.7708740234375,100,0.0,0.0
2010-10-29 00:00:00+09:00,644.345947265625,644.345947265625,637.7709886200574,644.345947265625,300,0.0,0.0
2010-11-01 00:00:00+09:00,644.345947265625,644.345947265625,644.345947265625,644.345947265625,300,0.0,0.0
2010-11-02 00:00:00+09:00,644.3457875353225,644.3457875353225,618.0459594726562,618.0459594726562,100,0.0,0.0
2010-11-04 00:00:00+09:00,618.0460016309601,637.7708740234375,618.0460016309601,637.7708740234375,100,0.0,0.0
2010-11-05 00:00:00+09:00,637.7708366147933,637.7708366147933,611.4710083007812,611.4710083007812,1100,0.0,0.0
2010-11-08 00:00:00+09:00,611.4710083007812,611.4710083007812,611.4710083007812,611.4710083007812,100,0.0,0.0
2010-11-09 00:00:00+09:00,611.4710083007812,611.4710083007812,611.4710083007812,611.4710083007812,100,0.0,0.0
2010-11-10 00:00:00+09:00,604.8962344898897,604.8962344898897,558.8715209960938,558.8715209960938,3100,0.0,0.0
2010-11-11 00:00:00+09:00,558.8715209960938,558.8715209960938,558.8715209960938,558.8715209960938,500,0.0,0.0
2010-11-12 00:00:00+09:00,558.8714332580566,558.8714332580566,512.846726989746,525.9966430664062,1300,0.0,0.0
2010-11-15 00:00:00+09:00,519.4215753017328,519.4215753017328,512.8466186523438,512.8466186523438,700,0.0,0.0
2010-11-16 00:00:00+09:00,506.2716674804687,506.2716674804687,506.2716674804687,506.27166748046875,200,0.0,0.0
2010-11-17 00:00:00+09:00,493.1219402112459,506.27185861687906,493.1219402112459,499.6968994140625,1500,0.0,0.0
2010-11-18 00:00:00+09:00,519.4218139648438,525.9967736352849,519.4218139648438,519.4218139648438,1100,0.0,0.0
2010-11-19 00:00:00+09:00,525.9967736352849,532.571733305726,519.4218139648438,519.4218139648438,800,0.0,0.0
2010-11-22 00:00:00+09:00,539.146692976167,539.146692976167,519.4218139648438,519.4218139648438,1400,0.0,0.0
2010-11-24 00:00:00+09:00,506.27189462396166,519.4218139648438,499.6969349535206,519.4218139648438,800,0.0,0.0
2010-11-25 00:00:00+09:00,519.4216783311632,532.5715942382812,519.4216783311632,532.5715942382812,100,0.0,0.0
2010-11-26 00:00:00+09:00,532.5716334751673,552.2965087890625,532.5716334751673,552.2965087890625,1000,0.0,0.0
2010-11-29 00:00:00+09:00,552.2965619255514,558.8715209960938,552.2965619255514,558.8715209960938,600,0.0,0.0
2010-11-30 00:00:00+09:00,558.8715209960938,558.8715209960938,558.8715209960938,558.8715209960938,900,0.0,0.0
2010-12-01 00:00:00+09:00,545.7215503510974,552.2965087890625,545.7215503510974,552.2965087890625,700,0.0,0.0
2010-12-02 00:00:00+09:00,565.4463256835937,591.7461547851562,565.4463256835937,591.7461547851562,1100,0.0,0.0
2010-12-03 00:00:00+09:00,618.0460535922897,703.5205078125,618.0460535922897,703.5205078125,3600,0.0,0.0
2010-12-06 00:00:00+09:00,723.245360119508,723.245360119508,657.4957819268254,664.0707397460938,8100,0.0,0.0
2010-12-07 00:00:00+09:00,644.3457875353225,644.3457875353225,618.0459594726562,618.0459594726562,500,0.0,0.0
2010-12-08 00:00:00+09:00,637.7709601907169,670.645751953125,624.6210434857537,670.645751953125,500,0.0,0.0
2010-12-09 00:00:00+09:00,637.7708740234375,637.7708740234375,637.7708740234375,637.7708740234375,200,0.0,0.0
2010-12-10 00:00:00+09:00,624.6209411621094,624.6209411621094,591.7461547851562,591.7461547851562,6000,0.0,0.0
2010-12-13 00:00:00+09:00,591.7462622601053,604.8961791992188,591.7462622601053,604.8961791992188,400,0.0,0.0
2010-12-14 00:00:00+09:00,604.8961791992188,604.8961791992188,598.3212207296621,604.8961791992188,400,0.0,0.0
2010-12-15 00:00:00+09:00,611.4711451268457,611.4711451268457,598.3212280273438,598.3212280273438,800,0.0,0.0
2010-12-16 00:00:00+09:00,598.3211120605469,598.3211120605469,591.7461547851562,591.7461547851562,300,0.0,0.0
2010-12-17 00:00:00+09:00,591.7461547851562,591.7461547851562,591.7461547851562,591.7461547851562,300,0.0,0.0
2010-12-20 00:00:00+09:00,598.3210884256566,618.0459594726562,591.7461314099901,618.0459594726562,600,0.0,0.0
2010-12-21 00:00:00+09:00,611.4710266113282,611.4710266113282,578.596240234375,591.7461547851562,2200,0.0,0.0
2010-12-22 00:00:00+09:00,578.5962524414062,578.5962524414062,578.5962524414062,578.5962524414062,300,0.0,0.0
2010-12-24 00:00:00+09:00,565.446480066636,572.0214391371783,552.2965619255514,558.8715209960938,1800,0.0,0.0
2010-12-27 00:00:00+09:00,552.2965087890625,552.2965087890625,552.2965087890625,552.2965087890625,600,0.0,0.0
2010-12-28 00:00:00+09:00,552.2965087890625,552.2965087890625,552.2965087890625,552.2965087890625,600,0.0,0.0
2010-12-29 00:00:00+09:00,552.2964227849786,578.5962524414062,552.2964227849786,578.5962524414062,200,0.0,0.0
2010-12-30 00:00:00+09:00,578.5962524414062,578.5962524414062,578.5962524414062,578.5962524414062,400,0.0,0.0
2011-01-04 00:00:00+09:00,598.3212207296621,604.8961791992188,598.3212207296621,604.8961791992188,300,0.0,0.0
2011-01-05 00:00:00+09:00,604.8961791992188,604.8961791992188,604.8961791992188,604.8961791992188,300,0.0,0.0
2011-01-06 00:00:00+09:00,604.8961791992188,604.8961791992188,604.8961791992188,604.8961791992188,300,0.0,0.0
2011-01-07 00:00:00+09:00,604.8960820978338,604.8960820978338,572.0212950272993,578.5962524414062,1300,0.0,0.0
2011-01-11 00:00:00+09:00,578.596240234375,591.7461547851562,578.596240234375,591.7461547851562,600,0.0,0.0
2011-01-12 00:00:00+09:00,591.7461547851562,591.7461547851562,585.1711975097656,591.7461547851562,400,0.0,0.0
2011-01-13 00:00:00+09:00,591.7462226781952,591.7462226781952,585.1712646484375,585.1712646484375,400,0.0,0.0
2011-01-14 00:00:00+09:00,591.7462226781952,591.7462226781952,585.1712646484375,585.1712646484375,300,0.0,0.0
2011-01-17 00:00:00+09:00,585.1713109278417,598.3212280273438,585.1713109278417,598.3212280273438,200,0.0,0.0
2011-01-18 00:00:00+09:00,591.7461672696201,591.7461672696201,578.5962524414062,578.5962524414062,600,0.0,0.0
2011-01-19 00:00:00+09:00,578.5962524414062,578.5962524414062,578.5962524414062,578.5962524414062,600,0.0,0.0
2011-01-20 00:00:00+09:00,591.7462226781952,591.7462226781952,585.1712646484375,585.1712646484375,600,0.0,0.0
2011-01-21 00:00:00+09:00,591.7461803347566,591.7461803347566,558.8713925383812,565.4463500976562,2200,0.0,0.0
2011-01-24 00:00:00+09:00,565.446480066636,565.446480066636,558.8715209960938,558.8715209960938,700,0.0,0.0
2011-01-25 00:00:00+09:00,565.4462834500719,572.021240234375,558.8713266657687,572.021240234375,200,0.0,0.0
2011-01-26 00:00:00+09:00,572.021240234375,572.021240234375,572.021240234375,572.021240234375,200,0.0,0.0
2011-01-27 00:00:00+09:00,572.021240234375,572.021240234375,572.021240234375,572.021240234375,200,0.0,0.0
2011-01-28 00:00:00+09:00,552.2963698814655,572.021240234375,552.2963698814655,572.021240234375,900,0.0,0.0
2011-01-31 00:00:00+09:00,591.7461547851562,591.7461547851562,591.7461547851562,591.7461547851562,500,0.0,0.0
2011-02-01 00:00:00+09:00,591.7461547851562,591.7461547851562,591.7461547851562,591.7461547851562,500,0.0,0.0
2011-02-02 00:00:00+09:00,591.7461547851562,591.7461547851562,591.7461547851562,591.7461547851562,500,0.0,0.0
2011-02-03 00:00:00+09:00,591.7461547851562,591.7461547851562,591.7461547851562,591.7461547851562,500,0.0,0.0
2011-02-04 00:00:00+09:00,578.5963066186798,585.1712646484375,578.5963066186798,585.1712646484375,300,0.0,0.0
2011-02-07 00:00:00+09:00,591.7461547851562,591.7461547851562,591.7461547851562,591.7461547851562,500,0.0,0.0
2011-02-08 00:00:00+09:00,591.7461547851562,591.7461547851562,591.7461547851562,591.7461547851562,500,0.0,0.0
2011-02-09 00:00:00+09:00,591.7461803347566,591.7461803347566,565.4463500976562,565.4463500976562,900,0.0,0.0
2011-02-10 00:00:00+09:00,565.4462834500719,572.021240234375,565.4462834500719,572.021240234375,300,0.0,0.0
2011-02-14 00:00:00+09:00,565.4463500976562,565.4463500976562,565.4463500976562,565.4463500976562,400,0.0,0.0
2011-02-15 00:00:00+09:00,565.446480066636,572.0214391371783,558.8715209960938,558.8715209960938,600,0.0,0.0
2011-02-16 00:00:00+09:00,558.8715209960938,558.8715209960938,558.8715209960938,558.8715209960938,1200,0.0,0.0
2011-02-17 00:00:00+09:00,558.8713925383812,565.4463500976562,558.8713925383812,565.4463500976562,300,0.0,0.0
2011-02-18 00:00:00+09:00,572.021240234375,572.021240234375,572.021240234375,572.021240234375,200,0.0,0.0
2011-02-21 00:00:00+09:00,585.1713572782628,585.1713572782628,558.8715209960938,558.8715209960938,900,0.0,0.0
2011-02-22 00:00:00+09:00,558.8715209960938,558.8715209960938,558.8715209960938,558.8715209960938,900,0.0,0.0
2011-02-23 00:00:00+09:00,558.8715209960938,558.8715209960938,558.8715209960938,558.8715209960938,900,0.0,0.0
2011-02-24 00:00:00+09:00,558.8715209960938,558.8715209960938,558.8715209960938,558.8715209960938,300,0.0,0.0
2011-02-25 00:00:00+09:00,552.2965619255514,558.8715209960938,552.2965619255514,558.8715209960938,200,0.0,0.0
2011-02-28 00:00:00+09:00,585.1712646484375,585.1712646484375,585.1712646484375,585.1712646484375,400,0.0,0.0
2011-03-01 00:00:00+09:00,585.1712646484375,585.1712646484375,585.1712646484375,585.1712646484375,400,0.0,0.0
2011-03-02 00:00:00+09:00,552.2963698814655,572.021240234375,552.2963698814655,572.021240234375,300,0.0,0.0
2011-03-03 00:00:00+09:00,572.021240234375,572.021240234375,572.021240234375,572.021240234375,300,0.0,0.0
2011-03-04 00:00:00+09:00,578.5963982077205,578.5963982077205,558.8715209960938,558.8715209960938,400,0.0,0.0
2011-03-07 00:00:00+09:00,558.8715209960938,565.446480066636,558.8715209960938,558.8715209960938,600,0.0,0.0
2011-03-08 00:00:00+09:00,565.4463500976562,565.4463500976562,565.4463500976562,565.4463500976562,100,0.0,0.0
2011-03-09 00:00:00+09:00,565.4463500976562,565.4463500976562,565.4463500976562,565.4463500976562,100,0.0,0.0
2011-03-10 00:00:00+09:00,565.4463500976562,565.4463500976562,565.4463500976562,565.4463500976562,100,0.0,0.0
2011-03-11 00:00:00+09:00,565.446480066636,585.1713572782628,525.9967256433823,558.8715209960938,2400,0.0,0.0
2011-03-14 00:00:00+09:00,493.1218214437995,499.69677906305014,433.94720287054355,466.8219909667969,600,0.0,0.0
2011-03-15 00:00:00+09:00,466.821933218149,466.821933218149,414.22227877103364,427.3721923828125,1400,0.0,0.0
2011-03-16 00:00:00+09:00,466.82201116225303,466.82201116225303,361.62268470315377,447.0971374511719,800,0.0,0.0
2011-03-17 00:00:00+09:00,460.24713134765625,460.24713134765625,460.24713134765625,460.24713134765625,800,0.0,0.0
2011-03-18 00:00:00+09:00,460.2469845094543,460.2469845094543,453.6720275878907,453.6720275878906,600,0.0,0.0
2011-03-22 00:00:00+09:00,493.1217588227371,591.7461105872845,473.39688846982756,572.021240234375,3300,0.0,0.0
2011-03-23 00:00:00+09:00,578.5963523780906,618.0461036765968,578.5963523780906,598.3212280273438,3100,0.0,0.0
2011-03-24 00:00:00+09:00,618.0460535922897,710.0954658294391,618.0460535922897,703.5205078125,3700,0.0,0.0
2011-03-25 00:00:00+09:00,703.5203841904462,788.9948233911547,703.5203841904462,775.8449096679688,3500,0.0,0.0
2011-03-28 00:00:00+09:00,756.1202068157024,756.1202068157024,723.2454152150196,729.8203735351562,900,0.0,0.0
2011-03-29 00:00:00+09:00,723.245361328125,788.9949396306819,723.245361328125,723.245361328125,500,0.0,0.0
2011-03-30 00:00:00+09:00,723.2454462466033,769.2701564622962,723.2454462466033,756.1202392578125,1800,0.0,0.0
2011-03-31 00:00:00+09:00,775.8449964021381,788.9949115953947,749.545166015625,749.545166015625,1700,0.0,0.0
2011-04-01 00:00:00+09:00,723.245361328125,723.245361328125,723.245361328125,723.245361328125,100,0.0,0.0
2011-04-04 00:00:00+09:00,775.8449096679688,782.4198665295617,775.8449096679688,775.8449096679688,700,0.0,0.0
2011-04-05 00:00:00+09:00,729.8202016287987,729.8202016287987,716.6702880859375,716.6702880859375,500,0.0,0.0
2011-04-06 00:00:00+09:00,723.2452448573681,723.2452448573681,716.6702880859375,716.6702880859375,700,0.0,0.0
2011-04-07 00:00:00+09:00,723.245361328125,723.245361328125,723.245361328125,723.245361328125,100,0.0,0.0
2011-04-08 00:00:00+09:00,710.0955221241918,762.6951904296875,664.070812356883,762.6951904296875,500,0.0,0.0
2011-04-11 00:00:00+09:00,736.3953696196934,736.3953696196934,696.9456176757812,696.9456176757812,600,0.0,0.0
2011-04-12 00:00:00+09:00,677.2207417038252,736.3953696196934,677.2207417038252,696.9456176757812,1000,0.0,0.0
2011-04-13 00:00:00+09:00,690.3706590184626,696.9456176757812,690.3706590184626,696.9456176757812,300,0.0,0.0
2011-04-14 00:00:00+09:00,696.9456029821325,710.0955200195312,696.9456029821325,710.0955200195312,900,0.0,0.0
2011-04-15 00:00:00+09:00,723.2453818633177,723.2453818633177,703.5205078125,703.5205078125,1300,0.0,0.0
2011-04-18 00:00:00+09:00,710.095430540807,710.095430540807,677.2206420898438,677.2206420898438,700,0.0,0.0
2011-04-19 00:00:00+09:00,696.9455636160714,696.9455636160714,690.3706054687499,690.37060546875,600,0.0,0.0
2011-04-20 00:00:00+09:00,696.9455300071023,723.245361328125,696.9455300071023,723.245361328125,1300,0.0,0.0
2011-04-21 00:00:00+09:00,729.8202932257401,749.545166015625,729.8202932257401,749.545166015625,1000,0.0,0.0
2011-04-22 00:00:00+09:00,742.9700317382814,742.9700317382814,742.9700317382814,742.9700317382812,100,0.0,0.0
2011-04-25 00:00:00+09:00,696.9455497955607,703.5205078125,696.9455497955607,703.5205078125,500,0.0,0.0
2011-04-26 00:00:00+09:00,723.245361328125,723.245361328125,723.245361328125,723.245361328125,100,0.0,0.0
2011-04-27 00:00:00+09:00,703.5205763330999,703.5205763330999,677.2207417038252,696.9456176757812,500,0.0,0.0
2011-04-28 00:00:00+09:00,723.245361328125,723.245361328125,723.245361328125,723.245361328125,400,0.0,0.0
2011-05-02 00:00:00+09:00,716.6702880859375,716.6702880859375,716.6702880859375,716.6702880859375,200,0.0,0.0
2011-05-06 00:00:00+09:00,723.2453459211923,723.2453459211923,677.2206420898438,677.2206420898438,1000,0.0,0.0
2011-05-09 00:00:00+09:00,690.3706590184626,703.5205763330999,683.7957003611439,696.9456176757812,1500,0.0,0.0
2011-05-10 00:00:00+09:00,723.2453962053571,723.2453962053571,677.2206891741071,690.37060546875,1200,0.0,0.0
2011-05-11 00:00:00+09:00,716.6704785382306,736.3953540943287,710.0955200195312,710.0955200195312,1400,0.0,0.0
2011-05-12 00:00:00+09:00,710.0955349904186,710.0955349904186,683.7957003611439,696.9456176757812,1000,0.0,0.0
2011-05-13 00:00:00+09:00,690.3705574702291,690.3705574702291,677.2206420898438,677.2206420898438,1000,0.0,0.0
2011-05-16 00:00:00+09:00,677.2206420898438,677.2206420898438,677.2206420898438,677.2206420898438,1000,0.0,0.0
2011-05-17 00:00:00+09:00,677.2207565307617,677.2207565307617,624.6210861206055,631.196044921875,1500,0.0,0.0
2011-05-18 00:00:00+09:00,618.0459594726562,618.0459594726562,618.0459594726562,618.0459594726562,100,0.0,0.0
2011-05-19 00:00:00+09:00,637.7709214952257,650.9208374023438,637.7709214952257,650.9208374023438,200,0.0,0.0
2011-05-20 00:00:00+09:00,670.645684399651,677.2206420898438,670.645684399651,677.2206420898438,300,0.0,0.0
2011-05-23 00:00:00+09:00,677.2206420898438,677.2206420898438,677.2206420898438,677.2206420898438,700,0.0,0.0
2011-05-24 00:00:00+09:00,677.2206420898438,677.2206420898438,677.2206420898438,677.2206420898438,700,0.0,0.0
2011-05-25 00:00:00+09:00,670.645751953125,670.645751953125,670.645751953125,670.645751953125,500,0.0,0.0
2011-05-26 00:00:00+09:00,670.645751953125,670.645751953125,670.645751953125,670.645751953125,500,0.0,0.0
2011-05-27 00:00:00+09:00,670.645751953125,670.645751953125,670.645751953125,670.645751953125,500,0.0,0.0
2011-05-30 00:00:00+09:00,664.0707796536959,683.795654296875,664.0707796536959,683.795654296875,200,0.0,0.0
2011-05-31 00:00:00+09:00,683.795654296875,683.795654296875,683.795654296875,683.795654296875,300,0.0,0.0
2011-06-01 00:00:00+09:00,683.795654296875,683.795654296875,683.795654296875,683.795654296875,300,0.0,0.0
2011-06-02 00:00:00+09:00,631.1960018382354,670.645751953125,631.1960018382354,670.645751953125,200,0.0,0.0
2011-06-03 00:00:00+09:00,670.645751953125,670.645751953125,670.645751953125,670.645751953125,200,0.0,0.0
2011-06-06 00:00:00+09:00,703.5205078125,703.5205078125,703.5205078125,703.5205078125,300,0.0,0.0
2011-06-07 00:00:00+09:00,703.5205010308159,703.5205010308159,650.9208374023438,650.9208374023438,100,0.0,0.0
2011-06-08 00:00:00+09:00,650.9209059111927,650.9209059111927,644.345947265625,644.345947265625,200,0.0,0.0
2011-06-09 00:00:00+09:00,644.345947265625,644.345947265625,644.345947265625,644.345947265625,200,0.0,0.0
2011-06-10 00:00:00+09:00,637.7708740234375,637.7708740234375,637.7708740234375,637.7708740234375,400,0.0,0.0
2011-06-13 00:00:00+09:00,637.7710037231445,637.7710037231445,631.196044921875,631.196044921875,200,0.0,0.0
2011-06-14 00:00:00+09:00,631.1959165592783,637.7708740234375,631.1959165592783,637.7708740234375,100,0.0,0.0
2011-06-15 00:00:00+09:00,650.9208113290731,677.2206420898438,650.9208113290731,677.2206420898438,1500,0.0,0.0
2011-06-16 00:00:00+09:00,677.2206420898438,677.2206420898438,677.2206420898438,677.2206420898438,300,0.0,0.0
2011-06-17 00:00:00+09:00,677.2206553846302,677.2206553846302,664.0707397460938,664.0707397460938,500,0.0,0.0
2011-06-20 00:00:00+09:00,696.9455497955607,710.0954658294391,696.9455497955607,703.5205078125,1400,0.0,0.0
2011-06-21 00:00:00+09:00,723.245361328125,723.245361328125,723.245361328125,723.245361328125,700,0.0,0.0
2011-06-22 00:00:00+09:00,723.245361328125,723.245361328125,723.245361328125,723.245361328125,700,0.0,0.0
2011-06-23 00:00:00+09:00,723.2454081944057,736.3953247070312,723.2454081944057,736.3953247070312,1000,0.0,0.0
2011-06-24 00:00:00+09:00,710.0955200195312,710.0955200195312,710.0955200195312,710.0955200195312,100,0.0,0.0
2011-06-27 00:00:00+09:00,710.0955200195312,710.0955200195312,710.0955200195312,710.0955200195312,100,0.0,0.0
2011-06-28 00:00:00+09:00,736.3950757051991,742.9700317382814,736.3950757051991,742.9700317382812,1100,0.0,0.0
2011-06-29 00:00:00+09:00,749.5452806555707,756.1202392578125,742.9703220533288,756.1202392578125,1800,0.0,0.0
2011-06-30 00:00:00+09:00,762.6951978600543,762.6951978600543,742.9703220533288,756.1202392578125,2600,0.0,0.0
2011-07-01 00:00:00+09:00,756.1202392578125,756.1202392578125,749.5452806555707,756.1202392578125,500,0.0,0.0
2011-07-04 00:00:00+09:00,756.1200281778971,788.9948120117188,756.1200281778971,788.9948120117188,1700,0.0,0.0
2011-07-05 00:00:00+09:00,756.1201994759697,756.1201994759697,729.8203664507186,736.3953247070312,1500,0.0,0.0
2011-07-06 00:00:00+09:00,729.8203664507186,736.3953247070312,729.8203664507186,736.3953247070312,200,0.0,0.0
2011-07-07 00:00:00+09:00,736.3953247070312,736.3953247070312,736.3953247070312,736.3953247070312,200,0.0,0.0
2011-07-08 00:00:00+09:00,736.3952769886364,736.3952769886364,723.245361328125,723.245361328125,300,0.0,0.0
2011-07-11 00:00:00+09:00,723.245361328125,723.245361328125,723.245361328125,723.245361328125,300,0.0,0.0
2011-07-12 00:00:00+09:00,723.24543705693,723.24543705693,710.0955200195312,710.0955200195312,400,0.0,0.0
2011-07-13 00:00:00+09:00,710.0955200195312,710.0955200195312,710.0955200195312,710.0955200195312,300,0.0,0.0
2011-07-14 00:00:00+09:00,703.5204728506144,703.5204728506144,677.2206420898438,677.2206420898438,1300,0.0,0.0
2011-07-15 00:00:00+09:00,677.2206420898438,677.2206420898438,677.2206420898438,677.2206420898438,1300,0.0,0.0
2011-07-19 00:00:00+09:00,664.0707936006435,670.645751953125,664.0707936006435,670.645751953125,500,0.0,0.0
2011-07-20 00:00:00+09:00,690.3705917786215,710.0954658294391,690.3705917786215,703.5205078125,700,0.0,0.0
2011-07-21 00:00:00+09:00,670.6457378680889,683.795654296875,670.6457378680889,683.795654296875,1300,0.0,0.0
2011-07-22 00:00:00+09:00,683.795654296875,683.795654296875,683.795654296875,683.795654296875,1300,0.0,0.0
2011-07-25 00:00:00+09:00,670.6455798339844,670.6455798339844,657.4956665039062,657.4956665039062,400,0.0,0.0
2011-07-26 00:00:00+09:00,657.4958352481618,670.645751953125,657.4958352481618,670.645751953125,300,0.0,0.0
2011-07-27 00:00:00+09:00,670.645751953125,670.645751953125,670.645751953125,670.645751953125,300,0.0,0.0
2011-07-28 00:00:00+09:00,657.4956665039062,664.0706231689453,644.3457531738281,657.4956665039062,1400,0.0,0.0
2011-07-29 00:00:00+09:00,670.6457112630208,670.6457112630208,650.9208374023438,650.9208374023438,600,0.0,0.0
2011-08-01 00:00:00+09:00,650.9207889517558,650.9207889517558,631.1959165592783,637.7708740234375,700,0.0,0.0
2011-08-02 00:00:00+09:00,637.7708740234375,637.7708740234375,637.7708740234375,637.7708740234375,200,0.0,0.0
2011-08-03 00:00:00+09:00,650.9208656712583,650.9208656712583,624.6210327148438,624.6210327148438,800,0.0,0.0
2011-08-04 00:00:00+09:00,624.6210713289222,644.345947265625,624.6210713289222,644.345947265625,100,0.0,0.0
2011-08-05 00:00:00+09:00,618.0460961383321,618.0460961383321,598.3212207296621,604.8961791992188,1100,0.0,0.0
2011-08-08 00:00:00+09:00,598.3211246837269,598.3211246837269,578.5962524414062,578.5962524414062,500,0.0,0.0
2011-08-09 00:00:00+09:00,572.0213841029575,572.0213841029575,552.2965087890625,552.2965087890625,1000,0.0,0.0
2011-08-10 00:00:00+09:00,591.7461547851562,591.7461547851562,591.7461547851562,591.7461547851562,700,0.0,0.0
2011-08-11 00:00:00+09:00,591.7462415193257,624.6210327148438,591.7462415193257,624.6210327148438,100,0.0,0.0
2011-08-12 00:00:00+09:00,624.6210327148438,624.6210327148438,624.6210327148438,624.6210327148438,100,0.0,0.0
2011-08-15 00:00:00+09:00,591.7461547851562,591.7461547851562,591.7461547851562,591.7461547851562,100,0.0,0.0
2011-08-16 00:00:00+09:00,591.7461547851562,591.7461547851562,591.7461547851562,591.7461547851562,100,0.0,0.0
2011-08-17 00:00:00+09:00,591.7461370652721,611.4710083007812,591.7461370652721,611.4710083007812,100,0.0,0.0
2011-08-18 00:00:00+09:00,611.4710083007812,611.4710083007812,611.4710083007812,611.4710083007812,100,0.0,0.0
2011-08-19 00:00:00+09:00,611.4711451268457,611.4711451268457,598.3212280273438,598.3212280273438,200,0.0,0.0
2011-08-22 00:00:00+09:00,624.6210327148438,624.6210327148438,624.6210327148438,624.6210327148438,800,0.0,0.0
2011-08-23 00:00:00+09:00,624.6210327148438,624.6210327148438,624.6210327148438,624.6210327148438,800,0.0,0.0
2011-08-24 00:00:00+09:00,591.7461547851562,591.7461547851562,591.7461547851562,591.7461547851562,400,0.0,0.0
2011-08-25 00:00:00+09:00,591.7463163488051,591.7463163488051,558.8715209960938,558.8715209960938,700,0.0,0.0
2011-08-26 00:00:00+09:00,558.8714325294067,585.1712646484375,558.8714325294067,585.1712646484375,200,0.0,0.0
2011-08-29 00:00:00+09:00,585.1711538029813,585.1711538029813,572.021240234375,572.021240234375,200,0.0,0.0
2011-08-30 00:00:00+09:00,591.7462622601053,604.8961791992188,591.7462622601053,604.8961791992188,200,0.0,0.0
2011-08-31 00:00:00+09:00,604.8960512222782,611.4710083007812,604.8960512222782,611.4710083007812,400,0.0,0.0
2011-09-01 00:00:00+09:00,611.4710083007812,611.4710083007812,611.4710083007812,611.4710083007812,400,0.0,0.0
2011-09-02 00:00:00+09:00,611.4710083007812,611.4710083007812,611.4710083007812,611.4710083007812,100,0.0,0.0
2011-09-05 00:00:00+09:00,631.1960299744899,644.345947265625,631.1960299744899,644.345947265625,400,0.0,0.0
2011-09-06 00:00:00+09:00,637.7709886200574,644.345947265625,637.7709886200574,644.345947265625,600,0.0,0.0
2011-09-07 00:00:00+09:00,644.345947265625,644.345947265625,644.345947265625,644.345947265625,600,0.0,0.0
2011-09-08 00:00:00+09:00,644.3458314875966,644.3458314875966,637.7708740234375,637.7708740234375,100,0.0,0.0
2011-09-09 00:00:00+09:00,637.7709715470023,637.7709715470023,604.8961791992188,604.8961791992188,100,0.0,0.0
2011-09-12 00:00:00+09:00,604.8961791992188,604.8961791992188,604.8961791992188,604.8961791992188,100,0.0,0.0
2011-09-13 00:00:00+09:00,604.8961791992188,604.8961791992188,604.8961791992188,604.8961791992188,100,0.0,0.0
2011-09-14 00:00:00+09:00,604.8960512222782,611.4710083007812,604.8960512222782,611.4710083007812,200,0.0,0.0
2011-09-15 00:00:00+09:00,611.4710083007812,611.4710083007812,611.4710083007812,611.4710083007812,100,0.0,0.0
2011-09-16 00:00:00+09:00,611.4710024569897,618.0459594726562,611.4710024569897,618.0459594726562,100,0.0,0.0
2011-09-20 00:00:00+09:00,618.0460744757402,624.6210327148438,618.0460744757402,624.6210327148438,300,0.0,0.0
2011-09-21 00:00:00+09:00,637.7708740234375,637.7708740234375,637.7708740234375,637.7708740234375,800,0.0,0.0
2011-09-22 00:00:00+09:00,604.8962344898897,604.8962344898897,532.5716847139246,558.8715209960938,7300,0.0,0.0
2011-09-26 00:00:00+09:00,525.9966362847222,532.5715942382812,525.9966362847222,532.5715942382812,500,0.0,0.0
2011-09-27 00:00:00+09:00,519.4216850280761,545.7215171813964,519.4216850280761,525.9966430664062,1000,0.0,0.0
2011-09-28 00:00:00+09:00,519.4216471827308,565.4463500976562,519.4216471827308,565.4463500976562,600,0.0,0.0
2011-09-29 00:00:00+09:00,565.4463500976562,565.4463500976562,565.4463500976562,565.4463500976562,600,0.0,0.0
2011-09-30 00:00:00+09:00,565.4463500976562,565.4463500976562,565.4463500976562,565.4463500976562,300,0.0,0.0
2011-10-03 00:00:00+09:00,565.4463500976562,565.4463500976562,565.4463500976562,565.4463500976562,300,0.0,0.0
2011-10-04 00:00:00+09:00,545.7215503510974,552.2965087890625,532.5716334751673,552.2965087890625,700,0.0,0.0
2011-10-05 00:00:00+09:00,572.0213347644341,572.0213347644341,539.1465454101562,539.1465454101562,500,0.0,0.0
2011-10-06 00:00:00+09:00,539.1465454101562,539.1465454101562,539.1465454101562,539.1465454101562,500,0.0,0.0
2011-10-07 00:00:00+09:00,539.1465454101562,539.1465454101562,539.1465454101562,539.1465454101562,500,0.0,0.0
2011-10-11 00:00:00+09:00,539.1465454101562,539.1465454101562,539.1465454101562,539.1465454101562,500,0.0,0.0
2011-10-12 00:00:00+09:00,539.1464563128592,572.021240234375,539.1464563128592,572.021240234375,100,0.0,0.0
2011-10-13 00:00:00+09:00,572.0213076569314,572.0213076569314,565.4463500976562,565.4463500976562,300,0.0,0.0
2011-10-14 00:00:00+09:00,565.446480066636,565.446480066636,558.8715209960938,558.8715209960938,200,0.0,0.0
2011-10-17 00:00:00+09:00,558.8714672270276,558.8714672270276,552.2965087890625,552.2965087890625,100,0.0,0.0
2011-10-18 00:00:00+09:00,552.2965087890625,552.2965087890625,552.2965087890625,552.2965087890625,100,0.0,0.0
2011-10-19 00:00:00+09:00,539.1465454101562,539.1465454101562,539.1465454101562,539.1465454101562,500,0.0,0.0
2011-10-20 00:00:00+09:00,545.7214130971623,572.021240234375,545.7214130971623,572.021240234375,200,0.0,0.0
2011-10-21 00:00:00+09:00,585.1712646484375,585.1712646484375,585.1712646484375,585.1712646484375,800,0.0,0.0
2011-10-24 00:00:00+09:00,585.1711975097656,591.7461547851562,585.1711975097656,591.7461547851562,100,0.0,0.0
2011-10-25 00:00:00+09:00,591.7461547851562,591.7461547851562,591.7461547851562,591.7461547851562,100,0.0,0.0
2011-10-26 00:00:00+09:00,591.7461547851562,591.7461547851562,591.7461547851562,591.7461547851562,100,0.0,0.0
2011-10-27 00:00:00+09:00,591.7461547851562,591.7461547851562,591.7461547851562,591.7461547851562,100,0.0,0.0
2011-10-28 00:00:00+09:00,585.1712098555131,585.1712098555131,578.5962524414062,578.5962524414062,300,0.0,0.0
2011-10-31 00:00:00+09:00,598.3212280273438,598.3212280273438,598.3212280273438,598.3212280273438,400,0.0,0.0
2011-11-01 00:00:00+09:00,611.4710083007812,611.4710083007812,611.4710083007812,611.4710083007812,400,0.0,0.0
2011-11-02 00:00:00+09:00,604.8961791992188,604.8961791992188,604.8961791992188,604.8961791992188,100,0.0,0.0
2011-11-04 00:00:00+09:00,604.8960512222782,611.4710083007812,604.8960512222782,611.4710083007812,200,0.0,0.0
2011-11-07 00:00:00+09:00,611.471058915301,808.7197875976561,611.471058915301,808.7197875976562,6500,0.0,0.0
2011-11-08 00:00:00+09:00,854.7444909568724,887.6192790705983,756.1201266156949,808.7197875976562,13900,0.0,0.0
2011-11-09 00:00:00+09:00,808.7196823120117,808.7196823120117,729.8202011108398,788.9948120117188,4800,0.0,0.0
2011-11-10 00:00:00+09:00,742.9702113702044,808.7197875976561,742.9702113702044,808.7197875976562,3300,0.0,0.0
2011-11-11 00:00:00+09:00,821.8698172733701,821.8698172733701,762.6951904296875,762.6951904296875,2200,0.0,0.0
2011-11-14 00:00:00+09:00,821.869646916624,821.869646916624,788.994861039959,802.144775390625,1700,0.0,0.0
2011-11-15 00:00:00+09:00,821.869646916624,841.594518442623,802.144775390625,802.144775390625,4400,0.0,0.0
2011-11-16 00:00:00+09:00,802.1449045228565,802.1449045228565,795.5699462890625,795.5699462890625,700,0.0,0.0
2011-11-17 00:00:00+09:00,782.4199964735243,782.4199964735243,762.6951226128472,769.2700805664062,1600,0.0,0.0
2011-11-18 00:00:00+09:00,769.2699528063758,775.8449096679688,749.5450822215969,775.8449096679688,1500,0.0,0.0
2011-11-21 00:00:00+09:00,775.8451075060615,775.8451075060615,749.5452733533136,762.6951904296875,1300,0.0,0.0
2011-11-22 00:00:00+09:00,775.8450385199652,775.8450385199652,769.2700805664062,769.2700805664062,600,0.0,0.0
2011-11-24 00:00:00+09:00,762.6951904296875,762.6951904296875,756.1202318915006,762.6951904296875,500,0.0,0.0
2011-11-25 00:00:00+09:00,762.6950812088816,762.6950812088816,749.545166015625,749.545166015625,1100,0.0,0.0
2011-11-28 00:00:00+09:00,762.6949959447828,782.4198665295617,762.6949959447828,775.8449096679688,1000,0.0,0.0
2011-11-29 00:00:00+09:00,795.569818215292,802.144775390625,775.844946689293,802.144775390625,1900,0.0,0.0
2011-11-30 00:00:00+09:00,802.144829974911,815.2947452204014,802.144829974911,808.7197875976562,1100,0.0,0.0
2011-12-01 00:00:00+09:00,815.29455078125,828.444462890625,815.29455078125,821.8695068359375,3100,0.0,0.0
2011-12-02 00:00:00+09:00,821.8697028431466,821.8697028431466,782.4199571066755,808.7197875976562,1900,0.0,0.0
2011-12-05 00:00:00+09:00,848.1694765957919,867.8943481445312,848.1694765957919,867.8943481445312,7600,0.0,0.0
2011-12-06 00:00:00+09:00,900.7690824068509,900.7690824068509,854.7443847656249,854.744384765625,2700,0.0,0.0
2011-12-07 00:00:00+09:00,874.4692551832932,874.4692551832932,854.7443847656249,854.744384765625,200,0.0,0.0
2011-12-08 00:00:00+09:00,854.7445703932076,854.7445703932076,762.695155120093,795.5699462890625,6300,0.0,0.0
2011-12-09 00:00:00+09:00,795.5699462890625,795.5699462890625,795.5699462890625,795.5699462890625,500,0.0,0.0
2011-12-12 00:00:00+09:00,821.8695068359375,848.1693310546874,808.7195947265625,821.8695068359375,2600,0.0,0.0
2011-12-13 00:00:00+09:00,828.4447021484375,841.5946180555555,808.7198282877604,828.4447021484375,1800,0.0,0.0
2011-12-14 00:00:00+09:00,848.1695333341272,854.7444909568724,808.7197875976561,808.7197875976562,1600,0.0,0.0
2011-12-15 00:00:00+09:00,808.719732565958,808.719732565958,762.695032338627,802.144775390625,3200,0.0,0.0
2011-12-16 00:00:00+09:00,802.1448236280872,815.2947387695312,802.1448236280872,815.2947387695312,600,0.0,0.0
2011-12-19 00:00:00+09:00,815.2947387695312,821.8696963402533,815.2947387695312,815.2947387695312,500,0.0,0.0
2011-12-20 00:00:00+09:00,815.2946449087448,815.2946449087448,782.4198608398438,782.4198608398438,1600,0.0,0.0
2011-12-21 00:00:00+09:00,808.7196880949646,808.7196880949646,782.4198608398438,782.4198608398438,2500,0.0,0.0
2011-12-22 00:00:00+09:00,788.9948233911547,788.9948233911547,775.8449096679688,775.8449096679688,800,0.0,0.0
2011-12-26 00:00:00+09:00,782.4198608398438,795.5697744674042,782.4198608398438,782.4198608398438,900,0.0,0.0
2011-12-27 00:00:00+09:00,802.144775390625,802.144775390625,802.144775390625,802.144775390625,300,0.0,0.0
2011-12-28 00:00:00+09:00,802.144775390625,808.719732565958,802.144775390625,802.144775390625,400,0.0,0.0
2011-12-29 00:00:00+09:00,808.7196880949646,808.7196880949646,775.8449040260635,782.4198608398438,1500,0.0,0.0
2011-12-30 00:00:00+09:00,795.5697687784831,795.5697687784831,775.8448984781901,788.9948120117188,2500,0.0,0.0
2012-01-04 00:00:00+09:00,795.569818215292,802.144775390625,782.419903864626,802.144775390625,800,0.0,0.0
2012-01-05 00:00:00+09:00,802.1447255452474,802.1447255452474,775.8448984781901,788.9948120117188,1700,0.0,0.0
2012-01-06 00:00:00+09:00,782.4198608398438,782.4198608398438,782.4198608398438,782.4198608398438,400,0.0,0.0
2012-01-10 00:00:00+09:00,788.994817653624,788.994817653624,782.4198608398438,782.4198608398438,700,0.0,0.0
2012-01-11 00:00:00+09:00,782.4198608398438,782.4198608398438,782.4198608398438,782.4198608398438,700,0.0,0.0
2012-01-12 00:00:00+09:00,788.9949880552685,795.5699462890625,788.9949880552685,795.5699462890625,700,0.0,0.0
2012-01-13 00:00:00+09:00,788.9948167067307,854.7443847656249,788.9948167067307,854.744384765625,4500,0.0,0.0
2012-01-16 00:00:00+09:00,854.7445210923244,933.6440153470005,854.7445210923244,900.7692260742188,14700,0.0,0.0
2012-01-17 00:00:00+09:00,946.7937967051631,953.3687536267267,900.7690982542177,907.3440551757812,6200,0.0,0.0
2012-01-18 00:00:00+09:00,920.4941134982638,920.4941134982638,887.6193237304688,887.6193237304688,2800,0.0,0.0
2012-01-19 00:00:00+09:00,887.619329416974,1065.1431953003687,887.619329416974,1058.5682373046875,53700,0.0,0.0
2012-01-20 00:00:00+09:00,1045.4182519247365,1130.8927001953125,1025.6933792469115,1130.8927001953125,34500,0.0,0.0
2012-01-23 00:00:00+09:00,1150.6178373448988,1170.3427145565256,1104.5931238511027,1117.7430419921875,20000,0.0,0.0
2012-01-24 00:00:00+09:00,1104.592922303735,1196.6423324957127,1032.2683857243237,1078.2930908203125,39700,0.0,0.0
2012-01-25 00:00:00+09:00,1078.2930122910032,1078.2930122910032,1005.9684809788018,1032.268310546875,14400,0.0,0.0
2012-01-26 00:00:00+09:00,999.3934382760762,1025.6932655991307,992.8184814453124,992.8184814453125,8400,0.0,0.0
2012-01-27 00:00:00+09:00,999.3934215198863,1051.9930752840908,999.3934215198863,1012.5433349609375,3700,0.0,0.0
2012-01-30 00:00:00+09:00,999.3935183963259,1005.9684757541966,966.5187316069731,973.0936889648438,4300,0.0,0.0
2012-01-31 00:00:00+09:00,966.5186652881188,992.8184929150063,940.2188376612311,979.6685791015625,3700,0.0,0.0
2012-02-01 00:00:00+09:00,986.2437491581359,986.2437491581359,946.7939991918104,953.3689575195312,800,0.0,0.0
2012-02-02 00:00:00+09:00,973.0939620168585,999.393798828125,973.0939620168585,999.393798828125,2600,0.0,0.0
2012-02-03 00:00:00+09:00,1005.9683782404119,1032.268205122514,1005.9683782404119,1012.5433349609375,3000,0.0,0.0
2012-02-06 00:00:00+09:00,1025.6934271043347,1032.268384970388,992.8186377740675,1019.1184692382812,2500,0.0,0.0
2012-02-07 00:00:00+09:00,1012.5437172337581,1012.5437172337581,999.393798828125,999.393798828125,2400,0.0,0.0
2012-02-08 00:00:00+09:00,1019.1184692382811,1019.1184692382811,999.3935956401209,1019.1184692382812,800,0.0,0.0
2012-02-09 00:00:00+09:00,1012.5433240059094,1038.8431506034656,986.2434974083533,1025.6932373046875,3200,0.0,0.0
2012-02-10 00:00:00+09:00,1045.4184922162224,1130.892960133272,1025.6936150045956,1117.7430419921875,10000,0.0,0.0
2012-02-13 00:00:00+09:00,1084.8681640625,1104.5930397727273,1038.8434540719697,1084.8681640625,7700,0.0,0.0
2012-02-14 00:00:00+09:00,1084.8681494433008,1104.5930248877246,1084.8681494433008,1098.01806640625,3000,0.0,0.0
2012-02-15 00:00:00+09:00,1117.742859265819,1137.467733252863,1038.8433633176437,1058.5682373046875,12800,0.0,0.0
2012-02-16 00:00:00+09:00,1071.71815329605,1078.2931112917313,1051.993279309006,1058.5682373046875,2700,0.0,0.0
2012-02-17 00:00:00+09:00,1065.1429772010215,1065.1429772010215,1025.6932373046875,1025.6932373046875,2800,0.0,0.0
2012-02-20 00:00:00+09:00,1025.6934271043347,1038.8433428364415,1005.9685535061743,1019.1184692382812,5300,0.0,0.0
2012-02-21 00:00:00+09:00,986.2435080788351,1012.5433349609374,986.2435080788351,1012.5433349609375,2900,0.0,0.0
2012-02-22 00:00:00+09:00,1032.26829826307,1045.418212890625,1019.1183836355149,1045.418212890625,1400,0.0,0.0
2012-02-23 00:00:00+09:00,1058.5682238245302,1071.7181396484375,1045.418308000623,1071.7181396484375,2100,0.0,0.0
2012-02-24 00:00:00+09:00,1071.7181602478026,1071.7181602478026,1038.8433700561523,1051.9932861328125,2400,0.0,0.0
2012-02-27 00:00:00+09:00,1051.9931702044025,1065.1430848319574,1045.418212890625,1045.418212890625,2000,0.0,0.0
2012-02-28 00:00:00+09:00,1045.4185876001286,1045.4185876001286,1032.2686682592466,1038.8436279296875,1400,0.0,0.0
2012-02-29 00:00:00+09:00,1051.9935472705697,1051.9935472705697,1038.8436279296875,1038.8436279296875,800,0.0,0.0
2012-03-01 00:00:00+09:00,1045.4182253309116,1045.4182253309116,1032.268310546875,1032.268310546875,2500,0.0,0.0
2012-03-02 00:00:00+09:00,1019.1184692382811,1019.1184692382811,992.8186377740675,1019.1184692382812,2100,0.0,0.0
2012-03-05 00:00:00+09:00,1019.118291681463,1025.6932484019885,1012.5433349609374,1012.5433349609375,1200,0.0,0.0
2012-03-06 00:00:00+09:00,1012.5433349609374,1019.118291681463,1012.5433349609374,1012.5433349609375,700,0.0,0.0
2012-03-07 00:00:00+09:00,999.3934215198863,1012.5433349609374,992.8184647993608,1012.5433349609375,2100,0.0,0.0
2012-03-08 00:00:00+09:00,1012.5437892479233,1038.8436279296875,1012.5437892479233,1038.8436279296875,700,0.0,0.0
2012-03-09 00:00:00+09:00,1038.8436279296875,1058.5685069410108,1038.8436279296875,1038.8436279296875,500,0.0,0.0
2012-03-12 00:00:00+09:00,1065.1429772010215,1065.1429772010215,999.3934107071314,1025.6932373046875,4200,0.0,0.0
2012-03-13 00:00:00+09:00,1012.5433349609374,1025.6932484019885,1005.9683782404119,1012.5433349609375,2400,0.0,0.0
2012-03-14 00:00:00+09:00,1019.1184828016493,1019.1184828016493,1005.9685668945312,1005.9685668945312,2500,0.0,0.0
2012-03-15 00:00:00+09:00,1019.118495941162,1071.7181602478026,1019.118495941162,1051.9932861328125,5200,0.0,0.0
2012-03-16 00:00:00+09:00,1058.56812751818,1065.1430848319574,1045.418212890625,1045.418212890625,2300,0.0,0.0
2012-03-19 00:00:00+09:00,1058.5682238245302,1071.7181396484375,1051.9932659125766,1071.7181396484375,5700,0.0,0.0
2012-03-21 00:00:00+09:00,1078.293097560391,1084.8680554723446,1071.7181396484375,1071.7181396484375,2300,0.0,0.0
2012-03-22 00:00:00+09:00,1058.5680690065644,1111.167724609375,1051.993112056213,1111.167724609375,3200,0.0,0.0
2012-03-23 00:00:00+09:00,1157.1925194300518,1347.8662868361398,1157.1925194300518,1268.966796875,60700,0.0,0.0
2012-03-26 00:00:00+09:00,1282.1169172014509,1288.691875751202,1144.0427876566791,1196.6424560546875,26500,0.0,0.0
2012-03-27 00:00:00+09:00,1183.4927222842261,1321.5668732173858,1183.4927222842261,1242.6673583984375,33300,0.0,0.0
2012-03-28 00:00:00+09:00,1309.8381566289647,1390.4435816522855,1269.5354441173042,1350.140869140625,33300,40.0,0.0
2012-03-29 00:00:00+09:00,1350.1407795815012,1370.292134500628,1296.4038331304962,1336.70654296875,9300,0.0,0.0
2012-03-30 00:00:00+09:00,1336.70660932492,1336.70660932492,1276.2525415665064,1309.838134765625,16200,0.0,0.0
2012-04-02 00:00:00+09:00,1309.8381682875242,1309.8381682875242,1289.6868118523316,1296.4039306640625,3600,0.0,0.0
2012-04-03 00:00:00+09:00,1303.1210161258014,1323.2723720452725,1296.4038974859775,1309.838134765625,3400,0.0,0.0
2012-04-04 00:00:00+09:00,1309.8384893508185,1329.9898507254466,1262.8186461433534,1269.5357666015625,9700,0.0,0.0
2012-04-05 00:00:00+09:00,1249.384033203125,1249.384033203125,1235.9497962869623,1249.384033203125,4200,0.0,0.0
2012-04-06 00:00:00+09:00,1235.9497962869623,1249.384033203125,1229.232677828881,1249.384033203125,2000,0.0,0.0
2012-04-09 00:00:00+09:00,1242.6669921875,1249.384111064189,1242.6669921875,1242.6669921875,1000,0.0,0.0
2012-04-10 00:00:00+09:00,1242.6669147450436,1256.1011516612064,1209.081322454637,1249.384033203125,4000,0.0,0.0
2012-04-11 00:00:00+09:00,1235.9497962869623,1249.384033203125,1235.9497962869623,1249.384033203125,1400,0.0,0.0
2012-04-12 00:00:00+09:00,1242.6669147450436,1249.384033203125,1215.7984409127184,1249.384033203125,1000,0.0,0.0
2012-04-13 00:00:00+09:00,1249.384111064189,1249.384111064189,1242.6669921875,1242.6669921875,100,0.0,0.0
2012-04-16 00:00:00+09:00,1242.6669921875,1242.6669921875,1229.2327544341215,1242.6669921875,800,0.0,0.0
2012-04-17 00:00:00+09:00,1235.9498733108107,1242.6669921875,1229.2327544341215,1242.6669921875,800,0.0,0.0
2012-04-18 00:00:00+09:00,1242.6670704717221,1249.3841897715693,1229.2328318720279,1235.949951171875,2700,0.0,0.0
2012-04-19 00:00:00+09:00,1242.6669921875,1242.6669921875,1235.9498733108107,1242.6669921875,400,0.0,0.0
2012-04-20 00:00:00+09:00,1229.2326458870095,1262.8182373046875,1209.081291036403,1262.8182373046875,3700,0.0,0.0
2012-04-23 00:00:00+09:00,1235.9498733108107,1242.6669921875,1229.2327544341215,1242.6669921875,1900,0.0,0.0
2012-04-24 00:00:00+09:00,1235.949951171875,1235.949951171875,1235.949951171875,1235.949951171875,300,0.0,0.0
2012-04-25 00:00:00+09:00,1235.949951171875,1235.949951171875,1209.0814739724863,1235.949951171875,4200,0.0,0.0
2012-04-26 00:00:00+09:00,1235.949986049107,1235.949986049107,1215.7986275809153,1222.5157470703125,400,0.0,0.0
2012-04-27 00:00:00+09:00,1222.5155593707998,1249.384033203125,1222.5155593707998,1249.384033203125,3400,0.0,0.0
2012-05-01 00:00:00+09:00,1229.23286655971,1229.23286655971,1209.081508091518,1222.5157470703125,800,0.0,0.0
2012-05-02 00:00:00+09:00,1222.5156355574325,1256.1012299408783,1222.5156355574325,1242.6669921875,900,0.0,0.0
2012-05-07 00:00:00+09:00,1242.6669921875,1242.6669921875,1209.081397804054,1242.6669921875,1900,0.0,0.0
2012-05-08 00:00:00+09:00,1202.3645620194693,1282.9700075179812,1202.3645620194693,1269.5357666015625,3400,0.0,0.0
2012-05-09 00:00:00+09:00,1477.7662876674108,1551.6546020507812,1303.1211809430804,1316.555419921875,31800,0.0,0.0
2012-05-10 00:00:00+09:00,1316.555321498691,1316.555321498691,1235.9498936518323,1282.9697265625,4800,0.0,0.0
2012-05-11 00:00:00+09:00,1269.5353857421876,1289.6867410714287,1175.4957275390625,1175.4957275390625,3800,0.0,0.0
2012-05-14 00:00:00+09:00,1141.9101983728542,1141.9101983728542,920.2452775122414,953.8308715820312,8100,0.0,0.0
2012-05-15 00:00:00+09:00,853.0740858508694,900.0939173544607,772.4686604161416,832.9227294921875,11400,0.0,0.0
2012-05-16 00:00:00+09:00,960.5479251774213,960.5479251774213,839.6397947355082,879.9425048828125,5900,0.0,0.0
2012-05-17 00:00:00+09:00,866.5082237830529,873.225341796875,846.3568697415866,873.225341796875,1200,0.0,0.0
2012-05-18 00:00:00+09:00,839.6399790846457,853.07421875,826.2057394192914,853.07421875,1500,0.0,0.0
2012-05-21 00:00:00+09:00,839.639865285982,839.639865285982,819.4885085191185,826.2056274414062,1700,0.0,0.0
2012-05-22 00:00:00+09:00,826.2056274414062,832.9227463636942,826.2056274414062,826.2056274414062,1200,0.0,0.0
2012-05-23 00:00:00+09:00,832.9226394403177,832.9226394403177,819.4884033203125,819.4884033203125,1500,0.0,0.0
2012-05-24 00:00:00+09:00,819.4884033203125,832.9226394403177,806.0541672003073,819.4884033203125,400,0.0,0.0
2012-05-25 00:00:00+09:00,819.4884033203125,819.4884033203125,819.4884033203125,819.4884033203125,200,0.0,0.0
2012-05-28 00:00:00+09:00,846.3569670646422,846.3569670646422,812.7713731335056,832.9227294921875,500,0.0,0.0
2012-05-29 00:00:00+09:00,812.7714233398438,812.7714233398438,812.7714233398438,812.7714233398438,200,0.0,0.0
2012-05-30 00:00:00+09:00,819.4885085191185,826.2056274414062,819.4885085191185,826.2056274414062,300,0.0,0.0
2012-05-31 00:00:00+09:00,806.0541381835939,806.0541381835939,806.0541381835939,806.0541381835938,800,0.0,0.0
2012-06-01 00:00:00+09:00,806.0541381835939,806.0541381835939,806.0541381835939,806.0541381835938,300,0.0,0.0
2012-06-04 00:00:00+09:00,772.4686445269668,772.4686445269668,765.7515258789062,765.7515258789062,1000,0.0,0.0
2012-06-05 00:00:00+09:00,752.3173828125,752.3173828125,738.8831438337054,752.3173828125,900,0.0,0.0
2012-06-06 00:00:00+09:00,745.6001074839446,792.6199340820312,745.6001074839446,792.6199340820312,1500,0.0,0.0
2012-06-07 00:00:00+09:00,859.7912046370968,859.7912046370968,832.9227294921875,832.9227294921875,2200,0.0,0.0
2012-06-08 00:00:00+09:00,826.2056376139324,873.2254706488716,819.488518608941,846.3569946289062,2200,0.0,0.0
2012-06-11 00:00:00+09:00,900.093994140625,906.8111134998834,879.9426360628498,900.093994140625,2900,0.0,0.0
2012-06-12 00:00:00+09:00,1068.0218840192078,1074.7390027866243,1007.5678151124602,1054.587646484375,14500,0.0,0.0
2012-06-13 00:00:00+09:00,1034.436285444301,1041.153404180952,920.2452669212287,933.6795043945312,9500,0.0,0.0
2012-06-14 00:00:00+09:00,900.0939769603588,906.8110961914062,886.6597384982639,906.8110961914062,3900,0.0,0.0
2012-06-15 00:00:00+09:00,913.5280498798077,913.5280498798077,873.225341796875,873.225341796875,2000,0.0,0.0
2012-06-18 00:00:00+09:00,839.6399790846457,866.5084584153543,839.6399790846457,853.07421875,4500,0.0,0.0
2012-06-19 00:00:00+09:00,853.07421875,853.07421875,839.6399790846457,853.07421875,1000,0.0,0.0
2012-06-20 00:00:00+09:00,893.3768409280216,913.5281982421875,893.3768409280216,913.5281982421875,2700,0.0,0.0
2012-06-21 00:00:00+09:00,953.8310913085937,960.5482116699219,913.528369140625,940.3968505859375,5500,0.0,0.0
2012-06-22 00:00:00+09:00,900.0939433522469,920.2453002929689,879.942586411525,920.2453002929688,2900,0.0,0.0
2012-06-25 00:00:00+09:00,920.2453173469095,920.2453173469095,893.3768409280216,913.5281982421875,700,0.0,0.0
2012-06-26 00:00:00+09:00,893.3767251679392,893.3767251679392,886.6596069335938,886.6596069335938,600,0.0,0.0
2012-06-27 00:00:00+09:00,893.3768747813666,920.2453522184002,893.3768747813666,900.093994140625,600,0.0,0.0
2012-06-28 00:00:00+09:00,893.3768577293114,906.8110961914062,893.3768577293114,906.8110961914062,1300,0.0,0.0
2012-06-29 00:00:00+09:00,947.1137937657974,947.1137937657974,913.5281982421875,913.5281982421875,3200,0.0,0.0
2012-07-02 00:00:00+09:00,947.1137762139314,947.1137762139314,913.5281813127282,920.2453002929688,500,0.0,0.0
2012-07-03 00:00:00+09:00,913.5281982421875,926.9624364516314,913.5281982421875,913.5281982421875,2000,0.0,0.0
2012-07-04 00:00:00+09:00,906.8110961914062,906.8110961914062,906.8110961914062,906.8110961914062,1100,0.0,0.0
2012-07-05 00:00:00+09:00,900.093994140625,900.093994140625,886.6597554221082,900.093994140625,2000,0.0,0.0
2012-07-06 00:00:00+09:00,893.376953125,893.376953125,893.376953125,893.376953125,300,0.0,0.0
2012-07-09 00:00:00+09:00,886.6596232406966,886.6596232406966,879.9425048828126,879.9425048828125,800,0.0,0.0
2012-07-10 00:00:00+09:00,893.376953125,893.376953125,893.376953125,893.376953125,100,0.0,0.0
2012-07-11 00:00:00+09:00,866.5082237830529,873.225341796875,866.5082237830529,873.225341796875,800,0.0,0.0
2012-07-12 00:00:00+09:00,853.0739877554087,873.225341796875,853.0739877554087,873.225341796875,300,0.0,0.0
2012-07-13 00:00:00+09:00,853.0739877554087,873.225341796875,853.0739877554087,873.225341796875,600,0.0,0.0
2012-07-17 00:00:00+09:00,853.0740858508694,866.5083234233241,832.9227294921875,832.9227294921875,2700,0.0,0.0
2012-07-18 00:00:00+09:00,819.488406423795,819.488406423795,792.6199340820312,792.6199340820312,2200,0.0,0.0
2012-07-19 00:00:00+09:00,806.054304138688,812.7714233398438,806.054304138688,812.7714233398438,200,0.0,0.0
2012-07-20 00:00:00+09:00,812.7713895968305,826.2056274414062,812.7713895968305,826.2056274414062,600,0.0,0.0
2012-07-23 00:00:00+09:00,866.5082237830529,900.0938138521634,866.5082237830529,873.225341796875,5900,0.0,0.0
2012-07-24 00:00:00+09:00,873.225234375,873.225234375,839.6396484375,839.6396484375,200,0.0,0.0
2012-07-25 00:00:00+09:00,839.6396484375,839.6396484375,839.6396484375,839.6396484375,300,0.0,0.0
2012-07-26 00:00:00+09:00,839.6396484375,846.356765625,839.6396484375,839.6396484375,200,0.0,0.0
2012-07-27 00:00:00+09:00,839.6396484375,839.6396484375,839.6396484375,839.6396484375,200,0.0,0.0
2012-07-30 00:00:00+09:00,839.6399790846457,853.07421875,839.6399790846457,853.07421875,100,0.0,0.0
2012-07-31 00:00:00+09:00,853.0741031305577,853.0741031305577,826.2056274414062,826.2056274414062,600,0.0,0.0
2012-08-01 00:00:00+09:00,812.7714233398438,812.7714233398438,812.7714233398438,812.7714233398438,300,0.0,0.0
2012-08-02 00:00:00+09:00,806.0541381835939,806.0541381835939,806.0541381835939,806.0541381835938,700,0.0,0.0
2012-08-03 00:00:00+09:00,792.6199340820312,792.6199340820312,792.6199340820312,792.6199340820312,600,0.0,0.0
2012-08-06 00:00:00+09:00,819.488406423795,819.488406423795,792.6199340820312,792.6199340820312,800,0.0,0.0
2012-08-07 00:00:00+09:00,785.9028159965903,792.6199340820312,785.9028159965903,792.6199340820312,400,0.0,0.0
2012-08-08 00:00:00+09:00,792.6199340820312,792.6199340820312,792.6199340820312,792.6199340820312,100,0.0,0.0
2012-08-09 00:00:00+09:00,792.6201086956521,792.6201086956521,772.46875,772.46875,500,0.0,0.0
2012-08-10 00:00:00+09:00,772.4684750717298,799.3369437698769,759.0342407226562,759.0342407226562,1400,0.0,0.0
2012-08-13 00:00:00+09:00,779.1858348357372,785.9029541015625,779.1858348357372,785.9029541015625,300,0.0,0.0
2012-08-14 00:00:00+09:00,772.4685643300289,799.3370361328125,772.4685643300289,799.3370361328125,300,0.0,0.0
2012-08-15 00:00:00+09:00,799.3370361328125,799.3370361328125,799.3370361328125,799.3370361328125,300,0.0,0.0
2012-08-16 00:00:00+09:00,779.1858695652173,779.1858695652173,772.46875,772.46875,300,0.0,0.0
2012-08-17 00:00:00+09:00,785.9029541015625,785.9029541015625,785.9029541015625,785.9029541015625,300,0.0,0.0
2012-08-20 00:00:00+09:00,785.9028159965903,792.6199340820312,772.4685798257084,792.6199340820312,600,0.0,0.0
2012-08-21 00:00:00+09:00,792.6199340820312,792.6199340820312,792.6199340820312,792.6199340820312,700,0.0,0.0
2012-08-22 00:00:00+09:00,792.6199340820312,792.6199340820312,792.6199340820312,792.6199340820312,700,0.0,0.0
2012-08-23 00:00:00+09:00,772.46875,772.46875,772.46875,772.46875,200,0.0,0.0
2012-08-24 00:00:00+09:00,772.46875,772.46875,772.46875,772.46875,200,0.0,0.0
2012-08-27 00:00:00+09:00,772.4686445269668,785.902881823088,765.7515258789062,765.7515258789062,500,0.0,0.0
2012-08-28 00:00:00+09:00,765.7515258789062,765.7515258789062,765.7515258789062,765.7515258789062,500,0.0,0.0
2012-08-29 00:00:00+09:00,765.7515314275568,765.7515314275568,718.7317005504261,738.883056640625,2600,0.0,0.0
2012-08-30 00:00:00+09:00,745.6002633231027,752.3173828125,745.6002633231027,752.3173828125,300,0.0,0.0
2012-08-31 00:00:00+09:00,732.1660331443504,732.1660331443504,725.4489135742188,725.4489135742188,700,0.0,0.0
2012-09-03 00:00:00+09:00,745.6002807617188,745.6002807617188,745.6002807617188,745.6002807617188,100,0.0,0.0
2012-09-04 00:00:00+09:00,745.6002633231027,745.6002633231027,698.5804268973214,705.2975463867188,2500,0.0,0.0
2012-09-05 00:00:00+09:00,725.4489048549108,725.4489048549108,705.2975463867188,705.2975463867188,600,0.0,0.0
2012-09-06 00:00:00+09:00,705.2974575005688,705.2974575005688,685.1461015719811,691.8632202148438,200,0.0,0.0
2012-09-07 00:00:00+09:00,691.8633157235605,725.4489135742188,691.8633157235605,725.4489135742188,1100,0.0,0.0
2012-09-10 00:00:00+09:00,698.5804180070465,698.5804180070465,685.1461791992188,685.1461791992188,800,0.0,0.0
2012-09-11 00:00:00+09:00,678.4290161132812,685.1461350846998,678.4290161132812,678.4290161132812,400,0.0,0.0
2012-09-12 00:00:00+09:00,678.4290597953049,685.1461791992188,671.711940391391,685.1461791992188,1300,0.0,0.0
2012-09-13 00:00:00+09:00,685.1461791992188,685.1461791992188,685.1461791992188,685.1461791992188,100,0.0,0.0
2012-09-14 00:00:00+09:00,685.1461791992188,685.1461791992188,685.1461791992188,685.1461791992188,400,0.0,0.0
2012-09-18 00:00:00+09:00,691.8632202148438,691.8632202148438,691.8632202148438,691.8632202148438,1000,0.0,0.0
2012-09-19 00:00:00+09:00,698.5804268973214,705.2975463867188,698.5804268973214,705.2975463867188,700,0.0,0.0
2012-09-20 00:00:00+09:00,712.0147094726562,712.0147094726562,712.0147094726562,712.0147094726562,500,0.0,0.0
2012-09-21 00:00:00+09:00,725.4489135742188,725.4489135742188,725.4489135742188,725.4489135742188,700,0.0,0.0
2012-09-24 00:00:00+09:00,698.5804268973214,705.2975463867188,685.1461879185268,705.2975463867188,600,0.0,0.0
2012-09-25 00:00:00+09:00,705.2975463867188,705.2975463867188,705.2975463867188,705.2975463867188,600,0.0,0.0
2012-09-26 00:00:00+09:00,685.1461791992188,685.1461791992188,685.1461791992188,685.1461791992188,800,0.0,0.0
2012-09-27 00:00:00+09:00,685.1462298699146,712.0147094726562,678.4291099692291,712.0147094726562,1200,0.0,0.0
2012-09-28 00:00:00+09:00,725.4488595815806,725.4488595815806,698.5803833007812,698.5803833007812,1200,0.0,0.0
2012-10-01 00:00:00+09:00,698.5803833007812,698.5803833007812,671.7119070199819,698.5803833007812,2100,0.0,0.0
2012-10-02 00:00:00+09:00,705.2975023709811,705.2975023709811,698.5803833007812,698.5803833007812,400,0.0,0.0
2012-10-03 00:00:00+09:00,698.5804268973214,712.0146658761162,698.5804268973214,705.2975463867188,400,0.0,0.0
2012-10-04 00:00:00+09:00,705.2975023709811,705.2975023709811,698.5803833007812,698.5803833007812,300,0.0,0.0
2012-10-05 00:00:00+09:00,698.5803833007812,698.5803833007812,698.5803833007812,698.5803833007812,400,0.0,0.0
2012-10-09 00:00:00+09:00,698.5803833007812,698.5803833007812,698.5803833007812,698.5803833007812,400,0.0,0.0
2012-10-10 00:00:00+09:00,685.1461451603816,698.5803833007812,671.7119070199819,698.5803833007812,1200,0.0,0.0
2012-10-11 00:00:00+09:00,698.580263671875,698.580263671875,671.7117919921875,671.7117919921875,200,0.0,0.0
2012-10-12 00:00:00+09:00,671.711940391391,685.1461791992188,671.711940391391,685.1461791992188,200,0.0,0.0
2012-10-15 00:00:00+09:00,685.1461791992188,685.1461791992188,685.1461791992188,685.1461791992188,200,0.0,0.0
2012-10-16 00:00:00+09:00,685.1461791992188,685.1461791992188,685.1461791992188,685.1461791992188,300,0.0,0.0
2012-10-17 00:00:00+09:00,678.4290161132812,678.4290161132812,678.4290161132812,678.4290161132812,400,0.0,0.0
2012-10-18 00:00:00+09:00,685.1461015719811,691.8632202148438,678.4289829291187,691.8632202148438,300,0.0,0.0
2012-10-19 00:00:00+09:00,691.8632642305814,698.5803833007812,691.8632642305814,698.5803833007812,100,0.0,0.0
2012-10-22 00:00:00+09:00,712.0146214411809,712.0146214411809,678.4290260901818,698.5803833007812,1300,0.0,0.0
2012-10-23 00:00:00+09:00,738.8829745765494,806.0541540835084,718.7316207244617,799.3370361328125,7000,0.0,0.0
2012-10-24 00:00:00+09:00,799.3370521674722,799.3370521674722,772.4685798257084,792.6199340820312,900,0.0,0.0
2012-10-25 00:00:00+09:00,772.46875,772.46875,772.46875,772.46875,100,0.0,0.0
2012-10-26 00:00:00+09:00,772.46875,772.46875,772.46875,772.46875,100,0.0,0.0
2012-10-29 00:00:00+09:00,759.0343436548266,792.6199340820312,759.0343436548266,792.6199340820312,200,0.0,0.0
2012-10-30 00:00:00+09:00,792.6199340820312,792.6199340820312,792.6199340820312,792.6199340820312,100,0.0,0.0
2012-10-31 00:00:00+09:00,799.3371849375322,812.7714233398438,799.3371849375322,812.7714233398438,600,0.0,0.0
2012-11-01 00:00:00+09:00,812.7714233398438,812.7714233398438,812.7714233398438,812.7714233398438,600,0.0,0.0
2012-11-02 00:00:00+09:00,812.7712852603099,819.4884033203125,812.7712852603099,819.4884033203125,300,0.0,0.0
2012-11-05 00:00:00+09:00,819.488406423795,819.488406423795,792.6199340820312,792.6199340820312,600,0.0,0.0
2012-11-06 00:00:00+09:00,785.9029541015625,785.9029541015625,772.4687155699119,785.9029541015625,400,0.0,0.0
2012-11-07 00:00:00+09:00,799.3372379337345,799.3372379337345,745.6002807617188,745.6002807617188,700,0.0,0.0
2012-11-08 00:00:00+09:00,745.6001753373579,745.6001753373579,738.883056640625,738.883056640625,500,0.0,0.0
2012-11-09 00:00:00+09:00,732.1658325195312,732.1658325195312,732.1658325195312,732.1658325195312,300,0.0,0.0
2012-11-12 00:00:00+09:00,732.1660691747126,732.1660691747126,712.0147094726562,712.0147094726562,600,0.0,0.0
2012-11-13 00:00:00+09:00,698.5804268973214,705.2975463867188,698.5804268973214,705.2975463867188,1600,0.0,0.0
2012-11-14 00:00:00+09:00,698.5803833007812,698.5803833007812,698.5803833007812,698.5803833007812,200,0.0,0.0
2012-11-15 00:00:00+09:00,705.2975023709811,712.0146214411809,691.8632642305814,698.5803833007812,1500,0.0,0.0
2012-11-16 00:00:00+09:00,705.2975023709811,705.2975023709811,685.1461451603816,698.5803833007812,2000,0.0,0.0
2012-11-19 00:00:00+09:00,705.2975121613974,718.7317504882812,705.2975121613974,718.7317504882812,1800,0.0,0.0
2012-11-20 00:00:00+09:00,718.7318293733417,732.1660691747126,705.2975895719709,712.0147094726562,3600,0.0,0.0
2012-11-21 00:00:00+09:00,712.0147094726562,712.0147094726562,712.0147094726562,712.0147094726562,1500,0.0,0.0
2012-11-22 00:00:00+09:00,718.7317940040872,725.4489135742188,718.7317940040872,725.4489135742188,1900,0.0,0.0
2012-11-26 00:00:00+09:00,732.165937943892,738.883056640625,732.165937943892,738.883056640625,800,0.0,0.0
2012-11-27 00:00:00+09:00,745.6002807617188,745.6002807617188,745.6002807617188,745.6002807617188,600,0.0,0.0
2012-11-28 00:00:00+09:00,738.883056640625,738.883056640625,738.883056640625,738.883056640625,400,0.0,0.0
2012-11-29 00:00:00+09:00,745.6000063735827,759.0342407226562,745.6000063735827,759.0342407226562,600,0.0,0.0
2012-11-30 00:00:00+09:00,759.0345108695652,772.46875,759.0345108695652,772.46875,600,0.0,0.0
2012-12-03 00:00:00+09:00,779.1858348357372,785.9029541015625,779.1858348357372,785.9029541015625,300,0.0,0.0
2012-12-04 00:00:00+09:00,779.1856822807248,799.3370361328125,772.4685643300289,799.3370361328125,1700,0.0,0.0
2012-12-05 00:00:00+09:00,832.9227889623398,839.6399082281652,785.9029541015625,785.9029541015625,9200,0.0,0.0
2012-12-06 00:00:00+09:00,779.1856822807248,799.3370361328125,779.1856822807248,799.3370361328125,400,0.0,0.0
2012-12-07 00:00:00+09:00,785.9029891304348,785.9029891304348,765.7516304347826,772.46875,1000,0.0,0.0
2012-12-10 00:00:00+09:00,772.4685798257084,792.6199340820312,772.4685798257084,792.6199340820312,500,0.0,0.0
2012-12-11 00:00:00+09:00,792.6200004711486,792.6200004711486,765.7515258789062,765.7515258789062,400,0.0,0.0
2012-12-12 00:00:00+09:00,772.4686445269668,772.4686445269668,765.7515258789062,765.7515258789062,300,0.0,0.0
2012-12-13 00:00:00+09:00,779.1857631750274,779.1857631750274,765.7515258789062,765.7515258789062,1500,0.0,0.0
2012-12-14 00:00:00+09:00,738.8831438337054,752.3173828125,738.8831438337054,752.3173828125,2700,0.0,0.0
2012-12-17 00:00:00+09:00,752.3172885827852,765.7515258789062,752.3172885827852,765.7515258789062,600,0.0,0.0
2012-12-18 00:00:00+09:00,759.0345023018974,759.0345023018974,745.6002633231027,752.3173828125,1900,0.0,0.0
2012-12-19 00:00:00+09:00,772.4684750717298,785.9027094208034,759.0342407226562,759.0342407226562,1100,0.0,0.0
2012-12-20 00:00:00+09:00,765.7516132223195,779.1858520507812,765.7516132223195,779.1858520507812,700,0.0,0.0
2012-12-21 00:00:00+09:00,779.1857631750274,779.1857631750274,765.7515258789062,765.7515258789062,1900,0.0,0.0
2012-12-25 00:00:00+09:00,772.4687593477266,772.4687593477266,745.6002807617188,745.6002807617188,2700,0.0,0.0
2012-12-26 00:00:00+09:00,759.0344072308458,765.7515258789062,759.0344072308458,765.7515258789062,1200,0.0,0.0
2012-12-27 00:00:00+09:00,772.4685798257084,792.6199340820312,765.7514617402675,792.6199340820312,1400,0.0,0.0
2012-12-28 00:00:00+09:00,785.902784729004,806.0541381835939,785.902784729004,806.0541381835938,1600,0.0,0.0
2013-01-04 00:00:00+09:00,812.7714233398438,826.2056617421553,812.7714233398438,812.7714233398438,1600,0.0,0.0
2013-01-07 00:00:00+09:00,826.2056617421553,826.2056617421553,812.7714233398438,812.7714233398438,1200,0.0,0.0
2013-01-08 00:00:00+09:00,806.0541381835939,812.7712560017904,806.0541381835939,806.0541381835938,600,0.0,0.0
2013-01-09 00:00:00+09:00,812.7714233398438,819.4885425409994,806.054304138688,812.7714233398438,1800,0.0,0.0
2013-01-10 00:00:00+09:00,826.2056274414062,846.3569842082699,819.4885085191185,826.2056274414062,1400,0.0,0.0
2013-01-11 00:00:00+09:00,832.9226394403177,832.9226394403177,812.7712852603099,819.4884033203125,1200,0.0,0.0
2013-01-15 00:00:00+09:00,839.639875623915,846.3569946289062,819.488518608941,846.3569946289062,1600,0.0,0.0
2013-01-16 00:00:00+09:00,846.356765625,846.356765625,839.6396484375,839.6396484375,400,0.0,0.0
2013-01-17 00:00:00+09:00,832.92253125,846.356765625,832.92253125,839.6396484375,500,0.0,0.0
2013-01-18 00:00:00+09:00,846.3569946289062,846.3569946289062,839.639875623915,846.3569946289062,1100,0.0,0.0
2013-01-21 00:00:00+09:00,846.3569946289062,846.3569946289062,839.639875623915,846.3569946289062,1500,0.0,0.0
2013-01-22 00:00:00+09:00,839.6399790846457,873.2255782480315,839.6399790846457,853.07421875,4100,0.0,0.0
2013-01-23 00:00:00+09:00,853.0738828125001,853.0738828125001,832.92253125,839.6396484375,2300,0.0,0.0
2013-01-24 00:00:00+09:00,826.2054140625,839.6396484375,826.2054140625,839.6396484375,700,0.0,0.0
2013-01-25 00:00:00+09:00,839.6396484375,846.356765625,839.6396484375,839.6396484375,1200,0.0,0.0
2013-01-28 00:00:00+09:00,846.356765625,853.0738828125001,839.6396484375,839.6396484375,600,0.0,0.0
2013-01-29 00:00:00+09:00,832.9227294921875,839.6398482784148,832.9227294921875,832.9227294921875,1200,0.0,0.0
2013-01-30 00:00:00+09:00,832.9227294921875,832.9227294921875,819.4884919197328,832.9227294921875,2000,0.0,0.0
2013-01-31 00:00:00+09:00,832.9227294921875,832.9227294921875,826.2056107059602,832.9227294921875,700,0.0,0.0
2013-02-01 00:00:00+09:00,832.9227294921875,839.6398482784148,832.9227294921875,832.9227294921875,1100,0.0,0.0
2013-02-04 00:00:00+09:00,846.3569670646422,853.0740858508694,826.2056107059602,832.9227294921875,4100,0.0,0.0
2013-02-05 00:00:00+09:00,832.9227294921875,832.9227294921875,832.9227294921875,832.9227294921875,800,0.0,0.0
2013-02-06 00:00:00+09:00,832.9227566189237,846.3569946289062,832.9227566189237,846.3569946289062,1400,0.0,0.0
2013-02-07 00:00:00+09:00,839.639875623915,846.3569946289062,832.9227566189237,846.3569946289062,400,0.0,0.0
2013-02-08 00:00:00+09:00,839.6398482784148,839.6398482784148,819.4884919197328,832.9227294921875,2600,0.0,0.0
2013-02-12 00:00:00+09:00,832.9227294921875,832.9227294921875,812.7713731335056,832.9227294921875,800,0.0,0.0
2013-02-13 00:00:00+09:00,812.7712720342043,812.7712720342043,785.9028002314207,799.3370361328125,3300,0.0,0.0
2013-02-14 00:00:00+09:00,799.3371926332131,799.3371926332131,785.9029541015625,785.9029541015625,1100,0.0,0.0
2013-02-15 00:00:00+09:00,772.4685388967532,772.4685388967532,712.0144793309204,732.1658325195312,5300,0.0,0.0
2013-02-18 00:00:00+09:00,732.1658325195312,745.6000679786052,732.1658325195312,732.1658325195312,1200,0.0,0.0
2013-02-19 00:00:00+09:00,732.1659326386034,765.7515258789062,732.1659326386034,765.7515258789062,1100,0.0,0.0
2013-02-20 00:00:00+09:00,772.4687326365504,779.1858520507812,765.7516132223195,779.1858520507812,800,0.0,0.0
2013-02-21 00:00:00+09:00,779.1858520507812,785.9029714650121,779.1858520507812,779.1858520507812,1300,0.0,0.0
2013-02-22 00:00:00+09:00,792.6199340820312,792.6199340820312,792.6199340820312,792.6199340820312,500,0.0,0.0
2013-02-25 00:00:00+09:00,792.6199340820312,792.6199340820312,792.6199340820312,792.6199340820312,200,0.0,0.0
2013-02-26 00:00:00+09:00,792.6199340820312,792.6199340820312,779.1856979111494,792.6199340820312,1000,0.0,0.0
2013-02-27 00:00:00+09:00,785.9028130202997,819.4884033203125,785.9028130202997,819.4884033203125,1600,0.0,0.0
2013-02-28 00:00:00+09:00,799.3370203653972,812.7712560017904,799.3370203653972,806.0541381835938,700,0.0,0.0
2013-03-01 00:00:00+09:00,806.0541381835939,806.0541381835939,806.0541381835939,806.0541381835938,200,0.0,0.0
2013-03-04 00:00:00+09:00,812.7713731335056,832.9227294921875,812.7713731335056,832.9227294921875,1100,0.0,0.0
2013-03-05 00:00:00+09:00,826.2056617421553,826.2056617421553,799.3371849375322,812.7714233398438,1100,0.0,0.0
2013-03-06 00:00:00+09:00,812.7712560017904,819.488373819987,806.0541381835939,806.0541381835938,400,0.0,0.0
2013-03-07 00:00:00+09:00,826.2055213803151,826.2055213803151,819.4884033203125,819.4884033203125,300,0.0,0.0
2013-03-08 00:00:00+09:00,853.07421875,853.07421875,846.3570989173228,853.07421875,2600,0.0,0.0
2013-03-11 00:00:00+09:00,853.07421875,859.7913385826771,853.07421875,853.07421875,1300,0.0,0.0
2013-03-12 00:00:00+09:00,853.0740858508694,853.0740858508694,832.9227294921875,832.9227294921875,200,0.0,0.0
2013-03-13 00:00:00+09:00,839.6396484375,853.0738828125001,819.4882968750001,839.6396484375,1300,0.0,0.0
2013-03-14 00:00:00+09:00,826.2056274414062,826.2056274414062,826.2056274414062,826.2056274414062,300,0.0,0.0
2013-03-15 00:00:00+09:00,832.9227294921875,839.6398482784148,832.9227294921875,832.9227294921875,600,0.0,0.0
2013-03-18 00:00:00+09:00,832.9226394403177,832.9226394403177,819.4884033203125,819.4884033203125,600,0.0,0.0
2013-03-19 00:00:00+09:00,846.3569946289062,846.3569946289062,839.639875623915,846.3569946289062,800,0.0,0.0
2013-03-21 00:00:00+09:00,832.92253125,839.6396484375,832.92253125,839.6396484375,1000,0.0,0.0
2013-03-22 00:00:00+09:00,839.6396484375,839.6396484375,839.6396484375,839.6396484375,500,0.0,0.0
2013-03-25 00:00:00+09:00,846.3570989173228,853.07421875,846.3570989173228,853.07421875,2400,0.0,0.0
2013-03-26 00:00:00+09:00,853.0738828125001,853.0738828125001,839.6396484375,839.6396484375,1400,0.0,0.0
2013-03-27 00:00:00+09:00,867.3963012695312,867.3963012695312,867.3963012695312,867.3963012695312,200,40.0,0.0
2013-03-28 00:00:00+09:00,846.5789184570312,846.5789184570312,846.5789184570312,846.5789184570312,500,0.0,0.0
2013-03-29 00:00:00+09:00,846.5789907759979,846.5789907759979,825.761474609375,825.761474609375,600,0.0,0.0
2013-04-01 00:00:00+09:00,825.7616375467052,825.7616375467052,798.0049438476562,798.0049438476562,800,0.0,0.0
2013-04-02 00:00:00+09:00,763.3090318952288,777.1873779296875,735.5523398263115,777.1873779296875,3900,0.0,0.0
2013-04-03 00:00:00+09:00,784.1264407509251,791.0656127929688,784.1264407509251,791.0656127929688,500,0.0,0.0
2013-04-04 00:00:00+09:00,791.0656127929688,791.0656127929688,791.0656127929688,791.0656127929688,100,0.0,0.0
2013-04-05 00:00:00+09:00,825.7615487986598,825.7615487986598,804.9440307617188,804.9440307617188,1200,0.0,0.0
2013-04-08 00:00:00+09:00,784.1265969981318,798.0049438476562,784.1265969981318,798.0049438476562,1100,0.0,0.0
2013-04-09 00:00:00+09:00,798.0048580827385,804.9440307617188,798.0048580827385,804.9440307617188,2800,0.0,0.0
2013-04-10 00:00:00+09:00,804.9441172724185,804.9441172724185,798.0049438476562,798.0049438476562,600,0.0,0.0
2013-04-11 00:00:00+09:00,804.9438621391685,818.8222045898438,804.9438621391685,818.8222045898438,600,0.0,0.0
2013-04-12 00:00:00+09:00,825.7615487986598,825.7615487986598,804.9440307617188,804.9440307617188,1000,0.0,0.0
2013-04-15 00:00:00+09:00,811.8830333645061,818.8222045898438,811.8830333645061,818.8222045898438,300,0.0,0.0
2013-04-16 00:00:00+09:00,818.8222045898438,818.8222045898438,818.8222045898438,818.8222045898438,100,0.0,0.0
2013-04-17 00:00:00+09:00,818.822302553834,825.761474609375,818.822302553834,825.761474609375,200,0.0,0.0
2013-04-18 00:00:00+09:00,832.7007587139423,832.7007587139423,811.8832397460938,811.8832397460938,500,0.0,0.0
2013-04-19 00:00:00+09:00,811.8831304982931,832.700646664916,811.8831304982931,825.761474609375,2100,0.0,0.0
2013-04-22 00:00:00+09:00,825.7615487986598,825.7615487986598,798.0048580827385,804.9440307617188,2100,0.0,0.0
2013-04-23 00:00:00+09:00,811.8830474853517,832.7005615234376,811.8830474853517,832.7005615234375,1700,0.0,0.0
2013-04-24 00:00:00+09:00,839.6399536132812,846.5791267836389,832.7007804429236,839.6399536132812,2500,0.0,0.0
2013-04-25 00:00:00+09:00,832.7007804429236,846.5791267836389,832.7007804429236,839.6399536132812,1400,0.0,0.0
2013-04-26 00:00:00+09:00,839.6397469942686,846.5789184570312,839.6397469942686,846.5789184570312,1400,0.0,0.0
2013-04-30 00:00:00+09:00,846.5791267836389,846.5791267836389,839.6399536132812,839.6399536132812,700,0.0,0.0
2013-05-01 00:00:00+09:00,839.6397469942686,846.5789184570312,839.6397469942686,846.5789184570312,800,0.0,0.0
2013-05-02 00:00:00+09:00,846.5791267836389,846.5791267836389,839.6399536132812,839.6399536132812,1300,0.0,0.0
2013-05-07 00:00:00+09:00,846.5789922898816,860.4573364257812,846.5789922898816,860.4573364257812,2200,0.0,0.0
2013-05-08 00:00:00+09:00,853.5182495117188,853.5182495117188,853.5182495117188,853.5182495117188,1000,0.0,0.0
2013-05-09 00:00:00+09:00,846.5789184570312,846.5789184570312,846.5789184570312,846.5789184570312,1400,0.0,0.0
2013-05-10 00:00:00+09:00,839.6397469942686,846.5789184570312,839.6397469942686,846.5789184570312,1100,0.0,0.0
2013-05-13 00:00:00+09:00,846.5789184570312,853.5180899197937,846.5789184570312,846.5789184570312,800,0.0,0.0
2013-05-14 00:00:00+09:00,853.5182999539967,853.5182999539967,839.6399536132812,839.6399536132812,900,0.0,0.0
2013-05-15 00:00:00+09:00,874.335693359375,888.2140376984127,860.4573490203372,874.335693359375,8900,0.0,0.0
2013-05-16 00:00:00+09:00,874.3358194650698,874.3358194650698,825.7616072725659,839.6399536132812,5900,0.0,0.0
2013-05-17 00:00:00+09:00,839.6398202219317,860.4573364257812,839.6398202219317,860.4573364257812,1700,0.0,0.0
2013-05-20 00:00:00+09:00,881.2750244140625,895.1533712552288,881.2750244140625,881.2750244140625,4800,0.0,0.0
2013-05-21 00:00:00+09:00,895.1531742976263,909.0315180851863,888.2140024038462,902.0923461914062,6000,0.0,0.0
2013-05-22 00:00:00+09:00,915.9709215666119,929.8492688630756,909.0317479183799,922.9100952148438,1900,0.0,0.0
2013-05-23 00:00:00+09:00,950.6665494478666,964.5448932354267,902.0923461914062,902.0923461914062,5500,0.0,0.0
2013-05-24 00:00:00+09:00,902.0923461914062,909.0315180851863,881.2748305100662,902.0923461914062,1600,0.0,0.0
2013-05-27 00:00:00+09:00,881.2749405527502,881.2749405527502,853.5182495117188,853.5182495117188,2100,0.0,0.0
2013-05-28 00:00:00+09:00,853.5181768508185,881.2748655288939,846.5790046812996,874.335693359375,3600,0.0,0.0
2013-05-29 00:00:00+09:00,881.2748655288939,881.2748655288939,874.335693359375,874.335693359375,500,0.0,0.0
2013-05-30 00:00:00+09:00,853.5179604492188,867.3963012695312,853.5179604492188,867.3963012695312,300,0.0,0.0
2013-05-31 00:00:00+09:00,881.2748655288939,881.2748655288939,853.5181768508185,874.335693359375,600,0.0,0.0
2013-06-03 00:00:00+09:00,860.4575046705163,860.4575046705163,798.0049438476562,798.0049438476562,2500,0.0,0.0
2013-06-04 00:00:00+09:00,811.8830474853517,832.7005615234376,811.8830474853517,832.7005615234375,1500,0.0,0.0
2013-06-05 00:00:00+09:00,839.6399039912029,853.5182495117188,839.6399039912029,853.5182495117188,1000,0.0,0.0
2013-06-06 00:00:00+09:00,825.7615857246594,832.7007587139423,811.8832397460938,811.8832397460938,1100,0.0,0.0
2013-06-07 00:00:00+09:00,784.1263427734375,791.0655139484237,742.4913157235205,784.1263427734375,3500,0.0,0.0
2013-06-10 00:00:00+09:00,804.9441167876477,881.2750244140625,798.0049433670645,881.2750244140625,1600,0.0,0.0
2013-06-11 00:00:00+09:00,860.4573364257812,860.4573364257812,832.7006481539819,860.4573364257812,600,0.0,0.0
2013-06-12 00:00:00+09:00,811.8832034406992,811.8832034406992,804.9440307617188,804.9440307617188,200,0.0,0.0
2013-06-13 00:00:00+09:00,839.6397328694662,839.6397328694662,804.9438761393229,832.7005615234375,600,0.0,0.0
2013-06-14 00:00:00+09:00,839.6397328694662,853.5180755615235,832.7005615234376,832.7005615234375,1100,0.0,0.0
2013-06-17 00:00:00+09:00,846.5790767514608,860.4574222719766,839.6399039912029,853.5182495117188,500,0.0,0.0
2013-06-18 00:00:00+09:00,846.5789922898816,860.4573364257812,846.5789922898816,860.4573364257812,2000,0.0,0.0
2013-06-19 00:00:00+09:00,853.5183307317297,881.2750244140625,853.5183307317297,881.2750244140625,5300,0.0,0.0
2013-06-20 00:00:00+09:00,922.9098618727464,922.9098618727464,881.2748305100662,902.0923461914062,5400,0.0,0.0
2013-06-21 00:00:00+09:00,867.3965211898561,874.335693359375,860.4573490203372,874.335693359375,1200,0.0,0.0
2013-06-24 00:00:00+09:00,902.0923820374504,902.0923820374504,874.335693359375,874.335693359375,900,0.0,0.0
2013-06-25 00:00:00+09:00,853.5180755615235,853.5180755615235,818.8222188313803,832.7005615234375,3100,0.0,0.0
2013-06-26 00:00:00+09:00,832.7007214776402,832.7007214776402,804.9440307617188,804.9440307617188,2400,0.0,0.0
2013-06-27 00:00:00+09:00,811.8832034406992,811.8832034406992,804.9440307617188,804.9440307617188,1600,0.0,0.0
2013-06-28 00:00:00+09:00,839.6397328694662,874.3355895996094,832.7005615234376,832.7005615234375,4700,0.0,0.0
2013-07-01 00:00:00+09:00,832.7007804429236,839.6399536132812,832.7007804429236,839.6399536132812,300,0.0,0.0
2013-07-02 00:00:00+09:00,846.5789184570312,846.5789184570312,839.6397469942686,846.5789184570312,400,0.0,0.0
2013-07-03 00:00:00+09:00,846.5789184570312,846.5789184570312,846.5789184570312,846.5789184570312,700,0.0,0.0
2013-07-04 00:00:00+09:00,888.2142944335938,895.1534686088562,888.2142944335938,888.2142944335938,3300,0.0,0.0
2013-07-05 00:00:00+09:00,915.9706658516221,915.9706658516221,902.0923224296279,909.031494140625,2800,0.0,0.0
2013-07-08 00:00:00+09:00,909.0315542069692,909.0315542069692,874.335693359375,874.335693359375,1400,0.0,0.0
2013-07-09 00:00:00+09:00,909.0317283452944,909.0317283452944,867.3966873523801,895.1533813476562,400,0.0,0.0
2013-07-10 00:00:00+09:00,902.0923461914062,902.0923461914062,902.0923461914062,902.0923461914062,100,0.0,0.0
2013-07-11 00:00:00+09:00,902.0923461914062,902.0923461914062,902.0923461914062,902.0923461914062,500,0.0,0.0
2013-07-12 00:00:00+09:00,902.0925548464753,902.0925548464753,846.5791668559231,895.1533813476562,1700,0.0,0.0
2013-07-16 00:00:00+09:00,909.031494140625,915.9706658516221,909.031494140625,909.031494140625,900,0.0,0.0
2013-07-17 00:00:00+09:00,895.1531742976263,902.0923461914062,881.2748305100662,902.0923461914062,1900,0.0,0.0
2013-07-18 00:00:00+09:00,909.031494140625,915.9706658516221,909.031494140625,909.031494140625,1500,0.0,0.0
2013-07-19 00:00:00+09:00,909.0318169593811,909.0318169593811,888.2142944335938,888.2142944335938,1700,0.0,0.0
2013-07-22 00:00:00+09:00,929.8490471117425,929.8490471117425,915.9707031250001,915.970703125,3100,0.0,0.0
2013-07-23 00:00:00+09:00,902.0923461914062,902.0923461914062,902.0923461914062,902.0923461914062,400,0.0,0.0
2013-07-24 00:00:00+09:00,902.0923461914062,902.0923461914062,902.0923461914062,902.0923461914062,0,0.0,0.0
2013-07-25 00:00:00+09:00,922.9100952148438,922.9100952148438,922.9100952148438,922.9100952148438,100,0.0,0.0
2013-07-26 00:00:00+09:00,922.9100753429325,922.9100753429325,895.1533813476564,895.1533813476562,500,0.0,0.0
2013-07-29 00:00:00+09:00,874.3354716796875,874.3354716796875,867.3963012695312,867.3963012695312,300,0.0,0.0
2013-07-30 00:00:00+09:00,888.2142944335938,888.2142944335938,888.2142944335938,888.2142944335938,100,0.0,0.0
2013-07-31 00:00:00+09:00,902.0923820374504,902.0923820374504,874.335693359375,874.335693359375,500,0.0,0.0
2013-08-01 00:00:00+09:00,874.335693359375,874.335693359375,874.335693359375,874.335693359375,100,0.0,0.0
2013-08-02 00:00:00+09:00,888.2141978346456,909.0317180963951,881.2750244140625,881.2750244140625,500,0.0,0.0
2013-08-05 00:00:00+09:00,902.0925548464753,902.0925548464753,881.2750343500182,895.1533813476562,1000,0.0,0.0
2013-08-06 00:00:00+09:00,902.0923461914062,902.0923461914062,902.0923461914062,902.0923461914062,400,0.0,0.0
2013-08-07 00:00:00+09:00,888.2141978346456,888.2141978346456,881.2750244140625,881.2750244140625,300,0.0,0.0
2013-08-08 00:00:00+09:00,881.2750244140625,881.2750244140625,881.2750244140625,881.2750244140625,0,0.0,0.0
2013-08-09 00:00:00+09:00,895.1533813476564,895.1533813476564,895.1533813476564,895.1533813476562,100,0.0,0.0
2013-08-12 00:00:00+09:00,874.3357677924923,874.3357677924923,853.5182495117188,853.5182495117188,700,0.0,0.0
2013-08-13 00:00:00+09:00,860.4574222719766,860.4574222719766,853.5182495117188,853.5182495117188,1000,0.0,0.0
2013-08-14 00:00:00+09:00,853.5181643578314,860.4573364257812,853.5181643578314,860.4573364257812,500,0.0,0.0
2013-08-15 00:00:00+09:00,860.4573364257812,860.4573364257812,860.4573364257812,860.4573364257812,0,0.0,0.0
2013-08-16 00:00:00+09:00,860.4573364257812,860.4573364257812,860.4573364257812,860.4573364257812,0,0.0,0.0
2013-08-19 00:00:00+09:00,853.5182999539967,853.5182999539967,832.7007804429236,839.6399536132812,3800,0.0,0.0
2013-08-20 00:00:00+09:00,832.7007804429236,853.5182999539967,832.7007804429236,839.6399536132812,800,0.0,0.0
2013-08-21 00:00:00+09:00,839.6399317032251,839.6399317032251,791.0657207782451,811.8832397460938,3700,0.0,0.0
2013-08-22 00:00:00+09:00,811.8832397460938,811.8832397460938,811.8832397460938,811.8832397460938,300,0.0,0.0
2013-08-23 00:00:00+09:00,825.761474609375,825.761474609375,825.761474609375,825.761474609375,200,0.0,0.0
2013-08-26 00:00:00+09:00,818.822302553834,825.761474609375,818.822302553834,825.761474609375,300,0.0,0.0
2013-08-27 00:00:00+09:00,818.8222045898438,818.8222045898438,818.8222045898438,818.8222045898438,200,0.0,0.0
2013-08-28 00:00:00+09:00,811.8832397460938,811.8832397460938,811.8832397460938,811.8832397460938,100,0.0,0.0
2013-08-29 00:00:00+09:00,811.8830474853517,832.7005615234376,811.8830474853517,832.7005615234375,500,0.0,0.0
2013-08-30 00:00:00+09:00,832.7005470405192,832.7005470405192,818.8222045898438,818.8222045898438,500,0.0,0.0
2013-09-02 00:00:00+09:00,818.8222045898438,818.8222045898438,818.8222045898438,818.8222045898438,100,0.0,0.0
2013-09-03 00:00:00+09:00,832.7005615234376,832.7005615234376,832.7005615234376,832.7005615234375,100,0.0,0.0
2013-09-04 00:00:00+09:00,832.700646664916,832.700646664916,825.761474609375,825.761474609375,400,0.0,0.0
2013-09-05 00:00:00+09:00,832.7005615234376,832.7005615234376,832.7005615234376,832.7005615234375,1400,0.0,0.0
2013-09-06 00:00:00+09:00,839.6398187204569,839.6398187204569,825.761474609375,825.761474609375,300,0.0,0.0
2013-09-09 00:00:00+09:00,825.761474609375,825.761474609375,825.761474609375,825.761474609375,1200,0.0,0.0
2013-09-10 00:00:00+09:00,832.7007804429236,853.5182999539967,825.7616072725659,839.6399536132812,3300,0.0,0.0
2013-09-11 00:00:00+09:00,853.5182495117188,867.3965950322345,846.5790767514608,853.5182495117188,2000,0.0,0.0
2013-09-12 00:00:00+09:00,853.5182495117188,853.5182495117188,853.5182495117188,853.5182495117188,0,0.0,0.0
2013-09-13 00:00:00+09:00,846.5791267836389,846.5791267836389,839.6399536132812,839.6399536132812,900,0.0,0.0
2013-09-17 00:00:00+09:00,839.6399536132812,846.5791267836389,832.7007804429236,839.6399536132812,1700,0.0,0.0
2013-09-18 00:00:00+09:00,853.5182495117188,860.4574222719766,853.5182495117188,853.5182495117188,2400,0.0,0.0
2013-09-19 00:00:00+09:00,853.5182495117188,853.5182495117188,846.5790767514608,853.5182495117188,1400,0.0,0.0
2013-09-20 00:00:00+09:00,853.5179604492188,888.2138125,853.5179604492188,867.3963012695312,3200,0.0,0.0
2013-09-24 00:00:00+09:00,888.2142944335938,888.2142944335938,867.3967719078064,888.2142944335938,2100,0.0,0.0
2013-09-25 00:00:00+09:00,888.2142944335938,888.2142944335938,881.2751202583313,888.2142944335938,2000,0.0,0.0
2013-09-26 00:00:00+09:00,867.3966775728961,888.2141978346456,853.5183307317297,881.2750244140625,2900,0.0,0.0
2013-09-27 00:00:00+09:00,881.2750343500182,895.1533813476564,881.2750343500182,895.1533813476562,600,0.0,0.0
2013-09-30 00:00:00+09:00,895.1532098679315,895.1532098679315,874.335693359375,874.335693359375,900,0.0,0.0
2013-10-01 00:00:00+09:00,874.3359460830688,888.2142944335938,874.3359460830688,888.2142944335938,900,0.0,0.0
2013-10-02 00:00:00+09:00,915.9709911346436,915.9709911346436,888.2142944335938,888.2142944335938,3000,0.0,0.0
2013-10-03 00:00:00+09:00,895.1533813476564,895.1533813476564,895.1533813476564,895.1533813476562,100,0.0,0.0
2013-10-04 00:00:00+09:00,888.2140376984127,888.2140376984127,867.3965211898561,874.335693359375,1000,0.0,0.0
2013-10-07 00:00:00+09:00,867.3964328453189,867.3964328453189,839.6397469942686,846.5789184570312,2600,0.0,0.0
2013-10-08 00:00:00+09:00,839.6397328694662,846.5789042154948,832.7005615234376,832.7005615234375,800,0.0,0.0
2013-10-09 00:00:00+09:00,846.5789184570312,846.5789184570312,846.5789184570312,846.5789184570312,100,0.0,0.0
2013-10-10 00:00:00+09:00,853.5180899197937,853.5180899197937,846.5789184570312,846.5789184570312,200,0.0,0.0
2013-10-11 00:00:00+09:00,860.4573364257812,860.4573364257812,860.4573364257812,860.4573364257812,200,0.0,0.0
2013-10-15 00:00:00+09:00,867.3965084937312,867.3965084937312,860.4573364257812,860.4573364257812,500,0.0,0.0
2013-10-16 00:00:00+09:00,860.4573364257812,860.4573364257812,860.4573364257812,860.4573364257812,0,0.0,0.0
2013-10-17 00:00:00+09:00,867.3965211898561,874.335693359375,867.3965211898561,874.335693359375,700,0.0,0.0
2013-10-18 00:00:00+09:00,874.335693359375,888.2140376984127,860.4573490203372,874.335693359375,1400,0.0,0.0
2013-10-21 00:00:00+09:00,895.1533813476564,895.1533813476564,895.1533813476564,895.1533813476562,600,0.0,0.0
2013-10-22 00:00:00+09:00,895.1533712552288,902.092544675812,881.2750244140625,881.2750244140625,700,0.0,0.0
2013-10-23 00:00:00+09:00,888.2140376984127,888.2140376984127,874.335693359375,874.335693359375,300,0.0,0.0
2013-10-24 00:00:00+09:00,874.335693359375,874.335693359375,874.335693359375,874.335693359375,0,0.0,0.0
2013-10-25 00:00:00+09:00,895.1534686088562,895.1534686088562,888.2142944335938,888.2142944335938,300,0.0,0.0
2013-10-28 00:00:00+09:00,881.2750343500182,895.1533813476564,881.2750343500182,895.1533813476562,300,0.0,0.0
2013-10-29 00:00:00+09:00,902.0923461914062,902.0923461914062,902.0923461914062,902.0923461914062,700,0.0,0.0
2013-10-30 00:00:00+09:00,888.2142944335938,895.1534686088562,888.2142944335938,888.2142944335938,400,0.0,0.0
2013-10-31 00:00:00+09:00,888.2142944335938,888.2142944335938,888.2142944335938,888.2142944335938,900,0.0,0.0
2013-11-01 00:00:00+09:00,881.2750244140625,881.2750244140625,881.2750244140625,881.2750244140625,500,0.0,0.0
2013-11-05 00:00:00+09:00,902.0923461914062,902.0923461914062,902.0923461914062,902.0923461914062,400,0.0,0.0
2013-11-06 00:00:00+09:00,881.2748305100662,902.0923461914062,881.2748305100662,902.0923461914062,400,0.0,0.0
2013-11-07 00:00:00+09:00,902.0923461914062,902.0923461914062,902.0923461914062,902.0923461914062,700,0.0,0.0
2013-11-08 00:00:00+09:00,874.335693359375,881.2748655288939,867.3965211898561,874.335693359375,700,0.0,0.0
2013-11-11 00:00:00+09:00,853.5180899197937,860.4572613825563,839.6397469942686,846.5789184570312,2200,0.0,0.0
2013-11-12 00:00:00+09:00,846.5789184570312,846.5789184570312,846.5789184570312,846.5789184570312,100,0.0,0.0
2013-11-13 00:00:00+09:00,846.5790767514608,853.5182495117188,846.5790767514608,853.5182495117188,300,0.0,0.0
2013-11-14 00:00:00+09:00,860.4573364257812,860.4573364257812,860.4573364257812,860.4573364257812,400,0.0,0.0
2013-11-15 00:00:00+09:00,853.5180899197937,860.4572613825563,839.6397469942686,846.5789184570312,1700,0.0,0.0
2013-11-18 00:00:00+09:00,846.5790767514608,853.5182495117188,846.5790767514608,853.5182495117188,400,0.0,0.0
2013-11-19 00:00:00+09:00,860.4573364257812,860.4573364257812,860.4573364257812,860.4573364257812,100,0.0,0.0
2013-11-20 00:00:00+09:00,860.4573364257812,860.4573364257812,853.5181643578314,860.4573364257812,2800,0.0,0.0
2013-11-21 00:00:00+09:00,853.5179604492188,867.3963012695312,853.5179604492188,867.3963012695312,1600,0.0,0.0
2013-11-22 00:00:00+09:00,867.3965084937312,867.3965084937312,860.4573364257812,860.4573364257812,500,0.0,0.0
2013-11-25 00:00:00+09:00,874.3354716796875,881.2746420898437,867.3963012695312,867.3963012695312,600,0.0,0.0
2013-11-26 00:00:00+09:00,867.3963012695312,867.3963012695312,867.3963012695312,867.3963012695312,500,0.0,0.0
2013-11-27 00:00:00+09:00,874.335693359375,874.335693359375,874.335693359375,874.335693359375,100,0.0,0.0
2013-11-28 00:00:00+09:00,874.335693359375,874.335693359375,867.3965211898561,874.335693359375,300,0.0,0.0
2013-11-29 00:00:00+09:00,881.2748655288939,881.2748655288939,867.3965211898561,874.335693359375,1300,0.0,0.0
2013-12-02 00:00:00+09:00,874.3358608511992,895.1533813476564,874.3358608511992,895.1533813476562,1600,0.0,0.0
2013-12-03 00:00:00+09:00,895.1534686088562,902.0926427841187,888.2142944335938,888.2142944335938,1900,0.0,0.0
2013-12-04 00:00:00+09:00,902.0923461914062,902.0923461914062,895.1531742976263,902.0923461914062,3000,0.0,0.0
2013-12-05 00:00:00+09:00,902.0923461914062,902.0923461914062,902.0923461914062,902.0923461914062,7200,0.0,0.0
2013-12-06 00:00:00+09:00,888.2142944335938,888.2142944335938,874.3359460830688,888.2142944335938,500,0.0,0.0
2013-12-09 00:00:00+09:00,881.2751202583313,888.2142944335938,881.2751202583313,888.2142944335938,200,0.0,0.0
2013-12-10 00:00:00+09:00,867.3965211898561,874.335693359375,867.3965211898561,874.335693359375,1400,0.0,0.0
2013-12-11 00:00:00+09:00,867.3965084937312,867.3965084937312,846.5789922898816,860.4573364257812,1600,0.0,0.0
2013-12-12 00:00:00+09:00,853.5181643578314,860.4573364257812,853.5181643578314,860.4573364257812,600,0.0,0.0
2013-12-13 00:00:00+09:00,853.5180899197937,853.5180899197937,846.5789184570312,846.5789184570312,1400,0.0,0.0
2013-12-16 00:00:00+09:00,867.396646294712,867.396646294712,839.6399536132812,839.6399536132812,800,0.0,0.0
2013-12-17 00:00:00+09:00,846.5791267836389,846.5791267836389,839.6399536132812,839.6399536132812,800,0.0,0.0
2013-12-18 00:00:00+09:00,839.6399536132812,839.6399536132812,839.6399536132812,839.6399536132812,1500,0.0,0.0
2013-12-19 00:00:00+09:00,846.5791267836389,853.5182999539967,839.6399536132812,839.6399536132812,1400,0.0,0.0
2013-12-20 00:00:00+09:00,846.5789487416507,957.6056961176049,839.6397770306536,909.031494140625,15400,0.0,0.0
2013-12-24 00:00:00+09:00,895.1532860732659,895.1532860732659,846.5790767514608,853.5182495117188,10700,0.0,0.0
2013-12-25 00:00:00+09:00,853.5182495117188,860.4574222719766,846.5790767514608,853.5182495117188,1400,0.0,0.0
2013-12-26 00:00:00+09:00,860.4571308593751,881.2746420898437,846.5787900390625,867.3963012695312,2000,0.0,0.0
2013-12-27 00:00:00+09:00,867.3965211898561,874.335693359375,867.3965211898561,874.335693359375,1000,0.0,0.0
2013-12-30 00:00:00+09:00,895.1532098679315,902.0923820374504,867.3965211898561,874.335693359375,3400,0.0,0.0
2014-01-06 00:00:00+09:00,874.3359460830688,888.2142944335938,874.3359460830688,888.2142944335938,1000,0.0,0.0
2014-01-07 00:00:00+09:00,888.2142944335938,888.2142944335938,888.2142944335938,888.2142944335938,1000,0.0,0.0
2014-01-08 00:00:00+09:00,888.2142078488373,895.1533813476564,881.2750343500182,895.1533813476562,1600,0.0,0.0
2014-01-09 00:00:00+09:00,895.1531507186307,909.031494140625,888.2139790076336,909.031494140625,2900,0.0,0.0
2014-01-10 00:00:00+09:00,922.9098751183712,929.8490471117425,915.9707031250001,915.970703125,4200,0.0,0.0
2014-01-14 00:00:00+09:00,909.0315329001769,964.5449089551495,909.0315329001769,950.6665649414062,4600,0.0,0.0
2014-01-15 00:00:00+09:00,950.6668526785714,978.4235491071429,922.91015625,971.484375,4700,0.0,0.0
2014-01-16 00:00:00+09:00,978.4233398437501,992.3016850897607,971.4841672207448,978.42333984375,4300,0.0,0.0
2014-01-17 00:00:00+09:00,971.4839946359828,971.4839946359828,957.6056518554688,957.6056518554688,1500,0.0,0.0
2014-01-20 00:00:00+09:00,957.6057369482779,957.6057369482779,922.90987691392,950.6665649414062,4300,0.0,0.0
2014-01-21 00:00:00+09:00,978.4231708233173,1249.0508563701924,978.4231708233173,1082.5107421875,44500,0.0,0.0
2014-01-22 00:00:00+09:00,1026.99755859375,1040.875903980152,1006.180040514147,1026.99755859375,8600,0.0,0.0
2014-01-23 00:00:00+09:00,1020.0583992793643,1020.0583992793643,999.2408809267241,1006.1800537109375,1900,0.0,0.0
2014-01-24 00:00:00+09:00,992.3016602422151,999.2408326914614,985.3624877929688,985.3624877929688,900,0.0,0.0
2014-01-27 00:00:00+09:00,950.6665776753597,964.5449218749999,943.7274055755395,964.544921875,2400,0.0,0.0
2014-01-28 00:00:00+09:00,957.6057979959837,985.3624877929688,957.6057979959837,985.3624877929688,2200,0.0,0.0
2014-01-29 00:00:00+09:00,985.3625353582975,1006.1800537109375,985.3625353582975,1006.1800537109375,600,0.0,0.0
2014-01-30 00:00:00+09:00,985.3627232142857,985.3627232142857,964.5452008928571,971.484375,2000,0.0,0.0
2014-01-31 00:00:00+09:00,971.4843107524671,971.4843107524671,902.092574270148,922.9100952148438,2900,0.0,0.0
2014-02-03 00:00:00+09:00,922.9098751183712,922.9098751183712,915.9707031250001,915.970703125,600,0.0,0.0
2014-02-04 00:00:00+09:00,902.0925548464753,902.0925548464753,881.2750343500182,895.1533813476562,1800,0.0,0.0
2014-02-05 00:00:00+09:00,929.8492488417515,929.8492488417515,895.1533813476564,895.1533813476562,700,0.0,0.0
2014-02-06 00:00:00+09:00,888.2142078488373,895.1533813476564,874.3358608511992,895.1533813476562,800,0.0,0.0
2014-02-07 00:00:00+09:00,895.1534006219161,929.8492688630756,895.1534006219161,922.9100952148438,800,0.0,0.0
2014-02-10 00:00:00+09:00,936.7882690429688,936.7882690429688,936.7882690429688,936.7882690429688,200,0.0,0.0
2014-02-12 00:00:00+09:00,922.9100091279442,929.8491821289062,922.9100091279442,929.8491821289062,200,0.0,0.0
2014-02-13 00:00:00+09:00,909.0316148645737,943.7274780273438,902.0924422320197,943.7274780273438,2200,0.0,0.0
2014-02-14 00:00:00+09:00,902.0926427841187,902.0926427841187,888.2142944335938,888.2142944335938,1000,0.0,0.0
2014-02-17 00:00:00+09:00,888.2141978346456,888.2141978346456,881.2750244140625,881.2750244140625,300,0.0,0.0
2014-02-18 00:00:00+09:00,895.1531742976263,902.0923461914062,895.1531742976263,902.0923461914062,700,0.0,0.0
2014-02-19 00:00:00+09:00,909.0315311316289,915.9707031250001,909.0315311316289,915.970703125,700,0.0,0.0
2014-02-20 00:00:00+09:00,915.9707031250001,915.9707031250001,915.9707031250001,915.970703125,800,0.0,0.0
2014-02-21 00:00:00+09:00,915.9707031250001,915.9707031250001,915.9707031250001,915.970703125,500,0.0,0.0
2014-02-24 00:00:00+09:00,909.031494140625,909.031494140625,909.031494140625,909.031494140625,100,0.0,0.0
2014-02-25 00:00:00+09:00,909.0315180851863,909.0315180851863,902.0923461914062,902.0923461914062,300,0.0,0.0
2014-02-26 00:00:00+09:00,902.0923461914062,902.0923461914062,902.0923461914062,902.0923461914062,0,0.0,0.0
2014-02-27 00:00:00+09:00,909.031494140625,909.031494140625,909.031494140625,909.031494140625,200,0.0,0.0
2014-02-28 00:00:00+09:00,922.9100091279442,929.8491821289062,922.9100091279442,929.8491821289062,400,0.0,0.0
2014-03-03 00:00:00+09:00,909.0317479183799,922.9100952148438,909.0317479183799,922.9100952148438,500,0.0,0.0
2014-03-04 00:00:00+09:00,909.0315180851863,909.0315180851863,902.0923461914062,902.0923461914062,500,0.0,0.0
2014-03-05 00:00:00+09:00,915.9709215666119,922.9100952148438,915.9709215666119,922.9100952148438,400,0.0,0.0
2014-03-06 00:00:00+09:00,922.9100952148438,922.9100952148438,922.9100952148438,922.9100952148438,0,0.0,0.0
2014-03-07 00:00:00+09:00,929.8491327622357,943.7274780273438,929.8491327622357,943.7274780273438,1800,0.0,0.0
2014-03-10 00:00:00+09:00,922.9099243164062,943.7274414062499,922.9099243164062,936.7882690429688,900,0.0,0.0
2014-03-11 00:00:00+09:00,936.7882690429688,936.7882690429688,936.7882690429688,936.7882690429688,0,0.0,0.0
2014-03-12 00:00:00+09:00,936.7882690429688,936.7882690429688,936.7882690429688,936.7882690429688,1200,0.0,0.0
2014-03-13 00:00:00+09:00,922.9100952148438,922.9100952148438,915.9709215666119,922.9100952148438,400,0.0,0.0
2014-03-14 00:00:00+09:00,915.9706899789663,922.9098618727464,895.1531742976263,902.0923461914062,3400,0.0,0.0
2014-03-17 00:00:00+09:00,909.031494140625,909.031494140625,909.031494140625,909.031494140625,800,0.0,0.0
2014-03-18 00:00:00+09:00,902.0926427841187,902.0926427841187,888.2142944335938,888.2142944335938,500,0.0,0.0
2014-03-19 00:00:00+09:00,895.1533813476564,895.1533813476564,895.1533813476564,895.1533813476562,100,0.0,0.0
2014-03-20 00:00:00+09:00,902.0923820374504,902.0923820374504,874.335693359375,874.335693359375,1600,0.0,0.0
2014-03-24 00:00:00+09:00,867.3963012695312,874.3354716796875,867.3963012695312,867.3963012695312,1000,0.0,0.0
2014-03-25 00:00:00+09:00,860.457597732544,888.2142944335938,860.457597732544,888.2142944335938,400,0.0,0.0
2014-03-26 00:00:00+09:00,888.2142944335938,888.2142944335938,888.2142944335938,888.2142944335938,0,0.0,0.0
2014-03-27 00:00:00+09:00,916.8663940429688,916.8663940429688,916.8663940429688,916.8663940429688,0,40.0,0.0
2014-03-28 00:00:00+09:00,909.703375339508,916.8663940429688,909.703375339508,916.8663940429688,200,0.0,0.0
2014-03-31 00:00:00+09:00,916.8661334325396,916.8661334325396,902.5401000976562,902.5401000976562,700,0.0,0.0
2014-04-01 00:00:00+09:00,902.5401000976562,902.5401000976562,902.5401000976562,902.5401000976562,100,0.0,0.0
2014-04-02 00:00:00+09:00,895.3772116833784,909.7032470703125,895.3772116833784,909.7032470703125,700,0.0,0.0
2014-04-03 00:00:00+09:00,909.7032470703125,909.7032470703125,909.7032470703125,909.7032470703125,700,0.0,0.0
2014-04-04 00:00:00+09:00,902.5402293768454,909.7032470703125,902.5402293768454,909.7032470703125,1200,0.0,0.0
2014-04-07 00:00:00+09:00,909.7032470703125,909.7032470703125,909.7032470703125,909.7032470703125,300,0.0,0.0
2014-04-08 00:00:00+09:00,909.7032470703125,909.7032470703125,909.7032470703125,909.7032470703125,0,0.0,0.0
2014-04-09 00:00:00+09:00,895.3770668275894,895.3770668275894,888.2140502929688,888.2140502929688,500,0.0,0.0
2014-04-10 00:00:00+09:00,909.7032470703125,909.7032470703125,909.7032470703125,909.7032470703125,400,0.0,0.0
2014-04-11 00:00:00+09:00,873.8880172237273,888.2140502929688,873.8880172237273,888.2140502929688,800,0.0,0.0
2014-04-14 00:00:00+09:00,916.8663940429688,916.8663940429688,916.8663940429688,916.8663940429688,100,0.0,0.0
2014-04-15 00:00:00+09:00,916.8663940429688,916.8663940429688,916.8663940429688,916.8663940429688,0,0.0,0.0
2014-04-16 00:00:00+09:00,916.8663940429688,916.8663940429688,916.8663940429688,916.8663940429688,0,0.0,0.0
2014-04-17 00:00:00+09:00,916.865875,916.865875,895.3768310546875,895.3768310546875,200,0.0,0.0
2014-04-18 00:00:00+09:00,902.5402293768454,909.7032470703125,902.5402293768454,909.7032470703125,400,0.0,0.0
2014-04-21 00:00:00+09:00,924.029296875,924.029296875,924.029296875,924.029296875,700,0.0,0.0
2014-04-22 00:00:00+09:00,916.8662647637796,916.8662647637796,909.7032470703125,909.7032470703125,400,0.0,0.0
2014-04-23 00:00:00+09:00,888.2140502929688,888.2140502929688,888.2140502929688,888.2140502929688,100,0.0,0.0
2014-04-24 00:00:00+09:00,888.2140502929688,888.2140502929688,888.2140502929688,888.2140502929688,0,0.0,0.0
2014-04-25 00:00:00+09:00,888.2140502929688,888.2140502929688,888.2140502929688,888.2140502929688,0,0.0,0.0
2014-04-28 00:00:00+09:00,895.3769871445953,895.3769871445953,873.887939453125,873.887939453125,1000,0.0,0.0
2014-04-30 00:00:00+09:00,881.0510864257812,881.0510864257812,881.0510864257812,881.0510864257812,200,0.0,0.0
2014-05-01 00:00:00+09:00,888.2140502929688,888.2140502929688,888.2140502929688,888.2140502929688,100,0.0,0.0
2014-05-02 00:00:00+09:00,895.3770834302145,902.5401000976562,895.3770834302145,902.5401000976562,200,0.0,0.0
2014-05-07 00:00:00+09:00,916.8663940429688,916.8663940429688,916.8663940429688,916.8663940429688,400,0.0,0.0
2014-05-08 00:00:00+09:00,924.0288896484375,924.0288896484375,895.3768310546875,895.3768310546875,400,0.0,0.0
2014-05-09 00:00:00+09:00,895.3768310546875,895.3768310546875,895.3768310546875,895.3768310546875,0,0.0,0.0
2014-05-12 00:00:00+09:00,895.3770668275894,895.3770668275894,888.2140502929688,888.2140502929688,700,0.0,0.0
2014-05-13 00:00:00+09:00,888.2141939899115,909.7032470703125,888.2141939899115,909.7032470703125,1400,0.0,0.0
2014-05-14 00:00:00+09:00,902.5402293768454,909.7032470703125,902.5402293768454,909.7032470703125,300,0.0,0.0
2014-05-15 00:00:00+09:00,916.8663940429688,916.8663940429688,916.8663940429688,916.8663940429688,100,0.0,0.0
2014-05-16 00:00:00+09:00,916.8663940429688,916.8663940429688,916.8663940429688,916.8663940429688,100,0.0,0.0
2014-05-19 00:00:00+09:00,916.8663940429688,916.8663940429688,916.8663940429688,916.8663940429688,300,0.0,0.0
2014-05-20 00:00:00+09:00,916.8663940429688,916.8663940429688,916.8663940429688,916.8663940429688,100,0.0,0.0
2014-05-21 00:00:00+09:00,931.1920776367188,931.1920776367188,931.1920776367188,931.1920776367188,500,0.0,0.0
2014-05-22 00:00:00+09:00,931.1920776367188,931.1920776367188,931.1920776367188,931.1920776367188,0,0.0,0.0
2014-05-23 00:00:00+09:00,924.029296875,924.029296875,924.029296875,924.029296875,100,0.0,0.0
2014-05-26 00:00:00+09:00,902.539845703125,902.539845703125,888.21381640625,895.3768310546875,1500,0.0,0.0
2014-05-27 00:00:00+09:00,895.3768310546875,895.3768310546875,895.3768310546875,895.3768310546875,1300,0.0,0.0
2014-05-28 00:00:00+09:00,916.8663940429688,916.8663940429688,916.8663940429688,916.8663940429688,1000,0.0,0.0
2014-05-29 00:00:00+09:00,924.0292824572466,924.0292824572466,909.7032470703125,909.7032470703125,500,0.0,0.0
2014-05-30 00:00:00+09:00,916.8663940429688,916.8663940429688,916.8663940429688,916.8663940429688,300,0.0,0.0
2014-06-02 00:00:00+09:00,916.8662790697674,924.029296875,916.8662790697674,924.029296875,900,0.0,0.0
2014-06-03 00:00:00+09:00,924.0290616548979,931.1920776367188,924.0290616548979,931.1920776367188,600,0.0,0.0
2014-06-04 00:00:00+09:00,931.1923001507135,931.1923001507135,909.7032470703125,909.7032470703125,2100,0.0,0.0
2014-06-05 00:00:00+09:00,916.8663940429688,916.8663940429688,916.8663940429688,916.8663940429688,500,0.0,0.0
2014-06-06 00:00:00+09:00,916.8663940429688,916.8663940429688,916.8663940429688,916.8663940429688,100,0.0,0.0
2014-06-09 00:00:00+09:00,916.866045673077,931.1920776367188,916.866045673077,931.1920776367188,200,0.0,0.0
2014-06-10 00:00:00+09:00,931.1920776367188,931.1920776367188,931.1920776367188,931.1920776367188,400,0.0,0.0
2014-06-11 00:00:00+09:00,931.1920776367188,931.1920776367188,931.1920776367188,931.1920776367188,0,0.0,0.0
2014-06-12 00:00:00+09:00,931.1923146802325,931.1923146802325,924.029296875,924.029296875,200,0.0,0.0
2014-06-13 00:00:00+09:00,931.1920952074456,952.6811435583867,931.1920952074456,945.5181274414062,2300,0.0,0.0
2014-06-16 00:00:00+09:00,967.0073164754839,974.1703336345615,952.6812821573285,959.8442993164062,2400,0.0,0.0
2014-06-17 00:00:00+09:00,974.170235515511,995.6592848283532,967.0072190778969,981.333251953125,1900,0.0,0.0
2014-06-18 00:00:00+09:00,995.6593017578124,995.6593017578124,995.6593017578124,995.6593017578125,1300,0.0,0.0
2014-06-19 00:00:00+09:00,995.659571507594,1024.3116455078125,995.659571507594,1024.3116455078125,2300,0.0,0.0
2014-06-20 00:00:00+09:00,1060.1265718642978,1060.1265718642978,1031.474502354452,1045.800537109375,4900,0.0,0.0
2014-06-23 00:00:00+09:00,1060.12646484375,1060.12646484375,1038.637414880701,1060.12646484375,2400,0.0,0.0
2014-06-24 00:00:00+09:00,1060.1265637765523,1095.941650390625,1038.6375118081087,1095.941650390625,4700,0.0,0.0
2014-06-25 00:00:00+09:00,1060.126412410864,1074.452445011011,1052.9633961107907,1067.2894287109375,3800,0.0,0.0
2014-06-26 00:00:00+09:00,1067.2894814980996,1067.2894814980996,1060.12646484375,1060.12646484375,800,0.0,0.0
2014-06-27 00:00:00+09:00,1052.9635544868365,1052.9635544868365,1045.800537109375,1045.800537109375,1100,0.0,0.0
2014-06-30 00:00:00+09:00,1067.2894814980996,1067.2894814980996,1060.12646484375,1060.12646484375,3500,0.0,0.0
2014-07-01 00:00:00+09:00,1060.12646484375,1060.12646484375,1060.12646484375,1060.12646484375,300,0.0,0.0
2014-07-02 00:00:00+09:00,1067.2894287109375,1067.2894287109375,1052.9633961107907,1067.2894287109375,600,0.0,0.0
2014-07-03 00:00:00+09:00,1067.2895350034546,1067.2895350034546,1052.9635009765625,1052.9635009765625,1800,0.0,0.0
2014-07-04 00:00:00+09:00,1060.12646484375,1060.12646484375,1052.9634481894004,1060.12646484375,1900,0.0,0.0
2014-07-07 00:00:00+09:00,1045.8004315350506,1060.12646484375,1045.8004315350506,1060.12646484375,1100,0.0,0.0
2014-07-08 00:00:00+09:00,1067.2894814980996,1074.4524981524494,1038.637414880701,1060.12646484375,2300,0.0,0.0
2014-07-09 00:00:00+09:00,1052.9634481894004,1060.12646484375,1052.9634481894004,1060.12646484375,800,0.0,0.0
2014-07-10 00:00:00+09:00,1060.1263096285184,1117.430434473303,1060.1263096285184,1081.6153564453125,5400,0.0,0.0
2014-07-11 00:00:00+09:00,1081.6154613110843,1081.6154613110843,1067.2894287109375,1067.2894287109375,3200,0.0,0.0
2014-07-14 00:00:00+09:00,1081.6153564453125,1103.1044032621069,1060.1263096285184,1081.6153564453125,2100,0.0,0.0
2014-07-15 00:00:00+09:00,1081.615615744996,1095.941650390625,1081.615615744996,1095.941650390625,2500,0.0,0.0
2014-07-16 00:00:00+09:00,1095.941459223909,1138.9195556640625,1081.6154270771913,1138.9195556640625,7300,0.0,0.0
2014-07-17 00:00:00+09:00,1131.7565395907036,1146.0825717374214,1117.4305074439858,1138.9195556640625,3600,0.0,0.0
2014-07-18 00:00:00+09:00,1131.7568359375,1131.7568359375,1088.778728243671,1131.7568359375,2500,0.0,0.0
2014-07-22 00:00:00+09:00,1160.408603884139,1160.408603884139,1131.7565395907036,1138.9195556640625,5200,0.0,0.0
2014-07-23 00:00:00+09:00,1131.7568359375,1138.9198538864714,1103.104764141614,1131.7568359375,1300,0.0,0.0
2014-07-24 00:00:00+09:00,1117.430800039557,1153.2458897844144,1117.430800039557,1131.7568359375,2500,0.0,0.0
2014-07-25 00:00:00+09:00,1110.2677820905853,1131.7568359375,1110.2677820905853,1131.7568359375,1500,0.0,0.0
2014-07-28 00:00:00+09:00,1131.7565403214421,1189.0606689453125,1131.7565403214421,1189.0606689453125,5100,0.0,0.0
2014-07-29 00:00:00+09:00,1189.0608033459596,1547.2116477272727,1189.0608033459596,1418.27734375,144300,0.0,0.0
2014-07-30 00:00:00+09:00,1432.603321260619,1704.7979523001363,1303.669022347163,1475.5814208984375,120300,0.0,0.0
2014-07-31 00:00:00+09:00,1647.4939808647753,1941.1776904971919,1540.0487212431594,1554.374755859375,105400,0.0,0.0
2014-08-01 00:00:00+09:00,1497.0704707173468,1561.5376201740746,1439.766337866922,1475.5814208984375,33000,0.0,0.0
2014-08-04 00:00:00+09:00,1568.7002162687768,1733.4495540504292,1561.537201582618,1668.982421875,43300,0.0,0.0
2014-08-05 00:00:00+09:00,1740.6127888307733,1776.4278667902543,1683.308664095604,1690.4716796875,27200,0.0,0.0
2014-08-06 00:00:00+09:00,1661.820078125,1668.9830957031252,1597.3529199218751,1611.678955078125,11700,0.0,0.0
2014-08-07 00:00:00+09:00,1618.8417320793837,1618.8417320793837,1511.396484375,1511.396484375,12800,0.0,0.0
2014-08-08 00:00:00+09:00,1654.65650656371,1668.982536923569,1547.2112788647678,1618.8414306640625,15700,0.0,0.0
2014-08-11 00:00:00+09:00,1647.4938104436262,1647.4938104436262,1618.8417441750414,1626.0047607421875,5800,0.0,0.0
2014-08-12 00:00:00+09:00,1611.6789099288312,1611.6789099288312,1489.9076145119864,1568.7008056640625,10200,0.0,0.0
2014-08-13 00:00:00+09:00,1547.2113227494267,1647.4935381128153,1540.0483073663274,1561.537353515625,10700,0.0,0.0
2014-08-14 00:00:00+09:00,1575.8638438349185,1647.4940185546875,1575.8638438349185,1647.4940185546875,8400,0.0,0.0
2014-08-15 00:00:00+09:00,1683.308986260639,1812.2432915912411,1618.841833595338,1762.1021728515625,31300,0.0,0.0
2014-08-18 00:00:00+09:00,1848.0582659321446,1855.2212824667652,1762.102067516696,1776.4281005859375,20100,0.0,0.0
2014-08-19 00:00:00+09:00,1762.101873779297,1762.101873779297,1661.8196533203125,1719.123779296875,9100,0.0,0.0
2014-08-20 00:00:00+09:00,1697.6351408585258,1697.6351408585258,1647.4940185546875,1647.4940185546875,6300,0.0,0.0
2014-08-21 00:00:00+09:00,1618.8415866732064,1633.1676184136772,1597.3525390625,1597.3525390625,5100,0.0,0.0
2014-08-22 00:00:00+09:00,1618.8414306640625,1626.004445843992,1597.3523851242742,1618.8414306640625,3500,0.0,0.0
2014-08-25 00:00:00+09:00,1676.1460646609041,1704.7981341422872,1647.4939951795213,1683.30908203125,8500,0.0,0.0
2014-08-26 00:00:00+09:00,1726.286900111607,1740.6129324776784,1697.6348353794642,1704.7978515625,5400,0.0,0.0
2014-08-27 00:00:00+09:00,1690.4719367825255,1754.9390869140625,1690.4719367825255,1754.9390869140625,7700,0.0,0.0
2014-08-28 00:00:00+09:00,1826.5691098299894,1919.688319350734,1826.5691098299894,1891.0362548828125,19900,0.0,0.0
2014-08-29 00:00:00+09:00,1969.8296101888022,2070.111844889323,1754.9391072591147,1934.0145263671875,42200,0.0,0.0
2014-09-01 00:00:00+09:00,1969.8296101888022,1969.8296101888022,1883.873409016927,1934.0145263671875,7500,0.0,0.0
2014-09-02 00:00:00+09:00,1919.6887718023254,1919.6887718023254,1805.0804869186045,1848.05859375,15600,0.0,0.0
2014-09-03 00:00:00+09:00,1805.080236963479,1826.5692874035203,1733.4500688300075,1783.5911865234375,11100,0.0,0.0
2014-09-04 00:00:00+09:00,1776.4279052734375,1776.4279052734375,1719.123779296875,1719.123779296875,4300,0.0,0.0
2014-09-05 00:00:00+09:00,1726.2869873046877,1769.265086573684,1704.7979376701894,1726.2869873046875,5300,0.0,0.0
2014-09-08 00:00:00+09:00,1740.613050188337,1862.3843335348463,1740.613050188337,1805.0802001953125,5500,0.0,0.0
2014-09-09 00:00:00+09:00,1848.0583708389945,1848.0583708389945,1790.7542353091033,1812.2432861328125,4700,0.0,0.0
2014-09-10 00:00:00+09:00,1776.428218446929,1776.428218446929,1640.3308952594625,1661.8199462890625,10600,0.0,0.0
2014-09-11 00:00:00+09:00,1647.493757281387,1690.4718552974232,1633.167724609375,1633.167724609375,4800,0.0,0.0
2014-09-12 00:00:00+09:00,1633.1679836107337,1654.6570360266644,1626.0049661387568,1647.4940185546875,2700,0.0,0.0
2014-09-16 00:00:00+09:00,1590.1896806196733,1597.3526971990411,1568.7006308815696,1575.8636474609375,8300,0.0,0.0
2014-09-17 00:00:00+09:00,1575.8637764084506,1575.8637764084506,1518.559639084507,1525.72265625,6400,0.0,0.0
2014-09-18 00:00:00+09:00,1525.7226946149553,1525.7226946149553,1482.7445905412947,1504.233642578125,9200,0.0,0.0
2014-09-19 00:00:00+09:00,1504.233642578125,1518.5596772693452,1489.9076078869048,1504.233642578125,2200,0.0,0.0
2014-09-22 00:00:00+09:00,1597.3528962508492,1711.9611758024796,1583.0268613068954,1647.4940185546875,16600,0.0,0.0
2014-09-24 00:00:00+09:00,1633.167347903705,1647.4933772712811,1583.0262451171875,1583.0262451171875,4700,0.0,0.0
2014-09-25 00:00:00+09:00,1583.026825091806,1590.1898423999135,1547.2117385512672,1554.374755859375,2300,0.0,0.0
2014-09-26 00:00:00+09:00,1532.8856201171875,1547.2116539500582,1525.722603200752,1532.8856201171875,1500,0.0,0.0
2014-09-29 00:00:00+09:00,1547.2117077464789,1547.2117077464789,1525.72265625,1525.72265625,2000,0.0,0.0
2014-09-30 00:00:00+09:00,1525.722517402251,1525.722517402251,1511.396484375,1511.396484375,2300,0.0,0.0
2014-10-01 00:00:00+09:00,1504.2337692840188,2084.438223150712,1489.9077333860757,1697.63525390625,26800,0.0,0.0
2014-10-02 00:00:00+09:00,1790.7542524666624,1934.0145926639952,1583.0267591805293,1661.8199462890625,48300,0.0,0.0
2014-10-03 00:00:00+09:00,1647.4939497901883,1711.9611043471957,1575.86377806018,1640.3309326171875,9800,0.0,0.0
2014-10-06 00:00:00+09:00,1647.493843640084,1683.308927197477,1640.3308269286053,1654.6568603515625,4200,0.0,0.0
2014-10-07 00:00:00+09:00,1654.6569247775608,1654.6569247775608,1547.211669921875,1547.211669921875,4200,0.0,0.0
2014-10-08 00:00:00+09:00,1504.2336575490124,1561.5377968842129,1497.0706401321124,1518.5596923828125,4400,0.0,0.0
2014-10-09 00:00:00+09:00,1590.189826716933,1604.5158611918605,1540.0487060546875,1540.0487060546875,3400,0.0,0.0
2014-10-10 00:00:00+09:00,1504.2336575490124,1525.7227097997127,1489.9076227152123,1518.5596923828125,1900,0.0,0.0
2014-10-14 00:00:00+09:00,1468.4185558500744,1504.233642578125,1439.766486467634,1504.233642578125,1400,0.0,0.0
2014-10-15 00:00:00+09:00,1561.5377968842129,1568.700814301113,1511.3966749659126,1518.5596923828125,1300,0.0,0.0
2014-10-16 00:00:00+09:00,1461.2554240109298,1468.418440795297,1446.9293904421952,1454.0924072265625,2500,0.0,0.0
2014-10-17 00:00:00+09:00,1482.7444743640317,1482.7444743640317,1454.0924072265625,1454.0924072265625,500,0.0,0.0
2014-10-20 00:00:00+09:00,1540.0487293061756,1540.0487293061756,1482.7445905412947,1504.233642578125,1100,0.0,0.0
2014-10-21 00:00:00+09:00,1504.233642578125,1504.233642578125,1504.233642578125,1504.233642578125,400,0.0,0.0
2014-10-22 00:00:00+09:00,1525.7226189507378,1547.211669921875,1525.7226189507378,1547.211669921875,800,0.0,0.0
2014-10-23 00:00:00+09:00,1532.8856734154929,1532.8856734154929,1525.72265625,1525.72265625,500,0.0,0.0
2014-10-24 00:00:00+09:00,1532.8857119605655,1532.8857119605655,1489.9076078869048,1504.233642578125,1100,0.0,0.0
2014-10-27 00:00:00+09:00,1511.3965906754636,1511.3965906754636,1482.7445226057866,1497.070556640625,700,0.0,0.0
2014-10-28 00:00:00+09:00,1497.0704707173468,1504.2334873236498,1468.4184042921343,1475.5814208984375,5100,0.0,0.0
2014-10-29 00:00:00+09:00,1504.233642578125,1540.0487293061756,1504.233642578125,1504.233642578125,10200,0.0,0.0
2014-10-30 00:00:00+09:00,1540.048690580986,1540.048690580986,1518.559639084507,1525.72265625,700,0.0,0.0
2014-10-31 00:00:00+09:00,1547.2117620504127,1547.2117620504127,1497.0706401321124,1518.5596923828125,1800,0.0,0.0
2014-11-04 00:00:00+09:00,1532.8857272166126,1532.8857272166126,1439.766500796912,1518.5596923828125,4000,0.0,0.0
2014-11-05 00:00:00+09:00,1518.5596772693452,1518.5596772693452,1504.233642578125,1504.233642578125,1300,0.0,0.0
2014-11-06 00:00:00+09:00,1497.070556640625,1497.070556640625,1482.7445226057866,1497.070556640625,2700,0.0,0.0
2014-11-07 00:00:00+09:00,1482.7444375047405,1497.0704707173468,1475.5814208984375,1475.5814208984375,1200,0.0,0.0
2014-11-10 00:00:00+09:00,1454.0924072265625,1454.0924072265625,1418.277323304726,1454.0924072265625,4900,0.0,0.0
2014-11-11 00:00:00+09:00,1475.5814409398322,1482.7444576434236,1439.766357421875,1439.766357421875,800,0.0,0.0
2014-11-12 00:00:00+09:00,1439.7662698885288,1468.4183349609375,1432.6032536204268,1468.4183349609375,2200,0.0,0.0
2014-11-13 00:00:00+09:00,1640.3307966752486,1647.4938132546165,1532.8855479847302,1575.8636474609375,15000,0.0,0.0
2014-11-14 00:00:00+09:00,1611.6788864135742,1618.8419036865234,1575.8638000488281,1604.515869140625,4200,0.0,0.0
2014-11-17 00:00:00+09:00,1518.5597165609904,1525.7227340919385,1475.5816113753021,1482.74462890625,9400,0.0,0.0
2014-11-18 00:00:00+09:00,1504.2335040752705,1504.2335040752705,1468.4184206449067,1489.907470703125,2400,0.0,0.0
2014-11-19 00:00:00+09:00,1489.9074541110435,1489.9074541110435,1454.0923710795282,1475.5814208984375,2600,0.0,0.0
2014-11-20 00:00:00+09:00,1461.2554240109298,1461.2554240109298,1439.766373657828,1454.0924072265625,4600,0.0,0.0
2014-11-21 00:00:00+09:00,1446.9293741254664,1446.9293741254664,1439.766357421875,1439.766357421875,2500,0.0,0.0
2014-11-25 00:00:00+09:00,1454.0924604057086,1454.0924604057086,1439.7664263130414,1446.929443359375,3900,0.0,0.0
2014-11-26 00:00:00+09:00,1461.2553186928353,1468.4183349609375,1454.0923024247331,1468.4183349609375,2000,0.0,0.0
2014-11-27 00:00:00+09:00,1468.4185102874158,1468.4185102874158,1461.2554931640625,1461.2554931640625,2600,0.0,0.0
2014-11-28 00:00:00+09:00,1468.4185558500744,1504.233642578125,1468.4185558500744,1504.233642578125,1200,0.0,0.0
2014-12-01 00:00:00+09:00,1504.2334873236498,1504.2334873236498,1468.4184042921343,1475.5814208984375,2300,0.0,0.0
2014-12-02 00:00:00+09:00,1475.581527410769,1475.581527410769,1461.2554931640625,1461.2554931640625,1700,0.0,0.0
2014-12-03 00:00:00+09:00,1461.2554931640625,1461.2554931640625,1454.0924760407092,1461.2554931640625,4400,0.0,0.0
2014-12-04 00:00:00+09:00,1461.2554715535289,1497.070556640625,1461.2554715535289,1497.070556640625,8900,0.0,0.0
2014-12-05 00:00:00+09:00,1518.5595008886255,1547.2115669431278,1497.0704513477488,1511.396484375,11400,0.0,0.0
2014-12-08 00:00:00+09:00,1511.396520761343,1518.5595374474158,1489.907470703125,1489.907470703125,1500,0.0,0.0
2014-12-09 00:00:00+09:00,1475.5815731956845,1504.233642578125,1468.4185558500744,1504.233642578125,5500,0.0,0.0
2014-12-10 00:00:00+09:00,1489.9076078869048,1504.233642578125,1489.9076078869048,1504.233642578125,4700,0.0,0.0
2014-12-11 00:00:00+09:00,1489.907434834123,1511.396484375,1482.7444183204975,1511.396484375,6400,0.0,0.0
2014-12-12 00:00:00+09:00,1518.5596923828125,1525.7227097997127,1504.2336575490124,1518.5596923828125,5600,0.0,0.0
2014-12-15 00:00:00+09:00,1540.0487060546875,1540.0487060546875,1525.7226715797601,1540.0487060546875,11800,0.0,0.0
2014-12-16 00:00:00+09:00,1540.0486370336228,1540.0486370336228,1489.9075186185746,1532.8856201171875,16000,0.0,0.0
2014-12-17 00:00:00+09:00,1532.8853962303813,1597.3525390625,1518.5593644899104,1597.3525390625,25500,0.0,0.0
2014-12-18 00:00:00+09:00,1633.1679836107337,1733.4502282184103,1618.84194866678,1647.4940185546875,38800,0.0,0.0
2014-12-19 00:00:00+09:00,1676.1460418701172,1676.1460418701172,1575.8638000488281,1604.515869140625,15400,0.0,0.0
2014-12-22 00:00:00+09:00,1604.5158058449074,1604.5158058449074,1497.0705509892216,1547.211669921875,12400,0.0,0.0
2014-12-24 00:00:00+09:00,1540.0487446335128,1554.374779467313,1511.3966749659126,1518.5596923828125,4000,0.0,0.0
2014-12-25 00:00:00+09:00,1504.2335040752705,1504.2335040752705,1475.5814373309795,1489.907470703125,7700,0.0,0.0
2014-12-26 00:00:00+09:00,1475.5815055883672,1497.070556640625,1468.418488570948,1497.070556640625,2300,0.0,0.0
2014-12-29 00:00:00+09:00,1489.9076078869048,1511.3966599237351,1489.9076078869048,1504.233642578125,4000,0.0,0.0
2014-12-30 00:00:00+09:00,1504.233416301448,1504.233416301448,1468.4183349609375,1468.4183349609375,4700,0.0,0.0
2015-01-05 00:00:00+09:00,1504.2336814990942,1525.7227340919385,1475.5816113753021,1482.74462890625,5300,0.0,0.0
2015-01-06 00:00:00+09:00,1482.7443674971416,1489.9073837652438,1468.4183349609375,1468.4183349609375,2900,0.0,0.0
2015-01-07 00:00:00+09:00,1468.4184206449067,1497.0704873891978,1468.4184206449067,1489.907470703125,1400,0.0,0.0
2015-01-08 00:00:00+09:00,1504.233642578125,1504.233642578125,1504.233642578125,1504.233642578125,300,0.0,0.0
2015-01-09 00:00:00+09:00,1497.0704707173468,1504.2334873236498,1475.5814208984375,1475.5814208984375,1200,0.0,0.0
2015-01-13 00:00:00+09:00,1475.5814208984375,1475.5814208984375,1468.4184042921343,1475.5814208984375,1300,0.0,0.0
2015-01-14 00:00:00+09:00,1482.7443674971416,1482.7443674971416,1468.4183349609375,1468.4183349609375,1400,0.0,0.0
2015-01-15 00:00:00+09:00,1468.4185102874158,1475.581527410769,1461.2554931640625,1461.2554931640625,2000,0.0,0.0
2015-01-16 00:00:00+09:00,1475.581527410769,1475.581527410769,1454.0924760407092,1461.2554931640625,600,0.0,0.0
2015-01-19 00:00:00+09:00,1468.4184042921343,1475.5814208984375,1461.2553876858312,1475.5814208984375,1700,0.0,0.0
2015-01-20 00:00:00+09:00,1475.581527410769,1475.581527410769,1461.2554931640625,1461.2554931640625,1200,0.0,0.0
2015-01-21 00:00:00+09:00,1468.4183349609375,1468.4183349609375,1454.0923024247331,1468.4183349609375,1400,0.0,0.0
2015-01-22 00:00:00+09:00,1461.2553186928353,1468.4183349609375,1461.2553186928353,1468.4183349609375,600,0.0,0.0
2015-01-23 00:00:00+09:00,1475.5814208984375,1475.5814208984375,1468.4184042921343,1475.5814208984375,1500,0.0,0.0
2015-01-26 00:00:00+09:00,1482.7444540170522,1489.907470703125,1482.7444540170522,1489.907470703125,1300,0.0,0.0
2015-01-27 00:00:00+09:00,1482.7444183204975,1511.396484375,1482.7444183204975,1511.396484375,2100,0.0,0.0
2015-01-28 00:00:00+09:00,1597.3528751739084,1633.1679620612158,1532.885718776755,1568.7008056640625,14700,0.0,0.0
2015-01-29 00:00:00+09:00,1554.3745834567535,1568.7006164840045,1511.396484375,1511.396484375,4500,0.0,0.0
2015-01-30 00:00:00+09:00,1525.72265625,1525.72265625,1504.2336047535211,1525.72265625,4200,0.0,0.0
2015-02-02 00:00:00+09:00,1504.2336047535211,1525.72265625,1504.2336047535211,1525.72265625,800,0.0,0.0
2015-02-03 00:00:00+09:00,1540.0487691538347,1540.0487691538347,1475.5816113753021,1482.74462890625,2400,0.0,0.0
2015-02-04 00:00:00+09:00,1504.2334678613743,1511.396484375,1504.2334678613743,1511.396484375,600,0.0,0.0
2015-02-05 00:00:00+09:00,1497.0706639681462,1497.0706639681462,1482.74462890625,1482.74462890625,1600,0.0,0.0
2015-02-06 00:00:00+09:00,1475.5814373309795,1497.0704873891978,1468.4184206449067,1489.907470703125,3300,0.0,0.0
2015-02-09 00:00:00+09:00,1504.2335040752705,1511.396520761343,1489.907470703125,1489.907470703125,1300,0.0,0.0
2015-02-10 00:00:00+09:00,1489.907470703125,1511.396520761343,1489.907470703125,1489.907470703125,2600,0.0,0.0
2015-02-12 00:00:00+09:00,1489.9075396232058,1518.5596076928828,1489.9075396232058,1497.070556640625,5400,0.0,0.0
2015-02-13 00:00:00+09:00,1497.0706252325149,1547.2117466517857,1497.0706252325149,1504.233642578125,6700,0.0,0.0
2015-02-16 00:00:00+09:00,1468.4183349609375,1482.7443674971416,1461.2553186928353,1468.4183349609375,6500,0.0,0.0
2015-02-17 00:00:00+09:00,1468.4184042921343,1475.5814208984375,1468.4184042921343,1475.5814208984375,1300,0.0,0.0
2015-02-18 00:00:00+09:00,1468.4183349609375,1468.4183349609375,1461.2553186928353,1468.4183349609375,2100,0.0,0.0
2015-02-19 00:00:00+09:00,1468.4185102874158,1468.4185102874158,1461.2554931640625,1461.2554931640625,1700,0.0,0.0
2015-02-20 00:00:00+09:00,1461.2554931640625,1461.2554931640625,1454.0924760407092,1461.2554931640625,2700,0.0,0.0
2015-02-23 00:00:00+09:00,1461.2553186928353,1482.7443674971416,1461.2553186928353,1468.4183349609375,2800,0.0,0.0
2015-02-24 00:00:00+09:00,1461.2554931640625,1468.4185102874158,1461.2554931640625,1461.2554931640625,1800,0.0,0.0
2015-02-25 00:00:00+09:00,1475.581527410769,1475.581527410769,1461.2554931640625,1461.2554931640625,600,0.0,0.0
2015-02-26 00:00:00+09:00,1468.4185102874158,1468.4185102874158,1461.2554931640625,1461.2554931640625,1100,0.0,0.0
2015-02-27 00:00:00+09:00,1461.2553186928353,1468.4183349609375,1461.2553186928353,1468.4183349609375,1800,0.0,0.0
2015-03-02 00:00:00+09:00,1468.418488570948,1504.2335736580444,1468.418488570948,1497.070556640625,5600,0.0,0.0
2015-03-03 00:00:00+09:00,1489.907646437198,1489.907646437198,1468.418593844354,1482.74462890625,4800,0.0,0.0
2015-03-04 00:00:00+09:00,1468.4183349609375,1468.4183349609375,1461.2553186928353,1468.4183349609375,3100,0.0,0.0
2015-03-05 00:00:00+09:00,1468.4184042921343,1475.5814208984375,1468.4184042921343,1475.5814208984375,1700,0.0,0.0
2015-03-06 00:00:00+09:00,1475.5814208984375,1489.9074541110435,1468.4184042921343,1475.5814208984375,2200,0.0,0.0
2015-03-09 00:00:00+09:00,1461.2554931640625,1475.581527410769,1461.2554931640625,1461.2554931640625,1400,0.0,0.0
2015-03-10 00:00:00+09:00,1468.418593844354,1497.0706639681462,1468.418593844354,1482.74462890625,1400,0.0,0.0
2015-03-11 00:00:00+09:00,1468.418593844354,1489.907646437198,1461.255576313406,1482.74462890625,2300,0.0,0.0
2015-03-12 00:00:00+09:00,1489.907470703125,1497.0704873891978,1475.5814373309795,1489.907470703125,1200,0.0,0.0
2015-03-13 00:00:00+09:00,1489.9073837652438,1489.9073837652438,1461.2553186928353,1468.4183349609375,3100,0.0,0.0
2015-03-16 00:00:00+09:00,1468.4183349609375,1468.4183349609375,1454.0923024247331,1468.4183349609375,4500,0.0,0.0
2015-03-17 00:00:00+09:00,1461.2553186928353,1468.4183349609375,1454.0923024247331,1468.4183349609375,1900,0.0,0.0
2015-03-18 00:00:00+09:00,1461.2553186928353,1475.5813512290395,1461.2553186928353,1468.4183349609375,1700,0.0,0.0
2015-03-19 00:00:00+09:00,1461.2554240109298,1461.2554240109298,1454.0924072265625,1454.0924072265625,1500,0.0,0.0
2015-03-20 00:00:00+09:00,1454.0924604057086,1454.0924604057086,1446.929443359375,1446.929443359375,1700,0.0,0.0
2015-03-23 00:00:00+09:00,1446.9293904421952,1454.0924072265625,1439.766373657828,1454.0924072265625,2100,0.0,0.0
2015-03-24 00:00:00+09:00,1446.9295412515098,1504.2336814990942,1446.9295412515098,1482.74462890625,3500,0.0,0.0
2015-03-25 00:00:00+09:00,1482.7444375047405,1489.9074541110435,1475.5814208984375,1475.5814208984375,1200,0.0,0.0
2015-03-26 00:00:00+09:00,1475.5814208984375,1475.5814208984375,1475.5814208984375,1475.5814208984375,500,0.0,0.0
2015-03-27 00:00:00+09:00,1490.1911876166046,1490.1911876166046,1468.276611328125,1468.276611328125,400,40.0,0.0
2015-03-30 00:00:00+09:00,1468.276611328125,1475.5814700909516,1468.276611328125,1468.276611328125,500,0.0,0.0
2015-03-31 00:00:00+09:00,1468.276611328125,1475.5814700909516,1468.276611328125,1468.276611328125,600,0.0,0.0
2015-04-01 00:00:00+09:00,1460.9718284026014,1460.9718284026014,1439.0572509765625,1439.0572509765625,1800,0.0,0.0
2015-04-02 00:00:00+09:00,1439.0570319861024,1460.9716060772612,1439.0570319861024,1453.666748046875,900,0.0,0.0
2015-04-03 00:00:00+09:00,1446.3618900164886,1453.666748046875,1439.0570319861024,1453.666748046875,500,0.0,0.0
2015-04-06 00:00:00+09:00,1453.666748046875,1453.666748046875,1431.752173955716,1453.666748046875,1100,0.0,0.0
2015-04-07 00:00:00+09:00,1431.7523427635733,1446.362060546875,1431.7523427635733,1446.362060546875,600,0.0,0.0
2015-04-08 00:00:00+09:00,1439.0571781080596,1446.362036880182,1431.7523193359375,1431.7523193359375,2400,0.0,0.0
2015-04-09 00:00:00+09:00,1439.0572509765625,1439.0572509765625,1431.7523918345494,1439.0572509765625,600,0.0,0.0
2015-04-10 00:00:00+09:00,1446.3621101185754,1446.3621101185754,1439.0572509765625,1439.0572509765625,300,0.0,0.0
2015-04-13 00:00:00+09:00,1439.0571781080596,1439.0571781080596,1431.7523193359375,1431.7523193359375,200,0.0,0.0
2015-04-14 00:00:00+09:00,1446.3620350396457,1475.5814700909516,1446.3620350396457,1468.276611328125,3900,0.0,0.0
2015-04-15 00:00:00+09:00,1446.3618420410157,1460.9715576171875,1446.3618420410157,1460.9715576171875,300,0.0,0.0
2015-04-16 00:00:00+09:00,1475.5814700909516,1534.0203401935635,1460.9717525652986,1468.276611328125,4600,0.0,0.0
2015-04-17 00:00:00+09:00,1475.5812762004573,1504.8007074123475,1468.2764183974848,1497.495849609375,3800,0.0,0.0
2015-04-20 00:00:00+09:00,1468.276611328125,1490.1911876166046,1468.276611328125,1468.276611328125,900,0.0,0.0
2015-04-21 00:00:00+09:00,1468.2766372218277,1468.2766372218277,1446.362060546875,1446.362060546875,1100,0.0,0.0
2015-04-22 00:00:00+09:00,1460.9718472349878,1490.1912841796875,1460.9718472349878,1490.1912841796875,2400,0.0,0.0
2015-04-23 00:00:00+09:00,1490.1909918064025,1497.495849609375,1490.1909918064025,1497.495849609375,1200,0.0,0.0
2015-04-24 00:00:00+09:00,1504.8007074123475,1504.8007074123475,1468.2764183974848,1497.495849609375,1800,0.0,0.0
2015-04-27 00:00:00+09:00,1482.8863270583663,1526.715479582259,1482.8863270583663,1504.8009033203125,3000,0.0,0.0
2015-04-28 00:00:00+09:00,1512.10556521532,1519.4104230182927,1497.495849609375,1497.495849609375,1900,0.0,0.0
2015-04-30 00:00:00+09:00,1497.495849609375,1497.495849609375,1475.5812762004573,1497.495849609375,1400,0.0,0.0
2015-05-01 00:00:00+09:00,1497.495849609375,1497.495849609375,1460.971560594512,1497.495849609375,2700,0.0,0.0
2015-05-07 00:00:00+09:00,1497.495849609375,1497.495849609375,1497.495849609375,1497.495849609375,200,0.0,0.0
2015-05-08 00:00:00+09:00,1497.495849609375,1497.495849609375,1497.495849609375,1497.495849609375,200,0.0,0.0
2015-05-11 00:00:00+09:00,1475.581468304384,1534.020338336241,1475.581468304384,1504.8009033203125,5200,0.0,0.0
2015-05-12 00:00:00+09:00,1519.4105714070047,1519.4105714070047,1512.105712890625,1512.105712890625,500,0.0,0.0
2015-05-13 00:00:00+09:00,1504.8009033203125,1512.1057620742947,1504.8009033203125,1504.8009033203125,900,0.0,0.0
2015-05-14 00:00:00+09:00,1497.495849609375,1519.4104230182927,1490.1909918064025,1497.495849609375,1100,0.0,0.0
2015-05-15 00:00:00+09:00,1497.495849609375,1519.4104230182927,1497.495849609375,1497.495849609375,10100,0.0,0.0
2015-05-18 00:00:00+09:00,1497.495849609375,1497.495849609375,1482.8861340034298,1497.495849609375,1600,0.0,0.0
2015-05-19 00:00:00+09:00,1497.495849609375,1497.495849609375,1497.495849609375,1497.495849609375,200,0.0,0.0
2015-05-20 00:00:00+09:00,1504.8007074123475,1504.8007074123475,1497.495849609375,1497.495849609375,300,0.0,0.0
2015-05-21 00:00:00+09:00,1482.8863525390625,1497.4960702980682,1482.8863525390625,1482.8863525390625,1600,0.0,0.0
2015-05-22 00:00:00+09:00,1482.8863525390625,1482.8863525390625,1482.8863525390625,1482.8863525390625,500,0.0,0.0
2015-05-25 00:00:00+09:00,1482.8861340034298,1504.8007074123475,1482.8861340034298,1497.495849609375,1500,0.0,0.0
2015-05-26 00:00:00+09:00,1482.8863525390625,1482.8863525390625,1482.8863525390625,1482.8863525390625,400,0.0,0.0
2015-05-27 00:00:00+09:00,1475.5812762004573,1497.495849609375,1475.5812762004573,1497.495849609375,900,0.0,0.0
2015-05-28 00:00:00+09:00,1497.4961434158624,1497.4961434158624,1490.1912841796875,1490.1912841796875,500,0.0,0.0
2015-05-29 00:00:00+09:00,1497.4960702980682,1497.4960702980682,1482.8863525390625,1482.8863525390625,1000,0.0,0.0
2015-06-01 00:00:00+09:00,1482.8861340034298,1497.495849609375,1482.8861340034298,1497.495849609375,2300,0.0,0.0
2015-06-02 00:00:00+09:00,1497.495849609375,1497.495849609375,1497.495849609375,1497.495849609375,0,0.0,0.0
2015-06-03 00:00:00+09:00,1482.8862788251056,1519.4105714070047,1482.8862788251056,1512.105712890625,3100,0.0,0.0
2015-06-04 00:00:00+09:00,1490.1911858123483,1504.8009033203125,1490.1911858123483,1504.8009033203125,2100,0.0,0.0
2015-06-05 00:00:00+09:00,1497.4961434158624,1497.4961434158624,1490.1912841796875,1490.1912841796875,2100,0.0,0.0
2015-06-08 00:00:00+09:00,1482.8861340034298,1497.495849609375,1460.971560594512,1497.495849609375,4100,0.0,0.0
2015-06-09 00:00:00+09:00,1497.495849609375,1497.495849609375,1497.495849609375,1497.495849609375,100,0.0,0.0
2015-06-10 00:00:00+09:00,1475.5815657073376,1490.1912841796875,1475.5815657073376,1490.1912841796875,300,0.0,0.0
2015-06-11 00:00:00+09:00,1475.5814700909516,1475.5814700909516,1468.276611328125,1468.276611328125,1600,0.0,0.0
2015-06-12 00:00:00+09:00,1475.5812762004573,1512.10556521532,1475.5812762004573,1497.495849609375,2600,0.0,0.0
2015-06-15 00:00:00+09:00,1512.105712890625,1519.4105714070047,1497.4959958578654,1512.105712890625,3200,0.0,0.0
2015-06-16 00:00:00+09:00,1504.8007074123475,1504.8007074123475,1490.1909918064025,1497.495849609375,2700,0.0,0.0
2015-06-17 00:00:00+09:00,1497.495849609375,1497.495849609375,1490.1909918064025,1497.495849609375,1100,0.0,0.0
2015-06-18 00:00:00+09:00,1497.495849609375,1512.10556521532,1497.495849609375,1497.495849609375,1700,0.0,0.0
2015-06-19 00:00:00+09:00,1534.019801585971,1753.1654875268239,1534.019801585971,1702.031494140625,57000,0.0,0.0
2015-06-22 00:00:00+09:00,1753.166287579114,2059.970387905459,1687.4225517948971,1731.251708984375,107500,0.0,0.0
2015-06-23 00:00:00+09:00,1760.4710019318952,1775.0807197902511,1628.9835412066914,1680.1175537109375,17200,0.0,0.0
2015-06-24 00:00:00+09:00,1680.117559259588,1687.4224182128905,1607.0689697265625,1607.0689697265625,4300,0.0,0.0
2015-06-25 00:00:00+09:00,1599.7641370922738,1607.0689961657547,1570.5447007983512,1585.1544189453125,4400,0.0,0.0
2015-06-26 00:00:00+09:00,1570.5443130621388,1738.5560302734373,1548.6297412519693,1738.5560302734375,6700,0.0,0.0
2015-06-29 00:00:00+09:00,1731.2514404296876,1731.2514404296876,1607.06884765625,1716.6417236328125,7400,0.0,0.0
2015-06-30 00:00:00+09:00,1833.5193303426108,1862.7387619018555,1709.3367462158203,1753.1658935546875,8300,0.0,0.0
2015-07-01 00:00:00+09:00,1694.7270993979978,1738.55624852036,1665.5076666497566,1687.4222412109375,1100,0.0,0.0
2015-07-02 00:00:00+09:00,1687.4226660156248,1687.4226660156248,1636.2886458333332,1643.593505859375,1900,0.0,0.0
2015-07-03 00:00:00+09:00,1665.5072961317753,1665.5072961317753,1650.8975830078125,1650.8975830078125,1000,0.0,0.0
2015-07-06 00:00:00+09:00,1643.5932644930751,1643.5932644930751,1585.1543928666547,1607.0689697265625,2600,0.0,0.0
2015-07-07 00:00:00+09:00,1599.76411077326,1607.0689697265625,1599.76411077326,1607.0689697265625,300,0.0,0.0
2015-07-08 00:00:00+09:00,1621.6788165425146,1621.6788165425146,1570.5447998046875,1570.5447998046875,1200,0.0,0.0
2015-07-09 00:00:00+09:00,1555.9349388709434,1555.9349388709434,1439.0571969839243,1519.41064453125,12300,0.0,0.0
2015-07-10 00:00:00+09:00,1548.6300800030047,1548.6300800030047,1512.1057856633113,1519.41064453125,3800,0.0,0.0
2015-07-13 00:00:00+09:00,1541.3253173828125,1541.3253173828125,1541.3253173828125,1541.3253173828125,400,0.0,0.0
2015-07-14 00:00:00+09:00,1570.5444175318667,1709.336714895148,1526.7152709960938,1665.507568359375,11100,0.0,0.0
2015-07-15 00:00:00+09:00,1723.946634649686,1723.946634649686,1585.1543208431435,1599.7640380859375,8500,0.0,0.0
2015-07-16 00:00:00+09:00,1599.76411077326,1628.98354658647,1570.5446749600496,1607.0689697265625,2900,0.0,0.0
2015-07-17 00:00:00+09:00,1650.8981179942255,1804.3001555069632,1636.2884001358696,1680.1175537109375,11800,0.0,0.0
2015-07-21 00:00:00+09:00,1760.4708230815409,1767.7756812686011,1687.4222412109375,1687.4222412109375,5600,0.0,0.0
2015-07-22 00:00:00+09:00,1658.2024395697938,1658.2024395697938,1650.8975830078125,1650.8975830078125,600,0.0,0.0
2015-07-23 00:00:00+09:00,1628.983013321868,1658.2024395697938,1621.6781567598866,1650.8975830078125,2000,0.0,0.0
2015-07-24 00:00:00+09:00,1628.9833984375,1628.9833984375,1628.9833984375,1628.9833984375,200,0.0,0.0
2015-07-27 00:00:00+09:00,1614.3739570085393,1614.3739570085393,1570.5447998046875,1570.5447998046875,4500,0.0,0.0
2015-07-28 00:00:00+09:00,1555.9349110921223,1585.1543460422092,1541.3251936170789,1577.8494873046875,800,0.0,0.0
2015-07-29 00:00:00+09:00,1592.459204779731,1592.459204779731,1570.5446285671658,1577.8494873046875,800,0.0,0.0
2015-07-30 00:00:00+09:00,1585.1545188726382,1585.1545188726382,1570.5447998046875,1570.5447998046875,400,0.0,0.0
2015-07-31 00:00:00+09:00,1563.239816006747,1607.0689697265625,1563.239816006747,1607.0689697265625,1400,0.0,0.0
2015-08-03 00:00:00+09:00,1592.4591064453125,1592.4591064453125,1585.154248158866,1592.4591064453125,600,0.0,0.0
2015-08-04 00:00:00+09:00,1585.1543460422092,1592.459204779731,1577.8494873046875,1577.8494873046875,900,0.0,0.0
2015-08-05 00:00:00+09:00,1570.5446047203563,1577.8494633469627,1563.23974609375,1563.23974609375,2800,0.0,0.0
2015-08-06 00:00:00+09:00,1555.9348150130804,1592.4591064453125,1555.9348150130804,1592.4591064453125,2300,0.0,0.0
2015-08-07 00:00:00+09:00,1599.7639647317587,1607.0688230182052,1592.4591064453125,1592.4591064453125,800,0.0,0.0
2015-08-10 00:00:00+09:00,1636.288552224099,1643.5934118322423,1614.3739733996692,1621.6788330078125,4100,0.0,0.0
2015-08-11 00:00:00+09:00,2206.067138671875,2206.067138671875,2206.067138671875,2206.067138671875,15200,0.0,0.0
2015-08-12 00:00:00+09:00,2556.7001484495936,2658.9681543875777,2293.7252760376355,2359.468994140625,532400,0.0,0.0
2015-08-13 00:00:00+09:00,2242.5918059172454,2366.7744140625,2118.409197771991,2366.7744140625,60900,0.0,0.0
2015-08-14 00:00:00+09:00,2483.651662427326,2717.407113008721,2198.76220703125,2198.76220703125,83800,0.0,0.0
2015-08-17 00:00:00+09:00,2140.3233325455963,2206.067052657918,2016.1407501112099,2052.6650390625,39900,0.0,0.0
2015-08-18 00:00:00+09:00,2052.6652338646013,2169.542969600664,2052.6652338646013,2096.494384765625,20800,0.0,0.0
2015-08-19 00:00:00+09:00,2081.884544859541,2125.7136931723735,2052.665112650986,2059.969970703125,12600,0.0,0.0
2015-08-20 00:00:00+09:00,2045.3605230734765,2067.2751001064066,2038.0556640624998,2038.0556640625,9200,0.0,0.0
2015-08-21 00:00:00+09:00,1957.7019015120009,1965.0067593534636,1921.1776123046875,1921.1776123046875,18400,0.0,0.0
2015-08-24 00:00:00+09:00,1804.2997177899895,1870.04343220339,1723.9462890625002,1723.9462890625,17400,0.0,0.0
2015-08-25 00:00:00+09:00,1650.8978528474506,1818.9095812345806,1643.5929950914883,1665.507568359375,13500,0.0,0.0
2015-08-26 00:00:00+09:00,1723.94665375389,1789.6903820750128,1680.117501539808,1760.470947265625,10700,0.0,0.0
2015-08-27 00:00:00+09:00,1804.2996625976562,1855.4336611328124,1796.9948056640624,1826.2142333984375,7200,0.0,0.0
2015-08-28 00:00:00+09:00,1840.824245143581,1913.8728263000723,1840.824245143581,1891.958251953125,7600,0.0,0.0
2015-08-31 00:00:00+09:00,1891.9582035945011,1899.2630615234375,1848.1290560208834,1899.2630615234375,7700,0.0,0.0
2015-09-01 00:00:00+09:00,1891.9585308292048,1891.9585308292048,1775.0807837509528,1796.995361328125,8900,0.0,0.0
2015-09-02 00:00:00+09:00,1753.166112075617,1804.3001236778227,1738.556394474987,1775.0806884765625,3500,0.0,0.0
2015-09-03 00:00:00+09:00,1826.2146476685532,1891.958374984621,1767.7757789431594,1855.43408203125,7500,0.0,0.0
2015-09-04 00:00:00+09:00,1877.3488124444234,1884.6536716368141,1760.4710653661714,1796.995361328125,4500,0.0,0.0
2015-09-07 00:00:00+09:00,1796.995043447066,1811.6047592474488,1753.1658960459183,1789.690185546875,4600,0.0,0.0
2015-09-08 00:00:00+09:00,1789.6903820750128,1796.9952407773599,1745.861229860931,1760.470947265625,4900,0.0,0.0
2015-09-09 00:00:00+09:00,1804.2998562391062,1840.8241448269423,1796.994998521539,1833.519287109375,3900,0.0,0.0
2015-09-10 00:00:00+09:00,1789.6905021357343,1826.2147980976881,1775.0807837509528,1796.995361328125,1200,0.0,0.0
2015-09-11 00:00:00+09:00,1804.3003791360293,1862.7392578125,1804.3003791360293,1862.7392578125,7600,0.0,0.0
2015-09-14 00:00:00+09:00,1870.0437753036435,1884.6534922982034,1760.4708978444457,1804.300048828125,7100,0.0,0.0
2015-09-15 00:00:00+09:00,1826.214648633597,1833.5195072281315,1796.9952142554594,1818.9097900390625,2200,0.0,0.0
2015-09-16 00:00:00+09:00,1804.2996625976562,1826.2142333984375,1796.9948056640624,1826.2142333984375,1100,0.0,0.0
2015-09-17 00:00:00+09:00,1848.1290767609125,1848.1290767609125,1811.6047867063492,1840.82421875,800,0.0,0.0
2015-09-18 00:00:00+09:00,1840.824504983836,1928.4828147449712,1840.824504983836,1906.5682373046875,5100,0.0,0.0
2015-09-24 00:00:00+09:00,1921.1776123046875,1921.1776123046875,1884.653323097374,1921.1776123046875,1500,0.0,0.0
2015-09-25 00:00:00+09:00,1921.1776607600787,1943.0922348371898,1884.65337063156,1913.872802734375,3900,0.0,0.0
2015-09-28 00:00:00+09:00,1928.4825439453125,1928.4825439453125,1884.6533952192826,1928.4825439453125,5500,0.0,0.0
2015-09-29 00:00:00+09:00,1935.7877421289795,2001.5314767673221,1921.1780233204588,1950.3974609375,23500,0.0,0.0
2015-09-30 00:00:00+09:00,1986.921958705357,2045.3608398437498,1972.3122384207588,2045.36083984375,12300,0.0,0.0
2015-10-01 00:00:00+09:00,2052.6653705711747,2227.981985851275,2052.6653705711747,2184.15283203125,28300,0.0,0.0
2015-10-02 00:00:00+09:00,2191.457643670551,2191.457643670551,2118.4090555481994,2154.933349609375,7500,0.0,0.0
2015-10-05 00:00:00+09:00,2191.4580495733962,2249.8969308953533,2133.019168251439,2220.677490234375,17200,0.0,0.0
2015-10-06 00:00:00+09:00,2271.8108090394294,2301.030240666946,2133.0185088087246,2176.84765625,9000,0.0,0.0
2015-10-07 00:00:00+09:00,2162.2379404362414,2176.84765625,2059.969929739933,2176.84765625,7400,0.0,0.0
2015-10-08 00:00:00+09:00,2169.542793273926,2176.8476511637373,2081.8844985961914,2103.799072265625,4000,0.0,0.0
2015-10-09 00:00:00+09:00,2111.1039074245596,2140.32333866919,2074.579618368771,2125.713623046875,3100,0.0,0.0
2015-10-13 00:00:00+09:00,2125.713966026438,2125.713966026438,2096.4945300673116,2111.104248046875,2100,0.0,0.0
2015-10-14 00:00:00+09:00,2118.4089602161366,2118.4089602161366,2081.884667798617,2096.494384765625,2000,0.0,0.0
2015-10-15 00:00:00+09:00,2096.494601966595,2133.0188981681035,2096.494601966595,2118.4091796875,3600,0.0,0.0
2015-10-16 00:00:00+09:00,2154.9330600472385,2213.3719226925873,2154.9330600472385,2198.76220703125,8500,0.0,0.0
2015-10-19 00:00:00+09:00,2198.7625499712585,2198.7625499712585,2133.018819241221,2184.15283203125,4000,0.0,0.0
2015-10-20 00:00:00+09:00,2198.7625499712585,2242.5917037912836,2162.2382551212377,2184.15283203125,4800,0.0,0.0
2015-10-21 00:00:00+09:00,2169.542919588577,2169.542919588577,2140.323486328125,2140.323486328125,3400,0.0,0.0
2015-10-22 00:00:00+09:00,2147.628563133446,2169.543140308277,2140.3237040751687,2162.23828125,1200,0.0,0.0
2015-10-23 00:00:00+09:00,2191.45751953125,2206.067236328125,2184.1526611328127,2191.45751953125,3200,0.0,0.0
2015-10-26 00:00:00+09:00,2227.9819297185018,2301.030517578125,2227.9819297185018,2301.030517578125,7600,0.0,0.0
2015-10-27 00:00:00+09:00,2322.944750283419,2322.944750283419,2286.42046175695,2315.639892578125,4500,0.0,0.0
2015-10-28 00:00:00+09:00,2315.6401375139963,2315.6401375139963,2220.676977300489,2242.591552734375,5000,0.0,0.0
2015-10-29 00:00:00+09:00,2249.8962118459303,2249.8962118459303,2162.237917877907,2198.76220703125,4000,0.0,0.0
2015-10-30 00:00:00+09:00,2176.847826432716,2242.591552734375,2162.2381094767916,2242.591552734375,4500,0.0,0.0
2015-11-02 00:00:00+09:00,2198.762377929688,2264.506103515625,2169.5429443359376,2264.506103515625,2900,0.0,0.0
2015-11-04 00:00:00+09:00,2242.592070730109,2322.9455325478,2198.762909738641,2220.677490234375,4400,0.0,0.0
2015-11-05 00:00:00+09:00,2206.067435599662,2206.067435599662,2089.1896906672296,2162.23828125,5600,0.0,0.0
2015-11-06 00:00:00+09:00,2125.713793945313,2242.5915283203126,2125.713793945313,2191.45751953125,14600,0.0,0.0
2015-11-09 00:00:00+09:00,1607.0690223259655,1804.300220520516,1607.0690223259655,1796.995361328125,130200,0.0,0.0
2015-11-10 00:00:00+09:00,1775.0805908203126,1782.3854492187502,1709.3368652343752,1716.6417236328125,22700,0.0,0.0
2015-11-11 00:00:00+09:00,1731.251708984375,1745.8614280475344,1694.7274113264768,1731.251708984375,11600,0.0,0.0
2015-11-12 00:00:00+09:00,1716.6417236328125,1731.2514404296876,1716.6417236328125,1716.6417236328125,3100,0.0,0.0
2015-11-13 00:00:00+09:00,1702.0320565169554,1716.641773740277,1665.5077634586517,1672.8126220703125,7900,0.0,0.0
2015-11-16 00:00:00+09:00,1680.117580060917,1680.117580060917,1621.678707710972,1658.2030029296875,8200,0.0,0.0
2015-11-17 00:00:00+09:00,1680.117559259588,1694.727277166193,1607.0689697265625,1607.0689697265625,10000,0.0,0.0
2015-11-18 00:00:00+09:00,1621.67892578125,1665.5080859374998,1621.67892578125,1643.593505859375,4100,0.0,0.0
2015-11-19 00:00:00+09:00,1672.8121526937568,1694.7267223797012,1650.8975830078125,1650.8975830078125,3000,0.0,0.0
2015-11-20 00:00:00+09:00,1650.8981704711914,1650.8981704711914,1628.9835929870605,1636.2884521484375,4100,0.0,0.0
2015-11-24 00:00:00+09:00,1672.8127479553223,1672.8127479553223,1607.0690155029297,1636.2884521484375,7000,0.0,0.0
2015-11-25 00:00:00+09:00,1636.2886458333332,1650.8983658854165,1614.3740657552082,1643.593505859375,5800,0.0,0.0
2015-11-26 00:00:00+09:00,1665.5080859374998,1665.5080859374998,1628.9837858072915,1643.593505859375,2300,0.0,0.0
2015-11-27 00:00:00+09:00,1636.2878698838495,1650.8975830078125,1621.6781567598866,1650.8975830078125,6200,0.0,0.0
2015-11-30 00:00:00+09:00,1658.2032259114583,1658.2032259114583,1636.2886458333332,1643.593505859375,1800,0.0,0.0
2015-12-01 00:00:00+09:00,1643.592726445831,1665.5072961317753,1636.2878698838495,1650.8975830078125,4200,0.0,0.0
2015-12-02 00:00:00+09:00,1672.8126220703125,1680.1174806819731,1658.2029048469908,1672.8126220703125,4000,0.0,0.0
2015-12-03 00:00:00+09:00,1680.117431640625,1731.2514404296876,1672.8125732421877,1716.6417236328125,9500,0.0,0.0
2015-12-04 00:00:00+09:00,1745.8611067074203,1745.8611067074203,1680.1173830238772,1687.4222412109375,7500,0.0,0.0
2015-12-07 00:00:00+09:00,1694.7271728515625,1716.6417483625742,1694.7271728515625,1694.7271728515625,2300,0.0,0.0
2015-12-08 00:00:00+09:00,1694.7269993832235,1694.7269993832235,1665.507568359375,1665.507568359375,2600,0.0,0.0
2015-12-09 00:00:00+09:00,1658.2032259114583,1658.2032259114583,1636.2886458333332,1643.593505859375,3200,0.0,0.0
2015-12-10 00:00:00+09:00,1628.9833984375,1643.5931150154147,1621.6785401485424,1628.9833984375,2300,0.0,0.0
2015-12-11 00:00:00+09:00,1628.9837858072915,1643.593505859375,1621.67892578125,1643.593505859375,1000,0.0,0.0
2015-12-14 00:00:00+09:00,1643.5932848422015,1672.8127210171738,1636.2884257984583,1658.2030029296875,4700,0.0,0.0
2015-12-15 00:00:00+09:00,1665.5078887939453,1665.5078887939453,1636.2884521484375,1636.2884521484375,1200,0.0,0.0
2015-12-16 00:00:00+09:00,1658.2032259114583,1658.2032259114583,1636.2886458333332,1643.593505859375,1300,0.0,0.0
2015-12-17 00:00:00+09:00,1650.8978528474506,1665.507568359375,1643.5929950914883,1665.507568359375,1100,0.0,0.0
2015-12-18 00:00:00+09:00,1650.8983658854165,1658.2032259114583,1628.9837858072915,1643.593505859375,8000,0.0,0.0
2015-12-21 00:00:00+09:00,1614.373291015625,1621.6781475360576,1614.373291015625,1614.373291015625,3400,0.0,0.0
2015-12-22 00:00:00+09:00,1614.3740657552082,1650.8983658854165,1614.3740657552082,1643.593505859375,4500,0.0,0.0
2015-12-24 00:00:00+09:00,1628.9835250926128,1628.9835250926128,1526.7155010957672,1555.9349365234375,7800,0.0,0.0
2015-12-25 00:00:00+09:00,1555.9349365234375,1555.9349365234375,1555.9349365234375,1555.9349365234375,0,0.0,0.0
2015-12-28 00:00:00+09:00,1534.020502134811,1570.5447998046875,1534.020502134811,1570.5447998046875,1200,0.0,0.0
2015-12-29 00:00:00+09:00,1570.5447007983512,1599.7641370922738,1570.5447007983512,1585.1544189453125,3600,0.0,0.0
2015-12-30 00:00:00+09:00,1585.1538649338943,1643.5927170973557,1585.1538649338943,1614.373291015625,3700,0.0,0.0
2016-01-04 00:00:00+09:00,1592.459204779731,1592.459204779731,1577.8494873046875,1577.8494873046875,1000,0.0,0.0
2016-01-05 00:00:00+09:00,1592.4591794645405,1599.7640380859375,1585.1543208431435,1599.7640380859375,800,0.0,0.0
2016-01-06 00:00:00+09:00,1599.7639652816704,1628.9833984375,1585.1542487037555,1628.9833984375,800,0.0,0.0
2016-01-07 00:00:00+09:00,1636.2884521484375,1636.2884521484375,1636.2884521484375,1636.2884521484375,300,0.0,0.0
2016-01-08 00:00:00+09:00,1636.2884521484375,1636.2884521484375,1636.2884521484375,1636.2884521484375,0,0.0,0.0
2016-01-12 00:00:00+09:00,1585.1542724609376,1614.3737060546875,1526.7154052734377,1534.020263671875,2800,0.0,0.0
2016-01-13 00:00:00+09:00,1541.3253616687864,1570.5447998046875,1541.3253616687864,1570.5447998046875,1100,0.0,0.0
2016-01-14 00:00:00+09:00,1541.3251469561442,1570.5445810216636,1504.800854374245,1512.105712890625,2100,0.0,0.0
2016-01-15 00:00:00+09:00,1512.1056884765626,1534.020263671875,1512.1056884765626,1534.020263671875,700,0.0,0.0
2016-01-18 00:00:00+09:00,1439.0569549718668,1439.0569549718668,1366.0083785773559,1409.8375244140625,5400,0.0,0.0
2016-01-19 00:00:00+09:00,1395.2280736678686,1460.9718048878203,1395.2280736678686,1424.447509765625,3200,0.0,0.0
2016-01-20 00:00:00+09:00,1417.1426573057431,1417.1426573057431,1351.39892578125,1351.39892578125,2200,0.0,0.0
2016-01-21 00:00:00+09:00,1314.8746992902059,1329.484418171208,1197.9969482421875,1197.9969482421875,3700,0.0,0.0
2016-01-22 00:00:00+09:00,1241.8258818737052,1351.398753803738,1234.5210237450362,1322.1793212890625,3500,0.0,0.0
2016-01-25 00:00:00+09:00,1300.2647220888616,1314.8744380673882,1292.9598640995985,1307.569580078125,800,0.0,0.0
2016-01-26 00:00:00+09:00,1285.655078125,1322.1793701171875,1285.655078125,1314.87451171875,800,0.0,0.0
2016-01-27 00:00:00+09:00,1329.484447041496,1336.789306640625,1329.484447041496,1336.789306640625,600,0.0,0.0
2016-01-28 00:00:00+09:00,1344.0941662397543,1344.0941662397543,1336.789306640625,1336.789306640625,500,0.0,0.0
2016-01-29 00:00:00+09:00,1344.09377625168,1358.7034912109375,1344.09377625168,1358.7034912109375,700,0.0,0.0
2016-02-01 00:00:00+09:00,1380.6183354803857,1380.6183354803857,1351.398899808843,1373.3134765625,600,0.0,0.0
2016-02-02 00:00:00+09:00,1380.6183815002441,1402.532958984375,1380.6183815002441,1402.532958984375,500,0.0,0.0
2016-02-03 00:00:00+09:00,1387.923267505787,1387.923267505787,1380.618408203125,1380.618408203125,200,0.0,0.0
2016-02-04 00:00:00+09:00,1373.313499691612,1402.532935855263,1373.313499691612,1387.9232177734375,500,0.0,0.0
2016-02-05 00:00:00+09:00,1387.922987827035,1387.922987827035,1249.1306890443316,1256.435546875,3300,0.0,0.0
2016-02-08 00:00:00+09:00,1241.8259754400142,1271.04541015625,1205.3016820447197,1271.04541015625,1300,0.0,0.0
2016-02-09 00:00:00+09:00,1241.8260814525463,1241.8260814525463,1183.38720703125,1183.38720703125,1300,0.0,0.0
2016-02-10 00:00:00+09:00,1183.3870874521683,1227.2162388392856,1073.814208984375,1073.814208984375,2800,0.0,0.0
2016-02-12 00:00:00+09:00,964.2412852411684,1008.0704345703125,949.6315687981204,1008.0704345703125,4800,0.0,0.0
2016-02-15 00:00:00+09:00,1103.0335439387584,1132.2529755662752,1059.2043964974832,1088.423828125,3200,0.0,0.0
2016-02-16 00:00:00+09:00,1059.2043964974832,1095.728686031879,1059.2043964974832,1088.423828125,1200,0.0,0.0
2016-02-17 00:00:00+09:00,1066.5093504198553,1081.1190675488945,1059.2044918553358,1073.814208984375,1100,0.0,0.0
2016-02-18 00:00:00+09:00,1081.1190675488945,1103.033643242453,1066.5093504198553,1073.814208984375,900,0.0,0.0
2016-02-19 00:00:00+09:00,1051.899538590604,1088.423828125,1051.899538590604,1088.423828125,700,0.0,0.0
2016-02-22 00:00:00+09:00,1124.9480246519431,1139.5577392578125,1103.033452743139,1139.5577392578125,1500,0.0,0.0
2016-02-23 00:00:00+09:00,1146.8629105179398,1197.9969256365741,1146.8629105179398,1183.38720703125,1200,0.0,0.0
2016-02-24 00:00:00+09:00,1183.386873324242,1271.0451602371488,1176.0820160814997,1234.5208740234375,1400,0.0,0.0
2016-02-25 00:00:00+09:00,1241.8258581747557,1307.569580078125,1241.8258581747557,1307.569580078125,1100,0.0,0.0
2016-02-26 00:00:00+09:00,1307.5696533203127,1314.87451171875,1271.0453613281252,1278.3502197265625,1400,0.0,0.0
2016-02-29 00:00:00+09:00,1314.874303693602,1314.874303693602,1234.5208740234375,1234.5208740234375,1300,0.0,0.0
2016-03-01 00:00:00+09:00,1234.520895348974,1234.520895348974,1205.3014658732586,1212.6063232421875,1100,0.0,0.0
2016-03-02 00:00:00+09:00,1227.2164522058824,1241.826171875,1227.2164522058824,1241.826171875,700,0.0,0.0
2016-03-03 00:00:00+09:00,1249.130859375,1249.130859375,1249.130859375,1249.130859375,300,0.0,0.0
2016-03-04 00:00:00+09:00,1256.4354457516642,1256.4354457516642,1183.386873324242,1234.5208740234375,3000,0.0,0.0
2016-03-07 00:00:00+09:00,1234.5211417214912,1249.130859375,1234.5211417214912,1249.130859375,1000,0.0,0.0
2016-03-08 00:00:00+09:00,1249.130588508922,1249.130588508922,1219.9111595379532,1234.5208740234375,800,0.0,0.0
2016-03-09 00:00:00+09:00,1234.5213120404412,1241.826171875,1234.5213120404412,1241.826171875,200,0.0,0.0
2016-03-10 00:00:00+09:00,1249.130859375,1249.130859375,1249.130859375,1249.130859375,300,0.0,0.0
2016-03-11 00:00:00+09:00,1256.435546875,1256.435546875,1256.435546875,1256.435546875,100,0.0,0.0
2016-03-14 00:00:00+09:00,1241.826171875,1241.826171875,1227.2164522058824,1241.826171875,400,0.0,0.0
2016-03-15 00:00:00+09:00,1292.9599365234376,1300.2647949218751,1278.3502197265625,1278.3502197265625,1700,0.0,0.0
2016-03-16 00:00:00+09:00,1278.3503214518228,1278.3503214518228,1227.21630859375,1227.21630859375,1100,0.0,0.0
2016-03-17 00:00:00+09:00,1241.826171875,1241.826171875,1241.826171875,1241.826171875,300,0.0,0.0
2016-03-18 00:00:00+09:00,1234.5208740234375,1234.5208740234375,1234.5208740234375,1234.5208740234375,100,0.0,0.0
2016-03-22 00:00:00+09:00,1249.1306890443316,1256.435546875,1249.1306890443316,1256.435546875,400,0.0,0.0
2016-03-23 00:00:00+09:00,1256.435546875,1256.435546875,1256.435546875,1256.435546875,0,0.0,0.0
2016-03-24 00:00:00+09:00,1249.130859375,1249.130859375,1241.8260005482455,1249.130859375,500,0.0,0.0
2016-03-25 00:00:00+09:00,1227.21630859375,1227.21630859375,1227.21630859375,1227.21630859375,100,0.0,0.0
2016-03-28 00:00:00+09:00,1241.8260768502057,1241.8260768502057,1219.9114990234375,1219.9114990234375,300,0.0,0.0
2016-03-29 00:00:00+09:00,1249.8480224609375,1249.8480224609375,1249.8480224609375,1249.8480224609375,0,40.0,0.0
2016-03-30 00:00:00+09:00,1234.879782670986,1272.3003821458644,1234.879782670986,1249.8480224609375,400,0.0,0.0
2016-03-31 00:00:00+09:00,1249.8480224609375,1249.8480224609375,1249.8480224609375,1249.8480224609375,200,0.0,0.0
2016-04-01 00:00:00+09:00,1212.4274014559658,1234.8797607421875,1212.4274014559658,1234.8797607421875,400,0.0,0.0
2016-04-04 00:00:00+09:00,1234.8797268337673,1234.8797268337673,1204.9432486074943,1212.4273681640625,600,0.0,0.0
2016-04-05 00:00:00+09:00,1249.847965946904,1249.847965946904,1212.4273681640625,1212.4273681640625,800,0.0,0.0
2016-04-06 00:00:00+09:00,1212.4273681640625,1212.4273681640625,1212.4273681640625,1212.4273681640625,0,0.0,0.0
2016-04-07 00:00:00+09:00,1204.943090666765,1204.943090666765,1189.974853515625,1189.974853515625,300,0.0,0.0
2016-04-08 00:00:00+09:00,1189.974853515625,1189.974853515625,1189.974853515625,1189.974853515625,0,0.0,0.0
2016-04-11 00:00:00+09:00,1227.3955078125,1227.3955078125,1227.3955078125,1227.3955078125,100,0.0,0.0
2016-04-12 00:00:00+09:00,1242.3636474609375,1242.3636474609375,1242.3636474609375,1242.3636474609375,100,0.0,0.0
2016-04-13 00:00:00+09:00,1219.9113888624238,1227.3955078125,1219.9113888624238,1227.3955078125,1200,0.0,0.0
2016-04-14 00:00:00+09:00,1264.8161849529422,1279.784423828125,1264.8161849529422,1279.784423828125,1100,0.0,0.0
2016-04-15 00:00:00+09:00,1279.784423828125,1279.784423828125,1279.784423828125,1279.784423828125,0,0.0,0.0
2016-04-18 00:00:00+09:00,1249.8479460777596,1279.784423828125,1249.8479460777596,1279.784423828125,200,0.0,0.0
2016-04-19 00:00:00+09:00,1264.816150483631,1264.816150483631,1257.33203125,1257.33203125,300,0.0,0.0
2016-04-20 00:00:00+09:00,1257.3319574400437,1287.2684326171875,1249.8478386457577,1287.2684326171875,700,0.0,0.0
2016-04-21 00:00:00+09:00,1287.2685432657163,1287.2685432657163,1272.3003043905337,1279.784423828125,600,0.0,0.0
2016-04-22 00:00:00+09:00,1272.3002641656426,1332.1732177734375,1272.3002641656426,1332.1732177734375,2000,0.0,0.0
2016-04-25 00:00:00+09:00,1354.6255753763608,1354.6255753763608,1332.1732177734375,1332.1732177734375,800,0.0,0.0
2016-04-26 00:00:00+09:00,1332.173235831176,1332.173235831176,1234.8796848996856,1264.816162109375,2200,0.0,0.0
2016-04-27 00:00:00+09:00,1279.784423828125,1279.784423828125,1279.784423828125,1279.784423828125,300,0.0,0.0
2016-04-28 00:00:00+09:00,1317.2048087284484,1324.68892695986,1302.236572265625,1302.236572265625,900,0.0,0.0
2016-05-02 00:00:00+09:00,1294.7524540342135,1302.236572265625,1272.3000993399785,1302.236572265625,1000,0.0,0.0
2016-05-06 00:00:00+09:00,1279.7845351275275,1279.7845351275275,1272.3004150390625,1272.3004150390625,700,0.0,0.0
2016-05-09 00:00:00+09:00,1257.3320428069526,1264.816162109375,1242.363804202108,1264.816162109375,1400,0.0,0.0
2016-05-10 00:00:00+09:00,1302.2367061941966,1309.7208251953125,1294.7525871930804,1309.7208251953125,1500,0.0,0.0
2016-05-11 00:00:00+09:00,1309.7207890000454,1309.7207890000454,1272.3001950286157,1287.2684326171875,600,0.0,0.0
2016-05-12 00:00:00+09:00,1324.6888295953925,1324.6888295953925,1317.2047119140625,1317.2047119140625,500,0.0,0.0
2016-05-13 00:00:00+09:00,1354.6255753763608,1377.0779329792838,1332.1732177734375,1332.1732177734375,1200,0.0,0.0
2016-05-16 00:00:00+09:00,1294.7526711410617,1294.7526711410617,1189.9749983319584,1204.9432373046875,4400,0.0,0.0
2016-05-17 00:00:00+09:00,1204.9433486938476,1204.9433486938476,1182.4909881591798,1197.459228515625,1600,0.0,0.0
2016-05-18 00:00:00+09:00,1197.4591733870968,1197.4591733870968,1160.03857421875,1160.03857421875,1500,0.0,0.0
2016-05-19 00:00:00+09:00,1160.0385631214488,1160.0385631214488,1152.554443359375,1152.554443359375,800,0.0,0.0
2016-05-20 00:00:00+09:00,1152.5544760151274,1197.4591958598726,1152.5544760151274,1175.0068359375,1200,0.0,0.0
2016-05-23 00:00:00+09:00,1189.9750758857483,1189.9750758857483,1175.0068359375,1175.0068359375,1300,0.0,0.0
2016-05-24 00:00:00+09:00,1160.03857421875,1167.5226940524194,1152.5544543850806,1160.03857421875,2200,0.0,0.0
2016-05-25 00:00:00+09:00,1167.5224609375,1167.5224609375,1167.5224609375,1167.5224609375,600,0.0,0.0
2016-05-26 00:00:00+09:00,1167.5224609375,1167.5224609375,1152.5542242588142,1167.5224609375,300,0.0,0.0
2016-05-27 00:00:00+09:00,1175.0068138860888,1175.0068138860888,1160.03857421875,1160.03857421875,400,0.0,0.0
2016-05-30 00:00:00+09:00,1175.0068359375,1175.0068359375,1175.0068359375,1175.0068359375,400,0.0,0.0
2016-05-31 00:00:00+09:00,1212.4273793975267,1219.9114990234375,1204.943259771616,1219.9114990234375,1200,0.0,0.0
2016-06-01 00:00:00+09:00,1182.4910888671875,1182.4910888671875,1175.0069680515724,1182.4910888671875,400,0.0,0.0
2016-06-02 00:00:00+09:00,1182.4910888671875,1182.4910888671875,1182.4910888671875,1182.4910888671875,0,0.0,0.0
2016-06-03 00:00:00+09:00,1167.5226508246528,1212.4273681640625,1167.5226508246528,1212.4273681640625,1300,0.0,0.0
2016-06-06 00:00:00+09:00,1212.4271709735576,1212.4271709735576,1167.5224609375,1167.5224609375,700,0.0,0.0
2016-06-07 00:00:00+09:00,1175.006579276843,1175.006579276843,1167.5224609375,1167.5224609375,700,0.0,0.0
2016-06-08 00:00:00+09:00,1160.03857421875,1167.5226940524194,1160.03857421875,1160.03857421875,2000,0.0,0.0
2016-06-09 00:00:00+09:00,1152.554443359375,1152.554443359375,1152.554443359375,1152.554443359375,400,0.0,0.0
2016-06-10 00:00:00+09:00,1160.03857421875,1160.03857421875,1160.03857421875,1160.03857421875,400,0.0,0.0
2016-06-13 00:00:00+09:00,1137.58642578125,1137.58642578125,1130.102304559005,1137.58642578125,800,0.0,0.0
2016-06-14 00:00:00+09:00,1115.1337890625,1122.6179084521814,1107.6496696728188,1115.1337890625,500,0.0,0.0
2016-06-15 00:00:00+09:00,1122.6177978515625,1122.6177978515625,1122.6177978515625,1122.6177978515625,100,0.0,0.0
2016-06-16 00:00:00+09:00,1115.1337775153083,1137.5861354518581,1107.649658203125,1107.649658203125,1200,0.0,0.0
2016-06-17 00:00:00+09:00,1100.165441894531,1122.6177978515625,1100.165441894531,1122.6177978515625,1100,0.0,0.0
2016-06-20 00:00:00+09:00,1175.0066163644851,1189.974853515625,1175.0066163644851,1189.974853515625,3500,0.0,0.0
2016-06-21 00:00:00+09:00,1227.3956072771991,1227.3956072771991,1212.4273681640625,1212.4273681640625,1300,0.0,0.0
2016-06-22 00:00:00+09:00,1145.070323597301,1160.0385631214488,1145.070323597301,1152.554443359375,600,0.0,0.0
2016-06-23 00:00:00+09:00,1137.5860351562499,1137.5860351562499,1115.1336791992187,1122.6177978515625,1400,0.0,0.0
2016-06-24 00:00:00+09:00,1122.6177215576172,1122.6177215576172,1077.7130126953125,1077.7130126953125,1300,0.0,0.0
2016-06-27 00:00:00+09:00,1077.7132785744864,1092.6815185546875,1077.7132785744864,1092.6815185546875,200,0.0,0.0
2016-06-28 00:00:00+09:00,1107.649658203125,1107.649658203125,1107.649658203125,1107.649658203125,200,0.0,0.0
2016-06-29 00:00:00+09:00,1115.1336791992187,1137.5860351562499,1115.1336791992187,1122.6177978515625,700,0.0,0.0
2016-06-30 00:00:00+09:00,1175.0068359375,1175.0068359375,1175.0068359375,1175.0068359375,2500,0.0,0.0
2016-07-01 00:00:00+09:00,1160.03857421875,1160.03857421875,1160.03857421875,1160.03857421875,100,0.0,0.0
2016-07-04 00:00:00+09:00,1160.03857421875,1160.03857421875,1160.03857421875,1160.03857421875,100,0.0,0.0
2016-07-05 00:00:00+09:00,1212.427356791052,1212.427356791052,1197.459117818323,1204.9432373046875,1400,0.0,0.0
2016-07-06 00:00:00+09:00,1204.9432373046875,1204.9432373046875,1204.9432373046875,1204.9432373046875,0,0.0,0.0
2016-07-07 00:00:00+09:00,1212.4273681640625,1212.4273681640625,1212.4273681640625,1212.4273681640625,200,0.0,0.0
2016-07-08 00:00:00+09:00,1189.974853515625,1189.974853515625,1189.974853515625,1189.974853515625,100,0.0,0.0
2016-07-11 00:00:00+09:00,1189.974853515625,1189.974853515625,1189.974853515625,1189.974853515625,0,0.0,0.0
2016-07-12 00:00:00+09:00,1189.974853515625,1189.974853515625,1189.974853515625,1189.974853515625,200,0.0,0.0
2016-07-13 00:00:00+09:00,1197.4593304984178,1197.4593304984178,1182.4910888671875,1182.4910888671875,400,0.0,0.0
2016-07-14 00:00:00+09:00,1182.4910888671875,1182.4910888671875,1182.4910888671875,1182.4910888671875,300,0.0,0.0
2016-07-15 00:00:00+09:00,1189.9751083374024,1197.459228515625,1182.4909881591798,1197.459228515625,600,0.0,0.0
2016-07-19 00:00:00+09:00,1204.943259771616,1219.9114990234375,1197.4591401457055,1219.9114990234375,800,0.0,0.0
2016-07-20 00:00:00+09:00,1204.9431966145833,1257.33203125,1204.9431966145833,1257.33203125,1700,0.0,0.0
2016-07-21 00:00:00+09:00,1249.8480697631835,1249.8480697631835,1197.459228515625,1197.459228515625,3700,0.0,0.0
2016-07-22 00:00:00+09:00,1197.458972091195,1197.458972091195,1152.5542606377753,1189.974853515625,2600,0.0,0.0
2016-07-25 00:00:00+09:00,1189.9751083374024,1197.459228515625,1189.9751083374024,1197.459228515625,300,0.0,0.0
2016-07-26 00:00:00+09:00,1175.0068359375,1175.0068359375,1175.0068359375,1175.0068359375,200,0.0,0.0
2016-07-27 00:00:00+09:00,1182.4910888671875,1182.4910888671875,1182.4910888671875,1182.4910888671875,200,0.0,0.0
2016-07-28 00:00:00+09:00,1167.5224977889152,1189.974853515625,1167.5224977889152,1189.974853515625,400,0.0,0.0
2016-07-29 00:00:00+09:00,1167.5226940524194,1167.5226940524194,1152.5544543850806,1160.03857421875,800,0.0,0.0
2016-08-01 00:00:00+09:00,1160.038342598157,1167.5224609375,1160.038342598157,1167.5224609375,200,0.0,0.0
2016-08-02 00:00:00+09:00,1175.0068138860888,1175.0068138860888,1160.03857421875,1160.03857421875,200,0.0,0.0
2016-08-03 00:00:00+09:00,1160.03857421875,1160.03857421875,1160.03857421875,1160.03857421875,0,0.0,0.0
2016-08-04 00:00:00+09:00,1175.0068359375,1175.0068359375,1175.0068359375,1175.0068359375,100,0.0,0.0
2016-08-05 00:00:00+09:00,1175.0066659964766,1175.0066659964766,1145.0701904296875,1145.0701904296875,400,0.0,0.0
2016-08-08 00:00:00+09:00,1145.0701904296875,1145.0701904296875,1145.0701904296875,1145.0701904296875,0,0.0,0.0
2016-08-09 00:00:00+09:00,1160.0385631214488,1160.0385631214488,1152.554443359375,1152.554443359375,600,0.0,0.0
2016-08-10 00:00:00+09:00,1160.038342598157,1167.5224609375,1160.038342598157,1167.5224609375,300,0.0,0.0
2016-08-12 00:00:00+09:00,1152.5546682257402,1152.5546682257402,1130.102304559005,1137.58642578125,1700,0.0,0.0
2016-08-15 00:00:00+09:00,1137.58642578125,1137.58642578125,1137.58642578125,1137.58642578125,0,0.0,0.0
2016-08-16 00:00:00+09:00,1137.58642578125,1137.58642578125,1137.58642578125,1137.58642578125,0,0.0,0.0
2016-08-17 00:00:00+09:00,1160.03857421875,1175.0068138860888,1160.03857421875,1160.03857421875,1000,0.0,0.0
2016-08-18 00:00:00+09:00,1160.03857421875,1167.5226940524194,1160.03857421875,1160.03857421875,900,0.0,0.0
2016-08-19 00:00:00+09:00,1160.03857421875,1160.03857421875,1160.03857421875,1160.03857421875,0,0.0,0.0
2016-08-22 00:00:00+09:00,1189.974853515625,1189.974853515625,1189.974853515625,1189.974853515625,600,0.0,0.0
2016-08-23 00:00:00+09:00,1152.5543093213846,1160.038428213082,1137.5860715379902,1145.0701904296875,1300,0.0,0.0
2016-08-24 00:00:00+09:00,1122.6179084521814,1130.1020278418625,1100.1655502831377,1115.1337890625,2200,0.0,0.0
2016-08-25 00:00:00+09:00,1130.1019165039063,1130.1019165039063,1122.6177978515625,1122.6177978515625,600,0.0,0.0
2016-08-26 00:00:00+09:00,1085.1970916098737,1085.1970916098737,1047.776502244016,1055.2606201171875,5900,0.0,0.0
2016-08-29 00:00:00+09:00,1055.2610068154502,1070.229248046875,1010.3562831211757,1070.229248046875,6200,0.0,0.0
2016-08-30 00:00:00+09:00,1077.713169642857,1137.5861235119048,1077.713169642857,1100.16552734375,9200,0.0,0.0
2016-08-31 00:00:00+09:00,1145.070547003495,1160.0387894479852,1137.58642578125,1137.58642578125,600,0.0,0.0
2016-09-01 00:00:00+09:00,1137.58642578125,1137.58642578125,1137.58642578125,1137.58642578125,0,0.0,0.0
2016-09-02 00:00:00+09:00,1145.0701059194712,1167.5224609375,1145.0701059194712,1167.5224609375,800,0.0,0.0
2016-09-05 00:00:00+09:00,1182.490697616186,1189.9748159555288,1167.5224609375,1167.5224609375,500,0.0,0.0
2016-09-06 00:00:00+09:00,1167.5224609375,1167.5224609375,1167.5224609375,1167.5224609375,0,0.0,0.0
2016-09-07 00:00:00+09:00,1145.070484789112,1182.4910888671875,1145.070484789112,1182.4910888671875,1200,0.0,0.0
2016-09-08 00:00:00+09:00,1182.4910888671875,1182.4910888671875,1182.4910888671875,1182.4910888671875,400,0.0,0.0
2016-09-09 00:00:00+09:00,1182.4910888671875,1182.4910888671875,1182.4910888671875,1182.4910888671875,0,0.0,0.0
2016-09-12 00:00:00+09:00,1145.070323597301,1182.4909224076703,1145.070323597301,1152.554443359375,800,0.0,0.0
2016-09-13 00:00:00+09:00,1145.0701904296875,1145.0701904296875,1145.0701904296875,1145.0701904296875,100,0.0,0.0
2016-09-14 00:00:00+09:00,1145.0701904296875,1145.0701904296875,1145.0701904296875,1145.0701904296875,100,0.0,0.0
2016-09-15 00:00:00+09:00,1145.0701904296875,1145.0701904296875,1145.0701904296875,1145.0701904296875,200,0.0,0.0
2016-09-16 00:00:00+09:00,1145.0701904296875,1145.0701904296875,1145.0701904296875,1145.0701904296875,500,0.0,0.0
2016-09-20 00:00:00+09:00,1137.5859875801282,1167.5224609375,1137.5859875801282,1167.5224609375,1200,0.0,0.0
2016-09-21 00:00:00+09:00,1182.4910888671875,1182.4910888671875,1182.4910888671875,1182.4910888671875,600,0.0,0.0
2016-09-23 00:00:00+09:00,1182.4910888671875,1182.4910888671875,1182.4910888671875,1182.4910888671875,0,0.0,0.0
2016-09-26 00:00:00+09:00,1145.070484789112,1182.4910888671875,1145.070484789112,1182.4910888671875,300,0.0,0.0
2016-09-27 00:00:00+09:00,1182.4910888671875,1182.4910888671875,1182.4910888671875,1182.4910888671875,0,0.0,0.0
2016-09-28 00:00:00+09:00,1145.0703345514112,1160.03857421875,1145.0703345514112,1160.03857421875,300,0.0,0.0
2016-09-29 00:00:00+09:00,1167.5227159633757,1175.0068359375,1167.5227159633757,1175.0068359375,300,0.0,0.0
2016-09-30 00:00:00+09:00,1152.5546682257402,1152.5546682257402,1130.102304559005,1137.58642578125,1300,0.0,0.0
2016-10-03 00:00:00+09:00,1152.554443359375,1152.554443359375,1152.554443359375,1152.554443359375,100,0.0,0.0
2016-10-04 00:00:00+09:00,1152.554443359375,1152.554443359375,1145.070323597301,1152.554443359375,400,0.0,0.0
2016-10-05 00:00:00+09:00,1145.0701904296875,1152.5543093213846,1130.1019526462928,1145.0701904296875,3200,0.0,0.0
2016-10-06 00:00:00+09:00,1145.0702898644454,1145.0702898644454,1130.10205078125,1130.10205078125,1000,0.0,0.0
2016-10-07 00:00:00+09:00,1130.1019165039063,1130.1019165039063,1122.6177978515625,1122.6177978515625,1700,0.0,0.0
2016-10-11 00:00:00+09:00,1122.6177978515625,1122.6177978515625,1122.6177978515625,1122.6177978515625,700,0.0,0.0
2016-10-12 00:00:00+09:00,1137.5860351562499,1137.5860351562499,1122.6177978515625,1122.6177978515625,1400,0.0,0.0
2016-10-13 00:00:00+09:00,1122.6179312396523,1130.10205078125,1115.1338116980546,1130.10205078125,6900,0.0,0.0
2016-10-14 00:00:00+09:00,1130.1019526462928,1197.4590226715686,1130.1019526462928,1145.0701904296875,9900,0.0,0.0
2016-10-17 00:00:00+09:00,1145.070323597301,1152.554443359375,1145.070323597301,1152.554443359375,1700,0.0,0.0
2016-10-18 00:00:00+09:00,1152.5543093213846,1152.5543093213846,1137.5860715379902,1145.0701904296875,900,0.0,0.0
2016-10-19 00:00:00+09:00,1145.0703345514112,1160.03857421875,1145.0703345514112,1160.03857421875,300,0.0,0.0
2016-10-20 00:00:00+09:00,1152.554443359375,1152.554443359375,1145.070323597301,1152.554443359375,500,0.0,0.0
2016-10-21 00:00:00+09:00,1160.0385631214488,1167.5226828835227,1152.554443359375,1152.554443359375,2000,0.0,0.0
2016-10-24 00:00:00+09:00,1145.0701904296875,1145.0701904296875,1145.0701904296875,1145.0701904296875,300,0.0,0.0
2016-10-25 00:00:00+09:00,1152.5543093213846,1152.5543093213846,1145.0701904296875,1145.0701904296875,200,0.0,0.0
2016-10-26 00:00:00+09:00,1160.038342598157,1167.5224609375,1160.038342598157,1167.5224609375,900,0.0,0.0
2016-10-27 00:00:00+09:00,1167.5224609375,1167.5224609375,1167.5224609375,1167.5224609375,200,0.0,0.0
2016-10-28 00:00:00+09:00,1160.03857421875,1160.03857421875,1152.5544543850806,1160.03857421875,1000,0.0,0.0
2016-10-31 00:00:00+09:00,1167.5226828835227,1167.5226828835227,1152.554443359375,1152.554443359375,500,0.0,0.0
2016-11-01 00:00:00+09:00,1160.03857421875,1160.03857421875,1160.03857421875,1160.03857421875,200,0.0,0.0
2016-11-02 00:00:00+09:00,1160.03857421875,1160.03857421875,1160.03857421875,1160.03857421875,400,0.0,0.0
2016-11-04 00:00:00+09:00,1175.0070318924754,1175.0070318924754,1130.102304559005,1137.58642578125,3500,0.0,0.0
2016-11-07 00:00:00+09:00,1511.792236328125,1511.792236328125,1511.792236328125,1511.792236328125,6500,0.0,0.0
2016-11-08 00:00:00+09:00,1968.323664202009,2020.7125069754463,1683.9270891462054,1833.6094970703125,175300,0.0,0.0
2016-11-09 00:00:00+09:00,1833.6090435898095,1833.6090435898095,1564.1807759602864,1706.3790283203125,38000,0.0,0.0
2016-11-10 00:00:00+09:00,1796.1886635638298,1811.1569024268617,1713.8633498171544,1758.76806640625,29200,0.0,0.0
2016-11-11 00:00:00+09:00,1796.1887196370087,1871.0299162885508,1713.8634033203125,1713.8634033203125,21700,0.0,0.0
2016-11-14 00:00:00+09:00,1691.4106445312502,1728.8312340120299,1653.9900550504703,1691.41064453125,9500,0.0,0.0
2016-11-15 00:00:00+09:00,1691.4108669958382,1691.4108669958382,1601.6014404296875,1601.6014404296875,6300,0.0,0.0
2016-11-16 00:00:00+09:00,1646.5059941494626,1653.9901123046875,1601.6012852181136,1653.9901123046875,7000,0.0,0.0
2016-11-17 00:00:00+09:00,1668.9586332280585,1818.6410218583776,1668.9586332280585,1758.76806640625,31000,0.0,0.0
2016-11-18 00:00:00+09:00,1766.2522638494318,1811.1569824218748,1721.3475452769885,1811.156982421875,10000,0.0,0.0
2016-11-21 00:00:00+09:00,1863.5457421279534,1863.5457421279534,1811.1569060038744,1841.0933837890625,10100,0.0,0.0
2016-11-22 00:00:00+09:00,1856.0615639587656,1856.0615639587656,1796.1886102826766,1803.6727294921875,5200,0.0,0.0
2016-11-24 00:00:00+09:00,1818.6411021839488,1833.6093417080965,1796.1887428977273,1811.156982421875,4200,0.0,0.0
2016-11-25 00:00:00+09:00,1788.7043323182224,1788.7043323182224,1668.9584355939899,1706.3790283203125,10600,0.0,0.0
2016-11-28 00:00:00+09:00,1698.8952419704863,1698.8952419704863,1676.4428819444445,1683.927001953125,2500,0.0,0.0
2016-11-29 00:00:00+09:00,1691.4113341763489,1758.7684227054956,1691.4113341763489,1751.2843017578125,2100,0.0,0.0
2016-11-30 00:00:00+09:00,1788.7042573073816,1788.7042573073816,1728.8313114560885,1736.3154296875,4200,0.0,0.0
2016-12-01 00:00:00+09:00,1743.7995479189117,1743.7995479189117,1736.3154296875,1736.3154296875,2000,0.0,0.0
2016-12-02 00:00:00+09:00,1721.3470851914565,1743.7994384765625,1713.8629674297545,1743.7994384765625,2800,0.0,0.0
2016-12-05 00:00:00+09:00,1803.6723805701783,1803.6723805701783,1743.7994384765625,1743.7994384765625,6700,0.0,0.0
2016-12-06 00:00:00+09:00,1743.7995479189117,1743.7995479189117,1728.8313114560885,1736.3154296875,2100,0.0,0.0
2016-12-07 00:00:00+09:00,1736.3159073998918,1743.8000276904086,1721.3476668188582,1728.831787109375,2100,0.0,0.0
2016-12-08 00:00:00+09:00,1751.2841479809254,1788.704749433509,1728.831787109375,1728.831787109375,3500,0.0,0.0
2016-12-09 00:00:00+09:00,1736.3160598624465,1758.7684227054956,1728.8319389147637,1751.2843017578125,1600,0.0,0.0
2016-12-12 00:00:00+09:00,1788.7044320833886,1788.7044320833886,1751.2838372699287,1766.2520751953125,1400,0.0,0.0
2016-12-13 00:00:00+09:00,1736.3160598624465,1751.2843017578125,1721.3478179670808,1751.2843017578125,2100,0.0,0.0
2016-12-14 00:00:00+09:00,1736.3154296875,1736.3154296875,1728.8313114560885,1736.3154296875,2400,0.0,0.0
2016-12-15 00:00:00+09:00,1743.7995479189117,1743.7995479189117,1736.3154296875,1736.3154296875,3300,0.0,0.0
2016-12-16 00:00:00+09:00,1736.3157115409044,1841.0933837890625,1736.3157115409044,1841.0933837890625,8000,0.0,0.0
2016-12-19 00:00:00+09:00,1833.6094970703125,1848.577737862723,1818.6412562779017,1833.6094970703125,2900,0.0,0.0
2016-12-20 00:00:00+09:00,1818.6409679112098,1818.6409679112098,1766.252133444632,1803.6727294921875,2300,0.0,0.0
2016-12-21 00:00:00+09:00,1781.2200272850723,1788.7041450467743,1743.7994384765625,1743.7994384765625,3000,0.0,0.0
2016-12-22 00:00:00+09:00,1736.3159073998918,1743.8000276904086,1728.831787109375,1728.831787109375,2400,0.0,0.0
2016-12-26 00:00:00+09:00,1698.894909775048,1721.3472654108416,1691.4107912297834,1706.3790283203125,2700,0.0,0.0
2016-12-27 00:00:00+09:00,1676.442421530837,1698.894775390625,1668.9583035775745,1698.894775390625,7000,0.0,0.0
2016-12-28 00:00:00+09:00,1706.3791737432066,1721.347412109375,1698.8950545601222,1721.347412109375,2500,0.0,0.0
2016-12-29 00:00:00+09:00,1721.3470851914565,1758.7676739999665,1721.3470851914565,1743.7994384765625,3300,0.0,0.0
2016-12-30 00:00:00+09:00,1736.3153207148605,1758.7676739999665,1736.3153207148605,1743.7994384765625,1900,0.0,0.0
2017-01-04 00:00:00+09:00,1743.8001808101296,1758.7684227054956,1728.8319389147637,1751.2843017578125,4200,0.0,0.0
2017-01-05 00:00:00+09:00,1766.252388561959,1766.252388561959,1721.3476668188582,1728.831787109375,4000,0.0,0.0
2017-01-06 00:00:00+09:00,1721.3475229854666,1721.3475229854666,1698.895163990004,1713.8634033203125,5200,0.0,0.0
2017-01-10 00:00:00+09:00,1728.831642650621,1736.3157623157751,1706.3792836551584,1713.8634033203125,1300,0.0,0.0
2017-01-11 00:00:00+09:00,1721.3475229854666,1728.831642650621,1713.8634033203125,1713.8634033203125,2300,0.0,0.0
2017-01-12 00:00:00+09:00,1728.831383956106,1728.831383956106,1706.3790283203125,1706.3790283203125,1400,0.0,0.0
2017-01-13 00:00:00+09:00,1706.3790283203125,1706.3790283203125,1706.3790283203125,1706.3790283203125,100,0.0,0.0
2017-01-16 00:00:00+09:00,1728.8312029531585,1811.1564983318804,1713.8629674297545,1743.7994384765625,5400,0.0,0.0
2017-01-17 00:00:00+09:00,1743.7997696586276,1743.7997696586276,1721.347412109375,1721.347412109375,1200,0.0,0.0
2017-01-18 00:00:00+09:00,1713.8634033203125,1721.3475229854666,1698.895163990004,1713.8634033203125,1200,0.0,0.0
2017-01-19 00:00:00+09:00,1728.831787109375,1743.8000276904086,1721.3476668188582,1728.831787109375,1200,0.0,0.0
2017-01-20 00:00:00+09:00,1743.7997696586276,1743.7997696586276,1721.347412109375,1721.347412109375,1300,0.0,0.0
2017-01-23 00:00:00+09:00,1758.7680080247962,1758.7680080247962,1721.347412109375,1721.347412109375,900,0.0,0.0
2017-01-24 00:00:00+09:00,1721.3476668188582,1743.8000276904086,1721.3476668188582,1728.831787109375,2400,0.0,0.0
2017-01-25 00:00:00+09:00,1728.8312029531585,1751.2835562382645,1721.3470851914565,1743.7994384765625,800,0.0,0.0
2017-01-26 00:00:00+09:00,1751.2835562382645,1773.7359095233705,1743.7994384765625,1743.7994384765625,2200,0.0,0.0
2017-01-27 00:00:00+09:00,1758.7682101092762,1773.7364501953125,1751.284090066258,1773.7364501953125,700,0.0,0.0
2017-01-30 00:00:00+09:00,1751.283633180243,1788.7042236328123,1751.283633180243,1788.7042236328125,2200,0.0,0.0
2017-01-31 00:00:00+09:00,1773.7359874517847,1796.1883417233262,1773.7359874517847,1788.7042236328125,1600,0.0,0.0
2017-02-01 00:00:00+09:00,1766.2519669629303,1848.5772705078125,1758.76784845885,1848.5772705078125,5600,0.0,0.0
2017-02-02 00:00:00+09:00,1871.029773390437,1885.9980115775604,1863.545654296875,1863.545654296875,5900,0.0,0.0
2017-02-03 00:00:00+09:00,1871.029769131576,1945.870959896839,1871.029769131576,1938.3868408203125,7500,0.0,0.0
2017-02-06 00:00:00+09:00,1975.807734375,2095.553657670455,1975.807734375,2058.133056640625,10700,0.0,0.0
2017-02-07 00:00:00+09:00,2065.6169507019504,2088.069308861754,1975.807518062735,1990.7757568359375,4800,0.0,0.0
2017-02-08 00:00:00+09:00,1953.355322265625,2020.71240234375,1923.4188422309028,2020.71240234375,3800,0.0,0.0
2017-02-09 00:00:00+09:00,2043.1647623697918,2065.6171223958336,1998.2600423177084,2020.71240234375,5900,0.0,0.0
2017-02-10 00:00:00+09:00,2013.2279535649898,2073.1009038568855,2013.2279535649898,2043.1644287109375,4500,0.0,0.0
2017-02-13 00:00:00+09:00,2050.6489364346594,2058.133056640625,2013.2283354048297,2058.133056640625,4200,0.0,0.0
2017-02-14 00:00:00+09:00,2058.1331594366775,2132.974365234375,2058.1331594366775,2132.974365234375,7800,0.0,0.0
2017-02-15 00:00:00+09:00,1773.7362411499023,1818.6409561157227,1728.831526184082,1796.1885986328125,26800,0.0,0.0
2017-02-16 00:00:00+09:00,1811.1567503375773,1818.6408691406252,1788.7043939284338,1818.640869140625,8500,0.0,0.0
2017-02-17 00:00:00+09:00,1818.6412562779017,1833.6094970703125,1803.673015485491,1833.6094970703125,3100,0.0,0.0
2017-02-20 00:00:00+09:00,1833.6094970703125,1833.6094970703125,1811.1571358816964,1833.6094970703125,2500,0.0,0.0
2017-02-21 00:00:00+09:00,1833.6092063302322,1833.6092063302322,1803.6727294921877,1803.6727294921875,2100,0.0,0.0
2017-02-22 00:00:00+09:00,1803.6726700087727,1803.6726700087727,1766.2520751953125,1766.2520751953125,3500,0.0,0.0
2017-02-23 00:00:00+09:00,1751.2843017578125,1766.2525436531785,1751.2843017578125,1751.2843017578125,2500,0.0,0.0
2017-02-24 00:00:00+09:00,1751.2839469747341,1758.76806640625,1736.3157081117022,1758.76806640625,2400,0.0,0.0
2017-02-27 00:00:00+09:00,1758.76806640625,1758.76806640625,1743.799827543218,1758.76806640625,1400,0.0,0.0
2017-02-28 00:00:00+09:00,1758.7684227054956,1766.2525436531785,1751.2843017578125,1751.2843017578125,900,0.0,0.0
2017-03-01 00:00:00+09:00,1751.2843017578125,1758.7684227054956,1743.8001808101296,1751.2843017578125,1100,0.0,0.0
2017-03-02 00:00:00+09:00,1758.7679797260703,1781.2203369140625,1758.7679797260703,1781.2203369140625,2900,0.0,0.0
2017-03-03 00:00:00+09:00,1773.7364501953125,1781.2205702383308,1773.7364501953125,1773.7364501953125,900,0.0,0.0
2017-03-06 00:00:00+09:00,1766.2523301522945,1773.7364501953125,1766.2523301522945,1773.7364501953125,800,0.0,0.0
2017-03-07 00:00:00+09:00,1773.736305269282,1773.736305269282,1758.76806640625,1758.76806640625,1600,0.0,0.0
2017-03-08 00:00:00+09:00,1766.252133444632,1811.1568487016987,1758.7680142351207,1803.6727294921875,3900,0.0,0.0
2017-03-09 00:00:00+09:00,1796.1887428977273,1811.1569824218748,1781.2205033735795,1811.156982421875,2100,0.0,0.0
2017-03-10 00:00:00+09:00,1833.6093639936603,1848.577603699731,1781.2205250224129,1826.125244140625,2800,0.0,0.0
2017-03-13 00:00:00+09:00,1833.6093417080965,1863.545820756392,1811.1569824218748,1811.156982421875,1900,0.0,0.0
2017-03-14 00:00:00+09:00,1811.1568487016987,1811.1568487016987,1803.6727294921877,1803.6727294921875,400,0.0,0.0
2017-03-15 00:00:00+09:00,1803.6726315345295,1818.6408691406252,1796.1885127314815,1818.640869140625,900,0.0,0.0
2017-03-16 00:00:00+09:00,1818.6407964914918,1848.5772705078125,1818.6407964914918,1848.5772705078125,2000,0.0,0.0
2017-03-17 00:00:00+09:00,1848.5775259694744,1856.0616455078125,1841.0934064311366,1856.0616455078125,800,0.0,0.0
2017-03-21 00:00:00+09:00,1833.6092868927985,1856.0616455078125,1833.6092868927985,1856.0616455078125,3600,0.0,0.0
2017-03-22 00:00:00+09:00,1856.0616226816564,1856.0616226816564,1841.0933837890625,1841.0933837890625,1000,0.0,0.0
2017-03-23 00:00:00+09:00,1841.0933837890625,1841.0933837890625,1841.0933837890625,1841.0933837890625,0,0.0,0.0
2017-03-24 00:00:00+09:00,1811.1567503375773,1848.5773443528165,1811.1567503375773,1818.640869140625,500,0.0,0.0
2017-03-27 00:00:00+09:00,1848.5775497261134,2050.648779858118,1818.6410711880387,1953.355224609375,12800,0.0,0.0
2017-03-28 00:00:00+09:00,1900.9663540152617,1930.90283203125,1863.5457564952762,1930.90283203125,5000,0.0,0.0
2017-03-29 00:00:00+09:00,2022.4872114526945,2022.4872114526945,1938.534912109375,1938.534912109375,1500,50.0,0.0
2017-03-30 00:00:00+09:00,1930.90277874659,1930.90277874659,1877.4785911923364,1923.270751953125,2700,0.0,0.0
2017-03-31 00:00:00+09:00,1923.2707519531252,1923.2707519531252,1923.2707519531252,1923.270751953125,800,0.0,0.0
2017-04-03 00:00:00+09:00,1908.0069405691966,1923.2709960937502,1869.8468017578127,1869.8468017578125,2000,0.0,0.0
2017-04-04 00:00:00+09:00,1869.8464396848517,1877.4784659692798,1770.630097987288,1801.158203125,4000,0.0,0.0
2017-04-05 00:00:00+09:00,1801.158710186298,1831.6868239182693,1778.2626248873198,1785.8946533203125,1600,0.0,0.0
2017-04-06 00:00:00+09:00,1785.8942413330078,1785.8942413330078,1709.573974609375,1709.573974609375,3900,0.0,0.0
2017-04-07 00:00:00+09:00,1717.2061767578125,1717.2061767578125,1709.5741493055555,1717.2061767578125,900,0.0,0.0
2017-04-10 00:00:00+09:00,1747.7342529296875,1747.7342529296875,1747.7342529296875,1747.7342529296875,700,0.0,0.0
2017-04-11 00:00:00+09:00,1747.7339001626171,1778.2620032222262,1732.4698486328127,1732.4698486328125,1000,0.0,0.0
2017-04-12 00:00:00+09:00,1679.0457763671877,1709.5738813920457,1640.8856450861151,1679.0457763671875,2500,0.0,0.0
2017-04-13 00:00:00+09:00,1679.0457763671877,1679.0457763671877,1679.0457763671877,1679.0457763671875,0,0.0,0.0
2017-04-14 00:00:00+09:00,1679.0458679199219,1709.573974609375,1679.0458679199219,1709.573974609375,600,0.0,0.0
2017-04-17 00:00:00+09:00,1648.5177760768581,1694.3099365234377,1648.5177760768581,1694.3099365234375,500,0.0,0.0
2017-04-18 00:00:00+09:00,1724.8377685546875,1724.8377685546875,1724.8377685546875,1724.8377685546875,300,0.0,0.0
2017-04-19 00:00:00+09:00,1740.1019287109373,1740.1019287109373,1740.1019287109373,1740.1019287109375,100,0.0,0.0
2017-04-20 00:00:00+09:00,1740.1019287109373,1740.1019287109373,1740.1019287109373,1740.1019287109375,400,0.0,0.0
2017-04-21 00:00:00+09:00,1778.2618408203125,1778.2618408203125,1778.2618408203125,1778.2618408203125,400,0.0,0.0
2017-04-24 00:00:00+09:00,1778.2618408203125,1778.2618408203125,1778.2618408203125,1778.2618408203125,0,0.0,0.0
2017-04-25 00:00:00+09:00,1778.2618408203125,1778.2618408203125,1778.2618408203125,1778.2618408203125,0,0.0,0.0
2017-04-26 00:00:00+09:00,1755.3662109375,1755.3662109375,1755.3662109375,1755.3662109375,300,0.0,0.0
2017-04-27 00:00:00+09:00,1724.838171013578,1747.7342529296875,1724.838171013578,1747.7342529296875,600,0.0,0.0
2017-04-28 00:00:00+09:00,1770.6304408482144,1770.6304408482144,1762.9984130859377,1762.9984130859375,600,0.0,0.0
2017-05-01 00:00:00+09:00,1747.7339272334657,1770.6300048828125,1747.7339272334657,1770.6300048828125,500,0.0,0.0
2017-05-02 00:00:00+09:00,1740.1017154808208,1778.2618408203125,1740.1017154808208,1778.2618408203125,400,0.0,0.0
2017-05-08 00:00:00+09:00,1762.997978999697,1778.2620307659279,1762.997978999697,1770.6300048828125,3100,0.0,0.0
2017-05-09 00:00:00+09:00,1770.630097987288,1801.158203125,1770.630097987288,1801.158203125,1800,0.0,0.0
2017-05-10 00:00:00+09:00,1785.8943400930852,1793.5263671875,1770.6302859042553,1793.5263671875,1800,0.0,0.0
2017-05-11 00:00:00+09:00,1793.5261768405721,1816.422255693856,1785.894150556144,1801.158203125,2400,0.0,0.0
2017-05-12 00:00:00+09:00,1785.8943400930852,1801.158394281915,1785.8943400930852,1793.5263671875,1000,0.0,0.0
2017-05-15 00:00:00+09:00,1785.8940289871284,1785.8940289871284,1732.4698486328127,1732.4698486328125,2400,0.0,0.0
2017-05-16 00:00:00+09:00,1747.7345111553486,1785.8946533203127,1747.7345111553486,1785.8946533203125,500,0.0,0.0
2017-05-17 00:00:00+09:00,1785.894150556144,1831.686308262712,1785.894150556144,1801.158203125,1300,0.0,0.0
2017-05-18 00:00:00+09:00,1793.526082532159,1793.526082532159,1755.3659531165813,1770.6300048828125,1100,0.0,0.0
2017-05-19 00:00:00+09:00,1770.6300048828125,1770.6300048828125,1770.6300048828125,1770.6300048828125,300,0.0,0.0
2017-05-22 00:00:00+09:00,1793.5258909561092,1808.7899410919058,1778.2618408203125,1778.2618408203125,1300,0.0,0.0
2017-05-23 00:00:00+09:00,1824.0544755651597,1824.0544755651597,1793.5263671875,1793.5263671875,1100,0.0,0.0
2017-05-24 00:00:00+09:00,1793.5261768405721,1801.158203125,1793.5261768405721,1801.158203125,200,0.0,0.0
2017-05-25 00:00:00+09:00,1801.158309808298,1816.4223632812498,1801.158309808298,1816.42236328125,300,0.0,0.0
2017-05-26 00:00:00+09:00,1785.893950011441,1824.0540771484375,1770.6298991566423,1824.0540771484375,1400,0.0,0.0
2017-05-29 00:00:00+09:00,1785.8943400930852,1801.158394281915,1785.8943400930852,1793.5263671875,700,0.0,0.0
2017-05-30 00:00:00+09:00,1793.5263671875,1793.5263671875,1793.5263671875,1793.5263671875,0,0.0,0.0
2017-05-31 00:00:00+09:00,1816.4223632812498,1816.4223632812498,1793.5262830718223,1816.42236328125,1300,0.0,0.0
2017-06-01 00:00:00+09:00,1785.8946533203127,1785.8946533203127,1785.8946533203127,1785.8946533203125,500,0.0,0.0
2017-06-02 00:00:00+09:00,1801.158394281915,1801.158394281915,1785.8943400930852,1793.5263671875,800,0.0,0.0
2017-06-05 00:00:00+09:00,1801.158394281915,1801.158394281915,1793.5263671875,1793.5263671875,700,0.0,0.0
2017-06-06 00:00:00+09:00,1801.158203125,1801.158203125,1801.158203125,1801.158203125,100,0.0,0.0
2017-06-07 00:00:00+09:00,1793.5263671875,1793.5263671875,1793.5263671875,1793.5263671875,100,0.0,0.0
2017-06-08 00:00:00+09:00,1785.8946533203127,1785.8946533203127,1785.8946533203127,1785.8946533203125,200,0.0,0.0
2017-06-09 00:00:00+09:00,1793.5265241350448,1793.5265241350448,1762.9984130859377,1762.9984130859375,1100,0.0,0.0
2017-06-12 00:00:00+09:00,1755.3662317154256,1793.5263671875,1755.3662317154256,1793.5263671875,1800,0.0,0.0
2017-06-13 00:00:00+09:00,1824.0545839403496,1869.846749227555,1816.422556392482,1862.2147216796875,5300,0.0,0.0
2017-06-14 00:00:00+09:00,1862.2146689332562,2472.77685546875,1824.0545322747878,2472.77685546875,25600,0.0,0.0
2017-06-15 00:00:00+09:00,2106.4395187150185,2182.7597911322296,2037.751273539529,2045.38330078125,27700,0.0,0.0
2017-06-16 00:00:00+09:00,2068.2792049793716,2068.2792049793716,1991.9589391129741,2037.7510986328125,6300,0.0,0.0
2017-06-19 00:00:00+09:00,1976.6945427660671,2022.4866943359375,1976.6945427660671,2022.4866943359375,4000,0.0,0.0
2017-06-20 00:00:00+09:00,2114.0715459567396,2114.0715459567396,2037.751273539529,2045.38330078125,3300,0.0,0.0
2017-06-21 00:00:00+09:00,2053.015328022971,2053.015328022971,1984.3270828474813,2045.38330078125,3600,0.0,0.0
2017-06-22 00:00:00+09:00,2022.4872190560868,2045.38330078125,2007.2231645726447,2045.38330078125,2200,0.0,0.0
2017-06-23 00:00:00+09:00,2014.8550869360904,2030.1191406250002,1999.5910332471806,2030.119140625,1400,0.0,0.0
2017-06-26 00:00:00+09:00,1991.9590064027257,2030.1191406250002,1991.9590064027257,2030.119140625,4200,0.0,0.0
2017-06-27 00:00:00+09:00,2007.2229775354322,2068.279189779856,2007.2229775354322,2053.01513671875,3900,0.0,0.0
2017-06-28 00:00:00+09:00,2060.6471336280906,2098.8072657323146,2060.6471336280906,2083.543212890625,5600,0.0,0.0
2017-06-29 00:00:00+09:00,2098.8072657323146,2098.8072657323146,2075.91118646978,2083.543212890625,1600,0.0,0.0
2017-06-30 00:00:00+09:00,2083.543212890625,2083.543212890625,2060.6471336280906,2083.543212890625,3500,0.0,0.0
2017-07-03 00:00:00+09:00,2083.543212890625,2091.17523931147,2060.6471336280906,2083.543212890625,1400,0.0,0.0
2017-07-04 00:00:00+09:00,2068.279296875,2068.279296875,2053.015243023524,2068.279296875,1600,0.0,0.0
2017-07-05 00:00:00+09:00,2068.279274847275,2068.279274847275,2030.1191406250002,2030.119140625,1000,0.0,0.0
2017-07-06 00:00:00+09:00,2022.4872190560868,2045.38330078125,2014.8551918143658,2045.38330078125,800,0.0,0.0
2017-07-07 00:00:00+09:00,2030.1191406250002,2030.1191406250002,2030.1191406250002,2030.119140625,200,0.0,0.0
2017-07-10 00:00:00+09:00,2045.3827701208725,2045.3827701208725,2022.4866943359375,2022.4866943359375,1000,0.0,0.0
2017-07-11 00:00:00+09:00,2022.4871137805453,2030.1191406250002,2014.8550869360904,2030.119140625,1600,0.0,0.0
2017-07-12 00:00:00+09:00,2030.1190720461727,2037.7510986328125,2030.1190720461727,2037.7510986328125,1100,0.0,0.0
2017-07-13 00:00:00+09:00,2030.1191406250002,2037.7511674694551,2030.1191406250002,2030.119140625,1100,0.0,0.0
2017-07-14 00:00:00+09:00,2030.1192462978079,2045.38330078125,2030.1192462978079,2045.38330078125,2000,0.0,0.0
2017-07-17 00:00:00+09:00,2045.38330078125,2045.38330078125,2045.38330078125,2045.38330078125,0,0.0,0.0
2017-07-18 00:00:00+09:00,2045.3831943139098,2045.3831943139098,2007.2230600916355,2030.119140625,2100,0.0,0.0
2017-07-19 00:00:00+09:00,2022.4868298664744,2037.7508814126365,2007.2227783203125,2007.2227783203125,1400,0.0,0.0
2017-07-20 00:00:00+09:00,2014.8546690742924,2030.1187195975824,2014.8546690742924,2022.4866943359375,700,0.0,0.0
2017-07-21 00:00:00+09:00,2037.7510986328125,2037.7510986328125,2022.487045459533,2037.7510986328125,3000,0.0,0.0
2017-07-24 00:00:00+09:00,2014.855224609375,2014.855224609375,2014.855224609375,2014.855224609375,200,0.0,0.0
2017-07-25 00:00:00+09:00,2014.855224609375,2014.855224609375,2014.855224609375,2014.855224609375,300,0.0,0.0
2017-07-26 00:00:00+09:00,2022.4871137805453,2030.1191406250002,2022.4871137805453,2030.119140625,500,0.0,0.0
2017-07-27 00:00:00+09:00,2014.855224609375,2014.855224609375,2014.855224609375,2014.855224609375,200,0.0,0.0
2017-07-28 00:00:00+09:00,1976.6950519897928,1991.9591064453125,1961.4309975342733,1991.9591064453125,900,0.0,0.0
2017-07-31 00:00:00+09:00,1991.9591064453125,1991.9591064453125,1991.9591064453125,1991.9591064453125,400,0.0,0.0
2017-08-01 00:00:00+09:00,1976.6949462890627,1976.6949462890627,1976.6949462890627,1976.6949462890625,300,0.0,0.0
2017-08-02 00:00:00+09:00,1984.327010526002,1999.591064453125,1984.327010526002,1999.591064453125,600,0.0,0.0
2017-08-03 00:00:00+09:00,1991.9589999283605,1991.9589999283605,1976.6949462890627,1976.6949462890625,700,0.0,0.0
2017-08-04 00:00:00+09:00,1969.06298828125,1976.6950153676114,1946.1669070221656,1969.06298828125,1300,0.0,0.0
2017-08-07 00:00:00+09:00,1969.0629565988788,1999.591064453125,1969.0629565988788,1999.591064453125,1400,0.0,0.0
2017-08-08 00:00:00+09:00,1976.6949993426983,1984.3270263671875,1976.6949993426983,1984.3270263671875,300,0.0,0.0
2017-08-09 00:00:00+09:00,1991.9590533916767,1991.9590533916767,1961.43094529372,1984.3270263671875,900,0.0,0.0
2017-08-10 00:00:00+09:00,1961.4309975342733,1991.9591064453125,1961.4309975342733,1991.9591064453125,700,0.0,0.0
2017-08-11 00:00:00+09:00,1991.9591064453125,1991.9591064453125,1991.9591064453125,1991.9591064453125,0,0.0,0.0
2017-08-14 00:00:00+09:00,1885.1104316560647,1930.902587890625,1885.1104316560647,1930.902587890625,700,0.0,0.0
2017-08-15 00:00:00+09:00,1930.90277874659,1930.90277874659,1915.6387251596605,1923.270751953125,1200,0.0,0.0
2017-08-16 00:00:00+09:00,1930.9028162339155,1946.1668701171875,1930.9028162339155,1946.1668701171875,400,0.0,0.0
2017-08-17 00:00:00+09:00,1946.1666399688118,1946.1666399688118,1930.902587890625,1930.902587890625,400,0.0,0.0
2017-08-18 00:00:00+09:00,1930.902884896346,1938.534912109375,1930.902884896346,1938.534912109375,200,0.0,0.0
2017-08-21 00:00:00+09:00,1923.270275390625,1923.270275390625,1908.0062255859375,1908.0062255859375,900,0.0,0.0
2017-08-22 00:00:00+09:00,1908.0062255859375,1908.0062255859375,1908.0062255859375,1908.0062255859375,0,0.0,0.0
2017-08-23 00:00:00+09:00,1908.0067668778015,1915.6387939453125,1900.3747398102903,1915.6387939453125,1100,0.0,0.0
2017-08-24 00:00:00+09:00,1900.3747026997228,1908.0067296181955,1869.8465950258314,1892.74267578125,6500,0.0,0.0
2017-08-25 00:00:00+09:00,1892.74267578125,1892.74267578125,1892.74267578125,1892.74267578125,0,0.0,0.0
2017-08-28 00:00:00+09:00,1869.846749227555,1869.846749227555,1862.2147216796875,1862.2147216796875,2100,0.0,0.0
2017-08-29 00:00:00+09:00,1869.8468017578127,1869.8468017578127,1869.8468017578127,1869.8468017578125,600,0.0,0.0
2017-08-30 00:00:00+09:00,1862.2147216796875,1862.2147216796875,1846.9506665839524,1862.2147216796875,1500,0.0,0.0
2017-08-31 00:00:00+09:00,1862.2144237879372,1869.846450114937,1854.5823974609375,1854.5823974609375,2000,0.0,0.0
2017-09-01 00:00:00+09:00,1854.5823974609375,1877.4784764419367,1854.5823974609375,1854.5823974609375,3600,0.0,0.0
2017-09-04 00:00:00+09:00,1854.5823974609375,1854.5823974609375,1831.686318479938,1854.5823974609375,1800,0.0,0.0
2017-09-05 00:00:00+09:00,1854.5824813842773,1854.5824813842773,1831.6864013671875,1831.6864013671875,1000,0.0,0.0
2017-09-06 00:00:00+09:00,1824.0543746948242,1831.6864013671875,1808.7903213500977,1831.6864013671875,400,0.0,0.0
2017-09-07 00:00:00+09:00,1846.950454711914,1862.2145080566406,1831.6864013671875,1831.6864013671875,1600,0.0,0.0
2017-09-08 00:00:00+09:00,1831.6866099683546,1839.3186375098894,1801.1584998022154,1808.79052734375,1700,0.0,0.0
2017-09-11 00:00:00+09:00,1770.6301879882812,1831.6864013671875,1770.6301879882812,1831.6864013671875,1000,0.0,0.0
2017-09-12 00:00:00+09:00,1816.422348022461,1831.6864013671875,1816.422348022461,1831.6864013671875,200,0.0,0.0
2017-09-13 00:00:00+09:00,1816.422255693856,1816.422255693856,1801.158203125,1801.158203125,1200,0.0,0.0
2017-09-14 00:00:00+09:00,1824.0543746948242,1831.6864013671875,1824.0543746948242,1831.6864013671875,600,0.0,0.0
2017-09-15 00:00:00+09:00,1831.6864167542017,1831.6864167542017,1816.4223632812498,1816.42236328125,800,0.0,0.0
2017-09-18 00:00:00+09:00,1816.4223632812498,1816.4223632812498,1816.4223632812498,1816.42236328125,0,0.0,0.0
2017-09-19 00:00:00+09:00,1816.4223632812498,1816.4223632812498,1808.790336544774,1816.42236328125,800,0.0,0.0
2017-09-20 00:00:00+09:00,1831.6866629464287,1885.1108572823662,1831.6866629464287,1869.8468017578125,2400,0.0,0.0
2017-09-21 00:00:00+09:00,1869.8467095464252,2320.1363253147483,1869.8467095464252,2121.70361328125,90100,0.0,0.0
2017-09-22 00:00:00+09:00,2045.3832262344943,2121.7034958701097,1938.5348487446327,1999.591064453125,6200,0.0,0.0
2017-09-25 00:00:00+09:00,1991.9590374895633,2014.855118380248,1900.3747139268248,1999.591064453125,2300,0.0,0.0
2017-09-26 00:00:00+09:00,1999.591042603964,1999.591042603964,1946.1668544427894,1961.430908203125,140,0.0,0.0
2017-09-27 00:00:00+09:00,1923.270857683317,1946.166939322404,1923.270857683317,1938.534912109375,600,0.0,0.1
2017-09-28 00:00:00+09:00,1969.0630301391968,2035.4616672020302,1969.0630301391968,2020.9608154296875,700,0.0,0.0
2017-09-29 00:00:00+09:00,2026.303647193821,2026.303647193821,1969.0634311713968,1995.0123291015625,1700,0.0,0.0
2017-10-02 00:00:00+09:00,1972.8787588963648,1993.4852294921875,1960.6675170618032,1993.4852294921875,1600,0.0,0.0
2017-10-03 00:00:00+09:00,1993.4852294921875,1993.4852294921875,1993.4852294921875,1993.4852294921875,0,0.0,0.0
2017-10-04 00:00:00+09:00,1975.1687395017643,1975.1687395017643,1972.8791312256803,1973.642333984375,600,0.0,0.0
2017-10-05 00:00:00+09:00,1973.6418066738415,2019.4339599609375,1973.6418066738415,2019.4339599609375,900,0.0,0.0
2017-10-06 00:00:00+09:00,2016.3814276413689,2017.1446303013392,2003.406982421875,2003.406982421875,500,0.0,0.0
2017-10-09 00:00:00+09:00,2003.406982421875,2003.406982421875,2003.406982421875,2003.406982421875,0,0.0,0.0
2017-10-10 00:00:00+09:00,1985.0903178821911,2014.855224609375,1949.2197892622514,2014.855224609375,2300,0.0,0.0
2017-10-11 00:00:00+09:00,2014.855224609375,2014.855224609375,2014.855224609375,2014.855224609375,0,0.0,0.0
2017-10-12 00:00:00+09:00,2014.855224609375,2014.855224609375,2014.855224609375,2014.855224609375,500,0.0,0.0
2017-10-13 00:00:00+09:00,2007.9863501059508,2021.7239990234375,2007.9863501059508,2021.7239990234375,1000,0.0,0.0
2017-10-16 00:00:00+09:00,2021.7239990234375,2021.7239990234375,2021.7239990234375,2021.7239990234375,0,0.0,0.0
2017-10-17 00:00:00+09:00,1999.5907525472314,2014.0916015160853,1999.5907525472314,2007.2227783203125,800,0.0,0.0
2017-10-18 00:00:00+09:00,2007.2230490986717,2014.0918732210625,1971.3525231261858,2011.0390625,1500,0.0,0.0
2017-10-19 00:00:00+09:00,1988.1430281978207,1989.66943359375,1988.1430281978207,1989.66943359375,200,0.0,0.0
2017-10-20 00:00:00+09:00,1989.66943359375,1989.66943359375,1989.66943359375,1989.66943359375,0,0.0,0.0
2017-10-23 00:00:00+09:00,2006.4595947265625,2006.4595947265625,1988.142732697868,2006.4595947265625,500,0.0,0.0
2017-10-24 00:00:00+09:00,1991.9591064453125,1991.9591064453125,1991.9591064453125,1991.9591064453125,100,0.0,0.0
2017-10-25 00:00:00+09:00,2007.223209112213,2007.223209112213,1970.5894775390625,1970.5894775390625,1000,0.0,0.0
2017-10-26 00:00:00+09:00,1970.5894775390625,1970.5894775390625,1970.5894775390625,1970.5894775390625,0,0.0,0.0
2017-10-27 00:00:00+09:00,1970.5894775390625,1970.5894775390625,1970.5894775390625,1970.5894775390625,0,0.0,0.0
2017-10-30 00:00:00+09:00,1991.9586785285028,2014.091552734375,1985.089855499094,2014.091552734375,500,0.0,0.0
2017-10-31 00:00:00+09:00,2022.4872519753196,2022.4872519753196,1985.0903178821911,2014.855224609375,1900,0.0,0.0
2017-11-01 00:00:00+09:00,2014.85501859837,2014.85501859837,1989.6693308658903,2013.32861328125,1200,0.0,0.0
2017-11-02 00:00:00+09:00,2013.32861328125,2014.85501859837,2000.3541680857302,2013.32861328125,1000,0.0,0.0
2017-11-03 00:00:00+09:00,2013.32861328125,2013.32861328125,2013.32861328125,2013.32861328125,0,0.0,0.0
2017-11-06 00:00:00+09:00,2013.32861328125,2013.32861328125,2013.32861328125,2013.32861328125,0,0.0,0.0
2017-11-07 00:00:00+09:00,2013.32861328125,2013.32861328125,2003.40697871997,2013.32861328125,400,0.0,0.0
2017-11-08 00:00:00+09:00,2013.328670540797,2014.0918732210625,2007.2230490986717,2011.0390625,1100,0.0,0.0
2017-11-09 00:00:00+09:00,2011.0390625,2011.0390625,2011.0390625,2011.0390625,0,0.0,0.0
2017-11-10 00:00:00+09:00,2022.4872981908925,2022.4872981908925,1978.9847412109375,1978.9847412109375,300,0.0,0.0
2017-11-13 00:00:00+09:00,1978.9847412109375,1978.9847412109375,1978.9847412109375,1978.9847412109375,0,0.0,0.0
2017-11-14 00:00:00+09:00,1916.4020082584098,1916.4020082584098,1843.1345479665708,1846.9505615234375,1100,0.0,0.0
2017-11-15 00:00:00+09:00,1848.4766845703125,1848.4766845703125,1848.4766845703125,1848.4766845703125,200,0.0,0.0
2017-11-16 00:00:00+09:00,1848.4766845703125,1848.4766845703125,1848.4766845703125,1848.4766845703125,0,0.0,0.0
2017-11-17 00:00:00+09:00,1848.4766845703125,1848.4766845703125,1848.4766845703125,1848.4766845703125,0,0.0,0.0
2017-11-20 00:00:00+09:00,1886.63720703125,1886.63720703125,1886.63720703125,1886.63720703125,300,0.0,0.0
2017-11-21 00:00:00+09:00,1870.6098632812498,1870.6098632812498,1870.6098632812498,1870.60986328125,500,0.0,0.0
2017-11-22 00:00:00+09:00,1870.6098632812498,1870.6098632812498,1870.6098632812498,1870.60986328125,0,0.0,0.0
2017-11-23 00:00:00+09:00,1870.6098632812498,1870.6098632812498,1870.6098632812498,1870.60986328125,0,0.0,0.0
2017-11-24 00:00:00+09:00,1870.6098632812498,1870.6098632812498,1870.6098632812498,1870.60986328125,0,0.0,0.0
2017-11-27 00:00:00+09:00,1877.4785880069107,1884.347412109375,1877.4785880069107,1884.347412109375,800,0.0,0.0
2017-11-28 00:00:00+09:00,1884.347412109375,1884.347412109375,1884.347412109375,1884.347412109375,100,0.0,0.0
2017-11-29 00:00:00+09:00,1884.347412109375,1884.347412109375,1884.347412109375,1884.347412109375,0,0.0,0.0
2017-11-30 00:00:00+09:00,1932.4292534938372,1932.4292534938372,1923.2708210128237,1915.6387939453125,200,0.0,0.0
2017-12-01 00:00:00+09:00,1915.6387939453125,1915.6387939453125,1915.6387939453125,1915.6387939453125,0,0.0,0.0
2017-12-04 00:00:00+09:00,2071.3321321504613,2082.7801726745056,2033.1719970703127,2033.1719970703125,6000,0.0,0.0
2017-12-05 00:00:00+09:00,2033.1719970703127,2033.1719970703127,2033.1719970703127,2033.1719970703125,0,0.0,0.0
2017-12-06 00:00:00+09:00,1950.7461349303462,2027.0664062499998,1950.7461349303462,2027.06640625,200,0.0,0.0
2017-12-07 00:00:00+09:00,2027.0664062499998,2027.0664062499998,2027.0664062499998,2027.06640625,0,0.0,0.0
2017-12-08 00:00:00+09:00,1988.9061169918182,2018.6710205078123,1950.7459842790051,2018.6710205078125,2200,0.0,0.0
2017-12-11 00:00:00+09:00,1984.3270263671875,1984.3270263671875,1984.3270263671875,1984.3270263671875,200,0.0,0.0
2017-12-12 00:00:00+09:00,1984.326820285436,1984.326820285436,1962.9571468362083,1982.8004150390625,400,0.0,0.0
2017-12-13 00:00:00+09:00,1962.194091796875,1962.194091796875,1962.194091796875,1962.194091796875,200,0.0,0.0
2017-12-14 00:00:00+09:00,1962.194091796875,1962.194091796875,1962.194091796875,1962.194091796875,0,0.0,0.0
2017-12-15 00:00:00+09:00,1962.194091796875,1962.194091796875,1962.194091796875,1962.194091796875,0,0.0,0.0
2017-12-18 00:00:00+09:00,1961.4311838857275,1961.4311838857275,1955.3255615234373,1955.3255615234375,600,0.0,0.0
2017-12-19 00:00:00+09:00,1955.3255615234373,1955.3255615234373,1955.3255615234373,1955.3255615234375,0,0.0,0.0
2017-12-20 00:00:00+09:00,1960.6678515032795,1960.6678515032795,1950.7462158203125,1950.7462158203125,400,0.0,0.0
2017-12-21 00:00:00+09:00,1950.74607057089,1961.430908203125,1950.74607057089,1961.430908203125,1200,0.0,0.0
2017-12-22 00:00:00+09:00,1961.430908203125,1961.430908203125,1961.430908203125,1961.430908203125,2300,0.0,0.0
2017-12-25 00:00:00+09:00,1961.430908203125,1961.430908203125,1961.430908203125,1961.430908203125,0,0.0,0.0
2017-12-26 00:00:00+09:00,1930.9028820989624,1930.9028820989624,1924.0340576171875,1924.0340576171875,200,0.0,0.0
2017-12-27 00:00:00+09:00,1924.0340576171875,1924.0340576171875,1924.0340576171875,1924.0340576171875,0,0.0,0.0
2017-12-28 00:00:00+09:00,1930.1393852867157,1930.902587890625,1930.1393852867157,1930.902587890625,1500,0.0,0.0
2017-12-29 00:00:00+09:00,1930.902587890625,1930.902587890625,1930.902587890625,1930.902587890625,0,0.0,0.0
2018-01-01 00:00:00+09:00,1930.902587890625,1930.902587890625,1930.902587890625,1930.902587890625,0,0.0,0.0
2018-01-02 00:00:00+09:00,1930.902587890625,1930.902587890625,1930.902587890625,1930.902587890625,0,0.0,0.0
2018-01-03 00:00:00+09:00,1930.902587890625,1930.902587890625,1930.902587890625,1930.902587890625,0,0.0,0.0
2018-01-04 00:00:00+09:00,1933.1922417138633,1933.9554443359375,1933.1922417138633,1933.9554443359375,600,0.0,0.0
2018-01-05 00:00:00+09:00,1933.9554443359375,1933.9554443359375,1933.9554443359375,1933.9554443359375,0,0.0,0.0
2018-01-08 00:00:00+09:00,1933.9554443359375,1933.9554443359375,1933.9554443359375,1933.9554443359375,0,0.0,0.0
2018-01-09 00:00:00+09:00,1953.7991261104673,1976.6952096195744,1953.7991261104673,1975.9320068359375,700,0.0,0.0
2018-01-10 00:00:00+09:00,1975.9320068359375,1975.9320068359375,1975.9320068359375,1975.9320068359375,0,0.0,0.0
2018-01-11 00:00:00+09:00,1946.1665906404194,1972.115478515625,1946.1665906404194,1972.115478515625,1900,0.0,0.0
2018-01-12 00:00:00+09:00,1972.115478515625,1972.115478515625,1972.115478515625,1972.115478515625,0,0.0,0.0
2018-01-15 00:00:00+09:00,1972.115478515625,1972.115478515625,1972.115478515625,1972.115478515625,0,0.0,0.0
2018-01-16 00:00:00+09:00,1960.667556613974,1960.667556613974,1957.6147460937498,1957.61474609375,200,0.0,0.0
2018-01-17 00:00:00+09:00,1957.6147460937498,1957.6147460937498,1957.6147460937498,1957.61474609375,0,0.0,0.0
2018-01-18 00:00:00+09:00,1953.7988319115937,1968.2996826171875,1953.7988319115937,1968.2996826171875,600,0.0,0.0
2018-01-19 00:00:00+09:00,1953.798934108527,1969.06298828125,1953.798934108527,1969.06298828125,600,0.0,0.0
2018-01-22 00:00:00+09:00,1969.06298828125,1969.06298828125,1969.06298828125,1969.06298828125,0,0.0,0.0
2018-01-23 00:00:00+09:00,1975.9317592754437,1976.6949619634606,1961.430908203125,1961.430908203125,800,0.0,0.0
2018-01-24 00:00:00+09:00,1961.430908203125,1961.430908203125,1961.430908203125,1961.430908203125,0,0.0,0.0
2018-01-25 00:00:00+09:00,1954.5621529102327,1954.5621529102327,1953.7989501953125,1953.7989501953125,1000,0.0,0.0
2018-01-26 00:00:00+09:00,1953.7989501953125,1953.7989501953125,1953.7989501953125,1953.7989501953125,0,0.0,0.0
2018-01-29 00:00:00+09:00,1953.7990147292994,1953.7990147292994,1917.165283203125,1917.165283203125,300,0.0,0.0
2018-01-30 00:00:00+09:00,1961.430908203125,1961.430908203125,1961.430908203125,1961.430908203125,100,0.0,0.0
2018-01-31 00:00:00+09:00,1961.430908203125,1961.430908203125,1961.430908203125,1961.430908203125,200,0.0,0.0
2018-02-01 00:00:00+09:00,1961.430908203125,1961.430908203125,1961.430908203125,1961.430908203125,300,0.0,0.0
2018-02-02 00:00:00+09:00,1961.430908203125,1961.430908203125,1961.430908203125,1961.430908203125,0,0.0,0.0
2018-02-05 00:00:00+09:00,1899.6109981933594,1908.0062255859375,1848.4764313476562,1908.0062255859375,900,0.0,0.0
2018-02-06 00:00:00+09:00,1945.403564453125,1945.403564453125,1945.403564453125,1945.403564453125,200,0.0,0.0
2018-02-07 00:00:00+09:00,1945.403564453125,1945.403564453125,1945.403564453125,1945.403564453125,0,0.0,0.0
2018-02-08 00:00:00+09:00,1907.2435701810398,1944.6405029296877,1907.2435701810398,1944.6405029296875,400,0.0,0.0
2018-02-09 00:00:00+09:00,1944.640754944219,1944.640754944219,1881.294921875,1881.294921875,400,0.0,0.0
2018-02-12 00:00:00+09:00,1881.294921875,1881.294921875,1881.294921875,1881.294921875,0,0.0,0.0
2018-02-13 00:00:00+09:00,1921.7443780714464,1921.7443780714464,1892.74267578125,1892.74267578125,200,0.0,0.0
2018-02-14 00:00:00+09:00,1892.74267578125,1892.74267578125,1892.74267578125,1892.74267578125,0,0.0,0.0
2018-02-15 00:00:00+09:00,1892.742581343174,1945.403564453125,1881.2945415366628,1945.403564453125,2700,0.0,0.0
2018-02-16 00:00:00+09:00,1901.9010391174072,1901.9010391174072,1900.3746337890627,1900.3746337890625,400,0.0,0.0
2018-02-19 00:00:00+09:00,1897.3218919323335,1897.3218919323335,1892.74267578125,1892.74267578125,900,0.0,0.0
2018-02-20 00:00:00+09:00,1891.2160946000442,1906.4801470181235,1885.1104736328123,1885.1104736328125,1100,0.0,0.0
2018-02-21 00:00:00+09:00,1885.1104736328123,1885.1104736328123,1885.1104736328123,1885.1104736328125,0,0.0,0.0
2018-02-22 00:00:00+09:00,1882.058124683063,1882.058124683063,1881.294921875,1881.294921875,600,0.0,0.0
2018-02-23 00:00:00+09:00,1891.9789195855778,1891.9789195855778,1890.4525146484375,1890.4525146484375,300,0.0,0.0
2018-02-26 00:00:00+09:00,1890.4525146484375,1890.4525146484375,1890.4525146484375,1890.4525146484375,0,0.0,0.0
2018-02-27 00:00:00+09:00,1888.163818359375,1888.163818359375,1888.163818359375,1888.163818359375,300,0.0,0.0
2018-02-28 00:00:00+09:00,1888.163818359375,1888.163818359375,1888.163818359375,1888.163818359375,0,0.0,0.0
2018-03-01 00:00:00+09:00,1888.163525808981,1888.163525808981,1870.6098632812498,1870.60986328125,600,0.0,0.0
2018-03-02 00:00:00+09:00,1866.0307566531797,1881.2948119223263,1866.0307566531797,1875.952392578125,600,0.0,0.0
2018-03-05 00:00:00+09:00,1875.952392578125,1875.952392578125,1875.952392578125,1875.952392578125,0,0.0,0.0
2018-03-06 00:00:00+09:00,1875.952392578125,1875.952392578125,1875.952392578125,1875.952392578125,0,0.0,0.0
2018-03-07 00:00:00+09:00,1875.952392578125,1875.952392578125,1875.952392578125,1875.952392578125,0,0.0,0.0
2018-03-08 00:00:00+09:00,1875.952392578125,1875.952392578125,1875.952392578125,1875.952392578125,0,0.0,0.0
2018-03-09 00:00:00+09:00,1875.952392578125,1875.952392578125,1875.952392578125,1875.952392578125,0,0.0,0.0
2018-03-12 00:00:00+09:00,1875.952392578125,1875.952392578125,1875.952392578125,1875.952392578125,0,0.0,0.0
2018-03-13 00:00:00+09:00,1875.952392578125,1875.952392578125,1875.952392578125,1875.952392578125,0,0.0,0.0
2018-03-14 00:00:00+09:00,1875.952392578125,1875.952392578125,1875.952392578125,1875.952392578125,0,0.0,0.0
2018-03-15 00:00:00+09:00,1875.952392578125,1875.952392578125,1875.952392578125,1875.952392578125,0,0.0,0.0
2018-03-16 00:00:00+09:00,1857.6350097656252,1866.0302378294796,1846.950174047992,1857.635009765625,1800,0.0,0.0
2018-03-19 00:00:00+09:00,1857.6350097656252,1857.6350097656252,1857.6350097656252,1857.635009765625,0,0.0,0.0
2018-03-20 00:00:00+09:00,1857.6350097656252,1857.6350097656252,1857.6350097656252,1857.635009765625,0,0.0,0.0
2018-03-21 00:00:00+09:00,1857.6350097656252,1857.6350097656252,1857.6350097656252,1857.635009765625,0,0.0,0.0
2018-03-22 00:00:00+09:00,1862.2146113497997,1862.2146113497997,1833.9761110957247,1856.8721923828125,2500,0.0,0.0
2018-03-23 00:00:00+09:00,1835.5023765087526,1835.5023765087526,1833.2127685546875,1833.2127685546875,500,0.0,0.0
2018-03-26 00:00:00+09:00,1833.2127685546875,1833.2127685546875,1833.2127685546875,1833.2127685546875,0,0.0,0.0
2018-03-27 00:00:00+09:00,1833.2129127187177,1846.9505615234375,1826.3440883163578,1846.9505615234375,400,0.0,0.0
2018-03-28 00:00:00+09:00,1815.7780487426103,1886.6947021484375,1815.7780487426103,1886.6947021484375,800,50.0,0.0
2018-03-29 00:00:00+09:00,1886.6947021484375,1886.6947021484375,1886.6947021484375,1886.6947021484375,0,0.0,0.0
2018-03-30 00:00:00+09:00,1886.6947021484375,1886.6947021484375,1886.6947021484375,1886.6947021484375,0,0.0,0.0
2018-04-02 00:00:00+09:00,1809.5440384673095,1825.909423828125,1809.5440384673095,1825.909423828125,1500,0.0,0.0
2018-04-03 00:00:00+09:00,1823.5715467893656,1848.50927734375,1809.5440733525243,1848.50927734375,400,0.0,0.0
2018-04-04 00:00:00+09:00,1848.50927734375,1848.50927734375,1848.50927734375,1848.50927734375,0,0.0,0.0
2018-04-05 00:00:00+09:00,1848.50927734375,1848.50927734375,1848.50927734375,1848.50927734375,0,0.0,0.0
2018-04-06 00:00:00+09:00,1848.50927734375,1848.50927734375,1848.50927734375,1848.50927734375,0,0.0,0.0
2018-04-09 00:00:00+09:00,1809.544115777552,1843.83349609375,1804.8682911889794,1843.83349609375,1700,0.0,0.0
2018-04-10 00:00:00+09:00,1843.83349609375,1843.83349609375,1843.83349609375,1843.83349609375,0,0.0,0.0
2018-04-11 00:00:00+09:00,1843.83349609375,1843.83349609375,1843.83349609375,1843.83349609375,0,0.0,0.0
2018-04-12 00:00:00+09:00,1843.83349609375,1843.83349609375,1843.83349609375,1843.83349609375,0,0.0,0.0
2018-04-13 00:00:00+09:00,1843.83349609375,1843.83349609375,1843.83349609375,1843.83349609375,0,0.0,0.0
2018-04-16 00:00:00+09:00,1831.3644109987745,1867.99169921875,1831.3644109987745,1867.99169921875,700,0.0,0.0
2018-04-17 00:00:00+09:00,1867.99169921875,1867.99169921875,1867.99169921875,1867.99169921875,0,0.0,0.0
2018-04-18 00:00:00+09:00,1831.3644729111509,1846.1712495006452,1821.2335205078125,1821.2335205078125,1700,0.0,0.0
2018-04-19 00:00:00+09:00,1823.5715610166137,1846.9506835937498,1823.5715610166137,1846.95068359375,200,0.0,0.0
2018-04-20 00:00:00+09:00,1826.688777360232,1846.9506835937498,1826.688777360232,1846.95068359375,200,0.0,0.0
2018-04-23 00:00:00+09:00,1846.9508387894368,1869.5506591796875,1846.9508387894368,1869.5506591796875,300,0.0,0.0
2018-04-24 00:00:00+09:00,1869.5506591796875,1869.5506591796875,1869.5506591796875,1869.5506591796875,0,0.0,0.0
2018-04-25 00:00:00+09:00,1869.5506591796875,1869.5506591796875,1869.5506591796875,1869.5506591796875,0,0.0,0.0
2018-04-26 00:00:00+09:00,1869.5506591796875,1869.5506591796875,1869.5506591796875,1869.5506591796875,0,0.0,0.0
2018-04-27 00:00:00+09:00,1868.7711253446691,1947.4808349609375,1867.9918212890625,1947.4808349609375,2000,0.0,0.0
2018-04-30 00:00:00+09:00,1947.4808349609375,1947.4808349609375,1947.4808349609375,1947.4808349609375,0,0.0,0.0
2018-05-01 00:00:00+09:00,1909.294584104784,1946.7011718750002,1909.294584104784,1946.701171875,300,0.0,0.0
2018-05-02 00:00:00+09:00,1945.9222412109375,1945.9222412109375,1945.9222412109375,1945.9222412109375,100,0.0,0.0
2018-05-03 00:00:00+09:00,1945.9222412109375,1945.9222412109375,1945.9222412109375,1945.9222412109375,0,0.0,0.0
2018-05-04 00:00:00+09:00,1945.9222412109375,1945.9222412109375,1945.9222412109375,1945.9222412109375,0,0.0,0.0
2018-05-07 00:00:00+09:00,1948.2601531072164,1987.2253561693606,1946.7015449847306,1985.666748046875,4400,0.0,0.0
2018-05-08 00:00:00+09:00,2102.5623494779147,2102.5623494779147,2023.8526395827073,2026.1905517578125,6000,0.0,0.0
2018-05-09 00:00:00+09:00,2053.466319249927,2053.466319249927,1988.0047743478422,1999.6943359375,1400,0.0,0.0
2018-05-10 00:00:00+09:00,2023.8523140116445,2023.8523140116445,2008.2662353515625,2008.2662353515625,200,0.0,0.0
2018-05-11 00:00:00+09:00,1988.0046959400179,2007.487297821045,1987.2253918647766,1995.0184326171875,1800,0.0,0.0
2018-05-14 00:00:00+09:00,1883.5778236750966,1909.294856435245,1878.901999536888,1889.812255859375,2300,0.0,0.0
2018-05-15 00:00:00+09:00,1889.812255859375,1889.812255859375,1889.812255859375,1889.812255859375,0,0.0,0.0
2018-05-16 00:00:00+09:00,1889.812255859375,1889.812255859375,1889.812255859375,1889.812255859375,0,0.0,0.0
2018-05-17 00:00:00+09:00,1927.9979831604915,1935.01171875,1907.7360803463553,1935.01171875,500,0.0,0.0
2018-05-18 00:00:00+09:00,1935.01171875,1935.01171875,1935.01171875,1935.01171875,0,0.0,0.0
2018-05-21 00:00:00+09:00,1945.1426630434783,1945.1426630434783,1904.6188575634058,1935.791015625,800,0.0,0.0
2018-05-22 00:00:00+09:00,1935.791015625,1935.791015625,1935.791015625,1935.791015625,0,0.0,0.0
2018-05-23 00:00:00+09:00,1935.791015625,1935.791015625,1935.791015625,1935.791015625,0,0.0,0.0
2018-05-24 00:00:00+09:00,1935.791015625,1935.791015625,1935.791015625,1935.791015625,0,0.0,0.0
2018-05-25 00:00:00+09:00,1935.791015625,1935.791015625,1935.791015625,1935.791015625,0,0.0,0.0
2018-05-28 00:00:00+09:00,1935.791015625,1935.791015625,1935.791015625,1935.791015625,0,0.0,0.0
2018-05-29 00:00:00+09:00,1935.791015625,1935.791015625,1935.791015625,1935.791015625,0,0.0,0.0
2018-05-30 00:00:00+09:00,1935.791015625,1935.791015625,1935.791015625,1935.791015625,0,0.0,0.0
2018-05-31 00:00:00+09:00,1935.791015625,1935.791015625,1935.791015625,1935.791015625,0,0.0,0.0
2018-06-01 00:00:00+09:00,1935.791015625,1935.791015625,1935.791015625,1935.791015625,0,0.0,0.0
2018-06-04 00:00:00+09:00,1887.474458273639,1903.83984375,1887.474458273639,1903.83984375,200,0.0,0.0
2018-06-05 00:00:00+09:00,1903.83984375,1903.83984375,1903.83984375,1903.83984375,0,0.0,0.0
2018-06-06 00:00:00+09:00,1903.83984375,1903.83984375,1903.83984375,1903.83984375,0,0.0,0.0
2018-06-07 00:00:00+09:00,1927.9985351562502,1927.9985351562502,1927.9985351562502,1927.99853515625,500,0.0,0.0
2018-06-08 00:00:00+09:00,1917.087919649401,1927.9981761026904,1913.1913994875122,1927.2188720703125,500,0.0,0.0
2018-06-11 00:00:00+09:00,1918.6464986661585,1927.2188428925306,1917.087890625,1917.087890625,1200,0.0,0.0
2018-06-12 00:00:00+09:00,1926.4395388719513,1926.4395388719513,1917.087890625,1917.087890625,200,0.0,0.0
2018-06-13 00:00:00+09:00,1913.191162109375,1913.191162109375,1913.191162109375,1913.191162109375,400,0.0,0.0
2018-06-14 00:00:00+09:00,1913.191162109375,1913.191162109375,1913.191162109375,1913.191162109375,0,0.0,0.0
2018-06-15 00:00:00+09:00,1928.7772570158306,1928.7772570158306,1924.8807373046875,1924.8807373046875,900,0.0,0.0
2018-06-18 00:00:00+09:00,1924.8807373046875,1924.8807373046875,1924.8807373046875,1924.8807373046875,0,0.0,0.0
2018-06-19 00:00:00+09:00,1920.9845112474814,1945.9222412109375,1920.9845112474814,1945.9222412109375,1800,0.0,0.0
2018-06-20 00:00:00+09:00,1945.9222412109375,1945.9222412109375,1945.9222412109375,1945.9222412109375,0,0.0,0.0
2018-06-21 00:00:00+09:00,1945.921886773529,1945.921886773529,1892.1499163340523,1931.1151123046875,700,0.0,0.0
2018-06-22 00:00:00+09:00,1931.1151123046875,1931.1151123046875,1931.1151123046875,1931.1151123046875,0,0.0,0.0
2018-06-25 00:00:00+09:00,1931.1151123046875,1931.1151123046875,1931.1151123046875,1931.1151123046875,0,0.0,0.0
2018-06-26 00:00:00+09:00,1909.2945691142138,1909.2945691142138,1867.212158203125,1867.212158203125,3600,0.0,0.0
2018-06-27 00:00:00+09:00,1867.212158203125,1867.212158203125,1867.212158203125,1867.212158203125,0,0.0,0.0
2018-06-28 00:00:00+09:00,1867.212093197601,1928.777099609375,1867.212093197601,1928.777099609375,3300,0.0,0.0
2018-06-29 00:00:00+09:00,1928.777099609375,1928.777099609375,1928.777099609375,1928.777099609375,0,0.0,0.0
2018-07-02 00:00:00+09:00,1928.7773895263672,1963.8460693359375,1928.7773895263672,1963.8460693359375,200,0.0,0.0
2018-07-03 00:00:00+09:00,1931.115435660122,1963.0669017061532,1931.115435660122,1962.28759765625,500,0.0,0.0
2018-07-04 00:00:00+09:00,1962.2875238185975,1962.2875238185975,1874.2261694931403,1917.087890625,2800,0.0,0.0
2018-07-05 00:00:00+09:00,1917.0879909406913,1945.9222412109375,1917.0879909406913,1945.9222412109375,1700,0.0,0.0
2018-07-06 00:00:00+09:00,1945.9222412109375,1945.9222412109375,1945.9222412109375,1945.9222412109375,0,0.0,0.0
2018-07-09 00:00:00+09:00,1906.9565939620065,1942.0252685546875,1906.9565939620065,1942.0252685546875,200,0.0,0.0
2018-07-10 00:00:00+09:00,1942.0252685546875,1942.0252685546875,1942.0252685546875,1942.0252685546875,0,0.0,0.0
2018-07-11 00:00:00+09:00,1942.0252685546875,1942.0252685546875,1942.0252685546875,1942.0252685546875,0,0.0,0.0
2018-07-12 00:00:00+09:00,1942.0252685546875,1942.0252685546875,1942.0252685546875,1942.0252685546875,0,0.0,0.0
2018-07-13 00:00:00+09:00,1940.4669189453125,1940.4669189453125,1940.4669189453125,1940.4669189453125,100,0.0,0.0
2018-07-16 00:00:00+09:00,1940.4669189453125,1940.4669189453125,1940.4669189453125,1940.4669189453125,0,0.0,0.0
2018-07-17 00:00:00+09:00,1940.4669189453125,1940.4669189453125,1940.4669189453125,1940.4669189453125,0,0.0,0.0
2018-07-18 00:00:00+09:00,1940.467020103181,1956.0531005859375,1940.467020103181,1956.0531005859375,1400,0.0,0.0
2018-07-19 00:00:00+09:00,1956.0531005859375,1956.0531005859375,1956.0531005859375,1956.0531005859375,0,0.0,0.0
2018-07-20 00:00:00+09:00,1977.873241995641,1983.328369140625,1975.5353303620764,1983.328369140625,1300,0.0,0.0
2018-07-23 00:00:00+09:00,1983.328369140625,1983.328369140625,1983.328369140625,1983.328369140625,0,0.0,0.0
2018-07-24 00:00:00+09:00,1983.328369140625,1983.328369140625,1983.328369140625,1983.328369140625,0,0.0,0.0
2018-07-25 00:00:00+09:00,1983.328369140625,1983.328369140625,1983.328369140625,1983.328369140625,0,0.0,0.0
2018-07-26 00:00:00+09:00,1983.328369140625,1983.328369140625,1983.328369140625,1983.328369140625,0,0.0,0.0
2018-07-27 00:00:00+09:00,1983.328369140625,1983.328369140625,1983.328369140625,1983.328369140625,0,0.0,0.0
2018-07-30 00:00:00+09:00,1983.328369140625,1983.328369140625,1983.328369140625,1983.328369140625,0,0.0,0.0
2018-07-31 00:00:00+09:00,1983.328369140625,1983.328369140625,1983.328369140625,1983.328369140625,0,0.0,0.0
2018-08-01 00:00:00+09:00,1983.328369140625,1983.328369140625,1983.328369140625,1983.328369140625,0,0.0,0.0
2018-08-02 00:00:00+09:00,1981.769775390625,1981.769775390625,1981.769775390625,1981.769775390625,100,0.0,0.0
2018-08-03 00:00:00+09:00,1903.8396901139336,1973.97705078125,1903.8396901139336,1973.97705078125,1700,0.0,0.0
2018-08-06 00:00:00+09:00,1973.97705078125,1973.97705078125,1973.97705078125,1973.97705078125,0,0.0,0.0
2018-08-07 00:00:00+09:00,1973.97705078125,1973.97705078125,1973.97705078125,1973.97705078125,0,0.0,0.0
2018-08-08 00:00:00+09:00,1973.97705078125,1973.97705078125,1973.97705078125,1973.97705078125,0,0.0,0.0
2018-08-09 00:00:00+09:00,1909.2943310546875,1948.259521484375,1909.2943310546875,1948.259521484375,700,0.0,0.0
2018-08-10 00:00:00+09:00,1917.0879281111588,1984.8873792272852,1917.0879281111588,1979.4322509765625,800,0.0,0.0
2018-08-13 00:00:00+09:00,1800.9716725068934,1828.247314453125,1597.5733139935662,1828.247314453125,4900,0.0,0.0
2018-08-14 00:00:00+09:00,1828.247314453125,1828.247314453125,1828.247314453125,1828.247314453125,0,0.0,0.0
2018-08-15 00:00:00+09:00,1828.247314453125,1828.247314453125,1828.247314453125,1828.247314453125,0,0.0,0.0
2018-08-16 00:00:00+09:00,1828.247314453125,1828.247314453125,1828.247314453125,1828.247314453125,0,0.0,0.0
2018-08-17 00:00:00+09:00,1828.247314453125,1828.247314453125,1828.247314453125,1828.247314453125,0,0.0,0.0
2018-08-20 00:00:00+09:00,1828.247314453125,1828.247314453125,1828.247314453125,1828.247314453125,0,0.0,0.0
2018-08-21 00:00:00+09:00,1828.247314453125,1828.247314453125,1828.247314453125,1828.247314453125,0,0.0,0.0
2018-08-22 00:00:00+09:00,1828.247314453125,1828.247314453125,1828.247314453125,1828.247314453125,0,0.0,0.0
2018-08-23 00:00:00+09:00,1828.247314453125,1828.247314453125,1828.247314453125,1828.247314453125,0,0.0,0.0
2018-08-24 00:00:00+09:00,1828.247314453125,1828.247314453125,1828.247314453125,1828.247314453125,0,0.0,0.0
2018-08-27 00:00:00+09:00,1828.247314453125,1828.247314453125,1828.247314453125,1828.247314453125,0,0.0,0.0
2018-08-28 00:00:00+09:00,1828.247314453125,1828.247314453125,1828.247314453125,1828.247314453125,0,0.0,0.0
2018-08-29 00:00:00+09:00,1828.247314453125,1828.247314453125,1828.247314453125,1828.247314453125,0,0.0,0.0
2018-08-30 00:00:00+09:00,1902.2808488978685,1947.4804757868797,1902.2808488978685,1946.701171875,400,0.0,0.0
2018-08-31 00:00:00+09:00,1946.7011718750002,1946.7011718750002,1946.7011718750002,1946.701171875,0,0.0,0.0
2018-09-03 00:00:00+09:00,1946.7011718750002,1946.7011718750002,1946.7011718750002,1946.701171875,0,0.0,0.0
2018-09-04 00:00:00+09:00,1946.7011718750002,1946.7011718750002,1932.673701461169,1946.701171875,300,0.0,0.0
2018-09-05 00:00:00+09:00,1946.7011718750002,1946.7011718750002,1946.7011718750002,1946.701171875,0,0.0,0.0
2018-09-06 00:00:00+09:00,1946.7011718750002,1946.7011718750002,1946.7011718750002,1946.701171875,0,0.0,0.0
2018-09-07 00:00:00+09:00,1946.7011718750002,1946.7011718750002,1946.7011718750002,1946.701171875,0,0.0,0.0
2018-09-10 00:00:00+09:00,1909.294794646787,1936.5704345703127,1909.294794646787,1936.5704345703125,200,0.0,0.0
2018-09-11 00:00:00+09:00,1936.5704345703127,1936.5704345703127,1936.5704345703127,1936.5704345703125,0,0.0,0.0
2018-09-12 00:00:00+09:00,1936.5704345703127,1936.5704345703127,1936.5704345703127,1936.5704345703125,0,0.0,0.0
2018-09-13 00:00:00+09:00,1936.5704345703127,1936.5704345703127,1936.5704345703127,1936.5704345703125,0,0.0,0.0
2018-09-14 00:00:00+09:00,1936.5704345703127,1936.5704345703127,1936.5704345703127,1936.5704345703125,0,0.0,0.0
2018-09-17 00:00:00+09:00,1936.5704345703127,1936.5704345703127,1936.5704345703127,1936.5704345703125,0,0.0,0.0
2018-09-18 00:00:00+09:00,1936.5704345703127,1936.5704345703127,1936.5704345703127,1936.5704345703125,0,0.0,0.0
2018-09-19 00:00:00+09:00,1936.5704345703127,1936.5704345703127,1936.5704345703127,1936.5704345703125,0,0.0,0.0
2018-09-20 00:00:00+09:00,1910.0741338422222,1932.6739501953125,1893.708749586536,1932.6739501953125,300,0.0,0.0
2018-09-21 00:00:00+09:00,1932.6739501953125,1932.6739501953125,1932.6739501953125,1932.6739501953125,0,0.0,0.0
2018-09-24 00:00:00+09:00,1932.6739501953125,1932.6739501953125,1932.6739501953125,1932.6739501953125,0,0.0,0.0
2018-09-25 00:00:00+09:00,1875.7849676638234,1909.2950439453125,1875.7849676638234,1909.2950439453125,800,0.0,0.0
2018-09-26 00:00:00+09:00,1909.2950439453125,1909.2950439453125,1909.2950439453125,1909.2950439453125,0,0.0,0.0
2018-09-27 00:00:00+09:00,1909.2950439453125,1909.2950439453125,1909.2950439453125,1909.2950439453125,0,0.0,0.0
2018-09-28 00:00:00+09:00,1909.2950439453125,1909.2950439453125,1909.2950439453125,1909.2950439453125,0,0.0,0.0
2018-10-01 00:00:00+09:00,1909.2950439453125,1909.2950439453125,1909.2950439453125,1909.2950439453125,0,0.0,0.0
2018-10-02 00:00:00+09:00,1909.2950439453125,1909.2950439453125,1909.2950439453125,1909.2950439453125,0,0.0,0.0
2018-10-03 00:00:00+09:00,1909.2950439453125,1909.2950439453125,1909.2950439453125,1909.2950439453125,0,0.0,0.0
2018-10-04 00:00:00+09:00,1889.812255859375,1889.812255859375,1889.812255859375,1889.812255859375,1600,0.0,0.0
2018-10-05 00:00:00+09:00,1889.812255859375,1889.812255859375,1889.812255859375,1889.812255859375,0,0.0,0.0
2018-10-08 00:00:00+09:00,1889.812255859375,1889.812255859375,1889.812255859375,1889.812255859375,0,0.0,0.0
2018-10-09 00:00:00+09:00,1889.812255859375,1889.812255859375,1889.812255859375,1889.812255859375,0,0.0,0.0
2018-10-10 00:00:00+09:00,1846.9501774360945,1862.5362548828125,1823.5710612660173,1862.5362548828125,400,0.0,0.0
2018-10-11 00:00:00+09:00,1823.5710612660173,1862.5362548828125,1823.5710612660173,1862.5362548828125,3100,0.0,0.0
2018-10-12 00:00:00+09:00,1862.5362548828125,1862.5362548828125,1862.5362548828125,1862.5362548828125,0,0.0,0.0
2018-10-15 00:00:00+09:00,1862.5362548828125,1862.5362548828125,1862.5362548828125,1862.5362548828125,0,0.0,0.0
2018-10-16 00:00:00+09:00,1862.5362548828125,1862.5362548828125,1862.5362548828125,1862.5362548828125,0,0.0,0.0
2018-10-17 00:00:00+09:00,1862.5362548828125,1862.5362548828125,1862.5362548828125,1862.5362548828125,0,0.0,0.0
2018-10-18 00:00:00+09:00,1892.9293212890625,1892.9293212890625,1892.9293212890625,1892.9293212890625,100,0.0,0.0
2018-10-19 00:00:00+09:00,1892.9293212890625,1892.9293212890625,1892.9293212890625,1892.9293212890625,0,0.0,0.0
2018-10-22 00:00:00+09:00,1892.9297442291486,1899.9434814453127,1853.964537472682,1899.9434814453125,600,0.0,0.0
2018-10-23 00:00:00+09:00,1899.9434814453127,1899.9434814453127,1899.9434814453127,1899.9434814453125,0,0.0,0.0
2018-10-24 00:00:00+09:00,1899.9434814453127,1899.9434814453127,1899.9434814453127,1899.9434814453125,0,0.0,0.0
2018-10-25 00:00:00+09:00,1831.3644101439404,1892.9294264849495,1815.778330057609,1854.7435302734375,400,0.0,0.0
2018-10-26 00:00:00+09:00,1815.778330057609,1854.7435302734377,1815.778330057609,1854.7435302734375,200,0.0,0.0
2018-10-29 00:00:00+09:00,1815.7779541015625,1815.7779541015625,1793.1781426556634,1815.7779541015625,300,0.0,0.0
2018-10-30 00:00:00+09:00,1802.529788771208,1841.4949809193101,1802.529788771208,1815.7779541015625,300,0.0,0.0
2018-10-31 00:00:00+09:00,1815.7779541015625,1815.7779541015625,1815.7779541015625,1815.7779541015625,0,0.0,0.0
2018-11-01 00:00:00+09:00,1815.7779541015625,1815.7779541015625,1815.7779541015625,1815.7779541015625,0,0.0,0.0
2018-11-02 00:00:00+09:00,1815.7779541015625,1815.7779541015625,1815.7779541015625,1815.7779541015625,0,0.0,0.0
2018-11-05 00:00:00+09:00,1815.7779541015625,1815.7779541015625,1815.7779541015625,1815.7779541015625,0,0.0,0.0
2018-11-06 00:00:00+09:00,1815.7779541015625,1815.7779541015625,1815.7779541015625,1815.7779541015625,0,0.0,0.0
2018-11-07 00:00:00+09:00,1839.15698828125,1948.259521484375,1839.15698828125,1948.259521484375,3100,0.0,0.0
2018-11-08 00:00:00+09:00,1948.2602674965829,1979.4324317765283,1948.2602674965829,1959.9498291015625,1100,0.0,0.0
2018-11-09 00:00:00+09:00,1956.0531795726104,1987.225341796875,1956.0531795726104,1987.225341796875,1800,0.0,0.0
2018-11-12 00:00:00+09:00,1913.1912375719119,1945.1427001953125,1906.1775018740923,1945.1427001953125,500,0.0,0.0
2018-11-13 00:00:00+09:00,1875.784847228875,1875.784847228875,1843.0540771484375,1843.0540771484375,200,0.0,0.0
2018-11-14 00:00:00+09:00,1836.0402832031248,1836.0402832031248,1836.0402832031248,1836.040283203125,100,0.0,0.0
2018-11-15 00:00:00+09:00,1836.0402832031248,1836.0402832031248,1836.0402832031248,1836.040283203125,0,0.0,0.0
2018-11-16 00:00:00+09:00,1836.0402832031248,1836.0402832031248,1836.0402832031248,1836.040283203125,0,0.0,0.0
2018-11-19 00:00:00+09:00,1836.0402832031248,1836.0402832031248,1836.0402832031248,1836.040283203125,0,0.0,0.0
2018-11-20 00:00:00+09:00,1927.2187630825151,1927.2187630825151,1912.4119873046875,1912.4119873046875,400,0.0,0.0
2018-11-21 00:00:00+09:00,1873.447006275615,1901.5019531250002,1870.3297899590166,1901.501953125,300,0.0,0.0
2018-11-22 00:00:00+09:00,1901.5019531250002,1901.5019531250002,1901.5019531250002,1901.501953125,0,0.0,0.0
2018-11-23 00:00:00+09:00,1901.5019531250002,1901.5019531250002,1901.5019531250002,1901.501953125,0,0.0,0.0
2018-11-26 00:00:00+09:00,1901.5019531250002,1901.5019531250002,1901.5019531250002,1901.501953125,0,0.0,0.0
2018-11-27 00:00:00+09:00,1901.5019531250002,1901.5019531250002,1901.5019531250002,1901.501953125,0,0.0,0.0
2018-11-28 00:00:00+09:00,1862.5367653118406,1862.5367653118406,1846.9506835937498,1846.95068359375,300,0.0,0.0
2018-11-29 00:00:00+09:00,1885.9157860225232,1912.4121235120958,1874.2262253653587,1897.6053466796875,700,0.0,0.0
2018-11-30 00:00:00+09:00,1901.501506971549,1901.501506971549,1870.3293511195563,1896.82568359375,900,0.0,0.0
2018-12-03 00:00:00+09:00,1873.4469209199942,1873.4469209199942,1871.1090087890625,1871.1090087890625,500,0.0,0.0
2018-12-04 00:00:00+09:00,1870.3296757223618,1870.3296757223618,1860.97802734375,1860.97802734375,4200,0.0,0.0
2018-12-05 00:00:00+09:00,1860.97802734375,1860.97802734375,1860.97802734375,1860.97802734375,0,0.0,0.0
2018-12-06 00:00:00+09:00,1860.97802734375,1860.97802734375,1860.97802734375,1860.97802734375,0,0.0,0.0
2018-12-07 00:00:00+09:00,1822.012649132054,1853.964111328125,1822.012649132054,1853.964111328125,200,0.0,0.0
2018-12-10 00:00:00+09:00,1814.9989013671873,1814.9989013671873,1814.9989013671873,1814.9989013671875,100,0.0,0.0
2018-12-11 00:00:00+09:00,1776.0336712071714,1776.0336712071714,1726.158219273315,1737.8477783203125,1300,0.0,0.0
2018-12-12 00:00:00+09:00,1737.8477783203125,1737.8477783203125,1737.8477783203125,1737.8477783203125,100,0.0,0.0
2018-12-13 00:00:00+09:00,1787.7234530993574,1787.7234530993574,1780.709716796875,1780.709716796875,30900,0.0,0.0
2018-12-14 00:00:00+09:00,1780.709716796875,1780.709716796875,1780.709716796875,1780.709716796875,0,0.0,0.0
2018-12-17 00:00:00+09:00,1832.1438059965092,1832.1438059965092,1830.5851979097406,1831.364501953125,1500,0.0,0.0
2018-12-18 00:00:00+09:00,1831.364501953125,1831.364501953125,1831.364501953125,1831.364501953125,0,0.0,0.0
2018-12-19 00:00:00+09:00,1792.3991045194562,1793.9577124364296,1780.7095451421553,1786.1646728515625,1000,0.0,0.0
2018-12-20 00:00:00+09:00,1684.075901865905,1713.689453125,1638.0969670162574,1713.689453125,1400,0.0,0.0
2018-12-21 00:00:00+09:00,1713.689453125,1713.689453125,1713.689453125,1713.689453125,0,0.0,0.0
2018-12-24 00:00:00+09:00,1713.689453125,1713.689453125,1713.689453125,1713.689453125,0,0.0,0.0
2018-12-25 00:00:00+09:00,1638.0971904525954,1793.9580078125,1560.1667817726434,1793.9580078125,900,0.0,0.0
2018-12-26 00:00:00+09:00,1762.006562909596,1765.123779296875,1762.006562909596,1765.123779296875,200,0.0,0.0
2018-12-27 00:00:00+09:00,1804.0887451171875,1804.0887451171875,1804.0887451171875,1804.0887451171875,300,0.0,0.0
2018-12-28 00:00:00+09:00,1804.0887451171875,1804.0887451171875,1804.0887451171875,1804.0887451171875,0,0.0,0.0
2018-12-31 00:00:00+09:00,1804.0887451171875,1804.0887451171875,1804.0887451171875,1804.0887451171875,0,0.0,0.0
2019-01-04 00:00:00+09:00,1799.4129638671875,1799.4129638671875,1799.4129638671875,1799.4129638671875,400,0.0,0.0
2019-01-07 00:00:00+09:00,1799.4129638671875,1799.4129638671875,1799.4129638671875,1799.4129638671875,0,0.0,0.0
2019-01-08 00:00:00+09:00,1956.052812182263,2016.838517102668,1956.052812182263,1988.0042724609375,3200,0.0,0.0
2019-01-09 00:00:00+09:00,1988.0042724609375,1988.0042724609375,1988.0042724609375,1988.0042724609375,0,0.0,0.0
2019-01-10 00:00:00+09:00,1932.6739710365853,1932.6739710365853,1902.2811142339938,1917.087890625,500,0.0,0.0
2019-01-11 00:00:00+09:00,1917.087890625,1917.087890625,1917.087890625,1917.087890625,0,0.0,0.0
2019-01-15 00:00:00+09:00,1944.3630024414063,1983.3281928710937,1944.3630024414063,1948.259521484375,800,0.0,0.0
2019-01-16 00:00:00+09:00,1971.6392177538214,1980.2115621788382,1952.1566167878748,1978.6529541015625,1700,0.0,0.0
2019-01-17 00:00:00+09:00,1988.004478376116,2045.6729736328125,1988.004478376116,2045.6729736328125,5300,0.0,0.0
2019-01-18 00:00:00+09:00,2162.568500291862,2200.75439453125,2150.878940830825,2200.75439453125,10600,0.0,0.0
2019-01-21 00:00:00+09:00,2357.3945668201573,2372.9806466007863,2283.3606878621686,2353.498046875,17800,0.0,0.0
2019-01-22 00:00:00+09:00,2298.9471227661465,2353.4984104250043,2228.8097529190436,2288.036865234375,10200,0.0,0.0
2019-01-23 00:00:00+09:00,2259.9815925091166,2447.0145518891813,2259.9815925091166,2404.15283203125,11800,0.0,0.0
2019-01-24 00:00:00+09:00,2380.773712108742,2415.842391992504,2337.9119922508103,2404.15283203125,12800,0.0,0.0
2019-01-25 00:00:00+09:00,2396.359851637023,2462.600693064388,2369.0842110492845,2450.9111328125,18900,0.0,0.0
2019-01-28 00:00:00+09:00,2478.18690446339,2485.9799450434634,2305.9607076437646,2330.8984375,27700,0.0,0.0
2019-01-29 00:00:00+09:00,2345.705078125,2369.0841985049833,2323.8845657703487,2345.705078125,6000,0.0,0.0
2019-01-30 00:00:00+09:00,2353.4981541181364,2369.0842346089853,2326.2225132591516,2341.80859375,5600,0.0,0.0
2019-01-31 00:00:00+09:00,2365.1875,2396.35965815486,2337.9118616144974,2365.1875,5900,0.0,0.0
2019-02-01 00:00:00+09:00,2388.566266162676,2392.4627853570687,2334.794301280058,2349.60107421875,4100,0.0,0.0
2019-02-04 00:00:00+09:00,2349.601699073716,2365.1877799962613,2316.8709291363707,2361.291259765625,4000,0.0,0.0
2019-02-05 00:00:00+09:00,2361.29133951005,2361.29133951005,2319.988223670435,2326.22265625,4200,0.0,0.0
2019-02-06 00:00:00+09:00,2322.325993136439,2341.80859375,2322.325993136439,2341.80859375,2000,0.0,0.0
2019-02-07 00:00:00+09:00,2326.222305908203,2341.8083850097655,2322.3257861328125,2337.911865234375,1200,0.0,0.0
2019-02-08 00:00:00+09:00,2311.415778648029,2322.3260351891863,2296.6090019136013,2310.636474609375,3800,0.0,0.0
2019-02-12 00:00:00+09:00,2261.5404082329937,2261.5404082329937,2088.5349049153765,2089.314208984375,10000,0.0,0.0
2019-02-13 00:00:00+09:00,2193.740895322337,2228.0302734375,2166.4652536398216,2228.0302734375,4400,0.0,0.0
2019-02-14 00:00:00+09:00,2228.0299190897335,2228.0299190897335,2178.9337718694983,2213.22314453125,2100,0.0,0.0
2019-02-15 00:00:00+09:00,2088.5347905369395,2133.734424063485,2069.8314939052652,2101.782958984375,5500,0.0,0.0
2019-02-18 00:00:00+09:00,2105.6796514245475,2148.541376379525,2105.6796514245475,2109.576171875,1200,0.0,0.0
2019-02-19 00:00:00+09:00,2104.1211736472665,2104.1211736472665,2081.521353634018,2095.548828125,2100,0.0,0.0
2019-02-20 00:00:00+09:00,2075.2863370972145,2084.6379841288203,2041.7762685672933,2052.6865234375,4300,0.0,0.0
2019-02-21 00:00:00+09:00,2026.190565995459,2076.8453301453455,1999.694227824749,2037.880126953125,2800,0.0,0.0
2019-02-22 00:00:00+09:00,2045.6730621315269,2102.562255859375,2045.6730621315269,2102.562255859375,1400,0.0,0.0
2019-02-25 00:00:00+09:00,2102.562255859375,2102.562255859375,2102.562255859375,2102.562255859375,0,0.0,0.0
2019-02-26 00:00:00+09:00,2067.4938209663005,2079.9626868296477,2020.7355739787474,2023.073486328125,8000,0.0,0.0
2019-02-27 00:00:00+09:00,2009.0456344686718,2030.086841656668,1998.9146828596365,2024.6317138671875,1500,0.0,0.0
2019-02-28 00:00:00+09:00,2052.686551657557,2056.5830713076284,2016.059266946887,2049.5693359375,1500,0.0,0.0
2019-03-01 00:00:00+09:00,2048.011143909801,2057.36279296875,2048.011143909801,2057.36279296875,600,0.0,0.0
2019-03-04 00:00:00+09:00,2040.9969670764299,2040.9969670764299,2018.3971533898255,2025.410888671875,2100,0.0,0.0
2019-03-05 00:00:00+09:00,2025.4108129171725,2025.4108129171725,2006.70751953125,2006.70751953125,1600,0.0,0.0
2019-03-06 00:00:00+09:00,2006.7079431870404,2010.6044634650734,1977.0943890739889,1987.225341796875,2100,0.0,0.0
2019-03-07 00:00:00+09:00,1987.2252765315595,1988.7838845915842,1967.74267578125,1967.74267578125,1000,0.0,0.0
2019-03-08 00:00:00+09:00,1925.660292256882,1947.480805483589,1889.812306241578,1897.6053466796875,2500,0.0,0.0
2019-03-11 00:00:00+09:00,1908.5156750890383,1916.3087158203125,1887.4744651145982,1916.3087158203125,900,0.0,0.0
2019-03-12 00:00:00+09:00,1948.2603599363588,1963.067138671875,1948.2603599363588,1963.067138671875,1200,0.0,0.0
2019-03-13 00:00:00+09:00,1963.067138671875,1963.067138671875,1963.067138671875,1963.067138671875,0,0.0,0.0
2019-03-14 00:00:00+09:00,1954.4945566574831,1954.4945566574831,1896.0467529296875,1896.0467529296875,1900,0.0,0.0
2019-03-15 00:00:00+09:00,1888.2535636671794,1912.4119873046875,1888.2535636671794,1912.4119873046875,700,0.0,0.0
2019-03-18 00:00:00+09:00,1880.4603893598603,1915.5290663267867,1793.1783489088432,1819.6746826171875,4800,0.0,0.0
2019-03-19 00:00:00+09:00,1809.5437737117256,1834.4815001366935,1809.5437737117256,1814.9989013671875,1100,0.0,0.0
2019-03-20 00:00:00+09:00,1811.1027182175578,1836.040449277352,1811.1027182175578,1818.116455078125,1700,0.0,0.0
2019-03-22 00:00:00+09:00,1827.467893817527,1829.805805835204,1800.9715576171875,1800.9715576171875,5100,0.0,0.0
2019-03-25 00:00:00+09:00,1796.2956969869713,1796.2956969869713,1784.6061371367307,1791.619873046875,1900,0.0,0.0
2019-03-26 00:00:00+09:00,1791.6200598837509,1799.4131005965987,1784.6063232421875,1784.6063232421875,1600,0.0,0.0
2019-03-27 00:00:00+09:00,1821.7519835339747,1824.9820402423682,1815.2918701171875,1815.2918701171875,400,80.0,0.0
2019-03-28 00:00:00+09:00,1784.6061267746625,1784.6061267746625,1741.0003662109375,1741.0003662109375,2500,0.0,0.0
2019-03-29 00:00:00+09:00,1741.0004803324855,1783.7987296170966,1717.5825703465662,1736.1553955078125,4800,0.0,0.0
2019-04-01 00:00:00+09:00,1747.4606707163969,1758.765869140625,1745.8456423700786,1758.765869140625,1300,0.0,0.0
2019-04-02 00:00:00+09:00,1719.197491637482,1756.3431396484375,1719.197491637482,1756.3431396484375,700,0.0,0.0
2019-04-03 00:00:00+09:00,1756.3431396484375,1756.3431396484375,1756.3431396484375,1756.3431396484375,0,0.0,0.0
2019-04-04 00:00:00+09:00,1765.22607421875,1765.22607421875,1765.22607421875,1765.22607421875,400,0.0,0.0
2019-04-05 00:00:00+09:00,1765.22607421875,1765.22607421875,1765.22607421875,1765.22607421875,400,0.0,0.0
2019-04-08 00:00:00+09:00,1765.226210506533,1774.9163818359375,1752.305982067327,1774.9163818359375,1200,0.0,0.0
2019-04-09 00:00:00+09:00,1774.9163818359375,1774.9163818359375,1774.9163818359375,1774.9163818359375,0,0.0,0.0
2019-04-10 00:00:00+09:00,1753.9205132952716,1754.72802734375,1753.9205132952716,1754.72802734375,2300,0.0,0.0
2019-04-11 00:00:00+09:00,1753.9205132952716,1754.72802734375,1753.9205132952716,1754.72802734375,2300,0.0,0.0
2019-04-12 00:00:00+09:00,1840.3248405456543,1840.3248405456543,1808.831787109375,1808.831787109375,1000,0.0,0.0
2019-04-15 00:00:00+09:00,1808.8318765646336,1808.8318765646336,1770.0711934953915,1774.1087646484375,500,0.0,0.0
2019-04-16 00:00:00+09:00,1791.8740234375,1791.8740234375,1791.8740234375,1791.8740234375,100,0.0,0.0
2019-04-17 00:00:00+09:00,1768.4561767578127,1783.7989472410995,1753.920920510488,1768.4561767578125,1000,0.0,0.0
2019-04-18 00:00:00+09:00,1808.8314989896073,1808.8314989896073,1736.1552334052035,1748.2679443359375,2200,0.0,0.0
2019-04-19 00:00:00+09:00,1748.2681075694948,1748.2681075694948,1736.1553955078125,1736.1553955078125,300,0.0,0.0
2019-04-22 00:00:00+09:00,1724.0425333658854,1724.0425333658854,1695.779541015625,1695.779541015625,2400,0.0,0.0
2019-04-23 00:00:00+09:00,1696.58740234375,1739.3856566627499,1695.779888111316,1696.58740234375,2400,0.0,0.0
2019-04-24 00:00:00+09:00,1696.58740234375,1711.1226585275613,1696.58740234375,1696.58740234375,2500,0.0,0.0
2019-04-25 00:00:00+09:00,1685.2820219202993,1709.5074462890625,1685.2820219202993,1709.5074462890625,700,0.0,0.0
2019-04-26 00:00:00+09:00,1735.3478813703668,1736.1553955078125,1672.3617786496184,1736.1553955078125,2300,0.0,0.0
2019-05-07 00:00:00+09:00,1784.60595703125,1784.60595703125,1784.60595703125,1784.60595703125,900,0.0,0.0
2019-05-08 00:00:00+09:00,1720.8124086011828,1761.1881103515625,1720.8124086011828,1761.1881103515625,800,0.0,0.0
2019-05-09 00:00:00+09:00,1695.779636601855,1695.779636601855,1619.0657958984375,1619.0657958984375,3700,0.0,0.0
2019-05-10 00:00:00+09:00,1619.0658687527155,1626.33349609375,1598.8780150276193,1626.33349609375,1100,0.0,0.0
2019-05-13 00:00:00+09:00,1614.2207811247997,1615.028295272436,1574.652587890625,1574.652587890625,1700,0.0,0.0
2019-05-14 00:00:00+09:00,1510.0514933268228,1598.8780517578125,1510.0514933268228,1598.8780517578125,1300,0.0,0.0
2019-05-15 00:00:00+09:00,1611.7981412078695,1684.474410100008,1538.3143582169298,1542.3519287109375,1400,0.0,0.0
2019-05-16 00:00:00+09:00,1573.8450927734375,1573.8450927734375,1573.8450927734375,1573.8450927734375,100,0.0,0.0
2019-05-17 00:00:00+09:00,1591.6104096679687,1615.0283203125,1591.6104096679687,1615.0283203125,300,0.0,0.0
2019-05-20 00:00:00+09:00,1653.788950143816,1684.4744873046875,1653.788950143816,1684.4744873046875,800,0.0,0.0
2019-05-21 00:00:00+09:00,1722.4274902343748,1722.4274902343748,1704.6621809117512,1722.427490234375,1200,0.0,0.0
2019-05-22 00:00:00+09:00,1718.3898668912914,1718.3898668912914,1703.8546142578125,1703.8546142578125,200,0.0,0.0
2019-05-23 00:00:00+09:00,1703.8548143206633,1726.4652099609375,1703.8548143206633,1726.4652099609375,600,0.0,0.0
2019-05-24 00:00:00+09:00,1652.9813987176537,1686.0894775390625,1652.9813987176537,1686.0894775390625,600,0.0,0.0
2019-05-27 00:00:00+09:00,1645.7136929571184,1645.7136929571184,1616.6431861139113,1627.140869140625,700,0.0,0.0
2019-05-28 00:00:00+09:00,1667.5166666115736,1669.939208984375,1667.5166666115736,1669.939208984375,200,0.0,0.0
2019-05-29 00:00:00+09:00,1669.939208984375,1669.939208984375,1669.939208984375,1669.939208984375,0,0.0,0.0
2019-05-30 00:00:00+09:00,1669.939208984375,1669.939208984375,1669.939208984375,1669.939208984375,0,0.0,0.0
2019-05-31 00:00:00+09:00,1703.047119140625,1703.047119140625,1703.047119140625,1703.047119140625,200,0.0,0.0
2019-06-03 00:00:00+09:00,1622.2958782292744,1622.2958782292744,1527.009211414414,1560.9248046875,4200,0.0,0.0
2019-06-04 00:00:00+09:00,1560.9247694382682,1560.9247694382682,1534.276803896901,1552.0421142578125,1400,0.0,0.0
2019-06-05 00:00:00+09:00,1584.3427734375,1584.3427734375,1584.3427734375,1584.3427734375,400,0.0,0.0
2019-06-06 00:00:00+09:00,1582.7275390625,1582.7275390625,1582.7275390625,1582.7275390625,100,0.0,0.0
2019-06-07 00:00:00+09:00,1562.5399169921875,1562.5399169921875,1562.5399169921875,1562.5399169921875,100,0.0,0.0
2019-06-10 00:00:00+09:00,1563.347408727232,1573.8450927734375,1563.347408727232,1573.8450927734375,400,0.0,0.0
2019-06-11 00:00:00+09:00,1588.38037109375,1596.45551278716,1588.38037109375,1588.38037109375,1000,0.0,0.0
2019-06-12 00:00:00+09:00,1590.8029748866768,1590.8029748866768,1575.460205078125,1575.460205078125,200,0.0,0.0
2019-06-13 00:00:00+09:00,1594.840484448478,1594.840484448478,1577.075172722976,1588.38037109375,1500,0.0,0.0
2019-06-14 00:00:00+09:00,1578.6901632282804,1589.995361328125,1578.6901632282804,1589.995361328125,200,0.0,0.0
2019-06-17 00:00:00+09:00,1583.5353203475536,1597.2630615234375,1583.5353203475536,1597.2630615234375,600,0.0,0.0
2019-06-18 00:00:00+09:00,1590.8028643527011,1595.64794921875,1590.8028643527011,1595.64794921875,200,0.0,0.0
2019-06-19 00:00:00+09:00,1592.4176678698577,1594.8402099609375,1586.7650696573378,1594.8402099609375,1100,0.0,0.0
2019-06-20 00:00:00+09:00,1598.8780517578125,1598.8780517578125,1598.8780517578125,1598.8780517578125,3500,0.0,0.0
2019-06-21 00:00:00+09:00,1598.8780215472523,1605.338134765625,1598.8780215472523,1605.338134765625,1700,0.0,0.0
2019-06-24 00:00:00+09:00,1585.150235514487,1610.183173518027,1582.7276931270476,1602.1080322265625,1300,0.0,0.0
2019-06-25 00:00:00+09:00,1606.1456363501138,1606.1456363501138,1585.1502685546875,1585.1502685546875,700,0.0,0.0
2019-06-26 00:00:00+09:00,1585.1500501098324,1615.0280693936143,1585.1500501098324,1599.685302734375,1500,0.0,0.0
2019-06-27 00:00:00+09:00,1606.1458037022826,1651.3666005888224,1602.9157467818154,1640.0614013671875,1300,0.0,0.0
2019-06-28 00:00:00+09:00,1721.620361328125,1727.2729610135364,1721.620361328125,1721.620361328125,4000,0.0,0.0
2019-07-01 00:00:00+09:00,1761.996015842014,1820.137039279514,1753.113359483507,1816.906982421875,3400,0.0,0.0
2019-07-02 00:00:00+09:00,1816.9065819917662,1816.9065819917662,1776.530880169727,1797.5262451171875,1500,0.0,0.0
2019-07-03 00:00:00+09:00,1764.418653513154,1787.029052734375,1763.6111392552532,1787.029052734375,300,0.0,0.0
2019-07-04 00:00:00+09:00,1786.221340291286,1790.2589111328125,1781.3762552814544,1790.2589111328125,1100,0.0,0.0
2019-07-05 00:00:00+09:00,1786.2212575604838,1786.2212575604838,1748.268093407978,1752.3056640625,500,0.0,0.0
2019-07-08 00:00:00+09:00,1741.8080371386673,1749.8831787109375,1741.8080371386673,1749.8831787109375,600,0.0,0.0
2019-07-09 00:00:00+09:00,1749.8831216697868,1752.3056640625,1745.0380368843605,1752.3056640625,500,0.0,0.0
2019-07-10 00:00:00+09:00,1711.93017578125,1711.93017578125,1704.6625476765182,1711.93017578125,1300,0.0,0.0
2019-07-11 00:00:00+09:00,1718.389896527117,1718.389896527117,1695.77950315176,1697.39453125,1200,0.0,0.0
2019-07-12 00:00:00+09:00,1695.7795076093164,1723.2349853515625,1695.7795076093164,1723.2349853515625,700,0.0,0.0
2019-07-16 00:00:00+09:00,1712.7372496373166,1712.7372496373166,1704.662109375,1704.662109375,400,0.0,0.0
2019-07-17 00:00:00+09:00,1704.6622638611132,1704.6622638611132,1685.2819254751982,1687.7044677734375,2200,0.0,0.0
2019-07-18 00:00:00+09:00,1687.7045501412697,1687.7045501412697,1663.4791259765625,1663.4791259765625,400,0.0,0.0
2019-07-19 00:00:00+09:00,1670.7466054051442,1670.7466054051442,1648.9437255859375,1648.9437255859375,1100,0.0,0.0
2019-07-22 00:00:00+09:00,1713.544992509157,1713.544992509157,1632.7935791015625,1632.7935791015625,5000,0.0,0.0
2019-07-23 00:00:00+09:00,1632.7935006149614,1646.521240234375,1630.3709583291825,1646.521240234375,1100,0.0,0.0
2019-07-24 00:00:00+09:00,1642.483754985557,1642.483754985557,1611.7982177734375,1611.7982177734375,1900,0.0,0.0
2019-07-25 00:00:00+09:00,1615.0281119856415,1623.9107666015625,1613.413083873656,1623.9107666015625,700,0.0,0.0
2019-07-26 00:00:00+09:00,1615.0283700336752,1633.6011962890625,1612.6058274786246,1633.6011962890625,500,0.0,0.0
2019-07-29 00:00:00+09:00,1613.413272977769,1619.0658720322456,1613.413272977769,1615.8358154296875,800,0.0,0.0
2019-07-30 00:00:00+09:00,1615.028298007696,1652.9814630108772,1615.028298007696,1626.33349609375,1400,0.0,0.0
2019-07-31 00:00:00+09:00,1598.8779787385843,1598.8779787385843,1589.1878091704718,1591.6103515625,1600,0.0,0.0
2019-08-01 00:00:00+09:00,1589.1878281646575,1590.8028564453125,1589.1878281646575,1590.8028564453125,1200,0.0,0.0
2019-08-02 00:00:00+09:00,1592.4176764221038,1599.685302734375,1592.4176764221038,1599.685302734375,600,0.0,0.0
2019-08-05 00:00:00+09:00,1614.2205870336416,1615.8356151347257,1582.7275390625,1582.7275390625,1700,0.0,0.0
2019-08-06 00:00:00+09:00,1576.267578125,1576.267578125,1576.267578125,1576.267578125,500,0.0,0.0
2019-08-07 00:00:00+09:00,1552.849677461264,1552.849677461264,1540.7369654685865,1544.7745361328125,1200,0.0,0.0
2019-08-08 00:00:00+09:00,1544.7745361328125,1544.7745361328125,1544.7745361328125,1544.7745361328125,200,0.0,0.0
2019-08-09 00:00:00+09:00,1526.2016255146748,1563.3472735430742,1526.2016255146748,1553.6571044921875,600,0.0,0.0
2019-08-13 00:00:00+09:00,1599.685565925367,1599.685565925367,1598.8780517578125,1598.8780517578125,300,0.0,0.0
2019-08-14 00:00:00+09:00,1598.8780517578125,1598.8780517578125,1598.8780517578125,1598.8780517578125,0,0.0,0.0
2019-08-15 00:00:00+09:00,1539.1219402754934,1539.1219402754934,1534.27685546875,1534.27685546875,600,0.0,0.0
2019-08-16 00:00:00+09:00,1530.2394220879737,1533.4694789156001,1512.474109536029,1518.126708984375,500,0.0,0.0
2019-08-19 00:00:00+09:00,1519.7415581539597,1522.1641004889555,1519.7415581539597,1520.549072265625,1100,0.0,0.0
2019-08-20 00:00:00+09:00,1510.8591954771712,1518.1268238894077,1509.2441669411187,1513.28173828125,1900,0.0,0.0
2019-08-21 00:00:00+09:00,1518.9340440422945,1527.816699270612,1518.1265299306292,1520.549072265625,1200,0.0,0.0
2019-08-22 00:00:00+09:00,1532.6620686199994,1532.6620686199994,1518.934326171875,1518.934326171875,200,0.0,0.0
2019-08-23 00:00:00+09:00,1522.9715903397005,1550.427069698953,1521.3565621420973,1542.3519287109375,700,0.0,0.0
2019-08-26 00:00:00+09:00,1457.5631971244352,1492.2863092996988,1457.5631971244352,1474.52099609375,2000,0.0,0.0
2019-08-27 00:00:00+09:00,1474.5208471424955,1475.3283612975572,1470.4832763671875,1470.4832763671875,700,0.0,0.0
2019-08-28 00:00:00+09:00,1470.4832763671875,1470.4832763671875,1470.4832763671875,1470.4832763671875,300,0.0,0.0
2019-08-29 00:00:00+09:00,1470.4831706794703,1483.4033962318433,1470.4831706794703,1480.17333984375,400,0.0,0.0
2019-08-30 00:00:00+09:00,1512.4740023048976,1512.4740023048976,1482.595978767641,1501.976318359375,600,0.0,0.0
2019-09-02 00:00:00+09:00,1489.05615234375,1489.05615234375,1489.05615234375,1489.05615234375,100,0.0,0.0
2019-09-03 00:00:00+09:00,1461.6004638671875,1461.6004638671875,1461.6004638671875,1461.6004638671875,100,0.0,0.0
2019-09-04 00:00:00+09:00,1485.8261417607378,1489.0561985906525,1466.44580078125,1466.44580078125,400,0.0,0.0
2019-09-05 00:00:00+09:00,1484.21096751729,1484.21096751729,1477.7508544921875,1477.7508544921875,300,0.0,0.0
2019-09-06 00:00:00+09:00,1473.7131537052624,1473.7131537052624,1472.9056396484375,1472.9056396484375,200,0.0,0.0
2019-09-09 00:00:00+09:00,1463.2157058967616,1468.060791015625,1463.2157058967616,1468.060791015625,200,0.0,0.0
2019-09-10 00:00:00+09:00,1474.5208662431319,1474.5208662431319,1469.67578125,1469.67578125,1000,0.0,0.0
2019-09-11 00:00:00+09:00,1477.7507761742015,1493.9010578810232,1477.7507761742015,1491.478515625,3500,0.0,0.0
2019-09-12 00:00:00+09:00,1523.7790741113438,1523.7790741113438,1512.473876953125,1512.473876953125,900,0.0,0.0
2019-09-13 00:00:00+09:00,1529.431655842793,1529.431655842793,1501.9761773324153,1502.78369140625,700,0.0,0.0
2019-09-17 00:00:00+09:00,1526.201683782762,1582.7276720710124,1526.201683782762,1577.0750732421875,2300,0.0,0.0
2019-09-18 00:00:00+09:00,1544.7745831070222,1573.8450927734375,1522.9717008572104,1573.8450927734375,700,0.0,0.0
2019-09-19 00:00:00+09:00,1574.6524929817376,1578.6900634765625,1574.6524929817376,1578.6900634765625,600,0.0,0.0
2019-09-20 00:00:00+09:00,1589.187847178136,1589.995361328125,1589.187847178136,1589.995361328125,300,0.0,0.0
2019-09-24 00:00:00+09:00,1597.2629821624373,1610.99072265625,1595.6479538690476,1610.99072265625,1600,0.0,0.0
2019-09-25 00:00:00+09:00,1610.1832275390625,1610.1832275390625,1610.1832275390625,1610.1832275390625,400,0.0,0.0
2019-09-26 00:00:00+09:00,1577.882568359375,1577.882568359375,1577.882568359375,1577.882568359375,200,0.0,0.0
2019-09-27 00:00:00+09:00,1608.2265884476092,1633.6498542517272,1606.5863777505692,1632.0096435546875,500,30.0,0.0
2019-09-30 00:00:00+09:00,1632.0096805624291,1632.0096805624291,1631.1895751953125,1631.1895751953125,1500,0.0,0.0
2019-10-01 00:00:00+09:00,1622.168212890625,1622.168212890625,1622.168212890625,1622.168212890625,100,0.0,0.0
2019-10-02 00:00:00+09:00,1589.364013671875,1600.8454874548504,1589.364013671875,1589.364013671875,600,0.0,0.0
2019-10-03 00:00:00+09:00,1584.4434814453125,1584.4434814453125,1584.4434814453125,1584.4434814453125,100,0.0,0.0
2019-10-04 00:00:00+09:00,1584.4434814453125,1584.4434814453125,1584.4434814453125,1584.4434814453125,500,0.0,0.0
2019-10-07 00:00:00+09:00,1617.2476806640625,1617.2476806640625,1617.2476806640625,1617.2476806640625,100,0.0,0.0
2019-10-08 00:00:00+09:00,1591.0042100136568,1595.104736328125,1591.0042100136568,1595.104736328125,300,0.0,0.0
2019-10-09 00:00:00+09:00,1595.104736328125,1595.104736328125,1595.104736328125,1595.104736328125,0,0.0,0.0
2019-10-10 00:00:00+09:00,1595.104736328125,1595.104736328125,1595.104736328125,1595.104736328125,0,0.0,0.0
2019-10-11 00:00:00+09:00,1599.205322265625,1599.205322265625,1599.205322265625,1599.205322265625,100,0.0,0.0
2019-10-15 00:00:00+09:00,1630.369307861328,1642.670887145996,1630.369307861328,1640.2105712890625,1400,0.0,0.0
2019-10-16 00:00:00+09:00,1636.93031332878,1636.93031332878,1604.1260986328125,1604.1260986328125,400,0.0,0.0
2019-10-17 00:00:00+09:00,1604.125950902822,1610.686793237803,1604.125950902822,1607.4063720703125,700,0.0,0.0
2019-10-18 00:00:00+09:00,1602.48583984375,1602.48583984375,1602.48583984375,1602.48583984375,100,0.0,0.0
2019-10-21 00:00:00+09:00,1615.6075439453125,1615.6075439453125,1615.6075439453125,1615.6075439453125,600,0.0,0.0
2019-10-23 00:00:00+09:00,1616.4276676235602,1628.729248046875,1616.4276676235602,1628.729248046875,200,0.0,0.0
2019-10-24 00:00:00+09:00,1623.8084860954923,1623.8084860954923,1618.0677490234375,1618.0677490234375,400,0.0,0.0
2019-10-25 00:00:00+09:00,1623.80859375,1632.0096472537878,1623.80859375,1623.80859375,300,0.0,0.0
2019-10-28 00:00:00+09:00,1632.0095184326171,1640.2105712890625,1632.0095184326171,1640.2105712890625,400,0.0,0.0
2019-10-29 00:00:00+09:00,1636.1100896452342,1650.0518798828125,1632.00956310477,1650.0518798828125,1800,0.0,0.0
2019-10-30 00:00:00+09:00,1666.45400632278,1696.7979030914528,1664.8137956866356,1690.237060546875,700,0.0,0.0
2019-10-31 00:00:00+09:00,1690.237071724825,1692.6973876953125,1689.4169664013293,1692.6973876953125,800,0.0,0.0
2019-11-01 00:00:00+09:00,1668.0941162109375,1668.0941162109375,1668.0941162109375,1668.0941162109375,600,0.0,0.0
2019-11-05 00:00:00+09:00,1709.0996031457005,1709.0996031457005,1671.374755859375,1671.374755859375,400,0.0,0.0
2019-11-06 00:00:00+09:00,1689.4169921875,1689.4169921875,1689.4169921875,1689.4169921875,200,0.0,0.0
2019-11-07 00:00:00+09:00,1689.4169921875,1689.4169921875,1689.4169921875,1689.4169921875,200,0.0,0.0
2019-11-08 00:00:00+09:00,1687.7767850847943,1687.7767850847943,1669.7344676543446,1681.2159423828125,1200,0.0,0.0
2019-11-11 00:00:00+09:00,1689.4168761010262,1729.6020348044,1673.0147705078125,1673.0147705078125,2400,0.0,0.0
2019-11-12 00:00:00+09:00,1695.9778424422636,1700.078369140625,1682.036051667835,1700.078369140625,600,0.0,0.0
2019-11-13 00:00:00+09:00,1730.422119140625,1730.422119140625,1730.422119140625,1730.422119140625,100,0.0,0.0
2019-11-14 00:00:00+09:00,1736.9829612985043,1738.623171837974,1725.5014875222157,1730.422119140625,800,0.0,0.0
2019-11-15 00:00:00+09:00,1736.9829612985043,1738.623171837974,1725.5014875222157,1730.422119140625,800,0.0,0.0
2019-11-18 00:00:00+09:00,1722.2210664432762,1730.422119140625,1722.2210664432762,1730.422119140625,800,0.0,0.0
2019-11-19 00:00:00+09:00,1690.237060546875,1690.237060546875,1690.237060546875,1690.237060546875,100,0.0,0.0
2019-11-20 00:00:00+09:00,1690.237060546875,1690.237060546875,1690.237060546875,1690.237060546875,100,0.0,0.0
2019-11-21 00:00:00+09:00,1687.7767171841645,1728.781982421875,1687.7767171841645,1728.781982421875,200,0.0,0.0
2019-11-22 00:00:00+09:00,1687.7767171841645,1728.781982421875,1687.7767171841645,1728.781982421875,200,0.0,0.0
2019-11-25 00:00:00+09:00,1722.2210693359375,1722.2210693359375,1722.2210693359375,1722.2210693359375,400,0.0,0.0
2019-11-26 00:00:00+09:00,1722.2210693359375,1722.2210693359375,1722.2210693359375,1722.2210693359375,400,0.0,0.0
2019-11-27 00:00:00+09:00,1714.840124803753,1730.42212498131,1703.3586509887111,1714.02001953125,1500,0.0,0.0
2019-11-28 00:00:00+09:00,1746.8241687129255,1788.6495361328125,1746.8241687129255,1788.6495361328125,2000,0.0,0.0
2019-11-29 00:00:00+09:00,1804.2315384255526,1804.2315384255526,1780.448486328125,1780.448486328125,800,0.0,0.0
2019-12-02 00:00:00+09:00,1780.4486353648795,1845.2369551225142,1780.4486353648795,1804.231689453125,2200,0.0,0.0
2019-12-03 00:00:00+09:00,1811.6126860821273,1840.3163728240352,1811.6126860821273,1832.9354248046875,900,0.0,0.0
2019-12-04 00:00:00+09:00,1786.189226486289,1835.3955412655257,1786.189226486289,1807.511962890625,5100,0.0,0.0
2019-12-05 00:00:00+09:00,1786.189226486289,1835.3955412655257,1786.189226486289,1807.511962890625,5100,0.0,0.0
2019-12-06 00:00:00+09:00,1808.3319418378871,1824.7340456187296,1808.3319418378871,1823.9139404296875,500,0.0,0.0
2019-12-09 00:00:00+09:00,1864.919199881794,1864.919199881794,1823.0938352406454,1823.9139404296875,1800,0.0,0.0
2019-12-10 00:00:00+09:00,1804.2316983665405,1841.95654296875,1804.2316983665405,1841.95654296875,200,0.0,0.0
2019-12-11 00:00:00+09:00,1828.8348556658543,1828.8348556658543,1787.82958984375,1787.82958984375,500,0.0,0.0
2019-12-12 00:00:00+09:00,1828.8348556658543,1828.8348556658543,1787.82958984375,1787.82958984375,500,0.0,0.0
2019-12-13 00:00:00+09:00,1755.0253392509019,1763.2263922380557,1755.0253392509019,1761.586181640625,1600,0.0,0.0
2019-12-16 00:00:00+09:00,1741.9037346395814,1743.5439453125,1741.9037346395814,1743.5439453125,200,0.0,0.0
2019-12-17 00:00:00+09:00,1750.92497479765,1755.0255016707124,1750.92497479765,1752.565185546875,400,0.0,0.0
2019-12-18 00:00:00+09:00,1770.6075069286205,1771.4276123046875,1770.6075069286205,1771.4276123046875,300,0.0,0.0
2019-12-19 00:00:00+09:00,1771.4276123046875,1779.6286660653575,1771.4276123046875,1771.4276123046875,400,0.0,0.0
2019-12-20 00:00:00+09:00,1771.4276123046875,1779.6286660653575,1771.4276123046875,1771.4276123046875,400,0.0,0.0
2019-12-23 00:00:00+09:00,1844.4168770175281,1844.4168770175281,1828.0147705078125,1828.0147705078125,2600,0.0,0.0
2019-12-24 00:00:00+09:00,1828.0147435413708,1828.8348488547585,1804.231689453125,1804.231689453125,1100,0.0,0.0
2019-12-25 00:00:00+09:00,1804.2318038253097,1820.6339111328125,1804.2318038253097,1820.6339111328125,200,0.0,0.0
2019-12-26 00:00:00+09:00,1795.210535486164,1825.554432157241,1795.210535486164,1823.0941162109375,1100,0.0,0.0
2019-12-27 00:00:00+09:00,1823.093980017692,1828.834716796875,1823.093980017692,1828.834716796875,300,0.0,0.0
2019-12-30 00:00:00+09:00,1910.845489034097,1910.845489034097,1872.300537109375,1872.300537109375,2000,0.0,0.0
2020-01-06 00:00:00+09:00,1859.9989013671875,1859.9989013671875,1859.9989013671875,1859.9989013671875,100,0.0,0.0
2020-01-07 00:00:00+09:00,1859.9989013671875,1859.9989013671875,1859.9989013671875,1859.9989013671875,100,0.0,0.0
2020-01-08 00:00:00+09:00,1865.7398115741182,1880.501708984375,1845.2371762820949,1880.501708984375,1200,0.0,0.0
2020-01-09 00:00:00+09:00,1882.9619140625,1882.9619140625,1882.9619140625,1882.9619140625,100,0.0,0.0
2020-01-10 00:00:00+09:00,1882.9619140625,1882.9619140625,1882.9619140625,1882.9619140625,100,0.0,0.0
2020-01-14 00:00:00+09:00,1886.2423465790152,1915.7661398298173,1864.0995016409138,1885.4222412109375,1800,0.0,0.0
2020-01-15 00:00:00+09:00,1886.2423465790152,1915.7661398298173,1864.0995016409138,1885.4222412109375,1800,0.0,0.0
2020-01-16 00:00:00+09:00,1917.4065420297477,1919.0467529296875,1917.4065420297477,1919.0467529296875,200,0.0,0.0
2020-01-17 00:00:00+09:00,1915.7660762997432,1919.0464976632702,1915.7660762997432,1916.586181640625,400,0.0,0.0
2020-01-20 00:00:00+09:00,1957.5918923461352,1960.872314453125,1927.24798785648,1960.872314453125,3500,0.0,0.0
2020-01-21 00:00:00+09:00,2003.5172128295899,2003.5172128295899,1955.951106262207,1968.252685546875,1300,0.0,0.0
2020-01-22 00:00:00+09:00,2003.5172128295899,2003.5172128295899,1955.951106262207,1968.252685546875,1300,0.0,0.0
2020-01-23 00:00:00+09:00,1975.6338671324997,1975.6338671324997,1965.7926025390625,1965.7926025390625,200,0.0,0.0
2020-01-24 00:00:00+09:00,1947.7504124151212,1962.5123102776358,1930.5281982421875,1930.5281982421875,700,0.0,0.0
2020-01-27 00:00:00+09:00,1927.2474139216818,1927.2474139216818,1922.3267822265625,1922.3267822265625,600,0.0,0.0
2020-01-28 00:00:00+09:00,1922.3265654338788,1922.3265654338788,1910.8450927734375,1910.8450927734375,400,0.0,0.0
2020-01-29 00:00:00+09:00,1906.744852719701,1906.744852719701,1866.5596923828125,1866.5596923828125,800,0.0,0.0
2020-01-30 00:00:00+09:00,1906.744852719701,1906.744852719701,1866.5596923828125,1866.5596923828125,800,0.0,0.0
2020-01-31 00:00:00+09:00,1867.3796018042829,1868.19970703125,1867.3796018042829,1868.19970703125,800,0.0,0.0
2020-02-03 00:00:00+09:00,1807.5119997943145,1807.5119997943145,1806.69189453125,1806.69189453125,500,0.0,0.0
2020-02-04 00:00:00+09:00,1807.511962890625,1807.511962890625,1807.511962890625,1807.511962890625,100,0.0,0.0
2020-02-05 00:00:00+09:00,1808.3323974609375,1808.3323974609375,1808.3323974609375,1808.3323974609375,100,0.0,0.0
2020-02-06 00:00:00+09:00,1808.3323974609375,1808.3323974609375,1808.3323974609375,1808.3323974609375,100,0.0,0.0
2020-02-07 00:00:00+09:00,1814.0729320027544,1896.0834623826258,1814.0729320027544,1888.7025146484375,400,0.0,0.0
2020-02-10 00:00:00+09:00,1886.2422502638208,1886.2422502638208,1882.1417236328125,1882.1417236328125,400,0.0,0.0
2020-02-12 00:00:00+09:00,1886.2424274130817,1894.4434814453125,1853.4382112841586,1894.4434814453125,400,0.0,0.0
2020-02-13 00:00:00+09:00,1886.2424274130817,1894.4434814453125,1853.4382112841586,1894.4434814453125,400,0.0,0.0
2020-02-14 00:00:00+09:00,1826.3747666459906,1874.760986328125,1826.3747666459906,1874.760986328125,200,0.0,0.0
2020-02-17 00:00:00+09:00,1948.5705491286058,1948.5705491286058,1919.0467529296875,1919.0467529296875,1200,0.0,0.0
2020-02-18 00:00:00+09:00,1902.6444166100546,1902.6444166100546,1861.6391490106998,1886.2423095703125,600,0.0,0.0
2020-02-19 00:00:00+09:00,1886.2423095703127,1886.2423095703127,1886.2423095703127,1886.2423095703125,200,0.0,0.0
2020-02-20 00:00:00+09:00,1886.2420707836486,1886.2420707836486,1869.8399658203125,1869.8399658203125,700,0.0,0.0
2020-02-21 00:00:00+09:00,1886.2420707836486,1886.2420707836486,1869.8399658203125,1869.8399658203125,700,0.0,0.0
2020-02-25 00:00:00+09:00,1828.8347366339933,1829.6548418970578,1787.8294734807648,1806.69189453125,3300,0.0,0.0
2020-02-26 00:00:00+09:00,1765.6868746722187,1771.4276123046875,1765.6868746722187,1771.4276123046875,400,0.0,0.0
2020-02-27 00:00:00+09:00,1812.4329680902215,1812.4329680902215,1772.247802734375,1772.247802734375,400,0.0,0.0
2020-02-28 00:00:00+09:00,1765.686769517615,1777.168244098779,1703.3587646484375,1703.3587646484375,31700,0.0,0.0
2020-03-02 00:00:00+09:00,1703.3589477829016,1726.3218994140625,1660.713466182174,1726.3218994140625,1700,0.0,0.0
2020-03-03 00:00:00+09:00,1763.2266147018702,1763.2266147018702,1730.4223986143936,1756.665771484375,700,0.0,0.0
2020-03-04 00:00:00+09:00,1804.231689453125,1804.231689453125,1804.231689453125,1804.231689453125,100,0.0,0.0
2020-03-05 00:00:00+09:00,1722.2212764661917,1723.0413818359375,1722.2212764661917,1723.0413818359375,200,0.0,0.0
2020-03-06 00:00:00+09:00,1650.8720703125,1650.8720703125,1650.8720703125,1650.8720703125,900,0.0,0.0
2020-03-09 00:00:00+09:00,1655.7926516353336,1655.7926516353336,1568.0413818359375,1568.0413818359375,1200,0.0,0.0
2020-03-10 00:00:00+09:00,1567.2213543379933,1567.2213543379933,1549.1790362870065,1558.2001953125,700,0.0,0.0
2020-03-11 00:00:00+09:00,1550.8192547737285,1550.8192547737285,1541.798095703125,1541.798095703125,500,0.0,0.0
2020-03-12 00:00:00+09:00,1544.2583786222083,1544.2583786222083,1439.284893511405,1480.2901611328125,2200,0.0,0.0
2020-03-13 00:00:00+09:00,1391.718664853078,1391.718664853078,1358.9144535424573,1390.8985595703125,1300,0.0,0.0
2020-03-16 00:00:00+09:00,1390.898568802521,1390.898568802521,1366.29541015625,1366.29541015625,20400,0.0,0.0
2020-03-17 00:00:00+09:00,1358.9145620930528,1442.5653076171875,1353.173824655122,1442.5653076171875,900,0.0,0.0
2020-03-18 00:00:00+09:00,1377.7770718822803,1410.5812878794773,1377.7770718822803,1408.1209716796875,400,0.0,0.0
2020-03-19 00:00:00+09:00,1435.1841916814042,1435.1841916814042,1362.19482421875,1362.19482421875,500,0.0,0.0
2020-03-23 00:00:00+09:00,1394.999204831007,1394.999204831007,1340.0521462045065,1344.9727783203125,2200,0.0,0.0
2020-03-24 00:00:00+09:00,1361.374755859375,1361.374755859375,1361.374755859375,1361.374755859375,100,0.0,0.0
2020-03-25 00:00:00+09:00,1377.7768667836453,1394.1789723405934,1374.4964456722557,1380.2371826171875,2200,0.0,0.0
2020-03-26 00:00:00+09:00,1380.2372902346017,1413.04150390625,1380.2372902346017,1413.04150390625,200,0.0,0.0
2020-03-27 00:00:00+09:00,1410.5811767578125,1435.1843368175419,1410.5811767578125,1410.5811767578125,3700,0.0,0.0
2020-03-30 00:00:00+09:00,1452.814208984375,1452.814208984375,1452.814208984375,1452.814208984375,0,50.0,0.0
2020-03-31 00:00:00+09:00,1412.2705627477933,1414.8045410302354,1411.4259033203125,1411.4259033203125,800,0.0,0.0
2020-04-01 00:00:00+09:00,1435.9208325607042,1435.9208325607042,1352.299560546875,1352.299560546875,3100,0.0,0.0
2020-04-02 00:00:00+09:00,1352.299560546875,1352.299560546875,1352.299560546875,1352.299560546875,0,0.0,0.0
2020-04-03 00:00:00+09:00,1435.9210592723578,1435.9210592723578,1356.5230712890625,1356.5230712890625,200,0.0,0.0
2020-04-06 00:00:00+09:00,1360.746148052526,1401.289794921875,1360.746148052526,1401.289794921875,400,0.0,0.0
2020-04-07 00:00:00+09:00,1401.2900214951856,1402.1346809415359,1373.416259765625,1373.416259765625,1200,0.0,0.0
2020-04-08 00:00:00+09:00,1386.9305419921875,1386.9305419921875,1386.9305419921875,1386.9305419921875,500,0.0,0.0
2020-04-09 00:00:00+09:00,1389.4645198399198,1389.4645198399198,1386.9305419921875,1386.9305419921875,500,0.0,0.0
2020-04-10 00:00:00+09:00,1386.9305419921875,1386.9305419921875,1386.9305419921875,1386.9305419921875,0,0.0,0.0
2020-04-13 00:00:00+09:00,1386.9305419921875,1386.9305419921875,1386.9305419921875,1386.9305419921875,300,0.0,0.0
2020-04-14 00:00:00+09:00,1386.9305419921875,1386.9305419921875,1386.9305419921875,1386.9305419921875,0,0.0,0.0
2020-04-15 00:00:00+09:00,1386.9305419921875,1386.9305419921875,1386.9305419921875,1386.9305419921875,0,0.0,0.0
2020-04-16 00:00:00+09:00,1386.930715317754,1444.3675537109375,1386.930715317754,1444.3675537109375,1000,0.0,0.0
2020-04-17 00:00:00+09:00,1444.3675537109375,1444.3675537109375,1444.3675537109375,1444.3675537109375,0,0.0,0.0
2020-04-20 00:00:00+09:00,1450.280218512965,1458.7268126801923,1450.280218512965,1451.1248779296875,700,0.0,0.0
2020-04-21 00:00:00+09:00,1484.911376953125,1484.911376953125,1484.911376953125,1484.911376953125,400,0.0,0.0
2020-04-22 00:00:00+09:00,1484.911376953125,1484.911376953125,1484.911376953125,1484.911376953125,0,0.0,0.0
2020-04-23 00:00:00+09:00,1478.15380859375,1478.15380859375,1478.15380859375,1478.15380859375,400,0.0,0.0
2020-04-24 00:00:00+09:00,1478.15380859375,1478.15380859375,1478.15380859375,1478.15380859375,0,0.0,0.0
2020-04-27 00:00:00+09:00,1445.2122802734375,1445.2122802734375,1445.2122802734375,1445.2122802734375,100,0.0,0.0
2020-04-28 00:00:00+09:00,1474.7753357038405,1475.6199951171875,1474.7753357038405,1475.6199951171875,300,0.0,0.0
2020-04-30 00:00:00+09:00,1475.620122603589,1484.911376953125,1456.1929544181953,1484.911376953125,400,0.0,0.0
2020-05-01 00:00:00+09:00,1465.48388671875,1465.48388671875,1465.48388671875,1465.48388671875,100,0.0,0.0
2020-05-07 00:00:00+09:00,1465.4840098323984,1482.377197265625,1465.4840098323984,1482.377197265625,300,0.0,0.0
2020-05-08 00:00:00+09:00,1448.5909058803693,1482.3772826939055,1448.5909058803693,1477.309326171875,1000,0.0,0.0
2020-05-11 00:00:00+09:00,1477.3091884405208,1478.9985071237002,1440.1441774105704,1441.83349609375,1000,0.0,0.0
2020-05-12 00:00:00+09:00,1441.83349609375,1441.83349609375,1441.83349609375,1441.83349609375,0,0.0,0.0
2020-05-13 00:00:00+09:00,1441.83349609375,1441.83349609375,1441.83349609375,1441.83349609375,0,0.0,0.0
2020-05-14 00:00:00+09:00,1408.0471369364175,1423.2510052416699,1402.134521484375,1402.134521484375,1100,0.0,0.0
2020-05-15 00:00:00+09:00,1388.6200074280453,1401.2898980067682,1388.6200074280453,1390.309326171875,300,0.0,0.0
2020-05-18 00:00:00+09:00,1400.4453064953416,1408.0472412109375,1400.4453064953416,1408.0472412109375,200,0.0,0.0
2020-05-19 00:00:00+09:00,1424.0957580385293,1440.1442867471485,1423.2510986328125,1423.2510986328125,400,0.0,0.0
2020-05-20 00:00:00+09:00,1441.83349609375,1441.83349609375,1441.83349609375,1441.83349609375,100,0.0,0.0
2020-05-21 00:00:00+09:00,1475.6198347208885,1511.940185546875,1475.6198347208885,1511.940185546875,700,0.0,0.0
2020-05-22 00:00:00+09:00,1517.8529846191407,1517.8529846191407,1452.814208984375,1452.814208984375,500,0.0,0.0
2020-05-25 00:00:00+09:00,1486.600341796875,1486.600341796875,1486.600341796875,1486.600341796875,100,0.0,0.0
2020-05-26 00:00:00+09:00,1457.03726681796,1486.600341796875,1457.03726681796,1486.600341796875,300,0.0,0.0
2020-05-27 00:00:00+09:00,1486.600341796875,1486.600341796875,1486.600341796875,1486.600341796875,0,0.0,0.0
2020-05-28 00:00:00+09:00,1488.289734851157,1499.270306107153,1488.289734851157,1496.736328125,10200,0.0,0.0
2020-05-29 00:00:00+09:00,1511.9403625454163,1511.9403625454163,1496.7364929779205,1511.095703125,400,0.0,0.0
2020-06-01 00:00:00+09:00,1511.095703125,1511.095703125,1511.095703125,1511.095703125,0,0.0,0.0
2020-06-02 00:00:00+09:00,1511.095703125,1511.095703125,1511.095703125,1511.095703125,0,0.0,0.0
2020-06-03 00:00:00+09:00,1511.095703125,1511.095703125,1511.095703125,1511.095703125,0,0.0,0.0
2020-06-04 00:00:00+09:00,1541.5032387835902,1541.5032387835902,1525.4547119140625,1525.4547119140625,400,0.0,0.0
2020-06-05 00:00:00+09:00,1495.047119140625,1495.047119140625,1495.047119140625,1495.047119140625,300,0.0,0.0
2020-06-08 00:00:00+09:00,1511.940185546875,1527.9887126560318,1511.940185546875,1511.940185546875,900,0.0,0.0
2020-06-09 00:00:00+09:00,1519.5421814643012,1520.3868408203125,1519.5421814643012,1520.3868408203125,200,0.0,0.0
2020-06-10 00:00:00+09:00,1522.076330404366,1527.144287109375,1522.076330404366,1527.144287109375,700,0.0,0.0
2020-06-11 00:00:00+09:00,1527.1438794655592,1527.1438794655592,1480.6876220703125,1480.6876220703125,900,0.0,0.0
2020-06-12 00:00:00+09:00,1479.8432458811503,1536.4354248046875,1473.0859707858026,1536.4354248046875,500,0.0,0.0
2020-06-15 00:00:00+09:00,1521.2315673828125,1522.07622677614,1521.2315673828125,1521.2315673828125,800,0.0,0.0
2020-06-16 00:00:00+09:00,1554.1734619140625,1554.1734619140625,1554.1734619140625,1554.1734619140625,200,0.0,0.0
2020-06-17 00:00:00+09:00,1554.173431148374,1558.396728515625,1554.173431148374,1558.396728515625,200,0.0,0.0
2020-06-18 00:00:00+09:00,1592.1828819489704,1620.056640625,1592.1828819489704,1620.056640625,800,0.0,0.0
2020-06-19 00:00:00+09:00,1676.648835144043,1689.3187255859375,1670.7362196044921,1689.3187255859375,4300,0.0,0.0
2020-06-22 00:00:00+09:00,1773.7847900390625,1773.7847900390625,1748.4450073242188,1756.8916015625,1500,0.0,0.0
2020-06-23 00:00:00+09:00,1756.8915481959366,1808.415771484375,1756.8915481959366,1808.415771484375,600,0.0,0.0
2020-06-24 00:00:00+09:00,1808.415771484375,1808.415771484375,1808.415771484375,1808.415771484375,0,0.0,0.0
2020-06-25 00:00:00+09:00,1794.9013671875,1794.9013671875,1794.9013671875,1794.9013671875,200,0.0,0.0
2020-06-26 00:00:00+09:00,1773.7847900390625,1790.677978515625,1765.3381958007812,1790.677978515625,800,0.0,0.0
2020-06-29 00:00:00+09:00,1765.3380831226755,1816.8623046875,1765.3380831226755,1816.8623046875,3100,0.0,0.0
2020-06-30 00:00:00+09:00,1774.6294494628905,1790.677978515625,1767.8721740722656,1790.677978515625,3000,0.0,0.0
2020-07-01 00:00:00+09:00,1790.677978515625,1790.677978515625,1790.677978515625,1790.677978515625,0,0.0,0.0
2020-07-02 00:00:00+09:00,1790.677978515625,1790.677978515625,1790.677978515625,1790.677978515625,0,0.0,0.0
2020-07-03 00:00:00+09:00,1773.784495949973,1773.784495949973,1767.0272216796875,1767.0272216796875,400,0.0,0.0
2020-07-06 00:00:00+09:00,1767.0272216796875,1767.0272216796875,1767.0272216796875,1767.0272216796875,0,0.0,0.0
2020-07-07 00:00:00+09:00,1614.988890100698,1648.7752685546875,1581.2025116467084,1648.7752685546875,400,0.0,0.0
2020-07-08 00:00:00+09:00,1707.056663517147,1707.056663517147,1625.9693603515625,1625.9693603515625,200,0.0,0.0
2020-07-09 00:00:00+09:00,1625.9693603515625,1625.9693603515625,1625.9693603515625,1625.9693603515625,0,0.0,0.0
2020-07-10 00:00:00+09:00,1625.9693603515625,1625.9693603515625,1625.9693603515625,1625.9693603515625,0,0.0,0.0
2020-07-13 00:00:00+09:00,1625.9694630982447,1648.7752685546875,1624.280144175545,1648.7752685546875,400,0.0,0.0
2020-07-14 00:00:00+09:00,1691.0081246367167,1725.63916015625,1691.0081246367167,1725.63916015625,200,0.0,0.0
2020-07-15 00:00:00+09:00,1765.3380620354578,1772.0953369140625,1765.3380620354578,1772.0953369140625,700,0.0,0.0
2020-07-16 00:00:00+09:00,1814.3283814044332,1828.6875911269078,1809.2604250317952,1816.0177001953125,1500,0.0,0.0
2020-07-17 00:00:00+09:00,1824.4642356178979,1858.2506103515625,1824.4642356178979,1858.2506103515625,900,0.0,0.0
2020-07-20 00:00:00+09:00,1854.0273135098546,1858.2506103515625,1854.0273135098546,1858.2506103515625,1100,0.0,0.0
2020-07-21 00:00:00+09:00,1816.0177001953125,1816.0177001953125,1816.0177001953125,1816.0177001953125,2800,0.0,0.0
2020-07-22 00:00:00+09:00,1816.0177001953125,1816.0177001953125,1816.0177001953125,1816.0177001953125,0,0.0,0.0
2020-07-27 00:00:00+09:00,1816.0177001953125,1816.0177001953125,1816.0177001953125,1816.0177001953125,0,0.0,0.0
2020-07-28 00:00:00+09:00,1786.4544677734375,1786.4544677734375,1786.4544677734375,1786.4544677734375,100,0.0,0.0
2020-07-29 00:00:00+09:00,1689.3187255859375,1689.3187255859375,1689.3187255859375,1689.3187255859375,100,0.0,0.0
2020-07-30 00:00:00+09:00,1689.318817515432,1710.435302734375,1689.318817515432,1710.435302734375,200,0.0,0.0
2020-07-31 00:00:00+09:00,1668.2022705078125,1668.2022705078125,1668.2022705078125,1668.2022705078125,300,0.0,0.0
2020-08-03 00:00:00+09:00,1668.2022705078125,1668.2022705078125,1668.2022705078125,1668.2022705078125,0,0.0,0.0
2020-08-04 00:00:00+09:00,1689.3187255859375,1689.3187255859375,1689.3187255859375,1689.3187255859375,100,0.0,0.0
2020-08-05 00:00:00+09:00,1689.3187255859375,1689.3187255859375,1689.3187255859375,1689.3187255859375,0,0.0,0.0
2020-08-06 00:00:00+09:00,1689.3187255859375,1689.3187255859375,1689.3187255859375,1689.3187255859375,0,0.0,0.0
2020-08-07 00:00:00+09:00,1689.3187255859375,1689.3187255859375,1689.3187255859375,1689.3187255859375,0,0.0,0.0
2020-08-11 00:00:00+09:00,1589.6490895170418,1620.9014892578125,1589.6490895170418,1620.9014892578125,900,0.0,0.0
2020-08-12 00:00:00+09:00,1620.9014892578125,1620.9014892578125,1620.9014892578125,1620.9014892578125,0,0.0,0.0
2020-08-13 00:00:00+09:00,1620.9014892578125,1620.9014892578125,1620.9014892578125,1620.9014892578125,0,0.0,0.0
2020-08-14 00:00:00+09:00,1714.6585693359375,1714.6585693359375,1714.6585693359375,1714.6585693359375,100,0.0,0.0
2020-08-17 00:00:00+09:00,1726.4835537212898,1726.4835537212898,1668.2020638941035,1673.27001953125,600,0.0,0.0
2020-08-18 00:00:00+09:00,1652.998486174658,1652.998486174658,1612.454833984375,1612.454833984375,800,0.0,0.0
2020-08-19 00:00:00+09:00,1614.9887749767659,1614.9887749767659,1588.804333541473,1590.49365234375,600,0.0,0.0
2020-08-20 00:00:00+09:00,1566.8431706556025,1579.5130615234375,1565.9985112644135,1579.5130615234375,300,0.0,0.0
2020-08-21 00:00:00+09:00,1613.2994384765625,1613.2994384765625,1613.2994384765625,1613.2994384765625,400,0.0,0.0
2020-08-24 00:00:00+09:00,1613.2994384765625,1613.2994384765625,1613.2994384765625,1613.2994384765625,0,0.0,0.0
2020-08-25 00:00:00+09:00,1602.31884765625,1602.31884765625,1602.31884765625,1602.31884765625,100,0.0,0.0
2020-08-26 00:00:00+09:00,1602.31884765625,1602.31884765625,1602.31884765625,1602.31884765625,0,0.0,0.0
2020-08-27 00:00:00+09:00,1568.5326177709976,1568.5326177709976,1555.01806640625,1555.01806640625,500,0.0,0.0
2020-08-28 00:00:00+09:00,1588.8043082874908,1588.8043082874908,1570.2218017578125,1570.2218017578125,200,0.0,0.0
2020-08-31 00:00:00+09:00,1604.0081787109375,1604.0081787109375,1604.0081787109375,1604.0081787109375,200,0.0,0.0
2020-09-01 00:00:00+09:00,1604.0081787109375,1604.0081787109375,1604.0081787109375,1604.0081787109375,0,0.0,0.0
2020-09-02 00:00:00+09:00,1604.0081787109375,1604.0081787109375,1604.0081787109375,1604.0081787109375,0,0.0,0.0
2020-09-03 00:00:00+09:00,1604.0083136307564,1604.0083136307564,1588.804443359375,1588.804443359375,300,0.0,0.0
2020-09-04 00:00:00+09:00,1576.9791259765625,1576.9791259765625,1576.9791259765625,1576.9791259765625,100,0.0,0.0
2020-09-07 00:00:00+09:00,1576.9791259765625,1576.9791259765625,1576.9791259765625,1576.9791259765625,0,0.0,0.0
2020-09-08 00:00:00+09:00,1576.9791259765625,1576.9791259765625,1576.9791259765625,1576.9791259765625,100,0.0,0.0
2020-09-09 00:00:00+09:00,1543.192689270118,1568.532470703125,1541.5033705079177,1568.532470703125,600,0.0,0.0
2020-09-10 00:00:00+09:00,1568.532470703125,1568.532470703125,1568.532470703125,1568.532470703125,0,0.0,0.0
2020-09-11 00:00:00+09:00,1546.571495887322,1558.396728515625,1541.5035390466207,1558.396728515625,900,0.0,0.0
2020-09-14 00:00:00+09:00,1558.396728515625,1558.396728515625,1558.396728515625,1558.396728515625,0,0.0,0.0
2020-09-15 00:00:00+09:00,1558.396728515625,1558.396728515625,1558.396728515625,1558.396728515625,0,0.0,0.0
2020-09-16 00:00:00+09:00,1579.5130615234375,1579.5130615234375,1579.5130615234375,1579.5130615234375,100,0.0,0.0
2020-09-17 00:00:00+09:00,1577.8237613266729,1590.49365234375,1564.3092109084573,1590.49365234375,300,0.0,0.0
2020-09-18 00:00:00+09:00,1590.4936040953785,1600.6295166015625,1590.4936040953785,1600.6295166015625,200,0.0,0.0
2020-09-23 00:00:00+09:00,1571.0665283203125,1571.0665283203125,1571.0665283203125,1571.0665283203125,600,0.0,0.0
2020-09-24 00:00:00+09:00,1571.0665283203125,1571.0665283203125,1571.0665283203125,1571.0665283203125,0,0.0,0.0
2020-09-25 00:00:00+09:00,1571.0665283203125,1571.0665283203125,1571.0665283203125,1571.0665283203125,0,0.0,0.0
2020-09-28 00:00:00+09:00,1562.6199340820312,1562.6199340820312,1537.2801513671875,1537.2801513671875,200,0.0,0.0
2020-09-29 00:00:00+09:00,1563.0445779199758,1563.0445779199758,1554.4564208984375,1554.4564208984375,200,30.0,0.0
2020-09-30 00:00:00+09:00,1529.5508242703745,1559.609375,1529.5508242703745,1559.609375,400,0.0,0.0
2020-10-02 00:00:00+09:00,1559.609375,1559.609375,1559.609375,1559.609375,0,0.0,0.0
2020-10-05 00:00:00+09:00,1546.7271357175682,1546.7271357175682,1532.986083984375,1532.986083984375,700,0.0,0.0
2020-10-06 00:00:00+09:00,1532.986083984375,1532.986083984375,1532.986083984375,1532.986083984375,0,0.0,0.0
2020-10-07 00:00:00+09:00,1532.986083984375,1532.986083984375,1532.986083984375,1532.986083984375,0,0.0,0.0
2020-10-08 00:00:00+09:00,1532.986083984375,1532.986083984375,1532.986083984375,1532.986083984375,0,0.0,0.0
2020-10-09 00:00:00+09:00,1532.986083984375,1532.986083984375,1532.986083984375,1532.986083984375,0,0.0,0.0
2020-10-12 00:00:00+09:00,1537.2801513671875,1537.2801513671875,1537.2801513671875,1537.2801513671875,200,0.0,0.0
2020-10-13 00:00:00+09:00,1537.2801513671875,1537.2801513671875,1537.2801513671875,1537.2801513671875,0,0.0,0.0
2020-10-14 00:00:00+09:00,1537.2801513671875,1537.2801513671875,1537.2801513671875,1537.2801513671875,0,0.0,0.0
2020-10-15 00:00:00+09:00,1537.2801513671875,1537.2801513671875,1537.2801513671875,1537.2801513671875,0,0.0,0.0
2020-10-16 00:00:00+09:00,1537.2801513671875,1537.2801513671875,1537.2801513671875,1537.2801513671875,0,0.0,0.0
2020-10-19 00:00:00+09:00,1537.2801513671875,1537.2801513671875,1537.2801513671875,1537.2801513671875,0,0.0,0.0
2020-10-20 00:00:00+09:00,1547.5857953559027,1547.5857953559027,1545.8681640625,1545.8681640625,500,0.0,0.0
2020-10-21 00:00:00+09:00,1580.220947265625,1580.220947265625,1580.220947265625,1580.220947265625,400,0.0,0.0
2020-10-22 00:00:00+09:00,1587.9502775528244,1592.244356183308,1584.5150146484375,1584.5150146484375,300,0.0,0.0
2020-10-23 00:00:00+09:00,1584.5150146484375,1584.5150146484375,1584.5150146484375,1584.5150146484375,0,0.0,0.0
2020-10-26 00:00:00+09:00,1584.5150146484375,1584.5150146484375,1584.5150146484375,1584.5150146484375,0,0.0,0.0
2020-10-27 00:00:00+09:00,1567.338623046875,1567.338623046875,1567.338623046875,1567.338623046875,100,0.0,0.0
2020-10-28 00:00:00+09:00,1567.338623046875,1567.338623046875,1567.338623046875,1567.338623046875,0,0.0,0.0
2020-10-29 00:00:00+09:00,1567.338623046875,1567.338623046875,1567.338623046875,1567.338623046875,0,0.0,0.0
2020-10-30 00:00:00+09:00,1558.75048828125,1558.75048828125,1558.75048828125,1558.75048828125,200,0.0,0.0
2020-11-02 00:00:00+09:00,1543.291748046875,1543.291748046875,1543.291748046875,1543.291748046875,100,0.0,0.0
2020-11-04 00:00:00+09:00,1543.291748046875,1543.291748046875,1543.291748046875,1543.291748046875,0,0.0,0.0
2020-11-05 00:00:00+09:00,1553.5975341796875,1553.5975341796875,1553.5975341796875,1553.5975341796875,100,0.0,0.0
2020-11-06 00:00:00+09:00,1553.5975341796875,1553.5975341796875,1553.5975341796875,1553.5975341796875,0,0.0,0.0
2020-11-09 00:00:00+09:00,1484.8925820352313,1497.774819589036,1474.5867919921875,1474.5867919921875,3600,0.0,0.0
2020-11-10 00:00:00+09:00,1477.1629748997814,1477.1629748997814,1472.868896484375,1472.868896484375,600,0.0,0.0
2020-11-11 00:00:00+09:00,1474.5866273918705,1481.4571533203125,1474.5866273918705,1481.4571533203125,300,0.0,0.0
2020-11-12 00:00:00+09:00,1459.9867254829294,1459.9867254829294,1425.6340966480368,1457.4102783203125,3500,0.0,0.0
2020-11-13 00:00:00+09:00,1434.22225385676,1457.4102783203125,1434.22225385676,1457.4102783203125,200,0.0,0.0
2020-11-16 00:00:00+09:00,1417.046066939465,1417.046066939465,1399.8697509765625,1399.8697509765625,300,0.0,0.0
2020-11-17 00:00:00+09:00,1399.8695822658194,1404.1636607390274,1378.3991898997792,1380.1168212890625,10600,0.0,0.0
2020-11-18 00:00:00+09:00,1380.1168127330768,1421.3399658203125,1380.1168127330768,1421.3399658203125,900,0.0,0.0
2020-11-19 00:00:00+09:00,1421.3400106167576,1421.3400106167576,1374.1051462155963,1404.1636962890625,1300,0.0,0.0
2020-11-20 00:00:00+09:00,1403.3048587055325,1409.3165686265477,1365.5169677734375,1365.5169677734375,2700,0.0,0.0
2020-11-24 00:00:00+09:00,1369.8110462884483,1374.9639405064613,1365.5169677734375,1365.5169677734375,2600,0.0,0.0
2020-11-25 00:00:00+09:00,1370.6697180175781,1388.7048458862305,1369.810902404785,1374.10498046875,1100,0.0,0.0
2020-11-26 00:00:00+09:00,1374.10498046875,1374.10498046875,1374.10498046875,1374.10498046875,100,0.0,0.0
2020-11-27 00:00:00+09:00,1386.987415455006,1391.281494140625,1386.987415455006,1391.281494140625,200,0.0,0.0
2020-11-30 00:00:00+09:00,1442.8103004807692,1442.8103004807692,1395.575439453125,1395.575439453125,900,0.0,0.0
2020-12-01 00:00:00+09:00,1416.1871225709926,1437.6575155754042,1416.1871225709926,1420.481201171875,500,0.0,0.0
2020-12-02 00:00:00+09:00,1437.6576062729778,1477.1631318933823,1437.6576062729778,1459.98681640625,2000,0.0,0.0
2020-12-03 00:00:00+09:00,1478.0218505859375,1478.0218505859375,1459.986720509061,1478.0218505859375,1200,0.0,0.0
2020-12-04 00:00:00+09:00,1546.7272918105384,1583.6563720703125,1541.57439689057,1583.6563720703125,6200,0.0,0.0
2020-12-07 00:00:00+09:00,1573.3504496729652,1573.3504496729652,1477.1630859375,1477.1630859375,500,0.0,0.0
2020-12-08 00:00:00+09:00,1468.5749284611193,1477.1630859375,1459.9867709847385,1477.1630859375,500,0.0,0.0
2020-12-09 00:00:00+09:00,1477.1630859375,1477.1630859375,1477.1630859375,1477.1630859375,100,0.0,0.0
2020-12-10 00:00:00+09:00,1477.1630771659807,1477.1630771659807,1433.3634742965241,1434.2222900390625,1200,0.0,0.0
2020-12-11 00:00:00+09:00,1434.2223327857064,1434.2223327857064,1425.6341751043549,1427.351806640625,800,0.0,0.0
2020-12-14 00:00:00+09:00,1427.3517442881632,1462.5631892435272,1427.3517442881632,1432.504638671875,1100,0.0,0.0
2020-12-15 00:00:00+09:00,1432.5046585539858,1448.8221576622147,1431.6458428114474,1434.2222900390625,500,0.0,0.0
2020-12-16 00:00:00+09:00,1435.0810684148748,1437.6575155754042,1420.481201171875,1420.481201171875,1100,0.0,0.0
2020-12-17 00:00:00+09:00,1421.3399458075753,1422.1987614848003,1418.7634987759,1419.622314453125,700,0.0,0.0
2020-12-18 00:00:00+09:00,1405.881376060217,1417.045980757091,1405.881376060217,1413.6107177734375,1200,0.0,0.0
2020-12-21 00:00:00+09:00,1484.0335093641115,1492.6216662470056,1478.880615234375,1478.880615234375,2700,0.0,0.0
2020-12-22 00:00:00+09:00,1459.9866854672734,1459.9866854672734,1443.6691872179333,1453.9749755859375,400,0.0,0.0
2020-12-23 00:00:00+09:00,1427.3516645684301,1450.5396880000471,1425.634033203125,1425.634033203125,1200,0.0,0.0
2020-12-24 00:00:00+09:00,1425.6341751043549,1427.351806640625,1425.6341751043549,1427.351806640625,200,0.0,0.0
2020-12-25 00:00:00+09:00,1458.269196366842,1458.269196366842,1426.4930124648554,1455.6927490234375,800,0.0,0.0
2020-12-28 00:00:00+09:00,1432.5044371966019,1432.5044371966019,1415.328125,1415.328125,1600,0.0,0.0
2020-12-29 00:00:00+09:00,1417.0460143824205,1437.6575927734375,1417.0460143824205,1437.6575927734375,400,0.0,0.0
2020-12-30 00:00:00+09:00,1487.4689378691883,1487.4689378691883,1408.4578857421875,1408.4578857421875,5600,0.0,0.0
2021-01-04 00:00:00+09:00,1408.4579089580138,1408.4579089580138,1399.8697509765625,1399.8697509765625,3000,0.0,0.0
2021-01-05 00:00:00+09:00,1384.4109285562345,1411.0342156438544,1384.4109285562345,1387.84619140625,600,0.0,0.0
2021-01-06 00:00:00+09:00,1385.2697001785987,1405.0224609375,1382.6932531230898,1405.0224609375,800,0.0,0.0
2021-01-07 00:00:00+09:00,1391.281494140625,1391.281494140625,1391.281494140625,1391.281494140625,1600,0.0,0.0
2021-01-08 00:00:00+09:00,1405.881321368831,1405.881321368831,1387.84619140625,1387.84619140625,300,0.0,0.0
2021-01-12 00:00:00+09:00,1417.0459345396257,1417.0459345396257,1392.9990944383471,1393.85791015625,800,0.0,0.0
2021-01-13 00:00:00+09:00,1416.1869714986226,1416.1869714986226,1412.751708984375,1412.751708984375,400,0.0,0.0
2021-01-14 00:00:00+09:00,1417.904698339002,1427.351670890019,1394.7166748046875,1394.7166748046875,2000,0.0,0.0
2021-01-15 00:00:00+09:00,1394.7166748046875,1394.7166748046875,1394.7166748046875,1394.7166748046875,0,0.0,0.0
2021-01-18 00:00:00+09:00,1394.7166748046875,1394.7166748046875,1394.7166748046875,1394.7166748046875,0,0.0,0.0
2021-01-19 00:00:00+09:00,1400.7283892766948,1421.3399658203125,1400.7283892766948,1421.3399658203125,400,0.0,0.0
2021-01-20 00:00:00+09:00,1394.7166727154645,1405.0224609375,1394.7166727154645,1405.0224609375,600,0.0,0.0
2021-01-21 00:00:00+09:00,1412.7518021040266,1417.0458805298747,1405.0224609375,1405.0224609375,2100,0.0,0.0
2021-01-22 00:00:00+09:00,1400.7285667747076,1417.046066939465,1396.434487783982,1399.8697509765625,1200,0.0,0.0
2021-01-25 00:00:00+09:00,1399.8695519249718,1429.9281005859375,1396.4342892208615,1429.9281005859375,1800,0.0,0.0
2021-01-26 00:00:00+09:00,1399.010782105165,1424.7752532304903,1391.2814407675673,1402.446044921875,1500,0.0,0.0
2021-01-27 00:00:00+09:00,1399.8696515118636,1399.8696515118636,1391.281494140625,1391.281494140625,600,0.0,0.0
2021-01-28 00:00:00+09:00,1391.281494140625,1391.281494140625,1391.281494140625,1391.281494140625,0,0.0,0.0
2021-01-29 00:00:00+09:00,1395.575439453125,1395.575439453125,1395.575439453125,1395.575439453125,200,0.0,0.0
2021-02-01 00:00:00+09:00,1395.575439453125,1395.575439453125,1395.575439453125,1395.575439453125,200,0.0,0.0
2021-02-02 00:00:00+09:00,1395.575439453125,1395.575439453125,1395.575439453125,1395.575439453125,200,0.0,0.0
2021-02-03 00:00:00+09:00,1400.7285469673775,1401.5873627533783,1398.152099609375,1398.152099609375,500,0.0,0.0
2021-02-04 00:00:00+09:00,1408.4578857421875,1408.4578857421875,1400.7285436862853,1408.4578857421875,800,0.0,0.0
2021-02-05 00:00:00+09:00,1408.4578628077652,1417.0460205078125,1408.4578628077652,1417.0460205078125,1600,0.0,0.0
2021-02-08 00:00:00+09:00,1421.3399438256617,1429.9281005859375,1421.3399438256617,1429.9281005859375,800,0.0,0.0
2021-02-09 00:00:00+09:00,1421.33996160347,1441.9515380859375,1401.5872008077724,1441.9515380859375,2500,0.0,0.0
2021-02-10 00:00:00+09:00,1441.9515380859375,1441.9515380859375,1441.9515380859375,1441.9515380859375,0,0.0,0.0
2021-02-12 00:00:00+09:00,1441.951648998086,1442.810464750914,1409.316650390625,1409.316650390625,1400,0.0,0.0
2021-02-15 00:00:00+09:00,1443.6693093779593,1443.6693093779593,1417.0460205078125,1417.0460205078125,1900,0.0,0.0
2021-02-16 00:00:00+09:00,1417.0460205078125,1417.0460205078125,1417.0460205078125,1417.0460205078125,0,0.0,0.0
2021-02-17 00:00:00+09:00,1414.469482421875,1414.469482421875,1414.469482421875,1414.469482421875,1100,0.0,0.0
2021-02-18 00:00:00+09:00,1428.210568072749,1442.8104355755975,1401.5872802734375,1401.5872802734375,3400,0.0,0.0
2021-02-19 00:00:00+09:00,1404.1636520339644,1445.3868051212,1404.1636520339644,1421.3399658203125,900,0.0,0.0
2021-02-22 00:00:00+09:00,1421.3400993578362,1441.9516778379498,1417.0460205078125,1417.0460205078125,1000,0.0,0.0
2021-02-24 00:00:00+09:00,1439.3753150389462,1440.234130859375,1417.9049195282219,1440.234130859375,700,0.0,0.0
2021-02-25 00:00:00+09:00,1426.4928378818272,1442.8103357263515,1426.4928378818272,1429.9281005859375,800,0.0,0.0
2021-02-26 00:00:00+09:00,1429.9281405202637,1433.3634033203125,1407.5989323199474,1433.3634033203125,1100,0.0,0.0
2021-03-01 00:00:00+09:00,1411.8929443359375,1417.045838293368,1410.175313016794,1411.8929443359375,800,0.0,0.0
2021-03-02 00:00:00+09:00,1445.3868231204829,1445.3868231204829,1409.3165637199718,1433.3634033203125,900,0.0,0.0
2021-03-03 00:00:00+09:00,1451.3985874341884,1451.3985874341884,1422.1988525390625,1422.1988525390625,800,0.0,0.0
2021-03-04 00:00:00+09:00,1408.4578857421875,1449.6810433736662,1408.4578857421875,1408.4578857421875,2000,0.0,0.0
2021-03-05 00:00:00+09:00,1408.4576001213593,1425.6339123179612,1403.3047064623786,1415.328125,700,0.0,0.0
2021-03-08 00:00:00+09:00,1415.3284120141006,1415.3284120141006,1408.4578857421875,1408.4578857421875,1300,0.0,0.0
2021-03-09 00:00:00+09:00,1424.7752307374087,1424.7752307374087,1410.1753639968806,1411.0341796875,1200,0.0,0.0
2021-03-10 00:00:00+09:00,1413.6107177734375,1413.6107177734375,1413.6107177734375,1413.6107177734375,700,0.0,0.0
2021-03-11 00:00:00+09:00,1398.152076655983,1406.740234375,1388.7051031650642,1406.740234375,1600,0.0,0.0
2021-03-12 00:00:00+09:00,1406.740234375,1406.740234375,1406.740234375,1406.740234375,0,0.0,0.0
2021-03-15 00:00:00+09:00,1417.0460143824205,1437.6575927734375,1411.8931197846662,1437.6575927734375,1600,0.0,0.0
2021-03-16 00:00:00+09:00,1437.6575989879261,1437.6575989879261,1413.6107574277935,1417.0460205078125,1600,0.0,0.0
2021-03-17 00:00:00+09:00,1434.22219002965,1447.1044252694371,1425.634033203125,1425.634033203125,2100,0.0,0.0
2021-03-18 00:00:00+09:00,1425.634037967549,1459.9866653884537,1425.634037967549,1452.25732421875,1100,0.0,0.0
2021-03-19 00:00:00+09:00,1425.6342146233494,1441.0928988783014,1425.6342146233494,1430.787109375,1300,0.0,0.0
2021-03-22 00:00:00+09:00,1434.2222452558708,1459.9867167275333,1434.2222452558708,1451.3985595703125,2900,0.0,0.0
2021-03-23 00:00:00+09:00,1485.7512147101932,1502.9275293311202,1468.574900089266,1469.4337158203125,1000,0.0,0.0
2021-03-24 00:00:00+09:00,1470.2926358043217,1470.2926358043217,1430.787109375,1430.787109375,3000,0.0,0.0
2021-03-25 00:00:00+09:00,1427.3518282459902,1455.6927490234375,1417.9048546535075,1455.6927490234375,600,0.0,0.0
2021-03-26 00:00:00+09:00,1454.8338623046875,1454.8338623046875,1434.2222845624724,1454.8338623046875,900,0.0,0.0
2021-03-29 00:00:00+09:00,1442.810512306416,1455.6927490234375,1442.810512306416,1455.6927490234375,1300,0.0,0.0
2021-03-30 00:00:00+09:00,1499.1460994614808,1499.1460994614808,1472.2049231813035,1474.8121337890625,4000,20.0,0.0
2021-03-31 00:00:00+09:00,1474.8122456451827,1485.2410888671875,1468.7287537656798,1485.2410888671875,500,0.0,0.0
2021-04-01 00:00:00+09:00,1493.0625792985015,1493.0625792985015,1460.0379122360202,1460.906982421875,800,0.0,0.0
2021-04-02 00:00:00+09:00,1447.001971798023,1448.7401123046875,1447.001971798023,1448.7401123046875,300,0.0,0.0
2021-04-05 00:00:00+09:00,1448.7401123046875,1448.7401123046875,1448.7401123046875,1448.7401123046875,400,0.0,0.0
2021-04-06 00:00:00+09:00,1473.943115234375,1473.943115234375,1473.943115234375,1473.943115234375,200,0.0,0.0
2021-04-07 00:00:00+09:00,1471.3358388095028,1471.3358388095028,1456.5616455078125,1456.5616455078125,400,0.0,0.0
2021-04-08 00:00:00+09:00,1456.5616735002955,1470.466796875,1435.7039884382386,1470.466796875,2400,0.0,0.0
2021-04-09 00:00:00+09:00,1443.5255925945564,1456.5616455078125,1443.5255925945564,1456.5616455078125,600,0.0,0.0
2021-04-12 00:00:00+09:00,1454.8235567280783,1471.3358910039644,1453.9544865030316,1455.692626953125,5600,0.0,0.0
2021-04-13 00:00:00+09:00,1460.038163716814,1481.7649221054571,1460.038163716814,1473.07421875,1700,0.0,0.0
2021-04-14 00:00:00+09:00,1459.1689300358644,1486.110107421875,1459.1689300358644,1486.110107421875,300,0.0,0.0
2021-04-15 00:00:00+09:00,1486.110196355763,1488.7174072265625,1486.110196355763,1488.7174072265625,500,0.0,0.0
2021-04-16 00:00:00+09:00,1478.2883400430485,1492.193462583136,1478.2883400430485,1490.455322265625,700,0.0,0.0
2021-04-19 00:00:00+09:00,1493.9317288955235,1524.3491870173057,1493.9317288955235,1519.134765625,1900,0.0,0.0
2021-04-20 00:00:00+09:00,1519.134766675632,1615.6015625,1519.134766675632,1615.6015625,3100,0.0,0.0
2021-04-21 00:00:00+09:00,1575.6243649545577,1575.6243649545577,1507.836885381223,1516.527587890625,3700,0.0,0.0
2021-04-22 00:00:00+09:00,1515.6584649176168,1573.0170994844532,1515.6584649176168,1562.5882568359375,1100,0.0,0.0
2021-04-23 00:00:00+09:00,1527.825439453125,1561.7191778710271,1527.825439453125,1527.825439453125,1500,0.0,0.0
2021-04-26 00:00:00+09:00,1525.2182429869108,1525.2182429869108,1520.8728918672898,1523.4801025390625,900,0.0,0.0
2021-04-27 00:00:00+09:00,1523.479990416755,1559.111866975276,1523.479990416755,1535.64697265625,1200,0.0,0.0
2021-04-28 00:00:00+09:00,1533.9090220866353,1536.516232889049,1507.8369140625,1507.8369140625,2100,0.0,0.0
2021-04-30 00:00:00+09:00,1533.039765148628,1533.039765148628,1496.538818359375,1496.538818359375,900,0.0,0.0
2021-05-06 00:00:00+09:00,1499.1461407054553,1542.5996520302513,1484.3719468550248,1529.5635986328125,1400,0.0,0.0
2021-05-07 00:00:00+09:00,1533.0400760702419,1536.516357421875,1530.432865056517,1536.516357421875,700,0.0,0.0
2021-05-10 00:00:00+09:00,1528.6945284063165,1563.4573374661531,1528.6945284063165,1529.5635986328125,1300,0.0,0.0
2021-05-11 00:00:00+09:00,1546.9450031627307,1572.1480397311122,1529.5635986328125,1529.5635986328125,1100,0.0,0.0
2021-05-12 00:00:00+09:00,1525.218344567402,1543.4688204853026,1493.062744140625,1493.062744140625,1200,0.0,0.0
2021-05-13 00:00:00+09:00,1500.0150800838026,1524.3490443030068,1494.8006591796875,1494.8006591796875,700,0.0,0.0
2021-05-14 00:00:00+09:00,1501.753262463343,1503.4914028134162,1477.4192975623166,1481.7646484375,2700,0.0,0.0
2021-05-17 00:00:00+09:00,1520.8729105457621,1533.9089640647258,1520.8729105457621,1525.21826171875,2100,0.0,0.0
2021-05-18 00:00:00+09:00,1497.4080810546875,1497.4080810546875,1497.4080810546875,1497.4080810546875,100,0.0,0.0
2021-05-19 00:00:00+09:00,1500.01524447348,1504.360595703125,1500.01524447348,1504.360595703125,400,0.0,0.0
2021-05-20 00:00:00+09:00,1503.4913757078816,1513.0511474609375,1503.4913757078816,1513.0511474609375,200,0.0,0.0
2021-05-21 00:00:00+09:00,1513.0512415789176,1513.0512415789176,1499.1461181640625,1499.1461181640625,900,0.0,0.0
2021-05-24 00:00:00+09:00,1499.1461181640625,1499.1461181640625,1499.1461181640625,1499.1461181640625,0,0.0,0.0
2021-05-25 00:00:00+09:00,1482.6339271835802,1506.9678955078125,1482.6339271835802,1506.9678955078125,500,0.0,0.0
2021-05-26 00:00:00+09:00,1506.9678955078125,1506.9678955078125,1506.9678955078125,1506.9678955078125,0,0.0,0.0
2021-05-27 00:00:00+09:00,1506.9676186886063,1509.5748291015625,1506.9676186886063,1509.5748291015625,200,0.0,0.0
2021-05-28 00:00:00+09:00,1509.575162058863,1512.182373046875,1509.575162058863,1512.182373046875,200,0.0,0.0
2021-05-31 00:00:00+09:00,1512.1820395145185,1520.0036707533866,1509.5748291015625,1509.5748291015625,800,0.0,0.0
2021-06-01 00:00:00+09:00,1530.432707511103,1530.432707511103,1510.444091796875,1510.444091796875,200,0.0,0.0
2021-06-02 00:00:00+09:00,1510.4440536499023,1529.5635986328125,1510.4440536499023,1529.5635986328125,200,0.0,0.0
2021-06-03 00:00:00+09:00,1530.432561532759,1547.81396484375,1530.432561532759,1547.81396484375,500,0.0,0.0
2021-06-04 00:00:00+09:00,1548.6830350092996,1584.3149117968312,1547.81396484375,1547.81396484375,1500,0.0,0.0
2021-06-07 00:00:00+09:00,1542.5997314453125,1542.5997314453125,1542.5997314453125,1542.5997314453125,100,0.0,0.0
2021-06-08 00:00:00+09:00,1558.2429386234548,1559.9810791015625,1558.2429386234548,1559.9810791015625,700,0.0,0.0
2021-06-09 00:00:00+09:00,1559.981116421558,1563.4573974609375,1559.981116421558,1563.4573974609375,300,0.0,0.0
2021-06-10 00:00:00+09:00,1565.1954345703125,1565.1954345703125,1565.1954345703125,1565.1954345703125,200,0.0,0.0
2021-06-11 00:00:00+09:00,1563.4572237820096,1564.3262939453125,1562.5881536187067,1564.3262939453125,500,0.0,0.0
2021-06-14 00:00:00+09:00,1564.3263736441118,1577.3624267578125,1564.3263736441118,1577.3624267578125,200,0.0,0.0
2021-06-15 00:00:00+09:00,1599.0891401268598,1635.590087890625,1590.3984382783442,1635.590087890625,1100,0.0,0.0
2021-06-16 00:00:00+09:00,1626.030399992824,1632.1138916015625,1626.030399992824,1632.1138916015625,200,0.0,0.0
2021-06-17 00:00:00+09:00,1616.4706786719166,1631.244873046875,1616.4706786719166,1631.244873046875,1200,0.0,0.0
2021-06-18 00:00:00+09:00,1638.197509765625,1638.197509765625,1638.197509765625,1638.197509765625,3500,0.0,0.0
2021-06-21 00:00:00+09:00,1638.1972984451797,1638.1972984451797,1635.590087890625,1635.590087890625,700,0.0,0.0
2021-06-22 00:00:00+09:00,1635.590087890625,1635.590087890625,1635.590087890625,1635.590087890625,0,0.0,0.0
2021-06-23 00:00:00+09:00,1616.470458984375,1616.470458984375,1616.470458984375,1616.470458984375,100,0.0,0.0
2021-06-24 00:00:00+09:00,1616.470458984375,1616.470458984375,1616.470458984375,1616.470458984375,300,0.0,0.0
2021-06-25 00:00:00+09:00,1616.4705294322607,1617.339599609375,1616.4705294322607,1617.339599609375,300,0.0,0.0
2021-06-28 00:00:00+09:00,1616.4705252140127,1633.8519287109375,1616.4705252140127,1633.8519287109375,900,0.0,0.0
2021-06-29 00:00:00+09:00,1637.3282470703125,1638.197317265148,1625.1612643426138,1637.3282470703125,2200,0.0,0.0
2021-06-30 00:00:00+09:00,1621.685021493949,1621.685021493949,1595.6129150390625,1595.6129150390625,2200,0.0,0.0
2021-07-01 00:00:00+09:00,1572.14794921875,1572.14794921875,1572.14794921875,1572.14794921875,100,0.0,0.0
2021-07-02 00:00:00+09:00,1607.780029296875,1607.780029296875,1607.780029296875,1607.780029296875,100,0.0,0.0
2021-07-05 00:00:00+09:00,1607.780029296875,1607.780029296875,1607.780029296875,1607.780029296875,100,0.0,0.0
2021-07-06 00:00:00+09:00,1607.780029296875,1607.780029296875,1607.780029296875,1607.780029296875,100,0.0,0.0
2021-07-07 00:00:00+09:00,1607.780029296875,1607.780029296875,1607.780029296875,1607.780029296875,0,0.0,0.0
2021-07-08 00:00:00+09:00,1607.780029296875,1607.780029296875,1607.780029296875,1607.780029296875,0,0.0,0.0
2021-07-09 00:00:00+09:00,1607.780029296875,1607.780029296875,1607.780029296875,1607.780029296875,500,0.0,0.0
2021-07-12 00:00:00+09:00,1607.780029296875,1607.780029296875,1607.780029296875,1607.780029296875,100,0.0,0.0
2021-07-13 00:00:00+09:00,1607.780029296875,1607.780029296875,1607.780029296875,1607.780029296875,1500,0.0,0.0
2021-07-14 00:00:00+09:00,1607.780029296875,1607.780029296875,1607.780029296875,1607.780029296875,0,0.0,0.0
2021-07-15 00:00:00+09:00,1607.780029296875,1607.780029296875,1607.780029296875,1607.780029296875,500,0.0,0.0
2021-07-16 00:00:00+09:00,1607.780029296875,1607.780029296875,1606.9109590107685,1607.780029296875,700,0.0,0.0
2021-07-19 00:00:00+09:00,1607.780029296875,1607.780029296875,1607.780029296875,1607.780029296875,0,0.0,0.0
2021-07-20 00:00:00+09:00,1616.4706230061631,1626.0303955078125,1616.4706230061631,1626.0303955078125,900,0.0,0.0
2021-07-21 00:00:00+09:00,1604.3034805886323,1604.3034805886323,1599.9581298828125,1599.9581298828125,1800,0.0,0.0
2021-07-26 00:00:00+09:00,1556.5046955889159,1584.31494140625,1556.5046955889159,1584.31494140625,200,0.0,0.0
2021-07-27 00:00:00+09:00,1584.31494140625,1584.31494140625,1584.31494140625,1584.31494140625,0,0.0,0.0
2021-07-28 00:00:00+09:00,1542.5996808733257,1542.5996808733257,1489.5863960658482,1520.8729248046875,1100,0.0,0.0
2021-07-29 00:00:00+09:00,1520.8729248046875,1520.8729248046875,1520.8729248046875,1520.8729248046875,0,0.0,0.0
2021-07-30 00:00:00+09:00,1553.028422502586,1553.028422502586,1483.5028076171875,1483.5028076171875,600,0.0,0.0
2021-08-02 00:00:00+09:00,1483.5027560160368,1484.371826171875,1483.5027560160368,1484.371826171875,300,0.0,0.0
2021-08-03 00:00:00+09:00,1494.8008142381334,1494.8008142381334,1492.193603515625,1492.193603515625,200,0.0,0.0
2021-08-04 00:00:00+09:00,1482.6337890625,1482.6337890625,1482.6337890625,1482.6337890625,100,0.0,0.0
2021-08-05 00:00:00+09:00,1482.6337890625,1482.6337890625,1482.6337890625,1482.6337890625,300,0.0,0.0
2021-08-06 00:00:00+09:00,1482.6337890625,1482.6337890625,1482.6337890625,1482.6337890625,0,0.0,0.0
2021-08-10 00:00:00+09:00,1482.6337890625,1482.6337890625,1482.6337890625,1482.6337890625,0,0.0,0.0
2021-08-11 00:00:00+09:00,1503.491455078125,1503.491455078125,1503.491455078125,1503.491455078125,100,0.0,0.0
2021-08-12 00:00:00+09:00,1503.491455078125,1503.491455078125,1503.491455078125,1503.491455078125,1800,0.0,0.0
2021-08-13 00:00:00+09:00,1490.4554111585705,1515.658447265625,1490.4554111585705,1515.658447265625,200,0.0,0.0
2021-08-16 00:00:00+09:00,1515.658447265625,1515.658447265625,1515.658447265625,1515.658447265625,0,0.0,0.0
2021-08-17 00:00:00+09:00,1515.658447265625,1515.658447265625,1515.658447265625,1515.658447265625,0,0.0,0.0
2021-08-18 00:00:00+09:00,1478.2883677373534,1486.97906948772,1478.2883677373534,1481.7646484375,1600,0.0,0.0
2021-08-19 00:00:00+09:00,1480.0267148115997,1480.0267148115997,1478.28857421875,1478.28857421875,600,0.0,0.0
2021-08-20 00:00:00+09:00,1478.2884333960233,1481.76471425057,1468.7286610460196,1476.55029296875,700,0.0,0.0
2021-08-23 00:00:00+09:00,1468.7287240889148,1516.527587890625,1468.7287240889148,1516.527587890625,1800,0.0,0.0
2021-08-24 00:00:00+09:00,1481.7648138463849,1481.7648138463849,1468.728759765625,1468.728759765625,400,0.0,0.0
2021-08-25 00:00:00+09:00,1468.7285672284358,1468.7285672284358,1464.383216437819,1467.8594970703125,1100,0.0,0.0
2021-08-26 00:00:00+09:00,1467.8594970703125,1467.8594970703125,1467.8594970703125,1467.8594970703125,100,0.0,0.0
2021-08-27 00:00:00+09:00,1467.8594970703125,1467.8594970703125,1467.8594970703125,1467.8594970703125,0,0.0,0.0
2021-08-30 00:00:00+09:00,1467.8594970703125,1467.8594970703125,1467.8594970703125,1467.8594970703125,0,0.0,0.0
2021-08-31 00:00:00+09:00,1480.0264792840392,1480.0264792840392,1467.8594970703125,1467.8594970703125,1800,0.0,0.0
2021-09-01 00:00:00+09:00,1470.4667544662775,1470.4667544662775,1460.906982421875,1460.906982421875,900,0.0,0.0
2021-09-02 00:00:00+09:00,1460.906982421875,1460.906982421875,1460.906982421875,1460.906982421875,100,0.0,0.0
2021-09-03 00:00:00+09:00,1463.5142822265625,1463.5142822265625,1463.5142822265625,1463.5142822265625,100,0.0,0.0
2021-09-06 00:00:00+09:00,1480.0265080874267,1481.7646484375,1480.0265080874267,1481.7646484375,200,0.0,0.0
2021-09-07 00:00:00+09:00,1510.444091796875,1510.444091796875,1510.444091796875,1510.444091796875,100,0.0,0.0
2021-09-08 00:00:00+09:00,1510.444091796875,1510.444091796875,1510.444091796875,1510.444091796875,100,0.0,0.0
2021-09-09 00:00:00+09:00,1477.4193257803422,1495.6697998046875,1477.4193257803422,1495.6697998046875,400,0.0,0.0
2021-09-10 00:00:00+09:00,1480.026399787454,1480.026399787454,1464.3831377814797,1477.419189453125,500,0.0,0.0
2021-09-13 00:00:00+09:00,1495.6698693596254,1519.134765625,1486.9791670391162,1519.134765625,1000,0.0,0.0
2021-09-14 00:00:00+09:00,1518.2656196485764,1518.2656196485764,1466.990478515625,1466.990478515625,700,0.0,0.0
2021-09-15 00:00:00+09:00,1501.7533436024203,1501.7533436024203,1472.2049560546875,1472.2049560546875,300,0.0,0.0
2021-09-16 00:00:00+09:00,1468.728759765625,1468.728759765625,1468.728759765625,1468.728759765625,400,0.0,0.0
2021-09-17 00:00:00+09:00,1468.728759765625,1468.728759765625,1468.728759765625,1468.728759765625,0,0.0,0.0
2021-09-21 00:00:00+09:00,1495.6697432181577,1495.6697432181577,1490.455322265625,1490.455322265625,800,0.0,0.0
2021-09-22 00:00:00+09:00,1490.455322265625,1490.455322265625,1490.455322265625,1490.455322265625,2000,0.0,0.0
2021-09-24 00:00:00+09:00,1490.455322265625,1490.455322265625,1490.455322265625,1490.455322265625,0,0.0,0.0
2021-09-27 00:00:00+09:00,1489.5863037109375,1489.5863037109375,1489.5863037109375,1489.5863037109375,100,0.0,0.0
2021-09-28 00:00:00+09:00,1490.455322265625,1490.455322265625,1490.455322265625,1490.455322265625,1000,0.0,0.0
2021-09-29 00:00:00+09:00,1487.8173828125,1487.8173828125,1487.8173828125,1487.8173828125,600,20.0,0.0
2021-09-30 00:00:00+09:00,1487.8174696632398,1487.8174696632398,1477.2655727152735,1478.1448974609375,800,0.0,0.0
2021-10-01 00:00:00+09:00,1478.1448974609375,1478.1448974609375,1478.1448974609375,1478.1448974609375,0,0.0,0.0
2021-10-04 00:00:00+09:00,1478.1448974609375,1478.1448974609375,1478.1448974609375,1478.1448974609375,0,0.0,0.0
2021-10-05 00:00:00+09:00,1468.4722900390625,1468.4722900390625,1468.4722900390625,1468.4722900390625,2200,0.0,0.0
2021-10-06 00:00:00+09:00,1446.4892404267282,1450.8858642578125,1446.4892404267282,1450.8858642578125,1000,0.0,0.0
2021-10-07 00:00:00+09:00,1434.178763285444,1434.178763285444,1433.2994384765625,1433.2994384765625,900,0.0,0.0
2021-10-08 00:00:00+09:00,1433.2994384765625,1433.2994384765625,1433.2994384765625,1433.2994384765625,0,0.0,0.0
2021-10-11 00:00:00+09:00,1442.0926513671875,1442.0926513671875,1442.0926513671875,1442.0926513671875,100,0.0,0.0
2021-10-12 00:00:00+09:00,1442.0926513671875,1442.0926513671875,1442.0926513671875,1442.0926513671875,0,0.0,0.0
2021-10-13 00:00:00+09:00,1442.0926513671875,1442.0926513671875,1442.0926513671875,1442.0926513671875,0,0.0,0.0
2021-10-14 00:00:00+09:00,1442.0926513671875,1442.0926513671875,1442.0926513671875,1442.0926513671875,0,0.0,0.0
2021-10-15 00:00:00+09:00,1442.0926513671875,1442.0926513671875,1442.0926513671875,1442.0926513671875,0,0.0,0.0
2021-10-18 00:00:00+09:00,1442.0926513671875,1442.0926513671875,1442.0926513671875,1442.0926513671875,0,0.0,0.0
2021-10-19 00:00:00+09:00,1442.0926513671875,1442.0926513671875,1442.0926513671875,1442.0926513671875,0,0.0,0.0
2021-10-20 00:00:00+09:00,1472.868896484375,1472.868896484375,1472.868896484375,1472.868896484375,200,0.0,0.0
2021-10-21 00:00:00+09:00,1478.1448787548265,1494.8520487110084,1451.76513671875,1451.76513671875,1100,0.0,0.0
2021-10-22 00:00:00+09:00,1451.76513671875,1451.76513671875,1451.76513671875,1451.76513671875,0,0.0,0.0
2021-10-25 00:00:00+09:00,1451.76513671875,1451.76513671875,1451.76513671875,1451.76513671875,0,0.0,0.0
2021-10-26 00:00:00+09:00,1451.76513671875,1451.76513671875,1451.76513671875,1451.76513671875,100,0.0,0.0
2021-10-27 00:00:00+09:00,1451.76513671875,1451.76513671875,1451.76513671875,1451.76513671875,100,0.0,0.0
2021-10-28 00:00:00+09:00,1450.8858642578125,1450.8858642578125,1450.8858642578125,1450.8858642578125,200,0.0,0.0
2021-10-29 00:00:00+09:00,1486.058837890625,1486.058837890625,1486.058837890625,1486.058837890625,200,0.0,0.0
2021-11-01 00:00:00+09:00,1486.93798828125,1486.93798828125,1486.93798828125,1486.93798828125,200,0.0,0.0
2021-11-02 00:00:00+09:00,1486.93798828125,1486.93798828125,1486.93798828125,1486.93798828125,200,0.0,0.0
2021-11-04 00:00:00+09:00,1494.8521025686553,1494.8521025686553,1450.8858642578125,1450.8858642578125,1400,0.0,0.0
2021-11-05 00:00:00+09:00,1452.6444614532859,1452.6444614532859,1451.76513671875,1451.76513671875,200,0.0,0.0
2021-11-08 00:00:00+09:00,1451.76513671875,1451.76513671875,1451.76513671875,1451.76513671875,0,0.0,0.0
2021-11-09 00:00:00+09:00,1450.885934654189,1450.885934654189,1433.2994384765625,1433.2994384765625,900,0.0,0.0
2021-11-10 00:00:00+09:00,1433.2994384765625,1433.2994384765625,1433.2994384765625,1433.2994384765625,0,0.0,0.0
2021-11-11 00:00:00+09:00,1433.2994384765625,1433.2994384765625,1433.2994384765625,1433.2994384765625,0,0.0,0.0
2021-11-12 00:00:00+09:00,1450.8859845821848,1475.507080078125,1450.8859845821848,1475.507080078125,600,0.0,0.0
2021-11-15 00:00:00+09:00,1475.5069754464287,1475.5069754464287,1440.333984375,1440.333984375,300,0.0,0.0
2021-11-16 00:00:00+09:00,1440.333984375,1440.333984375,1440.333984375,1440.333984375,100,0.0,0.0
2021-11-17 00:00:00+09:00,1433.2994387022009,1433.2994387022009,1427.1441650390625,1427.1441650390625,700,0.0,0.0
2021-11-18 00:00:00+09:00,1427.1441650390625,1427.1441650390625,1427.1441650390625,1427.1441650390625,0,0.0,0.0
2021-11-19 00:00:00+09:00,1455.2823486328125,1455.2823486328125,1455.2823486328125,1455.2823486328125,100,0.0,0.0
2021-11-22 00:00:00+09:00,1467.593017578125,1467.593017578125,1467.593017578125,1467.593017578125,500,0.0,0.0
2021-11-24 00:00:00+09:00,1467.5929101323732,1467.5929101323732,1438.5751953125,1438.5751953125,300,0.0,0.0
2021-11-25 00:00:00+09:00,1438.5751953125,1438.5751953125,1438.5751953125,1438.5751953125,100,0.0,0.0
2021-11-26 00:00:00+09:00,1435.0579483069719,1435.0579483069719,1429.7819999676078,1431.5406494140625,1000,0.0,0.0
2021-11-29 00:00:00+09:00,1466.7136746634833,1466.7136746634833,1447.3685302734375,1447.3685302734375,200,0.0,0.0
2021-11-30 00:00:00+09:00,1447.3685302734375,1481.662195328519,1447.3685302734375,1447.3685302734375,1500,0.0,0.0
2021-12-01 00:00:00+09:00,1447.3685486201,1486.058837890625,1447.3685486201,1486.058837890625,800,0.0,0.0
2021-12-02 00:00:00+09:00,1486.05889014478,1497.4901123766629,1486.05889014478,1491.3348388671875,500,0.0,0.0
2021-12-03 00:00:00+09:00,1556.4047113462937,1556.4047113462937,1486.058735692224,1512.4384765625,4100,0.0,0.0
2021-12-06 00:00:00+09:00,1455.2823486328125,1455.2823486328125,1455.2823486328125,1455.2823486328125,100,0.0,0.0
2021-12-07 00:00:00+09:00,1481.6622314453125,1481.6622314453125,1481.6622314453125,1481.6622314453125,100,0.0,0.0
2021-12-08 00:00:00+09:00,1481.6622314453125,1481.6622314453125,1481.6622314453125,1481.6622314453125,0,0.0,0.0
2021-12-09 00:00:00+09:00,1481.6622314453125,1481.6622314453125,1481.6622314453125,1481.6622314453125,0,0.0,0.0
2021-12-10 00:00:00+09:00,1481.6622314453125,1481.6622314453125,1481.6622314453125,1481.6622314453125,0,0.0,0.0
2021-12-13 00:00:00+09:00,1433.2993336838942,1433.2993336838942,1428.9027099609375,1428.9027099609375,800,0.0,0.0
2021-12-14 00:00:00+09:00,1428.9027099609375,1428.9027099609375,1428.9027099609375,1428.9027099609375,0,0.0,0.0
2021-12-15 00:00:00+09:00,1428.9027099609375,1428.9027099609375,1428.9027099609375,1428.9027099609375,0,0.0,0.0
2021-12-16 00:00:00+09:00,1430.661326882368,1468.4722900390625,1430.661326882368,1468.4722900390625,300,0.0,0.0
2021-12-17 00:00:00+09:00,1468.4722900390625,1468.4722900390625,1468.4722900390625,1468.4722900390625,300,0.0,0.0
2021-12-20 00:00:00+09:00,1449.127146098428,1477.2655372848053,1449.127146098428,1468.4722900390625,900,0.0,0.0
2021-12-21 00:00:00+09:00,1501.8868616044665,1501.8868616044665,1466.7138671875,1466.7138671875,2100,0.0,0.0
2021-12-22 00:00:00+09:00,1466.7138671875,1466.7138671875,1466.7138671875,1466.7138671875,0,0.0,0.0
2021-12-23 00:00:00+09:00,1466.7138671875,1466.7138671875,1466.7138671875,1466.7138671875,0,0.0,0.0
2021-12-24 00:00:00+09:00,1450.8858642578125,1450.8858642578125,1450.8858642578125,1450.8858642578125,100,0.0,0.0
2021-12-27 00:00:00+09:00,1450.8858642578125,1450.8858642578125,1450.8858642578125,1450.8858642578125,1000,0.0,0.0
2021-12-28 00:00:00+09:00,1477.2655560661765,1494.85205078125,1477.2655560661765,1494.85205078125,300,0.0,0.0
2021-12-29 00:00:00+09:00,1503.6452273105053,1503.6452273105053,1487.8173828125,1487.8173828125,500,0.0,0.0
2021-12-30 00:00:00+09:00,1522.9906005859375,1522.9906005859375,1522.1112757588094,1522.9906005859375,1900,0.0,0.0
2022-01-04 00:00:00+09:00,1522.9906005859375,1522.9906005859375,1522.9906005859375,1522.9906005859375,0,0.0,0.0
2022-01-05 00:00:00+09:00,1487.8173828125,1487.8173828125,1487.8173828125,1487.8173828125,100,0.0,0.0
2022-01-06 00:00:00+09:00,1487.8173828125,1487.8173828125,1487.8173828125,1487.8173828125,0,0.0,0.0
2022-01-07 00:00:00+09:00,1486.0587499709357,1486.0587499709357,1477.2655029296875,1477.2655029296875,200,0.0,0.0
2022-01-11 00:00:00+09:00,1477.2655029296875,1477.2655029296875,1477.2655029296875,1477.2655029296875,0,0.0,0.0
2022-01-12 00:00:00+09:00,1477.2655029296875,1477.2655029296875,1477.2655029296875,1477.2655029296875,100,0.0,0.0
2022-01-13 00:00:00+09:00,1477.2655029296875,1477.2655029296875,1477.2655029296875,1477.2655029296875,0,0.0,0.0
2022-01-14 00:00:00+09:00,1468.4723595821497,1468.4723595821497,1450.8858642578125,1450.8858642578125,600,0.0,0.0
2022-01-17 00:00:00+09:00,1451.7652064732142,1451.7652064732142,1414.8335658482142,1415.712890625,1300,0.0,0.0
2022-01-18 00:00:00+09:00,1415.712890625,1415.712890625,1415.712890625,1415.712890625,0,0.0,0.0
2022-01-19 00:00:00+09:00,1415.712890625,1415.712890625,1415.712890625,1415.712890625,0,0.0,0.0
2022-01-20 00:00:00+09:00,1439.4546422969934,1450.8858642578125,1439.4546422969934,1450.8858642578125,200,0.0,0.0
2022-01-21 00:00:00+09:00,1464.955078125,1464.955078125,1464.955078125,1464.955078125,400,0.0,0.0
2022-01-24 00:00:00+09:00,1464.955078125,1464.955078125,1464.955078125,1464.955078125,0,0.0,0.0
2022-01-25 00:00:00+09:00,1464.955078125,1464.955078125,1464.955078125,1464.955078125,0,0.0,0.0
2022-01-26 00:00:00+09:00,1428.9027099609375,1428.9027099609375,1428.9027099609375,1428.9027099609375,100,0.0,0.0
2022-01-27 00:00:00+09:00,1416.5924072265625,1416.5924072265625,1416.5924072265625,1416.5924072265625,100,0.0,0.0
2022-01-28 00:00:00+09:00,1416.5924072265625,1416.5924072265625,1416.5924072265625,1416.5924072265625,100,0.0,0.0
2022-01-31 00:00:00+09:00,1418.3506947890671,1453.523681640625,1418.3506947890671,1453.523681640625,400,0.0,0.0
2022-02-01 00:00:00+09:00,1418.350830078125,1418.350830078125,1418.350830078125,1418.350830078125,100,0.0,0.0
2022-02-02 00:00:00+09:00,1418.350830078125,1418.350830078125,1418.350830078125,1418.350830078125,0,0.0,0.0
2022-02-03 00:00:00+09:00,1418.350830078125,1418.350830078125,1418.350830078125,1418.350830078125,0,0.0,0.0
2022-02-04 00:00:00+09:00,1413.0747467613335,1453.523681640625,1413.0747467613335,1453.523681640625,1400,0.0,0.0
2022-02-07 00:00:00+09:00,1453.523681640625,1453.523681640625,1453.523681640625,1453.523681640625,900,0.0,0.0
2022-02-08 00:00:00+09:00,1453.523681640625,1453.523681640625,1453.523681640625,1453.523681640625,0,0.0,0.0
2022-02-09 00:00:00+09:00,1453.523681640625,1453.523681640625,1453.523681640625,1453.523681640625,0,0.0,0.0
2022-02-10 00:00:00+09:00,1453.523681640625,1453.523681640625,1453.523681640625,1453.523681640625,0,0.0,0.0
2022-02-14 00:00:00+09:00,1453.523681640625,1453.523681640625,1453.523681640625,1453.523681640625,100,0.0,0.0
2022-02-15 00:00:00+09:00,1453.523681640625,1453.523681640625,1453.523681640625,1453.523681640625,100,0.0,0.0
2022-02-16 00:00:00+09:00,1456.1618128551136,1464.0757357510654,1450.8858642578125,1450.8858642578125,800,0.0,0.0
2022-02-17 00:00:00+09:00,1450.8858642578125,1450.8858642578125,1450.8858642578125,1450.8858642578125,100,0.0,0.0
2022-02-18 00:00:00+09:00,1455.2825748326898,1465.83447265625,1455.2825748326898,1465.83447265625,400,0.0,0.0
2022-02-21 00:00:00+09:00,1439.4547121387318,1447.3686354186636,1433.2994384765625,1433.2994384765625,1300,0.0,0.0
2022-02-22 00:00:00+09:00,1433.2994384765625,1433.2994384765625,1433.2994384765625,1433.2994384765625,0,0.0,0.0
2022-02-24 00:00:00+09:00,1418.350830078125,1418.350830078125,1418.350830078125,1418.350830078125,200,0.0,0.0
2022-02-25 00:00:00+09:00,1418.350830078125,1418.350830078125,1418.350830078125,1418.350830078125,1500,0.0,0.0
2022-02-28 00:00:00+09:00,1416.5924072265625,1416.5924072265625,1416.5924072265625,1416.5924072265625,500,0.0,0.0
2022-03-01 00:00:00+09:00,1414.8333740234375,1414.8333740234375,1414.8333740234375,1414.8333740234375,200,0.0,0.0
2022-03-02 00:00:00+09:00,1414.8333740234375,1414.8333740234375,1414.8333740234375,1414.8333740234375,0,0.0,0.0
2022-03-03 00:00:00+09:00,1414.8333740234375,1414.8333740234375,1414.8333740234375,1414.8333740234375,0,0.0,0.0
2022-03-04 00:00:00+09:00,1414.8337069354966,1414.8337069354966,1398.126534510528,1399.005859375,600,0.0,0.0
2022-03-07 00:00:00+09:00,1399.005545370234,1399.005545370234,1398.126220703125,1398.126220703125,400,0.0,0.0
2022-03-08 00:00:00+09:00,1389.3331298828125,1389.3331298828125,1389.3331298828125,1389.3331298828125,300,0.0,0.0
2022-03-09 00:00:00+09:00,1384.9365234375,1384.9365234375,1384.9365234375,1384.9365234375,100,0.0,0.0
2022-03-10 00:00:00+09:00,1314.590455704587,1339.2115478515625,1314.590455704587,1339.2115478515625,1000,0.0,0.0
2022-03-11 00:00:00+09:00,1332.1770193339974,1332.1770193339974,1327.7803955078125,1327.7803955078125,200,0.0,0.0
2022-03-14 00:00:00+09:00,1327.7803955078125,1327.7803955078125,1327.7803955078125,1327.7803955078125,0,0.0,0.0
2022-03-15 00:00:00+09:00,1327.7803955078125,1327.7803955078125,1327.7803955078125,1327.7803955078125,0,0.0,0.0
2022-03-16 00:00:00+09:00,1335.6942520576463,1388.4537353515625,1335.6942520576463,1388.4537353515625,1300,0.0,0.0
2022-03-17 00:00:00+09:00,1388.4537353515625,1388.4537353515625,1388.4537353515625,1388.4537353515625,0,0.0,0.0
2022-03-18 00:00:00+09:00,1384.9365234375,1384.9365234375,1354.16015625,1354.16015625,800,0.0,0.0
2022-03-22 00:00:00+09:00,1388.4535904029617,1389.3329150327293,1355.039254471795,1355.9185791015625,1000,0.0,0.0
2022-03-23 00:00:00+09:00,1355.9185791015625,1355.9185791015625,1355.9185791015625,1355.9185791015625,2200,0.0,0.0
2022-03-24 00:00:00+09:00,1354.16015625,1354.16015625,1354.16015625,1354.16015625,200,0.0,0.0
2022-03-25 00:00:00+09:00,1354.16015625,1354.16015625,1354.16015625,1354.16015625,0,0.0,0.0
2022-03-28 00:00:00+09:00,1354.16015625,1354.16015625,1354.16015625,1354.16015625,0,0.0,0.0
2022-03-29 00:00:00+09:00,1354.16015625,1354.16015625,1354.16015625,1354.16015625,0,0.0,0.0
2022-03-30 00:00:00+09:00,1390.27099609375,1390.27099609375,1390.27099609375,1390.27099609375,0,40.0,0.0
2022-03-31 00:00:00+09:00,1426.382080078125,1426.382080078125,1426.382080078125,1426.382080078125,200,0.0,0.0
2022-04-01 00:00:00+09:00,1426.382080078125,1426.382080078125,1426.382080078125,1426.382080078125,200,0.0,0.0
2022-04-04 00:00:00+09:00,1426.382080078125,1426.382080078125,1426.382080078125,1426.382080078125,200,0.0,0.0
2022-04-05 00:00:00+09:00,1426.382080078125,1426.382080078125,1426.382080078125,1426.382080078125,0,0.0,0.0
2022-04-06 00:00:00+09:00,1426.382080078125,1426.382080078125,1426.382080078125,1426.382080078125,0,0.0,0.0
2022-04-07 00:00:00+09:00,1426.3820214781902,1426.3820214781902,1425.479248046875,1425.479248046875,200,0.0,0.0
2022-04-08 00:00:00+09:00,1389.3683932702518,1394.7850341796875,1371.3129235721328,1394.7850341796875,1500,0.0,0.0
2022-04-11 00:00:00+09:00,1394.7850341796875,1394.7850341796875,1394.7850341796875,1394.7850341796875,0,0.0,0.0
2022-04-12 00:00:00+09:00,1354.16015625,1354.16015625,1354.16015625,1354.16015625,200,0.0,0.0
2022-04-13 00:00:00+09:00,1349.6461181640625,1349.6461181640625,1349.6461181640625,1349.6461181640625,400,0.0,0.0
2022-04-14 00:00:00+09:00,1349.6461181640625,1349.6461181640625,1349.6461181640625,1349.6461181640625,0,0.0,0.0
2022-04-15 00:00:00+09:00,1349.6461181640625,1349.6461181640625,1349.6461181640625,1349.6461181640625,0,0.0,0.0
2022-04-18 00:00:00+09:00,1360.4796417532614,1394.7850341796875,1360.4796417532614,1394.7850341796875,400,0.0,0.0
2022-04-19 00:00:00+09:00,1358.6739998841897,1408.3265380859375,1358.6739998841897,1408.3265380859375,800,0.0,0.0
2022-04-20 00:00:00+09:00,1408.3265380859375,1408.3265380859375,1408.3265380859375,1408.3265380859375,0,0.0,0.0
2022-04-21 00:00:00+09:00,1420.965341672472,1420.965341672472,1417.354248046875,1417.354248046875,600,0.0,0.0
2022-04-22 00:00:00+09:00,1417.354248046875,1417.354248046875,1417.354248046875,1417.354248046875,0,0.0,0.0
2022-04-25 00:00:00+09:00,1425.479306609721,1426.382080078125,1425.479306609721,1426.382080078125,300,0.0,0.0
2022-04-26 00:00:00+09:00,1426.382080078125,1426.382080078125,1426.382080078125,1426.382080078125,0,0.0,0.0
2022-04-27 00:00:00+09:00,1426.382080078125,1426.382080078125,1426.382080078125,1426.382080078125,0,0.0,0.0
2022-04-28 00:00:00+09:00,1426.3819821108677,1426.3819821108677,1417.354248046875,1417.354248046875,400,0.0,0.0
2022-05-02 00:00:00+09:00,1356.8683844022378,1365.8961181640625,1356.8683844022378,1365.8961181640625,200,0.0,0.0
2022-05-06 00:00:00+09:00,1365.8961181640625,1365.8961181640625,1365.8961181640625,1365.8961181640625,0,0.0,0.0
2022-05-09 00:00:00+09:00,1365.8961181640625,1365.8961181640625,1365.8961181640625,1365.8961181640625,200,0.0,0.0
2022-05-10 00:00:00+09:00,1411.0348579530996,1417.3542719042653,1385.7572021484375,1385.7572021484375,300,0.0,0.0
2022-05-11 00:00:00+09:00,1417.354248046875,1417.354248046875,1417.354248046875,1417.354248046875,100,0.0,0.0
2022-05-12 00:00:00+09:00,1417.354248046875,1417.354248046875,1417.354248046875,1417.354248046875,0,0.0,0.0
2022-05-13 00:00:00+09:00,1417.354248046875,1417.354248046875,1417.354248046875,1417.354248046875,0,0.0,0.0
2022-05-16 00:00:00+09:00,1417.354248046875,1417.354248046875,1417.354248046875,1417.354248046875,0,0.0,0.0
2022-05-17 00:00:00+09:00,1417.354248046875,1417.354248046875,1417.354248046875,1417.354248046875,1800,0.0,0.0
2022-05-18 00:00:00+09:00,1417.354248046875,1417.354248046875,1417.354248046875,1417.354248046875,0,0.0,0.0
2022-05-19 00:00:00+09:00,1417.354248046875,1417.354248046875,1417.354248046875,1417.354248046875,0,0.0,0.0
2022-05-20 00:00:00+09:00,1415.548828125,1415.548828125,1415.548828125,1415.548828125,200,0.0,0.0
2022-05-23 00:00:00+09:00,1415.5487984572785,1426.382080078125,1415.5487984572785,1426.382080078125,1100,0.0,0.0
2022-05-24 00:00:00+09:00,1426.3819644325658,1481.4511415404054,1355.0628662109375,1355.0628662109375,3000,0.0,0.0
2022-05-25 00:00:00+09:00,1355.0629685429092,1364.0907031767726,1355.0629685429092,1362.28515625,1000,0.0,0.0
2022-05-26 00:00:00+09:00,1372.2156982421875,1372.2156982421875,1372.2156982421875,1372.2156982421875,100,0.0,0.0
2022-05-27 00:00:00+09:00,1372.2156679010116,1405.6182861328125,1372.2156679010116,1405.6182861328125,300,0.0,0.0
2022-05-30 00:00:00+09:00,1405.6182861328125,1405.6182861328125,1405.6182861328125,1405.6182861328125,0,0.0,0.0
2022-05-31 00:00:00+09:00,1441.7292247617866,1441.7292247617866,1405.6182861328125,1405.6182861328125,300,0.0,0.0
2022-06-01 00:00:00+09:00,1405.6183172125566,1405.6183172125566,1372.2156982421875,1372.2156982421875,200,0.0,0.0
2022-06-02 00:00:00+09:00,1372.2156982421875,1372.2156982421875,1372.2156982421875,1372.2156982421875,0,0.0,0.0
2022-06-03 00:00:00+09:00,1372.215528612013,1390.27099609375,1372.215528612013,1390.27099609375,200,0.0,0.0
2022-06-06 00:00:00+09:00,1390.2711704799108,1415.548828125,1390.2711704799108,1415.548828125,200,0.0,0.0
2022-06-07 00:00:00+09:00,1415.548828125,1415.548828125,1415.548828125,1415.548828125,0,0.0,0.0
2022-06-08 00:00:00+09:00,1392.0765716392957,1392.0765716392957,1379.437744140625,1379.437744140625,300,0.0,0.0
2022-06-09 00:00:00+09:00,1379.4378125,1379.4378125,1376.7294921875,1376.7294921875,300,0.0,0.0
2022-06-10 00:00:00+09:00,1376.7294921875,1376.7294921875,1376.7294921875,1376.7294921875,0,0.0,0.0
2022-06-13 00:00:00+09:00,1381.2432861328125,1381.2432861328125,1381.2432861328125,1381.2432861328125,100,0.0,0.0
2022-06-14 00:00:00+09:00,1386.6600580270792,1400.20166015625,1386.6600580270792,1400.20166015625,600,0.0,0.0
2022-06-15 00:00:00+09:00,1417.354248046875,1417.354248046875,1417.354248046875,1417.354248046875,100,0.0,0.0
2022-06-16 00:00:00+09:00,1435.4095999220222,1438.117919921875,1433.6040532554537,1438.117919921875,700,0.0,0.0
2022-06-17 00:00:00+09:00,1442.6319727298603,1442.6319727298603,1436.3125585814817,1437.21533203125,500,0.0,0.0
2022-06-20 00:00:00+09:00,1437.2152242768757,1437.2152242768757,1431.798583984375,1431.798583984375,700,0.0,0.0
2022-06-21 00:00:00+09:00,1431.798583984375,1431.798583984375,1431.798583984375,1431.798583984375,700,0.0,0.0
2022-06-22 00:00:00+09:00,1395.6877248134697,1425.479248046875,1395.6877248134697,1425.479248046875,400,0.0,0.0
2022-06-23 00:00:00+09:00,1403.812744140625,1403.812744140625,1403.812744140625,1403.812744140625,100,0.0,0.0
2022-06-24 00:00:00+09:00,1403.812744140625,1403.812744140625,1403.812744140625,1403.812744140625,0,0.0,0.0
2022-06-27 00:00:00+09:00,1403.812744140625,1403.812744140625,1403.812744140625,1403.812744140625,300,0.0,0.0
2022-06-28 00:00:00+09:00,1426.3820069129536,1430.8958740234375,1426.3820069129536,1430.8958740234375,700,0.0,0.0
2022-06-29 00:00:00+09:00,1426.3820457697811,1439.0208740234375,1426.3820457697811,1439.0208740234375,400,0.0,0.0
2022-06-30 00:00:00+09:00,1475.131716182048,1475.131716182048,1428.1875,1428.1875,3400,0.0,0.0
2022-07-01 00:00:00+09:00,1400.20166015625,1400.20166015625,1400.20166015625,1400.20166015625,200,0.0,0.0
2022-07-04 00:00:00+09:00,1408.3265380859375,1408.3265380859375,1408.3265380859375,1408.3265380859375,100,0.0,0.0
2022-07-05 00:00:00+09:00,1390.27099609375,1390.27099609375,1390.27099609375,1390.27099609375,100,0.0,0.0
2022-07-06 00:00:00+09:00,1390.27099609375,1390.27099609375,1390.27099609375,1390.27099609375,0,0.0,0.0
2022-07-07 00:00:00+09:00,1390.27099609375,1390.27099609375,1390.27099609375,1390.27099609375,0,0.0,0.0
2022-07-08 00:00:00+09:00,1390.27099609375,1390.27099609375,1390.27099609375,1390.27099609375,0,0.0,0.0
2022-07-11 00:00:00+09:00,1390.27099609375,1390.27099609375,1390.27099609375,1390.27099609375,100,0.0,0.0
2022-07-12 00:00:00+09:00,1390.27099609375,1390.27099609375,1390.27099609375,1390.27099609375,0,0.0,0.0
2022-07-13 00:00:00+09:00,1399.298828125,1399.298828125,1399.298828125,1399.298828125,200,0.0,0.0
2022-07-14 00:00:00+09:00,1403.812744140625,1403.812744140625,1403.812744140625,1403.812744140625,200,0.0,0.0
2022-07-15 00:00:00+09:00,1403.812744140625,1403.812744140625,1403.812744140625,1403.812744140625,200,0.0,0.0
2022-07-19 00:00:00+09:00,1473.3262697124303,1473.3262697124303,1459.78466796875,1459.78466796875,300,0.0,0.0
2022-07-20 00:00:00+09:00,1473.3261872539372,1490.4788818359375,1467.0067734605684,1490.4788818359375,1700,0.0,0.0
2022-07-21 00:00:00+09:00,1543.7425440250784,1548.256411112871,1498.6038731471522,1547.3536376953125,3900,0.0,0.0
2022-07-22 00:00:00+09:00,1525.6871337890625,1525.6871337890625,1525.6871337890625,1525.6871337890625,100,0.0,0.0
2022-07-25 00:00:00+09:00,1489.576171875,1489.576171875,1489.576171875,1489.576171875,300,0.0,0.0
2022-07-26 00:00:00+09:00,1489.576171875,1489.576171875,1489.576171875,1489.576171875,0,0.0,0.0
2022-07-27 00:00:00+09:00,1489.576171875,1489.576171875,1489.576171875,1489.576171875,0,0.0,0.0
2022-07-28 00:00:00+09:00,1489.576171875,1489.576171875,1489.576171875,1489.576171875,0,0.0,0.0
2022-07-29 00:00:00+09:00,1525.6871337890625,1525.6871337890625,1525.6871337890625,1525.6871337890625,200,0.0,0.0
2022-08-01 00:00:00+09:00,1490.478964370475,1527.49267578125,1490.478964370475,1527.49267578125,200,0.0,0.0
2022-08-02 00:00:00+09:00,1525.687035696847,1525.687035696847,1507.6315678187777,1516.6593017578125,1900,0.0,0.0
2022-08-03 00:00:00+09:00,1516.6593017578125,1516.6593017578125,1516.6593017578125,1516.6593017578125,0,0.0,0.0
2022-08-04 00:00:00+09:00,1503.1177978515625,1503.1177978515625,1503.1177978515625,1503.1177978515625,400,0.0,0.0
2022-08-05 00:00:00+09:00,1512.1453857421875,1512.1453857421875,1512.1453857421875,1512.1453857421875,100,0.0,0.0
2022-08-08 00:00:00+09:00,1512.1453857421875,1512.1453857421875,1512.1453857421875,1512.1453857421875,0,0.0,0.0
2022-08-09 00:00:00+09:00,1512.1453857421875,1512.1453857421875,1512.1453857421875,1512.1453857421875,100,0.0,0.0
2022-08-10 00:00:00+09:00,1512.1455316571382,1548.2564697265625,1512.1455316571382,1548.2564697265625,400,0.0,0.0
2022-08-12 00:00:00+09:00,1581.6590625000001,1606.9367187500002,1579.853515625,1579.853515625,1600,0.0,0.0
2022-08-15 00:00:00+09:00,1567.21463821766,1567.21463821766,1552.770263671875,1552.770263671875,700,0.0,0.0
2022-08-16 00:00:00+09:00,1552.770263671875,1552.770263671875,1552.770263671875,1552.770263671875,0,0.0,0.0
2022-08-17 00:00:00+09:00,1552.770342352266,1552.770342352266,1523.881591796875,1523.881591796875,800,0.0,0.0
2022-08-18 00:00:00+09:00,1523.881591796875,1523.881591796875,1523.881591796875,1523.881591796875,0,0.0,0.0
2022-08-19 00:00:00+09:00,1534.71484375,1534.71484375,1534.71484375,1534.71484375,300,0.0,0.0
2022-08-22 00:00:00+09:00,1603.3256250000002,1603.3256250000002,1531.10375,1534.71484375,700,0.0,0.0
2022-08-23 00:00:00+09:00,1534.71484375,1534.71484375,1534.71484375,1534.71484375,0,0.0,0.0
2022-08-24 00:00:00+09:00,1534.7147028116765,1541.9368896484375,1534.7147028116765,1541.9368896484375,300,0.0,0.0
2022-08-25 00:00:00+09:00,1541.9368896484375,1541.9368896484375,1541.9368896484375,1541.9368896484375,0,0.0,0.0
2022-08-26 00:00:00+09:00,1521.1732177734375,1521.1732177734375,1521.1732177734375,1521.1732177734375,600,0.0,0.0
2022-08-29 00:00:00+09:00,1522.0759911964483,1522.0759911964483,1521.1732177734375,1521.1732177734375,200,0.0,0.0
2022-08-30 00:00:00+09:00,1521.1732177734375,1521.1732177734375,1521.1732177734375,1521.1732177734375,0,0.0,0.0
2022-08-31 00:00:00+09:00,1557.2840576171875,1557.2840576171875,1557.2840576171875,1557.2840576171875,200,0.0,0.0
2022-09-01 00:00:00+09:00,1521.173192920799,1521.173192920799,1500.4094045307822,1507.631591796875,500,0.0,0.0
2022-09-02 00:00:00+09:00,1490.4788818359375,1490.4788818359375,1490.4788818359375,1490.4788818359375,100,0.0,0.0
2022-09-05 00:00:00+09:00,1490.4788818359375,1490.4788818359375,1490.4788818359375,1490.4788818359375,800,0.0,0.0
2022-09-06 00:00:00+09:00,1490.4788818359375,1490.4788818359375,1490.4788818359375,1490.4788818359375,0,0.0,0.0
2022-09-07 00:00:00+09:00,1490.4788818359375,1490.4788818359375,1490.4788818359375,1490.4788818359375,100,0.0,0.0
2022-09-08 00:00:00+09:00,1490.4788818359375,1490.4788818359375,1490.4788818359375,1490.4788818359375,0,0.0,0.0
2022-09-09 00:00:00+09:00,1507.631591796875,1507.631591796875,1507.631591796875,1507.631591796875,100,0.0,0.0
2022-09-12 00:00:00+09:00,1507.631591796875,1507.631591796875,1507.631591796875,1507.631591796875,0,0.0,0.0
2022-09-13 00:00:00+09:00,1507.631591796875,1507.631591796875,1507.631591796875,1507.631591796875,0,0.0,0.0
2022-09-14 00:00:00+09:00,1507.631591796875,1507.631591796875,1507.631591796875,1507.631591796875,0,0.0,0.0
2022-09-15 00:00:00+09:00,1507.631591796875,1507.631591796875,1507.631591796875,1507.631591796875,0,0.0,0.0
2022-09-16 00:00:00+09:00,1507.631591796875,1507.631591796875,1507.631591796875,1507.631591796875,0,0.0,0.0
2022-09-20 00:00:00+09:00,1508.534423828125,1508.534423828125,1508.534423828125,1508.534423828125,200,0.0,0.0
2022-09-21 00:00:00+09:00,1532.0064984792687,1532.0064984792687,1498.6038818359375,1498.6038818359375,600,0.0,0.0
2022-09-22 00:00:00+09:00,1498.6038818359375,1498.6038818359375,1498.6038818359375,1498.6038818359375,0,0.0,0.0
2022-09-26 00:00:00+09:00,1466.1041259765625,1466.1041259765625,1466.1041259765625,1466.1041259765625,100,0.0,0.0
2022-09-27 00:00:00+09:00,1445.34033203125,1445.34033203125,1445.34033203125,1445.34033203125,100,0.0,0.0
2022-09-28 00:00:00+09:00,1445.34033203125,1445.34033203125,1445.34033203125,1445.34033203125,0,0.0,0.0
2022-09-29 00:00:00+09:00,1518.475778198242,1530.3602966308592,1499.2777099609375,1499.2777099609375,500,20.0,0.0
2022-09-30 00:00:00+09:00,1535.8453369140625,1535.8453369140625,1535.8453369140625,1535.8453369140625,100,0.0,0.0
2022-10-03 00:00:00+09:00,1535.8453369140625,1535.8453369140625,1535.8453369140625,1535.8453369140625,0,0.0,0.0
2022-10-04 00:00:00+09:00,1535.8453369140625,1535.8453369140625,1535.8453369140625,1535.8453369140625,0,0.0,0.0
2022-10-05 00:00:00+09:00,1535.8453369140625,1535.8453369140625,1535.8453369140625,1535.8453369140625,0,0.0,0.0
2022-10-06 00:00:00+09:00,1535.8453369140625,1535.8453369140625,1535.8453369140625,1535.8453369140625,0,0.0,0.0
2022-10-07 00:00:00+09:00,1535.8453369140625,1535.8453369140625,1535.8453369140625,1535.8453369140625,100,0.0,0.0
2022-10-11 00:00:00+09:00,1535.8453369140625,1535.8453369140625,1535.8453369140625,1535.8453369140625,300,0.0,0.0
2022-10-12 00:00:00+09:00,1535.8453369140625,1535.8453369140625,1535.8453369140625,1535.8453369140625,0,0.0,0.0
2022-10-13 00:00:00+09:00,1535.8453369140625,1535.8453369140625,1535.8453369140625,1535.8453369140625,100,0.0,0.0
2022-10-14 00:00:00+09:00,1526.703369140625,1526.703369140625,1526.703369140625,1526.703369140625,800,0.0,0.0
2022-10-17 00:00:00+09:00,1526.703369140625,1526.703369140625,1526.703369140625,1526.703369140625,600,0.0,0.0
2022-10-18 00:00:00+09:00,1526.7034388364063,1630.00732421875,1526.7034388364063,1630.00732421875,1200,0.0,0.0
2022-10-19 00:00:00+09:00,1636.40673828125,1636.40673828125,1636.40673828125,1636.40673828125,100,0.0,0.0
2022-10-20 00:00:00+09:00,1599.8389597689168,1627.2647705078125,1599.8389597689168,1627.2647705078125,200,0.0,0.0
2022-10-21 00:00:00+09:00,1627.2647705078125,1627.2647705078125,1627.2647705078125,1627.2647705078125,500,0.0,0.0
2022-10-24 00:00:00+09:00,1568.7564697265625,1568.7564697265625,1568.7564697265625,1568.7564697265625,100,0.0,0.0
2022-10-25 00:00:00+09:00,1579.7266845703125,1579.7266845703125,1579.7266845703125,1579.7266845703125,100,0.0,0.0
2022-10-26 00:00:00+09:00,1579.7266845703125,1579.7266845703125,1579.7266845703125,1579.7266845703125,0,0.0,0.0
2022-10-27 00:00:00+09:00,1579.7266845703125,1579.7266845703125,1579.7266845703125,1579.7266845703125,0,0.0,0.0
2022-10-28 00:00:00+09:00,1582.46923828125,1582.46923828125,1582.46923828125,1582.46923828125,100,0.0,0.0
2022-10-31 00:00:00+09:00,1619.037109375,1619.037109375,1619.037109375,1619.037109375,200,0.0,0.0
2022-11-01 00:00:00+09:00,1582.4692768411076,1582.4692768411076,1554.1292724609375,1554.1292724609375,600,0.0,0.0
2022-11-02 00:00:00+09:00,1554.1292724609375,1554.1292724609375,1554.1292724609375,1554.1292724609375,0,0.0,0.0
2022-11-04 00:00:00+09:00,1537.6737060546875,1537.6737060546875,1537.6737060546875,1537.6737060546875,100,0.0,0.0
2022-11-07 00:00:00+09:00,1691.258280166727,1691.258280166727,1629.0931109497878,1656.5189208984375,2200,0.0,0.0
2022-11-08 00:00:00+09:00,1645.5487060546875,1645.5487060546875,1645.5487060546875,1645.5487060546875,300,0.0,0.0
2022-11-09 00:00:00+09:00,1645.5487060546875,1645.5487060546875,1645.5487060546875,1645.5487060546875,0,0.0,0.0
2022-11-10 00:00:00+09:00,1645.5487060546875,1645.5487060546875,1645.5487060546875,1645.5487060546875,0,0.0,0.0
2022-11-11 00:00:00+09:00,1629.0930485822396,1662.918212890625,1629.0930485822396,1662.918212890625,500,0.0,0.0
2022-11-14 00:00:00+09:00,1654.6905517578125,1654.6905517578125,1654.6905517578125,1654.6905517578125,200,0.0,0.0
2022-11-15 00:00:00+09:00,1618.1229404547275,1618.1229404547275,1601.6674529246795,1604.4100341796875,1500,0.0,0.0
2022-11-16 00:00:00+09:00,1606.2383393787202,1612.6376953125,1606.2383393787202,1612.6376953125,400,0.0,0.0
2022-11-17 00:00:00+09:00,1646.462890625,1646.462890625,1646.462890625,1646.462890625,300,0.0,0.0
2022-11-18 00:00:00+09:00,1646.462890625,1646.462890625,1646.462890625,1646.462890625,300,0.0,0.0
2022-11-21 00:00:00+09:00,1646.462836605379,1646.462836605379,1578.8125035077676,1590.697021484375,2000,0.0,0.0
2022-11-22 00:00:00+09:00,1603.4957275390625,1603.4957275390625,1603.4957275390625,1603.4957275390625,300,0.0,0.0
2022-11-24 00:00:00+09:00,1599.8390043846812,1604.4099729686375,1586.1260986328125,1586.1260986328125,1800,0.0,0.0
2022-11-25 00:00:00+09:00,1590.6969721487983,1590.6969721487983,1583.3834228515625,1583.3834228515625,500,0.0,0.0
2022-11-28 00:00:00+09:00,1586.1260989766727,1626.3506225242077,1578.812549240757,1622.69384765625,1000,0.0,0.0
2022-11-29 00:00:00+09:00,1609.8950274552321,1633.6640625,1609.8950274552321,1633.6640625,1200,0.0,0.0
2022-11-30 00:00:00+09:00,1634.5783213856455,1663.83251953125,1622.6938033889937,1663.83251953125,1700,0.0,0.0
2022-12-01 00:00:00+09:00,1663.832479357917,1663.832479357917,1655.604736328125,1655.604736328125,300,0.0,0.0
2022-12-02 00:00:00+09:00,1662.0041175280994,1677.54541015625,1645.54863121594,1677.54541015625,700,0.0,0.0
2022-12-05 00:00:00+09:00,1612.637701171875,1620.865444545201,1599.8389892578125,1599.8389892578125,2000,0.0,0.0
2022-12-06 00:00:00+09:00,1590.697021484375,1590.697021484375,1590.697021484375,1590.697021484375,400,0.0,0.0
2022-12-07 00:00:00+09:00,1590.697021484375,1590.697021484375,1590.697021484375,1590.697021484375,0,0.0,0.0
2022-12-08 00:00:00+09:00,1578.8126167597875,1578.8126167597875,1555.0435791015625,1555.0435791015625,500,0.0,0.0
2022-12-09 00:00:00+09:00,1555.9576598403032,1555.9576598403032,1554.1292724609375,1554.1292724609375,1000,0.0,0.0
2022-12-12 00:00:00+09:00,1544.0730706645504,1544.0730706645504,1536.759521484375,1536.759521484375,300,0.0,0.0
2022-12-13 00:00:00+09:00,1544.9873046875,1544.9873046875,1544.9873046875,1544.9873046875,100,0.0,0.0
2022-12-14 00:00:00+09:00,1554.1292128452035,1572.4130859375,1554.1292128452035,1572.4130859375,500,0.0,0.0
2022-12-15 00:00:00+09:00,1572.4130859375,1572.4130859375,1572.4130859375,1572.4130859375,0,0.0,0.0
2022-12-16 00:00:00+09:00,1572.4130859375,1572.4130859375,1572.4130859375,1572.4130859375,0,0.0,0.0
2022-12-19 00:00:00+09:00,1567.8421267275896,1571.4989013671875,1567.8421267275896,1571.4989013671875,200,0.0,0.0
2022-12-20 00:00:00+09:00,1572.4132604671884,1574.2416479793594,1555.0435791015625,1555.0435791015625,400,0.0,0.0
2022-12-21 00:00:00+09:00,1555.04344974347,1555.04344974347,1531.2744140625,1531.2744140625,2000,0.0,0.0
2022-12-22 00:00:00+09:00,1531.2744140625,1531.2744140625,1531.2744140625,1531.2744140625,0,0.0,0.0
2022-12-23 00:00:00+09:00,1478.2512757143274,1481.908050669712,1472.76611328125,1472.76611328125,600,0.0,0.0
2022-12-26 00:00:00+09:00,1472.76611328125,1472.76611328125,1472.76611328125,1472.76611328125,0,0.0,0.0
2022-12-27 00:00:00+09:00,1508.4195865493223,1517.5615234375,1503.8486181052335,1517.5615234375,600,0.0,0.0
2022-12-28 00:00:00+09:00,1503.8486630466332,1503.8486630466332,1476.4228515625,1476.4228515625,700,0.0,0.0
2022-12-29 00:00:00+09:00,1512.9905277694913,1520.3040771484375,1512.9905277694913,1520.3040771484375,700,0.0,0.0
2022-12-30 00:00:00+09:00,1531.2744140625,1531.2744140625,1531.2744140625,1531.2744140625,1400,0.0,0.0
2023-01-04 00:00:00+09:00,1531.2744140625,1531.2744140625,1531.2744140625,1531.2744140625,0,0.0,0.0
2023-01-05 00:00:00+09:00,1531.2744140625,1531.2744140625,1531.2744140625,1531.2744140625,700,0.0,0.0
2023-01-06 00:00:00+09:00,1531.2744140625,1531.2744140625,1531.2744140625,1531.2744140625,100,0.0,0.0
2023-01-10 00:00:00+09:00,1531.2744140625,1531.2744140625,1531.2744140625,1531.2744140625,100,0.0,0.0
2023-01-11 00:00:00+09:00,1534.931188782649,1534.931188782649,1531.2744140625,1531.2744140625,600,0.0,0.0
2023-01-12 00:00:00+09:00,1531.2744140625,1531.2744140625,1531.2744140625,1531.2744140625,0,0.0,0.0
2023-01-13 00:00:00+09:00,1531.2743777104117,1534.93115234375,1529.4459903937425,1534.93115234375,700,0.0,0.0
2023-01-16 00:00:00+09:00,1534.93115234375,1534.93115234375,1534.93115234375,1534.93115234375,100,0.0,0.0
2023-01-17 00:00:00+09:00,1534.93115234375,1534.93115234375,1534.93115234375,1534.93115234375,400,0.0,0.0
2023-01-18 00:00:00+09:00,1535.8453369140625,1535.8453369140625,1535.8453369140625,1535.8453369140625,100,0.0,0.0
2023-01-19 00:00:00+09:00,1499.2776299539298,1544.0731201171875,1499.2776299539298,1544.0731201171875,1200,0.0,0.0
2023-01-20 00:00:00+09:00,1544.0731201171875,1544.0731201171875,1544.0731201171875,1544.0731201171875,0,0.0,0.0
2023-01-23 00:00:00+09:00,1580.640869140625,1580.640869140625,1580.640869140625,1580.640869140625,700,0.0,0.0
2023-01-24 00:00:00+09:00,1544.0731466481568,1602.58154296875,1544.0731466481568,1602.58154296875,1100,0.0,0.0
2023-01-25 00:00:00+09:00,1566.9279267744585,1608.9808349609375,1566.9279267744585,1608.9808349609375,400,0.0,0.0
2023-01-26 00:00:00+09:00,1608.9808349609375,1608.9808349609375,1608.9808349609375,1608.9808349609375,0,0.0,0.0
2023-01-27 00:00:00+09:00,1608.9808349609375,1608.9808349609375,1608.9808349609375,1608.9808349609375,0,0.0,0.0
2023-01-30 00:00:00+09:00,1608.9808349609375,1608.9808349609375,1608.9808349609375,1608.9808349609375,0,0.0,0.0
2023-01-31 00:00:00+09:00,1599.8389892578125,1599.8389892578125,1599.8389892578125,1599.8389892578125,200,0.0,0.0
2023-02-01 00:00:00+09:00,1599.8389892578125,1599.8389892578125,1599.8389892578125,1599.8389892578125,0,0.0,0.0
2023-02-02 00:00:00+09:00,1590.6970521763394,1599.8389892578125,1590.6970521763394,1599.8389892578125,200,0.0,0.0
2023-02-03 00:00:00+09:00,1563.271130517662,1598.9246826171875,1563.271130517662,1598.9246826171875,900,0.0,0.0
2023-02-06 00:00:00+09:00,1598.9246826171875,1598.9246826171875,1598.9246826171875,1598.9246826171875,0,0.0,0.0
2023-02-07 00:00:00+09:00,1566.9279694048378,1567.8421630859375,1566.9279694048378,1567.8421630859375,500,0.0,0.0
2023-02-08 00:00:00+09:00,1566.9280150653326,1566.9280150653326,1563.271240234375,1563.271240234375,400,0.0,0.0
2023-02-09 00:00:00+09:00,1561.4427490234375,1561.4427490234375,1561.4427490234375,1561.4427490234375,100,0.0,0.0
2023-02-10 00:00:00+09:00,1560.5286865234375,1560.5286865234375,1560.5286865234375,1560.5286865234375,500,0.0,0.0
2023-02-13 00:00:00+09:00,1560.5286865234375,1560.5286865234375,1560.5286865234375,1560.5286865234375,0,0.0,0.0
2023-02-14 00:00:00+09:00,1555.0434854066277,1588.86865234375,1554.1292917056244,1588.86865234375,400,0.0,0.0
2023-02-15 00:00:00+09:00,1598.9249544438628,1598.9249544438628,1596.182373046875,1596.182373046875,500,0.0,0.0
2023-02-16 00:00:00+09:00,1589.7828577588175,1599.838988543951,1563.271240234375,1563.271240234375,400,0.0,0.0
2023-02-17 00:00:00+09:00,1557.7861322525443,1594.3538818359375,1557.7861322525443,1594.3538818359375,300,0.0,0.0
2023-02-20 00:00:00+09:00,1586.1260836356028,1599.8389892578125,1586.1260836356028,1599.8389892578125,300,0.0,0.0
2023-02-21 00:00:00+09:00,1598.0106201171875,1598.0106201171875,1598.0106201171875,1598.0106201171875,600,0.0,0.0
2023-02-22 00:00:00+09:00,1598.0106201171875,1598.0106201171875,1598.0106201171875,1598.0106201171875,0,0.0,0.0
2023-02-24 00:00:00+09:00,1598.0106201171875,1598.0106201171875,1598.0106201171875,1598.0106201171875,700,0.0,0.0
2023-02-27 00:00:00+09:00,1580.640869140625,1580.640869140625,1580.640869140625,1580.640869140625,100,0.0,0.0
2023-02-28 00:00:00+09:00,1583.383409792878,1583.383409792878,1566.0137303551962,1572.4130859375,1100,0.0,0.0
2023-03-01 00:00:00+09:00,1563.2711482798636,1597.0963134765625,1558.7001800100395,1597.0963134765625,800,0.0,0.0
2023-03-02 00:00:00+09:00,1563.2711493913519,1586.1259907567223,1563.2711493913519,1572.4130859375,1000,0.0,0.0
2023-03-03 00:00:00+09:00,1571.4989539837015,1590.697021484375,1571.4989539837015,1590.697021484375,200,0.0,0.0
2023-03-06 00:00:00+09:00,1590.6970407080462,1625.4364013671875,1590.6970407080462,1625.4364013671875,300,0.0,0.0
2023-03-07 00:00:00+09:00,1625.4364013671875,1625.4364013671875,1625.4364013671875,1625.4364013671875,100,0.0,0.0
2023-03-08 00:00:00+09:00,1625.4364013671875,1625.4364013671875,1625.4364013671875,1625.4364013671875,0,0.0,0.0
2023-03-09 00:00:00+09:00,1621.7796630859375,1621.7796630859375,1621.7796630859375,1621.7796630859375,100,0.0,0.0
2023-03-10 00:00:00+09:00,1585.2118284015987,1585.2118284015987,1581.5550537109375,1581.5550537109375,200,0.0,0.0
2023-03-13 00:00:00+09:00,1581.5550537109375,1581.5550537109375,1581.5550537109375,1581.5550537109375,0,0.0,0.0
2023-03-14 00:00:00+09:00,1582.4692803965768,1582.4692803965768,1566.0137939453125,1566.0137939453125,1400,0.0,0.0
2023-03-15 00:00:00+09:00,1566.927978515625,1566.927978515625,1566.927978515625,1566.927978515625,100,0.0,0.0
2023-03-16 00:00:00+09:00,1567.8421630859375,1567.8421630859375,1567.8421630859375,1567.8421630859375,100,0.0,0.0
2023-03-17 00:00:00+09:00,1566.9280150653326,1572.413177311769,1563.271240234375,1563.271240234375,600,0.0,0.0
2023-03-20 00:00:00+09:00,1558.7003173828125,1558.7003173828125,1558.7003173828125,1558.7003173828125,200,0.0,0.0
2023-03-22 00:00:00+09:00,1558.7003385103667,1589.7829259058813,1557.7861447634398,1568.7564697265625,1000,0.0,0.0
2023-03-23 00:00:00+09:00,1558.7003173828125,1558.7003173828125,1558.7003173828125,1558.7003173828125,100,0.0,0.0
2023-03-24 00:00:00+09:00,1558.7002602106409,1588.86865234375,1558.7002602106409,1588.86865234375,200,0.0,0.0
2023-03-27 00:00:00+09:00,1588.86865234375,1588.86865234375,1588.86865234375,1588.86865234375,0,0.0,0.0
2023-03-28 00:00:00+09:00,1589.7828369140625,1589.7828369140625,1589.7828369140625,1589.7828369140625,300,0.0,0.0
2023-03-29 00:00:00+09:00,1589.7828610730737,1589.7828610730737,1575.15576171875,1575.15576171875,400,0.0,0.0
2023-03-30 00:00:00+09:00,1610.2013485972386,1612.095703125,1610.2013485972386,1612.095703125,200,60.0,0.0
2023-03-31 00:00:00+09:00,1649.9827041842843,1666.084716796875,1649.9827041842843,1666.084716796875,400,0.0,0.0
2023-04-03 00:00:00+09:00,1637.6695044574901,1658.507404456371,1630.092086276079,1652.8243408203125,1100,0.0,0.0
2023-04-04 00:00:00+09:00,1650.9299063333651,1650.9299063333651,1631.0391845703125,1631.0391845703125,500,0.0,0.0
2023-04-05 00:00:00+09:00,1631.0391594506411,1638.6165771484375,1631.0391594506411,1638.6165771484375,200,0.0,0.0
2023-04-06 00:00:00+09:00,1638.6166362330223,1638.6166362330223,1630.092041015625,1630.092041015625,200,0.0,0.0
2023-04-07 00:00:00+09:00,1630.0919822384167,1638.6165771484375,1630.0919822384167,1638.6165771484375,200,0.0,0.0
2023-04-10 00:00:00+09:00,1638.6167692728468,1653.7716064453125,1638.6167692728468,1653.7716064453125,600,0.0,0.0
2023-04-11 00:00:00+09:00,1653.7716064453125,1653.7716064453125,1653.7716064453125,1653.7716064453125,0,0.0,0.0
2023-04-12 00:00:00+09:00,1653.7714252494025,1653.7714252494025,1630.0919947618681,1634.827880859375,300,0.0,0.0
2023-04-13 00:00:00+09:00,1638.6165771484375,1638.6165771484375,1638.6165771484375,1638.6165771484375,100,0.0,0.0
2023-04-14 00:00:00+09:00,1638.6165771484375,1638.6165771484375,1638.6165771484375,1638.6165771484375,600,0.0,0.0
2023-04-17 00:00:00+09:00,1638.6165771484375,1638.6165771484375,1633.8806910873147,1638.6165771484375,500,0.0,0.0
2023-04-18 00:00:00+09:00,1638.6166234997736,1638.6166234997736,1633.8807373046875,1633.8807373046875,300,0.0,0.0
2023-04-19 00:00:00+09:00,1641.4581845506125,1643.3525390625,1641.4581845506125,1643.3525390625,300,0.0,0.0
2023-04-20 00:00:00+09:00,1638.6166150911306,1639.5637923252875,1626.3033110470933,1627.25048828125,700,0.0,0.0
2023-04-21 00:00:00+09:00,1629.144775390625,1629.144775390625,1629.144775390625,1629.144775390625,900,0.0,0.0
2023-04-24 00:00:00+09:00,1631.9863828266532,1633.8807373046875,1631.9863828266532,1633.8807373046875,400,0.0,0.0
2023-04-25 00:00:00+09:00,1633.8807373046875,1633.8807373046875,1633.8807373046875,1633.8807373046875,0,0.0,0.0
2023-04-26 00:00:00+09:00,1627.2504841164982,1627.2504841164982,1610.2012939453125,1610.2012939453125,1100,0.0,0.0
2023-04-27 00:00:00+09:00,1610.2012939453125,1610.2012939453125,1609.25411671358,1610.2012939453125,600,0.0,0.0
2023-04-28 00:00:00+09:00,1606.4125217142223,1610.20123049185,1601.6766357421875,1601.6766357421875,700,0.0,0.0
2023-05-01 00:00:00+09:00,1630.0919603543232,1630.0919603543232,1608.306884765625,1608.306884765625,1400,0.0,0.0
2023-05-02 00:00:00+09:00,1608.3069184302722,1609.2540956496068,1607.3597412109375,1607.3597412109375,1000,0.0,0.0
2023-05-08 00:00:00+09:00,1614.9372349166422,1629.144893874853,1612.095703125,1612.095703125,600,0.0,0.0
2023-05-09 00:00:00+09:00,1619.673095703125,1619.673095703125,1619.673095703125,1619.673095703125,100,0.0,0.0
2023-05-10 00:00:00+09:00,1668.926248434391,1668.926248434391,1652.8242358218004,1666.084716796875,5200,0.0,0.0
2023-05-11 00:00:00+09:00,1664.1903832683793,1683.1339277563518,1641.4581298828125,1641.4581298828125,2000,0.0,0.0
2023-05-12 00:00:00+09:00,1652.824369685942,1681.239688362491,1652.824369685942,1662.296142578125,2100,0.0,0.0
2023-05-15 00:00:00+09:00,2041.1668701171873,2041.1668701171873,2041.1668701171873,2041.1668701171875,1700,0.0,0.0
2023-05-16 00:00:00+09:00,2296.9048609716965,2344.263724084515,2101.7863449468846,2174.718994140625,42300,0.0,0.0
2023-05-17 00:00:00+09:00,2222.0777382038495,2270.3837759908897,2178.507586474362,2246.704345703125,6700,0.0,0.0
2023-05-18 00:00:00+09:00,2300.6935733969694,2367.94315911586,2264.7008373784083,2318.68994140625,8300,0.0,0.0
2023-05-19 00:00:00+09:00,2316.7957964391517,2316.7957964391517,2225.866770904336,2258.07080078125,2600,0.0,0.0
2023-05-22 00:00:00+09:00,2263.7535907932433,2291.221730597848,2205.9757794801103,2221.130615234375,5100,0.0,0.0
2023-05-23 00:00:00+09:00,2244.8101678091434,2290.2746775369237,2222.0779129452535,2248.598876953125,1500,0.0,0.0
2023-05-24 00:00:00+09:00,2209.7642272923035,2225.8662383784454,2206.9226959241605,2207.869873046875,2700,0.0,0.0
2023-05-25 00:00:00+09:00,2207.8702124487336,2207.8702124487336,2143.462158203125,2143.462158203125,2100,0.0,0.0
2023-05-26 00:00:00+09:00,2157.6698241762724,2177.560546875,2157.6698241762724,2177.560546875,2400,0.0,0.0
2023-05-29 00:00:00+09:00,2221.1306919162,2221.1306919162,2175.6661830838,2198.3984375,3700,0.0,0.0
2023-05-30 00:00:00+09:00,2199.345526333513,2200.2927035627695,2188.926576811692,2197.451171875,3100,0.0,0.0
2023-05-31 00:00:00+09:00,2197.4510482594937,2197.4510482594937,2169.035732980276,2169.98291015625,2000,0.0,0.0
2023-06-01 00:00:00+09:00,2075.2653605614396,2107.4693871516215,2023.1706116655569,2044.9556884765625,9500,0.0,0.0
2023-06-02 00:00:00+09:00,2044.9555388550557,2044.9555388550557,1979.6003132038288,1997.5966796875,8200,0.0,0.0
2023-06-05 00:00:00+09:00,2080.9482959659417,2080.9482959659417,2008.015652001728,2055.37451171875,5700,0.0,0.0
2023-06-06 00:00:00+09:00,2041.1671720232282,2142.515147617885,2026.959511893136,2121.67724609375,5400,0.0,0.0
2023-06-07 00:00:00+09:00,2121.6770186335402,2134.9375,2055.3746118012423,2134.9375,6600,0.0,0.0
2023-06-08 00:00:00+09:00,2133.9903995804725,2133.9903995804725,2105.575081343715,2112.205322265625,500,0.0,0.0
2023-06-09 00:00:00+09:00,2064.8464335832778,2130.201664737978,2064.8464335832778,2119.78271484375,3300,0.0,0.0
2023-06-12 00:00:00+09:00,2135.884504045759,2214.500208629261,2130.201441063819,2187.979248046875,2300,0.0,0.0
2023-06-13 00:00:00+09:00,2195.5568302156207,2195.5568302156207,2146.30361400716,2166.1943359375,600,0.0,0.0
2023-06-14 00:00:00+09:00,2166.1943359375,2169.035867641834,2159.5640952940535,2166.1943359375,900,0.0,0.0
2023-06-15 00:00:00+09:00,2159.564057337555,2165.247120646338,2150.09228515625,2150.09228515625,600,0.0,0.0
2023-06-16 00:00:00+09:00,2132.0961924031944,2162.405867284093,2083.790148061763,2087.578857421875,6100,0.0,0.0
2023-06-19 00:00:00+09:00,2091.367359860423,2127.36009522034,2089.473005367796,2103.6806640625,3300,0.0,0.0
2023-06-20 00:00:00+09:00,2107.4692594298767,2110.310791015625,2066.7406400341533,2110.310791015625,3400,0.0,0.0
2023-06-21 00:00:00+09:00,2118.835474519999,2118.835474519999,2111.258056640625,2111.258056640625,1200,0.0,0.0
2023-06-22 00:00:00+09:00,2093.2614682652193,2114.099365234375,2093.2614682652193,2114.099365234375,1600,0.0,0.0
2023-06-23 00:00:00+09:00,2122.624450321827,2237.23291015625,2097.050661763733,2237.23291015625,6000,0.0,0.0
2023-06-26 00:00:00+09:00,2216.3949405875746,2399.2001643197978,2214.5005859375,2372.67919921875,18400,0.0,0.0
2023-06-27 00:00:00+09:00,2410.566191063527,2412.460545634108,2346.1581356637944,2348.052490234375,4000,0.0,0.0
2023-06-28 00:00:00+09:00,2385.9397033170585,2385.9397033170585,2331.00341796875,2331.00341796875,2900,0.0,0.0
2023-06-29 00:00:00+09:00,2331.0033235959095,2331.0033235959095,2259.9650264525962,2295.957763671875,5600,0.0,0.0
2023-06-30 00:00:00+09:00,2300.693671013919,2304.4823802292567,2272.278351898885,2298.79931640625,4400,0.0,0.0
2023-07-03 00:00:00+09:00,2346.1580939340997,2451.2947707313083,2320.58430768613,2441.822998046875,4000,0.0,0.0
2023-07-04 00:00:00+09:00,2457.9248508762666,2496.759116342905,2443.7171927787163,2453.18896484375,3100,0.0,0.0
2023-07-05 00:00:00+09:00,2441.823184455974,2493.9179381972767,2422.879637640955,2467.39697265625,2300,0.0,0.0
2023-07-06 00:00:00+09:00,2481.6045006094423,2481.6045006094423,2416.249267578125,2416.249267578125,2600,0.0,0.0
2023-07-07 00:00:00+09:00,2463.6077244677886,2463.6077244677886,2417.196044921875,2417.196044921875,1100,0.0,0.0
2023-07-10 00:00:00+09:00,2392.569706764129,2392.569706764129,2354.6826171875,2354.6826171875,1100,0.0,0.0
2023-07-11 00:00:00+09:00,2358.471430763632,2368.890380859375,2358.471430763632,2368.890380859375,400,0.0,0.0
2023-07-12 00:00:00+09:00,2339.5278529604097,2345.2109165708403,2332.8976120815746,2342.369384765625,700,0.0,0.0
2023-07-13 00:00:00+09:00,2348.999391253986,2376.467529296875,2344.263505384522,2376.467529296875,400,0.0,0.0
2023-07-14 00:00:00+09:00,2366.0486088886796,2366.0486088886796,2356.5768370356427,2358.47119140625,500,0.0,0.0
2023-07-18 00:00:00+09:00,2370.784583680939,2407.7244952924275,2359.41845703125,2359.41845703125,1900,0.0,0.0
2023-07-19 00:00:00+09:00,2355.6298959783485,2423.82666015625,2355.6298959783485,2423.82666015625,5000,0.0,0.0
2023-07-20 00:00:00+09:00,2403.935754001672,2445.6115511553653,2403.935754001672,2442.77001953125,2300,0.0,0.0
2023-07-21 00:00:00+09:00,2429.509451034868,2429.509451034868,2367.9429347318405,2376.467529296875,4500,0.0,0.0
2023-07-24 00:00:00+09:00,2389.72823225429,2428.5625,2389.72823225429,2428.5625,1700,0.0,0.0
2023-07-25 00:00:00+09:00,2427.6153413318452,2533.699195498512,2427.6153413318452,2486.34033203125,2300,0.0,0.0
2023-07-26 00:00:00+09:00,2499.600632096206,2499.600632096206,2494.86474609375,2494.86474609375,400,0.0,0.0
2023-07-27 00:00:00+09:00,2480.6570254043795,2480.6570254043795,2415.3018002219046,2420.98486328125,800,0.0,0.0
2023-07-28 00:00:00+09:00,2428.5625436598443,2478.762939453125,2420.9851254268965,2478.762939453125,1000,0.0,0.0
2023-07-31 00:00:00+09:00,2503.3895908229188,2510.019831888284,2474.974271971353,2484.446044921875,1800,0.0,0.0
2023-08-01 00:00:00+09:00,2500.5476382902298,2500.5476382902298,2472.13232421875,2472.13232421875,900,0.0,0.0
2023-08-02 00:00:00+09:00,2463.6079141152873,2465.502268528294,2453.18896484375,2453.18896484375,900,0.0,0.0
2023-08-03 00:00:00+09:00,2443.7171331620866,2443.7171331620866,2434.245361328125,2434.245361328125,400,0.0,0.0
2023-08-04 00:00:00+09:00,2429.5095465954364,2434.245432651178,2421.93212890625,2421.93212890625,800,0.0,0.0
2023-08-07 00:00:00+09:00,2420.9849516951017,2421.93212890625,2368.8902050819443,2421.93212890625,1600,0.0,0.0
2023-08-08 00:00:00+09:00,2415.301888428212,2421.93212890625,2411.5131795836182,2421.93212890625,1000,0.0,0.0
2023-08-09 00:00:00+09:00,2424.7736164122134,2492.023197179896,2424.7736164122134,2481.604248046875,1200,0.0,0.0
2023-08-10 00:00:00+09:00,2528.96314136402,2651.149001002956,2528.96314136402,2628.416748046875,16300,0.0,0.0
2023-08-14 00:00:00+09:00,2533.6990630145565,2592.4240506433052,2533.6990630145565,2534.646240234375,11500,0.0,0.0
2023-08-15 00:00:00+09:00,2540.3293638717296,2543.1708955986555,2425.7209175523863,2443.71728515625,3700,0.0,0.0
2023-08-16 00:00:00+09:00,2480.6572189065223,2542.223740185226,2446.558837890625,2446.558837890625,600,0.0,0.0
2023-08-17 00:00:00+09:00,2446.558536063167,2448.4528903303476,2417.196044921875,2417.196044921875,1000,0.0,0.0
2023-08-18 00:00:00+09:00,2415.301853962782,2415.301853962782,2359.4183993024662,2395.4111328125,1900,0.0,0.0
2023-08-21 00:00:00+09:00,2371.73182421875,2371.73182421875,2356.57698828125,2367.943115234375,1200,0.0,0.0
2023-08-22 00:00:00+09:00,2391.6225463867186,2412.460445800781,2349.946747558594,2367.943115234375,1400,0.0,0.0
2023-08-23 00:00:00+09:00,2404.882997810391,2404.882997810391,2373.626149079496,2385.939453125,1300,0.0,0.0
2023-08-24 00:00:00+09:00,2369.837410613029,2370.7845878354965,2340.474916716545,2348.99951171875,2300,0.0,0.0
2023-08-25 00:00:00+09:00,2334.79186167457,2334.79186167457,2328.16162109375,2328.16162109375,900,0.0,0.0
2023-08-28 00:00:00+09:00,2339.527946221262,2339.527946221262,2332.897705078125,2332.897705078125,1800,0.0,0.0
2023-08-29 00:00:00+09:00,2367.9431498292,2367.9431498292,2339.52783203125,2339.52783203125,500,0.0,0.0
2023-08-30 00:00:00+09:00,2341.42213583568,2354.6826171875,2341.42213583568,2354.6826171875,900,0.0,0.0
2023-08-31 00:00:00+09:00,2354.682360309103,2396.358154296875,2354.682360309103,2396.358154296875,600,0.0,0.0
2023-09-01 00:00:00+09:00,2434.245525909771,2481.6043882815566,2412.46044921875,2412.46044921875,600,0.0,0.0
2023-09-04 00:00:00+09:00,2453.1889584430596,2541.276438418042,2453.1889584430596,2528.963134765625,1300,0.0,0.0
2023-09-05 00:00:00+09:00,2492.0232860398587,2537.48779296875,2492.0232860398587,2537.48779296875,500,0.0,0.0
2023-09-06 00:00:00+09:00,2538.4350631673847,2538.4350631673847,2528.01611328125,2528.01611328125,400,0.0,0.0
2023-09-07 00:00:00+09:00,2494.8648134364907,2494.8648134364907,2492.970458984375,2492.970458984375,200,0.0,0.0
2023-09-08 00:00:00+09:00,2491.075927734375,2491.075927734375,2491.075927734375,2491.075927734375,200,0.0,0.0
2023-09-11 00:00:00+09:00,2491.075927734375,2492.0231048932096,2463.6077901281787,2491.075927734375,1400,0.0,0.0
2023-09-12 00:00:00+09:00,2491.0761087207293,2492.02328594838,2435.192652289352,2482.551513671875,1000,0.0,0.0
2023-09-13 00:00:00+09:00,2444.664424472054,2444.664424472054,2427.615234375,2427.615234375,200,0.0,0.0
2023-09-14 00:00:00+09:00,2435.1928502733463,2436.1400275780034,2432.351318359375,2432.351318359375,300,0.0,0.0
2023-09-15 00:00:00+09:00,2471.1853223306275,2471.1853223306275,2419.090576171875,2419.090576171875,1100,0.0,0.0
2023-09-19 00:00:00+09:00,2472.132430815361,2472.132430815361,2420.98486328125,2420.98486328125,1100,0.0,0.0
2023-09-20 00:00:00+09:00,2416.2491328468996,2420.037841796875,2416.2491328468996,2420.037841796875,600,0.0,0.0
2023-09-21 00:00:00+09:00,2420.0378249827827,2420.0378249827827,2406.77734375,2406.77734375,1100,0.0,0.0
2023-09-22 00:00:00+09:00,2389.7283597967325,2390.675537109375,2389.7283597967325,2390.675537109375,500,0.0,0.0
2023-09-25 00:00:00+09:00,2458.872082886266,2458.872082886266,2424.7737026921577,2427.615234375,700,0.0,0.0
2023-09-26 00:00:00+09:00,2434.2456410325417,2434.2456410325417,2405.830322265625,2405.830322265625,500,0.0,0.0
2023-09-27 00:00:00+09:00,2406.7774898341445,2456.030708831144,2406.7774898341445,2426.668212890625,500,0.0,0.0
2023-09-28 00:00:00+09:00,2453.717041015625,2453.717041015625,2453.717041015625,2453.717041015625,200,50.0,0.0
2023-09-29 00:00:00+09:00,2419.905869195291,2437.294414363161,2415.075717759771,2416.041748046875,900,0.0,0.0
2023-10-02 00:00:00+09:00,2395.754934964839,2414.10950906336,2369.672119140625,2369.672119140625,1000,0.0,0.0
2023-10-03 00:00:00+09:00,2369.6722860646805,2369.6722860646805,2284.66162109375,2284.66162109375,4200,0.0,0.0
2023-10-04 00:00:00+09:00,2197.7189322240947,2202.5490837234884,2101.115902236222,2140.72314453125,3600,0.0,0.0
2023-10-05 00:00:00+09:00,2146.5193635923674,2183.228515625,2146.5193635923674,2183.228515625,1200,0.0,0.0
2023-10-06 00:00:00+09:00,2161.00984890092,2327.1670657140444,2161.00984890092,2322.3369140625,1100,0.0,0.0
2023-10-10 00:00:00+09:00,2362.9099211441844,2362.9099211441844,2290.4576545514556,2349.385498046875,1600,0.0,0.0
2023-10-11 00:00:00+09:00,2341.657528336322,2357.114013671875,2341.657528336322,2357.114013671875,200,0.0,0.0
2023-10-12 00:00:00+09:00,2376.4346044386175,2425.7021511160033,2319.438815145171,2377.400634765625,1700,0.0,0.0
2023-10-13 00:00:00+09:00,2405.415479706555,2406.3815100196903,2376.4345703125,2376.4345703125,2100,0.0,0.0
2023-10-16 00:00:00+09:00,2371.6044528035795,2377.400634765625,2318.4727848181633,2377.400634765625,2300,0.0,0.0
2023-10-17 00:00:00+09:00,2340.6913282453156,2353.249721669661,2339.7252979819045,2352.28369140625,400,0.0,0.0
2023-10-18 00:00:00+09:00,2352.28369140625,2352.28369140625,2352.28369140625,2352.28369140625,0,0.0,0.0
2023-10-19 00:00:00+09:00,2324.269008860122,2324.269008860122,2323.302978515625,2323.302978515625,200,0.0,0.0
2023-10-20 00:00:00+09:00,2316.540472450658,2316.540472450658,2255.680568462171,2294.32177734375,600,0.0,0.0
2023-10-23 00:00:00+09:00,2342.623364156928,2342.623364156928,2299.1520027602014,2337.793212890625,700,0.0,0.0
2023-10-24 00:00:00+09:00,2331.9970703125,2331.9970703125,2331.9970703125,2331.9970703125,100,0.0,0.0
2023-10-25 00:00:00+09:00,2297.21996110897,2310.744384765625,2275.001265101608,2310.744384765625,400,0.0,0.0
2023-10-26 00:00:00+09:00,2275.967334067985,2275.967334067985,2256.646728515625,2256.646728515625,400,0.0,0.0
2023-10-27 00:00:00+09:00,2256.646728515625,2256.646728515625,2256.646728515625,2256.646728515625,100,0.0,0.0
2023-10-30 00:00:00+09:00,2256.646728515625,2256.646728515625,2256.646728515625,2256.646728515625,100,0.0,0.0
2023-10-31 00:00:00+09:00,2303.0162157650816,2305.914306640625,2295.2879734302996,2305.914306640625,600,0.0,0.0
2023-11-01 00:00:00+09:00,2310.744468203487,2312.6765287956305,2292.389892578125,2292.389892578125,500,0.0,0.0
2023-11-02 00:00:00+09:00,2340.69140625,2340.69140625,2340.69140625,2340.69140625,100,0.0,0.0
2023-11-06 00:00:00+09:00,2340.691397062361,2823.70654296875,2316.5406397670417,2823.70654296875,7100,0.0,0.0
2023-11-07 00:00:00+09:00,2907.751123046875,3091.296875,2869.1099121093753,3042.995361328125,54700,0.0,0.0
2023-11-08 00:00:00+09:00,3018.8447575904056,3018.8447575904056,2877.8043305157817,2888.4306640625,13500,0.0,0.0
2023-11-09 00:00:00+09:00,2856.5516867232996,2907.7512942296694,2837.2310801171225,2902.921142578125,7100,0.0,0.0
2023-11-10 00:00:00+09:00,2858.483647623036,2927.0717986812438,2749.322224107861,2851.721435546875,9700,0.0,0.0
2023-11-13 00:00:00+09:00,2989.863573424797,2994.693724593496,2898.090701219512,2970.54296875,18400,0.0,0.0
2023-11-14 00:00:00+09:00,2970.5431624323082,3081.636646555793,2859.4496783088234,3038.165283203125,9400,0.0,0.0
2023-11-15 00:00:00+09:00,3062.316036207259,3231.371337890625,3023.6748243939182,3231.371337890625,9300,0.0,0.0
2023-11-16 00:00:00+09:00,3279.6726790559505,3279.6726790559505,3158.918898531063,3226.541015625,3400,0.0,0.0
2023-11-17 00:00:00+09:00,3226.5411853368923,3284.503003037555,3110.617549935567,3279.6728515625,6100,0.0,0.0
2023-11-20 00:00:00+09:00,3279.6729462509043,3337.634765625,3212.050823647793,3337.634765625,3900,0.0,0.0
2023-11-21 00:00:00+09:00,3337.6346908525866,3419.747266459669,3202.3904486762153,3390.766357421875,9300,0.0,0.0
2023-11-22 00:00:00+09:00,3424.577169252958,3434.2374715639676,3178.239460322209,3342.464599609375,10900,0.0,0.0
2023-11-24 00:00:00+09:00,3395.5964111328126,3395.5964111328126,3178.239599609375,3187.89990234375,11600,0.0,0.0
2023-11-27 00:00:00+09:00,3255.522095273963,3255.522095273963,3192.7301260772842,3231.371337890625,1300,0.0,0.0
2023-11-28 00:00:00+09:00,3212.050707934497,3216.880859375,3149.258739207958,3216.880859375,2300,0.0,0.0
2023-11-29 00:00:00+09:00,3212.0504867252703,3212.0504867252703,3149.258522323122,3183.069580078125,2400,0.0,0.0
2023-11-30 00:00:00+09:00,3125.1079345703124,3139.598388671875,3018.8446044921875,3091.296875,6200,0.0,0.0
2023-12-01 00:00:00+09:00,3120.277610432561,3134.768063731783,3042.9951928367077,3086.466552734375,3900,0.0,0.0
2023-12-04 00:00:00+09:00,3120.277909375,3120.277909375,3018.8447265625,3018.8447265625,6200,0.0,0.0
2023-12-05 00:00:00+09:00,2985.0335204682438,3038.1651850720473,2980.203369140625,2980.203369140625,4400,0.0,0.0
2023-12-06 00:00:00+09:00,2985.0334297471372,3202.3902328840645,2985.0334297471372,3163.7490234375,4900,0.0,0.0
2023-12-07 00:00:00+09:00,3105.7873291015626,3187.89990234375,3105.7873291015626,3187.89990234375,2900,0.0,0.0
2023-12-08 00:00:00+09:00,3139.598412973775,3187.8999270195254,3134.7682615691997,3154.0888671875,4100,0.0,0.0
2023-12-11 00:00:00+09:00,3187.8999270195254,3187.8999270195254,2994.6938708365237,3154.0888671875,3900,0.0,0.0
2023-12-12 00:00:00+09:00,3163.749243613401,3187.900001198236,3120.2778799606976,3149.2587890625,5000,0.0,0.0
2023-12-13 00:00:00+09:00,3129.9379651717554,3163.7490234375,3129.9379651717554,3163.7490234375,1300,0.0,0.0
2023-12-14 00:00:00+09:00,3139.5984378023413,3168.5793464589783,3120.27783203125,3120.27783203125,1200,0.0,0.0
2023-12-15 00:00:00+09:00,3105.78752112899,3158.919189453125,3100.9573694631595,3158.919189453125,1500,0.0,0.0
2023-12-18 00:00:00+09:00,3158.9189941406253,3158.9189941406253,2965.7129394531253,2994.69384765625,6200,0.0,0.0
2023-12-19 00:00:00+09:00,2960.882613193213,2960.882613193213,2877.804014584855,2893.260498046875,5900,0.0,0.0
2023-12-20 00:00:00+09:00,2927.071728515625,2946.392333984375,2893.260668945313,2898.0908203125,4200,0.0,0.0
2023-12-21 00:00:00+09:00,2965.7130898568143,2965.7130898568143,2888.4306640625,2888.4306640625,6200,0.0,0.0
2023-12-22 00:00:00+09:00,2888.430614585496,2941.562281408975,2888.430614585496,2907.751220703125,2400,0.0,0.0
2023-12-25 00:00:00+09:00,2907.751023065476,2907.751023065476,2801.487696641156,2840.12890625,6000,0.0,0.0
2023-12-26 00:00:00+09:00,2814.0462978346163,2892.2947530782158,2814.0462978346163,2839.1630859375,1600,0.0,0.0
2023-12-27 00:00:00+09:00,2887.4645219245067,2887.4645219245067,2820.808432258133,2850.75537109375,1900,0.0,0.0
2023-12-28 00:00:00+09:00,2850.755336914063,2941.562182617188,2849.789306640625,2898.0908203125,3300,0.0,0.0
2023-12-29 00:00:00+09:00,2927.07175305115,2927.07175305115,2898.0908446050994,2912.581298828125,2300,0.0,0.0
2024-01-04 00:00:00+09:00,2902.9209230940864,2975.37319238928,2902.9209230940864,2917.411376953125,2200,0.0,0.0
2024-01-05 00:00:00+09:00,2946.392333984375,2946.392333984375,2946.392333984375,2946.392333984375,200,0.0,0.0
2024-01-09 00:00:00+09:00,2985.033544921875,3014.0144531250003,2985.033544921875,2994.69384765625,4100,0.0,0.0
2024-01-10 00:00:00+09:00,2994.6936818392996,3086.466552734375,2994.6936818392996,3086.466552734375,3600,0.0,0.0
2024-01-11 00:00:00+09:00,3091.296947226502,3134.768310546875,3086.466795746461,3134.768310546875,1200,0.0,0.0
2024-01-12 00:00:00+09:00,3139.5983155421945,3221.7108868717596,3134.768164287514,3144.428466796875,5300,0.0,0.0
2024-01-15 00:00:00+09:00,3144.428515474063,3144.428515474063,3125.10791015625,3125.10791015625,200,0.0,0.0
2024-01-16 00:00:00+09:00,3144.4285400390627,3236.201416015625,3125.1079345703124,3187.89990234375,2300,0.0,0.0
2024-01-17 00:00:00+09:00,3241.03159326249,3241.03159326249,3038.1652342207244,3057.48583984375,6000,0.0,0.0
2024-01-18 00:00:00+09:00,3033.3351571920216,3071.9763693855507,3004.354248046875,3004.354248046875,1700,0.0,0.0
2024-01-19 00:00:00+09:00,3071.976195708696,3120.2777082198395,3014.0143806953247,3047.825439453125,900,0.0,0.0
2024-01-22 00:00:00+09:00,3067.146070018318,3110.617431640625,2946.3922877341324,3110.617431640625,20600,0.0,0.0
2024-01-23 00:00:00+09:00,3086.4666007935534,3091.296751968504,3067.14599609375,3067.14599609375,1200,0.0,0.0
2024-01-24 00:00:00+09:00,3038.165209960938,3076.8064208984374,3023.674755859375,3042.995361328125,1500,0.0,0.0
2024-01-25 00:00:00+09:00,3042.995385626481,3057.48583984375,3042.995385626481,3057.48583984375,500,0.0,0.0
2024-01-26 00:00:00+09:00,3125.1078370647665,3139.5982907142165,3086.4666273328994,3129.93798828125,3600,0.0,0.0
2024-01-29 00:00:00+09:00,3139.598533375285,3178.23974609375,3134.768381785477,3178.23974609375,2700,0.0,0.0
2024-01-30 00:00:00+09:00,3139.598388671875,3139.598388671875,3139.598388671875,3139.598388671875,100,0.0,0.0
2024-01-31 00:00:00+09:00,3173.4094482421874,3187.89990234375,3149.25869140625,3187.89990234375,1300,0.0,0.0
2024-02-01 00:00:00+09:00,3216.88093659157,3216.88093659157,3028.5050258902615,3115.44775390625,6800,0.0,0.0
2024-02-02 00:00:00+09:00,3154.088744363667,3154.088744363667,3086.4666273328994,3129.93798828125,900,0.0,0.0
2024-02-05 00:00:00+09:00,3197.5603303657945,3197.5603303657945,3115.44775390625,3115.44775390625,1500,0.0,0.0
2024-02-06 00:00:00+09:00,3173.409594503942,3178.23974609375,3154.0889881447097,3178.23974609375,1600,0.0,0.0
2024-02-07 00:00:00+09:00,3178.2396485863665,3183.069800027987,3144.4285884950223,3168.579345703125,3200,0.0,0.0
2024-02-08 00:00:00+09:00,3168.5792724980975,3173.409423828125,3120.2777591978215,3173.409423828125,2800,0.0,0.0
2024-02-09 00:00:00+09:00,3178.2397029177555,3178.2397029177555,2994.693944998493,3004.354248046875,11800,0.0,0.0
2024-02-13 00:00:00+09:00,2985.0334949619723,3062.3159155435123,2912.581225666779,2917.411376953125,9100,0.0,0.0
2024-02-14 00:00:00+09:00,3014.01440268005,3014.01440268005,2917.411376953125,2917.411376953125,2800,0.0,0.0
2024-02-15 00:00:00+09:00,2965.7129394531253,2970.5430908203125,2912.5812744140626,2946.392333984375,1400,0.0,0.0
2024-02-16 00:00:00+09:00,2946.392333984375,2980.2033935546874,2912.5812744140626,2946.392333984375,2300,0.0,0.0
2024-02-19 00:00:00+09:00,2989.863790446724,3129.9381845064254,2989.863790446724,3100.957275390625,9500,0.0,0.0
2024-02-20 00:00:00+09:00,3129.9381349167957,3129.9381349167957,3100.9572262601587,3120.27783203125,3300,0.0,0.0
2024-02-21 00:00:00+09:00,3129.9379651717554,3163.7490234375,3129.9379651717554,3163.7490234375,4600,0.0,0.0
2024-02-22 00:00:00+09:00,3187.899852302504,3207.2204574679736,3110.617431640625,3110.617431640625,2800,0.0,0.0
2024-02-26 00:00:00+09:00,3187.899877818208,3207.2204831383183,3105.787305207739,3173.409423828125,3000,0.0,0.0
2024-02-27 00:00:00+09:00,3115.4475375421034,3226.541015625,3115.4475375421034,3226.541015625,4700,0.0,0.0
2024-02-28 00:00:00+09:00,3226.5411853368923,3279.6728515625,3226.5411853368923,3279.6728515625,2700,0.0,0.0
2024-02-29 00:00:00+09:00,3279.6727298491182,3303.823486328125,3183.069703933091,3303.823486328125,1600,0.0,0.0
2024-03-01 00:00:00+09:00,3303.8235351562503,3303.8235351562503,3236.201416015625,3236.201416015625,1700,0.0,0.0
2024-03-04 00:00:00+09:00,3236.2016161064125,3250.6920711039043,3154.0890377872947,3158.919189453125,4200,0.0,0.0
2024-03-05 00:00:00+09:00,3158.919090616739,3270.012575454942,3158.919090616739,3197.560302734375,900,0.0,0.0
2024-03-06 00:00:00+09:00,3168.579296875,3187.89990234375,3163.7491455078125,3187.89990234375,1200,0.0,0.0
2024-03-07 00:00:00+09:00,3158.9190657406107,3231.371337890625,3158.9190657406107,3231.371337890625,800,0.0,0.0
2024-03-08 00:00:00+09:00,3241.03173828125,3241.03173828125,3226.541283415611,3241.03173828125,700,0.0,0.0
2024-03-11 00:00:00+09:00,3241.0315924698507,3241.0315924698507,3144.42856437835,3154.0888671875,2600,0.0,0.0
2024-03-12 00:00:00+09:00,3144.428467904926,3192.72998046875,3115.447560366632,3192.72998046875,800,0.0,0.0
2024-03-13 00:00:00+09:00,3216.880710177951,3216.880710177951,3129.93798828125,3129.93798828125,500,0.0,0.0
2024-03-14 00:00:00+09:00,3173.4093050275533,3284.5027814592636,3158.9188515799387,3245.861572265625,4300,0.0,0.0
2024-03-15 00:00:00+09:00,3284.502854340015,3284.502854340015,3192.72998046875,3192.72998046875,900,0.0,0.0
2024-03-18 00:00:00+09:00,3149.258643460561,3279.6727283891423,3139.5983408732586,3207.220458984375,3200,0.0,0.0
2024-03-19 00:00:00+09:00,3197.560205078125,3241.0315673828127,3168.579296875,3236.201416015625,1500,0.0,0.0
2024-03-21 00:00:00+09:00,3231.371264648438,3284.5029296875,3202.3903564453126,3284.5029296875,3100,0.0,0.0
2024-03-22 00:00:00+09:00,3284.5029296875,3284.5029296875,3284.5029296875,3284.5029296875,300,0.0,0.0
2024-03-25 00:00:00+09:00,3284.5028811449197,3303.823486328125,3284.5028811449197,3303.823486328125,1000,0.0,0.0
2024-03-26 00:00:00+09:00,3313.483936119639,3313.483936119639,3255.5221179950972,3294.163330078125,1300,0.0,0.0
2024-03-27 00:00:00+09:00,3303.8236588541668,3303.8236588541668,3212.050779441551,3260.352294921875,1400,0.0,0.0
2024-03-28 00:00:00+09:00,3294.984102006392,3319.7212198893226,3225.7201719341856,3265.299560546875,1800,80.0,0.0
2024-03-29 00:00:00+09:00,3196.03561700204,3334.5634765625,3196.03561700204,3334.5634765625,1000,0.0,0.0
2024-04-01 00:00:00+09:00,3265.2995325307375,3319.72119140625,3265.2995325307375,3319.72119140625,1300,0.0,0.0
2024-04-02 00:00:00+09:00,3186.1409106407923,3299.9316574493923,3186.1409106407923,3230.667724609375,2800,0.0,0.0
2024-04-03 00:00:00+09:00,3230.6676241693954,3230.6676241693954,3161.403693482762,3210.8779296875,800,0.0,0.0
2024-04-04 00:00:00+09:00,3280.141845703125,3280.141845703125,3250.4573041130516,3280.141845703125,5000,0.0,0.0
2024-04-05 00:00:00+09:00,3260.3521369702885,3265.299560546875,3250.4572898171164,3265.299560546875,1600,0.0,0.0
2024-04-08 00:00:00+09:00,3280.1419035844892,3280.1419035844892,3255.40478515625,3255.40478515625,900,0.0,0.0
2024-04-09 00:00:00+09:00,3275.1943784941227,3290.036649091528,3166.3510607798166,3235.614990234375,4300,0.0,0.0
2024-04-10 00:00:00+09:00,3230.667724609375,3230.667724609375,3230.667724609375,3230.667724609375,300,0.0,0.0
2024-04-11 00:00:00+09:00,3220.7728907887526,3245.510009765625,3205.9306194026294,3245.510009765625,700,0.0,0.0
2024-04-12 00:00:00+09:00,3265.2997187381447,3265.2997187381447,3200.9832091266358,3260.352294921875,400,0.0,0.0
2024-04-15 00:00:00+09:00,3260.352236828172,3285.08935546875,3191.088304634554,3285.08935546875,1800,0.0,0.0
2024-04-16 00:00:00+09:00,3235.614990234375,3235.614990234375,3235.614990234375,3235.614990234375,100,0.0,0.0
2024-04-17 00:00:00+09:00,3285.089283619557,3294.984130859375,3285.089283619557,3294.984130859375,1500,0.0,0.0
2024-04-18 00:00:00+09:00,3299.9315548560285,3299.9315548560285,3210.8779296875,3210.8779296875,300,0.0,0.0
2024-04-19 00:00:00+09:00,3205.9304917279414,3210.8779153262867,3196.03564453125,3196.03564453125,500,0.0,0.0
2024-04-22 00:00:00+09:00,3220.7729081483644,3230.667755792446,3082.2450411312307,3176.24609375,1800,0.0,0.0
2024-04-23 00:00:00+09:00,3215.8253675589535,3225.72021484375,3215.8253675589535,3225.72021484375,300,0.0,0.0
2024-04-24 00:00:00+09:00,3220.772705078125,3220.772705078125,3220.772705078125,3220.772705078125,200,0.0,0.0
2024-04-25 00:00:00+09:00,3235.6150190873577,3265.299560546875,3235.6150190873577,3265.299560546875,700,0.0,0.0
2024-04-26 00:00:00+09:00,3265.2995749080883,3280.141845703125,3220.772762522978,3280.141845703125,800,0.0,0.0
2024-04-30 00:00:00+09:00,3329.6162109375,3329.6162109375,3280.141973033525,3329.6162109375,1800,0.0,0.0
2024-05-01 00:00:00+09:00,3319.721147151152,3329.615994087519,3275.1943359375,3275.1943359375,2500,0.0,0.0
2024-05-02 00:00:00+09:00,3285.0893968239225,3329.6162109375,3285.0893968239225,3329.6162109375,500,0.0,0.0
2024-05-07 00:00:00+09:00,3314.7739395663075,3329.6162109375,3314.7739395663075,3329.6162109375,500,0.0,0.0
2024-05-08 00:00:00+09:00,3329.616166841616,3369.195556640625,3329.616166841616,3369.195556640625,2400,0.0,0.0
2024-05-09 00:00:00+09:00,3379.090466512353,3379.090466512353,3260.352294921875,3260.352294921875,1900,0.0,0.0
2024-05-10 00:00:00+09:00,3359.300711390484,3359.300711390484,3166.351185993976,3285.08935546875,4100,0.0,0.0
2024-05-13 00:00:00+09:00,3008.033521884273,3334.5634765625,2844.7685445451593,3334.5634765625,8100,0.0,0.0
2024-05-14 00:00:00+09:00,3181.1933149783627,3181.1933149783627,2943.7169866440527,2954.601318359375,6200,0.0,0.0
2024-05-15 00:00:00+09:00,2945.6960965354974,3017.928483182152,2939.7591880439913,2948.66455078125,2500,0.0,0.0
2024-05-16 00:00:00+09:00,2948.6645226430082,2973.401641121557,2918.97998046875,2918.97998046875,2700,0.0,0.0
2024-05-17 00:00:00+09:00,2919.969465207892,2945.6960684255823,2918.97998046875,2918.97998046875,600,0.0,0.0
2024-05-20 00:00:00+09:00,2890.284905983093,2917.990478515625,2869.5057265836936,2917.990478515625,2300,0.0,0.0
2024-05-21 00:00:00+09:00,2917.9905679508133,2917.9905679508133,2909.085205078125,2909.085205078125,500,0.0,0.0
2024-05-22 00:00:00+09:00,2907.1061383304477,2907.1061383304477,2875.442626953125,2875.442626953125,300,0.0,0.0
2024-05-23 00:00:00+09:00,2873.463726240335,2899.1903298499246,2869.505787223475,2879.400634765625,1100,0.0,0.0
2024-05-24 00:00:00+09:00,2879.4004621834592,2879.4004621834592,2869.505615234375,2869.505615234375,600,0.0,0.0
2024-05-27 00:00:00+09:00,2865.5476764547416,2887.3163397427265,2865.5476764547416,2869.505615234375,1100,0.0,0.0
2024-05-28 00:00:00+09:00,2866.5371463557462,2868.5161157353496,2854.663330078125,2854.663330078125,1500,0.0,0.0
2024-05-29 00:00:00+09:00,2845.757965262277,2845.757965262277,2770.55712890625,2770.55712890625,2000,0.0,0.0
2024-05-30 00:00:00+09:00,2770.557226424665,2804.19970703125,2770.557226424665,2804.19970703125,1000,0.0,0.0
2024-05-31 00:00:00+09:00,2804.1996459085253,2804.1996459085253,2736.914686161955,2758.683349609375,1000,0.0,0.0
2024-06-03 00:00:00+09:00,2758.683349609375,2797.2732529934374,2758.683349609375,2758.683349609375,800,0.0,0.0
2024-06-04 00:00:00+09:00,2755.715067211094,2768.578369140625,2754.7255824472836,2768.578369140625,500,0.0,0.0
2024-06-05 00:00:00+09:00,2746.809567512321,2760.662353515625,2746.809567512321,2760.662353515625,400,0.0,0.0
2024-06-06 00:00:00+09:00,2753.7359460339244,2753.7359460339244,2745.820068359375,2745.820068359375,500,0.0,0.0
2024-06-07 00:00:00+09:00,2740.8726592251905,2760.662353515625,2740.8726592251905,2760.662353515625,200,0.0,0.0
2024-06-10 00:00:00+09:00,2766.59936856915,2766.59936856915,2750.767612525836,2752.74658203125,700,0.0,0.0
2024-06-11 00:00:00+09:00,2752.7464814403625,2823.9893810319177,2732.956787109375,2732.956787109375,6300,0.0,0.0
2024-06-12 00:00:00+09:00,2732.9568481669457,2732.9568481669457,2688.430034927441,2694.366943359375,1700,0.0,0.0
2024-06-13 00:00:00+09:00,2694.3669465136463,2701.293339692345,2680.51416015625,2680.51416015625,800,0.0,0.0
2024-06-14 00:00:00+09:00,2729.988367370517,2734.935791015625,2684.472069835525,2734.935791015625,2900,0.0,0.0
2024-06-17 00:00:00+09:00,2734.9357651654414,2734.9357651654414,2671.6087431066176,2691.3984375,1200,0.0,0.0
2024-06-18 00:00:00+09:00,2691.3983883647797,2691.3983883647797,2674.5771484375,2674.5771484375,400,0.0,0.0
2024-06-19 00:00:00+09:00,2681.5035480001698,2750.767477284307,2681.5035480001698,2730.977783203125,1200,0.0,0.0
2024-06-20 00:00:00+09:00,2737.904193418089,2779.4625512509624,2731.96728515625,2731.96728515625,700,0.0,0.0
2024-06-21 00:00:00+09:00,2733.946395669096,2742.851758521438,2726.030517578125,2726.030517578125,500,0.0,0.0
2024-06-24 00:00:00+09:00,2770.55712890625,2770.55712890625,2759.672797328404,2770.55712890625,600,0.0,0.0
2024-06-25 00:00:00+09:00,2795.294246298562,2868.51611328125,2795.294246298562,2868.51611328125,3000,0.0,0.0
2024-06-26 00:00:00+09:00,2866.53722717829,2887.31640625,2859.6108341543863,2887.31640625,1900,0.0,0.0
2024-06-27 00:00:00+09:00,2898.20082860345,2957.569913518509,2896.2218591062815,2948.66455078125,3300,0.0,0.0
2024-06-28 00:00:00+09:00,2948.664571352587,3126.7718273403266,2901.1693030891893,2935.80126953125,7200,0.0,0.0
2024-07-01 00:00:00+09:00,2900.17967025184,2935.801119630573,2899.190185546875,2899.190185546875,2500,0.0,0.0
2024-07-02 00:00:00+09:00,2898.2007126365006,2927.88525390625,2897.2112279275093,2927.88525390625,400,0.0,0.0
2024-07-03 00:00:00+09:00,2944.706493959108,2944.706493959108,2857.6318395678436,2927.88525390625,1200,0.0,0.0
2024-07-04 00:00:00+09:00,2926.8959445391815,2926.8959445391815,2923.927490234375,2923.927490234375,400,0.0,0.0
2024-07-05 00:00:00+09:00,2912.0536730151493,2923.927490234375,2901.169340564192,2923.927490234375,400,0.0,0.0
2024-07-08 00:00:00+09:00,2903.1481617332074,2911.0640394748116,2886.3269215322994,2887.31640625,900,0.0,0.0
2024-07-09 00:00:00+09:00,2875.4426239431723,2889.29541015625,2875.4426239431723,2889.29541015625,500,0.0,0.0
2024-07-10 00:00:00+09:00,2870.495148908205,2886.326904296875,2870.495148908205,2886.326904296875,200,0.0,0.0
2024-07-11 00:00:00+09:00,2889.2955275479094,2889.2955275479094,2839.8212890625,2839.8212890625,700,0.0,0.0
2024-07-12 00:00:00+09:00,2839.8212890625,2880.3901646205354,2829.9264413654178,2839.8212890625,900,0.0,0.0
2024-07-16 00:00:00+09:00,2889.295291573661,2890.284776262556,2770.55712890625,2770.55712890625,4100,0.0,0.0
2024-07-17 00:00:00+09:00,2800.2417681363577,2864.558275178359,2800.2417681363577,2804.19970703125,1100,0.0,0.0
2024-07-18 00:00:00+09:00,2818.0524384885766,2820.0314078976276,2805.1891373297453,2815.083984375,3800,0.0,0.0
2024-07-19 00:00:00+09:00,2827.9473117658035,2862.5792767454404,2786.3889537902387,2858.621337890625,1200,0.0,0.0
2024-07-22 00:00:00+09:00,2870.4950750083844,2870.4950750083844,2812.115478515625,2812.115478515625,4000,0.0,0.0
2024-07-23 00:00:00+09:00,2814.094516906953,2856.642359462156,2814.094516906953,2816.073486328125,800,0.0,0.0
2024-07-24 00:00:00+09:00,2816.073486328125,2816.073486328125,2816.073486328125,2816.073486328125,0,0.0,0.0
2024-07-25 00:00:00+09:00,2877.4216964481175,2878.411181213058,2824.97900390625,2824.97900390625,700,0.0,0.0
2024-07-26 00:00:00+09:00,2821.021013300014,2822.010498046875,2821.021013300014,2822.010498046875,300,0.0,0.0
2024-07-29 00:00:00+09:00,2823.9894847528917,2873.4637223974764,2823.0,2823.0,700,0.0,0.0
2024-07-30 00:00:00+09:00,2823.989501953125,2823.989501953125,2823.989501953125,2823.989501953125,200,0.0,0.0
2024-07-31 00:00:00+09:00,2825.968478301907,2868.5163230382454,2814.094661166185,2866.537353515625,2200,0.0,0.0
2024-08-01 00:00:00+09:00,2817.0629167566776,2828.9367330549144,2779.462498478928,2826.957763671875,1100,0.0,0.0
2024-08-02 00:00:00+09:00,2678.535141743985,2776.4941291960185,2676.55617230051,2747.799072265625,2100,0.0,0.0
2024-08-05 00:00:00+09:00,2401.4795314682265,2671.608873079609,2401.4795314682265,2656.7666015625,4400,0.0,0.0
2024-08-06 00:00:00+09:00,2656.7664552936226,2690.408935546875,2656.7664552936226,2690.408935546875,500,0.0,0.0
2024-08-07 00:00:00+09:00,2739.8831035505023,2797.2732155064177,2721.0828944614955,2770.55712890625,1500,0.0,0.0
2024-08-08 00:00:00+09:00,2769.567853904435,2769.567853904435,2768.578369140625,2768.578369140625,200,0.0,0.0
2024-08-09 00:00:00+09:00,2807.1682714079725,2918.9800495782583,2727.0200056398917,2782.43115234375,18900,0.0,0.0
2024-08-13 00:00:00+09:00,2782.43107421875,2855.6529445929277,2782.43107421875,2820.031494140625,2300,0.0,0.0
2024-08-14 00:00:00+09:00,2831.9053868697683,2888.3060182644494,2823.989508779287,2866.537353515625,2100,0.0,0.0
2024-08-15 00:00:00+09:00,2879.40054569068,2888.305908203125,2879.40054569068,2888.305908203125,500,0.0,0.0
2024-08-16 00:00:00+09:00,2842.789709111305,2908.095703125,2842.789709111305,2908.095703125,600,0.0,0.0
2024-08-19 00:00:00+09:00,2929.864263639245,2929.864263639245,2856.6423941663293,2902.15869140625,2600,0.0,0.0
2024-08-20 00:00:00+09:00,2899.1902574513056,2899.1902574513056,2870.4952002956443,2889.29541015625,700,0.0,0.0
2024-08-21 00:00:00+09:00,2872.474238154337,2896.221872227952,2847.737119327655,2893.25341796875,1000,0.0,0.0
2024-08-22 00:00:00+09:00,2869.505597970205,2869.505597970205,2821.0208482113985,2868.51611328125,300,0.0,0.0
2024-08-23 00:00:00+09:00,2868.51611328125,2869.505597970205,2821.0208482113985,2868.51611328125,1700,0.0,0.0
2024-08-26 00:00:00+09:00,2915.021940826312,2918.979879646171,2899.190185546875,2899.190185546875,1000,0.0,0.0
2024-08-27 00:00:00+09:00,2918.979879646171,2918.979879646171,2888.305853792262,2899.190185546875,2100,0.0,0.0
2024-08-28 00:00:00+09:00,2899.1901735123665,2899.1901735123665,2870.4951171875,2870.4951171875,700,0.0,0.0
2024-08-29 00:00:00+09:00,2870.49527197769,2885.3375432909147,2824.9789732838003,2879.400634765625,1800,0.0,0.0
2024-08-30 00:00:00+09:00,2879.400634765625,2879.400634765625,2879.400634765625,2879.400634765625,200,0.0,0.0
2024-09-02 00:00:00+09:00,2846.74755859375,2846.74755859375,2846.74755859375,2846.74755859375,300,0.0,0.0
2024-09-03 00:00:00+09:00,2917.9904324987147,2918.9799172164153,2851.6949564127826,2887.31640625,7700,0.0,0.0
2024-09-04 00:00:00+09:00,2887.316400276619,2888.3058849922722,2830.915771484375,2830.915771484375,1200,0.0,0.0
2024-09-05 00:00:00+09:00,2830.915820091942,2847.737060546875,2830.915820091942,2847.737060546875,600,0.0,0.0
2024-09-06 00:00:00+09:00,2897.211198894674,2898.20068359375,2869.5056273205446,2898.20068359375,500,0.0,0.0
2024-09-09 00:00:00+09:00,2896.2218124463875,2896.2218124463875,2786.389007123002,2847.737060546875,1200,0.0,0.0
2024-09-10 00:00:00+09:00,2889.2954542371963,2889.2954542371963,2849.716064453125,2849.716064453125,200,0.0,0.0
2024-09-11 00:00:00+09:00,2849.7160361842107,2854.663459858142,2703.2722954358555,2820.031494140625,1200,0.0,0.0
2024-09-12 00:00:00+09:00,2820.031434056172,2865.5477308865525,2811.1260716328366,2858.621337890625,1000,0.0,0.0
2024-09-13 00:00:00+09:00,2854.663330078125,2854.663330078125,2854.663330078125,2854.663330078125,200,0.0,0.0
2024-09-17 00:00:00+09:00,2850.7054484334026,2850.7054484334026,2829.92626953125,2829.92626953125,200,0.0,0.0
2024-09-18 00:00:00+09:00,2830.915771484375,2830.915771484375,2830.915771484375,2830.915771484375,100,0.0,0.0
2024-09-19 00:00:00+09:00,2830.9158818090905,2880.39011951984,2830.9158818090905,2879.400634765625,800,0.0,0.0
2024-09-20 00:00:00+09:00,2879.400634765625,2879.400634765625,2879.400634765625,2879.400634765625,0,0.0,0.0
2024-09-24 00:00:00+09:00,2887.3163418001463,2953.61181640625,2879.400464235239,2953.61181640625,2300,0.0,0.0
2024-09-25 00:00:00+09:00,2904.1377709617077,2973.401704170334,2880.39013671875,2880.39013671875,2600,0.0,0.0
2024-09-26 00:00:00+09:00,2850.7055730809675,2869.5057833859096,2823.0,2823.0,1300,0.0,0.0
2024-09-27 00:00:00+09:00,2863.0,2890.0,2851.0,2851.0,500,30.0,0.0
