Date,Open,High,Low,Close,Volume,Dividends,Stock Splits
2007-12-31 00:00:00+08:00,12.281248400341983,12.862991582525074,12.281248400341983,12.44284439086914,92806,0.0,0.0
2008-01-02 00:00:00+08:00,12.507480001083296,13.283137453828218,11.990375297443826,12.669075965881348,230726,0.0,0.0
2008-01-03 00:00:00+08:00,12.410525884087935,12.5398026919878,12.119654655456543,12.119654655456543,110851,0.0,0.0
2008-01-04 00:00:00+08:00,11.958058228242114,12.28124944214066,11.958058228242114,12.18429183959961,137920,0.0,0.0
2008-01-07 00:00:00+08:00,11.958057432878512,12.1196534263654,11.958057432878512,11.990377426147461,118585,0.0,0.0
2008-01-08 00:00:00+08:00,12.022695830273268,12.34588702267547,11.893419830055329,11.990377426147461,64448,0.0,0.0
2008-01-09 00:00:00+08:00,11.958056196993251,12.41052334285015,11.958056196993251,12.02269458770752,116007,0.0,0.0
2008-01-10 00:00:00+08:00,12.281247808638323,12.539800586453287,12.151971817016602,12.151971817016602,92806,0.0,0.0
2008-01-11 00:00:00+08:00,12.151973857431509,12.378207476684622,12.022697049531644,12.119654655456543,134053,0.0,0.0
2008-01-14 00:00:00+08:00,12.248928612090014,12.410523800260046,12.08733342391998,12.151971817016602,68315,0.0,0.0
2008-01-15 00:00:00+08:00,12.21660983049072,12.604437793304408,12.119652243858678,12.410523414611816,194635,0.0,0.0
2008-01-16 00:00:00+08:00,12.28125000596075,12.410526020712128,12.087335586547852,12.087335586547852,83783,0.0,0.0
2008-01-17 00:00:00+08:00,12.087335586547852,12.378207612953029,12.087335586547852,12.087335586547852,104406,0.0,0.0
2008-01-18 00:00:00+08:00,12.119654495093677,12.345888111353348,12.087335293546346,12.313568115234375,87650,0.0,0.0
2008-01-21 00:00:00+08:00,12.281249870759723,12.281249870759723,12.119654655456543,12.119654655456543,60581,0.0,0.0
2008-01-22 00:00:00+08:00,12.022696332991684,12.022696332991684,11.27935791015625,11.27935791015625,371224,0.0,0.0
2008-01-23 00:00:00+08:00,11.69950527772047,11.69950527772047,10.503698914589513,10.600656509399414,329977,0.0,0.0
2008-01-24 00:00:00+08:00,10.018912854249926,10.600656012104048,10.018912854249926,10.083550453186035,337711,0.0,0.0
2008-01-25 00:00:00+08:00,9.728041317192906,10.632975688865384,9.728041317192906,10.406742095947266,154676,0.0,0.0
2008-01-28 00:00:00+08:00,10.536018413167941,10.536018413167941,10.051231256432217,10.083550453186035,83783,0.0,0.0
2008-01-29 00:00:00+08:00,10.018913829741631,10.180509034672909,9.792680225009203,10.11587142944336,125030,0.0,0.0
2008-01-30 00:00:00+08:00,10.148190233826526,10.309786239683795,10.148190233826526,10.212828636169434,73471,0.0,0.0
2008-01-31 00:00:00+08:00,10.212828635155116,10.342105439828092,9.695723005606476,10.018914222717285,186901,0.0,0.0
2008-02-01 00:00:00+08:00,10.018913711194159,10.536019314341585,10.018913711194159,10.3421049118042,141787,0.0,0.0
2008-02-12 00:00:00+08:00,10.277465839803035,10.342105034175788,10.08355143497118,10.11587142944336,55425,0.0,0.0
2008-02-13 00:00:00+08:00,10.40674196704347,10.729932356025245,10.14818917911512,10.439061164855957,139209,0.0,0.0
2008-02-14 00:00:00+08:00,10.665295082487448,11.150080680847168,10.665295082487448,11.150080680847168,159832,0.0,0.0
2008-02-15 00:00:00+08:00,11.150080695065757,11.247038291604287,10.923847892285675,10.988486289978027,126319,0.0,0.0
2008-02-18 00:00:00+08:00,11.053123921948728,11.731823921203613,11.053123921948728,11.731823921203613,222992,0.0,0.0
2008-02-19 00:00:00+08:00,12.507483349657242,12.539802551269531,12.184292128105996,12.539802551269531,286152,0.0,0.0
2008-02-20 00:00:00+08:00,12.669077983035601,13.186181974436272,12.44284439086914,12.44284439086914,514300,0.0,0.0
2008-02-21 00:00:00+08:00,12.475164148044954,12.927631381473713,12.281249732942863,12.539802551269531,372513,0.0,0.0
2008-02-22 00:00:00+08:00,12.539802024138096,13.412416458129883,12.281249216680125,13.412416458129883,716669,0.0,0.0
2008-02-25 00:00:00+08:00,14.3496675491333,14.3496675491333,13.961840371496674,14.3496675491333,1368889,0.0,0.0
2008-02-26 00:00:00+08:00,14.996049952454783,14.996049952454783,14.349667612218333,14.414307594299316,1278661,0.0,0.0
2008-02-27 00:00:00+08:00,14.769814630758951,15.189963340759277,14.575899474802757,15.189963340759277,951262,0.0,0.0
2008-02-29 00:00:00+08:00,15.351561980608755,16.22417640686035,15.254603586136083,16.22417640686035,1448806,0.0,0.0
2008-03-03 00:00:00+08:00,16.22417640686035,16.41809160666249,15.222285180740663,16.22417640686035,1112384,0.0,0.0
2008-03-04 00:00:00+08:00,16.676640053491912,17.3230223255586,16.515044882760954,16.54736328125,1234836,0.0,0.0
2008-03-05 00:00:00+08:00,16.54736681738737,16.935195627848437,16.159539596069514,16.22417640686035,810764,0.0,0.0
2008-03-06 00:00:00+08:00,15.900986944089874,16.67664461124402,15.319242899152615,15.448519706726074,969308,0.0,0.0
2008-03-07 00:00:00+08:00,15.254600136935162,15.707067245023431,14.899091401396412,15.189963340759277,730847,0.0,0.0
2008-03-10 00:00:00+08:00,14.996049886528079,14.996049886528079,14.220392352968767,14.3496675491333,438250,0.0,0.0
2008-03-11 00:00:00+08:00,14.220393774603101,15.060689784821859,13.961841767283172,14.899094581604004,518167,0.0,0.0
2008-03-12 00:00:00+08:00,15.319240355878419,15.319240355878419,14.769816398620605,14.769816398620605,315798,0.0,0.0
2008-03-13 00:00:00+08:00,14.608221119748423,15.093006680937235,14.091115567661207,14.3496675491333,421494,0.0,0.0
2008-03-14 00:00:00+08:00,14.6082214120904,14.834454996334538,14.317349433898926,14.317349433898926,277129,0.0,0.0
2008-03-17 00:00:00+08:00,14.091118125456166,14.220394934229827,13.897204501438994,14.026479721069336,185612,0.0,0.0
2008-03-18 00:00:00+08:00,14.09111499786377,14.188073377495282,13.89720141688667,14.09111499786377,164988,0.0,0.0
2008-03-19 00:00:00+08:00,14.54358213900095,14.54358213900095,14.09111499786377,14.09111499786377,190768,0.0,0.0
2008-03-20 00:00:00+08:00,13.897204241516066,13.961842644693947,13.574012225626658,13.703289031982422,250060,0.0,0.0
2008-03-21 00:00:00+08:00,13.897203184988173,14.220393587163906,13.897203184988173,13.961841583251953,224281,0.0,0.0
2008-03-24 00:00:00+08:00,14.608221119748423,14.737497905055983,13.961840371496674,14.3496675491333,317087,0.0,0.0
2008-03-25 00:00:00+08:00,14.608223358881263,15.028370591816012,14.543584956319778,14.705180168151855,416338,0.0,0.0
2008-03-26 00:00:00+08:00,14.220394118815483,15.060690149374063,14.220394118815483,14.575902938842773,332555,0.0,0.0
2008-03-27 00:00:00+08:00,14.672861627551708,14.931413646295072,14.543584823608398,14.543584823608398,201079,0.0,0.0
2008-03-28 00:00:00+08:00,14.931411493874297,14.931411493874297,14.3496675491333,14.3496675491333,251349,0.0,0.0
2008-03-31 00:00:00+08:00,14.414308078425401,14.543583279500163,14.252711296081543,14.252711296081543,61870,0.0,0.0
2008-04-01 00:00:00+08:00,14.252713098896413,14.381989905466389,14.123437881469727,14.123437881469727,157254,0.0,0.0
2008-04-02 00:00:00+08:00,14.123436638802508,14.381988640050169,14.123436638802508,14.155755043029785,172722,0.0,0.0
2008-04-03 00:00:00+08:00,14.1557544979897,14.28503128820755,14.026477707771848,14.252711296081543,259083,0.0,0.0
2008-04-07 00:00:00+08:00,14.802135535856472,15.222284317016602,14.543583539933936,15.222284317016602,774673,0.0,0.0
2008-04-08 00:00:00+08:00,15.48083741099949,15.610114212701959,14.963733382476075,14.996051788330078,480787,0.0,0.0
2008-04-09 00:00:00+08:00,14.511266831106106,15.254604502124579,14.511266831106106,15.060690879821777,238460,0.0,0.0
2008-04-10 00:00:00+08:00,15.060690091117378,16.09490131971666,15.060690091117378,15.997942924499512,1559657,0.0,0.0
2008-04-11 00:00:00+08:00,16.159539288774578,16.418091294450843,15.480836896945123,15.51315689086914,1660197,0.0,0.0
2008-04-14 00:00:00+08:00,15.383880777622322,16.159540007433147,15.383880777622322,15.57779598236084,725692,0.0,0.0
2008-04-15 00:00:00+08:00,16.03026036751021,16.03026036751021,15.448517976857632,15.642433166503906,324821,0.0,0.0
2008-04-16 00:00:00+08:00,15.739387931220705,16.15953665987931,15.642431143508302,15.836344718933105,605817,0.0,0.0
2008-04-17 00:00:00+08:00,16.418091342465527,16.935195355330332,16.159539336033124,16.288814544677734,1537745,0.0,0.0
2008-04-18 00:00:00+08:00,16.67664263590835,17.3876634041992,16.48272744751727,17.258386611938477,1822608,0.0,0.0
2008-04-21 00:00:00+08:00,17.38766530896462,17.38766530896462,16.06258201599121,16.06258201599121,1065981,0.0,0.0
2008-04-22 00:00:00+08:00,15.57779784978803,16.062583536034342,15.57779784978803,15.96562671661377,324821,0.0,0.0
2008-04-23 00:00:00+08:00,16.224172991083723,16.224172991083723,15.707067489624022,15.707067489624023,197212,0.0,0.0
2008-04-24 00:00:00+08:00,15.836349897957376,16.03026353679853,15.707073079300985,15.96562671661377,194635,0.0,0.0
2008-04-25 00:00:00+08:00,15.804029572833917,16.74128242166387,15.804029572833917,15.933304786682129,578749,0.0,0.0
2008-04-28 00:00:00+08:00,15.73938723225422,16.15953594225455,15.189963340759277,15.189963340759277,482076,0.0,0.0
2008-04-29 00:00:00+08:00,15.416200178211113,15.642433780439442,15.22228498095404,15.254603385925293,372513,0.0,0.0
2008-04-30 00:00:00+08:00,15.254604502124579,15.480838120906714,15.060690879821777,15.060690879821777,195923,0.0,0.0
2008-05-02 00:00:00+08:00,15.222285827085454,15.383881039210365,14.931413809603301,15.12532901763916,264239,0.0,0.0
2008-05-05 00:00:00+08:00,15.189967687452514,15.383881309755314,14.866775668375675,15.060690879821777,208813,0.0,0.0
2008-05-06 00:00:00+08:00,15.254603802591786,15.254603802591786,14.899094981624842,14.996051788330078,125030,0.0,0.0
2008-05-07 00:00:00+08:00,15.093009021728214,15.319242636531746,15.06069061496054,15.12532901763916,184323,0.0,0.0
2008-05-08 00:00:00+08:00,15.448519179201828,15.900986401115123,15.22228556824518,15.57779598236084,217836,0.0,0.0
2008-05-09 00:00:00+08:00,15.804025617572952,15.804025617572952,15.189963340759277,15.189963340759277,171433,0.0,0.0
2008-05-12 00:00:00+08:00,15.189967687452514,15.319242905939946,15.028370883342443,15.060690879821777,104406,0.0,0.0
2008-05-13 00:00:00+08:00,15.189964709019458,15.31923990215874,15.060687926737184,15.286921501159668,206235,0.0,0.0
2008-05-14 00:00:00+08:00,15.254604233853126,15.254604233853126,15.028370619049594,15.12532901763916,87650,0.0,0.0
2008-05-15 00:00:00+08:00,15.18996643738887,15.44851844222941,14.737499237060547,14.737499237060547,407315,0.0,0.0
2008-05-16 00:00:00+08:00,14.931412843405159,15.125328038892942,14.672860838564619,14.737499237060547,368646,0.0,0.0
2008-05-19 00:00:00+08:00,14.737500190710715,15.18996742031778,14.737500190710715,15.12532901763916,286152,0.0,0.0
2008-05-20 00:00:00+08:00,15.319242033120986,15.319242033120986,14.769818015708932,14.802136421203613,256505,0.0,0.0
2008-05-21 00:00:00+08:00,14.67286121008168,14.996051621601332,14.67286121008168,14.802136421203613,167566,0.0,0.0
2008-05-22 00:00:00+08:00,14.737496887144767,15.836344718933105,14.737496887144767,15.836344718933105,732136,0.0,0.0
2008-05-23 00:00:00+08:00,16.935192550721446,16.935192550721446,15.836344718933105,15.836344718933105,2373000,0.0,0.0
2008-05-26 00:00:00+08:00,15.836346265768544,16.256493446322647,15.739389468585761,16.12721824645996,644486,0.0,0.0
2008-05-27 00:00:00+08:00,16.288815221448914,16.418092024607926,15.383880777622322,15.57779598236084,563281,0.0,0.0
2008-05-28 00:00:00+08:00,15.836344015660893,15.836344015660893,15.125324955440547,15.189963340759277,523323,0.0,0.0
2008-05-29 00:00:00+08:00,15.25460336383022,15.448518560806423,14.802136160028928,14.866774559020996,385403,0.0,0.0
2008-05-30 00:00:00+08:00,14.86677525250952,15.383880879424238,14.543584831616544,15.319242477416992,384114,0.0,0.0
2008-06-02 00:00:00+08:00,14.89909566485501,15.189967687452514,14.834457261039642,15.060690879821777,130186,0.0,0.0
2008-06-03 00:00:00+08:00,15.0606914415376,15.51315869597746,14.866776222859077,14.96373462677002,433095,0.0,0.0
2008-06-04 00:00:00+08:00,15.125328038892942,15.254603246741626,14.60822244006869,14.737499237060547,212680,0.0,0.0
2008-06-05 00:00:00+08:00,14.769817783372446,15.125328183937638,14.737499378386149,14.899094581604004,314509,0.0,0.0
2008-06-06 00:00:00+08:00,14.931413098734174,15.125328297537932,14.866774699132922,15.028369903564453,238460,0.0,0.0
2008-06-09 00:00:00+08:00,15.028370027096013,15.028370027096013,14.67286121008168,14.802136421203613,114718,0.0,0.0
2008-06-10 00:00:00+08:00,14.802136046413302,14.996051241901085,14.737499237060547,14.737499237060547,210102,0.0,0.0
2008-06-11 00:00:00+08:00,14.737497437648608,14.769815838378989,13.800243157608838,13.897201538085938,279707,0.0,0.0
2008-06-12 00:00:00+08:00,13.70328701659468,13.70328701659468,12.927629470825195,12.927629470825195,510433,0.0,0.0
2008-06-13 00:00:00+08:00,12.281248390096696,12.927629967951423,12.281248390096696,12.604438781738281,152098,0.0,0.0
2008-06-16 00:00:00+08:00,12.60443801846236,12.927629185104298,12.60443801846236,12.79835319519043,108273,0.0,0.0
2008-06-17 00:00:00+08:00,12.798353478054123,12.992267864496494,12.281247917826784,12.927629470825195,158543,0.0,0.0
2008-06-18 00:00:00+08:00,12.895311786655599,13.250822198978858,12.862992586028792,13.21850299835205,69604,0.0,0.0
2008-06-19 00:00:00+08:00,13.056904586970626,13.056904586970626,12.60443745079271,12.701395034790039,118585,0.0,0.0
2008-06-20 00:00:00+08:00,12.669077665628421,12.669077665628421,12.184290500764218,12.281248092651367,166277,0.0,0.0
2008-06-23 00:00:00+08:00,12.02269458770752,12.24892816063597,11.958056196993251,12.02269458770752,50269,0.0,0.0
2008-06-24 00:00:00+08:00,12.087334198037054,12.313566999220964,11.958057403564453,11.958057403564453,152098,0.0,0.0
2008-06-25 00:00:00+08:00,11.958057963569793,12.281249170315023,11.828781957614664,12.055015563964844,73471,0.0,0.0
2008-06-26 00:00:00+08:00,12.24892997018334,12.3135675758751,11.958057963569793,12.055015563964844,122452,0.0,0.0
2008-06-27 00:00:00+08:00,11.505589991419495,11.7641427629795,11.21471881866455,11.21471881866455,310642,0.0,0.0
2008-06-30 00:00:00+08:00,11.214719083508978,11.214719083508978,10.47137994704086,10.503698348999023,260372,0.0,0.0
2008-07-01 00:00:00+08:00,10.2128272402013,10.600656012104048,10.018912854249926,10.083550453186035,185612,0.0,0.0
2008-07-02 00:00:00+08:00,10.08355143497118,10.600657044237192,9.95427542994048,10.11587142944336,203657,0.0,0.0
2008-07-03 00:00:00+08:00,10.083550052557332,10.794569969177246,9.954274065249844,10.794569969177246,126319,0.0,0.0
2008-07-04 00:00:00+08:00,10.988486377871686,10.988486377871686,10.665295181396386,10.72993278503418,139209,0.0,0.0
2008-07-07 00:00:00+08:00,10.665293577005954,10.859207153320312,10.568335994277314,10.859207153320312,46403,0.0,0.0
2008-07-08 00:00:00+08:00,10.859209208021149,10.859209208021149,10.471381187438965,10.471381187438965,68315,0.0,0.0
2008-07-09 00:00:00+08:00,10.729930990969972,10.92384615317513,10.471379030505997,10.536017417907715,58003,0.0,0.0
2008-07-10 00:00:00+08:00,10.53601875829342,10.600656359346845,10.342104365990044,10.439061164855957,46403,0.0,0.0
2008-07-11 00:00:00+08:00,10.826890808198945,10.826890808198945,10.632976400515224,10.665295600891113,78627,0.0,0.0
2008-07-14 00:00:00+08:00,10.859209080550125,10.988486675036551,10.697614669799805,10.697614669799805,86361,0.0,0.0
2008-07-15 00:00:00+08:00,10.665295725739735,10.665295725739735,10.212828504323905,10.245147705078125,137920,0.0,0.0
2008-07-16 00:00:00+08:00,10.245147835265668,10.277466241858942,9.824999809265137,9.824999809265137,146942,0.0,0.0
2008-07-17 00:00:00+08:00,10.277465546012973,10.309785539561256,10.083551146724327,10.148189544677734,153387,0.0,0.0
2008-07-18 00:00:00+08:00,10.212828634100761,10.34210543876039,9.824999809265137,9.824999809265137,109562,0.0,0.0
2008-07-21 00:00:00+08:00,10.148189544677734,10.277465546012973,10.083551146724327,10.148189544677734,136631,0.0,0.0
2008-07-22 00:00:00+08:00,10.536019314341585,10.536019314341585,10.27746571819628,10.3421049118042,96673,0.0,0.0
2008-07-23 00:00:00+08:00,10.342105066917563,11.053124288694821,10.342105066917563,10.891529083251953,202368,0.0,0.0
2008-07-24 00:00:00+08:00,10.988484724863296,10.988484724863296,10.794569559406014,10.859207153320312,105695,0.0,0.0
2008-07-25 00:00:00+08:00,10.53601799456227,10.794569969177246,10.53601799456227,10.794569969177246,61870,0.0,0.0
2008-07-28 00:00:00+08:00,10.794569969177246,10.794569969177246,10.794569969177246,10.794569969177246,0,0.0,0.0
2008-07-29 00:00:00+08:00,10.794569969177246,10.794569969177246,10.794569969177246,10.794569969177246,0,0.0,0.0
2008-07-30 00:00:00+08:00,10.794569969177246,10.794569969177246,10.794569969177246,10.794569969177246,0,0.0,0.0
2008-07-31 00:00:00+08:00,10.794569969177246,10.794569969177246,10.794569969177246,10.794569969177246,0,0.0,0.0
2008-08-01 00:00:00+08:00,10.794569969177246,10.794569969177246,10.794569969177246,10.794569969177246,0,0.0,0.0
2008-08-04 00:00:00+08:00,10.794569969177246,10.794569969177246,10.794569969177246,10.794569969177246,0,0.0,0.0
2008-08-05 00:00:00+08:00,10.794569969177246,10.794569969177246,10.794569969177246,10.794569969177246,0,0.0,0.0
2008-08-06 00:00:00+08:00,10.794569969177246,10.794569969177246,10.794569969177246,10.794569969177246,0,0.0,0.0
2008-08-07 00:00:00+08:00,10.794569969177246,10.794569969177246,10.794569969177246,10.794569969177246,0,0.0,0.0
2008-08-08 00:00:00+08:00,10.794569969177246,10.794569969177246,10.794569969177246,10.794569969177246,0,0.0,0.0
2008-08-11 00:00:00+08:00,10.794569969177246,10.794569969177246,10.794569969177246,10.794569969177246,0,0.0,0.0
2008-08-12 00:00:00+08:00,10.794569969177246,10.794569969177246,10.794569969177246,10.794569969177246,0,0.0,0.0
2008-08-13 00:00:00+08:00,10.794569969177246,10.794569969177246,10.794569969177246,10.794569969177246,0,0.0,0.0
2008-08-14 00:00:00+08:00,10.794569969177246,10.794569969177246,10.794569969177246,10.794569969177246,0,0.0,0.0
2008-08-15 00:00:00+08:00,10.794569969177246,10.794569969177246,10.794569969177246,10.794569969177246,0,0.0,0.0
2008-08-18 00:00:00+08:00,10.794571321343707,10.794571321343707,10.245147313249708,10.3421049118042,73471,0.0,0.0
2008-08-19 00:00:00+08:00,10.439061819508924,10.439061819508924,10.212828215205532,10.2774658203125,87650,0.0,0.0
2008-08-20 00:00:00+08:00,10.148189714695219,10.406742516268933,10.148189714695219,10.3421049118042,82494,0.0,0.0
2008-08-21 00:00:00+08:00,10.3421049118042,10.3421049118042,10.245147313249708,10.3421049118042,69604,0.0,0.0
2008-08-22 00:00:00+08:00,10.406742516268933,10.665295317842645,10.27746571819628,10.3421049118042,47692,0.0,0.0
2008-08-25 00:00:00+08:00,10.406742516268933,10.536019314341585,10.3421049118042,10.3421049118042,50269,0.0,0.0
2008-08-26 00:00:00+08:00,10.245147313249708,10.3421049118042,10.245147313249708,10.3421049118042,48980,0.0,0.0
2008-08-27 00:00:00+08:00,10.3421049118042,10.471380915305259,10.3421049118042,10.3421049118042,61870,0.0,0.0
2008-08-28 00:00:00+08:00,10.3421049118042,10.3421049118042,10.212828113731545,10.3421049118042,76049,0.0,0.0
2008-08-29 00:00:00+08:00,10.212828113731545,10.3421049118042,10.212828113731545,10.3421049118042,91517,0.0,0.0
2008-09-01 00:00:00+08:00,10.212827942631142,10.309785539561256,10.148189544677734,10.148189544677734,100539,0.0,0.0
2008-09-02 00:00:00+08:00,10.148189834772333,10.212828234573484,10.08355143497118,10.11587142944336,103117,0.0,0.0
2008-09-03 00:00:00+08:00,10.115871826222017,10.212828635155116,9.954275820380797,10.018914222717285,251349,0.0,0.0
2008-09-04 00:00:00+08:00,9.848765984659282,9.848765984659282,9.323031425476074,9.323031425476074,321617,0.60396,1.03
2008-09-05 00:00:00+08:00,8.762245176933272,8.972538599382442,8.692146532861035,8.832342147827148,177703,0.0,0.0
2008-09-08 00:00:00+08:00,9.287980300214942,9.428175926208496,9.287980300214942,9.428175926208496,85097,0.0,0.0
2008-09-09 00:00:00+08:00,9.39312874462206,9.463226570491287,8.90244312694807,9.042638778686523,137657,0.0,0.0
2008-09-10 00:00:00+08:00,8.797295551554829,9.112736604555751,8.762247475209614,9.042638778686523,65074,0.0,0.0
2008-09-11 00:00:00+08:00,9.252932890394396,9.252932890394396,8.762247283458464,8.902442932128906,85097,0.0,0.0
2008-09-12 00:00:00+08:00,8.90244312694807,9.147786354079765,8.90244312694807,9.042638778686523,166440,0.0,0.0
2008-09-15 00:00:00+08:00,9.042637183512177,9.252931460612114,8.762245929497933,8.937490463256836,171445,0.0,0.0
2008-09-16 00:00:00+08:00,8.34165756798193,8.762246131896973,8.34165756798193,8.762246131896973,410469,0.0,0.0
2008-09-17 00:00:00+08:00,8.166414610542263,8.762247827570018,8.166414610542263,8.69214916229248,295337,0.0,0.0
2008-09-18 00:00:00+08:00,8.20146302833972,8.657099723815918,8.096316291673531,8.657099723815918,256543,0.0,0.0
2008-09-19 00:00:00+08:00,8.481855243060808,9.07768759307004,8.166414193484442,8.972540855407715,135154,0.0,0.0
2008-09-22 00:00:00+08:00,8.727196397230541,9.077686309814453,8.727196397230541,9.077686309814453,68828,0.0,0.0
2008-09-23 00:00:00+08:00,8.62205047963662,9.25293254852295,8.62205047963662,9.25293254852295,113880,0.0,0.0
2008-09-24 00:00:00+08:00,9.393127019710107,9.463224832706885,9.147784674221386,9.428175926208496,66325,0.0,0.0
2008-09-25 00:00:00+08:00,9.287981969149415,9.568373271519345,8.867394179005126,9.5333251953125,98863,0.0,0.0
2008-09-26 00:00:00+08:00,9.358079582356993,9.463226318359375,9.11273636176206,9.463226318359375,96360,0.0,0.0
2008-09-29 00:00:00+08:00,9.463226318359375,9.463226318359375,9.463226318359375,9.463226318359375,0,0.0,0.0
2008-09-30 00:00:00+08:00,8.832343120028932,9.112735217413917,8.832343120028932,9.077686309814453,58817,0.0,0.0
2008-10-01 00:00:00+08:00,9.112736068443015,9.25293254852295,9.077687157570368,9.25293254852295,35040,0.0,0.0
2008-10-02 00:00:00+08:00,9.147786110352232,9.463226318359375,9.007589625759678,9.463226318359375,110125,0.0,0.0
2008-10-03 00:00:00+08:00,9.182834411819314,9.323030899863111,9.112736586092113,9.287981986999512,58817,0.0,0.0
2008-10-06 00:00:00+08:00,9.1127347946167,9.25293125509923,8.972539170723401,9.1127347946167,51308,0.0,0.0
2008-10-07 00:00:00+08:00,8.86739245280343,9.1127347946167,8.86739245280343,9.1127347946167,45051,0.0,0.0
2008-10-08 00:00:00+08:00,9.007588276760398,9.007588276760398,8.7271961861569,8.937490463256836,92605,0.0,0.0
2008-10-09 00:00:00+08:00,8.762245176933272,8.832342147827148,8.586999821636448,8.832342147827148,123891,0.0,0.0
2008-10-13 00:00:00+08:00,8.55195185923322,9.077686309814453,8.55195185923322,9.077686309814453,105120,0.0,0.0
2008-10-14 00:00:00+08:00,9.673521410461362,9.673521410461362,9.112737099849124,9.323031425476074,81342,0.0,0.0
2008-10-15 00:00:00+08:00,9.112736068443015,9.25293254852295,9.042638246697722,9.25293254852295,47554,0.0,0.0
2008-10-16 00:00:00+08:00,8.972539370008617,8.972539370008617,8.937490463256836,8.937490463256836,81342,0.0,0.0
2008-10-17 00:00:00+08:00,8.972539170723401,9.1127347946167,8.762245734883455,9.1127347946167,78840,0.0,0.0
2008-10-20 00:00:00+08:00,8.867394019961296,8.937491844296517,8.797295359036692,8.902442932128906,95108,0.0,0.0
2008-10-21 00:00:00+08:00,8.972540756464127,9.147786153891563,8.762247283458464,8.902442932128906,98863,0.0,0.0
2008-10-22 00:00:00+08:00,8.727195992320897,9.323029067045878,8.727195992320897,9.1127347946167,42548,0.0,0.0
2008-10-23 00:00:00+08:00,8.79729399966046,8.937490463256836,8.79729399966046,8.937490463256836,50057,0.0,0.0
2008-10-24 00:00:00+08:00,8.937491858181803,8.937491858181803,8.657099723815918,8.657099723815918,83845,0.0,0.0
2008-10-27 00:00:00+08:00,8.061266040578598,9.182833671569824,8.061266040578598,9.182833671569824,161434,0.0,0.0
2008-10-28 00:00:00+08:00,8.587001886031027,8.972540756464127,8.551952973863417,8.902442932128906,77588,0.0,0.0
2008-10-29 00:00:00+08:00,9.077686299949347,9.077686299949347,8.762246131896973,8.762246131896973,87600,0.0,0.0
2008-10-30 00:00:00+08:00,8.762246655843054,9.358078956604004,8.762246655843054,9.358078956604004,106371,0.0,0.0
2008-10-31 00:00:00+08:00,9.358077973019203,9.358077973019203,9.04263698267005,9.1127347946167,91354,0.0,0.0
2008-11-03 00:00:00+08:00,9.182834929528292,9.323031425476074,8.90244361081162,9.323031425476074,72582,0.0,0.0
2008-11-04 00:00:00+08:00,9.323029625262492,9.39312744140625,9.112735340241938,9.39312744140625,100114,0.0,0.0
2008-11-05 00:00:00+08:00,9.5333251953125,9.5333251953125,9.287981969149415,9.5333251953125,157680,0.0,0.0
2008-11-06 00:00:00+08:00,9.252933074135912,9.35807981272671,9.112736586092113,9.287981986999512,85097,0.0,0.0
2008-11-07 00:00:00+08:00,8.972539305140195,9.428175926208496,8.972539305140195,9.428175926208496,76337,0.0,0.0
2008-11-10 00:00:00+08:00,9.32303004694685,9.393127866261159,9.217882481386063,9.358078956604004,87600,0.0,0.0
2008-11-11 00:00:00+08:00,9.252933092883605,9.252933092883605,9.042638778686523,9.042638778686523,52560,0.0,0.0
2008-11-12 00:00:00+08:00,8.797295969691868,9.042639208484772,8.797295969691868,9.007590293884277,50057,0.0,0.0
2008-11-13 00:00:00+08:00,8.762247380083066,8.972540855407715,8.587001980723132,8.972540855407715,88851,0.0,0.0
2008-11-14 00:00:00+08:00,8.411757072496986,9.007590293884277,8.411757072496986,9.007590293884277,73834,0.0,0.0
2008-11-17 00:00:00+08:00,8.832344884292365,9.007590293884277,8.762247891680815,9.007590293884277,13765,0.0,0.0
2008-11-18 00:00:00+08:00,8.587000766832684,9.077686309814453,8.481854044034293,9.077686309814453,76337,0.0,0.0
2008-11-19 00:00:00+08:00,8.79729399966046,8.937490463256836,8.762245929497933,8.937490463256836,17520,0.0,0.0
2008-11-20 00:00:00+08:00,8.797295905324637,8.867394570602174,8.551953504916272,8.69214916229248,48805,0.0,0.0
2008-11-21 00:00:00+08:00,8.622051333604377,8.69214916229248,8.446805925294681,8.69214916229248,37542,0.0,0.0
2008-11-24 00:00:00+08:00,8.516903976899796,8.58700180053711,8.48185506508114,8.58700180053711,31285,0.0,0.0
2008-11-25 00:00:00+08:00,8.587002419260324,8.727198076636533,8.551953504916272,8.69214916229248,33788,0.0,0.0
2008-11-26 00:00:00+08:00,8.586999821636448,8.832342147827148,8.586999821636448,8.832342147827148,28782,0.0,0.0
2008-11-27 00:00:00+08:00,8.797295359036692,8.902442932128906,8.797295359036692,8.902442932128906,73834,0.0,0.0
2008-11-28 00:00:00+08:00,8.832343746975669,8.867393493652344,8.692148106626297,8.867393493652344,45051,0.0,0.0
2008-12-01 00:00:00+08:00,8.69214862253386,8.902442932128906,8.69214862253386,8.902442932128906,88851,0.0,0.0
2008-12-02 00:00:00+08:00,8.762245176933272,8.902440791899386,8.692146532861035,8.832342147827148,50057,0.0,0.0
2008-12-03 00:00:00+08:00,8.762246131896973,8.762246131896973,8.69214748018495,8.762246131896973,35040,0.0,0.0
2008-12-04 00:00:00+08:00,8.622049665062201,8.762246131896973,8.622049665062201,8.762246131896973,45051,0.0,0.0
2008-12-05 00:00:00+08:00,8.69214748018495,8.762246131896973,8.622049665062201,8.762246131896973,22525,0.0,0.0
2008-12-08 00:00:00+08:00,8.622050909237762,8.727197647094727,8.587001996618774,8.727197647094727,47554,0.0,0.0
2008-12-09 00:00:00+08:00,8.411755988253095,8.692148105504998,8.411755988253095,8.622050285339355,78840,0.0,0.0
2008-12-10 00:00:00+08:00,8.622049665062201,8.902441762142471,8.622049665062201,8.762246131896973,205234,0.0,0.0
2008-12-11 00:00:00+08:00,8.83234481966869,8.83234481966869,8.622051333604377,8.69214916229248,143914,0.0,0.0
2008-12-12 00:00:00+08:00,8.622051142872303,8.7622476337366,8.481855488597423,8.551953315734863,88851,0.0,0.0
2008-12-15 00:00:00+08:00,8.551952465173713,8.72719701558782,8.551952465173713,8.622050285339355,98863,0.0,0.0
2008-12-16 00:00:00+08:00,8.622051333604377,8.69214916229248,8.551953504916272,8.69214916229248,33788,0.0,0.0
2008-12-17 00:00:00+08:00,8.692148734475738,8.762247396303108,8.622050909237762,8.727197647094727,76337,0.0,0.0
2008-12-18 00:00:00+08:00,8.622050909237762,8.727197647094727,8.587001996618774,8.727197647094727,17520,0.0,0.0
2008-12-19 00:00:00+08:00,8.69214916229248,8.69214916229248,8.551953504916272,8.69214916229248,33788,0.0,0.0
2008-12-22 00:00:00+08:00,8.481855676228168,8.69214916229248,8.481855676228168,8.69214916229248,45051,0.0,0.0
2008-12-23 00:00:00+08:00,8.551953504916272,8.69214916229248,8.481855676228168,8.69214916229248,35040,0.0,0.0
2008-12-24 00:00:00+08:00,8.657099195422177,8.657099195422177,8.551952465173713,8.622050285339355,11262,0.0,0.0
2008-12-25 00:00:00+08:00,8.657099195422177,8.657099195422177,8.551952465173713,8.622050285339355,18771,0.0,0.0
2008-12-26 00:00:00+08:00,8.587001375256534,8.622050285339355,8.411755988253095,8.622050285339355,58817,0.0,0.0
2008-12-29 00:00:00+08:00,8.587001166473684,8.587001166473684,8.481854438781738,8.481854438781738,21274,0.0,0.0
2008-12-30 00:00:00+08:00,8.481854016099952,8.587000738552051,8.481854016099952,8.516902923583984,92605,0.0,0.0
2008-12-31 00:00:00+08:00,8.516902014153393,8.832342147827148,8.516902014153393,8.832342147827148,76337,0.0,0.0
2009-01-02 00:00:00+08:00,8.832342147827148,8.832342147827148,8.832342147827148,8.832342147827148,0,0.0,0.0
2009-01-05 00:00:00+08:00,8.867393493652344,8.902442403739686,8.797294836888325,8.867393493652344,47554,0.0,0.0
2009-01-06 00:00:00+08:00,8.797294202869075,8.797294202869075,8.69214748018495,8.762246131896973,45051,0.0,0.0
2009-01-07 00:00:00+08:00,8.762246131896973,8.762246131896973,8.551951849939451,8.762246131896973,87600,0.0,0.0
2009-01-08 00:00:00+08:00,8.622051333604377,8.69214916229248,8.551953504916272,8.69214916229248,31285,0.0,0.0
2009-01-09 00:00:00+08:00,8.69214916229248,8.69214916229248,8.516904590572219,8.69214916229248,52560,0.0,0.0
2009-01-12 00:00:00+08:00,8.622050285339355,8.622050285339355,8.551952465173713,8.622050285339355,35040,0.0,0.0
2009-01-13 00:00:00+08:00,8.622050285339355,8.692148105504998,8.551952465173713,8.622050285339355,63822,0.0,0.0
2009-01-14 00:00:00+08:00,8.622051333604377,8.69214916229248,8.622051333604377,8.69214916229248,36291,0.0,0.0
2009-01-15 00:00:00+08:00,8.622050285339355,8.692148105504998,8.551952465173713,8.622050285339355,75085,0.0,0.0
2009-01-16 00:00:00+08:00,8.65709982185675,8.762247396303108,8.622050909237762,8.727197647094727,51308,0.0,0.0
2009-01-19 00:00:00+08:00,8.587001899371794,8.657099723815918,8.587001899371794,8.657099723815918,8760,0.0,0.0
2009-01-20 00:00:00+08:00,8.657099723815918,8.657099723815918,8.587001899371794,8.657099723815918,16268,0.0,0.0
2009-01-21 00:00:00+08:00,8.622051333604377,8.69214916229248,8.622051333604377,8.69214916229248,26280,0.0,0.0
2009-02-02 00:00:00+08:00,8.727196387746325,8.762246131896973,8.727196387746325,8.762246131896973,28782,0.0,0.0
2009-02-03 00:00:00+08:00,8.762247827570018,8.83234481966869,8.69214916229248,8.69214916229248,11262,0.0,0.0
2009-02-04 00:00:00+08:00,8.902441762142471,8.902441762142471,8.69214748018495,8.762246131896973,50057,0.0,0.0
2009-02-05 00:00:00+08:00,8.762246131896973,8.762246131896973,8.762246131896973,8.762246131896973,17520,0.0,0.0
2009-02-06 00:00:00+08:00,8.83234311043045,8.867392854581096,8.762246131896973,8.762246131896973,18771,0.0,0.0
2009-02-09 00:00:00+08:00,8.797293244085619,9.0426364068655,8.797293244085619,8.832342147827148,27531,0.0,0.0
2009-02-10 00:00:00+08:00,8.832342147827148,8.832342147827148,8.832342147827148,8.832342147827148,5005,0.0,0.0
2009-02-11 00:00:00+08:00,8.86739411774539,8.972540855407715,8.797295456047783,8.972540855407715,42548,0.0,0.0
2009-02-12 00:00:00+08:00,8.972539370008617,8.972539370008617,8.902441556505055,8.937490463256836,63822,0.0,0.0
2009-02-13 00:00:00+08:00,8.937489695640915,8.937489695640915,8.762245176933272,8.832342147827148,37542,0.0,0.0
2009-02-16 00:00:00+08:00,8.902440791899386,8.902440791899386,8.832342147827148,8.832342147827148,18771,0.0,0.0
2009-02-17 00:00:00+08:00,8.832344271204303,8.902442932128906,8.832344271204303,8.902442932128906,40045,0.0,0.0
2009-02-18 00:00:00+08:00,9.07768759307004,9.252932992429972,8.797295456047783,8.972540855407715,23777,0.0,0.0
2009-02-19 00:00:00+08:00,9.042638778686523,9.112736604555751,9.00758986575191,9.042638778686523,22525,0.0,0.0
2009-02-20 00:00:00+08:00,9.07768759307004,9.07768759307004,8.902443030299498,8.972540855407715,31285,0.0,0.0
2009-02-23 00:00:00+08:00,8.972540855407715,9.007589767961823,8.972540855407715,8.972540855407715,18771,0.0,0.0
2009-02-24 00:00:00+08:00,8.832344368601891,8.972540855407715,8.832344368601891,8.972540855407715,36291,0.0,0.0
2009-02-25 00:00:00+08:00,8.972539370008617,8.972539370008617,8.902441556505055,8.937490463256836,15017,0.0,0.0
2009-02-26 00:00:00+08:00,8.832343746975669,8.902442403739686,8.832343746975669,8.867393493652344,28782,0.0,0.0
2009-02-27 00:00:00+08:00,8.832342147827148,8.937489695640915,8.832342147827148,8.832342147827148,47554,0.0,0.0
2009-03-02 00:00:00+08:00,8.867394019961296,8.902442932128906,8.65709971036625,8.902442932128906,61320,0.0,0.0
2009-03-03 00:00:00+08:00,8.762245176933272,8.832342147827148,8.762245176933272,8.832342147827148,8760,0.0,0.0
2009-03-04 00:00:00+08:00,8.762245176933272,8.902440791899386,8.762245176933272,8.832342147827148,46302,0.0,0.0
2009-03-05 00:00:00+08:00,8.762246131896973,8.867392854581096,8.762246131896973,8.762246131896973,33788,0.0,0.0
2009-03-06 00:00:00+08:00,8.902442294471673,9.358078956604004,8.902442294471673,9.358078956604004,205234,0.0,0.0
2009-03-09 00:00:00+08:00,9.988960266113281,9.988960266113281,9.988960266113281,9.988960266113281,130148,0.0,0.0
2009-03-10 00:00:00+08:00,10.654891443239745,10.654891443239745,10.129156946025692,10.374499320983887,451766,0.0,0.0
2009-03-11 00:00:00+08:00,10.164205439573466,10.33945082251194,9.848764419555664,9.848764419555664,156428,0.0,0.0
2009-03-12 00:00:00+08:00,9.848765451744528,10.164206504821777,9.848765451744528,10.164206504821777,105120,0.0,0.0
2009-03-13 00:00:00+08:00,10.479647354259916,10.479647354259916,9.848765260364633,10.02401065826416,162685,0.0,0.0
2009-03-16 00:00:00+08:00,10.0240108530494,10.33945190612665,9.95391302716321,10.164206504821777,97611,0.0,0.0
2009-03-17 00:00:00+08:00,10.129158020019531,10.26935367771772,9.918864533472247,10.129158020019531,76337,0.0,0.0
2009-03-18 00:00:00+08:00,10.164206307312273,10.3394517052118,9.988960909412747,10.02401065826416,98863,0.0,0.0
2009-03-19 00:00:00+08:00,10.094107627868652,10.16420544645578,9.988960063398645,10.094107627868652,101365,0.0,0.0
2009-03-20 00:00:00+08:00,10.024010339207376,10.024010339207376,9.813716035739331,9.883813858032227,61320,0.0,0.0
2009-03-23 00:00:00+08:00,9.883812243131253,10.549743119287049,9.883812243131253,10.514694213867188,443006,0.0,0.0
2009-03-24 00:00:00+08:00,10.51469602082308,10.584793843709148,10.234303892689443,10.444598197937012,143914,0.0,0.0
2009-03-25 00:00:00+08:00,10.37449954698314,10.409549295044329,10.024010432264909,10.199254989624023,88851,0.0,0.0
2009-03-26 00:00:00+08:00,10.339449686767884,10.61984093012677,10.339449686767884,10.514694213867188,302846,0.0,0.0
2009-03-27 00:00:00+08:00,10.830136102115302,11.250723838806152,10.760037448842418,11.250723838806152,451766,0.0,0.0
2009-03-30 00:00:00+08:00,11.706360924994469,12.021801948547363,11.250724262791097,12.021801948547363,719572,0.0,0.0
2009-03-31 00:00:00+08:00,12.47744049347398,12.617636989868053,11.706362691369645,11.951705932617188,603189,0.0,0.0
2009-04-02 00:00:00+08:00,13.634056091308594,13.634056091308594,13.178419397292881,13.634056091308594,1049950,0.0,0.0
2009-04-03 00:00:00+08:00,14.510282422340499,14.580380251480316,14.019595945182912,14.440184593200684,1551773,0.0,0.0
2009-04-06 00:00:00+08:00,14.019593879096677,14.440182465131748,13.458809655442794,13.809300422668457,1316504,0.0,0.0
2009-04-07 00:00:00+08:00,13.178418860665255,14.720574277053515,13.178418860665255,14.650476455688477,1349042,0.0,0.0
2009-04-08 00:00:00+08:00,15.631846122497766,15.666895866394043,15.141159747021073,15.666895866394043,1898420,0.0,0.0
2009-04-09 00:00:00+08:00,15.772042286727482,16.437974057917494,15.07106411680945,16.017385482788086,2071117,0.0,0.0
2009-04-10 00:00:00+08:00,16.017387002621405,16.22768214672957,15.141161697314057,15.491652488708496,1171339,0.0,0.0
2009-04-13 00:00:00+08:00,15.491651739407708,15.842142513849595,15.14116096496582,15.14116096496582,1216390,0.0,0.0
2009-04-14 00:00:00+08:00,14.7205748618133,15.666897997601096,14.7205748618133,15.316407203674316,857229,0.0,0.0
2009-04-15 00:00:00+08:00,15.141160329147246,15.141160329147246,14.720573425292969,14.720573425292969,524349,0.0,0.0
2009-04-16 00:00:00+08:00,14.86076904847227,15.421553259691581,14.47523021697998,14.47523021697998,969858,0.0,0.0
2009-04-17 00:00:00+08:00,14.54532926578346,14.965917878103696,13.493860244750977,13.493860244750977,908538,0.0,0.0
2009-04-20 00:00:00+08:00,13.038222731398351,13.493859389857832,12.582585236349557,12.757830619812012,614452,0.0,0.0
2009-04-21 00:00:00+08:00,12.617635383648937,13.563957640042668,12.617635383648937,13.528908729553223,297840,0.0,0.0
2009-04-22 00:00:00+08:00,13.423761576797542,13.949496054229083,13.178418374481854,13.563957214355469,450515,0.0,0.0
2009-04-23 00:00:00+08:00,13.52890883132582,13.984545507705537,13.24851670871163,13.599006652832031,410469,0.0,0.0
2009-04-24 00:00:00+08:00,13.809300953940012,14.229887882977275,13.458810173230262,13.599006652832031,429240,0.0,0.0
2009-04-27 00:00:00+08:00,13.774250916658799,14.510279655456543,13.774250916658799,14.510279655456543,953590,0.0,0.0
2009-04-28 00:00:00+08:00,14.72057419596242,14.930867658899098,13.528908729553223,13.528908729553223,946081,0.0,0.0
2009-04-29 00:00:00+08:00,12.582586288452148,13.108321646209966,12.582586288452148,12.582586288452148,692041,0.0,0.0
2009-04-30 00:00:00+08:00,12.6176356949051,13.388713417872811,12.6176356949051,13.17841911315918,440503,0.0,0.0
2009-05-04 00:00:00+08:00,13.388714190635072,13.528909844142985,12.652685336539706,13.038224220275879,620709,0.0,0.0
2009-05-05 00:00:00+08:00,13.108320543676133,13.31861399982008,12.968124069657518,13.073270797729492,244028,0.0,0.0
2009-05-06 00:00:00+08:00,13.073271318356756,13.599006652832031,12.96812458609744,13.599006652832031,862235,0.0,0.0
2009-05-07 00:00:00+08:00,13.3536637712983,13.704153724088712,13.248517036437988,13.248517036437988,366669,0.0,0.0
2009-05-08 00:00:00+08:00,13.038222105822232,13.318613367366035,13.038222105822232,13.21346664428711,240274,0.0,0.0
2009-05-11 00:00:00+08:00,13.38871341013837,13.774252271399506,13.038223460211032,13.423762321472168,694543,0.0,0.0
2009-05-12 00:00:00+08:00,13.458809321558194,13.63405470082356,13.108320236206055,13.108320236206055,275314,0.0,0.0
2009-05-13 00:00:00+08:00,13.108320764734229,13.528908520704212,13.108320764734229,13.143369674682617,180206,0.0,0.0
2009-05-14 00:00:00+08:00,12.933075904846191,13.283565855186156,12.82792917072101,12.933075904846191,216497,0.0,0.0
2009-05-15 00:00:00+08:00,13.038222731398351,13.108320550147608,12.757830619812012,12.757830619812012,307851,0.0,0.0
2009-05-18 00:00:00+08:00,12.827928131335048,13.318613687417338,12.827928131335048,13.108320236206055,198977,0.0,0.0
2009-05-19 00:00:00+08:00,13.213468368279303,13.213468368279303,12.792880584499247,12.827929496765137,319114,0.0,0.0
2009-05-20 00:00:00+08:00,12.757830928315459,13.388712985493067,12.617635287426808,12.968124389648438,541869,0.0,0.0
2009-05-21 00:00:00+08:00,13.038223693760933,13.248517165530645,12.827929385401845,13.003174781799316,220251,0.0,0.0
2009-05-22 00:00:00+08:00,12.968122678933032,13.108319137916727,12.617633622946853,12.792878150939941,464280,0.0,0.0
2009-05-25 00:00:00+08:00,12.862977884084621,12.968124616591185,12.547536849975586,12.547536849975586,354154,0.0,0.0
2009-05-26 00:00:00+08:00,12.617634441096747,12.792878980453004,12.407340157279958,12.477437973022461,276566,0.0,0.0
2009-05-27 00:00:00+08:00,12.617635726928711,12.687732713225344,12.47743924456735,12.617635726928711,436749,0.0,0.0
2009-06-01 00:00:00+08:00,12.617636023169801,13.038223806949857,12.407341712985083,12.827929496765137,670766,0.0,0.0
2009-06-02 00:00:00+08:00,13.178417803626049,13.178417803626049,12.44238906515121,12.477437973022461,406714,0.0,0.0
2009-06-03 00:00:00+08:00,12.54753760891411,12.617636271414423,12.407341957092285,12.407341957092285,127645,0.0,0.0
2009-06-04 00:00:00+08:00,12.407341760130945,12.617636071114749,12.056851799550865,12.267146110534668,186463,0.0,0.0
2009-06-05 00:00:00+08:00,12.267146305270462,12.54753760891411,12.267146305270462,12.407341957092285,230263,0.0,0.0
2009-06-08 00:00:00+08:00,12.232095703474767,12.372291335940298,11.91665385724875,11.9867525100708,131400,0.0,0.0
2009-06-09 00:00:00+08:00,12.337243966907804,12.5825863543292,11.776459693908691,11.776459693908691,459275,0.0,0.0
2009-06-10 00:00:00+08:00,11.776458745238907,11.916654383900326,10.9703321497571,11.215675354003906,294086,0.0,0.0
2009-06-11 00:00:00+08:00,11.075479817353669,11.425968917235412,11.075479817353669,11.285773277282715,83845,0.0,0.0
2009-06-12 00:00:00+08:00,11.425968803008034,11.671312007061847,11.425968803008034,11.531115531921387,113880,0.0,0.0
2009-06-15 00:00:00+08:00,11.250725378385733,11.285774291523717,10.724990844726562,10.724990844726562,232766,0.0,0.0
2009-06-16 00:00:00+08:00,10.830137681458298,10.900235508364155,10.549745537245462,10.795088768005371,101365,0.0,0.0
2009-06-17 00:00:00+08:00,10.865186263701913,11.040430825624478,10.795088438932886,10.900235176086426,65074,0.0,0.0
2009-06-18 00:00:00+08:00,10.900234546198964,11.040430187635588,10.51469569565891,10.549744606018066,120137,0.0,0.0
2009-06-19 00:00:00+08:00,10.549745215651907,11.040430825624478,10.549745215651907,10.900235176086426,229011,0.0,0.0
2009-06-22 00:00:00+08:00,11.075480420416167,11.636263847351074,11.075480420416167,11.636263847351074,237771,0.0,0.0
2009-06-23 00:00:00+08:00,11.63626290659277,12.442389488220215,11.531115342814484,12.442389488220215,619458,0.0,0.0
2009-06-24 00:00:00+08:00,12.44239039599685,13.248517036437988,12.44239039599685,13.248517036437988,1561785,0.0,0.0
2009-06-25 00:00:00+08:00,13.248517280545192,13.52890941526169,12.827929496765137,12.827929496765137,1180099,0.0,0.0
2009-06-26 00:00:00+08:00,12.82792917871012,13.10832130647459,12.652684621725678,12.687732696533203,478046,0.0,0.0
2009-06-29 00:00:00+08:00,12.687732713225344,12.862978107029704,12.617635726928711,12.617635726928711,170194,0.0,0.0
2009-06-30 00:00:00+08:00,12.617634870124485,12.827928324502441,11.986752833812004,12.442389488220215,165188,0.0,0.0
2009-07-01 00:00:00+08:00,12.442389488220215,12.652683779187479,12.337242761031238,12.442389488220215,107623,0.0,0.0
2009-07-02 00:00:00+08:00,12.617635790686741,13.248517036437988,12.512488219237058,13.248517036437988,825944,0.0,0.0
2009-07-03 00:00:00+08:00,13.248516928213817,13.809301182733304,13.108321282878627,13.423762321472168,1595574,0.0,0.0
2009-07-06 00:00:00+08:00,13.63405546102156,13.7392021924899,13.318614430027203,13.528908729553223,858481,0.0,0.0
2009-07-07 00:00:00+08:00,13.528909813475629,14.229888916015625,13.388714160285513,14.229888916015625,1321510,0.0,0.0
2009-07-08 00:00:00+08:00,14.510281696435003,14.545329772662122,13.94949741819194,14.089693069458008,1716962,0.0,0.0
2009-07-09 00:00:00+08:00,14.264939183761706,14.685527831779478,14.22988943260236,14.440184593200684,1500465,0.0,0.0
2009-07-10 00:00:00+08:00,14.580379307449746,15.386505126953125,14.019595037461242,15.386505126953125,2154963,0.0,0.0
2009-07-13 00:00:00+08:00,15.631847627977725,15.631847627977725,14.370083497049624,14.650476455688477,1723219,0.0,0.0
2009-07-14 00:00:00+08:00,15.141159747021073,15.666895866394043,14.86076848856498,15.666895866394043,2561678,0.0,0.0
2009-07-15 00:00:00+08:00,16.192631071042108,16.648267723964285,15.21125994730039,15.281357765197754,3789331,0.0,0.0
2009-07-16 00:00:00+08:00,15.421555668151353,15.631849152759182,14.790673541149005,15.000967025756836,1196367,0.0,0.0
2009-07-17 00:00:00+08:00,15.071066658434134,15.912240604193578,14.755623919006036,15.63184928894043,1457916,0.0,0.0
2009-07-20 00:00:00+08:00,15.982338916189924,16.3678777825464,15.736995697021484,15.736995697021484,1914688,0.0,0.0
2009-07-21 00:00:00+08:00,16.087485206124686,16.087485206124686,14.96591832817312,15.071065902709961,1024921,0.0,0.0
2009-07-22 00:00:00+08:00,15.071064399955482,15.316405927446825,14.825721199285516,14.860769271850586,568149,0.0,0.0
2009-07-23 00:00:00+08:00,14.860772079864562,14.930869911418641,14.229889922698915,14.545331001281738,683281,0.0,0.0
2009-07-24 00:00:00+08:00,14.6504757931418,15.071064375490218,14.054643501895272,14.124739646911621,510583,0.0,0.0
2009-07-27 00:00:00+08:00,14.159789213642005,14.96591662246393,14.159789213642005,14.720573425292969,498069,0.0,0.0
2009-07-28 00:00:00+08:00,14.72057310277631,14.930866550096075,14.475229910980635,14.510279655456543,317863,0.0,0.0
2009-07-29 00:00:00+08:00,14.510281660623951,15.000966438844184,14.510281660623951,14.580379486083984,501823,0.0,0.0
2009-07-30 00:00:00+08:00,14.650475607983923,15.036014439772975,14.580377790674877,14.720573425292969,419229,0.0,0.0
2009-07-31 00:00:00+08:00,15.071064505911176,15.561749237522198,14.86076937632782,14.930867195129395,1029927,0.0,0.0
2009-08-03 00:00:00+08:00,14.930866674998528,15.386503317925547,14.685525154329039,14.82572078704834,480549,0.0,0.0
2009-08-04 00:00:00+08:00,14.930868040324482,15.176211256607509,14.685526497220183,15.10611343383789,1120030,0.0,0.0
2009-08-05 00:00:00+08:00,15.246310261055399,15.456605418842086,14.930869197554225,15.000967025756836,1340282,0.0,0.0
2009-08-06 00:00:00+08:00,15.00096501393097,15.2813579623159,14.615426173932994,14.930867195129395,563143,0.0,0.0
2009-08-10 00:00:00+08:00,14.720573548840225,15.421553400992483,14.720573548840225,15.281357765197754,927310,0.0,0.0
2009-08-11 00:00:00+08:00,15.35145684142222,15.491652488708496,14.965917974795586,15.491652488708496,813429,0.0,0.0
2009-08-12 00:00:00+08:00,15.561751460127143,15.701947117753717,15.351457973687282,15.63184928894043,784646,0.0,0.0
2009-08-13 00:00:00+08:00,15.701944574754865,15.701944574754865,15.386503559592695,15.456603050231934,584418,0.0,0.0
2009-08-14 00:00:00+08:00,15.491652477853046,15.736995697021484,15.421554654259028,15.736995697021484,697046,0.0,0.0
2009-08-17 00:00:00+08:00,15.73699357136652,15.73699357136652,15.176209385182856,15.596797943115234,609446,0.0,0.0
2009-08-18 00:00:00+08:00,15.421553611755371,15.421553611755371,15.106112590316862,15.421553611755371,633223,0.0,0.0
2009-08-19 00:00:00+08:00,15.421553919155064,15.561749559660353,15.14116096496582,15.14116096496582,593178,0.0,0.0
2009-08-20 00:00:00+08:00,15.281357429975357,15.281357429975357,14.720573225919576,14.82572078704834,419229,0.0,0.0
2009-08-21 00:00:00+08:00,14.965916835903032,15.316405927446825,14.860769271850584,14.860769271850586,412972,0.0,0.0
2009-08-24 00:00:00+08:00,14.895818710327148,15.14116023275765,14.860768965306455,14.895818710327148,347897,0.0,0.0
2009-08-25 00:00:00+08:00,15.106112268328424,15.211259830959573,14.930866888336043,14.965916633605957,422983,0.0,0.0
2009-08-26 00:00:00+08:00,15.176210096623779,15.736994309096275,15.14116035132861,15.211259841918945,1417870,0.0,0.0
2009-08-27 00:00:00+08:00,15.281358521152526,15.3164065952457,14.650476455688477,14.650476455688477,559389,0.0,0.0
2009-08-28 00:00:00+08:00,14.6504757931418,14.790671429531733,14.01959375620848,14.124739646911621,505577,0.0,0.0
2009-08-31 00:00:00+08:00,14.089693262825508,14.40513431909268,14.019595436230448,14.229888916015625,213994,0.0,0.0
2009-09-01 00:00:00+08:00,14.229887341489096,14.264937087497806,13.984544975553343,14.054643630981445,417977,0.0,0.0
2009-09-02 00:00:00+08:00,14.370084569205742,14.440184068979619,14.229888916015625,14.229888916015625,221503,0.0,0.0
2009-09-03 00:00:00+08:00,14.089691574403448,14.22988721079338,14.054643501895272,14.124739646911621,302846,0.0,0.0
2009-09-04 00:00:00+08:00,14.29998735503175,14.29998735503175,14.124740291775515,14.1597900390625,176451,0.0,0.0
2009-09-07 00:00:00+08:00,14.124741145685126,14.299988219535903,14.089693069458008,14.089693069458008,335383,0.0,0.0
2009-09-08 00:00:00+08:00,14.089693069458008,14.229888720724073,14.089693069458008,14.089693069458008,205234,0.0,0.0
2009-09-09 00:00:00+08:00,14.019594396271946,14.1597900390625,14.019594396271946,14.1597900390625,212743,0.0,0.0
2009-09-10 00:00:00+08:00,14.229887653634215,14.40513304116466,14.019594192504883,14.019594192504883,295337,0.0,0.0
2009-09-11 00:00:00+08:00,14.089693069458008,14.15979089509104,14.019595243824973,14.089693069458008,232766,0.0,0.0
2009-09-14 00:00:00+08:00,14.068539622425128,14.544818394633186,14.031902793793739,14.215086936950684,336168,0.388799,1.02
2009-09-15 00:00:00+08:00,14.361634731773142,14.398271561629779,14.288361072059867,14.324997901916504,106739,0.0,0.0
2009-09-16 00:00:00+08:00,14.398271559717845,14.581454851633902,14.398271559717845,14.471545219421387,247832,0.0,0.0
2009-09-17 00:00:00+08:00,14.508180239709596,14.581453894603943,14.471544269605166,14.544817924499512,190168,0.0,0.0
2009-09-18 00:00:00+08:00,14.544817924499512,14.874548514181328,14.544817924499512,14.544817924499512,202437,0.0,0.0
2009-09-21 00:00:00+08:00,14.544819257251481,14.837913903685333,14.28836144162186,14.58145523071289,253966,0.0,0.0
2009-09-22 00:00:00+08:00,14.654729646584363,14.728003303390713,14.324997333613025,14.508180618286133,148454,0.0,0.0
2009-09-23 00:00:00+08:00,14.361634252973541,14.618092053420003,14.288360595703125,14.288360595703125,164403,0.0,0.0
2009-09-24 00:00:00+08:00,13.99526596516235,14.288360594213463,13.95862913653096,14.215086936950684,169311,0.0,0.0
2009-09-25 00:00:00+08:00,14.068539623891871,14.47154473887917,14.068539623891871,14.288360595703125,184033,0.0,0.0
2009-09-28 00:00:00+08:00,14.288361068303232,14.61809253692627,14.215087408609223,14.61809253692627,148454,0.0,0.0
2009-09-29 00:00:00+08:00,14.874549488512498,14.874549488512498,14.508181190042457,14.61809253692627,136185,0.0,0.0
2009-09-30 00:00:00+08:00,14.80127582881849,14.837913516008294,14.544818877232261,14.61809253692627,114101,0.0,0.0
2009-10-01 00:00:00+08:00,14.691365226414941,14.691365226414941,14.32499695213955,14.398270606994629,78521,0.0,0.0
2009-10-02 00:00:00+08:00,14.288360592708363,14.508180707130771,13.482350362902704,14.141813278198242,195075,0.0,0.0
2009-10-05 00:00:00+08:00,15.131010055541992,15.131010055541992,14.80127768815517,15.131010055541992,1001144,0.0,0.0
2009-10-06 00:00:00+08:00,15.240918934767423,16.120201103704172,14.837912964097773,15.827106475830078,1342220,0.0,0.0
2009-10-07 00:00:00+08:00,16.19347672672671,16.34002405845611,15.680561065673828,15.680561065673828,631849,0.0,0.0
2009-10-08 00:00:00+08:00,16.046929409691508,16.046929409691508,15.534013748168945,15.534013748168945,500572,0.0,0.0
2009-10-09 00:00:00+08:00,15.607288314960728,15.973656665766654,15.387467304477173,15.900382995605469,541059,0.0,0.0
2009-10-12 00:00:00+08:00,15.900382629683424,15.973656298158332,15.6805616242587,15.790472984313965,390151,0.0,0.0
2009-10-13 00:00:00+08:00,15.717198755949049,15.863746087678445,15.607287399809131,15.680561065673828,412235,0.0,0.0
2009-10-14 00:00:00+08:00,15.900379762799389,16.08356475830078,15.680558797009015,16.08356475830078,533698,0.0,0.0
2009-10-15 00:00:00+08:00,16.303387094086954,16.303387094086954,15.570650479879518,15.60728645324707,462538,0.0,0.0
2009-10-16 00:00:00+08:00,15.607287414100739,15.863746102204892,15.534013748168945,15.534013748168945,181580,0.0,0.0
2009-10-19 00:00:00+08:00,15.424101833149763,15.7538341385842,15.424101833149763,15.49737548828125,79748,0.0,0.0
2009-10-20 00:00:00+08:00,15.497377758354956,15.97365572913262,15.387466402215038,15.680561065673828,507933,0.0,0.0
2009-10-21 00:00:00+08:00,15.753833770751955,16.04692666974906,15.680558402645863,15.753833770751953,580320,0.0,0.0
2009-10-22 00:00:00+08:00,15.753835490774197,15.753835490774197,15.314191807564097,15.60728645324707,204891,0.0,0.0
2009-10-23 00:00:00+08:00,15.717198714342349,16.120203018188477,15.680561024164115,16.120203018188477,862505,0.0,0.0
2009-10-26 00:00:00+08:00,16.156838413564238,16.633116315433966,16.08356475830078,16.08356475830078,809749,0.0,0.0
2009-10-27 00:00:00+08:00,16.083564353802103,16.083564353802103,15.570648779857631,15.753833770751953,220840,0.0,0.0
2009-10-28 00:00:00+08:00,15.753835490774197,15.900381098930044,15.60728645324707,15.60728645324707,197529,0.0,0.0
2009-10-29 00:00:00+08:00,14.544818319033988,15.094369888305664,14.544818319033988,15.094369888305664,609765,0.0,0.0
2009-10-30 00:00:00+08:00,15.204282200050319,15.240919888169232,14.874549865722656,14.874549865722656,393832,0.0,0.0
2009-11-02 00:00:00+08:00,14.874548540859442,15.167643160962504,14.874548540859442,15.057733535766602,93243,0.0,0.0
2009-11-03 00:00:00+08:00,15.094369890167144,15.167643547058105,15.057733919064429,15.167643547058105,186487,0.0,0.0
2009-11-04 00:00:00+08:00,15.167642265228562,15.82710512151549,15.094368614530016,15.643921852111816,590135,0.0,0.0
2009-11-05 00:00:00+08:00,15.643921852111816,15.680557820118395,15.46073858270814,15.643921852111816,195075,0.0,0.0
2009-11-06 00:00:00+08:00,15.827106475830078,15.827106475830078,15.570649533783012,15.827106475830078,352118,0.0,0.0
2009-11-09 00:00:00+08:00,15.387467039344353,15.460742422928814,15.057736386643345,15.131010055541992,368067,0.0,0.0
2009-11-10 00:00:00+08:00,15.131007765326673,15.350828738750717,14.947824478149414,14.947824478149414,125143,0.0,0.0
2009-11-11 00:00:00+08:00,15.131007765326673,15.131007765326673,14.7646394762866,14.947824478149414,106739,0.0,0.0
2009-11-12 00:00:00+08:00,14.947823910570698,15.167643160962504,14.947823910570698,15.057733535766602,109193,0.0,0.0
2009-11-13 00:00:00+08:00,14.874549865722656,15.167644511931403,14.874549865722656,14.874549865722656,67479,0.0,0.0
2009-11-16 00:00:00+08:00,15.02109680318117,15.02109680318117,14.80127582416821,14.984460830688477,112874,0.0,0.0
2009-11-17 00:00:00+08:00,14.984461215393758,15.057734876945943,14.764640230737196,14.874549865722656,125143,0.0,0.0
2009-11-18 00:00:00+08:00,15.094370850379217,15.094370850379217,14.874549865722656,14.874549865722656,107966,0.0,0.0
2009-11-19 00:00:00+08:00,14.874549865722656,14.984461215393758,14.874549865722656,14.874549865722656,107966,0.0,0.0
2009-11-20 00:00:00+08:00,14.984462183705428,14.984462183705428,14.764641184843804,14.801277160644531,82201,0.0,0.0
2009-11-23 00:00:00+08:00,14.80127582786988,14.874549487559191,14.691366195678711,14.691366195678711,71159,0.0,0.0
2009-11-24 00:00:00+08:00,14.728002548217773,14.837912170448956,14.691364864350417,14.728002548217773,122689,0.0,0.0
2009-11-25 00:00:00+08:00,14.728003500928775,14.76463947248056,14.508180812875842,14.654729843139648,238017,0.0,0.0
2009-11-26 00:00:00+08:00,14.654730224116072,15.057734495090319,14.61809253692627,14.61809253692627,282185,0.0,0.0
2009-11-27 00:00:00+08:00,14.544818391552997,14.544818391552997,14.0685396194458,14.0685396194458,184033,0.0,0.0
2009-11-30 00:00:00+08:00,14.288360591187585,14.288360591187585,14.0685396194458,14.0685396194458,147227,0.0,0.0
2009-12-01 00:00:00+08:00,14.068540089221207,14.72800388381008,14.068540089221207,14.61809253692627,267462,0.0,0.0
2009-12-02 00:00:00+08:00,14.728003885726588,14.837913517939104,14.398271559717845,14.471545219421387,159496,0.0,0.0
2009-12-03 00:00:00+08:00,14.471545221343051,14.471545221343051,14.288361072059867,14.324997901916504,52756,0.0,0.0
2009-12-04 00:00:00+08:00,14.324997419811215,14.508180705586597,13.99526596219854,14.0685396194458,131277,0.0,0.0
2009-12-07 00:00:00+08:00,13.921991386307493,14.398270126987397,13.921991386307493,14.36163330078125,155815,0.0,0.0
2009-12-08 00:00:00+08:00,14.618092050356132,14.618092050356132,14.141813278198242,14.141813278198242,134958,0.0,0.0
2009-12-09 00:00:00+08:00,14.14181280333998,14.434908279861336,14.14181280333998,14.178449630737305,168084,0.0,0.0
2009-12-10 00:00:00+08:00,14.215085957114912,14.28835960932699,13.848717696054525,13.921991348266602,233109,0.0,0.0
2009-12-11 00:00:00+08:00,14.068539620943183,14.251723764080833,14.068539620943183,14.141813278198242,154588,0.0,0.0
2009-12-14 00:00:00+08:00,14.36163376772394,14.36163376772394,14.14181280333998,14.178449630737305,131277,0.0,0.0
2009-12-15 00:00:00+08:00,14.178451447184008,14.36163560763895,13.995267286729066,14.10517692565918,143546,0.0,0.0
2009-12-16 00:00:00+08:00,13.921992306433063,14.215086935453302,13.921992306433063,14.141813278198242,71159,0.0,0.0
2009-12-17 00:00:00+08:00,14.141813281162289,14.508180710171606,14.141813281162289,14.288360595703125,395059,0.0,0.0
2009-12-18 00:00:00+08:00,14.288360592708363,14.398271078590952,14.141813278198242,14.141813278198242,82201,0.0,0.0
2009-12-21 00:00:00+08:00,14.178451447184008,14.178451447184008,13.995267286729066,14.10517692565918,122689,0.0,0.0
2009-12-22 00:00:00+08:00,14.031903266906738,14.141813756506753,14.031903266906738,14.031903266906738,99378,0.0,0.0
2009-12-23 00:00:00+08:00,13.99526596516235,14.251723765582073,13.92199230789957,14.215086936950684,105512,0.0,0.0
2009-12-24 00:00:00+08:00,13.995266438023544,14.215087417239019,13.958629608154297,13.958629608154297,112874,0.0,0.0
2009-12-25 00:00:00+08:00,13.995266438023544,14.178450587369772,13.84871911854656,13.958629608154297,199983,0.0,0.0
2009-12-28 00:00:00+08:00,13.95862913653096,14.288360594213463,13.95862913653096,14.215086936950684,240470,0.0,0.0
2009-12-29 00:00:00+08:00,14.398271561629779,14.398271561629779,14.215087412346595,14.324997901916504,130050,0.0,0.0
2009-12-30 00:00:00+08:00,14.544817916704785,14.654729256330144,14.398270606994629,14.398270606994629,371748,0.0,0.0
2009-12-31 00:00:00+08:00,14.654729248315002,14.654729248315002,14.215086462082246,14.251723289489746,199983,0.0,0.0
2010-01-04 00:00:00+08:00,14.544817908749756,14.581453878814514,14.215086462082246,14.251723289489746,127596,0.0,0.0
2010-01-05 00:00:00+08:00,14.25172278322095,14.324996435433029,13.775444043842446,13.921991348266602,267462,0.0,0.0
2010-01-06 00:00:00+08:00,13.921993622547088,14.251725111365985,13.84871995836511,14.10517692565918,176672,0.0,0.0
2010-01-07 00:00:00+08:00,14.141813757500527,14.215087417239019,13.958629608154297,13.958629608154297,186487,0.0,0.0
2010-01-08 00:00:00+08:00,13.921992778285052,14.141813757500527,13.921992778285052,13.958629608154297,137411,0.0,0.0
2010-01-11 00:00:00+08:00,13.995266438023544,14.068540097762035,13.958629608154297,13.958629608154297,119008,0.0,0.0
2010-01-12 00:00:00+08:00,13.958630083251457,14.178451069948778,13.958630083251457,13.995266914367676,132504,0.0,0.0
2010-01-13 00:00:00+08:00,14.0319027862469,14.068539614858585,13.848718643188477,13.848718643188477,115327,0.0,0.0
2010-01-14 00:00:00+08:00,13.84871911854656,14.068540097762035,13.84871911854656,13.958629608154297,82201,0.0,0.0
2010-01-15 00:00:00+08:00,14.10517465999551,14.801274357912293,14.10517465999551,14.36163330078125,669883,0.0,0.0
2010-01-18 00:00:00+08:00,14.654729843139648,14.728003500928775,14.361634354640367,14.654729843139648,698101,0.0,0.0
2010-01-19 00:00:00+08:00,14.874549860177794,15.240919882487798,14.83791388675818,15.021097183227539,730001,0.0,0.0
2010-01-20 00:00:00+08:00,15.387465101536106,15.387465101536106,14.984460830688477,14.984460830688477,607311,0.0,0.0
2010-01-21 00:00:00+08:00,14.947824273809761,14.947824273809761,14.508180618286133,14.508180618286133,358252,0.0,0.0
2010-01-22 00:00:00+08:00,14.434908764561253,14.434908764561253,14.031902792315654,14.141813278198242,253966,0.0,0.0
2010-01-25 00:00:00+08:00,13.92199230495128,14.288360591187585,13.92199230495128,14.0685396194458,199983,0.0,0.0
2010-01-26 00:00:00+08:00,14.141812227331926,14.25172270504716,13.115981101989746,13.115981101989746,433093,0.0,0.0
2010-01-27 00:00:00+08:00,13.189256563502283,13.482350334563687,12.45651913514908,12.822887420654297,193849,0.0,0.0
2010-01-28 00:00:00+08:00,12.749614236078353,13.115982535161882,12.749614236078353,12.932798385620117,112874,0.0,0.0
2010-01-29 00:00:00+08:00,13.079346181829235,13.079346181829235,12.749614700639546,13.042709350585938,141092,0.0,0.0
2010-02-01 00:00:00+08:00,12.603065969779616,13.042707895656633,12.456518661153945,12.639702796936035,359479,0.0,0.0
2010-02-02 00:00:00+08:00,12.712977413795656,12.749614243725985,12.30997228456204,12.419882774353027,284639,0.0,0.0
2010-02-03 00:00:00+08:00,12.603067401958306,12.822888389876681,12.383247271382766,12.529793739318848,224521,0.0,0.0
2010-02-04 00:00:00+08:00,12.52979231546678,12.71297645124887,12.52979231546678,12.639702796936035,92016,0.0,0.0
2010-02-05 00:00:00+08:00,12.456519704302162,12.566430194975666,12.200061892730648,12.273336410522461,224521,0.0,0.0
2010-02-08 00:00:00+08:00,11.870329856872559,12.053513128720562,11.723781696177285,11.870329856872559,241697,0.0,0.0
2010-02-09 00:00:00+08:00,11.943602591715216,12.309970848271758,11.943602591715216,12.23669719696045,103058,0.0,0.0
2010-02-10 00:00:00+08:00,12.30997228456204,12.456519604283356,12.163424964840726,12.419882774353027,226975,0.0,0.0
2010-02-22 00:00:00+08:00,12.676340955392277,12.676340955392277,12.34660864131338,12.45651912689209,85882,0.0,0.0
2010-02-23 00:00:00+08:00,12.45651913514908,12.969434734856383,12.45651913514908,12.822887420654297,262555,0.0,0.0
2010-02-24 00:00:00+08:00,12.822887420654297,12.969434734856383,12.639703277901688,12.822887420654297,132504,0.0,0.0
2010-02-25 00:00:00+08:00,12.896161935098108,12.932797906305861,12.67634096379498,12.822887420654297,152134,0.0,0.0
2010-02-26 00:00:00+08:00,12.896161930028702,12.896161930028702,12.603066444396973,12.603066444396973,103058,0.0,0.0
2010-03-01 00:00:00+08:00,13.152618977540456,13.152618977540456,12.676341060107761,12.896162033081055,138638,0.0,0.0
2010-03-02 00:00:00+08:00,12.896161935098108,12.969434734856383,12.749613763553253,12.822887420654297,146000,0.0,0.0
2010-03-03 00:00:00+08:00,12.859524249204819,12.859524249204819,12.786251449446544,12.822887420654297,76067,0.0,0.0
2010-03-04 00:00:00+08:00,12.786251449446544,12.932797906305861,12.749613763553253,12.822887420654297,120235,0.0,0.0
2010-03-05 00:00:00+08:00,12.896162413054565,12.932798385620117,12.786251923329507,12.932798385620117,93243,0.0,0.0
2010-03-08 00:00:00+08:00,12.822887420654297,12.932797906305861,12.712976935002732,12.822887420654297,219613,0.0,0.0
2010-03-09 00:00:00+08:00,12.822887899115456,12.859524729033009,12.712977409362793,12.712977409362793,109193,0.0,0.0
2010-03-10 00:00:00+08:00,12.822887899115456,12.822887899115456,12.712977409362793,12.712977409362793,119008,0.0,0.0
2010-03-11 00:00:00+08:00,12.786252872628046,13.189258031540513,12.60306785214315,12.859525680541992,439227,0.0,0.0
2010-03-12 00:00:00+08:00,13.115983508940836,13.115983508940836,12.749615182656774,12.859525680541992,139865,0.0,0.0
2010-03-15 00:00:00+08:00,13.00607110342675,13.225892066955566,12.786250997240673,13.225892066955566,305496,0.0,0.0
2010-03-16 00:00:00+08:00,13.262529366637994,13.262529366637994,12.896161938382246,12.96943473815918,112874,0.0,0.0
2010-03-17 00:00:00+08:00,12.969435688099338,13.189257532901964,12.93279885685604,13.042709350585938,165630,0.0,0.0
2010-03-18 00:00:00+08:00,12.932796972464356,13.299166088857842,12.932796972464356,13.115981101989746,288319,0.0,0.0
2010-03-19 00:00:00+08:00,13.11598160165658,13.518986701965332,13.11598160165658,13.518986701965332,195075,0.0,0.0
2010-03-22 00:00:00+08:00,13.518986701965332,13.518986701965332,13.518986701965332,13.518986701965332,0,0.0,0.0
2010-03-23 00:00:00+08:00,13.555623040923312,13.70217120218982,13.372438911018563,13.409075736999512,385244,0.0,0.0
2010-03-24 00:00:00+08:00,13.628898146327474,13.628898146327474,13.445713996887207,13.445713996887207,141092,0.0,0.0
2010-03-25 00:00:00+08:00,13.445713030484384,13.445713030484384,13.152618412445962,13.225892066955566,172991,0.0,0.0
2010-03-26 00:00:00+08:00,13.189256584056919,14.141813270512216,13.189256584056919,13.775444984436035,716505,0.0,0.0
2010-03-29 00:00:00+08:00,13.702173487344009,14.141814615093018,13.702173487344009,14.10517692565918,330034,0.0,0.0
2010-03-30 00:00:00+08:00,14.141814729793145,14.141814729793145,13.885356903076172,13.885356903076172,132504,0.0,0.0
2010-03-31 00:00:00+08:00,14.141814615093018,14.324998775547963,13.921993622547088,14.10517692565918,379109,0.0,0.0
2010-04-01 00:00:00+08:00,14.215087417239019,14.251724247108266,13.958629608154297,13.958629608154297,327580,0.0,0.0
2010-04-02 00:00:00+08:00,14.215086933940324,14.215086933940324,13.95862913357491,14.0685396194458,246605,0.0,0.0
2010-04-06 00:00:00+08:00,14.141813276693062,14.141813276693062,13.95862913357491,14.0685396194458,170538,0.0,0.0
2010-04-07 00:00:00+08:00,14.06854044074702,15.021097183227539,13.995266779222147,15.021097183227539,2034188,0.0,0.0
2010-04-08 00:00:00+08:00,15.387463624668541,16.046926498413086,15.057733045138985,16.046926498413086,2501634,0.0,0.0
2010-04-09 00:00:00+08:00,17.146034240722656,17.146034240722656,16.96285093492349,17.146034240722656,3256173,0.0,0.0
2010-04-12 00:00:00+08:00,18.318410873413086,18.318410873413086,18.318410873413086,18.318410873413086,1685750,0.0,0.0
2010-04-13 00:00:00+08:00,19.60069903312286,19.60069903312286,17.585674315529147,19.0511474609375,7619003,0.0,0.0
2010-04-14 00:00:00+08:00,18.904600143432617,19.27096842972726,17.952042599066537,18.904600143432617,4215603,0.0,0.0
2010-04-15 00:00:00+08:00,18.904598199978864,19.34424009833583,18.35504668437534,18.61150360107422,3277030,0.0,0.0
2010-04-16 00:00:00+08:00,18.904599184548182,19.710609373513726,18.684778223921217,18.83132553100586,2971534,0.0,0.0
2010-04-19 00:00:00+08:00,18.318412450301665,18.53823344085774,17.549039840698242,17.549039840698242,1599868,0.0,0.0
2010-04-20 00:00:00+08:00,16.340022095547305,17.14603232323386,16.340022095547305,16.706390380859375,1576557,0.0,0.0
2010-04-21 00:00:00+08:00,16.706389478033184,17.73222062147028,16.706389478033184,17.36585235595703,1226892,0.0,0.0
2010-04-22 00:00:00+08:00,17.842132413506686,18.574867248535156,17.512400108792658,18.574867248535156,1985112,0.0,0.0
2010-04-23 00:00:00+08:00,19.85715675354004,19.85715675354004,19.417514830671163,19.85715675354004,7216583,0.0,0.0
2010-04-26 00:00:00+08:00,20.04034577306129,20.663171098289737,18.50159701908155,18.53823471069336,3945687,0.0,0.0
2010-04-27 00:00:00+08:00,18.46495876827786,18.46495876827786,17.805495832647537,18.061954498291016,1083346,0.0,0.0
2010-04-28 00:00:00+08:00,17.622312001507126,19.30760440404119,17.475762972280748,19.0511474609375,1902910,0.0,0.0
2010-04-29 00:00:00+08:00,19.197695757024395,19.197695757024395,18.391685485839844,18.391685485839844,1046539,0.0,0.0
2010-04-30 00:00:00+08:00,18.39168360975193,18.83132553100586,17.80549438141335,18.83132553100586,1484540,0.0,0.0
2010-05-03 00:00:00+08:00,19.051147841377354,19.417516135045595,18.75805320644276,18.794689178466797,1069850,0.0,0.0
2010-05-04 00:00:00+08:00,18.794689377177082,19.051148042799095,18.025316809682234,18.2085018157959,564370,0.0,0.0
2010-05-05 00:00:00+08:00,18.02531624151079,18.20850124185033,17.69558564145938,18.171863555908203,516521,0.0,0.0
2010-05-06 00:00:00+08:00,18.02531815822755,18.68478114313971,17.87877082824707,17.87877082824707,404874,0.0,0.0
2010-05-07 00:00:00+08:00,17.219305071788266,18.464957176127438,16.669753530157823,17.658946990966797,676017,0.0,0.0
2010-05-10 00:00:00+08:00,17.658947955517256,18.464958184703033,17.658947955517256,18.171863555908203,743497,0.0,0.0
2010-05-11 00:00:00+08:00,18.75805480812995,18.75805480812995,17.842134853094812,17.87877082824707,834287,0.0,0.0
2010-05-12 00:00:00+08:00,17.952043547593355,18.09859086985429,17.43912791968008,17.512401580810547,231882,0.0,0.0
2010-05-13 00:00:00+08:00,17.6589476075976,18.721416473388672,17.6589476075976,18.721416473388672,1586372,0.0,0.0
2010-05-14 00:00:00+08:00,18.86796705669379,19.27097137588671,18.611508359737183,18.684782028198242,1526254,0.0,0.0
2010-05-17 00:00:00+08:00,18.68477974525736,18.68477974525736,18.2085018157959,18.2085018157959,322672,0.0,0.0
2010-05-18 00:00:00+08:00,18.684780648873502,19.45415496826172,18.46495965971768,19.45415496826172,4432763,0.0,0.0
2010-05-19 00:00:00+08:00,19.051148444524884,19.673975420821996,18.098590850830078,18.098590850830078,9704721,0.0,0.0
2010-05-20 00:00:00+08:00,17.585674272601562,17.952042558059325,16.92621135877759,16.99948501586914,2294289,0.0,0.0
2010-05-21 00:00:00+08:00,15.863747017867798,16.55984774174198,15.863747017867798,15.900382995605469,1142237,0.0,0.0
2010-05-24 00:00:00+08:00,16.486569981604248,16.486569981604248,16.12020168358257,16.15683937072754,689513,0.0,0.0
2010-05-25 00:00:00+08:00,15.753833648872936,16.852936726993896,15.753833648872936,16.633115768432617,980287,0.0,0.0
2010-05-26 00:00:00+08:00,17.219305049751732,17.36585235595703,16.633115824930538,17.36585235595703,1716422,0.0,0.0
2010-05-27 00:00:00+08:00,17.365854268142673,17.732222573997397,17.146033284629837,17.21930694580078,1686977,0.0,0.0
2010-05-28 00:00:00+08:00,17.43912696838379,17.952042568317754,17.21930599698352,17.43912696838379,1888187,0.0,0.0
2010-05-31 00:00:00+08:00,17.32921919816313,17.87877082824707,16.926213183373953,17.87877082824707,1180270,0.0,0.0
2010-06-01 00:00:00+08:00,17.95204062453818,18.538229818135203,17.58567237854004,17.58567237854004,1366758,0.0,0.0
2010-06-02 00:00:00+08:00,17.512400625517213,17.952042568317754,17.40249099715985,17.43912696838379,401193,0.0,0.0
2010-06-03 00:00:00+08:00,17.695585250854492,18.464957777115337,17.5856739101398,17.695585250854492,1318909,0.0,0.0
2010-06-04 00:00:00+08:00,17.80549288915872,17.988676150319453,17.219303709947877,17.25594139099121,1213396,0.0,0.0
2010-06-07 00:00:00+08:00,16.889577365073983,16.926213340566473,16.083567042695982,16.120203018188477,1841566,0.0,0.0
2010-06-08 00:00:00+08:00,16.120200144881117,16.559843775227968,15.937016870698242,15.973652839660645,975379,0.0,0.0
2010-06-09 00:00:00+08:00,16.1202007179536,16.266748028383827,15.790470126828346,15.863743782043457,623261,0.0,0.0
2010-06-10 00:00:00+08:00,16.120202650803673,16.230114004147715,15.827107994800489,15.937019348144531,348437,0.0,0.0
2010-06-11 00:00:00+08:00,16.120200144881117,16.303385133749426,15.973652839660645,15.973652839660645,397513,0.0,0.0
2010-06-14 00:00:00+08:00,16.19347767625021,16.19347767625021,15.863747017867798,15.900382995605469,401193,0.0,0.0
2010-06-15 00:00:00+08:00,15.973653424930552,16.48656901199528,15.90037976963559,16.230112075805664,622034,0.0,0.0
2010-06-17 00:00:00+08:00,16.340022085361465,16.706390370445153,16.266748428344727,16.266748428344727,349664,0.0,0.0
2010-06-18 00:00:00+08:00,16.376660349540543,16.376660349540543,16.15683937072754,16.15683937072754,247832,0.0,0.0
2010-06-21 00:00:00+08:00,16.19347477132799,16.559844771097215,16.19347477132799,16.266748428344727,222067,0.0,0.0
2010-06-22 00:00:00+08:00,16.486568462725096,16.999484032701417,16.303385187933415,16.633115768432617,644118,0.0,0.0
2010-06-23 00:00:00+08:00,16.63311672379696,16.962849037920595,16.63311672379696,16.706390380859375,576639,0.0,0.0
2010-06-24 00:00:00+08:00,16.852935472941102,17.439124652151943,16.743025859181724,17.25594139099121,1159413,0.0,0.0
2010-06-25 00:00:00+08:00,17.255943682892998,18.245137196851452,16.999485025583247,17.43912696838379,2134793,0.0,0.0
2010-06-28 00:00:00+08:00,17.43912696838379,17.43912696838379,17.43912696838379,17.43912696838379,0,0.0,0.0
2010-06-29 00:00:00+08:00,17.255942675032294,17.439125949823975,16.633115768432617,16.633115768432617,620807,0.0,0.0
2010-06-30 00:00:00+08:00,16.48656959811762,16.63311691391752,16.12020130861787,16.559844970703125,446588,0.0,0.0
2010-07-01 00:00:00+08:00,16.70639134211167,17.292580632339142,16.413296696997932,16.486570358276367,706690,0.0,0.0
2010-07-02 00:00:00+08:00,16.559845734240437,16.852938664668535,16.44993438497997,16.486570358276367,442908,0.0,0.0
2010-07-05 00:00:00+08:00,16.633115768432617,16.962848063617255,16.559843830264295,16.633115768432617,384017,0.0,0.0
2010-07-06 00:00:00+08:00,16.633116349943737,17.072758282436638,16.559844409213753,16.816301345825195,411009,0.0,0.0
2010-07-07 00:00:00+08:00,16.889575384245582,17.0361226983998,16.816301727168472,16.852937698364258,474807,0.0,0.0
2010-07-08 00:00:00+08:00,17.14603136231009,17.18266904613076,16.926210403442383,16.926210403442383,435546,0.0,0.0
2010-07-09 00:00:00+08:00,17.072758679519797,17.439126965118312,16.999485022400094,17.292579650878906,671110,0.0,0.0
2010-07-12 00:00:00+08:00,17.292578668221893,17.365852321177794,16.889574434307153,16.926210403442383,517748,0.0,0.0
2010-07-13 00:00:00+08:00,16.926213860557233,16.96285155186101,16.743030548095703,16.743030548095703,357025,0.0,0.0
2010-07-14 00:00:00+08:00,16.77966309753058,17.036121740218956,16.77966309753058,16.926210403442383,516521,0.0,0.0
2010-07-15 00:00:00+08:00,17.439127901349057,18.098590850830078,17.439127901349057,18.098590850830078,3700308,0.0,0.0
2010-07-16 00:00:00+08:00,18.098590846265033,19.197695761789504,17.73222254109021,18.24513816833496,7664399,0.0,0.0
2010-07-19 00:00:00+08:00,18.245138177614116,18.6847801440475,17.878769872252967,17.952043533325195,1166775,0.0,0.0
2010-07-20 00:00:00+08:00,18.025316814283126,18.355049139497652,17.73222217617493,17.76885986328125,936119,0.0,0.0
2010-07-21 00:00:00+08:00,17.84213293996039,18.025316225451178,17.43912696838379,17.43912696838379,1064942,0.0,0.0
2010-07-22 00:00:00+08:00,17.658946027739667,18.02531427373781,17.58567237854004,17.58567237854004,1122606,0.0,0.0
2010-07-23 00:00:00+08:00,17.98867659179532,17.98867659179532,17.58567237854004,17.58567237854004,920169,0.0,0.0
2010-07-26 00:00:00+08:00,17.952042568317754,17.952042568317754,17.43912696838379,17.43912696838379,608538,0.0,0.0
2010-07-27 00:00:00+08:00,17.51240027293193,18.46495779648816,17.51240027293193,18.13522720336914,2097986,0.0,0.0
2010-07-28 00:00:00+08:00,18.171865488208027,18.20850317804601,17.87877082824707,17.87877082824707,847782,0.0,0.0
2010-07-29 00:00:00+08:00,17.87876796171383,18.318409881166733,17.80549430847168,17.80549430847168,732454,0.0,0.0
2010-07-30 00:00:00+08:00,17.842131118848563,18.90459818149648,17.805493436678617,18.464956283569336,2508995,0.0,0.0
2010-08-02 00:00:00+08:00,18.75805090052654,18.977871849705025,18.464956301621896,18.61150360107422,1545884,0.0,0.0
2010-08-03 00:00:00+08:00,18.75805379092373,18.904601112957284,18.35504951267427,18.391685485839844,1280876,0.0,0.0
2010-08-04 00:00:00+08:00,18.464956283569336,18.831324531841954,18.35504666643023,18.464956283569336,1094388,0.0,0.0
2010-08-05 00:00:00+08:00,18.464957783679026,18.64814278004013,17.842132568359375,17.842132568359375,932438,0.0,0.0
2010-08-06 00:00:00+08:00,17.84213389448583,18.46495915609731,17.84213389448583,18.098590850830078,755765,0.0,0.0
2010-08-09 00:00:00+08:00,18.318411833990417,18.428323182913402,17.952043528723184,18.098590850830078,666202,0.0,0.0
2010-08-10 00:00:00+08:00,18.31841086714762,18.391684524333694,17.805495266845096,18.02531623840332,533698,0.0,0.0
2010-08-11 00:00:00+08:00,17.622310666558718,18.245135848833424,17.622310666558718,17.9154052734375,528790,0.0,0.0
2010-08-12 00:00:00+08:00,17.658948889036274,18.208502204420817,17.658948889036274,17.952043533325195,462538,0.0,0.0
2010-08-13 00:00:00+08:00,18.135227581525204,18.391684524333694,17.952042581217245,18.02531623840332,557009,0.0,0.0
2010-08-16 00:00:00+08:00,18.025314760784397,18.538230319040846,17.952041109604902,18.5015926361084,1052673,0.0,0.0
2010-08-17 00:00:00+08:00,18.46495666786135,18.79468724082637,18.318409365502365,18.5015926361084,1095615,0.0,0.0
2010-08-18 00:00:00+08:00,18.611505517314992,19.783884033641677,18.46495820277416,19.0511474609375,4451166,0.0,0.0
2010-08-19 00:00:00+08:00,19.197694800619427,20.370073318481445,19.197694800619427,20.370073318481445,4084325,0.0,0.0
2010-08-20 00:00:00+08:00,20.882987906900752,21.469177137392588,19.67397347635407,19.85715675354004,7868063,0.0,0.0
2010-08-23 00:00:00+08:00,19.78388366653548,20.076978290178538,19.417515386981655,19.74724769592285,3095450,0.0,0.0
2010-08-24 00:00:00+08:00,19.82052251661912,20.22352854001869,19.67397689819336,19.67397689819336,1598641,0.0,0.0
2010-08-25 00:00:00+08:00,19.710610373280836,20.15025231683441,18.68477917165583,18.904600143432617,2331096,0.0,0.0
2010-08-26 00:00:00+08:00,19.051147442292685,19.234332442632223,18.171863555908203,18.171863555908203,1354489,0.0,0.0
2010-08-27 00:00:00+08:00,18.318411824823066,18.611506468890177,18.17186450278951,18.391685485839844,570505,0.0,0.0
2010-08-30 00:00:00+08:00,18.684777232532905,18.90459818149648,18.428320316084754,18.464956283569336,652706,0.0,0.0
2010-08-31 00:00:00+08:00,18.02531584362757,18.464957777115337,17.5856739101398,17.695585250854492,1107884,0.0,0.0
2010-09-01 00:00:00+08:00,17.73222254109021,18.68478013454475,17.73222254109021,18.24513816833496,462538,0.0,0.0
2010-09-02 00:00:00+08:00,18.53823145214633,18.64814279297634,18.02531586253913,18.13522720336914,520202,0.0,0.0
2010-09-03 00:00:00+08:00,18.35504951267427,18.5382328078734,18.17186450278951,18.391685485839844,516521,0.0,0.0
2010-09-06 00:00:00+08:00,18.574867453094697,19.01451110245023,18.318410515213273,18.867963790893555,860051,0.0,0.0
2010-09-07 00:00:00+08:00,19.051150390458,19.23433541914542,18.50159701908155,18.53823471069336,548421,0.0,0.0
2010-09-08 00:00:00+08:00,18.90460206267205,19.417517715556954,18.538233739182836,18.758054733276367,1107884,0.0,0.0
2010-09-09 00:00:00+08:00,18.977876721920197,18.977876721920197,18.46496104215555,18.53823471069336,764354,0.0,0.0
2010-09-10 00:00:00+08:00,18.9046007237824,18.9046007237824,18.2085018157959,18.2085018157959,874774,0.0,0.0
2010-09-13 00:00:00+08:00,18.205551147460938,18.436488471151947,17.74367824900787,18.205551147460938,900515,0.396575,1.03
2010-09-14 00:00:00+08:00,18.20555030572854,18.70591535838919,18.20555030572854,18.359508514404297,447875,0.0,0.0
2010-09-15 00:00:00+08:00,18.321021605393717,18.628938052471195,18.321021605393717,18.398000717163086,251334,0.0,0.0
2010-09-16 00:00:00+08:00,18.59044418592256,18.628934609157316,18.32101821899414,18.32101821899414,304936,0.0,0.0
2010-09-17 00:00:00+08:00,18.35951158531805,18.43649070253188,18.090085549534212,18.167064666748047,365685,0.0,0.0
2010-09-20 00:00:00+08:00,18.167064410808365,19.09081205543134,18.167064410808365,18.551959991455078,628931,0.0,0.0
2010-09-21 00:00:00+08:00,18.782895037010764,19.206279249349564,18.705915930319264,18.936851501464844,876692,0.0,0.0
2010-09-23 00:00:00+08:00,20.24549674987793,20.24549674987793,20.091538533189542,20.24549674987793,3267346,0.0,0.0
2010-09-24 00:00:00+08:00,20.09153640164868,20.245494602003408,19.629663549513257,19.937578201293945,2637223,0.0,0.0
2010-09-27 00:00:00+08:00,20.245496484508383,20.245496484508383,19.55268626742068,19.62966537475586,752811,0.0,0.0
2010-09-28 00:00:00+08:00,19.32175039992593,20.39945623481754,19.32175039992593,19.706645965576172,986278,0.0,0.0
2010-09-29 00:00:00+08:00,20.01455717207957,20.322473570798394,19.86059897272016,19.9760684967041,1594960,0.0,0.0
2010-09-30 00:00:00+08:00,20.20700635035295,20.24549502678479,19.860599517822266,19.860599517822266,580093,0.0,0.0
2010-10-01 00:00:00+08:00,20.014560043304307,20.74586072070718,19.976071362407374,20.4764347076416,1867735,0.0,0.0
2010-10-04 00:00:00+08:00,20.707371253505823,21.708097821453872,20.47643220068236,20.93830680847168,3602061,0.0,0.0
2010-10-05 00:00:00+08:00,21.169247254931665,21.169247254931665,19.860602338594177,20.053050994873047,1189966,0.0,0.0
2010-10-06 00:00:00+08:00,20.168517641533736,20.630392291598895,20.01455942484535,20.24549674987793,974367,0.0,0.0
2010-10-07 00:00:00+08:00,20.245496616904315,20.78435037177444,20.245496616904315,20.283987045288086,869545,0.0,0.0
2010-10-08 00:00:00+08:00,20.74585831397167,20.74585831397167,19.860599517822266,19.860599517822266,484801,0.0,0.0
2010-10-11 00:00:00+08:00,19.860600947832467,20.245496484508383,19.55268626742068,19.62966537475586,538403,0.0,0.0
2010-10-12 00:00:00+08:00,19.745132858418817,19.745132858418817,18.93685136933335,18.975341796875,657519,0.0,0.0
2010-10-13 00:00:00+08:00,18.975341466059916,19.629664731429184,18.975341466059916,19.398727416992188,611064,0.0,0.0
2010-10-14 00:00:00+08:00,19.62966401599989,19.89908999855902,19.437215386518663,19.51419448852539,370450,0.0,0.0
2010-10-15 00:00:00+08:00,19.51419725476853,19.97607193228212,19.2447712340168,19.360239028930664,649181,0.0,0.0
2010-10-18 00:00:00+08:00,19.244770611273434,19.783624384269142,19.052321960739036,19.129301071166992,409758,0.0,0.0
2010-10-19 00:00:00+08:00,19.12930160305996,19.24477114637705,18.705917358398438,18.705917358398438,615828,0.0,0.0
2010-10-20 00:00:00+08:00,18.70591635008427,19.206279680342835,18.70591635008427,18.859872817993164,402611,0.0,0.0
2010-10-21 00:00:00+08:00,19.090810873124326,19.090810873124326,18.70591706524349,18.74440574645996,166762,0.0,0.0
2010-10-22 00:00:00+08:00,18.859875021522154,19.013833256348015,18.74440721986734,18.821386337280273,226320,0.0,0.0
2010-10-25 00:00:00+08:00,17.70518984516491,18.821386162842863,17.70518984516491,18.513469696044922,338288,0.0,0.0
2010-10-26 00:00:00+08:00,18.474980875325734,18.782897339843107,18.474980875325734,18.551959991455078,146512,0.0,0.0
2010-10-27 00:00:00+08:00,18.782897653038393,19.052323689519064,18.628939418212532,18.821386337280273,307318,0.0,0.0
2010-10-28 00:00:00+08:00,18.82138476182858,19.39872896856331,18.513468317951126,19.090810775756836,552697,0.0,0.0
2010-10-29 00:00:00+08:00,18.975342355086042,19.129300571923903,18.590446812991388,18.859872817993164,341862,0.0,0.0
2010-11-01 00:00:00+08:00,18.93685265040038,19.013831761762354,18.74440574645996,18.74440574645996,204879,0.0,0.0
2010-11-02 00:00:00+08:00,18.744406907313866,18.93685382317265,18.474980875325734,18.551959991455078,309701,0.0,0.0
2010-11-03 00:00:00+08:00,18.474981135603382,18.859874972743384,18.090085549534212,18.167064666748047,489565,0.0,0.0
2010-11-04 00:00:00+08:00,18.167062335535284,18.436488336746148,18.090083228199475,18.244041442871094,264437,0.0,0.0
2010-11-05 00:00:00+08:00,18.85987015285098,18.85987015285098,18.244039121453344,18.32101821899414,177482,0.0,0.0
2010-11-08 00:00:00+08:00,18.321021843535924,18.321021843535924,17.936126279686086,18.013105392456055,220,0.0,0.0
2010-11-09 00:00:00+08:00,18.013104964984567,18.47497963064356,18.013104964984567,18.090084075927734,117924,0.0,0.0
2010-11-10 00:00:00+08:00,18.128572892034416,18.24404243377419,18.01310509922368,18.051593780517578,111968,0.0,0.0
2010-11-11 00:00:00+08:00,18.09008431093672,18.321021646766333,17.705188751220703,17.705188751220703,182247,0.0,0.0
2010-11-12 00:00:00+08:00,17.705187265885613,18.051592366104664,17.55122905491517,17.62820816040039,183438,0.0,0.0
2010-11-15 00:00:00+08:00,17.859147847084255,17.859147847084255,17.47425226857562,17.551231384277344,102439,0.0,0.0
2010-11-16 00:00:00+08:00,17.62820816040039,17.859145476856057,17.3202917384595,17.62820816040039,220364,0.0,0.0
2010-11-17 00:00:00+08:00,17.62820982860622,18.16706361799599,17.62820982860622,18.013105392456055,284686,0.0,0.0
2010-11-18 00:00:00+08:00,18.32102120531082,18.398000315399166,17.782167434692383,17.782167434692383,153659,0.0,0.0
2010-11-19 00:00:00+08:00,17.7821673008835,18.090083738919855,17.7821673008835,17.82065773010254,138174,0.0,0.0
2010-11-22 00:00:00+08:00,17.859147271749226,17.859147271749226,17.628209932083724,17.66670036315918,123880,0.0,0.0
2010-11-23 00:00:00+08:00,17.66669858760745,17.93612458234128,17.62820816040039,17.62820816040039,117924,0.0,0.0
2010-11-24 00:00:00+08:00,17.6282096392775,17.897637405543236,17.551230527334294,17.705188751220703,131027,0.0,0.0
2010-11-25 00:00:00+08:00,17.820656798577897,17.859145476856057,17.62820816040039,17.62820816040039,107204,0.0,0.0
2010-11-26 00:00:00+08:00,17.66669858760745,17.705187265885613,17.55122905491517,17.62820816040039,111968,0.0,0.0
2010-11-29 00:00:00+08:00,17.70518700199676,18.744404036093695,17.70518700199676,18.359508514404297,531256,0.0,0.0
2010-11-30 00:00:00+08:00,18.32102304029844,18.35951172473304,18.013106569104906,18.12857437133789,177482,0.0,0.0
2010-12-01 00:00:00+08:00,18.32101821899414,18.513465088381764,18.013101828830962,18.32101821899414,215599,0.0,0.0
2010-12-02 00:00:00+08:00,18.47497963064356,18.705916963473054,18.090084075927734,18.090084075927734,247760,0.0,0.0
2010-12-03 00:00:00+08:00,18.167063381854977,18.398000717163086,18.128572951505774,18.398000717163086,318039,0.0,0.0
2010-12-06 00:00:00+08:00,18.47497637926599,18.667423248291016,18.397997281870236,18.667423248291016,389508,0.0,0.0
2010-12-07 00:00:00+08:00,18.70591725747118,19.321750154695458,18.70591725747118,19.052322387695312,1162570,0.0,0.0
2010-12-08 00:00:00+08:00,19.783625159732978,20.3609676361084,19.629666932842323,20.3609676361084,3360256,0.0,0.0
2010-12-09 00:00:00+08:00,21.785079956054688,21.785079956054688,21.32320528395504,21.785079956054688,4154759,0.0,0.0
2010-12-10 00:00:00+08:00,23.28617202667125,23.28617202667125,21.785080200002785,22.439403533935547,10083152,0.0,0.0
2010-12-13 00:00:00+08:00,22.47789295662939,23.978984832763672,22.439404273386288,23.978984832763672,5779498,0.0,0.0
2010-12-14 00:00:00+08:00,25.634031295776367,25.634031295776367,24.479346477617423,25.634031295776367,6596633,0.0,0.0
2010-12-15 00:00:00+08:00,25.634031585922312,25.634031585922312,24.710282321796342,25.595542907714844,2863543,0.0,0.0
2010-12-16 00:00:00+08:00,25.51856281599451,26.942677181875588,25.51856281599451,26.480802536010742,3824808,0.0,0.0
2010-12-17 00:00:00+08:00,26.403823866900677,26.788719411514005,25.71101188659668,25.71101188659668,2188157,0.0,0.0
2010-12-20 00:00:00+08:00,26.55778229454754,27.135126490492937,25.82648162846956,26.01892852783203,2575283,0.0,0.0
2010-12-21 00:00:00+08:00,26.557779189817193,26.557779189817193,24.710280777059634,25.172155380249023,2147657,0.0,0.0
2010-12-22 00:00:00+08:00,25.287627113372434,25.287627113372434,24.2484100399267,24.44085693359375,1885,0.0,0.0
2010-12-23 00:00:00+08:00,24.44085958872241,24.902734282413736,24.055964010646306,24.6333065032959,2352537,0.0,0.0
2010-12-24 00:00:00+08:00,24.710285598234083,25.40309763819134,24.32539176940918,24.32539176940918,1272156,0.0,0.0
2010-12-27 00:00:00+08:00,24.325388417779738,24.325388417779738,23.478618263391557,23.86351203918457,1768869,0.0,0.0
2010-12-28 00:00:00+08:00,23.940491794126565,24.325387301180754,23.517105861902554,24.094449996948242,1790310,0.0,0.0
2010-12-29 00:00:00+08:00,24.286901473999023,24.979713517859512,24.248412790471345,24.286901473999023,4337006,0.0,0.0
2010-12-30 00:00:00+08:00,24.171432067721458,24.5948163030277,24.09445295685405,24.248411178588867,986278,0.0,0.0
2010-12-31 00:00:00+08:00,24.248409312835356,24.479346627668498,23.63257472435143,23.86351203918457,1567563,0.0,0.0
2011-01-03 00:00:00+08:00,24.633301774401318,25.24913458110067,23.902001190910234,24.479345321655273,2322758,0.0,0.0
2011-01-04 00:00:00+08:00,24.633304121115984,24.71028322928689,24.209919900640482,24.402368545532227,935059,0.0,0.0
2011-01-05 00:00:00+08:00,24.633306482683277,24.864243829335695,23.978984874965988,24.32539176940918,839766,0.0,0.0
2011-01-06 00:00:00+08:00,24.248409683021933,24.32538878914151,23.286169982062773,23.478618621826172,1156614,0.0,0.0
2011-01-07 00:00:00+08:00,23.0937237301999,23.170702838449383,21.862057998208183,22.323932647705078,2728943,0.0,0.0
2011-01-10 00:00:00+08:00,22.208464872821207,23.132214245102574,22.169976190107366,22.362424850463867,2014248,0.0,0.0
2011-01-11 00:00:00+08:00,22.362423525615615,22.362423525615615,21.554141998291016,21.554141998291016,1156614,0.0,0.0
2011-01-12 00:00:00+08:00,21.631121732021473,22.169975516137725,21.631121732021473,21.785079956054688,988661,0.0,0.0
2011-01-13 00:00:00+08:00,21.785079956054688,22.285443309698113,21.6696121624943,21.785079956054688,1072042,0.0,0.0
2011-01-14 00:00:00+08:00,21.823568008113217,21.90054711790942,21.554141998291016,21.554141998291016,247760,0.0,0.0
2011-01-17 00:00:00+08:00,21.554140511958572,21.939036034397912,21.477161407470703,21.477161407470703,631313,0.0,0.0
2011-01-18 00:00:00+08:00,21.554141151689134,22.131483578019324,21.32320383137127,21.708099365234375,1012484,0.0,0.0
2011-01-19 00:00:00+08:00,21.78507762838611,21.93903583596936,21.70809852459448,21.862056732177734,418096,0.0,0.0
2011-01-20 00:00:00+08:00,22.169976154161976,23.36315155029297,22.169976154161976,23.36315155029297,1990425,0.0,0.0
2011-01-21 00:00:00+08:00,23.55559772794575,23.86351240349514,23.09372309122829,23.478618621826172,2682487,0.0,0.0
2011-01-24 00:00:00+08:00,23.863512108681793,24.248409383453506,23.517107009887695,23.517107009887695,1161379,0.0,0.0
2011-01-25 00:00:00+08:00,23.63257658058657,24.90273278639848,23.594087899555703,24.556325912475586,1938014,0.0,0.0
2011-01-26 00:00:00+08:00,24.94121867922586,25.1721559863814,24.36387628580141,24.710281372070312,2377551,0.0,0.0
2011-01-27 00:00:00+08:00,24.787261962890625,24.787261962890625,24.171430855758334,24.787261962890625,1260245,0.0,0.0
2011-01-28 00:00:00+08:00,24.864241069898277,25.01819928391358,24.209919534797695,24.787261962890625,1185202,0.0,0.0
2011-02-08 00:00:00+08:00,25.01819966197051,25.01819966197051,23.902003467956863,24.402368545532227,281113,0.0,0.0
2011-02-09 00:00:00+08:00,24.479345321655273,24.633301774401318,24.171428918305597,24.479345321655273,550315,0.0,0.0
2011-02-10 00:00:00+08:00,24.479345321655273,24.787259976076154,24.017470716630758,24.479345321655273,634887,0.0,0.0
2011-02-11 00:00:00+08:00,24.47934854430498,24.47934854430498,22.785808102931075,23.555599212646484,750429,0.0,0.0
2011-02-14 00:00:00+08:00,23.132210906479095,23.632574203117237,22.93976402282715,22.93976402282715,264437,0.0,0.0
2011-02-15 00:00:00+08:00,23.40163852179931,24.248408653150882,22.93976390469845,23.6325740814209,522918,0.0,0.0
2011-02-16 00:00:00+08:00,24.09445278490987,24.09445278490987,23.247682571411133,23.247682571411133,332333,0.0,0.0
2011-02-17 00:00:00+08:00,23.28617144978158,23.709555685660543,23.170703657788778,23.555599212646484,488374,0.0,0.0
2011-02-18 00:00:00+08:00,23.55559772794575,23.709554191255986,23.32466040958702,23.478618621826172,269201,0.0,0.0
2011-02-21 00:00:00+08:00,21.862057998208183,23.478619271447315,21.862057998208183,22.323932647705078,842148,0.0,0.0
2011-02-22 00:00:00+08:00,21.939038558460012,22.5933618963505,21.785080331771553,22.40091323852539,612255,0.0,0.0
2011-02-23 00:00:00+08:00,22.400912852187545,22.63185018823737,21.70810084403808,21.785079956054688,410949,0.0,0.0
2011-02-24 00:00:00+08:00,21.785079104979502,22.092995541016595,21.785079104979502,21.939037322998047,285877,0.0,0.0
2011-02-25 00:00:00+08:00,22.09299663392605,23.44013023376465,21.82356886460089,23.44013023376465,1423433,0.0,0.0
2011-03-01 00:00:00+08:00,24.325391789764144,25.056692513644176,24.094454442918483,24.6333065032959,3630649,0.0,0.0
2011-03-02 00:00:00+08:00,24.4793485111911,24.710284094864303,24.209920748690653,24.248411178588867,913618,0.0,0.0
2011-03-03 00:00:00+08:00,24.633305218906433,25.32611722331995,24.286900091164192,24.864242553710938,1933249,0.0,0.0
2011-03-04 00:00:00+08:00,25.095179649201352,25.17215876006876,24.171432067721458,24.248411178588867,1129217,0.0,0.0
2011-03-07 00:00:00+08:00,23.940496191655146,24.633306482683277,23.902005759415182,24.32539176940918,832619,0.0,0.0
2011-03-08 00:00:00+08:00,24.633303958156045,25.326115927110944,24.325389276438372,25.095178604125977,2850441,0.0,0.0
2011-03-09 00:00:00+08:00,25.24913910111256,25.24913910111256,23.671068125909162,24.363880157470703,1806986,0.0,0.0
2011-03-10 00:00:00+08:00,24.248409383453506,24.248409383453506,23.47861833176786,23.517107009887695,843339,0.0,0.0
2011-03-11 00:00:00+08:00,23.09372150658173,24.671792199284425,23.09372150658173,24.479345321655273,1178055,0.0,0.0
2011-03-14 00:00:00+08:00,24.40236752272412,24.40236752272412,23.401639158447175,23.86351203918457,566991,0.0,0.0
2011-03-15 00:00:00+08:00,23.86351464313667,23.86351464313667,22.208464580700277,22.40091323852539,1122070,0.0,0.0
2011-03-16 00:00:00+08:00,22.439404550059702,23.94049644470215,22.36242543369524,23.94049644470215,1390081,0.0,0.0
2011-03-17 00:00:00+08:00,23.401640065949707,24.633304043894146,23.170702742160945,24.05596160888672,1512770,0.0,0.0
2011-03-18 00:00:00+08:00,24.402367373144898,25.711010400248888,23.709553683963332,25.634031295776367,10528645,0.0,0.0
2011-03-21 00:00:00+08:00,26.17288890470134,27.327575642860584,26.17288890470134,26.981168746948242,10103402,0.0,0.0
2011-03-22 00:00:00+08:00,27.327572159402866,28.17434232611481,26.32684378056148,27.28908348083496,8001008,0.0,0.0
2011-03-23 00:00:00+08:00,27.327573683397002,28.713197669834972,27.327573683397002,27.673978805541992,6045126,0.0,0.0
2011-03-24 00:00:00+08:00,28.058874654466653,28.482258891452837,27.32757397278905,27.63549041748047,4429916,0.0,0.0
2011-03-25 00:00:00+08:00,27.63549045298383,27.904916467970438,26.750229798894196,26.942678451538086,4028496,0.0,0.0
2011-03-28 00:00:00+08:00,26.788717368346823,27.981892591180557,26.788717368346823,27.13512420654297,2763486,0.0,0.0
2011-03-29 00:00:00+08:00,27.32757293499247,27.520019831151696,26.788719177246094,26.788719177246094,1859397,0.0,0.0
2011-03-30 00:00:00+08:00,26.942677957337878,27.25059439677687,26.673250198364258,26.673250198364258,1367449,0.0,0.0
2011-03-31 00:00:00+08:00,26.673250969922186,28.328301005316714,26.673250969922186,27.904916763305664,6214271,0.0,0.0
2011-04-01 00:00:00+08:00,28.097364233415306,28.674706675258815,26.788719383117183,27.096635818481445,5700882,0.0,0.0
2011-04-06 00:00:00+08:00,27.096638952133134,27.3275763053636,25.711014832750326,25.864973068237305,3510342,0.0,0.0
2011-04-07 00:00:00+08:00,25.864970733565293,26.211377606607563,25.864970733565293,25.94194984436035,1543740,0.0,0.0
2011-04-08 00:00:00+08:00,25.941949945059218,26.78872016709176,25.941949945059218,26.596271514892578,2115496,0.0,0.0
2011-04-11 00:00:00+08:00,26.942676167273387,26.942676167273387,25.941947805584796,25.980438232421875,1332905,0.0,0.0
2011-04-12 00:00:00+08:00,26.13439806659271,26.32684496595518,25.711012089708884,26.01892852783203,846913,0.0,0.0
2011-04-13 00:00:00+08:00,26.018926818138972,26.172885027084014,25.48007308683132,25.634031295776367,1132791,0.0,0.0
2011-04-14 00:00:00+08:00,25.78799234189177,26.24986701954191,25.74950365988546,25.82648277282715,1141129,0.0,0.0
2011-04-15 00:00:00+08:00,25.826482052632276,26.557782730720813,25.826482052632276,25.94194984436035,1525873,0.0,0.0
2011-04-18 00:00:00+08:00,26.403824075485968,26.865698732670687,25.941949418301245,26.01892852783203,1212598,0.0,0.0
2011-04-19 00:00:00+08:00,25.787990229227336,26.4423117611623,25.787990229227336,26.211376190185547,960073,0.0,0.0
2011-04-20 00:00:00+08:00,26.71174154307133,27.712470005539323,26.480804205578718,26.865699768066406,3531783,0.0,0.0
2011-04-21 00:00:00+08:00,26.942677393745058,27.25059382674299,26.519291423908424,26.788719177246094,1572328,0.0,0.0
2011-04-22 00:00:00+08:00,26.788717690402724,27.01965500233355,26.596269055995933,26.71173858642578,1279303,0.0,0.0
2011-04-25 00:00:00+08:00,26.788718166079775,26.788718166079775,25.40309426989082,25.595542907714844,1222128,0.0,0.0
2011-04-26 00:00:00+08:00,25.787990995519344,26.018928322287344,25.672523206599834,25.71101188659668,751620,0.0,0.0
2011-04-27 00:00:00+08:00,25.7879939178172,25.941952153109092,25.480077447233413,25.518566131591797,851677,0.0,0.0
2011-04-28 00:00:00+08:00,25.595544202201733,25.787991100829807,24.633304462274417,24.671794891357422,1417478,0.0,0.0
2011-04-29 00:00:00+08:00,24.671796615942498,25.28762953288609,24.363880157470703,24.363880157470703,804031,0.0,0.0
2011-05-03 00:00:00+08:00,24.286898719088533,24.67179425535157,24.017472718168875,24.44085693359375,469316,0.0,0.0
2011-05-04 00:00:00+08:00,24.286899049478663,25.595543890575318,24.24841036979324,25.403095245361328,904088,0.0,0.0
2011-05-05 00:00:00+08:00,25.403098329587465,26.55778509427667,25.403098329587465,25.518566131591797,1711694,0.0,0.0
2011-05-06 00:00:00+08:00,25.59554699816692,25.749505233458812,25.133672292291237,25.518566131591797,483610,0.0,0.0
2011-05-09 00:00:00+08:00,25.71100908396998,25.749499508700154,25.172155380249023,25.172155380249023,468125,0.0,0.0
2011-05-10 00:00:00+08:00,25.480074761116523,26.172886746893607,25.24913743252416,26.01892852783203,1947543,0.0,0.0
2011-05-11 00:00:00+08:00,26.403823939887246,26.78871948556452,26.01892839420997,26.057418823242188,3827190,0.0,0.0
2011-05-12 00:00:00+08:00,26.24986413155654,26.24986413155654,25.518561764603145,25.634031295776367,783781,0.0,0.0
2011-05-13 00:00:00+08:00,25.4030939823588,25.711010400248888,25.24913577341376,25.634031295776367,983896,0.0,0.0
2011-05-16 00:00:00+08:00,25.249138111718448,25.557054558124456,24.787263442109435,24.864242553710938,607490,0.0,0.0
2011-05-17 00:00:00+08:00,24.864243850141563,25.018202081372003,23.70955711591325,24.6333065032959,1706929,0.0,0.0
2011-05-18 00:00:00+08:00,24.633304983996894,25.133670079099566,23.8635138753228,24.248411178588867,1690253,0.0,0.0
2011-05-19 00:00:00+08:00,24.286896876010932,24.556322856484464,24.017470895537404,24.094449996948242,1112541,0.0,0.0
2011-05-20 00:00:00+08:00,24.325390322361898,24.325390322361898,23.24768276876032,23.555599212646484,1167334,0.0,0.0
2011-05-23 00:00:00+08:00,23.555599883450036,23.555599883450036,22.78580875181293,23.093725204467773,656328,0.0,0.0
2011-05-24 00:00:00+08:00,23.09372515071724,23.09372515071724,22.554871359825444,22.747318267822266,418096,0.0,0.0
2011-05-25 00:00:00+08:00,22.708829059157026,22.708829059157026,22.16997528076172,22.16997528076172,432390,0.0,0.0
2011-05-26 00:00:00+08:00,22.323934309855552,22.747318562286715,22.246955195874513,22.708829879760742,418096,0.0,0.0
2011-05-27 00:00:00+08:00,22.63184767079278,23.20919007223236,22.32393125697731,22.593358993530273,687298,0.0,0.0
2011-05-30 00:00:00+08:00,22.400910458719125,22.400910458719125,21.746587202025864,21.862056732177734,726606,0.0,0.0
2011-05-31 00:00:00+08:00,21.93903850660102,22.285443641366687,21.93903850660102,22.054506301879883,256098,0.0,0.0
2011-06-01 00:00:00+08:00,22.362423076294302,22.477890864204042,22.208463110866376,22.323932647705078,329950,0.0,0.0
2011-06-02 00:00:00+08:00,22.092996732925553,22.323934072412356,22.054506301879883,22.054506301879883,188202,0.0,0.0
2011-06-03 00:00:00+08:00,22.054506596449027,22.246955256389658,21.939038799627927,22.01601791381836,254907,0.0,0.0
2011-06-07 00:00:00+08:00,22.01601705836306,22.362423933224555,21.8620588359644,22.16997528076172,219173,0.0,0.0
2011-06-08 00:00:00+08:00,22.246954391961047,22.554870836758365,21.93903794716373,22.16997528076172,733753,0.0,0.0
2011-06-09 00:00:00+08:00,22.169976755262905,22.55487233685854,22.169976755262905,22.24695587158203,358538,0.0,0.0
2011-06-10 00:00:00+08:00,22.24695225113587,22.631847770094005,21.862056732177734,21.862056732177734,409758,0.0,0.0
2011-06-13 00:00:00+08:00,21.862057573589805,21.862057573589805,21.015287399291992,21.015287399291992,399037,0.0,0.0
2011-06-14 00:00:00+08:00,21.16924416639519,21.246223267889878,19.552684783935547,19.552684783935547,1498476,0.0,0.0
2011-06-15 00:00:00+08:00,19.552687052985267,19.552687052985267,18.513468187743328,19.129301071166992,1197113,0.0,0.0
2011-06-16 00:00:00+08:00,18.74440574645996,19.12930130326983,18.70591706524349,18.74440574645996,295407,0.0,0.0
2011-06-17 00:00:00+08:00,18.744407313724956,18.85987511595794,18.12857437133789,18.12857437133789,488374,0.0,0.0
2011-06-20 00:00:00+08:00,18.474979730061715,18.70591706413394,17.70518861648764,17.74367904663086,363303,0.0,0.0
2011-06-21 00:00:00+08:00,18.167064309891163,18.167064309891163,17.47425226857562,17.551231384277344,190585,0.0,0.0
2011-06-22 00:00:00+08:00,17.55123148177362,18.744406907313866,17.55123148177362,18.551959991455078,613446,0.0,0.0
2011-06-23 00:00:00+08:00,18.474978470671942,18.55195757678189,18.2440411523421,18.282529830932617,152468,0.0,0.0
2011-06-24 00:00:00+08:00,18.282532468104215,18.398002018389548,18.12857423367655,18.167064666748047,85763,0.0,0.0
2011-06-27 00:00:00+08:00,18.167063381854977,18.705917164240564,17.93612604654687,18.398000717163086,198923,0.0,0.0
2011-06-28 00:00:00+08:00,18.551960128859243,18.97534439624183,18.43649057934544,18.513469696044922,439537,0.0,0.0
2011-06-29 00:00:00+08:00,18.705913706698112,18.705913706698112,18.282527795759382,18.32101821899414,288260,0.0,0.0
2011-06-30 00:00:00+08:00,18.474978470671942,18.474978470671942,18.12857161871272,18.282529830932617,242996,0.0,0.0
2011-07-01 00:00:00+08:00,18.35951028681388,18.43648939858325,18.128572951505774,18.398000717163086,197732,0.0,0.0
2011-07-04 00:00:00+08:00,18.474979828932454,18.667426733891357,18.090084270085608,18.398000717163086,1758149,0.0,0.0
2011-07-05 00:00:00+08:00,18.85987015285098,19.090807445473363,18.32101821899414,18.32101821899414,1126835,0.0,0.0
2011-07-06 00:00:00+08:00,18.359509885890493,18.474979425487515,17.782167434692383,17.782167434692383,590814,0.0,0.0
2011-07-07 00:00:00+08:00,17.782167863163906,18.013105198993518,17.705188751220703,17.705188751220703,293024,0.0,0.0
2011-07-08 00:00:00+08:00,17.93612696278598,17.93612696278598,17.47425226857562,17.551231384277344,370450,0.0,0.0
2011-07-11 00:00:00+08:00,17.666698879094184,17.97461355718653,17.474250237741426,17.589719772338867,334715,0.0,0.0
2011-07-12 00:00:00+08:00,17.55123076547674,17.705188991452115,17.320293426513672,17.320293426513672,312083,0.0,0.0
2011-07-13 00:00:00+08:00,17.320293426513672,17.97461501244449,17.281802995555292,17.320293426513672,424052,0.0,0.0
2011-07-14 00:00:00+08:00,17.43575699812304,17.705184702781875,16.127114143249774,16.319561004638672,754003,0.0,0.0
2011-07-15 00:00:00+08:00,16.473526000976562,16.704463379434888,16.011652992989276,16.473526000976562,413331,0.0,0.0
2011-07-18 00:00:00+08:00,17.127843382878034,17.589719772338867,16.74294959803037,17.589719772338867,632504,0.0,0.0
2011-07-19 00:00:00+08:00,17.589720033213865,18.321020683770918,17.589720033213865,18.205551147460938,1416286,0.0,0.0
2011-07-20 00:00:00+08:00,18.244043922500055,18.32102304029844,17.55123186231461,18.12857437133789,532447,0.0,0.0
2011-07-21 00:00:00+08:00,18.16706480470167,18.667428195926572,18.09008568690329,18.12857437133789,421669,0.0,0.0
2011-07-22 00:00:00+08:00,18.09008417327468,18.09008417327468,17.74367904663086,17.74367904663086,421669,0.0,0.0
2011-07-25 00:00:00+08:00,17.89763647004529,17.89763647004529,17.3972713941037,17.512739181518555,177482,0.0,0.0
2011-07-26 00:00:00+08:00,17.70518782578192,17.85914604162103,17.512739181518555,17.512739181518555,167953,0.0,0.0
2011-07-27 00:00:00+08:00,17.51274033451836,17.782168104439805,17.320293426513672,17.320293426513672,351391,0.0,0.0
2011-07-28 00:00:00+08:00,17.243312968238637,17.628208503148336,17.089354754274762,17.204822540283203,228702,0.0,0.0
2011-07-29 00:00:00+08:00,17.39727082691729,17.39727082691729,16.935396194458008,16.935396194458008,320421,0.0,0.0
2011-08-01 00:00:00+08:00,16.935397673147126,17.281802803272985,16.935397673147126,17.01237678527832,142938,0.0,0.0
2011-08-02 00:00:00+08:00,16.93539734154844,16.93539734154844,16.550501788428793,16.742950439453125,295407,0.0,0.0
2011-08-03 00:00:00+08:00,16.74294958739917,16.74294958739917,16.165605412636417,16.2040958404541,283495,0.0,0.0
2011-08-04 00:00:00+08:00,16.35805320739746,16.473520987017622,16.01164811960815,16.35805320739746,313274,0.0,0.0
2011-08-05 00:00:00+08:00,15.24185562133789,15.434304256118656,15.24185562133789,15.24185562133789,526491,0.0,0.0
2011-08-08 00:00:00+08:00,14.241128178259473,14.472065491224509,14.202638626098633,14.202638626098633,543168,0.0,0.0
2011-08-09 00:00:00+08:00,13.2404001860587,14.010192124901645,13.2404001860587,13.625296592712402,701592,0.0,0.0
2011-08-10 00:00:00+08:00,13.894724738923554,14.279619431930227,13.894724738923554,14.241129875183105,426434,0.0,0.0
2011-08-11 00:00:00+08:00,13.856233596801758,14.010191806174962,13.548316303590909,13.856233596801758,228702,0.0,0.0
2011-08-12 00:00:00+08:00,14.087171342777868,14.51055555707081,14.010192235731067,14.12566089630127,295407,0.0,0.0
2011-08-15 00:00:00+08:00,14.318107604980469,14.433576264062982,14.202638945897956,14.318107604980469,214408,0.0,0.0
2011-08-16 00:00:00+08:00,14.549046301480402,14.779984515988309,14.549046301480402,14.587535858154297,364494,0.0,0.0
2011-08-17 00:00:00+08:00,15.01092108426484,15.3958148822859,14.779983756094811,14.895451545715332,551506,0.0,0.0
2011-08-18 00:00:00+08:00,14.895450900393035,14.895450900393035,14.318107604980469,14.318107604980469,208452,0.0,0.0
2011-08-19 00:00:00+08:00,13.77925515520392,13.933213371985941,13.471337847175397,13.548316955566406,271584,0.0,0.0
2011-08-22 00:00:00+08:00,13.702276479016602,14.125661588521771,13.471338272094727,13.471338272094727,197732,0.0,0.0
2011-08-23 00:00:00+08:00,13.58680673039865,13.856233596801758,13.58680673039865,13.856233596801758,156041,0.0,0.0
2011-08-24 00:00:00+08:00,14.241128358848494,14.241128358848494,13.856233706823762,14.010191917419434,120306,0.0,0.0
2011-08-25 00:00:00+08:00,14.164149792373994,14.241128900600218,13.702276017481125,13.740765571594238,167953,0.0,0.0
2011-08-26 00:00:00+08:00,13.779254492115156,14.27961779811363,13.779254492115156,13.856233596801758,319230,0.0,0.0
2011-08-29 00:00:00+08:00,13.740765048877009,14.010191917419434,13.740765048877009,14.010191917419434,117924,0.0,0.0
2011-08-30 00:00:00+08:00,14.010191739758874,14.241128178259473,14.010191739758874,14.202638626098633,175100,0.0,0.0
2011-08-31 00:00:00+08:00,14.20264050123583,14.626025630903486,13.933214475002783,14.549046516418457,187011,0.0,0.0
2011-09-01 00:00:00+08:00,14.626025046754185,15.010921478271484,14.395087712522514,15.010921478271484,241805,0.0,0.0
2011-09-02 00:00:00+08:00,14.895451545715332,14.972430655105342,14.54904555346029,14.895451545715332,258481,0.0,0.0
2011-09-05 00:00:00+08:00,14.549044709021501,14.549044709021501,14.31810739425527,14.356596946716309,46455,0.0,0.0
2011-09-06 00:00:00+08:00,14.356597158007974,14.549044923145495,14.087171161279898,14.318107604980469,82189,0.0,0.0
2011-09-07 00:00:00+08:00,14.31810739425527,14.510555156560462,14.241128289333192,14.356596946716309,52410,0.0,0.0
2011-09-08 00:00:00+08:00,14.472065817090487,14.472065817090487,14.241128498925459,14.318107604980469,70278,0.0,0.0
2011-09-09 00:00:00+08:00,14.472065817090487,14.472065817090487,14.241128498925459,14.318107604980469,55984,0.0,0.0
2011-09-13 00:00:00+08:00,14.125660463204865,14.125660463204865,13.856233596801758,13.856233596801758,61940,0.0,0.0
2011-09-14 00:00:00+08:00,14.08717069744681,14.08717069744681,13.317378787778374,13.355868339538574,220364,0.0,0.0
2011-09-15 00:00:00+08:00,13.740765784568078,13.933213558116467,13.548317136555193,13.702276229858398,128645,0.0,0.0
2011-09-16 00:00:00+08:00,13.856233596801758,13.93321270148836,13.779254492115156,13.856233596801758,126262,0.0,0.0
2011-09-19 00:00:00+08:00,14.395086455143533,14.395086455143533,13.779254492115156,13.856233596801758,102439,0.0,0.0
2011-09-20 00:00:00+08:00,13.856234979371946,13.933214091739496,13.548317655437215,13.779255867004395,129836,0.0,0.0
2011-09-21 00:00:00+08:00,13.70227549622809,14.241128358848494,13.663785943579173,14.010191917419434,192967,0.0,0.0
2011-09-22 00:00:00+08:00,13.702276220674662,14.04868221282959,13.702276220674662,14.04868221282959,161997,0.0,0.0
2011-09-23 00:00:00+08:00,13.862600604313846,14.433412551879883,13.495649067204823,14.433412551879883,299107,0.0,1.05931
2011-09-26 00:00:00+08:00,14.43341178974852,14.759592276900138,13.740282408257475,14.5149564743042,338464,0.0,0.0
2011-09-27 00:00:00+08:00,14.514955817560615,15.00422477722168,14.351866455828398,15.00422477722168,267622,0.0,0.0
2011-09-28 00:00:00+08:00,14.922680243530385,14.922680243530385,14.555729591742859,14.88190746307373,78712,0.0,0.0
2011-09-29 00:00:00+08:00,14.759593117636916,14.841136932373047,14.351867922704754,14.841136932373047,113571,0.0,0.0
2011-09-30 00:00:00+08:00,14.841135139785818,15.860444068908691,14.596501101732056,15.860444068908691,253004,0.0,0.0
2011-10-03 00:00:00+08:00,15.860447412485831,15.860447412485831,15.208089840150809,15.411952018737793,220395,0.0,0.0
2011-10-04 00:00:00+08:00,15.738129240458301,15.738129240458301,15.493494300685997,15.575039863586426,223768,0.0,0.0
2011-10-05 00:00:00+08:00,16.268168033810966,16.553575748546013,15.819672694840097,15.901216506958008,266498,0.0,0.0
2011-10-06 00:00:00+08:00,16.227398859145396,16.268169895405375,15.819674505112417,16.023536682128906,269871,0.0,0.0
2011-10-07 00:00:00+08:00,16.064305880122774,16.553575748546013,15.901216506958008,15.901216506958008,152927,0.0,0.0
2011-10-11 00:00:00+08:00,16.14585074923214,16.227396306784325,15.941988604280548,15.98276138305664,116944,0.0,0.0
2011-10-12 00:00:00+08:00,15.982763883573293,15.982763883573293,15.656585100191355,15.819674491882324,112446,0.0,0.0
2011-10-13 00:00:00+08:00,15.819674478306798,15.860447263426837,15.615812301635742,15.615812301635742,158549,0.0,0.0
2011-10-14 00:00:00+08:00,15.615809616916943,15.615809616916943,15.24885811178232,15.289630889892578,244009,0.0,0.0
2011-10-17 00:00:00+08:00,15.738128882722188,16.064305880122774,15.575039509557424,15.901216506958008,312601,0.0,0.0
2011-10-18 00:00:00+08:00,15.615812301635742,15.656585086755783,15.534268480324807,15.615812301635742,80961,0.0,0.0
2011-10-19 00:00:00+08:00,15.656582832336426,16.064305378040697,15.656582832336426,15.656582832336426,78712,0.0,0.0
2011-10-20 00:00:00+08:00,15.697356459008086,15.697356459008086,15.53426708213621,15.575039863586426,87708,0.0,0.0
2011-10-21 00:00:00+08:00,15.65658367755787,15.65658367755787,15.493494300685997,15.575039863586426,89957,0.0,0.0
2011-10-24 00:00:00+08:00,15.575039022767129,15.738128390834614,15.575039022767129,15.656582832336426,59596,0.0,0.0
2011-10-25 00:00:00+08:00,15.738127369880267,15.778900146484375,15.575038012392618,15.778900146484375,130438,0.0,0.0
2011-10-26 00:00:00+08:00,15.615811268515978,15.901217247615918,15.534267452599865,15.738129615783691,165296,0.0,0.0
2011-10-27 00:00:00+08:00,15.656582650705642,15.98276138305664,15.656582650705642,15.98276138305664,253004,0.0,0.0
2011-10-28 00:00:00+08:00,16.308940115407637,16.308940115407637,15.738128208257828,15.98276138305664,170918,0.0,0.0
2011-10-31 00:00:00+08:00,16.145851822126172,16.186624603611623,15.901216882142464,16.064306259155273,115819,0.0,0.0
2011-11-01 00:00:00+08:00,16.064304965328684,16.105077743530273,15.901215601451167,16.105077743530273,121442,0.0,0.0
2011-11-02 00:00:00+08:00,16.064306259155273,16.064306259155273,15.77890203554409,16.064306259155273,85459,0.0,0.0
2011-11-03 00:00:00+08:00,15.941991111750651,16.023536682128906,15.819674505112417,16.023536682128906,105699,0.0,0.0
2011-11-04 00:00:00+08:00,16.14585074923214,16.14585074923214,15.901215825504455,15.98276138305664,98953,0.0,0.0
2011-11-07 00:00:00+08:00,15.98276138305664,15.98276138305664,15.819672016881142,15.98276138305664,61845,0.0,0.0
2011-11-08 00:00:00+08:00,15.901216882142464,16.064306259155273,15.901216882142464,16.064306259155273,121442,0.0,0.0
2011-11-09 00:00:00+08:00,16.064307718388886,16.145853288767142,15.860447290301543,16.023536682128906,148429,0.0,0.0
2011-11-10 00:00:00+08:00,15.982760650703375,15.982760650703375,15.656581933298359,15.860444068908691,213648,0.0,0.0
2011-11-11 00:00:00+08:00,15.53426523578851,15.86044395076381,15.53426523578851,15.778900146484375,112446,0.0,0.0
2011-11-14 00:00:00+08:00,15.77890345565644,15.819674491882324,15.534268493655414,15.819674491882324,149553,0.0,0.0
2011-11-15 00:00:00+08:00,15.65658249202289,15.778900827111446,15.534265905863188,15.697355270385742,110197,0.0,0.0
2011-11-16 00:00:00+08:00,15.57503868422604,15.738128048748594,15.534265905863188,15.697355270385742,113571,0.0,0.0
2011-11-17 00:00:00+08:00,15.53426708213621,15.575039863586426,15.493494300685997,15.575039863586426,105699,0.0,0.0
2011-11-18 00:00:00+08:00,15.493494300685997,15.575039863586426,15.411950486714552,15.575039863586426,82086,0.0,0.0
2011-11-21 00:00:00+08:00,15.085772167459956,15.493496543115551,14.6780495407336,15.33040714263916,223768,0.0,0.0
2011-11-22 00:00:00+08:00,15.167316288383162,15.167316288383162,14.678048133850098,14.678048133850098,176541,0.0,0.0
2011-11-23 00:00:00+08:00,13.862600604313846,14.678047492928895,13.862600604313846,14.433412551879883,161923,0.0,0.0
2011-11-24 00:00:00+08:00,14.270323895311014,14.555729866027832,14.107234519340123,14.555729866027832,85459,0.0,0.0
2011-11-25 00:00:00+08:00,14.555729721234673,14.555729721234673,14.188779066182652,14.270323753356934,203528,0.0,0.0
2011-11-28 00:00:00+08:00,14.351867708831973,14.555729866027832,14.148006426100602,14.555729866027832,121442,0.0,0.0
2011-11-29 00:00:00+08:00,14.555730152887438,14.555730152887438,14.229552268981934,14.229552268981934,89957,0.0,0.0
2011-11-30 00:00:00+08:00,14.229552268981934,14.35186799167393,13.984917325739922,14.229552268981934,83210,0.0,0.0
2011-12-01 00:00:00+08:00,14.351867863018379,14.55573002240439,14.27032404862137,14.433412551879883,159674,0.0,0.0
2011-12-02 00:00:00+08:00,14.188779315244545,15.044998982836328,14.188779315244545,14.75959300994873,278867,0.0,0.0
2011-12-05 00:00:00+08:00,14.841137170430112,14.922680986474235,14.596503098904199,14.718820571899414,101201,0.0,0.0
2011-12-06 00:00:00+08:00,14.59650203332433,14.678046717880008,14.270323295101614,14.5149564743042,114695,0.0,0.0
2011-12-07 00:00:00+08:00,14.514957240741388,14.514957240741388,14.311095955819875,14.433412551879883,58472,0.0,0.0
2011-12-08 00:00:00+08:00,14.311095669057265,14.311095669057265,13.862600326538086,13.862600326538086,183287,0.0,0.0
2011-12-09 00:00:00+08:00,13.862600560821866,14.75959300994873,13.781055872216196,14.75959300994873,456533,0.0,0.0
2011-12-12 00:00:00+08:00,14.67804752387543,14.67804752387543,14.474185364059604,14.637274742126465,67467,0.0,0.0
2011-12-13 00:00:00+08:00,14.392640675026176,14.637274742126465,14.148006607925884,14.637274742126465,84334,0.0,0.0
2011-12-14 00:00:00+08:00,14.351867109078741,15.085769270278563,14.351867109078741,14.922679901123047,244009,0.0,0.0
2011-12-15 00:00:00+08:00,14.718819839105002,14.922680243530385,14.678047058648348,14.88190746307373,106824,0.0,0.0
2011-12-16 00:00:00+08:00,14.881907965276612,15.04499909260688,14.678047553971783,14.841136932373047,105699,0.0,0.0
2011-12-19 00:00:00+08:00,14.718819979659395,14.718819979659395,13.862600326538086,13.862600326538086,64094,0.0,0.0
2011-12-20 00:00:00+08:00,13.86260069988794,14.270324147006468,13.86260069988794,14.025690078735352,98953,0.0,0.0
2011-12-21 00:00:00+08:00,14.678046717880008,14.759592276900138,14.311095200147228,14.5149564743042,85459,0.0,0.0
2011-12-22 00:00:00+08:00,14.351867708831973,14.922680524730096,14.351867708831973,14.555729866027832,93330,0.0,0.0
2011-12-23 00:00:00+08:00,14.841137331939622,14.922681148871149,14.596503257751465,14.596503257751465,284489,0.0,0.0
2011-12-26 00:00:00+08:00,14.59650203332433,14.800363307481302,14.5149564743042,14.5149564743042,113571,0.0,0.0
2011-12-27 00:00:00+08:00,14.55573002240439,14.718820274591897,14.433412551879883,14.433412551879883,145056,0.0,0.0
2011-12-28 00:00:00+08:00,14.433412551879883,14.678047492928895,14.392640644681379,14.433412551879883,149553,0.0,0.0
2011-12-29 00:00:00+08:00,14.433412061059357,14.433412061059357,14.1887788772583,14.1887788772583,174292,0.0,0.0
2011-12-30 00:00:00+08:00,14.188779457582761,14.351867961965668,13.90337260736754,14.025690078735352,113571,0.0,0.0
2012-01-02 00:00:00+08:00,14.025689700993148,14.025689700993148,13.699510077618546,13.862600326538086,109073,0.0,0.0
2012-01-03 00:00:00+08:00,13.86260085664675,14.025690237338383,13.86260085664675,13.903372764587402,93330,0.0,0.0
2012-01-04 00:00:00+08:00,14.025690048845844,14.025690048845844,13.577193820738982,13.82182788848877,236137,0.0,0.0
2012-01-05 00:00:00+08:00,13.781056166300935,14.025690237338383,13.57719400320414,13.903372764587402,172043,0.0,0.0
2012-01-06 00:00:00+08:00,13.86260085664675,14.1072349276842,13.86260085664675,13.903372764587402,87708,0.0,0.0
2012-01-09 00:00:00+08:00,13.862599864146112,13.862599864146112,13.699509620666504,13.699509620666504,92206,0.0,0.0
2012-01-10 00:00:00+08:00,13.821827084660097,13.862599864146112,13.699509620666504,13.699509620666504,84334,0.0,0.0
2012-01-11 00:00:00+08:00,13.699509427928199,13.86259966911329,13.617964744567871,13.617964744567871,92206,0.0,0.0
2012-01-12 00:00:00+08:00,13.577193603347938,13.740282979236493,13.536420822143555,13.536420822143555,127064,0.0,0.0
2012-01-13 00:00:00+08:00,13.577193413483084,13.699510006456768,13.454875946044922,13.454875946044922,151802,0.0,0.0
2012-01-16 00:00:00+08:00,13.536420822143555,13.617965510087833,13.454876134199278,13.536420822143555,115819,0.0,0.0
2012-01-17 00:00:00+08:00,13.617964936158925,13.699509620666504,13.577193031137362,13.699509620666504,113571,0.0,0.0
2012-01-18 00:00:00+08:00,13.74028240015252,13.74028240015252,13.577193031137362,13.699509620666504,137184,0.0,0.0
2012-01-30 00:00:00+08:00,13.944145202636719,14.025689890968758,13.78105582597264,13.944145202636719,122566,0.0,0.0
2012-01-31 00:00:00+08:00,13.944144593499894,14.555729292041443,13.944144593499894,14.311095237731934,306979,0.0,0.0
2012-02-01 00:00:00+08:00,14.311095204022088,15.167314829320773,14.311095204022088,14.922679901123047,421674,0.0,0.0
2012-02-02 00:00:00+08:00,15.248860954585433,15.289633740296848,14.841138344258797,15.085771560668945,384567,0.0,0.0
2012-02-03 00:00:00+08:00,15.12654426914435,15.452723055311862,14.84113826848007,15.411952018737793,368824,0.0,0.0
2012-02-06 00:00:00+08:00,15.493493567631804,15.493493567631804,14.84113609100974,14.922679901123047,245133,0.0,0.0
2012-02-07 00:00:00+08:00,14.922679901123047,15.167314829320773,14.84113609100974,14.922679901123047,98953,0.0,0.0
2012-02-08 00:00:00+08:00,15.248859014298947,15.941989287481436,14.963453048492845,15.901216506958008,866963,0.0,0.0
2012-02-09 00:00:00+08:00,15.901217247615918,16.064306628377174,15.65658405093855,15.738129615783691,305854,0.0,0.0
2012-02-10 00:00:00+08:00,15.819673431699805,16.145852193222314,15.493494670177295,15.738129615783691,214772,0.0,0.0
2012-02-13 00:00:00+08:00,15.656584905485813,16.71666681275849,15.656584905485813,16.553577423095703,608336,0.0,0.0
2012-02-14 00:00:00+08:00,16.553574510264564,17.002069815685978,16.14585023338778,16.349712371826172,494765,0.0,0.0
2012-02-15 00:00:00+08:00,16.349712371826172,16.757436648702956,16.26816681687929,16.349712371826172,538619,0.0,0.0
2012-02-16 00:00:00+08:00,16.39048544201256,16.92052456291786,16.105077743530273,16.105077743530273,480146,0.0,0.0
2012-02-17 00:00:00+08:00,16.308939246622657,16.553574157318522,15.575038012392618,15.778900146484375,303605,0.0,0.0
2012-02-20 00:00:00+08:00,16.023534347720492,16.023534347720492,15.49349346426894,15.656582832336426,210275,0.0,0.0
2012-02-21 00:00:00+08:00,15.65658405093855,15.860446214122375,15.615811268515978,15.738129615783691,168669,0.0,0.0
2012-02-22 00:00:00+08:00,15.738127487114008,15.982760650703375,15.738127487114008,15.860444068908691,183287,0.0,0.0
2012-02-23 00:00:00+08:00,15.860445475363525,16.064305880122774,15.860445475363525,15.901216506958008,122566,0.0,0.0
2012-02-24 00:00:00+08:00,15.941987755043248,15.941987755043248,15.738127369880267,15.778900146484375,131562,0.0,0.0
2012-02-29 00:00:00+08:00,15.778903228282463,16.390488001078374,15.778903228282463,16.14585304260254,367700,0.0,0.0
2012-03-01 00:00:00+08:00,16.14585074923214,16.308940115407637,15.901215825504455,15.98276138305664,148429,0.0,0.0
2012-03-02 00:00:00+08:00,16.064305191679953,16.14585074923214,15.901215825504455,15.98276138305664,235013,0.0,0.0
2012-03-05 00:00:00+08:00,16.71666677976008,16.71666677976008,16.14585304260254,16.14585304260254,354206,0.0,0.0
2012-03-06 00:00:00+08:00,16.14585414502111,16.227399719723927,15.126544954811363,15.33040714263916,541992,0.0,0.0
2012-03-07 00:00:00+08:00,15.330404999736738,15.778902100052276,15.0857700587529,15.45272159576416,257502,0.0,0.0
2012-03-08 00:00:00+08:00,15.575039863586426,15.86044583587996,15.371177705264337,15.575039863586426,166420,0.0,0.0
2012-03-09 00:00:00+08:00,15.901218313263236,16.145853275264262,15.656585100191355,15.819674491882324,226017,0.0,0.0
2012-03-12 00:00:00+08:00,16.145851808173493,16.145851808173493,15.53426708213621,15.575039863586426,185536,0.0,0.0
2012-03-13 00:00:00+08:00,15.65658367755787,15.738129240458301,15.575039863586426,15.575039863586426,168669,0.0,0.0
2012-03-14 00:00:00+08:00,15.656582832336426,15.778901170083708,15.575039022767129,15.656582832336426,149553,0.0,0.0
2012-03-15 00:00:00+08:00,15.65658375509586,15.65658375509586,14.678047489018493,15.45272159576416,204652,0.0,0.0
2012-03-16 00:00:00+08:00,15.16731645646725,15.575040797561071,15.16731645646725,15.37117862701416,133811,0.0,0.0
2012-03-19 00:00:00+08:00,15.37117644611309,15.575038587735529,15.289630889892576,15.289630889892578,52849,0.0,0.0
2012-03-20 00:00:00+08:00,15.41195042183574,15.53426701674249,15.167315483093262,15.167315483093262,76463,0.0,0.0
2012-03-21 00:00:00+08:00,14.922680544350785,15.167315483093262,14.922680544350785,15.167315483093262,73090,0.0,0.0
2012-03-22 00:00:00+08:00,15.16731430449065,15.493493031515015,15.16731430449065,15.289630889892578,73090,0.0,0.0
2012-03-23 00:00:00+08:00,15.289634355287752,15.411952717341975,15.248861567936347,15.33040714263916,74214,0.0,0.0
2012-03-26 00:00:00+08:00,15.411949757518498,15.615810157266214,14.922679901123047,14.922679901123047,116944,0.0,0.0
2012-03-27 00:00:00+08:00,15.20808860945141,15.33040520713359,15.0449992295655,15.126543045043945,87708,0.0,0.0
2012-03-28 00:00:00+08:00,15.2896317329304,15.2896317329304,15.085769580067435,15.208087921142578,60721,0.0,0.0
2012-03-29 00:00:00+08:00,15.08577036749151,15.126543149978087,14.596503098904199,14.718820571899414,237262,0.0,0.0
2012-03-30 00:00:00+08:00,14.678047446878566,14.841136824089906,14.270324003850217,14.75959300994873,89957,0.0,0.0
2012-04-02 00:00:00+08:00,14.7595925118696,14.7595925118696,14.270323522282022,14.392640113830566,34858,0.0,0.0
2012-04-03 00:00:00+08:00,14.392641286782553,14.67804814776297,13.944145915267729,14.066462516784668,240635,0.0,0.0
2012-04-05 00:00:00+08:00,13.862601222768257,14.066462516784668,13.291788375271958,14.066462516784668,214772,0.0,0.0
2012-04-06 00:00:00+08:00,13.862600093012759,14.596502265697431,13.862600093012759,14.392640113830566,80961,0.0,0.0
2012-04-09 00:00:00+08:00,14.392640113830566,14.392640113830566,14.270323522282022,14.392640113830566,23613,0.0,0.0
2012-04-10 00:00:00+08:00,14.596503257751465,14.841137331939622,14.392641092029072,14.596503257751465,53974,0.0,0.0
2012-04-11 00:00:00+08:00,14.270323862448079,14.555729832507637,14.270323862448079,14.35186767578125,50600,0.0,0.0
2012-04-12 00:00:00+08:00,14.59650261363871,14.59650261363871,14.35186767578125,14.35186767578125,37107,0.0,0.0
2012-04-13 00:00:00+08:00,14.596502265697431,14.596502265697431,14.351867333671409,14.392640113830566,80961,0.0,0.0
2012-04-16 00:00:00+08:00,14.351867863018379,14.474185333542884,14.311095955819875,14.433412551879883,12369,0.0,0.0
2012-04-17 00:00:00+08:00,14.270324176545932,14.270324176545932,14.107234797360928,14.229552268981934,40480,0.0,0.0
2012-04-18 00:00:00+08:00,14.229551042563417,14.351866754713248,14.148005485534668,14.148005485534668,62970,0.0,0.0
2012-04-19 00:00:00+08:00,13.984917109570492,14.1072345793008,13.944145202636719,13.944145202636719,94455,0.0,0.0
2012-04-20 00:00:00+08:00,13.61796531965282,13.903372160698877,13.454875946044922,13.454875946044922,229391,0.0,0.0
2012-04-23 00:00:00+08:00,13.291788101196289,13.454876608367822,13.128698719560237,13.291788101196289,132686,0.0,0.0
2012-04-24 00:00:00+08:00,13.454875946044922,13.61796531965282,13.332558478606762,13.454875946044922,93330,0.0,0.0
2012-04-25 00:00:00+08:00,13.454875377847218,13.658737523480253,13.454875377847218,13.617964744567871,64094,0.0,0.0
2012-04-26 00:00:00+08:00,13.781054985752963,13.821826890200906,13.536420061207545,13.617964744567871,71965,0.0,0.0
2012-04-27 00:00:00+08:00,13.495648384094238,13.617964973962936,13.373330919761088,13.495648384094238,53974,0.0,0.0
2012-04-30 00:00:00+08:00,13.617964936158925,13.699509620666504,13.414103662122205,13.699509620666504,11244,0.0,0.0
2012-05-02 00:00:00+08:00,13.699510963304778,14.148007209284138,13.699510963304778,14.066462516784668,176541,0.0,0.0
2012-05-03 00:00:00+08:00,14.066461705721691,14.555729832507637,14.066461705721691,14.35186767578125,120317,0.0,0.0
2012-05-04 00:00:00+08:00,14.311095469158829,14.35186737497085,14.107234191169791,14.1887788772583,185536,0.0,0.0
2012-05-07 00:00:00+08:00,14.188779992766142,14.351868503300548,14.0256906077672,14.066462516784668,118068,0.0,0.0
2012-05-08 00:00:00+08:00,14.270323753356934,14.351867566066733,14.107234379008373,14.270323753356934,107948,0.0,0.0
2012-05-09 00:00:00+08:00,14.0256906077672,14.148007209284138,13.944145915267729,14.066462516784668,41605,0.0,0.0
2012-05-10 00:00:00+08:00,14.025689890968758,14.025689890968758,13.86260051430468,13.944145202636719,78712,0.0,0.0
2012-05-11 00:00:00+08:00,14.025690479372745,14.025690479372745,13.740283621005009,13.78105640411377,60721,0.0,0.0
2012-05-14 00:00:00+08:00,14.596502904701289,14.596502904701289,14.025690078735352,14.025690078735352,103450,0.0,0.0
2012-05-15 00:00:00+08:00,14.02569042363276,14.02569042363276,13.862601040774914,13.984917640686035,40480,0.0,0.0
2012-05-16 00:00:00+08:00,13.984917454933218,14.025690237338383,13.903372764587402,13.903372764587402,51725,0.0,0.0
2012-05-17 00:00:00+08:00,13.944145202636719,14.025689890968758,13.86260051430468,13.944145202636719,86583,0.0,0.0
2012-05-18 00:00:00+08:00,13.862599902629238,13.984916492497936,13.454875604495037,13.495648384094238,129313,0.0,0.0
2012-05-21 00:00:00+08:00,13.454875794135708,13.69950985178557,13.454875794135708,13.577193260192871,48352,0.0,0.0
2012-05-22 00:00:00+08:00,13.536420854805304,13.740283012390137,13.536420854805304,13.740283012390137,14618,0.0,0.0
2012-05-23 00:00:00+08:00,13.699509620666504,13.862599864146112,13.617964936158925,13.699509620666504,79837,0.0,0.0
2012-05-24 00:00:00+08:00,13.65873908996582,13.699510999089789,13.577194397253344,13.65873908996582,84334,0.0,0.0
2012-05-25 00:00:00+08:00,13.781055760440877,13.781055760440877,13.536420822143555,13.536420822143555,60721,0.0,0.0
2012-05-28 00:00:00+08:00,13.29178763277521,13.577193603347938,13.29178763277521,13.536420822143555,46103,0.0,0.0
2012-05-29 00:00:00+08:00,13.454876349631837,13.944145359595915,13.454876349631837,13.82182788848877,85459,0.0,0.0
2012-05-30 00:00:00+08:00,13.821827084660097,13.821827084660097,13.617964936158925,13.699509620666504,37107,0.0,0.0
2012-05-31 00:00:00+08:00,13.536420854805304,13.740283012390137,13.536420854805304,13.740283012390137,57347,0.0,0.0
2012-06-01 00:00:00+08:00,13.740282631959445,13.740282631959445,13.536420480018995,13.577193260192871,50600,0.0,0.0
2012-06-04 00:00:00+08:00,13.128698506323689,13.536421079327063,12.639429494897731,13.006381034851074,154051,0.0,0.0
2012-06-05 00:00:00+08:00,13.210243753909948,13.251015663146973,13.047154368032766,13.251015663146973,103450,0.0,0.0
2012-06-06 00:00:00+08:00,13.373331729981787,13.373331729981787,13.087925753353925,13.210243225097656,66343,0.0,0.0
2012-06-07 00:00:00+08:00,13.373332079327259,13.373332079327259,13.128698878378367,13.16947078704834,68592,0.0,0.0
2012-06-08 00:00:00+08:00,13.16947078704834,13.16947078704834,13.087926095243866,13.16947078704834,30360,0.0,0.0
2012-06-11 00:00:00+08:00,12.884063563378458,13.169470413838225,12.884063563378458,13.006381034851074,97828,0.0,0.0
2012-06-12 00:00:00+08:00,12.884063344725249,12.884063344725249,12.72097396850586,12.72097396850586,118068,0.0,0.0
2012-06-13 00:00:00+08:00,12.924834589795424,13.047152044653831,12.76174523296047,12.884061813354492,64094,0.0,0.0
2012-06-14 00:00:00+08:00,12.884063344725249,12.924836126012341,12.72097396850586,12.72097396850586,35982,0.0,0.0
2012-06-15 00:00:00+08:00,12.720974155297416,12.884063533911569,12.720974155297416,12.802518844604492,80961,0.0,0.0
2012-06-18 00:00:00+08:00,12.924835251610086,13.332557790110469,12.924835251610086,13.128697395324707,102326,0.0,0.0
2012-06-19 00:00:00+08:00,12.965608281610194,13.251015132702562,12.965608281610194,13.210243225097656,125940,0.0,0.0
2012-06-20 00:00:00+08:00,13.291786885591003,13.944144352473616,13.291786885591003,13.617964744567871,217021,0.0,0.0
2012-06-21 00:00:00+08:00,13.454875377847218,13.821826890200906,13.454875377847218,13.617964744567871,114695,0.0,0.0
2012-06-22 00:00:00+08:00,13.617965516962958,14.555729866027832,13.536420828977512,14.555729866027832,761263,0.0,0.0
2012-06-25 00:00:00+08:00,14.84113609100974,15.330404198476288,14.84113609100974,14.922679901123047,1024388,0.0,0.0
2012-06-26 00:00:00+08:00,15.248859914455359,15.248859914455359,14.474185783425124,14.596503257751465,565606,0.0,0.0
2012-06-27 00:00:00+08:00,14.596502372199513,15.208087957798018,14.596502372199513,14.88190746307373,772508,0.0,0.0
2012-06-28 00:00:00+08:00,14.922680524730096,15.044998868404997,14.514957084802864,14.555729866027832,310352,0.0,0.0
2012-06-29 00:00:00+08:00,14.555729866027832,14.841136711209137,14.433412396817419,14.555729866027832,191159,0.0,0.0
2012-07-02 00:00:00+08:00,14.596502864771152,15.04499909260688,14.596502864771152,14.841136932373047,419425,0.0,0.0
2012-07-03 00:00:00+08:00,14.922680544350785,15.860445769113142,14.922680544350785,15.167315483093262,1838501,0.0,0.0
2012-07-04 00:00:00+08:00,15.00422477722168,15.208086916619159,15.00422477722168,15.00422477722168,452035,0.0,0.0
2012-07-05 00:00:00+08:00,15.330403500686115,15.330403500686115,15.00422477722168,15.00422477722168,186661,0.0,0.0
2012-07-06 00:00:00+08:00,14.84113643154602,15.167315177341363,14.84113643154602,14.88190746307373,258627,0.0,0.0
2012-07-09 00:00:00+08:00,14.841136824089906,15.004226201301245,14.718820228413648,14.75959300994873,152927,0.0,0.0
2012-07-10 00:00:00+08:00,14.596503069759095,14.759593324915238,13.74028338389577,13.903372764587402,413803,0.0,0.0
2012-07-11 00:00:00+08:00,13.944145573828482,14.148006862853103,13.862600883325731,14.107234954833984,106824,0.0,0.0
2012-07-12 00:00:00+08:00,14.351868314883925,14.351868314883925,13.903372949257113,13.984917640686035,83210,0.0,0.0
2012-07-13 00:00:00+08:00,14.025690048845844,14.025690048845844,13.699510417381624,13.82182788848877,140558,0.0,0.0
2012-07-16 00:00:00+08:00,13.903372577738699,13.903372577738699,13.82182788848877,13.82182788848877,77588,0.0,0.0
2012-07-17 00:00:00+08:00,13.903372330126375,14.433412363578908,13.903372330126375,14.35186767578125,193408,0.0,0.0
2012-07-18 00:00:00+08:00,14.311096216316482,14.311096216316482,13.903372764587402,13.903372764587402,152927,0.0,0.0
2012-07-19 00:00:00+08:00,14.107235115061682,14.107235115061682,13.984917640686035,13.984917640686035,83210,0.0,0.0
2012-07-20 00:00:00+08:00,14.025690479372745,14.14800707976997,13.78105640411377,13.78105640411377,176541,0.0,0.0
2012-07-23 00:00:00+08:00,13.699509620666504,13.94414454865369,13.536420251651348,13.699509620666504,107948,0.0,0.0
2012-07-24 00:00:00+08:00,13.699510077618546,13.944145013765617,13.699510077618546,13.862600326538086,200154,0.0,0.0
2012-07-25 00:00:00+08:00,13.781055639310557,13.944145013765617,13.699510077618546,13.862600326538086,88832,0.0,0.0
2012-07-26 00:00:00+08:00,13.944145732203838,14.066462332114957,13.903372949257113,13.984917640686035,77588,0.0,0.0
2012-07-27 00:00:00+08:00,14.066462145279035,14.066462145279035,13.86260085664675,13.903372764587402,151802,0.0,0.0
2012-07-30 00:00:00+08:00,13.903372764587402,14.025690237338383,13.86260085664675,13.903372764587402,77588,0.0,0.0
2012-07-31 00:00:00+08:00,13.984917109570492,14.025689890968758,13.903372421238453,13.944145202636719,75339,0.0,0.0
2012-08-01 00:00:00+08:00,13.944145202636719,14.025689890968758,13.86260051430468,13.944145202636719,133811,0.0,0.0
2012-08-02 00:00:00+08:00,13.944145202636719,13.944145202636719,13.944145202636719,13.944145202636719,0,0.0,0.0
2012-08-03 00:00:00+08:00,13.944145202636719,13.984917109570492,13.86260051430468,13.944145202636719,66343,0.0,0.0
2012-08-06 00:00:00+08:00,13.984917296791247,14.025690078735352,13.984917296791247,14.025690078735352,110197,0.0,0.0
2012-08-07 00:00:00+08:00,14.025690237338383,14.025690237338383,13.903372764587402,13.903372764587402,97828,0.0,0.0
2012-08-08 00:00:00+08:00,13.944145202636719,13.944145202636719,13.86260051430468,13.944145202636719,78712,0.0,0.0
2012-08-09 00:00:00+08:00,13.903372421238453,13.944145202636719,13.821827732906414,13.944145202636719,149553,0.0,0.0
2012-08-10 00:00:00+08:00,13.944145202636719,14.148006486234573,13.944145202636719,13.944145202636719,184412,0.0,0.0
2012-08-13 00:00:00+08:00,14.02569042363276,14.02569042363276,13.862601040774914,13.984917640686035,105699,0.0,0.0
2012-08-14 00:00:00+08:00,13.984917454933218,13.984917454933218,13.821828074241587,13.903372764587402,76463,0.0,0.0
2012-08-15 00:00:00+08:00,13.984917696263986,13.984917696263986,13.740283621005009,13.78105640411377,76463,0.0,0.0
2012-08-16 00:00:00+08:00,13.862600883325731,14.148006862853103,13.862600883325731,14.107234954833984,160798,0.0,0.0
2012-08-17 00:00:00+08:00,14.1072349276842,14.1072349276842,13.903372764587402,13.903372764587402,92206,0.0,0.0
2012-08-20 00:00:00+08:00,13.903372764587402,13.984917454933218,13.903372764587402,13.903372764587402,74214,0.0,0.0
2012-08-21 00:00:00+08:00,13.984916120406032,14.188778264049041,13.903371437841715,14.148005485534668,181039,0.0,0.0
2012-08-22 00:00:00+08:00,14.229552096779628,14.75959300994873,14.229552096779628,14.75959300994873,747769,0.0,0.0
2012-08-23 00:00:00+08:00,14.718820116463212,14.718820116463212,14.474185178042386,14.555729866027832,187785,0.0,0.0
2012-08-24 00:00:00+08:00,14.555730657984563,14.96345412009545,14.311096580718031,14.678048133850098,638696,0.0,0.0
2012-08-27 00:00:00+08:00,14.678048133850098,14.922681336652094,14.63727535040674,14.678048133850098,257502,0.0,0.0
2012-08-28 00:00:00+08:00,14.678048111581948,14.759593678344947,14.39264125130505,14.474185943603516,147305,0.0,0.0
2012-08-29 00:00:00+08:00,14.514957691890887,14.63727516621723,14.474185783425124,14.596503257751465,138309,0.0,0.0
2012-08-30 00:00:00+08:00,14.596502758272896,14.963453419766163,14.555729976737814,14.75959300994873,228266,0.0,0.0
2012-08-31 00:00:00+08:00,14.75959300994873,14.75959300994873,14.596502758272896,14.75959300994873,102326,0.0,0.0
2012-09-03 00:00:00+08:00,14.678047949147517,14.718820732077806,14.596503257751465,14.596503257751465,147305,0.0,0.0
2012-09-04 00:00:00+08:00,14.59650261363871,14.59650261363871,14.311095769114665,14.35186767578125,248506,0.0,0.0
2012-09-05 00:00:00+08:00,14.270323862448079,14.35186767578125,14.229551955781492,14.35186767578125,86583,0.0,0.0
2012-09-06 00:00:00+08:00,14.514957691890887,15.085770531663254,14.351868309098784,14.596503257751465,341837,0.0,0.0
2012-09-07 00:00:00+08:00,14.718820274591897,14.718820274591897,14.433412551879883,14.433412551879883,237262,0.0,0.0
2012-09-10 00:00:00+08:00,14.474185178042386,14.5965026472528,14.433412396817419,14.555729866027832,118068,0.0,0.0
2012-09-11 00:00:00+08:00,14.596502804067391,14.596502804067391,14.351867863018379,14.433412551879883,94455,0.0,0.0
2012-09-12 00:00:00+08:00,14.678047492928895,14.678047492928895,14.351867863018379,14.433412551879883,197906,0.0,0.0
2012-09-13 00:00:00+08:00,14.47418479968442,14.47418479968442,14.311095427976715,14.392640113830566,88832,0.0,0.0
2012-09-14 00:00:00+08:00,14.47418479968442,14.555729485538272,14.392640113830566,14.392640113830566,132686,0.0,0.0
2012-09-17 00:00:00+08:00,14.63727535040674,14.75959370073681,14.514957874541206,14.678048133850098,194532,0.0,0.0
2012-09-18 00:00:00+08:00,14.67804789491386,14.922681093733601,14.67804789491386,14.80036449432373,430670,0.0,0.0
2012-09-19 00:00:00+08:00,14.92268063823108,14.92268063823108,14.678047446878566,14.75959300994873,203528,0.0,0.0
2012-09-20 00:00:00+08:00,14.922681093733601,14.922681093733601,14.63727511213422,14.80036449432373,183287,0.0,0.0
2012-09-21 00:00:00+08:00,14.800364735251096,14.881908553208737,14.678048133850098,14.678048133850098,661185,0.0,0.0
2012-09-24 00:00:00+08:00,14.707403868251893,15.015642122685744,14.707403868251893,14.79547119140625,441456,0.0,1.08
2012-09-25 00:00:00+08:00,14.927573204040527,15.015640517782062,14.839504141370112,14.927573204040527,248840,0.0,0.0
2012-09-26 00:00:00+08:00,14.927575594346585,15.676155751197397,14.927575594346585,15.411952018737793,438333,0.0,0.0
2012-09-27 00:00:00+08:00,15.4119502727591,15.852290359949876,15.323881205963568,15.544052124023438,683008,0.0,0.0
2012-09-28 00:00:00+08:00,15.588086763014434,15.632121296710489,15.32388130976708,15.45598316192627,281116,0.0,0.0
2012-10-01 00:00:00+08:00,15.455984423710753,15.852291761470749,15.455984423710753,15.588088035583496,214481,0.0,0.0
2012-10-02 00:00:00+08:00,15.58808670655844,15.720188558239194,15.235812187194824,15.235812187194824,162422,0.0,0.0
2012-10-03 00:00:00+08:00,15.235812559874882,15.279847094488575,15.01564163573543,15.059676170349121,71840,0.0,0.0
2012-10-04 00:00:00+08:00,15.147744543356456,15.191779075946235,14.97160816192627,14.97160816192627,174916,0.0,0.0
2012-10-05 00:00:00+08:00,15.1037102879037,15.720188508685538,15.1037102879037,15.544052124023438,339422,0.0,0.0
2012-10-08 00:00:00+08:00,15.54405349829258,16.02842816170529,15.411951635348954,15.588088035583496,892284,0.0,0.0
2012-10-09 00:00:00+08:00,15.588085629655513,15.808256533198904,15.235811134628781,15.323880195617676,281116,0.0,0.0
2012-10-11 00:00:00+08:00,15.05967701197141,15.45598434778458,15.05967701197141,15.147746086120605,148887,0.0,0.0
2012-10-12 00:00:00+08:00,15.10371110818181,15.852291220883153,15.10371110818181,15.632122039794922,373780,0.0,0.0
2012-10-15 00:00:00+08:00,15.588086540443133,15.588086540443133,15.103710174560547,15.103710174560547,217604,0.0,0.0
2012-10-16 00:00:00+08:00,15.103710174560547,15.32388109096818,15.015641108425914,15.103710174560547,193658,0.0,0.0
2012-10-17 00:00:00+08:00,15.147746086120605,15.279847948415295,15.147746086120605,15.147746086120605,125981,0.0,0.0
2012-10-18 00:00:00+08:00,15.015642474896811,15.279847948415295,15.015642474896811,15.147746086120605,106199,0.0,0.0
2012-10-19 00:00:00+08:00,15.147746537349029,15.411952018737793,15.103711998962707,15.411952018737793,222810,0.0,0.0
2012-10-22 00:00:00+08:00,15.323881664462522,16.468769073486328,15.147745274530322,16.468769073486328,2038615,0.0,0.0
2012-10-23 00:00:00+08:00,16.600870928703227,17.30541823736104,16.468769073486328,16.468769073486328,2443631,0.0,0.0
2012-10-24 00:00:00+08:00,16.292632581735123,17.085247205941172,16.028427124023438,16.028427124023438,1584664,0.0,0.0
2012-10-25 00:00:00+08:00,16.02842583257574,16.38069858185521,15.676153083296267,15.764222145080566,1069283,0.0,0.0
2012-10-26 00:00:00+08:00,15.764223988607652,15.984394919887148,14.79547119140625,14.79547119140625,911025,0.0,0.0
2012-10-29 00:00:00+08:00,14.267061967776772,14.487232884976304,13.782685600152009,13.914789199829102,748602,0.0,0.0
2012-10-30 00:00:00+08:00,13.914789886384275,14.223028136314712,13.914789886384275,14.002857208251953,245716,0.0,0.0
2012-10-31 00:00:00+08:00,14.090924957813293,14.355129522036751,13.91478858166432,14.17899227142334,344627,0.0,0.0
2012-11-01 00:00:00+08:00,14.178993491537435,14.311096222248933,13.914789779043467,14.090926170349121,205110,0.0,0.0
2012-11-02 00:00:00+08:00,14.267061333962266,14.443197710111239,14.17899227142334,14.17899227142334,330051,0.0,0.0
2012-11-05 00:00:00+08:00,14.267062561654777,14.311096222248933,13.95882256517311,14.090926170349121,170752,0.0,0.0
2012-11-06 00:00:00+08:00,15.059676170349121,15.059676170349121,15.059676170349121,15.059676170349121,417510,0.0,0.0
2012-11-07 00:00:00+08:00,15.852290523132961,15.852290523132961,15.411950431409336,15.676154136657715,1326453,0.0,0.0
2012-11-08 00:00:00+08:00,15.323880195617676,15.588085629655513,15.147743822568732,15.323880195617676,470609,0.0,0.0
2012-11-09 00:00:00+08:00,15.323881729136433,16.24859821741547,15.147745338460856,15.500018119812012,610126,0.0,0.0
2012-11-12 00:00:00+08:00,16.028427291838742,16.24859821741547,15.500018119812012,15.500018119812012,720491,0.0,0.0
2012-11-13 00:00:00+08:00,15.41194925660657,15.764222002704456,15.323880195617676,15.323880195617676,394604,0.0,0.0
2012-11-14 00:00:00+08:00,15.323881363707224,15.676154136657717,15.323881363707224,15.676154136657715,269663,0.0,0.0
2012-11-15 00:00:00+08:00,15.500018119812012,15.764223580289888,15.367916264037584,15.500018119812012,220728,0.0,0.0
2012-11-16 00:00:00+08:00,15.411951559639089,15.676155284228466,15.103711549046007,15.147746086120605,360245,0.0,0.0
2012-11-19 00:00:00+08:00,15.411950675164109,15.411950675164109,14.619335174560547,14.619335174560547,310269,0.0,0.0
2012-11-20 00:00:00+08:00,14.663369283211857,14.883539326161051,14.575300216674805,14.575300216674805,166587,0.0,0.0
2012-11-21 00:00:00+08:00,14.663369305573998,14.7074029644452,14.355130195617676,14.355130195617676,178040,0.0,0.0
2012-11-22 00:00:00+08:00,14.575299992173365,14.575299992173365,14.223027229309082,14.223027229309082,154093,0.0,0.0
2012-11-23 00:00:00+08:00,14.355130071481161,14.663369178771973,14.355130071481161,14.663369178771973,183246,0.0,0.0
2012-11-26 00:00:00+08:00,14.707402837262391,14.883539220153006,14.663369178771973,14.663369178771973,143681,0.0,0.0
2012-11-27 00:00:00+08:00,14.795470711595975,15.103710704962815,14.61933519653472,15.059676170349121,274869,0.0,0.0
2012-11-28 00:00:00+08:00,15.059676702306833,15.103711238475972,14.92757484272849,15.015642166137695,173875,0.0,0.0
2012-11-29 00:00:00+08:00,15.147744214449999,15.147744214449999,14.83950424194336,14.83950424194336,175958,0.0,0.0
2012-11-30 00:00:00+08:00,14.83950424194336,15.059675151182704,14.795469710309712,14.83950424194336,211357,0.0,0.0
2012-12-03 00:00:00+08:00,14.927572776227997,15.015640087445593,14.883538246154785,14.883538246154785,88499,0.0,0.0
2012-12-04 00:00:00+08:00,15.015640517782062,15.015640517782062,14.795469610034905,14.927573204040527,111405,0.0,0.0
2012-12-05 00:00:00+08:00,14.97160968675132,15.411951559639089,14.97160968675132,15.147746086120605,450827,0.0,0.0
2012-12-06 00:00:00+08:00,15.191778643122893,15.23581142552922,14.927573204040527,14.927573204040527,194699,0.0,0.0
2012-12-07 00:00:00+08:00,15.015640517782062,15.05967504911727,14.839504141370112,14.927573204040527,108281,0.0,0.0
2012-12-10 00:00:00+08:00,14.883539758452065,14.92757429299957,14.619335174560547,14.619335174560547,214481,0.0,0.0
2012-12-11 00:00:00+08:00,14.795470154243226,14.839504687198117,14.487232795881358,14.663369178771973,196781,0.0,0.0
2012-12-12 00:00:00+08:00,14.7954703030483,15.676153975287773,14.7954703030483,15.544052124023438,1157783,0.0,0.0
2012-12-13 00:00:00+08:00,15.72019028958372,16.028428560429646,15.411952018737793,15.411952018737793,971413,0.0,0.0
2012-12-14 00:00:00+08:00,15.54405287671437,15.632121947774477,15.191780090332031,15.191780090332031,291528,0.0,0.0
2012-12-17 00:00:00+08:00,15.191779511083034,15.852290523132961,15.191779511083034,15.676154136657715,586179,0.0,0.0
2012-12-18 00:00:00+08:00,15.852289341463571,16.512802053206205,15.720187498686583,16.292631149291992,2008421,0.0,0.0
2012-12-19 00:00:00+08:00,16.46876764363951,16.644904018279245,15.764222145080566,15.764222145080566,1047419,0.0,0.0
2012-12-20 00:00:00+08:00,15.852291761470749,16.248599099230745,15.411951635348954,15.588088035583496,811073,0.0,0.0
2012-12-21 00:00:00+08:00,15.808256533198904,15.808256533198904,15.19177835306318,15.323880195617676,320681,0.0,0.0
2012-12-24 00:00:00+08:00,16.82104168754476,17.525588989257812,16.644905299348746,17.525588989257812,3948124,0.0,0.0
2012-12-25 00:00:00+08:00,17.70172470288157,17.70172470288157,16.336666434684965,16.60087013244629,2628959,0.0,0.0
2012-12-26 00:00:00+08:00,16.336668443809984,17.70172687988494,16.336668443809984,17.481555938720703,2505060,0.0,0.0
2012-12-27 00:00:00+08:00,18.053997775105493,18.67047599532344,17.305417703744048,17.701725006103516,6191850,0.0,0.0
2012-12-28 00:00:00+08:00,17.61365693134554,17.745758776811773,17.217347897089056,17.39348602294922,1623187,0.0,0.0
2013-01-02 00:00:00+08:00,17.613659088905308,17.745760950553173,17.173317218173626,17.217350006103516,971413,0.0,0.0
2013-01-03 00:00:00+08:00,17.349453435562616,18.27416995530238,17.261384362764026,17.613658905029297,2088591,0.0,0.0
2013-01-04 00:00:00+08:00,17.569623416067838,17.569623416067838,17.085247039794922,17.085247039794922,768385,0.0,0.0
2013-01-07 00:00:00+08:00,17.17331610781872,17.52558888205594,17.041212505783022,17.085247039794922,762138,0.0,0.0
2013-01-08 00:00:00+08:00,17.217348404177443,17.2613829369394,16.600870192296902,16.821041107177734,674679,0.0,0.0
2013-01-09 00:00:00+08:00,16.865076438678564,17.085247363986806,16.688940048217773,16.688940048217773,458115,0.0,0.0
2013-01-10 00:00:00+08:00,16.865078787463197,16.953147869423407,16.60087329051184,16.73297691345215,492474,0.0,0.0
2013-01-11 00:00:00+08:00,16.600870928703227,16.865076388066033,16.468769073486328,16.468769073486328,441456,0.0,0.0
2013-01-14 00:00:00+08:00,16.51280403137207,16.82104228442033,16.51280403137207,16.51280403137207,432086,0.0,0.0
2013-01-15 00:00:00+08:00,16.60087245890643,16.909112481396896,16.556837920132196,16.644906997680664,490392,0.0,0.0
2013-01-16 00:00:00+08:00,16.644906234056183,16.644906234056183,16.116497039794922,16.116497039794922,557027,0.0,0.0
2013-01-17 00:00:00+08:00,16.116496256432697,16.116496256432697,15.01564163573543,15.059676170349121,1023472,0.0,0.0
2013-01-18 00:00:00+08:00,15.235811134628781,15.500016568666618,15.147743822568732,15.323880195617676,486227,0.0,0.0
2013-01-21 00:00:00+08:00,15.323882941965152,15.544053884967596,15.103711998962707,15.411952018737793,314433,0.0,0.0
2013-01-22 00:00:00+08:00,15.63212004681087,15.94035826017946,15.500016456285332,15.852289199829102,521627,0.0,0.0
2013-01-23 00:00:00+08:00,15.80825843402294,15.80825843402294,15.588087504005653,15.632122039794922,271745,0.0,0.0
2013-01-24 00:00:00+08:00,15.58808577044083,15.764222145080566,15.500016708656531,15.764222145080566,264457,0.0,0.0
2013-01-25 00:00:00+08:00,15.720187614188417,16.336665799891925,15.632120301332979,15.764222145080566,521627,0.0,0.0
2013-01-28 00:00:00+08:00,15.852290901163167,16.028427291838742,15.45598358491086,15.500018119812012,218646,0.0,0.0
2013-01-29 00:00:00+08:00,15.544052284033526,15.676154136657717,15.455983216331413,15.676154136657715,340463,0.0,0.0
2013-01-30 00:00:00+08:00,15.676153608501682,15.852289989042596,15.676153608501682,15.72018814086914,345669,0.0,0.0
2013-01-31 00:00:00+08:00,15.808257205604058,16.116495434318427,15.72018814086914,15.72018814086914,271745,0.0,0.0
2013-02-01 00:00:00+08:00,15.808257575481072,15.896324893347641,15.544052124023438,15.544052124023438,287363,0.0,0.0
2013-02-04 00:00:00+08:00,15.58808577044083,15.896323988828152,15.58808577044083,15.764222145080566,503927,0.0,0.0
2013-02-05 00:00:00+08:00,15.76422482797004,15.76422482797004,15.411952018737793,15.411952018737793,271745,0.0,0.0
2013-02-06 00:00:00+08:00,15.500016999731749,15.544051531450824,15.367915153503418,15.367915153503418,279034,0.0,0.0
2013-02-18 00:00:00+08:00,15.500018809872978,16.336668014526367,15.367916948217376,16.336668014526367,790249,0.0,0.0
2013-02-19 00:00:00+08:00,17.437519073486328,17.437519073486328,17.437519073486328,17.437519073486328,2133361,0.0,0.0
2013-02-20 00:00:00+08:00,18.626440048217773,18.626440048217773,18.00996187479057,18.626440048217773,6631225,0.0,0.0
2013-02-21 00:00:00+08:00,19.286954613142672,19.903432846069336,18.802578234082794,19.903432846069336,3523326,0.0,0.0
2013-02-22 00:00:00+08:00,20.872182551865134,21.268489837646484,20.25570435743538,21.268489837646484,11487252,0.0,0.0
2013-02-25 00:00:00+08:00,19.903429819400603,20.74007709856856,19.903429819400603,20.211668014526367,3387974,0.0,0.0
2013-02-26 00:00:00+08:00,20.21167271838904,21.620765686035156,19.947468989344173,21.620765686035156,7407939,0.0,0.0
2013-02-27 00:00:00+08:00,22.281275519291434,22.897751970365555,21.708831851201964,21.92900276184082,7851479,0.0,0.0
2013-03-01 00:00:00+08:00,21.929003655472883,21.929003655472883,20.607978137806423,21.180421829223633,4037665,0.0,0.0
2013-03-04 00:00:00+08:00,20.82814971300027,20.872184248094303,19.727296829223633,19.727296829223633,2684141,0.0,0.0
2013-03-05 00:00:00+08:00,18.978714671571538,20.38780752922145,18.978714671571538,20.12360382080078,2476948,0.0,0.0
2013-03-06 00:00:00+08:00,20.299740927603207,20.43184278648735,19.463091740502456,19.55116081237793,1816845,0.0,0.0
2013-03-07 00:00:00+08:00,19.595193599386604,19.99150092496811,19.375022668626983,19.55116081237793,1299382,0.0,0.0
2013-03-08 00:00:00+08:00,19.9914993725111,20.43184119983522,19.639226610223375,20.035533905029297,2385325,0.0,0.0
2013-03-11 00:00:00+08:00,20.16763600514929,20.255705071283924,19.37502140565339,19.419055938720703,1310835,0.0,0.0
2013-03-12 00:00:00+08:00,19.419056467009458,20.343772941934958,19.419056467009458,19.903432846069336,2211461,0.0,0.0
2013-03-13 00:00:00+08:00,20.03553658814995,20.2997420697121,19.55116191237003,19.683263778686523,980784,0.0,0.0
2013-03-14 00:00:00+08:00,19.815362215494805,20.652011304865773,19.63922584124758,20.167634963989258,2003660,0.0,0.0
2013-03-15 00:00:00+08:00,20.475877797726547,21.576730728149414,20.431843260766648,21.576730728149414,3262462,0.0,0.0
2013-03-18 00:00:00+08:00,22.281278072720497,22.721618195532184,21.224457930328427,21.576730728149414,11184192,0.0,0.0
2013-03-19 00:00:00+08:00,21.84093620097971,22.1491744618408,21.04832153141793,21.576730728149414,3046200,0.0,0.0
2013-03-20 00:00:00+08:00,21.840933698013718,22.54547921291494,21.576728255461305,21.92900276184082,5850961,0.0,0.0
2013-03-21 00:00:00+08:00,22.28127768137476,22.36934500481865,21.620764885364746,21.752866744995117,2759106,0.0,0.0
2013-03-22 00:00:00+08:00,21.752864959251394,23.07388869389641,21.752864959251394,22.193206787109375,5435767,0.0,0.0
2013-03-25 00:00:00+08:00,22.72161599282023,22.72161599282023,22.01707046547933,22.41337776184082,2833445,0.0,0.0
2013-03-26 00:00:00+08:00,22.67758277800442,23.0298555349789,22.19320642546784,22.369342803955078,3281845,0.0,0.0
2013-03-27 00:00:00+08:00,22.36934232818781,22.545478702928854,21.532694985400067,21.664796829223633,2061920,0.0,0.0
2013-03-28 00:00:00+08:00,21.620764048335023,21.752865902851184,20.96025127789621,21.00428581237793,1751321,0.0,0.0
2013-03-29 00:00:00+08:00,21.13638766689409,21.40059312485542,20.828149423380044,21.00428581237793,892934,0.0,0.0
2013-04-01 00:00:00+08:00,21.312525700054714,21.312525700054714,19.639227389406766,19.903432846069336,1390470,0.0,0.0
2013-04-02 00:00:00+08:00,19.903429819400603,20.431838903442795,19.815360764262543,20.211668014526367,1017558,0.0,0.0
2013-04-03 00:00:00+08:00,20.69604646645366,21.00428469354887,20.387806490429536,20.872182846069336,1507617,0.0,0.0
2013-04-08 00:00:00+08:00,20.43184201046548,20.475876544730742,19.72729645793729,19.903432846069336,959137,0.0,0.0
2013-04-09 00:00:00+08:00,19.94746806763874,20.519910037095045,19.94746806763874,19.991500854492188,919418,0.0,0.0
2013-04-10 00:00:00+08:00,20.035534699936125,20.211671088068172,19.815363777538813,19.903432846069336,540554,0.0,0.0
2013-04-11 00:00:00+08:00,20.255707022089993,20.255707022089993,18.978715933725823,19.19888687133789,1146862,0.0,0.0
2013-04-12 00:00:00+08:00,19.198885810012776,19.859398586335466,19.066783954319845,19.286954879760742,1538106,0.0,0.0
2013-04-15 00:00:00+08:00,19.28695282696345,19.551158259157756,18.714509181316483,18.84661102294922,626522,0.0,0.0
2013-04-16 00:00:00+08:00,18.84661365692062,19.2869555224763,18.5824081878014,19.15485191345215,516066,0.0,0.0
2013-04-17 00:00:00+08:00,19.154850799556623,19.375021719531052,19.022748947143555,19.022748947143555,363699,0.0,0.0
2013-04-18 00:00:00+08:00,19.022750053357075,19.463091918912756,18.84661365692062,19.15485191345215,850543,0.0,0.0
2013-04-19 00:00:00+08:00,19.154850799556623,19.286954400898665,18.978714413362873,19.022748947143555,461683,0.0,0.0
2013-04-22 00:00:00+08:00,19.286953908547485,19.286953908547485,18.758543014526367,18.758543014526367,420657,0.0,0.0
2013-04-23 00:00:00+08:00,18.758543430720533,18.93467981632585,18.00996335466569,18.142066955566406,656785,0.0,0.0
2013-04-24 00:00:00+08:00,18.142068404267956,18.494341203608688,17.789795604927225,17.87786293029785,602060,0.0,0.0
2013-04-25 00:00:00+08:00,17.877860308951977,18.362234899791655,17.877860308951977,18.230133056640625,506370,0.0,0.0
2013-04-26 00:00:00+08:00,18.318204803938322,18.45030666645882,17.87786293029785,17.87786293029785,449417,0.0,0.0
2013-04-29 00:00:00+08:00,17.96592808473638,18.098029918434495,17.30541541838835,17.65768814086914,492275,0.0,0.0
2013-04-30 00:00:00+08:00,17.613654752039494,18.053994765420764,17.613654752039494,17.789791107177734,535373,0.0,0.0
2013-05-02 00:00:00+08:00,17.96592916384959,19.022747394769144,17.87786010347521,18.84661102294922,1986795,0.0,0.0
2013-05-03 00:00:00+08:00,18.846612118590777,18.846612118590777,18.31820297241211,18.31820297241211,681209,0.0,0.0
2013-05-06 00:00:00+08:00,18.318204415511335,18.450306275230687,18.053998947143555,18.053998947143555,362980,0.0,0.0
2013-05-07 00:00:00+08:00,18.27416758733392,18.362234899791655,18.0539966827963,18.230133056640625,207736,0.0,0.0
2013-05-08 00:00:00+08:00,18.274168807538153,18.318203341171724,18.05399788829926,18.142066955566406,270184,0.0,0.0
2013-05-09 00:00:00+08:00,18.186099740271008,18.318203341171724,18.05399788829926,18.142066955566406,353073,0.0,0.0
2013-05-10 00:00:00+08:00,18.14206727227917,18.758543758195355,18.14206727227917,18.40627098083496,494973,0.0,0.0
2013-05-13 00:00:00+08:00,18.31820254624905,18.53837170700468,18.186098951081,18.274168014526367,370644,0.0,0.0
2013-05-14 00:00:00+08:00,18.274167377302252,19.24291829677626,18.274167377302252,18.84661102294922,1657173,0.0,0.0
2013-05-15 00:00:00+08:00,18.84661024572426,19.46308839613516,18.84661024572426,18.97871208190918,792582,0.0,0.0
2013-05-16 00:00:00+08:00,19.110817526850088,19.110817526850088,18.58240663282897,18.758543014526367,453576,0.0,0.0
2013-05-17 00:00:00+08:00,18.3622353646537,19.286953536907827,18.3622353646537,18.93467903137207,856343,0.0,0.0
2013-05-20 00:00:00+08:00,19.022749699777293,19.330989699508578,18.67047691345215,18.67047691345215,484346,0.0,0.0
2013-05-21 00:00:00+08:00,19.11081989766699,19.11081989766699,18.714512552451207,18.802579879760742,420452,0.0,0.0
2013-05-22 00:00:00+08:00,18.934679767992066,18.934679767992066,18.23013422736926,18.582406997680664,568583,0.0,0.0
2013-05-23 00:00:00+08:00,18.494339354471666,18.75854305309653,18.274168439664987,18.31820297241211,253577,0.0,0.0
2013-05-24 00:00:00+08:00,18.36223763062374,18.45030670510796,18.098033905029297,18.098033905029297,250892,0.0,0.0
2013-05-27 00:00:00+08:00,18.098031213489595,18.40626943048495,18.098031213489595,18.230133056640625,241855,0.0,0.0
2013-05-28 00:00:00+08:00,18.142066955566406,18.318203341171724,18.142066955566406,18.142066955566406,283347,0.0,0.0
2013-05-29 00:00:00+08:00,18.18609937417074,18.53837213828985,18.18609937417074,18.31820297241211,508324,0.0,0.0
2013-05-30 00:00:00+08:00,18.274168014526367,18.626440770450046,18.186098951081,18.274168014526367,366700,0.0,0.0
2013-05-31 00:00:00+08:00,18.450304392488206,18.49433892421089,18.14206616828721,18.274168014526367,277579,0.0,0.0
2013-06-03 00:00:00+08:00,18.05399788829926,18.186099740271008,17.83382696906037,18.142066955566406,187782,0.0,0.0
2013-06-04 00:00:00+08:00,18.31820254624905,18.53837170700468,18.14206616828721,18.274168014526367,779430,0.0,0.0
2013-06-05 00:00:00+08:00,18.274169074657994,18.670476385295164,18.186100006103516,18.186100006103516,1185683,0.0,0.0
2013-06-06 00:00:00+08:00,18.230133906917864,18.582406671036974,18.230133906917864,18.31820297241211,576918,0.0,0.0
2013-06-07 00:00:00+08:00,18.45030514604613,19.154850686668937,18.406270612524963,18.582406997680664,850845,0.0,0.0
2013-06-10 00:00:00+08:00,18.670475338381376,19.198884473291663,18.494338960077947,18.93467903137207,1413150,0.0,0.0
2013-06-11 00:00:00+08:00,19.28695630121521,19.28695630121521,18.714512552451207,18.802579879760742,542901,0.0,0.0
2013-06-13 00:00:00+08:00,18.670474865715864,18.84661123956019,18.18609852594733,18.230133056640625,425998,0.0,0.0
2013-06-14 00:00:00+08:00,18.406269147070283,18.670474578233037,18.23013277593806,18.626440048217773,763919,0.0,0.0
2013-06-17 00:00:00+08:00,18.714510914481266,19.903432846069336,18.714510914481266,19.903432846069336,2732690,0.0,0.0
2013-06-18 00:00:00+08:00,21.224455306131027,21.268489837646484,21.224455306131027,21.268489837646484,2879351,0.0,0.0
2013-06-19 00:00:00+08:00,22.72161865234375,22.72161865234375,22.72161865234375,22.72161865234375,6094416,0.0,0.0
2013-06-20 00:00:00+08:00,23.55826413633475,24.13070779067223,22.809684107503337,23.38212776184082,17347489,0.0,0.0
2013-06-21 00:00:00+08:00,22.545480206427797,24.218778501448885,22.105140114674494,23.7784366607666,9754080,0.0,0.0
2013-06-24 00:00:00+08:00,23.778437211019877,24.571051843018175,22.545480728149414,22.545480728149414,4949875,0.0,0.0
2013-06-25 00:00:00+08:00,22.017071360812512,22.32530960432656,21.00428581237793,21.00428581237793,3788292,0.0,0.0
2013-06-26 00:00:00+08:00,21.40059432923892,21.92900527489951,20.872185132507436,21.576730728149414,3116254,0.0,0.0
2013-06-27 00:00:00+08:00,21.664798057402635,22.765650899173803,21.488661672676404,22.237241744995117,3504224,0.0,0.0
2013-06-28 00:00:00+08:00,22.237243535760598,22.41337993467109,21.576730728149414,21.576730728149414,2665355,0.0,0.0
2013-07-01 00:00:00+08:00,21.576729350378333,22.28127664996091,21.576729350378333,22.061105728149414,1594791,0.0,0.0
2013-07-02 00:00:00+08:00,22.105139893682686,22.67758358127517,22.01707082685509,22.237241744995117,2207422,0.0,0.0
2013-07-03 00:00:00+08:00,22.237243968688404,22.50144769773327,21.576731148217966,21.620765686035156,1516446,0.0,0.0
2013-07-04 00:00:00+08:00,21.620763668445786,21.884969121764872,21.180421829223633,21.180421829223633,1145290,0.0,0.0
2013-07-05 00:00:00+08:00,21.488665670607094,21.532700212213445,20.960254669189453,20.960254669189453,952645,0.0,0.0
2013-07-08 00:00:00+08:00,21.136388291262904,21.136388291262904,19.85939899607374,19.991500854492188,986846,0.0,0.0
2013-07-09 00:00:00+08:00,20.079567651330073,20.60797677407175,20.079567651330073,20.167634963989258,855114,0.0,0.0
2013-07-10 00:00:00+08:00,20.343772134798826,20.652012113497282,19.9914993725111,20.035533905029297,727654,0.0,0.0
2013-07-11 00:00:00+08:00,20.255706826356295,20.607979623559896,20.167637752590842,20.47587776184082,801722,0.0,0.0
2013-07-12 00:00:00+08:00,20.563942365834556,21.884967803955078,20.5199078347781,21.884967803955078,1748128,0.0,0.0
2013-07-15 00:00:00+08:00,22.061106151042953,22.67758439414672,22.061106151042953,22.105140686035156,4453630,0.0,0.0
2013-07-16 00:00:00+08:00,22.14917142252929,22.281275015281718,21.444625923565113,21.664796829223633,1047002,0.0,0.0
2013-07-17 00:00:00+08:00,21.752866481181396,22.017071946166993,21.664799158805565,21.708833694458008,998684,0.0,0.0
2013-07-18 00:00:00+08:00,21.84093616123727,21.97303802294749,21.268492428587525,21.35655975341797,1372212,0.0,0.0
2013-07-19 00:00:00+08:00,21.44462728254272,21.664798202153797,21.092354510736588,21.180421829223633,803108,0.0,0.0
2013-07-22 00:00:00+08:00,21.3125277715485,21.664800582052123,21.13638961736752,21.224458694458008,571169,0.0,0.0
2013-07-23 00:00:00+08:00,21.444626643792493,21.79689940510582,21.312524795532227,21.312524795532227,690198,0.0,0.0
2013-07-24 00:00:00+08:00,21.31252692587843,21.53269786093922,21.136388778686523,21.136388778686523,539340,0.0,0.0
2013-07-25 00:00:00+08:00,21.13638641072574,21.35655732112025,20.431840896606445,20.431840896606445,1014058,0.0,0.0
2013-07-26 00:00:00+08:00,20.69604741244592,20.69604741244592,20.255705568814754,20.343772888183594,588006,0.0,0.0
2013-07-29 00:00:00+08:00,20.43184096025749,21.136386476571648,20.43184096025749,20.65201187133789,838248,0.0,0.0
2013-07-30 00:00:00+08:00,20.7400803544166,21.356558590373695,20.696047568863882,21.00428581237793,1069676,0.0,0.0
2013-07-31 00:00:00+08:00,21.180421343871224,21.312524941968082,20.74007951473957,20.916215896606445,455659,0.0,0.0
2013-08-01 00:00:00+08:00,21.048322289206197,21.356560561164578,20.784116806863896,21.224458694458008,501443,0.0,0.0
2013-08-02 00:00:00+08:00,21.40059296271494,22.5895148911396,21.40059296271494,22.061105728149414,3532704,0.0,0.0
2013-08-05 00:00:00+08:00,22.193209430871214,22.237243968688404,21.620765686035156,21.620765686035156,1276987,0.0,0.0
2013-08-06 00:00:00+08:00,21.6207623665452,22.193206023492547,21.6207623665452,21.884967803955078,1006510,0.0,0.0
2013-08-07 00:00:00+08:00,21.88496862026766,21.973035936736633,20.916215896606445,20.916215896606445,1093288,0.0,0.0
2013-08-08 00:00:00+08:00,20.960251699528648,21.18042262743717,20.82814984235515,21.048320770263672,581790,0.0,0.0
2013-08-09 00:00:00+08:00,21.0923541275378,21.0923541275378,20.696046829223633,20.696046829223633,844382,0.0,0.0
2013-08-12 00:00:00+08:00,20.696045413972826,21.488659956400056,20.16763455306879,21.400590896606445,1473586,0.0,0.0
2013-08-13 00:00:00+08:00,21.79689985268956,22.545479923084166,21.532696150743792,22.017070770263672,3885321,0.0,0.0
2013-08-14 00:00:00+08:00,21.7528668618695,22.01707233147885,21.444628604766162,21.532697677612305,940795,0.0,0.0
2013-08-15 00:00:00+08:00,21.532697677612305,21.840935934715645,21.22445767157988,21.532697677612305,547145,0.0,0.0
2013-08-16 00:00:00+08:00,21.532697900937062,21.752867087477725,21.312526965467296,21.35655975341797,478469,0.0,0.0
2013-08-19 00:00:00+08:00,21.576733004890507,21.576733004890507,20.960254669189453,20.960254669189453,449401,0.0,0.0
2013-08-20 00:00:00+08:00,20.872182717395457,21.04831909592528,20.431840896606445,20.431840896606445,720609,0.0,0.0
2013-08-22 00:00:00+08:00,20.255704162575128,20.916215133237326,20.255704162575128,20.60797691345215,291606,0.0,0.0
2013-08-23 00:00:00+08:00,21.048319225685017,21.1363865410284,20.740079249660894,20.872182846069336,392236,0.0,0.0
2013-08-26 00:00:00+08:00,20.87218395786177,21.48866219381886,20.87218395786177,21.00428581237793,752926,0.0,0.0
2013-08-27 00:00:00+08:00,21.00428570767931,21.26849116432367,20.519909328652812,20.56394386291504,406452,0.0,0.0
2013-08-28 00:00:00+08:00,20.56394508667717,20.696048697325345,20.431843224958094,20.47587776184082,417325,0.0,0.0
2013-08-29 00:00:00+08:00,20.47587776184082,20.784116022161697,20.47587776184082,20.47587776184082,467177,0.0,0.0
2013-08-30 00:00:00+08:00,20.519908600173743,20.916215896606445,20.519908600173743,20.916215896606445,270184,0.0,0.0
2013-09-02 00:00:00+08:00,20.96025238042371,21.224457852282477,20.74008144536292,21.136388778686523,816973,0.0,0.0
2013-09-03 00:00:00+08:00,21.31252436916194,21.708831654943292,21.13638624310011,21.268489837646484,1003847,0.0,0.0
2013-09-04 00:00:00+08:00,21.268491270339258,21.356558590373695,20.96025127789621,21.00428581237793,462759,0.0,0.0
2013-09-05 00:00:00+08:00,21.13638809206966,21.224457162804683,20.87218437772266,21.048320770263672,397469,0.0,0.0
2013-09-06 00:00:00+08:00,21.136385466154426,21.66479632705846,21.048318155289635,21.400590896606445,1119812,0.0,0.0
2013-09-09 00:00:00+08:00,21.576728060396917,21.796898969045323,21.13638624310011,21.268489837646484,950504,0.0,0.0
2013-09-10 00:00:00+08:00,21.312526185627878,21.312526185627878,20.299740619097093,20.828149795532227,764733,0.0,0.0
2013-09-11 00:00:00+08:00,20.784115306987637,21.048320770263672,20.519909843711602,21.048320770263672,389794,0.0,0.0
2013-09-12 00:00:00+08:00,21.18042262743717,21.268491698172195,20.960251699528648,21.048320770263672,428025,0.0,0.0
2013-09-13 00:00:00+08:00,21.136388044553797,21.136388044553797,20.696047938655703,20.828149795532227,387428,0.0,0.0
2013-09-16 00:00:00+08:00,21.13638961736752,21.356560561164578,21.00428775066095,21.224458694458008,710534,0.0,0.0
2013-09-17 00:00:00+08:00,21.224457852282477,21.40059425054529,21.09235599081764,21.136388778686523,430070,0.0,0.0
2013-09-18 00:00:00+08:00,21.13638961736752,21.3125277715485,21.09235682775144,21.224458694458008,487262,0.0,0.0
2013-09-23 00:00:00+08:00,21.31252465619054,21.796899262597286,21.31252465619054,20.58155632019043,1719318,0.0,0.0
2013-09-24 00:00:00+08:00,22.17532148284383,22.501429308729133,22.08214730985962,22.221908569335938,1691939,0.386345,1.03976
2013-09-25 00:00:00+08:00,22.548016277054344,23.7592716217041,22.548016277054344,23.7592716217041,3602841,0.0,0.0
2013-09-26 00:00:00+08:00,24.597834258644824,25.156875703674114,24.038791034056203,25.110288619995117,10918623,0.0,0.0
2013-09-27 00:00:00+08:00,25.343223299470953,25.576156931515076,24.36489990941449,24.644420623779297,3944964,0.0,0.0
2013-09-30 00:00:00+08:00,23.852444724214237,24.55124742746748,23.852444724214237,24.225139617919922,2086780,0.0,0.0
2013-10-01 00:00:00+08:00,24.41148776623028,25.343224103526946,24.318313598632812,24.318313598632812,4687986,0.0,0.0
2013-10-02 00:00:00+08:00,24.41148690081204,25.017113630047334,24.271725654370552,24.691007614135742,2367498,0.0,0.0
2013-10-03 00:00:00+08:00,25.156874544778894,26.414718627929688,25.156874544778894,26.414718627929688,2477071,0.0,0.0
2013-10-04 00:00:00+08:00,27.20669370293829,27.20669370293829,25.622743606567383,25.622743606567383,7436879,0.0,0.0
2013-10-07 00:00:00+08:00,25.71591567993164,26.228370012012963,25.52956913541822,25.71591567993164,2109097,0.0,0.0
2013-10-08 00:00:00+08:00,25.80908954088486,26.04202316369909,24.970527431018112,25.017112731933594,1703713,0.0,0.0
2013-10-09 00:00:00+08:00,24.69100793691965,25.902264970343467,24.69100793691965,25.296634674072266,1813928,0.0,0.0
2013-10-11 00:00:00+08:00,25.296635175151774,25.7625042323824,25.063701536316124,25.110288619995117,1515715,0.0,0.0
2013-10-14 00:00:00+08:00,25.110289073455245,25.110289073455245,23.852444909644593,24.13196563720703,1187914,0.0,0.0
2013-10-15 00:00:00+08:00,24.27172499482572,25.203461273772728,24.27172499482572,24.97052764892578,1347942,0.0,0.0
2013-10-16 00:00:00+08:00,24.970528327459444,25.436395589812523,24.691007614135742,24.691007614135742,1315366,0.0,0.0
2013-10-17 00:00:00+08:00,25.15687721153868,25.15687721153868,24.41148916667532,24.504661560058594,734564,0.0,0.0
2013-10-18 00:00:00+08:00,24.504657568309355,25.296632570633264,24.504657568309355,24.59783172607422,1260647,0.0,0.0
2013-10-21 00:00:00+08:00,24.784183577682153,25.80909419423798,24.597837001744516,25.529573440551758,3025015,0.0,0.0
2013-10-22 00:00:00+08:00,25.482981979500906,25.482981979500906,24.97052764892578,24.97052764892578,1030159,0.0,0.0
2013-10-23 00:00:00+08:00,25.250052710375638,25.389812197569114,24.73759651184082,24.73759651184082,775073,0.0,0.0
2013-10-24 00:00:00+08:00,24.92394171300786,25.017114099491284,24.318313192848727,24.458072662353516,718718,0.0,0.0
2013-10-25 00:00:00+08:00,24.458070489426923,25.156873113545114,24.318311032338773,24.59783172607422,1189697,0.0,0.0
2013-10-28 00:00:00+08:00,24.69100830043887,24.877354854647876,24.411487579345703,24.411487579345703,494370,0.0,0.0
2013-10-29 00:00:00+08:00,24.504659966670545,24.69100830043887,24.31831341246154,24.411487579345703,431585,0.0,0.0
2013-10-30 00:00:00+08:00,24.50465974537488,24.69100807746034,24.36490027587009,24.458072662353516,579795,0.0,0.0
2013-10-31 00:00:00+08:00,24.458072883228464,24.877354854647876,24.411487579345703,24.411487579345703,713601,0.0,0.0
2013-11-01 00:00:00+08:00,24.504659098153518,24.69100742531711,23.666096964595116,23.94561767578125,716453,0.0,0.0
2013-11-04 00:00:00+08:00,23.852444381653363,24.131965103028406,23.43316418937046,23.57292366027832,479327,0.0,0.0
2013-11-05 00:00:00+08:00,23.572924012887036,23.75927057007137,22.175320385106176,22.64118766784668,1383631,0.0,0.0
2013-11-06 00:00:00+08:00,22.548016168485592,22.827536905068015,22.128734173832246,22.26849365234375,706134,0.0,0.0
2013-11-07 00:00:00+08:00,22.268492773918666,22.78094892040444,22.268492773918666,22.64118766784668,393213,0.0,0.0
2013-11-08 00:00:00+08:00,22.641188788646012,22.780950048122328,22.17532148284383,22.221908569335938,378816,0.0,0.0
2013-11-11 00:00:00+08:00,22.361664299442907,22.50142553548277,22.082143606922315,22.175317764282227,343791,0.0,0.0
2013-11-12 00:00:00+08:00,22.175321070440454,22.45484180463529,20.964063962409696,21.61627960205078,583978,0.0,0.0
2013-11-13 00:00:00+08:00,21.616277969957544,21.895798683047733,21.15040892843438,21.476516723632812,225281,0.0,0.0
2013-11-14 00:00:00+08:00,21.476517751343223,21.89579973082194,21.476517751343223,21.849212646484375,217323,0.0,0.0
2013-11-15 00:00:00+08:00,21.895801222092192,22.2219090551062,21.849214134581693,21.98897361755371,310477,0.0,0.0
2013-11-18 00:00:00+08:00,22.175321291776726,22.734362765746297,22.175321291776726,22.315082550048828,294507,0.0,0.0
2013-11-19 00:00:00+08:00,22.594602679320097,22.734362154273754,22.03556122038673,22.548015594482422,448095,0.0,0.0
2013-11-20 00:00:00+08:00,22.641188560973454,22.641188560973454,22.26849365234375,22.26849365234375,226501,0.0,0.0
2013-11-21 00:00:00+08:00,22.17532219492684,22.17532219492684,21.849214358569725,21.9423885345459,280096,0.0,0.0
2013-11-22 00:00:00+08:00,21.89580144655781,22.221909282914925,21.89580144655781,21.9423885345459,349265,0.0,0.0
2013-11-25 00:00:00+08:00,22.268492773918666,22.82753600459036,21.942386743735923,22.64118766784668,507047,0.0,0.0
2013-11-26 00:00:00+08:00,22.26849386251082,23.293404426025624,22.26849386251082,22.967296600341797,456044,0.0,0.0
2013-11-27 00:00:00+08:00,22.967295811011983,23.38657779521276,22.687775081397923,23.29340362548828,434736,0.0,0.0
2013-11-28 00:00:00+08:00,23.200229867897995,23.57292477385717,23.107057476077756,23.153644561767578,481104,0.0,0.0
2013-11-29 00:00:00+08:00,23.386575391627602,23.52633485229099,23.29340123147922,23.479747772216797,411787,0.0,0.0
2013-12-02 00:00:00+08:00,23.47975091523652,24.225140737083738,23.38657852217519,23.80586051940918,680743,0.0,0.0
2013-12-03 00:00:00+08:00,23.805859235965414,24.504660154268414,23.759270372607347,24.318313598632812,980480,0.0,0.0
2013-12-04 00:00:00+08:00,24.41148904961608,24.41148904961608,23.666099228767614,23.7592716217041,499560,0.0,0.0
2013-12-05 00:00:00+08:00,23.47974999561325,23.852444891939648,23.339990521715453,23.386577606201172,263830,0.0,0.0
2013-12-06 00:00:00+08:00,23.3865771058814,23.805859077723625,23.3865771058814,23.57292366027832,339525,0.0,0.0
2013-12-09 00:00:00+08:00,23.5729250562717,23.99220705294389,23.5729250562717,23.7592716217041,463938,0.0,0.0
2013-12-10 00:00:00+08:00,23.61951217416766,24.038792391842218,23.61951217416766,23.80586051940918,309503,0.0,0.0
2013-12-11 00:00:00+08:00,23.712685609689057,23.759270914991923,23.29340362548828,23.29340362548828,561489,0.0,0.0
2013-12-12 00:00:00+08:00,23.153644150460938,23.526337270240102,23.153644150460938,23.29340362548828,304653,0.0,0.0
2013-12-13 00:00:00+08:00,23.153641770815835,23.666096092513566,23.153641770815835,23.479747772216797,210295,0.0,0.0
2013-12-16 00:00:00+08:00,23.433165070984305,23.57292454715026,23.153644339092995,23.20022964477539,469039,0.0,0.0
2013-12-17 00:00:00+08:00,23.246815130612866,23.29340221264941,22.967294417952864,23.1070556640625,138482,0.0,0.0
2013-12-18 00:00:00+08:00,23.10705671636222,24.691008679941866,23.10705671636222,24.225139617919922,2697063,0.0,0.0
2013-12-19 00:00:00+08:00,24.03879359334944,24.551249788817778,23.99220828427006,24.08538246154785,899377,0.0,0.0
2013-12-20 00:00:00+08:00,24.085379375488056,25.622744205791474,23.899031044809284,24.551246643066406,1815385,0.0,0.0
2013-12-23 00:00:00+08:00,24.504660154268414,25.063701600734547,24.225139431035345,24.318313598632812,790581,0.0,0.0
2013-12-24 00:00:00+08:00,24.31831416580581,24.644421980443383,23.899032181397683,24.03879165649414,602576,0.0,0.0
2013-12-25 00:00:00+08:00,24.271725561618613,24.31831264358775,23.899030685424805,23.899030685424805,384424,0.0,0.0
2013-12-26 00:00:00+08:00,24.458072294496574,24.830767173502743,24.038790333169725,24.644420623779297,2353943,0.0,0.0
2013-12-27 00:00:00+08:00,24.691007706099978,24.970528420464785,24.41148699173517,24.644420623779297,785308,0.0,0.0
2013-12-30 00:00:00+08:00,24.644422118966602,25.482984312936935,24.504660863525185,24.784181594848633,2365550,0.0,0.0
2013-12-31 00:00:00+08:00,24.7841782620448,25.06369895578025,24.504657568309355,24.59783172607422,653616,0.0,0.0
2014-01-02 00:00:00+08:00,24.69100793691965,25.34322353638775,24.411487219941794,25.296634674072266,1341778,0.0,0.0
2014-01-03 00:00:00+08:00,25.250049965048508,25.62274485630884,25.063701629638672,25.063701629638672,919506,0.0,0.0
2014-01-06 00:00:00+08:00,25.063699914149364,25.343222398132152,24.08537833844646,24.178550720214844,924543,0.0,0.0
2014-01-07 00:00:00+08:00,24.22513780087864,24.411486123533834,24.08537833844646,24.178550720214844,293931,0.0,0.0
2014-01-08 00:00:00+08:00,24.225139617919922,24.36490087039431,24.038791281287406,24.225139617919922,549931,0.0,0.0
2014-01-09 00:00:00+08:00,24.22514070462425,24.22514070462425,23.7592716217041,23.7592716217041,532319,0.0,0.0
2014-01-10 00:00:00+08:00,23.759268473102757,24.03878917398872,23.479747772216797,23.479747772216797,405931,0.0,0.0
2014-01-13 00:00:00+08:00,23.759271108558004,23.852445279041568,23.153644339092995,23.20022964477539,437584,0.0,0.0
2014-01-14 00:00:00+08:00,23.107057253851213,23.479750376666697,23.01388308336765,23.20022964477539,287606,0.0,0.0
2014-01-15 00:00:00+08:00,23.479751812437303,23.619513076708955,23.33999232772515,23.43316650390625,231792,0.0,0.0
2014-01-16 00:00:00+08:00,23.43316650390625,23.712687252890056,23.3865794158157,23.43316650390625,223405,0.0,0.0
2014-01-17 00:00:00+08:00,23.43316650390625,23.666100164799506,23.43316650390625,23.43316650390625,122443,0.0,0.0
2014-01-20 00:00:00+08:00,23.52633708009897,23.66609833355613,23.386577606201172,23.386577606201172,211361,0.0,0.0
2014-01-21 00:00:00+08:00,23.526339038593637,25.017116968442497,23.526339038593637,24.877357482910156,2660370,0.0,0.0
2014-01-22 00:00:00+08:00,25.156874192891493,26.274957015804212,24.784179325400846,24.97052764892578,4107293,0.0,0.0
2014-01-23 00:00:00+08:00,25.576157940268274,25.809091581499572,24.225139617919922,24.225139617919922,2001337,0.0,0.0
2014-01-24 00:00:00+08:00,24.691010909013865,25.38981189579459,24.691010909013865,24.877357482910156,1886972,0.0,0.0
2014-01-27 00:00:00+08:00,24.5512457005539,25.622743222144607,24.5512457005539,24.97052764892578,1602522,0.0,0.0
2014-02-05 00:00:00+08:00,25.809089841967964,26.274957093031126,25.15687426683216,25.71591567993164,2100250,0.0,0.0
2014-02-06 00:00:00+08:00,25.9954360108392,27.48621368408203,25.71591530832862,27.48621368408203,4051948,0.0,0.0
2014-02-07 00:00:00+08:00,28.3713653749552,28.417950676928832,26.368131546396807,26.414718627929688,7450779,0.0,0.0
2014-02-10 00:00:00+08:00,26.554479319016796,27.579389821383607,26.274958596473,26.69424057006836,4992943,0.0,0.0
2014-02-11 00:00:00+08:00,27.020348376296013,27.4862156540159,26.414719847524562,26.69424057006836,2398842,0.0,0.0
2014-02-12 00:00:00+08:00,26.92717120098695,27.11351951490604,26.22836858290862,26.321542739868164,1862186,0.0,0.0
2014-02-13 00:00:00+08:00,26.414722120166562,26.787415262584123,26.181788461265718,26.50789451599121,1461070,0.0,0.0
2014-02-14 00:00:00+08:00,26.740827718363587,26.740827718363587,25.7625042973168,25.902265548706055,1441203,0.0,0.0
2014-02-17 00:00:00+08:00,25.995437783203254,27.486215558087032,25.94885069968199,26.740827560424805,3184426,0.0,0.0
2014-02-18 00:00:00+08:00,26.92717529826162,27.11352364053572,26.088613096706364,26.22837257385254,1555915,0.0,0.0
2014-02-19 00:00:00+08:00,26.27495834190595,26.507891978509097,25.90226523516464,25.995437622070312,863886,0.0,0.0
2014-02-20 00:00:00+08:00,26.042023467499543,26.088610548517707,25.71591567993164,25.71591567993164,881849,0.0,0.0
2014-02-21 00:00:00+08:00,26.08861064066029,26.228370104649162,25.52956922558632,25.669328689575195,1197594,0.0,0.0
2014-02-24 00:00:00+08:00,25.809091068699658,26.321545425138442,25.66932981900218,25.995437622070312,950959,0.0,0.0
2014-02-25 00:00:00+08:00,26.18178595500028,26.22837125867346,25.90226523516464,25.995437622070312,747104,0.0,0.0
2014-02-26 00:00:00+08:00,26.27495987759438,27.486216994196074,26.27495987759438,26.927175521850586,3851569,0.0,0.0
2014-02-27 00:00:00+08:00,27.020347222170326,27.206693769386955,26.368131637573242,26.368131637573242,1517928,0.0,0.0
2014-03-03 00:00:00+08:00,26.18178509035661,26.601065266483843,26.18178509035661,26.368131637573242,542205,0.0,0.0
2014-03-04 00:00:00+08:00,26.368133114461294,26.740828009328574,25.71591749333339,25.76250457763672,1103539,0.0,0.0
2014-03-05 00:00:00+08:00,26.08861422124214,26.27496079198921,25.762506387765157,25.809093475341797,739723,0.0,0.0
2014-03-06 00:00:00+08:00,25.902264004004287,26.088610548517707,25.52956913541822,25.71591567993164,869966,0.0,0.0
2014-03-07 00:00:00+08:00,25.94885265867332,26.04202683274997,25.156877517700195,25.156877517700195,955065,0.0,0.0
2014-03-10 00:00:00+08:00,25.529568837595942,25.529568837595942,24.87735327006874,25.017112731933594,414791,0.0,0.0
2014-03-11 00:00:00+08:00,25.017116256585226,25.250051691776843,24.784182600953066,25.156877517700195,502728,0.0,0.0
2014-03-12 00:00:00+08:00,25.156876209436597,25.156876209436597,24.784181312071173,24.92394256591797,463668,0.0,0.0
2014-03-13 00:00:00+08:00,25.15687579734359,25.343224132753427,24.97052924149309,25.063701629638672,394758,0.0,0.0
2014-03-14 00:00:00+08:00,25.0637032474778,25.436398162795253,25.0637032474778,25.20346450805664,305290,0.0,0.0
2014-03-17 00:00:00+08:00,25.57615546165998,25.57615546165998,25.20346060407249,25.25004768371582,312417,0.0,0.0
2014-03-18 00:00:00+08:00,25.34322586585349,25.529572434447324,24.97053094910636,25.156877517700195,465131,0.0,0.0
2014-03-19 00:00:00+08:00,25.203463294052195,25.203463294052195,24.87735548130237,24.92394256591797,345925,0.0,0.0
2014-03-20 00:00:00+08:00,24.97053195642916,25.0171172657873,24.69101120248268,24.73759651184082,300063,0.0,0.0
2014-03-21 00:00:00+08:00,24.73759360432163,25.110288492298963,24.36490049590362,24.411487579345703,315510,0.0,0.0
2014-03-24 00:00:00+08:00,24.03879165649414,24.31831416580581,22.73436217750323,24.03879165649414,359687,0.0,0.0
2014-03-25 00:00:00+08:00,23.992207167992568,24.597835733001304,23.992207167992568,24.504661560058594,237763,0.0,0.0
2014-03-26 00:00:00+08:00,24.64442080840579,24.92394152486466,24.504659560396714,24.551246643066406,201580,0.0,0.0
2014-03-27 00:00:00+08:00,24.691010327647607,24.691010327647607,24.36490249633789,24.36490249633789,192783,0.0,0.0
2014-03-28 00:00:00+08:00,24.504659098153518,24.504659098153518,23.852443512199454,23.94561767578125,280745,0.0,0.0
2014-03-31 00:00:00+08:00,24.225138386967384,24.225138386967384,23.43316333519988,23.94561767578125,528798,0.0,0.0
2014-04-01 00:00:00+08:00,23.945620290042637,23.945620290042637,23.619512461462804,23.666099548339844,276647,0.0,0.0
2014-04-02 00:00:00+08:00,23.7592716217041,23.899032880447976,23.619512142519657,23.7592716217041,235583,0.0,0.0
2014-04-03 00:00:00+08:00,23.7592716217041,24.03879235963242,23.666099228767614,23.7592716217041,223704,0.0,0.0
2014-04-07 00:00:00+08:00,23.759269348617657,23.99220475757215,23.619509882804216,23.94561767578125,162851,0.0,0.0
2014-04-08 00:00:00+08:00,23.945619966695933,24.03879235963242,23.666099228767614,23.7592716217041,183472,0.0,0.0
2014-04-09 00:00:00+08:00,23.852443512199454,24.271725468758284,23.759269348617657,23.94561767578125,270651,0.0,0.0
2014-04-10 00:00:00+08:00,24.131966564462978,24.318314909704497,23.80586051940918,23.80586051940918,216490,0.0,0.0
2014-04-11 00:00:00+08:00,23.805859683021392,23.85244498813563,23.15364405670968,23.339990615844727,308320,0.0,0.0
2014-04-14 00:00:00+08:00,23.33999334939608,23.479752840225984,23.013885498046875,23.013885498046875,260214,0.0,0.0
2014-04-15 00:00:00+08:00,23.01388280268887,23.433164785191934,23.01388280268887,23.339990615844727,221461,0.0,0.0
2014-04-16 00:00:00+08:00,23.33999071035052,23.479750185377863,23.200229455763804,23.29340362548828,163011,0.0,0.0
2014-04-17 00:00:00+08:00,23.57292423030307,24.92394256591797,23.386577671400037,24.92394256591797,2042477,0.0,0.0
2014-04-18 00:00:00+08:00,25.343224038390098,25.52957059354675,25.017114452637127,25.110288619995117,1139887,0.0,0.0
2014-04-21 00:00:00+08:00,25.15687823353435,25.2034653218983,24.551249643922016,24.877357482910156,481601,0.0,0.0
2014-04-22 00:00:00+08:00,24.92394171300786,24.970528796029225,24.318313192848727,24.458072662353516,254681,0.0,0.0
2014-04-23 00:00:00+08:00,24.597834511625607,24.877355237015035,24.225139617919922,24.225139617919922,259266,0.0,0.0
2014-04-24 00:00:00+08:00,24.411487579345703,24.923941938089957,24.31831341246154,24.411487579345703,353436,0.0,0.0
2014-04-25 00:00:00+08:00,24.691008853563883,24.691008853563883,22.827536151491255,23.386577606201172,726453,0.0,0.0
2014-04-28 00:00:00+08:00,22.641187996535685,23.66609852482682,22.641187996535685,23.29340362548828,306419,0.0,0.0
2014-04-29 00:00:00+08:00,23.29340343722973,23.66609833355613,23.107056878846215,23.386577606201172,383698,0.0,0.0
2014-04-30 00:00:00+08:00,23.386575117134157,23.479747496629766,22.827533721923828,22.827533721923828,284023,0.0,0.0
2014-05-02 00:00:00+08:00,22.827536151491255,23.61951124907041,22.827536151491255,23.386577606201172,272996,0.0,0.0
2014-05-05 00:00:00+08:00,23.38657798574252,23.57292454715026,23.20022964477539,23.20022964477539,175924,0.0,0.0
2014-05-06 00:00:00+08:00,23.386576432706235,24.08537910580869,23.2934022684101,23.85244369506836,372100,0.0,0.0
2014-05-07 00:00:00+08:00,24.22513857269362,24.22513857269362,23.619510063887297,23.85244369506836,219332,0.0,0.0
2014-05-08 00:00:00+08:00,23.945619616917796,25.48298454284668,23.852445445782894,25.48298454284668,1998760,0.0,0.0
2014-05-09 00:00:00+08:00,25.15687596240446,25.343224299036976,24.225139617919922,24.225139617919922,1173646,0.0,0.0
2014-05-12 00:00:00+08:00,24.22514070462425,24.41148904961608,23.7592716217041,23.7592716217041,284739,0.0,0.0
2014-05-13 00:00:00+08:00,24.038791450323167,24.131965619294604,23.339990521715453,23.386577606201172,218775,0.0,0.0
2014-05-14 00:00:00+08:00,23.386575391627602,23.57292193236518,23.200227071330833,23.479747772216797,233114,0.0,0.0
2014-05-15 00:00:00+08:00,23.433162471701795,23.666096092513566,23.339988311553412,23.479747772216797,164579,0.0,0.0
2014-05-16 00:00:00+08:00,23.57292193236518,23.666096092513566,23.433162471701795,23.479747772216797,152910,0.0,0.0
2014-05-19 00:00:00+08:00,23.57292416458469,23.66609833355613,23.386577606201172,23.386577606201172,104795,0.0,0.0
2014-05-20 00:00:00+08:00,23.57292435510234,23.57292435510234,23.29340362548828,23.29340362548828,129144,0.0,0.0
2014-05-21 00:00:00+08:00,23.29340343722973,23.852444891939648,23.153643963331934,23.386577606201172,266707,0.0,0.0
2014-05-22 00:00:00+08:00,23.666099548339844,23.805860808970966,23.433165893514094,23.666099548339844,170883,0.0,0.0
2014-05-23 00:00:00+08:00,24.131966857991344,24.131966857991344,23.572925374585765,23.666099548339844,171159,0.0,0.0
2014-05-26 00:00:00+08:00,23.386575302442832,23.805857241952438,23.386575302442832,23.526334762573242,198388,0.0,0.0
2014-05-27 00:00:00+08:00,23.572925374585765,23.899033203165594,23.572925374585765,23.666099548339844,328762,0.0,0.0
2014-05-28 00:00:00+08:00,23.899032181397683,24.411488335576365,23.75927092674185,24.03879165649414,376278,0.0,0.0
2014-05-29 00:00:00+08:00,23.99220705294389,23.99220705294389,23.666099228767614,23.7592716217041,174403,0.0,0.0
2014-05-30 00:00:00+08:00,23.85244369506836,23.85244369506836,23.572922981739232,23.85244369506836,248949,0.0,0.0
2014-06-03 00:00:00+08:00,23.805860011777852,24.038791879243902,23.61951167050999,23.992206573486328,150310,0.0,0.0
2014-06-04 00:00:00+08:00,24.03879165649414,24.131965826264697,23.619511451645387,24.03879165649414,253221,0.0,0.0
2014-06-05 00:00:00+08:00,24.038790244101353,24.038790244101353,23.759269530772226,23.85244369506836,126043,0.0,0.0
2014-06-06 00:00:00+08:00,24.03879235963242,24.03879235963242,23.71268631501557,23.7592716217041,208970,0.0,0.0
2014-06-09 00:00:00+08:00,23.852447018353374,24.318316125182815,23.666100443357305,24.08538246154785,311513,0.0,0.0
2014-06-10 00:00:00+08:00,24.038791095840413,24.92394212889768,24.038791095840413,24.318313598632812,626967,0.0,0.0
2014-06-11 00:00:00+08:00,24.318315981661772,24.923944571274106,24.318315981661772,24.877357482910156,652291,0.0,0.0
2014-06-12 00:00:00+08:00,25.06369895578025,25.110286034662682,24.458070489426923,24.59783172607422,326228,0.0,0.0
2014-06-13 00:00:00+08:00,24.41148602444028,25.436394676646568,24.41148602444028,25.017112731933594,1206556,0.0,0.0
2014-06-16 00:00:00+08:00,25.43639861731164,26.740829954451538,25.017116607642535,26.50789451599121,4426888,0.0,0.0
2014-06-17 00:00:00+08:00,26.461309879359,26.461309879359,25.482986351677468,25.529573440551758,1891407,0.0,0.0
2014-06-18 00:00:00+08:00,25.80908954088486,25.902263701834233,24.784179109119364,25.017112731933594,1016163,0.0,0.0
2014-06-19 00:00:00+08:00,25.156877517700195,25.529572434447324,25.063703343623548,25.156877517700195,484857,0.0,0.0
2014-06-20 00:00:00+08:00,25.250049965048508,25.529570688603926,24.92394215764063,25.063701629638672,345065,0.0,0.0
2014-06-23 00:00:00+08:00,25.250047271309978,25.809088658780873,24.551244647191787,24.59783172607422,1095780,0.0,0.0
2014-06-24 00:00:00+08:00,24.59783391141761,24.784180463943766,24.411487358891456,24.458072662353516,382495,0.0,0.0
2014-06-25 00:00:00+08:00,24.59783172607422,25.110286034662682,24.458070489426923,24.59783172607422,692977,0.0,0.0
2014-06-26 00:00:00+08:00,24.87735647226999,24.923943558741346,24.41148916667532,24.504661560058594,628619,0.0,0.0
2014-06-27 00:00:00+08:00,24.59783432186588,24.830767961300214,24.13196526343788,24.318313598632812,675738,0.0,0.0
2014-06-30 00:00:00+08:00,25.06370405680645,25.34322658699015,24.737596217818307,24.877357482910156,1002359,0.0,0.0
2014-07-01 00:00:00+08:00,25.01711586375396,26.461308421026725,25.01711586375396,26.088613510131836,3411121,0.0,0.0
2014-07-02 00:00:00+08:00,26.135198727828264,27.579389402285074,25.94885039592461,26.833999633789062,6757237,0.0,0.0
2014-07-03 00:00:00+08:00,26.880588245686358,27.020349502563477,25.995438957476143,27.020349502563477,3310059,0.0,0.0
2014-07-04 00:00:00+08:00,27.206696553657718,28.697474422631302,27.113524160293984,28.324779510498047,11085561,0.0,0.0
2014-07-07 00:00:00+08:00,28.88382257311637,29.536036440488893,27.486217106959497,28.417953491210938,7218357,0.0,0.0
2014-07-08 00:00:00+08:00,28.417950636087575,28.83723258972168,27.67256267131047,28.83723258972168,4116098,0.0,0.0
2014-07-09 00:00:00+08:00,29.303100678371486,29.536034312764357,28.60429799563358,29.256513595581055,5131088,0.0,0.0
2014-07-10 00:00:00+08:00,29.722384254153482,30.28142393924709,28.604299545288086,28.604299545288086,3681115,0.0,0.0
2014-07-11 00:00:00+08:00,28.60429880718658,28.697472975410957,26.64765373139008,27.393043518066406,3428065,0.0,0.0
2014-07-14 00:00:00+08:00,27.85891019847152,27.85891019847152,26.740827322160772,27.6259765625,1677651,0.0,0.0
2014-07-15 00:00:00+08:00,27.95208395592026,28.185017588485422,27.625976158505317,27.765735626220703,1492328,0.0,0.0
2014-07-16 00:00:00+08:00,27.2066949314721,27.39304326620752,26.08861204129691,26.69424057006836,1582904,0.0,0.0
2014-07-17 00:00:00+08:00,26.554480393272815,27.160108946544845,25.80909236285461,26.22837257385254,1196499,0.0,0.0
2014-07-18 00:00:00+08:00,25.902265759226307,26.787413240314947,25.902265759226307,26.554479598999023,560654,0.0,0.0
2014-07-21 00:00:00+08:00,26.74082876836864,27.43962971407603,26.647654597117228,27.020349502563477,1398607,0.0,0.0
2014-07-22 00:00:00+08:00,27.57939128788295,28.697474237510793,27.57939128788295,27.672565460205078,4230454,0.0,0.0
2014-07-23 00:00:00+08:00,27.672565460205078,27.672565460205078,27.672565460205078,27.672565460205078,0,0.0,0.0
2014-07-24 00:00:00+08:00,27.672562005461884,28.13842924979312,27.299867142261377,27.48621368408203,1219708,0.0,0.0
2014-07-25 00:00:00+08:00,27.85891293782786,27.85891293782786,27.02035069813929,27.29987144470215,924693,0.0,0.0
2014-07-28 00:00:00+08:00,27.486215558087032,27.532802641608296,26.64765339338228,26.740827560424805,1091638,0.0,0.0
2014-07-29 00:00:00+08:00,26.55447896703793,26.97376093507572,25.622744423948273,26.042024612426758,903695,0.0,0.0
2014-07-30 00:00:00+08:00,26.507893307093,26.507893307093,25.48298454284668,25.48298454284668,939691,0.0,0.0
2014-07-31 00:00:00+08:00,25.48298454284668,25.809092362259435,24.97053016072352,25.48298454284668,1043595,0.0,0.0
2014-08-01 00:00:00+08:00,24.69100851793767,25.296635269341632,24.69100851793767,25.063701629638672,449357,0.0,0.0
2014-08-04 00:00:00+08:00,25.063701074849863,25.343223571777344,24.877354523124172,25.343223571777344,231347,0.0,0.0
2014-08-05 00:00:00+08:00,24.970528688766667,25.43639595786054,24.970528688766667,25.343223571777344,212934,0.0,0.0
2014-08-06 00:00:00+08:00,24.784182505879574,25.296636902216413,24.1319668489639,25.20346450805664,880220,0.0,0.0
2014-08-07 00:00:00+08:00,24.504660154268414,25.063701600734547,24.225139431035345,24.318313598632812,612039,0.0,0.0
2014-08-08 00:00:00+08:00,24.55124885114096,25.436398162795253,24.225141022683125,25.20346450805664,455167,0.0,0.0
2014-08-11 00:00:00+08:00,25.436397267897778,26.274959463190356,25.29663601223599,25.57615852355957,944026,0.0,0.0
2014-08-12 00:00:00+08:00,25.669332646418784,25.902268088238532,24.877357482910156,24.877357482910156,478258,0.0,0.0
2014-08-13 00:00:00+08:00,25.34322353638775,25.529570087853223,24.970528653897507,25.296634674072266,418278,0.0,0.0
2014-08-14 00:00:00+08:00,25.296635972348383,25.34322483705491,24.737594509701495,24.784181594848633,263613,0.0,0.0
2014-08-15 00:00:00+08:00,24.784183769665646,25.436399459838867,24.364903525668247,25.436399459838867,873967,0.0,0.0
2014-08-18 00:00:00+08:00,25.296634818060166,25.43639606712426,24.271726109827362,24.458072662353516,624914,0.0,0.0
2014-08-19 00:00:00+08:00,24.644423820649916,25.15687823353435,24.644423820649916,24.877357482910156,206283,0.0,0.0
2014-08-20 00:00:00+08:00,25.11028788786755,25.296634437590996,24.644420623779297,24.644420623779297,329647,0.0,0.0
2014-08-21 00:00:00+08:00,24.364899818664878,24.784179998870794,24.364899818664878,24.691007614135742,372267,0.0,0.0
2014-08-22 00:00:00+08:00,24.87735348716331,25.52956906038214,24.6910069431976,24.97052764892578,605087,0.0,0.0
2014-08-25 00:00:00+08:00,25.063702230492165,25.156876400430754,24.691009109856573,24.830768585205078,258682,0.0,0.0
2014-08-26 00:00:00+08:00,24.644422118966602,24.970529935437185,24.644422118966602,24.784181594848633,198431,0.0,0.0
2014-08-27 00:00:00+08:00,25.017113630047334,25.063700712194496,24.691007614135742,24.691007614135742,386487,0.0,0.0
2014-08-28 00:00:00+08:00,24.73759224451961,25.017112950247792,24.6910069431976,24.97052764892578,234292,0.0,0.0
2014-08-29 00:00:00+08:00,24.970531659638056,25.06370405680645,24.830770394546207,24.877357482910156,183525,0.0,0.0
2014-09-01 00:00:00+08:00,25.063704525517092,25.5295736383092,25.01711743628193,25.436399459838867,999025,0.0,0.0
2014-09-02 00:00:00+08:00,25.715915379935485,25.715915379935485,25.017112731933594,25.017112731933594,386264,0.0,0.0
2014-09-03 00:00:00+08:00,25.25005241026225,25.29663771906669,24.830770394546207,24.877357482910156,248942,0.0,0.0
2014-09-04 00:00:00+08:00,24.877357482910156,25.15687823353435,24.877357482910156,24.877357482910156,230432,0.0,0.0
2014-09-05 00:00:00+08:00,25.063703343623548,25.156877517700195,24.877356775029714,25.156877517700195,265885,0.0,0.0
2014-09-09 00:00:00+08:00,25.156875703674114,25.43639642618876,24.97052914851746,25.110288619995117,176031,0.0,0.0
2014-09-10 00:00:00+08:00,25.11028931546146,25.11028931546146,24.830768585205078,24.830768585205078,275116,0.0,0.0
2014-09-11 00:00:00+08:00,24.830768585205078,25.017115145522872,24.830768585205078,24.830768585205078,209410,0.0,0.0
2014-09-12 00:00:00+08:00,24.830770394546207,25.06370405680645,24.784183306182257,24.877357482910156,241375,0.0,0.0
2014-09-15 00:00:00+08:00,24.877357778593822,25.156878532540304,24.69101120248268,24.73759651184082,348089,0.0,0.0
2014-09-16 00:00:00+08:00,24.73759291672363,25.296634343371036,24.691007614135742,24.691007614135742,597221,0.0,0.0
2014-09-17 00:00:00+08:00,25.06370405680645,25.06370405680645,24.644423820649916,24.877357482910156,339499,0.0,0.0
2014-09-18 00:00:00+08:00,24.923941338144104,24.970528420464785,24.597833541458616,24.644420623779297,316184,0.0,0.0
2014-09-19 00:00:00+08:00,24.69100920411374,24.87735576514291,24.644422118966602,24.784181594848633,213987,0.0,0.0
2014-09-22 00:00:00+08:00,24.877357482910156,24.923944571274106,24.691010909013865,24.877357482910156,215417,0.0,0.0
2014-09-23 00:00:00+08:00,24.87735576514291,25.25005066676063,24.737594509701495,24.784181594848633,578859,0.0,0.0
2014-09-24 00:00:00+08:00,24.79173046677771,25.085123269113588,24.79173046677771,24.98732566833496,437174,0.28087,1.0385309999999999
2014-09-25 00:00:00+08:00,25.03621979664255,25.231814968724894,24.351636694354333,24.449434280395508,277260,0.0,0.0
2014-09-26 00:00:00+08:00,24.449434667980874,24.449434667980874,23.96044493144699,24.25383949279785,169534,0.0,0.0
2014-09-29 00:00:00+08:00,24.44943547521613,24.44943547521613,24.1560409041784,24.302738189697266,105042,0.0,0.0
2014-09-30 00:00:00+08:00,24.30273747284214,24.400535060777866,24.058242603714667,24.15604019165039,116057,0.0,0.0
2014-10-01 00:00:00+08:00,24.156041411469527,24.693930870142562,24.156041411469527,24.54723358154297,109274,0.0,0.0
2014-10-02 00:00:00+08:00,24.449434280395508,24.547231866436682,24.05824213765452,24.449434280395508,111931,0.0,0.0
2014-10-03 00:00:00+08:00,24.645031174417223,24.791728463016817,24.44943598866871,24.54723358154297,161323,0.0,0.0
2014-10-06 00:00:00+08:00,24.938425268320294,24.938425268320294,24.64503247422367,24.840627670288086,103595,0.0,0.0
2014-10-07 00:00:00+08:00,24.840627372947328,24.840627372947328,24.498334884643555,24.498334884643555,142789,0.0,0.0
2014-10-08 00:00:00+08:00,24.449434951327497,24.54723254005239,24.058242797851562,24.058242797851562,207732,0.0,0.0
2014-10-09 00:00:00+08:00,24.2538397738777,24.69392982242791,24.058242797851562,24.058242797851562,554792,0.0,0.0
2014-10-13 00:00:00+08:00,23.27586414945099,23.66705453899588,22.98246955871582,22.98246955871582,354481,0.0,0.0
2014-10-14 00:00:00+08:00,22.982469262831348,23.27586384978925,22.982469262831348,23.17806625366211,235464,0.0,0.0
2014-10-15 00:00:00+08:00,23.422558720093864,23.422558720093864,22.34678519138243,22.493480682373047,207172,0.0,0.0
2014-10-16 00:00:00+08:00,22.444581911905757,22.444581911905757,20.928718250557697,21.564403533935547,377566,0.0,0.0
2014-10-17 00:00:00+08:00,21.41770441016278,22.053389639280294,21.026514053344727,21.026514053344727,236242,0.0,0.0
2014-10-20 00:00:00+08:00,21.51550455353003,21.51550455353003,21.1732120513916,21.1732120513916,142298,0.0,0.0
2014-10-21 00:00:00+08:00,21.319909351901376,21.4177069527157,21.1732120513916,21.1732120513916,124777,0.0,0.0
2014-10-22 00:00:00+08:00,21.466606652411148,21.466606652411148,21.1732120513916,21.1732120513916,150215,0.0,0.0
2014-10-23 00:00:00+08:00,21.222110748291016,21.368806243292504,21.02651555590471,21.222110748291016,87146,0.0,0.0
2014-10-24 00:00:00+08:00,21.271007127067833,21.466604104053214,20.928716464140216,21.026514053344727,118005,0.0,0.0
2014-10-27 00:00:00+08:00,21.124313491799825,21.124313491799825,19.559550128969786,19.608448028564453,407023,0.0,0.0
2014-10-28 00:00:00+08:00,19.60844742568404,19.901840209960938,18.874964565703575,19.901840209960938,555180,0.0,0.0
2014-10-29 00:00:00+08:00,19.95073768513923,20.733120154670107,19.901837993916438,20.63532257080078,341635,0.0,0.0
2014-10-30 00:00:00+08:00,20.635320924796794,20.977611541748047,20.390826085337807,20.977611541748047,196899,0.0,0.0
2014-10-31 00:00:00+08:00,20.977616645602833,21.31990914440997,20.977616645602833,21.27100944519043,156303,0.0,0.0
2014-11-03 00:00:00+08:00,21.906694899652482,21.906694899652482,21.12431236083676,21.613300323486328,123046,0.0,0.0
2014-11-04 00:00:00+08:00,21.85779591725396,21.85779591725396,21.564403130091687,21.759998321533203,122529,0.0,0.0
2014-11-05 00:00:00+08:00,21.759996608407068,21.759996608407068,21.417704151044262,21.662199020385742,133068,0.0,0.0
2014-11-06 00:00:00+08:00,21.5155041366567,21.906696330911032,21.368806838989258,21.368806838989258,171510,0.0,0.0
2014-11-07 00:00:00+08:00,21.368804457745433,21.662199020385742,21.07541349225779,21.662199020385742,146936,0.0,0.0
2014-11-10 00:00:00+08:00,21.808896628527908,21.857796326592283,21.515503835871172,21.564403533935547,117780,0.0,0.0
2014-11-11 00:00:00+08:00,21.56440203350324,21.808895111083984,21.515502338841262,21.808895111083984,92777,0.0,0.0
2014-11-12 00:00:00+08:00,21.662199020385742,21.662199020385742,21.12431138698029,21.662199020385742,141813,0.0,0.0
2014-11-13 00:00:00+08:00,21.662201723808877,21.71109962463379,21.319909223728278,21.71109962463379,117388,0.0,0.0
2014-11-14 00:00:00+08:00,21.71109752033641,21.808895111083984,21.368805053431707,21.808895111083984,74071,0.0,0.0
2014-11-17 00:00:00+08:00,21.613299929588834,21.808895111083984,21.319907157346112,21.808895111083984,93201,0.0,0.0
2014-11-18 00:00:00+08:00,21.613299388642847,21.613299388642847,21.124311447143555,21.124311447143555,140232,0.0,0.0
2014-11-19 00:00:00+08:00,21.22210983179666,21.271007728493302,20.6842221766752,20.733121871948242,126770,0.0,0.0
2014-11-20 00:00:00+08:00,20.830918161658097,21.026513333369692,20.7331205758023,20.87981605529785,129108,0.0,0.0
2014-11-21 00:00:00+08:00,20.782018047316644,20.830917738539437,20.63532257080078,20.63532257080078,61838,0.0,0.0
2014-11-24 00:00:00+08:00,20.733121479310654,20.977614555316524,20.63532388919303,20.9287166595459,91934,0.0,0.0
2014-11-25 00:00:00+08:00,20.87981657710574,21.124311447143555,20.83091868224398,21.124311447143555,88233,0.0,0.0
2014-11-26 00:00:00+08:00,21.124313152097862,21.417705940677322,21.124313152097862,21.222110748291016,79116,0.0,0.0
2014-11-27 00:00:00+08:00,21.124311447143555,21.36880451860503,20.83091868224398,21.124311447143555,76142,0.0,0.0
2014-11-28 00:00:00+08:00,20.684221784963658,21.17320973555177,20.684221784963658,20.9287166595459,41790,0.0,0.0
2014-12-01 00:00:00+08:00,20.04853636272324,21.12431164254924,20.04853636272324,21.026514053344727,80378,0.0,0.0
2014-12-02 00:00:00+08:00,21.808895111083984,21.808895111083984,21.808895111083984,21.808895111083984,559382,0.0,0.0
2014-12-03 00:00:00+08:00,22.24898910522461,22.24898910522461,22.24898910522461,22.24898910522461,529202,0.0,0.0
2014-12-04 00:00:00+08:00,22.24898910522461,22.24898910522461,22.24898910522461,22.24898910522461,311598,0.0,0.0
2014-12-05 00:00:00+08:00,22.248987000780122,22.395682487833955,22.102289715149904,22.346784591674805,131218,0.0,0.0
2014-12-08 00:00:00+08:00,22.395683789682668,22.689076579421478,22.395683789682668,22.640178680419922,318103,0.0,0.0
2014-12-09 00:00:00+08:00,22.591277669623324,22.591277669623324,22.00449212425522,22.346784591674805,105882,0.0,0.0
2014-12-10 00:00:00+08:00,22.20008779176956,22.493480570872872,22.00449260570068,22.053390502929688,62910,0.0,0.0
2014-12-11 00:00:00+08:00,21.51550206005215,22.004491806030273,21.51550206005215,22.004491806030273,78383,0.0,0.0
2014-12-12 00:00:00+08:00,22.102290704233088,22.29788589477539,21.906695513690785,22.29788589477539,76629,0.0,0.0
2014-12-15 00:00:00+08:00,22.297885184248937,22.297885184248937,21.906694815629688,22.151187896728516,88410,0.0,0.0
2014-12-16 00:00:00+08:00,22.151187432491156,23.66705277698635,21.61329978762436,22.88467025756836,3570877,0.0,0.0
2014-12-17 00:00:00+08:00,22.884669592484123,23.715949983507496,22.640176523614866,23.275861740112305,2493865,0.0,0.0
2014-12-18 00:00:00+08:00,23.27586374989785,23.42255924417076,22.6890763770768,22.73797607421875,603626,0.0,0.0
2014-12-19 00:00:00+08:00,22.98246772000378,23.031367414072925,22.248986697577504,22.444580078125,406879,0.0,0.0
2014-12-22 00:00:00+08:00,22.444578892938523,22.689073753220967,22.151186139745352,22.591276168823242,255943,0.0,0.0
2014-12-23 00:00:00+08:00,22.297886097135255,22.444581592085054,22.004493308659175,22.200088500976562,170144,0.0,0.0
2014-12-24 00:00:00+08:00,22.248987996428045,22.493481085317693,22.200088299504237,22.29788589477539,122787,0.0,0.0
2014-12-25 00:00:00+08:00,22.444581388393885,22.493481085317693,22.15118860258043,22.29788589477539,135585,0.0,0.0
2014-12-26 00:00:00+08:00,22.297885495334604,22.542378579844442,22.151188205767557,22.493480682373047,146617,0.0,0.0
2014-12-29 00:00:00+08:00,22.493480570872872,22.493480570872872,22.053390502929688,22.053390502929688,319496,0.0,0.0
2014-12-30 00:00:00+08:00,22.053390502929688,22.346785080609425,22.053390502929688,22.053390502929688,118545,0.0,0.0
2014-12-31 00:00:00+08:00,22.102290308296162,22.542378579844442,22.102290308296162,22.493480682373047,206966,0.0,0.0
2015-01-05 00:00:00+08:00,22.49348009092638,22.78687286376953,22.248987012845276,22.78687286376953,173781,0.0,0.0
2015-01-06 00:00:00+08:00,22.493482206298772,22.591279806443744,22.200089405863846,22.24898910522461,100079,0.0,0.0
2015-01-07 00:00:00+08:00,22.591278878322782,23.667054234297815,22.248988191166028,23.17806625366211,1371072,0.0,0.0
2015-01-08 00:00:00+08:00,23.275862416565538,23.569255186881147,22.88467025756836,22.88467025756836,479951,0.0,0.0
2015-01-09 00:00:00+08:00,22.88467025756836,23.22696272222475,22.786872667463157,22.88467025756836,223363,0.0,0.0
2015-01-12 00:00:00+08:00,22.493480594082598,23.031368255615234,22.493480594082598,23.031368255615234,128208,0.0,0.0
2015-01-13 00:00:00+08:00,22.884670653565696,23.03136794055014,22.689075469970703,22.689075469970703,139988,0.0,0.0
2015-01-14 00:00:00+08:00,22.689075469970703,22.884670653565696,22.640177573360155,22.689075469970703,92396,0.0,0.0
2015-01-15 00:00:00+08:00,22.640177971940094,22.640177971940094,22.34678519138243,22.493480682373047,149485,0.0,0.0
2015-01-16 00:00:00+08:00,22.493482206298772,22.493482206298772,22.10229180571887,22.24898910522461,165490,0.0,0.0
2015-01-19 00:00:00+08:00,22.297884574471333,22.444580059403684,21.80889482849321,22.004491806030273,204119,0.0,0.0
2015-01-20 00:00:00+08:00,21.808894967834764,22.98246784767356,21.808894967834764,22.88467025756836,492190,0.0,0.0
2015-01-21 00:00:00+08:00,22.88467045471725,23.129165331374736,22.591277681874097,22.78687286376953,124208,0.0,0.0
2015-01-22 00:00:00+08:00,22.7868730617682,22.835772756955148,22.395682694578216,22.689075469970703,140520,0.0,0.0
2015-01-23 00:00:00+08:00,22.689074754280945,22.835772036638065,22.542377471923828,22.542377471923828,97617,0.0,0.0
2015-01-26 00:00:00+08:00,22.493480774989532,22.493480774989532,21.808895818959787,21.95559310913086,749940,0.0,0.0
2015-01-27 00:00:00+08:00,21.955593412038127,22.29788589477539,21.808896119843165,22.29788589477539,234927,0.0,0.0
2015-01-28 00:00:00+08:00,22.24898910522461,22.29788700600882,22.004494205573895,22.24898910522461,181496,0.0,0.0
2015-01-29 00:00:00+08:00,22.24898759786321,22.982468649969153,22.24898759786321,22.493480682373047,719577,0.0,0.0
2015-01-30 00:00:00+08:00,22.591276168823242,23.031366197901132,22.493478584425517,22.591276168823242,272723,0.0,0.0
2015-02-02 00:00:00+08:00,22.7868730617682,22.933570348752642,22.640177573360155,22.689075469970703,202313,0.0,0.0
2015-02-03 00:00:00+08:00,22.73797344470796,22.835771029105683,22.493478584425517,22.591276168823242,322036,0.0,0.0
2015-02-04 00:00:00+08:00,22.78687286376953,22.835772558531584,22.444580396164326,22.78687286376953,188844,0.0,0.0
2015-02-05 00:00:00+08:00,23.178064046261614,24.35163688659668,23.031366766753614,24.35163688659668,3639067,0.0,0.0
2015-02-06 00:00:00+08:00,24.351636830095053,24.59612989727269,23.715949819419542,23.81374740600586,1179059,0.0,0.0
2015-02-09 00:00:00+08:00,23.471456752241906,24.009344377754797,23.32475947307428,23.81374740600586,757870,0.0,0.0
2015-02-10 00:00:00+08:00,23.5692554341923,24.25384037068841,23.12916537481286,23.764850616455078,692465,0.0,0.0
2015-02-11 00:00:00+08:00,23.960445186685213,24.05824277531851,23.569254832152016,23.618154525756836,442163,0.0,0.0
2015-02-12 00:00:00+08:00,23.715949983507496,23.96044485095307,23.275861740112305,23.275861740112305,374054,0.0,0.0
2015-02-13 00:00:00+08:00,23.275861356408424,23.569254113360728,23.178063770757657,23.47145652770996,480097,0.0,0.0
2015-02-24 00:00:00+08:00,23.96044501577894,24.253839578162445,23.47145707610032,24.15604019165039,583880,0.0,0.0
2015-02-25 00:00:00+08:00,24.204940675834518,24.351637961819794,23.66705302532369,23.764850616455078,488935,0.0,0.0
2015-02-26 00:00:00+08:00,23.813748437018642,24.351637884395682,23.813748437018642,24.302738189697266,1492352,0.0,0.0
2015-03-02 00:00:00+08:00,24.35164008373111,24.88952778111147,24.00934758565696,24.64503288269043,875758,0.0,0.0
2015-03-03 00:00:00+08:00,24.645028915433144,24.840624083253235,24.107141304639757,24.204938888549805,528935,0.0,0.0
2015-03-04 00:00:00+08:00,24.156039579852226,24.400534442787396,24.00934410095215,24.00934410095215,385573,0.0,0.0
2015-03-05 00:00:00+08:00,24.204942410379537,24.204942410379537,23.81375021924446,23.86264991760254,292232,0.0,0.0
2015-03-06 00:00:00+08:00,23.86264729256716,24.10714216030861,23.71595001220703,23.71595001220703,296676,0.0,0.0
2015-03-09 00:00:00+08:00,23.715951233847203,24.20494099451861,23.715951233847203,24.10714340209961,270089,0.0,0.0
2015-03-10 00:00:00+08:00,24.10714202027545,24.44943447340991,23.86264715395422,24.35163688659668,482211,0.0,0.0
2015-03-11 00:00:00+08:00,24.35163918759519,24.742829571811882,24.35163918759519,24.596132278442383,592905,0.0,0.0
2015-03-12 00:00:00+08:00,24.596131082901618,25.32961391694386,24.596131082901618,24.742828369140625,1051313,0.0,0.0
2015-03-13 00:00:00+08:00,25.036222256036407,26.307594596615505,25.036222256036407,25.13401985168457,2594286,0.0,0.0
2015-03-16 00:00:00+08:00,25.13401985168457,25.13401985168457,25.13401985168457,25.13401985168457,0,0.0,0.0
2015-03-17 00:00:00+08:00,24.74282946909191,25.574109931389554,24.74282946909191,25.13401985168457,1840214,0.0,0.0
2015-03-18 00:00:00+08:00,25.231818945177103,25.378516246646026,25.134021343723347,25.32961654663086,513443,0.0,0.0
2015-03-19 00:00:00+08:00,25.427412033081055,25.427412033081055,25.085121355752285,25.427412033081055,466771,0.0,0.0
2015-03-20 00:00:00+08:00,25.42741243521501,25.671907321667753,25.2318172454834,25.2318172454834,937973,0.0,0.0
2015-03-23 00:00:00+08:00,25.42741063339113,25.525210019903184,24.15604019165039,24.15604019165039,1118650,0.0,0.0
2015-03-24 00:00:00+08:00,24.204939799713934,24.6450298431639,24.058242519038505,24.25383949279785,352068,0.0,0.0
2015-03-25 00:00:00+08:00,24.15603991439391,24.400534780715137,24.10714202027545,24.35163688659668,443130,0.0,0.0
2015-03-26 00:00:00+08:00,23.96044402948656,24.253838579792955,23.96044402948656,24.204938888549805,268025,0.0,0.0
2015-03-27 00:00:00+08:00,24.204940277142196,24.449435150231654,23.86264781453222,23.960445404052734,231529,0.0,0.0
2015-03-30 00:00:00+08:00,23.9604444559638,24.156039627265333,23.178063770757657,23.47145652770996,297626,0.0,0.0
2015-03-31 00:00:00+08:00,23.47145652770996,23.715949592548736,23.226961664294898,23.47145652770996,489429,0.0,0.0
2015-04-01 00:00:00+08:00,23.42255964624207,23.471459344223433,22.98246955871582,22.98246955871582,260847,0.0,0.0
2015-04-02 00:00:00+08:00,22.297883519821383,23.667051506363492,22.004490765257273,23.56925392150879,722708,0.0,0.0
2015-04-07 00:00:00+08:00,23.96044402948656,24.44943374761305,23.764848861666465,24.204938888549805,733290,0.0,0.0
2015-04-08 00:00:00+08:00,24.351636694354333,24.547231866436682,24.253839108313162,24.449434280395508,487974,0.0,0.0
2015-04-09 00:00:00+08:00,24.44943447340991,24.791726926544367,24.10714202027545,24.35163688659668,467903,0.0,0.0
2015-04-10 00:00:00+08:00,24.400535583496094,24.498333173526877,24.15604070913095,24.400535583496094,243443,0.0,0.0
2015-04-13 00:00:00+08:00,24.791730181458362,24.88952778111147,24.498335583922497,24.64503288269043,401484,0.0,0.0
2015-04-14 00:00:00+08:00,24.742827909562095,25.52521042401066,24.742827909562095,25.47631072998047,1242363,0.0,0.0
2015-04-15 00:00:00+08:00,25.62300942352308,25.62300942352308,25.2318172454834,25.2318172454834,778476,0.0,0.0
2015-04-16 00:00:00+08:00,25.231818945177103,25.378516246646026,24.693933036469737,25.32961654663086,1128579,0.0,0.0
2015-04-17 00:00:00+08:00,25.32961654663086,25.378516246646026,24.791730637923493,25.32961654663086,703888,0.0,0.0
2015-04-20 00:00:00+08:00,25.47631112437887,25.52521081916608,25.03622106559955,25.280715942382812,457207,0.0,0.0
2015-04-21 00:00:00+08:00,25.280716427388096,25.280716427388096,24.54723358154297,24.54723358154297,467859,0.0,0.0
2015-04-22 00:00:00+08:00,24.44943678364936,24.938424763920228,24.44943678364936,24.596132278442383,259202,0.0,0.0
2015-04-23 00:00:00+08:00,25.134021343723347,25.32961654663086,24.938426140815835,25.32961654663086,814733,0.0,0.0
2015-04-24 00:00:00+08:00,25.5741087153769,26.16089605994146,24.987323169388727,25.280715942382812,1663803,0.0,0.0
2015-04-27 00:00:00+08:00,25.32961403694156,25.62300861080951,25.182918548583984,25.182918548583984,529476,0.0,0.0
2015-04-28 00:00:00+08:00,25.329614236836054,25.623008813019396,25.085121154785156,25.085121154785156,442945,0.0,0.0
2015-04-29 00:00:00+08:00,25.427411829371696,25.427411829371696,25.085121154785156,25.085121154785156,331392,0.0,0.0
2015-04-30 00:00:00+08:00,25.378513533380843,25.378513533380843,25.085120760386754,25.280715942382812,253911,0.0,0.0
2015-05-04 00:00:00+08:00,25.329613838593634,25.623008410164108,25.231816247595606,25.280715942382812,585047,0.0,0.0
2015-05-05 00:00:00+08:00,25.427412235435103,25.427412235435103,24.645031482655725,24.8895263671875,501649,0.0,0.0
2015-05-06 00:00:00+08:00,25.13401905176477,25.13401905176477,24.645031089086558,25.085121154785156,428085,0.0,0.0
2015-05-07 00:00:00+08:00,25.13401885341386,25.867501690930936,24.987323365056284,25.182918548583984,1000439,0.0,0.0
2015-05-08 00:00:00+08:00,25.52521203285371,25.52521203285371,24.88952676185239,25.13401985168457,348855,0.0,0.0
2015-05-11 00:00:00+08:00,25.476310236979916,25.525209930063834,23.81374765077156,24.25383949279785,683274,0.0,0.0
2015-05-12 00:00:00+08:00,24.05824246732979,24.156040054711106,23.32475966268177,23.71595001220703,400862,0.0,0.0
2015-05-13 00:00:00+08:00,23.960445798717853,24.009345493571743,23.5692554341923,23.764850616455078,256357,0.0,0.0
2015-05-14 00:00:00+08:00,23.764852437462164,23.862650036087395,23.226964745735117,23.32476234436035,320133,0.0,0.0
2015-05-15 00:00:00+08:00,23.422557830810547,23.471457525001803,23.080267165777226,23.422557830810547,255229,0.0,0.0
2015-05-18 00:00:00+08:00,23.37366032968618,23.37366032968618,22.786872982369413,23.22696304321289,350766,0.0,0.0
2015-05-19 00:00:00+08:00,23.37365932737527,23.37365932737527,22.591276830695225,23.275861740112305,268049,0.0,0.0
2015-05-20 00:00:00+08:00,23.12916412617123,23.12916412617123,22.786871676402036,22.933568954467773,241647,0.0,0.0
2015-05-21 00:00:00+08:00,22.640176859212804,22.835772036638065,22.493479576855684,22.542377471923828,252911,0.0,0.0
2015-05-22 00:00:00+08:00,22.59127916917093,23.226964451469627,22.59127916917093,22.98246955871582,480510,0.0,0.0
2015-05-25 00:00:00+08:00,22.982468088827584,24.204940675834518,22.982468088827584,23.764850616455078,1030712,0.0,0.0
2015-05-26 00:00:00+08:00,23.960445798717853,24.058243389849242,23.66705302532369,23.764850616455078,261564,0.0,0.0
2015-05-27 00:00:00+08:00,23.960444879948476,24.05824246732979,23.520356636020722,23.71595001220703,303859,0.0,0.0
2015-05-28 00:00:00+08:00,23.715950315813792,23.911547291656735,23.520356937123537,23.618154525756836,144847,0.0,0.0
2015-05-29 00:00:00+08:00,23.618154547877698,24.058242797851562,23.520356959152803,24.058242797851562,232752,0.0,0.0
2015-06-01 00:00:00+08:00,24.253839838648553,25.03622055053711,24.156040451086135,25.03622055053711,1300606,0.0,0.0
2015-06-02 00:00:00+08:00,25.329613515744313,25.42741110549582,24.7917276713992,24.93842315673828,707380,0.0,0.0
2015-06-03 00:00:00+08:00,25.134021170214616,25.18292086989221,24.742830767100116,24.98732566833496,478796,0.0,0.0
2015-06-04 00:00:00+08:00,25.036219994289286,25.085119686984054,23.96044474076745,24.35163688659668,506186,0.0,0.0
2015-06-05 00:00:00+08:00,24.35163688659668,24.742827233849596,23.813747461259453,24.35163688659668,265638,0.0,0.0
2015-06-08 00:00:00+08:00,24.35163688659668,24.35163688659668,23.6181540862093,24.35163688659668,268765,0.0,0.0
2015-06-09 00:00:00+08:00,24.25383924350874,24.25383924350874,23.178063992482958,23.81374740600586,463685,0.0,0.0
2015-06-10 00:00:00+08:00,23.81375021924446,23.86264991760254,23.618156821541696,23.86264991760254,165644,0.0,0.0
2015-06-11 00:00:00+08:00,24.15604036395181,24.15604036395181,23.618154525756836,23.618154525756836,100564,0.0,0.0
2015-06-12 00:00:00+08:00,23.667052691392307,25.03622074648979,23.667052691392307,24.93842315673828,931122,0.0,0.0
2015-06-15 00:00:00+08:00,25.13401885341386,25.62300861080951,24.93842366988616,25.182918548583984,1195759,0.0,0.0
2015-06-16 00:00:00+08:00,25.182918429281244,25.280716020581785,24.302738309000002,24.742828369140625,422337,0.0,0.0
2015-06-17 00:00:00+08:00,24.547231866436682,24.987321902910107,24.449434280395508,24.449434280395508,215458,0.0,0.0
2015-06-18 00:00:00+08:00,24.449437683384215,24.64503288269043,24.40053798426939,24.64503288269043,231397,0.0,0.0
2015-06-22 00:00:00+08:00,24.742828369140625,25.03622114304224,24.742828369140625,24.742828369140625,333997,0.0,0.0
2015-06-23 00:00:00+08:00,24.742827430755412,25.329612956304487,24.25383949279785,24.25383949279785,662590,0.0,0.0
2015-06-24 00:00:00+08:00,24.351637687768886,24.498333173526877,24.058243119100165,24.400535583496094,181831,0.0,0.0
2015-06-25 00:00:00+08:00,24.44943527779967,24.44943527779967,23.8626479390386,24.400535583496094,330944,0.0,0.0
2015-06-26 00:00:00+08:00,24.253838963887322,24.351636549346132,24.00934410095215,24.00934410095215,181103,0.0,0.0
2015-06-29 00:00:00+08:00,24.009344377754797,24.009344377754797,23.471456752241906,23.81374740600586,297555,0.0,0.0
2015-06-30 00:00:00+08:00,23.520356444823218,23.81374740600586,23.471456752241906,23.81374740600586,143966,0.0,0.0
2015-07-01 00:00:00+08:00,23.813747461259453,24.44943447340991,23.813747461259453,24.35163688659668,328498,0.0,0.0
2015-07-02 00:00:00+08:00,24.44943374761305,24.547231331523097,24.156039197306654,24.204938888549805,286907,0.0,0.0
2015-07-03 00:00:00+08:00,24.204940080227082,24.204940080227082,23.86264762040177,24.058242797851562,158471,0.0,0.0
2015-07-06 00:00:00+08:00,24.058243389849242,24.058243389849242,23.61815512904619,23.764850616455078,147738,0.0,0.0
2015-07-07 00:00:00+08:00,23.960444879948476,23.960444879948476,23.56925453042322,23.71595001220703,144594,0.0,0.0
2015-07-08 00:00:00+08:00,23.667051315307617,23.667051315307617,22.640175783334712,23.667051315307617,376715,0.0,0.0
2015-07-09 00:00:00+08:00,23.32476055707564,23.764850616455078,22.884670497696195,23.764850616455078,180269,0.0,0.0
2015-07-10 00:00:00+08:00,23.764850616455078,23.764850616455078,23.764850616455078,23.764850616455078,0,0.0,0.0
2015-07-13 00:00:00+08:00,24.400534974896956,24.400534974896956,23.96044493144699,24.25383949279785,226818,0.0,0.0
2015-07-14 00:00:00+08:00,24.35163828243531,24.498333771775602,23.960446114182904,24.10714340209961,207488,0.0,0.0
2015-07-15 00:00:00+08:00,24.449434280395508,25.32961255476607,24.400534588086774,24.449434280395508,2405899,0.0,0.0
2015-07-16 00:00:00+08:00,24.54723458236259,24.64503217922417,24.253841791777855,24.498334884643555,692849,0.0,0.0
2015-07-17 00:00:00+08:00,24.547234876191457,25.18292016268908,24.253842082094828,24.840627670288086,1339135,0.0,0.0
2015-07-20 00:00:00+08:00,25.036222866352507,25.134020464384715,24.498335177887096,24.840627670288086,640125,0.0,0.0
2015-07-21 00:00:00+08:00,24.791726926544367,24.791726926544367,24.05824232758068,24.35163688659668,574013,0.0,0.0
2015-07-22 00:00:00+08:00,24.1560409041784,24.840625838497925,24.1560409041784,24.302738189697266,681871,0.0,0.0
2015-07-23 00:00:00+08:00,24.30273747284214,24.547232341969615,23.66705225197177,24.15604019165039,468207,0.0,0.0
2015-07-24 00:00:00+08:00,23.81374740600586,24.058242271759802,23.471456752241906,23.81374740600586,345439,0.0,0.0
2015-07-27 00:00:00+08:00,23.66705270461409,23.96044547403252,22.346784342942968,23.422557830810547,831499,0.0,0.0
2015-07-28 00:00:00+08:00,23.37366032968618,23.91154798198639,22.786872982369413,23.22696304321289,693872,0.0,0.0
2015-07-29 00:00:00+08:00,23.37366000667074,23.37366000667074,22.835772361803944,22.88467025756836,281898,0.0,0.0
2015-07-30 00:00:00+08:00,22.933569951909146,23.12916513211955,22.835772361803944,22.88467025756836,149573,0.0,0.0
2015-07-31 00:00:00+08:00,23.12916531883228,23.12916531883228,22.05339002041437,22.346784591674805,523009,0.0,0.0
2015-08-03 00:00:00+08:00,22.34678519138243,22.68907586941149,22.297885495334604,22.493480682373047,279066,0.0,0.0
2015-08-04 00:00:00+08:00,22.78687346293071,22.78687346293071,21.66220023817145,22.493480682373047,282395,0.0,0.0
2015-08-05 00:00:00+08:00,22.102290505400134,22.39568328857422,22.102290505400134,22.39568328857422,177004,0.0,0.0
2015-08-06 00:00:00+08:00,22.395682487833955,22.395682487833955,21.906694533360536,22.346784591674805,203546,0.0,0.0
2015-08-07 00:00:00+08:00,22.00449212425522,22.346784591674805,22.00449212425522,22.346784591674805,163658,0.0,0.0
2015-08-10 00:00:00+08:00,22.346784603792994,22.78687286376953,22.346784603792994,22.78687286376953,174744,0.0,0.0
2015-08-11 00:00:00+08:00,22.49347975343204,22.7868725218731,22.004491806030273,22.004491806030273,276380,0.0,0.0
2015-08-12 00:00:00+08:00,21.857794805745964,21.857794805745964,21.466604442755663,21.808895111083984,312715,0.0,0.0
2015-08-13 00:00:00+08:00,21.564402930880117,21.90669541202891,21.564402930880117,21.85779571533203,111786,0.0,0.0
2015-08-14 00:00:00+08:00,21.85779540599204,21.85779540599204,21.5155029296875,21.5155029296875,162249,0.0,0.0
2015-08-17 00:00:00+08:00,21.515503536870476,21.662200830448448,21.02651555590471,21.222110748291016,130666,0.0,0.0
2015-08-18 00:00:00+08:00,20.928716464140216,21.222109231753755,20.04853636272324,21.026514053344727,319970,0.0,0.0
2015-08-19 00:00:00+08:00,20.537523654231226,20.537523654231226,19.65734537944119,20.341928482055664,366042,0.0,0.0
2015-08-20 00:00:00+08:00,20.341928020616542,20.733120154670107,20.244130436747213,20.63532257080078,247363,0.0,0.0
2015-08-21 00:00:00+08:00,20.635323129133074,21.31990623474121,20.635323129133074,21.31990623474121,388720,0.0,0.0
2015-08-24 00:00:00+08:00,21.222110148447914,21.31990774187682,19.755142649861494,21.075414657592773,515368,0.0,0.0
2015-08-25 00:00:00+08:00,20.341928433802817,20.97761364115365,19.55954774695644,20.87981605529785,306906,0.0,0.0
2015-08-26 00:00:00+08:00,20.83091997973599,22.39568328857422,20.341930209202737,22.39568328857422,330673,0.0,0.0
2015-08-27 00:00:00+08:00,22.346785080609425,22.346785080609425,22.00449260570068,22.053390502929688,219426,0.0,0.0
2015-08-28 00:00:00+08:00,22.151189706503082,22.29788700600882,21.90669660542892,22.24898910522461,224008,0.0,0.0
2015-08-31 00:00:00+08:00,22.297884593070286,22.493479772194142,22.004491824384505,22.444580078125,280875,0.0,0.0
2015-09-01 00:00:00+08:00,22.493481085317693,22.493481085317693,22.05339100730928,22.29788589477539,117410,0.0,0.0
2015-09-02 00:00:00+08:00,22.05339080891623,22.493480882965578,21.906695316617412,22.39568328857422,183976,0.0,0.0
2015-09-03 00:00:00+08:00,22.493479772194142,22.493479772194142,22.20008700350836,22.444580078125,173318,0.0,0.0
2015-09-04 00:00:00+08:00,22.49347955428713,22.49347955428713,22.1022891998291,22.1022891998291,110201,0.0,0.0
2015-09-07 00:00:00+08:00,22.10229090481787,22.297886097135255,21.711098721606614,22.200088500976562,197412,0.0,0.0
2015-09-08 00:00:00+08:00,22.248986482039033,22.34678407065354,22.1022891998291,22.1022891998291,87601,0.0,0.0
2015-09-09 00:00:00+08:00,22.297886097135255,22.297886097135255,22.004493308659175,22.200088500976562,273714,0.0,0.0
2015-09-10 00:00:00+08:00,22.297884716937148,22.933569951909146,22.200087126831942,22.88467025756836,536556,0.0,0.0
2015-09-11 00:00:00+08:00,23.129165616853047,23.667053272992717,22.88467073717781,22.151187896728516,731406,0.0,0.0
2015-09-14 00:00:00+08:00,23.30410066407298,23.406761236875912,23.098777703553775,23.252769470214844,400030,0.211453,1.040281
2015-09-15 00:00:00+08:00,23.355432299318288,23.817407608032227,23.201438714833607,23.817407608032227,308387,0.0,0.0
2015-09-16 00:00:00+08:00,24.125390869311786,25.15200386457215,23.920067907277044,24.433374404907227,1236216,0.0,0.0
2015-09-17 00:00:00+08:00,24.63869673516258,24.63869673516258,24.125390250694473,24.484704971313477,610100,0.0,0.0
2015-09-18 00:00:00+08:00,24.63869527564075,25.408654049276226,24.484703520913655,24.895347595214844,1202879,0.0,0.0
2015-09-21 00:00:00+08:00,24.9466805886655,25.665308224375515,24.9466805886655,25.35732650756836,1427273,0.0,0.0
2015-09-22 00:00:00+08:00,25.613978183428536,25.613978183428536,24.946679943649897,25.254663467407227,661189,0.0,0.0
2015-09-23 00:00:00+08:00,25.408655886246223,25.408655886246223,24.895349395074312,25.35732650756836,605716,0.0,0.0
2015-09-24 00:00:00+08:00,25.357324731199622,25.357324731199622,24.43337238585093,24.741355895996094,563990,0.0,0.0
2015-09-25 00:00:00+08:00,24.84401817605704,25.203332901000977,24.536036459565082,25.203332901000977,327649,0.0,0.0
2015-09-29 00:00:00+08:00,25.203332901000977,25.203332901000977,25.203332901000977,25.203332901000977,0,0.0,0.0
2015-09-30 00:00:00+08:00,25.152002897792542,25.613978183428536,25.152002897792542,25.254663467407227,621028,0.0,0.0
2015-10-01 00:00:00+08:00,25.25466458471908,25.459985733032227,25.15200401056251,25.459985733032227,419139,0.0,0.0
2015-10-02 00:00:00+08:00,25.35732654891826,25.408655927679824,24.74135766955952,25.049341201782227,297000,0.0,0.0
2015-10-05 00:00:00+08:00,25.100671705528562,25.305994659671207,25.04934051326458,25.254663467407227,291501,0.0,0.0
2015-10-06 00:00:00+08:00,25.305995355243365,25.562647693791178,25.049341201782227,25.049341201782227,570823,0.0,0.0
2015-10-07 00:00:00+08:00,25.305995666026988,26.024623311734345,25.15200389802446,25.92196273803711,1161330,0.0,0.0
2015-10-08 00:00:00+08:00,26.17861327094266,26.17861327094266,25.357325108284435,25.613977432250977,736149,0.0,0.0
2015-10-12 00:00:00+08:00,25.819299196079847,25.870630388092177,25.357325727621937,25.562646865844727,264934,0.0,0.0
2015-10-13 00:00:00+08:00,25.6653092043397,26.024623943370884,25.6653092043397,25.87063217163086,611671,0.0,0.0
2015-10-14 00:00:00+08:00,25.870631475489642,26.12728563142575,25.767970902063205,26.07595443725586,397799,0.0,0.0
2015-10-15 00:00:00+08:00,26.178614942438532,26.332606709633424,25.870631408048745,26.22994613647461,624299,0.0,0.0
2015-10-16 00:00:00+08:00,26.28127558410873,26.28127558410873,25.921962669659532,26.07595443725586,291956,0.0,0.0
2015-10-19 00:00:00+08:00,26.178615715110904,26.229946910662044,25.71664039989084,25.87063217163086,318692,0.0,0.0
2015-10-20 00:00:00+08:00,25.870631612789634,25.92196280723195,25.511316881520145,25.76797103881836,311846,0.0,0.0
2015-10-21 00:00:00+08:00,25.767971668108004,26.024624016760672,25.71664047241211,25.71664047241211,244349,0.0,0.0
2015-10-22 00:00:00+08:00,26.024623381203224,26.075954575645536,25.716639844376047,25.76797103881836,431463,0.0,0.0
2015-10-23 00:00:00+08:00,25.870631475489642,26.07595443725586,25.61397913446688,26.07595443725586,467565,0.0,0.0
2015-10-26 00:00:00+08:00,25.973295272819335,26.075955851814864,25.66530990600586,25.66530990600586,392354,0.0,0.0
2015-10-27 00:00:00+08:00,25.87063224458639,25.87063224458639,25.56264870023783,25.71664047241211,290343,0.0,0.0
2015-10-28 00:00:00+08:00,25.76797229991483,26.02462465486038,25.459986933101355,25.66530990600586,620580,0.0,0.0
2015-10-29 00:00:00+08:00,25.511316432406257,25.511316432406257,25.203332901000977,25.203332901000977,303097,0.0,0.0
2015-10-30 00:00:00+08:00,25.35732531516062,26.897242901349642,25.35732531516062,26.640588760375977,4023404,0.0,0.0
2015-11-02 00:00:00+08:00,26.999904132910437,27.821194137383678,26.74325180053711,26.74325180053711,3187185,0.0,0.0
2015-11-03 00:00:00+08:00,26.897244617398293,27.307888728276783,26.79458404340701,27.10256576538086,1275368,0.0,0.0
2015-11-04 00:00:00+08:00,27.30788623397573,27.359217423739462,26.486596272321986,26.999902725219727,1080220,0.0,0.0
2015-11-05 00:00:00+08:00,26.99990490288594,26.99990490288594,26.332606641789532,26.38393783569336,489321,0.0,0.0
2015-11-06 00:00:00+08:00,26.33260726928711,26.691922005349582,25.870631957883948,26.33260726928711,938267,0.0,0.0
2015-11-09 00:00:00+08:00,26.332605028305228,26.383936219063827,25.40865448412981,25.613977432250977,662390,0.0,0.0
2015-11-10 00:00:00+08:00,25.049341160934553,25.35732650756836,25.049341160934553,25.35732650756836,285607,0.0,0.0
2015-11-11 00:00:00+08:00,25.049340224110434,25.152002607453323,24.125389663503963,24.228050231933594,1042204,0.0,0.0
2015-11-12 00:00:00+08:00,24.228052413128765,25.10067367553711,24.228052413128765,25.10067367553711,460860,0.0,0.0
2015-11-13 00:00:00+08:00,24.587365351143394,25.408655356926456,24.587365351143394,24.946680068969727,272166,0.0,0.0
2015-11-16 00:00:00+08:00,24.12538942701887,24.844017028808594,23.81740590983567,24.844017028808594,757492,0.0,0.0
2015-11-17 00:00:00+08:00,25.100671169736753,25.100671169736753,24.638695893961952,24.844017028808594,423429,0.0,0.0
2015-11-18 00:00:00+08:00,24.844019508987163,25.25466544950171,24.690027735022564,25.10067367553711,557546,0.0,0.0
2015-11-19 00:00:00+08:00,25.152004579410878,26.075955212456563,25.152004579410878,25.71664047241211,1052760,0.0,0.0
2015-11-20 00:00:00+08:00,25.767970902063205,26.178615010682297,25.767970902063205,26.07595443725586,772040,0.0,0.0
2015-11-23 00:00:00+08:00,26.33260677827862,26.486598545874948,25.716639707893314,26.07595443725586,1043054,0.0,0.0
2015-11-24 00:00:00+08:00,26.17861514961681,26.17861514961681,25.511316881520145,25.76797103881836,533616,0.0,0.0
2015-11-25 00:00:00+08:00,25.767969818980784,25.92196158010451,25.049340390461214,25.562646865844727,687126,0.0,0.0
2015-11-26 00:00:00+08:00,25.562648628150818,26.024623943370884,25.562648628150818,25.87063217163086,646451,0.0,0.0
2015-11-27 00:00:00+08:00,25.921962535298924,27.10256547578026,25.921962535298924,26.38393783569336,2963563,0.0,0.0
2015-11-30 00:00:00+08:00,26.383937180791595,26.486597751137673,26.22994541781583,26.281274795532227,768371,0.0,0.0
2015-12-01 00:00:00+08:00,26.589260796395333,26.691921369289652,26.024623108193243,26.38393783569336,1063191,0.0,0.0
2015-12-02 00:00:00+08:00,26.435269731488667,26.84591384888242,26.17861557006836,26.17861557006836,802865,0.0,0.0
2015-12-03 00:00:00+08:00,26.22994669394642,26.48659903975483,25.973294348138015,26.33260726928711,603146,0.0,0.0
2015-12-04 00:00:00+08:00,26.229947566134506,26.229947566134506,25.819301621290357,25.973295211791992,362747,0.0,0.0
2015-12-07 00:00:00+08:00,26.075955138922023,26.127286334473162,25.87063217163086,25.87063217163086,294358,0.0,0.0
2015-12-08 00:00:00+08:00,26.02462459371243,26.07595579054631,25.562649266947847,25.973295211791992,614623,0.0,0.0
2015-12-09 00:00:00+08:00,25.870632878910364,26.075955851814864,24.63869867131023,25.66530990600586,742981,0.0,0.0
2015-12-10 00:00:00+08:00,25.203332212989675,25.408655166625977,24.844017497854463,25.408655166625977,350201,0.0,0.0
2015-12-11 00:00:00+08:00,26.281277009805926,27.461881835365016,25.408657551060312,25.66530990600586,5576545,0.0,0.0
2015-12-14 00:00:00+08:00,26.127286189715004,26.74325327326233,25.665309062141127,26.17861557006836,1778157,0.0,0.0
2015-12-15 00:00:00+08:00,26.69192123413086,26.897244193793146,26.22994593607571,26.69192123413086,1481562,0.0,0.0
2015-12-16 00:00:00+08:00,26.794583092002494,27.410550143905546,26.281274795532227,26.281274795532227,1971812,0.0,0.0
2015-12-17 00:00:00+08:00,26.332606709633424,26.486598476828316,26.127285563315795,26.22994613647461,984092,0.0,0.0
2015-12-18 00:00:00+08:00,26.53792953491211,26.999904834130113,26.486598341138997,26.53792953491211,1378833,0.0,0.0
2015-12-21 00:00:00+08:00,26.69192289289909,26.794585286566846,25.921964014958114,25.973295211791992,971126,0.0,0.0
2015-12-22 00:00:00+08:00,26.178615715110904,26.332607486850925,25.81930097607972,25.87063217163086,738236,0.0,0.0
2015-12-23 00:00:00+08:00,25.973294562733138,26.178615715110904,25.71664039989084,25.87063217163086,614032,0.0,0.0
2015-12-24 00:00:00+08:00,26.024621513580087,26.075952704338686,24.9980104028007,25.613977432250977,1190359,0.0,0.0
2015-12-25 00:00:00+08:00,25.35732650756836,25.665308224375515,25.15200354811693,25.35732650756836,442742,0.0,0.0
2015-12-28 00:00:00+08:00,25.562646991164556,25.613978183428536,25.152002897792542,25.254663467407227,236930,0.0,0.0
2015-12-29 00:00:00+08:00,25.152002897792542,25.357325851935187,24.998011135913877,25.254663467407227,284016,0.0,0.0
2015-12-30 00:00:00+08:00,25.305995288078286,25.562647625944912,25.152003522375644,25.203332901000977,270611,0.0,0.0
2015-12-31 00:00:00+08:00,25.40865522928589,25.40865522928589,25.100671705528562,25.254663467407227,108187,0.0,0.0
2016-01-04 00:00:00+08:00,25.613978845697652,25.613978845697652,24.99801178225669,25.35732650756836,269094,0.0,0.0
2016-01-05 00:00:00+08:00,25.254662351209102,25.357324731199622,24.741355895996094,24.741355895996094,404716,0.0,0.0
2016-01-06 00:00:00+08:00,25.870630514921885,26.281274608293895,25.203332275143243,25.254663467407227,1823894,0.0,0.0
2016-01-07 00:00:00+08:00,25.665308224375515,25.92196237741813,24.690026435622883,25.35732650756836,923738,0.0,0.0
2016-01-08 00:00:00+08:00,25.459985733032227,25.819300464950267,25.357326973789014,25.459985733032227,642155,0.0,0.0
2016-01-11 00:00:00+08:00,25.459986039445763,25.66530900514335,24.792689577027023,24.99801254272461,942417,0.0,0.0
2016-01-12 00:00:00+08:00,24.998012967906366,25.30599651423443,23.920068740844727,23.920068740844727,894763,0.0,0.0
2016-01-13 00:00:00+08:00,24.125389663503963,24.228050231933594,23.714745574872172,24.228050231933594,651776,0.0,0.0
2016-01-14 00:00:00+08:00,23.920068182775314,23.920068182775314,23.355432299318288,23.817407608032227,493429,0.0,0.0
2016-01-15 00:00:00+08:00,24.22805228717279,24.279383483198608,23.766076967680693,23.920068740844727,302103,0.0,0.0
2016-01-18 00:00:00+08:00,23.61208313256955,24.433373122695613,23.61208313256955,24.382041931152344,517408,0.0,0.0
2016-01-19 00:00:00+08:00,24.53603679338127,24.741357940502667,24.228051442872484,24.433374404907227,233943,0.0,0.0
2016-01-20 00:00:00+08:00,24.433375256362638,24.484706452388455,23.612085194516663,23.920068740844727,457871,0.0,0.0
2016-01-21 00:00:00+08:00,24.074058849195662,24.074058849195662,23.252768844145027,23.304100036621094,355437,0.0,0.0
2016-01-22 00:00:00+08:00,23.612085342407227,23.76607711653576,23.355432990497473,23.612085342407227,239960,0.0,0.0
2016-01-25 00:00:00+08:00,23.971400011454662,23.971400011454662,23.612085267982817,23.766077041625977,227617,0.0,0.0
2016-01-26 00:00:00+08:00,23.766076413204,23.817407608032227,23.56075526371783,23.817407608032227,69938,0.0,0.0
2016-01-27 00:00:00+08:00,23.81740831288308,23.868737694316977,23.560755960973328,23.612085342407227,93798,0.0,0.0
2016-01-28 00:00:00+08:00,23.612085267982817,23.86873761908361,23.406762298154135,23.766077041625977,110322,0.0,0.0
2016-01-29 00:00:00+08:00,23.766077041625977,23.817408237811502,23.509424690525183,23.766077041625977,153877,0.0,0.0
2016-02-01 00:00:00+08:00,24.022727966308594,24.12539035258377,23.920067394946724,24.022727966308594,216850,0.0,0.0
2016-02-02 00:00:00+08:00,24.02272868701519,24.17672227104792,23.920068112573396,23.971399307250977,167543,0.0,0.0
2016-02-03 00:00:00+08:00,24.022728032010466,24.125390418566425,23.868736267089844,23.868736267089844,229887,0.0,0.0
2016-02-15 00:00:00+08:00,23.612085342407227,23.714747735101867,23.201439401455517,23.612085342407227,209613,0.0,0.0
2016-02-16 00:00:00+08:00,23.714746317082536,23.868736267089844,23.612083930526577,23.868736267089844,192065,0.0,0.0
2016-02-17 00:00:00+08:00,23.868737544818913,24.022729317982943,23.81740816370651,23.920068740844727,184264,0.0,0.0
2016-02-18 00:00:00+08:00,24.022728480837742,24.587366172704947,24.022728480837742,24.433374404907227,405275,0.0,0.0
2016-02-19 00:00:00+08:00,24.433374404907227,24.63869736694197,24.33071383134653,24.433374404907227,499497,0.0,0.0
2016-02-22 00:00:00+08:00,24.125390802021357,24.587366104125977,24.125390802021357,24.587366104125977,345327,0.0,0.0
2016-02-23 00:00:00+08:00,24.638696670532227,24.844017811850243,24.43337371430091,24.638696670532227,290616,0.0,0.0
2016-02-24 00:00:00+08:00,24.63869595321137,24.84401708855175,24.53603538554118,24.690025329589844,187098,0.0,0.0
2016-02-25 00:00:00+08:00,24.690025482723478,24.741356674333563,24.536035537719727,24.536035537719727,215005,0.0,0.0
2016-02-26 00:00:00+08:00,24.587364761919652,24.690025329589844,24.484704194249463,24.690025329589844,237506,0.0,0.0
2016-03-01 00:00:00+08:00,24.638696670532227,24.741357241191235,24.43337371430091,24.638696670532227,66759,0.0,0.0
2016-03-02 00:00:00+08:00,24.84401724264048,24.84401724264048,24.536035537719727,24.536035537719727,109688,0.0,0.0
2016-03-03 00:00:00+08:00,24.536036724945472,24.741357871494184,24.48470553085162,24.587366104125977,129529,0.0,0.0
2016-03-04 00:00:00+08:00,24.587366472728228,25.408656515975505,24.484705897914832,25.30599594116211,1374972,0.0,0.0
2016-03-07 00:00:00+08:00,25.15200315365386,25.15200315365386,24.638696670532227,24.638696670532227,417056,0.0,0.0
2016-03-08 00:00:00+08:00,24.48470434610964,24.741356674333563,24.433373154499556,24.536035537719727,173102,0.0,0.0
2016-03-09 00:00:00+08:00,24.484704971313477,24.690026113170077,24.433373778392678,24.484704971313477,242774,0.0,0.0
2016-03-10 00:00:00+08:00,24.587365542241777,24.587365542241777,24.433373778392678,24.484704971313477,159368,0.0,0.0
2016-03-11 00:00:00+08:00,24.48470553085162,24.690026677400333,24.43337433675777,24.587366104125977,228744,0.0,0.0
2016-03-14 00:00:00+08:00,24.690026113170077,24.690026113170077,24.433373778392678,24.484704971313477,207692,0.0,0.0
2016-03-15 00:00:00+08:00,24.536035537719727,24.638696106026647,24.382041962889467,24.536035537719727,202538,0.0,0.0
2016-03-16 00:00:00+08:00,24.53603616423428,24.53603616423428,24.330713207464377,24.484704971313477,167443,0.0,0.0
2016-03-17 00:00:00+08:00,24.48470503635288,24.48470503635288,24.330713272094727,24.330713272094727,171238,0.0,0.0
2016-03-18 00:00:00+08:00,24.330713207464377,24.484704971313477,24.228050821622773,24.484704971313477,163956,0.0,0.0
2016-03-21 00:00:00+08:00,24.382042585471876,24.484704971313477,24.279382014543575,24.484704971313477,78222,0.0,0.0
2016-03-22 00:00:00+08:00,24.48470503635288,24.48470503635288,24.22805088598042,24.330713272094727,130321,0.0,0.0
2016-03-23 00:00:00+08:00,24.228050231933594,24.27938142360504,23.868735520059992,24.228050231933594,245481,0.0,0.0
2016-03-24 00:00:00+08:00,24.12539035258377,24.12539035258377,23.868736201809135,24.022727966308594,109297,0.0,0.0
2016-03-25 00:00:00+08:00,24.022727966308594,24.022727966308594,23.76607563044727,24.022727966308594,225204,0.0,0.0
2016-03-28 00:00:00+08:00,24.022729317982943,24.022729317982943,23.71474758656829,23.920068740844727,126213,0.0,0.0
2016-03-29 00:00:00+08:00,23.766076967680693,23.920068740844727,23.20143925613697,23.920068740844727,313072,0.0,0.0
2016-03-30 00:00:00+08:00,23.817407538131604,23.971399307250977,23.663415769012236,23.971399307250977,169995,0.0,0.0
2016-03-31 00:00:00+08:00,23.971399307250977,23.971399307250977,23.817407538131604,23.971399307250977,93319,0.0,0.0
2016-04-01 00:00:00+08:00,23.971397342622456,24.228049665149115,23.766074395653202,24.125389099121094,182248,0.0,0.0
2016-04-06 00:00:00+08:00,24.125389099121094,24.125389099121094,23.971397342622456,24.125389099121094,123525,0.0,0.0
2016-04-07 00:00:00+08:00,24.125389603262498,24.536035505782156,24.074058411719225,24.382041931152344,231063,0.0,0.0
2016-04-08 00:00:00+08:00,24.228050171435786,24.536035505782156,24.228050171435786,24.382041931152344,183824,0.0,0.0
2016-04-11 00:00:00+08:00,24.433374404907227,24.433374404907227,24.228051442872484,24.433374404907227,149475,0.0,0.0
2016-04-12 00:00:00+08:00,24.433374404907227,24.433374404907227,24.228051442872484,24.433374404907227,175725,0.0,0.0
2016-04-13 00:00:00+08:00,24.433373122695613,24.433373122695613,24.228050171435786,24.382041931152344,100462,0.0,0.0
2016-04-14 00:00:00+08:00,24.484703802588985,24.484703802588985,24.125389099121094,24.125389099121094,99793,0.0,0.0
2016-04-15 00:00:00+08:00,24.125389603262498,24.638696073955444,24.022727220175955,24.382041931152344,377601,0.0,0.0
2016-04-18 00:00:00+08:00,24.48470434610964,24.638696106026647,24.228050202972465,24.536035537719727,121070,0.0,0.0
2016-04-19 00:00:00+08:00,24.38204119585567,25.04933940614126,24.38204119585567,24.741355895996094,309452,0.0,0.0
2016-04-20 00:00:00+08:00,24.587366172704947,24.741357940502667,24.433374404907227,24.433374404907227,119848,0.0,0.0
2016-04-21 00:00:00+08:00,24.43337365100532,24.946680132797216,24.382042458352142,24.792688369750977,315504,0.0,0.0
2016-04-22 00:00:00+08:00,24.79268786594365,24.79268786594365,23.920066683138458,24.536035537719727,211541,0.0,0.0
2016-04-25 00:00:00+08:00,24.484704971313477,24.53603616423428,24.228050821622773,24.484704971313477,160755,0.0,0.0
2016-04-26 00:00:00+08:00,24.484703802588985,24.484703802588985,24.125389099121094,24.125389099121094,63313,0.0,0.0
2016-04-27 00:00:00+08:00,24.330711418051052,24.330711418051052,23.920065534712386,24.176719665527344,126444,0.0,0.0
2016-04-28 00:00:00+08:00,24.1767212341478,24.1767212341478,22.996116511591264,23.304100036621094,860447,0.0,0.0
2016-04-29 00:00:00+08:00,23.20143892449969,23.355432510375977,22.996117773158076,23.355432510375977,92795,0.0,0.0
2016-05-03 00:00:00+08:00,23.355431857931112,23.355431857931112,22.893456557947903,23.252769470214844,114936,0.0,0.0
2016-05-04 00:00:00+08:00,23.30410129430123,23.30410129430123,22.99611775265009,23.201438903808594,80368,0.0,0.0
2016-05-05 00:00:00+08:00,23.201438276356708,23.252769470214844,22.790794170231635,23.252769470214844,95438,0.0,0.0
2016-05-06 00:00:00+08:00,23.04744601602894,23.04744601602894,22.893456067579606,22.996116638183594,45082,0.0,0.0
2016-05-09 00:00:00+08:00,22.996115410368574,22.996115410368574,22.585469520051348,22.79079246520996,106042,0.0,0.0
2016-05-10 00:00:00+08:00,23.2014397818962,23.2014397818962,22.58547267528187,22.842126846313477,81359,0.0,0.0
2016-05-11 00:00:00+08:00,23.047445511218555,23.047445511218555,22.48280966289395,22.739463806152344,124605,0.0,0.0
2016-05-12 00:00:00+08:00,22.58547019958496,22.739463774272053,22.328817871599643,22.58547019958496,133593,0.0,0.0
2016-05-13 00:00:00+08:00,22.585470322369474,22.585470322369474,21.86684271115586,22.27748680114746,126067,0.0,0.0
2016-05-16 00:00:00+08:00,21.558859796591566,22.22615623474121,21.558859796591566,22.22615623474121,144121,0.0,0.0
2016-05-17 00:00:00+08:00,22.22615654742665,23.098777770996094,22.22615654742665,23.098777770996094,104940,0.0,0.0
2016-05-18 00:00:00+08:00,22.636801918699692,23.201437779391572,22.636801918699692,22.996116638183594,77421,0.0,0.0
2016-05-19 00:00:00+08:00,22.99611676821282,23.098777339397287,22.431479089414957,22.688133239746094,87231,0.0,0.0
2016-05-20 00:00:00+08:00,22.43147843981112,22.58547019958496,22.277486680037278,22.58547019958496,132115,0.0,0.0
2016-05-23 00:00:00+08:00,22.688132582709688,22.790793150921164,22.38014906316201,22.58547019958496,129572,0.0,0.0
2016-05-24 00:00:00+08:00,22.58547091881102,22.58547091881102,22.431479154133367,22.534141540527344,51724,0.0,0.0
2016-05-25 00:00:00+08:00,22.790793150921164,22.790793150921164,22.53414082293585,22.58547019958496,93616,0.0,0.0
2016-05-26 00:00:00+08:00,22.585470853648317,22.739464432794986,22.482810282463845,22.688133239746094,82003,0.0,0.0
2016-05-27 00:00:00+08:00,22.688131900087257,22.842123655227915,22.482808954928643,22.79079246520996,79271,0.0,0.0
2016-05-30 00:00:00+08:00,22.58547134248478,23.047446645183786,22.58547134248478,22.944786071777344,160697,0.0,0.0
2016-05-31 00:00:00+08:00,22.99611676821282,22.99611676821282,22.688133239746094,22.688133239746094,62464,0.0,0.0
2016-06-01 00:00:00+08:00,22.688133371564707,22.688133371564707,22.380149841308594,22.380149841308594,163188,0.0,0.0
2016-06-02 00:00:00+08:00,22.38014977584969,22.534141540527344,22.38014977584969,22.534141540527344,93109,0.0,0.0
2016-06-03 00:00:00+08:00,22.38014906316201,22.58547019958496,22.38014906316201,22.58547019958496,96895,0.0,0.0
2016-06-06 00:00:00+08:00,22.43147850036621,22.43147850036621,22.174826171688046,22.43147850036621,99771,0.0,0.0
2016-06-07 00:00:00+08:00,22.43147850036621,22.43147850036621,22.43147850036621,22.43147850036621,0,0.0,0.0
2016-06-08 00:00:00+08:00,22.482809692067146,22.482809692067146,22.174826171688046,22.43147850036621,85581,0.0,0.0
2016-06-13 00:00:00+08:00,22.328819205150356,22.482810974121094,22.072166861836916,22.482810974121094,68216,0.0,0.0
2016-06-14 00:00:00+08:00,22.43147919297135,22.43147919297135,21.969503898138527,22.22615623474121,151339,0.0,0.0
2016-06-15 00:00:00+08:00,22.277488150672145,22.277488150672145,22.02083580574408,22.174827575683594,85777,0.0,0.0
2016-06-16 00:00:00+08:00,22.174826356309914,22.174826356309914,21.96950340270996,21.96950340270996,35225,0.0,0.0
2016-06-17 00:00:00+08:00,22.02083272638294,22.226153847648238,21.918172165750295,22.12349510192871,107083,0.0,0.0
2016-06-20 00:00:00+08:00,22.226155609306037,22.48280975359989,22.072165663608295,22.27748680114746,200021,0.0,0.0
2016-06-21 00:00:00+08:00,22.3801498145988,22.3801498145988,22.123497477996114,22.22615623474121,89317,0.0,0.0
2016-06-22 00:00:00+08:00,22.226156885325576,22.38015046969073,22.226156885325576,22.328819274902344,115635,0.0,0.0
2016-06-23 00:00:00+08:00,22.328818391974433,23.201437779391572,22.328818391974433,22.996116638183594,337065,0.0,0.0
2016-06-24 00:00:00+08:00,23.3041017206965,24.02272939272677,23.20143932832545,23.766077041625977,1276745,0.0,0.0
2016-06-27 00:00:00+08:00,23.612085987070806,24.22805310040225,23.458094208737943,23.71474838256836,594487,0.0,0.0
2016-06-28 00:00:00+08:00,23.509424690525183,24.02272939272677,23.406762298154135,23.766077041625977,235911,0.0,0.0
2016-06-29 00:00:00+08:00,24.074060169898388,24.074060169898388,23.20143892449969,23.355432510375977,280089,0.0,0.0
2016-06-30 00:00:00+08:00,23.714746516781666,23.714746516781666,23.304100596926457,23.406761169433594,144931,0.0,0.0
2016-07-01 00:00:00+08:00,23.304099353275788,23.509422302246094,23.201436971334022,23.509422302246094,193364,0.0,0.0
2016-07-04 00:00:00+08:00,23.50942548542847,23.56075668334961,23.25277131073624,23.56075668334961,95691,0.0,0.0
2016-07-05 00:00:00+08:00,23.560755960973328,23.714747735101867,23.40676237193137,23.612085342407227,143509,0.0,0.0
2016-07-06 00:00:00+08:00,23.612083561650923,23.66341475412699,23.304100036621094,23.304100036621094,136937,0.0,0.0
2016-07-07 00:00:00+08:00,23.304099973740442,23.458091735839844,23.304099973740442,23.458091735839844,131433,0.0,0.0
2016-07-08 00:00:00+08:00,23.458091735839844,23.458091735839844,23.458091735839844,23.458091735839844,0,0.0,0.0
2016-07-11 00:00:00+08:00,23.50942548542847,23.56075668334961,23.150110729807434,23.56075668334961,146241,0.0,0.0
2016-07-12 00:00:00+08:00,23.509423556854063,23.509423556854063,23.20143820950599,23.406761169433594,116347,0.0,0.0
2016-07-13 00:00:00+08:00,23.304100596926457,23.406761169433594,23.20143820950599,23.406761169433594,77613,0.0,0.0
2016-07-14 00:00:00+08:00,23.406761890754687,23.406761890754687,23.20143892449969,23.355432510375977,80497,0.0,0.0
2016-07-15 00:00:00+08:00,23.40676060665994,23.40676060665994,23.15010827410618,23.304100036621094,216999,0.0,0.0
2016-07-18 00:00:00+08:00,23.355430544246673,24.125389334243767,23.355430544246673,23.509422302246094,284870,0.0,0.0
2016-07-19 00:00:00+08:00,23.560755333765176,23.714747103794316,23.304101173774363,23.663415908813477,134839,0.0,0.0
2016-07-20 00:00:00+08:00,23.612083497939246,23.612083497939246,23.355431166078002,23.458091735839844,161764,0.0,0.0
2016-07-21 00:00:00+08:00,23.509423556854063,23.509423556854063,23.304100596926457,23.406761169433594,115679,0.0,0.0
2016-07-22 00:00:00+08:00,23.509424281338877,23.509424281338877,23.252770119791784,23.355432510375977,86160,0.0,0.0
2016-07-25 00:00:00+08:00,23.35543248954755,23.35543248954755,23.15010952347566,23.201438903808594,83450,0.0,0.0
2016-07-26 00:00:00+08:00,23.201438903808594,23.252770099054914,23.201438903808594,23.201438903808594,49224,0.0,0.0
2016-07-27 00:00:00+08:00,23.201438276356708,23.252769470214844,22.893456557947903,23.252769470214844,150261,0.0,0.0
2016-07-28 00:00:00+08:00,23.252770099054914,23.252770099054914,23.047447132983024,23.201438903808594,73767,0.0,0.0
2016-07-29 00:00:00+08:00,23.920067022138053,23.920067022138053,23.355431166078002,23.458091735839844,173170,0.0,0.0
2016-08-01 00:00:00+08:00,23.509422928177404,23.560754120514968,23.252768781402878,23.458091735839844,119557,0.0,0.0
2016-08-02 00:00:00+08:00,23.406760543502283,23.458091735839844,23.098777019303476,23.458091735839844,96982,0.0,0.0
2016-08-03 00:00:00+08:00,23.098777770996094,23.25276953810678,23.047446576988083,23.098777770996094,85383,0.0,0.0
2016-08-04 00:00:00+08:00,23.047445952169515,23.201437715105467,23.047445952169515,23.150108337402344,68731,0.0,0.0
2016-08-05 00:00:00+08:00,23.1501089650041,23.1501089650041,22.842125430782733,23.098777770996094,174932,0.0,0.0
2016-08-08 00:00:00+08:00,23.150109033503572,23.150109033503572,22.893456692530798,22.944786071777344,77488,0.0,0.0
2016-08-09 00:00:00+08:00,22.84212474907635,23.304100036621094,22.585470601609305,23.304100036621094,240728,0.0,0.0
2016-08-10 00:00:00+08:00,23.09877597549128,23.09877597549128,22.636800710069302,22.79079246520996,323791,0.0,0.0
2016-08-11 00:00:00+08:00,22.790793876685658,22.790793876685658,22.277487389455715,22.534141540527344,224426,0.0,0.0
2016-08-12 00:00:00+08:00,22.53414085452828,22.739463806152344,22.07216557455908,22.739463806152344,196564,0.0,0.0
2016-08-15 00:00:00+08:00,22.482810974121094,22.63680274309183,22.38015039977839,22.482810974121094,122118,0.0,0.0
2016-08-16 00:00:00+08:00,22.482810347330357,22.534141540527344,22.277487389455715,22.534141540527344,93573,0.0,0.0
2016-08-17 00:00:00+08:00,22.38015039977839,22.482810974121094,22.277488010522323,22.482810974121094,72257,0.0,0.0
2016-08-18 00:00:00+08:00,22.380149123578533,22.43147850036621,22.27748674017666,22.43147850036621,60463,0.0,0.0
2016-08-19 00:00:00+08:00,22.43147977949306,22.482810974121094,22.328819205150356,22.482810974121094,67925,0.0,0.0
2016-08-22 00:00:00+08:00,22.48281104435413,22.48281104435413,22.17482750545056,22.328819274902344,79125,0.0,0.0
2016-08-23 00:00:00+08:00,22.328818582652705,22.534141540527344,22.174826817975053,22.534141540527344,62799,0.0,0.0
2016-08-24 00:00:00+08:00,22.636801391147326,22.636801391147326,22.43147843981112,22.58547019958496,59634,0.0,0.0
2016-08-25 00:00:00+08:00,22.43147843981112,22.58547019958496,22.38014906316201,22.58547019958496,43955,0.0,0.0
2016-08-26 00:00:00+08:00,22.58547026055576,22.58547026055576,22.380149123578533,22.43147850036621,60785,0.0,0.0
2016-08-29 00:00:00+08:00,22.43147977949306,22.534142168749128,22.328819205150356,22.482810974121094,52155,0.0,0.0
2016-08-30 00:00:00+08:00,22.38015039977839,22.482810974121094,22.277488010522323,22.482810974121094,97089,0.0,0.0
2016-08-31 00:00:00+08:00,22.38014977584969,22.534141540527344,22.277487389455715,22.534141540527344,131470,0.0,0.0
2016-09-01 00:00:00+08:00,22.58547019958496,22.58547019958496,22.43147843981112,22.58547019958496,85256,0.0,0.0
2016-09-02 00:00:00+08:00,22.636802112008006,22.636802112008006,22.277487389455715,22.534141540527344,107715,0.0,0.0
2016-09-05 00:00:00+08:00,22.43147850036621,22.43147850036621,22.328817931877598,22.43147850036621,84671,0.0,0.0
2016-09-06 00:00:00+08:00,22.328817992988885,22.48280975359989,22.27748680114746,22.27748680114746,111691,0.0,0.0
2016-09-07 00:00:00+08:00,22.277487454614345,22.4314792197424,22.22615626126722,22.380149841308594,129395,0.0,0.0
2016-09-08 00:00:00+08:00,22.38014977584969,22.58547091881102,22.277487389455715,22.534141540527344,254219,0.0,0.0
2016-09-09 00:00:00+08:00,22.482810974121094,22.482810974121094,22.277488010522323,22.482810974121094,165990,0.0,0.0
2016-09-12 00:00:00+08:00,22.097832513832174,22.097832513832174,21.61275696852351,21.936140060424805,189751,0.209977,1.05
2016-09-13 00:00:00+08:00,21.936138044048015,22.205623626708984,21.936138044048015,22.205623626708984,202839,0.0,0.0
2016-09-14 00:00:00+08:00,22.205625366215507,22.744598388671875,22.097832213654964,22.744598388671875,106373,0.0,0.0
2016-09-19 00:00:00+08:00,22.744596496608743,22.744596496608743,22.367315956748286,22.475109100341797,113222,0.0,0.0
2016-09-20 00:00:00+08:00,22.6368039276774,22.96018702242128,22.47511147284873,22.529010772705078,235840,0.0,0.0
2016-09-21 00:00:00+08:00,22.529009267407726,22.529009267407726,22.205624379357662,22.313419342041016,143090,0.0,0.0
2016-09-22 00:00:00+08:00,22.421214018773192,22.421214018773192,21.99003598845218,22.259523391723633,146645,0.0,0.0
2016-09-23 00:00:00+08:00,22.25952379493054,22.367316943278365,22.043933868408203,22.043933868408203,174182,0.0,0.0
2016-09-26 00:00:00+08:00,22.043933868408203,22.15172883166937,21.6666551268208,22.043933868408203,161188,0.0,0.0
2016-09-27 00:00:00+08:00,22.043933868408203,22.043933868408203,22.043933868408203,22.043933868408203,0,0.0,0.0
2016-09-28 00:00:00+08:00,22.043933868408203,22.043933868408203,22.043933868408203,22.043933868408203,0,0.0,0.0
2016-09-29 00:00:00+08:00,22.043934616819328,22.151729583740234,21.82834649789093,22.151729583740234,66394,0.0,0.0
2016-09-30 00:00:00+08:00,22.043932340829933,22.097829818725586,21.828344244160547,22.097829818725586,38866,0.0,0.0
2016-10-03 00:00:00+08:00,21.882242575955683,21.936140060424805,21.77444942193088,21.936140060424805,101978,0.0,0.0
2016-10-04 00:00:00+08:00,21.82834538352873,21.990036010742188,21.82834538352873,21.990036010742188,69277,0.0,0.0
2016-10-05 00:00:00+08:00,21.990036386777618,22.09783135003879,21.882241423516447,22.043933868408203,90331,0.0,0.0
2016-10-06 00:00:00+08:00,22.097830210818078,22.097830210818078,21.882240295410156,21.882240295410156,279085,0.0,0.0
2016-10-07 00:00:00+08:00,21.882242575955683,21.990037544893926,21.882242575955683,21.936140060424805,334623,0.0,0.0
2016-10-11 00:00:00+08:00,21.990034862934284,22.097829818725586,21.990034862934284,22.097829818725586,161099,0.0,0.0
2016-10-12 00:00:00+08:00,22.151729085626442,22.47511034929064,22.097831603377955,22.36731719970703,143052,0.0,0.0
2016-10-13 00:00:00+08:00,22.31341791539497,22.31341791539497,22.097829818725586,22.097829818725586,92065,0.0,0.0
2016-10-14 00:00:00+08:00,21.990037544893926,22.04393502936305,21.666656267906074,21.936140060424805,191022,0.0,0.0
2016-10-17 00:00:00+08:00,21.936139025641964,21.936139025641964,21.77444839477539,21.77444839477539,50883,0.0,0.0
2016-10-18 00:00:00+08:00,21.77444839477539,21.77444839477539,21.720550912848747,21.77444839477539,81616,0.0,0.0
2016-10-19 00:00:00+08:00,21.936139649898426,22.313420219208183,21.882242166437972,22.151729583740234,128129,0.0,0.0
2016-10-20 00:00:00+08:00,22.205624263169494,22.582904815673828,21.882241191724827,22.582904815673828,167389,0.0,0.0
2016-10-21 00:00:00+08:00,22.58290328857619,22.63680076599121,22.3134177164143,22.63680076599121,125771,0.0,0.0
2016-10-24 00:00:00+08:00,22.36731719970703,22.36731719970703,22.151729085626442,22.36731719970703,106607,0.0,0.0
2016-10-25 00:00:00+08:00,22.367315671458474,22.421213150024414,22.313418192892534,22.421213150024414,81260,0.0,0.0
2016-10-26 00:00:00+08:00,22.421213150024414,22.47510881367711,22.313418192892534,22.421213150024414,43299,0.0,0.0
2016-10-27 00:00:00+08:00,22.421214304724373,22.475109971152712,22.09783123158764,22.313419342041016,154304,0.0,0.0
2016-10-28 00:00:00+08:00,22.205623626708984,22.205623626708984,22.151727962107408,22.205623626708984,73046,0.0,0.0
2016-10-31 00:00:00+08:00,22.097829920903887,22.097829920903887,21.774446866947905,21.828344345092773,102842,0.0,0.0
2016-11-01 00:00:00+08:00,21.828344738239775,21.828344738239775,21.504961678459388,21.612754821777344,274077,0.0,0.0
2016-11-02 00:00:00+08:00,21.45106468614929,21.558859646826782,21.28937406004636,21.397167205810547,294386,0.0,0.0
2016-11-03 00:00:00+08:00,21.558860146037865,21.558860146037865,21.12768210825697,21.18157958984375,188601,0.0,0.0
2016-11-04 00:00:00+08:00,20.858196258544922,20.965991220391903,20.480917521907134,20.858196258544922,242358,0.0,0.0
2016-11-07 00:00:00+08:00,20.91209527800517,20.91209527800517,20.642609668474545,20.80430030822754,134083,0.0,0.0
2016-11-08 00:00:00+08:00,20.91209373946841,20.91209373946841,20.58871066884079,20.858196258544922,82179,0.0,0.0
2016-11-09 00:00:00+08:00,21.127682089628127,21.127682089628127,19.834149792339325,20.319225311279297,235283,0.0,0.0
2016-11-10 00:00:00+08:00,20.480918136671672,21.235477447509766,20.480918136671672,21.235477447509766,115778,0.0,0.0
2016-11-11 00:00:00+08:00,21.88224040244212,21.88224040244212,21.504961678459388,21.612754821777344,246835,0.0,0.0
2016-11-14 00:00:00+08:00,21.612756447063912,21.612756447063912,21.12768272837226,21.558860778808594,198505,0.0,0.0
2016-11-15 00:00:00+08:00,21.666655745146027,21.666655745146027,21.235477694709694,21.558860778808594,38082,0.0,0.0
2016-11-16 00:00:00+08:00,21.66665616070792,21.66665616070792,21.23547810200168,21.343271255493164,84800,0.0,0.0
2016-11-17 00:00:00+08:00,21.45106622389808,21.45106622389808,21.18158061779922,21.343271255493164,36638,0.0,0.0
2016-11-18 00:00:00+08:00,21.45106581247116,21.666655745146027,21.235477694709694,21.558860778808594,112305,0.0,0.0
2016-11-21 00:00:00+08:00,21.72054994090189,22.205623626708984,21.34326939921122,22.205623626708984,355139,0.0,0.0
2016-11-22 00:00:00+08:00,22.31341946164778,22.31341946164778,21.882241423516447,22.043933868408203,148146,0.0,0.0
2016-11-23 00:00:00+08:00,22.151729583740234,22.205625252287277,21.99003713335888,22.151729583740234,154174,0.0,0.0
2016-11-24 00:00:00+08:00,22.31342008425703,23.499157453562027,21.99003700036354,23.2835693359375,465696,0.0,0.0
2016-11-25 00:00:00+08:00,23.283567823810095,23.391360968165145,22.636801698026677,23.067977905273438,228606,0.0,0.0
2016-11-28 00:00:00+08:00,23.06797695548495,23.06797695548495,22.259522053912487,22.63680076599121,249414,0.0,0.0
2016-11-29 00:00:00+08:00,22.636803168150518,23.2835693359375,22.529010016794953,23.2835693359375,533260,0.0,0.0
2016-11-30 00:00:00+08:00,23.49915580119843,23.768641383008326,23.175772740043904,23.606950759887695,337750,0.0,0.0
2016-12-01 00:00:00+08:00,23.71474880468718,23.71474880468718,23.22967324237362,23.49915885925293,357906,0.0,0.0
2016-12-02 00:00:00+08:00,23.60695038070058,23.60695038070058,22.960184268780218,23.55305290222168,133916,0.0,0.0
2016-12-05 00:00:00+08:00,23.337464342560047,23.337464342560047,22.63680076599121,22.63680076599121,124882,0.0,0.0
2016-12-06 00:00:00+08:00,22.798491870159506,22.798491870159506,22.205623235760655,22.421213150024414,343694,0.0,0.0
2016-12-07 00:00:00+08:00,22.36731719970703,22.47511034929064,22.097831603377955,22.36731719970703,84731,0.0,0.0
2016-12-08 00:00:00+08:00,22.20562409615603,22.259523391723633,22.097830949760763,22.259523391723633,101759,0.0,0.0
2016-12-09 00:00:00+08:00,22.42121468195552,22.42121468195552,22.205624752961565,22.36731719970703,37085,0.0,0.0
2016-12-12 00:00:00+08:00,22.421212871186274,22.421212871186274,22.097829818725586,22.097829818725586,47092,0.0,0.0
2016-12-13 00:00:00+08:00,22.313419342041016,22.313419342041016,22.043933750245966,22.313419342041016,35253,0.0,0.0
2016-12-14 00:00:00+08:00,22.205624379357662,22.475109971152712,22.09783123158764,22.313419342041016,216460,0.0,0.0
2016-12-15 00:00:00+08:00,22.31341858573868,22.31341858573868,21.882240564533163,22.205623626708984,99547,0.0,0.0
2016-12-16 00:00:00+08:00,22.205623235760655,22.421213150024414,22.04393261497608,22.421213150024414,179861,0.0,0.0
2016-12-19 00:00:00+08:00,22.043933868408203,22.529009388170117,21.990036386777618,22.043933868408203,35517,0.0,0.0
2016-12-20 00:00:00+08:00,22.09783048259256,22.205623626708984,21.990035523562863,22.205623626708984,59896,0.0,0.0
2016-12-21 00:00:00+08:00,22.097830972160036,22.097830972160036,21.990036010742188,21.990036010742188,30456,0.0,0.0
2016-12-22 00:00:00+08:00,21.990036010742188,22.205624118664566,21.990036010742188,21.990036010742188,8242,0.0,0.0
2016-12-23 00:00:00+08:00,21.82834587670203,21.936139025641964,21.77444839477539,21.77444839477539,35019,0.0,0.0
2016-12-26 00:00:00+08:00,21.66665524583546,21.77444839477539,21.397167836202247,21.77444839477539,49682,0.0,0.0
2016-12-27 00:00:00+08:00,21.45106622389808,21.558861192303002,21.289375586204137,21.343271255493164,173093,0.0,0.0
2016-12-28 00:00:00+08:00,21.397167836202247,21.77444839477539,21.397167836202247,21.77444839477539,73199,0.0,0.0
2016-12-29 00:00:00+08:00,21.774448896570064,21.774448896570064,21.45106581247116,21.558860778808594,24960,0.0,0.0
2016-12-30 00:00:00+08:00,21.558861802189934,21.720552444458008,21.50496431646275,21.720552444458008,48101,0.0,0.0
2017-01-03 00:00:00+08:00,21.774448896570064,21.774448896570064,21.45106581247116,21.558860778808594,20358,0.0,0.0
2017-01-04 00:00:00+08:00,21.558859317270617,22.798492271545776,21.558859317270617,22.205623626708984,868214,0.0,0.0
2017-01-05 00:00:00+08:00,22.421214304724373,22.58290493383607,22.09783123158764,22.313419342041016,449344,0.0,0.0
2017-01-06 00:00:00+08:00,22.47510881367711,22.58290377080899,22.205623235760655,22.421213150024414,124711,0.0,0.0
2017-01-09 00:00:00+08:00,22.475111275289148,22.475111275289148,21.936140060424805,21.936140060424805,66536,0.0,0.0
2017-01-10 00:00:00+08:00,21.93613777426214,22.097830210818078,21.882240295410156,21.882240295410156,321625,0.0,0.0
2017-01-11 00:00:00+08:00,21.774447152619448,21.99003525311412,21.72054967376747,21.882240295410156,215905,0.0,0.0
2017-01-12 00:00:00+08:00,22.043933491451114,22.043933491451114,21.720550422110886,21.990036010742188,39389,0.0,0.0
2017-01-13 00:00:00+08:00,21.720549780008557,21.720549780008557,21.612754821777344,21.612754821777344,26213,0.0,0.0
2017-01-16 00:00:00+08:00,21.88224040244212,21.88224040244212,21.558859157574997,21.612754821777344,29581,0.0,0.0
2017-01-17 00:00:00+08:00,21.666655745146027,21.666655745146027,21.343270846133727,21.558860778808594,120731,0.0,0.0
2017-01-18 00:00:00+08:00,21.23547695324266,21.451065063476562,21.127681990669043,21.451065063476562,132860,0.0,0.0
2017-01-19 00:00:00+08:00,21.451065438912455,21.504962921142578,21.343270474452215,21.504962921142578,49537,0.0,0.0
2017-01-20 00:00:00+08:00,21.235477447509766,21.343270597678995,21.235477447509766,21.235477447509766,55813,0.0,0.0
2017-01-23 00:00:00+08:00,21.23547695324266,21.451065063476562,21.07378632429557,21.451065063476562,111251,0.0,0.0
2017-01-24 00:00:00+08:00,21.45106581247116,21.558860778808594,21.181580211540975,21.558860778808594,83430,0.0,0.0
2017-02-02 00:00:00+08:00,21.558859646826782,21.558859646826782,21.28937406004636,21.397167205810547,51424,0.0,0.0
2017-02-03 00:00:00+08:00,21.397167031430765,21.397167031430765,21.019886487047565,21.07378578186035,279815,0.0,0.0
2017-02-06 00:00:00+08:00,21.07378722269226,21.12768289136336,20.965992255523236,21.019887924194336,157930,0.0,0.0
2017-02-07 00:00:00+08:00,21.01988688640207,21.01988688640207,20.858196258544922,20.858196258544922,60599,0.0,0.0
2017-02-08 00:00:00+08:00,20.91209449101647,21.181580090405493,20.80429952529551,20.965991973876953,222633,0.0,0.0
2017-02-09 00:00:00+08:00,20.965991973876953,20.965991973876953,20.85819700815599,20.965991973876953,45406,0.0,0.0
2017-02-10 00:00:00+08:00,20.965991973876953,21.01988764182405,20.85819700815599,20.965991973876953,61209,0.0,0.0
2017-02-13 00:00:00+08:00,21.12768260754501,21.12768260754501,20.64260889162745,20.965991973876953,304997,0.0,0.0
2017-02-14 00:00:00+08:00,21.019887924194336,21.07378722269226,20.69650665251408,21.019887924194336,207287,0.0,0.0
2017-02-15 00:00:00+08:00,21.019884873305756,21.235474776352447,20.912091736695558,21.1276798248291,286415,0.0,0.0
2017-02-16 00:00:00+08:00,21.18157958984375,21.23547707143053,21.01988714508341,21.18157958984375,139783,0.0,0.0
2017-02-17 00:00:00+08:00,21.18157909936887,21.45106468614929,21.019886658352636,21.397167205810547,301995,0.0,0.0
2017-02-20 00:00:00+08:00,21.88223990714298,22.31341791539497,21.88223990714298,22.097829818725586,514180,0.0,0.0
2017-02-21 00:00:00+08:00,22.47510968451417,22.47510968451417,22.097830949760763,22.259523391723633,218030,0.0,0.0
2017-02-22 00:00:00+08:00,22.205624752961565,22.529009646452497,22.097831603377955,22.36731719970703,325646,0.0,0.0
2017-02-23 00:00:00+08:00,22.367316538118903,22.421214018773192,22.097830949760763,22.259523391723633,230143,0.0,0.0
2017-02-24 00:00:00+08:00,22.259523675612677,22.367316823382694,22.043933750245966,22.313419342041016,135403,0.0,0.0
2017-03-01 00:00:00+08:00,22.421214304724373,22.636802415177748,22.043933750245966,22.313419342041016,155766,0.0,0.0
2017-03-02 00:00:00+08:00,22.47511034929064,22.47511034929064,22.097831603377955,22.36731719970703,89776,0.0,0.0
2017-03-03 00:00:00+08:00,22.367316538118903,22.367316538118903,22.04393346910647,22.259523391723633,64902,0.0,0.0
2017-03-06 00:00:00+08:00,22.367316065253533,22.367316065253533,21.990035523562863,22.205623626708984,115497,0.0,0.0
2017-03-07 00:00:00+08:00,22.151727854647994,22.582904058848577,21.990035416887828,22.475109100341797,250933,0.0,0.0
2017-03-08 00:00:00+08:00,22.475109100341797,22.475109100341797,22.259522813154774,22.475109100341797,109275,0.0,0.0
2017-03-09 00:00:00+08:00,22.42121468195552,22.58290531378762,22.097831603377955,22.36731719970703,258237,0.0,0.0
2017-03-10 00:00:00+08:00,22.259522813154774,22.529008394508452,21.882240458381048,22.475109100341797,265093,0.0,0.0
2017-03-13 00:00:00+08:00,22.529009646452497,22.529009646452497,22.151729085626442,22.36731719970703,78214,0.0,0.0
2017-03-14 00:00:00+08:00,22.36731719970703,22.36731719970703,22.151729085626442,22.36731719970703,60012,0.0,0.0
2017-03-15 00:00:00+08:00,22.367316823382694,22.367316823382694,22.15172871292932,22.313419342041016,46915,0.0,0.0
2017-03-16 00:00:00+08:00,22.313419717458544,22.42121468195552,22.205624752961565,22.36731719970703,84329,0.0,0.0
2017-03-17 00:00:00+08:00,22.475109971152712,22.475109971152712,22.205624379357662,22.313419342041016,63525,0.0,0.0
2017-03-20 00:00:00+08:00,22.367316823382694,22.367316823382694,22.205624379357662,22.313419342041016,111567,0.0,0.0
2017-03-21 00:00:00+08:00,22.367317206763698,24.253716381662382,22.313419724498203,23.229671478271484,748735,0.0,0.0
2017-03-22 00:00:00+08:00,23.714745877297624,24.68489325234105,23.283567854567995,24.199819564819336,1171646,0.0,0.0
2017-03-23 00:00:00+08:00,24.36151032032465,24.36151032032465,23.39136112513908,23.660846710205078,499137,0.0,0.0
2017-03-24 00:00:00+08:00,23.391360364816116,24.253714571979636,23.391360364816116,23.822538375854492,333954,0.0,0.0
2017-03-27 00:00:00+08:00,24.25371689488428,24.25371689488428,23.714747505564567,23.87643814086914,173168,0.0,0.0
2017-03-28 00:00:00+08:00,24.038129666420346,24.038129666420346,22.96018548450562,23.445261001586914,196958,0.0,0.0
2017-03-29 00:00:00+08:00,23.175771518503232,23.28356647151088,22.85239028930664,22.85239028930664,232023,0.0,0.0
2017-03-30 00:00:00+08:00,23.06797837464394,23.391361444115613,22.74459712008558,23.121877670288086,169556,0.0,0.0
2017-03-31 00:00:00+08:00,23.229670610727712,23.499156197077504,23.06797816996986,23.391361236572266,232210,0.0,0.0
2017-04-05 00:00:00+08:00,23.71474533765839,23.930333436660764,23.391360466784967,23.55305290222168,201788,0.0,0.0
2017-04-06 00:00:00+08:00,23.606950759887695,23.82253886235296,23.553053280543065,23.606950759887695,410695,0.0,0.0
2017-04-07 00:00:00+08:00,23.930332944429388,24.038127899169922,23.553052417750717,24.038127899169922,316037,0.0,0.0
2017-04-10 00:00:00+08:00,24.307614524230065,24.792688211751777,24.199819564819336,24.199819564819336,494316,0.0,0.0
2017-04-11 00:00:00+08:00,24.25371551513672,24.30761481038989,23.876436782584246,24.25371551513672,262694,0.0,0.0
2017-04-12 00:00:00+08:00,24.253714178824588,24.36150913356512,23.984228606886454,24.038127899169922,87573,0.0,0.0
2017-04-13 00:00:00+08:00,24.145921038997255,24.145921038997255,23.822537989688854,24.038127899169922,143493,0.0,0.0
2017-04-14 00:00:00+08:00,23.930332944429388,24.038127899169922,23.49915494038045,24.038127899169922,150541,0.0,0.0
2017-04-17 00:00:00+08:00,24.253715360332933,24.253715360332933,23.553053565126653,23.660846710205078,200841,0.0,0.0
2017-04-18 00:00:00+08:00,23.93033650925167,23.93033650925167,23.553055926370774,23.71474838256836,71156,0.0,0.0
2017-04-19 00:00:00+08:00,23.71474738609995,23.71474738609995,23.2835693359375,23.2835693359375,110675,0.0,0.0
2017-04-20 00:00:00+08:00,23.44526318780787,23.55305634561149,22.960187625494314,23.49915885925293,90045,0.0,0.0
2017-04-21 00:00:00+08:00,23.87643634169759,23.87643634169759,23.391360842509165,23.606950759887695,188943,0.0,0.0
2017-04-24 00:00:00+08:00,23.8225419624908,23.8225419624908,23.17577575601506,23.49915885925293,601156,0.0,0.0
2017-04-25 00:00:00+08:00,23.283568557588705,23.445261001586914,23.067978632257756,23.445261001586914,141971,0.0,0.0
2017-04-26 00:00:00+08:00,23.606953411769968,23.82254153845328,23.175775343489875,23.71474838256836,347147,0.0,0.0
2017-04-27 00:00:00+08:00,23.71474533765839,23.822538479702956,23.499155423742774,23.55305290222168,145368,0.0,0.0
2017-04-28 00:00:00+08:00,23.391360842509165,23.66084642431906,23.391360842509165,23.606950759887695,187775,0.0,0.0
2017-05-02 00:00:00+08:00,23.391361236572266,23.60695115758274,23.337465571232947,23.391361236572266,181801,0.0,0.0
2017-05-03 00:00:00+08:00,23.391361444115613,23.44526073975976,23.06797837464394,23.121877670288086,234788,0.0,0.0
2017-05-04 00:00:00+08:00,23.175773303193328,23.175773303193328,22.259523391723633,22.259523391723633,270900,0.0,0.0
2017-05-05 00:00:00+08:00,22.25952405012342,22.58290531378762,22.043934121129464,22.36731719970703,201050,0.0,0.0
2017-05-08 00:00:00+08:00,22.421212871186274,22.421212871186274,21.990034862934284,22.097829818725586,162197,0.0,0.0
2017-05-09 00:00:00+08:00,22.097831603377955,22.36731719970703,21.882241674383998,22.36731719970703,120863,0.0,0.0
2017-05-10 00:00:00+08:00,22.36731719970703,22.42121468195552,22.205624752961565,22.36731719970703,67579,0.0,0.0
2017-05-11 00:00:00+08:00,22.20562409615603,22.421214018773192,21.8822410271436,22.259523391723633,135296,0.0,0.0
2017-05-12 00:00:00+08:00,22.25952225241254,22.25952225241254,21.88223990714298,22.097829818725586,118382,0.0,0.0
2017-05-15 00:00:00+08:00,22.097832513832174,22.097832513832174,21.720551937461757,21.936140060424805,223240,0.0,0.0
2017-05-16 00:00:00+08:00,22.04393372780479,22.04393372780479,21.343270100902945,21.451065063476562,312660,0.0,0.0
2017-05-17 00:00:00+08:00,21.451065438912455,21.612756070689453,21.343270474452215,21.504962921142578,186939,0.0,0.0
2017-05-18 00:00:00+08:00,21.504962145930328,21.720550252165914,21.12768159883308,21.666654586791992,455836,0.0,0.0
2017-05-19 00:00:00+08:00,21.77444839477539,21.82834587670203,21.50496280005553,21.77444839477539,79329,0.0,0.0
2017-05-22 00:00:00+08:00,21.774448896570064,21.774448896570064,21.343270846133727,21.558860778808594,79604,0.0,0.0
2017-05-23 00:00:00+08:00,21.397168329302445,21.666655745146027,21.397168329302445,21.558860778808594,151359,0.0,0.0
2017-05-24 00:00:00+08:00,21.558860403372698,21.558860403372698,21.397167956682335,21.504962921142578,135054,0.0,0.0
2017-05-25 00:00:00+08:00,21.343269136716856,21.882240295410156,21.343269136716856,21.882240295410156,155332,0.0,0.0
2017-05-26 00:00:00+08:00,21.88224040244212,21.88224040244212,21.451064199343783,21.612754821777344,340255,0.0,0.0
2017-05-31 00:00:00+08:00,21.558861466844046,21.612757136819408,20.80430030822754,20.80430030822754,320805,0.0,0.0
2017-06-01 00:00:00+08:00,21.019888432869347,21.019888432869347,20.80430030822754,20.80430030822754,129189,0.0,0.0
2017-06-02 00:00:00+08:00,20.80429877762143,20.91209373946841,20.80429877762143,20.858196258544922,76187,0.0,0.0
2017-06-05 00:00:00+08:00,20.80429877762143,20.91209373946841,20.75040129669794,20.858196258544922,73368,0.0,0.0
2017-06-06 00:00:00+08:00,20.912092208862305,20.912092208862305,20.588709161903864,20.912092208862305,189743,0.0,0.0
2017-06-07 00:00:00+08:00,20.91209436717533,21.235477447509766,20.85819688463403,21.235477447509766,161991,0.0,0.0
2017-06-08 00:00:00+08:00,21.18157958984375,21.28937455301731,20.965991478409975,21.18157958984375,99042,0.0,0.0
2017-06-09 00:00:00+08:00,21.01988751734456,21.5588605278442,21.01988751734456,21.235477447509766,169054,0.0,0.0
2017-06-12 00:00:00+08:00,21.235477447509766,21.612756195472127,21.12768248242716,21.235477447509766,188232,0.0,0.0
2017-06-13 00:00:00+08:00,21.073787464307735,21.397168739695623,21.073787464307735,21.343271255493164,61873,0.0,0.0
2017-06-14 00:00:00+08:00,21.343271010788,21.343271010788,20.85819728835421,21.019887924194336,115747,0.0,0.0
2017-06-15 00:00:00+08:00,21.18157958984375,21.18157958984375,20.912093996823195,21.18157958984375,32091,0.0,0.0
2017-06-16 00:00:00+08:00,20.965992255523236,21.181580374947874,20.912094771938722,21.019887924194336,57721,0.0,0.0
2017-06-19 00:00:00+08:00,20.85819728835421,21.12768289136336,20.69650665251408,21.019887924194336,186970,0.0,0.0
2017-06-20 00:00:00+08:00,21.019888055250888,21.019888055250888,20.642609297633832,20.750402450561523,97866,0.0,0.0
2017-06-21 00:00:00+08:00,20.69650599013444,20.69650599013444,19.672459279542952,20.049739837646484,581272,0.0,0.0
2017-06-22 00:00:00+08:00,19.99584197998047,20.31922505014671,19.941944499133875,19.99584197998047,492661,0.0,0.0
2017-06-23 00:00:00+08:00,20.211433075836258,20.265328744896028,19.780255018964098,19.88804817199707,243934,0.0,0.0
2017-06-26 00:00:00+08:00,20.049739081970763,20.103636561798922,19.888046642486295,19.941944122314453,355758,0.0,0.0
2017-06-27 00:00:00+08:00,19.94194499566605,19.94194499566605,19.72635688182509,19.780254364013672,142038,0.0,0.0
2017-06-28 00:00:00+08:00,19.726357163329002,19.834150314331055,19.61856401232695,19.834150314331055,78768,0.0,0.0
2017-06-29 00:00:00+08:00,19.834148508691698,19.834148508691698,19.402972314109647,19.56466293334961,230342,0.0,0.0
2017-06-30 00:00:00+08:00,19.349076189633145,19.40297367145463,18.810105001244963,19.18738555908203,310432,0.0,0.0
2017-07-03 00:00:00+08:00,19.18738555908203,19.295178707811655,18.864002483066454,19.18738555908203,91215,0.0,0.0
2017-07-04 00:00:00+08:00,19.187385841697438,19.241281509399414,19.079590876466725,19.241281509399414,52003,0.0,0.0
2017-07-05 00:00:00+08:00,19.187383934398962,19.56466264537677,19.133486457141217,19.510766983032227,101701,0.0,0.0
2017-07-06 00:00:00+08:00,19.618563404118397,21.451065063476562,19.51076844154478,21.451065063476562,2868326,0.0,0.0
2017-07-07 00:00:00+08:00,21.39716587184337,21.39716587184337,20.8581947318837,20.912092208862305,446238,0.0,0.0
2017-07-10 00:00:00+08:00,21.12768247968549,21.12768247968549,20.319225686411006,20.373123168945312,146529,0.0,0.0
2017-07-11 00:00:00+08:00,20.534814201760543,21.019887924194336,20.157533631582368,21.019887924194336,179737,0.0,0.0
2017-07-12 00:00:00+08:00,20.912093183016786,20.912093183016786,20.319224538460727,20.48091697692871,238178,0.0,0.0
2017-07-13 00:00:00+08:00,20.588712692260742,20.912095794669845,20.319227076072075,20.588712692260742,148789,0.0,0.0
2017-07-14 00:00:00+08:00,20.588711813713275,20.80429993448208,20.588711813713275,20.750402450561523,109025,0.0,0.0
2017-07-17 00:00:00+08:00,20.750400256203168,20.912092690865837,20.696504592895508,20.696504592895508,124182,0.0,0.0
2017-07-18 00:00:00+08:00,20.75040129669794,21.34326995702969,20.69650563068777,20.858196258544922,191022,0.0,0.0
2017-07-19 00:00:00+08:00,20.804297352006788,20.858194829236954,20.42701682630883,20.642606735229492,183601,0.0,0.0
2017-07-20 00:00:00+08:00,20.696507153363363,21.23547837242461,20.534814698696916,20.80430030822754,117490,0.0,0.0
2017-07-21 00:00:00+08:00,20.53481215823284,20.858195212644947,20.31922406026251,20.696504592895508,183270,0.0,0.0
2017-07-24 00:00:00+08:00,20.696504708589796,20.696504708589796,20.15753173828125,20.15753173828125,164893,0.0,0.0
2017-07-25 00:00:00+08:00,20.31922464794208,20.48091708728127,20.157532208602884,20.2114315032959,51252,0.0,0.0
2017-07-26 00:00:00+08:00,20.53481215823284,21.181578267057056,20.53481215823284,20.696504592895508,491317,0.0,0.0
2017-07-27 00:00:00+08:00,21.073786182238884,21.073786182238884,20.480917521907134,20.858196258544922,253785,0.0,0.0
2017-07-28 00:00:00+08:00,21.019887924194336,21.019887924194336,20.804299804769695,21.019887924194336,109962,0.0,0.0
2017-07-31 00:00:00+08:00,21.019885347906325,21.127680301863535,20.804297254905094,20.912092208862305,71611,0.0,0.0
2017-08-01 00:00:00+08:00,21.019888432869347,21.019888432869347,20.696507153363363,20.80430030822754,69993,0.0,0.0
2017-08-02 00:00:00+08:00,20.642607114674618,21.019885832394387,20.48091649492518,20.696504592895508,107263,0.0,0.0
2017-08-03 00:00:00+08:00,20.588709646656863,20.642607124904462,20.427017211914062,20.427017211914062,87935,0.0,0.0
2017-08-04 00:00:00+08:00,20.42701768252611,20.750400744548802,20.373122017950056,20.48091697692871,44620,0.0,0.0
2017-08-07 00:00:00+08:00,20.912092690865837,20.912092690865837,20.48091649492518,20.696504592895508,146179,0.0,0.0
2017-08-08 00:00:00+08:00,20.750401033290036,20.750401033290036,20.534812927246094,20.534812927246094,31426,0.0,0.0
2017-08-09 00:00:00+08:00,20.53481520604031,20.588712692260742,20.427020233599443,20.588712692260742,53612,0.0,0.0
2017-08-10 00:00:00+08:00,20.480918134013926,20.480918134013926,20.2653282038767,20.373123168945312,87642,0.0,0.0
2017-08-11 00:00:00+08:00,19.99584171455529,20.04973919468645,19.241280622545677,19.67245864868164,337200,0.0,0.0
2017-08-14 00:00:00+08:00,19.402972416387133,19.67245799314974,19.295177459716797,19.295177459716797,130582,0.0,0.0
2017-08-15 00:00:00+08:00,19.40297367145463,19.456871153276122,19.133488077260544,19.18738555908203,127362,0.0,0.0
2017-08-16 00:00:00+08:00,19.618561462009552,20.049737639793744,19.241279130350364,19.726354598999023,194499,0.0,0.0
2017-08-17 00:00:00+08:00,19.941942687891117,20.049737639793744,19.51076651010693,19.726354598999023,166070,0.0,0.0
2017-08-18 00:00:00+08:00,19.94194499566605,19.94194499566605,19.56466443525935,19.780254364013672,123407,0.0,0.0
2017-08-21 00:00:00+08:00,19.995841602142608,19.995841602142608,19.83414916265814,19.941944122314453,89673,0.0,0.0
2017-08-22 00:00:00+08:00,19.995841602142608,19.995841602142608,19.83414916265814,19.941944122314453,112863,0.0,0.0
2017-08-23 00:00:00+08:00,20.588710120994094,20.750400744548802,20.211431394395344,20.48091697692871,243805,0.0,0.0
2017-08-24 00:00:00+08:00,20.64260760048342,20.858195703527457,20.42701768252611,20.48091697692871,81686,0.0,0.0
2017-08-25 00:00:00+08:00,20.804300822228978,20.804300822228978,20.480919534733374,20.588712692260742,119146,0.0,0.0
2017-08-28 00:00:00+08:00,20.69650460315206,20.75040026648643,19.83414858101693,20.427017211914062,308696,0.0,0.0
2017-08-29 00:00:00+08:00,20.049739081970763,20.265327186370104,19.780253497743267,19.941944122314453,145636,0.0,0.0
2017-08-30 00:00:00+08:00,19.995841584176976,20.2114315032959,19.941944104397244,20.2114315032959,66069,0.0,0.0
2017-08-31 00:00:00+08:00,20.15753323880808,20.480918134013926,20.15753323880808,20.373123168945312,106573,0.0,0.0
2017-09-01 00:00:00+08:00,20.642607711707182,20.642607711707182,20.157532208602884,20.2114315032959,90150,0.0,0.0
2017-09-04 00:00:00+08:00,20.103635898947008,20.642607049631184,19.941943464793823,19.56466293334961,262374,0.0,0.0
2017-09-05 00:00:00+08:00,20.660076141357422,20.997842805421694,20.434897757737527,20.660076141357422,353011,0.08819,1.04
2017-09-06 00:00:00+08:00,20.491192809325288,20.772664421801796,20.322309477293153,20.660076141357422,194888,0.0,0.0
2017-09-07 00:00:00+08:00,20.716372808837686,20.716372808837686,20.097132661264567,20.266016006469727,524292,0.0,0.0
2017-09-08 00:00:00+08:00,20.266016735478516,20.547490202766472,19.928250032918054,20.04084014892578,584607,0.0,0.0
2017-09-11 00:00:00+08:00,20.266016930904694,20.491195342360196,20.097133577995915,20.434900283813477,331044,0.0,0.0
2017-09-12 00:00:00+08:00,20.37860615951919,20.828961140063964,20.37860615951919,20.603784561157227,344480,0.0,0.0
2017-09-13 00:00:00+08:00,20.772664421801796,20.828959473389556,20.491192809325288,20.660076141357422,215623,0.0,0.0
2017-09-14 00:00:00+08:00,20.71637280732852,21.054139497714235,20.603784518110377,20.941551208496094,494789,0.0,0.0
2017-09-15 00:00:00+08:00,21.054140342987747,21.44820210516882,20.99784528475292,21.11043357849121,494111,0.0,0.0
2017-09-18 00:00:00+08:00,21.16672863672604,21.16672863672604,20.885256991014625,21.11043357849121,264202,0.0,0.0
2017-09-19 00:00:00+08:00,20.99784528475292,21.16672863672604,20.941552049249456,21.11043357849121,255201,0.0,0.0
2017-09-20 00:00:00+08:00,21.110433325771943,21.223023440893755,20.99784503338148,21.054140090942383,75730,0.0,0.0
2017-09-21 00:00:00+08:00,21.054140400362165,21.054140400362165,20.60378540145037,20.772666931152344,144525,0.0,0.0
2017-09-22 00:00:00+08:00,20.77266667857591,20.828961736279652,20.378606742843758,20.716373443603516,170413,0.0,0.0
2017-09-25 00:00:00+08:00,20.547489505064892,20.603784561157227,20.153427757881158,20.603784561157227,283316,0.0,0.0
2017-09-26 00:00:00+08:00,20.603783879823798,20.603783879823798,20.153427091440292,20.491193771362305,229061,0.0,0.0
2017-09-27 00:00:00+08:00,20.434900283813477,20.434900283813477,19.984545283633853,20.434900283813477,429141,0.0,0.0
2017-09-28 00:00:00+08:00,20.322311062448545,20.322311062448545,19.984544372038222,20.266016006469727,465571,0.0,0.0
2017-09-29 00:00:00+08:00,20.322311685140015,20.716373443603516,20.20972156973253,20.716373443603516,196292,0.0,0.0
2017-10-02 00:00:00+08:00,20.716373443603516,20.828961736279652,20.716373443603516,20.716373443603516,126468,0.0,0.0
2017-10-03 00:00:00+08:00,20.603783879823798,20.66007711132331,20.434898717131556,20.491193771362305,72180,0.0,0.0
2017-10-05 00:00:00+08:00,20.603784561157227,20.603784561157227,20.49119444897256,20.603784561157227,51133,0.0,0.0
2017-10-06 00:00:00+08:00,20.603784174084222,20.603784174084222,20.15342737926878,20.209720611572266,244381,0.0,0.0
2017-10-11 00:00:00+08:00,20.209720994170716,20.209720994170716,19.703072780191494,19.92824935913086,383642,0.0,0.0
2017-10-12 00:00:00+08:00,19.9282477949977,20.209719407945343,19.9282477949977,19.984542846679688,106266,0.0,0.0
2017-10-13 00:00:00+08:00,19.984544459913895,20.040839516140252,19.590482711791992,19.590482711791992,302469,0.0,0.0
2017-10-16 00:00:00+08:00,19.815661824046195,19.815661824046195,19.027538299560547,19.027538299560547,476632,0.0,0.0
2017-10-17 00:00:00+08:00,18.97124203912976,19.083832148482344,18.1268253326416,18.1268253326416,757141,0.0,0.0
2017-10-18 00:00:00+08:00,18.126826567216142,18.464593272815883,17.845354920126816,18.014236450195312,542627,0.0,0.0
2017-10-19 00:00:00+08:00,18.126825631117757,18.52088737487793,18.126825631117757,18.52088737487793,291483,0.0,0.0
2017-10-20 00:00:00+08:00,18.52088737487793,18.52088737487793,18.239413919592973,18.52088737487793,131889,0.0,0.0
2017-10-23 00:00:00+08:00,18.520886069436138,18.633474349975586,18.239412633990792,18.633474349975586,270638,0.0,0.0
2017-10-24 00:00:00+08:00,18.633475286655052,18.802358627319336,18.46459194599077,18.802358627319336,185504,0.0,0.0
2017-10-25 00:00:00+08:00,18.91494857993069,18.91494857993069,18.577181868844782,18.74606704711914,150474,0.0,0.0
2017-10-26 00:00:00+08:00,18.85865534323731,18.91494857993069,18.5208886321514,18.74606704711914,218292,0.0,0.0
2017-10-27 00:00:00+08:00,18.746065395585404,19.252715417578255,18.746065395585404,18.802358627319336,293247,0.0,0.0
2017-10-30 00:00:00+08:00,18.91494687992862,19.309008615022577,18.802358593929455,19.140125274658203,347803,0.0,0.0
2017-10-31 00:00:00+08:00,19.25271538338861,19.25271538338861,18.91494687992862,19.140125274658203,149816,0.0,0.0
2017-11-01 00:00:00+08:00,19.252716709803785,19.309009945316067,19.027538299560547,19.027538299560547,90464,0.0,0.0
2017-11-02 00:00:00+08:00,18.914948183073246,19.14012659331648,18.914948183073246,19.027538299560547,88184,0.0,0.0
2017-11-03 00:00:00+08:00,19.027538299560547,19.027538299560547,18.85865494756096,19.027538299560547,119908,0.0,0.0
2017-11-06 00:00:00+08:00,19.027536988659033,19.25271538338861,18.97124193429383,19.140125274658203,237619,0.0,0.0
2017-11-07 00:00:00+08:00,19.252715434023898,19.477893829345703,19.252715434023898,19.477893829345703,196555,0.0,0.0
2017-11-08 00:00:00+08:00,19.477893829345703,19.477893829345703,19.252715434023898,19.477893829345703,95952,0.0,0.0
2017-11-09 00:00:00+08:00,19.477895063057293,19.53418829840487,19.196421595393957,19.365304946899414,87224,0.0,0.0
2017-11-10 00:00:00+08:00,19.421597747725542,19.477892799261653,19.196419364312245,19.30900764465332,74058,0.0,0.0
2017-11-13 00:00:00+08:00,19.421598793993898,19.421598793993898,18.46459197998047,18.46459197998047,319222,0.0,0.0
2017-11-14 00:00:00+08:00,18.464592528041617,18.914947509765625,18.464592528041617,18.914947509765625,149578,0.0,0.0
2017-11-15 00:00:00+08:00,18.802360283812522,18.85865534323731,18.577181868844782,18.74606704711914,121096,0.0,0.0
2017-11-16 00:00:00+08:00,18.858654315419244,19.534187700773725,18.8023592590626,19.252716064453125,380546,0.0,0.0
2017-11-17 00:00:00+08:00,19.42159875824254,19.42159875824254,18.802358627319336,18.802358627319336,240937,0.0,0.0
2017-11-20 00:00:00+08:00,19.252716987362565,19.703073814341657,19.19642192830733,19.421600341796875,299869,0.0,0.0
2017-11-21 00:00:00+08:00,19.64677841456275,19.64677841456275,19.196421595393957,19.365304946899414,146719,0.0,0.0
2017-11-22 00:00:00+08:00,19.140126930963348,19.47789546365239,19.083833694458008,19.083833694458008,182698,0.0,0.0
2017-11-23 00:00:00+08:00,19.365304946899414,19.477895063057293,19.14012653731502,19.365304946899414,150915,0.0,0.0
2017-11-24 00:00:00+08:00,19.421598723752986,19.421598723752986,18.97124193429383,19.140125274658203,92872,0.0,0.0
2017-11-27 00:00:00+08:00,18.97124193429383,19.140125274658203,18.91494687992862,19.140125274658203,56559,0.0,0.0
2017-11-28 00:00:00+08:00,19.027537326195407,19.196420669555664,18.91494721546772,19.196420669555664,97879,0.0,0.0
2017-11-29 00:00:00+08:00,19.140125951739844,19.30900929807846,19.027537661757865,19.252716064453125,130937,0.0,0.0
2017-11-30 00:00:00+08:00,19.309008957552077,19.309008957552077,19.08383238155925,19.196420669555664,87055,0.0,0.0
2017-12-01 00:00:00+08:00,19.36530534517891,19.36530534517891,19.083833694458008,19.083833694458008,89447,0.0,0.0
2017-12-04 00:00:00+08:00,19.083832043024238,19.140125274658203,18.97124193429383,19.140125274658203,75174,0.0,0.0
2017-12-05 00:00:00+08:00,18.97124193429383,19.36530366938778,18.91494687992862,19.140125274658203,132434,0.0,0.0
2017-12-06 00:00:00+08:00,19.140125274658203,19.25271538338861,18.91494687992862,19.140125274658203,174440,0.0,0.0
2017-12-07 00:00:00+08:00,19.196421008096483,19.252716064453125,19.027537661757865,19.252716064453125,70399,0.0,0.0
2017-12-08 00:00:00+08:00,19.196421595393957,19.365304946899414,19.08383330196744,19.365304946899414,98599,0.0,0.0
2017-12-11 00:00:00+08:00,19.421597747725542,19.421597747725542,19.140124312776134,19.30900764465332,61499,0.0,0.0
2017-12-12 00:00:00+08:00,19.30900929807846,19.30900929807846,18.971242605401223,19.252716064453125,50247,0.0,0.0
2017-12-13 00:00:00+08:00,19.252715724919508,19.252715724919508,18.971242270831564,19.196420669555664,63937,0.0,0.0
2017-12-14 00:00:00+08:00,19.083831083971173,19.534186028066618,19.02753603243506,19.30900764465332,140744,0.0,0.0
2017-12-15 00:00:00+08:00,19.309010223686407,19.421600341796875,19.19642192830733,19.421600341796875,173639,0.0,0.0
2017-12-18 00:00:00+08:00,19.53418696309578,20.828960451284313,19.53418696309578,20.491193771362305,658796,0.0,0.0
2017-12-19 00:00:00+08:00,20.828960387157913,21.729672138420657,20.66007704771685,21.16672706604004,1650667,0.0,0.0
2017-12-20 00:00:00+08:00,20.941550495272775,21.50449374492216,20.885255441215346,21.16672706604004,443989,0.0,0.0
2017-12-21 00:00:00+08:00,21.560789794416056,21.729673141654263,20.997844696044922,20.997844696044922,384970,0.0,0.0
2017-12-22 00:00:00+08:00,21.39190549193431,21.39190549193431,20.660077079004353,20.828960418701172,216243,0.0,0.0
2017-12-25 00:00:00+08:00,21.16672613745383,21.16672613745383,20.60378291250081,20.660076141357422,156024,0.0,0.0
2017-12-26 00:00:00+08:00,20.885257167496455,20.885257167496455,20.09713363647461,20.09713363647461,162756,0.0,0.0
2017-12-27 00:00:00+08:00,20.266016680562018,20.491195089235926,20.209721622710703,20.37860679626465,151910,0.0,0.0
2017-12-28 00:00:00+08:00,20.3786057766765,20.434899008979986,19.98454403689581,20.209720611572266,169035,0.0,0.0
2017-12-29 00:00:00+08:00,20.26601444238446,20.547487877823773,20.26601444238446,20.322309494018555,252767,0.0,0.0
2018-01-02 00:00:00+08:00,20.603782929457868,20.603782929457868,20.153426161847428,20.322309494018555,151085,0.0,0.0
2018-01-03 00:00:00+08:00,20.491193804491534,20.547488858813296,20.153427124023438,20.153427124023438,270687,0.0,0.0
2018-01-04 00:00:00+08:00,20.209721677474654,20.434900086758745,19.98454509092192,20.04084014892578,178719,0.0,0.0
2018-01-05 00:00:00+08:00,20.37860551857925,20.37860551857925,20.04083883811115,20.153427124023438,104994,0.0,0.0
2018-01-08 00:00:00+08:00,20.491193804491534,20.491193804491534,20.153427124023438,20.153427124023438,162976,0.0,0.0
2018-01-09 00:00:00+08:00,20.153428755832508,20.378607168620857,19.534188576347393,19.759366989135742,174003,0.0,0.0
2018-01-10 00:00:00+08:00,19.64677619934082,19.81565953180427,19.590481147609285,19.64677619934082,116849,0.0,0.0
2018-01-11 00:00:00+08:00,19.98454381720097,20.15342715771737,19.81566047668457,19.81566047668457,63238,0.0,0.0
2018-01-12 00:00:00+08:00,19.928248729467626,20.266015409935722,19.928248729467626,20.153427124023438,129058,0.0,0.0
2018-01-15 00:00:00+08:00,20.49119406401473,20.49119406401473,20.15342737926878,20.209720611572266,149012,0.0,0.0
2018-01-16 00:00:00+08:00,20.26601566660701,20.3786057766765,20.209720611572266,20.209720611572266,127805,0.0,0.0
2018-01-17 00:00:00+08:00,20.209721677474654,20.209721677474654,19.815661739641687,20.04084014892578,115154,0.0,0.0
2018-01-18 00:00:00+08:00,20.040840400495465,20.828962108785927,19.871955224363884,20.09713363647461,264379,0.0,0.0
2018-01-19 00:00:00+08:00,20.097132069701676,20.37860551857925,19.984543783789388,20.153427124023438,70740,0.0,0.0
2018-01-22 00:00:00+08:00,20.266016989874807,20.37860710729586,19.984545341784937,20.09713363647461,63797,0.0,0.0
2018-01-23 00:00:00+08:00,20.097133384198287,20.097133384198287,19.759366681637825,20.04084014892578,98036,0.0,0.0
2018-01-24 00:00:00+08:00,19.871953708369208,19.98454381720097,19.703072190584052,19.81566047668457,194376,0.0,0.0
2018-01-25 00:00:00+08:00,19.81565953180427,19.87195276080465,19.477892866877372,19.64677619934082,140034,0.0,0.0
2018-01-26 00:00:00+08:00,19.81566047668457,19.81566047668457,19.59048208175229,19.81566047668457,158292,0.0,0.0
2018-01-29 00:00:00+08:00,19.871953708369208,19.871953708369208,19.646777136168172,19.81566047668457,63040,0.0,0.0
2018-01-30 00:00:00+08:00,19.703072780191494,19.92824935913086,19.646777724091002,19.92824935913086,109891,0.0,0.0
2018-01-31 00:00:00+08:00,19.759365676683235,19.928249019374114,19.703072444273783,19.8719539642334,53368,0.0,0.0
2018-02-01 00:00:00+08:00,19.871955284164223,19.92825034304416,19.703073752987194,19.759366989135742,58658,0.0,0.0
2018-02-02 00:00:00+08:00,19.703072824244707,19.87195434746118,19.534187655565635,19.590482711791992,95883,0.0,0.0
2018-02-05 00:00:00+08:00,19.365304975348433,19.92825008877075,19.365304975348433,19.703073501586914,119086,0.0,0.0
2018-02-06 00:00:00+08:00,19.477895063057293,19.64677841456275,18.239414721708798,19.365304946899414,254414,0.0,0.0
2018-02-07 00:00:00+08:00,19.59048107960273,19.59048107960273,19.02753603243506,19.30900764465332,76359,0.0,0.0
2018-02-08 00:00:00+08:00,19.309009257981195,19.309009257981195,18.689770930269272,18.914947509765625,74581,0.0,0.0
2018-02-09 00:00:00+08:00,18.914947509765625,18.914947509765625,18.914947509765625,18.914947509765625,0,0.0,0.0
2018-02-12 00:00:00+08:00,19.027537038702093,19.477893829345703,18.689770357085006,19.477893829345703,179767,0.0,0.0
2018-02-21 00:00:00+08:00,19.81566179517883,19.81566179517883,19.252716681756517,19.703073501586914,82897,0.0,0.0
2018-02-22 00:00:00+08:00,19.590483534770968,19.64677859336223,18.014236476066607,18.352005004882812,1290518,0.0,0.0
2018-02-23 00:00:00+08:00,18.408299086402714,18.633475663353146,18.408299086402714,18.52088737487793,156781,0.0,0.0
2018-02-26 00:00:00+08:00,18.577181593785113,18.633476652376373,18.352005004882812,18.352005004882812,122439,0.0,0.0
2018-02-27 00:00:00+08:00,18.52088737487793,18.5771806077499,18.464592319274683,18.52088737487793,59410,0.0,0.0
2018-03-01 00:00:00+08:00,18.52088762878306,18.63347591880176,18.464592572408055,18.577180862426758,102365,0.0,0.0
2018-03-02 00:00:00+08:00,18.4645910012445,19.083831100484097,18.4645910012445,18.971240997314453,121445,0.0,0.0
2018-03-05 00:00:00+08:00,18.971243241316895,19.309009945316067,18.746066653805023,19.027538299560547,60205,0.0,0.0
2018-03-06 00:00:00+08:00,19.140126930963348,19.140126930963348,18.802360221005706,19.083833694458008,69259,0.0,0.0
2018-03-07 00:00:00+08:00,19.14012591199328,19.14012591199328,18.689770930269272,18.914947509765625,112950,0.0,0.0
2018-03-08 00:00:00+08:00,19.027536988659033,19.196420329023407,18.802358593929455,19.140125274658203,122251,0.0,0.0
2018-03-09 00:00:00+08:00,19.25271538338861,19.309008615022577,18.91494687992862,19.140125274658203,124172,0.0,0.0
2018-03-12 00:00:00+08:00,19.027537022448794,19.196420363113077,18.802358627319336,18.802358627319336,123886,0.0,0.0
2018-03-13 00:00:00+08:00,18.858654276257187,19.027537622245102,18.633475874029532,18.914947509765625,82763,0.0,0.0
2018-03-14 00:00:00+08:00,18.802358627319336,18.914946913518442,18.746065395585404,18.802358627319336,45715,0.0,0.0
2018-03-15 00:00:00+08:00,18.689770341120227,18.914946913518442,18.577180232189875,18.802358627319336,116884,0.0,0.0
2018-03-16 00:00:00+08:00,18.802360283812522,18.802360283812522,18.577181868844782,18.74606704711914,39320,0.0,0.0
2018-03-19 00:00:00+08:00,18.802359265195467,18.802359265195467,18.52088762878306,18.577180862426758,175541,0.0,0.0
2018-03-20 00:00:00+08:00,18.464592528041617,18.971242566005365,18.40829929453318,18.914947509765625,159819,0.0,0.0
2018-03-21 00:00:00+08:00,18.746066025437266,19.30900929807846,18.57718085636734,19.252716064453125,493571,0.0,0.0
2018-03-22 00:00:00+08:00,19.196419398135127,19.252714449770426,18.633474349975586,18.633474349975586,272676,0.0,0.0
2018-03-23 00:00:00+08:00,18.35200399107801,18.914947254966922,18.29570893559661,18.858654022216797,465895,0.0,0.0
2018-03-26 00:00:00+08:00,18.858654271774547,20.434899441530856,18.689770925826775,19.590482711791992,1840056,0.0,0.0
2018-03-27 00:00:00+08:00,19.646778472046606,19.815661824046195,19.027538299560547,19.027538299560547,547722,0.0,0.0
2018-03-28 00:00:00+08:00,19.083832421411127,19.252715765124055,18.802358966735394,18.858654022216797,222805,0.0,0.0
2018-03-29 00:00:00+08:00,19.027536988659033,19.646777118482568,19.027536988659033,19.140125274658203,879352,0.0,0.0
2018-03-30 00:00:00+08:00,19.252717113748,19.421600469290958,18.63347692826957,18.74606704711914,522707,0.0,0.0
2018-04-02 00:00:00+08:00,18.914947509765625,19.027537622245102,18.633475874029532,18.914947509765625,452258,0.0,0.0
2018-04-03 00:00:00+08:00,18.914946913518442,18.914946913518442,18.633475286655052,18.802358627319336,275207,0.0,0.0
2018-04-09 00:00:00+08:00,18.802359220017447,19.14012591199328,18.352004238293443,18.914947509765625,640394,0.0,0.0
2018-04-10 00:00:00+08:00,18.802358593929455,20.37860553430527,18.802358593929455,19.140125274658203,1703563,0.0,0.0
2018-04-11 00:00:00+08:00,19.14012432933777,19.59048109655405,18.91494594572963,18.971240997314453,444916,0.0,0.0
2018-04-12 00:00:00+08:00,18.914948299869938,18.914948299869938,18.1831216518404,18.352005004882812,559244,0.0,0.0
2018-04-13 00:00:00+08:00,18.40829878329182,18.464592015236864,18.070530277965307,18.1268253326416,433380,0.0,0.0
2018-04-16 00:00:00+08:00,18.126826689034335,18.239414984080422,17.338703155517578,17.338703155517578,662926,0.0,0.0
2018-04-17 00:00:00+08:00,17.45129346741099,17.45129346741099,15.875046382844408,16.325403213500977,1023978,0.0,0.0
2018-04-18 00:00:00+08:00,16.38169709340719,16.38169709340719,14.692861834151351,14.918039321899414,1836580,0.0,0.0
2018-04-19 00:00:00+08:00,15.143217721013114,15.143217721013114,14.805451033708202,14.918039321899414,668078,0.0,0.0
2018-04-20 00:00:00+08:00,15.086922347253637,15.086922347253637,14.58027232698538,15.030628204345703,617820,0.0,0.0
2018-04-23 00:00:00+08:00,15.030628811326821,16.100223949330292,14.749156262689224,15.649868965148926,878416,0.0,0.0
2018-04-24 00:00:00+08:00,15.76245808654597,16.325403213500977,15.312103078620808,16.325403213500977,591618,0.0,0.0
2018-04-25 00:00:00+08:00,16.10022418309294,16.325402589818694,15.818750719002914,15.875045776367188,336007,0.0,0.0
2018-04-26 00:00:00+08:00,15.424690836658765,15.593574186578769,14.861745729348309,15.53727912902832,760153,0.0,0.0
2018-04-27 00:00:00+08:00,15.199511844976572,15.480983476447422,15.086922645568848,15.086922645568848,249104,0.0,0.0
2018-04-30 00:00:00+08:00,15.424690570286144,15.424690570286144,14.861745472697319,14.974333763122559,217255,0.0,0.0
2018-05-02 00:00:00+08:00,14.861744905942334,14.861744905942334,14.07362143482693,14.186210632324219,694474,0.0,0.0
2018-05-03 00:00:00+08:00,14.017328628273201,14.017328628273201,12.77884832960545,12.891437530517578,1355381,0.0,0.0
2018-05-04 00:00:00+08:00,13.116617186884666,13.116617186884666,12.441081963737506,12.947732925415039,594038,0.0,0.0
2018-05-07 00:00:00+08:00,13.060321456770456,13.623265624341272,13.060321456770456,13.510677337646484,606335,0.0,0.0
2018-05-08 00:00:00+08:00,13.341794699381353,13.56697310736959,13.060322145078894,13.116617202758789,335727,0.0,0.0
2018-05-09 00:00:00+08:00,13.51067799618896,13.566973053645935,13.2292054430011,13.454383850097656,497256,0.0,0.0
2018-05-10 00:00:00+08:00,13.566972711951976,13.566972711951976,12.891437507676146,13.398088455200195,568578,0.0,0.0
2018-05-11 00:00:00+08:00,13.398088776163721,13.510677979573538,13.116617134687685,13.285499572753906,177892,0.0,0.0
2018-05-14 00:00:00+08:00,13.060322077299944,13.285499572753906,12.83514367048031,13.285499572753906,539301,0.0,0.0
2018-05-15 00:00:00+08:00,13.285499274652306,13.848444367704289,13.004027639491962,13.566972732543945,1464681,0.0,0.0
2018-05-16 00:00:00+08:00,13.623265606675895,13.792149859230337,13.285498924298265,13.679560661315918,501432,0.0,0.0
2018-05-17 00:00:00+08:00,13.735855491919846,13.848444695468125,13.454383850097656,13.454383850097656,177601,0.0,0.0
2018-05-18 00:00:00+08:00,13.566973053645935,13.566973053645935,13.398088792640682,13.454383850097656,111808,0.0,0.0
2018-05-21 00:00:00+08:00,13.566972985649276,13.848444626060752,13.060322027904157,13.623266220092773,551461,0.0,0.0
2018-05-22 00:00:00+08:00,13.735854804590314,13.735854804590314,13.398088122212684,13.679560661315918,176068,0.0,0.0
2018-05-23 00:00:00+08:00,13.510677676419359,13.566972732543945,13.341794330776892,13.566972732543945,126744,0.0,0.0
2018-05-24 00:00:00+08:00,13.51067799618896,13.51067799618896,13.285499589092403,13.454383850097656,102972,0.0,0.0
2018-05-25 00:00:00+08:00,13.454383903375472,13.454383903375472,12.891437883404878,13.116617202758789,378193,0.0,0.0
2018-05-28 00:00:00+08:00,13.060321510215944,13.285498995892619,12.835143113173642,13.004027366638184,241701,0.0,0.0
2018-05-29 00:00:00+08:00,13.116616843707481,13.116616843707481,12.77884832960545,12.891437530517578,145018,0.0,0.0
2018-05-30 00:00:00+08:00,12.722554184832212,12.891437530517578,12.666260040058972,12.891437530517578,231296,0.0,0.0
2018-05-31 00:00:00+08:00,12.891437550547906,13.285499298669809,12.666260059739427,13.060321807861328,776970,0.0,0.0
2018-06-01 00:00:00+08:00,13.172909772863859,13.172909772863859,12.778848034455777,12.835143089294434,131687,0.0,0.0
2018-06-04 00:00:00+08:00,12.835143089294434,13.004027342444774,12.609965604036693,12.835143089294434,244055,0.0,0.0
2018-06-05 00:00:00+08:00,12.891437552825757,12.947732609062061,12.609965917106836,12.722554206848145,299336,0.0,0.0
2018-06-06 00:00:00+08:00,12.778848022926526,13.792149895451843,12.666259736082049,13.34179401397705,1244416,0.0,0.0
2018-06-07 00:00:00+08:00,13.566972885139611,14.636567115783691,13.454383682989727,14.636567115783691,1476978,0.0,0.0
2018-06-08 00:00:00+08:00,14.861745729348309,16.04392917878833,14.0736222145674,15.53727912902832,2297936,0.0,0.0
2018-06-11 00:00:00+08:00,15.19951182843608,16.15651865531183,15.19951182843608,15.593573570251465,1143041,0.0,0.0
2018-06-12 00:00:00+08:00,15.593573672741643,15.93134036145161,14.411389350891113,14.411389350891113,968040,0.0,0.0
2018-06-13 00:00:00+08:00,14.467684073506192,15.255806632806882,14.467684073506192,14.692861557006836,354478,0.0,0.0
2018-06-14 00:00:00+08:00,14.805451442417649,14.805451442417649,14.298800486108373,14.467684745788574,158086,0.0,0.0
2018-06-15 00:00:00+08:00,14.523977313450466,14.523977313450466,14.017328203126716,14.186210632324219,137396,0.0,0.0
2018-06-19 00:00:00+08:00,14.355095248817683,14.355095248817683,13.735855102539062,13.735855102539062,350774,0.0,0.0
2018-06-20 00:00:00+08:00,13.904739675328806,14.186211315580225,13.623266212346056,13.961033821105957,200925,0.0,0.0
2018-06-21 00:00:00+08:00,14.073622063393165,14.52397796213082,13.961033772232996,14.298800468444824,465047,0.0,0.0
2018-06-22 00:00:00+08:00,14.411389801686532,15.706162452697754,14.298800598139483,15.706162452697754,1113928,0.0,0.0
2018-06-25 00:00:00+08:00,16.2128142310679,17.169819265932198,16.100224116802924,16.888347625732422,2798759,0.0,0.0
2018-06-26 00:00:00+08:00,16.88834728683779,16.88834728683779,15.987635504449024,16.83205223083496,1157139,0.0,0.0
2018-06-27 00:00:00+08:00,16.832052619443555,17.226114375098625,16.437990863788485,16.550580978393555,965511,0.0,0.0
2018-06-28 00:00:00+08:00,16.437991446380316,16.944643334597103,16.437991446380316,16.663169860839844,314317,0.0,0.0
2018-06-29 00:00:00+08:00,17.057231025922356,17.113524260493556,16.49428592109102,16.550580978393555,410892,0.0,0.0
2018-07-02 00:00:00+08:00,16.550581953831504,16.550581953831504,15.987636815821997,16.043930053710938,314686,0.0,0.0
2018-07-03 00:00:00+08:00,15.987635332356835,16.32540201927546,15.424690246582031,15.424690246582031,403409,0.0,0.0
2018-07-04 00:00:00+08:00,15.762457284043666,15.762457284043666,14.749156289387237,15.143218040466309,508745,0.0,0.0
2018-07-05 00:00:00+08:00,14.974333166616528,15.086922363922408,14.63656648606451,14.86174488067627,289440,0.0,0.0
2018-07-06 00:00:00+08:00,14.749155958711317,15.537278531834103,14.749155958711317,15.086922645568848,272517,0.0,0.0
2018-07-09 00:00:00+08:00,15.1432179530168,16.10022388549787,15.1432179530168,15.48098373413086,457325,0.0,0.0
2018-07-10 00:00:00+08:00,15.70616185817103,15.762456913496447,15.312101939086917,15.593573570251465,150785,0.0,0.0
2018-07-11 00:00:00+08:00,15.593573610269377,15.649868665739266,14.91803932419018,15.255806922912598,206408,0.0,0.0
2018-07-12 00:00:00+08:00,15.31210195851958,15.537278534644482,15.255806903122718,15.424690246582031,108141,0.0,0.0
2018-07-13 00:00:00+08:00,15.706162427005706,16.212814297821485,15.593574135008499,15.875045776367188,671234,0.0,0.0
2018-07-16 00:00:00+08:00,16.100223599986414,16.100223599986414,15.312101939086917,15.593573570251465,369021,0.0,0.0
2018-07-17 00:00:00+08:00,15.480983842500814,15.480983842500814,15.255807261092261,15.312102317810059,119644,0.0,0.0
2018-07-18 00:00:00+08:00,15.312101978382486,15.649868665739266,15.199511867442709,15.255806922912598,121765,0.0,0.0
2018-07-19 00:00:00+08:00,15.312101955749931,15.312101955749931,15.030628501547804,15.086922645568848,161329,0.0,0.0
2018-07-20 00:00:00+08:00,15.086922645568848,15.312101955749931,14.861745158119039,15.086922645568848,207871,0.0,0.0
2018-07-23 00:00:00+08:00,15.086923031804155,15.086923031804155,14.74915633629957,14.805451393127441,77666,0.0,0.0
2018-07-24 00:00:00+08:00,14.974333763122559,15.030628819700835,14.749156270906422,14.974333763122559,72568,0.0,0.0
2018-07-25 00:00:00+08:00,15.030628856952392,15.312102317810059,14.80545136417818,15.312102317810059,167431,0.0,0.0
2018-07-26 00:00:00+08:00,15.312102317810059,15.931340650780554,15.255807261092261,15.312102317810059,2574795,0.0,0.0
2018-07-27 00:00:00+08:00,15.368395211121099,15.368395211121099,15.030628523764321,15.255806922912598,117449,0.0,0.0
2018-07-30 00:00:00+08:00,15.199511561228288,15.199511561228288,14.74915568337039,14.86174488067627,181682,0.0,0.0
2018-07-31 00:00:00+08:00,14.74915568337039,14.974333166616528,14.74915568337039,14.86174488067627,48388,0.0,0.0
2018-08-01 00:00:00+08:00,14.97433346599502,15.030628521456263,14.805451033708202,14.918039321899414,78473,0.0,0.0
2018-08-02 00:00:00+08:00,14.805450721348352,15.086922347253637,14.636566469893314,15.030628204345703,610123,0.0,0.0
2018-08-03 00:00:00+08:00,15.030628521456263,15.08692266555187,14.805451033708202,14.918039321899414,185553,0.0,0.0
2018-08-06 00:00:00+08:00,14.918039321899414,15.480983496952389,14.861745177803808,14.918039321899414,579004,0.0,0.0
2018-08-07 00:00:00+08:00,14.97433346599502,15.143217721013114,14.861745177803808,14.918039321899414,126043,0.0,0.0
2018-08-08 00:00:00+08:00,14.974333166616528,15.030628220952279,14.86174488067627,14.86174488067627,117167,0.0,0.0
2018-08-09 00:00:00+08:00,14.861745538589652,14.974333829514073,14.69286219083736,14.805451393127441,154914,0.0,0.0
2018-08-10 00:00:00+08:00,14.805451393127441,14.918039684051863,14.69286219083736,14.805451393127441,74165,0.0,0.0
2018-08-13 00:00:00+08:00,14.298800171633221,14.411389371821945,14.07362177125577,14.24250602722168,421237,0.0,0.0
2018-08-14 00:00:00+08:00,13.961033482432686,14.411389371821945,13.961033482432686,14.24250602722168,308859,0.0,0.0
2018-08-15 00:00:00+08:00,14.1299165237325,14.41138906247965,13.792149841782171,13.848443984985352,128244,0.0,0.0
2018-08-16 00:00:00+08:00,13.735855102539062,13.904739358756824,13.510677613191454,13.735855102539062,111642,0.0,0.0
2018-08-17 00:00:00+08:00,13.735855423076762,13.735855423076762,13.398088725490458,13.623266220092773,251639,0.0,0.0
2018-08-20 00:00:00+08:00,13.62326628837157,13.62326628837157,13.398088792640682,13.454383850097656,105567,0.0,0.0
2018-08-21 00:00:00+08:00,13.623265965937236,13.679561022061824,13.398088475535832,13.566972732543945,260122,0.0,0.0
2018-08-22 00:00:00+08:00,13.623265624341272,13.623265624341272,13.45438319429909,13.510677337646484,81846,0.0,0.0
2018-08-23 00:00:00+08:00,13.454383531660419,13.961033568587816,13.341794330776892,13.566972732543945,1324185,0.0,0.0
2018-08-24 00:00:00+08:00,13.398088139586072,13.735854822401686,13.398088139586072,13.510677337646484,153276,0.0,0.0
2018-08-27 00:00:00+08:00,13.510677655912833,13.510677655912833,13.285499254487556,13.398088455200195,109355,0.0,0.0
2018-08-28 00:00:00+08:00,13.510677355609394,13.510677355609394,13.229204815766945,13.34179401397705,118386,0.0,0.0
2018-08-29 00:00:00+08:00,13.34179463014165,13.454383833551464,13.17291036934409,13.285499572753906,233332,0.0,0.0
2018-08-30 00:00:00+08:00,13.510677355609394,13.510677355609394,13.229204815766945,13.34179401397705,113737,0.0,0.0
2018-08-31 00:00:00+08:00,13.229204798178264,13.510677337646484,13.229204798178264,13.510677337646484,101347,0.0,0.0
2018-09-03 00:00:00+08:00,13.341793996238678,13.510677337646484,13.341793996238678,13.510677337646484,75008,0.0,0.0
2018-09-04 00:00:00+08:00,13.510677920791753,14.467684778562976,13.510677920791753,13.961033821105957,1198485,0.0,0.0
2018-09-05 00:00:00+08:00,14.073621792243296,14.12991684810443,13.679560958043572,13.735855102539062,146725,0.0,0.0
2018-09-06 00:00:00+08:00,13.735855423076762,13.735855423076762,13.510677928474449,13.623266220092773,135808,0.0,0.0
2018-09-07 00:00:00+08:00,13.735855102539062,14.12991684810443,13.285499212478202,13.735855102539062,291849,0.0,0.0
2018-09-10 00:00:00+08:00,13.510677320127103,13.792149859230337,13.510677320127103,13.679560661315918,63046,0.0,0.0
2018-09-11 00:00:00+08:00,13.84844461818599,14.017328878248772,13.679561269488872,13.961033821105957,207274,0.0,0.0
2018-09-12 00:00:00+08:00,13.904739338021146,14.580272716422213,13.904739338021146,14.24250602722168,591758,0.0,0.0
2018-09-13 00:00:00+08:00,14.467684107364592,14.580272393695592,14.017328227943722,14.355094909667969,305088,0.0,0.0
2018-09-14 00:00:00+08:00,14.467684117048453,14.467684117048453,13.848443984985352,13.848443984985352,286143,0.0,0.0
2018-09-17 00:00:00+08:00,13.848443984985352,14.01732823732614,13.792149841782171,13.848443984985352,65262,0.0,0.0
2018-09-18 00:00:00+08:00,13.84844461818599,14.073622112660258,13.735855415266023,13.961033821105957,132585,0.0,0.0
2018-09-19 00:00:00+08:00,14.129917195443683,14.129917195443683,13.792150497436523,13.792150497436523,135636,0.0,0.0
2018-09-20 00:00:00+08:00,13.848444643315828,13.9047397005608,13.735855440191553,13.792150497436523,83181,0.0,0.0
2018-09-21 00:00:00+08:00,13.848444323936146,13.904739379882812,13.735855123408458,13.904739379882812,140572,0.0,0.0
2018-09-25 00:00:00+08:00,14.01732851691754,14.07362174987793,13.848444261208167,14.07362174987793,243602,0.0,0.0
2018-09-26 00:00:00+08:00,14.073622112660258,14.129917169803075,13.904739675328806,13.961033821105957,169602,0.0,0.0
2018-09-27 00:00:00+08:00,13.961033524463833,14.0173285804105,13.904739379882812,13.904739379882812,120533,0.0,0.0
2018-09-28 00:00:00+08:00,14.073622112660258,14.073622112660258,13.904739675328806,13.961033821105957,125320,0.0,0.0
2018-10-01 00:00:00+08:00,13.904739379882812,14.12991686957254,13.904739379882812,13.904739379882812,82316,0.0,0.0
2018-10-02 00:00:00+08:00,13.904739358756824,13.904739358756824,13.735855102539062,13.735855102539062,82223,0.0,0.0
2018-10-03 00:00:00+08:00,13.792150116882135,14.298800149913335,13.735855061190463,14.07362174987793,943213,0.0,0.0
2018-10-04 00:00:00+08:00,13.961033503252315,13.961033503252315,13.735855102539062,13.735855102539062,166447,0.0,0.0
2018-10-05 00:00:00+08:00,13.735854804590314,13.961033200419152,13.623265606675895,13.679560661315918,155413,0.0,0.0
2018-10-08 00:00:00+08:00,13.510677337646484,13.961033218522514,13.45438319429909,13.510677337646484,144366,0.0,0.0
2018-10-09 00:00:00+08:00,13.398088455200195,13.510677655912833,13.285499254487556,13.398088455200195,187649,0.0,0.0
2018-10-11 00:00:00+08:00,12.947732001338816,13.004027054932818,12.103314399719238,12.103314399719238,423712,0.0,0.0
2018-10-12 00:00:00+08:00,12.103314679134218,12.384787219505437,12.103314679134218,12.328492164611816,147932,0.0,0.0
2018-10-15 00:00:00+08:00,12.384787536900989,12.609965939515053,12.384787536900989,12.553670883178711,108169,0.0,0.0
2018-10-16 00:00:00+08:00,12.553670270811581,12.609965324401855,12.441081074996642,12.609965324401855,120677,0.0,0.0
2018-10-17 00:00:00+08:00,12.722554501895125,12.835143705613124,12.55367115200096,12.778848648071289,169605,0.0,0.0
2018-10-18 00:00:00+08:00,12.77884832960545,12.947732586656466,12.609965895285733,12.891437530517578,92684,0.0,0.0
2018-10-19 00:00:00+08:00,12.72255391465249,13.004027366638184,12.72255391465249,13.004027366638184,124774,0.0,0.0
2018-10-22 00:00:00+08:00,13.004027366638184,13.116616565159335,12.947732311694793,13.004027366638184,199772,0.0,0.0
2018-10-23 00:00:00+08:00,12.891437550547906,13.060321807861328,12.722554204600133,13.060321807861328,238951,0.0,0.0
2018-10-24 00:00:00+08:00,13.1729097366333,13.341793989319145,12.947732251994886,13.1729097366333,619243,0.0,0.0
2018-10-25 00:00:00+08:00,13.0603221292729,13.229205479376851,12.722554517699319,12.947732925415039,218235,0.0,0.0
2018-10-26 00:00:00+08:00,13.229204852314856,13.229204852314856,13.004027366638184,13.004027366638184,142612,0.0,0.0
2018-10-29 00:00:00+08:00,13.116616249886281,13.116616249886281,12.609965324401855,12.609965324401855,196917,0.0,0.0
2018-10-30 00:00:00+08:00,12.77884805273208,12.89143725120479,12.441081368679582,12.666259765625,126226,0.0,0.0
2018-10-31 00:00:00+08:00,12.835142804666127,12.891436946890794,12.609965324401855,12.609965324401855,109095,0.0,0.0
2018-11-01 00:00:00+08:00,12.609966209542797,12.891437851789288,12.441081948282962,12.778848648071289,78072,0.0,0.0
2018-11-02 00:00:00+08:00,12.66625946662652,12.835142804666127,12.553670270811581,12.609965324401855,61252,0.0,0.0
2018-11-05 00:00:00+08:00,12.553670270811581,13.116616249886281,12.497376128586914,12.609965324401855,99479,0.0,0.0
2018-11-06 00:00:00+08:00,12.666260355718961,12.891437851789288,12.666260355718961,12.778848648071289,137677,0.0,0.0
2018-11-07 00:00:00+08:00,12.891437232767462,12.891437232767462,12.722553890982748,12.835143089294434,144148,0.0,0.0
2018-11-08 00:00:00+08:00,12.722554183175008,14.073621859847602,12.722554183175008,13.229205131530762,3427813,0.0,0.0
2018-11-09 00:00:00+08:00,13.116616565159335,13.116616565159335,12.835143113173642,13.004027366638184,244192,0.0,0.0
2018-11-12 00:00:00+08:00,13.116616843707481,13.116616843707481,12.891437530517578,12.891437530517578,62887,0.0,0.0
2018-11-13 00:00:00+08:00,12.722554184832212,13.004027642795354,12.722554184832212,12.891437530517578,107091,0.0,0.0
2018-11-14 00:00:00+08:00,12.947732311694793,13.285498995892619,12.947732311694793,13.004027366638184,273538,0.0,0.0
2018-11-15 00:00:00+08:00,13.060321807861328,13.116616864087687,12.947732606774263,13.060321807861328,118180,0.0,0.0
2018-11-16 00:00:00+08:00,13.060321807861328,13.116616864087687,12.947732606774263,13.060321807861328,80100,0.0,0.0
2018-11-19 00:00:00+08:00,13.0603221292729,13.0603221292729,12.891437867803273,12.947732925415039,167360,0.0,0.0
2018-11-20 00:00:00+08:00,12.835143385744338,12.891437530517578,12.835143385744338,12.891437530517578,76390,0.0,0.0
2018-11-21 00:00:00+08:00,12.835143089294434,12.947732287606119,12.778848034455777,12.835143089294434,64618,0.0,0.0
2018-11-22 00:00:00+08:00,12.947732586656466,13.004027642795354,12.835143385744338,12.891437530517578,51903,0.0,0.0
2018-11-23 00:00:00+08:00,12.947732606774263,13.172910097582744,12.947732606774263,13.060321807861328,178244,0.0,0.0
2018-11-26 00:00:00+08:00,12.947732251994886,13.229204791317125,12.947732251994886,13.1729097366333,95251,0.0,0.0
2018-11-27 00:00:00+08:00,13.17291036934409,13.285499572753906,13.17291036934409,13.285499572753906,124965,0.0,0.0
2018-11-28 00:00:00+08:00,13.285499254487556,13.454383511239337,13.22920510981406,13.398088455200195,138696,0.0,0.0
2018-11-29 00:00:00+08:00,13.398088792640682,13.454383850097656,13.285499589092403,13.454383850097656,153372,0.0,0.0
2018-11-30 00:00:00+08:00,13.510677676419359,13.566972732543945,13.398088475535832,13.566972732543945,129491,0.0,0.0
2018-12-03 00:00:00+08:00,13.679560661315918,13.792149859230337,13.566972374767124,13.679560661315918,284359,0.0,0.0
2018-12-04 00:00:00+08:00,13.79215022294535,13.79215022294535,13.454383531660419,13.566972732543945,136034,0.0,0.0
2018-12-05 00:00:00+08:00,13.566972392359505,13.623265624341272,13.341793996238678,13.510677337646484,92259,0.0,0.0
2018-12-06 00:00:00+08:00,13.566972392359505,13.566972392359505,13.398088139586072,13.510677337646484,112467,0.0,0.0
2018-12-07 00:00:00+08:00,13.341794646549378,13.735855491919846,13.341794646549378,13.454383850097656,133460,0.0,0.0
2018-12-10 00:00:00+08:00,13.454383511239337,13.454383511239337,13.285499254487556,13.398088455200195,31404,0.0,0.0
2018-12-11 00:00:00+08:00,13.39808815739929,13.39808815739929,13.229204815766945,13.34179401397705,140281,0.0,0.0
2018-12-12 00:00:00+08:00,13.341794699381353,13.341794699381353,13.116617202758789,13.116617202758789,69523,0.0,0.0
2018-12-13 00:00:00+08:00,13.116616864087687,13.172910097582744,13.060321807861328,13.060321807861328,52857,0.0,0.0
2018-12-14 00:00:00+08:00,13.116617202758789,13.229205495387234,13.060322145078894,13.116617202758789,23353,0.0,0.0
2018-12-17 00:00:00+08:00,13.116617202758789,13.172910437707339,13.004027998764672,13.116617202758789,43405,0.0,0.0
2018-12-18 00:00:00+08:00,13.004027366638184,13.172909797371467,13.004027366638184,13.004027366638184,63854,0.0,0.0
2018-12-19 00:00:00+08:00,13.0603221292729,13.116617186884666,12.947732925415039,12.947732925415039,84439,0.0,0.0
2018-12-20 00:00:00+08:00,12.947732925415039,13.116617186884666,12.778848663945412,12.947732925415039,123929,0.0,0.0
2018-12-21 00:00:00+08:00,12.835143113173642,13.116616565159335,12.835143113173642,13.004027366638184,71379,0.0,0.0
2018-12-24 00:00:00+08:00,13.22920510981406,13.735855145972462,13.22920510981406,13.398088455200195,239857,0.0,0.0
2018-12-25 00:00:00+08:00,13.39808815739929,13.510677355609394,13.229204815766945,13.34179401397705,71487,0.0,0.0
2018-12-26 00:00:00+08:00,13.285499254487556,13.510677655912833,13.285499254487556,13.398088455200195,99490,0.0,0.0
2018-12-27 00:00:00+08:00,13.510677337646484,13.8484440204621,13.45438319429909,13.510677337646484,167613,0.0,0.0
2018-12-28 00:00:00+08:00,13.510677655912833,13.510677655912833,13.398088455200195,13.398088455200195,557690,0.0,0.0
2019-01-02 00:00:00+08:00,13.3417943105267,13.566972711951976,13.3417943105267,13.398088455200195,48838,0.0,0.0
2019-01-03 00:00:00+08:00,13.398088477194129,13.510677678091591,13.229205131530762,13.229205131530762,150254,0.0,0.0
2019-01-04 00:00:00+08:00,13.1729097366333,13.285498934635322,13.11661650468073,13.1729097366333,45242,0.0,0.0
2019-01-07 00:00:00+08:00,13.172910437707339,13.229205495387234,13.060322145078894,13.116617202758789,32688,0.0,0.0
2019-01-08 00:00:00+08:00,13.116617186884666,13.116617186884666,12.835143721557179,12.947732925415039,164814,0.0,0.0
2019-01-09 00:00:00+08:00,12.891437232767462,13.060321485917802,12.835143089294434,12.835143089294434,96583,0.0,0.0
2019-01-10 00:00:00+08:00,12.947732311694793,13.060321510215944,12.891437256751402,13.004027366638184,111801,0.0,0.0
2019-01-11 00:00:00+08:00,13.060322145078894,13.229205495387234,12.947732941084775,13.116617202758789,162983,0.0,0.0
2019-01-14 00:00:00+08:00,13.1729097366333,13.229204791317125,13.004027306678708,13.1729097366333,213647,0.0,0.0
2019-01-15 00:00:00+08:00,13.1729097366333,13.229204791317125,13.004027306678708,13.1729097366333,47984,0.0,0.0
2019-01-16 00:00:00+08:00,13.060322077299944,13.34179463014165,13.060322077299944,13.285499572753906,182613,0.0,0.0
2019-01-17 00:00:00+08:00,13.229204791317125,13.229204791317125,13.11661650468073,13.1729097366333,68854,0.0,0.0
2019-01-18 00:00:00+08:00,13.1729097366333,13.398088132637342,13.060321449996906,13.1729097366333,64852,0.0,0.0
2019-01-21 00:00:00+08:00,13.11661650468073,13.398088132637342,13.11661650468073,13.1729097366333,123852,0.0,0.0
2019-01-22 00:00:00+08:00,13.1729097366333,13.229204791317125,13.060321449996906,13.1729097366333,65586,0.0,0.0
2019-01-23 00:00:00+08:00,13.1729097366333,13.229204791317125,13.004027306678708,13.1729097366333,52234,0.0,0.0
2019-01-24 00:00:00+08:00,13.285499572753906,13.623266271617686,13.285499572753906,13.285499572753906,228345,0.0,0.0
2019-01-25 00:00:00+08:00,13.34179401397705,13.454383212187155,13.17290976097908,13.34179401397705,112801,0.0,0.0
2019-01-28 00:00:00+08:00,13.1729097366333,13.341793989319145,13.1729097366333,13.1729097366333,99347,0.0,0.0
2019-01-29 00:00:00+08:00,13.285499572753906,13.34179463014165,13.17291036934409,13.285499572753906,82429,0.0,0.0
2019-01-30 00:00:00+08:00,13.34179401397705,13.39808815739929,13.229204815766945,13.34179401397705,71189,0.0,0.0
2019-02-11 00:00:00+08:00,13.285498934635322,13.285498934635322,13.1729097366333,13.1729097366333,107920,0.0,0.0
2019-02-12 00:00:00+08:00,13.116616864087687,13.172910097582744,13.060321807861328,13.060321807861328,198618,0.0,0.0
2019-02-13 00:00:00+08:00,13.060321807861328,13.116616864087687,13.004027663000622,13.060321807861328,89767,0.0,0.0
2019-02-14 00:00:00+08:00,13.060321807861328,13.060321807861328,12.947732606774263,13.060321807861328,71804,0.0,0.0
2019-02-15 00:00:00+08:00,13.060321807861328,13.060321807861328,12.947732606774263,13.060321807861328,48580,0.0,0.0
2019-02-18 00:00:00+08:00,12.835143089294434,13.060321485917802,12.722553890982748,12.835143089294434,229409,0.0,0.0
2019-02-19 00:00:00+08:00,12.722554206848145,12.778848351718798,12.66626006197749,12.722554206848145,94419,0.0,0.0
2019-02-20 00:00:00+08:00,12.722554206848145,12.835143407955103,12.66626006197749,12.722554206848145,149182,0.0,0.0
2019-02-21 00:00:00+08:00,12.891437232767462,12.891437232767462,12.778848034455777,12.835143089294434,114906,0.0,0.0
2019-02-22 00:00:00+08:00,12.891437197311062,13.398088132637342,12.891437197311062,13.1729097366333,420832,0.0,0.0
2019-02-25 00:00:00+08:00,13.341794268339337,13.792150158400197,13.285499212478202,13.735855102539062,592450,0.0,0.0
2019-02-26 00:00:00+08:00,13.848444586814384,14.523977980072535,13.848444586814384,14.467684745788574,1067270,0.0,0.0
2019-02-27 00:00:00+08:00,14.580272988547279,14.974333829514073,14.580272988547279,14.805451393127441,924642,0.0,0.0
2019-03-04 00:00:00+08:00,15.255807467557057,16.212814331054688,15.199512410077391,16.212814331054688,1805109,0.0,0.0
2019-03-05 00:00:00+08:00,17.05723092489529,17.22611427307129,16.32540247522218,17.22611427307129,1931382,0.0,0.0
2019-03-06 00:00:00+08:00,17.676468562541338,17.789058672033086,16.38169688523628,17.113523483276367,1264136,0.0,0.0
2019-03-07 00:00:00+08:00,16.888347625732422,17.000935917266066,16.832052568599934,16.888347625732422,654119,0.0,0.0
2019-03-08 00:00:00+08:00,17.338700937602592,18.408297806011998,17.000934272939055,18.29570770263672,978437,0.0,0.0
2019-03-11 00:00:00+08:00,18.577181452010922,19.81566179517883,18.352004864827087,19.703073501586914,1833347,0.0,0.0
2019-03-12 00:00:00+08:00,19.70307248264558,19.815660770415015,19.140125575604614,19.53418731689453,1112625,0.0,0.0
2019-03-13 00:00:00+08:00,19.928250405099806,19.928250405099806,19.36530528274164,19.421600341796875,653181,0.0,0.0
2019-03-14 00:00:00+08:00,19.365304946899414,19.477895063057293,18.126826428282282,19.365304946899414,1598238,0.0,0.0
2019-03-15 00:00:00+08:00,19.703073472641687,19.871955001415785,19.14012653731502,19.365304946899414,733761,0.0,0.0
2019-03-18 00:00:00+08:00,19.703072224667512,19.703072224667512,19.36530372031918,19.477893829345703,1114160,0.0,0.0
2019-03-19 00:00:00+08:00,19.36530401291592,19.421599068279765,18.802358927471307,19.196420669555664,1072764,0.0,0.0
2019-03-20 00:00:00+08:00,18.914945995024336,19.759364480072733,18.914945995024336,19.64677619934082,1172525,0.0,0.0
2019-03-21 00:00:00+08:00,19.646778106689453,19.646778106689453,19.646778106689453,19.646778106689453,0,0.0,0.8487829
2019-03-22 00:00:00+08:00,19.646778106689453,19.646778106689453,19.646778106689453,19.646778106689453,0,0.0,0.0
2019-03-25 00:00:00+08:00,19.646778106689453,19.646778106689453,19.646778106689453,19.646778106689453,0,0.0,0.0
2019-03-26 00:00:00+08:00,19.646778106689453,19.646778106689453,19.646778106689453,19.646778106689453,0,0.0,0.0
2019-03-27 00:00:00+08:00,19.646778106689453,19.646778106689453,19.646778106689453,19.646778106689453,0,0.0,0.0
2019-03-28 00:00:00+08:00,19.646778106689453,19.646778106689453,19.646778106689453,19.646778106689453,0,0.0,0.0
2019-03-29 00:00:00+08:00,21.262902875699357,21.597375869750977,20.928429881647737,21.597375869750977,1649952,0.0,0.0
2019-04-01 00:00:00+08:00,23.74755859375,23.74755859375,23.74755859375,23.74755859375,886534,0.0,0.0
2019-04-02 00:00:00+08:00,26.08886519944889,26.08886519944889,24.17759297025172,24.416501998901367,5237812,0.0,0.0
2019-04-03 00:00:00+08:00,23.890903927895227,24.273158026195286,23.126395731295105,23.460866928100586,1300603,0.0,0.0
2019-04-08 00:00:00+08:00,23.890903294551084,24.512066415663156,23.699775339102167,24.08203125,1242254,0.0,0.0
2019-04-09 00:00:00+08:00,24.32094046450511,24.32094046450511,23.50864938188024,23.89090347290039,790576,0.0,0.0
2019-04-10 00:00:00+08:00,23.699774297951844,23.986466218530612,23.126394102256693,23.221956253051758,903964,0.0,0.0
2019-04-11 00:00:00+08:00,23.12639506596719,23.12639506596719,22.17075893634427,22.40966796875,803018,0.0,0.0
2019-04-12 00:00:00+08:00,22.505230680166257,23.60421371459961,22.36188562172361,23.60421371459961,658394,0.0,0.0
2019-04-15 00:00:00+08:00,23.843123832303775,24.750977125360357,23.843123832303775,24.27315902709961,1457637,0.0,0.0
2019-04-16 00:00:00+08:00,24.177593585482683,24.65541165494069,23.651994438171386,23.89090347290039,1687792,0.0,0.0
2019-04-17 00:00:00+08:00,24.225375240980654,24.225375240980654,23.221956253051758,23.221956253051758,1118265,0.0,0.0
2019-04-18 00:00:00+08:00,23.22195740669693,23.508649341518282,22.122976213376607,22.21854019165039,995194,0.0,0.0
2019-04-19 00:00:00+08:00,22.696359634399414,23.174177731965717,22.170760456169035,22.696359634399414,493677,0.0,0.0
2019-04-22 00:00:00+08:00,22.93526897024601,22.93526897024601,22.45745086669922,22.45745086669922,289260,0.0,0.0
2019-04-23 00:00:00+08:00,22.45744968573084,22.60079474471052,21.69294148935168,21.788503646850586,731360,0.0,0.0
2019-04-24 00:00:00+08:00,21.740722568101134,22.409668606981388,21.740722568101134,21.788503646850586,489167,0.0,0.0
2019-04-25 00:00:00+08:00,21.597377509121454,22.26632172527039,21.597377509121454,21.788503646850586,208107,0.0,0.0
2019-04-26 00:00:00+08:00,21.788503646850586,22.07519558754126,21.69294148935168,21.788503646850586,217982,0.0,0.0
2019-04-29 00:00:00+08:00,21.979632456933277,21.979632456933277,21.07177734375,21.07177734375,481207,0.0,0.0
2019-04-30 00:00:00+08:00,21.119560247077818,21.549595440639855,21.02399626315357,21.07177734375,225577,0.0,0.0
2019-05-02 00:00:00+08:00,21.07177623815889,21.31068527406877,20.35504913042925,20.40283203125,365428,0.0,0.0
2019-05-03 00:00:00+08:00,20.546175325071655,20.546175325071655,18.395994186401367,18.395994186401367,1575906,0.0,0.0
2019-05-06 00:00:00+08:00,18.395996002157915,19.35163215811417,17.53592382634355,18.491559982299805,1220399,0.0,0.0
2019-05-07 00:00:00+08:00,18.92159497637999,19.256067992285608,18.587123783205662,18.634904861450195,456300,0.0,0.0
2019-05-08 00:00:00+08:00,18.300430380873678,18.539339398437907,18.157085334881373,18.204866409301758,295269,0.0,0.0
2019-05-09 00:00:00+08:00,18.300431625992445,18.300431625992445,17.10588645689723,17.153669357299805,650220,0.0,0.0
2019-05-10 00:00:00+08:00,17.249231515116314,17.67926850514478,16.86697742549728,17.105886459350586,250511,0.0,0.0
2019-05-13 00:00:00+08:00,17.105885774741274,17.774831771850586,16.914759648946614,17.774831771850586,261228,0.0,0.0
2019-05-14 00:00:00+08:00,17.34479482166041,19.54275894165039,17.34479482166041,19.54275894165039,770175,0.0,0.0
2019-05-15 00:00:00+08:00,19.972796348843296,21.454033562374672,19.972796348843296,20.880651473999023,2025954,0.0,0.0
2019-05-16 00:00:00+08:00,21.023995535714285,21.788503735193185,19.877231413764612,20.068359375,1190126,0.0,0.0
2019-05-17 00:00:00+08:00,20.16392177920547,20.832865945768727,19.59053976305755,19.781667709350586,514124,0.0,0.0
2019-05-20 00:00:00+08:00,20.163922041072983,20.21170311690118,19.399412068703388,19.54275894165039,225490,0.0,0.0
2019-05-21 00:00:00+08:00,19.542759614726464,20.88064983403779,19.39941273684242,20.593957901000977,545502,0.0,0.0
2019-05-22 00:00:00+08:00,21.023993364049915,21.023993364049915,20.211702346801758,20.211702346801758,296421,0.0,0.0
2019-05-23 00:00:00+08:00,20.35504878048102,21.21512275315505,20.068358671410518,20.68952178955078,661609,0.0,0.0
2019-05-24 00:00:00+08:00,20.689521878679916,21.262903922022275,20.593957901000977,20.593957901000977,503550,0.0,0.0
2019-05-27 00:00:00+08:00,20.689523503630003,21.023996540410085,20.689523503630003,20.880651473999023,221143,0.0,0.0
2019-05-28 00:00:00+08:00,20.976213989513262,21.21512302436999,20.498395919799805,20.498395919799805,284074,0.0,0.0
2019-05-29 00:00:00+08:00,20.498395919799805,20.689522054046417,20.45061301918969,20.498395919799805,121758,0.0,0.0
2019-05-30 00:00:00+08:00,20.689521528463334,20.976213456647248,20.116139494826754,20.928430557250977,177167,0.0,0.0
2019-05-31 00:00:00+08:00,20.92843047013726,21.119558421464305,20.68952144234407,21.02399444580078,188962,0.0,0.0
2019-06-03 00:00:00+08:00,20.880649480585944,21.02399453331228,20.832866581189673,20.928430557250977,172205,0.0,0.0
2019-06-04 00:00:00+08:00,21.215122397127825,21.215122397127825,20.92843047013726,21.02399444580078,213394,0.0,0.0
2019-06-05 00:00:00+08:00,21.26290440060319,22.170759474890005,21.119559342224036,21.88406753540039,1438484,0.0,0.0
2019-06-06 00:00:00+08:00,21.88406753540039,22.553013571478182,21.549594517361495,21.88406753540039,1193635,0.0,0.0
2019-06-10 00:00:00+08:00,22.361885518950896,22.361885518950896,21.931850345599347,21.979631423950195,378710,0.0,0.0
2019-06-11 00:00:00+08:00,21.788503921370378,21.788503921370378,21.54959487915039,21.54959487915039,351674,0.0,0.0
2019-06-12 00:00:00+08:00,21.597377688553774,22.122976850089742,21.597377688553774,21.645158767700195,260681,0.0,0.0
2019-06-13 00:00:00+08:00,21.740723021892624,21.740723021892624,21.310686013246162,21.45403289794922,342783,0.0,0.0
2019-06-14 00:00:00+08:00,21.788503921370378,21.788503921370378,21.406249818364664,21.54959487915039,203394,0.0,0.0
2019-06-17 00:00:00+08:00,21.597377328949495,22.027412502301043,21.597377328949495,21.979631423950195,478651,0.0,0.0
2019-06-18 00:00:00+08:00,22.027412502301043,22.027412502301043,21.740722386733346,21.979631423950195,165717,0.0,0.0
2019-06-19 00:00:00+08:00,22.027412590433656,22.07519549170699,21.788503552260924,21.93185043334961,188488,0.0,0.0
2019-06-20 00:00:00+08:00,21.931850436680982,21.931850436680982,21.788503555570518,21.88406753540039,242410,0.0,0.0
2019-06-21 00:00:00+08:00,21.884067357337972,22.122976393603086,21.884067357337972,22.02741241455078,537025,0.0,0.0
2019-06-24 00:00:00+08:00,22.361884894372686,23.126394885752255,22.361884894372686,22.55301284790039,881211,0.0,0.0
2019-06-25 00:00:00+08:00,22.553013023647186,22.553013023647186,22.361885068630095,22.40966796875,299890,0.0,0.0
2019-06-26 00:00:00+08:00,22.553014381447852,22.935268491764315,22.31410533465864,22.887487411499023,301301,0.0,0.0
2019-06-27 00:00:00+08:00,22.9352671109501,23.413085175761562,22.26632109112155,22.40966796875,3133737,0.0,0.0
2019-06-28 00:00:00+08:00,22.744139158140804,23.317521200516467,22.314103993407503,22.36188507080078,1132198,0.0,0.0
2019-07-01 00:00:00+08:00,22.6485788372105,22.74414099973473,22.314105800181462,22.45745086669922,1517636,0.0,0.0
2019-07-02 00:00:00+08:00,22.4574503103892,23.17417744795481,22.4574503103892,22.93526840209961,705653,0.0,0.0
2019-07-03 00:00:00+08:00,23.03083082092841,23.126394797326867,22.457448785268912,22.600793838500977,269000,0.0,0.0
2019-07-04 00:00:00+08:00,22.648578369715022,22.887487416557033,22.505231483424716,22.839704513549805,324000,0.0,0.0
2019-07-05 00:00:00+08:00,22.887487416557033,22.887487416557033,22.744140530266726,22.839704513549805,135000,0.0,0.0
2019-07-08 00:00:00+08:00,22.839702955460698,23.030830908988403,22.17075876357623,22.55301284790039,750000,0.0,0.0
2019-07-09 00:00:00+08:00,22.60079428201425,22.64857718251678,22.075195135605355,22.21854019165039,542000,0.0,0.0
2019-07-10 00:00:00+08:00,22.361885338388348,22.45744931704971,22.122976303100586,22.122976303100586,376000,0.0,0.0
2019-07-11 00:00:00+08:00,22.170758059761425,22.170758059761425,21.406248092651367,21.406248092651367,801443,0.0,0.0
2019-07-12 00:00:00+08:00,21.454032537128242,22.36188579616802,21.406249635453733,21.74072265625,440752,0.0,0.0
2019-07-15 00:00:00+08:00,21.740722477021237,22.122976573609414,21.645158497191368,21.88406753540039,272132,0.0,0.0
2019-07-16 00:00:00+08:00,22.170759657663957,22.170759657663957,21.59737759668912,21.74072265625,293388,0.0,0.0
2019-07-17 00:00:00+08:00,21.884068083864324,21.884068083864324,21.406249995471082,21.45403289794922,292503,0.0,0.0
2019-07-18 00:00:00+08:00,21.549593227539617,21.692940100070246,21.215122052251353,21.35846710205078,228846,0.0,0.0
2019-07-19 00:00:00+08:00,21.406249995471082,21.645159039667703,21.3584689157243,21.45403289794922,192746,0.0,0.0
2019-07-22 00:00:00+08:00,21.740722477021237,22.40966851309903,21.692941398471955,21.88406753540039,576413,0.0,0.0
2019-07-23 00:00:00+08:00,21.97963169642857,22.36188579616802,21.692941577306815,21.74072265625,274773,0.0,0.0
2019-07-24 00:00:00+08:00,21.74072274872437,21.836286729748547,21.549594786676018,21.645158767700195,133804,0.0,0.0
2019-07-25 00:00:00+08:00,21.645158763780312,21.88406780493182,21.597377684642545,21.692941665649414,144865,0.0,0.0
2019-07-26 00:00:00+08:00,21.597376125960228,21.64515720164964,21.31068420363017,21.35846710205078,255035,0.0,0.0
2019-07-29 00:00:00+08:00,21.262903385888986,21.45403133642767,21.119558334350586,21.119558334350586,237029,0.0,0.0
2019-07-30 00:00:00+08:00,21.215122494043587,21.215122494043587,19.017158334666668,19.160503387451172,1639927,0.0,0.0
2019-07-31 00:00:00+08:00,19.112722753330118,19.16050383112093,18.634904684496867,18.778249740600586,545492,0.0,0.0
2019-08-01 00:00:00+08:00,18.634905223651522,18.634905223651522,18.013742080742738,18.348215103149414,620841,0.0,0.0
2019-08-02 00:00:00+08:00,18.491560678604323,20.163924014501045,18.39599669486395,19.494977951049805,1095776,0.0,0.0
2019-08-05 00:00:00+08:00,19.494976129964822,19.829449130446303,19.208286028255674,19.399412155151367,323894,0.0,0.0
2019-08-06 00:00:00+08:00,19.208286028255674,19.494976129964822,18.730467976919616,19.399412155151367,262884,0.0,0.0
2019-08-07 00:00:00+08:00,19.399412326878366,19.733885330320664,19.303850173950195,19.303850173950195,140910,0.0,0.0
2019-08-08 00:00:00+08:00,19.25606771785275,19.303850618147592,18.82603255158682,18.87381362915039,392409,0.0,0.0
2019-08-12 00:00:00+08:00,18.921595065601068,18.921595065601068,18.395995911507654,18.58712387084961,260910,0.0,0.0
2019-08-13 00:00:00+08:00,18.44377763639369,18.58712452228982,18.013742446899414,18.013742446899414,344998,0.0,0.0
2019-08-14 00:00:00+08:00,18.348213362727332,18.348213362727332,18.157085418701172,18.157085418701172,85489,0.0,0.0
2019-08-15 00:00:00+08:00,18.061523163819693,18.348215107115095,17.679269062157157,18.300432205200195,311549,0.0,0.0
2019-08-16 00:00:00+08:00,18.300432205200195,18.395996186298664,18.204868224101727,18.300432205200195,52297,0.0,0.0
2019-08-19 00:00:00+08:00,18.300432201244842,18.395996182322655,18.157087140993788,18.348215103149414,55565,0.0,0.0
2019-08-20 00:00:00+08:00,18.395995735713495,18.73046875,18.204867778197983,18.73046875,176577,0.0,0.0
2019-08-21 00:00:00+08:00,18.73046893227587,18.73046893227587,18.395995914734435,18.53934097290039,154558,0.0,0.0
2019-08-22 00:00:00+08:00,18.63490504114698,18.63490504114698,18.491559982299805,18.491559982299805,73554,0.0,0.0
2019-08-23 00:00:00+08:00,18.491560163400468,18.491560163400468,18.300432201244842,18.348215103149414,74577,0.0,0.0
2019-08-26 00:00:00+08:00,18.252649390714254,18.395994437368294,18.109304344060213,18.157085418701172,101475,0.0,0.0
2019-08-27 00:00:00+08:00,18.25265121459961,18.300432294015067,18.20486831245281,18.25265121459961,56358,0.0,0.0
2019-08-28 00:00:00+08:00,18.25265112601663,18.491560167397132,18.25265112601663,18.300432205200195,72081,0.0,0.0
2019-08-29 00:00:00+08:00,18.25265121459961,18.348215196161863,18.20486831245281,18.25265121459961,77882,0.0,0.0
2019-08-30 00:00:00+08:00,18.300430380873678,18.3959943524456,18.204866409301758,18.204866409301758,89202,0.0,0.0
2019-09-02 00:00:00+08:00,18.20486831245281,18.491560257139575,18.20486831245281,18.25265121459961,109858,0.0,0.0
2019-09-03 00:00:00+08:00,18.300432205200195,18.348215107115095,18.300432205200195,18.300432205200195,50748,0.0,0.0
2019-09-04 00:00:00+08:00,18.348213278025217,18.348213278025217,18.157085334881373,18.204866409301758,137857,0.0,0.0
2019-09-05 00:00:00+08:00,18.204868224101727,18.300432205200195,18.15708714491816,18.300432205200195,88507,0.0,0.0
2019-09-06 00:00:00+08:00,18.348214934228288,20.116140365600586,18.252650954030276,20.116140365600586,2659276,0.0,0.0
2019-09-10 00:00:00+08:00,19.399413967309428,19.829450982775427,19.351632886804932,19.494977951049805,237345,0.0,0.0
2019-09-11 00:00:00+08:00,19.44719540334172,19.44719540334172,18.87381336688995,19.112722396850586,321535,0.0,0.0
2019-09-12 00:00:00+08:00,19.590540278197174,19.590540278197174,19.256067274754876,19.303850173950195,210191,0.0,0.0
2019-09-16 00:00:00+08:00,19.208286028255674,19.399412155151367,19.208286028255674,19.399412155151367,69903,0.0,0.0
2019-09-17 00:00:00+08:00,19.447195139786164,19.59054019127363,19.35163116455078,19.35163116455078,61010,0.0,0.0
2019-09-18 00:00:00+08:00,19.590540104778274,19.638321180819396,19.303850003069126,19.399412155151367,67689,0.0,0.0
2019-09-19 00:00:00+08:00,19.781667709350586,19.781667709350586,19.399411816764516,19.781667709350586,152119,0.0,0.0
2019-09-20 00:00:00+08:00,19.781669439128766,19.87723159790039,19.399413513116905,19.87723159790039,185688,0.0,0.0
2019-09-23 00:00:00+08:00,19.92501275770477,20.020576730851285,19.781667709350586,19.781667709350586,130033,0.0,0.0
2019-09-24 00:00:00+08:00,19.781669439128766,19.925014500017543,19.733886537011614,19.87723159790039,97976,0.0,0.0
2019-09-25 00:00:00+08:00,19.68610554576921,19.9727956688304,19.68610554576921,19.829450607299805,58306,0.0,0.0
2019-09-26 00:00:00+08:00,19.925012929786867,19.972794005407195,19.54275885663065,19.590539932250977,206135,0.0,0.0
2019-09-27 00:00:00+08:00,19.59054036853592,19.59054036853592,19.11272231076675,19.160503387451172,124717,0.0,0.0
2019-10-01 00:00:00+08:00,19.160503387451172,19.30385026296691,19.11272231076675,19.160503387451172,64501,0.0,0.0
2019-10-02 00:00:00+08:00,19.160503651933343,19.303850529427773,18.82603246506304,18.921594619750977,182917,0.0,0.0
2019-10-03 00:00:00+08:00,19.112722396850586,19.20828637338109,19.017158420320083,19.112722396850586,73583,0.0,0.0
2019-10-04 00:00:00+08:00,19.112724402206737,19.208288388764057,18.969379333736473,19.017160415649414,99161,0.0,0.0
2019-10-07 00:00:00+08:00,19.064941495108684,19.112722572447296,18.92159461763032,18.969377517700195,71235,0.0,0.0
2019-10-08 00:00:00+08:00,19.017158420320083,19.160503473750214,18.92159444378958,19.112722396850586,61973,0.0,0.0
2019-10-09 00:00:00+08:00,18.9693776070088,18.9693776070088,18.87381362915039,18.87381362915039,65591,0.0,0.0
2019-10-14 00:00:00+08:00,18.826032819890923,18.873813898135456,18.634904861450195,18.634904861450195,142596,0.0,0.0
2019-10-15 00:00:00+08:00,18.682685498397678,19.351631514407988,18.634904421281767,19.06494140625,151231,0.0,0.0
2019-10-16 00:00:00+08:00,18.9693776070088,19.017158684572365,18.778249651291983,18.87381362915039,61121,0.0,0.0
2019-10-17 00:00:00+08:00,18.921594619750977,19.112722574589377,18.73046848764384,18.921594619750977,78507,0.0,0.0
2019-10-18 00:00:00+08:00,18.921594796704305,18.921594796704305,18.778249740600586,18.778249740600586,68148,0.0,0.0
2019-10-21 00:00:00+08:00,18.778249828013234,18.778249828013234,18.73046875,18.73046875,36109,0.0,0.0
2019-10-22 00:00:00+08:00,18.73046875280245,18.73046875280245,18.634904774030396,18.68268585205078,91192,0.0,0.0
2019-10-23 00:00:00+08:00,18.73046875,18.73046875,18.682685849255478,18.73046875,70216,0.0,0.0
2019-10-24 00:00:00+08:00,18.730468662809773,18.9693776972264,18.730468662809773,18.778249740600586,85276,0.0,0.0
2019-10-25 00:00:00+08:00,18.87381354240701,18.969377519826207,18.82603246506304,18.921594619750977,99192,0.0,0.0
2019-10-28 00:00:00+08:00,18.921594796704305,19.112722753330118,18.68268576228768,18.778249740600586,138502,0.0,0.0
2019-10-29 00:00:00+08:00,18.778249830822837,18.826032731574507,18.587123696010014,18.68268585205078,76271,0.0,0.0
2019-10-30 00:00:00+08:00,18.826032728757756,18.87381380677099,18.634904771242244,18.73046875,55686,0.0,0.0
2019-10-31 00:00:00+08:00,18.921594796704305,18.921594796704305,18.634904684496867,18.778249740600586,54189,0.0,0.0
2019-11-01 00:00:00+08:00,18.82603264112268,18.921594796704305,18.634904684496867,18.778249740600586,77307,0.0,0.0
2019-11-04 00:00:00+08:00,18.873813718913492,18.921594796704305,18.730468662809773,18.778249740600586,69000,0.0,0.0
2019-11-05 00:00:00+08:00,18.730468662809773,18.82603264112268,18.68268576228768,18.778249740600586,108000,0.0,0.0
2019-11-06 00:00:00+08:00,18.73046892899042,18.73046892899042,18.539340969648467,18.58712387084961,123000,0.0,0.0
2019-11-07 00:00:00+08:00,18.539340969648467,18.58712387084961,18.204867952165703,18.58712387084961,241000,0.0,0.0
2019-11-08 00:00:00+08:00,18.82603195173307,20.402831156595813,18.82603195173307,19.399412155151367,1142328,0.0,0.0
2019-11-11 00:00:00+08:00,19.54276143034896,19.54276143034896,18.969379333736473,19.017160415649414,201000,0.0,0.0
2019-11-12 00:00:00+08:00,19.01715833321482,19.256067362081165,18.778249304348474,19.20828628540039,287000,0.0,0.0
2019-11-13 00:00:00+08:00,19.160503739994343,19.20828664028918,18.82603255158682,18.87381362915039,72000,0.0,0.0
2019-11-14 00:00:00+08:00,19.112724402206737,19.208288388764057,18.921596429092094,19.017160415649414,102000,0.0,0.0
2019-11-15 00:00:00+08:00,19.064941584867206,19.064941584867206,18.87381362915039,18.87381362915039,171833,0.0,0.0
2019-11-18 00:00:00+08:00,18.826034545898438,19.017160699130685,18.730470557916583,18.826034545898438,125000,0.0,0.0
2019-11-19 00:00:00+08:00,18.87381380959489,18.87381380959489,18.634904774030396,18.68268585205078,119000,0.0,0.0
2019-11-20 00:00:00+08:00,18.634904861450195,18.634904861450195,18.587123783205662,18.634904861450195,43000,0.0,0.0
2019-11-21 00:00:00+08:00,18.587123874109913,18.682686031066346,18.44377699321265,18.53934097290039,108000,0.0,0.0
2019-11-22 00:00:00+08:00,18.53934097290039,18.63490495258813,18.491559894422174,18.53934097290039,60152,0.0,0.0
2019-11-25 00:00:00+08:00,18.491559982299805,18.539341061005093,18.491559982299805,18.491559982299805,61000,0.0,0.0
2019-11-26 00:00:00+08:00,18.539340882229833,18.68268593969473,18.4915598039853,18.634904861450195,50000,0.0,0.0
2019-11-27 00:00:00+08:00,18.539341061005093,18.587123962441694,18.491559982299805,18.491559982299805,58000,0.0,0.0
2019-11-28 00:00:00+08:00,18.634903201809177,18.634903201809177,18.395994186401367,18.395994186401367,66000,0.0,0.0
2019-11-29 00:00:00+08:00,18.443777084350586,19.01715914257902,18.443777084350586,18.443777084350586,194625,0.0,0.0
2019-12-02 00:00:00+08:00,18.443777339691852,20.25948751967435,18.443777339691852,19.92501449584961,1693000,0.0,0.0
2019-12-03 00:00:00+08:00,19.9727944486802,19.9727944486802,19.16050338598838,19.20828628540039,731000,0.0,0.0
2019-12-04 00:00:00+08:00,19.208286028255674,19.399412155151367,19.017158078628764,19.399412155151367,124000,0.0,0.0
2019-12-05 00:00:00+08:00,19.39941224080286,19.59054019127363,19.256067189315395,19.35163116455078,188000,0.0,0.0
2019-12-06 00:00:00+08:00,19.35163116455078,19.54275911502155,19.256067189315395,19.35163116455078,125013,0.0,0.0
2019-12-09 00:00:00+08:00,19.208287822560063,19.686105918530554,19.208287822560063,19.494977951049805,254000,0.0,0.0
2019-12-10 00:00:00+08:00,19.686103736204068,20.546175849060358,19.59053976305755,19.781667709350586,786000,0.0,0.0
2019-12-11 00:00:00+08:00,19.63832083826522,19.972793832912437,19.63832083826522,19.781667709350586,278000,0.0,0.0
2019-12-12 00:00:00+08:00,19.686105732985713,19.733886813039863,19.638322830200195,19.638322830200195,186000,0.0,0.0
2019-12-13 00:00:00+08:00,19.638321093306786,19.686103991866187,19.494976043090986,19.54275894165039,153474,0.0,0.0
2019-12-16 00:00:00+08:00,19.54275894165039,19.78166796625379,19.399412068703388,19.54275894165039,199000,0.0,0.0
2019-12-17 00:00:00+08:00,19.494978041174605,19.542760944631386,19.44719696044922,19.44719696044922,66000,0.0,0.0
2019-12-18 00:00:00+08:00,19.447195139786164,19.447195139786164,19.35163116455078,19.35163116455078,47000,0.0,0.0
2019-12-19 00:00:00+08:00,19.494977581907513,19.925014589230653,19.494977581907513,19.829450607299805,266000,0.0,0.0
2019-12-20 00:00:00+08:00,19.972795394382306,20.068359375,19.68610527526055,20.068359375,198111,0.0,0.0
2019-12-23 00:00:00+08:00,20.11614054270746,20.259487425632194,19.97279548251406,20.020578384399414,172000,0.0,0.0
2019-12-24 00:00:00+08:00,20.020578384399414,20.259487425632194,19.781669343166634,20.020578384399414,196000,0.0,0.0
2019-12-25 00:00:00+08:00,20.06835965076125,20.06835965076125,19.781669527700057,19.829450607299805,101000,0.0,0.0
2019-12-26 00:00:00+08:00,19.78166990227093,19.78166990227093,19.399413967309428,19.494977951049805,175000,0.0,0.0
2019-12-27 00:00:00+08:00,19.44719687054531,19.59054193479018,19.399413967309428,19.494977951049805,71440,0.0,0.0
2019-12-30 00:00:00+08:00,19.447195226073685,19.494976302537772,19.303850173950195,19.303850173950195,114000,0.0,0.0
2019-12-31 00:00:00+08:00,19.303850173950195,19.303850173950195,19.208286198290793,19.303850173950195,35843,0.0,0.0
2020-01-02 00:00:00+08:00,19.30385026296691,19.447195315751415,19.11272231076675,19.160503387451172,173000,0.0,0.0
2020-01-03 00:00:00+08:00,19.160503651933343,19.208286552008577,18.921594619750977,18.921594619750977,138155,0.0,0.0
2020-01-06 00:00:00+08:00,18.92159461763032,18.969377517700195,18.873813540291707,18.969377517700195,111000,0.0,0.0
2020-01-07 00:00:00+08:00,18.9693776070088,19.017158684572365,18.87381362915039,18.87381362915039,55000,0.0,0.0
2020-01-08 00:00:00+08:00,18.921595065601068,18.921595065601068,18.58712387084961,18.58712387084961,117000,0.0,0.0
2020-01-09 00:00:00+08:00,18.634904861450195,18.68268593969473,18.539340882229833,18.634904861450195,69000,0.0,0.0
2020-01-10 00:00:00+08:00,18.682686119852267,18.682686119852267,18.443777080863203,18.491559982299805,110000,0.0,0.0
2020-01-13 00:00:00+08:00,18.491559894422174,18.53934097290039,18.491559894422174,18.53934097290039,40000,0.0,0.0
2020-01-14 00:00:00+08:00,18.68268479235121,18.68268479235121,17.918176651000977,17.918176651000977,691000,0.0,0.0
2020-01-15 00:00:00+08:00,18.01374263238983,18.061523713026304,17.67926959974036,17.870397567749023,172000,0.0,0.0
2020-01-16 00:00:00+08:00,17.91817837040568,18.157087415344424,17.870397290510475,18.10930633544922,76000,0.0,0.0
2020-01-17 00:00:00+08:00,18.25265168103497,18.25265168103497,17.822614664381163,17.870397567749023,142533,0.0,0.0
2020-01-20 00:00:00+08:00,18.157085334881373,18.252649306453293,17.774831271324835,18.204866409301758,215784,0.0,0.0
2020-01-30 00:00:00+08:00,18.395994186401367,19.590539263440416,18.395994186401367,18.395994186401367,924000,0.0,0.0
2020-01-31 00:00:00+08:00,18.634905602434284,18.778250665599042,18.013742446899414,18.013742446899414,199851,0.0,0.0
2020-02-03 00:00:00+08:00,18.01374133264249,18.01374133264249,17.010322307093865,17.249231338500977,293000,0.0,0.0
2020-02-04 00:00:00+08:00,17.488140367915353,17.535923267830086,17.10588628225378,17.297014236450195,175000,0.0,0.0
2020-02-05 00:00:00+08:00,17.297014503822883,17.297014503822883,17.05810546875,17.05810546875,155000,0.0,0.0
2020-02-06 00:00:00+08:00,17.153669359760013,17.153669359760013,17.058105381672434,17.105886459350586,122000,0.0,0.0
2020-02-07 00:00:00+08:00,17.105886459350586,17.105886459350586,17.105886459350586,17.105886459350586,0,0.0,0.0
2020-02-10 00:00:00+08:00,16.293596267700195,16.675852200883366,16.245815187417985,16.293596267700195,234425,0.0,0.0
2020-02-11 00:00:00+08:00,16.15025084094742,16.628068923950195,16.15025084094742,16.628068923950195,162000,0.0,0.0
2020-02-12 00:00:00+08:00,16.723632905097016,16.77141398430476,16.532504942803374,16.628068923950195,85000,0.0,0.0
2020-02-13 00:00:00+08:00,16.628068919971767,16.771413980292035,16.4847238596515,16.675851821899414,126000,0.0,0.0
2020-02-14 00:00:00+08:00,16.675851733556815,16.819196793117694,16.58028775293912,16.7236328125,67594,0.0,0.0
2020-02-17 00:00:00+08:00,16.8191973942777,18.395996751268743,16.8191973942777,17.822614669799805,653000,0.0,0.0
2020-02-18 00:00:00+08:00,17.918176821879378,17.918176821879378,17.392577697530065,17.774831771850586,228000,0.0,0.0
2020-02-19 00:00:00+08:00,17.774831771850586,17.822612847616448,17.53592274755886,17.774831771850586,87000,0.0,0.0
2020-02-20 00:00:00+08:00,17.583703169468585,18.539339231099824,17.583703169468585,18.395994186401367,380000,0.0,0.0
2020-02-21 00:00:00+08:00,18.491561223681305,19.44719744379164,18.491561223681305,19.017160415649414,790462,0.0,0.0
2020-02-24 00:00:00+08:00,19.112724402206737,19.35163345723432,19.017160415649414,19.017160415649414,535000,0.0,0.0
2020-02-25 00:00:00+08:00,19.112722483365914,20.020577530418297,18.92159452943975,19.06494140625,518000,0.0,0.0
2020-02-26 00:00:00+08:00,19.16050338598838,19.542759290359523,19.064941232626833,19.20828628540039,618000,0.0,0.0
2020-02-27 00:00:00+08:00,19.39941295584172,19.39941295584172,18.73046875,18.73046875,681000,0.0,0.0
2020-03-02 00:00:00+08:00,18.443775946228694,18.443775946228694,17.583703823324722,17.774831771850586,299000,0.0,0.0
2020-03-03 00:00:00+08:00,18.061521871908173,18.061521871908173,17.679267797587656,17.774831771850586,137000,0.0,0.0
2020-03-04 00:00:00+08:00,17.870397290510475,18.10930633544922,17.727050405362142,18.10930633544922,289000,0.0,0.0
2020-03-05 00:00:00+08:00,18.348215380387963,18.348215380387963,18.061523432822653,18.10930633544922,244000,0.0,0.0
2020-03-06 00:00:00+08:00,18.061521446688094,18.300430465355213,18.061521446688094,18.157085418701172,222000,0.0,0.0
2020-03-09 00:00:00+08:00,18.2526496463659,18.826031663744168,17.67926762898763,17.918176651000977,285000,0.0,0.0
2020-03-10 00:00:00+08:00,17.67926805627666,17.67926805627666,17.34479505282788,17.53592300415039,147000,0.0,0.0
2020-03-11 00:00:00+08:00,17.488140546461445,17.488140546461445,16.81919634540689,17.153669357299805,355000,0.0,0.0
2020-03-12 00:00:00+08:00,16.96254135237605,16.96254135237605,15.481306076049805,15.481306076049805,488000,0.0,0.0
2020-03-13 00:00:00+08:00,15.481306076049805,15.481306076049805,15.481306076049805,15.481306076049805,0,0.0,0.0
2020-03-16 00:00:00+08:00,13.61781514365718,13.665597133451914,12.662178993225098,12.662178993225098,1176000,0.0,0.0
2020-03-17 00:00:00+08:00,11.419852256774902,11.802107278541529,11.419852256774902,11.419852256774902,1044000,0.0,0.0
2020-03-18 00:00:00+08:00,11.419851025124963,11.563196984589482,10.703123961899143,10.798687934875488,333000,0.0,0.0
2020-03-19 00:00:00+08:00,10.081962007250523,10.225307071495394,9.747488975524902,9.747488975524902,1183000,0.0,0.0
2020-03-20 00:00:00+08:00,9.843051928216662,10.703124046325684,9.843051928216662,10.703124046325684,391000,0.0,0.0
2020-03-23 00:00:00+08:00,10.129743627046132,11.03759779377063,10.129743627046132,10.894251823425293,246000,0.0,0.0
2020-03-24 00:00:00+08:00,11.324288824660774,11.802106903146619,11.228724844417343,11.754324913024902,189000,0.0,0.0
2020-03-25 00:00:00+08:00,12.42327045763626,12.42327045763626,11.945452363111789,12.23214340209961,132000,0.0,0.0
2020-03-26 00:00:00+08:00,12.13657878196027,12.232142760398128,11.610978723283333,11.945451736450195,179000,0.0,0.0
2020-03-27 00:00:00+08:00,11.94545178157472,12.232142806605642,11.802106724742082,11.897669792175293,188000,0.0,0.0
2020-03-30 00:00:00+08:00,11.754325142451323,11.754325142451323,11.467634107490914,11.56319808959961,125000,0.0,0.0
2020-03-31 00:00:00+08:00,11.515415322326211,11.706542362294634,11.27650629452428,11.372069358825684,149000,0.0,0.0
2020-04-01 00:00:00+08:00,11.22872430669077,11.419851346659193,11.22872430669077,11.372069358825684,85000,0.0,0.0
2020-04-06 00:00:00+08:00,11.46763373919675,11.46763373919675,10.846470609536517,11.03759765625,167000,0.0,0.0
2020-04-07 00:00:00+08:00,11.085380138015502,11.467634248416442,11.085380138015502,11.419852256774902,142000,0.0,0.0
2020-04-08 00:00:00+08:00,11.41985100794357,11.80210598790825,11.228723973644023,11.706542015075684,151000,0.0,0.0
2020-04-09 00:00:00+08:00,11.658761255460831,11.706543246905008,11.276507146638778,11.467634201049805,197000,0.0,0.0
2020-04-10 00:00:00+08:00,11.372069903416833,11.945451962146109,11.372069903416833,11.754324913024902,156000,0.0,0.0
2020-04-13 00:00:00+08:00,11.945451630486383,12.901087760925293,11.89766964169131,12.901087760925293,1726000,0.0,0.0
2020-04-14 00:00:00+08:00,13.18777929153581,13.570033393924692,12.901088259061313,13.283342361450195,1456000,0.0,0.0
2020-04-15 00:00:00+08:00,13.426688615537802,13.76116073431573,12.805524546894757,13.04443359375,321000,0.0,0.0
2020-04-16 00:00:00+08:00,13.044432596359858,13.283341624947882,12.853305555762562,13.092214584350586,309000,0.0,0.0
2020-04-17 00:00:00+08:00,13.187778874028357,13.23556086315567,12.757742794613813,12.805523872375488,440000,0.0,0.0
2020-04-20 00:00:00+08:00,12.85330581665039,12.901087805610965,12.805523827689814,12.85330581665039,75000,0.0,0.0
2020-04-21 00:00:00+08:00,12.948870399762637,12.948870399762637,12.327706336975098,12.327706336975098,207000,0.0,0.0
2020-04-22 00:00:00+08:00,12.232142714558801,12.232142714558801,11.658760668811656,11.993233680725098,272000,0.0,0.0
2020-04-23 00:00:00+08:00,12.136578515978638,12.327705557300028,11.993233462828998,12.18436050415039,20000,0.0,0.0
2020-04-24 00:00:00+08:00,12.088796527806883,12.18436050415039,11.945451474657245,12.18436050415039,100000,0.0,0.0
2020-04-27 00:00:00+08:00,12.18436024739192,12.566614321979543,12.088796273062213,12.423269271850586,271000,0.0,0.0
2020-04-28 00:00:00+08:00,12.518833760342886,12.948869839757428,12.518833760342886,12.805523872375488,199000,0.0,0.0
2020-04-29 00:00:00+08:00,12.901088124295894,12.901088124295894,12.566615104675293,12.566615104675293,181000,0.0,0.0
2020-04-30 00:00:00+08:00,12.614397094816187,12.75774306523887,12.518834025900057,12.566615104675293,167000,0.0,0.0
2020-05-04 00:00:00+08:00,12.279924137578746,12.51883316040039,12.232142150741298,12.51883316040039,113000,0.0,0.0
2020-05-05 00:00:00+08:00,12.518834069903408,13.474470230617694,12.518834069903408,13.37890625,700000,0.0,0.0
2020-05-06 00:00:00+08:00,13.570032596783381,14.716795747951654,13.426687544649454,14.000068664550781,2125000,0.0,0.0
2020-05-07 00:00:00+08:00,13.952288722511154,14.047851794581911,13.665597683567505,13.856724739074707,667000,0.0,0.0
2020-05-08 00:00:00+08:00,14.143415409683444,14.143415409683444,13.283342315251256,13.331124305725098,363000,0.0,0.0
2020-05-11 00:00:00+08:00,13.139997209821429,13.474470230617694,12.99665215026055,13.37890625,294000,0.0,0.0
2020-05-12 00:00:00+08:00,13.71337890625,13.761159983923008,13.426687883383764,13.71337890625,280000,0.0,0.0
2020-05-13 00:00:00+08:00,13.856724330357142,15.05126953125,13.856724330357142,15.05126953125,1910000,0.0,0.0
2020-05-14 00:00:00+08:00,15.576868206076528,15.959124116658328,14.621232986450195,14.621232986450195,2430000,0.0,0.0
2020-05-15 00:00:00+08:00,14.621233009955018,15.624651131382786,14.621233009955018,15.481306076049805,1090000,0.0,0.0
2020-05-18 00:00:00+08:00,15.576867068124399,16.914759011959834,15.481304920191413,16.580286026000977,1538000,0.0,0.0
2020-05-19 00:00:00+08:00,16.723632762308966,16.723632762308966,15.576868643800966,15.959124565124512,1243000,0.0,0.0
2020-05-20 00:00:00+08:00,16.102469811711092,16.29359595186653,15.672432806581513,15.767996788024902,307000,0.0,0.0
2020-05-21 00:00:00+08:00,15.767995747761653,16.5802868023441,15.433522746141676,15.86355972290039,866000,0.0,0.0
2020-05-22 00:00:00+08:00,15.720215200371339,16.006905312700326,15.3857421875,15.3857421875,443000,0.0,0.0
2020-05-25 00:00:00+08:00,15.529088404641223,16.436943532774354,15.385743337760049,16.006906509399414,1062000,0.0,0.0
2020-05-26 00:00:00+08:00,16.245813978673407,16.34137795485891,15.672431944291628,15.72021484375,615000,0.0,0.0
2020-05-27 00:00:00+08:00,15.767996098445012,15.911341152975533,15.43352308938629,15.52908706665039,298000,0.0,0.0
2020-05-28 00:00:00+08:00,15.529087243664494,15.767996278182409,15.3857421875,15.3857421875,280000,0.0,0.0
2020-05-29 00:00:00+08:00,15.194614320035498,15.385742277864892,15.00348727357175,15.290178298950195,227000,0.0,0.0
2020-06-01 00:00:00+08:00,15.385742505138257,15.385742505138257,15.099051475524902,15.099051475524902,188000,0.0,0.0
2020-06-02 00:00:00+08:00,15.146833332024526,15.19461441040039,15.146833332024526,15.19461441040039,140000,0.0,0.0
2020-06-03 00:00:00+08:00,15.194613886095352,15.767995920477132,15.194613886095352,15.72021484375,320000,0.0,0.0
2020-06-04 00:00:00+08:00,15.767996976091677,15.81577805601759,15.385742868490272,15.576869010925293,209000,0.0,0.0
2020-06-05 00:00:00+08:00,15.720215896165762,15.767996976091677,15.529087930999378,15.576869010925293,133000,0.0,0.0
2020-06-08 00:00:00+08:00,15.672432121180911,15.720215021178591,15.52908706665039,15.52908706665039,169000,0.0,0.0
2020-06-09 00:00:00+08:00,15.5290877457821,15.863560769468291,15.481306666426077,15.767996788024902,217000,0.0,0.0
2020-06-10 00:00:00+08:00,15.863560075709113,15.863560075709113,15.38574201211987,15.52908706665039,234000,0.0,0.0
2020-06-11 00:00:00+08:00,15.529087848245211,15.624651830319145,14.716796734713807,14.860142707824707,358000,0.0,0.0
2020-06-12 00:00:00+08:00,14.525669773942411,14.812360810614537,14.525669773942411,14.764578819274902,113000,0.0,0.0
2020-06-15 00:00:00+08:00,14.764578281416721,15.529087380903565,14.764578281416721,15.242396354675293,342000,0.0,0.0
2020-06-16 00:00:00+08:00,15.433523583935767,15.672432623385953,15.003487495198565,15.099051475524902,244000,0.0,0.0
2020-06-17 00:00:00+08:00,15.0990515672849,15.863560680444703,15.0990515672849,15.815777778625488,1982000,0.0,0.0
2020-06-18 00:00:00+08:00,15.959125148360993,16.962542421677533,15.767997180714326,16.24581527709961,4554000,0.0,0.0
2020-06-19 00:00:00+08:00,16.484722305103272,16.628067351905766,16.054685341964635,16.34137725830078,1342000,0.0,0.0
2020-06-22 00:00:00+08:00,16.436942088028847,17.679268322111767,16.29359521101591,17.297014236450195,5613000,0.0,0.0
2020-06-23 00:00:00+08:00,17.153669720015174,17.488140916249225,16.62806874086065,16.819196701049805,1654000,0.0,0.0
2020-06-24 00:00:00+08:00,17.153669908892045,17.153669908892045,16.341378803241067,16.628068923950195,798000,0.0,0.0
2020-06-29 00:00:00+08:00,16.628068919971767,17.201450983984174,16.58028784077546,16.675851821899414,1086000,0.0,0.0
2020-06-30 00:00:00+08:00,16.723632724409086,17.10588682213503,16.675851645717586,16.771413803100586,481000,0.0,0.0
2020-07-01 00:00:00+08:00,17.153669450052327,17.965958711244227,17.01032257080078,17.01032257080078,1480000,0.0,0.0
2020-07-02 00:00:00+08:00,17.01032140000653,18.634903456035413,16.91475925072461,18.157085418701172,7783000,0.0,0.0
2020-07-03 00:00:00+08:00,17.87039600887345,18.395995140950987,17.392577953264333,17.488140106201172,1661000,0.0,0.0
2020-07-06 00:00:00+08:00,17.63148751747117,17.727049673315296,16.96254149017459,17.05810546875,1179000,0.0,0.0
2020-07-07 00:00:00+08:00,17.15367000496815,17.24923216391887,16.389159974242965,16.53250503540039,1035000,0.0,0.0
2020-07-08 00:00:00+08:00,16.723632457760264,17.249231605911643,16.723632457760264,17.01032257080078,1512000,0.0,0.0
2020-07-09 00:00:00+08:00,17.010322392720102,17.63148733569041,17.010322392720102,17.20145034790039,1538000,0.0,0.0
2020-07-10 00:00:00+08:00,17.29701478236366,17.488140919860975,16.532504764180455,16.771413803100586,870000,0.0,0.0
2020-07-13 00:00:00+08:00,17.010322838507648,17.153669720015174,16.675851642273596,16.819196701049805,447000,0.0,0.0
2020-07-14 00:00:00+08:00,16.914760962128657,16.914760962128657,16.3413788947676,16.53250503540039,467000,0.0,0.0
2020-07-15 00:00:00+08:00,16.62806709996747,16.771412144598084,16.43694098137036,16.580286026000977,320000,0.0,0.0
2020-07-16 00:00:00+08:00,16.58028802699709,16.771414168660304,16.436942965066837,16.484724044799805,301000,0.0,0.0
2020-07-17 00:00:00+08:00,16.484723007771546,16.484723007771546,15.624650867564496,15.72021484375,868000,0.0,0.0
2020-07-20 00:00:00+08:00,15.720215896165762,15.81577805601759,14.95570585823159,15.576869010925293,527000,0.0,0.0
2020-07-21 00:00:00+08:00,15.767996976091677,16.245815066276272,15.529087930999378,15.576869010925293,370000,0.0,0.0
2020-07-22 00:00:00+08:00,15.672432993508485,15.95912494125806,15.576869010925293,15.576869010925293,286000,0.0,0.0
2020-07-23 00:00:00+08:00,15.576869006231632,15.959124936449216,15.576869006231632,15.624651908874512,192000,0.0,0.0
2020-07-24 00:00:00+08:00,15.576868321475564,15.624651222017915,15.146833152982085,15.3857421875,242000,0.0,0.0
2020-07-27 00:00:00+08:00,15.720215896165762,15.720215896165762,14.95570585823159,15.576869010925293,357000,0.0,0.0
2020-07-28 00:00:00+08:00,15.529087848245211,15.863560874138301,14.62123366400555,14.860142707824707,965000,0.0,0.0
2020-07-29 00:00:00+08:00,15.003487362799978,15.385742369366454,14.955705373058462,15.19461441040039,178000,0.0,0.0
2020-07-30 00:00:00+08:00,15.672432391877692,15.720215292700686,15.242396309492847,15.290178298950195,130000,0.0,0.0
2020-07-31 00:00:00+08:00,15.385742369366454,15.52908742722535,15.051269352541494,15.19461441040039,89000,0.0,0.0
2020-08-03 00:00:00+08:00,15.385742552046265,15.433523630989448,14.955705550632306,15.05126953125,184000,0.0,0.0
2020-08-04 00:00:00+08:00,15.146833241943796,15.672432391877692,15.146833241943796,15.290178298950195,265000,0.0,0.0
2020-08-05 00:00:00+08:00,15.194614544485582,15.385742505138257,15.099051475524902,15.099051475524902,152000,0.0,0.0
2020-08-06 00:00:00+08:00,15.146833511867694,15.194614590810877,15.003487540941153,15.05126953125,138000,0.0,0.0
2020-08-07 00:00:00+08:00,15.099051567886002,15.194614637431242,15.003487586975098,15.003487586975098,134000,0.0,0.0
2020-08-10 00:00:00+08:00,15.003487120163076,15.003487120163076,14.525669053206508,14.573451042175293,313000,0.0,0.0
2020-08-11 00:00:00+08:00,14.764578454960798,14.764578454960798,14.095633326809093,14.238978385925293,345000,0.0,0.0
2020-08-12 00:00:00+08:00,14.238978520911328,14.525669553227232,13.952288399961093,14.143415451049805,275000,0.0,0.0
2020-08-13 00:00:00+08:00,14.14341536084456,14.14341536084456,13.331124259691153,13.37890625,769000,0.0,0.0
2020-08-14 00:00:00+08:00,13.378905127937266,13.570032161777538,12.948869073955256,13.522250175476074,403000,0.0,0.0
2020-08-17 00:00:00+08:00,13.71337877532619,13.808941841125488,13.378905766614574,13.808941841125488,363000,0.0,0.0
2020-08-18 00:00:00+08:00,14.047850872672177,14.047850872672177,13.71337877532619,13.808941841125488,219000,0.0,0.0
2020-08-19 00:00:00+08:00,13.808941885586895,14.095632906639123,13.761159896850586,13.761159896850586,212000,0.0,0.0
2020-08-20 00:00:00+08:00,13.76116039725836,13.76116039725836,13.187779245669233,13.331124305725098,358000,0.0,0.0
2020-08-21 00:00:00+08:00,13.378906026744925,13.808942109617167,13.378906026744925,13.570033073425293,180000,0.0,0.0
2020-08-24 00:00:00+08:00,13.761160392572222,14.525669505796383,13.570033342107598,14.191197395324707,340000,0.0,0.0
2020-08-25 00:00:00+08:00,14.191196615883506,14.430105643683797,13.856723612416854,14.000068664550781,169000,0.0,0.0
2020-08-26 00:00:00+08:00,14.000069479209019,14.621233534454422,13.952288399961093,14.143415451049805,223000,0.0,0.0
2020-08-27 00:00:00+08:00,14.143415544357651,14.525669649056908,14.0478515625,14.0478515625,103000,0.0,0.0
2020-08-28 00:00:00+08:00,14.143414628050325,14.143414628050325,14.000068664550781,14.000068664550781,152000,0.0,0.0
2020-08-31 00:00:00+08:00,14.000069571571174,14.143415544357651,13.904506501079196,14.0478515625,139000,0.0,0.0
2020-09-01 00:00:00+08:00,13.952288722511154,14.047851794581911,13.713379675285728,13.856724739074707,187000,0.0,0.0
2020-09-02 00:00:00+08:00,13.761159764841464,14.095632771421442,13.761159764841464,13.904505729675293,443000,0.0,0.0
2020-09-03 00:00:00+08:00,13.904506636231243,14.143415681831899,13.808942653444708,13.952288627624512,89000,0.0,0.0
2020-09-04 00:00:00+08:00,13.856723829707953,13.856723829707953,13.5700328095788,13.808941841125488,141000,0.0,0.0
2020-09-07 00:00:00+08:00,13.808942018194946,13.808942018194946,13.665596961975098,13.665596961975098,141000,0.0,0.0
2020-09-08 00:00:00+08:00,13.665596917211355,13.8567239620003,13.665596917211355,13.71337890625,131000,0.0,0.0
2020-09-09 00:00:00+08:00,13.808941972961653,14.000069017750599,13.665596917211355,13.71337890625,197000,0.0,0.0
2020-09-10 00:00:00+08:00,13.808941972961653,13.8567239620003,13.665596917211355,13.71337890625,118000,0.0,0.0
2020-09-11 00:00:00+08:00,13.713378951170261,13.761160028999782,13.617814972779934,13.665596961975098,120000,0.0,0.0
2020-09-14 00:00:00+08:00,13.665597007052973,13.713378996405753,13.474469961007504,13.617815017700195,244000,0.0,0.0
2020-09-15 00:00:00+08:00,13.5700328095788,13.808941841125488,13.5700328095788,13.808941841125488,110000,0.0,0.0
2020-09-16 00:00:00+08:00,13.713378819479908,13.761159896850586,13.617814842007288,13.761159896850586,103000,0.0,0.0
2020-09-17 00:00:00+08:00,13.761160755638262,13.904506730792932,13.761160755638262,13.856724739074707,93000,0.0,0.0
2020-09-18 00:00:00+08:00,13.856724242867108,14.334542320207351,13.856724242867108,14.286760330200195,285000,0.0,0.0
2020-09-21 00:00:00+08:00,14.286760511524923,14.430106483365709,14.143415451049805,14.143415451049805,281000,0.0,0.0
2020-09-22 00:00:00+08:00,14.286760744646019,14.286760744646019,13.952288627624512,13.952288627624512,114000,0.0,0.0
2020-09-23 00:00:00+08:00,14.047851469822614,14.238978520911328,12.901088251924667,14.143415451049805,471000,0.0,0.0
2020-09-24 00:00:00+08:00,13.713378687929145,13.904505729675293,13.522250734817373,13.904505729675293,177000,0.0,0.0
2020-09-25 00:00:00+08:00,13.904505951038946,13.952287940077591,13.570032939134062,13.71337890625,174000,0.0,0.0
2020-09-28 00:00:00+08:00,14.047851291530074,14.430106300221663,13.856724242867108,14.286760330200195,386000,0.0,0.0
2020-09-29 00:00:00+08:00,14.286760464874186,14.334542455331759,14.191197395324707,14.191197395324707,260000,0.0,0.0
2020-09-30 00:00:00+08:00,14.286759976056755,14.621232986450195,14.191196909776938,14.621232986450195,404000,0.0,0.0
2020-10-05 00:00:00+08:00,14.812360142615018,15.43352326792036,14.812360142615018,15.337959289550781,649000,0.0,0.0
2020-10-06 00:00:00+08:00,15.385742684982688,15.767996788024902,15.146833642739885,15.767996788024902,481000,0.0,0.0
2020-10-07 00:00:00+08:00,15.767995662929676,16.102468662750184,15.576867713680468,15.911340713500977,395000,0.0,0.0
2020-10-08 00:00:00+08:00,16.054686909623726,16.245814872510504,15.720215708668878,15.767996788024902,497000,0.0,0.0
2020-10-12 00:00:00+08:00,16.006905691964285,16.7236328125,15.959124613021102,16.7236328125,727000,0.0,0.0
2020-10-13 00:00:00+08:00,16.628068654027206,16.86697769165039,16.341378537971913,16.86697769165039,417000,0.0,0.0
2020-10-14 00:00:00+08:00,16.914760150788624,17.297014236450195,16.914760150788624,17.297014236450195,1221000,0.0,0.0
2020-10-15 00:00:00+08:00,17.48814054896962,17.48814054896962,16.43694225820009,17.105886459350586,1598000,0.0,0.0
2020-10-16 00:00:00+08:00,16.723632901095726,16.771413980292035,16.245814818207275,16.675851821899414,562000,0.0,0.0
2020-10-19 00:00:00+08:00,16.484722827205363,16.484722827205363,15.815776823965411,15.86355972290039,478000,0.0,0.0
2020-10-20 00:00:00+08:00,15.815776998727218,15.911340974921924,15.337958940484931,15.672431945800781,341000,0.0,0.0
2020-10-21 00:00:00+08:00,15.624650867564496,15.767995920477132,15.576867968106125,15.72021484375,102000,0.0,0.0
2020-10-22 00:00:00+08:00,16.10246972134679,16.10246972134679,15.720215620449718,15.815777778625488,137000,0.0,0.0
2020-10-23 00:00:00+08:00,15.815776486713421,16.245813454302127,15.624650363242694,16.150249481201172,182000,0.0,0.0
2020-10-26 00:00:00+08:00,16.15024956603646,16.389158588678217,16.05468559243352,16.102468490600586,244000,0.0,0.0
2020-10-27 00:00:00+08:00,16.102470403844478,16.38916053598571,16.00690641888693,16.0546875,157000,0.0,0.0
2020-10-28 00:00:00+08:00,16.150251484957547,16.150251484957547,15.95912533777386,16.0546875,256000,0.0,0.0
2020-10-29 00:00:00+08:00,15.242397092417377,16.24581527709961,15.242397092417377,16.24581527709961,547000,0.0,0.0
2020-10-30 00:00:00+08:00,16.436941400504036,16.436941400504036,16.150249481201172,16.150249481201172,1613000,0.0,0.0
2020-11-02 00:00:00+08:00,16.19803237911724,16.19803237911724,16.00690443291533,16.150249481201172,312000,0.0,0.0
2020-11-03 00:00:00+08:00,16.150250323937353,17.105886459350586,16.006905268171625,17.105886459350586,1017000,0.0,0.0
2020-11-04 00:00:00+08:00,16.62806709996747,16.62806709996747,16.245813040042115,16.580286026000977,471000,0.0,0.0
2020-11-05 00:00:00+08:00,16.43694123041283,16.43694123041283,16.054685341964635,16.34137725830078,306000,0.0,0.0
2020-11-06 00:00:00+08:00,16.150250751525164,16.7236328125,15.959124613021102,16.7236328125,682000,0.0,0.0
2020-11-09 00:00:00+08:00,16.436943244746278,16.532505405838226,16.24581527709961,16.24581527709961,195000,0.0,0.0
2020-11-10 00:00:00+08:00,16.24581527709961,16.436943244746278,16.1024702127303,16.24581527709961,94000,0.0,0.0
2020-11-11 00:00:00+08:00,16.293596357645583,16.341379260922942,16.198034196553635,16.24581527709961,113000,0.0,0.0
2020-11-12 00:00:00+08:00,16.245813454302127,16.245813454302127,16.054685508100217,16.150249481201172,118000,0.0,0.0
2020-11-13 00:00:00+08:00,16.102468490600586,16.15024956603646,16.006904516997643,16.102468490600586,94000,0.0,0.0
2020-11-16 00:00:00+08:00,16.102470123839986,16.53250531457399,16.006906140544192,16.293596267700195,518000,0.0,0.0
2020-11-17 00:00:00+08:00,16.29359452952036,16.341377427436527,16.19803237915039,16.19803237915039,296000,0.0,0.0
2020-11-18 00:00:00+08:00,16.245813454335376,16.245813454335376,16.150249481234226,16.19803237915039,61000,0.0,0.0
2020-11-19 00:00:00+08:00,16.19803237915039,16.29359452952036,16.150249481234226,16.19803237915039,63000,0.0,0.0
2020-11-20 00:00:00+08:00,16.24581527709961,16.293596357645583,16.198034196553635,16.24581527709961,136000,0.0,0.0
2020-11-23 00:00:00+08:00,16.24581527709961,16.341379260922942,16.150251293276273,16.24581527709961,165000,0.0,0.0
2020-11-24 00:00:00+08:00,16.245813454335376,16.245813454335376,16.150249481234226,16.19803237915039,98000,0.0,0.0
2020-11-25 00:00:00+08:00,16.15025157628059,16.24581556177851,16.006906509399414,16.006906509399414,150000,0.0,0.0
2020-11-26 00:00:00+08:00,16.00690641888693,16.150251484957547,16.00690641888693,16.0546875,226000,0.0,0.0
2020-11-27 00:00:00+08:00,16.150251484957547,16.198034388802025,16.0546875,16.0546875,105000,0.0,0.0
2020-11-30 00:00:00+08:00,16.10246958443744,17.010322838507648,16.054686683024492,16.819196701049805,1399000,0.0,0.0
2020-12-01 00:00:00+08:00,16.81919520983356,16.81919520983356,16.34137717445608,16.389158248901367,245000,0.0,0.0
2020-12-02 00:00:00+08:00,16.34137717445608,16.723631238211834,16.293594277279638,16.389158248901367,255000,0.0,0.0
2020-12-03 00:00:00+08:00,16.436943532774354,16.436943532774354,16.006906509399414,16.006906509399414,322000,0.0,0.0
2020-12-04 00:00:00+08:00,16.05468576407228,16.436941662570693,15.911340713500977,15.911340713500977,426000,0.0,0.0
2020-12-07 00:00:00+08:00,16.054686722724078,16.245814683385852,15.959124565124512,15.959124565124512,330000,0.0,0.0
2020-12-08 00:00:00+08:00,16.150250891067117,16.245814872510504,15.767996788024902,15.767996788024902,249000,0.0,0.0
2020-12-09 00:00:00+08:00,15.959124565124512,16.102469624255182,15.959124565124512,15.959124565124512,165000,0.0,0.0
2020-12-10 00:00:00+08:00,16.198032128389066,16.436941146077807,16.0546852595909,16.389158248901367,627000,0.0,0.0
2020-12-11 00:00:00+08:00,16.436941400537677,16.436941400537677,16.10246840604924,16.19803237915039,347000,0.0,0.0
2020-12-14 00:00:00+08:00,16.24581527709961,16.389160341468916,16.24581527709961,16.24581527709961,216000,0.0,0.0
2020-12-15 00:00:00+08:00,16.48472423429178,16.48472423429178,16.245815187417985,16.293596267700195,182000,0.0,0.0
2020-12-16 00:00:00+08:00,16.38916025099599,16.38916025099599,16.293596267700195,16.293596267700195,140000,0.0,0.0
2020-12-17 00:00:00+08:00,16.29359616876029,16.532505214183352,16.24581508876822,16.43694305419922,138000,0.0,0.0
2020-12-18 00:00:00+08:00,16.771414361447782,16.771414361447782,16.293596267700195,16.293596267700195,212000,0.0,0.0
2020-12-21 00:00:00+08:00,16.341378803241067,16.67585182588927,16.341378803241067,16.628068923950195,267000,0.0,0.0
2020-12-22 00:00:00+08:00,16.72363367163873,17.87039785250081,16.72363367163873,17.631488800048828,1204000,0.0,0.0
2020-12-23 00:00:00+08:00,17.583706091468265,17.63148899612891,16.866978926141588,17.44036102294922,671000,0.0,0.0
2020-12-24 00:00:00+08:00,17.0103222185533,17.488140278880426,17.0103222185533,17.392578125,291000,0.0,0.0
2020-12-25 00:00:00+08:00,17.201450261312058,17.488140369908088,17.201450261312058,17.249231338500977,275000,0.0,0.0
2020-12-28 00:00:00+08:00,17.5837044355297,17.5837044355297,17.058105292880807,17.20145034790039,345000,0.0,0.0
2020-12-29 00:00:00+08:00,17.153669627177393,17.20145070560043,16.86697768844527,16.91476058959961,227000,0.0,0.0
2020-12-30 00:00:00+08:00,16.91476059281381,17.05810565084146,16.86697769165039,16.86697769165039,177000,0.0,0.0
2020-12-31 00:00:00+08:00,16.819196522941944,17.010322658375845,16.819196522941944,16.962541580200195,142000,0.0,0.0
2021-01-04 00:00:00+08:00,17.010322481263007,17.201450437438165,16.914760325906705,17.105886459350586,221000,0.0,0.0
2021-01-05 00:00:00+08:00,17.05810565084146,17.05810565084146,16.86697769165039,16.86697769165039,130000,0.0,0.0
2021-01-06 00:00:00+08:00,17.01032256809665,17.488140638242417,16.914760412252527,17.05810546875,385000,0.0,0.0
2021-01-07 00:00:00+08:00,17.29701459562364,17.29701459562364,16.962541580200195,16.962541580200195,98000,0.0,0.0
2021-01-08 00:00:00+08:00,16.962541580200195,16.962541580200195,16.723632543859345,16.962541580200195,258000,0.0,0.0
2021-01-11 00:00:00+08:00,16.96254185267857,16.96254185267857,16.532504851264612,16.7236328125,130000,0.0,0.0
2021-01-12 00:00:00+08:00,16.723632998764522,16.86697805992195,16.389159974242965,16.53250503540039,193000,0.0,0.0
2021-01-13 00:00:00+08:00,16.53250476076607,17.058105739920595,16.53250476076607,16.819196701049805,112000,0.0,0.0
2021-01-14 00:00:00+08:00,16.819195041295714,16.819195041295714,16.580286026000977,16.580286026000977,142000,0.0,0.0
2021-01-15 00:00:00+08:00,16.675850163766547,16.675850163766547,16.245813202834352,16.389158248901367,186000,0.0,0.0
2021-01-18 00:00:00+08:00,16.341378982869553,16.628069106730052,16.341378982869553,16.484724044799805,55000,0.0,0.0
2021-01-19 00:00:00+08:00,16.38915850262151,16.436941400537677,16.150249481234226,16.19803237915039,161000,0.0,0.0
2021-01-20 00:00:00+08:00,16.341377775862867,16.341377775862867,15.815776823965411,15.86355972290039,132000,0.0,0.0
2021-01-21 00:00:00+08:00,15.911341848824314,16.150250891067117,15.242396712817605,15.767996788024902,161000,0.0,0.0
2021-01-22 00:00:00+08:00,15.767996788024902,15.815777867380927,15.576868825138124,15.767996788024902,61000,0.0,0.0
2021-01-25 00:00:00+08:00,16.245813980237774,16.245813980237774,15.672431945800781,15.672431945800781,89000,0.0,0.0
2021-01-26 00:00:00+08:00,15.672431772622913,16.00690477424289,15.672431772622913,15.86355972290039,90000,0.0,0.0
2021-01-27 00:00:00+08:00,15.720215708668878,16.006905830267705,15.576868825138124,15.767996788024902,131000,0.0,0.0
2021-01-28 00:00:00+08:00,15.767995921995485,15.767995921995485,15.576867969606075,15.672431945800781,153000,0.0,0.0
2021-01-29 00:00:00+08:00,15.672432988786028,15.720215891428907,15.290178881299806,15.624651908874512,334000,0.0,0.0
2021-02-01 00:00:00+08:00,16.054687101109888,16.054687101109888,15.481306851073464,15.576869010925293,74000,0.0,0.0
2021-02-02 00:00:00+08:00,15.576869006231632,15.767996971340425,15.433523943765719,15.624651908874512,120000,0.0,0.0
2021-02-03 00:00:00+08:00,15.672432121180911,15.815777175711432,15.481305989383971,15.52908706665039,149000,0.0,0.0
2021-02-04 00:00:00+08:00,15.52908706665039,15.672432121180911,15.337959112122189,15.52908706665039,78000,0.0,0.0
2021-02-05 00:00:00+08:00,15.385742277864892,15.48130625677959,15.00348727357175,15.290178298950195,116000,0.0,0.0
2021-02-17 00:00:00+08:00,15.337959965832995,15.576869010925293,15.29017888590708,15.576869010925293,57000,0.0,0.0
2021-02-18 00:00:00+08:00,15.767996788024902,15.863560769468291,15.624651727225489,15.767996788024902,85000,0.0,0.0
2021-02-19 00:00:00+08:00,15.767995921995485,15.767995921995485,15.48130581614261,15.672431945800781,96000,0.0,0.0
2021-02-22 00:00:00+08:00,15.672432718630503,15.959124661351803,15.481306579547633,15.815777778625488,166000,0.0,0.0
2021-02-23 00:00:00+08:00,15.815776997204264,15.863559896662634,15.576867968106125,15.72021484375,75000,0.0,0.0
2021-02-24 00:00:00+08:00,15.767995920477132,15.863559896662634,15.576867968106125,15.72021484375,135000,0.0,0.0
2021-02-25 00:00:00+08:00,15.720214845263753,15.720214845263753,15.529086892874343,15.672431945800781,107000,0.0,0.0
2021-02-26 00:00:00+08:00,15.43352308938629,15.624651043914492,15.38574201211987,15.52908706665039,89000,0.0,0.0
2021-03-02 00:00:00+08:00,15.576868233455077,15.62465113372742,15.385742100559513,15.433523178100586,73000,0.0,0.0
2021-03-03 00:00:00+08:00,15.433523265311072,15.433523265311072,15.194614230793157,15.3857421875,272000,0.0,0.0
2021-03-04 00:00:00+08:00,15.194614365076305,15.29017834427428,15.194614365076305,15.242396354675293,78000,0.0,0.0
2021-03-05 00:00:00+08:00,15.290178298950195,15.290178298950195,15.146833241943796,15.290178298950195,30000,0.0,0.0
2021-03-08 00:00:00+08:00,15.194614544485582,15.337959603609429,14.955705505035395,15.099051475524902,182000,0.0,0.0
2021-03-09 00:00:00+08:00,15.003486850955596,15.146832815289892,14.812359809875488,14.812359809875488,194000,0.0,0.0
2021-03-10 00:00:00+08:00,14.860142340145648,14.860142340145648,14.23897829476567,14.334542274475098,295000,0.0,0.0
2021-03-11 00:00:00+08:00,14.33454196487948,14.716796052730013,14.33454196487948,14.621232986450195,136000,0.0,0.0
2021-03-12 00:00:00+08:00,14.716796827935267,14.812360810614537,14.669015747961316,14.764578819274902,126000,0.0,0.0
2021-03-15 00:00:00+08:00,14.812360810614537,14.812360810614537,14.669015747961316,14.764578819274902,90000,0.0,0.0
2021-03-16 00:00:00+08:00,14.812359809875488,14.907923786098353,14.716795833652624,14.812359809875488,160000,0.0,0.0
2021-03-17 00:00:00+08:00,14.812360056410279,15.48130607837293,14.812360056410279,15.433523178100586,320000,0.0,0.0
2021-03-18 00:00:00+08:00,15.385741341887385,16.29359452952036,15.385741341887385,16.19803237915039,798000,0.0,0.0
2021-03-19 00:00:00+08:00,16.245815469915094,16.34137945487264,15.672433382901222,16.0546875,520000,0.0,0.0
2021-03-22 00:00:00+08:00,16.05468681952757,16.245814781341775,15.815777778625488,15.815777778625488,203000,0.0,0.0
2021-03-23 00:00:00+08:00,15.86355963755428,16.05468576407228,15.86355963755428,15.911340713500977,149000,0.0,0.0
2021-03-24 00:00:00+08:00,16.05468681952757,16.05468681952757,15.672432718630503,15.815777778625488,217000,0.0,0.0
2021-03-25 00:00:00+08:00,15.815777867380927,15.959124750911679,15.720215708668878,15.767996788024902,64000,0.0,0.0
2021-03-26 00:00:00+08:00,15.767996788024902,15.863560769468291,15.720215708668878,15.767996788024902,146000,0.0,0.0
2021-03-29 00:00:00+08:00,15.863560769468291,15.863560769468291,15.576868825138124,15.767996788024902,329000,0.0,0.0
2021-03-30 00:00:00+08:00,15.863559896662634,15.863559896662634,15.672431944291628,15.72021484375,119000,0.0,0.0
2021-03-31 00:00:00+08:00,15.959123872848139,16.00690494957527,15.72021484375,15.72021484375,87000,0.0,0.0
2021-04-01 00:00:00+08:00,15.672432993508485,15.720215896165762,15.576869010925293,15.576869010925293,223000,0.0,0.0
2021-04-07 00:00:00+08:00,15.672431945800781,15.767995921995485,15.624650869069049,15.672431945800781,167000,0.0,0.0
2021-04-08 00:00:00+08:00,15.767996788024902,15.767996788024902,15.624651727225489,15.767996788024902,189000,0.0,0.0
2021-04-09 00:00:00+08:00,15.767997457020318,16.293596643161763,15.767997457020318,16.006906509399414,298000,0.0,0.0
2021-04-12 00:00:00+08:00,16.00690477424289,16.00690477424289,15.815776823965411,15.86355972290039,245000,0.0,0.0
2021-04-13 00:00:00+08:00,16.054686722724078,16.054686722724078,15.815777683262523,15.959124565124512,286000,0.0,0.0
2021-04-14 00:00:00+08:00,16.054686026302402,16.054686026302402,15.672431944291628,15.72021484375,328000,0.0,0.0
2021-04-15 00:00:00+08:00,15.815776738876373,16.05468576407228,15.815776738876373,15.911340713500977,104000,0.0,0.0
2021-04-16 00:00:00+08:00,15.86355972290039,15.95912369803913,15.815776823965411,15.86355972290039,88000,0.0,0.0
2021-04-19 00:00:00+08:00,15.863560680444703,15.959124661351803,15.720215620449718,15.815777778625488,241000,0.0,0.0
2021-04-20 00:00:00+08:00,15.959124661351803,16.05468681952757,15.815777778625488,15.815777778625488,306000,0.0,0.0
2021-04-21 00:00:00+08:00,15.815777778625488,16.05468681952757,15.815777778625488,15.815777778625488,492000,0.0,0.0
2021-04-22 00:00:00+08:00,15.911340799104151,16.05468585044665,15.815776823965411,15.86355972290039,535000,0.0,0.0
2021-04-23 00:00:00+08:00,15.911340799104151,15.95912369803913,15.815776823965411,15.86355972290039,358000,0.0,0.0
2021-04-26 00:00:00+08:00,15.86355963755428,16.00690468812558,15.86355963755428,15.911340713500977,360000,0.0,0.0
2021-04-27 00:00:00+08:00,15.959123357763106,16.245813454335376,15.959123357763106,16.19803237915039,510000,0.0,0.0
2021-04-28 00:00:00+08:00,16.34137742740308,17.0103215936474,15.86355938462949,16.150249481201172,1090000,0.0,0.0
2021-04-29 00:00:00+08:00,16.532504801647192,16.532504801647192,15.959124565124512,15.959124565124512,330000,0.0,0.0
2021-05-03 00:00:00+08:00,16.00690477424289,16.150249825585387,15.815776823965411,15.86355972290039,478000,0.0,0.0
2021-05-04 00:00:00+08:00,16.05468629979089,16.05468629979089,15.194614144932677,15.433523178100586,476000,0.0,0.0
2021-05-05 00:00:00+08:00,15.433523265311072,15.481306165853423,15.194614230793157,15.3857421875,160000,0.0,0.0
2021-05-06 00:00:00+08:00,15.3857421875,15.529087243664494,15.290178209146578,15.3857421875,244000,0.0,0.0
2021-05-07 00:00:00+08:00,15.337959200287168,15.433523178100586,15.290178122746095,15.433523178100586,117000,0.0,0.0
2021-05-10 00:00:00+08:00,15.48130625677959,15.48130625677959,15.194614320035498,15.290178298950195,178000,0.0,0.0
2021-05-11 00:00:00+08:00,15.242396222546843,15.385742190101212,15.194614233362053,15.337959289550781,287000,0.0,0.0
2021-05-12 00:00:00+08:00,15.385741844481434,15.385741844481434,14.525668792572516,14.812359809875488,312000,0.0,0.0
2021-05-13 00:00:00+08:00,14.477887470275164,15.385742552046265,14.477887470275164,15.05126953125,156000,0.0,0.0
2021-05-14 00:00:00+08:00,15.00348776956993,15.00348776956993,14.81236071678774,14.860142707824707,84000,0.0,0.0
2021-05-17 00:00:00+08:00,14.764578835847328,14.764578835847328,13.952288627624512,13.952288627624512,379000,0.0,0.0
2021-05-18 00:00:00+08:00,13.85672402729309,14.477887153625488,13.85672402729309,14.477887153625488,95000,0.0,0.0
2021-05-19 00:00:00+08:00,14.477887658128083,14.477887658128083,13.952288492008021,14.0478515625,251000,0.0,0.0
2021-05-20 00:00:00+08:00,14.095632640217143,14.382323655850616,14.000068664550781,14.000068664550781,78000,0.0,0.0
2021-05-21 00:00:00+08:00,14.334542455331759,14.334542455331759,14.000069433494419,14.191197395324707,21000,0.0,0.0
2021-05-24 00:00:00+08:00,14.191197395324707,14.238978474416614,14.04785142395199,14.191197395324707,87000,0.0,0.0
2021-05-25 00:00:00+08:00,14.238977604348586,14.334541579424325,14.047850565562717,14.095632553100586,204000,0.0,0.0
2021-05-26 00:00:00+08:00,14.047851699045363,14.09563369043863,13.904506636231243,13.952288627624512,470000,0.0,0.0
2021-05-27 00:00:00+08:00,14.04785142395199,14.191197395324707,14.000069433494419,14.191197395324707,177000,0.0,0.0
2021-05-28 00:00:00+08:00,14.62123363091456,14.62123363091456,13.85672451015037,14.0478515625,240000,0.0,0.0
2021-05-31 00:00:00+08:00,13.904506730792932,13.952288722511154,13.808942747356484,13.856724739074707,171000,0.0,0.0
2021-06-01 00:00:00+08:00,13.856723829707953,13.95228780687288,13.808941841125488,13.808941841125488,118000,0.0,0.0
2021-06-02 00:00:00+08:00,13.808941885586895,13.856723874323206,13.713378819479908,13.761159896850586,95000,0.0,0.0
2021-06-03 00:00:00+08:00,13.856724739074707,13.952288722511154,13.856724739074707,13.856724739074707,86000,0.0,0.0
2021-06-04 00:00:00+08:00,13.856723874323206,13.904505863059516,13.761159896850586,13.761159896850586,167000,0.0,0.0
2021-06-07 00:00:00+08:00,13.761160528292718,14.0478515625,13.761160528292718,14.0478515625,86000,0.0,0.0
2021-06-08 00:00:00+08:00,14.047850652383962,14.047850652383962,13.904505600250035,14.000068664550781,99000,0.0,0.0
2021-06-09 00:00:00+08:00,13.904506042451223,14.000069109791136,13.426687971654724,13.617815017700195,203000,0.0,0.0
2021-06-10 00:00:00+08:00,13.665597007052973,13.665597007052973,13.570033028347417,13.617815017700195,139000,0.0,0.0
2021-06-11 00:00:00+08:00,13.761160255712674,13.808942245695038,13.378906158585078,13.474470138549805,330000,0.0,0.0
2021-06-15 00:00:00+08:00,13.474470138549805,13.665597187113603,13.474470138549805,13.474470138549805,62000,0.0,0.0
2021-06-16 00:00:00+08:00,13.522250175476074,13.522250175476074,13.378905127937266,13.522250175476074,70000,0.0,0.0
2021-06-17 00:00:00+08:00,13.522250175476074,13.522250175476074,13.474469100540196,13.522250175476074,57000,0.0,0.0
2021-06-18 00:00:00+08:00,13.522250175476074,13.522250175476074,13.426687114238732,13.522250175476074,58000,0.0,0.0
2021-06-21 00:00:00+08:00,13.522250175476074,13.570032161777538,13.331123141635802,13.522250175476074,165000,0.0,0.0
2021-06-22 00:00:00+08:00,13.570032289488449,13.570032289488449,13.331123267098281,13.426687240600586,106000,0.0,0.0
2021-06-23 00:00:00+08:00,13.378905253849434,13.426687240600586,13.283341280347129,13.426687240600586,87000,0.0,0.0
2021-06-24 00:00:00+08:00,13.378906158585078,13.474470138549805,13.28334217862035,13.474470138549805,152000,0.0,0.0
2021-06-25 00:00:00+08:00,13.426688286672785,13.47447027714663,13.331124305725098,13.331124305725098,117000,0.0,0.0
2021-06-28 00:00:00+08:00,13.378906432364387,13.426688423324537,13.23556137084961,13.23556137084961,261000,0.0,0.0
2021-06-29 00:00:00+08:00,13.235561236143077,13.331124305725098,13.235561236143077,13.331124305725098,138000,0.0,0.0
2021-06-30 00:00:00+08:00,13.378906296198942,13.426688286672785,13.283342315251256,13.331124305725098,379000,0.0,0.0
2021-07-01 00:00:00+08:00,13.37890625,13.426688240308847,13.283342269382306,13.37890625,140000,0.0,0.0
2021-07-02 00:00:00+08:00,13.378906158585078,13.570033207148876,13.378906158585078,13.474470138549805,183000,0.0,0.0
2021-07-05 00:00:00+08:00,13.522251309560877,13.522251309560877,13.331124259691153,13.37890625,192000,0.0,0.0
2021-07-06 00:00:00+08:00,13.378906296198942,13.426688286672785,13.331124305725098,13.331124305725098,72000,0.0,0.0
2021-07-07 00:00:00+08:00,13.331124352090223,13.331124352090223,13.283342361450195,13.283342361450195,88000,0.0,0.0
2021-07-08 00:00:00+08:00,13.331124305725098,13.378906296198942,13.283342315251256,13.331124305725098,142000,0.0,0.0
2021-07-09 00:00:00+08:00,13.331124352090223,13.331124352090223,13.235561282175837,13.283342361450195,162000,0.0,0.0
2021-07-12 00:00:00+08:00,13.28334153688267,13.331123524556617,13.18777847290039,13.18777847290039,194000,0.0,0.0
2021-07-13 00:00:00+08:00,13.28334153688267,13.28334153688267,13.18777847290039,13.18777847290039,44000,0.0,0.0
2021-07-14 00:00:00+08:00,13.18777956868256,13.18777956868256,13.04443359375,13.04443359375,243000,0.0,0.0
2021-07-15 00:00:00+08:00,13.044433731808608,13.044433731808608,12.948870658874512,12.948870658874512,194000,0.0,0.0
2021-07-16 00:00:00+08:00,12.996651738515437,12.996651738515437,12.853305772130222,12.901087760925293,172000,0.0,0.0
2021-07-19 00:00:00+08:00,12.94886953174402,13.092214584350586,12.90108754375329,13.092214584350586,91000,0.0,0.0
2021-07-20 00:00:00+08:00,13.187778723650348,14.33454189280133,13.187778723650348,13.808941841125488,695000,0.0,0.0
2021-07-21 00:00:00+08:00,14.000069389918021,14.191197351153408,13.37890625,13.37890625,212000,0.0,0.0
2021-07-22 00:00:00+08:00,13.378905253849434,13.570032289488449,13.378905253849434,13.426687240600586,72000,0.0,0.0
2021-07-23 00:00:00+08:00,13.617815290178571,13.617815290178571,13.331124259691153,13.37890625,77000,0.0,0.0
2021-07-26 00:00:00+08:00,13.474469487578453,13.474469487578453,13.18777847290039,13.18777847290039,189000,0.0,0.0
2021-07-27 00:00:00+08:00,13.283342544833166,13.283342544833166,13.092215491000124,13.139997482299805,121000,0.0,0.0
2021-07-28 00:00:00+08:00,13.139996839048205,13.139996839048205,12.85330581665039,12.85330581665039,147000,0.0,0.0
2021-07-29 00:00:00+08:00,12.901088666724615,12.948870658874512,12.853306674574716,12.948870658874512,62000,0.0,0.0
2021-07-30 00:00:00+08:00,12.948869749720366,12.996651738515437,12.901087760925293,12.901087760925293,38000,0.0,0.0
2021-08-02 00:00:00+08:00,12.901087805610965,12.901087805610965,12.709960761134301,12.85330581665039,95000,0.0,0.0
2021-08-03 00:00:00+08:00,12.85330581665039,12.85330581665039,12.85330581665039,12.85330581665039,32000,0.0,0.0
2021-08-04 00:00:00+08:00,12.853305949316779,12.853305949316779,12.709960892321142,12.757742881774902,109000,0.0,0.0
2021-08-05 00:00:00+08:00,12.757742881774902,12.853305949316779,12.757742881774902,12.757742881774902,51000,0.0,0.0
2021-08-06 00:00:00+08:00,12.757742750094875,12.996651783532116,12.757742750094875,12.85330581665039,63000,0.0,0.0
2021-08-09 00:00:00+08:00,12.853305772130222,12.948869749720366,12.805523783335149,12.901087760925293,64000,0.0,0.0
2021-08-10 00:00:00+08:00,12.996651828884742,12.996651828884742,12.7099608054865,12.805523872375488,94000,0.0,0.0
2021-08-11 00:00:00+08:00,12.80552405124365,12.80552405124365,12.662178993225098,12.662178993225098,94000,0.0,0.0
2021-08-12 00:00:00+08:00,12.662178947876393,12.7099609375,12.614396958252787,12.7099609375,55000,0.0,0.0
2021-08-13 00:00:00+08:00,12.853305949316779,12.853305949316779,12.66217890286738,12.757742881774902,47000,0.0,0.0
2021-08-16 00:00:00+08:00,12.805523959863017,12.805523959863017,12.66217890286738,12.757742881774902,57000,0.0,0.0
2021-08-17 00:00:00+08:00,12.757742881774902,12.757742881774902,12.757742881774902,12.757742881774902,0,0.0,0.0
2021-08-18 00:00:00+08:00,12.614396958252787,12.7099609375,12.518833890371223,12.7099609375,56000,0.0,0.0
2021-08-19 00:00:00+08:00,12.709960892321142,12.853305949316779,12.61439691341362,12.757742881774902,58000,0.0,0.0
2021-08-20 00:00:00+08:00,12.757742183222033,12.757742183222033,12.471051173562941,12.51883316040039,130000,0.0,0.0
2021-08-23 00:00:00+08:00,12.518834301750143,12.518834301750143,12.327706336975098,12.327706336975098,141000,0.0,0.0
2021-08-24 00:00:00+08:00,12.375488328168858,12.375488328168858,12.327706336975098,12.327706336975098,43000,0.0,0.0
2021-08-25 00:00:00+08:00,12.279925210590463,12.423270272262608,12.279925210590463,12.37548828125,12000,0.0,0.0
2021-08-26 00:00:00+08:00,12.423269782088258,12.996651828884742,12.375487792960945,12.805523872375488,196000,0.0,0.0
2021-08-27 00:00:00+08:00,12.805524144014106,12.853306134155,12.471052035759163,12.566615104675293,126000,0.0,0.0
2021-08-30 00:00:00+08:00,12.56661492395986,12.805523959863017,12.56661492395986,12.757742881774902,39000,0.0,0.0
2021-08-31 00:00:00+08:00,12.757742881774902,12.901087938770539,12.709960892321142,12.757742881774902,74000,0.0,0.0
2021-09-01 00:00:00+08:00,12.7099608054865,12.805523872375488,12.662178816359187,12.805523872375488,30000,0.0,0.0
2021-09-02 00:00:00+08:00,12.709960983019831,12.757742972814567,12.662178993225098,12.662178993225098,53000,0.0,0.0
2021-09-03 00:00:00+08:00,12.662178993225098,12.80552405124365,12.614397003430362,12.662178993225098,85000,0.0,0.0
2021-09-06 00:00:00+08:00,12.66217829630925,12.66217829630925,12.423269271850586,12.423269271850586,111000,0.0,0.0
2021-09-07 00:00:00+08:00,12.37548818849088,12.471052169799805,12.327706197836418,12.471052169799805,89000,0.0,0.0
2021-09-08 00:00:00+08:00,12.471052263275213,12.518834254287821,12.37548828125,12.37548828125,59000,0.0,0.0
2021-09-09 00:00:00+08:00,12.37548828125,12.471052263275213,12.327706290237394,12.37548828125,43000,0.0,0.0
2021-09-10 00:00:00+08:00,12.37548818849088,12.471052169799805,12.37548818849088,12.471052169799805,25000,0.0,0.0
2021-09-13 00:00:00+08:00,12.471052035759163,12.566615104675293,12.471052035759163,12.566615104675293,30000,0.0,0.0
2021-09-14 00:00:00+08:00,12.614397094816187,12.662179084957081,12.566615104675293,12.566615104675293,42000,0.0,0.0
2021-09-15 00:00:00+08:00,12.518834160454267,12.518834160454267,12.471052169799805,12.471052169799805,12000,0.0,0.0
2021-09-16 00:00:00+08:00,12.518834025900057,12.566615104675293,12.518834025900057,12.566615104675293,25000,0.0,0.0
2021-09-17 00:00:00+08:00,12.566614108921137,12.662178081630621,12.518833033931982,12.614396095275879,140000,0.0,0.0
2021-09-22 00:00:00+08:00,12.614397094816187,12.614397094816187,12.423270045618269,12.566615104675293,47000,0.0,0.0
2021-09-23 00:00:00+08:00,12.614397094816187,12.614397094816187,12.471052035759163,12.566615104675293,45000,0.0,0.0
2021-09-24 00:00:00+08:00,12.566615104675293,12.614397094816187,12.471052035759163,12.566615104675293,62000,0.0,0.0
2021-09-27 00:00:00+08:00,12.471052169799805,12.518834160454267,12.471052169799805,12.471052169799805,41000,0.0,0.0
2021-09-28 00:00:00+08:00,12.47105125901544,12.47105125901544,12.423269271850586,12.423269271850586,48000,0.0,0.0
2021-09-29 00:00:00+08:00,12.375487456994865,12.423269444825007,12.232142404870054,12.279924392700195,97000,0.0,0.0
2021-09-30 00:00:00+08:00,12.279925210590463,12.423270272262608,12.279925210590463,12.37548828125,51000,0.0,0.0
2021-10-01 00:00:00+08:00,12.327706336975098,12.375488328168858,12.232143265953255,12.327706336975098,144000,0.0,0.0
2021-10-04 00:00:00+08:00,12.327706570580965,12.327706570580965,12.136579513549805,12.136579513549805,66000,0.0,0.0
2021-10-05 00:00:00+08:00,12.13657941864844,12.42327045763626,12.088797426922854,12.23214340209961,81000,0.0,0.0
2021-10-06 00:00:00+08:00,12.279925393825195,12.32770647418509,12.184361410374024,12.23214340209961,34000,0.0,0.0
2021-10-07 00:00:00+08:00,12.375488328168858,12.375488328168858,12.232143265953255,12.327706336975098,28000,0.0,0.0
2021-10-08 00:00:00+08:00,12.279924480493897,12.279924480493897,12.18436050415039,12.18436050415039,53000,0.0,0.0
2021-10-12 00:00:00+08:00,12.18436050415039,12.18436050415039,12.041015451000751,12.18436050415039,93000,0.0,0.0
2021-10-13 00:00:00+08:00,12.136579513549805,12.184361505649019,12.08879752145059,12.136579513549805,59000,0.0,0.0
2021-10-14 00:00:00+08:00,12.184361505649019,12.184361505649019,12.136579513549805,12.136579513549805,18000,0.0,0.0
2021-10-15 00:00:00+08:00,12.184361505649019,12.184361505649019,12.08879752145059,12.136579513549805,47000,0.0,0.0
2021-10-18 00:00:00+08:00,12.136579513549805,12.136579513549805,12.041016440717074,12.136579513549805,47000,0.0,0.0
2021-10-19 00:00:00+08:00,12.08879752145059,12.136579513549805,12.08879752145059,12.136579513549805,19000,0.0,0.0
2021-10-20 00:00:00+08:00,12.136578604119352,12.136578604119352,12.04101553844745,12.088796615600586,43000,0.0,0.0
2021-10-21 00:00:00+08:00,12.088796615600586,12.088796615600586,12.04101553844745,12.088796615600586,31000,0.0,0.0
2021-10-22 00:00:00+08:00,12.041016440717074,12.136579513549805,12.041016440717074,12.136579513549805,20000,0.0,0.0
2021-10-25 00:00:00+08:00,12.08879752145059,12.136579513549805,12.08879752145059,12.136579513549805,11000,0.0,0.0
2021-10-26 00:00:00+08:00,12.136579283565732,12.375488328168858,12.136579283565732,12.327706336975098,90000,0.0,0.0
2021-10-27 00:00:00+08:00,12.279924137578746,12.51883316040039,12.18436016390385,12.51883316040039,69000,0.0,0.0
2021-10-28 00:00:00+08:00,12.518834160454267,12.518834160454267,12.37548818849088,12.471052169799805,30000,0.0,0.0
2021-10-29 00:00:00+08:00,12.423269866964223,13.570033057026253,12.423269866964223,12.757742881774902,428000,0.0,0.0
2021-11-01 00:00:00+08:00,12.901088214191837,13.426688286672785,12.853306223717993,13.331124305725098,286000,0.0,0.0
2021-11-02 00:00:00+08:00,13.13999670351262,13.378905734485578,12.996651649475098,12.996651649475098,288000,0.0,0.0
2021-11-03 00:00:00+08:00,13.187778691980338,13.187778691980338,12.94886966100738,12.996651649475098,34000,0.0,0.0
2021-11-04 00:00:00+08:00,13.092215723958507,13.092215723958507,12.901088666724615,12.948870658874512,56000,0.0,0.0
2021-11-05 00:00:00+08:00,13.04443359375,13.04443359375,12.901088530183129,13.04443359375,37000,0.0,0.0
2021-11-08 00:00:00+08:00,12.996652651024409,13.044433731808608,12.948870658874512,12.948870658874512,27000,0.0,0.0
2021-11-09 00:00:00+08:00,12.948870428466762,13.235561464899167,12.90108843716708,13.139997482299805,106000,0.0,0.0
2021-11-10 00:00:00+08:00,13.187779473599486,13.187779473599486,13.139997482299805,13.139997482299805,17000,0.0,0.0
2021-11-11 00:00:00+08:00,13.139997716108404,13.139997716108404,12.51883455225683,12.948870658874512,260000,0.0,0.0
2021-11-12 00:00:00+08:00,13.044433731808608,13.044433731808608,12.901088666724615,12.948870658874512,43000,0.0,0.0
2021-11-15 00:00:00+08:00,12.996652513471503,13.235561560326746,12.996652513471503,13.04443359375,99000,0.0,0.0
2021-11-16 00:00:00+08:00,13.044432596359858,13.235560548322772,12.996651519734748,13.092214584350586,88000,0.0,0.0
2021-11-17 00:00:00+08:00,13.235561236143077,13.426688286672785,13.187779245669233,13.331124305725098,172000,0.0,0.0
2021-11-18 00:00:00+08:00,13.378905253849434,13.474469227351738,13.283341280347129,13.426687240600586,125000,0.0,0.0
2021-11-19 00:00:00+08:00,13.378905512230562,13.378905512230562,13.18777847290039,13.18777847290039,45000,0.0,0.0
2021-11-22 00:00:00+08:00,13.187779379889458,13.378906432364387,13.187779379889458,13.23556137084961,42000,0.0,0.0
2021-11-23 00:00:00+08:00,13.18777847290039,13.331123524556617,13.092214497552499,13.18777847290039,54000,0.0,0.0
2021-11-24 00:00:00+08:00,13.235561464899167,13.283342544833166,12.948870428466762,13.139997482299805,155000,0.0,0.0
2021-11-25 00:00:00+08:00,13.331124352090223,13.331124352090223,13.235561282175837,13.283342361450195,45000,0.0,0.0
2021-11-26 00:00:00+08:00,13.23556137084961,13.283342450444085,13.187779379889458,13.23556137084961,71000,0.0,0.0
2021-11-29 00:00:00+08:00,13.092215585394186,13.18777956868256,12.901088530183129,13.04443359375,71000,0.0,0.0
2021-11-30 00:00:00+08:00,13.04443359375,13.04443359375,12.901088530183129,13.04443359375,89000,0.0,0.0
2021-12-01 00:00:00+08:00,12.853306538538943,13.04443359375,12.853306538538943,13.04443359375,121000,0.0,0.0
2021-12-02 00:00:00+08:00,13.044432726577186,13.092214715044904,12.901087672539663,12.996651649475098,27000,0.0,0.0
2021-12-03 00:00:00+08:00,13.092214715044904,13.092214715044904,12.94886966100738,12.996651649475098,25000,0.0,0.0
2021-12-06 00:00:00+08:00,12.901087760925293,12.996651738515437,12.901087760925293,12.901087760925293,50000,0.0,0.0
2021-12-07 00:00:00+08:00,12.85330581665039,12.996651783532116,12.805523827689814,12.85330581665039,30000,0.0,0.0
2021-12-08 00:00:00+08:00,12.901087805610965,13.044432861127055,12.85330581665039,12.85330581665039,53000,0.0,0.0
2021-12-09 00:00:00+08:00,12.901087760925293,12.948869749720366,12.709960717110638,12.901087760925293,63000,0.0,0.0
2021-12-10 00:00:00+08:00,12.948869445896273,13.18777847290039,12.757742406566102,13.18777847290039,51000,0.0,0.0
2021-12-13 00:00:00+08:00,12.948870521827315,13.18777956868256,12.948870521827315,13.04443359375,43000,0.0,0.0
2021-12-14 00:00:00+08:00,13.044432906646415,13.187778874028357,12.805523872375488,12.805523872375488,118000,0.0,0.0
2021-12-15 00:00:00+08:00,12.8533058615028,12.996651828884742,12.805523872375488,12.805523872375488,35000,0.0,0.0
2021-12-16 00:00:00+08:00,12.85330581665039,12.85330581665039,12.709960761134301,12.85330581665039,158000,0.0,0.0
2021-12-17 00:00:00+08:00,12.901087672539663,13.044432726577186,12.901087672539663,12.996651649475098,81000,0.0,0.0
2021-12-20 00:00:00+08:00,12.853305772130222,12.948869749720366,12.853305772130222,12.901087760925293,21000,0.0,0.0
2021-12-21 00:00:00+08:00,12.901087805610965,12.948869794571541,12.85330581665039,12.85330581665039,10000,0.0,0.0
2021-12-22 00:00:00+08:00,12.901087805610965,12.948869794571541,12.805523827689814,12.85330581665039,62000,0.0,0.0
2021-12-23 00:00:00+08:00,12.901087805610965,12.901087805610965,12.85330581665039,12.85330581665039,67000,0.0,0.0
2021-12-24 00:00:00+08:00,12.805523872375488,12.901087850630114,12.805523872375488,12.805523872375488,28000,0.0,0.0
2021-12-27 00:00:00+08:00,12.805523872375488,12.8533058615028,12.805523872375488,12.805523872375488,46000,0.0,0.0
2021-12-28 00:00:00+08:00,12.853305949316779,12.853305949316779,12.709960892321142,12.757742881774902,60000,0.0,0.0
2021-12-29 00:00:00+08:00,12.757742927123607,12.757742927123607,12.614396958252787,12.7099609375,76000,0.0,0.0
2021-12-30 00:00:00+08:00,12.7099608054865,12.805523872375488,12.614396827231873,12.805523872375488,65000,0.0,0.0
2022-01-03 00:00:00+08:00,12.85330581665039,12.901087805610965,12.805523827689814,12.85330581665039,173000,0.0,0.0
2022-01-04 00:00:00+08:00,12.85330581665039,12.996651783532116,12.85330581665039,12.85330581665039,17000,0.0,0.0
2022-01-05 00:00:00+08:00,12.805523959863017,12.901087938770539,12.61439691341362,12.757742881774902,73000,0.0,0.0
2022-01-06 00:00:00+08:00,12.7099609375,12.901087984628779,12.7099609375,12.7099609375,20000,0.0,0.0
2022-01-07 00:00:00+08:00,12.8533058615028,12.8533058615028,12.757742794613813,12.805523872375488,18000,0.0,0.0
2022-01-10 00:00:00+08:00,12.85330581665039,12.85330581665039,12.805523827689814,12.85330581665039,49000,0.0,0.0
2022-01-11 00:00:00+08:00,12.85330581665039,12.85330581665039,12.757742750094875,12.85330581665039,39000,0.0,0.0
2022-01-12 00:00:00+08:00,12.805523129329261,12.805523129329261,12.614396095275879,12.614396095275879,47000,0.0,0.0
2022-01-13 00:00:00+08:00,12.614397094816187,12.709961075097976,12.566615104675293,12.566615104675293,46000,0.0,0.0
2022-01-14 00:00:00+08:00,12.423269955617076,12.662178993225098,12.327705976027607,12.662178993225098,94000,0.0,0.0
2022-01-17 00:00:00+08:00,12.471052035759163,12.709961075097976,12.471052035759163,12.566615104675293,24000,0.0,0.0
2022-01-18 00:00:00+08:00,12.518834160454267,12.518834160454267,12.423270179145343,12.471052169799805,11000,0.0,0.0
2022-01-19 00:00:00+08:00,12.423270272262608,12.423270272262608,12.232143219577855,12.37548828125,43000,0.0,0.0
2022-01-20 00:00:00+08:00,12.423270272262608,12.423270272262608,12.327706290237394,12.37548828125,20000,0.0,0.0
2022-01-21 00:00:00+08:00,12.232142234556774,12.423269271850586,12.232142234556774,12.423269271850586,51000,0.0,0.0
2022-01-24 00:00:00+08:00,12.423269271850586,12.423269271850586,12.279924221721627,12.423269271850586,39000,0.0,0.0
2022-01-25 00:00:00+08:00,12.23214340209961,12.32770647418509,12.13657941864844,12.23214340209961,79000,0.0,0.0
2022-01-26 00:00:00+08:00,12.232143497748233,12.232143497748233,12.08879752145059,12.136579513549805,47000,0.0,0.0
2022-02-07 00:00:00+08:00,12.23214340209961,12.23214340209961,12.088797426922854,12.23214340209961,47000,0.0,0.0
2022-02-08 00:00:00+08:00,12.232143265953255,12.327706336975098,12.232143265953255,12.327706336975098,37000,0.0,0.0
2022-02-09 00:00:00+08:00,12.327705735442105,12.327705735442105,11.945451647275542,12.041015625,456000,0.0,0.0
2022-02-10 00:00:00+08:00,12.184360863604418,12.184360863604418,11.84988784790039,11.84988784790039,661000,0.0,0.0
2022-02-11 00:00:00+08:00,11.80210668015905,12.184360771179199,11.80210668015905,11.945451736450195,191000,0.0,0.0
2022-02-14 00:00:00+08:00,11.99323363613777,12.27992465794551,11.80210659205449,12.041015625,551000,0.0,0.0
2022-02-15 00:00:00+08:00,12.041015451000751,12.18436050415039,11.993233462828998,12.18436050415039,57000,0.0,0.0
2022-02-16 00:00:00+08:00,12.23214299642035,12.614397094816187,12.136579016138562,12.566615104675293,191000,0.0,0.0
2022-02-17 00:00:00+08:00,12.566614235872242,12.61439622270969,12.423269186725493,12.51883316040039,80000,0.0,0.0
2022-02-18 00:00:00+08:00,12.423269271850586,12.518833246180293,12.327705297520879,12.423269271850586,58000,0.0,0.0
2022-02-21 00:00:00+08:00,12.423269782088258,12.948869839757428,12.423269782088258,12.805523872375488,140000,0.0,0.0
2022-02-22 00:00:00+08:00,12.7099609375,12.805524005381566,12.471051900747616,12.7099609375,71000,0.0,0.0
2022-02-23 00:00:00+08:00,12.61439691341362,12.805523959863017,12.423269866964223,12.757742881774902,87000,0.0,0.0
2022-02-24 00:00:00+08:00,12.805524144014106,12.805524144014106,12.566615104675293,12.566615104675293,79000,0.0,0.0
2022-02-25 00:00:00+08:00,12.614396484779961,12.709960460440245,12.279924392700195,12.279924392700195,116000,0.0,0.0
2022-03-01 00:00:00+08:00,12.279925210590463,12.423270272262608,12.279925210590463,12.37548828125,66000,0.0,0.0
2022-03-02 00:00:00+08:00,12.32770647418509,12.32770647418509,12.23214340209961,12.23214340209961,41000,0.0,0.0
2022-03-03 00:00:00+08:00,12.232142404870054,12.423269444825007,12.232142404870054,12.279924392700195,58000,0.0,0.0
2022-03-04 00:00:00+08:00,12.327705297520879,12.423269271850586,12.279924221721627,12.423269271850586,26000,0.0,0.0
2022-03-07 00:00:00+08:00,12.327706336975098,12.42327031936262,12.08879729237197,12.327706336975098,45000,0.0,0.0
2022-03-08 00:00:00+08:00,12.136578691358823,12.27992465794551,12.041015625,12.041015625,101000,0.0,0.0
2022-03-09 00:00:00+08:00,12.041015451000751,12.423269533643536,12.041015451000751,12.18436050415039,84000,0.0,0.0
2022-03-10 00:00:00+08:00,12.327705297520879,12.518833246180293,12.18436024739192,12.423269271850586,102000,0.0,0.0
2022-03-11 00:00:00+08:00,12.423270272262608,12.423270272262608,12.279925210590463,12.37548828125,39000,0.0,0.0
2022-03-14 00:00:00+08:00,12.423269061222497,12.614396095275879,12.375487074867754,12.614396095275879,206000,0.0,0.0
2022-03-15 00:00:00+08:00,12.614397511229354,13.856724739074707,12.614397511229354,13.856724739074707,2733000,0.0,0.0
2022-03-16 00:00:00+08:00,14.238978430096592,14.52566946058401,13.331124259691153,13.37890625,4009000,0.0,0.0
2022-03-17 00:00:00+08:00,13.378905894345117,14.047851006789246,13.378905894345117,13.71337890625,683000,0.0,0.0
2022-03-18 00:00:00+08:00,13.904505996585272,13.904505996585272,13.665596961975098,13.665596961975098,220000,0.0,0.0
2022-03-21 00:00:00+08:00,13.522251493879162,14.00006958074932,13.092215397969158,13.23556137084961,805000,0.0,0.0
2022-03-22 00:00:00+08:00,13.283342269382306,13.426688240308847,12.99665215026055,13.37890625,304000,0.0,0.0
2022-03-23 00:00:00+08:00,13.665597327676338,13.665597327676338,13.235561236143077,13.331124305725098,177000,0.0,0.0
2022-03-24 00:00:00+08:00,13.283341848554604,13.42668781493982,12.805523783335149,12.901087760925293,762000,0.0,0.0
2022-03-25 00:00:00+08:00,12.99665191767806,12.99665191767806,12.757742881774902,12.757742881774902,213000,0.0,0.0
2022-03-28 00:00:00+08:00,12.996652651024409,13.044433731808608,12.75774360164062,12.948870658874512,108000,0.0,0.0
2022-03-29 00:00:00+08:00,12.901087760925293,12.996651738515437,12.805523783335149,12.901087760925293,89000,0.0,0.0
2022-03-30 00:00:00+08:00,13.044432815944877,13.092214804739948,12.901087760925293,12.901087760925293,107000,0.0,0.0
2022-03-31 00:00:00+08:00,12.901087805610965,12.948869794571541,12.805523827689814,12.85330581665039,91000,0.0,0.0
2022-04-01 00:00:00+08:00,12.853305772130222,12.948869749720366,12.75774270590571,12.901087760925293,166000,0.0,0.0
2022-04-06 00:00:00+08:00,12.948869858144574,13.952287985780435,12.948869858144574,13.665596961975098,610000,0.0,0.0
2022-04-07 00:00:00+08:00,13.665597327676338,14.382324450686996,13.235561236143077,13.331124305725098,1159000,0.0,0.0
2022-04-08 00:00:00+08:00,13.665596572449743,14.000068664550781,13.474469532482635,14.000068664550781,514000,0.0,0.0
2022-04-11 00:00:00+08:00,14.143414540638457,14.430105554500065,14.000068578024846,14.095632553100586,706000,0.0,0.0
2022-04-12 00:00:00+08:00,14.33454189280133,14.33454189280133,13.808941841125488,13.808941841125488,281000,0.0,0.0
2022-04-13 00:00:00+08:00,13.856723874323206,13.952287851795825,13.665596830743599,13.761159896850586,263000,0.0,0.0
2022-04-14 00:00:00+08:00,13.761159764841464,13.952287717953237,13.617814711373258,13.904505729675293,138000,0.0,0.0
2022-04-15 00:00:00+08:00,13.952288222881418,14.573451358877474,13.952288222881418,14.286760330200195,815000,0.0,0.0
2022-04-18 00:00:00+08:00,14.525669322528302,14.525669322528302,14.09563323656718,14.334542274475098,609000,0.0,0.0
2022-04-19 00:00:00+08:00,14.430106346567776,14.477887425362736,13.952288267692891,14.238978385925293,529000,0.0,0.0
2022-04-20 00:00:00+08:00,14.047850872672177,14.143414849837104,13.761159852543024,13.808941841125488,894000,0.0,0.0
2022-04-21 00:00:00+08:00,13.808942747356484,14.000069802863688,13.713379675285728,13.856724739074707,393000,0.0,0.0
2022-04-22 00:00:00+08:00,13.904505729675293,14.095632771421442,13.808941753119408,13.904505729675293,369000,0.0,0.0
2022-04-25 00:00:00+08:00,14.047851246712465,15.29017842610677,14.047851246712465,14.334542274475098,4643000,0.0,0.0
2022-04-26 00:00:00+08:00,14.669015621843386,14.764578692335363,13.713379448729567,14.0478515625,1703000,0.0,0.0
2022-04-27 00:00:00+08:00,13.808942428120305,14.669015525068017,13.044433312399784,14.143415451049805,1387000,0.0,0.0
2022-04-28 00:00:00+08:00,14.430106163024902,15.146833272220862,14.238978204813462,14.430106163024902,1791000,0.0,0.0
2022-04-29 00:00:00+08:00,14.525669368870318,14.76457840754044,14.143415271544384,14.286760330200195,749000,0.0,0.0
2022-05-03 00:00:00+08:00,14.286760511524923,14.573451543840827,14.047851469822614,14.143415451049805,285000,0.0,0.0
2022-05-04 00:00:00+08:00,14.430106578564931,14.430106578564931,13.904506501079196,14.0478515625,354000,0.0,0.0
2022-05-05 00:00:00+08:00,14.095633786300134,14.238978850089113,13.856724739074707,13.856724739074707,218000,0.0,0.0
2022-05-06 00:00:00+08:00,13.617814842007288,13.808941885586895,13.570032853270979,13.761159896850586,225000,0.0,0.0
2022-05-09 00:00:00+08:00,13.761160074392887,13.952288031804,13.570033028347417,13.617815017700195,130000,0.0,0.0
2022-05-10 00:00:00+08:00,13.42668779842768,14.33454193895504,12.901087745059536,13.761159896850586,778000,0.0,0.0
2022-05-11 00:00:00+08:00,13.617814842007288,14.477886993798338,13.617814842007288,13.761159896850586,1275000,0.0,0.0
2022-05-12 00:00:00+08:00,13.713379582023856,14.143415681831899,13.66559759063059,13.952288627624512,363000,0.0,0.0
2022-05-13 00:00:00+08:00,14.000068794865557,14.19119674797733,13.713378687929145,13.904505729675293,288000,0.0,0.0
2022-05-16 00:00:00+08:00,13.952287985780435,14.000069063609956,13.665596961975098,13.665596961975098,186000,0.0,0.0
2022-05-17 00:00:00+08:00,13.522251217166513,13.665597187113603,13.426688148567441,13.474470138549805,224000,0.0,0.0
2022-05-18 00:00:00+08:00,13.522250175476074,13.665596134380468,13.474469100540196,13.522250175476074,127000,0.0,0.0
2022-05-19 00:00:00+08:00,13.474470230617694,13.474470230617694,13.235561190439121,13.37890625,222000,0.0,0.0
2022-05-20 00:00:00+08:00,13.426688240308847,13.713379270796265,13.331124259691153,13.37890625,96000,0.0,0.0
2022-05-23 00:00:00+08:00,13.235561190439121,13.522251309560877,13.187779200130276,13.37890625,218000,0.0,0.0
2022-05-24 00:00:00+08:00,13.378905512230562,13.378905512230562,13.18777847290039,13.18777847290039,86000,0.0,0.0
2022-05-25 00:00:00+08:00,13.235560460574336,13.426687499904508,13.092214497552499,13.18777847290039,181000,0.0,0.0
2022-05-26 00:00:00+08:00,13.235561464899167,13.331124536132847,13.139997482299805,13.139997482299805,79000,0.0,0.0
2022-05-27 00:00:00+08:00,13.18777929153581,13.426688333370278,13.139997300895782,13.283342361450195,136000,0.0,0.0
2022-05-30 00:00:00+08:00,13.331123267098281,13.474469227351738,13.331123267098281,13.426687240600586,74000,0.0,0.0
2022-05-31 00:00:00+08:00,13.426688240308847,13.474470230617694,13.331124259691153,13.37890625,55000,0.0,0.0
2022-06-01 00:00:00+08:00,13.378906158585078,13.474470138549805,13.331124168602715,13.474470138549805,110000,0.0,0.0
2022-06-02 00:00:00+08:00,13.331123267098281,13.522250302737296,13.283341280347129,13.426687240600586,34000,0.0,0.0
2022-06-06 00:00:00+08:00,13.378906296198942,13.378906296198942,13.283342315251256,13.331124305725098,51000,0.0,0.0
2022-06-07 00:00:00+08:00,13.283342315251256,13.331124305725098,13.235561236143077,13.331124305725098,60000,0.0,0.0
2022-06-08 00:00:00+08:00,13.28334153688267,13.28334153688267,13.18777847290039,13.18777847290039,69000,0.0,0.0
2022-06-09 00:00:00+08:00,13.187779379889458,13.378906432364387,13.187779379889458,13.23556137084961,78000,0.0,0.0
2022-06-10 00:00:00+08:00,13.235561282175837,13.283342361450195,13.139997300895782,13.283342361450195,75000,0.0,0.0
2022-06-13 00:00:00+08:00,13.474470230617694,13.570033299869724,13.331124259691153,13.37890625,144000,0.0,0.0
2022-06-14 00:00:00+08:00,13.474469227351738,13.474469227351738,13.283341280347129,13.426687240600586,116000,0.0,0.0
2022-06-15 00:00:00+08:00,13.378905253849434,13.522250302737296,13.378905253849434,13.426687240600586,69000,0.0,0.0
2022-06-16 00:00:00+08:00,13.474469227351738,13.522250302737296,13.283341280347129,13.426687240600586,177000,0.0,0.0
2022-06-17 00:00:00+08:00,13.522251309560877,13.522251309560877,13.283342269382306,13.37890625,95000,0.0,0.0
2022-06-20 00:00:00+08:00,13.331123992949168,13.904506042451223,13.331123992949168,13.617815017700195,344000,0.0,0.0
2022-06-21 00:00:00+08:00,13.95228780687288,14.143414849837104,13.71337877532619,13.808941841125488,316000,0.0,0.0
2022-06-22 00:00:00+08:00,13.904506042451223,13.904506042451223,13.426687971654724,13.617815017700195,289000,0.0,0.0
2022-06-23 00:00:00+08:00,13.713378996405753,13.808942063745665,13.522251038994638,13.617815017700195,131000,0.0,0.0
2022-06-24 00:00:00+08:00,13.952288722511154,14.000069802863688,13.713379675285728,13.856724739074707,193000,0.0,0.0
2022-06-27 00:00:00+08:00,14.000068884089714,14.000068884089714,13.761159852543024,13.808941841125488,170000,0.0,0.0
2022-06-28 00:00:00+08:00,13.808942018194946,13.808942018194946,13.617814972779934,13.665596961975098,54000,0.0,0.0
2022-06-29 00:00:00+08:00,13.5700328095788,13.808941841125488,13.5700328095788,13.808941841125488,74000,0.0,0.0
2022-06-30 00:00:00+08:00,13.71337890625,13.808941972961653,13.570032939134062,13.71337890625,171000,0.0,0.0
2022-07-01 00:00:00+08:00,13.761159195617811,13.761159195617811,13.283341155334337,13.522250175476074,372000,0.0,0.0
2022-07-04 00:00:00+08:00,13.522250175476074,13.570032161777538,13.378905127937266,13.522250175476074,163000,0.0,0.0
2022-07-05 00:00:00+08:00,13.665597007052973,13.665597007052973,13.474469961007504,13.617815017700195,86000,0.0,0.0
2022-07-06 00:00:00+08:00,13.617814972779934,13.665596961975098,13.474469916560086,13.665596961975098,148000,0.0,0.0
2022-07-07 00:00:00+08:00,13.665596786743727,13.808941841125488,13.5700328095788,13.808941841125488,80000,0.0,0.0
2022-07-08 00:00:00+08:00,13.808941972961653,13.808941972961653,13.71337890625,13.71337890625,124000,0.0,0.0
2022-07-11 00:00:00+08:00,13.665596917211355,13.71337890625,13.522250950095417,13.71337890625,79000,0.0,0.0
2022-07-12 00:00:00+08:00,13.570033028347417,13.665597007052973,13.474469961007504,13.617815017700195,68000,0.0,0.0
2022-07-13 00:00:00+08:00,13.617815062936797,13.713379041959806,13.570033073425293,13.570033073425293,29000,0.0,0.0
2022-07-14 00:00:00+08:00,13.474470005767932,13.570033073425293,13.378906026744925,13.570033073425293,86000,0.0,0.0
2022-07-15 00:00:00+08:00,13.474469227351738,13.522250302737296,13.331123267098281,13.426687240600586,112000,0.0,0.0
2022-07-18 00:00:00+08:00,13.378905127937266,13.570032161777538,13.378905127937266,13.522250175476074,77000,0.0,0.0
2022-07-19 00:00:00+08:00,13.426687114238732,13.522250175476074,13.426687114238732,13.522250175476074,67000,0.0,0.0
2022-07-20 00:00:00+08:00,13.522251217166513,13.761160255712674,13.426688148567441,13.474470138549805,411000,0.0,0.0
2022-07-21 00:00:00+08:00,13.426688016256428,13.761160120105663,13.426688016256428,13.570033073425293,252000,0.0,0.0
2022-07-22 00:00:00+08:00,13.52225108391379,13.570033073425293,13.426688016256428,13.570033073425293,102000,0.0,0.0
2022-07-25 00:00:00+08:00,13.570032939134062,13.71337890625,13.426687883383764,13.71337890625,144000,0.0,0.0
2022-07-26 00:00:00+08:00,13.808942063745665,13.808942063745665,13.570033028347417,13.617815017700195,73000,0.0,0.0
2022-07-27 00:00:00+08:00,13.570032939134062,13.761159983923008,13.522250950095417,13.71337890625,77000,0.0,0.0
2022-07-28 00:00:00+08:00,13.761160028999782,13.761160028999782,13.617814972779934,13.665596961975098,76000,0.0,0.0
2022-07-29 00:00:00+08:00,13.617815017700195,13.665597007052973,13.570033028347417,13.617815017700195,79000,0.0,0.0
2022-08-01 00:00:00+08:00,13.665596961975098,13.665596961975098,13.617814972779934,13.665596961975098,70000,0.0,0.0
2022-08-02 00:00:00+08:00,13.522251038994638,13.617815017700195,13.426687971654724,13.617815017700195,138000,0.0,0.0
2022-08-03 00:00:00+08:00,13.570032161777538,13.570032161777538,13.426687114238732,13.522250175476074,43000,0.0,0.0
2022-08-04 00:00:00+08:00,13.474469100540196,13.570032161777538,13.426687114238732,13.522250175476074,63000,0.0,0.0
2022-08-05 00:00:00+08:00,13.570033207148876,13.570033207148876,13.426688148567441,13.474470138549805,49000,0.0,0.0
2022-08-08 00:00:00+08:00,13.474469227351738,13.474469227351738,13.23556020496157,13.426687240600586,106000,0.0,0.0
2022-08-09 00:00:00+08:00,13.52225086453467,14.191196884111744,13.52225086453467,13.761159896850586,384000,0.0,0.0
2022-08-10 00:00:00+08:00,13.761160392572222,14.334542455331759,13.713379313480315,14.191197395324707,691000,0.0,0.0
2022-08-11 00:00:00+08:00,14.334542455331759,14.430106436246904,14.095633414409562,14.191197395324707,345000,0.0,0.0
2022-08-12 00:00:00+08:00,14.191197535286477,14.238978614849628,13.904506501079196,14.0478515625,389000,0.0,0.0
2022-08-15 00:00:00+08:00,14.143415544357651,14.286760605778454,13.952288492008021,14.0478515625,250000,0.0,0.0
2022-08-16 00:00:00+08:00,14.0478515625,14.143415544357651,13.952288492008021,14.0478515625,154000,0.0,0.0
2022-08-17 00:00:00+08:00,14.143414628050325,14.143414628050325,13.952287588083216,14.000068664550781,128000,0.0,0.0
2022-08-18 00:00:00+08:00,13.952288492008021,14.238978614849628,13.952288492008021,14.0478515625,196000,0.0,0.0
2022-08-19 00:00:00+08:00,14.23897834019304,14.430106300221663,14.000069301522919,14.286760330200195,424000,0.0,0.0
2022-08-22 00:00:00+08:00,14.33454200869701,14.621233031144078,14.33454200869701,14.573451042175293,344000,0.0,0.0
2022-08-23 00:00:00+08:00,14.62123330223773,14.62123330223773,14.23897829476567,14.334542274475098,313000,0.0,0.0
2022-08-24 00:00:00+08:00,14.33454196487948,14.66901497527292,14.33454196487948,14.621232986450195,337000,0.0,0.0
2022-08-25 00:00:00+08:00,14.716796052730013,14.716796052730013,14.43010594252493,14.621232986450195,240000,0.0,0.0
2022-08-26 00:00:00+08:00,14.66901497527292,14.716796052730013,14.47788701998202,14.621232986450195,227000,0.0,0.0
2022-08-29 00:00:00+08:00,14.430106163024902,14.477887241212116,14.238978204813462,14.430106163024902,129000,0.0,0.0
2022-08-30 00:00:00+08:00,14.477887241212116,14.525669230764976,14.430106163024902,14.430106163024902,64000,0.0,0.0
2022-08-31 00:00:00+08:00,14.525668964692244,14.907923962747553,14.525668964692244,14.669014930725098,546000,0.0,0.0
2022-09-01 00:00:00+08:00,14.716796370581505,14.716796370581505,14.286760284620383,14.334542274475098,248000,0.0,0.0
2022-09-02 00:00:00+08:00,14.334542274475098,14.477887332673587,14.191197216276608,14.334542274475098,174000,0.0,0.0
2022-09-05 00:00:00+08:00,14.382324264329812,14.525669322528302,14.286760284620383,14.334542274475098,147000,0.0,0.0
2022-09-06 00:00:00+08:00,14.334542502138518,14.382324492752113,14.09563346043621,14.143415451049805,199000,0.0,0.0
2022-09-07 00:00:00+08:00,14.191196528176325,14.238977604348586,14.047850565562717,14.095632553100586,60000,0.0,0.0
2022-09-08 00:00:00+08:00,14.143415316969712,14.334542366246534,14.143415316969712,14.238978385925293,112000,0.0,0.0
2022-09-12 00:00:00+08:00,14.621233121416871,14.955705223532147,14.382324086463543,14.477887153625488,351000,0.0,0.0
2022-09-13 00:00:00+08:00,14.477887153625488,14.812360167106407,14.334542097199748,14.477887153625488,238000,0.0,0.0
2022-09-14 00:00:00+08:00,14.477887153625488,14.525669142889283,14.286760107935953,14.477887153625488,98000,0.0,0.0
2022-09-15 00:00:00+08:00,14.525669773942411,14.812360810614537,14.382324711289188,14.764578819274902,525000,0.0,0.0
2022-09-16 00:00:00+08:00,14.62123366400555,14.860142707824707,14.573451672968583,14.860142707824707,227000,0.0,0.0
2022-09-19 00:00:00+08:00,14.764577909721769,14.860141886513942,14.621232855899137,14.716795921325684,152000,0.0,0.0
2022-09-20 00:00:00+08:00,14.812360030375462,14.812360030375462,14.525669008804746,14.621232986450195,221000,0.0,0.0
2022-09-21 00:00:00+08:00,14.669014930725098,14.669014930725098,14.573450953369862,14.669014930725098,34000,0.0,0.0
2022-09-22 00:00:00+08:00,14.669014930725098,14.764577996714701,14.525668964692244,14.669014930725098,180000,0.0,0.0
2022-09-23 00:00:00+08:00,14.621232855899137,14.812359898117855,14.573450867503052,14.716795921325684,175000,0.0,0.0
2022-09-26 00:00:00+08:00,14.716796052730013,14.716796052730013,14.43010594252493,14.621232986450195,419000,0.0,0.0
2022-09-27 00:00:00+08:00,14.621233076131999,14.621233076131999,14.477887108784588,14.52566909790039,124000,0.0,0.0
2022-09-28 00:00:00+08:00,14.525669322528302,14.573451312383016,14.23897829476567,14.334542274475098,351000,0.0,0.0
2022-09-29 00:00:00+08:00,14.334542052802815,14.573451087016196,14.28676006368701,14.52566909790039,199000,0.0,0.0
2022-09-30 00:00:00+08:00,14.430106163024902,14.477887241212116,13.952288090227597,14.430106163024902,604000,0.0,0.0
2022-10-03 00:00:00+08:00,14.286760284620383,14.430106254184526,14.191197216276608,14.334542274475098,95000,0.0,0.0
2022-10-04 00:00:00+08:00,14.525669276494208,14.573451266197493,14.38232421875,14.38232421875,80000,0.0,0.0
2022-10-05 00:00:00+08:00,14.382324086463543,14.525669142889283,14.334542097199748,14.477887153625488,58000,0.0,0.0
2022-10-06 00:00:00+08:00,14.525669230764976,14.525669230764976,14.334542183919183,14.430106163024902,96000,0.0,0.0
2022-10-07 00:00:00+08:00,14.430106163024902,14.430106163024902,14.382324173472043,14.430106163024902,45000,0.0,0.0
2022-10-11 00:00:00+08:00,14.286760464874186,14.334542455331759,13.95228835440251,14.191197395324707,449000,0.0,0.0
2022-10-12 00:00:00+08:00,14.191197307130333,14.382324356407155,14.095633326809093,14.238978385925293,77000,0.0,0.0
2022-10-13 00:00:00+08:00,14.143414759699386,14.143414759699386,13.761159764841464,13.904505729675293,391000,0.0,0.0
2022-10-14 00:00:00+08:00,13.952287940077591,13.952287940077591,13.665596917211355,13.71337890625,253000,0.0,0.0
2022-10-17 00:00:00+08:00,13.713378819479908,13.761159896850586,13.331123820955062,13.761159896850586,100000,0.0,0.0
2022-10-18 00:00:00+08:00,13.761159852543024,13.808941841125488,13.761159852543024,13.808941841125488,30000,0.0,0.0
2022-10-19 00:00:00+08:00,13.8567239620003,13.8567239620003,13.617814928172708,13.71337890625,57000,0.0,0.0
2022-10-20 00:00:00+08:00,13.617814972779934,13.665596961975098,13.426687927364924,13.665596961975098,59000,0.0,0.0
2022-10-21 00:00:00+08:00,13.52225086453467,13.761159896850586,13.42668779842768,13.761159896850586,89000,0.0,0.0
2022-10-24 00:00:00+08:00,13.71337890625,13.71337890625,13.570032939134062,13.71337890625,84000,0.0,0.0
2022-10-25 00:00:00+08:00,13.522251038994638,13.665597007052973,13.283342003596388,13.617815017700195,145000,0.0,0.0
2022-10-26 00:00:00+08:00,13.61781538456472,13.61781538456472,13.283342361450195,13.283342361450195,49000,0.0,0.0
2022-10-27 00:00:00+08:00,13.28334217862035,13.474470138549805,13.28334217862035,13.474470138549805,32000,0.0,0.0
2022-10-28 00:00:00+08:00,13.331124259691153,13.474470230617694,13.283342269382306,13.37890625,31000,0.0,0.0
2022-10-31 00:00:00+08:00,13.522250175476074,13.570032161777538,13.378905127937266,13.522250175476074,28000,0.0,0.0
2022-11-01 00:00:00+08:00,13.665596134380468,13.665596134380468,13.522250175476074,13.522250175476074,20000,0.0,0.0
2022-11-02 00:00:00+08:00,13.761159983923008,13.808941972961653,13.570032939134062,13.71337890625,29000,0.0,0.0
2022-11-03 00:00:00+08:00,13.474469961007504,13.713378996405753,13.378905982301946,13.617815017700195,94000,0.0,0.0
2022-11-04 00:00:00+08:00,13.474469961007504,13.665597007052973,13.474469961007504,13.617815017700195,22000,0.0,0.0
2022-11-07 00:00:00+08:00,13.52225086453467,13.761159896850586,13.52225086453467,13.761159896850586,30000,0.0,0.0
2022-11-08 00:00:00+08:00,13.761160120105663,13.761160120105663,13.570033073425293,13.570033073425293,50000,0.0,0.0
2022-11-09 00:00:00+08:00,13.522250994389609,13.713378951170261,13.474469916560086,13.665596961975098,41000,0.0,0.0
2022-11-10 00:00:00+08:00,13.713378951170261,13.713378951170261,13.570032983584772,13.665596961975098,19000,0.0,0.0
2022-11-11 00:00:00+08:00,13.713378951170261,13.761160028999782,13.474469916560086,13.665596961975098,180000,0.0,0.0
2022-11-14 00:00:00+08:00,13.570032983584772,13.713378951170261,13.474469916560086,13.665596961975098,108000,0.0,0.0
2022-11-15 00:00:00+08:00,13.617815062936797,13.665597052448302,13.52225108391379,13.570033073425293,36000,0.0,0.0
2022-11-16 00:00:00+08:00,13.52225108391379,13.617815062936797,13.474470005767932,13.570033073425293,45000,0.0,0.0
2022-11-17 00:00:00+08:00,13.71337877532619,13.808941841125488,13.5700328095788,13.808941841125488,117000,0.0,0.0
2022-11-18 00:00:00+08:00,13.665596699651202,14.334541801445535,12.66217859127689,13.904505729675293,849000,0.0,0.0
2022-11-21 00:00:00+08:00,14.382324727432554,14.382324727432554,13.856724644837977,13.952288627624512,43000,0.0,0.0
2022-11-22 00:00:00+08:00,13.952287717953237,13.952287717953237,13.617814711373258,13.904505729675293,131000,0.0,0.0
2022-11-23 00:00:00+08:00,14.19119674797733,14.19119674797733,13.856723741397351,13.904505729675293,18000,0.0,0.0
2022-11-24 00:00:00+08:00,13.761159764841464,14.000068794865557,13.761159764841464,13.904505729675293,22000,0.0,0.0
2022-11-25 00:00:00+08:00,13.761159636750492,14.047850652383962,13.570032596783381,14.000068664550781,114000,0.0,0.0
2022-11-28 00:00:00+08:00,13.761159896850586,13.856723874323206,13.617814842007288,13.761159896850586,77000,0.0,0.0
2022-11-29 00:00:00+08:00,13.761159896850586,13.856723874323206,13.617814842007288,13.761159896850586,12000,0.0,0.0
2022-11-30 00:00:00+08:00,13.856723874323206,13.952287851795825,13.617814842007288,13.761159896850586,41000,0.0,0.0
2022-12-01 00:00:00+08:00,14.143414849837104,14.143414849837104,13.761159852543024,13.808941841125488,52000,0.0,0.0
2022-12-02 00:00:00+08:00,13.761159983923008,13.761159983923008,13.474469872422409,13.71337890625,134000,0.0,0.0
2022-12-05 00:00:00+08:00,13.713379041959806,13.856724099128671,13.570033073425293,13.570033073425293,279000,0.0,0.0
2022-12-06 00:00:00+08:00,13.522251038994638,13.761160074392887,13.522251038994638,13.617815017700195,22000,0.0,0.0
2022-12-07 00:00:00+08:00,13.713378996405753,13.713378996405753,13.570033028347417,13.617815017700195,60000,0.0,0.0
2022-12-08 00:00:00+08:00,13.617815062936797,13.713379041959806,13.474470005767932,13.570033073425293,29000,0.0,0.0
2022-12-09 00:00:00+08:00,13.85672400739011,13.85672400739011,13.474469916560086,13.665596961975098,63000,0.0,0.0
2022-12-12 00:00:00+08:00,13.665597683567505,14.095633786300134,13.665597683567505,13.856724739074707,261000,0.0,0.0
2022-12-13 00:00:00+08:00,13.85672451015037,14.095633553428826,13.85672451015037,14.0478515625,221000,0.0,0.0
2022-12-14 00:00:00+08:00,14.286760744646019,14.286760744646019,13.808942653444708,13.952288627624512,223000,0.0,0.0
2022-12-15 00:00:00+08:00,13.952288399961093,14.286760511524923,13.952288399961093,14.143415451049805,282000,0.0,0.0
2022-12-16 00:00:00+08:00,14.143415451049805,14.1911974416634,14.000069479209019,14.143415451049805,270000,0.0,0.0
2022-12-19 00:00:00+08:00,14.286760194366323,14.90792423582221,14.286760194366323,14.430106163024902,699000,0.0,0.0
2022-12-20 00:00:00+08:00,14.430105554500065,14.430105554500065,13.808941539238978,14.095632553100586,313000,0.0,0.0
2022-12-21 00:00:00+08:00,14.095633414409562,14.286760464874186,13.95228835440251,14.191197395324707,104000,0.0,0.0
2022-12-22 00:00:00+08:00,14.382324310214507,14.382324310214507,14.095633281537228,14.286760330200195,74000,0.0,0.0
2022-12-23 00:00:00+08:00,14.286760605778454,14.286760605778454,14.0478515625,14.0478515625,55000,0.0,0.0
2022-12-26 00:00:00+08:00,14.143415271544384,14.477887378863162,14.143415271544384,14.286760330200195,173000,0.0,0.0
2022-12-27 00:00:00+08:00,14.382324445789331,14.382324445789331,14.143415404867135,14.191197395324707,88000,0.0,0.0
2022-12-28 00:00:00+08:00,14.238978474416614,14.286760464874186,14.095633414409562,14.191197395324707,44000,0.0,0.0
2022-12-29 00:00:00+08:00,14.238978385925293,14.238978385925293,14.143415316969712,14.238978385925293,119000,0.0,0.0
2022-12-30 00:00:00+08:00,14.143415544357651,14.143415544357651,13.952288492008021,14.0478515625,82000,0.0,0.0
2023-01-03 00:00:00+08:00,14.047850652383962,14.047850652383962,13.856723612416854,14.000068664550781,90000,0.0,0.0
2023-01-04 00:00:00+08:00,13.904506636231243,14.000069707652095,13.904506636231243,13.952288627624512,6000,0.0,0.0
2023-01-05 00:00:00+08:00,14.047850652383962,14.191196615883506,13.856723612416854,14.000068664550781,48000,0.0,0.0
2023-01-06 00:00:00+08:00,13.904505729675293,14.000068794865557,13.713378687929145,13.904505729675293,82000,0.0,0.0
2023-01-09 00:00:00+08:00,13.904506636231243,14.047851699045363,13.808942653444708,13.952288627624512,46000,0.0,0.0
2023-01-10 00:00:00+08:00,13.808942747356484,14.047851794581911,13.808942747356484,13.856724739074707,50000,0.0,0.0
2023-01-11 00:00:00+08:00,13.904505996585272,13.904505996585272,13.665596961975098,13.665596961975098,152000,0.0,0.0
2023-01-12 00:00:00+08:00,13.665596961975098,13.713378951170261,13.570032983584772,13.665596961975098,56000,0.0,0.0
2023-01-13 00:00:00+08:00,13.665597007052973,13.713378996405753,13.522251038994638,13.617815017700195,86000,0.0,0.0
2023-01-16 00:00:00+08:00,13.665596917211355,13.761159983923008,13.474469872422409,13.71337890625,52000,0.0,0.0
2023-01-17 00:00:00+08:00,13.71337890625,13.71337890625,13.617814928172708,13.71337890625,78000,0.0,0.0
2023-01-30 00:00:00+08:00,13.617814928172708,13.71337890625,13.570032939134062,13.71337890625,38000,0.0,0.0
2023-01-31 00:00:00+08:00,13.761159983923008,13.8567239620003,13.665596917211355,13.71337890625,93000,0.0,0.0
2023-02-01 00:00:00+08:00,13.808941972961653,13.8567239620003,13.71337890625,13.71337890625,72000,0.0,0.0
2023-02-02 00:00:00+08:00,13.713378819479908,13.904505863059516,13.665596830743599,13.761159896850586,51000,0.0,0.0
2023-02-03 00:00:00+08:00,13.761160028999782,13.761160028999782,13.665596961975098,13.665596961975098,63000,0.0,0.0
2023-02-06 00:00:00+08:00,13.665596572449743,14.191196615883506,13.665596572449743,14.000068664550781,81000,0.0,0.0
2023-02-07 00:00:00+08:00,14.047851794581911,14.143415778018356,13.808942747356484,13.856724739074707,77000,0.0,0.0
2023-02-08 00:00:00+08:00,14.000068794865557,14.000068794865557,13.856723741397351,13.904505729675293,63000,0.0,0.0
2023-02-09 00:00:00+08:00,13.904506636231243,14.000069707652095,13.856724644837977,13.952288627624512,48000,0.0,0.0
2023-02-10 00:00:00+08:00,13.904506636231243,13.952288627624512,13.856724644837977,13.952288627624512,87000,0.0,0.0
2023-02-13 00:00:00+08:00,13.952287851795825,13.952287851795825,13.713378819479908,13.761159896850586,94000,0.0,0.0
2023-02-14 00:00:00+08:00,13.808941972961653,13.904505951038946,13.617814928172708,13.71337890625,166000,0.0,0.0
2023-02-15 00:00:00+08:00,13.665596830743599,13.761159896850586,13.665596830743599,13.761159896850586,25000,0.0,0.0
2023-02-16 00:00:00+08:00,13.665596917211355,13.761159983923008,13.665596917211355,13.71337890625,84000,0.0,0.0
2023-02-17 00:00:00+08:00,13.71337877532619,14.000068884089714,13.617814798161263,13.808941841125488,253000,0.0,0.0
2023-02-20 00:00:00+08:00,13.808942519221544,14.095633553428826,13.808942519221544,14.0478515625,118000,0.0,0.0
2023-02-21 00:00:00+08:00,14.0478515625,14.095633553428826,13.904506501079196,14.0478515625,134000,0.0,0.0
2023-02-22 00:00:00+08:00,14.047851794581911,14.095633786300134,13.808942747356484,13.856724739074707,134000,0.0,0.0
2023-02-23 00:00:00+08:00,13.952287501852586,14.191196528176325,13.952287501852586,14.095632553100586,147000,0.0,0.0
2023-02-24 00:00:00+08:00,14.334542455331759,14.334542455331759,13.856724373487367,14.191197395324707,236000,0.0,0.0
2023-03-01 00:00:00+08:00,14.19119726155154,14.812360397547597,13.856724242867108,14.286760330200195,498000,0.0,0.0
2023-03-02 00:00:00+08:00,14.430106346567776,14.430106346567776,14.095633326809093,14.238978385925293,102000,0.0,0.0
2023-03-03 00:00:00+08:00,14.191196528176325,14.191196528176325,14.095632553100586,14.095632553100586,93000,0.0,0.0
2023-03-06 00:00:00+08:00,14.047850652383962,14.095632640217143,14.000068664550781,14.000068664550781,77000,0.0,0.0
2023-03-07 00:00:00+08:00,14.000069433494419,14.382324445789331,13.95228835440251,14.191197395324707,327000,0.0,0.0
2023-03-08 00:00:00+08:00,14.191196528176325,14.238977604348586,14.047850565562717,14.095632553100586,121000,0.0,0.0
2023-03-09 00:00:00+08:00,14.095633414409562,14.191197395324707,13.90450636394494,14.191197395324707,219000,0.0,0.0
2023-03-10 00:00:00+08:00,14.1911974416634,14.286760511524923,14.047851469822614,14.143415451049805,170000,0.0,0.0
2023-03-13 00:00:00+08:00,14.0478515625,14.143415544357651,13.85672451015037,14.0478515625,171000,0.0,0.0
2023-03-14 00:00:00+08:00,13.952287501852586,14.191196528176325,13.856723526776848,14.095632553100586,164000,0.0,0.0
2023-03-15 00:00:00+08:00,14.143414628050325,14.143414628050325,14.000068664550781,14.000068664550781,74000,0.0,0.0
2023-03-16 00:00:00+08:00,14.000068664550781,14.143414628050325,13.665596572449743,14.000068664550781,177000,0.0,0.0
2023-03-17 00:00:00+08:00,13.952287588083216,14.143414628050325,13.952287588083216,14.000068664550781,53000,0.0,0.0
2023-03-20 00:00:00+08:00,13.952288399961093,14.1911974416634,13.952288399961093,14.143415451049805,106000,0.0,0.0
2023-03-21 00:00:00+08:00,14.143415316969712,14.238978385925293,13.761160307050408,14.238978385925293,266000,0.0,0.0
2023-03-22 00:00:00+08:00,14.143414540638457,14.191196528176325,14.047850565562717,14.095632553100586,62000,0.0,0.0
2023-03-23 00:00:00+08:00,13.952287588083216,14.095632640217143,13.952287588083216,14.000068664550781,56000,0.0,0.0
2023-03-24 00:00:00+08:00,14.143415544357651,14.143415544357651,14.000069571571174,14.0478515625,27000,0.0,0.0
2023-03-27 00:00:00+08:00,14.047851469822614,14.143415451049805,14.000069479209019,14.143415451049805,127000,0.0,0.0
2023-03-28 00:00:00+08:00,14.191196528176325,14.191196528176325,14.000068578024846,14.095632553100586,70000,0.0,0.0
2023-03-29 00:00:00+08:00,14.095632640217143,14.191196615883506,14.000068664550781,14.000068664550781,42000,0.0,0.0
2023-03-30 00:00:00+08:00,14.000068664550781,14.095632640217143,14.000068664550781,14.000068664550781,14000,0.0,0.0
2023-03-31 00:00:00+08:00,14.000069571571174,14.0478515625,13.952288492008021,14.0478515625,36000,0.0,0.0
2023-04-06 00:00:00+08:00,14.000068578024846,14.095632553100586,13.952287501852586,14.095632553100586,62000,0.0,0.0
2023-04-07 00:00:00+08:00,14.000069571571174,14.095633553428826,13.85672451015037,14.0478515625,162000,0.0,0.0
2023-04-10 00:00:00+08:00,14.047850565562717,14.143414540638457,14.000068578024846,14.095632553100586,104000,0.0,0.0
2023-04-11 00:00:00+08:00,13.952288267692891,14.669015386005217,13.952288267692891,14.238978385925293,251000,0.0,0.0
2023-04-12 00:00:00+08:00,14.191197216276608,14.477887332673587,14.000069256857751,14.334542274475098,158000,0.0,0.0
2023-04-13 00:00:00+08:00,14.38232421875,14.573451266197493,14.286760239343428,14.38232421875,501000,0.0,0.0
2023-04-14 00:00:00+08:00,14.430106163024902,14.573451220317835,14.334542183919183,14.430106163024902,447000,0.0,0.0
2023-04-17 00:00:00+08:00,14.477887241212116,14.477887241212116,14.334542183919183,14.430106163024902,189000,0.0,0.0
2023-04-18 00:00:00+08:00,14.430106347337512,15.433523583935767,14.430106347337512,15.099051475524902,2947000,0.0,0.0
2023-04-19 00:00:00+08:00,15.29017847848938,15.337959557142135,14.955705459726163,15.146833419799805,842000,0.0,0.0
2023-04-20 00:00:00+08:00,15.146833558341454,15.146833558341454,14.71679655560805,15.003487586975098,503000,0.0,0.0
2023-04-21 00:00:00+08:00,14.955704951940488,15.051268928732659,14.334541836888247,14.716795921325684,528000,0.0,0.0
2023-04-24 00:00:00+08:00,14.907924250213682,15.43352340170559,14.860142260614696,15.242396354675293,859000,0.0,0.0
2023-04-25 00:00:00+08:00,15.385741341855898,16.389158502587968,15.385741341855898,16.150249481201172,4684000,0.0,0.0
2023-04-26 00:00:00+08:00,16.198032637374787,16.198032637374787,15.481305561787075,15.911340713500977,2020000,0.0,0.0
2023-04-27 00:00:00+08:00,16.102469291053747,16.102469291053747,15.051269174628663,15.3857421875,1087000,0.0,0.0
2023-04-28 00:00:00+08:00,15.433523355956595,15.720215292700686,15.146833241943796,15.290178298950195,751000,0.0,0.0
2023-05-02 00:00:00+08:00,15.337959286957648,15.767996278182409,15.337959286957648,15.3857421875,459000,0.0,0.0
2023-05-03 00:00:00+08:00,15.385742646761479,15.481306627967466,14.81236058225688,14.955705642700195,876000,0.0,0.0
2023-05-04 00:00:00+08:00,15.051269352541494,15.290178389883422,14.955705373058462,15.19461441040039,259000,0.0,0.0
2023-05-05 00:00:00+08:00,15.385742505138257,15.481306485464597,15.003487495198565,15.099051475524902,366000,0.0,0.0
2023-05-08 00:00:00+08:00,15.194614637431242,15.290178618342146,14.907924517429858,15.003487586975098,221000,0.0,0.0
2023-05-09 00:00:00+08:00,15.099050827178461,15.146832815289892,14.812359809875488,14.812359809875488,255000,0.0,0.0
2023-05-10 00:00:00+08:00,14.62123294204748,14.907923962747553,14.62123294204748,14.669014930725098,188000,0.0,0.0
2023-05-11 00:00:00+08:00,14.95570532844702,15.672432438334877,14.812360271015708,15.242396354675293,1313000,0.0,0.0
2023-05-12 00:00:00+08:00,15.051269623906185,15.385742646761479,14.716796601050891,14.955705642700195,363000,0.0,0.0
2023-05-15 00:00:00+08:00,14.812360256716488,15.051269293115142,14.286760194366323,14.430106163024902,866000,0.0,0.0
2023-05-16 00:00:00+08:00,14.430105986634578,14.812360075653576,14.33454200869701,14.573451042175293,505000,0.0,0.0
2023-05-17 00:00:00+08:00,14.525668879106965,14.907923874910027,14.525668879106965,14.716795921325684,428000,0.0,0.0
2023-05-18 00:00:00+08:00,14.716796142997968,14.812360121229576,14.52566909790039,14.52566909790039,216000,0.0,0.0
2023-05-19 00:00:00+08:00,14.525669142889283,14.669015110680666,14.477887153625488,14.477887153625488,120000,0.0,0.0
2023-05-22 00:00:00+08:00,14.621233121416871,14.621233121416871,14.477887153625488,14.477887153625488,198000,0.0,0.0
2023-05-23 00:00:00+08:00,14.621233209870695,14.621233209870695,14.382324173472043,14.430106163024902,244000,0.0,0.0
2023-05-24 00:00:00+08:00,14.430106483365709,14.477887562613637,13.331124344715688,14.143415451049805,1522000,0.0,0.0
2023-05-25 00:00:00+08:00,14.286760376085914,14.334542366246534,14.047851336648472,14.238978385925293,113000,0.0,0.0
2023-05-26 00:00:00+08:00,14.430106436246904,14.430106436246904,14.095633414409562,14.191197395324707,134000,0.0,0.0
2023-05-29 00:00:00+08:00,14.525669415523357,14.525669415523357,14.047851336648472,14.238978385925293,118000,0.0,0.0
2023-05-30 00:00:00+08:00,14.286760511524923,14.382324492752113,14.09563346043621,14.143415451049805,160000,0.0,0.0
2023-05-31 00:00:00+08:00,14.334542455331759,14.334542455331759,14.000069433494419,14.191197395324707,155000,0.0,0.0
2023-06-01 00:00:00+08:00,14.191197216276608,14.334542274475098,14.191197216276608,14.334542274475098,135000,0.0,0.0
2023-06-02 00:00:00+08:00,14.334542274475098,14.430106254184526,14.286760284620383,14.334542274475098,106000,0.0,0.0
2023-06-05 00:00:00+08:00,14.382323953702205,14.716796052730013,14.33454196487948,14.621232986450195,272000,0.0,0.0
2023-06-06 00:00:00+08:00,14.573451132153076,14.764578177842612,14.477887153625488,14.477887153625488,305000,0.0,0.0
2023-06-07 00:00:00+08:00,14.47788701998202,14.716796052730013,14.47788701998202,14.621232986450195,97000,0.0,0.0
2023-06-08 00:00:00+08:00,14.621233255900778,14.669015245604065,14.38232421875,14.38232421875,170000,0.0,0.0
2023-06-09 00:00:00+08:00,14.382323997665793,14.621233031144078,14.191196953156293,14.573451042175293,306000,0.0,0.0
2023-06-12 00:00:00+08:00,14.764578819274902,14.812360810614537,14.525669773942411,14.764578819274902,253000,0.0,0.0
2023-06-13 00:00:00+08:00,14.716796142997968,14.76457813211377,14.382324041918618,14.52566909790039,214000,0.0,0.0
2023-06-14 00:00:00+08:00,14.525669053206508,14.66901502011286,14.430105986634578,14.573451042175293,65000,0.0,0.0
2023-06-15 00:00:00+08:00,14.621233121416871,14.716796188578817,14.477887153625488,14.477887153625488,45000,0.0,0.0
2023-06-16 00:00:00+08:00,14.525669230764976,14.573451220317835,14.382324173472043,14.430106163024902,49000,0.0,0.0
2023-06-19 00:00:00+08:00,14.62123363091456,14.62123363091456,13.85672451015037,14.0478515625,623000,0.0,0.0
2023-06-20 00:00:00+08:00,14.143414895375432,14.143414895375432,13.665596830743599,13.761159896850586,625000,0.0,0.0
2023-06-21 00:00:00+08:00,13.761159896850586,13.904505863059516,13.761159896850586,13.761159896850586,90000,0.0,0.0
2023-06-26 00:00:00+08:00,13.761159852543024,13.904505818290415,13.71337877532619,13.808941841125488,100000,0.0,0.0
2023-06-27 00:00:00+08:00,13.761159983923008,13.952287940077591,13.665596917211355,13.71337890625,164000,0.0,0.0
2023-06-28 00:00:00+08:00,13.665596961975098,13.808942018194946,13.617814972779934,13.665596961975098,124000,0.0,0.0
2023-06-29 00:00:00+08:00,13.761160074392887,13.856724053098445,13.474469961007504,13.617815017700195,303000,0.0,0.0
2023-06-30 00:00:00+08:00,13.665597187113603,13.713379177095968,13.378906158585078,13.474470138549805,255000,0.0,0.0
2023-07-03 00:00:00+08:00,13.474469872422409,13.761159983923008,13.474469872422409,13.71337890625,122000,0.0,0.0
2023-07-04 00:00:00+08:00,13.761160755638262,14.000069802863688,13.474470628060303,13.856724739074707,343000,0.0,0.0
2023-07-05 00:00:00+08:00,13.761159764841464,13.952287717953237,13.761159764841464,13.904505729675293,119000,0.0,0.0
2023-07-06 00:00:00+08:00,13.952287985780435,13.952287985780435,13.665596961975098,13.665596961975098,262000,0.0,0.0
2023-07-07 00:00:00+08:00,13.761160028999782,13.808942018194946,13.570032983584772,13.665596961975098,143000,0.0,0.0
2023-07-10 00:00:00+08:00,13.713378951170261,13.808942018194946,13.665596961975098,13.665596961975098,106000,0.0,0.0
2023-07-11 00:00:00+08:00,13.665596961975098,13.761160028999782,13.570032983584772,13.665596961975098,104000,0.0,0.0
2023-07-12 00:00:00+08:00,13.761160028999782,13.761160028999782,13.617814972779934,13.665596961975098,104000,0.0,0.0
2023-07-13 00:00:00+08:00,13.761160028999782,13.761160028999782,13.617814972779934,13.665596961975098,96000,0.0,0.0
2023-07-14 00:00:00+08:00,13.665596961975098,13.713378951170261,13.570032983584772,13.665596961975098,88000,0.0,0.0
2023-07-17 00:00:00+08:00,13.665597007052973,13.713378996405753,13.570033028347417,13.617815017700195,225000,0.0,0.0
2023-07-18 00:00:00+08:00,13.665596134380468,13.665596134380468,13.474469100540196,13.522250175476074,128000,0.0,0.0
2023-07-19 00:00:00+08:00,13.474470138549805,13.61781519713124,13.474470138549805,13.474470138549805,79000,0.0,0.0
2023-07-20 00:00:00+08:00,13.522250175476074,13.570032161777538,13.522250175476074,13.522250175476074,49000,0.0,0.0
2023-07-21 00:00:00+08:00,13.522250734817373,14.095632771421442,13.426687669627109,13.904505729675293,337000,0.0,0.0
2023-07-24 00:00:00+08:00,13.665597052448302,13.808942109617167,13.570033073425293,13.570033073425293,120000,0.0,0.0
2023-07-25 00:00:00+08:00,13.61781519713124,13.61781519713124,13.474470138549805,13.474470138549805,85000,0.0,0.0
2023-07-26 00:00:00+08:00,13.522250175476074,13.617814148079002,13.426687114238732,13.522250175476074,105000,0.0,0.0
2023-07-27 00:00:00+08:00,13.713379041959806,13.713379041959806,13.426688016256428,13.570033073425293,109000,0.0,0.0
2023-07-28 00:00:00+08:00,13.570032289488449,13.570032289488449,13.426687240600586,13.426687240600586,145000,0.0,0.0
2023-07-31 00:00:00+08:00,13.474469227351738,13.522250302737296,13.426687240600586,13.426687240600586,109000,0.0,0.0
2023-08-01 00:00:00+08:00,13.426687240600586,13.474469227351738,13.426687240600586,13.426687240600586,39000,0.0,0.0
2023-08-02 00:00:00+08:00,13.426688286672785,13.426688286672785,13.283342315251256,13.331124305725098,120000,0.0,0.0
2023-08-04 00:00:00+08:00,13.283342269382306,13.474470230617694,13.283342269382306,13.37890625,59000,0.0,0.0
2023-08-07 00:00:00+08:00,13.37890625,13.474470230617694,13.331124259691153,13.37890625,39000,0.0,0.0
2023-08-08 00:00:00+08:00,13.37890634273025,13.426688333370278,13.235561282175837,13.283342361450195,102000,0.0,0.0
2023-08-09 00:00:00+08:00,13.283342361450195,13.474470324010305,13.235561282175837,13.283342361450195,77000,0.0,0.0
2023-08-10 00:00:00+08:00,13.283342544833166,13.378906527432529,13.139997482299805,13.139997482299805,88000,0.0,0.0
2023-08-11 00:00:00+08:00,13.47447051003189,13.47447051003189,13.139997482299805,13.139997482299805,35000,0.0,0.0
2023-08-14 00:00:00+08:00,13.139996572341314,13.378905600929338,13.092214584350586,13.092214584350586,118000,0.0,0.0
2023-08-15 00:00:00+08:00,13.092215585394186,13.092215585394186,12.996652513471503,13.04443359375,56000,0.0,0.0
2023-08-16 00:00:00+08:00,12.996652651024409,13.044433731808608,12.901088666724615,12.948870658874512,85000,0.0,0.0
2023-08-17 00:00:00+08:00,12.948870658874512,13.092215723958507,12.901088666724615,12.948870658874512,103000,0.0,0.0
2023-08-18 00:00:00+08:00,12.996651738515437,12.996651738515437,12.901087760925293,12.901087760925293,67000,0.0,0.0
2023-08-21 00:00:00+08:00,12.996651738515437,12.996651738515437,12.47105168450091,12.901087760925293,372000,0.0,0.0
2023-08-22 00:00:00+08:00,12.853306041038383,12.853306041038383,12.566615013635628,12.662178993225098,219000,0.0,0.0
2023-08-23 00:00:00+08:00,12.709960630034423,13.092214715044904,12.662178641566706,12.996651649475098,230000,0.0,0.0
2023-08-24 00:00:00+08:00,12.996651649475098,13.187778691980338,12.996651649475098,12.996651649475098,100000,0.0,0.0
2023-08-25 00:00:00+08:00,13.044433499700444,13.283342544833166,12.996652419766443,13.139997482299805,131000,0.0,0.0
2023-08-28 00:00:00+08:00,13.28334153688267,13.378905512230562,13.139996485226444,13.18777847290039,103000,0.0,0.0
2023-08-29 00:00:00+08:00,13.331124305725098,13.570033346728652,13.235561236143077,13.331124305725098,110000,0.0,0.0
2023-08-30 00:00:00+08:00,13.378905600929338,13.378905600929338,12.996651519734748,13.092214584350586,162000,0.0,0.0
2023-08-31 00:00:00+08:00,13.092215723958507,13.1877797082583,12.948870658874512,12.948870658874512,101000,0.0,0.0
2023-09-01 00:00:00+08:00,12.94886966100738,12.996651649475098,12.75774261850214,12.996651649475098,128000,0.0,0.0
2023-09-04 00:00:00+08:00,13.139996884901043,13.139996884901043,12.757742794613813,12.805523872375488,101000,0.0,0.0
2023-09-05 00:00:00+08:00,12.901088666724615,12.996652651024409,12.853306674574716,12.948870658874512,38000,0.0,0.0
2023-09-06 00:00:00+08:00,12.996651649475098,13.283341757550144,12.94886966100738,12.996651649475098,44000,0.0,0.0
2023-09-07 00:00:00+08:00,12.948870204665681,13.331124305725098,12.757743154135971,13.331124305725098,74000,0.0,0.0
2023-09-08 00:00:00+08:00,13.283342640605243,13.283342640605243,12.996652513471503,13.04443359375,24000,0.0,0.0
2023-09-11 00:00:00+08:00,12.948869794571541,12.996651783532116,12.662178772173725,12.85330581665039,158000,0.0,0.0
2023-09-12 00:00:00+08:00,12.85330581665039,13.139996839048205,12.757742750094875,12.85330581665039,101000,0.0,0.0
2023-09-13 00:00:00+08:00,12.85330581665039,12.996651783532116,12.805523827689814,12.85330581665039,41000,0.0,0.0
2023-09-14 00:00:00+08:00,12.8533058615028,12.8533058615028,12.805523872375488,12.805523872375488,38000,0.0,0.0
2023-09-15 00:00:00+08:00,12.853305995005172,12.901087984628779,12.7099609375,12.7099609375,99000,0.0,0.0
2023-09-18 00:00:00+08:00,12.709960983019831,12.709960983019831,12.566615013635628,12.662178993225098,154000,0.0,0.0
2023-09-19 00:00:00+08:00,12.662178081630621,12.757742054340106,12.614396095275879,12.614396095275879,88000,0.0,0.0
2023-09-20 00:00:00+08:00,12.709960983019831,12.901088030833119,12.614397003430362,12.662178993225098,98000,0.0,0.0
2023-09-21 00:00:00+08:00,12.709961075097976,12.901088124295894,12.566615104675293,12.566615104675293,59000,0.0,0.0
2023-09-22 00:00:00+08:00,12.61439622270969,12.61439622270969,12.51883316040039,12.51883316040039,78000,0.0,0.0
2023-09-25 00:00:00+08:00,12.566615104675293,12.614397094816187,12.566615104675293,12.566615104675293,23000,0.0,0.0
2023-09-26 00:00:00+08:00,12.56661523974306,12.56661523974306,12.471052169799805,12.471052169799805,39000,0.0,0.0
2023-09-27 00:00:00+08:00,12.471051856417983,12.471051856417983,12.471051856417983,12.757742881774902,10000,0.0,0.0
2023-09-28 00:00:00+08:00,12.47105104757724,12.614396095275879,12.47105104757724,12.614396095275879,29000,0.0,0.0
2023-10-02 00:00:00+08:00,12.709960067985364,12.709960067985364,12.566614108921137,12.614396095275879,25000,0.0,0.0
2023-10-03 00:00:00+08:00,12.614396958252787,12.7099609375,12.614396958252787,12.7099609375,23000,0.0,0.0
2023-10-04 00:00:00+08:00,12.709960892321142,12.757742881774902,12.61439691341362,12.757742881774902,18000,0.0,0.0
2023-10-05 00:00:00+08:00,12.709960892321142,12.757742881774902,12.518833845871743,12.757742881774902,43000,0.0,0.0
2023-10-06 00:00:00+08:00,12.614396095275879,12.709960067985364,12.614396095275879,12.614396095275879,14000,0.0,0.0
2023-10-11 00:00:00+08:00,12.662179084957081,12.662179084957081,12.518834025900057,12.566615104675293,27000,0.0,0.0
2023-10-12 00:00:00+08:00,12.566615104675293,12.614397094816187,12.566615104675293,12.566615104675293,18000,0.0,0.0
2023-10-13 00:00:00+08:00,12.566614235872242,12.566614235872242,12.471051173562941,12.51883316040039,55000,0.0,0.0
2023-10-16 00:00:00+08:00,12.518833890371223,12.7099609375,12.471051900747616,12.7099609375,27000,0.0,0.0
2023-10-17 00:00:00+08:00,12.709961075097976,12.709961075097976,12.518834025900057,12.566615104675293,23000,0.0,0.0
2023-10-18 00:00:00+08:00,12.566614235872242,12.61439622270969,12.471051173562941,12.51883316040039,45000,0.0,0.0
2023-10-19 00:00:00+08:00,12.518834160454267,12.662179221051984,12.423270179145343,12.471052169799805,54000,0.0,0.0
2023-10-20 00:00:00+08:00,12.51883316040039,12.566614235872242,12.471051173562941,12.51883316040039,48000,0.0,0.0
2023-10-23 00:00:00+08:00,12.518834160454267,12.56661523974306,12.423270179145343,12.471052169799805,32000,0.0,0.0
2023-10-24 00:00:00+08:00,12.614397400734678,13.187779473599486,12.471052338201316,13.139997482299805,200000,0.0,0.0
2023-10-25 00:00:00+08:00,13.092215491000124,13.331124536132847,13.092215491000124,13.139997482299805,197000,0.0,0.0
2023-10-26 00:00:00+08:00,12.90108843716708,13.283342544833166,12.90108843716708,13.139997482299805,82000,0.0,0.0
2023-10-27 00:00:00+08:00,13.092215012373057,13.331124048771711,13.044433022820197,14.430106163024902,202000,0.0,0.0
2023-10-30 00:00:00+08:00,13.283341848554604,13.474469803734893,12.566614750725421,12.901087760925293,378000,0.0,0.0
2023-10-31 00:00:00+08:00,12.996651963875992,12.996651963875992,12.7099609375,12.7099609375,83000,0.0,0.0
2023-11-01 00:00:00+08:00,12.709960983019831,12.709960983019831,12.614397003430362,12.662178993225098,22000,0.0,0.0
2023-11-02 00:00:00+08:00,12.757743466616258,13.092215585394186,12.709961474972072,13.04443359375,93000,0.0,0.0
2023-11-03 00:00:00+08:00,13.092214715044904,13.092214715044904,12.94886966100738,12.996651649475098,5000,0.0,0.0
2023-11-06 00:00:00+08:00,12.996652010422588,13.092215078646404,12.662178993225098,12.662178993225098,103000,0.0,0.0
2023-11-07 00:00:00+08:00,12.709961609490723,12.996652651024409,12.709961609490723,12.948870658874512,57000,0.0,0.0
2023-11-08 00:00:00+08:00,12.94886966100738,13.044432726577186,12.853305684071946,12.996651649475098,56000,0.0,0.0
2023-11-09 00:00:00+08:00,12.996651828884742,13.09221489577373,12.805523872375488,12.805523872375488,90000,0.0,0.0
2023-11-10 00:00:00+08:00,13.044432509878552,13.235560460574336,13.044432509878552,13.18777847290039,98000,0.0,0.0
2023-11-13 00:00:00+08:00,12.996652419766443,13.235561464899167,12.996652419766443,13.139997482299805,55000,0.0,0.0
2023-11-14 00:00:00+08:00,13.139997482299805,13.283342544833166,12.90108843716708,13.139997482299805,77000,0.0,0.0
2023-11-15 00:00:00+08:00,13.139996485226444,13.18777847290039,12.99665143357022,13.18777847290039,47000,0.0,0.0
2023-11-16 00:00:00+08:00,13.1877797082583,13.1877797082583,12.948870658874512,12.948870658874512,13000,0.0,0.0
2023-11-17 00:00:00+08:00,12.94886966100738,13.044432726577186,12.853305684071946,12.996651649475098,82000,0.0,0.0
2023-11-20 00:00:00+08:00,12.996651649475098,13.378905734485578,12.996651649475098,12.996651649475098,214000,0.0,0.0
2023-11-21 00:00:00+08:00,13.092214715044904,13.235560680448055,12.996651649475098,12.996651649475098,285000,0.0,0.0
2023-11-22 00:00:00+08:00,13.235560680448055,13.235560680448055,12.996651649475098,12.996651649475098,511000,0.0,0.0
2023-11-23 00:00:00+08:00,13.092214715044904,13.235560680448055,12.996651649475098,12.996651649475098,130000,0.0,0.0
2023-11-24 00:00:00+08:00,13.187778691980338,13.33112374601786,12.996651649475098,12.996651649475098,193000,0.0,0.0
2023-11-27 00:00:00+08:00,13.092215723958507,13.1877797082583,12.948870658874512,12.948870658874512,190000,0.0,0.0
2023-11-28 00:00:00+08:00,13.044432861127055,13.139996839048205,12.85330581665039,12.85330581665039,239000,0.0,0.0
2023-11-29 00:00:00+08:00,12.901087672539663,12.996651649475098,12.805523695604231,12.996651649475098,100000,0.0,0.0
2023-11-30 00:00:00+08:00,13.092215136849584,14.286760330200195,13.092215136849584,14.286760330200195,924000,0.0,0.0
2023-12-01 00:00:00+08:00,14.62123276879538,15.57686797419592,14.573450780683949,14.812359809875488,3207000,0.0,0.0
2023-12-04 00:00:00+08:00,15.00348763330319,15.290178665555489,14.81236058225688,14.955705642700195,1205000,0.0,0.0
2023-12-05 00:00:00+08:00,15.003487446210563,15.099051426224875,14.143415271544384,14.286760330200195,668000,0.0,0.0
2023-12-06 00:00:00+08:00,14.286760605778454,14.477887658128083,14.0478515625,14.0478515625,427000,0.0,0.0
2023-12-07 00:00:00+08:00,14.191196783065616,15.433523013170095,14.191196783065616,14.716795921325684,1788000,0.0,0.0
2023-12-08 00:00:00+08:00,14.621232855899137,15.003486940336574,14.621232855899137,14.716795921325684,499000,0.0,0.0
2023-12-11 00:00:00+08:00,15.051269623906185,15.529087707204793,14.81236058225688,14.955705642700195,756000,0.0,0.0
2023-12-12 00:00:00+08:00,14.955705778532963,15.14683374268083,14.716796734713807,14.860142707824707,479000,0.0,0.0
2023-12-13 00:00:00+08:00,14.907923786098353,14.955704862844165,14.716795833652624,14.812359809875488,381000,0.0,0.0
2023-12-14 00:00:00+08:00,15.290178211731632,15.481306168470791,15.051269177173326,15.337959289550781,1596000,0.0,0.0
2023-12-15 00:00:00+08:00,15.529087565001182,16.102469624255182,15.290178525539625,15.959124565124512,2222000,0.0,0.0
2023-12-18 00:00:00+08:00,16.102470026060658,17.010323305029477,16.102470026060658,16.43694305419922,3628000,0.0,0.0
2023-12-19 00:00:00+08:00,16.53250329496838,16.675850163766547,16.10246815676734,16.389158248901367,1292000,0.0,0.0
2023-12-20 00:00:00+08:00,16.43694287644967,17.010323121079377,16.43694287644967,16.53250503540039,1433000,0.0,0.0
2023-12-21 00:00:00+08:00,16.532503129303347,17.010321159892822,16.389158084672733,16.580286026000977,930000,0.0,0.0
2023-12-22 00:00:00+08:00,16.628067351905766,16.819195296129863,16.293594360879176,16.34137725830078,1201000,0.0,0.0
2023-12-25 00:00:00+08:00,16.675850163766547,16.77141231265712,16.34137717445608,16.389158248901367,902000,0.0,0.0
2023-12-26 00:00:00+08:00,16.484724044799805,16.675852009194372,16.436942965066837,16.484724044799805,465000,0.0,0.0
2023-12-27 00:00:00+08:00,16.628069106730052,16.914761053321907,16.341378982869553,16.484724044799805,821000,0.0,0.0
2023-12-28 00:00:00+08:00,16.67585209962228,16.771414259606413,16.43694305419922,16.43694305419922,681000,0.0,0.0
2023-12-29 00:00:00+08:00,16.484724134191286,16.723633179614346,16.43694305419922,16.43694305419922,405000,0.0,0.0
2024-01-02 00:00:00+08:00,16.484722055336853,16.771412144598084,16.484722055336853,16.580286026000977,272000,0.0,0.0
2024-01-03 00:00:00+08:00,16.58028619214482,16.628067266590108,16.245813202834352,16.389158248901367,393000,0.0,0.0
2024-01-04 00:00:00+08:00,16.48472423429178,16.53250531457399,16.293596267700195,16.293596267700195,233000,0.0,0.0
2024-01-05 00:00:00+08:00,16.389159791703733,17.249231971800327,16.389159791703733,16.7236328125,1189000,0.0,0.0
2024-01-08 00:00:00+08:00,16.914760962128657,17.010323121079377,16.53250503540039,16.53250503540039,560000,0.0,0.0
2024-01-09 00:00:00+08:00,16.53250531457399,16.580288217587572,16.102470123839986,16.293596267700195,743000,0.0,0.0
2024-01-10 00:00:00+08:00,16.29359411400861,16.580286026000977,16.245813040042115,16.580286026000977,227000,0.0,0.0
2024-01-11 00:00:00+08:00,16.150249825585387,16.436941751001605,15.624650696419154,15.86355972290039,999000,0.0,0.0
2024-01-12 00:00:00+08:00,16.00690477424289,16.00690477424289,15.767995747761653,15.86355972290039,178000,0.0,0.0
2024-01-15 00:00:00+08:00,15.911342433929384,17.344796740098364,15.911342433929384,16.0546875,4161389,0.0,0.0
2024-01-16 00:00:00+08:00,16.102469757887008,17.010323021736262,16.102469757887008,16.675851821899414,2008000,0.0,0.0
2024-01-17 00:00:00+08:00,16.723632901095726,17.297014965108133,16.43694278045519,16.675851821899414,1546000,0.0,0.0
2024-01-18 00:00:00+08:00,16.819195920787823,17.5837040806154,16.819195920787823,17.53592300415039,2430000,0.0,0.0
2024-01-19 00:00:00+08:00,17.58370582311051,19.25606918334961,17.344796771647783,19.25606918334961,6393000,0.0,0.0
2024-01-22 00:00:00+08:00,20.02057952815349,21.167341897945324,18.92159641751392,20.641742706298828,11579000,0.0,0.0
2024-01-23 00:00:00+08:00,20.068359375,20.68952251491802,19.3038511755211,20.068359375,6940000,0.0,0.0
2024-01-24 00:00:00+08:00,19.686103991866187,20.40283106567638,19.112721968271792,19.54275894165039,3282000,0.0,0.0
2024-01-25 00:00:00+08:00,19.733885693717276,19.78166859379251,18.68268558756861,18.921594619750977,2458000,0.0,0.0
2024-01-26 00:00:00+08:00,18.9693776972264,19.30385070995593,18.491559628393144,18.778249740600586,1685000,0.0,0.0
2024-01-29 00:00:00+08:00,18.873813194848495,19.877230382444154,18.730468142725005,19.303850173950195,2708000,0.0,0.0
2024-01-30 00:00:00+08:00,19.447194882658792,20.355048078563414,19.399411984307267,19.590539932250977,2766000,0.0,0.0
2024-01-31 00:00:00+08:00,19.590540278197174,19.877230382444154,19.303850173950195,19.303850173950195,1095000,0.0,0.0
2024-02-01 00:00:00+08:00,19.49497666153491,20.020577625974877,18.921594619750977,18.921594619750977,1897000,0.0,0.0
2024-02-02 00:00:00+08:00,19.112722483365914,19.44719549137107,18.634904421281767,19.06494140625,1901000,0.0,0.0
2024-02-05 00:00:00+08:00,19.447195314266736,19.447195314266736,18.826032203760487,19.20828628540039,1136000,0.0,0.0
2024-02-15 00:00:00+08:00,19.399412989526446,20.546177091148166,19.399412989526446,20.35504913330078,2084000,0.0,0.0
2024-02-16 00:00:00+08:00,20.976214745007272,20.976214745007272,19.59054156383836,19.829450607299805,1772000,0.0,0.0
2024-02-19 00:00:00+08:00,19.638322825375635,20.259487802315196,19.303851619616015,19.686105728149414,1717000,0.0,0.0
2024-02-20 00:00:00+08:00,19.829449486732482,20.11613959359274,19.112722396850586,19.112722396850586,981000,0.0,0.0
2024-02-21 00:00:00+08:00,19.208285859094758,20.21170302897123,18.921593937179196,19.590539932250977,2117000,0.0,0.0
2024-02-22 00:00:00+08:00,19.78166971582538,20.498396853025845,19.494977767306374,19.638322830200195,2444000,0.0,0.0
2024-02-23 00:00:00+08:00,19.733885917187145,20.450613021850586,19.686104839302097,20.450613021850586,2089000,0.0,0.0
2024-02-26 00:00:00+08:00,21.40624906768485,22.45744918113531,20.020577765040798,20.54617691040039,12253000,0.0,0.0
2024-02-27 00:00:00+08:00,20.4506132003377,22.027412479812867,20.06835910572725,20.307268142700195,5496000,0.0,0.0
2024-02-29 00:00:00+08:00,20.355049043349204,20.641740978853353,20.06835893057634,20.450613021850586,1881000,0.0,0.0
2024-03-01 00:00:00+08:00,20.593959062112354,21.50181416715129,20.49839690177678,21.26290512084961,2642000,0.0,0.0
2024-03-04 00:00:00+08:00,21.64515875747115,23.365304946899414,21.40624971638928,23.365304946899414,4215000,0.0,0.0
2024-03-05 00:00:00+08:00,23.365305505077448,23.365305505077448,22.266322431661973,22.887487411499023,3803000,0.0,0.0
2024-03-06 00:00:00+08:00,22.839703102794502,24.177593317925112,22.553012993384822,24.129812240600586,5732000,0.0,0.0
2024-03-07 00:00:00+08:00,24.177594042291197,24.22537694377857,23.07861282632002,23.508649826049805,2774000,0.0,0.0
2024-03-08 00:00:00+08:00,23.413085647251293,23.556430705035144,21.740722386733346,21.979631423950195,4445000,0.0,0.0
2024-03-11 00:00:00+08:00,22.983048372378107,23.126395251154424,22.122976213376607,22.21854019165039,2288000,0.0,0.0
2024-03-12 00:00:00+08:00,22.744139520314366,22.744139520314366,22.0751953125,22.0751953125,1809000,0.0,0.0
2024-03-13 00:00:00+08:00,22.21854162518653,23.89090497331885,22.21854162518653,22.648578643798828,3877000,0.0,0.0
2024-03-14 00:00:00+08:00,22.2185393341299,23.221956510449733,21.740721283933556,22.983047485351562,2600000,0.0,0.0
2024-03-15 00:00:00+08:00,22.839704513549805,23.74755962064199,22.839704513549805,22.839704513549805,1770000,0.0,0.0
2024-03-18 00:00:00+08:00,22.839704513549805,22.839704513549805,22.839704513549805,22.839704513549805,0,0.0,0.0
2024-03-19 00:00:00+08:00,23.699776491114726,25.276577643386183,23.699776491114726,24.703195571899414,4619000,0.0,0.0
2024-03-20 00:00:00+08:00,24.703195571899414,24.703195571899414,24.703195571899414,24.703195571899414,0,0.0,0.0
2024-03-21 00:00:00+08:00,24.55984931589102,25.22879351449969,24.034248349772135,24.08203125,2624000,0.0,0.0
2024-03-22 00:00:00+08:00,24.08203171998101,25.419921966039663,23.890903760802072,25.324357986450195,2461000,0.0,0.0
2024-03-25 00:00:00+08:00,25.419922054366243,26.232213149602238,25.08544903600656,25.27657699584961,5437000,0.0,0.0
2024-03-26 00:00:00+08:00,25.467702688734676,25.7066117230056,24.989884620192818,25.611047744750977,2454000,0.0,0.0
2024-03-27 00:00:00+08:00,25.61104828802821,25.80217624859179,24.98988515029356,25.133230209350586,2399000,0.0,0.0
2024-03-28 00:00:00+08:00,25.324356419094276,25.658829415590816,24.989883422597735,25.03766632080078,1930000,0.0,0.0
2024-03-29 00:00:00+08:00,25.037669077955638,25.27657812708601,23.890904913037293,24.27315902709961,2229000,0.0,0.0
2024-04-01 00:00:00+08:00,23.98646748713223,25.61104783207498,23.938684586476356,25.56326675415039,2610000,0.0,0.0
2024-04-02 00:00:00+08:00,25.563266575425338,25.849956686431057,25.41992151992248,25.75439453125,2264000,0.0,0.0
2024-04-03 00:00:00+08:00,25.802175521850586,25.802175521850586,25.085448424021404,25.802175521850586,1876000,0.0,0.0
2024-04-08 00:00:00+08:00,25.802175969257558,26.56668415777267,25.419921875,25.419921875,3553000,0.0,0.0
2024-04-09 00:00:00+08:00,25.324356419094276,25.658829415590816,24.989883422597735,25.03766632080078,1457000,0.0,0.0
2024-04-10 00:00:00+08:00,25.085447396527428,25.515484366703234,24.846538373703357,24.989883422851562,1262000,0.0,0.0
2024-04-11 00:00:00+08:00,25.515487483391187,25.94552268336411,25.228795527344488,25.658832550048828,4071000,0.0,0.0
2024-04-12 00:00:00+08:00,25.611046517647907,25.611046517647907,24.942102347379226,24.989883422851562,1923000,0.0,0.0
2024-04-15 00:00:00+08:00,24.89432165074153,24.98988563286874,23.030832201552073,23.07861328125,3898000,0.0,0.0
2024-04-16 00:00:00+08:00,23.41308658534274,23.556431648869992,22.887487411499023,22.887487411499023,1349000,0.0,0.0
2024-04-17 00:00:00+08:00,23.126395466286787,23.890903654126312,22.98304858617699,23.69977569580078,1027000,0.0,0.0
2024-04-18 00:00:00+08:00,23.890904112189,23.938685191320843,23.26974096981835,23.317522048950195,731000,0.0,0.0
2024-04-19 00:00:00+08:00,23.556431369154687,23.84312331553631,22.55301411364739,23.07861328125,1723000,0.0,0.0
2024-04-22 00:00:00+08:00,23.07861328125,23.365305227631623,22.791923157599733,23.07861328125,918000,0.0,0.0
2024-04-23 00:00:00+08:00,23.269740435053812,23.795339584350586,23.17417645625496,23.795339584350586,917000,0.0,0.0
2024-04-24 00:00:00+08:00,23.890903296816138,24.27315738501894,23.79533931908262,24.03424835205078,918000,0.0,0.0
2024-04-25 00:00:00+08:00,24.03424835205078,24.177593407285425,23.843122219315013,24.03424835205078,559000,0.0,0.0
2024-04-26 00:00:00+08:00,23.986467633289074,24.129812690667574,23.69977569580078,23.69977569580078,976000,0.0,0.0
2024-04-29 00:00:00+08:00,23.699775341349103,24.1298123297843,23.651994263847975,24.03424835205078,1281000,0.0,0.0
2024-04-30 00:00:00+08:00,24.082031074971173,24.320940106180288,23.986467097941276,24.22537612915039,1099000,0.0,0.0
2024-05-02 00:00:00+08:00,24.320939845626498,24.464284898270037,24.08203081697685,24.416501998901367,1811000,0.0,0.0
2024-05-03 00:00:00+08:00,24.5120662394669,24.84653924773263,24.177593231201172,24.177593231201172,1097000,0.0,0.0
2024-05-06 00:00:00+08:00,24.320940648993105,24.368721727208836,23.221957622718257,23.69977569580078,1238000,0.0,0.0
2024-05-07 00:00:00+08:00,23.46086692456243,23.69977596380535,23.221957885319508,23.508649826049805,997000,0.0,0.0
2024-05-08 00:00:00+08:00,22.170760225888547,22.361886369291067,21.167341137782664,21.26290512084961,3452000,0.0,0.0
2024-05-09 00:00:00+08:00,21.023994978084122,21.262904011925986,20.402831854641526,20.54617691040039,1132000,0.0,0.0
2024-05-10 00:00:00+08:00,21.07177791144648,21.167341897945324,20.546178719799983,20.641742706298828,629000,0.0,0.0
2024-05-13 00:00:00+08:00,19.494975542172188,20.163921522965776,19.20828544910703,19.972793579101562,1213000,0.0,0.0
2024-05-14 00:00:00+08:00,19.972795394382306,20.21170443456088,19.733886354203733,20.068359375,341000,0.0,0.0
2024-05-15 00:00:00+08:00,20.020577168467245,20.16392221995471,19.3038500882987,19.35163116455078,842000,0.0,0.0
2024-05-16 00:00:00+08:00,19.303850003069126,19.638321180819396,19.303850003069126,19.399412155151367,589000,0.0,0.0
2024-05-17 00:00:00+08:00,19.303852087281,19.59054221994371,19.25606918334961,19.25606918334961,548000,0.0,0.0
2024-05-20 00:00:00+08:00,19.351631250414282,19.447195226073685,19.11272222263139,19.303850173950195,613000,0.0,0.0
2024-05-21 00:00:00+08:00,19.4471950539237,19.494976129964822,19.256067104296793,19.399412155151367,329000,0.0,0.0
2024-05-22 00:00:00+08:00,19.399413967309428,19.73388699903505,19.30385180630044,19.494977951049805,530000,0.0,0.0
2024-05-23 00:00:00+08:00,19.54275911502155,19.59054019127363,19.35163116455078,19.35163116455078,372000,0.0,0.0
2024-05-24 00:00:00+08:00,19.303850003069126,19.590540104778274,19.208286028255674,19.399412155151367,301000,0.0,0.0
2024-05-27 00:00:00+08:00,19.494977581907513,20.0205785711615,19.494977581907513,19.829450607299805,554000,0.0,0.0
2024-05-28 00:00:00+08:00,19.82945079587953,19.82945079587953,19.542760670091894,19.638322830200195,313000,0.0,0.0
2024-05-29 00:00:00+08:00,19.63832083826522,19.87722985976592,19.542758687849883,19.781667709350586,1040000,0.0,0.0
2024-05-30 00:00:00+08:00,19.781668141744397,19.82944921799648,19.3038500882987,19.35163116455078,601000,0.0,0.0
2024-05-31 00:00:00+08:00,19.351632976267055,19.638323106082158,19.351632976267055,19.44719696044922,232000,0.0,0.0
2024-06-03 00:00:00+08:00,19.447196594332187,19.78166962130721,19.447196594332187,19.73388671875,261000,0.0,0.0
2024-06-04 00:00:00+08:00,19.73388699903505,19.829450982775427,19.44719687054531,19.494977951049805,444000,0.0,0.0
2024-06-05 00:00:00+08:00,19.638321714097092,19.638321714097092,18.92159461763032,18.969377517700195,1063000,0.0,0.0
2024-06-06 00:00:00+08:00,18.969379333736473,19.303852375321377,18.82603426526621,19.017160415649414,395000,0.0,0.0
2024-06-07 00:00:00+08:00,19.20828628540039,19.20828628540039,18.921594357122036,19.20828628540039,195000,0.0,0.0
2024-06-11 00:00:00+08:00,19.877230382444154,19.877230382444154,19.160503299095474,19.303850173950195,595000,0.0,0.0
2024-06-12 00:00:00+08:00,19.590540607805504,21.21512275315505,19.590540607805504,20.68952178955078,3573000,0.0,0.0
2024-06-13 00:00:00+08:00,20.832866842026547,21.979630923657716,20.689521787505466,20.7373046875,2830000,0.0,0.0
2024-06-14 00:00:00+08:00,20.6895220567384,21.31068518290046,20.020577852691293,20.450613021850586,946000,0.0,0.0
2024-06-17 00:00:00+08:00,20.832866755164638,21.02399470888335,20.45061267045846,20.785085678100586,720000,0.0,0.0
2024-06-18 00:00:00+08:00,21.215124802560464,21.215124802560464,20.59395980168369,20.641742706298828,533000,0.0,0.0
2024-06-19 00:00:00+08:00,20.641741159008575,20.689522237310644,20.11614018402932,20.307268142700195,760000,0.0,0.0
2024-06-20 00:00:00+08:00,20.92843100000112,20.92843100000112,20.45061293231739,20.54617691040039,399000,0.0,0.0
2024-06-21 00:00:00+08:00,20.450612757748274,20.88064974408529,20.450612757748274,20.68952178955078,660000,0.0,0.0
2024-06-24 00:00:00+08:00,20.785086035239782,20.83286711312483,20.402831943965538,20.450613021850586,260000,0.0,0.0
2024-06-25 00:00:00+08:00,20.49839583272453,20.593957988076255,20.116139920392524,20.54617691040039,377000,0.0,0.0
2024-06-26 00:00:00+08:00,20.54617654822475,22.600793838500977,20.54617654822475,22.600793838500977,2747000,0.0,0.0
2024-06-27 00:00:00+08:00,23.508649467908956,24.75097572395349,23.030831396702396,23.843122482299805,16919000,0.0,0.0
2024-06-28 00:00:00+08:00,24.464284984644287,24.559848960987793,23.36530381352207,24.36872100830078,5159000,0.0,0.0
2024-07-01 00:00:00+08:00,24.703193324555155,25.993302412351376,24.08203022975881,24.989883422851562,7054000,0.0,0.0
2024-07-02 00:00:00+08:00,25.372138619600676,25.80217560884053,24.750975497267437,25.75439453125,5025000,0.0,0.0
2024-07-03 00:00:00+08:00,28.23904800012035,28.28683090209961,27.283411833311114,28.28683090209961,10238000,0.0,0.0
2024-07-04 00:00:00+08:00,31.105957008112703,31.105957008112703,27.713449289675953,27.904577255249023,33873000,0.0,0.0
2024-07-05 00:00:00+08:00,27.90457583935602,29.433592195432016,27.713447883480885,29.146902084350586,7491000,0.0,0.0
2024-07-08 00:00:00+08:00,30.10253840411947,30.245883460545212,28.430175159446165,28.955774307250977,6790000,0.0,0.0
2024-07-09 00:00:00+08:00,29.099120865171237,29.242465920014535,27.140065706541957,27.522319793701172,5153000,0.0,0.0
2024-07-10 00:00:00+08:00,27.47453944377767,28.907993675626937,27.426758365141886,28.62130355834961,2443000,0.0,0.0
2024-07-11 00:00:00+08:00,29.624719608169155,31.4404296875,28.86021144414761,31.4404296875,12967000,0.0,0.0
2024-07-12 00:00:00+08:00,32.10937390975376,32.53941091609548,31.010394499616798,31.48821258544922,20511000,0.0,0.0
2024-07-15 00:00:00+08:00,31.53599397097931,34.594030479075904,31.10595696046432,34.45068359375,15454000,0.0,0.0
2024-07-16 00:00:00+08:00,34.49846285065966,37.84318930719585,33.78173575283048,34.40290069580078,21693000,0.0,0.0
2024-07-17 00:00:00+08:00,34.402901435119,36.2663926586138,34.402901435119,35.40631866455078,12036000,0.0,0.0
2024-07-18 00:00:00+08:00,35.454099743007035,36.69642965564531,34.68959155131914,35.40631866455078,13070000,0.0,0.0
2024-07-19 00:00:00+08:00,35.74079601861269,36.075267236795185,33.112796418581254,33.30392074584961,9389000,0.0,0.0
2024-07-22 00:00:00+08:00,33.638393772487674,35.54966610449876,33.25613784790039,33.25613784790039,11550000,0.0,0.0
2024-07-23 00:00:00+08:00,33.82952116004691,34.11621127588542,31.58377402080959,32.15715789794922,5079000,0.0,0.0
2024-07-26 00:00:00+08:00,31.249302813416765,32.01381100381842,30.293666664049052,30.38922882080078,3162000,0.0,0.0
2024-07-29 00:00:00+08:00,30.771485704010747,31.29708487355811,27.95235824584961,27.95235824584961,5076000,0.0,0.0
2024-07-30 00:00:00+08:00,28.382394342605014,29.00355747465078,27.76122938782795,28.7646484375,2736000,0.0,0.0
2024-07-31 00:00:00+08:00,28.76464687225821,29.4335910462407,28.430173873901367,28.430173873901367,1686000,0.0,0.0
2024-08-01 00:00:00+08:00,28.669084994070186,30.19810322496686,28.669084994070186,29.95919418334961,2259000,0.0,0.0
2024-08-02 00:00:00+08:00,29.099122726410812,30.38923012524967,28.669085711643607,29.29024887084961,1811000,0.0,0.0
2024-08-05 00:00:00+08:00,28.764647122539845,28.764647122539845,26.375556860248018,26.423337936401367,3191000,0.0,0.0
2024-08-06 00:00:00+08:00,27.23563049059728,28.095702667859353,23.986467919423166,26.805593490600586,2533000,0.0,0.0
2024-08-07 00:00:00+08:00,27.426758453071646,29.146902807712998,27.092285433354903,28.525739669799805,2380000,0.0,0.0
2024-08-08 00:00:00+08:00,28.430174726780837,30.054756868832246,28.334610749707593,29.38581085205078,2399000,0.0,0.0
2024-08-09 00:00:00+08:00,30.58035665902759,30.819265695426243,28.860212326049805,28.860212326049805,3912000,0.0,0.0
2024-08-12 00:00:00+08:00,27.7134479240006,28.621302981637957,27.378974912095718,27.4267578125,2491000,0.0,0.0
2024-08-13 00:00:00+08:00,27.331194735290378,29.099122008433728,27.331194735290378,28.28683090209961,1935000,0.0,0.0
2024-08-14 00:00:00+08:00,28.52573958175889,30.05475779379394,28.52573958175889,28.57352066040039,2174000,0.0,0.0
2024-08-15 00:00:00+08:00,29.146903806837667,29.624721902031727,28.525740647631665,29.29024887084961,1952000,0.0,0.0
2024-08-16 00:00:00+08:00,29.624721902031727,29.959194933213844,29.146903806837667,29.29024887084961,2008000,0.0,0.0
2024-08-19 00:00:00+08:00,29.481375275062696,29.815848288512704,28.907993226681437,29.003557205200195,1571000,0.0,0.0
2024-08-20 00:00:00+08:00,29.1946835441229,31.48821175372257,29.1946835441229,30.532575607299805,4278000,0.0,0.0
2024-08-21 00:00:00+08:00,30.96261215674586,32.96944657717127,30.867046356201172,30.867046356201172,7580000,0.0,0.0
2024-08-22 00:00:00+08:00,31.15373719173706,31.631555269189857,30.29366683959961,30.29366683959961,2244000,0.0,0.0
2024-08-23 00:00:00+08:00,30.006974633128507,30.580356685528425,29.624720539105663,30.532575607299805,1420000,0.0,0.0
2024-08-26 00:00:00+08:00,30.907694303165595,31.198819689380453,29.40355110168457,29.40355110168457,1600000,0.486555,0.0
2024-08-27 00:00:00+08:00,29.549113098574885,29.888756587474898,29.209467758756677,29.500591278076172,900000,0.0,0.0
2024-08-28 00:00:00+08:00,30.17988209395129,30.762130986136878,29.743194962082548,30.519527435302734,1380000,0.0,0.0
2024-08-29 00:00:00+08:00,30.519527901167315,30.713609634246264,29.549113683017872,29.69467544555664,1343000,0.0,0.0
2024-08-30 00:00:00+08:00,29.84023799278741,29.985799759153938,29.597634431870443,29.646154403686523,620000,0.0,0.0
2024-09-02 00:00:00+08:00,29.69467461090174,30.47100522323298,29.69467461090174,29.743194580078125,1214000,0.0,0.0
2024-09-03 00:00:00+08:00,29.8402368705615,30.37396394413922,29.20946800608287,29.25798797607422,916000,0.0,0.0
2024-09-04 00:00:00+08:00,28.627220414642593,29.160947512514376,27.074557242308828,28.38461685180664,1395000,0.0,0.0
2024-09-05 00:00:00+08:00,28.675740088571075,28.91834364888358,27.559764081317194,27.608285903930664,1223000,0.0,0.0
2024-09-06 00:00:00+08:00,27.94792806317529,28.4816569807383,27.462720965891563,28.142011642456055,588000,0.0,0.0
2024-09-09 00:00:00+08:00,27.753847931315008,28.336096851732194,27.46272254564727,28.044971466064453,417000,0.0,0.0
2024-09-10 00:00:00+08:00,28.33609625057761,28.33609625057761,27.07455664128442,27.171598434448242,729000,0.0,0.0
2024-09-11 00:00:00+08:00,27.656805549349105,27.753847342512927,27.171598434448242,27.171598434448242,498000,0.0,0.0
2024-09-12 00:00:00+08:00,27.65680469932637,27.65680469932637,27.171597599338185,27.220117568969727,573000,0.0,0.0
2024-09-13 00:00:00+08:00,27.462722546235074,27.656806136684388,27.171599011479397,27.36568260192871,526000,0.0,0.0
2024-09-16 00:00:00+08:00,27.55976320531115,27.55976320531115,27.220117861485843,27.31715965270996,635000,0.0,0.0
2024-09-18 00:00:00+08:00,27.365682089807787,28.82130343818228,27.365682089807787,27.850889205932617,1058000,0.0,0.0
2024-09-19 00:00:00+08:00,28.33609576903669,28.33609576903669,27.608285109053742,27.996450424194336,733000,0.0,0.0
2024-09-20 00:00:00+08:00,28.0934924701104,28.38461599637257,27.656805329798914,27.753847122192383,703000,0.0,0.0
2024-09-23 00:00:00+08:00,27.753846238886606,27.802366208080002,27.46272087097168,27.46272087097168,428000,0.0,0.0
2024-09-24 00:00:00+08:00,27.705324426738983,27.705324426738983,26.97751378311973,27.123077392578125,630000,0.0,0.0
2024-09-25 00:00:00+08:00,27.4142022840262,27.65680584406183,27.220118695630386,27.268640518188477,683000,0.0,0.0
2024-09-26 00:00:00+08:00,27.46272196302146,27.753847342512927,27.171598434448242,27.171598434448242,454000,0.0,0.0
2024-09-27 00:00:00+08:00,27.12307767455146,27.656804745053638,27.12307767455146,27.559762954711914,707000,0.0,0.0
2024-09-30 00:00:00+08:00,27.559762909145093,27.753846489507644,27.171597599338185,27.220117568969727,455000,0.0,0.0
2024-10-01 00:00:00+08:00,27.26863997351995,27.511243528709773,27.17159818126037,27.414201736450195,432000,0.0,0.0
2024-10-04 00:00:00+08:00,27.26863991313805,27.365681705182745,26.395267486572266,26.395267486572266,908000,0.0,0.0
2024-10-07 00:00:00+08:00,26.492308211617306,26.637871829450752,26.298226472703192,26.34674644470215,535000,0.0,0.0
2024-10-08 00:00:00+08:00,26.44378712021302,26.783432462582883,25.813018256336534,25.958580017089844,675000,0.0,0.0
2024-10-09 00:00:00+08:00,26.34674614550304,26.34674614550304,25.521893674459953,25.570415496826172,757000,0.0,0.0
2024-10-11 00:00:00+08:00,25.570416046958258,25.910061407156,25.424854278564453,25.424854278564453,383000,0.0,0.0
2024-10-14 00:00:00+08:00,25.376330797420923,25.473372586983547,25.13372724897346,25.182249069213867,495000,0.0,0.0
2024-10-15 00:00:00+08:00,25.473372586983547,25.71597613543101,25.13372724897346,25.182249069213867,472000,0.0,0.0
2024-10-16 00:00:00+08:00,25.133727485351645,25.424852856777495,25.036685694876365,25.27928924560547,315000,0.0,0.0
2024-10-17 00:00:00+08:00,25.23076927582693,25.521892796334573,25.23076927582693,25.27928924560547,256000,0.0,0.0
2024-10-18 00:00:00+08:00,25.27928925766006,25.27928925766006,24.891123946492034,24.939645767211914,539000,0.0,0.0
2024-10-21 00:00:00+08:00,24.988166616542212,26.34674617890843,24.988166616542212,25.91006088256836,607000,0.0,0.0
2024-10-22 00:00:00+08:00,26.104142881285362,26.104142881285362,25.667457580566406,25.667457580566406,204000,0.0,0.0
2024-10-23 00:00:00+08:00,25.764496519373846,27.365681445629054,25.71597654927081,26.63787078857422,1314000,0.0,0.0
2024-10-24 00:00:00+08:00,26.637870289174842,28.04496975588335,26.637870289174842,27.46272087097168,2468000,0.0,0.0
2024-10-25 00:00:00+08:00,27.656804953562922,27.75384674463626,26.977514266967773,26.977514266967773,986000,0.0,0.0
2024-10-28 00:00:00+08:00,27.268639872275443,27.268639872275443,26.055622100830078,26.055622100830078,918000,0.0,0.0
2024-10-29 00:00:00+08:00,26.104141433866527,26.298225012925624,25.521892547607422,25.521892547607422,396000,0.0,0.0
2024-10-30 00:00:00+08:00,25.71597638954797,25.813018180069527,24.939645767211914,24.939645767211914,912000,0.0,0.0
2024-11-01 00:00:00+08:00,24.697042216367123,25.4248528689015,24.551478605125684,24.939645767211914,352000,0.0,0.0
2024-11-04 00:00:00+08:00,25.08520723145301,25.133727200682003,24.794081863324504,24.84260368347168,418000,0.0,0.0
2024-11-05 00:00:00+08:00,25.133727497336828,25.4248528689015,24.794082155970475,24.939645767211914,252000,0.0,0.0
2024-11-06 00:00:00+08:00,25.08520778028907,25.08520778028907,24.55147885250185,24.69704246520996,442000,0.0,0.0
2024-11-07 00:00:00+08:00,25.18224959707041,25.95858022800803,25.13372777581292,25.376331329345703,727000,0.0,0.0
2024-11-08 00:00:00+08:00,25.376331564629233,25.376331564629233,24.454439163208008,24.454439163208008,698000,0.0,0.0
2024-11-11 00:00:00+08:00,25.327811612479596,25.42485340504752,24.745562707990295,25.13372802734375,469000,0.0,0.0
2024-11-12 00:00:00+08:00,25.133727529045927,26.152663554430482,25.133727529045927,25.618934631347656,890000,0.0,0.0
2024-11-13 00:00:00+08:00,25.27928925766006,25.570414629224732,24.939645767211914,24.939645767211914,760000,0.0,0.0
2024-11-14 00:00:00+08:00,25.133727708320695,25.230769499656866,24.357397079467773,24.357397079467773,614000,0.0,0.0
2024-11-15 00:00:00+08:00,24.114794067692387,24.98816650747887,23.969232302881018,24.211835861206055,768000,0.0,0.0
2024-11-18 00:00:00+08:00,24.163314234575562,24.21183605718428,23.192899993420575,23.289941787719727,818000,0.0,0.0
2024-11-19 00:00:00+08:00,23.386983612853307,23.82366891139783,23.386983612853307,23.629587173461914,273000,0.0,0.0
2024-11-20 00:00:00+08:00,23.72662812894041,24.551478725109195,23.484024576910006,23.6781063079834,337794,0.0,0.0
2024-11-21 00:00:00+08:00,23.678106599532953,23.920710154550537,23.532544836706045,23.775148391723633,212000,0.0,0.0
2024-11-22 00:00:00+08:00,23.969231680970807,24.0177516510096,23.6781063079834,23.6781063079834,198000,0.0,0.0
2024-11-25 00:00:00+08:00,23.823667575990022,24.26035470097484,23.678105817967808,24.163312911987305,363000,0.0,0.0
2024-11-26 00:00:00+08:00,24.16331400467315,24.16331400467315,23.872190475463867,23.872190475463867,188000,0.0,0.0
2024-11-27 00:00:00+08:00,23.920710115218817,24.066271877806383,23.338461213950325,23.435503005981445,311000,0.0,0.0
2024-11-28 00:00:00+08:00,23.38698299583986,23.484024787706726,23.047337649764938,23.095857620239258,482000,0.0,0.0
2024-11-29 00:00:00+08:00,22.901776461441386,23.484025376318037,22.70769287284308,23.289941787719727,353000,0.0,0.0
2024-12-02 00:00:00+08:00,23.726628382074807,23.823668323187697,23.386983035425,23.435503005981445,203000,0.0,0.0
2024-12-03 00:00:00+08:00,23.62958746159176,24.40591812463826,23.62958746159176,23.72662925720215,455000,0.0,0.0
2024-12-04 00:00:00+08:00,23.87218959361643,23.920709563052878,23.532544254806716,23.581064224243164,236000,0.0,0.0
2024-12-05 00:00:00+08:00,23.775148352631252,23.872190144662373,23.435503005981445,23.435503005981445,299000,0.0,0.0
2024-12-06 00:00:00+08:00,23.435502797633443,24.308875216312547,23.435502797633443,24.017751693725586,595000,0.0,0.0
2024-12-09 00:00:00+08:00,24.163313112071506,24.163313112071506,23.581064224243164,23.581064224243164,213000,0.0,0.0
2024-12-10 00:00:00+08:00,23.726629202506246,23.726629202506246,22.901776718096897,23.047338485717773,339000,0.0,0.0
2024-12-11 00:00:00+08:00,22.950295487804524,22.950295487804524,21.979881286621094,21.979881286621094,864000,0.0,0.0
2024-12-12 00:00:00+08:00,22.028404235839844,22.659173128742403,21.931362440565998,22.028404235839844,398000,0.0,0.0
2024-12-13 00:00:00+08:00,22.07692388470253,22.07692388470253,21.591716766357422,21.591716766357422,426000,0.0,0.0
2024-12-16 00:00:00+08:00,21.882840530781458,21.882840530781458,21.00946807861328,21.00946807861328,506000,0.0,0.0
2024-12-17 00:00:00+08:00,20.96094785042365,21.49467493941431,20.96094785042365,21.252071380615234,375000,0.0,0.0
2024-12-18 00:00:00+08:00,21.446153885296162,21.446153885296162,21.106508549941065,21.203550338745117,213000,0.0,0.0
2024-12-19 00:00:00+08:00,21.203550338745117,21.252070307688058,20.815385034447075,21.203550338745117,253000,0.0,0.0
2024-12-20 00:00:00+08:00,21.155029296875,21.446154673993497,21.106509326147705,21.155029296875,242000,0.0,0.0
2024-12-23 00:00:00+08:00,21.155029296875,21.494674644720796,21.106509326147705,21.155029296875,140000,0.0,0.0
2024-12-24 00:00:00+08:00,20.680614471435547,21.058342454408383,20.49175047994913,20.680614471435547,200388,0.0,0.0
2024-12-25 00:00:00+08:00,20.86948088465321,20.86948088465321,20.586183038756744,20.633399963378906,154144,0.0,0.0
2024-12-26 00:00:00+08:00,20.77504679357883,21.058342785259367,20.77504679357883,20.822263717651367,347339,0.0,0.0
2024-12-27 00:00:00+08:00,21.05834337733429,21.908231376271285,21.011128302852484,21.105560302734375,742978,0.0,0.0
2024-12-30 00:00:00+08:00,20.916696227013684,21.247207299940932,20.775047302246094,20.775047302246094,182918,0.0,0.0
2024-12-31 00:00:00+08:00,20.86947984366717,21.53050194805912,20.822262921400224,21.05834197998047,390500,0.0,0.0
2025-01-02 00:00:00+08:00,20.863906046528868,21.057989633840627,20.572782516479492,20.572782516479492,566000,0.0,0.0
2025-01-03 00:00:00+08:00,20.572782411040034,20.718344175318688,19.408284594974276,19.55384635925293,709000,0.0,0.0
2025-01-06 00:00:00+08:00,19.650887370312102,19.796449128797445,19.40828382253047,19.602367401123047,398000,0.0,0.0
2025-01-07 00:00:00+08:00,19.796449880478576,19.990533466440603,19.16568100247936,19.214200973510742,436000,0.0,0.0
2025-01-08 00:00:00+08:00,20.524261235966996,21.106510162353516,20.475741263317417,21.106510162353516,1084000,0.0,0.0
2025-01-09 00:00:00+08:00,23.192899703979492,23.192899703979492,22.416569061111208,23.192899703979492,2015000,0.0,0.0
2025-01-10 00:00:00+08:00,24.988166742686456,25.133728508867964,23.047338257817604,23.629587173461914,6289000,0.0,0.0
2025-01-13 00:00:00+08:00,23.775148055463955,24.988165813395792,23.095857370654844,23.33846092224121,4877000,0.0,0.0
2025-01-14 00:00:00+08:00,22.804733773936395,22.853253743726427,21.882839540580196,22.31952667236328,1558000,0.0,0.0
2025-01-15 00:00:00+08:00,21.737277701772843,22.271006622126265,21.252070601952386,21.30059242248535,1173000,0.0,0.0
2025-01-16 00:00:00+08:00,21.688758526820873,21.73727849821338,21.15502958691195,21.252071380615234,1039000,0.0,0.0
2025-01-17 00:00:00+08:00,21.34911314038458,21.397633111699967,20.81538605224227,20.912425994873047,585000,0.0,0.0
2025-01-20 00:00:00+08:00,20.912425721626704,21.009467513907772,20.37869864045819,20.475740432739258,809000,0.0,0.0
2025-01-21 00:00:00+08:00,20.669822692871094,20.960948077129647,20.378699159530825,20.669822692871094,660000,0.0,0.0
2025-01-22 00:00:00+08:00,20.81538607516006,20.81538607516006,20.52426069419242,20.572782516479492,596000,0.0,0.0
2025-02-03 00:00:00+08:00,20.281655973172686,20.621301306044103,19.79644888361871,19.844970703125,1655576,0.0,0.0
2025-02-04 00:00:00+08:00,20.08757448886344,20.475739794979244,19.699407331829452,19.9420108795166,1477216,0.0,0.0
2025-02-05 00:00:00+08:00,20.087575881298193,20.42721939086914,19.990534085312934,20.42721939086914,631165,0.0,0.0
2025-02-06 00:00:00+08:00,20.8153866629148,22.465089797973633,20.475741300987938,22.465089797973633,1890424,0.0,0.0
2025-02-07 00:00:00+08:00,22.610651567108484,23.872191218419925,22.222486232442776,22.465089797973633,5238801,0.0,0.0
2025-02-10 00:00:00+08:00,22.02840449056908,22.465089797973633,21.640237304985057,22.465089797973633,1125723,0.0,0.0
2025-02-11 00:00:00+08:00,21.931361316929202,22.416568417520917,21.397632395727392,21.979881286621094,1296405,0.0,0.0
2025-02-12 00:00:00+08:00,21.882839704075234,21.979881495298535,21.15502904627781,21.397632598876953,982223,0.0,0.0
2025-02-13 00:00:00+08:00,21.106509615519442,21.49467493941431,21.057989644126934,21.252071380615234,717004,0.0,0.0
2025-02-14 00:00:00+08:00,21.155028811804655,21.494674151862615,21.10650884218989,21.30059242248535,601050,0.0,0.0
2025-02-17 00:00:00+08:00,20.572782749036527,21.057989871882498,20.52426092620096,20.669822692871094,3896414,0.0,0.0
2025-02-18 00:00:00+08:00,20.76686373230283,21.640236151476095,20.76686373230283,21.397632598876953,1900097,0.0,0.0
2025-02-19 00:00:00+08:00,21.640236737824626,21.834320325529976,21.349113207184867,21.591716766357422,1002176,0.0,0.0
2025-02-20 00:00:00+08:00,21.59171618132355,21.640236151476095,21.252070837501112,21.397632598876953,906401,0.0,0.0
2025-02-21 00:00:00+08:00,21.446155001037543,21.834320325529976,21.446155001037543,21.591716766357422,1160649,0.0,0.0
2025-02-24 00:00:00+08:00,21.834320325529976,22.271007472407884,21.591716766357422,21.591716766357422,1750210,0.0,0.0
2025-02-25 00:00:00+08:00,21.494674431552145,21.785799805783473,21.155029087074706,21.73727798461914,1253583,0.0,0.0
2025-02-26 00:00:00+08:00,21.591716437093627,21.640236407820925,21.057989355420407,21.155029296875,1324937,0.0,0.0
2025-02-27 00:00:00+08:00,21.155029576578244,21.203551398865315,20.572782516479492,20.572782516479492,947065,0.0,0.0
2025-03-03 00:00:00+08:00,20.6698215723085,20.6698215723085,20.13609450647992,20.28165626525879,794305,0.0,0.0
2025-03-04 00:00:00+08:00,20.039053803354985,20.863906282376796,19.69940844717915,20.669822692871094,485384,0.0,0.0
2025-03-05 00:00:00+08:00,20.7183431439159,20.86390490094818,20.475739598556036,20.524259567260742,355844,0.0,0.0
2025-03-06 00:00:00+08:00,20.718344247297345,20.718344247297345,20.184615308530343,20.233137130737305,381193,0.0,0.0
2025-03-07 00:00:00+08:00,20.475740654056672,20.475740654056672,19.893491744995117,19.893491744995117,609486,0.0,0.0
2025-03-10 00:00:00+08:00,19.9420108795166,20.08757448886344,19.796449121087946,19.9420108795166,371592,0.0,0.0
2025-03-11 00:00:00+08:00,19.699407339501153,19.699407339501153,19.31124203323418,19.602367401123047,626523,0.0,0.0
2025-03-12 00:00:00+08:00,19.650887370312102,19.99053270739002,19.602367401123047,19.602367401123047,289774,0.0,0.0
2025-03-13 00:00:00+08:00,19.844972001223503,20.13609553363159,19.214201262808857,19.311243057250977,514626,0.0,0.0
2025-03-14 00:00:00+08:00,19.747930501142218,19.747930501142218,19.311243345102593,19.40828514099121,358657,0.0,0.0
2025-03-17 00:00:00+08:00,19.699408384101183,19.747930206781383,19.311243057250977,19.311243057250977,350014,0.0,0.0
2025-03-18 00:00:00+08:00,19.456803791719523,19.699407339501153,19.31124203323418,19.602367401123047,482059,0.0,0.0
2025-03-19 00:00:00+08:00,19.6508887052536,19.747930501142218,19.40828514099121,19.40828514099121,352486,0.0,0.0
2025-03-20 00:00:00+08:00,19.553845581015814,19.699407339501153,19.40828382253047,19.602367401123047,463530,0.0,0.0
2025-03-21 00:00:00+08:00,19.50532561182676,20.136094465875363,19.40828382253047,19.602367401123047,348002,0.0,0.0
2025-03-24 00:00:00+08:00,19.602368732768443,19.942012242001145,19.40828514099121,19.40828514099121,287265,0.0,0.0
2025-03-25 00:00:00+08:00,19.796449621035894,19.796449621035894,19.456804275512695,19.456804275512695,357784,0.0,0.0
2025-03-26 00:00:00+08:00,19.650887370312102,19.699407339501153,19.456803791719523,19.602367401123047,304585,0.0,0.0
2025-03-27 00:00:00+08:00,19.602368732768443,19.602368732768443,19.311243345102593,19.40828514099121,467648,0.0,0.0
2025-03-28 00:00:00+08:00,19.40828455947277,19.40828455947277,18.486390302530513,19.214200973510742,956104,0.0,0.0
2025-03-31 00:00:00+08:00,19.214201768602216,19.4082853625955,18.437871094465727,18.486391067504883,1335074,0.0,0.0
2025-04-01 00:00:00+08:00,18.534911857873162,18.92307717329558,18.534911857873162,18.777515411376953,337010,0.0,0.0
2025-04-02 00:00:00+08:00,18.631953608377156,18.82603534020133,18.437870025634766,18.437870025634766,399408,0.0,0.0
2025-04-07 00:00:00+08:00,16.594083786010742,16.594083786010742,16.594083786010742,16.594083786010742,123053,0.0,0.0
2025-04-08 00:00:00+08:00,15.041420288342088,15.67218915605666,14.944378496943333,15.478106498718262,1827375,0.0,0.0
2025-04-09 00:00:00+08:00,15.769230627244518,16.011834175355972,14.556212886687248,15.041419982910156,1625099,0.0,0.0
2025-04-10 00:00:00+08:00,16.49704086872183,16.545560836791992,16.10887557140612,16.545560836791992,484148,0.0,0.0
2025-04-11 00:00:00+08:00,16.497042506975053,16.83668786994938,15.817751781026399,16.788166046142578,534965,0.0,0.0
2025-04-14 00:00:00+08:00,17.224851495283087,17.32189328234155,16.545560836791992,16.545560836791992,476665,0.0,0.0
2025-04-15 00:00:00+08:00,16.88520786528323,17.176333255756067,16.78816606845895,17.127811431884766,306625,0.0,0.0
2025-04-16 00:00:00+08:00,17.127810874807466,17.127810874807466,16.594083786010742,16.594083786010742,238795,0.0,0.0
2025-04-17 00:00:00+08:00,16.497042540736803,16.594084337630683,16.30295894694904,16.448522567749023,243061,0.0,0.0
2025-04-18 00:00:00+08:00,16.545561378423976,16.594083199000675,16.399999618530273,16.399999618530273,142486,0.0,0.0
2025-04-21 00:00:00+08:00,16.400000008952922,16.400000008952922,15.866272926330566,15.866272926330566,199002,0.0,0.0
2025-04-22 00:00:00+08:00,15.672188933923778,16.011834273546278,15.575147143900464,15.720710754394531,182119,0.0,0.0
2025-04-23 00:00:00+08:00,16.060354484024682,16.20591809670239,15.76923096050571,15.817750930786133,392002,0.0,0.0
2025-04-24 00:00:00+08:00,16.01183480778752,16.060354778958967,15.86627304335492,15.914793014526367,287002,0.0,0.0
2025-04-25 00:00:00+08:00,16.254438951689043,16.30295892461034,16.060355358167218,16.108877182006836,199109,0.0,0.0
2025-04-28 00:00:00+08:00,16.205918462256918,16.69112557967876,15.914793081252853,16.594083786010742,422476,0.0,0.0
2025-04-29 00:00:00+08:00,16.54556171144742,16.836687088012695,16.44852177017723,16.836687088012695,152536,0.0,0.0
2025-04-30 00:00:00+08:00,16.88520760954167,17.321894763177745,16.691125869750977,16.691125869750977,219182,0.0,0.0
2025-05-02 00:00:00+08:00,16.739644466918516,17.030767978149843,16.739644466918516,16.88520622253418,164947,0.0,0.0
2025-05-05 00:00:00+08:00,16.885206414800717,16.982248203288858,16.108875808731923,16.30295753479004,370051,0.0,0.0
2025-05-06 00:00:00+08:00,16.157396355863646,16.594083494232216,16.108876385341908,16.497041702270508,163141,0.0,0.0
2025-05-07 00:00:00+08:00,16.497042506975053,16.88520784283786,16.44852253408657,16.788166046142578,308000,0.0,0.0
2025-05-08 00:00:00+08:00,16.739644466918516,17.127809765532998,16.739644466918516,16.88520622253418,189853,0.0,0.0
2025-05-09 00:00:00+08:00,17.030769612421622,17.079291436228424,16.739646073254097,16.788166046142578,151497,0.0,0.0
2025-05-12 00:00:00+08:00,16.788166046142578,16.83668786994938,16.69112610036562,16.788166046142578,125100,0.0,0.0
2025-05-13 00:00:00+08:00,17.07929120025066,17.07929120025066,16.64260404661458,16.691125869750977,128324,0.0,0.0
2025-05-14 00:00:00+08:00,16.933728629347456,17.224852150681837,16.691125077929403,17.07929039001465,335297,0.0,0.0
2025-05-15 00:00:00+08:00,17.127810064430275,17.273371822586135,16.739644759041923,16.982248306274414,397201,0.0,0.0
2025-05-16 00:00:00+08:00,17.176332473754883,17.176332473754883,16.93372891819856,17.176332473754883,171402,0.0,0.0
2025-05-19 00:00:00+08:00,17.321894236905027,18.001183081911787,17.176332473754883,17.176332473754883,960001,0.0,0.0
2025-05-20 00:00:00+08:00,17.46745650103779,17.46745650103779,16.982249376008966,17.03076934814453,249670,0.0,0.0
2025-05-21 00:00:00+08:00,17.079290144091768,17.56449723994143,17.079290144091768,17.3218936920166,311187,0.0,0.0
2025-05-22 00:00:00+08:00,17.079291458931788,17.176333255756067,16.836687892330254,17.127811431884766,159463,0.0,0.0
2025-05-23 00:00:00+08:00,17.321894236905027,17.321894236905027,17.127810652092673,17.176332473754883,48412,0.0,0.0
2025-05-26 00:00:00+08:00,17.273372415242818,17.273372415242818,17.030768859686496,17.176332473754883,89011,0.0,0.0
2025-05-27 00:00:00+08:00,17.07929117119839,17.273372910658946,16.982249376008966,17.03076934814453,74101,0.0,0.0
2025-05-28 00:00:00+08:00,17.22485293852338,17.321894733712803,17.03076934814453,17.03076934814453,183000,0.0,0.0
2025-05-29 00:00:00+08:00,17.079291436228424,17.127811409116905,16.594084303670336,16.788166046142578,131113,0.0,0.0
2025-06-02 00:00:00+08:00,16.885206414800717,16.885206414800717,16.30295753479004,16.30295753479004,136452,0.0,0.0
2025-06-03 00:00:00+08:00,16.35148074844996,16.35148074844996,16.108877182006836,16.108877182006836,107001,0.0,0.0
2025-06-04 00:00:00+08:00,16.20591759722006,16.39999932327818,16.15739577751691,16.30295753479004,111135,0.0,0.0
2025-06-05 00:00:00+08:00,16.302957294538366,16.39999908159643,16.205917358398438,16.205917358398438,71004,0.0,0.0
2025-06-06 00:00:00+08:00,16.205918688309875,16.205918688309875,16.0118350982666,16.0118350982666,106486,0.0,0.0
2025-06-09 00:00:00+08:00,16.060354778958967,16.060354778958967,15.914793014526367,15.914793014526367,98316,0.0,0.0
2025-06-10 00:00:00+08:00,15.9633150100708,16.20591857040064,15.9633150100708,15.9633150100708,53180,0.0,0.0
2025-06-11 00:00:00+08:00,15.720711162971583,16.01183468968955,15.720711162971583,15.866272926330566,156504,0.0,0.0
2025-06-12 00:00:00+08:00,15.963314051458793,16.83668644601573,15.91479223175564,16.30295753479004,419012,0.0,0.0
2025-06-13 00:00:00+08:00,16.302958371543845,16.44852198720623,16.108876635524428,16.254438400268555,128410,0.0,0.0
2025-06-16 00:00:00+08:00,16.254438400268555,16.35148019373739,16.108876635524428,16.254438400268555,223583,0.0,0.0
2025-06-17 00:00:00+08:00,16.302958078657397,16.497041662108312,16.011834554399247,16.15739631652832,177119,0.0,0.0
2025-06-18 00:00:00+08:00,16.157396022749097,16.2059178431887,16.011834263266675,16.060354232788086,121000,0.0,0.0
2025-06-19 00:00:00+08:00,16.060354243098836,16.060354243098836,15.720710754394531,15.720710754394531,120050,0.0,0.0
2025-06-20 00:00:00+08:00,15.720711125213029,15.769231095910072,15.18698219295436,15.526627540588379,188101,0.0,0.0
2025-06-23 00:00:00+08:00,15.138462616239957,15.429586149835265,14.94437902656423,15.332545280456543,114000,0.0,0.0
2025-06-24 00:00:00+08:00,15.332544519760376,15.817750693499649,15.332544519760376,15.720710754394531,88000,0.0,0.0
2025-06-25 00:00:00+08:00,15.817751361655226,15.91479315577767,15.575147801808255,15.623669624328613,67791,0.0,0.0
2025-06-26 00:00:00+08:00,15.478107048294781,15.914793274176242,15.332545281487342,15.672189712524414,146465,0.0,0.0
2025-06-27 00:00:00+08:00,15.672188933923778,15.769230723947091,15.526627174347905,15.720710754394531,84001,0.0,0.0
2025-06-30 00:00:00+08:00,15.720711418451057,15.720711418451057,15.52662783020617,15.623669624328613,67598,0.0,0.0
2025-07-01 00:00:00+08:00,15.623669624328613,15.769231390053141,15.52662783020617,15.623669624328613,79025,0.0,0.0
2025-07-02 00:00:00+08:00,15.52662739441764,15.52662739441764,15.381065632778618,15.478106498718262,100224,0.0,0.0
2025-07-03 00:00:00+08:00,15.478106644432216,15.672189303597747,15.429585748276054,15.526627540588379,130116,0.0,0.0
2025-07-04 00:00:00+08:00,15.575147916632918,15.575147916632918,15.138462616239957,15.332545280456543,206019,0.0,0.0
2025-07-07 00:00:00+08:00,15.186982411659626,15.186982411659626,14.750296190883754,14.944378852844238,191002,0.0,0.0
2025-07-08 00:00:00+08:00,14.750296190883754,14.944378852844238,14.556213528923271,14.944378852844238,346348,0.0,0.0
2025-07-09 00:00:00+08:00,14.847337329512811,15.041419982910156,14.750295540084592,15.041419982910156,97210,0.0,0.0
2025-07-10 00:00:00+08:00,15.041420646554046,15.041420646554046,14.798817087738659,14.944378852844238,132150,0.0,0.0
2025-07-11 00:00:00+08:00,14.798817087738659,14.944378852844238,14.653255322633079,14.944378852844238,241034,0.0,0.0
2025-07-14 00:00:00+08:00,14.84733772277832,14.895858618777616,14.653255064240255,14.84733772277832,117162,0.0,0.0
2025-07-15 00:00:00+08:00,14.70177474399847,14.798816534077702,14.70177474399847,14.750295639038086,89011,0.0,0.0
2025-07-16 00:00:00+08:00,14.701775550842285,14.750296448544761,14.653255578598957,14.701775550842285,112236,0.0,0.0
2025-07-17 00:00:00+08:00,14.701775193221017,16.011834772024887,14.65325522215794,15.57514762878418,1129002,0.0,0.0
2025-07-18 00:00:00+08:00,15.86627273885417,16.060354470733458,15.478106498718262,15.478106498718262,426136,0.0,0.0
2025-07-21 00:00:00+08:00,15.478106498718262,15.623669185816393,15.381065632778618,15.478106498718262,134543,0.0,0.0
2025-07-22 00:00:00+08:00,15.672189142504687,15.672189142504687,15.08994117099297,15.13846206665039,613001,0.0,0.0
2025-07-23 00:00:00+08:00,15.186982300217451,15.284024093215166,15.089941432678863,15.235503196716309,181145,0.0,0.0
2025-07-24 00:00:00+08:00,15.284024238586426,15.381066032507137,15.138462473164495,15.284024238586426,70002,0.0,0.0
2025-07-25 00:00:00+08:00,15.284024093215166,15.38106588621288,15.235503196716309,15.235503196716309,80599,0.0,0.0
2025-07-28 00:00:00+08:00,15.13846232917772,15.284024093215166,15.13846232917772,15.235503196716309,74011,0.0,0.0
2025-07-29 00:00:00+08:00,15.186981843476428,15.186981843476428,14.750295639038086,14.750295639038086,198154,0.0,0.0
2025-07-30 00:00:00+08:00,14.798816534077702,14.847337429117317,14.70177474399847,14.750295639038086,93445,0.0,0.0
2025-07-31 00:00:00+08:00,14.798817346247239,14.847338243949714,14.653255578598957,14.701775550842285,72183,0.0,0.0
2025-08-04 00:00:00+08:00,14.75029593077973,14.944378589317795,14.653255064240255,14.84733772277832,70020,0.0,0.0
2025-08-05 00:00:00+08:00,14.895858513822397,15.23550293250612,14.895858513822397,15.13846206665039,96200,0.0,0.0
2025-08-06 00:00:00+08:00,15.138461919967556,15.235502784883018,14.992899234405712,15.089941024780273,98000,0.0,0.0
2025-08-07 00:00:00+08:00,15.041420129592993,15.381065470444861,15.041420129592993,15.089941024780273,145020,0.0,0.0
2025-08-08 00:00:00+08:00,15.089941689362778,15.138462586686988,14.992899894714355,14.992899894714355,158675,0.0,0.0
2025-08-11 00:00:00+08:00,14.89585822422692,15.089940877624265,14.798816434798702,15.041419982910156,123600,0.0,0.0
2025-08-12 00:00:00+08:00,14.992899234405712,15.138461919967556,14.895858369490249,15.089941024780273,132404,0.0,0.0
2025-08-13 00:00:00+08:00,15.089940877624265,15.235502636307501,14.944378193481937,15.041419982910156,169608,0.0,0.0
2025-08-14 00:00:00+08:00,15.08994117099297,15.13846206665039,14.992899379678128,15.13846206665039,125223,0.0,0.0
2025-08-15 00:00:00+08:00,15.284023680070298,15.284023680070298,14.992899234405712,15.089941024780273,143000,0.0,0.0
2025-08-18 00:00:00+08:00,15.089941024780273,15.284023680070298,15.041420129592993,15.089941024780273,102010,0.0,0.0
2025-08-19 00:00:00+08:00,15.138462433745207,16.594083786010742,15.041420640077185,16.594083786010742,1528107,0.0,0.0
2025-08-20 00:00:00+08:00,17.27337163003393,18.24378580814636,17.030768085505827,17.564496994018555,4854304,0.0,0.0
2025-08-21 00:00:00+08:00,17.273372120598165,17.51597567201622,16.691125077929403,17.07929039001465,1238633,0.0,0.0
2025-08-22 00:00:00+08:00,17.03076937711426,17.03076937711426,16.691125869750977,16.691125869750977,374178,0.0,0.0
2025-08-25 00:00:00+08:00,16.885207019199107,16.885207019199107,16.351479939787062,16.497041702270508,399530,0.0,0.0
2025-08-26 00:00:00+08:00,16.594083494232216,16.642603464753954,16.108876385341908,16.497041702270508,361387,0.0,0.0
2025-08-27 00:00:00+08:00,16.49704199234272,16.933729138389687,16.400000198674697,16.594083786010742,326257,0.0,0.0
2025-08-28 00:00:00+08:00,16.691124740385508,16.83668649810901,16.545561131743835,16.642602920532227,208514,0.0,0.0
2025-08-29 00:00:00+08:00,16.691125286193923,16.691125286193923,16.44852173174877,16.497041702270508,157603,0.0,0.0
2025-09-01 00:00:00+08:00,16.497041801498323,16.497041801498323,15.866272926330566,15.866272926330566,317324,0.0,0.0
2025-09-02 00:00:00+08:00,16.20591857040064,16.49704210242914,15.914793187453867,15.9633150100708,232050,0.0,0.0
2025-09-03 00:00:00+08:00,15.963314100849828,16.73964470932062,15.866272312061437,16.642602920532227,469073,0.0,0.0
2025-09-04 00:00:00+08:00,16.83668649810901,16.83668649810901,16.545561131743835,16.642602920532227,255060,0.0,0.0
2025-09-05 00:00:00+08:00,16.64260404661458,17.22485296782325,16.59408407439648,16.691125869750977,247000,0.0,0.0
2025-09-08 00:00:00+08:00,16.642603168659175,16.642603168659175,16.399999618530273,16.399999618530273,188548,0.0,0.0
2025-09-09 00:00:00+08:00,16.400000456145406,16.49704225133693,16.30295866095388,16.35148048400879,161162,0.0,0.0
2025-09-10 00:00:00+08:00,16.448521439106973,16.545561378423976,16.35147964887177,16.399999618530273,123920,0.0,0.0
2025-09-11 00:00:00+08:00,16.39999932327818,16.54556108055131,16.108875808731923,16.30295753479004,344001,0.0,0.0
2025-09-12 00:00:00+08:00,16.302958078657397,16.35147989997924,16.15739631652832,16.15739631652832,156112,0.0,0.0
2025-09-15 00:00:00+08:00,16.157396747783707,16.20591857040064,15.914793187453867,15.9633150100708,162001,0.0,0.0
2025-09-16 00:00:00+08:00,16.20591897876775,16.254438951689043,16.011835385245924,16.108877182006836,194488,0.0,0.0
2025-09-17 00:00:00+08:00,16.108877182006836,16.400000721371253,16.060355358167218,16.108877182006836,143185,0.0,0.0
2025-09-18 00:00:00+08:00,16.20591897876775,16.254438951689043,16.108877182006836,16.108877182006836,156754,0.0,0.0
2025-09-19 00:00:00+08:00,16.30295892461034,16.35148074844996,16.108877182006836,16.108877182006836,135114,0.0,0.0
2025-09-22 00:00:00+08:00,16.15739715492813,16.35148074844996,16.108877182006836,16.108877182006836,212877,0.0,0.0
2025-09-23 00:00:00+08:00,16.30295782829507,16.448521439106973,16.25443785863657,16.399999618530273,323350,0.0,0.0
2025-09-24 00:00:00+08:00,16.399999618530273,16.450000762939453,16.25,16.25,443387,0.5,0.0
2025-09-25 00:00:00+08:00,16.25,16.5,16.25,16.5,161630,0.0,0.0
2025-09-26 00:00:00+08:00,16.5,16.549999237060547,16.100000381469727,16.5,509439,0.0,0.0
2025-09-30 00:00:00+08:00,16.450000762939453,17.5,16.450000762939453,17.5,552032,0.0,0.0
2025-10-01 00:00:00+08:00,17.25,17.399999618530273,16.799999237060547,16.799999237060547,431324,0.0,0.0
2025-10-02 00:00:00+08:00,16.850000381469727,16.950000762939453,16.350000381469727,16.350000381469727,264053,0.0,0.0
2025-10-03 00:00:00+08:00,16.399999618530273,16.399999618530273,16.25,16.299999237060547,158000,0.0,0.0
2025-10-07 00:00:00+08:00,16.399999618530273,16.399999618530273,16.100000381469727,16.100000381469727,207466,0.0,0.0
2025-10-08 00:00:00+08:00,16.149999618530273,16.200000762939453,16.049999237060547,16.100000381469727,161156,0.0,0.0
2025-10-09 00:00:00+08:00,16.0,16.100000381469727,15.949999809265137,15.949999809265137,299597,0.0,0.0
2025-10-13 00:00:00+08:00,15.399999618530273,15.600000381469727,15.399999618530273,15.550000190734863,209285,0.0,0.0
2025-10-14 00:00:00+08:00,15.550000190734863,15.649999618530273,15.100000381469727,15.300000190734863,229596,0.0,0.0
2025-10-15 00:00:00+08:00,15.649999618530273,15.649999618530273,15.25,15.300000190734863,145345,0.0,0.0
2025-10-16 00:00:00+08:00,15.350000381469727,15.600000381469727,15.300000190734863,15.300000190734863,126003,0.0,0.0
2025-10-17 00:00:00+08:00,15.300000190734863,15.350000381469727,15.199999809265137,15.199999809265137,161381,0.0,0.0
2025-10-20 00:00:00+08:00,15.25,15.449999809265137,15.149999618530273,15.199999809265137,178062,0.0,0.0
2025-10-21 00:00:00+08:00,15.25,15.350000381469727,15.149999618530273,15.300000190734863,161100,0.0,0.0
2025-10-22 00:00:00+08:00,15.350000381469727,15.600000381469727,15.350000381469727,15.5,165174,0.0,0.0
2025-10-23 00:00:00+08:00,15.5,15.649999618530273,15.5,15.550000190734863,139676,0.0,0.0
2025-10-27 00:00:00+08:00,15.649999618530273,15.649999618530273,15.449999809265137,15.5,111559,0.0,0.0
2025-10-28 00:00:00+08:00,15.449999809265137,15.449999809265137,15.25,15.25,138490,0.0,0.0
2025-10-29 00:00:00+08:00,15.25,15.350000381469727,15.199999809265137,15.199999809265137,120716,0.0,0.0
2025-10-30 00:00:00+08:00,15.199999809265137,15.25,15.100000381469727,15.149999618530273,206000,0.0,0.0
2025-10-31 00:00:00+08:00,15.199999809265137,15.300000190734863,15.149999618530273,15.199999809265137,79662,0.0,0.0
2025-11-03 00:00:00+08:00,15.199999809265137,15.699999809265137,15.199999809265137,15.699999809265137,322121,0.0,0.0
2025-11-04 00:00:00+08:00,15.800000190734863,16.0,15.699999809265137,15.949999809265137,332912,0.0,0.0
2025-11-05 00:00:00+08:00,15.899999618530273,16.149999618530273,15.800000190734863,16.0,312000,0.0,0.0
2025-11-06 00:00:00+08:00,16.100000381469727,16.200000762939453,15.899999618530273,16.0,220079,0.0,0.0
2025-11-07 00:00:00+08:00,15.949999809265137,16.149999618530273,15.899999618530273,16.0,184035,0.0,0.0
2025-11-10 00:00:00+08:00,15.949999809265137,16.0,15.800000190734863,16.0,229195,0.0,0.0
2025-11-11 00:00:00+08:00,16.0,16.049999237060547,15.949999809265137,16.049999237060547,160400,0.0,0.0
2025-11-12 00:00:00+08:00,16.100000381469727,16.450000762939453,16.100000381469727,16.200000762939453,162611,0.0,0.0
2025-11-13 00:00:00+08:00,16.149999618530273,16.149999618530273,15.949999809265137,16.0,239422,0.0,0.0
2025-11-14 00:00:00+08:00,15.899999618530273,16.299999237060547,15.899999618530273,16.049999237060547,151001,0.0,0.0
2025-11-17 00:00:00+08:00,16.0,16.149999618530273,15.949999809265137,16.049999237060547,115826,0.0,0.0
2025-11-18 00:00:00+08:00,15.800000190734863,16.100000381469727,15.800000190734863,16.100000381469727,253281,0.0,0.0
2025-11-19 00:00:00+08:00,16.25,16.899999618530273,16.100000381469727,16.100000381469727,357370,0.0,0.0
2025-11-20 00:00:00+08:00,16.200000762939453,16.299999237060547,16.0,16.0,207104,0.0,0.0
2025-11-21 00:00:00+08:00,16.049999237060547,16.149999618530273,15.800000190734863,15.949999809265137,175061,0.0,0.0
2025-11-24 00:00:00+08:00,16.100000381469727,16.200000762939453,15.899999618530273,16.0,84137,0.0,0.0
2025-11-25 00:00:00+08:00,16.100000381469727,16.100000381469727,15.850000381469727,15.850000381469727,96031,0.0,0.0
2025-11-26 00:00:00+08:00,15.899999618530273,16.100000381469727,15.850000381469727,15.850000381469727,77221,0.0,0.0
2025-11-27 00:00:00+08:00,15.899999618530273,15.949999809265137,15.800000190734863,15.899999618530273,73187,0.0,0.0
2025-11-28 00:00:00+08:00,16.0,16.100000381469727,15.800000190734863,15.800000190734863,166324,0.0,0.0
2025-12-01 00:00:00+08:00,15.800000190734863,15.800000190734863,15.5,15.5,272294,0.0,0.0
2025-12-02 00:00:00+08:00,15.550000190734863,15.600000381469727,15.449999809265137,15.5,92766,0.0,0.0
2025-12-03 00:00:00+08:00,15.5,15.600000381469727,15.5,15.5,64000,0.0,0.0
2025-12-04 00:00:00+08:00,15.5,15.699999809265137,15.5,15.649999618530273,68051,0.0,0.0
2025-12-05 00:00:00+08:00,15.600000381469727,15.649999618530273,15.5,15.5,44142,0.0,0.0
2025-12-08 00:00:00+08:00,15.550000190734863,15.550000190734863,15.25,15.25,135338,0.0,0.0
2025-12-09 00:00:00+08:00,15.399999618530273,15.399999618530273,15.25,15.300000190734863,87346,0.0,0.0
2025-12-10 00:00:00+08:00,15.350000381469727,15.5,15.350000381469727,15.399999618530273,107006,0.0,0.0
2025-12-11 00:00:00+08:00,15.399999618530273,15.399999618530273,15.199999809265137,15.25,185038,0.0,0.0
2025-12-12 00:00:00+08:00,15.25,15.399999618530273,15.25,15.25,142612,0.0,0.0
2025-12-15 00:00:00+08:00,15.25,15.300000190734863,15.100000381469727,15.25,74486,0.0,0.0
2025-12-16 00:00:00+08:00,15.300000190734863,15.300000190734863,15.100000381469727,15.149999618530273,111001,0.0,0.0
2025-12-17 00:00:00+08:00,15.350000381469727,15.350000381469727,15.100000381469727,15.100000381469727,134532,0.0,0.0
2025-12-18 00:00:00+08:00,15.199999809265137,15.199999809265137,15.0,15.149999618530273,130006,0.0,0.0
2025-12-19 00:00:00+08:00,15.199999809265137,15.199999809265137,15.100000381469727,15.149999618530273,131738,0.0,0.0
2025-12-22 00:00:00+08:00,15.300000190734863,15.300000190734863,15.149999618530273,15.199999809265137,61001,0.0,0.0
2025-12-23 00:00:00+08:00,15.300000190734863,15.300000190734863,15.050000190734863,15.100000381469727,119398,0.0,0.0
2025-12-24 00:00:00+08:00,15.25,15.25,15.100000381469727,15.149999618530273,184182,0.0,0.0
2025-12-26 00:00:00+08:00,15.199999809265137,15.199999809265137,15.149999618530273,15.149999618530273,111526,0.0,0.0
2025-12-29 00:00:00+08:00,15.149999618530273,15.199999809265137,15.100000381469727,15.149999618530273,211487,0.0,0.0
2025-12-30 00:00:00+08:00,15.149999618530273,15.149999618530273,15.050000190734863,15.050000190734863,243184,0.0,0.0
2025-12-31 00:00:00+08:00,15.050000190734863,15.5,15.050000190734863,15.5,356032,0.0,0.0
2026-01-02 00:00:00+08:00,15.399999618530273,15.449999809265137,14.949999809265137,15.199999809265137,482776,0.0,0.0
2026-01-05 00:00:00+08:00,15.100000381469727,15.199999809265137,14.699999809265137,14.699999809265137,596364,0.0,0.0
2026-01-06 00:00:00+08:00,14.649999618530273,14.800000190734863,14.550000190734863,14.649999618530273,230620,0.0,0.0
2026-01-07 00:00:00+08:00,14.649999618530273,14.800000190734863,14.600000381469727,14.800000190734863,167007,0.0,0.0
2026-01-08 00:00:00+08:00,14.800000190734863,14.850000381469727,14.600000381469727,14.600000381469727,313001,0.0,0.0
2026-01-09 00:00:00+08:00,14.800000190734863,14.800000190734863,14.600000381469727,14.600000381469727,360140,0.0,0.0
2026-01-12 00:00:00+08:00,14.899999618530273,14.899999618530273,14.600000381469727,14.699999809265137,491005,0.0,0.0
2026-01-13 00:00:00+08:00,14.699999809265137,14.800000190734863,14.600000381469727,14.75,172331,0.0,0.0
2026-01-14 00:00:00+08:00,14.699999809265137,14.899999618530273,14.699999809265137,14.850000381469727,287102,0.0,0.0
2026-01-15 00:00:00+08:00,14.850000381469727,15.399999618530273,14.850000381469727,15.100000381469727,482928,0.0,0.0
2026-01-16 00:00:00+08:00,15.100000381469727,15.199999809265137,14.949999809265137,14.949999809265137,235002,0.0,0.0
2026-01-19 00:00:00+08:00,14.949999809265137,15.100000381469727,14.899999618530273,15.0,243673,0.0,0.0
2026-01-20 00:00:00+08:00,15.100000381469727,15.149999618530273,14.899999618530273,15.0,210708,0.0,0.0
2026-01-21 00:00:00+08:00,15.050000190734863,15.050000190734863,14.75,14.75,183170,0.0,0.0
2026-01-22 00:00:00+08:00,14.850000381469727,14.850000381469727,14.550000190734863,14.600000381469727,313536,0.0,0.0
2026-01-23 00:00:00+08:00,14.550000190734863,14.800000190734863,14.550000190734863,14.649999618530273,277218,0.0,0.0
2026-01-26 00:00:00+08:00,14.699999809265137,14.850000381469727,14.550000190734863,14.699999809265137,157463,0.0,0.0
2026-01-27 00:00:00+08:00,14.800000190734863,15.100000381469727,14.649999618530273,14.699999809265137,410382,0.0,0.0
2026-01-28 00:00:00+08:00,14.800000190734863,15.050000190734863,14.699999809265137,14.699999809265137,277002,0.0,0.0
2026-01-29 00:00:00+08:00,14.75,14.75,14.5,14.5,340002,0.0,0.0
2026-01-30 00:00:00+08:00,14.5,14.5,14.25,14.25,345027,0.0,0.0
2026-02-02 00:00:00+08:00,14.199999809265137,14.199999809265137,14.0,14.0,387031,0.0,0.0
2026-02-03 00:00:00+08:00,14.149999618530273,14.149999618530273,13.949999809265137,14.0,181222,0.0,0.0
2026-02-04 00:00:00+08:00,14.0,14.25,13.949999809265137,14.149999618530273,113162,0.0,0.0
2026-02-05 00:00:00+08:00,14.050000190734863,14.300000190734863,14.0,14.050000190734863,168115,0.0,0.0
2026-02-06 00:00:00+08:00,14.0,14.0,13.800000190734863,13.800000190734863,257077,0.0,0.0
2026-02-09 00:00:00+08:00,13.800000190734863,13.800000190734863,13.600000381469727,13.649999618530273,334011,0.0,0.0
2026-02-10 00:00:00+08:00,13.649999618530273,13.75,13.649999618530273,13.75,77663,0.0,0.0
2026-02-11 00:00:00+08:00,13.75,13.800000190734863,13.649999618530273,13.699999809265137,158548,0.0,0.0
2026-02-23 00:00:00+08:00,13.800000190734863,13.949999809265137,13.699999809265137,13.800000190734863,204524,0.0,0.0
2026-02-24 00:00:00+08:00,13.850000381469727,14.300000190734863,13.800000190734863,14.100000381469727,230329,0.0,0.0
2026-02-25 00:00:00+08:00,14.050000190734863,14.050000190734863,13.850000381469727,13.899999618530273,202408,0.0,0.0
2026-02-26 00:00:00+08:00,13.850000381469727,14.0,13.850000381469727,13.850000381469727,135329,0.0,0.0
2026-03-02 00:00:00+08:00,13.800000190734863,13.899999618530273,13.699999809265137,13.899999618530273,103507,0.0,0.0
2026-03-03 00:00:00+08:00,13.899999618530273,13.899999618530273,13.75,13.800000190734863,153400,0.0,0.0
2026-03-04 00:00:00+08:00,13.649999618530273,13.649999618530273,13.100000381469727,13.199999809265137,337003,0.0,0.0
2026-03-05 00:00:00+08:00,13.5,13.600000381469727,13.399999618530273,13.399999618530273,136101,0.0,0.0
2026-03-06 00:00:00+08:00,13.399999618530273,13.449999809265137,13.199999809265137,13.300000190734863,167252,0.0,0.0
2026-03-09 00:00:00+08:00,13.25,13.25,12.149999618530273,12.75,420028,0.0,0.0
2026-03-10 00:00:00+08:00,12.75,13.0,12.699999809265137,12.850000381469727,150017,0.0,0.0
2026-03-11 00:00:00+08:00,13.0,13.199999809265137,13.0,13.100000381469727,164005,0.0,0.0
2026-03-12 00:00:00+08:00,13.100000381469727,13.100000381469727,12.800000190734863,12.850000381469727,157475,0.0,0.0
2026-03-13 00:00:00+08:00,12.850000381469727,12.850000381469727,12.75,12.75,121007,0.0,0.0
2026-03-16 00:00:00+08:00,12.649999618530273,13.899999618530273,12.649999618530273,13.899999618530273,253564,0.0,0.0
2026-03-17 00:00:00+08:00,13.899999618530273,13.899999618530273,13.550000190734863,13.550000190734863,315658,0.0,0.0
2026-03-18 00:00:00+08:00,13.550000190734863,13.600000381469727,13.350000381469727,13.350000381469727,143169,0.0,0.0
2026-03-19 00:00:00+08:00,13.5,13.5,13.300000190734863,13.350000381469727,87039,0.0,0.0
2026-03-20 00:00:00+08:00,13.449999809265137,13.449999809265137,13.25,13.399999618530273,78135,0.0,0.0
2026-03-23 00:00:00+08:00,13.25,13.25,13.050000190734863,13.100000381469727,113656,0.0,0.0
2026-03-24 00:00:00+08:00,13.300000190734863,13.300000190734863,12.800000190734863,13.100000381469727,230666,0.0,0.0
2026-03-25 00:00:00+08:00,13.100000381469727,13.25,13.050000190734863,13.100000381469727,144006,0.0,0.0
2026-03-26 00:00:00+08:00,13.0,13.100000381469727,12.949999809265137,12.949999809265137,163393,0.0,0.0
2026-03-27 00:00:00+08:00,12.949999809265137,12.949999809265137,12.800000190734863,12.899999618530273,76004,0.0,0.0
2026-03-30 00:00:00+08:00,12.800000190734863,13.100000381469727,12.75,12.75,90794,0.0,0.0
2026-03-31 00:00:00+08:00,12.850000381469727,12.850000381469727,12.649999618530273,12.75,67289,0.0,0.0
2026-04-01 00:00:00+08:00,12.75,12.949999809265137,12.75,12.75,79022,0.0,0.0
2026-04-02 00:00:00+08:00,12.75,12.850000381469727,12.699999809265137,12.75,56003,0.0,0.0
2026-04-07 00:00:00+08:00,12.5,12.850000381469727,12.399999618530273,12.399999618530273,259007,0.0,0.0
2026-04-08 00:00:00+08:00,12.449999809265137,12.600000381469727,12.399999618530273,12.5,167680,0.0,0.0
2026-04-09 00:00:00+08:00,12.449999809265137,12.550000190734863,12.399999618530273,12.449999809265137,114490,0.0,0.0
2026-04-10 00:00:00+08:00,12.5,12.550000190734863,12.399999618530273,12.449999809265137,98484,0.0,0.0
2026-04-13 00:00:00+08:00,12.449999809265137,12.449999809265137,12.25,12.399999618530273,96002,0.0,0.0
2026-04-14 00:00:00+08:00,12.399999618530273,12.5,12.25,12.25,202002,0.0,0.0
2026-04-15 00:00:00+08:00,12.25,12.300000190734863,12.199999809265137,12.25,169396,0.0,0.0
2026-04-16 00:00:00+08:00,12.350000381469727,12.399999618530273,12.25,12.350000381469727,205146,0.0,0.0
2026-04-17 00:00:00+08:00,12.25,12.649999618530273,12.25,12.600000381469727,287311,0.0,0.0
2026-04-20 00:00:00+08:00,12.649999618530273,12.800000190734863,12.5,12.5,662677,0.0,0.0
2026-04-21 00:00:00+08:00,12.5,12.5,12.399999618530273,12.449999809265137,113581,0.0,0.0
2026-04-22 00:00:00+08:00,12.449999809265137,12.449999809265137,12.25,12.25,178102,0.0,0.0
2026-04-23 00:00:00+08:00,12.300000190734863,12.300000190734863,11.899999618530273,11.899999618530273,371404,0.0,0.0
2026-04-24 00:00:00+08:00,11.800000190734863,12.0,11.75,11.800000190734863,389178,0.0,0.0
2026-04-27 00:00:00+08:00,11.800000190734863,11.800000190734863,11.399999618530273,11.5,321002,0.0,0.0
2026-04-28 00:00:00+08:00,11.5,11.5,11.300000190734863,11.449999809265137,199409,0.0,0.0
2026-04-29 00:00:00+08:00,11.350000381469727,11.699999809265137,11.350000381469727,11.649999618530273,144348,0.0,0.0
2026-04-30 00:00:00+08:00,11.800000190734863,11.800000190734863,11.600000381469727,11.649999618530273,123439,0.0,0.0
2026-05-04 00:00:00+08:00,11.800000190734863,11.800000190734863,11.600000381469727,11.649999618530273,144463,0.0,0.0
2026-05-05 00:00:00+08:00,11.75,11.75,11.550000190734863,11.600000381469727,68507,0.0,0.0
2026-05-06 00:00:00+08:00,11.649999618530273,11.649999618530273,11.399999618530273,11.449999809265137,117011,0.0,0.0
2026-05-07 00:00:00+08:00,11.449999809265137,11.649999618530273,11.399999618530273,11.5,242323,0.0,0.0
2026-05-08 00:00:00+08:00,11.600000381469727,11.600000381469727,11.399999618530273,11.449999809265137,152967,0.0,0.0
2026-05-11 00:00:00+08:00,11.399999618530273,11.550000190734863,11.350000381469727,11.449999809265137,155003,0.0,0.0
2026-05-12 00:00:00+08:00,11.5,11.649999618530273,11.399999618530273,11.449999809265137,218004,0.0,0.0
2026-05-13 00:00:00+08:00,11.399999618530273,11.5,11.350000381469727,11.399999618530273,124172,0.0,0.0
2026-05-14 00:00:00+08:00,11.449999809265137,11.5,11.149999618530273,11.25,347001,0.0,0.0
2026-05-15 00:00:00+08:00,11.199999809265137,11.300000190734863,11.0,11.050000190734863,327165,0.0,0.0
2026-05-18 00:00:00+08:00,10.350000381469727,11.350000381469727,10.350000381469727,11.25,477003,0.0,0.0
2026-05-19 00:00:00+08:00,11.25,11.550000190734863,11.25,11.449999809265137,248317,0.0,0.0
2026-05-20 00:00:00+08:00,11.550000190734863,11.850000381469727,11.5,11.800000190734863,155699,0.0,0.0
2026-05-21 00:00:00+08:00,11.800000190734863,11.800000190734863,11.550000190734863,11.600000381469727,116328,0.0,0.0
2026-05-22 00:00:00+08:00,11.600000381469727,11.75,11.399999618530273,11.5,158101,0.0,0.0
2026-05-25 00:00:00+08:00,11.5,11.5,11.149999618530273,11.25,215977,0.0,0.0
2026-05-26 00:00:00+08:00,11.25,11.5,11.100000381469727,11.25,265025,0.0,0.0
2026-05-27 00:00:00+08:00,11.350000381469727,11.5,11.199999809265137,11.199999809265137,188005,0.0,0.0
2026-05-28 00:00:00+08:00,11.199999809265137,11.300000190734863,11.100000381469727,11.149999618530273,211594,0.0,0.0
2026-05-29 00:00:00+08:00,11.199999809265137,11.300000190734863,11.0,11.199999809265137,308447,0.0,0.0
2026-06-01 00:00:00+08:00,11.199999809265137,11.550000190734863,11.199999809265137,11.5,307400,0.0,0.0
2026-06-02 00:00:00+08:00,11.5,11.5,11.25,11.300000190734863,192526,0.0,0.0
2026-06-03 00:00:00+08:00,11.399999618530273,11.449999809265137,11.25,11.449999809265137,304067,0.0,0.0
2026-06-04 00:00:00+08:00,11.449999809265137,11.949999809265137,11.449999809265137,11.899999618530273,401604,0.0,0.0
2026-06-05 00:00:00+08:00,12.0,13.050000190734863,11.800000190734863,13.050000190734863,1359102,0.0,0.0
2026-06-08 00:00:00+08:00,11.75,12.5,11.75,12.0,1581030,0.0,0.0
2026-06-09 00:00:00+08:00,12.199999809265137,12.550000190734863,12.050000190734863,12.300000190734863,693049,0.0,0.0
2026-06-10 00:00:00+08:00,12.300000190734863,12.399999618530273,12.149999618530273,12.149999618530273,293303,0.0,0.0
2026-06-11 00:00:00+08:00,12.0,12.199999809265137,11.949999809265137,12.0,268001,0.0,0.0
2026-06-12 00:00:00+08:00,12.199999809265137,12.25,12.100000381469727,12.199999809265137,161862,0.0,0.0
2026-06-15 00:00:00+08:00,12.199999809265137,12.350000381469727,12.149999618530273,12.25,188003,0.0,0.0
2026-06-16 00:00:00+08:00,12.350000381469727,12.350000381469727,12.100000381469727,12.100000381469727,169251,0.0,0.0
2026-06-17 00:00:00+08:00,12.100000381469727,12.300000190734863,12.050000190734863,12.149999618530273,137716,0.0,0.0
2026-06-18 00:00:00+08:00,12.149999618530273,12.300000190734863,12.100000381469727,12.149999618530273,166127,0.0,0.0
2026-06-22 00:00:00+08:00,12.100000381469727,12.149999618530273,12.050000190734863,12.050000190734863,155000,0.0,0.0
2026-06-23 00:00:00+08:00,12.050000190734863,12.050000190734863,11.75,11.800000190734863,358165,0.0,0.0
2026-06-24 00:00:00+08:00,11.800000190734863,11.899999618530273,11.75,11.899999618530273,163159,0.0,0.0
2026-06-25 00:00:00+08:00,11.899999618530273,11.899999618530273,11.550000190734863,11.550000190734863,420197,0.0,0.0
2026-06-26 00:00:00+08:00,11.449999809265137,11.449999809265137,10.899999618530273,11.25,709000,0.0,0.0
2026-06-29 00:00:00+08:00,11.149999618530273,11.300000190734863,11.100000381469727,11.300000190734863,191001,0.0,0.0
2026-06-30 00:00:00+08:00,11.300000190734863,11.449999809265137,11.300000190734863,11.300000190734863,142000,0.0,0.0
2026-07-01 00:00:00+08:00,11.350000381469727,12.300000190734863,11.149999618530273,11.75,583575,0.0,0.0
2026-07-02 00:00:00+08:00,11.75,11.800000190734863,11.600000381469727,11.649999618530273,141000,0.0,0.0
2026-07-03 00:00:00+08:00,11.649999618530273,12.800000190734863,11.649999618530273,12.800000190734863,1012001,0.0,0.0
2026-07-06 00:00:00+08:00,13.100000381469727,13.100000381469727,12.449999809265137,12.5,837325,0.0,0.0
2026-07-07 00:00:00+08:00,12.550000190734863,12.699999809265137,12.050000190734863,12.149999618530273,392030,0.0,0.0
2026-07-08 00:00:00+08:00,12.100000381469727,12.300000190734863,12.0,12.050000190734863,211000,0.0,0.0
2026-07-09 00:00:00+08:00,12.149999618530273,12.199999809265137,11.899999618530273,12.0,156569,0.0,0.0
2026-07-10 00:00:00+08:00,12.0,12.0,12.0,12.0,0,0.0,0.0
2026-07-13 00:00:00+08:00,12.100000381469727,12.149999618530273,11.850000381469727,11.899999618530273,190060,0.0,0.0
2026-07-14 00:00:00+08:00,11.949999809265137,11.949999809265137,11.800000190734863,11.949999809265137,244740,0.0,0.0
2026-07-15 00:00:00+08:00,12.0,12.350000381469727,12.0,12.199999809265137,255438,0.0,0.0
2026-07-16 00:00:00+08:00,12.300000190734863,12.300000190734863,12.050000190734863,12.100000381469727,117002,0.0,0.0
2026-07-17 00:00:00+08:00,12.199999809265137,12.199999809265137,11.600000381469727,11.75,374006,0.0,0.0
2026-07-20 00:00:00+08:00,11.550000190734863,11.649999618530273,11.399999618530273,11.449999809265137,245739,0.0,0.0
2026-07-21 00:00:00+08:00,11.550000190734863,11.649999618530273,11.449999809265137,11.5,139131,0.0,0.0
2026-07-22 00:00:00+08:00,11.550000190734863,11.649999618530273,11.550000190734863,11.600000381469727,101151,0.0,0.0
2026-07-23 00:00:00+08:00,11.600000381469727,11.600000381469727,11.149999618530273,11.399999618530273,301000,0.0,0.0
2026-07-24 00:00:00+08:00,11.5,11.699999809265137,11.449999809265137,11.649999618530273,98000,0.0,0.0
2026-07-27 00:00:00+08:00,11.649999618530273,11.649999618530273,11.399999618530273,11.5,84050,0.0,0.0
2026-07-28 00:00:00+08:00,11.600000381469727,11.600000381469727,11.100000381469727,11.199999809265137,246004,0.0,0.0
2026-07-29 00:00:00+08:00,11.25,11.300000190734863,11.100000381469727,11.199999809265137,224000,0.0,0.0
2026-07-30 00:00:00+08:00,11.100000381469727,11.199999809265137,11.100000381469727,11.149999618530273,85000,0.0,0.0
2026-07-31 00:00:00+08:00,11.600000381469727,11.600000381469727,11.199999809265137,11.25,168163,0.0,0.0
2026-08-03 00:00:00+08:00,11.199999809265137,11.350000381469727,11.199999809265137,11.300000190734863,112001,0.0,0.0
2026-08-04 00:00:00+08:00,11.300000190734863,11.449999809265137,11.25,11.300000190734863,67078,0.0,0.0
2026-08-05 00:00:00+08:00,11.25,11.25,11.149999618530273,11.149999618530273,315997,0.0,0.0
2026-08-06 00:00:00+08:00,11.199999809265137,11.25,11.149999618530273,11.199999809265137,63000,0.0,0.0
2026-08-07 00:00:00+08:00,11.199999809265137,11.449999809265137,11.199999809265137,11.25,263100,0.0,0.0
2026-08-10 00:00:00+08:00,11.25,11.350000381469727,11.199999809265137,11.300000190734863,143224,0.0,0.0
2026-08-11 00:00:00+08:00,11.300000190734863,11.350000381469727,11.199999809265137,11.300000190734863,35098,0.0,0.0
2026-08-12 00:00:00+08:00,11.25,11.25,11.100000381469727,11.199999809265137,177301,0.0,0.0
2026-08-13 00:00:00+08:00,11.25,11.25,11.149999618530273,11.199999809265137,63000,0.0,0.0
2026-08-14 00:00:00+08:00,11.199999809265137,11.199999809265137,11.050000190734863,11.100000381469727,144273,0.0,0.0
2026-08-17 00:00:00+08:00,11.149999618530273,11.149999618530273,11.0,11.100000381469727,114969,0.0,0.0
2026-08-18 00:00:00+08:00,11.100000381469727,11.449999809265137,11.050000190734863,11.399999618530273,324043,0.0,0.0
2026-08-19 00:00:00+08:00,11.25,11.449999809265137,11.25,11.25,114083,0.0,0.0
2026-08-20 00:00:00+08:00,11.25,11.300000190734863,11.149999618530273,11.25,69353,0.0,0.0
2026-08-21 00:00:00+08:00,11.199999809265137,11.350000381469727,11.149999618530273,11.25,119620,0.0,0.0
2026-08-24 00:00:00+08:00,11.350000381469727,11.449999809265137,11.199999809265137,11.300000190734863,105000,0.0,0.0
2026-08-25 00:00:00+08:00,11.300000190734863,11.350000381469727,11.199999809265137,11.199999809265137,118001,0.0,0.0
2026-08-26 00:00:00+08:00,11.199999809265137,11.300000190734863,11.199999809265137,11.300000190734863,103669,0.0,0.0
2026-08-27 00:00:00+08:00,11.300000190734863,11.350000381469727,11.25,11.300000190734863,100000,0.0,0.0
2026-08-28 00:00:00+08:00,11.350000381469727,11.550000190734863,11.199999809265137,11.25,256000,0.0,0.0
2026-08-31 00:00:00+08:00,11.25,11.350000381469727,11.149999618530273,11.199999809265137,83437,0.0,0.0
2026-09-01 00:00:00+08:00,11.350000381469727,11.350000381469727,11.149999618530273,11.199999809265137,82497,0.0,0.0
2026-09-02 00:00:00+08:00,11.199999809265137,11.25,11.100000381469727,11.100000381469727,131272,0.0,0.0
2026-09-03 00:00:00+08:00,11.149999618530273,11.199999809265137,10.949999809265137,11.0,235808,0.0,0.0
2026-09-04 00:00:00+08:00,11.0,11.149999618530273,11.0,11.149999618530273,130001,0.0,0.0
2026-09-07 00:00:00+08:00,11.149999618530273,11.149999618530273,10.949999809265137,11.0,163001,0.0,0.0
2026-09-08 00:00:00+08:00,11.050000190734863,11.050000190734863,10.949999809265137,11.0,165743,0.0,0.0
2026-09-09 00:00:00+08:00,11.100000381469727,11.100000381469727,10.949999809265137,11.050000190734863,157000,0.0,0.0
2026-09-10 00:00:00+08:00,11.0,11.050000190734863,10.899999618530273,11.0,76035,0.0,0.0
2026-09-11 00:00:00+08:00,10.899999618530273,11.050000190734863,10.899999618530273,11.0,95065,0.0,0.0
2026-09-14 00:00:00+08:00,10.850000381469727,11.149999618530273,10.850000381469727,11.050000190734863,159002,0.0,0.0
2026-09-15 00:00:00+08:00,11.050000190734863,11.149999618530273,10.899999618530273,11.050000190734863,83062,0.0,0.0
2026-09-16 00:00:00+08:00,11.100000381469727,11.199999809265137,10.899999618530273,11.100000381469727,120000,0.0,0.0
2026-09-17 00:00:00+08:00,11.149999618530273,11.199999809265137,11.050000190734863,11.149999618530273,113910,0.0,0.0
2026-09-18 00:00:00+08:00,11.199999809265137,11.25,11.149999618530273,11.25,59119,0.0,0.0
